time,model_id,model_name,port_name,data
0,2,coastGuardShip,,The ship will arrive in 72 hours.
0,3,evacueeManager,,OFF SHIP: White;0;Green;475;Yellow;20;Red;5;Black;0;ON SHIP: White;0;Green;0;Yellow;0;Red;0;Evacuees to Transfer;
0,4,helipadManager,,;No helos are at ES
0,5,helicopterQueue,,;No helos are waiting to land
0,7,filterLoc,,
0,8,evacuee,,Evacuee;501;in triage state;R;is at the evacuation site
0,10,filterLoc,,
0,11,evacuee,,Evacuee;500;in triage state;R;is at the evacuation site
0,13,filterLoc,,
0,14,evacuee,,Evacuee;494;in triage state;Y;is at the evacuation site
0,16,filterLoc,,
0,17,evacuee,,Evacuee;492;in triage state;Y;is at the evacuation site
0,19,filterLoc,,
0,20,evacuee,,Evacuee;489;in triage state;Y;is at the evacuation site
0,22,filterLoc,,
0,23,evacuee,,Evacuee;486;in triage state;Y;is at the evacuation site
0,25,filterLoc,,
0,26,evacuee,,Evacuee;484;in triage state;Y;is at the evacuation site
0,28,filterLoc,,
0,29,evacuee,,Evacuee;483;in triage state;Y;is at the evacuation site
0,31,filterLoc,,
0,32,evacuee,,Evacuee;482;in triage state;Y;is at the evacuation site
0,34,filterLoc,,
0,35,evacuee,,Evacuee;499;in triage state;R;is at the evacuation site
0,37,filterLoc,,
0,38,evacuee,,Evacuee;479;in triage state;Y;is at the evacuation site
0,40,filterLoc,,
0,41,evacuee,,Evacuee;478;in triage state;Y;is at the evacuation site
0,43,filterLoc,,
0,44,evacuee,,Evacuee;476;in triage state;G;is at the evacuation site
0,46,filterLoc,,
0,47,evacuee,,Evacuee;475;in triage state;G;is at the evacuation site
0,49,filterLoc,,
0,50,evacuee,,Evacuee;472;in triage state;G;is at the evacuation site
0,52,filterLoc,,
0,53,evacuee,,Evacuee;471;in triage state;G;is at the evacuation site
0,55,filterLoc,,
0,56,evacuee,,Evacuee;468;in triage state;G;is at the evacuation site
0,58,filterLoc,,
0,59,evacuee,,Evacuee;463;in triage state;G;is at the evacuation site
0,61,filterLoc,,
0,62,evacuee,,Evacuee;462;in triage state;G;is at the evacuation site
0,64,filterLoc,,
0,65,evacuee,,Evacuee;461;in triage state;G;is at the evacuation site
0,67,filterLoc,,
0,68,evacuee,,Evacuee;459;in triage state;G;is at the evacuation site
0,70,filterLoc,,
0,71,evacuee,,Evacuee;495;in triage state;Y;is at the evacuation site
0,73,filterLoc,,
0,74,evacuee,,Evacuee;458;in triage state;G;is at the evacuation site
0,76,filterLoc,,
0,77,evacuee,,Evacuee;456;in triage state;G;is at the evacuation site
0,79,filterLoc,,
0,80,evacuee,,Evacuee;455;in triage state;G;is at the evacuation site
0,82,filterLoc,,
0,83,evacuee,,Evacuee;448;in triage state;G;is at the evacuation site
0,85,filterLoc,,
0,86,evacuee,,Evacuee;445;in triage state;G;is at the evacuation site
0,88,filterLoc,,
0,89,evacuee,,Evacuee;442;in triage state;G;is at the evacuation site
0,91,filterLoc,,
0,92,evacuee,,Evacuee;441;in triage state;G;is at the evacuation site
0,94,filterLoc,,
0,95,evacuee,,Evacuee;439;in triage state;G;is at the evacuation site
0,97,filterLoc,,
0,98,evacuee,,Evacuee;437;in triage state;G;is at the evacuation site
0,100,filterLoc,,
0,101,evacuee,,Evacuee;436;in triage state;G;is at the evacuation site
0,103,filterEvac,,
0,104,filterES,,
0,105,helicopter,,Helicopter;3;is unloading people at the FOL;;and has;0;spots taken
0,107,filterLoc,,
0,108,evacuee,,Evacuee;434;in triage state;G;is at the evacuation site
0,110,filterLoc,,
0,111,evacuee,,Evacuee;433;in triage state;G;is at the evacuation site
0,113,filterLoc,,
0,114,evacuee,,Evacuee;428;in triage state;G;is at the evacuation site
0,116,filterLoc,,
0,117,evacuee,,Evacuee;426;in triage state;G;is at the evacuation site
0,119,filterLoc,,
0,120,evacuee,,Evacuee;423;in triage state;G;is at the evacuation site
0,122,filterLoc,,
0,123,evacuee,,Evacuee;420;in triage state;G;is at the evacuation site
0,125,filterLoc,,
0,126,evacuee,,Evacuee;419;in triage state;G;is at the evacuation site
0,128,filterLoc,,
0,129,evacuee,,Evacuee;414;in triage state;G;is at the evacuation site
0,131,filterLoc,,
0,132,evacuee,,Evacuee;411;in triage state;G;is at the evacuation site
0,134,filterLoc,,
0,135,evacuee,,Evacuee;422;in triage state;G;is at the evacuation site
0,137,filterLoc,,
0,138,evacuee,,Evacuee;409;in triage state;G;is at the evacuation site
0,140,filterLoc,,
0,141,evacuee,,Evacuee;408;in triage state;G;is at the evacuation site
0,143,filterLoc,,
0,144,evacuee,,Evacuee;406;in triage state;G;is at the evacuation site
0,146,filterLoc,,
0,147,evacuee,,Evacuee;404;in triage state;G;is at the evacuation site
0,149,filterLoc,,
0,150,evacuee,,Evacuee;403;in triage state;G;is at the evacuation site
0,152,filterLoc,,
0,153,evacuee,,Evacuee;401;in triage state;G;is at the evacuation site
0,155,filterLoc,,
0,156,evacuee,,Evacuee;398;in triage state;G;is at the evacuation site
0,158,filterLoc,,
0,159,evacuee,,Evacuee;397;in triage state;G;is at the evacuation site
0,161,filterLoc,,
0,162,evacuee,,Evacuee;452;in triage state;G;is at the evacuation site
0,164,filterLoc,,
0,165,evacuee,,Evacuee;396;in triage state;G;is at the evacuation site
0,167,filterLoc,,
0,168,evacuee,,Evacuee;395;in triage state;G;is at the evacuation site
0,170,filterLoc,,
0,171,evacuee,,Evacuee;393;in triage state;G;is at the evacuation site
0,173,filterLoc,,
0,174,evacuee,,Evacuee;392;in triage state;G;is at the evacuation site
0,176,filterLoc,,
0,177,evacuee,,Evacuee;389;in triage state;G;is at the evacuation site
0,179,filterLoc,,
0,180,evacuee,,Evacuee;384;in triage state;G;is at the evacuation site
0,182,filterLoc,,
0,183,evacuee,,Evacuee;430;in triage state;G;is at the evacuation site
0,185,filterLoc,,
0,186,evacuee,,Evacuee;383;in triage state;G;is at the evacuation site
0,188,filterLoc,,
0,189,evacuee,,Evacuee;480;in triage state;Y;is at the evacuation site
0,191,filterLoc,,
0,192,evacuee,,Evacuee;382;in triage state;G;is at the evacuation site
0,194,filterLoc,,
0,195,evacuee,,Evacuee;381;in triage state;G;is at the evacuation site
0,197,filterLoc,,
0,198,evacuee,,Evacuee;427;in triage state;G;is at the evacuation site
0,200,filterLoc,,
0,201,evacuee,,Evacuee;380;in triage state;G;is at the evacuation site
0,203,filterLoc,,
0,204,evacuee,,Evacuee;379;in triage state;G;is at the evacuation site
0,206,filterLoc,,
0,207,evacuee,,Evacuee;378;in triage state;G;is at the evacuation site
0,209,filterLoc,,
0,210,evacuee,,Evacuee;377;in triage state;G;is at the evacuation site
0,212,filterLoc,,
0,213,evacuee,,Evacuee;375;in triage state;G;is at the evacuation site
0,215,filterLoc,,
0,216,evacuee,,Evacuee;374;in triage state;G;is at the evacuation site
0,218,filterLoc,,
0,219,evacuee,,Evacuee;372;in triage state;G;is at the evacuation site
0,221,filterLoc,,
0,222,evacuee,,Evacuee;371;in triage state;G;is at the evacuation site
0,223,FOL,,;Lives Saved;0
0,225,filterLoc,,
0,226,evacuee,,Evacuee;370;in triage state;G;is at the evacuation site
0,228,filterLoc,,
0,229,evacuee,,Evacuee;457;in triage state;G;is at the evacuation site
0,231,filterLoc,,
0,232,evacuee,,Evacuee;369;in triage state;G;is at the evacuation site
0,234,filterLoc,,
0,235,evacuee,,Evacuee;366;in triage state;G;is at the evacuation site
0,237,filterLoc,,
0,238,evacuee,,Evacuee;362;in triage state;G;is at the evacuation site
0,240,filterLoc,,
0,241,evacuee,,Evacuee;425;in triage state;G;is at the evacuation site
0,243,filterLoc,,
0,244,evacuee,,Evacuee;360;in triage state;G;is at the evacuation site
0,246,filterLoc,,
0,247,evacuee,,Evacuee;357;in triage state;G;is at the evacuation site
0,249,filterLoc,,
0,250,evacuee,,Evacuee;354;in triage state;G;is at the evacuation site
0,252,filterLoc,,
0,253,evacuee,,Evacuee;353;in triage state;G;is at the evacuation site
0,255,filterLoc,,
0,256,evacuee,,Evacuee;351;in triage state;G;is at the evacuation site
0,258,filterLoc,,
0,259,evacuee,,Evacuee;349;in triage state;G;is at the evacuation site
0,261,filterLoc,,
0,262,evacuee,,Evacuee;348;in triage state;G;is at the evacuation site
0,264,filterLoc,,
0,265,evacuee,,Evacuee;346;in triage state;G;is at the evacuation site
0,267,filterLoc,,
0,268,evacuee,,Evacuee;341;in triage state;G;is at the evacuation site
0,270,filterLoc,,
0,271,evacuee,,Evacuee;340;in triage state;G;is at the evacuation site
0,273,filterLoc,,
0,274,evacuee,,Evacuee;338;in triage state;G;is at the evacuation site
0,276,filterLoc,,
0,277,evacuee,,Evacuee;335;in triage state;G;is at the evacuation site
0,279,filterLoc,,
0,280,evacuee,,Evacuee;331;in triage state;G;is at the evacuation site
0,282,filterLoc,,
0,283,evacuee,,Evacuee;503;in triage state;R;is at the evacuation site
0,285,filterLoc,,
0,286,evacuee,,Evacuee;330;in triage state;G;is at the evacuation site
0,288,filterLoc,,
0,289,evacuee,,Evacuee;328;in triage state;G;is at the evacuation site
0,291,filterLoc,,
0,292,evacuee,,Evacuee;327;in triage state;G;is at the evacuation site
0,294,filterLoc,,
0,295,evacuee,,Evacuee;410;in triage state;G;is at the evacuation site
0,297,filterLoc,,
0,298,evacuee,,Evacuee;326;in triage state;G;is at the evacuation site
0,300,filterLoc,,
0,301,evacuee,,Evacuee;466;in triage state;G;is at the evacuation site
0,303,filterLoc,,
0,304,evacuee,,Evacuee;325;in triage state;G;is at the evacuation site
0,306,filterLoc,,
0,307,evacuee,,Evacuee;365;in triage state;G;is at the evacuation site
0,309,filterLoc,,
0,310,evacuee,,Evacuee;322;in triage state;G;is at the evacuation site
0,312,filterLoc,,
0,313,evacuee,,Evacuee;321;in triage state;G;is at the evacuation site
0,315,filterLoc,,
0,316,evacuee,,Evacuee;319;in triage state;G;is at the evacuation site
0,318,filterLoc,,
0,319,evacuee,,Evacuee;318;in triage state;G;is at the evacuation site
0,321,filterLoc,,
0,322,evacuee,,Evacuee;317;in triage state;G;is at the evacuation site
0,324,filterLoc,,
0,325,evacuee,,Evacuee;460;in triage state;G;is at the evacuation site
0,327,filterLoc,,
0,328,evacuee,,Evacuee;316;in triage state;G;is at the evacuation site
0,330,filterLoc,,
0,331,evacuee,,Evacuee;446;in triage state;G;is at the evacuation site
0,333,filterLoc,,
0,334,evacuee,,Evacuee;313;in triage state;G;is at the evacuation site
0,336,filterLoc,,
0,337,evacuee,,Evacuee;443;in triage state;G;is at the evacuation site
0,339,filterLoc,,
0,340,evacuee,,Evacuee;312;in triage state;G;is at the evacuation site
0,342,filterLoc,,
0,343,evacuee,,Evacuee;309;in triage state;G;is at the evacuation site
0,345,filterLoc,,
0,346,evacuee,,Evacuee;306;in triage state;G;is at the evacuation site
0,348,filterLoc,,
0,349,evacuee,,Evacuee;305;in triage state;G;is at the evacuation site
0,351,filterLoc,,
0,352,evacuee,,Evacuee;303;in triage state;G;is at the evacuation site
0,354,filterLoc,,
0,355,evacuee,,Evacuee;295;in triage state;G;is at the evacuation site
0,357,filterLoc,,
0,358,evacuee,,Evacuee;352;in triage state;G;is at the evacuation site
0,360,filterLoc,,
0,361,evacuee,,Evacuee;293;in triage state;G;is at the evacuation site
0,363,filterLoc,,
0,364,evacuee,,Evacuee;488;in triage state;Y;is at the evacuation site
0,366,filterLoc,,
0,367,evacuee,,Evacuee;413;in triage state;G;is at the evacuation site
0,369,filterLoc,,
0,370,evacuee,,Evacuee;292;in triage state;G;is at the evacuation site
0,372,filterLoc,,
0,373,evacuee,,Evacuee;291;in triage state;G;is at the evacuation site
0,375,filterLoc,,
0,376,evacuee,,Evacuee;290;in triage state;G;is at the evacuation site
0,378,filterLoc,,
0,379,evacuee,,Evacuee;350;in triage state;G;is at the evacuation site
0,381,filterLoc,,
0,382,evacuee,,Evacuee;288;in triage state;G;is at the evacuation site
0,384,filterLoc,,
0,385,evacuee,,Evacuee;287;in triage state;G;is at the evacuation site
0,387,filterLoc,,
0,388,evacuee,,Evacuee;415;in triage state;G;is at the evacuation site
0,390,filterLoc,,
0,391,evacuee,,Evacuee;376;in triage state;G;is at the evacuation site
0,393,filterLoc,,
0,394,evacuee,,Evacuee;284;in triage state;G;is at the evacuation site
0,396,filterLoc,,
0,397,evacuee,,Evacuee;283;in triage state;G;is at the evacuation site
0,399,filterLoc,,
0,400,evacuee,,Evacuee;282;in triage state;G;is at the evacuation site
0,402,filterLoc,,
0,403,evacuee,,Evacuee;281;in triage state;G;is at the evacuation site
0,405,filterLoc,,
0,406,evacuee,,Evacuee;280;in triage state;G;is at the evacuation site
0,408,filterLoc,,
0,409,evacuee,,Evacuee;333;in triage state;G;is at the evacuation site
0,411,filterLoc,,
0,412,evacuee,,Evacuee;279;in triage state;G;is at the evacuation site
0,414,filterLoc,,
0,415,evacuee,,Evacuee;278;in triage state;G;is at the evacuation site
0,417,filterLoc,,
0,418,evacuee,,Evacuee;277;in triage state;G;is at the evacuation site
0,420,filterLoc,,
0,421,evacuee,,Evacuee;315;in triage state;G;is at the evacuation site
0,423,filterLoc,,
0,424,evacuee,,Evacuee;274;in triage state;G;is at the evacuation site
0,426,filterLoc,,
0,427,evacuee,,Evacuee;273;in triage state;G;is at the evacuation site
0,429,filterLoc,,
0,430,evacuee,,Evacuee;337;in triage state;G;is at the evacuation site
0,432,filterLoc,,
0,433,evacuee,,Evacuee;301;in triage state;G;is at the evacuation site
0,435,filterLoc,,
0,436,evacuee,,Evacuee;272;in triage state;G;is at the evacuation site
0,438,filterLoc,,
0,439,evacuee,,Evacuee;270;in triage state;G;is at the evacuation site
0,441,filterLoc,,
0,442,evacuee,,Evacuee;264;in triage state;G;is at the evacuation site
0,444,filterLoc,,
0,445,evacuee,,Evacuee;262;in triage state;G;is at the evacuation site
0,447,filterLoc,,
0,448,evacuee,,Evacuee;260;in triage state;G;is at the evacuation site
0,450,filterLoc,,
0,451,evacuee,,Evacuee;259;in triage state;G;is at the evacuation site
0,453,filterLoc,,
0,454,evacuee,,Evacuee;125;in triage state;G;is at the evacuation site
0,456,filterLoc,,
0,457,evacuee,,Evacuee;114;in triage state;G;is at the evacuation site
0,459,filterLoc,,
0,460,evacuee,,Evacuee;289;in triage state;G;is at the evacuation site
0,462,filterLoc,,
0,463,evacuee,,Evacuee;88;in triage state;G;is at the evacuation site
0,465,filterLoc,,
0,466,evacuee,,Evacuee;449;in triage state;G;is at the evacuation site
0,468,filterLoc,,
0,469,evacuee,,Evacuee;122;in triage state;G;is at the evacuation site
0,471,filterLoc,,
0,472,evacuee,,Evacuee;108;in triage state;G;is at the evacuation site
0,474,filterLoc,,
0,475,evacuee,,Evacuee;276;in triage state;G;is at the evacuation site
0,477,filterLoc,,
0,478,evacuee,,Evacuee;121;in triage state;G;is at the evacuation site
0,480,filterLoc,,
0,481,evacuee,,Evacuee;386;in triage state;G;is at the evacuation site
0,483,filterLoc,,
0,484,evacuee,,Evacuee;117;in triage state;G;is at the evacuation site
0,486,filterLoc,,
0,487,evacuee,,Evacuee;192;in triage state;G;is at the evacuation site
0,489,filterLoc,,
0,490,evacuee,,Evacuee;432;in triage state;G;is at the evacuation site
0,492,filterLoc,,
0,493,evacuee,,Evacuee;245;in triage state;G;is at the evacuation site
0,495,filterLoc,,
0,496,evacuee,,Evacuee;310;in triage state;G;is at the evacuation site
0,498,filterLoc,,
0,499,evacuee,,Evacuee;118;in triage state;G;is at the evacuation site
0,501,filterLoc,,
0,502,evacuee,,Evacuee;502;in triage state;R;is at the evacuation site
0,504,filterLoc,,
0,505,evacuee,,Evacuee;491;in triage state;Y;is at the evacuation site
0,507,filterLoc,,
0,508,evacuee,,Evacuee;470;in triage state;G;is at the evacuation site
0,510,filterLoc,,
0,511,evacuee,,Evacuee;469;in triage state;G;is at the evacuation site
0,513,filterLoc,,
0,514,evacuee,,Evacuee;215;in triage state;G;is at the evacuation site
0,516,filterLoc,,
0,517,evacuee,,Evacuee;345;in triage state;G;is at the evacuation site
0,519,filterLoc,,
0,520,evacuee,,Evacuee;302;in triage state;G;is at the evacuation site
0,522,filterLoc,,
0,523,evacuee,,Evacuee;112;in triage state;G;is at the evacuation site
0,525,filterLoc,,
0,526,evacuee,,Evacuee;299;in triage state;G;is at the evacuation site
0,528,filterLoc,,
0,529,evacuee,,Evacuee;109;in triage state;G;is at the evacuation site
0,531,filterLoc,,
0,532,evacuee,,Evacuee;373;in triage state;G;is at the evacuation site
0,534,filterLoc,,
0,535,evacuee,,Evacuee;358;in triage state;G;is at the evacuation site
0,537,filterLoc,,
0,538,evacuee,,Evacuee;188;in triage state;G;is at the evacuation site
0,540,filterLoc,,
0,541,evacuee,,Evacuee;106;in triage state;G;is at the evacuation site
0,543,filterLoc,,
0,544,evacuee,,Evacuee;311;in triage state;G;is at the evacuation site
0,546,filterLoc,,
0,547,evacuee,,Evacuee;148;in triage state;G;is at the evacuation site
0,549,filterLoc,,
0,550,evacuee,,Evacuee;235;in triage state;G;is at the evacuation site
0,552,filterLoc,,
0,553,evacuee,,Evacuee;105;in triage state;G;is at the evacuation site
0,555,filterLoc,,
0,556,evacuee,,Evacuee;424;in triage state;G;is at the evacuation site
0,558,filterLoc,,
0,559,evacuee,,Evacuee;269;in triage state;G;is at the evacuation site
0,561,filterLoc,,
0,562,evacuee,,Evacuee;103;in triage state;G;is at the evacuation site
0,564,filterLoc,,
0,565,evacuee,,Evacuee;124;in triage state;G;is at the evacuation site
0,567,filterLoc,,
0,568,evacuee,,Evacuee;111;in triage state;G;is at the evacuation site
0,570,filterLoc,,
0,571,evacuee,,Evacuee;39;in triage state;G;is at the evacuation site
0,573,filterLoc,,
0,574,evacuee,,Evacuee;228;in triage state;G;is at the evacuation site
0,576,filterLoc,,
0,577,evacuee,,Evacuee;497;in triage state;Y;is at the evacuation site
0,579,filterLoc,,
0,580,evacuee,,Evacuee;101;in triage state;G;is at the evacuation site
0,582,filterLoc,,
0,583,evacuee,,Evacuee;142;in triage state;G;is at the evacuation site
0,585,filterLoc,,
0,586,evacuee,,Evacuee;99;in triage state;G;is at the evacuation site
0,588,filterLoc,,
0,589,evacuee,,Evacuee;485;in triage state;Y;is at the evacuation site
0,591,filterLoc,,
0,592,evacuee,,Evacuee;324;in triage state;G;is at the evacuation site
0,594,filterLoc,,
0,595,evacuee,,Evacuee;95;in triage state;G;is at the evacuation site
0,597,filterLoc,,
0,598,evacuee,,Evacuee;447;in triage state;G;is at the evacuation site
0,600,filterLoc,,
0,601,evacuee,,Evacuee;361;in triage state;G;is at the evacuation site
0,603,filterLoc,,
0,604,evacuee,,Evacuee;342;in triage state;G;is at the evacuation site
0,606,filterLoc,,
0,607,evacuee,,Evacuee;93;in triage state;G;is at the evacuation site
0,609,filterLoc,,
0,610,evacuee,,Evacuee;136;in triage state;G;is at the evacuation site
0,612,filterLoc,,
0,613,evacuee,,Evacuee;412;in triage state;G;is at the evacuation site
0,615,filterLoc,,
0,616,evacuee,,Evacuee;90;in triage state;G;is at the evacuation site
0,618,filterLoc,,
0,619,evacuee,,Evacuee;83;in triage state;G;is at the evacuation site
0,621,filterLoc,,
0,622,evacuee,,Evacuee;127;in triage state;G;is at the evacuation site
0,624,filterLoc,,
0,625,evacuee,,Evacuee;49;in triage state;G;is at the evacuation site
0,627,filterLoc,,
0,628,evacuee,,Evacuee;87;in triage state;G;is at the evacuation site
0,630,filterLoc,,
0,631,evacuee,,Evacuee;297;in triage state;G;is at the evacuation site
0,633,filterLoc,,
0,634,evacuee,,Evacuee;86;in triage state;G;is at the evacuation site
0,636,filterLoc,,
0,637,evacuee,,Evacuee;51;in triage state;G;is at the evacuation site
0,639,filterLoc,,
0,640,evacuee,,Evacuee;444;in triage state;G;is at the evacuation site
0,642,filterLoc,,
0,643,evacuee,,Evacuee;80;in triage state;G;is at the evacuation site
0,645,filterLoc,,
0,646,evacuee,,Evacuee;79;in triage state;G;is at the evacuation site
0,648,filterLoc,,
0,649,evacuee,,Evacuee;115;in triage state;G;is at the evacuation site
0,651,filterLoc,,
0,652,evacuee,,Evacuee;98;in triage state;G;is at the evacuation site
0,654,filterLoc,,
0,655,evacuee,,Evacuee;356;in triage state;G;is at the evacuation site
0,657,filterLoc,,
0,658,evacuee,,Evacuee;78;in triage state;G;is at the evacuation site
0,660,filterLoc,,
0,661,evacuee,,Evacuee;213;in triage state;G;is at the evacuation site
0,663,filterLoc,,
0,664,evacuee,,Evacuee;344;in triage state;G;is at the evacuation site
0,666,filterLoc,,
0,667,evacuee,,Evacuee;77;in triage state;G;is at the evacuation site
0,669,filterLoc,,
0,670,evacuee,,Evacuee;156;in triage state;G;is at the evacuation site
0,672,filterLoc,,
0,673,evacuee,,Evacuee;300;in triage state;G;is at the evacuation site
0,675,filterLoc,,
0,676,evacuee,,Evacuee;165;in triage state;G;is at the evacuation site
0,678,filterLoc,,
0,679,evacuee,,Evacuee;454;in triage state;G;is at the evacuation site
0,681,filterLoc,,
0,682,evacuee,,Evacuee;440;in triage state;G;is at the evacuation site
0,684,filterLoc,,
0,685,evacuee,,Evacuee;76;in triage state;G;is at the evacuation site
0,687,filterLoc,,
0,688,evacuee,,Evacuee;431;in triage state;G;is at the evacuation site
0,690,filterLoc,,
0,691,evacuee,,Evacuee;74;in triage state;G;is at the evacuation site
0,693,filterLoc,,
0,694,evacuee,,Evacuee;363;in triage state;G;is at the evacuation site
0,696,filterLoc,,
0,697,evacuee,,Evacuee;251;in triage state;G;is at the evacuation site
0,699,filterLoc,,
0,700,evacuee,,Evacuee;128;in triage state;G;is at the evacuation site
0,702,filterLoc,,
0,703,evacuee,,Evacuee;134;in triage state;G;is at the evacuation site
0,705,filterLoc,,
0,706,evacuee,,Evacuee;199;in triage state;G;is at the evacuation site
0,708,filterLoc,,
0,709,evacuee,,Evacuee;66;in triage state;G;is at the evacuation site
0,711,filterLoc,,
0,712,evacuee,,Evacuee;62;in triage state;G;is at the evacuation site
0,714,filterLoc,,
0,715,evacuee,,Evacuee;223;in triage state;G;is at the evacuation site
0,717,filterLoc,,
0,718,evacuee,,Evacuee;135;in triage state;G;is at the evacuation site
0,720,filterLoc,,
0,721,evacuee,,Evacuee;15;in triage state;G;is at the evacuation site
0,723,filterLoc,,
0,724,evacuee,,Evacuee;474;in triage state;G;is at the evacuation site
0,726,filterLoc,,
0,727,evacuee,,Evacuee;17;in triage state;G;is at the evacuation site
0,729,filterLoc,,
0,730,evacuee,,Evacuee;481;in triage state;Y;is at the evacuation site
0,732,filterLoc,,
0,733,evacuee,,Evacuee;179;in triage state;G;is at the evacuation site
0,735,filterLoc,,
0,736,evacuee,,Evacuee;147;in triage state;G;is at the evacuation site
0,738,filterLoc,,
0,739,evacuee,,Evacuee;65;in triage state;G;is at the evacuation site
0,741,filterLoc,,
0,742,evacuee,,Evacuee;14;in triage state;G;is at the evacuation site
0,744,filterLoc,,
0,745,evacuee,,Evacuee;218;in triage state;G;is at the evacuation site
0,747,filterLoc,,
0,748,evacuee,,Evacuee;2;in triage state;G;is at the evacuation site
0,750,filterLoc,,
0,751,evacuee,,Evacuee;33;in triage state;G;is at the evacuation site
0,753,filterLoc,,
0,754,evacuee,,Evacuee;271;in triage state;G;is at the evacuation site
0,756,filterLoc,,
0,757,evacuee,,Evacuee;9;in triage state;G;is at the evacuation site
0,759,filterLoc,,
0,760,evacuee,,Evacuee;25;in triage state;G;is at the evacuation site
0,762,filterLoc,,
0,763,evacuee,,Evacuee;334;in triage state;G;is at the evacuation site
0,765,filterLoc,,
0,766,evacuee,,Evacuee;70;in triage state;G;is at the evacuation site
0,768,filterLoc,,
0,769,evacuee,,Evacuee;5;in triage state;G;is at the evacuation site
0,771,filterLoc,,
0,772,evacuee,,Evacuee;250;in triage state;G;is at the evacuation site
0,774,filterLoc,,
0,775,evacuee,,Evacuee;107;in triage state;G;is at the evacuation site
0,777,filterLoc,,
0,778,evacuee,,Evacuee;229;in triage state;G;is at the evacuation site
0,780,filterLoc,,
0,781,evacuee,,Evacuee;110;in triage state;G;is at the evacuation site
0,783,filterLoc,,
0,784,evacuee,,Evacuee;141;in triage state;G;is at the evacuation site
0,786,filterLoc,,
0,787,evacuee,,Evacuee;133;in triage state;G;is at the evacuation site
0,789,filterLoc,,
0,790,evacuee,,Evacuee;493;in triage state;Y;is at the evacuation site
0,792,filterLoc,,
0,793,evacuee,,Evacuee;473;in triage state;G;is at the evacuation site
0,795,filterLoc,,
0,796,evacuee,,Evacuee;400;in triage state;G;is at the evacuation site
0,798,filterLoc,,
0,799,evacuee,,Evacuee;268;in triage state;G;is at the evacuation site
0,801,filterLoc,,
0,802,evacuee,,Evacuee;100;in triage state;G;is at the evacuation site
0,804,filterLoc,,
0,805,evacuee,,Evacuee;29;in triage state;G;is at the evacuation site
0,807,filterLoc,,
0,808,evacuee,,Evacuee;158;in triage state;G;is at the evacuation site
0,810,filterLoc,,
0,811,evacuee,,Evacuee;187;in triage state;G;is at the evacuation site
0,813,filterLoc,,
0,814,evacuee,,Evacuee;85;in triage state;G;is at the evacuation site
0,816,filterLoc,,
0,817,evacuee,,Evacuee;487;in triage state;Y;is at the evacuation site
0,819,filterLoc,,
0,820,evacuee,,Evacuee;71;in triage state;G;is at the evacuation site
0,822,filterLoc,,
0,823,evacuee,,Evacuee;332;in triage state;G;is at the evacuation site
0,825,filterLoc,,
0,826,evacuee,,Evacuee;81;in triage state;G;is at the evacuation site
0,828,filterLoc,,
0,829,evacuee,,Evacuee;104;in triage state;G;is at the evacuation site
0,831,filterLoc,,
0,832,evacuee,,Evacuee;40;in triage state;G;is at the evacuation site
0,834,filterLoc,,
0,835,evacuee,,Evacuee;97;in triage state;G;is at the evacuation site
0,837,filterLoc,,
0,838,evacuee,,Evacuee;453;in triage state;G;is at the evacuation site
0,840,filterLoc,,
0,841,evacuee,,Evacuee;285;in triage state;G;is at the evacuation site
0,843,filterLoc,,
0,844,evacuee,,Evacuee;89;in triage state;G;is at the evacuation site
0,846,filterLoc,,
0,847,evacuee,,Evacuee;394;in triage state;G;is at the evacuation site
0,849,filterLoc,,
0,850,evacuee,,Evacuee;240;in triage state;G;is at the evacuation site
0,852,filterLoc,,
0,853,evacuee,,Evacuee;8;in triage state;G;is at the evacuation site
0,855,filterLoc,,
0,856,evacuee,,Evacuee;3;in triage state;G;is at the evacuation site
0,858,filterLoc,,
0,859,evacuee,,Evacuee;172;in triage state;G;is at the evacuation site
0,861,filterLoc,,
0,862,evacuee,,Evacuee;256;in triage state;G;is at the evacuation site
0,864,filterLoc,,
0,865,evacuee,,Evacuee;347;in triage state;G;is at the evacuation site
0,867,filterLoc,,
0,868,evacuee,,Evacuee;82;in triage state;G;is at the evacuation site
0,870,filterLoc,,
0,871,evacuee,,Evacuee;54;in triage state;G;is at the evacuation site
0,873,filterLoc,,
0,874,evacuee,,Evacuee;368;in triage state;G;is at the evacuation site
0,876,filterLoc,,
0,877,evacuee,,Evacuee;4;in triage state;G;is at the evacuation site
0,879,filterLoc,,
0,880,evacuee,,Evacuee;18;in triage state;G;is at the evacuation site
0,882,filterLoc,,
0,883,evacuee,,Evacuee;387;in triage state;G;is at the evacuation site
0,885,filterLoc,,
0,886,evacuee,,Evacuee;246;in triage state;G;is at the evacuation site
0,888,filterLoc,,
0,889,evacuee,,Evacuee;22;in triage state;G;is at the evacuation site
0,891,filterLoc,,
0,892,evacuee,,Evacuee;92;in triage state;G;is at the evacuation site
0,894,filterLoc,,
0,895,evacuee,,Evacuee;44;in triage state;G;is at the evacuation site
0,897,filterLoc,,
0,898,evacuee,,Evacuee;150;in triage state;G;is at the evacuation site
0,900,filterLoc,,
0,901,evacuee,,Evacuee;119;in triage state;G;is at the evacuation site
0,903,filterLoc,,
0,904,evacuee,,Evacuee;6;in triage state;G;is at the evacuation site
0,906,filterLoc,,
0,907,evacuee,,Evacuee;173;in triage state;G;is at the evacuation site
0,909,filterLoc,,
0,910,evacuee,,Evacuee;157;in triage state;G;is at the evacuation site
0,912,filterLoc,,
0,913,evacuee,,Evacuee;451;in triage state;G;is at the evacuation site
0,915,filterLoc,,
0,916,evacuee,,Evacuee;359;in triage state;G;is at the evacuation site
0,918,filterLoc,,
0,919,evacuee,,Evacuee;286;in triage state;G;is at the evacuation site
0,921,filterLoc,,
0,922,evacuee,,Evacuee;196;in triage state;G;is at the evacuation site
0,924,filterLoc,,
0,925,evacuee,,Evacuee;407;in triage state;G;is at the evacuation site
0,927,filterLoc,,
0,928,evacuee,,Evacuee;132;in triage state;G;is at the evacuation site
0,930,filterLoc,,
0,931,evacuee,,Evacuee;31;in triage state;G;is at the evacuation site
0,933,filterLoc,,
0,934,evacuee,,Evacuee;38;in triage state;G;is at the evacuation site
0,936,filterLoc,,
0,937,evacuee,,Evacuee;10;in triage state;G;is at the evacuation site
0,939,filterLoc,,
0,940,evacuee,,Evacuee;26;in triage state;G;is at the evacuation site
0,942,filterLoc,,
0,943,evacuee,,Evacuee;343;in triage state;G;is at the evacuation site
0,945,filterLoc,,
0,946,evacuee,,Evacuee;241;in triage state;G;is at the evacuation site
0,948,filterLoc,,
0,949,evacuee,,Evacuee;418;in triage state;G;is at the evacuation site
0,951,filterLoc,,
0,952,evacuee,,Evacuee;75;in triage state;G;is at the evacuation site
0,954,filterLoc,,
0,955,evacuee,,Evacuee;37;in triage state;G;is at the evacuation site
0,957,filterLoc,,
0,958,evacuee,,Evacuee;496;in triage state;Y;is at the evacuation site
0,960,filterLoc,,
0,961,evacuee,,Evacuee;209;in triage state;G;is at the evacuation site
0,963,filterLoc,,
0,964,evacuee,,Evacuee;402;in triage state;G;is at the evacuation site
0,966,filterLoc,,
0,967,evacuee,,Evacuee;320;in triage state;G;is at the evacuation site
0,969,filterLoc,,
0,970,evacuee,,Evacuee;116;in triage state;G;is at the evacuation site
0,972,filterLoc,,
0,973,evacuee,,Evacuee;61;in triage state;G;is at the evacuation site
0,975,filterLoc,,
0,976,evacuee,,Evacuee;52;in triage state;G;is at the evacuation site
0,978,filterLoc,,
0,979,evacuee,,Evacuee;41;in triage state;G;is at the evacuation site
0,981,filterLoc,,
0,982,evacuee,,Evacuee;304;in triage state;G;is at the evacuation site
0,984,filterLoc,,
0,985,evacuee,,Evacuee;154;in triage state;G;is at the evacuation site
0,987,filterLoc,,
0,988,evacuee,,Evacuee;421;in triage state;G;is at the evacuation site
0,990,filterLoc,,
0,991,evacuee,,Evacuee;405;in triage state;G;is at the evacuation site
0,993,filterLoc,,
0,994,evacuee,,Evacuee;21;in triage state;G;is at the evacuation site
0,996,filterLoc,,
0,997,evacuee,,Evacuee;68;in triage state;G;is at the evacuation site
0,999,filterLoc,,
0,1000,evacuee,,Evacuee;72;in triage state;G;is at the evacuation site
0,1002,filterLoc,,
0,1003,evacuee,,Evacuee;46;in triage state;G;is at the evacuation site
0,1005,filterLoc,,
0,1006,evacuee,,Evacuee;53;in triage state;G;is at the evacuation site
0,1008,filterLoc,,
0,1009,evacuee,,Evacuee;220;in triage state;G;is at the evacuation site
0,1011,filterLoc,,
0,1012,evacuee,,Evacuee;355;in triage state;G;is at the evacuation site
0,1014,filterLoc,,
0,1015,evacuee,,Evacuee;23;in triage state;G;is at the evacuation site
0,1017,filterLoc,,
0,1018,evacuee,,Evacuee;200;in triage state;G;is at the evacuation site
0,1020,filterLoc,,
0,1021,evacuee,,Evacuee;255;in triage state;G;is at the evacuation site
0,1023,filterLoc,,
0,1024,evacuee,,Evacuee;13;in triage state;G;is at the evacuation site
0,1026,filterLoc,,
0,1027,evacuee,,Evacuee;24;in triage state;G;is at the evacuation site
0,1029,filterLoc,,
0,1030,evacuee,,Evacuee;32;in triage state;G;is at the evacuation site
0,1032,filterLoc,,
0,1033,evacuee,,Evacuee;34;in triage state;G;is at the evacuation site
0,1035,filterLoc,,
0,1036,evacuee,,Evacuee;64;in triage state;G;is at the evacuation site
0,1038,filterLoc,,
0,1039,evacuee,,Evacuee;429;in triage state;G;is at the evacuation site
0,1041,filterLoc,,
0,1042,evacuee,,Evacuee;102;in triage state;G;is at the evacuation site
0,1044,filterLoc,,
0,1045,evacuee,,Evacuee;160;in triage state;G;is at the evacuation site
0,1047,filterLoc,,
0,1048,evacuee,,Evacuee;20;in triage state;G;is at the evacuation site
0,1050,filterLoc,,
0,1051,evacuee,,Evacuee;35;in triage state;G;is at the evacuation site
0,1053,filterLoc,,
0,1054,evacuee,,Evacuee;155;in triage state;G;is at the evacuation site
0,1056,filterLoc,,
0,1057,evacuee,,Evacuee;36;in triage state;G;is at the evacuation site
0,1059,filterLoc,,
0,1060,evacuee,,Evacuee;198;in triage state;G;is at the evacuation site
0,1062,filterLoc,,
0,1063,evacuee,,Evacuee;84;in triage state;G;is at the evacuation site
0,1065,filterLoc,,
0,1066,evacuee,,Evacuee;42;in triage state;G;is at the evacuation site
0,1068,filterLoc,,
0,1069,evacuee,,Evacuee;91;in triage state;G;is at the evacuation site
0,1071,filterLoc,,
0,1072,evacuee,,Evacuee;43;in triage state;G;is at the evacuation site
0,1074,filterLoc,,
0,1075,evacuee,,Evacuee;30;in triage state;G;is at the evacuation site
0,1077,filterLoc,,
0,1078,evacuee,,Evacuee;336;in triage state;G;is at the evacuation site
0,1080,filterLoc,,
0,1081,evacuee,,Evacuee;307;in triage state;G;is at the evacuation site
0,1083,filterLoc,,
0,1084,evacuee,,Evacuee;212;in triage state;G;is at the evacuation site
0,1086,filterLoc,,
0,1087,evacuee,,Evacuee;391;in triage state;G;is at the evacuation site
0,1089,filterLoc,,
0,1090,evacuee,,Evacuee;388;in triage state;G;is at the evacuation site
0,1092,filterLoc,,
0,1093,evacuee,,Evacuee;55;in triage state;G;is at the evacuation site
0,1095,filterLoc,,
0,1096,evacuee,,Evacuee;48;in triage state;G;is at the evacuation site
0,1098,filterLoc,,
0,1099,evacuee,,Evacuee;144;in triage state;G;is at the evacuation site
0,1101,filterLoc,,
0,1102,evacuee,,Evacuee;50;in triage state;G;is at the evacuation site
0,1104,filterLoc,,
0,1105,evacuee,,Evacuee;19;in triage state;G;is at the evacuation site
0,1107,filterLoc,,
0,1108,evacuee,,Evacuee;182;in triage state;G;is at the evacuation site
0,1110,filterLoc,,
0,1111,evacuee,,Evacuee;490;in triage state;Y;is at the evacuation site
0,1113,filterLoc,,
0,1114,evacuee,,Evacuee;266;in triage state;G;is at the evacuation site
0,1116,filterLoc,,
0,1117,evacuee,,Evacuee;120;in triage state;G;is at the evacuation site
0,1119,filterEvac,,
0,1120,filterES,,
0,1121,helicopter,,Helicopter;2;is unloading people at the FOL;;and has;0;spots taken
0,1123,filterLoc,,
0,1124,evacuee,,Evacuee;94;in triage state;G;is at the evacuation site
0,1126,filterLoc,,
0,1127,evacuee,,Evacuee;63;in triage state;G;is at the evacuation site
0,1129,filterLoc,,
0,1130,evacuee,,Evacuee;175;in triage state;G;is at the evacuation site
0,1132,filterLoc,,
0,1133,evacuee,,Evacuee;47;in triage state;G;is at the evacuation site
0,1135,filterLoc,,
0,1136,evacuee,,Evacuee;56;in triage state;G;is at the evacuation site
0,1138,filterLoc,,
0,1139,evacuee,,Evacuee;367;in triage state;G;is at the evacuation site
0,1141,filterLoc,,
0,1142,evacuee,,Evacuee;364;in triage state;G;is at the evacuation site
0,1144,filterLoc,,
0,1145,evacuee,,Evacuee;208;in triage state;G;is at the evacuation site
0,1147,filterLoc,,
0,1148,evacuee,,Evacuee;57;in triage state;G;is at the evacuation site
0,1150,filterLoc,,
0,1151,evacuee,,Evacuee;231;in triage state;G;is at the evacuation site
0,1153,filterLoc,,
0,1154,evacuee,,Evacuee;261;in triage state;G;is at the evacuation site
0,1156,filterLoc,,
0,1157,evacuee,,Evacuee;45;in triage state;G;is at the evacuation site
0,1159,filterEvac,,
0,1160,filterES,,
0,1161,helicopter,,Helicopter;1;is unloading people at the FOL;;and has;0;spots taken
0,1163,filterLoc,,
0,1164,evacuee,,Evacuee;263;in triage state;G;is at the evacuation site
0,1166,filterLoc,,
0,1167,evacuee,,Evacuee;190;in triage state;G;is at the evacuation site
0,1169,filterLoc,,
0,1170,evacuee,,Evacuee;465;in triage state;G;is at the evacuation site
0,1172,filterLoc,,
0,1173,evacuee,,Evacuee;60;in triage state;G;is at the evacuation site
0,1175,filterLoc,,
0,1176,evacuee,,Evacuee;385;in triage state;G;is at the evacuation site
0,1178,filterLoc,,
0,1179,evacuee,,Evacuee;181;in triage state;G;is at the evacuation site
0,1181,filterLoc,,
0,1182,evacuee,,Evacuee;416;in triage state;G;is at the evacuation site
0,1184,filterLoc,,
0,1185,evacuee,,Evacuee;129;in triage state;G;is at the evacuation site
0,1187,filterLoc,,
0,1188,evacuee,,Evacuee;308;in triage state;G;is at the evacuation site
0,1190,filterLoc,,
0,1191,evacuee,,Evacuee;131;in triage state;G;is at the evacuation site
0,1193,filterLoc,,
0,1194,evacuee,,Evacuee;137;in triage state;G;is at the evacuation site
0,1196,filterLoc,,
0,1197,evacuee,,Evacuee;138;in triage state;G;is at the evacuation site
0,1199,filterLoc,,
0,1200,evacuee,,Evacuee;265;in triage state;G;is at the evacuation site
0,1202,filterLoc,,
0,1203,evacuee,,Evacuee;139;in triage state;G;is at the evacuation site
0,1205,filterLoc,,
0,1206,evacuee,,Evacuee;194;in triage state;G;is at the evacuation site
0,1208,filterLoc,,
0,1209,evacuee,,Evacuee;140;in triage state;G;is at the evacuation site
0,1211,filterLoc,,
0,1212,evacuee,,Evacuee;130;in triage state;G;is at the evacuation site
0,1214,filterLoc,,
0,1215,evacuee,,Evacuee;143;in triage state;G;is at the evacuation site
0,1217,filterLoc,,
0,1218,evacuee,,Evacuee;149;in triage state;G;is at the evacuation site
0,1220,filterLoc,,
0,1221,evacuee,,Evacuee;296;in triage state;G;is at the evacuation site
0,1223,filterLoc,,
0,1224,evacuee,,Evacuee;151;in triage state;G;is at the evacuation site
0,1226,filterLoc,,
0,1227,evacuee,,Evacuee;222;in triage state;G;is at the evacuation site
0,1229,filterLoc,,
0,1230,evacuee,,Evacuee;152;in triage state;G;is at the evacuation site
0,1232,filterLoc,,
0,1233,evacuee,,Evacuee;153;in triage state;G;is at the evacuation site
0,1235,filterLoc,,
0,1236,evacuee,,Evacuee;67;in triage state;G;is at the evacuation site
0,1238,filterLoc,,
0,1239,evacuee,,Evacuee;123;in triage state;G;is at the evacuation site
0,1241,filterLoc,,
0,1242,evacuee,,Evacuee;159;in triage state;G;is at the evacuation site
0,1244,filterLoc,,
0,1245,evacuee,,Evacuee;161;in triage state;G;is at the evacuation site
0,1247,filterLoc,,
0,1248,evacuee,,Evacuee;28;in triage state;G;is at the evacuation site
0,1250,filterLoc,,
0,1251,evacuee,,Evacuee;126;in triage state;G;is at the evacuation site
0,1253,filterLoc,,
0,1254,evacuee,,Evacuee;234;in triage state;G;is at the evacuation site
0,1256,filterLoc,,
0,1257,evacuee,,Evacuee;162;in triage state;G;is at the evacuation site
0,1259,filterLoc,,
0,1260,evacuee,,Evacuee;163;in triage state;G;is at the evacuation site
0,1262,filterLoc,,
0,1263,evacuee,,Evacuee;166;in triage state;G;is at the evacuation site
0,1265,filterLoc,,
0,1266,evacuee,,Evacuee;16;in triage state;G;is at the evacuation site
0,1268,filterLoc,,
0,1269,evacuee,,Evacuee;242;in triage state;G;is at the evacuation site
0,1271,filterLoc,,
0,1272,evacuee,,Evacuee;178;in triage state;G;is at the evacuation site
0,1274,filterLoc,,
0,1275,evacuee,,Evacuee;438;in triage state;G;is at the evacuation site
0,1277,filterLoc,,
0,1278,evacuee,,Evacuee;146;in triage state;G;is at the evacuation site
0,1280,filterLoc,,
0,1281,evacuee,,Evacuee;167;in triage state;G;is at the evacuation site
0,1283,filterLoc,,
0,1284,evacuee,,Evacuee;145;in triage state;G;is at the evacuation site
0,1286,filterLoc,,
0,1287,evacuee,,Evacuee;168;in triage state;G;is at the evacuation site
0,1289,filterLoc,,
0,1290,evacuee,,Evacuee;176;in triage state;G;is at the evacuation site
0,1292,filterLoc,,
0,1293,evacuee,,Evacuee;230;in triage state;G;is at the evacuation site
0,1295,filterLoc,,
0,1296,evacuee,,Evacuee;169;in triage state;G;is at the evacuation site
0,1298,filterLoc,,
0,1299,evacuee,,Evacuee;170;in triage state;G;is at the evacuation site
0,1301,filterLoc,,
0,1302,evacuee,,Evacuee;171;in triage state;G;is at the evacuation site
0,1304,filterLoc,,
0,1305,evacuee,,Evacuee;174;in triage state;G;is at the evacuation site
0,1307,filterLoc,,
0,1308,evacuee,,Evacuee;177;in triage state;G;is at the evacuation site
0,1310,filterLoc,,
0,1311,evacuee,,Evacuee;435;in triage state;G;is at the evacuation site
0,1313,filterLoc,,
0,1314,evacuee,,Evacuee;58;in triage state;G;is at the evacuation site
0,1316,filterLoc,,
0,1317,evacuee,,Evacuee;203;in triage state;G;is at the evacuation site
0,1319,filterLoc,,
0,1320,evacuee,,Evacuee;232;in triage state;G;is at the evacuation site
0,1322,filterLoc,,
0,1323,evacuee,,Evacuee;183;in triage state;G;is at the evacuation site
0,1325,filterLoc,,
0,1326,evacuee,,Evacuee;184;in triage state;G;is at the evacuation site
0,1328,filterLoc,,
0,1329,evacuee,,Evacuee;185;in triage state;G;is at the evacuation site
0,1331,filterLoc,,
0,1332,evacuee,,Evacuee;186;in triage state;G;is at the evacuation site
0,1334,filterLoc,,
0,1335,evacuee,,Evacuee;417;in triage state;G;is at the evacuation site
0,1337,filterLoc,,
0,1338,evacuee,,Evacuee;217;in triage state;G;is at the evacuation site
0,1340,filterLoc,,
0,1341,evacuee,,Evacuee;189;in triage state;G;is at the evacuation site
0,1343,filterLoc,,
0,1344,evacuee,,Evacuee;253;in triage state;G;is at the evacuation site
0,1346,filterLoc,,
0,1347,evacuee,,Evacuee;191;in triage state;G;is at the evacuation site
0,1349,filterLoc,,
0,1350,evacuee,,Evacuee;314;in triage state;G;is at the evacuation site
0,1352,filterLoc,,
0,1353,evacuee,,Evacuee;249;in triage state;G;is at the evacuation site
0,1355,filterLoc,,
0,1356,evacuee,,Evacuee;193;in triage state;G;is at the evacuation site
0,1358,filterLoc,,
0,1359,evacuee,,Evacuee;195;in triage state;G;is at the evacuation site
0,1361,filterLoc,,
0,1362,evacuee,,Evacuee;399;in triage state;G;is at the evacuation site
0,1364,filterLoc,,
0,1365,evacuee,,Evacuee;197;in triage state;G;is at the evacuation site
0,1367,filterLoc,,
0,1368,evacuee,,Evacuee;450;in triage state;G;is at the evacuation site
0,1370,filterLoc,,
0,1371,evacuee,,Evacuee;252;in triage state;G;is at the evacuation site
0,1373,filterLoc,,
0,1374,evacuee,,Evacuee;329;in triage state;G;is at the evacuation site
0,1376,filterLoc,,
0,1377,evacuee,,Evacuee;201;in triage state;G;is at the evacuation site
0,1379,filterLoc,,
0,1380,evacuee,,Evacuee;11;in triage state;G;is at the evacuation site
0,1382,filterLoc,,
0,1383,evacuee,,Evacuee;202;in triage state;G;is at the evacuation site
0,1385,filterLoc,,
0,1386,evacuee,,Evacuee;390;in triage state;G;is at the evacuation site
0,1388,filterLoc,,
0,1389,evacuee,,Evacuee;204;in triage state;G;is at the evacuation site
0,1391,filterLoc,,
0,1392,evacuee,,Evacuee;275;in triage state;G;is at the evacuation site
0,1394,filterLoc,,
0,1395,evacuee,,Evacuee;205;in triage state;G;is at the evacuation site
0,1397,filterLoc,,
0,1398,evacuee,,Evacuee;323;in triage state;G;is at the evacuation site
0,1400,filterLoc,,
0,1401,evacuee,,Evacuee;180;in triage state;G;is at the evacuation site
0,1403,filterLoc,,
0,1404,evacuee,,Evacuee;206;in triage state;G;is at the evacuation site
0,1406,filterLoc,,
0,1407,evacuee,,Evacuee;69;in triage state;G;is at the evacuation site
0,1409,filterLoc,,
0,1410,evacuee,,Evacuee;207;in triage state;G;is at the evacuation site
0,1412,filterLoc,,
0,1413,evacuee,,Evacuee;27;in triage state;G;is at the evacuation site
0,1415,filterLoc,,
0,1416,evacuee,,Evacuee;211;in triage state;G;is at the evacuation site
0,1418,filterLoc,,
0,1419,evacuee,,Evacuee;294;in triage state;G;is at the evacuation site
0,1421,filterLoc,,
0,1422,evacuee,,Evacuee;214;in triage state;G;is at the evacuation site
0,1424,filterLoc,,
0,1425,evacuee,,Evacuee;12;in triage state;G;is at the evacuation site
0,1427,filterLoc,,
0,1428,evacuee,,Evacuee;216;in triage state;G;is at the evacuation site
0,1430,filterLoc,,
0,1431,evacuee,,Evacuee;219;in triage state;G;is at the evacuation site
0,1433,filterLoc,,
0,1434,evacuee,,Evacuee;221;in triage state;G;is at the evacuation site
0,1436,filterLoc,,
0,1437,evacuee,,Evacuee;224;in triage state;G;is at the evacuation site
0,1439,filterLoc,,
0,1440,evacuee,,Evacuee;339;in triage state;G;is at the evacuation site
0,1442,filterLoc,,
0,1443,evacuee,,Evacuee;225;in triage state;G;is at the evacuation site
0,1445,filterLoc,,
0,1446,evacuee,,Evacuee;164;in triage state;G;is at the evacuation site
0,1448,filterLoc,,
0,1449,evacuee,,Evacuee;226;in triage state;G;is at the evacuation site
0,1451,filterLoc,,
0,1452,evacuee,,Evacuee;464;in triage state;G;is at the evacuation site
0,1454,filterLoc,,
0,1455,evacuee,,Evacuee;227;in triage state;G;is at the evacuation site
0,1457,filterLoc,,
0,1458,evacuee,,Evacuee;267;in triage state;G;is at the evacuation site
0,1460,filterLoc,,
0,1461,evacuee,,Evacuee;73;in triage state;G;is at the evacuation site
0,1463,filterLoc,,
0,1464,evacuee,,Evacuee;233;in triage state;G;is at the evacuation site
0,1466,filterLoc,,
0,1467,evacuee,,Evacuee;236;in triage state;G;is at the evacuation site
0,1469,filterLoc,,
0,1470,evacuee,,Evacuee;7;in triage state;G;is at the evacuation site
0,1472,filterLoc,,
0,1473,evacuee,,Evacuee;237;in triage state;G;is at the evacuation site
0,1475,filterLoc,,
0,1476,evacuee,,Evacuee;238;in triage state;G;is at the evacuation site
0,1478,filterLoc,,
0,1479,evacuee,,Evacuee;113;in triage state;G;is at the evacuation site
0,1481,filterLoc,,
0,1482,evacuee,,Evacuee;239;in triage state;G;is at the evacuation site
0,1484,filterLoc,,
0,1485,evacuee,,Evacuee;243;in triage state;G;is at the evacuation site
0,1487,filterLoc,,
0,1488,evacuee,,Evacuee;96;in triage state;G;is at the evacuation site
0,1490,filterLoc,,
0,1491,evacuee,,Evacuee;244;in triage state;G;is at the evacuation site
0,1493,filterLoc,,
0,1494,evacuee,,Evacuee;247;in triage state;G;is at the evacuation site
0,1496,filterLoc,,
0,1497,evacuee,,Evacuee;59;in triage state;G;is at the evacuation site
0,1499,filterLoc,,
0,1500,evacuee,,Evacuee;248;in triage state;G;is at the evacuation site
0,1502,filterLoc,,
0,1503,evacuee,,Evacuee;467;in triage state;G;is at the evacuation site
0,1505,filterLoc,,
0,1506,evacuee,,Evacuee;298;in triage state;G;is at the evacuation site
0,1508,filterLoc,,
0,1509,evacuee,,Evacuee;254;in triage state;G;is at the evacuation site
0,1511,filterLoc,,
0,1512,evacuee,,Evacuee;257;in triage state;G;is at the evacuation site
0,1514,filterLoc,,
0,1515,evacuee,,Evacuee;210;in triage state;G;is at the evacuation site
0,1517,filterLoc,,
0,1518,evacuee,,Evacuee;258;in triage state;G;is at the evacuation site
0,4,helipadManager,outHQ,0
0,4,helipadManager,,;No helos are at ES
0,5,helicopterQueue,,;No helos are waiting to land
0,8,evacuee,,Evacuee;501;in triage state;R;is at the evacuation site
0,11,evacuee,,Evacuee;500;in triage state;R;is at the evacuation site
0,14,evacuee,,Evacuee;494;in triage state;Y;is at the evacuation site
0,17,evacuee,,Evacuee;492;in triage state;Y;is at the evacuation site
0,20,evacuee,,Evacuee;489;in triage state;Y;is at the evacuation site
0,23,evacuee,,Evacuee;486;in triage state;Y;is at the evacuation site
0,26,evacuee,,Evacuee;484;in triage state;Y;is at the evacuation site
0,29,evacuee,,Evacuee;483;in triage state;Y;is at the evacuation site
0,32,evacuee,,Evacuee;482;in triage state;Y;is at the evacuation site
0,35,evacuee,,Evacuee;499;in triage state;R;is at the evacuation site
0,38,evacuee,,Evacuee;479;in triage state;Y;is at the evacuation site
0,41,evacuee,,Evacuee;478;in triage state;Y;is at the evacuation site
0,44,evacuee,,Evacuee;476;in triage state;G;is at the evacuation site
0,47,evacuee,,Evacuee;475;in triage state;G;is at the evacuation site
0,50,evacuee,,Evacuee;472;in triage state;G;is at the evacuation site
0,53,evacuee,,Evacuee;471;in triage state;G;is at the evacuation site
0,56,evacuee,,Evacuee;468;in triage state;G;is at the evacuation site
0,59,evacuee,,Evacuee;463;in triage state;G;is at the evacuation site
0,62,evacuee,,Evacuee;462;in triage state;G;is at the evacuation site
0,65,evacuee,,Evacuee;461;in triage state;G;is at the evacuation site
0,68,evacuee,,Evacuee;459;in triage state;G;is at the evacuation site
0,71,evacuee,,Evacuee;495;in triage state;Y;is at the evacuation site
0,74,evacuee,,Evacuee;458;in triage state;G;is at the evacuation site
0,77,evacuee,,Evacuee;456;in triage state;G;is at the evacuation site
0,80,evacuee,,Evacuee;455;in triage state;G;is at the evacuation site
0,83,evacuee,,Evacuee;448;in triage state;G;is at the evacuation site
0,86,evacuee,,Evacuee;445;in triage state;G;is at the evacuation site
0,89,evacuee,,Evacuee;442;in triage state;G;is at the evacuation site
0,92,evacuee,,Evacuee;441;in triage state;G;is at the evacuation site
0,95,evacuee,,Evacuee;439;in triage state;G;is at the evacuation site
0,98,evacuee,,Evacuee;437;in triage state;G;is at the evacuation site
0,101,evacuee,,Evacuee;436;in triage state;G;is at the evacuation site
0,108,evacuee,,Evacuee;434;in triage state;G;is at the evacuation site
0,111,evacuee,,Evacuee;433;in triage state;G;is at the evacuation site
0,114,evacuee,,Evacuee;428;in triage state;G;is at the evacuation site
0,117,evacuee,,Evacuee;426;in triage state;G;is at the evacuation site
0,120,evacuee,,Evacuee;423;in triage state;G;is at the evacuation site
0,123,evacuee,,Evacuee;420;in triage state;G;is at the evacuation site
0,126,evacuee,,Evacuee;419;in triage state;G;is at the evacuation site
0,129,evacuee,,Evacuee;414;in triage state;G;is at the evacuation site
0,132,evacuee,,Evacuee;411;in triage state;G;is at the evacuation site
0,135,evacuee,,Evacuee;422;in triage state;G;is at the evacuation site
0,138,evacuee,,Evacuee;409;in triage state;G;is at the evacuation site
0,141,evacuee,,Evacuee;408;in triage state;G;is at the evacuation site
0,144,evacuee,,Evacuee;406;in triage state;G;is at the evacuation site
0,147,evacuee,,Evacuee;404;in triage state;G;is at the evacuation site
0,150,evacuee,,Evacuee;403;in triage state;G;is at the evacuation site
0,153,evacuee,,Evacuee;401;in triage state;G;is at the evacuation site
0,156,evacuee,,Evacuee;398;in triage state;G;is at the evacuation site
0,159,evacuee,,Evacuee;397;in triage state;G;is at the evacuation site
0,162,evacuee,,Evacuee;452;in triage state;G;is at the evacuation site
0,165,evacuee,,Evacuee;396;in triage state;G;is at the evacuation site
0,168,evacuee,,Evacuee;395;in triage state;G;is at the evacuation site
0,171,evacuee,,Evacuee;393;in triage state;G;is at the evacuation site
0,174,evacuee,,Evacuee;392;in triage state;G;is at the evacuation site
0,177,evacuee,,Evacuee;389;in triage state;G;is at the evacuation site
0,180,evacuee,,Evacuee;384;in triage state;G;is at the evacuation site
0,183,evacuee,,Evacuee;430;in triage state;G;is at the evacuation site
0,186,evacuee,,Evacuee;383;in triage state;G;is at the evacuation site
0,189,evacuee,,Evacuee;480;in triage state;Y;is at the evacuation site
0,192,evacuee,,Evacuee;382;in triage state;G;is at the evacuation site
0,195,evacuee,,Evacuee;381;in triage state;G;is at the evacuation site
0,198,evacuee,,Evacuee;427;in triage state;G;is at the evacuation site
0,201,evacuee,,Evacuee;380;in triage state;G;is at the evacuation site
0,204,evacuee,,Evacuee;379;in triage state;G;is at the evacuation site
0,207,evacuee,,Evacuee;378;in triage state;G;is at the evacuation site
0,210,evacuee,,Evacuee;377;in triage state;G;is at the evacuation site
0,213,evacuee,,Evacuee;375;in triage state;G;is at the evacuation site
0,216,evacuee,,Evacuee;374;in triage state;G;is at the evacuation site
0,219,evacuee,,Evacuee;372;in triage state;G;is at the evacuation site
0,222,evacuee,,Evacuee;371;in triage state;G;is at the evacuation site
0,226,evacuee,,Evacuee;370;in triage state;G;is at the evacuation site
0,229,evacuee,,Evacuee;457;in triage state;G;is at the evacuation site
0,232,evacuee,,Evacuee;369;in triage state;G;is at the evacuation site
0,235,evacuee,,Evacuee;366;in triage state;G;is at the evacuation site
0,238,evacuee,,Evacuee;362;in triage state;G;is at the evacuation site
0,241,evacuee,,Evacuee;425;in triage state;G;is at the evacuation site
0,244,evacuee,,Evacuee;360;in triage state;G;is at the evacuation site
0,247,evacuee,,Evacuee;357;in triage state;G;is at the evacuation site
0,250,evacuee,,Evacuee;354;in triage state;G;is at the evacuation site
0,253,evacuee,,Evacuee;353;in triage state;G;is at the evacuation site
0,256,evacuee,,Evacuee;351;in triage state;G;is at the evacuation site
0,259,evacuee,,Evacuee;349;in triage state;G;is at the evacuation site
0,262,evacuee,,Evacuee;348;in triage state;G;is at the evacuation site
0,265,evacuee,,Evacuee;346;in triage state;G;is at the evacuation site
0,268,evacuee,,Evacuee;341;in triage state;G;is at the evacuation site
0,271,evacuee,,Evacuee;340;in triage state;G;is at the evacuation site
0,274,evacuee,,Evacuee;338;in triage state;G;is at the evacuation site
0,277,evacuee,,Evacuee;335;in triage state;G;is at the evacuation site
0,280,evacuee,,Evacuee;331;in triage state;G;is at the evacuation site
0,283,evacuee,,Evacuee;503;in triage state;R;is at the evacuation site
0,286,evacuee,,Evacuee;330;in triage state;G;is at the evacuation site
0,289,evacuee,,Evacuee;328;in triage state;G;is at the evacuation site
0,292,evacuee,,Evacuee;327;in triage state;G;is at the evacuation site
0,295,evacuee,,Evacuee;410;in triage state;G;is at the evacuation site
0,298,evacuee,,Evacuee;326;in triage state;G;is at the evacuation site
0,301,evacuee,,Evacuee;466;in triage state;G;is at the evacuation site
0,304,evacuee,,Evacuee;325;in triage state;G;is at the evacuation site
0,307,evacuee,,Evacuee;365;in triage state;G;is at the evacuation site
0,310,evacuee,,Evacuee;322;in triage state;G;is at the evacuation site
0,313,evacuee,,Evacuee;321;in triage state;G;is at the evacuation site
0,316,evacuee,,Evacuee;319;in triage state;G;is at the evacuation site
0,319,evacuee,,Evacuee;318;in triage state;G;is at the evacuation site
0,322,evacuee,,Evacuee;317;in triage state;G;is at the evacuation site
0,325,evacuee,,Evacuee;460;in triage state;G;is at the evacuation site
0,328,evacuee,,Evacuee;316;in triage state;G;is at the evacuation site
0,331,evacuee,,Evacuee;446;in triage state;G;is at the evacuation site
0,334,evacuee,,Evacuee;313;in triage state;G;is at the evacuation site
0,337,evacuee,,Evacuee;443;in triage state;G;is at the evacuation site
0,340,evacuee,,Evacuee;312;in triage state;G;is at the evacuation site
0,343,evacuee,,Evacuee;309;in triage state;G;is at the evacuation site
0,346,evacuee,,Evacuee;306;in triage state;G;is at the evacuation site
0,349,evacuee,,Evacuee;305;in triage state;G;is at the evacuation site
0,352,evacuee,,Evacuee;303;in triage state;G;is at the evacuation site
0,355,evacuee,,Evacuee;295;in triage state;G;is at the evacuation site
0,358,evacuee,,Evacuee;352;in triage state;G;is at the evacuation site
0,361,evacuee,,Evacuee;293;in triage state;G;is at the evacuation site
0,364,evacuee,,Evacuee;488;in triage state;Y;is at the evacuation site
0,367,evacuee,,Evacuee;413;in triage state;G;is at the evacuation site
0,370,evacuee,,Evacuee;292;in triage state;G;is at the evacuation site
0,373,evacuee,,Evacuee;291;in triage state;G;is at the evacuation site
0,376,evacuee,,Evacuee;290;in triage state;G;is at the evacuation site
0,379,evacuee,,Evacuee;350;in triage state;G;is at the evacuation site
0,382,evacuee,,Evacuee;288;in triage state;G;is at the evacuation site
0,385,evacuee,,Evacuee;287;in triage state;G;is at the evacuation site
0,388,evacuee,,Evacuee;415;in triage state;G;is at the evacuation site
0,391,evacuee,,Evacuee;376;in triage state;G;is at the evacuation site
0,394,evacuee,,Evacuee;284;in triage state;G;is at the evacuation site
0,397,evacuee,,Evacuee;283;in triage state;G;is at the evacuation site
0,400,evacuee,,Evacuee;282;in triage state;G;is at the evacuation site
0,403,evacuee,,Evacuee;281;in triage state;G;is at the evacuation site
0,406,evacuee,,Evacuee;280;in triage state;G;is at the evacuation site
0,409,evacuee,,Evacuee;333;in triage state;G;is at the evacuation site
0,412,evacuee,,Evacuee;279;in triage state;G;is at the evacuation site
0,415,evacuee,,Evacuee;278;in triage state;G;is at the evacuation site
0,418,evacuee,,Evacuee;277;in triage state;G;is at the evacuation site
0,421,evacuee,,Evacuee;315;in triage state;G;is at the evacuation site
0,424,evacuee,,Evacuee;274;in triage state;G;is at the evacuation site
0,427,evacuee,,Evacuee;273;in triage state;G;is at the evacuation site
0,430,evacuee,,Evacuee;337;in triage state;G;is at the evacuation site
0,433,evacuee,,Evacuee;301;in triage state;G;is at the evacuation site
0,436,evacuee,,Evacuee;272;in triage state;G;is at the evacuation site
0,439,evacuee,,Evacuee;270;in triage state;G;is at the evacuation site
0,442,evacuee,,Evacuee;264;in triage state;G;is at the evacuation site
0,445,evacuee,,Evacuee;262;in triage state;G;is at the evacuation site
0,448,evacuee,,Evacuee;260;in triage state;G;is at the evacuation site
0,451,evacuee,,Evacuee;259;in triage state;G;is at the evacuation site
0,454,evacuee,,Evacuee;125;in triage state;G;is at the evacuation site
0,457,evacuee,,Evacuee;114;in triage state;G;is at the evacuation site
0,460,evacuee,,Evacuee;289;in triage state;G;is at the evacuation site
0,463,evacuee,,Evacuee;88;in triage state;G;is at the evacuation site
0,466,evacuee,,Evacuee;449;in triage state;G;is at the evacuation site
0,469,evacuee,,Evacuee;122;in triage state;G;is at the evacuation site
0,472,evacuee,,Evacuee;108;in triage state;G;is at the evacuation site
0,475,evacuee,,Evacuee;276;in triage state;G;is at the evacuation site
0,478,evacuee,,Evacuee;121;in triage state;G;is at the evacuation site
0,481,evacuee,,Evacuee;386;in triage state;G;is at the evacuation site
0,484,evacuee,,Evacuee;117;in triage state;G;is at the evacuation site
0,487,evacuee,,Evacuee;192;in triage state;G;is at the evacuation site
0,490,evacuee,,Evacuee;432;in triage state;G;is at the evacuation site
0,493,evacuee,,Evacuee;245;in triage state;G;is at the evacuation site
0,496,evacuee,,Evacuee;310;in triage state;G;is at the evacuation site
0,499,evacuee,,Evacuee;118;in triage state;G;is at the evacuation site
0,502,evacuee,,Evacuee;502;in triage state;R;is at the evacuation site
0,505,evacuee,,Evacuee;491;in triage state;Y;is at the evacuation site
0,508,evacuee,,Evacuee;470;in triage state;G;is at the evacuation site
0,511,evacuee,,Evacuee;469;in triage state;G;is at the evacuation site
0,514,evacuee,,Evacuee;215;in triage state;G;is at the evacuation site
0,517,evacuee,,Evacuee;345;in triage state;G;is at the evacuation site
0,520,evacuee,,Evacuee;302;in triage state;G;is at the evacuation site
0,523,evacuee,,Evacuee;112;in triage state;G;is at the evacuation site
0,526,evacuee,,Evacuee;299;in triage state;G;is at the evacuation site
0,529,evacuee,,Evacuee;109;in triage state;G;is at the evacuation site
0,532,evacuee,,Evacuee;373;in triage state;G;is at the evacuation site
0,535,evacuee,,Evacuee;358;in triage state;G;is at the evacuation site
0,538,evacuee,,Evacuee;188;in triage state;G;is at the evacuation site
0,541,evacuee,,Evacuee;106;in triage state;G;is at the evacuation site
0,544,evacuee,,Evacuee;311;in triage state;G;is at the evacuation site
0,547,evacuee,,Evacuee;148;in triage state;G;is at the evacuation site
0,550,evacuee,,Evacuee;235;in triage state;G;is at the evacuation site
0,553,evacuee,,Evacuee;105;in triage state;G;is at the evacuation site
0,556,evacuee,,Evacuee;424;in triage state;G;is at the evacuation site
0,559,evacuee,,Evacuee;269;in triage state;G;is at the evacuation site
0,562,evacuee,,Evacuee;103;in triage state;G;is at the evacuation site
0,565,evacuee,,Evacuee;124;in triage state;G;is at the evacuation site
0,568,evacuee,,Evacuee;111;in triage state;G;is at the evacuation site
0,571,evacuee,,Evacuee;39;in triage state;G;is at the evacuation site
0,574,evacuee,,Evacuee;228;in triage state;G;is at the evacuation site
0,577,evacuee,,Evacuee;497;in triage state;Y;is at the evacuation site
0,580,evacuee,,Evacuee;101;in triage state;G;is at the evacuation site
0,583,evacuee,,Evacuee;142;in triage state;G;is at the evacuation site
0,586,evacuee,,Evacuee;99;in triage state;G;is at the evacuation site
0,589,evacuee,,Evacuee;485;in triage state;Y;is at the evacuation site
0,592,evacuee,,Evacuee;324;in triage state;G;is at the evacuation site
0,595,evacuee,,Evacuee;95;in triage state;G;is at the evacuation site
0,598,evacuee,,Evacuee;447;in triage state;G;is at the evacuation site
0,601,evacuee,,Evacuee;361;in triage state;G;is at the evacuation site
0,604,evacuee,,Evacuee;342;in triage state;G;is at the evacuation site
0,607,evacuee,,Evacuee;93;in triage state;G;is at the evacuation site
0,610,evacuee,,Evacuee;136;in triage state;G;is at the evacuation site
0,613,evacuee,,Evacuee;412;in triage state;G;is at the evacuation site
0,616,evacuee,,Evacuee;90;in triage state;G;is at the evacuation site
0,619,evacuee,,Evacuee;83;in triage state;G;is at the evacuation site
0,622,evacuee,,Evacuee;127;in triage state;G;is at the evacuation site
0,625,evacuee,,Evacuee;49;in triage state;G;is at the evacuation site
0,628,evacuee,,Evacuee;87;in triage state;G;is at the evacuation site
0,631,evacuee,,Evacuee;297;in triage state;G;is at the evacuation site
0,634,evacuee,,Evacuee;86;in triage state;G;is at the evacuation site
0,637,evacuee,,Evacuee;51;in triage state;G;is at the evacuation site
0,640,evacuee,,Evacuee;444;in triage state;G;is at the evacuation site
0,643,evacuee,,Evacuee;80;in triage state;G;is at the evacuation site
0,646,evacuee,,Evacuee;79;in triage state;G;is at the evacuation site
0,649,evacuee,,Evacuee;115;in triage state;G;is at the evacuation site
0,652,evacuee,,Evacuee;98;in triage state;G;is at the evacuation site
0,655,evacuee,,Evacuee;356;in triage state;G;is at the evacuation site
0,658,evacuee,,Evacuee;78;in triage state;G;is at the evacuation site
0,661,evacuee,,Evacuee;213;in triage state;G;is at the evacuation site
0,664,evacuee,,Evacuee;344;in triage state;G;is at the evacuation site
0,667,evacuee,,Evacuee;77;in triage state;G;is at the evacuation site
0,670,evacuee,,Evacuee;156;in triage state;G;is at the evacuation site
0,673,evacuee,,Evacuee;300;in triage state;G;is at the evacuation site
0,676,evacuee,,Evacuee;165;in triage state;G;is at the evacuation site
0,679,evacuee,,Evacuee;454;in triage state;G;is at the evacuation site
0,682,evacuee,,Evacuee;440;in triage state;G;is at the evacuation site
0,685,evacuee,,Evacuee;76;in triage state;G;is at the evacuation site
0,688,evacuee,,Evacuee;431;in triage state;G;is at the evacuation site
0,691,evacuee,,Evacuee;74;in triage state;G;is at the evacuation site
0,694,evacuee,,Evacuee;363;in triage state;G;is at the evacuation site
0,697,evacuee,,Evacuee;251;in triage state;G;is at the evacuation site
0,700,evacuee,,Evacuee;128;in triage state;G;is at the evacuation site
0,703,evacuee,,Evacuee;134;in triage state;G;is at the evacuation site
0,706,evacuee,,Evacuee;199;in triage state;G;is at the evacuation site
0,709,evacuee,,Evacuee;66;in triage state;G;is at the evacuation site
0,712,evacuee,,Evacuee;62;in triage state;G;is at the evacuation site
0,715,evacuee,,Evacuee;223;in triage state;G;is at the evacuation site
0,718,evacuee,,Evacuee;135;in triage state;G;is at the evacuation site
0,721,evacuee,,Evacuee;15;in triage state;G;is at the evacuation site
0,724,evacuee,,Evacuee;474;in triage state;G;is at the evacuation site
0,727,evacuee,,Evacuee;17;in triage state;G;is at the evacuation site
0,730,evacuee,,Evacuee;481;in triage state;Y;is at the evacuation site
0,733,evacuee,,Evacuee;179;in triage state;G;is at the evacuation site
0,736,evacuee,,Evacuee;147;in triage state;G;is at the evacuation site
0,739,evacuee,,Evacuee;65;in triage state;G;is at the evacuation site
0,742,evacuee,,Evacuee;14;in triage state;G;is at the evacuation site
0,745,evacuee,,Evacuee;218;in triage state;G;is at the evacuation site
0,748,evacuee,,Evacuee;2;in triage state;G;is at the evacuation site
0,751,evacuee,,Evacuee;33;in triage state;G;is at the evacuation site
0,754,evacuee,,Evacuee;271;in triage state;G;is at the evacuation site
0,757,evacuee,,Evacuee;9;in triage state;G;is at the evacuation site
0,760,evacuee,,Evacuee;25;in triage state;G;is at the evacuation site
0,763,evacuee,,Evacuee;334;in triage state;G;is at the evacuation site
0,766,evacuee,,Evacuee;70;in triage state;G;is at the evacuation site
0,769,evacuee,,Evacuee;5;in triage state;G;is at the evacuation site
0,772,evacuee,,Evacuee;250;in triage state;G;is at the evacuation site
0,775,evacuee,,Evacuee;107;in triage state;G;is at the evacuation site
0,778,evacuee,,Evacuee;229;in triage state;G;is at the evacuation site
0,781,evacuee,,Evacuee;110;in triage state;G;is at the evacuation site
0,784,evacuee,,Evacuee;141;in triage state;G;is at the evacuation site
0,787,evacuee,,Evacuee;133;in triage state;G;is at the evacuation site
0,790,evacuee,,Evacuee;493;in triage state;Y;is at the evacuation site
0,793,evacuee,,Evacuee;473;in triage state;G;is at the evacuation site
0,796,evacuee,,Evacuee;400;in triage state;G;is at the evacuation site
0,799,evacuee,,Evacuee;268;in triage state;G;is at the evacuation site
0,802,evacuee,,Evacuee;100;in triage state;G;is at the evacuation site
0,805,evacuee,,Evacuee;29;in triage state;G;is at the evacuation site
0,808,evacuee,,Evacuee;158;in triage state;G;is at the evacuation site
0,811,evacuee,,Evacuee;187;in triage state;G;is at the evacuation site
0,814,evacuee,,Evacuee;85;in triage state;G;is at the evacuation site
0,817,evacuee,,Evacuee;487;in triage state;Y;is at the evacuation site
0,820,evacuee,,Evacuee;71;in triage state;G;is at the evacuation site
0,823,evacuee,,Evacuee;332;in triage state;G;is at the evacuation site
0,826,evacuee,,Evacuee;81;in triage state;G;is at the evacuation site
0,829,evacuee,,Evacuee;104;in triage state;G;is at the evacuation site
0,832,evacuee,,Evacuee;40;in triage state;G;is at the evacuation site
0,835,evacuee,,Evacuee;97;in triage state;G;is at the evacuation site
0,838,evacuee,,Evacuee;453;in triage state;G;is at the evacuation site
0,841,evacuee,,Evacuee;285;in triage state;G;is at the evacuation site
0,844,evacuee,,Evacuee;89;in triage state;G;is at the evacuation site
0,847,evacuee,,Evacuee;394;in triage state;G;is at the evacuation site
0,850,evacuee,,Evacuee;240;in triage state;G;is at the evacuation site
0,853,evacuee,,Evacuee;8;in triage state;G;is at the evacuation site
0,856,evacuee,,Evacuee;3;in triage state;G;is at the evacuation site
0,859,evacuee,,Evacuee;172;in triage state;G;is at the evacuation site
0,862,evacuee,,Evacuee;256;in triage state;G;is at the evacuation site
0,865,evacuee,,Evacuee;347;in triage state;G;is at the evacuation site
0,868,evacuee,,Evacuee;82;in triage state;G;is at the evacuation site
0,871,evacuee,,Evacuee;54;in triage state;G;is at the evacuation site
0,874,evacuee,,Evacuee;368;in triage state;G;is at the evacuation site
0,877,evacuee,,Evacuee;4;in triage state;G;is at the evacuation site
0,880,evacuee,,Evacuee;18;in triage state;G;is at the evacuation site
0,883,evacuee,,Evacuee;387;in triage state;G;is at the evacuation site
0,886,evacuee,,Evacuee;246;in triage state;G;is at the evacuation site
0,889,evacuee,,Evacuee;22;in triage state;G;is at the evacuation site
0,892,evacuee,,Evacuee;92;in triage state;G;is at the evacuation site
0,895,evacuee,,Evacuee;44;in triage state;G;is at the evacuation site
0,898,evacuee,,Evacuee;150;in triage state;G;is at the evacuation site
0,901,evacuee,,Evacuee;119;in triage state;G;is at the evacuation site
0,904,evacuee,,Evacuee;6;in triage state;G;is at the evacuation site
0,907,evacuee,,Evacuee;173;in triage state;G;is at the evacuation site
0,910,evacuee,,Evacuee;157;in triage state;G;is at the evacuation site
0,913,evacuee,,Evacuee;451;in triage state;G;is at the evacuation site
0,916,evacuee,,Evacuee;359;in triage state;G;is at the evacuation site
0,919,evacuee,,Evacuee;286;in triage state;G;is at the evacuation site
0,922,evacuee,,Evacuee;196;in triage state;G;is at the evacuation site
0,925,evacuee,,Evacuee;407;in triage state;G;is at the evacuation site
0,928,evacuee,,Evacuee;132;in triage state;G;is at the evacuation site
0,931,evacuee,,Evacuee;31;in triage state;G;is at the evacuation site
0,934,evacuee,,Evacuee;38;in triage state;G;is at the evacuation site
0,937,evacuee,,Evacuee;10;in triage state;G;is at the evacuation site
0,940,evacuee,,Evacuee;26;in triage state;G;is at the evacuation site
0,943,evacuee,,Evacuee;343;in triage state;G;is at the evacuation site
0,946,evacuee,,Evacuee;241;in triage state;G;is at the evacuation site
0,949,evacuee,,Evacuee;418;in triage state;G;is at the evacuation site
0,952,evacuee,,Evacuee;75;in triage state;G;is at the evacuation site
0,955,evacuee,,Evacuee;37;in triage state;G;is at the evacuation site
0,958,evacuee,,Evacuee;496;in triage state;Y;is at the evacuation site
0,961,evacuee,,Evacuee;209;in triage state;G;is at the evacuation site
0,964,evacuee,,Evacuee;402;in triage state;G;is at the evacuation site
0,967,evacuee,,Evacuee;320;in triage state;G;is at the evacuation site
0,970,evacuee,,Evacuee;116;in triage state;G;is at the evacuation site
0,973,evacuee,,Evacuee;61;in triage state;G;is at the evacuation site
0,976,evacuee,,Evacuee;52;in triage state;G;is at the evacuation site
0,979,evacuee,,Evacuee;41;in triage state;G;is at the evacuation site
0,982,evacuee,,Evacuee;304;in triage state;G;is at the evacuation site
0,985,evacuee,,Evacuee;154;in triage state;G;is at the evacuation site
0,988,evacuee,,Evacuee;421;in triage state;G;is at the evacuation site
0,991,evacuee,,Evacuee;405;in triage state;G;is at the evacuation site
0,994,evacuee,,Evacuee;21;in triage state;G;is at the evacuation site
0,997,evacuee,,Evacuee;68;in triage state;G;is at the evacuation site
0,1000,evacuee,,Evacuee;72;in triage state;G;is at the evacuation site
0,1003,evacuee,,Evacuee;46;in triage state;G;is at the evacuation site
0,1006,evacuee,,Evacuee;53;in triage state;G;is at the evacuation site
0,1009,evacuee,,Evacuee;220;in triage state;G;is at the evacuation site
0,1012,evacuee,,Evacuee;355;in triage state;G;is at the evacuation site
0,1015,evacuee,,Evacuee;23;in triage state;G;is at the evacuation site
0,1018,evacuee,,Evacuee;200;in triage state;G;is at the evacuation site
0,1021,evacuee,,Evacuee;255;in triage state;G;is at the evacuation site
0,1024,evacuee,,Evacuee;13;in triage state;G;is at the evacuation site
0,1027,evacuee,,Evacuee;24;in triage state;G;is at the evacuation site
0,1030,evacuee,,Evacuee;32;in triage state;G;is at the evacuation site
0,1033,evacuee,,Evacuee;34;in triage state;G;is at the evacuation site
0,1036,evacuee,,Evacuee;64;in triage state;G;is at the evacuation site
0,1039,evacuee,,Evacuee;429;in triage state;G;is at the evacuation site
0,1042,evacuee,,Evacuee;102;in triage state;G;is at the evacuation site
0,1045,evacuee,,Evacuee;160;in triage state;G;is at the evacuation site
0,1048,evacuee,,Evacuee;20;in triage state;G;is at the evacuation site
0,1051,evacuee,,Evacuee;35;in triage state;G;is at the evacuation site
0,1054,evacuee,,Evacuee;155;in triage state;G;is at the evacuation site
0,1057,evacuee,,Evacuee;36;in triage state;G;is at the evacuation site
0,1060,evacuee,,Evacuee;198;in triage state;G;is at the evacuation site
0,1063,evacuee,,Evacuee;84;in triage state;G;is at the evacuation site
0,1066,evacuee,,Evacuee;42;in triage state;G;is at the evacuation site
0,1069,evacuee,,Evacuee;91;in triage state;G;is at the evacuation site
0,1072,evacuee,,Evacuee;43;in triage state;G;is at the evacuation site
0,1075,evacuee,,Evacuee;30;in triage state;G;is at the evacuation site
0,1078,evacuee,,Evacuee;336;in triage state;G;is at the evacuation site
0,1081,evacuee,,Evacuee;307;in triage state;G;is at the evacuation site
0,1084,evacuee,,Evacuee;212;in triage state;G;is at the evacuation site
0,1087,evacuee,,Evacuee;391;in triage state;G;is at the evacuation site
0,1090,evacuee,,Evacuee;388;in triage state;G;is at the evacuation site
0,1093,evacuee,,Evacuee;55;in triage state;G;is at the evacuation site
0,1096,evacuee,,Evacuee;48;in triage state;G;is at the evacuation site
0,1099,evacuee,,Evacuee;144;in triage state;G;is at the evacuation site
0,1102,evacuee,,Evacuee;50;in triage state;G;is at the evacuation site
0,1105,evacuee,,Evacuee;19;in triage state;G;is at the evacuation site
0,1108,evacuee,,Evacuee;182;in triage state;G;is at the evacuation site
0,1111,evacuee,,Evacuee;490;in triage state;Y;is at the evacuation site
0,1114,evacuee,,Evacuee;266;in triage state;G;is at the evacuation site
0,1117,evacuee,,Evacuee;120;in triage state;G;is at the evacuation site
0,1124,evacuee,,Evacuee;94;in triage state;G;is at the evacuation site
0,1127,evacuee,,Evacuee;63;in triage state;G;is at the evacuation site
0,1130,evacuee,,Evacuee;175;in triage state;G;is at the evacuation site
0,1133,evacuee,,Evacuee;47;in triage state;G;is at the evacuation site
0,1136,evacuee,,Evacuee;56;in triage state;G;is at the evacuation site
0,1139,evacuee,,Evacuee;367;in triage state;G;is at the evacuation site
0,1142,evacuee,,Evacuee;364;in triage state;G;is at the evacuation site
0,1145,evacuee,,Evacuee;208;in triage state;G;is at the evacuation site
0,1148,evacuee,,Evacuee;57;in triage state;G;is at the evacuation site
0,1151,evacuee,,Evacuee;231;in triage state;G;is at the evacuation site
0,1154,evacuee,,Evacuee;261;in triage state;G;is at the evacuation site
0,1157,evacuee,,Evacuee;45;in triage state;G;is at the evacuation site
0,1164,evacuee,,Evacuee;263;in triage state;G;is at the evacuation site
0,1167,evacuee,,Evacuee;190;in triage state;G;is at the evacuation site
0,1170,evacuee,,Evacuee;465;in triage state;G;is at the evacuation site
0,1173,evacuee,,Evacuee;60;in triage state;G;is at the evacuation site
0,1176,evacuee,,Evacuee;385;in triage state;G;is at the evacuation site
0,1179,evacuee,,Evacuee;181;in triage state;G;is at the evacuation site
0,1182,evacuee,,Evacuee;416;in triage state;G;is at the evacuation site
0,1185,evacuee,,Evacuee;129;in triage state;G;is at the evacuation site
0,1188,evacuee,,Evacuee;308;in triage state;G;is at the evacuation site
0,1191,evacuee,,Evacuee;131;in triage state;G;is at the evacuation site
0,1194,evacuee,,Evacuee;137;in triage state;G;is at the evacuation site
0,1197,evacuee,,Evacuee;138;in triage state;G;is at the evacuation site
0,1200,evacuee,,Evacuee;265;in triage state;G;is at the evacuation site
0,1203,evacuee,,Evacuee;139;in triage state;G;is at the evacuation site
0,1206,evacuee,,Evacuee;194;in triage state;G;is at the evacuation site
0,1209,evacuee,,Evacuee;140;in triage state;G;is at the evacuation site
0,1212,evacuee,,Evacuee;130;in triage state;G;is at the evacuation site
0,1215,evacuee,,Evacuee;143;in triage state;G;is at the evacuation site
0,1218,evacuee,,Evacuee;149;in triage state;G;is at the evacuation site
0,1221,evacuee,,Evacuee;296;in triage state;G;is at the evacuation site
0,1224,evacuee,,Evacuee;151;in triage state;G;is at the evacuation site
0,1227,evacuee,,Evacuee;222;in triage state;G;is at the evacuation site
0,1230,evacuee,,Evacuee;152;in triage state;G;is at the evacuation site
0,1233,evacuee,,Evacuee;153;in triage state;G;is at the evacuation site
0,1236,evacuee,,Evacuee;67;in triage state;G;is at the evacuation site
0,1239,evacuee,,Evacuee;123;in triage state;G;is at the evacuation site
0,1242,evacuee,,Evacuee;159;in triage state;G;is at the evacuation site
0,1245,evacuee,,Evacuee;161;in triage state;G;is at the evacuation site
0,1248,evacuee,,Evacuee;28;in triage state;G;is at the evacuation site
0,1251,evacuee,,Evacuee;126;in triage state;G;is at the evacuation site
0,1254,evacuee,,Evacuee;234;in triage state;G;is at the evacuation site
0,1257,evacuee,,Evacuee;162;in triage state;G;is at the evacuation site
0,1260,evacuee,,Evacuee;163;in triage state;G;is at the evacuation site
0,1263,evacuee,,Evacuee;166;in triage state;G;is at the evacuation site
0,1266,evacuee,,Evacuee;16;in triage state;G;is at the evacuation site
0,1269,evacuee,,Evacuee;242;in triage state;G;is at the evacuation site
0,1272,evacuee,,Evacuee;178;in triage state;G;is at the evacuation site
0,1275,evacuee,,Evacuee;438;in triage state;G;is at the evacuation site
0,1278,evacuee,,Evacuee;146;in triage state;G;is at the evacuation site
0,1281,evacuee,,Evacuee;167;in triage state;G;is at the evacuation site
0,1284,evacuee,,Evacuee;145;in triage state;G;is at the evacuation site
0,1287,evacuee,,Evacuee;168;in triage state;G;is at the evacuation site
0,1290,evacuee,,Evacuee;176;in triage state;G;is at the evacuation site
0,1293,evacuee,,Evacuee;230;in triage state;G;is at the evacuation site
0,1296,evacuee,,Evacuee;169;in triage state;G;is at the evacuation site
0,1299,evacuee,,Evacuee;170;in triage state;G;is at the evacuation site
0,1302,evacuee,,Evacuee;171;in triage state;G;is at the evacuation site
0,1305,evacuee,,Evacuee;174;in triage state;G;is at the evacuation site
0,1308,evacuee,,Evacuee;177;in triage state;G;is at the evacuation site
0,1311,evacuee,,Evacuee;435;in triage state;G;is at the evacuation site
0,1314,evacuee,,Evacuee;58;in triage state;G;is at the evacuation site
0,1317,evacuee,,Evacuee;203;in triage state;G;is at the evacuation site
0,1320,evacuee,,Evacuee;232;in triage state;G;is at the evacuation site
0,1323,evacuee,,Evacuee;183;in triage state;G;is at the evacuation site
0,1326,evacuee,,Evacuee;184;in triage state;G;is at the evacuation site
0,1329,evacuee,,Evacuee;185;in triage state;G;is at the evacuation site
0,1332,evacuee,,Evacuee;186;in triage state;G;is at the evacuation site
0,1335,evacuee,,Evacuee;417;in triage state;G;is at the evacuation site
0,1338,evacuee,,Evacuee;217;in triage state;G;is at the evacuation site
0,1341,evacuee,,Evacuee;189;in triage state;G;is at the evacuation site
0,1344,evacuee,,Evacuee;253;in triage state;G;is at the evacuation site
0,1347,evacuee,,Evacuee;191;in triage state;G;is at the evacuation site
0,1350,evacuee,,Evacuee;314;in triage state;G;is at the evacuation site
0,1353,evacuee,,Evacuee;249;in triage state;G;is at the evacuation site
0,1356,evacuee,,Evacuee;193;in triage state;G;is at the evacuation site
0,1359,evacuee,,Evacuee;195;in triage state;G;is at the evacuation site
0,1362,evacuee,,Evacuee;399;in triage state;G;is at the evacuation site
0,1365,evacuee,,Evacuee;197;in triage state;G;is at the evacuation site
0,1368,evacuee,,Evacuee;450;in triage state;G;is at the evacuation site
0,1371,evacuee,,Evacuee;252;in triage state;G;is at the evacuation site
0,1374,evacuee,,Evacuee;329;in triage state;G;is at the evacuation site
0,1377,evacuee,,Evacuee;201;in triage state;G;is at the evacuation site
0,1380,evacuee,,Evacuee;11;in triage state;G;is at the evacuation site
0,1383,evacuee,,Evacuee;202;in triage state;G;is at the evacuation site
0,1386,evacuee,,Evacuee;390;in triage state;G;is at the evacuation site
0,1389,evacuee,,Evacuee;204;in triage state;G;is at the evacuation site
0,1392,evacuee,,Evacuee;275;in triage state;G;is at the evacuation site
0,1395,evacuee,,Evacuee;205;in triage state;G;is at the evacuation site
0,1398,evacuee,,Evacuee;323;in triage state;G;is at the evacuation site
0,1401,evacuee,,Evacuee;180;in triage state;G;is at the evacuation site
0,1404,evacuee,,Evacuee;206;in triage state;G;is at the evacuation site
0,1407,evacuee,,Evacuee;69;in triage state;G;is at the evacuation site
0,1410,evacuee,,Evacuee;207;in triage state;G;is at the evacuation site
0,1413,evacuee,,Evacuee;27;in triage state;G;is at the evacuation site
0,1416,evacuee,,Evacuee;211;in triage state;G;is at the evacuation site
0,1419,evacuee,,Evacuee;294;in triage state;G;is at the evacuation site
0,1422,evacuee,,Evacuee;214;in triage state;G;is at the evacuation site
0,1425,evacuee,,Evacuee;12;in triage state;G;is at the evacuation site
0,1428,evacuee,,Evacuee;216;in triage state;G;is at the evacuation site
0,1431,evacuee,,Evacuee;219;in triage state;G;is at the evacuation site
0,1434,evacuee,,Evacuee;221;in triage state;G;is at the evacuation site
0,1437,evacuee,,Evacuee;224;in triage state;G;is at the evacuation site
0,1440,evacuee,,Evacuee;339;in triage state;G;is at the evacuation site
0,1443,evacuee,,Evacuee;225;in triage state;G;is at the evacuation site
0,1446,evacuee,,Evacuee;164;in triage state;G;is at the evacuation site
0,1449,evacuee,,Evacuee;226;in triage state;G;is at the evacuation site
0,1452,evacuee,,Evacuee;464;in triage state;G;is at the evacuation site
0,1455,evacuee,,Evacuee;227;in triage state;G;is at the evacuation site
0,1458,evacuee,,Evacuee;267;in triage state;G;is at the evacuation site
0,1461,evacuee,,Evacuee;73;in triage state;G;is at the evacuation site
0,1464,evacuee,,Evacuee;233;in triage state;G;is at the evacuation site
0,1467,evacuee,,Evacuee;236;in triage state;G;is at the evacuation site
0,1470,evacuee,,Evacuee;7;in triage state;G;is at the evacuation site
0,1473,evacuee,,Evacuee;237;in triage state;G;is at the evacuation site
0,1476,evacuee,,Evacuee;238;in triage state;G;is at the evacuation site
0,1479,evacuee,,Evacuee;113;in triage state;G;is at the evacuation site
0,1482,evacuee,,Evacuee;239;in triage state;G;is at the evacuation site
0,1485,evacuee,,Evacuee;243;in triage state;G;is at the evacuation site
0,1488,evacuee,,Evacuee;96;in triage state;G;is at the evacuation site
0,1491,evacuee,,Evacuee;244;in triage state;G;is at the evacuation site
0,1494,evacuee,,Evacuee;247;in triage state;G;is at the evacuation site
0,1497,evacuee,,Evacuee;59;in triage state;G;is at the evacuation site
0,1500,evacuee,,Evacuee;248;in triage state;G;is at the evacuation site
0,1503,evacuee,,Evacuee;467;in triage state;G;is at the evacuation site
0,1506,evacuee,,Evacuee;298;in triage state;G;is at the evacuation site
0,1509,evacuee,,Evacuee;254;in triage state;G;is at the evacuation site
0,1512,evacuee,,Evacuee;257;in triage state;G;is at the evacuation site
0,1515,evacuee,,Evacuee;210;in triage state;G;is at the evacuation site
0,1518,evacuee,,Evacuee;258;in triage state;G;is at the evacuation site
0,5,helicopterQueue,,;No helos are waiting to land
4.86229,3,evacueeManager,,OFF SHIP: White;0;Green;474;Yellow;21;Red;5;Black;0;ON SHIP: White;0;Green;0;Yellow;0;Red;0;Evacuees to Transfer;
4.86229,1215,evacuee,outES,Evacuee 143 in triage category G is not assigned a helicopter
4.86229,1215,evacuee,,Evacuee;143;in triage state;Y;is at the evacuation site
5.46814,3,evacueeManager,,OFF SHIP: White;0;Green;473;Yellow;22;Red;5;Black;0;ON SHIP: White;0;Green;0;Yellow;0;Red;0;Evacuees to Transfer;
5.46814,1281,evacuee,outES,Evacuee 167 in triage category G is not assigned a helicopter
5.46814,1281,evacuee,,Evacuee;167;in triage state;Y;is at the evacuation site
10.098,3,evacueeManager,,OFF SHIP: White;0;Green;472;Yellow;23;Red;5;Black;0;ON SHIP: White;0;Green;0;Yellow;0;Red;0;Evacuees to Transfer;
10.098,544,evacuee,outES,Evacuee 311 in triage category G is not assigned a helicopter
10.098,544,evacuee,,Evacuee;311;in triage state;Y;is at the evacuation site
12.7703,3,evacueeManager,,OFF SHIP: White;0;Green;472;Yellow;22;Red;6;Black;0;ON SHIP: White;0;Green;0;Yellow;0;Red;0;Evacuees to Transfer;
12.7703,817,evacuee,outES,Evacuee 487 in triage category Y is not assigned a helicopter
12.7703,817,evacuee,,Evacuee;487;in triage state;R;is at the evacuation site
13.7418,3,evacueeManager,,OFF SHIP: White;0;Green;471;Yellow;23;Red;6;Black;0;ON SHIP: White;0;Green;0;Yellow;0;Red;0;Evacuees to Transfer;
13.7418,940,evacuee,outES,Evacuee 26 in triage category G is not assigned a helicopter
13.7418,940,evacuee,,Evacuee;26;in triage state;Y;is at the evacuation site
14.688,3,evacueeManager,,OFF SHIP: White;0;Green;471;Yellow;23;Red;5;Black;1;ON SHIP: White;0;Green;0;Yellow;0;Red;0;Evacuees to Transfer;
14.688,283,evacuee,outES,Evacuee 503 in triage category R is not assigned a helicopter
14.688,283,evacuee,,Evacuee;503;in triage state;B;is at the evacuation site
16.1175,3,evacueeManager,,OFF SHIP: White;0;Green;470;Yellow;24;Red;5;Black;1;ON SHIP: White;0;Green;0;Yellow;0;Red;0;Evacuees to Transfer;
16.1175,204,evacuee,outES,Evacuee 379 in triage category G is not assigned a helicopter
16.1175,204,evacuee,,Evacuee;379;in triage state;Y;is at the evacuation site
17.1679,3,evacueeManager,,OFF SHIP: White;0;Green;469;Yellow;25;Red;5;Black;1;ON SHIP: White;0;Green;0;Yellow;0;Red;0;Evacuees to Transfer;
17.1679,62,evacuee,outES,Evacuee 462 in triage category G is not assigned a helicopter
17.1679,62,evacuee,,Evacuee;462;in triage state;Y;is at the evacuation site
17.8323,3,evacueeManager,,OFF SHIP: White;0;Green;468;Yellow;26;Red;5;Black;1;ON SHIP: White;0;Green;0;Yellow;0;Red;0;Evacuees to Transfer;
17.8323,1145,evacuee,outES,Evacuee 208 in triage category G is not assigned a helicopter
17.8323,1145,evacuee,,Evacuee;208;in triage state;Y;is at the evacuation site
19.6244,3,evacueeManager,,OFF SHIP: White;0;Green;468;Yellow;26;Red;4;Black;2;ON SHIP: White;0;Green;0;Yellow;0;Red;0;Evacuees to Transfer;
19.6244,8,evacuee,outES,Evacuee 501 in triage category R is not assigned a helicopter
19.6244,8,evacuee,,Evacuee;501;in triage state;B;is at the evacuation site
27.8065,3,evacueeManager,,OFF SHIP: White;0;Green;467;Yellow;27;Red;4;Black;2;ON SHIP: White;0;Green;0;Yellow;0;Red;0;Evacuees to Transfer;
27.8065,748,evacuee,outES,Evacuee 2 in triage category G is not assigned a helicopter
27.8065,748,evacuee,,Evacuee;2;in triage state;Y;is at the evacuation site
28.3566,3,evacueeManager,,OFF SHIP: White;0;Green;467;Yellow;27;Red;3;Black;3;ON SHIP: White;0;Green;0;Yellow;0;Red;0;Evacuees to Transfer;
28.3566,11,evacuee,outES,Evacuee 500 in triage category R is not assigned a helicopter
28.3566,11,evacuee,,Evacuee;500;in triage state;B;is at the evacuation site
30.3209,3,evacueeManager,,OFF SHIP: White;0;Green;467;Yellow;26;Red;4;Black;3;ON SHIP: White;0;Green;0;Yellow;0;Red;0;Evacuees to Transfer;
30.3209,1281,evacuee,outES,Evacuee 167 in triage category Y is not assigned a helicopter
30.3209,1281,evacuee,,Evacuee;167;in triage state;R;is at the evacuation site
31.5833,3,evacueeManager,,OFF SHIP: White;0;Green;466;Yellow;27;Red;4;Black;3;ON SHIP: White;0;Green;0;Yellow;0;Red;0;Evacuees to Transfer;
31.5833,409,evacuee,outES,Evacuee 333 in triage category G is not assigned a helicopter
31.5833,409,evacuee,,Evacuee;333;in triage state;Y;is at the evacuation site
37.4552,3,evacueeManager,,OFF SHIP: White;0;Green;466;Yellow;26;Red;5;Black;3;ON SHIP: White;0;Green;0;Yellow;0;Red;0;Evacuees to Transfer;
37.4552,1145,evacuee,outES,Evacuee 208 in triage category Y is not assigned a helicopter
37.4552,1145,evacuee,,Evacuee;208;in triage state;R;is at the evacuation site
40.7422,3,evacueeManager,,OFF SHIP: White;0;Green;466;Yellow;26;Red;4;Black;4;ON SHIP: White;0;Green;0;Yellow;0;Red;0;Evacuees to Transfer;
40.7422,502,evacuee,outES,Evacuee 502 in triage category R is not assigned a helicopter
40.7422,502,evacuee,,Evacuee;502;in triage state;B;is at the evacuation site
42.9775,3,evacueeManager,,OFF SHIP: White;0;Green;466;Yellow;26;Red;3;Black;5;ON SHIP: White;0;Green;0;Yellow;0;Red;0;Evacuees to Transfer;
42.9775,817,evacuee,outES,Evacuee 487 in triage category R is not assigned a helicopter
42.9775,817,evacuee,,Evacuee;487;in triage state;B;is at the evacuation site
43.9494,3,evacueeManager,,OFF SHIP: White;0;Green;465;Yellow;27;Red;3;Black;5;ON SHIP: White;0;Green;0;Yellow;0;Red;0;Evacuees to Transfer;
43.9494,1009,evacuee,outES,Evacuee 220 in triage category G is not assigned a helicopter
43.9494,1009,evacuee,,Evacuee;220;in triage state;Y;is at the evacuation site
48.6415,3,evacueeManager,,OFF SHIP: White;0;Green;464;Yellow;28;Red;3;Black;5;ON SHIP: White;0;Green;0;Yellow;0;Red;0;Evacuees to Transfer;
48.6415,274,evacuee,outES,Evacuee 338 in triage category G is not assigned a helicopter
48.6415,274,evacuee,,Evacuee;338;in triage state;Y;is at the evacuation site
54.5192,3,evacueeManager,,OFF SHIP: White;0;Green;463;Yellow;29;Red;3;Black;5;ON SHIP: White;0;Green;0;Yellow;0;Red;0;Evacuees to Transfer;
54.5192,1416,evacuee,outES,Evacuee 211 in triage category G is not assigned a helicopter
54.5192,1416,evacuee,,Evacuee;211;in triage state;Y;is at the evacuation site
56.312,3,evacueeManager,,OFF SHIP: White;0;Green;462;Yellow;30;Red;3;Black;5;ON SHIP: White;0;Green;0;Yellow;0;Red;0;Evacuees to Transfer;
56.312,613,evacuee,outES,Evacuee 412 in triage category G is not assigned a helicopter
56.312,613,evacuee,,Evacuee;412;in triage state;Y;is at the evacuation site
59.6774,3,evacueeManager,,OFF SHIP: White;0;Green;461;Yellow;31;Red;3;Black;5;ON SHIP: White;0;Green;0;Yellow;0;Red;0;Evacuees to Transfer;
59.6774,478,evacuee,outES,Evacuee 121 in triage category G is not assigned a helicopter
59.6774,478,evacuee,,Evacuee;121;in triage state;Y;is at the evacuation site
65.2398,3,evacueeManager,,OFF SHIP: White;0;Green;460;Yellow;32;Red;3;Black;5;ON SHIP: White;0;Green;0;Yellow;0;Red;0;Evacuees to Transfer;
65.2398,1075,evacuee,outES,Evacuee 30 in triage category G is not assigned a helicopter
65.2398,1075,evacuee,,Evacuee;30;in triage state;Y;is at the evacuation site
69.2218,3,evacueeManager,,OFF SHIP: White;0;Green;460;Yellow;31;Red;4;Black;5;ON SHIP: White;0;Green;0;Yellow;0;Red;0;Evacuees to Transfer;
69.2218,71,evacuee,outES,Evacuee 495 in triage category Y is not assigned a helicopter
69.2218,71,evacuee,,Evacuee;495;in triage state;R;is at the evacuation site
72.4373,3,evacueeManager,,OFF SHIP: White;0;Green;460;Yellow;30;Red;5;Black;5;ON SHIP: White;0;Green;0;Yellow;0;Red;0;Evacuees to Transfer;
72.4373,544,evacuee,outES,Evacuee 311 in triage category Y is not assigned a helicopter
72.4373,544,evacuee,,Evacuee;311;in triage state;R;is at the evacuation site
79.2767,3,evacueeManager,,OFF SHIP: White;0;Green;459;Yellow;31;Red;5;Black;5;ON SHIP: White;0;Green;0;Yellow;0;Red;0;Evacuees to Transfer;
79.2767,1350,evacuee,outES,Evacuee 314 in triage category G is not assigned a helicopter
79.2767,1350,evacuee,,Evacuee;314;in triage state;Y;is at the evacuation site
82.3294,3,evacueeManager,,OFF SHIP: White;0;Green;458;Yellow;32;Red;5;Black;5;ON SHIP: White;0;Green;0;Yellow;0;Red;0;Evacuees to Transfer;
82.3294,682,evacuee,outES,Evacuee 440 in triage category G is not assigned a helicopter
82.3294,682,evacuee,,Evacuee;440;in triage state;Y;is at the evacuation site
82.839,3,evacueeManager,,OFF SHIP: White;0;Green;457;Yellow;33;Red;5;Black;5;ON SHIP: White;0;Green;0;Yellow;0;Red;0;Evacuees to Transfer;
82.839,1485,evacuee,outES,Evacuee 243 in triage category G is not assigned a helicopter
82.839,1485,evacuee,,Evacuee;243;in triage state;Y;is at the evacuation site
87.2926,3,evacueeManager,,OFF SHIP: White;0;Green;457;Yellow;33;Red;4;Black;6;ON SHIP: White;0;Green;0;Yellow;0;Red;0;Evacuees to Transfer;
87.2926,35,evacuee,outES,Evacuee 499 in triage category R is not assigned a helicopter
87.2926,35,evacuee,,Evacuee;499;in triage state;B;is at the evacuation site
97.4113,3,evacueeManager,,OFF SHIP: White;0;Green;457;Yellow;33;Red;3;Black;7;ON SHIP: White;0;Green;0;Yellow;0;Red;0;Evacuees to Transfer;
97.4113,1145,evacuee,outES,Evacuee 208 in triage category R is not assigned a helicopter
97.4113,1145,evacuee,,Evacuee;208;in triage state;B;is at the evacuation site
100.147,3,evacueeManager,,OFF SHIP: White;0;Green;456;Yellow;34;Red;3;Black;7;ON SHIP: White;0;Green;0;Yellow;0;Red;0;Evacuees to Transfer;
100.147,343,evacuee,outES,Evacuee 309 in triage category G is not assigned a helicopter
100.147,343,evacuee,,Evacuee;309;in triage state;Y;is at the evacuation site
105.161,3,evacueeManager,,OFF SHIP: White;0;Green;455;Yellow;35;Red;3;Black;7;ON SHIP: White;0;Green;0;Yellow;0;Red;0;Evacuees to Transfer;
105.161,874,evacuee,outES,Evacuee 368 in triage category G is not assigned a helicopter
105.161,874,evacuee,,Evacuee;368;in triage state;Y;is at the evacuation site
105.269,3,evacueeManager,,OFF SHIP: White;0;Green;455;Yellow;35;Red;2;Black;8;ON SHIP: White;0;Green;0;Yellow;0;Red;0;Evacuees to Transfer;
105.269,544,evacuee,outES,Evacuee 311 in triage category R is not assigned a helicopter
105.269,544,evacuee,,Evacuee;311;in triage state;B;is at the evacuation site
114.641,3,evacueeManager,,OFF SHIP: White;0;Green;454;Yellow;36;Red;2;Black;8;ON SHIP: White;0;Green;0;Yellow;0;Red;0;Evacuees to Transfer;
114.641,138,evacuee,outES,Evacuee 409 in triage category G is not assigned a helicopter
114.641,138,evacuee,,Evacuee;409;in triage state;Y;is at the evacuation site
127.955,3,evacueeManager,,OFF SHIP: White;0;Green;454;Yellow;35;Red;3;Black;8;ON SHIP: White;0;Green;0;Yellow;0;Red;0;Evacuees to Transfer;
127.955,874,evacuee,outES,Evacuee 368 in triage category Y is not assigned a helicopter
127.955,874,evacuee,,Evacuee;368;in triage state;R;is at the evacuation site
128.132,3,evacueeManager,,OFF SHIP: White;0;Green;454;Yellow;35;Red;2;Black;9;ON SHIP: White;0;Green;0;Yellow;0;Red;0;Evacuees to Transfer;
128.132,874,evacuee,outES,Evacuee 368 in triage category R is not assigned a helicopter
128.132,874,evacuee,,Evacuee;368;in triage state;B;is at the evacuation site
134.907,3,evacueeManager,,OFF SHIP: White;0;Green;453;Yellow;36;Red;2;Black;9;ON SHIP: White;0;Green;0;Yellow;0;Red;0;Evacuees to Transfer;
134.907,547,evacuee,outES,Evacuee 148 in triage category G is not assigned a helicopter
134.907,547,evacuee,,Evacuee;148;in triage state;Y;is at the evacuation site
136.89,3,evacueeManager,,OFF SHIP: White;0;Green;453;Yellow;35;Red;3;Black;9;ON SHIP: White;0;Green;0;Yellow;0;Red;0;Evacuees to Transfer;
136.89,748,evacuee,outES,Evacuee 2 in triage category Y is not assigned a helicopter
136.89,748,evacuee,,Evacuee;2;in triage state;R;is at the evacuation site
137.155,3,evacueeManager,,OFF SHIP: White;0;Green;452;Yellow;36;Red;3;Black;9;ON SHIP: White;0;Green;0;Yellow;0;Red;0;Evacuees to Transfer;
137.155,1284,evacuee,outES,Evacuee 145 in triage category G is not assigned a helicopter
137.155,1284,evacuee,,Evacuee;145;in triage state;Y;is at the evacuation site
140.027,3,evacueeManager,,OFF SHIP: White;0;Green;452;Yellow;35;Red;4;Black;9;ON SHIP: White;0;Green;0;Yellow;0;Red;0;Evacuees to Transfer;
140.027,138,evacuee,outES,Evacuee 409 in triage category Y is not assigned a helicopter
140.027,138,evacuee,,Evacuee;409;in triage state;R;is at the evacuation site
143.446,3,evacueeManager,,OFF SHIP: White;0;Green;451;Yellow;36;Red;4;Black;9;ON SHIP: White;0;Green;0;Yellow;0;Red;0;Evacuees to Transfer;
143.446,943,evacuee,outES,Evacuee 343 in triage category G is not assigned a helicopter
143.446,943,evacuee,,Evacuee;343;in triage state;Y;is at the evacuation site
143.562,3,evacueeManager,,OFF SHIP: White;0;Green;450;Yellow;37;Red;4;Black;9;ON SHIP: White;0;Green;0;Yellow;0;Red;0;Evacuees to Transfer;
143.562,207,evacuee,outES,Evacuee 378 in triage category G is not assigned a helicopter
143.562,207,evacuee,,Evacuee;378;in triage state;Y;is at the evacuation site
144.66,3,evacueeManager,,OFF SHIP: White;0;Green;449;Yellow;38;Red;4;Black;9;ON SHIP: White;0;Green;0;Yellow;0;Red;0;Evacuees to Transfer;
144.66,65,evacuee,outES,Evacuee 461 in triage category G is not assigned a helicopter
144.66,65,evacuee,,Evacuee;461;in triage state;Y;is at the evacuation site
147.726,3,evacueeManager,,OFF SHIP: White;0;Green;448;Yellow;39;Red;4;Black;9;ON SHIP: White;0;Green;0;Yellow;0;Red;0;Evacuees to Transfer;
147.726,1148,evacuee,outES,Evacuee 57 in triage category G is not assigned a helicopter
147.726,1148,evacuee,,Evacuee;57;in triage state;Y;is at the evacuation site
152.14,3,evacueeManager,,OFF SHIP: White;0;Green;448;Yellow;38;Red;5;Black;9;ON SHIP: White;0;Green;0;Yellow;0;Red;0;Evacuees to Transfer;
152.14,958,evacuee,outES,Evacuee 496 in triage category Y is not assigned a helicopter
152.14,958,evacuee,,Evacuee;496;in triage state;R;is at the evacuation site
154.117,3,evacueeManager,,OFF SHIP: White;0;Green;448;Yellow;37;Red;6;Black;9;ON SHIP: White;0;Green;0;Yellow;0;Red;0;Evacuees to Transfer;
154.117,274,evacuee,outES,Evacuee 338 in triage category Y is not assigned a helicopter
154.117,274,evacuee,,Evacuee;338;in triage state;R;is at the evacuation site
155.935,3,evacueeManager,,OFF SHIP: White;0;Green;448;Yellow;36;Red;7;Black;9;ON SHIP: White;0;Green;0;Yellow;0;Red;0;Evacuees to Transfer;
155.935,1075,evacuee,outES,Evacuee 30 in triage category Y is not assigned a helicopter
155.935,1075,evacuee,,Evacuee;30;in triage state;R;is at the evacuation site
162.163,3,evacueeManager,,OFF SHIP: White;0;Green;448;Yellow;36;Red;6;Black;10;ON SHIP: White;0;Green;0;Yellow;0;Red;0;Evacuees to Transfer;
162.163,958,evacuee,outES,Evacuee 496 in triage category R is not assigned a helicopter
162.163,958,evacuee,,Evacuee;496;in triage state;B;is at the evacuation site
162.927,3,evacueeManager,,OFF SHIP: White;0;Green;447;Yellow;37;Red;6;Black;10;ON SHIP: White;0;Green;0;Yellow;0;Red;0;Evacuees to Transfer;
162.927,751,evacuee,outES,Evacuee 33 in triage category G is not assigned a helicopter
162.927,751,evacuee,,Evacuee;33;in triage state;Y;is at the evacuation site
164.498,3,evacueeManager,,OFF SHIP: White;0;Green;446;Yellow;38;Red;6;Black;10;ON SHIP: White;0;Green;0;Yellow;0;Red;0;Evacuees to Transfer;
164.498,412,evacuee,outES,Evacuee 279 in triage category G is not assigned a helicopter
164.498,412,evacuee,,Evacuee;279;in triage state;Y;is at the evacuation site
166.576,3,evacueeManager,,OFF SHIP: White;0;Green;446;Yellow;38;Red;5;Black;11;ON SHIP: White;0;Green;0;Yellow;0;Red;0;Evacuees to Transfer;
166.576,1075,evacuee,outES,Evacuee 30 in triage category R is not assigned a helicopter
166.576,1075,evacuee,,Evacuee;30;in triage state;B;is at the evacuation site
166.639,3,evacueeManager,,OFF SHIP: White;0;Green;446;Yellow;38;Red;4;Black;12;ON SHIP: White;0;Green;0;Yellow;0;Red;0;Evacuees to Transfer;
166.639,71,evacuee,outES,Evacuee 495 in triage category R is not assigned a helicopter
166.639,71,evacuee,,Evacuee;495;in triage state;B;is at the evacuation site
175.053,3,evacueeManager,,OFF SHIP: White;0;Green;445;Yellow;39;Red;4;Black;12;ON SHIP: White;0;Green;0;Yellow;0;Red;0;Evacuees to Transfer;
175.053,1012,evacuee,outES,Evacuee 355 in triage category G is not assigned a helicopter
175.053,1012,evacuee,,Evacuee;355;in triage state;Y;is at the evacuation site
182.063,3,evacueeManager,,OFF SHIP: White;0;Green;445;Yellow;38;Red;5;Black;12;ON SHIP: White;0;Green;0;Yellow;0;Red;0;Evacuees to Transfer;
182.063,14,evacuee,outES,Evacuee 494 in triage category Y is not assigned a helicopter
182.063,14,evacuee,,Evacuee;494;in triage state;R;is at the evacuation site
183.713,3,evacueeManager,,OFF SHIP: White;0;Green;444;Yellow;39;Red;5;Black;12;ON SHIP: White;0;Green;0;Yellow;0;Red;0;Evacuees to Transfer;
183.713,1419,evacuee,outES,Evacuee 294 in triage category G is not assigned a helicopter
183.713,1419,evacuee,,Evacuee;294;in triage state;Y;is at the evacuation site
186.965,3,evacueeManager,,OFF SHIP: White;0;Green;444;Yellow;39;Red;4;Black;13;ON SHIP: White;0;Green;0;Yellow;0;Red;0;Evacuees to Transfer;
186.965,1281,evacuee,outES,Evacuee 167 in triage category R is not assigned a helicopter
186.965,1281,evacuee,,Evacuee;167;in triage state;B;is at the evacuation site
187.171,3,evacueeManager,,OFF SHIP: White;0;Green;443;Yellow;40;Red;4;Black;13;ON SHIP: White;0;Green;0;Yellow;0;Red;0;Evacuees to Transfer;
187.171,277,evacuee,outES,Evacuee 335 in triage category G is not assigned a helicopter
187.171,277,evacuee,,Evacuee;335;in triage state;Y;is at the evacuation site
189.108,3,evacueeManager,,OFF SHIP: White;0;Green;442;Yellow;41;Red;4;Black;13;ON SHIP: White;0;Green;0;Yellow;0;Red;0;Evacuees to Transfer;
189.108,481,evacuee,outES,Evacuee 386 in triage category G is not assigned a helicopter
189.108,481,evacuee,,Evacuee;386;in triage state;Y;is at the evacuation site
190.4,3,evacueeManager,,OFF SHIP: White;0;Green;441;Yellow;42;Red;4;Black;13;ON SHIP: White;0;Green;0;Yellow;0;Red;0;Evacuees to Transfer;
190.4,616,evacuee,outES,Evacuee 90 in triage category G is not assigned a helicopter
190.4,616,evacuee,,Evacuee;90;in triage state;Y;is at the evacuation site
202.171,3,evacueeManager,,OFF SHIP: White;0;Green;440;Yellow;43;Red;4;Black;13;ON SHIP: White;0;Green;0;Yellow;0;Red;0;Evacuees to Transfer;
202.171,1078,evacuee,outES,Evacuee 336 in triage category G is not assigned a helicopter
202.171,1078,evacuee,,Evacuee;336;in triage state;Y;is at the evacuation site
204.735,3,evacueeManager,,OFF SHIP: White;0;Green;440;Yellow;42;Red;5;Black;13;ON SHIP: White;0;Green;0;Yellow;0;Red;0;Evacuees to Transfer;
204.735,364,evacuee,outES,Evacuee 488 in triage category Y is not assigned a helicopter
204.735,364,evacuee,,Evacuee;488;in triage state;R;is at the evacuation site
205.889,3,evacueeManager,,OFF SHIP: White;0;Green;439;Yellow;43;Red;5;Black;13;ON SHIP: White;0;Green;0;Yellow;0;Red;0;Evacuees to Transfer;
205.889,1218,evacuee,outES,Evacuee 149 in triage category G is not assigned a helicopter
205.889,1218,evacuee,,Evacuee;149;in triage state;Y;is at the evacuation site
209.611,3,evacueeManager,,OFF SHIP: White;0;Green;438;Yellow;44;Red;5;Black;13;ON SHIP: White;0;Green;0;Yellow;0;Red;0;Evacuees to Transfer;
209.611,1353,evacuee,outES,Evacuee 249 in triage category G is not assigned a helicopter
209.611,1353,evacuee,,Evacuee;249;in triage state;Y;is at the evacuation site
211.681,3,evacueeManager,,OFF SHIP: White;0;Green;437;Yellow;45;Red;5;Black;13;ON SHIP: White;0;Green;0;Yellow;0;Red;0;Evacuees to Transfer;
211.681,820,evacuee,outES,Evacuee 71 in triage category G is not assigned a helicopter
211.681,820,evacuee,,Evacuee;71;in triage state;Y;is at the evacuation site
213.832,3,evacueeManager,,OFF SHIP: White;0;Green;437;Yellow;44;Red;6;Black;13;ON SHIP: White;0;Green;0;Yellow;0;Red;0;Evacuees to Transfer;
213.832,17,evacuee,outES,Evacuee 492 in triage category Y is not assigned a helicopter
213.832,17,evacuee,,Evacuee;492;in triage state;R;is at the evacuation site
214.936,3,evacueeManager,,OFF SHIP: White;0;Green;437;Yellow;43;Red;7;Black;13;ON SHIP: White;0;Green;0;Yellow;0;Red;0;Evacuees to Transfer;
214.936,1009,evacuee,outES,Evacuee 220 in triage category Y is not assigned a helicopter
214.936,1009,evacuee,,Evacuee;220;in triage state;R;is at the evacuation site
218.198,3,evacueeManager,,OFF SHIP: White;0;Green;436;Yellow;44;Red;7;Black;13;ON SHIP: White;0;Green;0;Yellow;0;Red;0;Evacuees to Transfer;
218.198,1488,evacuee,outES,Evacuee 96 in triage category G is not assigned a helicopter
218.198,1488,evacuee,,Evacuee;96;in triage state;Y;is at the evacuation site
220.095,3,evacueeManager,,OFF SHIP: White;0;Green;435;Yellow;45;Red;7;Black;13;ON SHIP: White;0;Green;0;Yellow;0;Red;0;Evacuees to Transfer;
220.095,685,evacuee,outES,Evacuee 76 in triage category G is not assigned a helicopter
220.095,685,evacuee,,Evacuee;76;in triage state;Y;is at the evacuation site
231.408,3,evacueeManager,,OFF SHIP: White;0;Green;435;Yellow;45;Red;6;Black;14;ON SHIP: White;0;Green;0;Yellow;0;Red;0;Evacuees to Transfer;
231.408,17,evacuee,outES,Evacuee 492 in triage category R is not assigned a helicopter
231.408,17,evacuee,,Evacuee;492;in triage state;B;is at the evacuation site
238.789,3,evacueeManager,,OFF SHIP: White;0;Green;434;Yellow;46;Red;6;Black;14;ON SHIP: White;0;Green;0;Yellow;0;Red;0;Evacuees to Transfer;
238.789,346,evacuee,outES,Evacuee 306 in triage category G is not assigned a helicopter
238.789,346,evacuee,,Evacuee;306;in triage state;Y;is at the evacuation site
240.533,3,evacueeManager,,OFF SHIP: White;0;Green;434;Yellow;45;Red;7;Black;14;ON SHIP: White;0;Green;0;Yellow;0;Red;0;Evacuees to Transfer;
240.533,1218,evacuee,outES,Evacuee 149 in triage category Y is not assigned a helicopter
240.533,1218,evacuee,,Evacuee;149;in triage state;R;is at the evacuation site
240.685,3,evacueeManager,,OFF SHIP: White;0;Green;434;Yellow;45;Red;6;Black;15;ON SHIP: White;0;Green;0;Yellow;0;Red;0;Evacuees to Transfer;
240.685,748,evacuee,outES,Evacuee 2 in triage category R is not assigned a helicopter
240.685,748,evacuee,,Evacuee;2;in triage state;B;is at the evacuation site
242.177,3,evacueeManager,,OFF SHIP: White;0;Green;434;Yellow;45;Red;5;Black;16;ON SHIP: White;0;Green;0;Yellow;0;Red;0;Evacuees to Transfer;
242.177,138,evacuee,outES,Evacuee 409 in triage category R is not assigned a helicopter
242.177,138,evacuee,,Evacuee;409;in triage state;B;is at the evacuation site
244.05,3,evacueeManager,,OFF SHIP: White;0;Green;433;Yellow;46;Red;5;Black;16;ON SHIP: White;0;Green;0;Yellow;0;Red;0;Evacuees to Transfer;
244.05,877,evacuee,outES,Evacuee 4 in triage category G is not assigned a helicopter
244.05,877,evacuee,,Evacuee;4;in triage state;Y;is at the evacuation site
248.484,3,evacueeManager,,OFF SHIP: White;0;Green;433;Yellow;45;Red;6;Black;16;ON SHIP: White;0;Green;0;Yellow;0;Red;0;Evacuees to Transfer;
248.484,20,evacuee,outES,Evacuee 489 in triage category Y is not assigned a helicopter
248.484,20,evacuee,,Evacuee;489;in triage state;R;is at the evacuation site
249.08,3,evacueeManager,,OFF SHIP: White;0;Green;432;Yellow;46;Red;6;Black;16;ON SHIP: White;0;Green;0;Yellow;0;Red;0;Evacuees to Transfer;
249.08,141,evacuee,outES,Evacuee 408 in triage category G is not assigned a helicopter
249.08,141,evacuee,,Evacuee;408;in triage state;Y;is at the evacuation site
250.302,3,evacueeManager,,OFF SHIP: White;0;Green;432;Yellow;45;Red;7;Black;16;ON SHIP: White;0;Green;0;Yellow;0;Red;0;Evacuees to Transfer;
250.302,505,evacuee,outES,Evacuee 491 in triage category Y is not assigned a helicopter
250.302,505,evacuee,,Evacuee;491;in triage state;R;is at the evacuation site
260.427,3,evacueeManager,,OFF SHIP: White;0;Green;432;Yellow;44;Red;8;Black;16;ON SHIP: White;0;Green;0;Yellow;0;Red;0;Evacuees to Transfer;
260.427,412,evacuee,outES,Evacuee 279 in triage category Y is not assigned a helicopter
260.427,412,evacuee,,Evacuee;279;in triage state;R;is at the evacuation site
264.204,3,evacueeManager,,OFF SHIP: White;0;Green;432;Yellow;43;Red;9;Black;16;ON SHIP: White;0;Green;0;Yellow;0;Red;0;Evacuees to Transfer;
264.204,478,evacuee,outES,Evacuee 121 in triage category Y is not assigned a helicopter
264.204,478,evacuee,,Evacuee;121;in triage state;R;is at the evacuation site
265.093,3,evacueeManager,,OFF SHIP: White;0;Green;432;Yellow;43;Red;8;Black;17;ON SHIP: White;0;Green;0;Yellow;0;Red;0;Evacuees to Transfer;
265.093,478,evacuee,outES,Evacuee 121 in triage category R is not assigned a helicopter
265.093,478,evacuee,,Evacuee;121;in triage state;B;is at the evacuation site
272.675,3,evacueeManager,,OFF SHIP: White;0;Green;431;Yellow;44;Red;8;Black;17;ON SHIP: White;0;Green;0;Yellow;0;Red;0;Evacuees to Transfer;
272.675,1287,evacuee,outES,Evacuee 168 in triage category G is not assigned a helicopter
272.675,1287,evacuee,,Evacuee;168;in triage state;Y;is at the evacuation site
274.441,3,evacueeManager,,OFF SHIP: White;0;Green;431;Yellow;43;Red;9;Black;17;ON SHIP: White;0;Green;0;Yellow;0;Red;0;Evacuees to Transfer;
274.441,1012,evacuee,outES,Evacuee 355 in triage category Y is not assigned a helicopter
274.441,1012,evacuee,,Evacuee;355;in triage state;R;is at the evacuation site
277.755,3,evacueeManager,,OFF SHIP: White;0;Green;430;Yellow;44;Red;9;Black;17;ON SHIP: White;0;Green;0;Yellow;0;Red;0;Evacuees to Transfer;
277.755,550,evacuee,outES,Evacuee 235 in triage category G is not assigned a helicopter
277.755,550,evacuee,,Evacuee;235;in triage state;Y;is at the evacuation site
278.057,3,evacueeManager,,OFF SHIP: White;0;Green;429;Yellow;45;Red;9;Black;17;ON SHIP: White;0;Green;0;Yellow;0;Red;0;Evacuees to Transfer;
278.057,68,evacuee,outES,Evacuee 459 in triage category G is not assigned a helicopter
278.057,68,evacuee,,Evacuee;459;in triage state;Y;is at the evacuation site
281.754,3,evacueeManager,,OFF SHIP: White;0;Green;428;Yellow;46;Red;9;Black;17;ON SHIP: White;0;Green;0;Yellow;0;Red;0;Evacuees to Transfer;
281.754,946,evacuee,outES,Evacuee 241 in triage category G is not assigned a helicopter
281.754,946,evacuee,,Evacuee;241;in triage state;Y;is at the evacuation site
281.875,3,evacueeManager,,OFF SHIP: White;0;Green;427;Yellow;47;Red;9;Black;17;ON SHIP: White;0;Green;0;Yellow;0;Red;0;Evacuees to Transfer;
281.875,210,evacuee,outES,Evacuee 377 in triage category G is not assigned a helicopter
281.875,210,evacuee,,Evacuee;377;in triage state;Y;is at the evacuation site
282.78,3,evacueeManager,,OFF SHIP: White;0;Green;427;Yellow;47;Red;8;Black;18;ON SHIP: White;0;Green;0;Yellow;0;Red;0;Evacuees to Transfer;
282.78,1012,evacuee,outES,Evacuee 355 in triage category R is not assigned a helicopter
282.78,1012,evacuee,,Evacuee;355;in triage state;B;is at the evacuation site
283.969,3,evacueeManager,,OFF SHIP: White;0;Green;427;Yellow;47;Red;7;Black;19;ON SHIP: White;0;Green;0;Yellow;0;Red;0;Evacuees to Transfer;
283.969,1009,evacuee,outES,Evacuee 220 in triage category R is not assigned a helicopter
283.969,1009,evacuee,,Evacuee;220;in triage state;B;is at the evacuation site
285.834,3,evacueeManager,,OFF SHIP: White;0;Green;427;Yellow;46;Red;8;Black;19;ON SHIP: White;0;Green;0;Yellow;0;Red;0;Evacuees to Transfer;
285.834,23,evacuee,outES,Evacuee 486 in triage category Y is not assigned a helicopter
285.834,23,evacuee,,Evacuee;486;in triage state;R;is at the evacuation site
289.791,3,evacueeManager,,OFF SHIP: White;0;Green;427;Yellow;45;Red;9;Black;19;ON SHIP: White;0;Green;0;Yellow;0;Red;0;Evacuees to Transfer;
289.791,1488,evacuee,outES,Evacuee 96 in triage category Y is not assigned a helicopter
289.791,1488,evacuee,,Evacuee;96;in triage state;R;is at the evacuation site
291.227,3,evacueeManager,,OFF SHIP: White;0;Green;426;Yellow;46;Red;9;Black;19;ON SHIP: White;0;Green;0;Yellow;0;Red;0;Evacuees to Transfer;
291.227,1151,evacuee,outES,Evacuee 231 in triage category G is not assigned a helicopter
291.227,1151,evacuee,,Evacuee;231;in triage state;Y;is at the evacuation site
299.694,3,evacueeManager,,OFF SHIP: White;0;Green;425;Yellow;47;Red;9;Black;19;ON SHIP: White;0;Green;0;Yellow;0;Red;0;Evacuees to Transfer;
299.694,754,evacuee,outES,Evacuee 271 in triage category G is not assigned a helicopter
299.694,754,evacuee,,Evacuee;271;in triage state;Y;is at the evacuation site
300.716,3,evacueeManager,,OFF SHIP: White;0;Green;425;Yellow;47;Red;8;Black;20;ON SHIP: White;0;Green;0;Yellow;0;Red;0;Evacuees to Transfer;
300.716,14,evacuee,outES,Evacuee 494 in triage category R is not assigned a helicopter
300.716,14,evacuee,,Evacuee;494;in triage state;B;is at the evacuation site
301.804,3,evacueeManager,,OFF SHIP: White;0;Green;425;Yellow;47;Red;7;Black;21;ON SHIP: White;0;Green;0;Yellow;0;Red;0;Evacuees to Transfer;
301.804,1488,evacuee,outES,Evacuee 96 in triage category R is not assigned a helicopter
301.804,1488,evacuee,,Evacuee;96;in triage state;B;is at the evacuation site
303.845,3,evacueeManager,,OFF SHIP: White;0;Green;424;Yellow;48;Red;7;Black;21;ON SHIP: White;0;Green;0;Yellow;0;Red;0;Evacuees to Transfer;
303.845,415,evacuee,outES,Evacuee 278 in triage category G is not assigned a helicopter
303.845,415,evacuee,,Evacuee;278;in triage state;Y;is at the evacuation site
316.458,3,evacueeManager,,OFF SHIP: White;0;Green;423;Yellow;49;Red;7;Black;21;ON SHIP: White;0;Green;0;Yellow;0;Red;0;Evacuees to Transfer;
316.458,1422,evacuee,outES,Evacuee 214 in triage category G is not assigned a helicopter
316.458,1422,evacuee,,Evacuee;214;in triage state;Y;is at the evacuation site
317.44,3,evacueeManager,,OFF SHIP: White;0;Green;422;Yellow;50;Red;7;Black;21;ON SHIP: White;0;Green;0;Yellow;0;Red;0;Evacuees to Transfer;
317.44,1015,evacuee,outES,Evacuee 23 in triage category G is not assigned a helicopter
317.44,1015,evacuee,,Evacuee;23;in triage state;Y;is at the evacuation site
321.282,3,evacueeManager,,OFF SHIP: White;0;Green;422;Yellow;49;Red;8;Black;21;ON SHIP: White;0;Green;0;Yellow;0;Red;0;Evacuees to Transfer;
321.282,577,evacuee,outES,Evacuee 497 in triage category Y is not assigned a helicopter
321.282,577,evacuee,,Evacuee;497;in triage state;R;is at the evacuation site
321.43,3,evacueeManager,,OFF SHIP: White;0;Green;422;Yellow;48;Red;9;Black;21;ON SHIP: White;0;Green;0;Yellow;0;Red;0;Evacuees to Transfer;
321.43,141,evacuee,outES,Evacuee 408 in triage category Y is not assigned a helicopter
321.43,141,evacuee,,Evacuee;408;in triage state;R;is at the evacuation site
322.748,3,evacueeManager,,OFF SHIP: White;0;Green;422;Yellow;47;Red;10;Black;21;ON SHIP: White;0;Green;0;Yellow;0;Red;0;Evacuees to Transfer;
322.748,877,evacuee,outES,Evacuee 4 in triage category Y is not assigned a helicopter
322.748,877,evacuee,,Evacuee;4;in triage state;R;is at the evacuation site
323.962,3,evacueeManager,,OFF SHIP: White;0;Green;422;Yellow;47;Red;9;Black;22;ON SHIP: White;0;Green;0;Yellow;0;Red;0;Evacuees to Transfer;
323.962,364,evacuee,outES,Evacuee 488 in triage category R is not assigned a helicopter
323.962,364,evacuee,,Evacuee;488;in triage state;B;is at the evacuation site
324.118,3,evacueeManager,,OFF SHIP: White;0;Green;422;Yellow;46;Red;10;Black;22;ON SHIP: White;0;Green;0;Yellow;0;Red;0;Evacuees to Transfer;
324.118,26,evacuee,outES,Evacuee 484 in triage category Y is not assigned a helicopter
324.118,26,evacuee,,Evacuee;484;in triage state;R;is at the evacuation site
327.087,3,evacueeManager,,OFF SHIP: White;0;Green;422;Yellow;45;Red;11;Black;22;ON SHIP: White;0;Green;0;Yellow;0;Red;0;Evacuees to Transfer;
327.087,1353,evacuee,outES,Evacuee 249 in triage category Y is not assigned a helicopter
327.087,1353,evacuee,,Evacuee;249;in triage state;R;is at the evacuation site
327.647,3,evacueeManager,,OFF SHIP: White;0;Green;421;Yellow;46;Red;11;Black;22;ON SHIP: White;0;Green;0;Yellow;0;Red;0;Evacuees to Transfer;
327.647,280,evacuee,outES,Evacuee 331 in triage category G is not assigned a helicopter
327.647,280,evacuee,,Evacuee;331;in triage state;Y;is at the evacuation site
328.51,3,evacueeManager,,OFF SHIP: White;0;Green;420;Yellow;47;Red;11;Black;22;ON SHIP: White;0;Green;0;Yellow;0;Red;0;Evacuees to Transfer;
328.51,619,evacuee,outES,Evacuee 83 in triage category G is not assigned a helicopter
328.51,619,evacuee,,Evacuee;83;in triage state;Y;is at the evacuation site
329.681,3,evacueeManager,,OFF SHIP: White;0;Green;419;Yellow;48;Red;11;Black;22;ON SHIP: White;0;Green;0;Yellow;0;Red;0;Evacuees to Transfer;
329.681,484,evacuee,outES,Evacuee 117 in triage category G is not assigned a helicopter
329.681,484,evacuee,,Evacuee;117;in triage state;Y;is at the evacuation site
334.116,3,evacueeManager,,OFF SHIP: White;0;Green;419;Yellow;47;Red;12;Black;22;ON SHIP: White;0;Green;0;Yellow;0;Red;0;Evacuees to Transfer;
334.116,1422,evacuee,outES,Evacuee 214 in triage category Y is not assigned a helicopter
334.116,1422,evacuee,,Evacuee;214;in triage state;R;is at the evacuation site
339.116,3,evacueeManager,,OFF SHIP: White;0;Green;419;Yellow;47;Red;11;Black;23;ON SHIP: White;0;Green;0;Yellow;0;Red;0;Evacuees to Transfer;
339.116,1218,evacuee,outES,Evacuee 149 in triage category R is not assigned a helicopter
339.116,1218,evacuee,,Evacuee;149;in triage state;B;is at the evacuation site
343.398,3,evacueeManager,,OFF SHIP: White;0;Green;418;Yellow;48;Red;11;Black;23;ON SHIP: White;0;Green;0;Yellow;0;Red;0;Evacuees to Transfer;
343.398,1081,evacuee,outES,Evacuee 307 in triage category G is not assigned a helicopter
343.398,1081,evacuee,,Evacuee;307;in triage state;Y;is at the evacuation site
346.125,3,evacueeManager,,OFF SHIP: White;0;Green;417;Yellow;49;Red;11;Black;23;ON SHIP: White;0;Green;0;Yellow;0;Red;0;Evacuees to Transfer;
346.125,1356,evacuee,outES,Evacuee 193 in triage category G is not assigned a helicopter
346.125,1356,evacuee,,Evacuee;193;in triage state;Y;is at the evacuation site
348.663,3,evacueeManager,,OFF SHIP: White;0;Green;417;Yellow;48;Red;12;Black;23;ON SHIP: White;0;Green;0;Yellow;0;Red;0;Evacuees to Transfer;
348.663,409,evacuee,outES,Evacuee 333 in triage category Y is not assigned a helicopter
348.663,409,evacuee,,Evacuee;333;in triage state;R;is at the evacuation site
352.393,3,evacueeManager,,OFF SHIP: White;0;Green;416;Yellow;49;Red;12;Black;23;ON SHIP: White;0;Green;0;Yellow;0;Red;0;Evacuees to Transfer;
352.393,1221,evacuee,outES,Evacuee 296 in triage category G is not assigned a helicopter
352.393,1221,evacuee,,Evacuee;296;in triage state;Y;is at the evacuation site
353.728,3,evacueeManager,,OFF SHIP: White;0;Green;416;Yellow;49;Red;11;Black;24;ON SHIP: White;0;Green;0;Yellow;0;Red;0;Evacuees to Transfer;
353.728,412,evacuee,outES,Evacuee 279 in triage category R is not assigned a helicopter
353.728,412,evacuee,,Evacuee;279;in triage state;B;is at the evacuation site
355.937,3,evacueeManager,,OFF SHIP: White;0;Green;415;Yellow;50;Red;11;Black;24;ON SHIP: White;0;Green;0;Yellow;0;Red;0;Evacuees to Transfer;
355.937,823,evacuee,outES,Evacuee 332 in triage category G is not assigned a helicopter
355.937,823,evacuee,,Evacuee;332;in triage state;Y;is at the evacuation site
356.813,3,evacueeManager,,OFF SHIP: White;0;Green;415;Yellow;49;Red;12;Black;24;ON SHIP: White;0;Green;0;Yellow;0;Red;0;Evacuees to Transfer;
356.813,481,evacuee,outES,Evacuee 386 in triage category Y is not assigned a helicopter
356.813,481,evacuee,,Evacuee;386;in triage state;R;is at the evacuation site
359.672,3,evacueeManager,,OFF SHIP: White;0;Green;414;Yellow;50;Red;12;Black;24;ON SHIP: White;0;Green;0;Yellow;0;Red;0;Evacuees to Transfer;
359.672,688,evacuee,outES,Evacuee 431 in triage category G is not assigned a helicopter
359.672,688,evacuee,,Evacuee;431;in triage state;Y;is at the evacuation site
360.233,3,evacueeManager,,OFF SHIP: White;0;Green;413;Yellow;51;Red;12;Black;24;ON SHIP: White;0;Green;0;Yellow;0;Red;0;Evacuees to Transfer;
360.233,1491,evacuee,outES,Evacuee 244 in triage category G is not assigned a helicopter
360.233,1491,evacuee,,Evacuee;244;in triage state;Y;is at the evacuation site
366.16,3,evacueeManager,,OFF SHIP: White;0;Green;413;Yellow;50;Red;13;Black;24;ON SHIP: White;0;Green;0;Yellow;0;Red;0;Evacuees to Transfer;
366.16,682,evacuee,outES,Evacuee 440 in triage category Y is not assigned a helicopter
366.16,682,evacuee,,Evacuee;440;in triage state;R;is at the evacuation site
366.394,3,evacueeManager,,OFF SHIP: White;0;Green;413;Yellow;50;Red;12;Black;25;ON SHIP: White;0;Green;0;Yellow;0;Red;0;Evacuees to Transfer;
366.394,577,evacuee,outES,Evacuee 497 in triage category R is not assigned a helicopter
366.394,577,evacuee,,Evacuee;497;in triage state;B;is at the evacuation site
367.334,3,evacueeManager,,OFF SHIP: White;0;Green;413;Yellow;49;Red;13;Black;25;ON SHIP: White;0;Green;0;Yellow;0;Red;0;Evacuees to Transfer;
367.334,29,evacuee,outES,Evacuee 483 in triage category Y is not assigned a helicopter
367.334,29,evacuee,,Evacuee;483;in triage state;R;is at the evacuation site
367.926,3,evacueeManager,,OFF SHIP: White;0;Green;413;Yellow;49;Red;12;Black;26;ON SHIP: White;0;Green;0;Yellow;0;Red;0;Evacuees to Transfer;
367.926,29,evacuee,outES,Evacuee 483 in triage category R is not assigned a helicopter
367.926,29,evacuee,,Evacuee;483;in triage state;B;is at the evacuation site
375.107,3,evacueeManager,,OFF SHIP: White;0;Green;413;Yellow;49;Red;11;Black;27;ON SHIP: White;0;Green;0;Yellow;0;Red;0;Evacuees to Transfer;
375.107,1353,evacuee,outES,Evacuee 249 in triage category R is not assigned a helicopter
375.107,1353,evacuee,,Evacuee;249;in triage state;B;is at the evacuation site
375.695,3,evacueeManager,,OFF SHIP: White;0;Green;413;Yellow;49;Red;10;Black;28;ON SHIP: White;0;Green;0;Yellow;0;Red;0;Evacuees to Transfer;
375.695,26,evacuee,outES,Evacuee 484 in triage category R is not assigned a helicopter
375.695,26,evacuee,,Evacuee;484;in triage state;B;is at the evacuation site
378.913,3,evacueeManager,,OFF SHIP: White;0;Green;413;Yellow;49;Red;9;Black;29;ON SHIP: White;0;Green;0;Yellow;0;Red;0;Evacuees to Transfer;
378.913,682,evacuee,outES,Evacuee 440 in triage category R is not assigned a helicopter
378.913,682,evacuee,,Evacuee;440;in triage state;B;is at the evacuation site
379.296,3,evacueeManager,,OFF SHIP: White;0;Green;412;Yellow;50;Red;9;Black;29;ON SHIP: White;0;Green;0;Yellow;0;Red;0;Evacuees to Transfer;
379.296,349,evacuee,outES,Evacuee 305 in triage category G is not assigned a helicopter
379.296,349,evacuee,,Evacuee;305;in triage state;Y;is at the evacuation site
380.276,3,evacueeManager,,OFF SHIP: White;0;Green;412;Yellow;49;Red;10;Black;29;ON SHIP: White;0;Green;0;Yellow;0;Red;0;Evacuees to Transfer;
380.276,1350,evacuee,outES,Evacuee 314 in triage category Y is not assigned a helicopter
380.276,1350,evacuee,,Evacuee;314;in triage state;R;is at the evacuation site
381.259,3,evacueeManager,,OFF SHIP: White;0;Green;412;Yellow;48;Red;11;Black;29;ON SHIP: White;0;Green;0;Yellow;0;Red;0;Evacuees to Transfer;
381.259,1148,evacuee,outES,Evacuee 57 in triage category Y is not assigned a helicopter
381.259,1148,evacuee,,Evacuee;57;in triage state;R;is at the evacuation site
381.762,3,evacueeManager,,OFF SHIP: White;0;Green;412;Yellow;48;Red;10;Black;30;ON SHIP: White;0;Green;0;Yellow;0;Red;0;Evacuees to Transfer;
381.762,505,evacuee,outES,Evacuee 491 in triage category R is not assigned a helicopter
381.762,505,evacuee,,Evacuee;491;in triage state;B;is at the evacuation site
384.821,3,evacueeManager,,OFF SHIP: White;0;Green;411;Yellow;49;Red;10;Black;30;ON SHIP: White;0;Green;0;Yellow;0;Red;0;Evacuees to Transfer;
384.821,880,evacuee,outES,Evacuee 18 in triage category G is not assigned a helicopter
384.821,880,evacuee,,Evacuee;18;in triage state;Y;is at the evacuation site
384.946,3,evacueeManager,,OFF SHIP: White;0;Green;410;Yellow;50;Red;10;Black;30;ON SHIP: White;0;Green;0;Yellow;0;Red;0;Evacuees to Transfer;
384.946,144,evacuee,outES,Evacuee 406 in triage category G is not assigned a helicopter
384.946,144,evacuee,,Evacuee;406;in triage state;Y;is at the evacuation site
387.363,3,evacueeManager,,OFF SHIP: White;0;Green;410;Yellow;49;Red;11;Black;30;ON SHIP: White;0;Green;0;Yellow;0;Red;0;Evacuees to Transfer;
387.363,1111,evacuee,outES,Evacuee 490 in triage category Y is not assigned a helicopter
387.363,1111,evacuee,,Evacuee;490;in triage state;R;is at the evacuation site
391.792,3,evacueeManager,,OFF SHIP: White;0;Green;410;Yellow;48;Red;12;Black;30;ON SHIP: White;0;Green;0;Yellow;0;Red;0;Evacuees to Transfer;
391.792,346,evacuee,outES,Evacuee 306 in triage category Y is not assigned a helicopter
391.792,346,evacuee,,Evacuee;306;in triage state;R;is at the evacuation site
394.616,3,evacueeManager,,OFF SHIP: White;0;Green;410;Yellow;48;Red;11;Black;31;ON SHIP: White;0;Green;0;Yellow;0;Red;0;Evacuees to Transfer;
394.616,141,evacuee,outES,Evacuee 408 in triage category R is not assigned a helicopter
394.616,141,evacuee,,Evacuee;408;in triage state;B;is at the evacuation site
396.681,3,evacueeManager,,OFF SHIP: White;0;Green;410;Yellow;48;Red;10;Black;32;ON SHIP: White;0;Green;0;Yellow;0;Red;0;Evacuees to Transfer;
396.681,877,evacuee,outES,Evacuee 4 in triage category R is not assigned a helicopter
396.681,877,evacuee,,Evacuee;4;in triage state;B;is at the evacuation site
404.086,3,evacueeManager,,OFF SHIP: White;0;Green;410;Yellow;48;Red;9;Black;33;ON SHIP: White;0;Green;0;Yellow;0;Red;0;Evacuees to Transfer;
404.086,1422,evacuee,outES,Evacuee 214 in triage category R is not assigned a helicopter
404.086,1422,evacuee,,Evacuee;214;in triage state;B;is at the evacuation site
409.483,3,evacueeManager,,OFF SHIP: White;0;Green;410;Yellow;47;Red;10;Black;33;ON SHIP: White;0;Green;0;Yellow;0;Red;0;Evacuees to Transfer;
409.483,820,evacuee,outES,Evacuee 71 in triage category Y is not assigned a helicopter
409.483,820,evacuee,,Evacuee;71;in triage state;R;is at the evacuation site
413.193,3,evacueeManager,,OFF SHIP: White;0;Green;410;Yellow;47;Red;9;Black;34;ON SHIP: White;0;Green;0;Yellow;0;Red;0;Evacuees to Transfer;
413.193,1350,evacuee,outES,Evacuee 314 in triage category R is not assigned a helicopter
413.193,1350,evacuee,,Evacuee;314;in triage state;B;is at the evacuation site
414.83,3,evacueeManager,,OFF SHIP: White;0;Green;410;Yellow;46;Red;10;Black;34;ON SHIP: White;0;Green;0;Yellow;0;Red;0;Evacuees to Transfer;
414.83,32,evacuee,outES,Evacuee 482 in triage category Y is not assigned a helicopter
414.83,32,evacuee,,Evacuee;482;in triage state;R;is at the evacuation site
419.334,3,evacueeManager,,OFF SHIP: White;0;Green;409;Yellow;47;Red;10;Black;34;ON SHIP: White;0;Green;0;Yellow;0;Red;0;Evacuees to Transfer;
419.334,213,evacuee,outES,Evacuee 375 in triage category G is not assigned a helicopter
419.334,213,evacuee,,Evacuee;375;in triage state;Y;is at the evacuation site
420.225,3,evacueeManager,,OFF SHIP: White;0;Green;408;Yellow;48;Red;10;Black;34;ON SHIP: White;0;Green;0;Yellow;0;Red;0;Evacuees to Transfer;
420.225,553,evacuee,outES,Evacuee 105 in triage category G is not assigned a helicopter
420.225,553,evacuee,,Evacuee;105;in triage state;Y;is at the evacuation site
424.427,3,evacueeManager,,OFF SHIP: White;0;Green;407;Yellow;49;Red;10;Black;34;ON SHIP: White;0;Green;0;Yellow;0;Red;0;Evacuees to Transfer;
424.427,949,evacuee,outES,Evacuee 418 in triage category G is not assigned a helicopter
424.427,949,evacuee,,Evacuee;418;in triage state;Y;is at the evacuation site
425.319,3,evacueeManager,,OFF SHIP: White;0;Green;406;Yellow;50;Red;10;Black;34;ON SHIP: White;0;Green;0;Yellow;0;Red;0;Evacuees to Transfer;
425.319,1290,evacuee,outES,Evacuee 176 in triage category G is not assigned a helicopter
425.319,1290,evacuee,,Evacuee;176;in triage state;Y;is at the evacuation site
426.456,3,evacueeManager,,OFF SHIP: White;0;Green;406;Yellow;50;Red;9;Black;35;ON SHIP: White;0;Green;0;Yellow;0;Red;0;Evacuees to Transfer;
426.456,32,evacuee,outES,Evacuee 482 in triage category R is not assigned a helicopter
426.456,32,evacuee,,Evacuee;482;in triage state;B;is at the evacuation site
427.368,3,evacueeManager,,OFF SHIP: White;0;Green;406;Yellow;50;Red;8;Black;36;ON SHIP: White;0;Green;0;Yellow;0;Red;0;Evacuees to Transfer;
427.368,820,evacuee,outES,Evacuee 71 in triage category R is not assigned a helicopter
427.368,820,evacuee,,Evacuee;71;in triage state;B;is at the evacuation site
429.145,3,evacueeManager,,OFF SHIP: White;0;Green;405;Yellow;51;Red;8;Black;36;ON SHIP: White;0;Green;0;Yellow;0;Red;0;Evacuees to Transfer;
429.145,1154,evacuee,outES,Evacuee 261 in triage category G is not assigned a helicopter
429.145,1154,evacuee,,Evacuee;261;in triage state;Y;is at the evacuation site
430.922,3,evacueeManager,,OFF SHIP: White;0;Green;405;Yellow;50;Red;9;Black;36;ON SHIP: White;0;Green;0;Yellow;0;Red;0;Evacuees to Transfer;
430.922,415,evacuee,outES,Evacuee 278 in triage category Y is not assigned a helicopter
430.922,415,evacuee,,Evacuee;278;in triage state;R;is at the evacuation site
435.674,3,evacueeManager,,OFF SHIP: White;0;Green;405;Yellow;49;Red;10;Black;36;ON SHIP: White;0;Green;0;Yellow;0;Red;0;Evacuees to Transfer;
435.674,550,evacuee,outES,Evacuee 235 in triage category Y is not assigned a helicopter
435.674,550,evacuee,,Evacuee;235;in triage state;R;is at the evacuation site
441.446,3,evacueeManager,,OFF SHIP: White;0;Green;405;Yellow;48;Red;11;Black;36;ON SHIP: White;0;Green;0;Yellow;0;Red;0;Evacuees to Transfer;
441.446,547,evacuee,outES,Evacuee 148 in triage category Y is not assigned a helicopter
441.446,547,evacuee,,Evacuee;148;in triage state;R;is at the evacuation site
445.911,3,evacueeManager,,OFF SHIP: White;0;Green;404;Yellow;49;Red;11;Black;36;ON SHIP: White;0;Green;0;Yellow;0;Red;0;Evacuees to Transfer;
445.911,757,evacuee,outES,Evacuee 9 in triage category G is not assigned a helicopter
445.911,757,evacuee,,Evacuee;9;in triage state;Y;is at the evacuation site
449.635,3,evacueeManager,,OFF SHIP: White;0;Green;404;Yellow;48;Red;12;Black;36;ON SHIP: White;0;Green;0;Yellow;0;Red;0;Evacuees to Transfer;
449.635,616,evacuee,outES,Evacuee 90 in triage category Y is not assigned a helicopter
449.635,616,evacuee,,Evacuee;90;in triage state;R;is at the evacuation site
450.279,3,evacueeManager,,OFF SHIP: White;0;Green;403;Yellow;49;Red;12;Black;36;ON SHIP: White;0;Green;0;Yellow;0;Red;0;Evacuees to Transfer;
450.279,418,evacuee,outES,Evacuee 277 in triage category G is not assigned a helicopter
450.279,418,evacuee,,Evacuee;277;in triage state;Y;is at the evacuation site
450.342,3,evacueeManager,,OFF SHIP: White;0;Green;403;Yellow;49;Red;11;Black;37;ON SHIP: White;0;Green;0;Yellow;0;Red;0;Evacuees to Transfer;
450.342,20,evacuee,outES,Evacuee 489 in triage category R is not assigned a helicopter
450.342,20,evacuee,,Evacuee;489;in triage state;B;is at the evacuation site
453.83,3,evacueeManager,,OFF SHIP: White;0;Green;403;Yellow;48;Red;12;Black;37;ON SHIP: White;0;Green;0;Yellow;0;Red;0;Evacuees to Transfer;
453.83,1284,evacuee,outES,Evacuee 145 in triage category Y is not assigned a helicopter
453.83,1284,evacuee,,Evacuee;145;in triage state;R;is at the evacuation site
459.746,3,evacueeManager,,OFF SHIP: White;0;Green;403;Yellow;47;Red;13;Black;37;ON SHIP: White;0;Green;0;Yellow;0;Red;0;Evacuees to Transfer;
459.746,1485,evacuee,outES,Evacuee 243 in triage category Y is not assigned a helicopter
459.746,1485,evacuee,,Evacuee;243;in triage state;R;is at the evacuation site
461.276,3,evacueeManager,,OFF SHIP: White;0;Green;403;Yellow;46;Red;14;Black;37;ON SHIP: White;0;Green;0;Yellow;0;Red;0;Evacuees to Transfer;
461.276,210,evacuee,outES,Evacuee 377 in triage category Y is not assigned a helicopter
461.276,210,evacuee,,Evacuee;377;in triage state;R;is at the evacuation site
463.552,3,evacueeManager,,OFF SHIP: White;0;Green;402;Yellow;47;Red;14;Black;37;ON SHIP: White;0;Green;0;Yellow;0;Red;0;Evacuees to Transfer;
463.552,1425,evacuee,outES,Evacuee 12 in triage category G is not assigned a helicopter
463.552,1425,evacuee,,Evacuee;12;in triage state;Y;is at the evacuation site
464.585,3,evacueeManager,,OFF SHIP: White;0;Green;401;Yellow;48;Red;14;Black;37;ON SHIP: White;0;Green;0;Yellow;0;Red;0;Evacuees to Transfer;
464.585,1018,evacuee,outES,Evacuee 200 in triage category G is not assigned a helicopter
464.585,1018,evacuee,,Evacuee;200;in triage state;Y;is at the evacuation site
465.462,3,evacueeManager,,OFF SHIP: White;0;Green;401;Yellow;47;Red;15;Black;37;ON SHIP: White;0;Green;0;Yellow;0;Red;0;Evacuees to Transfer;
465.462,946,evacuee,outES,Evacuee 241 in triage category Y is not assigned a helicopter
465.462,946,evacuee,,Evacuee;241;in triage state;R;is at the evacuation site
469.498,3,evacueeManager,,OFF SHIP: White;0;Green;400;Yellow;48;Red;15;Black;37;ON SHIP: White;0;Green;0;Yellow;0;Red;0;Evacuees to Transfer;
469.498,487,evacuee,outES,Evacuee 192 in triage category G is not assigned a helicopter
469.498,487,evacuee,,Evacuee;192;in triage state;Y;is at the evacuation site
469.577,3,evacueeManager,,OFF SHIP: White;0;Green;400;Yellow;48;Red;14;Black;38;ON SHIP: White;0;Green;0;Yellow;0;Red;0;Evacuees to Transfer;
469.577,346,evacuee,outES,Evacuee 306 in triage category R is not assigned a helicopter
469.577,346,evacuee,,Evacuee;306;in triage state;B;is at the evacuation site
473.578,3,evacueeManager,,OFF SHIP: White;0;Green;399;Yellow;49;Red;14;Black;38;ON SHIP: White;0;Green;0;Yellow;0;Red;0;Evacuees to Transfer;
473.578,622,evacuee,outES,Evacuee 127 in triage category G is not assigned a helicopter
473.578,622,evacuee,,Evacuee;127;in triage state;Y;is at the evacuation site
479.588,3,evacueeManager,,OFF SHIP: White;0;Green;399;Yellow;48;Red;15;Black;38;ON SHIP: White;0;Green;0;Yellow;0;Red;0;Evacuees to Transfer;
479.588,790,evacuee,outES,Evacuee 493 in triage category Y is not assigned a helicopter
479.588,790,evacuee,,Evacuee;493;in triage state;R;is at the evacuation site
480.135,3,evacueeManager,,OFF SHIP: White;0;Green;399;Yellow;48;Red;14;Black;39;ON SHIP: White;0;Green;0;Yellow;0;Red;0;Evacuees to Transfer;
480.135,1485,evacuee,outES,Evacuee 243 in triage category R is not assigned a helicopter
480.135,1485,evacuee,,Evacuee;243;in triage state;B;is at the evacuation site
483.391,3,evacueeManager,,OFF SHIP: White;0;Green;399;Yellow;47;Red;15;Black;39;ON SHIP: White;0;Green;0;Yellow;0;Red;0;Evacuees to Transfer;
483.391,613,evacuee,outES,Evacuee 412 in triage category Y is not assigned a helicopter
483.391,613,evacuee,,Evacuee;412;in triage state;R;is at the evacuation site
486.567,3,evacueeManager,,OFF SHIP: White;0;Green;398;Yellow;48;Red;15;Black;39;ON SHIP: White;0;Green;0;Yellow;0;Red;0;Evacuees to Transfer;
486.567,1084,evacuee,outES,Evacuee 212 in triage category G is not assigned a helicopter
486.567,1084,evacuee,,Evacuee;212;in triage state;Y;is at the evacuation site
486.763,3,evacueeManager,,OFF SHIP: White;0;Green;397;Yellow;49;Red;15;Black;39;ON SHIP: White;0;Green;0;Yellow;0;Red;0;Evacuees to Transfer;
486.763,1359,evacuee,outES,Evacuee 195 in triage category G is not assigned a helicopter
486.763,1359,evacuee,,Evacuee;195;in triage state;Y;is at the evacuation site
486.937,3,evacueeManager,,OFF SHIP: White;0;Green;397;Yellow;48;Red;16;Black;39;ON SHIP: White;0;Green;0;Yellow;0;Red;0;Evacuees to Transfer;
486.937,757,evacuee,outES,Evacuee 9 in triage category Y is not assigned a helicopter
486.937,757,evacuee,,Evacuee;9;in triage state;R;is at the evacuation site
487.876,3,evacueeManager,,OFF SHIP: White;0;Green;397;Yellow;47;Red;17;Black;39;ON SHIP: White;0;Green;0;Yellow;0;Red;0;Evacuees to Transfer;
487.876,1287,evacuee,outES,Evacuee 168 in triage category Y is not assigned a helicopter
487.876,1287,evacuee,,Evacuee;168;in triage state;R;is at the evacuation site
492.443,3,evacueeManager,,OFF SHIP: White;0;Green;397;Yellow;47;Red;16;Black;40;ON SHIP: White;0;Green;0;Yellow;0;Red;0;Evacuees to Transfer;
492.443,790,evacuee,outES,Evacuee 493 in triage category R is not assigned a helicopter
492.443,790,evacuee,,Evacuee;493;in triage state;B;is at the evacuation site
497.33,3,evacueeManager,,OFF SHIP: White;0;Green;397;Yellow;47;Red;15;Black;41;ON SHIP: White;0;Green;0;Yellow;0;Red;0;Evacuees to Transfer;
497.33,1111,evacuee,outES,Evacuee 490 in triage category R is not assigned a helicopter
497.33,1111,evacuee,,Evacuee;490;in triage state;B;is at the evacuation site
500.546,3,evacueeManager,,OFF SHIP: White;0;Green;397;Yellow;46;Red;16;Black;41;ON SHIP: White;0;Green;0;Yellow;0;Red;0;Evacuees to Transfer;
500.546,688,evacuee,outES,Evacuee 431 in triage category Y is not assigned a helicopter
500.546,688,evacuee,,Evacuee;431;in triage state;R;is at the evacuation site
501.382,3,evacueeManager,,OFF SHIP: White;0;Green;396;Yellow;47;Red;16;Black;41;ON SHIP: White;0;Green;0;Yellow;0;Red;0;Evacuees to Transfer;
501.382,1224,evacuee,outES,Evacuee 151 in triage category G is not assigned a helicopter
501.382,1224,evacuee,,Evacuee;151;in triage state;Y;is at the evacuation site
502.429,3,evacueeManager,,OFF SHIP: White;0;Green;395;Yellow;48;Red;16;Black;41;ON SHIP: White;0;Green;0;Yellow;0;Red;0;Evacuees to Transfer;
502.429,826,evacuee,outES,Evacuee 81 in triage category G is not assigned a helicopter
502.429,826,evacuee,,Evacuee;81;in triage state;Y;is at the evacuation site
506.949,3,evacueeManager,,OFF SHIP: White;0;Green;394;Yellow;49;Red;16;Black;41;ON SHIP: White;0;Green;0;Yellow;0;Red;0;Evacuees to Transfer;
506.949,1494,evacuee,outES,Evacuee 247 in triage category G is not assigned a helicopter
506.949,1494,evacuee,,Evacuee;247;in triage state;Y;is at the evacuation site
510.142,3,evacueeManager,,OFF SHIP: White;0;Green;394;Yellow;49;Red;15;Black;42;ON SHIP: White;0;Green;0;Yellow;0;Red;0;Evacuees to Transfer;
510.142,757,evacuee,outES,Evacuee 9 in triage category R is not assigned a helicopter
510.142,757,evacuee,,Evacuee;9;in triage state;B;is at the evacuation site
511.094,3,evacueeManager,,OFF SHIP: White;0;Green;394;Yellow;49;Red;14;Black;43;ON SHIP: White;0;Green;0;Yellow;0;Red;0;Evacuees to Transfer;
511.094,274,evacuee,outES,Evacuee 338 in triage category R is not assigned a helicopter
511.094,274,evacuee,,Evacuee;338;in triage state;B;is at the evacuation site
514.355,3,evacueeManager,,OFF SHIP: White;0;Green;394;Yellow;48;Red;15;Black;43;ON SHIP: White;0;Green;0;Yellow;0;Red;0;Evacuees to Transfer;
514.355,1356,evacuee,outES,Evacuee 193 in triage category Y is not assigned a helicopter
514.355,1356,evacuee,,Evacuee;193;in triage state;R;is at the evacuation site
518.863,3,evacueeManager,,OFF SHIP: White;0;Green;394;Yellow;47;Red;16;Black;43;ON SHIP: White;0;Green;0;Yellow;0;Red;0;Evacuees to Transfer;
518.863,751,evacuee,outES,Evacuee 33 in triage category Y is not assigned a helicopter
518.863,751,evacuee,,Evacuee;33;in triage state;R;is at the evacuation site
519.263,3,evacueeManager,,OFF SHIP: White;0;Green;394;Yellow;47;Red;15;Black;44;ON SHIP: White;0;Green;0;Yellow;0;Red;0;Evacuees to Transfer;
519.263,210,evacuee,outES,Evacuee 377 in triage category R is not assigned a helicopter
519.263,210,evacuee,,Evacuee;377;in triage state;B;is at the evacuation site
523.411,3,evacueeManager,,OFF SHIP: White;0;Green;394;Yellow;46;Red;16;Black;44;ON SHIP: White;0;Green;0;Yellow;0;Red;0;Evacuees to Transfer;
523.411,38,evacuee,outES,Evacuee 479 in triage category Y is not assigned a helicopter
523.411,38,evacuee,,Evacuee;479;in triage state;R;is at the evacuation site
525.816,3,evacueeManager,,OFF SHIP: White;0;Green;394;Yellow;45;Red;17;Black;44;ON SHIP: White;0;Green;0;Yellow;0;Red;0;Evacuees to Transfer;
525.816,589,evacuee,outES,Evacuee 485 in triage category Y is not assigned a helicopter
525.816,589,evacuee,,Evacuee;485;in triage state;R;is at the evacuation site
526.51,3,evacueeManager,,OFF SHIP: White;0;Green;394;Yellow;44;Red;18;Black;44;ON SHIP: White;0;Green;0;Yellow;0;Red;0;Evacuees to Transfer;
526.51,619,evacuee,outES,Evacuee 83 in triage category Y is not assigned a helicopter
526.51,619,evacuee,,Evacuee;83;in triage state;R;is at the evacuation site
526.802,3,evacueeManager,,OFF SHIP: White;0;Green;394;Yellow;43;Red;19;Black;44;ON SHIP: White;0;Green;0;Yellow;0;Red;0;Evacuees to Transfer;
526.802,1359,evacuee,outES,Evacuee 195 in triage category Y is not assigned a helicopter
526.802,1359,evacuee,,Evacuee;195;in triage state;R;is at the evacuation site
527.937,3,evacueeManager,,OFF SHIP: White;0;Green;393;Yellow;44;Red;19;Black;44;ON SHIP: White;0;Green;0;Yellow;0;Red;0;Evacuees to Transfer;
527.937,691,evacuee,outES,Evacuee 74 in triage category G is not assigned a helicopter
527.937,691,evacuee,,Evacuee;74;in triage state;Y;is at the evacuation site
528.599,3,evacueeManager,,OFF SHIP: White;0;Green;393;Yellow;43;Red;20;Black;44;ON SHIP: White;0;Green;0;Yellow;0;Red;0;Evacuees to Transfer;
528.599,1221,evacuee,outES,Evacuee 296 in triage category Y is not assigned a helicopter
528.599,1221,evacuee,,Evacuee;296;in triage state;R;is at the evacuation site
529.72,3,evacueeManager,,OFF SHIP: White;0;Green;392;Yellow;44;Red;20;Black;44;ON SHIP: White;0;Green;0;Yellow;0;Red;0;Evacuees to Transfer;
529.72,352,evacuee,outES,Evacuee 303 in triage category G is not assigned a helicopter
529.72,352,evacuee,,Evacuee;303;in triage state;Y;is at the evacuation site
530.932,3,evacueeManager,,OFF SHIP: White;0;Green;392;Yellow;44;Red;19;Black;45;ON SHIP: White;0;Green;0;Yellow;0;Red;0;Evacuees to Transfer;
530.932,415,evacuee,outES,Evacuee 278 in triage category R is not assigned a helicopter
530.932,415,evacuee,,Evacuee;278;in triage state;B;is at the evacuation site
532.96,3,evacueeManager,,OFF SHIP: White;0;Green;391;Yellow;45;Red;19;Black;45;ON SHIP: White;0;Green;0;Yellow;0;Red;0;Evacuees to Transfer;
532.96,147,evacuee,outES,Evacuee 404 in triage category G is not assigned a helicopter
532.96,147,evacuee,,Evacuee;404;in triage state;Y;is at the evacuation site
535.541,3,evacueeManager,,OFF SHIP: White;0;Green;390;Yellow;46;Red;19;Black;45;ON SHIP: White;0;Green;0;Yellow;0;Red;0;Evacuees to Transfer;
535.541,883,evacuee,outES,Evacuee 387 in triage category G is not assigned a helicopter
535.541,883,evacuee,,Evacuee;387;in triage state;Y;is at the evacuation site
537.497,3,evacueeManager,,OFF SHIP: White;0;Green;390;Yellow;45;Red;20;Black;45;ON SHIP: White;0;Green;0;Yellow;0;Red;0;Evacuees to Transfer;
537.497,1151,evacuee,outES,Evacuee 231 in triage category Y is not assigned a helicopter
537.497,1151,evacuee,,Evacuee;231;in triage state;R;is at the evacuation site
538.958,3,evacueeManager,,OFF SHIP: White;0;Green;390;Yellow;44;Red;21;Black;45;ON SHIP: White;0;Green;0;Yellow;0;Red;0;Evacuees to Transfer;
538.958,204,evacuee,outES,Evacuee 379 in triage category Y is not assigned a helicopter
538.958,204,evacuee,,Evacuee;379;in triage state;R;is at the evacuation site
539.33,3,evacueeManager,,OFF SHIP: White;0;Green;390;Yellow;44;Red;20;Black;46;ON SHIP: White;0;Green;0;Yellow;0;Red;0;Evacuees to Transfer;
539.33,946,evacuee,outES,Evacuee 241 in triage category R is not assigned a helicopter
539.33,946,evacuee,,Evacuee;241;in triage state;B;is at the evacuation site
540.133,3,evacueeManager,,OFF SHIP: White;0;Green;390;Yellow;43;Red;21;Black;46;ON SHIP: White;0;Green;0;Yellow;0;Red;0;Evacuees to Transfer;
540.133,1015,evacuee,outES,Evacuee 23 in triage category Y is not assigned a helicopter
540.133,1015,evacuee,,Evacuee;23;in triage state;R;is at the evacuation site
542.526,3,evacueeManager,,OFF SHIP: White;0;Green;390;Yellow;42;Red;22;Black;46;ON SHIP: White;0;Green;0;Yellow;0;Red;0;Evacuees to Transfer;
542.526,1425,evacuee,outES,Evacuee 12 in triage category Y is not assigned a helicopter
542.526,1425,evacuee,,Evacuee;12;in triage state;R;is at the evacuation site
544.069,3,evacueeManager,,OFF SHIP: White;0;Green;390;Yellow;42;Red;21;Black;47;ON SHIP: White;0;Green;0;Yellow;0;Red;0;Evacuees to Transfer;
544.069,550,evacuee,outES,Evacuee 235 in triage category R is not assigned a helicopter
544.069,550,evacuee,,Evacuee;235;in triage state;B;is at the evacuation site
544.219,3,evacueeManager,,OFF SHIP: White;0;Green;390;Yellow;42;Red;20;Black;48;ON SHIP: White;0;Green;0;Yellow;0;Red;0;Evacuees to Transfer;
544.219,1151,evacuee,outES,Evacuee 231 in triage category R is not assigned a helicopter
544.219,1151,evacuee,,Evacuee;231;in triage state;B;is at the evacuation site
562.214,3,evacueeManager,,OFF SHIP: White;0;Green;389;Yellow;43;Red;20;Black;48;ON SHIP: White;0;Green;0;Yellow;0;Red;0;Evacuees to Transfer;
562.214,74,evacuee,outES,Evacuee 458 in triage category G is not assigned a helicopter
562.214,74,evacuee,,Evacuee;458;in triage state;Y;is at the evacuation site
564.622,3,evacueeManager,,OFF SHIP: White;0;Green;388;Yellow;44;Red;20;Black;48;ON SHIP: White;0;Green;0;Yellow;0;Red;0;Evacuees to Transfer;
564.622,556,evacuee,outES,Evacuee 424 in triage category G is not assigned a helicopter
564.622,556,evacuee,,Evacuee;424;in triage state;Y;is at the evacuation site
568.178,3,evacueeManager,,OFF SHIP: White;0;Green;388;Yellow;44;Red;19;Black;49;ON SHIP: White;0;Green;0;Yellow;0;Red;0;Evacuees to Transfer;
568.178,1425,evacuee,outES,Evacuee 12 in triage category R is not assigned a helicopter
568.178,1425,evacuee,,Evacuee;12;in triage state;B;is at the evacuation site
569.173,3,evacueeManager,,OFF SHIP: White;0;Green;387;Yellow;45;Red;19;Black;49;ON SHIP: White;0;Green;0;Yellow;0;Red;0;Evacuees to Transfer;
569.173,216,evacuee,outES,Evacuee 374 in triage category G is not assigned a helicopter
569.173,216,evacuee,,Evacuee;374;in triage state;Y;is at the evacuation site
569.257,3,evacueeManager,,OFF SHIP: White;0;Green;387;Yellow;44;Red;20;Black;49;ON SHIP: White;0;Green;0;Yellow;0;Red;0;Evacuees to Transfer;
569.257,62,evacuee,outES,Evacuee 462 in triage category Y is not assigned a helicopter
569.257,62,evacuee,,Evacuee;462;in triage state;R;is at the evacuation site
571.042,3,evacueeManager,,OFF SHIP: White;0;Green;387;Yellow;44;Red;19;Black;50;ON SHIP: White;0;Green;0;Yellow;0;Red;0;Evacuees to Transfer;
571.042,547,evacuee,outES,Evacuee 148 in triage category R is not assigned a helicopter
571.042,547,evacuee,,Evacuee;148;in triage state;B;is at the evacuation site
573.092,3,evacueeManager,,OFF SHIP: White;0;Green;387;Yellow;43;Red;20;Black;50;ON SHIP: White;0;Green;0;Yellow;0;Red;0;Evacuees to Transfer;
573.092,1491,evacuee,outES,Evacuee 244 in triage category Y is not assigned a helicopter
573.092,1491,evacuee,,Evacuee;244;in triage state;R;is at the evacuation site
574.759,3,evacueeManager,,OFF SHIP: White;0;Green;387;Yellow;43;Red;19;Black;51;ON SHIP: White;0;Green;0;Yellow;0;Red;0;Evacuees to Transfer;
574.759,481,evacuee,outES,Evacuee 386 in triage category R is not assigned a helicopter
574.759,481,evacuee,,Evacuee;386;in triage state;B;is at the evacuation site
576.091,3,evacueeManager,,OFF SHIP: White;0;Green;387;Yellow;43;Red;18;Black;52;ON SHIP: White;0;Green;0;Yellow;0;Red;0;Evacuees to Transfer;
576.091,1491,evacuee,outES,Evacuee 244 in triage category R is not assigned a helicopter
576.091,1491,evacuee,,Evacuee;244;in triage state;B;is at the evacuation site
577.29,3,evacueeManager,,OFF SHIP: White;0;Green;386;Yellow;44;Red;18;Black;52;ON SHIP: White;0;Green;0;Yellow;0;Red;0;Evacuees to Transfer;
577.29,952,evacuee,outES,Evacuee 75 in triage category G is not assigned a helicopter
577.29,952,evacuee,,Evacuee;75;in triage state;Y;is at the evacuation site
578.231,3,evacueeManager,,OFF SHIP: White;0;Green;385;Yellow;45;Red;18;Black;52;ON SHIP: White;0;Green;0;Yellow;0;Red;0;Evacuees to Transfer;
578.231,1293,evacuee,outES,Evacuee 230 in triage category G is not assigned a helicopter
578.231,1293,evacuee,,Evacuee;230;in triage state;Y;is at the evacuation site
578.598,3,evacueeManager,,OFF SHIP: White;0;Green;385;Yellow;45;Red;17;Black;53;ON SHIP: White;0;Green;0;Yellow;0;Red;0;Evacuees to Transfer;
578.598,589,evacuee,outES,Evacuee 485 in triage category R is not assigned a helicopter
578.598,589,evacuee,,Evacuee;485;in triage state;B;is at the evacuation site
582.482,3,evacueeManager,,OFF SHIP: White;0;Green;385;Yellow;45;Red;16;Black;54;ON SHIP: White;0;Green;0;Yellow;0;Red;0;Evacuees to Transfer;
582.482,409,evacuee,outES,Evacuee 333 in triage category R is not assigned a helicopter
582.482,409,evacuee,,Evacuee;333;in triage state;B;is at the evacuation site
585.026,3,evacueeManager,,OFF SHIP: White;0;Green;384;Yellow;46;Red;16;Black;54;ON SHIP: White;0;Green;0;Yellow;0;Red;0;Evacuees to Transfer;
585.026,1157,evacuee,outES,Evacuee 45 in triage category G is not assigned a helicopter
585.026,1157,evacuee,,Evacuee;45;in triage state;Y;is at the evacuation site
587.92,3,evacueeManager,,OFF SHIP: White;0;Green;384;Yellow;45;Red;17;Black;54;ON SHIP: White;0;Green;0;Yellow;0;Red;0;Evacuees to Transfer;
587.92,41,evacuee,outES,Evacuee 478 in triage category Y is not assigned a helicopter
587.92,41,evacuee,,Evacuee;478;in triage state;R;is at the evacuation site
590.668,3,evacueeManager,,OFF SHIP: White;0;Green;384;Yellow;44;Red;18;Black;54;ON SHIP: White;0;Green;0;Yellow;0;Red;0;Evacuees to Transfer;
590.668,952,evacuee,outES,Evacuee 75 in triage category Y is not assigned a helicopter
590.668,952,evacuee,,Evacuee;75;in triage state;R;is at the evacuation site
591.392,3,evacueeManager,,OFF SHIP: White;0;Green;384;Yellow;44;Red;17;Black;55;ON SHIP: White;0;Green;0;Yellow;0;Red;0;Evacuees to Transfer;
591.392,619,evacuee,outES,Evacuee 83 in triage category R is not assigned a helicopter
591.392,619,evacuee,,Evacuee;83;in triage state;B;is at the evacuation site
594.404,3,evacueeManager,,OFF SHIP: White;0;Green;383;Yellow;45;Red;17;Black;55;ON SHIP: White;0;Green;0;Yellow;0;Red;0;Evacuees to Transfer;
594.404,760,evacuee,outES,Evacuee 25 in triage category G is not assigned a helicopter
594.404,760,evacuee,,Evacuee;25;in triage state;Y;is at the evacuation site
597.05,3,evacueeManager,,OFF SHIP: White;0;Green;383;Yellow;44;Red;18;Black;55;ON SHIP: White;0;Green;0;Yellow;0;Red;0;Evacuees to Transfer;
597.05,216,evacuee,outES,Evacuee 374 in triage category Y is not assigned a helicopter
597.05,216,evacuee,,Evacuee;374;in triage state;R;is at the evacuation site
599.85,3,evacueeManager,,OFF SHIP: White;0;Green;383;Yellow;44;Red;17;Black;56;ON SHIP: White;0;Green;0;Yellow;0;Red;0;Evacuees to Transfer;
599.85,1356,evacuee,outES,Evacuee 193 in triage category R is not assigned a helicopter
599.85,1356,evacuee,,Evacuee;193;in triage state;B;is at the evacuation site
601.779,3,evacueeManager,,OFF SHIP: White;0;Green;382;Yellow;45;Red;17;Black;56;ON SHIP: White;0;Green;0;Yellow;0;Red;0;Evacuees to Transfer;
601.779,421,evacuee,outES,Evacuee 315 in triage category G is not assigned a helicopter
601.779,421,evacuee,,Evacuee;315;in triage state;Y;is at the evacuation site
608.814,3,evacueeManager,,OFF SHIP: White;0;Green;382;Yellow;44;Red;18;Black;56;ON SHIP: White;0;Green;0;Yellow;0;Red;0;Evacuees to Transfer;
608.814,1157,evacuee,outES,Evacuee 45 in triage category Y is not assigned a helicopter
608.814,1157,evacuee,,Evacuee;45;in triage state;R;is at the evacuation site
616.451,3,evacueeManager,,OFF SHIP: White;0;Green;381;Yellow;45;Red;18;Black;56;ON SHIP: White;0;Green;0;Yellow;0;Red;0;Evacuees to Transfer;
616.451,490,evacuee,outES,Evacuee 432 in triage category G is not assigned a helicopter
616.451,490,evacuee,,Evacuee;432;in triage state;Y;is at the evacuation site
617.432,3,evacueeManager,,OFF SHIP: White;0;Green;381;Yellow;44;Red;19;Black;56;ON SHIP: White;0;Green;0;Yellow;0;Red;0;Evacuees to Transfer;
617.432,144,evacuee,outES,Evacuee 406 in triage category Y is not assigned a helicopter
617.432,144,evacuee,,Evacuee;406;in triage state;R;is at the evacuation site
618.563,3,evacueeManager,,OFF SHIP: White;0;Green;380;Yellow;45;Red;19;Black;56;ON SHIP: White;0;Green;0;Yellow;0;Red;0;Evacuees to Transfer;
618.563,1428,evacuee,outES,Evacuee 216 in triage category G is not assigned a helicopter
618.563,1428,evacuee,,Evacuee;216;in triage state;Y;is at the evacuation site
618.778,3,evacueeManager,,OFF SHIP: White;0;Green;380;Yellow;45;Red;18;Black;57;ON SHIP: White;0;Green;0;Yellow;0;Red;0;Evacuees to Transfer;
618.778,1284,evacuee,outES,Evacuee 145 in triage category R is not assigned a helicopter
618.778,1284,evacuee,,Evacuee;145;in triage state;B;is at the evacuation site
622.45,3,evacueeManager,,OFF SHIP: White;0;Green;379;Yellow;46;Red;18;Black;57;ON SHIP: White;0;Green;0;Yellow;0;Red;0;Evacuees to Transfer;
622.45,1021,evacuee,outES,Evacuee 255 in triage category G is not assigned a helicopter
622.45,1021,evacuee,,Evacuee;255;in triage state;Y;is at the evacuation site
623.542,3,evacueeManager,,OFF SHIP: White;0;Green;378;Yellow;47;Red;18;Black;57;ON SHIP: White;0;Green;0;Yellow;0;Red;0;Evacuees to Transfer;
623.542,625,evacuee,outES,Evacuee 49 in triage category G is not assigned a helicopter
623.542,625,evacuee,,Evacuee;49;in triage state;Y;is at the evacuation site
623.544,3,evacueeManager,,OFF SHIP: White;0;Green;378;Yellow;47;Red;17;Black;58;ON SHIP: White;0;Green;0;Yellow;0;Red;0;Evacuees to Transfer;
623.544,41,evacuee,outES,Evacuee 478 in triage category R is not assigned a helicopter
623.544,41,evacuee,,Evacuee;478;in triage state;B;is at the evacuation site
623.6,3,evacueeManager,,OFF SHIP: White;0;Green;378;Yellow;47;Red;16;Black;59;ON SHIP: White;0;Green;0;Yellow;0;Red;0;Evacuees to Transfer;
623.6,616,evacuee,outES,Evacuee 90 in triage category R is not assigned a helicopter
623.6,616,evacuee,,Evacuee;90;in triage state;B;is at the evacuation site
624.89,3,evacueeManager,,OFF SHIP: White;0;Green;378;Yellow;47;Red;15;Black;60;ON SHIP: White;0;Green;0;Yellow;0;Red;0;Evacuees to Transfer;
624.89,688,evacuee,outES,Evacuee 431 in triage category R is not assigned a helicopter
624.89,688,evacuee,,Evacuee;431;in triage state;B;is at the evacuation site
625.89,3,evacueeManager,,OFF SHIP: White;0;Green;378;Yellow;47;Red;14;Black;61;ON SHIP: White;0;Green;0;Yellow;0;Red;0;Evacuees to Transfer;
625.89,216,evacuee,outES,Evacuee 374 in triage category R is not assigned a helicopter
625.89,216,evacuee,,Evacuee;374;in triage state;B;is at the evacuation site
626.648,3,evacueeManager,,OFF SHIP: White;0;Green;378;Yellow;47;Red;13;Black;62;ON SHIP: White;0;Green;0;Yellow;0;Red;0;Evacuees to Transfer;
626.648,613,evacuee,outES,Evacuee 412 in triage category R is not assigned a helicopter
626.648,613,evacuee,,Evacuee;412;in triage state;B;is at the evacuation site
626.853,3,evacueeManager,,OFF SHIP: White;0;Green;378;Yellow;47;Red;12;Black;63;ON SHIP: White;0;Green;0;Yellow;0;Red;0;Evacuees to Transfer;
626.853,1221,evacuee,outES,Evacuee 296 in triage category R is not assigned a helicopter
626.853,1221,evacuee,,Evacuee;296;in triage state;B;is at the evacuation site
630.992,3,evacueeManager,,OFF SHIP: White;0;Green;377;Yellow;48;Red;12;Black;63;ON SHIP: White;0;Green;0;Yellow;0;Red;0;Evacuees to Transfer;
630.992,286,evacuee,outES,Evacuee 330 in triage category G is not assigned a helicopter
630.992,286,evacuee,,Evacuee;330;in triage state;Y;is at the evacuation site
634.015,3,evacueeManager,,OFF SHIP: White;0;Green;377;Yellow;48;Red;11;Black;64;ON SHIP: White;0;Green;0;Yellow;0;Red;0;Evacuees to Transfer;
634.015,1287,evacuee,outES,Evacuee 168 in triage category R is not assigned a helicopter
634.015,1287,evacuee,,Evacuee;168;in triage state;B;is at the evacuation site
635.073,3,evacueeManager,,OFF SHIP: White;0;Green;377;Yellow;48;Red;10;Black;65;ON SHIP: White;0;Green;0;Yellow;0;Red;0;Evacuees to Transfer;
635.073,1359,evacuee,outES,Evacuee 195 in triage category R is not assigned a helicopter
635.073,1359,evacuee,,Evacuee;195;in triage state;B;is at the evacuation site
637.227,3,evacueeManager,,OFF SHIP: White;0;Green;376;Yellow;49;Red;10;Black;65;ON SHIP: White;0;Green;0;Yellow;0;Red;0;Evacuees to Transfer;
637.227,1087,evacuee,outES,Evacuee 391 in triage category G is not assigned a helicopter
637.227,1087,evacuee,,Evacuee;391;in triage state;Y;is at the evacuation site
638.81,3,evacueeManager,,OFF SHIP: White;0;Green;376;Yellow;49;Red;9;Black;66;ON SHIP: White;0;Green;0;Yellow;0;Red;0;Evacuees to Transfer;
638.81,38,evacuee,outES,Evacuee 479 in triage category R is not assigned a helicopter
638.81,38,evacuee,,Evacuee;479;in triage state;B;is at the evacuation site
640.247,3,evacueeManager,,OFF SHIP: White;0;Green;375;Yellow;50;Red;9;Black;66;ON SHIP: White;0;Green;0;Yellow;0;Red;0;Evacuees to Transfer;
640.247,1362,evacuee,outES,Evacuee 399 in triage category G is not assigned a helicopter
640.247,1362,evacuee,,Evacuee;399;in triage state;Y;is at the evacuation site
641.298,3,evacueeManager,,OFF SHIP: White;0;Green;375;Yellow;49;Red;10;Black;66;ON SHIP: White;0;Green;0;Yellow;0;Red;0;Evacuees to Transfer;
641.298,352,evacuee,outES,Evacuee 303 in triage category Y is not assigned a helicopter
641.298,352,evacuee,,Evacuee;303;in triage state;R;is at the evacuation site
641.602,3,evacueeManager,,OFF SHIP: White;0;Green;375;Yellow;48;Red;11;Black;66;ON SHIP: White;0;Green;0;Yellow;0;Red;0;Evacuees to Transfer;
641.602,880,evacuee,outES,Evacuee 18 in triage category Y is not assigned a helicopter
641.602,880,evacuee,,Evacuee;18;in triage state;R;is at the evacuation site
642.967,3,evacueeManager,,OFF SHIP: White;0;Green;375;Yellow;47;Red;12;Black;66;ON SHIP: White;0;Green;0;Yellow;0;Red;0;Evacuees to Transfer;
642.967,74,evacuee,outES,Evacuee 458 in triage category Y is not assigned a helicopter
642.967,74,evacuee,,Evacuee;458;in triage state;R;is at the evacuation site
645.855,3,evacueeManager,,OFF SHIP: White;0;Green;375;Yellow;46;Red;13;Black;66;ON SHIP: White;0;Green;0;Yellow;0;Red;0;Evacuees to Transfer;
645.855,730,evacuee,outES,Evacuee 481 in triage category Y is not assigned a helicopter
645.855,730,evacuee,,Evacuee;481;in triage state;R;is at the evacuation site
650.531,3,evacueeManager,,OFF SHIP: White;0;Green;375;Yellow;46;Red;12;Black;67;ON SHIP: White;0;Green;0;Yellow;0;Red;0;Evacuees to Transfer;
650.531,74,evacuee,outES,Evacuee 458 in triage category R is not assigned a helicopter
650.531,74,evacuee,,Evacuee;458;in triage state;B;is at the evacuation site
652.84,3,evacueeManager,,OFF SHIP: White;0;Green;374;Yellow;47;Red;12;Black;67;ON SHIP: White;0;Green;0;Yellow;0;Red;0;Evacuees to Transfer;
652.84,1227,evacuee,outES,Evacuee 222 in triage category G is not assigned a helicopter
652.84,1227,evacuee,,Evacuee;222;in triage state;Y;is at the evacuation site
654.756,3,evacueeManager,,OFF SHIP: White;0;Green;374;Yellow;47;Red;11;Black;68;ON SHIP: White;0;Green;0;Yellow;0;Red;0;Evacuees to Transfer;
654.756,1015,evacuee,outES,Evacuee 23 in triage category R is not assigned a helicopter
654.756,1015,evacuee,,Evacuee;23;in triage state;B;is at the evacuation site
656.006,3,evacueeManager,,OFF SHIP: White;0;Green;374;Yellow;47;Red;10;Black;69;ON SHIP: White;0;Green;0;Yellow;0;Red;0;Evacuees to Transfer;
656.006,144,evacuee,outES,Evacuee 406 in triage category R is not assigned a helicopter
656.006,144,evacuee,,Evacuee;406;in triage state;B;is at the evacuation site
656.773,3,evacueeManager,,OFF SHIP: White;0;Green;373;Yellow;48;Red;10;Black;69;ON SHIP: White;0;Green;0;Yellow;0;Red;0;Evacuees to Transfer;
656.773,829,evacuee,outES,Evacuee 104 in triage category G is not assigned a helicopter
656.773,829,evacuee,,Evacuee;104;in triage state;Y;is at the evacuation site
661.542,3,evacueeManager,,OFF SHIP: White;0;Green;372;Yellow;49;Red;10;Black;69;ON SHIP: White;0;Green;0;Yellow;0;Red;0;Evacuees to Transfer;
661.542,1497,evacuee,outES,Evacuee 59 in triage category G is not assigned a helicopter
661.542,1497,evacuee,,Evacuee;59;in triage state;Y;is at the evacuation site
672.517,3,evacueeManager,,OFF SHIP: White;0;Green;372;Yellow;48;Red;11;Black;69;ON SHIP: White;0;Green;0;Yellow;0;Red;0;Evacuees to Transfer;
672.517,65,evacuee,outES,Evacuee 461 in triage category Y is not assigned a helicopter
672.517,65,evacuee,,Evacuee;461;in triage state;R;is at the evacuation site
676.672,3,evacueeManager,,OFF SHIP: White;0;Green;372;Yellow;48;Red;10;Black;70;ON SHIP: White;0;Green;0;Yellow;0;Red;0;Evacuees to Transfer;
676.672,952,evacuee,outES,Evacuee 75 in triage category R is not assigned a helicopter
676.672,952,evacuee,,Evacuee;75;in triage state;B;is at the evacuation site
679.556,3,evacueeManager,,OFF SHIP: White;0;Green;372;Yellow;48;Red;9;Black;71;ON SHIP: White;0;Green;0;Yellow;0;Red;0;Evacuees to Transfer;
679.556,204,evacuee,outES,Evacuee 379 in triage category R is not assigned a helicopter
679.556,204,evacuee,,Evacuee;379;in triage state;B;is at the evacuation site
680.784,3,evacueeManager,,OFF SHIP: White;0;Green;372;Yellow;47;Red;10;Black;71;ON SHIP: White;0;Green;0;Yellow;0;Red;0;Evacuees to Transfer;
680.784,1428,evacuee,outES,Evacuee 216 in triage category Y is not assigned a helicopter
680.784,1428,evacuee,,Evacuee;216;in triage state;R;is at the evacuation site
681.404,3,evacueeManager,,OFF SHIP: White;0;Green;372;Yellow;46;Red;11;Black;71;ON SHIP: White;0;Green;0;Yellow;0;Red;0;Evacuees to Transfer;
681.404,823,evacuee,outES,Evacuee 332 in triage category Y is not assigned a helicopter
681.404,823,evacuee,,Evacuee;332;in triage state;R;is at the evacuation site
683.274,3,evacueeManager,,OFF SHIP: White;0;Green;371;Yellow;47;Red;11;Black;71;ON SHIP: White;0;Green;0;Yellow;0;Red;0;Evacuees to Transfer;
683.274,150,evacuee,outES,Evacuee 403 in triage category G is not assigned a helicopter
683.274,150,evacuee,,Evacuee;403;in triage state;Y;is at the evacuation site
686.267,3,evacueeManager,,OFF SHIP: White;0;Green;371;Yellow;47;Red;10;Black;72;ON SHIP: White;0;Green;0;Yellow;0;Red;0;Evacuees to Transfer;
686.267,880,evacuee,outES,Evacuee 18 in triage category R is not assigned a helicopter
686.267,880,evacuee,,Evacuee;18;in triage state;B;is at the evacuation site
688.436,3,evacueeManager,,OFF SHIP: White;0;Green;370;Yellow;48;Red;10;Black;72;ON SHIP: White;0;Green;0;Yellow;0;Red;0;Evacuees to Transfer;
688.436,355,evacuee,outES,Evacuee 295 in triage category G is not assigned a helicopter
688.436,355,evacuee,,Evacuee;295;in triage state;Y;is at the evacuation site
688.497,3,evacueeManager,,OFF SHIP: White;0;Green;370;Yellow;48;Red;9;Black;73;ON SHIP: White;0;Green;0;Yellow;0;Red;0;Evacuees to Transfer;
688.497,751,evacuee,outES,Evacuee 33 in triage category R is not assigned a helicopter
688.497,751,evacuee,,Evacuee;33;in triage state;B;is at the evacuation site
690.659,3,evacueeManager,,OFF SHIP: White;0;Green;370;Yellow;47;Red;10;Black;73;ON SHIP: White;0;Green;0;Yellow;0;Red;0;Evacuees to Transfer;
690.659,760,evacuee,outES,Evacuee 25 in triage category Y is not assigned a helicopter
690.659,760,evacuee,,Evacuee;25;in triage state;R;is at the evacuation site
694.587,3,evacueeManager,,OFF SHIP: White;0;Green;369;Yellow;48;Red;10;Black;73;ON SHIP: White;0;Green;0;Yellow;0;Red;0;Evacuees to Transfer;
694.587,886,evacuee,outES,Evacuee 246 in triage category G is not assigned a helicopter
694.587,886,evacuee,,Evacuee;246;in triage state;Y;is at the evacuation site
698.018,3,evacueeManager,,OFF SHIP: White;0;Green;368;Yellow;49;Red;10;Black;73;ON SHIP: White;0;Green;0;Yellow;0;Red;0;Evacuees to Transfer;
698.018,694,evacuee,outES,Evacuee 363 in triage category G is not assigned a helicopter
698.018,694,evacuee,,Evacuee;363;in triage state;Y;is at the evacuation site
698.587,3,evacueeManager,,OFF SHIP: White;0;Green;368;Yellow;48;Red;11;Black;73;ON SHIP: White;0;Green;0;Yellow;0;Red;0;Evacuees to Transfer;
698.587,1224,evacuee,outES,Evacuee 151 in triage category Y is not assigned a helicopter
698.587,1224,evacuee,,Evacuee;151;in triage state;R;is at the evacuation site
701.437,3,evacueeManager,,OFF SHIP: White;0;Green;368;Yellow;47;Red;12;Black;73;ON SHIP: White;0;Green;0;Yellow;0;Red;0;Evacuees to Transfer;
701.437,1416,evacuee,outES,Evacuee 211 in triage category Y is not assigned a helicopter
701.437,1416,evacuee,,Evacuee;211;in triage state;R;is at the evacuation site
701.923,3,evacueeManager,,OFF SHIP: White;0;Green;368;Yellow;46;Red;13;Black;73;ON SHIP: White;0;Green;0;Yellow;0;Red;0;Evacuees to Transfer;
701.923,68,evacuee,outES,Evacuee 459 in triage category Y is not assigned a helicopter
701.923,68,evacuee,,Evacuee;459;in triage state;R;is at the evacuation site
702.401,3,evacueeManager,,OFF SHIP: White;0;Green;368;Yellow;45;Red;14;Black;73;ON SHIP: White;0;Green;0;Yellow;0;Red;0;Evacuees to Transfer;
702.401,213,evacuee,outES,Evacuee 375 in triage category Y is not assigned a helicopter
702.401,213,evacuee,,Evacuee;375;in triage state;R;is at the evacuation site
705.908,3,evacueeManager,,OFF SHIP: White;0;Green;368;Yellow;45;Red;13;Black;74;ON SHIP: White;0;Green;0;Yellow;0;Red;0;Evacuees to Transfer;
705.908,65,evacuee,outES,Evacuee 461 in triage category R is not assigned a helicopter
705.908,65,evacuee,,Evacuee;461;in triage state;B;is at the evacuation site
714.104,3,evacueeManager,,OFF SHIP: White;0;Green;367;Yellow;46;Red;13;Black;74;ON SHIP: White;0;Green;0;Yellow;0;Red;0;Evacuees to Transfer;
714.104,77,evacuee,outES,Evacuee 456 in triage category G is not assigned a helicopter
714.104,77,evacuee,,Evacuee;456;in triage state;Y;is at the evacuation site
718.528,3,evacueeManager,,OFF SHIP: White;0;Green;367;Yellow;46;Red;12;Black;75;ON SHIP: White;0;Green;0;Yellow;0;Red;0;Evacuees to Transfer;
718.528,68,evacuee,outES,Evacuee 459 in triage category R is not assigned a helicopter
718.528,68,evacuee,,Evacuee;459;in triage state;B;is at the evacuation site
721.039,3,evacueeManager,,OFF SHIP: White;0;Green;367;Yellow;45;Red;13;Black;75;ON SHIP: White;0;Green;0;Yellow;0;Red;0;Evacuees to Transfer;
721.039,940,evacuee,outES,Evacuee 26 in triage category Y is not assigned a helicopter
721.039,940,evacuee,,Evacuee;26;in triage state;R;is at the evacuation site
722.429,3,evacueeManager,,OFF SHIP: White;0;Green;366;Yellow;46;Red;13;Black;75;ON SHIP: White;0;Green;0;Yellow;0;Red;0;Evacuees to Transfer;
722.429,559,evacuee,outES,Evacuee 269 in triage category G is not assigned a helicopter
722.429,559,evacuee,,Evacuee;269;in triage state;Y;is at the evacuation site
723.106,3,evacueeManager,,OFF SHIP: White;0;Green;366;Yellow;46;Red;12;Black;76;ON SHIP: White;0;Green;0;Yellow;0;Red;0;Evacuees to Transfer;
723.106,1224,evacuee,outES,Evacuee 151 in triage category R is not assigned a helicopter
723.106,1224,evacuee,,Evacuee;151;in triage state;B;is at the evacuation site
723.621,3,evacueeManager,,OFF SHIP: White;0;Green;366;Yellow;45;Red;13;Black;76;ON SHIP: White;0;Green;0;Yellow;0;Red;0;Evacuees to Transfer;
723.621,1087,evacuee,outES,Evacuee 391 in triage category Y is not assigned a helicopter
723.621,1087,evacuee,,Evacuee;391;in triage state;R;is at the evacuation site
730.14,3,evacueeManager,,OFF SHIP: White;0;Green;365;Yellow;46;Red;13;Black;76;ON SHIP: White;0;Green;0;Yellow;0;Red;0;Evacuees to Transfer;
730.14,219,evacuee,outES,Evacuee 372 in triage category G is not assigned a helicopter
730.14,219,evacuee,,Evacuee;372;in triage state;Y;is at the evacuation site
731.749,3,evacueeManager,,OFF SHIP: White;0;Green;365;Yellow;45;Red;14;Black;76;ON SHIP: White;0;Green;0;Yellow;0;Red;0;Evacuees to Transfer;
731.749,1419,evacuee,outES,Evacuee 294 in triage category Y is not assigned a helicopter
731.749,1419,evacuee,,Evacuee;294;in triage state;R;is at the evacuation site
732.516,3,evacueeManager,,OFF SHIP: White;0;Green;365;Yellow;45;Red;13;Black;77;ON SHIP: White;0;Green;0;Yellow;0;Red;0;Evacuees to Transfer;
732.516,760,evacuee,outES,Evacuee 25 in triage category R is not assigned a helicopter
732.516,760,evacuee,,Evacuee;25;in triage state;B;is at the evacuation site
738.008,3,evacueeManager,,OFF SHIP: White;0;Green;365;Yellow;45;Red;12;Black;78;ON SHIP: White;0;Green;0;Yellow;0;Red;0;Evacuees to Transfer;
738.008,1428,evacuee,outES,Evacuee 216 in triage category R is not assigned a helicopter
738.008,1428,evacuee,,Evacuee;216;in triage state;B;is at the evacuation site
742.636,3,evacueeManager,,OFF SHIP: White;0;Green;364;Yellow;46;Red;12;Black;78;ON SHIP: White;0;Green;0;Yellow;0;Red;0;Evacuees to Transfer;
742.636,1296,evacuee,outES,Evacuee 169 in triage category G is not assigned a helicopter
742.636,1296,evacuee,,Evacuee;169;in triage state;Y;is at the evacuation site
742.81,3,evacueeManager,,OFF SHIP: White;0;Green;364;Yellow;45;Red;13;Black;78;ON SHIP: White;0;Green;0;Yellow;0;Red;0;Evacuees to Transfer;
742.81,189,evacuee,outES,Evacuee 480 in triage category Y is not assigned a helicopter
742.81,189,evacuee,,Evacuee;480;in triage state;R;is at the evacuation site
744.557,3,evacueeManager,,OFF SHIP: White;0;Green;363;Yellow;46;Red;13;Black;78;ON SHIP: White;0;Green;0;Yellow;0;Red;0;Evacuees to Transfer;
744.557,955,evacuee,outES,Evacuee 37 in triage category G is not assigned a helicopter
744.557,955,evacuee,,Evacuee;37;in triage state;Y;is at the evacuation site
751.368,3,evacueeManager,,OFF SHIP: White;0;Green;363;Yellow;45;Red;14;Black;78;ON SHIP: White;0;Green;0;Yellow;0;Red;0;Evacuees to Transfer;
751.368,219,evacuee,outES,Evacuee 372 in triage category Y is not assigned a helicopter
751.368,219,evacuee,,Evacuee;372;in triage state;R;is at the evacuation site
752.678,3,evacueeManager,,OFF SHIP: White;0;Green;363;Yellow;45;Red;13;Black;79;ON SHIP: White;0;Green;0;Yellow;0;Red;0;Evacuees to Transfer;
752.678,219,evacuee,outES,Evacuee 372 in triage category R is not assigned a helicopter
752.678,219,evacuee,,Evacuee;372;in triage state;B;is at the evacuation site
760.574,3,evacueeManager,,OFF SHIP: White;0;Green;363;Yellow;45;Red;12;Black;80;ON SHIP: White;0;Green;0;Yellow;0;Red;0;Evacuees to Transfer;
760.574,62,evacuee,outES,Evacuee 462 in triage category R is not assigned a helicopter
760.574,62,evacuee,,Evacuee;462;in triage state;B;is at the evacuation site
761.944,3,evacueeManager,,OFF SHIP: White;0;Green;363;Yellow;44;Red;13;Black;80;ON SHIP: White;0;Green;0;Yellow;0;Red;0;Evacuees to Transfer;
761.944,418,evacuee,outES,Evacuee 277 in triage category Y is not assigned a helicopter
761.944,418,evacuee,,Evacuee;277;in triage state;R;is at the evacuation site
764.081,3,evacueeManager,,OFF SHIP: White;0;Green;363;Yellow;43;Red;14;Black;80;ON SHIP: White;0;Green;0;Yellow;0;Red;0;Evacuees to Transfer;
764.081,343,evacuee,outES,Evacuee 309 in triage category Y is not assigned a helicopter
764.081,343,evacuee,,Evacuee;309;in triage state;R;is at the evacuation site
765.467,3,evacueeManager,,OFF SHIP: White;0;Green;363;Yellow;43;Red;13;Black;81;ON SHIP: White;0;Green;0;Yellow;0;Red;0;Evacuees to Transfer;
765.467,213,evacuee,outES,Evacuee 375 in triage category R is not assigned a helicopter
765.467,213,evacuee,,Evacuee;375;in triage state;B;is at the evacuation site
765.515,3,evacueeManager,,OFF SHIP: White;0;Green;363;Yellow;42;Red;14;Black;81;ON SHIP: White;0;Green;0;Yellow;0;Red;0;Evacuees to Transfer;
765.515,1296,evacuee,outES,Evacuee 169 in triage category Y is not assigned a helicopter
765.515,1296,evacuee,,Evacuee;169;in triage state;R;is at the evacuation site
765.636,3,evacueeManager,,OFF SHIP: White;0;Green;362;Yellow;43;Red;14;Black;81;ON SHIP: White;0;Green;0;Yellow;0;Red;0;Evacuees to Transfer;
765.636,763,evacuee,outES,Evacuee 334 in triage category G is not assigned a helicopter
765.636,763,evacuee,,Evacuee;334;in triage state;Y;is at the evacuation site
767.573,3,evacueeManager,,OFF SHIP: White;0;Green;361;Yellow;44;Red;14;Black;81;ON SHIP: White;0;Green;0;Yellow;0;Red;0;Evacuees to Transfer;
767.573,424,evacuee,outES,Evacuee 274 in triage category G is not assigned a helicopter
767.573,424,evacuee,,Evacuee;274;in triage state;Y;is at the evacuation site
768.362,3,evacueeManager,,OFF SHIP: White;0;Green;360;Yellow;45;Red;14;Black;81;ON SHIP: White;0;Green;0;Yellow;0;Red;0;Evacuees to Transfer;
768.362,493,evacuee,outES,Evacuee 245 in triage category G is not assigned a helicopter
768.362,493,evacuee,,Evacuee;245;in triage state;Y;is at the evacuation site
769.015,3,evacueeManager,,OFF SHIP: White;0;Green;360;Yellow;45;Red;13;Black;82;ON SHIP: White;0;Green;0;Yellow;0;Red;0;Evacuees to Transfer;
769.015,1087,evacuee,outES,Evacuee 391 in triage category R is not assigned a helicopter
769.015,1087,evacuee,,Evacuee;391;in triage state;B;is at the evacuation site
770.356,3,evacueeManager,,OFF SHIP: White;0;Green;360;Yellow;45;Red;12;Black;83;ON SHIP: White;0;Green;0;Yellow;0;Red;0;Evacuees to Transfer;
770.356,352,evacuee,outES,Evacuee 303 in triage category R is not assigned a helicopter
770.356,352,evacuee,,Evacuee;303;in triage state;B;is at the evacuation site
776.486,3,evacueeManager,,OFF SHIP: White;0;Green;359;Yellow;46;Red;12;Black;83;ON SHIP: White;0;Green;0;Yellow;0;Red;0;Evacuees to Transfer;
776.486,1431,evacuee,outES,Evacuee 219 in triage category G is not assigned a helicopter
776.486,1431,evacuee,,Evacuee;219;in triage state;Y;is at the evacuation site
778.81,3,evacueeManager,,OFF SHIP: White;0;Green;359;Yellow;46;Red;11;Black;84;ON SHIP: White;0;Green;0;Yellow;0;Red;0;Evacuees to Transfer;
778.81,1296,evacuee,outES,Evacuee 169 in triage category R is not assigned a helicopter
778.81,1296,evacuee,,Evacuee;169;in triage state;B;is at the evacuation site
779.223,3,evacueeManager,,OFF SHIP: White;0;Green;358;Yellow;47;Red;11;Black;84;ON SHIP: White;0;Green;0;Yellow;0;Red;0;Evacuees to Transfer;
779.223,1164,evacuee,outES,Evacuee 263 in triage category G is not assigned a helicopter
779.223,1164,evacuee,,Evacuee;263;in triage state;Y;is at the evacuation site
780.592,3,evacueeManager,,OFF SHIP: White;0;Green;357;Yellow;48;Red;11;Black;84;ON SHIP: White;0;Green;0;Yellow;0;Red;0;Evacuees to Transfer;
780.592,1024,evacuee,outES,Evacuee 13 in triage category G is not assigned a helicopter
780.592,1024,evacuee,,Evacuee;13;in triage state;Y;is at the evacuation site
787.665,3,evacueeManager,,OFF SHIP: White;0;Green;356;Yellow;49;Red;11;Black;84;ON SHIP: White;0;Green;0;Yellow;0;Red;0;Evacuees to Transfer;
787.665,628,evacuee,outES,Evacuee 87 in triage category G is not assigned a helicopter
787.665,628,evacuee,,Evacuee;87;in triage state;Y;is at the evacuation site
788.112,3,evacueeManager,,OFF SHIP: White;0;Green;356;Yellow;49;Red;10;Black;85;ON SHIP: White;0;Green;0;Yellow;0;Red;0;Evacuees to Transfer;
788.112,189,evacuee,outES,Evacuee 480 in triage category R is not assigned a helicopter
788.112,189,evacuee,,Evacuee;480;in triage state;B;is at the evacuation site
792.583,3,evacueeManager,,OFF SHIP: White;0;Green;355;Yellow;50;Red;10;Black;85;ON SHIP: White;0;Green;0;Yellow;0;Red;0;Evacuees to Transfer;
792.583,289,evacuee,outES,Evacuee 328 in triage category G is not assigned a helicopter
792.583,289,evacuee,,Evacuee;328;in triage state;Y;is at the evacuation site
797.785,3,evacueeManager,,OFF SHIP: White;0;Green;355;Yellow;50;Red;9;Black;86;ON SHIP: White;0;Green;0;Yellow;0;Red;0;Evacuees to Transfer;
797.785,343,evacuee,outES,Evacuee 309 in triage category R is not assigned a helicopter
797.785,343,evacuee,,Evacuee;309;in triage state;B;is at the evacuation site
800.479,3,evacueeManager,,OFF SHIP: White;0;Green;355;Yellow;50;Red;8;Black;87;ON SHIP: White;0;Green;0;Yellow;0;Red;0;Evacuees to Transfer;
800.479,1157,evacuee,outES,Evacuee 45 in triage category R is not assigned a helicopter
800.479,1157,evacuee,,Evacuee;45;in triage state;B;is at the evacuation site
802.156,3,evacueeManager,,OFF SHIP: White;0;Green;354;Yellow;51;Red;8;Black;87;ON SHIP: White;0;Green;0;Yellow;0;Red;0;Evacuees to Transfer;
802.156,1090,evacuee,outES,Evacuee 388 in triage category G is not assigned a helicopter
802.156,1090,evacuee,,Evacuee;388;in triage state;Y;is at the evacuation site
802.374,3,evacueeManager,,OFF SHIP: White;0;Green;353;Yellow;52;Red;8;Black;87;ON SHIP: White;0;Green;0;Yellow;0;Red;0;Evacuees to Transfer;
802.374,1365,evacuee,outES,Evacuee 197 in triage category G is not assigned a helicopter
802.374,1365,evacuee,,Evacuee;197;in triage state;Y;is at the evacuation site
805.711,3,evacueeManager,,OFF SHIP: White;0;Green;353;Yellow;51;Red;9;Black;87;ON SHIP: White;0;Green;0;Yellow;0;Red;0;Evacuees to Transfer;
805.711,949,evacuee,outES,Evacuee 418 in triage category Y is not assigned a helicopter
805.711,949,evacuee,,Evacuee;418;in triage state;R;is at the evacuation site
810.134,3,evacueeManager,,OFF SHIP: White;0;Green;353;Yellow;50;Red;10;Black;87;ON SHIP: White;0;Green;0;Yellow;0;Red;0;Evacuees to Transfer;
810.134,1431,evacuee,outES,Evacuee 219 in triage category Y is not assigned a helicopter
810.134,1431,evacuee,,Evacuee;219;in triage state;R;is at the evacuation site
813.873,3,evacueeManager,,OFF SHIP: White;0;Green;352;Yellow;51;Red;10;Black;87;ON SHIP: White;0;Green;0;Yellow;0;Red;0;Evacuees to Transfer;
813.873,832,evacuee,outES,Evacuee 40 in triage category G is not assigned a helicopter
813.873,832,evacuee,,Evacuee;40;in triage state;Y;is at the evacuation site
816.355,3,evacueeManager,,OFF SHIP: White;0;Green;352;Yellow;51;Red;9;Black;88;ON SHIP: White;0;Green;0;Yellow;0;Red;0;Evacuees to Transfer;
816.355,418,evacuee,outES,Evacuee 277 in triage category R is not assigned a helicopter
816.355,418,evacuee,,Evacuee;277;in triage state;B;is at the evacuation site
817.221,3,evacueeManager,,OFF SHIP: White;0;Green;352;Yellow;50;Red;10;Black;88;ON SHIP: White;0;Green;0;Yellow;0;Red;0;Evacuees to Transfer;
817.221,1227,evacuee,outES,Evacuee 222 in triage category Y is not assigned a helicopter
817.221,1227,evacuee,,Evacuee;222;in triage state;R;is at the evacuation site
818.691,3,evacueeManager,,OFF SHIP: White;0;Green;351;Yellow;51;Red;10;Black;88;ON SHIP: White;0;Green;0;Yellow;0;Red;0;Evacuees to Transfer;
818.691,1230,evacuee,outES,Evacuee 152 in triage category G is not assigned a helicopter
818.691,1230,evacuee,,Evacuee;152;in triage state;Y;is at the evacuation site
829.051,3,evacueeManager,,OFF SHIP: White;0;Green;351;Yellow;50;Red;11;Black;88;ON SHIP: White;0;Green;0;Yellow;0;Red;0;Evacuees to Transfer;
829.051,1021,evacuee,outES,Evacuee 255 in triage category Y is not assigned a helicopter
829.051,1021,evacuee,,Evacuee;255;in triage state;R;is at the evacuation site
833.623,3,evacueeManager,,OFF SHIP: White;0;Green;351;Yellow;49;Red;12;Black;88;ON SHIP: White;0;Green;0;Yellow;0;Red;0;Evacuees to Transfer;
833.623,1078,evacuee,outES,Evacuee 336 in triage category Y is not assigned a helicopter
833.623,1078,evacuee,,Evacuee;336;in triage state;R;is at the evacuation site
833.926,3,evacueeManager,,OFF SHIP: White;0;Green;350;Yellow;50;Red;12;Black;88;ON SHIP: White;0;Green;0;Yellow;0;Red;0;Evacuees to Transfer;
833.926,1500,evacuee,outES,Evacuee 248 in triage category G is not assigned a helicopter
833.926,1500,evacuee,,Evacuee;248;in triage state;Y;is at the evacuation site
841.867,3,evacueeManager,,OFF SHIP: White;0;Green;349;Yellow;51;Red;12;Black;88;ON SHIP: White;0;Green;0;Yellow;0;Red;0;Evacuees to Transfer;
841.867,153,evacuee,outES,Evacuee 401 in triage category G is not assigned a helicopter
841.867,153,evacuee,,Evacuee;401;in triage state;Y;is at the evacuation site
851.611,3,evacueeManager,,OFF SHIP: White;0;Green;349;Yellow;50;Red;13;Black;88;ON SHIP: White;0;Green;0;Yellow;0;Red;0;Evacuees to Transfer;
851.611,493,evacuee,outES,Evacuee 245 in triage category Y is not assigned a helicopter
851.611,493,evacuee,,Evacuee;245;in triage state;R;is at the evacuation site
854.837,3,evacueeManager,,OFF SHIP: White;0;Green;349;Yellow;50;Red;12;Black;89;ON SHIP: White;0;Green;0;Yellow;0;Red;0;Evacuees to Transfer;
854.837,730,evacuee,outES,Evacuee 481 in triage category R is not assigned a helicopter
854.837,730,evacuee,,Evacuee;481;in triage state;B;is at the evacuation site
856.246,3,evacueeManager,,OFF SHIP: White;0;Green;349;Yellow;49;Red;13;Black;89;ON SHIP: White;0;Green;0;Yellow;0;Red;0;Evacuees to Transfer;
856.246,1365,evacuee,outES,Evacuee 197 in triage category Y is not assigned a helicopter
856.246,1365,evacuee,,Evacuee;197;in triage state;R;is at the evacuation site
858.777,3,evacueeManager,,OFF SHIP: White;0;Green;349;Yellow;48;Red;14;Black;89;ON SHIP: White;0;Green;0;Yellow;0;Red;0;Evacuees to Transfer;
858.777,1362,evacuee,outES,Evacuee 399 in triage category Y is not assigned a helicopter
858.777,1362,evacuee,,Evacuee;399;in triage state;R;is at the evacuation site
859.447,3,evacueeManager,,OFF SHIP: White;0;Green;348;Yellow;49;Red;14;Black;89;ON SHIP: White;0;Green;0;Yellow;0;Red;0;Evacuees to Transfer;
859.447,358,evacuee,outES,Evacuee 352 in triage category G is not assigned a helicopter
859.447,358,evacuee,,Evacuee;352;in triage state;Y;is at the evacuation site
859.893,3,evacueeManager,,OFF SHIP: White;0;Green;347;Yellow;50;Red;14;Black;89;ON SHIP: White;0;Green;0;Yellow;0;Red;0;Evacuees to Transfer;
859.893,889,evacuee,outES,Evacuee 22 in triage category G is not assigned a helicopter
859.893,889,evacuee,,Evacuee;22;in triage state;Y;is at the evacuation site
860.485,3,evacueeManager,,OFF SHIP: White;0;Green;346;Yellow;51;Red;14;Black;89;ON SHIP: White;0;Green;0;Yellow;0;Red;0;Evacuees to Transfer;
860.485,697,evacuee,outES,Evacuee 251 in triage category G is not assigned a helicopter
860.485,697,evacuee,,Evacuee;251;in triage state;Y;is at the evacuation site
860.991,3,evacueeManager,,OFF SHIP: White;0;Green;346;Yellow;51;Red;13;Black;90;ON SHIP: White;0;Green;0;Yellow;0;Red;0;Evacuees to Transfer;
860.991,1148,evacuee,outES,Evacuee 57 in triage category R is not assigned a helicopter
860.991,1148,evacuee,,Evacuee;57;in triage state;B;is at the evacuation site
862.512,3,evacueeManager,,OFF SHIP: White;0;Green;346;Yellow;51;Red;12;Black;91;ON SHIP: White;0;Green;0;Yellow;0;Red;0;Evacuees to Transfer;
862.512,1431,evacuee,outES,Evacuee 219 in triage category R is not assigned a helicopter
862.512,1431,evacuee,,Evacuee;219;in triage state;B;is at the evacuation site
863.243,3,evacueeManager,,OFF SHIP: White;0;Green;346;Yellow;51;Red;11;Black;92;ON SHIP: White;0;Green;0;Yellow;0;Red;0;Evacuees to Transfer;
863.243,1365,evacuee,outES,Evacuee 197 in triage category R is not assigned a helicopter
863.243,1365,evacuee,,Evacuee;197;in triage state;B;is at the evacuation site
873.816,3,evacueeManager,,OFF SHIP: White;0;Green;346;Yellow;50;Red;12;Black;92;ON SHIP: White;0;Green;0;Yellow;0;Red;0;Evacuees to Transfer;
873.816,943,evacuee,outES,Evacuee 343 in triage category Y is not assigned a helicopter
873.816,943,evacuee,,Evacuee;343;in triage state;R;is at the evacuation site
874.453,3,evacueeManager,,OFF SHIP: White;0;Green;345;Yellow;51;Red;12;Black;92;ON SHIP: White;0;Green;0;Yellow;0;Red;0;Evacuees to Transfer;
874.453,80,evacuee,outES,Evacuee 455 in triage category G is not assigned a helicopter
874.453,80,evacuee,,Evacuee;455;in triage state;Y;is at the evacuation site
875.937,3,evacueeManager,,OFF SHIP: White;0;Green;345;Yellow;51;Red;11;Black;93;ON SHIP: White;0;Green;0;Yellow;0;Red;0;Evacuees to Transfer;
875.937,1021,evacuee,outES,Evacuee 255 in triage category R is not assigned a helicopter
875.937,1021,evacuee,,Evacuee;255;in triage state;B;is at the evacuation site
880.166,3,evacueeManager,,OFF SHIP: White;0;Green;345;Yellow;51;Red;10;Black;94;ON SHIP: White;0;Green;0;Yellow;0;Red;0;Evacuees to Transfer;
880.166,949,evacuee,outES,Evacuee 418 in triage category R is not assigned a helicopter
880.166,949,evacuee,,Evacuee;418;in triage state;B;is at the evacuation site
882.876,3,evacueeManager,,OFF SHIP: White;0;Green;345;Yellow;50;Red;11;Black;94;ON SHIP: White;0;Green;0;Yellow;0;Red;0;Evacuees to Transfer;
882.876,628,evacuee,outES,Evacuee 87 in triage category Y is not assigned a helicopter
882.876,628,evacuee,,Evacuee;87;in triage state;R;is at the evacuation site
893.405,3,evacueeManager,,OFF SHIP: White;0;Green;345;Yellow;49;Red;12;Black;94;ON SHIP: White;0;Green;0;Yellow;0;Red;0;Evacuees to Transfer;
893.405,1154,evacuee,outES,Evacuee 261 in triage category Y is not assigned a helicopter
893.405,1154,evacuee,,Evacuee;261;in triage state;R;is at the evacuation site
896.456,3,evacueeManager,,OFF SHIP: White;0;Green;345;Yellow;49;Red;11;Black;95;ON SHIP: White;0;Green;0;Yellow;0;Red;0;Evacuees to Transfer;
896.456,823,evacuee,outES,Evacuee 332 in triage category R is not assigned a helicopter
896.456,823,evacuee,,Evacuee;332;in triage state;B;is at the evacuation site
898.611,3,evacueeManager,,OFF SHIP: White;0;Green;344;Yellow;50;Red;11;Black;95;ON SHIP: White;0;Green;0;Yellow;0;Red;0;Evacuees to Transfer;
898.611,562,evacuee,outES,Evacuee 103 in triage category G is not assigned a helicopter
898.611,562,evacuee,,Evacuee;103;in triage state;Y;is at the evacuation site
900.686,3,evacueeManager,,OFF SHIP: White;0;Green;344;Yellow;50;Red;10;Black;96;ON SHIP: White;0;Green;0;Yellow;0;Red;0;Evacuees to Transfer;
900.686,1078,evacuee,outES,Evacuee 336 in triage category R is not assigned a helicopter
900.686,1078,evacuee,,Evacuee;336;in triage state;B;is at the evacuation site
903.722,3,evacueeManager,,OFF SHIP: White;0;Green;343;Yellow;51;Red;10;Black;96;ON SHIP: White;0;Green;0;Yellow;0;Red;0;Evacuees to Transfer;
903.722,222,evacuee,outES,Evacuee 371 in triage category G is not assigned a helicopter
903.722,222,evacuee,,Evacuee;371;in triage state;Y;is at the evacuation site
913.899,3,evacueeManager,,OFF SHIP: White;0;Green;342;Yellow;52;Red;10;Black;96;ON SHIP: White;0;Green;0;Yellow;0;Red;0;Evacuees to Transfer;
913.899,1299,evacuee,outES,Evacuee 170 in triage category G is not assigned a helicopter
913.899,1299,evacuee,,Evacuee;170;in triage state;Y;is at the evacuation site
915.22,3,evacueeManager,,OFF SHIP: White;0;Green;342;Yellow;51;Red;11;Black;96;ON SHIP: White;0;Green;0;Yellow;0;Red;0;Evacuees to Transfer;
915.22,1293,evacuee,outES,Evacuee 230 in triage category Y is not assigned a helicopter
915.22,1293,evacuee,,Evacuee;230;in triage state;R;is at the evacuation site
920.324,3,evacueeManager,,OFF SHIP: White;0;Green;342;Yellow;51;Red;10;Black;97;ON SHIP: White;0;Green;0;Yellow;0;Red;0;Evacuees to Transfer;
920.324,943,evacuee,outES,Evacuee 343 in triage category R is not assigned a helicopter
920.324,943,evacuee,,Evacuee;343;in triage state;B;is at the evacuation site
927.143,3,evacueeManager,,OFF SHIP: White;0;Green;342;Yellow;50;Red;11;Black;97;ON SHIP: White;0;Green;0;Yellow;0;Red;0;Evacuees to Transfer;
927.143,1494,evacuee,outES,Evacuee 247 in triage category Y is not assigned a helicopter
927.143,1494,evacuee,,Evacuee;247;in triage state;R;is at the evacuation site
928.655,3,evacueeManager,,OFF SHIP: White;0;Green;342;Yellow;50;Red;10;Black;98;ON SHIP: White;0;Green;0;Yellow;0;Red;0;Evacuees to Transfer;
928.655,1494,evacuee,outES,Evacuee 247 in triage category R is not assigned a helicopter
928.655,1494,evacuee,,Evacuee;247;in triage state;B;is at the evacuation site
932.26,3,evacueeManager,,OFF SHIP: White;0;Green;342;Yellow;50;Red;9;Black;99;ON SHIP: White;0;Green;0;Yellow;0;Red;0;Evacuees to Transfer;
932.26,493,evacuee,outES,Evacuee 245 in triage category R is not assigned a helicopter
932.26,493,evacuee,,Evacuee;245;in triage state;B;is at the evacuation site
933.517,3,evacueeManager,,OFF SHIP: White;0;Green;342;Yellow;50;Red;8;Black;100;ON SHIP: White;0;Green;0;Yellow;0;Red;0;Evacuees to Transfer;
933.517,1419,evacuee,outES,Evacuee 294 in triage category R is not assigned a helicopter
933.517,1419,evacuee,,Evacuee;294;in triage state;B;is at the evacuation site
935.194,3,evacueeManager,,OFF SHIP: White;0;Green;341;Yellow;51;Red;8;Black;100;ON SHIP: White;0;Green;0;Yellow;0;Red;0;Evacuees to Transfer;
935.194,766,evacuee,outES,Evacuee 70 in triage category G is not assigned a helicopter
935.194,766,evacuee,,Evacuee;70;in triage state;Y;is at the evacuation site
937.248,3,evacueeManager,,OFF SHIP: White;0;Green;340;Yellow;52;Red;8;Black;100;ON SHIP: White;0;Green;0;Yellow;0;Red;0;Evacuees to Transfer;
937.248,427,evacuee,outES,Evacuee 273 in triage category G is not assigned a helicopter
937.248,427,evacuee,,Evacuee;273;in triage state;Y;is at the evacuation site
938.086,3,evacueeManager,,OFF SHIP: White;0;Green;339;Yellow;53;Red;8;Black;100;ON SHIP: White;0;Green;0;Yellow;0;Red;0;Evacuees to Transfer;
938.086,496,evacuee,outES,Evacuee 310 in triage category G is not assigned a helicopter
938.086,496,evacuee,,Evacuee;310;in triage state;Y;is at the evacuation site
941.16,3,evacueeManager,,OFF SHIP: White;0;Green;339;Yellow;52;Red;9;Black;100;ON SHIP: White;0;Green;0;Yellow;0;Red;0;Evacuees to Transfer;
941.16,754,evacuee,outES,Evacuee 271 in triage category Y is not assigned a helicopter
941.16,754,evacuee,,Evacuee;271;in triage state;R;is at the evacuation site
946.703,3,evacueeManager,,OFF SHIP: White;0;Green;338;Yellow;53;Red;9;Black;100;ON SHIP: White;0;Green;0;Yellow;0;Red;0;Evacuees to Transfer;
946.703,1434,evacuee,outES,Evacuee 221 in triage category G is not assigned a helicopter
946.703,1434,evacuee,,Evacuee;221;in triage state;Y;is at the evacuation site
949.263,3,evacueeManager,,OFF SHIP: White;0;Green;338;Yellow;52;Red;10;Black;100;ON SHIP: White;0;Green;0;Yellow;0;Red;0;Evacuees to Transfer;
949.263,1500,evacuee,outES,Evacuee 248 in triage category Y is not assigned a helicopter
949.263,1500,evacuee,,Evacuee;248;in triage state;R;is at the evacuation site
953.397,3,evacueeManager,,OFF SHIP: White;0;Green;338;Yellow;51;Red;11;Black;100;ON SHIP: White;0;Green;0;Yellow;0;Red;0;Evacuees to Transfer;
953.397,80,evacuee,outES,Evacuee 455 in triage category Y is not assigned a helicopter
953.397,80,evacuee,,Evacuee;455;in triage state;R;is at the evacuation site
955.882,3,evacueeManager,,OFF SHIP: White;0;Green;337;Yellow;52;Red;11;Black;100;ON SHIP: White;0;Green;0;Yellow;0;Red;0;Evacuees to Transfer;
955.882,1167,evacuee,outES,Evacuee 190 in triage category G is not assigned a helicopter
955.882,1167,evacuee,,Evacuee;190;in triage state;Y;is at the evacuation site
957.338,3,evacueeManager,,OFF SHIP: White;0;Green;336;Yellow;53;Red;11;Black;100;ON SHIP: White;0;Green;0;Yellow;0;Red;0;Evacuees to Transfer;
957.338,1027,evacuee,outES,Evacuee 24 in triage category G is not assigned a helicopter
957.338,1027,evacuee,,Evacuee;24;in triage state;Y;is at the evacuation site
958.565,3,evacueeManager,,OFF SHIP: White;0;Green;335;Yellow;54;Red;11;Black;100;ON SHIP: White;0;Green;0;Yellow;0;Red;0;Evacuees to Transfer;
958.565,631,evacuee,outES,Evacuee 297 in triage category G is not assigned a helicopter
958.565,631,evacuee,,Evacuee;297;in triage state;Y;is at the evacuation site
958.942,3,evacueeManager,,OFF SHIP: White;0;Green;335;Yellow;53;Red;12;Black;100;ON SHIP: White;0;Green;0;Yellow;0;Red;0;Evacuees to Transfer;
958.942,77,evacuee,outES,Evacuee 456 in triage category Y is not assigned a helicopter
958.942,77,evacuee,,Evacuee;456;in triage state;R;is at the evacuation site
960.389,3,evacueeManager,,OFF SHIP: White;0;Green;335;Yellow;53;Red;11;Black;101;ON SHIP: White;0;Green;0;Yellow;0;Red;0;Evacuees to Transfer;
960.389,1154,evacuee,outES,Evacuee 261 in triage category R is not assigned a helicopter
960.389,1154,evacuee,,Evacuee;261;in triage state;B;is at the evacuation site
964.707,3,evacueeManager,,OFF SHIP: White;0;Green;334;Yellow;54;Red;11;Black;101;ON SHIP: White;0;Green;0;Yellow;0;Red;0;Evacuees to Transfer;
964.707,1368,evacuee,outES,Evacuee 450 in triage category G is not assigned a helicopter
964.707,1368,evacuee,,Evacuee;450;in triage state;Y;is at the evacuation site
968.872,3,evacueeManager,,OFF SHIP: White;0;Green;334;Yellow;53;Red;12;Black;101;ON SHIP: White;0;Green;0;Yellow;0;Red;0;Evacuees to Transfer;
968.872,1497,evacuee,outES,Evacuee 59 in triage category Y is not assigned a helicopter
968.872,1497,evacuee,,Evacuee;59;in triage state;R;is at the evacuation site
970.09,3,evacueeManager,,OFF SHIP: White;0;Green;333;Yellow;54;Red;12;Black;101;ON SHIP: White;0;Green;0;Yellow;0;Red;0;Evacuees to Transfer;
970.09,292,evacuee,outES,Evacuee 327 in triage category G is not assigned a helicopter
970.09,292,evacuee,,Evacuee;327;in triage state;Y;is at the evacuation site
972.642,3,evacueeManager,,OFF SHIP: White;0;Green;333;Yellow;53;Red;13;Black;101;ON SHIP: White;0;Green;0;Yellow;0;Red;0;Evacuees to Transfer;
972.642,427,evacuee,outES,Evacuee 273 in triage category Y is not assigned a helicopter
972.642,427,evacuee,,Evacuee;273;in triage state;R;is at the evacuation site
973.943,3,evacueeManager,,OFF SHIP: White;0;Green;332;Yellow;54;Red;13;Black;101;ON SHIP: White;0;Green;0;Yellow;0;Red;0;Evacuees to Transfer;
973.943,1093,evacuee,outES,Evacuee 55 in triage category G is not assigned a helicopter
973.943,1093,evacuee,,Evacuee;55;in triage state;Y;is at the evacuation site
979.636,3,evacueeManager,,OFF SHIP: White;0;Green;332;Yellow;53;Red;14;Black;101;ON SHIP: White;0;Green;0;Yellow;0;Red;0;Evacuees to Transfer;
979.636,153,evacuee,outES,Evacuee 401 in triage category Y is not assigned a helicopter
979.636,153,evacuee,,Evacuee;401;in triage state;R;is at the evacuation site
982.298,3,evacueeManager,,OFF SHIP: White;0;Green;332;Yellow;53;Red;13;Black;102;ON SHIP: White;0;Green;0;Yellow;0;Red;0;Evacuees to Transfer;
982.298,1497,evacuee,outES,Evacuee 59 in triage category R is not assigned a helicopter
982.298,1497,evacuee,,Evacuee;59;in triage state;B;is at the evacuation site
986.477,3,evacueeManager,,OFF SHIP: White;0;Green;332;Yellow;52;Red;14;Black;102;ON SHIP: White;0;Green;0;Yellow;0;Red;0;Evacuees to Transfer;
986.477,1368,evacuee,outES,Evacuee 450 in triage category Y is not assigned a helicopter
986.477,1368,evacuee,,Evacuee;450;in triage state;R;is at the evacuation site
986.99,3,evacueeManager,,OFF SHIP: White;0;Green;332;Yellow;52;Red;13;Black;103;ON SHIP: White;0;Green;0;Yellow;0;Red;0;Evacuees to Transfer;
986.99,1227,evacuee,outES,Evacuee 222 in triage category R is not assigned a helicopter
986.99,1227,evacuee,,Evacuee;222;in triage state;B;is at the evacuation site
988.319,3,evacueeManager,,OFF SHIP: White;0;Green;331;Yellow;53;Red;13;Black;103;ON SHIP: White;0;Green;0;Yellow;0;Red;0;Evacuees to Transfer;
988.319,1233,evacuee,outES,Evacuee 153 in triage category G is not assigned a helicopter
988.319,1233,evacuee,,Evacuee;153;in triage state;Y;is at the evacuation site
989.559,3,evacueeManager,,OFF SHIP: White;0;Green;330;Yellow;54;Red;13;Black;103;ON SHIP: White;0;Green;0;Yellow;0;Red;0;Evacuees to Transfer;
989.559,835,evacuee,outES,Evacuee 97 in triage category G is not assigned a helicopter
989.559,835,evacuee,,Evacuee;97;in triage state;Y;is at the evacuation site
989.721,3,evacueeManager,,OFF SHIP: White;0;Green;330;Yellow;53;Red;14;Black;103;ON SHIP: White;0;Green;0;Yellow;0;Red;0;Evacuees to Transfer;
989.721,763,evacuee,outES,Evacuee 334 in triage category Y is not assigned a helicopter
989.721,763,evacuee,,Evacuee;334;in triage state;R;is at the evacuation site
989.872,3,evacueeManager,,OFF SHIP: White;0;Green;330;Yellow;53;Red;13;Black;104;ON SHIP: White;0;Green;0;Yellow;0;Red;0;Evacuees to Transfer;
989.872,427,evacuee,outES,Evacuee 273 in triage category R is not assigned a helicopter
989.872,427,evacuee,,Evacuee;273;in triage state;B;is at the evacuation site
995.053,3,evacueeManager,,OFF SHIP: White;0;Green;330;Yellow;53;Red;12;Black;105;ON SHIP: White;0;Green;0;Yellow;0;Red;0;Evacuees to Transfer;
995.053,754,evacuee,outES,Evacuee 271 in triage category R is not assigned a helicopter
995.053,754,evacuee,,Evacuee;271;in triage state;B;is at the evacuation site
1000.53,3,evacueeManager,,OFF SHIP: White;0;Green;330;Yellow;53;Red;11;Black;106;ON SHIP: White;0;Green;0;Yellow;0;Red;0;Evacuees to Transfer;
1000.53,628,evacuee,outES,Evacuee 87 in triage category R is not assigned a helicopter
1000.53,628,evacuee,,Evacuee;87;in triage state;B;is at the evacuation site
1001.29,3,evacueeManager,,OFF SHIP: White;0;Green;329;Yellow;54;Red;11;Black;106;ON SHIP: White;0;Green;0;Yellow;0;Red;0;Evacuees to Transfer;
1001.29,1503,evacuee,outES,Evacuee 467 in triage category G is not assigned a helicopter
1001.29,1503,evacuee,,Evacuee;467;in triage state;Y;is at the evacuation site
1004.03,3,evacueeManager,,OFF SHIP: White;0;Green;329;Yellow;53;Red;12;Black;106;ON SHIP: White;0;Green;0;Yellow;0;Red;0;Evacuees to Transfer;
1004.03,292,evacuee,outES,Evacuee 327 in triage category Y is not assigned a helicopter
1004.03,292,evacuee,,Evacuee;327;in triage state;R;is at the evacuation site
1007.28,3,evacueeManager,,OFF SHIP: White;0;Green;329;Yellow;53;Red;11;Black;107;ON SHIP: White;0;Green;0;Yellow;0;Red;0;Evacuees to Transfer;
1007.28,940,evacuee,outES,Evacuee 26 in triage category R is not assigned a helicopter
1007.28,940,evacuee,,Evacuee;26;in triage state;B;is at the evacuation site
1008.66,3,evacueeManager,,OFF SHIP: White;0;Green;329;Yellow;53;Red;10;Black;108;ON SHIP: White;0;Green;0;Yellow;0;Red;0;Evacuees to Transfer;
1008.66,77,evacuee,outES,Evacuee 456 in triage category R is not assigned a helicopter
1008.66,77,evacuee,,Evacuee;456;in triage state;B;is at the evacuation site
1016.11,3,evacueeManager,,OFF SHIP: White;0;Green;328;Yellow;54;Red;10;Black;108;ON SHIP: White;0;Green;0;Yellow;0;Red;0;Evacuees to Transfer;
1016.11,156,evacuee,outES,Evacuee 398 in triage category G is not assigned a helicopter
1016.11,156,evacuee,,Evacuee;398;in triage state;Y;is at the evacuation site
1017.28,3,evacueeManager,,OFF SHIP: White;0;Green;328;Yellow;53;Red;11;Black;108;ON SHIP: White;0;Green;0;Yellow;0;Red;0;Evacuees to Transfer;
1017.28,1093,evacuee,outES,Evacuee 55 in triage category Y is not assigned a helicopter
1017.28,1093,evacuee,,Evacuee;55;in triage state;R;is at the evacuation site
1021.94,3,evacueeManager,,OFF SHIP: White;0;Green;328;Yellow;52;Red;12;Black;108;ON SHIP: White;0;Green;0;Yellow;0;Red;0;Evacuees to Transfer;
1021.94,697,evacuee,outES,Evacuee 251 in triage category Y is not assigned a helicopter
1021.94,697,evacuee,,Evacuee;251;in triage state;R;is at the evacuation site
1029.46,3,evacueeManager,,OFF SHIP: White;0;Green;328;Yellow;52;Red;11;Black;109;ON SHIP: White;0;Green;0;Yellow;0;Red;0;Evacuees to Transfer;
1029.46,1093,evacuee,outES,Evacuee 55 in triage category R is not assigned a helicopter
1029.46,1093,evacuee,,Evacuee;55;in triage state;B;is at the evacuation site
1032.67,3,evacueeManager,,OFF SHIP: White;0;Green;327;Yellow;53;Red;11;Black;109;ON SHIP: White;0;Green;0;Yellow;0;Red;0;Evacuees to Transfer;
1032.67,700,evacuee,outES,Evacuee 128 in triage category G is not assigned a helicopter
1032.67,700,evacuee,,Evacuee;128;in triage state;Y;is at the evacuation site
1038.5,3,evacueeManager,,OFF SHIP: White;0;Green;326;Yellow;54;Red;11;Black;109;ON SHIP: White;0;Green;0;Yellow;0;Red;0;Evacuees to Transfer;
1038.5,892,evacuee,outES,Evacuee 92 in triage category G is not assigned a helicopter
1038.5,892,evacuee,,Evacuee;92;in triage state;Y;is at the evacuation site
1040.16,3,evacueeManager,,OFF SHIP: White;0;Green;326;Yellow;53;Red;12;Black;109;ON SHIP: White;0;Green;0;Yellow;0;Red;0;Evacuees to Transfer;
1040.16,147,evacuee,outES,Evacuee 404 in triage category Y is not assigned a helicopter
1040.16,147,evacuee,,Evacuee;404;in triage state;R;is at the evacuation site
1040.48,3,evacueeManager,,OFF SHIP: White;0;Green;326;Yellow;53;Red;11;Black;110;ON SHIP: White;0;Green;0;Yellow;0;Red;0;Evacuees to Transfer;
1040.48,23,evacuee,outES,Evacuee 486 in triage category R is not assigned a helicopter
1040.48,23,evacuee,,Evacuee;486;in triage state;B;is at the evacuation site
1041.02,3,evacueeManager,,OFF SHIP: White;0;Green;325;Yellow;54;Red;11;Black;110;ON SHIP: White;0;Green;0;Yellow;0;Red;0;Evacuees to Transfer;
1041.02,83,evacuee,outES,Evacuee 448 in triage category G is not assigned a helicopter
1041.02,83,evacuee,,Evacuee;448;in triage state;Y;is at the evacuation site
1041.26,3,evacueeManager,,OFF SHIP: White;0;Green;324;Yellow;55;Red;11;Black;110;ON SHIP: White;0;Green;0;Yellow;0;Red;0;Evacuees to Transfer;
1041.26,361,evacuee,outES,Evacuee 293 in triage category G is not assigned a helicopter
1041.26,361,evacuee,,Evacuee;293;in triage state;Y;is at the evacuation site
1041.99,3,evacueeManager,,OFF SHIP: White;0;Green;324;Yellow;55;Red;10;Black;111;ON SHIP: White;0;Green;0;Yellow;0;Red;0;Evacuees to Transfer;
1041.99,292,evacuee,outES,Evacuee 327 in triage category R is not assigned a helicopter
1041.99,292,evacuee,,Evacuee;327;in triage state;B;is at the evacuation site
1046.58,3,evacueeManager,,OFF SHIP: White;0;Green;324;Yellow;55;Red;9;Black;112;ON SHIP: White;0;Green;0;Yellow;0;Red;0;Evacuees to Transfer;
1046.58,1416,evacuee,outES,Evacuee 211 in triage category R is not assigned a helicopter
1046.58,1416,evacuee,,Evacuee;211;in triage state;B;is at the evacuation site
1052.02,3,evacueeManager,,OFF SHIP: White;0;Green;324;Yellow;55;Red;8;Black;113;ON SHIP: White;0;Green;0;Yellow;0;Red;0;Evacuees to Transfer;
1052.02,80,evacuee,outES,Evacuee 455 in triage category R is not assigned a helicopter
1052.02,80,evacuee,,Evacuee;455;in triage state;B;is at the evacuation site
1052.97,3,evacueeManager,,OFF SHIP: White;0;Green;324;Yellow;55;Red;7;Black;114;ON SHIP: White;0;Green;0;Yellow;0;Red;0;Evacuees to Transfer;
1052.97,763,evacuee,outES,Evacuee 334 in triage category R is not assigned a helicopter
1052.97,763,evacuee,,Evacuee;334;in triage state;B;is at the evacuation site
1053.58,3,evacueeManager,,OFF SHIP: White;0;Green;324;Yellow;54;Red;8;Black;114;ON SHIP: White;0;Green;0;Yellow;0;Red;0;Evacuees to Transfer;
1053.58,1503,evacuee,outES,Evacuee 467 in triage category Y is not assigned a helicopter
1053.58,1503,evacuee,,Evacuee;467;in triage state;R;is at the evacuation site
1064.53,3,evacueeManager,,OFF SHIP: White;0;Green;324;Yellow;54;Red;7;Black;115;ON SHIP: White;0;Green;0;Yellow;0;Red;0;Evacuees to Transfer;
1064.53,1500,evacuee,outES,Evacuee 248 in triage category R is not assigned a helicopter
1064.53,1500,evacuee,,Evacuee;248;in triage state;B;is at the evacuation site
1069.3,3,evacueeManager,,OFF SHIP: White;0;Green;324;Yellow;54;Red;6;Black;116;ON SHIP: White;0;Green;0;Yellow;0;Red;0;Evacuees to Transfer;
1069.3,697,evacuee,outES,Evacuee 251 in triage category R is not assigned a helicopter
1069.3,697,evacuee,,Evacuee;251;in triage state;B;is at the evacuation site
1069.51,3,evacueeManager,,OFF SHIP: White;0;Green;324;Yellow;53;Red;7;Black;116;ON SHIP: White;0;Green;0;Yellow;0;Red;0;Evacuees to Transfer;
1069.51,150,evacuee,outES,Evacuee 403 in triage category Y is not assigned a helicopter
1069.51,150,evacuee,,Evacuee;403;in triage state;R;is at the evacuation site
1076.43,3,evacueeManager,,OFF SHIP: White;0;Green;323;Yellow;54;Red;7;Black;116;ON SHIP: White;0;Green;0;Yellow;0;Red;0;Evacuees to Transfer;
1076.43,565,evacuee,outES,Evacuee 124 in triage category G is not assigned a helicopter
1076.43,565,evacuee,,Evacuee;124;in triage state;Y;is at the evacuation site
1079.09,3,evacueeManager,,OFF SHIP: White;0;Green;323;Yellow;53;Red;8;Black;116;ON SHIP: White;0;Green;0;Yellow;0;Red;0;Evacuees to Transfer;
1079.09,496,evacuee,outES,Evacuee 310 in triage category Y is not assigned a helicopter
1079.09,496,evacuee,,Evacuee;310;in triage state;R;is at the evacuation site
1079.73,3,evacueeManager,,OFF SHIP: White;0;Green;323;Yellow;52;Red;9;Black;116;ON SHIP: White;0;Green;0;Yellow;0;Red;0;Evacuees to Transfer;
1079.73,1167,evacuee,outES,Evacuee 190 in triage category Y is not assigned a helicopter
1079.73,1167,evacuee,,Evacuee;190;in triage state;R;is at the evacuation site
1088.28,3,evacueeManager,,OFF SHIP: White;0;Green;322;Yellow;53;Red;9;Black;116;ON SHIP: White;0;Green;0;Yellow;0;Red;0;Evacuees to Transfer;
1088.28,961,evacuee,outES,Evacuee 209 in triage category G is not assigned a helicopter
1088.28,961,evacuee,,Evacuee;209;in triage state;Y;is at the evacuation site
1088.44,3,evacueeManager,,OFF SHIP: White;0;Green;321;Yellow;54;Red;9;Black;116;ON SHIP: White;0;Green;0;Yellow;0;Red;0;Evacuees to Transfer;
1088.44,226,evacuee,outES,Evacuee 370 in triage category G is not assigned a helicopter
1088.44,226,evacuee,,Evacuee;370;in triage state;Y;is at the evacuation site
1090.54,3,evacueeManager,,OFF SHIP: White;0;Green;321;Yellow;53;Red;10;Black;116;ON SHIP: White;0;Green;0;Yellow;0;Red;0;Evacuees to Transfer;
1090.54,631,evacuee,outES,Evacuee 297 in triage category Y is not assigned a helicopter
1090.54,631,evacuee,,Evacuee;297;in triage state;R;is at the evacuation site
1090.9,3,evacueeManager,,OFF SHIP: White;0;Green;321;Yellow;52;Red;11;Black;116;ON SHIP: White;0;Green;0;Yellow;0;Red;0;Evacuees to Transfer;
1090.9,280,evacuee,outES,Evacuee 331 in triage category Y is not assigned a helicopter
1090.9,280,evacuee,,Evacuee;331;in triage state;R;is at the evacuation site
1092.71,3,evacueeManager,,OFF SHIP: White;0;Green;321;Yellow;51;Red;12;Black;116;ON SHIP: White;0;Green;0;Yellow;0;Red;0;Evacuees to Transfer;
1092.71,829,evacuee,outES,Evacuee 104 in triage category Y is not assigned a helicopter
1092.71,829,evacuee,,Evacuee;104;in triage state;R;is at the evacuation site
1096.47,3,evacueeManager,,OFF SHIP: White;0;Green;321;Yellow;51;Red;11;Black;117;ON SHIP: White;0;Green;0;Yellow;0;Red;0;Evacuees to Transfer;
1096.47,147,evacuee,outES,Evacuee 404 in triage category R is not assigned a helicopter
1096.47,147,evacuee,,Evacuee;404;in triage state;B;is at the evacuation site
1097.45,3,evacueeManager,,OFF SHIP: White;0;Green;321;Yellow;51;Red;10;Black;118;ON SHIP: White;0;Green;0;Yellow;0;Red;0;Evacuees to Transfer;
1097.45,280,evacuee,outES,Evacuee 331 in triage category R is not assigned a helicopter
1097.45,280,evacuee,,Evacuee;331;in triage state;B;is at the evacuation site
1098.78,3,evacueeManager,,OFF SHIP: White;0;Green;321;Yellow;51;Red;9;Black;119;ON SHIP: White;0;Green;0;Yellow;0;Red;0;Evacuees to Transfer;
1098.78,150,evacuee,outES,Evacuee 403 in triage category R is not assigned a helicopter
1098.78,150,evacuee,,Evacuee;403;in triage state;B;is at the evacuation site
1099.31,3,evacueeManager,,OFF SHIP: White;0;Green;321;Yellow;50;Red;10;Black;119;ON SHIP: White;0;Green;0;Yellow;0;Red;0;Evacuees to Transfer;
1099.31,559,evacuee,outES,Evacuee 269 in triage category Y is not assigned a helicopter
1099.31,559,evacuee,,Evacuee;269;in triage state;R;is at the evacuation site
1100.13,3,evacueeManager,,OFF SHIP: White;0;Green;321;Yellow;49;Red;11;Black;119;ON SHIP: White;0;Green;0;Yellow;0;Red;0;Evacuees to Transfer;
1100.13,83,evacuee,outES,Evacuee 448 in triage category Y is not assigned a helicopter
1100.13,83,evacuee,,Evacuee;448;in triage state;R;is at the evacuation site
1100.96,3,evacueeManager,,OFF SHIP: White;0;Green;321;Yellow;48;Red;12;Black;119;ON SHIP: White;0;Green;0;Yellow;0;Red;0;Evacuees to Transfer;
1100.96,207,evacuee,outES,Evacuee 378 in triage category Y is not assigned a helicopter
1100.96,207,evacuee,,Evacuee;378;in triage state;R;is at the evacuation site
1103.03,3,evacueeManager,,OFF SHIP: White;0;Green;321;Yellow;48;Red;11;Black;120;ON SHIP: White;0;Green;0;Yellow;0;Red;0;Evacuees to Transfer;
1103.03,1293,evacuee,outES,Evacuee 230 in triage category R is not assigned a helicopter
1103.03,1293,evacuee,,Evacuee;230;in triage state;B;is at the evacuation site
1105.9,3,evacueeManager,,OFF SHIP: White;0;Green;320;Yellow;49;Red;11;Black;120;ON SHIP: White;0;Green;0;Yellow;0;Red;0;Evacuees to Transfer;
1105.9,1302,evacuee,outES,Evacuee 171 in triage category G is not assigned a helicopter
1105.9,1302,evacuee,,Evacuee;171;in triage state;Y;is at the evacuation site
1110,3,evacueeManager,,OFF SHIP: White;0;Green;320;Yellow;49;Red;10;Black;121;ON SHIP: White;0;Green;0;Yellow;0;Red;0;Evacuees to Transfer;
1110,1503,evacuee,outES,Evacuee 467 in triage category R is not assigned a helicopter
1110,1503,evacuee,,Evacuee;467;in triage state;B;is at the evacuation site
1115.36,3,evacueeManager,,OFF SHIP: White;0;Green;319;Yellow;50;Red;10;Black;121;ON SHIP: White;0;Green;0;Yellow;0;Red;0;Evacuees to Transfer;
1115.36,769,evacuee,outES,Evacuee 5 in triage category G is not assigned a helicopter
1115.36,769,evacuee,,Evacuee;5;in triage state;Y;is at the evacuation site
1118.39,3,evacueeManager,,OFF SHIP: White;0;Green;319;Yellow;49;Red;11;Black;121;ON SHIP: White;0;Green;0;Yellow;0;Red;0;Evacuees to Transfer;
1118.39,826,evacuee,outES,Evacuee 81 in triage category Y is not assigned a helicopter
1118.39,826,evacuee,,Evacuee;81;in triage state;R;is at the evacuation site
1118.44,3,evacueeManager,,OFF SHIP: White;0;Green;318;Yellow;50;Red;11;Black;121;ON SHIP: White;0;Green;0;Yellow;0;Red;0;Evacuees to Transfer;
1118.44,499,evacuee,outES,Evacuee 118 in triage category G is not assigned a helicopter
1118.44,499,evacuee,,Evacuee;118;in triage state;Y;is at the evacuation site
1118.69,3,evacueeManager,,OFF SHIP: White;0;Green;318;Yellow;50;Red;10;Black;122;ON SHIP: White;0;Green;0;Yellow;0;Red;0;Evacuees to Transfer;
1118.69,829,evacuee,outES,Evacuee 104 in triage category R is not assigned a helicopter
1118.69,829,evacuee,,Evacuee;104;in triage state;B;is at the evacuation site
1120.87,3,evacueeManager,,OFF SHIP: White;0;Green;317;Yellow;51;Red;10;Black;122;ON SHIP: White;0;Green;0;Yellow;0;Red;0;Evacuees to Transfer;
1120.87,430,evacuee,outES,Evacuee 337 in triage category G is not assigned a helicopter
1120.87,430,evacuee,,Evacuee;337;in triage state;Y;is at the evacuation site
1127.7,3,evacueeManager,,OFF SHIP: White;0;Green;317;Yellow;50;Red;11;Black;122;ON SHIP: White;0;Green;0;Yellow;0;Red;0;Evacuees to Transfer;
1127.7,499,evacuee,outES,Evacuee 118 in triage category Y is not assigned a helicopter
1127.7,499,evacuee,,Evacuee;118;in triage state;R;is at the evacuation site
1128.9,3,evacueeManager,,OFF SHIP: White;0;Green;317;Yellow;49;Red;12;Black;122;ON SHIP: White;0;Green;0;Yellow;0;Red;0;Evacuees to Transfer;
1128.9,694,evacuee,outES,Evacuee 363 in triage category Y is not assigned a helicopter
1128.9,694,evacuee,,Evacuee;363;in triage state;R;is at the evacuation site
1130.95,3,evacueeManager,,OFF SHIP: White;0;Green;316;Yellow;50;Red;12;Black;122;ON SHIP: White;0;Green;0;Yellow;0;Red;0;Evacuees to Transfer;
1130.95,1437,evacuee,outES,Evacuee 224 in triage category G is not assigned a helicopter
1130.95,1437,evacuee,,Evacuee;224;in triage state;Y;is at the evacuation site
1132.52,3,evacueeManager,,OFF SHIP: White;0;Green;316;Yellow;50;Red;11;Black;123;ON SHIP: White;0;Green;0;Yellow;0;Red;0;Evacuees to Transfer;
1132.52,1368,evacuee,outES,Evacuee 450 in triage category R is not assigned a helicopter
1132.52,1368,evacuee,,Evacuee;450;in triage state;B;is at the evacuation site
1134.79,3,evacueeManager,,OFF SHIP: White;0;Green;316;Yellow;50;Red;10;Black;124;ON SHIP: White;0;Green;0;Yellow;0;Red;0;Evacuees to Transfer;
1134.79,559,evacuee,outES,Evacuee 269 in triage category R is not assigned a helicopter
1134.79,559,evacuee,,Evacuee;269;in triage state;B;is at the evacuation site
1138.94,3,evacueeManager,,OFF SHIP: White;0;Green;315;Yellow;51;Red;10;Black;124;ON SHIP: White;0;Green;0;Yellow;0;Red;0;Evacuees to Transfer;
1138.94,1030,evacuee,outES,Evacuee 32 in triage category G is not assigned a helicopter
1138.94,1030,evacuee,,Evacuee;32;in triage state;Y;is at the evacuation site
1143.6,3,evacueeManager,,OFF SHIP: White;0;Green;314;Yellow;52;Red;10;Black;124;ON SHIP: White;0;Green;0;Yellow;0;Red;0;Evacuees to Transfer;
1143.6,634,evacuee,outES,Evacuee 86 in triage category G is not assigned a helicopter
1143.6,634,evacuee,,Evacuee;86;in triage state;Y;is at the evacuation site
1145.34,3,evacueeManager,,OFF SHIP: White;0;Green;314;Yellow;52;Red;9;Black;125;ON SHIP: White;0;Green;0;Yellow;0;Red;0;Evacuees to Transfer;
1145.34,694,evacuee,outES,Evacuee 363 in triage category R is not assigned a helicopter
1145.34,694,evacuee,,Evacuee;363;in triage state;B;is at the evacuation site
1147.45,3,evacueeManager,,OFF SHIP: White;0;Green;313;Yellow;53;Red;9;Black;125;ON SHIP: White;0;Green;0;Yellow;0;Red;0;Evacuees to Transfer;
1147.45,1170,evacuee,outES,Evacuee 465 in triage category G is not assigned a helicopter
1147.45,1170,evacuee,,Evacuee;465;in triage state;Y;is at the evacuation site
1147.72,3,evacueeManager,,OFF SHIP: White;0;Green;313;Yellow;52;Red;10;Black;125;ON SHIP: White;0;Green;0;Yellow;0;Red;0;Evacuees to Transfer;
1147.72,886,evacuee,outES,Evacuee 246 in triage category Y is not assigned a helicopter
1147.72,886,evacuee,,Evacuee;246;in triage state;R;is at the evacuation site
1149.17,3,evacueeManager,,OFF SHIP: White;0;Green;312;Yellow;53;Red;10;Black;125;ON SHIP: White;0;Green;0;Yellow;0;Red;0;Evacuees to Transfer;
1149.17,295,evacuee,outES,Evacuee 410 in triage category G is not assigned a helicopter
1149.17,295,evacuee,,Evacuee;410;in triage state;Y;is at the evacuation site
1153.51,3,evacueeManager,,OFF SHIP: White;0;Green;311;Yellow;54;Red;10;Black;125;ON SHIP: White;0;Green;0;Yellow;0;Red;0;Evacuees to Transfer;
1153.51,1371,evacuee,outES,Evacuee 252 in triage category G is not assigned a helicopter
1153.51,1371,evacuee,,Evacuee;252;in triage state;Y;is at the evacuation site
1153.72,3,evacueeManager,,OFF SHIP: White;0;Green;311;Yellow;53;Red;11;Black;125;ON SHIP: White;0;Green;0;Yellow;0;Red;0;Evacuees to Transfer;
1153.72,883,evacuee,outES,Evacuee 387 in triage category Y is not assigned a helicopter
1153.72,883,evacuee,,Evacuee;387;in triage state;R;is at the evacuation site
1154.09,3,evacueeManager,,OFF SHIP: White;0;Green;311;Yellow;53;Red;10;Black;126;ON SHIP: White;0;Green;0;Yellow;0;Red;0;Evacuees to Transfer;
1154.09,499,evacuee,outES,Evacuee 118 in triage category R is not assigned a helicopter
1154.09,499,evacuee,,Evacuee;118;in triage state;B;is at the evacuation site
1157.78,3,evacueeManager,,OFF SHIP: White;0;Green;311;Yellow;52;Red;11;Black;126;ON SHIP: White;0;Green;0;Yellow;0;Red;0;Evacuees to Transfer;
1157.78,226,evacuee,outES,Evacuee 370 in triage category Y is not assigned a helicopter
1157.78,226,evacuee,,Evacuee;370;in triage state;R;is at the evacuation site
1158.69,3,evacueeManager,,OFF SHIP: White;0;Green;311;Yellow;51;Red;12;Black;126;ON SHIP: White;0;Green;0;Yellow;0;Red;0;Evacuees to Transfer;
1158.69,685,evacuee,outES,Evacuee 76 in triage category Y is not assigned a helicopter
1158.69,685,evacuee,,Evacuee;76;in triage state;R;is at the evacuation site
1160,3,evacueeManager,,OFF SHIP: White;0;Green;310;Yellow;52;Red;12;Black;126;ON SHIP: White;0;Green;0;Yellow;0;Red;0;Evacuees to Transfer;
1160,1096,evacuee,outES,Evacuee 48 in triage category G is not assigned a helicopter
1160,1096,evacuee,,Evacuee;48;in triage state;Y;is at the evacuation site
1161.79,3,evacueeManager,,OFF SHIP: White;0;Green;310;Yellow;52;Red;11;Black;127;ON SHIP: White;0;Green;0;Yellow;0;Red;0;Evacuees to Transfer;
1161.79,1167,evacuee,outES,Evacuee 190 in triage category R is not assigned a helicopter
1161.79,1167,evacuee,,Evacuee;190;in triage state;B;is at the evacuation site
1166.51,3,evacueeManager,,OFF SHIP: White;0;Green;309;Yellow;53;Red;11;Black;127;ON SHIP: White;0;Green;0;Yellow;0;Red;0;Evacuees to Transfer;
1166.51,838,evacuee,outES,Evacuee 453 in triage category G is not assigned a helicopter
1166.51,838,evacuee,,Evacuee;453;in triage state;Y;is at the evacuation site
1168.57,3,evacueeManager,,OFF SHIP: White;0;Green;308;Yellow;54;Red;11;Black;127;ON SHIP: White;0;Green;0;Yellow;0;Red;0;Evacuees to Transfer;
1168.57,1236,evacuee,outES,Evacuee 67 in triage category G is not assigned a helicopter
1168.57,1236,evacuee,,Evacuee;67;in triage state;Y;is at the evacuation site
1172.2,3,evacueeManager,,OFF SHIP: White;0;Green;308;Yellow;54;Red;10;Black;128;ON SHIP: White;0;Green;0;Yellow;0;Red;0;Evacuees to Transfer;
1172.2,496,evacuee,outES,Evacuee 310 in triage category R is not assigned a helicopter
1172.2,496,evacuee,,Evacuee;310;in triage state;B;is at the evacuation site
1178.21,3,evacueeManager,,OFF SHIP: White;0;Green;308;Yellow;53;Red;11;Black;128;ON SHIP: White;0;Green;0;Yellow;0;Red;0;Evacuees to Transfer;
1178.21,955,evacuee,outES,Evacuee 37 in triage category Y is not assigned a helicopter
1178.21,955,evacuee,,Evacuee;37;in triage state;R;is at the evacuation site
1180.23,3,evacueeManager,,OFF SHIP: White;0;Green;308;Yellow;53;Red;10;Black;129;ON SHIP: White;0;Green;0;Yellow;0;Red;0;Evacuees to Transfer;
1180.23,826,evacuee,outES,Evacuee 81 in triage category R is not assigned a helicopter
1180.23,826,evacuee,,Evacuee;81;in triage state;B;is at the evacuation site
1183.23,3,evacueeManager,,OFF SHIP: White;0;Green;308;Yellow;52;Red;11;Black;129;ON SHIP: White;0;Green;0;Yellow;0;Red;0;Evacuees to Transfer;
1183.23,1170,evacuee,outES,Evacuee 465 in triage category Y is not assigned a helicopter
1183.23,1170,evacuee,,Evacuee;465;in triage state;R;is at the evacuation site
1186.56,3,evacueeManager,,OFF SHIP: White;0;Green;308;Yellow;52;Red;10;Black;130;ON SHIP: White;0;Green;0;Yellow;0;Red;0;Evacuees to Transfer;
1186.56,955,evacuee,outES,Evacuee 37 in triage category R is not assigned a helicopter
1186.56,955,evacuee,,Evacuee;37;in triage state;B;is at the evacuation site
1189.18,3,evacueeManager,,OFF SHIP: White;0;Green;307;Yellow;53;Red;10;Black;130;ON SHIP: White;0;Green;0;Yellow;0;Red;0;Evacuees to Transfer;
1189.18,1506,evacuee,outES,Evacuee 298 in triage category G is not assigned a helicopter
1189.18,1506,evacuee,,Evacuee;298;in triage state;Y;is at the evacuation site
1191.4,3,evacueeManager,,OFF SHIP: White;0;Green;307;Yellow;52;Red;11;Black;130;ON SHIP: White;0;Green;0;Yellow;0;Red;0;Evacuees to Transfer;
1191.4,1236,evacuee,outES,Evacuee 67 in triage category Y is not assigned a helicopter
1191.4,1236,evacuee,,Evacuee;67;in triage state;R;is at the evacuation site
1197.5,3,evacueeManager,,OFF SHIP: White;0;Green;307;Yellow;52;Red;10;Black;131;ON SHIP: White;0;Green;0;Yellow;0;Red;0;Evacuees to Transfer;
1197.5,883,evacuee,outES,Evacuee 387 in triage category R is not assigned a helicopter
1197.5,883,evacuee,,Evacuee;387;in triage state;B;is at the evacuation site
1197.64,3,evacueeManager,,OFF SHIP: White;0;Green;307;Yellow;51;Red;11;Black;131;ON SHIP: White;0;Green;0;Yellow;0;Red;0;Evacuees to Transfer;
1197.64,222,evacuee,outES,Evacuee 371 in triage category Y is not assigned a helicopter
1197.64,222,evacuee,,Evacuee;371;in triage state;R;is at the evacuation site
1197.7,3,evacueeManager,,OFF SHIP: White;0;Green;307;Yellow;51;Red;10;Black;132;ON SHIP: White;0;Green;0;Yellow;0;Red;0;Evacuees to Transfer;
1197.7,631,evacuee,outES,Evacuee 297 in triage category R is not assigned a helicopter
1197.7,631,evacuee,,Evacuee;297;in triage state;B;is at the evacuation site
1198.17,3,evacueeManager,,OFF SHIP: White;0;Green;306;Yellow;52;Red;10;Black;132;ON SHIP: White;0;Green;0;Yellow;0;Red;0;Evacuees to Transfer;
1198.17,159,evacuee,outES,Evacuee 397 in triage category G is not assigned a helicopter
1198.17,159,evacuee,,Evacuee;397;in triage state;Y;is at the evacuation site
1198.69,3,evacueeManager,,OFF SHIP: White;0;Green;306;Yellow;52;Red;9;Black;133;ON SHIP: White;0;Green;0;Yellow;0;Red;0;Evacuees to Transfer;
1198.69,685,evacuee,outES,Evacuee 76 in triage category R is not assigned a helicopter
1198.69,685,evacuee,,Evacuee;76;in triage state;B;is at the evacuation site
1206.02,3,evacueeManager,,OFF SHIP: White;0;Green;306;Yellow;51;Red;10;Black;133;ON SHIP: White;0;Green;0;Yellow;0;Red;0;Evacuees to Transfer;
1206.02,1084,evacuee,outES,Evacuee 212 in triage category Y is not assigned a helicopter
1206.02,1084,evacuee,,Evacuee;212;in triage state;R;is at the evacuation site
1215.63,3,evacueeManager,,OFF SHIP: White;0;Green;306;Yellow;50;Red;11;Black;133;ON SHIP: White;0;Green;0;Yellow;0;Red;0;Evacuees to Transfer;
1215.63,159,evacuee,outES,Evacuee 397 in triage category Y is not assigned a helicopter
1215.63,159,evacuee,,Evacuee;397;in triage state;R;is at the evacuation site
1216.85,3,evacueeManager,,OFF SHIP: White;0;Green;306;Yellow;49;Red;12;Black;133;ON SHIP: White;0;Green;0;Yellow;0;Red;0;Evacuees to Transfer;
1216.85,361,evacuee,outES,Evacuee 293 in triage category Y is not assigned a helicopter
1216.85,361,evacuee,,Evacuee;293;in triage state;R;is at the evacuation site
1221.94,3,evacueeManager,,OFF SHIP: White;0;Green;306;Yellow;49;Red;11;Black;134;ON SHIP: White;0;Green;0;Yellow;0;Red;0;Evacuees to Transfer;
1221.94,153,evacuee,outES,Evacuee 401 in triage category R is not assigned a helicopter
1221.94,153,evacuee,,Evacuee;401;in triage state;B;is at the evacuation site
1221.96,3,evacueeManager,,OFF SHIP: White;0;Green;306;Yellow;48;Red;12;Black;134;ON SHIP: White;0;Green;0;Yellow;0;Red;0;Evacuees to Transfer;
1221.96,1018,evacuee,outES,Evacuee 200 in triage category Y is not assigned a helicopter
1221.96,1018,evacuee,,Evacuee;200;in triage state;R;is at the evacuation site
1222.69,3,evacueeManager,,OFF SHIP: White;0;Green;305;Yellow;49;Red;12;Black;134;ON SHIP: White;0;Green;0;Yellow;0;Red;0;Evacuees to Transfer;
1222.69,703,evacuee,outES,Evacuee 134 in triage category G is not assigned a helicopter
1222.69,703,evacuee,,Evacuee;134;in triage state;Y;is at the evacuation site
1223.13,3,evacueeManager,,OFF SHIP: White;0;Green;305;Yellow;48;Red;13;Black;134;ON SHIP: White;0;Green;0;Yellow;0;Red;0;Evacuees to Transfer;
1223.13,1030,evacuee,outES,Evacuee 32 in triage category Y is not assigned a helicopter
1223.13,1030,evacuee,,Evacuee;32;in triage state;R;is at the evacuation site
1223.22,3,evacueeManager,,OFF SHIP: White;0;Green;305;Yellow;47;Red;14;Black;134;ON SHIP: White;0;Green;0;Yellow;0;Red;0;Evacuees to Transfer;
1223.22,700,evacuee,outES,Evacuee 128 in triage category Y is not assigned a helicopter
1223.22,700,evacuee,,Evacuee;128;in triage state;R;is at the evacuation site
1224.71,3,evacueeManager,,OFF SHIP: White;0;Green;304;Yellow;48;Red;14;Black;134;ON SHIP: White;0;Green;0;Yellow;0;Red;0;Evacuees to Transfer;
1224.71,86,evacuee,outES,Evacuee 445 in triage category G is not assigned a helicopter
1224.71,86,evacuee,,Evacuee;445;in triage state;Y;is at the evacuation site
1224.9,3,evacueeManager,,OFF SHIP: White;0;Green;304;Yellow;48;Red;13;Black;135;ON SHIP: White;0;Green;0;Yellow;0;Red;0;Evacuees to Transfer;
1224.9,1084,evacuee,outES,Evacuee 212 in triage category R is not assigned a helicopter
1224.9,1084,evacuee,,Evacuee;212;in triage state;B;is at the evacuation site
1225.27,3,evacueeManager,,OFF SHIP: White;0;Green;304;Yellow;48;Red;12;Black;136;ON SHIP: White;0;Green;0;Yellow;0;Red;0;Evacuees to Transfer;
1225.27,886,evacuee,outES,Evacuee 246 in triage category R is not assigned a helicopter
1225.27,886,evacuee,,Evacuee;246;in triage state;B;is at the evacuation site
1225.46,3,evacueeManager,,OFF SHIP: White;0;Green;303;Yellow;49;Red;12;Black;136;ON SHIP: White;0;Green;0;Yellow;0;Red;0;Evacuees to Transfer;
1225.46,895,evacuee,outES,Evacuee 44 in triage category G is not assigned a helicopter
1225.46,895,evacuee,,Evacuee;44;in triage state;Y;is at the evacuation site
1226.86,3,evacueeManager,,OFF SHIP: White;0;Green;303;Yellow;48;Red;13;Black;136;ON SHIP: White;0;Green;0;Yellow;0;Red;0;Evacuees to Transfer;
1226.86,1233,evacuee,outES,Evacuee 153 in triage category Y is not assigned a helicopter
1226.86,1233,evacuee,,Evacuee;153;in triage state;R;is at the evacuation site
1228.6,3,evacueeManager,,OFF SHIP: White;0;Green;303;Yellow;48;Red;12;Black;137;ON SHIP: White;0;Green;0;Yellow;0;Red;0;Evacuees to Transfer;
1228.6,361,evacuee,outES,Evacuee 293 in triage category R is not assigned a helicopter
1228.6,361,evacuee,,Evacuee;293;in triage state;B;is at the evacuation site
1231.21,3,evacueeManager,,OFF SHIP: White;0;Green;303;Yellow;48;Red;11;Black;138;ON SHIP: White;0;Green;0;Yellow;0;Red;0;Evacuees to Transfer;
1231.21,1170,evacuee,outES,Evacuee 465 in triage category R is not assigned a helicopter
1231.21,1170,evacuee,,Evacuee;465;in triage state;B;is at the evacuation site
1232.96,3,evacueeManager,,OFF SHIP: White;0;Green;303;Yellow;48;Red;10;Black;139;ON SHIP: White;0;Green;0;Yellow;0;Red;0;Evacuees to Transfer;
1232.96,1030,evacuee,outES,Evacuee 32 in triage category R is not assigned a helicopter
1232.96,1030,evacuee,,Evacuee;32;in triage state;B;is at the evacuation site
1233.55,3,evacueeManager,,OFF SHIP: White;0;Green;303;Yellow;48;Red;9;Black;140;ON SHIP: White;0;Green;0;Yellow;0;Red;0;Evacuees to Transfer;
1233.55,1018,evacuee,outES,Evacuee 200 in triage category R is not assigned a helicopter
1233.55,1018,evacuee,,Evacuee;200;in triage state;B;is at the evacuation site
1236.91,3,evacueeManager,,OFF SHIP: White;0;Green;303;Yellow;48;Red;8;Black;141;ON SHIP: White;0;Green;0;Yellow;0;Red;0;Evacuees to Transfer;
1236.91,222,evacuee,outES,Evacuee 371 in triage category R is not assigned a helicopter
1236.91,222,evacuee,,Evacuee;371;in triage state;B;is at the evacuation site
1246.98,3,evacueeManager,,OFF SHIP: White;0;Green;303;Yellow;47;Red;9;Black;141;ON SHIP: White;0;Green;0;Yellow;0;Red;0;Evacuees to Transfer;
1246.98,961,evacuee,outES,Evacuee 209 in triage category Y is not assigned a helicopter
1246.98,961,evacuee,,Evacuee;209;in triage state;R;is at the evacuation site
1248.85,3,evacueeManager,,OFF SHIP: White;0;Green;303;Yellow;47;Red;8;Black;142;ON SHIP: White;0;Green;0;Yellow;0;Red;0;Evacuees to Transfer;
1248.85,1233,evacuee,outES,Evacuee 153 in triage category R is not assigned a helicopter
1248.85,1233,evacuee,,Evacuee;153;in triage state;B;is at the evacuation site
1249.93,3,evacueeManager,,OFF SHIP: White;0;Green;303;Yellow;46;Red;9;Black;142;ON SHIP: White;0;Green;0;Yellow;0;Red;0;Evacuees to Transfer;
1249.93,556,evacuee,outES,Evacuee 424 in triage category Y is not assigned a helicopter
1249.93,556,evacuee,,Evacuee;424;in triage state;R;is at the evacuation site
1251.34,3,evacueeManager,,OFF SHIP: White;0;Green;303;Yellow;46;Red;8;Black;143;ON SHIP: White;0;Green;0;Yellow;0;Red;0;Evacuees to Transfer;
1251.34,1236,evacuee,outES,Evacuee 67 in triage category R is not assigned a helicopter
1251.34,1236,evacuee,,Evacuee;67;in triage state;B;is at the evacuation site
1258.34,3,evacueeManager,,OFF SHIP: White;0;Green;303;Yellow;46;Red;7;Black;144;ON SHIP: White;0;Green;0;Yellow;0;Red;0;Evacuees to Transfer;
1258.34,226,evacuee,outES,Evacuee 370 in triage category R is not assigned a helicopter
1258.34,226,evacuee,,Evacuee;370;in triage state;B;is at the evacuation site
1264.69,3,evacueeManager,,OFF SHIP: White;0;Green;303;Yellow;46;Red;6;Black;145;ON SHIP: White;0;Green;0;Yellow;0;Red;0;Evacuees to Transfer;
1264.69,83,evacuee,outES,Evacuee 448 in triage category R is not assigned a helicopter
1264.69,83,evacuee,,Evacuee;448;in triage state;B;is at the evacuation site
1275.11,3,evacueeManager,,OFF SHIP: White;0;Green;302;Yellow;47;Red;6;Black;145;ON SHIP: White;0;Green;0;Yellow;0;Red;0;Evacuees to Transfer;
1275.11,964,evacuee,outES,Evacuee 402 in triage category G is not assigned a helicopter
1275.11,964,evacuee,,Evacuee;402;in triage state;Y;is at the evacuation site
1276.48,3,evacueeManager,,OFF SHIP: White;0;Green;301;Yellow;48;Red;6;Black;145;ON SHIP: White;0;Green;0;Yellow;0;Red;0;Evacuees to Transfer;
1276.48,568,evacuee,outES,Evacuee 111 in triage category G is not assigned a helicopter
1276.48,568,evacuee,,Evacuee;111;in triage state;Y;is at the evacuation site
1278.79,3,evacueeManager,,OFF SHIP: White;0;Green;300;Yellow;49;Red;6;Black;145;ON SHIP: White;0;Green;0;Yellow;0;Red;0;Evacuees to Transfer;
1278.79,229,evacuee,outES,Evacuee 457 in triage category G is not assigned a helicopter
1278.79,229,evacuee,,Evacuee;457;in triage state;Y;is at the evacuation site
1286.9,3,evacueeManager,,OFF SHIP: White;0;Green;300;Yellow;48;Red;7;Black;145;ON SHIP: White;0;Green;0;Yellow;0;Red;0;Evacuees to Transfer;
1286.9,421,evacuee,outES,Evacuee 315 in triage category Y is not assigned a helicopter
1286.9,421,evacuee,,Evacuee;315;in triage state;R;is at the evacuation site
1292.92,3,evacueeManager,,OFF SHIP: White;0;Green;300;Yellow;47;Red;8;Black;145;ON SHIP: White;0;Green;0;Yellow;0;Red;0;Evacuees to Transfer;
1292.92,277,evacuee,outES,Evacuee 335 in triage category Y is not assigned a helicopter
1292.92,277,evacuee,,Evacuee;335;in triage state;R;is at the evacuation site
1296.88,3,evacueeManager,,OFF SHIP: White;0;Green;300;Yellow;46;Red;9;Black;145;ON SHIP: White;0;Green;0;Yellow;0;Red;0;Evacuees to Transfer;
1296.88,229,evacuee,outES,Evacuee 457 in triage category Y is not assigned a helicopter
1296.88,229,evacuee,,Evacuee;457;in triage state;R;is at the evacuation site
1303.9,3,evacueeManager,,OFF SHIP: White;0;Green;300;Yellow;46;Red;8;Black;146;ON SHIP: White;0;Green;0;Yellow;0;Red;0;Evacuees to Transfer;
1303.9,700,evacuee,outES,Evacuee 128 in triage category R is not assigned a helicopter
1303.9,700,evacuee,,Evacuee;128;in triage state;B;is at the evacuation site
1306.15,3,evacueeManager,,OFF SHIP: White;0;Green;300;Yellow;45;Red;9;Black;146;ON SHIP: White;0;Green;0;Yellow;0;Red;0;Evacuees to Transfer;
1306.15,349,evacuee,outES,Evacuee 305 in triage category Y is not assigned a helicopter
1306.15,349,evacuee,,Evacuee;305;in triage state;R;is at the evacuation site
1307.76,3,evacueeManager,,OFF SHIP: White;0;Green;300;Yellow;45;Red;8;Black;147;ON SHIP: White;0;Green;0;Yellow;0;Red;0;Evacuees to Transfer;
1307.76,229,evacuee,outES,Evacuee 457 in triage category R is not assigned a helicopter
1307.76,229,evacuee,,Evacuee;457;in triage state;B;is at the evacuation site
1308.71,3,evacueeManager,,OFF SHIP: White;0;Green;300;Yellow;45;Red;7;Black;148;ON SHIP: White;0;Green;0;Yellow;0;Red;0;Evacuees to Transfer;
1308.71,961,evacuee,outES,Evacuee 209 in triage category R is not assigned a helicopter
1308.71,961,evacuee,,Evacuee;209;in triage state;B;is at the evacuation site
1311.63,3,evacueeManager,,OFF SHIP: White;0;Green;299;Yellow;46;Red;7;Black;148;ON SHIP: White;0;Green;0;Yellow;0;Red;0;Evacuees to Transfer;
1311.63,1305,evacuee,outES,Evacuee 174 in triage category G is not assigned a helicopter
1311.63,1305,evacuee,,Evacuee;174;in triage state;Y;is at the evacuation site
1313.91,3,evacueeManager,,OFF SHIP: White;0;Green;299;Yellow;45;Red;8;Black;148;ON SHIP: White;0;Green;0;Yellow;0;Red;0;Evacuees to Transfer;
1313.91,289,evacuee,outES,Evacuee 328 in triage category Y is not assigned a helicopter
1313.91,289,evacuee,,Evacuee;328;in triage state;R;is at the evacuation site
1317.01,3,evacueeManager,,OFF SHIP: White;0;Green;298;Yellow;46;Red;8;Black;148;ON SHIP: White;0;Green;0;Yellow;0;Red;0;Evacuees to Transfer;
1317.01,433,evacuee,outES,Evacuee 301 in triage category G is not assigned a helicopter
1317.01,433,evacuee,,Evacuee;301;in triage state;Y;is at the evacuation site
1318.23,3,evacueeManager,,OFF SHIP: White;0;Green;297;Yellow;47;Red;8;Black;148;ON SHIP: White;0;Green;0;Yellow;0;Red;0;Evacuees to Transfer;
1318.23,772,evacuee,outES,Evacuee 250 in triage category G is not assigned a helicopter
1318.23,772,evacuee,,Evacuee;250;in triage state;Y;is at the evacuation site
1318.7,3,evacueeManager,,OFF SHIP: White;0;Green;297;Yellow;47;Red;7;Black;149;ON SHIP: White;0;Green;0;Yellow;0;Red;0;Evacuees to Transfer;
1318.7,349,evacuee,outES,Evacuee 305 in triage category R is not assigned a helicopter
1318.7,349,evacuee,,Evacuee;305;in triage state;B;is at the evacuation site
1320.66,3,evacueeManager,,OFF SHIP: White;0;Green;296;Yellow;48;Red;7;Black;149;ON SHIP: White;0;Green;0;Yellow;0;Red;0;Evacuees to Transfer;
1320.66,1440,evacuee,outES,Evacuee 339 in triage category G is not assigned a helicopter
1320.66,1440,evacuee,,Evacuee;339;in triage state;Y;is at the evacuation site
1325.4,3,evacueeManager,,OFF SHIP: White;0;Green;296;Yellow;48;Red;6;Black;150;ON SHIP: White;0;Green;0;Yellow;0;Red;0;Evacuees to Transfer;
1325.4,421,evacuee,outES,Evacuee 315 in triage category R is not assigned a helicopter
1325.4,421,evacuee,,Evacuee;315;in triage state;B;is at the evacuation site
1326.41,3,evacueeManager,,OFF SHIP: White;0;Green;296;Yellow;48;Red;5;Black;151;ON SHIP: White;0;Green;0;Yellow;0;Red;0;Evacuees to Transfer;
1326.41,277,evacuee,outES,Evacuee 335 in triage category R is not assigned a helicopter
1326.41,277,evacuee,,Evacuee;335;in triage state;B;is at the evacuation site
1335.25,3,evacueeManager,,OFF SHIP: White;0;Green;296;Yellow;47;Red;6;Black;151;ON SHIP: White;0;Green;0;Yellow;0;Red;0;Evacuees to Transfer;
1335.25,430,evacuee,outES,Evacuee 337 in triage category Y is not assigned a helicopter
1335.25,430,evacuee,,Evacuee;337;in triage state;R;is at the evacuation site
1336.36,3,evacueeManager,,OFF SHIP: White;0;Green;295;Yellow;48;Red;6;Black;151;ON SHIP: White;0;Green;0;Yellow;0;Red;0;Evacuees to Transfer;
1336.36,1033,evacuee,outES,Evacuee 34 in triage category G is not assigned a helicopter
1336.36,1033,evacuee,,Evacuee;34;in triage state;Y;is at the evacuation site
1336.48,3,evacueeManager,,OFF SHIP: White;0;Green;295;Yellow;47;Red;7;Black;151;ON SHIP: White;0;Green;0;Yellow;0;Red;0;Evacuees to Transfer;
1336.48,1437,evacuee,outES,Evacuee 224 in triage category Y is not assigned a helicopter
1336.48,1437,evacuee,,Evacuee;224;in triage state;R;is at the evacuation site
1336.53,3,evacueeManager,,OFF SHIP: White;0;Green;294;Yellow;48;Red;7;Black;151;ON SHIP: White;0;Green;0;Yellow;0;Red;0;Evacuees to Transfer;
1336.53,298,evacuee,outES,Evacuee 326 in triage category G is not assigned a helicopter
1336.53,298,evacuee,,Evacuee;326;in triage state;Y;is at the evacuation site
1337.51,3,evacueeManager,,OFF SHIP: White;0;Green;294;Yellow;47;Red;8;Black;151;ON SHIP: White;0;Green;0;Yellow;0;Red;0;Evacuees to Transfer;
1337.51,433,evacuee,outES,Evacuee 301 in triage category Y is not assigned a helicopter
1337.51,433,evacuee,,Evacuee;301;in triage state;R;is at the evacuation site
1337.73,3,evacueeManager,,OFF SHIP: White;0;Green;294;Yellow;46;Red;9;Black;151;ON SHIP: White;0;Green;0;Yellow;0;Red;0;Evacuees to Transfer;
1337.73,889,evacuee,outES,Evacuee 22 in triage category Y is not assigned a helicopter
1337.73,889,evacuee,,Evacuee;22;in triage state;R;is at the evacuation site
1337.75,3,evacueeManager,,OFF SHIP: White;0;Green;293;Yellow;47;Red;9;Black;151;ON SHIP: White;0;Green;0;Yellow;0;Red;0;Evacuees to Transfer;
1337.75,637,evacuee,outES,Evacuee 51 in triage category G is not assigned a helicopter
1337.75,637,evacuee,,Evacuee;51;in triage state;Y;is at the evacuation site
1341.24,3,evacueeManager,,OFF SHIP: White;0;Green;293;Yellow;46;Red;10;Black;151;ON SHIP: White;0;Green;0;Yellow;0;Red;0;Evacuees to Transfer;
1341.24,1215,evacuee,outES,Evacuee 143 in triage category Y is not assigned a helicopter
1341.24,1215,evacuee,,Evacuee;143;in triage state;R;is at the evacuation site
1341.87,3,evacueeManager,,OFF SHIP: White;0;Green;292;Yellow;47;Red;10;Black;151;ON SHIP: White;0;Green;0;Yellow;0;Red;0;Evacuees to Transfer;
1341.87,1173,evacuee,outES,Evacuee 60 in triage category G is not assigned a helicopter
1341.87,1173,evacuee,,Evacuee;60;in triage state;Y;is at the evacuation site
1342.21,3,evacueeManager,,OFF SHIP: White;0;Green;292;Yellow;46;Red;11;Black;151;ON SHIP: White;0;Green;0;Yellow;0;Red;0;Evacuees to Transfer;
1342.21,964,evacuee,outES,Evacuee 402 in triage category Y is not assigned a helicopter
1342.21,964,evacuee,,Evacuee;402;in triage state;R;is at the evacuation site
1342.74,3,evacueeManager,,OFF SHIP: White;0;Green;292;Yellow;45;Red;12;Black;151;ON SHIP: White;0;Green;0;Yellow;0;Red;0;Evacuees to Transfer;
1342.74,487,evacuee,outES,Evacuee 192 in triage category Y is not assigned a helicopter
1342.74,487,evacuee,,Evacuee;192;in triage state;R;is at the evacuation site
1355.57,3,evacueeManager,,OFF SHIP: White;0;Green;291;Yellow;46;Red;12;Black;151;ON SHIP: White;0;Green;0;Yellow;0;Red;0;Evacuees to Transfer;
1355.57,1374,evacuee,outES,Evacuee 329 in triage category G is not assigned a helicopter
1355.57,1374,evacuee,,Evacuee;329;in triage state;Y;is at the evacuation site
1356.07,3,evacueeManager,,OFF SHIP: White;0;Green;291;Yellow;46;Red;11;Black;152;ON SHIP: White;0;Green;0;Yellow;0;Red;0;Evacuees to Transfer;
1356.07,1437,evacuee,outES,Evacuee 224 in triage category R is not assigned a helicopter
1356.07,1437,evacuee,,Evacuee;224;in triage state;B;is at the evacuation site
1358.79,3,evacueeManager,,OFF SHIP: White;0;Green;291;Yellow;45;Red;12;Black;152;ON SHIP: White;0;Green;0;Yellow;0;Red;0;Evacuees to Transfer;
1358.79,1374,evacuee,outES,Evacuee 329 in triage category Y is not assigned a helicopter
1358.79,1374,evacuee,,Evacuee;329;in triage state;R;is at the evacuation site
1358.91,3,evacueeManager,,OFF SHIP: White;0;Green;290;Yellow;46;Red;12;Black;152;ON SHIP: White;0;Green;0;Yellow;0;Red;0;Evacuees to Transfer;
1358.91,1099,evacuee,outES,Evacuee 144 in triage category G is not assigned a helicopter
1358.91,1099,evacuee,,Evacuee;144;in triage state;Y;is at the evacuation site
1362.26,3,evacueeManager,,OFF SHIP: White;0;Green;289;Yellow;47;Red;12;Black;152;ON SHIP: White;0;Green;0;Yellow;0;Red;0;Evacuees to Transfer;
1362.26,841,evacuee,outES,Evacuee 285 in triage category G is not assigned a helicopter
1362.26,841,evacuee,,Evacuee;285;in triage state;Y;is at the evacuation site
1364.47,3,evacueeManager,,OFF SHIP: White;0;Green;288;Yellow;48;Red;12;Black;152;ON SHIP: White;0;Green;0;Yellow;0;Red;0;Evacuees to Transfer;
1364.47,1239,evacuee,outES,Evacuee 123 in triage category G is not assigned a helicopter
1364.47,1239,evacuee,,Evacuee;123;in triage state;Y;is at the evacuation site
1367.02,3,evacueeManager,,OFF SHIP: White;0;Green;288;Yellow;48;Red;11;Black;153;ON SHIP: White;0;Green;0;Yellow;0;Red;0;Evacuees to Transfer;
1367.02,889,evacuee,outES,Evacuee 22 in triage category R is not assigned a helicopter
1367.02,889,evacuee,,Evacuee;22;in triage state;B;is at the evacuation site
1369.6,3,evacueeManager,,OFF SHIP: White;0;Green;288;Yellow;47;Red;12;Black;153;ON SHIP: White;0;Green;0;Yellow;0;Red;0;Evacuees to Transfer;
1369.6,1090,evacuee,outES,Evacuee 388 in triage category Y is not assigned a helicopter
1369.6,1090,evacuee,,Evacuee;388;in triage state;R;is at the evacuation site
1373.16,3,evacueeManager,,OFF SHIP: White;0;Green;288;Yellow;47;Red;11;Black;154;ON SHIP: White;0;Green;0;Yellow;0;Red;0;Evacuees to Transfer;
1373.16,556,evacuee,outES,Evacuee 424 in triage category R is not assigned a helicopter
1373.16,556,evacuee,,Evacuee;424;in triage state;B;is at the evacuation site
1378.7,3,evacueeManager,,OFF SHIP: White;0;Green;288;Yellow;47;Red;10;Black;155;ON SHIP: White;0;Green;0;Yellow;0;Red;0;Evacuees to Transfer;
1378.7,964,evacuee,outES,Evacuee 402 in triage category R is not assigned a helicopter
1378.7,964,evacuee,,Evacuee;402;in triage state;B;is at the evacuation site
1382.9,3,evacueeManager,,OFF SHIP: White;0;Green;287;Yellow;48;Red;10;Black;155;ON SHIP: White;0;Green;0;Yellow;0;Red;0;Evacuees to Transfer;
1382.9,1509,evacuee,outES,Evacuee 254 in triage category G is not assigned a helicopter
1382.9,1509,evacuee,,Evacuee;254;in triage state;Y;is at the evacuation site
1388.05,3,evacueeManager,,OFF SHIP: White;0;Green;287;Yellow;48;Red;9;Black;156;ON SHIP: White;0;Green;0;Yellow;0;Red;0;Evacuees to Transfer;
1388.05,159,evacuee,outES,Evacuee 397 in triage category R is not assigned a helicopter
1388.05,159,evacuee,,Evacuee;397;in triage state;B;is at the evacuation site
1388.85,3,evacueeManager,,OFF SHIP: White;0;Green;286;Yellow;49;Red;9;Black;156;ON SHIP: White;0;Green;0;Yellow;0;Red;0;Evacuees to Transfer;
1388.85,162,evacuee,outES,Evacuee 452 in triage category G is not assigned a helicopter
1388.85,162,evacuee,,Evacuee;452;in triage state;Y;is at the evacuation site
1400.4,3,evacueeManager,,OFF SHIP: White;0;Green;286;Yellow;49;Red;8;Black;157;ON SHIP: White;0;Green;0;Yellow;0;Red;0;Evacuees to Transfer;
1400.4,207,evacuee,outES,Evacuee 378 in triage category R is not assigned a helicopter
1400.4,207,evacuee,,Evacuee;378;in triage state;B;is at the evacuation site
1404.89,3,evacueeManager,,OFF SHIP: White;0;Green;286;Yellow;48;Red;9;Black;157;ON SHIP: White;0;Green;0;Yellow;0;Red;0;Evacuees to Transfer;
1404.89,162,evacuee,outES,Evacuee 452 in triage category Y is not assigned a helicopter
1404.89,162,evacuee,,Evacuee;452;in triage state;R;is at the evacuation site
1410.12,3,evacueeManager,,OFF SHIP: White;0;Green;286;Yellow;48;Red;8;Black;158;ON SHIP: White;0;Green;0;Yellow;0;Red;0;Evacuees to Transfer;
1410.12,1090,evacuee,outES,Evacuee 388 in triage category R is not assigned a helicopter
1410.12,1090,evacuee,,Evacuee;388;in triage state;B;is at the evacuation site
1412.64,3,evacueeManager,,OFF SHIP: White;0;Green;286;Yellow;48;Red;7;Black;159;ON SHIP: White;0;Green;0;Yellow;0;Red;0;Evacuees to Transfer;
1412.64,487,evacuee,outES,Evacuee 192 in triage category R is not assigned a helicopter
1412.64,487,evacuee,,Evacuee;192;in triage state;B;is at the evacuation site
1415.98,3,evacueeManager,,OFF SHIP: White;0;Green;286;Yellow;48;Red;6;Black;160;ON SHIP: White;0;Green;0;Yellow;0;Red;0;Evacuees to Transfer;
1415.98,1215,evacuee,outES,Evacuee 143 in triage category R is not assigned a helicopter
1415.98,1215,evacuee,,Evacuee;143;in triage state;B;is at the evacuation site
1417.22,3,evacueeManager,,OFF SHIP: White;0;Green;285;Yellow;49;Red;6;Black;160;ON SHIP: White;0;Green;0;Yellow;0;Red;0;Evacuees to Transfer;
1417.22,89,evacuee,outES,Evacuee 442 in triage category G is not assigned a helicopter
1417.22,89,evacuee,,Evacuee;442;in triage state;Y;is at the evacuation site
1417.57,3,evacueeManager,,OFF SHIP: White;0;Green;285;Yellow;48;Red;7;Black;160;ON SHIP: White;0;Green;0;Yellow;0;Red;0;Evacuees to Transfer;
1417.57,1302,evacuee,outES,Evacuee 171 in triage category Y is not assigned a helicopter
1417.57,1302,evacuee,,Evacuee;171;in triage state;R;is at the evacuation site
1422.44,3,evacueeManager,,OFF SHIP: White;0;Green;284;Yellow;49;Red;7;Black;160;ON SHIP: White;0;Green;0;Yellow;0;Red;0;Evacuees to Transfer;
1422.44,706,evacuee,outES,Evacuee 199 in triage category G is not assigned a helicopter
1422.44,706,evacuee,,Evacuee;199;in triage state;Y;is at the evacuation site
1423.87,3,evacueeManager,,OFF SHIP: White;0;Green;284;Yellow;49;Red;6;Black;161;ON SHIP: White;0;Green;0;Yellow;0;Red;0;Evacuees to Transfer;
1423.87,433,evacuee,outES,Evacuee 301 in triage category R is not assigned a helicopter
1423.87,433,evacuee,,Evacuee;301;in triage state;B;is at the evacuation site
1424.87,3,evacueeManager,,OFF SHIP: White;0;Green;283;Yellow;50;Red;6;Black;161;ON SHIP: White;0;Green;0;Yellow;0;Red;0;Evacuees to Transfer;
1424.87,367,evacuee,outES,Evacuee 413 in triage category G is not assigned a helicopter
1424.87,367,evacuee,,Evacuee;413;in triage state;Y;is at the evacuation site
1427.12,3,evacueeManager,,OFF SHIP: White;0;Green;283;Yellow;49;Red;7;Black;161;ON SHIP: White;0;Green;0;Yellow;0;Red;0;Evacuees to Transfer;
1427.12,1024,evacuee,outES,Evacuee 13 in triage category Y is not assigned a helicopter
1427.12,1024,evacuee,,Evacuee;13;in triage state;R;is at the evacuation site
1428.92,3,evacueeManager,,OFF SHIP: White;0;Green;283;Yellow;49;Red;6;Black;162;ON SHIP: White;0;Green;0;Yellow;0;Red;0;Evacuees to Transfer;
1428.92,289,evacuee,outES,Evacuee 328 in triage category R is not assigned a helicopter
1428.92,289,evacuee,,Evacuee;328;in triage state;B;is at the evacuation site
1429.12,3,evacueeManager,,OFF SHIP: White;0;Green;282;Yellow;50;Red;6;Black;162;ON SHIP: White;0;Green;0;Yellow;0;Red;0;Evacuees to Transfer;
1429.12,898,evacuee,outES,Evacuee 150 in triage category G is not assigned a helicopter
1429.12,898,evacuee,,Evacuee;150;in triage state;Y;is at the evacuation site
1456.52,3,evacueeManager,,OFF SHIP: White;0;Green;282;Yellow;50;Red;5;Black;163;ON SHIP: White;0;Green;0;Yellow;0;Red;0;Evacuees to Transfer;
1456.52,430,evacuee,outES,Evacuee 337 in triage category R is not assigned a helicopter
1456.52,430,evacuee,,Evacuee;337;in triage state;B;is at the evacuation site
1468.39,3,evacueeManager,,OFF SHIP: White;0;Green;282;Yellow;49;Red;6;Black;163;ON SHIP: White;0;Green;0;Yellow;0;Red;0;Evacuees to Transfer;
1468.39,484,evacuee,outES,Evacuee 117 in triage category Y is not assigned a helicopter
1468.39,484,evacuee,,Evacuee;117;in triage state;R;is at the evacuation site
1471.14,3,evacueeManager,,OFF SHIP: White;0;Green;282;Yellow;49;Red;5;Black;164;ON SHIP: White;0;Green;0;Yellow;0;Red;0;Evacuees to Transfer;
1471.14,1302,evacuee,outES,Evacuee 171 in triage category R is not assigned a helicopter
1471.14,1302,evacuee,,Evacuee;171;in triage state;B;is at the evacuation site
1474.9,3,evacueeManager,,OFF SHIP: White;0;Green;281;Yellow;50;Red;5;Black;164;ON SHIP: White;0;Green;0;Yellow;0;Red;0;Evacuees to Transfer;
1474.9,967,evacuee,outES,Evacuee 320 in triage category G is not assigned a helicopter
1474.9,967,evacuee,,Evacuee;320;in triage state;Y;is at the evacuation site
1479.21,3,evacueeManager,,OFF SHIP: White;0;Green;281;Yellow;49;Red;6;Black;164;ON SHIP: White;0;Green;0;Yellow;0;Red;0;Evacuees to Transfer;
1479.21,490,evacuee,outES,Evacuee 432 in triage category Y is not assigned a helicopter
1479.21,490,evacuee,,Evacuee;432;in triage state;R;is at the evacuation site
1480.13,3,evacueeManager,,OFF SHIP: White;0;Green;280;Yellow;50;Red;6;Black;164;ON SHIP: White;0;Green;0;Yellow;0;Red;0;Evacuees to Transfer;
1480.13,571,evacuee,outES,Evacuee 39 in triage category G is not assigned a helicopter
1480.13,571,evacuee,,Evacuee;39;in triage state;Y;is at the evacuation site
1486.39,3,evacueeManager,,OFF SHIP: White;0;Green;279;Yellow;51;Red;6;Black;164;ON SHIP: White;0;Green;0;Yellow;0;Red;0;Evacuees to Transfer;
1486.39,232,evacuee,outES,Evacuee 369 in triage category G is not assigned a helicopter
1486.39,232,evacuee,,Evacuee;369;in triage state;Y;is at the evacuation site
1487.93,3,evacueeManager,,OFF SHIP: White;0;Green;279;Yellow;50;Red;7;Black;164;ON SHIP: White;0;Green;0;Yellow;0;Red;0;Evacuees to Transfer;
1487.93,838,evacuee,outES,Evacuee 453 in triage category Y is not assigned a helicopter
1487.93,838,evacuee,,Evacuee;453;in triage state;R;is at the evacuation site
1500.88,3,evacueeManager,,OFF SHIP: White;0;Green;279;Yellow;49;Red;8;Black;164;ON SHIP: White;0;Green;0;Yellow;0;Red;0;Evacuees to Transfer;
1500.88,232,evacuee,outES,Evacuee 369 in triage category Y is not assigned a helicopter
1500.88,232,evacuee,,Evacuee;369;in triage state;R;is at the evacuation site
1501.83,3,evacueeManager,,OFF SHIP: White;0;Green;279;Yellow;48;Red;9;Black;164;ON SHIP: White;0;Green;0;Yellow;0;Red;0;Evacuees to Transfer;
1501.83,892,evacuee,outES,Evacuee 92 in triage category Y is not assigned a helicopter
1501.83,892,evacuee,,Evacuee;92;in triage state;R;is at the evacuation site
1503.97,3,evacueeManager,,OFF SHIP: White;0;Green;279;Yellow;47;Red;10;Black;164;ON SHIP: White;0;Green;0;Yellow;0;Red;0;Evacuees to Transfer;
1503.97,1305,evacuee,outES,Evacuee 174 in triage category Y is not assigned a helicopter
1503.97,1305,evacuee,,Evacuee;174;in triage state;R;is at the evacuation site
1514.35,3,evacueeManager,,OFF SHIP: White;0;Green;279;Yellow;46;Red;11;Black;164;ON SHIP: White;0;Green;0;Yellow;0;Red;0;Evacuees to Transfer;
1514.35,766,evacuee,outES,Evacuee 70 in triage category Y is not assigned a helicopter
1514.35,766,evacuee,,Evacuee;70;in triage state;R;is at the evacuation site
1519.93,3,evacueeManager,,OFF SHIP: White;0;Green;278;Yellow;47;Red;11;Black;164;ON SHIP: White;0;Green;0;Yellow;0;Red;0;Evacuees to Transfer;
1519.93,1443,evacuee,outES,Evacuee 225 in triage category G is not assigned a helicopter
1519.93,1443,evacuee,,Evacuee;225;in triage state;Y;is at the evacuation site
1521.7,3,evacueeManager,,OFF SHIP: White;0;Green;277;Yellow;48;Red;11;Black;164;ON SHIP: White;0;Green;0;Yellow;0;Red;0;Evacuees to Transfer;
1521.7,1308,evacuee,outES,Evacuee 177 in triage category G is not assigned a helicopter
1521.7,1308,evacuee,,Evacuee;177;in triage state;Y;is at the evacuation site
1522.27,3,evacueeManager,,OFF SHIP: White;0;Green;277;Yellow;47;Red;12;Black;164;ON SHIP: White;0;Green;0;Yellow;0;Red;0;Evacuees to Transfer;
1522.27,562,evacuee,outES,Evacuee 103 in triage category Y is not assigned a helicopter
1522.27,562,evacuee,,Evacuee;103;in triage state;R;is at the evacuation site
1523.66,3,evacueeManager,,OFF SHIP: White;0;Green;276;Yellow;48;Red;12;Black;164;ON SHIP: White;0;Green;0;Yellow;0;Red;0;Evacuees to Transfer;
1523.66,436,evacuee,outES,Evacuee 272 in triage category G is not assigned a helicopter
1523.66,436,evacuee,,Evacuee;272;in triage state;Y;is at the evacuation site
1525.17,3,evacueeManager,,OFF SHIP: White;0;Green;276;Yellow;47;Red;13;Black;164;ON SHIP: White;0;Green;0;Yellow;0;Red;0;Evacuees to Transfer;
1525.17,634,evacuee,outES,Evacuee 86 in triage category Y is not assigned a helicopter
1525.17,634,evacuee,,Evacuee;86;in triage state;R;is at the evacuation site
1531.67,3,evacueeManager,,OFF SHIP: White;0;Green;276;Yellow;47;Red;12;Black;165;ON SHIP: White;0;Green;0;Yellow;0;Red;0;Evacuees to Transfer;
1531.67,892,evacuee,outES,Evacuee 92 in triage category R is not assigned a helicopter
1531.67,892,evacuee,,Evacuee;92;in triage state;B;is at the evacuation site
1532.63,3,evacueeManager,,OFF SHIP: White;0;Green;275;Yellow;48;Red;12;Black;165;ON SHIP: White;0;Green;0;Yellow;0;Red;0;Evacuees to Transfer;
1532.63,775,evacuee,outES,Evacuee 107 in triage category G is not assigned a helicopter
1532.63,775,evacuee,,Evacuee;107;in triage state;Y;is at the evacuation site
1536.63,3,evacueeManager,,OFF SHIP: White;0;Green;275;Yellow;47;Red;13;Black;165;ON SHIP: White;0;Green;0;Yellow;0;Red;0;Evacuees to Transfer;
1536.63,1230,evacuee,outES,Evacuee 152 in triage category Y is not assigned a helicopter
1536.63,1230,evacuee,,Evacuee;152;in triage state;R;is at the evacuation site
1542.1,3,evacueeManager,,OFF SHIP: White;0;Green;274;Yellow;48;Red;13;Black;165;ON SHIP: White;0;Green;0;Yellow;0;Red;0;Evacuees to Transfer;
1542.1,640,evacuee,outES,Evacuee 444 in triage category G is not assigned a helicopter
1542.1,640,evacuee,,Evacuee;444;in triage state;Y;is at the evacuation site
1544.63,3,evacueeManager,,OFF SHIP: White;0;Green;273;Yellow;49;Red;13;Black;165;ON SHIP: White;0;Green;0;Yellow;0;Red;0;Evacuees to Transfer;
1544.63,301,evacuee,outES,Evacuee 466 in triage category G is not assigned a helicopter
1544.63,301,evacuee,,Evacuee;466;in triage state;Y;is at the evacuation site
1552.16,3,evacueeManager,,OFF SHIP: White;0;Green;272;Yellow;50;Red;13;Black;165;ON SHIP: White;0;Green;0;Yellow;0;Red;0;Evacuees to Transfer;
1552.16,1036,evacuee,outES,Evacuee 64 in triage category G is not assigned a helicopter
1552.16,1036,evacuee,,Evacuee;64;in triage state;Y;is at the evacuation site
1557.35,3,evacueeManager,,OFF SHIP: White;0;Green;271;Yellow;51;Red;13;Black;165;ON SHIP: White;0;Green;0;Yellow;0;Red;0;Evacuees to Transfer;
1557.35,1377,evacuee,outES,Evacuee 201 in triage category G is not assigned a helicopter
1557.35,1377,evacuee,,Evacuee;201;in triage state;Y;is at the evacuation site
1558.11,3,evacueeManager,,OFF SHIP: White;0;Green;270;Yellow;52;Red;13;Black;165;ON SHIP: White;0;Green;0;Yellow;0;Red;0;Evacuees to Transfer;
1558.11,1176,evacuee,outES,Evacuee 385 in triage category G is not assigned a helicopter
1558.11,1176,evacuee,,Evacuee;385;in triage state;Y;is at the evacuation site
1567.78,3,evacueeManager,,OFF SHIP: White;0;Green;270;Yellow;52;Red;12;Black;166;ON SHIP: White;0;Green;0;Yellow;0;Red;0;Evacuees to Transfer;
1567.78,490,evacuee,outES,Evacuee 432 in triage category R is not assigned a helicopter
1567.78,490,evacuee,,Evacuee;432;in triage state;B;is at the evacuation site
1568.6,3,evacueeManager,,OFF SHIP: White;0;Green;270;Yellow;51;Red;13;Black;166;ON SHIP: White;0;Green;0;Yellow;0;Red;0;Evacuees to Transfer;
1568.6,301,evacuee,outES,Evacuee 466 in triage category Y is not assigned a helicopter
1568.6,301,evacuee,,Evacuee;466;in triage state;R;is at the evacuation site
1568.9,3,evacueeManager,,OFF SHIP: White;0;Green;270;Yellow;50;Red;14;Black;166;ON SHIP: White;0;Green;0;Yellow;0;Red;0;Evacuees to Transfer;
1568.9,1290,evacuee,outES,Evacuee 176 in triage category Y is not assigned a helicopter
1568.9,1290,evacuee,,Evacuee;176;in triage state;R;is at the evacuation site
1578.58,3,evacueeManager,,OFF SHIP: White;0;Green;269;Yellow;51;Red;14;Black;166;ON SHIP: White;0;Green;0;Yellow;0;Red;0;Evacuees to Transfer;
1578.58,1242,evacuee,outES,Evacuee 159 in triage category G is not assigned a helicopter
1578.58,1242,evacuee,,Evacuee;159;in triage state;Y;is at the evacuation site
1582.79,3,evacueeManager,,OFF SHIP: White;0;Green;269;Yellow;51;Red;13;Black;167;ON SHIP: White;0;Green;0;Yellow;0;Red;0;Evacuees to Transfer;
1582.79,1230,evacuee,outES,Evacuee 152 in triage category R is not assigned a helicopter
1582.79,1230,evacuee,,Evacuee;152;in triage state;B;is at the evacuation site
1584,3,evacueeManager,,OFF SHIP: White;0;Green;268;Yellow;52;Red;13;Black;167;ON SHIP: White;0;Green;0;Yellow;0;Red;0;Evacuees to Transfer;
1584,844,evacuee,outES,Evacuee 89 in triage category G is not assigned a helicopter
1584,844,evacuee,,Evacuee;89;in triage state;Y;is at the evacuation site
1584.19,3,evacueeManager,,OFF SHIP: White;0;Green;268;Yellow;51;Red;14;Black;167;ON SHIP: White;0;Green;0;Yellow;0;Red;0;Evacuees to Transfer;
1584.19,835,evacuee,outES,Evacuee 97 in triage category Y is not assigned a helicopter
1584.19,835,evacuee,,Evacuee;97;in triage state;R;is at the evacuation site
1588.2,3,evacueeManager,,OFF SHIP: White;0;Green;267;Yellow;52;Red;14;Black;167;ON SHIP: White;0;Green;0;Yellow;0;Red;0;Evacuees to Transfer;
1588.2,1102,evacuee,outES,Evacuee 50 in triage category G is not assigned a helicopter
1588.2,1102,evacuee,,Evacuee;50;in triage state;Y;is at the evacuation site
1590.16,3,evacueeManager,,OFF SHIP: White;0;Green;267;Yellow;51;Red;15;Black;167;ON SHIP: White;0;Green;0;Yellow;0;Red;0;Evacuees to Transfer;
1590.16,1434,evacuee,outES,Evacuee 221 in triage category Y is not assigned a helicopter
1590.16,1434,evacuee,,Evacuee;221;in triage state;R;is at the evacuation site
1591.94,3,evacueeManager,,OFF SHIP: White;0;Green;267;Yellow;51;Red;14;Black;168;ON SHIP: White;0;Green;0;Yellow;0;Red;0;Evacuees to Transfer;
1591.94,301,evacuee,outES,Evacuee 466 in triage category R is not assigned a helicopter
1591.94,301,evacuee,,Evacuee;466;in triage state;B;is at the evacuation site
1594.43,3,evacueeManager,,OFF SHIP: White;0;Green;267;Yellow;51;Red;13;Black;169;ON SHIP: White;0;Green;0;Yellow;0;Red;0;Evacuees to Transfer;
1594.43,1434,evacuee,outES,Evacuee 221 in triage category R is not assigned a helicopter
1594.43,1434,evacuee,,Evacuee;221;in triage state;B;is at the evacuation site
1594.5,3,evacueeManager,,OFF SHIP: White;0;Green;266;Yellow;52;Red;13;Black;169;ON SHIP: White;0;Green;0;Yellow;0;Red;0;Evacuees to Transfer;
1594.5,1512,evacuee,outES,Evacuee 257 in triage category G is not assigned a helicopter
1594.5,1512,evacuee,,Evacuee;257;in triage state;Y;is at the evacuation site
1594.96,3,evacueeManager,,OFF SHIP: White;0;Green;266;Yellow;52;Red;12;Black;170;ON SHIP: White;0;Green;0;Yellow;0;Red;0;Evacuees to Transfer;
1594.96,1374,evacuee,outES,Evacuee 329 in triage category R is not assigned a helicopter
1594.96,1374,evacuee,,Evacuee;329;in triage state;B;is at the evacuation site
1600.62,3,evacueeManager,,OFF SHIP: White;0;Green;266;Yellow;52;Red;11;Black;171;ON SHIP: White;0;Green;0;Yellow;0;Red;0;Evacuees to Transfer;
1600.62,835,evacuee,outES,Evacuee 97 in triage category R is not assigned a helicopter
1600.62,835,evacuee,,Evacuee;97;in triage state;B;is at the evacuation site
1600.92,3,evacueeManager,,OFF SHIP: White;0;Green;265;Yellow;53;Red;11;Black;171;ON SHIP: White;0;Green;0;Yellow;0;Red;0;Evacuees to Transfer;
1600.92,165,evacuee,outES,Evacuee 396 in triage category G is not assigned a helicopter
1600.92,165,evacuee,,Evacuee;396;in triage state;Y;is at the evacuation site
1603.49,3,evacueeManager,,OFF SHIP: White;0;Green;265;Yellow;53;Red;10;Black;172;ON SHIP: White;0;Green;0;Yellow;0;Red;0;Evacuees to Transfer;
1603.49,484,evacuee,outES,Evacuee 117 in triage category R is not assigned a helicopter
1603.49,484,evacuee,,Evacuee;117;in triage state;B;is at the evacuation site
1607.04,3,evacueeManager,,OFF SHIP: White;0;Green;265;Yellow;53;Red;9;Black;173;ON SHIP: White;0;Green;0;Yellow;0;Red;0;Evacuees to Transfer;
1607.04,162,evacuee,outES,Evacuee 452 in triage category R is not assigned a helicopter
1607.04,162,evacuee,,Evacuee;452;in triage state;B;is at the evacuation site
1613.38,3,evacueeManager,,OFF SHIP: White;0;Green;265;Yellow;52;Red;10;Black;173;ON SHIP: White;0;Green;0;Yellow;0;Red;0;Evacuees to Transfer;
1613.38,1081,evacuee,outES,Evacuee 307 in triage category Y is not assigned a helicopter
1613.38,1081,evacuee,,Evacuee;307;in triage state;R;is at the evacuation site
1613.93,3,evacueeManager,,OFF SHIP: White;0;Green;265;Yellow;52;Red;9;Black;174;ON SHIP: White;0;Green;0;Yellow;0;Red;0;Evacuees to Transfer;
1613.93,634,evacuee,outES,Evacuee 86 in triage category R is not assigned a helicopter
1613.93,634,evacuee,,Evacuee;86;in triage state;B;is at the evacuation site
1615.91,3,evacueeManager,,OFF SHIP: White;0;Green;265;Yellow;51;Red;10;Black;174;ON SHIP: White;0;Green;0;Yellow;0;Red;0;Evacuees to Transfer;
1615.91,1036,evacuee,outES,Evacuee 64 in triage category Y is not assigned a helicopter
1615.91,1036,evacuee,,Evacuee;64;in triage state;R;is at the evacuation site
1618.62,3,evacueeManager,,OFF SHIP: White;0;Green;265;Yellow;51;Red;9;Black;175;ON SHIP: White;0;Green;0;Yellow;0;Red;0;Evacuees to Transfer;
1618.62,1024,evacuee,outES,Evacuee 13 in triage category R is not assigned a helicopter
1618.62,1024,evacuee,,Evacuee;13;in triage state;B;is at the evacuation site
1627.49,3,evacueeManager,,OFF SHIP: White;0;Green;264;Yellow;52;Red;9;Black;175;ON SHIP: White;0;Green;0;Yellow;0;Red;0;Evacuees to Transfer;
1627.49,92,evacuee,outES,Evacuee 441 in triage category G is not assigned a helicopter
1627.49,92,evacuee,,Evacuee;441;in triage state;Y;is at the evacuation site
1627.78,3,evacueeManager,,OFF SHIP: White;0;Green;263;Yellow;53;Red;9;Black;175;ON SHIP: White;0;Green;0;Yellow;0;Red;0;Evacuees to Transfer;
1627.78,370,evacuee,outES,Evacuee 292 in triage category G is not assigned a helicopter
1627.78,370,evacuee,,Evacuee;292;in triage state;Y;is at the evacuation site
1627.83,3,evacueeManager,,OFF SHIP: White;0;Green;263;Yellow;52;Red;10;Black;175;ON SHIP: White;0;Green;0;Yellow;0;Red;0;Evacuees to Transfer;
1627.83,1176,evacuee,outES,Evacuee 385 in triage category Y is not assigned a helicopter
1627.83,1176,evacuee,,Evacuee;385;in triage state;R;is at the evacuation site
1628.06,3,evacueeManager,,OFF SHIP: White;0;Green;263;Yellow;52;Red;9;Black;176;ON SHIP: White;0;Green;0;Yellow;0;Red;0;Evacuees to Transfer;
1628.06,562,evacuee,outES,Evacuee 103 in triage category R is not assigned a helicopter
1628.06,562,evacuee,,Evacuee;103;in triage state;B;is at the evacuation site
1629.77,3,evacueeManager,,OFF SHIP: White;0;Green;263;Yellow;52;Red;8;Black;177;ON SHIP: White;0;Green;0;Yellow;0;Red;0;Evacuees to Transfer;
1629.77,1305,evacuee,outES,Evacuee 174 in triage category R is not assigned a helicopter
1629.77,1305,evacuee,,Evacuee;174;in triage state;B;is at the evacuation site
1637.09,3,evacueeManager,,OFF SHIP: White;0;Green;262;Yellow;53;Red;8;Black;177;ON SHIP: White;0;Green;0;Yellow;0;Red;0;Evacuees to Transfer;
1637.09,709,evacuee,outES,Evacuee 66 in triage category G is not assigned a helicopter
1637.09,709,evacuee,,Evacuee;66;in triage state;Y;is at the evacuation site
1639.64,3,evacueeManager,,OFF SHIP: White;0;Green;262;Yellow;52;Red;9;Black;177;ON SHIP: White;0;Green;0;Yellow;0;Red;0;Evacuees to Transfer;
1639.64,1443,evacuee,outES,Evacuee 225 in triage category Y is not assigned a helicopter
1639.64,1443,evacuee,,Evacuee;225;in triage state;R;is at the evacuation site
1641.63,3,evacueeManager,,OFF SHIP: White;0;Green;262;Yellow;51;Red;10;Black;177;ON SHIP: White;0;Green;0;Yellow;0;Red;0;Evacuees to Transfer;
1641.63,691,evacuee,outES,Evacuee 74 in triage category Y is not assigned a helicopter
1641.63,691,evacuee,,Evacuee;74;in triage state;R;is at the evacuation site
1641.81,3,evacueeManager,,OFF SHIP: White;0;Green;262;Yellow;50;Red;11;Black;177;ON SHIP: White;0;Green;0;Yellow;0;Red;0;Evacuees to Transfer;
1641.81,568,evacuee,outES,Evacuee 111 in triage category Y is not assigned a helicopter
1641.81,568,evacuee,,Evacuee;111;in triage state;R;is at the evacuation site
1645.91,3,evacueeManager,,OFF SHIP: White;0;Green;262;Yellow;50;Red;10;Black;178;ON SHIP: White;0;Green;0;Yellow;0;Red;0;Evacuees to Transfer;
1645.91,568,evacuee,outES,Evacuee 111 in triage category R is not assigned a helicopter
1645.91,568,evacuee,,Evacuee;111;in triage state;B;is at the evacuation site
1651.54,3,evacueeManager,,OFF SHIP: White;0;Green;262;Yellow;49;Red;11;Black;178;ON SHIP: White;0;Green;0;Yellow;0;Red;0;Evacuees to Transfer;
1651.54,295,evacuee,outES,Evacuee 410 in triage category Y is not assigned a helicopter
1651.54,295,evacuee,,Evacuee;410;in triage state;R;is at the evacuation site
1652.27,3,evacueeManager,,OFF SHIP: White;0;Green;261;Yellow;50;Red;11;Black;178;ON SHIP: White;0;Green;0;Yellow;0;Red;0;Evacuees to Transfer;
1652.27,901,evacuee,outES,Evacuee 119 in triage category G is not assigned a helicopter
1652.27,901,evacuee,,Evacuee;119;in triage state;Y;is at the evacuation site
1652.58,3,evacueeManager,,OFF SHIP: White;0;Green;261;Yellow;50;Red;10;Black;179;ON SHIP: White;0;Green;0;Yellow;0;Red;0;Evacuees to Transfer;
1652.58,1290,evacuee,outES,Evacuee 176 in triage category R is not assigned a helicopter
1652.58,1290,evacuee,,Evacuee;176;in triage state;B;is at the evacuation site
1653,3,evacueeManager,,OFF SHIP: White;0;Green;261;Yellow;49;Red;11;Black;179;ON SHIP: White;0;Green;0;Yellow;0;Red;0;Evacuees to Transfer;
1653,298,evacuee,outES,Evacuee 326 in triage category Y is not assigned a helicopter
1653,298,evacuee,,Evacuee;326;in triage state;R;is at the evacuation site
1664.35,3,evacueeManager,,OFF SHIP: White;0;Green;261;Yellow;48;Red;12;Black;179;ON SHIP: White;0;Green;0;Yellow;0;Red;0;Evacuees to Transfer;
1664.35,1099,evacuee,outES,Evacuee 144 in triage category Y is not assigned a helicopter
1664.35,1099,evacuee,,Evacuee;144;in triage state;R;is at the evacuation site
1668.68,3,evacueeManager,,OFF SHIP: White;0;Green;261;Yellow;47;Red;13;Black;179;ON SHIP: White;0;Green;0;Yellow;0;Red;0;Evacuees to Transfer;
1668.68,1440,evacuee,outES,Evacuee 339 in triage category Y is not assigned a helicopter
1668.68,1440,evacuee,,Evacuee;339;in triage state;R;is at the evacuation site
1669.9,3,evacueeManager,,OFF SHIP: White;0;Green;261;Yellow;47;Red;12;Black;180;ON SHIP: White;0;Green;0;Yellow;0;Red;0;Evacuees to Transfer;
1669.9,691,evacuee,outES,Evacuee 74 in triage category R is not assigned a helicopter
1669.9,691,evacuee,,Evacuee;74;in triage state;B;is at the evacuation site
1680.34,3,evacueeManager,,OFF SHIP: White;0;Green;261;Yellow;47;Red;11;Black;181;ON SHIP: White;0;Green;0;Yellow;0;Red;0;Evacuees to Transfer;
1680.34,1440,evacuee,outES,Evacuee 339 in triage category R is not assigned a helicopter
1680.34,1440,evacuee,,Evacuee;339;in triage state;B;is at the evacuation site
1680.53,3,evacueeManager,,OFF SHIP: White;0;Green;261;Yellow;46;Red;12;Black;181;ON SHIP: White;0;Green;0;Yellow;0;Red;0;Evacuees to Transfer;
1680.53,844,evacuee,outES,Evacuee 89 in triage category Y is not assigned a helicopter
1680.53,844,evacuee,,Evacuee;89;in triage state;R;is at the evacuation site
1683.85,3,evacueeManager,,OFF SHIP: White;0;Green;261;Yellow;46;Red;11;Black;182;ON SHIP: White;0;Green;0;Yellow;0;Red;0;Evacuees to Transfer;
1683.85,298,evacuee,outES,Evacuee 326 in triage category R is not assigned a helicopter
1683.85,298,evacuee,,Evacuee;326;in triage state;B;is at the evacuation site
1684.19,3,evacueeManager,,OFF SHIP: White;0;Green;261;Yellow;45;Red;12;Black;182;ON SHIP: White;0;Green;0;Yellow;0;Red;0;Evacuees to Transfer;
1684.19,1239,evacuee,outES,Evacuee 123 in triage category Y is not assigned a helicopter
1684.19,1239,evacuee,,Evacuee;123;in triage state;R;is at the evacuation site
1687.56,3,evacueeManager,,OFF SHIP: White;0;Green;261;Yellow;45;Red;11;Black;183;ON SHIP: White;0;Green;0;Yellow;0;Red;0;Evacuees to Transfer;
1687.56,1036,evacuee,outES,Evacuee 64 in triage category R is not assigned a helicopter
1687.56,1036,evacuee,,Evacuee;64;in triage state;B;is at the evacuation site
1688.56,3,evacueeManager,,OFF SHIP: White;0;Green;261;Yellow;45;Red;10;Black;184;ON SHIP: White;0;Green;0;Yellow;0;Red;0;Evacuees to Transfer;
1688.56,1176,evacuee,outES,Evacuee 385 in triage category R is not assigned a helicopter
1688.56,1176,evacuee,,Evacuee;385;in triage state;B;is at the evacuation site
1688.65,3,evacueeManager,,OFF SHIP: White;0;Green;261;Yellow;45;Red;9;Black;185;ON SHIP: White;0;Green;0;Yellow;0;Red;0;Evacuees to Transfer;
1688.65,844,evacuee,outES,Evacuee 89 in triage category R is not assigned a helicopter
1688.65,844,evacuee,,Evacuee;89;in triage state;B;is at the evacuation site
1691.17,3,evacueeManager,,OFF SHIP: White;0;Green;260;Yellow;46;Red;9;Black;185;ON SHIP: White;0;Green;0;Yellow;0;Red;0;Evacuees to Transfer;
1691.17,574,evacuee,outES,Evacuee 228 in triage category G is not assigned a helicopter
1691.17,574,evacuee,,Evacuee;228;in triage state;Y;is at the evacuation site
1691.45,3,evacueeManager,,OFF SHIP: White;0;Green;260;Yellow;46;Red;8;Black;186;ON SHIP: White;0;Green;0;Yellow;0;Red;0;Evacuees to Transfer;
1691.45,1443,evacuee,outES,Evacuee 225 in triage category R is not assigned a helicopter
1691.45,1443,evacuee,,Evacuee;225;in triage state;B;is at the evacuation site
1693.64,3,evacueeManager,,OFF SHIP: White;0;Green;259;Yellow;47;Red;8;Black;186;ON SHIP: White;0;Green;0;Yellow;0;Red;0;Evacuees to Transfer;
1693.64,970,evacuee,outES,Evacuee 116 in triage category G is not assigned a helicopter
1693.64,970,evacuee,,Evacuee;116;in triage state;Y;is at the evacuation site
1694.82,3,evacueeManager,,OFF SHIP: White;0;Green;259;Yellow;46;Red;9;Black;186;ON SHIP: White;0;Green;0;Yellow;0;Red;0;Evacuees to Transfer;
1694.82,706,evacuee,outES,Evacuee 199 in triage category Y is not assigned a helicopter
1694.82,706,evacuee,,Evacuee;199;in triage state;R;is at the evacuation site
1696.83,3,evacueeManager,,OFF SHIP: White;0;Green;259;Yellow;45;Red;10;Black;186;ON SHIP: White;0;Green;0;Yellow;0;Red;0;Evacuees to Transfer;
1696.83,967,evacuee,outES,Evacuee 320 in triage category Y is not assigned a helicopter
1696.83,967,evacuee,,Evacuee;320;in triage state;R;is at the evacuation site
1697.28,3,evacueeManager,,OFF SHIP: White;0;Green;259;Yellow;44;Red;11;Black;186;ON SHIP: White;0;Green;0;Yellow;0;Red;0;Evacuees to Transfer;
1697.28,832,evacuee,outES,Evacuee 40 in triage category Y is not assigned a helicopter
1697.28,832,evacuee,,Evacuee;40;in triage state;R;is at the evacuation site
1701.33,3,evacueeManager,,OFF SHIP: White;0;Green;259;Yellow;44;Red;10;Black;187;ON SHIP: White;0;Green;0;Yellow;0;Red;0;Evacuees to Transfer;
1701.33,838,evacuee,outES,Evacuee 453 in triage category R is not assigned a helicopter
1701.33,838,evacuee,,Evacuee;453;in triage state;B;is at the evacuation site
1706.04,3,evacueeManager,,OFF SHIP: White;0;Green;258;Yellow;45;Red;10;Black;187;ON SHIP: White;0;Green;0;Yellow;0;Red;0;Evacuees to Transfer;
1706.04,235,evacuee,outES,Evacuee 366 in triage category G is not assigned a helicopter
1706.04,235,evacuee,,Evacuee;366;in triage state;Y;is at the evacuation site
1710.69,3,evacueeManager,,OFF SHIP: White;0;Green;258;Yellow;44;Red;11;Black;187;ON SHIP: White;0;Green;0;Yellow;0;Red;0;Evacuees to Transfer;
1710.69,625,evacuee,outES,Evacuee 49 in triage category Y is not assigned a helicopter
1710.69,625,evacuee,,Evacuee;49;in triage state;R;is at the evacuation site
1714.02,3,evacueeManager,,OFF SHIP: White;0;Green;258;Yellow;44;Red;10;Black;188;ON SHIP: White;0;Green;0;Yellow;0;Red;0;Evacuees to Transfer;
1714.02,832,evacuee,outES,Evacuee 40 in triage category R is not assigned a helicopter
1714.02,832,evacuee,,Evacuee;40;in triage state;B;is at the evacuation site
1714.45,3,evacueeManager,,OFF SHIP: White;0;Green;258;Yellow;44;Red;9;Black;189;ON SHIP: White;0;Green;0;Yellow;0;Red;0;Evacuees to Transfer;
1714.45,295,evacuee,outES,Evacuee 410 in triage category R is not assigned a helicopter
1714.45,295,evacuee,,Evacuee;410;in triage state;B;is at the evacuation site
1714.5,3,evacueeManager,,OFF SHIP: White;0;Green;257;Yellow;45;Red;9;Black;189;ON SHIP: White;0;Green;0;Yellow;0;Red;0;Evacuees to Transfer;
1714.5,508,evacuee,outES,Evacuee 470 in triage category G is not assigned a helicopter
1714.5,508,evacuee,,Evacuee;470;in triage state;Y;is at the evacuation site
1715.7,3,evacueeManager,,OFF SHIP: White;0;Green;257;Yellow;45;Red;8;Black;190;ON SHIP: White;0;Green;0;Yellow;0;Red;0;Evacuees to Transfer;
1715.7,1099,evacuee,outES,Evacuee 144 in triage category R is not assigned a helicopter
1715.7,1099,evacuee,,Evacuee;144;in triage state;B;is at the evacuation site
1719.74,3,evacueeManager,,OFF SHIP: White;0;Green;257;Yellow;45;Red;7;Black;191;ON SHIP: White;0;Green;0;Yellow;0;Red;0;Evacuees to Transfer;
1719.74,706,evacuee,outES,Evacuee 199 in triage category R is not assigned a helicopter
1719.74,706,evacuee,,Evacuee;199;in triage state;B;is at the evacuation site
1726.52,3,evacueeManager,,OFF SHIP: White;0;Green;257;Yellow;44;Red;8;Black;191;ON SHIP: White;0;Green;0;Yellow;0;Red;0;Evacuees to Transfer;
1726.52,358,evacuee,outES,Evacuee 352 in triage category Y is not assigned a helicopter
1726.52,358,evacuee,,Evacuee;352;in triage state;R;is at the evacuation site
1733.91,3,evacueeManager,,OFF SHIP: White;0;Green;256;Yellow;45;Red;8;Black;191;ON SHIP: White;0;Green;0;Yellow;0;Red;0;Evacuees to Transfer;
1733.91,439,evacuee,outES,Evacuee 270 in triage category G is not assigned a helicopter
1733.91,439,evacuee,,Evacuee;270;in triage state;Y;is at the evacuation site
1737.09,3,evacueeManager,,OFF SHIP: White;0;Green;256;Yellow;44;Red;9;Black;191;ON SHIP: White;0;Green;0;Yellow;0;Red;0;Evacuees to Transfer;
1737.09,772,evacuee,outES,Evacuee 250 in triage category Y is not assigned a helicopter
1737.09,772,evacuee,,Evacuee;250;in triage state;R;is at the evacuation site
1740.04,3,evacueeManager,,OFF SHIP: White;0;Green;256;Yellow;44;Red;8;Black;192;ON SHIP: White;0;Green;0;Yellow;0;Red;0;Evacuees to Transfer;
1740.04,772,evacuee,outES,Evacuee 250 in triage category R is not assigned a helicopter
1740.04,772,evacuee,,Evacuee;250;in triage state;B;is at the evacuation site
1743.74,3,evacueeManager,,OFF SHIP: White;0;Green;256;Yellow;44;Red;7;Black;193;ON SHIP: White;0;Green;0;Yellow;0;Red;0;Evacuees to Transfer;
1743.74,1081,evacuee,outES,Evacuee 307 in triage category R is not assigned a helicopter
1743.74,1081,evacuee,,Evacuee;307;in triage state;B;is at the evacuation site
1748.3,3,evacueeManager,,OFF SHIP: White;0;Green;255;Yellow;45;Red;7;Black;193;ON SHIP: White;0;Green;0;Yellow;0;Red;0;Evacuees to Transfer;
1748.3,1311,evacuee,outES,Evacuee 435 in triage category G is not assigned a helicopter
1748.3,1311,evacuee,,Evacuee;435;in triage state;Y;is at the evacuation site
1750.52,3,evacueeManager,,OFF SHIP: White;0;Green;254;Yellow;46;Red;7;Black;193;ON SHIP: White;0;Green;0;Yellow;0;Red;0;Evacuees to Transfer;
1750.52,1446,evacuee,outES,Evacuee 164 in triage category G is not assigned a helicopter
1750.52,1446,evacuee,,Evacuee;164;in triage state;Y;is at the evacuation site
1751.83,3,evacueeManager,,OFF SHIP: White;0;Green;253;Yellow;47;Red;7;Black;193;ON SHIP: White;0;Green;0;Yellow;0;Red;0;Evacuees to Transfer;
1751.83,778,evacuee,outES,Evacuee 229 in triage category G is not assigned a helicopter
1751.83,778,evacuee,,Evacuee;229;in triage state;Y;is at the evacuation site
1757.29,3,evacueeManager,,OFF SHIP: White;0;Green;253;Yellow;47;Red;6;Black;194;ON SHIP: White;0;Green;0;Yellow;0;Red;0;Evacuees to Transfer;
1757.29,1239,evacuee,outES,Evacuee 123 in triage category R is not assigned a helicopter
1757.29,1239,evacuee,,Evacuee;123;in triage state;B;is at the evacuation site
1766.21,3,evacueeManager,,OFF SHIP: White;0;Green;252;Yellow;48;Red;6;Black;194;ON SHIP: White;0;Green;0;Yellow;0;Red;0;Evacuees to Transfer;
1766.21,643,evacuee,outES,Evacuee 80 in triage category G is not assigned a helicopter
1766.21,643,evacuee,,Evacuee;80;in triage state;Y;is at the evacuation site
1767.5,3,evacueeManager,,OFF SHIP: White;0;Green;252;Yellow;47;Red;7;Black;194;ON SHIP: White;0;Green;0;Yellow;0;Red;0;Evacuees to Transfer;
1767.5,1033,evacuee,outES,Evacuee 34 in triage category Y is not assigned a helicopter
1767.5,1033,evacuee,,Evacuee;34;in triage state;R;is at the evacuation site
1769.23,3,evacueeManager,,OFF SHIP: White;0;Green;252;Yellow;46;Red;8;Black;194;ON SHIP: White;0;Green;0;Yellow;0;Red;0;Evacuees to Transfer;
1769.23,901,evacuee,outES,Evacuee 119 in triage category Y is not assigned a helicopter
1769.23,901,evacuee,,Evacuee;119;in triage state;R;is at the evacuation site
1773.12,3,evacueeManager,,OFF SHIP: White;0;Green;251;Yellow;47;Red;8;Black;194;ON SHIP: White;0;Green;0;Yellow;0;Red;0;Evacuees to Transfer;
1773.12,304,evacuee,outES,Evacuee 325 in triage category G is not assigned a helicopter
1773.12,304,evacuee,,Evacuee;325;in triage state;Y;is at the evacuation site
1776.15,3,evacueeManager,,OFF SHIP: White;0;Green;251;Yellow;47;Red;7;Black;195;ON SHIP: White;0;Green;0;Yellow;0;Red;0;Evacuees to Transfer;
1776.15,967,evacuee,outES,Evacuee 320 in triage category R is not assigned a helicopter
1776.15,967,evacuee,,Evacuee;320;in triage state;B;is at the evacuation site
1783.52,3,evacueeManager,,OFF SHIP: White;0;Green;250;Yellow;48;Red;7;Black;195;ON SHIP: White;0;Green;0;Yellow;0;Red;0;Evacuees to Transfer;
1783.52,1179,evacuee,outES,Evacuee 181 in triage category G is not assigned a helicopter
1783.52,1179,evacuee,,Evacuee;181;in triage state;Y;is at the evacuation site
1786.89,3,evacueeManager,,OFF SHIP: White;0;Green;249;Yellow;49;Red;7;Black;195;ON SHIP: White;0;Green;0;Yellow;0;Red;0;Evacuees to Transfer;
1786.89,1380,evacuee,outES,Evacuee 11 in triage category G is not assigned a helicopter
1786.89,1380,evacuee,,Evacuee;11;in triage state;Y;is at the evacuation site
1787.13,3,evacueeManager,,OFF SHIP: White;0;Green;249;Yellow;48;Red;8;Black;195;ON SHIP: White;0;Green;0;Yellow;0;Red;0;Evacuees to Transfer;
1787.13,436,evacuee,outES,Evacuee 272 in triage category Y is not assigned a helicopter
1787.13,436,evacuee,,Evacuee;272;in triage state;R;is at the evacuation site
1800.12,3,evacueeManager,,OFF SHIP: White;0;Green;249;Yellow;47;Red;9;Black;195;ON SHIP: White;0;Green;0;Yellow;0;Red;0;Evacuees to Transfer;
1800.12,235,evacuee,outES,Evacuee 366 in triage category Y is not assigned a helicopter
1800.12,235,evacuee,,Evacuee;366;in triage state;R;is at the evacuation site
1800.95,3,evacueeManager,,OFF SHIP: White;0;Green;249;Yellow;46;Red;10;Black;195;ON SHIP: White;0;Green;0;Yellow;0;Red;0;Evacuees to Transfer;
1800.95,1380,evacuee,outES,Evacuee 11 in triage category Y is not assigned a helicopter
1800.95,1380,evacuee,,Evacuee;11;in triage state;R;is at the evacuation site
1801.7,3,evacueeManager,,OFF SHIP: White;0;Green;249;Yellow;45;Red;11;Black;195;ON SHIP: White;0;Green;0;Yellow;0;Red;0;Evacuees to Transfer;
1801.7,370,evacuee,outES,Evacuee 292 in triage category Y is not assigned a helicopter
1801.7,370,evacuee,,Evacuee;292;in triage state;R;is at the evacuation site
1807.31,3,evacueeManager,,OFF SHIP: White;0;Green;248;Yellow;46;Red;11;Black;195;ON SHIP: White;0;Green;0;Yellow;0;Red;0;Evacuees to Transfer;
1807.31,847,evacuee,outES,Evacuee 394 in triage category G is not assigned a helicopter
1807.31,847,evacuee,,Evacuee;394;in triage state;Y;is at the evacuation site
1814.12,3,evacueeManager,,OFF SHIP: White;0;Green;247;Yellow;47;Red;11;Black;195;ON SHIP: White;0;Green;0;Yellow;0;Red;0;Evacuees to Transfer;
1814.12,1245,evacuee,outES,Evacuee 161 in triage category G is not assigned a helicopter
1814.12,1245,evacuee,,Evacuee;161;in triage state;Y;is at the evacuation site
1814.62,3,evacueeManager,,OFF SHIP: White;0;Green;247;Yellow;47;Red;10;Black;196;ON SHIP: White;0;Green;0;Yellow;0;Red;0;Evacuees to Transfer;
1814.62,625,evacuee,outES,Evacuee 49 in triage category R is not assigned a helicopter
1814.62,625,evacuee,,Evacuee;49;in triage state;B;is at the evacuation site
1816.08,3,evacueeManager,,OFF SHIP: White;0;Green;246;Yellow;48;Red;10;Black;196;ON SHIP: White;0;Green;0;Yellow;0;Red;0;Evacuees to Transfer;
1816.08,1105,evacuee,outES,Evacuee 19 in triage category G is not assigned a helicopter
1816.08,1105,evacuee,,Evacuee;19;in triage state;Y;is at the evacuation site
1818.66,3,evacueeManager,,OFF SHIP: White;0;Green;245;Yellow;49;Red;10;Black;196;ON SHIP: White;0;Green;0;Yellow;0;Red;0;Evacuees to Transfer;
1818.66,1515,evacuee,outES,Evacuee 210 in triage category G is not assigned a helicopter
1818.66,1515,evacuee,,Evacuee;210;in triage state;Y;is at the evacuation site
1819.33,3,evacueeManager,,OFF SHIP: White;0;Green;245;Yellow;49;Red;9;Black;197;ON SHIP: White;0;Green;0;Yellow;0;Red;0;Evacuees to Transfer;
1819.33,358,evacuee,outES,Evacuee 352 in triage category R is not assigned a helicopter
1819.33,358,evacuee,,Evacuee;352;in triage state;B;is at the evacuation site
1823.65,3,evacueeManager,,OFF SHIP: White;0;Green;245;Yellow;48;Red;10;Black;197;ON SHIP: White;0;Green;0;Yellow;0;Red;0;Evacuees to Transfer;
1823.65,508,evacuee,outES,Evacuee 470 in triage category Y is not assigned a helicopter
1823.65,508,evacuee,,Evacuee;470;in triage state;R;is at the evacuation site
1830.02,3,evacueeManager,,OFF SHIP: White;0;Green;245;Yellow;48;Red;9;Black;198;ON SHIP: White;0;Green;0;Yellow;0;Red;0;Evacuees to Transfer;
1830.02,370,evacuee,outES,Evacuee 292 in triage category R is not assigned a helicopter
1830.02,370,evacuee,,Evacuee;292;in triage state;B;is at the evacuation site
1830.41,3,evacueeManager,,OFF SHIP: White;0;Green;245;Yellow;47;Red;10;Black;198;ON SHIP: White;0;Green;0;Yellow;0;Red;0;Evacuees to Transfer;
1830.41,1377,evacuee,outES,Evacuee 201 in triage category Y is not assigned a helicopter
1830.41,1377,evacuee,,Evacuee;201;in triage state;R;is at the evacuation site
1834.91,3,evacueeManager,,OFF SHIP: White;0;Green;245;Yellow;46;Red;11;Black;198;ON SHIP: White;0;Green;0;Yellow;0;Red;0;Evacuees to Transfer;
1834.91,1164,evacuee,outES,Evacuee 263 in triage category Y is not assigned a helicopter
1834.91,1164,evacuee,,Evacuee;263;in triage state;R;is at the evacuation site
1837.49,3,evacueeManager,,OFF SHIP: White;0;Green;245;Yellow;46;Red;10;Black;199;ON SHIP: White;0;Green;0;Yellow;0;Red;0;Evacuees to Transfer;
1837.49,235,evacuee,outES,Evacuee 366 in triage category R is not assigned a helicopter
1837.49,235,evacuee,,Evacuee;366;in triage state;B;is at the evacuation site
1838.06,3,evacueeManager,,OFF SHIP: White;0;Green;245;Yellow;45;Red;11;Black;199;ON SHIP: White;0;Green;0;Yellow;0;Red;0;Evacuees to Transfer;
1838.06,1515,evacuee,outES,Evacuee 210 in triage category Y is not assigned a helicopter
1838.06,1515,evacuee,,Evacuee;210;in triage state;R;is at the evacuation site
1845.37,3,evacueeManager,,OFF SHIP: White;0;Green;245;Yellow;44;Red;12;Black;199;ON SHIP: White;0;Green;0;Yellow;0;Red;0;Evacuees to Transfer;
1845.37,703,evacuee,outES,Evacuee 134 in triage category Y is not assigned a helicopter
1845.37,703,evacuee,,Evacuee;134;in triage state;R;is at the evacuation site
1845.77,3,evacueeManager,,OFF SHIP: White;0;Green;244;Yellow;45;Red;12;Black;199;ON SHIP: White;0;Green;0;Yellow;0;Red;0;Evacuees to Transfer;
1845.77,95,evacuee,outES,Evacuee 439 in triage category G is not assigned a helicopter
1845.77,95,evacuee,,Evacuee;439;in triage state;Y;is at the evacuation site
1852.64,3,evacueeManager,,OFF SHIP: White;0;Green;244;Yellow;45;Red;11;Black;200;ON SHIP: White;0;Green;0;Yellow;0;Red;0;Evacuees to Transfer;
1852.64,508,evacuee,outES,Evacuee 470 in triage category R is not assigned a helicopter
1852.64,508,evacuee,,Evacuee;470;in triage state;B;is at the evacuation site
1855.49,3,evacueeManager,,OFF SHIP: White;0;Green;243;Yellow;46;Red;11;Black;200;ON SHIP: White;0;Green;0;Yellow;0;Red;0;Evacuees to Transfer;
1855.49,168,evacuee,outES,Evacuee 395 in triage category G is not assigned a helicopter
1855.49,168,evacuee,,Evacuee;395;in triage state;Y;is at the evacuation site
1858.47,3,evacueeManager,,OFF SHIP: White;0;Green;243;Yellow;45;Red;12;Black;200;ON SHIP: White;0;Green;0;Yellow;0;Red;0;Evacuees to Transfer;
1858.47,286,evacuee,outES,Evacuee 330 in triage category Y is not assigned a helicopter
1858.47,286,evacuee,,Evacuee;330;in triage state;R;is at the evacuation site
1860.42,3,evacueeManager,,OFF SHIP: White;0;Green;242;Yellow;46;Red;12;Black;200;ON SHIP: White;0;Green;0;Yellow;0;Red;0;Evacuees to Transfer;
1860.42,712,evacuee,outES,Evacuee 62 in triage category G is not assigned a helicopter
1860.42,712,evacuee,,Evacuee;62;in triage state;Y;is at the evacuation site
1861.41,3,evacueeManager,,OFF SHIP: White;0;Green;242;Yellow;46;Red;11;Black;201;ON SHIP: White;0;Green;0;Yellow;0;Red;0;Evacuees to Transfer;
1861.41,901,evacuee,outES,Evacuee 119 in triage category R is not assigned a helicopter
1861.41,901,evacuee,,Evacuee;119;in triage state;B;is at the evacuation site
1863.25,3,evacueeManager,,OFF SHIP: White;0;Green;241;Yellow;47;Red;11;Black;201;ON SHIP: White;0;Green;0;Yellow;0;Red;0;Evacuees to Transfer;
1863.25,373,evacuee,outES,Evacuee 291 in triage category G is not assigned a helicopter
1863.25,373,evacuee,,Evacuee;291;in triage state;Y;is at the evacuation site
1864.12,3,evacueeManager,,OFF SHIP: White;0;Green;241;Yellow;46;Red;12;Black;201;ON SHIP: White;0;Green;0;Yellow;0;Red;0;Evacuees to Transfer;
1864.12,571,evacuee,outES,Evacuee 39 in triage category Y is not assigned a helicopter
1864.12,571,evacuee,,Evacuee;39;in triage state;R;is at the evacuation site
1864.48,3,evacueeManager,,OFF SHIP: White;0;Green;241;Yellow;46;Red;11;Black;202;ON SHIP: White;0;Green;0;Yellow;0;Red;0;Evacuees to Transfer;
1864.48,436,evacuee,outES,Evacuee 272 in triage category R is not assigned a helicopter
1864.48,436,evacuee,,Evacuee;272;in triage state;B;is at the evacuation site
1872.22,3,evacueeManager,,OFF SHIP: White;0;Green;241;Yellow;45;Red;12;Black;202;ON SHIP: White;0;Green;0;Yellow;0;Red;0;Evacuees to Transfer;
1872.22,1173,evacuee,outES,Evacuee 60 in triage category Y is not assigned a helicopter
1872.22,1173,evacuee,,Evacuee;60;in triage state;R;is at the evacuation site
1873.03,3,evacueeManager,,OFF SHIP: White;0;Green;241;Yellow;44;Red;13;Black;202;ON SHIP: White;0;Green;0;Yellow;0;Red;0;Evacuees to Transfer;
1873.03,1512,evacuee,outES,Evacuee 257 in triage category Y is not assigned a helicopter
1873.03,1512,evacuee,,Evacuee;257;in triage state;R;is at the evacuation site
1883.3,3,evacueeManager,,OFF SHIP: White;0;Green;241;Yellow;44;Red;12;Black;203;ON SHIP: White;0;Green;0;Yellow;0;Red;0;Evacuees to Transfer;
1883.3,1164,evacuee,outES,Evacuee 263 in triage category R is not assigned a helicopter
1883.3,1164,evacuee,,Evacuee;263;in triage state;B;is at the evacuation site
1885.49,3,evacueeManager,,OFF SHIP: White;0;Green;240;Yellow;45;Red;12;Black;203;ON SHIP: White;0;Green;0;Yellow;0;Red;0;Evacuees to Transfer;
1885.49,904,evacuee,outES,Evacuee 6 in triage category G is not assigned a helicopter
1885.49,904,evacuee,,Evacuee;6;in triage state;Y;is at the evacuation site
1887.82,3,evacueeManager,,OFF SHIP: White;0;Green;239;Yellow;46;Red;12;Black;203;ON SHIP: White;0;Green;0;Yellow;0;Red;0;Evacuees to Transfer;
1887.82,1039,evacuee,outES,Evacuee 429 in triage category G is not assigned a helicopter
1887.82,1039,evacuee,,Evacuee;429;in triage state;Y;is at the evacuation site
1931.02,3,evacueeManager,,OFF SHIP: White;0;Green;239;Yellow;46;Red;11;Black;204;ON SHIP: White;0;Green;0;Yellow;0;Red;0;Evacuees to Transfer;
1931.02,703,evacuee,outES,Evacuee 134 in triage category R is not assigned a helicopter
1931.02,703,evacuee,,Evacuee;134;in triage state;B;is at the evacuation site
1932.86,3,evacueeManager,,OFF SHIP: White;0;Green;239;Yellow;45;Red;12;Black;204;ON SHIP: White;0;Green;0;Yellow;0;Red;0;Evacuees to Transfer;
1932.86,898,evacuee,outES,Evacuee 150 in triage category Y is not assigned a helicopter
1932.86,898,evacuee,,Evacuee;150;in triage state;R;is at the evacuation site
1934.79,3,evacueeManager,,OFF SHIP: White;0;Green;238;Yellow;46;Red;12;Black;204;ON SHIP: White;0;Green;0;Yellow;0;Red;0;Evacuees to Transfer;
1934.79,973,evacuee,outES,Evacuee 61 in triage category G is not assigned a helicopter
1934.79,973,evacuee,,Evacuee;61;in triage state;Y;is at the evacuation site
1939.88,3,evacueeManager,,OFF SHIP: White;0;Green;238;Yellow;46;Red;11;Black;205;ON SHIP: White;0;Green;0;Yellow;0;Red;0;Evacuees to Transfer;
1939.88,1033,evacuee,outES,Evacuee 34 in triage category R is not assigned a helicopter
1939.88,1033,evacuee,,Evacuee;34;in triage state;B;is at the evacuation site
1943.78,3,evacueeManager,,OFF SHIP: White;0;Green;238;Yellow;45;Red;12;Black;205;ON SHIP: White;0;Green;0;Yellow;0;Red;0;Evacuees to Transfer;
1943.78,1102,evacuee,outES,Evacuee 50 in triage category Y is not assigned a helicopter
1943.78,1102,evacuee,,Evacuee;50;in triage state;R;is at the evacuation site
1943.84,3,evacueeManager,,OFF SHIP: White;0;Green;237;Yellow;46;Red;12;Black;205;ON SHIP: White;0;Green;0;Yellow;0;Red;0;Evacuees to Transfer;
1943.84,238,evacuee,outES,Evacuee 362 in triage category G is not assigned a helicopter
1943.84,238,evacuee,,Evacuee;362;in triage state;Y;is at the evacuation site
1944.17,3,evacueeManager,,OFF SHIP: White;0;Green;236;Yellow;47;Red;12;Black;205;ON SHIP: White;0;Green;0;Yellow;0;Red;0;Evacuees to Transfer;
1944.17,511,evacuee,outES,Evacuee 469 in triage category G is not assigned a helicopter
1944.17,511,evacuee,,Evacuee;469;in triage state;Y;is at the evacuation site
1946.13,3,evacueeManager,,OFF SHIP: White;0;Green;236;Yellow;47;Red;11;Black;206;ON SHIP: White;0;Green;0;Yellow;0;Red;0;Evacuees to Transfer;
1946.13,1362,evacuee,outES,Evacuee 399 in triage category R is not assigned a helicopter
1946.13,1362,evacuee,,Evacuee;399;in triage state;B;is at the evacuation site
1946.87,3,evacueeManager,,OFF SHIP: White;0;Green;236;Yellow;46;Red;12;Black;206;ON SHIP: White;0;Green;0;Yellow;0;Red;0;Evacuees to Transfer;
1946.87,622,evacuee,outES,Evacuee 127 in triage category Y is not assigned a helicopter
1946.87,622,evacuee,,Evacuee;127;in triage state;R;is at the evacuation site
1948.86,3,evacueeManager,,OFF SHIP: White;0;Green;236;Yellow;45;Red;13;Black;206;ON SHIP: White;0;Green;0;Yellow;0;Red;0;Evacuees to Transfer;
1948.86,565,evacuee,outES,Evacuee 124 in triage category Y is not assigned a helicopter
1948.86,565,evacuee,,Evacuee;124;in triage state;R;is at the evacuation site
1951.12,3,evacueeManager,,OFF SHIP: White;0;Green;236;Yellow;45;Red;12;Black;207;ON SHIP: White;0;Green;0;Yellow;0;Red;0;Evacuees to Transfer;
1951.12,622,evacuee,outES,Evacuee 127 in triage category R is not assigned a helicopter
1951.12,622,evacuee,,Evacuee;127;in triage state;B;is at the evacuation site
1951.21,3,evacueeManager,,OFF SHIP: White;0;Green;236;Yellow;45;Red;11;Black;208;ON SHIP: White;0;Green;0;Yellow;0;Red;0;Evacuees to Transfer;
1951.21,1173,evacuee,outES,Evacuee 60 in triage category R is not assigned a helicopter
1951.21,1173,evacuee,,Evacuee;60;in triage state;B;is at the evacuation site
1951.5,3,evacueeManager,,OFF SHIP: White;0;Green;236;Yellow;45;Red;10;Black;209;ON SHIP: White;0;Green;0;Yellow;0;Red;0;Evacuees to Transfer;
1951.5,898,evacuee,outES,Evacuee 150 in triage category R is not assigned a helicopter
1951.5,898,evacuee,,Evacuee;150;in triage state;B;is at the evacuation site
1954.07,3,evacueeManager,,OFF SHIP: White;0;Green;236;Yellow;45;Red;9;Black;210;ON SHIP: White;0;Green;0;Yellow;0;Red;0;Evacuees to Transfer;
1954.07,766,evacuee,outES,Evacuee 70 in triage category R is not assigned a helicopter
1954.07,766,evacuee,,Evacuee;70;in triage state;B;is at the evacuation site
1960.01,3,evacueeManager,,OFF SHIP: White;0;Green;236;Yellow;45;Red;8;Black;211;ON SHIP: White;0;Green;0;Yellow;0;Red;0;Evacuees to Transfer;
1960.01,1377,evacuee,outES,Evacuee 201 in triage category R is not assigned a helicopter
1960.01,1377,evacuee,,Evacuee;201;in triage state;B;is at the evacuation site
1961.85,3,evacueeManager,,OFF SHIP: White;0;Green;236;Yellow;44;Red;9;Black;211;ON SHIP: White;0;Green;0;Yellow;0;Red;0;Evacuees to Transfer;
1961.85,640,evacuee,outES,Evacuee 444 in triage category Y is not assigned a helicopter
1961.85,640,evacuee,,Evacuee;444;in triage state;R;is at the evacuation site
1967.42,3,evacueeManager,,OFF SHIP: White;0;Green;236;Yellow;44;Red;8;Black;212;ON SHIP: White;0;Green;0;Yellow;0;Red;0;Evacuees to Transfer;
1967.42,232,evacuee,outES,Evacuee 369 in triage category R is not assigned a helicopter
1967.42,232,evacuee,,Evacuee;369;in triage state;B;is at the evacuation site
1968.96,3,evacueeManager,,OFF SHIP: White;0;Green;236;Yellow;43;Red;9;Black;212;ON SHIP: White;0;Green;0;Yellow;0;Red;0;Evacuees to Transfer;
1968.96,1446,evacuee,outES,Evacuee 164 in triage category Y is not assigned a helicopter
1968.96,1446,evacuee,,Evacuee;164;in triage state;R;is at the evacuation site
1969.65,3,evacueeManager,,OFF SHIP: White;0;Green;235;Yellow;44;Red;9;Black;212;ON SHIP: White;0;Green;0;Yellow;0;Red;0;Evacuees to Transfer;
1969.65,442,evacuee,outES,Evacuee 264 in triage category G is not assigned a helicopter
1969.65,442,evacuee,,Evacuee;264;in triage state;Y;is at the evacuation site
1972.24,3,evacueeManager,,OFF SHIP: White;0;Green;235;Yellow;44;Red;8;Black;213;ON SHIP: White;0;Green;0;Yellow;0;Red;0;Evacuees to Transfer;
1972.24,286,evacuee,outES,Evacuee 330 in triage category R is not assigned a helicopter
1972.24,286,evacuee,,Evacuee;330;in triage state;B;is at the evacuation site
1980.51,3,evacueeManager,,OFF SHIP: White;0;Green;235;Yellow;43;Red;9;Black;213;ON SHIP: White;0;Green;0;Yellow;0;Red;0;Evacuees to Transfer;
1980.51,643,evacuee,outES,Evacuee 80 in triage category Y is not assigned a helicopter
1980.51,643,evacuee,,Evacuee;80;in triage state;R;is at the evacuation site
1981.95,3,evacueeManager,,OFF SHIP: White;0;Green;235;Yellow;43;Red;8;Black;214;ON SHIP: White;0;Green;0;Yellow;0;Red;0;Evacuees to Transfer;
1981.95,640,evacuee,outES,Evacuee 444 in triage category R is not assigned a helicopter
1981.95,640,evacuee,,Evacuee;444;in triage state;B;is at the evacuation site
1982.78,3,evacueeManager,,OFF SHIP: White;0;Green;235;Yellow;43;Red;7;Black;215;ON SHIP: White;0;Green;0;Yellow;0;Red;0;Evacuees to Transfer;
1982.78,1102,evacuee,outES,Evacuee 50 in triage category R is not assigned a helicopter
1982.78,1102,evacuee,,Evacuee;50;in triage state;B;is at the evacuation site
1987.14,3,evacueeManager,,OFF SHIP: White;0;Green;235;Yellow;42;Red;8;Black;215;ON SHIP: White;0;Green;0;Yellow;0;Red;0;Evacuees to Transfer;
1987.14,712,evacuee,outES,Evacuee 62 in triage category Y is not assigned a helicopter
1987.14,712,evacuee,,Evacuee;62;in triage state;R;is at the evacuation site
1989.77,3,evacueeManager,,OFF SHIP: White;0;Green;234;Yellow;43;Red;8;Black;215;ON SHIP: White;0;Green;0;Yellow;0;Red;0;Evacuees to Transfer;
1989.77,1314,evacuee,outES,Evacuee 58 in triage category G is not assigned a helicopter
1989.77,1314,evacuee,,Evacuee;58;in triage state;Y;is at the evacuation site
1996.26,3,evacueeManager,,OFF SHIP: White;0;Green;234;Yellow;43;Red;7;Black;216;ON SHIP: White;0;Green;0;Yellow;0;Red;0;Evacuees to Transfer;
1996.26,1380,evacuee,outES,Evacuee 11 in triage category R is not assigned a helicopter
1996.26,1380,evacuee,,Evacuee;11;in triage state;B;is at the evacuation site
1996.69,3,evacueeManager,,OFF SHIP: White;0;Green;233;Yellow;44;Red;7;Black;216;ON SHIP: White;0;Green;0;Yellow;0;Red;0;Evacuees to Transfer;
1996.69,1449,evacuee,outES,Evacuee 226 in triage category G is not assigned a helicopter
1996.69,1449,evacuee,,Evacuee;226;in triage state;Y;is at the evacuation site
1998.12,3,evacueeManager,,OFF SHIP: White;0;Green;232;Yellow;45;Red;7;Black;216;ON SHIP: White;0;Green;0;Yellow;0;Red;0;Evacuees to Transfer;
1998.12,781,evacuee,outES,Evacuee 110 in triage category G is not assigned a helicopter
1998.12,781,evacuee,,Evacuee;110;in triage state;Y;is at the evacuation site
1998.8,3,evacueeManager,,OFF SHIP: White;0;Green;232;Yellow;45;Red;6;Black;217;ON SHIP: White;0;Green;0;Yellow;0;Red;0;Evacuees to Transfer;
1998.8,643,evacuee,outES,Evacuee 80 in triage category R is not assigned a helicopter
1998.8,643,evacuee,,Evacuee;80;in triage state;B;is at the evacuation site
2005.47,3,evacueeManager,,OFF SHIP: White;0;Green;232;Yellow;44;Red;7;Black;217;ON SHIP: White;0;Green;0;Yellow;0;Red;0;Evacuees to Transfer;
2005.47,86,evacuee,outES,Evacuee 445 in triage category Y is not assigned a helicopter
2005.47,86,evacuee,,Evacuee;445;in triage state;R;is at the evacuation site
2007.33,3,evacueeManager,,OFF SHIP: White;0;Green;232;Yellow;43;Red;8;Black;217;ON SHIP: White;0;Green;0;Yellow;0;Red;0;Evacuees to Transfer;
2007.33,1299,evacuee,outES,Evacuee 170 in triage category Y is not assigned a helicopter
2007.33,1299,evacuee,,Evacuee;170;in triage state;R;is at the evacuation site
2012.23,3,evacueeManager,,OFF SHIP: White;0;Green;231;Yellow;44;Red;8;Black;217;ON SHIP: White;0;Green;0;Yellow;0;Red;0;Evacuees to Transfer;
2012.23,307,evacuee,outES,Evacuee 365 in triage category G is not assigned a helicopter
2012.23,307,evacuee,,Evacuee;365;in triage state;Y;is at the evacuation site
2013.78,3,evacueeManager,,OFF SHIP: White;0;Green;230;Yellow;45;Red;8;Black;217;ON SHIP: White;0;Green;0;Yellow;0;Red;0;Evacuees to Transfer;
2013.78,646,evacuee,outES,Evacuee 79 in triage category G is not assigned a helicopter
2013.78,646,evacuee,,Evacuee;79;in triage state;Y;is at the evacuation site
2020.4,3,evacueeManager,,OFF SHIP: White;0;Green;230;Yellow;45;Red;7;Black;218;ON SHIP: White;0;Green;0;Yellow;0;Red;0;Evacuees to Transfer;
2020.4,1515,evacuee,outES,Evacuee 210 in triage category R is not assigned a helicopter
2020.4,1515,evacuee,,Evacuee;210;in triage state;B;is at the evacuation site
2026.29,3,evacueeManager,,OFF SHIP: White;0;Green;230;Yellow;45;Red;6;Black;219;ON SHIP: White;0;Green;0;Yellow;0;Red;0;Evacuees to Transfer;
2026.29,1446,evacuee,outES,Evacuee 164 in triage category R is not assigned a helicopter
2026.29,1446,evacuee,,Evacuee;164;in triage state;B;is at the evacuation site
2028.09,3,evacueeManager,,OFF SHIP: White;0;Green;229;Yellow;46;Red;6;Black;219;ON SHIP: White;0;Green;0;Yellow;0;Red;0;Evacuees to Transfer;
2028.09,1182,evacuee,outES,Evacuee 416 in triage category G is not assigned a helicopter
2028.09,1182,evacuee,,Evacuee;416;in triage state;Y;is at the evacuation site
2036.33,3,evacueeManager,,OFF SHIP: White;0;Green;228;Yellow;47;Red;6;Black;219;ON SHIP: White;0;Green;0;Yellow;0;Red;0;Evacuees to Transfer;
2036.33,1383,evacuee,outES,Evacuee 202 in triage category G is not assigned a helicopter
2036.33,1383,evacuee,,Evacuee;202;in triage state;Y;is at the evacuation site
2053.58,3,evacueeManager,,OFF SHIP: White;0;Green;228;Yellow;46;Red;7;Black;219;ON SHIP: White;0;Green;0;Yellow;0;Red;0;Evacuees to Transfer;
2053.58,778,evacuee,outES,Evacuee 229 in triage category Y is not assigned a helicopter
2053.58,778,evacuee,,Evacuee;229;in triage state;R;is at the evacuation site
2053.89,3,evacueeManager,,OFF SHIP: White;0;Green;228;Yellow;46;Red;6;Black;220;ON SHIP: White;0;Green;0;Yellow;0;Red;0;Evacuees to Transfer;
2053.89,712,evacuee,outES,Evacuee 62 in triage category R is not assigned a helicopter
2053.89,712,evacuee,,Evacuee;62;in triage state;B;is at the evacuation site
2055.12,3,evacueeManager,,OFF SHIP: White;0;Green;228;Yellow;45;Red;7;Black;220;ON SHIP: White;0;Green;0;Yellow;0;Red;0;Evacuees to Transfer;
2055.12,1311,evacuee,outES,Evacuee 435 in triage category Y is not assigned a helicopter
2055.12,1311,evacuee,,Evacuee;435;in triage state;R;is at the evacuation site
2056.8,3,evacueeManager,,OFF SHIP: White;0;Green;227;Yellow;46;Red;7;Black;220;ON SHIP: White;0;Green;0;Yellow;0;Red;0;Evacuees to Transfer;
2056.8,1248,evacuee,outES,Evacuee 28 in triage category G is not assigned a helicopter
2056.8,1248,evacuee,,Evacuee;28;in triage state;Y;is at the evacuation site
2058.6,3,evacueeManager,,OFF SHIP: White;0;Green;226;Yellow;47;Red;7;Black;220;ON SHIP: White;0;Green;0;Yellow;0;Red;0;Evacuees to Transfer;
2058.6,850,evacuee,outES,Evacuee 240 in triage category G is not assigned a helicopter
2058.6,850,evacuee,,Evacuee;240;in triage state;Y;is at the evacuation site
2066.37,3,evacueeManager,,OFF SHIP: White;0;Green;225;Yellow;48;Red;7;Black;220;ON SHIP: White;0;Green;0;Yellow;0;Red;0;Evacuees to Transfer;
2066.37,1518,evacuee,outES,Evacuee 258 in triage category G is not assigned a helicopter
2066.37,1518,evacuee,,Evacuee;258;in triage state;Y;is at the evacuation site
2068.17,3,evacueeManager,,OFF SHIP: White;0;Green;224;Yellow;49;Red;7;Black;220;ON SHIP: White;0;Green;0;Yellow;0;Red;0;Evacuees to Transfer;
2068.17,1108,evacuee,outES,Evacuee 182 in triage category G is not assigned a helicopter
2068.17,1108,evacuee,,Evacuee;182;in triage state;Y;is at the evacuation site
2070.56,3,evacueeManager,,OFF SHIP: White;0;Green;224;Yellow;48;Red;8;Black;220;ON SHIP: White;0;Green;0;Yellow;0;Red;0;Evacuees to Transfer;
2070.56,904,evacuee,outES,Evacuee 6 in triage category Y is not assigned a helicopter
2070.56,904,evacuee,,Evacuee;6;in triage state;R;is at the evacuation site
2071.49,3,evacueeManager,,OFF SHIP: White;0;Green;224;Yellow;47;Red;9;Black;220;ON SHIP: White;0;Green;0;Yellow;0;Red;0;Evacuees to Transfer;
2071.49,355,evacuee,outES,Evacuee 295 in triage category Y is not assigned a helicopter
2071.49,355,evacuee,,Evacuee;295;in triage state;R;is at the evacuation site
2083.37,3,evacueeManager,,OFF SHIP: White;0;Green;224;Yellow;47;Red;8;Black;221;ON SHIP: White;0;Green;0;Yellow;0;Red;0;Evacuees to Transfer;
2083.37,565,evacuee,outES,Evacuee 124 in triage category R is not assigned a helicopter
2083.37,565,evacuee,,Evacuee;124;in triage state;B;is at the evacuation site
2086.6,3,evacueeManager,,OFF SHIP: White;0;Green;223;Yellow;48;Red;8;Black;221;ON SHIP: White;0;Green;0;Yellow;0;Red;0;Evacuees to Transfer;
2086.6,98,evacuee,outES,Evacuee 437 in triage category G is not assigned a helicopter
2086.6,98,evacuee,,Evacuee;437;in triage state;Y;is at the evacuation site
2100.73,3,evacueeManager,,OFF SHIP: White;0;Green;223;Yellow;47;Red;9;Black;221;ON SHIP: White;0;Green;0;Yellow;0;Red;0;Evacuees to Transfer;
2100.73,1108,evacuee,outES,Evacuee 182 in triage category Y is not assigned a helicopter
2100.73,1108,evacuee,,Evacuee;182;in triage state;R;is at the evacuation site
2107.21,3,evacueeManager,,OFF SHIP: White;0;Green;222;Yellow;48;Red;9;Black;221;ON SHIP: White;0;Green;0;Yellow;0;Red;0;Evacuees to Transfer;
2107.21,715,evacuee,outES,Evacuee 223 in triage category G is not assigned a helicopter
2107.21,715,evacuee,,Evacuee;223;in triage state;Y;is at the evacuation site
2119.69,3,evacueeManager,,OFF SHIP: White;0;Green;221;Yellow;49;Red;9;Black;221;ON SHIP: White;0;Green;0;Yellow;0;Red;0;Evacuees to Transfer;
2119.69,376,evacuee,outES,Evacuee 290 in triage category G is not assigned a helicopter
2119.69,376,evacuee,,Evacuee;290;in triage state;Y;is at the evacuation site
2122.41,3,evacueeManager,,OFF SHIP: White;0;Green;221;Yellow;48;Red;10;Black;221;ON SHIP: White;0;Green;0;Yellow;0;Red;0;Evacuees to Transfer;
2122.41,424,evacuee,outES,Evacuee 274 in triage category Y is not assigned a helicopter
2122.41,424,evacuee,,Evacuee;274;in triage state;R;is at the evacuation site
2125.25,3,evacueeManager,,OFF SHIP: White;0;Green;221;Yellow;47;Red;11;Black;221;ON SHIP: White;0;Green;0;Yellow;0;Red;0;Evacuees to Transfer;
2125.25,775,evacuee,outES,Evacuee 107 in triage category Y is not assigned a helicopter
2125.25,775,evacuee,,Evacuee;107;in triage state;R;is at the evacuation site
2130.04,3,evacueeManager,,OFF SHIP: White;0;Green;220;Yellow;48;Red;11;Black;221;ON SHIP: White;0;Green;0;Yellow;0;Red;0;Evacuees to Transfer;
2130.04,171,evacuee,outES,Evacuee 393 in triage category G is not assigned a helicopter
2130.04,171,evacuee,,Evacuee;393;in triage state;Y;is at the evacuation site
2134.58,3,evacueeManager,,OFF SHIP: White;0;Green;220;Yellow;48;Red;10;Black;222;ON SHIP: White;0;Green;0;Yellow;0;Red;0;Evacuees to Transfer;
2134.58,571,evacuee,outES,Evacuee 39 in triage category R is not assigned a helicopter
2134.58,571,evacuee,,Evacuee;39;in triage state;B;is at the evacuation site
2140.49,3,evacueeManager,,OFF SHIP: White;0;Green;220;Yellow;48;Red;9;Black;223;ON SHIP: White;0;Green;0;Yellow;0;Red;0;Evacuees to Transfer;
2140.49,1311,evacuee,outES,Evacuee 435 in triage category R is not assigned a helicopter
2140.49,1311,evacuee,,Evacuee;435;in triage state;B;is at the evacuation site
2148.76,3,evacueeManager,,OFF SHIP: White;0;Green;219;Yellow;49;Red;9;Black;223;ON SHIP: White;0;Green;0;Yellow;0;Red;0;Evacuees to Transfer;
2148.76,907,evacuee,outES,Evacuee 173 in triage category G is not assigned a helicopter
2148.76,907,evacuee,,Evacuee;173;in triage state;Y;is at the evacuation site
2150.13,3,evacueeManager,,OFF SHIP: White;0;Green;219;Yellow;48;Red;10;Black;223;ON SHIP: White;0;Green;0;Yellow;0;Red;0;Evacuees to Transfer;
2150.13,89,evacuee,outES,Evacuee 442 in triage category Y is not assigned a helicopter
2150.13,89,evacuee,,Evacuee;442;in triage state;R;is at the evacuation site
2157.24,3,evacueeManager,,OFF SHIP: White;0;Green;219;Yellow;47;Red;11;Black;223;ON SHIP: White;0;Green;0;Yellow;0;Red;0;Evacuees to Transfer;
2157.24,1518,evacuee,outES,Evacuee 258 in triage category Y is not assigned a helicopter
2157.24,1518,evacuee,,Evacuee;258;in triage state;R;is at the evacuation site
2165.46,3,evacueeManager,,OFF SHIP: White;0;Green;219;Yellow;46;Red;12;Black;223;ON SHIP: White;0;Green;0;Yellow;0;Red;0;Evacuees to Transfer;
2165.46,1039,evacuee,outES,Evacuee 429 in triage category Y is not assigned a helicopter
2165.46,1039,evacuee,,Evacuee;429;in triage state;R;is at the evacuation site
2169.56,3,evacueeManager,,OFF SHIP: White;0;Green;219;Yellow;45;Red;13;Black;223;ON SHIP: White;0;Green;0;Yellow;0;Red;0;Evacuees to Transfer;
2169.56,1105,evacuee,outES,Evacuee 19 in triage category Y is not assigned a helicopter
2169.56,1105,evacuee,,Evacuee;19;in triage state;R;is at the evacuation site
2170.95,3,evacueeManager,,OFF SHIP: White;0;Green;219;Yellow;44;Red;14;Black;223;ON SHIP: White;0;Green;0;Yellow;0;Red;0;Evacuees to Transfer;
2170.95,307,evacuee,outES,Evacuee 365 in triage category Y is not assigned a helicopter
2170.95,307,evacuee,,Evacuee;365;in triage state;R;is at the evacuation site
2171.24,3,evacueeManager,,OFF SHIP: White;0;Green;219;Yellow;44;Red;13;Black;224;ON SHIP: White;0;Green;0;Yellow;0;Red;0;Evacuees to Transfer;
2171.24,775,evacuee,outES,Evacuee 107 in triage category R is not assigned a helicopter
2171.24,775,evacuee,,Evacuee;107;in triage state;B;is at the evacuation site
2173.13,3,evacueeManager,,OFF SHIP: White;0;Green;219;Yellow;43;Red;14;Black;224;ON SHIP: White;0;Green;0;Yellow;0;Red;0;Evacuees to Transfer;
2173.13,895,evacuee,outES,Evacuee 44 in triage category Y is not assigned a helicopter
2173.13,895,evacuee,,Evacuee;44;in triage state;R;is at the evacuation site
2175.2,3,evacueeManager,,OFF SHIP: White;0;Green;218;Yellow;44;Red;14;Black;224;ON SHIP: White;0;Green;0;Yellow;0;Red;0;Evacuees to Transfer;
2175.2,1042,evacuee,outES,Evacuee 102 in triage category G is not assigned a helicopter
2175.2,1042,evacuee,,Evacuee;102;in triage state;Y;is at the evacuation site
2178.75,3,evacueeManager,,OFF SHIP: White;0;Green;218;Yellow;43;Red;15;Black;224;ON SHIP: White;0;Green;0;Yellow;0;Red;0;Evacuees to Transfer;
2178.75,1314,evacuee,outES,Evacuee 58 in triage category Y is not assigned a helicopter
2178.75,1314,evacuee,,Evacuee;58;in triage state;R;is at the evacuation site
2179.27,3,evacueeManager,,OFF SHIP: White;0;Green;218;Yellow;43;Red;14;Black;225;ON SHIP: White;0;Green;0;Yellow;0;Red;0;Evacuees to Transfer;
2179.27,1299,evacuee,outES,Evacuee 170 in triage category R is not assigned a helicopter
2179.27,1299,evacuee,,Evacuee;170;in triage state;B;is at the evacuation site
2179.58,3,evacueeManager,,OFF SHIP: White;0;Green;218;Yellow;42;Red;15;Black;225;ON SHIP: White;0;Green;0;Yellow;0;Red;0;Evacuees to Transfer;
2179.58,973,evacuee,outES,Evacuee 61 in triage category Y is not assigned a helicopter
2179.58,973,evacuee,,Evacuee;61;in triage state;R;is at the evacuation site
2187.86,3,evacueeManager,,OFF SHIP: White;0;Green;218;Yellow;42;Red;14;Black;226;ON SHIP: White;0;Green;0;Yellow;0;Red;0;Evacuees to Transfer;
2187.86,973,evacuee,outES,Evacuee 61 in triage category R is not assigned a helicopter
2187.86,973,evacuee,,Evacuee;61;in triage state;B;is at the evacuation site
2192.79,3,evacueeManager,,OFF SHIP: White;0;Green;218;Yellow;42;Red;13;Black;227;ON SHIP: White;0;Green;0;Yellow;0;Red;0;Evacuees to Transfer;
2192.79,89,evacuee,outES,Evacuee 442 in triage category R is not assigned a helicopter
2192.79,89,evacuee,,Evacuee;442;in triage state;B;is at the evacuation site
2194.81,3,evacueeManager,,OFF SHIP: White;0;Green;218;Yellow;42;Red;12;Black;228;ON SHIP: White;0;Green;0;Yellow;0;Red;0;Evacuees to Transfer;
2194.81,307,evacuee,outES,Evacuee 365 in triage category R is not assigned a helicopter
2194.81,307,evacuee,,Evacuee;365;in triage state;B;is at the evacuation site
2197.58,3,evacueeManager,,OFF SHIP: White;0;Green;218;Yellow;42;Red;11;Black;229;ON SHIP: White;0;Green;0;Yellow;0;Red;0;Evacuees to Transfer;
2197.58,778,evacuee,outES,Evacuee 229 in triage category R is not assigned a helicopter
2197.58,778,evacuee,,Evacuee;229;in triage state;B;is at the evacuation site
2197.98,3,evacueeManager,,OFF SHIP: White;0;Green;217;Yellow;43;Red;11;Black;229;ON SHIP: White;0;Green;0;Yellow;0;Red;0;Evacuees to Transfer;
2197.98,976,evacuee,outES,Evacuee 52 in triage category G is not assigned a helicopter
2197.98,976,evacuee,,Evacuee;52;in triage state;Y;is at the evacuation site
2198.22,3,evacueeManager,,OFF SHIP: White;0;Green;216;Yellow;44;Red;11;Black;229;ON SHIP: White;0;Green;0;Yellow;0;Red;0;Evacuees to Transfer;
2198.22,241,evacuee,outES,Evacuee 425 in triage category G is not assigned a helicopter
2198.22,241,evacuee,,Evacuee;425;in triage state;Y;is at the evacuation site
2199.87,3,evacueeManager,,OFF SHIP: White;0;Green;215;Yellow;45;Red;11;Black;229;ON SHIP: White;0;Green;0;Yellow;0;Red;0;Evacuees to Transfer;
2199.87,580,evacuee,outES,Evacuee 101 in triage category G is not assigned a helicopter
2199.87,580,evacuee,,Evacuee;101;in triage state;Y;is at the evacuation site
2202.72,3,evacueeManager,,OFF SHIP: White;0;Green;215;Yellow;45;Red;10;Black;230;ON SHIP: White;0;Green;0;Yellow;0;Red;0;Evacuees to Transfer;
2202.72,1512,evacuee,outES,Evacuee 257 in triage category R is not assigned a helicopter
2202.72,1512,evacuee,,Evacuee;257;in triage state;B;is at the evacuation site
2203.41,3,evacueeManager,,OFF SHIP: White;0;Green;214;Yellow;46;Red;10;Black;230;ON SHIP: White;0;Green;0;Yellow;0;Red;0;Evacuees to Transfer;
2203.41,514,evacuee,outES,Evacuee 215 in triage category G is not assigned a helicopter
2203.41,514,evacuee,,Evacuee;215;in triage state;Y;is at the evacuation site
2205.02,3,evacueeManager,,OFF SHIP: White;0;Green;214;Yellow;46;Red;9;Black;231;ON SHIP: White;0;Green;0;Yellow;0;Red;0;Evacuees to Transfer;
2205.02,904,evacuee,outES,Evacuee 6 in triage category R is not assigned a helicopter
2205.02,904,evacuee,,Evacuee;6;in triage state;B;is at the evacuation site
2215.38,3,evacueeManager,,OFF SHIP: White;0;Green;214;Yellow;46;Red;8;Black;232;ON SHIP: White;0;Green;0;Yellow;0;Red;0;Evacuees to Transfer;
2215.38,1039,evacuee,outES,Evacuee 429 in triage category R is not assigned a helicopter
2215.38,1039,evacuee,,Evacuee;429;in triage state;B;is at the evacuation site
2217.9,3,evacueeManager,,OFF SHIP: White;0;Green;214;Yellow;46;Red;7;Black;233;ON SHIP: White;0;Green;0;Yellow;0;Red;0;Evacuees to Transfer;
2217.9,1518,evacuee,outES,Evacuee 258 in triage category R is not assigned a helicopter
2217.9,1518,evacuee,,Evacuee;258;in triage state;B;is at the evacuation site
2223.17,3,evacueeManager,,OFF SHIP: White;0;Green;214;Yellow;46;Red;6;Black;234;ON SHIP: White;0;Green;0;Yellow;0;Red;0;Evacuees to Transfer;
2223.17,1105,evacuee,outES,Evacuee 19 in triage category R is not assigned a helicopter
2223.17,1105,evacuee,,Evacuee;19;in triage state;B;is at the evacuation site
2229.06,3,evacueeManager,,OFF SHIP: White;0;Green;214;Yellow;45;Red;7;Black;234;ON SHIP: White;0;Green;0;Yellow;0;Red;0;Evacuees to Transfer;
2229.06,165,evacuee,outES,Evacuee 396 in triage category Y is not assigned a helicopter
2229.06,165,evacuee,,Evacuee;396;in triage state;R;is at the evacuation site
2231.31,3,evacueeManager,,OFF SHIP: White;0;Green;213;Yellow;46;Red;7;Black;234;ON SHIP: White;0;Green;0;Yellow;0;Red;0;Evacuees to Transfer;
2231.31,445,evacuee,outES,Evacuee 262 in triage category G is not assigned a helicopter
2231.31,445,evacuee,,Evacuee;262;in triage state;Y;is at the evacuation site
2233.22,3,evacueeManager,,OFF SHIP: White;0;Green;213;Yellow;45;Red;8;Black;234;ON SHIP: White;0;Green;0;Yellow;0;Red;0;Evacuees to Transfer;
2233.22,1245,evacuee,outES,Evacuee 161 in triage category Y is not assigned a helicopter
2233.22,1245,evacuee,,Evacuee;161;in triage state;R;is at the evacuation site
2235.68,3,evacueeManager,,OFF SHIP: White;0;Green;213;Yellow;44;Red;9;Black;234;ON SHIP: White;0;Green;0;Yellow;0;Red;0;Evacuees to Transfer;
2235.68,1096,evacuee,outES,Evacuee 48 in triage category Y is not assigned a helicopter
2235.68,1096,evacuee,,Evacuee;48;in triage state;R;is at the evacuation site
2237.39,3,evacueeManager,,OFF SHIP: White;0;Green;213;Yellow;44;Red;8;Black;235;ON SHIP: White;0;Green;0;Yellow;0;Red;0;Evacuees to Transfer;
2237.39,424,evacuee,outES,Evacuee 274 in triage category R is not assigned a helicopter
2237.39,424,evacuee,,Evacuee;274;in triage state;B;is at the evacuation site
2239.86,3,evacueeManager,,OFF SHIP: White;0;Green;213;Yellow;43;Red;9;Black;235;ON SHIP: White;0;Green;0;Yellow;0;Red;0;Evacuees to Transfer;
2239.86,1042,evacuee,outES,Evacuee 102 in triage category Y is not assigned a helicopter
2239.86,1042,evacuee,,Evacuee;102;in triage state;R;is at the evacuation site
2241.9,3,evacueeManager,,OFF SHIP: White;0;Green;213;Yellow;43;Red;8;Black;236;ON SHIP: White;0;Green;0;Yellow;0;Red;0;Evacuees to Transfer;
2241.9,1245,evacuee,outES,Evacuee 161 in triage category R is not assigned a helicopter
2241.9,1245,evacuee,,Evacuee;161;in triage state;B;is at the evacuation site
2243.83,3,evacueeManager,,OFF SHIP: White;0;Green;213;Yellow;42;Red;9;Black;236;ON SHIP: White;0;Green;0;Yellow;0;Red;0;Evacuees to Transfer;
2243.83,156,evacuee,outES,Evacuee 398 in triage category Y is not assigned a helicopter
2243.83,156,evacuee,,Evacuee;398;in triage state;R;is at the evacuation site
2245.09,3,evacueeManager,,OFF SHIP: White;0;Green;213;Yellow;41;Red;10;Black;236;ON SHIP: White;0;Green;0;Yellow;0;Red;0;Evacuees to Transfer;
2245.09,373,evacuee,outES,Evacuee 291 in triage category Y is not assigned a helicopter
2245.09,373,evacuee,,Evacuee;291;in triage state;R;is at the evacuation site
2258.28,3,evacueeManager,,OFF SHIP: White;0;Green;212;Yellow;42;Red;10;Black;236;ON SHIP: White;0;Green;0;Yellow;0;Red;0;Evacuees to Transfer;
2258.28,1317,evacuee,outES,Evacuee 203 in triage category G is not assigned a helicopter
2258.28,1317,evacuee,,Evacuee;203;in triage state;Y;is at the evacuation site
2258.68,3,evacueeManager,,OFF SHIP: White;0;Green;212;Yellow;42;Red;9;Black;237;ON SHIP: White;0;Green;0;Yellow;0;Red;0;Evacuees to Transfer;
2258.68,355,evacuee,outES,Evacuee 295 in triage category R is not assigned a helicopter
2258.68,355,evacuee,,Evacuee;295;in triage state;B;is at the evacuation site
2261.89,3,evacueeManager,,OFF SHIP: White;0;Green;212;Yellow;42;Red;8;Black;238;ON SHIP: White;0;Green;0;Yellow;0;Red;0;Evacuees to Transfer;
2261.89,1314,evacuee,outES,Evacuee 58 in triage category R is not assigned a helicopter
2261.89,1314,evacuee,,Evacuee;58;in triage state;B;is at the evacuation site
2262.5,3,evacueeManager,,OFF SHIP: White;0;Green;211;Yellow;43;Red;8;Black;238;ON SHIP: White;0;Green;0;Yellow;0;Red;0;Evacuees to Transfer;
2262.5,784,evacuee,outES,Evacuee 141 in triage category G is not assigned a helicopter
2262.5,784,evacuee,,Evacuee;141;in triage state;Y;is at the evacuation site
2265.88,3,evacueeManager,,OFF SHIP: White;0;Green;210;Yellow;44;Red;8;Black;238;ON SHIP: White;0;Green;0;Yellow;0;Red;0;Evacuees to Transfer;
2265.88,1452,evacuee,outES,Evacuee 464 in triage category G is not assigned a helicopter
2265.88,1452,evacuee,,Evacuee;464;in triage state;Y;is at the evacuation site
2269.75,3,evacueeManager,,OFF SHIP: White;0;Green;209;Yellow;45;Red;8;Black;238;ON SHIP: White;0;Green;0;Yellow;0;Red;0;Evacuees to Transfer;
2269.75,649,evacuee,outES,Evacuee 115 in triage category G is not assigned a helicopter
2269.75,649,evacuee,,Evacuee;115;in triage state;Y;is at the evacuation site
2273.01,3,evacueeManager,,OFF SHIP: White;0;Green;208;Yellow;46;Red;8;Black;238;ON SHIP: White;0;Green;0;Yellow;0;Red;0;Evacuees to Transfer;
2273.01,310,evacuee,outES,Evacuee 322 in triage category G is not assigned a helicopter
2273.01,310,evacuee,,Evacuee;322;in triage state;Y;is at the evacuation site
2273.96,3,evacueeManager,,OFF SHIP: White;0;Green;208;Yellow;46;Red;7;Black;239;ON SHIP: White;0;Green;0;Yellow;0;Red;0;Evacuees to Transfer;
2273.96,156,evacuee,outES,Evacuee 398 in triage category R is not assigned a helicopter
2273.96,156,evacuee,,Evacuee;398;in triage state;B;is at the evacuation site
2280.64,3,evacueeManager,,OFF SHIP: White;0;Green;208;Yellow;45;Red;8;Black;239;ON SHIP: White;0;Green;0;Yellow;0;Red;0;Evacuees to Transfer;
2280.64,970,evacuee,outES,Evacuee 116 in triage category Y is not assigned a helicopter
2280.64,970,evacuee,,Evacuee;116;in triage state;R;is at the evacuation site
2281.48,3,evacueeManager,,OFF SHIP: White;0;Green;208;Yellow;44;Red;9;Black;239;ON SHIP: White;0;Green;0;Yellow;0;Red;0;Evacuees to Transfer;
2281.48,715,evacuee,outES,Evacuee 223 in triage category Y is not assigned a helicopter
2281.48,715,evacuee,,Evacuee;223;in triage state;R;is at the evacuation site
2295.85,3,evacueeManager,,OFF SHIP: White;0;Green;208;Yellow;43;Red;10;Black;239;ON SHIP: White;0;Green;0;Yellow;0;Red;0;Evacuees to Transfer;
2295.85,637,evacuee,outES,Evacuee 51 in triage category Y is not assigned a helicopter
2295.85,637,evacuee,,Evacuee;51;in triage state;R;is at the evacuation site
2298.37,3,evacueeManager,,OFF SHIP: White;0;Green;208;Yellow;43;Red;9;Black;240;ON SHIP: White;0;Green;0;Yellow;0;Red;0;Evacuees to Transfer;
2298.37,1108,evacuee,outES,Evacuee 182 in triage category R is not assigned a helicopter
2298.37,1108,evacuee,,Evacuee;182;in triage state;B;is at the evacuation site
2299.36,3,evacueeManager,,OFF SHIP: White;0;Green;208;Yellow;42;Red;10;Black;240;ON SHIP: White;0;Green;0;Yellow;0;Red;0;Evacuees to Transfer;
2299.36,580,evacuee,outES,Evacuee 101 in triage category Y is not assigned a helicopter
2299.36,580,evacuee,,Evacuee;101;in triage state;R;is at the evacuation site
2300.06,3,evacueeManager,,OFF SHIP: White;0;Green;208;Yellow;41;Red;11;Black;240;ON SHIP: White;0;Green;0;Yellow;0;Red;0;Evacuees to Transfer;
2300.06,514,evacuee,outES,Evacuee 215 in triage category Y is not assigned a helicopter
2300.06,514,evacuee,,Evacuee;215;in triage state;R;is at the evacuation site
2300.86,3,evacueeManager,,OFF SHIP: White;0;Green;208;Yellow;41;Red;10;Black;241;ON SHIP: White;0;Green;0;Yellow;0;Red;0;Evacuees to Transfer;
2300.86,1042,evacuee,outES,Evacuee 102 in triage category R is not assigned a helicopter
2300.86,1042,evacuee,,Evacuee;102;in triage state;B;is at the evacuation site
2309.43,3,evacueeManager,,OFF SHIP: White;0;Green;207;Yellow;42;Red;10;Black;241;ON SHIP: White;0;Green;0;Yellow;0;Red;0;Evacuees to Transfer;
2309.43,1386,evacuee,outES,Evacuee 390 in triage category G is not assigned a helicopter
2309.43,1386,evacuee,,Evacuee;390;in triage state;Y;is at the evacuation site
2310.41,3,evacueeManager,,OFF SHIP: White;0;Green;206;Yellow;43;Red;10;Black;241;ON SHIP: White;0;Green;0;Yellow;0;Red;0;Evacuees to Transfer;
2310.41,1185,evacuee,outES,Evacuee 129 in triage category G is not assigned a helicopter
2310.41,1185,evacuee,,Evacuee;129;in triage state;Y;is at the evacuation site
2320.44,3,evacueeManager,,OFF SHIP: White;0;Green;206;Yellow;42;Red;11;Black;241;ON SHIP: White;0;Green;0;Yellow;0;Red;0;Evacuees to Transfer;
2320.44,709,evacuee,outES,Evacuee 66 in triage category Y is not assigned a helicopter
2320.44,709,evacuee,,Evacuee;66;in triage state;R;is at the evacuation site
2324.08,3,evacueeManager,,OFF SHIP: White;0;Green;206;Yellow;41;Red;12;Black;241;ON SHIP: White;0;Green;0;Yellow;0;Red;0;Evacuees to Transfer;
2324.08,781,evacuee,outES,Evacuee 110 in triage category Y is not assigned a helicopter
2324.08,781,evacuee,,Evacuee;110;in triage state;R;is at the evacuation site
2328.87,3,evacueeManager,,OFF SHIP: White;0;Green;205;Yellow;42;Red;12;Black;241;ON SHIP: White;0;Green;0;Yellow;0;Red;0;Evacuees to Transfer;
2328.87,853,evacuee,outES,Evacuee 8 in triage category G is not assigned a helicopter
2328.87,853,evacuee,,Evacuee;8;in triage state;Y;is at the evacuation site
2331.88,3,evacueeManager,,OFF SHIP: White;0;Green;205;Yellow;41;Red;13;Black;241;ON SHIP: White;0;Green;0;Yellow;0;Red;0;Evacuees to Transfer;
2331.88,238,evacuee,outES,Evacuee 362 in triage category Y is not assigned a helicopter
2331.88,238,evacuee,,Evacuee;362;in triage state;R;is at the evacuation site
2335.3,3,evacueeManager,,OFF SHIP: White;0;Green;205;Yellow;40;Red;14;Black;241;ON SHIP: White;0;Green;0;Yellow;0;Red;0;Evacuees to Transfer;
2335.3,1449,evacuee,outES,Evacuee 226 in triage category Y is not assigned a helicopter
2335.3,1449,evacuee,,Evacuee;226;in triage state;R;is at the evacuation site
2337.02,3,evacueeManager,,OFF SHIP: White;0;Green;204;Yellow;41;Red;14;Black;241;ON SHIP: White;0;Green;0;Yellow;0;Red;0;Evacuees to Transfer;
2337.02,1251,evacuee,outES,Evacuee 126 in triage category G is not assigned a helicopter
2337.02,1251,evacuee,,Evacuee;126;in triage state;Y;is at the evacuation site
2338.03,3,evacueeManager,,OFF SHIP: White;0;Green;204;Yellow;40;Red;15;Black;241;ON SHIP: White;0;Green;0;Yellow;0;Red;0;Evacuees to Transfer;
2338.03,95,evacuee,outES,Evacuee 439 in triage category Y is not assigned a helicopter
2338.03,95,evacuee,,Evacuee;439;in triage state;R;is at the evacuation site
2340.35,3,evacueeManager,,OFF SHIP: White;0;Green;204;Yellow;39;Red;16;Black;241;ON SHIP: White;0;Green;0;Yellow;0;Red;0;Evacuees to Transfer;
2340.35,439,evacuee,outES,Evacuee 270 in triage category Y is not assigned a helicopter
2340.35,439,evacuee,,Evacuee;270;in triage state;R;is at the evacuation site
2341.68,3,evacueeManager,,OFF SHIP: White;0;Green;204;Yellow;38;Red;17;Black;241;ON SHIP: White;0;Green;0;Yellow;0;Red;0;Evacuees to Transfer;
2341.68,853,evacuee,outES,Evacuee 8 in triage category Y is not assigned a helicopter
2341.68,853,evacuee,,Evacuee;8;in triage state;R;is at the evacuation site
2341.76,3,evacueeManager,,OFF SHIP: White;0;Green;204;Yellow;38;Red;16;Black;242;ON SHIP: White;0;Green;0;Yellow;0;Red;0;Evacuees to Transfer;
2341.76,238,evacuee,outES,Evacuee 362 in triage category R is not assigned a helicopter
2341.76,238,evacuee,,Evacuee;362;in triage state;B;is at the evacuation site
2344.33,3,evacueeManager,,OFF SHIP: White;0;Green;203;Yellow;39;Red;16;Black;242;ON SHIP: White;0;Green;0;Yellow;0;Red;0;Evacuees to Transfer;
2344.33,101,evacuee,outES,Evacuee 436 in triage category G is not assigned a helicopter
2344.33,101,evacuee,,Evacuee;436;in triage state;Y;is at the evacuation site
2344.63,3,evacueeManager,,OFF SHIP: White;0;Green;203;Yellow;39;Red;15;Black;243;ON SHIP: White;0;Green;0;Yellow;0;Red;0;Evacuees to Transfer;
2344.63,373,evacuee,outES,Evacuee 291 in triage category R is not assigned a helicopter
2344.63,373,evacuee,,Evacuee;291;in triage state;B;is at the evacuation site
2345.04,3,evacueeManager,,OFF SHIP: White;0;Green;203;Yellow;39;Red;14;Black;244;ON SHIP: White;0;Green;0;Yellow;0;Red;0;Evacuees to Transfer;
2345.04,970,evacuee,outES,Evacuee 116 in triage category R is not assigned a helicopter
2345.04,970,evacuee,,Evacuee;116;in triage state;B;is at the evacuation site
2352.67,3,evacueeManager,,OFF SHIP: White;0;Green;203;Yellow;39;Red;13;Black;245;ON SHIP: White;0;Green;0;Yellow;0;Red;0;Evacuees to Transfer;
2352.67,439,evacuee,outES,Evacuee 270 in triage category R is not assigned a helicopter
2352.67,439,evacuee,,Evacuee;270;in triage state;B;is at the evacuation site
2355.23,3,evacueeManager,,OFF SHIP: White;0;Green;203;Yellow;39;Red;12;Black;246;ON SHIP: White;0;Green;0;Yellow;0;Red;0;Evacuees to Transfer;
2355.23,580,evacuee,outES,Evacuee 101 in triage category R is not assigned a helicopter
2355.23,580,evacuee,,Evacuee;101;in triage state;B;is at the evacuation site
2358.61,3,evacueeManager,,OFF SHIP: White;0;Green;203;Yellow;39;Red;11;Black;247;ON SHIP: White;0;Green;0;Yellow;0;Red;0;Evacuees to Transfer;
2358.61,165,evacuee,outES,Evacuee 396 in triage category R is not assigned a helicopter
2358.61,165,evacuee,,Evacuee;396;in triage state;B;is at the evacuation site
2363.55,3,evacueeManager,,OFF SHIP: White;0;Green;203;Yellow;38;Red;12;Black;247;ON SHIP: White;0;Green;0;Yellow;0;Red;0;Evacuees to Transfer;
2363.55,168,evacuee,outES,Evacuee 395 in triage category Y is not assigned a helicopter
2363.55,168,evacuee,,Evacuee;395;in triage state;R;is at the evacuation site
2365.09,3,evacueeManager,,OFF SHIP: White;0;Green;203;Yellow;38;Red;11;Black;248;ON SHIP: White;0;Green;0;Yellow;0;Red;0;Evacuees to Transfer;
2365.09,514,evacuee,outES,Evacuee 215 in triage category R is not assigned a helicopter
2365.09,514,evacuee,,Evacuee;215;in triage state;B;is at the evacuation site
2365.51,3,evacueeManager,,OFF SHIP: White;0;Green;203;Yellow;38;Red;10;Black;249;ON SHIP: White;0;Green;0;Yellow;0;Red;0;Evacuees to Transfer;
2365.51,715,evacuee,outES,Evacuee 223 in triage category R is not assigned a helicopter
2365.51,715,evacuee,,Evacuee;223;in triage state;B;is at the evacuation site
2374.29,3,evacueeManager,,OFF SHIP: White;0;Green;203;Yellow;37;Red;11;Black;249;ON SHIP: White;0;Green;0;Yellow;0;Red;0;Evacuees to Transfer;
2374.29,1248,evacuee,outES,Evacuee 28 in triage category Y is not assigned a helicopter
2374.29,1248,evacuee,,Evacuee;28;in triage state;R;is at the evacuation site
2378.72,3,evacueeManager,,OFF SHIP: White;0;Green;203;Yellow;36;Red;12;Black;249;ON SHIP: White;0;Green;0;Yellow;0;Red;0;Evacuees to Transfer;
2378.72,1383,evacuee,outES,Evacuee 202 in triage category Y is not assigned a helicopter
2378.72,1383,evacuee,,Evacuee;202;in triage state;R;is at the evacuation site
2381.74,3,evacueeManager,,OFF SHIP: White;0;Green;203;Yellow;35;Red;13;Black;249;ON SHIP: White;0;Green;0;Yellow;0;Red;0;Evacuees to Transfer;
2381.74,171,evacuee,outES,Evacuee 393 in triage category Y is not assigned a helicopter
2381.74,171,evacuee,,Evacuee;393;in triage state;R;is at the evacuation site
2383.81,3,evacueeManager,,OFF SHIP: White;0;Green;203;Yellow;35;Red;12;Black;250;ON SHIP: White;0;Green;0;Yellow;0;Red;0;Evacuees to Transfer;
2383.81,86,evacuee,outES,Evacuee 445 in triage category R is not assigned a helicopter
2383.81,86,evacuee,,Evacuee;445;in triage state;B;is at the evacuation site
2385.67,3,evacueeManager,,OFF SHIP: White;0;Green;203;Yellow;34;Red;13;Black;250;ON SHIP: White;0;Green;0;Yellow;0;Red;0;Evacuees to Transfer;
2385.67,1242,evacuee,outES,Evacuee 159 in triage category Y is not assigned a helicopter
2385.67,1242,evacuee,,Evacuee;159;in triage state;R;is at the evacuation site
2385.7,3,evacueeManager,,OFF SHIP: White;0;Green;202;Yellow;35;Red;13;Black;250;ON SHIP: White;0;Green;0;Yellow;0;Red;0;Evacuees to Transfer;
2385.7,379,evacuee,outES,Evacuee 350 in triage category G is not assigned a helicopter
2385.7,379,evacuee,,Evacuee;350;in triage state;Y;is at the evacuation site
2387.46,3,evacueeManager,,OFF SHIP: White;0;Green;201;Yellow;36;Red;13;Black;250;ON SHIP: White;0;Green;0;Yellow;0;Red;0;Evacuees to Transfer;
2387.46,718,evacuee,outES,Evacuee 135 in triage category G is not assigned a helicopter
2387.46,718,evacuee,,Evacuee;135;in triage state;Y;is at the evacuation site
2388.36,3,evacueeManager,,OFF SHIP: White;0;Green;201;Yellow;35;Red;14;Black;250;ON SHIP: White;0;Green;0;Yellow;0;Red;0;Evacuees to Transfer;
2388.36,304,evacuee,outES,Evacuee 325 in triage category Y is not assigned a helicopter
2388.36,304,evacuee,,Evacuee;325;in triage state;R;is at the evacuation site
2392.16,3,evacueeManager,,OFF SHIP: White;0;Green;201;Yellow;35;Red;13;Black;251;ON SHIP: White;0;Green;0;Yellow;0;Red;0;Evacuees to Transfer;
2392.16,1242,evacuee,outES,Evacuee 159 in triage category R is not assigned a helicopter
2392.16,1242,evacuee,,Evacuee;159;in triage state;B;is at the evacuation site
2394.78,3,evacueeManager,,OFF SHIP: White;0;Green;201;Yellow;35;Red;12;Black;252;ON SHIP: White;0;Green;0;Yellow;0;Red;0;Evacuees to Transfer;
2394.78,1096,evacuee,outES,Evacuee 48 in triage category R is not assigned a helicopter
2394.78,1096,evacuee,,Evacuee;48;in triage state;B;is at the evacuation site
2402.91,3,evacueeManager,,OFF SHIP: White;0;Green;201;Yellow;35;Red;11;Black;253;ON SHIP: White;0;Green;0;Yellow;0;Red;0;Evacuees to Transfer;
2402.91,637,evacuee,outES,Evacuee 51 in triage category R is not assigned a helicopter
2402.91,637,evacuee,,Evacuee;51;in triage state;B;is at the evacuation site
2416.35,3,evacueeManager,,OFF SHIP: White;0;Green;201;Yellow;34;Red;12;Black;253;ON SHIP: White;0;Green;0;Yellow;0;Red;0;Evacuees to Transfer;
2416.35,98,evacuee,outES,Evacuee 437 in triage category Y is not assigned a helicopter
2416.35,98,evacuee,,Evacuee;437;in triage state;R;is at the evacuation site
2417.85,3,evacueeManager,,OFF SHIP: White;0;Green;200;Yellow;35;Red;12;Black;253;ON SHIP: White;0;Green;0;Yellow;0;Red;0;Evacuees to Transfer;
2417.85,174,evacuee,outES,Evacuee 392 in triage category G is not assigned a helicopter
2417.85,174,evacuee,,Evacuee;392;in triage state;Y;is at the evacuation site
2422.66,3,evacueeManager,,OFF SHIP: White;0;Green;200;Yellow;34;Red;13;Black;253;ON SHIP: White;0;Green;0;Yellow;0;Red;0;Evacuees to Transfer;
2422.66,1308,evacuee,outES,Evacuee 177 in triage category Y is not assigned a helicopter
2422.66,1308,evacuee,,Evacuee;177;in triage state;R;is at the evacuation site
2423.48,3,evacueeManager,,OFF SHIP: White;0;Green;200;Yellow;34;Red;12;Black;254;ON SHIP: White;0;Green;0;Yellow;0;Red;0;Evacuees to Transfer;
2423.48,1248,evacuee,outES,Evacuee 28 in triage category R is not assigned a helicopter
2423.48,1248,evacuee,,Evacuee;28;in triage state;B;is at the evacuation site
2428.05,3,evacueeManager,,OFF SHIP: White;0;Green;199;Yellow;35;Red;12;Black;254;ON SHIP: White;0;Green;0;Yellow;0;Red;0;Evacuees to Transfer;
2428.05,910,evacuee,outES,Evacuee 157 in triage category G is not assigned a helicopter
2428.05,910,evacuee,,Evacuee;157;in triage state;Y;is at the evacuation site
2433.51,3,evacueeManager,,OFF SHIP: White;0;Green;199;Yellow;34;Red;13;Black;254;ON SHIP: White;0;Green;0;Yellow;0;Red;0;Evacuees to Transfer;
2433.51,1182,evacuee,outES,Evacuee 416 in triage category Y is not assigned a helicopter
2433.51,1182,evacuee,,Evacuee;416;in triage state;R;is at the evacuation site
2444.05,3,evacueeManager,,OFF SHIP: White;0;Green;199;Yellow;33;Red;14;Black;254;ON SHIP: White;0;Green;0;Yellow;0;Red;0;Evacuees to Transfer;
2444.05,574,evacuee,outES,Evacuee 228 in triage category Y is not assigned a helicopter
2444.05,574,evacuee,,Evacuee;228;in triage state;R;is at the evacuation site
2450.87,3,evacueeManager,,OFF SHIP: White;0;Green;199;Yellow;33;Red;13;Black;255;ON SHIP: White;0;Green;0;Yellow;0;Red;0;Evacuees to Transfer;
2450.87,895,evacuee,outES,Evacuee 44 in triage category R is not assigned a helicopter
2450.87,895,evacuee,,Evacuee;44;in triage state;B;is at the evacuation site
2453.06,3,evacueeManager,,OFF SHIP: White;0;Green;199;Yellow;33;Red;12;Black;256;ON SHIP: White;0;Green;0;Yellow;0;Red;0;Evacuees to Transfer;
2453.06,95,evacuee,outES,Evacuee 439 in triage category R is not assigned a helicopter
2453.06,95,evacuee,,Evacuee;439;in triage state;B;is at the evacuation site
2453.26,3,evacueeManager,,OFF SHIP: White;0;Green;199;Yellow;33;Red;11;Black;257;ON SHIP: White;0;Green;0;Yellow;0;Red;0;Evacuees to Transfer;
2453.26,168,evacuee,outES,Evacuee 395 in triage category R is not assigned a helicopter
2453.26,168,evacuee,,Evacuee;395;in triage state;B;is at the evacuation site
2457.16,3,evacueeManager,,OFF SHIP: White;0;Green;199;Yellow;33;Red;10;Black;258;ON SHIP: White;0;Green;0;Yellow;0;Red;0;Evacuees to Transfer;
2457.16,709,evacuee,outES,Evacuee 66 in triage category R is not assigned a helicopter
2457.16,709,evacuee,,Evacuee;66;in triage state;B;is at the evacuation site
2458.47,3,evacueeManager,,OFF SHIP: White;0;Green;199;Yellow;33;Red;9;Black;259;ON SHIP: White;0;Green;0;Yellow;0;Red;0;Evacuees to Transfer;
2458.47,781,evacuee,outES,Evacuee 110 in triage category R is not assigned a helicopter
2458.47,781,evacuee,,Evacuee;110;in triage state;B;is at the evacuation site
2462.49,3,evacueeManager,,OFF SHIP: White;0;Green;198;Yellow;34;Red;9;Black;259;ON SHIP: White;0;Green;0;Yellow;0;Red;0;Evacuees to Transfer;
2462.49,1045,evacuee,outES,Evacuee 160 in triage category G is not assigned a helicopter
2462.49,1045,evacuee,,Evacuee;160;in triage state;Y;is at the evacuation site
2465.53,3,evacueeManager,,OFF SHIP: White;0;Green;198;Yellow;34;Red;8;Black;260;ON SHIP: White;0;Green;0;Yellow;0;Red;0;Evacuees to Transfer;
2465.53,304,evacuee,outES,Evacuee 325 in triage category R is not assigned a helicopter
2465.53,304,evacuee,,Evacuee;325;in triage state;B;is at the evacuation site
2466,3,evacueeManager,,OFF SHIP: White;0;Green;198;Yellow;33;Red;9;Black;260;ON SHIP: White;0;Green;0;Yellow;0;Red;0;Evacuees to Transfer;
2466,174,evacuee,outES,Evacuee 392 in triage category Y is not assigned a helicopter
2466,174,evacuee,,Evacuee;392;in triage state;R;is at the evacuation site
2467.42,3,evacueeManager,,OFF SHIP: White;0;Green;198;Yellow;32;Red;10;Black;260;ON SHIP: White;0;Green;0;Yellow;0;Red;0;Evacuees to Transfer;
2467.42,769,evacuee,outES,Evacuee 5 in triage category Y is not assigned a helicopter
2467.42,769,evacuee,,Evacuee;5;in triage state;R;is at the evacuation site
2472.9,3,evacueeManager,,OFF SHIP: White;0;Green;198;Yellow;32;Red;9;Black;261;ON SHIP: White;0;Green;0;Yellow;0;Red;0;Evacuees to Transfer;
2472.9,1182,evacuee,outES,Evacuee 416 in triage category R is not assigned a helicopter
2472.9,1182,evacuee,,Evacuee;416;in triage state;B;is at the evacuation site
2477.14,3,evacueeManager,,OFF SHIP: White;0;Green;198;Yellow;32;Red;8;Black;262;ON SHIP: White;0;Green;0;Yellow;0;Red;0;Evacuees to Transfer;
2477.14,1449,evacuee,outES,Evacuee 226 in triage category R is not assigned a helicopter
2477.14,1449,evacuee,,Evacuee;226;in triage state;B;is at the evacuation site
2480.24,3,evacueeManager,,OFF SHIP: White;0;Green;198;Yellow;32;Red;7;Black;263;ON SHIP: White;0;Green;0;Yellow;0;Red;0;Evacuees to Transfer;
2480.24,574,evacuee,outES,Evacuee 228 in triage category R is not assigned a helicopter
2480.24,574,evacuee,,Evacuee;228;in triage state;B;is at the evacuation site
2482.59,3,evacueeManager,,OFF SHIP: White;0;Green;197;Yellow;33;Red;7;Black;263;ON SHIP: White;0;Green;0;Yellow;0;Red;0;Evacuees to Transfer;
2482.59,244,evacuee,outES,Evacuee 360 in triage category G is not assigned a helicopter
2482.59,244,evacuee,,Evacuee;360;in triage state;Y;is at the evacuation site
2484.64,3,evacueeManager,,OFF SHIP: White;0;Green;197;Yellow;32;Red;8;Black;263;ON SHIP: White;0;Green;0;Yellow;0;Red;0;Evacuees to Transfer;
2484.64,1179,evacuee,outES,Evacuee 181 in triage category Y is not assigned a helicopter
2484.64,1179,evacuee,,Evacuee;181;in triage state;R;is at the evacuation site
2489.76,3,evacueeManager,,OFF SHIP: White;0;Green;196;Yellow;33;Red;8;Black;263;ON SHIP: White;0;Green;0;Yellow;0;Red;0;Evacuees to Transfer;
2489.76,583,evacuee,outES,Evacuee 142 in triage category G is not assigned a helicopter
2489.76,583,evacuee,,Evacuee;142;in triage state;Y;is at the evacuation site
2493.03,3,evacueeManager,,OFF SHIP: White;0;Green;195;Yellow;34;Red;8;Black;263;ON SHIP: White;0;Green;0;Yellow;0;Red;0;Evacuees to Transfer;
2493.03,979,evacuee,outES,Evacuee 41 in triage category G is not assigned a helicopter
2493.03,979,evacuee,,Evacuee;41;in triage state;Y;is at the evacuation site
2498.35,3,evacueeManager,,OFF SHIP: White;0;Green;195;Yellow;34;Red;7;Black;264;ON SHIP: White;0;Green;0;Yellow;0;Red;0;Evacuees to Transfer;
2498.35,1308,evacuee,outES,Evacuee 177 in triage category R is not assigned a helicopter
2498.35,1308,evacuee,,Evacuee;177;in triage state;B;is at the evacuation site
2501.36,3,evacueeManager,,OFF SHIP: White;0;Green;195;Yellow;33;Red;8;Black;264;ON SHIP: White;0;Green;0;Yellow;0;Red;0;Evacuees to Transfer;
2501.36,841,evacuee,outES,Evacuee 285 in triage category Y is not assigned a helicopter
2501.36,841,evacuee,,Evacuee;285;in triage state;R;is at the evacuation site
2503.2,3,evacueeManager,,OFF SHIP: White;0;Green;195;Yellow;32;Red;9;Black;264;ON SHIP: White;0;Green;0;Yellow;0;Red;0;Evacuees to Transfer;
2503.2,784,evacuee,outES,Evacuee 141 in triage category Y is not assigned a helicopter
2503.2,784,evacuee,,Evacuee;141;in triage state;R;is at the evacuation site
2503.51,3,evacueeManager,,OFF SHIP: White;0;Green;195;Yellow;32;Red;8;Black;265;ON SHIP: White;0;Green;0;Yellow;0;Red;0;Evacuees to Transfer;
2503.51,1383,evacuee,outES,Evacuee 202 in triage category R is not assigned a helicopter
2503.51,1383,evacuee,,Evacuee;202;in triage state;B;is at the evacuation site
2504.51,3,evacueeManager,,OFF SHIP: White;0;Green;195;Yellow;32;Red;7;Black;266;ON SHIP: White;0;Green;0;Yellow;0;Red;0;Evacuees to Transfer;
2504.51,784,evacuee,outES,Evacuee 141 in triage category R is not assigned a helicopter
2504.51,784,evacuee,,Evacuee;141;in triage state;B;is at the evacuation site
2507.75,3,evacueeManager,,OFF SHIP: White;0;Green;195;Yellow;32;Red;6;Black;267;ON SHIP: White;0;Green;0;Yellow;0;Red;0;Evacuees to Transfer;
2507.75,1179,evacuee,outES,Evacuee 181 in triage category R is not assigned a helicopter
2507.75,1179,evacuee,,Evacuee;181;in triage state;B;is at the evacuation site
2508.35,3,evacueeManager,,OFF SHIP: White;0;Green;194;Yellow;33;Red;6;Black;267;ON SHIP: White;0;Green;0;Yellow;0;Red;0;Evacuees to Transfer;
2508.35,448,evacuee,outES,Evacuee 260 in triage category G is not assigned a helicopter
2508.35,448,evacuee,,Evacuee;260;in triage state;Y;is at the evacuation site
2522.57,3,evacueeManager,,OFF SHIP: White;0;Green;194;Yellow;32;Red;7;Black;267;ON SHIP: White;0;Green;0;Yellow;0;Red;0;Evacuees to Transfer;
2522.57,718,evacuee,outES,Evacuee 135 in triage category Y is not assigned a helicopter
2522.57,718,evacuee,,Evacuee;135;in triage state;R;is at the evacuation site
2527.6,3,evacueeManager,,OFF SHIP: White;0;Green;194;Yellow;32;Red;6;Black;268;ON SHIP: White;0;Green;0;Yellow;0;Red;0;Evacuees to Transfer;
2527.6,769,evacuee,outES,Evacuee 5 in triage category R is not assigned a helicopter
2527.6,769,evacuee,,Evacuee;5;in triage state;B;is at the evacuation site
2534.89,3,evacueeManager,,OFF SHIP: White;0;Green;194;Yellow;32;Red;5;Black;269;ON SHIP: White;0;Green;0;Yellow;0;Red;0;Evacuees to Transfer;
2534.89,718,evacuee,outES,Evacuee 135 in triage category R is not assigned a helicopter
2534.89,718,evacuee,,Evacuee;135;in triage state;B;is at the evacuation site
2542.63,3,evacueeManager,,OFF SHIP: White;0;Green;194;Yellow;31;Red;6;Black;269;ON SHIP: White;0;Green;0;Yellow;0;Red;0;Evacuees to Transfer;
2542.63,646,evacuee,outES,Evacuee 79 in triage category Y is not assigned a helicopter
2542.63,646,evacuee,,Evacuee;79;in triage state;R;is at the evacuation site
2551.9,3,evacueeManager,,OFF SHIP: White;0;Green;193;Yellow;32;Red;6;Black;269;ON SHIP: White;0;Green;0;Yellow;0;Red;0;Evacuees to Transfer;
2551.9,1455,evacuee,outES,Evacuee 227 in triage category G is not assigned a helicopter
2551.9,1455,evacuee,,Evacuee;227;in triage state;Y;is at the evacuation site
2553.63,3,evacueeManager,,OFF SHIP: White;0;Green;192;Yellow;33;Red;6;Black;269;ON SHIP: White;0;Green;0;Yellow;0;Red;0;Evacuees to Transfer;
2553.63,787,evacuee,outES,Evacuee 133 in triage category G is not assigned a helicopter
2553.63,787,evacuee,,Evacuee;133;in triage state;Y;is at the evacuation site
2554.43,3,evacueeManager,,OFF SHIP: White;0;Green;191;Yellow;34;Red;6;Black;269;ON SHIP: White;0;Green;0;Yellow;0;Red;0;Evacuees to Transfer;
2554.43,1320,evacuee,outES,Evacuee 232 in triage category G is not assigned a helicopter
2554.43,1320,evacuee,,Evacuee;232;in triage state;Y;is at the evacuation site
2556.19,3,evacueeManager,,OFF SHIP: White;0;Green;191;Yellow;34;Red;5;Black;270;ON SHIP: White;0;Green;0;Yellow;0;Red;0;Evacuees to Transfer;
2556.19,853,evacuee,outES,Evacuee 8 in triage category R is not assigned a helicopter
2556.19,853,evacuee,,Evacuee;8;in triage state;B;is at the evacuation site
2561.65,3,evacueeManager,,OFF SHIP: White;0;Green;190;Yellow;35;Red;5;Black;270;ON SHIP: White;0;Green;0;Yellow;0;Red;0;Evacuees to Transfer;
2561.65,652,evacuee,outES,Evacuee 98 in triage category G is not assigned a helicopter
2561.65,652,evacuee,,Evacuee;98;in triage state;Y;is at the evacuation site
2563.49,3,evacueeManager,,OFF SHIP: White;0;Green;190;Yellow;34;Red;6;Black;270;ON SHIP: White;0;Green;0;Yellow;0;Red;0;Evacuees to Transfer;
2563.49,1027,evacuee,outES,Evacuee 24 in triage category Y is not assigned a helicopter
2563.49,1027,evacuee,,Evacuee;24;in triage state;R;is at the evacuation site
2565.26,3,evacueeManager,,OFF SHIP: White;0;Green;189;Yellow;35;Red;6;Black;270;ON SHIP: White;0;Green;0;Yellow;0;Red;0;Evacuees to Transfer;
2565.26,313,evacuee,outES,Evacuee 321 in triage category G is not assigned a helicopter
2565.26,313,evacuee,,Evacuee;321;in triage state;Y;is at the evacuation site
2591.06,3,evacueeManager,,OFF SHIP: White;0;Green;189;Yellow;35;Red;5;Black;271;ON SHIP: White;0;Green;0;Yellow;0;Red;0;Evacuees to Transfer;
2591.06,174,evacuee,outES,Evacuee 392 in triage category R is not assigned a helicopter
2591.06,174,evacuee,,Evacuee;392;in triage state;B;is at the evacuation site
2594.77,3,evacueeManager,,OFF SHIP: White;0;Green;189;Yellow;34;Red;6;Black;271;ON SHIP: White;0;Green;0;Yellow;0;Red;0;Evacuees to Transfer;
2594.77,907,evacuee,outES,Evacuee 173 in triage category Y is not assigned a helicopter
2594.77,907,evacuee,,Evacuee;173;in triage state;R;is at the evacuation site
2603.29,3,evacueeManager,,OFF SHIP: White;0;Green;189;Yellow;33;Red;7;Black;271;ON SHIP: White;0;Green;0;Yellow;0;Red;0;Evacuees to Transfer;
2603.29,649,evacuee,outES,Evacuee 115 in triage category Y is not assigned a helicopter
2603.29,649,evacuee,,Evacuee;115;in triage state;R;is at the evacuation site
2607.59,3,evacueeManager,,OFF SHIP: White;0;Green;189;Yellow;32;Red;8;Black;271;ON SHIP: White;0;Green;0;Yellow;0;Red;0;Evacuees to Transfer;
2607.59,787,evacuee,outES,Evacuee 133 in triage category Y is not assigned a helicopter
2607.59,787,evacuee,,Evacuee;133;in triage state;R;is at the evacuation site
2617.07,3,evacueeManager,,OFF SHIP: White;0;Green;189;Yellow;32;Red;7;Black;272;ON SHIP: White;0;Green;0;Yellow;0;Red;0;Evacuees to Transfer;
2617.07,787,evacuee,outES,Evacuee 133 in triage category R is not assigned a helicopter
2617.07,787,evacuee,,Evacuee;133;in triage state;B;is at the evacuation site
2617.85,3,evacueeManager,,OFF SHIP: White;0;Green;188;Yellow;33;Red;7;Black;272;ON SHIP: White;0;Green;0;Yellow;0;Red;0;Evacuees to Transfer;
2617.85,1188,evacuee,outES,Evacuee 308 in triage category G is not assigned a helicopter
2617.85,1188,evacuee,,Evacuee;308;in triage state;Y;is at the evacuation site
2622.98,3,evacueeManager,,OFF SHIP: White;0;Green;188;Yellow;33;Red;6;Black;273;ON SHIP: White;0;Green;0;Yellow;0;Red;0;Evacuees to Transfer;
2622.98,907,evacuee,outES,Evacuee 173 in triage category R is not assigned a helicopter
2622.98,907,evacuee,,Evacuee;173;in triage state;B;is at the evacuation site
2627.14,3,evacueeManager,,OFF SHIP: White;0;Green;187;Yellow;34;Red;6;Black;273;ON SHIP: White;0;Green;0;Yellow;0;Red;0;Evacuees to Transfer;
2627.14,856,evacuee,outES,Evacuee 3 in triage category G is not assigned a helicopter
2627.14,856,evacuee,,Evacuee;3;in triage state;Y;is at the evacuation site
2633.17,3,evacueeManager,,OFF SHIP: White;0;Green;186;Yellow;35;Red;6;Black;273;ON SHIP: White;0;Green;0;Yellow;0;Red;0;Evacuees to Transfer;
2633.17,1114,evacuee,outES,Evacuee 266 in triage category G is not assigned a helicopter
2633.17,1114,evacuee,,Evacuee;266;in triage state;Y;is at the evacuation site
2641.83,3,evacueeManager,,OFF SHIP: White;0;Green;185;Yellow;36;Red;6;Black;273;ON SHIP: White;0;Green;0;Yellow;0;Red;0;Evacuees to Transfer;
2641.83,1254,evacuee,outES,Evacuee 234 in triage category G is not assigned a helicopter
2641.83,1254,evacuee,,Evacuee;234;in triage state;Y;is at the evacuation site
2642.58,3,evacueeManager,,OFF SHIP: White;0;Green;185;Yellow;36;Red;5;Black;274;ON SHIP: White;0;Green;0;Yellow;0;Red;0;Evacuees to Transfer;
2642.58,98,evacuee,outES,Evacuee 437 in triage category R is not assigned a helicopter
2642.58,98,evacuee,,Evacuee;437;in triage state;B;is at the evacuation site
2652.04,3,evacueeManager,,OFF SHIP: White;0;Green;185;Yellow;35;Red;6;Black;274;ON SHIP: White;0;Green;0;Yellow;0;Red;0;Evacuees to Transfer;
2652.04,583,evacuee,outES,Evacuee 142 in triage category Y is not assigned a helicopter
2652.04,583,evacuee,,Evacuee;142;in triage state;R;is at the evacuation site
2655.91,3,evacueeManager,,OFF SHIP: White;0;Green;185;Yellow;34;Red;7;Black;274;ON SHIP: White;0;Green;0;Yellow;0;Red;0;Evacuees to Transfer;
2655.91,856,evacuee,outES,Evacuee 3 in triage category Y is not assigned a helicopter
2655.91,856,evacuee,,Evacuee;3;in triage state;R;is at the evacuation site
2659.08,3,evacueeManager,,OFF SHIP: White;0;Green;184;Yellow;35;Red;7;Black;274;ON SHIP: White;0;Green;0;Yellow;0;Red;0;Evacuees to Transfer;
2659.08,517,evacuee,outES,Evacuee 345 in triage category G is not assigned a helicopter
2659.08,517,evacuee,,Evacuee;345;in triage state;Y;is at the evacuation site
2673.37,3,evacueeManager,,OFF SHIP: White;0;Green;184;Yellow;34;Red;8;Black;274;ON SHIP: White;0;Green;0;Yellow;0;Red;0;Evacuees to Transfer;
2673.37,1185,evacuee,outES,Evacuee 129 in triage category Y is not assigned a helicopter
2673.37,1185,evacuee,,Evacuee;129;in triage state;R;is at the evacuation site
2676.83,3,evacueeManager,,OFF SHIP: White;0;Green;184;Yellow;34;Red;7;Black;275;ON SHIP: White;0;Green;0;Yellow;0;Red;0;Evacuees to Transfer;
2676.83,1027,evacuee,outES,Evacuee 24 in triage category R is not assigned a helicopter
2676.83,1027,evacuee,,Evacuee;24;in triage state;B;is at the evacuation site
2681.86,3,evacueeManager,,OFF SHIP: White;0;Green;184;Yellow;34;Red;6;Black;276;ON SHIP: White;0;Green;0;Yellow;0;Red;0;Evacuees to Transfer;
2681.86,841,evacuee,outES,Evacuee 285 in triage category R is not assigned a helicopter
2681.86,841,evacuee,,Evacuee;285;in triage state;B;is at the evacuation site
2686.52,3,evacueeManager,,OFF SHIP: White;0;Green;184;Yellow;34;Red;5;Black;277;ON SHIP: White;0;Green;0;Yellow;0;Red;0;Evacuees to Transfer;
2686.52,583,evacuee,outES,Evacuee 142 in triage category R is not assigned a helicopter
2686.52,583,evacuee,,Evacuee;142;in triage state;B;is at the evacuation site
2692.21,3,evacueeManager,,OFF SHIP: White;0;Green;183;Yellow;35;Red;5;Black;277;ON SHIP: White;0;Green;0;Yellow;0;Red;0;Evacuees to Transfer;
2692.21,721,evacuee,outES,Evacuee 15 in triage category G is not assigned a helicopter
2692.21,721,evacuee,,Evacuee;15;in triage state;Y;is at the evacuation site
2693.34,3,evacueeManager,,OFF SHIP: White;0;Green;183;Yellow;35;Red;4;Black;278;ON SHIP: White;0;Green;0;Yellow;0;Red;0;Evacuees to Transfer;
2693.34,1185,evacuee,outES,Evacuee 129 in triage category R is not assigned a helicopter
2693.34,1185,evacuee,,Evacuee;129;in triage state;B;is at the evacuation site
2695.99,3,evacueeManager,,OFF SHIP: White;0;Green;182;Yellow;36;Red;4;Black;278;ON SHIP: White;0;Green;0;Yellow;0;Red;0;Evacuees to Transfer;
2695.99,382,evacuee,outES,Evacuee 288 in triage category G is not assigned a helicopter
2695.99,382,evacuee,,Evacuee;288;in triage state;Y;is at the evacuation site
2706.12,3,evacueeManager,,OFF SHIP: White;0;Green;182;Yellow;35;Red;5;Black;278;ON SHIP: White;0;Green;0;Yellow;0;Red;0;Evacuees to Transfer;
2706.12,376,evacuee,outES,Evacuee 290 in triage category Y is not assigned a helicopter
2706.12,376,evacuee,,Evacuee;290;in triage state;R;is at the evacuation site
2707.08,3,evacueeManager,,OFF SHIP: White;0;Green;181;Yellow;36;Red;5;Black;278;ON SHIP: White;0;Green;0;Yellow;0;Red;0;Evacuees to Transfer;
2707.08,108,evacuee,outES,Evacuee 434 in triage category G is not assigned a helicopter
2707.08,108,evacuee,,Evacuee;434;in triage state;Y;is at the evacuation site
2716.24,3,evacueeManager,,OFF SHIP: White;0;Green;181;Yellow;35;Red;6;Black;278;ON SHIP: White;0;Green;0;Yellow;0;Red;0;Evacuees to Transfer;
2716.24,1455,evacuee,outES,Evacuee 227 in triage category Y is not assigned a helicopter
2716.24,1455,evacuee,,Evacuee;227;in triage state;R;is at the evacuation site
2723.78,3,evacueeManager,,OFF SHIP: White;0;Green;181;Yellow;34;Red;7;Black;278;ON SHIP: White;0;Green;0;Yellow;0;Red;0;Evacuees to Transfer;
2723.78,1251,evacuee,outES,Evacuee 126 in triage category Y is not assigned a helicopter
2723.78,1251,evacuee,,Evacuee;126;in triage state;R;is at the evacuation site
2725.72,3,evacueeManager,,OFF SHIP: White;0;Green;180;Yellow;35;Red;7;Black;278;ON SHIP: White;0;Green;0;Yellow;0;Red;0;Evacuees to Transfer;
2725.72,913,evacuee,outES,Evacuee 451 in triage category G is not assigned a helicopter
2725.72,913,evacuee,,Evacuee;451;in triage state;Y;is at the evacuation site
2727.35,3,evacueeManager,,OFF SHIP: White;0;Green;180;Yellow;35;Red;6;Black;279;ON SHIP: White;0;Green;0;Yellow;0;Red;0;Evacuees to Transfer;
2727.35,171,evacuee,outES,Evacuee 393 in triage category R is not assigned a helicopter
2727.35,171,evacuee,,Evacuee;393;in triage state;B;is at the evacuation site
2727.7,3,evacueeManager,,OFF SHIP: White;0;Green;180;Yellow;35;Red;5;Black;280;ON SHIP: White;0;Green;0;Yellow;0;Red;0;Evacuees to Transfer;
2727.7,1251,evacuee,outES,Evacuee 126 in triage category R is not assigned a helicopter
2727.7,1251,evacuee,,Evacuee;126;in triage state;B;is at the evacuation site
2730,1161,helicopter,,Helicopter;1;Is going to the evacuation site;;and has;0;spots taken
2731.82,3,evacueeManager,,OFF SHIP: White;0;Green;179;Yellow;36;Red;5;Black;280;ON SHIP: White;0;Green;0;Yellow;0;Red;0;Evacuees to Transfer;
2731.82,177,evacuee,outES,Evacuee 389 in triage category G is not assigned a helicopter
2731.82,177,evacuee,,Evacuee;389;in triage state;Y;is at the evacuation site
2745.03,3,evacueeManager,,OFF SHIP: White;0;Green;179;Yellow;35;Red;6;Black;280;ON SHIP: White;0;Green;0;Yellow;0;Red;0;Evacuees to Transfer;
2745.03,511,evacuee,outES,Evacuee 469 in triage category Y is not assigned a helicopter
2745.03,511,evacuee,,Evacuee;469;in triage state;R;is at the evacuation site
2746.67,3,evacueeManager,,OFF SHIP: White;0;Green;179;Yellow;34;Red;7;Black;280;ON SHIP: White;0;Green;0;Yellow;0;Red;0;Evacuees to Transfer;
2746.67,177,evacuee,outES,Evacuee 389 in triage category Y is not assigned a helicopter
2746.67,177,evacuee,,Evacuee;389;in triage state;R;is at the evacuation site
2750.96,3,evacueeManager,,OFF SHIP: White;0;Green;179;Yellow;34;Red;6;Black;281;ON SHIP: White;0;Green;0;Yellow;0;Red;0;Evacuees to Transfer;
2750.96,1455,evacuee,outES,Evacuee 227 in triage category R is not assigned a helicopter
2750.96,1455,evacuee,,Evacuee;227;in triage state;B;is at the evacuation site
2765.95,3,evacueeManager,,OFF SHIP: White;0;Green;178;Yellow;35;Red;6;Black;281;ON SHIP: White;0;Green;0;Yellow;0;Red;0;Evacuees to Transfer;
2765.95,1389,evacuee,outES,Evacuee 204 in triage category G is not assigned a helicopter
2765.95,1389,evacuee,,Evacuee;204;in triage state;Y;is at the evacuation site
2769.03,3,evacueeManager,,OFF SHIP: White;0;Green;178;Yellow;35;Red;5;Black;282;ON SHIP: White;0;Green;0;Yellow;0;Red;0;Evacuees to Transfer;
2769.03,856,evacuee,outES,Evacuee 3 in triage category R is not assigned a helicopter
2769.03,856,evacuee,,Evacuee;3;in triage state;B;is at the evacuation site
2771.65,3,evacueeManager,,OFF SHIP: White;0;Green;178;Yellow;35;Red;4;Black;283;ON SHIP: White;0;Green;0;Yellow;0;Red;0;Evacuees to Transfer;
2771.65,177,evacuee,outES,Evacuee 389 in triage category R is not assigned a helicopter
2771.65,177,evacuee,,Evacuee;389;in triage state;B;is at the evacuation site
2775.73,3,evacueeManager,,OFF SHIP: White;0;Green;177;Yellow;36;Red;4;Black;283;ON SHIP: White;0;Green;0;Yellow;0;Red;0;Evacuees to Transfer;
2775.73,1048,evacuee,outES,Evacuee 20 in triage category G is not assigned a helicopter
2775.73,1048,evacuee,,Evacuee;20;in triage state;Y;is at the evacuation site
2784.43,3,evacueeManager,,OFF SHIP: White;0;Green;177;Yellow;36;Red;3;Black;284;ON SHIP: White;0;Green;0;Yellow;0;Red;0;Evacuees to Transfer;
2784.43,649,evacuee,outES,Evacuee 115 in triage category R is not assigned a helicopter
2784.43,649,evacuee,,Evacuee;115;in triage state;B;is at the evacuation site
2789.87,3,evacueeManager,,OFF SHIP: White;0;Green;177;Yellow;35;Red;4;Black;284;ON SHIP: White;0;Green;0;Yellow;0;Red;0;Evacuees to Transfer;
2789.87,1389,evacuee,outES,Evacuee 204 in triage category Y is not assigned a helicopter
2789.87,1389,evacuee,,Evacuee;204;in triage state;R;is at the evacuation site
2790,1121,helicopter,,Helicopter;2;Is going to the evacuation site;;and has;0;spots taken
2791.39,3,evacueeManager,,OFF SHIP: White;0;Green;177;Yellow;35;Red;3;Black;285;ON SHIP: White;0;Green;0;Yellow;0;Red;0;Evacuees to Transfer;
2791.39,1389,evacuee,outES,Evacuee 204 in triage category R is not assigned a helicopter
2791.39,1389,evacuee,,Evacuee;204;in triage state;B;is at the evacuation site
2803.83,3,evacueeManager,,OFF SHIP: White;0;Green;176;Yellow;36;Red;3;Black;285;ON SHIP: White;0;Green;0;Yellow;0;Red;0;Evacuees to Transfer;
2803.83,982,evacuee,outES,Evacuee 304 in triage category G is not assigned a helicopter
2803.83,982,evacuee,,Evacuee;304;in triage state;Y;is at the evacuation site
2804.12,3,evacueeManager,,OFF SHIP: White;0;Green;175;Yellow;37;Red;3;Black;285;ON SHIP: White;0;Green;0;Yellow;0;Red;0;Evacuees to Transfer;
2804.12,247,evacuee,outES,Evacuee 357 in triage category G is not assigned a helicopter
2804.12,247,evacuee,,Evacuee;357;in triage state;Y;is at the evacuation site
2812.13,3,evacueeManager,,OFF SHIP: White;0;Green;174;Yellow;38;Red;3;Black;285;ON SHIP: White;0;Green;0;Yellow;0;Red;0;Evacuees to Transfer;
2812.13,586,evacuee,outES,Evacuee 99 in triage category G is not assigned a helicopter
2812.13,586,evacuee,,Evacuee;99;in triage state;Y;is at the evacuation site
2815.59,3,evacueeManager,,OFF SHIP: White;0;Green;174;Yellow;38;Red;2;Black;286;ON SHIP: White;0;Green;0;Yellow;0;Red;0;Evacuees to Transfer;
2815.59,511,evacuee,outES,Evacuee 469 in triage category R is not assigned a helicopter
2815.59,511,evacuee,,Evacuee;469;in triage state;B;is at the evacuation site
2818.74,3,evacueeManager,,OFF SHIP: White;0;Green;174;Yellow;37;Red;3;Black;286;ON SHIP: White;0;Green;0;Yellow;0;Red;0;Evacuees to Transfer;
2818.74,517,evacuee,outES,Evacuee 345 in triage category Y is not assigned a helicopter
2818.74,517,evacuee,,Evacuee;345;in triage state;R;is at the evacuation site
2820.9,3,evacueeManager,,OFF SHIP: White;0;Green;173;Yellow;38;Red;3;Black;286;ON SHIP: White;0;Green;0;Yellow;0;Red;0;Evacuees to Transfer;
2820.9,451,evacuee,outES,Evacuee 259 in triage category G is not assigned a helicopter
2820.9,451,evacuee,,Evacuee;259;in triage state;Y;is at the evacuation site
2827.76,3,evacueeManager,,OFF SHIP: White;0;Green;173;Yellow;37;Red;4;Black;286;ON SHIP: White;0;Green;0;Yellow;0;Red;0;Evacuees to Transfer;
2827.76,241,evacuee,outES,Evacuee 425 in triage category Y is not assigned a helicopter
2827.76,241,evacuee,,Evacuee;425;in triage state;R;is at the evacuation site
2829.3,3,evacueeManager,,OFF SHIP: White;0;Green;173;Yellow;37;Red;3;Black;287;ON SHIP: White;0;Green;0;Yellow;0;Red;0;Evacuees to Transfer;
2829.3,376,evacuee,outES,Evacuee 290 in triage category R is not assigned a helicopter
2829.3,376,evacuee,,Evacuee;290;in triage state;B;is at the evacuation site
2829.98,3,evacueeManager,,OFF SHIP: White;0;Green;173;Yellow;37;Red;2;Black;288;ON SHIP: White;0;Green;0;Yellow;0;Red;0;Evacuees to Transfer;
2829.98,517,evacuee,outES,Evacuee 345 in triage category R is not assigned a helicopter
2829.98,517,evacuee,,Evacuee;345;in triage state;B;is at the evacuation site
2836.8,3,evacueeManager,,OFF SHIP: White;0;Green;173;Yellow;36;Red;3;Black;288;ON SHIP: White;0;Green;0;Yellow;0;Red;0;Evacuees to Transfer;
2836.8,1114,evacuee,outES,Evacuee 266 in triage category Y is not assigned a helicopter
2836.8,1114,evacuee,,Evacuee;266;in triage state;R;is at the evacuation site
2849.34,3,evacueeManager,,OFF SHIP: White;0;Green;173;Yellow;35;Red;4;Black;288;ON SHIP: White;0;Green;0;Yellow;0;Red;0;Evacuees to Transfer;
2849.34,451,evacuee,outES,Evacuee 259 in triage category Y is not assigned a helicopter
2849.34,451,evacuee,,Evacuee;259;in triage state;R;is at the evacuation site
2850,105,helicopter,,Helicopter;3;Is going to the evacuation site;;and has;0;spots taken
2862.8,3,evacueeManager,,OFF SHIP: White;0;Green;173;Yellow;34;Red;5;Black;288;ON SHIP: White;0;Green;0;Yellow;0;Red;0;Evacuees to Transfer;
2862.8,1045,evacuee,outES,Evacuee 160 in triage category Y is not assigned a helicopter
2862.8,1045,evacuee,,Evacuee;160;in triage state;R;is at the evacuation site
2863.25,3,evacueeManager,,OFF SHIP: White;0;Green;173;Yellow;33;Red;6;Black;288;ON SHIP: White;0;Green;0;Yellow;0;Red;0;Evacuees to Transfer;
2863.25,1254,evacuee,outES,Evacuee 234 in triage category Y is not assigned a helicopter
2863.25,1254,evacuee,,Evacuee;234;in triage state;R;is at the evacuation site
2866.09,3,evacueeManager,,OFF SHIP: White;0;Green;173;Yellow;32;Red;7;Black;288;ON SHIP: White;0;Green;0;Yellow;0;Red;0;Evacuees to Transfer;
2866.09,982,evacuee,outES,Evacuee 304 in triage category Y is not assigned a helicopter
2866.09,982,evacuee,,Evacuee;304;in triage state;R;is at the evacuation site
2869.48,3,evacueeManager,,OFF SHIP: White;0;Green;172;Yellow;33;Red;7;Black;288;ON SHIP: White;0;Green;0;Yellow;0;Red;0;Evacuees to Transfer;
2869.48,1458,evacuee,outES,Evacuee 267 in triage category G is not assigned a helicopter
2869.48,1458,evacuee,,Evacuee;267;in triage state;Y;is at the evacuation site
2874.9,3,evacueeManager,,OFF SHIP: White;0;Green;172;Yellow;33;Red;6;Black;289;ON SHIP: White;0;Green;0;Yellow;0;Red;0;Evacuees to Transfer;
2874.9,982,evacuee,outES,Evacuee 304 in triage category R is not assigned a helicopter
2874.9,982,evacuee,,Evacuee;304;in triage state;B;is at the evacuation site
2880,5,helicopterQueue,,1;Helos are waiting to land;HeloID;1
2880,1161,helicopter,outES,Helicopter 1 is evacuating people1
2880,1161,helicopter,,Helicopter;1;is waiting to land at the evacuation site;;and has;0;spots taken
2880,4,helipadManager,,;No helos are at ES
2880,5,helicopterQueue,outHM,Helicopter 1 is evacuating people1
2880,5,helicopterQueue,outHelo,Helicopter 1 is evacuating people1
2880,5,helicopterQueue,,;No helos are waiting to land
2880,104,filterES,,
2880,1120,filterES,,
2880,1160,filterES,,Helicopter;1;is evacuating people
2880,3,evacueeManager,,OFF SHIP: White;0;Green;162;Yellow;33;Red;6;Black;289;ON SHIP: White;0;Green;0;Yellow;0;Red;0;Evacuees to Transfer;;EvacueeID;7;HeloID;1;OnShip;0;Triage Status;G;EvacueeID;10;HeloID;1;OnShip;0;Triage Status;G;EvacueeID;14;HeloID;1;OnShip;0;Triage Status;G;EvacueeID;16;HeloID;1;OnShip;0;Triage Status;G;EvacueeID;17;HeloID;1;OnShip;0;Triage Status;G;EvacueeID;21;HeloID;1;OnShip;0;Triage Status;G;EvacueeID;27;HeloID;1;OnShip;0;Triage Status;G;EvacueeID;29;HeloID;1;OnShip;0;Triage Status;G;EvacueeID;31;HeloID;1;OnShip;0;Triage Status;G;EvacueeID;35;HeloID;1;OnShip;0;Triage Status;G
2880,4,helipadManager,outEM,Helicopter 1 is evacuating people1
2880,4,helipadManager,,Helo;1;is at the ES
2880,1160,filterES,out,Helicopter 1 is evacuating people1
2880,1160,filterES,,
2880,1161,helicopter,,Helicopter;1;is waiting to land at the evacuation site;;and has;0;spots taken
2880,3,evacueeManager,outEvac,Evacuee 7 in triage category G is assigned helicopter 1
2880,3,evacueeManager,outEvac,Evacuee 10 in triage category G is assigned helicopter 1
2880,3,evacueeManager,outEvac,Evacuee 14 in triage category G is assigned helicopter 1
2880,3,evacueeManager,outEvac,Evacuee 16 in triage category G is assigned helicopter 1
2880,3,evacueeManager,outEvac,Evacuee 17 in triage category G is assigned helicopter 1
2880,3,evacueeManager,outEvac,Evacuee 21 in triage category G is assigned helicopter 1
2880,3,evacueeManager,outEvac,Evacuee 27 in triage category G is assigned helicopter 1
2880,3,evacueeManager,outEvac,Evacuee 29 in triage category G is assigned helicopter 1
2880,3,evacueeManager,outEvac,Evacuee 31 in triage category G is assigned helicopter 1
2880,3,evacueeManager,outEvac,Evacuee 35 in triage category G is assigned helicopter 1
2880,3,evacueeManager,,OFF SHIP: White;0;Green;162;Yellow;33;Red;6;Black;289;ON SHIP: White;0;Green;0;Yellow;0;Red;0;Evacuees to Transfer;
2880,7,filterLoc,,
2880,10,filterLoc,,
2880,13,filterLoc,,
2880,16,filterLoc,,
2880,19,filterLoc,,
2880,22,filterLoc,,
2880,25,filterLoc,,
2880,28,filterLoc,,
2880,31,filterLoc,,
2880,34,filterLoc,,
2880,37,filterLoc,,
2880,40,filterLoc,,
2880,43,filterLoc,,
2880,46,filterLoc,,
2880,49,filterLoc,,
2880,52,filterLoc,,
2880,55,filterLoc,,
2880,58,filterLoc,,
2880,61,filterLoc,,
2880,64,filterLoc,,
2880,67,filterLoc,,
2880,70,filterLoc,,
2880,73,filterLoc,,
2880,76,filterLoc,,
2880,79,filterLoc,,
2880,82,filterLoc,,
2880,85,filterLoc,,
2880,88,filterLoc,,
2880,91,filterLoc,,
2880,94,filterLoc,,
2880,97,filterLoc,,
2880,100,filterLoc,,
2880,107,filterLoc,,
2880,110,filterLoc,,
2880,113,filterLoc,,
2880,116,filterLoc,,
2880,119,filterLoc,,
2880,122,filterLoc,,
2880,125,filterLoc,,
2880,128,filterLoc,,
2880,131,filterLoc,,
2880,134,filterLoc,,
2880,137,filterLoc,,
2880,140,filterLoc,,
2880,143,filterLoc,,
2880,146,filterLoc,,
2880,149,filterLoc,,
2880,152,filterLoc,,
2880,155,filterLoc,,
2880,158,filterLoc,,
2880,161,filterLoc,,
2880,164,filterLoc,,
2880,167,filterLoc,,
2880,170,filterLoc,,
2880,173,filterLoc,,
2880,176,filterLoc,,
2880,179,filterLoc,,
2880,182,filterLoc,,
2880,185,filterLoc,,
2880,188,filterLoc,,
2880,191,filterLoc,,
2880,194,filterLoc,,
2880,197,filterLoc,,
2880,200,filterLoc,,
2880,203,filterLoc,,
2880,206,filterLoc,,
2880,209,filterLoc,,
2880,212,filterLoc,,
2880,215,filterLoc,,
2880,218,filterLoc,,
2880,221,filterLoc,,
2880,225,filterLoc,,
2880,228,filterLoc,,
2880,231,filterLoc,,
2880,234,filterLoc,,
2880,237,filterLoc,,
2880,240,filterLoc,,
2880,243,filterLoc,,
2880,246,filterLoc,,
2880,249,filterLoc,,
2880,252,filterLoc,,
2880,255,filterLoc,,
2880,258,filterLoc,,
2880,261,filterLoc,,
2880,264,filterLoc,,
2880,267,filterLoc,,
2880,270,filterLoc,,
2880,273,filterLoc,,
2880,276,filterLoc,,
2880,279,filterLoc,,
2880,282,filterLoc,,
2880,285,filterLoc,,
2880,288,filterLoc,,
2880,291,filterLoc,,
2880,294,filterLoc,,
2880,297,filterLoc,,
2880,300,filterLoc,,
2880,303,filterLoc,,
2880,306,filterLoc,,
2880,309,filterLoc,,
2880,312,filterLoc,,
2880,315,filterLoc,,
2880,318,filterLoc,,
2880,321,filterLoc,,
2880,324,filterLoc,,
2880,327,filterLoc,,
2880,330,filterLoc,,
2880,333,filterLoc,,
2880,336,filterLoc,,
2880,339,filterLoc,,
2880,342,filterLoc,,
2880,345,filterLoc,,
2880,348,filterLoc,,
2880,351,filterLoc,,
2880,354,filterLoc,,
2880,357,filterLoc,,
2880,360,filterLoc,,
2880,363,filterLoc,,
2880,366,filterLoc,,
2880,369,filterLoc,,
2880,372,filterLoc,,
2880,375,filterLoc,,
2880,378,filterLoc,,
2880,381,filterLoc,,
2880,384,filterLoc,,
2880,387,filterLoc,,
2880,390,filterLoc,,
2880,393,filterLoc,,
2880,396,filterLoc,,
2880,399,filterLoc,,
2880,402,filterLoc,,
2880,405,filterLoc,,
2880,408,filterLoc,,
2880,411,filterLoc,,
2880,414,filterLoc,,
2880,417,filterLoc,,
2880,420,filterLoc,,
2880,423,filterLoc,,
2880,426,filterLoc,,
2880,429,filterLoc,,
2880,432,filterLoc,,
2880,435,filterLoc,,
2880,438,filterLoc,,
2880,441,filterLoc,,
2880,444,filterLoc,,
2880,447,filterLoc,,
2880,450,filterLoc,,
2880,453,filterLoc,,
2880,456,filterLoc,,
2880,459,filterLoc,,
2880,462,filterLoc,,
2880,465,filterLoc,,
2880,468,filterLoc,,
2880,471,filterLoc,,
2880,474,filterLoc,,
2880,477,filterLoc,,
2880,480,filterLoc,,
2880,483,filterLoc,,
2880,486,filterLoc,,
2880,489,filterLoc,,
2880,492,filterLoc,,
2880,495,filterLoc,,
2880,498,filterLoc,,
2880,501,filterLoc,,
2880,504,filterLoc,,
2880,507,filterLoc,,
2880,510,filterLoc,,
2880,513,filterLoc,,
2880,516,filterLoc,,
2880,519,filterLoc,,
2880,522,filterLoc,,
2880,525,filterLoc,,
2880,528,filterLoc,,
2880,531,filterLoc,,
2880,534,filterLoc,,
2880,537,filterLoc,,
2880,540,filterLoc,,
2880,543,filterLoc,,
2880,546,filterLoc,,
2880,549,filterLoc,,
2880,552,filterLoc,,
2880,555,filterLoc,,
2880,558,filterLoc,,
2880,561,filterLoc,,
2880,564,filterLoc,,
2880,567,filterLoc,,
2880,570,filterLoc,,
2880,573,filterLoc,,
2880,576,filterLoc,,
2880,579,filterLoc,,
2880,582,filterLoc,,
2880,585,filterLoc,,
2880,588,filterLoc,,
2880,591,filterLoc,,
2880,594,filterLoc,,
2880,597,filterLoc,,
2880,600,filterLoc,,
2880,603,filterLoc,,
2880,606,filterLoc,,
2880,609,filterLoc,,
2880,612,filterLoc,,
2880,615,filterLoc,,
2880,618,filterLoc,,
2880,621,filterLoc,,
2880,624,filterLoc,,
2880,627,filterLoc,,
2880,630,filterLoc,,
2880,633,filterLoc,,
2880,636,filterLoc,,
2880,639,filterLoc,,
2880,642,filterLoc,,
2880,645,filterLoc,,
2880,648,filterLoc,,
2880,651,filterLoc,,
2880,654,filterLoc,,
2880,657,filterLoc,,
2880,660,filterLoc,,
2880,663,filterLoc,,
2880,666,filterLoc,,
2880,669,filterLoc,,
2880,672,filterLoc,,
2880,675,filterLoc,,
2880,678,filterLoc,,
2880,681,filterLoc,,
2880,684,filterLoc,,
2880,687,filterLoc,,
2880,690,filterLoc,,
2880,693,filterLoc,,
2880,696,filterLoc,,
2880,699,filterLoc,,
2880,702,filterLoc,,
2880,705,filterLoc,,
2880,708,filterLoc,,
2880,711,filterLoc,,
2880,714,filterLoc,,
2880,717,filterLoc,,
2880,720,filterLoc,,
2880,723,filterLoc,,
2880,726,filterLoc,,;Evacuee;17;in triage category;G;is entering helicopter;1
2880,729,filterLoc,,
2880,732,filterLoc,,
2880,735,filterLoc,,
2880,738,filterLoc,,
2880,741,filterLoc,,;Evacuee;14;in triage category;G;is entering helicopter;1
2880,744,filterLoc,,
2880,747,filterLoc,,
2880,750,filterLoc,,
2880,753,filterLoc,,
2880,756,filterLoc,,
2880,759,filterLoc,,
2880,762,filterLoc,,
2880,765,filterLoc,,
2880,768,filterLoc,,
2880,771,filterLoc,,
2880,774,filterLoc,,
2880,777,filterLoc,,
2880,780,filterLoc,,
2880,783,filterLoc,,
2880,786,filterLoc,,
2880,789,filterLoc,,
2880,792,filterLoc,,
2880,795,filterLoc,,
2880,798,filterLoc,,
2880,801,filterLoc,,
2880,804,filterLoc,,;Evacuee;29;in triage category;G;is entering helicopter;1
2880,807,filterLoc,,
2880,810,filterLoc,,
2880,813,filterLoc,,
2880,816,filterLoc,,
2880,819,filterLoc,,
2880,822,filterLoc,,
2880,825,filterLoc,,
2880,828,filterLoc,,
2880,831,filterLoc,,
2880,834,filterLoc,,
2880,837,filterLoc,,
2880,840,filterLoc,,
2880,843,filterLoc,,
2880,846,filterLoc,,
2880,849,filterLoc,,
2880,852,filterLoc,,
2880,855,filterLoc,,
2880,858,filterLoc,,
2880,861,filterLoc,,
2880,864,filterLoc,,
2880,867,filterLoc,,
2880,870,filterLoc,,
2880,873,filterLoc,,
2880,876,filterLoc,,
2880,879,filterLoc,,
2880,882,filterLoc,,
2880,885,filterLoc,,
2880,888,filterLoc,,
2880,891,filterLoc,,
2880,894,filterLoc,,
2880,897,filterLoc,,
2880,900,filterLoc,,
2880,903,filterLoc,,
2880,906,filterLoc,,
2880,909,filterLoc,,
2880,912,filterLoc,,
2880,915,filterLoc,,
2880,918,filterLoc,,
2880,921,filterLoc,,
2880,924,filterLoc,,
2880,927,filterLoc,,
2880,930,filterLoc,,;Evacuee;31;in triage category;G;is entering helicopter;1
2880,933,filterLoc,,
2880,936,filterLoc,,;Evacuee;10;in triage category;G;is entering helicopter;1
2880,939,filterLoc,,
2880,942,filterLoc,,
2880,945,filterLoc,,
2880,948,filterLoc,,
2880,951,filterLoc,,
2880,954,filterLoc,,
2880,957,filterLoc,,
2880,960,filterLoc,,
2880,963,filterLoc,,
2880,966,filterLoc,,
2880,969,filterLoc,,
2880,972,filterLoc,,
2880,975,filterLoc,,
2880,978,filterLoc,,
2880,981,filterLoc,,
2880,984,filterLoc,,
2880,987,filterLoc,,
2880,990,filterLoc,,
2880,993,filterLoc,,;Evacuee;21;in triage category;G;is entering helicopter;1
2880,996,filterLoc,,
2880,999,filterLoc,,
2880,1002,filterLoc,,
2880,1005,filterLoc,,
2880,1008,filterLoc,,
2880,1011,filterLoc,,
2880,1014,filterLoc,,
2880,1017,filterLoc,,
2880,1020,filterLoc,,
2880,1023,filterLoc,,
2880,1026,filterLoc,,
2880,1029,filterLoc,,
2880,1032,filterLoc,,
2880,1035,filterLoc,,
2880,1038,filterLoc,,
2880,1041,filterLoc,,
2880,1044,filterLoc,,
2880,1047,filterLoc,,
2880,1050,filterLoc,,;Evacuee;35;in triage category;G;is entering helicopter;1
2880,1053,filterLoc,,
2880,1056,filterLoc,,
2880,1059,filterLoc,,
2880,1062,filterLoc,,
2880,1065,filterLoc,,
2880,1068,filterLoc,,
2880,1071,filterLoc,,
2880,1074,filterLoc,,
2880,1077,filterLoc,,
2880,1080,filterLoc,,
2880,1083,filterLoc,,
2880,1086,filterLoc,,
2880,1089,filterLoc,,
2880,1092,filterLoc,,
2880,1095,filterLoc,,
2880,1098,filterLoc,,
2880,1101,filterLoc,,
2880,1104,filterLoc,,
2880,1107,filterLoc,,
2880,1110,filterLoc,,
2880,1113,filterLoc,,
2880,1116,filterLoc,,
2880,1123,filterLoc,,
2880,1126,filterLoc,,
2880,1129,filterLoc,,
2880,1132,filterLoc,,
2880,1135,filterLoc,,
2880,1138,filterLoc,,
2880,1141,filterLoc,,
2880,1144,filterLoc,,
2880,1147,filterLoc,,
2880,1150,filterLoc,,
2880,1153,filterLoc,,
2880,1156,filterLoc,,
2880,1161,helicopter,,Helicopter;1;is loading people at the evacuation site;;and has;0;spots taken
2880,1163,filterLoc,,
2880,1166,filterLoc,,
2880,1169,filterLoc,,
2880,1172,filterLoc,,
2880,1175,filterLoc,,
2880,1178,filterLoc,,
2880,1181,filterLoc,,
2880,1184,filterLoc,,
2880,1187,filterLoc,,
2880,1190,filterLoc,,
2880,1193,filterLoc,,
2880,1196,filterLoc,,
2880,1199,filterLoc,,
2880,1202,filterLoc,,
2880,1205,filterLoc,,
2880,1208,filterLoc,,
2880,1211,filterLoc,,
2880,1214,filterLoc,,
2880,1217,filterLoc,,
2880,1220,filterLoc,,
2880,1223,filterLoc,,
2880,1226,filterLoc,,
2880,1229,filterLoc,,
2880,1232,filterLoc,,
2880,1235,filterLoc,,
2880,1238,filterLoc,,
2880,1241,filterLoc,,
2880,1244,filterLoc,,
2880,1247,filterLoc,,
2880,1250,filterLoc,,
2880,1253,filterLoc,,
2880,1256,filterLoc,,
2880,1259,filterLoc,,
2880,1262,filterLoc,,
2880,1265,filterLoc,,;Evacuee;16;in triage category;G;is entering helicopter;1
2880,1268,filterLoc,,
2880,1271,filterLoc,,
2880,1274,filterLoc,,
2880,1277,filterLoc,,
2880,1280,filterLoc,,
2880,1283,filterLoc,,
2880,1286,filterLoc,,
2880,1289,filterLoc,,
2880,1292,filterLoc,,
2880,1295,filterLoc,,
2880,1298,filterLoc,,
2880,1301,filterLoc,,
2880,1304,filterLoc,,
2880,1307,filterLoc,,
2880,1310,filterLoc,,
2880,1313,filterLoc,,
2880,1316,filterLoc,,
2880,1319,filterLoc,,
2880,1322,filterLoc,,
2880,1325,filterLoc,,
2880,1328,filterLoc,,
2880,1331,filterLoc,,
2880,1334,filterLoc,,
2880,1337,filterLoc,,
2880,1340,filterLoc,,
2880,1343,filterLoc,,
2880,1346,filterLoc,,
2880,1349,filterLoc,,
2880,1352,filterLoc,,
2880,1355,filterLoc,,
2880,1358,filterLoc,,
2880,1361,filterLoc,,
2880,1364,filterLoc,,
2880,1367,filterLoc,,
2880,1370,filterLoc,,
2880,1373,filterLoc,,
2880,1376,filterLoc,,
2880,1379,filterLoc,,
2880,1382,filterLoc,,
2880,1385,filterLoc,,
2880,1388,filterLoc,,
2880,1391,filterLoc,,
2880,1394,filterLoc,,
2880,1397,filterLoc,,
2880,1400,filterLoc,,
2880,1403,filterLoc,,
2880,1406,filterLoc,,
2880,1409,filterLoc,,
2880,1412,filterLoc,,;Evacuee;27;in triage category;G;is entering helicopter;1
2880,1415,filterLoc,,
2880,1418,filterLoc,,
2880,1421,filterLoc,,
2880,1424,filterLoc,,
2880,1427,filterLoc,,
2880,1430,filterLoc,,
2880,1433,filterLoc,,
2880,1436,filterLoc,,
2880,1439,filterLoc,,
2880,1442,filterLoc,,
2880,1445,filterLoc,,
2880,1448,filterLoc,,
2880,1451,filterLoc,,
2880,1454,filterLoc,,
2880,1457,filterLoc,,
2880,1460,filterLoc,,
2880,1463,filterLoc,,
2880,1466,filterLoc,,
2880,1469,filterLoc,,;Evacuee;7;in triage category;G;is entering helicopter;1
2880,1472,filterLoc,,
2880,1475,filterLoc,,
2880,1478,filterLoc,,
2880,1481,filterLoc,,
2880,1484,filterLoc,,
2880,1487,filterLoc,,
2880,1490,filterLoc,,
2880,1493,filterLoc,,
2880,1496,filterLoc,,
2880,1499,filterLoc,,
2880,1502,filterLoc,,
2880,1505,filterLoc,,
2880,1508,filterLoc,,
2880,1511,filterLoc,,
2880,1514,filterLoc,,
2880,1517,filterLoc,,
2880,726,filterLoc,out,Evacuee 17 in triage category G is assigned helicopter 1
2880,726,filterLoc,,
2880,727,evacuee,,Evacuee;17;in triage state;G;is entering helicopter;1
2880,741,filterLoc,out,Evacuee 14 in triage category G is assigned helicopter 1
2880,741,filterLoc,,
2880,742,evacuee,,Evacuee;14;in triage state;G;is entering helicopter;1
2880,804,filterLoc,out,Evacuee 29 in triage category G is assigned helicopter 1
2880,804,filterLoc,,
2880,805,evacuee,,Evacuee;29;in triage state;G;is entering helicopter;1
2880,930,filterLoc,out,Evacuee 31 in triage category G is assigned helicopter 1
2880,930,filterLoc,,
2880,931,evacuee,,Evacuee;31;in triage state;G;is entering helicopter;1
2880,936,filterLoc,out,Evacuee 10 in triage category G is assigned helicopter 1
2880,936,filterLoc,,
2880,937,evacuee,,Evacuee;10;in triage state;G;is entering helicopter;1
2880,993,filterLoc,out,Evacuee 21 in triage category G is assigned helicopter 1
2880,993,filterLoc,,
2880,994,evacuee,,Evacuee;21;in triage state;G;is entering helicopter;1
2880,1050,filterLoc,out,Evacuee 35 in triage category G is assigned helicopter 1
2880,1050,filterLoc,,
2880,1051,evacuee,,Evacuee;35;in triage state;G;is entering helicopter;1
2880,1265,filterLoc,out,Evacuee 16 in triage category G is assigned helicopter 1
2880,1265,filterLoc,,
2880,1266,evacuee,,Evacuee;16;in triage state;G;is entering helicopter;1
2880,1412,filterLoc,out,Evacuee 27 in triage category G is assigned helicopter 1
2880,1412,filterLoc,,
2880,1413,evacuee,,Evacuee;27;in triage state;G;is entering helicopter;1
2880,1469,filterLoc,out,Evacuee 7 in triage category G is assigned helicopter 1
2880,1469,filterLoc,,
2880,1470,evacuee,,Evacuee;7;in triage state;G;is entering helicopter;1
2880,103,filterEvac,,
2880,727,evacuee,outHelo,Evacuee 17 in triage category G is assigned helicopter 1
2880,727,evacuee,,Evacuee;17;in triage state;G;is in helicopter;1
2880,742,evacuee,outHelo,Evacuee 14 in triage category G is assigned helicopter 1
2880,742,evacuee,,Evacuee;14;in triage state;G;is in helicopter;1
2880,805,evacuee,outHelo,Evacuee 29 in triage category G is assigned helicopter 1
2880,805,evacuee,,Evacuee;29;in triage state;G;is in helicopter;1
2880,931,evacuee,outHelo,Evacuee 31 in triage category G is assigned helicopter 1
2880,931,evacuee,,Evacuee;31;in triage state;G;is in helicopter;1
2880,937,evacuee,outHelo,Evacuee 10 in triage category G is assigned helicopter 1
2880,937,evacuee,,Evacuee;10;in triage state;G;is in helicopter;1
2880,994,evacuee,outHelo,Evacuee 21 in triage category G is assigned helicopter 1
2880,994,evacuee,,Evacuee;21;in triage state;G;is in helicopter;1
2880,1051,evacuee,outHelo,Evacuee 35 in triage category G is assigned helicopter 1
2880,1051,evacuee,,Evacuee;35;in triage state;G;is in helicopter;1
2880,1119,filterEvac,,
2880,1159,filterEvac,,;Evacuee;7;in triage category;G;is entering helicopter;1;Evacuee;10;in triage category;G;is entering helicopter;1;Evacuee;14;in triage category;G;is entering helicopter;1;Evacuee;16;in triage category;G;is entering helicopter;1;Evacuee;17;in triage category;G;is entering helicopter;1;Evacuee;21;in triage category;G;is entering helicopter;1;Evacuee;27;in triage category;G;is entering helicopter;1;Evacuee;29;in triage category;G;is entering helicopter;1;Evacuee;31;in triage category;G;is entering helicopter;1;Evacuee;35;in triage category;G;is entering helicopter;1
2880,1266,evacuee,outHelo,Evacuee 16 in triage category G is assigned helicopter 1
2880,1266,evacuee,,Evacuee;16;in triage state;G;is in helicopter;1
2880,1413,evacuee,outHelo,Evacuee 27 in triage category G is assigned helicopter 1
2880,1413,evacuee,,Evacuee;27;in triage state;G;is in helicopter;1
2880,1470,evacuee,outHelo,Evacuee 7 in triage category G is assigned helicopter 1
2880,1470,evacuee,,Evacuee;7;in triage state;G;is in helicopter;1
2880,1159,filterEvac,out,Evacuee 7 in triage category G is assigned helicopter 1
2880,1159,filterEvac,out,Evacuee 10 in triage category G is assigned helicopter 1
2880,1159,filterEvac,out,Evacuee 14 in triage category G is assigned helicopter 1
2880,1159,filterEvac,out,Evacuee 16 in triage category G is assigned helicopter 1
2880,1159,filterEvac,out,Evacuee 17 in triage category G is assigned helicopter 1
2880,1159,filterEvac,out,Evacuee 21 in triage category G is assigned helicopter 1
2880,1159,filterEvac,out,Evacuee 27 in triage category G is assigned helicopter 1
2880,1159,filterEvac,out,Evacuee 29 in triage category G is assigned helicopter 1
2880,1159,filterEvac,out,Evacuee 31 in triage category G is assigned helicopter 1
2880,1159,filterEvac,out,Evacuee 35 in triage category G is assigned helicopter 1
2880,1159,filterEvac,,
2880,1161,helicopter,,Helicopter;1;is loading people at the evacuation site;;and has;10;spots taken
2884.56,3,evacueeManager,,OFF SHIP: White;0;Green;161;Yellow;34;Red;6;Black;289;ON SHIP: White;0;Green;0;Yellow;0;Red;0;Evacuees to Transfer;
2884.56,1323,evacuee,outES,Evacuee 183 in triage category G is not assigned a helicopter
2884.56,1323,evacuee,,Evacuee;183;in triage state;Y;is at the evacuation site
2890.55,3,evacueeManager,,OFF SHIP: White;0;Green;160;Yellow;35;Red;6;Black;289;ON SHIP: White;0;Green;0;Yellow;0;Red;0;Evacuees to Transfer;
2890.55,316,evacuee,outES,Evacuee 319 in triage category G is not assigned a helicopter
2890.55,316,evacuee,,Evacuee;319;in triage state;Y;is at the evacuation site
2892.65,3,evacueeManager,,OFF SHIP: White;0;Green;159;Yellow;36;Red;6;Black;289;ON SHIP: White;0;Green;0;Yellow;0;Red;0;Evacuees to Transfer;
2892.65,655,evacuee,outES,Evacuee 356 in triage category G is not assigned a helicopter
2892.65,655,evacuee,,Evacuee;356;in triage state;Y;is at the evacuation site
2895,4,helipadManager,outHelo,Helicopter 1 is evacuating people1
2895,4,helipadManager,,;No helos are at ES
2895,104,filterES,,
2895,1120,filterES,,
2895,1160,filterES,,Helicopter;1;is evacuating people
2895,4,helipadManager,outHQ,0
2895,4,helipadManager,,;No helos are at ES
2895,5,helicopterQueue,,;No helos are waiting to land
2895,1160,filterES,out,Helicopter 1 is evacuating people1
2895,1160,filterES,,
2895,1161,helicopter,,Helicopter;1;is loading people at the evacuation site;;and has;10;spots taken
2895,5,helicopterQueue,,;No helos are waiting to land
2895,1161,helicopter,,Helicopter;1;is returning to the FOL;;and has;10;spots taken
2914,3,evacueeManager,,OFF SHIP: White;0;Green;159;Yellow;36;Red;5;Black;290;ON SHIP: White;0;Green;0;Yellow;0;Red;0;Evacuees to Transfer;
2914,1045,evacuee,outES,Evacuee 160 in triage category R is not assigned a helicopter
2914,1045,evacuee,,Evacuee;160;in triage state;B;is at the evacuation site
2919.89,3,evacueeManager,,OFF SHIP: White;0;Green;159;Yellow;36;Red;4;Black;291;ON SHIP: White;0;Green;0;Yellow;0;Red;0;Evacuees to Transfer;
2919.89,241,evacuee,outES,Evacuee 425 in triage category R is not assigned a helicopter
2919.89,241,evacuee,,Evacuee;425;in triage state;B;is at the evacuation site
2936.23,3,evacueeManager,,OFF SHIP: White;0;Green;159;Yellow;35;Red;5;Black;291;ON SHIP: White;0;Green;0;Yellow;0;Red;0;Evacuees to Transfer;
2936.23,1452,evacuee,outES,Evacuee 464 in triage category Y is not assigned a helicopter
2936.23,1452,evacuee,,Evacuee;464;in triage state;R;is at the evacuation site
2940,5,helicopterQueue,,1;Helos are waiting to land;HeloID;2
2940,1121,helicopter,outES,Helicopter 2 is evacuating people2
2940,1121,helicopter,,Helicopter;2;is waiting to land at the evacuation site;;and has;0;spots taken
2940,4,helipadManager,,;No helos are at ES
2940,5,helicopterQueue,outHM,Helicopter 2 is evacuating people2
2940,5,helicopterQueue,outHelo,Helicopter 2 is evacuating people2
2940,5,helicopterQueue,,;No helos are waiting to land
2940,104,filterES,,
2940,1120,filterES,,Helicopter;2;is evacuating people
2940,1160,filterES,,
2940,3,evacueeManager,,OFF SHIP: White;0;Green;149;Yellow;35;Red;5;Black;291;ON SHIP: White;0;Green;0;Yellow;0;Red;0;Evacuees to Transfer;;EvacueeID;36;HeloID;2;OnShip;0;Triage Status;G;EvacueeID;38;HeloID;2;OnShip;0;Triage Status;G;EvacueeID;42;HeloID;2;OnShip;0;Triage Status;G;EvacueeID;43;HeloID;2;OnShip;0;Triage Status;G;EvacueeID;46;HeloID;2;OnShip;0;Triage Status;G;EvacueeID;47;HeloID;2;OnShip;0;Triage Status;G;EvacueeID;53;HeloID;2;OnShip;0;Triage Status;G;EvacueeID;54;HeloID;2;OnShip;0;Triage Status;G;EvacueeID;56;HeloID;2;OnShip;0;Triage Status;G;EvacueeID;63;HeloID;2;OnShip;0;Triage Status;G
2940,4,helipadManager,outEM,Helicopter 2 is evacuating people2
2940,4,helipadManager,,Helo;2;is at the ES
2940,1120,filterES,out,Helicopter 2 is evacuating people2
2940,1120,filterES,,
2940,1121,helicopter,,Helicopter;2;is waiting to land at the evacuation site;;and has;0;spots taken
2940,3,evacueeManager,outEvac,Evacuee 36 in triage category G is assigned helicopter 2
2940,3,evacueeManager,outEvac,Evacuee 38 in triage category G is assigned helicopter 2
2940,3,evacueeManager,outEvac,Evacuee 42 in triage category G is assigned helicopter 2
2940,3,evacueeManager,outEvac,Evacuee 43 in triage category G is assigned helicopter 2
2940,3,evacueeManager,outEvac,Evacuee 46 in triage category G is assigned helicopter 2
2940,3,evacueeManager,outEvac,Evacuee 47 in triage category G is assigned helicopter 2
2940,3,evacueeManager,outEvac,Evacuee 53 in triage category G is assigned helicopter 2
2940,3,evacueeManager,outEvac,Evacuee 54 in triage category G is assigned helicopter 2
2940,3,evacueeManager,outEvac,Evacuee 56 in triage category G is assigned helicopter 2
2940,3,evacueeManager,outEvac,Evacuee 63 in triage category G is assigned helicopter 2
2940,3,evacueeManager,,OFF SHIP: White;0;Green;149;Yellow;35;Red;5;Black;291;ON SHIP: White;0;Green;0;Yellow;0;Red;0;Evacuees to Transfer;
2940,7,filterLoc,,
2940,10,filterLoc,,
2940,13,filterLoc,,
2940,16,filterLoc,,
2940,19,filterLoc,,
2940,22,filterLoc,,
2940,25,filterLoc,,
2940,28,filterLoc,,
2940,31,filterLoc,,
2940,34,filterLoc,,
2940,37,filterLoc,,
2940,40,filterLoc,,
2940,43,filterLoc,,
2940,46,filterLoc,,
2940,49,filterLoc,,
2940,52,filterLoc,,
2940,55,filterLoc,,
2940,58,filterLoc,,
2940,61,filterLoc,,
2940,64,filterLoc,,
2940,67,filterLoc,,
2940,70,filterLoc,,
2940,73,filterLoc,,
2940,76,filterLoc,,
2940,79,filterLoc,,
2940,82,filterLoc,,
2940,85,filterLoc,,
2940,88,filterLoc,,
2940,91,filterLoc,,
2940,94,filterLoc,,
2940,97,filterLoc,,
2940,100,filterLoc,,
2940,107,filterLoc,,
2940,110,filterLoc,,
2940,113,filterLoc,,
2940,116,filterLoc,,
2940,119,filterLoc,,
2940,122,filterLoc,,
2940,125,filterLoc,,
2940,128,filterLoc,,
2940,131,filterLoc,,
2940,134,filterLoc,,
2940,137,filterLoc,,
2940,140,filterLoc,,
2940,143,filterLoc,,
2940,146,filterLoc,,
2940,149,filterLoc,,
2940,152,filterLoc,,
2940,155,filterLoc,,
2940,158,filterLoc,,
2940,161,filterLoc,,
2940,164,filterLoc,,
2940,167,filterLoc,,
2940,170,filterLoc,,
2940,173,filterLoc,,
2940,176,filterLoc,,
2940,179,filterLoc,,
2940,182,filterLoc,,
2940,185,filterLoc,,
2940,188,filterLoc,,
2940,191,filterLoc,,
2940,194,filterLoc,,
2940,197,filterLoc,,
2940,200,filterLoc,,
2940,203,filterLoc,,
2940,206,filterLoc,,
2940,209,filterLoc,,
2940,212,filterLoc,,
2940,215,filterLoc,,
2940,218,filterLoc,,
2940,221,filterLoc,,
2940,225,filterLoc,,
2940,228,filterLoc,,
2940,231,filterLoc,,
2940,234,filterLoc,,
2940,237,filterLoc,,
2940,240,filterLoc,,
2940,243,filterLoc,,
2940,246,filterLoc,,
2940,249,filterLoc,,
2940,252,filterLoc,,
2940,255,filterLoc,,
2940,258,filterLoc,,
2940,261,filterLoc,,
2940,264,filterLoc,,
2940,267,filterLoc,,
2940,270,filterLoc,,
2940,273,filterLoc,,
2940,276,filterLoc,,
2940,279,filterLoc,,
2940,282,filterLoc,,
2940,285,filterLoc,,
2940,288,filterLoc,,
2940,291,filterLoc,,
2940,294,filterLoc,,
2940,297,filterLoc,,
2940,300,filterLoc,,
2940,303,filterLoc,,
2940,306,filterLoc,,
2940,309,filterLoc,,
2940,312,filterLoc,,
2940,315,filterLoc,,
2940,318,filterLoc,,
2940,321,filterLoc,,
2940,324,filterLoc,,
2940,327,filterLoc,,
2940,330,filterLoc,,
2940,333,filterLoc,,
2940,336,filterLoc,,
2940,339,filterLoc,,
2940,342,filterLoc,,
2940,345,filterLoc,,
2940,348,filterLoc,,
2940,351,filterLoc,,
2940,354,filterLoc,,
2940,357,filterLoc,,
2940,360,filterLoc,,
2940,363,filterLoc,,
2940,366,filterLoc,,
2940,369,filterLoc,,
2940,372,filterLoc,,
2940,375,filterLoc,,
2940,378,filterLoc,,
2940,381,filterLoc,,
2940,384,filterLoc,,
2940,387,filterLoc,,
2940,390,filterLoc,,
2940,393,filterLoc,,
2940,396,filterLoc,,
2940,399,filterLoc,,
2940,402,filterLoc,,
2940,405,filterLoc,,
2940,408,filterLoc,,
2940,411,filterLoc,,
2940,414,filterLoc,,
2940,417,filterLoc,,
2940,420,filterLoc,,
2940,423,filterLoc,,
2940,426,filterLoc,,
2940,429,filterLoc,,
2940,432,filterLoc,,
2940,435,filterLoc,,
2940,438,filterLoc,,
2940,441,filterLoc,,
2940,444,filterLoc,,
2940,447,filterLoc,,
2940,450,filterLoc,,
2940,453,filterLoc,,
2940,456,filterLoc,,
2940,459,filterLoc,,
2940,462,filterLoc,,
2940,465,filterLoc,,
2940,468,filterLoc,,
2940,471,filterLoc,,
2940,474,filterLoc,,
2940,477,filterLoc,,
2940,480,filterLoc,,
2940,483,filterLoc,,
2940,486,filterLoc,,
2940,489,filterLoc,,
2940,492,filterLoc,,
2940,495,filterLoc,,
2940,498,filterLoc,,
2940,501,filterLoc,,
2940,504,filterLoc,,
2940,507,filterLoc,,
2940,510,filterLoc,,
2940,513,filterLoc,,
2940,516,filterLoc,,
2940,519,filterLoc,,
2940,522,filterLoc,,
2940,525,filterLoc,,
2940,528,filterLoc,,
2940,531,filterLoc,,
2940,534,filterLoc,,
2940,537,filterLoc,,
2940,540,filterLoc,,
2940,543,filterLoc,,
2940,546,filterLoc,,
2940,549,filterLoc,,
2940,552,filterLoc,,
2940,555,filterLoc,,
2940,558,filterLoc,,
2940,561,filterLoc,,
2940,564,filterLoc,,
2940,567,filterLoc,,
2940,570,filterLoc,,
2940,573,filterLoc,,
2940,576,filterLoc,,
2940,579,filterLoc,,
2940,582,filterLoc,,
2940,585,filterLoc,,
2940,588,filterLoc,,
2940,591,filterLoc,,
2940,594,filterLoc,,
2940,597,filterLoc,,
2940,600,filterLoc,,
2940,603,filterLoc,,
2940,606,filterLoc,,
2940,609,filterLoc,,
2940,612,filterLoc,,
2940,615,filterLoc,,
2940,618,filterLoc,,
2940,621,filterLoc,,
2940,624,filterLoc,,
2940,627,filterLoc,,
2940,630,filterLoc,,
2940,633,filterLoc,,
2940,636,filterLoc,,
2940,639,filterLoc,,
2940,642,filterLoc,,
2940,645,filterLoc,,
2940,648,filterLoc,,
2940,651,filterLoc,,
2940,654,filterLoc,,
2940,657,filterLoc,,
2940,660,filterLoc,,
2940,663,filterLoc,,
2940,666,filterLoc,,
2940,669,filterLoc,,
2940,672,filterLoc,,
2940,675,filterLoc,,
2940,678,filterLoc,,
2940,681,filterLoc,,
2940,684,filterLoc,,
2940,687,filterLoc,,
2940,690,filterLoc,,
2940,693,filterLoc,,
2940,696,filterLoc,,
2940,699,filterLoc,,
2940,702,filterLoc,,
2940,705,filterLoc,,
2940,708,filterLoc,,
2940,711,filterLoc,,
2940,714,filterLoc,,
2940,717,filterLoc,,
2940,720,filterLoc,,
2940,723,filterLoc,,
2940,726,filterLoc,,
2940,729,filterLoc,,
2940,732,filterLoc,,
2940,735,filterLoc,,
2940,738,filterLoc,,
2940,741,filterLoc,,
2940,744,filterLoc,,
2940,747,filterLoc,,
2940,750,filterLoc,,
2940,753,filterLoc,,
2940,756,filterLoc,,
2940,759,filterLoc,,
2940,762,filterLoc,,
2940,765,filterLoc,,
2940,768,filterLoc,,
2940,771,filterLoc,,
2940,774,filterLoc,,
2940,777,filterLoc,,
2940,780,filterLoc,,
2940,783,filterLoc,,
2940,786,filterLoc,,
2940,789,filterLoc,,
2940,792,filterLoc,,
2940,795,filterLoc,,
2940,798,filterLoc,,
2940,801,filterLoc,,
2940,804,filterLoc,,
2940,807,filterLoc,,
2940,810,filterLoc,,
2940,813,filterLoc,,
2940,816,filterLoc,,
2940,819,filterLoc,,
2940,822,filterLoc,,
2940,825,filterLoc,,
2940,828,filterLoc,,
2940,831,filterLoc,,
2940,834,filterLoc,,
2940,837,filterLoc,,
2940,840,filterLoc,,
2940,843,filterLoc,,
2940,846,filterLoc,,
2940,849,filterLoc,,
2940,852,filterLoc,,
2940,855,filterLoc,,
2940,858,filterLoc,,
2940,861,filterLoc,,
2940,864,filterLoc,,
2940,867,filterLoc,,
2940,870,filterLoc,,;Evacuee;54;in triage category;G;is entering helicopter;2
2940,873,filterLoc,,
2940,876,filterLoc,,
2940,879,filterLoc,,
2940,882,filterLoc,,
2940,885,filterLoc,,
2940,888,filterLoc,,
2940,891,filterLoc,,
2940,894,filterLoc,,
2940,897,filterLoc,,
2940,900,filterLoc,,
2940,903,filterLoc,,
2940,906,filterLoc,,
2940,909,filterLoc,,
2940,912,filterLoc,,
2940,915,filterLoc,,
2940,918,filterLoc,,
2940,921,filterLoc,,
2940,924,filterLoc,,
2940,927,filterLoc,,
2940,930,filterLoc,,
2940,933,filterLoc,,;Evacuee;38;in triage category;G;is entering helicopter;2
2940,936,filterLoc,,
2940,939,filterLoc,,
2940,942,filterLoc,,
2940,945,filterLoc,,
2940,948,filterLoc,,
2940,951,filterLoc,,
2940,954,filterLoc,,
2940,957,filterLoc,,
2940,960,filterLoc,,
2940,963,filterLoc,,
2940,966,filterLoc,,
2940,969,filterLoc,,
2940,972,filterLoc,,
2940,975,filterLoc,,
2940,978,filterLoc,,
2940,981,filterLoc,,
2940,984,filterLoc,,
2940,987,filterLoc,,
2940,990,filterLoc,,
2940,993,filterLoc,,
2940,996,filterLoc,,
2940,999,filterLoc,,
2940,1002,filterLoc,,;Evacuee;46;in triage category;G;is entering helicopter;2
2940,1005,filterLoc,,;Evacuee;53;in triage category;G;is entering helicopter;2
2940,1008,filterLoc,,
2940,1011,filterLoc,,
2940,1014,filterLoc,,
2940,1017,filterLoc,,
2940,1020,filterLoc,,
2940,1023,filterLoc,,
2940,1026,filterLoc,,
2940,1029,filterLoc,,
2940,1032,filterLoc,,
2940,1035,filterLoc,,
2940,1038,filterLoc,,
2940,1041,filterLoc,,
2940,1044,filterLoc,,
2940,1047,filterLoc,,
2940,1050,filterLoc,,
2940,1053,filterLoc,,
2940,1056,filterLoc,,;Evacuee;36;in triage category;G;is entering helicopter;2
2940,1059,filterLoc,,
2940,1062,filterLoc,,
2940,1065,filterLoc,,;Evacuee;42;in triage category;G;is entering helicopter;2
2940,1068,filterLoc,,
2940,1071,filterLoc,,;Evacuee;43;in triage category;G;is entering helicopter;2
2940,1074,filterLoc,,
2940,1077,filterLoc,,
2940,1080,filterLoc,,
2940,1083,filterLoc,,
2940,1086,filterLoc,,
2940,1089,filterLoc,,
2940,1092,filterLoc,,
2940,1095,filterLoc,,
2940,1098,filterLoc,,
2940,1101,filterLoc,,
2940,1104,filterLoc,,
2940,1107,filterLoc,,
2940,1110,filterLoc,,
2940,1113,filterLoc,,
2940,1116,filterLoc,,
2940,1121,helicopter,,Helicopter;2;is loading people at the evacuation site;;and has;0;spots taken
2940,1123,filterLoc,,
2940,1126,filterLoc,,;Evacuee;63;in triage category;G;is entering helicopter;2
2940,1129,filterLoc,,
2940,1132,filterLoc,,;Evacuee;47;in triage category;G;is entering helicopter;2
2940,1135,filterLoc,,;Evacuee;56;in triage category;G;is entering helicopter;2
2940,1138,filterLoc,,
2940,1141,filterLoc,,
2940,1144,filterLoc,,
2940,1147,filterLoc,,
2940,1150,filterLoc,,
2940,1153,filterLoc,,
2940,1156,filterLoc,,
2940,1163,filterLoc,,
2940,1166,filterLoc,,
2940,1169,filterLoc,,
2940,1172,filterLoc,,
2940,1175,filterLoc,,
2940,1178,filterLoc,,
2940,1181,filterLoc,,
2940,1184,filterLoc,,
2940,1187,filterLoc,,
2940,1190,filterLoc,,
2940,1193,filterLoc,,
2940,1196,filterLoc,,
2940,1199,filterLoc,,
2940,1202,filterLoc,,
2940,1205,filterLoc,,
2940,1208,filterLoc,,
2940,1211,filterLoc,,
2940,1214,filterLoc,,
2940,1217,filterLoc,,
2940,1220,filterLoc,,
2940,1223,filterLoc,,
2940,1226,filterLoc,,
2940,1229,filterLoc,,
2940,1232,filterLoc,,
2940,1235,filterLoc,,
2940,1238,filterLoc,,
2940,1241,filterLoc,,
2940,1244,filterLoc,,
2940,1247,filterLoc,,
2940,1250,filterLoc,,
2940,1253,filterLoc,,
2940,1256,filterLoc,,
2940,1259,filterLoc,,
2940,1262,filterLoc,,
2940,1265,filterLoc,,
2940,1268,filterLoc,,
2940,1271,filterLoc,,
2940,1274,filterLoc,,
2940,1277,filterLoc,,
2940,1280,filterLoc,,
2940,1283,filterLoc,,
2940,1286,filterLoc,,
2940,1289,filterLoc,,
2940,1292,filterLoc,,
2940,1295,filterLoc,,
2940,1298,filterLoc,,
2940,1301,filterLoc,,
2940,1304,filterLoc,,
2940,1307,filterLoc,,
2940,1310,filterLoc,,
2940,1313,filterLoc,,
2940,1316,filterLoc,,
2940,1319,filterLoc,,
2940,1322,filterLoc,,
2940,1325,filterLoc,,
2940,1328,filterLoc,,
2940,1331,filterLoc,,
2940,1334,filterLoc,,
2940,1337,filterLoc,,
2940,1340,filterLoc,,
2940,1343,filterLoc,,
2940,1346,filterLoc,,
2940,1349,filterLoc,,
2940,1352,filterLoc,,
2940,1355,filterLoc,,
2940,1358,filterLoc,,
2940,1361,filterLoc,,
2940,1364,filterLoc,,
2940,1367,filterLoc,,
2940,1370,filterLoc,,
2940,1373,filterLoc,,
2940,1376,filterLoc,,
2940,1379,filterLoc,,
2940,1382,filterLoc,,
2940,1385,filterLoc,,
2940,1388,filterLoc,,
2940,1391,filterLoc,,
2940,1394,filterLoc,,
2940,1397,filterLoc,,
2940,1400,filterLoc,,
2940,1403,filterLoc,,
2940,1406,filterLoc,,
2940,1409,filterLoc,,
2940,1412,filterLoc,,
2940,1415,filterLoc,,
2940,1418,filterLoc,,
2940,1421,filterLoc,,
2940,1424,filterLoc,,
2940,1427,filterLoc,,
2940,1430,filterLoc,,
2940,1433,filterLoc,,
2940,1436,filterLoc,,
2940,1439,filterLoc,,
2940,1442,filterLoc,,
2940,1445,filterLoc,,
2940,1448,filterLoc,,
2940,1451,filterLoc,,
2940,1454,filterLoc,,
2940,1457,filterLoc,,
2940,1460,filterLoc,,
2940,1463,filterLoc,,
2940,1466,filterLoc,,
2940,1469,filterLoc,,
2940,1472,filterLoc,,
2940,1475,filterLoc,,
2940,1478,filterLoc,,
2940,1481,filterLoc,,
2940,1484,filterLoc,,
2940,1487,filterLoc,,
2940,1490,filterLoc,,
2940,1493,filterLoc,,
2940,1496,filterLoc,,
2940,1499,filterLoc,,
2940,1502,filterLoc,,
2940,1505,filterLoc,,
2940,1508,filterLoc,,
2940,1511,filterLoc,,
2940,1514,filterLoc,,
2940,1517,filterLoc,,
2940,870,filterLoc,out,Evacuee 54 in triage category G is assigned helicopter 2
2940,870,filterLoc,,
2940,871,evacuee,,Evacuee;54;in triage state;G;is entering helicopter;2
2940,933,filterLoc,out,Evacuee 38 in triage category G is assigned helicopter 2
2940,933,filterLoc,,
2940,934,evacuee,,Evacuee;38;in triage state;G;is entering helicopter;2
2940,1002,filterLoc,out,Evacuee 46 in triage category G is assigned helicopter 2
2940,1002,filterLoc,,
2940,1003,evacuee,,Evacuee;46;in triage state;G;is entering helicopter;2
2940,1005,filterLoc,out,Evacuee 53 in triage category G is assigned helicopter 2
2940,1005,filterLoc,,
2940,1006,evacuee,,Evacuee;53;in triage state;G;is entering helicopter;2
2940,1056,filterLoc,out,Evacuee 36 in triage category G is assigned helicopter 2
2940,1056,filterLoc,,
2940,1057,evacuee,,Evacuee;36;in triage state;G;is entering helicopter;2
2940,1065,filterLoc,out,Evacuee 42 in triage category G is assigned helicopter 2
2940,1065,filterLoc,,
2940,1066,evacuee,,Evacuee;42;in triage state;G;is entering helicopter;2
2940,1071,filterLoc,out,Evacuee 43 in triage category G is assigned helicopter 2
2940,1071,filterLoc,,
2940,1072,evacuee,,Evacuee;43;in triage state;G;is entering helicopter;2
2940,1126,filterLoc,out,Evacuee 63 in triage category G is assigned helicopter 2
2940,1126,filterLoc,,
2940,1127,evacuee,,Evacuee;63;in triage state;G;is entering helicopter;2
2940,1132,filterLoc,out,Evacuee 47 in triage category G is assigned helicopter 2
2940,1132,filterLoc,,
2940,1133,evacuee,,Evacuee;47;in triage state;G;is entering helicopter;2
2940,1135,filterLoc,out,Evacuee 56 in triage category G is assigned helicopter 2
2940,1135,filterLoc,,
2940,1136,evacuee,,Evacuee;56;in triage state;G;is entering helicopter;2
2940,103,filterEvac,,
2940,871,evacuee,outHelo,Evacuee 54 in triage category G is assigned helicopter 2
2940,871,evacuee,,Evacuee;54;in triage state;G;is in helicopter;2
2940,934,evacuee,outHelo,Evacuee 38 in triage category G is assigned helicopter 2
2940,934,evacuee,,Evacuee;38;in triage state;G;is in helicopter;2
2940,1003,evacuee,outHelo,Evacuee 46 in triage category G is assigned helicopter 2
2940,1003,evacuee,,Evacuee;46;in triage state;G;is in helicopter;2
2940,1006,evacuee,outHelo,Evacuee 53 in triage category G is assigned helicopter 2
2940,1006,evacuee,,Evacuee;53;in triage state;G;is in helicopter;2
2940,1057,evacuee,outHelo,Evacuee 36 in triage category G is assigned helicopter 2
2940,1057,evacuee,,Evacuee;36;in triage state;G;is in helicopter;2
2940,1066,evacuee,outHelo,Evacuee 42 in triage category G is assigned helicopter 2
2940,1066,evacuee,,Evacuee;42;in triage state;G;is in helicopter;2
2940,1072,evacuee,outHelo,Evacuee 43 in triage category G is assigned helicopter 2
2940,1072,evacuee,,Evacuee;43;in triage state;G;is in helicopter;2
2940,1119,filterEvac,,;Evacuee;36;in triage category;G;is entering helicopter;2;Evacuee;38;in triage category;G;is entering helicopter;2;Evacuee;42;in triage category;G;is entering helicopter;2;Evacuee;43;in triage category;G;is entering helicopter;2;Evacuee;46;in triage category;G;is entering helicopter;2;Evacuee;47;in triage category;G;is entering helicopter;2;Evacuee;53;in triage category;G;is entering helicopter;2;Evacuee;54;in triage category;G;is entering helicopter;2;Evacuee;56;in triage category;G;is entering helicopter;2;Evacuee;63;in triage category;G;is entering helicopter;2
2940,1127,evacuee,outHelo,Evacuee 63 in triage category G is assigned helicopter 2
2940,1127,evacuee,,Evacuee;63;in triage state;G;is in helicopter;2
2940,1133,evacuee,outHelo,Evacuee 47 in triage category G is assigned helicopter 2
2940,1133,evacuee,,Evacuee;47;in triage state;G;is in helicopter;2
2940,1136,evacuee,outHelo,Evacuee 56 in triage category G is assigned helicopter 2
2940,1136,evacuee,,Evacuee;56;in triage state;G;is in helicopter;2
2940,1159,filterEvac,,
2940,1119,filterEvac,out,Evacuee 36 in triage category G is assigned helicopter 2
2940,1119,filterEvac,out,Evacuee 38 in triage category G is assigned helicopter 2
2940,1119,filterEvac,out,Evacuee 42 in triage category G is assigned helicopter 2
2940,1119,filterEvac,out,Evacuee 43 in triage category G is assigned helicopter 2
2940,1119,filterEvac,out,Evacuee 46 in triage category G is assigned helicopter 2
2940,1119,filterEvac,out,Evacuee 47 in triage category G is assigned helicopter 2
2940,1119,filterEvac,out,Evacuee 53 in triage category G is assigned helicopter 2
2940,1119,filterEvac,out,Evacuee 54 in triage category G is assigned helicopter 2
2940,1119,filterEvac,out,Evacuee 56 in triage category G is assigned helicopter 2
2940,1119,filterEvac,out,Evacuee 63 in triage category G is assigned helicopter 2
2940,1119,filterEvac,,
2940,1121,helicopter,,Helicopter;2;is loading people at the evacuation site;;and has;10;spots taken
2950.63,3,evacueeManager,,OFF SHIP: White;0;Green;149;Yellow;35;Red;4;Black;292;ON SHIP: White;0;Green;0;Yellow;0;Red;0;Evacuees to Transfer;
2950.63,1254,evacuee,outES,Evacuee 234 in triage category R is not assigned a helicopter
2950.63,1254,evacuee,,Evacuee;234;in triage state;B;is at the evacuation site
2953.94,3,evacueeManager,,OFF SHIP: White;0;Green;149;Yellow;35;Red;3;Black;293;ON SHIP: White;0;Green;0;Yellow;0;Red;0;Evacuees to Transfer;
2953.94,646,evacuee,outES,Evacuee 79 in triage category R is not assigned a helicopter
2953.94,646,evacuee,,Evacuee;79;in triage state;B;is at the evacuation site
2955,4,helipadManager,outHelo,Helicopter 2 is evacuating people2
2955,4,helipadManager,,;No helos are at ES
2955,104,filterES,,
2955,1120,filterES,,Helicopter;2;is evacuating people
2955,1160,filterES,,
2955,4,helipadManager,outHQ,0
2955,4,helipadManager,,;No helos are at ES
2955,5,helicopterQueue,,;No helos are waiting to land
2955,1120,filterES,out,Helicopter 2 is evacuating people2
2955,1120,filterES,,
2955,1121,helicopter,,Helicopter;2;is loading people at the evacuation site;;and has;10;spots taken
2955,5,helicopterQueue,,;No helos are waiting to land
2955,1121,helicopter,,Helicopter;2;is returning to the FOL;;and has;10;spots taken
2955.78,3,evacueeManager,,OFF SHIP: White;0;Green;148;Yellow;36;Red;3;Black;293;ON SHIP: White;0;Green;0;Yellow;0;Red;0;Evacuees to Transfer;
2955.78,1191,evacuee,outES,Evacuee 131 in triage category G is not assigned a helicopter
2955.78,1191,evacuee,,Evacuee;131;in triage state;Y;is at the evacuation site
2960.38,3,evacueeManager,,OFF SHIP: White;0;Green;147;Yellow;37;Red;3;Black;293;ON SHIP: White;0;Green;0;Yellow;0;Red;0;Evacuees to Transfer;
2960.38,1117,evacuee,outES,Evacuee 120 in triage category G is not assigned a helicopter
2960.38,1117,evacuee,,Evacuee;120;in triage state;Y;is at the evacuation site
2964.11,3,evacueeManager,,OFF SHIP: White;0;Green;147;Yellow;37;Red;2;Black;294;ON SHIP: White;0;Green;0;Yellow;0;Red;0;Evacuees to Transfer;
2964.11,1114,evacuee,outES,Evacuee 266 in triage category R is not assigned a helicopter
2964.11,1114,evacuee,,Evacuee;266;in triage state;B;is at the evacuation site
2972.55,3,evacueeManager,,OFF SHIP: White;0;Green;146;Yellow;38;Red;2;Black;294;ON SHIP: White;0;Green;0;Yellow;0;Red;0;Evacuees to Transfer;
2972.55,859,evacuee,outES,Evacuee 172 in triage category G is not assigned a helicopter
2972.55,859,evacuee,,Evacuee;172;in triage state;Y;is at the evacuation site
2982.75,3,evacueeManager,,OFF SHIP: White;0;Green;145;Yellow;39;Red;2;Black;294;ON SHIP: White;0;Green;0;Yellow;0;Red;0;Evacuees to Transfer;
2982.75,1257,evacuee,outES,Evacuee 162 in triage category G is not assigned a helicopter
2982.75,1257,evacuee,,Evacuee;162;in triage state;Y;is at the evacuation site
2988.64,3,evacueeManager,,OFF SHIP: White;0;Green;145;Yellow;38;Red;3;Black;294;ON SHIP: White;0;Green;0;Yellow;0;Red;0;Evacuees to Transfer;
2988.64,108,evacuee,outES,Evacuee 434 in triage category Y is not assigned a helicopter
2988.64,108,evacuee,,Evacuee;434;in triage state;R;is at the evacuation site
3000,5,helicopterQueue,,1;Helos are waiting to land;HeloID;3
3000,105,helicopter,outES,Helicopter 3 is evacuating people3
3000,105,helicopter,,Helicopter;3;is waiting to land at the evacuation site;;and has;0;spots taken
3000,4,helipadManager,,;No helos are at ES
3000,5,helicopterQueue,outHM,Helicopter 3 is evacuating people3
3000,5,helicopterQueue,outHelo,Helicopter 3 is evacuating people3
3000,5,helicopterQueue,,;No helos are waiting to land
3000,104,filterES,,Helicopter;3;is evacuating people
3000,1120,filterES,,
3000,1160,filterES,,
3000,3,evacueeManager,,OFF SHIP: White;0;Green;135;Yellow;38;Red;3;Black;294;ON SHIP: White;0;Green;0;Yellow;0;Red;0;Evacuees to Transfer;;EvacueeID;65;HeloID;3;OnShip;0;Triage Status;G;EvacueeID;68;HeloID;3;OnShip;0;Triage Status;G;EvacueeID;69;HeloID;3;OnShip;0;Triage Status;G;EvacueeID;72;HeloID;3;OnShip;0;Triage Status;G;EvacueeID;73;HeloID;3;OnShip;0;Triage Status;G;EvacueeID;77;HeloID;3;OnShip;0;Triage Status;G;EvacueeID;78;HeloID;3;OnShip;0;Triage Status;G;EvacueeID;82;HeloID;3;OnShip;0;Triage Status;G;EvacueeID;84;HeloID;3;OnShip;0;Triage Status;G;EvacueeID;85;HeloID;3;OnShip;0;Triage Status;G
3000,4,helipadManager,outEM,Helicopter 3 is evacuating people3
3000,4,helipadManager,,Helo;3;is at the ES
3000,104,filterES,out,Helicopter 3 is evacuating people3
3000,104,filterES,,
3000,105,helicopter,,Helicopter;3;is waiting to land at the evacuation site;;and has;0;spots taken
3000,3,evacueeManager,outEvac,Evacuee 65 in triage category G is assigned helicopter 3
3000,3,evacueeManager,outEvac,Evacuee 68 in triage category G is assigned helicopter 3
3000,3,evacueeManager,outEvac,Evacuee 69 in triage category G is assigned helicopter 3
3000,3,evacueeManager,outEvac,Evacuee 72 in triage category G is assigned helicopter 3
3000,3,evacueeManager,outEvac,Evacuee 73 in triage category G is assigned helicopter 3
3000,3,evacueeManager,outEvac,Evacuee 77 in triage category G is assigned helicopter 3
3000,3,evacueeManager,outEvac,Evacuee 78 in triage category G is assigned helicopter 3
3000,3,evacueeManager,outEvac,Evacuee 82 in triage category G is assigned helicopter 3
3000,3,evacueeManager,outEvac,Evacuee 84 in triage category G is assigned helicopter 3
3000,3,evacueeManager,outEvac,Evacuee 85 in triage category G is assigned helicopter 3
3000,3,evacueeManager,,OFF SHIP: White;0;Green;135;Yellow;38;Red;3;Black;294;ON SHIP: White;0;Green;0;Yellow;0;Red;0;Evacuees to Transfer;
3000,7,filterLoc,,
3000,10,filterLoc,,
3000,13,filterLoc,,
3000,16,filterLoc,,
3000,19,filterLoc,,
3000,22,filterLoc,,
3000,25,filterLoc,,
3000,28,filterLoc,,
3000,31,filterLoc,,
3000,34,filterLoc,,
3000,37,filterLoc,,
3000,40,filterLoc,,
3000,43,filterLoc,,
3000,46,filterLoc,,
3000,49,filterLoc,,
3000,52,filterLoc,,
3000,55,filterLoc,,
3000,58,filterLoc,,
3000,61,filterLoc,,
3000,64,filterLoc,,
3000,67,filterLoc,,
3000,70,filterLoc,,
3000,73,filterLoc,,
3000,76,filterLoc,,
3000,79,filterLoc,,
3000,82,filterLoc,,
3000,85,filterLoc,,
3000,88,filterLoc,,
3000,91,filterLoc,,
3000,94,filterLoc,,
3000,97,filterLoc,,
3000,100,filterLoc,,
3000,105,helicopter,,Helicopter;3;is loading people at the evacuation site;;and has;0;spots taken
3000,107,filterLoc,,
3000,110,filterLoc,,
3000,113,filterLoc,,
3000,116,filterLoc,,
3000,119,filterLoc,,
3000,122,filterLoc,,
3000,125,filterLoc,,
3000,128,filterLoc,,
3000,131,filterLoc,,
3000,134,filterLoc,,
3000,137,filterLoc,,
3000,140,filterLoc,,
3000,143,filterLoc,,
3000,146,filterLoc,,
3000,149,filterLoc,,
3000,152,filterLoc,,
3000,155,filterLoc,,
3000,158,filterLoc,,
3000,161,filterLoc,,
3000,164,filterLoc,,
3000,167,filterLoc,,
3000,170,filterLoc,,
3000,173,filterLoc,,
3000,176,filterLoc,,
3000,179,filterLoc,,
3000,182,filterLoc,,
3000,185,filterLoc,,
3000,188,filterLoc,,
3000,191,filterLoc,,
3000,194,filterLoc,,
3000,197,filterLoc,,
3000,200,filterLoc,,
3000,203,filterLoc,,
3000,206,filterLoc,,
3000,209,filterLoc,,
3000,212,filterLoc,,
3000,215,filterLoc,,
3000,218,filterLoc,,
3000,221,filterLoc,,
3000,225,filterLoc,,
3000,228,filterLoc,,
3000,231,filterLoc,,
3000,234,filterLoc,,
3000,237,filterLoc,,
3000,240,filterLoc,,
3000,243,filterLoc,,
3000,246,filterLoc,,
3000,249,filterLoc,,
3000,252,filterLoc,,
3000,255,filterLoc,,
3000,258,filterLoc,,
3000,261,filterLoc,,
3000,264,filterLoc,,
3000,267,filterLoc,,
3000,270,filterLoc,,
3000,273,filterLoc,,
3000,276,filterLoc,,
3000,279,filterLoc,,
3000,282,filterLoc,,
3000,285,filterLoc,,
3000,288,filterLoc,,
3000,291,filterLoc,,
3000,294,filterLoc,,
3000,297,filterLoc,,
3000,300,filterLoc,,
3000,303,filterLoc,,
3000,306,filterLoc,,
3000,309,filterLoc,,
3000,312,filterLoc,,
3000,315,filterLoc,,
3000,318,filterLoc,,
3000,321,filterLoc,,
3000,324,filterLoc,,
3000,327,filterLoc,,
3000,330,filterLoc,,
3000,333,filterLoc,,
3000,336,filterLoc,,
3000,339,filterLoc,,
3000,342,filterLoc,,
3000,345,filterLoc,,
3000,348,filterLoc,,
3000,351,filterLoc,,
3000,354,filterLoc,,
3000,357,filterLoc,,
3000,360,filterLoc,,
3000,363,filterLoc,,
3000,366,filterLoc,,
3000,369,filterLoc,,
3000,372,filterLoc,,
3000,375,filterLoc,,
3000,378,filterLoc,,
3000,381,filterLoc,,
3000,384,filterLoc,,
3000,387,filterLoc,,
3000,390,filterLoc,,
3000,393,filterLoc,,
3000,396,filterLoc,,
3000,399,filterLoc,,
3000,402,filterLoc,,
3000,405,filterLoc,,
3000,408,filterLoc,,
3000,411,filterLoc,,
3000,414,filterLoc,,
3000,417,filterLoc,,
3000,420,filterLoc,,
3000,423,filterLoc,,
3000,426,filterLoc,,
3000,429,filterLoc,,
3000,432,filterLoc,,
3000,435,filterLoc,,
3000,438,filterLoc,,
3000,441,filterLoc,,
3000,444,filterLoc,,
3000,447,filterLoc,,
3000,450,filterLoc,,
3000,453,filterLoc,,
3000,456,filterLoc,,
3000,459,filterLoc,,
3000,462,filterLoc,,
3000,465,filterLoc,,
3000,468,filterLoc,,
3000,471,filterLoc,,
3000,474,filterLoc,,
3000,477,filterLoc,,
3000,480,filterLoc,,
3000,483,filterLoc,,
3000,486,filterLoc,,
3000,489,filterLoc,,
3000,492,filterLoc,,
3000,495,filterLoc,,
3000,498,filterLoc,,
3000,501,filterLoc,,
3000,504,filterLoc,,
3000,507,filterLoc,,
3000,510,filterLoc,,
3000,513,filterLoc,,
3000,516,filterLoc,,
3000,519,filterLoc,,
3000,522,filterLoc,,
3000,525,filterLoc,,
3000,528,filterLoc,,
3000,531,filterLoc,,
3000,534,filterLoc,,
3000,537,filterLoc,,
3000,540,filterLoc,,
3000,543,filterLoc,,
3000,546,filterLoc,,
3000,549,filterLoc,,
3000,552,filterLoc,,
3000,555,filterLoc,,
3000,558,filterLoc,,
3000,561,filterLoc,,
3000,564,filterLoc,,
3000,567,filterLoc,,
3000,570,filterLoc,,
3000,573,filterLoc,,
3000,576,filterLoc,,
3000,579,filterLoc,,
3000,582,filterLoc,,
3000,585,filterLoc,,
3000,588,filterLoc,,
3000,591,filterLoc,,
3000,594,filterLoc,,
3000,597,filterLoc,,
3000,600,filterLoc,,
3000,603,filterLoc,,
3000,606,filterLoc,,
3000,609,filterLoc,,
3000,612,filterLoc,,
3000,615,filterLoc,,
3000,618,filterLoc,,
3000,621,filterLoc,,
3000,624,filterLoc,,
3000,627,filterLoc,,
3000,630,filterLoc,,
3000,633,filterLoc,,
3000,636,filterLoc,,
3000,639,filterLoc,,
3000,642,filterLoc,,
3000,645,filterLoc,,
3000,648,filterLoc,,
3000,651,filterLoc,,
3000,654,filterLoc,,
3000,657,filterLoc,,;Evacuee;78;in triage category;G;is entering helicopter;3
3000,660,filterLoc,,
3000,663,filterLoc,,
3000,666,filterLoc,,;Evacuee;77;in triage category;G;is entering helicopter;3
3000,669,filterLoc,,
3000,672,filterLoc,,
3000,675,filterLoc,,
3000,678,filterLoc,,
3000,681,filterLoc,,
3000,684,filterLoc,,
3000,687,filterLoc,,
3000,690,filterLoc,,
3000,693,filterLoc,,
3000,696,filterLoc,,
3000,699,filterLoc,,
3000,702,filterLoc,,
3000,705,filterLoc,,
3000,708,filterLoc,,
3000,711,filterLoc,,
3000,714,filterLoc,,
3000,717,filterLoc,,
3000,720,filterLoc,,
3000,723,filterLoc,,
3000,726,filterLoc,,
3000,729,filterLoc,,
3000,732,filterLoc,,
3000,735,filterLoc,,
3000,738,filterLoc,,;Evacuee;65;in triage category;G;is entering helicopter;3
3000,741,filterLoc,,
3000,744,filterLoc,,
3000,747,filterLoc,,
3000,750,filterLoc,,
3000,753,filterLoc,,
3000,756,filterLoc,,
3000,759,filterLoc,,
3000,762,filterLoc,,
3000,765,filterLoc,,
3000,768,filterLoc,,
3000,771,filterLoc,,
3000,774,filterLoc,,
3000,777,filterLoc,,
3000,780,filterLoc,,
3000,783,filterLoc,,
3000,786,filterLoc,,
3000,789,filterLoc,,
3000,792,filterLoc,,
3000,795,filterLoc,,
3000,798,filterLoc,,
3000,801,filterLoc,,
3000,804,filterLoc,,
3000,807,filterLoc,,
3000,810,filterLoc,,
3000,813,filterLoc,,;Evacuee;85;in triage category;G;is entering helicopter;3
3000,816,filterLoc,,
3000,819,filterLoc,,
3000,822,filterLoc,,
3000,825,filterLoc,,
3000,828,filterLoc,,
3000,831,filterLoc,,
3000,834,filterLoc,,
3000,837,filterLoc,,
3000,840,filterLoc,,
3000,843,filterLoc,,
3000,846,filterLoc,,
3000,849,filterLoc,,
3000,852,filterLoc,,
3000,855,filterLoc,,
3000,858,filterLoc,,
3000,861,filterLoc,,
3000,864,filterLoc,,
3000,867,filterLoc,,;Evacuee;82;in triage category;G;is entering helicopter;3
3000,870,filterLoc,,
3000,873,filterLoc,,
3000,876,filterLoc,,
3000,879,filterLoc,,
3000,882,filterLoc,,
3000,885,filterLoc,,
3000,888,filterLoc,,
3000,891,filterLoc,,
3000,894,filterLoc,,
3000,897,filterLoc,,
3000,900,filterLoc,,
3000,903,filterLoc,,
3000,906,filterLoc,,
3000,909,filterLoc,,
3000,912,filterLoc,,
3000,915,filterLoc,,
3000,918,filterLoc,,
3000,921,filterLoc,,
3000,924,filterLoc,,
3000,927,filterLoc,,
3000,930,filterLoc,,
3000,933,filterLoc,,
3000,936,filterLoc,,
3000,939,filterLoc,,
3000,942,filterLoc,,
3000,945,filterLoc,,
3000,948,filterLoc,,
3000,951,filterLoc,,
3000,954,filterLoc,,
3000,957,filterLoc,,
3000,960,filterLoc,,
3000,963,filterLoc,,
3000,966,filterLoc,,
3000,969,filterLoc,,
3000,972,filterLoc,,
3000,975,filterLoc,,
3000,978,filterLoc,,
3000,981,filterLoc,,
3000,984,filterLoc,,
3000,987,filterLoc,,
3000,990,filterLoc,,
3000,993,filterLoc,,
3000,996,filterLoc,,;Evacuee;68;in triage category;G;is entering helicopter;3
3000,999,filterLoc,,;Evacuee;72;in triage category;G;is entering helicopter;3
3000,1002,filterLoc,,
3000,1005,filterLoc,,
3000,1008,filterLoc,,
3000,1011,filterLoc,,
3000,1014,filterLoc,,
3000,1017,filterLoc,,
3000,1020,filterLoc,,
3000,1023,filterLoc,,
3000,1026,filterLoc,,
3000,1029,filterLoc,,
3000,1032,filterLoc,,
3000,1035,filterLoc,,
3000,1038,filterLoc,,
3000,1041,filterLoc,,
3000,1044,filterLoc,,
3000,1047,filterLoc,,
3000,1050,filterLoc,,
3000,1053,filterLoc,,
3000,1056,filterLoc,,
3000,1059,filterLoc,,
3000,1062,filterLoc,,;Evacuee;84;in triage category;G;is entering helicopter;3
3000,1065,filterLoc,,
3000,1068,filterLoc,,
3000,1071,filterLoc,,
3000,1074,filterLoc,,
3000,1077,filterLoc,,
3000,1080,filterLoc,,
3000,1083,filterLoc,,
3000,1086,filterLoc,,
3000,1089,filterLoc,,
3000,1092,filterLoc,,
3000,1095,filterLoc,,
3000,1098,filterLoc,,
3000,1101,filterLoc,,
3000,1104,filterLoc,,
3000,1107,filterLoc,,
3000,1110,filterLoc,,
3000,1113,filterLoc,,
3000,1116,filterLoc,,
3000,1123,filterLoc,,
3000,1126,filterLoc,,
3000,1129,filterLoc,,
3000,1132,filterLoc,,
3000,1135,filterLoc,,
3000,1138,filterLoc,,
3000,1141,filterLoc,,
3000,1144,filterLoc,,
3000,1147,filterLoc,,
3000,1150,filterLoc,,
3000,1153,filterLoc,,
3000,1156,filterLoc,,
3000,1163,filterLoc,,
3000,1166,filterLoc,,
3000,1169,filterLoc,,
3000,1172,filterLoc,,
3000,1175,filterLoc,,
3000,1178,filterLoc,,
3000,1181,filterLoc,,
3000,1184,filterLoc,,
3000,1187,filterLoc,,
3000,1190,filterLoc,,
3000,1193,filterLoc,,
3000,1196,filterLoc,,
3000,1199,filterLoc,,
3000,1202,filterLoc,,
3000,1205,filterLoc,,
3000,1208,filterLoc,,
3000,1211,filterLoc,,
3000,1214,filterLoc,,
3000,1217,filterLoc,,
3000,1220,filterLoc,,
3000,1223,filterLoc,,
3000,1226,filterLoc,,
3000,1229,filterLoc,,
3000,1232,filterLoc,,
3000,1235,filterLoc,,
3000,1238,filterLoc,,
3000,1241,filterLoc,,
3000,1244,filterLoc,,
3000,1247,filterLoc,,
3000,1250,filterLoc,,
3000,1253,filterLoc,,
3000,1256,filterLoc,,
3000,1259,filterLoc,,
3000,1262,filterLoc,,
3000,1265,filterLoc,,
3000,1268,filterLoc,,
3000,1271,filterLoc,,
3000,1274,filterLoc,,
3000,1277,filterLoc,,
3000,1280,filterLoc,,
3000,1283,filterLoc,,
3000,1286,filterLoc,,
3000,1289,filterLoc,,
3000,1292,filterLoc,,
3000,1295,filterLoc,,
3000,1298,filterLoc,,
3000,1301,filterLoc,,
3000,1304,filterLoc,,
3000,1307,filterLoc,,
3000,1310,filterLoc,,
3000,1313,filterLoc,,
3000,1316,filterLoc,,
3000,1319,filterLoc,,
3000,1322,filterLoc,,
3000,1325,filterLoc,,
3000,1328,filterLoc,,
3000,1331,filterLoc,,
3000,1334,filterLoc,,
3000,1337,filterLoc,,
3000,1340,filterLoc,,
3000,1343,filterLoc,,
3000,1346,filterLoc,,
3000,1349,filterLoc,,
3000,1352,filterLoc,,
3000,1355,filterLoc,,
3000,1358,filterLoc,,
3000,1361,filterLoc,,
3000,1364,filterLoc,,
3000,1367,filterLoc,,
3000,1370,filterLoc,,
3000,1373,filterLoc,,
3000,1376,filterLoc,,
3000,1379,filterLoc,,
3000,1382,filterLoc,,
3000,1385,filterLoc,,
3000,1388,filterLoc,,
3000,1391,filterLoc,,
3000,1394,filterLoc,,
3000,1397,filterLoc,,
3000,1400,filterLoc,,
3000,1403,filterLoc,,
3000,1406,filterLoc,,;Evacuee;69;in triage category;G;is entering helicopter;3
3000,1409,filterLoc,,
3000,1412,filterLoc,,
3000,1415,filterLoc,,
3000,1418,filterLoc,,
3000,1421,filterLoc,,
3000,1424,filterLoc,,
3000,1427,filterLoc,,
3000,1430,filterLoc,,
3000,1433,filterLoc,,
3000,1436,filterLoc,,
3000,1439,filterLoc,,
3000,1442,filterLoc,,
3000,1445,filterLoc,,
3000,1448,filterLoc,,
3000,1451,filterLoc,,
3000,1454,filterLoc,,
3000,1457,filterLoc,,
3000,1460,filterLoc,,;Evacuee;73;in triage category;G;is entering helicopter;3
3000,1463,filterLoc,,
3000,1466,filterLoc,,
3000,1469,filterLoc,,
3000,1472,filterLoc,,
3000,1475,filterLoc,,
3000,1478,filterLoc,,
3000,1481,filterLoc,,
3000,1484,filterLoc,,
3000,1487,filterLoc,,
3000,1490,filterLoc,,
3000,1493,filterLoc,,
3000,1496,filterLoc,,
3000,1499,filterLoc,,
3000,1502,filterLoc,,
3000,1505,filterLoc,,
3000,1508,filterLoc,,
3000,1511,filterLoc,,
3000,1514,filterLoc,,
3000,1517,filterLoc,,
3000,657,filterLoc,out,Evacuee 78 in triage category G is assigned helicopter 3
3000,657,filterLoc,,
3000,658,evacuee,,Evacuee;78;in triage state;G;is entering helicopter;3
3000,666,filterLoc,out,Evacuee 77 in triage category G is assigned helicopter 3
3000,666,filterLoc,,
3000,667,evacuee,,Evacuee;77;in triage state;G;is entering helicopter;3
3000,738,filterLoc,out,Evacuee 65 in triage category G is assigned helicopter 3
3000,738,filterLoc,,
3000,739,evacuee,,Evacuee;65;in triage state;G;is entering helicopter;3
3000,813,filterLoc,out,Evacuee 85 in triage category G is assigned helicopter 3
3000,813,filterLoc,,
3000,814,evacuee,,Evacuee;85;in triage state;G;is entering helicopter;3
3000,867,filterLoc,out,Evacuee 82 in triage category G is assigned helicopter 3
3000,867,filterLoc,,
3000,868,evacuee,,Evacuee;82;in triage state;G;is entering helicopter;3
3000,996,filterLoc,out,Evacuee 68 in triage category G is assigned helicopter 3
3000,996,filterLoc,,
3000,997,evacuee,,Evacuee;68;in triage state;G;is entering helicopter;3
3000,999,filterLoc,out,Evacuee 72 in triage category G is assigned helicopter 3
3000,999,filterLoc,,
3000,1000,evacuee,,Evacuee;72;in triage state;G;is entering helicopter;3
3000,1062,filterLoc,out,Evacuee 84 in triage category G is assigned helicopter 3
3000,1062,filterLoc,,
3000,1063,evacuee,,Evacuee;84;in triage state;G;is entering helicopter;3
3000,1406,filterLoc,out,Evacuee 69 in triage category G is assigned helicopter 3
3000,1406,filterLoc,,
3000,1407,evacuee,,Evacuee;69;in triage state;G;is entering helicopter;3
3000,1460,filterLoc,out,Evacuee 73 in triage category G is assigned helicopter 3
3000,1460,filterLoc,,
3000,1461,evacuee,,Evacuee;73;in triage state;G;is entering helicopter;3
3000,103,filterEvac,,;Evacuee;65;in triage category;G;is entering helicopter;3;Evacuee;68;in triage category;G;is entering helicopter;3;Evacuee;69;in triage category;G;is entering helicopter;3;Evacuee;72;in triage category;G;is entering helicopter;3;Evacuee;73;in triage category;G;is entering helicopter;3;Evacuee;77;in triage category;G;is entering helicopter;3;Evacuee;78;in triage category;G;is entering helicopter;3;Evacuee;82;in triage category;G;is entering helicopter;3;Evacuee;84;in triage category;G;is entering helicopter;3;Evacuee;85;in triage category;G;is entering helicopter;3
3000,658,evacuee,outHelo,Evacuee 78 in triage category G is assigned helicopter 3
3000,658,evacuee,,Evacuee;78;in triage state;G;is in helicopter;3
3000,667,evacuee,outHelo,Evacuee 77 in triage category G is assigned helicopter 3
3000,667,evacuee,,Evacuee;77;in triage state;G;is in helicopter;3
3000,739,evacuee,outHelo,Evacuee 65 in triage category G is assigned helicopter 3
3000,739,evacuee,,Evacuee;65;in triage state;G;is in helicopter;3
3000,814,evacuee,outHelo,Evacuee 85 in triage category G is assigned helicopter 3
3000,814,evacuee,,Evacuee;85;in triage state;G;is in helicopter;3
3000,868,evacuee,outHelo,Evacuee 82 in triage category G is assigned helicopter 3
3000,868,evacuee,,Evacuee;82;in triage state;G;is in helicopter;3
3000,997,evacuee,outHelo,Evacuee 68 in triage category G is assigned helicopter 3
3000,997,evacuee,,Evacuee;68;in triage state;G;is in helicopter;3
3000,1000,evacuee,outHelo,Evacuee 72 in triage category G is assigned helicopter 3
3000,1000,evacuee,,Evacuee;72;in triage state;G;is in helicopter;3
3000,1063,evacuee,outHelo,Evacuee 84 in triage category G is assigned helicopter 3
3000,1063,evacuee,,Evacuee;84;in triage state;G;is in helicopter;3
3000,1119,filterEvac,,
3000,1159,filterEvac,,
3000,1407,evacuee,outHelo,Evacuee 69 in triage category G is assigned helicopter 3
3000,1407,evacuee,,Evacuee;69;in triage state;G;is in helicopter;3
3000,1461,evacuee,outHelo,Evacuee 73 in triage category G is assigned helicopter 3
3000,1461,evacuee,,Evacuee;73;in triage state;G;is in helicopter;3
3000,103,filterEvac,out,Evacuee 65 in triage category G is assigned helicopter 3
3000,103,filterEvac,out,Evacuee 68 in triage category G is assigned helicopter 3
3000,103,filterEvac,out,Evacuee 69 in triage category G is assigned helicopter 3
3000,103,filterEvac,out,Evacuee 72 in triage category G is assigned helicopter 3
3000,103,filterEvac,out,Evacuee 73 in triage category G is assigned helicopter 3
3000,103,filterEvac,out,Evacuee 77 in triage category G is assigned helicopter 3
3000,103,filterEvac,out,Evacuee 78 in triage category G is assigned helicopter 3
3000,103,filterEvac,out,Evacuee 82 in triage category G is assigned helicopter 3
3000,103,filterEvac,out,Evacuee 84 in triage category G is assigned helicopter 3
3000,103,filterEvac,out,Evacuee 85 in triage category G is assigned helicopter 3
3000,103,filterEvac,,
3000,105,helicopter,,Helicopter;3;is loading people at the evacuation site;;and has;10;spots taken
3011.46,3,evacueeManager,,OFF SHIP: White;0;Green;135;Yellow;37;Red;4;Black;294;ON SHIP: White;0;Green;0;Yellow;0;Red;0;Evacuees to Transfer;
3011.46,367,evacuee,outES,Evacuee 413 in triage category Y is not assigned a helicopter
3011.46,367,evacuee,,Evacuee;413;in triage state;R;is at the evacuation site
3014.73,3,evacueeManager,,OFF SHIP: White;0;Green;135;Yellow;37;Red;3;Black;295;ON SHIP: White;0;Green;0;Yellow;0;Red;0;Evacuees to Transfer;
3014.73,451,evacuee,outES,Evacuee 259 in triage category R is not assigned a helicopter
3014.73,451,evacuee,,Evacuee;259;in triage state;B;is at the evacuation site
3015,4,helipadManager,outHelo,Helicopter 3 is evacuating people3
3015,4,helipadManager,,;No helos are at ES
3015,104,filterES,,Helicopter;3;is evacuating people
3015,1120,filterES,,
3015,1160,filterES,,
3015,4,helipadManager,outHQ,0
3015,4,helipadManager,,;No helos are at ES
3015,5,helicopterQueue,,;No helos are waiting to land
3015,104,filterES,out,Helicopter 3 is evacuating people3
3015,104,filterES,,
3015,105,helicopter,,Helicopter;3;is loading people at the evacuation site;;and has;10;spots taken
3015,5,helicopterQueue,,;No helos are waiting to land
3015,105,helicopter,,Helicopter;3;is returning to the FOL;;and has;10;spots taken
3016.21,3,evacueeManager,,OFF SHIP: White;0;Green;135;Yellow;37;Red;2;Black;296;ON SHIP: White;0;Green;0;Yellow;0;Red;0;Evacuees to Transfer;
3016.21,367,evacuee,outES,Evacuee 413 in triage category R is not assigned a helicopter
3016.21,367,evacuee,,Evacuee;413;in triage state;B;is at the evacuation site
3021.42,3,evacueeManager,,OFF SHIP: White;0;Green;134;Yellow;38;Red;2;Black;296;ON SHIP: White;0;Green;0;Yellow;0;Red;0;Evacuees to Transfer;
3021.42,520,evacuee,outES,Evacuee 302 in triage category G is not assigned a helicopter
3021.42,520,evacuee,,Evacuee;302;in triage state;Y;is at the evacuation site
3022.07,3,evacueeManager,,OFF SHIP: White;0;Green;134;Yellow;37;Red;3;Black;296;ON SHIP: White;0;Green;0;Yellow;0;Red;0;Evacuees to Transfer;
3022.07,652,evacuee,outES,Evacuee 98 in triage category Y is not assigned a helicopter
3022.07,652,evacuee,,Evacuee;98;in triage state;R;is at the evacuation site
3027.47,3,evacueeManager,,OFF SHIP: White;0;Green;134;Yellow;36;Red;4;Black;296;ON SHIP: White;0;Green;0;Yellow;0;Red;0;Evacuees to Transfer;
3027.47,1386,evacuee,outES,Evacuee 390 in triage category Y is not assigned a helicopter
3027.47,1386,evacuee,,Evacuee;390;in triage state;R;is at the evacuation site
3033.74,3,evacueeManager,,OFF SHIP: White;0;Green;134;Yellow;35;Red;5;Black;296;ON SHIP: White;0;Green;0;Yellow;0;Red;0;Evacuees to Transfer;
3033.74,859,evacuee,outES,Evacuee 172 in triage category Y is not assigned a helicopter
3033.74,859,evacuee,,Evacuee;172;in triage state;R;is at the evacuation site
3039.52,3,evacueeManager,,OFF SHIP: White;0;Green;133;Yellow;36;Red;5;Black;296;ON SHIP: White;0;Green;0;Yellow;0;Red;0;Evacuees to Transfer;
3039.52,724,evacuee,outES,Evacuee 474 in triage category G is not assigned a helicopter
3039.52,724,evacuee,,Evacuee;474;in triage state;Y;is at the evacuation site
3043.32,3,evacueeManager,,OFF SHIP: White;0;Green;132;Yellow;37;Red;5;Black;296;ON SHIP: White;0;Green;0;Yellow;0;Red;0;Evacuees to Transfer;
3043.32,111,evacuee,outES,Evacuee 433 in triage category G is not assigned a helicopter
3043.32,111,evacuee,,Evacuee;433;in triage state;Y;is at the evacuation site
3045,7,filterLoc,,
3045,10,filterLoc,,
3045,13,filterLoc,,
3045,16,filterLoc,,
3045,19,filterLoc,,
3045,22,filterLoc,,
3045,25,filterLoc,,
3045,28,filterLoc,,
3045,31,filterLoc,,
3045,34,filterLoc,,
3045,37,filterLoc,,
3045,40,filterLoc,,
3045,43,filterLoc,,
3045,46,filterLoc,,
3045,49,filterLoc,,
3045,52,filterLoc,,
3045,55,filterLoc,,
3045,58,filterLoc,,
3045,61,filterLoc,,
3045,64,filterLoc,,
3045,67,filterLoc,,
3045,70,filterLoc,,
3045,73,filterLoc,,
3045,76,filterLoc,,
3045,79,filterLoc,,
3045,82,filterLoc,,
3045,85,filterLoc,,
3045,88,filterLoc,,
3045,91,filterLoc,,
3045,94,filterLoc,,
3045,97,filterLoc,,
3045,100,filterLoc,,
3045,107,filterLoc,,
3045,110,filterLoc,,
3045,113,filterLoc,,
3045,116,filterLoc,,
3045,119,filterLoc,,
3045,122,filterLoc,,
3045,125,filterLoc,,
3045,128,filterLoc,,
3045,131,filterLoc,,
3045,134,filterLoc,,
3045,137,filterLoc,,
3045,140,filterLoc,,
3045,143,filterLoc,,
3045,146,filterLoc,,
3045,149,filterLoc,,
3045,152,filterLoc,,
3045,155,filterLoc,,
3045,158,filterLoc,,
3045,161,filterLoc,,
3045,164,filterLoc,,
3045,167,filterLoc,,
3045,170,filterLoc,,
3045,173,filterLoc,,
3045,176,filterLoc,,
3045,179,filterLoc,,
3045,182,filterLoc,,
3045,185,filterLoc,,
3045,188,filterLoc,,
3045,191,filterLoc,,
3045,194,filterLoc,,
3045,197,filterLoc,,
3045,200,filterLoc,,
3045,203,filterLoc,,
3045,206,filterLoc,,
3045,209,filterLoc,,
3045,212,filterLoc,,
3045,215,filterLoc,,
3045,218,filterLoc,,
3045,221,filterLoc,,
3045,225,filterLoc,,
3045,228,filterLoc,,
3045,231,filterLoc,,
3045,234,filterLoc,,
3045,237,filterLoc,,
3045,240,filterLoc,,
3045,243,filterLoc,,
3045,246,filterLoc,,
3045,249,filterLoc,,
3045,252,filterLoc,,
3045,255,filterLoc,,
3045,258,filterLoc,,
3045,261,filterLoc,,
3045,264,filterLoc,,
3045,267,filterLoc,,
3045,270,filterLoc,,
3045,273,filterLoc,,
3045,276,filterLoc,,
3045,279,filterLoc,,
3045,282,filterLoc,,
3045,285,filterLoc,,
3045,288,filterLoc,,
3045,291,filterLoc,,
3045,294,filterLoc,,
3045,297,filterLoc,,
3045,300,filterLoc,,
3045,303,filterLoc,,
3045,306,filterLoc,,
3045,309,filterLoc,,
3045,312,filterLoc,,
3045,315,filterLoc,,
3045,318,filterLoc,,
3045,321,filterLoc,,
3045,324,filterLoc,,
3045,327,filterLoc,,
3045,330,filterLoc,,
3045,333,filterLoc,,
3045,336,filterLoc,,
3045,339,filterLoc,,
3045,342,filterLoc,,
3045,345,filterLoc,,
3045,348,filterLoc,,
3045,351,filterLoc,,
3045,354,filterLoc,,
3045,357,filterLoc,,
3045,360,filterLoc,,
3045,363,filterLoc,,
3045,366,filterLoc,,
3045,369,filterLoc,,
3045,372,filterLoc,,
3045,375,filterLoc,,
3045,378,filterLoc,,
3045,381,filterLoc,,
3045,384,filterLoc,,
3045,387,filterLoc,,
3045,390,filterLoc,,
3045,393,filterLoc,,
3045,396,filterLoc,,
3045,399,filterLoc,,
3045,402,filterLoc,,
3045,405,filterLoc,,
3045,408,filterLoc,,
3045,411,filterLoc,,
3045,414,filterLoc,,
3045,417,filterLoc,,
3045,420,filterLoc,,
3045,423,filterLoc,,
3045,426,filterLoc,,
3045,429,filterLoc,,
3045,432,filterLoc,,
3045,435,filterLoc,,
3045,438,filterLoc,,
3045,441,filterLoc,,
3045,444,filterLoc,,
3045,447,filterLoc,,
3045,450,filterLoc,,
3045,453,filterLoc,,
3045,456,filterLoc,,
3045,459,filterLoc,,
3045,462,filterLoc,,
3045,465,filterLoc,,
3045,468,filterLoc,,
3045,471,filterLoc,,
3045,474,filterLoc,,
3045,477,filterLoc,,
3045,480,filterLoc,,
3045,483,filterLoc,,
3045,486,filterLoc,,
3045,489,filterLoc,,
3045,492,filterLoc,,
3045,495,filterLoc,,
3045,498,filterLoc,,
3045,501,filterLoc,,
3045,504,filterLoc,,
3045,507,filterLoc,,
3045,510,filterLoc,,
3045,513,filterLoc,,
3045,516,filterLoc,,
3045,519,filterLoc,,
3045,522,filterLoc,,
3045,525,filterLoc,,
3045,528,filterLoc,,
3045,531,filterLoc,,
3045,534,filterLoc,,
3045,537,filterLoc,,
3045,540,filterLoc,,
3045,543,filterLoc,,
3045,546,filterLoc,,
3045,549,filterLoc,,
3045,552,filterLoc,,
3045,555,filterLoc,,
3045,558,filterLoc,,
3045,561,filterLoc,,
3045,564,filterLoc,,
3045,567,filterLoc,,
3045,570,filterLoc,,
3045,573,filterLoc,,
3045,576,filterLoc,,
3045,579,filterLoc,,
3045,582,filterLoc,,
3045,585,filterLoc,,
3045,588,filterLoc,,
3045,591,filterLoc,,
3045,594,filterLoc,,
3045,597,filterLoc,,
3045,600,filterLoc,,
3045,603,filterLoc,,
3045,606,filterLoc,,
3045,609,filterLoc,,
3045,612,filterLoc,,
3045,615,filterLoc,,
3045,618,filterLoc,,
3045,621,filterLoc,,
3045,624,filterLoc,,
3045,627,filterLoc,,
3045,630,filterLoc,,
3045,633,filterLoc,,
3045,636,filterLoc,,
3045,639,filterLoc,,
3045,642,filterLoc,,
3045,645,filterLoc,,
3045,648,filterLoc,,
3045,651,filterLoc,,
3045,654,filterLoc,,
3045,657,filterLoc,,
3045,660,filterLoc,,
3045,663,filterLoc,,
3045,666,filterLoc,,
3045,669,filterLoc,,
3045,672,filterLoc,,
3045,675,filterLoc,,
3045,678,filterLoc,,
3045,681,filterLoc,,
3045,684,filterLoc,,
3045,687,filterLoc,,
3045,690,filterLoc,,
3045,693,filterLoc,,
3045,696,filterLoc,,
3045,699,filterLoc,,
3045,702,filterLoc,,
3045,705,filterLoc,,
3045,708,filterLoc,,
3045,711,filterLoc,,
3045,714,filterLoc,,
3045,717,filterLoc,,
3045,720,filterLoc,,
3045,723,filterLoc,,
3045,726,filterLoc,,;Evacuee;17;in triage category;G;is leaving helicopter;1
3045,729,filterLoc,,
3045,732,filterLoc,,
3045,735,filterLoc,,
3045,738,filterLoc,,
3045,741,filterLoc,,;Evacuee;14;in triage category;G;is leaving helicopter;1
3045,744,filterLoc,,
3045,747,filterLoc,,
3045,750,filterLoc,,
3045,753,filterLoc,,
3045,756,filterLoc,,
3045,759,filterLoc,,
3045,762,filterLoc,,
3045,765,filterLoc,,
3045,768,filterLoc,,
3045,771,filterLoc,,
3045,774,filterLoc,,
3045,777,filterLoc,,
3045,780,filterLoc,,
3045,783,filterLoc,,
3045,786,filterLoc,,
3045,789,filterLoc,,
3045,792,filterLoc,,
3045,795,filterLoc,,
3045,798,filterLoc,,
3045,801,filterLoc,,
3045,804,filterLoc,,;Evacuee;29;in triage category;G;is leaving helicopter;1
3045,807,filterLoc,,
3045,810,filterLoc,,
3045,813,filterLoc,,
3045,816,filterLoc,,
3045,819,filterLoc,,
3045,822,filterLoc,,
3045,825,filterLoc,,
3045,828,filterLoc,,
3045,831,filterLoc,,
3045,834,filterLoc,,
3045,837,filterLoc,,
3045,840,filterLoc,,
3045,843,filterLoc,,
3045,846,filterLoc,,
3045,849,filterLoc,,
3045,852,filterLoc,,
3045,855,filterLoc,,
3045,858,filterLoc,,
3045,861,filterLoc,,
3045,864,filterLoc,,
3045,867,filterLoc,,
3045,870,filterLoc,,
3045,873,filterLoc,,
3045,876,filterLoc,,
3045,879,filterLoc,,
3045,882,filterLoc,,
3045,885,filterLoc,,
3045,888,filterLoc,,
3045,891,filterLoc,,
3045,894,filterLoc,,
3045,897,filterLoc,,
3045,900,filterLoc,,
3045,903,filterLoc,,
3045,906,filterLoc,,
3045,909,filterLoc,,
3045,912,filterLoc,,
3045,915,filterLoc,,
3045,918,filterLoc,,
3045,921,filterLoc,,
3045,924,filterLoc,,
3045,927,filterLoc,,
3045,930,filterLoc,,;Evacuee;31;in triage category;G;is leaving helicopter;1
3045,933,filterLoc,,
3045,936,filterLoc,,;Evacuee;10;in triage category;G;is leaving helicopter;1
3045,939,filterLoc,,
3045,942,filterLoc,,
3045,945,filterLoc,,
3045,948,filterLoc,,
3045,951,filterLoc,,
3045,954,filterLoc,,
3045,957,filterLoc,,
3045,960,filterLoc,,
3045,963,filterLoc,,
3045,966,filterLoc,,
3045,969,filterLoc,,
3045,972,filterLoc,,
3045,975,filterLoc,,
3045,978,filterLoc,,
3045,981,filterLoc,,
3045,984,filterLoc,,
3045,987,filterLoc,,
3045,990,filterLoc,,
3045,993,filterLoc,,;Evacuee;21;in triage category;G;is leaving helicopter;1
3045,996,filterLoc,,
3045,999,filterLoc,,
3045,1002,filterLoc,,
3045,1005,filterLoc,,
3045,1008,filterLoc,,
3045,1011,filterLoc,,
3045,1014,filterLoc,,
3045,1017,filterLoc,,
3045,1020,filterLoc,,
3045,1023,filterLoc,,
3045,1026,filterLoc,,
3045,1029,filterLoc,,
3045,1032,filterLoc,,
3045,1035,filterLoc,,
3045,1038,filterLoc,,
3045,1041,filterLoc,,
3045,1044,filterLoc,,
3045,1047,filterLoc,,
3045,1050,filterLoc,,;Evacuee;35;in triage category;G;is leaving helicopter;1
3045,1053,filterLoc,,
3045,1056,filterLoc,,
3045,1059,filterLoc,,
3045,1062,filterLoc,,
3045,1065,filterLoc,,
3045,1068,filterLoc,,
3045,1071,filterLoc,,
3045,1074,filterLoc,,
3045,1077,filterLoc,,
3045,1080,filterLoc,,
3045,1083,filterLoc,,
3045,1086,filterLoc,,
3045,1089,filterLoc,,
3045,1092,filterLoc,,
3045,1095,filterLoc,,
3045,1098,filterLoc,,
3045,1101,filterLoc,,
3045,1104,filterLoc,,
3045,1107,filterLoc,,
3045,1110,filterLoc,,
3045,1113,filterLoc,,
3045,1116,filterLoc,,
3045,1123,filterLoc,,
3045,1126,filterLoc,,
3045,1129,filterLoc,,
3045,1132,filterLoc,,
3045,1135,filterLoc,,
3045,1138,filterLoc,,
3045,1141,filterLoc,,
3045,1144,filterLoc,,
3045,1147,filterLoc,,
3045,1150,filterLoc,,
3045,1153,filterLoc,,
3045,1156,filterLoc,,
3045,1161,helicopter,outEvac,Evacuee 7 in triage category G is not assigned a helicopter
3045,1161,helicopter,outEvac,Evacuee 10 in triage category G is not assigned a helicopter
3045,1161,helicopter,outEvac,Evacuee 14 in triage category G is not assigned a helicopter
3045,1161,helicopter,outEvac,Evacuee 16 in triage category G is not assigned a helicopter
3045,1161,helicopter,outEvac,Evacuee 17 in triage category G is not assigned a helicopter
3045,1161,helicopter,outEvac,Evacuee 21 in triage category G is not assigned a helicopter
3045,1161,helicopter,outEvac,Evacuee 27 in triage category G is not assigned a helicopter
3045,1161,helicopter,outEvac,Evacuee 29 in triage category G is not assigned a helicopter
3045,1161,helicopter,outEvac,Evacuee 31 in triage category G is not assigned a helicopter
3045,1161,helicopter,outEvac,Evacuee 35 in triage category G is not assigned a helicopter
3045,1161,helicopter,,Helicopter;1;is unloading people at the FOL;;and has;0;spots taken
3045,1163,filterLoc,,
3045,1166,filterLoc,,
3045,1169,filterLoc,,
3045,1172,filterLoc,,
3045,1175,filterLoc,,
3045,1178,filterLoc,,
3045,1181,filterLoc,,
3045,1184,filterLoc,,
3045,1187,filterLoc,,
3045,1190,filterLoc,,
3045,1193,filterLoc,,
3045,1196,filterLoc,,
3045,1199,filterLoc,,
3045,1202,filterLoc,,
3045,1205,filterLoc,,
3045,1208,filterLoc,,
3045,1211,filterLoc,,
3045,1214,filterLoc,,
3045,1217,filterLoc,,
3045,1220,filterLoc,,
3045,1223,filterLoc,,
3045,1226,filterLoc,,
3045,1229,filterLoc,,
3045,1232,filterLoc,,
3045,1235,filterLoc,,
3045,1238,filterLoc,,
3045,1241,filterLoc,,
3045,1244,filterLoc,,
3045,1247,filterLoc,,
3045,1250,filterLoc,,
3045,1253,filterLoc,,
3045,1256,filterLoc,,
3045,1259,filterLoc,,
3045,1262,filterLoc,,
3045,1265,filterLoc,,;Evacuee;16;in triage category;G;is leaving helicopter;1
3045,1268,filterLoc,,
3045,1271,filterLoc,,
3045,1274,filterLoc,,
3045,1277,filterLoc,,
3045,1280,filterLoc,,
3045,1283,filterLoc,,
3045,1286,filterLoc,,
3045,1289,filterLoc,,
3045,1292,filterLoc,,
3045,1295,filterLoc,,
3045,1298,filterLoc,,
3045,1301,filterLoc,,
3045,1304,filterLoc,,
3045,1307,filterLoc,,
3045,1310,filterLoc,,
3045,1313,filterLoc,,
3045,1316,filterLoc,,
3045,1319,filterLoc,,
3045,1322,filterLoc,,
3045,1325,filterLoc,,
3045,1328,filterLoc,,
3045,1331,filterLoc,,
3045,1334,filterLoc,,
3045,1337,filterLoc,,
3045,1340,filterLoc,,
3045,1343,filterLoc,,
3045,1346,filterLoc,,
3045,1349,filterLoc,,
3045,1352,filterLoc,,
3045,1355,filterLoc,,
3045,1358,filterLoc,,
3045,1361,filterLoc,,
3045,1364,filterLoc,,
3045,1367,filterLoc,,
3045,1370,filterLoc,,
3045,1373,filterLoc,,
3045,1376,filterLoc,,
3045,1379,filterLoc,,
3045,1382,filterLoc,,
3045,1385,filterLoc,,
3045,1388,filterLoc,,
3045,1391,filterLoc,,
3045,1394,filterLoc,,
3045,1397,filterLoc,,
3045,1400,filterLoc,,
3045,1403,filterLoc,,
3045,1406,filterLoc,,
3045,1409,filterLoc,,
3045,1412,filterLoc,,;Evacuee;27;in triage category;G;is leaving helicopter;1
3045,1415,filterLoc,,
3045,1418,filterLoc,,
3045,1421,filterLoc,,
3045,1424,filterLoc,,
3045,1427,filterLoc,,
3045,1430,filterLoc,,
3045,1433,filterLoc,,
3045,1436,filterLoc,,
3045,1439,filterLoc,,
3045,1442,filterLoc,,
3045,1445,filterLoc,,
3045,1448,filterLoc,,
3045,1451,filterLoc,,
3045,1454,filterLoc,,
3045,1457,filterLoc,,
3045,1460,filterLoc,,
3045,1463,filterLoc,,
3045,1466,filterLoc,,
3045,1469,filterLoc,,;Evacuee;7;in triage category;G;is leaving helicopter;1
3045,1472,filterLoc,,
3045,1475,filterLoc,,
3045,1478,filterLoc,,
3045,1481,filterLoc,,
3045,1484,filterLoc,,
3045,1487,filterLoc,,
3045,1490,filterLoc,,
3045,1493,filterLoc,,
3045,1496,filterLoc,,
3045,1499,filterLoc,,
3045,1502,filterLoc,,
3045,1505,filterLoc,,
3045,1508,filterLoc,,
3045,1511,filterLoc,,
3045,1514,filterLoc,,
3045,1517,filterLoc,,
3045,726,filterLoc,out,Evacuee 17 in triage category G is not assigned a helicopter
3045,726,filterLoc,,
3045,727,evacuee,,Evacuee;17;in triage state;G;is entering the FOL
3045,741,filterLoc,out,Evacuee 14 in triage category G is not assigned a helicopter
3045,741,filterLoc,,
3045,742,evacuee,,Evacuee;14;in triage state;G;is entering the FOL
3045,804,filterLoc,out,Evacuee 29 in triage category G is not assigned a helicopter
3045,804,filterLoc,,
3045,805,evacuee,,Evacuee;29;in triage state;G;is entering the FOL
3045,930,filterLoc,out,Evacuee 31 in triage category G is not assigned a helicopter
3045,930,filterLoc,,
3045,931,evacuee,,Evacuee;31;in triage state;G;is entering the FOL
3045,936,filterLoc,out,Evacuee 10 in triage category G is not assigned a helicopter
3045,936,filterLoc,,
3045,937,evacuee,,Evacuee;10;in triage state;G;is entering the FOL
3045,993,filterLoc,out,Evacuee 21 in triage category G is not assigned a helicopter
3045,993,filterLoc,,
3045,994,evacuee,,Evacuee;21;in triage state;G;is entering the FOL
3045,1050,filterLoc,out,Evacuee 35 in triage category G is not assigned a helicopter
3045,1050,filterLoc,,
3045,1051,evacuee,,Evacuee;35;in triage state;G;is entering the FOL
3045,1265,filterLoc,out,Evacuee 16 in triage category G is not assigned a helicopter
3045,1265,filterLoc,,
3045,1266,evacuee,,Evacuee;16;in triage state;G;is entering the FOL
3045,1412,filterLoc,out,Evacuee 27 in triage category G is not assigned a helicopter
3045,1412,filterLoc,,
3045,1413,evacuee,,Evacuee;27;in triage state;G;is entering the FOL
3045,1469,filterLoc,out,Evacuee 7 in triage category G is not assigned a helicopter
3045,1469,filterLoc,,
3045,1470,evacuee,,Evacuee;7;in triage state;G;is entering the FOL
3045,223,FOL,,;EvacueeID;7;Triage Status;G;EvacueeID;10;Triage Status;G;EvacueeID;14;Triage Status;G;EvacueeID;16;Triage Status;G;EvacueeID;17;Triage Status;G;EvacueeID;21;Triage Status;G;EvacueeID;27;Triage Status;G;EvacueeID;29;Triage Status;G;EvacueeID;31;Triage Status;G;EvacueeID;35;Triage Status;G;Lives Saved;10
3045,727,evacuee,outFOL,Evacuee 17 in triage category G is not assigned a helicopter
3045,727,evacuee,,Evacuee;17;in triage state;G;is at the FOL
3045,742,evacuee,outFOL,Evacuee 14 in triage category G is not assigned a helicopter
3045,742,evacuee,,Evacuee;14;in triage state;G;is at the FOL
3045,805,evacuee,outFOL,Evacuee 29 in triage category G is not assigned a helicopter
3045,805,evacuee,,Evacuee;29;in triage state;G;is at the FOL
3045,931,evacuee,outFOL,Evacuee 31 in triage category G is not assigned a helicopter
3045,931,evacuee,,Evacuee;31;in triage state;G;is at the FOL
3045,937,evacuee,outFOL,Evacuee 10 in triage category G is not assigned a helicopter
3045,937,evacuee,,Evacuee;10;in triage state;G;is at the FOL
3045,994,evacuee,outFOL,Evacuee 21 in triage category G is not assigned a helicopter
3045,994,evacuee,,Evacuee;21;in triage state;G;is at the FOL
3045,1051,evacuee,outFOL,Evacuee 35 in triage category G is not assigned a helicopter
3045,1051,evacuee,,Evacuee;35;in triage state;G;is at the FOL
3045,1266,evacuee,outFOL,Evacuee 16 in triage category G is not assigned a helicopter
3045,1266,evacuee,,Evacuee;16;in triage state;G;is at the FOL
3045,1413,evacuee,outFOL,Evacuee 27 in triage category G is not assigned a helicopter
3045,1413,evacuee,,Evacuee;27;in triage state;G;is at the FOL
3045,1470,evacuee,outFOL,Evacuee 7 in triage category G is not assigned a helicopter
3045,1470,evacuee,,Evacuee;7;in triage state;G;is at the FOL
3045,223,FOL,,;EvacueeID;7;Triage Status;G;EvacueeID;10;Triage Status;G;EvacueeID;14;Triage Status;G;EvacueeID;16;Triage Status;G;EvacueeID;17;Triage Status;G;EvacueeID;21;Triage Status;G;EvacueeID;27;Triage Status;G;EvacueeID;29;Triage Status;G;EvacueeID;31;Triage Status;G;EvacueeID;35;Triage Status;G;Lives Saved;10
3052.98,3,evacueeManager,,OFF SHIP: White;0;Green;132;Yellow;37;Red;4;Black;297;ON SHIP: White;0;Green;0;Yellow;0;Red;0;Evacuees to Transfer;
3052.98,652,evacuee,outES,Evacuee 98 in triage category R is not assigned a helicopter
3052.98,652,evacuee,,Evacuee;98;in triage state;B;is at the evacuation site
3056.79,3,evacueeManager,,OFF SHIP: White;0;Green;131;Yellow;38;Red;4;Black;297;ON SHIP: White;0;Green;0;Yellow;0;Red;0;Evacuees to Transfer;
3056.79,385,evacuee,outES,Evacuee 287 in triage category G is not assigned a helicopter
3056.79,385,evacuee,,Evacuee;287;in triage state;Y;is at the evacuation site
3057.23,3,evacueeManager,,OFF SHIP: White;0;Green;131;Yellow;37;Red;5;Black;297;ON SHIP: White;0;Green;0;Yellow;0;Red;0;Evacuees to Transfer;
3057.23,1323,evacuee,outES,Evacuee 183 in triage category Y is not assigned a helicopter
3057.23,1323,evacuee,,Evacuee;183;in triage state;R;is at the evacuation site
3060,1161,helicopter,,Helicopter;1;Is going to the evacuation site;;and has;0;spots taken
3067.06,3,evacueeManager,,OFF SHIP: White;0;Green;131;Yellow;36;Red;6;Black;297;ON SHIP: White;0;Green;0;Yellow;0;Red;0;Evacuees to Transfer;
3067.06,310,evacuee,outES,Evacuee 322 in triage category Y is not assigned a helicopter
3067.06,310,evacuee,,Evacuee;322;in triage state;R;is at the evacuation site
3074.21,3,evacueeManager,,OFF SHIP: White;0;Green;131;Yellow;35;Red;7;Black;297;ON SHIP: White;0;Green;0;Yellow;0;Red;0;Evacuees to Transfer;
3074.21,913,evacuee,outES,Evacuee 451 in triage category Y is not assigned a helicopter
3074.21,913,evacuee,,Evacuee;451;in triage state;R;is at the evacuation site
3083.18,3,evacueeManager,,OFF SHIP: White;0;Green;131;Yellow;34;Red;8;Black;297;ON SHIP: White;0;Green;0;Yellow;0;Red;0;Evacuees to Transfer;
3083.18,655,evacuee,outES,Evacuee 356 in triage category Y is not assigned a helicopter
3083.18,655,evacuee,,Evacuee;356;in triage state;R;is at the evacuation site
3083.93,3,evacueeManager,,OFF SHIP: White;0;Green;130;Yellow;35;Red;8;Black;297;ON SHIP: White;0;Green;0;Yellow;0;Red;0;Evacuees to Transfer;
3083.93,916,evacuee,outES,Evacuee 359 in triage category G is not assigned a helicopter
3083.93,916,evacuee,,Evacuee;359;in triage state;Y;is at the evacuation site
3084.25,3,evacueeManager,,OFF SHIP: White;0;Green;129;Yellow;36;Red;8;Black;297;ON SHIP: White;0;Green;0;Yellow;0;Red;0;Evacuees to Transfer;
3084.25,180,evacuee,outES,Evacuee 384 in triage category G is not assigned a helicopter
3084.25,180,evacuee,,Evacuee;384;in triage state;Y;is at the evacuation site
3096.48,3,evacueeManager,,OFF SHIP: White;0;Green;129;Yellow;36;Red;7;Black;298;ON SHIP: White;0;Green;0;Yellow;0;Red;0;Evacuees to Transfer;
3096.48,1386,evacuee,outES,Evacuee 390 in triage category R is not assigned a helicopter
3096.48,1386,evacuee,,Evacuee;390;in triage state;B;is at the evacuation site
3103.16,3,evacueeManager,,OFF SHIP: White;0;Green;129;Yellow;35;Red;8;Black;298;ON SHIP: White;0;Green;0;Yellow;0;Red;0;Evacuees to Transfer;
3103.16,92,evacuee,outES,Evacuee 441 in triage category Y is not assigned a helicopter
3103.16,92,evacuee,,Evacuee;441;in triage state;R;is at the evacuation site
3103.72,3,evacueeManager,,OFF SHIP: White;0;Green;129;Yellow;35;Red;7;Black;299;ON SHIP: White;0;Green;0;Yellow;0;Red;0;Evacuees to Transfer;
3103.72,92,evacuee,outES,Evacuee 441 in triage category R is not assigned a helicopter
3103.72,92,evacuee,,Evacuee;441;in triage state;B;is at the evacuation site
3103.86,3,evacueeManager,,OFF SHIP: White;0;Green;129;Yellow;35;Red;6;Black;300;ON SHIP: White;0;Green;0;Yellow;0;Red;0;Evacuees to Transfer;
3103.86,655,evacuee,outES,Evacuee 356 in triage category R is not assigned a helicopter
3103.86,655,evacuee,,Evacuee;356;in triage state;B;is at the evacuation site
3104.32,3,evacueeManager,,OFF SHIP: White;0;Green;129;Yellow;34;Red;7;Black;300;ON SHIP: White;0;Green;0;Yellow;0;Red;0;Evacuees to Transfer;
3104.32,1048,evacuee,outES,Evacuee 20 in triage category Y is not assigned a helicopter
3104.32,1048,evacuee,,Evacuee;20;in triage state;R;is at the evacuation site
3105,7,filterLoc,,
3105,10,filterLoc,,
3105,13,filterLoc,,
3105,16,filterLoc,,
3105,19,filterLoc,,
3105,22,filterLoc,,
3105,25,filterLoc,,
3105,28,filterLoc,,
3105,31,filterLoc,,
3105,34,filterLoc,,
3105,37,filterLoc,,
3105,40,filterLoc,,
3105,43,filterLoc,,
3105,46,filterLoc,,
3105,49,filterLoc,,
3105,52,filterLoc,,
3105,55,filterLoc,,
3105,58,filterLoc,,
3105,61,filterLoc,,
3105,64,filterLoc,,
3105,67,filterLoc,,
3105,70,filterLoc,,
3105,73,filterLoc,,
3105,76,filterLoc,,
3105,79,filterLoc,,
3105,82,filterLoc,,
3105,85,filterLoc,,
3105,88,filterLoc,,
3105,91,filterLoc,,
3105,94,filterLoc,,
3105,97,filterLoc,,
3105,100,filterLoc,,
3105,107,filterLoc,,
3105,110,filterLoc,,
3105,113,filterLoc,,
3105,116,filterLoc,,
3105,119,filterLoc,,
3105,122,filterLoc,,
3105,125,filterLoc,,
3105,128,filterLoc,,
3105,131,filterLoc,,
3105,134,filterLoc,,
3105,137,filterLoc,,
3105,140,filterLoc,,
3105,143,filterLoc,,
3105,146,filterLoc,,
3105,149,filterLoc,,
3105,152,filterLoc,,
3105,155,filterLoc,,
3105,158,filterLoc,,
3105,161,filterLoc,,
3105,164,filterLoc,,
3105,167,filterLoc,,
3105,170,filterLoc,,
3105,173,filterLoc,,
3105,176,filterLoc,,
3105,179,filterLoc,,
3105,182,filterLoc,,
3105,185,filterLoc,,
3105,188,filterLoc,,
3105,191,filterLoc,,
3105,194,filterLoc,,
3105,197,filterLoc,,
3105,200,filterLoc,,
3105,203,filterLoc,,
3105,206,filterLoc,,
3105,209,filterLoc,,
3105,212,filterLoc,,
3105,215,filterLoc,,
3105,218,filterLoc,,
3105,221,filterLoc,,
3105,225,filterLoc,,
3105,228,filterLoc,,
3105,231,filterLoc,,
3105,234,filterLoc,,
3105,237,filterLoc,,
3105,240,filterLoc,,
3105,243,filterLoc,,
3105,246,filterLoc,,
3105,249,filterLoc,,
3105,252,filterLoc,,
3105,255,filterLoc,,
3105,258,filterLoc,,
3105,261,filterLoc,,
3105,264,filterLoc,,
3105,267,filterLoc,,
3105,270,filterLoc,,
3105,273,filterLoc,,
3105,276,filterLoc,,
3105,279,filterLoc,,
3105,282,filterLoc,,
3105,285,filterLoc,,
3105,288,filterLoc,,
3105,291,filterLoc,,
3105,294,filterLoc,,
3105,297,filterLoc,,
3105,300,filterLoc,,
3105,303,filterLoc,,
3105,306,filterLoc,,
3105,309,filterLoc,,
3105,312,filterLoc,,
3105,315,filterLoc,,
3105,318,filterLoc,,
3105,321,filterLoc,,
3105,324,filterLoc,,
3105,327,filterLoc,,
3105,330,filterLoc,,
3105,333,filterLoc,,
3105,336,filterLoc,,
3105,339,filterLoc,,
3105,342,filterLoc,,
3105,345,filterLoc,,
3105,348,filterLoc,,
3105,351,filterLoc,,
3105,354,filterLoc,,
3105,357,filterLoc,,
3105,360,filterLoc,,
3105,363,filterLoc,,
3105,366,filterLoc,,
3105,369,filterLoc,,
3105,372,filterLoc,,
3105,375,filterLoc,,
3105,378,filterLoc,,
3105,381,filterLoc,,
3105,384,filterLoc,,
3105,387,filterLoc,,
3105,390,filterLoc,,
3105,393,filterLoc,,
3105,396,filterLoc,,
3105,399,filterLoc,,
3105,402,filterLoc,,
3105,405,filterLoc,,
3105,408,filterLoc,,
3105,411,filterLoc,,
3105,414,filterLoc,,
3105,417,filterLoc,,
3105,420,filterLoc,,
3105,423,filterLoc,,
3105,426,filterLoc,,
3105,429,filterLoc,,
3105,432,filterLoc,,
3105,435,filterLoc,,
3105,438,filterLoc,,
3105,441,filterLoc,,
3105,444,filterLoc,,
3105,447,filterLoc,,
3105,450,filterLoc,,
3105,453,filterLoc,,
3105,456,filterLoc,,
3105,459,filterLoc,,
3105,462,filterLoc,,
3105,465,filterLoc,,
3105,468,filterLoc,,
3105,471,filterLoc,,
3105,474,filterLoc,,
3105,477,filterLoc,,
3105,480,filterLoc,,
3105,483,filterLoc,,
3105,486,filterLoc,,
3105,489,filterLoc,,
3105,492,filterLoc,,
3105,495,filterLoc,,
3105,498,filterLoc,,
3105,501,filterLoc,,
3105,504,filterLoc,,
3105,507,filterLoc,,
3105,510,filterLoc,,
3105,513,filterLoc,,
3105,516,filterLoc,,
3105,519,filterLoc,,
3105,522,filterLoc,,
3105,525,filterLoc,,
3105,528,filterLoc,,
3105,531,filterLoc,,
3105,534,filterLoc,,
3105,537,filterLoc,,
3105,540,filterLoc,,
3105,543,filterLoc,,
3105,546,filterLoc,,
3105,549,filterLoc,,
3105,552,filterLoc,,
3105,555,filterLoc,,
3105,558,filterLoc,,
3105,561,filterLoc,,
3105,564,filterLoc,,
3105,567,filterLoc,,
3105,570,filterLoc,,
3105,573,filterLoc,,
3105,576,filterLoc,,
3105,579,filterLoc,,
3105,582,filterLoc,,
3105,585,filterLoc,,
3105,588,filterLoc,,
3105,591,filterLoc,,
3105,594,filterLoc,,
3105,597,filterLoc,,
3105,600,filterLoc,,
3105,603,filterLoc,,
3105,606,filterLoc,,
3105,609,filterLoc,,
3105,612,filterLoc,,
3105,615,filterLoc,,
3105,618,filterLoc,,
3105,621,filterLoc,,
3105,624,filterLoc,,
3105,627,filterLoc,,
3105,630,filterLoc,,
3105,633,filterLoc,,
3105,636,filterLoc,,
3105,639,filterLoc,,
3105,642,filterLoc,,
3105,645,filterLoc,,
3105,648,filterLoc,,
3105,651,filterLoc,,
3105,654,filterLoc,,
3105,657,filterLoc,,
3105,660,filterLoc,,
3105,663,filterLoc,,
3105,666,filterLoc,,
3105,669,filterLoc,,
3105,672,filterLoc,,
3105,675,filterLoc,,
3105,678,filterLoc,,
3105,681,filterLoc,,
3105,684,filterLoc,,
3105,687,filterLoc,,
3105,690,filterLoc,,
3105,693,filterLoc,,
3105,696,filterLoc,,
3105,699,filterLoc,,
3105,702,filterLoc,,
3105,705,filterLoc,,
3105,708,filterLoc,,
3105,711,filterLoc,,
3105,714,filterLoc,,
3105,717,filterLoc,,
3105,720,filterLoc,,
3105,723,filterLoc,,
3105,726,filterLoc,,
3105,729,filterLoc,,
3105,732,filterLoc,,
3105,735,filterLoc,,
3105,738,filterLoc,,
3105,741,filterLoc,,
3105,744,filterLoc,,
3105,747,filterLoc,,
3105,750,filterLoc,,
3105,753,filterLoc,,
3105,756,filterLoc,,
3105,759,filterLoc,,
3105,762,filterLoc,,
3105,765,filterLoc,,
3105,768,filterLoc,,
3105,771,filterLoc,,
3105,774,filterLoc,,
3105,777,filterLoc,,
3105,780,filterLoc,,
3105,783,filterLoc,,
3105,786,filterLoc,,
3105,789,filterLoc,,
3105,792,filterLoc,,
3105,795,filterLoc,,
3105,798,filterLoc,,
3105,801,filterLoc,,
3105,804,filterLoc,,
3105,807,filterLoc,,
3105,810,filterLoc,,
3105,813,filterLoc,,
3105,816,filterLoc,,
3105,819,filterLoc,,
3105,822,filterLoc,,
3105,825,filterLoc,,
3105,828,filterLoc,,
3105,831,filterLoc,,
3105,834,filterLoc,,
3105,837,filterLoc,,
3105,840,filterLoc,,
3105,843,filterLoc,,
3105,846,filterLoc,,
3105,849,filterLoc,,
3105,852,filterLoc,,
3105,855,filterLoc,,
3105,858,filterLoc,,
3105,861,filterLoc,,
3105,864,filterLoc,,
3105,867,filterLoc,,
3105,870,filterLoc,,;Evacuee;54;in triage category;G;is leaving helicopter;2
3105,873,filterLoc,,
3105,876,filterLoc,,
3105,879,filterLoc,,
3105,882,filterLoc,,
3105,885,filterLoc,,
3105,888,filterLoc,,
3105,891,filterLoc,,
3105,894,filterLoc,,
3105,897,filterLoc,,
3105,900,filterLoc,,
3105,903,filterLoc,,
3105,906,filterLoc,,
3105,909,filterLoc,,
3105,912,filterLoc,,
3105,915,filterLoc,,
3105,918,filterLoc,,
3105,921,filterLoc,,
3105,924,filterLoc,,
3105,927,filterLoc,,
3105,930,filterLoc,,
3105,933,filterLoc,,;Evacuee;38;in triage category;G;is leaving helicopter;2
3105,936,filterLoc,,
3105,939,filterLoc,,
3105,942,filterLoc,,
3105,945,filterLoc,,
3105,948,filterLoc,,
3105,951,filterLoc,,
3105,954,filterLoc,,
3105,957,filterLoc,,
3105,960,filterLoc,,
3105,963,filterLoc,,
3105,966,filterLoc,,
3105,969,filterLoc,,
3105,972,filterLoc,,
3105,975,filterLoc,,
3105,978,filterLoc,,
3105,981,filterLoc,,
3105,984,filterLoc,,
3105,987,filterLoc,,
3105,990,filterLoc,,
3105,993,filterLoc,,
3105,996,filterLoc,,
3105,999,filterLoc,,
3105,1002,filterLoc,,;Evacuee;46;in triage category;G;is leaving helicopter;2
3105,1005,filterLoc,,;Evacuee;53;in triage category;G;is leaving helicopter;2
3105,1008,filterLoc,,
3105,1011,filterLoc,,
3105,1014,filterLoc,,
3105,1017,filterLoc,,
3105,1020,filterLoc,,
3105,1023,filterLoc,,
3105,1026,filterLoc,,
3105,1029,filterLoc,,
3105,1032,filterLoc,,
3105,1035,filterLoc,,
3105,1038,filterLoc,,
3105,1041,filterLoc,,
3105,1044,filterLoc,,
3105,1047,filterLoc,,
3105,1050,filterLoc,,
3105,1053,filterLoc,,
3105,1056,filterLoc,,;Evacuee;36;in triage category;G;is leaving helicopter;2
3105,1059,filterLoc,,
3105,1062,filterLoc,,
3105,1065,filterLoc,,;Evacuee;42;in triage category;G;is leaving helicopter;2
3105,1068,filterLoc,,
3105,1071,filterLoc,,;Evacuee;43;in triage category;G;is leaving helicopter;2
3105,1074,filterLoc,,
3105,1077,filterLoc,,
3105,1080,filterLoc,,
3105,1083,filterLoc,,
3105,1086,filterLoc,,
3105,1089,filterLoc,,
3105,1092,filterLoc,,
3105,1095,filterLoc,,
3105,1098,filterLoc,,
3105,1101,filterLoc,,
3105,1104,filterLoc,,
3105,1107,filterLoc,,
3105,1110,filterLoc,,
3105,1113,filterLoc,,
3105,1116,filterLoc,,
3105,1121,helicopter,outEvac,Evacuee 36 in triage category G is not assigned a helicopter
3105,1121,helicopter,outEvac,Evacuee 38 in triage category G is not assigned a helicopter
3105,1121,helicopter,outEvac,Evacuee 42 in triage category G is not assigned a helicopter
3105,1121,helicopter,outEvac,Evacuee 43 in triage category G is not assigned a helicopter
3105,1121,helicopter,outEvac,Evacuee 46 in triage category G is not assigned a helicopter
3105,1121,helicopter,outEvac,Evacuee 47 in triage category G is not assigned a helicopter
3105,1121,helicopter,outEvac,Evacuee 53 in triage category G is not assigned a helicopter
3105,1121,helicopter,outEvac,Evacuee 54 in triage category G is not assigned a helicopter
3105,1121,helicopter,outEvac,Evacuee 56 in triage category G is not assigned a helicopter
3105,1121,helicopter,outEvac,Evacuee 63 in triage category G is not assigned a helicopter
3105,1121,helicopter,,Helicopter;2;is unloading people at the FOL;;and has;0;spots taken
3105,1123,filterLoc,,
3105,1126,filterLoc,,;Evacuee;63;in triage category;G;is leaving helicopter;2
3105,1129,filterLoc,,
3105,1132,filterLoc,,;Evacuee;47;in triage category;G;is leaving helicopter;2
3105,1135,filterLoc,,;Evacuee;56;in triage category;G;is leaving helicopter;2
3105,1138,filterLoc,,
3105,1141,filterLoc,,
3105,1144,filterLoc,,
3105,1147,filterLoc,,
3105,1150,filterLoc,,
3105,1153,filterLoc,,
3105,1156,filterLoc,,
3105,1163,filterLoc,,
3105,1166,filterLoc,,
3105,1169,filterLoc,,
3105,1172,filterLoc,,
3105,1175,filterLoc,,
3105,1178,filterLoc,,
3105,1181,filterLoc,,
3105,1184,filterLoc,,
3105,1187,filterLoc,,
3105,1190,filterLoc,,
3105,1193,filterLoc,,
3105,1196,filterLoc,,
3105,1199,filterLoc,,
3105,1202,filterLoc,,
3105,1205,filterLoc,,
3105,1208,filterLoc,,
3105,1211,filterLoc,,
3105,1214,filterLoc,,
3105,1217,filterLoc,,
3105,1220,filterLoc,,
3105,1223,filterLoc,,
3105,1226,filterLoc,,
3105,1229,filterLoc,,
3105,1232,filterLoc,,
3105,1235,filterLoc,,
3105,1238,filterLoc,,
3105,1241,filterLoc,,
3105,1244,filterLoc,,
3105,1247,filterLoc,,
3105,1250,filterLoc,,
3105,1253,filterLoc,,
3105,1256,filterLoc,,
3105,1259,filterLoc,,
3105,1262,filterLoc,,
3105,1265,filterLoc,,
3105,1268,filterLoc,,
3105,1271,filterLoc,,
3105,1274,filterLoc,,
3105,1277,filterLoc,,
3105,1280,filterLoc,,
3105,1283,filterLoc,,
3105,1286,filterLoc,,
3105,1289,filterLoc,,
3105,1292,filterLoc,,
3105,1295,filterLoc,,
3105,1298,filterLoc,,
3105,1301,filterLoc,,
3105,1304,filterLoc,,
3105,1307,filterLoc,,
3105,1310,filterLoc,,
3105,1313,filterLoc,,
3105,1316,filterLoc,,
3105,1319,filterLoc,,
3105,1322,filterLoc,,
3105,1325,filterLoc,,
3105,1328,filterLoc,,
3105,1331,filterLoc,,
3105,1334,filterLoc,,
3105,1337,filterLoc,,
3105,1340,filterLoc,,
3105,1343,filterLoc,,
3105,1346,filterLoc,,
3105,1349,filterLoc,,
3105,1352,filterLoc,,
3105,1355,filterLoc,,
3105,1358,filterLoc,,
3105,1361,filterLoc,,
3105,1364,filterLoc,,
3105,1367,filterLoc,,
3105,1370,filterLoc,,
3105,1373,filterLoc,,
3105,1376,filterLoc,,
3105,1379,filterLoc,,
3105,1382,filterLoc,,
3105,1385,filterLoc,,
3105,1388,filterLoc,,
3105,1391,filterLoc,,
3105,1394,filterLoc,,
3105,1397,filterLoc,,
3105,1400,filterLoc,,
3105,1403,filterLoc,,
3105,1406,filterLoc,,
3105,1409,filterLoc,,
3105,1412,filterLoc,,
3105,1415,filterLoc,,
3105,1418,filterLoc,,
3105,1421,filterLoc,,
3105,1424,filterLoc,,
3105,1427,filterLoc,,
3105,1430,filterLoc,,
3105,1433,filterLoc,,
3105,1436,filterLoc,,
3105,1439,filterLoc,,
3105,1442,filterLoc,,
3105,1445,filterLoc,,
3105,1448,filterLoc,,
3105,1451,filterLoc,,
3105,1454,filterLoc,,
3105,1457,filterLoc,,
3105,1460,filterLoc,,
3105,1463,filterLoc,,
3105,1466,filterLoc,,
3105,1469,filterLoc,,
3105,1472,filterLoc,,
3105,1475,filterLoc,,
3105,1478,filterLoc,,
3105,1481,filterLoc,,
3105,1484,filterLoc,,
3105,1487,filterLoc,,
3105,1490,filterLoc,,
3105,1493,filterLoc,,
3105,1496,filterLoc,,
3105,1499,filterLoc,,
3105,1502,filterLoc,,
3105,1505,filterLoc,,
3105,1508,filterLoc,,
3105,1511,filterLoc,,
3105,1514,filterLoc,,
3105,1517,filterLoc,,
3105,870,filterLoc,out,Evacuee 54 in triage category G is not assigned a helicopter
3105,870,filterLoc,,
3105,871,evacuee,,Evacuee;54;in triage state;G;is entering the FOL
3105,933,filterLoc,out,Evacuee 38 in triage category G is not assigned a helicopter
3105,933,filterLoc,,
3105,934,evacuee,,Evacuee;38;in triage state;G;is entering the FOL
3105,1002,filterLoc,out,Evacuee 46 in triage category G is not assigned a helicopter
3105,1002,filterLoc,,
3105,1003,evacuee,,Evacuee;46;in triage state;G;is entering the FOL
3105,1005,filterLoc,out,Evacuee 53 in triage category G is not assigned a helicopter
3105,1005,filterLoc,,
3105,1006,evacuee,,Evacuee;53;in triage state;G;is entering the FOL
3105,1056,filterLoc,out,Evacuee 36 in triage category G is not assigned a helicopter
3105,1056,filterLoc,,
3105,1057,evacuee,,Evacuee;36;in triage state;G;is entering the FOL
3105,1065,filterLoc,out,Evacuee 42 in triage category G is not assigned a helicopter
3105,1065,filterLoc,,
3105,1066,evacuee,,Evacuee;42;in triage state;G;is entering the FOL
3105,1071,filterLoc,out,Evacuee 43 in triage category G is not assigned a helicopter
3105,1071,filterLoc,,
3105,1072,evacuee,,Evacuee;43;in triage state;G;is entering the FOL
3105,1126,filterLoc,out,Evacuee 63 in triage category G is not assigned a helicopter
3105,1126,filterLoc,,
3105,1127,evacuee,,Evacuee;63;in triage state;G;is entering the FOL
3105,1132,filterLoc,out,Evacuee 47 in triage category G is not assigned a helicopter
3105,1132,filterLoc,,
3105,1133,evacuee,,Evacuee;47;in triage state;G;is entering the FOL
3105,1135,filterLoc,out,Evacuee 56 in triage category G is not assigned a helicopter
3105,1135,filterLoc,,
3105,1136,evacuee,,Evacuee;56;in triage state;G;is entering the FOL
3105,223,FOL,,;EvacueeID;7;Triage Status;G;EvacueeID;10;Triage Status;G;EvacueeID;14;Triage Status;G;EvacueeID;16;Triage Status;G;EvacueeID;17;Triage Status;G;EvacueeID;21;Triage Status;G;EvacueeID;27;Triage Status;G;EvacueeID;29;Triage Status;G;EvacueeID;31;Triage Status;G;EvacueeID;35;Triage Status;G;EvacueeID;36;Triage Status;G;EvacueeID;38;Triage Status;G;EvacueeID;42;Triage Status;G;EvacueeID;43;Triage Status;G;EvacueeID;46;Triage Status;G;EvacueeID;47;Triage Status;G;EvacueeID;53;Triage Status;G;EvacueeID;54;Triage Status;G;EvacueeID;56;Triage Status;G;EvacueeID;63;Triage Status;G;Lives Saved;20
3105,871,evacuee,outFOL,Evacuee 54 in triage category G is not assigned a helicopter
3105,871,evacuee,,Evacuee;54;in triage state;G;is at the FOL
3105,934,evacuee,outFOL,Evacuee 38 in triage category G is not assigned a helicopter
3105,934,evacuee,,Evacuee;38;in triage state;G;is at the FOL
3105,1003,evacuee,outFOL,Evacuee 46 in triage category G is not assigned a helicopter
3105,1003,evacuee,,Evacuee;46;in triage state;G;is at the FOL
3105,1006,evacuee,outFOL,Evacuee 53 in triage category G is not assigned a helicopter
3105,1006,evacuee,,Evacuee;53;in triage state;G;is at the FOL
3105,1057,evacuee,outFOL,Evacuee 36 in triage category G is not assigned a helicopter
3105,1057,evacuee,,Evacuee;36;in triage state;G;is at the FOL
3105,1066,evacuee,outFOL,Evacuee 42 in triage category G is not assigned a helicopter
3105,1066,evacuee,,Evacuee;42;in triage state;G;is at the FOL
3105,1072,evacuee,outFOL,Evacuee 43 in triage category G is not assigned a helicopter
3105,1072,evacuee,,Evacuee;43;in triage state;G;is at the FOL
3105,1127,evacuee,outFOL,Evacuee 63 in triage category G is not assigned a helicopter
3105,1127,evacuee,,Evacuee;63;in triage state;G;is at the FOL
3105,1133,evacuee,outFOL,Evacuee 47 in triage category G is not assigned a helicopter
3105,1133,evacuee,,Evacuee;47;in triage state;G;is at the FOL
3105,1136,evacuee,outFOL,Evacuee 56 in triage category G is not assigned a helicopter
3105,1136,evacuee,,Evacuee;56;in triage state;G;is at the FOL
3105,223,FOL,,;EvacueeID;7;Triage Status;G;EvacueeID;10;Triage Status;G;EvacueeID;14;Triage Status;G;EvacueeID;16;Triage Status;G;EvacueeID;17;Triage Status;G;EvacueeID;21;Triage Status;G;EvacueeID;27;Triage Status;G;EvacueeID;29;Triage Status;G;EvacueeID;31;Triage Status;G;EvacueeID;35;Triage Status;G;EvacueeID;36;Triage Status;G;EvacueeID;38;Triage Status;G;EvacueeID;42;Triage Status;G;EvacueeID;43;Triage Status;G;EvacueeID;46;Triage Status;G;EvacueeID;47;Triage Status;G;EvacueeID;53;Triage Status;G;EvacueeID;54;Triage Status;G;EvacueeID;56;Triage Status;G;EvacueeID;63;Triage Status;G;Lives Saved;20
3106.82,3,evacueeManager,,OFF SHIP: White;0;Green;129;Yellow;33;Red;8;Black;300;ON SHIP: White;0;Green;0;Yellow;0;Red;0;Evacuees to Transfer;
3106.82,976,evacuee,outES,Evacuee 52 in triage category Y is not assigned a helicopter
3106.82,976,evacuee,,Evacuee;52;in triage state;R;is at the evacuation site
3109.91,3,evacueeManager,,OFF SHIP: White;0;Green;129;Yellow;32;Red;9;Black;300;ON SHIP: White;0;Green;0;Yellow;0;Red;0;Evacuees to Transfer;
3109.91,448,evacuee,outES,Evacuee 260 in triage category Y is not assigned a helicopter
3109.91,448,evacuee,,Evacuee;260;in triage state;R;is at the evacuation site
3113.6,3,evacueeManager,,OFF SHIP: White;0;Green;129;Yellow;31;Red;10;Black;300;ON SHIP: White;0;Green;0;Yellow;0;Red;0;Evacuees to Transfer;
3113.6,101,evacuee,outES,Evacuee 436 in triage category Y is not assigned a helicopter
3113.6,101,evacuee,,Evacuee;436;in triage state;R;is at the evacuation site
3120,1121,helicopter,,Helicopter;2;Is going to the evacuation site;;and has;0;spots taken
3126.32,3,evacueeManager,,OFF SHIP: White;0;Green;129;Yellow;30;Red;11;Black;300;ON SHIP: White;0;Green;0;Yellow;0;Red;0;Evacuees to Transfer;
3126.32,180,evacuee,outES,Evacuee 384 in triage category Y is not assigned a helicopter
3126.32,180,evacuee,,Evacuee;384;in triage state;R;is at the evacuation site
3126.33,3,evacueeManager,,OFF SHIP: White;0;Green;129;Yellow;29;Red;12;Black;300;ON SHIP: White;0;Green;0;Yellow;0;Red;0;Evacuees to Transfer;
3126.33,1371,evacuee,outES,Evacuee 252 in triage category Y is not assigned a helicopter
3126.33,1371,evacuee,,Evacuee;252;in triage state;R;is at the evacuation site
3126.36,3,evacueeManager,,OFF SHIP: White;0;Green;129;Yellow;29;Red;11;Black;301;ON SHIP: White;0;Green;0;Yellow;0;Red;0;Evacuees to Transfer;
3126.36,1048,evacuee,outES,Evacuee 20 in triage category R is not assigned a helicopter
3126.36,1048,evacuee,,Evacuee;20;in triage state;B;is at the evacuation site
3136.22,3,evacueeManager,,OFF SHIP: White;0;Green;128;Yellow;30;Red;11;Black;301;ON SHIP: White;0;Green;0;Yellow;0;Red;0;Evacuees to Transfer;
3136.22,1392,evacuee,outES,Evacuee 275 in triage category G is not assigned a helicopter
3136.22,1392,evacuee,,Evacuee;275;in triage state;Y;is at the evacuation site
3141.29,3,evacueeManager,,OFF SHIP: White;0;Green;128;Yellow;29;Red;12;Black;301;ON SHIP: White;0;Green;0;Yellow;0;Red;0;Evacuees to Transfer;
3141.29,1506,evacuee,outES,Evacuee 298 in triage category Y is not assigned a helicopter
3141.29,1506,evacuee,,Evacuee;298;in triage state;R;is at the evacuation site
3142.66,3,evacueeManager,,OFF SHIP: White;0;Green;128;Yellow;29;Red;11;Black;302;ON SHIP: White;0;Green;0;Yellow;0;Red;0;Evacuees to Transfer;
3142.66,180,evacuee,outES,Evacuee 384 in triage category R is not assigned a helicopter
3142.66,180,evacuee,,Evacuee;384;in triage state;B;is at the evacuation site
3143.56,3,evacueeManager,,OFF SHIP: White;0;Green;128;Yellow;29;Red;10;Black;303;ON SHIP: White;0;Green;0;Yellow;0;Red;0;Evacuees to Transfer;
3143.56,859,evacuee,outES,Evacuee 172 in triage category R is not assigned a helicopter
3143.56,859,evacuee,,Evacuee;172;in triage state;B;is at the evacuation site
3149.76,3,evacueeManager,,OFF SHIP: White;0;Green;128;Yellow;29;Red;9;Black;304;ON SHIP: White;0;Green;0;Yellow;0;Red;0;Evacuees to Transfer;
3149.76,101,evacuee,outES,Evacuee 436 in triage category R is not assigned a helicopter
3149.76,101,evacuee,,Evacuee;436;in triage state;B;is at the evacuation site
3155.76,3,evacueeManager,,OFF SHIP: White;0;Green;128;Yellow;28;Red;10;Black;304;ON SHIP: White;0;Green;0;Yellow;0;Red;0;Evacuees to Transfer;
3155.76,247,evacuee,outES,Evacuee 357 in triage category Y is not assigned a helicopter
3155.76,247,evacuee,,Evacuee;357;in triage state;R;is at the evacuation site
3157.73,3,evacueeManager,,OFF SHIP: White;0;Green;128;Yellow;28;Red;9;Black;305;ON SHIP: White;0;Green;0;Yellow;0;Red;0;Evacuees to Transfer;
3157.73,1506,evacuee,outES,Evacuee 298 in triage category R is not assigned a helicopter
3157.73,1506,evacuee,,Evacuee;298;in triage state;B;is at the evacuation site
3159.83,3,evacueeManager,,OFF SHIP: White;0;Green;128;Yellow;27;Red;10;Black;305;ON SHIP: White;0;Green;0;Yellow;0;Red;0;Evacuees to Transfer;
3159.83,520,evacuee,outES,Evacuee 302 in triage category Y is not assigned a helicopter
3159.83,520,evacuee,,Evacuee;302;in triage state;R;is at the evacuation site
3164.78,3,evacueeManager,,OFF SHIP: White;0;Green;127;Yellow;28;Red;10;Black;305;ON SHIP: White;0;Green;0;Yellow;0;Red;0;Evacuees to Transfer;
3164.78,454,evacuee,outES,Evacuee 125 in triage category G is not assigned a helicopter
3164.78,454,evacuee,,Evacuee;125;in triage state;Y;is at the evacuation site
3165,7,filterLoc,,
3165,10,filterLoc,,
3165,13,filterLoc,,
3165,16,filterLoc,,
3165,19,filterLoc,,
3165,22,filterLoc,,
3165,25,filterLoc,,
3165,28,filterLoc,,
3165,31,filterLoc,,
3165,34,filterLoc,,
3165,37,filterLoc,,
3165,40,filterLoc,,
3165,43,filterLoc,,
3165,46,filterLoc,,
3165,49,filterLoc,,
3165,52,filterLoc,,
3165,55,filterLoc,,
3165,58,filterLoc,,
3165,61,filterLoc,,
3165,64,filterLoc,,
3165,67,filterLoc,,
3165,70,filterLoc,,
3165,73,filterLoc,,
3165,76,filterLoc,,
3165,79,filterLoc,,
3165,82,filterLoc,,
3165,85,filterLoc,,
3165,88,filterLoc,,
3165,91,filterLoc,,
3165,94,filterLoc,,
3165,97,filterLoc,,
3165,100,filterLoc,,
3165,105,helicopter,outEvac,Evacuee 65 in triage category G is not assigned a helicopter
3165,105,helicopter,outEvac,Evacuee 68 in triage category G is not assigned a helicopter
3165,105,helicopter,outEvac,Evacuee 69 in triage category G is not assigned a helicopter
3165,105,helicopter,outEvac,Evacuee 72 in triage category G is not assigned a helicopter
3165,105,helicopter,outEvac,Evacuee 73 in triage category G is not assigned a helicopter
3165,105,helicopter,outEvac,Evacuee 77 in triage category G is not assigned a helicopter
3165,105,helicopter,outEvac,Evacuee 78 in triage category G is not assigned a helicopter
3165,105,helicopter,outEvac,Evacuee 82 in triage category G is not assigned a helicopter
3165,105,helicopter,outEvac,Evacuee 84 in triage category G is not assigned a helicopter
3165,105,helicopter,outEvac,Evacuee 85 in triage category G is not assigned a helicopter
3165,105,helicopter,,Helicopter;3;is unloading people at the FOL;;and has;0;spots taken
3165,107,filterLoc,,
3165,110,filterLoc,,
3165,113,filterLoc,,
3165,116,filterLoc,,
3165,119,filterLoc,,
3165,122,filterLoc,,
3165,125,filterLoc,,
3165,128,filterLoc,,
3165,131,filterLoc,,
3165,134,filterLoc,,
3165,137,filterLoc,,
3165,140,filterLoc,,
3165,143,filterLoc,,
3165,146,filterLoc,,
3165,149,filterLoc,,
3165,152,filterLoc,,
3165,155,filterLoc,,
3165,158,filterLoc,,
3165,161,filterLoc,,
3165,164,filterLoc,,
3165,167,filterLoc,,
3165,170,filterLoc,,
3165,173,filterLoc,,
3165,176,filterLoc,,
3165,179,filterLoc,,
3165,182,filterLoc,,
3165,185,filterLoc,,
3165,188,filterLoc,,
3165,191,filterLoc,,
3165,194,filterLoc,,
3165,197,filterLoc,,
3165,200,filterLoc,,
3165,203,filterLoc,,
3165,206,filterLoc,,
3165,209,filterLoc,,
3165,212,filterLoc,,
3165,215,filterLoc,,
3165,218,filterLoc,,
3165,221,filterLoc,,
3165,225,filterLoc,,
3165,228,filterLoc,,
3165,231,filterLoc,,
3165,234,filterLoc,,
3165,237,filterLoc,,
3165,240,filterLoc,,
3165,243,filterLoc,,
3165,246,filterLoc,,
3165,249,filterLoc,,
3165,252,filterLoc,,
3165,255,filterLoc,,
3165,258,filterLoc,,
3165,261,filterLoc,,
3165,264,filterLoc,,
3165,267,filterLoc,,
3165,270,filterLoc,,
3165,273,filterLoc,,
3165,276,filterLoc,,
3165,279,filterLoc,,
3165,282,filterLoc,,
3165,285,filterLoc,,
3165,288,filterLoc,,
3165,291,filterLoc,,
3165,294,filterLoc,,
3165,297,filterLoc,,
3165,300,filterLoc,,
3165,303,filterLoc,,
3165,306,filterLoc,,
3165,309,filterLoc,,
3165,312,filterLoc,,
3165,315,filterLoc,,
3165,318,filterLoc,,
3165,321,filterLoc,,
3165,324,filterLoc,,
3165,327,filterLoc,,
3165,330,filterLoc,,
3165,333,filterLoc,,
3165,336,filterLoc,,
3165,339,filterLoc,,
3165,342,filterLoc,,
3165,345,filterLoc,,
3165,348,filterLoc,,
3165,351,filterLoc,,
3165,354,filterLoc,,
3165,357,filterLoc,,
3165,360,filterLoc,,
3165,363,filterLoc,,
3165,366,filterLoc,,
3165,369,filterLoc,,
3165,372,filterLoc,,
3165,375,filterLoc,,
3165,378,filterLoc,,
3165,381,filterLoc,,
3165,384,filterLoc,,
3165,387,filterLoc,,
3165,390,filterLoc,,
3165,393,filterLoc,,
3165,396,filterLoc,,
3165,399,filterLoc,,
3165,402,filterLoc,,
3165,405,filterLoc,,
3165,408,filterLoc,,
3165,411,filterLoc,,
3165,414,filterLoc,,
3165,417,filterLoc,,
3165,420,filterLoc,,
3165,423,filterLoc,,
3165,426,filterLoc,,
3165,429,filterLoc,,
3165,432,filterLoc,,
3165,435,filterLoc,,
3165,438,filterLoc,,
3165,441,filterLoc,,
3165,444,filterLoc,,
3165,447,filterLoc,,
3165,450,filterLoc,,
3165,453,filterLoc,,
3165,456,filterLoc,,
3165,459,filterLoc,,
3165,462,filterLoc,,
3165,465,filterLoc,,
3165,468,filterLoc,,
3165,471,filterLoc,,
3165,474,filterLoc,,
3165,477,filterLoc,,
3165,480,filterLoc,,
3165,483,filterLoc,,
3165,486,filterLoc,,
3165,489,filterLoc,,
3165,492,filterLoc,,
3165,495,filterLoc,,
3165,498,filterLoc,,
3165,501,filterLoc,,
3165,504,filterLoc,,
3165,507,filterLoc,,
3165,510,filterLoc,,
3165,513,filterLoc,,
3165,516,filterLoc,,
3165,519,filterLoc,,
3165,522,filterLoc,,
3165,525,filterLoc,,
3165,528,filterLoc,,
3165,531,filterLoc,,
3165,534,filterLoc,,
3165,537,filterLoc,,
3165,540,filterLoc,,
3165,543,filterLoc,,
3165,546,filterLoc,,
3165,549,filterLoc,,
3165,552,filterLoc,,
3165,555,filterLoc,,
3165,558,filterLoc,,
3165,561,filterLoc,,
3165,564,filterLoc,,
3165,567,filterLoc,,
3165,570,filterLoc,,
3165,573,filterLoc,,
3165,576,filterLoc,,
3165,579,filterLoc,,
3165,582,filterLoc,,
3165,585,filterLoc,,
3165,588,filterLoc,,
3165,591,filterLoc,,
3165,594,filterLoc,,
3165,597,filterLoc,,
3165,600,filterLoc,,
3165,603,filterLoc,,
3165,606,filterLoc,,
3165,609,filterLoc,,
3165,612,filterLoc,,
3165,615,filterLoc,,
3165,618,filterLoc,,
3165,621,filterLoc,,
3165,624,filterLoc,,
3165,627,filterLoc,,
3165,630,filterLoc,,
3165,633,filterLoc,,
3165,636,filterLoc,,
3165,639,filterLoc,,
3165,642,filterLoc,,
3165,645,filterLoc,,
3165,648,filterLoc,,
3165,651,filterLoc,,
3165,654,filterLoc,,
3165,657,filterLoc,,;Evacuee;78;in triage category;G;is leaving helicopter;3
3165,660,filterLoc,,
3165,663,filterLoc,,
3165,666,filterLoc,,;Evacuee;77;in triage category;G;is leaving helicopter;3
3165,669,filterLoc,,
3165,672,filterLoc,,
3165,675,filterLoc,,
3165,678,filterLoc,,
3165,681,filterLoc,,
3165,684,filterLoc,,
3165,687,filterLoc,,
3165,690,filterLoc,,
3165,693,filterLoc,,
3165,696,filterLoc,,
3165,699,filterLoc,,
3165,702,filterLoc,,
3165,705,filterLoc,,
3165,708,filterLoc,,
3165,711,filterLoc,,
3165,714,filterLoc,,
3165,717,filterLoc,,
3165,720,filterLoc,,
3165,723,filterLoc,,
3165,726,filterLoc,,
3165,729,filterLoc,,
3165,732,filterLoc,,
3165,735,filterLoc,,
3165,738,filterLoc,,;Evacuee;65;in triage category;G;is leaving helicopter;3
3165,741,filterLoc,,
3165,744,filterLoc,,
3165,747,filterLoc,,
3165,750,filterLoc,,
3165,753,filterLoc,,
3165,756,filterLoc,,
3165,759,filterLoc,,
3165,762,filterLoc,,
3165,765,filterLoc,,
3165,768,filterLoc,,
3165,771,filterLoc,,
3165,774,filterLoc,,
3165,777,filterLoc,,
3165,780,filterLoc,,
3165,783,filterLoc,,
3165,786,filterLoc,,
3165,789,filterLoc,,
3165,792,filterLoc,,
3165,795,filterLoc,,
3165,798,filterLoc,,
3165,801,filterLoc,,
3165,804,filterLoc,,
3165,807,filterLoc,,
3165,810,filterLoc,,
3165,813,filterLoc,,;Evacuee;85;in triage category;G;is leaving helicopter;3
3165,816,filterLoc,,
3165,819,filterLoc,,
3165,822,filterLoc,,
3165,825,filterLoc,,
3165,828,filterLoc,,
3165,831,filterLoc,,
3165,834,filterLoc,,
3165,837,filterLoc,,
3165,840,filterLoc,,
3165,843,filterLoc,,
3165,846,filterLoc,,
3165,849,filterLoc,,
3165,852,filterLoc,,
3165,855,filterLoc,,
3165,858,filterLoc,,
3165,861,filterLoc,,
3165,864,filterLoc,,
3165,867,filterLoc,,;Evacuee;82;in triage category;G;is leaving helicopter;3
3165,870,filterLoc,,
3165,873,filterLoc,,
3165,876,filterLoc,,
3165,879,filterLoc,,
3165,882,filterLoc,,
3165,885,filterLoc,,
3165,888,filterLoc,,
3165,891,filterLoc,,
3165,894,filterLoc,,
3165,897,filterLoc,,
3165,900,filterLoc,,
3165,903,filterLoc,,
3165,906,filterLoc,,
3165,909,filterLoc,,
3165,912,filterLoc,,
3165,915,filterLoc,,
3165,918,filterLoc,,
3165,921,filterLoc,,
3165,924,filterLoc,,
3165,927,filterLoc,,
3165,930,filterLoc,,
3165,933,filterLoc,,
3165,936,filterLoc,,
3165,939,filterLoc,,
3165,942,filterLoc,,
3165,945,filterLoc,,
3165,948,filterLoc,,
3165,951,filterLoc,,
3165,954,filterLoc,,
3165,957,filterLoc,,
3165,960,filterLoc,,
3165,963,filterLoc,,
3165,966,filterLoc,,
3165,969,filterLoc,,
3165,972,filterLoc,,
3165,975,filterLoc,,
3165,978,filterLoc,,
3165,981,filterLoc,,
3165,984,filterLoc,,
3165,987,filterLoc,,
3165,990,filterLoc,,
3165,993,filterLoc,,
3165,996,filterLoc,,;Evacuee;68;in triage category;G;is leaving helicopter;3
3165,999,filterLoc,,;Evacuee;72;in triage category;G;is leaving helicopter;3
3165,1002,filterLoc,,
3165,1005,filterLoc,,
3165,1008,filterLoc,,
3165,1011,filterLoc,,
3165,1014,filterLoc,,
3165,1017,filterLoc,,
3165,1020,filterLoc,,
3165,1023,filterLoc,,
3165,1026,filterLoc,,
3165,1029,filterLoc,,
3165,1032,filterLoc,,
3165,1035,filterLoc,,
3165,1038,filterLoc,,
3165,1041,filterLoc,,
3165,1044,filterLoc,,
3165,1047,filterLoc,,
3165,1050,filterLoc,,
3165,1053,filterLoc,,
3165,1056,filterLoc,,
3165,1059,filterLoc,,
3165,1062,filterLoc,,;Evacuee;84;in triage category;G;is leaving helicopter;3
3165,1065,filterLoc,,
3165,1068,filterLoc,,
3165,1071,filterLoc,,
3165,1074,filterLoc,,
3165,1077,filterLoc,,
3165,1080,filterLoc,,
3165,1083,filterLoc,,
3165,1086,filterLoc,,
3165,1089,filterLoc,,
3165,1092,filterLoc,,
3165,1095,filterLoc,,
3165,1098,filterLoc,,
3165,1101,filterLoc,,
3165,1104,filterLoc,,
3165,1107,filterLoc,,
3165,1110,filterLoc,,
3165,1113,filterLoc,,
3165,1116,filterLoc,,
3165,1123,filterLoc,,
3165,1126,filterLoc,,
3165,1129,filterLoc,,
3165,1132,filterLoc,,
3165,1135,filterLoc,,
3165,1138,filterLoc,,
3165,1141,filterLoc,,
3165,1144,filterLoc,,
3165,1147,filterLoc,,
3165,1150,filterLoc,,
3165,1153,filterLoc,,
3165,1156,filterLoc,,
3165,1163,filterLoc,,
3165,1166,filterLoc,,
3165,1169,filterLoc,,
3165,1172,filterLoc,,
3165,1175,filterLoc,,
3165,1178,filterLoc,,
3165,1181,filterLoc,,
3165,1184,filterLoc,,
3165,1187,filterLoc,,
3165,1190,filterLoc,,
3165,1193,filterLoc,,
3165,1196,filterLoc,,
3165,1199,filterLoc,,
3165,1202,filterLoc,,
3165,1205,filterLoc,,
3165,1208,filterLoc,,
3165,1211,filterLoc,,
3165,1214,filterLoc,,
3165,1217,filterLoc,,
3165,1220,filterLoc,,
3165,1223,filterLoc,,
3165,1226,filterLoc,,
3165,1229,filterLoc,,
3165,1232,filterLoc,,
3165,1235,filterLoc,,
3165,1238,filterLoc,,
3165,1241,filterLoc,,
3165,1244,filterLoc,,
3165,1247,filterLoc,,
3165,1250,filterLoc,,
3165,1253,filterLoc,,
3165,1256,filterLoc,,
3165,1259,filterLoc,,
3165,1262,filterLoc,,
3165,1265,filterLoc,,
3165,1268,filterLoc,,
3165,1271,filterLoc,,
3165,1274,filterLoc,,
3165,1277,filterLoc,,
3165,1280,filterLoc,,
3165,1283,filterLoc,,
3165,1286,filterLoc,,
3165,1289,filterLoc,,
3165,1292,filterLoc,,
3165,1295,filterLoc,,
3165,1298,filterLoc,,
3165,1301,filterLoc,,
3165,1304,filterLoc,,
3165,1307,filterLoc,,
3165,1310,filterLoc,,
3165,1313,filterLoc,,
3165,1316,filterLoc,,
3165,1319,filterLoc,,
3165,1322,filterLoc,,
3165,1325,filterLoc,,
3165,1328,filterLoc,,
3165,1331,filterLoc,,
3165,1334,filterLoc,,
3165,1337,filterLoc,,
3165,1340,filterLoc,,
3165,1343,filterLoc,,
3165,1346,filterLoc,,
3165,1349,filterLoc,,
3165,1352,filterLoc,,
3165,1355,filterLoc,,
3165,1358,filterLoc,,
3165,1361,filterLoc,,
3165,1364,filterLoc,,
3165,1367,filterLoc,,
3165,1370,filterLoc,,
3165,1373,filterLoc,,
3165,1376,filterLoc,,
3165,1379,filterLoc,,
3165,1382,filterLoc,,
3165,1385,filterLoc,,
3165,1388,filterLoc,,
3165,1391,filterLoc,,
3165,1394,filterLoc,,
3165,1397,filterLoc,,
3165,1400,filterLoc,,
3165,1403,filterLoc,,
3165,1406,filterLoc,,;Evacuee;69;in triage category;G;is leaving helicopter;3
3165,1409,filterLoc,,
3165,1412,filterLoc,,
3165,1415,filterLoc,,
3165,1418,filterLoc,,
3165,1421,filterLoc,,
3165,1424,filterLoc,,
3165,1427,filterLoc,,
3165,1430,filterLoc,,
3165,1433,filterLoc,,
3165,1436,filterLoc,,
3165,1439,filterLoc,,
3165,1442,filterLoc,,
3165,1445,filterLoc,,
3165,1448,filterLoc,,
3165,1451,filterLoc,,
3165,1454,filterLoc,,
3165,1457,filterLoc,,
3165,1460,filterLoc,,;Evacuee;73;in triage category;G;is leaving helicopter;3
3165,1463,filterLoc,,
3165,1466,filterLoc,,
3165,1469,filterLoc,,
3165,1472,filterLoc,,
3165,1475,filterLoc,,
3165,1478,filterLoc,,
3165,1481,filterLoc,,
3165,1484,filterLoc,,
3165,1487,filterLoc,,
3165,1490,filterLoc,,
3165,1493,filterLoc,,
3165,1496,filterLoc,,
3165,1499,filterLoc,,
3165,1502,filterLoc,,
3165,1505,filterLoc,,
3165,1508,filterLoc,,
3165,1511,filterLoc,,
3165,1514,filterLoc,,
3165,1517,filterLoc,,
3165,657,filterLoc,out,Evacuee 78 in triage category G is not assigned a helicopter
3165,657,filterLoc,,
3165,658,evacuee,,Evacuee;78;in triage state;G;is entering the FOL
3165,666,filterLoc,out,Evacuee 77 in triage category G is not assigned a helicopter
3165,666,filterLoc,,
3165,667,evacuee,,Evacuee;77;in triage state;G;is entering the FOL
3165,738,filterLoc,out,Evacuee 65 in triage category G is not assigned a helicopter
3165,738,filterLoc,,
3165,739,evacuee,,Evacuee;65;in triage state;G;is entering the FOL
3165,813,filterLoc,out,Evacuee 85 in triage category G is not assigned a helicopter
3165,813,filterLoc,,
3165,814,evacuee,,Evacuee;85;in triage state;G;is entering the FOL
3165,867,filterLoc,out,Evacuee 82 in triage category G is not assigned a helicopter
3165,867,filterLoc,,
3165,868,evacuee,,Evacuee;82;in triage state;G;is entering the FOL
3165,996,filterLoc,out,Evacuee 68 in triage category G is not assigned a helicopter
3165,996,filterLoc,,
3165,997,evacuee,,Evacuee;68;in triage state;G;is entering the FOL
3165,999,filterLoc,out,Evacuee 72 in triage category G is not assigned a helicopter
3165,999,filterLoc,,
3165,1000,evacuee,,Evacuee;72;in triage state;G;is entering the FOL
3165,1062,filterLoc,out,Evacuee 84 in triage category G is not assigned a helicopter
3165,1062,filterLoc,,
3165,1063,evacuee,,Evacuee;84;in triage state;G;is entering the FOL
3165,1406,filterLoc,out,Evacuee 69 in triage category G is not assigned a helicopter
3165,1406,filterLoc,,
3165,1407,evacuee,,Evacuee;69;in triage state;G;is entering the FOL
3165,1460,filterLoc,out,Evacuee 73 in triage category G is not assigned a helicopter
3165,1460,filterLoc,,
3165,1461,evacuee,,Evacuee;73;in triage state;G;is entering the FOL
3165,223,FOL,,;EvacueeID;7;Triage Status;G;EvacueeID;10;Triage Status;G;EvacueeID;14;Triage Status;G;EvacueeID;16;Triage Status;G;EvacueeID;17;Triage Status;G;EvacueeID;21;Triage Status;G;EvacueeID;27;Triage Status;G;EvacueeID;29;Triage Status;G;EvacueeID;31;Triage Status;G;EvacueeID;35;Triage Status;G;EvacueeID;36;Triage Status;G;EvacueeID;38;Triage Status;G;EvacueeID;42;Triage Status;G;EvacueeID;43;Triage Status;G;EvacueeID;46;Triage Status;G;EvacueeID;47;Triage Status;G;EvacueeID;53;Triage Status;G;EvacueeID;54;Triage Status;G;EvacueeID;56;Triage Status;G;EvacueeID;63;Triage Status;G;EvacueeID;65;Triage Status;G;EvacueeID;68;Triage Status;G;EvacueeID;69;Triage Status;G;EvacueeID;72;Triage Status;G;EvacueeID;73;Triage Status;G;EvacueeID;77;Triage Status;G;EvacueeID;78;Triage Status;G;EvacueeID;82;Triage Status;G;EvacueeID;84;Triage Status;G;EvacueeID;85;Triage Status;G;Lives Saved;30
3165,658,evacuee,outFOL,Evacuee 78 in triage category G is not assigned a helicopter
3165,658,evacuee,,Evacuee;78;in triage state;G;is at the FOL
3165,667,evacuee,outFOL,Evacuee 77 in triage category G is not assigned a helicopter
3165,667,evacuee,,Evacuee;77;in triage state;G;is at the FOL
3165,739,evacuee,outFOL,Evacuee 65 in triage category G is not assigned a helicopter
3165,739,evacuee,,Evacuee;65;in triage state;G;is at the FOL
3165,814,evacuee,outFOL,Evacuee 85 in triage category G is not assigned a helicopter
3165,814,evacuee,,Evacuee;85;in triage state;G;is at the FOL
3165,868,evacuee,outFOL,Evacuee 82 in triage category G is not assigned a helicopter
3165,868,evacuee,,Evacuee;82;in triage state;G;is at the FOL
3165,997,evacuee,outFOL,Evacuee 68 in triage category G is not assigned a helicopter
3165,997,evacuee,,Evacuee;68;in triage state;G;is at the FOL
3165,1000,evacuee,outFOL,Evacuee 72 in triage category G is not assigned a helicopter
3165,1000,evacuee,,Evacuee;72;in triage state;G;is at the FOL
3165,1063,evacuee,outFOL,Evacuee 84 in triage category G is not assigned a helicopter
3165,1063,evacuee,,Evacuee;84;in triage state;G;is at the FOL
3165,1407,evacuee,outFOL,Evacuee 69 in triage category G is not assigned a helicopter
3165,1407,evacuee,,Evacuee;69;in triage state;G;is at the FOL
3165,1461,evacuee,outFOL,Evacuee 73 in triage category G is not assigned a helicopter
3165,1461,evacuee,,Evacuee;73;in triage state;G;is at the FOL
3165,223,FOL,,;EvacueeID;7;Triage Status;G;EvacueeID;10;Triage Status;G;EvacueeID;14;Triage Status;G;EvacueeID;16;Triage Status;G;EvacueeID;17;Triage Status;G;EvacueeID;21;Triage Status;G;EvacueeID;27;Triage Status;G;EvacueeID;29;Triage Status;G;EvacueeID;31;Triage Status;G;EvacueeID;35;Triage Status;G;EvacueeID;36;Triage Status;G;EvacueeID;38;Triage Status;G;EvacueeID;42;Triage Status;G;EvacueeID;43;Triage Status;G;EvacueeID;46;Triage Status;G;EvacueeID;47;Triage Status;G;EvacueeID;53;Triage Status;G;EvacueeID;54;Triage Status;G;EvacueeID;56;Triage Status;G;EvacueeID;63;Triage Status;G;EvacueeID;65;Triage Status;G;EvacueeID;68;Triage Status;G;EvacueeID;69;Triage Status;G;EvacueeID;72;Triage Status;G;EvacueeID;73;Triage Status;G;EvacueeID;77;Triage Status;G;EvacueeID;78;Triage Status;G;EvacueeID;82;Triage Status;G;EvacueeID;84;Triage Status;G;EvacueeID;85;Triage Status;G;Lives Saved;30
3165.77,3,evacueeManager,,OFF SHIP: White;0;Green;126;Yellow;29;Red;10;Black;305;ON SHIP: White;0;Green;0;Yellow;0;Red;0;Evacuees to Transfer;
3165.77,985,evacuee,outES,Evacuee 154 in triage category G is not assigned a helicopter
3165.77,985,evacuee,,Evacuee;154;in triage state;Y;is at the evacuation site
3165.98,3,evacueeManager,,OFF SHIP: White;0;Green;126;Yellow;28;Red;11;Black;305;ON SHIP: White;0;Green;0;Yellow;0;Red;0;Evacuees to Transfer;
3165.98,313,evacuee,outES,Evacuee 321 in triage category Y is not assigned a helicopter
3165.98,313,evacuee,,Evacuee;321;in triage state;R;is at the evacuation site
3172.87,3,evacueeManager,,OFF SHIP: White;0;Green;125;Yellow;29;Red;11;Black;305;ON SHIP: White;0;Green;0;Yellow;0;Red;0;Evacuees to Transfer;
3172.87,250,evacuee,outES,Evacuee 354 in triage category G is not assigned a helicopter
3172.87,250,evacuee,,Evacuee;354;in triage state;Y;is at the evacuation site
3180,105,helicopter,,Helicopter;3;Is going to the evacuation site;;and has;0;spots taken
3180.39,3,evacueeManager,,OFF SHIP: White;0;Green;125;Yellow;28;Red;12;Black;305;ON SHIP: White;0;Green;0;Yellow;0;Red;0;Evacuees to Transfer;
3180.39,721,evacuee,outES,Evacuee 15 in triage category Y is not assigned a helicopter
3180.39,721,evacuee,,Evacuee;15;in triage state;R;is at the evacuation site
3183.46,3,evacueeManager,,OFF SHIP: White;0;Green;125;Yellow;28;Red;11;Black;306;ON SHIP: White;0;Green;0;Yellow;0;Red;0;Evacuees to Transfer;
3183.46,247,evacuee,outES,Evacuee 357 in triage category R is not assigned a helicopter
3183.46,247,evacuee,,Evacuee;357;in triage state;B;is at the evacuation site
3185.22,3,evacueeManager,,OFF SHIP: White;0;Green;125;Yellow;27;Red;12;Black;306;ON SHIP: White;0;Green;0;Yellow;0;Red;0;Evacuees to Transfer;
3185.22,916,evacuee,outES,Evacuee 359 in triage category Y is not assigned a helicopter
3185.22,916,evacuee,,Evacuee;359;in triage state;R;is at the evacuation site
3190.94,3,evacueeManager,,OFF SHIP: White;0;Green;125;Yellow;27;Red;11;Black;307;ON SHIP: White;0;Green;0;Yellow;0;Red;0;Evacuees to Transfer;
3190.94,913,evacuee,outES,Evacuee 451 in triage category R is not assigned a helicopter
3190.94,913,evacuee,,Evacuee;451;in triage state;B;is at the evacuation site
3206,3,evacueeManager,,OFF SHIP: White;0;Green;125;Yellow;26;Red;12;Black;307;ON SHIP: White;0;Green;0;Yellow;0;Red;0;Evacuees to Transfer;
3206,1188,evacuee,outES,Evacuee 308 in triage category Y is not assigned a helicopter
3206,1188,evacuee,,Evacuee;308;in triage state;R;is at the evacuation site
3206.2,3,evacueeManager,,OFF SHIP: White;0;Green;125;Yellow;26;Red;11;Black;308;ON SHIP: White;0;Green;0;Yellow;0;Red;0;Evacuees to Transfer;
3206.2,976,evacuee,outES,Evacuee 52 in triage category R is not assigned a helicopter
3206.2,976,evacuee,,Evacuee;52;in triage state;B;is at the evacuation site
3210,5,helicopterQueue,,1;Helos are waiting to land;HeloID;1
3210,1161,helicopter,outES,Helicopter 1 is evacuating people1
3210,1161,helicopter,,Helicopter;1;is waiting to land at the evacuation site;;and has;0;spots taken
3210,4,helipadManager,,;No helos are at ES
3210,5,helicopterQueue,outHM,Helicopter 1 is evacuating people1
3210,5,helicopterQueue,outHelo,Helicopter 1 is evacuating people1
3210,5,helicopterQueue,,;No helos are waiting to land
3210,104,filterES,,
3210,1120,filterES,,
3210,1160,filterES,,Helicopter;1;is evacuating people
3210,3,evacueeManager,,OFF SHIP: White;0;Green;115;Yellow;26;Red;11;Black;308;ON SHIP: White;0;Green;0;Yellow;0;Red;0;Evacuees to Transfer;;EvacueeID;88;HeloID;1;OnShip;0;Triage Status;G;EvacueeID;91;HeloID;1;OnShip;0;Triage Status;G;EvacueeID;93;HeloID;1;OnShip;0;Triage Status;G;EvacueeID;94;HeloID;1;OnShip;0;Triage Status;G;EvacueeID;95;HeloID;1;OnShip;0;Triage Status;G;EvacueeID;100;HeloID;1;OnShip;0;Triage Status;G;EvacueeID;106;HeloID;1;OnShip;0;Triage Status;G;EvacueeID;108;HeloID;1;OnShip;0;Triage Status;G;EvacueeID;109;HeloID;1;OnShip;0;Triage Status;G;EvacueeID;112;HeloID;1;OnShip;0;Triage Status;G
3210,4,helipadManager,outEM,Helicopter 1 is evacuating people1
3210,4,helipadManager,,Helo;1;is at the ES
3210,1160,filterES,out,Helicopter 1 is evacuating people1
3210,1160,filterES,,
3210,1161,helicopter,,Helicopter;1;is waiting to land at the evacuation site;;and has;0;spots taken
3210,3,evacueeManager,outEvac,Evacuee 88 in triage category G is assigned helicopter 1
3210,3,evacueeManager,outEvac,Evacuee 91 in triage category G is assigned helicopter 1
3210,3,evacueeManager,outEvac,Evacuee 93 in triage category G is assigned helicopter 1
3210,3,evacueeManager,outEvac,Evacuee 94 in triage category G is assigned helicopter 1
3210,3,evacueeManager,outEvac,Evacuee 95 in triage category G is assigned helicopter 1
3210,3,evacueeManager,outEvac,Evacuee 100 in triage category G is assigned helicopter 1
3210,3,evacueeManager,outEvac,Evacuee 106 in triage category G is assigned helicopter 1
3210,3,evacueeManager,outEvac,Evacuee 108 in triage category G is assigned helicopter 1
3210,3,evacueeManager,outEvac,Evacuee 109 in triage category G is assigned helicopter 1
3210,3,evacueeManager,outEvac,Evacuee 112 in triage category G is assigned helicopter 1
3210,3,evacueeManager,,OFF SHIP: White;0;Green;115;Yellow;26;Red;11;Black;308;ON SHIP: White;0;Green;0;Yellow;0;Red;0;Evacuees to Transfer;
3210,7,filterLoc,,
3210,10,filterLoc,,
3210,13,filterLoc,,
3210,16,filterLoc,,
3210,19,filterLoc,,
3210,22,filterLoc,,
3210,25,filterLoc,,
3210,28,filterLoc,,
3210,31,filterLoc,,
3210,34,filterLoc,,
3210,37,filterLoc,,
3210,40,filterLoc,,
3210,43,filterLoc,,
3210,46,filterLoc,,
3210,49,filterLoc,,
3210,52,filterLoc,,
3210,55,filterLoc,,
3210,58,filterLoc,,
3210,61,filterLoc,,
3210,64,filterLoc,,
3210,67,filterLoc,,
3210,70,filterLoc,,
3210,73,filterLoc,,
3210,76,filterLoc,,
3210,79,filterLoc,,
3210,82,filterLoc,,
3210,85,filterLoc,,
3210,88,filterLoc,,
3210,91,filterLoc,,
3210,94,filterLoc,,
3210,97,filterLoc,,
3210,100,filterLoc,,
3210,107,filterLoc,,
3210,110,filterLoc,,
3210,113,filterLoc,,
3210,116,filterLoc,,
3210,119,filterLoc,,
3210,122,filterLoc,,
3210,125,filterLoc,,
3210,128,filterLoc,,
3210,131,filterLoc,,
3210,134,filterLoc,,
3210,137,filterLoc,,
3210,140,filterLoc,,
3210,143,filterLoc,,
3210,146,filterLoc,,
3210,149,filterLoc,,
3210,152,filterLoc,,
3210,155,filterLoc,,
3210,158,filterLoc,,
3210,161,filterLoc,,
3210,164,filterLoc,,
3210,167,filterLoc,,
3210,170,filterLoc,,
3210,173,filterLoc,,
3210,176,filterLoc,,
3210,179,filterLoc,,
3210,182,filterLoc,,
3210,185,filterLoc,,
3210,188,filterLoc,,
3210,191,filterLoc,,
3210,194,filterLoc,,
3210,197,filterLoc,,
3210,200,filterLoc,,
3210,203,filterLoc,,
3210,206,filterLoc,,
3210,209,filterLoc,,
3210,212,filterLoc,,
3210,215,filterLoc,,
3210,218,filterLoc,,
3210,221,filterLoc,,
3210,225,filterLoc,,
3210,228,filterLoc,,
3210,231,filterLoc,,
3210,234,filterLoc,,
3210,237,filterLoc,,
3210,240,filterLoc,,
3210,243,filterLoc,,
3210,246,filterLoc,,
3210,249,filterLoc,,
3210,252,filterLoc,,
3210,255,filterLoc,,
3210,258,filterLoc,,
3210,261,filterLoc,,
3210,264,filterLoc,,
3210,267,filterLoc,,
3210,270,filterLoc,,
3210,273,filterLoc,,
3210,276,filterLoc,,
3210,279,filterLoc,,
3210,282,filterLoc,,
3210,285,filterLoc,,
3210,288,filterLoc,,
3210,291,filterLoc,,
3210,294,filterLoc,,
3210,297,filterLoc,,
3210,300,filterLoc,,
3210,303,filterLoc,,
3210,306,filterLoc,,
3210,309,filterLoc,,
3210,312,filterLoc,,
3210,315,filterLoc,,
3210,318,filterLoc,,
3210,321,filterLoc,,
3210,324,filterLoc,,
3210,327,filterLoc,,
3210,330,filterLoc,,
3210,333,filterLoc,,
3210,336,filterLoc,,
3210,339,filterLoc,,
3210,342,filterLoc,,
3210,345,filterLoc,,
3210,348,filterLoc,,
3210,351,filterLoc,,
3210,354,filterLoc,,
3210,357,filterLoc,,
3210,360,filterLoc,,
3210,363,filterLoc,,
3210,366,filterLoc,,
3210,369,filterLoc,,
3210,372,filterLoc,,
3210,375,filterLoc,,
3210,378,filterLoc,,
3210,381,filterLoc,,
3210,384,filterLoc,,
3210,387,filterLoc,,
3210,390,filterLoc,,
3210,393,filterLoc,,
3210,396,filterLoc,,
3210,399,filterLoc,,
3210,402,filterLoc,,
3210,405,filterLoc,,
3210,408,filterLoc,,
3210,411,filterLoc,,
3210,414,filterLoc,,
3210,417,filterLoc,,
3210,420,filterLoc,,
3210,423,filterLoc,,
3210,426,filterLoc,,
3210,429,filterLoc,,
3210,432,filterLoc,,
3210,435,filterLoc,,
3210,438,filterLoc,,
3210,441,filterLoc,,
3210,444,filterLoc,,
3210,447,filterLoc,,
3210,450,filterLoc,,
3210,453,filterLoc,,
3210,456,filterLoc,,
3210,459,filterLoc,,
3210,462,filterLoc,,;Evacuee;88;in triage category;G;is entering helicopter;1
3210,465,filterLoc,,
3210,468,filterLoc,,
3210,471,filterLoc,,;Evacuee;108;in triage category;G;is entering helicopter;1
3210,474,filterLoc,,
3210,477,filterLoc,,
3210,480,filterLoc,,
3210,483,filterLoc,,
3210,486,filterLoc,,
3210,489,filterLoc,,
3210,492,filterLoc,,
3210,495,filterLoc,,
3210,498,filterLoc,,
3210,501,filterLoc,,
3210,504,filterLoc,,
3210,507,filterLoc,,
3210,510,filterLoc,,
3210,513,filterLoc,,
3210,516,filterLoc,,
3210,519,filterLoc,,
3210,522,filterLoc,,;Evacuee;112;in triage category;G;is entering helicopter;1
3210,525,filterLoc,,
3210,528,filterLoc,,;Evacuee;109;in triage category;G;is entering helicopter;1
3210,531,filterLoc,,
3210,534,filterLoc,,
3210,537,filterLoc,,
3210,540,filterLoc,,;Evacuee;106;in triage category;G;is entering helicopter;1
3210,543,filterLoc,,
3210,546,filterLoc,,
3210,549,filterLoc,,
3210,552,filterLoc,,
3210,555,filterLoc,,
3210,558,filterLoc,,
3210,561,filterLoc,,
3210,564,filterLoc,,
3210,567,filterLoc,,
3210,570,filterLoc,,
3210,573,filterLoc,,
3210,576,filterLoc,,
3210,579,filterLoc,,
3210,582,filterLoc,,
3210,585,filterLoc,,
3210,588,filterLoc,,
3210,591,filterLoc,,
3210,594,filterLoc,,;Evacuee;95;in triage category;G;is entering helicopter;1
3210,597,filterLoc,,
3210,600,filterLoc,,
3210,603,filterLoc,,
3210,606,filterLoc,,;Evacuee;93;in triage category;G;is entering helicopter;1
3210,609,filterLoc,,
3210,612,filterLoc,,
3210,615,filterLoc,,
3210,618,filterLoc,,
3210,621,filterLoc,,
3210,624,filterLoc,,
3210,627,filterLoc,,
3210,630,filterLoc,,
3210,633,filterLoc,,
3210,636,filterLoc,,
3210,639,filterLoc,,
3210,642,filterLoc,,
3210,645,filterLoc,,
3210,648,filterLoc,,
3210,651,filterLoc,,
3210,654,filterLoc,,
3210,657,filterLoc,,
3210,660,filterLoc,,
3210,663,filterLoc,,
3210,666,filterLoc,,
3210,669,filterLoc,,
3210,672,filterLoc,,
3210,675,filterLoc,,
3210,678,filterLoc,,
3210,681,filterLoc,,
3210,684,filterLoc,,
3210,687,filterLoc,,
3210,690,filterLoc,,
3210,693,filterLoc,,
3210,696,filterLoc,,
3210,699,filterLoc,,
3210,702,filterLoc,,
3210,705,filterLoc,,
3210,708,filterLoc,,
3210,711,filterLoc,,
3210,714,filterLoc,,
3210,717,filterLoc,,
3210,720,filterLoc,,
3210,723,filterLoc,,
3210,726,filterLoc,,
3210,729,filterLoc,,
3210,732,filterLoc,,
3210,735,filterLoc,,
3210,738,filterLoc,,
3210,741,filterLoc,,
3210,744,filterLoc,,
3210,747,filterLoc,,
3210,750,filterLoc,,
3210,753,filterLoc,,
3210,756,filterLoc,,
3210,759,filterLoc,,
3210,762,filterLoc,,
3210,765,filterLoc,,
3210,768,filterLoc,,
3210,771,filterLoc,,
3210,774,filterLoc,,
3210,777,filterLoc,,
3210,780,filterLoc,,
3210,783,filterLoc,,
3210,786,filterLoc,,
3210,789,filterLoc,,
3210,792,filterLoc,,
3210,795,filterLoc,,
3210,798,filterLoc,,
3210,801,filterLoc,,;Evacuee;100;in triage category;G;is entering helicopter;1
3210,804,filterLoc,,
3210,807,filterLoc,,
3210,810,filterLoc,,
3210,813,filterLoc,,
3210,816,filterLoc,,
3210,819,filterLoc,,
3210,822,filterLoc,,
3210,825,filterLoc,,
3210,828,filterLoc,,
3210,831,filterLoc,,
3210,834,filterLoc,,
3210,837,filterLoc,,
3210,840,filterLoc,,
3210,843,filterLoc,,
3210,846,filterLoc,,
3210,849,filterLoc,,
3210,852,filterLoc,,
3210,855,filterLoc,,
3210,858,filterLoc,,
3210,861,filterLoc,,
3210,864,filterLoc,,
3210,867,filterLoc,,
3210,870,filterLoc,,
3210,873,filterLoc,,
3210,876,filterLoc,,
3210,879,filterLoc,,
3210,882,filterLoc,,
3210,885,filterLoc,,
3210,888,filterLoc,,
3210,891,filterLoc,,
3210,894,filterLoc,,
3210,897,filterLoc,,
3210,900,filterLoc,,
3210,903,filterLoc,,
3210,906,filterLoc,,
3210,909,filterLoc,,
3210,912,filterLoc,,
3210,915,filterLoc,,
3210,918,filterLoc,,
3210,921,filterLoc,,
3210,924,filterLoc,,
3210,927,filterLoc,,
3210,930,filterLoc,,
3210,933,filterLoc,,
3210,936,filterLoc,,
3210,939,filterLoc,,
3210,942,filterLoc,,
3210,945,filterLoc,,
3210,948,filterLoc,,
3210,951,filterLoc,,
3210,954,filterLoc,,
3210,957,filterLoc,,
3210,960,filterLoc,,
3210,963,filterLoc,,
3210,966,filterLoc,,
3210,969,filterLoc,,
3210,972,filterLoc,,
3210,975,filterLoc,,
3210,978,filterLoc,,
3210,981,filterLoc,,
3210,984,filterLoc,,
3210,987,filterLoc,,
3210,990,filterLoc,,
3210,993,filterLoc,,
3210,996,filterLoc,,
3210,999,filterLoc,,
3210,1002,filterLoc,,
3210,1005,filterLoc,,
3210,1008,filterLoc,,
3210,1011,filterLoc,,
3210,1014,filterLoc,,
3210,1017,filterLoc,,
3210,1020,filterLoc,,
3210,1023,filterLoc,,
3210,1026,filterLoc,,
3210,1029,filterLoc,,
3210,1032,filterLoc,,
3210,1035,filterLoc,,
3210,1038,filterLoc,,
3210,1041,filterLoc,,
3210,1044,filterLoc,,
3210,1047,filterLoc,,
3210,1050,filterLoc,,
3210,1053,filterLoc,,
3210,1056,filterLoc,,
3210,1059,filterLoc,,
3210,1062,filterLoc,,
3210,1065,filterLoc,,
3210,1068,filterLoc,,;Evacuee;91;in triage category;G;is entering helicopter;1
3210,1071,filterLoc,,
3210,1074,filterLoc,,
3210,1077,filterLoc,,
3210,1080,filterLoc,,
3210,1083,filterLoc,,
3210,1086,filterLoc,,
3210,1089,filterLoc,,
3210,1092,filterLoc,,
3210,1095,filterLoc,,
3210,1098,filterLoc,,
3210,1101,filterLoc,,
3210,1104,filterLoc,,
3210,1107,filterLoc,,
3210,1110,filterLoc,,
3210,1113,filterLoc,,
3210,1116,filterLoc,,
3210,1123,filterLoc,,;Evacuee;94;in triage category;G;is entering helicopter;1
3210,1126,filterLoc,,
3210,1129,filterLoc,,
3210,1132,filterLoc,,
3210,1135,filterLoc,,
3210,1138,filterLoc,,
3210,1141,filterLoc,,
3210,1144,filterLoc,,
3210,1147,filterLoc,,
3210,1150,filterLoc,,
3210,1153,filterLoc,,
3210,1156,filterLoc,,
3210,1161,helicopter,,Helicopter;1;is loading people at the evacuation site;;and has;0;spots taken
3210,1163,filterLoc,,
3210,1166,filterLoc,,
3210,1169,filterLoc,,
3210,1172,filterLoc,,
3210,1175,filterLoc,,
3210,1178,filterLoc,,
3210,1181,filterLoc,,
3210,1184,filterLoc,,
3210,1187,filterLoc,,
3210,1190,filterLoc,,
3210,1193,filterLoc,,
3210,1196,filterLoc,,
3210,1199,filterLoc,,
3210,1202,filterLoc,,
3210,1205,filterLoc,,
3210,1208,filterLoc,,
3210,1211,filterLoc,,
3210,1214,filterLoc,,
3210,1217,filterLoc,,
3210,1220,filterLoc,,
3210,1223,filterLoc,,
3210,1226,filterLoc,,
3210,1229,filterLoc,,
3210,1232,filterLoc,,
3210,1235,filterLoc,,
3210,1238,filterLoc,,
3210,1241,filterLoc,,
3210,1244,filterLoc,,
3210,1247,filterLoc,,
3210,1250,filterLoc,,
3210,1253,filterLoc,,
3210,1256,filterLoc,,
3210,1259,filterLoc,,
3210,1262,filterLoc,,
3210,1265,filterLoc,,
3210,1268,filterLoc,,
3210,1271,filterLoc,,
3210,1274,filterLoc,,
3210,1277,filterLoc,,
3210,1280,filterLoc,,
3210,1283,filterLoc,,
3210,1286,filterLoc,,
3210,1289,filterLoc,,
3210,1292,filterLoc,,
3210,1295,filterLoc,,
3210,1298,filterLoc,,
3210,1301,filterLoc,,
3210,1304,filterLoc,,
3210,1307,filterLoc,,
3210,1310,filterLoc,,
3210,1313,filterLoc,,
3210,1316,filterLoc,,
3210,1319,filterLoc,,
3210,1322,filterLoc,,
3210,1325,filterLoc,,
3210,1328,filterLoc,,
3210,1331,filterLoc,,
3210,1334,filterLoc,,
3210,1337,filterLoc,,
3210,1340,filterLoc,,
3210,1343,filterLoc,,
3210,1346,filterLoc,,
3210,1349,filterLoc,,
3210,1352,filterLoc,,
3210,1355,filterLoc,,
3210,1358,filterLoc,,
3210,1361,filterLoc,,
3210,1364,filterLoc,,
3210,1367,filterLoc,,
3210,1370,filterLoc,,
3210,1373,filterLoc,,
3210,1376,filterLoc,,
3210,1379,filterLoc,,
3210,1382,filterLoc,,
3210,1385,filterLoc,,
3210,1388,filterLoc,,
3210,1391,filterLoc,,
3210,1394,filterLoc,,
3210,1397,filterLoc,,
3210,1400,filterLoc,,
3210,1403,filterLoc,,
3210,1406,filterLoc,,
3210,1409,filterLoc,,
3210,1412,filterLoc,,
3210,1415,filterLoc,,
3210,1418,filterLoc,,
3210,1421,filterLoc,,
3210,1424,filterLoc,,
3210,1427,filterLoc,,
3210,1430,filterLoc,,
3210,1433,filterLoc,,
3210,1436,filterLoc,,
3210,1439,filterLoc,,
3210,1442,filterLoc,,
3210,1445,filterLoc,,
3210,1448,filterLoc,,
3210,1451,filterLoc,,
3210,1454,filterLoc,,
3210,1457,filterLoc,,
3210,1460,filterLoc,,
3210,1463,filterLoc,,
3210,1466,filterLoc,,
3210,1469,filterLoc,,
3210,1472,filterLoc,,
3210,1475,filterLoc,,
3210,1478,filterLoc,,
3210,1481,filterLoc,,
3210,1484,filterLoc,,
3210,1487,filterLoc,,
3210,1490,filterLoc,,
3210,1493,filterLoc,,
3210,1496,filterLoc,,
3210,1499,filterLoc,,
3210,1502,filterLoc,,
3210,1505,filterLoc,,
3210,1508,filterLoc,,
3210,1511,filterLoc,,
3210,1514,filterLoc,,
3210,1517,filterLoc,,
3210,462,filterLoc,out,Evacuee 88 in triage category G is assigned helicopter 1
3210,462,filterLoc,,
3210,463,evacuee,,Evacuee;88;in triage state;G;is entering helicopter;1
3210,471,filterLoc,out,Evacuee 108 in triage category G is assigned helicopter 1
3210,471,filterLoc,,
3210,472,evacuee,,Evacuee;108;in triage state;G;is entering helicopter;1
3210,522,filterLoc,out,Evacuee 112 in triage category G is assigned helicopter 1
3210,522,filterLoc,,
3210,523,evacuee,,Evacuee;112;in triage state;G;is entering helicopter;1
3210,528,filterLoc,out,Evacuee 109 in triage category G is assigned helicopter 1
3210,528,filterLoc,,
3210,529,evacuee,,Evacuee;109;in triage state;G;is entering helicopter;1
3210,540,filterLoc,out,Evacuee 106 in triage category G is assigned helicopter 1
3210,540,filterLoc,,
3210,541,evacuee,,Evacuee;106;in triage state;G;is entering helicopter;1
3210,594,filterLoc,out,Evacuee 95 in triage category G is assigned helicopter 1
3210,594,filterLoc,,
3210,595,evacuee,,Evacuee;95;in triage state;G;is entering helicopter;1
3210,606,filterLoc,out,Evacuee 93 in triage category G is assigned helicopter 1
3210,606,filterLoc,,
3210,607,evacuee,,Evacuee;93;in triage state;G;is entering helicopter;1
3210,801,filterLoc,out,Evacuee 100 in triage category G is assigned helicopter 1
3210,801,filterLoc,,
3210,802,evacuee,,Evacuee;100;in triage state;G;is entering helicopter;1
3210,1068,filterLoc,out,Evacuee 91 in triage category G is assigned helicopter 1
3210,1068,filterLoc,,
3210,1069,evacuee,,Evacuee;91;in triage state;G;is entering helicopter;1
3210,1123,filterLoc,out,Evacuee 94 in triage category G is assigned helicopter 1
3210,1123,filterLoc,,
3210,1124,evacuee,,Evacuee;94;in triage state;G;is entering helicopter;1
3210,103,filterEvac,,
3210,463,evacuee,outHelo,Evacuee 88 in triage category G is assigned helicopter 1
3210,463,evacuee,,Evacuee;88;in triage state;G;is in helicopter;1
3210,472,evacuee,outHelo,Evacuee 108 in triage category G is assigned helicopter 1
3210,472,evacuee,,Evacuee;108;in triage state;G;is in helicopter;1
3210,523,evacuee,outHelo,Evacuee 112 in triage category G is assigned helicopter 1
3210,523,evacuee,,Evacuee;112;in triage state;G;is in helicopter;1
3210,529,evacuee,outHelo,Evacuee 109 in triage category G is assigned helicopter 1
3210,529,evacuee,,Evacuee;109;in triage state;G;is in helicopter;1
3210,541,evacuee,outHelo,Evacuee 106 in triage category G is assigned helicopter 1
3210,541,evacuee,,Evacuee;106;in triage state;G;is in helicopter;1
3210,595,evacuee,outHelo,Evacuee 95 in triage category G is assigned helicopter 1
3210,595,evacuee,,Evacuee;95;in triage state;G;is in helicopter;1
3210,607,evacuee,outHelo,Evacuee 93 in triage category G is assigned helicopter 1
3210,607,evacuee,,Evacuee;93;in triage state;G;is in helicopter;1
3210,802,evacuee,outHelo,Evacuee 100 in triage category G is assigned helicopter 1
3210,802,evacuee,,Evacuee;100;in triage state;G;is in helicopter;1
3210,1069,evacuee,outHelo,Evacuee 91 in triage category G is assigned helicopter 1
3210,1069,evacuee,,Evacuee;91;in triage state;G;is in helicopter;1
3210,1119,filterEvac,,
3210,1124,evacuee,outHelo,Evacuee 94 in triage category G is assigned helicopter 1
3210,1124,evacuee,,Evacuee;94;in triage state;G;is in helicopter;1
3210,1159,filterEvac,,;Evacuee;88;in triage category;G;is entering helicopter;1;Evacuee;91;in triage category;G;is entering helicopter;1;Evacuee;93;in triage category;G;is entering helicopter;1;Evacuee;94;in triage category;G;is entering helicopter;1;Evacuee;95;in triage category;G;is entering helicopter;1;Evacuee;100;in triage category;G;is entering helicopter;1;Evacuee;106;in triage category;G;is entering helicopter;1;Evacuee;108;in triage category;G;is entering helicopter;1;Evacuee;109;in triage category;G;is entering helicopter;1;Evacuee;112;in triage category;G;is entering helicopter;1
3210,1159,filterEvac,out,Evacuee 88 in triage category G is assigned helicopter 1
3210,1159,filterEvac,out,Evacuee 91 in triage category G is assigned helicopter 1
3210,1159,filterEvac,out,Evacuee 93 in triage category G is assigned helicopter 1
3210,1159,filterEvac,out,Evacuee 94 in triage category G is assigned helicopter 1
3210,1159,filterEvac,out,Evacuee 95 in triage category G is assigned helicopter 1
3210,1159,filterEvac,out,Evacuee 100 in triage category G is assigned helicopter 1
3210,1159,filterEvac,out,Evacuee 106 in triage category G is assigned helicopter 1
3210,1159,filterEvac,out,Evacuee 108 in triage category G is assigned helicopter 1
3210,1159,filterEvac,out,Evacuee 109 in triage category G is assigned helicopter 1
3210,1159,filterEvac,out,Evacuee 112 in triage category G is assigned helicopter 1
3210,1159,filterEvac,,
3210,1161,helicopter,,Helicopter;1;is loading people at the evacuation site;;and has;10;spots taken
3219.46,3,evacueeManager,,OFF SHIP: White;0;Green;115;Yellow;26;Red;10;Black;309;ON SHIP: White;0;Green;0;Yellow;0;Red;0;Evacuees to Transfer;
3219.46,310,evacuee,outES,Evacuee 322 in triage category R is not assigned a helicopter
3219.46,310,evacuee,,Evacuee;322;in triage state;B;is at the evacuation site
3219.76,3,evacueeManager,,OFF SHIP: White;0;Green;115;Yellow;26;Red;9;Black;310;ON SHIP: White;0;Green;0;Yellow;0;Red;0;Evacuees to Transfer;
3219.76,313,evacuee,outES,Evacuee 321 in triage category R is not assigned a helicopter
3219.76,313,evacuee,,Evacuee;321;in triage state;B;is at the evacuation site
3224.83,3,evacueeManager,,OFF SHIP: White;0;Green;115;Yellow;26;Red;8;Black;311;ON SHIP: White;0;Green;0;Yellow;0;Red;0;Evacuees to Transfer;
3224.83,448,evacuee,outES,Evacuee 260 in triage category R is not assigned a helicopter
3224.83,448,evacuee,,Evacuee;260;in triage state;B;is at the evacuation site
3225,4,helipadManager,outHelo,Helicopter 1 is evacuating people1
3225,4,helipadManager,,;No helos are at ES
3225,104,filterES,,
3225,1120,filterES,,
3225,1160,filterES,,Helicopter;1;is evacuating people
3225,4,helipadManager,outHQ,0
3225,4,helipadManager,,;No helos are at ES
3225,5,helicopterQueue,,;No helos are waiting to land
3225,1160,filterES,out,Helicopter 1 is evacuating people1
3225,1160,filterES,,
3225,1161,helicopter,,Helicopter;1;is loading people at the evacuation site;;and has;10;spots taken
3225,5,helicopterQueue,,;No helos are waiting to land
3225,1161,helicopter,,Helicopter;1;is returning to the FOL;;and has;10;spots taken
3228.67,3,evacueeManager,,OFF SHIP: White;0;Green;114;Yellow;27;Red;8;Black;311;ON SHIP: White;0;Green;0;Yellow;0;Red;0;Evacuees to Transfer;
3228.67,793,evacuee,outES,Evacuee 473 in triage category G is not assigned a helicopter
3228.67,793,evacuee,,Evacuee;473;in triage state;Y;is at the evacuation site
3242.81,3,evacueeManager,,OFF SHIP: White;0;Green;114;Yellow;27;Red;7;Black;312;ON SHIP: White;0;Green;0;Yellow;0;Red;0;Evacuees to Transfer;
3242.81,1452,evacuee,outES,Evacuee 464 in triage category R is not assigned a helicopter
3242.81,1452,evacuee,,Evacuee;464;in triage state;B;is at the evacuation site
3243.55,3,evacueeManager,,OFF SHIP: White;0;Green;113;Yellow;28;Red;7;Black;312;ON SHIP: White;0;Green;0;Yellow;0;Red;0;Evacuees to Transfer;
3243.55,1326,evacuee,outES,Evacuee 184 in triage category G is not assigned a helicopter
3243.55,1326,evacuee,,Evacuee;184;in triage state;Y;is at the evacuation site
3253.19,3,evacueeManager,,OFF SHIP: White;0;Green;113;Yellow;28;Red;6;Black;313;ON SHIP: White;0;Green;0;Yellow;0;Red;0;Evacuees to Transfer;
3253.19,1323,evacuee,outES,Evacuee 183 in triage category R is not assigned a helicopter
3253.19,1323,evacuee,,Evacuee;183;in triage state;B;is at the evacuation site
3264.3,3,evacueeManager,,OFF SHIP: White;0;Green;112;Yellow;29;Red;6;Black;313;ON SHIP: White;0;Green;0;Yellow;0;Red;0;Evacuees to Transfer;
3264.3,319,evacuee,outES,Evacuee 318 in triage category G is not assigned a helicopter
3264.3,319,evacuee,,Evacuee;318;in triage state;Y;is at the evacuation site
3264.7,3,evacueeManager,,OFF SHIP: White;0;Green;112;Yellow;29;Red;5;Black;314;ON SHIP: White;0;Green;0;Yellow;0;Red;0;Evacuees to Transfer;
3264.7,520,evacuee,outES,Evacuee 302 in triage category R is not assigned a helicopter
3264.7,520,evacuee,,Evacuee;302;in triage state;B;is at the evacuation site
3265.6,3,evacueeManager,,OFF SHIP: White;0;Green;112;Yellow;29;Red;4;Black;315;ON SHIP: White;0;Green;0;Yellow;0;Red;0;Evacuees to Transfer;
3265.6,1371,evacuee,outES,Evacuee 252 in triage category R is not assigned a helicopter
3265.6,1371,evacuee,,Evacuee;252;in triage state;B;is at the evacuation site
3270,5,helicopterQueue,,1;Helos are waiting to land;HeloID;2
3270,1121,helicopter,outES,Helicopter 2 is evacuating people2
3270,1121,helicopter,,Helicopter;2;is waiting to land at the evacuation site;;and has;0;spots taken
3270,4,helipadManager,,;No helos are at ES
3270,5,helicopterQueue,outHM,Helicopter 2 is evacuating people2
3270,5,helicopterQueue,outHelo,Helicopter 2 is evacuating people2
3270,5,helicopterQueue,,;No helos are waiting to land
3270,104,filterES,,
3270,1120,filterES,,Helicopter;2;is evacuating people
3270,1160,filterES,,
3270,3,evacueeManager,,OFF SHIP: White;0;Green;102;Yellow;29;Red;4;Black;315;ON SHIP: White;0;Green;0;Yellow;0;Red;0;Evacuees to Transfer;;EvacueeID;113;HeloID;2;OnShip;0;Triage Status;G;EvacueeID;114;HeloID;2;OnShip;0;Triage Status;G;EvacueeID;122;HeloID;2;OnShip;0;Triage Status;G;EvacueeID;130;HeloID;2;OnShip;0;Triage Status;G;EvacueeID;132;HeloID;2;OnShip;0;Triage Status;G;EvacueeID;136;HeloID;2;OnShip;0;Triage Status;G;EvacueeID;137;HeloID;2;OnShip;0;Triage Status;G;EvacueeID;138;HeloID;2;OnShip;0;Triage Status;G;EvacueeID;139;HeloID;2;OnShip;0;Triage Status;G;EvacueeID;140;HeloID;2;OnShip;0;Triage Status;G
3270,4,helipadManager,outEM,Helicopter 2 is evacuating people2
3270,4,helipadManager,,Helo;2;is at the ES
3270,1120,filterES,out,Helicopter 2 is evacuating people2
3270,1120,filterES,,
3270,1121,helicopter,,Helicopter;2;is waiting to land at the evacuation site;;and has;0;spots taken
3270,3,evacueeManager,outEvac,Evacuee 113 in triage category G is assigned helicopter 2
3270,3,evacueeManager,outEvac,Evacuee 114 in triage category G is assigned helicopter 2
3270,3,evacueeManager,outEvac,Evacuee 122 in triage category G is assigned helicopter 2
3270,3,evacueeManager,outEvac,Evacuee 130 in triage category G is assigned helicopter 2
3270,3,evacueeManager,outEvac,Evacuee 132 in triage category G is assigned helicopter 2
3270,3,evacueeManager,outEvac,Evacuee 136 in triage category G is assigned helicopter 2
3270,3,evacueeManager,outEvac,Evacuee 137 in triage category G is assigned helicopter 2
3270,3,evacueeManager,outEvac,Evacuee 138 in triage category G is assigned helicopter 2
3270,3,evacueeManager,outEvac,Evacuee 139 in triage category G is assigned helicopter 2
3270,3,evacueeManager,outEvac,Evacuee 140 in triage category G is assigned helicopter 2
3270,3,evacueeManager,,OFF SHIP: White;0;Green;102;Yellow;29;Red;4;Black;315;ON SHIP: White;0;Green;0;Yellow;0;Red;0;Evacuees to Transfer;
3270,7,filterLoc,,
3270,10,filterLoc,,
3270,13,filterLoc,,
3270,16,filterLoc,,
3270,19,filterLoc,,
3270,22,filterLoc,,
3270,25,filterLoc,,
3270,28,filterLoc,,
3270,31,filterLoc,,
3270,34,filterLoc,,
3270,37,filterLoc,,
3270,40,filterLoc,,
3270,43,filterLoc,,
3270,46,filterLoc,,
3270,49,filterLoc,,
3270,52,filterLoc,,
3270,55,filterLoc,,
3270,58,filterLoc,,
3270,61,filterLoc,,
3270,64,filterLoc,,
3270,67,filterLoc,,
3270,70,filterLoc,,
3270,73,filterLoc,,
3270,76,filterLoc,,
3270,79,filterLoc,,
3270,82,filterLoc,,
3270,85,filterLoc,,
3270,88,filterLoc,,
3270,91,filterLoc,,
3270,94,filterLoc,,
3270,97,filterLoc,,
3270,100,filterLoc,,
3270,107,filterLoc,,
3270,110,filterLoc,,
3270,113,filterLoc,,
3270,116,filterLoc,,
3270,119,filterLoc,,
3270,122,filterLoc,,
3270,125,filterLoc,,
3270,128,filterLoc,,
3270,131,filterLoc,,
3270,134,filterLoc,,
3270,137,filterLoc,,
3270,140,filterLoc,,
3270,143,filterLoc,,
3270,146,filterLoc,,
3270,149,filterLoc,,
3270,152,filterLoc,,
3270,155,filterLoc,,
3270,158,filterLoc,,
3270,161,filterLoc,,
3270,164,filterLoc,,
3270,167,filterLoc,,
3270,170,filterLoc,,
3270,173,filterLoc,,
3270,176,filterLoc,,
3270,179,filterLoc,,
3270,182,filterLoc,,
3270,185,filterLoc,,
3270,188,filterLoc,,
3270,191,filterLoc,,
3270,194,filterLoc,,
3270,197,filterLoc,,
3270,200,filterLoc,,
3270,203,filterLoc,,
3270,206,filterLoc,,
3270,209,filterLoc,,
3270,212,filterLoc,,
3270,215,filterLoc,,
3270,218,filterLoc,,
3270,221,filterLoc,,
3270,225,filterLoc,,
3270,228,filterLoc,,
3270,231,filterLoc,,
3270,234,filterLoc,,
3270,237,filterLoc,,
3270,240,filterLoc,,
3270,243,filterLoc,,
3270,246,filterLoc,,
3270,249,filterLoc,,
3270,252,filterLoc,,
3270,255,filterLoc,,
3270,258,filterLoc,,
3270,261,filterLoc,,
3270,264,filterLoc,,
3270,267,filterLoc,,
3270,270,filterLoc,,
3270,273,filterLoc,,
3270,276,filterLoc,,
3270,279,filterLoc,,
3270,282,filterLoc,,
3270,285,filterLoc,,
3270,288,filterLoc,,
3270,291,filterLoc,,
3270,294,filterLoc,,
3270,297,filterLoc,,
3270,300,filterLoc,,
3270,303,filterLoc,,
3270,306,filterLoc,,
3270,309,filterLoc,,
3270,312,filterLoc,,
3270,315,filterLoc,,
3270,318,filterLoc,,
3270,321,filterLoc,,
3270,324,filterLoc,,
3270,327,filterLoc,,
3270,330,filterLoc,,
3270,333,filterLoc,,
3270,336,filterLoc,,
3270,339,filterLoc,,
3270,342,filterLoc,,
3270,345,filterLoc,,
3270,348,filterLoc,,
3270,351,filterLoc,,
3270,354,filterLoc,,
3270,357,filterLoc,,
3270,360,filterLoc,,
3270,363,filterLoc,,
3270,366,filterLoc,,
3270,369,filterLoc,,
3270,372,filterLoc,,
3270,375,filterLoc,,
3270,378,filterLoc,,
3270,381,filterLoc,,
3270,384,filterLoc,,
3270,387,filterLoc,,
3270,390,filterLoc,,
3270,393,filterLoc,,
3270,396,filterLoc,,
3270,399,filterLoc,,
3270,402,filterLoc,,
3270,405,filterLoc,,
3270,408,filterLoc,,
3270,411,filterLoc,,
3270,414,filterLoc,,
3270,417,filterLoc,,
3270,420,filterLoc,,
3270,423,filterLoc,,
3270,426,filterLoc,,
3270,429,filterLoc,,
3270,432,filterLoc,,
3270,435,filterLoc,,
3270,438,filterLoc,,
3270,441,filterLoc,,
3270,444,filterLoc,,
3270,447,filterLoc,,
3270,450,filterLoc,,
3270,453,filterLoc,,
3270,456,filterLoc,,;Evacuee;114;in triage category;G;is entering helicopter;2
3270,459,filterLoc,,
3270,462,filterLoc,,
3270,465,filterLoc,,
3270,468,filterLoc,,;Evacuee;122;in triage category;G;is entering helicopter;2
3270,471,filterLoc,,
3270,474,filterLoc,,
3270,477,filterLoc,,
3270,480,filterLoc,,
3270,483,filterLoc,,
3270,486,filterLoc,,
3270,489,filterLoc,,
3270,492,filterLoc,,
3270,495,filterLoc,,
3270,498,filterLoc,,
3270,501,filterLoc,,
3270,504,filterLoc,,
3270,507,filterLoc,,
3270,510,filterLoc,,
3270,513,filterLoc,,
3270,516,filterLoc,,
3270,519,filterLoc,,
3270,522,filterLoc,,
3270,525,filterLoc,,
3270,528,filterLoc,,
3270,531,filterLoc,,
3270,534,filterLoc,,
3270,537,filterLoc,,
3270,540,filterLoc,,
3270,543,filterLoc,,
3270,546,filterLoc,,
3270,549,filterLoc,,
3270,552,filterLoc,,
3270,555,filterLoc,,
3270,558,filterLoc,,
3270,561,filterLoc,,
3270,564,filterLoc,,
3270,567,filterLoc,,
3270,570,filterLoc,,
3270,573,filterLoc,,
3270,576,filterLoc,,
3270,579,filterLoc,,
3270,582,filterLoc,,
3270,585,filterLoc,,
3270,588,filterLoc,,
3270,591,filterLoc,,
3270,594,filterLoc,,
3270,597,filterLoc,,
3270,600,filterLoc,,
3270,603,filterLoc,,
3270,606,filterLoc,,
3270,609,filterLoc,,;Evacuee;136;in triage category;G;is entering helicopter;2
3270,612,filterLoc,,
3270,615,filterLoc,,
3270,618,filterLoc,,
3270,621,filterLoc,,
3270,624,filterLoc,,
3270,627,filterLoc,,
3270,630,filterLoc,,
3270,633,filterLoc,,
3270,636,filterLoc,,
3270,639,filterLoc,,
3270,642,filterLoc,,
3270,645,filterLoc,,
3270,648,filterLoc,,
3270,651,filterLoc,,
3270,654,filterLoc,,
3270,657,filterLoc,,
3270,660,filterLoc,,
3270,663,filterLoc,,
3270,666,filterLoc,,
3270,669,filterLoc,,
3270,672,filterLoc,,
3270,675,filterLoc,,
3270,678,filterLoc,,
3270,681,filterLoc,,
3270,684,filterLoc,,
3270,687,filterLoc,,
3270,690,filterLoc,,
3270,693,filterLoc,,
3270,696,filterLoc,,
3270,699,filterLoc,,
3270,702,filterLoc,,
3270,705,filterLoc,,
3270,708,filterLoc,,
3270,711,filterLoc,,
3270,714,filterLoc,,
3270,717,filterLoc,,
3270,720,filterLoc,,
3270,723,filterLoc,,
3270,726,filterLoc,,
3270,729,filterLoc,,
3270,732,filterLoc,,
3270,735,filterLoc,,
3270,738,filterLoc,,
3270,741,filterLoc,,
3270,744,filterLoc,,
3270,747,filterLoc,,
3270,750,filterLoc,,
3270,753,filterLoc,,
3270,756,filterLoc,,
3270,759,filterLoc,,
3270,762,filterLoc,,
3270,765,filterLoc,,
3270,768,filterLoc,,
3270,771,filterLoc,,
3270,774,filterLoc,,
3270,777,filterLoc,,
3270,780,filterLoc,,
3270,783,filterLoc,,
3270,786,filterLoc,,
3270,789,filterLoc,,
3270,792,filterLoc,,
3270,795,filterLoc,,
3270,798,filterLoc,,
3270,801,filterLoc,,
3270,804,filterLoc,,
3270,807,filterLoc,,
3270,810,filterLoc,,
3270,813,filterLoc,,
3270,816,filterLoc,,
3270,819,filterLoc,,
3270,822,filterLoc,,
3270,825,filterLoc,,
3270,828,filterLoc,,
3270,831,filterLoc,,
3270,834,filterLoc,,
3270,837,filterLoc,,
3270,840,filterLoc,,
3270,843,filterLoc,,
3270,846,filterLoc,,
3270,849,filterLoc,,
3270,852,filterLoc,,
3270,855,filterLoc,,
3270,858,filterLoc,,
3270,861,filterLoc,,
3270,864,filterLoc,,
3270,867,filterLoc,,
3270,870,filterLoc,,
3270,873,filterLoc,,
3270,876,filterLoc,,
3270,879,filterLoc,,
3270,882,filterLoc,,
3270,885,filterLoc,,
3270,888,filterLoc,,
3270,891,filterLoc,,
3270,894,filterLoc,,
3270,897,filterLoc,,
3270,900,filterLoc,,
3270,903,filterLoc,,
3270,906,filterLoc,,
3270,909,filterLoc,,
3270,912,filterLoc,,
3270,915,filterLoc,,
3270,918,filterLoc,,
3270,921,filterLoc,,
3270,924,filterLoc,,
3270,927,filterLoc,,;Evacuee;132;in triage category;G;is entering helicopter;2
3270,930,filterLoc,,
3270,933,filterLoc,,
3270,936,filterLoc,,
3270,939,filterLoc,,
3270,942,filterLoc,,
3270,945,filterLoc,,
3270,948,filterLoc,,
3270,951,filterLoc,,
3270,954,filterLoc,,
3270,957,filterLoc,,
3270,960,filterLoc,,
3270,963,filterLoc,,
3270,966,filterLoc,,
3270,969,filterLoc,,
3270,972,filterLoc,,
3270,975,filterLoc,,
3270,978,filterLoc,,
3270,981,filterLoc,,
3270,984,filterLoc,,
3270,987,filterLoc,,
3270,990,filterLoc,,
3270,993,filterLoc,,
3270,996,filterLoc,,
3270,999,filterLoc,,
3270,1002,filterLoc,,
3270,1005,filterLoc,,
3270,1008,filterLoc,,
3270,1011,filterLoc,,
3270,1014,filterLoc,,
3270,1017,filterLoc,,
3270,1020,filterLoc,,
3270,1023,filterLoc,,
3270,1026,filterLoc,,
3270,1029,filterLoc,,
3270,1032,filterLoc,,
3270,1035,filterLoc,,
3270,1038,filterLoc,,
3270,1041,filterLoc,,
3270,1044,filterLoc,,
3270,1047,filterLoc,,
3270,1050,filterLoc,,
3270,1053,filterLoc,,
3270,1056,filterLoc,,
3270,1059,filterLoc,,
3270,1062,filterLoc,,
3270,1065,filterLoc,,
3270,1068,filterLoc,,
3270,1071,filterLoc,,
3270,1074,filterLoc,,
3270,1077,filterLoc,,
3270,1080,filterLoc,,
3270,1083,filterLoc,,
3270,1086,filterLoc,,
3270,1089,filterLoc,,
3270,1092,filterLoc,,
3270,1095,filterLoc,,
3270,1098,filterLoc,,
3270,1101,filterLoc,,
3270,1104,filterLoc,,
3270,1107,filterLoc,,
3270,1110,filterLoc,,
3270,1113,filterLoc,,
3270,1116,filterLoc,,
3270,1121,helicopter,,Helicopter;2;is loading people at the evacuation site;;and has;0;spots taken
3270,1123,filterLoc,,
3270,1126,filterLoc,,
3270,1129,filterLoc,,
3270,1132,filterLoc,,
3270,1135,filterLoc,,
3270,1138,filterLoc,,
3270,1141,filterLoc,,
3270,1144,filterLoc,,
3270,1147,filterLoc,,
3270,1150,filterLoc,,
3270,1153,filterLoc,,
3270,1156,filterLoc,,
3270,1163,filterLoc,,
3270,1166,filterLoc,,
3270,1169,filterLoc,,
3270,1172,filterLoc,,
3270,1175,filterLoc,,
3270,1178,filterLoc,,
3270,1181,filterLoc,,
3270,1184,filterLoc,,
3270,1187,filterLoc,,
3270,1190,filterLoc,,
3270,1193,filterLoc,,;Evacuee;137;in triage category;G;is entering helicopter;2
3270,1196,filterLoc,,;Evacuee;138;in triage category;G;is entering helicopter;2
3270,1199,filterLoc,,
3270,1202,filterLoc,,;Evacuee;139;in triage category;G;is entering helicopter;2
3270,1205,filterLoc,,
3270,1208,filterLoc,,;Evacuee;140;in triage category;G;is entering helicopter;2
3270,1211,filterLoc,,;Evacuee;130;in triage category;G;is entering helicopter;2
3270,1214,filterLoc,,
3270,1217,filterLoc,,
3270,1220,filterLoc,,
3270,1223,filterLoc,,
3270,1226,filterLoc,,
3270,1229,filterLoc,,
3270,1232,filterLoc,,
3270,1235,filterLoc,,
3270,1238,filterLoc,,
3270,1241,filterLoc,,
3270,1244,filterLoc,,
3270,1247,filterLoc,,
3270,1250,filterLoc,,
3270,1253,filterLoc,,
3270,1256,filterLoc,,
3270,1259,filterLoc,,
3270,1262,filterLoc,,
3270,1265,filterLoc,,
3270,1268,filterLoc,,
3270,1271,filterLoc,,
3270,1274,filterLoc,,
3270,1277,filterLoc,,
3270,1280,filterLoc,,
3270,1283,filterLoc,,
3270,1286,filterLoc,,
3270,1289,filterLoc,,
3270,1292,filterLoc,,
3270,1295,filterLoc,,
3270,1298,filterLoc,,
3270,1301,filterLoc,,
3270,1304,filterLoc,,
3270,1307,filterLoc,,
3270,1310,filterLoc,,
3270,1313,filterLoc,,
3270,1316,filterLoc,,
3270,1319,filterLoc,,
3270,1322,filterLoc,,
3270,1325,filterLoc,,
3270,1328,filterLoc,,
3270,1331,filterLoc,,
3270,1334,filterLoc,,
3270,1337,filterLoc,,
3270,1340,filterLoc,,
3270,1343,filterLoc,,
3270,1346,filterLoc,,
3270,1349,filterLoc,,
3270,1352,filterLoc,,
3270,1355,filterLoc,,
3270,1358,filterLoc,,
3270,1361,filterLoc,,
3270,1364,filterLoc,,
3270,1367,filterLoc,,
3270,1370,filterLoc,,
3270,1373,filterLoc,,
3270,1376,filterLoc,,
3270,1379,filterLoc,,
3270,1382,filterLoc,,
3270,1385,filterLoc,,
3270,1388,filterLoc,,
3270,1391,filterLoc,,
3270,1394,filterLoc,,
3270,1397,filterLoc,,
3270,1400,filterLoc,,
3270,1403,filterLoc,,
3270,1406,filterLoc,,
3270,1409,filterLoc,,
3270,1412,filterLoc,,
3270,1415,filterLoc,,
3270,1418,filterLoc,,
3270,1421,filterLoc,,
3270,1424,filterLoc,,
3270,1427,filterLoc,,
3270,1430,filterLoc,,
3270,1433,filterLoc,,
3270,1436,filterLoc,,
3270,1439,filterLoc,,
3270,1442,filterLoc,,
3270,1445,filterLoc,,
3270,1448,filterLoc,,
3270,1451,filterLoc,,
3270,1454,filterLoc,,
3270,1457,filterLoc,,
3270,1460,filterLoc,,
3270,1463,filterLoc,,
3270,1466,filterLoc,,
3270,1469,filterLoc,,
3270,1472,filterLoc,,
3270,1475,filterLoc,,
3270,1478,filterLoc,,;Evacuee;113;in triage category;G;is entering helicopter;2
3270,1481,filterLoc,,
3270,1484,filterLoc,,
3270,1487,filterLoc,,
3270,1490,filterLoc,,
3270,1493,filterLoc,,
3270,1496,filterLoc,,
3270,1499,filterLoc,,
3270,1502,filterLoc,,
3270,1505,filterLoc,,
3270,1508,filterLoc,,
3270,1511,filterLoc,,
3270,1514,filterLoc,,
3270,1517,filterLoc,,
3270,456,filterLoc,out,Evacuee 114 in triage category G is assigned helicopter 2
3270,456,filterLoc,,
3270,457,evacuee,,Evacuee;114;in triage state;G;is entering helicopter;2
3270,468,filterLoc,out,Evacuee 122 in triage category G is assigned helicopter 2
3270,468,filterLoc,,
3270,469,evacuee,,Evacuee;122;in triage state;G;is entering helicopter;2
3270,609,filterLoc,out,Evacuee 136 in triage category G is assigned helicopter 2
3270,609,filterLoc,,
3270,610,evacuee,,Evacuee;136;in triage state;G;is entering helicopter;2
3270,927,filterLoc,out,Evacuee 132 in triage category G is assigned helicopter 2
3270,927,filterLoc,,
3270,928,evacuee,,Evacuee;132;in triage state;G;is entering helicopter;2
3270,1193,filterLoc,out,Evacuee 137 in triage category G is assigned helicopter 2
3270,1193,filterLoc,,
3270,1194,evacuee,,Evacuee;137;in triage state;G;is entering helicopter;2
3270,1196,filterLoc,out,Evacuee 138 in triage category G is assigned helicopter 2
3270,1196,filterLoc,,
3270,1197,evacuee,,Evacuee;138;in triage state;G;is entering helicopter;2
3270,1202,filterLoc,out,Evacuee 139 in triage category G is assigned helicopter 2
3270,1202,filterLoc,,
3270,1203,evacuee,,Evacuee;139;in triage state;G;is entering helicopter;2
3270,1208,filterLoc,out,Evacuee 140 in triage category G is assigned helicopter 2
3270,1208,filterLoc,,
3270,1209,evacuee,,Evacuee;140;in triage state;G;is entering helicopter;2
3270,1211,filterLoc,out,Evacuee 130 in triage category G is assigned helicopter 2
3270,1211,filterLoc,,
3270,1212,evacuee,,Evacuee;130;in triage state;G;is entering helicopter;2
3270,1478,filterLoc,out,Evacuee 113 in triage category G is assigned helicopter 2
3270,1478,filterLoc,,
3270,1479,evacuee,,Evacuee;113;in triage state;G;is entering helicopter;2
3270,103,filterEvac,,
3270,457,evacuee,outHelo,Evacuee 114 in triage category G is assigned helicopter 2
3270,457,evacuee,,Evacuee;114;in triage state;G;is in helicopter;2
3270,469,evacuee,outHelo,Evacuee 122 in triage category G is assigned helicopter 2
3270,469,evacuee,,Evacuee;122;in triage state;G;is in helicopter;2
3270,610,evacuee,outHelo,Evacuee 136 in triage category G is assigned helicopter 2
3270,610,evacuee,,Evacuee;136;in triage state;G;is in helicopter;2
3270,928,evacuee,outHelo,Evacuee 132 in triage category G is assigned helicopter 2
3270,928,evacuee,,Evacuee;132;in triage state;G;is in helicopter;2
3270,1119,filterEvac,,;Evacuee;113;in triage category;G;is entering helicopter;2;Evacuee;114;in triage category;G;is entering helicopter;2;Evacuee;122;in triage category;G;is entering helicopter;2;Evacuee;130;in triage category;G;is entering helicopter;2;Evacuee;132;in triage category;G;is entering helicopter;2;Evacuee;136;in triage category;G;is entering helicopter;2;Evacuee;137;in triage category;G;is entering helicopter;2;Evacuee;138;in triage category;G;is entering helicopter;2;Evacuee;139;in triage category;G;is entering helicopter;2;Evacuee;140;in triage category;G;is entering helicopter;2
3270,1159,filterEvac,,
3270,1194,evacuee,outHelo,Evacuee 137 in triage category G is assigned helicopter 2
3270,1194,evacuee,,Evacuee;137;in triage state;G;is in helicopter;2
3270,1197,evacuee,outHelo,Evacuee 138 in triage category G is assigned helicopter 2
3270,1197,evacuee,,Evacuee;138;in triage state;G;is in helicopter;2
3270,1203,evacuee,outHelo,Evacuee 139 in triage category G is assigned helicopter 2
3270,1203,evacuee,,Evacuee;139;in triage state;G;is in helicopter;2
3270,1209,evacuee,outHelo,Evacuee 140 in triage category G is assigned helicopter 2
3270,1209,evacuee,,Evacuee;140;in triage state;G;is in helicopter;2
3270,1212,evacuee,outHelo,Evacuee 130 in triage category G is assigned helicopter 2
3270,1212,evacuee,,Evacuee;130;in triage state;G;is in helicopter;2
3270,1479,evacuee,outHelo,Evacuee 113 in triage category G is assigned helicopter 2
3270,1479,evacuee,,Evacuee;113;in triage state;G;is in helicopter;2
3270,1119,filterEvac,out,Evacuee 113 in triage category G is assigned helicopter 2
3270,1119,filterEvac,out,Evacuee 114 in triage category G is assigned helicopter 2
3270,1119,filterEvac,out,Evacuee 122 in triage category G is assigned helicopter 2
3270,1119,filterEvac,out,Evacuee 130 in triage category G is assigned helicopter 2
3270,1119,filterEvac,out,Evacuee 132 in triage category G is assigned helicopter 2
3270,1119,filterEvac,out,Evacuee 136 in triage category G is assigned helicopter 2
3270,1119,filterEvac,out,Evacuee 137 in triage category G is assigned helicopter 2
3270,1119,filterEvac,out,Evacuee 138 in triage category G is assigned helicopter 2
3270,1119,filterEvac,out,Evacuee 139 in triage category G is assigned helicopter 2
3270,1119,filterEvac,out,Evacuee 140 in triage category G is assigned helicopter 2
3270,1119,filterEvac,,
3270,1121,helicopter,,Helicopter;2;is loading people at the evacuation site;;and has;10;spots taken
3277.01,3,evacueeManager,,OFF SHIP: White;0;Green;102;Yellow;29;Red;3;Black;316;ON SHIP: White;0;Green;0;Yellow;0;Red;0;Evacuees to Transfer;
3277.01,721,evacuee,outES,Evacuee 15 in triage category R is not assigned a helicopter
3277.01,721,evacuee,,Evacuee;15;in triage state;B;is at the evacuation site
3279.36,3,evacueeManager,,OFF SHIP: White;0;Green;102;Yellow;28;Red;4;Black;316;ON SHIP: White;0;Green;0;Yellow;0;Red;0;Evacuees to Transfer;
3279.36,1326,evacuee,outES,Evacuee 184 in triage category Y is not assigned a helicopter
3279.36,1326,evacuee,,Evacuee;184;in triage state;R;is at the evacuation site
3283.25,3,evacueeManager,,OFF SHIP: White;0;Green;102;Yellow;27;Red;5;Black;316;ON SHIP: White;0;Green;0;Yellow;0;Red;0;Evacuees to Transfer;
3283.25,379,evacuee,outES,Evacuee 350 in triage category Y is not assigned a helicopter
3283.25,379,evacuee,,Evacuee;350;in triage state;R;is at the evacuation site
3285,4,helipadManager,outHelo,Helicopter 2 is evacuating people2
3285,4,helipadManager,,;No helos are at ES
3285,104,filterES,,
3285,1120,filterES,,Helicopter;2;is evacuating people
3285,1160,filterES,,
3285,4,helipadManager,outHQ,0
3285,4,helipadManager,,;No helos are at ES
3285,5,helicopterQueue,,;No helos are waiting to land
3285,1120,filterES,out,Helicopter 2 is evacuating people2
3285,1120,filterES,,
3285,1121,helicopter,,Helicopter;2;is loading people at the evacuation site;;and has;10;spots taken
3285,5,helicopterQueue,,;No helos are waiting to land
3285,1121,helicopter,,Helicopter;2;is returning to the FOL;;and has;10;spots taken
3287.07,3,evacueeManager,,OFF SHIP: White;0;Green;102;Yellow;27;Red;4;Black;317;ON SHIP: White;0;Green;0;Yellow;0;Red;0;Evacuees to Transfer;
3287.07,1326,evacuee,outES,Evacuee 184 in triage category R is not assigned a helicopter
3287.07,1326,evacuee,,Evacuee;184;in triage state;B;is at the evacuation site
3299.26,3,evacueeManager,,OFF SHIP: White;0;Green;102;Yellow;27;Red;3;Black;318;ON SHIP: White;0;Green;0;Yellow;0;Red;0;Evacuees to Transfer;
3299.26,108,evacuee,outES,Evacuee 434 in triage category R is not assigned a helicopter
3299.26,108,evacuee,,Evacuee;434;in triage state;B;is at the evacuation site
3313.45,3,evacueeManager,,OFF SHIP: White;0;Green;102;Yellow;26;Red;4;Black;318;ON SHIP: White;0;Green;0;Yellow;0;Red;0;Evacuees to Transfer;
3313.45,244,evacuee,outES,Evacuee 360 in triage category Y is not assigned a helicopter
3313.45,244,evacuee,,Evacuee;360;in triage state;R;is at the evacuation site
3322.85,3,evacueeManager,,OFF SHIP: White;0;Green;102;Yellow;25;Red;5;Black;318;ON SHIP: White;0;Green;0;Yellow;0;Red;0;Evacuees to Transfer;
3322.85,979,evacuee,outES,Evacuee 41 in triage category Y is not assigned a helicopter
3322.85,979,evacuee,,Evacuee;41;in triage state;R;is at the evacuation site
3325.15,3,evacueeManager,,OFF SHIP: White;0;Green;102;Yellow;24;Red;6;Black;318;ON SHIP: White;0;Green;0;Yellow;0;Red;0;Evacuees to Transfer;
3325.15,850,evacuee,outES,Evacuee 240 in triage category Y is not assigned a helicopter
3325.15,850,evacuee,,Evacuee;240;in triage state;R;is at the evacuation site
3328.17,3,evacueeManager,,OFF SHIP: White;0;Green;102;Yellow;24;Red;5;Black;319;ON SHIP: White;0;Green;0;Yellow;0;Red;0;Evacuees to Transfer;
3328.17,1188,evacuee,outES,Evacuee 308 in triage category R is not assigned a helicopter
3328.17,1188,evacuee,,Evacuee;308;in triage state;B;is at the evacuation site
3330,5,helicopterQueue,,1;Helos are waiting to land;HeloID;3
3330,105,helicopter,outES,Helicopter 3 is evacuating people3
3330,105,helicopter,,Helicopter;3;is waiting to land at the evacuation site;;and has;0;spots taken
3330,4,helipadManager,,;No helos are at ES
3330,5,helicopterQueue,outHM,Helicopter 3 is evacuating people3
3330,5,helicopterQueue,outHelo,Helicopter 3 is evacuating people3
3330,5,helicopterQueue,,;No helos are waiting to land
3330,104,filterES,,Helicopter;3;is evacuating people
3330,1120,filterES,,
3330,1160,filterES,,
3330,3,evacueeManager,,OFF SHIP: White;0;Green;92;Yellow;24;Red;5;Black;319;ON SHIP: White;0;Green;0;Yellow;0;Red;0;Evacuees to Transfer;;EvacueeID;146;HeloID;3;OnShip;0;Triage Status;G;EvacueeID;147;HeloID;3;OnShip;0;Triage Status;G;EvacueeID;155;HeloID;3;OnShip;0;Triage Status;G;EvacueeID;156;HeloID;3;OnShip;0;Triage Status;G;EvacueeID;158;HeloID;3;OnShip;0;Triage Status;G;EvacueeID;163;HeloID;3;OnShip;0;Triage Status;G;EvacueeID;165;HeloID;3;OnShip;0;Triage Status;G;EvacueeID;166;HeloID;3;OnShip;0;Triage Status;G;EvacueeID;175;HeloID;3;OnShip;0;Triage Status;G;EvacueeID;178;HeloID;3;OnShip;0;Triage Status;G
3330,4,helipadManager,outEM,Helicopter 3 is evacuating people3
3330,4,helipadManager,,Helo;3;is at the ES
3330,104,filterES,out,Helicopter 3 is evacuating people3
3330,104,filterES,,
3330,105,helicopter,,Helicopter;3;is waiting to land at the evacuation site;;and has;0;spots taken
3330,3,evacueeManager,outEvac,Evacuee 146 in triage category G is assigned helicopter 3
3330,3,evacueeManager,outEvac,Evacuee 147 in triage category G is assigned helicopter 3
3330,3,evacueeManager,outEvac,Evacuee 155 in triage category G is assigned helicopter 3
3330,3,evacueeManager,outEvac,Evacuee 156 in triage category G is assigned helicopter 3
3330,3,evacueeManager,outEvac,Evacuee 158 in triage category G is assigned helicopter 3
3330,3,evacueeManager,outEvac,Evacuee 163 in triage category G is assigned helicopter 3
3330,3,evacueeManager,outEvac,Evacuee 165 in triage category G is assigned helicopter 3
3330,3,evacueeManager,outEvac,Evacuee 166 in triage category G is assigned helicopter 3
3330,3,evacueeManager,outEvac,Evacuee 175 in triage category G is assigned helicopter 3
3330,3,evacueeManager,outEvac,Evacuee 178 in triage category G is assigned helicopter 3
3330,3,evacueeManager,,OFF SHIP: White;0;Green;92;Yellow;24;Red;5;Black;319;ON SHIP: White;0;Green;0;Yellow;0;Red;0;Evacuees to Transfer;
3330,7,filterLoc,,
3330,10,filterLoc,,
3330,13,filterLoc,,
3330,16,filterLoc,,
3330,19,filterLoc,,
3330,22,filterLoc,,
3330,25,filterLoc,,
3330,28,filterLoc,,
3330,31,filterLoc,,
3330,34,filterLoc,,
3330,37,filterLoc,,
3330,40,filterLoc,,
3330,43,filterLoc,,
3330,46,filterLoc,,
3330,49,filterLoc,,
3330,52,filterLoc,,
3330,55,filterLoc,,
3330,58,filterLoc,,
3330,61,filterLoc,,
3330,64,filterLoc,,
3330,67,filterLoc,,
3330,70,filterLoc,,
3330,73,filterLoc,,
3330,76,filterLoc,,
3330,79,filterLoc,,
3330,82,filterLoc,,
3330,85,filterLoc,,
3330,88,filterLoc,,
3330,91,filterLoc,,
3330,94,filterLoc,,
3330,97,filterLoc,,
3330,100,filterLoc,,
3330,105,helicopter,,Helicopter;3;is loading people at the evacuation site;;and has;0;spots taken
3330,107,filterLoc,,
3330,110,filterLoc,,
3330,113,filterLoc,,
3330,116,filterLoc,,
3330,119,filterLoc,,
3330,122,filterLoc,,
3330,125,filterLoc,,
3330,128,filterLoc,,
3330,131,filterLoc,,
3330,134,filterLoc,,
3330,137,filterLoc,,
3330,140,filterLoc,,
3330,143,filterLoc,,
3330,146,filterLoc,,
3330,149,filterLoc,,
3330,152,filterLoc,,
3330,155,filterLoc,,
3330,158,filterLoc,,
3330,161,filterLoc,,
3330,164,filterLoc,,
3330,167,filterLoc,,
3330,170,filterLoc,,
3330,173,filterLoc,,
3330,176,filterLoc,,
3330,179,filterLoc,,
3330,182,filterLoc,,
3330,185,filterLoc,,
3330,188,filterLoc,,
3330,191,filterLoc,,
3330,194,filterLoc,,
3330,197,filterLoc,,
3330,200,filterLoc,,
3330,203,filterLoc,,
3330,206,filterLoc,,
3330,209,filterLoc,,
3330,212,filterLoc,,
3330,215,filterLoc,,
3330,218,filterLoc,,
3330,221,filterLoc,,
3330,225,filterLoc,,
3330,228,filterLoc,,
3330,231,filterLoc,,
3330,234,filterLoc,,
3330,237,filterLoc,,
3330,240,filterLoc,,
3330,243,filterLoc,,
3330,246,filterLoc,,
3330,249,filterLoc,,
3330,252,filterLoc,,
3330,255,filterLoc,,
3330,258,filterLoc,,
3330,261,filterLoc,,
3330,264,filterLoc,,
3330,267,filterLoc,,
3330,270,filterLoc,,
3330,273,filterLoc,,
3330,276,filterLoc,,
3330,279,filterLoc,,
3330,282,filterLoc,,
3330,285,filterLoc,,
3330,288,filterLoc,,
3330,291,filterLoc,,
3330,294,filterLoc,,
3330,297,filterLoc,,
3330,300,filterLoc,,
3330,303,filterLoc,,
3330,306,filterLoc,,
3330,309,filterLoc,,
3330,312,filterLoc,,
3330,315,filterLoc,,
3330,318,filterLoc,,
3330,321,filterLoc,,
3330,324,filterLoc,,
3330,327,filterLoc,,
3330,330,filterLoc,,
3330,333,filterLoc,,
3330,336,filterLoc,,
3330,339,filterLoc,,
3330,342,filterLoc,,
3330,345,filterLoc,,
3330,348,filterLoc,,
3330,351,filterLoc,,
3330,354,filterLoc,,
3330,357,filterLoc,,
3330,360,filterLoc,,
3330,363,filterLoc,,
3330,366,filterLoc,,
3330,369,filterLoc,,
3330,372,filterLoc,,
3330,375,filterLoc,,
3330,378,filterLoc,,
3330,381,filterLoc,,
3330,384,filterLoc,,
3330,387,filterLoc,,
3330,390,filterLoc,,
3330,393,filterLoc,,
3330,396,filterLoc,,
3330,399,filterLoc,,
3330,402,filterLoc,,
3330,405,filterLoc,,
3330,408,filterLoc,,
3330,411,filterLoc,,
3330,414,filterLoc,,
3330,417,filterLoc,,
3330,420,filterLoc,,
3330,423,filterLoc,,
3330,426,filterLoc,,
3330,429,filterLoc,,
3330,432,filterLoc,,
3330,435,filterLoc,,
3330,438,filterLoc,,
3330,441,filterLoc,,
3330,444,filterLoc,,
3330,447,filterLoc,,
3330,450,filterLoc,,
3330,453,filterLoc,,
3330,456,filterLoc,,
3330,459,filterLoc,,
3330,462,filterLoc,,
3330,465,filterLoc,,
3330,468,filterLoc,,
3330,471,filterLoc,,
3330,474,filterLoc,,
3330,477,filterLoc,,
3330,480,filterLoc,,
3330,483,filterLoc,,
3330,486,filterLoc,,
3330,489,filterLoc,,
3330,492,filterLoc,,
3330,495,filterLoc,,
3330,498,filterLoc,,
3330,501,filterLoc,,
3330,504,filterLoc,,
3330,507,filterLoc,,
3330,510,filterLoc,,
3330,513,filterLoc,,
3330,516,filterLoc,,
3330,519,filterLoc,,
3330,522,filterLoc,,
3330,525,filterLoc,,
3330,528,filterLoc,,
3330,531,filterLoc,,
3330,534,filterLoc,,
3330,537,filterLoc,,
3330,540,filterLoc,,
3330,543,filterLoc,,
3330,546,filterLoc,,
3330,549,filterLoc,,
3330,552,filterLoc,,
3330,555,filterLoc,,
3330,558,filterLoc,,
3330,561,filterLoc,,
3330,564,filterLoc,,
3330,567,filterLoc,,
3330,570,filterLoc,,
3330,573,filterLoc,,
3330,576,filterLoc,,
3330,579,filterLoc,,
3330,582,filterLoc,,
3330,585,filterLoc,,
3330,588,filterLoc,,
3330,591,filterLoc,,
3330,594,filterLoc,,
3330,597,filterLoc,,
3330,600,filterLoc,,
3330,603,filterLoc,,
3330,606,filterLoc,,
3330,609,filterLoc,,
3330,612,filterLoc,,
3330,615,filterLoc,,
3330,618,filterLoc,,
3330,621,filterLoc,,
3330,624,filterLoc,,
3330,627,filterLoc,,
3330,630,filterLoc,,
3330,633,filterLoc,,
3330,636,filterLoc,,
3330,639,filterLoc,,
3330,642,filterLoc,,
3330,645,filterLoc,,
3330,648,filterLoc,,
3330,651,filterLoc,,
3330,654,filterLoc,,
3330,657,filterLoc,,
3330,660,filterLoc,,
3330,663,filterLoc,,
3330,666,filterLoc,,
3330,669,filterLoc,,;Evacuee;156;in triage category;G;is entering helicopter;3
3330,672,filterLoc,,
3330,675,filterLoc,,;Evacuee;165;in triage category;G;is entering helicopter;3
3330,678,filterLoc,,
3330,681,filterLoc,,
3330,684,filterLoc,,
3330,687,filterLoc,,
3330,690,filterLoc,,
3330,693,filterLoc,,
3330,696,filterLoc,,
3330,699,filterLoc,,
3330,702,filterLoc,,
3330,705,filterLoc,,
3330,708,filterLoc,,
3330,711,filterLoc,,
3330,714,filterLoc,,
3330,717,filterLoc,,
3330,720,filterLoc,,
3330,723,filterLoc,,
3330,726,filterLoc,,
3330,729,filterLoc,,
3330,732,filterLoc,,
3330,735,filterLoc,,;Evacuee;147;in triage category;G;is entering helicopter;3
3330,738,filterLoc,,
3330,741,filterLoc,,
3330,744,filterLoc,,
3330,747,filterLoc,,
3330,750,filterLoc,,
3330,753,filterLoc,,
3330,756,filterLoc,,
3330,759,filterLoc,,
3330,762,filterLoc,,
3330,765,filterLoc,,
3330,768,filterLoc,,
3330,771,filterLoc,,
3330,774,filterLoc,,
3330,777,filterLoc,,
3330,780,filterLoc,,
3330,783,filterLoc,,
3330,786,filterLoc,,
3330,789,filterLoc,,
3330,792,filterLoc,,
3330,795,filterLoc,,
3330,798,filterLoc,,
3330,801,filterLoc,,
3330,804,filterLoc,,
3330,807,filterLoc,,;Evacuee;158;in triage category;G;is entering helicopter;3
3330,810,filterLoc,,
3330,813,filterLoc,,
3330,816,filterLoc,,
3330,819,filterLoc,,
3330,822,filterLoc,,
3330,825,filterLoc,,
3330,828,filterLoc,,
3330,831,filterLoc,,
3330,834,filterLoc,,
3330,837,filterLoc,,
3330,840,filterLoc,,
3330,843,filterLoc,,
3330,846,filterLoc,,
3330,849,filterLoc,,
3330,852,filterLoc,,
3330,855,filterLoc,,
3330,858,filterLoc,,
3330,861,filterLoc,,
3330,864,filterLoc,,
3330,867,filterLoc,,
3330,870,filterLoc,,
3330,873,filterLoc,,
3330,876,filterLoc,,
3330,879,filterLoc,,
3330,882,filterLoc,,
3330,885,filterLoc,,
3330,888,filterLoc,,
3330,891,filterLoc,,
3330,894,filterLoc,,
3330,897,filterLoc,,
3330,900,filterLoc,,
3330,903,filterLoc,,
3330,906,filterLoc,,
3330,909,filterLoc,,
3330,912,filterLoc,,
3330,915,filterLoc,,
3330,918,filterLoc,,
3330,921,filterLoc,,
3330,924,filterLoc,,
3330,927,filterLoc,,
3330,930,filterLoc,,
3330,933,filterLoc,,
3330,936,filterLoc,,
3330,939,filterLoc,,
3330,942,filterLoc,,
3330,945,filterLoc,,
3330,948,filterLoc,,
3330,951,filterLoc,,
3330,954,filterLoc,,
3330,957,filterLoc,,
3330,960,filterLoc,,
3330,963,filterLoc,,
3330,966,filterLoc,,
3330,969,filterLoc,,
3330,972,filterLoc,,
3330,975,filterLoc,,
3330,978,filterLoc,,
3330,981,filterLoc,,
3330,984,filterLoc,,
3330,987,filterLoc,,
3330,990,filterLoc,,
3330,993,filterLoc,,
3330,996,filterLoc,,
3330,999,filterLoc,,
3330,1002,filterLoc,,
3330,1005,filterLoc,,
3330,1008,filterLoc,,
3330,1011,filterLoc,,
3330,1014,filterLoc,,
3330,1017,filterLoc,,
3330,1020,filterLoc,,
3330,1023,filterLoc,,
3330,1026,filterLoc,,
3330,1029,filterLoc,,
3330,1032,filterLoc,,
3330,1035,filterLoc,,
3330,1038,filterLoc,,
3330,1041,filterLoc,,
3330,1044,filterLoc,,
3330,1047,filterLoc,,
3330,1050,filterLoc,,
3330,1053,filterLoc,,;Evacuee;155;in triage category;G;is entering helicopter;3
3330,1056,filterLoc,,
3330,1059,filterLoc,,
3330,1062,filterLoc,,
3330,1065,filterLoc,,
3330,1068,filterLoc,,
3330,1071,filterLoc,,
3330,1074,filterLoc,,
3330,1077,filterLoc,,
3330,1080,filterLoc,,
3330,1083,filterLoc,,
3330,1086,filterLoc,,
3330,1089,filterLoc,,
3330,1092,filterLoc,,
3330,1095,filterLoc,,
3330,1098,filterLoc,,
3330,1101,filterLoc,,
3330,1104,filterLoc,,
3330,1107,filterLoc,,
3330,1110,filterLoc,,
3330,1113,filterLoc,,
3330,1116,filterLoc,,
3330,1123,filterLoc,,
3330,1126,filterLoc,,
3330,1129,filterLoc,,;Evacuee;175;in triage category;G;is entering helicopter;3
3330,1132,filterLoc,,
3330,1135,filterLoc,,
3330,1138,filterLoc,,
3330,1141,filterLoc,,
3330,1144,filterLoc,,
3330,1147,filterLoc,,
3330,1150,filterLoc,,
3330,1153,filterLoc,,
3330,1156,filterLoc,,
3330,1163,filterLoc,,
3330,1166,filterLoc,,
3330,1169,filterLoc,,
3330,1172,filterLoc,,
3330,1175,filterLoc,,
3330,1178,filterLoc,,
3330,1181,filterLoc,,
3330,1184,filterLoc,,
3330,1187,filterLoc,,
3330,1190,filterLoc,,
3330,1193,filterLoc,,
3330,1196,filterLoc,,
3330,1199,filterLoc,,
3330,1202,filterLoc,,
3330,1205,filterLoc,,
3330,1208,filterLoc,,
3330,1211,filterLoc,,
3330,1214,filterLoc,,
3330,1217,filterLoc,,
3330,1220,filterLoc,,
3330,1223,filterLoc,,
3330,1226,filterLoc,,
3330,1229,filterLoc,,
3330,1232,filterLoc,,
3330,1235,filterLoc,,
3330,1238,filterLoc,,
3330,1241,filterLoc,,
3330,1244,filterLoc,,
3330,1247,filterLoc,,
3330,1250,filterLoc,,
3330,1253,filterLoc,,
3330,1256,filterLoc,,
3330,1259,filterLoc,,;Evacuee;163;in triage category;G;is entering helicopter;3
3330,1262,filterLoc,,;Evacuee;166;in triage category;G;is entering helicopter;3
3330,1265,filterLoc,,
3330,1268,filterLoc,,
3330,1271,filterLoc,,;Evacuee;178;in triage category;G;is entering helicopter;3
3330,1274,filterLoc,,
3330,1277,filterLoc,,;Evacuee;146;in triage category;G;is entering helicopter;3
3330,1280,filterLoc,,
3330,1283,filterLoc,,
3330,1286,filterLoc,,
3330,1289,filterLoc,,
3330,1292,filterLoc,,
3330,1295,filterLoc,,
3330,1298,filterLoc,,
3330,1301,filterLoc,,
3330,1304,filterLoc,,
3330,1307,filterLoc,,
3330,1310,filterLoc,,
3330,1313,filterLoc,,
3330,1316,filterLoc,,
3330,1319,filterLoc,,
3330,1322,filterLoc,,
3330,1325,filterLoc,,
3330,1328,filterLoc,,
3330,1331,filterLoc,,
3330,1334,filterLoc,,
3330,1337,filterLoc,,
3330,1340,filterLoc,,
3330,1343,filterLoc,,
3330,1346,filterLoc,,
3330,1349,filterLoc,,
3330,1352,filterLoc,,
3330,1355,filterLoc,,
3330,1358,filterLoc,,
3330,1361,filterLoc,,
3330,1364,filterLoc,,
3330,1367,filterLoc,,
3330,1370,filterLoc,,
3330,1373,filterLoc,,
3330,1376,filterLoc,,
3330,1379,filterLoc,,
3330,1382,filterLoc,,
3330,1385,filterLoc,,
3330,1388,filterLoc,,
3330,1391,filterLoc,,
3330,1394,filterLoc,,
3330,1397,filterLoc,,
3330,1400,filterLoc,,
3330,1403,filterLoc,,
3330,1406,filterLoc,,
3330,1409,filterLoc,,
3330,1412,filterLoc,,
3330,1415,filterLoc,,
3330,1418,filterLoc,,
3330,1421,filterLoc,,
3330,1424,filterLoc,,
3330,1427,filterLoc,,
3330,1430,filterLoc,,
3330,1433,filterLoc,,
3330,1436,filterLoc,,
3330,1439,filterLoc,,
3330,1442,filterLoc,,
3330,1445,filterLoc,,
3330,1448,filterLoc,,
3330,1451,filterLoc,,
3330,1454,filterLoc,,
3330,1457,filterLoc,,
3330,1460,filterLoc,,
3330,1463,filterLoc,,
3330,1466,filterLoc,,
3330,1469,filterLoc,,
3330,1472,filterLoc,,
3330,1475,filterLoc,,
3330,1478,filterLoc,,
3330,1481,filterLoc,,
3330,1484,filterLoc,,
3330,1487,filterLoc,,
3330,1490,filterLoc,,
3330,1493,filterLoc,,
3330,1496,filterLoc,,
3330,1499,filterLoc,,
3330,1502,filterLoc,,
3330,1505,filterLoc,,
3330,1508,filterLoc,,
3330,1511,filterLoc,,
3330,1514,filterLoc,,
3330,1517,filterLoc,,
3330,669,filterLoc,out,Evacuee 156 in triage category G is assigned helicopter 3
3330,669,filterLoc,,
3330,670,evacuee,,Evacuee;156;in triage state;G;is entering helicopter;3
3330,675,filterLoc,out,Evacuee 165 in triage category G is assigned helicopter 3
3330,675,filterLoc,,
3330,676,evacuee,,Evacuee;165;in triage state;G;is entering helicopter;3
3330,735,filterLoc,out,Evacuee 147 in triage category G is assigned helicopter 3
3330,735,filterLoc,,
3330,736,evacuee,,Evacuee;147;in triage state;G;is entering helicopter;3
3330,807,filterLoc,out,Evacuee 158 in triage category G is assigned helicopter 3
3330,807,filterLoc,,
3330,808,evacuee,,Evacuee;158;in triage state;G;is entering helicopter;3
3330,1053,filterLoc,out,Evacuee 155 in triage category G is assigned helicopter 3
3330,1053,filterLoc,,
3330,1054,evacuee,,Evacuee;155;in triage state;G;is entering helicopter;3
3330,1129,filterLoc,out,Evacuee 175 in triage category G is assigned helicopter 3
3330,1129,filterLoc,,
3330,1130,evacuee,,Evacuee;175;in triage state;G;is entering helicopter;3
3330,1259,filterLoc,out,Evacuee 163 in triage category G is assigned helicopter 3
3330,1259,filterLoc,,
3330,1260,evacuee,,Evacuee;163;in triage state;G;is entering helicopter;3
3330,1262,filterLoc,out,Evacuee 166 in triage category G is assigned helicopter 3
3330,1262,filterLoc,,
3330,1263,evacuee,,Evacuee;166;in triage state;G;is entering helicopter;3
3330,1271,filterLoc,out,Evacuee 178 in triage category G is assigned helicopter 3
3330,1271,filterLoc,,
3330,1272,evacuee,,Evacuee;178;in triage state;G;is entering helicopter;3
3330,1277,filterLoc,out,Evacuee 146 in triage category G is assigned helicopter 3
3330,1277,filterLoc,,
3330,1278,evacuee,,Evacuee;146;in triage state;G;is entering helicopter;3
3330,103,filterEvac,,;Evacuee;146;in triage category;G;is entering helicopter;3;Evacuee;147;in triage category;G;is entering helicopter;3;Evacuee;155;in triage category;G;is entering helicopter;3;Evacuee;156;in triage category;G;is entering helicopter;3;Evacuee;158;in triage category;G;is entering helicopter;3;Evacuee;163;in triage category;G;is entering helicopter;3;Evacuee;165;in triage category;G;is entering helicopter;3;Evacuee;166;in triage category;G;is entering helicopter;3;Evacuee;175;in triage category;G;is entering helicopter;3;Evacuee;178;in triage category;G;is entering helicopter;3
3330,670,evacuee,outHelo,Evacuee 156 in triage category G is assigned helicopter 3
3330,670,evacuee,,Evacuee;156;in triage state;G;is in helicopter;3
3330,676,evacuee,outHelo,Evacuee 165 in triage category G is assigned helicopter 3
3330,676,evacuee,,Evacuee;165;in triage state;G;is in helicopter;3
3330,736,evacuee,outHelo,Evacuee 147 in triage category G is assigned helicopter 3
3330,736,evacuee,,Evacuee;147;in triage state;G;is in helicopter;3
3330,808,evacuee,outHelo,Evacuee 158 in triage category G is assigned helicopter 3
3330,808,evacuee,,Evacuee;158;in triage state;G;is in helicopter;3
3330,1054,evacuee,outHelo,Evacuee 155 in triage category G is assigned helicopter 3
3330,1054,evacuee,,Evacuee;155;in triage state;G;is in helicopter;3
3330,1119,filterEvac,,
3330,1130,evacuee,outHelo,Evacuee 175 in triage category G is assigned helicopter 3
3330,1130,evacuee,,Evacuee;175;in triage state;G;is in helicopter;3
3330,1159,filterEvac,,
3330,1260,evacuee,outHelo,Evacuee 163 in triage category G is assigned helicopter 3
3330,1260,evacuee,,Evacuee;163;in triage state;G;is in helicopter;3
3330,1263,evacuee,outHelo,Evacuee 166 in triage category G is assigned helicopter 3
3330,1263,evacuee,,Evacuee;166;in triage state;G;is in helicopter;3
3330,1272,evacuee,outHelo,Evacuee 178 in triage category G is assigned helicopter 3
3330,1272,evacuee,,Evacuee;178;in triage state;G;is in helicopter;3
3330,1278,evacuee,outHelo,Evacuee 146 in triage category G is assigned helicopter 3
3330,1278,evacuee,,Evacuee;146;in triage state;G;is in helicopter;3
3330,103,filterEvac,out,Evacuee 146 in triage category G is assigned helicopter 3
3330,103,filterEvac,out,Evacuee 147 in triage category G is assigned helicopter 3
3330,103,filterEvac,out,Evacuee 155 in triage category G is assigned helicopter 3
3330,103,filterEvac,out,Evacuee 156 in triage category G is assigned helicopter 3
3330,103,filterEvac,out,Evacuee 158 in triage category G is assigned helicopter 3
3330,103,filterEvac,out,Evacuee 163 in triage category G is assigned helicopter 3
3330,103,filterEvac,out,Evacuee 165 in triage category G is assigned helicopter 3
3330,103,filterEvac,out,Evacuee 166 in triage category G is assigned helicopter 3
3330,103,filterEvac,out,Evacuee 175 in triage category G is assigned helicopter 3
3330,103,filterEvac,out,Evacuee 178 in triage category G is assigned helicopter 3
3330,103,filterEvac,,
3330,105,helicopter,,Helicopter;3;is loading people at the evacuation site;;and has;10;spots taken
3343.24,3,evacueeManager,,OFF SHIP: White;0;Green;92;Yellow;23;Red;6;Black;319;ON SHIP: White;0;Green;0;Yellow;0;Red;0;Evacuees to Transfer;
3343.24,385,evacuee,outES,Evacuee 287 in triage category Y is not assigned a helicopter
3343.24,385,evacuee,,Evacuee;287;in triage state;R;is at the evacuation site
3343.43,3,evacueeManager,,OFF SHIP: White;0;Green;91;Yellow;24;Red;6;Black;319;ON SHIP: White;0;Green;0;Yellow;0;Red;0;Evacuees to Transfer;
3343.43,862,evacuee,outES,Evacuee 256 in triage category G is not assigned a helicopter
3343.43,862,evacuee,,Evacuee;256;in triage state;Y;is at the evacuation site
3345,4,helipadManager,outHelo,Helicopter 3 is evacuating people3
3345,4,helipadManager,,;No helos are at ES
3345,104,filterES,,Helicopter;3;is evacuating people
3345,1120,filterES,,
3345,1160,filterES,,
3345,4,helipadManager,outHQ,0
3345,4,helipadManager,,;No helos are at ES
3345,5,helicopterQueue,,;No helos are waiting to land
3345,104,filterES,out,Helicopter 3 is evacuating people3
3345,104,filterES,,
3345,105,helicopter,,Helicopter;3;is loading people at the evacuation site;;and has;10;spots taken
3345,5,helicopterQueue,,;No helos are waiting to land
3345,105,helicopter,,Helicopter;3;is returning to the FOL;;and has;10;spots taken
3350.76,3,evacueeManager,,OFF SHIP: White;0;Green;91;Yellow;23;Red;7;Black;319;ON SHIP: White;0;Green;0;Yellow;0;Red;0;Evacuees to Transfer;
3350.76,442,evacuee,outES,Evacuee 264 in triage category Y is not assigned a helicopter
3350.76,442,evacuee,,Evacuee;264;in triage state;R;is at the evacuation site
3355.36,3,evacueeManager,,OFF SHIP: White;0;Green;91;Yellow;22;Red;8;Black;319;ON SHIP: White;0;Green;0;Yellow;0;Red;0;Evacuees to Transfer;
3355.36,724,evacuee,outES,Evacuee 474 in triage category Y is not assigned a helicopter
3355.36,724,evacuee,,Evacuee;474;in triage state;R;is at the evacuation site
3356.86,3,evacueeManager,,OFF SHIP: White;0;Green;91;Yellow;22;Red;7;Black;320;ON SHIP: White;0;Green;0;Yellow;0;Red;0;Evacuees to Transfer;
3356.86,379,evacuee,outES,Evacuee 350 in triage category R is not assigned a helicopter
3356.86,379,evacuee,,Evacuee;350;in triage state;B;is at the evacuation site
3359.72,3,evacueeManager,,OFF SHIP: White;0;Green;91;Yellow;21;Red;8;Black;320;ON SHIP: White;0;Green;0;Yellow;0;Red;0;Evacuees to Transfer;
3359.72,862,evacuee,outES,Evacuee 256 in triage category Y is not assigned a helicopter
3359.72,862,evacuee,,Evacuee;256;in triage state;R;is at the evacuation site
3370.12,3,evacueeManager,,OFF SHIP: White;0;Green;91;Yellow;21;Red;7;Black;321;ON SHIP: White;0;Green;0;Yellow;0;Red;0;Evacuees to Transfer;
3370.12,724,evacuee,outES,Evacuee 474 in triage category R is not assigned a helicopter
3370.12,724,evacuee,,Evacuee;474;in triage state;B;is at the evacuation site
3375,7,filterLoc,,
3375,10,filterLoc,,
3375,13,filterLoc,,
3375,16,filterLoc,,
3375,19,filterLoc,,
3375,22,filterLoc,,
3375,25,filterLoc,,
3375,28,filterLoc,,
3375,31,filterLoc,,
3375,34,filterLoc,,
3375,37,filterLoc,,
3375,40,filterLoc,,
3375,43,filterLoc,,
3375,46,filterLoc,,
3375,49,filterLoc,,
3375,52,filterLoc,,
3375,55,filterLoc,,
3375,58,filterLoc,,
3375,61,filterLoc,,
3375,64,filterLoc,,
3375,67,filterLoc,,
3375,70,filterLoc,,
3375,73,filterLoc,,
3375,76,filterLoc,,
3375,79,filterLoc,,
3375,82,filterLoc,,
3375,85,filterLoc,,
3375,88,filterLoc,,
3375,91,filterLoc,,
3375,94,filterLoc,,
3375,97,filterLoc,,
3375,100,filterLoc,,
3375,107,filterLoc,,
3375,110,filterLoc,,
3375,113,filterLoc,,
3375,116,filterLoc,,
3375,119,filterLoc,,
3375,122,filterLoc,,
3375,125,filterLoc,,
3375,128,filterLoc,,
3375,131,filterLoc,,
3375,134,filterLoc,,
3375,137,filterLoc,,
3375,140,filterLoc,,
3375,143,filterLoc,,
3375,146,filterLoc,,
3375,149,filterLoc,,
3375,152,filterLoc,,
3375,155,filterLoc,,
3375,158,filterLoc,,
3375,161,filterLoc,,
3375,164,filterLoc,,
3375,167,filterLoc,,
3375,170,filterLoc,,
3375,173,filterLoc,,
3375,176,filterLoc,,
3375,179,filterLoc,,
3375,182,filterLoc,,
3375,185,filterLoc,,
3375,188,filterLoc,,
3375,191,filterLoc,,
3375,194,filterLoc,,
3375,197,filterLoc,,
3375,200,filterLoc,,
3375,203,filterLoc,,
3375,206,filterLoc,,
3375,209,filterLoc,,
3375,212,filterLoc,,
3375,215,filterLoc,,
3375,218,filterLoc,,
3375,221,filterLoc,,
3375,225,filterLoc,,
3375,228,filterLoc,,
3375,231,filterLoc,,
3375,234,filterLoc,,
3375,237,filterLoc,,
3375,240,filterLoc,,
3375,243,filterLoc,,
3375,246,filterLoc,,
3375,249,filterLoc,,
3375,252,filterLoc,,
3375,255,filterLoc,,
3375,258,filterLoc,,
3375,261,filterLoc,,
3375,264,filterLoc,,
3375,267,filterLoc,,
3375,270,filterLoc,,
3375,273,filterLoc,,
3375,276,filterLoc,,
3375,279,filterLoc,,
3375,282,filterLoc,,
3375,285,filterLoc,,
3375,288,filterLoc,,
3375,291,filterLoc,,
3375,294,filterLoc,,
3375,297,filterLoc,,
3375,300,filterLoc,,
3375,303,filterLoc,,
3375,306,filterLoc,,
3375,309,filterLoc,,
3375,312,filterLoc,,
3375,315,filterLoc,,
3375,318,filterLoc,,
3375,321,filterLoc,,
3375,324,filterLoc,,
3375,327,filterLoc,,
3375,330,filterLoc,,
3375,333,filterLoc,,
3375,336,filterLoc,,
3375,339,filterLoc,,
3375,342,filterLoc,,
3375,345,filterLoc,,
3375,348,filterLoc,,
3375,351,filterLoc,,
3375,354,filterLoc,,
3375,357,filterLoc,,
3375,360,filterLoc,,
3375,363,filterLoc,,
3375,366,filterLoc,,
3375,369,filterLoc,,
3375,372,filterLoc,,
3375,375,filterLoc,,
3375,378,filterLoc,,
3375,381,filterLoc,,
3375,384,filterLoc,,
3375,387,filterLoc,,
3375,390,filterLoc,,
3375,393,filterLoc,,
3375,396,filterLoc,,
3375,399,filterLoc,,
3375,402,filterLoc,,
3375,405,filterLoc,,
3375,408,filterLoc,,
3375,411,filterLoc,,
3375,414,filterLoc,,
3375,417,filterLoc,,
3375,420,filterLoc,,
3375,423,filterLoc,,
3375,426,filterLoc,,
3375,429,filterLoc,,
3375,432,filterLoc,,
3375,435,filterLoc,,
3375,438,filterLoc,,
3375,441,filterLoc,,
3375,444,filterLoc,,
3375,447,filterLoc,,
3375,450,filterLoc,,
3375,453,filterLoc,,
3375,456,filterLoc,,
3375,459,filterLoc,,
3375,462,filterLoc,,;Evacuee;88;in triage category;G;is leaving helicopter;1
3375,465,filterLoc,,
3375,468,filterLoc,,
3375,471,filterLoc,,;Evacuee;108;in triage category;G;is leaving helicopter;1
3375,474,filterLoc,,
3375,477,filterLoc,,
3375,480,filterLoc,,
3375,483,filterLoc,,
3375,486,filterLoc,,
3375,489,filterLoc,,
3375,492,filterLoc,,
3375,495,filterLoc,,
3375,498,filterLoc,,
3375,501,filterLoc,,
3375,504,filterLoc,,
3375,507,filterLoc,,
3375,510,filterLoc,,
3375,513,filterLoc,,
3375,516,filterLoc,,
3375,519,filterLoc,,
3375,522,filterLoc,,;Evacuee;112;in triage category;G;is leaving helicopter;1
3375,525,filterLoc,,
3375,528,filterLoc,,;Evacuee;109;in triage category;G;is leaving helicopter;1
3375,531,filterLoc,,
3375,534,filterLoc,,
3375,537,filterLoc,,
3375,540,filterLoc,,;Evacuee;106;in triage category;G;is leaving helicopter;1
3375,543,filterLoc,,
3375,546,filterLoc,,
3375,549,filterLoc,,
3375,552,filterLoc,,
3375,555,filterLoc,,
3375,558,filterLoc,,
3375,561,filterLoc,,
3375,564,filterLoc,,
3375,567,filterLoc,,
3375,570,filterLoc,,
3375,573,filterLoc,,
3375,576,filterLoc,,
3375,579,filterLoc,,
3375,582,filterLoc,,
3375,585,filterLoc,,
3375,588,filterLoc,,
3375,591,filterLoc,,
3375,594,filterLoc,,;Evacuee;95;in triage category;G;is leaving helicopter;1
3375,597,filterLoc,,
3375,600,filterLoc,,
3375,603,filterLoc,,
3375,606,filterLoc,,;Evacuee;93;in triage category;G;is leaving helicopter;1
3375,609,filterLoc,,
3375,612,filterLoc,,
3375,615,filterLoc,,
3375,618,filterLoc,,
3375,621,filterLoc,,
3375,624,filterLoc,,
3375,627,filterLoc,,
3375,630,filterLoc,,
3375,633,filterLoc,,
3375,636,filterLoc,,
3375,639,filterLoc,,
3375,642,filterLoc,,
3375,645,filterLoc,,
3375,648,filterLoc,,
3375,651,filterLoc,,
3375,654,filterLoc,,
3375,657,filterLoc,,
3375,660,filterLoc,,
3375,663,filterLoc,,
3375,666,filterLoc,,
3375,669,filterLoc,,
3375,672,filterLoc,,
3375,675,filterLoc,,
3375,678,filterLoc,,
3375,681,filterLoc,,
3375,684,filterLoc,,
3375,687,filterLoc,,
3375,690,filterLoc,,
3375,693,filterLoc,,
3375,696,filterLoc,,
3375,699,filterLoc,,
3375,702,filterLoc,,
3375,705,filterLoc,,
3375,708,filterLoc,,
3375,711,filterLoc,,
3375,714,filterLoc,,
3375,717,filterLoc,,
3375,720,filterLoc,,
3375,723,filterLoc,,
3375,726,filterLoc,,
3375,729,filterLoc,,
3375,732,filterLoc,,
3375,735,filterLoc,,
3375,738,filterLoc,,
3375,741,filterLoc,,
3375,744,filterLoc,,
3375,747,filterLoc,,
3375,750,filterLoc,,
3375,753,filterLoc,,
3375,756,filterLoc,,
3375,759,filterLoc,,
3375,762,filterLoc,,
3375,765,filterLoc,,
3375,768,filterLoc,,
3375,771,filterLoc,,
3375,774,filterLoc,,
3375,777,filterLoc,,
3375,780,filterLoc,,
3375,783,filterLoc,,
3375,786,filterLoc,,
3375,789,filterLoc,,
3375,792,filterLoc,,
3375,795,filterLoc,,
3375,798,filterLoc,,
3375,801,filterLoc,,;Evacuee;100;in triage category;G;is leaving helicopter;1
3375,804,filterLoc,,
3375,807,filterLoc,,
3375,810,filterLoc,,
3375,813,filterLoc,,
3375,816,filterLoc,,
3375,819,filterLoc,,
3375,822,filterLoc,,
3375,825,filterLoc,,
3375,828,filterLoc,,
3375,831,filterLoc,,
3375,834,filterLoc,,
3375,837,filterLoc,,
3375,840,filterLoc,,
3375,843,filterLoc,,
3375,846,filterLoc,,
3375,849,filterLoc,,
3375,852,filterLoc,,
3375,855,filterLoc,,
3375,858,filterLoc,,
3375,861,filterLoc,,
3375,864,filterLoc,,
3375,867,filterLoc,,
3375,870,filterLoc,,
3375,873,filterLoc,,
3375,876,filterLoc,,
3375,879,filterLoc,,
3375,882,filterLoc,,
3375,885,filterLoc,,
3375,888,filterLoc,,
3375,891,filterLoc,,
3375,894,filterLoc,,
3375,897,filterLoc,,
3375,900,filterLoc,,
3375,903,filterLoc,,
3375,906,filterLoc,,
3375,909,filterLoc,,
3375,912,filterLoc,,
3375,915,filterLoc,,
3375,918,filterLoc,,
3375,921,filterLoc,,
3375,924,filterLoc,,
3375,927,filterLoc,,
3375,930,filterLoc,,
3375,933,filterLoc,,
3375,936,filterLoc,,
3375,939,filterLoc,,
3375,942,filterLoc,,
3375,945,filterLoc,,
3375,948,filterLoc,,
3375,951,filterLoc,,
3375,954,filterLoc,,
3375,957,filterLoc,,
3375,960,filterLoc,,
3375,963,filterLoc,,
3375,966,filterLoc,,
3375,969,filterLoc,,
3375,972,filterLoc,,
3375,975,filterLoc,,
3375,978,filterLoc,,
3375,981,filterLoc,,
3375,984,filterLoc,,
3375,987,filterLoc,,
3375,990,filterLoc,,
3375,993,filterLoc,,
3375,996,filterLoc,,
3375,999,filterLoc,,
3375,1002,filterLoc,,
3375,1005,filterLoc,,
3375,1008,filterLoc,,
3375,1011,filterLoc,,
3375,1014,filterLoc,,
3375,1017,filterLoc,,
3375,1020,filterLoc,,
3375,1023,filterLoc,,
3375,1026,filterLoc,,
3375,1029,filterLoc,,
3375,1032,filterLoc,,
3375,1035,filterLoc,,
3375,1038,filterLoc,,
3375,1041,filterLoc,,
3375,1044,filterLoc,,
3375,1047,filterLoc,,
3375,1050,filterLoc,,
3375,1053,filterLoc,,
3375,1056,filterLoc,,
3375,1059,filterLoc,,
3375,1062,filterLoc,,
3375,1065,filterLoc,,
3375,1068,filterLoc,,;Evacuee;91;in triage category;G;is leaving helicopter;1
3375,1071,filterLoc,,
3375,1074,filterLoc,,
3375,1077,filterLoc,,
3375,1080,filterLoc,,
3375,1083,filterLoc,,
3375,1086,filterLoc,,
3375,1089,filterLoc,,
3375,1092,filterLoc,,
3375,1095,filterLoc,,
3375,1098,filterLoc,,
3375,1101,filterLoc,,
3375,1104,filterLoc,,
3375,1107,filterLoc,,
3375,1110,filterLoc,,
3375,1113,filterLoc,,
3375,1116,filterLoc,,
3375,1123,filterLoc,,;Evacuee;94;in triage category;G;is leaving helicopter;1
3375,1126,filterLoc,,
3375,1129,filterLoc,,
3375,1132,filterLoc,,
3375,1135,filterLoc,,
3375,1138,filterLoc,,
3375,1141,filterLoc,,
3375,1144,filterLoc,,
3375,1147,filterLoc,,
3375,1150,filterLoc,,
3375,1153,filterLoc,,
3375,1156,filterLoc,,
3375,1161,helicopter,outEvac,Evacuee 88 in triage category G is not assigned a helicopter
3375,1161,helicopter,outEvac,Evacuee 91 in triage category G is not assigned a helicopter
3375,1161,helicopter,outEvac,Evacuee 93 in triage category G is not assigned a helicopter
3375,1161,helicopter,outEvac,Evacuee 94 in triage category G is not assigned a helicopter
3375,1161,helicopter,outEvac,Evacuee 95 in triage category G is not assigned a helicopter
3375,1161,helicopter,outEvac,Evacuee 100 in triage category G is not assigned a helicopter
3375,1161,helicopter,outEvac,Evacuee 106 in triage category G is not assigned a helicopter
3375,1161,helicopter,outEvac,Evacuee 108 in triage category G is not assigned a helicopter
3375,1161,helicopter,outEvac,Evacuee 109 in triage category G is not assigned a helicopter
3375,1161,helicopter,outEvac,Evacuee 112 in triage category G is not assigned a helicopter
3375,1161,helicopter,,Helicopter;1;is unloading people at the FOL;;and has;0;spots taken
3375,1163,filterLoc,,
3375,1166,filterLoc,,
3375,1169,filterLoc,,
3375,1172,filterLoc,,
3375,1175,filterLoc,,
3375,1178,filterLoc,,
3375,1181,filterLoc,,
3375,1184,filterLoc,,
3375,1187,filterLoc,,
3375,1190,filterLoc,,
3375,1193,filterLoc,,
3375,1196,filterLoc,,
3375,1199,filterLoc,,
3375,1202,filterLoc,,
3375,1205,filterLoc,,
3375,1208,filterLoc,,
3375,1211,filterLoc,,
3375,1214,filterLoc,,
3375,1217,filterLoc,,
3375,1220,filterLoc,,
3375,1223,filterLoc,,
3375,1226,filterLoc,,
3375,1229,filterLoc,,
3375,1232,filterLoc,,
3375,1235,filterLoc,,
3375,1238,filterLoc,,
3375,1241,filterLoc,,
3375,1244,filterLoc,,
3375,1247,filterLoc,,
3375,1250,filterLoc,,
3375,1253,filterLoc,,
3375,1256,filterLoc,,
3375,1259,filterLoc,,
3375,1262,filterLoc,,
3375,1265,filterLoc,,
3375,1268,filterLoc,,
3375,1271,filterLoc,,
3375,1274,filterLoc,,
3375,1277,filterLoc,,
3375,1280,filterLoc,,
3375,1283,filterLoc,,
3375,1286,filterLoc,,
3375,1289,filterLoc,,
3375,1292,filterLoc,,
3375,1295,filterLoc,,
3375,1298,filterLoc,,
3375,1301,filterLoc,,
3375,1304,filterLoc,,
3375,1307,filterLoc,,
3375,1310,filterLoc,,
3375,1313,filterLoc,,
3375,1316,filterLoc,,
3375,1319,filterLoc,,
3375,1322,filterLoc,,
3375,1325,filterLoc,,
3375,1328,filterLoc,,
3375,1331,filterLoc,,
3375,1334,filterLoc,,
3375,1337,filterLoc,,
3375,1340,filterLoc,,
3375,1343,filterLoc,,
3375,1346,filterLoc,,
3375,1349,filterLoc,,
3375,1352,filterLoc,,
3375,1355,filterLoc,,
3375,1358,filterLoc,,
3375,1361,filterLoc,,
3375,1364,filterLoc,,
3375,1367,filterLoc,,
3375,1370,filterLoc,,
3375,1373,filterLoc,,
3375,1376,filterLoc,,
3375,1379,filterLoc,,
3375,1382,filterLoc,,
3375,1385,filterLoc,,
3375,1388,filterLoc,,
3375,1391,filterLoc,,
3375,1394,filterLoc,,
3375,1397,filterLoc,,
3375,1400,filterLoc,,
3375,1403,filterLoc,,
3375,1406,filterLoc,,
3375,1409,filterLoc,,
3375,1412,filterLoc,,
3375,1415,filterLoc,,
3375,1418,filterLoc,,
3375,1421,filterLoc,,
3375,1424,filterLoc,,
3375,1427,filterLoc,,
3375,1430,filterLoc,,
3375,1433,filterLoc,,
3375,1436,filterLoc,,
3375,1439,filterLoc,,
3375,1442,filterLoc,,
3375,1445,filterLoc,,
3375,1448,filterLoc,,
3375,1451,filterLoc,,
3375,1454,filterLoc,,
3375,1457,filterLoc,,
3375,1460,filterLoc,,
3375,1463,filterLoc,,
3375,1466,filterLoc,,
3375,1469,filterLoc,,
3375,1472,filterLoc,,
3375,1475,filterLoc,,
3375,1478,filterLoc,,
3375,1481,filterLoc,,
3375,1484,filterLoc,,
3375,1487,filterLoc,,
3375,1490,filterLoc,,
3375,1493,filterLoc,,
3375,1496,filterLoc,,
3375,1499,filterLoc,,
3375,1502,filterLoc,,
3375,1505,filterLoc,,
3375,1508,filterLoc,,
3375,1511,filterLoc,,
3375,1514,filterLoc,,
3375,1517,filterLoc,,
3375,462,filterLoc,out,Evacuee 88 in triage category G is not assigned a helicopter
3375,462,filterLoc,,
3375,463,evacuee,,Evacuee;88;in triage state;G;is entering the FOL
3375,471,filterLoc,out,Evacuee 108 in triage category G is not assigned a helicopter
3375,471,filterLoc,,
3375,472,evacuee,,Evacuee;108;in triage state;G;is entering the FOL
3375,522,filterLoc,out,Evacuee 112 in triage category G is not assigned a helicopter
3375,522,filterLoc,,
3375,523,evacuee,,Evacuee;112;in triage state;G;is entering the FOL
3375,528,filterLoc,out,Evacuee 109 in triage category G is not assigned a helicopter
3375,528,filterLoc,,
3375,529,evacuee,,Evacuee;109;in triage state;G;is entering the FOL
3375,540,filterLoc,out,Evacuee 106 in triage category G is not assigned a helicopter
3375,540,filterLoc,,
3375,541,evacuee,,Evacuee;106;in triage state;G;is entering the FOL
3375,594,filterLoc,out,Evacuee 95 in triage category G is not assigned a helicopter
3375,594,filterLoc,,
3375,595,evacuee,,Evacuee;95;in triage state;G;is entering the FOL
3375,606,filterLoc,out,Evacuee 93 in triage category G is not assigned a helicopter
3375,606,filterLoc,,
3375,607,evacuee,,Evacuee;93;in triage state;G;is entering the FOL
3375,801,filterLoc,out,Evacuee 100 in triage category G is not assigned a helicopter
3375,801,filterLoc,,
3375,802,evacuee,,Evacuee;100;in triage state;G;is entering the FOL
3375,1068,filterLoc,out,Evacuee 91 in triage category G is not assigned a helicopter
3375,1068,filterLoc,,
3375,1069,evacuee,,Evacuee;91;in triage state;G;is entering the FOL
3375,1123,filterLoc,out,Evacuee 94 in triage category G is not assigned a helicopter
3375,1123,filterLoc,,
3375,1124,evacuee,,Evacuee;94;in triage state;G;is entering the FOL
3375,223,FOL,,;EvacueeID;7;Triage Status;G;EvacueeID;10;Triage Status;G;EvacueeID;14;Triage Status;G;EvacueeID;16;Triage Status;G;EvacueeID;17;Triage Status;G;EvacueeID;21;Triage Status;G;EvacueeID;27;Triage Status;G;EvacueeID;29;Triage Status;G;EvacueeID;31;Triage Status;G;EvacueeID;35;Triage Status;G;EvacueeID;36;Triage Status;G;EvacueeID;38;Triage Status;G;EvacueeID;42;Triage Status;G;EvacueeID;43;Triage Status;G;EvacueeID;46;Triage Status;G;EvacueeID;47;Triage Status;G;EvacueeID;53;Triage Status;G;EvacueeID;54;Triage Status;G;EvacueeID;56;Triage Status;G;EvacueeID;63;Triage Status;G;EvacueeID;65;Triage Status;G;EvacueeID;68;Triage Status;G;EvacueeID;69;Triage Status;G;EvacueeID;72;Triage Status;G;EvacueeID;73;Triage Status;G;EvacueeID;77;Triage Status;G;EvacueeID;78;Triage Status;G;EvacueeID;82;Triage Status;G;EvacueeID;84;Triage Status;G;EvacueeID;85;Triage Status;G;EvacueeID;88;Triage Status;G;EvacueeID;91;Triage Status;G;EvacueeID;93;Triage Status;G;EvacueeID;94;Triage Status;G;EvacueeID;95;Triage Status;G;EvacueeID;100;Triage Status;G;EvacueeID;106;Triage Status;G;EvacueeID;108;Triage Status;G;EvacueeID;109;Triage Status;G;EvacueeID;112;Triage Status;G;Lives Saved;40
3375,463,evacuee,outFOL,Evacuee 88 in triage category G is not assigned a helicopter
3375,463,evacuee,,Evacuee;88;in triage state;G;is at the FOL
3375,472,evacuee,outFOL,Evacuee 108 in triage category G is not assigned a helicopter
3375,472,evacuee,,Evacuee;108;in triage state;G;is at the FOL
3375,523,evacuee,outFOL,Evacuee 112 in triage category G is not assigned a helicopter
3375,523,evacuee,,Evacuee;112;in triage state;G;is at the FOL
3375,529,evacuee,outFOL,Evacuee 109 in triage category G is not assigned a helicopter
3375,529,evacuee,,Evacuee;109;in triage state;G;is at the FOL
3375,541,evacuee,outFOL,Evacuee 106 in triage category G is not assigned a helicopter
3375,541,evacuee,,Evacuee;106;in triage state;G;is at the FOL
3375,595,evacuee,outFOL,Evacuee 95 in triage category G is not assigned a helicopter
3375,595,evacuee,,Evacuee;95;in triage state;G;is at the FOL
3375,607,evacuee,outFOL,Evacuee 93 in triage category G is not assigned a helicopter
3375,607,evacuee,,Evacuee;93;in triage state;G;is at the FOL
3375,802,evacuee,outFOL,Evacuee 100 in triage category G is not assigned a helicopter
3375,802,evacuee,,Evacuee;100;in triage state;G;is at the FOL
3375,1069,evacuee,outFOL,Evacuee 91 in triage category G is not assigned a helicopter
3375,1069,evacuee,,Evacuee;91;in triage state;G;is at the FOL
3375,1124,evacuee,outFOL,Evacuee 94 in triage category G is not assigned a helicopter
3375,1124,evacuee,,Evacuee;94;in triage state;G;is at the FOL
3375,223,FOL,,;EvacueeID;7;Triage Status;G;EvacueeID;10;Triage Status;G;EvacueeID;14;Triage Status;G;EvacueeID;16;Triage Status;G;EvacueeID;17;Triage Status;G;EvacueeID;21;Triage Status;G;EvacueeID;27;Triage Status;G;EvacueeID;29;Triage Status;G;EvacueeID;31;Triage Status;G;EvacueeID;35;Triage Status;G;EvacueeID;36;Triage Status;G;EvacueeID;38;Triage Status;G;EvacueeID;42;Triage Status;G;EvacueeID;43;Triage Status;G;EvacueeID;46;Triage Status;G;EvacueeID;47;Triage Status;G;EvacueeID;53;Triage Status;G;EvacueeID;54;Triage Status;G;EvacueeID;56;Triage Status;G;EvacueeID;63;Triage Status;G;EvacueeID;65;Triage Status;G;EvacueeID;68;Triage Status;G;EvacueeID;69;Triage Status;G;EvacueeID;72;Triage Status;G;EvacueeID;73;Triage Status;G;EvacueeID;77;Triage Status;G;EvacueeID;78;Triage Status;G;EvacueeID;82;Triage Status;G;EvacueeID;84;Triage Status;G;EvacueeID;85;Triage Status;G;EvacueeID;88;Triage Status;G;EvacueeID;91;Triage Status;G;EvacueeID;93;Triage Status;G;EvacueeID;94;Triage Status;G;EvacueeID;95;Triage Status;G;EvacueeID;100;Triage Status;G;EvacueeID;106;Triage Status;G;EvacueeID;108;Triage Status;G;EvacueeID;109;Triage Status;G;EvacueeID;112;Triage Status;G;Lives Saved;40
3378.97,3,evacueeManager,,OFF SHIP: White;0;Green;91;Yellow;21;Red;6;Black;322;ON SHIP: White;0;Green;0;Yellow;0;Red;0;Evacuees to Transfer;
3378.97,862,evacuee,outES,Evacuee 256 in triage category R is not assigned a helicopter
3378.97,862,evacuee,,Evacuee;256;in triage state;B;is at the evacuation site
3384.77,3,evacueeManager,,OFF SHIP: White;0;Green;91;Yellow;21;Red;5;Black;323;ON SHIP: White;0;Green;0;Yellow;0;Red;0;Evacuees to Transfer;
3384.77,244,evacuee,outES,Evacuee 360 in triage category R is not assigned a helicopter
3384.77,244,evacuee,,Evacuee;360;in triage state;B;is at the evacuation site
3390,1161,helicopter,,Helicopter;1;Is going to the evacuation site;;and has;0;spots taken
3399.78,3,evacueeManager,,OFF SHIP: White;0;Green;91;Yellow;21;Red;4;Black;324;ON SHIP: White;0;Green;0;Yellow;0;Red;0;Evacuees to Transfer;
3399.78,385,evacuee,outES,Evacuee 287 in triage category R is not assigned a helicopter
3399.78,385,evacuee,,Evacuee;287;in triage state;B;is at the evacuation site
3416.67,3,evacueeManager,,OFF SHIP: White;0;Green;90;Yellow;22;Red;4;Black;324;ON SHIP: White;0;Green;0;Yellow;0;Red;0;Evacuees to Transfer;
3416.67,114,evacuee,outES,Evacuee 428 in triage category G is not assigned a helicopter
3416.67,114,evacuee,,Evacuee;428;in triage state;Y;is at the evacuation site
3423.36,3,evacueeManager,,OFF SHIP: White;0;Green;90;Yellow;21;Red;5;Black;324;ON SHIP: White;0;Green;0;Yellow;0;Red;0;Evacuees to Transfer;
3423.36,985,evacuee,outES,Evacuee 154 in triage category Y is not assigned a helicopter
3423.36,985,evacuee,,Evacuee;154;in triage state;R;is at the evacuation site
3432.74,3,evacueeManager,,OFF SHIP: White;0;Green;90;Yellow;20;Red;6;Black;324;ON SHIP: White;0;Green;0;Yellow;0;Red;0;Evacuees to Transfer;
3432.74,1257,evacuee,outES,Evacuee 162 in triage category Y is not assigned a helicopter
3432.74,1257,evacuee,,Evacuee;162;in triage state;R;is at the evacuation site
3435,7,filterLoc,,
3435,10,filterLoc,,
3435,13,filterLoc,,
3435,16,filterLoc,,
3435,19,filterLoc,,
3435,22,filterLoc,,
3435,25,filterLoc,,
3435,28,filterLoc,,
3435,31,filterLoc,,
3435,34,filterLoc,,
3435,37,filterLoc,,
3435,40,filterLoc,,
3435,43,filterLoc,,
3435,46,filterLoc,,
3435,49,filterLoc,,
3435,52,filterLoc,,
3435,55,filterLoc,,
3435,58,filterLoc,,
3435,61,filterLoc,,
3435,64,filterLoc,,
3435,67,filterLoc,,
3435,70,filterLoc,,
3435,73,filterLoc,,
3435,76,filterLoc,,
3435,79,filterLoc,,
3435,82,filterLoc,,
3435,85,filterLoc,,
3435,88,filterLoc,,
3435,91,filterLoc,,
3435,94,filterLoc,,
3435,97,filterLoc,,
3435,100,filterLoc,,
3435,107,filterLoc,,
3435,110,filterLoc,,
3435,113,filterLoc,,
3435,116,filterLoc,,
3435,119,filterLoc,,
3435,122,filterLoc,,
3435,125,filterLoc,,
3435,128,filterLoc,,
3435,131,filterLoc,,
3435,134,filterLoc,,
3435,137,filterLoc,,
3435,140,filterLoc,,
3435,143,filterLoc,,
3435,146,filterLoc,,
3435,149,filterLoc,,
3435,152,filterLoc,,
3435,155,filterLoc,,
3435,158,filterLoc,,
3435,161,filterLoc,,
3435,164,filterLoc,,
3435,167,filterLoc,,
3435,170,filterLoc,,
3435,173,filterLoc,,
3435,176,filterLoc,,
3435,179,filterLoc,,
3435,182,filterLoc,,
3435,185,filterLoc,,
3435,188,filterLoc,,
3435,191,filterLoc,,
3435,194,filterLoc,,
3435,197,filterLoc,,
3435,200,filterLoc,,
3435,203,filterLoc,,
3435,206,filterLoc,,
3435,209,filterLoc,,
3435,212,filterLoc,,
3435,215,filterLoc,,
3435,218,filterLoc,,
3435,221,filterLoc,,
3435,225,filterLoc,,
3435,228,filterLoc,,
3435,231,filterLoc,,
3435,234,filterLoc,,
3435,237,filterLoc,,
3435,240,filterLoc,,
3435,243,filterLoc,,
3435,246,filterLoc,,
3435,249,filterLoc,,
3435,252,filterLoc,,
3435,255,filterLoc,,
3435,258,filterLoc,,
3435,261,filterLoc,,
3435,264,filterLoc,,
3435,267,filterLoc,,
3435,270,filterLoc,,
3435,273,filterLoc,,
3435,276,filterLoc,,
3435,279,filterLoc,,
3435,282,filterLoc,,
3435,285,filterLoc,,
3435,288,filterLoc,,
3435,291,filterLoc,,
3435,294,filterLoc,,
3435,297,filterLoc,,
3435,300,filterLoc,,
3435,303,filterLoc,,
3435,306,filterLoc,,
3435,309,filterLoc,,
3435,312,filterLoc,,
3435,315,filterLoc,,
3435,318,filterLoc,,
3435,321,filterLoc,,
3435,324,filterLoc,,
3435,327,filterLoc,,
3435,330,filterLoc,,
3435,333,filterLoc,,
3435,336,filterLoc,,
3435,339,filterLoc,,
3435,342,filterLoc,,
3435,345,filterLoc,,
3435,348,filterLoc,,
3435,351,filterLoc,,
3435,354,filterLoc,,
3435,357,filterLoc,,
3435,360,filterLoc,,
3435,363,filterLoc,,
3435,366,filterLoc,,
3435,369,filterLoc,,
3435,372,filterLoc,,
3435,375,filterLoc,,
3435,378,filterLoc,,
3435,381,filterLoc,,
3435,384,filterLoc,,
3435,387,filterLoc,,
3435,390,filterLoc,,
3435,393,filterLoc,,
3435,396,filterLoc,,
3435,399,filterLoc,,
3435,402,filterLoc,,
3435,405,filterLoc,,
3435,408,filterLoc,,
3435,411,filterLoc,,
3435,414,filterLoc,,
3435,417,filterLoc,,
3435,420,filterLoc,,
3435,423,filterLoc,,
3435,426,filterLoc,,
3435,429,filterLoc,,
3435,432,filterLoc,,
3435,435,filterLoc,,
3435,438,filterLoc,,
3435,441,filterLoc,,
3435,444,filterLoc,,
3435,447,filterLoc,,
3435,450,filterLoc,,
3435,453,filterLoc,,
3435,456,filterLoc,,;Evacuee;114;in triage category;G;is leaving helicopter;2
3435,459,filterLoc,,
3435,462,filterLoc,,
3435,465,filterLoc,,
3435,468,filterLoc,,;Evacuee;122;in triage category;G;is leaving helicopter;2
3435,471,filterLoc,,
3435,474,filterLoc,,
3435,477,filterLoc,,
3435,480,filterLoc,,
3435,483,filterLoc,,
3435,486,filterLoc,,
3435,489,filterLoc,,
3435,492,filterLoc,,
3435,495,filterLoc,,
3435,498,filterLoc,,
3435,501,filterLoc,,
3435,504,filterLoc,,
3435,507,filterLoc,,
3435,510,filterLoc,,
3435,513,filterLoc,,
3435,516,filterLoc,,
3435,519,filterLoc,,
3435,522,filterLoc,,
3435,525,filterLoc,,
3435,528,filterLoc,,
3435,531,filterLoc,,
3435,534,filterLoc,,
3435,537,filterLoc,,
3435,540,filterLoc,,
3435,543,filterLoc,,
3435,546,filterLoc,,
3435,549,filterLoc,,
3435,552,filterLoc,,
3435,555,filterLoc,,
3435,558,filterLoc,,
3435,561,filterLoc,,
3435,564,filterLoc,,
3435,567,filterLoc,,
3435,570,filterLoc,,
3435,573,filterLoc,,
3435,576,filterLoc,,
3435,579,filterLoc,,
3435,582,filterLoc,,
3435,585,filterLoc,,
3435,588,filterLoc,,
3435,591,filterLoc,,
3435,594,filterLoc,,
3435,597,filterLoc,,
3435,600,filterLoc,,
3435,603,filterLoc,,
3435,606,filterLoc,,
3435,609,filterLoc,,;Evacuee;136;in triage category;G;is leaving helicopter;2
3435,612,filterLoc,,
3435,615,filterLoc,,
3435,618,filterLoc,,
3435,621,filterLoc,,
3435,624,filterLoc,,
3435,627,filterLoc,,
3435,630,filterLoc,,
3435,633,filterLoc,,
3435,636,filterLoc,,
3435,639,filterLoc,,
3435,642,filterLoc,,
3435,645,filterLoc,,
3435,648,filterLoc,,
3435,651,filterLoc,,
3435,654,filterLoc,,
3435,657,filterLoc,,
3435,660,filterLoc,,
3435,663,filterLoc,,
3435,666,filterLoc,,
3435,669,filterLoc,,
3435,672,filterLoc,,
3435,675,filterLoc,,
3435,678,filterLoc,,
3435,681,filterLoc,,
3435,684,filterLoc,,
3435,687,filterLoc,,
3435,690,filterLoc,,
3435,693,filterLoc,,
3435,696,filterLoc,,
3435,699,filterLoc,,
3435,702,filterLoc,,
3435,705,filterLoc,,
3435,708,filterLoc,,
3435,711,filterLoc,,
3435,714,filterLoc,,
3435,717,filterLoc,,
3435,720,filterLoc,,
3435,723,filterLoc,,
3435,726,filterLoc,,
3435,729,filterLoc,,
3435,732,filterLoc,,
3435,735,filterLoc,,
3435,738,filterLoc,,
3435,741,filterLoc,,
3435,744,filterLoc,,
3435,747,filterLoc,,
3435,750,filterLoc,,
3435,753,filterLoc,,
3435,756,filterLoc,,
3435,759,filterLoc,,
3435,762,filterLoc,,
3435,765,filterLoc,,
3435,768,filterLoc,,
3435,771,filterLoc,,
3435,774,filterLoc,,
3435,777,filterLoc,,
3435,780,filterLoc,,
3435,783,filterLoc,,
3435,786,filterLoc,,
3435,789,filterLoc,,
3435,792,filterLoc,,
3435,795,filterLoc,,
3435,798,filterLoc,,
3435,801,filterLoc,,
3435,804,filterLoc,,
3435,807,filterLoc,,
3435,810,filterLoc,,
3435,813,filterLoc,,
3435,816,filterLoc,,
3435,819,filterLoc,,
3435,822,filterLoc,,
3435,825,filterLoc,,
3435,828,filterLoc,,
3435,831,filterLoc,,
3435,834,filterLoc,,
3435,837,filterLoc,,
3435,840,filterLoc,,
3435,843,filterLoc,,
3435,846,filterLoc,,
3435,849,filterLoc,,
3435,852,filterLoc,,
3435,855,filterLoc,,
3435,858,filterLoc,,
3435,861,filterLoc,,
3435,864,filterLoc,,
3435,867,filterLoc,,
3435,870,filterLoc,,
3435,873,filterLoc,,
3435,876,filterLoc,,
3435,879,filterLoc,,
3435,882,filterLoc,,
3435,885,filterLoc,,
3435,888,filterLoc,,
3435,891,filterLoc,,
3435,894,filterLoc,,
3435,897,filterLoc,,
3435,900,filterLoc,,
3435,903,filterLoc,,
3435,906,filterLoc,,
3435,909,filterLoc,,
3435,912,filterLoc,,
3435,915,filterLoc,,
3435,918,filterLoc,,
3435,921,filterLoc,,
3435,924,filterLoc,,
3435,927,filterLoc,,;Evacuee;132;in triage category;G;is leaving helicopter;2
3435,930,filterLoc,,
3435,933,filterLoc,,
3435,936,filterLoc,,
3435,939,filterLoc,,
3435,942,filterLoc,,
3435,945,filterLoc,,
3435,948,filterLoc,,
3435,951,filterLoc,,
3435,954,filterLoc,,
3435,957,filterLoc,,
3435,960,filterLoc,,
3435,963,filterLoc,,
3435,966,filterLoc,,
3435,969,filterLoc,,
3435,972,filterLoc,,
3435,975,filterLoc,,
3435,978,filterLoc,,
3435,981,filterLoc,,
3435,984,filterLoc,,
3435,987,filterLoc,,
3435,990,filterLoc,,
3435,993,filterLoc,,
3435,996,filterLoc,,
3435,999,filterLoc,,
3435,1002,filterLoc,,
3435,1005,filterLoc,,
3435,1008,filterLoc,,
3435,1011,filterLoc,,
3435,1014,filterLoc,,
3435,1017,filterLoc,,
3435,1020,filterLoc,,
3435,1023,filterLoc,,
3435,1026,filterLoc,,
3435,1029,filterLoc,,
3435,1032,filterLoc,,
3435,1035,filterLoc,,
3435,1038,filterLoc,,
3435,1041,filterLoc,,
3435,1044,filterLoc,,
3435,1047,filterLoc,,
3435,1050,filterLoc,,
3435,1053,filterLoc,,
3435,1056,filterLoc,,
3435,1059,filterLoc,,
3435,1062,filterLoc,,
3435,1065,filterLoc,,
3435,1068,filterLoc,,
3435,1071,filterLoc,,
3435,1074,filterLoc,,
3435,1077,filterLoc,,
3435,1080,filterLoc,,
3435,1083,filterLoc,,
3435,1086,filterLoc,,
3435,1089,filterLoc,,
3435,1092,filterLoc,,
3435,1095,filterLoc,,
3435,1098,filterLoc,,
3435,1101,filterLoc,,
3435,1104,filterLoc,,
3435,1107,filterLoc,,
3435,1110,filterLoc,,
3435,1113,filterLoc,,
3435,1116,filterLoc,,
3435,1121,helicopter,outEvac,Evacuee 113 in triage category G is not assigned a helicopter
3435,1121,helicopter,outEvac,Evacuee 114 in triage category G is not assigned a helicopter
3435,1121,helicopter,outEvac,Evacuee 122 in triage category G is not assigned a helicopter
3435,1121,helicopter,outEvac,Evacuee 130 in triage category G is not assigned a helicopter
3435,1121,helicopter,outEvac,Evacuee 132 in triage category G is not assigned a helicopter
3435,1121,helicopter,outEvac,Evacuee 136 in triage category G is not assigned a helicopter
3435,1121,helicopter,outEvac,Evacuee 137 in triage category G is not assigned a helicopter
3435,1121,helicopter,outEvac,Evacuee 138 in triage category G is not assigned a helicopter
3435,1121,helicopter,outEvac,Evacuee 139 in triage category G is not assigned a helicopter
3435,1121,helicopter,outEvac,Evacuee 140 in triage category G is not assigned a helicopter
3435,1121,helicopter,,Helicopter;2;is unloading people at the FOL;;and has;0;spots taken
3435,1123,filterLoc,,
3435,1126,filterLoc,,
3435,1129,filterLoc,,
3435,1132,filterLoc,,
3435,1135,filterLoc,,
3435,1138,filterLoc,,
3435,1141,filterLoc,,
3435,1144,filterLoc,,
3435,1147,filterLoc,,
3435,1150,filterLoc,,
3435,1153,filterLoc,,
3435,1156,filterLoc,,
3435,1163,filterLoc,,
3435,1166,filterLoc,,
3435,1169,filterLoc,,
3435,1172,filterLoc,,
3435,1175,filterLoc,,
3435,1178,filterLoc,,
3435,1181,filterLoc,,
3435,1184,filterLoc,,
3435,1187,filterLoc,,
3435,1190,filterLoc,,
3435,1193,filterLoc,,;Evacuee;137;in triage category;G;is leaving helicopter;2
3435,1196,filterLoc,,;Evacuee;138;in triage category;G;is leaving helicopter;2
3435,1199,filterLoc,,
3435,1202,filterLoc,,;Evacuee;139;in triage category;G;is leaving helicopter;2
3435,1205,filterLoc,,
3435,1208,filterLoc,,;Evacuee;140;in triage category;G;is leaving helicopter;2
3435,1211,filterLoc,,;Evacuee;130;in triage category;G;is leaving helicopter;2
3435,1214,filterLoc,,
3435,1217,filterLoc,,
3435,1220,filterLoc,,
3435,1223,filterLoc,,
3435,1226,filterLoc,,
3435,1229,filterLoc,,
3435,1232,filterLoc,,
3435,1235,filterLoc,,
3435,1238,filterLoc,,
3435,1241,filterLoc,,
3435,1244,filterLoc,,
3435,1247,filterLoc,,
3435,1250,filterLoc,,
3435,1253,filterLoc,,
3435,1256,filterLoc,,
3435,1259,filterLoc,,
3435,1262,filterLoc,,
3435,1265,filterLoc,,
3435,1268,filterLoc,,
3435,1271,filterLoc,,
3435,1274,filterLoc,,
3435,1277,filterLoc,,
3435,1280,filterLoc,,
3435,1283,filterLoc,,
3435,1286,filterLoc,,
3435,1289,filterLoc,,
3435,1292,filterLoc,,
3435,1295,filterLoc,,
3435,1298,filterLoc,,
3435,1301,filterLoc,,
3435,1304,filterLoc,,
3435,1307,filterLoc,,
3435,1310,filterLoc,,
3435,1313,filterLoc,,
3435,1316,filterLoc,,
3435,1319,filterLoc,,
3435,1322,filterLoc,,
3435,1325,filterLoc,,
3435,1328,filterLoc,,
3435,1331,filterLoc,,
3435,1334,filterLoc,,
3435,1337,filterLoc,,
3435,1340,filterLoc,,
3435,1343,filterLoc,,
3435,1346,filterLoc,,
3435,1349,filterLoc,,
3435,1352,filterLoc,,
3435,1355,filterLoc,,
3435,1358,filterLoc,,
3435,1361,filterLoc,,
3435,1364,filterLoc,,
3435,1367,filterLoc,,
3435,1370,filterLoc,,
3435,1373,filterLoc,,
3435,1376,filterLoc,,
3435,1379,filterLoc,,
3435,1382,filterLoc,,
3435,1385,filterLoc,,
3435,1388,filterLoc,,
3435,1391,filterLoc,,
3435,1394,filterLoc,,
3435,1397,filterLoc,,
3435,1400,filterLoc,,
3435,1403,filterLoc,,
3435,1406,filterLoc,,
3435,1409,filterLoc,,
3435,1412,filterLoc,,
3435,1415,filterLoc,,
3435,1418,filterLoc,,
3435,1421,filterLoc,,
3435,1424,filterLoc,,
3435,1427,filterLoc,,
3435,1430,filterLoc,,
3435,1433,filterLoc,,
3435,1436,filterLoc,,
3435,1439,filterLoc,,
3435,1442,filterLoc,,
3435,1445,filterLoc,,
3435,1448,filterLoc,,
3435,1451,filterLoc,,
3435,1454,filterLoc,,
3435,1457,filterLoc,,
3435,1460,filterLoc,,
3435,1463,filterLoc,,
3435,1466,filterLoc,,
3435,1469,filterLoc,,
3435,1472,filterLoc,,
3435,1475,filterLoc,,
3435,1478,filterLoc,,;Evacuee;113;in triage category;G;is leaving helicopter;2
3435,1481,filterLoc,,
3435,1484,filterLoc,,
3435,1487,filterLoc,,
3435,1490,filterLoc,,
3435,1493,filterLoc,,
3435,1496,filterLoc,,
3435,1499,filterLoc,,
3435,1502,filterLoc,,
3435,1505,filterLoc,,
3435,1508,filterLoc,,
3435,1511,filterLoc,,
3435,1514,filterLoc,,
3435,1517,filterLoc,,
3435,456,filterLoc,out,Evacuee 114 in triage category G is not assigned a helicopter
3435,456,filterLoc,,
3435,457,evacuee,,Evacuee;114;in triage state;G;is entering the FOL
3435,468,filterLoc,out,Evacuee 122 in triage category G is not assigned a helicopter
3435,468,filterLoc,,
3435,469,evacuee,,Evacuee;122;in triage state;G;is entering the FOL
3435,609,filterLoc,out,Evacuee 136 in triage category G is not assigned a helicopter
3435,609,filterLoc,,
3435,610,evacuee,,Evacuee;136;in triage state;G;is entering the FOL
3435,927,filterLoc,out,Evacuee 132 in triage category G is not assigned a helicopter
3435,927,filterLoc,,
3435,928,evacuee,,Evacuee;132;in triage state;G;is entering the FOL
3435,1193,filterLoc,out,Evacuee 137 in triage category G is not assigned a helicopter
3435,1193,filterLoc,,
3435,1194,evacuee,,Evacuee;137;in triage state;G;is entering the FOL
3435,1196,filterLoc,out,Evacuee 138 in triage category G is not assigned a helicopter
3435,1196,filterLoc,,
3435,1197,evacuee,,Evacuee;138;in triage state;G;is entering the FOL
3435,1202,filterLoc,out,Evacuee 139 in triage category G is not assigned a helicopter
3435,1202,filterLoc,,
3435,1203,evacuee,,Evacuee;139;in triage state;G;is entering the FOL
3435,1208,filterLoc,out,Evacuee 140 in triage category G is not assigned a helicopter
3435,1208,filterLoc,,
3435,1209,evacuee,,Evacuee;140;in triage state;G;is entering the FOL
3435,1211,filterLoc,out,Evacuee 130 in triage category G is not assigned a helicopter
3435,1211,filterLoc,,
3435,1212,evacuee,,Evacuee;130;in triage state;G;is entering the FOL
3435,1478,filterLoc,out,Evacuee 113 in triage category G is not assigned a helicopter
3435,1478,filterLoc,,
3435,1479,evacuee,,Evacuee;113;in triage state;G;is entering the FOL
3435,223,FOL,,;EvacueeID;7;Triage Status;G;EvacueeID;10;Triage Status;G;EvacueeID;14;Triage Status;G;EvacueeID;16;Triage Status;G;EvacueeID;17;Triage Status;G;EvacueeID;21;Triage Status;G;EvacueeID;27;Triage Status;G;EvacueeID;29;Triage Status;G;EvacueeID;31;Triage Status;G;EvacueeID;35;Triage Status;G;EvacueeID;36;Triage Status;G;EvacueeID;38;Triage Status;G;EvacueeID;42;Triage Status;G;EvacueeID;43;Triage Status;G;EvacueeID;46;Triage Status;G;EvacueeID;47;Triage Status;G;EvacueeID;53;Triage Status;G;EvacueeID;54;Triage Status;G;EvacueeID;56;Triage Status;G;EvacueeID;63;Triage Status;G;EvacueeID;65;Triage Status;G;EvacueeID;68;Triage Status;G;EvacueeID;69;Triage Status;G;EvacueeID;72;Triage Status;G;EvacueeID;73;Triage Status;G;EvacueeID;77;Triage Status;G;EvacueeID;78;Triage Status;G;EvacueeID;82;Triage Status;G;EvacueeID;84;Triage Status;G;EvacueeID;85;Triage Status;G;EvacueeID;88;Triage Status;G;EvacueeID;91;Triage Status;G;EvacueeID;93;Triage Status;G;EvacueeID;94;Triage Status;G;EvacueeID;95;Triage Status;G;EvacueeID;100;Triage Status;G;EvacueeID;106;Triage Status;G;EvacueeID;108;Triage Status;G;EvacueeID;109;Triage Status;G;EvacueeID;112;Triage Status;G;EvacueeID;113;Triage Status;G;EvacueeID;114;Triage Status;G;EvacueeID;122;Triage Status;G;EvacueeID;130;Triage Status;G;EvacueeID;132;Triage Status;G;EvacueeID;136;Triage Status;G;EvacueeID;137;Triage Status;G;EvacueeID;138;Triage Status;G;EvacueeID;139;Triage Status;G;EvacueeID;140;Triage Status;G;Lives Saved;50
3435,457,evacuee,outFOL,Evacuee 114 in triage category G is not assigned a helicopter
3435,457,evacuee,,Evacuee;114;in triage state;G;is at the FOL
3435,469,evacuee,outFOL,Evacuee 122 in triage category G is not assigned a helicopter
3435,469,evacuee,,Evacuee;122;in triage state;G;is at the FOL
3435,610,evacuee,outFOL,Evacuee 136 in triage category G is not assigned a helicopter
3435,610,evacuee,,Evacuee;136;in triage state;G;is at the FOL
3435,928,evacuee,outFOL,Evacuee 132 in triage category G is not assigned a helicopter
3435,928,evacuee,,Evacuee;132;in triage state;G;is at the FOL
3435,1194,evacuee,outFOL,Evacuee 137 in triage category G is not assigned a helicopter
3435,1194,evacuee,,Evacuee;137;in triage state;G;is at the FOL
3435,1197,evacuee,outFOL,Evacuee 138 in triage category G is not assigned a helicopter
3435,1197,evacuee,,Evacuee;138;in triage state;G;is at the FOL
3435,1203,evacuee,outFOL,Evacuee 139 in triage category G is not assigned a helicopter
3435,1203,evacuee,,Evacuee;139;in triage state;G;is at the FOL
3435,1209,evacuee,outFOL,Evacuee 140 in triage category G is not assigned a helicopter
3435,1209,evacuee,,Evacuee;140;in triage state;G;is at the FOL
3435,1212,evacuee,outFOL,Evacuee 130 in triage category G is not assigned a helicopter
3435,1212,evacuee,,Evacuee;130;in triage state;G;is at the FOL
3435,1479,evacuee,outFOL,Evacuee 113 in triage category G is not assigned a helicopter
3435,1479,evacuee,,Evacuee;113;in triage state;G;is at the FOL
3435,223,FOL,,;EvacueeID;7;Triage Status;G;EvacueeID;10;Triage Status;G;EvacueeID;14;Triage Status;G;EvacueeID;16;Triage Status;G;EvacueeID;17;Triage Status;G;EvacueeID;21;Triage Status;G;EvacueeID;27;Triage Status;G;EvacueeID;29;Triage Status;G;EvacueeID;31;Triage Status;G;EvacueeID;35;Triage Status;G;EvacueeID;36;Triage Status;G;EvacueeID;38;Triage Status;G;EvacueeID;42;Triage Status;G;EvacueeID;43;Triage Status;G;EvacueeID;46;Triage Status;G;EvacueeID;47;Triage Status;G;EvacueeID;53;Triage Status;G;EvacueeID;54;Triage Status;G;EvacueeID;56;Triage Status;G;EvacueeID;63;Triage Status;G;EvacueeID;65;Triage Status;G;EvacueeID;68;Triage Status;G;EvacueeID;69;Triage Status;G;EvacueeID;72;Triage Status;G;EvacueeID;73;Triage Status;G;EvacueeID;77;Triage Status;G;EvacueeID;78;Triage Status;G;EvacueeID;82;Triage Status;G;EvacueeID;84;Triage Status;G;EvacueeID;85;Triage Status;G;EvacueeID;88;Triage Status;G;EvacueeID;91;Triage Status;G;EvacueeID;93;Triage Status;G;EvacueeID;94;Triage Status;G;EvacueeID;95;Triage Status;G;EvacueeID;100;Triage Status;G;EvacueeID;106;Triage Status;G;EvacueeID;108;Triage Status;G;EvacueeID;109;Triage Status;G;EvacueeID;112;Triage Status;G;EvacueeID;113;Triage Status;G;EvacueeID;114;Triage Status;G;EvacueeID;122;Triage Status;G;EvacueeID;130;Triage Status;G;EvacueeID;132;Triage Status;G;EvacueeID;136;Triage Status;G;EvacueeID;137;Triage Status;G;EvacueeID;138;Triage Status;G;EvacueeID;139;Triage Status;G;EvacueeID;140;Triage Status;G;Lives Saved;50
3435.92,3,evacueeManager,,OFF SHIP: White;0;Green;90;Yellow;20;Red;5;Black;325;ON SHIP: White;0;Green;0;Yellow;0;Red;0;Evacuees to Transfer;
3435.92,979,evacuee,outES,Evacuee 41 in triage category R is not assigned a helicopter
3435.92,979,evacuee,,Evacuee;41;in triage state;B;is at the evacuation site
3440.14,3,evacueeManager,,OFF SHIP: White;0;Green;90;Yellow;20;Red;4;Black;326;ON SHIP: White;0;Green;0;Yellow;0;Red;0;Evacuees to Transfer;
3440.14,1257,evacuee,outES,Evacuee 162 in triage category R is not assigned a helicopter
3440.14,1257,evacuee,,Evacuee;162;in triage state;B;is at the evacuation site
3446.89,3,evacueeManager,,OFF SHIP: White;0;Green;90;Yellow;20;Red;3;Black;327;ON SHIP: White;0;Green;0;Yellow;0;Red;0;Evacuees to Transfer;
3446.89,850,evacuee,outES,Evacuee 240 in triage category R is not assigned a helicopter
3446.89,850,evacuee,,Evacuee;240;in triage state;B;is at the evacuation site
3449.37,3,evacueeManager,,OFF SHIP: White;0;Green;90;Yellow;20;Red;2;Black;328;ON SHIP: White;0;Green;0;Yellow;0;Red;0;Evacuees to Transfer;
3449.37,916,evacuee,outES,Evacuee 359 in triage category R is not assigned a helicopter
3449.37,916,evacuee,,Evacuee;359;in triage state;B;is at the evacuation site
3450,1121,helicopter,,Helicopter;2;Is going to the evacuation site;;and has;0;spots taken
3454.36,3,evacueeManager,,OFF SHIP: White;0;Green;89;Yellow;21;Red;2;Black;328;ON SHIP: White;0;Green;0;Yellow;0;Red;0;Evacuees to Transfer;
3454.36,388,evacuee,outES,Evacuee 415 in triage category G is not assigned a helicopter
3454.36,388,evacuee,,Evacuee;415;in triage state;Y;is at the evacuation site
3471.04,3,evacueeManager,,OFF SHIP: White;0;Green;89;Yellow;20;Red;3;Black;328;ON SHIP: White;0;Green;0;Yellow;0;Red;0;Evacuees to Transfer;
3471.04,250,evacuee,outES,Evacuee 354 in triage category Y is not assigned a helicopter
3471.04,250,evacuee,,Evacuee;354;in triage state;R;is at the evacuation site
3473.65,3,evacueeManager,,OFF SHIP: White;0;Green;89;Yellow;20;Red;2;Black;329;ON SHIP: White;0;Green;0;Yellow;0;Red;0;Evacuees to Transfer;
3473.65,442,evacuee,outES,Evacuee 264 in triage category R is not assigned a helicopter
3473.65,442,evacuee,,Evacuee;264;in triage state;B;is at the evacuation site
3478.36,3,evacueeManager,,OFF SHIP: White;0;Green;88;Yellow;21;Red;2;Black;329;ON SHIP: White;0;Green;0;Yellow;0;Red;0;Evacuees to Transfer;
3478.36,183,evacuee,outES,Evacuee 430 in triage category G is not assigned a helicopter
3478.36,183,evacuee,,Evacuee;430;in triage state;Y;is at the evacuation site
3485.54,3,evacueeManager,,OFF SHIP: White;0;Green;87;Yellow;22;Red;2;Black;329;ON SHIP: White;0;Green;0;Yellow;0;Red;0;Evacuees to Transfer;
3485.54,919,evacuee,outES,Evacuee 286 in triage category G is not assigned a helicopter
3485.54,919,evacuee,,Evacuee;286;in triage state;Y;is at the evacuation site
3488.27,3,evacueeManager,,OFF SHIP: White;0;Green;87;Yellow;21;Red;3;Black;329;ON SHIP: White;0;Green;0;Yellow;0;Red;0;Evacuees to Transfer;
3488.27,793,evacuee,outES,Evacuee 473 in triage category Y is not assigned a helicopter
3488.27,793,evacuee,,Evacuee;473;in triage state;R;is at the evacuation site
3495,7,filterLoc,,
3495,10,filterLoc,,
3495,13,filterLoc,,
3495,16,filterLoc,,
3495,19,filterLoc,,
3495,22,filterLoc,,
3495,25,filterLoc,,
3495,28,filterLoc,,
3495,31,filterLoc,,
3495,34,filterLoc,,
3495,37,filterLoc,,
3495,40,filterLoc,,
3495,43,filterLoc,,
3495,46,filterLoc,,
3495,49,filterLoc,,
3495,52,filterLoc,,
3495,55,filterLoc,,
3495,58,filterLoc,,
3495,61,filterLoc,,
3495,64,filterLoc,,
3495,67,filterLoc,,
3495,70,filterLoc,,
3495,73,filterLoc,,
3495,76,filterLoc,,
3495,79,filterLoc,,
3495,82,filterLoc,,
3495,85,filterLoc,,
3495,88,filterLoc,,
3495,91,filterLoc,,
3495,94,filterLoc,,
3495,97,filterLoc,,
3495,100,filterLoc,,
3495,105,helicopter,outEvac,Evacuee 146 in triage category G is not assigned a helicopter
3495,105,helicopter,outEvac,Evacuee 147 in triage category G is not assigned a helicopter
3495,105,helicopter,outEvac,Evacuee 155 in triage category G is not assigned a helicopter
3495,105,helicopter,outEvac,Evacuee 156 in triage category G is not assigned a helicopter
3495,105,helicopter,outEvac,Evacuee 158 in triage category G is not assigned a helicopter
3495,105,helicopter,outEvac,Evacuee 163 in triage category G is not assigned a helicopter
3495,105,helicopter,outEvac,Evacuee 165 in triage category G is not assigned a helicopter
3495,105,helicopter,outEvac,Evacuee 166 in triage category G is not assigned a helicopter
3495,105,helicopter,outEvac,Evacuee 175 in triage category G is not assigned a helicopter
3495,105,helicopter,outEvac,Evacuee 178 in triage category G is not assigned a helicopter
3495,105,helicopter,,Helicopter;3;is unloading people at the FOL;;and has;0;spots taken
3495,107,filterLoc,,
3495,110,filterLoc,,
3495,113,filterLoc,,
3495,116,filterLoc,,
3495,119,filterLoc,,
3495,122,filterLoc,,
3495,125,filterLoc,,
3495,128,filterLoc,,
3495,131,filterLoc,,
3495,134,filterLoc,,
3495,137,filterLoc,,
3495,140,filterLoc,,
3495,143,filterLoc,,
3495,146,filterLoc,,
3495,149,filterLoc,,
3495,152,filterLoc,,
3495,155,filterLoc,,
3495,158,filterLoc,,
3495,161,filterLoc,,
3495,164,filterLoc,,
3495,167,filterLoc,,
3495,170,filterLoc,,
3495,173,filterLoc,,
3495,176,filterLoc,,
3495,179,filterLoc,,
3495,182,filterLoc,,
3495,185,filterLoc,,
3495,188,filterLoc,,
3495,191,filterLoc,,
3495,194,filterLoc,,
3495,197,filterLoc,,
3495,200,filterLoc,,
3495,203,filterLoc,,
3495,206,filterLoc,,
3495,209,filterLoc,,
3495,212,filterLoc,,
3495,215,filterLoc,,
3495,218,filterLoc,,
3495,221,filterLoc,,
3495,225,filterLoc,,
3495,228,filterLoc,,
3495,231,filterLoc,,
3495,234,filterLoc,,
3495,237,filterLoc,,
3495,240,filterLoc,,
3495,243,filterLoc,,
3495,246,filterLoc,,
3495,249,filterLoc,,
3495,252,filterLoc,,
3495,255,filterLoc,,
3495,258,filterLoc,,
3495,261,filterLoc,,
3495,264,filterLoc,,
3495,267,filterLoc,,
3495,270,filterLoc,,
3495,273,filterLoc,,
3495,276,filterLoc,,
3495,279,filterLoc,,
3495,282,filterLoc,,
3495,285,filterLoc,,
3495,288,filterLoc,,
3495,291,filterLoc,,
3495,294,filterLoc,,
3495,297,filterLoc,,
3495,300,filterLoc,,
3495,303,filterLoc,,
3495,306,filterLoc,,
3495,309,filterLoc,,
3495,312,filterLoc,,
3495,315,filterLoc,,
3495,318,filterLoc,,
3495,321,filterLoc,,
3495,324,filterLoc,,
3495,327,filterLoc,,
3495,330,filterLoc,,
3495,333,filterLoc,,
3495,336,filterLoc,,
3495,339,filterLoc,,
3495,342,filterLoc,,
3495,345,filterLoc,,
3495,348,filterLoc,,
3495,351,filterLoc,,
3495,354,filterLoc,,
3495,357,filterLoc,,
3495,360,filterLoc,,
3495,363,filterLoc,,
3495,366,filterLoc,,
3495,369,filterLoc,,
3495,372,filterLoc,,
3495,375,filterLoc,,
3495,378,filterLoc,,
3495,381,filterLoc,,
3495,384,filterLoc,,
3495,387,filterLoc,,
3495,390,filterLoc,,
3495,393,filterLoc,,
3495,396,filterLoc,,
3495,399,filterLoc,,
3495,402,filterLoc,,
3495,405,filterLoc,,
3495,408,filterLoc,,
3495,411,filterLoc,,
3495,414,filterLoc,,
3495,417,filterLoc,,
3495,420,filterLoc,,
3495,423,filterLoc,,
3495,426,filterLoc,,
3495,429,filterLoc,,
3495,432,filterLoc,,
3495,435,filterLoc,,
3495,438,filterLoc,,
3495,441,filterLoc,,
3495,444,filterLoc,,
3495,447,filterLoc,,
3495,450,filterLoc,,
3495,453,filterLoc,,
3495,456,filterLoc,,
3495,459,filterLoc,,
3495,462,filterLoc,,
3495,465,filterLoc,,
3495,468,filterLoc,,
3495,471,filterLoc,,
3495,474,filterLoc,,
3495,477,filterLoc,,
3495,480,filterLoc,,
3495,483,filterLoc,,
3495,486,filterLoc,,
3495,489,filterLoc,,
3495,492,filterLoc,,
3495,495,filterLoc,,
3495,498,filterLoc,,
3495,501,filterLoc,,
3495,504,filterLoc,,
3495,507,filterLoc,,
3495,510,filterLoc,,
3495,513,filterLoc,,
3495,516,filterLoc,,
3495,519,filterLoc,,
3495,522,filterLoc,,
3495,525,filterLoc,,
3495,528,filterLoc,,
3495,531,filterLoc,,
3495,534,filterLoc,,
3495,537,filterLoc,,
3495,540,filterLoc,,
3495,543,filterLoc,,
3495,546,filterLoc,,
3495,549,filterLoc,,
3495,552,filterLoc,,
3495,555,filterLoc,,
3495,558,filterLoc,,
3495,561,filterLoc,,
3495,564,filterLoc,,
3495,567,filterLoc,,
3495,570,filterLoc,,
3495,573,filterLoc,,
3495,576,filterLoc,,
3495,579,filterLoc,,
3495,582,filterLoc,,
3495,585,filterLoc,,
3495,588,filterLoc,,
3495,591,filterLoc,,
3495,594,filterLoc,,
3495,597,filterLoc,,
3495,600,filterLoc,,
3495,603,filterLoc,,
3495,606,filterLoc,,
3495,609,filterLoc,,
3495,612,filterLoc,,
3495,615,filterLoc,,
3495,618,filterLoc,,
3495,621,filterLoc,,
3495,624,filterLoc,,
3495,627,filterLoc,,
3495,630,filterLoc,,
3495,633,filterLoc,,
3495,636,filterLoc,,
3495,639,filterLoc,,
3495,642,filterLoc,,
3495,645,filterLoc,,
3495,648,filterLoc,,
3495,651,filterLoc,,
3495,654,filterLoc,,
3495,657,filterLoc,,
3495,660,filterLoc,,
3495,663,filterLoc,,
3495,666,filterLoc,,
3495,669,filterLoc,,;Evacuee;156;in triage category;G;is leaving helicopter;3
3495,672,filterLoc,,
3495,675,filterLoc,,;Evacuee;165;in triage category;G;is leaving helicopter;3
3495,678,filterLoc,,
3495,681,filterLoc,,
3495,684,filterLoc,,
3495,687,filterLoc,,
3495,690,filterLoc,,
3495,693,filterLoc,,
3495,696,filterLoc,,
3495,699,filterLoc,,
3495,702,filterLoc,,
3495,705,filterLoc,,
3495,708,filterLoc,,
3495,711,filterLoc,,
3495,714,filterLoc,,
3495,717,filterLoc,,
3495,720,filterLoc,,
3495,723,filterLoc,,
3495,726,filterLoc,,
3495,729,filterLoc,,
3495,732,filterLoc,,
3495,735,filterLoc,,;Evacuee;147;in triage category;G;is leaving helicopter;3
3495,738,filterLoc,,
3495,741,filterLoc,,
3495,744,filterLoc,,
3495,747,filterLoc,,
3495,750,filterLoc,,
3495,753,filterLoc,,
3495,756,filterLoc,,
3495,759,filterLoc,,
3495,762,filterLoc,,
3495,765,filterLoc,,
3495,768,filterLoc,,
3495,771,filterLoc,,
3495,774,filterLoc,,
3495,777,filterLoc,,
3495,780,filterLoc,,
3495,783,filterLoc,,
3495,786,filterLoc,,
3495,789,filterLoc,,
3495,792,filterLoc,,
3495,795,filterLoc,,
3495,798,filterLoc,,
3495,801,filterLoc,,
3495,804,filterLoc,,
3495,807,filterLoc,,;Evacuee;158;in triage category;G;is leaving helicopter;3
3495,810,filterLoc,,
3495,813,filterLoc,,
3495,816,filterLoc,,
3495,819,filterLoc,,
3495,822,filterLoc,,
3495,825,filterLoc,,
3495,828,filterLoc,,
3495,831,filterLoc,,
3495,834,filterLoc,,
3495,837,filterLoc,,
3495,840,filterLoc,,
3495,843,filterLoc,,
3495,846,filterLoc,,
3495,849,filterLoc,,
3495,852,filterLoc,,
3495,855,filterLoc,,
3495,858,filterLoc,,
3495,861,filterLoc,,
3495,864,filterLoc,,
3495,867,filterLoc,,
3495,870,filterLoc,,
3495,873,filterLoc,,
3495,876,filterLoc,,
3495,879,filterLoc,,
3495,882,filterLoc,,
3495,885,filterLoc,,
3495,888,filterLoc,,
3495,891,filterLoc,,
3495,894,filterLoc,,
3495,897,filterLoc,,
3495,900,filterLoc,,
3495,903,filterLoc,,
3495,906,filterLoc,,
3495,909,filterLoc,,
3495,912,filterLoc,,
3495,915,filterLoc,,
3495,918,filterLoc,,
3495,921,filterLoc,,
3495,924,filterLoc,,
3495,927,filterLoc,,
3495,930,filterLoc,,
3495,933,filterLoc,,
3495,936,filterLoc,,
3495,939,filterLoc,,
3495,942,filterLoc,,
3495,945,filterLoc,,
3495,948,filterLoc,,
3495,951,filterLoc,,
3495,954,filterLoc,,
3495,957,filterLoc,,
3495,960,filterLoc,,
3495,963,filterLoc,,
3495,966,filterLoc,,
3495,969,filterLoc,,
3495,972,filterLoc,,
3495,975,filterLoc,,
3495,978,filterLoc,,
3495,981,filterLoc,,
3495,984,filterLoc,,
3495,987,filterLoc,,
3495,990,filterLoc,,
3495,993,filterLoc,,
3495,996,filterLoc,,
3495,999,filterLoc,,
3495,1002,filterLoc,,
3495,1005,filterLoc,,
3495,1008,filterLoc,,
3495,1011,filterLoc,,
3495,1014,filterLoc,,
3495,1017,filterLoc,,
3495,1020,filterLoc,,
3495,1023,filterLoc,,
3495,1026,filterLoc,,
3495,1029,filterLoc,,
3495,1032,filterLoc,,
3495,1035,filterLoc,,
3495,1038,filterLoc,,
3495,1041,filterLoc,,
3495,1044,filterLoc,,
3495,1047,filterLoc,,
3495,1050,filterLoc,,
3495,1053,filterLoc,,;Evacuee;155;in triage category;G;is leaving helicopter;3
3495,1056,filterLoc,,
3495,1059,filterLoc,,
3495,1062,filterLoc,,
3495,1065,filterLoc,,
3495,1068,filterLoc,,
3495,1071,filterLoc,,
3495,1074,filterLoc,,
3495,1077,filterLoc,,
3495,1080,filterLoc,,
3495,1083,filterLoc,,
3495,1086,filterLoc,,
3495,1089,filterLoc,,
3495,1092,filterLoc,,
3495,1095,filterLoc,,
3495,1098,filterLoc,,
3495,1101,filterLoc,,
3495,1104,filterLoc,,
3495,1107,filterLoc,,
3495,1110,filterLoc,,
3495,1113,filterLoc,,
3495,1116,filterLoc,,
3495,1123,filterLoc,,
3495,1126,filterLoc,,
3495,1129,filterLoc,,;Evacuee;175;in triage category;G;is leaving helicopter;3
3495,1132,filterLoc,,
3495,1135,filterLoc,,
3495,1138,filterLoc,,
3495,1141,filterLoc,,
3495,1144,filterLoc,,
3495,1147,filterLoc,,
3495,1150,filterLoc,,
3495,1153,filterLoc,,
3495,1156,filterLoc,,
3495,1163,filterLoc,,
3495,1166,filterLoc,,
3495,1169,filterLoc,,
3495,1172,filterLoc,,
3495,1175,filterLoc,,
3495,1178,filterLoc,,
3495,1181,filterLoc,,
3495,1184,filterLoc,,
3495,1187,filterLoc,,
3495,1190,filterLoc,,
3495,1193,filterLoc,,
3495,1196,filterLoc,,
3495,1199,filterLoc,,
3495,1202,filterLoc,,
3495,1205,filterLoc,,
3495,1208,filterLoc,,
3495,1211,filterLoc,,
3495,1214,filterLoc,,
3495,1217,filterLoc,,
3495,1220,filterLoc,,
3495,1223,filterLoc,,
3495,1226,filterLoc,,
3495,1229,filterLoc,,
3495,1232,filterLoc,,
3495,1235,filterLoc,,
3495,1238,filterLoc,,
3495,1241,filterLoc,,
3495,1244,filterLoc,,
3495,1247,filterLoc,,
3495,1250,filterLoc,,
3495,1253,filterLoc,,
3495,1256,filterLoc,,
3495,1259,filterLoc,,;Evacuee;163;in triage category;G;is leaving helicopter;3
3495,1262,filterLoc,,;Evacuee;166;in triage category;G;is leaving helicopter;3
3495,1265,filterLoc,,
3495,1268,filterLoc,,
3495,1271,filterLoc,,;Evacuee;178;in triage category;G;is leaving helicopter;3
3495,1274,filterLoc,,
3495,1277,filterLoc,,;Evacuee;146;in triage category;G;is leaving helicopter;3
3495,1280,filterLoc,,
3495,1283,filterLoc,,
3495,1286,filterLoc,,
3495,1289,filterLoc,,
3495,1292,filterLoc,,
3495,1295,filterLoc,,
3495,1298,filterLoc,,
3495,1301,filterLoc,,
3495,1304,filterLoc,,
3495,1307,filterLoc,,
3495,1310,filterLoc,,
3495,1313,filterLoc,,
3495,1316,filterLoc,,
3495,1319,filterLoc,,
3495,1322,filterLoc,,
3495,1325,filterLoc,,
3495,1328,filterLoc,,
3495,1331,filterLoc,,
3495,1334,filterLoc,,
3495,1337,filterLoc,,
3495,1340,filterLoc,,
3495,1343,filterLoc,,
3495,1346,filterLoc,,
3495,1349,filterLoc,,
3495,1352,filterLoc,,
3495,1355,filterLoc,,
3495,1358,filterLoc,,
3495,1361,filterLoc,,
3495,1364,filterLoc,,
3495,1367,filterLoc,,
3495,1370,filterLoc,,
3495,1373,filterLoc,,
3495,1376,filterLoc,,
3495,1379,filterLoc,,
3495,1382,filterLoc,,
3495,1385,filterLoc,,
3495,1388,filterLoc,,
3495,1391,filterLoc,,
3495,1394,filterLoc,,
3495,1397,filterLoc,,
3495,1400,filterLoc,,
3495,1403,filterLoc,,
3495,1406,filterLoc,,
3495,1409,filterLoc,,
3495,1412,filterLoc,,
3495,1415,filterLoc,,
3495,1418,filterLoc,,
3495,1421,filterLoc,,
3495,1424,filterLoc,,
3495,1427,filterLoc,,
3495,1430,filterLoc,,
3495,1433,filterLoc,,
3495,1436,filterLoc,,
3495,1439,filterLoc,,
3495,1442,filterLoc,,
3495,1445,filterLoc,,
3495,1448,filterLoc,,
3495,1451,filterLoc,,
3495,1454,filterLoc,,
3495,1457,filterLoc,,
3495,1460,filterLoc,,
3495,1463,filterLoc,,
3495,1466,filterLoc,,
3495,1469,filterLoc,,
3495,1472,filterLoc,,
3495,1475,filterLoc,,
3495,1478,filterLoc,,
3495,1481,filterLoc,,
3495,1484,filterLoc,,
3495,1487,filterLoc,,
3495,1490,filterLoc,,
3495,1493,filterLoc,,
3495,1496,filterLoc,,
3495,1499,filterLoc,,
3495,1502,filterLoc,,
3495,1505,filterLoc,,
3495,1508,filterLoc,,
3495,1511,filterLoc,,
3495,1514,filterLoc,,
3495,1517,filterLoc,,
3495,669,filterLoc,out,Evacuee 156 in triage category G is not assigned a helicopter
3495,669,filterLoc,,
3495,670,evacuee,,Evacuee;156;in triage state;G;is entering the FOL
3495,675,filterLoc,out,Evacuee 165 in triage category G is not assigned a helicopter
3495,675,filterLoc,,
3495,676,evacuee,,Evacuee;165;in triage state;G;is entering the FOL
3495,735,filterLoc,out,Evacuee 147 in triage category G is not assigned a helicopter
3495,735,filterLoc,,
3495,736,evacuee,,Evacuee;147;in triage state;G;is entering the FOL
3495,807,filterLoc,out,Evacuee 158 in triage category G is not assigned a helicopter
3495,807,filterLoc,,
3495,808,evacuee,,Evacuee;158;in triage state;G;is entering the FOL
3495,1053,filterLoc,out,Evacuee 155 in triage category G is not assigned a helicopter
3495,1053,filterLoc,,
3495,1054,evacuee,,Evacuee;155;in triage state;G;is entering the FOL
3495,1129,filterLoc,out,Evacuee 175 in triage category G is not assigned a helicopter
3495,1129,filterLoc,,
3495,1130,evacuee,,Evacuee;175;in triage state;G;is entering the FOL
3495,1259,filterLoc,out,Evacuee 163 in triage category G is not assigned a helicopter
3495,1259,filterLoc,,
3495,1260,evacuee,,Evacuee;163;in triage state;G;is entering the FOL
3495,1262,filterLoc,out,Evacuee 166 in triage category G is not assigned a helicopter
3495,1262,filterLoc,,
3495,1263,evacuee,,Evacuee;166;in triage state;G;is entering the FOL
3495,1271,filterLoc,out,Evacuee 178 in triage category G is not assigned a helicopter
3495,1271,filterLoc,,
3495,1272,evacuee,,Evacuee;178;in triage state;G;is entering the FOL
3495,1277,filterLoc,out,Evacuee 146 in triage category G is not assigned a helicopter
3495,1277,filterLoc,,
3495,1278,evacuee,,Evacuee;146;in triage state;G;is entering the FOL
3495,223,FOL,,;EvacueeID;7;Triage Status;G;EvacueeID;10;Triage Status;G;EvacueeID;14;Triage Status;G;EvacueeID;16;Triage Status;G;EvacueeID;17;Triage Status;G;EvacueeID;21;Triage Status;G;EvacueeID;27;Triage Status;G;EvacueeID;29;Triage Status;G;EvacueeID;31;Triage Status;G;EvacueeID;35;Triage Status;G;EvacueeID;36;Triage Status;G;EvacueeID;38;Triage Status;G;EvacueeID;42;Triage Status;G;EvacueeID;43;Triage Status;G;EvacueeID;46;Triage Status;G;EvacueeID;47;Triage Status;G;EvacueeID;53;Triage Status;G;EvacueeID;54;Triage Status;G;EvacueeID;56;Triage Status;G;EvacueeID;63;Triage Status;G;EvacueeID;65;Triage Status;G;EvacueeID;68;Triage Status;G;EvacueeID;69;Triage Status;G;EvacueeID;72;Triage Status;G;EvacueeID;73;Triage Status;G;EvacueeID;77;Triage Status;G;EvacueeID;78;Triage Status;G;EvacueeID;82;Triage Status;G;EvacueeID;84;Triage Status;G;EvacueeID;85;Triage Status;G;EvacueeID;88;Triage Status;G;EvacueeID;91;Triage Status;G;EvacueeID;93;Triage Status;G;EvacueeID;94;Triage Status;G;EvacueeID;95;Triage Status;G;EvacueeID;100;Triage Status;G;EvacueeID;106;Triage Status;G;EvacueeID;108;Triage Status;G;EvacueeID;109;Triage Status;G;EvacueeID;112;Triage Status;G;EvacueeID;113;Triage Status;G;EvacueeID;114;Triage Status;G;EvacueeID;122;Triage Status;G;EvacueeID;130;Triage Status;G;EvacueeID;132;Triage Status;G;EvacueeID;136;Triage Status;G;EvacueeID;137;Triage Status;G;EvacueeID;138;Triage Status;G;EvacueeID;139;Triage Status;G;EvacueeID;140;Triage Status;G;EvacueeID;146;Triage Status;G;EvacueeID;147;Triage Status;G;EvacueeID;155;Triage Status;G;EvacueeID;156;Triage Status;G;EvacueeID;158;Triage Status;G;EvacueeID;163;Triage Status;G;EvacueeID;165;Triage Status;G;EvacueeID;166;Triage Status;G;EvacueeID;175;Triage Status;G;EvacueeID;178;Triage Status;G;Lives Saved;60
3495,670,evacuee,outFOL,Evacuee 156 in triage category G is not assigned a helicopter
3495,670,evacuee,,Evacuee;156;in triage state;G;is at the FOL
3495,676,evacuee,outFOL,Evacuee 165 in triage category G is not assigned a helicopter
3495,676,evacuee,,Evacuee;165;in triage state;G;is at the FOL
3495,736,evacuee,outFOL,Evacuee 147 in triage category G is not assigned a helicopter
3495,736,evacuee,,Evacuee;147;in triage state;G;is at the FOL
3495,808,evacuee,outFOL,Evacuee 158 in triage category G is not assigned a helicopter
3495,808,evacuee,,Evacuee;158;in triage state;G;is at the FOL
3495,1054,evacuee,outFOL,Evacuee 155 in triage category G is not assigned a helicopter
3495,1054,evacuee,,Evacuee;155;in triage state;G;is at the FOL
3495,1130,evacuee,outFOL,Evacuee 175 in triage category G is not assigned a helicopter
3495,1130,evacuee,,Evacuee;175;in triage state;G;is at the FOL
3495,1260,evacuee,outFOL,Evacuee 163 in triage category G is not assigned a helicopter
3495,1260,evacuee,,Evacuee;163;in triage state;G;is at the FOL
3495,1263,evacuee,outFOL,Evacuee 166 in triage category G is not assigned a helicopter
3495,1263,evacuee,,Evacuee;166;in triage state;G;is at the FOL
3495,1272,evacuee,outFOL,Evacuee 178 in triage category G is not assigned a helicopter
3495,1272,evacuee,,Evacuee;178;in triage state;G;is at the FOL
3495,1278,evacuee,outFOL,Evacuee 146 in triage category G is not assigned a helicopter
3495,1278,evacuee,,Evacuee;146;in triage state;G;is at the FOL
3495,223,FOL,,;EvacueeID;7;Triage Status;G;EvacueeID;10;Triage Status;G;EvacueeID;14;Triage Status;G;EvacueeID;16;Triage Status;G;EvacueeID;17;Triage Status;G;EvacueeID;21;Triage Status;G;EvacueeID;27;Triage Status;G;EvacueeID;29;Triage Status;G;EvacueeID;31;Triage Status;G;EvacueeID;35;Triage Status;G;EvacueeID;36;Triage Status;G;EvacueeID;38;Triage Status;G;EvacueeID;42;Triage Status;G;EvacueeID;43;Triage Status;G;EvacueeID;46;Triage Status;G;EvacueeID;47;Triage Status;G;EvacueeID;53;Triage Status;G;EvacueeID;54;Triage Status;G;EvacueeID;56;Triage Status;G;EvacueeID;63;Triage Status;G;EvacueeID;65;Triage Status;G;EvacueeID;68;Triage Status;G;EvacueeID;69;Triage Status;G;EvacueeID;72;Triage Status;G;EvacueeID;73;Triage Status;G;EvacueeID;77;Triage Status;G;EvacueeID;78;Triage Status;G;EvacueeID;82;Triage Status;G;EvacueeID;84;Triage Status;G;EvacueeID;85;Triage Status;G;EvacueeID;88;Triage Status;G;EvacueeID;91;Triage Status;G;EvacueeID;93;Triage Status;G;EvacueeID;94;Triage Status;G;EvacueeID;95;Triage Status;G;EvacueeID;100;Triage Status;G;EvacueeID;106;Triage Status;G;EvacueeID;108;Triage Status;G;EvacueeID;109;Triage Status;G;EvacueeID;112;Triage Status;G;EvacueeID;113;Triage Status;G;EvacueeID;114;Triage Status;G;EvacueeID;122;Triage Status;G;EvacueeID;130;Triage Status;G;EvacueeID;132;Triage Status;G;EvacueeID;136;Triage Status;G;EvacueeID;137;Triage Status;G;EvacueeID;138;Triage Status;G;EvacueeID;139;Triage Status;G;EvacueeID;140;Triage Status;G;EvacueeID;146;Triage Status;G;EvacueeID;147;Triage Status;G;EvacueeID;155;Triage Status;G;EvacueeID;156;Triage Status;G;EvacueeID;158;Triage Status;G;EvacueeID;163;Triage Status;G;EvacueeID;165;Triage Status;G;EvacueeID;166;Triage Status;G;EvacueeID;175;Triage Status;G;EvacueeID;178;Triage Status;G;Lives Saved;60
3498.59,3,evacueeManager,,OFF SHIP: White;0;Green;87;Yellow;21;Red;2;Black;330;ON SHIP: White;0;Green;0;Yellow;0;Red;0;Evacuees to Transfer;
3498.59,250,evacuee,outES,Evacuee 354 in triage category R is not assigned a helicopter
3498.59,250,evacuee,,Evacuee;354;in triage state;B;is at the evacuation site
3501.14,3,evacueeManager,,OFF SHIP: White;0;Green;87;Yellow;20;Red;3;Black;330;ON SHIP: White;0;Green;0;Yellow;0;Red;0;Evacuees to Transfer;
3501.14,454,evacuee,outES,Evacuee 125 in triage category Y is not assigned a helicopter
3501.14,454,evacuee,,Evacuee;125;in triage state;R;is at the evacuation site
3505.99,3,evacueeManager,,OFF SHIP: White;0;Green;87;Yellow;19;Red;4;Black;330;ON SHIP: White;0;Green;0;Yellow;0;Red;0;Evacuees to Transfer;
3505.99,553,evacuee,outES,Evacuee 105 in triage category Y is not assigned a helicopter
3505.99,553,evacuee,,Evacuee;105;in triage state;R;is at the evacuation site
3510,105,helicopter,,Helicopter;3;Is going to the evacuation site;;and has;0;spots taken
3518.27,3,evacueeManager,,OFF SHIP: White;0;Green;87;Yellow;19;Red;3;Black;331;ON SHIP: White;0;Green;0;Yellow;0;Red;0;Evacuees to Transfer;
3518.27,454,evacuee,outES,Evacuee 125 in triage category R is not assigned a helicopter
3518.27,454,evacuee,,Evacuee;125;in triage state;B;is at the evacuation site
3520.55,3,evacueeManager,,OFF SHIP: White;0;Green;87;Yellow;19;Red;2;Black;332;ON SHIP: White;0;Green;0;Yellow;0;Red;0;Evacuees to Transfer;
3520.55,793,evacuee,outES,Evacuee 473 in triage category R is not assigned a helicopter
3520.55,793,evacuee,,Evacuee;473;in triage state;B;is at the evacuation site
3531.31,3,evacueeManager,,OFF SHIP: White;0;Green;87;Yellow;18;Red;3;Black;332;ON SHIP: White;0;Green;0;Yellow;0;Red;0;Evacuees to Transfer;
3531.31,319,evacuee,outES,Evacuee 318 in triage category Y is not assigned a helicopter
3531.31,319,evacuee,,Evacuee;318;in triage state;R;is at the evacuation site
3537.28,3,evacueeManager,,OFF SHIP: White;0;Green;87;Yellow;17;Red;4;Black;332;ON SHIP: White;0;Green;0;Yellow;0;Red;0;Evacuees to Transfer;
3537.28,111,evacuee,outES,Evacuee 433 in triage category Y is not assigned a helicopter
3537.28,111,evacuee,,Evacuee;433;in triage state;R;is at the evacuation site
3540,5,helicopterQueue,,1;Helos are waiting to land;HeloID;1
3540,1161,helicopter,outES,Helicopter 1 is evacuating people1
3540,1161,helicopter,,Helicopter;1;is waiting to land at the evacuation site;;and has;0;spots taken
3540,4,helipadManager,,;No helos are at ES
3540,5,helicopterQueue,outHM,Helicopter 1 is evacuating people1
3540,5,helicopterQueue,outHelo,Helicopter 1 is evacuating people1
3540,5,helicopterQueue,,;No helos are waiting to land
3540,104,filterES,,
3540,1120,filterES,,
3540,1160,filterES,,Helicopter;1;is evacuating people
3540,3,evacueeManager,,OFF SHIP: White;0;Green;77;Yellow;17;Red;4;Black;332;ON SHIP: White;0;Green;0;Yellow;0;Red;0;Evacuees to Transfer;;EvacueeID;179;HeloID;1;OnShip;0;Triage Status;G;EvacueeID;180;HeloID;1;OnShip;0;Triage Status;G;EvacueeID;185;HeloID;1;OnShip;0;Triage Status;G;EvacueeID;186;HeloID;1;OnShip;0;Triage Status;G;EvacueeID;187;HeloID;1;OnShip;0;Triage Status;G;EvacueeID;188;HeloID;1;OnShip;0;Triage Status;G;EvacueeID;189;HeloID;1;OnShip;0;Triage Status;G;EvacueeID;191;HeloID;1;OnShip;0;Triage Status;G;EvacueeID;194;HeloID;1;OnShip;0;Triage Status;G;EvacueeID;196;HeloID;1;OnShip;0;Triage Status;G
3540,4,helipadManager,outEM,Helicopter 1 is evacuating people1
3540,4,helipadManager,,Helo;1;is at the ES
3540,1160,filterES,out,Helicopter 1 is evacuating people1
3540,1160,filterES,,
3540,1161,helicopter,,Helicopter;1;is waiting to land at the evacuation site;;and has;0;spots taken
3540,3,evacueeManager,outEvac,Evacuee 179 in triage category G is assigned helicopter 1
3540,3,evacueeManager,outEvac,Evacuee 180 in triage category G is assigned helicopter 1
3540,3,evacueeManager,outEvac,Evacuee 185 in triage category G is assigned helicopter 1
3540,3,evacueeManager,outEvac,Evacuee 186 in triage category G is assigned helicopter 1
3540,3,evacueeManager,outEvac,Evacuee 187 in triage category G is assigned helicopter 1
3540,3,evacueeManager,outEvac,Evacuee 188 in triage category G is assigned helicopter 1
3540,3,evacueeManager,outEvac,Evacuee 189 in triage category G is assigned helicopter 1
3540,3,evacueeManager,outEvac,Evacuee 191 in triage category G is assigned helicopter 1
3540,3,evacueeManager,outEvac,Evacuee 194 in triage category G is assigned helicopter 1
3540,3,evacueeManager,outEvac,Evacuee 196 in triage category G is assigned helicopter 1
3540,3,evacueeManager,,OFF SHIP: White;0;Green;77;Yellow;17;Red;4;Black;332;ON SHIP: White;0;Green;0;Yellow;0;Red;0;Evacuees to Transfer;
3540,7,filterLoc,,
3540,10,filterLoc,,
3540,13,filterLoc,,
3540,16,filterLoc,,
3540,19,filterLoc,,
3540,22,filterLoc,,
3540,25,filterLoc,,
3540,28,filterLoc,,
3540,31,filterLoc,,
3540,34,filterLoc,,
3540,37,filterLoc,,
3540,40,filterLoc,,
3540,43,filterLoc,,
3540,46,filterLoc,,
3540,49,filterLoc,,
3540,52,filterLoc,,
3540,55,filterLoc,,
3540,58,filterLoc,,
3540,61,filterLoc,,
3540,64,filterLoc,,
3540,67,filterLoc,,
3540,70,filterLoc,,
3540,73,filterLoc,,
3540,76,filterLoc,,
3540,79,filterLoc,,
3540,82,filterLoc,,
3540,85,filterLoc,,
3540,88,filterLoc,,
3540,91,filterLoc,,
3540,94,filterLoc,,
3540,97,filterLoc,,
3540,100,filterLoc,,
3540,107,filterLoc,,
3540,110,filterLoc,,
3540,113,filterLoc,,
3540,116,filterLoc,,
3540,119,filterLoc,,
3540,122,filterLoc,,
3540,125,filterLoc,,
3540,128,filterLoc,,
3540,131,filterLoc,,
3540,134,filterLoc,,
3540,137,filterLoc,,
3540,140,filterLoc,,
3540,143,filterLoc,,
3540,146,filterLoc,,
3540,149,filterLoc,,
3540,152,filterLoc,,
3540,155,filterLoc,,
3540,158,filterLoc,,
3540,161,filterLoc,,
3540,164,filterLoc,,
3540,167,filterLoc,,
3540,170,filterLoc,,
3540,173,filterLoc,,
3540,176,filterLoc,,
3540,179,filterLoc,,
3540,182,filterLoc,,
3540,185,filterLoc,,
3540,188,filterLoc,,
3540,191,filterLoc,,
3540,194,filterLoc,,
3540,197,filterLoc,,
3540,200,filterLoc,,
3540,203,filterLoc,,
3540,206,filterLoc,,
3540,209,filterLoc,,
3540,212,filterLoc,,
3540,215,filterLoc,,
3540,218,filterLoc,,
3540,221,filterLoc,,
3540,225,filterLoc,,
3540,228,filterLoc,,
3540,231,filterLoc,,
3540,234,filterLoc,,
3540,237,filterLoc,,
3540,240,filterLoc,,
3540,243,filterLoc,,
3540,246,filterLoc,,
3540,249,filterLoc,,
3540,252,filterLoc,,
3540,255,filterLoc,,
3540,258,filterLoc,,
3540,261,filterLoc,,
3540,264,filterLoc,,
3540,267,filterLoc,,
3540,270,filterLoc,,
3540,273,filterLoc,,
3540,276,filterLoc,,
3540,279,filterLoc,,
3540,282,filterLoc,,
3540,285,filterLoc,,
3540,288,filterLoc,,
3540,291,filterLoc,,
3540,294,filterLoc,,
3540,297,filterLoc,,
3540,300,filterLoc,,
3540,303,filterLoc,,
3540,306,filterLoc,,
3540,309,filterLoc,,
3540,312,filterLoc,,
3540,315,filterLoc,,
3540,318,filterLoc,,
3540,321,filterLoc,,
3540,324,filterLoc,,
3540,327,filterLoc,,
3540,330,filterLoc,,
3540,333,filterLoc,,
3540,336,filterLoc,,
3540,339,filterLoc,,
3540,342,filterLoc,,
3540,345,filterLoc,,
3540,348,filterLoc,,
3540,351,filterLoc,,
3540,354,filterLoc,,
3540,357,filterLoc,,
3540,360,filterLoc,,
3540,363,filterLoc,,
3540,366,filterLoc,,
3540,369,filterLoc,,
3540,372,filterLoc,,
3540,375,filterLoc,,
3540,378,filterLoc,,
3540,381,filterLoc,,
3540,384,filterLoc,,
3540,387,filterLoc,,
3540,390,filterLoc,,
3540,393,filterLoc,,
3540,396,filterLoc,,
3540,399,filterLoc,,
3540,402,filterLoc,,
3540,405,filterLoc,,
3540,408,filterLoc,,
3540,411,filterLoc,,
3540,414,filterLoc,,
3540,417,filterLoc,,
3540,420,filterLoc,,
3540,423,filterLoc,,
3540,426,filterLoc,,
3540,429,filterLoc,,
3540,432,filterLoc,,
3540,435,filterLoc,,
3540,438,filterLoc,,
3540,441,filterLoc,,
3540,444,filterLoc,,
3540,447,filterLoc,,
3540,450,filterLoc,,
3540,453,filterLoc,,
3540,456,filterLoc,,
3540,459,filterLoc,,
3540,462,filterLoc,,
3540,465,filterLoc,,
3540,468,filterLoc,,
3540,471,filterLoc,,
3540,474,filterLoc,,
3540,477,filterLoc,,
3540,480,filterLoc,,
3540,483,filterLoc,,
3540,486,filterLoc,,
3540,489,filterLoc,,
3540,492,filterLoc,,
3540,495,filterLoc,,
3540,498,filterLoc,,
3540,501,filterLoc,,
3540,504,filterLoc,,
3540,507,filterLoc,,
3540,510,filterLoc,,
3540,513,filterLoc,,
3540,516,filterLoc,,
3540,519,filterLoc,,
3540,522,filterLoc,,
3540,525,filterLoc,,
3540,528,filterLoc,,
3540,531,filterLoc,,
3540,534,filterLoc,,
3540,537,filterLoc,,;Evacuee;188;in triage category;G;is entering helicopter;1
3540,540,filterLoc,,
3540,543,filterLoc,,
3540,546,filterLoc,,
3540,549,filterLoc,,
3540,552,filterLoc,,
3540,555,filterLoc,,
3540,558,filterLoc,,
3540,561,filterLoc,,
3540,564,filterLoc,,
3540,567,filterLoc,,
3540,570,filterLoc,,
3540,573,filterLoc,,
3540,576,filterLoc,,
3540,579,filterLoc,,
3540,582,filterLoc,,
3540,585,filterLoc,,
3540,588,filterLoc,,
3540,591,filterLoc,,
3540,594,filterLoc,,
3540,597,filterLoc,,
3540,600,filterLoc,,
3540,603,filterLoc,,
3540,606,filterLoc,,
3540,609,filterLoc,,
3540,612,filterLoc,,
3540,615,filterLoc,,
3540,618,filterLoc,,
3540,621,filterLoc,,
3540,624,filterLoc,,
3540,627,filterLoc,,
3540,630,filterLoc,,
3540,633,filterLoc,,
3540,636,filterLoc,,
3540,639,filterLoc,,
3540,642,filterLoc,,
3540,645,filterLoc,,
3540,648,filterLoc,,
3540,651,filterLoc,,
3540,654,filterLoc,,
3540,657,filterLoc,,
3540,660,filterLoc,,
3540,663,filterLoc,,
3540,666,filterLoc,,
3540,669,filterLoc,,
3540,672,filterLoc,,
3540,675,filterLoc,,
3540,678,filterLoc,,
3540,681,filterLoc,,
3540,684,filterLoc,,
3540,687,filterLoc,,
3540,690,filterLoc,,
3540,693,filterLoc,,
3540,696,filterLoc,,
3540,699,filterLoc,,
3540,702,filterLoc,,
3540,705,filterLoc,,
3540,708,filterLoc,,
3540,711,filterLoc,,
3540,714,filterLoc,,
3540,717,filterLoc,,
3540,720,filterLoc,,
3540,723,filterLoc,,
3540,726,filterLoc,,
3540,729,filterLoc,,
3540,732,filterLoc,,;Evacuee;179;in triage category;G;is entering helicopter;1
3540,735,filterLoc,,
3540,738,filterLoc,,
3540,741,filterLoc,,
3540,744,filterLoc,,
3540,747,filterLoc,,
3540,750,filterLoc,,
3540,753,filterLoc,,
3540,756,filterLoc,,
3540,759,filterLoc,,
3540,762,filterLoc,,
3540,765,filterLoc,,
3540,768,filterLoc,,
3540,771,filterLoc,,
3540,774,filterLoc,,
3540,777,filterLoc,,
3540,780,filterLoc,,
3540,783,filterLoc,,
3540,786,filterLoc,,
3540,789,filterLoc,,
3540,792,filterLoc,,
3540,795,filterLoc,,
3540,798,filterLoc,,
3540,801,filterLoc,,
3540,804,filterLoc,,
3540,807,filterLoc,,
3540,810,filterLoc,,;Evacuee;187;in triage category;G;is entering helicopter;1
3540,813,filterLoc,,
3540,816,filterLoc,,
3540,819,filterLoc,,
3540,822,filterLoc,,
3540,825,filterLoc,,
3540,828,filterLoc,,
3540,831,filterLoc,,
3540,834,filterLoc,,
3540,837,filterLoc,,
3540,840,filterLoc,,
3540,843,filterLoc,,
3540,846,filterLoc,,
3540,849,filterLoc,,
3540,852,filterLoc,,
3540,855,filterLoc,,
3540,858,filterLoc,,
3540,861,filterLoc,,
3540,864,filterLoc,,
3540,867,filterLoc,,
3540,870,filterLoc,,
3540,873,filterLoc,,
3540,876,filterLoc,,
3540,879,filterLoc,,
3540,882,filterLoc,,
3540,885,filterLoc,,
3540,888,filterLoc,,
3540,891,filterLoc,,
3540,894,filterLoc,,
3540,897,filterLoc,,
3540,900,filterLoc,,
3540,903,filterLoc,,
3540,906,filterLoc,,
3540,909,filterLoc,,
3540,912,filterLoc,,
3540,915,filterLoc,,
3540,918,filterLoc,,
3540,921,filterLoc,,;Evacuee;196;in triage category;G;is entering helicopter;1
3540,924,filterLoc,,
3540,927,filterLoc,,
3540,930,filterLoc,,
3540,933,filterLoc,,
3540,936,filterLoc,,
3540,939,filterLoc,,
3540,942,filterLoc,,
3540,945,filterLoc,,
3540,948,filterLoc,,
3540,951,filterLoc,,
3540,954,filterLoc,,
3540,957,filterLoc,,
3540,960,filterLoc,,
3540,963,filterLoc,,
3540,966,filterLoc,,
3540,969,filterLoc,,
3540,972,filterLoc,,
3540,975,filterLoc,,
3540,978,filterLoc,,
3540,981,filterLoc,,
3540,984,filterLoc,,
3540,987,filterLoc,,
3540,990,filterLoc,,
3540,993,filterLoc,,
3540,996,filterLoc,,
3540,999,filterLoc,,
3540,1002,filterLoc,,
3540,1005,filterLoc,,
3540,1008,filterLoc,,
3540,1011,filterLoc,,
3540,1014,filterLoc,,
3540,1017,filterLoc,,
3540,1020,filterLoc,,
3540,1023,filterLoc,,
3540,1026,filterLoc,,
3540,1029,filterLoc,,
3540,1032,filterLoc,,
3540,1035,filterLoc,,
3540,1038,filterLoc,,
3540,1041,filterLoc,,
3540,1044,filterLoc,,
3540,1047,filterLoc,,
3540,1050,filterLoc,,
3540,1053,filterLoc,,
3540,1056,filterLoc,,
3540,1059,filterLoc,,
3540,1062,filterLoc,,
3540,1065,filterLoc,,
3540,1068,filterLoc,,
3540,1071,filterLoc,,
3540,1074,filterLoc,,
3540,1077,filterLoc,,
3540,1080,filterLoc,,
3540,1083,filterLoc,,
3540,1086,filterLoc,,
3540,1089,filterLoc,,
3540,1092,filterLoc,,
3540,1095,filterLoc,,
3540,1098,filterLoc,,
3540,1101,filterLoc,,
3540,1104,filterLoc,,
3540,1107,filterLoc,,
3540,1110,filterLoc,,
3540,1113,filterLoc,,
3540,1116,filterLoc,,
3540,1123,filterLoc,,
3540,1126,filterLoc,,
3540,1129,filterLoc,,
3540,1132,filterLoc,,
3540,1135,filterLoc,,
3540,1138,filterLoc,,
3540,1141,filterLoc,,
3540,1144,filterLoc,,
3540,1147,filterLoc,,
3540,1150,filterLoc,,
3540,1153,filterLoc,,
3540,1156,filterLoc,,
3540,1161,helicopter,,Helicopter;1;is loading people at the evacuation site;;and has;0;spots taken
3540,1163,filterLoc,,
3540,1166,filterLoc,,
3540,1169,filterLoc,,
3540,1172,filterLoc,,
3540,1175,filterLoc,,
3540,1178,filterLoc,,
3540,1181,filterLoc,,
3540,1184,filterLoc,,
3540,1187,filterLoc,,
3540,1190,filterLoc,,
3540,1193,filterLoc,,
3540,1196,filterLoc,,
3540,1199,filterLoc,,
3540,1202,filterLoc,,
3540,1205,filterLoc,,;Evacuee;194;in triage category;G;is entering helicopter;1
3540,1208,filterLoc,,
3540,1211,filterLoc,,
3540,1214,filterLoc,,
3540,1217,filterLoc,,
3540,1220,filterLoc,,
3540,1223,filterLoc,,
3540,1226,filterLoc,,
3540,1229,filterLoc,,
3540,1232,filterLoc,,
3540,1235,filterLoc,,
3540,1238,filterLoc,,
3540,1241,filterLoc,,
3540,1244,filterLoc,,
3540,1247,filterLoc,,
3540,1250,filterLoc,,
3540,1253,filterLoc,,
3540,1256,filterLoc,,
3540,1259,filterLoc,,
3540,1262,filterLoc,,
3540,1265,filterLoc,,
3540,1268,filterLoc,,
3540,1271,filterLoc,,
3540,1274,filterLoc,,
3540,1277,filterLoc,,
3540,1280,filterLoc,,
3540,1283,filterLoc,,
3540,1286,filterLoc,,
3540,1289,filterLoc,,
3540,1292,filterLoc,,
3540,1295,filterLoc,,
3540,1298,filterLoc,,
3540,1301,filterLoc,,
3540,1304,filterLoc,,
3540,1307,filterLoc,,
3540,1310,filterLoc,,
3540,1313,filterLoc,,
3540,1316,filterLoc,,
3540,1319,filterLoc,,
3540,1322,filterLoc,,
3540,1325,filterLoc,,
3540,1328,filterLoc,,;Evacuee;185;in triage category;G;is entering helicopter;1
3540,1331,filterLoc,,;Evacuee;186;in triage category;G;is entering helicopter;1
3540,1334,filterLoc,,
3540,1337,filterLoc,,
3540,1340,filterLoc,,;Evacuee;189;in triage category;G;is entering helicopter;1
3540,1343,filterLoc,,
3540,1346,filterLoc,,;Evacuee;191;in triage category;G;is entering helicopter;1
3540,1349,filterLoc,,
3540,1352,filterLoc,,
3540,1355,filterLoc,,
3540,1358,filterLoc,,
3540,1361,filterLoc,,
3540,1364,filterLoc,,
3540,1367,filterLoc,,
3540,1370,filterLoc,,
3540,1373,filterLoc,,
3540,1376,filterLoc,,
3540,1379,filterLoc,,
3540,1382,filterLoc,,
3540,1385,filterLoc,,
3540,1388,filterLoc,,
3540,1391,filterLoc,,
3540,1394,filterLoc,,
3540,1397,filterLoc,,
3540,1400,filterLoc,,;Evacuee;180;in triage category;G;is entering helicopter;1
3540,1403,filterLoc,,
3540,1406,filterLoc,,
3540,1409,filterLoc,,
3540,1412,filterLoc,,
3540,1415,filterLoc,,
3540,1418,filterLoc,,
3540,1421,filterLoc,,
3540,1424,filterLoc,,
3540,1427,filterLoc,,
3540,1430,filterLoc,,
3540,1433,filterLoc,,
3540,1436,filterLoc,,
3540,1439,filterLoc,,
3540,1442,filterLoc,,
3540,1445,filterLoc,,
3540,1448,filterLoc,,
3540,1451,filterLoc,,
3540,1454,filterLoc,,
3540,1457,filterLoc,,
3540,1460,filterLoc,,
3540,1463,filterLoc,,
3540,1466,filterLoc,,
3540,1469,filterLoc,,
3540,1472,filterLoc,,
3540,1475,filterLoc,,
3540,1478,filterLoc,,
3540,1481,filterLoc,,
3540,1484,filterLoc,,
3540,1487,filterLoc,,
3540,1490,filterLoc,,
3540,1493,filterLoc,,
3540,1496,filterLoc,,
3540,1499,filterLoc,,
3540,1502,filterLoc,,
3540,1505,filterLoc,,
3540,1508,filterLoc,,
3540,1511,filterLoc,,
3540,1514,filterLoc,,
3540,1517,filterLoc,,
3540,537,filterLoc,out,Evacuee 188 in triage category G is assigned helicopter 1
3540,537,filterLoc,,
3540,538,evacuee,,Evacuee;188;in triage state;G;is entering helicopter;1
3540,732,filterLoc,out,Evacuee 179 in triage category G is assigned helicopter 1
3540,732,filterLoc,,
3540,733,evacuee,,Evacuee;179;in triage state;G;is entering helicopter;1
3540,810,filterLoc,out,Evacuee 187 in triage category G is assigned helicopter 1
3540,810,filterLoc,,
3540,811,evacuee,,Evacuee;187;in triage state;G;is entering helicopter;1
3540,921,filterLoc,out,Evacuee 196 in triage category G is assigned helicopter 1
3540,921,filterLoc,,
3540,922,evacuee,,Evacuee;196;in triage state;G;is entering helicopter;1
3540,1205,filterLoc,out,Evacuee 194 in triage category G is assigned helicopter 1
3540,1205,filterLoc,,
3540,1206,evacuee,,Evacuee;194;in triage state;G;is entering helicopter;1
3540,1328,filterLoc,out,Evacuee 185 in triage category G is assigned helicopter 1
3540,1328,filterLoc,,
3540,1329,evacuee,,Evacuee;185;in triage state;G;is entering helicopter;1
3540,1331,filterLoc,out,Evacuee 186 in triage category G is assigned helicopter 1
3540,1331,filterLoc,,
3540,1332,evacuee,,Evacuee;186;in triage state;G;is entering helicopter;1
3540,1340,filterLoc,out,Evacuee 189 in triage category G is assigned helicopter 1
3540,1340,filterLoc,,
3540,1341,evacuee,,Evacuee;189;in triage state;G;is entering helicopter;1
3540,1346,filterLoc,out,Evacuee 191 in triage category G is assigned helicopter 1
3540,1346,filterLoc,,
3540,1347,evacuee,,Evacuee;191;in triage state;G;is entering helicopter;1
3540,1400,filterLoc,out,Evacuee 180 in triage category G is assigned helicopter 1
3540,1400,filterLoc,,
3540,1401,evacuee,,Evacuee;180;in triage state;G;is entering helicopter;1
3540,103,filterEvac,,
3540,538,evacuee,outHelo,Evacuee 188 in triage category G is assigned helicopter 1
3540,538,evacuee,,Evacuee;188;in triage state;G;is in helicopter;1
3540,733,evacuee,outHelo,Evacuee 179 in triage category G is assigned helicopter 1
3540,733,evacuee,,Evacuee;179;in triage state;G;is in helicopter;1
3540,811,evacuee,outHelo,Evacuee 187 in triage category G is assigned helicopter 1
3540,811,evacuee,,Evacuee;187;in triage state;G;is in helicopter;1
3540,922,evacuee,outHelo,Evacuee 196 in triage category G is assigned helicopter 1
3540,922,evacuee,,Evacuee;196;in triage state;G;is in helicopter;1
3540,1119,filterEvac,,
3540,1159,filterEvac,,;Evacuee;179;in triage category;G;is entering helicopter;1;Evacuee;180;in triage category;G;is entering helicopter;1;Evacuee;185;in triage category;G;is entering helicopter;1;Evacuee;186;in triage category;G;is entering helicopter;1;Evacuee;187;in triage category;G;is entering helicopter;1;Evacuee;188;in triage category;G;is entering helicopter;1;Evacuee;189;in triage category;G;is entering helicopter;1;Evacuee;191;in triage category;G;is entering helicopter;1;Evacuee;194;in triage category;G;is entering helicopter;1;Evacuee;196;in triage category;G;is entering helicopter;1
3540,1206,evacuee,outHelo,Evacuee 194 in triage category G is assigned helicopter 1
3540,1206,evacuee,,Evacuee;194;in triage state;G;is in helicopter;1
3540,1329,evacuee,outHelo,Evacuee 185 in triage category G is assigned helicopter 1
3540,1329,evacuee,,Evacuee;185;in triage state;G;is in helicopter;1
3540,1332,evacuee,outHelo,Evacuee 186 in triage category G is assigned helicopter 1
3540,1332,evacuee,,Evacuee;186;in triage state;G;is in helicopter;1
3540,1341,evacuee,outHelo,Evacuee 189 in triage category G is assigned helicopter 1
3540,1341,evacuee,,Evacuee;189;in triage state;G;is in helicopter;1
3540,1347,evacuee,outHelo,Evacuee 191 in triage category G is assigned helicopter 1
3540,1347,evacuee,,Evacuee;191;in triage state;G;is in helicopter;1
3540,1401,evacuee,outHelo,Evacuee 180 in triage category G is assigned helicopter 1
3540,1401,evacuee,,Evacuee;180;in triage state;G;is in helicopter;1
3540,1159,filterEvac,out,Evacuee 179 in triage category G is assigned helicopter 1
3540,1159,filterEvac,out,Evacuee 180 in triage category G is assigned helicopter 1
3540,1159,filterEvac,out,Evacuee 185 in triage category G is assigned helicopter 1
3540,1159,filterEvac,out,Evacuee 186 in triage category G is assigned helicopter 1
3540,1159,filterEvac,out,Evacuee 187 in triage category G is assigned helicopter 1
3540,1159,filterEvac,out,Evacuee 188 in triage category G is assigned helicopter 1
3540,1159,filterEvac,out,Evacuee 189 in triage category G is assigned helicopter 1
3540,1159,filterEvac,out,Evacuee 191 in triage category G is assigned helicopter 1
3540,1159,filterEvac,out,Evacuee 194 in triage category G is assigned helicopter 1
3540,1159,filterEvac,out,Evacuee 196 in triage category G is assigned helicopter 1
3540,1159,filterEvac,,
3540,1161,helicopter,,Helicopter;1;is loading people at the evacuation site;;and has;10;spots taken
3546.96,3,evacueeManager,,OFF SHIP: White;0;Green;77;Yellow;17;Red;3;Black;333;ON SHIP: White;0;Green;0;Yellow;0;Red;0;Evacuees to Transfer;
3546.96,985,evacuee,outES,Evacuee 154 in triage category R is not assigned a helicopter
3546.96,985,evacuee,,Evacuee;154;in triage state;B;is at the evacuation site
3555,4,helipadManager,outHelo,Helicopter 1 is evacuating people1
3555,4,helipadManager,,;No helos are at ES
3555,104,filterES,,
3555,1120,filterES,,
3555,1160,filterES,,Helicopter;1;is evacuating people
3555,4,helipadManager,outHQ,0
3555,4,helipadManager,,;No helos are at ES
3555,5,helicopterQueue,,;No helos are waiting to land
3555,1160,filterES,out,Helicopter 1 is evacuating people1
3555,1160,filterES,,
3555,1161,helicopter,,Helicopter;1;is loading people at the evacuation site;;and has;10;spots taken
3555,5,helicopterQueue,,;No helos are waiting to land
3555,1161,helicopter,,Helicopter;1;is returning to the FOL;;and has;10;spots taken
3556.38,3,evacueeManager,,OFF SHIP: White;0;Green;77;Yellow;17;Red;2;Black;334;ON SHIP: White;0;Green;0;Yellow;0;Red;0;Evacuees to Transfer;
3556.38,319,evacuee,outES,Evacuee 318 in triage category R is not assigned a helicopter
3556.38,319,evacuee,,Evacuee;318;in triage state;B;is at the evacuation site
3561.21,3,evacueeManager,,OFF SHIP: White;0;Green;76;Yellow;18;Red;2;Black;334;ON SHIP: White;0;Green;0;Yellow;0;Red;0;Evacuees to Transfer;
3561.21,1395,evacuee,outES,Evacuee 205 in triage category G is not assigned a helicopter
3561.21,1395,evacuee,,Evacuee;205;in triage state;Y;is at the evacuation site
3564.24,3,evacueeManager,,OFF SHIP: White;0;Green;75;Yellow;19;Red;2;Black;334;ON SHIP: White;0;Green;0;Yellow;0;Red;0;Evacuees to Transfer;
3564.24,988,evacuee,outES,Evacuee 421 in triage category G is not assigned a helicopter
3564.24,988,evacuee,,Evacuee;421;in triage state;Y;is at the evacuation site
3567.28,3,evacueeManager,,OFF SHIP: White;0;Green;74;Yellow;20;Red;2;Black;334;ON SHIP: White;0;Green;0;Yellow;0;Red;0;Evacuees to Transfer;
3567.28,592,evacuee,outES,Evacuee 324 in triage category G is not assigned a helicopter
3567.28,592,evacuee,,Evacuee;324;in triage state;Y;is at the evacuation site
3580.21,3,evacueeManager,,OFF SHIP: White;0;Green;73;Yellow;21;Red;2;Black;334;ON SHIP: White;0;Green;0;Yellow;0;Red;0;Evacuees to Transfer;
3580.21,253,evacuee,outES,Evacuee 353 in triage category G is not assigned a helicopter
3580.21,253,evacuee,,Evacuee;353;in triage state;Y;is at the evacuation site
3600,5,helicopterQueue,,1;Helos are waiting to land;HeloID;2
3600,1121,helicopter,outES,Helicopter 2 is evacuating people2
3600,1121,helicopter,,Helicopter;2;is waiting to land at the evacuation site;;and has;0;spots taken
3600,4,helipadManager,,;No helos are at ES
3600,5,helicopterQueue,outHM,Helicopter 2 is evacuating people2
3600,5,helicopterQueue,outHelo,Helicopter 2 is evacuating people2
3600,5,helicopterQueue,,;No helos are waiting to land
3600,104,filterES,,
3600,1120,filterES,,Helicopter;2;is evacuating people
3600,1160,filterES,,
3600,3,evacueeManager,,OFF SHIP: White;0;Green;63;Yellow;21;Red;2;Black;334;ON SHIP: White;0;Green;0;Yellow;0;Red;0;Evacuees to Transfer;;EvacueeID;198;HeloID;2;OnShip;0;Triage Status;G;EvacueeID;206;HeloID;2;OnShip;0;Triage Status;G;EvacueeID;207;HeloID;2;OnShip;0;Triage Status;G;EvacueeID;213;HeloID;2;OnShip;0;Triage Status;G;EvacueeID;217;HeloID;2;OnShip;0;Triage Status;G;EvacueeID;218;HeloID;2;OnShip;0;Triage Status;G;EvacueeID;233;HeloID;2;OnShip;0;Triage Status;G;EvacueeID;236;HeloID;2;OnShip;0;Triage Status;G;EvacueeID;237;HeloID;2;OnShip;0;Triage Status;G;EvacueeID;238;HeloID;2;OnShip;0;Triage Status;G
3600,4,helipadManager,outEM,Helicopter 2 is evacuating people2
3600,4,helipadManager,,Helo;2;is at the ES
3600,1120,filterES,out,Helicopter 2 is evacuating people2
3600,1120,filterES,,
3600,1121,helicopter,,Helicopter;2;is waiting to land at the evacuation site;;and has;0;spots taken
3600,3,evacueeManager,outEvac,Evacuee 198 in triage category G is assigned helicopter 2
3600,3,evacueeManager,outEvac,Evacuee 206 in triage category G is assigned helicopter 2
3600,3,evacueeManager,outEvac,Evacuee 207 in triage category G is assigned helicopter 2
3600,3,evacueeManager,outEvac,Evacuee 213 in triage category G is assigned helicopter 2
3600,3,evacueeManager,outEvac,Evacuee 217 in triage category G is assigned helicopter 2
3600,3,evacueeManager,outEvac,Evacuee 218 in triage category G is assigned helicopter 2
3600,3,evacueeManager,outEvac,Evacuee 233 in triage category G is assigned helicopter 2
3600,3,evacueeManager,outEvac,Evacuee 236 in triage category G is assigned helicopter 2
3600,3,evacueeManager,outEvac,Evacuee 237 in triage category G is assigned helicopter 2
3600,3,evacueeManager,outEvac,Evacuee 238 in triage category G is assigned helicopter 2
3600,3,evacueeManager,,OFF SHIP: White;0;Green;63;Yellow;21;Red;2;Black;334;ON SHIP: White;0;Green;0;Yellow;0;Red;0;Evacuees to Transfer;
3600,7,filterLoc,,
3600,10,filterLoc,,
3600,13,filterLoc,,
3600,16,filterLoc,,
3600,19,filterLoc,,
3600,22,filterLoc,,
3600,25,filterLoc,,
3600,28,filterLoc,,
3600,31,filterLoc,,
3600,34,filterLoc,,
3600,37,filterLoc,,
3600,40,filterLoc,,
3600,43,filterLoc,,
3600,46,filterLoc,,
3600,49,filterLoc,,
3600,52,filterLoc,,
3600,55,filterLoc,,
3600,58,filterLoc,,
3600,61,filterLoc,,
3600,64,filterLoc,,
3600,67,filterLoc,,
3600,70,filterLoc,,
3600,73,filterLoc,,
3600,76,filterLoc,,
3600,79,filterLoc,,
3600,82,filterLoc,,
3600,85,filterLoc,,
3600,88,filterLoc,,
3600,91,filterLoc,,
3600,94,filterLoc,,
3600,97,filterLoc,,
3600,100,filterLoc,,
3600,107,filterLoc,,
3600,110,filterLoc,,
3600,113,filterLoc,,
3600,116,filterLoc,,
3600,119,filterLoc,,
3600,122,filterLoc,,
3600,125,filterLoc,,
3600,128,filterLoc,,
3600,131,filterLoc,,
3600,134,filterLoc,,
3600,137,filterLoc,,
3600,140,filterLoc,,
3600,143,filterLoc,,
3600,146,filterLoc,,
3600,149,filterLoc,,
3600,152,filterLoc,,
3600,155,filterLoc,,
3600,158,filterLoc,,
3600,161,filterLoc,,
3600,164,filterLoc,,
3600,167,filterLoc,,
3600,170,filterLoc,,
3600,173,filterLoc,,
3600,176,filterLoc,,
3600,179,filterLoc,,
3600,182,filterLoc,,
3600,185,filterLoc,,
3600,188,filterLoc,,
3600,191,filterLoc,,
3600,194,filterLoc,,
3600,197,filterLoc,,
3600,200,filterLoc,,
3600,203,filterLoc,,
3600,206,filterLoc,,
3600,209,filterLoc,,
3600,212,filterLoc,,
3600,215,filterLoc,,
3600,218,filterLoc,,
3600,221,filterLoc,,
3600,225,filterLoc,,
3600,228,filterLoc,,
3600,231,filterLoc,,
3600,234,filterLoc,,
3600,237,filterLoc,,
3600,240,filterLoc,,
3600,243,filterLoc,,
3600,246,filterLoc,,
3600,249,filterLoc,,
3600,252,filterLoc,,
3600,255,filterLoc,,
3600,258,filterLoc,,
3600,261,filterLoc,,
3600,264,filterLoc,,
3600,267,filterLoc,,
3600,270,filterLoc,,
3600,273,filterLoc,,
3600,276,filterLoc,,
3600,279,filterLoc,,
3600,282,filterLoc,,
3600,285,filterLoc,,
3600,288,filterLoc,,
3600,291,filterLoc,,
3600,294,filterLoc,,
3600,297,filterLoc,,
3600,300,filterLoc,,
3600,303,filterLoc,,
3600,306,filterLoc,,
3600,309,filterLoc,,
3600,312,filterLoc,,
3600,315,filterLoc,,
3600,318,filterLoc,,
3600,321,filterLoc,,
3600,324,filterLoc,,
3600,327,filterLoc,,
3600,330,filterLoc,,
3600,333,filterLoc,,
3600,336,filterLoc,,
3600,339,filterLoc,,
3600,342,filterLoc,,
3600,345,filterLoc,,
3600,348,filterLoc,,
3600,351,filterLoc,,
3600,354,filterLoc,,
3600,357,filterLoc,,
3600,360,filterLoc,,
3600,363,filterLoc,,
3600,366,filterLoc,,
3600,369,filterLoc,,
3600,372,filterLoc,,
3600,375,filterLoc,,
3600,378,filterLoc,,
3600,381,filterLoc,,
3600,384,filterLoc,,
3600,387,filterLoc,,
3600,390,filterLoc,,
3600,393,filterLoc,,
3600,396,filterLoc,,
3600,399,filterLoc,,
3600,402,filterLoc,,
3600,405,filterLoc,,
3600,408,filterLoc,,
3600,411,filterLoc,,
3600,414,filterLoc,,
3600,417,filterLoc,,
3600,420,filterLoc,,
3600,423,filterLoc,,
3600,426,filterLoc,,
3600,429,filterLoc,,
3600,432,filterLoc,,
3600,435,filterLoc,,
3600,438,filterLoc,,
3600,441,filterLoc,,
3600,444,filterLoc,,
3600,447,filterLoc,,
3600,450,filterLoc,,
3600,453,filterLoc,,
3600,456,filterLoc,,
3600,459,filterLoc,,
3600,462,filterLoc,,
3600,465,filterLoc,,
3600,468,filterLoc,,
3600,471,filterLoc,,
3600,474,filterLoc,,
3600,477,filterLoc,,
3600,480,filterLoc,,
3600,483,filterLoc,,
3600,486,filterLoc,,
3600,489,filterLoc,,
3600,492,filterLoc,,
3600,495,filterLoc,,
3600,498,filterLoc,,
3600,501,filterLoc,,
3600,504,filterLoc,,
3600,507,filterLoc,,
3600,510,filterLoc,,
3600,513,filterLoc,,
3600,516,filterLoc,,
3600,519,filterLoc,,
3600,522,filterLoc,,
3600,525,filterLoc,,
3600,528,filterLoc,,
3600,531,filterLoc,,
3600,534,filterLoc,,
3600,537,filterLoc,,
3600,540,filterLoc,,
3600,543,filterLoc,,
3600,546,filterLoc,,
3600,549,filterLoc,,
3600,552,filterLoc,,
3600,555,filterLoc,,
3600,558,filterLoc,,
3600,561,filterLoc,,
3600,564,filterLoc,,
3600,567,filterLoc,,
3600,570,filterLoc,,
3600,573,filterLoc,,
3600,576,filterLoc,,
3600,579,filterLoc,,
3600,582,filterLoc,,
3600,585,filterLoc,,
3600,588,filterLoc,,
3600,591,filterLoc,,
3600,594,filterLoc,,
3600,597,filterLoc,,
3600,600,filterLoc,,
3600,603,filterLoc,,
3600,606,filterLoc,,
3600,609,filterLoc,,
3600,612,filterLoc,,
3600,615,filterLoc,,
3600,618,filterLoc,,
3600,621,filterLoc,,
3600,624,filterLoc,,
3600,627,filterLoc,,
3600,630,filterLoc,,
3600,633,filterLoc,,
3600,636,filterLoc,,
3600,639,filterLoc,,
3600,642,filterLoc,,
3600,645,filterLoc,,
3600,648,filterLoc,,
3600,651,filterLoc,,
3600,654,filterLoc,,
3600,657,filterLoc,,
3600,660,filterLoc,,;Evacuee;213;in triage category;G;is entering helicopter;2
3600,663,filterLoc,,
3600,666,filterLoc,,
3600,669,filterLoc,,
3600,672,filterLoc,,
3600,675,filterLoc,,
3600,678,filterLoc,,
3600,681,filterLoc,,
3600,684,filterLoc,,
3600,687,filterLoc,,
3600,690,filterLoc,,
3600,693,filterLoc,,
3600,696,filterLoc,,
3600,699,filterLoc,,
3600,702,filterLoc,,
3600,705,filterLoc,,
3600,708,filterLoc,,
3600,711,filterLoc,,
3600,714,filterLoc,,
3600,717,filterLoc,,
3600,720,filterLoc,,
3600,723,filterLoc,,
3600,726,filterLoc,,
3600,729,filterLoc,,
3600,732,filterLoc,,
3600,735,filterLoc,,
3600,738,filterLoc,,
3600,741,filterLoc,,
3600,744,filterLoc,,;Evacuee;218;in triage category;G;is entering helicopter;2
3600,747,filterLoc,,
3600,750,filterLoc,,
3600,753,filterLoc,,
3600,756,filterLoc,,
3600,759,filterLoc,,
3600,762,filterLoc,,
3600,765,filterLoc,,
3600,768,filterLoc,,
3600,771,filterLoc,,
3600,774,filterLoc,,
3600,777,filterLoc,,
3600,780,filterLoc,,
3600,783,filterLoc,,
3600,786,filterLoc,,
3600,789,filterLoc,,
3600,792,filterLoc,,
3600,795,filterLoc,,
3600,798,filterLoc,,
3600,801,filterLoc,,
3600,804,filterLoc,,
3600,807,filterLoc,,
3600,810,filterLoc,,
3600,813,filterLoc,,
3600,816,filterLoc,,
3600,819,filterLoc,,
3600,822,filterLoc,,
3600,825,filterLoc,,
3600,828,filterLoc,,
3600,831,filterLoc,,
3600,834,filterLoc,,
3600,837,filterLoc,,
3600,840,filterLoc,,
3600,843,filterLoc,,
3600,846,filterLoc,,
3600,849,filterLoc,,
3600,852,filterLoc,,
3600,855,filterLoc,,
3600,858,filterLoc,,
3600,861,filterLoc,,
3600,864,filterLoc,,
3600,867,filterLoc,,
3600,870,filterLoc,,
3600,873,filterLoc,,
3600,876,filterLoc,,
3600,879,filterLoc,,
3600,882,filterLoc,,
3600,885,filterLoc,,
3600,888,filterLoc,,
3600,891,filterLoc,,
3600,894,filterLoc,,
3600,897,filterLoc,,
3600,900,filterLoc,,
3600,903,filterLoc,,
3600,906,filterLoc,,
3600,909,filterLoc,,
3600,912,filterLoc,,
3600,915,filterLoc,,
3600,918,filterLoc,,
3600,921,filterLoc,,
3600,924,filterLoc,,
3600,927,filterLoc,,
3600,930,filterLoc,,
3600,933,filterLoc,,
3600,936,filterLoc,,
3600,939,filterLoc,,
3600,942,filterLoc,,
3600,945,filterLoc,,
3600,948,filterLoc,,
3600,951,filterLoc,,
3600,954,filterLoc,,
3600,957,filterLoc,,
3600,960,filterLoc,,
3600,963,filterLoc,,
3600,966,filterLoc,,
3600,969,filterLoc,,
3600,972,filterLoc,,
3600,975,filterLoc,,
3600,978,filterLoc,,
3600,981,filterLoc,,
3600,984,filterLoc,,
3600,987,filterLoc,,
3600,990,filterLoc,,
3600,993,filterLoc,,
3600,996,filterLoc,,
3600,999,filterLoc,,
3600,1002,filterLoc,,
3600,1005,filterLoc,,
3600,1008,filterLoc,,
3600,1011,filterLoc,,
3600,1014,filterLoc,,
3600,1017,filterLoc,,
3600,1020,filterLoc,,
3600,1023,filterLoc,,
3600,1026,filterLoc,,
3600,1029,filterLoc,,
3600,1032,filterLoc,,
3600,1035,filterLoc,,
3600,1038,filterLoc,,
3600,1041,filterLoc,,
3600,1044,filterLoc,,
3600,1047,filterLoc,,
3600,1050,filterLoc,,
3600,1053,filterLoc,,
3600,1056,filterLoc,,
3600,1059,filterLoc,,;Evacuee;198;in triage category;G;is entering helicopter;2
3600,1062,filterLoc,,
3600,1065,filterLoc,,
3600,1068,filterLoc,,
3600,1071,filterLoc,,
3600,1074,filterLoc,,
3600,1077,filterLoc,,
3600,1080,filterLoc,,
3600,1083,filterLoc,,
3600,1086,filterLoc,,
3600,1089,filterLoc,,
3600,1092,filterLoc,,
3600,1095,filterLoc,,
3600,1098,filterLoc,,
3600,1101,filterLoc,,
3600,1104,filterLoc,,
3600,1107,filterLoc,,
3600,1110,filterLoc,,
3600,1113,filterLoc,,
3600,1116,filterLoc,,
3600,1121,helicopter,,Helicopter;2;is loading people at the evacuation site;;and has;0;spots taken
3600,1123,filterLoc,,
3600,1126,filterLoc,,
3600,1129,filterLoc,,
3600,1132,filterLoc,,
3600,1135,filterLoc,,
3600,1138,filterLoc,,
3600,1141,filterLoc,,
3600,1144,filterLoc,,
3600,1147,filterLoc,,
3600,1150,filterLoc,,
3600,1153,filterLoc,,
3600,1156,filterLoc,,
3600,1163,filterLoc,,
3600,1166,filterLoc,,
3600,1169,filterLoc,,
3600,1172,filterLoc,,
3600,1175,filterLoc,,
3600,1178,filterLoc,,
3600,1181,filterLoc,,
3600,1184,filterLoc,,
3600,1187,filterLoc,,
3600,1190,filterLoc,,
3600,1193,filterLoc,,
3600,1196,filterLoc,,
3600,1199,filterLoc,,
3600,1202,filterLoc,,
3600,1205,filterLoc,,
3600,1208,filterLoc,,
3600,1211,filterLoc,,
3600,1214,filterLoc,,
3600,1217,filterLoc,,
3600,1220,filterLoc,,
3600,1223,filterLoc,,
3600,1226,filterLoc,,
3600,1229,filterLoc,,
3600,1232,filterLoc,,
3600,1235,filterLoc,,
3600,1238,filterLoc,,
3600,1241,filterLoc,,
3600,1244,filterLoc,,
3600,1247,filterLoc,,
3600,1250,filterLoc,,
3600,1253,filterLoc,,
3600,1256,filterLoc,,
3600,1259,filterLoc,,
3600,1262,filterLoc,,
3600,1265,filterLoc,,
3600,1268,filterLoc,,
3600,1271,filterLoc,,
3600,1274,filterLoc,,
3600,1277,filterLoc,,
3600,1280,filterLoc,,
3600,1283,filterLoc,,
3600,1286,filterLoc,,
3600,1289,filterLoc,,
3600,1292,filterLoc,,
3600,1295,filterLoc,,
3600,1298,filterLoc,,
3600,1301,filterLoc,,
3600,1304,filterLoc,,
3600,1307,filterLoc,,
3600,1310,filterLoc,,
3600,1313,filterLoc,,
3600,1316,filterLoc,,
3600,1319,filterLoc,,
3600,1322,filterLoc,,
3600,1325,filterLoc,,
3600,1328,filterLoc,,
3600,1331,filterLoc,,
3600,1334,filterLoc,,
3600,1337,filterLoc,,;Evacuee;217;in triage category;G;is entering helicopter;2
3600,1340,filterLoc,,
3600,1343,filterLoc,,
3600,1346,filterLoc,,
3600,1349,filterLoc,,
3600,1352,filterLoc,,
3600,1355,filterLoc,,
3600,1358,filterLoc,,
3600,1361,filterLoc,,
3600,1364,filterLoc,,
3600,1367,filterLoc,,
3600,1370,filterLoc,,
3600,1373,filterLoc,,
3600,1376,filterLoc,,
3600,1379,filterLoc,,
3600,1382,filterLoc,,
3600,1385,filterLoc,,
3600,1388,filterLoc,,
3600,1391,filterLoc,,
3600,1394,filterLoc,,
3600,1397,filterLoc,,
3600,1400,filterLoc,,
3600,1403,filterLoc,,;Evacuee;206;in triage category;G;is entering helicopter;2
3600,1406,filterLoc,,
3600,1409,filterLoc,,;Evacuee;207;in triage category;G;is entering helicopter;2
3600,1412,filterLoc,,
3600,1415,filterLoc,,
3600,1418,filterLoc,,
3600,1421,filterLoc,,
3600,1424,filterLoc,,
3600,1427,filterLoc,,
3600,1430,filterLoc,,
3600,1433,filterLoc,,
3600,1436,filterLoc,,
3600,1439,filterLoc,,
3600,1442,filterLoc,,
3600,1445,filterLoc,,
3600,1448,filterLoc,,
3600,1451,filterLoc,,
3600,1454,filterLoc,,
3600,1457,filterLoc,,
3600,1460,filterLoc,,
3600,1463,filterLoc,,;Evacuee;233;in triage category;G;is entering helicopter;2
3600,1466,filterLoc,,;Evacuee;236;in triage category;G;is entering helicopter;2
3600,1469,filterLoc,,
3600,1472,filterLoc,,;Evacuee;237;in triage category;G;is entering helicopter;2
3600,1475,filterLoc,,;Evacuee;238;in triage category;G;is entering helicopter;2
3600,1478,filterLoc,,
3600,1481,filterLoc,,
3600,1484,filterLoc,,
3600,1487,filterLoc,,
3600,1490,filterLoc,,
3600,1493,filterLoc,,
3600,1496,filterLoc,,
3600,1499,filterLoc,,
3600,1502,filterLoc,,
3600,1505,filterLoc,,
3600,1508,filterLoc,,
3600,1511,filterLoc,,
3600,1514,filterLoc,,
3600,1517,filterLoc,,
3600,660,filterLoc,out,Evacuee 213 in triage category G is assigned helicopter 2
3600,660,filterLoc,,
3600,661,evacuee,,Evacuee;213;in triage state;G;is entering helicopter;2
3600,744,filterLoc,out,Evacuee 218 in triage category G is assigned helicopter 2
3600,744,filterLoc,,
3600,745,evacuee,,Evacuee;218;in triage state;G;is entering helicopter;2
3600,1059,filterLoc,out,Evacuee 198 in triage category G is assigned helicopter 2
3600,1059,filterLoc,,
3600,1060,evacuee,,Evacuee;198;in triage state;G;is entering helicopter;2
3600,1337,filterLoc,out,Evacuee 217 in triage category G is assigned helicopter 2
3600,1337,filterLoc,,
3600,1338,evacuee,,Evacuee;217;in triage state;G;is entering helicopter;2
3600,1403,filterLoc,out,Evacuee 206 in triage category G is assigned helicopter 2
3600,1403,filterLoc,,
3600,1404,evacuee,,Evacuee;206;in triage state;G;is entering helicopter;2
3600,1409,filterLoc,out,Evacuee 207 in triage category G is assigned helicopter 2
3600,1409,filterLoc,,
3600,1410,evacuee,,Evacuee;207;in triage state;G;is entering helicopter;2
3600,1463,filterLoc,out,Evacuee 233 in triage category G is assigned helicopter 2
3600,1463,filterLoc,,
3600,1464,evacuee,,Evacuee;233;in triage state;G;is entering helicopter;2
3600,1466,filterLoc,out,Evacuee 236 in triage category G is assigned helicopter 2
3600,1466,filterLoc,,
3600,1467,evacuee,,Evacuee;236;in triage state;G;is entering helicopter;2
3600,1472,filterLoc,out,Evacuee 237 in triage category G is assigned helicopter 2
3600,1472,filterLoc,,
3600,1473,evacuee,,Evacuee;237;in triage state;G;is entering helicopter;2
3600,1475,filterLoc,out,Evacuee 238 in triage category G is assigned helicopter 2
3600,1475,filterLoc,,
3600,1476,evacuee,,Evacuee;238;in triage state;G;is entering helicopter;2
3600,103,filterEvac,,
3600,661,evacuee,outHelo,Evacuee 213 in triage category G is assigned helicopter 2
3600,661,evacuee,,Evacuee;213;in triage state;G;is in helicopter;2
3600,745,evacuee,outHelo,Evacuee 218 in triage category G is assigned helicopter 2
3600,745,evacuee,,Evacuee;218;in triage state;G;is in helicopter;2
3600,1060,evacuee,outHelo,Evacuee 198 in triage category G is assigned helicopter 2
3600,1060,evacuee,,Evacuee;198;in triage state;G;is in helicopter;2
3600,1119,filterEvac,,;Evacuee;198;in triage category;G;is entering helicopter;2;Evacuee;206;in triage category;G;is entering helicopter;2;Evacuee;207;in triage category;G;is entering helicopter;2;Evacuee;213;in triage category;G;is entering helicopter;2;Evacuee;217;in triage category;G;is entering helicopter;2;Evacuee;218;in triage category;G;is entering helicopter;2;Evacuee;233;in triage category;G;is entering helicopter;2;Evacuee;236;in triage category;G;is entering helicopter;2;Evacuee;237;in triage category;G;is entering helicopter;2;Evacuee;238;in triage category;G;is entering helicopter;2
3600,1159,filterEvac,,
3600,1338,evacuee,outHelo,Evacuee 217 in triage category G is assigned helicopter 2
3600,1338,evacuee,,Evacuee;217;in triage state;G;is in helicopter;2
3600,1404,evacuee,outHelo,Evacuee 206 in triage category G is assigned helicopter 2
3600,1404,evacuee,,Evacuee;206;in triage state;G;is in helicopter;2
3600,1410,evacuee,outHelo,Evacuee 207 in triage category G is assigned helicopter 2
3600,1410,evacuee,,Evacuee;207;in triage state;G;is in helicopter;2
3600,1464,evacuee,outHelo,Evacuee 233 in triage category G is assigned helicopter 2
3600,1464,evacuee,,Evacuee;233;in triage state;G;is in helicopter;2
3600,1467,evacuee,outHelo,Evacuee 236 in triage category G is assigned helicopter 2
3600,1467,evacuee,,Evacuee;236;in triage state;G;is in helicopter;2
3600,1473,evacuee,outHelo,Evacuee 237 in triage category G is assigned helicopter 2
3600,1473,evacuee,,Evacuee;237;in triage state;G;is in helicopter;2
3600,1476,evacuee,outHelo,Evacuee 238 in triage category G is assigned helicopter 2
3600,1476,evacuee,,Evacuee;238;in triage state;G;is in helicopter;2
3600,1119,filterEvac,out,Evacuee 198 in triage category G is assigned helicopter 2
3600,1119,filterEvac,out,Evacuee 206 in triage category G is assigned helicopter 2
3600,1119,filterEvac,out,Evacuee 207 in triage category G is assigned helicopter 2
3600,1119,filterEvac,out,Evacuee 213 in triage category G is assigned helicopter 2
3600,1119,filterEvac,out,Evacuee 217 in triage category G is assigned helicopter 2
3600,1119,filterEvac,out,Evacuee 218 in triage category G is assigned helicopter 2
3600,1119,filterEvac,out,Evacuee 233 in triage category G is assigned helicopter 2
3600,1119,filterEvac,out,Evacuee 236 in triage category G is assigned helicopter 2
3600,1119,filterEvac,out,Evacuee 237 in triage category G is assigned helicopter 2
3600,1119,filterEvac,out,Evacuee 238 in triage category G is assigned helicopter 2
3600,1119,filterEvac,,
3600,1121,helicopter,,Helicopter;2;is loading people at the evacuation site;;and has;10;spots taken
3603.05,3,evacueeManager,,OFF SHIP: White;0;Green;63;Yellow;20;Red;3;Black;334;ON SHIP: White;0;Green;0;Yellow;0;Red;0;Evacuees to Transfer;
3603.05,847,evacuee,outES,Evacuee 394 in triage category Y is not assigned a helicopter
3603.05,847,evacuee,,Evacuee;394;in triage state;R;is at the evacuation site
3615,4,helipadManager,outHelo,Helicopter 2 is evacuating people2
3615,4,helipadManager,,;No helos are at ES
3615,104,filterES,,
3615,1120,filterES,,Helicopter;2;is evacuating people
3615,1160,filterES,,
3615,4,helipadManager,outHQ,0
3615,4,helipadManager,,;No helos are at ES
3615,5,helicopterQueue,,;No helos are waiting to land
3615,1120,filterES,out,Helicopter 2 is evacuating people2
3615,1120,filterES,,
3615,1121,helicopter,,Helicopter;2;is loading people at the evacuation site;;and has;10;spots taken
3615,5,helicopterQueue,,;No helos are waiting to land
3615,1121,helicopter,,Helicopter;2;is returning to the FOL;;and has;10;spots taken
3634.47,3,evacueeManager,,OFF SHIP: White;0;Green;63;Yellow;20;Red;2;Black;335;ON SHIP: White;0;Green;0;Yellow;0;Red;0;Evacuees to Transfer;
3634.47,553,evacuee,outES,Evacuee 105 in triage category R is not assigned a helicopter
3634.47,553,evacuee,,Evacuee;105;in triage state;B;is at the evacuation site
3636.59,3,evacueeManager,,OFF SHIP: White;0;Green;62;Yellow;21;Red;2;Black;335;ON SHIP: White;0;Green;0;Yellow;0;Red;0;Evacuees to Transfer;
3636.59,796,evacuee,outES,Evacuee 400 in triage category G is not assigned a helicopter
3636.59,796,evacuee,,Evacuee;400;in triage state;Y;is at the evacuation site
3637.39,3,evacueeManager,,OFF SHIP: White;0;Green;62;Yellow;21;Red;1;Black;336;ON SHIP: White;0;Green;0;Yellow;0;Red;0;Evacuees to Transfer;
3637.39,847,evacuee,outES,Evacuee 394 in triage category R is not assigned a helicopter
3637.39,847,evacuee,,Evacuee;394;in triage state;B;is at the evacuation site
3638.89,3,evacueeManager,,OFF SHIP: White;0;Green;62;Yellow;20;Red;2;Black;336;ON SHIP: White;0;Green;0;Yellow;0;Red;0;Evacuees to Transfer;
3638.89,988,evacuee,outES,Evacuee 421 in triage category Y is not assigned a helicopter
3638.89,988,evacuee,,Evacuee;421;in triage state;R;is at the evacuation site
3659.28,3,evacueeManager,,OFF SHIP: White;0;Green;62;Yellow;20;Red;1;Black;337;ON SHIP: White;0;Green;0;Yellow;0;Red;0;Evacuees to Transfer;
3659.28,988,evacuee,outES,Evacuee 421 in triage category R is not assigned a helicopter
3659.28,988,evacuee,,Evacuee;421;in triage state;B;is at the evacuation site
3660,5,helicopterQueue,,1;Helos are waiting to land;HeloID;3
3660,105,helicopter,outES,Helicopter 3 is evacuating people3
3660,105,helicopter,,Helicopter;3;is waiting to land at the evacuation site;;and has;0;spots taken
3660,4,helipadManager,,;No helos are at ES
3660,5,helicopterQueue,outHM,Helicopter 3 is evacuating people3
3660,5,helicopterQueue,outHelo,Helicopter 3 is evacuating people3
3660,5,helicopterQueue,,;No helos are waiting to land
3660,104,filterES,,Helicopter;3;is evacuating people
3660,1120,filterES,,
3660,1160,filterES,,
3660,3,evacueeManager,,OFF SHIP: White;0;Green;52;Yellow;20;Red;1;Black;337;ON SHIP: White;0;Green;0;Yellow;0;Red;0;Evacuees to Transfer;;EvacueeID;239;HeloID;3;OnShip;0;Triage Status;G;EvacueeID;242;HeloID;3;OnShip;0;Triage Status;G;EvacueeID;253;HeloID;3;OnShip;0;Triage Status;G;EvacueeID;265;HeloID;3;OnShip;0;Triage Status;G;EvacueeID;268;HeloID;3;OnShip;0;Triage Status;G;EvacueeID;276;HeloID;3;OnShip;0;Triage Status;G;EvacueeID;280;HeloID;3;OnShip;0;Triage Status;G;EvacueeID;281;HeloID;3;OnShip;0;Triage Status;G;EvacueeID;282;HeloID;3;OnShip;0;Triage Status;G;EvacueeID;283;HeloID;3;OnShip;0;Triage Status;G
3660,4,helipadManager,outEM,Helicopter 3 is evacuating people3
3660,4,helipadManager,,Helo;3;is at the ES
3660,104,filterES,out,Helicopter 3 is evacuating people3
3660,104,filterES,,
3660,105,helicopter,,Helicopter;3;is waiting to land at the evacuation site;;and has;0;spots taken
3660,3,evacueeManager,outEvac,Evacuee 239 in triage category G is assigned helicopter 3
3660,3,evacueeManager,outEvac,Evacuee 242 in triage category G is assigned helicopter 3
3660,3,evacueeManager,outEvac,Evacuee 253 in triage category G is assigned helicopter 3
3660,3,evacueeManager,outEvac,Evacuee 265 in triage category G is assigned helicopter 3
3660,3,evacueeManager,outEvac,Evacuee 268 in triage category G is assigned helicopter 3
3660,3,evacueeManager,outEvac,Evacuee 276 in triage category G is assigned helicopter 3
3660,3,evacueeManager,outEvac,Evacuee 280 in triage category G is assigned helicopter 3
3660,3,evacueeManager,outEvac,Evacuee 281 in triage category G is assigned helicopter 3
3660,3,evacueeManager,outEvac,Evacuee 282 in triage category G is assigned helicopter 3
3660,3,evacueeManager,outEvac,Evacuee 283 in triage category G is assigned helicopter 3
3660,3,evacueeManager,,OFF SHIP: White;0;Green;52;Yellow;20;Red;1;Black;337;ON SHIP: White;0;Green;0;Yellow;0;Red;0;Evacuees to Transfer;
3660,7,filterLoc,,
3660,10,filterLoc,,
3660,13,filterLoc,,
3660,16,filterLoc,,
3660,19,filterLoc,,
3660,22,filterLoc,,
3660,25,filterLoc,,
3660,28,filterLoc,,
3660,31,filterLoc,,
3660,34,filterLoc,,
3660,37,filterLoc,,
3660,40,filterLoc,,
3660,43,filterLoc,,
3660,46,filterLoc,,
3660,49,filterLoc,,
3660,52,filterLoc,,
3660,55,filterLoc,,
3660,58,filterLoc,,
3660,61,filterLoc,,
3660,64,filterLoc,,
3660,67,filterLoc,,
3660,70,filterLoc,,
3660,73,filterLoc,,
3660,76,filterLoc,,
3660,79,filterLoc,,
3660,82,filterLoc,,
3660,85,filterLoc,,
3660,88,filterLoc,,
3660,91,filterLoc,,
3660,94,filterLoc,,
3660,97,filterLoc,,
3660,100,filterLoc,,
3660,105,helicopter,,Helicopter;3;is loading people at the evacuation site;;and has;0;spots taken
3660,107,filterLoc,,
3660,110,filterLoc,,
3660,113,filterLoc,,
3660,116,filterLoc,,
3660,119,filterLoc,,
3660,122,filterLoc,,
3660,125,filterLoc,,
3660,128,filterLoc,,
3660,131,filterLoc,,
3660,134,filterLoc,,
3660,137,filterLoc,,
3660,140,filterLoc,,
3660,143,filterLoc,,
3660,146,filterLoc,,
3660,149,filterLoc,,
3660,152,filterLoc,,
3660,155,filterLoc,,
3660,158,filterLoc,,
3660,161,filterLoc,,
3660,164,filterLoc,,
3660,167,filterLoc,,
3660,170,filterLoc,,
3660,173,filterLoc,,
3660,176,filterLoc,,
3660,179,filterLoc,,
3660,182,filterLoc,,
3660,185,filterLoc,,
3660,188,filterLoc,,
3660,191,filterLoc,,
3660,194,filterLoc,,
3660,197,filterLoc,,
3660,200,filterLoc,,
3660,203,filterLoc,,
3660,206,filterLoc,,
3660,209,filterLoc,,
3660,212,filterLoc,,
3660,215,filterLoc,,
3660,218,filterLoc,,
3660,221,filterLoc,,
3660,225,filterLoc,,
3660,228,filterLoc,,
3660,231,filterLoc,,
3660,234,filterLoc,,
3660,237,filterLoc,,
3660,240,filterLoc,,
3660,243,filterLoc,,
3660,246,filterLoc,,
3660,249,filterLoc,,
3660,252,filterLoc,,
3660,255,filterLoc,,
3660,258,filterLoc,,
3660,261,filterLoc,,
3660,264,filterLoc,,
3660,267,filterLoc,,
3660,270,filterLoc,,
3660,273,filterLoc,,
3660,276,filterLoc,,
3660,279,filterLoc,,
3660,282,filterLoc,,
3660,285,filterLoc,,
3660,288,filterLoc,,
3660,291,filterLoc,,
3660,294,filterLoc,,
3660,297,filterLoc,,
3660,300,filterLoc,,
3660,303,filterLoc,,
3660,306,filterLoc,,
3660,309,filterLoc,,
3660,312,filterLoc,,
3660,315,filterLoc,,
3660,318,filterLoc,,
3660,321,filterLoc,,
3660,324,filterLoc,,
3660,327,filterLoc,,
3660,330,filterLoc,,
3660,333,filterLoc,,
3660,336,filterLoc,,
3660,339,filterLoc,,
3660,342,filterLoc,,
3660,345,filterLoc,,
3660,348,filterLoc,,
3660,351,filterLoc,,
3660,354,filterLoc,,
3660,357,filterLoc,,
3660,360,filterLoc,,
3660,363,filterLoc,,
3660,366,filterLoc,,
3660,369,filterLoc,,
3660,372,filterLoc,,
3660,375,filterLoc,,
3660,378,filterLoc,,
3660,381,filterLoc,,
3660,384,filterLoc,,
3660,387,filterLoc,,
3660,390,filterLoc,,
3660,393,filterLoc,,
3660,396,filterLoc,,;Evacuee;283;in triage category;G;is entering helicopter;3
3660,399,filterLoc,,;Evacuee;282;in triage category;G;is entering helicopter;3
3660,402,filterLoc,,;Evacuee;281;in triage category;G;is entering helicopter;3
3660,405,filterLoc,,;Evacuee;280;in triage category;G;is entering helicopter;3
3660,408,filterLoc,,
3660,411,filterLoc,,
3660,414,filterLoc,,
3660,417,filterLoc,,
3660,420,filterLoc,,
3660,423,filterLoc,,
3660,426,filterLoc,,
3660,429,filterLoc,,
3660,432,filterLoc,,
3660,435,filterLoc,,
3660,438,filterLoc,,
3660,441,filterLoc,,
3660,444,filterLoc,,
3660,447,filterLoc,,
3660,450,filterLoc,,
3660,453,filterLoc,,
3660,456,filterLoc,,
3660,459,filterLoc,,
3660,462,filterLoc,,
3660,465,filterLoc,,
3660,468,filterLoc,,
3660,471,filterLoc,,
3660,474,filterLoc,,;Evacuee;276;in triage category;G;is entering helicopter;3
3660,477,filterLoc,,
3660,480,filterLoc,,
3660,483,filterLoc,,
3660,486,filterLoc,,
3660,489,filterLoc,,
3660,492,filterLoc,,
3660,495,filterLoc,,
3660,498,filterLoc,,
3660,501,filterLoc,,
3660,504,filterLoc,,
3660,507,filterLoc,,
3660,510,filterLoc,,
3660,513,filterLoc,,
3660,516,filterLoc,,
3660,519,filterLoc,,
3660,522,filterLoc,,
3660,525,filterLoc,,
3660,528,filterLoc,,
3660,531,filterLoc,,
3660,534,filterLoc,,
3660,537,filterLoc,,
3660,540,filterLoc,,
3660,543,filterLoc,,
3660,546,filterLoc,,
3660,549,filterLoc,,
3660,552,filterLoc,,
3660,555,filterLoc,,
3660,558,filterLoc,,
3660,561,filterLoc,,
3660,564,filterLoc,,
3660,567,filterLoc,,
3660,570,filterLoc,,
3660,573,filterLoc,,
3660,576,filterLoc,,
3660,579,filterLoc,,
3660,582,filterLoc,,
3660,585,filterLoc,,
3660,588,filterLoc,,
3660,591,filterLoc,,
3660,594,filterLoc,,
3660,597,filterLoc,,
3660,600,filterLoc,,
3660,603,filterLoc,,
3660,606,filterLoc,,
3660,609,filterLoc,,
3660,612,filterLoc,,
3660,615,filterLoc,,
3660,618,filterLoc,,
3660,621,filterLoc,,
3660,624,filterLoc,,
3660,627,filterLoc,,
3660,630,filterLoc,,
3660,633,filterLoc,,
3660,636,filterLoc,,
3660,639,filterLoc,,
3660,642,filterLoc,,
3660,645,filterLoc,,
3660,648,filterLoc,,
3660,651,filterLoc,,
3660,654,filterLoc,,
3660,657,filterLoc,,
3660,660,filterLoc,,
3660,663,filterLoc,,
3660,666,filterLoc,,
3660,669,filterLoc,,
3660,672,filterLoc,,
3660,675,filterLoc,,
3660,678,filterLoc,,
3660,681,filterLoc,,
3660,684,filterLoc,,
3660,687,filterLoc,,
3660,690,filterLoc,,
3660,693,filterLoc,,
3660,696,filterLoc,,
3660,699,filterLoc,,
3660,702,filterLoc,,
3660,705,filterLoc,,
3660,708,filterLoc,,
3660,711,filterLoc,,
3660,714,filterLoc,,
3660,717,filterLoc,,
3660,720,filterLoc,,
3660,723,filterLoc,,
3660,726,filterLoc,,
3660,729,filterLoc,,
3660,732,filterLoc,,
3660,735,filterLoc,,
3660,738,filterLoc,,
3660,741,filterLoc,,
3660,744,filterLoc,,
3660,747,filterLoc,,
3660,750,filterLoc,,
3660,753,filterLoc,,
3660,756,filterLoc,,
3660,759,filterLoc,,
3660,762,filterLoc,,
3660,765,filterLoc,,
3660,768,filterLoc,,
3660,771,filterLoc,,
3660,774,filterLoc,,
3660,777,filterLoc,,
3660,780,filterLoc,,
3660,783,filterLoc,,
3660,786,filterLoc,,
3660,789,filterLoc,,
3660,792,filterLoc,,
3660,795,filterLoc,,
3660,798,filterLoc,,;Evacuee;268;in triage category;G;is entering helicopter;3
3660,801,filterLoc,,
3660,804,filterLoc,,
3660,807,filterLoc,,
3660,810,filterLoc,,
3660,813,filterLoc,,
3660,816,filterLoc,,
3660,819,filterLoc,,
3660,822,filterLoc,,
3660,825,filterLoc,,
3660,828,filterLoc,,
3660,831,filterLoc,,
3660,834,filterLoc,,
3660,837,filterLoc,,
3660,840,filterLoc,,
3660,843,filterLoc,,
3660,846,filterLoc,,
3660,849,filterLoc,,
3660,852,filterLoc,,
3660,855,filterLoc,,
3660,858,filterLoc,,
3660,861,filterLoc,,
3660,864,filterLoc,,
3660,867,filterLoc,,
3660,870,filterLoc,,
3660,873,filterLoc,,
3660,876,filterLoc,,
3660,879,filterLoc,,
3660,882,filterLoc,,
3660,885,filterLoc,,
3660,888,filterLoc,,
3660,891,filterLoc,,
3660,894,filterLoc,,
3660,897,filterLoc,,
3660,900,filterLoc,,
3660,903,filterLoc,,
3660,906,filterLoc,,
3660,909,filterLoc,,
3660,912,filterLoc,,
3660,915,filterLoc,,
3660,918,filterLoc,,
3660,921,filterLoc,,
3660,924,filterLoc,,
3660,927,filterLoc,,
3660,930,filterLoc,,
3660,933,filterLoc,,
3660,936,filterLoc,,
3660,939,filterLoc,,
3660,942,filterLoc,,
3660,945,filterLoc,,
3660,948,filterLoc,,
3660,951,filterLoc,,
3660,954,filterLoc,,
3660,957,filterLoc,,
3660,960,filterLoc,,
3660,963,filterLoc,,
3660,966,filterLoc,,
3660,969,filterLoc,,
3660,972,filterLoc,,
3660,975,filterLoc,,
3660,978,filterLoc,,
3660,981,filterLoc,,
3660,984,filterLoc,,
3660,987,filterLoc,,
3660,990,filterLoc,,
3660,993,filterLoc,,
3660,996,filterLoc,,
3660,999,filterLoc,,
3660,1002,filterLoc,,
3660,1005,filterLoc,,
3660,1008,filterLoc,,
3660,1011,filterLoc,,
3660,1014,filterLoc,,
3660,1017,filterLoc,,
3660,1020,filterLoc,,
3660,1023,filterLoc,,
3660,1026,filterLoc,,
3660,1029,filterLoc,,
3660,1032,filterLoc,,
3660,1035,filterLoc,,
3660,1038,filterLoc,,
3660,1041,filterLoc,,
3660,1044,filterLoc,,
3660,1047,filterLoc,,
3660,1050,filterLoc,,
3660,1053,filterLoc,,
3660,1056,filterLoc,,
3660,1059,filterLoc,,
3660,1062,filterLoc,,
3660,1065,filterLoc,,
3660,1068,filterLoc,,
3660,1071,filterLoc,,
3660,1074,filterLoc,,
3660,1077,filterLoc,,
3660,1080,filterLoc,,
3660,1083,filterLoc,,
3660,1086,filterLoc,,
3660,1089,filterLoc,,
3660,1092,filterLoc,,
3660,1095,filterLoc,,
3660,1098,filterLoc,,
3660,1101,filterLoc,,
3660,1104,filterLoc,,
3660,1107,filterLoc,,
3660,1110,filterLoc,,
3660,1113,filterLoc,,
3660,1116,filterLoc,,
3660,1123,filterLoc,,
3660,1126,filterLoc,,
3660,1129,filterLoc,,
3660,1132,filterLoc,,
3660,1135,filterLoc,,
3660,1138,filterLoc,,
3660,1141,filterLoc,,
3660,1144,filterLoc,,
3660,1147,filterLoc,,
3660,1150,filterLoc,,
3660,1153,filterLoc,,
3660,1156,filterLoc,,
3660,1163,filterLoc,,
3660,1166,filterLoc,,
3660,1169,filterLoc,,
3660,1172,filterLoc,,
3660,1175,filterLoc,,
3660,1178,filterLoc,,
3660,1181,filterLoc,,
3660,1184,filterLoc,,
3660,1187,filterLoc,,
3660,1190,filterLoc,,
3660,1193,filterLoc,,
3660,1196,filterLoc,,
3660,1199,filterLoc,,;Evacuee;265;in triage category;G;is entering helicopter;3
3660,1202,filterLoc,,
3660,1205,filterLoc,,
3660,1208,filterLoc,,
3660,1211,filterLoc,,
3660,1214,filterLoc,,
3660,1217,filterLoc,,
3660,1220,filterLoc,,
3660,1223,filterLoc,,
3660,1226,filterLoc,,
3660,1229,filterLoc,,
3660,1232,filterLoc,,
3660,1235,filterLoc,,
3660,1238,filterLoc,,
3660,1241,filterLoc,,
3660,1244,filterLoc,,
3660,1247,filterLoc,,
3660,1250,filterLoc,,
3660,1253,filterLoc,,
3660,1256,filterLoc,,
3660,1259,filterLoc,,
3660,1262,filterLoc,,
3660,1265,filterLoc,,
3660,1268,filterLoc,,;Evacuee;242;in triage category;G;is entering helicopter;3
3660,1271,filterLoc,,
3660,1274,filterLoc,,
3660,1277,filterLoc,,
3660,1280,filterLoc,,
3660,1283,filterLoc,,
3660,1286,filterLoc,,
3660,1289,filterLoc,,
3660,1292,filterLoc,,
3660,1295,filterLoc,,
3660,1298,filterLoc,,
3660,1301,filterLoc,,
3660,1304,filterLoc,,
3660,1307,filterLoc,,
3660,1310,filterLoc,,
3660,1313,filterLoc,,
3660,1316,filterLoc,,
3660,1319,filterLoc,,
3660,1322,filterLoc,,
3660,1325,filterLoc,,
3660,1328,filterLoc,,
3660,1331,filterLoc,,
3660,1334,filterLoc,,
3660,1337,filterLoc,,
3660,1340,filterLoc,,
3660,1343,filterLoc,,;Evacuee;253;in triage category;G;is entering helicopter;3
3660,1346,filterLoc,,
3660,1349,filterLoc,,
3660,1352,filterLoc,,
3660,1355,filterLoc,,
3660,1358,filterLoc,,
3660,1361,filterLoc,,
3660,1364,filterLoc,,
3660,1367,filterLoc,,
3660,1370,filterLoc,,
3660,1373,filterLoc,,
3660,1376,filterLoc,,
3660,1379,filterLoc,,
3660,1382,filterLoc,,
3660,1385,filterLoc,,
3660,1388,filterLoc,,
3660,1391,filterLoc,,
3660,1394,filterLoc,,
3660,1397,filterLoc,,
3660,1400,filterLoc,,
3660,1403,filterLoc,,
3660,1406,filterLoc,,
3660,1409,filterLoc,,
3660,1412,filterLoc,,
3660,1415,filterLoc,,
3660,1418,filterLoc,,
3660,1421,filterLoc,,
3660,1424,filterLoc,,
3660,1427,filterLoc,,
3660,1430,filterLoc,,
3660,1433,filterLoc,,
3660,1436,filterLoc,,
3660,1439,filterLoc,,
3660,1442,filterLoc,,
3660,1445,filterLoc,,
3660,1448,filterLoc,,
3660,1451,filterLoc,,
3660,1454,filterLoc,,
3660,1457,filterLoc,,
3660,1460,filterLoc,,
3660,1463,filterLoc,,
3660,1466,filterLoc,,
3660,1469,filterLoc,,
3660,1472,filterLoc,,
3660,1475,filterLoc,,
3660,1478,filterLoc,,
3660,1481,filterLoc,,;Evacuee;239;in triage category;G;is entering helicopter;3
3660,1484,filterLoc,,
3660,1487,filterLoc,,
3660,1490,filterLoc,,
3660,1493,filterLoc,,
3660,1496,filterLoc,,
3660,1499,filterLoc,,
3660,1502,filterLoc,,
3660,1505,filterLoc,,
3660,1508,filterLoc,,
3660,1511,filterLoc,,
3660,1514,filterLoc,,
3660,1517,filterLoc,,
3660,396,filterLoc,out,Evacuee 283 in triage category G is assigned helicopter 3
3660,396,filterLoc,,
3660,397,evacuee,,Evacuee;283;in triage state;G;is entering helicopter;3
3660,399,filterLoc,out,Evacuee 282 in triage category G is assigned helicopter 3
3660,399,filterLoc,,
3660,400,evacuee,,Evacuee;282;in triage state;G;is entering helicopter;3
3660,402,filterLoc,out,Evacuee 281 in triage category G is assigned helicopter 3
3660,402,filterLoc,,
3660,403,evacuee,,Evacuee;281;in triage state;G;is entering helicopter;3
3660,405,filterLoc,out,Evacuee 280 in triage category G is assigned helicopter 3
3660,405,filterLoc,,
3660,406,evacuee,,Evacuee;280;in triage state;G;is entering helicopter;3
3660,474,filterLoc,out,Evacuee 276 in triage category G is assigned helicopter 3
3660,474,filterLoc,,
3660,475,evacuee,,Evacuee;276;in triage state;G;is entering helicopter;3
3660,798,filterLoc,out,Evacuee 268 in triage category G is assigned helicopter 3
3660,798,filterLoc,,
3660,799,evacuee,,Evacuee;268;in triage state;G;is entering helicopter;3
3660,1199,filterLoc,out,Evacuee 265 in triage category G is assigned helicopter 3
3660,1199,filterLoc,,
3660,1200,evacuee,,Evacuee;265;in triage state;G;is entering helicopter;3
3660,1268,filterLoc,out,Evacuee 242 in triage category G is assigned helicopter 3
3660,1268,filterLoc,,
3660,1269,evacuee,,Evacuee;242;in triage state;G;is entering helicopter;3
3660,1343,filterLoc,out,Evacuee 253 in triage category G is assigned helicopter 3
3660,1343,filterLoc,,
3660,1344,evacuee,,Evacuee;253;in triage state;G;is entering helicopter;3
3660,1481,filterLoc,out,Evacuee 239 in triage category G is assigned helicopter 3
3660,1481,filterLoc,,
3660,1482,evacuee,,Evacuee;239;in triage state;G;is entering helicopter;3
3660,103,filterEvac,,;Evacuee;239;in triage category;G;is entering helicopter;3;Evacuee;242;in triage category;G;is entering helicopter;3;Evacuee;253;in triage category;G;is entering helicopter;3;Evacuee;265;in triage category;G;is entering helicopter;3;Evacuee;268;in triage category;G;is entering helicopter;3;Evacuee;276;in triage category;G;is entering helicopter;3;Evacuee;280;in triage category;G;is entering helicopter;3;Evacuee;281;in triage category;G;is entering helicopter;3;Evacuee;282;in triage category;G;is entering helicopter;3;Evacuee;283;in triage category;G;is entering helicopter;3
3660,397,evacuee,outHelo,Evacuee 283 in triage category G is assigned helicopter 3
3660,397,evacuee,,Evacuee;283;in triage state;G;is in helicopter;3
3660,400,evacuee,outHelo,Evacuee 282 in triage category G is assigned helicopter 3
3660,400,evacuee,,Evacuee;282;in triage state;G;is in helicopter;3
3660,403,evacuee,outHelo,Evacuee 281 in triage category G is assigned helicopter 3
3660,403,evacuee,,Evacuee;281;in triage state;G;is in helicopter;3
3660,406,evacuee,outHelo,Evacuee 280 in triage category G is assigned helicopter 3
3660,406,evacuee,,Evacuee;280;in triage state;G;is in helicopter;3
3660,475,evacuee,outHelo,Evacuee 276 in triage category G is assigned helicopter 3
3660,475,evacuee,,Evacuee;276;in triage state;G;is in helicopter;3
3660,799,evacuee,outHelo,Evacuee 268 in triage category G is assigned helicopter 3
3660,799,evacuee,,Evacuee;268;in triage state;G;is in helicopter;3
3660,1119,filterEvac,,
3660,1159,filterEvac,,
3660,1200,evacuee,outHelo,Evacuee 265 in triage category G is assigned helicopter 3
3660,1200,evacuee,,Evacuee;265;in triage state;G;is in helicopter;3
3660,1269,evacuee,outHelo,Evacuee 242 in triage category G is assigned helicopter 3
3660,1269,evacuee,,Evacuee;242;in triage state;G;is in helicopter;3
3660,1344,evacuee,outHelo,Evacuee 253 in triage category G is assigned helicopter 3
3660,1344,evacuee,,Evacuee;253;in triage state;G;is in helicopter;3
3660,1482,evacuee,outHelo,Evacuee 239 in triage category G is assigned helicopter 3
3660,1482,evacuee,,Evacuee;239;in triage state;G;is in helicopter;3
3660,103,filterEvac,out,Evacuee 239 in triage category G is assigned helicopter 3
3660,103,filterEvac,out,Evacuee 242 in triage category G is assigned helicopter 3
3660,103,filterEvac,out,Evacuee 253 in triage category G is assigned helicopter 3
3660,103,filterEvac,out,Evacuee 265 in triage category G is assigned helicopter 3
3660,103,filterEvac,out,Evacuee 268 in triage category G is assigned helicopter 3
3660,103,filterEvac,out,Evacuee 276 in triage category G is assigned helicopter 3
3660,103,filterEvac,out,Evacuee 280 in triage category G is assigned helicopter 3
3660,103,filterEvac,out,Evacuee 281 in triage category G is assigned helicopter 3
3660,103,filterEvac,out,Evacuee 282 in triage category G is assigned helicopter 3
3660,103,filterEvac,out,Evacuee 283 in triage category G is assigned helicopter 3
3660,103,filterEvac,,
3660,105,helicopter,,Helicopter;3;is loading people at the evacuation site;;and has;10;spots taken
3662.09,3,evacueeManager,,OFF SHIP: White;0;Green;52;Yellow;19;Red;2;Black;337;ON SHIP: White;0;Green;0;Yellow;0;Red;0;Evacuees to Transfer;
3662.09,1458,evacuee,outES,Evacuee 267 in triage category Y is not assigned a helicopter
3662.09,1458,evacuee,,Evacuee;267;in triage state;R;is at the evacuation site
3662.98,3,evacueeManager,,OFF SHIP: White;0;Green;52;Yellow;18;Red;3;Black;337;ON SHIP: White;0;Green;0;Yellow;0;Red;0;Evacuees to Transfer;
3662.98,1117,evacuee,outES,Evacuee 120 in triage category Y is not assigned a helicopter
3662.98,1117,evacuee,,Evacuee;120;in triage state;R;is at the evacuation site
3666.73,3,evacueeManager,,OFF SHIP: White;0;Green;52;Yellow;17;Red;4;Black;337;ON SHIP: White;0;Green;0;Yellow;0;Red;0;Evacuees to Transfer;
3666.73,445,evacuee,outES,Evacuee 262 in triage category Y is not assigned a helicopter
3666.73,445,evacuee,,Evacuee;262;in triage state;R;is at the evacuation site
3675,4,helipadManager,outHelo,Helicopter 3 is evacuating people3
3675,4,helipadManager,,;No helos are at ES
3675,104,filterES,,Helicopter;3;is evacuating people
3675,1120,filterES,,
3675,1160,filterES,,
3675,4,helipadManager,outHQ,0
3675,4,helipadManager,,;No helos are at ES
3675,5,helicopterQueue,,;No helos are waiting to land
3675,104,filterES,out,Helicopter 3 is evacuating people3
3675,104,filterES,,
3675,105,helicopter,,Helicopter;3;is loading people at the evacuation site;;and has;10;spots taken
3675,5,helicopterQueue,,;No helos are waiting to land
3675,105,helicopter,,Helicopter;3;is returning to the FOL;;and has;10;spots taken
3683.59,3,evacueeManager,,OFF SHIP: White;0;Green;52;Yellow;17;Red;3;Black;338;ON SHIP: White;0;Green;0;Yellow;0;Red;0;Evacuees to Transfer;
3683.59,445,evacuee,outES,Evacuee 262 in triage category R is not assigned a helicopter
3683.59,445,evacuee,,Evacuee;262;in triage state;B;is at the evacuation site
3685.43,3,evacueeManager,,OFF SHIP: White;0;Green;52;Yellow;17;Red;2;Black;339;ON SHIP: White;0;Green;0;Yellow;0;Red;0;Evacuees to Transfer;
3685.43,1117,evacuee,outES,Evacuee 120 in triage category R is not assigned a helicopter
3685.43,1117,evacuee,,Evacuee;120;in triage state;B;is at the evacuation site
3693.9,3,evacueeManager,,OFF SHIP: White;0;Green;51;Yellow;18;Red;2;Black;339;ON SHIP: White;0;Green;0;Yellow;0;Red;0;Evacuees to Transfer;
3693.9,322,evacuee,outES,Evacuee 317 in triage category G is not assigned a helicopter
3693.9,322,evacuee,,Evacuee;317;in triage state;Y;is at the evacuation site
3696.16,3,evacueeManager,,OFF SHIP: White;0;Green;51;Yellow;17;Red;3;Black;339;ON SHIP: White;0;Green;0;Yellow;0;Red;0;Evacuees to Transfer;
3696.16,1509,evacuee,outES,Evacuee 254 in triage category Y is not assigned a helicopter
3696.16,1509,evacuee,,Evacuee;254;in triage state;R;is at the evacuation site
3705,7,filterLoc,,
3705,10,filterLoc,,
3705,13,filterLoc,,
3705,16,filterLoc,,
3705,19,filterLoc,,
3705,22,filterLoc,,
3705,25,filterLoc,,
3705,28,filterLoc,,
3705,31,filterLoc,,
3705,34,filterLoc,,
3705,37,filterLoc,,
3705,40,filterLoc,,
3705,43,filterLoc,,
3705,46,filterLoc,,
3705,49,filterLoc,,
3705,52,filterLoc,,
3705,55,filterLoc,,
3705,58,filterLoc,,
3705,61,filterLoc,,
3705,64,filterLoc,,
3705,67,filterLoc,,
3705,70,filterLoc,,
3705,73,filterLoc,,
3705,76,filterLoc,,
3705,79,filterLoc,,
3705,82,filterLoc,,
3705,85,filterLoc,,
3705,88,filterLoc,,
3705,91,filterLoc,,
3705,94,filterLoc,,
3705,97,filterLoc,,
3705,100,filterLoc,,
3705,107,filterLoc,,
3705,110,filterLoc,,
3705,113,filterLoc,,
3705,116,filterLoc,,
3705,119,filterLoc,,
3705,122,filterLoc,,
3705,125,filterLoc,,
3705,128,filterLoc,,
3705,131,filterLoc,,
3705,134,filterLoc,,
3705,137,filterLoc,,
3705,140,filterLoc,,
3705,143,filterLoc,,
3705,146,filterLoc,,
3705,149,filterLoc,,
3705,152,filterLoc,,
3705,155,filterLoc,,
3705,158,filterLoc,,
3705,161,filterLoc,,
3705,164,filterLoc,,
3705,167,filterLoc,,
3705,170,filterLoc,,
3705,173,filterLoc,,
3705,176,filterLoc,,
3705,179,filterLoc,,
3705,182,filterLoc,,
3705,185,filterLoc,,
3705,188,filterLoc,,
3705,191,filterLoc,,
3705,194,filterLoc,,
3705,197,filterLoc,,
3705,200,filterLoc,,
3705,203,filterLoc,,
3705,206,filterLoc,,
3705,209,filterLoc,,
3705,212,filterLoc,,
3705,215,filterLoc,,
3705,218,filterLoc,,
3705,221,filterLoc,,
3705,225,filterLoc,,
3705,228,filterLoc,,
3705,231,filterLoc,,
3705,234,filterLoc,,
3705,237,filterLoc,,
3705,240,filterLoc,,
3705,243,filterLoc,,
3705,246,filterLoc,,
3705,249,filterLoc,,
3705,252,filterLoc,,
3705,255,filterLoc,,
3705,258,filterLoc,,
3705,261,filterLoc,,
3705,264,filterLoc,,
3705,267,filterLoc,,
3705,270,filterLoc,,
3705,273,filterLoc,,
3705,276,filterLoc,,
3705,279,filterLoc,,
3705,282,filterLoc,,
3705,285,filterLoc,,
3705,288,filterLoc,,
3705,291,filterLoc,,
3705,294,filterLoc,,
3705,297,filterLoc,,
3705,300,filterLoc,,
3705,303,filterLoc,,
3705,306,filterLoc,,
3705,309,filterLoc,,
3705,312,filterLoc,,
3705,315,filterLoc,,
3705,318,filterLoc,,
3705,321,filterLoc,,
3705,324,filterLoc,,
3705,327,filterLoc,,
3705,330,filterLoc,,
3705,333,filterLoc,,
3705,336,filterLoc,,
3705,339,filterLoc,,
3705,342,filterLoc,,
3705,345,filterLoc,,
3705,348,filterLoc,,
3705,351,filterLoc,,
3705,354,filterLoc,,
3705,357,filterLoc,,
3705,360,filterLoc,,
3705,363,filterLoc,,
3705,366,filterLoc,,
3705,369,filterLoc,,
3705,372,filterLoc,,
3705,375,filterLoc,,
3705,378,filterLoc,,
3705,381,filterLoc,,
3705,384,filterLoc,,
3705,387,filterLoc,,
3705,390,filterLoc,,
3705,393,filterLoc,,
3705,396,filterLoc,,
3705,399,filterLoc,,
3705,402,filterLoc,,
3705,405,filterLoc,,
3705,408,filterLoc,,
3705,411,filterLoc,,
3705,414,filterLoc,,
3705,417,filterLoc,,
3705,420,filterLoc,,
3705,423,filterLoc,,
3705,426,filterLoc,,
3705,429,filterLoc,,
3705,432,filterLoc,,
3705,435,filterLoc,,
3705,438,filterLoc,,
3705,441,filterLoc,,
3705,444,filterLoc,,
3705,447,filterLoc,,
3705,450,filterLoc,,
3705,453,filterLoc,,
3705,456,filterLoc,,
3705,459,filterLoc,,
3705,462,filterLoc,,
3705,465,filterLoc,,
3705,468,filterLoc,,
3705,471,filterLoc,,
3705,474,filterLoc,,
3705,477,filterLoc,,
3705,480,filterLoc,,
3705,483,filterLoc,,
3705,486,filterLoc,,
3705,489,filterLoc,,
3705,492,filterLoc,,
3705,495,filterLoc,,
3705,498,filterLoc,,
3705,501,filterLoc,,
3705,504,filterLoc,,
3705,507,filterLoc,,
3705,510,filterLoc,,
3705,513,filterLoc,,
3705,516,filterLoc,,
3705,519,filterLoc,,
3705,522,filterLoc,,
3705,525,filterLoc,,
3705,528,filterLoc,,
3705,531,filterLoc,,
3705,534,filterLoc,,
3705,537,filterLoc,,;Evacuee;188;in triage category;G;is leaving helicopter;1
3705,540,filterLoc,,
3705,543,filterLoc,,
3705,546,filterLoc,,
3705,549,filterLoc,,
3705,552,filterLoc,,
3705,555,filterLoc,,
3705,558,filterLoc,,
3705,561,filterLoc,,
3705,564,filterLoc,,
3705,567,filterLoc,,
3705,570,filterLoc,,
3705,573,filterLoc,,
3705,576,filterLoc,,
3705,579,filterLoc,,
3705,582,filterLoc,,
3705,585,filterLoc,,
3705,588,filterLoc,,
3705,591,filterLoc,,
3705,594,filterLoc,,
3705,597,filterLoc,,
3705,600,filterLoc,,
3705,603,filterLoc,,
3705,606,filterLoc,,
3705,609,filterLoc,,
3705,612,filterLoc,,
3705,615,filterLoc,,
3705,618,filterLoc,,
3705,621,filterLoc,,
3705,624,filterLoc,,
3705,627,filterLoc,,
3705,630,filterLoc,,
3705,633,filterLoc,,
3705,636,filterLoc,,
3705,639,filterLoc,,
3705,642,filterLoc,,
3705,645,filterLoc,,
3705,648,filterLoc,,
3705,651,filterLoc,,
3705,654,filterLoc,,
3705,657,filterLoc,,
3705,660,filterLoc,,
3705,663,filterLoc,,
3705,666,filterLoc,,
3705,669,filterLoc,,
3705,672,filterLoc,,
3705,675,filterLoc,,
3705,678,filterLoc,,
3705,681,filterLoc,,
3705,684,filterLoc,,
3705,687,filterLoc,,
3705,690,filterLoc,,
3705,693,filterLoc,,
3705,696,filterLoc,,
3705,699,filterLoc,,
3705,702,filterLoc,,
3705,705,filterLoc,,
3705,708,filterLoc,,
3705,711,filterLoc,,
3705,714,filterLoc,,
3705,717,filterLoc,,
3705,720,filterLoc,,
3705,723,filterLoc,,
3705,726,filterLoc,,
3705,729,filterLoc,,
3705,732,filterLoc,,;Evacuee;179;in triage category;G;is leaving helicopter;1
3705,735,filterLoc,,
3705,738,filterLoc,,
3705,741,filterLoc,,
3705,744,filterLoc,,
3705,747,filterLoc,,
3705,750,filterLoc,,
3705,753,filterLoc,,
3705,756,filterLoc,,
3705,759,filterLoc,,
3705,762,filterLoc,,
3705,765,filterLoc,,
3705,768,filterLoc,,
3705,771,filterLoc,,
3705,774,filterLoc,,
3705,777,filterLoc,,
3705,780,filterLoc,,
3705,783,filterLoc,,
3705,786,filterLoc,,
3705,789,filterLoc,,
3705,792,filterLoc,,
3705,795,filterLoc,,
3705,798,filterLoc,,
3705,801,filterLoc,,
3705,804,filterLoc,,
3705,807,filterLoc,,
3705,810,filterLoc,,;Evacuee;187;in triage category;G;is leaving helicopter;1
3705,813,filterLoc,,
3705,816,filterLoc,,
3705,819,filterLoc,,
3705,822,filterLoc,,
3705,825,filterLoc,,
3705,828,filterLoc,,
3705,831,filterLoc,,
3705,834,filterLoc,,
3705,837,filterLoc,,
3705,840,filterLoc,,
3705,843,filterLoc,,
3705,846,filterLoc,,
3705,849,filterLoc,,
3705,852,filterLoc,,
3705,855,filterLoc,,
3705,858,filterLoc,,
3705,861,filterLoc,,
3705,864,filterLoc,,
3705,867,filterLoc,,
3705,870,filterLoc,,
3705,873,filterLoc,,
3705,876,filterLoc,,
3705,879,filterLoc,,
3705,882,filterLoc,,
3705,885,filterLoc,,
3705,888,filterLoc,,
3705,891,filterLoc,,
3705,894,filterLoc,,
3705,897,filterLoc,,
3705,900,filterLoc,,
3705,903,filterLoc,,
3705,906,filterLoc,,
3705,909,filterLoc,,
3705,912,filterLoc,,
3705,915,filterLoc,,
3705,918,filterLoc,,
3705,921,filterLoc,,;Evacuee;196;in triage category;G;is leaving helicopter;1
3705,924,filterLoc,,
3705,927,filterLoc,,
3705,930,filterLoc,,
3705,933,filterLoc,,
3705,936,filterLoc,,
3705,939,filterLoc,,
3705,942,filterLoc,,
3705,945,filterLoc,,
3705,948,filterLoc,,
3705,951,filterLoc,,
3705,954,filterLoc,,
3705,957,filterLoc,,
3705,960,filterLoc,,
3705,963,filterLoc,,
3705,966,filterLoc,,
3705,969,filterLoc,,
3705,972,filterLoc,,
3705,975,filterLoc,,
3705,978,filterLoc,,
3705,981,filterLoc,,
3705,984,filterLoc,,
3705,987,filterLoc,,
3705,990,filterLoc,,
3705,993,filterLoc,,
3705,996,filterLoc,,
3705,999,filterLoc,,
3705,1002,filterLoc,,
3705,1005,filterLoc,,
3705,1008,filterLoc,,
3705,1011,filterLoc,,
3705,1014,filterLoc,,
3705,1017,filterLoc,,
3705,1020,filterLoc,,
3705,1023,filterLoc,,
3705,1026,filterLoc,,
3705,1029,filterLoc,,
3705,1032,filterLoc,,
3705,1035,filterLoc,,
3705,1038,filterLoc,,
3705,1041,filterLoc,,
3705,1044,filterLoc,,
3705,1047,filterLoc,,
3705,1050,filterLoc,,
3705,1053,filterLoc,,
3705,1056,filterLoc,,
3705,1059,filterLoc,,
3705,1062,filterLoc,,
3705,1065,filterLoc,,
3705,1068,filterLoc,,
3705,1071,filterLoc,,
3705,1074,filterLoc,,
3705,1077,filterLoc,,
3705,1080,filterLoc,,
3705,1083,filterLoc,,
3705,1086,filterLoc,,
3705,1089,filterLoc,,
3705,1092,filterLoc,,
3705,1095,filterLoc,,
3705,1098,filterLoc,,
3705,1101,filterLoc,,
3705,1104,filterLoc,,
3705,1107,filterLoc,,
3705,1110,filterLoc,,
3705,1113,filterLoc,,
3705,1116,filterLoc,,
3705,1123,filterLoc,,
3705,1126,filterLoc,,
3705,1129,filterLoc,,
3705,1132,filterLoc,,
3705,1135,filterLoc,,
3705,1138,filterLoc,,
3705,1141,filterLoc,,
3705,1144,filterLoc,,
3705,1147,filterLoc,,
3705,1150,filterLoc,,
3705,1153,filterLoc,,
3705,1156,filterLoc,,
3705,1161,helicopter,outEvac,Evacuee 179 in triage category G is not assigned a helicopter
3705,1161,helicopter,outEvac,Evacuee 180 in triage category G is not assigned a helicopter
3705,1161,helicopter,outEvac,Evacuee 185 in triage category G is not assigned a helicopter
3705,1161,helicopter,outEvac,Evacuee 186 in triage category G is not assigned a helicopter
3705,1161,helicopter,outEvac,Evacuee 187 in triage category G is not assigned a helicopter
3705,1161,helicopter,outEvac,Evacuee 188 in triage category G is not assigned a helicopter
3705,1161,helicopter,outEvac,Evacuee 189 in triage category G is not assigned a helicopter
3705,1161,helicopter,outEvac,Evacuee 191 in triage category G is not assigned a helicopter
3705,1161,helicopter,outEvac,Evacuee 194 in triage category G is not assigned a helicopter
3705,1161,helicopter,outEvac,Evacuee 196 in triage category G is not assigned a helicopter
3705,1161,helicopter,,Helicopter;1;is unloading people at the FOL;;and has;0;spots taken
3705,1163,filterLoc,,
3705,1166,filterLoc,,
3705,1169,filterLoc,,
3705,1172,filterLoc,,
3705,1175,filterLoc,,
3705,1178,filterLoc,,
3705,1181,filterLoc,,
3705,1184,filterLoc,,
3705,1187,filterLoc,,
3705,1190,filterLoc,,
3705,1193,filterLoc,,
3705,1196,filterLoc,,
3705,1199,filterLoc,,
3705,1202,filterLoc,,
3705,1205,filterLoc,,;Evacuee;194;in triage category;G;is leaving helicopter;1
3705,1208,filterLoc,,
3705,1211,filterLoc,,
3705,1214,filterLoc,,
3705,1217,filterLoc,,
3705,1220,filterLoc,,
3705,1223,filterLoc,,
3705,1226,filterLoc,,
3705,1229,filterLoc,,
3705,1232,filterLoc,,
3705,1235,filterLoc,,
3705,1238,filterLoc,,
3705,1241,filterLoc,,
3705,1244,filterLoc,,
3705,1247,filterLoc,,
3705,1250,filterLoc,,
3705,1253,filterLoc,,
3705,1256,filterLoc,,
3705,1259,filterLoc,,
3705,1262,filterLoc,,
3705,1265,filterLoc,,
3705,1268,filterLoc,,
3705,1271,filterLoc,,
3705,1274,filterLoc,,
3705,1277,filterLoc,,
3705,1280,filterLoc,,
3705,1283,filterLoc,,
3705,1286,filterLoc,,
3705,1289,filterLoc,,
3705,1292,filterLoc,,
3705,1295,filterLoc,,
3705,1298,filterLoc,,
3705,1301,filterLoc,,
3705,1304,filterLoc,,
3705,1307,filterLoc,,
3705,1310,filterLoc,,
3705,1313,filterLoc,,
3705,1316,filterLoc,,
3705,1319,filterLoc,,
3705,1322,filterLoc,,
3705,1325,filterLoc,,
3705,1328,filterLoc,,;Evacuee;185;in triage category;G;is leaving helicopter;1
3705,1331,filterLoc,,;Evacuee;186;in triage category;G;is leaving helicopter;1
3705,1334,filterLoc,,
3705,1337,filterLoc,,
3705,1340,filterLoc,,;Evacuee;189;in triage category;G;is leaving helicopter;1
3705,1343,filterLoc,,
3705,1346,filterLoc,,;Evacuee;191;in triage category;G;is leaving helicopter;1
3705,1349,filterLoc,,
3705,1352,filterLoc,,
3705,1355,filterLoc,,
3705,1358,filterLoc,,
3705,1361,filterLoc,,
3705,1364,filterLoc,,
3705,1367,filterLoc,,
3705,1370,filterLoc,,
3705,1373,filterLoc,,
3705,1376,filterLoc,,
3705,1379,filterLoc,,
3705,1382,filterLoc,,
3705,1385,filterLoc,,
3705,1388,filterLoc,,
3705,1391,filterLoc,,
3705,1394,filterLoc,,
3705,1397,filterLoc,,
3705,1400,filterLoc,,;Evacuee;180;in triage category;G;is leaving helicopter;1
3705,1403,filterLoc,,
3705,1406,filterLoc,,
3705,1409,filterLoc,,
3705,1412,filterLoc,,
3705,1415,filterLoc,,
3705,1418,filterLoc,,
3705,1421,filterLoc,,
3705,1424,filterLoc,,
3705,1427,filterLoc,,
3705,1430,filterLoc,,
3705,1433,filterLoc,,
3705,1436,filterLoc,,
3705,1439,filterLoc,,
3705,1442,filterLoc,,
3705,1445,filterLoc,,
3705,1448,filterLoc,,
3705,1451,filterLoc,,
3705,1454,filterLoc,,
3705,1457,filterLoc,,
3705,1460,filterLoc,,
3705,1463,filterLoc,,
3705,1466,filterLoc,,
3705,1469,filterLoc,,
3705,1472,filterLoc,,
3705,1475,filterLoc,,
3705,1478,filterLoc,,
3705,1481,filterLoc,,
3705,1484,filterLoc,,
3705,1487,filterLoc,,
3705,1490,filterLoc,,
3705,1493,filterLoc,,
3705,1496,filterLoc,,
3705,1499,filterLoc,,
3705,1502,filterLoc,,
3705,1505,filterLoc,,
3705,1508,filterLoc,,
3705,1511,filterLoc,,
3705,1514,filterLoc,,
3705,1517,filterLoc,,
3705,537,filterLoc,out,Evacuee 188 in triage category G is not assigned a helicopter
3705,537,filterLoc,,
3705,538,evacuee,,Evacuee;188;in triage state;G;is entering the FOL
3705,732,filterLoc,out,Evacuee 179 in triage category G is not assigned a helicopter
3705,732,filterLoc,,
3705,733,evacuee,,Evacuee;179;in triage state;G;is entering the FOL
3705,810,filterLoc,out,Evacuee 187 in triage category G is not assigned a helicopter
3705,810,filterLoc,,
3705,811,evacuee,,Evacuee;187;in triage state;G;is entering the FOL
3705,921,filterLoc,out,Evacuee 196 in triage category G is not assigned a helicopter
3705,921,filterLoc,,
3705,922,evacuee,,Evacuee;196;in triage state;G;is entering the FOL
3705,1205,filterLoc,out,Evacuee 194 in triage category G is not assigned a helicopter
3705,1205,filterLoc,,
3705,1206,evacuee,,Evacuee;194;in triage state;G;is entering the FOL
3705,1328,filterLoc,out,Evacuee 185 in triage category G is not assigned a helicopter
3705,1328,filterLoc,,
3705,1329,evacuee,,Evacuee;185;in triage state;G;is entering the FOL
3705,1331,filterLoc,out,Evacuee 186 in triage category G is not assigned a helicopter
3705,1331,filterLoc,,
3705,1332,evacuee,,Evacuee;186;in triage state;G;is entering the FOL
3705,1340,filterLoc,out,Evacuee 189 in triage category G is not assigned a helicopter
3705,1340,filterLoc,,
3705,1341,evacuee,,Evacuee;189;in triage state;G;is entering the FOL
3705,1346,filterLoc,out,Evacuee 191 in triage category G is not assigned a helicopter
3705,1346,filterLoc,,
3705,1347,evacuee,,Evacuee;191;in triage state;G;is entering the FOL
3705,1400,filterLoc,out,Evacuee 180 in triage category G is not assigned a helicopter
3705,1400,filterLoc,,
3705,1401,evacuee,,Evacuee;180;in triage state;G;is entering the FOL
3705,223,FOL,,;EvacueeID;7;Triage Status;G;EvacueeID;10;Triage Status;G;EvacueeID;14;Triage Status;G;EvacueeID;16;Triage Status;G;EvacueeID;17;Triage Status;G;EvacueeID;21;Triage Status;G;EvacueeID;27;Triage Status;G;EvacueeID;29;Triage Status;G;EvacueeID;31;Triage Status;G;EvacueeID;35;Triage Status;G;EvacueeID;36;Triage Status;G;EvacueeID;38;Triage Status;G;EvacueeID;42;Triage Status;G;EvacueeID;43;Triage Status;G;EvacueeID;46;Triage Status;G;EvacueeID;47;Triage Status;G;EvacueeID;53;Triage Status;G;EvacueeID;54;Triage Status;G;EvacueeID;56;Triage Status;G;EvacueeID;63;Triage Status;G;EvacueeID;65;Triage Status;G;EvacueeID;68;Triage Status;G;EvacueeID;69;Triage Status;G;EvacueeID;72;Triage Status;G;EvacueeID;73;Triage Status;G;EvacueeID;77;Triage Status;G;EvacueeID;78;Triage Status;G;EvacueeID;82;Triage Status;G;EvacueeID;84;Triage Status;G;EvacueeID;85;Triage Status;G;EvacueeID;88;Triage Status;G;EvacueeID;91;Triage Status;G;EvacueeID;93;Triage Status;G;EvacueeID;94;Triage Status;G;EvacueeID;95;Triage Status;G;EvacueeID;100;Triage Status;G;EvacueeID;106;Triage Status;G;EvacueeID;108;Triage Status;G;EvacueeID;109;Triage Status;G;EvacueeID;112;Triage Status;G;EvacueeID;113;Triage Status;G;EvacueeID;114;Triage Status;G;EvacueeID;122;Triage Status;G;EvacueeID;130;Triage Status;G;EvacueeID;132;Triage Status;G;EvacueeID;136;Triage Status;G;EvacueeID;137;Triage Status;G;EvacueeID;138;Triage Status;G;EvacueeID;139;Triage Status;G;EvacueeID;140;Triage Status;G;EvacueeID;146;Triage Status;G;EvacueeID;147;Triage Status;G;EvacueeID;155;Triage Status;G;EvacueeID;156;Triage Status;G;EvacueeID;158;Triage Status;G;EvacueeID;163;Triage Status;G;EvacueeID;165;Triage Status;G;EvacueeID;166;Triage Status;G;EvacueeID;175;Triage Status;G;EvacueeID;178;Triage Status;G;EvacueeID;179;Triage Status;G;EvacueeID;180;Triage Status;G;EvacueeID;185;Triage Status;G;EvacueeID;186;Triage Status;G;EvacueeID;187;Triage Status;G;EvacueeID;188;Triage Status;G;EvacueeID;189;Triage Status;G;EvacueeID;191;Triage Status;G;EvacueeID;194;Triage Status;G;EvacueeID;196;Triage Status;G;Lives Saved;70
3705,538,evacuee,outFOL,Evacuee 188 in triage category G is not assigned a helicopter
3705,538,evacuee,,Evacuee;188;in triage state;G;is at the FOL
3705,733,evacuee,outFOL,Evacuee 179 in triage category G is not assigned a helicopter
3705,733,evacuee,,Evacuee;179;in triage state;G;is at the FOL
3705,811,evacuee,outFOL,Evacuee 187 in triage category G is not assigned a helicopter
3705,811,evacuee,,Evacuee;187;in triage state;G;is at the FOL
3705,922,evacuee,outFOL,Evacuee 196 in triage category G is not assigned a helicopter
3705,922,evacuee,,Evacuee;196;in triage state;G;is at the FOL
3705,1206,evacuee,outFOL,Evacuee 194 in triage category G is not assigned a helicopter
3705,1206,evacuee,,Evacuee;194;in triage state;G;is at the FOL
3705,1329,evacuee,outFOL,Evacuee 185 in triage category G is not assigned a helicopter
3705,1329,evacuee,,Evacuee;185;in triage state;G;is at the FOL
3705,1332,evacuee,outFOL,Evacuee 186 in triage category G is not assigned a helicopter
3705,1332,evacuee,,Evacuee;186;in triage state;G;is at the FOL
3705,1341,evacuee,outFOL,Evacuee 189 in triage category G is not assigned a helicopter
3705,1341,evacuee,,Evacuee;189;in triage state;G;is at the FOL
3705,1347,evacuee,outFOL,Evacuee 191 in triage category G is not assigned a helicopter
3705,1347,evacuee,,Evacuee;191;in triage state;G;is at the FOL
3705,1401,evacuee,outFOL,Evacuee 180 in triage category G is not assigned a helicopter
3705,1401,evacuee,,Evacuee;180;in triage state;G;is at the FOL
3705,223,FOL,,;EvacueeID;7;Triage Status;G;EvacueeID;10;Triage Status;G;EvacueeID;14;Triage Status;G;EvacueeID;16;Triage Status;G;EvacueeID;17;Triage Status;G;EvacueeID;21;Triage Status;G;EvacueeID;27;Triage Status;G;EvacueeID;29;Triage Status;G;EvacueeID;31;Triage Status;G;EvacueeID;35;Triage Status;G;EvacueeID;36;Triage Status;G;EvacueeID;38;Triage Status;G;EvacueeID;42;Triage Status;G;EvacueeID;43;Triage Status;G;EvacueeID;46;Triage Status;G;EvacueeID;47;Triage Status;G;EvacueeID;53;Triage Status;G;EvacueeID;54;Triage Status;G;EvacueeID;56;Triage Status;G;EvacueeID;63;Triage Status;G;EvacueeID;65;Triage Status;G;EvacueeID;68;Triage Status;G;EvacueeID;69;Triage Status;G;EvacueeID;72;Triage Status;G;EvacueeID;73;Triage Status;G;EvacueeID;77;Triage Status;G;EvacueeID;78;Triage Status;G;EvacueeID;82;Triage Status;G;EvacueeID;84;Triage Status;G;EvacueeID;85;Triage Status;G;EvacueeID;88;Triage Status;G;EvacueeID;91;Triage Status;G;EvacueeID;93;Triage Status;G;EvacueeID;94;Triage Status;G;EvacueeID;95;Triage Status;G;EvacueeID;100;Triage Status;G;EvacueeID;106;Triage Status;G;EvacueeID;108;Triage Status;G;EvacueeID;109;Triage Status;G;EvacueeID;112;Triage Status;G;EvacueeID;113;Triage Status;G;EvacueeID;114;Triage Status;G;EvacueeID;122;Triage Status;G;EvacueeID;130;Triage Status;G;EvacueeID;132;Triage Status;G;EvacueeID;136;Triage Status;G;EvacueeID;137;Triage Status;G;EvacueeID;138;Triage Status;G;EvacueeID;139;Triage Status;G;EvacueeID;140;Triage Status;G;EvacueeID;146;Triage Status;G;EvacueeID;147;Triage Status;G;EvacueeID;155;Triage Status;G;EvacueeID;156;Triage Status;G;EvacueeID;158;Triage Status;G;EvacueeID;163;Triage Status;G;EvacueeID;165;Triage Status;G;EvacueeID;166;Triage Status;G;EvacueeID;175;Triage Status;G;EvacueeID;178;Triage Status;G;EvacueeID;179;Triage Status;G;EvacueeID;180;Triage Status;G;EvacueeID;185;Triage Status;G;EvacueeID;186;Triage Status;G;EvacueeID;187;Triage Status;G;EvacueeID;188;Triage Status;G;EvacueeID;189;Triage Status;G;EvacueeID;191;Triage Status;G;EvacueeID;194;Triage Status;G;EvacueeID;196;Triage Status;G;Lives Saved;70
3715.78,3,evacueeManager,,OFF SHIP: White;0;Green;51;Yellow;16;Red;4;Black;339;ON SHIP: White;0;Green;0;Yellow;0;Red;0;Evacuees to Transfer;
3715.78,388,evacuee,outES,Evacuee 415 in triage category Y is not assigned a helicopter
3715.78,388,evacuee,,Evacuee;415;in triage state;R;is at the evacuation site
3720,1161,helicopter,,Helicopter;1;Is going to the evacuation site;;and has;0;spots taken
3743.69,3,evacueeManager,,OFF SHIP: White;0;Green;51;Yellow;16;Red;3;Black;340;ON SHIP: White;0;Green;0;Yellow;0;Red;0;Evacuees to Transfer;
3743.69,1458,evacuee,outES,Evacuee 267 in triage category R is not assigned a helicopter
3743.69,1458,evacuee,,Evacuee;267;in triage state;B;is at the evacuation site
3753.23,3,evacueeManager,,OFF SHIP: White;0;Green;51;Yellow;16;Red;2;Black;341;ON SHIP: White;0;Green;0;Yellow;0;Red;0;Evacuees to Transfer;
3753.23,388,evacuee,outES,Evacuee 415 in triage category R is not assigned a helicopter
3753.23,388,evacuee,,Evacuee;415;in triage state;B;is at the evacuation site
3765,7,filterLoc,,
3765,10,filterLoc,,
3765,13,filterLoc,,
3765,16,filterLoc,,
3765,19,filterLoc,,
3765,22,filterLoc,,
3765,25,filterLoc,,
3765,28,filterLoc,,
3765,31,filterLoc,,
3765,34,filterLoc,,
3765,37,filterLoc,,
3765,40,filterLoc,,
3765,43,filterLoc,,
3765,46,filterLoc,,
3765,49,filterLoc,,
3765,52,filterLoc,,
3765,55,filterLoc,,
3765,58,filterLoc,,
3765,61,filterLoc,,
3765,64,filterLoc,,
3765,67,filterLoc,,
3765,70,filterLoc,,
3765,73,filterLoc,,
3765,76,filterLoc,,
3765,79,filterLoc,,
3765,82,filterLoc,,
3765,85,filterLoc,,
3765,88,filterLoc,,
3765,91,filterLoc,,
3765,94,filterLoc,,
3765,97,filterLoc,,
3765,100,filterLoc,,
3765,107,filterLoc,,
3765,110,filterLoc,,
3765,113,filterLoc,,
3765,116,filterLoc,,
3765,119,filterLoc,,
3765,122,filterLoc,,
3765,125,filterLoc,,
3765,128,filterLoc,,
3765,131,filterLoc,,
3765,134,filterLoc,,
3765,137,filterLoc,,
3765,140,filterLoc,,
3765,143,filterLoc,,
3765,146,filterLoc,,
3765,149,filterLoc,,
3765,152,filterLoc,,
3765,155,filterLoc,,
3765,158,filterLoc,,
3765,161,filterLoc,,
3765,164,filterLoc,,
3765,167,filterLoc,,
3765,170,filterLoc,,
3765,173,filterLoc,,
3765,176,filterLoc,,
3765,179,filterLoc,,
3765,182,filterLoc,,
3765,185,filterLoc,,
3765,188,filterLoc,,
3765,191,filterLoc,,
3765,194,filterLoc,,
3765,197,filterLoc,,
3765,200,filterLoc,,
3765,203,filterLoc,,
3765,206,filterLoc,,
3765,209,filterLoc,,
3765,212,filterLoc,,
3765,215,filterLoc,,
3765,218,filterLoc,,
3765,221,filterLoc,,
3765,225,filterLoc,,
3765,228,filterLoc,,
3765,231,filterLoc,,
3765,234,filterLoc,,
3765,237,filterLoc,,
3765,240,filterLoc,,
3765,243,filterLoc,,
3765,246,filterLoc,,
3765,249,filterLoc,,
3765,252,filterLoc,,
3765,255,filterLoc,,
3765,258,filterLoc,,
3765,261,filterLoc,,
3765,264,filterLoc,,
3765,267,filterLoc,,
3765,270,filterLoc,,
3765,273,filterLoc,,
3765,276,filterLoc,,
3765,279,filterLoc,,
3765,282,filterLoc,,
3765,285,filterLoc,,
3765,288,filterLoc,,
3765,291,filterLoc,,
3765,294,filterLoc,,
3765,297,filterLoc,,
3765,300,filterLoc,,
3765,303,filterLoc,,
3765,306,filterLoc,,
3765,309,filterLoc,,
3765,312,filterLoc,,
3765,315,filterLoc,,
3765,318,filterLoc,,
3765,321,filterLoc,,
3765,324,filterLoc,,
3765,327,filterLoc,,
3765,330,filterLoc,,
3765,333,filterLoc,,
3765,336,filterLoc,,
3765,339,filterLoc,,
3765,342,filterLoc,,
3765,345,filterLoc,,
3765,348,filterLoc,,
3765,351,filterLoc,,
3765,354,filterLoc,,
3765,357,filterLoc,,
3765,360,filterLoc,,
3765,363,filterLoc,,
3765,366,filterLoc,,
3765,369,filterLoc,,
3765,372,filterLoc,,
3765,375,filterLoc,,
3765,378,filterLoc,,
3765,381,filterLoc,,
3765,384,filterLoc,,
3765,387,filterLoc,,
3765,390,filterLoc,,
3765,393,filterLoc,,
3765,396,filterLoc,,
3765,399,filterLoc,,
3765,402,filterLoc,,
3765,405,filterLoc,,
3765,408,filterLoc,,
3765,411,filterLoc,,
3765,414,filterLoc,,
3765,417,filterLoc,,
3765,420,filterLoc,,
3765,423,filterLoc,,
3765,426,filterLoc,,
3765,429,filterLoc,,
3765,432,filterLoc,,
3765,435,filterLoc,,
3765,438,filterLoc,,
3765,441,filterLoc,,
3765,444,filterLoc,,
3765,447,filterLoc,,
3765,450,filterLoc,,
3765,453,filterLoc,,
3765,456,filterLoc,,
3765,459,filterLoc,,
3765,462,filterLoc,,
3765,465,filterLoc,,
3765,468,filterLoc,,
3765,471,filterLoc,,
3765,474,filterLoc,,
3765,477,filterLoc,,
3765,480,filterLoc,,
3765,483,filterLoc,,
3765,486,filterLoc,,
3765,489,filterLoc,,
3765,492,filterLoc,,
3765,495,filterLoc,,
3765,498,filterLoc,,
3765,501,filterLoc,,
3765,504,filterLoc,,
3765,507,filterLoc,,
3765,510,filterLoc,,
3765,513,filterLoc,,
3765,516,filterLoc,,
3765,519,filterLoc,,
3765,522,filterLoc,,
3765,525,filterLoc,,
3765,528,filterLoc,,
3765,531,filterLoc,,
3765,534,filterLoc,,
3765,537,filterLoc,,
3765,540,filterLoc,,
3765,543,filterLoc,,
3765,546,filterLoc,,
3765,549,filterLoc,,
3765,552,filterLoc,,
3765,555,filterLoc,,
3765,558,filterLoc,,
3765,561,filterLoc,,
3765,564,filterLoc,,
3765,567,filterLoc,,
3765,570,filterLoc,,
3765,573,filterLoc,,
3765,576,filterLoc,,
3765,579,filterLoc,,
3765,582,filterLoc,,
3765,585,filterLoc,,
3765,588,filterLoc,,
3765,591,filterLoc,,
3765,594,filterLoc,,
3765,597,filterLoc,,
3765,600,filterLoc,,
3765,603,filterLoc,,
3765,606,filterLoc,,
3765,609,filterLoc,,
3765,612,filterLoc,,
3765,615,filterLoc,,
3765,618,filterLoc,,
3765,621,filterLoc,,
3765,624,filterLoc,,
3765,627,filterLoc,,
3765,630,filterLoc,,
3765,633,filterLoc,,
3765,636,filterLoc,,
3765,639,filterLoc,,
3765,642,filterLoc,,
3765,645,filterLoc,,
3765,648,filterLoc,,
3765,651,filterLoc,,
3765,654,filterLoc,,
3765,657,filterLoc,,
3765,660,filterLoc,,;Evacuee;213;in triage category;G;is leaving helicopter;2
3765,663,filterLoc,,
3765,666,filterLoc,,
3765,669,filterLoc,,
3765,672,filterLoc,,
3765,675,filterLoc,,
3765,678,filterLoc,,
3765,681,filterLoc,,
3765,684,filterLoc,,
3765,687,filterLoc,,
3765,690,filterLoc,,
3765,693,filterLoc,,
3765,696,filterLoc,,
3765,699,filterLoc,,
3765,702,filterLoc,,
3765,705,filterLoc,,
3765,708,filterLoc,,
3765,711,filterLoc,,
3765,714,filterLoc,,
3765,717,filterLoc,,
3765,720,filterLoc,,
3765,723,filterLoc,,
3765,726,filterLoc,,
3765,729,filterLoc,,
3765,732,filterLoc,,
3765,735,filterLoc,,
3765,738,filterLoc,,
3765,741,filterLoc,,
3765,744,filterLoc,,;Evacuee;218;in triage category;G;is leaving helicopter;2
3765,747,filterLoc,,
3765,750,filterLoc,,
3765,753,filterLoc,,
3765,756,filterLoc,,
3765,759,filterLoc,,
3765,762,filterLoc,,
3765,765,filterLoc,,
3765,768,filterLoc,,
3765,771,filterLoc,,
3765,774,filterLoc,,
3765,777,filterLoc,,
3765,780,filterLoc,,
3765,783,filterLoc,,
3765,786,filterLoc,,
3765,789,filterLoc,,
3765,792,filterLoc,,
3765,795,filterLoc,,
3765,798,filterLoc,,
3765,801,filterLoc,,
3765,804,filterLoc,,
3765,807,filterLoc,,
3765,810,filterLoc,,
3765,813,filterLoc,,
3765,816,filterLoc,,
3765,819,filterLoc,,
3765,822,filterLoc,,
3765,825,filterLoc,,
3765,828,filterLoc,,
3765,831,filterLoc,,
3765,834,filterLoc,,
3765,837,filterLoc,,
3765,840,filterLoc,,
3765,843,filterLoc,,
3765,846,filterLoc,,
3765,849,filterLoc,,
3765,852,filterLoc,,
3765,855,filterLoc,,
3765,858,filterLoc,,
3765,861,filterLoc,,
3765,864,filterLoc,,
3765,867,filterLoc,,
3765,870,filterLoc,,
3765,873,filterLoc,,
3765,876,filterLoc,,
3765,879,filterLoc,,
3765,882,filterLoc,,
3765,885,filterLoc,,
3765,888,filterLoc,,
3765,891,filterLoc,,
3765,894,filterLoc,,
3765,897,filterLoc,,
3765,900,filterLoc,,
3765,903,filterLoc,,
3765,906,filterLoc,,
3765,909,filterLoc,,
3765,912,filterLoc,,
3765,915,filterLoc,,
3765,918,filterLoc,,
3765,921,filterLoc,,
3765,924,filterLoc,,
3765,927,filterLoc,,
3765,930,filterLoc,,
3765,933,filterLoc,,
3765,936,filterLoc,,
3765,939,filterLoc,,
3765,942,filterLoc,,
3765,945,filterLoc,,
3765,948,filterLoc,,
3765,951,filterLoc,,
3765,954,filterLoc,,
3765,957,filterLoc,,
3765,960,filterLoc,,
3765,963,filterLoc,,
3765,966,filterLoc,,
3765,969,filterLoc,,
3765,972,filterLoc,,
3765,975,filterLoc,,
3765,978,filterLoc,,
3765,981,filterLoc,,
3765,984,filterLoc,,
3765,987,filterLoc,,
3765,990,filterLoc,,
3765,993,filterLoc,,
3765,996,filterLoc,,
3765,999,filterLoc,,
3765,1002,filterLoc,,
3765,1005,filterLoc,,
3765,1008,filterLoc,,
3765,1011,filterLoc,,
3765,1014,filterLoc,,
3765,1017,filterLoc,,
3765,1020,filterLoc,,
3765,1023,filterLoc,,
3765,1026,filterLoc,,
3765,1029,filterLoc,,
3765,1032,filterLoc,,
3765,1035,filterLoc,,
3765,1038,filterLoc,,
3765,1041,filterLoc,,
3765,1044,filterLoc,,
3765,1047,filterLoc,,
3765,1050,filterLoc,,
3765,1053,filterLoc,,
3765,1056,filterLoc,,
3765,1059,filterLoc,,;Evacuee;198;in triage category;G;is leaving helicopter;2
3765,1062,filterLoc,,
3765,1065,filterLoc,,
3765,1068,filterLoc,,
3765,1071,filterLoc,,
3765,1074,filterLoc,,
3765,1077,filterLoc,,
3765,1080,filterLoc,,
3765,1083,filterLoc,,
3765,1086,filterLoc,,
3765,1089,filterLoc,,
3765,1092,filterLoc,,
3765,1095,filterLoc,,
3765,1098,filterLoc,,
3765,1101,filterLoc,,
3765,1104,filterLoc,,
3765,1107,filterLoc,,
3765,1110,filterLoc,,
3765,1113,filterLoc,,
3765,1116,filterLoc,,
3765,1121,helicopter,outEvac,Evacuee 198 in triage category G is not assigned a helicopter
3765,1121,helicopter,outEvac,Evacuee 206 in triage category G is not assigned a helicopter
3765,1121,helicopter,outEvac,Evacuee 207 in triage category G is not assigned a helicopter
3765,1121,helicopter,outEvac,Evacuee 213 in triage category G is not assigned a helicopter
3765,1121,helicopter,outEvac,Evacuee 217 in triage category G is not assigned a helicopter
3765,1121,helicopter,outEvac,Evacuee 218 in triage category G is not assigned a helicopter
3765,1121,helicopter,outEvac,Evacuee 233 in triage category G is not assigned a helicopter
3765,1121,helicopter,outEvac,Evacuee 236 in triage category G is not assigned a helicopter
3765,1121,helicopter,outEvac,Evacuee 237 in triage category G is not assigned a helicopter
3765,1121,helicopter,outEvac,Evacuee 238 in triage category G is not assigned a helicopter
3765,1121,helicopter,,Helicopter;2;is unloading people at the FOL;;and has;0;spots taken
3765,1123,filterLoc,,
3765,1126,filterLoc,,
3765,1129,filterLoc,,
3765,1132,filterLoc,,
3765,1135,filterLoc,,
3765,1138,filterLoc,,
3765,1141,filterLoc,,
3765,1144,filterLoc,,
3765,1147,filterLoc,,
3765,1150,filterLoc,,
3765,1153,filterLoc,,
3765,1156,filterLoc,,
3765,1163,filterLoc,,
3765,1166,filterLoc,,
3765,1169,filterLoc,,
3765,1172,filterLoc,,
3765,1175,filterLoc,,
3765,1178,filterLoc,,
3765,1181,filterLoc,,
3765,1184,filterLoc,,
3765,1187,filterLoc,,
3765,1190,filterLoc,,
3765,1193,filterLoc,,
3765,1196,filterLoc,,
3765,1199,filterLoc,,
3765,1202,filterLoc,,
3765,1205,filterLoc,,
3765,1208,filterLoc,,
3765,1211,filterLoc,,
3765,1214,filterLoc,,
3765,1217,filterLoc,,
3765,1220,filterLoc,,
3765,1223,filterLoc,,
3765,1226,filterLoc,,
3765,1229,filterLoc,,
3765,1232,filterLoc,,
3765,1235,filterLoc,,
3765,1238,filterLoc,,
3765,1241,filterLoc,,
3765,1244,filterLoc,,
3765,1247,filterLoc,,
3765,1250,filterLoc,,
3765,1253,filterLoc,,
3765,1256,filterLoc,,
3765,1259,filterLoc,,
3765,1262,filterLoc,,
3765,1265,filterLoc,,
3765,1268,filterLoc,,
3765,1271,filterLoc,,
3765,1274,filterLoc,,
3765,1277,filterLoc,,
3765,1280,filterLoc,,
3765,1283,filterLoc,,
3765,1286,filterLoc,,
3765,1289,filterLoc,,
3765,1292,filterLoc,,
3765,1295,filterLoc,,
3765,1298,filterLoc,,
3765,1301,filterLoc,,
3765,1304,filterLoc,,
3765,1307,filterLoc,,
3765,1310,filterLoc,,
3765,1313,filterLoc,,
3765,1316,filterLoc,,
3765,1319,filterLoc,,
3765,1322,filterLoc,,
3765,1325,filterLoc,,
3765,1328,filterLoc,,
3765,1331,filterLoc,,
3765,1334,filterLoc,,
3765,1337,filterLoc,,;Evacuee;217;in triage category;G;is leaving helicopter;2
3765,1340,filterLoc,,
3765,1343,filterLoc,,
3765,1346,filterLoc,,
3765,1349,filterLoc,,
3765,1352,filterLoc,,
3765,1355,filterLoc,,
3765,1358,filterLoc,,
3765,1361,filterLoc,,
3765,1364,filterLoc,,
3765,1367,filterLoc,,
3765,1370,filterLoc,,
3765,1373,filterLoc,,
3765,1376,filterLoc,,
3765,1379,filterLoc,,
3765,1382,filterLoc,,
3765,1385,filterLoc,,
3765,1388,filterLoc,,
3765,1391,filterLoc,,
3765,1394,filterLoc,,
3765,1397,filterLoc,,
3765,1400,filterLoc,,
3765,1403,filterLoc,,;Evacuee;206;in triage category;G;is leaving helicopter;2
3765,1406,filterLoc,,
3765,1409,filterLoc,,;Evacuee;207;in triage category;G;is leaving helicopter;2
3765,1412,filterLoc,,
3765,1415,filterLoc,,
3765,1418,filterLoc,,
3765,1421,filterLoc,,
3765,1424,filterLoc,,
3765,1427,filterLoc,,
3765,1430,filterLoc,,
3765,1433,filterLoc,,
3765,1436,filterLoc,,
3765,1439,filterLoc,,
3765,1442,filterLoc,,
3765,1445,filterLoc,,
3765,1448,filterLoc,,
3765,1451,filterLoc,,
3765,1454,filterLoc,,
3765,1457,filterLoc,,
3765,1460,filterLoc,,
3765,1463,filterLoc,,;Evacuee;233;in triage category;G;is leaving helicopter;2
3765,1466,filterLoc,,;Evacuee;236;in triage category;G;is leaving helicopter;2
3765,1469,filterLoc,,
3765,1472,filterLoc,,;Evacuee;237;in triage category;G;is leaving helicopter;2
3765,1475,filterLoc,,;Evacuee;238;in triage category;G;is leaving helicopter;2
3765,1478,filterLoc,,
3765,1481,filterLoc,,
3765,1484,filterLoc,,
3765,1487,filterLoc,,
3765,1490,filterLoc,,
3765,1493,filterLoc,,
3765,1496,filterLoc,,
3765,1499,filterLoc,,
3765,1502,filterLoc,,
3765,1505,filterLoc,,
3765,1508,filterLoc,,
3765,1511,filterLoc,,
3765,1514,filterLoc,,
3765,1517,filterLoc,,
3765,660,filterLoc,out,Evacuee 213 in triage category G is not assigned a helicopter
3765,660,filterLoc,,
3765,661,evacuee,,Evacuee;213;in triage state;G;is entering the FOL
3765,744,filterLoc,out,Evacuee 218 in triage category G is not assigned a helicopter
3765,744,filterLoc,,
3765,745,evacuee,,Evacuee;218;in triage state;G;is entering the FOL
3765,1059,filterLoc,out,Evacuee 198 in triage category G is not assigned a helicopter
3765,1059,filterLoc,,
3765,1060,evacuee,,Evacuee;198;in triage state;G;is entering the FOL
3765,1337,filterLoc,out,Evacuee 217 in triage category G is not assigned a helicopter
3765,1337,filterLoc,,
3765,1338,evacuee,,Evacuee;217;in triage state;G;is entering the FOL
3765,1403,filterLoc,out,Evacuee 206 in triage category G is not assigned a helicopter
3765,1403,filterLoc,,
3765,1404,evacuee,,Evacuee;206;in triage state;G;is entering the FOL
3765,1409,filterLoc,out,Evacuee 207 in triage category G is not assigned a helicopter
3765,1409,filterLoc,,
3765,1410,evacuee,,Evacuee;207;in triage state;G;is entering the FOL
3765,1463,filterLoc,out,Evacuee 233 in triage category G is not assigned a helicopter
3765,1463,filterLoc,,
3765,1464,evacuee,,Evacuee;233;in triage state;G;is entering the FOL
3765,1466,filterLoc,out,Evacuee 236 in triage category G is not assigned a helicopter
3765,1466,filterLoc,,
3765,1467,evacuee,,Evacuee;236;in triage state;G;is entering the FOL
3765,1472,filterLoc,out,Evacuee 237 in triage category G is not assigned a helicopter
3765,1472,filterLoc,,
3765,1473,evacuee,,Evacuee;237;in triage state;G;is entering the FOL
3765,1475,filterLoc,out,Evacuee 238 in triage category G is not assigned a helicopter
3765,1475,filterLoc,,
3765,1476,evacuee,,Evacuee;238;in triage state;G;is entering the FOL
3765,223,FOL,,;EvacueeID;7;Triage Status;G;EvacueeID;10;Triage Status;G;EvacueeID;14;Triage Status;G;EvacueeID;16;Triage Status;G;EvacueeID;17;Triage Status;G;EvacueeID;21;Triage Status;G;EvacueeID;27;Triage Status;G;EvacueeID;29;Triage Status;G;EvacueeID;31;Triage Status;G;EvacueeID;35;Triage Status;G;EvacueeID;36;Triage Status;G;EvacueeID;38;Triage Status;G;EvacueeID;42;Triage Status;G;EvacueeID;43;Triage Status;G;EvacueeID;46;Triage Status;G;EvacueeID;47;Triage Status;G;EvacueeID;53;Triage Status;G;EvacueeID;54;Triage Status;G;EvacueeID;56;Triage Status;G;EvacueeID;63;Triage Status;G;EvacueeID;65;Triage Status;G;EvacueeID;68;Triage Status;G;EvacueeID;69;Triage Status;G;EvacueeID;72;Triage Status;G;EvacueeID;73;Triage Status;G;EvacueeID;77;Triage Status;G;EvacueeID;78;Triage Status;G;EvacueeID;82;Triage Status;G;EvacueeID;84;Triage Status;G;EvacueeID;85;Triage Status;G;EvacueeID;88;Triage Status;G;EvacueeID;91;Triage Status;G;EvacueeID;93;Triage Status;G;EvacueeID;94;Triage Status;G;EvacueeID;95;Triage Status;G;EvacueeID;100;Triage Status;G;EvacueeID;106;Triage Status;G;EvacueeID;108;Triage Status;G;EvacueeID;109;Triage Status;G;EvacueeID;112;Triage Status;G;EvacueeID;113;Triage Status;G;EvacueeID;114;Triage Status;G;EvacueeID;122;Triage Status;G;EvacueeID;130;Triage Status;G;EvacueeID;132;Triage Status;G;EvacueeID;136;Triage Status;G;EvacueeID;137;Triage Status;G;EvacueeID;138;Triage Status;G;EvacueeID;139;Triage Status;G;EvacueeID;140;Triage Status;G;EvacueeID;146;Triage Status;G;EvacueeID;147;Triage Status;G;EvacueeID;155;Triage Status;G;EvacueeID;156;Triage Status;G;EvacueeID;158;Triage Status;G;EvacueeID;163;Triage Status;G;EvacueeID;165;Triage Status;G;EvacueeID;166;Triage Status;G;EvacueeID;175;Triage Status;G;EvacueeID;178;Triage Status;G;EvacueeID;179;Triage Status;G;EvacueeID;180;Triage Status;G;EvacueeID;185;Triage Status;G;EvacueeID;186;Triage Status;G;EvacueeID;187;Triage Status;G;EvacueeID;188;Triage Status;G;EvacueeID;189;Triage Status;G;EvacueeID;191;Triage Status;G;EvacueeID;194;Triage Status;G;EvacueeID;196;Triage Status;G;EvacueeID;198;Triage Status;G;EvacueeID;206;Triage Status;G;EvacueeID;207;Triage Status;G;EvacueeID;213;Triage Status;G;EvacueeID;217;Triage Status;G;EvacueeID;218;Triage Status;G;EvacueeID;233;Triage Status;G;EvacueeID;236;Triage Status;G;EvacueeID;237;Triage Status;G;EvacueeID;238;Triage Status;G;Lives Saved;80
3765,661,evacuee,outFOL,Evacuee 213 in triage category G is not assigned a helicopter
3765,661,evacuee,,Evacuee;213;in triage state;G;is at the FOL
3765,745,evacuee,outFOL,Evacuee 218 in triage category G is not assigned a helicopter
3765,745,evacuee,,Evacuee;218;in triage state;G;is at the FOL
3765,1060,evacuee,outFOL,Evacuee 198 in triage category G is not assigned a helicopter
3765,1060,evacuee,,Evacuee;198;in triage state;G;is at the FOL
3765,1338,evacuee,outFOL,Evacuee 217 in triage category G is not assigned a helicopter
3765,1338,evacuee,,Evacuee;217;in triage state;G;is at the FOL
3765,1404,evacuee,outFOL,Evacuee 206 in triage category G is not assigned a helicopter
3765,1404,evacuee,,Evacuee;206;in triage state;G;is at the FOL
3765,1410,evacuee,outFOL,Evacuee 207 in triage category G is not assigned a helicopter
3765,1410,evacuee,,Evacuee;207;in triage state;G;is at the FOL
3765,1464,evacuee,outFOL,Evacuee 233 in triage category G is not assigned a helicopter
3765,1464,evacuee,,Evacuee;233;in triage state;G;is at the FOL
3765,1467,evacuee,outFOL,Evacuee 236 in triage category G is not assigned a helicopter
3765,1467,evacuee,,Evacuee;236;in triage state;G;is at the FOL
3765,1473,evacuee,outFOL,Evacuee 237 in triage category G is not assigned a helicopter
3765,1473,evacuee,,Evacuee;237;in triage state;G;is at the FOL
3765,1476,evacuee,outFOL,Evacuee 238 in triage category G is not assigned a helicopter
3765,1476,evacuee,,Evacuee;238;in triage state;G;is at the FOL
3765,223,FOL,,;EvacueeID;7;Triage Status;G;EvacueeID;10;Triage Status;G;EvacueeID;14;Triage Status;G;EvacueeID;16;Triage Status;G;EvacueeID;17;Triage Status;G;EvacueeID;21;Triage Status;G;EvacueeID;27;Triage Status;G;EvacueeID;29;Triage Status;G;EvacueeID;31;Triage Status;G;EvacueeID;35;Triage Status;G;EvacueeID;36;Triage Status;G;EvacueeID;38;Triage Status;G;EvacueeID;42;Triage Status;G;EvacueeID;43;Triage Status;G;EvacueeID;46;Triage Status;G;EvacueeID;47;Triage Status;G;EvacueeID;53;Triage Status;G;EvacueeID;54;Triage Status;G;EvacueeID;56;Triage Status;G;EvacueeID;63;Triage Status;G;EvacueeID;65;Triage Status;G;EvacueeID;68;Triage Status;G;EvacueeID;69;Triage Status;G;EvacueeID;72;Triage Status;G;EvacueeID;73;Triage Status;G;EvacueeID;77;Triage Status;G;EvacueeID;78;Triage Status;G;EvacueeID;82;Triage Status;G;EvacueeID;84;Triage Status;G;EvacueeID;85;Triage Status;G;EvacueeID;88;Triage Status;G;EvacueeID;91;Triage Status;G;EvacueeID;93;Triage Status;G;EvacueeID;94;Triage Status;G;EvacueeID;95;Triage Status;G;EvacueeID;100;Triage Status;G;EvacueeID;106;Triage Status;G;EvacueeID;108;Triage Status;G;EvacueeID;109;Triage Status;G;EvacueeID;112;Triage Status;G;EvacueeID;113;Triage Status;G;EvacueeID;114;Triage Status;G;EvacueeID;122;Triage Status;G;EvacueeID;130;Triage Status;G;EvacueeID;132;Triage Status;G;EvacueeID;136;Triage Status;G;EvacueeID;137;Triage Status;G;EvacueeID;138;Triage Status;G;EvacueeID;139;Triage Status;G;EvacueeID;140;Triage Status;G;EvacueeID;146;Triage Status;G;EvacueeID;147;Triage Status;G;EvacueeID;155;Triage Status;G;EvacueeID;156;Triage Status;G;EvacueeID;158;Triage Status;G;EvacueeID;163;Triage Status;G;EvacueeID;165;Triage Status;G;EvacueeID;166;Triage Status;G;EvacueeID;175;Triage Status;G;EvacueeID;178;Triage Status;G;EvacueeID;179;Triage Status;G;EvacueeID;180;Triage Status;G;EvacueeID;185;Triage Status;G;EvacueeID;186;Triage Status;G;EvacueeID;187;Triage Status;G;EvacueeID;188;Triage Status;G;EvacueeID;189;Triage Status;G;EvacueeID;191;Triage Status;G;EvacueeID;194;Triage Status;G;EvacueeID;196;Triage Status;G;EvacueeID;198;Triage Status;G;EvacueeID;206;Triage Status;G;EvacueeID;207;Triage Status;G;EvacueeID;213;Triage Status;G;EvacueeID;217;Triage Status;G;EvacueeID;218;Triage Status;G;EvacueeID;233;Triage Status;G;EvacueeID;236;Triage Status;G;EvacueeID;237;Triage Status;G;EvacueeID;238;Triage Status;G;Lives Saved;80
3780,1121,helicopter,,Helicopter;2;Is going to the evacuation site;;and has;0;spots taken
3780.1,3,evacueeManager,,OFF SHIP: White;0;Green;51;Yellow;15;Red;3;Black;341;ON SHIP: White;0;Green;0;Yellow;0;Red;0;Evacuees to Transfer;
3780.1,114,evacuee,outES,Evacuee 428 in triage category Y is not assigned a helicopter
3780.1,114,evacuee,,Evacuee;428;in triage state;R;is at the evacuation site
3781.56,3,evacueeManager,,OFF SHIP: White;0;Green;51;Yellow;14;Red;4;Black;341;ON SHIP: White;0;Green;0;Yellow;0;Red;0;Evacuees to Transfer;
3781.56,1392,evacuee,outES,Evacuee 275 in triage category Y is not assigned a helicopter
3781.56,1392,evacuee,,Evacuee;275;in triage state;R;is at the evacuation site
3814.76,3,evacueeManager,,OFF SHIP: White;0;Green;51;Yellow;14;Red;3;Black;342;ON SHIP: White;0;Green;0;Yellow;0;Red;0;Evacuees to Transfer;
3814.76,1509,evacuee,outES,Evacuee 254 in triage category R is not assigned a helicopter
3814.76,1509,evacuee,,Evacuee;254;in triage state;B;is at the evacuation site
3825,7,filterLoc,,
3825,10,filterLoc,,
3825,13,filterLoc,,
3825,16,filterLoc,,
3825,19,filterLoc,,
3825,22,filterLoc,,
3825,25,filterLoc,,
3825,28,filterLoc,,
3825,31,filterLoc,,
3825,34,filterLoc,,
3825,37,filterLoc,,
3825,40,filterLoc,,
3825,43,filterLoc,,
3825,46,filterLoc,,
3825,49,filterLoc,,
3825,52,filterLoc,,
3825,55,filterLoc,,
3825,58,filterLoc,,
3825,61,filterLoc,,
3825,64,filterLoc,,
3825,67,filterLoc,,
3825,70,filterLoc,,
3825,73,filterLoc,,
3825,76,filterLoc,,
3825,79,filterLoc,,
3825,82,filterLoc,,
3825,85,filterLoc,,
3825,88,filterLoc,,
3825,91,filterLoc,,
3825,94,filterLoc,,
3825,97,filterLoc,,
3825,100,filterLoc,,
3825,105,helicopter,outEvac,Evacuee 239 in triage category G is not assigned a helicopter
3825,105,helicopter,outEvac,Evacuee 242 in triage category G is not assigned a helicopter
3825,105,helicopter,outEvac,Evacuee 253 in triage category G is not assigned a helicopter
3825,105,helicopter,outEvac,Evacuee 265 in triage category G is not assigned a helicopter
3825,105,helicopter,outEvac,Evacuee 268 in triage category G is not assigned a helicopter
3825,105,helicopter,outEvac,Evacuee 276 in triage category G is not assigned a helicopter
3825,105,helicopter,outEvac,Evacuee 280 in triage category G is not assigned a helicopter
3825,105,helicopter,outEvac,Evacuee 281 in triage category G is not assigned a helicopter
3825,105,helicopter,outEvac,Evacuee 282 in triage category G is not assigned a helicopter
3825,105,helicopter,outEvac,Evacuee 283 in triage category G is not assigned a helicopter
3825,105,helicopter,,Helicopter;3;is unloading people at the FOL;;and has;0;spots taken
3825,107,filterLoc,,
3825,110,filterLoc,,
3825,113,filterLoc,,
3825,116,filterLoc,,
3825,119,filterLoc,,
3825,122,filterLoc,,
3825,125,filterLoc,,
3825,128,filterLoc,,
3825,131,filterLoc,,
3825,134,filterLoc,,
3825,137,filterLoc,,
3825,140,filterLoc,,
3825,143,filterLoc,,
3825,146,filterLoc,,
3825,149,filterLoc,,
3825,152,filterLoc,,
3825,155,filterLoc,,
3825,158,filterLoc,,
3825,161,filterLoc,,
3825,164,filterLoc,,
3825,167,filterLoc,,
3825,170,filterLoc,,
3825,173,filterLoc,,
3825,176,filterLoc,,
3825,179,filterLoc,,
3825,182,filterLoc,,
3825,185,filterLoc,,
3825,188,filterLoc,,
3825,191,filterLoc,,
3825,194,filterLoc,,
3825,197,filterLoc,,
3825,200,filterLoc,,
3825,203,filterLoc,,
3825,206,filterLoc,,
3825,209,filterLoc,,
3825,212,filterLoc,,
3825,215,filterLoc,,
3825,218,filterLoc,,
3825,221,filterLoc,,
3825,225,filterLoc,,
3825,228,filterLoc,,
3825,231,filterLoc,,
3825,234,filterLoc,,
3825,237,filterLoc,,
3825,240,filterLoc,,
3825,243,filterLoc,,
3825,246,filterLoc,,
3825,249,filterLoc,,
3825,252,filterLoc,,
3825,255,filterLoc,,
3825,258,filterLoc,,
3825,261,filterLoc,,
3825,264,filterLoc,,
3825,267,filterLoc,,
3825,270,filterLoc,,
3825,273,filterLoc,,
3825,276,filterLoc,,
3825,279,filterLoc,,
3825,282,filterLoc,,
3825,285,filterLoc,,
3825,288,filterLoc,,
3825,291,filterLoc,,
3825,294,filterLoc,,
3825,297,filterLoc,,
3825,300,filterLoc,,
3825,303,filterLoc,,
3825,306,filterLoc,,
3825,309,filterLoc,,
3825,312,filterLoc,,
3825,315,filterLoc,,
3825,318,filterLoc,,
3825,321,filterLoc,,
3825,324,filterLoc,,
3825,327,filterLoc,,
3825,330,filterLoc,,
3825,333,filterLoc,,
3825,336,filterLoc,,
3825,339,filterLoc,,
3825,342,filterLoc,,
3825,345,filterLoc,,
3825,348,filterLoc,,
3825,351,filterLoc,,
3825,354,filterLoc,,
3825,357,filterLoc,,
3825,360,filterLoc,,
3825,363,filterLoc,,
3825,366,filterLoc,,
3825,369,filterLoc,,
3825,372,filterLoc,,
3825,375,filterLoc,,
3825,378,filterLoc,,
3825,381,filterLoc,,
3825,384,filterLoc,,
3825,387,filterLoc,,
3825,390,filterLoc,,
3825,393,filterLoc,,
3825,396,filterLoc,,;Evacuee;283;in triage category;G;is leaving helicopter;3
3825,399,filterLoc,,;Evacuee;282;in triage category;G;is leaving helicopter;3
3825,402,filterLoc,,;Evacuee;281;in triage category;G;is leaving helicopter;3
3825,405,filterLoc,,;Evacuee;280;in triage category;G;is leaving helicopter;3
3825,408,filterLoc,,
3825,411,filterLoc,,
3825,414,filterLoc,,
3825,417,filterLoc,,
3825,420,filterLoc,,
3825,423,filterLoc,,
3825,426,filterLoc,,
3825,429,filterLoc,,
3825,432,filterLoc,,
3825,435,filterLoc,,
3825,438,filterLoc,,
3825,441,filterLoc,,
3825,444,filterLoc,,
3825,447,filterLoc,,
3825,450,filterLoc,,
3825,453,filterLoc,,
3825,456,filterLoc,,
3825,459,filterLoc,,
3825,462,filterLoc,,
3825,465,filterLoc,,
3825,468,filterLoc,,
3825,471,filterLoc,,
3825,474,filterLoc,,;Evacuee;276;in triage category;G;is leaving helicopter;3
3825,477,filterLoc,,
3825,480,filterLoc,,
3825,483,filterLoc,,
3825,486,filterLoc,,
3825,489,filterLoc,,
3825,492,filterLoc,,
3825,495,filterLoc,,
3825,498,filterLoc,,
3825,501,filterLoc,,
3825,504,filterLoc,,
3825,507,filterLoc,,
3825,510,filterLoc,,
3825,513,filterLoc,,
3825,516,filterLoc,,
3825,519,filterLoc,,
3825,522,filterLoc,,
3825,525,filterLoc,,
3825,528,filterLoc,,
3825,531,filterLoc,,
3825,534,filterLoc,,
3825,537,filterLoc,,
3825,540,filterLoc,,
3825,543,filterLoc,,
3825,546,filterLoc,,
3825,549,filterLoc,,
3825,552,filterLoc,,
3825,555,filterLoc,,
3825,558,filterLoc,,
3825,561,filterLoc,,
3825,564,filterLoc,,
3825,567,filterLoc,,
3825,570,filterLoc,,
3825,573,filterLoc,,
3825,576,filterLoc,,
3825,579,filterLoc,,
3825,582,filterLoc,,
3825,585,filterLoc,,
3825,588,filterLoc,,
3825,591,filterLoc,,
3825,594,filterLoc,,
3825,597,filterLoc,,
3825,600,filterLoc,,
3825,603,filterLoc,,
3825,606,filterLoc,,
3825,609,filterLoc,,
3825,612,filterLoc,,
3825,615,filterLoc,,
3825,618,filterLoc,,
3825,621,filterLoc,,
3825,624,filterLoc,,
3825,627,filterLoc,,
3825,630,filterLoc,,
3825,633,filterLoc,,
3825,636,filterLoc,,
3825,639,filterLoc,,
3825,642,filterLoc,,
3825,645,filterLoc,,
3825,648,filterLoc,,
3825,651,filterLoc,,
3825,654,filterLoc,,
3825,657,filterLoc,,
3825,660,filterLoc,,
3825,663,filterLoc,,
3825,666,filterLoc,,
3825,669,filterLoc,,
3825,672,filterLoc,,
3825,675,filterLoc,,
3825,678,filterLoc,,
3825,681,filterLoc,,
3825,684,filterLoc,,
3825,687,filterLoc,,
3825,690,filterLoc,,
3825,693,filterLoc,,
3825,696,filterLoc,,
3825,699,filterLoc,,
3825,702,filterLoc,,
3825,705,filterLoc,,
3825,708,filterLoc,,
3825,711,filterLoc,,
3825,714,filterLoc,,
3825,717,filterLoc,,
3825,720,filterLoc,,
3825,723,filterLoc,,
3825,726,filterLoc,,
3825,729,filterLoc,,
3825,732,filterLoc,,
3825,735,filterLoc,,
3825,738,filterLoc,,
3825,741,filterLoc,,
3825,744,filterLoc,,
3825,747,filterLoc,,
3825,750,filterLoc,,
3825,753,filterLoc,,
3825,756,filterLoc,,
3825,759,filterLoc,,
3825,762,filterLoc,,
3825,765,filterLoc,,
3825,768,filterLoc,,
3825,771,filterLoc,,
3825,774,filterLoc,,
3825,777,filterLoc,,
3825,780,filterLoc,,
3825,783,filterLoc,,
3825,786,filterLoc,,
3825,789,filterLoc,,
3825,792,filterLoc,,
3825,795,filterLoc,,
3825,798,filterLoc,,;Evacuee;268;in triage category;G;is leaving helicopter;3
3825,801,filterLoc,,
3825,804,filterLoc,,
3825,807,filterLoc,,
3825,810,filterLoc,,
3825,813,filterLoc,,
3825,816,filterLoc,,
3825,819,filterLoc,,
3825,822,filterLoc,,
3825,825,filterLoc,,
3825,828,filterLoc,,
3825,831,filterLoc,,
3825,834,filterLoc,,
3825,837,filterLoc,,
3825,840,filterLoc,,
3825,843,filterLoc,,
3825,846,filterLoc,,
3825,849,filterLoc,,
3825,852,filterLoc,,
3825,855,filterLoc,,
3825,858,filterLoc,,
3825,861,filterLoc,,
3825,864,filterLoc,,
3825,867,filterLoc,,
3825,870,filterLoc,,
3825,873,filterLoc,,
3825,876,filterLoc,,
3825,879,filterLoc,,
3825,882,filterLoc,,
3825,885,filterLoc,,
3825,888,filterLoc,,
3825,891,filterLoc,,
3825,894,filterLoc,,
3825,897,filterLoc,,
3825,900,filterLoc,,
3825,903,filterLoc,,
3825,906,filterLoc,,
3825,909,filterLoc,,
3825,912,filterLoc,,
3825,915,filterLoc,,
3825,918,filterLoc,,
3825,921,filterLoc,,
3825,924,filterLoc,,
3825,927,filterLoc,,
3825,930,filterLoc,,
3825,933,filterLoc,,
3825,936,filterLoc,,
3825,939,filterLoc,,
3825,942,filterLoc,,
3825,945,filterLoc,,
3825,948,filterLoc,,
3825,951,filterLoc,,
3825,954,filterLoc,,
3825,957,filterLoc,,
3825,960,filterLoc,,
3825,963,filterLoc,,
3825,966,filterLoc,,
3825,969,filterLoc,,
3825,972,filterLoc,,
3825,975,filterLoc,,
3825,978,filterLoc,,
3825,981,filterLoc,,
3825,984,filterLoc,,
3825,987,filterLoc,,
3825,990,filterLoc,,
3825,993,filterLoc,,
3825,996,filterLoc,,
3825,999,filterLoc,,
3825,1002,filterLoc,,
3825,1005,filterLoc,,
3825,1008,filterLoc,,
3825,1011,filterLoc,,
3825,1014,filterLoc,,
3825,1017,filterLoc,,
3825,1020,filterLoc,,
3825,1023,filterLoc,,
3825,1026,filterLoc,,
3825,1029,filterLoc,,
3825,1032,filterLoc,,
3825,1035,filterLoc,,
3825,1038,filterLoc,,
3825,1041,filterLoc,,
3825,1044,filterLoc,,
3825,1047,filterLoc,,
3825,1050,filterLoc,,
3825,1053,filterLoc,,
3825,1056,filterLoc,,
3825,1059,filterLoc,,
3825,1062,filterLoc,,
3825,1065,filterLoc,,
3825,1068,filterLoc,,
3825,1071,filterLoc,,
3825,1074,filterLoc,,
3825,1077,filterLoc,,
3825,1080,filterLoc,,
3825,1083,filterLoc,,
3825,1086,filterLoc,,
3825,1089,filterLoc,,
3825,1092,filterLoc,,
3825,1095,filterLoc,,
3825,1098,filterLoc,,
3825,1101,filterLoc,,
3825,1104,filterLoc,,
3825,1107,filterLoc,,
3825,1110,filterLoc,,
3825,1113,filterLoc,,
3825,1116,filterLoc,,
3825,1123,filterLoc,,
3825,1126,filterLoc,,
3825,1129,filterLoc,,
3825,1132,filterLoc,,
3825,1135,filterLoc,,
3825,1138,filterLoc,,
3825,1141,filterLoc,,
3825,1144,filterLoc,,
3825,1147,filterLoc,,
3825,1150,filterLoc,,
3825,1153,filterLoc,,
3825,1156,filterLoc,,
3825,1163,filterLoc,,
3825,1166,filterLoc,,
3825,1169,filterLoc,,
3825,1172,filterLoc,,
3825,1175,filterLoc,,
3825,1178,filterLoc,,
3825,1181,filterLoc,,
3825,1184,filterLoc,,
3825,1187,filterLoc,,
3825,1190,filterLoc,,
3825,1193,filterLoc,,
3825,1196,filterLoc,,
3825,1199,filterLoc,,;Evacuee;265;in triage category;G;is leaving helicopter;3
3825,1202,filterLoc,,
3825,1205,filterLoc,,
3825,1208,filterLoc,,
3825,1211,filterLoc,,
3825,1214,filterLoc,,
3825,1217,filterLoc,,
3825,1220,filterLoc,,
3825,1223,filterLoc,,
3825,1226,filterLoc,,
3825,1229,filterLoc,,
3825,1232,filterLoc,,
3825,1235,filterLoc,,
3825,1238,filterLoc,,
3825,1241,filterLoc,,
3825,1244,filterLoc,,
3825,1247,filterLoc,,
3825,1250,filterLoc,,
3825,1253,filterLoc,,
3825,1256,filterLoc,,
3825,1259,filterLoc,,
3825,1262,filterLoc,,
3825,1265,filterLoc,,
3825,1268,filterLoc,,;Evacuee;242;in triage category;G;is leaving helicopter;3
3825,1271,filterLoc,,
3825,1274,filterLoc,,
3825,1277,filterLoc,,
3825,1280,filterLoc,,
3825,1283,filterLoc,,
3825,1286,filterLoc,,
3825,1289,filterLoc,,
3825,1292,filterLoc,,
3825,1295,filterLoc,,
3825,1298,filterLoc,,
3825,1301,filterLoc,,
3825,1304,filterLoc,,
3825,1307,filterLoc,,
3825,1310,filterLoc,,
3825,1313,filterLoc,,
3825,1316,filterLoc,,
3825,1319,filterLoc,,
3825,1322,filterLoc,,
3825,1325,filterLoc,,
3825,1328,filterLoc,,
3825,1331,filterLoc,,
3825,1334,filterLoc,,
3825,1337,filterLoc,,
3825,1340,filterLoc,,
3825,1343,filterLoc,,;Evacuee;253;in triage category;G;is leaving helicopter;3
3825,1346,filterLoc,,
3825,1349,filterLoc,,
3825,1352,filterLoc,,
3825,1355,filterLoc,,
3825,1358,filterLoc,,
3825,1361,filterLoc,,
3825,1364,filterLoc,,
3825,1367,filterLoc,,
3825,1370,filterLoc,,
3825,1373,filterLoc,,
3825,1376,filterLoc,,
3825,1379,filterLoc,,
3825,1382,filterLoc,,
3825,1385,filterLoc,,
3825,1388,filterLoc,,
3825,1391,filterLoc,,
3825,1394,filterLoc,,
3825,1397,filterLoc,,
3825,1400,filterLoc,,
3825,1403,filterLoc,,
3825,1406,filterLoc,,
3825,1409,filterLoc,,
3825,1412,filterLoc,,
3825,1415,filterLoc,,
3825,1418,filterLoc,,
3825,1421,filterLoc,,
3825,1424,filterLoc,,
3825,1427,filterLoc,,
3825,1430,filterLoc,,
3825,1433,filterLoc,,
3825,1436,filterLoc,,
3825,1439,filterLoc,,
3825,1442,filterLoc,,
3825,1445,filterLoc,,
3825,1448,filterLoc,,
3825,1451,filterLoc,,
3825,1454,filterLoc,,
3825,1457,filterLoc,,
3825,1460,filterLoc,,
3825,1463,filterLoc,,
3825,1466,filterLoc,,
3825,1469,filterLoc,,
3825,1472,filterLoc,,
3825,1475,filterLoc,,
3825,1478,filterLoc,,
3825,1481,filterLoc,,;Evacuee;239;in triage category;G;is leaving helicopter;3
3825,1484,filterLoc,,
3825,1487,filterLoc,,
3825,1490,filterLoc,,
3825,1493,filterLoc,,
3825,1496,filterLoc,,
3825,1499,filterLoc,,
3825,1502,filterLoc,,
3825,1505,filterLoc,,
3825,1508,filterLoc,,
3825,1511,filterLoc,,
3825,1514,filterLoc,,
3825,1517,filterLoc,,
3825,396,filterLoc,out,Evacuee 283 in triage category G is not assigned a helicopter
3825,396,filterLoc,,
3825,397,evacuee,,Evacuee;283;in triage state;G;is entering the FOL
3825,399,filterLoc,out,Evacuee 282 in triage category G is not assigned a helicopter
3825,399,filterLoc,,
3825,400,evacuee,,Evacuee;282;in triage state;G;is entering the FOL
3825,402,filterLoc,out,Evacuee 281 in triage category G is not assigned a helicopter
3825,402,filterLoc,,
3825,403,evacuee,,Evacuee;281;in triage state;G;is entering the FOL
3825,405,filterLoc,out,Evacuee 280 in triage category G is not assigned a helicopter
3825,405,filterLoc,,
3825,406,evacuee,,Evacuee;280;in triage state;G;is entering the FOL
3825,474,filterLoc,out,Evacuee 276 in triage category G is not assigned a helicopter
3825,474,filterLoc,,
3825,475,evacuee,,Evacuee;276;in triage state;G;is entering the FOL
3825,798,filterLoc,out,Evacuee 268 in triage category G is not assigned a helicopter
3825,798,filterLoc,,
3825,799,evacuee,,Evacuee;268;in triage state;G;is entering the FOL
3825,1199,filterLoc,out,Evacuee 265 in triage category G is not assigned a helicopter
3825,1199,filterLoc,,
3825,1200,evacuee,,Evacuee;265;in triage state;G;is entering the FOL
3825,1268,filterLoc,out,Evacuee 242 in triage category G is not assigned a helicopter
3825,1268,filterLoc,,
3825,1269,evacuee,,Evacuee;242;in triage state;G;is entering the FOL
3825,1343,filterLoc,out,Evacuee 253 in triage category G is not assigned a helicopter
3825,1343,filterLoc,,
3825,1344,evacuee,,Evacuee;253;in triage state;G;is entering the FOL
3825,1481,filterLoc,out,Evacuee 239 in triage category G is not assigned a helicopter
3825,1481,filterLoc,,
3825,1482,evacuee,,Evacuee;239;in triage state;G;is entering the FOL
3825,223,FOL,,;EvacueeID;7;Triage Status;G;EvacueeID;10;Triage Status;G;EvacueeID;14;Triage Status;G;EvacueeID;16;Triage Status;G;EvacueeID;17;Triage Status;G;EvacueeID;21;Triage Status;G;EvacueeID;27;Triage Status;G;EvacueeID;29;Triage Status;G;EvacueeID;31;Triage Status;G;EvacueeID;35;Triage Status;G;EvacueeID;36;Triage Status;G;EvacueeID;38;Triage Status;G;EvacueeID;42;Triage Status;G;EvacueeID;43;Triage Status;G;EvacueeID;46;Triage Status;G;EvacueeID;47;Triage Status;G;EvacueeID;53;Triage Status;G;EvacueeID;54;Triage Status;G;EvacueeID;56;Triage Status;G;EvacueeID;63;Triage Status;G;EvacueeID;65;Triage Status;G;EvacueeID;68;Triage Status;G;EvacueeID;69;Triage Status;G;EvacueeID;72;Triage Status;G;EvacueeID;73;Triage Status;G;EvacueeID;77;Triage Status;G;EvacueeID;78;Triage Status;G;EvacueeID;82;Triage Status;G;EvacueeID;84;Triage Status;G;EvacueeID;85;Triage Status;G;EvacueeID;88;Triage Status;G;EvacueeID;91;Triage Status;G;EvacueeID;93;Triage Status;G;EvacueeID;94;Triage Status;G;EvacueeID;95;Triage Status;G;EvacueeID;100;Triage Status;G;EvacueeID;106;Triage Status;G;EvacueeID;108;Triage Status;G;EvacueeID;109;Triage Status;G;EvacueeID;112;Triage Status;G;EvacueeID;113;Triage Status;G;EvacueeID;114;Triage Status;G;EvacueeID;122;Triage Status;G;EvacueeID;130;Triage Status;G;EvacueeID;132;Triage Status;G;EvacueeID;136;Triage Status;G;EvacueeID;137;Triage Status;G;EvacueeID;138;Triage Status;G;EvacueeID;139;Triage Status;G;EvacueeID;140;Triage Status;G;EvacueeID;146;Triage Status;G;EvacueeID;147;Triage Status;G;EvacueeID;155;Triage Status;G;EvacueeID;156;Triage Status;G;EvacueeID;158;Triage Status;G;EvacueeID;163;Triage Status;G;EvacueeID;165;Triage Status;G;EvacueeID;166;Triage Status;G;EvacueeID;175;Triage Status;G;EvacueeID;178;Triage Status;G;EvacueeID;179;Triage Status;G;EvacueeID;180;Triage Status;G;EvacueeID;185;Triage Status;G;EvacueeID;186;Triage Status;G;EvacueeID;187;Triage Status;G;EvacueeID;188;Triage Status;G;EvacueeID;189;Triage Status;G;EvacueeID;191;Triage Status;G;EvacueeID;194;Triage Status;G;EvacueeID;196;Triage Status;G;EvacueeID;198;Triage Status;G;EvacueeID;206;Triage Status;G;EvacueeID;207;Triage Status;G;EvacueeID;213;Triage Status;G;EvacueeID;217;Triage Status;G;EvacueeID;218;Triage Status;G;EvacueeID;233;Triage Status;G;EvacueeID;236;Triage Status;G;EvacueeID;237;Triage Status;G;EvacueeID;238;Triage Status;G;EvacueeID;239;Triage Status;G;EvacueeID;242;Triage Status;G;EvacueeID;253;Triage Status;G;EvacueeID;265;Triage Status;G;EvacueeID;268;Triage Status;G;EvacueeID;276;Triage Status;G;EvacueeID;280;Triage Status;G;EvacueeID;281;Triage Status;G;EvacueeID;282;Triage Status;G;EvacueeID;283;Triage Status;G;Lives Saved;90
3825,397,evacuee,outFOL,Evacuee 283 in triage category G is not assigned a helicopter
3825,397,evacuee,,Evacuee;283;in triage state;G;is at the FOL
3825,400,evacuee,outFOL,Evacuee 282 in triage category G is not assigned a helicopter
3825,400,evacuee,,Evacuee;282;in triage state;G;is at the FOL
3825,403,evacuee,outFOL,Evacuee 281 in triage category G is not assigned a helicopter
3825,403,evacuee,,Evacuee;281;in triage state;G;is at the FOL
3825,406,evacuee,outFOL,Evacuee 280 in triage category G is not assigned a helicopter
3825,406,evacuee,,Evacuee;280;in triage state;G;is at the FOL
3825,475,evacuee,outFOL,Evacuee 276 in triage category G is not assigned a helicopter
3825,475,evacuee,,Evacuee;276;in triage state;G;is at the FOL
3825,799,evacuee,outFOL,Evacuee 268 in triage category G is not assigned a helicopter
3825,799,evacuee,,Evacuee;268;in triage state;G;is at the FOL
3825,1200,evacuee,outFOL,Evacuee 265 in triage category G is not assigned a helicopter
3825,1200,evacuee,,Evacuee;265;in triage state;G;is at the FOL
3825,1269,evacuee,outFOL,Evacuee 242 in triage category G is not assigned a helicopter
3825,1269,evacuee,,Evacuee;242;in triage state;G;is at the FOL
3825,1344,evacuee,outFOL,Evacuee 253 in triage category G is not assigned a helicopter
3825,1344,evacuee,,Evacuee;253;in triage state;G;is at the FOL
3825,1482,evacuee,outFOL,Evacuee 239 in triage category G is not assigned a helicopter
3825,1482,evacuee,,Evacuee;239;in triage state;G;is at the FOL
3825,223,FOL,,;EvacueeID;7;Triage Status;G;EvacueeID;10;Triage Status;G;EvacueeID;14;Triage Status;G;EvacueeID;16;Triage Status;G;EvacueeID;17;Triage Status;G;EvacueeID;21;Triage Status;G;EvacueeID;27;Triage Status;G;EvacueeID;29;Triage Status;G;EvacueeID;31;Triage Status;G;EvacueeID;35;Triage Status;G;EvacueeID;36;Triage Status;G;EvacueeID;38;Triage Status;G;EvacueeID;42;Triage Status;G;EvacueeID;43;Triage Status;G;EvacueeID;46;Triage Status;G;EvacueeID;47;Triage Status;G;EvacueeID;53;Triage Status;G;EvacueeID;54;Triage Status;G;EvacueeID;56;Triage Status;G;EvacueeID;63;Triage Status;G;EvacueeID;65;Triage Status;G;EvacueeID;68;Triage Status;G;EvacueeID;69;Triage Status;G;EvacueeID;72;Triage Status;G;EvacueeID;73;Triage Status;G;EvacueeID;77;Triage Status;G;EvacueeID;78;Triage Status;G;EvacueeID;82;Triage Status;G;EvacueeID;84;Triage Status;G;EvacueeID;85;Triage Status;G;EvacueeID;88;Triage Status;G;EvacueeID;91;Triage Status;G;EvacueeID;93;Triage Status;G;EvacueeID;94;Triage Status;G;EvacueeID;95;Triage Status;G;EvacueeID;100;Triage Status;G;EvacueeID;106;Triage Status;G;EvacueeID;108;Triage Status;G;EvacueeID;109;Triage Status;G;EvacueeID;112;Triage Status;G;EvacueeID;113;Triage Status;G;EvacueeID;114;Triage Status;G;EvacueeID;122;Triage Status;G;EvacueeID;130;Triage Status;G;EvacueeID;132;Triage Status;G;EvacueeID;136;Triage Status;G;EvacueeID;137;Triage Status;G;EvacueeID;138;Triage Status;G;EvacueeID;139;Triage Status;G;EvacueeID;140;Triage Status;G;EvacueeID;146;Triage Status;G;EvacueeID;147;Triage Status;G;EvacueeID;155;Triage Status;G;EvacueeID;156;Triage Status;G;EvacueeID;158;Triage Status;G;EvacueeID;163;Triage Status;G;EvacueeID;165;Triage Status;G;EvacueeID;166;Triage Status;G;EvacueeID;175;Triage Status;G;EvacueeID;178;Triage Status;G;EvacueeID;179;Triage Status;G;EvacueeID;180;Triage Status;G;EvacueeID;185;Triage Status;G;EvacueeID;186;Triage Status;G;EvacueeID;187;Triage Status;G;EvacueeID;188;Triage Status;G;EvacueeID;189;Triage Status;G;EvacueeID;191;Triage Status;G;EvacueeID;194;Triage Status;G;EvacueeID;196;Triage Status;G;EvacueeID;198;Triage Status;G;EvacueeID;206;Triage Status;G;EvacueeID;207;Triage Status;G;EvacueeID;213;Triage Status;G;EvacueeID;217;Triage Status;G;EvacueeID;218;Triage Status;G;EvacueeID;233;Triage Status;G;EvacueeID;236;Triage Status;G;EvacueeID;237;Triage Status;G;EvacueeID;238;Triage Status;G;EvacueeID;239;Triage Status;G;EvacueeID;242;Triage Status;G;EvacueeID;253;Triage Status;G;EvacueeID;265;Triage Status;G;EvacueeID;268;Triage Status;G;EvacueeID;276;Triage Status;G;EvacueeID;280;Triage Status;G;EvacueeID;281;Triage Status;G;EvacueeID;282;Triage Status;G;EvacueeID;283;Triage Status;G;Lives Saved;90
3840,105,helicopter,,Helicopter;3;Is going to the evacuation site;;and has;0;spots taken
3862.91,3,evacueeManager,,OFF SHIP: White;0;Green;50;Yellow;15;Red;3;Black;342;ON SHIP: White;0;Green;0;Yellow;0;Red;0;Evacuees to Transfer;
3862.91,117,evacuee,outES,Evacuee 426 in triage category G is not assigned a helicopter
3862.91,117,evacuee,,Evacuee;426;in triage state;Y;is at the evacuation site
3863.53,3,evacueeManager,,OFF SHIP: White;0;Green;50;Yellow;15;Red;2;Black;343;ON SHIP: White;0;Green;0;Yellow;0;Red;0;Evacuees to Transfer;
3863.53,1392,evacuee,outES,Evacuee 275 in triage category R is not assigned a helicopter
3863.53,1392,evacuee,,Evacuee;275;in triage state;B;is at the evacuation site
3864.97,3,evacueeManager,,OFF SHIP: White;0;Green;50;Yellow;14;Red;3;Black;343;ON SHIP: White;0;Green;0;Yellow;0;Red;0;Evacuees to Transfer;
3864.97,316,evacuee,outES,Evacuee 319 in triage category Y is not assigned a helicopter
3864.97,316,evacuee,,Evacuee;319;in triage state;R;is at the evacuation site
3870,5,helicopterQueue,,1;Helos are waiting to land;HeloID;1
3870,1161,helicopter,outES,Helicopter 1 is evacuating people1
3870,1161,helicopter,,Helicopter;1;is waiting to land at the evacuation site;;and has;0;spots taken
3870,4,helipadManager,,;No helos are at ES
3870,5,helicopterQueue,outHM,Helicopter 1 is evacuating people1
3870,5,helicopterQueue,outHelo,Helicopter 1 is evacuating people1
3870,5,helicopterQueue,,;No helos are waiting to land
3870,104,filterES,,
3870,1120,filterES,,
3870,1160,filterES,,Helicopter;1;is evacuating people
3870,3,evacueeManager,,OFF SHIP: White;0;Green;40;Yellow;14;Red;3;Black;343;ON SHIP: White;0;Green;0;Yellow;0;Red;0;Evacuees to Transfer;;EvacueeID;284;HeloID;1;OnShip;0;Triage Status;G;EvacueeID;289;HeloID;1;OnShip;0;Triage Status;G;EvacueeID;299;HeloID;1;OnShip;0;Triage Status;G;EvacueeID;300;HeloID;1;OnShip;0;Triage Status;G;EvacueeID;312;HeloID;1;OnShip;0;Triage Status;G;EvacueeID;313;HeloID;1;OnShip;0;Triage Status;G;EvacueeID;316;HeloID;1;OnShip;0;Triage Status;G;EvacueeID;323;HeloID;1;OnShip;0;Triage Status;G;EvacueeID;340;HeloID;1;OnShip;0;Triage Status;G;EvacueeID;341;HeloID;1;OnShip;0;Triage Status;G
3870,4,helipadManager,outEM,Helicopter 1 is evacuating people1
3870,4,helipadManager,,Helo;1;is at the ES
3870,1160,filterES,out,Helicopter 1 is evacuating people1
3870,1160,filterES,,
3870,1161,helicopter,,Helicopter;1;is waiting to land at the evacuation site;;and has;0;spots taken
3870,3,evacueeManager,outEvac,Evacuee 284 in triage category G is assigned helicopter 1
3870,3,evacueeManager,outEvac,Evacuee 289 in triage category G is assigned helicopter 1
3870,3,evacueeManager,outEvac,Evacuee 299 in triage category G is assigned helicopter 1
3870,3,evacueeManager,outEvac,Evacuee 300 in triage category G is assigned helicopter 1
3870,3,evacueeManager,outEvac,Evacuee 312 in triage category G is assigned helicopter 1
3870,3,evacueeManager,outEvac,Evacuee 313 in triage category G is assigned helicopter 1
3870,3,evacueeManager,outEvac,Evacuee 316 in triage category G is assigned helicopter 1
3870,3,evacueeManager,outEvac,Evacuee 323 in triage category G is assigned helicopter 1
3870,3,evacueeManager,outEvac,Evacuee 340 in triage category G is assigned helicopter 1
3870,3,evacueeManager,outEvac,Evacuee 341 in triage category G is assigned helicopter 1
3870,3,evacueeManager,,OFF SHIP: White;0;Green;40;Yellow;14;Red;3;Black;343;ON SHIP: White;0;Green;0;Yellow;0;Red;0;Evacuees to Transfer;
3870,7,filterLoc,,
3870,10,filterLoc,,
3870,13,filterLoc,,
3870,16,filterLoc,,
3870,19,filterLoc,,
3870,22,filterLoc,,
3870,25,filterLoc,,
3870,28,filterLoc,,
3870,31,filterLoc,,
3870,34,filterLoc,,
3870,37,filterLoc,,
3870,40,filterLoc,,
3870,43,filterLoc,,
3870,46,filterLoc,,
3870,49,filterLoc,,
3870,52,filterLoc,,
3870,55,filterLoc,,
3870,58,filterLoc,,
3870,61,filterLoc,,
3870,64,filterLoc,,
3870,67,filterLoc,,
3870,70,filterLoc,,
3870,73,filterLoc,,
3870,76,filterLoc,,
3870,79,filterLoc,,
3870,82,filterLoc,,
3870,85,filterLoc,,
3870,88,filterLoc,,
3870,91,filterLoc,,
3870,94,filterLoc,,
3870,97,filterLoc,,
3870,100,filterLoc,,
3870,107,filterLoc,,
3870,110,filterLoc,,
3870,113,filterLoc,,
3870,116,filterLoc,,
3870,119,filterLoc,,
3870,122,filterLoc,,
3870,125,filterLoc,,
3870,128,filterLoc,,
3870,131,filterLoc,,
3870,134,filterLoc,,
3870,137,filterLoc,,
3870,140,filterLoc,,
3870,143,filterLoc,,
3870,146,filterLoc,,
3870,149,filterLoc,,
3870,152,filterLoc,,
3870,155,filterLoc,,
3870,158,filterLoc,,
3870,161,filterLoc,,
3870,164,filterLoc,,
3870,167,filterLoc,,
3870,170,filterLoc,,
3870,173,filterLoc,,
3870,176,filterLoc,,
3870,179,filterLoc,,
3870,182,filterLoc,,
3870,185,filterLoc,,
3870,188,filterLoc,,
3870,191,filterLoc,,
3870,194,filterLoc,,
3870,197,filterLoc,,
3870,200,filterLoc,,
3870,203,filterLoc,,
3870,206,filterLoc,,
3870,209,filterLoc,,
3870,212,filterLoc,,
3870,215,filterLoc,,
3870,218,filterLoc,,
3870,221,filterLoc,,
3870,225,filterLoc,,
3870,228,filterLoc,,
3870,231,filterLoc,,
3870,234,filterLoc,,
3870,237,filterLoc,,
3870,240,filterLoc,,
3870,243,filterLoc,,
3870,246,filterLoc,,
3870,249,filterLoc,,
3870,252,filterLoc,,
3870,255,filterLoc,,
3870,258,filterLoc,,
3870,261,filterLoc,,
3870,264,filterLoc,,
3870,267,filterLoc,,;Evacuee;341;in triage category;G;is entering helicopter;1
3870,270,filterLoc,,;Evacuee;340;in triage category;G;is entering helicopter;1
3870,273,filterLoc,,
3870,276,filterLoc,,
3870,279,filterLoc,,
3870,282,filterLoc,,
3870,285,filterLoc,,
3870,288,filterLoc,,
3870,291,filterLoc,,
3870,294,filterLoc,,
3870,297,filterLoc,,
3870,300,filterLoc,,
3870,303,filterLoc,,
3870,306,filterLoc,,
3870,309,filterLoc,,
3870,312,filterLoc,,
3870,315,filterLoc,,
3870,318,filterLoc,,
3870,321,filterLoc,,
3870,324,filterLoc,,
3870,327,filterLoc,,;Evacuee;316;in triage category;G;is entering helicopter;1
3870,330,filterLoc,,
3870,333,filterLoc,,;Evacuee;313;in triage category;G;is entering helicopter;1
3870,336,filterLoc,,
3870,339,filterLoc,,;Evacuee;312;in triage category;G;is entering helicopter;1
3870,342,filterLoc,,
3870,345,filterLoc,,
3870,348,filterLoc,,
3870,351,filterLoc,,
3870,354,filterLoc,,
3870,357,filterLoc,,
3870,360,filterLoc,,
3870,363,filterLoc,,
3870,366,filterLoc,,
3870,369,filterLoc,,
3870,372,filterLoc,,
3870,375,filterLoc,,
3870,378,filterLoc,,
3870,381,filterLoc,,
3870,384,filterLoc,,
3870,387,filterLoc,,
3870,390,filterLoc,,
3870,393,filterLoc,,;Evacuee;284;in triage category;G;is entering helicopter;1
3870,396,filterLoc,,
3870,399,filterLoc,,
3870,402,filterLoc,,
3870,405,filterLoc,,
3870,408,filterLoc,,
3870,411,filterLoc,,
3870,414,filterLoc,,
3870,417,filterLoc,,
3870,420,filterLoc,,
3870,423,filterLoc,,
3870,426,filterLoc,,
3870,429,filterLoc,,
3870,432,filterLoc,,
3870,435,filterLoc,,
3870,438,filterLoc,,
3870,441,filterLoc,,
3870,444,filterLoc,,
3870,447,filterLoc,,
3870,450,filterLoc,,
3870,453,filterLoc,,
3870,456,filterLoc,,
3870,459,filterLoc,,;Evacuee;289;in triage category;G;is entering helicopter;1
3870,462,filterLoc,,
3870,465,filterLoc,,
3870,468,filterLoc,,
3870,471,filterLoc,,
3870,474,filterLoc,,
3870,477,filterLoc,,
3870,480,filterLoc,,
3870,483,filterLoc,,
3870,486,filterLoc,,
3870,489,filterLoc,,
3870,492,filterLoc,,
3870,495,filterLoc,,
3870,498,filterLoc,,
3870,501,filterLoc,,
3870,504,filterLoc,,
3870,507,filterLoc,,
3870,510,filterLoc,,
3870,513,filterLoc,,
3870,516,filterLoc,,
3870,519,filterLoc,,
3870,522,filterLoc,,
3870,525,filterLoc,,;Evacuee;299;in triage category;G;is entering helicopter;1
3870,528,filterLoc,,
3870,531,filterLoc,,
3870,534,filterLoc,,
3870,537,filterLoc,,
3870,540,filterLoc,,
3870,543,filterLoc,,
3870,546,filterLoc,,
3870,549,filterLoc,,
3870,552,filterLoc,,
3870,555,filterLoc,,
3870,558,filterLoc,,
3870,561,filterLoc,,
3870,564,filterLoc,,
3870,567,filterLoc,,
3870,570,filterLoc,,
3870,573,filterLoc,,
3870,576,filterLoc,,
3870,579,filterLoc,,
3870,582,filterLoc,,
3870,585,filterLoc,,
3870,588,filterLoc,,
3870,591,filterLoc,,
3870,594,filterLoc,,
3870,597,filterLoc,,
3870,600,filterLoc,,
3870,603,filterLoc,,
3870,606,filterLoc,,
3870,609,filterLoc,,
3870,612,filterLoc,,
3870,615,filterLoc,,
3870,618,filterLoc,,
3870,621,filterLoc,,
3870,624,filterLoc,,
3870,627,filterLoc,,
3870,630,filterLoc,,
3870,633,filterLoc,,
3870,636,filterLoc,,
3870,639,filterLoc,,
3870,642,filterLoc,,
3870,645,filterLoc,,
3870,648,filterLoc,,
3870,651,filterLoc,,
3870,654,filterLoc,,
3870,657,filterLoc,,
3870,660,filterLoc,,
3870,663,filterLoc,,
3870,666,filterLoc,,
3870,669,filterLoc,,
3870,672,filterLoc,,;Evacuee;300;in triage category;G;is entering helicopter;1
3870,675,filterLoc,,
3870,678,filterLoc,,
3870,681,filterLoc,,
3870,684,filterLoc,,
3870,687,filterLoc,,
3870,690,filterLoc,,
3870,693,filterLoc,,
3870,696,filterLoc,,
3870,699,filterLoc,,
3870,702,filterLoc,,
3870,705,filterLoc,,
3870,708,filterLoc,,
3870,711,filterLoc,,
3870,714,filterLoc,,
3870,717,filterLoc,,
3870,720,filterLoc,,
3870,723,filterLoc,,
3870,726,filterLoc,,
3870,729,filterLoc,,
3870,732,filterLoc,,
3870,735,filterLoc,,
3870,738,filterLoc,,
3870,741,filterLoc,,
3870,744,filterLoc,,
3870,747,filterLoc,,
3870,750,filterLoc,,
3870,753,filterLoc,,
3870,756,filterLoc,,
3870,759,filterLoc,,
3870,762,filterLoc,,
3870,765,filterLoc,,
3870,768,filterLoc,,
3870,771,filterLoc,,
3870,774,filterLoc,,
3870,777,filterLoc,,
3870,780,filterLoc,,
3870,783,filterLoc,,
3870,786,filterLoc,,
3870,789,filterLoc,,
3870,792,filterLoc,,
3870,795,filterLoc,,
3870,798,filterLoc,,
3870,801,filterLoc,,
3870,804,filterLoc,,
3870,807,filterLoc,,
3870,810,filterLoc,,
3870,813,filterLoc,,
3870,816,filterLoc,,
3870,819,filterLoc,,
3870,822,filterLoc,,
3870,825,filterLoc,,
3870,828,filterLoc,,
3870,831,filterLoc,,
3870,834,filterLoc,,
3870,837,filterLoc,,
3870,840,filterLoc,,
3870,843,filterLoc,,
3870,846,filterLoc,,
3870,849,filterLoc,,
3870,852,filterLoc,,
3870,855,filterLoc,,
3870,858,filterLoc,,
3870,861,filterLoc,,
3870,864,filterLoc,,
3870,867,filterLoc,,
3870,870,filterLoc,,
3870,873,filterLoc,,
3870,876,filterLoc,,
3870,879,filterLoc,,
3870,882,filterLoc,,
3870,885,filterLoc,,
3870,888,filterLoc,,
3870,891,filterLoc,,
3870,894,filterLoc,,
3870,897,filterLoc,,
3870,900,filterLoc,,
3870,903,filterLoc,,
3870,906,filterLoc,,
3870,909,filterLoc,,
3870,912,filterLoc,,
3870,915,filterLoc,,
3870,918,filterLoc,,
3870,921,filterLoc,,
3870,924,filterLoc,,
3870,927,filterLoc,,
3870,930,filterLoc,,
3870,933,filterLoc,,
3870,936,filterLoc,,
3870,939,filterLoc,,
3870,942,filterLoc,,
3870,945,filterLoc,,
3870,948,filterLoc,,
3870,951,filterLoc,,
3870,954,filterLoc,,
3870,957,filterLoc,,
3870,960,filterLoc,,
3870,963,filterLoc,,
3870,966,filterLoc,,
3870,969,filterLoc,,
3870,972,filterLoc,,
3870,975,filterLoc,,
3870,978,filterLoc,,
3870,981,filterLoc,,
3870,984,filterLoc,,
3870,987,filterLoc,,
3870,990,filterLoc,,
3870,993,filterLoc,,
3870,996,filterLoc,,
3870,999,filterLoc,,
3870,1002,filterLoc,,
3870,1005,filterLoc,,
3870,1008,filterLoc,,
3870,1011,filterLoc,,
3870,1014,filterLoc,,
3870,1017,filterLoc,,
3870,1020,filterLoc,,
3870,1023,filterLoc,,
3870,1026,filterLoc,,
3870,1029,filterLoc,,
3870,1032,filterLoc,,
3870,1035,filterLoc,,
3870,1038,filterLoc,,
3870,1041,filterLoc,,
3870,1044,filterLoc,,
3870,1047,filterLoc,,
3870,1050,filterLoc,,
3870,1053,filterLoc,,
3870,1056,filterLoc,,
3870,1059,filterLoc,,
3870,1062,filterLoc,,
3870,1065,filterLoc,,
3870,1068,filterLoc,,
3870,1071,filterLoc,,
3870,1074,filterLoc,,
3870,1077,filterLoc,,
3870,1080,filterLoc,,
3870,1083,filterLoc,,
3870,1086,filterLoc,,
3870,1089,filterLoc,,
3870,1092,filterLoc,,
3870,1095,filterLoc,,
3870,1098,filterLoc,,
3870,1101,filterLoc,,
3870,1104,filterLoc,,
3870,1107,filterLoc,,
3870,1110,filterLoc,,
3870,1113,filterLoc,,
3870,1116,filterLoc,,
3870,1123,filterLoc,,
3870,1126,filterLoc,,
3870,1129,filterLoc,,
3870,1132,filterLoc,,
3870,1135,filterLoc,,
3870,1138,filterLoc,,
3870,1141,filterLoc,,
3870,1144,filterLoc,,
3870,1147,filterLoc,,
3870,1150,filterLoc,,
3870,1153,filterLoc,,
3870,1156,filterLoc,,
3870,1161,helicopter,,Helicopter;1;is loading people at the evacuation site;;and has;0;spots taken
3870,1163,filterLoc,,
3870,1166,filterLoc,,
3870,1169,filterLoc,,
3870,1172,filterLoc,,
3870,1175,filterLoc,,
3870,1178,filterLoc,,
3870,1181,filterLoc,,
3870,1184,filterLoc,,
3870,1187,filterLoc,,
3870,1190,filterLoc,,
3870,1193,filterLoc,,
3870,1196,filterLoc,,
3870,1199,filterLoc,,
3870,1202,filterLoc,,
3870,1205,filterLoc,,
3870,1208,filterLoc,,
3870,1211,filterLoc,,
3870,1214,filterLoc,,
3870,1217,filterLoc,,
3870,1220,filterLoc,,
3870,1223,filterLoc,,
3870,1226,filterLoc,,
3870,1229,filterLoc,,
3870,1232,filterLoc,,
3870,1235,filterLoc,,
3870,1238,filterLoc,,
3870,1241,filterLoc,,
3870,1244,filterLoc,,
3870,1247,filterLoc,,
3870,1250,filterLoc,,
3870,1253,filterLoc,,
3870,1256,filterLoc,,
3870,1259,filterLoc,,
3870,1262,filterLoc,,
3870,1265,filterLoc,,
3870,1268,filterLoc,,
3870,1271,filterLoc,,
3870,1274,filterLoc,,
3870,1277,filterLoc,,
3870,1280,filterLoc,,
3870,1283,filterLoc,,
3870,1286,filterLoc,,
3870,1289,filterLoc,,
3870,1292,filterLoc,,
3870,1295,filterLoc,,
3870,1298,filterLoc,,
3870,1301,filterLoc,,
3870,1304,filterLoc,,
3870,1307,filterLoc,,
3870,1310,filterLoc,,
3870,1313,filterLoc,,
3870,1316,filterLoc,,
3870,1319,filterLoc,,
3870,1322,filterLoc,,
3870,1325,filterLoc,,
3870,1328,filterLoc,,
3870,1331,filterLoc,,
3870,1334,filterLoc,,
3870,1337,filterLoc,,
3870,1340,filterLoc,,
3870,1343,filterLoc,,
3870,1346,filterLoc,,
3870,1349,filterLoc,,
3870,1352,filterLoc,,
3870,1355,filterLoc,,
3870,1358,filterLoc,,
3870,1361,filterLoc,,
3870,1364,filterLoc,,
3870,1367,filterLoc,,
3870,1370,filterLoc,,
3870,1373,filterLoc,,
3870,1376,filterLoc,,
3870,1379,filterLoc,,
3870,1382,filterLoc,,
3870,1385,filterLoc,,
3870,1388,filterLoc,,
3870,1391,filterLoc,,
3870,1394,filterLoc,,
3870,1397,filterLoc,,;Evacuee;323;in triage category;G;is entering helicopter;1
3870,1400,filterLoc,,
3870,1403,filterLoc,,
3870,1406,filterLoc,,
3870,1409,filterLoc,,
3870,1412,filterLoc,,
3870,1415,filterLoc,,
3870,1418,filterLoc,,
3870,1421,filterLoc,,
3870,1424,filterLoc,,
3870,1427,filterLoc,,
3870,1430,filterLoc,,
3870,1433,filterLoc,,
3870,1436,filterLoc,,
3870,1439,filterLoc,,
3870,1442,filterLoc,,
3870,1445,filterLoc,,
3870,1448,filterLoc,,
3870,1451,filterLoc,,
3870,1454,filterLoc,,
3870,1457,filterLoc,,
3870,1460,filterLoc,,
3870,1463,filterLoc,,
3870,1466,filterLoc,,
3870,1469,filterLoc,,
3870,1472,filterLoc,,
3870,1475,filterLoc,,
3870,1478,filterLoc,,
3870,1481,filterLoc,,
3870,1484,filterLoc,,
3870,1487,filterLoc,,
3870,1490,filterLoc,,
3870,1493,filterLoc,,
3870,1496,filterLoc,,
3870,1499,filterLoc,,
3870,1502,filterLoc,,
3870,1505,filterLoc,,
3870,1508,filterLoc,,
3870,1511,filterLoc,,
3870,1514,filterLoc,,
3870,1517,filterLoc,,
3870,267,filterLoc,out,Evacuee 341 in triage category G is assigned helicopter 1
3870,267,filterLoc,,
3870,268,evacuee,,Evacuee;341;in triage state;G;is entering helicopter;1
3870,270,filterLoc,out,Evacuee 340 in triage category G is assigned helicopter 1
3870,270,filterLoc,,
3870,271,evacuee,,Evacuee;340;in triage state;G;is entering helicopter;1
3870,327,filterLoc,out,Evacuee 316 in triage category G is assigned helicopter 1
3870,327,filterLoc,,
3870,328,evacuee,,Evacuee;316;in triage state;G;is entering helicopter;1
3870,333,filterLoc,out,Evacuee 313 in triage category G is assigned helicopter 1
3870,333,filterLoc,,
3870,334,evacuee,,Evacuee;313;in triage state;G;is entering helicopter;1
3870,339,filterLoc,out,Evacuee 312 in triage category G is assigned helicopter 1
3870,339,filterLoc,,
3870,340,evacuee,,Evacuee;312;in triage state;G;is entering helicopter;1
3870,393,filterLoc,out,Evacuee 284 in triage category G is assigned helicopter 1
3870,393,filterLoc,,
3870,394,evacuee,,Evacuee;284;in triage state;G;is entering helicopter;1
3870,459,filterLoc,out,Evacuee 289 in triage category G is assigned helicopter 1
3870,459,filterLoc,,
3870,460,evacuee,,Evacuee;289;in triage state;G;is entering helicopter;1
3870,525,filterLoc,out,Evacuee 299 in triage category G is assigned helicopter 1
3870,525,filterLoc,,
3870,526,evacuee,,Evacuee;299;in triage state;G;is entering helicopter;1
3870,672,filterLoc,out,Evacuee 300 in triage category G is assigned helicopter 1
3870,672,filterLoc,,
3870,673,evacuee,,Evacuee;300;in triage state;G;is entering helicopter;1
3870,1397,filterLoc,out,Evacuee 323 in triage category G is assigned helicopter 1
3870,1397,filterLoc,,
3870,1398,evacuee,,Evacuee;323;in triage state;G;is entering helicopter;1
3870,103,filterEvac,,
3870,268,evacuee,outHelo,Evacuee 341 in triage category G is assigned helicopter 1
3870,268,evacuee,,Evacuee;341;in triage state;G;is in helicopter;1
3870,271,evacuee,outHelo,Evacuee 340 in triage category G is assigned helicopter 1
3870,271,evacuee,,Evacuee;340;in triage state;G;is in helicopter;1
3870,328,evacuee,outHelo,Evacuee 316 in triage category G is assigned helicopter 1
3870,328,evacuee,,Evacuee;316;in triage state;G;is in helicopter;1
3870,334,evacuee,outHelo,Evacuee 313 in triage category G is assigned helicopter 1
3870,334,evacuee,,Evacuee;313;in triage state;G;is in helicopter;1
3870,340,evacuee,outHelo,Evacuee 312 in triage category G is assigned helicopter 1
3870,340,evacuee,,Evacuee;312;in triage state;G;is in helicopter;1
3870,394,evacuee,outHelo,Evacuee 284 in triage category G is assigned helicopter 1
3870,394,evacuee,,Evacuee;284;in triage state;G;is in helicopter;1
3870,460,evacuee,outHelo,Evacuee 289 in triage category G is assigned helicopter 1
3870,460,evacuee,,Evacuee;289;in triage state;G;is in helicopter;1
3870,526,evacuee,outHelo,Evacuee 299 in triage category G is assigned helicopter 1
3870,526,evacuee,,Evacuee;299;in triage state;G;is in helicopter;1
3870,673,evacuee,outHelo,Evacuee 300 in triage category G is assigned helicopter 1
3870,673,evacuee,,Evacuee;300;in triage state;G;is in helicopter;1
3870,1119,filterEvac,,
3870,1159,filterEvac,,;Evacuee;284;in triage category;G;is entering helicopter;1;Evacuee;289;in triage category;G;is entering helicopter;1;Evacuee;299;in triage category;G;is entering helicopter;1;Evacuee;300;in triage category;G;is entering helicopter;1;Evacuee;312;in triage category;G;is entering helicopter;1;Evacuee;313;in triage category;G;is entering helicopter;1;Evacuee;316;in triage category;G;is entering helicopter;1;Evacuee;323;in triage category;G;is entering helicopter;1;Evacuee;340;in triage category;G;is entering helicopter;1;Evacuee;341;in triage category;G;is entering helicopter;1
3870,1398,evacuee,outHelo,Evacuee 323 in triage category G is assigned helicopter 1
3870,1398,evacuee,,Evacuee;323;in triage state;G;is in helicopter;1
3870,1159,filterEvac,out,Evacuee 284 in triage category G is assigned helicopter 1
3870,1159,filterEvac,out,Evacuee 289 in triage category G is assigned helicopter 1
3870,1159,filterEvac,out,Evacuee 299 in triage category G is assigned helicopter 1
3870,1159,filterEvac,out,Evacuee 300 in triage category G is assigned helicopter 1
3870,1159,filterEvac,out,Evacuee 312 in triage category G is assigned helicopter 1
3870,1159,filterEvac,out,Evacuee 313 in triage category G is assigned helicopter 1
3870,1159,filterEvac,out,Evacuee 316 in triage category G is assigned helicopter 1
3870,1159,filterEvac,out,Evacuee 323 in triage category G is assigned helicopter 1
3870,1159,filterEvac,out,Evacuee 340 in triage category G is assigned helicopter 1
3870,1159,filterEvac,out,Evacuee 341 in triage category G is assigned helicopter 1
3870,1159,filterEvac,,
3870,1161,helicopter,,Helicopter;1;is loading people at the evacuation site;;and has;10;spots taken
3871.76,3,evacueeManager,,OFF SHIP: White;0;Green;40;Yellow;13;Red;4;Black;343;ON SHIP: White;0;Green;0;Yellow;0;Red;0;Evacuees to Transfer;
3871.76,592,evacuee,outES,Evacuee 324 in triage category Y is not assigned a helicopter
3871.76,592,evacuee,,Evacuee;324;in triage state;R;is at the evacuation site
3877.26,3,evacueeManager,,OFF SHIP: White;0;Green;40;Yellow;12;Red;5;Black;343;ON SHIP: White;0;Green;0;Yellow;0;Red;0;Evacuees to Transfer;
3877.26,919,evacuee,outES,Evacuee 286 in triage category Y is not assigned a helicopter
3877.26,919,evacuee,,Evacuee;286;in triage state;R;is at the evacuation site
3879.72,3,evacueeManager,,OFF SHIP: White;0;Green;40;Yellow;12;Red;4;Black;344;ON SHIP: White;0;Green;0;Yellow;0;Red;0;Evacuees to Transfer;
3879.72,316,evacuee,outES,Evacuee 319 in triage category R is not assigned a helicopter
3879.72,316,evacuee,,Evacuee;319;in triage state;B;is at the evacuation site
3885,4,helipadManager,outHelo,Helicopter 1 is evacuating people1
3885,4,helipadManager,,;No helos are at ES
3885,104,filterES,,
3885,1120,filterES,,
3885,1160,filterES,,Helicopter;1;is evacuating people
3885,4,helipadManager,outHQ,0
3885,4,helipadManager,,;No helos are at ES
3885,5,helicopterQueue,,;No helos are waiting to land
3885,1160,filterES,out,Helicopter 1 is evacuating people1
3885,1160,filterES,,
3885,1161,helicopter,,Helicopter;1;is loading people at the evacuation site;;and has;10;spots taken
3885,5,helicopterQueue,,;No helos are waiting to land
3885,1161,helicopter,,Helicopter;1;is returning to the FOL;;and has;10;spots taken
3885.9,3,evacueeManager,,OFF SHIP: White;0;Green;40;Yellow;11;Red;5;Black;344;ON SHIP: White;0;Green;0;Yellow;0;Red;0;Evacuees to Transfer;
3885.9,183,evacuee,outES,Evacuee 430 in triage category Y is not assigned a helicopter
3885.9,183,evacuee,,Evacuee;430;in triage state;R;is at the evacuation site
3892.42,3,evacueeManager,,OFF SHIP: White;0;Green;40;Yellow;11;Red;4;Black;345;ON SHIP: White;0;Green;0;Yellow;0;Red;0;Evacuees to Transfer;
3892.42,114,evacuee,outES,Evacuee 428 in triage category R is not assigned a helicopter
3892.42,114,evacuee,,Evacuee;428;in triage state;B;is at the evacuation site
3895.17,3,evacueeManager,,OFF SHIP: White;0;Green;40;Yellow;11;Red;3;Black;346;ON SHIP: White;0;Green;0;Yellow;0;Red;0;Evacuees to Transfer;
3895.17,919,evacuee,outES,Evacuee 286 in triage category R is not assigned a helicopter
3895.17,919,evacuee,,Evacuee;286;in triage state;B;is at the evacuation site
3899.08,3,evacueeManager,,OFF SHIP: White;0;Green;40;Yellow;10;Red;4;Black;346;ON SHIP: White;0;Green;0;Yellow;0;Red;0;Evacuees to Transfer;
3899.08,1191,evacuee,outES,Evacuee 131 in triage category Y is not assigned a helicopter
3899.08,1191,evacuee,,Evacuee;131;in triage state;R;is at the evacuation site
3910.27,3,evacueeManager,,OFF SHIP: White;0;Green;40;Yellow;10;Red;3;Black;347;ON SHIP: White;0;Green;0;Yellow;0;Red;0;Evacuees to Transfer;
3910.27,1191,evacuee,outES,Evacuee 131 in triage category R is not assigned a helicopter
3910.27,1191,evacuee,,Evacuee;131;in triage state;B;is at the evacuation site
3915.74,3,evacueeManager,,OFF SHIP: White;0;Green;39;Yellow;11;Red;3;Black;347;ON SHIP: White;0;Green;0;Yellow;0;Red;0;Evacuees to Transfer;
3915.74,391,evacuee,outES,Evacuee 376 in triage category G is not assigned a helicopter
3915.74,391,evacuee,,Evacuee;376;in triage state;Y;is at the evacuation site
3921.36,3,evacueeManager,,OFF SHIP: White;0;Green;39;Yellow;11;Red;2;Black;348;ON SHIP: White;0;Green;0;Yellow;0;Red;0;Evacuees to Transfer;
3921.36,111,evacuee,outES,Evacuee 433 in triage category R is not assigned a helicopter
3921.36,111,evacuee,,Evacuee;433;in triage state;B;is at the evacuation site
3930,5,helicopterQueue,,1;Helos are waiting to land;HeloID;2
3930,1121,helicopter,outES,Helicopter 2 is evacuating people2
3930,1121,helicopter,,Helicopter;2;is waiting to land at the evacuation site;;and has;0;spots taken
3930,4,helipadManager,,;No helos are at ES
3930,5,helicopterQueue,outHM,Helicopter 2 is evacuating people2
3930,5,helicopterQueue,outHelo,Helicopter 2 is evacuating people2
3930,5,helicopterQueue,,;No helos are waiting to land
3930,104,filterES,,
3930,1120,filterES,,Helicopter;2;is evacuating people
3930,1160,filterES,,
3930,3,evacueeManager,,OFF SHIP: White;0;Green;29;Yellow;11;Red;2;Black;348;ON SHIP: White;0;Green;0;Yellow;0;Red;0;Evacuees to Transfer;;EvacueeID;342;HeloID;2;OnShip;0;Triage Status;G;EvacueeID;344;HeloID;2;OnShip;0;Triage Status;G;EvacueeID;346;HeloID;2;OnShip;0;Triage Status;G;EvacueeID;347;HeloID;2;OnShip;0;Triage Status;G;EvacueeID;348;HeloID;2;OnShip;0;Triage Status;G;EvacueeID;349;HeloID;2;OnShip;0;Triage Status;G;EvacueeID;351;HeloID;2;OnShip;0;Triage Status;G;EvacueeID;358;HeloID;2;OnShip;0;Triage Status;G;EvacueeID;361;HeloID;2;OnShip;0;Triage Status;G;EvacueeID;364;HeloID;2;OnShip;0;Triage Status;G
3930,4,helipadManager,outEM,Helicopter 2 is evacuating people2
3930,4,helipadManager,,Helo;2;is at the ES
3930,1120,filterES,out,Helicopter 2 is evacuating people2
3930,1120,filterES,,
3930,1121,helicopter,,Helicopter;2;is waiting to land at the evacuation site;;and has;0;spots taken
3930,3,evacueeManager,outEvac,Evacuee 342 in triage category G is assigned helicopter 2
3930,3,evacueeManager,outEvac,Evacuee 344 in triage category G is assigned helicopter 2
3930,3,evacueeManager,outEvac,Evacuee 346 in triage category G is assigned helicopter 2
3930,3,evacueeManager,outEvac,Evacuee 347 in triage category G is assigned helicopter 2
3930,3,evacueeManager,outEvac,Evacuee 348 in triage category G is assigned helicopter 2
3930,3,evacueeManager,outEvac,Evacuee 349 in triage category G is assigned helicopter 2
3930,3,evacueeManager,outEvac,Evacuee 351 in triage category G is assigned helicopter 2
3930,3,evacueeManager,outEvac,Evacuee 358 in triage category G is assigned helicopter 2
3930,3,evacueeManager,outEvac,Evacuee 361 in triage category G is assigned helicopter 2
3930,3,evacueeManager,outEvac,Evacuee 364 in triage category G is assigned helicopter 2
3930,3,evacueeManager,,OFF SHIP: White;0;Green;29;Yellow;11;Red;2;Black;348;ON SHIP: White;0;Green;0;Yellow;0;Red;0;Evacuees to Transfer;
3930,7,filterLoc,,
3930,10,filterLoc,,
3930,13,filterLoc,,
3930,16,filterLoc,,
3930,19,filterLoc,,
3930,22,filterLoc,,
3930,25,filterLoc,,
3930,28,filterLoc,,
3930,31,filterLoc,,
3930,34,filterLoc,,
3930,37,filterLoc,,
3930,40,filterLoc,,
3930,43,filterLoc,,
3930,46,filterLoc,,
3930,49,filterLoc,,
3930,52,filterLoc,,
3930,55,filterLoc,,
3930,58,filterLoc,,
3930,61,filterLoc,,
3930,64,filterLoc,,
3930,67,filterLoc,,
3930,70,filterLoc,,
3930,73,filterLoc,,
3930,76,filterLoc,,
3930,79,filterLoc,,
3930,82,filterLoc,,
3930,85,filterLoc,,
3930,88,filterLoc,,
3930,91,filterLoc,,
3930,94,filterLoc,,
3930,97,filterLoc,,
3930,100,filterLoc,,
3930,107,filterLoc,,
3930,110,filterLoc,,
3930,113,filterLoc,,
3930,116,filterLoc,,
3930,119,filterLoc,,
3930,122,filterLoc,,
3930,125,filterLoc,,
3930,128,filterLoc,,
3930,131,filterLoc,,
3930,134,filterLoc,,
3930,137,filterLoc,,
3930,140,filterLoc,,
3930,143,filterLoc,,
3930,146,filterLoc,,
3930,149,filterLoc,,
3930,152,filterLoc,,
3930,155,filterLoc,,
3930,158,filterLoc,,
3930,161,filterLoc,,
3930,164,filterLoc,,
3930,167,filterLoc,,
3930,170,filterLoc,,
3930,173,filterLoc,,
3930,176,filterLoc,,
3930,179,filterLoc,,
3930,182,filterLoc,,
3930,185,filterLoc,,
3930,188,filterLoc,,
3930,191,filterLoc,,
3930,194,filterLoc,,
3930,197,filterLoc,,
3930,200,filterLoc,,
3930,203,filterLoc,,
3930,206,filterLoc,,
3930,209,filterLoc,,
3930,212,filterLoc,,
3930,215,filterLoc,,
3930,218,filterLoc,,
3930,221,filterLoc,,
3930,225,filterLoc,,
3930,228,filterLoc,,
3930,231,filterLoc,,
3930,234,filterLoc,,
3930,237,filterLoc,,
3930,240,filterLoc,,
3930,243,filterLoc,,
3930,246,filterLoc,,
3930,249,filterLoc,,
3930,252,filterLoc,,
3930,255,filterLoc,,;Evacuee;351;in triage category;G;is entering helicopter;2
3930,258,filterLoc,,;Evacuee;349;in triage category;G;is entering helicopter;2
3930,261,filterLoc,,;Evacuee;348;in triage category;G;is entering helicopter;2
3930,264,filterLoc,,;Evacuee;346;in triage category;G;is entering helicopter;2
3930,267,filterLoc,,
3930,270,filterLoc,,
3930,273,filterLoc,,
3930,276,filterLoc,,
3930,279,filterLoc,,
3930,282,filterLoc,,
3930,285,filterLoc,,
3930,288,filterLoc,,
3930,291,filterLoc,,
3930,294,filterLoc,,
3930,297,filterLoc,,
3930,300,filterLoc,,
3930,303,filterLoc,,
3930,306,filterLoc,,
3930,309,filterLoc,,
3930,312,filterLoc,,
3930,315,filterLoc,,
3930,318,filterLoc,,
3930,321,filterLoc,,
3930,324,filterLoc,,
3930,327,filterLoc,,
3930,330,filterLoc,,
3930,333,filterLoc,,
3930,336,filterLoc,,
3930,339,filterLoc,,
3930,342,filterLoc,,
3930,345,filterLoc,,
3930,348,filterLoc,,
3930,351,filterLoc,,
3930,354,filterLoc,,
3930,357,filterLoc,,
3930,360,filterLoc,,
3930,363,filterLoc,,
3930,366,filterLoc,,
3930,369,filterLoc,,
3930,372,filterLoc,,
3930,375,filterLoc,,
3930,378,filterLoc,,
3930,381,filterLoc,,
3930,384,filterLoc,,
3930,387,filterLoc,,
3930,390,filterLoc,,
3930,393,filterLoc,,
3930,396,filterLoc,,
3930,399,filterLoc,,
3930,402,filterLoc,,
3930,405,filterLoc,,
3930,408,filterLoc,,
3930,411,filterLoc,,
3930,414,filterLoc,,
3930,417,filterLoc,,
3930,420,filterLoc,,
3930,423,filterLoc,,
3930,426,filterLoc,,
3930,429,filterLoc,,
3930,432,filterLoc,,
3930,435,filterLoc,,
3930,438,filterLoc,,
3930,441,filterLoc,,
3930,444,filterLoc,,
3930,447,filterLoc,,
3930,450,filterLoc,,
3930,453,filterLoc,,
3930,456,filterLoc,,
3930,459,filterLoc,,
3930,462,filterLoc,,
3930,465,filterLoc,,
3930,468,filterLoc,,
3930,471,filterLoc,,
3930,474,filterLoc,,
3930,477,filterLoc,,
3930,480,filterLoc,,
3930,483,filterLoc,,
3930,486,filterLoc,,
3930,489,filterLoc,,
3930,492,filterLoc,,
3930,495,filterLoc,,
3930,498,filterLoc,,
3930,501,filterLoc,,
3930,504,filterLoc,,
3930,507,filterLoc,,
3930,510,filterLoc,,
3930,513,filterLoc,,
3930,516,filterLoc,,
3930,519,filterLoc,,
3930,522,filterLoc,,
3930,525,filterLoc,,
3930,528,filterLoc,,
3930,531,filterLoc,,
3930,534,filterLoc,,;Evacuee;358;in triage category;G;is entering helicopter;2
3930,537,filterLoc,,
3930,540,filterLoc,,
3930,543,filterLoc,,
3930,546,filterLoc,,
3930,549,filterLoc,,
3930,552,filterLoc,,
3930,555,filterLoc,,
3930,558,filterLoc,,
3930,561,filterLoc,,
3930,564,filterLoc,,
3930,567,filterLoc,,
3930,570,filterLoc,,
3930,573,filterLoc,,
3930,576,filterLoc,,
3930,579,filterLoc,,
3930,582,filterLoc,,
3930,585,filterLoc,,
3930,588,filterLoc,,
3930,591,filterLoc,,
3930,594,filterLoc,,
3930,597,filterLoc,,
3930,600,filterLoc,,;Evacuee;361;in triage category;G;is entering helicopter;2
3930,603,filterLoc,,;Evacuee;342;in triage category;G;is entering helicopter;2
3930,606,filterLoc,,
3930,609,filterLoc,,
3930,612,filterLoc,,
3930,615,filterLoc,,
3930,618,filterLoc,,
3930,621,filterLoc,,
3930,624,filterLoc,,
3930,627,filterLoc,,
3930,630,filterLoc,,
3930,633,filterLoc,,
3930,636,filterLoc,,
3930,639,filterLoc,,
3930,642,filterLoc,,
3930,645,filterLoc,,
3930,648,filterLoc,,
3930,651,filterLoc,,
3930,654,filterLoc,,
3930,657,filterLoc,,
3930,660,filterLoc,,
3930,663,filterLoc,,;Evacuee;344;in triage category;G;is entering helicopter;2
3930,666,filterLoc,,
3930,669,filterLoc,,
3930,672,filterLoc,,
3930,675,filterLoc,,
3930,678,filterLoc,,
3930,681,filterLoc,,
3930,684,filterLoc,,
3930,687,filterLoc,,
3930,690,filterLoc,,
3930,693,filterLoc,,
3930,696,filterLoc,,
3930,699,filterLoc,,
3930,702,filterLoc,,
3930,705,filterLoc,,
3930,708,filterLoc,,
3930,711,filterLoc,,
3930,714,filterLoc,,
3930,717,filterLoc,,
3930,720,filterLoc,,
3930,723,filterLoc,,
3930,726,filterLoc,,
3930,729,filterLoc,,
3930,732,filterLoc,,
3930,735,filterLoc,,
3930,738,filterLoc,,
3930,741,filterLoc,,
3930,744,filterLoc,,
3930,747,filterLoc,,
3930,750,filterLoc,,
3930,753,filterLoc,,
3930,756,filterLoc,,
3930,759,filterLoc,,
3930,762,filterLoc,,
3930,765,filterLoc,,
3930,768,filterLoc,,
3930,771,filterLoc,,
3930,774,filterLoc,,
3930,777,filterLoc,,
3930,780,filterLoc,,
3930,783,filterLoc,,
3930,786,filterLoc,,
3930,789,filterLoc,,
3930,792,filterLoc,,
3930,795,filterLoc,,
3930,798,filterLoc,,
3930,801,filterLoc,,
3930,804,filterLoc,,
3930,807,filterLoc,,
3930,810,filterLoc,,
3930,813,filterLoc,,
3930,816,filterLoc,,
3930,819,filterLoc,,
3930,822,filterLoc,,
3930,825,filterLoc,,
3930,828,filterLoc,,
3930,831,filterLoc,,
3930,834,filterLoc,,
3930,837,filterLoc,,
3930,840,filterLoc,,
3930,843,filterLoc,,
3930,846,filterLoc,,
3930,849,filterLoc,,
3930,852,filterLoc,,
3930,855,filterLoc,,
3930,858,filterLoc,,
3930,861,filterLoc,,
3930,864,filterLoc,,;Evacuee;347;in triage category;G;is entering helicopter;2
3930,867,filterLoc,,
3930,870,filterLoc,,
3930,873,filterLoc,,
3930,876,filterLoc,,
3930,879,filterLoc,,
3930,882,filterLoc,,
3930,885,filterLoc,,
3930,888,filterLoc,,
3930,891,filterLoc,,
3930,894,filterLoc,,
3930,897,filterLoc,,
3930,900,filterLoc,,
3930,903,filterLoc,,
3930,906,filterLoc,,
3930,909,filterLoc,,
3930,912,filterLoc,,
3930,915,filterLoc,,
3930,918,filterLoc,,
3930,921,filterLoc,,
3930,924,filterLoc,,
3930,927,filterLoc,,
3930,930,filterLoc,,
3930,933,filterLoc,,
3930,936,filterLoc,,
3930,939,filterLoc,,
3930,942,filterLoc,,
3930,945,filterLoc,,
3930,948,filterLoc,,
3930,951,filterLoc,,
3930,954,filterLoc,,
3930,957,filterLoc,,
3930,960,filterLoc,,
3930,963,filterLoc,,
3930,966,filterLoc,,
3930,969,filterLoc,,
3930,972,filterLoc,,
3930,975,filterLoc,,
3930,978,filterLoc,,
3930,981,filterLoc,,
3930,984,filterLoc,,
3930,987,filterLoc,,
3930,990,filterLoc,,
3930,993,filterLoc,,
3930,996,filterLoc,,
3930,999,filterLoc,,
3930,1002,filterLoc,,
3930,1005,filterLoc,,
3930,1008,filterLoc,,
3930,1011,filterLoc,,
3930,1014,filterLoc,,
3930,1017,filterLoc,,
3930,1020,filterLoc,,
3930,1023,filterLoc,,
3930,1026,filterLoc,,
3930,1029,filterLoc,,
3930,1032,filterLoc,,
3930,1035,filterLoc,,
3930,1038,filterLoc,,
3930,1041,filterLoc,,
3930,1044,filterLoc,,
3930,1047,filterLoc,,
3930,1050,filterLoc,,
3930,1053,filterLoc,,
3930,1056,filterLoc,,
3930,1059,filterLoc,,
3930,1062,filterLoc,,
3930,1065,filterLoc,,
3930,1068,filterLoc,,
3930,1071,filterLoc,,
3930,1074,filterLoc,,
3930,1077,filterLoc,,
3930,1080,filterLoc,,
3930,1083,filterLoc,,
3930,1086,filterLoc,,
3930,1089,filterLoc,,
3930,1092,filterLoc,,
3930,1095,filterLoc,,
3930,1098,filterLoc,,
3930,1101,filterLoc,,
3930,1104,filterLoc,,
3930,1107,filterLoc,,
3930,1110,filterLoc,,
3930,1113,filterLoc,,
3930,1116,filterLoc,,
3930,1121,helicopter,,Helicopter;2;is loading people at the evacuation site;;and has;0;spots taken
3930,1123,filterLoc,,
3930,1126,filterLoc,,
3930,1129,filterLoc,,
3930,1132,filterLoc,,
3930,1135,filterLoc,,
3930,1138,filterLoc,,
3930,1141,filterLoc,,;Evacuee;364;in triage category;G;is entering helicopter;2
3930,1144,filterLoc,,
3930,1147,filterLoc,,
3930,1150,filterLoc,,
3930,1153,filterLoc,,
3930,1156,filterLoc,,
3930,1163,filterLoc,,
3930,1166,filterLoc,,
3930,1169,filterLoc,,
3930,1172,filterLoc,,
3930,1175,filterLoc,,
3930,1178,filterLoc,,
3930,1181,filterLoc,,
3930,1184,filterLoc,,
3930,1187,filterLoc,,
3930,1190,filterLoc,,
3930,1193,filterLoc,,
3930,1196,filterLoc,,
3930,1199,filterLoc,,
3930,1202,filterLoc,,
3930,1205,filterLoc,,
3930,1208,filterLoc,,
3930,1211,filterLoc,,
3930,1214,filterLoc,,
3930,1217,filterLoc,,
3930,1220,filterLoc,,
3930,1223,filterLoc,,
3930,1226,filterLoc,,
3930,1229,filterLoc,,
3930,1232,filterLoc,,
3930,1235,filterLoc,,
3930,1238,filterLoc,,
3930,1241,filterLoc,,
3930,1244,filterLoc,,
3930,1247,filterLoc,,
3930,1250,filterLoc,,
3930,1253,filterLoc,,
3930,1256,filterLoc,,
3930,1259,filterLoc,,
3930,1262,filterLoc,,
3930,1265,filterLoc,,
3930,1268,filterLoc,,
3930,1271,filterLoc,,
3930,1274,filterLoc,,
3930,1277,filterLoc,,
3930,1280,filterLoc,,
3930,1283,filterLoc,,
3930,1286,filterLoc,,
3930,1289,filterLoc,,
3930,1292,filterLoc,,
3930,1295,filterLoc,,
3930,1298,filterLoc,,
3930,1301,filterLoc,,
3930,1304,filterLoc,,
3930,1307,filterLoc,,
3930,1310,filterLoc,,
3930,1313,filterLoc,,
3930,1316,filterLoc,,
3930,1319,filterLoc,,
3930,1322,filterLoc,,
3930,1325,filterLoc,,
3930,1328,filterLoc,,
3930,1331,filterLoc,,
3930,1334,filterLoc,,
3930,1337,filterLoc,,
3930,1340,filterLoc,,
3930,1343,filterLoc,,
3930,1346,filterLoc,,
3930,1349,filterLoc,,
3930,1352,filterLoc,,
3930,1355,filterLoc,,
3930,1358,filterLoc,,
3930,1361,filterLoc,,
3930,1364,filterLoc,,
3930,1367,filterLoc,,
3930,1370,filterLoc,,
3930,1373,filterLoc,,
3930,1376,filterLoc,,
3930,1379,filterLoc,,
3930,1382,filterLoc,,
3930,1385,filterLoc,,
3930,1388,filterLoc,,
3930,1391,filterLoc,,
3930,1394,filterLoc,,
3930,1397,filterLoc,,
3930,1400,filterLoc,,
3930,1403,filterLoc,,
3930,1406,filterLoc,,
3930,1409,filterLoc,,
3930,1412,filterLoc,,
3930,1415,filterLoc,,
3930,1418,filterLoc,,
3930,1421,filterLoc,,
3930,1424,filterLoc,,
3930,1427,filterLoc,,
3930,1430,filterLoc,,
3930,1433,filterLoc,,
3930,1436,filterLoc,,
3930,1439,filterLoc,,
3930,1442,filterLoc,,
3930,1445,filterLoc,,
3930,1448,filterLoc,,
3930,1451,filterLoc,,
3930,1454,filterLoc,,
3930,1457,filterLoc,,
3930,1460,filterLoc,,
3930,1463,filterLoc,,
3930,1466,filterLoc,,
3930,1469,filterLoc,,
3930,1472,filterLoc,,
3930,1475,filterLoc,,
3930,1478,filterLoc,,
3930,1481,filterLoc,,
3930,1484,filterLoc,,
3930,1487,filterLoc,,
3930,1490,filterLoc,,
3930,1493,filterLoc,,
3930,1496,filterLoc,,
3930,1499,filterLoc,,
3930,1502,filterLoc,,
3930,1505,filterLoc,,
3930,1508,filterLoc,,
3930,1511,filterLoc,,
3930,1514,filterLoc,,
3930,1517,filterLoc,,
3930,255,filterLoc,out,Evacuee 351 in triage category G is assigned helicopter 2
3930,255,filterLoc,,
3930,256,evacuee,,Evacuee;351;in triage state;G;is entering helicopter;2
3930,258,filterLoc,out,Evacuee 349 in triage category G is assigned helicopter 2
3930,258,filterLoc,,
3930,259,evacuee,,Evacuee;349;in triage state;G;is entering helicopter;2
3930,261,filterLoc,out,Evacuee 348 in triage category G is assigned helicopter 2
3930,261,filterLoc,,
3930,262,evacuee,,Evacuee;348;in triage state;G;is entering helicopter;2
3930,264,filterLoc,out,Evacuee 346 in triage category G is assigned helicopter 2
3930,264,filterLoc,,
3930,265,evacuee,,Evacuee;346;in triage state;G;is entering helicopter;2
3930,534,filterLoc,out,Evacuee 358 in triage category G is assigned helicopter 2
3930,534,filterLoc,,
3930,535,evacuee,,Evacuee;358;in triage state;G;is entering helicopter;2
3930,600,filterLoc,out,Evacuee 361 in triage category G is assigned helicopter 2
3930,600,filterLoc,,
3930,601,evacuee,,Evacuee;361;in triage state;G;is entering helicopter;2
3930,603,filterLoc,out,Evacuee 342 in triage category G is assigned helicopter 2
3930,603,filterLoc,,
3930,604,evacuee,,Evacuee;342;in triage state;G;is entering helicopter;2
3930,663,filterLoc,out,Evacuee 344 in triage category G is assigned helicopter 2
3930,663,filterLoc,,
3930,664,evacuee,,Evacuee;344;in triage state;G;is entering helicopter;2
3930,864,filterLoc,out,Evacuee 347 in triage category G is assigned helicopter 2
3930,864,filterLoc,,
3930,865,evacuee,,Evacuee;347;in triage state;G;is entering helicopter;2
3930,1141,filterLoc,out,Evacuee 364 in triage category G is assigned helicopter 2
3930,1141,filterLoc,,
3930,1142,evacuee,,Evacuee;364;in triage state;G;is entering helicopter;2
3930,103,filterEvac,,
3930,256,evacuee,outHelo,Evacuee 351 in triage category G is assigned helicopter 2
3930,256,evacuee,,Evacuee;351;in triage state;G;is in helicopter;2
3930,259,evacuee,outHelo,Evacuee 349 in triage category G is assigned helicopter 2
3930,259,evacuee,,Evacuee;349;in triage state;G;is in helicopter;2
3930,262,evacuee,outHelo,Evacuee 348 in triage category G is assigned helicopter 2
3930,262,evacuee,,Evacuee;348;in triage state;G;is in helicopter;2
3930,265,evacuee,outHelo,Evacuee 346 in triage category G is assigned helicopter 2
3930,265,evacuee,,Evacuee;346;in triage state;G;is in helicopter;2
3930,535,evacuee,outHelo,Evacuee 358 in triage category G is assigned helicopter 2
3930,535,evacuee,,Evacuee;358;in triage state;G;is in helicopter;2
3930,601,evacuee,outHelo,Evacuee 361 in triage category G is assigned helicopter 2
3930,601,evacuee,,Evacuee;361;in triage state;G;is in helicopter;2
3930,604,evacuee,outHelo,Evacuee 342 in triage category G is assigned helicopter 2
3930,604,evacuee,,Evacuee;342;in triage state;G;is in helicopter;2
3930,664,evacuee,outHelo,Evacuee 344 in triage category G is assigned helicopter 2
3930,664,evacuee,,Evacuee;344;in triage state;G;is in helicopter;2
3930,865,evacuee,outHelo,Evacuee 347 in triage category G is assigned helicopter 2
3930,865,evacuee,,Evacuee;347;in triage state;G;is in helicopter;2
3930,1119,filterEvac,,;Evacuee;342;in triage category;G;is entering helicopter;2;Evacuee;344;in triage category;G;is entering helicopter;2;Evacuee;346;in triage category;G;is entering helicopter;2;Evacuee;347;in triage category;G;is entering helicopter;2;Evacuee;348;in triage category;G;is entering helicopter;2;Evacuee;349;in triage category;G;is entering helicopter;2;Evacuee;351;in triage category;G;is entering helicopter;2;Evacuee;358;in triage category;G;is entering helicopter;2;Evacuee;361;in triage category;G;is entering helicopter;2;Evacuee;364;in triage category;G;is entering helicopter;2
3930,1142,evacuee,outHelo,Evacuee 364 in triage category G is assigned helicopter 2
3930,1142,evacuee,,Evacuee;364;in triage state;G;is in helicopter;2
3930,1159,filterEvac,,
3930,1119,filterEvac,out,Evacuee 342 in triage category G is assigned helicopter 2
3930,1119,filterEvac,out,Evacuee 344 in triage category G is assigned helicopter 2
3930,1119,filterEvac,out,Evacuee 346 in triage category G is assigned helicopter 2
3930,1119,filterEvac,out,Evacuee 347 in triage category G is assigned helicopter 2
3930,1119,filterEvac,out,Evacuee 348 in triage category G is assigned helicopter 2
3930,1119,filterEvac,out,Evacuee 349 in triage category G is assigned helicopter 2
3930,1119,filterEvac,out,Evacuee 351 in triage category G is assigned helicopter 2
3930,1119,filterEvac,out,Evacuee 358 in triage category G is assigned helicopter 2
3930,1119,filterEvac,out,Evacuee 361 in triage category G is assigned helicopter 2
3930,1119,filterEvac,out,Evacuee 364 in triage category G is assigned helicopter 2
3930,1119,filterEvac,,
3930,1121,helicopter,,Helicopter;2;is loading people at the evacuation site;;and has;10;spots taken
3935.07,3,evacueeManager,,OFF SHIP: White;0;Green;28;Yellow;12;Red;2;Black;348;ON SHIP: White;0;Green;0;Yellow;0;Red;0;Evacuees to Transfer;
3935.07,186,evacuee,outES,Evacuee 383 in triage category G is not assigned a helicopter
3935.07,186,evacuee,,Evacuee;383;in triage state;Y;is at the evacuation site
3945,4,helipadManager,outHelo,Helicopter 2 is evacuating people2
3945,4,helipadManager,,;No helos are at ES
3945,104,filterES,,
3945,1120,filterES,,Helicopter;2;is evacuating people
3945,1160,filterES,,
3945,4,helipadManager,outHQ,0
3945,4,helipadManager,,;No helos are at ES
3945,5,helicopterQueue,,;No helos are waiting to land
3945,1120,filterES,out,Helicopter 2 is evacuating people2
3945,1120,filterES,,
3945,1121,helicopter,,Helicopter;2;is loading people at the evacuation site;;and has;10;spots taken
3945,5,helicopterQueue,,;No helos are waiting to land
3945,1121,helicopter,,Helicopter;2;is returning to the FOL;;and has;10;spots taken
3983.77,3,evacueeManager,,OFF SHIP: White;0;Green;27;Yellow;13;Red;2;Black;348;ON SHIP: White;0;Green;0;Yellow;0;Red;0;Evacuees to Transfer;
3983.77,44,evacuee,outES,Evacuee 476 in triage category G is not assigned a helicopter
3983.77,44,evacuee,,Evacuee;476;in triage state;Y;is at the evacuation site
3990,5,helicopterQueue,,1;Helos are waiting to land;HeloID;3
3990,105,helicopter,outES,Helicopter 3 is evacuating people3
3990,105,helicopter,,Helicopter;3;is waiting to land at the evacuation site;;and has;0;spots taken
3990,4,helipadManager,,;No helos are at ES
3990,5,helicopterQueue,outHM,Helicopter 3 is evacuating people3
3990,5,helicopterQueue,outHelo,Helicopter 3 is evacuating people3
3990,5,helicopterQueue,,;No helos are waiting to land
3990,104,filterES,,Helicopter;3;is evacuating people
3990,1120,filterES,,
3990,1160,filterES,,
3990,3,evacueeManager,,OFF SHIP: White;0;Green;17;Yellow;13;Red;2;Black;348;ON SHIP: White;0;Green;0;Yellow;0;Red;0;Evacuees to Transfer;;EvacueeID;367;HeloID;3;OnShip;0;Triage Status;G;EvacueeID;373;HeloID;3;OnShip;0;Triage Status;G;EvacueeID;380;HeloID;3;OnShip;0;Triage Status;G;EvacueeID;381;HeloID;3;OnShip;0;Triage Status;G;EvacueeID;382;HeloID;3;OnShip;0;Triage Status;G;EvacueeID;405;HeloID;3;OnShip;0;Triage Status;G;EvacueeID;407;HeloID;3;OnShip;0;Triage Status;G;EvacueeID;411;HeloID;3;OnShip;0;Triage Status;G;EvacueeID;414;HeloID;3;OnShip;0;Triage Status;G;EvacueeID;417;HeloID;3;OnShip;0;Triage Status;G
3990,4,helipadManager,outEM,Helicopter 3 is evacuating people3
3990,4,helipadManager,,Helo;3;is at the ES
3990,104,filterES,out,Helicopter 3 is evacuating people3
3990,104,filterES,,
3990,105,helicopter,,Helicopter;3;is waiting to land at the evacuation site;;and has;0;spots taken
3990,3,evacueeManager,outEvac,Evacuee 367 in triage category G is assigned helicopter 3
3990,3,evacueeManager,outEvac,Evacuee 373 in triage category G is assigned helicopter 3
3990,3,evacueeManager,outEvac,Evacuee 380 in triage category G is assigned helicopter 3
3990,3,evacueeManager,outEvac,Evacuee 381 in triage category G is assigned helicopter 3
3990,3,evacueeManager,outEvac,Evacuee 382 in triage category G is assigned helicopter 3
3990,3,evacueeManager,outEvac,Evacuee 405 in triage category G is assigned helicopter 3
3990,3,evacueeManager,outEvac,Evacuee 407 in triage category G is assigned helicopter 3
3990,3,evacueeManager,outEvac,Evacuee 411 in triage category G is assigned helicopter 3
3990,3,evacueeManager,outEvac,Evacuee 414 in triage category G is assigned helicopter 3
3990,3,evacueeManager,outEvac,Evacuee 417 in triage category G is assigned helicopter 3
3990,3,evacueeManager,,OFF SHIP: White;0;Green;17;Yellow;13;Red;2;Black;348;ON SHIP: White;0;Green;0;Yellow;0;Red;0;Evacuees to Transfer;
3990,7,filterLoc,,
3990,10,filterLoc,,
3990,13,filterLoc,,
3990,16,filterLoc,,
3990,19,filterLoc,,
3990,22,filterLoc,,
3990,25,filterLoc,,
3990,28,filterLoc,,
3990,31,filterLoc,,
3990,34,filterLoc,,
3990,37,filterLoc,,
3990,40,filterLoc,,
3990,43,filterLoc,,
3990,46,filterLoc,,
3990,49,filterLoc,,
3990,52,filterLoc,,
3990,55,filterLoc,,
3990,58,filterLoc,,
3990,61,filterLoc,,
3990,64,filterLoc,,
3990,67,filterLoc,,
3990,70,filterLoc,,
3990,73,filterLoc,,
3990,76,filterLoc,,
3990,79,filterLoc,,
3990,82,filterLoc,,
3990,85,filterLoc,,
3990,88,filterLoc,,
3990,91,filterLoc,,
3990,94,filterLoc,,
3990,97,filterLoc,,
3990,100,filterLoc,,
3990,105,helicopter,,Helicopter;3;is loading people at the evacuation site;;and has;0;spots taken
3990,107,filterLoc,,
3990,110,filterLoc,,
3990,113,filterLoc,,
3990,116,filterLoc,,
3990,119,filterLoc,,
3990,122,filterLoc,,
3990,125,filterLoc,,
3990,128,filterLoc,,;Evacuee;414;in triage category;G;is entering helicopter;3
3990,131,filterLoc,,;Evacuee;411;in triage category;G;is entering helicopter;3
3990,134,filterLoc,,
3990,137,filterLoc,,
3990,140,filterLoc,,
3990,143,filterLoc,,
3990,146,filterLoc,,
3990,149,filterLoc,,
3990,152,filterLoc,,
3990,155,filterLoc,,
3990,158,filterLoc,,
3990,161,filterLoc,,
3990,164,filterLoc,,
3990,167,filterLoc,,
3990,170,filterLoc,,
3990,173,filterLoc,,
3990,176,filterLoc,,
3990,179,filterLoc,,
3990,182,filterLoc,,
3990,185,filterLoc,,
3990,188,filterLoc,,
3990,191,filterLoc,,;Evacuee;382;in triage category;G;is entering helicopter;3
3990,194,filterLoc,,;Evacuee;381;in triage category;G;is entering helicopter;3
3990,197,filterLoc,,
3990,200,filterLoc,,;Evacuee;380;in triage category;G;is entering helicopter;3
3990,203,filterLoc,,
3990,206,filterLoc,,
3990,209,filterLoc,,
3990,212,filterLoc,,
3990,215,filterLoc,,
3990,218,filterLoc,,
3990,221,filterLoc,,
3990,225,filterLoc,,
3990,228,filterLoc,,
3990,231,filterLoc,,
3990,234,filterLoc,,
3990,237,filterLoc,,
3990,240,filterLoc,,
3990,243,filterLoc,,
3990,246,filterLoc,,
3990,249,filterLoc,,
3990,252,filterLoc,,
3990,255,filterLoc,,
3990,258,filterLoc,,
3990,261,filterLoc,,
3990,264,filterLoc,,
3990,267,filterLoc,,
3990,270,filterLoc,,
3990,273,filterLoc,,
3990,276,filterLoc,,
3990,279,filterLoc,,
3990,282,filterLoc,,
3990,285,filterLoc,,
3990,288,filterLoc,,
3990,291,filterLoc,,
3990,294,filterLoc,,
3990,297,filterLoc,,
3990,300,filterLoc,,
3990,303,filterLoc,,
3990,306,filterLoc,,
3990,309,filterLoc,,
3990,312,filterLoc,,
3990,315,filterLoc,,
3990,318,filterLoc,,
3990,321,filterLoc,,
3990,324,filterLoc,,
3990,327,filterLoc,,
3990,330,filterLoc,,
3990,333,filterLoc,,
3990,336,filterLoc,,
3990,339,filterLoc,,
3990,342,filterLoc,,
3990,345,filterLoc,,
3990,348,filterLoc,,
3990,351,filterLoc,,
3990,354,filterLoc,,
3990,357,filterLoc,,
3990,360,filterLoc,,
3990,363,filterLoc,,
3990,366,filterLoc,,
3990,369,filterLoc,,
3990,372,filterLoc,,
3990,375,filterLoc,,
3990,378,filterLoc,,
3990,381,filterLoc,,
3990,384,filterLoc,,
3990,387,filterLoc,,
3990,390,filterLoc,,
3990,393,filterLoc,,
3990,396,filterLoc,,
3990,399,filterLoc,,
3990,402,filterLoc,,
3990,405,filterLoc,,
3990,408,filterLoc,,
3990,411,filterLoc,,
3990,414,filterLoc,,
3990,417,filterLoc,,
3990,420,filterLoc,,
3990,423,filterLoc,,
3990,426,filterLoc,,
3990,429,filterLoc,,
3990,432,filterLoc,,
3990,435,filterLoc,,
3990,438,filterLoc,,
3990,441,filterLoc,,
3990,444,filterLoc,,
3990,447,filterLoc,,
3990,450,filterLoc,,
3990,453,filterLoc,,
3990,456,filterLoc,,
3990,459,filterLoc,,
3990,462,filterLoc,,
3990,465,filterLoc,,
3990,468,filterLoc,,
3990,471,filterLoc,,
3990,474,filterLoc,,
3990,477,filterLoc,,
3990,480,filterLoc,,
3990,483,filterLoc,,
3990,486,filterLoc,,
3990,489,filterLoc,,
3990,492,filterLoc,,
3990,495,filterLoc,,
3990,498,filterLoc,,
3990,501,filterLoc,,
3990,504,filterLoc,,
3990,507,filterLoc,,
3990,510,filterLoc,,
3990,513,filterLoc,,
3990,516,filterLoc,,
3990,519,filterLoc,,
3990,522,filterLoc,,
3990,525,filterLoc,,
3990,528,filterLoc,,
3990,531,filterLoc,,;Evacuee;373;in triage category;G;is entering helicopter;3
3990,534,filterLoc,,
3990,537,filterLoc,,
3990,540,filterLoc,,
3990,543,filterLoc,,
3990,546,filterLoc,,
3990,549,filterLoc,,
3990,552,filterLoc,,
3990,555,filterLoc,,
3990,558,filterLoc,,
3990,561,filterLoc,,
3990,564,filterLoc,,
3990,567,filterLoc,,
3990,570,filterLoc,,
3990,573,filterLoc,,
3990,576,filterLoc,,
3990,579,filterLoc,,
3990,582,filterLoc,,
3990,585,filterLoc,,
3990,588,filterLoc,,
3990,591,filterLoc,,
3990,594,filterLoc,,
3990,597,filterLoc,,
3990,600,filterLoc,,
3990,603,filterLoc,,
3990,606,filterLoc,,
3990,609,filterLoc,,
3990,612,filterLoc,,
3990,615,filterLoc,,
3990,618,filterLoc,,
3990,621,filterLoc,,
3990,624,filterLoc,,
3990,627,filterLoc,,
3990,630,filterLoc,,
3990,633,filterLoc,,
3990,636,filterLoc,,
3990,639,filterLoc,,
3990,642,filterLoc,,
3990,645,filterLoc,,
3990,648,filterLoc,,
3990,651,filterLoc,,
3990,654,filterLoc,,
3990,657,filterLoc,,
3990,660,filterLoc,,
3990,663,filterLoc,,
3990,666,filterLoc,,
3990,669,filterLoc,,
3990,672,filterLoc,,
3990,675,filterLoc,,
3990,678,filterLoc,,
3990,681,filterLoc,,
3990,684,filterLoc,,
3990,687,filterLoc,,
3990,690,filterLoc,,
3990,693,filterLoc,,
3990,696,filterLoc,,
3990,699,filterLoc,,
3990,702,filterLoc,,
3990,705,filterLoc,,
3990,708,filterLoc,,
3990,711,filterLoc,,
3990,714,filterLoc,,
3990,717,filterLoc,,
3990,720,filterLoc,,
3990,723,filterLoc,,
3990,726,filterLoc,,
3990,729,filterLoc,,
3990,732,filterLoc,,
3990,735,filterLoc,,
3990,738,filterLoc,,
3990,741,filterLoc,,
3990,744,filterLoc,,
3990,747,filterLoc,,
3990,750,filterLoc,,
3990,753,filterLoc,,
3990,756,filterLoc,,
3990,759,filterLoc,,
3990,762,filterLoc,,
3990,765,filterLoc,,
3990,768,filterLoc,,
3990,771,filterLoc,,
3990,774,filterLoc,,
3990,777,filterLoc,,
3990,780,filterLoc,,
3990,783,filterLoc,,
3990,786,filterLoc,,
3990,789,filterLoc,,
3990,792,filterLoc,,
3990,795,filterLoc,,
3990,798,filterLoc,,
3990,801,filterLoc,,
3990,804,filterLoc,,
3990,807,filterLoc,,
3990,810,filterLoc,,
3990,813,filterLoc,,
3990,816,filterLoc,,
3990,819,filterLoc,,
3990,822,filterLoc,,
3990,825,filterLoc,,
3990,828,filterLoc,,
3990,831,filterLoc,,
3990,834,filterLoc,,
3990,837,filterLoc,,
3990,840,filterLoc,,
3990,843,filterLoc,,
3990,846,filterLoc,,
3990,849,filterLoc,,
3990,852,filterLoc,,
3990,855,filterLoc,,
3990,858,filterLoc,,
3990,861,filterLoc,,
3990,864,filterLoc,,
3990,867,filterLoc,,
3990,870,filterLoc,,
3990,873,filterLoc,,
3990,876,filterLoc,,
3990,879,filterLoc,,
3990,882,filterLoc,,
3990,885,filterLoc,,
3990,888,filterLoc,,
3990,891,filterLoc,,
3990,894,filterLoc,,
3990,897,filterLoc,,
3990,900,filterLoc,,
3990,903,filterLoc,,
3990,906,filterLoc,,
3990,909,filterLoc,,
3990,912,filterLoc,,
3990,915,filterLoc,,
3990,918,filterLoc,,
3990,921,filterLoc,,
3990,924,filterLoc,,;Evacuee;407;in triage category;G;is entering helicopter;3
3990,927,filterLoc,,
3990,930,filterLoc,,
3990,933,filterLoc,,
3990,936,filterLoc,,
3990,939,filterLoc,,
3990,942,filterLoc,,
3990,945,filterLoc,,
3990,948,filterLoc,,
3990,951,filterLoc,,
3990,954,filterLoc,,
3990,957,filterLoc,,
3990,960,filterLoc,,
3990,963,filterLoc,,
3990,966,filterLoc,,
3990,969,filterLoc,,
3990,972,filterLoc,,
3990,975,filterLoc,,
3990,978,filterLoc,,
3990,981,filterLoc,,
3990,984,filterLoc,,
3990,987,filterLoc,,
3990,990,filterLoc,,;Evacuee;405;in triage category;G;is entering helicopter;3
3990,993,filterLoc,,
3990,996,filterLoc,,
3990,999,filterLoc,,
3990,1002,filterLoc,,
3990,1005,filterLoc,,
3990,1008,filterLoc,,
3990,1011,filterLoc,,
3990,1014,filterLoc,,
3990,1017,filterLoc,,
3990,1020,filterLoc,,
3990,1023,filterLoc,,
3990,1026,filterLoc,,
3990,1029,filterLoc,,
3990,1032,filterLoc,,
3990,1035,filterLoc,,
3990,1038,filterLoc,,
3990,1041,filterLoc,,
3990,1044,filterLoc,,
3990,1047,filterLoc,,
3990,1050,filterLoc,,
3990,1053,filterLoc,,
3990,1056,filterLoc,,
3990,1059,filterLoc,,
3990,1062,filterLoc,,
3990,1065,filterLoc,,
3990,1068,filterLoc,,
3990,1071,filterLoc,,
3990,1074,filterLoc,,
3990,1077,filterLoc,,
3990,1080,filterLoc,,
3990,1083,filterLoc,,
3990,1086,filterLoc,,
3990,1089,filterLoc,,
3990,1092,filterLoc,,
3990,1095,filterLoc,,
3990,1098,filterLoc,,
3990,1101,filterLoc,,
3990,1104,filterLoc,,
3990,1107,filterLoc,,
3990,1110,filterLoc,,
3990,1113,filterLoc,,
3990,1116,filterLoc,,
3990,1123,filterLoc,,
3990,1126,filterLoc,,
3990,1129,filterLoc,,
3990,1132,filterLoc,,
3990,1135,filterLoc,,
3990,1138,filterLoc,,;Evacuee;367;in triage category;G;is entering helicopter;3
3990,1141,filterLoc,,
3990,1144,filterLoc,,
3990,1147,filterLoc,,
3990,1150,filterLoc,,
3990,1153,filterLoc,,
3990,1156,filterLoc,,
3990,1163,filterLoc,,
3990,1166,filterLoc,,
3990,1169,filterLoc,,
3990,1172,filterLoc,,
3990,1175,filterLoc,,
3990,1178,filterLoc,,
3990,1181,filterLoc,,
3990,1184,filterLoc,,
3990,1187,filterLoc,,
3990,1190,filterLoc,,
3990,1193,filterLoc,,
3990,1196,filterLoc,,
3990,1199,filterLoc,,
3990,1202,filterLoc,,
3990,1205,filterLoc,,
3990,1208,filterLoc,,
3990,1211,filterLoc,,
3990,1214,filterLoc,,
3990,1217,filterLoc,,
3990,1220,filterLoc,,
3990,1223,filterLoc,,
3990,1226,filterLoc,,
3990,1229,filterLoc,,
3990,1232,filterLoc,,
3990,1235,filterLoc,,
3990,1238,filterLoc,,
3990,1241,filterLoc,,
3990,1244,filterLoc,,
3990,1247,filterLoc,,
3990,1250,filterLoc,,
3990,1253,filterLoc,,
3990,1256,filterLoc,,
3990,1259,filterLoc,,
3990,1262,filterLoc,,
3990,1265,filterLoc,,
3990,1268,filterLoc,,
3990,1271,filterLoc,,
3990,1274,filterLoc,,
3990,1277,filterLoc,,
3990,1280,filterLoc,,
3990,1283,filterLoc,,
3990,1286,filterLoc,,
3990,1289,filterLoc,,
3990,1292,filterLoc,,
3990,1295,filterLoc,,
3990,1298,filterLoc,,
3990,1301,filterLoc,,
3990,1304,filterLoc,,
3990,1307,filterLoc,,
3990,1310,filterLoc,,
3990,1313,filterLoc,,
3990,1316,filterLoc,,
3990,1319,filterLoc,,
3990,1322,filterLoc,,
3990,1325,filterLoc,,
3990,1328,filterLoc,,
3990,1331,filterLoc,,
3990,1334,filterLoc,,;Evacuee;417;in triage category;G;is entering helicopter;3
3990,1337,filterLoc,,
3990,1340,filterLoc,,
3990,1343,filterLoc,,
3990,1346,filterLoc,,
3990,1349,filterLoc,,
3990,1352,filterLoc,,
3990,1355,filterLoc,,
3990,1358,filterLoc,,
3990,1361,filterLoc,,
3990,1364,filterLoc,,
3990,1367,filterLoc,,
3990,1370,filterLoc,,
3990,1373,filterLoc,,
3990,1376,filterLoc,,
3990,1379,filterLoc,,
3990,1382,filterLoc,,
3990,1385,filterLoc,,
3990,1388,filterLoc,,
3990,1391,filterLoc,,
3990,1394,filterLoc,,
3990,1397,filterLoc,,
3990,1400,filterLoc,,
3990,1403,filterLoc,,
3990,1406,filterLoc,,
3990,1409,filterLoc,,
3990,1412,filterLoc,,
3990,1415,filterLoc,,
3990,1418,filterLoc,,
3990,1421,filterLoc,,
3990,1424,filterLoc,,
3990,1427,filterLoc,,
3990,1430,filterLoc,,
3990,1433,filterLoc,,
3990,1436,filterLoc,,
3990,1439,filterLoc,,
3990,1442,filterLoc,,
3990,1445,filterLoc,,
3990,1448,filterLoc,,
3990,1451,filterLoc,,
3990,1454,filterLoc,,
3990,1457,filterLoc,,
3990,1460,filterLoc,,
3990,1463,filterLoc,,
3990,1466,filterLoc,,
3990,1469,filterLoc,,
3990,1472,filterLoc,,
3990,1475,filterLoc,,
3990,1478,filterLoc,,
3990,1481,filterLoc,,
3990,1484,filterLoc,,
3990,1487,filterLoc,,
3990,1490,filterLoc,,
3990,1493,filterLoc,,
3990,1496,filterLoc,,
3990,1499,filterLoc,,
3990,1502,filterLoc,,
3990,1505,filterLoc,,
3990,1508,filterLoc,,
3990,1511,filterLoc,,
3990,1514,filterLoc,,
3990,1517,filterLoc,,
3990,128,filterLoc,out,Evacuee 414 in triage category G is assigned helicopter 3
3990,128,filterLoc,,
3990,129,evacuee,,Evacuee;414;in triage state;G;is entering helicopter;3
3990,131,filterLoc,out,Evacuee 411 in triage category G is assigned helicopter 3
3990,131,filterLoc,,
3990,132,evacuee,,Evacuee;411;in triage state;G;is entering helicopter;3
3990,191,filterLoc,out,Evacuee 382 in triage category G is assigned helicopter 3
3990,191,filterLoc,,
3990,192,evacuee,,Evacuee;382;in triage state;G;is entering helicopter;3
3990,194,filterLoc,out,Evacuee 381 in triage category G is assigned helicopter 3
3990,194,filterLoc,,
3990,195,evacuee,,Evacuee;381;in triage state;G;is entering helicopter;3
3990,200,filterLoc,out,Evacuee 380 in triage category G is assigned helicopter 3
3990,200,filterLoc,,
3990,201,evacuee,,Evacuee;380;in triage state;G;is entering helicopter;3
3990,531,filterLoc,out,Evacuee 373 in triage category G is assigned helicopter 3
3990,531,filterLoc,,
3990,532,evacuee,,Evacuee;373;in triage state;G;is entering helicopter;3
3990,924,filterLoc,out,Evacuee 407 in triage category G is assigned helicopter 3
3990,924,filterLoc,,
3990,925,evacuee,,Evacuee;407;in triage state;G;is entering helicopter;3
3990,990,filterLoc,out,Evacuee 405 in triage category G is assigned helicopter 3
3990,990,filterLoc,,
3990,991,evacuee,,Evacuee;405;in triage state;G;is entering helicopter;3
3990,1138,filterLoc,out,Evacuee 367 in triage category G is assigned helicopter 3
3990,1138,filterLoc,,
3990,1139,evacuee,,Evacuee;367;in triage state;G;is entering helicopter;3
3990,1334,filterLoc,out,Evacuee 417 in triage category G is assigned helicopter 3
3990,1334,filterLoc,,
3990,1335,evacuee,,Evacuee;417;in triage state;G;is entering helicopter;3
3990,103,filterEvac,,;Evacuee;367;in triage category;G;is entering helicopter;3;Evacuee;373;in triage category;G;is entering helicopter;3;Evacuee;380;in triage category;G;is entering helicopter;3;Evacuee;381;in triage category;G;is entering helicopter;3;Evacuee;382;in triage category;G;is entering helicopter;3;Evacuee;405;in triage category;G;is entering helicopter;3;Evacuee;407;in triage category;G;is entering helicopter;3;Evacuee;411;in triage category;G;is entering helicopter;3;Evacuee;414;in triage category;G;is entering helicopter;3;Evacuee;417;in triage category;G;is entering helicopter;3
3990,129,evacuee,outHelo,Evacuee 414 in triage category G is assigned helicopter 3
3990,129,evacuee,,Evacuee;414;in triage state;G;is in helicopter;3
3990,132,evacuee,outHelo,Evacuee 411 in triage category G is assigned helicopter 3
3990,132,evacuee,,Evacuee;411;in triage state;G;is in helicopter;3
3990,192,evacuee,outHelo,Evacuee 382 in triage category G is assigned helicopter 3
3990,192,evacuee,,Evacuee;382;in triage state;G;is in helicopter;3
3990,195,evacuee,outHelo,Evacuee 381 in triage category G is assigned helicopter 3
3990,195,evacuee,,Evacuee;381;in triage state;G;is in helicopter;3
3990,201,evacuee,outHelo,Evacuee 380 in triage category G is assigned helicopter 3
3990,201,evacuee,,Evacuee;380;in triage state;G;is in helicopter;3
3990,532,evacuee,outHelo,Evacuee 373 in triage category G is assigned helicopter 3
3990,532,evacuee,,Evacuee;373;in triage state;G;is in helicopter;3
3990,925,evacuee,outHelo,Evacuee 407 in triage category G is assigned helicopter 3
3990,925,evacuee,,Evacuee;407;in triage state;G;is in helicopter;3
3990,991,evacuee,outHelo,Evacuee 405 in triage category G is assigned helicopter 3
3990,991,evacuee,,Evacuee;405;in triage state;G;is in helicopter;3
3990,1119,filterEvac,,
3990,1139,evacuee,outHelo,Evacuee 367 in triage category G is assigned helicopter 3
3990,1139,evacuee,,Evacuee;367;in triage state;G;is in helicopter;3
3990,1159,filterEvac,,
3990,1335,evacuee,outHelo,Evacuee 417 in triage category G is assigned helicopter 3
3990,1335,evacuee,,Evacuee;417;in triage state;G;is in helicopter;3
3990,103,filterEvac,out,Evacuee 367 in triage category G is assigned helicopter 3
3990,103,filterEvac,out,Evacuee 373 in triage category G is assigned helicopter 3
3990,103,filterEvac,out,Evacuee 380 in triage category G is assigned helicopter 3
3990,103,filterEvac,out,Evacuee 381 in triage category G is assigned helicopter 3
3990,103,filterEvac,out,Evacuee 382 in triage category G is assigned helicopter 3
3990,103,filterEvac,out,Evacuee 405 in triage category G is assigned helicopter 3
3990,103,filterEvac,out,Evacuee 407 in triage category G is assigned helicopter 3
3990,103,filterEvac,out,Evacuee 411 in triage category G is assigned helicopter 3
3990,103,filterEvac,out,Evacuee 414 in triage category G is assigned helicopter 3
3990,103,filterEvac,out,Evacuee 417 in triage category G is assigned helicopter 3
3990,103,filterEvac,,
3990,105,helicopter,,Helicopter;3;is loading people at the evacuation site;;and has;10;spots taken
4005,4,helipadManager,outHelo,Helicopter 3 is evacuating people3
4005,4,helipadManager,,;No helos are at ES
4005,104,filterES,,Helicopter;3;is evacuating people
4005,1120,filterES,,
4005,1160,filterES,,
4005,4,helipadManager,outHQ,0
4005,4,helipadManager,,;No helos are at ES
4005,5,helicopterQueue,,;No helos are waiting to land
4005,104,filterES,out,Helicopter 3 is evacuating people3
4005,104,filterES,,
4005,105,helicopter,,Helicopter;3;is loading people at the evacuation site;;and has;10;spots taken
4005,5,helicopterQueue,,;No helos are waiting to land
4005,105,helicopter,,Helicopter;3;is returning to the FOL;;and has;10;spots taken
4006.84,3,evacueeManager,,OFF SHIP: White;0;Green;17;Yellow;13;Red;1;Black;349;ON SHIP: White;0;Green;0;Yellow;0;Red;0;Evacuees to Transfer;
4006.84,592,evacuee,outES,Evacuee 324 in triage category R is not assigned a helicopter
4006.84,592,evacuee,,Evacuee;324;in triage state;B;is at the evacuation site
4011.86,3,evacueeManager,,OFF SHIP: White;0;Green;17;Yellow;12;Red;2;Black;349;ON SHIP: White;0;Green;0;Yellow;0;Red;0;Evacuees to Transfer;
4011.86,1317,evacuee,outES,Evacuee 203 in triage category Y is not assigned a helicopter
4011.86,1317,evacuee,,Evacuee;203;in triage state;R;is at the evacuation site
4028.59,3,evacueeManager,,OFF SHIP: White;0;Green;17;Yellow;11;Red;3;Black;349;ON SHIP: White;0;Green;0;Yellow;0;Red;0;Evacuees to Transfer;
4028.59,910,evacuee,outES,Evacuee 157 in triage category Y is not assigned a helicopter
4028.59,910,evacuee,,Evacuee;157;in triage state;R;is at the evacuation site
4035,7,filterLoc,,
4035,10,filterLoc,,
4035,13,filterLoc,,
4035,16,filterLoc,,
4035,19,filterLoc,,
4035,22,filterLoc,,
4035,25,filterLoc,,
4035,28,filterLoc,,
4035,31,filterLoc,,
4035,34,filterLoc,,
4035,37,filterLoc,,
4035,40,filterLoc,,
4035,43,filterLoc,,
4035,46,filterLoc,,
4035,49,filterLoc,,
4035,52,filterLoc,,
4035,55,filterLoc,,
4035,58,filterLoc,,
4035,61,filterLoc,,
4035,64,filterLoc,,
4035,67,filterLoc,,
4035,70,filterLoc,,
4035,73,filterLoc,,
4035,76,filterLoc,,
4035,79,filterLoc,,
4035,82,filterLoc,,
4035,85,filterLoc,,
4035,88,filterLoc,,
4035,91,filterLoc,,
4035,94,filterLoc,,
4035,97,filterLoc,,
4035,100,filterLoc,,
4035,107,filterLoc,,
4035,110,filterLoc,,
4035,113,filterLoc,,
4035,116,filterLoc,,
4035,119,filterLoc,,
4035,122,filterLoc,,
4035,125,filterLoc,,
4035,128,filterLoc,,
4035,131,filterLoc,,
4035,134,filterLoc,,
4035,137,filterLoc,,
4035,140,filterLoc,,
4035,143,filterLoc,,
4035,146,filterLoc,,
4035,149,filterLoc,,
4035,152,filterLoc,,
4035,155,filterLoc,,
4035,158,filterLoc,,
4035,161,filterLoc,,
4035,164,filterLoc,,
4035,167,filterLoc,,
4035,170,filterLoc,,
4035,173,filterLoc,,
4035,176,filterLoc,,
4035,179,filterLoc,,
4035,182,filterLoc,,
4035,185,filterLoc,,
4035,188,filterLoc,,
4035,191,filterLoc,,
4035,194,filterLoc,,
4035,197,filterLoc,,
4035,200,filterLoc,,
4035,203,filterLoc,,
4035,206,filterLoc,,
4035,209,filterLoc,,
4035,212,filterLoc,,
4035,215,filterLoc,,
4035,218,filterLoc,,
4035,221,filterLoc,,
4035,225,filterLoc,,
4035,228,filterLoc,,
4035,231,filterLoc,,
4035,234,filterLoc,,
4035,237,filterLoc,,
4035,240,filterLoc,,
4035,243,filterLoc,,
4035,246,filterLoc,,
4035,249,filterLoc,,
4035,252,filterLoc,,
4035,255,filterLoc,,
4035,258,filterLoc,,
4035,261,filterLoc,,
4035,264,filterLoc,,
4035,267,filterLoc,,;Evacuee;341;in triage category;G;is leaving helicopter;1
4035,270,filterLoc,,;Evacuee;340;in triage category;G;is leaving helicopter;1
4035,273,filterLoc,,
4035,276,filterLoc,,
4035,279,filterLoc,,
4035,282,filterLoc,,
4035,285,filterLoc,,
4035,288,filterLoc,,
4035,291,filterLoc,,
4035,294,filterLoc,,
4035,297,filterLoc,,
4035,300,filterLoc,,
4035,303,filterLoc,,
4035,306,filterLoc,,
4035,309,filterLoc,,
4035,312,filterLoc,,
4035,315,filterLoc,,
4035,318,filterLoc,,
4035,321,filterLoc,,
4035,324,filterLoc,,
4035,327,filterLoc,,;Evacuee;316;in triage category;G;is leaving helicopter;1
4035,330,filterLoc,,
4035,333,filterLoc,,;Evacuee;313;in triage category;G;is leaving helicopter;1
4035,336,filterLoc,,
4035,339,filterLoc,,;Evacuee;312;in triage category;G;is leaving helicopter;1
4035,342,filterLoc,,
4035,345,filterLoc,,
4035,348,filterLoc,,
4035,351,filterLoc,,
4035,354,filterLoc,,
4035,357,filterLoc,,
4035,360,filterLoc,,
4035,363,filterLoc,,
4035,366,filterLoc,,
4035,369,filterLoc,,
4035,372,filterLoc,,
4035,375,filterLoc,,
4035,378,filterLoc,,
4035,381,filterLoc,,
4035,384,filterLoc,,
4035,387,filterLoc,,
4035,390,filterLoc,,
4035,393,filterLoc,,;Evacuee;284;in triage category;G;is leaving helicopter;1
4035,396,filterLoc,,
4035,399,filterLoc,,
4035,402,filterLoc,,
4035,405,filterLoc,,
4035,408,filterLoc,,
4035,411,filterLoc,,
4035,414,filterLoc,,
4035,417,filterLoc,,
4035,420,filterLoc,,
4035,423,filterLoc,,
4035,426,filterLoc,,
4035,429,filterLoc,,
4035,432,filterLoc,,
4035,435,filterLoc,,
4035,438,filterLoc,,
4035,441,filterLoc,,
4035,444,filterLoc,,
4035,447,filterLoc,,
4035,450,filterLoc,,
4035,453,filterLoc,,
4035,456,filterLoc,,
4035,459,filterLoc,,;Evacuee;289;in triage category;G;is leaving helicopter;1
4035,462,filterLoc,,
4035,465,filterLoc,,
4035,468,filterLoc,,
4035,471,filterLoc,,
4035,474,filterLoc,,
4035,477,filterLoc,,
4035,480,filterLoc,,
4035,483,filterLoc,,
4035,486,filterLoc,,
4035,489,filterLoc,,
4035,492,filterLoc,,
4035,495,filterLoc,,
4035,498,filterLoc,,
4035,501,filterLoc,,
4035,504,filterLoc,,
4035,507,filterLoc,,
4035,510,filterLoc,,
4035,513,filterLoc,,
4035,516,filterLoc,,
4035,519,filterLoc,,
4035,522,filterLoc,,
4035,525,filterLoc,,;Evacuee;299;in triage category;G;is leaving helicopter;1
4035,528,filterLoc,,
4035,531,filterLoc,,
4035,534,filterLoc,,
4035,537,filterLoc,,
4035,540,filterLoc,,
4035,543,filterLoc,,
4035,546,filterLoc,,
4035,549,filterLoc,,
4035,552,filterLoc,,
4035,555,filterLoc,,
4035,558,filterLoc,,
4035,561,filterLoc,,
4035,564,filterLoc,,
4035,567,filterLoc,,
4035,570,filterLoc,,
4035,573,filterLoc,,
4035,576,filterLoc,,
4035,579,filterLoc,,
4035,582,filterLoc,,
4035,585,filterLoc,,
4035,588,filterLoc,,
4035,591,filterLoc,,
4035,594,filterLoc,,
4035,597,filterLoc,,
4035,600,filterLoc,,
4035,603,filterLoc,,
4035,606,filterLoc,,
4035,609,filterLoc,,
4035,612,filterLoc,,
4035,615,filterLoc,,
4035,618,filterLoc,,
4035,621,filterLoc,,
4035,624,filterLoc,,
4035,627,filterLoc,,
4035,630,filterLoc,,
4035,633,filterLoc,,
4035,636,filterLoc,,
4035,639,filterLoc,,
4035,642,filterLoc,,
4035,645,filterLoc,,
4035,648,filterLoc,,
4035,651,filterLoc,,
4035,654,filterLoc,,
4035,657,filterLoc,,
4035,660,filterLoc,,
4035,663,filterLoc,,
4035,666,filterLoc,,
4035,669,filterLoc,,
4035,672,filterLoc,,;Evacuee;300;in triage category;G;is leaving helicopter;1
4035,675,filterLoc,,
4035,678,filterLoc,,
4035,681,filterLoc,,
4035,684,filterLoc,,
4035,687,filterLoc,,
4035,690,filterLoc,,
4035,693,filterLoc,,
4035,696,filterLoc,,
4035,699,filterLoc,,
4035,702,filterLoc,,
4035,705,filterLoc,,
4035,708,filterLoc,,
4035,711,filterLoc,,
4035,714,filterLoc,,
4035,717,filterLoc,,
4035,720,filterLoc,,
4035,723,filterLoc,,
4035,726,filterLoc,,
4035,729,filterLoc,,
4035,732,filterLoc,,
4035,735,filterLoc,,
4035,738,filterLoc,,
4035,741,filterLoc,,
4035,744,filterLoc,,
4035,747,filterLoc,,
4035,750,filterLoc,,
4035,753,filterLoc,,
4035,756,filterLoc,,
4035,759,filterLoc,,
4035,762,filterLoc,,
4035,765,filterLoc,,
4035,768,filterLoc,,
4035,771,filterLoc,,
4035,774,filterLoc,,
4035,777,filterLoc,,
4035,780,filterLoc,,
4035,783,filterLoc,,
4035,786,filterLoc,,
4035,789,filterLoc,,
4035,792,filterLoc,,
4035,795,filterLoc,,
4035,798,filterLoc,,
4035,801,filterLoc,,
4035,804,filterLoc,,
4035,807,filterLoc,,
4035,810,filterLoc,,
4035,813,filterLoc,,
4035,816,filterLoc,,
4035,819,filterLoc,,
4035,822,filterLoc,,
4035,825,filterLoc,,
4035,828,filterLoc,,
4035,831,filterLoc,,
4035,834,filterLoc,,
4035,837,filterLoc,,
4035,840,filterLoc,,
4035,843,filterLoc,,
4035,846,filterLoc,,
4035,849,filterLoc,,
4035,852,filterLoc,,
4035,855,filterLoc,,
4035,858,filterLoc,,
4035,861,filterLoc,,
4035,864,filterLoc,,
4035,867,filterLoc,,
4035,870,filterLoc,,
4035,873,filterLoc,,
4035,876,filterLoc,,
4035,879,filterLoc,,
4035,882,filterLoc,,
4035,885,filterLoc,,
4035,888,filterLoc,,
4035,891,filterLoc,,
4035,894,filterLoc,,
4035,897,filterLoc,,
4035,900,filterLoc,,
4035,903,filterLoc,,
4035,906,filterLoc,,
4035,909,filterLoc,,
4035,912,filterLoc,,
4035,915,filterLoc,,
4035,918,filterLoc,,
4035,921,filterLoc,,
4035,924,filterLoc,,
4035,927,filterLoc,,
4035,930,filterLoc,,
4035,933,filterLoc,,
4035,936,filterLoc,,
4035,939,filterLoc,,
4035,942,filterLoc,,
4035,945,filterLoc,,
4035,948,filterLoc,,
4035,951,filterLoc,,
4035,954,filterLoc,,
4035,957,filterLoc,,
4035,960,filterLoc,,
4035,963,filterLoc,,
4035,966,filterLoc,,
4035,969,filterLoc,,
4035,972,filterLoc,,
4035,975,filterLoc,,
4035,978,filterLoc,,
4035,981,filterLoc,,
4035,984,filterLoc,,
4035,987,filterLoc,,
4035,990,filterLoc,,
4035,993,filterLoc,,
4035,996,filterLoc,,
4035,999,filterLoc,,
4035,1002,filterLoc,,
4035,1005,filterLoc,,
4035,1008,filterLoc,,
4035,1011,filterLoc,,
4035,1014,filterLoc,,
4035,1017,filterLoc,,
4035,1020,filterLoc,,
4035,1023,filterLoc,,
4035,1026,filterLoc,,
4035,1029,filterLoc,,
4035,1032,filterLoc,,
4035,1035,filterLoc,,
4035,1038,filterLoc,,
4035,1041,filterLoc,,
4035,1044,filterLoc,,
4035,1047,filterLoc,,
4035,1050,filterLoc,,
4035,1053,filterLoc,,
4035,1056,filterLoc,,
4035,1059,filterLoc,,
4035,1062,filterLoc,,
4035,1065,filterLoc,,
4035,1068,filterLoc,,
4035,1071,filterLoc,,
4035,1074,filterLoc,,
4035,1077,filterLoc,,
4035,1080,filterLoc,,
4035,1083,filterLoc,,
4035,1086,filterLoc,,
4035,1089,filterLoc,,
4035,1092,filterLoc,,
4035,1095,filterLoc,,
4035,1098,filterLoc,,
4035,1101,filterLoc,,
4035,1104,filterLoc,,
4035,1107,filterLoc,,
4035,1110,filterLoc,,
4035,1113,filterLoc,,
4035,1116,filterLoc,,
4035,1123,filterLoc,,
4035,1126,filterLoc,,
4035,1129,filterLoc,,
4035,1132,filterLoc,,
4035,1135,filterLoc,,
4035,1138,filterLoc,,
4035,1141,filterLoc,,
4035,1144,filterLoc,,
4035,1147,filterLoc,,
4035,1150,filterLoc,,
4035,1153,filterLoc,,
4035,1156,filterLoc,,
4035,1161,helicopter,outEvac,Evacuee 284 in triage category G is not assigned a helicopter
4035,1161,helicopter,outEvac,Evacuee 289 in triage category G is not assigned a helicopter
4035,1161,helicopter,outEvac,Evacuee 299 in triage category G is not assigned a helicopter
4035,1161,helicopter,outEvac,Evacuee 300 in triage category G is not assigned a helicopter
4035,1161,helicopter,outEvac,Evacuee 312 in triage category G is not assigned a helicopter
4035,1161,helicopter,outEvac,Evacuee 313 in triage category G is not assigned a helicopter
4035,1161,helicopter,outEvac,Evacuee 316 in triage category G is not assigned a helicopter
4035,1161,helicopter,outEvac,Evacuee 323 in triage category G is not assigned a helicopter
4035,1161,helicopter,outEvac,Evacuee 340 in triage category G is not assigned a helicopter
4035,1161,helicopter,outEvac,Evacuee 341 in triage category G is not assigned a helicopter
4035,1161,helicopter,,Helicopter;1;is unloading people at the FOL;;and has;0;spots taken
4035,1163,filterLoc,,
4035,1166,filterLoc,,
4035,1169,filterLoc,,
4035,1172,filterLoc,,
4035,1175,filterLoc,,
4035,1178,filterLoc,,
4035,1181,filterLoc,,
4035,1184,filterLoc,,
4035,1187,filterLoc,,
4035,1190,filterLoc,,
4035,1193,filterLoc,,
4035,1196,filterLoc,,
4035,1199,filterLoc,,
4035,1202,filterLoc,,
4035,1205,filterLoc,,
4035,1208,filterLoc,,
4035,1211,filterLoc,,
4035,1214,filterLoc,,
4035,1217,filterLoc,,
4035,1220,filterLoc,,
4035,1223,filterLoc,,
4035,1226,filterLoc,,
4035,1229,filterLoc,,
4035,1232,filterLoc,,
4035,1235,filterLoc,,
4035,1238,filterLoc,,
4035,1241,filterLoc,,
4035,1244,filterLoc,,
4035,1247,filterLoc,,
4035,1250,filterLoc,,
4035,1253,filterLoc,,
4035,1256,filterLoc,,
4035,1259,filterLoc,,
4035,1262,filterLoc,,
4035,1265,filterLoc,,
4035,1268,filterLoc,,
4035,1271,filterLoc,,
4035,1274,filterLoc,,
4035,1277,filterLoc,,
4035,1280,filterLoc,,
4035,1283,filterLoc,,
4035,1286,filterLoc,,
4035,1289,filterLoc,,
4035,1292,filterLoc,,
4035,1295,filterLoc,,
4035,1298,filterLoc,,
4035,1301,filterLoc,,
4035,1304,filterLoc,,
4035,1307,filterLoc,,
4035,1310,filterLoc,,
4035,1313,filterLoc,,
4035,1316,filterLoc,,
4035,1319,filterLoc,,
4035,1322,filterLoc,,
4035,1325,filterLoc,,
4035,1328,filterLoc,,
4035,1331,filterLoc,,
4035,1334,filterLoc,,
4035,1337,filterLoc,,
4035,1340,filterLoc,,
4035,1343,filterLoc,,
4035,1346,filterLoc,,
4035,1349,filterLoc,,
4035,1352,filterLoc,,
4035,1355,filterLoc,,
4035,1358,filterLoc,,
4035,1361,filterLoc,,
4035,1364,filterLoc,,
4035,1367,filterLoc,,
4035,1370,filterLoc,,
4035,1373,filterLoc,,
4035,1376,filterLoc,,
4035,1379,filterLoc,,
4035,1382,filterLoc,,
4035,1385,filterLoc,,
4035,1388,filterLoc,,
4035,1391,filterLoc,,
4035,1394,filterLoc,,
4035,1397,filterLoc,,;Evacuee;323;in triage category;G;is leaving helicopter;1
4035,1400,filterLoc,,
4035,1403,filterLoc,,
4035,1406,filterLoc,,
4035,1409,filterLoc,,
4035,1412,filterLoc,,
4035,1415,filterLoc,,
4035,1418,filterLoc,,
4035,1421,filterLoc,,
4035,1424,filterLoc,,
4035,1427,filterLoc,,
4035,1430,filterLoc,,
4035,1433,filterLoc,,
4035,1436,filterLoc,,
4035,1439,filterLoc,,
4035,1442,filterLoc,,
4035,1445,filterLoc,,
4035,1448,filterLoc,,
4035,1451,filterLoc,,
4035,1454,filterLoc,,
4035,1457,filterLoc,,
4035,1460,filterLoc,,
4035,1463,filterLoc,,
4035,1466,filterLoc,,
4035,1469,filterLoc,,
4035,1472,filterLoc,,
4035,1475,filterLoc,,
4035,1478,filterLoc,,
4035,1481,filterLoc,,
4035,1484,filterLoc,,
4035,1487,filterLoc,,
4035,1490,filterLoc,,
4035,1493,filterLoc,,
4035,1496,filterLoc,,
4035,1499,filterLoc,,
4035,1502,filterLoc,,
4035,1505,filterLoc,,
4035,1508,filterLoc,,
4035,1511,filterLoc,,
4035,1514,filterLoc,,
4035,1517,filterLoc,,
4035,267,filterLoc,out,Evacuee 341 in triage category G is not assigned a helicopter
4035,267,filterLoc,,
4035,268,evacuee,,Evacuee;341;in triage state;G;is entering the FOL
4035,270,filterLoc,out,Evacuee 340 in triage category G is not assigned a helicopter
4035,270,filterLoc,,
4035,271,evacuee,,Evacuee;340;in triage state;G;is entering the FOL
4035,327,filterLoc,out,Evacuee 316 in triage category G is not assigned a helicopter
4035,327,filterLoc,,
4035,328,evacuee,,Evacuee;316;in triage state;G;is entering the FOL
4035,333,filterLoc,out,Evacuee 313 in triage category G is not assigned a helicopter
4035,333,filterLoc,,
4035,334,evacuee,,Evacuee;313;in triage state;G;is entering the FOL
4035,339,filterLoc,out,Evacuee 312 in triage category G is not assigned a helicopter
4035,339,filterLoc,,
4035,340,evacuee,,Evacuee;312;in triage state;G;is entering the FOL
4035,393,filterLoc,out,Evacuee 284 in triage category G is not assigned a helicopter
4035,393,filterLoc,,
4035,394,evacuee,,Evacuee;284;in triage state;G;is entering the FOL
4035,459,filterLoc,out,Evacuee 289 in triage category G is not assigned a helicopter
4035,459,filterLoc,,
4035,460,evacuee,,Evacuee;289;in triage state;G;is entering the FOL
4035,525,filterLoc,out,Evacuee 299 in triage category G is not assigned a helicopter
4035,525,filterLoc,,
4035,526,evacuee,,Evacuee;299;in triage state;G;is entering the FOL
4035,672,filterLoc,out,Evacuee 300 in triage category G is not assigned a helicopter
4035,672,filterLoc,,
4035,673,evacuee,,Evacuee;300;in triage state;G;is entering the FOL
4035,1397,filterLoc,out,Evacuee 323 in triage category G is not assigned a helicopter
4035,1397,filterLoc,,
4035,1398,evacuee,,Evacuee;323;in triage state;G;is entering the FOL
4035,223,FOL,,;EvacueeID;7;Triage Status;G;EvacueeID;10;Triage Status;G;EvacueeID;14;Triage Status;G;EvacueeID;16;Triage Status;G;EvacueeID;17;Triage Status;G;EvacueeID;21;Triage Status;G;EvacueeID;27;Triage Status;G;EvacueeID;29;Triage Status;G;EvacueeID;31;Triage Status;G;EvacueeID;35;Triage Status;G;EvacueeID;36;Triage Status;G;EvacueeID;38;Triage Status;G;EvacueeID;42;Triage Status;G;EvacueeID;43;Triage Status;G;EvacueeID;46;Triage Status;G;EvacueeID;47;Triage Status;G;EvacueeID;53;Triage Status;G;EvacueeID;54;Triage Status;G;EvacueeID;56;Triage Status;G;EvacueeID;63;Triage Status;G;EvacueeID;65;Triage Status;G;EvacueeID;68;Triage Status;G;EvacueeID;69;Triage Status;G;EvacueeID;72;Triage Status;G;EvacueeID;73;Triage Status;G;EvacueeID;77;Triage Status;G;EvacueeID;78;Triage Status;G;EvacueeID;82;Triage Status;G;EvacueeID;84;Triage Status;G;EvacueeID;85;Triage Status;G;EvacueeID;88;Triage Status;G;EvacueeID;91;Triage Status;G;EvacueeID;93;Triage Status;G;EvacueeID;94;Triage Status;G;EvacueeID;95;Triage Status;G;EvacueeID;100;Triage Status;G;EvacueeID;106;Triage Status;G;EvacueeID;108;Triage Status;G;EvacueeID;109;Triage Status;G;EvacueeID;112;Triage Status;G;EvacueeID;113;Triage Status;G;EvacueeID;114;Triage Status;G;EvacueeID;122;Triage Status;G;EvacueeID;130;Triage Status;G;EvacueeID;132;Triage Status;G;EvacueeID;136;Triage Status;G;EvacueeID;137;Triage Status;G;EvacueeID;138;Triage Status;G;EvacueeID;139;Triage Status;G;EvacueeID;140;Triage Status;G;EvacueeID;146;Triage Status;G;EvacueeID;147;Triage Status;G;EvacueeID;155;Triage Status;G;EvacueeID;156;Triage Status;G;EvacueeID;158;Triage Status;G;EvacueeID;163;Triage Status;G;EvacueeID;165;Triage Status;G;EvacueeID;166;Triage Status;G;EvacueeID;175;Triage Status;G;EvacueeID;178;Triage Status;G;EvacueeID;179;Triage Status;G;EvacueeID;180;Triage Status;G;EvacueeID;185;Triage Status;G;EvacueeID;186;Triage Status;G;EvacueeID;187;Triage Status;G;EvacueeID;188;Triage Status;G;EvacueeID;189;Triage Status;G;EvacueeID;191;Triage Status;G;EvacueeID;194;Triage Status;G;EvacueeID;196;Triage Status;G;EvacueeID;198;Triage Status;G;EvacueeID;206;Triage Status;G;EvacueeID;207;Triage Status;G;EvacueeID;213;Triage Status;G;EvacueeID;217;Triage Status;G;EvacueeID;218;Triage Status;G;EvacueeID;233;Triage Status;G;EvacueeID;236;Triage Status;G;EvacueeID;237;Triage Status;G;EvacueeID;238;Triage Status;G;EvacueeID;239;Triage Status;G;EvacueeID;242;Triage Status;G;EvacueeID;253;Triage Status;G;EvacueeID;265;Triage Status;G;EvacueeID;268;Triage Status;G;EvacueeID;276;Triage Status;G;EvacueeID;280;Triage Status;G;EvacueeID;281;Triage Status;G;EvacueeID;282;Triage Status;G;EvacueeID;283;Triage Status;G;EvacueeID;284;Triage Status;G;EvacueeID;289;Triage Status;G;EvacueeID;299;Triage Status;G;EvacueeID;300;Triage Status;G;EvacueeID;312;Triage Status;G;EvacueeID;313;Triage Status;G;EvacueeID;316;Triage Status;G;EvacueeID;323;Triage Status;G;EvacueeID;340;Triage Status;G;EvacueeID;341;Triage Status;G;Lives Saved;100
4035,268,evacuee,outFOL,Evacuee 341 in triage category G is not assigned a helicopter
4035,268,evacuee,,Evacuee;341;in triage state;G;is at the FOL
4035,271,evacuee,outFOL,Evacuee 340 in triage category G is not assigned a helicopter
4035,271,evacuee,,Evacuee;340;in triage state;G;is at the FOL
4035,328,evacuee,outFOL,Evacuee 316 in triage category G is not assigned a helicopter
4035,328,evacuee,,Evacuee;316;in triage state;G;is at the FOL
4035,334,evacuee,outFOL,Evacuee 313 in triage category G is not assigned a helicopter
4035,334,evacuee,,Evacuee;313;in triage state;G;is at the FOL
4035,340,evacuee,outFOL,Evacuee 312 in triage category G is not assigned a helicopter
4035,340,evacuee,,Evacuee;312;in triage state;G;is at the FOL
4035,394,evacuee,outFOL,Evacuee 284 in triage category G is not assigned a helicopter
4035,394,evacuee,,Evacuee;284;in triage state;G;is at the FOL
4035,460,evacuee,outFOL,Evacuee 289 in triage category G is not assigned a helicopter
4035,460,evacuee,,Evacuee;289;in triage state;G;is at the FOL
4035,526,evacuee,outFOL,Evacuee 299 in triage category G is not assigned a helicopter
4035,526,evacuee,,Evacuee;299;in triage state;G;is at the FOL
4035,673,evacuee,outFOL,Evacuee 300 in triage category G is not assigned a helicopter
4035,673,evacuee,,Evacuee;300;in triage state;G;is at the FOL
4035,1398,evacuee,outFOL,Evacuee 323 in triage category G is not assigned a helicopter
4035,1398,evacuee,,Evacuee;323;in triage state;G;is at the FOL
4035,223,FOL,,;EvacueeID;7;Triage Status;G;EvacueeID;10;Triage Status;G;EvacueeID;14;Triage Status;G;EvacueeID;16;Triage Status;G;EvacueeID;17;Triage Status;G;EvacueeID;21;Triage Status;G;EvacueeID;27;Triage Status;G;EvacueeID;29;Triage Status;G;EvacueeID;31;Triage Status;G;EvacueeID;35;Triage Status;G;EvacueeID;36;Triage Status;G;EvacueeID;38;Triage Status;G;EvacueeID;42;Triage Status;G;EvacueeID;43;Triage Status;G;EvacueeID;46;Triage Status;G;EvacueeID;47;Triage Status;G;EvacueeID;53;Triage Status;G;EvacueeID;54;Triage Status;G;EvacueeID;56;Triage Status;G;EvacueeID;63;Triage Status;G;EvacueeID;65;Triage Status;G;EvacueeID;68;Triage Status;G;EvacueeID;69;Triage Status;G;EvacueeID;72;Triage Status;G;EvacueeID;73;Triage Status;G;EvacueeID;77;Triage Status;G;EvacueeID;78;Triage Status;G;EvacueeID;82;Triage Status;G;EvacueeID;84;Triage Status;G;EvacueeID;85;Triage Status;G;EvacueeID;88;Triage Status;G;EvacueeID;91;Triage Status;G;EvacueeID;93;Triage Status;G;EvacueeID;94;Triage Status;G;EvacueeID;95;Triage Status;G;EvacueeID;100;Triage Status;G;EvacueeID;106;Triage Status;G;EvacueeID;108;Triage Status;G;EvacueeID;109;Triage Status;G;EvacueeID;112;Triage Status;G;EvacueeID;113;Triage Status;G;EvacueeID;114;Triage Status;G;EvacueeID;122;Triage Status;G;EvacueeID;130;Triage Status;G;EvacueeID;132;Triage Status;G;EvacueeID;136;Triage Status;G;EvacueeID;137;Triage Status;G;EvacueeID;138;Triage Status;G;EvacueeID;139;Triage Status;G;EvacueeID;140;Triage Status;G;EvacueeID;146;Triage Status;G;EvacueeID;147;Triage Status;G;EvacueeID;155;Triage Status;G;EvacueeID;156;Triage Status;G;EvacueeID;158;Triage Status;G;EvacueeID;163;Triage Status;G;EvacueeID;165;Triage Status;G;EvacueeID;166;Triage Status;G;EvacueeID;175;Triage Status;G;EvacueeID;178;Triage Status;G;EvacueeID;179;Triage Status;G;EvacueeID;180;Triage Status;G;EvacueeID;185;Triage Status;G;EvacueeID;186;Triage Status;G;EvacueeID;187;Triage Status;G;EvacueeID;188;Triage Status;G;EvacueeID;189;Triage Status;G;EvacueeID;191;Triage Status;G;EvacueeID;194;Triage Status;G;EvacueeID;196;Triage Status;G;EvacueeID;198;Triage Status;G;EvacueeID;206;Triage Status;G;EvacueeID;207;Triage Status;G;EvacueeID;213;Triage Status;G;EvacueeID;217;Triage Status;G;EvacueeID;218;Triage Status;G;EvacueeID;233;Triage Status;G;EvacueeID;236;Triage Status;G;EvacueeID;237;Triage Status;G;EvacueeID;238;Triage Status;G;EvacueeID;239;Triage Status;G;EvacueeID;242;Triage Status;G;EvacueeID;253;Triage Status;G;EvacueeID;265;Triage Status;G;EvacueeID;268;Triage Status;G;EvacueeID;276;Triage Status;G;EvacueeID;280;Triage Status;G;EvacueeID;281;Triage Status;G;EvacueeID;282;Triage Status;G;EvacueeID;283;Triage Status;G;EvacueeID;284;Triage Status;G;EvacueeID;289;Triage Status;G;EvacueeID;299;Triage Status;G;EvacueeID;300;Triage Status;G;EvacueeID;312;Triage Status;G;EvacueeID;313;Triage Status;G;EvacueeID;316;Triage Status;G;EvacueeID;323;Triage Status;G;EvacueeID;340;Triage Status;G;EvacueeID;341;Triage Status;G;Lives Saved;100
4050,1161,helicopter,,Helicopter;1;Is going to the evacuation site;;and has;0;spots taken
4062.98,3,evacueeManager,,OFF SHIP: White;0;Green;17;Yellow;11;Red;2;Black;350;ON SHIP: White;0;Green;0;Yellow;0;Red;0;Evacuees to Transfer;
4062.98,1317,evacuee,outES,Evacuee 203 in triage category R is not assigned a helicopter
4062.98,1317,evacuee,,Evacuee;203;in triage state;B;is at the evacuation site
4095,7,filterLoc,,
4095,10,filterLoc,,
4095,13,filterLoc,,
4095,16,filterLoc,,
4095,19,filterLoc,,
4095,22,filterLoc,,
4095,25,filterLoc,,
4095,28,filterLoc,,
4095,31,filterLoc,,
4095,34,filterLoc,,
4095,37,filterLoc,,
4095,40,filterLoc,,
4095,43,filterLoc,,
4095,46,filterLoc,,
4095,49,filterLoc,,
4095,52,filterLoc,,
4095,55,filterLoc,,
4095,58,filterLoc,,
4095,61,filterLoc,,
4095,64,filterLoc,,
4095,67,filterLoc,,
4095,70,filterLoc,,
4095,73,filterLoc,,
4095,76,filterLoc,,
4095,79,filterLoc,,
4095,82,filterLoc,,
4095,85,filterLoc,,
4095,88,filterLoc,,
4095,91,filterLoc,,
4095,94,filterLoc,,
4095,97,filterLoc,,
4095,100,filterLoc,,
4095,107,filterLoc,,
4095,110,filterLoc,,
4095,113,filterLoc,,
4095,116,filterLoc,,
4095,119,filterLoc,,
4095,122,filterLoc,,
4095,125,filterLoc,,
4095,128,filterLoc,,
4095,131,filterLoc,,
4095,134,filterLoc,,
4095,137,filterLoc,,
4095,140,filterLoc,,
4095,143,filterLoc,,
4095,146,filterLoc,,
4095,149,filterLoc,,
4095,152,filterLoc,,
4095,155,filterLoc,,
4095,158,filterLoc,,
4095,161,filterLoc,,
4095,164,filterLoc,,
4095,167,filterLoc,,
4095,170,filterLoc,,
4095,173,filterLoc,,
4095,176,filterLoc,,
4095,179,filterLoc,,
4095,182,filterLoc,,
4095,185,filterLoc,,
4095,188,filterLoc,,
4095,191,filterLoc,,
4095,194,filterLoc,,
4095,197,filterLoc,,
4095,200,filterLoc,,
4095,203,filterLoc,,
4095,206,filterLoc,,
4095,209,filterLoc,,
4095,212,filterLoc,,
4095,215,filterLoc,,
4095,218,filterLoc,,
4095,221,filterLoc,,
4095,225,filterLoc,,
4095,228,filterLoc,,
4095,231,filterLoc,,
4095,234,filterLoc,,
4095,237,filterLoc,,
4095,240,filterLoc,,
4095,243,filterLoc,,
4095,246,filterLoc,,
4095,249,filterLoc,,
4095,252,filterLoc,,
4095,255,filterLoc,,;Evacuee;351;in triage category;G;is leaving helicopter;2
4095,258,filterLoc,,;Evacuee;349;in triage category;G;is leaving helicopter;2
4095,261,filterLoc,,;Evacuee;348;in triage category;G;is leaving helicopter;2
4095,264,filterLoc,,;Evacuee;346;in triage category;G;is leaving helicopter;2
4095,267,filterLoc,,
4095,270,filterLoc,,
4095,273,filterLoc,,
4095,276,filterLoc,,
4095,279,filterLoc,,
4095,282,filterLoc,,
4095,285,filterLoc,,
4095,288,filterLoc,,
4095,291,filterLoc,,
4095,294,filterLoc,,
4095,297,filterLoc,,
4095,300,filterLoc,,
4095,303,filterLoc,,
4095,306,filterLoc,,
4095,309,filterLoc,,
4095,312,filterLoc,,
4095,315,filterLoc,,
4095,318,filterLoc,,
4095,321,filterLoc,,
4095,324,filterLoc,,
4095,327,filterLoc,,
4095,330,filterLoc,,
4095,333,filterLoc,,
4095,336,filterLoc,,
4095,339,filterLoc,,
4095,342,filterLoc,,
4095,345,filterLoc,,
4095,348,filterLoc,,
4095,351,filterLoc,,
4095,354,filterLoc,,
4095,357,filterLoc,,
4095,360,filterLoc,,
4095,363,filterLoc,,
4095,366,filterLoc,,
4095,369,filterLoc,,
4095,372,filterLoc,,
4095,375,filterLoc,,
4095,378,filterLoc,,
4095,381,filterLoc,,
4095,384,filterLoc,,
4095,387,filterLoc,,
4095,390,filterLoc,,
4095,393,filterLoc,,
4095,396,filterLoc,,
4095,399,filterLoc,,
4095,402,filterLoc,,
4095,405,filterLoc,,
4095,408,filterLoc,,
4095,411,filterLoc,,
4095,414,filterLoc,,
4095,417,filterLoc,,
4095,420,filterLoc,,
4095,423,filterLoc,,
4095,426,filterLoc,,
4095,429,filterLoc,,
4095,432,filterLoc,,
4095,435,filterLoc,,
4095,438,filterLoc,,
4095,441,filterLoc,,
4095,444,filterLoc,,
4095,447,filterLoc,,
4095,450,filterLoc,,
4095,453,filterLoc,,
4095,456,filterLoc,,
4095,459,filterLoc,,
4095,462,filterLoc,,
4095,465,filterLoc,,
4095,468,filterLoc,,
4095,471,filterLoc,,
4095,474,filterLoc,,
4095,477,filterLoc,,
4095,480,filterLoc,,
4095,483,filterLoc,,
4095,486,filterLoc,,
4095,489,filterLoc,,
4095,492,filterLoc,,
4095,495,filterLoc,,
4095,498,filterLoc,,
4095,501,filterLoc,,
4095,504,filterLoc,,
4095,507,filterLoc,,
4095,510,filterLoc,,
4095,513,filterLoc,,
4095,516,filterLoc,,
4095,519,filterLoc,,
4095,522,filterLoc,,
4095,525,filterLoc,,
4095,528,filterLoc,,
4095,531,filterLoc,,
4095,534,filterLoc,,;Evacuee;358;in triage category;G;is leaving helicopter;2
4095,537,filterLoc,,
4095,540,filterLoc,,
4095,543,filterLoc,,
4095,546,filterLoc,,
4095,549,filterLoc,,
4095,552,filterLoc,,
4095,555,filterLoc,,
4095,558,filterLoc,,
4095,561,filterLoc,,
4095,564,filterLoc,,
4095,567,filterLoc,,
4095,570,filterLoc,,
4095,573,filterLoc,,
4095,576,filterLoc,,
4095,579,filterLoc,,
4095,582,filterLoc,,
4095,585,filterLoc,,
4095,588,filterLoc,,
4095,591,filterLoc,,
4095,594,filterLoc,,
4095,597,filterLoc,,
4095,600,filterLoc,,;Evacuee;361;in triage category;G;is leaving helicopter;2
4095,603,filterLoc,,;Evacuee;342;in triage category;G;is leaving helicopter;2
4095,606,filterLoc,,
4095,609,filterLoc,,
4095,612,filterLoc,,
4095,615,filterLoc,,
4095,618,filterLoc,,
4095,621,filterLoc,,
4095,624,filterLoc,,
4095,627,filterLoc,,
4095,630,filterLoc,,
4095,633,filterLoc,,
4095,636,filterLoc,,
4095,639,filterLoc,,
4095,642,filterLoc,,
4095,645,filterLoc,,
4095,648,filterLoc,,
4095,651,filterLoc,,
4095,654,filterLoc,,
4095,657,filterLoc,,
4095,660,filterLoc,,
4095,663,filterLoc,,;Evacuee;344;in triage category;G;is leaving helicopter;2
4095,666,filterLoc,,
4095,669,filterLoc,,
4095,672,filterLoc,,
4095,675,filterLoc,,
4095,678,filterLoc,,
4095,681,filterLoc,,
4095,684,filterLoc,,
4095,687,filterLoc,,
4095,690,filterLoc,,
4095,693,filterLoc,,
4095,696,filterLoc,,
4095,699,filterLoc,,
4095,702,filterLoc,,
4095,705,filterLoc,,
4095,708,filterLoc,,
4095,711,filterLoc,,
4095,714,filterLoc,,
4095,717,filterLoc,,
4095,720,filterLoc,,
4095,723,filterLoc,,
4095,726,filterLoc,,
4095,729,filterLoc,,
4095,732,filterLoc,,
4095,735,filterLoc,,
4095,738,filterLoc,,
4095,741,filterLoc,,
4095,744,filterLoc,,
4095,747,filterLoc,,
4095,750,filterLoc,,
4095,753,filterLoc,,
4095,756,filterLoc,,
4095,759,filterLoc,,
4095,762,filterLoc,,
4095,765,filterLoc,,
4095,768,filterLoc,,
4095,771,filterLoc,,
4095,774,filterLoc,,
4095,777,filterLoc,,
4095,780,filterLoc,,
4095,783,filterLoc,,
4095,786,filterLoc,,
4095,789,filterLoc,,
4095,792,filterLoc,,
4095,795,filterLoc,,
4095,798,filterLoc,,
4095,801,filterLoc,,
4095,804,filterLoc,,
4095,807,filterLoc,,
4095,810,filterLoc,,
4095,813,filterLoc,,
4095,816,filterLoc,,
4095,819,filterLoc,,
4095,822,filterLoc,,
4095,825,filterLoc,,
4095,828,filterLoc,,
4095,831,filterLoc,,
4095,834,filterLoc,,
4095,837,filterLoc,,
4095,840,filterLoc,,
4095,843,filterLoc,,
4095,846,filterLoc,,
4095,849,filterLoc,,
4095,852,filterLoc,,
4095,855,filterLoc,,
4095,858,filterLoc,,
4095,861,filterLoc,,
4095,864,filterLoc,,;Evacuee;347;in triage category;G;is leaving helicopter;2
4095,867,filterLoc,,
4095,870,filterLoc,,
4095,873,filterLoc,,
4095,876,filterLoc,,
4095,879,filterLoc,,
4095,882,filterLoc,,
4095,885,filterLoc,,
4095,888,filterLoc,,
4095,891,filterLoc,,
4095,894,filterLoc,,
4095,897,filterLoc,,
4095,900,filterLoc,,
4095,903,filterLoc,,
4095,906,filterLoc,,
4095,909,filterLoc,,
4095,912,filterLoc,,
4095,915,filterLoc,,
4095,918,filterLoc,,
4095,921,filterLoc,,
4095,924,filterLoc,,
4095,927,filterLoc,,
4095,930,filterLoc,,
4095,933,filterLoc,,
4095,936,filterLoc,,
4095,939,filterLoc,,
4095,942,filterLoc,,
4095,945,filterLoc,,
4095,948,filterLoc,,
4095,951,filterLoc,,
4095,954,filterLoc,,
4095,957,filterLoc,,
4095,960,filterLoc,,
4095,963,filterLoc,,
4095,966,filterLoc,,
4095,969,filterLoc,,
4095,972,filterLoc,,
4095,975,filterLoc,,
4095,978,filterLoc,,
4095,981,filterLoc,,
4095,984,filterLoc,,
4095,987,filterLoc,,
4095,990,filterLoc,,
4095,993,filterLoc,,
4095,996,filterLoc,,
4095,999,filterLoc,,
4095,1002,filterLoc,,
4095,1005,filterLoc,,
4095,1008,filterLoc,,
4095,1011,filterLoc,,
4095,1014,filterLoc,,
4095,1017,filterLoc,,
4095,1020,filterLoc,,
4095,1023,filterLoc,,
4095,1026,filterLoc,,
4095,1029,filterLoc,,
4095,1032,filterLoc,,
4095,1035,filterLoc,,
4095,1038,filterLoc,,
4095,1041,filterLoc,,
4095,1044,filterLoc,,
4095,1047,filterLoc,,
4095,1050,filterLoc,,
4095,1053,filterLoc,,
4095,1056,filterLoc,,
4095,1059,filterLoc,,
4095,1062,filterLoc,,
4095,1065,filterLoc,,
4095,1068,filterLoc,,
4095,1071,filterLoc,,
4095,1074,filterLoc,,
4095,1077,filterLoc,,
4095,1080,filterLoc,,
4095,1083,filterLoc,,
4095,1086,filterLoc,,
4095,1089,filterLoc,,
4095,1092,filterLoc,,
4095,1095,filterLoc,,
4095,1098,filterLoc,,
4095,1101,filterLoc,,
4095,1104,filterLoc,,
4095,1107,filterLoc,,
4095,1110,filterLoc,,
4095,1113,filterLoc,,
4095,1116,filterLoc,,
4095,1121,helicopter,outEvac,Evacuee 342 in triage category G is not assigned a helicopter
4095,1121,helicopter,outEvac,Evacuee 344 in triage category G is not assigned a helicopter
4095,1121,helicopter,outEvac,Evacuee 346 in triage category G is not assigned a helicopter
4095,1121,helicopter,outEvac,Evacuee 347 in triage category G is not assigned a helicopter
4095,1121,helicopter,outEvac,Evacuee 348 in triage category G is not assigned a helicopter
4095,1121,helicopter,outEvac,Evacuee 349 in triage category G is not assigned a helicopter
4095,1121,helicopter,outEvac,Evacuee 351 in triage category G is not assigned a helicopter
4095,1121,helicopter,outEvac,Evacuee 358 in triage category G is not assigned a helicopter
4095,1121,helicopter,outEvac,Evacuee 361 in triage category G is not assigned a helicopter
4095,1121,helicopter,outEvac,Evacuee 364 in triage category G is not assigned a helicopter
4095,1121,helicopter,,Helicopter;2;is unloading people at the FOL;;and has;0;spots taken
4095,1123,filterLoc,,
4095,1126,filterLoc,,
4095,1129,filterLoc,,
4095,1132,filterLoc,,
4095,1135,filterLoc,,
4095,1138,filterLoc,,
4095,1141,filterLoc,,;Evacuee;364;in triage category;G;is leaving helicopter;2
4095,1144,filterLoc,,
4095,1147,filterLoc,,
4095,1150,filterLoc,,
4095,1153,filterLoc,,
4095,1156,filterLoc,,
4095,1163,filterLoc,,
4095,1166,filterLoc,,
4095,1169,filterLoc,,
4095,1172,filterLoc,,
4095,1175,filterLoc,,
4095,1178,filterLoc,,
4095,1181,filterLoc,,
4095,1184,filterLoc,,
4095,1187,filterLoc,,
4095,1190,filterLoc,,
4095,1193,filterLoc,,
4095,1196,filterLoc,,
4095,1199,filterLoc,,
4095,1202,filterLoc,,
4095,1205,filterLoc,,
4095,1208,filterLoc,,
4095,1211,filterLoc,,
4095,1214,filterLoc,,
4095,1217,filterLoc,,
4095,1220,filterLoc,,
4095,1223,filterLoc,,
4095,1226,filterLoc,,
4095,1229,filterLoc,,
4095,1232,filterLoc,,
4095,1235,filterLoc,,
4095,1238,filterLoc,,
4095,1241,filterLoc,,
4095,1244,filterLoc,,
4095,1247,filterLoc,,
4095,1250,filterLoc,,
4095,1253,filterLoc,,
4095,1256,filterLoc,,
4095,1259,filterLoc,,
4095,1262,filterLoc,,
4095,1265,filterLoc,,
4095,1268,filterLoc,,
4095,1271,filterLoc,,
4095,1274,filterLoc,,
4095,1277,filterLoc,,
4095,1280,filterLoc,,
4095,1283,filterLoc,,
4095,1286,filterLoc,,
4095,1289,filterLoc,,
4095,1292,filterLoc,,
4095,1295,filterLoc,,
4095,1298,filterLoc,,
4095,1301,filterLoc,,
4095,1304,filterLoc,,
4095,1307,filterLoc,,
4095,1310,filterLoc,,
4095,1313,filterLoc,,
4095,1316,filterLoc,,
4095,1319,filterLoc,,
4095,1322,filterLoc,,
4095,1325,filterLoc,,
4095,1328,filterLoc,,
4095,1331,filterLoc,,
4095,1334,filterLoc,,
4095,1337,filterLoc,,
4095,1340,filterLoc,,
4095,1343,filterLoc,,
4095,1346,filterLoc,,
4095,1349,filterLoc,,
4095,1352,filterLoc,,
4095,1355,filterLoc,,
4095,1358,filterLoc,,
4095,1361,filterLoc,,
4095,1364,filterLoc,,
4095,1367,filterLoc,,
4095,1370,filterLoc,,
4095,1373,filterLoc,,
4095,1376,filterLoc,,
4095,1379,filterLoc,,
4095,1382,filterLoc,,
4095,1385,filterLoc,,
4095,1388,filterLoc,,
4095,1391,filterLoc,,
4095,1394,filterLoc,,
4095,1397,filterLoc,,
4095,1400,filterLoc,,
4095,1403,filterLoc,,
4095,1406,filterLoc,,
4095,1409,filterLoc,,
4095,1412,filterLoc,,
4095,1415,filterLoc,,
4095,1418,filterLoc,,
4095,1421,filterLoc,,
4095,1424,filterLoc,,
4095,1427,filterLoc,,
4095,1430,filterLoc,,
4095,1433,filterLoc,,
4095,1436,filterLoc,,
4095,1439,filterLoc,,
4095,1442,filterLoc,,
4095,1445,filterLoc,,
4095,1448,filterLoc,,
4095,1451,filterLoc,,
4095,1454,filterLoc,,
4095,1457,filterLoc,,
4095,1460,filterLoc,,
4095,1463,filterLoc,,
4095,1466,filterLoc,,
4095,1469,filterLoc,,
4095,1472,filterLoc,,
4095,1475,filterLoc,,
4095,1478,filterLoc,,
4095,1481,filterLoc,,
4095,1484,filterLoc,,
4095,1487,filterLoc,,
4095,1490,filterLoc,,
4095,1493,filterLoc,,
4095,1496,filterLoc,,
4095,1499,filterLoc,,
4095,1502,filterLoc,,
4095,1505,filterLoc,,
4095,1508,filterLoc,,
4095,1511,filterLoc,,
4095,1514,filterLoc,,
4095,1517,filterLoc,,
4095,255,filterLoc,out,Evacuee 351 in triage category G is not assigned a helicopter
4095,255,filterLoc,,
4095,256,evacuee,,Evacuee;351;in triage state;G;is entering the FOL
4095,258,filterLoc,out,Evacuee 349 in triage category G is not assigned a helicopter
4095,258,filterLoc,,
4095,259,evacuee,,Evacuee;349;in triage state;G;is entering the FOL
4095,261,filterLoc,out,Evacuee 348 in triage category G is not assigned a helicopter
4095,261,filterLoc,,
4095,262,evacuee,,Evacuee;348;in triage state;G;is entering the FOL
4095,264,filterLoc,out,Evacuee 346 in triage category G is not assigned a helicopter
4095,264,filterLoc,,
4095,265,evacuee,,Evacuee;346;in triage state;G;is entering the FOL
4095,534,filterLoc,out,Evacuee 358 in triage category G is not assigned a helicopter
4095,534,filterLoc,,
4095,535,evacuee,,Evacuee;358;in triage state;G;is entering the FOL
4095,600,filterLoc,out,Evacuee 361 in triage category G is not assigned a helicopter
4095,600,filterLoc,,
4095,601,evacuee,,Evacuee;361;in triage state;G;is entering the FOL
4095,603,filterLoc,out,Evacuee 342 in triage category G is not assigned a helicopter
4095,603,filterLoc,,
4095,604,evacuee,,Evacuee;342;in triage state;G;is entering the FOL
4095,663,filterLoc,out,Evacuee 344 in triage category G is not assigned a helicopter
4095,663,filterLoc,,
4095,664,evacuee,,Evacuee;344;in triage state;G;is entering the FOL
4095,864,filterLoc,out,Evacuee 347 in triage category G is not assigned a helicopter
4095,864,filterLoc,,
4095,865,evacuee,,Evacuee;347;in triage state;G;is entering the FOL
4095,1141,filterLoc,out,Evacuee 364 in triage category G is not assigned a helicopter
4095,1141,filterLoc,,
4095,1142,evacuee,,Evacuee;364;in triage state;G;is entering the FOL
4095,223,FOL,,;EvacueeID;7;Triage Status;G;EvacueeID;10;Triage Status;G;EvacueeID;14;Triage Status;G;EvacueeID;16;Triage Status;G;EvacueeID;17;Triage Status;G;EvacueeID;21;Triage Status;G;EvacueeID;27;Triage Status;G;EvacueeID;29;Triage Status;G;EvacueeID;31;Triage Status;G;EvacueeID;35;Triage Status;G;EvacueeID;36;Triage Status;G;EvacueeID;38;Triage Status;G;EvacueeID;42;Triage Status;G;EvacueeID;43;Triage Status;G;EvacueeID;46;Triage Status;G;EvacueeID;47;Triage Status;G;EvacueeID;53;Triage Status;G;EvacueeID;54;Triage Status;G;EvacueeID;56;Triage Status;G;EvacueeID;63;Triage Status;G;EvacueeID;65;Triage Status;G;EvacueeID;68;Triage Status;G;EvacueeID;69;Triage Status;G;EvacueeID;72;Triage Status;G;EvacueeID;73;Triage Status;G;EvacueeID;77;Triage Status;G;EvacueeID;78;Triage Status;G;EvacueeID;82;Triage Status;G;EvacueeID;84;Triage Status;G;EvacueeID;85;Triage Status;G;EvacueeID;88;Triage Status;G;EvacueeID;91;Triage Status;G;EvacueeID;93;Triage Status;G;EvacueeID;94;Triage Status;G;EvacueeID;95;Triage Status;G;EvacueeID;100;Triage Status;G;EvacueeID;106;Triage Status;G;EvacueeID;108;Triage Status;G;EvacueeID;109;Triage Status;G;EvacueeID;112;Triage Status;G;EvacueeID;113;Triage Status;G;EvacueeID;114;Triage Status;G;EvacueeID;122;Triage Status;G;EvacueeID;130;Triage Status;G;EvacueeID;132;Triage Status;G;EvacueeID;136;Triage Status;G;EvacueeID;137;Triage Status;G;EvacueeID;138;Triage Status;G;EvacueeID;139;Triage Status;G;EvacueeID;140;Triage Status;G;EvacueeID;146;Triage Status;G;EvacueeID;147;Triage Status;G;EvacueeID;155;Triage Status;G;EvacueeID;156;Triage Status;G;EvacueeID;158;Triage Status;G;EvacueeID;163;Triage Status;G;EvacueeID;165;Triage Status;G;EvacueeID;166;Triage Status;G;EvacueeID;175;Triage Status;G;EvacueeID;178;Triage Status;G;EvacueeID;179;Triage Status;G;EvacueeID;180;Triage Status;G;EvacueeID;185;Triage Status;G;EvacueeID;186;Triage Status;G;EvacueeID;187;Triage Status;G;EvacueeID;188;Triage Status;G;EvacueeID;189;Triage Status;G;EvacueeID;191;Triage Status;G;EvacueeID;194;Triage Status;G;EvacueeID;196;Triage Status;G;EvacueeID;198;Triage Status;G;EvacueeID;206;Triage Status;G;EvacueeID;207;Triage Status;G;EvacueeID;213;Triage Status;G;EvacueeID;217;Triage Status;G;EvacueeID;218;Triage Status;G;EvacueeID;233;Triage Status;G;EvacueeID;236;Triage Status;G;EvacueeID;237;Triage Status;G;EvacueeID;238;Triage Status;G;EvacueeID;239;Triage Status;G;EvacueeID;242;Triage Status;G;EvacueeID;253;Triage Status;G;EvacueeID;265;Triage Status;G;EvacueeID;268;Triage Status;G;EvacueeID;276;Triage Status;G;EvacueeID;280;Triage Status;G;EvacueeID;281;Triage Status;G;EvacueeID;282;Triage Status;G;EvacueeID;283;Triage Status;G;EvacueeID;284;Triage Status;G;EvacueeID;289;Triage Status;G;EvacueeID;299;Triage Status;G;EvacueeID;300;Triage Status;G;EvacueeID;312;Triage Status;G;EvacueeID;313;Triage Status;G;EvacueeID;316;Triage Status;G;EvacueeID;323;Triage Status;G;EvacueeID;340;Triage Status;G;EvacueeID;341;Triage Status;G;EvacueeID;342;Triage Status;G;EvacueeID;344;Triage Status;G;EvacueeID;346;Triage Status;G;EvacueeID;347;Triage Status;G;EvacueeID;348;Triage Status;G;EvacueeID;349;Triage Status;G;EvacueeID;351;Triage Status;G;EvacueeID;358;Triage Status;G;EvacueeID;361;Triage Status;G;EvacueeID;364;Triage Status;G;Lives Saved;110
4095,256,evacuee,outFOL,Evacuee 351 in triage category G is not assigned a helicopter
4095,256,evacuee,,Evacuee;351;in triage state;G;is at the FOL
4095,259,evacuee,outFOL,Evacuee 349 in triage category G is not assigned a helicopter
4095,259,evacuee,,Evacuee;349;in triage state;G;is at the FOL
4095,262,evacuee,outFOL,Evacuee 348 in triage category G is not assigned a helicopter
4095,262,evacuee,,Evacuee;348;in triage state;G;is at the FOL
4095,265,evacuee,outFOL,Evacuee 346 in triage category G is not assigned a helicopter
4095,265,evacuee,,Evacuee;346;in triage state;G;is at the FOL
4095,535,evacuee,outFOL,Evacuee 358 in triage category G is not assigned a helicopter
4095,535,evacuee,,Evacuee;358;in triage state;G;is at the FOL
4095,601,evacuee,outFOL,Evacuee 361 in triage category G is not assigned a helicopter
4095,601,evacuee,,Evacuee;361;in triage state;G;is at the FOL
4095,604,evacuee,outFOL,Evacuee 342 in triage category G is not assigned a helicopter
4095,604,evacuee,,Evacuee;342;in triage state;G;is at the FOL
4095,664,evacuee,outFOL,Evacuee 344 in triage category G is not assigned a helicopter
4095,664,evacuee,,Evacuee;344;in triage state;G;is at the FOL
4095,865,evacuee,outFOL,Evacuee 347 in triage category G is not assigned a helicopter
4095,865,evacuee,,Evacuee;347;in triage state;G;is at the FOL
4095,1142,evacuee,outFOL,Evacuee 364 in triage category G is not assigned a helicopter
4095,1142,evacuee,,Evacuee;364;in triage state;G;is at the FOL
4095,223,FOL,,;EvacueeID;7;Triage Status;G;EvacueeID;10;Triage Status;G;EvacueeID;14;Triage Status;G;EvacueeID;16;Triage Status;G;EvacueeID;17;Triage Status;G;EvacueeID;21;Triage Status;G;EvacueeID;27;Triage Status;G;EvacueeID;29;Triage Status;G;EvacueeID;31;Triage Status;G;EvacueeID;35;Triage Status;G;EvacueeID;36;Triage Status;G;EvacueeID;38;Triage Status;G;EvacueeID;42;Triage Status;G;EvacueeID;43;Triage Status;G;EvacueeID;46;Triage Status;G;EvacueeID;47;Triage Status;G;EvacueeID;53;Triage Status;G;EvacueeID;54;Triage Status;G;EvacueeID;56;Triage Status;G;EvacueeID;63;Triage Status;G;EvacueeID;65;Triage Status;G;EvacueeID;68;Triage Status;G;EvacueeID;69;Triage Status;G;EvacueeID;72;Triage Status;G;EvacueeID;73;Triage Status;G;EvacueeID;77;Triage Status;G;EvacueeID;78;Triage Status;G;EvacueeID;82;Triage Status;G;EvacueeID;84;Triage Status;G;EvacueeID;85;Triage Status;G;EvacueeID;88;Triage Status;G;EvacueeID;91;Triage Status;G;EvacueeID;93;Triage Status;G;EvacueeID;94;Triage Status;G;EvacueeID;95;Triage Status;G;EvacueeID;100;Triage Status;G;EvacueeID;106;Triage Status;G;EvacueeID;108;Triage Status;G;EvacueeID;109;Triage Status;G;EvacueeID;112;Triage Status;G;EvacueeID;113;Triage Status;G;EvacueeID;114;Triage Status;G;EvacueeID;122;Triage Status;G;EvacueeID;130;Triage Status;G;EvacueeID;132;Triage Status;G;EvacueeID;136;Triage Status;G;EvacueeID;137;Triage Status;G;EvacueeID;138;Triage Status;G;EvacueeID;139;Triage Status;G;EvacueeID;140;Triage Status;G;EvacueeID;146;Triage Status;G;EvacueeID;147;Triage Status;G;EvacueeID;155;Triage Status;G;EvacueeID;156;Triage Status;G;EvacueeID;158;Triage Status;G;EvacueeID;163;Triage Status;G;EvacueeID;165;Triage Status;G;EvacueeID;166;Triage Status;G;EvacueeID;175;Triage Status;G;EvacueeID;178;Triage Status;G;EvacueeID;179;Triage Status;G;EvacueeID;180;Triage Status;G;EvacueeID;185;Triage Status;G;EvacueeID;186;Triage Status;G;EvacueeID;187;Triage Status;G;EvacueeID;188;Triage Status;G;EvacueeID;189;Triage Status;G;EvacueeID;191;Triage Status;G;EvacueeID;194;Triage Status;G;EvacueeID;196;Triage Status;G;EvacueeID;198;Triage Status;G;EvacueeID;206;Triage Status;G;EvacueeID;207;Triage Status;G;EvacueeID;213;Triage Status;G;EvacueeID;217;Triage Status;G;EvacueeID;218;Triage Status;G;EvacueeID;233;Triage Status;G;EvacueeID;236;Triage Status;G;EvacueeID;237;Triage Status;G;EvacueeID;238;Triage Status;G;EvacueeID;239;Triage Status;G;EvacueeID;242;Triage Status;G;EvacueeID;253;Triage Status;G;EvacueeID;265;Triage Status;G;EvacueeID;268;Triage Status;G;EvacueeID;276;Triage Status;G;EvacueeID;280;Triage Status;G;EvacueeID;281;Triage Status;G;EvacueeID;282;Triage Status;G;EvacueeID;283;Triage Status;G;EvacueeID;284;Triage Status;G;EvacueeID;289;Triage Status;G;EvacueeID;299;Triage Status;G;EvacueeID;300;Triage Status;G;EvacueeID;312;Triage Status;G;EvacueeID;313;Triage Status;G;EvacueeID;316;Triage Status;G;EvacueeID;323;Triage Status;G;EvacueeID;340;Triage Status;G;EvacueeID;341;Triage Status;G;EvacueeID;342;Triage Status;G;EvacueeID;344;Triage Status;G;EvacueeID;346;Triage Status;G;EvacueeID;347;Triage Status;G;EvacueeID;348;Triage Status;G;EvacueeID;349;Triage Status;G;EvacueeID;351;Triage Status;G;EvacueeID;358;Triage Status;G;EvacueeID;361;Triage Status;G;EvacueeID;364;Triage Status;G;Lives Saved;110
4110,1121,helicopter,,Helicopter;2;Is going to the evacuation site;;and has;0;spots taken
4130.99,3,evacueeManager,,OFF SHIP: White;0;Green;17;Yellow;10;Red;3;Black;350;ON SHIP: White;0;Green;0;Yellow;0;Red;0;Evacuees to Transfer;
4130.99,44,evacuee,outES,Evacuee 476 in triage category Y is not assigned a helicopter
4130.99,44,evacuee,,Evacuee;476;in triage state;R;is at the evacuation site
4137.99,3,evacueeManager,,OFF SHIP: White;0;Green;17;Yellow;10;Red;2;Black;351;ON SHIP: White;0;Green;0;Yellow;0;Red;0;Evacuees to Transfer;
4137.99,183,evacuee,outES,Evacuee 430 in triage category R is not assigned a helicopter
4137.99,183,evacuee,,Evacuee;430;in triage state;B;is at the evacuation site
4155,7,filterLoc,,
4155,10,filterLoc,,
4155,13,filterLoc,,
4155,16,filterLoc,,
4155,19,filterLoc,,
4155,22,filterLoc,,
4155,25,filterLoc,,
4155,28,filterLoc,,
4155,31,filterLoc,,
4155,34,filterLoc,,
4155,37,filterLoc,,
4155,40,filterLoc,,
4155,43,filterLoc,,
4155,46,filterLoc,,
4155,49,filterLoc,,
4155,52,filterLoc,,
4155,55,filterLoc,,
4155,58,filterLoc,,
4155,61,filterLoc,,
4155,64,filterLoc,,
4155,67,filterLoc,,
4155,70,filterLoc,,
4155,73,filterLoc,,
4155,76,filterLoc,,
4155,79,filterLoc,,
4155,82,filterLoc,,
4155,85,filterLoc,,
4155,88,filterLoc,,
4155,91,filterLoc,,
4155,94,filterLoc,,
4155,97,filterLoc,,
4155,100,filterLoc,,
4155,105,helicopter,outEvac,Evacuee 367 in triage category G is not assigned a helicopter
4155,105,helicopter,outEvac,Evacuee 373 in triage category G is not assigned a helicopter
4155,105,helicopter,outEvac,Evacuee 380 in triage category G is not assigned a helicopter
4155,105,helicopter,outEvac,Evacuee 381 in triage category G is not assigned a helicopter
4155,105,helicopter,outEvac,Evacuee 382 in triage category G is not assigned a helicopter
4155,105,helicopter,outEvac,Evacuee 405 in triage category G is not assigned a helicopter
4155,105,helicopter,outEvac,Evacuee 407 in triage category G is not assigned a helicopter
4155,105,helicopter,outEvac,Evacuee 411 in triage category G is not assigned a helicopter
4155,105,helicopter,outEvac,Evacuee 414 in triage category G is not assigned a helicopter
4155,105,helicopter,outEvac,Evacuee 417 in triage category G is not assigned a helicopter
4155,105,helicopter,,Helicopter;3;is unloading people at the FOL;;and has;0;spots taken
4155,107,filterLoc,,
4155,110,filterLoc,,
4155,113,filterLoc,,
4155,116,filterLoc,,
4155,119,filterLoc,,
4155,122,filterLoc,,
4155,125,filterLoc,,
4155,128,filterLoc,,;Evacuee;414;in triage category;G;is leaving helicopter;3
4155,131,filterLoc,,;Evacuee;411;in triage category;G;is leaving helicopter;3
4155,134,filterLoc,,
4155,137,filterLoc,,
4155,140,filterLoc,,
4155,143,filterLoc,,
4155,146,filterLoc,,
4155,149,filterLoc,,
4155,152,filterLoc,,
4155,155,filterLoc,,
4155,158,filterLoc,,
4155,161,filterLoc,,
4155,164,filterLoc,,
4155,167,filterLoc,,
4155,170,filterLoc,,
4155,173,filterLoc,,
4155,176,filterLoc,,
4155,179,filterLoc,,
4155,182,filterLoc,,
4155,185,filterLoc,,
4155,188,filterLoc,,
4155,191,filterLoc,,;Evacuee;382;in triage category;G;is leaving helicopter;3
4155,194,filterLoc,,;Evacuee;381;in triage category;G;is leaving helicopter;3
4155,197,filterLoc,,
4155,200,filterLoc,,;Evacuee;380;in triage category;G;is leaving helicopter;3
4155,203,filterLoc,,
4155,206,filterLoc,,
4155,209,filterLoc,,
4155,212,filterLoc,,
4155,215,filterLoc,,
4155,218,filterLoc,,
4155,221,filterLoc,,
4155,225,filterLoc,,
4155,228,filterLoc,,
4155,231,filterLoc,,
4155,234,filterLoc,,
4155,237,filterLoc,,
4155,240,filterLoc,,
4155,243,filterLoc,,
4155,246,filterLoc,,
4155,249,filterLoc,,
4155,252,filterLoc,,
4155,255,filterLoc,,
4155,258,filterLoc,,
4155,261,filterLoc,,
4155,264,filterLoc,,
4155,267,filterLoc,,
4155,270,filterLoc,,
4155,273,filterLoc,,
4155,276,filterLoc,,
4155,279,filterLoc,,
4155,282,filterLoc,,
4155,285,filterLoc,,
4155,288,filterLoc,,
4155,291,filterLoc,,
4155,294,filterLoc,,
4155,297,filterLoc,,
4155,300,filterLoc,,
4155,303,filterLoc,,
4155,306,filterLoc,,
4155,309,filterLoc,,
4155,312,filterLoc,,
4155,315,filterLoc,,
4155,318,filterLoc,,
4155,321,filterLoc,,
4155,324,filterLoc,,
4155,327,filterLoc,,
4155,330,filterLoc,,
4155,333,filterLoc,,
4155,336,filterLoc,,
4155,339,filterLoc,,
4155,342,filterLoc,,
4155,345,filterLoc,,
4155,348,filterLoc,,
4155,351,filterLoc,,
4155,354,filterLoc,,
4155,357,filterLoc,,
4155,360,filterLoc,,
4155,363,filterLoc,,
4155,366,filterLoc,,
4155,369,filterLoc,,
4155,372,filterLoc,,
4155,375,filterLoc,,
4155,378,filterLoc,,
4155,381,filterLoc,,
4155,384,filterLoc,,
4155,387,filterLoc,,
4155,390,filterLoc,,
4155,393,filterLoc,,
4155,396,filterLoc,,
4155,399,filterLoc,,
4155,402,filterLoc,,
4155,405,filterLoc,,
4155,408,filterLoc,,
4155,411,filterLoc,,
4155,414,filterLoc,,
4155,417,filterLoc,,
4155,420,filterLoc,,
4155,423,filterLoc,,
4155,426,filterLoc,,
4155,429,filterLoc,,
4155,432,filterLoc,,
4155,435,filterLoc,,
4155,438,filterLoc,,
4155,441,filterLoc,,
4155,444,filterLoc,,
4155,447,filterLoc,,
4155,450,filterLoc,,
4155,453,filterLoc,,
4155,456,filterLoc,,
4155,459,filterLoc,,
4155,462,filterLoc,,
4155,465,filterLoc,,
4155,468,filterLoc,,
4155,471,filterLoc,,
4155,474,filterLoc,,
4155,477,filterLoc,,
4155,480,filterLoc,,
4155,483,filterLoc,,
4155,486,filterLoc,,
4155,489,filterLoc,,
4155,492,filterLoc,,
4155,495,filterLoc,,
4155,498,filterLoc,,
4155,501,filterLoc,,
4155,504,filterLoc,,
4155,507,filterLoc,,
4155,510,filterLoc,,
4155,513,filterLoc,,
4155,516,filterLoc,,
4155,519,filterLoc,,
4155,522,filterLoc,,
4155,525,filterLoc,,
4155,528,filterLoc,,
4155,531,filterLoc,,;Evacuee;373;in triage category;G;is leaving helicopter;3
4155,534,filterLoc,,
4155,537,filterLoc,,
4155,540,filterLoc,,
4155,543,filterLoc,,
4155,546,filterLoc,,
4155,549,filterLoc,,
4155,552,filterLoc,,
4155,555,filterLoc,,
4155,558,filterLoc,,
4155,561,filterLoc,,
4155,564,filterLoc,,
4155,567,filterLoc,,
4155,570,filterLoc,,
4155,573,filterLoc,,
4155,576,filterLoc,,
4155,579,filterLoc,,
4155,582,filterLoc,,
4155,585,filterLoc,,
4155,588,filterLoc,,
4155,591,filterLoc,,
4155,594,filterLoc,,
4155,597,filterLoc,,
4155,600,filterLoc,,
4155,603,filterLoc,,
4155,606,filterLoc,,
4155,609,filterLoc,,
4155,612,filterLoc,,
4155,615,filterLoc,,
4155,618,filterLoc,,
4155,621,filterLoc,,
4155,624,filterLoc,,
4155,627,filterLoc,,
4155,630,filterLoc,,
4155,633,filterLoc,,
4155,636,filterLoc,,
4155,639,filterLoc,,
4155,642,filterLoc,,
4155,645,filterLoc,,
4155,648,filterLoc,,
4155,651,filterLoc,,
4155,654,filterLoc,,
4155,657,filterLoc,,
4155,660,filterLoc,,
4155,663,filterLoc,,
4155,666,filterLoc,,
4155,669,filterLoc,,
4155,672,filterLoc,,
4155,675,filterLoc,,
4155,678,filterLoc,,
4155,681,filterLoc,,
4155,684,filterLoc,,
4155,687,filterLoc,,
4155,690,filterLoc,,
4155,693,filterLoc,,
4155,696,filterLoc,,
4155,699,filterLoc,,
4155,702,filterLoc,,
4155,705,filterLoc,,
4155,708,filterLoc,,
4155,711,filterLoc,,
4155,714,filterLoc,,
4155,717,filterLoc,,
4155,720,filterLoc,,
4155,723,filterLoc,,
4155,726,filterLoc,,
4155,729,filterLoc,,
4155,732,filterLoc,,
4155,735,filterLoc,,
4155,738,filterLoc,,
4155,741,filterLoc,,
4155,744,filterLoc,,
4155,747,filterLoc,,
4155,750,filterLoc,,
4155,753,filterLoc,,
4155,756,filterLoc,,
4155,759,filterLoc,,
4155,762,filterLoc,,
4155,765,filterLoc,,
4155,768,filterLoc,,
4155,771,filterLoc,,
4155,774,filterLoc,,
4155,777,filterLoc,,
4155,780,filterLoc,,
4155,783,filterLoc,,
4155,786,filterLoc,,
4155,789,filterLoc,,
4155,792,filterLoc,,
4155,795,filterLoc,,
4155,798,filterLoc,,
4155,801,filterLoc,,
4155,804,filterLoc,,
4155,807,filterLoc,,
4155,810,filterLoc,,
4155,813,filterLoc,,
4155,816,filterLoc,,
4155,819,filterLoc,,
4155,822,filterLoc,,
4155,825,filterLoc,,
4155,828,filterLoc,,
4155,831,filterLoc,,
4155,834,filterLoc,,
4155,837,filterLoc,,
4155,840,filterLoc,,
4155,843,filterLoc,,
4155,846,filterLoc,,
4155,849,filterLoc,,
4155,852,filterLoc,,
4155,855,filterLoc,,
4155,858,filterLoc,,
4155,861,filterLoc,,
4155,864,filterLoc,,
4155,867,filterLoc,,
4155,870,filterLoc,,
4155,873,filterLoc,,
4155,876,filterLoc,,
4155,879,filterLoc,,
4155,882,filterLoc,,
4155,885,filterLoc,,
4155,888,filterLoc,,
4155,891,filterLoc,,
4155,894,filterLoc,,
4155,897,filterLoc,,
4155,900,filterLoc,,
4155,903,filterLoc,,
4155,906,filterLoc,,
4155,909,filterLoc,,
4155,912,filterLoc,,
4155,915,filterLoc,,
4155,918,filterLoc,,
4155,921,filterLoc,,
4155,924,filterLoc,,;Evacuee;407;in triage category;G;is leaving helicopter;3
4155,927,filterLoc,,
4155,930,filterLoc,,
4155,933,filterLoc,,
4155,936,filterLoc,,
4155,939,filterLoc,,
4155,942,filterLoc,,
4155,945,filterLoc,,
4155,948,filterLoc,,
4155,951,filterLoc,,
4155,954,filterLoc,,
4155,957,filterLoc,,
4155,960,filterLoc,,
4155,963,filterLoc,,
4155,966,filterLoc,,
4155,969,filterLoc,,
4155,972,filterLoc,,
4155,975,filterLoc,,
4155,978,filterLoc,,
4155,981,filterLoc,,
4155,984,filterLoc,,
4155,987,filterLoc,,
4155,990,filterLoc,,;Evacuee;405;in triage category;G;is leaving helicopter;3
4155,993,filterLoc,,
4155,996,filterLoc,,
4155,999,filterLoc,,
4155,1002,filterLoc,,
4155,1005,filterLoc,,
4155,1008,filterLoc,,
4155,1011,filterLoc,,
4155,1014,filterLoc,,
4155,1017,filterLoc,,
4155,1020,filterLoc,,
4155,1023,filterLoc,,
4155,1026,filterLoc,,
4155,1029,filterLoc,,
4155,1032,filterLoc,,
4155,1035,filterLoc,,
4155,1038,filterLoc,,
4155,1041,filterLoc,,
4155,1044,filterLoc,,
4155,1047,filterLoc,,
4155,1050,filterLoc,,
4155,1053,filterLoc,,
4155,1056,filterLoc,,
4155,1059,filterLoc,,
4155,1062,filterLoc,,
4155,1065,filterLoc,,
4155,1068,filterLoc,,
4155,1071,filterLoc,,
4155,1074,filterLoc,,
4155,1077,filterLoc,,
4155,1080,filterLoc,,
4155,1083,filterLoc,,
4155,1086,filterLoc,,
4155,1089,filterLoc,,
4155,1092,filterLoc,,
4155,1095,filterLoc,,
4155,1098,filterLoc,,
4155,1101,filterLoc,,
4155,1104,filterLoc,,
4155,1107,filterLoc,,
4155,1110,filterLoc,,
4155,1113,filterLoc,,
4155,1116,filterLoc,,
4155,1123,filterLoc,,
4155,1126,filterLoc,,
4155,1129,filterLoc,,
4155,1132,filterLoc,,
4155,1135,filterLoc,,
4155,1138,filterLoc,,;Evacuee;367;in triage category;G;is leaving helicopter;3
4155,1141,filterLoc,,
4155,1144,filterLoc,,
4155,1147,filterLoc,,
4155,1150,filterLoc,,
4155,1153,filterLoc,,
4155,1156,filterLoc,,
4155,1163,filterLoc,,
4155,1166,filterLoc,,
4155,1169,filterLoc,,
4155,1172,filterLoc,,
4155,1175,filterLoc,,
4155,1178,filterLoc,,
4155,1181,filterLoc,,
4155,1184,filterLoc,,
4155,1187,filterLoc,,
4155,1190,filterLoc,,
4155,1193,filterLoc,,
4155,1196,filterLoc,,
4155,1199,filterLoc,,
4155,1202,filterLoc,,
4155,1205,filterLoc,,
4155,1208,filterLoc,,
4155,1211,filterLoc,,
4155,1214,filterLoc,,
4155,1217,filterLoc,,
4155,1220,filterLoc,,
4155,1223,filterLoc,,
4155,1226,filterLoc,,
4155,1229,filterLoc,,
4155,1232,filterLoc,,
4155,1235,filterLoc,,
4155,1238,filterLoc,,
4155,1241,filterLoc,,
4155,1244,filterLoc,,
4155,1247,filterLoc,,
4155,1250,filterLoc,,
4155,1253,filterLoc,,
4155,1256,filterLoc,,
4155,1259,filterLoc,,
4155,1262,filterLoc,,
4155,1265,filterLoc,,
4155,1268,filterLoc,,
4155,1271,filterLoc,,
4155,1274,filterLoc,,
4155,1277,filterLoc,,
4155,1280,filterLoc,,
4155,1283,filterLoc,,
4155,1286,filterLoc,,
4155,1289,filterLoc,,
4155,1292,filterLoc,,
4155,1295,filterLoc,,
4155,1298,filterLoc,,
4155,1301,filterLoc,,
4155,1304,filterLoc,,
4155,1307,filterLoc,,
4155,1310,filterLoc,,
4155,1313,filterLoc,,
4155,1316,filterLoc,,
4155,1319,filterLoc,,
4155,1322,filterLoc,,
4155,1325,filterLoc,,
4155,1328,filterLoc,,
4155,1331,filterLoc,,
4155,1334,filterLoc,,;Evacuee;417;in triage category;G;is leaving helicopter;3
4155,1337,filterLoc,,
4155,1340,filterLoc,,
4155,1343,filterLoc,,
4155,1346,filterLoc,,
4155,1349,filterLoc,,
4155,1352,filterLoc,,
4155,1355,filterLoc,,
4155,1358,filterLoc,,
4155,1361,filterLoc,,
4155,1364,filterLoc,,
4155,1367,filterLoc,,
4155,1370,filterLoc,,
4155,1373,filterLoc,,
4155,1376,filterLoc,,
4155,1379,filterLoc,,
4155,1382,filterLoc,,
4155,1385,filterLoc,,
4155,1388,filterLoc,,
4155,1391,filterLoc,,
4155,1394,filterLoc,,
4155,1397,filterLoc,,
4155,1400,filterLoc,,
4155,1403,filterLoc,,
4155,1406,filterLoc,,
4155,1409,filterLoc,,
4155,1412,filterLoc,,
4155,1415,filterLoc,,
4155,1418,filterLoc,,
4155,1421,filterLoc,,
4155,1424,filterLoc,,
4155,1427,filterLoc,,
4155,1430,filterLoc,,
4155,1433,filterLoc,,
4155,1436,filterLoc,,
4155,1439,filterLoc,,
4155,1442,filterLoc,,
4155,1445,filterLoc,,
4155,1448,filterLoc,,
4155,1451,filterLoc,,
4155,1454,filterLoc,,
4155,1457,filterLoc,,
4155,1460,filterLoc,,
4155,1463,filterLoc,,
4155,1466,filterLoc,,
4155,1469,filterLoc,,
4155,1472,filterLoc,,
4155,1475,filterLoc,,
4155,1478,filterLoc,,
4155,1481,filterLoc,,
4155,1484,filterLoc,,
4155,1487,filterLoc,,
4155,1490,filterLoc,,
4155,1493,filterLoc,,
4155,1496,filterLoc,,
4155,1499,filterLoc,,
4155,1502,filterLoc,,
4155,1505,filterLoc,,
4155,1508,filterLoc,,
4155,1511,filterLoc,,
4155,1514,filterLoc,,
4155,1517,filterLoc,,
4155,128,filterLoc,out,Evacuee 414 in triage category G is not assigned a helicopter
4155,128,filterLoc,,
4155,129,evacuee,,Evacuee;414;in triage state;G;is entering the FOL
4155,131,filterLoc,out,Evacuee 411 in triage category G is not assigned a helicopter
4155,131,filterLoc,,
4155,132,evacuee,,Evacuee;411;in triage state;G;is entering the FOL
4155,191,filterLoc,out,Evacuee 382 in triage category G is not assigned a helicopter
4155,191,filterLoc,,
4155,192,evacuee,,Evacuee;382;in triage state;G;is entering the FOL
4155,194,filterLoc,out,Evacuee 381 in triage category G is not assigned a helicopter
4155,194,filterLoc,,
4155,195,evacuee,,Evacuee;381;in triage state;G;is entering the FOL
4155,200,filterLoc,out,Evacuee 380 in triage category G is not assigned a helicopter
4155,200,filterLoc,,
4155,201,evacuee,,Evacuee;380;in triage state;G;is entering the FOL
4155,531,filterLoc,out,Evacuee 373 in triage category G is not assigned a helicopter
4155,531,filterLoc,,
4155,532,evacuee,,Evacuee;373;in triage state;G;is entering the FOL
4155,924,filterLoc,out,Evacuee 407 in triage category G is not assigned a helicopter
4155,924,filterLoc,,
4155,925,evacuee,,Evacuee;407;in triage state;G;is entering the FOL
4155,990,filterLoc,out,Evacuee 405 in triage category G is not assigned a helicopter
4155,990,filterLoc,,
4155,991,evacuee,,Evacuee;405;in triage state;G;is entering the FOL
4155,1138,filterLoc,out,Evacuee 367 in triage category G is not assigned a helicopter
4155,1138,filterLoc,,
4155,1139,evacuee,,Evacuee;367;in triage state;G;is entering the FOL
4155,1334,filterLoc,out,Evacuee 417 in triage category G is not assigned a helicopter
4155,1334,filterLoc,,
4155,1335,evacuee,,Evacuee;417;in triage state;G;is entering the FOL
4155,129,evacuee,outFOL,Evacuee 414 in triage category G is not assigned a helicopter
4155,129,evacuee,,Evacuee;414;in triage state;G;is at the FOL
4155,132,evacuee,outFOL,Evacuee 411 in triage category G is not assigned a helicopter
4155,132,evacuee,,Evacuee;411;in triage state;G;is at the FOL
4155,192,evacuee,outFOL,Evacuee 382 in triage category G is not assigned a helicopter
4155,192,evacuee,,Evacuee;382;in triage state;G;is at the FOL
4155,195,evacuee,outFOL,Evacuee 381 in triage category G is not assigned a helicopter
4155,195,evacuee,,Evacuee;381;in triage state;G;is at the FOL
4155,201,evacuee,outFOL,Evacuee 380 in triage category G is not assigned a helicopter
4155,201,evacuee,,Evacuee;380;in triage state;G;is at the FOL
4155,223,FOL,,;EvacueeID;7;Triage Status;G;EvacueeID;10;Triage Status;G;EvacueeID;14;Triage Status;G;EvacueeID;16;Triage Status;G;EvacueeID;17;Triage Status;G;EvacueeID;21;Triage Status;G;EvacueeID;27;Triage Status;G;EvacueeID;29;Triage Status;G;EvacueeID;31;Triage Status;G;EvacueeID;35;Triage Status;G;EvacueeID;36;Triage Status;G;EvacueeID;38;Triage Status;G;EvacueeID;42;Triage Status;G;EvacueeID;43;Triage Status;G;EvacueeID;46;Triage Status;G;EvacueeID;47;Triage Status;G;EvacueeID;53;Triage Status;G;EvacueeID;54;Triage Status;G;EvacueeID;56;Triage Status;G;EvacueeID;63;Triage Status;G;EvacueeID;65;Triage Status;G;EvacueeID;68;Triage Status;G;EvacueeID;69;Triage Status;G;EvacueeID;72;Triage Status;G;EvacueeID;73;Triage Status;G;EvacueeID;77;Triage Status;G;EvacueeID;78;Triage Status;G;EvacueeID;82;Triage Status;G;EvacueeID;84;Triage Status;G;EvacueeID;85;Triage Status;G;EvacueeID;88;Triage Status;G;EvacueeID;91;Triage Status;G;EvacueeID;93;Triage Status;G;EvacueeID;94;Triage Status;G;EvacueeID;95;Triage Status;G;EvacueeID;100;Triage Status;G;EvacueeID;106;Triage Status;G;EvacueeID;108;Triage Status;G;EvacueeID;109;Triage Status;G;EvacueeID;112;Triage Status;G;EvacueeID;113;Triage Status;G;EvacueeID;114;Triage Status;G;EvacueeID;122;Triage Status;G;EvacueeID;130;Triage Status;G;EvacueeID;132;Triage Status;G;EvacueeID;136;Triage Status;G;EvacueeID;137;Triage Status;G;EvacueeID;138;Triage Status;G;EvacueeID;139;Triage Status;G;EvacueeID;140;Triage Status;G;EvacueeID;146;Triage Status;G;EvacueeID;147;Triage Status;G;EvacueeID;155;Triage Status;G;EvacueeID;156;Triage Status;G;EvacueeID;158;Triage Status;G;EvacueeID;163;Triage Status;G;EvacueeID;165;Triage Status;G;EvacueeID;166;Triage Status;G;EvacueeID;175;Triage Status;G;EvacueeID;178;Triage Status;G;EvacueeID;179;Triage Status;G;EvacueeID;180;Triage Status;G;EvacueeID;185;Triage Status;G;EvacueeID;186;Triage Status;G;EvacueeID;187;Triage Status;G;EvacueeID;188;Triage Status;G;EvacueeID;189;Triage Status;G;EvacueeID;191;Triage Status;G;EvacueeID;194;Triage Status;G;EvacueeID;196;Triage Status;G;EvacueeID;198;Triage Status;G;EvacueeID;206;Triage Status;G;EvacueeID;207;Triage Status;G;EvacueeID;213;Triage Status;G;EvacueeID;217;Triage Status;G;EvacueeID;218;Triage Status;G;EvacueeID;233;Triage Status;G;EvacueeID;236;Triage Status;G;EvacueeID;237;Triage Status;G;EvacueeID;238;Triage Status;G;EvacueeID;239;Triage Status;G;EvacueeID;242;Triage Status;G;EvacueeID;253;Triage Status;G;EvacueeID;265;Triage Status;G;EvacueeID;268;Triage Status;G;EvacueeID;276;Triage Status;G;EvacueeID;280;Triage Status;G;EvacueeID;281;Triage Status;G;EvacueeID;282;Triage Status;G;EvacueeID;283;Triage Status;G;EvacueeID;284;Triage Status;G;EvacueeID;289;Triage Status;G;EvacueeID;299;Triage Status;G;EvacueeID;300;Triage Status;G;EvacueeID;312;Triage Status;G;EvacueeID;313;Triage Status;G;EvacueeID;316;Triage Status;G;EvacueeID;323;Triage Status;G;EvacueeID;340;Triage Status;G;EvacueeID;341;Triage Status;G;EvacueeID;342;Triage Status;G;EvacueeID;344;Triage Status;G;EvacueeID;346;Triage Status;G;EvacueeID;347;Triage Status;G;EvacueeID;348;Triage Status;G;EvacueeID;349;Triage Status;G;EvacueeID;351;Triage Status;G;EvacueeID;358;Triage Status;G;EvacueeID;361;Triage Status;G;EvacueeID;364;Triage Status;G;EvacueeID;367;Triage Status;G;EvacueeID;373;Triage Status;G;EvacueeID;380;Triage Status;G;EvacueeID;381;Triage Status;G;EvacueeID;382;Triage Status;G;EvacueeID;405;Triage Status;G;EvacueeID;407;Triage Status;G;EvacueeID;411;Triage Status;G;EvacueeID;414;Triage Status;G;EvacueeID;417;Triage Status;G;Lives Saved;120
4155,532,evacuee,outFOL,Evacuee 373 in triage category G is not assigned a helicopter
4155,532,evacuee,,Evacuee;373;in triage state;G;is at the FOL
4155,925,evacuee,outFOL,Evacuee 407 in triage category G is not assigned a helicopter
4155,925,evacuee,,Evacuee;407;in triage state;G;is at the FOL
4155,991,evacuee,outFOL,Evacuee 405 in triage category G is not assigned a helicopter
4155,991,evacuee,,Evacuee;405;in triage state;G;is at the FOL
4155,1139,evacuee,outFOL,Evacuee 367 in triage category G is not assigned a helicopter
4155,1139,evacuee,,Evacuee;367;in triage state;G;is at the FOL
4155,1335,evacuee,outFOL,Evacuee 417 in triage category G is not assigned a helicopter
4155,1335,evacuee,,Evacuee;417;in triage state;G;is at the FOL
4155,223,FOL,,;EvacueeID;7;Triage Status;G;EvacueeID;10;Triage Status;G;EvacueeID;14;Triage Status;G;EvacueeID;16;Triage Status;G;EvacueeID;17;Triage Status;G;EvacueeID;21;Triage Status;G;EvacueeID;27;Triage Status;G;EvacueeID;29;Triage Status;G;EvacueeID;31;Triage Status;G;EvacueeID;35;Triage Status;G;EvacueeID;36;Triage Status;G;EvacueeID;38;Triage Status;G;EvacueeID;42;Triage Status;G;EvacueeID;43;Triage Status;G;EvacueeID;46;Triage Status;G;EvacueeID;47;Triage Status;G;EvacueeID;53;Triage Status;G;EvacueeID;54;Triage Status;G;EvacueeID;56;Triage Status;G;EvacueeID;63;Triage Status;G;EvacueeID;65;Triage Status;G;EvacueeID;68;Triage Status;G;EvacueeID;69;Triage Status;G;EvacueeID;72;Triage Status;G;EvacueeID;73;Triage Status;G;EvacueeID;77;Triage Status;G;EvacueeID;78;Triage Status;G;EvacueeID;82;Triage Status;G;EvacueeID;84;Triage Status;G;EvacueeID;85;Triage Status;G;EvacueeID;88;Triage Status;G;EvacueeID;91;Triage Status;G;EvacueeID;93;Triage Status;G;EvacueeID;94;Triage Status;G;EvacueeID;95;Triage Status;G;EvacueeID;100;Triage Status;G;EvacueeID;106;Triage Status;G;EvacueeID;108;Triage Status;G;EvacueeID;109;Triage Status;G;EvacueeID;112;Triage Status;G;EvacueeID;113;Triage Status;G;EvacueeID;114;Triage Status;G;EvacueeID;122;Triage Status;G;EvacueeID;130;Triage Status;G;EvacueeID;132;Triage Status;G;EvacueeID;136;Triage Status;G;EvacueeID;137;Triage Status;G;EvacueeID;138;Triage Status;G;EvacueeID;139;Triage Status;G;EvacueeID;140;Triage Status;G;EvacueeID;146;Triage Status;G;EvacueeID;147;Triage Status;G;EvacueeID;155;Triage Status;G;EvacueeID;156;Triage Status;G;EvacueeID;158;Triage Status;G;EvacueeID;163;Triage Status;G;EvacueeID;165;Triage Status;G;EvacueeID;166;Triage Status;G;EvacueeID;175;Triage Status;G;EvacueeID;178;Triage Status;G;EvacueeID;179;Triage Status;G;EvacueeID;180;Triage Status;G;EvacueeID;185;Triage Status;G;EvacueeID;186;Triage Status;G;EvacueeID;187;Triage Status;G;EvacueeID;188;Triage Status;G;EvacueeID;189;Triage Status;G;EvacueeID;191;Triage Status;G;EvacueeID;194;Triage Status;G;EvacueeID;196;Triage Status;G;EvacueeID;198;Triage Status;G;EvacueeID;206;Triage Status;G;EvacueeID;207;Triage Status;G;EvacueeID;213;Triage Status;G;EvacueeID;217;Triage Status;G;EvacueeID;218;Triage Status;G;EvacueeID;233;Triage Status;G;EvacueeID;236;Triage Status;G;EvacueeID;237;Triage Status;G;EvacueeID;238;Triage Status;G;EvacueeID;239;Triage Status;G;EvacueeID;242;Triage Status;G;EvacueeID;253;Triage Status;G;EvacueeID;265;Triage Status;G;EvacueeID;268;Triage Status;G;EvacueeID;276;Triage Status;G;EvacueeID;280;Triage Status;G;EvacueeID;281;Triage Status;G;EvacueeID;282;Triage Status;G;EvacueeID;283;Triage Status;G;EvacueeID;284;Triage Status;G;EvacueeID;289;Triage Status;G;EvacueeID;299;Triage Status;G;EvacueeID;300;Triage Status;G;EvacueeID;312;Triage Status;G;EvacueeID;313;Triage Status;G;EvacueeID;316;Triage Status;G;EvacueeID;323;Triage Status;G;EvacueeID;340;Triage Status;G;EvacueeID;341;Triage Status;G;EvacueeID;342;Triage Status;G;EvacueeID;344;Triage Status;G;EvacueeID;346;Triage Status;G;EvacueeID;347;Triage Status;G;EvacueeID;348;Triage Status;G;EvacueeID;349;Triage Status;G;EvacueeID;351;Triage Status;G;EvacueeID;358;Triage Status;G;EvacueeID;361;Triage Status;G;EvacueeID;364;Triage Status;G;EvacueeID;367;Triage Status;G;EvacueeID;373;Triage Status;G;EvacueeID;380;Triage Status;G;EvacueeID;381;Triage Status;G;EvacueeID;382;Triage Status;G;EvacueeID;405;Triage Status;G;EvacueeID;407;Triage Status;G;EvacueeID;411;Triage Status;G;EvacueeID;414;Triage Status;G;EvacueeID;417;Triage Status;G;Lives Saved;120
4162.08,3,evacueeManager,,OFF SHIP: White;0;Green;17;Yellow;10;Red;1;Black;352;ON SHIP: White;0;Green;0;Yellow;0;Red;0;Evacuees to Transfer;
4162.08,910,evacuee,outES,Evacuee 157 in triage category R is not assigned a helicopter
4162.08,910,evacuee,,Evacuee;157;in triage state;B;is at the evacuation site
4170,105,helicopter,,Helicopter;3;Is going to the evacuation site;;and has;0;spots taken
4170.1,3,evacueeManager,,OFF SHIP: White;0;Green;16;Yellow;11;Red;1;Black;352;ON SHIP: White;0;Green;0;Yellow;0;Red;0;Evacuees to Transfer;
4170.1,325,evacuee,outES,Evacuee 460 in triage category G is not assigned a helicopter
4170.1,325,evacuee,,Evacuee;460;in triage state;Y;is at the evacuation site
4178.88,3,evacueeManager,,OFF SHIP: White;0;Green;16;Yellow;11;Red;0;Black;353;ON SHIP: White;0;Green;0;Yellow;0;Red;0;Evacuees to Transfer;
4178.88,44,evacuee,outES,Evacuee 476 in triage category R is not assigned a helicopter
4178.88,44,evacuee,,Evacuee;476;in triage state;B;is at the evacuation site
4200,5,helicopterQueue,,1;Helos are waiting to land;HeloID;1
4200,1161,helicopter,outES,Helicopter 1 is evacuating people1
4200,1161,helicopter,,Helicopter;1;is waiting to land at the evacuation site;;and has;0;spots taken
4200,4,helipadManager,,;No helos are at ES
4200,5,helicopterQueue,outHM,Helicopter 1 is evacuating people1
4200,5,helicopterQueue,outHelo,Helicopter 1 is evacuating people1
4200,5,helicopterQueue,,;No helos are waiting to land
4200,104,filterES,,
4200,1120,filterES,,
4200,1160,filterES,,Helicopter;1;is evacuating people
4200,3,evacueeManager,,OFF SHIP: White;0;Green;6;Yellow;11;Red;0;Black;353;ON SHIP: White;0;Green;0;Yellow;0;Red;0;Evacuees to Transfer;;EvacueeID;419;HeloID;1;OnShip;0;Triage Status;G;EvacueeID;420;HeloID;1;OnShip;0;Triage Status;G;EvacueeID;422;HeloID;1;OnShip;0;Triage Status;G;EvacueeID;423;HeloID;1;OnShip;0;Triage Status;G;EvacueeID;427;HeloID;1;OnShip;0;Triage Status;G;EvacueeID;438;HeloID;1;OnShip;0;Triage Status;G;EvacueeID;443;HeloID;1;OnShip;0;Triage Status;G;EvacueeID;446;HeloID;1;OnShip;0;Triage Status;G;EvacueeID;447;HeloID;1;OnShip;0;Triage Status;G;EvacueeID;449;HeloID;1;OnShip;0;Triage Status;G
4200,4,helipadManager,outEM,Helicopter 1 is evacuating people1
4200,4,helipadManager,,Helo;1;is at the ES
4200,1160,filterES,out,Helicopter 1 is evacuating people1
4200,1160,filterES,,
4200,1161,helicopter,,Helicopter;1;is waiting to land at the evacuation site;;and has;0;spots taken
4200,3,evacueeManager,outEvac,Evacuee 419 in triage category G is assigned helicopter 1
4200,3,evacueeManager,outEvac,Evacuee 420 in triage category G is assigned helicopter 1
4200,3,evacueeManager,outEvac,Evacuee 422 in triage category G is assigned helicopter 1
4200,3,evacueeManager,outEvac,Evacuee 423 in triage category G is assigned helicopter 1
4200,3,evacueeManager,outEvac,Evacuee 427 in triage category G is assigned helicopter 1
4200,3,evacueeManager,outEvac,Evacuee 438 in triage category G is assigned helicopter 1
4200,3,evacueeManager,outEvac,Evacuee 443 in triage category G is assigned helicopter 1
4200,3,evacueeManager,outEvac,Evacuee 446 in triage category G is assigned helicopter 1
4200,3,evacueeManager,outEvac,Evacuee 447 in triage category G is assigned helicopter 1
4200,3,evacueeManager,outEvac,Evacuee 449 in triage category G is assigned helicopter 1
4200,3,evacueeManager,,OFF SHIP: White;0;Green;6;Yellow;11;Red;0;Black;353;ON SHIP: White;0;Green;0;Yellow;0;Red;0;Evacuees to Transfer;
4200,7,filterLoc,,
4200,10,filterLoc,,
4200,13,filterLoc,,
4200,16,filterLoc,,
4200,19,filterLoc,,
4200,22,filterLoc,,
4200,25,filterLoc,,
4200,28,filterLoc,,
4200,31,filterLoc,,
4200,34,filterLoc,,
4200,37,filterLoc,,
4200,40,filterLoc,,
4200,43,filterLoc,,
4200,46,filterLoc,,
4200,49,filterLoc,,
4200,52,filterLoc,,
4200,55,filterLoc,,
4200,58,filterLoc,,
4200,61,filterLoc,,
4200,64,filterLoc,,
4200,67,filterLoc,,
4200,70,filterLoc,,
4200,73,filterLoc,,
4200,76,filterLoc,,
4200,79,filterLoc,,
4200,82,filterLoc,,
4200,85,filterLoc,,
4200,88,filterLoc,,
4200,91,filterLoc,,
4200,94,filterLoc,,
4200,97,filterLoc,,
4200,100,filterLoc,,
4200,107,filterLoc,,
4200,110,filterLoc,,
4200,113,filterLoc,,
4200,116,filterLoc,,
4200,119,filterLoc,,;Evacuee;423;in triage category;G;is entering helicopter;1
4200,122,filterLoc,,;Evacuee;420;in triage category;G;is entering helicopter;1
4200,125,filterLoc,,;Evacuee;419;in triage category;G;is entering helicopter;1
4200,128,filterLoc,,
4200,131,filterLoc,,
4200,134,filterLoc,,;Evacuee;422;in triage category;G;is entering helicopter;1
4200,137,filterLoc,,
4200,140,filterLoc,,
4200,143,filterLoc,,
4200,146,filterLoc,,
4200,149,filterLoc,,
4200,152,filterLoc,,
4200,155,filterLoc,,
4200,158,filterLoc,,
4200,161,filterLoc,,
4200,164,filterLoc,,
4200,167,filterLoc,,
4200,170,filterLoc,,
4200,173,filterLoc,,
4200,176,filterLoc,,
4200,179,filterLoc,,
4200,182,filterLoc,,
4200,185,filterLoc,,
4200,188,filterLoc,,
4200,191,filterLoc,,
4200,194,filterLoc,,
4200,197,filterLoc,,;Evacuee;427;in triage category;G;is entering helicopter;1
4200,200,filterLoc,,
4200,203,filterLoc,,
4200,206,filterLoc,,
4200,209,filterLoc,,
4200,212,filterLoc,,
4200,215,filterLoc,,
4200,218,filterLoc,,
4200,221,filterLoc,,
4200,225,filterLoc,,
4200,228,filterLoc,,
4200,231,filterLoc,,
4200,234,filterLoc,,
4200,237,filterLoc,,
4200,240,filterLoc,,
4200,243,filterLoc,,
4200,246,filterLoc,,
4200,249,filterLoc,,
4200,252,filterLoc,,
4200,255,filterLoc,,
4200,258,filterLoc,,
4200,261,filterLoc,,
4200,264,filterLoc,,
4200,267,filterLoc,,
4200,270,filterLoc,,
4200,273,filterLoc,,
4200,276,filterLoc,,
4200,279,filterLoc,,
4200,282,filterLoc,,
4200,285,filterLoc,,
4200,288,filterLoc,,
4200,291,filterLoc,,
4200,294,filterLoc,,
4200,297,filterLoc,,
4200,300,filterLoc,,
4200,303,filterLoc,,
4200,306,filterLoc,,
4200,309,filterLoc,,
4200,312,filterLoc,,
4200,315,filterLoc,,
4200,318,filterLoc,,
4200,321,filterLoc,,
4200,324,filterLoc,,
4200,327,filterLoc,,
4200,330,filterLoc,,;Evacuee;446;in triage category;G;is entering helicopter;1
4200,333,filterLoc,,
4200,336,filterLoc,,;Evacuee;443;in triage category;G;is entering helicopter;1
4200,339,filterLoc,,
4200,342,filterLoc,,
4200,345,filterLoc,,
4200,348,filterLoc,,
4200,351,filterLoc,,
4200,354,filterLoc,,
4200,357,filterLoc,,
4200,360,filterLoc,,
4200,363,filterLoc,,
4200,366,filterLoc,,
4200,369,filterLoc,,
4200,372,filterLoc,,
4200,375,filterLoc,,
4200,378,filterLoc,,
4200,381,filterLoc,,
4200,384,filterLoc,,
4200,387,filterLoc,,
4200,390,filterLoc,,
4200,393,filterLoc,,
4200,396,filterLoc,,
4200,399,filterLoc,,
4200,402,filterLoc,,
4200,405,filterLoc,,
4200,408,filterLoc,,
4200,411,filterLoc,,
4200,414,filterLoc,,
4200,417,filterLoc,,
4200,420,filterLoc,,
4200,423,filterLoc,,
4200,426,filterLoc,,
4200,429,filterLoc,,
4200,432,filterLoc,,
4200,435,filterLoc,,
4200,438,filterLoc,,
4200,441,filterLoc,,
4200,444,filterLoc,,
4200,447,filterLoc,,
4200,450,filterLoc,,
4200,453,filterLoc,,
4200,456,filterLoc,,
4200,459,filterLoc,,
4200,462,filterLoc,,
4200,465,filterLoc,,;Evacuee;449;in triage category;G;is entering helicopter;1
4200,468,filterLoc,,
4200,471,filterLoc,,
4200,474,filterLoc,,
4200,477,filterLoc,,
4200,480,filterLoc,,
4200,483,filterLoc,,
4200,486,filterLoc,,
4200,489,filterLoc,,
4200,492,filterLoc,,
4200,495,filterLoc,,
4200,498,filterLoc,,
4200,501,filterLoc,,
4200,504,filterLoc,,
4200,507,filterLoc,,
4200,510,filterLoc,,
4200,513,filterLoc,,
4200,516,filterLoc,,
4200,519,filterLoc,,
4200,522,filterLoc,,
4200,525,filterLoc,,
4200,528,filterLoc,,
4200,531,filterLoc,,
4200,534,filterLoc,,
4200,537,filterLoc,,
4200,540,filterLoc,,
4200,543,filterLoc,,
4200,546,filterLoc,,
4200,549,filterLoc,,
4200,552,filterLoc,,
4200,555,filterLoc,,
4200,558,filterLoc,,
4200,561,filterLoc,,
4200,564,filterLoc,,
4200,567,filterLoc,,
4200,570,filterLoc,,
4200,573,filterLoc,,
4200,576,filterLoc,,
4200,579,filterLoc,,
4200,582,filterLoc,,
4200,585,filterLoc,,
4200,588,filterLoc,,
4200,591,filterLoc,,
4200,594,filterLoc,,
4200,597,filterLoc,,;Evacuee;447;in triage category;G;is entering helicopter;1
4200,600,filterLoc,,
4200,603,filterLoc,,
4200,606,filterLoc,,
4200,609,filterLoc,,
4200,612,filterLoc,,
4200,615,filterLoc,,
4200,618,filterLoc,,
4200,621,filterLoc,,
4200,624,filterLoc,,
4200,627,filterLoc,,
4200,630,filterLoc,,
4200,633,filterLoc,,
4200,636,filterLoc,,
4200,639,filterLoc,,
4200,642,filterLoc,,
4200,645,filterLoc,,
4200,648,filterLoc,,
4200,651,filterLoc,,
4200,654,filterLoc,,
4200,657,filterLoc,,
4200,660,filterLoc,,
4200,663,filterLoc,,
4200,666,filterLoc,,
4200,669,filterLoc,,
4200,672,filterLoc,,
4200,675,filterLoc,,
4200,678,filterLoc,,
4200,681,filterLoc,,
4200,684,filterLoc,,
4200,687,filterLoc,,
4200,690,filterLoc,,
4200,693,filterLoc,,
4200,696,filterLoc,,
4200,699,filterLoc,,
4200,702,filterLoc,,
4200,705,filterLoc,,
4200,708,filterLoc,,
4200,711,filterLoc,,
4200,714,filterLoc,,
4200,717,filterLoc,,
4200,720,filterLoc,,
4200,723,filterLoc,,
4200,726,filterLoc,,
4200,729,filterLoc,,
4200,732,filterLoc,,
4200,735,filterLoc,,
4200,738,filterLoc,,
4200,741,filterLoc,,
4200,744,filterLoc,,
4200,747,filterLoc,,
4200,750,filterLoc,,
4200,753,filterLoc,,
4200,756,filterLoc,,
4200,759,filterLoc,,
4200,762,filterLoc,,
4200,765,filterLoc,,
4200,768,filterLoc,,
4200,771,filterLoc,,
4200,774,filterLoc,,
4200,777,filterLoc,,
4200,780,filterLoc,,
4200,783,filterLoc,,
4200,786,filterLoc,,
4200,789,filterLoc,,
4200,792,filterLoc,,
4200,795,filterLoc,,
4200,798,filterLoc,,
4200,801,filterLoc,,
4200,804,filterLoc,,
4200,807,filterLoc,,
4200,810,filterLoc,,
4200,813,filterLoc,,
4200,816,filterLoc,,
4200,819,filterLoc,,
4200,822,filterLoc,,
4200,825,filterLoc,,
4200,828,filterLoc,,
4200,831,filterLoc,,
4200,834,filterLoc,,
4200,837,filterLoc,,
4200,840,filterLoc,,
4200,843,filterLoc,,
4200,846,filterLoc,,
4200,849,filterLoc,,
4200,852,filterLoc,,
4200,855,filterLoc,,
4200,858,filterLoc,,
4200,861,filterLoc,,
4200,864,filterLoc,,
4200,867,filterLoc,,
4200,870,filterLoc,,
4200,873,filterLoc,,
4200,876,filterLoc,,
4200,879,filterLoc,,
4200,882,filterLoc,,
4200,885,filterLoc,,
4200,888,filterLoc,,
4200,891,filterLoc,,
4200,894,filterLoc,,
4200,897,filterLoc,,
4200,900,filterLoc,,
4200,903,filterLoc,,
4200,906,filterLoc,,
4200,909,filterLoc,,
4200,912,filterLoc,,
4200,915,filterLoc,,
4200,918,filterLoc,,
4200,921,filterLoc,,
4200,924,filterLoc,,
4200,927,filterLoc,,
4200,930,filterLoc,,
4200,933,filterLoc,,
4200,936,filterLoc,,
4200,939,filterLoc,,
4200,942,filterLoc,,
4200,945,filterLoc,,
4200,948,filterLoc,,
4200,951,filterLoc,,
4200,954,filterLoc,,
4200,957,filterLoc,,
4200,960,filterLoc,,
4200,963,filterLoc,,
4200,966,filterLoc,,
4200,969,filterLoc,,
4200,972,filterLoc,,
4200,975,filterLoc,,
4200,978,filterLoc,,
4200,981,filterLoc,,
4200,984,filterLoc,,
4200,987,filterLoc,,
4200,990,filterLoc,,
4200,993,filterLoc,,
4200,996,filterLoc,,
4200,999,filterLoc,,
4200,1002,filterLoc,,
4200,1005,filterLoc,,
4200,1008,filterLoc,,
4200,1011,filterLoc,,
4200,1014,filterLoc,,
4200,1017,filterLoc,,
4200,1020,filterLoc,,
4200,1023,filterLoc,,
4200,1026,filterLoc,,
4200,1029,filterLoc,,
4200,1032,filterLoc,,
4200,1035,filterLoc,,
4200,1038,filterLoc,,
4200,1041,filterLoc,,
4200,1044,filterLoc,,
4200,1047,filterLoc,,
4200,1050,filterLoc,,
4200,1053,filterLoc,,
4200,1056,filterLoc,,
4200,1059,filterLoc,,
4200,1062,filterLoc,,
4200,1065,filterLoc,,
4200,1068,filterLoc,,
4200,1071,filterLoc,,
4200,1074,filterLoc,,
4200,1077,filterLoc,,
4200,1080,filterLoc,,
4200,1083,filterLoc,,
4200,1086,filterLoc,,
4200,1089,filterLoc,,
4200,1092,filterLoc,,
4200,1095,filterLoc,,
4200,1098,filterLoc,,
4200,1101,filterLoc,,
4200,1104,filterLoc,,
4200,1107,filterLoc,,
4200,1110,filterLoc,,
4200,1113,filterLoc,,
4200,1116,filterLoc,,
4200,1123,filterLoc,,
4200,1126,filterLoc,,
4200,1129,filterLoc,,
4200,1132,filterLoc,,
4200,1135,filterLoc,,
4200,1138,filterLoc,,
4200,1141,filterLoc,,
4200,1144,filterLoc,,
4200,1147,filterLoc,,
4200,1150,filterLoc,,
4200,1153,filterLoc,,
4200,1156,filterLoc,,
4200,1161,helicopter,,Helicopter;1;is loading people at the evacuation site;;and has;0;spots taken
4200,1163,filterLoc,,
4200,1166,filterLoc,,
4200,1169,filterLoc,,
4200,1172,filterLoc,,
4200,1175,filterLoc,,
4200,1178,filterLoc,,
4200,1181,filterLoc,,
4200,1184,filterLoc,,
4200,1187,filterLoc,,
4200,1190,filterLoc,,
4200,1193,filterLoc,,
4200,1196,filterLoc,,
4200,1199,filterLoc,,
4200,1202,filterLoc,,
4200,1205,filterLoc,,
4200,1208,filterLoc,,
4200,1211,filterLoc,,
4200,1214,filterLoc,,
4200,1217,filterLoc,,
4200,1220,filterLoc,,
4200,1223,filterLoc,,
4200,1226,filterLoc,,
4200,1229,filterLoc,,
4200,1232,filterLoc,,
4200,1235,filterLoc,,
4200,1238,filterLoc,,
4200,1241,filterLoc,,
4200,1244,filterLoc,,
4200,1247,filterLoc,,
4200,1250,filterLoc,,
4200,1253,filterLoc,,
4200,1256,filterLoc,,
4200,1259,filterLoc,,
4200,1262,filterLoc,,
4200,1265,filterLoc,,
4200,1268,filterLoc,,
4200,1271,filterLoc,,
4200,1274,filterLoc,,;Evacuee;438;in triage category;G;is entering helicopter;1
4200,1277,filterLoc,,
4200,1280,filterLoc,,
4200,1283,filterLoc,,
4200,1286,filterLoc,,
4200,1289,filterLoc,,
4200,1292,filterLoc,,
4200,1295,filterLoc,,
4200,1298,filterLoc,,
4200,1301,filterLoc,,
4200,1304,filterLoc,,
4200,1307,filterLoc,,
4200,1310,filterLoc,,
4200,1313,filterLoc,,
4200,1316,filterLoc,,
4200,1319,filterLoc,,
4200,1322,filterLoc,,
4200,1325,filterLoc,,
4200,1328,filterLoc,,
4200,1331,filterLoc,,
4200,1334,filterLoc,,
4200,1337,filterLoc,,
4200,1340,filterLoc,,
4200,1343,filterLoc,,
4200,1346,filterLoc,,
4200,1349,filterLoc,,
4200,1352,filterLoc,,
4200,1355,filterLoc,,
4200,1358,filterLoc,,
4200,1361,filterLoc,,
4200,1364,filterLoc,,
4200,1367,filterLoc,,
4200,1370,filterLoc,,
4200,1373,filterLoc,,
4200,1376,filterLoc,,
4200,1379,filterLoc,,
4200,1382,filterLoc,,
4200,1385,filterLoc,,
4200,1388,filterLoc,,
4200,1391,filterLoc,,
4200,1394,filterLoc,,
4200,1397,filterLoc,,
4200,1400,filterLoc,,
4200,1403,filterLoc,,
4200,1406,filterLoc,,
4200,1409,filterLoc,,
4200,1412,filterLoc,,
4200,1415,filterLoc,,
4200,1418,filterLoc,,
4200,1421,filterLoc,,
4200,1424,filterLoc,,
4200,1427,filterLoc,,
4200,1430,filterLoc,,
4200,1433,filterLoc,,
4200,1436,filterLoc,,
4200,1439,filterLoc,,
4200,1442,filterLoc,,
4200,1445,filterLoc,,
4200,1448,filterLoc,,
4200,1451,filterLoc,,
4200,1454,filterLoc,,
4200,1457,filterLoc,,
4200,1460,filterLoc,,
4200,1463,filterLoc,,
4200,1466,filterLoc,,
4200,1469,filterLoc,,
4200,1472,filterLoc,,
4200,1475,filterLoc,,
4200,1478,filterLoc,,
4200,1481,filterLoc,,
4200,1484,filterLoc,,
4200,1487,filterLoc,,
4200,1490,filterLoc,,
4200,1493,filterLoc,,
4200,1496,filterLoc,,
4200,1499,filterLoc,,
4200,1502,filterLoc,,
4200,1505,filterLoc,,
4200,1508,filterLoc,,
4200,1511,filterLoc,,
4200,1514,filterLoc,,
4200,1517,filterLoc,,
4200,119,filterLoc,out,Evacuee 423 in triage category G is assigned helicopter 1
4200,119,filterLoc,,
4200,120,evacuee,,Evacuee;423;in triage state;G;is entering helicopter;1
4200,122,filterLoc,out,Evacuee 420 in triage category G is assigned helicopter 1
4200,122,filterLoc,,
4200,123,evacuee,,Evacuee;420;in triage state;G;is entering helicopter;1
4200,125,filterLoc,out,Evacuee 419 in triage category G is assigned helicopter 1
4200,125,filterLoc,,
4200,126,evacuee,,Evacuee;419;in triage state;G;is entering helicopter;1
4200,134,filterLoc,out,Evacuee 422 in triage category G is assigned helicopter 1
4200,134,filterLoc,,
4200,135,evacuee,,Evacuee;422;in triage state;G;is entering helicopter;1
4200,197,filterLoc,out,Evacuee 427 in triage category G is assigned helicopter 1
4200,197,filterLoc,,
4200,198,evacuee,,Evacuee;427;in triage state;G;is entering helicopter;1
4200,330,filterLoc,out,Evacuee 446 in triage category G is assigned helicopter 1
4200,330,filterLoc,,
4200,331,evacuee,,Evacuee;446;in triage state;G;is entering helicopter;1
4200,336,filterLoc,out,Evacuee 443 in triage category G is assigned helicopter 1
4200,336,filterLoc,,
4200,337,evacuee,,Evacuee;443;in triage state;G;is entering helicopter;1
4200,465,filterLoc,out,Evacuee 449 in triage category G is assigned helicopter 1
4200,465,filterLoc,,
4200,466,evacuee,,Evacuee;449;in triage state;G;is entering helicopter;1
4200,597,filterLoc,out,Evacuee 447 in triage category G is assigned helicopter 1
4200,597,filterLoc,,
4200,598,evacuee,,Evacuee;447;in triage state;G;is entering helicopter;1
4200,1274,filterLoc,out,Evacuee 438 in triage category G is assigned helicopter 1
4200,1274,filterLoc,,
4200,1275,evacuee,,Evacuee;438;in triage state;G;is entering helicopter;1
4200,103,filterEvac,,
4200,120,evacuee,outHelo,Evacuee 423 in triage category G is assigned helicopter 1
4200,120,evacuee,,Evacuee;423;in triage state;G;is in helicopter;1
4200,123,evacuee,outHelo,Evacuee 420 in triage category G is assigned helicopter 1
4200,123,evacuee,,Evacuee;420;in triage state;G;is in helicopter;1
4200,126,evacuee,outHelo,Evacuee 419 in triage category G is assigned helicopter 1
4200,126,evacuee,,Evacuee;419;in triage state;G;is in helicopter;1
4200,135,evacuee,outHelo,Evacuee 422 in triage category G is assigned helicopter 1
4200,135,evacuee,,Evacuee;422;in triage state;G;is in helicopter;1
4200,198,evacuee,outHelo,Evacuee 427 in triage category G is assigned helicopter 1
4200,198,evacuee,,Evacuee;427;in triage state;G;is in helicopter;1
4200,331,evacuee,outHelo,Evacuee 446 in triage category G is assigned helicopter 1
4200,331,evacuee,,Evacuee;446;in triage state;G;is in helicopter;1
4200,337,evacuee,outHelo,Evacuee 443 in triage category G is assigned helicopter 1
4200,337,evacuee,,Evacuee;443;in triage state;G;is in helicopter;1
4200,466,evacuee,outHelo,Evacuee 449 in triage category G is assigned helicopter 1
4200,466,evacuee,,Evacuee;449;in triage state;G;is in helicopter;1
4200,598,evacuee,outHelo,Evacuee 447 in triage category G is assigned helicopter 1
4200,598,evacuee,,Evacuee;447;in triage state;G;is in helicopter;1
4200,1119,filterEvac,,
4200,1159,filterEvac,,;Evacuee;419;in triage category;G;is entering helicopter;1;Evacuee;420;in triage category;G;is entering helicopter;1;Evacuee;422;in triage category;G;is entering helicopter;1;Evacuee;423;in triage category;G;is entering helicopter;1;Evacuee;427;in triage category;G;is entering helicopter;1;Evacuee;438;in triage category;G;is entering helicopter;1;Evacuee;443;in triage category;G;is entering helicopter;1;Evacuee;446;in triage category;G;is entering helicopter;1;Evacuee;447;in triage category;G;is entering helicopter;1;Evacuee;449;in triage category;G;is entering helicopter;1
4200,1275,evacuee,outHelo,Evacuee 438 in triage category G is assigned helicopter 1
4200,1275,evacuee,,Evacuee;438;in triage state;G;is in helicopter;1
4200,1159,filterEvac,out,Evacuee 419 in triage category G is assigned helicopter 1
4200,1159,filterEvac,out,Evacuee 420 in triage category G is assigned helicopter 1
4200,1159,filterEvac,out,Evacuee 422 in triage category G is assigned helicopter 1
4200,1159,filterEvac,out,Evacuee 423 in triage category G is assigned helicopter 1
4200,1159,filterEvac,out,Evacuee 427 in triage category G is assigned helicopter 1
4200,1159,filterEvac,out,Evacuee 438 in triage category G is assigned helicopter 1
4200,1159,filterEvac,out,Evacuee 443 in triage category G is assigned helicopter 1
4200,1159,filterEvac,out,Evacuee 446 in triage category G is assigned helicopter 1
4200,1159,filterEvac,out,Evacuee 447 in triage category G is assigned helicopter 1
4200,1159,filterEvac,out,Evacuee 449 in triage category G is assigned helicopter 1
4200,1159,filterEvac,,
4200,1161,helicopter,,Helicopter;1;is loading people at the evacuation site;;and has;10;spots taken
4215,4,helipadManager,outHelo,Helicopter 1 is evacuating people1
4215,4,helipadManager,,;No helos are at ES
4215,104,filterES,,
4215,1120,filterES,,
4215,1160,filterES,,Helicopter;1;is evacuating people
4215,4,helipadManager,outHQ,0
4215,4,helipadManager,,;No helos are at ES
4215,5,helicopterQueue,,;No helos are waiting to land
4215,1160,filterES,out,Helicopter 1 is evacuating people1
4215,1160,filterES,,
4215,1161,helicopter,,Helicopter;1;is loading people at the evacuation site;;and has;10;spots taken
4215,5,helicopterQueue,,;No helos are waiting to land
4215,1161,helicopter,,Helicopter;1;is returning to the FOL;;and has;10;spots taken
4260,5,helicopterQueue,,1;Helos are waiting to land;HeloID;2
4260,1121,helicopter,outES,Helicopter 2 is evacuating people2
4260,1121,helicopter,,Helicopter;2;is waiting to land at the evacuation site;;and has;0;spots taken
4260,4,helipadManager,,;No helos are at ES
4260,5,helicopterQueue,outHM,Helicopter 2 is evacuating people2
4260,5,helicopterQueue,outHelo,Helicopter 2 is evacuating people2
4260,5,helicopterQueue,,;No helos are waiting to land
4260,104,filterES,,
4260,1120,filterES,,Helicopter;2;is evacuating people
4260,1160,filterES,,
4260,3,evacueeManager,,OFF SHIP: White;0;Green;0;Yellow;10;Red;0;Black;353;ON SHIP: White;0;Green;0;Yellow;0;Red;0;Evacuees to Transfer;;EvacueeID;454;HeloID;2;OnShip;0;Triage Status;G;EvacueeID;463;HeloID;2;OnShip;0;Triage Status;G;EvacueeID;468;HeloID;2;OnShip;0;Triage Status;G;EvacueeID;471;HeloID;2;OnShip;0;Triage Status;G;EvacueeID;472;HeloID;2;OnShip;0;Triage Status;G;EvacueeID;475;HeloID;2;OnShip;0;Triage Status;G;EvacueeID;232;HeloID;2;OnShip;0;Triage Status;Y
4260,4,helipadManager,outEM,Helicopter 2 is evacuating people2
4260,4,helipadManager,,Helo;2;is at the ES
4260,1120,filterES,out,Helicopter 2 is evacuating people2
4260,1120,filterES,,
4260,1121,helicopter,,Helicopter;2;is waiting to land at the evacuation site;;and has;0;spots taken
4260,3,evacueeManager,outEvac,Evacuee 454 in triage category G is assigned helicopter 2
4260,3,evacueeManager,outEvac,Evacuee 463 in triage category G is assigned helicopter 2
4260,3,evacueeManager,outEvac,Evacuee 468 in triage category G is assigned helicopter 2
4260,3,evacueeManager,outEvac,Evacuee 471 in triage category G is assigned helicopter 2
4260,3,evacueeManager,outEvac,Evacuee 472 in triage category G is assigned helicopter 2
4260,3,evacueeManager,outEvac,Evacuee 475 in triage category G is assigned helicopter 2
4260,3,evacueeManager,outEvac,Evacuee 232 in triage category Y is assigned helicopter 2
4260,3,evacueeManager,,OFF SHIP: White;0;Green;0;Yellow;10;Red;0;Black;353;ON SHIP: White;0;Green;0;Yellow;0;Red;0;Evacuees to Transfer;
4260,7,filterLoc,,
4260,10,filterLoc,,
4260,13,filterLoc,,
4260,16,filterLoc,,
4260,19,filterLoc,,
4260,22,filterLoc,,
4260,25,filterLoc,,
4260,28,filterLoc,,
4260,31,filterLoc,,
4260,34,filterLoc,,
4260,37,filterLoc,,
4260,40,filterLoc,,
4260,43,filterLoc,,
4260,46,filterLoc,,;Evacuee;475;in triage category;G;is entering helicopter;2
4260,49,filterLoc,,;Evacuee;472;in triage category;G;is entering helicopter;2
4260,52,filterLoc,,;Evacuee;471;in triage category;G;is entering helicopter;2
4260,55,filterLoc,,;Evacuee;468;in triage category;G;is entering helicopter;2
4260,58,filterLoc,,;Evacuee;463;in triage category;G;is entering helicopter;2
4260,61,filterLoc,,
4260,64,filterLoc,,
4260,67,filterLoc,,
4260,70,filterLoc,,
4260,73,filterLoc,,
4260,76,filterLoc,,
4260,79,filterLoc,,
4260,82,filterLoc,,
4260,85,filterLoc,,
4260,88,filterLoc,,
4260,91,filterLoc,,
4260,94,filterLoc,,
4260,97,filterLoc,,
4260,100,filterLoc,,
4260,107,filterLoc,,
4260,110,filterLoc,,
4260,113,filterLoc,,
4260,116,filterLoc,,
4260,119,filterLoc,,
4260,122,filterLoc,,
4260,125,filterLoc,,
4260,128,filterLoc,,
4260,131,filterLoc,,
4260,134,filterLoc,,
4260,137,filterLoc,,
4260,140,filterLoc,,
4260,143,filterLoc,,
4260,146,filterLoc,,
4260,149,filterLoc,,
4260,152,filterLoc,,
4260,155,filterLoc,,
4260,158,filterLoc,,
4260,161,filterLoc,,
4260,164,filterLoc,,
4260,167,filterLoc,,
4260,170,filterLoc,,
4260,173,filterLoc,,
4260,176,filterLoc,,
4260,179,filterLoc,,
4260,182,filterLoc,,
4260,185,filterLoc,,
4260,188,filterLoc,,
4260,191,filterLoc,,
4260,194,filterLoc,,
4260,197,filterLoc,,
4260,200,filterLoc,,
4260,203,filterLoc,,
4260,206,filterLoc,,
4260,209,filterLoc,,
4260,212,filterLoc,,
4260,215,filterLoc,,
4260,218,filterLoc,,
4260,221,filterLoc,,
4260,225,filterLoc,,
4260,228,filterLoc,,
4260,231,filterLoc,,
4260,234,filterLoc,,
4260,237,filterLoc,,
4260,240,filterLoc,,
4260,243,filterLoc,,
4260,246,filterLoc,,
4260,249,filterLoc,,
4260,252,filterLoc,,
4260,255,filterLoc,,
4260,258,filterLoc,,
4260,261,filterLoc,,
4260,264,filterLoc,,
4260,267,filterLoc,,
4260,270,filterLoc,,
4260,273,filterLoc,,
4260,276,filterLoc,,
4260,279,filterLoc,,
4260,282,filterLoc,,
4260,285,filterLoc,,
4260,288,filterLoc,,
4260,291,filterLoc,,
4260,294,filterLoc,,
4260,297,filterLoc,,
4260,300,filterLoc,,
4260,303,filterLoc,,
4260,306,filterLoc,,
4260,309,filterLoc,,
4260,312,filterLoc,,
4260,315,filterLoc,,
4260,318,filterLoc,,
4260,321,filterLoc,,
4260,324,filterLoc,,
4260,327,filterLoc,,
4260,330,filterLoc,,
4260,333,filterLoc,,
4260,336,filterLoc,,
4260,339,filterLoc,,
4260,342,filterLoc,,
4260,345,filterLoc,,
4260,348,filterLoc,,
4260,351,filterLoc,,
4260,354,filterLoc,,
4260,357,filterLoc,,
4260,360,filterLoc,,
4260,363,filterLoc,,
4260,366,filterLoc,,
4260,369,filterLoc,,
4260,372,filterLoc,,
4260,375,filterLoc,,
4260,378,filterLoc,,
4260,381,filterLoc,,
4260,384,filterLoc,,
4260,387,filterLoc,,
4260,390,filterLoc,,
4260,393,filterLoc,,
4260,396,filterLoc,,
4260,399,filterLoc,,
4260,402,filterLoc,,
4260,405,filterLoc,,
4260,408,filterLoc,,
4260,411,filterLoc,,
4260,414,filterLoc,,
4260,417,filterLoc,,
4260,420,filterLoc,,
4260,423,filterLoc,,
4260,426,filterLoc,,
4260,429,filterLoc,,
4260,432,filterLoc,,
4260,435,filterLoc,,
4260,438,filterLoc,,
4260,441,filterLoc,,
4260,444,filterLoc,,
4260,447,filterLoc,,
4260,450,filterLoc,,
4260,453,filterLoc,,
4260,456,filterLoc,,
4260,459,filterLoc,,
4260,462,filterLoc,,
4260,465,filterLoc,,
4260,468,filterLoc,,
4260,471,filterLoc,,
4260,474,filterLoc,,
4260,477,filterLoc,,
4260,480,filterLoc,,
4260,483,filterLoc,,
4260,486,filterLoc,,
4260,489,filterLoc,,
4260,492,filterLoc,,
4260,495,filterLoc,,
4260,498,filterLoc,,
4260,501,filterLoc,,
4260,504,filterLoc,,
4260,507,filterLoc,,
4260,510,filterLoc,,
4260,513,filterLoc,,
4260,516,filterLoc,,
4260,519,filterLoc,,
4260,522,filterLoc,,
4260,525,filterLoc,,
4260,528,filterLoc,,
4260,531,filterLoc,,
4260,534,filterLoc,,
4260,537,filterLoc,,
4260,540,filterLoc,,
4260,543,filterLoc,,
4260,546,filterLoc,,
4260,549,filterLoc,,
4260,552,filterLoc,,
4260,555,filterLoc,,
4260,558,filterLoc,,
4260,561,filterLoc,,
4260,564,filterLoc,,
4260,567,filterLoc,,
4260,570,filterLoc,,
4260,573,filterLoc,,
4260,576,filterLoc,,
4260,579,filterLoc,,
4260,582,filterLoc,,
4260,585,filterLoc,,
4260,588,filterLoc,,
4260,591,filterLoc,,
4260,594,filterLoc,,
4260,597,filterLoc,,
4260,600,filterLoc,,
4260,603,filterLoc,,
4260,606,filterLoc,,
4260,609,filterLoc,,
4260,612,filterLoc,,
4260,615,filterLoc,,
4260,618,filterLoc,,
4260,621,filterLoc,,
4260,624,filterLoc,,
4260,627,filterLoc,,
4260,630,filterLoc,,
4260,633,filterLoc,,
4260,636,filterLoc,,
4260,639,filterLoc,,
4260,642,filterLoc,,
4260,645,filterLoc,,
4260,648,filterLoc,,
4260,651,filterLoc,,
4260,654,filterLoc,,
4260,657,filterLoc,,
4260,660,filterLoc,,
4260,663,filterLoc,,
4260,666,filterLoc,,
4260,669,filterLoc,,
4260,672,filterLoc,,
4260,675,filterLoc,,
4260,678,filterLoc,,;Evacuee;454;in triage category;G;is entering helicopter;2
4260,681,filterLoc,,
4260,684,filterLoc,,
4260,687,filterLoc,,
4260,690,filterLoc,,
4260,693,filterLoc,,
4260,696,filterLoc,,
4260,699,filterLoc,,
4260,702,filterLoc,,
4260,705,filterLoc,,
4260,708,filterLoc,,
4260,711,filterLoc,,
4260,714,filterLoc,,
4260,717,filterLoc,,
4260,720,filterLoc,,
4260,723,filterLoc,,
4260,726,filterLoc,,
4260,729,filterLoc,,
4260,732,filterLoc,,
4260,735,filterLoc,,
4260,738,filterLoc,,
4260,741,filterLoc,,
4260,744,filterLoc,,
4260,747,filterLoc,,
4260,750,filterLoc,,
4260,753,filterLoc,,
4260,756,filterLoc,,
4260,759,filterLoc,,
4260,762,filterLoc,,
4260,765,filterLoc,,
4260,768,filterLoc,,
4260,771,filterLoc,,
4260,774,filterLoc,,
4260,777,filterLoc,,
4260,780,filterLoc,,
4260,783,filterLoc,,
4260,786,filterLoc,,
4260,789,filterLoc,,
4260,792,filterLoc,,
4260,795,filterLoc,,
4260,798,filterLoc,,
4260,801,filterLoc,,
4260,804,filterLoc,,
4260,807,filterLoc,,
4260,810,filterLoc,,
4260,813,filterLoc,,
4260,816,filterLoc,,
4260,819,filterLoc,,
4260,822,filterLoc,,
4260,825,filterLoc,,
4260,828,filterLoc,,
4260,831,filterLoc,,
4260,834,filterLoc,,
4260,837,filterLoc,,
4260,840,filterLoc,,
4260,843,filterLoc,,
4260,846,filterLoc,,
4260,849,filterLoc,,
4260,852,filterLoc,,
4260,855,filterLoc,,
4260,858,filterLoc,,
4260,861,filterLoc,,
4260,864,filterLoc,,
4260,867,filterLoc,,
4260,870,filterLoc,,
4260,873,filterLoc,,
4260,876,filterLoc,,
4260,879,filterLoc,,
4260,882,filterLoc,,
4260,885,filterLoc,,
4260,888,filterLoc,,
4260,891,filterLoc,,
4260,894,filterLoc,,
4260,897,filterLoc,,
4260,900,filterLoc,,
4260,903,filterLoc,,
4260,906,filterLoc,,
4260,909,filterLoc,,
4260,912,filterLoc,,
4260,915,filterLoc,,
4260,918,filterLoc,,
4260,921,filterLoc,,
4260,924,filterLoc,,
4260,927,filterLoc,,
4260,930,filterLoc,,
4260,933,filterLoc,,
4260,936,filterLoc,,
4260,939,filterLoc,,
4260,942,filterLoc,,
4260,945,filterLoc,,
4260,948,filterLoc,,
4260,951,filterLoc,,
4260,954,filterLoc,,
4260,957,filterLoc,,
4260,960,filterLoc,,
4260,963,filterLoc,,
4260,966,filterLoc,,
4260,969,filterLoc,,
4260,972,filterLoc,,
4260,975,filterLoc,,
4260,978,filterLoc,,
4260,981,filterLoc,,
4260,984,filterLoc,,
4260,987,filterLoc,,
4260,990,filterLoc,,
4260,993,filterLoc,,
4260,996,filterLoc,,
4260,999,filterLoc,,
4260,1002,filterLoc,,
4260,1005,filterLoc,,
4260,1008,filterLoc,,
4260,1011,filterLoc,,
4260,1014,filterLoc,,
4260,1017,filterLoc,,
4260,1020,filterLoc,,
4260,1023,filterLoc,,
4260,1026,filterLoc,,
4260,1029,filterLoc,,
4260,1032,filterLoc,,
4260,1035,filterLoc,,
4260,1038,filterLoc,,
4260,1041,filterLoc,,
4260,1044,filterLoc,,
4260,1047,filterLoc,,
4260,1050,filterLoc,,
4260,1053,filterLoc,,
4260,1056,filterLoc,,
4260,1059,filterLoc,,
4260,1062,filterLoc,,
4260,1065,filterLoc,,
4260,1068,filterLoc,,
4260,1071,filterLoc,,
4260,1074,filterLoc,,
4260,1077,filterLoc,,
4260,1080,filterLoc,,
4260,1083,filterLoc,,
4260,1086,filterLoc,,
4260,1089,filterLoc,,
4260,1092,filterLoc,,
4260,1095,filterLoc,,
4260,1098,filterLoc,,
4260,1101,filterLoc,,
4260,1104,filterLoc,,
4260,1107,filterLoc,,
4260,1110,filterLoc,,
4260,1113,filterLoc,,
4260,1116,filterLoc,,
4260,1121,helicopter,,Helicopter;2;is loading people at the evacuation site;;and has;0;spots taken
4260,1123,filterLoc,,
4260,1126,filterLoc,,
4260,1129,filterLoc,,
4260,1132,filterLoc,,
4260,1135,filterLoc,,
4260,1138,filterLoc,,
4260,1141,filterLoc,,
4260,1144,filterLoc,,
4260,1147,filterLoc,,
4260,1150,filterLoc,,
4260,1153,filterLoc,,
4260,1156,filterLoc,,
4260,1163,filterLoc,,
4260,1166,filterLoc,,
4260,1169,filterLoc,,
4260,1172,filterLoc,,
4260,1175,filterLoc,,
4260,1178,filterLoc,,
4260,1181,filterLoc,,
4260,1184,filterLoc,,
4260,1187,filterLoc,,
4260,1190,filterLoc,,
4260,1193,filterLoc,,
4260,1196,filterLoc,,
4260,1199,filterLoc,,
4260,1202,filterLoc,,
4260,1205,filterLoc,,
4260,1208,filterLoc,,
4260,1211,filterLoc,,
4260,1214,filterLoc,,
4260,1217,filterLoc,,
4260,1220,filterLoc,,
4260,1223,filterLoc,,
4260,1226,filterLoc,,
4260,1229,filterLoc,,
4260,1232,filterLoc,,
4260,1235,filterLoc,,
4260,1238,filterLoc,,
4260,1241,filterLoc,,
4260,1244,filterLoc,,
4260,1247,filterLoc,,
4260,1250,filterLoc,,
4260,1253,filterLoc,,
4260,1256,filterLoc,,
4260,1259,filterLoc,,
4260,1262,filterLoc,,
4260,1265,filterLoc,,
4260,1268,filterLoc,,
4260,1271,filterLoc,,
4260,1274,filterLoc,,
4260,1277,filterLoc,,
4260,1280,filterLoc,,
4260,1283,filterLoc,,
4260,1286,filterLoc,,
4260,1289,filterLoc,,
4260,1292,filterLoc,,
4260,1295,filterLoc,,
4260,1298,filterLoc,,
4260,1301,filterLoc,,
4260,1304,filterLoc,,
4260,1307,filterLoc,,
4260,1310,filterLoc,,
4260,1313,filterLoc,,
4260,1316,filterLoc,,
4260,1319,filterLoc,,;Evacuee;232;in triage category;Y;is entering helicopter;2
4260,1322,filterLoc,,
4260,1325,filterLoc,,
4260,1328,filterLoc,,
4260,1331,filterLoc,,
4260,1334,filterLoc,,
4260,1337,filterLoc,,
4260,1340,filterLoc,,
4260,1343,filterLoc,,
4260,1346,filterLoc,,
4260,1349,filterLoc,,
4260,1352,filterLoc,,
4260,1355,filterLoc,,
4260,1358,filterLoc,,
4260,1361,filterLoc,,
4260,1364,filterLoc,,
4260,1367,filterLoc,,
4260,1370,filterLoc,,
4260,1373,filterLoc,,
4260,1376,filterLoc,,
4260,1379,filterLoc,,
4260,1382,filterLoc,,
4260,1385,filterLoc,,
4260,1388,filterLoc,,
4260,1391,filterLoc,,
4260,1394,filterLoc,,
4260,1397,filterLoc,,
4260,1400,filterLoc,,
4260,1403,filterLoc,,
4260,1406,filterLoc,,
4260,1409,filterLoc,,
4260,1412,filterLoc,,
4260,1415,filterLoc,,
4260,1418,filterLoc,,
4260,1421,filterLoc,,
4260,1424,filterLoc,,
4260,1427,filterLoc,,
4260,1430,filterLoc,,
4260,1433,filterLoc,,
4260,1436,filterLoc,,
4260,1439,filterLoc,,
4260,1442,filterLoc,,
4260,1445,filterLoc,,
4260,1448,filterLoc,,
4260,1451,filterLoc,,
4260,1454,filterLoc,,
4260,1457,filterLoc,,
4260,1460,filterLoc,,
4260,1463,filterLoc,,
4260,1466,filterLoc,,
4260,1469,filterLoc,,
4260,1472,filterLoc,,
4260,1475,filterLoc,,
4260,1478,filterLoc,,
4260,1481,filterLoc,,
4260,1484,filterLoc,,
4260,1487,filterLoc,,
4260,1490,filterLoc,,
4260,1493,filterLoc,,
4260,1496,filterLoc,,
4260,1499,filterLoc,,
4260,1502,filterLoc,,
4260,1505,filterLoc,,
4260,1508,filterLoc,,
4260,1511,filterLoc,,
4260,1514,filterLoc,,
4260,1517,filterLoc,,
4260,46,filterLoc,out,Evacuee 475 in triage category G is assigned helicopter 2
4260,46,filterLoc,,
4260,47,evacuee,,Evacuee;475;in triage state;G;is entering helicopter;2
4260,49,filterLoc,out,Evacuee 472 in triage category G is assigned helicopter 2
4260,49,filterLoc,,
4260,50,evacuee,,Evacuee;472;in triage state;G;is entering helicopter;2
4260,52,filterLoc,out,Evacuee 471 in triage category G is assigned helicopter 2
4260,52,filterLoc,,
4260,53,evacuee,,Evacuee;471;in triage state;G;is entering helicopter;2
4260,55,filterLoc,out,Evacuee 468 in triage category G is assigned helicopter 2
4260,55,filterLoc,,
4260,56,evacuee,,Evacuee;468;in triage state;G;is entering helicopter;2
4260,58,filterLoc,out,Evacuee 463 in triage category G is assigned helicopter 2
4260,58,filterLoc,,
4260,59,evacuee,,Evacuee;463;in triage state;G;is entering helicopter;2
4260,678,filterLoc,out,Evacuee 454 in triage category G is assigned helicopter 2
4260,678,filterLoc,,
4260,679,evacuee,,Evacuee;454;in triage state;G;is entering helicopter;2
4260,1319,filterLoc,out,Evacuee 232 in triage category Y is assigned helicopter 2
4260,1319,filterLoc,,
4260,1320,evacuee,,Evacuee;232;in triage state;Y;is entering helicopter;2
4260,47,evacuee,outHelo,Evacuee 475 in triage category G is assigned helicopter 2
4260,47,evacuee,,Evacuee;475;in triage state;G;is in helicopter;2
4260,50,evacuee,outHelo,Evacuee 472 in triage category G is assigned helicopter 2
4260,50,evacuee,,Evacuee;472;in triage state;G;is in helicopter;2
4260,53,evacuee,outHelo,Evacuee 471 in triage category G is assigned helicopter 2
4260,53,evacuee,,Evacuee;471;in triage state;G;is in helicopter;2
4260,56,evacuee,outHelo,Evacuee 468 in triage category G is assigned helicopter 2
4260,56,evacuee,,Evacuee;468;in triage state;G;is in helicopter;2
4260,59,evacuee,outHelo,Evacuee 463 in triage category G is assigned helicopter 2
4260,59,evacuee,,Evacuee;463;in triage state;G;is in helicopter;2
4260,103,filterEvac,,
4260,679,evacuee,outHelo,Evacuee 454 in triage category G is assigned helicopter 2
4260,679,evacuee,,Evacuee;454;in triage state;G;is in helicopter;2
4260,1119,filterEvac,,;Evacuee;232;in triage category;Y;is entering helicopter;2;Evacuee;454;in triage category;G;is entering helicopter;2;Evacuee;463;in triage category;G;is entering helicopter;2;Evacuee;468;in triage category;G;is entering helicopter;2;Evacuee;471;in triage category;G;is entering helicopter;2;Evacuee;472;in triage category;G;is entering helicopter;2;Evacuee;475;in triage category;G;is entering helicopter;2
4260,1159,filterEvac,,
4260,1320,evacuee,outHelo,Evacuee 232 in triage category Y is assigned helicopter 2
4260,1320,evacuee,,Evacuee;232;in triage state;Y;is in helicopter;2
4260,1119,filterEvac,out,Evacuee 232 in triage category Y is assigned helicopter 2
4260,1119,filterEvac,out,Evacuee 454 in triage category G is assigned helicopter 2
4260,1119,filterEvac,out,Evacuee 463 in triage category G is assigned helicopter 2
4260,1119,filterEvac,out,Evacuee 468 in triage category G is assigned helicopter 2
4260,1119,filterEvac,out,Evacuee 471 in triage category G is assigned helicopter 2
4260,1119,filterEvac,out,Evacuee 472 in triage category G is assigned helicopter 2
4260,1119,filterEvac,out,Evacuee 475 in triage category G is assigned helicopter 2
4260,1119,filterEvac,,
4260,1121,helicopter,,Helicopter;2;is loading people at the evacuation site;;and has;9;spots taken
4275,4,helipadManager,outHelo,Helicopter 2 is evacuating people2
4275,4,helipadManager,,;No helos are at ES
4275,104,filterES,,
4275,1120,filterES,,Helicopter;2;is evacuating people
4275,1160,filterES,,
4275,4,helipadManager,outHQ,0
4275,4,helipadManager,,;No helos are at ES
4275,5,helicopterQueue,,;No helos are waiting to land
4275,1120,filterES,out,Helicopter 2 is evacuating people2
4275,1120,filterES,,
4275,1121,helicopter,,Helicopter;2;is loading people at the evacuation site;;and has;9;spots taken
4275,5,helicopterQueue,,;No helos are waiting to land
4275,1121,helicopter,,Helicopter;2;is returning to the FOL;;and has;9;spots taken
4320,2,coastGuardShip,out,0
4320,2,coastGuardShip,,The ship has arrived and is loading evacuees.
4320,3,evacueeManager,,OFF SHIP: White;0;Green;0;Yellow;0;Red;0;Black;353;ON SHIP: White;0;Green;0;Yellow;10;Red;0;Evacuees to Transfer;;EvacueeID;288;HeloID;-1;OnShip;1;Triage Status;Y;EvacueeID;99;HeloID;-1;OnShip;1;Triage Status;Y;EvacueeID;205;HeloID;-1;OnShip;1;Triage Status;Y;EvacueeID;353;HeloID;-1;OnShip;1;Triage Status;Y;EvacueeID;400;HeloID;-1;OnShip;1;Triage Status;Y;EvacueeID;317;HeloID;-1;OnShip;1;Triage Status;Y;EvacueeID;426;HeloID;-1;OnShip;1;Triage Status;Y;EvacueeID;376;HeloID;-1;OnShip;1;Triage Status;Y;EvacueeID;383;HeloID;-1;OnShip;1;Triage Status;Y;EvacueeID;460;HeloID;-1;OnShip;1;Triage Status;Y
4320,5,helicopterQueue,,1;Helos are waiting to land;HeloID;3
4320,105,helicopter,outES,Helicopter 3 is evacuating people3
4320,105,helicopter,,Helicopter;3;is waiting to land at the evacuation site;;and has;0;spots taken
4320,3,evacueeManager,outEvac,Evacuee 288 in triage category Y is told to board the coast guard ship
4320,3,evacueeManager,outEvac,Evacuee 99 in triage category Y is told to board the coast guard ship
4320,3,evacueeManager,outEvac,Evacuee 205 in triage category Y is told to board the coast guard ship
4320,3,evacueeManager,outEvac,Evacuee 353 in triage category Y is told to board the coast guard ship
4320,3,evacueeManager,outEvac,Evacuee 400 in triage category Y is told to board the coast guard ship
4320,3,evacueeManager,outEvac,Evacuee 317 in triage category Y is told to board the coast guard ship
4320,3,evacueeManager,outEvac,Evacuee 426 in triage category Y is told to board the coast guard ship
4320,3,evacueeManager,outEvac,Evacuee 376 in triage category Y is told to board the coast guard ship
4320,3,evacueeManager,outEvac,Evacuee 383 in triage category Y is told to board the coast guard ship
4320,3,evacueeManager,outEvac,Evacuee 460 in triage category Y is told to board the coast guard ship
4320,3,evacueeManager,,OFF SHIP: White;0;Green;0;Yellow;0;Red;0;Black;353;ON SHIP: White;0;Green;0;Yellow;10;Red;0;Evacuees to Transfer;
4320,4,helipadManager,,;No helos are at ES
4320,5,helicopterQueue,outHM,Helicopter 3 is evacuating people3
4320,5,helicopterQueue,outHelo,Helicopter 3 is evacuating people3
4320,5,helicopterQueue,,;No helos are waiting to land
4320,7,filterLoc,,
4320,10,filterLoc,,
4320,13,filterLoc,,
4320,16,filterLoc,,
4320,19,filterLoc,,
4320,22,filterLoc,,
4320,25,filterLoc,,
4320,28,filterLoc,,
4320,31,filterLoc,,
4320,34,filterLoc,,
4320,37,filterLoc,,
4320,40,filterLoc,,
4320,43,filterLoc,,
4320,46,filterLoc,,
4320,49,filterLoc,,
4320,52,filterLoc,,
4320,55,filterLoc,,
4320,58,filterLoc,,
4320,61,filterLoc,,
4320,64,filterLoc,,
4320,67,filterLoc,,
4320,70,filterLoc,,
4320,73,filterLoc,,
4320,76,filterLoc,,
4320,79,filterLoc,,
4320,82,filterLoc,,
4320,85,filterLoc,,
4320,88,filterLoc,,
4320,91,filterLoc,,
4320,94,filterLoc,,
4320,97,filterLoc,,
4320,100,filterLoc,,
4320,104,filterES,,Helicopter;3;is evacuating people
4320,107,filterLoc,,
4320,110,filterLoc,,
4320,113,filterLoc,,
4320,116,filterLoc,,;Evacuee;426;in triage category;Y;is entering the coast guard ship 
4320,119,filterLoc,,
4320,122,filterLoc,,
4320,125,filterLoc,,
4320,128,filterLoc,,
4320,131,filterLoc,,
4320,134,filterLoc,,
4320,137,filterLoc,,
4320,140,filterLoc,,
4320,143,filterLoc,,
4320,146,filterLoc,,
4320,149,filterLoc,,
4320,152,filterLoc,,
4320,155,filterLoc,,
4320,158,filterLoc,,
4320,161,filterLoc,,
4320,164,filterLoc,,
4320,167,filterLoc,,
4320,170,filterLoc,,
4320,173,filterLoc,,
4320,176,filterLoc,,
4320,179,filterLoc,,
4320,182,filterLoc,,
4320,185,filterLoc,,;Evacuee;383;in triage category;Y;is entering the coast guard ship 
4320,188,filterLoc,,
4320,191,filterLoc,,
4320,194,filterLoc,,
4320,197,filterLoc,,
4320,200,filterLoc,,
4320,203,filterLoc,,
4320,206,filterLoc,,
4320,209,filterLoc,,
4320,212,filterLoc,,
4320,215,filterLoc,,
4320,218,filterLoc,,
4320,221,filterLoc,,
4320,225,filterLoc,,
4320,228,filterLoc,,
4320,231,filterLoc,,
4320,234,filterLoc,,
4320,237,filterLoc,,
4320,240,filterLoc,,
4320,243,filterLoc,,
4320,246,filterLoc,,
4320,249,filterLoc,,
4320,252,filterLoc,,;Evacuee;353;in triage category;Y;is entering the coast guard ship 
4320,255,filterLoc,,
4320,258,filterLoc,,
4320,261,filterLoc,,
4320,264,filterLoc,,
4320,267,filterLoc,,
4320,270,filterLoc,,
4320,273,filterLoc,,
4320,276,filterLoc,,
4320,279,filterLoc,,
4320,282,filterLoc,,
4320,285,filterLoc,,
4320,288,filterLoc,,
4320,291,filterLoc,,
4320,294,filterLoc,,
4320,297,filterLoc,,
4320,300,filterLoc,,
4320,303,filterLoc,,
4320,306,filterLoc,,
4320,309,filterLoc,,
4320,312,filterLoc,,
4320,315,filterLoc,,
4320,318,filterLoc,,
4320,321,filterLoc,,;Evacuee;317;in triage category;Y;is entering the coast guard ship 
4320,324,filterLoc,,;Evacuee;460;in triage category;Y;is entering the coast guard ship 
4320,327,filterLoc,,
4320,330,filterLoc,,
4320,333,filterLoc,,
4320,336,filterLoc,,
4320,339,filterLoc,,
4320,342,filterLoc,,
4320,345,filterLoc,,
4320,348,filterLoc,,
4320,351,filterLoc,,
4320,354,filterLoc,,
4320,357,filterLoc,,
4320,360,filterLoc,,
4320,363,filterLoc,,
4320,366,filterLoc,,
4320,369,filterLoc,,
4320,372,filterLoc,,
4320,375,filterLoc,,
4320,378,filterLoc,,
4320,381,filterLoc,,;Evacuee;288;in triage category;Y;is entering the coast guard ship 
4320,384,filterLoc,,
4320,387,filterLoc,,
4320,390,filterLoc,,;Evacuee;376;in triage category;Y;is entering the coast guard ship 
4320,393,filterLoc,,
4320,396,filterLoc,,
4320,399,filterLoc,,
4320,402,filterLoc,,
4320,405,filterLoc,,
4320,408,filterLoc,,
4320,411,filterLoc,,
4320,414,filterLoc,,
4320,417,filterLoc,,
4320,420,filterLoc,,
4320,423,filterLoc,,
4320,426,filterLoc,,
4320,429,filterLoc,,
4320,432,filterLoc,,
4320,435,filterLoc,,
4320,438,filterLoc,,
4320,441,filterLoc,,
4320,444,filterLoc,,
4320,447,filterLoc,,
4320,450,filterLoc,,
4320,453,filterLoc,,
4320,456,filterLoc,,
4320,459,filterLoc,,
4320,462,filterLoc,,
4320,465,filterLoc,,
4320,468,filterLoc,,
4320,471,filterLoc,,
4320,474,filterLoc,,
4320,477,filterLoc,,
4320,480,filterLoc,,
4320,483,filterLoc,,
4320,486,filterLoc,,
4320,489,filterLoc,,
4320,492,filterLoc,,
4320,495,filterLoc,,
4320,498,filterLoc,,
4320,501,filterLoc,,
4320,504,filterLoc,,
4320,507,filterLoc,,
4320,510,filterLoc,,
4320,513,filterLoc,,
4320,516,filterLoc,,
4320,519,filterLoc,,
4320,522,filterLoc,,
4320,525,filterLoc,,
4320,528,filterLoc,,
4320,531,filterLoc,,
4320,534,filterLoc,,
4320,537,filterLoc,,
4320,540,filterLoc,,
4320,543,filterLoc,,
4320,546,filterLoc,,
4320,549,filterLoc,,
4320,552,filterLoc,,
4320,555,filterLoc,,
4320,558,filterLoc,,
4320,561,filterLoc,,
4320,564,filterLoc,,
4320,567,filterLoc,,
4320,570,filterLoc,,
4320,573,filterLoc,,
4320,576,filterLoc,,
4320,579,filterLoc,,
4320,582,filterLoc,,
4320,585,filterLoc,,;Evacuee;99;in triage category;Y;is entering the coast guard ship 
4320,588,filterLoc,,
4320,591,filterLoc,,
4320,594,filterLoc,,
4320,597,filterLoc,,
4320,600,filterLoc,,
4320,603,filterLoc,,
4320,606,filterLoc,,
4320,609,filterLoc,,
4320,612,filterLoc,,
4320,615,filterLoc,,
4320,618,filterLoc,,
4320,621,filterLoc,,
4320,624,filterLoc,,
4320,627,filterLoc,,
4320,630,filterLoc,,
4320,633,filterLoc,,
4320,636,filterLoc,,
4320,639,filterLoc,,
4320,642,filterLoc,,
4320,645,filterLoc,,
4320,648,filterLoc,,
4320,651,filterLoc,,
4320,654,filterLoc,,
4320,657,filterLoc,,
4320,660,filterLoc,,
4320,663,filterLoc,,
4320,666,filterLoc,,
4320,669,filterLoc,,
4320,672,filterLoc,,
4320,675,filterLoc,,
4320,678,filterLoc,,
4320,681,filterLoc,,
4320,684,filterLoc,,
4320,687,filterLoc,,
4320,690,filterLoc,,
4320,693,filterLoc,,
4320,696,filterLoc,,
4320,699,filterLoc,,
4320,702,filterLoc,,
4320,705,filterLoc,,
4320,708,filterLoc,,
4320,711,filterLoc,,
4320,714,filterLoc,,
4320,717,filterLoc,,
4320,720,filterLoc,,
4320,723,filterLoc,,
4320,726,filterLoc,,
4320,729,filterLoc,,
4320,732,filterLoc,,
4320,735,filterLoc,,
4320,738,filterLoc,,
4320,741,filterLoc,,
4320,744,filterLoc,,
4320,747,filterLoc,,
4320,750,filterLoc,,
4320,753,filterLoc,,
4320,756,filterLoc,,
4320,759,filterLoc,,
4320,762,filterLoc,,
4320,765,filterLoc,,
4320,768,filterLoc,,
4320,771,filterLoc,,
4320,774,filterLoc,,
4320,777,filterLoc,,
4320,780,filterLoc,,
4320,783,filterLoc,,
4320,786,filterLoc,,
4320,789,filterLoc,,
4320,792,filterLoc,,
4320,795,filterLoc,,;Evacuee;400;in triage category;Y;is entering the coast guard ship 
4320,798,filterLoc,,
4320,801,filterLoc,,
4320,804,filterLoc,,
4320,807,filterLoc,,
4320,810,filterLoc,,
4320,813,filterLoc,,
4320,816,filterLoc,,
4320,819,filterLoc,,
4320,822,filterLoc,,
4320,825,filterLoc,,
4320,828,filterLoc,,
4320,831,filterLoc,,
4320,834,filterLoc,,
4320,837,filterLoc,,
4320,840,filterLoc,,
4320,843,filterLoc,,
4320,846,filterLoc,,
4320,849,filterLoc,,
4320,852,filterLoc,,
4320,855,filterLoc,,
4320,858,filterLoc,,
4320,861,filterLoc,,
4320,864,filterLoc,,
4320,867,filterLoc,,
4320,870,filterLoc,,
4320,873,filterLoc,,
4320,876,filterLoc,,
4320,879,filterLoc,,
4320,882,filterLoc,,
4320,885,filterLoc,,
4320,888,filterLoc,,
4320,891,filterLoc,,
4320,894,filterLoc,,
4320,897,filterLoc,,
4320,900,filterLoc,,
4320,903,filterLoc,,
4320,906,filterLoc,,
4320,909,filterLoc,,
4320,912,filterLoc,,
4320,915,filterLoc,,
4320,918,filterLoc,,
4320,921,filterLoc,,
4320,924,filterLoc,,
4320,927,filterLoc,,
4320,930,filterLoc,,
4320,933,filterLoc,,
4320,936,filterLoc,,
4320,939,filterLoc,,
4320,942,filterLoc,,
4320,945,filterLoc,,
4320,948,filterLoc,,
4320,951,filterLoc,,
4320,954,filterLoc,,
4320,957,filterLoc,,
4320,960,filterLoc,,
4320,963,filterLoc,,
4320,966,filterLoc,,
4320,969,filterLoc,,
4320,972,filterLoc,,
4320,975,filterLoc,,
4320,978,filterLoc,,
4320,981,filterLoc,,
4320,984,filterLoc,,
4320,987,filterLoc,,
4320,990,filterLoc,,
4320,993,filterLoc,,
4320,996,filterLoc,,
4320,999,filterLoc,,
4320,1002,filterLoc,,
4320,1005,filterLoc,,
4320,1008,filterLoc,,
4320,1011,filterLoc,,
4320,1014,filterLoc,,
4320,1017,filterLoc,,
4320,1020,filterLoc,,
4320,1023,filterLoc,,
4320,1026,filterLoc,,
4320,1029,filterLoc,,
4320,1032,filterLoc,,
4320,1035,filterLoc,,
4320,1038,filterLoc,,
4320,1041,filterLoc,,
4320,1044,filterLoc,,
4320,1047,filterLoc,,
4320,1050,filterLoc,,
4320,1053,filterLoc,,
4320,1056,filterLoc,,
4320,1059,filterLoc,,
4320,1062,filterLoc,,
4320,1065,filterLoc,,
4320,1068,filterLoc,,
4320,1071,filterLoc,,
4320,1074,filterLoc,,
4320,1077,filterLoc,,
4320,1080,filterLoc,,
4320,1083,filterLoc,,
4320,1086,filterLoc,,
4320,1089,filterLoc,,
4320,1092,filterLoc,,
4320,1095,filterLoc,,
4320,1098,filterLoc,,
4320,1101,filterLoc,,
4320,1104,filterLoc,,
4320,1107,filterLoc,,
4320,1110,filterLoc,,
4320,1113,filterLoc,,
4320,1116,filterLoc,,
4320,1120,filterES,,
4320,1123,filterLoc,,
4320,1126,filterLoc,,
4320,1129,filterLoc,,
4320,1132,filterLoc,,
4320,1135,filterLoc,,
4320,1138,filterLoc,,
4320,1141,filterLoc,,
4320,1144,filterLoc,,
4320,1147,filterLoc,,
4320,1150,filterLoc,,
4320,1153,filterLoc,,
4320,1156,filterLoc,,
4320,1160,filterES,,
4320,1163,filterLoc,,
4320,1166,filterLoc,,
4320,1169,filterLoc,,
4320,1172,filterLoc,,
4320,1175,filterLoc,,
4320,1178,filterLoc,,
4320,1181,filterLoc,,
4320,1184,filterLoc,,
4320,1187,filterLoc,,
4320,1190,filterLoc,,
4320,1193,filterLoc,,
4320,1196,filterLoc,,
4320,1199,filterLoc,,
4320,1202,filterLoc,,
4320,1205,filterLoc,,
4320,1208,filterLoc,,
4320,1211,filterLoc,,
4320,1214,filterLoc,,
4320,1217,filterLoc,,
4320,1220,filterLoc,,
4320,1223,filterLoc,,
4320,1226,filterLoc,,
4320,1229,filterLoc,,
4320,1232,filterLoc,,
4320,1235,filterLoc,,
4320,1238,filterLoc,,
4320,1241,filterLoc,,
4320,1244,filterLoc,,
4320,1247,filterLoc,,
4320,1250,filterLoc,,
4320,1253,filterLoc,,
4320,1256,filterLoc,,
4320,1259,filterLoc,,
4320,1262,filterLoc,,
4320,1265,filterLoc,,
4320,1268,filterLoc,,
4320,1271,filterLoc,,
4320,1274,filterLoc,,
4320,1277,filterLoc,,
4320,1280,filterLoc,,
4320,1283,filterLoc,,
4320,1286,filterLoc,,
4320,1289,filterLoc,,
4320,1292,filterLoc,,
4320,1295,filterLoc,,
4320,1298,filterLoc,,
4320,1301,filterLoc,,
4320,1304,filterLoc,,
4320,1307,filterLoc,,
4320,1310,filterLoc,,
4320,1313,filterLoc,,
4320,1316,filterLoc,,
4320,1319,filterLoc,,
4320,1322,filterLoc,,
4320,1325,filterLoc,,
4320,1328,filterLoc,,
4320,1331,filterLoc,,
4320,1334,filterLoc,,
4320,1337,filterLoc,,
4320,1340,filterLoc,,
4320,1343,filterLoc,,
4320,1346,filterLoc,,
4320,1349,filterLoc,,
4320,1352,filterLoc,,
4320,1355,filterLoc,,
4320,1358,filterLoc,,
4320,1361,filterLoc,,
4320,1364,filterLoc,,
4320,1367,filterLoc,,
4320,1370,filterLoc,,
4320,1373,filterLoc,,
4320,1376,filterLoc,,
4320,1379,filterLoc,,
4320,1382,filterLoc,,
4320,1385,filterLoc,,
4320,1388,filterLoc,,
4320,1391,filterLoc,,
4320,1394,filterLoc,,;Evacuee;205;in triage category;Y;is entering the coast guard ship 
4320,1397,filterLoc,,
4320,1400,filterLoc,,
4320,1403,filterLoc,,
4320,1406,filterLoc,,
4320,1409,filterLoc,,
4320,1412,filterLoc,,
4320,1415,filterLoc,,
4320,1418,filterLoc,,
4320,1421,filterLoc,,
4320,1424,filterLoc,,
4320,1427,filterLoc,,
4320,1430,filterLoc,,
4320,1433,filterLoc,,
4320,1436,filterLoc,,
4320,1439,filterLoc,,
4320,1442,filterLoc,,
4320,1445,filterLoc,,
4320,1448,filterLoc,,
4320,1451,filterLoc,,
4320,1454,filterLoc,,
4320,1457,filterLoc,,
4320,1460,filterLoc,,
4320,1463,filterLoc,,
4320,1466,filterLoc,,
4320,1469,filterLoc,,
4320,1472,filterLoc,,
4320,1475,filterLoc,,
4320,1478,filterLoc,,
4320,1481,filterLoc,,
4320,1484,filterLoc,,
4320,1487,filterLoc,,
4320,1490,filterLoc,,
4320,1493,filterLoc,,
4320,1496,filterLoc,,
4320,1499,filterLoc,,
4320,1502,filterLoc,,
4320,1505,filterLoc,,
4320,1508,filterLoc,,
4320,1511,filterLoc,,
4320,1514,filterLoc,,
4320,1517,filterLoc,,
4320,3,evacueeManager,,OFF SHIP: White;0;Green;0;Yellow;0;Red;0;Black;353;ON SHIP: White;0;Green;0;Yellow;7;Red;0;Evacuees to Transfer;;EvacueeID;288;HeloID;3;OnShip;0;Triage Status;Y;EvacueeID;99;HeloID;3;OnShip;0;Triage Status;Y;EvacueeID;205;HeloID;3;OnShip;0;Triage Status;Y
4320,4,helipadManager,outEM,Helicopter 3 is evacuating people3
4320,4,helipadManager,,Helo;3;is at the ES
4320,104,filterES,out,Helicopter 3 is evacuating people3
4320,104,filterES,,
4320,105,helicopter,,Helicopter;3;is waiting to land at the evacuation site;;and has;0;spots taken
4320,116,filterLoc,out,Evacuee 426 in triage category Y is told to board the coast guard ship
4320,116,filterLoc,,
4320,117,evacuee,,Evacuee;426;in triage state;Y;is on board the Coast Guard Ship
4320,185,filterLoc,out,Evacuee 383 in triage category Y is told to board the coast guard ship
4320,185,filterLoc,,
4320,186,evacuee,,Evacuee;383;in triage state;Y;is on board the Coast Guard Ship
4320,252,filterLoc,out,Evacuee 353 in triage category Y is told to board the coast guard ship
4320,252,filterLoc,,
4320,253,evacuee,,Evacuee;353;in triage state;Y;is on board the Coast Guard Ship
4320,321,filterLoc,out,Evacuee 317 in triage category Y is told to board the coast guard ship
4320,321,filterLoc,,
4320,322,evacuee,,Evacuee;317;in triage state;Y;is on board the Coast Guard Ship
4320,324,filterLoc,out,Evacuee 460 in triage category Y is told to board the coast guard ship
4320,324,filterLoc,,
4320,325,evacuee,,Evacuee;460;in triage state;Y;is on board the Coast Guard Ship
4320,381,filterLoc,out,Evacuee 288 in triage category Y is told to board the coast guard ship
4320,381,filterLoc,,
4320,382,evacuee,,Evacuee;288;in triage state;Y;is on board the Coast Guard Ship
4320,390,filterLoc,out,Evacuee 376 in triage category Y is told to board the coast guard ship
4320,390,filterLoc,,
4320,391,evacuee,,Evacuee;376;in triage state;Y;is on board the Coast Guard Ship
4320,585,filterLoc,out,Evacuee 99 in triage category Y is told to board the coast guard ship
4320,585,filterLoc,,
4320,586,evacuee,,Evacuee;99;in triage state;Y;is on board the Coast Guard Ship
4320,795,filterLoc,out,Evacuee 400 in triage category Y is told to board the coast guard ship
4320,795,filterLoc,,
4320,796,evacuee,,Evacuee;400;in triage state;Y;is on board the Coast Guard Ship
4320,1394,filterLoc,out,Evacuee 205 in triage category Y is told to board the coast guard ship
4320,1394,filterLoc,,
4320,1395,evacuee,,Evacuee;205;in triage state;Y;is on board the Coast Guard Ship
4320,3,evacueeManager,outEvac,Evacuee 288 in triage category Y is assigned helicopter 3
4320,3,evacueeManager,outEvac,Evacuee 99 in triage category Y is assigned helicopter 3
4320,3,evacueeManager,outEvac,Evacuee 205 in triage category Y is assigned helicopter 3
4320,3,evacueeManager,,OFF SHIP: White;0;Green;0;Yellow;0;Red;0;Black;353;ON SHIP: White;0;Green;0;Yellow;7;Red;0;Evacuees to Transfer;
4320,7,filterLoc,,
4320,10,filterLoc,,
4320,13,filterLoc,,
4320,16,filterLoc,,
4320,19,filterLoc,,
4320,22,filterLoc,,
4320,25,filterLoc,,
4320,28,filterLoc,,
4320,31,filterLoc,,
4320,34,filterLoc,,
4320,37,filterLoc,,
4320,40,filterLoc,,
4320,43,filterLoc,,
4320,46,filterLoc,,
4320,49,filterLoc,,
4320,52,filterLoc,,
4320,55,filterLoc,,
4320,58,filterLoc,,
4320,61,filterLoc,,
4320,64,filterLoc,,
4320,67,filterLoc,,
4320,70,filterLoc,,
4320,73,filterLoc,,
4320,76,filterLoc,,
4320,79,filterLoc,,
4320,82,filterLoc,,
4320,85,filterLoc,,
4320,88,filterLoc,,
4320,91,filterLoc,,
4320,94,filterLoc,,
4320,97,filterLoc,,
4320,100,filterLoc,,
4320,105,helicopter,,Helicopter;3;is loading people at the evacuation site;;and has;0;spots taken
4320,107,filterLoc,,
4320,110,filterLoc,,
4320,113,filterLoc,,
4320,116,filterLoc,,
4320,117,evacuee,,Evacuee;426;in triage state;Y;is on board the Coast Guard Ship
4320,119,filterLoc,,
4320,122,filterLoc,,
4320,125,filterLoc,,
4320,128,filterLoc,,
4320,131,filterLoc,,
4320,134,filterLoc,,
4320,137,filterLoc,,
4320,140,filterLoc,,
4320,143,filterLoc,,
4320,146,filterLoc,,
4320,149,filterLoc,,
4320,152,filterLoc,,
4320,155,filterLoc,,
4320,158,filterLoc,,
4320,161,filterLoc,,
4320,164,filterLoc,,
4320,167,filterLoc,,
4320,170,filterLoc,,
4320,173,filterLoc,,
4320,176,filterLoc,,
4320,179,filterLoc,,
4320,182,filterLoc,,
4320,185,filterLoc,,
4320,186,evacuee,,Evacuee;383;in triage state;Y;is on board the Coast Guard Ship
4320,188,filterLoc,,
4320,191,filterLoc,,
4320,194,filterLoc,,
4320,197,filterLoc,,
4320,200,filterLoc,,
4320,203,filterLoc,,
4320,206,filterLoc,,
4320,209,filterLoc,,
4320,212,filterLoc,,
4320,215,filterLoc,,
4320,218,filterLoc,,
4320,221,filterLoc,,
4320,225,filterLoc,,
4320,228,filterLoc,,
4320,231,filterLoc,,
4320,234,filterLoc,,
4320,237,filterLoc,,
4320,240,filterLoc,,
4320,243,filterLoc,,
4320,246,filterLoc,,
4320,249,filterLoc,,
4320,252,filterLoc,,
4320,253,evacuee,,Evacuee;353;in triage state;Y;is on board the Coast Guard Ship
4320,255,filterLoc,,
4320,258,filterLoc,,
4320,261,filterLoc,,
4320,264,filterLoc,,
4320,267,filterLoc,,
4320,270,filterLoc,,
4320,273,filterLoc,,
4320,276,filterLoc,,
4320,279,filterLoc,,
4320,282,filterLoc,,
4320,285,filterLoc,,
4320,288,filterLoc,,
4320,291,filterLoc,,
4320,294,filterLoc,,
4320,297,filterLoc,,
4320,300,filterLoc,,
4320,303,filterLoc,,
4320,306,filterLoc,,
4320,309,filterLoc,,
4320,312,filterLoc,,
4320,315,filterLoc,,
4320,318,filterLoc,,
4320,321,filterLoc,,
4320,322,evacuee,,Evacuee;317;in triage state;Y;is on board the Coast Guard Ship
4320,324,filterLoc,,
4320,325,evacuee,,Evacuee;460;in triage state;Y;is on board the Coast Guard Ship
4320,327,filterLoc,,
4320,330,filterLoc,,
4320,333,filterLoc,,
4320,336,filterLoc,,
4320,339,filterLoc,,
4320,342,filterLoc,,
4320,345,filterLoc,,
4320,348,filterLoc,,
4320,351,filterLoc,,
4320,354,filterLoc,,
4320,357,filterLoc,,
4320,360,filterLoc,,
4320,363,filterLoc,,
4320,366,filterLoc,,
4320,369,filterLoc,,
4320,372,filterLoc,,
4320,375,filterLoc,,
4320,378,filterLoc,,
4320,381,filterLoc,,;Evacuee;288;in triage category;Y;is entering helicopter;3
4320,382,evacuee,,Evacuee;288;in triage state;Y;is on board the Coast Guard Ship
4320,384,filterLoc,,
4320,387,filterLoc,,
4320,390,filterLoc,,
4320,391,evacuee,,Evacuee;376;in triage state;Y;is on board the Coast Guard Ship
4320,393,filterLoc,,
4320,396,filterLoc,,
4320,399,filterLoc,,
4320,402,filterLoc,,
4320,405,filterLoc,,
4320,408,filterLoc,,
4320,411,filterLoc,,
4320,414,filterLoc,,
4320,417,filterLoc,,
4320,420,filterLoc,,
4320,423,filterLoc,,
4320,426,filterLoc,,
4320,429,filterLoc,,
4320,432,filterLoc,,
4320,435,filterLoc,,
4320,438,filterLoc,,
4320,441,filterLoc,,
4320,444,filterLoc,,
4320,447,filterLoc,,
4320,450,filterLoc,,
4320,453,filterLoc,,
4320,456,filterLoc,,
4320,459,filterLoc,,
4320,462,filterLoc,,
4320,465,filterLoc,,
4320,468,filterLoc,,
4320,471,filterLoc,,
4320,474,filterLoc,,
4320,477,filterLoc,,
4320,480,filterLoc,,
4320,483,filterLoc,,
4320,486,filterLoc,,
4320,489,filterLoc,,
4320,492,filterLoc,,
4320,495,filterLoc,,
4320,498,filterLoc,,
4320,501,filterLoc,,
4320,504,filterLoc,,
4320,507,filterLoc,,
4320,510,filterLoc,,
4320,513,filterLoc,,
4320,516,filterLoc,,
4320,519,filterLoc,,
4320,522,filterLoc,,
4320,525,filterLoc,,
4320,528,filterLoc,,
4320,531,filterLoc,,
4320,534,filterLoc,,
4320,537,filterLoc,,
4320,540,filterLoc,,
4320,543,filterLoc,,
4320,546,filterLoc,,
4320,549,filterLoc,,
4320,552,filterLoc,,
4320,555,filterLoc,,
4320,558,filterLoc,,
4320,561,filterLoc,,
4320,564,filterLoc,,
4320,567,filterLoc,,
4320,570,filterLoc,,
4320,573,filterLoc,,
4320,576,filterLoc,,
4320,579,filterLoc,,
4320,582,filterLoc,,
4320,585,filterLoc,,;Evacuee;99;in triage category;Y;is entering helicopter;3
4320,586,evacuee,,Evacuee;99;in triage state;Y;is on board the Coast Guard Ship
4320,588,filterLoc,,
4320,591,filterLoc,,
4320,594,filterLoc,,
4320,597,filterLoc,,
4320,600,filterLoc,,
4320,603,filterLoc,,
4320,606,filterLoc,,
4320,609,filterLoc,,
4320,612,filterLoc,,
4320,615,filterLoc,,
4320,618,filterLoc,,
4320,621,filterLoc,,
4320,624,filterLoc,,
4320,627,filterLoc,,
4320,630,filterLoc,,
4320,633,filterLoc,,
4320,636,filterLoc,,
4320,639,filterLoc,,
4320,642,filterLoc,,
4320,645,filterLoc,,
4320,648,filterLoc,,
4320,651,filterLoc,,
4320,654,filterLoc,,
4320,657,filterLoc,,
4320,660,filterLoc,,
4320,663,filterLoc,,
4320,666,filterLoc,,
4320,669,filterLoc,,
4320,672,filterLoc,,
4320,675,filterLoc,,
4320,678,filterLoc,,
4320,681,filterLoc,,
4320,684,filterLoc,,
4320,687,filterLoc,,
4320,690,filterLoc,,
4320,693,filterLoc,,
4320,696,filterLoc,,
4320,699,filterLoc,,
4320,702,filterLoc,,
4320,705,filterLoc,,
4320,708,filterLoc,,
4320,711,filterLoc,,
4320,714,filterLoc,,
4320,717,filterLoc,,
4320,720,filterLoc,,
4320,723,filterLoc,,
4320,726,filterLoc,,
4320,729,filterLoc,,
4320,732,filterLoc,,
4320,735,filterLoc,,
4320,738,filterLoc,,
4320,741,filterLoc,,
4320,744,filterLoc,,
4320,747,filterLoc,,
4320,750,filterLoc,,
4320,753,filterLoc,,
4320,756,filterLoc,,
4320,759,filterLoc,,
4320,762,filterLoc,,
4320,765,filterLoc,,
4320,768,filterLoc,,
4320,771,filterLoc,,
4320,774,filterLoc,,
4320,777,filterLoc,,
4320,780,filterLoc,,
4320,783,filterLoc,,
4320,786,filterLoc,,
4320,789,filterLoc,,
4320,792,filterLoc,,
4320,795,filterLoc,,
4320,796,evacuee,,Evacuee;400;in triage state;Y;is on board the Coast Guard Ship
4320,798,filterLoc,,
4320,801,filterLoc,,
4320,804,filterLoc,,
4320,807,filterLoc,,
4320,810,filterLoc,,
4320,813,filterLoc,,
4320,816,filterLoc,,
4320,819,filterLoc,,
4320,822,filterLoc,,
4320,825,filterLoc,,
4320,828,filterLoc,,
4320,831,filterLoc,,
4320,834,filterLoc,,
4320,837,filterLoc,,
4320,840,filterLoc,,
4320,843,filterLoc,,
4320,846,filterLoc,,
4320,849,filterLoc,,
4320,852,filterLoc,,
4320,855,filterLoc,,
4320,858,filterLoc,,
4320,861,filterLoc,,
4320,864,filterLoc,,
4320,867,filterLoc,,
4320,870,filterLoc,,
4320,873,filterLoc,,
4320,876,filterLoc,,
4320,879,filterLoc,,
4320,882,filterLoc,,
4320,885,filterLoc,,
4320,888,filterLoc,,
4320,891,filterLoc,,
4320,894,filterLoc,,
4320,897,filterLoc,,
4320,900,filterLoc,,
4320,903,filterLoc,,
4320,906,filterLoc,,
4320,909,filterLoc,,
4320,912,filterLoc,,
4320,915,filterLoc,,
4320,918,filterLoc,,
4320,921,filterLoc,,
4320,924,filterLoc,,
4320,927,filterLoc,,
4320,930,filterLoc,,
4320,933,filterLoc,,
4320,936,filterLoc,,
4320,939,filterLoc,,
4320,942,filterLoc,,
4320,945,filterLoc,,
4320,948,filterLoc,,
4320,951,filterLoc,,
4320,954,filterLoc,,
4320,957,filterLoc,,
4320,960,filterLoc,,
4320,963,filterLoc,,
4320,966,filterLoc,,
4320,969,filterLoc,,
4320,972,filterLoc,,
4320,975,filterLoc,,
4320,978,filterLoc,,
4320,981,filterLoc,,
4320,984,filterLoc,,
4320,987,filterLoc,,
4320,990,filterLoc,,
4320,993,filterLoc,,
4320,996,filterLoc,,
4320,999,filterLoc,,
4320,1002,filterLoc,,
4320,1005,filterLoc,,
4320,1008,filterLoc,,
4320,1011,filterLoc,,
4320,1014,filterLoc,,
4320,1017,filterLoc,,
4320,1020,filterLoc,,
4320,1023,filterLoc,,
4320,1026,filterLoc,,
4320,1029,filterLoc,,
4320,1032,filterLoc,,
4320,1035,filterLoc,,
4320,1038,filterLoc,,
4320,1041,filterLoc,,
4320,1044,filterLoc,,
4320,1047,filterLoc,,
4320,1050,filterLoc,,
4320,1053,filterLoc,,
4320,1056,filterLoc,,
4320,1059,filterLoc,,
4320,1062,filterLoc,,
4320,1065,filterLoc,,
4320,1068,filterLoc,,
4320,1071,filterLoc,,
4320,1074,filterLoc,,
4320,1077,filterLoc,,
4320,1080,filterLoc,,
4320,1083,filterLoc,,
4320,1086,filterLoc,,
4320,1089,filterLoc,,
4320,1092,filterLoc,,
4320,1095,filterLoc,,
4320,1098,filterLoc,,
4320,1101,filterLoc,,
4320,1104,filterLoc,,
4320,1107,filterLoc,,
4320,1110,filterLoc,,
4320,1113,filterLoc,,
4320,1116,filterLoc,,
4320,1123,filterLoc,,
4320,1126,filterLoc,,
4320,1129,filterLoc,,
4320,1132,filterLoc,,
4320,1135,filterLoc,,
4320,1138,filterLoc,,
4320,1141,filterLoc,,
4320,1144,filterLoc,,
4320,1147,filterLoc,,
4320,1150,filterLoc,,
4320,1153,filterLoc,,
4320,1156,filterLoc,,
4320,1163,filterLoc,,
4320,1166,filterLoc,,
4320,1169,filterLoc,,
4320,1172,filterLoc,,
4320,1175,filterLoc,,
4320,1178,filterLoc,,
4320,1181,filterLoc,,
4320,1184,filterLoc,,
4320,1187,filterLoc,,
4320,1190,filterLoc,,
4320,1193,filterLoc,,
4320,1196,filterLoc,,
4320,1199,filterLoc,,
4320,1202,filterLoc,,
4320,1205,filterLoc,,
4320,1208,filterLoc,,
4320,1211,filterLoc,,
4320,1214,filterLoc,,
4320,1217,filterLoc,,
4320,1220,filterLoc,,
4320,1223,filterLoc,,
4320,1226,filterLoc,,
4320,1229,filterLoc,,
4320,1232,filterLoc,,
4320,1235,filterLoc,,
4320,1238,filterLoc,,
4320,1241,filterLoc,,
4320,1244,filterLoc,,
4320,1247,filterLoc,,
4320,1250,filterLoc,,
4320,1253,filterLoc,,
4320,1256,filterLoc,,
4320,1259,filterLoc,,
4320,1262,filterLoc,,
4320,1265,filterLoc,,
4320,1268,filterLoc,,
4320,1271,filterLoc,,
4320,1274,filterLoc,,
4320,1277,filterLoc,,
4320,1280,filterLoc,,
4320,1283,filterLoc,,
4320,1286,filterLoc,,
4320,1289,filterLoc,,
4320,1292,filterLoc,,
4320,1295,filterLoc,,
4320,1298,filterLoc,,
4320,1301,filterLoc,,
4320,1304,filterLoc,,
4320,1307,filterLoc,,
4320,1310,filterLoc,,
4320,1313,filterLoc,,
4320,1316,filterLoc,,
4320,1319,filterLoc,,
4320,1322,filterLoc,,
4320,1325,filterLoc,,
4320,1328,filterLoc,,
4320,1331,filterLoc,,
4320,1334,filterLoc,,
4320,1337,filterLoc,,
4320,1340,filterLoc,,
4320,1343,filterLoc,,
4320,1346,filterLoc,,
4320,1349,filterLoc,,
4320,1352,filterLoc,,
4320,1355,filterLoc,,
4320,1358,filterLoc,,
4320,1361,filterLoc,,
4320,1364,filterLoc,,
4320,1367,filterLoc,,
4320,1370,filterLoc,,
4320,1373,filterLoc,,
4320,1376,filterLoc,,
4320,1379,filterLoc,,
4320,1382,filterLoc,,
4320,1385,filterLoc,,
4320,1388,filterLoc,,
4320,1391,filterLoc,,
4320,1394,filterLoc,,;Evacuee;205;in triage category;Y;is entering helicopter;3
4320,1395,evacuee,,Evacuee;205;in triage state;Y;is on board the Coast Guard Ship
4320,1397,filterLoc,,
4320,1400,filterLoc,,
4320,1403,filterLoc,,
4320,1406,filterLoc,,
4320,1409,filterLoc,,
4320,1412,filterLoc,,
4320,1415,filterLoc,,
4320,1418,filterLoc,,
4320,1421,filterLoc,,
4320,1424,filterLoc,,
4320,1427,filterLoc,,
4320,1430,filterLoc,,
4320,1433,filterLoc,,
4320,1436,filterLoc,,
4320,1439,filterLoc,,
4320,1442,filterLoc,,
4320,1445,filterLoc,,
4320,1448,filterLoc,,
4320,1451,filterLoc,,
4320,1454,filterLoc,,
4320,1457,filterLoc,,
4320,1460,filterLoc,,
4320,1463,filterLoc,,
4320,1466,filterLoc,,
4320,1469,filterLoc,,
4320,1472,filterLoc,,
4320,1475,filterLoc,,
4320,1478,filterLoc,,
4320,1481,filterLoc,,
4320,1484,filterLoc,,
4320,1487,filterLoc,,
4320,1490,filterLoc,,
4320,1493,filterLoc,,
4320,1496,filterLoc,,
4320,1499,filterLoc,,
4320,1502,filterLoc,,
4320,1505,filterLoc,,
4320,1508,filterLoc,,
4320,1511,filterLoc,,
4320,1514,filterLoc,,
4320,1517,filterLoc,,
4320,381,filterLoc,out,Evacuee 288 in triage category Y is assigned helicopter 3
4320,381,filterLoc,,
4320,382,evacuee,,Evacuee;288;in triage state;Y;is entering helicopter;3
4320,585,filterLoc,out,Evacuee 99 in triage category Y is assigned helicopter 3
4320,585,filterLoc,,
4320,586,evacuee,,Evacuee;99;in triage state;Y;is entering helicopter;3
4320,1394,filterLoc,out,Evacuee 205 in triage category Y is assigned helicopter 3
4320,1394,filterLoc,,
4320,1395,evacuee,,Evacuee;205;in triage state;Y;is entering helicopter;3
4320,103,filterEvac,,;Evacuee;99;in triage category;Y;is entering helicopter;3;Evacuee;205;in triage category;Y;is entering helicopter;3;Evacuee;288;in triage category;Y;is entering helicopter;3
4320,382,evacuee,outHelo,Evacuee 288 in triage category Y is assigned helicopter 3
4320,382,evacuee,,Evacuee;288;in triage state;Y;is in helicopter;3
4320,586,evacuee,outHelo,Evacuee 99 in triage category Y is assigned helicopter 3
4320,586,evacuee,,Evacuee;99;in triage state;Y;is in helicopter;3
4320,1119,filterEvac,,
4320,1159,filterEvac,,
4320,1395,evacuee,outHelo,Evacuee 205 in triage category Y is assigned helicopter 3
4320,1395,evacuee,,Evacuee;205;in triage state;Y;is in helicopter;3
4320,103,filterEvac,out,Evacuee 99 in triage category Y is assigned helicopter 3
4320,103,filterEvac,out,Evacuee 205 in triage category Y is assigned helicopter 3
4320,103,filterEvac,out,Evacuee 288 in triage category Y is assigned helicopter 3
4320,103,filterEvac,,
4320,105,helicopter,,Helicopter;3;is loading people at the evacuation site;;and has;9;spots taken
4335,4,helipadManager,outHelo,Helicopter 3 is evacuating people3
4335,4,helipadManager,,;No helos are at ES
4335,104,filterES,,Helicopter;3;is evacuating people
4335,1120,filterES,,
4335,1160,filterES,,
4335,4,helipadManager,outHQ,0
4335,4,helipadManager,,;No helos are at ES
4335,5,helicopterQueue,,;No helos are waiting to land
4335,104,filterES,out,Helicopter 3 is evacuating people3
4335,104,filterES,,
4335,105,helicopter,,Helicopter;3;is loading people at the evacuation site;;and has;9;spots taken
4335,5,helicopterQueue,,;No helos are waiting to land
4335,105,helicopter,,Helicopter;3;is returning to the FOL;;and has;9;spots taken
4365,7,filterLoc,,
4365,10,filterLoc,,
4365,13,filterLoc,,
4365,16,filterLoc,,
4365,19,filterLoc,,
4365,22,filterLoc,,
4365,25,filterLoc,,
4365,28,filterLoc,,
4365,31,filterLoc,,
4365,34,filterLoc,,
4365,37,filterLoc,,
4365,40,filterLoc,,
4365,43,filterLoc,,
4365,46,filterLoc,,
4365,49,filterLoc,,
4365,52,filterLoc,,
4365,55,filterLoc,,
4365,58,filterLoc,,
4365,61,filterLoc,,
4365,64,filterLoc,,
4365,67,filterLoc,,
4365,70,filterLoc,,
4365,73,filterLoc,,
4365,76,filterLoc,,
4365,79,filterLoc,,
4365,82,filterLoc,,
4365,85,filterLoc,,
4365,88,filterLoc,,
4365,91,filterLoc,,
4365,94,filterLoc,,
4365,97,filterLoc,,
4365,100,filterLoc,,
4365,107,filterLoc,,
4365,110,filterLoc,,
4365,113,filterLoc,,
4365,116,filterLoc,,
4365,119,filterLoc,,;Evacuee;423;in triage category;G;is leaving helicopter;1
4365,122,filterLoc,,;Evacuee;420;in triage category;G;is leaving helicopter;1
4365,125,filterLoc,,;Evacuee;419;in triage category;G;is leaving helicopter;1
4365,128,filterLoc,,
4365,131,filterLoc,,
4365,134,filterLoc,,;Evacuee;422;in triage category;G;is leaving helicopter;1
4365,137,filterLoc,,
4365,140,filterLoc,,
4365,143,filterLoc,,
4365,146,filterLoc,,
4365,149,filterLoc,,
4365,152,filterLoc,,
4365,155,filterLoc,,
4365,158,filterLoc,,
4365,161,filterLoc,,
4365,164,filterLoc,,
4365,167,filterLoc,,
4365,170,filterLoc,,
4365,173,filterLoc,,
4365,176,filterLoc,,
4365,179,filterLoc,,
4365,182,filterLoc,,
4365,185,filterLoc,,
4365,188,filterLoc,,
4365,191,filterLoc,,
4365,194,filterLoc,,
4365,197,filterLoc,,;Evacuee;427;in triage category;G;is leaving helicopter;1
4365,200,filterLoc,,
4365,203,filterLoc,,
4365,206,filterLoc,,
4365,209,filterLoc,,
4365,212,filterLoc,,
4365,215,filterLoc,,
4365,218,filterLoc,,
4365,221,filterLoc,,
4365,225,filterLoc,,
4365,228,filterLoc,,
4365,231,filterLoc,,
4365,234,filterLoc,,
4365,237,filterLoc,,
4365,240,filterLoc,,
4365,243,filterLoc,,
4365,246,filterLoc,,
4365,249,filterLoc,,
4365,252,filterLoc,,
4365,255,filterLoc,,
4365,258,filterLoc,,
4365,261,filterLoc,,
4365,264,filterLoc,,
4365,267,filterLoc,,
4365,270,filterLoc,,
4365,273,filterLoc,,
4365,276,filterLoc,,
4365,279,filterLoc,,
4365,282,filterLoc,,
4365,285,filterLoc,,
4365,288,filterLoc,,
4365,291,filterLoc,,
4365,294,filterLoc,,
4365,297,filterLoc,,
4365,300,filterLoc,,
4365,303,filterLoc,,
4365,306,filterLoc,,
4365,309,filterLoc,,
4365,312,filterLoc,,
4365,315,filterLoc,,
4365,318,filterLoc,,
4365,321,filterLoc,,
4365,324,filterLoc,,
4365,327,filterLoc,,
4365,330,filterLoc,,;Evacuee;446;in triage category;G;is leaving helicopter;1
4365,333,filterLoc,,
4365,336,filterLoc,,;Evacuee;443;in triage category;G;is leaving helicopter;1
4365,339,filterLoc,,
4365,342,filterLoc,,
4365,345,filterLoc,,
4365,348,filterLoc,,
4365,351,filterLoc,,
4365,354,filterLoc,,
4365,357,filterLoc,,
4365,360,filterLoc,,
4365,363,filterLoc,,
4365,366,filterLoc,,
4365,369,filterLoc,,
4365,372,filterLoc,,
4365,375,filterLoc,,
4365,378,filterLoc,,
4365,381,filterLoc,,
4365,384,filterLoc,,
4365,387,filterLoc,,
4365,390,filterLoc,,
4365,393,filterLoc,,
4365,396,filterLoc,,
4365,399,filterLoc,,
4365,402,filterLoc,,
4365,405,filterLoc,,
4365,408,filterLoc,,
4365,411,filterLoc,,
4365,414,filterLoc,,
4365,417,filterLoc,,
4365,420,filterLoc,,
4365,423,filterLoc,,
4365,426,filterLoc,,
4365,429,filterLoc,,
4365,432,filterLoc,,
4365,435,filterLoc,,
4365,438,filterLoc,,
4365,441,filterLoc,,
4365,444,filterLoc,,
4365,447,filterLoc,,
4365,450,filterLoc,,
4365,453,filterLoc,,
4365,456,filterLoc,,
4365,459,filterLoc,,
4365,462,filterLoc,,
4365,465,filterLoc,,;Evacuee;449;in triage category;G;is leaving helicopter;1
4365,468,filterLoc,,
4365,471,filterLoc,,
4365,474,filterLoc,,
4365,477,filterLoc,,
4365,480,filterLoc,,
4365,483,filterLoc,,
4365,486,filterLoc,,
4365,489,filterLoc,,
4365,492,filterLoc,,
4365,495,filterLoc,,
4365,498,filterLoc,,
4365,501,filterLoc,,
4365,504,filterLoc,,
4365,507,filterLoc,,
4365,510,filterLoc,,
4365,513,filterLoc,,
4365,516,filterLoc,,
4365,519,filterLoc,,
4365,522,filterLoc,,
4365,525,filterLoc,,
4365,528,filterLoc,,
4365,531,filterLoc,,
4365,534,filterLoc,,
4365,537,filterLoc,,
4365,540,filterLoc,,
4365,543,filterLoc,,
4365,546,filterLoc,,
4365,549,filterLoc,,
4365,552,filterLoc,,
4365,555,filterLoc,,
4365,558,filterLoc,,
4365,561,filterLoc,,
4365,564,filterLoc,,
4365,567,filterLoc,,
4365,570,filterLoc,,
4365,573,filterLoc,,
4365,576,filterLoc,,
4365,579,filterLoc,,
4365,582,filterLoc,,
4365,585,filterLoc,,
4365,588,filterLoc,,
4365,591,filterLoc,,
4365,594,filterLoc,,
4365,597,filterLoc,,;Evacuee;447;in triage category;G;is leaving helicopter;1
4365,600,filterLoc,,
4365,603,filterLoc,,
4365,606,filterLoc,,
4365,609,filterLoc,,
4365,612,filterLoc,,
4365,615,filterLoc,,
4365,618,filterLoc,,
4365,621,filterLoc,,
4365,624,filterLoc,,
4365,627,filterLoc,,
4365,630,filterLoc,,
4365,633,filterLoc,,
4365,636,filterLoc,,
4365,639,filterLoc,,
4365,642,filterLoc,,
4365,645,filterLoc,,
4365,648,filterLoc,,
4365,651,filterLoc,,
4365,654,filterLoc,,
4365,657,filterLoc,,
4365,660,filterLoc,,
4365,663,filterLoc,,
4365,666,filterLoc,,
4365,669,filterLoc,,
4365,672,filterLoc,,
4365,675,filterLoc,,
4365,678,filterLoc,,
4365,681,filterLoc,,
4365,684,filterLoc,,
4365,687,filterLoc,,
4365,690,filterLoc,,
4365,693,filterLoc,,
4365,696,filterLoc,,
4365,699,filterLoc,,
4365,702,filterLoc,,
4365,705,filterLoc,,
4365,708,filterLoc,,
4365,711,filterLoc,,
4365,714,filterLoc,,
4365,717,filterLoc,,
4365,720,filterLoc,,
4365,723,filterLoc,,
4365,726,filterLoc,,
4365,729,filterLoc,,
4365,732,filterLoc,,
4365,735,filterLoc,,
4365,738,filterLoc,,
4365,741,filterLoc,,
4365,744,filterLoc,,
4365,747,filterLoc,,
4365,750,filterLoc,,
4365,753,filterLoc,,
4365,756,filterLoc,,
4365,759,filterLoc,,
4365,762,filterLoc,,
4365,765,filterLoc,,
4365,768,filterLoc,,
4365,771,filterLoc,,
4365,774,filterLoc,,
4365,777,filterLoc,,
4365,780,filterLoc,,
4365,783,filterLoc,,
4365,786,filterLoc,,
4365,789,filterLoc,,
4365,792,filterLoc,,
4365,795,filterLoc,,
4365,798,filterLoc,,
4365,801,filterLoc,,
4365,804,filterLoc,,
4365,807,filterLoc,,
4365,810,filterLoc,,
4365,813,filterLoc,,
4365,816,filterLoc,,
4365,819,filterLoc,,
4365,822,filterLoc,,
4365,825,filterLoc,,
4365,828,filterLoc,,
4365,831,filterLoc,,
4365,834,filterLoc,,
4365,837,filterLoc,,
4365,840,filterLoc,,
4365,843,filterLoc,,
4365,846,filterLoc,,
4365,849,filterLoc,,
4365,852,filterLoc,,
4365,855,filterLoc,,
4365,858,filterLoc,,
4365,861,filterLoc,,
4365,864,filterLoc,,
4365,867,filterLoc,,
4365,870,filterLoc,,
4365,873,filterLoc,,
4365,876,filterLoc,,
4365,879,filterLoc,,
4365,882,filterLoc,,
4365,885,filterLoc,,
4365,888,filterLoc,,
4365,891,filterLoc,,
4365,894,filterLoc,,
4365,897,filterLoc,,
4365,900,filterLoc,,
4365,903,filterLoc,,
4365,906,filterLoc,,
4365,909,filterLoc,,
4365,912,filterLoc,,
4365,915,filterLoc,,
4365,918,filterLoc,,
4365,921,filterLoc,,
4365,924,filterLoc,,
4365,927,filterLoc,,
4365,930,filterLoc,,
4365,933,filterLoc,,
4365,936,filterLoc,,
4365,939,filterLoc,,
4365,942,filterLoc,,
4365,945,filterLoc,,
4365,948,filterLoc,,
4365,951,filterLoc,,
4365,954,filterLoc,,
4365,957,filterLoc,,
4365,960,filterLoc,,
4365,963,filterLoc,,
4365,966,filterLoc,,
4365,969,filterLoc,,
4365,972,filterLoc,,
4365,975,filterLoc,,
4365,978,filterLoc,,
4365,981,filterLoc,,
4365,984,filterLoc,,
4365,987,filterLoc,,
4365,990,filterLoc,,
4365,993,filterLoc,,
4365,996,filterLoc,,
4365,999,filterLoc,,
4365,1002,filterLoc,,
4365,1005,filterLoc,,
4365,1008,filterLoc,,
4365,1011,filterLoc,,
4365,1014,filterLoc,,
4365,1017,filterLoc,,
4365,1020,filterLoc,,
4365,1023,filterLoc,,
4365,1026,filterLoc,,
4365,1029,filterLoc,,
4365,1032,filterLoc,,
4365,1035,filterLoc,,
4365,1038,filterLoc,,
4365,1041,filterLoc,,
4365,1044,filterLoc,,
4365,1047,filterLoc,,
4365,1050,filterLoc,,
4365,1053,filterLoc,,
4365,1056,filterLoc,,
4365,1059,filterLoc,,
4365,1062,filterLoc,,
4365,1065,filterLoc,,
4365,1068,filterLoc,,
4365,1071,filterLoc,,
4365,1074,filterLoc,,
4365,1077,filterLoc,,
4365,1080,filterLoc,,
4365,1083,filterLoc,,
4365,1086,filterLoc,,
4365,1089,filterLoc,,
4365,1092,filterLoc,,
4365,1095,filterLoc,,
4365,1098,filterLoc,,
4365,1101,filterLoc,,
4365,1104,filterLoc,,
4365,1107,filterLoc,,
4365,1110,filterLoc,,
4365,1113,filterLoc,,
4365,1116,filterLoc,,
4365,1123,filterLoc,,
4365,1126,filterLoc,,
4365,1129,filterLoc,,
4365,1132,filterLoc,,
4365,1135,filterLoc,,
4365,1138,filterLoc,,
4365,1141,filterLoc,,
4365,1144,filterLoc,,
4365,1147,filterLoc,,
4365,1150,filterLoc,,
4365,1153,filterLoc,,
4365,1156,filterLoc,,
4365,1161,helicopter,outEvac,Evacuee 419 in triage category G is not assigned a helicopter
4365,1161,helicopter,outEvac,Evacuee 420 in triage category G is not assigned a helicopter
4365,1161,helicopter,outEvac,Evacuee 422 in triage category G is not assigned a helicopter
4365,1161,helicopter,outEvac,Evacuee 423 in triage category G is not assigned a helicopter
4365,1161,helicopter,outEvac,Evacuee 427 in triage category G is not assigned a helicopter
4365,1161,helicopter,outEvac,Evacuee 438 in triage category G is not assigned a helicopter
4365,1161,helicopter,outEvac,Evacuee 443 in triage category G is not assigned a helicopter
4365,1161,helicopter,outEvac,Evacuee 446 in triage category G is not assigned a helicopter
4365,1161,helicopter,outEvac,Evacuee 447 in triage category G is not assigned a helicopter
4365,1161,helicopter,outEvac,Evacuee 449 in triage category G is not assigned a helicopter
4365,1161,helicopter,,Helicopter;1;is unloading people at the FOL;;and has;0;spots taken
4365,1163,filterLoc,,
4365,1166,filterLoc,,
4365,1169,filterLoc,,
4365,1172,filterLoc,,
4365,1175,filterLoc,,
4365,1178,filterLoc,,
4365,1181,filterLoc,,
4365,1184,filterLoc,,
4365,1187,filterLoc,,
4365,1190,filterLoc,,
4365,1193,filterLoc,,
4365,1196,filterLoc,,
4365,1199,filterLoc,,
4365,1202,filterLoc,,
4365,1205,filterLoc,,
4365,1208,filterLoc,,
4365,1211,filterLoc,,
4365,1214,filterLoc,,
4365,1217,filterLoc,,
4365,1220,filterLoc,,
4365,1223,filterLoc,,
4365,1226,filterLoc,,
4365,1229,filterLoc,,
4365,1232,filterLoc,,
4365,1235,filterLoc,,
4365,1238,filterLoc,,
4365,1241,filterLoc,,
4365,1244,filterLoc,,
4365,1247,filterLoc,,
4365,1250,filterLoc,,
4365,1253,filterLoc,,
4365,1256,filterLoc,,
4365,1259,filterLoc,,
4365,1262,filterLoc,,
4365,1265,filterLoc,,
4365,1268,filterLoc,,
4365,1271,filterLoc,,
4365,1274,filterLoc,,;Evacuee;438;in triage category;G;is leaving helicopter;1
4365,1277,filterLoc,,
4365,1280,filterLoc,,
4365,1283,filterLoc,,
4365,1286,filterLoc,,
4365,1289,filterLoc,,
4365,1292,filterLoc,,
4365,1295,filterLoc,,
4365,1298,filterLoc,,
4365,1301,filterLoc,,
4365,1304,filterLoc,,
4365,1307,filterLoc,,
4365,1310,filterLoc,,
4365,1313,filterLoc,,
4365,1316,filterLoc,,
4365,1319,filterLoc,,
4365,1322,filterLoc,,
4365,1325,filterLoc,,
4365,1328,filterLoc,,
4365,1331,filterLoc,,
4365,1334,filterLoc,,
4365,1337,filterLoc,,
4365,1340,filterLoc,,
4365,1343,filterLoc,,
4365,1346,filterLoc,,
4365,1349,filterLoc,,
4365,1352,filterLoc,,
4365,1355,filterLoc,,
4365,1358,filterLoc,,
4365,1361,filterLoc,,
4365,1364,filterLoc,,
4365,1367,filterLoc,,
4365,1370,filterLoc,,
4365,1373,filterLoc,,
4365,1376,filterLoc,,
4365,1379,filterLoc,,
4365,1382,filterLoc,,
4365,1385,filterLoc,,
4365,1388,filterLoc,,
4365,1391,filterLoc,,
4365,1394,filterLoc,,
4365,1397,filterLoc,,
4365,1400,filterLoc,,
4365,1403,filterLoc,,
4365,1406,filterLoc,,
4365,1409,filterLoc,,
4365,1412,filterLoc,,
4365,1415,filterLoc,,
4365,1418,filterLoc,,
4365,1421,filterLoc,,
4365,1424,filterLoc,,
4365,1427,filterLoc,,
4365,1430,filterLoc,,
4365,1433,filterLoc,,
4365,1436,filterLoc,,
4365,1439,filterLoc,,
4365,1442,filterLoc,,
4365,1445,filterLoc,,
4365,1448,filterLoc,,
4365,1451,filterLoc,,
4365,1454,filterLoc,,
4365,1457,filterLoc,,
4365,1460,filterLoc,,
4365,1463,filterLoc,,
4365,1466,filterLoc,,
4365,1469,filterLoc,,
4365,1472,filterLoc,,
4365,1475,filterLoc,,
4365,1478,filterLoc,,
4365,1481,filterLoc,,
4365,1484,filterLoc,,
4365,1487,filterLoc,,
4365,1490,filterLoc,,
4365,1493,filterLoc,,
4365,1496,filterLoc,,
4365,1499,filterLoc,,
4365,1502,filterLoc,,
4365,1505,filterLoc,,
4365,1508,filterLoc,,
4365,1511,filterLoc,,
4365,1514,filterLoc,,
4365,1517,filterLoc,,
4365,119,filterLoc,out,Evacuee 423 in triage category G is not assigned a helicopter
4365,119,filterLoc,,
4365,120,evacuee,,Evacuee;423;in triage state;G;is entering the FOL
4365,122,filterLoc,out,Evacuee 420 in triage category G is not assigned a helicopter
4365,122,filterLoc,,
4365,123,evacuee,,Evacuee;420;in triage state;G;is entering the FOL
4365,125,filterLoc,out,Evacuee 419 in triage category G is not assigned a helicopter
4365,125,filterLoc,,
4365,126,evacuee,,Evacuee;419;in triage state;G;is entering the FOL
4365,134,filterLoc,out,Evacuee 422 in triage category G is not assigned a helicopter
4365,134,filterLoc,,
4365,135,evacuee,,Evacuee;422;in triage state;G;is entering the FOL
4365,197,filterLoc,out,Evacuee 427 in triage category G is not assigned a helicopter
4365,197,filterLoc,,
4365,198,evacuee,,Evacuee;427;in triage state;G;is entering the FOL
4365,330,filterLoc,out,Evacuee 446 in triage category G is not assigned a helicopter
4365,330,filterLoc,,
4365,331,evacuee,,Evacuee;446;in triage state;G;is entering the FOL
4365,336,filterLoc,out,Evacuee 443 in triage category G is not assigned a helicopter
4365,336,filterLoc,,
4365,337,evacuee,,Evacuee;443;in triage state;G;is entering the FOL
4365,465,filterLoc,out,Evacuee 449 in triage category G is not assigned a helicopter
4365,465,filterLoc,,
4365,466,evacuee,,Evacuee;449;in triage state;G;is entering the FOL
4365,597,filterLoc,out,Evacuee 447 in triage category G is not assigned a helicopter
4365,597,filterLoc,,
4365,598,evacuee,,Evacuee;447;in triage state;G;is entering the FOL
4365,1274,filterLoc,out,Evacuee 438 in triage category G is not assigned a helicopter
4365,1274,filterLoc,,
4365,1275,evacuee,,Evacuee;438;in triage state;G;is entering the FOL
4365,120,evacuee,outFOL,Evacuee 423 in triage category G is not assigned a helicopter
4365,120,evacuee,,Evacuee;423;in triage state;G;is at the FOL
4365,123,evacuee,outFOL,Evacuee 420 in triage category G is not assigned a helicopter
4365,123,evacuee,,Evacuee;420;in triage state;G;is at the FOL
4365,126,evacuee,outFOL,Evacuee 419 in triage category G is not assigned a helicopter
4365,126,evacuee,,Evacuee;419;in triage state;G;is at the FOL
4365,135,evacuee,outFOL,Evacuee 422 in triage category G is not assigned a helicopter
4365,135,evacuee,,Evacuee;422;in triage state;G;is at the FOL
4365,198,evacuee,outFOL,Evacuee 427 in triage category G is not assigned a helicopter
4365,198,evacuee,,Evacuee;427;in triage state;G;is at the FOL
4365,223,FOL,,;EvacueeID;7;Triage Status;G;EvacueeID;10;Triage Status;G;EvacueeID;14;Triage Status;G;EvacueeID;16;Triage Status;G;EvacueeID;17;Triage Status;G;EvacueeID;21;Triage Status;G;EvacueeID;27;Triage Status;G;EvacueeID;29;Triage Status;G;EvacueeID;31;Triage Status;G;EvacueeID;35;Triage Status;G;EvacueeID;36;Triage Status;G;EvacueeID;38;Triage Status;G;EvacueeID;42;Triage Status;G;EvacueeID;43;Triage Status;G;EvacueeID;46;Triage Status;G;EvacueeID;47;Triage Status;G;EvacueeID;53;Triage Status;G;EvacueeID;54;Triage Status;G;EvacueeID;56;Triage Status;G;EvacueeID;63;Triage Status;G;EvacueeID;65;Triage Status;G;EvacueeID;68;Triage Status;G;EvacueeID;69;Triage Status;G;EvacueeID;72;Triage Status;G;EvacueeID;73;Triage Status;G;EvacueeID;77;Triage Status;G;EvacueeID;78;Triage Status;G;EvacueeID;82;Triage Status;G;EvacueeID;84;Triage Status;G;EvacueeID;85;Triage Status;G;EvacueeID;88;Triage Status;G;EvacueeID;91;Triage Status;G;EvacueeID;93;Triage Status;G;EvacueeID;94;Triage Status;G;EvacueeID;95;Triage Status;G;EvacueeID;100;Triage Status;G;EvacueeID;106;Triage Status;G;EvacueeID;108;Triage Status;G;EvacueeID;109;Triage Status;G;EvacueeID;112;Triage Status;G;EvacueeID;113;Triage Status;G;EvacueeID;114;Triage Status;G;EvacueeID;122;Triage Status;G;EvacueeID;130;Triage Status;G;EvacueeID;132;Triage Status;G;EvacueeID;136;Triage Status;G;EvacueeID;137;Triage Status;G;EvacueeID;138;Triage Status;G;EvacueeID;139;Triage Status;G;EvacueeID;140;Triage Status;G;EvacueeID;146;Triage Status;G;EvacueeID;147;Triage Status;G;EvacueeID;155;Triage Status;G;EvacueeID;156;Triage Status;G;EvacueeID;158;Triage Status;G;EvacueeID;163;Triage Status;G;EvacueeID;165;Triage Status;G;EvacueeID;166;Triage Status;G;EvacueeID;175;Triage Status;G;EvacueeID;178;Triage Status;G;EvacueeID;179;Triage Status;G;EvacueeID;180;Triage Status;G;EvacueeID;185;Triage Status;G;EvacueeID;186;Triage Status;G;EvacueeID;187;Triage Status;G;EvacueeID;188;Triage Status;G;EvacueeID;189;Triage Status;G;EvacueeID;191;Triage Status;G;EvacueeID;194;Triage Status;G;EvacueeID;196;Triage Status;G;EvacueeID;198;Triage Status;G;EvacueeID;206;Triage Status;G;EvacueeID;207;Triage Status;G;EvacueeID;213;Triage Status;G;EvacueeID;217;Triage Status;G;EvacueeID;218;Triage Status;G;EvacueeID;233;Triage Status;G;EvacueeID;236;Triage Status;G;EvacueeID;237;Triage Status;G;EvacueeID;238;Triage Status;G;EvacueeID;239;Triage Status;G;EvacueeID;242;Triage Status;G;EvacueeID;253;Triage Status;G;EvacueeID;265;Triage Status;G;EvacueeID;268;Triage Status;G;EvacueeID;276;Triage Status;G;EvacueeID;280;Triage Status;G;EvacueeID;281;Triage Status;G;EvacueeID;282;Triage Status;G;EvacueeID;283;Triage Status;G;EvacueeID;284;Triage Status;G;EvacueeID;289;Triage Status;G;EvacueeID;299;Triage Status;G;EvacueeID;300;Triage Status;G;EvacueeID;312;Triage Status;G;EvacueeID;313;Triage Status;G;EvacueeID;316;Triage Status;G;EvacueeID;323;Triage Status;G;EvacueeID;340;Triage Status;G;EvacueeID;341;Triage Status;G;EvacueeID;342;Triage Status;G;EvacueeID;344;Triage Status;G;EvacueeID;346;Triage Status;G;EvacueeID;347;Triage Status;G;EvacueeID;348;Triage Status;G;EvacueeID;349;Triage Status;G;EvacueeID;351;Triage Status;G;EvacueeID;358;Triage Status;G;EvacueeID;361;Triage Status;G;EvacueeID;364;Triage Status;G;EvacueeID;367;Triage Status;G;EvacueeID;373;Triage Status;G;EvacueeID;380;Triage Status;G;EvacueeID;381;Triage Status;G;EvacueeID;382;Triage Status;G;EvacueeID;405;Triage Status;G;EvacueeID;407;Triage Status;G;EvacueeID;411;Triage Status;G;EvacueeID;414;Triage Status;G;EvacueeID;417;Triage Status;G;EvacueeID;419;Triage Status;G;EvacueeID;420;Triage Status;G;EvacueeID;422;Triage Status;G;EvacueeID;423;Triage Status;G;EvacueeID;427;Triage Status;G;EvacueeID;438;Triage Status;G;EvacueeID;443;Triage Status;G;EvacueeID;446;Triage Status;G;EvacueeID;447;Triage Status;G;EvacueeID;449;Triage Status;G;Lives Saved;130
4365,331,evacuee,outFOL,Evacuee 446 in triage category G is not assigned a helicopter
4365,331,evacuee,,Evacuee;446;in triage state;G;is at the FOL
4365,337,evacuee,outFOL,Evacuee 443 in triage category G is not assigned a helicopter
4365,337,evacuee,,Evacuee;443;in triage state;G;is at the FOL
4365,466,evacuee,outFOL,Evacuee 449 in triage category G is not assigned a helicopter
4365,466,evacuee,,Evacuee;449;in triage state;G;is at the FOL
4365,598,evacuee,outFOL,Evacuee 447 in triage category G is not assigned a helicopter
4365,598,evacuee,,Evacuee;447;in triage state;G;is at the FOL
4365,1275,evacuee,outFOL,Evacuee 438 in triage category G is not assigned a helicopter
4365,1275,evacuee,,Evacuee;438;in triage state;G;is at the FOL
4365,223,FOL,,;EvacueeID;7;Triage Status;G;EvacueeID;10;Triage Status;G;EvacueeID;14;Triage Status;G;EvacueeID;16;Triage Status;G;EvacueeID;17;Triage Status;G;EvacueeID;21;Triage Status;G;EvacueeID;27;Triage Status;G;EvacueeID;29;Triage Status;G;EvacueeID;31;Triage Status;G;EvacueeID;35;Triage Status;G;EvacueeID;36;Triage Status;G;EvacueeID;38;Triage Status;G;EvacueeID;42;Triage Status;G;EvacueeID;43;Triage Status;G;EvacueeID;46;Triage Status;G;EvacueeID;47;Triage Status;G;EvacueeID;53;Triage Status;G;EvacueeID;54;Triage Status;G;EvacueeID;56;Triage Status;G;EvacueeID;63;Triage Status;G;EvacueeID;65;Triage Status;G;EvacueeID;68;Triage Status;G;EvacueeID;69;Triage Status;G;EvacueeID;72;Triage Status;G;EvacueeID;73;Triage Status;G;EvacueeID;77;Triage Status;G;EvacueeID;78;Triage Status;G;EvacueeID;82;Triage Status;G;EvacueeID;84;Triage Status;G;EvacueeID;85;Triage Status;G;EvacueeID;88;Triage Status;G;EvacueeID;91;Triage Status;G;EvacueeID;93;Triage Status;G;EvacueeID;94;Triage Status;G;EvacueeID;95;Triage Status;G;EvacueeID;100;Triage Status;G;EvacueeID;106;Triage Status;G;EvacueeID;108;Triage Status;G;EvacueeID;109;Triage Status;G;EvacueeID;112;Triage Status;G;EvacueeID;113;Triage Status;G;EvacueeID;114;Triage Status;G;EvacueeID;122;Triage Status;G;EvacueeID;130;Triage Status;G;EvacueeID;132;Triage Status;G;EvacueeID;136;Triage Status;G;EvacueeID;137;Triage Status;G;EvacueeID;138;Triage Status;G;EvacueeID;139;Triage Status;G;EvacueeID;140;Triage Status;G;EvacueeID;146;Triage Status;G;EvacueeID;147;Triage Status;G;EvacueeID;155;Triage Status;G;EvacueeID;156;Triage Status;G;EvacueeID;158;Triage Status;G;EvacueeID;163;Triage Status;G;EvacueeID;165;Triage Status;G;EvacueeID;166;Triage Status;G;EvacueeID;175;Triage Status;G;EvacueeID;178;Triage Status;G;EvacueeID;179;Triage Status;G;EvacueeID;180;Triage Status;G;EvacueeID;185;Triage Status;G;EvacueeID;186;Triage Status;G;EvacueeID;187;Triage Status;G;EvacueeID;188;Triage Status;G;EvacueeID;189;Triage Status;G;EvacueeID;191;Triage Status;G;EvacueeID;194;Triage Status;G;EvacueeID;196;Triage Status;G;EvacueeID;198;Triage Status;G;EvacueeID;206;Triage Status;G;EvacueeID;207;Triage Status;G;EvacueeID;213;Triage Status;G;EvacueeID;217;Triage Status;G;EvacueeID;218;Triage Status;G;EvacueeID;233;Triage Status;G;EvacueeID;236;Triage Status;G;EvacueeID;237;Triage Status;G;EvacueeID;238;Triage Status;G;EvacueeID;239;Triage Status;G;EvacueeID;242;Triage Status;G;EvacueeID;253;Triage Status;G;EvacueeID;265;Triage Status;G;EvacueeID;268;Triage Status;G;EvacueeID;276;Triage Status;G;EvacueeID;280;Triage Status;G;EvacueeID;281;Triage Status;G;EvacueeID;282;Triage Status;G;EvacueeID;283;Triage Status;G;EvacueeID;284;Triage Status;G;EvacueeID;289;Triage Status;G;EvacueeID;299;Triage Status;G;EvacueeID;300;Triage Status;G;EvacueeID;312;Triage Status;G;EvacueeID;313;Triage Status;G;EvacueeID;316;Triage Status;G;EvacueeID;323;Triage Status;G;EvacueeID;340;Triage Status;G;EvacueeID;341;Triage Status;G;EvacueeID;342;Triage Status;G;EvacueeID;344;Triage Status;G;EvacueeID;346;Triage Status;G;EvacueeID;347;Triage Status;G;EvacueeID;348;Triage Status;G;EvacueeID;349;Triage Status;G;EvacueeID;351;Triage Status;G;EvacueeID;358;Triage Status;G;EvacueeID;361;Triage Status;G;EvacueeID;364;Triage Status;G;EvacueeID;367;Triage Status;G;EvacueeID;373;Triage Status;G;EvacueeID;380;Triage Status;G;EvacueeID;381;Triage Status;G;EvacueeID;382;Triage Status;G;EvacueeID;405;Triage Status;G;EvacueeID;407;Triage Status;G;EvacueeID;411;Triage Status;G;EvacueeID;414;Triage Status;G;EvacueeID;417;Triage Status;G;EvacueeID;419;Triage Status;G;EvacueeID;420;Triage Status;G;EvacueeID;422;Triage Status;G;EvacueeID;423;Triage Status;G;EvacueeID;427;Triage Status;G;EvacueeID;438;Triage Status;G;EvacueeID;443;Triage Status;G;EvacueeID;446;Triage Status;G;EvacueeID;447;Triage Status;G;EvacueeID;449;Triage Status;G;Lives Saved;130
4380,1161,helicopter,,Helicopter;1;Is going to the evacuation site;;and has;0;spots taken
4425,7,filterLoc,,
4425,10,filterLoc,,
4425,13,filterLoc,,
4425,16,filterLoc,,
4425,19,filterLoc,,
4425,22,filterLoc,,
4425,25,filterLoc,,
4425,28,filterLoc,,
4425,31,filterLoc,,
4425,34,filterLoc,,
4425,37,filterLoc,,
4425,40,filterLoc,,
4425,43,filterLoc,,
4425,46,filterLoc,,;Evacuee;475;in triage category;G;is leaving helicopter;2
4425,49,filterLoc,,;Evacuee;472;in triage category;G;is leaving helicopter;2
4425,52,filterLoc,,;Evacuee;471;in triage category;G;is leaving helicopter;2
4425,55,filterLoc,,;Evacuee;468;in triage category;G;is leaving helicopter;2
4425,58,filterLoc,,;Evacuee;463;in triage category;G;is leaving helicopter;2
4425,61,filterLoc,,
4425,64,filterLoc,,
4425,67,filterLoc,,
4425,70,filterLoc,,
4425,73,filterLoc,,
4425,76,filterLoc,,
4425,79,filterLoc,,
4425,82,filterLoc,,
4425,85,filterLoc,,
4425,88,filterLoc,,
4425,91,filterLoc,,
4425,94,filterLoc,,
4425,97,filterLoc,,
4425,100,filterLoc,,
4425,107,filterLoc,,
4425,110,filterLoc,,
4425,113,filterLoc,,
4425,116,filterLoc,,
4425,119,filterLoc,,
4425,122,filterLoc,,
4425,125,filterLoc,,
4425,128,filterLoc,,
4425,131,filterLoc,,
4425,134,filterLoc,,
4425,137,filterLoc,,
4425,140,filterLoc,,
4425,143,filterLoc,,
4425,146,filterLoc,,
4425,149,filterLoc,,
4425,152,filterLoc,,
4425,155,filterLoc,,
4425,158,filterLoc,,
4425,161,filterLoc,,
4425,164,filterLoc,,
4425,167,filterLoc,,
4425,170,filterLoc,,
4425,173,filterLoc,,
4425,176,filterLoc,,
4425,179,filterLoc,,
4425,182,filterLoc,,
4425,185,filterLoc,,
4425,188,filterLoc,,
4425,191,filterLoc,,
4425,194,filterLoc,,
4425,197,filterLoc,,
4425,200,filterLoc,,
4425,203,filterLoc,,
4425,206,filterLoc,,
4425,209,filterLoc,,
4425,212,filterLoc,,
4425,215,filterLoc,,
4425,218,filterLoc,,
4425,221,filterLoc,,
4425,225,filterLoc,,
4425,228,filterLoc,,
4425,231,filterLoc,,
4425,234,filterLoc,,
4425,237,filterLoc,,
4425,240,filterLoc,,
4425,243,filterLoc,,
4425,246,filterLoc,,
4425,249,filterLoc,,
4425,252,filterLoc,,
4425,255,filterLoc,,
4425,258,filterLoc,,
4425,261,filterLoc,,
4425,264,filterLoc,,
4425,267,filterLoc,,
4425,270,filterLoc,,
4425,273,filterLoc,,
4425,276,filterLoc,,
4425,279,filterLoc,,
4425,282,filterLoc,,
4425,285,filterLoc,,
4425,288,filterLoc,,
4425,291,filterLoc,,
4425,294,filterLoc,,
4425,297,filterLoc,,
4425,300,filterLoc,,
4425,303,filterLoc,,
4425,306,filterLoc,,
4425,309,filterLoc,,
4425,312,filterLoc,,
4425,315,filterLoc,,
4425,318,filterLoc,,
4425,321,filterLoc,,
4425,324,filterLoc,,
4425,327,filterLoc,,
4425,330,filterLoc,,
4425,333,filterLoc,,
4425,336,filterLoc,,
4425,339,filterLoc,,
4425,342,filterLoc,,
4425,345,filterLoc,,
4425,348,filterLoc,,
4425,351,filterLoc,,
4425,354,filterLoc,,
4425,357,filterLoc,,
4425,360,filterLoc,,
4425,363,filterLoc,,
4425,366,filterLoc,,
4425,369,filterLoc,,
4425,372,filterLoc,,
4425,375,filterLoc,,
4425,378,filterLoc,,
4425,381,filterLoc,,
4425,384,filterLoc,,
4425,387,filterLoc,,
4425,390,filterLoc,,
4425,393,filterLoc,,
4425,396,filterLoc,,
4425,399,filterLoc,,
4425,402,filterLoc,,
4425,405,filterLoc,,
4425,408,filterLoc,,
4425,411,filterLoc,,
4425,414,filterLoc,,
4425,417,filterLoc,,
4425,420,filterLoc,,
4425,423,filterLoc,,
4425,426,filterLoc,,
4425,429,filterLoc,,
4425,432,filterLoc,,
4425,435,filterLoc,,
4425,438,filterLoc,,
4425,441,filterLoc,,
4425,444,filterLoc,,
4425,447,filterLoc,,
4425,450,filterLoc,,
4425,453,filterLoc,,
4425,456,filterLoc,,
4425,459,filterLoc,,
4425,462,filterLoc,,
4425,465,filterLoc,,
4425,468,filterLoc,,
4425,471,filterLoc,,
4425,474,filterLoc,,
4425,477,filterLoc,,
4425,480,filterLoc,,
4425,483,filterLoc,,
4425,486,filterLoc,,
4425,489,filterLoc,,
4425,492,filterLoc,,
4425,495,filterLoc,,
4425,498,filterLoc,,
4425,501,filterLoc,,
4425,504,filterLoc,,
4425,507,filterLoc,,
4425,510,filterLoc,,
4425,513,filterLoc,,
4425,516,filterLoc,,
4425,519,filterLoc,,
4425,522,filterLoc,,
4425,525,filterLoc,,
4425,528,filterLoc,,
4425,531,filterLoc,,
4425,534,filterLoc,,
4425,537,filterLoc,,
4425,540,filterLoc,,
4425,543,filterLoc,,
4425,546,filterLoc,,
4425,549,filterLoc,,
4425,552,filterLoc,,
4425,555,filterLoc,,
4425,558,filterLoc,,
4425,561,filterLoc,,
4425,564,filterLoc,,
4425,567,filterLoc,,
4425,570,filterLoc,,
4425,573,filterLoc,,
4425,576,filterLoc,,
4425,579,filterLoc,,
4425,582,filterLoc,,
4425,585,filterLoc,,
4425,588,filterLoc,,
4425,591,filterLoc,,
4425,594,filterLoc,,
4425,597,filterLoc,,
4425,600,filterLoc,,
4425,603,filterLoc,,
4425,606,filterLoc,,
4425,609,filterLoc,,
4425,612,filterLoc,,
4425,615,filterLoc,,
4425,618,filterLoc,,
4425,621,filterLoc,,
4425,624,filterLoc,,
4425,627,filterLoc,,
4425,630,filterLoc,,
4425,633,filterLoc,,
4425,636,filterLoc,,
4425,639,filterLoc,,
4425,642,filterLoc,,
4425,645,filterLoc,,
4425,648,filterLoc,,
4425,651,filterLoc,,
4425,654,filterLoc,,
4425,657,filterLoc,,
4425,660,filterLoc,,
4425,663,filterLoc,,
4425,666,filterLoc,,
4425,669,filterLoc,,
4425,672,filterLoc,,
4425,675,filterLoc,,
4425,678,filterLoc,,;Evacuee;454;in triage category;G;is leaving helicopter;2
4425,681,filterLoc,,
4425,684,filterLoc,,
4425,687,filterLoc,,
4425,690,filterLoc,,
4425,693,filterLoc,,
4425,696,filterLoc,,
4425,699,filterLoc,,
4425,702,filterLoc,,
4425,705,filterLoc,,
4425,708,filterLoc,,
4425,711,filterLoc,,
4425,714,filterLoc,,
4425,717,filterLoc,,
4425,720,filterLoc,,
4425,723,filterLoc,,
4425,726,filterLoc,,
4425,729,filterLoc,,
4425,732,filterLoc,,
4425,735,filterLoc,,
4425,738,filterLoc,,
4425,741,filterLoc,,
4425,744,filterLoc,,
4425,747,filterLoc,,
4425,750,filterLoc,,
4425,753,filterLoc,,
4425,756,filterLoc,,
4425,759,filterLoc,,
4425,762,filterLoc,,
4425,765,filterLoc,,
4425,768,filterLoc,,
4425,771,filterLoc,,
4425,774,filterLoc,,
4425,777,filterLoc,,
4425,780,filterLoc,,
4425,783,filterLoc,,
4425,786,filterLoc,,
4425,789,filterLoc,,
4425,792,filterLoc,,
4425,795,filterLoc,,
4425,798,filterLoc,,
4425,801,filterLoc,,
4425,804,filterLoc,,
4425,807,filterLoc,,
4425,810,filterLoc,,
4425,813,filterLoc,,
4425,816,filterLoc,,
4425,819,filterLoc,,
4425,822,filterLoc,,
4425,825,filterLoc,,
4425,828,filterLoc,,
4425,831,filterLoc,,
4425,834,filterLoc,,
4425,837,filterLoc,,
4425,840,filterLoc,,
4425,843,filterLoc,,
4425,846,filterLoc,,
4425,849,filterLoc,,
4425,852,filterLoc,,
4425,855,filterLoc,,
4425,858,filterLoc,,
4425,861,filterLoc,,
4425,864,filterLoc,,
4425,867,filterLoc,,
4425,870,filterLoc,,
4425,873,filterLoc,,
4425,876,filterLoc,,
4425,879,filterLoc,,
4425,882,filterLoc,,
4425,885,filterLoc,,
4425,888,filterLoc,,
4425,891,filterLoc,,
4425,894,filterLoc,,
4425,897,filterLoc,,
4425,900,filterLoc,,
4425,903,filterLoc,,
4425,906,filterLoc,,
4425,909,filterLoc,,
4425,912,filterLoc,,
4425,915,filterLoc,,
4425,918,filterLoc,,
4425,921,filterLoc,,
4425,924,filterLoc,,
4425,927,filterLoc,,
4425,930,filterLoc,,
4425,933,filterLoc,,
4425,936,filterLoc,,
4425,939,filterLoc,,
4425,942,filterLoc,,
4425,945,filterLoc,,
4425,948,filterLoc,,
4425,951,filterLoc,,
4425,954,filterLoc,,
4425,957,filterLoc,,
4425,960,filterLoc,,
4425,963,filterLoc,,
4425,966,filterLoc,,
4425,969,filterLoc,,
4425,972,filterLoc,,
4425,975,filterLoc,,
4425,978,filterLoc,,
4425,981,filterLoc,,
4425,984,filterLoc,,
4425,987,filterLoc,,
4425,990,filterLoc,,
4425,993,filterLoc,,
4425,996,filterLoc,,
4425,999,filterLoc,,
4425,1002,filterLoc,,
4425,1005,filterLoc,,
4425,1008,filterLoc,,
4425,1011,filterLoc,,
4425,1014,filterLoc,,
4425,1017,filterLoc,,
4425,1020,filterLoc,,
4425,1023,filterLoc,,
4425,1026,filterLoc,,
4425,1029,filterLoc,,
4425,1032,filterLoc,,
4425,1035,filterLoc,,
4425,1038,filterLoc,,
4425,1041,filterLoc,,
4425,1044,filterLoc,,
4425,1047,filterLoc,,
4425,1050,filterLoc,,
4425,1053,filterLoc,,
4425,1056,filterLoc,,
4425,1059,filterLoc,,
4425,1062,filterLoc,,
4425,1065,filterLoc,,
4425,1068,filterLoc,,
4425,1071,filterLoc,,
4425,1074,filterLoc,,
4425,1077,filterLoc,,
4425,1080,filterLoc,,
4425,1083,filterLoc,,
4425,1086,filterLoc,,
4425,1089,filterLoc,,
4425,1092,filterLoc,,
4425,1095,filterLoc,,
4425,1098,filterLoc,,
4425,1101,filterLoc,,
4425,1104,filterLoc,,
4425,1107,filterLoc,,
4425,1110,filterLoc,,
4425,1113,filterLoc,,
4425,1116,filterLoc,,
4425,1121,helicopter,outEvac,Evacuee 232 in triage category Y is not assigned a helicopter
4425,1121,helicopter,outEvac,Evacuee 454 in triage category G is not assigned a helicopter
4425,1121,helicopter,outEvac,Evacuee 463 in triage category G is not assigned a helicopter
4425,1121,helicopter,outEvac,Evacuee 468 in triage category G is not assigned a helicopter
4425,1121,helicopter,outEvac,Evacuee 471 in triage category G is not assigned a helicopter
4425,1121,helicopter,outEvac,Evacuee 472 in triage category G is not assigned a helicopter
4425,1121,helicopter,outEvac,Evacuee 475 in triage category G is not assigned a helicopter
4425,1121,helicopter,,Helicopter;2;is unloading people at the FOL;;and has;0;spots taken
4425,1123,filterLoc,,
4425,1126,filterLoc,,
4425,1129,filterLoc,,
4425,1132,filterLoc,,
4425,1135,filterLoc,,
4425,1138,filterLoc,,
4425,1141,filterLoc,,
4425,1144,filterLoc,,
4425,1147,filterLoc,,
4425,1150,filterLoc,,
4425,1153,filterLoc,,
4425,1156,filterLoc,,
4425,1163,filterLoc,,
4425,1166,filterLoc,,
4425,1169,filterLoc,,
4425,1172,filterLoc,,
4425,1175,filterLoc,,
4425,1178,filterLoc,,
4425,1181,filterLoc,,
4425,1184,filterLoc,,
4425,1187,filterLoc,,
4425,1190,filterLoc,,
4425,1193,filterLoc,,
4425,1196,filterLoc,,
4425,1199,filterLoc,,
4425,1202,filterLoc,,
4425,1205,filterLoc,,
4425,1208,filterLoc,,
4425,1211,filterLoc,,
4425,1214,filterLoc,,
4425,1217,filterLoc,,
4425,1220,filterLoc,,
4425,1223,filterLoc,,
4425,1226,filterLoc,,
4425,1229,filterLoc,,
4425,1232,filterLoc,,
4425,1235,filterLoc,,
4425,1238,filterLoc,,
4425,1241,filterLoc,,
4425,1244,filterLoc,,
4425,1247,filterLoc,,
4425,1250,filterLoc,,
4425,1253,filterLoc,,
4425,1256,filterLoc,,
4425,1259,filterLoc,,
4425,1262,filterLoc,,
4425,1265,filterLoc,,
4425,1268,filterLoc,,
4425,1271,filterLoc,,
4425,1274,filterLoc,,
4425,1277,filterLoc,,
4425,1280,filterLoc,,
4425,1283,filterLoc,,
4425,1286,filterLoc,,
4425,1289,filterLoc,,
4425,1292,filterLoc,,
4425,1295,filterLoc,,
4425,1298,filterLoc,,
4425,1301,filterLoc,,
4425,1304,filterLoc,,
4425,1307,filterLoc,,
4425,1310,filterLoc,,
4425,1313,filterLoc,,
4425,1316,filterLoc,,
4425,1319,filterLoc,,;Evacuee;232;in triage category;Y;is leaving helicopter;2
4425,1322,filterLoc,,
4425,1325,filterLoc,,
4425,1328,filterLoc,,
4425,1331,filterLoc,,
4425,1334,filterLoc,,
4425,1337,filterLoc,,
4425,1340,filterLoc,,
4425,1343,filterLoc,,
4425,1346,filterLoc,,
4425,1349,filterLoc,,
4425,1352,filterLoc,,
4425,1355,filterLoc,,
4425,1358,filterLoc,,
4425,1361,filterLoc,,
4425,1364,filterLoc,,
4425,1367,filterLoc,,
4425,1370,filterLoc,,
4425,1373,filterLoc,,
4425,1376,filterLoc,,
4425,1379,filterLoc,,
4425,1382,filterLoc,,
4425,1385,filterLoc,,
4425,1388,filterLoc,,
4425,1391,filterLoc,,
4425,1394,filterLoc,,
4425,1397,filterLoc,,
4425,1400,filterLoc,,
4425,1403,filterLoc,,
4425,1406,filterLoc,,
4425,1409,filterLoc,,
4425,1412,filterLoc,,
4425,1415,filterLoc,,
4425,1418,filterLoc,,
4425,1421,filterLoc,,
4425,1424,filterLoc,,
4425,1427,filterLoc,,
4425,1430,filterLoc,,
4425,1433,filterLoc,,
4425,1436,filterLoc,,
4425,1439,filterLoc,,
4425,1442,filterLoc,,
4425,1445,filterLoc,,
4425,1448,filterLoc,,
4425,1451,filterLoc,,
4425,1454,filterLoc,,
4425,1457,filterLoc,,
4425,1460,filterLoc,,
4425,1463,filterLoc,,
4425,1466,filterLoc,,
4425,1469,filterLoc,,
4425,1472,filterLoc,,
4425,1475,filterLoc,,
4425,1478,filterLoc,,
4425,1481,filterLoc,,
4425,1484,filterLoc,,
4425,1487,filterLoc,,
4425,1490,filterLoc,,
4425,1493,filterLoc,,
4425,1496,filterLoc,,
4425,1499,filterLoc,,
4425,1502,filterLoc,,
4425,1505,filterLoc,,
4425,1508,filterLoc,,
4425,1511,filterLoc,,
4425,1514,filterLoc,,
4425,1517,filterLoc,,
4425,46,filterLoc,out,Evacuee 475 in triage category G is not assigned a helicopter
4425,46,filterLoc,,
4425,47,evacuee,,Evacuee;475;in triage state;G;is entering the FOL
4425,49,filterLoc,out,Evacuee 472 in triage category G is not assigned a helicopter
4425,49,filterLoc,,
4425,50,evacuee,,Evacuee;472;in triage state;G;is entering the FOL
4425,52,filterLoc,out,Evacuee 471 in triage category G is not assigned a helicopter
4425,52,filterLoc,,
4425,53,evacuee,,Evacuee;471;in triage state;G;is entering the FOL
4425,55,filterLoc,out,Evacuee 468 in triage category G is not assigned a helicopter
4425,55,filterLoc,,
4425,56,evacuee,,Evacuee;468;in triage state;G;is entering the FOL
4425,58,filterLoc,out,Evacuee 463 in triage category G is not assigned a helicopter
4425,58,filterLoc,,
4425,59,evacuee,,Evacuee;463;in triage state;G;is entering the FOL
4425,678,filterLoc,out,Evacuee 454 in triage category G is not assigned a helicopter
4425,678,filterLoc,,
4425,679,evacuee,,Evacuee;454;in triage state;G;is entering the FOL
4425,1319,filterLoc,out,Evacuee 232 in triage category Y is not assigned a helicopter
4425,1319,filterLoc,,
4425,1320,evacuee,,Evacuee;232;in triage state;Y;is entering the FOL
4425,47,evacuee,outFOL,Evacuee 475 in triage category G is not assigned a helicopter
4425,47,evacuee,,Evacuee;475;in triage state;G;is at the FOL
4425,50,evacuee,outFOL,Evacuee 472 in triage category G is not assigned a helicopter
4425,50,evacuee,,Evacuee;472;in triage state;G;is at the FOL
4425,53,evacuee,outFOL,Evacuee 471 in triage category G is not assigned a helicopter
4425,53,evacuee,,Evacuee;471;in triage state;G;is at the FOL
4425,56,evacuee,outFOL,Evacuee 468 in triage category G is not assigned a helicopter
4425,56,evacuee,,Evacuee;468;in triage state;G;is at the FOL
4425,59,evacuee,outFOL,Evacuee 463 in triage category G is not assigned a helicopter
4425,59,evacuee,,Evacuee;463;in triage state;G;is at the FOL
4425,223,FOL,,;EvacueeID;7;Triage Status;G;EvacueeID;10;Triage Status;G;EvacueeID;14;Triage Status;G;EvacueeID;16;Triage Status;G;EvacueeID;17;Triage Status;G;EvacueeID;21;Triage Status;G;EvacueeID;27;Triage Status;G;EvacueeID;29;Triage Status;G;EvacueeID;31;Triage Status;G;EvacueeID;35;Triage Status;G;EvacueeID;36;Triage Status;G;EvacueeID;38;Triage Status;G;EvacueeID;42;Triage Status;G;EvacueeID;43;Triage Status;G;EvacueeID;46;Triage Status;G;EvacueeID;47;Triage Status;G;EvacueeID;53;Triage Status;G;EvacueeID;54;Triage Status;G;EvacueeID;56;Triage Status;G;EvacueeID;63;Triage Status;G;EvacueeID;65;Triage Status;G;EvacueeID;68;Triage Status;G;EvacueeID;69;Triage Status;G;EvacueeID;72;Triage Status;G;EvacueeID;73;Triage Status;G;EvacueeID;77;Triage Status;G;EvacueeID;78;Triage Status;G;EvacueeID;82;Triage Status;G;EvacueeID;84;Triage Status;G;EvacueeID;85;Triage Status;G;EvacueeID;88;Triage Status;G;EvacueeID;91;Triage Status;G;EvacueeID;93;Triage Status;G;EvacueeID;94;Triage Status;G;EvacueeID;95;Triage Status;G;EvacueeID;100;Triage Status;G;EvacueeID;106;Triage Status;G;EvacueeID;108;Triage Status;G;EvacueeID;109;Triage Status;G;EvacueeID;112;Triage Status;G;EvacueeID;113;Triage Status;G;EvacueeID;114;Triage Status;G;EvacueeID;122;Triage Status;G;EvacueeID;130;Triage Status;G;EvacueeID;132;Triage Status;G;EvacueeID;136;Triage Status;G;EvacueeID;137;Triage Status;G;EvacueeID;138;Triage Status;G;EvacueeID;139;Triage Status;G;EvacueeID;140;Triage Status;G;EvacueeID;146;Triage Status;G;EvacueeID;147;Triage Status;G;EvacueeID;155;Triage Status;G;EvacueeID;156;Triage Status;G;EvacueeID;158;Triage Status;G;EvacueeID;163;Triage Status;G;EvacueeID;165;Triage Status;G;EvacueeID;166;Triage Status;G;EvacueeID;175;Triage Status;G;EvacueeID;178;Triage Status;G;EvacueeID;179;Triage Status;G;EvacueeID;180;Triage Status;G;EvacueeID;185;Triage Status;G;EvacueeID;186;Triage Status;G;EvacueeID;187;Triage Status;G;EvacueeID;188;Triage Status;G;EvacueeID;189;Triage Status;G;EvacueeID;191;Triage Status;G;EvacueeID;194;Triage Status;G;EvacueeID;196;Triage Status;G;EvacueeID;198;Triage Status;G;EvacueeID;206;Triage Status;G;EvacueeID;207;Triage Status;G;EvacueeID;213;Triage Status;G;EvacueeID;217;Triage Status;G;EvacueeID;218;Triage Status;G;EvacueeID;233;Triage Status;G;EvacueeID;236;Triage Status;G;EvacueeID;237;Triage Status;G;EvacueeID;238;Triage Status;G;EvacueeID;239;Triage Status;G;EvacueeID;242;Triage Status;G;EvacueeID;253;Triage Status;G;EvacueeID;265;Triage Status;G;EvacueeID;268;Triage Status;G;EvacueeID;276;Triage Status;G;EvacueeID;280;Triage Status;G;EvacueeID;281;Triage Status;G;EvacueeID;282;Triage Status;G;EvacueeID;283;Triage Status;G;EvacueeID;284;Triage Status;G;EvacueeID;289;Triage Status;G;EvacueeID;299;Triage Status;G;EvacueeID;300;Triage Status;G;EvacueeID;312;Triage Status;G;EvacueeID;313;Triage Status;G;EvacueeID;316;Triage Status;G;EvacueeID;323;Triage Status;G;EvacueeID;340;Triage Status;G;EvacueeID;341;Triage Status;G;EvacueeID;342;Triage Status;G;EvacueeID;344;Triage Status;G;EvacueeID;346;Triage Status;G;EvacueeID;347;Triage Status;G;EvacueeID;348;Triage Status;G;EvacueeID;349;Triage Status;G;EvacueeID;351;Triage Status;G;EvacueeID;358;Triage Status;G;EvacueeID;361;Triage Status;G;EvacueeID;364;Triage Status;G;EvacueeID;367;Triage Status;G;EvacueeID;373;Triage Status;G;EvacueeID;380;Triage Status;G;EvacueeID;381;Triage Status;G;EvacueeID;382;Triage Status;G;EvacueeID;405;Triage Status;G;EvacueeID;407;Triage Status;G;EvacueeID;411;Triage Status;G;EvacueeID;414;Triage Status;G;EvacueeID;417;Triage Status;G;EvacueeID;419;Triage Status;G;EvacueeID;420;Triage Status;G;EvacueeID;422;Triage Status;G;EvacueeID;423;Triage Status;G;EvacueeID;427;Triage Status;G;EvacueeID;438;Triage Status;G;EvacueeID;443;Triage Status;G;EvacueeID;446;Triage Status;G;EvacueeID;447;Triage Status;G;EvacueeID;449;Triage Status;G;EvacueeID;232;Triage Status;Y;EvacueeID;454;Triage Status;G;EvacueeID;463;Triage Status;G;EvacueeID;468;Triage Status;G;EvacueeID;471;Triage Status;G;EvacueeID;472;Triage Status;G;EvacueeID;475;Triage Status;G;Lives Saved;137
4425,679,evacuee,outFOL,Evacuee 454 in triage category G is not assigned a helicopter
4425,679,evacuee,,Evacuee;454;in triage state;G;is at the FOL
4425,1320,evacuee,outFOL,Evacuee 232 in triage category Y is not assigned a helicopter
4425,1320,evacuee,,Evacuee;232;in triage state;Y;is at the FOL
4425,223,FOL,,;EvacueeID;7;Triage Status;G;EvacueeID;10;Triage Status;G;EvacueeID;14;Triage Status;G;EvacueeID;16;Triage Status;G;EvacueeID;17;Triage Status;G;EvacueeID;21;Triage Status;G;EvacueeID;27;Triage Status;G;EvacueeID;29;Triage Status;G;EvacueeID;31;Triage Status;G;EvacueeID;35;Triage Status;G;EvacueeID;36;Triage Status;G;EvacueeID;38;Triage Status;G;EvacueeID;42;Triage Status;G;EvacueeID;43;Triage Status;G;EvacueeID;46;Triage Status;G;EvacueeID;47;Triage Status;G;EvacueeID;53;Triage Status;G;EvacueeID;54;Triage Status;G;EvacueeID;56;Triage Status;G;EvacueeID;63;Triage Status;G;EvacueeID;65;Triage Status;G;EvacueeID;68;Triage Status;G;EvacueeID;69;Triage Status;G;EvacueeID;72;Triage Status;G;EvacueeID;73;Triage Status;G;EvacueeID;77;Triage Status;G;EvacueeID;78;Triage Status;G;EvacueeID;82;Triage Status;G;EvacueeID;84;Triage Status;G;EvacueeID;85;Triage Status;G;EvacueeID;88;Triage Status;G;EvacueeID;91;Triage Status;G;EvacueeID;93;Triage Status;G;EvacueeID;94;Triage Status;G;EvacueeID;95;Triage Status;G;EvacueeID;100;Triage Status;G;EvacueeID;106;Triage Status;G;EvacueeID;108;Triage Status;G;EvacueeID;109;Triage Status;G;EvacueeID;112;Triage Status;G;EvacueeID;113;Triage Status;G;EvacueeID;114;Triage Status;G;EvacueeID;122;Triage Status;G;EvacueeID;130;Triage Status;G;EvacueeID;132;Triage Status;G;EvacueeID;136;Triage Status;G;EvacueeID;137;Triage Status;G;EvacueeID;138;Triage Status;G;EvacueeID;139;Triage Status;G;EvacueeID;140;Triage Status;G;EvacueeID;146;Triage Status;G;EvacueeID;147;Triage Status;G;EvacueeID;155;Triage Status;G;EvacueeID;156;Triage Status;G;EvacueeID;158;Triage Status;G;EvacueeID;163;Triage Status;G;EvacueeID;165;Triage Status;G;EvacueeID;166;Triage Status;G;EvacueeID;175;Triage Status;G;EvacueeID;178;Triage Status;G;EvacueeID;179;Triage Status;G;EvacueeID;180;Triage Status;G;EvacueeID;185;Triage Status;G;EvacueeID;186;Triage Status;G;EvacueeID;187;Triage Status;G;EvacueeID;188;Triage Status;G;EvacueeID;189;Triage Status;G;EvacueeID;191;Triage Status;G;EvacueeID;194;Triage Status;G;EvacueeID;196;Triage Status;G;EvacueeID;198;Triage Status;G;EvacueeID;206;Triage Status;G;EvacueeID;207;Triage Status;G;EvacueeID;213;Triage Status;G;EvacueeID;217;Triage Status;G;EvacueeID;218;Triage Status;G;EvacueeID;233;Triage Status;G;EvacueeID;236;Triage Status;G;EvacueeID;237;Triage Status;G;EvacueeID;238;Triage Status;G;EvacueeID;239;Triage Status;G;EvacueeID;242;Triage Status;G;EvacueeID;253;Triage Status;G;EvacueeID;265;Triage Status;G;EvacueeID;268;Triage Status;G;EvacueeID;276;Triage Status;G;EvacueeID;280;Triage Status;G;EvacueeID;281;Triage Status;G;EvacueeID;282;Triage Status;G;EvacueeID;283;Triage Status;G;EvacueeID;284;Triage Status;G;EvacueeID;289;Triage Status;G;EvacueeID;299;Triage Status;G;EvacueeID;300;Triage Status;G;EvacueeID;312;Triage Status;G;EvacueeID;313;Triage Status;G;EvacueeID;316;Triage Status;G;EvacueeID;323;Triage Status;G;EvacueeID;340;Triage Status;G;EvacueeID;341;Triage Status;G;EvacueeID;342;Triage Status;G;EvacueeID;344;Triage Status;G;EvacueeID;346;Triage Status;G;EvacueeID;347;Triage Status;G;EvacueeID;348;Triage Status;G;EvacueeID;349;Triage Status;G;EvacueeID;351;Triage Status;G;EvacueeID;358;Triage Status;G;EvacueeID;361;Triage Status;G;EvacueeID;364;Triage Status;G;EvacueeID;367;Triage Status;G;EvacueeID;373;Triage Status;G;EvacueeID;380;Triage Status;G;EvacueeID;381;Triage Status;G;EvacueeID;382;Triage Status;G;EvacueeID;405;Triage Status;G;EvacueeID;407;Triage Status;G;EvacueeID;411;Triage Status;G;EvacueeID;414;Triage Status;G;EvacueeID;417;Triage Status;G;EvacueeID;419;Triage Status;G;EvacueeID;420;Triage Status;G;EvacueeID;422;Triage Status;G;EvacueeID;423;Triage Status;G;EvacueeID;427;Triage Status;G;EvacueeID;438;Triage Status;G;EvacueeID;443;Triage Status;G;EvacueeID;446;Triage Status;G;EvacueeID;447;Triage Status;G;EvacueeID;449;Triage Status;G;EvacueeID;232;Triage Status;Y;EvacueeID;454;Triage Status;G;EvacueeID;463;Triage Status;G;EvacueeID;468;Triage Status;G;EvacueeID;471;Triage Status;G;EvacueeID;472;Triage Status;G;EvacueeID;475;Triage Status;G;Lives Saved;137
4440,1121,helicopter,,Helicopter;2;Is going to the evacuation site;;and has;0;spots taken
4485,7,filterLoc,,
4485,10,filterLoc,,
4485,13,filterLoc,,
4485,16,filterLoc,,
4485,19,filterLoc,,
4485,22,filterLoc,,
4485,25,filterLoc,,
4485,28,filterLoc,,
4485,31,filterLoc,,
4485,34,filterLoc,,
4485,37,filterLoc,,
4485,40,filterLoc,,
4485,43,filterLoc,,
4485,46,filterLoc,,
4485,49,filterLoc,,
4485,52,filterLoc,,
4485,55,filterLoc,,
4485,58,filterLoc,,
4485,61,filterLoc,,
4485,64,filterLoc,,
4485,67,filterLoc,,
4485,70,filterLoc,,
4485,73,filterLoc,,
4485,76,filterLoc,,
4485,79,filterLoc,,
4485,82,filterLoc,,
4485,85,filterLoc,,
4485,88,filterLoc,,
4485,91,filterLoc,,
4485,94,filterLoc,,
4485,97,filterLoc,,
4485,100,filterLoc,,
4485,105,helicopter,outEvac,Evacuee 99 in triage category Y is not assigned a helicopter
4485,105,helicopter,outEvac,Evacuee 205 in triage category Y is not assigned a helicopter
4485,105,helicopter,outEvac,Evacuee 288 in triage category Y is not assigned a helicopter
4485,105,helicopter,,Helicopter;3;is unloading people at the FOL;;and has;0;spots taken
4485,107,filterLoc,,
4485,110,filterLoc,,
4485,113,filterLoc,,
4485,116,filterLoc,,
4485,119,filterLoc,,
4485,122,filterLoc,,
4485,125,filterLoc,,
4485,128,filterLoc,,
4485,131,filterLoc,,
4485,134,filterLoc,,
4485,137,filterLoc,,
4485,140,filterLoc,,
4485,143,filterLoc,,
4485,146,filterLoc,,
4485,149,filterLoc,,
4485,152,filterLoc,,
4485,155,filterLoc,,
4485,158,filterLoc,,
4485,161,filterLoc,,
4485,164,filterLoc,,
4485,167,filterLoc,,
4485,170,filterLoc,,
4485,173,filterLoc,,
4485,176,filterLoc,,
4485,179,filterLoc,,
4485,182,filterLoc,,
4485,185,filterLoc,,
4485,188,filterLoc,,
4485,191,filterLoc,,
4485,194,filterLoc,,
4485,197,filterLoc,,
4485,200,filterLoc,,
4485,203,filterLoc,,
4485,206,filterLoc,,
4485,209,filterLoc,,
4485,212,filterLoc,,
4485,215,filterLoc,,
4485,218,filterLoc,,
4485,221,filterLoc,,
4485,225,filterLoc,,
4485,228,filterLoc,,
4485,231,filterLoc,,
4485,234,filterLoc,,
4485,237,filterLoc,,
4485,240,filterLoc,,
4485,243,filterLoc,,
4485,246,filterLoc,,
4485,249,filterLoc,,
4485,252,filterLoc,,
4485,255,filterLoc,,
4485,258,filterLoc,,
4485,261,filterLoc,,
4485,264,filterLoc,,
4485,267,filterLoc,,
4485,270,filterLoc,,
4485,273,filterLoc,,
4485,276,filterLoc,,
4485,279,filterLoc,,
4485,282,filterLoc,,
4485,285,filterLoc,,
4485,288,filterLoc,,
4485,291,filterLoc,,
4485,294,filterLoc,,
4485,297,filterLoc,,
4485,300,filterLoc,,
4485,303,filterLoc,,
4485,306,filterLoc,,
4485,309,filterLoc,,
4485,312,filterLoc,,
4485,315,filterLoc,,
4485,318,filterLoc,,
4485,321,filterLoc,,
4485,324,filterLoc,,
4485,327,filterLoc,,
4485,330,filterLoc,,
4485,333,filterLoc,,
4485,336,filterLoc,,
4485,339,filterLoc,,
4485,342,filterLoc,,
4485,345,filterLoc,,
4485,348,filterLoc,,
4485,351,filterLoc,,
4485,354,filterLoc,,
4485,357,filterLoc,,
4485,360,filterLoc,,
4485,363,filterLoc,,
4485,366,filterLoc,,
4485,369,filterLoc,,
4485,372,filterLoc,,
4485,375,filterLoc,,
4485,378,filterLoc,,
4485,381,filterLoc,,;Evacuee;288;in triage category;Y;is leaving helicopter;3
4485,384,filterLoc,,
4485,387,filterLoc,,
4485,390,filterLoc,,
4485,393,filterLoc,,
4485,396,filterLoc,,
4485,399,filterLoc,,
4485,402,filterLoc,,
4485,405,filterLoc,,
4485,408,filterLoc,,
4485,411,filterLoc,,
4485,414,filterLoc,,
4485,417,filterLoc,,
4485,420,filterLoc,,
4485,423,filterLoc,,
4485,426,filterLoc,,
4485,429,filterLoc,,
4485,432,filterLoc,,
4485,435,filterLoc,,
4485,438,filterLoc,,
4485,441,filterLoc,,
4485,444,filterLoc,,
4485,447,filterLoc,,
4485,450,filterLoc,,
4485,453,filterLoc,,
4485,456,filterLoc,,
4485,459,filterLoc,,
4485,462,filterLoc,,
4485,465,filterLoc,,
4485,468,filterLoc,,
4485,471,filterLoc,,
4485,474,filterLoc,,
4485,477,filterLoc,,
4485,480,filterLoc,,
4485,483,filterLoc,,
4485,486,filterLoc,,
4485,489,filterLoc,,
4485,492,filterLoc,,
4485,495,filterLoc,,
4485,498,filterLoc,,
4485,501,filterLoc,,
4485,504,filterLoc,,
4485,507,filterLoc,,
4485,510,filterLoc,,
4485,513,filterLoc,,
4485,516,filterLoc,,
4485,519,filterLoc,,
4485,522,filterLoc,,
4485,525,filterLoc,,
4485,528,filterLoc,,
4485,531,filterLoc,,
4485,534,filterLoc,,
4485,537,filterLoc,,
4485,540,filterLoc,,
4485,543,filterLoc,,
4485,546,filterLoc,,
4485,549,filterLoc,,
4485,552,filterLoc,,
4485,555,filterLoc,,
4485,558,filterLoc,,
4485,561,filterLoc,,
4485,564,filterLoc,,
4485,567,filterLoc,,
4485,570,filterLoc,,
4485,573,filterLoc,,
4485,576,filterLoc,,
4485,579,filterLoc,,
4485,582,filterLoc,,
4485,585,filterLoc,,;Evacuee;99;in triage category;Y;is leaving helicopter;3
4485,588,filterLoc,,
4485,591,filterLoc,,
4485,594,filterLoc,,
4485,597,filterLoc,,
4485,600,filterLoc,,
4485,603,filterLoc,,
4485,606,filterLoc,,
4485,609,filterLoc,,
4485,612,filterLoc,,
4485,615,filterLoc,,
4485,618,filterLoc,,
4485,621,filterLoc,,
4485,624,filterLoc,,
4485,627,filterLoc,,
4485,630,filterLoc,,
4485,633,filterLoc,,
4485,636,filterLoc,,
4485,639,filterLoc,,
4485,642,filterLoc,,
4485,645,filterLoc,,
4485,648,filterLoc,,
4485,651,filterLoc,,
4485,654,filterLoc,,
4485,657,filterLoc,,
4485,660,filterLoc,,
4485,663,filterLoc,,
4485,666,filterLoc,,
4485,669,filterLoc,,
4485,672,filterLoc,,
4485,675,filterLoc,,
4485,678,filterLoc,,
4485,681,filterLoc,,
4485,684,filterLoc,,
4485,687,filterLoc,,
4485,690,filterLoc,,
4485,693,filterLoc,,
4485,696,filterLoc,,
4485,699,filterLoc,,
4485,702,filterLoc,,
4485,705,filterLoc,,
4485,708,filterLoc,,
4485,711,filterLoc,,
4485,714,filterLoc,,
4485,717,filterLoc,,
4485,720,filterLoc,,
4485,723,filterLoc,,
4485,726,filterLoc,,
4485,729,filterLoc,,
4485,732,filterLoc,,
4485,735,filterLoc,,
4485,738,filterLoc,,
4485,741,filterLoc,,
4485,744,filterLoc,,
4485,747,filterLoc,,
4485,750,filterLoc,,
4485,753,filterLoc,,
4485,756,filterLoc,,
4485,759,filterLoc,,
4485,762,filterLoc,,
4485,765,filterLoc,,
4485,768,filterLoc,,
4485,771,filterLoc,,
4485,774,filterLoc,,
4485,777,filterLoc,,
4485,780,filterLoc,,
4485,783,filterLoc,,
4485,786,filterLoc,,
4485,789,filterLoc,,
4485,792,filterLoc,,
4485,795,filterLoc,,
4485,798,filterLoc,,
4485,801,filterLoc,,
4485,804,filterLoc,,
4485,807,filterLoc,,
4485,810,filterLoc,,
4485,813,filterLoc,,
4485,816,filterLoc,,
4485,819,filterLoc,,
4485,822,filterLoc,,
4485,825,filterLoc,,
4485,828,filterLoc,,
4485,831,filterLoc,,
4485,834,filterLoc,,
4485,837,filterLoc,,
4485,840,filterLoc,,
4485,843,filterLoc,,
4485,846,filterLoc,,
4485,849,filterLoc,,
4485,852,filterLoc,,
4485,855,filterLoc,,
4485,858,filterLoc,,
4485,861,filterLoc,,
4485,864,filterLoc,,
4485,867,filterLoc,,
4485,870,filterLoc,,
4485,873,filterLoc,,
4485,876,filterLoc,,
4485,879,filterLoc,,
4485,882,filterLoc,,
4485,885,filterLoc,,
4485,888,filterLoc,,
4485,891,filterLoc,,
4485,894,filterLoc,,
4485,897,filterLoc,,
4485,900,filterLoc,,
4485,903,filterLoc,,
4485,906,filterLoc,,
4485,909,filterLoc,,
4485,912,filterLoc,,
4485,915,filterLoc,,
4485,918,filterLoc,,
4485,921,filterLoc,,
4485,924,filterLoc,,
4485,927,filterLoc,,
4485,930,filterLoc,,
4485,933,filterLoc,,
4485,936,filterLoc,,
4485,939,filterLoc,,
4485,942,filterLoc,,
4485,945,filterLoc,,
4485,948,filterLoc,,
4485,951,filterLoc,,
4485,954,filterLoc,,
4485,957,filterLoc,,
4485,960,filterLoc,,
4485,963,filterLoc,,
4485,966,filterLoc,,
4485,969,filterLoc,,
4485,972,filterLoc,,
4485,975,filterLoc,,
4485,978,filterLoc,,
4485,981,filterLoc,,
4485,984,filterLoc,,
4485,987,filterLoc,,
4485,990,filterLoc,,
4485,993,filterLoc,,
4485,996,filterLoc,,
4485,999,filterLoc,,
4485,1002,filterLoc,,
4485,1005,filterLoc,,
4485,1008,filterLoc,,
4485,1011,filterLoc,,
4485,1014,filterLoc,,
4485,1017,filterLoc,,
4485,1020,filterLoc,,
4485,1023,filterLoc,,
4485,1026,filterLoc,,
4485,1029,filterLoc,,
4485,1032,filterLoc,,
4485,1035,filterLoc,,
4485,1038,filterLoc,,
4485,1041,filterLoc,,
4485,1044,filterLoc,,
4485,1047,filterLoc,,
4485,1050,filterLoc,,
4485,1053,filterLoc,,
4485,1056,filterLoc,,
4485,1059,filterLoc,,
4485,1062,filterLoc,,
4485,1065,filterLoc,,
4485,1068,filterLoc,,
4485,1071,filterLoc,,
4485,1074,filterLoc,,
4485,1077,filterLoc,,
4485,1080,filterLoc,,
4485,1083,filterLoc,,
4485,1086,filterLoc,,
4485,1089,filterLoc,,
4485,1092,filterLoc,,
4485,1095,filterLoc,,
4485,1098,filterLoc,,
4485,1101,filterLoc,,
4485,1104,filterLoc,,
4485,1107,filterLoc,,
4485,1110,filterLoc,,
4485,1113,filterLoc,,
4485,1116,filterLoc,,
4485,1123,filterLoc,,
4485,1126,filterLoc,,
4485,1129,filterLoc,,
4485,1132,filterLoc,,
4485,1135,filterLoc,,
4485,1138,filterLoc,,
4485,1141,filterLoc,,
4485,1144,filterLoc,,
4485,1147,filterLoc,,
4485,1150,filterLoc,,
4485,1153,filterLoc,,
4485,1156,filterLoc,,
4485,1163,filterLoc,,
4485,1166,filterLoc,,
4485,1169,filterLoc,,
4485,1172,filterLoc,,
4485,1175,filterLoc,,
4485,1178,filterLoc,,
4485,1181,filterLoc,,
4485,1184,filterLoc,,
4485,1187,filterLoc,,
4485,1190,filterLoc,,
4485,1193,filterLoc,,
4485,1196,filterLoc,,
4485,1199,filterLoc,,
4485,1202,filterLoc,,
4485,1205,filterLoc,,
4485,1208,filterLoc,,
4485,1211,filterLoc,,
4485,1214,filterLoc,,
4485,1217,filterLoc,,
4485,1220,filterLoc,,
4485,1223,filterLoc,,
4485,1226,filterLoc,,
4485,1229,filterLoc,,
4485,1232,filterLoc,,
4485,1235,filterLoc,,
4485,1238,filterLoc,,
4485,1241,filterLoc,,
4485,1244,filterLoc,,
4485,1247,filterLoc,,
4485,1250,filterLoc,,
4485,1253,filterLoc,,
4485,1256,filterLoc,,
4485,1259,filterLoc,,
4485,1262,filterLoc,,
4485,1265,filterLoc,,
4485,1268,filterLoc,,
4485,1271,filterLoc,,
4485,1274,filterLoc,,
4485,1277,filterLoc,,
4485,1280,filterLoc,,
4485,1283,filterLoc,,
4485,1286,filterLoc,,
4485,1289,filterLoc,,
4485,1292,filterLoc,,
4485,1295,filterLoc,,
4485,1298,filterLoc,,
4485,1301,filterLoc,,
4485,1304,filterLoc,,
4485,1307,filterLoc,,
4485,1310,filterLoc,,
4485,1313,filterLoc,,
4485,1316,filterLoc,,
4485,1319,filterLoc,,
4485,1322,filterLoc,,
4485,1325,filterLoc,,
4485,1328,filterLoc,,
4485,1331,filterLoc,,
4485,1334,filterLoc,,
4485,1337,filterLoc,,
4485,1340,filterLoc,,
4485,1343,filterLoc,,
4485,1346,filterLoc,,
4485,1349,filterLoc,,
4485,1352,filterLoc,,
4485,1355,filterLoc,,
4485,1358,filterLoc,,
4485,1361,filterLoc,,
4485,1364,filterLoc,,
4485,1367,filterLoc,,
4485,1370,filterLoc,,
4485,1373,filterLoc,,
4485,1376,filterLoc,,
4485,1379,filterLoc,,
4485,1382,filterLoc,,
4485,1385,filterLoc,,
4485,1388,filterLoc,,
4485,1391,filterLoc,,
4485,1394,filterLoc,,;Evacuee;205;in triage category;Y;is leaving helicopter;3
4485,1397,filterLoc,,
4485,1400,filterLoc,,
4485,1403,filterLoc,,
4485,1406,filterLoc,,
4485,1409,filterLoc,,
4485,1412,filterLoc,,
4485,1415,filterLoc,,
4485,1418,filterLoc,,
4485,1421,filterLoc,,
4485,1424,filterLoc,,
4485,1427,filterLoc,,
4485,1430,filterLoc,,
4485,1433,filterLoc,,
4485,1436,filterLoc,,
4485,1439,filterLoc,,
4485,1442,filterLoc,,
4485,1445,filterLoc,,
4485,1448,filterLoc,,
4485,1451,filterLoc,,
4485,1454,filterLoc,,
4485,1457,filterLoc,,
4485,1460,filterLoc,,
4485,1463,filterLoc,,
4485,1466,filterLoc,,
4485,1469,filterLoc,,
4485,1472,filterLoc,,
4485,1475,filterLoc,,
4485,1478,filterLoc,,
4485,1481,filterLoc,,
4485,1484,filterLoc,,
4485,1487,filterLoc,,
4485,1490,filterLoc,,
4485,1493,filterLoc,,
4485,1496,filterLoc,,
4485,1499,filterLoc,,
4485,1502,filterLoc,,
4485,1505,filterLoc,,
4485,1508,filterLoc,,
4485,1511,filterLoc,,
4485,1514,filterLoc,,
4485,1517,filterLoc,,
4485,381,filterLoc,out,Evacuee 288 in triage category Y is not assigned a helicopter
4485,381,filterLoc,,
4485,382,evacuee,,Evacuee;288;in triage state;Y;is entering the FOL
4485,585,filterLoc,out,Evacuee 99 in triage category Y is not assigned a helicopter
4485,585,filterLoc,,
4485,586,evacuee,,Evacuee;99;in triage state;Y;is entering the FOL
4485,1394,filterLoc,out,Evacuee 205 in triage category Y is not assigned a helicopter
4485,1394,filterLoc,,
4485,1395,evacuee,,Evacuee;205;in triage state;Y;is entering the FOL
4485,223,FOL,,;EvacueeID;7;Triage Status;G;EvacueeID;10;Triage Status;G;EvacueeID;14;Triage Status;G;EvacueeID;16;Triage Status;G;EvacueeID;17;Triage Status;G;EvacueeID;21;Triage Status;G;EvacueeID;27;Triage Status;G;EvacueeID;29;Triage Status;G;EvacueeID;31;Triage Status;G;EvacueeID;35;Triage Status;G;EvacueeID;36;Triage Status;G;EvacueeID;38;Triage Status;G;EvacueeID;42;Triage Status;G;EvacueeID;43;Triage Status;G;EvacueeID;46;Triage Status;G;EvacueeID;47;Triage Status;G;EvacueeID;53;Triage Status;G;EvacueeID;54;Triage Status;G;EvacueeID;56;Triage Status;G;EvacueeID;63;Triage Status;G;EvacueeID;65;Triage Status;G;EvacueeID;68;Triage Status;G;EvacueeID;69;Triage Status;G;EvacueeID;72;Triage Status;G;EvacueeID;73;Triage Status;G;EvacueeID;77;Triage Status;G;EvacueeID;78;Triage Status;G;EvacueeID;82;Triage Status;G;EvacueeID;84;Triage Status;G;EvacueeID;85;Triage Status;G;EvacueeID;88;Triage Status;G;EvacueeID;91;Triage Status;G;EvacueeID;93;Triage Status;G;EvacueeID;94;Triage Status;G;EvacueeID;95;Triage Status;G;EvacueeID;100;Triage Status;G;EvacueeID;106;Triage Status;G;EvacueeID;108;Triage Status;G;EvacueeID;109;Triage Status;G;EvacueeID;112;Triage Status;G;EvacueeID;113;Triage Status;G;EvacueeID;114;Triage Status;G;EvacueeID;122;Triage Status;G;EvacueeID;130;Triage Status;G;EvacueeID;132;Triage Status;G;EvacueeID;136;Triage Status;G;EvacueeID;137;Triage Status;G;EvacueeID;138;Triage Status;G;EvacueeID;139;Triage Status;G;EvacueeID;140;Triage Status;G;EvacueeID;146;Triage Status;G;EvacueeID;147;Triage Status;G;EvacueeID;155;Triage Status;G;EvacueeID;156;Triage Status;G;EvacueeID;158;Triage Status;G;EvacueeID;163;Triage Status;G;EvacueeID;165;Triage Status;G;EvacueeID;166;Triage Status;G;EvacueeID;175;Triage Status;G;EvacueeID;178;Triage Status;G;EvacueeID;179;Triage Status;G;EvacueeID;180;Triage Status;G;EvacueeID;185;Triage Status;G;EvacueeID;186;Triage Status;G;EvacueeID;187;Triage Status;G;EvacueeID;188;Triage Status;G;EvacueeID;189;Triage Status;G;EvacueeID;191;Triage Status;G;EvacueeID;194;Triage Status;G;EvacueeID;196;Triage Status;G;EvacueeID;198;Triage Status;G;EvacueeID;206;Triage Status;G;EvacueeID;207;Triage Status;G;EvacueeID;213;Triage Status;G;EvacueeID;217;Triage Status;G;EvacueeID;218;Triage Status;G;EvacueeID;233;Triage Status;G;EvacueeID;236;Triage Status;G;EvacueeID;237;Triage Status;G;EvacueeID;238;Triage Status;G;EvacueeID;239;Triage Status;G;EvacueeID;242;Triage Status;G;EvacueeID;253;Triage Status;G;EvacueeID;265;Triage Status;G;EvacueeID;268;Triage Status;G;EvacueeID;276;Triage Status;G;EvacueeID;280;Triage Status;G;EvacueeID;281;Triage Status;G;EvacueeID;282;Triage Status;G;EvacueeID;283;Triage Status;G;EvacueeID;284;Triage Status;G;EvacueeID;289;Triage Status;G;EvacueeID;299;Triage Status;G;EvacueeID;300;Triage Status;G;EvacueeID;312;Triage Status;G;EvacueeID;313;Triage Status;G;EvacueeID;316;Triage Status;G;EvacueeID;323;Triage Status;G;EvacueeID;340;Triage Status;G;EvacueeID;341;Triage Status;G;EvacueeID;342;Triage Status;G;EvacueeID;344;Triage Status;G;EvacueeID;346;Triage Status;G;EvacueeID;347;Triage Status;G;EvacueeID;348;Triage Status;G;EvacueeID;349;Triage Status;G;EvacueeID;351;Triage Status;G;EvacueeID;358;Triage Status;G;EvacueeID;361;Triage Status;G;EvacueeID;364;Triage Status;G;EvacueeID;367;Triage Status;G;EvacueeID;373;Triage Status;G;EvacueeID;380;Triage Status;G;EvacueeID;381;Triage Status;G;EvacueeID;382;Triage Status;G;EvacueeID;405;Triage Status;G;EvacueeID;407;Triage Status;G;EvacueeID;411;Triage Status;G;EvacueeID;414;Triage Status;G;EvacueeID;417;Triage Status;G;EvacueeID;419;Triage Status;G;EvacueeID;420;Triage Status;G;EvacueeID;422;Triage Status;G;EvacueeID;423;Triage Status;G;EvacueeID;427;Triage Status;G;EvacueeID;438;Triage Status;G;EvacueeID;443;Triage Status;G;EvacueeID;446;Triage Status;G;EvacueeID;447;Triage Status;G;EvacueeID;449;Triage Status;G;EvacueeID;232;Triage Status;Y;EvacueeID;454;Triage Status;G;EvacueeID;463;Triage Status;G;EvacueeID;468;Triage Status;G;EvacueeID;471;Triage Status;G;EvacueeID;472;Triage Status;G;EvacueeID;475;Triage Status;G;EvacueeID;99;Triage Status;Y;EvacueeID;205;Triage Status;Y;EvacueeID;288;Triage Status;Y;Lives Saved;140
4485,382,evacuee,outFOL,Evacuee 288 in triage category Y is not assigned a helicopter
4485,382,evacuee,,Evacuee;288;in triage state;Y;is at the FOL
4485,586,evacuee,outFOL,Evacuee 99 in triage category Y is not assigned a helicopter
4485,586,evacuee,,Evacuee;99;in triage state;Y;is at the FOL
4485,1395,evacuee,outFOL,Evacuee 205 in triage category Y is not assigned a helicopter
4485,1395,evacuee,,Evacuee;205;in triage state;Y;is at the FOL
4485,223,FOL,,;EvacueeID;7;Triage Status;G;EvacueeID;10;Triage Status;G;EvacueeID;14;Triage Status;G;EvacueeID;16;Triage Status;G;EvacueeID;17;Triage Status;G;EvacueeID;21;Triage Status;G;EvacueeID;27;Triage Status;G;EvacueeID;29;Triage Status;G;EvacueeID;31;Triage Status;G;EvacueeID;35;Triage Status;G;EvacueeID;36;Triage Status;G;EvacueeID;38;Triage Status;G;EvacueeID;42;Triage Status;G;EvacueeID;43;Triage Status;G;EvacueeID;46;Triage Status;G;EvacueeID;47;Triage Status;G;EvacueeID;53;Triage Status;G;EvacueeID;54;Triage Status;G;EvacueeID;56;Triage Status;G;EvacueeID;63;Triage Status;G;EvacueeID;65;Triage Status;G;EvacueeID;68;Triage Status;G;EvacueeID;69;Triage Status;G;EvacueeID;72;Triage Status;G;EvacueeID;73;Triage Status;G;EvacueeID;77;Triage Status;G;EvacueeID;78;Triage Status;G;EvacueeID;82;Triage Status;G;EvacueeID;84;Triage Status;G;EvacueeID;85;Triage Status;G;EvacueeID;88;Triage Status;G;EvacueeID;91;Triage Status;G;EvacueeID;93;Triage Status;G;EvacueeID;94;Triage Status;G;EvacueeID;95;Triage Status;G;EvacueeID;100;Triage Status;G;EvacueeID;106;Triage Status;G;EvacueeID;108;Triage Status;G;EvacueeID;109;Triage Status;G;EvacueeID;112;Triage Status;G;EvacueeID;113;Triage Status;G;EvacueeID;114;Triage Status;G;EvacueeID;122;Triage Status;G;EvacueeID;130;Triage Status;G;EvacueeID;132;Triage Status;G;EvacueeID;136;Triage Status;G;EvacueeID;137;Triage Status;G;EvacueeID;138;Triage Status;G;EvacueeID;139;Triage Status;G;EvacueeID;140;Triage Status;G;EvacueeID;146;Triage Status;G;EvacueeID;147;Triage Status;G;EvacueeID;155;Triage Status;G;EvacueeID;156;Triage Status;G;EvacueeID;158;Triage Status;G;EvacueeID;163;Triage Status;G;EvacueeID;165;Triage Status;G;EvacueeID;166;Triage Status;G;EvacueeID;175;Triage Status;G;EvacueeID;178;Triage Status;G;EvacueeID;179;Triage Status;G;EvacueeID;180;Triage Status;G;EvacueeID;185;Triage Status;G;EvacueeID;186;Triage Status;G;EvacueeID;187;Triage Status;G;EvacueeID;188;Triage Status;G;EvacueeID;189;Triage Status;G;EvacueeID;191;Triage Status;G;EvacueeID;194;Triage Status;G;EvacueeID;196;Triage Status;G;EvacueeID;198;Triage Status;G;EvacueeID;206;Triage Status;G;EvacueeID;207;Triage Status;G;EvacueeID;213;Triage Status;G;EvacueeID;217;Triage Status;G;EvacueeID;218;Triage Status;G;EvacueeID;233;Triage Status;G;EvacueeID;236;Triage Status;G;EvacueeID;237;Triage Status;G;EvacueeID;238;Triage Status;G;EvacueeID;239;Triage Status;G;EvacueeID;242;Triage Status;G;EvacueeID;253;Triage Status;G;EvacueeID;265;Triage Status;G;EvacueeID;268;Triage Status;G;EvacueeID;276;Triage Status;G;EvacueeID;280;Triage Status;G;EvacueeID;281;Triage Status;G;EvacueeID;282;Triage Status;G;EvacueeID;283;Triage Status;G;EvacueeID;284;Triage Status;G;EvacueeID;289;Triage Status;G;EvacueeID;299;Triage Status;G;EvacueeID;300;Triage Status;G;EvacueeID;312;Triage Status;G;EvacueeID;313;Triage Status;G;EvacueeID;316;Triage Status;G;EvacueeID;323;Triage Status;G;EvacueeID;340;Triage Status;G;EvacueeID;341;Triage Status;G;EvacueeID;342;Triage Status;G;EvacueeID;344;Triage Status;G;EvacueeID;346;Triage Status;G;EvacueeID;347;Triage Status;G;EvacueeID;348;Triage Status;G;EvacueeID;349;Triage Status;G;EvacueeID;351;Triage Status;G;EvacueeID;358;Triage Status;G;EvacueeID;361;Triage Status;G;EvacueeID;364;Triage Status;G;EvacueeID;367;Triage Status;G;EvacueeID;373;Triage Status;G;EvacueeID;380;Triage Status;G;EvacueeID;381;Triage Status;G;EvacueeID;382;Triage Status;G;EvacueeID;405;Triage Status;G;EvacueeID;407;Triage Status;G;EvacueeID;411;Triage Status;G;EvacueeID;414;Triage Status;G;EvacueeID;417;Triage Status;G;EvacueeID;419;Triage Status;G;EvacueeID;420;Triage Status;G;EvacueeID;422;Triage Status;G;EvacueeID;423;Triage Status;G;EvacueeID;427;Triage Status;G;EvacueeID;438;Triage Status;G;EvacueeID;443;Triage Status;G;EvacueeID;446;Triage Status;G;EvacueeID;447;Triage Status;G;EvacueeID;449;Triage Status;G;EvacueeID;232;Triage Status;Y;EvacueeID;454;Triage Status;G;EvacueeID;463;Triage Status;G;EvacueeID;468;Triage Status;G;EvacueeID;471;Triage Status;G;EvacueeID;472;Triage Status;G;EvacueeID;475;Triage Status;G;EvacueeID;99;Triage Status;Y;EvacueeID;205;Triage Status;Y;EvacueeID;288;Triage Status;Y;Lives Saved;140
4495.14,3,evacueeManager,,OFF SHIP: White;0;Green;0;Yellow;0;Red;0;Black;353;ON SHIP: White;0;Green;1;Yellow;6;Red;0;Evacuees to Transfer;
4495.14,325,evacuee,outES,Evacuee 460 in triage category Y is told to board the coast guard ship
4495.14,325,evacuee,,Evacuee;460;in triage state;G;is on board the Coast Guard Ship
4500,105,helicopter,,Helicopter;3;Is going to the evacuation site;;and has;0;spots taken
4530,5,helicopterQueue,,1;Helos are waiting to land;HeloID;1
4530,1161,helicopter,outES,Helicopter 1 is evacuating people1
4530,1161,helicopter,,Helicopter;1;is waiting to land at the evacuation site;;and has;0;spots taken
4530,4,helipadManager,,;No helos are at ES
4530,5,helicopterQueue,outHM,Helicopter 1 is evacuating people1
4530,5,helicopterQueue,outHelo,Helicopter 1 is evacuating people1
4530,5,helicopterQueue,,;No helos are waiting to land
4530,104,filterES,,
4530,1120,filterES,,
4530,1160,filterES,,Helicopter;1;is evacuating people
4530,3,evacueeManager,,OFF SHIP: White;0;Green;0;Yellow;0;Red;0;Black;353;ON SHIP: White;0;Green;0;Yellow;3;Red;0;Evacuees to Transfer;;EvacueeID;460;HeloID;1;OnShip;0;Triage Status;G;EvacueeID;353;HeloID;1;OnShip;0;Triage Status;Y;EvacueeID;400;HeloID;1;OnShip;0;Triage Status;Y;EvacueeID;317;HeloID;1;OnShip;0;Triage Status;Y
4530,4,helipadManager,outEM,Helicopter 1 is evacuating people1
4530,4,helipadManager,,Helo;1;is at the ES
4530,1160,filterES,out,Helicopter 1 is evacuating people1
4530,1160,filterES,,
4530,1161,helicopter,,Helicopter;1;is waiting to land at the evacuation site;;and has;0;spots taken
4530,3,evacueeManager,outEvac,Evacuee 460 in triage category G is assigned helicopter 1
4530,3,evacueeManager,outEvac,Evacuee 353 in triage category Y is assigned helicopter 1
4530,3,evacueeManager,outEvac,Evacuee 400 in triage category Y is assigned helicopter 1
4530,3,evacueeManager,outEvac,Evacuee 317 in triage category Y is assigned helicopter 1
4530,3,evacueeManager,,OFF SHIP: White;0;Green;0;Yellow;0;Red;0;Black;353;ON SHIP: White;0;Green;0;Yellow;3;Red;0;Evacuees to Transfer;
4530,7,filterLoc,,
4530,10,filterLoc,,
4530,13,filterLoc,,
4530,16,filterLoc,,
4530,19,filterLoc,,
4530,22,filterLoc,,
4530,25,filterLoc,,
4530,28,filterLoc,,
4530,31,filterLoc,,
4530,34,filterLoc,,
4530,37,filterLoc,,
4530,40,filterLoc,,
4530,43,filterLoc,,
4530,46,filterLoc,,
4530,49,filterLoc,,
4530,52,filterLoc,,
4530,55,filterLoc,,
4530,58,filterLoc,,
4530,61,filterLoc,,
4530,64,filterLoc,,
4530,67,filterLoc,,
4530,70,filterLoc,,
4530,73,filterLoc,,
4530,76,filterLoc,,
4530,79,filterLoc,,
4530,82,filterLoc,,
4530,85,filterLoc,,
4530,88,filterLoc,,
4530,91,filterLoc,,
4530,94,filterLoc,,
4530,97,filterLoc,,
4530,100,filterLoc,,
4530,107,filterLoc,,
4530,110,filterLoc,,
4530,113,filterLoc,,
4530,116,filterLoc,,
4530,119,filterLoc,,
4530,122,filterLoc,,
4530,125,filterLoc,,
4530,128,filterLoc,,
4530,131,filterLoc,,
4530,134,filterLoc,,
4530,137,filterLoc,,
4530,140,filterLoc,,
4530,143,filterLoc,,
4530,146,filterLoc,,
4530,149,filterLoc,,
4530,152,filterLoc,,
4530,155,filterLoc,,
4530,158,filterLoc,,
4530,161,filterLoc,,
4530,164,filterLoc,,
4530,167,filterLoc,,
4530,170,filterLoc,,
4530,173,filterLoc,,
4530,176,filterLoc,,
4530,179,filterLoc,,
4530,182,filterLoc,,
4530,185,filterLoc,,
4530,188,filterLoc,,
4530,191,filterLoc,,
4530,194,filterLoc,,
4530,197,filterLoc,,
4530,200,filterLoc,,
4530,203,filterLoc,,
4530,206,filterLoc,,
4530,209,filterLoc,,
4530,212,filterLoc,,
4530,215,filterLoc,,
4530,218,filterLoc,,
4530,221,filterLoc,,
4530,225,filterLoc,,
4530,228,filterLoc,,
4530,231,filterLoc,,
4530,234,filterLoc,,
4530,237,filterLoc,,
4530,240,filterLoc,,
4530,243,filterLoc,,
4530,246,filterLoc,,
4530,249,filterLoc,,
4530,252,filterLoc,,;Evacuee;353;in triage category;Y;is entering helicopter;1
4530,255,filterLoc,,
4530,258,filterLoc,,
4530,261,filterLoc,,
4530,264,filterLoc,,
4530,267,filterLoc,,
4530,270,filterLoc,,
4530,273,filterLoc,,
4530,276,filterLoc,,
4530,279,filterLoc,,
4530,282,filterLoc,,
4530,285,filterLoc,,
4530,288,filterLoc,,
4530,291,filterLoc,,
4530,294,filterLoc,,
4530,297,filterLoc,,
4530,300,filterLoc,,
4530,303,filterLoc,,
4530,306,filterLoc,,
4530,309,filterLoc,,
4530,312,filterLoc,,
4530,315,filterLoc,,
4530,318,filterLoc,,
4530,321,filterLoc,,;Evacuee;317;in triage category;Y;is entering helicopter;1
4530,324,filterLoc,,;Evacuee;460;in triage category;G;is entering helicopter;1
4530,327,filterLoc,,
4530,330,filterLoc,,
4530,333,filterLoc,,
4530,336,filterLoc,,
4530,339,filterLoc,,
4530,342,filterLoc,,
4530,345,filterLoc,,
4530,348,filterLoc,,
4530,351,filterLoc,,
4530,354,filterLoc,,
4530,357,filterLoc,,
4530,360,filterLoc,,
4530,363,filterLoc,,
4530,366,filterLoc,,
4530,369,filterLoc,,
4530,372,filterLoc,,
4530,375,filterLoc,,
4530,378,filterLoc,,
4530,381,filterLoc,,
4530,384,filterLoc,,
4530,387,filterLoc,,
4530,390,filterLoc,,
4530,393,filterLoc,,
4530,396,filterLoc,,
4530,399,filterLoc,,
4530,402,filterLoc,,
4530,405,filterLoc,,
4530,408,filterLoc,,
4530,411,filterLoc,,
4530,414,filterLoc,,
4530,417,filterLoc,,
4530,420,filterLoc,,
4530,423,filterLoc,,
4530,426,filterLoc,,
4530,429,filterLoc,,
4530,432,filterLoc,,
4530,435,filterLoc,,
4530,438,filterLoc,,
4530,441,filterLoc,,
4530,444,filterLoc,,
4530,447,filterLoc,,
4530,450,filterLoc,,
4530,453,filterLoc,,
4530,456,filterLoc,,
4530,459,filterLoc,,
4530,462,filterLoc,,
4530,465,filterLoc,,
4530,468,filterLoc,,
4530,471,filterLoc,,
4530,474,filterLoc,,
4530,477,filterLoc,,
4530,480,filterLoc,,
4530,483,filterLoc,,
4530,486,filterLoc,,
4530,489,filterLoc,,
4530,492,filterLoc,,
4530,495,filterLoc,,
4530,498,filterLoc,,
4530,501,filterLoc,,
4530,504,filterLoc,,
4530,507,filterLoc,,
4530,510,filterLoc,,
4530,513,filterLoc,,
4530,516,filterLoc,,
4530,519,filterLoc,,
4530,522,filterLoc,,
4530,525,filterLoc,,
4530,528,filterLoc,,
4530,531,filterLoc,,
4530,534,filterLoc,,
4530,537,filterLoc,,
4530,540,filterLoc,,
4530,543,filterLoc,,
4530,546,filterLoc,,
4530,549,filterLoc,,
4530,552,filterLoc,,
4530,555,filterLoc,,
4530,558,filterLoc,,
4530,561,filterLoc,,
4530,564,filterLoc,,
4530,567,filterLoc,,
4530,570,filterLoc,,
4530,573,filterLoc,,
4530,576,filterLoc,,
4530,579,filterLoc,,
4530,582,filterLoc,,
4530,585,filterLoc,,
4530,588,filterLoc,,
4530,591,filterLoc,,
4530,594,filterLoc,,
4530,597,filterLoc,,
4530,600,filterLoc,,
4530,603,filterLoc,,
4530,606,filterLoc,,
4530,609,filterLoc,,
4530,612,filterLoc,,
4530,615,filterLoc,,
4530,618,filterLoc,,
4530,621,filterLoc,,
4530,624,filterLoc,,
4530,627,filterLoc,,
4530,630,filterLoc,,
4530,633,filterLoc,,
4530,636,filterLoc,,
4530,639,filterLoc,,
4530,642,filterLoc,,
4530,645,filterLoc,,
4530,648,filterLoc,,
4530,651,filterLoc,,
4530,654,filterLoc,,
4530,657,filterLoc,,
4530,660,filterLoc,,
4530,663,filterLoc,,
4530,666,filterLoc,,
4530,669,filterLoc,,
4530,672,filterLoc,,
4530,675,filterLoc,,
4530,678,filterLoc,,
4530,681,filterLoc,,
4530,684,filterLoc,,
4530,687,filterLoc,,
4530,690,filterLoc,,
4530,693,filterLoc,,
4530,696,filterLoc,,
4530,699,filterLoc,,
4530,702,filterLoc,,
4530,705,filterLoc,,
4530,708,filterLoc,,
4530,711,filterLoc,,
4530,714,filterLoc,,
4530,717,filterLoc,,
4530,720,filterLoc,,
4530,723,filterLoc,,
4530,726,filterLoc,,
4530,729,filterLoc,,
4530,732,filterLoc,,
4530,735,filterLoc,,
4530,738,filterLoc,,
4530,741,filterLoc,,
4530,744,filterLoc,,
4530,747,filterLoc,,
4530,750,filterLoc,,
4530,753,filterLoc,,
4530,756,filterLoc,,
4530,759,filterLoc,,
4530,762,filterLoc,,
4530,765,filterLoc,,
4530,768,filterLoc,,
4530,771,filterLoc,,
4530,774,filterLoc,,
4530,777,filterLoc,,
4530,780,filterLoc,,
4530,783,filterLoc,,
4530,786,filterLoc,,
4530,789,filterLoc,,
4530,792,filterLoc,,
4530,795,filterLoc,,;Evacuee;400;in triage category;Y;is entering helicopter;1
4530,798,filterLoc,,
4530,801,filterLoc,,
4530,804,filterLoc,,
4530,807,filterLoc,,
4530,810,filterLoc,,
4530,813,filterLoc,,
4530,816,filterLoc,,
4530,819,filterLoc,,
4530,822,filterLoc,,
4530,825,filterLoc,,
4530,828,filterLoc,,
4530,831,filterLoc,,
4530,834,filterLoc,,
4530,837,filterLoc,,
4530,840,filterLoc,,
4530,843,filterLoc,,
4530,846,filterLoc,,
4530,849,filterLoc,,
4530,852,filterLoc,,
4530,855,filterLoc,,
4530,858,filterLoc,,
4530,861,filterLoc,,
4530,864,filterLoc,,
4530,867,filterLoc,,
4530,870,filterLoc,,
4530,873,filterLoc,,
4530,876,filterLoc,,
4530,879,filterLoc,,
4530,882,filterLoc,,
4530,885,filterLoc,,
4530,888,filterLoc,,
4530,891,filterLoc,,
4530,894,filterLoc,,
4530,897,filterLoc,,
4530,900,filterLoc,,
4530,903,filterLoc,,
4530,906,filterLoc,,
4530,909,filterLoc,,
4530,912,filterLoc,,
4530,915,filterLoc,,
4530,918,filterLoc,,
4530,921,filterLoc,,
4530,924,filterLoc,,
4530,927,filterLoc,,
4530,930,filterLoc,,
4530,933,filterLoc,,
4530,936,filterLoc,,
4530,939,filterLoc,,
4530,942,filterLoc,,
4530,945,filterLoc,,
4530,948,filterLoc,,
4530,951,filterLoc,,
4530,954,filterLoc,,
4530,957,filterLoc,,
4530,960,filterLoc,,
4530,963,filterLoc,,
4530,966,filterLoc,,
4530,969,filterLoc,,
4530,972,filterLoc,,
4530,975,filterLoc,,
4530,978,filterLoc,,
4530,981,filterLoc,,
4530,984,filterLoc,,
4530,987,filterLoc,,
4530,990,filterLoc,,
4530,993,filterLoc,,
4530,996,filterLoc,,
4530,999,filterLoc,,
4530,1002,filterLoc,,
4530,1005,filterLoc,,
4530,1008,filterLoc,,
4530,1011,filterLoc,,
4530,1014,filterLoc,,
4530,1017,filterLoc,,
4530,1020,filterLoc,,
4530,1023,filterLoc,,
4530,1026,filterLoc,,
4530,1029,filterLoc,,
4530,1032,filterLoc,,
4530,1035,filterLoc,,
4530,1038,filterLoc,,
4530,1041,filterLoc,,
4530,1044,filterLoc,,
4530,1047,filterLoc,,
4530,1050,filterLoc,,
4530,1053,filterLoc,,
4530,1056,filterLoc,,
4530,1059,filterLoc,,
4530,1062,filterLoc,,
4530,1065,filterLoc,,
4530,1068,filterLoc,,
4530,1071,filterLoc,,
4530,1074,filterLoc,,
4530,1077,filterLoc,,
4530,1080,filterLoc,,
4530,1083,filterLoc,,
4530,1086,filterLoc,,
4530,1089,filterLoc,,
4530,1092,filterLoc,,
4530,1095,filterLoc,,
4530,1098,filterLoc,,
4530,1101,filterLoc,,
4530,1104,filterLoc,,
4530,1107,filterLoc,,
4530,1110,filterLoc,,
4530,1113,filterLoc,,
4530,1116,filterLoc,,
4530,1123,filterLoc,,
4530,1126,filterLoc,,
4530,1129,filterLoc,,
4530,1132,filterLoc,,
4530,1135,filterLoc,,
4530,1138,filterLoc,,
4530,1141,filterLoc,,
4530,1144,filterLoc,,
4530,1147,filterLoc,,
4530,1150,filterLoc,,
4530,1153,filterLoc,,
4530,1156,filterLoc,,
4530,1161,helicopter,,Helicopter;1;is loading people at the evacuation site;;and has;0;spots taken
4530,1163,filterLoc,,
4530,1166,filterLoc,,
4530,1169,filterLoc,,
4530,1172,filterLoc,,
4530,1175,filterLoc,,
4530,1178,filterLoc,,
4530,1181,filterLoc,,
4530,1184,filterLoc,,
4530,1187,filterLoc,,
4530,1190,filterLoc,,
4530,1193,filterLoc,,
4530,1196,filterLoc,,
4530,1199,filterLoc,,
4530,1202,filterLoc,,
4530,1205,filterLoc,,
4530,1208,filterLoc,,
4530,1211,filterLoc,,
4530,1214,filterLoc,,
4530,1217,filterLoc,,
4530,1220,filterLoc,,
4530,1223,filterLoc,,
4530,1226,filterLoc,,
4530,1229,filterLoc,,
4530,1232,filterLoc,,
4530,1235,filterLoc,,
4530,1238,filterLoc,,
4530,1241,filterLoc,,
4530,1244,filterLoc,,
4530,1247,filterLoc,,
4530,1250,filterLoc,,
4530,1253,filterLoc,,
4530,1256,filterLoc,,
4530,1259,filterLoc,,
4530,1262,filterLoc,,
4530,1265,filterLoc,,
4530,1268,filterLoc,,
4530,1271,filterLoc,,
4530,1274,filterLoc,,
4530,1277,filterLoc,,
4530,1280,filterLoc,,
4530,1283,filterLoc,,
4530,1286,filterLoc,,
4530,1289,filterLoc,,
4530,1292,filterLoc,,
4530,1295,filterLoc,,
4530,1298,filterLoc,,
4530,1301,filterLoc,,
4530,1304,filterLoc,,
4530,1307,filterLoc,,
4530,1310,filterLoc,,
4530,1313,filterLoc,,
4530,1316,filterLoc,,
4530,1319,filterLoc,,
4530,1322,filterLoc,,
4530,1325,filterLoc,,
4530,1328,filterLoc,,
4530,1331,filterLoc,,
4530,1334,filterLoc,,
4530,1337,filterLoc,,
4530,1340,filterLoc,,
4530,1343,filterLoc,,
4530,1346,filterLoc,,
4530,1349,filterLoc,,
4530,1352,filterLoc,,
4530,1355,filterLoc,,
4530,1358,filterLoc,,
4530,1361,filterLoc,,
4530,1364,filterLoc,,
4530,1367,filterLoc,,
4530,1370,filterLoc,,
4530,1373,filterLoc,,
4530,1376,filterLoc,,
4530,1379,filterLoc,,
4530,1382,filterLoc,,
4530,1385,filterLoc,,
4530,1388,filterLoc,,
4530,1391,filterLoc,,
4530,1394,filterLoc,,
4530,1397,filterLoc,,
4530,1400,filterLoc,,
4530,1403,filterLoc,,
4530,1406,filterLoc,,
4530,1409,filterLoc,,
4530,1412,filterLoc,,
4530,1415,filterLoc,,
4530,1418,filterLoc,,
4530,1421,filterLoc,,
4530,1424,filterLoc,,
4530,1427,filterLoc,,
4530,1430,filterLoc,,
4530,1433,filterLoc,,
4530,1436,filterLoc,,
4530,1439,filterLoc,,
4530,1442,filterLoc,,
4530,1445,filterLoc,,
4530,1448,filterLoc,,
4530,1451,filterLoc,,
4530,1454,filterLoc,,
4530,1457,filterLoc,,
4530,1460,filterLoc,,
4530,1463,filterLoc,,
4530,1466,filterLoc,,
4530,1469,filterLoc,,
4530,1472,filterLoc,,
4530,1475,filterLoc,,
4530,1478,filterLoc,,
4530,1481,filterLoc,,
4530,1484,filterLoc,,
4530,1487,filterLoc,,
4530,1490,filterLoc,,
4530,1493,filterLoc,,
4530,1496,filterLoc,,
4530,1499,filterLoc,,
4530,1502,filterLoc,,
4530,1505,filterLoc,,
4530,1508,filterLoc,,
4530,1511,filterLoc,,
4530,1514,filterLoc,,
4530,1517,filterLoc,,
4530,252,filterLoc,out,Evacuee 353 in triage category Y is assigned helicopter 1
4530,252,filterLoc,,
4530,253,evacuee,,Evacuee;353;in triage state;Y;is entering helicopter;1
4530,321,filterLoc,out,Evacuee 317 in triage category Y is assigned helicopter 1
4530,321,filterLoc,,
4530,322,evacuee,,Evacuee;317;in triage state;Y;is entering helicopter;1
4530,324,filterLoc,out,Evacuee 460 in triage category G is assigned helicopter 1
4530,324,filterLoc,,
4530,325,evacuee,,Evacuee;460;in triage state;G;is entering helicopter;1
4530,795,filterLoc,out,Evacuee 400 in triage category Y is assigned helicopter 1
4530,795,filterLoc,,
4530,796,evacuee,,Evacuee;400;in triage state;Y;is entering helicopter;1
4530,103,filterEvac,,
4530,253,evacuee,outHelo,Evacuee 353 in triage category Y is assigned helicopter 1
4530,253,evacuee,,Evacuee;353;in triage state;Y;is in helicopter;1
4530,322,evacuee,outHelo,Evacuee 317 in triage category Y is assigned helicopter 1
4530,322,evacuee,,Evacuee;317;in triage state;Y;is in helicopter;1
4530,325,evacuee,outHelo,Evacuee 460 in triage category G is assigned helicopter 1
4530,325,evacuee,,Evacuee;460;in triage state;G;is in helicopter;1
4530,796,evacuee,outHelo,Evacuee 400 in triage category Y is assigned helicopter 1
4530,796,evacuee,,Evacuee;400;in triage state;Y;is in helicopter;1
4530,1119,filterEvac,,
4530,1159,filterEvac,,;Evacuee;317;in triage category;Y;is entering helicopter;1;Evacuee;353;in triage category;Y;is entering helicopter;1;Evacuee;400;in triage category;Y;is entering helicopter;1;Evacuee;460;in triage category;G;is entering helicopter;1
4530,1159,filterEvac,out,Evacuee 317 in triage category Y is assigned helicopter 1
4530,1159,filterEvac,out,Evacuee 353 in triage category Y is assigned helicopter 1
4530,1159,filterEvac,out,Evacuee 400 in triage category Y is assigned helicopter 1
4530,1159,filterEvac,out,Evacuee 460 in triage category G is assigned helicopter 1
4530,1159,filterEvac,,
4530,1161,helicopter,,Helicopter;1;is loading people at the evacuation site;;and has;10;spots taken
4545,4,helipadManager,outHelo,Helicopter 1 is evacuating people1
4545,4,helipadManager,,;No helos are at ES
4545,104,filterES,,
4545,1120,filterES,,
4545,1160,filterES,,Helicopter;1;is evacuating people
4545,4,helipadManager,outHQ,0
4545,4,helipadManager,,;No helos are at ES
4545,5,helicopterQueue,,;No helos are waiting to land
4545,1160,filterES,out,Helicopter 1 is evacuating people1
4545,1160,filterES,,
4545,1161,helicopter,,Helicopter;1;is loading people at the evacuation site;;and has;10;spots taken
4545,5,helicopterQueue,,;No helos are waiting to land
4545,1161,helicopter,,Helicopter;1;is returning to the FOL;;and has;10;spots taken
4590,5,helicopterQueue,,1;Helos are waiting to land;HeloID;2
4590,1121,helicopter,outES,Helicopter 2 is evacuating people2
4590,1121,helicopter,,Helicopter;2;is waiting to land at the evacuation site;;and has;0;spots taken
4590,4,helipadManager,,;No helos are at ES
4590,5,helicopterQueue,outHM,Helicopter 2 is evacuating people2
4590,5,helicopterQueue,outHelo,Helicopter 2 is evacuating people2
4590,5,helicopterQueue,,;No helos are waiting to land
4590,104,filterES,,
4590,1120,filterES,,Helicopter;2;is evacuating people
4590,1160,filterES,,
4590,3,evacueeManager,,OFF SHIP: White;0;Green;0;Yellow;0;Red;0;Black;353;ON SHIP: White;0;Green;0;Yellow;0;Red;0;Evacuees to Transfer;;EvacueeID;426;HeloID;2;OnShip;0;Triage Status;Y;EvacueeID;376;HeloID;2;OnShip;0;Triage Status;Y;EvacueeID;383;HeloID;2;OnShip;0;Triage Status;Y
4590,4,helipadManager,outEM,Helicopter 2 is evacuating people2
4590,4,helipadManager,,Helo;2;is at the ES
4590,1120,filterES,out,Helicopter 2 is evacuating people2
4590,1120,filterES,,
4590,1121,helicopter,,Helicopter;2;is waiting to land at the evacuation site;;and has;0;spots taken
4590,2,coastGuardShip,,There are no more evacuees.
4590,3,evacueeManager,outEvac,Evacuee 426 in triage category Y is assigned helicopter 2
4590,3,evacueeManager,outEvac,Evacuee 376 in triage category Y is assigned helicopter 2
4590,3,evacueeManager,outEvac,Evacuee 383 in triage category Y is assigned helicopter 2
4590,3,evacueeManager,outHM,1
4590,3,evacueeManager,outCGS,1
4590,3,evacueeManager,,OFF SHIP: White;0;Green;0;Yellow;0;Red;0;Black;353;ON SHIP: White;0;Green;0;Yellow;0;Red;0;Evacuees to Transfer;
4590,4,helipadManager,,Helo;2;is at the ES;Stopped evacuating people
4590,7,filterLoc,,
4590,10,filterLoc,,
4590,13,filterLoc,,
4590,16,filterLoc,,
4590,19,filterLoc,,
4590,22,filterLoc,,
4590,25,filterLoc,,
4590,28,filterLoc,,
4590,31,filterLoc,,
4590,34,filterLoc,,
4590,37,filterLoc,,
4590,40,filterLoc,,
4590,43,filterLoc,,
4590,46,filterLoc,,
4590,49,filterLoc,,
4590,52,filterLoc,,
4590,55,filterLoc,,
4590,58,filterLoc,,
4590,61,filterLoc,,
4590,64,filterLoc,,
4590,67,filterLoc,,
4590,70,filterLoc,,
4590,73,filterLoc,,
4590,76,filterLoc,,
4590,79,filterLoc,,
4590,82,filterLoc,,
4590,85,filterLoc,,
4590,88,filterLoc,,
4590,91,filterLoc,,
4590,94,filterLoc,,
4590,97,filterLoc,,
4590,100,filterLoc,,
4590,107,filterLoc,,
4590,110,filterLoc,,
4590,113,filterLoc,,
4590,116,filterLoc,,;Evacuee;426;in triage category;Y;is entering helicopter;2
4590,119,filterLoc,,
4590,122,filterLoc,,
4590,125,filterLoc,,
4590,128,filterLoc,,
4590,131,filterLoc,,
4590,134,filterLoc,,
4590,137,filterLoc,,
4590,140,filterLoc,,
4590,143,filterLoc,,
4590,146,filterLoc,,
4590,149,filterLoc,,
4590,152,filterLoc,,
4590,155,filterLoc,,
4590,158,filterLoc,,
4590,161,filterLoc,,
4590,164,filterLoc,,
4590,167,filterLoc,,
4590,170,filterLoc,,
4590,173,filterLoc,,
4590,176,filterLoc,,
4590,179,filterLoc,,
4590,182,filterLoc,,
4590,185,filterLoc,,;Evacuee;383;in triage category;Y;is entering helicopter;2
4590,188,filterLoc,,
4590,191,filterLoc,,
4590,194,filterLoc,,
4590,197,filterLoc,,
4590,200,filterLoc,,
4590,203,filterLoc,,
4590,206,filterLoc,,
4590,209,filterLoc,,
4590,212,filterLoc,,
4590,215,filterLoc,,
4590,218,filterLoc,,
4590,221,filterLoc,,
4590,225,filterLoc,,
4590,228,filterLoc,,
4590,231,filterLoc,,
4590,234,filterLoc,,
4590,237,filterLoc,,
4590,240,filterLoc,,
4590,243,filterLoc,,
4590,246,filterLoc,,
4590,249,filterLoc,,
4590,252,filterLoc,,
4590,255,filterLoc,,
4590,258,filterLoc,,
4590,261,filterLoc,,
4590,264,filterLoc,,
4590,267,filterLoc,,
4590,270,filterLoc,,
4590,273,filterLoc,,
4590,276,filterLoc,,
4590,279,filterLoc,,
4590,282,filterLoc,,
4590,285,filterLoc,,
4590,288,filterLoc,,
4590,291,filterLoc,,
4590,294,filterLoc,,
4590,297,filterLoc,,
4590,300,filterLoc,,
4590,303,filterLoc,,
4590,306,filterLoc,,
4590,309,filterLoc,,
4590,312,filterLoc,,
4590,315,filterLoc,,
4590,318,filterLoc,,
4590,321,filterLoc,,
4590,324,filterLoc,,
4590,327,filterLoc,,
4590,330,filterLoc,,
4590,333,filterLoc,,
4590,336,filterLoc,,
4590,339,filterLoc,,
4590,342,filterLoc,,
4590,345,filterLoc,,
4590,348,filterLoc,,
4590,351,filterLoc,,
4590,354,filterLoc,,
4590,357,filterLoc,,
4590,360,filterLoc,,
4590,363,filterLoc,,
4590,366,filterLoc,,
4590,369,filterLoc,,
4590,372,filterLoc,,
4590,375,filterLoc,,
4590,378,filterLoc,,
4590,381,filterLoc,,
4590,384,filterLoc,,
4590,387,filterLoc,,
4590,390,filterLoc,,;Evacuee;376;in triage category;Y;is entering helicopter;2
4590,393,filterLoc,,
4590,396,filterLoc,,
4590,399,filterLoc,,
4590,402,filterLoc,,
4590,405,filterLoc,,
4590,408,filterLoc,,
4590,411,filterLoc,,
4590,414,filterLoc,,
4590,417,filterLoc,,
4590,420,filterLoc,,
4590,423,filterLoc,,
4590,426,filterLoc,,
4590,429,filterLoc,,
4590,432,filterLoc,,
4590,435,filterLoc,,
4590,438,filterLoc,,
4590,441,filterLoc,,
4590,444,filterLoc,,
4590,447,filterLoc,,
4590,450,filterLoc,,
4590,453,filterLoc,,
4590,456,filterLoc,,
4590,459,filterLoc,,
4590,462,filterLoc,,
4590,465,filterLoc,,
4590,468,filterLoc,,
4590,471,filterLoc,,
4590,474,filterLoc,,
4590,477,filterLoc,,
4590,480,filterLoc,,
4590,483,filterLoc,,
4590,486,filterLoc,,
4590,489,filterLoc,,
4590,492,filterLoc,,
4590,495,filterLoc,,
4590,498,filterLoc,,
4590,501,filterLoc,,
4590,504,filterLoc,,
4590,507,filterLoc,,
4590,510,filterLoc,,
4590,513,filterLoc,,
4590,516,filterLoc,,
4590,519,filterLoc,,
4590,522,filterLoc,,
4590,525,filterLoc,,
4590,528,filterLoc,,
4590,531,filterLoc,,
4590,534,filterLoc,,
4590,537,filterLoc,,
4590,540,filterLoc,,
4590,543,filterLoc,,
4590,546,filterLoc,,
4590,549,filterLoc,,
4590,552,filterLoc,,
4590,555,filterLoc,,
4590,558,filterLoc,,
4590,561,filterLoc,,
4590,564,filterLoc,,
4590,567,filterLoc,,
4590,570,filterLoc,,
4590,573,filterLoc,,
4590,576,filterLoc,,
4590,579,filterLoc,,
4590,582,filterLoc,,
4590,585,filterLoc,,
4590,588,filterLoc,,
4590,591,filterLoc,,
4590,594,filterLoc,,
4590,597,filterLoc,,
4590,600,filterLoc,,
4590,603,filterLoc,,
4590,606,filterLoc,,
4590,609,filterLoc,,
4590,612,filterLoc,,
4590,615,filterLoc,,
4590,618,filterLoc,,
4590,621,filterLoc,,
4590,624,filterLoc,,
4590,627,filterLoc,,
4590,630,filterLoc,,
4590,633,filterLoc,,
4590,636,filterLoc,,
4590,639,filterLoc,,
4590,642,filterLoc,,
4590,645,filterLoc,,
4590,648,filterLoc,,
4590,651,filterLoc,,
4590,654,filterLoc,,
4590,657,filterLoc,,
4590,660,filterLoc,,
4590,663,filterLoc,,
4590,666,filterLoc,,
4590,669,filterLoc,,
4590,672,filterLoc,,
4590,675,filterLoc,,
4590,678,filterLoc,,
4590,681,filterLoc,,
4590,684,filterLoc,,
4590,687,filterLoc,,
4590,690,filterLoc,,
4590,693,filterLoc,,
4590,696,filterLoc,,
4590,699,filterLoc,,
4590,702,filterLoc,,
4590,705,filterLoc,,
4590,708,filterLoc,,
4590,711,filterLoc,,
4590,714,filterLoc,,
4590,717,filterLoc,,
4590,720,filterLoc,,
4590,723,filterLoc,,
4590,726,filterLoc,,
4590,729,filterLoc,,
4590,732,filterLoc,,
4590,735,filterLoc,,
4590,738,filterLoc,,
4590,741,filterLoc,,
4590,744,filterLoc,,
4590,747,filterLoc,,
4590,750,filterLoc,,
4590,753,filterLoc,,
4590,756,filterLoc,,
4590,759,filterLoc,,
4590,762,filterLoc,,
4590,765,filterLoc,,
4590,768,filterLoc,,
4590,771,filterLoc,,
4590,774,filterLoc,,
4590,777,filterLoc,,
4590,780,filterLoc,,
4590,783,filterLoc,,
4590,786,filterLoc,,
4590,789,filterLoc,,
4590,792,filterLoc,,
4590,795,filterLoc,,
4590,798,filterLoc,,
4590,801,filterLoc,,
4590,804,filterLoc,,
4590,807,filterLoc,,
4590,810,filterLoc,,
4590,813,filterLoc,,
4590,816,filterLoc,,
4590,819,filterLoc,,
4590,822,filterLoc,,
4590,825,filterLoc,,
4590,828,filterLoc,,
4590,831,filterLoc,,
4590,834,filterLoc,,
4590,837,filterLoc,,
4590,840,filterLoc,,
4590,843,filterLoc,,
4590,846,filterLoc,,
4590,849,filterLoc,,
4590,852,filterLoc,,
4590,855,filterLoc,,
4590,858,filterLoc,,
4590,861,filterLoc,,
4590,864,filterLoc,,
4590,867,filterLoc,,
4590,870,filterLoc,,
4590,873,filterLoc,,
4590,876,filterLoc,,
4590,879,filterLoc,,
4590,882,filterLoc,,
4590,885,filterLoc,,
4590,888,filterLoc,,
4590,891,filterLoc,,
4590,894,filterLoc,,
4590,897,filterLoc,,
4590,900,filterLoc,,
4590,903,filterLoc,,
4590,906,filterLoc,,
4590,909,filterLoc,,
4590,912,filterLoc,,
4590,915,filterLoc,,
4590,918,filterLoc,,
4590,921,filterLoc,,
4590,924,filterLoc,,
4590,927,filterLoc,,
4590,930,filterLoc,,
4590,933,filterLoc,,
4590,936,filterLoc,,
4590,939,filterLoc,,
4590,942,filterLoc,,
4590,945,filterLoc,,
4590,948,filterLoc,,
4590,951,filterLoc,,
4590,954,filterLoc,,
4590,957,filterLoc,,
4590,960,filterLoc,,
4590,963,filterLoc,,
4590,966,filterLoc,,
4590,969,filterLoc,,
4590,972,filterLoc,,
4590,975,filterLoc,,
4590,978,filterLoc,,
4590,981,filterLoc,,
4590,984,filterLoc,,
4590,987,filterLoc,,
4590,990,filterLoc,,
4590,993,filterLoc,,
4590,996,filterLoc,,
4590,999,filterLoc,,
4590,1002,filterLoc,,
4590,1005,filterLoc,,
4590,1008,filterLoc,,
4590,1011,filterLoc,,
4590,1014,filterLoc,,
4590,1017,filterLoc,,
4590,1020,filterLoc,,
4590,1023,filterLoc,,
4590,1026,filterLoc,,
4590,1029,filterLoc,,
4590,1032,filterLoc,,
4590,1035,filterLoc,,
4590,1038,filterLoc,,
4590,1041,filterLoc,,
4590,1044,filterLoc,,
4590,1047,filterLoc,,
4590,1050,filterLoc,,
4590,1053,filterLoc,,
4590,1056,filterLoc,,
4590,1059,filterLoc,,
4590,1062,filterLoc,,
4590,1065,filterLoc,,
4590,1068,filterLoc,,
4590,1071,filterLoc,,
4590,1074,filterLoc,,
4590,1077,filterLoc,,
4590,1080,filterLoc,,
4590,1083,filterLoc,,
4590,1086,filterLoc,,
4590,1089,filterLoc,,
4590,1092,filterLoc,,
4590,1095,filterLoc,,
4590,1098,filterLoc,,
4590,1101,filterLoc,,
4590,1104,filterLoc,,
4590,1107,filterLoc,,
4590,1110,filterLoc,,
4590,1113,filterLoc,,
4590,1116,filterLoc,,
4590,1121,helicopter,,Helicopter;2;is loading people at the evacuation site;;and has;0;spots taken
4590,1123,filterLoc,,
4590,1126,filterLoc,,
4590,1129,filterLoc,,
4590,1132,filterLoc,,
4590,1135,filterLoc,,
4590,1138,filterLoc,,
4590,1141,filterLoc,,
4590,1144,filterLoc,,
4590,1147,filterLoc,,
4590,1150,filterLoc,,
4590,1153,filterLoc,,
4590,1156,filterLoc,,
4590,1163,filterLoc,,
4590,1166,filterLoc,,
4590,1169,filterLoc,,
4590,1172,filterLoc,,
4590,1175,filterLoc,,
4590,1178,filterLoc,,
4590,1181,filterLoc,,
4590,1184,filterLoc,,
4590,1187,filterLoc,,
4590,1190,filterLoc,,
4590,1193,filterLoc,,
4590,1196,filterLoc,,
4590,1199,filterLoc,,
4590,1202,filterLoc,,
4590,1205,filterLoc,,
4590,1208,filterLoc,,
4590,1211,filterLoc,,
4590,1214,filterLoc,,
4590,1217,filterLoc,,
4590,1220,filterLoc,,
4590,1223,filterLoc,,
4590,1226,filterLoc,,
4590,1229,filterLoc,,
4590,1232,filterLoc,,
4590,1235,filterLoc,,
4590,1238,filterLoc,,
4590,1241,filterLoc,,
4590,1244,filterLoc,,
4590,1247,filterLoc,,
4590,1250,filterLoc,,
4590,1253,filterLoc,,
4590,1256,filterLoc,,
4590,1259,filterLoc,,
4590,1262,filterLoc,,
4590,1265,filterLoc,,
4590,1268,filterLoc,,
4590,1271,filterLoc,,
4590,1274,filterLoc,,
4590,1277,filterLoc,,
4590,1280,filterLoc,,
4590,1283,filterLoc,,
4590,1286,filterLoc,,
4590,1289,filterLoc,,
4590,1292,filterLoc,,
4590,1295,filterLoc,,
4590,1298,filterLoc,,
4590,1301,filterLoc,,
4590,1304,filterLoc,,
4590,1307,filterLoc,,
4590,1310,filterLoc,,
4590,1313,filterLoc,,
4590,1316,filterLoc,,
4590,1319,filterLoc,,
4590,1322,filterLoc,,
4590,1325,filterLoc,,
4590,1328,filterLoc,,
4590,1331,filterLoc,,
4590,1334,filterLoc,,
4590,1337,filterLoc,,
4590,1340,filterLoc,,
4590,1343,filterLoc,,
4590,1346,filterLoc,,
4590,1349,filterLoc,,
4590,1352,filterLoc,,
4590,1355,filterLoc,,
4590,1358,filterLoc,,
4590,1361,filterLoc,,
4590,1364,filterLoc,,
4590,1367,filterLoc,,
4590,1370,filterLoc,,
4590,1373,filterLoc,,
4590,1376,filterLoc,,
4590,1379,filterLoc,,
4590,1382,filterLoc,,
4590,1385,filterLoc,,
4590,1388,filterLoc,,
4590,1391,filterLoc,,
4590,1394,filterLoc,,
4590,1397,filterLoc,,
4590,1400,filterLoc,,
4590,1403,filterLoc,,
4590,1406,filterLoc,,
4590,1409,filterLoc,,
4590,1412,filterLoc,,
4590,1415,filterLoc,,
4590,1418,filterLoc,,
4590,1421,filterLoc,,
4590,1424,filterLoc,,
4590,1427,filterLoc,,
4590,1430,filterLoc,,
4590,1433,filterLoc,,
4590,1436,filterLoc,,
4590,1439,filterLoc,,
4590,1442,filterLoc,,
4590,1445,filterLoc,,
4590,1448,filterLoc,,
4590,1451,filterLoc,,
4590,1454,filterLoc,,
4590,1457,filterLoc,,
4590,1460,filterLoc,,
4590,1463,filterLoc,,
4590,1466,filterLoc,,
4590,1469,filterLoc,,
4590,1472,filterLoc,,
4590,1475,filterLoc,,
4590,1478,filterLoc,,
4590,1481,filterLoc,,
4590,1484,filterLoc,,
4590,1487,filterLoc,,
4590,1490,filterLoc,,
4590,1493,filterLoc,,
4590,1496,filterLoc,,
4590,1499,filterLoc,,
4590,1502,filterLoc,,
4590,1505,filterLoc,,
4590,1508,filterLoc,,
4590,1511,filterLoc,,
4590,1514,filterLoc,,
4590,1517,filterLoc,,
4590,116,filterLoc,out,Evacuee 426 in triage category Y is assigned helicopter 2
4590,116,filterLoc,,
4590,117,evacuee,,Evacuee;426;in triage state;Y;is entering helicopter;2
4590,185,filterLoc,out,Evacuee 383 in triage category Y is assigned helicopter 2
4590,185,filterLoc,,
4590,186,evacuee,,Evacuee;383;in triage state;Y;is entering helicopter;2
4590,390,filterLoc,out,Evacuee 376 in triage category Y is assigned helicopter 2
4590,390,filterLoc,,
4590,391,evacuee,,Evacuee;376;in triage state;Y;is entering helicopter;2
4590,103,filterEvac,,
4590,117,evacuee,outHelo,Evacuee 426 in triage category Y is assigned helicopter 2
4590,117,evacuee,,Evacuee;426;in triage state;Y;is in helicopter;2
4590,186,evacuee,outHelo,Evacuee 383 in triage category Y is assigned helicopter 2
4590,186,evacuee,,Evacuee;383;in triage state;Y;is in helicopter;2
4590,391,evacuee,outHelo,Evacuee 376 in triage category Y is assigned helicopter 2
4590,391,evacuee,,Evacuee;376;in triage state;Y;is in helicopter;2
4590,1119,filterEvac,,;Evacuee;376;in triage category;Y;is entering helicopter;2;Evacuee;383;in triage category;Y;is entering helicopter;2;Evacuee;426;in triage category;Y;is entering helicopter;2
4590,1159,filterEvac,,
4590,1119,filterEvac,out,Evacuee 376 in triage category Y is assigned helicopter 2
4590,1119,filterEvac,out,Evacuee 383 in triage category Y is assigned helicopter 2
4590,1119,filterEvac,out,Evacuee 426 in triage category Y is assigned helicopter 2
4590,1119,filterEvac,,
4590,1121,helicopter,,Helicopter;2;is loading people at the evacuation site;;and has;9;spots taken
4605,4,helipadManager,outHelo,Helicopter 2 has stopped
4605,4,helipadManager,outHQ,1
4605,4,helipadManager,,;No helos are at ES;Stopped evacuating people
4605,5,helicopterQueue,,;No helos are waiting to land
4605,104,filterES,,
4605,1120,filterES,,Helicopter;2;has stopped
4605,1160,filterES,,
4605,5,helicopterQueue,,;No helos are waiting to land
4605,1120,filterES,out,Helicopter 2 has stopped
4605,1120,filterES,,
4605,1121,helicopter,,Helicopter;2;is loading people at the evacuation site;;and has;9;spots taken
4605,1121,helicopter,,Helicopter;2;is returning to the FOL;;and has;9;spots taken
4650,5,helicopterQueue,,1;Helos are waiting to land;HeloID;3
4650,105,helicopter,outES,Helicopter 3 is evacuating people3
4650,105,helicopter,,Helicopter;3;is waiting to land at the evacuation site;;and has;0;spots taken
4650,5,helicopterQueue,outHelo,Helicopter 3 has stopped
4650,5,helicopterQueue,,;No helos are waiting to land
4650,104,filterES,,Helicopter;3;has stopped
4650,1120,filterES,,
4650,1160,filterES,,
4650,104,filterES,out,Helicopter 3 has stopped
4650,104,filterES,,
4650,105,helicopter,,Helicopter;3;is waiting to land at the evacuation site;;and has;0;spots taken
4650,105,helicopter,,Helicopter;3;is returning to the FOL;;and has;0;spots taken
4695,7,filterLoc,,
4695,10,filterLoc,,
4695,13,filterLoc,,
4695,16,filterLoc,,
4695,19,filterLoc,,
4695,22,filterLoc,,
4695,25,filterLoc,,
4695,28,filterLoc,,
4695,31,filterLoc,,
4695,34,filterLoc,,
4695,37,filterLoc,,
4695,40,filterLoc,,
4695,43,filterLoc,,
4695,46,filterLoc,,
4695,49,filterLoc,,
4695,52,filterLoc,,
4695,55,filterLoc,,
4695,58,filterLoc,,
4695,61,filterLoc,,
4695,64,filterLoc,,
4695,67,filterLoc,,
4695,70,filterLoc,,
4695,73,filterLoc,,
4695,76,filterLoc,,
4695,79,filterLoc,,
4695,82,filterLoc,,
4695,85,filterLoc,,
4695,88,filterLoc,,
4695,91,filterLoc,,
4695,94,filterLoc,,
4695,97,filterLoc,,
4695,100,filterLoc,,
4695,107,filterLoc,,
4695,110,filterLoc,,
4695,113,filterLoc,,
4695,116,filterLoc,,
4695,119,filterLoc,,
4695,122,filterLoc,,
4695,125,filterLoc,,
4695,128,filterLoc,,
4695,131,filterLoc,,
4695,134,filterLoc,,
4695,137,filterLoc,,
4695,140,filterLoc,,
4695,143,filterLoc,,
4695,146,filterLoc,,
4695,149,filterLoc,,
4695,152,filterLoc,,
4695,155,filterLoc,,
4695,158,filterLoc,,
4695,161,filterLoc,,
4695,164,filterLoc,,
4695,167,filterLoc,,
4695,170,filterLoc,,
4695,173,filterLoc,,
4695,176,filterLoc,,
4695,179,filterLoc,,
4695,182,filterLoc,,
4695,185,filterLoc,,
4695,188,filterLoc,,
4695,191,filterLoc,,
4695,194,filterLoc,,
4695,197,filterLoc,,
4695,200,filterLoc,,
4695,203,filterLoc,,
4695,206,filterLoc,,
4695,209,filterLoc,,
4695,212,filterLoc,,
4695,215,filterLoc,,
4695,218,filterLoc,,
4695,221,filterLoc,,
4695,225,filterLoc,,
4695,228,filterLoc,,
4695,231,filterLoc,,
4695,234,filterLoc,,
4695,237,filterLoc,,
4695,240,filterLoc,,
4695,243,filterLoc,,
4695,246,filterLoc,,
4695,249,filterLoc,,
4695,252,filterLoc,,;Evacuee;353;in triage category;Y;is leaving helicopter;1
4695,255,filterLoc,,
4695,258,filterLoc,,
4695,261,filterLoc,,
4695,264,filterLoc,,
4695,267,filterLoc,,
4695,270,filterLoc,,
4695,273,filterLoc,,
4695,276,filterLoc,,
4695,279,filterLoc,,
4695,282,filterLoc,,
4695,285,filterLoc,,
4695,288,filterLoc,,
4695,291,filterLoc,,
4695,294,filterLoc,,
4695,297,filterLoc,,
4695,300,filterLoc,,
4695,303,filterLoc,,
4695,306,filterLoc,,
4695,309,filterLoc,,
4695,312,filterLoc,,
4695,315,filterLoc,,
4695,318,filterLoc,,
4695,321,filterLoc,,;Evacuee;317;in triage category;Y;is leaving helicopter;1
4695,324,filterLoc,,;Evacuee;460;in triage category;G;is leaving helicopter;1
4695,327,filterLoc,,
4695,330,filterLoc,,
4695,333,filterLoc,,
4695,336,filterLoc,,
4695,339,filterLoc,,
4695,342,filterLoc,,
4695,345,filterLoc,,
4695,348,filterLoc,,
4695,351,filterLoc,,
4695,354,filterLoc,,
4695,357,filterLoc,,
4695,360,filterLoc,,
4695,363,filterLoc,,
4695,366,filterLoc,,
4695,369,filterLoc,,
4695,372,filterLoc,,
4695,375,filterLoc,,
4695,378,filterLoc,,
4695,381,filterLoc,,
4695,384,filterLoc,,
4695,387,filterLoc,,
4695,390,filterLoc,,
4695,393,filterLoc,,
4695,396,filterLoc,,
4695,399,filterLoc,,
4695,402,filterLoc,,
4695,405,filterLoc,,
4695,408,filterLoc,,
4695,411,filterLoc,,
4695,414,filterLoc,,
4695,417,filterLoc,,
4695,420,filterLoc,,
4695,423,filterLoc,,
4695,426,filterLoc,,
4695,429,filterLoc,,
4695,432,filterLoc,,
4695,435,filterLoc,,
4695,438,filterLoc,,
4695,441,filterLoc,,
4695,444,filterLoc,,
4695,447,filterLoc,,
4695,450,filterLoc,,
4695,453,filterLoc,,
4695,456,filterLoc,,
4695,459,filterLoc,,
4695,462,filterLoc,,
4695,465,filterLoc,,
4695,468,filterLoc,,
4695,471,filterLoc,,
4695,474,filterLoc,,
4695,477,filterLoc,,
4695,480,filterLoc,,
4695,483,filterLoc,,
4695,486,filterLoc,,
4695,489,filterLoc,,
4695,492,filterLoc,,
4695,495,filterLoc,,
4695,498,filterLoc,,
4695,501,filterLoc,,
4695,504,filterLoc,,
4695,507,filterLoc,,
4695,510,filterLoc,,
4695,513,filterLoc,,
4695,516,filterLoc,,
4695,519,filterLoc,,
4695,522,filterLoc,,
4695,525,filterLoc,,
4695,528,filterLoc,,
4695,531,filterLoc,,
4695,534,filterLoc,,
4695,537,filterLoc,,
4695,540,filterLoc,,
4695,543,filterLoc,,
4695,546,filterLoc,,
4695,549,filterLoc,,
4695,552,filterLoc,,
4695,555,filterLoc,,
4695,558,filterLoc,,
4695,561,filterLoc,,
4695,564,filterLoc,,
4695,567,filterLoc,,
4695,570,filterLoc,,
4695,573,filterLoc,,
4695,576,filterLoc,,
4695,579,filterLoc,,
4695,582,filterLoc,,
4695,585,filterLoc,,
4695,588,filterLoc,,
4695,591,filterLoc,,
4695,594,filterLoc,,
4695,597,filterLoc,,
4695,600,filterLoc,,
4695,603,filterLoc,,
4695,606,filterLoc,,
4695,609,filterLoc,,
4695,612,filterLoc,,
4695,615,filterLoc,,
4695,618,filterLoc,,
4695,621,filterLoc,,
4695,624,filterLoc,,
4695,627,filterLoc,,
4695,630,filterLoc,,
4695,633,filterLoc,,
4695,636,filterLoc,,
4695,639,filterLoc,,
4695,642,filterLoc,,
4695,645,filterLoc,,
4695,648,filterLoc,,
4695,651,filterLoc,,
4695,654,filterLoc,,
4695,657,filterLoc,,
4695,660,filterLoc,,
4695,663,filterLoc,,
4695,666,filterLoc,,
4695,669,filterLoc,,
4695,672,filterLoc,,
4695,675,filterLoc,,
4695,678,filterLoc,,
4695,681,filterLoc,,
4695,684,filterLoc,,
4695,687,filterLoc,,
4695,690,filterLoc,,
4695,693,filterLoc,,
4695,696,filterLoc,,
4695,699,filterLoc,,
4695,702,filterLoc,,
4695,705,filterLoc,,
4695,708,filterLoc,,
4695,711,filterLoc,,
4695,714,filterLoc,,
4695,717,filterLoc,,
4695,720,filterLoc,,
4695,723,filterLoc,,
4695,726,filterLoc,,
4695,729,filterLoc,,
4695,732,filterLoc,,
4695,735,filterLoc,,
4695,738,filterLoc,,
4695,741,filterLoc,,
4695,744,filterLoc,,
4695,747,filterLoc,,
4695,750,filterLoc,,
4695,753,filterLoc,,
4695,756,filterLoc,,
4695,759,filterLoc,,
4695,762,filterLoc,,
4695,765,filterLoc,,
4695,768,filterLoc,,
4695,771,filterLoc,,
4695,774,filterLoc,,
4695,777,filterLoc,,
4695,780,filterLoc,,
4695,783,filterLoc,,
4695,786,filterLoc,,
4695,789,filterLoc,,
4695,792,filterLoc,,
4695,795,filterLoc,,;Evacuee;400;in triage category;Y;is leaving helicopter;1
4695,798,filterLoc,,
4695,801,filterLoc,,
4695,804,filterLoc,,
4695,807,filterLoc,,
4695,810,filterLoc,,
4695,813,filterLoc,,
4695,816,filterLoc,,
4695,819,filterLoc,,
4695,822,filterLoc,,
4695,825,filterLoc,,
4695,828,filterLoc,,
4695,831,filterLoc,,
4695,834,filterLoc,,
4695,837,filterLoc,,
4695,840,filterLoc,,
4695,843,filterLoc,,
4695,846,filterLoc,,
4695,849,filterLoc,,
4695,852,filterLoc,,
4695,855,filterLoc,,
4695,858,filterLoc,,
4695,861,filterLoc,,
4695,864,filterLoc,,
4695,867,filterLoc,,
4695,870,filterLoc,,
4695,873,filterLoc,,
4695,876,filterLoc,,
4695,879,filterLoc,,
4695,882,filterLoc,,
4695,885,filterLoc,,
4695,888,filterLoc,,
4695,891,filterLoc,,
4695,894,filterLoc,,
4695,897,filterLoc,,
4695,900,filterLoc,,
4695,903,filterLoc,,
4695,906,filterLoc,,
4695,909,filterLoc,,
4695,912,filterLoc,,
4695,915,filterLoc,,
4695,918,filterLoc,,
4695,921,filterLoc,,
4695,924,filterLoc,,
4695,927,filterLoc,,
4695,930,filterLoc,,
4695,933,filterLoc,,
4695,936,filterLoc,,
4695,939,filterLoc,,
4695,942,filterLoc,,
4695,945,filterLoc,,
4695,948,filterLoc,,
4695,951,filterLoc,,
4695,954,filterLoc,,
4695,957,filterLoc,,
4695,960,filterLoc,,
4695,963,filterLoc,,
4695,966,filterLoc,,
4695,969,filterLoc,,
4695,972,filterLoc,,
4695,975,filterLoc,,
4695,978,filterLoc,,
4695,981,filterLoc,,
4695,984,filterLoc,,
4695,987,filterLoc,,
4695,990,filterLoc,,
4695,993,filterLoc,,
4695,996,filterLoc,,
4695,999,filterLoc,,
4695,1002,filterLoc,,
4695,1005,filterLoc,,
4695,1008,filterLoc,,
4695,1011,filterLoc,,
4695,1014,filterLoc,,
4695,1017,filterLoc,,
4695,1020,filterLoc,,
4695,1023,filterLoc,,
4695,1026,filterLoc,,
4695,1029,filterLoc,,
4695,1032,filterLoc,,
4695,1035,filterLoc,,
4695,1038,filterLoc,,
4695,1041,filterLoc,,
4695,1044,filterLoc,,
4695,1047,filterLoc,,
4695,1050,filterLoc,,
4695,1053,filterLoc,,
4695,1056,filterLoc,,
4695,1059,filterLoc,,
4695,1062,filterLoc,,
4695,1065,filterLoc,,
4695,1068,filterLoc,,
4695,1071,filterLoc,,
4695,1074,filterLoc,,
4695,1077,filterLoc,,
4695,1080,filterLoc,,
4695,1083,filterLoc,,
4695,1086,filterLoc,,
4695,1089,filterLoc,,
4695,1092,filterLoc,,
4695,1095,filterLoc,,
4695,1098,filterLoc,,
4695,1101,filterLoc,,
4695,1104,filterLoc,,
4695,1107,filterLoc,,
4695,1110,filterLoc,,
4695,1113,filterLoc,,
4695,1116,filterLoc,,
4695,1123,filterLoc,,
4695,1126,filterLoc,,
4695,1129,filterLoc,,
4695,1132,filterLoc,,
4695,1135,filterLoc,,
4695,1138,filterLoc,,
4695,1141,filterLoc,,
4695,1144,filterLoc,,
4695,1147,filterLoc,,
4695,1150,filterLoc,,
4695,1153,filterLoc,,
4695,1156,filterLoc,,
4695,1161,helicopter,outEvac,Evacuee 317 in triage category Y is not assigned a helicopter
4695,1161,helicopter,outEvac,Evacuee 353 in triage category Y is not assigned a helicopter
4695,1161,helicopter,outEvac,Evacuee 400 in triage category Y is not assigned a helicopter
4695,1161,helicopter,outEvac,Evacuee 460 in triage category G is not assigned a helicopter
4695,1161,helicopter,,Helicopter;1;is unloading people at the FOL;;and has;0;spots taken
4695,1163,filterLoc,,
4695,1166,filterLoc,,
4695,1169,filterLoc,,
4695,1172,filterLoc,,
4695,1175,filterLoc,,
4695,1178,filterLoc,,
4695,1181,filterLoc,,
4695,1184,filterLoc,,
4695,1187,filterLoc,,
4695,1190,filterLoc,,
4695,1193,filterLoc,,
4695,1196,filterLoc,,
4695,1199,filterLoc,,
4695,1202,filterLoc,,
4695,1205,filterLoc,,
4695,1208,filterLoc,,
4695,1211,filterLoc,,
4695,1214,filterLoc,,
4695,1217,filterLoc,,
4695,1220,filterLoc,,
4695,1223,filterLoc,,
4695,1226,filterLoc,,
4695,1229,filterLoc,,
4695,1232,filterLoc,,
4695,1235,filterLoc,,
4695,1238,filterLoc,,
4695,1241,filterLoc,,
4695,1244,filterLoc,,
4695,1247,filterLoc,,
4695,1250,filterLoc,,
4695,1253,filterLoc,,
4695,1256,filterLoc,,
4695,1259,filterLoc,,
4695,1262,filterLoc,,
4695,1265,filterLoc,,
4695,1268,filterLoc,,
4695,1271,filterLoc,,
4695,1274,filterLoc,,
4695,1277,filterLoc,,
4695,1280,filterLoc,,
4695,1283,filterLoc,,
4695,1286,filterLoc,,
4695,1289,filterLoc,,
4695,1292,filterLoc,,
4695,1295,filterLoc,,
4695,1298,filterLoc,,
4695,1301,filterLoc,,
4695,1304,filterLoc,,
4695,1307,filterLoc,,
4695,1310,filterLoc,,
4695,1313,filterLoc,,
4695,1316,filterLoc,,
4695,1319,filterLoc,,
4695,1322,filterLoc,,
4695,1325,filterLoc,,
4695,1328,filterLoc,,
4695,1331,filterLoc,,
4695,1334,filterLoc,,
4695,1337,filterLoc,,
4695,1340,filterLoc,,
4695,1343,filterLoc,,
4695,1346,filterLoc,,
4695,1349,filterLoc,,
4695,1352,filterLoc,,
4695,1355,filterLoc,,
4695,1358,filterLoc,,
4695,1361,filterLoc,,
4695,1364,filterLoc,,
4695,1367,filterLoc,,
4695,1370,filterLoc,,
4695,1373,filterLoc,,
4695,1376,filterLoc,,
4695,1379,filterLoc,,
4695,1382,filterLoc,,
4695,1385,filterLoc,,
4695,1388,filterLoc,,
4695,1391,filterLoc,,
4695,1394,filterLoc,,
4695,1397,filterLoc,,
4695,1400,filterLoc,,
4695,1403,filterLoc,,
4695,1406,filterLoc,,
4695,1409,filterLoc,,
4695,1412,filterLoc,,
4695,1415,filterLoc,,
4695,1418,filterLoc,,
4695,1421,filterLoc,,
4695,1424,filterLoc,,
4695,1427,filterLoc,,
4695,1430,filterLoc,,
4695,1433,filterLoc,,
4695,1436,filterLoc,,
4695,1439,filterLoc,,
4695,1442,filterLoc,,
4695,1445,filterLoc,,
4695,1448,filterLoc,,
4695,1451,filterLoc,,
4695,1454,filterLoc,,
4695,1457,filterLoc,,
4695,1460,filterLoc,,
4695,1463,filterLoc,,
4695,1466,filterLoc,,
4695,1469,filterLoc,,
4695,1472,filterLoc,,
4695,1475,filterLoc,,
4695,1478,filterLoc,,
4695,1481,filterLoc,,
4695,1484,filterLoc,,
4695,1487,filterLoc,,
4695,1490,filterLoc,,
4695,1493,filterLoc,,
4695,1496,filterLoc,,
4695,1499,filterLoc,,
4695,1502,filterLoc,,
4695,1505,filterLoc,,
4695,1508,filterLoc,,
4695,1511,filterLoc,,
4695,1514,filterLoc,,
4695,1517,filterLoc,,
4695,252,filterLoc,out,Evacuee 353 in triage category Y is not assigned a helicopter
4695,252,filterLoc,,
4695,253,evacuee,,Evacuee;353;in triage state;Y;is entering the FOL
4695,321,filterLoc,out,Evacuee 317 in triage category Y is not assigned a helicopter
4695,321,filterLoc,,
4695,322,evacuee,,Evacuee;317;in triage state;Y;is entering the FOL
4695,324,filterLoc,out,Evacuee 460 in triage category G is not assigned a helicopter
4695,324,filterLoc,,
4695,325,evacuee,,Evacuee;460;in triage state;G;is entering the FOL
4695,795,filterLoc,out,Evacuee 400 in triage category Y is not assigned a helicopter
4695,795,filterLoc,,
4695,796,evacuee,,Evacuee;400;in triage state;Y;is entering the FOL
4695,223,FOL,,;EvacueeID;7;Triage Status;G;EvacueeID;10;Triage Status;G;EvacueeID;14;Triage Status;G;EvacueeID;16;Triage Status;G;EvacueeID;17;Triage Status;G;EvacueeID;21;Triage Status;G;EvacueeID;27;Triage Status;G;EvacueeID;29;Triage Status;G;EvacueeID;31;Triage Status;G;EvacueeID;35;Triage Status;G;EvacueeID;36;Triage Status;G;EvacueeID;38;Triage Status;G;EvacueeID;42;Triage Status;G;EvacueeID;43;Triage Status;G;EvacueeID;46;Triage Status;G;EvacueeID;47;Triage Status;G;EvacueeID;53;Triage Status;G;EvacueeID;54;Triage Status;G;EvacueeID;56;Triage Status;G;EvacueeID;63;Triage Status;G;EvacueeID;65;Triage Status;G;EvacueeID;68;Triage Status;G;EvacueeID;69;Triage Status;G;EvacueeID;72;Triage Status;G;EvacueeID;73;Triage Status;G;EvacueeID;77;Triage Status;G;EvacueeID;78;Triage Status;G;EvacueeID;82;Triage Status;G;EvacueeID;84;Triage Status;G;EvacueeID;85;Triage Status;G;EvacueeID;88;Triage Status;G;EvacueeID;91;Triage Status;G;EvacueeID;93;Triage Status;G;EvacueeID;94;Triage Status;G;EvacueeID;95;Triage Status;G;EvacueeID;100;Triage Status;G;EvacueeID;106;Triage Status;G;EvacueeID;108;Triage Status;G;EvacueeID;109;Triage Status;G;EvacueeID;112;Triage Status;G;EvacueeID;113;Triage Status;G;EvacueeID;114;Triage Status;G;EvacueeID;122;Triage Status;G;EvacueeID;130;Triage Status;G;EvacueeID;132;Triage Status;G;EvacueeID;136;Triage Status;G;EvacueeID;137;Triage Status;G;EvacueeID;138;Triage Status;G;EvacueeID;139;Triage Status;G;EvacueeID;140;Triage Status;G;EvacueeID;146;Triage Status;G;EvacueeID;147;Triage Status;G;EvacueeID;155;Triage Status;G;EvacueeID;156;Triage Status;G;EvacueeID;158;Triage Status;G;EvacueeID;163;Triage Status;G;EvacueeID;165;Triage Status;G;EvacueeID;166;Triage Status;G;EvacueeID;175;Triage Status;G;EvacueeID;178;Triage Status;G;EvacueeID;179;Triage Status;G;EvacueeID;180;Triage Status;G;EvacueeID;185;Triage Status;G;EvacueeID;186;Triage Status;G;EvacueeID;187;Triage Status;G;EvacueeID;188;Triage Status;G;EvacueeID;189;Triage Status;G;EvacueeID;191;Triage Status;G;EvacueeID;194;Triage Status;G;EvacueeID;196;Triage Status;G;EvacueeID;198;Triage Status;G;EvacueeID;206;Triage Status;G;EvacueeID;207;Triage Status;G;EvacueeID;213;Triage Status;G;EvacueeID;217;Triage Status;G;EvacueeID;218;Triage Status;G;EvacueeID;233;Triage Status;G;EvacueeID;236;Triage Status;G;EvacueeID;237;Triage Status;G;EvacueeID;238;Triage Status;G;EvacueeID;239;Triage Status;G;EvacueeID;242;Triage Status;G;EvacueeID;253;Triage Status;G;EvacueeID;265;Triage Status;G;EvacueeID;268;Triage Status;G;EvacueeID;276;Triage Status;G;EvacueeID;280;Triage Status;G;EvacueeID;281;Triage Status;G;EvacueeID;282;Triage Status;G;EvacueeID;283;Triage Status;G;EvacueeID;284;Triage Status;G;EvacueeID;289;Triage Status;G;EvacueeID;299;Triage Status;G;EvacueeID;300;Triage Status;G;EvacueeID;312;Triage Status;G;EvacueeID;313;Triage Status;G;EvacueeID;316;Triage Status;G;EvacueeID;323;Triage Status;G;EvacueeID;340;Triage Status;G;EvacueeID;341;Triage Status;G;EvacueeID;342;Triage Status;G;EvacueeID;344;Triage Status;G;EvacueeID;346;Triage Status;G;EvacueeID;347;Triage Status;G;EvacueeID;348;Triage Status;G;EvacueeID;349;Triage Status;G;EvacueeID;351;Triage Status;G;EvacueeID;358;Triage Status;G;EvacueeID;361;Triage Status;G;EvacueeID;364;Triage Status;G;EvacueeID;367;Triage Status;G;EvacueeID;373;Triage Status;G;EvacueeID;380;Triage Status;G;EvacueeID;381;Triage Status;G;EvacueeID;382;Triage Status;G;EvacueeID;405;Triage Status;G;EvacueeID;407;Triage Status;G;EvacueeID;411;Triage Status;G;EvacueeID;414;Triage Status;G;EvacueeID;417;Triage Status;G;EvacueeID;419;Triage Status;G;EvacueeID;420;Triage Status;G;EvacueeID;422;Triage Status;G;EvacueeID;423;Triage Status;G;EvacueeID;427;Triage Status;G;EvacueeID;438;Triage Status;G;EvacueeID;443;Triage Status;G;EvacueeID;446;Triage Status;G;EvacueeID;447;Triage Status;G;EvacueeID;449;Triage Status;G;EvacueeID;232;Triage Status;Y;EvacueeID;454;Triage Status;G;EvacueeID;463;Triage Status;G;EvacueeID;468;Triage Status;G;EvacueeID;471;Triage Status;G;EvacueeID;472;Triage Status;G;EvacueeID;475;Triage Status;G;EvacueeID;99;Triage Status;Y;EvacueeID;205;Triage Status;Y;EvacueeID;288;Triage Status;Y;EvacueeID;317;Triage Status;Y;EvacueeID;353;Triage Status;Y;EvacueeID;400;Triage Status;Y;EvacueeID;460;Triage Status;G;Lives Saved;144
4695,253,evacuee,outFOL,Evacuee 353 in triage category Y is not assigned a helicopter
4695,253,evacuee,,Evacuee;353;in triage state;Y;is at the FOL
4695,322,evacuee,outFOL,Evacuee 317 in triage category Y is not assigned a helicopter
4695,322,evacuee,,Evacuee;317;in triage state;Y;is at the FOL
4695,325,evacuee,outFOL,Evacuee 460 in triage category G is not assigned a helicopter
4695,325,evacuee,,Evacuee;460;in triage state;G;is at the FOL
4695,796,evacuee,outFOL,Evacuee 400 in triage category Y is not assigned a helicopter
4695,796,evacuee,,Evacuee;400;in triage state;Y;is at the FOL
4695,223,FOL,,;EvacueeID;7;Triage Status;G;EvacueeID;10;Triage Status;G;EvacueeID;14;Triage Status;G;EvacueeID;16;Triage Status;G;EvacueeID;17;Triage Status;G;EvacueeID;21;Triage Status;G;EvacueeID;27;Triage Status;G;EvacueeID;29;Triage Status;G;EvacueeID;31;Triage Status;G;EvacueeID;35;Triage Status;G;EvacueeID;36;Triage Status;G;EvacueeID;38;Triage Status;G;EvacueeID;42;Triage Status;G;EvacueeID;43;Triage Status;G;EvacueeID;46;Triage Status;G;EvacueeID;47;Triage Status;G;EvacueeID;53;Triage Status;G;EvacueeID;54;Triage Status;G;EvacueeID;56;Triage Status;G;EvacueeID;63;Triage Status;G;EvacueeID;65;Triage Status;G;EvacueeID;68;Triage Status;G;EvacueeID;69;Triage Status;G;EvacueeID;72;Triage Status;G;EvacueeID;73;Triage Status;G;EvacueeID;77;Triage Status;G;EvacueeID;78;Triage Status;G;EvacueeID;82;Triage Status;G;EvacueeID;84;Triage Status;G;EvacueeID;85;Triage Status;G;EvacueeID;88;Triage Status;G;EvacueeID;91;Triage Status;G;EvacueeID;93;Triage Status;G;EvacueeID;94;Triage Status;G;EvacueeID;95;Triage Status;G;EvacueeID;100;Triage Status;G;EvacueeID;106;Triage Status;G;EvacueeID;108;Triage Status;G;EvacueeID;109;Triage Status;G;EvacueeID;112;Triage Status;G;EvacueeID;113;Triage Status;G;EvacueeID;114;Triage Status;G;EvacueeID;122;Triage Status;G;EvacueeID;130;Triage Status;G;EvacueeID;132;Triage Status;G;EvacueeID;136;Triage Status;G;EvacueeID;137;Triage Status;G;EvacueeID;138;Triage Status;G;EvacueeID;139;Triage Status;G;EvacueeID;140;Triage Status;G;EvacueeID;146;Triage Status;G;EvacueeID;147;Triage Status;G;EvacueeID;155;Triage Status;G;EvacueeID;156;Triage Status;G;EvacueeID;158;Triage Status;G;EvacueeID;163;Triage Status;G;EvacueeID;165;Triage Status;G;EvacueeID;166;Triage Status;G;EvacueeID;175;Triage Status;G;EvacueeID;178;Triage Status;G;EvacueeID;179;Triage Status;G;EvacueeID;180;Triage Status;G;EvacueeID;185;Triage Status;G;EvacueeID;186;Triage Status;G;EvacueeID;187;Triage Status;G;EvacueeID;188;Triage Status;G;EvacueeID;189;Triage Status;G;EvacueeID;191;Triage Status;G;EvacueeID;194;Triage Status;G;EvacueeID;196;Triage Status;G;EvacueeID;198;Triage Status;G;EvacueeID;206;Triage Status;G;EvacueeID;207;Triage Status;G;EvacueeID;213;Triage Status;G;EvacueeID;217;Triage Status;G;EvacueeID;218;Triage Status;G;EvacueeID;233;Triage Status;G;EvacueeID;236;Triage Status;G;EvacueeID;237;Triage Status;G;EvacueeID;238;Triage Status;G;EvacueeID;239;Triage Status;G;EvacueeID;242;Triage Status;G;EvacueeID;253;Triage Status;G;EvacueeID;265;Triage Status;G;EvacueeID;268;Triage Status;G;EvacueeID;276;Triage Status;G;EvacueeID;280;Triage Status;G;EvacueeID;281;Triage Status;G;EvacueeID;282;Triage Status;G;EvacueeID;283;Triage Status;G;EvacueeID;284;Triage Status;G;EvacueeID;289;Triage Status;G;EvacueeID;299;Triage Status;G;EvacueeID;300;Triage Status;G;EvacueeID;312;Triage Status;G;EvacueeID;313;Triage Status;G;EvacueeID;316;Triage Status;G;EvacueeID;323;Triage Status;G;EvacueeID;340;Triage Status;G;EvacueeID;341;Triage Status;G;EvacueeID;342;Triage Status;G;EvacueeID;344;Triage Status;G;EvacueeID;346;Triage Status;G;EvacueeID;347;Triage Status;G;EvacueeID;348;Triage Status;G;EvacueeID;349;Triage Status;G;EvacueeID;351;Triage Status;G;EvacueeID;358;Triage Status;G;EvacueeID;361;Triage Status;G;EvacueeID;364;Triage Status;G;EvacueeID;367;Triage Status;G;EvacueeID;373;Triage Status;G;EvacueeID;380;Triage Status;G;EvacueeID;381;Triage Status;G;EvacueeID;382;Triage Status;G;EvacueeID;405;Triage Status;G;EvacueeID;407;Triage Status;G;EvacueeID;411;Triage Status;G;EvacueeID;414;Triage Status;G;EvacueeID;417;Triage Status;G;EvacueeID;419;Triage Status;G;EvacueeID;420;Triage Status;G;EvacueeID;422;Triage Status;G;EvacueeID;423;Triage Status;G;EvacueeID;427;Triage Status;G;EvacueeID;438;Triage Status;G;EvacueeID;443;Triage Status;G;EvacueeID;446;Triage Status;G;EvacueeID;447;Triage Status;G;EvacueeID;449;Triage Status;G;EvacueeID;232;Triage Status;Y;EvacueeID;454;Triage Status;G;EvacueeID;463;Triage Status;G;EvacueeID;468;Triage Status;G;EvacueeID;471;Triage Status;G;EvacueeID;472;Triage Status;G;EvacueeID;475;Triage Status;G;EvacueeID;99;Triage Status;Y;EvacueeID;205;Triage Status;Y;EvacueeID;288;Triage Status;Y;EvacueeID;317;Triage Status;Y;EvacueeID;353;Triage Status;Y;EvacueeID;400;Triage Status;Y;EvacueeID;460;Triage Status;G;Lives Saved;144
4710,1161,helicopter,,Helicopter;1;Is going to the evacuation site;;and has;0;spots taken
4755,7,filterLoc,,
4755,10,filterLoc,,
4755,13,filterLoc,,
4755,16,filterLoc,,
4755,19,filterLoc,,
4755,22,filterLoc,,
4755,25,filterLoc,,
4755,28,filterLoc,,
4755,31,filterLoc,,
4755,34,filterLoc,,
4755,37,filterLoc,,
4755,40,filterLoc,,
4755,43,filterLoc,,
4755,46,filterLoc,,
4755,49,filterLoc,,
4755,52,filterLoc,,
4755,55,filterLoc,,
4755,58,filterLoc,,
4755,61,filterLoc,,
4755,64,filterLoc,,
4755,67,filterLoc,,
4755,70,filterLoc,,
4755,73,filterLoc,,
4755,76,filterLoc,,
4755,79,filterLoc,,
4755,82,filterLoc,,
4755,85,filterLoc,,
4755,88,filterLoc,,
4755,91,filterLoc,,
4755,94,filterLoc,,
4755,97,filterLoc,,
4755,100,filterLoc,,
4755,107,filterLoc,,
4755,110,filterLoc,,
4755,113,filterLoc,,
4755,116,filterLoc,,;Evacuee;426;in triage category;Y;is leaving helicopter;2
4755,119,filterLoc,,
4755,122,filterLoc,,
4755,125,filterLoc,,
4755,128,filterLoc,,
4755,131,filterLoc,,
4755,134,filterLoc,,
4755,137,filterLoc,,
4755,140,filterLoc,,
4755,143,filterLoc,,
4755,146,filterLoc,,
4755,149,filterLoc,,
4755,152,filterLoc,,
4755,155,filterLoc,,
4755,158,filterLoc,,
4755,161,filterLoc,,
4755,164,filterLoc,,
4755,167,filterLoc,,
4755,170,filterLoc,,
4755,173,filterLoc,,
4755,176,filterLoc,,
4755,179,filterLoc,,
4755,182,filterLoc,,
4755,185,filterLoc,,;Evacuee;383;in triage category;Y;is leaving helicopter;2
4755,188,filterLoc,,
4755,191,filterLoc,,
4755,194,filterLoc,,
4755,197,filterLoc,,
4755,200,filterLoc,,
4755,203,filterLoc,,
4755,206,filterLoc,,
4755,209,filterLoc,,
4755,212,filterLoc,,
4755,215,filterLoc,,
4755,218,filterLoc,,
4755,221,filterLoc,,
4755,225,filterLoc,,
4755,228,filterLoc,,
4755,231,filterLoc,,
4755,234,filterLoc,,
4755,237,filterLoc,,
4755,240,filterLoc,,
4755,243,filterLoc,,
4755,246,filterLoc,,
4755,249,filterLoc,,
4755,252,filterLoc,,
4755,255,filterLoc,,
4755,258,filterLoc,,
4755,261,filterLoc,,
4755,264,filterLoc,,
4755,267,filterLoc,,
4755,270,filterLoc,,
4755,273,filterLoc,,
4755,276,filterLoc,,
4755,279,filterLoc,,
4755,282,filterLoc,,
4755,285,filterLoc,,
4755,288,filterLoc,,
4755,291,filterLoc,,
4755,294,filterLoc,,
4755,297,filterLoc,,
4755,300,filterLoc,,
4755,303,filterLoc,,
4755,306,filterLoc,,
4755,309,filterLoc,,
4755,312,filterLoc,,
4755,315,filterLoc,,
4755,318,filterLoc,,
4755,321,filterLoc,,
4755,324,filterLoc,,
4755,327,filterLoc,,
4755,330,filterLoc,,
4755,333,filterLoc,,
4755,336,filterLoc,,
4755,339,filterLoc,,
4755,342,filterLoc,,
4755,345,filterLoc,,
4755,348,filterLoc,,
4755,351,filterLoc,,
4755,354,filterLoc,,
4755,357,filterLoc,,
4755,360,filterLoc,,
4755,363,filterLoc,,
4755,366,filterLoc,,
4755,369,filterLoc,,
4755,372,filterLoc,,
4755,375,filterLoc,,
4755,378,filterLoc,,
4755,381,filterLoc,,
4755,384,filterLoc,,
4755,387,filterLoc,,
4755,390,filterLoc,,;Evacuee;376;in triage category;Y;is leaving helicopter;2
4755,393,filterLoc,,
4755,396,filterLoc,,
4755,399,filterLoc,,
4755,402,filterLoc,,
4755,405,filterLoc,,
4755,408,filterLoc,,
4755,411,filterLoc,,
4755,414,filterLoc,,
4755,417,filterLoc,,
4755,420,filterLoc,,
4755,423,filterLoc,,
4755,426,filterLoc,,
4755,429,filterLoc,,
4755,432,filterLoc,,
4755,435,filterLoc,,
4755,438,filterLoc,,
4755,441,filterLoc,,
4755,444,filterLoc,,
4755,447,filterLoc,,
4755,450,filterLoc,,
4755,453,filterLoc,,
4755,456,filterLoc,,
4755,459,filterLoc,,
4755,462,filterLoc,,
4755,465,filterLoc,,
4755,468,filterLoc,,
4755,471,filterLoc,,
4755,474,filterLoc,,
4755,477,filterLoc,,
4755,480,filterLoc,,
4755,483,filterLoc,,
4755,486,filterLoc,,
4755,489,filterLoc,,
4755,492,filterLoc,,
4755,495,filterLoc,,
4755,498,filterLoc,,
4755,501,filterLoc,,
4755,504,filterLoc,,
4755,507,filterLoc,,
4755,510,filterLoc,,
4755,513,filterLoc,,
4755,516,filterLoc,,
4755,519,filterLoc,,
4755,522,filterLoc,,
4755,525,filterLoc,,
4755,528,filterLoc,,
4755,531,filterLoc,,
4755,534,filterLoc,,
4755,537,filterLoc,,
4755,540,filterLoc,,
4755,543,filterLoc,,
4755,546,filterLoc,,
4755,549,filterLoc,,
4755,552,filterLoc,,
4755,555,filterLoc,,
4755,558,filterLoc,,
4755,561,filterLoc,,
4755,564,filterLoc,,
4755,567,filterLoc,,
4755,570,filterLoc,,
4755,573,filterLoc,,
4755,576,filterLoc,,
4755,579,filterLoc,,
4755,582,filterLoc,,
4755,585,filterLoc,,
4755,588,filterLoc,,
4755,591,filterLoc,,
4755,594,filterLoc,,
4755,597,filterLoc,,
4755,600,filterLoc,,
4755,603,filterLoc,,
4755,606,filterLoc,,
4755,609,filterLoc,,
4755,612,filterLoc,,
4755,615,filterLoc,,
4755,618,filterLoc,,
4755,621,filterLoc,,
4755,624,filterLoc,,
4755,627,filterLoc,,
4755,630,filterLoc,,
4755,633,filterLoc,,
4755,636,filterLoc,,
4755,639,filterLoc,,
4755,642,filterLoc,,
4755,645,filterLoc,,
4755,648,filterLoc,,
4755,651,filterLoc,,
4755,654,filterLoc,,
4755,657,filterLoc,,
4755,660,filterLoc,,
4755,663,filterLoc,,
4755,666,filterLoc,,
4755,669,filterLoc,,
4755,672,filterLoc,,
4755,675,filterLoc,,
4755,678,filterLoc,,
4755,681,filterLoc,,
4755,684,filterLoc,,
4755,687,filterLoc,,
4755,690,filterLoc,,
4755,693,filterLoc,,
4755,696,filterLoc,,
4755,699,filterLoc,,
4755,702,filterLoc,,
4755,705,filterLoc,,
4755,708,filterLoc,,
4755,711,filterLoc,,
4755,714,filterLoc,,
4755,717,filterLoc,,
4755,720,filterLoc,,
4755,723,filterLoc,,
4755,726,filterLoc,,
4755,729,filterLoc,,
4755,732,filterLoc,,
4755,735,filterLoc,,
4755,738,filterLoc,,
4755,741,filterLoc,,
4755,744,filterLoc,,
4755,747,filterLoc,,
4755,750,filterLoc,,
4755,753,filterLoc,,
4755,756,filterLoc,,
4755,759,filterLoc,,
4755,762,filterLoc,,
4755,765,filterLoc,,
4755,768,filterLoc,,
4755,771,filterLoc,,
4755,774,filterLoc,,
4755,777,filterLoc,,
4755,780,filterLoc,,
4755,783,filterLoc,,
4755,786,filterLoc,,
4755,789,filterLoc,,
4755,792,filterLoc,,
4755,795,filterLoc,,
4755,798,filterLoc,,
4755,801,filterLoc,,
4755,804,filterLoc,,
4755,807,filterLoc,,
4755,810,filterLoc,,
4755,813,filterLoc,,
4755,816,filterLoc,,
4755,819,filterLoc,,
4755,822,filterLoc,,
4755,825,filterLoc,,
4755,828,filterLoc,,
4755,831,filterLoc,,
4755,834,filterLoc,,
4755,837,filterLoc,,
4755,840,filterLoc,,
4755,843,filterLoc,,
4755,846,filterLoc,,
4755,849,filterLoc,,
4755,852,filterLoc,,
4755,855,filterLoc,,
4755,858,filterLoc,,
4755,861,filterLoc,,
4755,864,filterLoc,,
4755,867,filterLoc,,
4755,870,filterLoc,,
4755,873,filterLoc,,
4755,876,filterLoc,,
4755,879,filterLoc,,
4755,882,filterLoc,,
4755,885,filterLoc,,
4755,888,filterLoc,,
4755,891,filterLoc,,
4755,894,filterLoc,,
4755,897,filterLoc,,
4755,900,filterLoc,,
4755,903,filterLoc,,
4755,906,filterLoc,,
4755,909,filterLoc,,
4755,912,filterLoc,,
4755,915,filterLoc,,
4755,918,filterLoc,,
4755,921,filterLoc,,
4755,924,filterLoc,,
4755,927,filterLoc,,
4755,930,filterLoc,,
4755,933,filterLoc,,
4755,936,filterLoc,,
4755,939,filterLoc,,
4755,942,filterLoc,,
4755,945,filterLoc,,
4755,948,filterLoc,,
4755,951,filterLoc,,
4755,954,filterLoc,,
4755,957,filterLoc,,
4755,960,filterLoc,,
4755,963,filterLoc,,
4755,966,filterLoc,,
4755,969,filterLoc,,
4755,972,filterLoc,,
4755,975,filterLoc,,
4755,978,filterLoc,,
4755,981,filterLoc,,
4755,984,filterLoc,,
4755,987,filterLoc,,
4755,990,filterLoc,,
4755,993,filterLoc,,
4755,996,filterLoc,,
4755,999,filterLoc,,
4755,1002,filterLoc,,
4755,1005,filterLoc,,
4755,1008,filterLoc,,
4755,1011,filterLoc,,
4755,1014,filterLoc,,
4755,1017,filterLoc,,
4755,1020,filterLoc,,
4755,1023,filterLoc,,
4755,1026,filterLoc,,
4755,1029,filterLoc,,
4755,1032,filterLoc,,
4755,1035,filterLoc,,
4755,1038,filterLoc,,
4755,1041,filterLoc,,
4755,1044,filterLoc,,
4755,1047,filterLoc,,
4755,1050,filterLoc,,
4755,1053,filterLoc,,
4755,1056,filterLoc,,
4755,1059,filterLoc,,
4755,1062,filterLoc,,
4755,1065,filterLoc,,
4755,1068,filterLoc,,
4755,1071,filterLoc,,
4755,1074,filterLoc,,
4755,1077,filterLoc,,
4755,1080,filterLoc,,
4755,1083,filterLoc,,
4755,1086,filterLoc,,
4755,1089,filterLoc,,
4755,1092,filterLoc,,
4755,1095,filterLoc,,
4755,1098,filterLoc,,
4755,1101,filterLoc,,
4755,1104,filterLoc,,
4755,1107,filterLoc,,
4755,1110,filterLoc,,
4755,1113,filterLoc,,
4755,1116,filterLoc,,
4755,1121,helicopter,outEvac,Evacuee 376 in triage category Y is not assigned a helicopter
4755,1121,helicopter,outEvac,Evacuee 383 in triage category Y is not assigned a helicopter
4755,1121,helicopter,outEvac,Evacuee 426 in triage category Y is not assigned a helicopter
4755,1121,helicopter,,Helicopter;2;is unloading people at the FOL;;and has;0;spots taken
4755,1123,filterLoc,,
4755,1126,filterLoc,,
4755,1129,filterLoc,,
4755,1132,filterLoc,,
4755,1135,filterLoc,,
4755,1138,filterLoc,,
4755,1141,filterLoc,,
4755,1144,filterLoc,,
4755,1147,filterLoc,,
4755,1150,filterLoc,,
4755,1153,filterLoc,,
4755,1156,filterLoc,,
4755,1163,filterLoc,,
4755,1166,filterLoc,,
4755,1169,filterLoc,,
4755,1172,filterLoc,,
4755,1175,filterLoc,,
4755,1178,filterLoc,,
4755,1181,filterLoc,,
4755,1184,filterLoc,,
4755,1187,filterLoc,,
4755,1190,filterLoc,,
4755,1193,filterLoc,,
4755,1196,filterLoc,,
4755,1199,filterLoc,,
4755,1202,filterLoc,,
4755,1205,filterLoc,,
4755,1208,filterLoc,,
4755,1211,filterLoc,,
4755,1214,filterLoc,,
4755,1217,filterLoc,,
4755,1220,filterLoc,,
4755,1223,filterLoc,,
4755,1226,filterLoc,,
4755,1229,filterLoc,,
4755,1232,filterLoc,,
4755,1235,filterLoc,,
4755,1238,filterLoc,,
4755,1241,filterLoc,,
4755,1244,filterLoc,,
4755,1247,filterLoc,,
4755,1250,filterLoc,,
4755,1253,filterLoc,,
4755,1256,filterLoc,,
4755,1259,filterLoc,,
4755,1262,filterLoc,,
4755,1265,filterLoc,,
4755,1268,filterLoc,,
4755,1271,filterLoc,,
4755,1274,filterLoc,,
4755,1277,filterLoc,,
4755,1280,filterLoc,,
4755,1283,filterLoc,,
4755,1286,filterLoc,,
4755,1289,filterLoc,,
4755,1292,filterLoc,,
4755,1295,filterLoc,,
4755,1298,filterLoc,,
4755,1301,filterLoc,,
4755,1304,filterLoc,,
4755,1307,filterLoc,,
4755,1310,filterLoc,,
4755,1313,filterLoc,,
4755,1316,filterLoc,,
4755,1319,filterLoc,,
4755,1322,filterLoc,,
4755,1325,filterLoc,,
4755,1328,filterLoc,,
4755,1331,filterLoc,,
4755,1334,filterLoc,,
4755,1337,filterLoc,,
4755,1340,filterLoc,,
4755,1343,filterLoc,,
4755,1346,filterLoc,,
4755,1349,filterLoc,,
4755,1352,filterLoc,,
4755,1355,filterLoc,,
4755,1358,filterLoc,,
4755,1361,filterLoc,,
4755,1364,filterLoc,,
4755,1367,filterLoc,,
4755,1370,filterLoc,,
4755,1373,filterLoc,,
4755,1376,filterLoc,,
4755,1379,filterLoc,,
4755,1382,filterLoc,,
4755,1385,filterLoc,,
4755,1388,filterLoc,,
4755,1391,filterLoc,,
4755,1394,filterLoc,,
4755,1397,filterLoc,,
4755,1400,filterLoc,,
4755,1403,filterLoc,,
4755,1406,filterLoc,,
4755,1409,filterLoc,,
4755,1412,filterLoc,,
4755,1415,filterLoc,,
4755,1418,filterLoc,,
4755,1421,filterLoc,,
4755,1424,filterLoc,,
4755,1427,filterLoc,,
4755,1430,filterLoc,,
4755,1433,filterLoc,,
4755,1436,filterLoc,,
4755,1439,filterLoc,,
4755,1442,filterLoc,,
4755,1445,filterLoc,,
4755,1448,filterLoc,,
4755,1451,filterLoc,,
4755,1454,filterLoc,,
4755,1457,filterLoc,,
4755,1460,filterLoc,,
4755,1463,filterLoc,,
4755,1466,filterLoc,,
4755,1469,filterLoc,,
4755,1472,filterLoc,,
4755,1475,filterLoc,,
4755,1478,filterLoc,,
4755,1481,filterLoc,,
4755,1484,filterLoc,,
4755,1487,filterLoc,,
4755,1490,filterLoc,,
4755,1493,filterLoc,,
4755,1496,filterLoc,,
4755,1499,filterLoc,,
4755,1502,filterLoc,,
4755,1505,filterLoc,,
4755,1508,filterLoc,,
4755,1511,filterLoc,,
4755,1514,filterLoc,,
4755,1517,filterLoc,,
4755,116,filterLoc,out,Evacuee 426 in triage category Y is not assigned a helicopter
4755,116,filterLoc,,
4755,117,evacuee,,Evacuee;426;in triage state;Y;is entering the FOL
4755,185,filterLoc,out,Evacuee 383 in triage category Y is not assigned a helicopter
4755,185,filterLoc,,
4755,186,evacuee,,Evacuee;383;in triage state;Y;is entering the FOL
4755,390,filterLoc,out,Evacuee 376 in triage category Y is not assigned a helicopter
4755,390,filterLoc,,
4755,391,evacuee,,Evacuee;376;in triage state;Y;is entering the FOL
4755,117,evacuee,outFOL,Evacuee 426 in triage category Y is not assigned a helicopter
4755,117,evacuee,,Evacuee;426;in triage state;Y;is at the FOL
4755,186,evacuee,outFOL,Evacuee 383 in triage category Y is not assigned a helicopter
4755,186,evacuee,,Evacuee;383;in triage state;Y;is at the FOL
4755,223,FOL,,;EvacueeID;7;Triage Status;G;EvacueeID;10;Triage Status;G;EvacueeID;14;Triage Status;G;EvacueeID;16;Triage Status;G;EvacueeID;17;Triage Status;G;EvacueeID;21;Triage Status;G;EvacueeID;27;Triage Status;G;EvacueeID;29;Triage Status;G;EvacueeID;31;Triage Status;G;EvacueeID;35;Triage Status;G;EvacueeID;36;Triage Status;G;EvacueeID;38;Triage Status;G;EvacueeID;42;Triage Status;G;EvacueeID;43;Triage Status;G;EvacueeID;46;Triage Status;G;EvacueeID;47;Triage Status;G;EvacueeID;53;Triage Status;G;EvacueeID;54;Triage Status;G;EvacueeID;56;Triage Status;G;EvacueeID;63;Triage Status;G;EvacueeID;65;Triage Status;G;EvacueeID;68;Triage Status;G;EvacueeID;69;Triage Status;G;EvacueeID;72;Triage Status;G;EvacueeID;73;Triage Status;G;EvacueeID;77;Triage Status;G;EvacueeID;78;Triage Status;G;EvacueeID;82;Triage Status;G;EvacueeID;84;Triage Status;G;EvacueeID;85;Triage Status;G;EvacueeID;88;Triage Status;G;EvacueeID;91;Triage Status;G;EvacueeID;93;Triage Status;G;EvacueeID;94;Triage Status;G;EvacueeID;95;Triage Status;G;EvacueeID;100;Triage Status;G;EvacueeID;106;Triage Status;G;EvacueeID;108;Triage Status;G;EvacueeID;109;Triage Status;G;EvacueeID;112;Triage Status;G;EvacueeID;113;Triage Status;G;EvacueeID;114;Triage Status;G;EvacueeID;122;Triage Status;G;EvacueeID;130;Triage Status;G;EvacueeID;132;Triage Status;G;EvacueeID;136;Triage Status;G;EvacueeID;137;Triage Status;G;EvacueeID;138;Triage Status;G;EvacueeID;139;Triage Status;G;EvacueeID;140;Triage Status;G;EvacueeID;146;Triage Status;G;EvacueeID;147;Triage Status;G;EvacueeID;155;Triage Status;G;EvacueeID;156;Triage Status;G;EvacueeID;158;Triage Status;G;EvacueeID;163;Triage Status;G;EvacueeID;165;Triage Status;G;EvacueeID;166;Triage Status;G;EvacueeID;175;Triage Status;G;EvacueeID;178;Triage Status;G;EvacueeID;179;Triage Status;G;EvacueeID;180;Triage Status;G;EvacueeID;185;Triage Status;G;EvacueeID;186;Triage Status;G;EvacueeID;187;Triage Status;G;EvacueeID;188;Triage Status;G;EvacueeID;189;Triage Status;G;EvacueeID;191;Triage Status;G;EvacueeID;194;Triage Status;G;EvacueeID;196;Triage Status;G;EvacueeID;198;Triage Status;G;EvacueeID;206;Triage Status;G;EvacueeID;207;Triage Status;G;EvacueeID;213;Triage Status;G;EvacueeID;217;Triage Status;G;EvacueeID;218;Triage Status;G;EvacueeID;233;Triage Status;G;EvacueeID;236;Triage Status;G;EvacueeID;237;Triage Status;G;EvacueeID;238;Triage Status;G;EvacueeID;239;Triage Status;G;EvacueeID;242;Triage Status;G;EvacueeID;253;Triage Status;G;EvacueeID;265;Triage Status;G;EvacueeID;268;Triage Status;G;EvacueeID;276;Triage Status;G;EvacueeID;280;Triage Status;G;EvacueeID;281;Triage Status;G;EvacueeID;282;Triage Status;G;EvacueeID;283;Triage Status;G;EvacueeID;284;Triage Status;G;EvacueeID;289;Triage Status;G;EvacueeID;299;Triage Status;G;EvacueeID;300;Triage Status;G;EvacueeID;312;Triage Status;G;EvacueeID;313;Triage Status;G;EvacueeID;316;Triage Status;G;EvacueeID;323;Triage Status;G;EvacueeID;340;Triage Status;G;EvacueeID;341;Triage Status;G;EvacueeID;342;Triage Status;G;EvacueeID;344;Triage Status;G;EvacueeID;346;Triage Status;G;EvacueeID;347;Triage Status;G;EvacueeID;348;Triage Status;G;EvacueeID;349;Triage Status;G;EvacueeID;351;Triage Status;G;EvacueeID;358;Triage Status;G;EvacueeID;361;Triage Status;G;EvacueeID;364;Triage Status;G;EvacueeID;367;Triage Status;G;EvacueeID;373;Triage Status;G;EvacueeID;380;Triage Status;G;EvacueeID;381;Triage Status;G;EvacueeID;382;Triage Status;G;EvacueeID;405;Triage Status;G;EvacueeID;407;Triage Status;G;EvacueeID;411;Triage Status;G;EvacueeID;414;Triage Status;G;EvacueeID;417;Triage Status;G;EvacueeID;419;Triage Status;G;EvacueeID;420;Triage Status;G;EvacueeID;422;Triage Status;G;EvacueeID;423;Triage Status;G;EvacueeID;427;Triage Status;G;EvacueeID;438;Triage Status;G;EvacueeID;443;Triage Status;G;EvacueeID;446;Triage Status;G;EvacueeID;447;Triage Status;G;EvacueeID;449;Triage Status;G;EvacueeID;232;Triage Status;Y;EvacueeID;454;Triage Status;G;EvacueeID;463;Triage Status;G;EvacueeID;468;Triage Status;G;EvacueeID;471;Triage Status;G;EvacueeID;472;Triage Status;G;EvacueeID;475;Triage Status;G;EvacueeID;99;Triage Status;Y;EvacueeID;205;Triage Status;Y;EvacueeID;288;Triage Status;Y;EvacueeID;317;Triage Status;Y;EvacueeID;353;Triage Status;Y;EvacueeID;400;Triage Status;Y;EvacueeID;460;Triage Status;G;EvacueeID;376;Triage Status;Y;EvacueeID;383;Triage Status;Y;EvacueeID;426;Triage Status;Y;Lives Saved;147
4755,391,evacuee,outFOL,Evacuee 376 in triage category Y is not assigned a helicopter
4755,391,evacuee,,Evacuee;376;in triage state;Y;is at the FOL
4755,223,FOL,,;EvacueeID;7;Triage Status;G;EvacueeID;10;Triage Status;G;EvacueeID;14;Triage Status;G;EvacueeID;16;Triage Status;G;EvacueeID;17;Triage Status;G;EvacueeID;21;Triage Status;G;EvacueeID;27;Triage Status;G;EvacueeID;29;Triage Status;G;EvacueeID;31;Triage Status;G;EvacueeID;35;Triage Status;G;EvacueeID;36;Triage Status;G;EvacueeID;38;Triage Status;G;EvacueeID;42;Triage Status;G;EvacueeID;43;Triage Status;G;EvacueeID;46;Triage Status;G;EvacueeID;47;Triage Status;G;EvacueeID;53;Triage Status;G;EvacueeID;54;Triage Status;G;EvacueeID;56;Triage Status;G;EvacueeID;63;Triage Status;G;EvacueeID;65;Triage Status;G;EvacueeID;68;Triage Status;G;EvacueeID;69;Triage Status;G;EvacueeID;72;Triage Status;G;EvacueeID;73;Triage Status;G;EvacueeID;77;Triage Status;G;EvacueeID;78;Triage Status;G;EvacueeID;82;Triage Status;G;EvacueeID;84;Triage Status;G;EvacueeID;85;Triage Status;G;EvacueeID;88;Triage Status;G;EvacueeID;91;Triage Status;G;EvacueeID;93;Triage Status;G;EvacueeID;94;Triage Status;G;EvacueeID;95;Triage Status;G;EvacueeID;100;Triage Status;G;EvacueeID;106;Triage Status;G;EvacueeID;108;Triage Status;G;EvacueeID;109;Triage Status;G;EvacueeID;112;Triage Status;G;EvacueeID;113;Triage Status;G;EvacueeID;114;Triage Status;G;EvacueeID;122;Triage Status;G;EvacueeID;130;Triage Status;G;EvacueeID;132;Triage Status;G;EvacueeID;136;Triage Status;G;EvacueeID;137;Triage Status;G;EvacueeID;138;Triage Status;G;EvacueeID;139;Triage Status;G;EvacueeID;140;Triage Status;G;EvacueeID;146;Triage Status;G;EvacueeID;147;Triage Status;G;EvacueeID;155;Triage Status;G;EvacueeID;156;Triage Status;G;EvacueeID;158;Triage Status;G;EvacueeID;163;Triage Status;G;EvacueeID;165;Triage Status;G;EvacueeID;166;Triage Status;G;EvacueeID;175;Triage Status;G;EvacueeID;178;Triage Status;G;EvacueeID;179;Triage Status;G;EvacueeID;180;Triage Status;G;EvacueeID;185;Triage Status;G;EvacueeID;186;Triage Status;G;EvacueeID;187;Triage Status;G;EvacueeID;188;Triage Status;G;EvacueeID;189;Triage Status;G;EvacueeID;191;Triage Status;G;EvacueeID;194;Triage Status;G;EvacueeID;196;Triage Status;G;EvacueeID;198;Triage Status;G;EvacueeID;206;Triage Status;G;EvacueeID;207;Triage Status;G;EvacueeID;213;Triage Status;G;EvacueeID;217;Triage Status;G;EvacueeID;218;Triage Status;G;EvacueeID;233;Triage Status;G;EvacueeID;236;Triage Status;G;EvacueeID;237;Triage Status;G;EvacueeID;238;Triage Status;G;EvacueeID;239;Triage Status;G;EvacueeID;242;Triage Status;G;EvacueeID;253;Triage Status;G;EvacueeID;265;Triage Status;G;EvacueeID;268;Triage Status;G;EvacueeID;276;Triage Status;G;EvacueeID;280;Triage Status;G;EvacueeID;281;Triage Status;G;EvacueeID;282;Triage Status;G;EvacueeID;283;Triage Status;G;EvacueeID;284;Triage Status;G;EvacueeID;289;Triage Status;G;EvacueeID;299;Triage Status;G;EvacueeID;300;Triage Status;G;EvacueeID;312;Triage Status;G;EvacueeID;313;Triage Status;G;EvacueeID;316;Triage Status;G;EvacueeID;323;Triage Status;G;EvacueeID;340;Triage Status;G;EvacueeID;341;Triage Status;G;EvacueeID;342;Triage Status;G;EvacueeID;344;Triage Status;G;EvacueeID;346;Triage Status;G;EvacueeID;347;Triage Status;G;EvacueeID;348;Triage Status;G;EvacueeID;349;Triage Status;G;EvacueeID;351;Triage Status;G;EvacueeID;358;Triage Status;G;EvacueeID;361;Triage Status;G;EvacueeID;364;Triage Status;G;EvacueeID;367;Triage Status;G;EvacueeID;373;Triage Status;G;EvacueeID;380;Triage Status;G;EvacueeID;381;Triage Status;G;EvacueeID;382;Triage Status;G;EvacueeID;405;Triage Status;G;EvacueeID;407;Triage Status;G;EvacueeID;411;Triage Status;G;EvacueeID;414;Triage Status;G;EvacueeID;417;Triage Status;G;EvacueeID;419;Triage Status;G;EvacueeID;420;Triage Status;G;EvacueeID;422;Triage Status;G;EvacueeID;423;Triage Status;G;EvacueeID;427;Triage Status;G;EvacueeID;438;Triage Status;G;EvacueeID;443;Triage Status;G;EvacueeID;446;Triage Status;G;EvacueeID;447;Triage Status;G;EvacueeID;449;Triage Status;G;EvacueeID;232;Triage Status;Y;EvacueeID;454;Triage Status;G;EvacueeID;463;Triage Status;G;EvacueeID;468;Triage Status;G;EvacueeID;471;Triage Status;G;EvacueeID;472;Triage Status;G;EvacueeID;475;Triage Status;G;EvacueeID;99;Triage Status;Y;EvacueeID;205;Triage Status;Y;EvacueeID;288;Triage Status;Y;EvacueeID;317;Triage Status;Y;EvacueeID;353;Triage Status;Y;EvacueeID;400;Triage Status;Y;EvacueeID;460;Triage Status;G;EvacueeID;376;Triage Status;Y;EvacueeID;383;Triage Status;Y;EvacueeID;426;Triage Status;Y;Lives Saved;147
4800,105,helicopter,,Helicopter;3;is unloading people at the FOL;;and has;0;spots taken
4860,5,helicopterQueue,,1;Helos are waiting to land;HeloID;1
4860,1161,helicopter,outES,Helicopter 1 is evacuating people1
4860,1161,helicopter,,Helicopter;1;is waiting to land at the evacuation site;;and has;0;spots taken
4860,5,helicopterQueue,outHelo,Helicopter 1 has stopped
4860,5,helicopterQueue,,;No helos are waiting to land
4860,104,filterES,,
4860,1120,filterES,,
4860,1160,filterES,,Helicopter;1;has stopped
4860,1160,filterES,out,Helicopter 1 has stopped
4860,1160,filterES,,
4860,1161,helicopter,,Helicopter;1;is waiting to land at the evacuation site;;and has;0;spots taken
4860,1161,helicopter,,Helicopter;1;is returning to the FOL;;and has;0;spots taken
5010,1161,helicopter,,Helicopter;1;is unloading people at the FOL;;and has;0;spots taken
6030,2,coastGuardShip,,There are no more evacuees.
6030,2,coastGuardShip,,There are no more evacuees.
6030,3,evacueeManager,,OFF SHIP: White;0;Green;0;Yellow;0;Red;0;Black;353;ON SHIP: White;0;Green;0;Yellow;0;Red;0;Evacuees to Transfer;
6030,4,helipadManager,,;No helos are at ES;Stopped evacuating people
6030,5,helicopterQueue,,;No helos are waiting to land
6030,7,filterLoc,,
6030,8,evacuee,,Evacuee;501;in triage state;B;is at the evacuation site
6030,10,filterLoc,,
6030,11,evacuee,,Evacuee;500;in triage state;B;is at the evacuation site
6030,13,filterLoc,,
6030,14,evacuee,,Evacuee;494;in triage state;B;is at the evacuation site
6030,16,filterLoc,,
6030,17,evacuee,,Evacuee;492;in triage state;B;is at the evacuation site
6030,19,filterLoc,,
6030,20,evacuee,,Evacuee;489;in triage state;B;is at the evacuation site
6030,22,filterLoc,,
6030,23,evacuee,,Evacuee;486;in triage state;B;is at the evacuation site
6030,25,filterLoc,,
6030,26,evacuee,,Evacuee;484;in triage state;B;is at the evacuation site
6030,28,filterLoc,,
6030,29,evacuee,,Evacuee;483;in triage state;B;is at the evacuation site
6030,31,filterLoc,,
6030,32,evacuee,,Evacuee;482;in triage state;B;is at the evacuation site
6030,34,filterLoc,,
6030,35,evacuee,,Evacuee;499;in triage state;B;is at the evacuation site
6030,37,filterLoc,,
6030,38,evacuee,,Evacuee;479;in triage state;B;is at the evacuation site
6030,40,filterLoc,,
6030,41,evacuee,,Evacuee;478;in triage state;B;is at the evacuation site
6030,43,filterLoc,,
6030,44,evacuee,,Evacuee;476;in triage state;B;is at the evacuation site
6030,46,filterLoc,,
6030,47,evacuee,,Evacuee;475;in triage state;G;is at the FOL
6030,49,filterLoc,,
6030,50,evacuee,,Evacuee;472;in triage state;G;is at the FOL
6030,52,filterLoc,,
6030,53,evacuee,,Evacuee;471;in triage state;G;is at the FOL
6030,55,filterLoc,,
6030,56,evacuee,,Evacuee;468;in triage state;G;is at the FOL
6030,58,filterLoc,,
6030,59,evacuee,,Evacuee;463;in triage state;G;is at the FOL
6030,61,filterLoc,,
6030,62,evacuee,,Evacuee;462;in triage state;B;is at the evacuation site
6030,64,filterLoc,,
6030,65,evacuee,,Evacuee;461;in triage state;B;is at the evacuation site
6030,67,filterLoc,,
6030,68,evacuee,,Evacuee;459;in triage state;B;is at the evacuation site
6030,70,filterLoc,,
6030,71,evacuee,,Evacuee;495;in triage state;B;is at the evacuation site
6030,73,filterLoc,,
6030,74,evacuee,,Evacuee;458;in triage state;B;is at the evacuation site
6030,76,filterLoc,,
6030,77,evacuee,,Evacuee;456;in triage state;B;is at the evacuation site
6030,79,filterLoc,,
6030,80,evacuee,,Evacuee;455;in triage state;B;is at the evacuation site
6030,82,filterLoc,,
6030,83,evacuee,,Evacuee;448;in triage state;B;is at the evacuation site
6030,85,filterLoc,,
6030,86,evacuee,,Evacuee;445;in triage state;B;is at the evacuation site
6030,88,filterLoc,,
6030,89,evacuee,,Evacuee;442;in triage state;B;is at the evacuation site
6030,91,filterLoc,,
6030,92,evacuee,,Evacuee;441;in triage state;B;is at the evacuation site
6030,94,filterLoc,,
6030,95,evacuee,,Evacuee;439;in triage state;B;is at the evacuation site
6030,97,filterLoc,,
6030,98,evacuee,,Evacuee;437;in triage state;B;is at the evacuation site
6030,100,filterLoc,,
6030,101,evacuee,,Evacuee;436;in triage state;B;is at the evacuation site
6030,103,filterEvac,,
6030,104,filterES,,
6030,105,helicopter,,Helicopter;3;is unloading people at the FOL;;and has;0;spots taken
6030,107,filterLoc,,
6030,108,evacuee,,Evacuee;434;in triage state;B;is at the evacuation site
6030,110,filterLoc,,
6030,111,evacuee,,Evacuee;433;in triage state;B;is at the evacuation site
6030,113,filterLoc,,
6030,114,evacuee,,Evacuee;428;in triage state;B;is at the evacuation site
6030,116,filterLoc,,
6030,117,evacuee,,Evacuee;426;in triage state;Y;is at the FOL
6030,119,filterLoc,,
6030,120,evacuee,,Evacuee;423;in triage state;G;is at the FOL
6030,122,filterLoc,,
6030,123,evacuee,,Evacuee;420;in triage state;G;is at the FOL
6030,125,filterLoc,,
6030,126,evacuee,,Evacuee;419;in triage state;G;is at the FOL
6030,128,filterLoc,,
6030,129,evacuee,,Evacuee;414;in triage state;G;is at the FOL
6030,131,filterLoc,,
6030,132,evacuee,,Evacuee;411;in triage state;G;is at the FOL
6030,134,filterLoc,,
6030,135,evacuee,,Evacuee;422;in triage state;G;is at the FOL
6030,137,filterLoc,,
6030,138,evacuee,,Evacuee;409;in triage state;B;is at the evacuation site
6030,140,filterLoc,,
6030,141,evacuee,,Evacuee;408;in triage state;B;is at the evacuation site
6030,143,filterLoc,,
6030,144,evacuee,,Evacuee;406;in triage state;B;is at the evacuation site
6030,146,filterLoc,,
6030,147,evacuee,,Evacuee;404;in triage state;B;is at the evacuation site
6030,149,filterLoc,,
6030,150,evacuee,,Evacuee;403;in triage state;B;is at the evacuation site
6030,152,filterLoc,,
6030,153,evacuee,,Evacuee;401;in triage state;B;is at the evacuation site
6030,155,filterLoc,,
6030,156,evacuee,,Evacuee;398;in triage state;B;is at the evacuation site
6030,158,filterLoc,,
6030,159,evacuee,,Evacuee;397;in triage state;B;is at the evacuation site
6030,161,filterLoc,,
6030,162,evacuee,,Evacuee;452;in triage state;B;is at the evacuation site
6030,164,filterLoc,,
6030,165,evacuee,,Evacuee;396;in triage state;B;is at the evacuation site
6030,167,filterLoc,,
6030,168,evacuee,,Evacuee;395;in triage state;B;is at the evacuation site
6030,170,filterLoc,,
6030,171,evacuee,,Evacuee;393;in triage state;B;is at the evacuation site
6030,173,filterLoc,,
6030,174,evacuee,,Evacuee;392;in triage state;B;is at the evacuation site
6030,176,filterLoc,,
6030,177,evacuee,,Evacuee;389;in triage state;B;is at the evacuation site
6030,179,filterLoc,,
6030,180,evacuee,,Evacuee;384;in triage state;B;is at the evacuation site
6030,182,filterLoc,,
6030,183,evacuee,,Evacuee;430;in triage state;B;is at the evacuation site
6030,185,filterLoc,,
6030,186,evacuee,,Evacuee;383;in triage state;Y;is at the FOL
6030,188,filterLoc,,
6030,189,evacuee,,Evacuee;480;in triage state;B;is at the evacuation site
6030,191,filterLoc,,
6030,192,evacuee,,Evacuee;382;in triage state;G;is at the FOL
6030,194,filterLoc,,
6030,195,evacuee,,Evacuee;381;in triage state;G;is at the FOL
6030,197,filterLoc,,
6030,198,evacuee,,Evacuee;427;in triage state;G;is at the FOL
6030,200,filterLoc,,
6030,201,evacuee,,Evacuee;380;in triage state;G;is at the FOL
6030,203,filterLoc,,
6030,204,evacuee,,Evacuee;379;in triage state;B;is at the evacuation site
6030,206,filterLoc,,
6030,207,evacuee,,Evacuee;378;in triage state;B;is at the evacuation site
6030,209,filterLoc,,
6030,210,evacuee,,Evacuee;377;in triage state;B;is at the evacuation site
6030,212,filterLoc,,
6030,213,evacuee,,Evacuee;375;in triage state;B;is at the evacuation site
6030,215,filterLoc,,
6030,216,evacuee,,Evacuee;374;in triage state;B;is at the evacuation site
6030,218,filterLoc,,
6030,219,evacuee,,Evacuee;372;in triage state;B;is at the evacuation site
6030,221,filterLoc,,
6030,222,evacuee,,Evacuee;371;in triage state;B;is at the evacuation site
6030,223,FOL,,;EvacueeID;7;Triage Status;G;EvacueeID;10;Triage Status;G;EvacueeID;14;Triage Status;G;EvacueeID;16;Triage Status;G;EvacueeID;17;Triage Status;G;EvacueeID;21;Triage Status;G;EvacueeID;27;Triage Status;G;EvacueeID;29;Triage Status;G;EvacueeID;31;Triage Status;G;EvacueeID;35;Triage Status;G;EvacueeID;36;Triage Status;G;EvacueeID;38;Triage Status;G;EvacueeID;42;Triage Status;G;EvacueeID;43;Triage Status;G;EvacueeID;46;Triage Status;G;EvacueeID;47;Triage Status;G;EvacueeID;53;Triage Status;G;EvacueeID;54;Triage Status;G;EvacueeID;56;Triage Status;G;EvacueeID;63;Triage Status;G;EvacueeID;65;Triage Status;G;EvacueeID;68;Triage Status;G;EvacueeID;69;Triage Status;G;EvacueeID;72;Triage Status;G;EvacueeID;73;Triage Status;G;EvacueeID;77;Triage Status;G;EvacueeID;78;Triage Status;G;EvacueeID;82;Triage Status;G;EvacueeID;84;Triage Status;G;EvacueeID;85;Triage Status;G;EvacueeID;88;Triage Status;G;EvacueeID;91;Triage Status;G;EvacueeID;93;Triage Status;G;EvacueeID;94;Triage Status;G;EvacueeID;95;Triage Status;G;EvacueeID;100;Triage Status;G;EvacueeID;106;Triage Status;G;EvacueeID;108;Triage Status;G;EvacueeID;109;Triage Status;G;EvacueeID;112;Triage Status;G;EvacueeID;113;Triage Status;G;EvacueeID;114;Triage Status;G;EvacueeID;122;Triage Status;G;EvacueeID;130;Triage Status;G;EvacueeID;132;Triage Status;G;EvacueeID;136;Triage Status;G;EvacueeID;137;Triage Status;G;EvacueeID;138;Triage Status;G;EvacueeID;139;Triage Status;G;EvacueeID;140;Triage Status;G;EvacueeID;146;Triage Status;G;EvacueeID;147;Triage Status;G;EvacueeID;155;Triage Status;G;EvacueeID;156;Triage Status;G;EvacueeID;158;Triage Status;G;EvacueeID;163;Triage Status;G;EvacueeID;165;Triage Status;G;EvacueeID;166;Triage Status;G;EvacueeID;175;Triage Status;G;EvacueeID;178;Triage Status;G;EvacueeID;179;Triage Status;G;EvacueeID;180;Triage Status;G;EvacueeID;185;Triage Status;G;EvacueeID;186;Triage Status;G;EvacueeID;187;Triage Status;G;EvacueeID;188;Triage Status;G;EvacueeID;189;Triage Status;G;EvacueeID;191;Triage Status;G;EvacueeID;194;Triage Status;G;EvacueeID;196;Triage Status;G;EvacueeID;198;Triage Status;G;EvacueeID;206;Triage Status;G;EvacueeID;207;Triage Status;G;EvacueeID;213;Triage Status;G;EvacueeID;217;Triage Status;G;EvacueeID;218;Triage Status;G;EvacueeID;233;Triage Status;G;EvacueeID;236;Triage Status;G;EvacueeID;237;Triage Status;G;EvacueeID;238;Triage Status;G;EvacueeID;239;Triage Status;G;EvacueeID;242;Triage Status;G;EvacueeID;253;Triage Status;G;EvacueeID;265;Triage Status;G;EvacueeID;268;Triage Status;G;EvacueeID;276;Triage Status;G;EvacueeID;280;Triage Status;G;EvacueeID;281;Triage Status;G;EvacueeID;282;Triage Status;G;EvacueeID;283;Triage Status;G;EvacueeID;284;Triage Status;G;EvacueeID;289;Triage Status;G;EvacueeID;299;Triage Status;G;EvacueeID;300;Triage Status;G;EvacueeID;312;Triage Status;G;EvacueeID;313;Triage Status;G;EvacueeID;316;Triage Status;G;EvacueeID;323;Triage Status;G;EvacueeID;340;Triage Status;G;EvacueeID;341;Triage Status;G;EvacueeID;342;Triage Status;G;EvacueeID;344;Triage Status;G;EvacueeID;346;Triage Status;G;EvacueeID;347;Triage Status;G;EvacueeID;348;Triage Status;G;EvacueeID;349;Triage Status;G;EvacueeID;351;Triage Status;G;EvacueeID;358;Triage Status;G;EvacueeID;361;Triage Status;G;EvacueeID;364;Triage Status;G;EvacueeID;367;Triage Status;G;EvacueeID;373;Triage Status;G;EvacueeID;380;Triage Status;G;EvacueeID;381;Triage Status;G;EvacueeID;382;Triage Status;G;EvacueeID;405;Triage Status;G;EvacueeID;407;Triage Status;G;EvacueeID;411;Triage Status;G;EvacueeID;414;Triage Status;G;EvacueeID;417;Triage Status;G;EvacueeID;419;Triage Status;G;EvacueeID;420;Triage Status;G;EvacueeID;422;Triage Status;G;EvacueeID;423;Triage Status;G;EvacueeID;427;Triage Status;G;EvacueeID;438;Triage Status;G;EvacueeID;443;Triage Status;G;EvacueeID;446;Triage Status;G;EvacueeID;447;Triage Status;G;EvacueeID;449;Triage Status;G;EvacueeID;232;Triage Status;Y;EvacueeID;454;Triage Status;G;EvacueeID;463;Triage Status;G;EvacueeID;468;Triage Status;G;EvacueeID;471;Triage Status;G;EvacueeID;472;Triage Status;G;EvacueeID;475;Triage Status;G;EvacueeID;99;Triage Status;Y;EvacueeID;205;Triage Status;Y;EvacueeID;288;Triage Status;Y;EvacueeID;317;Triage Status;Y;EvacueeID;353;Triage Status;Y;EvacueeID;400;Triage Status;Y;EvacueeID;460;Triage Status;G;EvacueeID;376;Triage Status;Y;EvacueeID;383;Triage Status;Y;EvacueeID;426;Triage Status;Y;Lives Saved;147
6030,225,filterLoc,,
6030,226,evacuee,,Evacuee;370;in triage state;B;is at the evacuation site
6030,228,filterLoc,,
6030,229,evacuee,,Evacuee;457;in triage state;B;is at the evacuation site
6030,231,filterLoc,,
6030,232,evacuee,,Evacuee;369;in triage state;B;is at the evacuation site
6030,234,filterLoc,,
6030,235,evacuee,,Evacuee;366;in triage state;B;is at the evacuation site
6030,237,filterLoc,,
6030,238,evacuee,,Evacuee;362;in triage state;B;is at the evacuation site
6030,240,filterLoc,,
6030,241,evacuee,,Evacuee;425;in triage state;B;is at the evacuation site
6030,243,filterLoc,,
6030,244,evacuee,,Evacuee;360;in triage state;B;is at the evacuation site
6030,246,filterLoc,,
6030,247,evacuee,,Evacuee;357;in triage state;B;is at the evacuation site
6030,249,filterLoc,,
6030,250,evacuee,,Evacuee;354;in triage state;B;is at the evacuation site
6030,252,filterLoc,,
6030,253,evacuee,,Evacuee;353;in triage state;Y;is at the FOL
6030,255,filterLoc,,
6030,256,evacuee,,Evacuee;351;in triage state;G;is at the FOL
6030,258,filterLoc,,
6030,259,evacuee,,Evacuee;349;in triage state;G;is at the FOL
6030,261,filterLoc,,
6030,262,evacuee,,Evacuee;348;in triage state;G;is at the FOL
6030,264,filterLoc,,
6030,265,evacuee,,Evacuee;346;in triage state;G;is at the FOL
6030,267,filterLoc,,
6030,268,evacuee,,Evacuee;341;in triage state;G;is at the FOL
6030,270,filterLoc,,
6030,271,evacuee,,Evacuee;340;in triage state;G;is at the FOL
6030,273,filterLoc,,
6030,274,evacuee,,Evacuee;338;in triage state;B;is at the evacuation site
6030,276,filterLoc,,
6030,277,evacuee,,Evacuee;335;in triage state;B;is at the evacuation site
6030,279,filterLoc,,
6030,280,evacuee,,Evacuee;331;in triage state;B;is at the evacuation site
6030,282,filterLoc,,
6030,283,evacuee,,Evacuee;503;in triage state;B;is at the evacuation site
6030,285,filterLoc,,
6030,286,evacuee,,Evacuee;330;in triage state;B;is at the evacuation site
6030,288,filterLoc,,
6030,289,evacuee,,Evacuee;328;in triage state;B;is at the evacuation site
6030,291,filterLoc,,
6030,292,evacuee,,Evacuee;327;in triage state;B;is at the evacuation site
6030,294,filterLoc,,
6030,295,evacuee,,Evacuee;410;in triage state;B;is at the evacuation site
6030,297,filterLoc,,
6030,298,evacuee,,Evacuee;326;in triage state;B;is at the evacuation site
6030,300,filterLoc,,
6030,301,evacuee,,Evacuee;466;in triage state;B;is at the evacuation site
6030,303,filterLoc,,
6030,304,evacuee,,Evacuee;325;in triage state;B;is at the evacuation site
6030,306,filterLoc,,
6030,307,evacuee,,Evacuee;365;in triage state;B;is at the evacuation site
6030,309,filterLoc,,
6030,310,evacuee,,Evacuee;322;in triage state;B;is at the evacuation site
6030,312,filterLoc,,
6030,313,evacuee,,Evacuee;321;in triage state;B;is at the evacuation site
6030,315,filterLoc,,
6030,316,evacuee,,Evacuee;319;in triage state;B;is at the evacuation site
6030,318,filterLoc,,
6030,319,evacuee,,Evacuee;318;in triage state;B;is at the evacuation site
6030,321,filterLoc,,
6030,322,evacuee,,Evacuee;317;in triage state;Y;is at the FOL
6030,324,filterLoc,,
6030,325,evacuee,,Evacuee;460;in triage state;G;is at the FOL
6030,327,filterLoc,,
6030,328,evacuee,,Evacuee;316;in triage state;G;is at the FOL
6030,330,filterLoc,,
6030,331,evacuee,,Evacuee;446;in triage state;G;is at the FOL
6030,333,filterLoc,,
6030,334,evacuee,,Evacuee;313;in triage state;G;is at the FOL
6030,336,filterLoc,,
6030,337,evacuee,,Evacuee;443;in triage state;G;is at the FOL
6030,339,filterLoc,,
6030,340,evacuee,,Evacuee;312;in triage state;G;is at the FOL
6030,342,filterLoc,,
6030,343,evacuee,,Evacuee;309;in triage state;B;is at the evacuation site
6030,345,filterLoc,,
6030,346,evacuee,,Evacuee;306;in triage state;B;is at the evacuation site
6030,348,filterLoc,,
6030,349,evacuee,,Evacuee;305;in triage state;B;is at the evacuation site
6030,351,filterLoc,,
6030,352,evacuee,,Evacuee;303;in triage state;B;is at the evacuation site
6030,354,filterLoc,,
6030,355,evacuee,,Evacuee;295;in triage state;B;is at the evacuation site
6030,357,filterLoc,,
6030,358,evacuee,,Evacuee;352;in triage state;B;is at the evacuation site
6030,360,filterLoc,,
6030,361,evacuee,,Evacuee;293;in triage state;B;is at the evacuation site
6030,363,filterLoc,,
6030,364,evacuee,,Evacuee;488;in triage state;B;is at the evacuation site
6030,366,filterLoc,,
6030,367,evacuee,,Evacuee;413;in triage state;B;is at the evacuation site
6030,369,filterLoc,,
6030,370,evacuee,,Evacuee;292;in triage state;B;is at the evacuation site
6030,372,filterLoc,,
6030,373,evacuee,,Evacuee;291;in triage state;B;is at the evacuation site
6030,375,filterLoc,,
6030,376,evacuee,,Evacuee;290;in triage state;B;is at the evacuation site
6030,378,filterLoc,,
6030,379,evacuee,,Evacuee;350;in triage state;B;is at the evacuation site
6030,381,filterLoc,,
6030,382,evacuee,,Evacuee;288;in triage state;Y;is at the FOL
6030,384,filterLoc,,
6030,385,evacuee,,Evacuee;287;in triage state;B;is at the evacuation site
6030,387,filterLoc,,
6030,388,evacuee,,Evacuee;415;in triage state;B;is at the evacuation site
6030,390,filterLoc,,
6030,391,evacuee,,Evacuee;376;in triage state;Y;is at the FOL
6030,393,filterLoc,,
6030,394,evacuee,,Evacuee;284;in triage state;G;is at the FOL
6030,396,filterLoc,,
6030,397,evacuee,,Evacuee;283;in triage state;G;is at the FOL
6030,399,filterLoc,,
6030,400,evacuee,,Evacuee;282;in triage state;G;is at the FOL
6030,402,filterLoc,,
6030,403,evacuee,,Evacuee;281;in triage state;G;is at the FOL
6030,405,filterLoc,,
6030,406,evacuee,,Evacuee;280;in triage state;G;is at the FOL
6030,408,filterLoc,,
6030,409,evacuee,,Evacuee;333;in triage state;B;is at the evacuation site
6030,411,filterLoc,,
6030,412,evacuee,,Evacuee;279;in triage state;B;is at the evacuation site
6030,414,filterLoc,,
6030,415,evacuee,,Evacuee;278;in triage state;B;is at the evacuation site
6030,417,filterLoc,,
6030,418,evacuee,,Evacuee;277;in triage state;B;is at the evacuation site
6030,420,filterLoc,,
6030,421,evacuee,,Evacuee;315;in triage state;B;is at the evacuation site
6030,423,filterLoc,,
6030,424,evacuee,,Evacuee;274;in triage state;B;is at the evacuation site
6030,426,filterLoc,,
6030,427,evacuee,,Evacuee;273;in triage state;B;is at the evacuation site
6030,429,filterLoc,,
6030,430,evacuee,,Evacuee;337;in triage state;B;is at the evacuation site
6030,432,filterLoc,,
6030,433,evacuee,,Evacuee;301;in triage state;B;is at the evacuation site
6030,435,filterLoc,,
6030,436,evacuee,,Evacuee;272;in triage state;B;is at the evacuation site
6030,438,filterLoc,,
6030,439,evacuee,,Evacuee;270;in triage state;B;is at the evacuation site
6030,441,filterLoc,,
6030,442,evacuee,,Evacuee;264;in triage state;B;is at the evacuation site
6030,444,filterLoc,,
6030,445,evacuee,,Evacuee;262;in triage state;B;is at the evacuation site
6030,447,filterLoc,,
6030,448,evacuee,,Evacuee;260;in triage state;B;is at the evacuation site
6030,450,filterLoc,,
6030,451,evacuee,,Evacuee;259;in triage state;B;is at the evacuation site
6030,453,filterLoc,,
6030,454,evacuee,,Evacuee;125;in triage state;B;is at the evacuation site
6030,456,filterLoc,,
6030,457,evacuee,,Evacuee;114;in triage state;G;is at the FOL
6030,459,filterLoc,,
6030,460,evacuee,,Evacuee;289;in triage state;G;is at the FOL
6030,462,filterLoc,,
6030,463,evacuee,,Evacuee;88;in triage state;G;is at the FOL
6030,465,filterLoc,,
6030,466,evacuee,,Evacuee;449;in triage state;G;is at the FOL
6030,468,filterLoc,,
6030,469,evacuee,,Evacuee;122;in triage state;G;is at the FOL
6030,471,filterLoc,,
6030,472,evacuee,,Evacuee;108;in triage state;G;is at the FOL
6030,474,filterLoc,,
6030,475,evacuee,,Evacuee;276;in triage state;G;is at the FOL
6030,477,filterLoc,,
6030,478,evacuee,,Evacuee;121;in triage state;B;is at the evacuation site
6030,480,filterLoc,,
6030,481,evacuee,,Evacuee;386;in triage state;B;is at the evacuation site
6030,483,filterLoc,,
6030,484,evacuee,,Evacuee;117;in triage state;B;is at the evacuation site
6030,486,filterLoc,,
6030,487,evacuee,,Evacuee;192;in triage state;B;is at the evacuation site
6030,489,filterLoc,,
6030,490,evacuee,,Evacuee;432;in triage state;B;is at the evacuation site
6030,492,filterLoc,,
6030,493,evacuee,,Evacuee;245;in triage state;B;is at the evacuation site
6030,495,filterLoc,,
6030,496,evacuee,,Evacuee;310;in triage state;B;is at the evacuation site
6030,498,filterLoc,,
6030,499,evacuee,,Evacuee;118;in triage state;B;is at the evacuation site
6030,501,filterLoc,,
6030,502,evacuee,,Evacuee;502;in triage state;B;is at the evacuation site
6030,504,filterLoc,,
6030,505,evacuee,,Evacuee;491;in triage state;B;is at the evacuation site
6030,507,filterLoc,,
6030,508,evacuee,,Evacuee;470;in triage state;B;is at the evacuation site
6030,510,filterLoc,,
6030,511,evacuee,,Evacuee;469;in triage state;B;is at the evacuation site
6030,513,filterLoc,,
6030,514,evacuee,,Evacuee;215;in triage state;B;is at the evacuation site
6030,516,filterLoc,,
6030,517,evacuee,,Evacuee;345;in triage state;B;is at the evacuation site
6030,519,filterLoc,,
6030,520,evacuee,,Evacuee;302;in triage state;B;is at the evacuation site
6030,522,filterLoc,,
6030,523,evacuee,,Evacuee;112;in triage state;G;is at the FOL
6030,525,filterLoc,,
6030,526,evacuee,,Evacuee;299;in triage state;G;is at the FOL
6030,528,filterLoc,,
6030,529,evacuee,,Evacuee;109;in triage state;G;is at the FOL
6030,531,filterLoc,,
6030,532,evacuee,,Evacuee;373;in triage state;G;is at the FOL
6030,534,filterLoc,,
6030,535,evacuee,,Evacuee;358;in triage state;G;is at the FOL
6030,537,filterLoc,,
6030,538,evacuee,,Evacuee;188;in triage state;G;is at the FOL
6030,540,filterLoc,,
6030,541,evacuee,,Evacuee;106;in triage state;G;is at the FOL
6030,543,filterLoc,,
6030,544,evacuee,,Evacuee;311;in triage state;B;is at the evacuation site
6030,546,filterLoc,,
6030,547,evacuee,,Evacuee;148;in triage state;B;is at the evacuation site
6030,549,filterLoc,,
6030,550,evacuee,,Evacuee;235;in triage state;B;is at the evacuation site
6030,552,filterLoc,,
6030,553,evacuee,,Evacuee;105;in triage state;B;is at the evacuation site
6030,555,filterLoc,,
6030,556,evacuee,,Evacuee;424;in triage state;B;is at the evacuation site
6030,558,filterLoc,,
6030,559,evacuee,,Evacuee;269;in triage state;B;is at the evacuation site
6030,561,filterLoc,,
6030,562,evacuee,,Evacuee;103;in triage state;B;is at the evacuation site
6030,564,filterLoc,,
6030,565,evacuee,,Evacuee;124;in triage state;B;is at the evacuation site
6030,567,filterLoc,,
6030,568,evacuee,,Evacuee;111;in triage state;B;is at the evacuation site
6030,570,filterLoc,,
6030,571,evacuee,,Evacuee;39;in triage state;B;is at the evacuation site
6030,573,filterLoc,,
6030,574,evacuee,,Evacuee;228;in triage state;B;is at the evacuation site
6030,576,filterLoc,,
6030,577,evacuee,,Evacuee;497;in triage state;B;is at the evacuation site
6030,579,filterLoc,,
6030,580,evacuee,,Evacuee;101;in triage state;B;is at the evacuation site
6030,582,filterLoc,,
6030,583,evacuee,,Evacuee;142;in triage state;B;is at the evacuation site
6030,585,filterLoc,,
6030,586,evacuee,,Evacuee;99;in triage state;Y;is at the FOL
6030,588,filterLoc,,
6030,589,evacuee,,Evacuee;485;in triage state;B;is at the evacuation site
6030,591,filterLoc,,
6030,592,evacuee,,Evacuee;324;in triage state;B;is at the evacuation site
6030,594,filterLoc,,
6030,595,evacuee,,Evacuee;95;in triage state;G;is at the FOL
6030,597,filterLoc,,
6030,598,evacuee,,Evacuee;447;in triage state;G;is at the FOL
6030,600,filterLoc,,
6030,601,evacuee,,Evacuee;361;in triage state;G;is at the FOL
6030,603,filterLoc,,
6030,604,evacuee,,Evacuee;342;in triage state;G;is at the FOL
6030,606,filterLoc,,
6030,607,evacuee,,Evacuee;93;in triage state;G;is at the FOL
6030,609,filterLoc,,
6030,610,evacuee,,Evacuee;136;in triage state;G;is at the FOL
6030,612,filterLoc,,
6030,613,evacuee,,Evacuee;412;in triage state;B;is at the evacuation site
6030,615,filterLoc,,
6030,616,evacuee,,Evacuee;90;in triage state;B;is at the evacuation site
6030,618,filterLoc,,
6030,619,evacuee,,Evacuee;83;in triage state;B;is at the evacuation site
6030,621,filterLoc,,
6030,622,evacuee,,Evacuee;127;in triage state;B;is at the evacuation site
6030,624,filterLoc,,
6030,625,evacuee,,Evacuee;49;in triage state;B;is at the evacuation site
6030,627,filterLoc,,
6030,628,evacuee,,Evacuee;87;in triage state;B;is at the evacuation site
6030,630,filterLoc,,
6030,631,evacuee,,Evacuee;297;in triage state;B;is at the evacuation site
6030,633,filterLoc,,
6030,634,evacuee,,Evacuee;86;in triage state;B;is at the evacuation site
6030,636,filterLoc,,
6030,637,evacuee,,Evacuee;51;in triage state;B;is at the evacuation site
6030,639,filterLoc,,
6030,640,evacuee,,Evacuee;444;in triage state;B;is at the evacuation site
6030,642,filterLoc,,
6030,643,evacuee,,Evacuee;80;in triage state;B;is at the evacuation site
6030,645,filterLoc,,
6030,646,evacuee,,Evacuee;79;in triage state;B;is at the evacuation site
6030,648,filterLoc,,
6030,649,evacuee,,Evacuee;115;in triage state;B;is at the evacuation site
6030,651,filterLoc,,
6030,652,evacuee,,Evacuee;98;in triage state;B;is at the evacuation site
6030,654,filterLoc,,
6030,655,evacuee,,Evacuee;356;in triage state;B;is at the evacuation site
6030,657,filterLoc,,
6030,658,evacuee,,Evacuee;78;in triage state;G;is at the FOL
6030,660,filterLoc,,
6030,661,evacuee,,Evacuee;213;in triage state;G;is at the FOL
6030,663,filterLoc,,
6030,664,evacuee,,Evacuee;344;in triage state;G;is at the FOL
6030,666,filterLoc,,
6030,667,evacuee,,Evacuee;77;in triage state;G;is at the FOL
6030,669,filterLoc,,
6030,670,evacuee,,Evacuee;156;in triage state;G;is at the FOL
6030,672,filterLoc,,
6030,673,evacuee,,Evacuee;300;in triage state;G;is at the FOL
6030,675,filterLoc,,
6030,676,evacuee,,Evacuee;165;in triage state;G;is at the FOL
6030,678,filterLoc,,
6030,679,evacuee,,Evacuee;454;in triage state;G;is at the FOL
6030,681,filterLoc,,
6030,682,evacuee,,Evacuee;440;in triage state;B;is at the evacuation site
6030,684,filterLoc,,
6030,685,evacuee,,Evacuee;76;in triage state;B;is at the evacuation site
6030,687,filterLoc,,
6030,688,evacuee,,Evacuee;431;in triage state;B;is at the evacuation site
6030,690,filterLoc,,
6030,691,evacuee,,Evacuee;74;in triage state;B;is at the evacuation site
6030,693,filterLoc,,
6030,694,evacuee,,Evacuee;363;in triage state;B;is at the evacuation site
6030,696,filterLoc,,
6030,697,evacuee,,Evacuee;251;in triage state;B;is at the evacuation site
6030,699,filterLoc,,
6030,700,evacuee,,Evacuee;128;in triage state;B;is at the evacuation site
6030,702,filterLoc,,
6030,703,evacuee,,Evacuee;134;in triage state;B;is at the evacuation site
6030,705,filterLoc,,
6030,706,evacuee,,Evacuee;199;in triage state;B;is at the evacuation site
6030,708,filterLoc,,
6030,709,evacuee,,Evacuee;66;in triage state;B;is at the evacuation site
6030,711,filterLoc,,
6030,712,evacuee,,Evacuee;62;in triage state;B;is at the evacuation site
6030,714,filterLoc,,
6030,715,evacuee,,Evacuee;223;in triage state;B;is at the evacuation site
6030,717,filterLoc,,
6030,718,evacuee,,Evacuee;135;in triage state;B;is at the evacuation site
6030,720,filterLoc,,
6030,721,evacuee,,Evacuee;15;in triage state;B;is at the evacuation site
6030,723,filterLoc,,
6030,724,evacuee,,Evacuee;474;in triage state;B;is at the evacuation site
6030,726,filterLoc,,
6030,727,evacuee,,Evacuee;17;in triage state;G;is at the FOL
6030,729,filterLoc,,
6030,730,evacuee,,Evacuee;481;in triage state;B;is at the evacuation site
6030,732,filterLoc,,
6030,733,evacuee,,Evacuee;179;in triage state;G;is at the FOL
6030,735,filterLoc,,
6030,736,evacuee,,Evacuee;147;in triage state;G;is at the FOL
6030,738,filterLoc,,
6030,739,evacuee,,Evacuee;65;in triage state;G;is at the FOL
6030,741,filterLoc,,
6030,742,evacuee,,Evacuee;14;in triage state;G;is at the FOL
6030,744,filterLoc,,
6030,745,evacuee,,Evacuee;218;in triage state;G;is at the FOL
6030,747,filterLoc,,
6030,748,evacuee,,Evacuee;2;in triage state;B;is at the evacuation site
6030,750,filterLoc,,
6030,751,evacuee,,Evacuee;33;in triage state;B;is at the evacuation site
6030,753,filterLoc,,
6030,754,evacuee,,Evacuee;271;in triage state;B;is at the evacuation site
6030,756,filterLoc,,
6030,757,evacuee,,Evacuee;9;in triage state;B;is at the evacuation site
6030,759,filterLoc,,
6030,760,evacuee,,Evacuee;25;in triage state;B;is at the evacuation site
6030,762,filterLoc,,
6030,763,evacuee,,Evacuee;334;in triage state;B;is at the evacuation site
6030,765,filterLoc,,
6030,766,evacuee,,Evacuee;70;in triage state;B;is at the evacuation site
6030,768,filterLoc,,
6030,769,evacuee,,Evacuee;5;in triage state;B;is at the evacuation site
6030,771,filterLoc,,
6030,772,evacuee,,Evacuee;250;in triage state;B;is at the evacuation site
6030,774,filterLoc,,
6030,775,evacuee,,Evacuee;107;in triage state;B;is at the evacuation site
6030,777,filterLoc,,
6030,778,evacuee,,Evacuee;229;in triage state;B;is at the evacuation site
6030,780,filterLoc,,
6030,781,evacuee,,Evacuee;110;in triage state;B;is at the evacuation site
6030,783,filterLoc,,
6030,784,evacuee,,Evacuee;141;in triage state;B;is at the evacuation site
6030,786,filterLoc,,
6030,787,evacuee,,Evacuee;133;in triage state;B;is at the evacuation site
6030,789,filterLoc,,
6030,790,evacuee,,Evacuee;493;in triage state;B;is at the evacuation site
6030,792,filterLoc,,
6030,793,evacuee,,Evacuee;473;in triage state;B;is at the evacuation site
6030,795,filterLoc,,
6030,796,evacuee,,Evacuee;400;in triage state;Y;is at the FOL
6030,798,filterLoc,,
6030,799,evacuee,,Evacuee;268;in triage state;G;is at the FOL
6030,801,filterLoc,,
6030,802,evacuee,,Evacuee;100;in triage state;G;is at the FOL
6030,804,filterLoc,,
6030,805,evacuee,,Evacuee;29;in triage state;G;is at the FOL
6030,807,filterLoc,,
6030,808,evacuee,,Evacuee;158;in triage state;G;is at the FOL
6030,810,filterLoc,,
6030,811,evacuee,,Evacuee;187;in triage state;G;is at the FOL
6030,813,filterLoc,,
6030,814,evacuee,,Evacuee;85;in triage state;G;is at the FOL
6030,816,filterLoc,,
6030,817,evacuee,,Evacuee;487;in triage state;B;is at the evacuation site
6030,819,filterLoc,,
6030,820,evacuee,,Evacuee;71;in triage state;B;is at the evacuation site
6030,822,filterLoc,,
6030,823,evacuee,,Evacuee;332;in triage state;B;is at the evacuation site
6030,825,filterLoc,,
6030,826,evacuee,,Evacuee;81;in triage state;B;is at the evacuation site
6030,828,filterLoc,,
6030,829,evacuee,,Evacuee;104;in triage state;B;is at the evacuation site
6030,831,filterLoc,,
6030,832,evacuee,,Evacuee;40;in triage state;B;is at the evacuation site
6030,834,filterLoc,,
6030,835,evacuee,,Evacuee;97;in triage state;B;is at the evacuation site
6030,837,filterLoc,,
6030,838,evacuee,,Evacuee;453;in triage state;B;is at the evacuation site
6030,840,filterLoc,,
6030,841,evacuee,,Evacuee;285;in triage state;B;is at the evacuation site
6030,843,filterLoc,,
6030,844,evacuee,,Evacuee;89;in triage state;B;is at the evacuation site
6030,846,filterLoc,,
6030,847,evacuee,,Evacuee;394;in triage state;B;is at the evacuation site
6030,849,filterLoc,,
6030,850,evacuee,,Evacuee;240;in triage state;B;is at the evacuation site
6030,852,filterLoc,,
6030,853,evacuee,,Evacuee;8;in triage state;B;is at the evacuation site
6030,855,filterLoc,,
6030,856,evacuee,,Evacuee;3;in triage state;B;is at the evacuation site
6030,858,filterLoc,,
6030,859,evacuee,,Evacuee;172;in triage state;B;is at the evacuation site
6030,861,filterLoc,,
6030,862,evacuee,,Evacuee;256;in triage state;B;is at the evacuation site
6030,864,filterLoc,,
6030,865,evacuee,,Evacuee;347;in triage state;G;is at the FOL
6030,867,filterLoc,,
6030,868,evacuee,,Evacuee;82;in triage state;G;is at the FOL
6030,870,filterLoc,,
6030,871,evacuee,,Evacuee;54;in triage state;G;is at the FOL
6030,873,filterLoc,,
6030,874,evacuee,,Evacuee;368;in triage state;B;is at the evacuation site
6030,876,filterLoc,,
6030,877,evacuee,,Evacuee;4;in triage state;B;is at the evacuation site
6030,879,filterLoc,,
6030,880,evacuee,,Evacuee;18;in triage state;B;is at the evacuation site
6030,882,filterLoc,,
6030,883,evacuee,,Evacuee;387;in triage state;B;is at the evacuation site
6030,885,filterLoc,,
6030,886,evacuee,,Evacuee;246;in triage state;B;is at the evacuation site
6030,888,filterLoc,,
6030,889,evacuee,,Evacuee;22;in triage state;B;is at the evacuation site
6030,891,filterLoc,,
6030,892,evacuee,,Evacuee;92;in triage state;B;is at the evacuation site
6030,894,filterLoc,,
6030,895,evacuee,,Evacuee;44;in triage state;B;is at the evacuation site
6030,897,filterLoc,,
6030,898,evacuee,,Evacuee;150;in triage state;B;is at the evacuation site
6030,900,filterLoc,,
6030,901,evacuee,,Evacuee;119;in triage state;B;is at the evacuation site
6030,903,filterLoc,,
6030,904,evacuee,,Evacuee;6;in triage state;B;is at the evacuation site
6030,906,filterLoc,,
6030,907,evacuee,,Evacuee;173;in triage state;B;is at the evacuation site
6030,909,filterLoc,,
6030,910,evacuee,,Evacuee;157;in triage state;B;is at the evacuation site
6030,912,filterLoc,,
6030,913,evacuee,,Evacuee;451;in triage state;B;is at the evacuation site
6030,915,filterLoc,,
6030,916,evacuee,,Evacuee;359;in triage state;B;is at the evacuation site
6030,918,filterLoc,,
6030,919,evacuee,,Evacuee;286;in triage state;B;is at the evacuation site
6030,921,filterLoc,,
6030,922,evacuee,,Evacuee;196;in triage state;G;is at the FOL
6030,924,filterLoc,,
6030,925,evacuee,,Evacuee;407;in triage state;G;is at the FOL
6030,927,filterLoc,,
6030,928,evacuee,,Evacuee;132;in triage state;G;is at the FOL
6030,930,filterLoc,,
6030,931,evacuee,,Evacuee;31;in triage state;G;is at the FOL
6030,933,filterLoc,,
6030,934,evacuee,,Evacuee;38;in triage state;G;is at the FOL
6030,936,filterLoc,,
6030,937,evacuee,,Evacuee;10;in triage state;G;is at the FOL
6030,939,filterLoc,,
6030,940,evacuee,,Evacuee;26;in triage state;B;is at the evacuation site
6030,942,filterLoc,,
6030,943,evacuee,,Evacuee;343;in triage state;B;is at the evacuation site
6030,945,filterLoc,,
6030,946,evacuee,,Evacuee;241;in triage state;B;is at the evacuation site
6030,948,filterLoc,,
6030,949,evacuee,,Evacuee;418;in triage state;B;is at the evacuation site
6030,951,filterLoc,,
6030,952,evacuee,,Evacuee;75;in triage state;B;is at the evacuation site
6030,954,filterLoc,,
6030,955,evacuee,,Evacuee;37;in triage state;B;is at the evacuation site
6030,957,filterLoc,,
6030,958,evacuee,,Evacuee;496;in triage state;B;is at the evacuation site
6030,960,filterLoc,,
6030,961,evacuee,,Evacuee;209;in triage state;B;is at the evacuation site
6030,963,filterLoc,,
6030,964,evacuee,,Evacuee;402;in triage state;B;is at the evacuation site
6030,966,filterLoc,,
6030,967,evacuee,,Evacuee;320;in triage state;B;is at the evacuation site
6030,969,filterLoc,,
6030,970,evacuee,,Evacuee;116;in triage state;B;is at the evacuation site
6030,972,filterLoc,,
6030,973,evacuee,,Evacuee;61;in triage state;B;is at the evacuation site
6030,975,filterLoc,,
6030,976,evacuee,,Evacuee;52;in triage state;B;is at the evacuation site
6030,978,filterLoc,,
6030,979,evacuee,,Evacuee;41;in triage state;B;is at the evacuation site
6030,981,filterLoc,,
6030,982,evacuee,,Evacuee;304;in triage state;B;is at the evacuation site
6030,984,filterLoc,,
6030,985,evacuee,,Evacuee;154;in triage state;B;is at the evacuation site
6030,987,filterLoc,,
6030,988,evacuee,,Evacuee;421;in triage state;B;is at the evacuation site
6030,990,filterLoc,,
6030,991,evacuee,,Evacuee;405;in triage state;G;is at the FOL
6030,993,filterLoc,,
6030,994,evacuee,,Evacuee;21;in triage state;G;is at the FOL
6030,996,filterLoc,,
6030,997,evacuee,,Evacuee;68;in triage state;G;is at the FOL
6030,999,filterLoc,,
6030,1000,evacuee,,Evacuee;72;in triage state;G;is at the FOL
6030,1002,filterLoc,,
6030,1003,evacuee,,Evacuee;46;in triage state;G;is at the FOL
6030,1005,filterLoc,,
6030,1006,evacuee,,Evacuee;53;in triage state;G;is at the FOL
6030,1008,filterLoc,,
6030,1009,evacuee,,Evacuee;220;in triage state;B;is at the evacuation site
6030,1011,filterLoc,,
6030,1012,evacuee,,Evacuee;355;in triage state;B;is at the evacuation site
6030,1014,filterLoc,,
6030,1015,evacuee,,Evacuee;23;in triage state;B;is at the evacuation site
6030,1017,filterLoc,,
6030,1018,evacuee,,Evacuee;200;in triage state;B;is at the evacuation site
6030,1020,filterLoc,,
6030,1021,evacuee,,Evacuee;255;in triage state;B;is at the evacuation site
6030,1023,filterLoc,,
6030,1024,evacuee,,Evacuee;13;in triage state;B;is at the evacuation site
6030,1026,filterLoc,,
6030,1027,evacuee,,Evacuee;24;in triage state;B;is at the evacuation site
6030,1029,filterLoc,,
6030,1030,evacuee,,Evacuee;32;in triage state;B;is at the evacuation site
6030,1032,filterLoc,,
6030,1033,evacuee,,Evacuee;34;in triage state;B;is at the evacuation site
6030,1035,filterLoc,,
6030,1036,evacuee,,Evacuee;64;in triage state;B;is at the evacuation site
6030,1038,filterLoc,,
6030,1039,evacuee,,Evacuee;429;in triage state;B;is at the evacuation site
6030,1041,filterLoc,,
6030,1042,evacuee,,Evacuee;102;in triage state;B;is at the evacuation site
6030,1044,filterLoc,,
6030,1045,evacuee,,Evacuee;160;in triage state;B;is at the evacuation site
6030,1047,filterLoc,,
6030,1048,evacuee,,Evacuee;20;in triage state;B;is at the evacuation site
6030,1050,filterLoc,,
6030,1051,evacuee,,Evacuee;35;in triage state;G;is at the FOL
6030,1053,filterLoc,,
6030,1054,evacuee,,Evacuee;155;in triage state;G;is at the FOL
6030,1056,filterLoc,,
6030,1057,evacuee,,Evacuee;36;in triage state;G;is at the FOL
6030,1059,filterLoc,,
6030,1060,evacuee,,Evacuee;198;in triage state;G;is at the FOL
6030,1062,filterLoc,,
6030,1063,evacuee,,Evacuee;84;in triage state;G;is at the FOL
6030,1065,filterLoc,,
6030,1066,evacuee,,Evacuee;42;in triage state;G;is at the FOL
6030,1068,filterLoc,,
6030,1069,evacuee,,Evacuee;91;in triage state;G;is at the FOL
6030,1071,filterLoc,,
6030,1072,evacuee,,Evacuee;43;in triage state;G;is at the FOL
6030,1074,filterLoc,,
6030,1075,evacuee,,Evacuee;30;in triage state;B;is at the evacuation site
6030,1077,filterLoc,,
6030,1078,evacuee,,Evacuee;336;in triage state;B;is at the evacuation site
6030,1080,filterLoc,,
6030,1081,evacuee,,Evacuee;307;in triage state;B;is at the evacuation site
6030,1083,filterLoc,,
6030,1084,evacuee,,Evacuee;212;in triage state;B;is at the evacuation site
6030,1086,filterLoc,,
6030,1087,evacuee,,Evacuee;391;in triage state;B;is at the evacuation site
6030,1089,filterLoc,,
6030,1090,evacuee,,Evacuee;388;in triage state;B;is at the evacuation site
6030,1092,filterLoc,,
6030,1093,evacuee,,Evacuee;55;in triage state;B;is at the evacuation site
6030,1095,filterLoc,,
6030,1096,evacuee,,Evacuee;48;in triage state;B;is at the evacuation site
6030,1098,filterLoc,,
6030,1099,evacuee,,Evacuee;144;in triage state;B;is at the evacuation site
6030,1101,filterLoc,,
6030,1102,evacuee,,Evacuee;50;in triage state;B;is at the evacuation site
6030,1104,filterLoc,,
6030,1105,evacuee,,Evacuee;19;in triage state;B;is at the evacuation site
6030,1107,filterLoc,,
6030,1108,evacuee,,Evacuee;182;in triage state;B;is at the evacuation site
6030,1110,filterLoc,,
6030,1111,evacuee,,Evacuee;490;in triage state;B;is at the evacuation site
6030,1113,filterLoc,,
6030,1114,evacuee,,Evacuee;266;in triage state;B;is at the evacuation site
6030,1116,filterLoc,,
6030,1117,evacuee,,Evacuee;120;in triage state;B;is at the evacuation site
6030,1119,filterEvac,,
6030,1120,filterES,,
6030,1121,helicopter,,Helicopter;2;is unloading people at the FOL;;and has;0;spots taken
6030,1123,filterLoc,,
6030,1124,evacuee,,Evacuee;94;in triage state;G;is at the FOL
6030,1126,filterLoc,,
6030,1127,evacuee,,Evacuee;63;in triage state;G;is at the FOL
6030,1129,filterLoc,,
6030,1130,evacuee,,Evacuee;175;in triage state;G;is at the FOL
6030,1132,filterLoc,,
6030,1133,evacuee,,Evacuee;47;in triage state;G;is at the FOL
6030,1135,filterLoc,,
6030,1136,evacuee,,Evacuee;56;in triage state;G;is at the FOL
6030,1138,filterLoc,,
6030,1139,evacuee,,Evacuee;367;in triage state;G;is at the FOL
6030,1141,filterLoc,,
6030,1142,evacuee,,Evacuee;364;in triage state;G;is at the FOL
6030,1144,filterLoc,,
6030,1145,evacuee,,Evacuee;208;in triage state;B;is at the evacuation site
6030,1147,filterLoc,,
6030,1148,evacuee,,Evacuee;57;in triage state;B;is at the evacuation site
6030,1150,filterLoc,,
6030,1151,evacuee,,Evacuee;231;in triage state;B;is at the evacuation site
6030,1153,filterLoc,,
6030,1154,evacuee,,Evacuee;261;in triage state;B;is at the evacuation site
6030,1156,filterLoc,,
6030,1157,evacuee,,Evacuee;45;in triage state;B;is at the evacuation site
6030,1159,filterEvac,,
6030,1160,filterES,,
6030,1161,helicopter,,Helicopter;1;is unloading people at the FOL;;and has;0;spots taken
6030,1163,filterLoc,,
6030,1164,evacuee,,Evacuee;263;in triage state;B;is at the evacuation site
6030,1166,filterLoc,,
6030,1167,evacuee,,Evacuee;190;in triage state;B;is at the evacuation site
6030,1169,filterLoc,,
6030,1170,evacuee,,Evacuee;465;in triage state;B;is at the evacuation site
6030,1172,filterLoc,,
6030,1173,evacuee,,Evacuee;60;in triage state;B;is at the evacuation site
6030,1175,filterLoc,,
6030,1176,evacuee,,Evacuee;385;in triage state;B;is at the evacuation site
6030,1178,filterLoc,,
6030,1179,evacuee,,Evacuee;181;in triage state;B;is at the evacuation site
6030,1181,filterLoc,,
6030,1182,evacuee,,Evacuee;416;in triage state;B;is at the evacuation site
6030,1184,filterLoc,,
6030,1185,evacuee,,Evacuee;129;in triage state;B;is at the evacuation site
6030,1187,filterLoc,,
6030,1188,evacuee,,Evacuee;308;in triage state;B;is at the evacuation site
6030,1190,filterLoc,,
6030,1191,evacuee,,Evacuee;131;in triage state;B;is at the evacuation site
6030,1193,filterLoc,,
6030,1194,evacuee,,Evacuee;137;in triage state;G;is at the FOL
6030,1196,filterLoc,,
6030,1197,evacuee,,Evacuee;138;in triage state;G;is at the FOL
6030,1199,filterLoc,,
6030,1200,evacuee,,Evacuee;265;in triage state;G;is at the FOL
6030,1202,filterLoc,,
6030,1203,evacuee,,Evacuee;139;in triage state;G;is at the FOL
6030,1205,filterLoc,,
6030,1206,evacuee,,Evacuee;194;in triage state;G;is at the FOL
6030,1208,filterLoc,,
6030,1209,evacuee,,Evacuee;140;in triage state;G;is at the FOL
6030,1211,filterLoc,,
6030,1212,evacuee,,Evacuee;130;in triage state;G;is at the FOL
6030,1214,filterLoc,,
6030,1215,evacuee,,Evacuee;143;in triage state;B;is at the evacuation site
6030,1217,filterLoc,,
6030,1218,evacuee,,Evacuee;149;in triage state;B;is at the evacuation site
6030,1220,filterLoc,,
6030,1221,evacuee,,Evacuee;296;in triage state;B;is at the evacuation site
6030,1223,filterLoc,,
6030,1224,evacuee,,Evacuee;151;in triage state;B;is at the evacuation site
6030,1226,filterLoc,,
6030,1227,evacuee,,Evacuee;222;in triage state;B;is at the evacuation site
6030,1229,filterLoc,,
6030,1230,evacuee,,Evacuee;152;in triage state;B;is at the evacuation site
6030,1232,filterLoc,,
6030,1233,evacuee,,Evacuee;153;in triage state;B;is at the evacuation site
6030,1235,filterLoc,,
6030,1236,evacuee,,Evacuee;67;in triage state;B;is at the evacuation site
6030,1238,filterLoc,,
6030,1239,evacuee,,Evacuee;123;in triage state;B;is at the evacuation site
6030,1241,filterLoc,,
6030,1242,evacuee,,Evacuee;159;in triage state;B;is at the evacuation site
6030,1244,filterLoc,,
6030,1245,evacuee,,Evacuee;161;in triage state;B;is at the evacuation site
6030,1247,filterLoc,,
6030,1248,evacuee,,Evacuee;28;in triage state;B;is at the evacuation site
6030,1250,filterLoc,,
6030,1251,evacuee,,Evacuee;126;in triage state;B;is at the evacuation site
6030,1253,filterLoc,,
6030,1254,evacuee,,Evacuee;234;in triage state;B;is at the evacuation site
6030,1256,filterLoc,,
6030,1257,evacuee,,Evacuee;162;in triage state;B;is at the evacuation site
6030,1259,filterLoc,,
6030,1260,evacuee,,Evacuee;163;in triage state;G;is at the FOL
6030,1262,filterLoc,,
6030,1263,evacuee,,Evacuee;166;in triage state;G;is at the FOL
6030,1265,filterLoc,,
6030,1266,evacuee,,Evacuee;16;in triage state;G;is at the FOL
6030,1268,filterLoc,,
6030,1269,evacuee,,Evacuee;242;in triage state;G;is at the FOL
6030,1271,filterLoc,,
6030,1272,evacuee,,Evacuee;178;in triage state;G;is at the FOL
6030,1274,filterLoc,,
6030,1275,evacuee,,Evacuee;438;in triage state;G;is at the FOL
6030,1277,filterLoc,,
6030,1278,evacuee,,Evacuee;146;in triage state;G;is at the FOL
6030,1280,filterLoc,,
6030,1281,evacuee,,Evacuee;167;in triage state;B;is at the evacuation site
6030,1283,filterLoc,,
6030,1284,evacuee,,Evacuee;145;in triage state;B;is at the evacuation site
6030,1286,filterLoc,,
6030,1287,evacuee,,Evacuee;168;in triage state;B;is at the evacuation site
6030,1289,filterLoc,,
6030,1290,evacuee,,Evacuee;176;in triage state;B;is at the evacuation site
6030,1292,filterLoc,,
6030,1293,evacuee,,Evacuee;230;in triage state;B;is at the evacuation site
6030,1295,filterLoc,,
6030,1296,evacuee,,Evacuee;169;in triage state;B;is at the evacuation site
6030,1298,filterLoc,,
6030,1299,evacuee,,Evacuee;170;in triage state;B;is at the evacuation site
6030,1301,filterLoc,,
6030,1302,evacuee,,Evacuee;171;in triage state;B;is at the evacuation site
6030,1304,filterLoc,,
6030,1305,evacuee,,Evacuee;174;in triage state;B;is at the evacuation site
6030,1307,filterLoc,,
6030,1308,evacuee,,Evacuee;177;in triage state;B;is at the evacuation site
6030,1310,filterLoc,,
6030,1311,evacuee,,Evacuee;435;in triage state;B;is at the evacuation site
6030,1313,filterLoc,,
6030,1314,evacuee,,Evacuee;58;in triage state;B;is at the evacuation site
6030,1316,filterLoc,,
6030,1317,evacuee,,Evacuee;203;in triage state;B;is at the evacuation site
6030,1319,filterLoc,,
6030,1320,evacuee,,Evacuee;232;in triage state;Y;is at the FOL
6030,1322,filterLoc,,
6030,1323,evacuee,,Evacuee;183;in triage state;B;is at the evacuation site
6030,1325,filterLoc,,
6030,1326,evacuee,,Evacuee;184;in triage state;B;is at the evacuation site
6030,1328,filterLoc,,
6030,1329,evacuee,,Evacuee;185;in triage state;G;is at the FOL
6030,1331,filterLoc,,
6030,1332,evacuee,,Evacuee;186;in triage state;G;is at the FOL
6030,1334,filterLoc,,
6030,1335,evacuee,,Evacuee;417;in triage state;G;is at the FOL
6030,1337,filterLoc,,
6030,1338,evacuee,,Evacuee;217;in triage state;G;is at the FOL
6030,1340,filterLoc,,
6030,1341,evacuee,,Evacuee;189;in triage state;G;is at the FOL
6030,1343,filterLoc,,
6030,1344,evacuee,,Evacuee;253;in triage state;G;is at the FOL
6030,1346,filterLoc,,
6030,1347,evacuee,,Evacuee;191;in triage state;G;is at the FOL
6030,1349,filterLoc,,
6030,1350,evacuee,,Evacuee;314;in triage state;B;is at the evacuation site
6030,1352,filterLoc,,
6030,1353,evacuee,,Evacuee;249;in triage state;B;is at the evacuation site
6030,1355,filterLoc,,
6030,1356,evacuee,,Evacuee;193;in triage state;B;is at the evacuation site
6030,1358,filterLoc,,
6030,1359,evacuee,,Evacuee;195;in triage state;B;is at the evacuation site
6030,1361,filterLoc,,
6030,1362,evacuee,,Evacuee;399;in triage state;B;is at the evacuation site
6030,1364,filterLoc,,
6030,1365,evacuee,,Evacuee;197;in triage state;B;is at the evacuation site
6030,1367,filterLoc,,
6030,1368,evacuee,,Evacuee;450;in triage state;B;is at the evacuation site
6030,1370,filterLoc,,
6030,1371,evacuee,,Evacuee;252;in triage state;B;is at the evacuation site
6030,1373,filterLoc,,
6030,1374,evacuee,,Evacuee;329;in triage state;B;is at the evacuation site
6030,1376,filterLoc,,
6030,1377,evacuee,,Evacuee;201;in triage state;B;is at the evacuation site
6030,1379,filterLoc,,
6030,1380,evacuee,,Evacuee;11;in triage state;B;is at the evacuation site
6030,1382,filterLoc,,
6030,1383,evacuee,,Evacuee;202;in triage state;B;is at the evacuation site
6030,1385,filterLoc,,
6030,1386,evacuee,,Evacuee;390;in triage state;B;is at the evacuation site
6030,1388,filterLoc,,
6030,1389,evacuee,,Evacuee;204;in triage state;B;is at the evacuation site
6030,1391,filterLoc,,
6030,1392,evacuee,,Evacuee;275;in triage state;B;is at the evacuation site
6030,1394,filterLoc,,
6030,1395,evacuee,,Evacuee;205;in triage state;Y;is at the FOL
6030,1397,filterLoc,,
6030,1398,evacuee,,Evacuee;323;in triage state;G;is at the FOL
6030,1400,filterLoc,,
6030,1401,evacuee,,Evacuee;180;in triage state;G;is at the FOL
6030,1403,filterLoc,,
6030,1404,evacuee,,Evacuee;206;in triage state;G;is at the FOL
6030,1406,filterLoc,,
6030,1407,evacuee,,Evacuee;69;in triage state;G;is at the FOL
6030,1409,filterLoc,,
6030,1410,evacuee,,Evacuee;207;in triage state;G;is at the FOL
6030,1412,filterLoc,,
6030,1413,evacuee,,Evacuee;27;in triage state;G;is at the FOL
6030,1415,filterLoc,,
6030,1416,evacuee,,Evacuee;211;in triage state;B;is at the evacuation site
6030,1418,filterLoc,,
6030,1419,evacuee,,Evacuee;294;in triage state;B;is at the evacuation site
6030,1421,filterLoc,,
6030,1422,evacuee,,Evacuee;214;in triage state;B;is at the evacuation site
6030,1424,filterLoc,,
6030,1425,evacuee,,Evacuee;12;in triage state;B;is at the evacuation site
6030,1427,filterLoc,,
6030,1428,evacuee,,Evacuee;216;in triage state;B;is at the evacuation site
6030,1430,filterLoc,,
6030,1431,evacuee,,Evacuee;219;in triage state;B;is at the evacuation site
6030,1433,filterLoc,,
6030,1434,evacuee,,Evacuee;221;in triage state;B;is at the evacuation site
6030,1436,filterLoc,,
6030,1437,evacuee,,Evacuee;224;in triage state;B;is at the evacuation site
6030,1439,filterLoc,,
6030,1440,evacuee,,Evacuee;339;in triage state;B;is at the evacuation site
6030,1442,filterLoc,,
6030,1443,evacuee,,Evacuee;225;in triage state;B;is at the evacuation site
6030,1445,filterLoc,,
6030,1446,evacuee,,Evacuee;164;in triage state;B;is at the evacuation site
6030,1448,filterLoc,,
6030,1449,evacuee,,Evacuee;226;in triage state;B;is at the evacuation site
6030,1451,filterLoc,,
6030,1452,evacuee,,Evacuee;464;in triage state;B;is at the evacuation site
6030,1454,filterLoc,,
6030,1455,evacuee,,Evacuee;227;in triage state;B;is at the evacuation site
6030,1457,filterLoc,,
6030,1458,evacuee,,Evacuee;267;in triage state;B;is at the evacuation site
6030,1460,filterLoc,,
6030,1461,evacuee,,Evacuee;73;in triage state;G;is at the FOL
6030,1463,filterLoc,,
6030,1464,evacuee,,Evacuee;233;in triage state;G;is at the FOL
6030,1466,filterLoc,,
6030,1467,evacuee,,Evacuee;236;in triage state;G;is at the FOL
6030,1469,filterLoc,,
6030,1470,evacuee,,Evacuee;7;in triage state;G;is at the FOL
6030,1472,filterLoc,,
6030,1473,evacuee,,Evacuee;237;in triage state;G;is at the FOL
6030,1475,filterLoc,,
6030,1476,evacuee,,Evacuee;238;in triage state;G;is at the FOL
6030,1478,filterLoc,,
6030,1479,evacuee,,Evacuee;113;in triage state;G;is at the FOL
6030,1481,filterLoc,,
6030,1482,evacuee,,Evacuee;239;in triage state;G;is at the FOL
6030,1484,filterLoc,,
6030,1485,evacuee,,Evacuee;243;in triage state;B;is at the evacuation site
6030,1487,filterLoc,,
6030,1488,evacuee,,Evacuee;96;in triage state;B;is at the evacuation site
6030,1490,filterLoc,,
6030,1491,evacuee,,Evacuee;244;in triage state;B;is at the evacuation site
6030,1493,filterLoc,,
6030,1494,evacuee,,Evacuee;247;in triage state;B;is at the evacuation site
6030,1496,filterLoc,,
6030,1497,evacuee,,Evacuee;59;in triage state;B;is at the evacuation site
6030,1499,filterLoc,,
6030,1500,evacuee,,Evacuee;248;in triage state;B;is at the evacuation site
6030,1502,filterLoc,,
6030,1503,evacuee,,Evacuee;467;in triage state;B;is at the evacuation site
6030,1505,filterLoc,,
6030,1506,evacuee,,Evacuee;298;in triage state;B;is at the evacuation site
6030,1508,filterLoc,,
6030,1509,evacuee,,Evacuee;254;in triage state;B;is at the evacuation site
6030,1511,filterLoc,,
6030,1512,evacuee,,Evacuee;257;in triage state;B;is at the evacuation site
6030,1514,filterLoc,,
6030,1515,evacuee,,Evacuee;210;in triage state;B;is at the evacuation site
6030,1517,filterLoc,,
6030,1518,evacuee,,Evacuee;258;in triage state;B;is at the evacuation site
