time,model_id,model_name,port_name,data
0,2,coastGuardShip,,The ship will arrive in 60 hours.
0,3,evacueeManager,,OFF SHIP: White;0;Green;475;Yellow;20;Red;5;Black;0;ON SHIP: White;0;Green;0;Yellow;0;Red;0;Evacuees to Transfer;
0,4,helipadManager,,;No helos are at ES
0,5,helicopterQueue,,;No helos are waiting to land
0,7,filterLoc,,
0,8,evacuee,,Evacuee;501;in triage state;R;is at the evacuation site
0,10,filterLoc,,
0,11,evacuee,,Evacuee;500;in triage state;R;is at the evacuation site
0,13,filterLoc,,
0,14,evacuee,,Evacuee;494;in triage state;Y;is at the evacuation site
0,16,filterLoc,,
0,17,evacuee,,Evacuee;492;in triage state;Y;is at the evacuation site
0,19,filterLoc,,
0,20,evacuee,,Evacuee;489;in triage state;Y;is at the evacuation site
0,22,filterLoc,,
0,23,evacuee,,Evacuee;486;in triage state;Y;is at the evacuation site
0,25,filterLoc,,
0,26,evacuee,,Evacuee;484;in triage state;Y;is at the evacuation site
0,28,filterLoc,,
0,29,evacuee,,Evacuee;483;in triage state;Y;is at the evacuation site
0,31,filterLoc,,
0,32,evacuee,,Evacuee;482;in triage state;Y;is at the evacuation site
0,34,filterLoc,,
0,35,evacuee,,Evacuee;499;in triage state;R;is at the evacuation site
0,37,filterLoc,,
0,38,evacuee,,Evacuee;479;in triage state;Y;is at the evacuation site
0,40,filterLoc,,
0,41,evacuee,,Evacuee;478;in triage state;Y;is at the evacuation site
0,43,filterLoc,,
0,44,evacuee,,Evacuee;476;in triage state;G;is at the evacuation site
0,46,filterLoc,,
0,47,evacuee,,Evacuee;475;in triage state;G;is at the evacuation site
0,49,filterLoc,,
0,50,evacuee,,Evacuee;472;in triage state;G;is at the evacuation site
0,52,filterLoc,,
0,53,evacuee,,Evacuee;471;in triage state;G;is at the evacuation site
0,55,filterLoc,,
0,56,evacuee,,Evacuee;468;in triage state;G;is at the evacuation site
0,58,filterLoc,,
0,59,evacuee,,Evacuee;463;in triage state;G;is at the evacuation site
0,61,filterLoc,,
0,62,evacuee,,Evacuee;462;in triage state;G;is at the evacuation site
0,64,filterLoc,,
0,65,evacuee,,Evacuee;461;in triage state;G;is at the evacuation site
0,67,filterLoc,,
0,68,evacuee,,Evacuee;459;in triage state;G;is at the evacuation site
0,70,filterLoc,,
0,71,evacuee,,Evacuee;495;in triage state;Y;is at the evacuation site
0,73,filterLoc,,
0,74,evacuee,,Evacuee;458;in triage state;G;is at the evacuation site
0,76,filterLoc,,
0,77,evacuee,,Evacuee;456;in triage state;G;is at the evacuation site
0,79,filterLoc,,
0,80,evacuee,,Evacuee;455;in triage state;G;is at the evacuation site
0,82,filterLoc,,
0,83,evacuee,,Evacuee;448;in triage state;G;is at the evacuation site
0,85,filterLoc,,
0,86,evacuee,,Evacuee;445;in triage state;G;is at the evacuation site
0,88,filterLoc,,
0,89,evacuee,,Evacuee;442;in triage state;G;is at the evacuation site
0,91,filterLoc,,
0,92,evacuee,,Evacuee;441;in triage state;G;is at the evacuation site
0,94,filterLoc,,
0,95,evacuee,,Evacuee;439;in triage state;G;is at the evacuation site
0,97,filterLoc,,
0,98,evacuee,,Evacuee;437;in triage state;G;is at the evacuation site
0,100,filterLoc,,
0,101,evacuee,,Evacuee;436;in triage state;G;is at the evacuation site
0,103,filterLoc,,
0,104,evacuee,,Evacuee;434;in triage state;G;is at the evacuation site
0,106,filterLoc,,
0,107,evacuee,,Evacuee;433;in triage state;G;is at the evacuation site
0,109,filterLoc,,
0,110,evacuee,,Evacuee;428;in triage state;G;is at the evacuation site
0,112,filterLoc,,
0,113,evacuee,,Evacuee;426;in triage state;G;is at the evacuation site
0,115,filterLoc,,
0,116,evacuee,,Evacuee;423;in triage state;G;is at the evacuation site
0,118,filterLoc,,
0,119,evacuee,,Evacuee;420;in triage state;G;is at the evacuation site
0,121,filterLoc,,
0,122,evacuee,,Evacuee;419;in triage state;G;is at the evacuation site
0,124,filterLoc,,
0,125,evacuee,,Evacuee;414;in triage state;G;is at the evacuation site
0,127,filterLoc,,
0,128,evacuee,,Evacuee;411;in triage state;G;is at the evacuation site
0,130,filterLoc,,
0,131,evacuee,,Evacuee;422;in triage state;G;is at the evacuation site
0,133,filterLoc,,
0,134,evacuee,,Evacuee;409;in triage state;G;is at the evacuation site
0,136,filterLoc,,
0,137,evacuee,,Evacuee;408;in triage state;G;is at the evacuation site
0,139,filterLoc,,
0,140,evacuee,,Evacuee;406;in triage state;G;is at the evacuation site
0,142,filterLoc,,
0,143,evacuee,,Evacuee;404;in triage state;G;is at the evacuation site
0,145,filterLoc,,
0,146,evacuee,,Evacuee;403;in triage state;G;is at the evacuation site
0,148,filterLoc,,
0,149,evacuee,,Evacuee;401;in triage state;G;is at the evacuation site
0,151,filterLoc,,
0,152,evacuee,,Evacuee;398;in triage state;G;is at the evacuation site
0,154,filterLoc,,
0,155,evacuee,,Evacuee;397;in triage state;G;is at the evacuation site
0,157,filterLoc,,
0,158,evacuee,,Evacuee;452;in triage state;G;is at the evacuation site
0,160,filterLoc,,
0,161,evacuee,,Evacuee;396;in triage state;G;is at the evacuation site
0,163,filterLoc,,
0,164,evacuee,,Evacuee;395;in triage state;G;is at the evacuation site
0,166,filterLoc,,
0,167,evacuee,,Evacuee;393;in triage state;G;is at the evacuation site
0,169,filterLoc,,
0,170,evacuee,,Evacuee;392;in triage state;G;is at the evacuation site
0,172,filterLoc,,
0,173,evacuee,,Evacuee;389;in triage state;G;is at the evacuation site
0,175,filterLoc,,
0,176,evacuee,,Evacuee;384;in triage state;G;is at the evacuation site
0,178,filterLoc,,
0,179,evacuee,,Evacuee;430;in triage state;G;is at the evacuation site
0,181,filterLoc,,
0,182,evacuee,,Evacuee;383;in triage state;G;is at the evacuation site
0,184,filterLoc,,
0,185,evacuee,,Evacuee;480;in triage state;Y;is at the evacuation site
0,187,filterLoc,,
0,188,evacuee,,Evacuee;382;in triage state;G;is at the evacuation site
0,190,filterLoc,,
0,191,evacuee,,Evacuee;381;in triage state;G;is at the evacuation site
0,193,filterLoc,,
0,194,evacuee,,Evacuee;427;in triage state;G;is at the evacuation site
0,196,filterLoc,,
0,197,evacuee,,Evacuee;380;in triage state;G;is at the evacuation site
0,199,filterLoc,,
0,200,evacuee,,Evacuee;379;in triage state;G;is at the evacuation site
0,202,filterLoc,,
0,203,evacuee,,Evacuee;378;in triage state;G;is at the evacuation site
0,205,filterLoc,,
0,206,evacuee,,Evacuee;377;in triage state;G;is at the evacuation site
0,208,filterLoc,,
0,209,evacuee,,Evacuee;375;in triage state;G;is at the evacuation site
0,211,filterLoc,,
0,212,evacuee,,Evacuee;374;in triage state;G;is at the evacuation site
0,214,filterLoc,,
0,215,evacuee,,Evacuee;372;in triage state;G;is at the evacuation site
0,217,filterLoc,,
0,218,evacuee,,Evacuee;371;in triage state;G;is at the evacuation site
0,219,FOL,,;Lives Saved;0
0,221,filterLoc,,
0,222,evacuee,,Evacuee;370;in triage state;G;is at the evacuation site
0,224,filterLoc,,
0,225,evacuee,,Evacuee;457;in triage state;G;is at the evacuation site
0,227,filterLoc,,
0,228,evacuee,,Evacuee;369;in triage state;G;is at the evacuation site
0,230,filterLoc,,
0,231,evacuee,,Evacuee;366;in triage state;G;is at the evacuation site
0,233,filterLoc,,
0,234,evacuee,,Evacuee;362;in triage state;G;is at the evacuation site
0,236,filterLoc,,
0,237,evacuee,,Evacuee;425;in triage state;G;is at the evacuation site
0,239,filterLoc,,
0,240,evacuee,,Evacuee;360;in triage state;G;is at the evacuation site
0,242,filterLoc,,
0,243,evacuee,,Evacuee;357;in triage state;G;is at the evacuation site
0,245,filterLoc,,
0,246,evacuee,,Evacuee;354;in triage state;G;is at the evacuation site
0,248,filterLoc,,
0,249,evacuee,,Evacuee;353;in triage state;G;is at the evacuation site
0,251,filterLoc,,
0,252,evacuee,,Evacuee;351;in triage state;G;is at the evacuation site
0,254,filterLoc,,
0,255,evacuee,,Evacuee;349;in triage state;G;is at the evacuation site
0,257,filterLoc,,
0,258,evacuee,,Evacuee;348;in triage state;G;is at the evacuation site
0,260,filterLoc,,
0,261,evacuee,,Evacuee;346;in triage state;G;is at the evacuation site
0,263,filterLoc,,
0,264,evacuee,,Evacuee;341;in triage state;G;is at the evacuation site
0,266,filterLoc,,
0,267,evacuee,,Evacuee;340;in triage state;G;is at the evacuation site
0,269,filterLoc,,
0,270,evacuee,,Evacuee;338;in triage state;G;is at the evacuation site
0,272,filterLoc,,
0,273,evacuee,,Evacuee;335;in triage state;G;is at the evacuation site
0,275,filterLoc,,
0,276,evacuee,,Evacuee;331;in triage state;G;is at the evacuation site
0,278,filterLoc,,
0,279,evacuee,,Evacuee;503;in triage state;R;is at the evacuation site
0,281,filterLoc,,
0,282,evacuee,,Evacuee;330;in triage state;G;is at the evacuation site
0,284,filterLoc,,
0,285,evacuee,,Evacuee;328;in triage state;G;is at the evacuation site
0,287,filterLoc,,
0,288,evacuee,,Evacuee;327;in triage state;G;is at the evacuation site
0,290,filterLoc,,
0,291,evacuee,,Evacuee;410;in triage state;G;is at the evacuation site
0,293,filterLoc,,
0,294,evacuee,,Evacuee;326;in triage state;G;is at the evacuation site
0,296,filterLoc,,
0,297,evacuee,,Evacuee;466;in triage state;G;is at the evacuation site
0,299,filterLoc,,
0,300,evacuee,,Evacuee;325;in triage state;G;is at the evacuation site
0,302,filterLoc,,
0,303,evacuee,,Evacuee;365;in triage state;G;is at the evacuation site
0,305,filterLoc,,
0,306,evacuee,,Evacuee;322;in triage state;G;is at the evacuation site
0,308,filterLoc,,
0,309,evacuee,,Evacuee;321;in triage state;G;is at the evacuation site
0,311,filterLoc,,
0,312,evacuee,,Evacuee;319;in triage state;G;is at the evacuation site
0,314,filterLoc,,
0,315,evacuee,,Evacuee;318;in triage state;G;is at the evacuation site
0,317,filterLoc,,
0,318,evacuee,,Evacuee;317;in triage state;G;is at the evacuation site
0,320,filterLoc,,
0,321,evacuee,,Evacuee;460;in triage state;G;is at the evacuation site
0,323,filterLoc,,
0,324,evacuee,,Evacuee;316;in triage state;G;is at the evacuation site
0,326,filterLoc,,
0,327,evacuee,,Evacuee;446;in triage state;G;is at the evacuation site
0,329,filterLoc,,
0,330,evacuee,,Evacuee;313;in triage state;G;is at the evacuation site
0,332,filterLoc,,
0,333,evacuee,,Evacuee;443;in triage state;G;is at the evacuation site
0,335,filterLoc,,
0,336,evacuee,,Evacuee;312;in triage state;G;is at the evacuation site
0,338,filterLoc,,
0,339,evacuee,,Evacuee;309;in triage state;G;is at the evacuation site
0,341,filterLoc,,
0,342,evacuee,,Evacuee;306;in triage state;G;is at the evacuation site
0,344,filterLoc,,
0,345,evacuee,,Evacuee;305;in triage state;G;is at the evacuation site
0,347,filterLoc,,
0,348,evacuee,,Evacuee;303;in triage state;G;is at the evacuation site
0,350,filterLoc,,
0,351,evacuee,,Evacuee;295;in triage state;G;is at the evacuation site
0,353,filterLoc,,
0,354,evacuee,,Evacuee;352;in triage state;G;is at the evacuation site
0,356,filterLoc,,
0,357,evacuee,,Evacuee;293;in triage state;G;is at the evacuation site
0,359,filterLoc,,
0,360,evacuee,,Evacuee;488;in triage state;Y;is at the evacuation site
0,362,filterLoc,,
0,363,evacuee,,Evacuee;413;in triage state;G;is at the evacuation site
0,365,filterLoc,,
0,366,evacuee,,Evacuee;292;in triage state;G;is at the evacuation site
0,368,filterLoc,,
0,369,evacuee,,Evacuee;291;in triage state;G;is at the evacuation site
0,371,filterLoc,,
0,372,evacuee,,Evacuee;290;in triage state;G;is at the evacuation site
0,374,filterLoc,,
0,375,evacuee,,Evacuee;350;in triage state;G;is at the evacuation site
0,377,filterLoc,,
0,378,evacuee,,Evacuee;288;in triage state;G;is at the evacuation site
0,380,filterLoc,,
0,381,evacuee,,Evacuee;287;in triage state;G;is at the evacuation site
0,383,filterLoc,,
0,384,evacuee,,Evacuee;415;in triage state;G;is at the evacuation site
0,386,filterLoc,,
0,387,evacuee,,Evacuee;376;in triage state;G;is at the evacuation site
0,389,filterLoc,,
0,390,evacuee,,Evacuee;284;in triage state;G;is at the evacuation site
0,392,filterLoc,,
0,393,evacuee,,Evacuee;283;in triage state;G;is at the evacuation site
0,395,filterLoc,,
0,396,evacuee,,Evacuee;282;in triage state;G;is at the evacuation site
0,398,filterLoc,,
0,399,evacuee,,Evacuee;281;in triage state;G;is at the evacuation site
0,401,filterLoc,,
0,402,evacuee,,Evacuee;280;in triage state;G;is at the evacuation site
0,404,filterLoc,,
0,405,evacuee,,Evacuee;333;in triage state;G;is at the evacuation site
0,407,filterLoc,,
0,408,evacuee,,Evacuee;279;in triage state;G;is at the evacuation site
0,410,filterLoc,,
0,411,evacuee,,Evacuee;278;in triage state;G;is at the evacuation site
0,413,filterLoc,,
0,414,evacuee,,Evacuee;277;in triage state;G;is at the evacuation site
0,416,filterLoc,,
0,417,evacuee,,Evacuee;315;in triage state;G;is at the evacuation site
0,419,filterLoc,,
0,420,evacuee,,Evacuee;274;in triage state;G;is at the evacuation site
0,422,filterLoc,,
0,423,evacuee,,Evacuee;273;in triage state;G;is at the evacuation site
0,425,filterLoc,,
0,426,evacuee,,Evacuee;337;in triage state;G;is at the evacuation site
0,428,filterLoc,,
0,429,evacuee,,Evacuee;301;in triage state;G;is at the evacuation site
0,431,filterLoc,,
0,432,evacuee,,Evacuee;272;in triage state;G;is at the evacuation site
0,434,filterLoc,,
0,435,evacuee,,Evacuee;270;in triage state;G;is at the evacuation site
0,437,filterLoc,,
0,438,evacuee,,Evacuee;264;in triage state;G;is at the evacuation site
0,440,filterLoc,,
0,441,evacuee,,Evacuee;262;in triage state;G;is at the evacuation site
0,443,filterLoc,,
0,444,evacuee,,Evacuee;260;in triage state;G;is at the evacuation site
0,446,filterLoc,,
0,447,evacuee,,Evacuee;259;in triage state;G;is at the evacuation site
0,449,filterLoc,,
0,450,evacuee,,Evacuee;125;in triage state;G;is at the evacuation site
0,452,filterLoc,,
0,453,evacuee,,Evacuee;114;in triage state;G;is at the evacuation site
0,455,filterLoc,,
0,456,evacuee,,Evacuee;289;in triage state;G;is at the evacuation site
0,458,filterLoc,,
0,459,evacuee,,Evacuee;88;in triage state;G;is at the evacuation site
0,461,filterLoc,,
0,462,evacuee,,Evacuee;449;in triage state;G;is at the evacuation site
0,464,filterLoc,,
0,465,evacuee,,Evacuee;122;in triage state;G;is at the evacuation site
0,467,filterLoc,,
0,468,evacuee,,Evacuee;108;in triage state;G;is at the evacuation site
0,470,filterLoc,,
0,471,evacuee,,Evacuee;276;in triage state;G;is at the evacuation site
0,473,filterLoc,,
0,474,evacuee,,Evacuee;121;in triage state;G;is at the evacuation site
0,476,filterLoc,,
0,477,evacuee,,Evacuee;386;in triage state;G;is at the evacuation site
0,479,filterLoc,,
0,480,evacuee,,Evacuee;117;in triage state;G;is at the evacuation site
0,482,filterLoc,,
0,483,evacuee,,Evacuee;192;in triage state;G;is at the evacuation site
0,485,filterLoc,,
0,486,evacuee,,Evacuee;432;in triage state;G;is at the evacuation site
0,488,filterLoc,,
0,489,evacuee,,Evacuee;245;in triage state;G;is at the evacuation site
0,491,filterLoc,,
0,492,evacuee,,Evacuee;310;in triage state;G;is at the evacuation site
0,494,filterLoc,,
0,495,evacuee,,Evacuee;118;in triage state;G;is at the evacuation site
0,497,filterLoc,,
0,498,evacuee,,Evacuee;502;in triage state;R;is at the evacuation site
0,500,filterLoc,,
0,501,evacuee,,Evacuee;491;in triage state;Y;is at the evacuation site
0,503,filterLoc,,
0,504,evacuee,,Evacuee;470;in triage state;G;is at the evacuation site
0,506,filterLoc,,
0,507,evacuee,,Evacuee;469;in triage state;G;is at the evacuation site
0,509,filterLoc,,
0,510,evacuee,,Evacuee;215;in triage state;G;is at the evacuation site
0,512,filterLoc,,
0,513,evacuee,,Evacuee;345;in triage state;G;is at the evacuation site
0,515,filterLoc,,
0,516,evacuee,,Evacuee;302;in triage state;G;is at the evacuation site
0,518,filterLoc,,
0,519,evacuee,,Evacuee;112;in triage state;G;is at the evacuation site
0,521,filterLoc,,
0,522,evacuee,,Evacuee;299;in triage state;G;is at the evacuation site
0,524,filterLoc,,
0,525,evacuee,,Evacuee;109;in triage state;G;is at the evacuation site
0,527,filterLoc,,
0,528,evacuee,,Evacuee;373;in triage state;G;is at the evacuation site
0,530,filterLoc,,
0,531,evacuee,,Evacuee;358;in triage state;G;is at the evacuation site
0,533,filterLoc,,
0,534,evacuee,,Evacuee;188;in triage state;G;is at the evacuation site
0,536,filterLoc,,
0,537,evacuee,,Evacuee;106;in triage state;G;is at the evacuation site
0,539,filterLoc,,
0,540,evacuee,,Evacuee;311;in triage state;G;is at the evacuation site
0,542,filterLoc,,
0,543,evacuee,,Evacuee;148;in triage state;G;is at the evacuation site
0,545,filterLoc,,
0,546,evacuee,,Evacuee;235;in triage state;G;is at the evacuation site
0,548,filterLoc,,
0,549,evacuee,,Evacuee;105;in triage state;G;is at the evacuation site
0,551,filterLoc,,
0,552,evacuee,,Evacuee;424;in triage state;G;is at the evacuation site
0,554,filterLoc,,
0,555,evacuee,,Evacuee;269;in triage state;G;is at the evacuation site
0,557,filterLoc,,
0,558,evacuee,,Evacuee;103;in triage state;G;is at the evacuation site
0,560,filterLoc,,
0,561,evacuee,,Evacuee;124;in triage state;G;is at the evacuation site
0,563,filterLoc,,
0,564,evacuee,,Evacuee;111;in triage state;G;is at the evacuation site
0,566,filterLoc,,
0,567,evacuee,,Evacuee;39;in triage state;G;is at the evacuation site
0,569,filterLoc,,
0,570,evacuee,,Evacuee;228;in triage state;G;is at the evacuation site
0,572,filterLoc,,
0,573,evacuee,,Evacuee;497;in triage state;Y;is at the evacuation site
0,575,filterLoc,,
0,576,evacuee,,Evacuee;101;in triage state;G;is at the evacuation site
0,578,filterLoc,,
0,579,evacuee,,Evacuee;142;in triage state;G;is at the evacuation site
0,581,filterLoc,,
0,582,evacuee,,Evacuee;99;in triage state;G;is at the evacuation site
0,584,filterLoc,,
0,585,evacuee,,Evacuee;485;in triage state;Y;is at the evacuation site
0,587,filterLoc,,
0,588,evacuee,,Evacuee;324;in triage state;G;is at the evacuation site
0,590,filterLoc,,
0,591,evacuee,,Evacuee;95;in triage state;G;is at the evacuation site
0,593,filterLoc,,
0,594,evacuee,,Evacuee;447;in triage state;G;is at the evacuation site
0,596,filterLoc,,
0,597,evacuee,,Evacuee;361;in triage state;G;is at the evacuation site
0,599,filterLoc,,
0,600,evacuee,,Evacuee;342;in triage state;G;is at the evacuation site
0,602,filterLoc,,
0,603,evacuee,,Evacuee;93;in triage state;G;is at the evacuation site
0,605,filterLoc,,
0,606,evacuee,,Evacuee;136;in triage state;G;is at the evacuation site
0,608,filterLoc,,
0,609,evacuee,,Evacuee;412;in triage state;G;is at the evacuation site
0,611,filterLoc,,
0,612,evacuee,,Evacuee;90;in triage state;G;is at the evacuation site
0,614,filterLoc,,
0,615,evacuee,,Evacuee;83;in triage state;G;is at the evacuation site
0,617,filterLoc,,
0,618,evacuee,,Evacuee;127;in triage state;G;is at the evacuation site
0,620,filterLoc,,
0,621,evacuee,,Evacuee;49;in triage state;G;is at the evacuation site
0,623,filterLoc,,
0,624,evacuee,,Evacuee;87;in triage state;G;is at the evacuation site
0,626,filterLoc,,
0,627,evacuee,,Evacuee;297;in triage state;G;is at the evacuation site
0,629,filterLoc,,
0,630,evacuee,,Evacuee;86;in triage state;G;is at the evacuation site
0,632,filterLoc,,
0,633,evacuee,,Evacuee;51;in triage state;G;is at the evacuation site
0,635,filterLoc,,
0,636,evacuee,,Evacuee;444;in triage state;G;is at the evacuation site
0,638,filterLoc,,
0,639,evacuee,,Evacuee;80;in triage state;G;is at the evacuation site
0,641,filterLoc,,
0,642,evacuee,,Evacuee;79;in triage state;G;is at the evacuation site
0,644,filterLoc,,
0,645,evacuee,,Evacuee;115;in triage state;G;is at the evacuation site
0,647,filterLoc,,
0,648,evacuee,,Evacuee;98;in triage state;G;is at the evacuation site
0,650,filterLoc,,
0,651,evacuee,,Evacuee;356;in triage state;G;is at the evacuation site
0,653,filterLoc,,
0,654,evacuee,,Evacuee;78;in triage state;G;is at the evacuation site
0,656,filterLoc,,
0,657,evacuee,,Evacuee;213;in triage state;G;is at the evacuation site
0,659,filterLoc,,
0,660,evacuee,,Evacuee;344;in triage state;G;is at the evacuation site
0,662,filterLoc,,
0,663,evacuee,,Evacuee;77;in triage state;G;is at the evacuation site
0,665,filterLoc,,
0,666,evacuee,,Evacuee;156;in triage state;G;is at the evacuation site
0,668,filterLoc,,
0,669,evacuee,,Evacuee;300;in triage state;G;is at the evacuation site
0,671,filterLoc,,
0,672,evacuee,,Evacuee;165;in triage state;G;is at the evacuation site
0,674,filterLoc,,
0,675,evacuee,,Evacuee;454;in triage state;G;is at the evacuation site
0,677,filterLoc,,
0,678,evacuee,,Evacuee;440;in triage state;G;is at the evacuation site
0,680,filterLoc,,
0,681,evacuee,,Evacuee;76;in triage state;G;is at the evacuation site
0,683,filterLoc,,
0,684,evacuee,,Evacuee;431;in triage state;G;is at the evacuation site
0,686,filterLoc,,
0,687,evacuee,,Evacuee;74;in triage state;G;is at the evacuation site
0,689,filterLoc,,
0,690,evacuee,,Evacuee;363;in triage state;G;is at the evacuation site
0,692,filterLoc,,
0,693,evacuee,,Evacuee;251;in triage state;G;is at the evacuation site
0,695,filterLoc,,
0,696,evacuee,,Evacuee;128;in triage state;G;is at the evacuation site
0,698,filterLoc,,
0,699,evacuee,,Evacuee;134;in triage state;G;is at the evacuation site
0,701,filterLoc,,
0,702,evacuee,,Evacuee;199;in triage state;G;is at the evacuation site
0,704,filterLoc,,
0,705,evacuee,,Evacuee;66;in triage state;G;is at the evacuation site
0,707,filterLoc,,
0,708,evacuee,,Evacuee;62;in triage state;G;is at the evacuation site
0,710,filterLoc,,
0,711,evacuee,,Evacuee;223;in triage state;G;is at the evacuation site
0,713,filterLoc,,
0,714,evacuee,,Evacuee;135;in triage state;G;is at the evacuation site
0,716,filterLoc,,
0,717,evacuee,,Evacuee;15;in triage state;G;is at the evacuation site
0,719,filterLoc,,
0,720,evacuee,,Evacuee;474;in triage state;G;is at the evacuation site
0,722,filterLoc,,
0,723,evacuee,,Evacuee;17;in triage state;G;is at the evacuation site
0,725,filterLoc,,
0,726,evacuee,,Evacuee;481;in triage state;Y;is at the evacuation site
0,728,filterLoc,,
0,729,evacuee,,Evacuee;179;in triage state;G;is at the evacuation site
0,731,filterLoc,,
0,732,evacuee,,Evacuee;147;in triage state;G;is at the evacuation site
0,734,filterLoc,,
0,735,evacuee,,Evacuee;65;in triage state;G;is at the evacuation site
0,737,filterLoc,,
0,738,evacuee,,Evacuee;14;in triage state;G;is at the evacuation site
0,740,filterLoc,,
0,741,evacuee,,Evacuee;218;in triage state;G;is at the evacuation site
0,743,filterLoc,,
0,744,evacuee,,Evacuee;2;in triage state;G;is at the evacuation site
0,746,filterLoc,,
0,747,evacuee,,Evacuee;33;in triage state;G;is at the evacuation site
0,749,filterLoc,,
0,750,evacuee,,Evacuee;271;in triage state;G;is at the evacuation site
0,752,filterLoc,,
0,753,evacuee,,Evacuee;9;in triage state;G;is at the evacuation site
0,755,filterLoc,,
0,756,evacuee,,Evacuee;25;in triage state;G;is at the evacuation site
0,758,filterLoc,,
0,759,evacuee,,Evacuee;334;in triage state;G;is at the evacuation site
0,761,filterLoc,,
0,762,evacuee,,Evacuee;70;in triage state;G;is at the evacuation site
0,764,filterLoc,,
0,765,evacuee,,Evacuee;5;in triage state;G;is at the evacuation site
0,767,filterLoc,,
0,768,evacuee,,Evacuee;250;in triage state;G;is at the evacuation site
0,770,filterLoc,,
0,771,evacuee,,Evacuee;107;in triage state;G;is at the evacuation site
0,773,filterLoc,,
0,774,evacuee,,Evacuee;229;in triage state;G;is at the evacuation site
0,776,filterLoc,,
0,777,evacuee,,Evacuee;110;in triage state;G;is at the evacuation site
0,779,filterLoc,,
0,780,evacuee,,Evacuee;141;in triage state;G;is at the evacuation site
0,782,filterLoc,,
0,783,evacuee,,Evacuee;133;in triage state;G;is at the evacuation site
0,785,filterLoc,,
0,786,evacuee,,Evacuee;493;in triage state;Y;is at the evacuation site
0,788,filterLoc,,
0,789,evacuee,,Evacuee;473;in triage state;G;is at the evacuation site
0,791,filterLoc,,
0,792,evacuee,,Evacuee;400;in triage state;G;is at the evacuation site
0,794,filterLoc,,
0,795,evacuee,,Evacuee;268;in triage state;G;is at the evacuation site
0,797,filterLoc,,
0,798,evacuee,,Evacuee;100;in triage state;G;is at the evacuation site
0,800,filterLoc,,
0,801,evacuee,,Evacuee;29;in triage state;G;is at the evacuation site
0,803,filterLoc,,
0,804,evacuee,,Evacuee;158;in triage state;G;is at the evacuation site
0,806,filterLoc,,
0,807,evacuee,,Evacuee;187;in triage state;G;is at the evacuation site
0,809,filterLoc,,
0,810,evacuee,,Evacuee;85;in triage state;G;is at the evacuation site
0,812,filterLoc,,
0,813,evacuee,,Evacuee;487;in triage state;Y;is at the evacuation site
0,815,filterLoc,,
0,816,evacuee,,Evacuee;71;in triage state;G;is at the evacuation site
0,818,filterLoc,,
0,819,evacuee,,Evacuee;332;in triage state;G;is at the evacuation site
0,821,filterLoc,,
0,822,evacuee,,Evacuee;81;in triage state;G;is at the evacuation site
0,824,filterLoc,,
0,825,evacuee,,Evacuee;104;in triage state;G;is at the evacuation site
0,827,filterLoc,,
0,828,evacuee,,Evacuee;40;in triage state;G;is at the evacuation site
0,830,filterLoc,,
0,831,evacuee,,Evacuee;97;in triage state;G;is at the evacuation site
0,833,filterLoc,,
0,834,evacuee,,Evacuee;453;in triage state;G;is at the evacuation site
0,836,filterLoc,,
0,837,evacuee,,Evacuee;285;in triage state;G;is at the evacuation site
0,839,filterLoc,,
0,840,evacuee,,Evacuee;89;in triage state;G;is at the evacuation site
0,842,filterLoc,,
0,843,evacuee,,Evacuee;394;in triage state;G;is at the evacuation site
0,845,filterLoc,,
0,846,evacuee,,Evacuee;240;in triage state;G;is at the evacuation site
0,848,filterLoc,,
0,849,evacuee,,Evacuee;8;in triage state;G;is at the evacuation site
0,851,filterLoc,,
0,852,evacuee,,Evacuee;3;in triage state;G;is at the evacuation site
0,854,filterLoc,,
0,855,evacuee,,Evacuee;172;in triage state;G;is at the evacuation site
0,857,filterLoc,,
0,858,evacuee,,Evacuee;256;in triage state;G;is at the evacuation site
0,860,filterLoc,,
0,861,evacuee,,Evacuee;347;in triage state;G;is at the evacuation site
0,863,filterLoc,,
0,864,evacuee,,Evacuee;82;in triage state;G;is at the evacuation site
0,866,filterLoc,,
0,867,evacuee,,Evacuee;54;in triage state;G;is at the evacuation site
0,869,filterLoc,,
0,870,evacuee,,Evacuee;368;in triage state;G;is at the evacuation site
0,872,filterLoc,,
0,873,evacuee,,Evacuee;4;in triage state;G;is at the evacuation site
0,875,filterLoc,,
0,876,evacuee,,Evacuee;18;in triage state;G;is at the evacuation site
0,878,filterLoc,,
0,879,evacuee,,Evacuee;387;in triage state;G;is at the evacuation site
0,881,filterLoc,,
0,882,evacuee,,Evacuee;246;in triage state;G;is at the evacuation site
0,884,filterLoc,,
0,885,evacuee,,Evacuee;22;in triage state;G;is at the evacuation site
0,887,filterLoc,,
0,888,evacuee,,Evacuee;92;in triage state;G;is at the evacuation site
0,890,filterLoc,,
0,891,evacuee,,Evacuee;44;in triage state;G;is at the evacuation site
0,893,filterLoc,,
0,894,evacuee,,Evacuee;150;in triage state;G;is at the evacuation site
0,896,filterLoc,,
0,897,evacuee,,Evacuee;119;in triage state;G;is at the evacuation site
0,899,filterLoc,,
0,900,evacuee,,Evacuee;6;in triage state;G;is at the evacuation site
0,902,filterLoc,,
0,903,evacuee,,Evacuee;173;in triage state;G;is at the evacuation site
0,905,filterLoc,,
0,906,evacuee,,Evacuee;157;in triage state;G;is at the evacuation site
0,908,filterLoc,,
0,909,evacuee,,Evacuee;451;in triage state;G;is at the evacuation site
0,911,filterLoc,,
0,912,evacuee,,Evacuee;359;in triage state;G;is at the evacuation site
0,914,filterLoc,,
0,915,evacuee,,Evacuee;286;in triage state;G;is at the evacuation site
0,917,filterLoc,,
0,918,evacuee,,Evacuee;196;in triage state;G;is at the evacuation site
0,920,filterLoc,,
0,921,evacuee,,Evacuee;407;in triage state;G;is at the evacuation site
0,923,filterLoc,,
0,924,evacuee,,Evacuee;132;in triage state;G;is at the evacuation site
0,926,filterLoc,,
0,927,evacuee,,Evacuee;31;in triage state;G;is at the evacuation site
0,929,filterLoc,,
0,930,evacuee,,Evacuee;38;in triage state;G;is at the evacuation site
0,932,filterLoc,,
0,933,evacuee,,Evacuee;10;in triage state;G;is at the evacuation site
0,935,filterLoc,,
0,936,evacuee,,Evacuee;26;in triage state;G;is at the evacuation site
0,938,filterLoc,,
0,939,evacuee,,Evacuee;343;in triage state;G;is at the evacuation site
0,941,filterLoc,,
0,942,evacuee,,Evacuee;241;in triage state;G;is at the evacuation site
0,944,filterLoc,,
0,945,evacuee,,Evacuee;418;in triage state;G;is at the evacuation site
0,947,filterLoc,,
0,948,evacuee,,Evacuee;75;in triage state;G;is at the evacuation site
0,950,filterLoc,,
0,951,evacuee,,Evacuee;37;in triage state;G;is at the evacuation site
0,953,filterLoc,,
0,954,evacuee,,Evacuee;496;in triage state;Y;is at the evacuation site
0,956,filterLoc,,
0,957,evacuee,,Evacuee;209;in triage state;G;is at the evacuation site
0,959,filterLoc,,
0,960,evacuee,,Evacuee;402;in triage state;G;is at the evacuation site
0,962,filterLoc,,
0,963,evacuee,,Evacuee;320;in triage state;G;is at the evacuation site
0,965,filterLoc,,
0,966,evacuee,,Evacuee;116;in triage state;G;is at the evacuation site
0,968,filterLoc,,
0,969,evacuee,,Evacuee;61;in triage state;G;is at the evacuation site
0,971,filterLoc,,
0,972,evacuee,,Evacuee;52;in triage state;G;is at the evacuation site
0,974,filterLoc,,
0,975,evacuee,,Evacuee;41;in triage state;G;is at the evacuation site
0,977,filterLoc,,
0,978,evacuee,,Evacuee;304;in triage state;G;is at the evacuation site
0,980,filterLoc,,
0,981,evacuee,,Evacuee;154;in triage state;G;is at the evacuation site
0,983,filterLoc,,
0,984,evacuee,,Evacuee;421;in triage state;G;is at the evacuation site
0,986,filterLoc,,
0,987,evacuee,,Evacuee;405;in triage state;G;is at the evacuation site
0,989,filterLoc,,
0,990,evacuee,,Evacuee;21;in triage state;G;is at the evacuation site
0,992,filterLoc,,
0,993,evacuee,,Evacuee;68;in triage state;G;is at the evacuation site
0,995,filterLoc,,
0,996,evacuee,,Evacuee;72;in triage state;G;is at the evacuation site
0,998,filterLoc,,
0,999,evacuee,,Evacuee;46;in triage state;G;is at the evacuation site
0,1001,filterLoc,,
0,1002,evacuee,,Evacuee;53;in triage state;G;is at the evacuation site
0,1004,filterLoc,,
0,1005,evacuee,,Evacuee;220;in triage state;G;is at the evacuation site
0,1007,filterLoc,,
0,1008,evacuee,,Evacuee;355;in triage state;G;is at the evacuation site
0,1010,filterLoc,,
0,1011,evacuee,,Evacuee;23;in triage state;G;is at the evacuation site
0,1013,filterLoc,,
0,1014,evacuee,,Evacuee;200;in triage state;G;is at the evacuation site
0,1016,filterLoc,,
0,1017,evacuee,,Evacuee;255;in triage state;G;is at the evacuation site
0,1019,filterLoc,,
0,1020,evacuee,,Evacuee;13;in triage state;G;is at the evacuation site
0,1022,filterLoc,,
0,1023,evacuee,,Evacuee;24;in triage state;G;is at the evacuation site
0,1025,filterLoc,,
0,1026,evacuee,,Evacuee;32;in triage state;G;is at the evacuation site
0,1028,filterLoc,,
0,1029,evacuee,,Evacuee;34;in triage state;G;is at the evacuation site
0,1031,filterLoc,,
0,1032,evacuee,,Evacuee;64;in triage state;G;is at the evacuation site
0,1034,filterLoc,,
0,1035,evacuee,,Evacuee;429;in triage state;G;is at the evacuation site
0,1037,filterLoc,,
0,1038,evacuee,,Evacuee;102;in triage state;G;is at the evacuation site
0,1040,filterLoc,,
0,1041,evacuee,,Evacuee;160;in triage state;G;is at the evacuation site
0,1043,filterLoc,,
0,1044,evacuee,,Evacuee;20;in triage state;G;is at the evacuation site
0,1046,filterLoc,,
0,1047,evacuee,,Evacuee;35;in triage state;G;is at the evacuation site
0,1049,filterLoc,,
0,1050,evacuee,,Evacuee;155;in triage state;G;is at the evacuation site
0,1052,filterLoc,,
0,1053,evacuee,,Evacuee;36;in triage state;G;is at the evacuation site
0,1055,filterLoc,,
0,1056,evacuee,,Evacuee;198;in triage state;G;is at the evacuation site
0,1058,filterLoc,,
0,1059,evacuee,,Evacuee;84;in triage state;G;is at the evacuation site
0,1061,filterLoc,,
0,1062,evacuee,,Evacuee;42;in triage state;G;is at the evacuation site
0,1064,filterLoc,,
0,1065,evacuee,,Evacuee;91;in triage state;G;is at the evacuation site
0,1067,filterLoc,,
0,1068,evacuee,,Evacuee;43;in triage state;G;is at the evacuation site
0,1070,filterLoc,,
0,1071,evacuee,,Evacuee;30;in triage state;G;is at the evacuation site
0,1073,filterLoc,,
0,1074,evacuee,,Evacuee;336;in triage state;G;is at the evacuation site
0,1076,filterLoc,,
0,1077,evacuee,,Evacuee;307;in triage state;G;is at the evacuation site
0,1079,filterLoc,,
0,1080,evacuee,,Evacuee;212;in triage state;G;is at the evacuation site
0,1082,filterLoc,,
0,1083,evacuee,,Evacuee;391;in triage state;G;is at the evacuation site
0,1085,filterLoc,,
0,1086,evacuee,,Evacuee;388;in triage state;G;is at the evacuation site
0,1088,filterLoc,,
0,1089,evacuee,,Evacuee;55;in triage state;G;is at the evacuation site
0,1091,filterLoc,,
0,1092,evacuee,,Evacuee;48;in triage state;G;is at the evacuation site
0,1094,filterLoc,,
0,1095,evacuee,,Evacuee;144;in triage state;G;is at the evacuation site
0,1097,filterLoc,,
0,1098,evacuee,,Evacuee;50;in triage state;G;is at the evacuation site
0,1100,filterLoc,,
0,1101,evacuee,,Evacuee;19;in triage state;G;is at the evacuation site
0,1103,filterLoc,,
0,1104,evacuee,,Evacuee;182;in triage state;G;is at the evacuation site
0,1106,filterLoc,,
0,1107,evacuee,,Evacuee;490;in triage state;Y;is at the evacuation site
0,1109,filterLoc,,
0,1110,evacuee,,Evacuee;266;in triage state;G;is at the evacuation site
0,1112,filterLoc,,
0,1113,evacuee,,Evacuee;120;in triage state;G;is at the evacuation site
0,1115,filterLoc,,
0,1116,evacuee,,Evacuee;94;in triage state;G;is at the evacuation site
0,1118,filterLoc,,
0,1119,evacuee,,Evacuee;63;in triage state;G;is at the evacuation site
0,1121,filterLoc,,
0,1122,evacuee,,Evacuee;175;in triage state;G;is at the evacuation site
0,1124,filterLoc,,
0,1125,evacuee,,Evacuee;47;in triage state;G;is at the evacuation site
0,1127,filterLoc,,
0,1128,evacuee,,Evacuee;56;in triage state;G;is at the evacuation site
0,1130,filterLoc,,
0,1131,evacuee,,Evacuee;367;in triage state;G;is at the evacuation site
0,1133,filterLoc,,
0,1134,evacuee,,Evacuee;364;in triage state;G;is at the evacuation site
0,1136,filterLoc,,
0,1137,evacuee,,Evacuee;208;in triage state;G;is at the evacuation site
0,1139,filterLoc,,
0,1140,evacuee,,Evacuee;57;in triage state;G;is at the evacuation site
0,1142,filterLoc,,
0,1143,evacuee,,Evacuee;231;in triage state;G;is at the evacuation site
0,1145,filterLoc,,
0,1146,evacuee,,Evacuee;261;in triage state;G;is at the evacuation site
0,1148,filterLoc,,
0,1149,evacuee,,Evacuee;45;in triage state;G;is at the evacuation site
0,1151,filterEvac,,
0,1152,filterES,,
0,1153,helicopter,,Helicopter;1;is unloading people at the FOL;;and has;0;spots taken
0,1155,filterLoc,,
0,1156,evacuee,,Evacuee;263;in triage state;G;is at the evacuation site
0,1158,filterLoc,,
0,1159,evacuee,,Evacuee;190;in triage state;G;is at the evacuation site
0,1161,filterLoc,,
0,1162,evacuee,,Evacuee;465;in triage state;G;is at the evacuation site
0,1164,filterLoc,,
0,1165,evacuee,,Evacuee;60;in triage state;G;is at the evacuation site
0,1167,filterLoc,,
0,1168,evacuee,,Evacuee;385;in triage state;G;is at the evacuation site
0,1170,filterLoc,,
0,1171,evacuee,,Evacuee;181;in triage state;G;is at the evacuation site
0,1173,filterLoc,,
0,1174,evacuee,,Evacuee;416;in triage state;G;is at the evacuation site
0,1176,filterLoc,,
0,1177,evacuee,,Evacuee;129;in triage state;G;is at the evacuation site
0,1179,filterLoc,,
0,1180,evacuee,,Evacuee;308;in triage state;G;is at the evacuation site
0,1182,filterLoc,,
0,1183,evacuee,,Evacuee;131;in triage state;G;is at the evacuation site
0,1185,filterLoc,,
0,1186,evacuee,,Evacuee;137;in triage state;G;is at the evacuation site
0,1188,filterLoc,,
0,1189,evacuee,,Evacuee;138;in triage state;G;is at the evacuation site
0,1191,filterLoc,,
0,1192,evacuee,,Evacuee;265;in triage state;G;is at the evacuation site
0,1194,filterLoc,,
0,1195,evacuee,,Evacuee;139;in triage state;G;is at the evacuation site
0,1197,filterLoc,,
0,1198,evacuee,,Evacuee;194;in triage state;G;is at the evacuation site
0,1200,filterLoc,,
0,1201,evacuee,,Evacuee;140;in triage state;G;is at the evacuation site
0,1203,filterLoc,,
0,1204,evacuee,,Evacuee;130;in triage state;G;is at the evacuation site
0,1206,filterLoc,,
0,1207,evacuee,,Evacuee;143;in triage state;G;is at the evacuation site
0,1209,filterLoc,,
0,1210,evacuee,,Evacuee;149;in triage state;G;is at the evacuation site
0,1212,filterLoc,,
0,1213,evacuee,,Evacuee;296;in triage state;G;is at the evacuation site
0,1215,filterLoc,,
0,1216,evacuee,,Evacuee;151;in triage state;G;is at the evacuation site
0,1218,filterLoc,,
0,1219,evacuee,,Evacuee;222;in triage state;G;is at the evacuation site
0,1221,filterLoc,,
0,1222,evacuee,,Evacuee;152;in triage state;G;is at the evacuation site
0,1224,filterLoc,,
0,1225,evacuee,,Evacuee;153;in triage state;G;is at the evacuation site
0,1227,filterLoc,,
0,1228,evacuee,,Evacuee;67;in triage state;G;is at the evacuation site
0,1230,filterLoc,,
0,1231,evacuee,,Evacuee;123;in triage state;G;is at the evacuation site
0,1233,filterLoc,,
0,1234,evacuee,,Evacuee;159;in triage state;G;is at the evacuation site
0,1236,filterLoc,,
0,1237,evacuee,,Evacuee;161;in triage state;G;is at the evacuation site
0,1239,filterLoc,,
0,1240,evacuee,,Evacuee;28;in triage state;G;is at the evacuation site
0,1242,filterLoc,,
0,1243,evacuee,,Evacuee;126;in triage state;G;is at the evacuation site
0,1245,filterLoc,,
0,1246,evacuee,,Evacuee;234;in triage state;G;is at the evacuation site
0,1248,filterLoc,,
0,1249,evacuee,,Evacuee;162;in triage state;G;is at the evacuation site
0,1251,filterLoc,,
0,1252,evacuee,,Evacuee;163;in triage state;G;is at the evacuation site
0,1254,filterLoc,,
0,1255,evacuee,,Evacuee;166;in triage state;G;is at the evacuation site
0,1257,filterLoc,,
0,1258,evacuee,,Evacuee;16;in triage state;G;is at the evacuation site
0,1260,filterLoc,,
0,1261,evacuee,,Evacuee;242;in triage state;G;is at the evacuation site
0,1263,filterLoc,,
0,1264,evacuee,,Evacuee;178;in triage state;G;is at the evacuation site
0,1266,filterLoc,,
0,1267,evacuee,,Evacuee;438;in triage state;G;is at the evacuation site
0,1269,filterLoc,,
0,1270,evacuee,,Evacuee;146;in triage state;G;is at the evacuation site
0,1272,filterLoc,,
0,1273,evacuee,,Evacuee;167;in triage state;G;is at the evacuation site
0,1275,filterLoc,,
0,1276,evacuee,,Evacuee;145;in triage state;G;is at the evacuation site
0,1278,filterLoc,,
0,1279,evacuee,,Evacuee;168;in triage state;G;is at the evacuation site
0,1281,filterLoc,,
0,1282,evacuee,,Evacuee;176;in triage state;G;is at the evacuation site
0,1284,filterLoc,,
0,1285,evacuee,,Evacuee;230;in triage state;G;is at the evacuation site
0,1287,filterLoc,,
0,1288,evacuee,,Evacuee;169;in triage state;G;is at the evacuation site
0,1290,filterLoc,,
0,1291,evacuee,,Evacuee;170;in triage state;G;is at the evacuation site
0,1293,filterLoc,,
0,1294,evacuee,,Evacuee;171;in triage state;G;is at the evacuation site
0,1296,filterLoc,,
0,1297,evacuee,,Evacuee;174;in triage state;G;is at the evacuation site
0,1299,filterLoc,,
0,1300,evacuee,,Evacuee;177;in triage state;G;is at the evacuation site
0,1302,filterLoc,,
0,1303,evacuee,,Evacuee;435;in triage state;G;is at the evacuation site
0,1305,filterLoc,,
0,1306,evacuee,,Evacuee;58;in triage state;G;is at the evacuation site
0,1308,filterLoc,,
0,1309,evacuee,,Evacuee;203;in triage state;G;is at the evacuation site
0,1311,filterLoc,,
0,1312,evacuee,,Evacuee;232;in triage state;G;is at the evacuation site
0,1314,filterLoc,,
0,1315,evacuee,,Evacuee;183;in triage state;G;is at the evacuation site
0,1317,filterLoc,,
0,1318,evacuee,,Evacuee;184;in triage state;G;is at the evacuation site
0,1320,filterLoc,,
0,1321,evacuee,,Evacuee;185;in triage state;G;is at the evacuation site
0,1323,filterLoc,,
0,1324,evacuee,,Evacuee;186;in triage state;G;is at the evacuation site
0,1326,filterLoc,,
0,1327,evacuee,,Evacuee;417;in triage state;G;is at the evacuation site
0,1329,filterLoc,,
0,1330,evacuee,,Evacuee;217;in triage state;G;is at the evacuation site
0,1332,filterLoc,,
0,1333,evacuee,,Evacuee;189;in triage state;G;is at the evacuation site
0,1335,filterLoc,,
0,1336,evacuee,,Evacuee;253;in triage state;G;is at the evacuation site
0,1338,filterLoc,,
0,1339,evacuee,,Evacuee;191;in triage state;G;is at the evacuation site
0,1341,filterLoc,,
0,1342,evacuee,,Evacuee;314;in triage state;G;is at the evacuation site
0,1344,filterLoc,,
0,1345,evacuee,,Evacuee;249;in triage state;G;is at the evacuation site
0,1347,filterLoc,,
0,1348,evacuee,,Evacuee;193;in triage state;G;is at the evacuation site
0,1350,filterLoc,,
0,1351,evacuee,,Evacuee;195;in triage state;G;is at the evacuation site
0,1353,filterLoc,,
0,1354,evacuee,,Evacuee;399;in triage state;G;is at the evacuation site
0,1356,filterLoc,,
0,1357,evacuee,,Evacuee;197;in triage state;G;is at the evacuation site
0,1359,filterLoc,,
0,1360,evacuee,,Evacuee;450;in triage state;G;is at the evacuation site
0,1362,filterLoc,,
0,1363,evacuee,,Evacuee;252;in triage state;G;is at the evacuation site
0,1365,filterLoc,,
0,1366,evacuee,,Evacuee;329;in triage state;G;is at the evacuation site
0,1368,filterLoc,,
0,1369,evacuee,,Evacuee;201;in triage state;G;is at the evacuation site
0,1371,filterLoc,,
0,1372,evacuee,,Evacuee;11;in triage state;G;is at the evacuation site
0,1374,filterLoc,,
0,1375,evacuee,,Evacuee;202;in triage state;G;is at the evacuation site
0,1377,filterLoc,,
0,1378,evacuee,,Evacuee;390;in triage state;G;is at the evacuation site
0,1380,filterLoc,,
0,1381,evacuee,,Evacuee;204;in triage state;G;is at the evacuation site
0,1383,filterLoc,,
0,1384,evacuee,,Evacuee;275;in triage state;G;is at the evacuation site
0,1386,filterLoc,,
0,1387,evacuee,,Evacuee;205;in triage state;G;is at the evacuation site
0,1389,filterLoc,,
0,1390,evacuee,,Evacuee;323;in triage state;G;is at the evacuation site
0,1392,filterLoc,,
0,1393,evacuee,,Evacuee;180;in triage state;G;is at the evacuation site
0,1395,filterLoc,,
0,1396,evacuee,,Evacuee;206;in triage state;G;is at the evacuation site
0,1398,filterLoc,,
0,1399,evacuee,,Evacuee;69;in triage state;G;is at the evacuation site
0,1401,filterLoc,,
0,1402,evacuee,,Evacuee;207;in triage state;G;is at the evacuation site
0,1404,filterLoc,,
0,1405,evacuee,,Evacuee;27;in triage state;G;is at the evacuation site
0,1407,filterLoc,,
0,1408,evacuee,,Evacuee;211;in triage state;G;is at the evacuation site
0,1410,filterLoc,,
0,1411,evacuee,,Evacuee;294;in triage state;G;is at the evacuation site
0,1413,filterLoc,,
0,1414,evacuee,,Evacuee;214;in triage state;G;is at the evacuation site
0,1416,filterLoc,,
0,1417,evacuee,,Evacuee;12;in triage state;G;is at the evacuation site
0,1419,filterLoc,,
0,1420,evacuee,,Evacuee;216;in triage state;G;is at the evacuation site
0,1422,filterLoc,,
0,1423,evacuee,,Evacuee;219;in triage state;G;is at the evacuation site
0,1425,filterLoc,,
0,1426,evacuee,,Evacuee;221;in triage state;G;is at the evacuation site
0,1428,filterLoc,,
0,1429,evacuee,,Evacuee;224;in triage state;G;is at the evacuation site
0,1431,filterLoc,,
0,1432,evacuee,,Evacuee;339;in triage state;G;is at the evacuation site
0,1434,filterLoc,,
0,1435,evacuee,,Evacuee;225;in triage state;G;is at the evacuation site
0,1437,filterLoc,,
0,1438,evacuee,,Evacuee;164;in triage state;G;is at the evacuation site
0,1440,filterLoc,,
0,1441,evacuee,,Evacuee;226;in triage state;G;is at the evacuation site
0,1443,filterLoc,,
0,1444,evacuee,,Evacuee;464;in triage state;G;is at the evacuation site
0,1446,filterLoc,,
0,1447,evacuee,,Evacuee;227;in triage state;G;is at the evacuation site
0,1449,filterLoc,,
0,1450,evacuee,,Evacuee;267;in triage state;G;is at the evacuation site
0,1452,filterLoc,,
0,1453,evacuee,,Evacuee;73;in triage state;G;is at the evacuation site
0,1455,filterLoc,,
0,1456,evacuee,,Evacuee;233;in triage state;G;is at the evacuation site
0,1458,filterLoc,,
0,1459,evacuee,,Evacuee;236;in triage state;G;is at the evacuation site
0,1461,filterLoc,,
0,1462,evacuee,,Evacuee;7;in triage state;G;is at the evacuation site
0,1464,filterLoc,,
0,1465,evacuee,,Evacuee;237;in triage state;G;is at the evacuation site
0,1467,filterLoc,,
0,1468,evacuee,,Evacuee;238;in triage state;G;is at the evacuation site
0,1470,filterLoc,,
0,1471,evacuee,,Evacuee;113;in triage state;G;is at the evacuation site
0,1473,filterLoc,,
0,1474,evacuee,,Evacuee;239;in triage state;G;is at the evacuation site
0,1476,filterLoc,,
0,1477,evacuee,,Evacuee;243;in triage state;G;is at the evacuation site
0,1479,filterLoc,,
0,1480,evacuee,,Evacuee;96;in triage state;G;is at the evacuation site
0,1482,filterLoc,,
0,1483,evacuee,,Evacuee;244;in triage state;G;is at the evacuation site
0,1485,filterLoc,,
0,1486,evacuee,,Evacuee;247;in triage state;G;is at the evacuation site
0,1488,filterLoc,,
0,1489,evacuee,,Evacuee;59;in triage state;G;is at the evacuation site
0,1491,filterLoc,,
0,1492,evacuee,,Evacuee;248;in triage state;G;is at the evacuation site
0,1494,filterLoc,,
0,1495,evacuee,,Evacuee;467;in triage state;G;is at the evacuation site
0,1497,filterLoc,,
0,1498,evacuee,,Evacuee;298;in triage state;G;is at the evacuation site
0,1500,filterLoc,,
0,1501,evacuee,,Evacuee;254;in triage state;G;is at the evacuation site
0,1503,filterLoc,,
0,1504,evacuee,,Evacuee;257;in triage state;G;is at the evacuation site
0,1506,filterLoc,,
0,1507,evacuee,,Evacuee;210;in triage state;G;is at the evacuation site
0,1509,filterLoc,,
0,1510,evacuee,,Evacuee;258;in triage state;G;is at the evacuation site
0,4,helipadManager,outHQ,0
0,4,helipadManager,,;No helos are at ES
0,5,helicopterQueue,,;No helos are waiting to land
0,8,evacuee,,Evacuee;501;in triage state;R;is at the evacuation site
0,11,evacuee,,Evacuee;500;in triage state;R;is at the evacuation site
0,14,evacuee,,Evacuee;494;in triage state;Y;is at the evacuation site
0,17,evacuee,,Evacuee;492;in triage state;Y;is at the evacuation site
0,20,evacuee,,Evacuee;489;in triage state;Y;is at the evacuation site
0,23,evacuee,,Evacuee;486;in triage state;Y;is at the evacuation site
0,26,evacuee,,Evacuee;484;in triage state;Y;is at the evacuation site
0,29,evacuee,,Evacuee;483;in triage state;Y;is at the evacuation site
0,32,evacuee,,Evacuee;482;in triage state;Y;is at the evacuation site
0,35,evacuee,,Evacuee;499;in triage state;R;is at the evacuation site
0,38,evacuee,,Evacuee;479;in triage state;Y;is at the evacuation site
0,41,evacuee,,Evacuee;478;in triage state;Y;is at the evacuation site
0,44,evacuee,,Evacuee;476;in triage state;G;is at the evacuation site
0,47,evacuee,,Evacuee;475;in triage state;G;is at the evacuation site
0,50,evacuee,,Evacuee;472;in triage state;G;is at the evacuation site
0,53,evacuee,,Evacuee;471;in triage state;G;is at the evacuation site
0,56,evacuee,,Evacuee;468;in triage state;G;is at the evacuation site
0,59,evacuee,,Evacuee;463;in triage state;G;is at the evacuation site
0,62,evacuee,,Evacuee;462;in triage state;G;is at the evacuation site
0,65,evacuee,,Evacuee;461;in triage state;G;is at the evacuation site
0,68,evacuee,,Evacuee;459;in triage state;G;is at the evacuation site
0,71,evacuee,,Evacuee;495;in triage state;Y;is at the evacuation site
0,74,evacuee,,Evacuee;458;in triage state;G;is at the evacuation site
0,77,evacuee,,Evacuee;456;in triage state;G;is at the evacuation site
0,80,evacuee,,Evacuee;455;in triage state;G;is at the evacuation site
0,83,evacuee,,Evacuee;448;in triage state;G;is at the evacuation site
0,86,evacuee,,Evacuee;445;in triage state;G;is at the evacuation site
0,89,evacuee,,Evacuee;442;in triage state;G;is at the evacuation site
0,92,evacuee,,Evacuee;441;in triage state;G;is at the evacuation site
0,95,evacuee,,Evacuee;439;in triage state;G;is at the evacuation site
0,98,evacuee,,Evacuee;437;in triage state;G;is at the evacuation site
0,101,evacuee,,Evacuee;436;in triage state;G;is at the evacuation site
0,104,evacuee,,Evacuee;434;in triage state;G;is at the evacuation site
0,107,evacuee,,Evacuee;433;in triage state;G;is at the evacuation site
0,110,evacuee,,Evacuee;428;in triage state;G;is at the evacuation site
0,113,evacuee,,Evacuee;426;in triage state;G;is at the evacuation site
0,116,evacuee,,Evacuee;423;in triage state;G;is at the evacuation site
0,119,evacuee,,Evacuee;420;in triage state;G;is at the evacuation site
0,122,evacuee,,Evacuee;419;in triage state;G;is at the evacuation site
0,125,evacuee,,Evacuee;414;in triage state;G;is at the evacuation site
0,128,evacuee,,Evacuee;411;in triage state;G;is at the evacuation site
0,131,evacuee,,Evacuee;422;in triage state;G;is at the evacuation site
0,134,evacuee,,Evacuee;409;in triage state;G;is at the evacuation site
0,137,evacuee,,Evacuee;408;in triage state;G;is at the evacuation site
0,140,evacuee,,Evacuee;406;in triage state;G;is at the evacuation site
0,143,evacuee,,Evacuee;404;in triage state;G;is at the evacuation site
0,146,evacuee,,Evacuee;403;in triage state;G;is at the evacuation site
0,149,evacuee,,Evacuee;401;in triage state;G;is at the evacuation site
0,152,evacuee,,Evacuee;398;in triage state;G;is at the evacuation site
0,155,evacuee,,Evacuee;397;in triage state;G;is at the evacuation site
0,158,evacuee,,Evacuee;452;in triage state;G;is at the evacuation site
0,161,evacuee,,Evacuee;396;in triage state;G;is at the evacuation site
0,164,evacuee,,Evacuee;395;in triage state;G;is at the evacuation site
0,167,evacuee,,Evacuee;393;in triage state;G;is at the evacuation site
0,170,evacuee,,Evacuee;392;in triage state;G;is at the evacuation site
0,173,evacuee,,Evacuee;389;in triage state;G;is at the evacuation site
0,176,evacuee,,Evacuee;384;in triage state;G;is at the evacuation site
0,179,evacuee,,Evacuee;430;in triage state;G;is at the evacuation site
0,182,evacuee,,Evacuee;383;in triage state;G;is at the evacuation site
0,185,evacuee,,Evacuee;480;in triage state;Y;is at the evacuation site
0,188,evacuee,,Evacuee;382;in triage state;G;is at the evacuation site
0,191,evacuee,,Evacuee;381;in triage state;G;is at the evacuation site
0,194,evacuee,,Evacuee;427;in triage state;G;is at the evacuation site
0,197,evacuee,,Evacuee;380;in triage state;G;is at the evacuation site
0,200,evacuee,,Evacuee;379;in triage state;G;is at the evacuation site
0,203,evacuee,,Evacuee;378;in triage state;G;is at the evacuation site
0,206,evacuee,,Evacuee;377;in triage state;G;is at the evacuation site
0,209,evacuee,,Evacuee;375;in triage state;G;is at the evacuation site
0,212,evacuee,,Evacuee;374;in triage state;G;is at the evacuation site
0,215,evacuee,,Evacuee;372;in triage state;G;is at the evacuation site
0,218,evacuee,,Evacuee;371;in triage state;G;is at the evacuation site
0,222,evacuee,,Evacuee;370;in triage state;G;is at the evacuation site
0,225,evacuee,,Evacuee;457;in triage state;G;is at the evacuation site
0,228,evacuee,,Evacuee;369;in triage state;G;is at the evacuation site
0,231,evacuee,,Evacuee;366;in triage state;G;is at the evacuation site
0,234,evacuee,,Evacuee;362;in triage state;G;is at the evacuation site
0,237,evacuee,,Evacuee;425;in triage state;G;is at the evacuation site
0,240,evacuee,,Evacuee;360;in triage state;G;is at the evacuation site
0,243,evacuee,,Evacuee;357;in triage state;G;is at the evacuation site
0,246,evacuee,,Evacuee;354;in triage state;G;is at the evacuation site
0,249,evacuee,,Evacuee;353;in triage state;G;is at the evacuation site
0,252,evacuee,,Evacuee;351;in triage state;G;is at the evacuation site
0,255,evacuee,,Evacuee;349;in triage state;G;is at the evacuation site
0,258,evacuee,,Evacuee;348;in triage state;G;is at the evacuation site
0,261,evacuee,,Evacuee;346;in triage state;G;is at the evacuation site
0,264,evacuee,,Evacuee;341;in triage state;G;is at the evacuation site
0,267,evacuee,,Evacuee;340;in triage state;G;is at the evacuation site
0,270,evacuee,,Evacuee;338;in triage state;G;is at the evacuation site
0,273,evacuee,,Evacuee;335;in triage state;G;is at the evacuation site
0,276,evacuee,,Evacuee;331;in triage state;G;is at the evacuation site
0,279,evacuee,,Evacuee;503;in triage state;R;is at the evacuation site
0,282,evacuee,,Evacuee;330;in triage state;G;is at the evacuation site
0,285,evacuee,,Evacuee;328;in triage state;G;is at the evacuation site
0,288,evacuee,,Evacuee;327;in triage state;G;is at the evacuation site
0,291,evacuee,,Evacuee;410;in triage state;G;is at the evacuation site
0,294,evacuee,,Evacuee;326;in triage state;G;is at the evacuation site
0,297,evacuee,,Evacuee;466;in triage state;G;is at the evacuation site
0,300,evacuee,,Evacuee;325;in triage state;G;is at the evacuation site
0,303,evacuee,,Evacuee;365;in triage state;G;is at the evacuation site
0,306,evacuee,,Evacuee;322;in triage state;G;is at the evacuation site
0,309,evacuee,,Evacuee;321;in triage state;G;is at the evacuation site
0,312,evacuee,,Evacuee;319;in triage state;G;is at the evacuation site
0,315,evacuee,,Evacuee;318;in triage state;G;is at the evacuation site
0,318,evacuee,,Evacuee;317;in triage state;G;is at the evacuation site
0,321,evacuee,,Evacuee;460;in triage state;G;is at the evacuation site
0,324,evacuee,,Evacuee;316;in triage state;G;is at the evacuation site
0,327,evacuee,,Evacuee;446;in triage state;G;is at the evacuation site
0,330,evacuee,,Evacuee;313;in triage state;G;is at the evacuation site
0,333,evacuee,,Evacuee;443;in triage state;G;is at the evacuation site
0,336,evacuee,,Evacuee;312;in triage state;G;is at the evacuation site
0,339,evacuee,,Evacuee;309;in triage state;G;is at the evacuation site
0,342,evacuee,,Evacuee;306;in triage state;G;is at the evacuation site
0,345,evacuee,,Evacuee;305;in triage state;G;is at the evacuation site
0,348,evacuee,,Evacuee;303;in triage state;G;is at the evacuation site
0,351,evacuee,,Evacuee;295;in triage state;G;is at the evacuation site
0,354,evacuee,,Evacuee;352;in triage state;G;is at the evacuation site
0,357,evacuee,,Evacuee;293;in triage state;G;is at the evacuation site
0,360,evacuee,,Evacuee;488;in triage state;Y;is at the evacuation site
0,363,evacuee,,Evacuee;413;in triage state;G;is at the evacuation site
0,366,evacuee,,Evacuee;292;in triage state;G;is at the evacuation site
0,369,evacuee,,Evacuee;291;in triage state;G;is at the evacuation site
0,372,evacuee,,Evacuee;290;in triage state;G;is at the evacuation site
0,375,evacuee,,Evacuee;350;in triage state;G;is at the evacuation site
0,378,evacuee,,Evacuee;288;in triage state;G;is at the evacuation site
0,381,evacuee,,Evacuee;287;in triage state;G;is at the evacuation site
0,384,evacuee,,Evacuee;415;in triage state;G;is at the evacuation site
0,387,evacuee,,Evacuee;376;in triage state;G;is at the evacuation site
0,390,evacuee,,Evacuee;284;in triage state;G;is at the evacuation site
0,393,evacuee,,Evacuee;283;in triage state;G;is at the evacuation site
0,396,evacuee,,Evacuee;282;in triage state;G;is at the evacuation site
0,399,evacuee,,Evacuee;281;in triage state;G;is at the evacuation site
0,402,evacuee,,Evacuee;280;in triage state;G;is at the evacuation site
0,405,evacuee,,Evacuee;333;in triage state;G;is at the evacuation site
0,408,evacuee,,Evacuee;279;in triage state;G;is at the evacuation site
0,411,evacuee,,Evacuee;278;in triage state;G;is at the evacuation site
0,414,evacuee,,Evacuee;277;in triage state;G;is at the evacuation site
0,417,evacuee,,Evacuee;315;in triage state;G;is at the evacuation site
0,420,evacuee,,Evacuee;274;in triage state;G;is at the evacuation site
0,423,evacuee,,Evacuee;273;in triage state;G;is at the evacuation site
0,426,evacuee,,Evacuee;337;in triage state;G;is at the evacuation site
0,429,evacuee,,Evacuee;301;in triage state;G;is at the evacuation site
0,432,evacuee,,Evacuee;272;in triage state;G;is at the evacuation site
0,435,evacuee,,Evacuee;270;in triage state;G;is at the evacuation site
0,438,evacuee,,Evacuee;264;in triage state;G;is at the evacuation site
0,441,evacuee,,Evacuee;262;in triage state;G;is at the evacuation site
0,444,evacuee,,Evacuee;260;in triage state;G;is at the evacuation site
0,447,evacuee,,Evacuee;259;in triage state;G;is at the evacuation site
0,450,evacuee,,Evacuee;125;in triage state;G;is at the evacuation site
0,453,evacuee,,Evacuee;114;in triage state;G;is at the evacuation site
0,456,evacuee,,Evacuee;289;in triage state;G;is at the evacuation site
0,459,evacuee,,Evacuee;88;in triage state;G;is at the evacuation site
0,462,evacuee,,Evacuee;449;in triage state;G;is at the evacuation site
0,465,evacuee,,Evacuee;122;in triage state;G;is at the evacuation site
0,468,evacuee,,Evacuee;108;in triage state;G;is at the evacuation site
0,471,evacuee,,Evacuee;276;in triage state;G;is at the evacuation site
0,474,evacuee,,Evacuee;121;in triage state;G;is at the evacuation site
0,477,evacuee,,Evacuee;386;in triage state;G;is at the evacuation site
0,480,evacuee,,Evacuee;117;in triage state;G;is at the evacuation site
0,483,evacuee,,Evacuee;192;in triage state;G;is at the evacuation site
0,486,evacuee,,Evacuee;432;in triage state;G;is at the evacuation site
0,489,evacuee,,Evacuee;245;in triage state;G;is at the evacuation site
0,492,evacuee,,Evacuee;310;in triage state;G;is at the evacuation site
0,495,evacuee,,Evacuee;118;in triage state;G;is at the evacuation site
0,498,evacuee,,Evacuee;502;in triage state;R;is at the evacuation site
0,501,evacuee,,Evacuee;491;in triage state;Y;is at the evacuation site
0,504,evacuee,,Evacuee;470;in triage state;G;is at the evacuation site
0,507,evacuee,,Evacuee;469;in triage state;G;is at the evacuation site
0,510,evacuee,,Evacuee;215;in triage state;G;is at the evacuation site
0,513,evacuee,,Evacuee;345;in triage state;G;is at the evacuation site
0,516,evacuee,,Evacuee;302;in triage state;G;is at the evacuation site
0,519,evacuee,,Evacuee;112;in triage state;G;is at the evacuation site
0,522,evacuee,,Evacuee;299;in triage state;G;is at the evacuation site
0,525,evacuee,,Evacuee;109;in triage state;G;is at the evacuation site
0,528,evacuee,,Evacuee;373;in triage state;G;is at the evacuation site
0,531,evacuee,,Evacuee;358;in triage state;G;is at the evacuation site
0,534,evacuee,,Evacuee;188;in triage state;G;is at the evacuation site
0,537,evacuee,,Evacuee;106;in triage state;G;is at the evacuation site
0,540,evacuee,,Evacuee;311;in triage state;G;is at the evacuation site
0,543,evacuee,,Evacuee;148;in triage state;G;is at the evacuation site
0,546,evacuee,,Evacuee;235;in triage state;G;is at the evacuation site
0,549,evacuee,,Evacuee;105;in triage state;G;is at the evacuation site
0,552,evacuee,,Evacuee;424;in triage state;G;is at the evacuation site
0,555,evacuee,,Evacuee;269;in triage state;G;is at the evacuation site
0,558,evacuee,,Evacuee;103;in triage state;G;is at the evacuation site
0,561,evacuee,,Evacuee;124;in triage state;G;is at the evacuation site
0,564,evacuee,,Evacuee;111;in triage state;G;is at the evacuation site
0,567,evacuee,,Evacuee;39;in triage state;G;is at the evacuation site
0,570,evacuee,,Evacuee;228;in triage state;G;is at the evacuation site
0,573,evacuee,,Evacuee;497;in triage state;Y;is at the evacuation site
0,576,evacuee,,Evacuee;101;in triage state;G;is at the evacuation site
0,579,evacuee,,Evacuee;142;in triage state;G;is at the evacuation site
0,582,evacuee,,Evacuee;99;in triage state;G;is at the evacuation site
0,585,evacuee,,Evacuee;485;in triage state;Y;is at the evacuation site
0,588,evacuee,,Evacuee;324;in triage state;G;is at the evacuation site
0,591,evacuee,,Evacuee;95;in triage state;G;is at the evacuation site
0,594,evacuee,,Evacuee;447;in triage state;G;is at the evacuation site
0,597,evacuee,,Evacuee;361;in triage state;G;is at the evacuation site
0,600,evacuee,,Evacuee;342;in triage state;G;is at the evacuation site
0,603,evacuee,,Evacuee;93;in triage state;G;is at the evacuation site
0,606,evacuee,,Evacuee;136;in triage state;G;is at the evacuation site
0,609,evacuee,,Evacuee;412;in triage state;G;is at the evacuation site
0,612,evacuee,,Evacuee;90;in triage state;G;is at the evacuation site
0,615,evacuee,,Evacuee;83;in triage state;G;is at the evacuation site
0,618,evacuee,,Evacuee;127;in triage state;G;is at the evacuation site
0,621,evacuee,,Evacuee;49;in triage state;G;is at the evacuation site
0,624,evacuee,,Evacuee;87;in triage state;G;is at the evacuation site
0,627,evacuee,,Evacuee;297;in triage state;G;is at the evacuation site
0,630,evacuee,,Evacuee;86;in triage state;G;is at the evacuation site
0,633,evacuee,,Evacuee;51;in triage state;G;is at the evacuation site
0,636,evacuee,,Evacuee;444;in triage state;G;is at the evacuation site
0,639,evacuee,,Evacuee;80;in triage state;G;is at the evacuation site
0,642,evacuee,,Evacuee;79;in triage state;G;is at the evacuation site
0,645,evacuee,,Evacuee;115;in triage state;G;is at the evacuation site
0,648,evacuee,,Evacuee;98;in triage state;G;is at the evacuation site
0,651,evacuee,,Evacuee;356;in triage state;G;is at the evacuation site
0,654,evacuee,,Evacuee;78;in triage state;G;is at the evacuation site
0,657,evacuee,,Evacuee;213;in triage state;G;is at the evacuation site
0,660,evacuee,,Evacuee;344;in triage state;G;is at the evacuation site
0,663,evacuee,,Evacuee;77;in triage state;G;is at the evacuation site
0,666,evacuee,,Evacuee;156;in triage state;G;is at the evacuation site
0,669,evacuee,,Evacuee;300;in triage state;G;is at the evacuation site
0,672,evacuee,,Evacuee;165;in triage state;G;is at the evacuation site
0,675,evacuee,,Evacuee;454;in triage state;G;is at the evacuation site
0,678,evacuee,,Evacuee;440;in triage state;G;is at the evacuation site
0,681,evacuee,,Evacuee;76;in triage state;G;is at the evacuation site
0,684,evacuee,,Evacuee;431;in triage state;G;is at the evacuation site
0,687,evacuee,,Evacuee;74;in triage state;G;is at the evacuation site
0,690,evacuee,,Evacuee;363;in triage state;G;is at the evacuation site
0,693,evacuee,,Evacuee;251;in triage state;G;is at the evacuation site
0,696,evacuee,,Evacuee;128;in triage state;G;is at the evacuation site
0,699,evacuee,,Evacuee;134;in triage state;G;is at the evacuation site
0,702,evacuee,,Evacuee;199;in triage state;G;is at the evacuation site
0,705,evacuee,,Evacuee;66;in triage state;G;is at the evacuation site
0,708,evacuee,,Evacuee;62;in triage state;G;is at the evacuation site
0,711,evacuee,,Evacuee;223;in triage state;G;is at the evacuation site
0,714,evacuee,,Evacuee;135;in triage state;G;is at the evacuation site
0,717,evacuee,,Evacuee;15;in triage state;G;is at the evacuation site
0,720,evacuee,,Evacuee;474;in triage state;G;is at the evacuation site
0,723,evacuee,,Evacuee;17;in triage state;G;is at the evacuation site
0,726,evacuee,,Evacuee;481;in triage state;Y;is at the evacuation site
0,729,evacuee,,Evacuee;179;in triage state;G;is at the evacuation site
0,732,evacuee,,Evacuee;147;in triage state;G;is at the evacuation site
0,735,evacuee,,Evacuee;65;in triage state;G;is at the evacuation site
0,738,evacuee,,Evacuee;14;in triage state;G;is at the evacuation site
0,741,evacuee,,Evacuee;218;in triage state;G;is at the evacuation site
0,744,evacuee,,Evacuee;2;in triage state;G;is at the evacuation site
0,747,evacuee,,Evacuee;33;in triage state;G;is at the evacuation site
0,750,evacuee,,Evacuee;271;in triage state;G;is at the evacuation site
0,753,evacuee,,Evacuee;9;in triage state;G;is at the evacuation site
0,756,evacuee,,Evacuee;25;in triage state;G;is at the evacuation site
0,759,evacuee,,Evacuee;334;in triage state;G;is at the evacuation site
0,762,evacuee,,Evacuee;70;in triage state;G;is at the evacuation site
0,765,evacuee,,Evacuee;5;in triage state;G;is at the evacuation site
0,768,evacuee,,Evacuee;250;in triage state;G;is at the evacuation site
0,771,evacuee,,Evacuee;107;in triage state;G;is at the evacuation site
0,774,evacuee,,Evacuee;229;in triage state;G;is at the evacuation site
0,777,evacuee,,Evacuee;110;in triage state;G;is at the evacuation site
0,780,evacuee,,Evacuee;141;in triage state;G;is at the evacuation site
0,783,evacuee,,Evacuee;133;in triage state;G;is at the evacuation site
0,786,evacuee,,Evacuee;493;in triage state;Y;is at the evacuation site
0,789,evacuee,,Evacuee;473;in triage state;G;is at the evacuation site
0,792,evacuee,,Evacuee;400;in triage state;G;is at the evacuation site
0,795,evacuee,,Evacuee;268;in triage state;G;is at the evacuation site
0,798,evacuee,,Evacuee;100;in triage state;G;is at the evacuation site
0,801,evacuee,,Evacuee;29;in triage state;G;is at the evacuation site
0,804,evacuee,,Evacuee;158;in triage state;G;is at the evacuation site
0,807,evacuee,,Evacuee;187;in triage state;G;is at the evacuation site
0,810,evacuee,,Evacuee;85;in triage state;G;is at the evacuation site
0,813,evacuee,,Evacuee;487;in triage state;Y;is at the evacuation site
0,816,evacuee,,Evacuee;71;in triage state;G;is at the evacuation site
0,819,evacuee,,Evacuee;332;in triage state;G;is at the evacuation site
0,822,evacuee,,Evacuee;81;in triage state;G;is at the evacuation site
0,825,evacuee,,Evacuee;104;in triage state;G;is at the evacuation site
0,828,evacuee,,Evacuee;40;in triage state;G;is at the evacuation site
0,831,evacuee,,Evacuee;97;in triage state;G;is at the evacuation site
0,834,evacuee,,Evacuee;453;in triage state;G;is at the evacuation site
0,837,evacuee,,Evacuee;285;in triage state;G;is at the evacuation site
0,840,evacuee,,Evacuee;89;in triage state;G;is at the evacuation site
0,843,evacuee,,Evacuee;394;in triage state;G;is at the evacuation site
0,846,evacuee,,Evacuee;240;in triage state;G;is at the evacuation site
0,849,evacuee,,Evacuee;8;in triage state;G;is at the evacuation site
0,852,evacuee,,Evacuee;3;in triage state;G;is at the evacuation site
0,855,evacuee,,Evacuee;172;in triage state;G;is at the evacuation site
0,858,evacuee,,Evacuee;256;in triage state;G;is at the evacuation site
0,861,evacuee,,Evacuee;347;in triage state;G;is at the evacuation site
0,864,evacuee,,Evacuee;82;in triage state;G;is at the evacuation site
0,867,evacuee,,Evacuee;54;in triage state;G;is at the evacuation site
0,870,evacuee,,Evacuee;368;in triage state;G;is at the evacuation site
0,873,evacuee,,Evacuee;4;in triage state;G;is at the evacuation site
0,876,evacuee,,Evacuee;18;in triage state;G;is at the evacuation site
0,879,evacuee,,Evacuee;387;in triage state;G;is at the evacuation site
0,882,evacuee,,Evacuee;246;in triage state;G;is at the evacuation site
0,885,evacuee,,Evacuee;22;in triage state;G;is at the evacuation site
0,888,evacuee,,Evacuee;92;in triage state;G;is at the evacuation site
0,891,evacuee,,Evacuee;44;in triage state;G;is at the evacuation site
0,894,evacuee,,Evacuee;150;in triage state;G;is at the evacuation site
0,897,evacuee,,Evacuee;119;in triage state;G;is at the evacuation site
0,900,evacuee,,Evacuee;6;in triage state;G;is at the evacuation site
0,903,evacuee,,Evacuee;173;in triage state;G;is at the evacuation site
0,906,evacuee,,Evacuee;157;in triage state;G;is at the evacuation site
0,909,evacuee,,Evacuee;451;in triage state;G;is at the evacuation site
0,912,evacuee,,Evacuee;359;in triage state;G;is at the evacuation site
0,915,evacuee,,Evacuee;286;in triage state;G;is at the evacuation site
0,918,evacuee,,Evacuee;196;in triage state;G;is at the evacuation site
0,921,evacuee,,Evacuee;407;in triage state;G;is at the evacuation site
0,924,evacuee,,Evacuee;132;in triage state;G;is at the evacuation site
0,927,evacuee,,Evacuee;31;in triage state;G;is at the evacuation site
0,930,evacuee,,Evacuee;38;in triage state;G;is at the evacuation site
0,933,evacuee,,Evacuee;10;in triage state;G;is at the evacuation site
0,936,evacuee,,Evacuee;26;in triage state;G;is at the evacuation site
0,939,evacuee,,Evacuee;343;in triage state;G;is at the evacuation site
0,942,evacuee,,Evacuee;241;in triage state;G;is at the evacuation site
0,945,evacuee,,Evacuee;418;in triage state;G;is at the evacuation site
0,948,evacuee,,Evacuee;75;in triage state;G;is at the evacuation site
0,951,evacuee,,Evacuee;37;in triage state;G;is at the evacuation site
0,954,evacuee,,Evacuee;496;in triage state;Y;is at the evacuation site
0,957,evacuee,,Evacuee;209;in triage state;G;is at the evacuation site
0,960,evacuee,,Evacuee;402;in triage state;G;is at the evacuation site
0,963,evacuee,,Evacuee;320;in triage state;G;is at the evacuation site
0,966,evacuee,,Evacuee;116;in triage state;G;is at the evacuation site
0,969,evacuee,,Evacuee;61;in triage state;G;is at the evacuation site
0,972,evacuee,,Evacuee;52;in triage state;G;is at the evacuation site
0,975,evacuee,,Evacuee;41;in triage state;G;is at the evacuation site
0,978,evacuee,,Evacuee;304;in triage state;G;is at the evacuation site
0,981,evacuee,,Evacuee;154;in triage state;G;is at the evacuation site
0,984,evacuee,,Evacuee;421;in triage state;G;is at the evacuation site
0,987,evacuee,,Evacuee;405;in triage state;G;is at the evacuation site
0,990,evacuee,,Evacuee;21;in triage state;G;is at the evacuation site
0,993,evacuee,,Evacuee;68;in triage state;G;is at the evacuation site
0,996,evacuee,,Evacuee;72;in triage state;G;is at the evacuation site
0,999,evacuee,,Evacuee;46;in triage state;G;is at the evacuation site
0,1002,evacuee,,Evacuee;53;in triage state;G;is at the evacuation site
0,1005,evacuee,,Evacuee;220;in triage state;G;is at the evacuation site
0,1008,evacuee,,Evacuee;355;in triage state;G;is at the evacuation site
0,1011,evacuee,,Evacuee;23;in triage state;G;is at the evacuation site
0,1014,evacuee,,Evacuee;200;in triage state;G;is at the evacuation site
0,1017,evacuee,,Evacuee;255;in triage state;G;is at the evacuation site
0,1020,evacuee,,Evacuee;13;in triage state;G;is at the evacuation site
0,1023,evacuee,,Evacuee;24;in triage state;G;is at the evacuation site
0,1026,evacuee,,Evacuee;32;in triage state;G;is at the evacuation site
0,1029,evacuee,,Evacuee;34;in triage state;G;is at the evacuation site
0,1032,evacuee,,Evacuee;64;in triage state;G;is at the evacuation site
0,1035,evacuee,,Evacuee;429;in triage state;G;is at the evacuation site
0,1038,evacuee,,Evacuee;102;in triage state;G;is at the evacuation site
0,1041,evacuee,,Evacuee;160;in triage state;G;is at the evacuation site
0,1044,evacuee,,Evacuee;20;in triage state;G;is at the evacuation site
0,1047,evacuee,,Evacuee;35;in triage state;G;is at the evacuation site
0,1050,evacuee,,Evacuee;155;in triage state;G;is at the evacuation site
0,1053,evacuee,,Evacuee;36;in triage state;G;is at the evacuation site
0,1056,evacuee,,Evacuee;198;in triage state;G;is at the evacuation site
0,1059,evacuee,,Evacuee;84;in triage state;G;is at the evacuation site
0,1062,evacuee,,Evacuee;42;in triage state;G;is at the evacuation site
0,1065,evacuee,,Evacuee;91;in triage state;G;is at the evacuation site
0,1068,evacuee,,Evacuee;43;in triage state;G;is at the evacuation site
0,1071,evacuee,,Evacuee;30;in triage state;G;is at the evacuation site
0,1074,evacuee,,Evacuee;336;in triage state;G;is at the evacuation site
0,1077,evacuee,,Evacuee;307;in triage state;G;is at the evacuation site
0,1080,evacuee,,Evacuee;212;in triage state;G;is at the evacuation site
0,1083,evacuee,,Evacuee;391;in triage state;G;is at the evacuation site
0,1086,evacuee,,Evacuee;388;in triage state;G;is at the evacuation site
0,1089,evacuee,,Evacuee;55;in triage state;G;is at the evacuation site
0,1092,evacuee,,Evacuee;48;in triage state;G;is at the evacuation site
0,1095,evacuee,,Evacuee;144;in triage state;G;is at the evacuation site
0,1098,evacuee,,Evacuee;50;in triage state;G;is at the evacuation site
0,1101,evacuee,,Evacuee;19;in triage state;G;is at the evacuation site
0,1104,evacuee,,Evacuee;182;in triage state;G;is at the evacuation site
0,1107,evacuee,,Evacuee;490;in triage state;Y;is at the evacuation site
0,1110,evacuee,,Evacuee;266;in triage state;G;is at the evacuation site
0,1113,evacuee,,Evacuee;120;in triage state;G;is at the evacuation site
0,1116,evacuee,,Evacuee;94;in triage state;G;is at the evacuation site
0,1119,evacuee,,Evacuee;63;in triage state;G;is at the evacuation site
0,1122,evacuee,,Evacuee;175;in triage state;G;is at the evacuation site
0,1125,evacuee,,Evacuee;47;in triage state;G;is at the evacuation site
0,1128,evacuee,,Evacuee;56;in triage state;G;is at the evacuation site
0,1131,evacuee,,Evacuee;367;in triage state;G;is at the evacuation site
0,1134,evacuee,,Evacuee;364;in triage state;G;is at the evacuation site
0,1137,evacuee,,Evacuee;208;in triage state;G;is at the evacuation site
0,1140,evacuee,,Evacuee;57;in triage state;G;is at the evacuation site
0,1143,evacuee,,Evacuee;231;in triage state;G;is at the evacuation site
0,1146,evacuee,,Evacuee;261;in triage state;G;is at the evacuation site
0,1149,evacuee,,Evacuee;45;in triage state;G;is at the evacuation site
0,1156,evacuee,,Evacuee;263;in triage state;G;is at the evacuation site
0,1159,evacuee,,Evacuee;190;in triage state;G;is at the evacuation site
0,1162,evacuee,,Evacuee;465;in triage state;G;is at the evacuation site
0,1165,evacuee,,Evacuee;60;in triage state;G;is at the evacuation site
0,1168,evacuee,,Evacuee;385;in triage state;G;is at the evacuation site
0,1171,evacuee,,Evacuee;181;in triage state;G;is at the evacuation site
0,1174,evacuee,,Evacuee;416;in triage state;G;is at the evacuation site
0,1177,evacuee,,Evacuee;129;in triage state;G;is at the evacuation site
0,1180,evacuee,,Evacuee;308;in triage state;G;is at the evacuation site
0,1183,evacuee,,Evacuee;131;in triage state;G;is at the evacuation site
0,1186,evacuee,,Evacuee;137;in triage state;G;is at the evacuation site
0,1189,evacuee,,Evacuee;138;in triage state;G;is at the evacuation site
0,1192,evacuee,,Evacuee;265;in triage state;G;is at the evacuation site
0,1195,evacuee,,Evacuee;139;in triage state;G;is at the evacuation site
0,1198,evacuee,,Evacuee;194;in triage state;G;is at the evacuation site
0,1201,evacuee,,Evacuee;140;in triage state;G;is at the evacuation site
0,1204,evacuee,,Evacuee;130;in triage state;G;is at the evacuation site
0,1207,evacuee,,Evacuee;143;in triage state;G;is at the evacuation site
0,1210,evacuee,,Evacuee;149;in triage state;G;is at the evacuation site
0,1213,evacuee,,Evacuee;296;in triage state;G;is at the evacuation site
0,1216,evacuee,,Evacuee;151;in triage state;G;is at the evacuation site
0,1219,evacuee,,Evacuee;222;in triage state;G;is at the evacuation site
0,1222,evacuee,,Evacuee;152;in triage state;G;is at the evacuation site
0,1225,evacuee,,Evacuee;153;in triage state;G;is at the evacuation site
0,1228,evacuee,,Evacuee;67;in triage state;G;is at the evacuation site
0,1231,evacuee,,Evacuee;123;in triage state;G;is at the evacuation site
0,1234,evacuee,,Evacuee;159;in triage state;G;is at the evacuation site
0,1237,evacuee,,Evacuee;161;in triage state;G;is at the evacuation site
0,1240,evacuee,,Evacuee;28;in triage state;G;is at the evacuation site
0,1243,evacuee,,Evacuee;126;in triage state;G;is at the evacuation site
0,1246,evacuee,,Evacuee;234;in triage state;G;is at the evacuation site
0,1249,evacuee,,Evacuee;162;in triage state;G;is at the evacuation site
0,1252,evacuee,,Evacuee;163;in triage state;G;is at the evacuation site
0,1255,evacuee,,Evacuee;166;in triage state;G;is at the evacuation site
0,1258,evacuee,,Evacuee;16;in triage state;G;is at the evacuation site
0,1261,evacuee,,Evacuee;242;in triage state;G;is at the evacuation site
0,1264,evacuee,,Evacuee;178;in triage state;G;is at the evacuation site
0,1267,evacuee,,Evacuee;438;in triage state;G;is at the evacuation site
0,1270,evacuee,,Evacuee;146;in triage state;G;is at the evacuation site
0,1273,evacuee,,Evacuee;167;in triage state;G;is at the evacuation site
0,1276,evacuee,,Evacuee;145;in triage state;G;is at the evacuation site
0,1279,evacuee,,Evacuee;168;in triage state;G;is at the evacuation site
0,1282,evacuee,,Evacuee;176;in triage state;G;is at the evacuation site
0,1285,evacuee,,Evacuee;230;in triage state;G;is at the evacuation site
0,1288,evacuee,,Evacuee;169;in triage state;G;is at the evacuation site
0,1291,evacuee,,Evacuee;170;in triage state;G;is at the evacuation site
0,1294,evacuee,,Evacuee;171;in triage state;G;is at the evacuation site
0,1297,evacuee,,Evacuee;174;in triage state;G;is at the evacuation site
0,1300,evacuee,,Evacuee;177;in triage state;G;is at the evacuation site
0,1303,evacuee,,Evacuee;435;in triage state;G;is at the evacuation site
0,1306,evacuee,,Evacuee;58;in triage state;G;is at the evacuation site
0,1309,evacuee,,Evacuee;203;in triage state;G;is at the evacuation site
0,1312,evacuee,,Evacuee;232;in triage state;G;is at the evacuation site
0,1315,evacuee,,Evacuee;183;in triage state;G;is at the evacuation site
0,1318,evacuee,,Evacuee;184;in triage state;G;is at the evacuation site
0,1321,evacuee,,Evacuee;185;in triage state;G;is at the evacuation site
0,1324,evacuee,,Evacuee;186;in triage state;G;is at the evacuation site
0,1327,evacuee,,Evacuee;417;in triage state;G;is at the evacuation site
0,1330,evacuee,,Evacuee;217;in triage state;G;is at the evacuation site
0,1333,evacuee,,Evacuee;189;in triage state;G;is at the evacuation site
0,1336,evacuee,,Evacuee;253;in triage state;G;is at the evacuation site
0,1339,evacuee,,Evacuee;191;in triage state;G;is at the evacuation site
0,1342,evacuee,,Evacuee;314;in triage state;G;is at the evacuation site
0,1345,evacuee,,Evacuee;249;in triage state;G;is at the evacuation site
0,1348,evacuee,,Evacuee;193;in triage state;G;is at the evacuation site
0,1351,evacuee,,Evacuee;195;in triage state;G;is at the evacuation site
0,1354,evacuee,,Evacuee;399;in triage state;G;is at the evacuation site
0,1357,evacuee,,Evacuee;197;in triage state;G;is at the evacuation site
0,1360,evacuee,,Evacuee;450;in triage state;G;is at the evacuation site
0,1363,evacuee,,Evacuee;252;in triage state;G;is at the evacuation site
0,1366,evacuee,,Evacuee;329;in triage state;G;is at the evacuation site
0,1369,evacuee,,Evacuee;201;in triage state;G;is at the evacuation site
0,1372,evacuee,,Evacuee;11;in triage state;G;is at the evacuation site
0,1375,evacuee,,Evacuee;202;in triage state;G;is at the evacuation site
0,1378,evacuee,,Evacuee;390;in triage state;G;is at the evacuation site
0,1381,evacuee,,Evacuee;204;in triage state;G;is at the evacuation site
0,1384,evacuee,,Evacuee;275;in triage state;G;is at the evacuation site
0,1387,evacuee,,Evacuee;205;in triage state;G;is at the evacuation site
0,1390,evacuee,,Evacuee;323;in triage state;G;is at the evacuation site
0,1393,evacuee,,Evacuee;180;in triage state;G;is at the evacuation site
0,1396,evacuee,,Evacuee;206;in triage state;G;is at the evacuation site
0,1399,evacuee,,Evacuee;69;in triage state;G;is at the evacuation site
0,1402,evacuee,,Evacuee;207;in triage state;G;is at the evacuation site
0,1405,evacuee,,Evacuee;27;in triage state;G;is at the evacuation site
0,1408,evacuee,,Evacuee;211;in triage state;G;is at the evacuation site
0,1411,evacuee,,Evacuee;294;in triage state;G;is at the evacuation site
0,1414,evacuee,,Evacuee;214;in triage state;G;is at the evacuation site
0,1417,evacuee,,Evacuee;12;in triage state;G;is at the evacuation site
0,1420,evacuee,,Evacuee;216;in triage state;G;is at the evacuation site
0,1423,evacuee,,Evacuee;219;in triage state;G;is at the evacuation site
0,1426,evacuee,,Evacuee;221;in triage state;G;is at the evacuation site
0,1429,evacuee,,Evacuee;224;in triage state;G;is at the evacuation site
0,1432,evacuee,,Evacuee;339;in triage state;G;is at the evacuation site
0,1435,evacuee,,Evacuee;225;in triage state;G;is at the evacuation site
0,1438,evacuee,,Evacuee;164;in triage state;G;is at the evacuation site
0,1441,evacuee,,Evacuee;226;in triage state;G;is at the evacuation site
0,1444,evacuee,,Evacuee;464;in triage state;G;is at the evacuation site
0,1447,evacuee,,Evacuee;227;in triage state;G;is at the evacuation site
0,1450,evacuee,,Evacuee;267;in triage state;G;is at the evacuation site
0,1453,evacuee,,Evacuee;73;in triage state;G;is at the evacuation site
0,1456,evacuee,,Evacuee;233;in triage state;G;is at the evacuation site
0,1459,evacuee,,Evacuee;236;in triage state;G;is at the evacuation site
0,1462,evacuee,,Evacuee;7;in triage state;G;is at the evacuation site
0,1465,evacuee,,Evacuee;237;in triage state;G;is at the evacuation site
0,1468,evacuee,,Evacuee;238;in triage state;G;is at the evacuation site
0,1471,evacuee,,Evacuee;113;in triage state;G;is at the evacuation site
0,1474,evacuee,,Evacuee;239;in triage state;G;is at the evacuation site
0,1477,evacuee,,Evacuee;243;in triage state;G;is at the evacuation site
0,1480,evacuee,,Evacuee;96;in triage state;G;is at the evacuation site
0,1483,evacuee,,Evacuee;244;in triage state;G;is at the evacuation site
0,1486,evacuee,,Evacuee;247;in triage state;G;is at the evacuation site
0,1489,evacuee,,Evacuee;59;in triage state;G;is at the evacuation site
0,1492,evacuee,,Evacuee;248;in triage state;G;is at the evacuation site
0,1495,evacuee,,Evacuee;467;in triage state;G;is at the evacuation site
0,1498,evacuee,,Evacuee;298;in triage state;G;is at the evacuation site
0,1501,evacuee,,Evacuee;254;in triage state;G;is at the evacuation site
0,1504,evacuee,,Evacuee;257;in triage state;G;is at the evacuation site
0,1507,evacuee,,Evacuee;210;in triage state;G;is at the evacuation site
0,1510,evacuee,,Evacuee;258;in triage state;G;is at the evacuation site
0,5,helicopterQueue,,;No helos are waiting to land
3.65915,3,evacueeManager,,OFF SHIP: White;0;Green;475;Yellow;20;Red;4;Black;1;ON SHIP: White;0;Green;0;Yellow;0;Red;0;Evacuees to Transfer;
3.65915,11,evacuee,outES,Evacuee 500 in triage category R is not assigned a helicopter
3.65915,11,evacuee,,Evacuee;500;in triage state;B;is at the evacuation site
21.4522,3,evacueeManager,,OFF SHIP: White;0;Green;475;Yellow;20;Red;3;Black;2;ON SHIP: White;0;Green;0;Yellow;0;Red;0;Evacuees to Transfer;
21.4522,279,evacuee,outES,Evacuee 503 in triage category R is not assigned a helicopter
21.4522,279,evacuee,,Evacuee;503;in triage state;B;is at the evacuation site
22.1408,3,evacueeManager,,OFF SHIP: White;0;Green;474;Yellow;21;Red;3;Black;2;ON SHIP: White;0;Green;0;Yellow;0;Red;0;Evacuees to Transfer;
22.1408,459,evacuee,outES,Evacuee 88 in triage category G is not assigned a helicopter
22.1408,459,evacuee,,Evacuee;88;in triage state;Y;is at the evacuation site
27.4643,3,evacueeManager,,OFF SHIP: White;0;Green;473;Yellow;22;Red;3;Black;2;ON SHIP: White;0;Green;0;Yellow;0;Red;0;Evacuees to Transfer;
27.4643,780,evacuee,outES,Evacuee 141 in triage category G is not assigned a helicopter
27.4643,780,evacuee,,Evacuee;141;in triage state;Y;is at the evacuation site
27.7415,3,evacueeManager,,OFF SHIP: White;0;Green;472;Yellow;23;Red;3;Black;2;ON SHIP: White;0;Green;0;Yellow;0;Red;0;Evacuees to Transfer;
27.7415,330,evacuee,outES,Evacuee 313 in triage category G is not assigned a helicopter
27.7415,330,evacuee,,Evacuee;313;in triage state;Y;is at the evacuation site
36.6919,3,evacueeManager,,OFF SHIP: White;0;Green;471;Yellow;24;Red;3;Black;2;ON SHIP: White;0;Green;0;Yellow;0;Red;0;Evacuees to Transfer;
36.6919,74,evacuee,outES,Evacuee 458 in triage category G is not assigned a helicopter
36.6919,74,evacuee,,Evacuee;458;in triage state;Y;is at the evacuation site
40.2585,3,evacueeManager,,OFF SHIP: White;0;Green;470;Yellow;25;Red;3;Black;2;ON SHIP: White;0;Green;0;Yellow;0;Red;0;Evacuees to Transfer;
40.2585,1156,evacuee,outES,Evacuee 263 in triage category G is not assigned a helicopter
40.2585,1156,evacuee,,Evacuee;263;in triage state;Y;is at the evacuation site
42.3776,3,evacueeManager,,OFF SHIP: White;0;Green;469;Yellow;26;Red;3;Black;2;ON SHIP: White;0;Green;0;Yellow;0;Red;0;Evacuees to Transfer;
42.3776,900,evacuee,outES,Evacuee 6 in triage category G is not assigned a helicopter
42.3776,900,evacuee,,Evacuee;6;in triage state;Y;is at the evacuation site
44.3871,3,evacueeManager,,OFF SHIP: White;0;Green;468;Yellow;27;Red;3;Black;2;ON SHIP: White;0;Green;0;Yellow;0;Red;0;Evacuees to Transfer;
44.3871,1342,evacuee,outES,Evacuee 314 in triage category G is not assigned a helicopter
44.3871,1342,evacuee,,Evacuee;314;in triage state;Y;is at the evacuation site
44.4076,3,evacueeManager,,OFF SHIP: White;0;Green;468;Yellow;26;Red;4;Black;2;ON SHIP: White;0;Green;0;Yellow;0;Red;0;Evacuees to Transfer;
44.4076,14,evacuee,outES,Evacuee 494 in triage category Y is not assigned a helicopter
44.4076,14,evacuee,,Evacuee;494;in triage state;R;is at the evacuation site
46.7519,3,evacueeManager,,OFF SHIP: White;0;Green;468;Yellow;25;Red;5;Black;2;ON SHIP: White;0;Green;0;Yellow;0;Red;0;Evacuees to Transfer;
46.7519,330,evacuee,outES,Evacuee 313 in triage category Y is not assigned a helicopter
46.7519,330,evacuee,,Evacuee;313;in triage state;R;is at the evacuation site
47.8503,3,evacueeManager,,OFF SHIP: White;0;Green;468;Yellow;25;Red;4;Black;3;ON SHIP: White;0;Green;0;Yellow;0;Red;0;Evacuees to Transfer;
47.8503,35,evacuee,outES,Evacuee 499 in triage category R is not assigned a helicopter
47.8503,35,evacuee,,Evacuee;499;in triage state;B;is at the evacuation site
51.9749,3,evacueeManager,,OFF SHIP: White;0;Green;468;Yellow;24;Red;5;Black;3;ON SHIP: White;0;Green;0;Yellow;0;Red;0;Evacuees to Transfer;
51.9749,786,evacuee,outES,Evacuee 493 in triage category Y is not assigned a helicopter
51.9749,786,evacuee,,Evacuee;493;in triage state;R;is at the evacuation site
61.353,3,evacueeManager,,OFF SHIP: White;0;Green;467;Yellow;25;Red;5;Black;3;ON SHIP: White;0;Green;0;Yellow;0;Red;0;Evacuees to Transfer;
61.353,966,evacuee,outES,Evacuee 116 in triage category G is not assigned a helicopter
61.353,966,evacuee,,Evacuee;116;in triage state;Y;is at the evacuation site
68.3809,3,evacueeManager,,OFF SHIP: White;0;Green;466;Yellow;26;Red;5;Black;3;ON SHIP: White;0;Green;0;Yellow;0;Red;0;Evacuees to Transfer;
68.3809,267,evacuee,outES,Evacuee 340 in triage category G is not assigned a helicopter
68.3809,267,evacuee,,Evacuee;340;in triage state;Y;is at the evacuation site
69.1694,3,evacueeManager,,OFF SHIP: White;0;Green;465;Yellow;27;Red;5;Black;3;ON SHIP: White;0;Green;0;Yellow;0;Red;0;Evacuees to Transfer;
69.1694,588,evacuee,outES,Evacuee 324 in triage category G is not assigned a helicopter
69.1694,588,evacuee,,Evacuee;324;in triage state;Y;is at the evacuation site
69.3576,3,evacueeManager,,OFF SHIP: White;0;Green;465;Yellow;26;Red;6;Black;3;ON SHIP: White;0;Green;0;Yellow;0;Red;0;Evacuees to Transfer;
69.3576,17,evacuee,outES,Evacuee 492 in triage category Y is not assigned a helicopter
69.3576,17,evacuee,,Evacuee;492;in triage state;R;is at the evacuation site
74.9195,3,evacueeManager,,OFF SHIP: White;0;Green;464;Yellow;27;Red;6;Black;3;ON SHIP: White;0;Green;0;Yellow;0;Red;0;Evacuees to Transfer;
74.9195,1399,evacuee,outES,Evacuee 69 in triage category G is not assigned a helicopter
74.9195,1399,evacuee,,Evacuee;69;in triage state;Y;is at the evacuation site
82.7729,3,evacueeManager,,OFF SHIP: White;0;Green;463;Yellow;28;Red;6;Black;3;ON SHIP: White;0;Green;0;Yellow;0;Red;0;Evacuees to Transfer;
82.7729,1032,evacuee,outES,Evacuee 64 in triage category G is not assigned a helicopter
82.7729,1032,evacuee,,Evacuee;64;in triage state;Y;is at the evacuation site
83.555,3,evacueeManager,,OFF SHIP: White;0;Green;463;Yellow;28;Red;5;Black;4;ON SHIP: White;0;Green;0;Yellow;0;Red;0;Evacuees to Transfer;
83.555,498,evacuee,outES,Evacuee 502 in triage category R is not assigned a helicopter
83.555,498,evacuee,,Evacuee;502;in triage state;B;is at the evacuation site
85.4876,3,evacueeManager,,OFF SHIP: White;0;Green;463;Yellow;28;Red;4;Black;5;ON SHIP: White;0;Green;0;Yellow;0;Red;0;Evacuees to Transfer;
85.4876,330,evacuee,outES,Evacuee 313 in triage category R is not assigned a helicopter
85.4876,330,evacuee,,Evacuee;313;in triage state;B;is at the evacuation site
85.5465,3,evacueeManager,,OFF SHIP: White;0;Green;462;Yellow;29;Red;4;Black;5;ON SHIP: White;0;Green;0;Yellow;0;Red;0;Evacuees to Transfer;
85.5465,846,evacuee,outES,Evacuee 240 in triage category G is not assigned a helicopter
85.5465,846,evacuee,,Evacuee;240;in triage state;Y;is at the evacuation site
91.7832,3,evacueeManager,,OFF SHIP: White;0;Green;461;Yellow;30;Red;4;Black;5;ON SHIP: White;0;Green;0;Yellow;0;Red;0;Evacuees to Transfer;
91.7832,1465,evacuee,outES,Evacuee 237 in triage category G is not assigned a helicopter
91.7832,1465,evacuee,,Evacuee;237;in triage state;Y;is at the evacuation site
94.2802,3,evacueeManager,,OFF SHIP: White;0;Green;461;Yellow;29;Red;5;Black;5;ON SHIP: White;0;Green;0;Yellow;0;Red;0;Evacuees to Transfer;
94.2802,726,evacuee,outES,Evacuee 481 in triage category Y is not assigned a helicopter
94.2802,726,evacuee,,Evacuee;481;in triage state;R;is at the evacuation site
94.9624,3,evacueeManager,,OFF SHIP: White;0;Green;460;Yellow;30;Red;5;Black;5;ON SHIP: White;0;Green;0;Yellow;0;Red;0;Evacuees to Transfer;
94.9624,140,evacuee,outES,Evacuee 406 in triage category G is not assigned a helicopter
94.9624,140,evacuee,,Evacuee;406;in triage state;Y;is at the evacuation site
96.3835,3,evacueeManager,,OFF SHIP: White;0;Green;459;Yellow;31;Red;5;Black;5;ON SHIP: White;0;Green;0;Yellow;0;Red;0;Evacuees to Transfer;
96.3835,525,evacuee,outES,Evacuee 109 in triage category G is not assigned a helicopter
96.3835,525,evacuee,,Evacuee;109;in triage state;Y;is at the evacuation site
96.5939,3,evacueeManager,,OFF SHIP: White;0;Green;459;Yellow;30;Red;6;Black;5;ON SHIP: White;0;Green;0;Yellow;0;Red;0;Evacuees to Transfer;
96.5939,20,evacuee,outES,Evacuee 489 in triage category Y is not assigned a helicopter
96.5939,20,evacuee,,Evacuee;489;in triage state;R;is at the evacuation site
102.163,3,evacueeManager,,OFF SHIP: White;0;Green;459;Yellow;30;Red;5;Black;6;ON SHIP: White;0;Green;0;Yellow;0;Red;0;Evacuees to Transfer;
102.163,20,evacuee,outES,Evacuee 489 in triage category R is not assigned a helicopter
102.163,20,evacuee,,Evacuee;489;in triage state;B;is at the evacuation site
102.928,3,evacueeManager,,OFF SHIP: White;0;Green;458;Yellow;31;Red;5;Black;6;ON SHIP: White;0;Green;0;Yellow;0;Red;0;Evacuees to Transfer;
102.928,717,evacuee,outES,Evacuee 15 in triage category G is not assigned a helicopter
102.928,717,evacuee,,Evacuee;15;in triage state;Y;is at the evacuation site
105.066,3,evacueeManager,,OFF SHIP: White;0;Green;458;Yellow;31;Red;4;Black;7;ON SHIP: White;0;Green;0;Yellow;0;Red;0;Evacuees to Transfer;
105.066,726,evacuee,outES,Evacuee 481 in triage category R is not assigned a helicopter
105.066,726,evacuee,,Evacuee;481;in triage state;B;is at the evacuation site
106.692,3,evacueeManager,,OFF SHIP: White;0;Green;457;Yellow;32;Red;4;Black;7;ON SHIP: White;0;Green;0;Yellow;0;Red;0;Evacuees to Transfer;
106.692,1089,evacuee,outES,Evacuee 55 in triage category G is not assigned a helicopter
106.692,1089,evacuee,,Evacuee;55;in triage state;Y;is at the evacuation site
114.289,3,evacueeManager,,OFF SHIP: White;0;Green;456;Yellow;33;Red;4;Black;7;ON SHIP: White;0;Green;0;Yellow;0;Red;0;Evacuees to Transfer;
114.289,203,evacuee,outES,Evacuee 378 in triage category G is not assigned a helicopter
114.289,203,evacuee,,Evacuee;378;in triage state;Y;is at the evacuation site
115.704,3,evacueeManager,,OFF SHIP: White;0;Green;456;Yellow;32;Red;5;Black;7;ON SHIP: White;0;Green;0;Yellow;0;Red;0;Evacuees to Transfer;
115.704,966,evacuee,outES,Evacuee 116 in triage category Y is not assigned a helicopter
115.704,966,evacuee,,Evacuee;116;in triage state;R;is at the evacuation site
116.177,3,evacueeManager,,OFF SHIP: White;0;Green;455;Yellow;33;Red;5;Black;7;ON SHIP: White;0;Green;0;Yellow;0;Red;0;Evacuees to Transfer;
116.177,396,evacuee,outES,Evacuee 282 in triage category G is not assigned a helicopter
116.177,396,evacuee,,Evacuee;282;in triage state;Y;is at the evacuation site
118.38,3,evacueeManager,,OFF SHIP: White;0;Green;455;Yellow;32;Red;6;Black;7;ON SHIP: White;0;Green;0;Yellow;0;Red;0;Evacuees to Transfer;
118.38,267,evacuee,outES,Evacuee 340 in triage category Y is not assigned a helicopter
118.38,267,evacuee,,Evacuee;340;in triage state;R;is at the evacuation site
122.78,3,evacueeManager,,OFF SHIP: White;0;Green;455;Yellow;31;Red;7;Black;7;ON SHIP: White;0;Green;0;Yellow;0;Red;0;Evacuees to Transfer;
122.78,1032,evacuee,outES,Evacuee 64 in triage category Y is not assigned a helicopter
122.78,1032,evacuee,,Evacuee;64;in triage state;R;is at the evacuation site
124.008,3,evacueeManager,,OFF SHIP: White;0;Green;455;Yellow;30;Red;8;Black;7;ON SHIP: White;0;Green;0;Yellow;0;Red;0;Evacuees to Transfer;
124.008,23,evacuee,outES,Evacuee 486 in triage category Y is not assigned a helicopter
124.008,23,evacuee,,Evacuee;486;in triage state;R;is at the evacuation site
124.039,3,evacueeManager,,OFF SHIP: White;0;Green;455;Yellow;29;Red;9;Black;7;ON SHIP: White;0;Green;0;Yellow;0;Red;0;Evacuees to Transfer;
124.039,1156,evacuee,outES,Evacuee 263 in triage category Y is not assigned a helicopter
124.039,1156,evacuee,,Evacuee;263;in triage state;R;is at the evacuation site
132.824,3,evacueeManager,,OFF SHIP: White;0;Green;454;Yellow;30;Red;9;Black;7;ON SHIP: White;0;Green;0;Yellow;0;Red;0;Evacuees to Transfer;
132.824,654,evacuee,outES,Evacuee 78 in triage category G is not assigned a helicopter
132.824,654,evacuee,,Evacuee;78;in triage state;Y;is at the evacuation site
134.43,3,evacueeManager,,OFF SHIP: White;0;Green;454;Yellow;30;Red;8;Black;8;ON SHIP: White;0;Green;0;Yellow;0;Red;0;Evacuees to Transfer;
134.43,23,evacuee,outES,Evacuee 486 in triage category R is not assigned a helicopter
134.43,23,evacuee,,Evacuee;486;in triage state;B;is at the evacuation site
134.437,3,evacueeManager,,OFF SHIP: White;0;Green;453;Yellow;31;Red;8;Black;8;ON SHIP: White;0;Green;0;Yellow;0;Red;0;Evacuees to Transfer;
134.437,1279,evacuee,outES,Evacuee 168 in triage category G is not assigned a helicopter
134.437,1279,evacuee,,Evacuee;168;in triage state;Y;is at the evacuation site
155.673,3,evacueeManager,,OFF SHIP: White;0;Green;453;Yellow;30;Red;9;Black;8;ON SHIP: White;0;Green;0;Yellow;0;Red;0;Evacuees to Transfer;
155.673,26,evacuee,outES,Evacuee 484 in triage category Y is not assigned a helicopter
155.673,26,evacuee,,Evacuee;484;in triage state;R;is at the evacuation site
156.198,3,evacueeManager,,OFF SHIP: White;0;Green;453;Yellow;30;Red;8;Black;9;ON SHIP: White;0;Green;0;Yellow;0;Red;0;Evacuees to Transfer;
156.198,17,evacuee,outES,Evacuee 492 in triage category R is not assigned a helicopter
156.198,17,evacuee,,Evacuee;492;in triage state;B;is at the evacuation site
165.381,3,evacueeManager,,OFF SHIP: White;0;Green;453;Yellow;30;Red;7;Black;10;ON SHIP: White;0;Green;0;Yellow;0;Red;0;Evacuees to Transfer;
165.381,26,evacuee,outES,Evacuee 484 in triage category R is not assigned a helicopter
165.381,26,evacuee,,Evacuee;484;in triage state;B;is at the evacuation site
166.527,3,evacueeManager,,OFF SHIP: White;0;Green;452;Yellow;31;Red;7;Black;10;ON SHIP: White;0;Green;0;Yellow;0;Red;0;Evacuees to Transfer;
166.527,462,evacuee,outES,Evacuee 449 in triage category G is not assigned a helicopter
166.527,462,evacuee,,Evacuee;449;in triage state;Y;is at the evacuation site
167.342,3,evacueeManager,,OFF SHIP: White;0;Green;451;Yellow;32;Red;7;Black;10;ON SHIP: White;0;Green;0;Yellow;0;Red;0;Evacuees to Transfer;
167.342,783,evacuee,outES,Evacuee 133 in triage category G is not assigned a helicopter
167.342,783,evacuee,,Evacuee;133;in triage state;Y;is at the evacuation site
170.023,3,evacueeManager,,OFF SHIP: White;0;Green;450;Yellow;33;Red;7;Black;10;ON SHIP: White;0;Green;0;Yellow;0;Red;0;Evacuees to Transfer;
170.023,333,evacuee,outES,Evacuee 443 in triage category G is not assigned a helicopter
170.023,333,evacuee,,Evacuee;443;in triage state;Y;is at the evacuation site
173.117,3,evacueeManager,,OFF SHIP: White;0;Green;449;Yellow;34;Red;7;Black;10;ON SHIP: White;0;Green;0;Yellow;0;Red;0;Evacuees to Transfer;
173.117,1345,evacuee,outES,Evacuee 249 in triage category G is not assigned a helicopter
173.117,1345,evacuee,,Evacuee;249;in triage state;Y;is at the evacuation site
175.979,3,evacueeManager,,OFF SHIP: White;0;Green;448;Yellow;35;Red;7;Black;10;ON SHIP: White;0;Green;0;Yellow;0;Red;0;Evacuees to Transfer;
175.979,1159,evacuee,outES,Evacuee 190 in triage category G is not assigned a helicopter
175.979,1159,evacuee,,Evacuee;190;in triage state;Y;is at the evacuation site
177.03,3,evacueeManager,,OFF SHIP: White;0;Green;447;Yellow;36;Red;7;Black;10;ON SHIP: White;0;Green;0;Yellow;0;Red;0;Evacuees to Transfer;
177.03,77,evacuee,outES,Evacuee 456 in triage category G is not assigned a helicopter
177.03,77,evacuee,,Evacuee;456;in triage state;Y;is at the evacuation site
177.225,3,evacueeManager,,OFF SHIP: White;0;Green;447;Yellow;35;Red;8;Black;10;ON SHIP: White;0;Green;0;Yellow;0;Red;0;Evacuees to Transfer;
177.225,1107,evacuee,outES,Evacuee 490 in triage category Y is not assigned a helicopter
177.225,1107,evacuee,,Evacuee;490;in triage state;R;is at the evacuation site
178.2,3,evacueeManager,,OFF SHIP: White;0;Green;446;Yellow;36;Red;8;Black;10;ON SHIP: White;0;Green;0;Yellow;0;Red;0;Evacuees to Transfer;
178.2,903,evacuee,outES,Evacuee 173 in triage category G is not assigned a helicopter
178.2,903,evacuee,,Evacuee;173;in triage state;Y;is at the evacuation site
181.171,3,evacueeManager,,OFF SHIP: White;0;Green;446;Yellow;36;Red;7;Black;11;ON SHIP: White;0;Green;0;Yellow;0;Red;0;Evacuees to Transfer;
181.171,1107,evacuee,outES,Evacuee 490 in triage category R is not assigned a helicopter
181.171,1107,evacuee,,Evacuee;490;in triage state;B;is at the evacuation site
186.796,3,evacueeManager,,OFF SHIP: White;0;Green;446;Yellow;35;Red;8;Black;11;ON SHIP: White;0;Green;0;Yellow;0;Red;0;Evacuees to Transfer;
186.796,29,evacuee,outES,Evacuee 483 in triage category Y is not assigned a helicopter
186.796,29,evacuee,,Evacuee;483;in triage state;R;is at the evacuation site
192.688,3,evacueeManager,,OFF SHIP: White;0;Green;446;Yellow;35;Red;7;Black;12;ON SHIP: White;0;Green;0;Yellow;0;Red;0;Evacuees to Transfer;
192.688,1032,evacuee,outES,Evacuee 64 in triage category R is not assigned a helicopter
192.688,1032,evacuee,,Evacuee;64;in triage state;B;is at the evacuation site
194.773,3,evacueeManager,,OFF SHIP: White;0;Green;446;Yellow;35;Red;6;Black;13;ON SHIP: White;0;Green;0;Yellow;0;Red;0;Evacuees to Transfer;
194.773,267,evacuee,outES,Evacuee 340 in triage category R is not assigned a helicopter
194.773,267,evacuee,,Evacuee;340;in triage state;B;is at the evacuation site
202.928,3,evacueeManager,,OFF SHIP: White;0;Green;445;Yellow;36;Red;6;Black;13;ON SHIP: White;0;Green;0;Yellow;0;Red;0;Evacuees to Transfer;
202.928,969,evacuee,outES,Evacuee 61 in triage category G is not assigned a helicopter
202.928,969,evacuee,,Evacuee;61;in triage state;Y;is at the evacuation site
210.311,3,evacueeManager,,OFF SHIP: White;0;Green;444;Yellow;37;Red;6;Black;13;ON SHIP: White;0;Green;0;Yellow;0;Red;0;Evacuees to Transfer;
210.311,270,evacuee,outES,Evacuee 338 in triage category G is not assigned a helicopter
210.311,270,evacuee,,Evacuee;338;in triage state;Y;is at the evacuation site
211.139,3,evacueeManager,,OFF SHIP: White;0;Green;443;Yellow;38;Red;6;Black;13;ON SHIP: White;0;Green;0;Yellow;0;Red;0;Evacuees to Transfer;
211.139,591,evacuee,outES,Evacuee 95 in triage category G is not assigned a helicopter
211.139,591,evacuee,,Evacuee;95;in triage state;Y;is at the evacuation site
212.69,3,evacueeManager,,OFF SHIP: White;0;Green;443;Yellow;37;Red;7;Black;13;ON SHIP: White;0;Green;0;Yellow;0;Red;0;Evacuees to Transfer;
212.69,140,evacuee,outES,Evacuee 406 in triage category Y is not assigned a helicopter
212.69,140,evacuee,,Evacuee;406;in triage state;R;is at the evacuation site
218.891,3,evacueeManager,,OFF SHIP: White;0;Green;443;Yellow;36;Red;8;Black;13;ON SHIP: White;0;Green;0;Yellow;0;Red;0;Evacuees to Transfer;
218.891,32,evacuee,outES,Evacuee 482 in triage category Y is not assigned a helicopter
218.891,32,evacuee,,Evacuee;482;in triage state;R;is at the evacuation site
219.611,3,evacueeManager,,OFF SHIP: White;0;Green;442;Yellow;37;Red;8;Black;13;ON SHIP: White;0;Green;0;Yellow;0;Red;0;Evacuees to Transfer;
219.611,1402,evacuee,outES,Evacuee 207 in triage category G is not assigned a helicopter
219.611,1402,evacuee,,Evacuee;207;in triage state;Y;is at the evacuation site
222.995,3,evacueeManager,,OFF SHIP: White;0;Green;441;Yellow;38;Red;8;Black;13;ON SHIP: White;0;Green;0;Yellow;0;Red;0;Evacuees to Transfer;
222.995,1035,evacuee,outES,Evacuee 429 in triage category G is not assigned a helicopter
222.995,1035,evacuee,,Evacuee;429;in triage state;Y;is at the evacuation site
228.499,3,evacueeManager,,OFF SHIP: White;0;Green;441;Yellow;37;Red;9;Black;13;ON SHIP: White;0;Green;0;Yellow;0;Red;0;Evacuees to Transfer;
228.499,1465,evacuee,outES,Evacuee 237 in triage category Y is not assigned a helicopter
228.499,1465,evacuee,,Evacuee;237;in triage state;R;is at the evacuation site
230.787,3,evacueeManager,,OFF SHIP: White;0;Green;440;Yellow;38;Red;9;Black;13;ON SHIP: White;0;Green;0;Yellow;0;Red;0;Evacuees to Transfer;
230.787,849,evacuee,outES,Evacuee 8 in triage category G is not assigned a helicopter
230.787,849,evacuee,,Evacuee;8;in triage state;Y;is at the evacuation site
234.258,3,evacueeManager,,OFF SHIP: White;0;Green;440;Yellow;38;Red;8;Black;14;ON SHIP: White;0;Green;0;Yellow;0;Red;0;Evacuees to Transfer;
234.258,966,evacuee,outES,Evacuee 116 in triage category R is not assigned a helicopter
234.258,966,evacuee,,Evacuee;116;in triage state;B;is at the evacuation site
234.9,3,evacueeManager,,OFF SHIP: White;0;Green;439;Yellow;39;Red;8;Black;14;ON SHIP: White;0;Green;0;Yellow;0;Red;0;Evacuees to Transfer;
234.9,1468,evacuee,outES,Evacuee 238 in triage category G is not assigned a helicopter
234.9,1468,evacuee,,Evacuee;238;in triage state;Y;is at the evacuation site
238.302,3,evacueeManager,,OFF SHIP: White;0;Green;438;Yellow;40;Red;8;Black;14;ON SHIP: White;0;Green;0;Yellow;0;Red;0;Evacuees to Transfer;
238.302,1092,evacuee,outES,Evacuee 48 in triage category G is not assigned a helicopter
238.302,1092,evacuee,,Evacuee;48;in triage state;Y;is at the evacuation site
240.691,3,evacueeManager,,OFF SHIP: White;0;Green;437;Yellow;41;Red;8;Black;14;ON SHIP: White;0;Green;0;Yellow;0;Red;0;Evacuees to Transfer;
240.691,143,evacuee,outES,Evacuee 404 in triage category G is not assigned a helicopter
240.691,143,evacuee,,Evacuee;404;in triage state;Y;is at the evacuation site
241.521,3,evacueeManager,,OFF SHIP: White;0;Green;437;Yellow;41;Red;7;Black;15;ON SHIP: White;0;Green;0;Yellow;0;Red;0;Evacuees to Transfer;
241.521,32,evacuee,outES,Evacuee 482 in triage category R is not assigned a helicopter
241.521,32,evacuee,,Evacuee;482;in triage state;B;is at the evacuation site
242.143,3,evacueeManager,,OFF SHIP: White;0;Green;437;Yellow;41;Red;6;Black;16;ON SHIP: White;0;Green;0;Yellow;0;Red;0;Evacuees to Transfer;
242.143,14,evacuee,outES,Evacuee 494 in triage category R is not assigned a helicopter
242.143,14,evacuee,,Evacuee;494;in triage state;B;is at the evacuation site
242.938,3,evacueeManager,,OFF SHIP: White;0;Green;437;Yellow;41;Red;5;Black;17;ON SHIP: White;0;Green;0;Yellow;0;Red;0;Evacuees to Transfer;
242.938,786,evacuee,outES,Evacuee 493 in triage category R is not assigned a helicopter
242.938,786,evacuee,,Evacuee;493;in triage state;B;is at the evacuation site
243.301,3,evacueeManager,,OFF SHIP: White;0;Green;437;Yellow;40;Red;6;Black;17;ON SHIP: White;0;Green;0;Yellow;0;Red;0;Evacuees to Transfer;
243.301,780,evacuee,outES,Evacuee 141 in triage category Y is not assigned a helicopter
243.301,780,evacuee,,Evacuee;141;in triage state;R;is at the evacuation site
244.386,3,evacueeManager,,OFF SHIP: White;0;Green;437;Yellow;40;Red;5;Black;18;ON SHIP: White;0;Green;0;Yellow;0;Red;0;Evacuees to Transfer;
244.386,29,evacuee,outES,Evacuee 483 in triage category R is not assigned a helicopter
244.386,29,evacuee,,Evacuee;483;in triage state;B;is at the evacuation site
244.638,3,evacueeManager,,OFF SHIP: White;0;Green;436;Yellow;41;Red;5;Black;18;ON SHIP: White;0;Green;0;Yellow;0;Red;0;Evacuees to Transfer;
244.638,528,evacuee,outES,Evacuee 373 in triage category G is not assigned a helicopter
244.638,528,evacuee,,Evacuee;373;in triage state;Y;is at the evacuation site
245.64,3,evacueeManager,,OFF SHIP: White;0;Green;436;Yellow;41;Red;4;Black;19;ON SHIP: White;0;Green;0;Yellow;0;Red;0;Evacuees to Transfer;
245.64,1156,evacuee,outES,Evacuee 263 in triage category R is not assigned a helicopter
245.64,1156,evacuee,,Evacuee;263;in triage state;B;is at the evacuation site
246.318,3,evacueeManager,,OFF SHIP: White;0;Green;436;Yellow;40;Red;5;Black;19;ON SHIP: White;0;Green;0;Yellow;0;Red;0;Evacuees to Transfer;
246.318,717,evacuee,outES,Evacuee 15 in triage category Y is not assigned a helicopter
246.318,717,evacuee,,Evacuee;15;in triage state;R;is at the evacuation site
253.63,3,evacueeManager,,OFF SHIP: White;0;Green;435;Yellow;41;Red;5;Black;19;ON SHIP: White;0;Green;0;Yellow;0;Red;0;Evacuees to Transfer;
253.63,206,evacuee,outES,Evacuee 377 in triage category G is not assigned a helicopter
253.63,206,evacuee,,Evacuee;377;in triage state;Y;is at the evacuation site
253.99,3,evacueeManager,,OFF SHIP: White;0;Green;434;Yellow;42;Red;5;Black;19;ON SHIP: White;0;Green;0;Yellow;0;Red;0;Evacuees to Transfer;
253.99,720,evacuee,outES,Evacuee 474 in triage category G is not assigned a helicopter
253.99,720,evacuee,,Evacuee;474;in triage state;Y;is at the evacuation site
254.053,3,evacueeManager,,OFF SHIP: White;0;Green;434;Yellow;42;Red;4;Black;20;ON SHIP: White;0;Green;0;Yellow;0;Red;0;Evacuees to Transfer;
254.053,780,evacuee,outES,Evacuee 141 in triage category R is not assigned a helicopter
254.053,780,evacuee,,Evacuee;141;in triage state;B;is at the evacuation site
260.542,3,evacueeManager,,OFF SHIP: White;0;Green;433;Yellow;43;Red;4;Black;20;ON SHIP: White;0;Green;0;Yellow;0;Red;0;Evacuees to Transfer;
260.542,399,evacuee,outES,Evacuee 281 in triage category G is not assigned a helicopter
260.542,399,evacuee,,Evacuee;281;in triage state;Y;is at the evacuation site
263.87,3,evacueeManager,,OFF SHIP: White;0;Green;433;Yellow;43;Red;3;Black;21;ON SHIP: White;0;Green;0;Yellow;0;Red;0;Evacuees to Transfer;
263.87,1465,evacuee,outES,Evacuee 237 in triage category R is not assigned a helicopter
263.87,1465,evacuee,,Evacuee;237;in triage state;B;is at the evacuation site
266.65,3,evacueeManager,,OFF SHIP: White;0;Green;433;Yellow;43;Red;2;Black;22;ON SHIP: White;0;Green;0;Yellow;0;Red;0;Evacuees to Transfer;
266.65,140,evacuee,outES,Evacuee 406 in triage category R is not assigned a helicopter
266.65,140,evacuee,,Evacuee;406;in triage state;B;is at the evacuation site
270.061,3,evacueeManager,,OFF SHIP: White;0;Green;433;Yellow;42;Red;3;Black;22;ON SHIP: White;0;Green;0;Yellow;0;Red;0;Evacuees to Transfer;
270.061,1402,evacuee,outES,Evacuee 207 in triage category Y is not assigned a helicopter
270.061,1402,evacuee,,Evacuee;207;in triage state;R;is at the evacuation site
274.781,3,evacueeManager,,OFF SHIP: White;0;Green;432;Yellow;43;Red;3;Black;22;ON SHIP: White;0;Green;0;Yellow;0;Red;0;Evacuees to Transfer;
274.781,1282,evacuee,outES,Evacuee 176 in triage category G is not assigned a helicopter
274.781,1282,evacuee,,Evacuee;176;in triage state;Y;is at the evacuation site
275.567,3,evacueeManager,,OFF SHIP: White;0;Green;431;Yellow;44;Red;3;Black;22;ON SHIP: White;0;Green;0;Yellow;0;Red;0;Evacuees to Transfer;
275.567,657,evacuee,outES,Evacuee 213 in triage category G is not assigned a helicopter
275.567,657,evacuee,,Evacuee;213;in triage state;Y;is at the evacuation site
278.303,3,evacueeManager,,OFF SHIP: White;0;Green;431;Yellow;43;Red;4;Black;22;ON SHIP: White;0;Green;0;Yellow;0;Red;0;Evacuees to Transfer;
278.303,333,evacuee,outES,Evacuee 443 in triage category Y is not assigned a helicopter
278.303,333,evacuee,,Evacuee;443;in triage state;R;is at the evacuation site
279.734,3,evacueeManager,,OFF SHIP: White;0;Green;431;Yellow;43;Red;3;Black;23;ON SHIP: White;0;Green;0;Yellow;0;Red;0;Evacuees to Transfer;
279.734,8,evacuee,outES,Evacuee 501 in triage category R is not assigned a helicopter
279.734,8,evacuee,,Evacuee;501;in triage state;B;is at the evacuation site
290.438,3,evacueeManager,,OFF SHIP: White;0;Green;431;Yellow;42;Red;4;Black;23;ON SHIP: White;0;Green;0;Yellow;0;Red;0;Evacuees to Transfer;
290.438,591,evacuee,outES,Evacuee 95 in triage category Y is not assigned a helicopter
290.438,591,evacuee,,Evacuee;95;in triage state;R;is at the evacuation site
293.791,3,evacueeManager,,OFF SHIP: White;0;Green;431;Yellow;41;Red;5;Black;23;ON SHIP: White;0;Green;0;Yellow;0;Red;0;Evacuees to Transfer;
293.791,38,evacuee,outES,Evacuee 479 in triage category Y is not assigned a helicopter
293.791,38,evacuee,,Evacuee;479;in triage state;R;is at the evacuation site
302.627,3,evacueeManager,,OFF SHIP: White;0;Green;431;Yellow;40;Red;6;Black;23;ON SHIP: White;0;Green;0;Yellow;0;Red;0;Evacuees to Transfer;
302.627,206,evacuee,outES,Evacuee 377 in triage category Y is not assigned a helicopter
302.627,206,evacuee,,Evacuee;377;in triage state;R;is at the evacuation site
304.568,3,evacueeManager,,OFF SHIP: White;0;Green;431;Yellow;40;Red;5;Black;24;ON SHIP: White;0;Green;0;Yellow;0;Red;0;Evacuees to Transfer;
304.568,591,evacuee,outES,Evacuee 95 in triage category R is not assigned a helicopter
304.568,591,evacuee,,Evacuee;95;in triage state;B;is at the evacuation site
305.974,3,evacueeManager,,OFF SHIP: White;0;Green;430;Yellow;41;Red;5;Black;24;ON SHIP: White;0;Green;0;Yellow;0;Red;0;Evacuees to Transfer;
305.974,465,evacuee,outES,Evacuee 122 in triage category G is not assigned a helicopter
305.974,465,evacuee,,Evacuee;122;in triage state;Y;is at the evacuation site
315.405,3,evacueeManager,,OFF SHIP: White;0;Green;429;Yellow;42;Red;5;Black;24;ON SHIP: White;0;Green;0;Yellow;0;Red;0;Evacuees to Transfer;
315.405,1348,evacuee,outES,Evacuee 193 in triage category G is not assigned a helicopter
315.405,1348,evacuee,,Evacuee;193;in triage state;Y;is at the evacuation site
315.852,3,evacueeManager,,OFF SHIP: White;0;Green;429;Yellow;42;Red;4;Black;25;ON SHIP: White;0;Green;0;Yellow;0;Red;0;Evacuees to Transfer;
315.852,1402,evacuee,outES,Evacuee 207 in triage category R is not assigned a helicopter
315.852,1402,evacuee,,Evacuee;207;in triage state;B;is at the evacuation site
317.184,3,evacueeManager,,OFF SHIP: White;0;Green;428;Yellow;43;Red;4;Black;25;ON SHIP: White;0;Green;0;Yellow;0;Red;0;Evacuees to Transfer;
317.184,336,evacuee,outES,Evacuee 312 in triage category G is not assigned a helicopter
317.184,336,evacuee,,Evacuee;312;in triage state;Y;is at the evacuation site
317.465,3,evacueeManager,,OFF SHIP: White;0;Green;428;Yellow;42;Red;5;Black;25;ON SHIP: White;0;Green;0;Yellow;0;Red;0;Evacuees to Transfer;
317.465,360,evacuee,outES,Evacuee 488 in triage category Y is not assigned a helicopter
317.465,360,evacuee,,Evacuee;488;in triage state;R;is at the evacuation site
323.452,3,evacueeManager,,OFF SHIP: White;0;Green;427;Yellow;43;Red;5;Black;25;ON SHIP: White;0;Green;0;Yellow;0;Red;0;Evacuees to Transfer;
323.452,1162,evacuee,outES,Evacuee 465 in triage category G is not assigned a helicopter
323.452,1162,evacuee,,Evacuee;465;in triage state;Y;is at the evacuation site
324.558,3,evacueeManager,,OFF SHIP: White;0;Green;426;Yellow;44;Red;5;Black;25;ON SHIP: White;0;Green;0;Yellow;0;Red;0;Evacuees to Transfer;
324.558,80,evacuee,outES,Evacuee 455 in triage category G is not assigned a helicopter
324.558,80,evacuee,,Evacuee;455;in triage state;Y;is at the evacuation site
325.79,3,evacueeManager,,OFF SHIP: White;0;Green;425;Yellow;45;Red;5;Black;25;ON SHIP: White;0;Green;0;Yellow;0;Red;0;Evacuees to Transfer;
325.79,906,evacuee,outES,Evacuee 157 in triage category G is not assigned a helicopter
325.79,906,evacuee,,Evacuee;157;in triage state;Y;is at the evacuation site
326.652,3,evacueeManager,,OFF SHIP: White;0;Green;424;Yellow;46;Red;5;Black;25;ON SHIP: White;0;Green;0;Yellow;0;Red;0;Evacuees to Transfer;
326.652,1219,evacuee,outES,Evacuee 222 in triage category G is not assigned a helicopter
326.652,1219,evacuee,,Evacuee;222;in triage state;Y;is at the evacuation site
331.213,3,evacueeManager,,OFF SHIP: White;0;Green;424;Yellow;45;Red;6;Black;25;ON SHIP: White;0;Green;0;Yellow;0;Red;0;Evacuees to Transfer;
331.213,1159,evacuee,outES,Evacuee 190 in triage category Y is not assigned a helicopter
331.213,1159,evacuee,,Evacuee;190;in triage state;R;is at the evacuation site
337.271,3,evacueeManager,,OFF SHIP: White;0;Green;424;Yellow;44;Red;7;Black;25;ON SHIP: White;0;Green;0;Yellow;0;Red;0;Evacuees to Transfer;
337.271,41,evacuee,outES,Evacuee 478 in triage category Y is not assigned a helicopter
337.271,41,evacuee,,Evacuee;478;in triage state;R;is at the evacuation site
346.735,3,evacueeManager,,OFF SHIP: White;0;Green;423;Yellow;45;Red;7;Black;25;ON SHIP: White;0;Green;0;Yellow;0;Red;0;Evacuees to Transfer;
346.735,972,evacuee,outES,Evacuee 52 in triage category G is not assigned a helicopter
346.735,972,evacuee,,Evacuee;52;in triage state;Y;is at the evacuation site
352.075,3,evacueeManager,,OFF SHIP: White;0;Green;423;Yellow;44;Red;8;Black;25;ON SHIP: White;0;Green;0;Yellow;0;Red;0;Evacuees to Transfer;
352.075,813,evacuee,outES,Evacuee 487 in triage category Y is not assigned a helicopter
352.075,813,evacuee,,Evacuee;487;in triage state;R;is at the evacuation site
352.818,3,evacueeManager,,OFF SHIP: White;0;Green;422;Yellow;45;Red;8;Black;25;ON SHIP: White;0;Green;0;Yellow;0;Red;0;Evacuees to Transfer;
352.818,594,evacuee,outES,Evacuee 447 in triage category G is not assigned a helicopter
352.818,594,evacuee,,Evacuee;447;in triage state;Y;is at the evacuation site
362.154,3,evacueeManager,,OFF SHIP: White;0;Green;421;Yellow;46;Red;8;Black;25;ON SHIP: White;0;Green;0;Yellow;0;Red;0;Evacuees to Transfer;
362.154,273,evacuee,outES,Evacuee 335 in triage category G is not assigned a helicopter
362.154,273,evacuee,,Evacuee;335;in triage state;Y;is at the evacuation site
362.71,3,evacueeManager,,OFF SHIP: White;0;Green;421;Yellow;45;Red;9;Black;25;ON SHIP: White;0;Green;0;Yellow;0;Red;0;Evacuees to Transfer;
362.71,972,evacuee,outES,Evacuee 52 in triage category Y is not assigned a helicopter
362.71,972,evacuee,,Evacuee;52;in triage state;R;is at the evacuation site
364.275,3,evacueeManager,,OFF SHIP: White;0;Green;420;Yellow;46;Red;9;Black;25;ON SHIP: White;0;Green;0;Yellow;0;Red;0;Evacuees to Transfer;
364.275,1405,evacuee,outES,Evacuee 27 in triage category G is not assigned a helicopter
364.275,1405,evacuee,,Evacuee;27;in triage state;Y;is at the evacuation site
370.395,3,evacueeManager,,OFF SHIP: White;0;Green;419;Yellow;47;Red;9;Black;25;ON SHIP: White;0;Green;0;Yellow;0;Red;0;Evacuees to Transfer;
370.395,1038,evacuee,outES,Evacuee 102 in triage category G is not assigned a helicopter
370.395,1038,evacuee,,Evacuee;102;in triage state;Y;is at the evacuation site
371.227,3,evacueeManager,,OFF SHIP: White;0;Green;419;Yellow;47;Red;8;Black;26;ON SHIP: White;0;Green;0;Yellow;0;Red;0;Evacuees to Transfer;
371.227,38,evacuee,outES,Evacuee 479 in triage category R is not assigned a helicopter
371.227,38,evacuee,,Evacuee;479;in triage state;B;is at the evacuation site
373.46,3,evacueeManager,,OFF SHIP: White;0;Green;418;Yellow;48;Red;8;Black;26;ON SHIP: White;0;Green;0;Yellow;0;Red;0;Evacuees to Transfer;
373.46,852,evacuee,outES,Evacuee 3 in triage category G is not assigned a helicopter
373.46,852,evacuee,,Evacuee;3;in triage state;Y;is at the evacuation site
386.93,3,evacueeManager,,OFF SHIP: White;0;Green;418;Yellow;47;Red;9;Black;26;ON SHIP: White;0;Green;0;Yellow;0;Red;0;Evacuees to Transfer;
386.93,1468,evacuee,outES,Evacuee 238 in triage category Y is not assigned a helicopter
386.93,1468,evacuee,,Evacuee;238;in triage state;R;is at the evacuation site
388.081,3,evacueeManager,,OFF SHIP: White;0;Green;417;Yellow;48;Red;9;Black;26;ON SHIP: White;0;Green;0;Yellow;0;Red;0;Evacuees to Transfer;
388.081,1471,evacuee,outES,Evacuee 113 in triage category G is not assigned a helicopter
388.081,1471,evacuee,,Evacuee;113;in triage state;Y;is at the evacuation site
388.112,3,evacueeManager,,OFF SHIP: White;0;Green;417;Yellow;47;Red;10;Black;26;ON SHIP: White;0;Green;0;Yellow;0;Red;0;Evacuees to Transfer;
388.112,588,evacuee,outES,Evacuee 324 in triage category Y is not assigned a helicopter
388.112,588,evacuee,,Evacuee;324;in triage state;R;is at the evacuation site
389.023,3,evacueeManager,,OFF SHIP: White;0;Green;416;Yellow;48;Red;10;Black;26;ON SHIP: White;0;Green;0;Yellow;0;Red;0;Evacuees to Transfer;
389.023,146,evacuee,outES,Evacuee 403 in triage category G is not assigned a helicopter
389.023,146,evacuee,,Evacuee;403;in triage state;Y;is at the evacuation site
389.745,3,evacueeManager,,OFF SHIP: White;0;Green;416;Yellow;48;Red;9;Black;27;ON SHIP: White;0;Green;0;Yellow;0;Red;0;Evacuees to Transfer;
389.745,717,evacuee,outES,Evacuee 15 in triage category R is not assigned a helicopter
389.745,717,evacuee,,Evacuee;15;in triage state;B;is at the evacuation site
390.866,3,evacueeManager,,OFF SHIP: White;0;Green;416;Yellow;47;Red;10;Black;27;ON SHIP: White;0;Green;0;Yellow;0;Red;0;Evacuees to Transfer;
390.866,273,evacuee,outES,Evacuee 335 in triage category Y is not assigned a helicopter
390.866,273,evacuee,,Evacuee;335;in triage state;R;is at the evacuation site
391.668,3,evacueeManager,,OFF SHIP: White;0;Green;415;Yellow;48;Red;10;Black;27;ON SHIP: White;0;Green;0;Yellow;0;Red;0;Evacuees to Transfer;
391.668,1095,evacuee,outES,Evacuee 144 in triage category G is not assigned a helicopter
391.668,1095,evacuee,,Evacuee;144;in triage state;Y;is at the evacuation site
393.18,3,evacueeManager,,OFF SHIP: White;0;Green;414;Yellow;49;Red;10;Black;27;ON SHIP: White;0;Green;0;Yellow;0;Red;0;Evacuees to Transfer;
393.18,531,evacuee,outES,Evacuee 358 in triage category G is not assigned a helicopter
393.18,531,evacuee,,Evacuee;358;in triage state;Y;is at the evacuation site
395.908,3,evacueeManager,,OFF SHIP: White;0;Green;414;Yellow;49;Red;9;Black;28;ON SHIP: White;0;Green;0;Yellow;0;Red;0;Evacuees to Transfer;
395.908,1159,evacuee,outES,Evacuee 190 in triage category R is not assigned a helicopter
395.908,1159,evacuee,,Evacuee;190;in triage state;B;is at the evacuation site
397.468,3,evacueeManager,,OFF SHIP: White;0;Green;413;Yellow;50;Red;9;Black;28;ON SHIP: White;0;Green;0;Yellow;0;Red;0;Evacuees to Transfer;
397.468,209,evacuee,outES,Evacuee 375 in triage category G is not assigned a helicopter
397.468,209,evacuee,,Evacuee;375;in triage state;Y;is at the evacuation site
397.631,3,evacueeManager,,OFF SHIP: White;0;Green;413;Yellow;50;Red;8;Black;29;ON SHIP: White;0;Green;0;Yellow;0;Red;0;Evacuees to Transfer;
397.631,360,evacuee,outES,Evacuee 488 in triage category R is not assigned a helicopter
397.631,360,evacuee,,Evacuee;488;in triage state;B;is at the evacuation site
400.11,3,evacueeManager,,OFF SHIP: White;0;Green;413;Yellow;49;Red;9;Black;29;ON SHIP: White;0;Green;0;Yellow;0;Red;0;Evacuees to Transfer;
400.11,143,evacuee,outES,Evacuee 404 in triage category Y is not assigned a helicopter
400.11,143,evacuee,,Evacuee;404;in triage state;R;is at the evacuation site
403.027,3,evacueeManager,,OFF SHIP: White;0;Green;412;Yellow;50;Red;9;Black;29;ON SHIP: White;0;Green;0;Yellow;0;Red;0;Evacuees to Transfer;
403.027,723,evacuee,outES,Evacuee 17 in triage category G is not assigned a helicopter
403.027,723,evacuee,,Evacuee;17;in triage state;Y;is at the evacuation site
412.528,3,evacueeManager,,OFF SHIP: White;0;Green;411;Yellow;51;Red;9;Black;29;ON SHIP: White;0;Green;0;Yellow;0;Red;0;Evacuees to Transfer;
412.528,402,evacuee,outES,Evacuee 280 in triage category G is not assigned a helicopter
412.528,402,evacuee,,Evacuee;280;in triage state;Y;is at the evacuation site
423.142,3,evacueeManager,,OFF SHIP: White;0;Green;410;Yellow;52;Red;9;Black;29;ON SHIP: White;0;Green;0;Yellow;0;Red;0;Evacuees to Transfer;
423.142,660,evacuee,outES,Evacuee 344 in triage category G is not assigned a helicopter
423.142,660,evacuee,,Evacuee;344;in triage state;Y;is at the evacuation site
423.302,3,evacueeManager,,OFF SHIP: White;0;Green;410;Yellow;51;Red;10;Black;29;ON SHIP: White;0;Green;0;Yellow;0;Red;0;Evacuees to Transfer;
423.302,846,evacuee,outES,Evacuee 240 in triage category Y is not assigned a helicopter
423.302,846,evacuee,,Evacuee;240;in triage state;R;is at the evacuation site
425.511,3,evacueeManager,,OFF SHIP: White;0;Green;410;Yellow;50;Red;11;Black;29;ON SHIP: White;0;Green;0;Yellow;0;Red;0;Evacuees to Transfer;
425.511,399,evacuee,outES,Evacuee 281 in triage category Y is not assigned a helicopter
425.511,399,evacuee,,Evacuee;281;in triage state;R;is at the evacuation site
433.035,3,evacueeManager,,OFF SHIP: White;0;Green;410;Yellow;49;Red;12;Black;29;ON SHIP: White;0;Green;0;Yellow;0;Red;0;Evacuees to Transfer;
433.035,465,evacuee,outES,Evacuee 122 in triage category Y is not assigned a helicopter
433.035,465,evacuee,,Evacuee;122;in triage state;R;is at the evacuation site
440.643,3,evacueeManager,,OFF SHIP: White;0;Green;409;Yellow;50;Red;12;Black;29;ON SHIP: White;0;Green;0;Yellow;0;Red;0;Evacuees to Transfer;
440.643,1285,evacuee,outES,Evacuee 230 in triage category G is not assigned a helicopter
440.643,1285,evacuee,,Evacuee;230;in triage state;Y;is at the evacuation site
457.426,3,evacueeManager,,OFF SHIP: White;0;Green;409;Yellow;50;Red;11;Black;30;ON SHIP: White;0;Green;0;Yellow;0;Red;0;Evacuees to Transfer;
457.426,588,evacuee,outES,Evacuee 324 in triage category R is not assigned a helicopter
457.426,588,evacuee,,Evacuee;324;in triage state;B;is at the evacuation site
457.798,3,evacueeManager,,OFF SHIP: White;0;Green;408;Yellow;51;Red;11;Black;30;ON SHIP: White;0;Green;0;Yellow;0;Red;0;Evacuees to Transfer;
457.798,468,evacuee,outES,Evacuee 108 in triage category G is not assigned a helicopter
457.798,468,evacuee,,Evacuee;108;in triage state;Y;is at the evacuation site
462.26,3,evacueeManager,,OFF SHIP: White;0;Green;408;Yellow;50;Red;12;Black;30;ON SHIP: White;0;Green;0;Yellow;0;Red;0;Evacuees to Transfer;
462.26,1285,evacuee,outES,Evacuee 230 in triage category Y is not assigned a helicopter
462.26,1285,evacuee,,Evacuee;230;in triage state;R;is at the evacuation site
465.916,3,evacueeManager,,OFF SHIP: White;0;Green;408;Yellow;49;Red;13;Black;30;ON SHIP: White;0;Green;0;Yellow;0;Red;0;Evacuees to Transfer;
465.916,849,evacuee,outES,Evacuee 8 in triage category Y is not assigned a helicopter
465.916,849,evacuee,,Evacuee;8;in triage state;R;is at the evacuation site
466.642,3,evacueeManager,,OFF SHIP: White;0;Green;407;Yellow;50;Red;13;Black;30;ON SHIP: White;0;Green;0;Yellow;0;Red;0;Evacuees to Transfer;
466.642,789,evacuee,outES,Evacuee 473 in triage category G is not assigned a helicopter
466.642,789,evacuee,,Evacuee;473;in triage state;Y;is at the evacuation site
470.394,3,evacueeManager,,OFF SHIP: White;0;Green;406;Yellow;51;Red;13;Black;30;ON SHIP: White;0;Green;0;Yellow;0;Red;0;Evacuees to Transfer;
470.394,1351,evacuee,outES,Evacuee 195 in triage category G is not assigned a helicopter
470.394,1351,evacuee,,Evacuee;195;in triage state;Y;is at the evacuation site
470.912,3,evacueeManager,,OFF SHIP: White;0;Green;405;Yellow;52;Red;13;Black;30;ON SHIP: White;0;Green;0;Yellow;0;Red;0;Evacuees to Transfer;
470.912,1165,evacuee,outES,Evacuee 60 in triage category G is not assigned a helicopter
470.912,1165,evacuee,,Evacuee;60;in triage state;Y;is at the evacuation site
472.271,3,evacueeManager,,OFF SHIP: White;0;Green;404;Yellow;53;Red;13;Black;30;ON SHIP: White;0;Green;0;Yellow;0;Red;0;Evacuees to Transfer;
472.271,339,evacuee,outES,Evacuee 309 in triage category G is not assigned a helicopter
472.271,339,evacuee,,Evacuee;309;in triage state;Y;is at the evacuation site
474.564,3,evacueeManager,,OFF SHIP: White;0;Green;404;Yellow;53;Red;12;Black;31;ON SHIP: White;0;Green;0;Yellow;0;Red;0;Evacuees to Transfer;
474.564,273,evacuee,outES,Evacuee 335 in triage category R is not assigned a helicopter
474.564,273,evacuee,,Evacuee;335;in triage state;B;is at the evacuation site
474.733,3,evacueeManager,,OFF SHIP: White;0;Green;403;Yellow;54;Red;12;Black;31;ON SHIP: White;0;Green;0;Yellow;0;Red;0;Evacuees to Transfer;
474.733,83,evacuee,outES,Evacuee 448 in triage category G is not assigned a helicopter
474.733,83,evacuee,,Evacuee;448;in triage state;Y;is at the evacuation site
474.754,3,evacueeManager,,OFF SHIP: White;0;Green;403;Yellow;54;Red;11;Black;32;ON SHIP: White;0;Green;0;Yellow;0;Red;0;Evacuees to Transfer;
474.754,849,evacuee,outES,Evacuee 8 in triage category R is not assigned a helicopter
474.754,849,evacuee,,Evacuee;8;in triage state;B;is at the evacuation site
478.538,3,evacueeManager,,OFF SHIP: White;0;Green;403;Yellow;54;Red;10;Black;33;ON SHIP: White;0;Green;0;Yellow;0;Red;0;Evacuees to Transfer;
478.538,333,evacuee,outES,Evacuee 443 in triage category R is not assigned a helicopter
478.538,333,evacuee,,Evacuee;443;in triage state;B;is at the evacuation site
481.354,3,evacueeManager,,OFF SHIP: White;0;Green;402;Yellow;55;Red;10;Black;33;ON SHIP: White;0;Green;0;Yellow;0;Red;0;Evacuees to Transfer;
481.354,909,evacuee,outES,Evacuee 451 in triage category G is not assigned a helicopter
481.354,909,evacuee,,Evacuee;451;in triage state;Y;is at the evacuation site
483.41,3,evacueeManager,,OFF SHIP: White;0;Green;402;Yellow;54;Red;11;Black;33;ON SHIP: White;0;Green;0;Yellow;0;Red;0;Evacuees to Transfer;
483.41,1282,evacuee,outES,Evacuee 176 in triage category Y is not assigned a helicopter
483.41,1282,evacuee,,Evacuee;176;in triage state;R;is at the evacuation site
489.12,3,evacueeManager,,OFF SHIP: White;0;Green;402;Yellow;53;Red;12;Black;33;ON SHIP: White;0;Green;0;Yellow;0;Red;0;Evacuees to Transfer;
489.12,209,evacuee,outES,Evacuee 375 in triage category Y is not assigned a helicopter
489.12,209,evacuee,,Evacuee;375;in triage state;R;is at the evacuation site
492.208,3,evacueeManager,,OFF SHIP: White;0;Green;402;Yellow;53;Red;11;Black;34;ON SHIP: White;0;Green;0;Yellow;0;Red;0;Evacuees to Transfer;
492.208,813,evacuee,outES,Evacuee 487 in triage category R is not assigned a helicopter
492.208,813,evacuee,,Evacuee;487;in triage state;B;is at the evacuation site
498.101,3,evacueeManager,,OFF SHIP: White;0;Green;401;Yellow;54;Red;11;Black;34;ON SHIP: White;0;Green;0;Yellow;0;Red;0;Evacuees to Transfer;
498.101,975,evacuee,outES,Evacuee 41 in triage category G is not assigned a helicopter
498.101,975,evacuee,,Evacuee;41;in triage state;Y;is at the evacuation site
504.193,3,evacueeManager,,OFF SHIP: White;0;Green;401;Yellow;53;Red;12;Black;34;ON SHIP: White;0;Green;0;Yellow;0;Red;0;Evacuees to Transfer;
504.193,501,evacuee,outES,Evacuee 491 in triage category Y is not assigned a helicopter
504.193,501,evacuee,,Evacuee;491;in triage state;R;is at the evacuation site
507.126,3,evacueeManager,,OFF SHIP: White;0;Green;401;Yellow;52;Red;13;Black;34;ON SHIP: White;0;Green;0;Yellow;0;Red;0;Evacuees to Transfer;
507.126,462,evacuee,outES,Evacuee 449 in triage category Y is not assigned a helicopter
507.126,462,evacuee,,Evacuee;449;in triage state;R;is at the evacuation site
507.444,3,evacueeManager,,OFF SHIP: White;0;Green;401;Yellow;51;Red;14;Black;34;ON SHIP: White;0;Green;0;Yellow;0;Red;0;Evacuees to Transfer;
507.444,1348,evacuee,outES,Evacuee 193 in triage category Y is not assigned a helicopter
507.444,1348,evacuee,,Evacuee;193;in triage state;R;is at the evacuation site
510.018,3,evacueeManager,,OFF SHIP: White;0;Green;401;Yellow;50;Red;15;Black;34;ON SHIP: White;0;Green;0;Yellow;0;Red;0;Evacuees to Transfer;
510.018,1342,evacuee,outES,Evacuee 314 in triage category Y is not assigned a helicopter
510.018,1342,evacuee,,Evacuee;314;in triage state;R;is at the evacuation site
514.421,3,evacueeManager,,OFF SHIP: White;0;Green;400;Yellow;51;Red;15;Black;34;ON SHIP: White;0;Green;0;Yellow;0;Red;0;Evacuees to Transfer;
514.421,1222,evacuee,outES,Evacuee 152 in triage category G is not assigned a helicopter
514.421,1222,evacuee,,Evacuee;152;in triage state;Y;is at the evacuation site
515.275,3,evacueeManager,,OFF SHIP: White;0;Green;399;Yellow;52;Red;15;Black;34;ON SHIP: White;0;Green;0;Yellow;0;Red;0;Evacuees to Transfer;
515.275,597,evacuee,outES,Evacuee 361 in triage category G is not assigned a helicopter
515.275,597,evacuee,,Evacuee;361;in triage state;Y;is at the evacuation site
516.591,3,evacueeManager,,OFF SHIP: White;0;Green;398;Yellow;53;Red;15;Black;34;ON SHIP: White;0;Green;0;Yellow;0;Red;0;Evacuees to Transfer;
516.591,1408,evacuee,outES,Evacuee 211 in triage category G is not assigned a helicopter
516.591,1408,evacuee,,Evacuee;211;in triage state;Y;is at the evacuation site
519.121,3,evacueeManager,,OFF SHIP: White;0;Green;398;Yellow;52;Red;16;Black;34;ON SHIP: White;0;Green;0;Yellow;0;Red;0;Evacuees to Transfer;
519.121,597,evacuee,outES,Evacuee 361 in triage category Y is not assigned a helicopter
519.121,597,evacuee,,Evacuee;361;in triage state;R;is at the evacuation site
519.749,3,evacueeManager,,OFF SHIP: White;0;Green;397;Yellow;53;Red;16;Black;34;ON SHIP: White;0;Green;0;Yellow;0;Red;0;Evacuees to Transfer;
519.749,276,evacuee,outES,Evacuee 331 in triage category G is not assigned a helicopter
519.749,276,evacuee,,Evacuee;331;in triage state;Y;is at the evacuation site
521.474,3,evacueeManager,,OFF SHIP: White;0;Green;397;Yellow;53;Red;15;Black;35;ON SHIP: White;0;Green;0;Yellow;0;Red;0;Evacuees to Transfer;
521.474,1342,evacuee,outES,Evacuee 314 in triage category R is not assigned a helicopter
521.474,1342,evacuee,,Evacuee;314;in triage state;B;is at the evacuation site
523.255,3,evacueeManager,,OFF SHIP: White;0;Green;397;Yellow;52;Red;16;Black;35;ON SHIP: White;0;Green;0;Yellow;0;Red;0;Evacuees to Transfer;
523.255,339,evacuee,outES,Evacuee 309 in triage category Y is not assigned a helicopter
523.255,339,evacuee,,Evacuee;309;in triage state;R;is at the evacuation site
526.276,3,evacueeManager,,OFF SHIP: White;0;Green;396;Yellow;53;Red;16;Black;35;ON SHIP: White;0;Green;0;Yellow;0;Red;0;Evacuees to Transfer;
526.276,855,evacuee,outES,Evacuee 172 in triage category G is not assigned a helicopter
526.276,855,evacuee,,Evacuee;172;in triage state;Y;is at the evacuation site
527.916,3,evacueeManager,,OFF SHIP: White;0;Green;396;Yellow;53;Red;15;Black;36;ON SHIP: White;0;Green;0;Yellow;0;Red;0;Evacuees to Transfer;
527.916,597,evacuee,outES,Evacuee 361 in triage category R is not assigned a helicopter
527.916,597,evacuee,,Evacuee;361;in triage state;B;is at the evacuation site
528.098,3,evacueeManager,,OFF SHIP: White;0;Green;396;Yellow;53;Red;14;Black;37;ON SHIP: White;0;Green;0;Yellow;0;Red;0;Evacuees to Transfer;
528.098,41,evacuee,outES,Evacuee 478 in triage category R is not assigned a helicopter
528.098,41,evacuee,,Evacuee;478;in triage state;B;is at the evacuation site
528.455,3,evacueeManager,,OFF SHIP: White;0;Green;395;Yellow;54;Red;14;Black;37;ON SHIP: White;0;Green;0;Yellow;0;Red;0;Evacuees to Transfer;
528.455,1041,evacuee,outES,Evacuee 160 in triage category G is not assigned a helicopter
528.455,1041,evacuee,,Evacuee;160;in triage state;Y;is at the evacuation site
537.458,3,evacueeManager,,OFF SHIP: White;0;Green;395;Yellow;54;Red;13;Black;38;ON SHIP: White;0;Green;0;Yellow;0;Red;0;Evacuees to Transfer;
537.458,501,evacuee,outES,Evacuee 491 in triage category R is not assigned a helicopter
537.458,501,evacuee,,Evacuee;491;in triage state;B;is at the evacuation site
540.208,3,evacueeManager,,OFF SHIP: White;0;Green;395;Yellow;53;Red;14;Black;38;ON SHIP: White;0;Green;0;Yellow;0;Red;0;Evacuees to Transfer;
540.208,1408,evacuee,outES,Evacuee 211 in triage category Y is not assigned a helicopter
540.208,1408,evacuee,,Evacuee;211;in triage state;R;is at the evacuation site
540.48,3,evacueeManager,,OFF SHIP: White;0;Green;395;Yellow;53;Red;13;Black;39;ON SHIP: White;0;Green;0;Yellow;0;Red;0;Evacuees to Transfer;
540.48,462,evacuee,outES,Evacuee 449 in triage category R is not assigned a helicopter
540.48,462,evacuee,,Evacuee;449;in triage state;B;is at the evacuation site
544.417,3,evacueeManager,,OFF SHIP: White;0;Green;394;Yellow;54;Red;13;Black;39;ON SHIP: White;0;Green;0;Yellow;0;Red;0;Evacuees to Transfer;
544.417,1474,evacuee,outES,Evacuee 239 in triage category G is not assigned a helicopter
544.417,1474,evacuee,,Evacuee;239;in triage state;Y;is at the evacuation site
544.466,3,evacueeManager,,OFF SHIP: White;0;Green;394;Yellow;54;Red;12;Black;40;ON SHIP: White;0;Green;0;Yellow;0;Red;0;Evacuees to Transfer;
544.466,209,evacuee,outES,Evacuee 375 in triage category R is not assigned a helicopter
544.466,209,evacuee,,Evacuee;375;in triage state;B;is at the evacuation site
545.479,3,evacueeManager,,OFF SHIP: White;0;Green;393;Yellow;55;Red;12;Black;40;ON SHIP: White;0;Green;0;Yellow;0;Red;0;Evacuees to Transfer;
545.479,1098,evacuee,outES,Evacuee 50 in triage category G is not assigned a helicopter
545.479,1098,evacuee,,Evacuee;50;in triage state;Y;is at the evacuation site
545.668,3,evacueeManager,,OFF SHIP: White;0;Green;393;Yellow;55;Red;11;Black;41;ON SHIP: White;0;Green;0;Yellow;0;Red;0;Evacuees to Transfer;
545.668,1468,evacuee,outES,Evacuee 238 in triage category R is not assigned a helicopter
545.668,1468,evacuee,,Evacuee;238;in triage state;B;is at the evacuation site
548.138,3,evacueeManager,,OFF SHIP: White;0;Green;392;Yellow;56;Red;11;Black;41;ON SHIP: White;0;Green;0;Yellow;0;Red;0;Evacuees to Transfer;
548.138,149,evacuee,outES,Evacuee 401 in triage category G is not assigned a helicopter
548.138,149,evacuee,,Evacuee;401;in triage state;Y;is at the evacuation site
549.226,3,evacueeManager,,OFF SHIP: White;0;Green;392;Yellow;55;Red;12;Black;41;ON SHIP: White;0;Green;0;Yellow;0;Red;0;Evacuees to Transfer;
549.226,900,evacuee,outES,Evacuee 6 in triage category Y is not assigned a helicopter
549.226,900,evacuee,,Evacuee;6;in triage state;R;is at the evacuation site
549.801,3,evacueeManager,,OFF SHIP: White;0;Green;391;Yellow;56;Red;12;Black;41;ON SHIP: White;0;Green;0;Yellow;0;Red;0;Evacuees to Transfer;
549.801,534,evacuee,outES,Evacuee 188 in triage category G is not assigned a helicopter
549.801,534,evacuee,,Evacuee;188;in triage state;Y;is at the evacuation site
550.524,3,evacueeManager,,OFF SHIP: White;0;Green;391;Yellow;55;Red;13;Black;41;ON SHIP: White;0;Green;0;Yellow;0;Red;0;Evacuees to Transfer;
550.524,975,evacuee,outES,Evacuee 41 in triage category Y is not assigned a helicopter
550.524,975,evacuee,,Evacuee;41;in triage state;R;is at the evacuation site
553.036,3,evacueeManager,,OFF SHIP: White;0;Green;391;Yellow;55;Red;12;Black;42;ON SHIP: White;0;Green;0;Yellow;0;Red;0;Evacuees to Transfer;
553.036,1348,evacuee,outES,Evacuee 193 in triage category R is not assigned a helicopter
553.036,1348,evacuee,,Evacuee;193;in triage state;B;is at the evacuation site
554.51,3,evacueeManager,,OFF SHIP: White;0;Green;391;Yellow;55;Red;11;Black;43;ON SHIP: White;0;Green;0;Yellow;0;Red;0;Evacuees to Transfer;
554.51,846,evacuee,outES,Evacuee 240 in triage category R is not assigned a helicopter
554.51,846,evacuee,,Evacuee;240;in triage state;B;is at the evacuation site
557.062,3,evacueeManager,,OFF SHIP: White;0;Green;390;Yellow;56;Red;11;Black;43;ON SHIP: White;0;Green;0;Yellow;0;Red;0;Evacuees to Transfer;
557.062,212,evacuee,outES,Evacuee 374 in triage category G is not assigned a helicopter
557.062,212,evacuee,,Evacuee;374;in triage state;Y;is at the evacuation site
558.719,3,evacueeManager,,OFF SHIP: White;0;Green;390;Yellow;55;Red;12;Black;43;ON SHIP: White;0;Green;0;Yellow;0;Red;0;Evacuees to Transfer;
558.719,149,evacuee,outES,Evacuee 401 in triage category Y is not assigned a helicopter
558.719,149,evacuee,,Evacuee;401;in triage state;R;is at the evacuation site
558.874,3,evacueeManager,,OFF SHIP: White;0;Green;390;Yellow;54;Red;13;Black;43;ON SHIP: White;0;Green;0;Yellow;0;Red;0;Evacuees to Transfer;
558.874,74,evacuee,outES,Evacuee 458 in triage category Y is not assigned a helicopter
558.874,74,evacuee,,Evacuee;458;in triage state;R;is at the evacuation site
561.665,3,evacueeManager,,OFF SHIP: White;0;Green;390;Yellow;54;Red;12;Black;44;ON SHIP: White;0;Green;0;Yellow;0;Red;0;Evacuees to Transfer;
561.665,975,evacuee,outES,Evacuee 41 in triage category R is not assigned a helicopter
561.665,975,evacuee,,Evacuee;41;in triage state;B;is at the evacuation site
573.184,3,evacueeManager,,OFF SHIP: White;0;Green;389;Yellow;55;Red;12;Black;44;ON SHIP: White;0;Green;0;Yellow;0;Red;0;Evacuees to Transfer;
573.184,663,evacuee,outES,Evacuee 77 in triage category G is not assigned a helicopter
573.184,663,evacuee,,Evacuee;77;in triage state;Y;is at the evacuation site
575.734,3,evacueeManager,,OFF SHIP: White;0;Green;388;Yellow;56;Red;12;Black;44;ON SHIP: White;0;Green;0;Yellow;0;Red;0;Evacuees to Transfer;
575.734,405,evacuee,outES,Evacuee 333 in triage category G is not assigned a helicopter
575.734,405,evacuee,,Evacuee;333;in triage state;Y;is at the evacuation site
577.521,3,evacueeManager,,OFF SHIP: White;0;Green;388;Yellow;55;Red;13;Black;44;ON SHIP: White;0;Green;0;Yellow;0;Red;0;Evacuees to Transfer;
577.521,1399,evacuee,outES,Evacuee 69 in triage category Y is not assigned a helicopter
577.521,1399,evacuee,,Evacuee;69;in triage state;R;is at the evacuation site
578.777,3,evacueeManager,,OFF SHIP: White;0;Green;388;Yellow;55;Red;12;Black;45;ON SHIP: White;0;Green;0;Yellow;0;Red;0;Evacuees to Transfer;
578.777,1285,evacuee,outES,Evacuee 230 in triage category R is not assigned a helicopter
578.777,1285,evacuee,,Evacuee;230;in triage state;B;is at the evacuation site
578.905,3,evacueeManager,,OFF SHIP: White;0;Green;388;Yellow;55;Red;11;Black;46;ON SHIP: White;0;Green;0;Yellow;0;Red;0;Evacuees to Transfer;
578.905,972,evacuee,outES,Evacuee 52 in triage category R is not assigned a helicopter
578.905,972,evacuee,,Evacuee;52;in triage state;B;is at the evacuation site
599.94,3,evacueeManager,,OFF SHIP: White;0;Green;387;Yellow;56;Red;11;Black;46;ON SHIP: White;0;Green;0;Yellow;0;Red;0;Evacuees to Transfer;
599.94,1288,evacuee,outES,Evacuee 169 in triage category G is not assigned a helicopter
599.94,1288,evacuee,,Evacuee;169;in triage state;Y;is at the evacuation site
600.168,3,evacueeManager,,OFF SHIP: White;0;Green;387;Yellow;55;Red;12;Black;46;ON SHIP: White;0;Green;0;Yellow;0;Red;0;Evacuees to Transfer;
600.168,906,evacuee,outES,Evacuee 157 in triage category Y is not assigned a helicopter
600.168,906,evacuee,,Evacuee;157;in triage state;R;is at the evacuation site
606.536,3,evacueeManager,,OFF SHIP: White;0;Green;387;Yellow;54;Red;13;Black;46;ON SHIP: White;0;Green;0;Yellow;0;Red;0;Evacuees to Transfer;
606.536,1089,evacuee,outES,Evacuee 55 in triage category Y is not assigned a helicopter
606.536,1089,evacuee,,Evacuee;55;in triage state;R;is at the evacuation site
609.239,3,evacueeManager,,OFF SHIP: White;0;Green;387;Yellow;53;Red;14;Black;46;ON SHIP: White;0;Green;0;Yellow;0;Red;0;Evacuees to Transfer;
609.239,402,evacuee,outES,Evacuee 280 in triage category Y is not assigned a helicopter
609.239,402,evacuee,,Evacuee;280;in triage state;R;is at the evacuation site
611.488,3,evacueeManager,,OFF SHIP: White;0;Green;387;Yellow;53;Red;13;Black;47;ON SHIP: White;0;Green;0;Yellow;0;Red;0;Evacuees to Transfer;
611.488,74,evacuee,outES,Evacuee 458 in triage category R is not assigned a helicopter
611.488,74,evacuee,,Evacuee;458;in triage state;B;is at the evacuation site
615.307,3,evacueeManager,,OFF SHIP: White;0;Green;387;Yellow;53;Red;12;Black;48;ON SHIP: White;0;Green;0;Yellow;0;Red;0;Evacuees to Transfer;
615.307,206,evacuee,outES,Evacuee 377 in triage category R is not assigned a helicopter
615.307,206,evacuee,,Evacuee;377;in triage state;B;is at the evacuation site
616.918,3,evacueeManager,,OFF SHIP: White;0;Green;387;Yellow;52;Red;13;Black;48;ON SHIP: White;0;Green;0;Yellow;0;Red;0;Evacuees to Transfer;
616.918,203,evacuee,outES,Evacuee 378 in triage category Y is not assigned a helicopter
616.918,203,evacuee,,Evacuee;378;in triage state;R;is at the evacuation site
617.869,3,evacueeManager,,OFF SHIP: White;0;Green;387;Yellow;52;Red;12;Black;49;ON SHIP: White;0;Green;0;Yellow;0;Red;0;Evacuees to Transfer;
617.869,465,evacuee,outES,Evacuee 122 in triage category R is not assigned a helicopter
617.869,465,evacuee,,Evacuee;122;in triage state;B;is at the evacuation site
620.975,3,evacueeManager,,OFF SHIP: White;0;Green;387;Yellow;52;Red;11;Black;50;ON SHIP: White;0;Green;0;Yellow;0;Red;0;Evacuees to Transfer;
620.975,339,evacuee,outES,Evacuee 309 in triage category R is not assigned a helicopter
620.975,339,evacuee,,Evacuee;309;in triage state;B;is at the evacuation site
623.667,3,evacueeManager,,OFF SHIP: White;0;Green;386;Yellow;53;Red;11;Black;50;ON SHIP: White;0;Green;0;Yellow;0;Red;0;Evacuees to Transfer;
623.667,471,evacuee,outES,Evacuee 276 in triage category G is not assigned a helicopter
623.667,471,evacuee,,Evacuee;276;in triage state;Y;is at the evacuation site
625.785,3,evacueeManager,,OFF SHIP: White;0;Green;385;Yellow;54;Red;11;Black;50;ON SHIP: White;0;Green;0;Yellow;0;Red;0;Evacuees to Transfer;
625.785,1354,evacuee,outES,Evacuee 399 in triage category G is not assigned a helicopter
625.785,1354,evacuee,,Evacuee;399;in triage state;Y;is at the evacuation site
626.331,3,evacueeManager,,OFF SHIP: White;0;Green;384;Yellow;55;Red;11;Black;50;ON SHIP: White;0;Green;0;Yellow;0;Red;0;Evacuees to Transfer;
626.331,1168,evacuee,outES,Evacuee 385 in triage category G is not assigned a helicopter
626.331,1168,evacuee,,Evacuee;385;in triage state;Y;is at the evacuation site
627.424,3,evacueeManager,,OFF SHIP: White;0;Green;383;Yellow;56;Red;11;Black;50;ON SHIP: White;0;Green;0;Yellow;0;Red;0;Evacuees to Transfer;
627.424,792,evacuee,outES,Evacuee 400 in triage category G is not assigned a helicopter
627.424,792,evacuee,,Evacuee;400;in triage state;Y;is at the evacuation site
630.57,3,evacueeManager,,OFF SHIP: White;0;Green;382;Yellow;57;Red;11;Black;50;ON SHIP: White;0;Green;0;Yellow;0;Red;0;Evacuees to Transfer;
630.57,342,evacuee,outES,Evacuee 306 in triage category G is not assigned a helicopter
630.57,342,evacuee,,Evacuee;306;in triage state;Y;is at the evacuation site
635.981,3,evacueeManager,,OFF SHIP: White;0;Green;381;Yellow;58;Red;11;Black;50;ON SHIP: White;0;Green;0;Yellow;0;Red;0;Evacuees to Transfer;
635.981,86,evacuee,outES,Evacuee 445 in triage category G is not assigned a helicopter
635.981,86,evacuee,,Evacuee;445;in triage state;Y;is at the evacuation site
640.167,3,evacueeManager,,OFF SHIP: White;0;Green;380;Yellow;59;Red;11;Black;50;ON SHIP: White;0;Green;0;Yellow;0;Red;0;Evacuees to Transfer;
640.167,912,evacuee,outES,Evacuee 359 in triage category G is not assigned a helicopter
640.167,912,evacuee,,Evacuee;359;in triage state;Y;is at the evacuation site
641.379,3,evacueeManager,,OFF SHIP: White;0;Green;380;Yellow;59;Red;10;Black;51;ON SHIP: White;0;Green;0;Yellow;0;Red;0;Evacuees to Transfer;
641.379,149,evacuee,outES,Evacuee 401 in triage category R is not assigned a helicopter
641.379,149,evacuee,,Evacuee;401;in triage state;B;is at the evacuation site
643.515,3,evacueeManager,,OFF SHIP: White;0;Green;380;Yellow;58;Red;11;Black;51;ON SHIP: White;0;Green;0;Yellow;0;Red;0;Evacuees to Transfer;
643.515,1345,evacuee,outES,Evacuee 249 in triage category Y is not assigned a helicopter
643.515,1345,evacuee,,Evacuee;249;in triage state;R;is at the evacuation site
647.994,3,evacueeManager,,OFF SHIP: White;0;Green;380;Yellow;57;Red;12;Black;51;ON SHIP: White;0;Green;0;Yellow;0;Red;0;Evacuees to Transfer;
647.994,1405,evacuee,outES,Evacuee 27 in triage category Y is not assigned a helicopter
647.994,1405,evacuee,,Evacuee;27;in triage state;R;is at the evacuation site
649.594,3,evacueeManager,,OFF SHIP: White;0;Green;380;Yellow;56;Red;13;Black;51;ON SHIP: White;0;Green;0;Yellow;0;Red;0;Evacuees to Transfer;
649.594,1165,evacuee,outES,Evacuee 60 in triage category Y is not assigned a helicopter
649.594,1165,evacuee,,Evacuee;60;in triage state;R;is at the evacuation site
651.63,3,evacueeManager,,OFF SHIP: White;0;Green;380;Yellow;56;Red;12;Black;52;ON SHIP: White;0;Green;0;Yellow;0;Red;0;Evacuees to Transfer;
651.63,906,evacuee,outES,Evacuee 157 in triage category R is not assigned a helicopter
651.63,906,evacuee,,Evacuee;157;in triage state;B;is at the evacuation site
658.181,3,evacueeManager,,OFF SHIP: White;0;Green;380;Yellow;55;Red;13;Black;52;ON SHIP: White;0;Green;0;Yellow;0;Red;0;Evacuees to Transfer;
658.181,185,evacuee,outES,Evacuee 480 in triage category Y is not assigned a helicopter
658.181,185,evacuee,,Evacuee;480;in triage state;R;is at the evacuation site
659.907,3,evacueeManager,,OFF SHIP: White;0;Green;380;Yellow;54;Red;14;Black;52;ON SHIP: White;0;Green;0;Yellow;0;Red;0;Evacuees to Transfer;
659.907,657,evacuee,outES,Evacuee 213 in triage category Y is not assigned a helicopter
659.907,657,evacuee,,Evacuee;213;in triage state;R;is at the evacuation site
660.701,3,evacueeManager,,OFF SHIP: White;0;Green;379;Yellow;55;Red;14;Black;52;ON SHIP: White;0;Green;0;Yellow;0;Red;0;Evacuees to Transfer;
660.701,978,evacuee,outES,Evacuee 304 in triage category G is not assigned a helicopter
660.701,978,evacuee,,Evacuee;304;in triage state;Y;is at the evacuation site
662.798,3,evacueeManager,,OFF SHIP: White;0;Green;379;Yellow;54;Red;15;Black;52;ON SHIP: White;0;Green;0;Yellow;0;Red;0;Evacuees to Transfer;
662.798,978,evacuee,outES,Evacuee 304 in triage category Y is not assigned a helicopter
662.798,978,evacuee,,Evacuee;304;in triage state;R;is at the evacuation site
664.307,3,evacueeManager,,OFF SHIP: White;0;Green;379;Yellow;53;Red;16;Black;52;ON SHIP: White;0;Green;0;Yellow;0;Red;0;Evacuees to Transfer;
664.307,80,evacuee,outES,Evacuee 455 in triage category Y is not assigned a helicopter
664.307,80,evacuee,,Evacuee;455;in triage state;R;is at the evacuation site
670.717,3,evacueeManager,,OFF SHIP: White;0;Green;379;Yellow;53;Red;15;Black;53;ON SHIP: White;0;Green;0;Yellow;0;Red;0;Evacuees to Transfer;
670.717,1282,evacuee,outES,Evacuee 176 in triage category R is not assigned a helicopter
670.717,1282,evacuee,,Evacuee;176;in triage state;B;is at the evacuation site
674.565,3,evacueeManager,,OFF SHIP: White;0;Green;378;Yellow;54;Red;15;Black;53;ON SHIP: White;0;Green;0;Yellow;0;Red;0;Evacuees to Transfer;
674.565,1411,evacuee,outES,Evacuee 294 in triage category G is not assigned a helicopter
674.565,1411,evacuee,,Evacuee;294;in triage state;Y;is at the evacuation site
676.129,3,evacueeManager,,OFF SHIP: White;0;Green;378;Yellow;53;Red;16;Black;53;ON SHIP: White;0;Green;0;Yellow;0;Red;0;Evacuees to Transfer;
676.129,663,evacuee,outES,Evacuee 77 in triage category Y is not assigned a helicopter
676.129,663,evacuee,,Evacuee;77;in triage state;R;is at the evacuation site
677.886,3,evacueeManager,,OFF SHIP: White;0;Green;378;Yellow;53;Red;15;Black;54;ON SHIP: White;0;Green;0;Yellow;0;Red;0;Evacuees to Transfer;
677.886,663,evacuee,outES,Evacuee 77 in triage category R is not assigned a helicopter
677.886,663,evacuee,,Evacuee;77;in triage state;B;is at the evacuation site
680.825,3,evacueeManager,,OFF SHIP: White;0;Green;377;Yellow;54;Red;15;Black;54;ON SHIP: White;0;Green;0;Yellow;0;Red;0;Evacuees to Transfer;
680.825,1225,evacuee,outES,Evacuee 153 in triage category G is not assigned a helicopter
680.825,1225,evacuee,,Evacuee;153;in triage state;Y;is at the evacuation site
684.091,3,evacueeManager,,OFF SHIP: White;0;Green;377;Yellow;53;Red;16;Black;54;ON SHIP: White;0;Green;0;Yellow;0;Red;0;Evacuees to Transfer;
684.091,969,evacuee,outES,Evacuee 61 in triage category Y is not assigned a helicopter
684.091,969,evacuee,,Evacuee;61;in triage state;R;is at the evacuation site
684.587,3,evacueeManager,,OFF SHIP: White;0;Green;376;Yellow;54;Red;16;Black;54;ON SHIP: White;0;Green;0;Yellow;0;Red;0;Evacuees to Transfer;
684.587,600,evacuee,outES,Evacuee 342 in triage category G is not assigned a helicopter
684.587,600,evacuee,,Evacuee;342;in triage state;Y;is at the evacuation site
684.797,3,evacueeManager,,OFF SHIP: White;0;Green;375;Yellow;55;Red;16;Black;54;ON SHIP: White;0;Green;0;Yellow;0;Red;0;Evacuees to Transfer;
684.797,858,evacuee,outES,Evacuee 256 in triage category G is not assigned a helicopter
684.797,858,evacuee,,Evacuee;256;in triage state;Y;is at the evacuation site
689.56,3,evacueeManager,,OFF SHIP: White;0;Green;375;Yellow;55;Red;15;Black;55;ON SHIP: White;0;Green;0;Yellow;0;Red;0;Evacuees to Transfer;
689.56,969,evacuee,outES,Evacuee 61 in triage category R is not assigned a helicopter
689.56,969,evacuee,,Evacuee;61;in triage state;B;is at the evacuation site
703.775,3,evacueeManager,,OFF SHIP: White;0;Green;375;Yellow;54;Red;16;Black;55;ON SHIP: White;0;Green;0;Yellow;0;Red;0;Evacuees to Transfer;
703.775,1354,evacuee,outES,Evacuee 399 in triage category Y is not assigned a helicopter
703.775,1354,evacuee,,Evacuee;399;in triage state;R;is at the evacuation site
703.968,3,evacueeManager,,OFF SHIP: White;0;Green;374;Yellow;55;Red;16;Black;55;ON SHIP: White;0;Green;0;Yellow;0;Red;0;Evacuees to Transfer;
703.968,1477,evacuee,outES,Evacuee 243 in triage category G is not assigned a helicopter
703.968,1477,evacuee,,Evacuee;243;in triage state;Y;is at the evacuation site
704.665,3,evacueeManager,,OFF SHIP: White;0;Green;374;Yellow;55;Red;15;Black;56;ON SHIP: White;0;Green;0;Yellow;0;Red;0;Evacuees to Transfer;
704.665,1165,evacuee,outES,Evacuee 60 in triage category R is not assigned a helicopter
704.665,1165,evacuee,,Evacuee;60;in triage state;B;is at the evacuation site
705.091,3,evacueeManager,,OFF SHIP: White;0;Green;373;Yellow;56;Red;15;Black;56;ON SHIP: White;0;Green;0;Yellow;0;Red;0;Evacuees to Transfer;
705.091,1101,evacuee,outES,Evacuee 19 in triage category G is not assigned a helicopter
705.091,1101,evacuee,,Evacuee;19;in triage state;Y;is at the evacuation site
707.672,3,evacueeManager,,OFF SHIP: White;0;Green;373;Yellow;55;Red;16;Black;56;ON SHIP: White;0;Green;0;Yellow;0;Red;0;Evacuees to Transfer;
707.672,1098,evacuee,outES,Evacuee 50 in triage category Y is not assigned a helicopter
707.672,1098,evacuee,,Evacuee;50;in triage state;R;is at the evacuation site
714.134,3,evacueeManager,,OFF SHIP: White;0;Green;373;Yellow;54;Red;17;Black;56;ON SHIP: White;0;Green;0;Yellow;0;Red;0;Evacuees to Transfer;
714.134,77,evacuee,outES,Evacuee 456 in triage category Y is not assigned a helicopter
714.134,77,evacuee,,Evacuee;456;in triage state;R;is at the evacuation site
714.956,3,evacueeManager,,OFF SHIP: White;0;Green;373;Yellow;54;Red;16;Black;57;ON SHIP: White;0;Green;0;Yellow;0;Red;0;Evacuees to Transfer;
714.956,1345,evacuee,outES,Evacuee 249 in triage category R is not assigned a helicopter
714.956,1345,evacuee,,Evacuee;249;in triage state;B;is at the evacuation site
716.559,3,evacueeManager,,OFF SHIP: White;0;Green;372;Yellow;55;Red;16;Black;57;ON SHIP: White;0;Green;0;Yellow;0;Red;0;Evacuees to Transfer;
716.559,152,evacuee,outES,Evacuee 398 in triage category G is not assigned a helicopter
716.559,152,evacuee,,Evacuee;398;in triage state;Y;is at the evacuation site
716.888,3,evacueeManager,,OFF SHIP: White;0;Green;372;Yellow;55;Red;15;Black;58;ON SHIP: White;0;Green;0;Yellow;0;Red;0;Evacuees to Transfer;
716.888,1098,evacuee,outES,Evacuee 50 in triage category R is not assigned a helicopter
716.888,1098,evacuee,,Evacuee;50;in triage state;B;is at the evacuation site
719.942,3,evacueeManager,,OFF SHIP: White;0;Green;372;Yellow;55;Red;14;Black;59;ON SHIP: White;0;Green;0;Yellow;0;Red;0;Evacuees to Transfer;
719.942,1089,evacuee,outES,Evacuee 55 in triage category R is not assigned a helicopter
719.942,1089,evacuee,,Evacuee;55;in triage state;B;is at the evacuation site
721.317,3,evacueeManager,,OFF SHIP: White;0;Green;372;Yellow;55;Red;13;Black;60;ON SHIP: White;0;Green;0;Yellow;0;Red;0;Evacuees to Transfer;
721.317,402,evacuee,outES,Evacuee 280 in triage category R is not assigned a helicopter
721.317,402,evacuee,,Evacuee;280;in triage state;B;is at the evacuation site
723.633,3,evacueeManager,,OFF SHIP: White;0;Green;372;Yellow;55;Red;12;Black;61;ON SHIP: White;0;Green;0;Yellow;0;Red;0;Evacuees to Transfer;
723.633,80,evacuee,outES,Evacuee 455 in triage category R is not assigned a helicopter
723.633,80,evacuee,,Evacuee;455;in triage state;B;is at the evacuation site
724.114,3,evacueeManager,,OFF SHIP: White;0;Green;371;Yellow;56;Red;12;Black;61;ON SHIP: White;0;Green;0;Yellow;0;Red;0;Evacuees to Transfer;
724.114,537,evacuee,outES,Evacuee 106 in triage category G is not assigned a helicopter
724.114,537,evacuee,,Evacuee;106;in triage state;Y;is at the evacuation site
728.907,3,evacueeManager,,OFF SHIP: White;0;Green;371;Yellow;56;Red;11;Black;62;ON SHIP: White;0;Green;0;Yellow;0;Red;0;Evacuees to Transfer;
728.907,203,evacuee,outES,Evacuee 378 in triage category R is not assigned a helicopter
728.907,203,evacuee,,Evacuee;378;in triage state;B;is at the evacuation site
731.829,3,evacueeManager,,OFF SHIP: White;0;Green;370;Yellow;57;Red;11;Black;62;ON SHIP: White;0;Green;0;Yellow;0;Red;0;Evacuees to Transfer;
731.829,215,evacuee,outES,Evacuee 372 in triage category G is not assigned a helicopter
731.829,215,evacuee,,Evacuee;372;in triage state;Y;is at the evacuation site
732.255,3,evacueeManager,,OFF SHIP: White;0;Green;369;Yellow;58;Red;11;Black;62;ON SHIP: White;0;Green;0;Yellow;0;Red;0;Evacuees to Transfer;
732.255,729,evacuee,outES,Evacuee 179 in triage category G is not assigned a helicopter
732.255,729,evacuee,,Evacuee;179;in triage state;Y;is at the evacuation site
736.707,3,evacueeManager,,OFF SHIP: White;0;Green;369;Yellow;58;Red;10;Black;63;ON SHIP: White;0;Green;0;Yellow;0;Red;0;Evacuees to Transfer;
736.707,657,evacuee,outES,Evacuee 213 in triage category R is not assigned a helicopter
736.707,657,evacuee,,Evacuee;213;in triage state;B;is at the evacuation site
737.292,3,evacueeManager,,OFF SHIP: White;0;Green;368;Yellow;59;Red;10;Black;63;ON SHIP: White;0;Green;0;Yellow;0;Red;0;Evacuees to Transfer;
737.292,666,evacuee,outES,Evacuee 156 in triage category G is not assigned a helicopter
737.292,666,evacuee,,Evacuee;156;in triage state;Y;is at the evacuation site
743.408,3,evacueeManager,,OFF SHIP: White;0;Green;368;Yellow;58;Red;11;Black;63;ON SHIP: White;0;Green;0;Yellow;0;Red;0;Evacuees to Transfer;
743.408,912,evacuee,outES,Evacuee 359 in triage category Y is not assigned a helicopter
743.408,912,evacuee,,Evacuee;359;in triage state;R;is at the evacuation site
745.85,3,evacueeManager,,OFF SHIP: White;0;Green;368;Yellow;57;Red;12;Black;63;ON SHIP: White;0;Green;0;Yellow;0;Red;0;Evacuees to Transfer;
745.85,594,evacuee,outES,Evacuee 447 in triage category Y is not assigned a helicopter
745.85,594,evacuee,,Evacuee;447;in triage state;R;is at the evacuation site
746.573,3,evacueeManager,,OFF SHIP: White;0;Green;368;Yellow;56;Red;13;Black;63;ON SHIP: White;0;Green;0;Yellow;0;Red;0;Evacuees to Transfer;
746.573,909,evacuee,outES,Evacuee 451 in triage category Y is not assigned a helicopter
746.573,909,evacuee,,Evacuee;451;in triage state;R;is at the evacuation site
751.673,3,evacueeManager,,OFF SHIP: White;0;Green;367;Yellow;57;Red;13;Black;63;ON SHIP: White;0;Green;0;Yellow;0;Red;0;Evacuees to Transfer;
751.673,408,evacuee,outES,Evacuee 279 in triage category G is not assigned a helicopter
751.673,408,evacuee,,Evacuee;279;in triage state;Y;is at the evacuation site
752.064,3,evacueeManager,,OFF SHIP: White;0;Green;367;Yellow;56;Red;14;Black;63;ON SHIP: White;0;Green;0;Yellow;0;Red;0;Evacuees to Transfer;
752.064,573,evacuee,outES,Evacuee 497 in triage category Y is not assigned a helicopter
752.064,573,evacuee,,Evacuee;497;in triage state;R;is at the evacuation site
754.391,3,evacueeManager,,OFF SHIP: White;0;Green;367;Yellow;56;Red;13;Black;64;ON SHIP: White;0;Green;0;Yellow;0;Red;0;Evacuees to Transfer;
754.391,573,evacuee,outES,Evacuee 497 in triage category R is not assigned a helicopter
754.391,573,evacuee,,Evacuee;497;in triage state;B;is at the evacuation site
758.051,3,evacueeManager,,OFF SHIP: White;0;Green;367;Yellow;56;Red;12;Black;65;ON SHIP: White;0;Green;0;Yellow;0;Red;0;Evacuees to Transfer;
758.051,594,evacuee,outES,Evacuee 447 in triage category R is not assigned a helicopter
758.051,594,evacuee,,Evacuee;447;in triage state;B;is at the evacuation site
759.223,3,evacueeManager,,OFF SHIP: White;0;Green;367;Yellow;55;Red;13;Black;65;ON SHIP: White;0;Green;0;Yellow;0;Red;0;Evacuees to Transfer;
759.223,528,evacuee,outES,Evacuee 373 in triage category Y is not assigned a helicopter
759.223,528,evacuee,,Evacuee;373;in triage state;R;is at the evacuation site
760.311,3,evacueeManager,,OFF SHIP: White;0;Green;367;Yellow;55;Red;12;Black;66;ON SHIP: White;0;Green;0;Yellow;0;Red;0;Evacuees to Transfer;
760.311,1405,evacuee,outES,Evacuee 27 in triage category R is not assigned a helicopter
760.311,1405,evacuee,,Evacuee;27;in triage state;B;is at the evacuation site
770.193,3,evacueeManager,,OFF SHIP: White;0;Green;367;Yellow;54;Red;13;Black;66;ON SHIP: White;0;Green;0;Yellow;0;Red;0;Evacuees to Transfer;
770.193,1035,evacuee,outES,Evacuee 429 in triage category Y is not assigned a helicopter
770.193,1035,evacuee,,Evacuee;429;in triage state;R;is at the evacuation site
771.512,3,evacueeManager,,OFF SHIP: White;0;Green;366;Yellow;55;Red;13;Black;66;ON SHIP: White;0;Green;0;Yellow;0;Red;0;Evacuees to Transfer;
771.512,1291,evacuee,outES,Evacuee 170 in triage category G is not assigned a helicopter
771.512,1291,evacuee,,Evacuee;170;in triage state;Y;is at the evacuation site
773.644,3,evacueeManager,,OFF SHIP: White;0;Green;366;Yellow;54;Red;14;Black;66;ON SHIP: White;0;Green;0;Yellow;0;Red;0;Evacuees to Transfer;
773.644,215,evacuee,outES,Evacuee 372 in triage category Y is not assigned a helicopter
773.644,215,evacuee,,Evacuee;372;in triage state;R;is at the evacuation site
780.05,3,evacueeManager,,OFF SHIP: White;0;Green;366;Yellow;53;Red;15;Black;66;ON SHIP: White;0;Green;0;Yellow;0;Red;0;Evacuees to Transfer;
780.05,1411,evacuee,outES,Evacuee 294 in triage category Y is not assigned a helicopter
780.05,1411,evacuee,,Evacuee;294;in triage state;R;is at the evacuation site
780.82,3,evacueeManager,,OFF SHIP: White;0;Green;366;Yellow;53;Red;14;Black;67;ON SHIP: White;0;Green;0;Yellow;0;Red;0;Evacuees to Transfer;
780.82,77,evacuee,outES,Evacuee 456 in triage category R is not assigned a helicopter
780.82,77,evacuee,,Evacuee;456;in triage state;B;is at the evacuation site
793.729,3,evacueeManager,,OFF SHIP: White;0;Green;366;Yellow;53;Red;13;Black;68;ON SHIP: White;0;Green;0;Yellow;0;Red;0;Evacuees to Transfer;
793.729,1035,evacuee,outES,Evacuee 429 in triage category R is not assigned a helicopter
793.729,1035,evacuee,,Evacuee;429;in triage state;B;is at the evacuation site
793.73,3,evacueeManager,,OFF SHIP: White;0;Green;365;Yellow;54;Red;13;Black;68;ON SHIP: White;0;Green;0;Yellow;0;Red;0;Evacuees to Transfer;
793.73,474,evacuee,outES,Evacuee 121 in triage category G is not assigned a helicopter
793.73,474,evacuee,,Evacuee;121;in triage state;Y;is at the evacuation site
795.977,3,evacueeManager,,OFF SHIP: White;0;Green;364;Yellow;55;Red;13;Black;68;ON SHIP: White;0;Green;0;Yellow;0;Red;0;Evacuees to Transfer;
795.977,1357,evacuee,outES,Evacuee 197 in triage category G is not assigned a helicopter
795.977,1357,evacuee,,Evacuee;197;in triage state;Y;is at the evacuation site
796.557,3,evacueeManager,,OFF SHIP: White;0;Green;363;Yellow;56;Red;13;Black;68;ON SHIP: White;0;Green;0;Yellow;0;Red;0;Evacuees to Transfer;
796.557,1171,evacuee,outES,Evacuee 181 in triage category G is not assigned a helicopter
796.557,1171,evacuee,,Evacuee;181;in triage state;Y;is at the evacuation site
797.716,3,evacueeManager,,OFF SHIP: White;0;Green;362;Yellow;57;Red;13;Black;68;ON SHIP: White;0;Green;0;Yellow;0;Red;0;Evacuees to Transfer;
797.716,795,evacuee,outES,Evacuee 268 in triage category G is not assigned a helicopter
797.716,795,evacuee,,Evacuee;268;in triage state;Y;is at the evacuation site
803.196,3,evacueeManager,,OFF SHIP: White;0;Green;362;Yellow;56;Red;14;Black;68;ON SHIP: White;0;Green;0;Yellow;0;Red;0;Evacuees to Transfer;
803.196,336,evacuee,outES,Evacuee 312 in triage category Y is not assigned a helicopter
803.196,336,evacuee,,Evacuee;312;in triage state;R;is at the evacuation site
803.814,3,evacueeManager,,OFF SHIP: White;0;Green;361;Yellow;57;Red;14;Black;68;ON SHIP: White;0;Green;0;Yellow;0;Red;0;Evacuees to Transfer;
803.814,89,evacuee,outES,Evacuee 442 in triage category G is not assigned a helicopter
803.814,89,evacuee,,Evacuee;442;in triage state;Y;is at the evacuation site
804.032,3,evacueeManager,,OFF SHIP: White;0;Green;360;Yellow;58;Red;14;Black;68;ON SHIP: White;0;Green;0;Yellow;0;Red;0;Evacuees to Transfer;
804.032,345,evacuee,outES,Evacuee 305 in triage category G is not assigned a helicopter
804.032,345,evacuee,,Evacuee;305;in triage state;Y;is at the evacuation site
808.116,3,evacueeManager,,OFF SHIP: White;0;Green;360;Yellow;58;Red;13;Black;69;ON SHIP: White;0;Green;0;Yellow;0;Red;0;Evacuees to Transfer;
808.116,909,evacuee,outES,Evacuee 451 in triage category R is not assigned a helicopter
808.116,909,evacuee,,Evacuee;451;in triage state;B;is at the evacuation site
812.251,3,evacueeManager,,OFF SHIP: White;0;Green;360;Yellow;58;Red;12;Black;70;ON SHIP: White;0;Green;0;Yellow;0;Red;0;Evacuees to Transfer;
812.251,912,evacuee,outES,Evacuee 359 in triage category R is not assigned a helicopter
812.251,912,evacuee,,Evacuee;359;in triage state;B;is at the evacuation site
814.03,3,evacueeManager,,OFF SHIP: White;0;Green;360;Yellow;57;Red;13;Black;70;ON SHIP: White;0;Green;0;Yellow;0;Red;0;Evacuees to Transfer;
814.03,1357,evacuee,outES,Evacuee 197 in triage category Y is not assigned a helicopter
814.03,1357,evacuee,,Evacuee;197;in triage state;R;is at the evacuation site
814.226,3,evacueeManager,,OFF SHIP: White;0;Green;359;Yellow;58;Red;13;Black;70;ON SHIP: White;0;Green;0;Yellow;0;Red;0;Evacuees to Transfer;
814.226,915,evacuee,outES,Evacuee 286 in triage category G is not assigned a helicopter
814.226,915,evacuee,,Evacuee;286;in triage state;Y;is at the evacuation site
817.974,3,evacueeManager,,OFF SHIP: White;0;Green;359;Yellow;58;Red;12;Black;71;ON SHIP: White;0;Green;0;Yellow;0;Red;0;Evacuees to Transfer;
817.974,1399,evacuee,outES,Evacuee 69 in triage category R is not assigned a helicopter
817.974,1399,evacuee,,Evacuee;69;in triage state;B;is at the evacuation site
821.688,3,evacueeManager,,OFF SHIP: White;0;Green;359;Yellow;57;Red;13;Black;71;ON SHIP: White;0;Green;0;Yellow;0;Red;0;Evacuees to Transfer;
821.688,1041,evacuee,outES,Evacuee 160 in triage category Y is not assigned a helicopter
821.688,1041,evacuee,,Evacuee;160;in triage state;R;is at the evacuation site
822.955,3,evacueeManager,,OFF SHIP: White;0;Green;359;Yellow;57;Red;12;Black;72;ON SHIP: White;0;Green;0;Yellow;0;Red;0;Evacuees to Transfer;
822.955,1354,evacuee,outES,Evacuee 399 in triage category R is not assigned a helicopter
822.955,1354,evacuee,,Evacuee;399;in triage state;B;is at the evacuation site
824.596,3,evacueeManager,,OFF SHIP: White;0;Green;359;Yellow;56;Red;13;Black;72;ON SHIP: White;0;Green;0;Yellow;0;Red;0;Evacuees to Transfer;
824.596,89,evacuee,outES,Evacuee 442 in triage category Y is not assigned a helicopter
824.596,89,evacuee,,Evacuee;442;in triage state;R;is at the evacuation site
826.515,3,evacueeManager,,OFF SHIP: White;0;Green;359;Yellow;55;Red;14;Black;72;ON SHIP: White;0;Green;0;Yellow;0;Red;0;Evacuees to Transfer;
826.515,342,evacuee,outES,Evacuee 306 in triage category Y is not assigned a helicopter
826.515,342,evacuee,,Evacuee;306;in triage state;R;is at the evacuation site
826.851,3,evacueeManager,,OFF SHIP: White;0;Green;359;Yellow;55;Red;13;Black;73;ON SHIP: White;0;Green;0;Yellow;0;Red;0;Evacuees to Transfer;
826.851,143,evacuee,outES,Evacuee 404 in triage category R is not assigned a helicopter
826.851,143,evacuee,,Evacuee;404;in triage state;B;is at the evacuation site
828.569,3,evacueeManager,,OFF SHIP: White;0;Green;359;Yellow;55;Red;12;Black;74;ON SHIP: White;0;Green;0;Yellow;0;Red;0;Evacuees to Transfer;
828.569,1408,evacuee,outES,Evacuee 211 in triage category R is not assigned a helicopter
828.569,1408,evacuee,,Evacuee;211;in triage state;B;is at the evacuation site
828.592,3,evacueeManager,,OFF SHIP: White;0;Green;359;Yellow;55;Red;11;Black;75;ON SHIP: White;0;Green;0;Yellow;0;Red;0;Evacuees to Transfer;
828.592,1411,evacuee,outES,Evacuee 294 in triage category R is not assigned a helicopter
828.592,1411,evacuee,,Evacuee;294;in triage state;B;is at the evacuation site
830.024,3,evacueeManager,,OFF SHIP: White;0;Green;358;Yellow;56;Red;11;Black;75;ON SHIP: White;0;Green;0;Yellow;0;Red;0;Evacuees to Transfer;
830.024,981,evacuee,outES,Evacuee 154 in triage category G is not assigned a helicopter
830.024,981,evacuee,,Evacuee;154;in triage state;Y;is at the evacuation site
830.319,3,evacueeManager,,OFF SHIP: White;0;Green;358;Yellow;55;Red;12;Black;75;ON SHIP: White;0;Green;0;Yellow;0;Red;0;Evacuees to Transfer;
830.319,525,evacuee,outES,Evacuee 109 in triage category Y is not assigned a helicopter
830.319,525,evacuee,,Evacuee;109;in triage state;R;is at the evacuation site
830.551,3,evacueeManager,,OFF SHIP: White;0;Green;358;Yellow;54;Red;13;Black;75;ON SHIP: White;0;Green;0;Yellow;0;Red;0;Evacuees to Transfer;
830.551,459,evacuee,outES,Evacuee 88 in triage category Y is not assigned a helicopter
830.551,459,evacuee,,Evacuee;88;in triage state;R;is at the evacuation site
835.957,3,evacueeManager,,OFF SHIP: White;0;Green;358;Yellow;53;Red;14;Black;75;ON SHIP: White;0;Green;0;Yellow;0;Red;0;Evacuees to Transfer;
835.957,855,evacuee,outES,Evacuee 172 in triage category Y is not assigned a helicopter
835.957,855,evacuee,,Evacuee;172;in triage state;R;is at the evacuation site
836.707,3,evacueeManager,,OFF SHIP: White;0;Green;358;Yellow;52;Red;15;Black;75;ON SHIP: White;0;Green;0;Yellow;0;Red;0;Evacuees to Transfer;
836.707,468,evacuee,outES,Evacuee 108 in triage category Y is not assigned a helicopter
836.707,468,evacuee,,Evacuee;108;in triage state;R;is at the evacuation site
838.913,3,evacueeManager,,OFF SHIP: White;0;Green;358;Yellow;52;Red;14;Black;76;ON SHIP: White;0;Green;0;Yellow;0;Red;0;Evacuees to Transfer;
838.913,978,evacuee,outES,Evacuee 304 in triage category R is not assigned a helicopter
838.913,978,evacuee,,Evacuee;304;in triage state;B;is at the evacuation site
840.688,3,evacueeManager,,OFF SHIP: White;0;Green;358;Yellow;52;Red;13;Black;77;ON SHIP: White;0;Green;0;Yellow;0;Red;0;Evacuees to Transfer;
840.688,525,evacuee,outES,Evacuee 109 in triage category R is not assigned a helicopter
840.688,525,evacuee,,Evacuee;109;in triage state;B;is at the evacuation site
846.029,3,evacueeManager,,OFF SHIP: White;0;Green;358;Yellow;52;Red;12;Black;78;ON SHIP: White;0;Green;0;Yellow;0;Red;0;Evacuees to Transfer;
846.029,89,evacuee,outES,Evacuee 442 in triage category R is not assigned a helicopter
846.029,89,evacuee,,Evacuee;442;in triage state;B;is at the evacuation site
847.754,3,evacueeManager,,OFF SHIP: White;0;Green;357;Yellow;53;Red;12;Black;78;ON SHIP: White;0;Green;0;Yellow;0;Red;0;Evacuees to Transfer;
847.754,1414,evacuee,outES,Evacuee 214 in triage category G is not assigned a helicopter
847.754,1414,evacuee,,Evacuee;214;in triage state;Y;is at the evacuation site
854.402,3,evacueeManager,,OFF SHIP: White;0;Green;356;Yellow;54;Red;12;Black;78;ON SHIP: White;0;Green;0;Yellow;0;Red;0;Evacuees to Transfer;
854.402,1228,evacuee,outES,Evacuee 67 in triage category G is not assigned a helicopter
854.402,1228,evacuee,,Evacuee;67;in triage state;Y;is at the evacuation site
857.68,3,evacueeManager,,OFF SHIP: White;0;Green;356;Yellow;54;Red;11;Black;79;ON SHIP: White;0;Green;0;Yellow;0;Red;0;Evacuees to Transfer;
857.68,336,evacuee,outES,Evacuee 312 in triage category R is not assigned a helicopter
857.68,336,evacuee,,Evacuee;312;in triage state;B;is at the evacuation site
858.621,3,evacueeManager,,OFF SHIP: White;0;Green;355;Yellow;55;Red;11;Black;79;ON SHIP: White;0;Green;0;Yellow;0;Red;0;Evacuees to Transfer;
858.621,861,evacuee,outES,Evacuee 347 in triage category G is not assigned a helicopter
858.621,861,evacuee,,Evacuee;347;in triage state;Y;is at the evacuation site
861.437,3,evacueeManager,,OFF SHIP: White;0;Green;354;Yellow;56;Red;11;Black;79;ON SHIP: White;0;Green;0;Yellow;0;Red;0;Evacuees to Transfer;
861.437,603,evacuee,outES,Evacuee 93 in triage category G is not assigned a helicopter
861.437,603,evacuee,,Evacuee;93;in triage state;Y;is at the evacuation site
863.439,3,evacueeManager,,OFF SHIP: White;0;Green;353;Yellow;57;Red;11;Black;79;ON SHIP: White;0;Green;0;Yellow;0;Red;0;Evacuees to Transfer;
863.439,282,evacuee,outES,Evacuee 330 in triage category G is not assigned a helicopter
863.439,282,evacuee,,Evacuee;330;in triage state;Y;is at the evacuation site
864.713,3,evacueeManager,,OFF SHIP: White;0;Green;353;Yellow;56;Red;12;Black;79;ON SHIP: White;0;Green;0;Yellow;0;Red;0;Evacuees to Transfer;
864.713,1101,evacuee,outES,Evacuee 19 in triage category Y is not assigned a helicopter
864.713,1101,evacuee,,Evacuee;19;in triage state;R;is at the evacuation site
869.665,3,evacueeManager,,OFF SHIP: White;0;Green;353;Yellow;56;Red;11;Black;80;ON SHIP: White;0;Green;0;Yellow;0;Red;0;Evacuees to Transfer;
869.665,342,evacuee,outES,Evacuee 306 in triage category R is not assigned a helicopter
869.665,342,evacuee,,Evacuee;306;in triage state;B;is at the evacuation site
869.858,3,evacueeManager,,OFF SHIP: White;0;Green;353;Yellow;56;Red;10;Black;81;ON SHIP: White;0;Green;0;Yellow;0;Red;0;Evacuees to Transfer;
869.858,528,evacuee,outES,Evacuee 373 in triage category R is not assigned a helicopter
869.858,528,evacuee,,Evacuee;373;in triage state;B;is at the evacuation site
874.069,3,evacueeManager,,OFF SHIP: White;0;Green;352;Yellow;57;Red;10;Black;81;ON SHIP: White;0;Green;0;Yellow;0;Red;0;Evacuees to Transfer;
874.069,1104,evacuee,outES,Evacuee 182 in triage category G is not assigned a helicopter
874.069,1104,evacuee,,Evacuee;182;in triage state;Y;is at the evacuation site
874.251,3,evacueeManager,,OFF SHIP: White;0;Green;352;Yellow;57;Red;9;Black;82;ON SHIP: White;0;Green;0;Yellow;0;Red;0;Evacuees to Transfer;
874.251,855,evacuee,outES,Evacuee 172 in triage category R is not assigned a helicopter
874.251,855,evacuee,,Evacuee;172;in triage state;B;is at the evacuation site
876.852,3,evacueeManager,,OFF SHIP: White;0;Green;352;Yellow;56;Red;10;Black;82;ON SHIP: White;0;Green;0;Yellow;0;Red;0;Evacuees to Transfer;
876.852,1095,evacuee,outES,Evacuee 144 in triage category Y is not assigned a helicopter
876.852,1095,evacuee,,Evacuee;144;in triage state;R;is at the evacuation site
878.159,3,evacueeManager,,OFF SHIP: White;0;Green;352;Yellow;55;Red;11;Black;82;ON SHIP: White;0;Green;0;Yellow;0;Red;0;Evacuees to Transfer;
878.159,954,evacuee,outES,Evacuee 496 in triage category Y is not assigned a helicopter
878.159,954,evacuee,,Evacuee;496;in triage state;R;is at the evacuation site
880.048,3,evacueeManager,,OFF SHIP: White;0;Green;352;Yellow;55;Red;10;Black;83;ON SHIP: White;0;Green;0;Yellow;0;Red;0;Evacuees to Transfer;
880.048,1095,evacuee,outES,Evacuee 144 in triage category R is not assigned a helicopter
880.048,1095,evacuee,,Evacuee;144;in triage state;B;is at the evacuation site
883.392,3,evacueeManager,,OFF SHIP: White;0;Green;352;Yellow;54;Red;11;Black;83;ON SHIP: White;0;Green;0;Yellow;0;Red;0;Evacuees to Transfer;
883.392,1092,evacuee,outES,Evacuee 48 in triage category Y is not assigned a helicopter
883.392,1092,evacuee,,Evacuee;48;in triage state;R;is at the evacuation site
884.89,3,evacueeManager,,OFF SHIP: White;0;Green;352;Yellow;54;Red;10;Black;84;ON SHIP: White;0;Green;0;Yellow;0;Red;0;Evacuees to Transfer;
884.89,399,evacuee,outES,Evacuee 281 in triage category R is not assigned a helicopter
884.89,399,evacuee,,Evacuee;281;in triage state;B;is at the evacuation site
885.112,3,evacueeManager,,OFF SHIP: White;0;Green;351;Yellow;55;Red;10;Black;84;ON SHIP: White;0;Green;0;Yellow;0;Red;0;Evacuees to Transfer;
885.112,1480,evacuee,outES,Evacuee 96 in triage category G is not assigned a helicopter
885.112,1480,evacuee,,Evacuee;96;in triage state;Y;is at the evacuation site
886.065,3,evacueeManager,,OFF SHIP: White;0;Green;351;Yellow;54;Red;11;Black;84;ON SHIP: White;0;Green;0;Yellow;0;Red;0;Evacuees to Transfer;
886.065,1351,evacuee,outES,Evacuee 195 in triage category Y is not assigned a helicopter
886.065,1351,evacuee,,Evacuee;195;in triage state;R;is at the evacuation site
896.495,3,evacueeManager,,OFF SHIP: White;0;Green;351;Yellow;53;Red;12;Black;84;ON SHIP: White;0;Green;0;Yellow;0;Red;0;Evacuees to Transfer;
896.495,795,evacuee,outES,Evacuee 268 in triage category Y is not assigned a helicopter
896.495,795,evacuee,,Evacuee;268;in triage state;R;is at the evacuation site
898.82,3,evacueeManager,,OFF SHIP: White;0;Green;351;Yellow;52;Red;13;Black;84;ON SHIP: White;0;Green;0;Yellow;0;Red;0;Evacuees to Transfer;
898.82,1480,evacuee,outES,Evacuee 96 in triage category Y is not assigned a helicopter
898.82,1480,evacuee,,Evacuee;96;in triage state;R;is at the evacuation site
901.062,3,evacueeManager,,OFF SHIP: White;0;Green;351;Yellow;52;Red;12;Black;85;ON SHIP: White;0;Green;0;Yellow;0;Red;0;Evacuees to Transfer;
901.062,1357,evacuee,outES,Evacuee 197 in triage category R is not assigned a helicopter
901.062,1357,evacuee,,Evacuee;197;in triage state;B;is at the evacuation site
901.604,3,evacueeManager,,OFF SHIP: White;0;Green;350;Yellow;53;Red;12;Black;85;ON SHIP: White;0;Green;0;Yellow;0;Red;0;Evacuees to Transfer;
901.604,155,evacuee,outES,Evacuee 397 in triage category G is not assigned a helicopter
901.604,155,evacuee,,Evacuee;397;in triage state;Y;is at the evacuation site
908.604,3,evacueeManager,,OFF SHIP: White;0;Green;349;Yellow;54;Red;12;Black;85;ON SHIP: White;0;Green;0;Yellow;0;Red;0;Evacuees to Transfer;
908.604,218,evacuee,outES,Evacuee 371 in triage category G is not assigned a helicopter
908.604,218,evacuee,,Evacuee;371;in triage state;Y;is at the evacuation site
909.66,3,evacueeManager,,OFF SHIP: White;0;Green;348;Yellow;55;Red;12;Black;85;ON SHIP: White;0;Green;0;Yellow;0;Red;0;Evacuees to Transfer;
909.66,540,evacuee,outES,Evacuee 311 in triage category G is not assigned a helicopter
909.66,540,evacuee,,Evacuee;311;in triage state;Y;is at the evacuation site
910.806,3,evacueeManager,,OFF SHIP: White;0;Green;348;Yellow;55;Red;11;Black;86;ON SHIP: White;0;Green;0;Yellow;0;Red;0;Evacuees to Transfer;
910.806,900,evacuee,outES,Evacuee 6 in triage category R is not assigned a helicopter
910.806,900,evacuee,,Evacuee;6;in triage state;B;is at the evacuation site
911.32,3,evacueeManager,,OFF SHIP: White;0;Green;347;Yellow;56;Red;11;Black;86;ON SHIP: White;0;Green;0;Yellow;0;Red;0;Evacuees to Transfer;
911.32,669,evacuee,outES,Evacuee 300 in triage category G is not assigned a helicopter
911.32,669,evacuee,,Evacuee;300;in triage state;Y;is at the evacuation site
912.15,3,evacueeManager,,OFF SHIP: White;0;Green;346;Yellow;57;Red;11;Black;86;ON SHIP: White;0;Green;0;Yellow;0;Red;0;Evacuees to Transfer;
912.15,732,evacuee,outES,Evacuee 147 in triage category G is not assigned a helicopter
912.15,732,evacuee,,Evacuee;147;in triage state;Y;is at the evacuation site
916.729,3,evacueeManager,,OFF SHIP: White;0;Green;346;Yellow;56;Red;12;Black;86;ON SHIP: White;0;Green;0;Yellow;0;Red;0;Evacuees to Transfer;
916.729,903,evacuee,outES,Evacuee 173 in triage category Y is not assigned a helicopter
916.729,903,evacuee,,Evacuee;173;in triage state;R;is at the evacuation site
927.354,3,evacueeManager,,OFF SHIP: White;0;Green;346;Yellow;55;Red;13;Black;86;ON SHIP: White;0;Green;0;Yellow;0;Red;0;Evacuees to Transfer;
927.354,1219,evacuee,outES,Evacuee 222 in triage category Y is not assigned a helicopter
927.354,1219,evacuee,,Evacuee;222;in triage state;R;is at the evacuation site
930.472,3,evacueeManager,,OFF SHIP: White;0;Green;346;Yellow;54;Red;14;Black;86;ON SHIP: White;0;Green;0;Yellow;0;Red;0;Evacuees to Transfer;
930.472,534,evacuee,outES,Evacuee 188 in triage category Y is not assigned a helicopter
930.472,534,evacuee,,Evacuee;188;in triage state;R;is at the evacuation site
935.942,3,evacueeManager,,OFF SHIP: White;0;Green;345;Yellow;55;Red;14;Black;86;ON SHIP: White;0;Green;0;Yellow;0;Red;0;Evacuees to Transfer;
935.942,411,evacuee,outES,Evacuee 278 in triage category G is not assigned a helicopter
935.942,411,evacuee,,Evacuee;278;in triage state;Y;is at the evacuation site
941.439,3,evacueeManager,,OFF SHIP: White;0;Green;345;Yellow;55;Red;13;Black;87;ON SHIP: White;0;Green;0;Yellow;0;Red;0;Evacuees to Transfer;
941.439,534,evacuee,outES,Evacuee 188 in triage category R is not assigned a helicopter
941.439,534,evacuee,,Evacuee;188;in triage state;B;is at the evacuation site
944.273,3,evacueeManager,,OFF SHIP: White;0;Green;345;Yellow;55;Red;12;Black;88;ON SHIP: White;0;Green;0;Yellow;0;Red;0;Evacuees to Transfer;
944.273,1219,evacuee,outES,Evacuee 222 in triage category R is not assigned a helicopter
944.273,1219,evacuee,,Evacuee;222;in triage state;B;is at the evacuation site
947.095,3,evacueeManager,,OFF SHIP: White;0;Green;345;Yellow;54;Red;13;Black;88;ON SHIP: White;0;Green;0;Yellow;0;Red;0;Evacuees to Transfer;
947.095,270,evacuee,outES,Evacuee 338 in triage category Y is not assigned a helicopter
947.095,270,evacuee,,Evacuee;338;in triage state;R;is at the evacuation site
951.94,3,evacueeManager,,OFF SHIP: White;0;Green;345;Yellow;53;Red;14;Black;88;ON SHIP: White;0;Green;0;Yellow;0;Red;0;Evacuees to Transfer;
951.94,537,evacuee,outES,Evacuee 106 in triage category Y is not assigned a helicopter
951.94,537,evacuee,,Evacuee;106;in triage state;R;is at the evacuation site
960.342,3,evacueeManager,,OFF SHIP: White;0;Green;345;Yellow;52;Red;15;Black;88;ON SHIP: White;0;Green;0;Yellow;0;Red;0;Evacuees to Transfer;
960.342,660,evacuee,outES,Evacuee 344 in triage category Y is not assigned a helicopter
960.342,660,evacuee,,Evacuee;344;in triage state;R;is at the evacuation site
962.344,3,evacueeManager,,OFF SHIP: White;0;Green;345;Yellow;51;Red;16;Black;88;ON SHIP: White;0;Green;0;Yellow;0;Red;0;Evacuees to Transfer;
962.344,666,evacuee,outES,Evacuee 156 in triage category Y is not assigned a helicopter
962.344,666,evacuee,,Evacuee;156;in triage state;R;is at the evacuation site
963.388,3,evacueeManager,,OFF SHIP: White;0;Green;344;Yellow;52;Red;16;Black;88;ON SHIP: White;0;Green;0;Yellow;0;Red;0;Evacuees to Transfer;
963.388,1294,evacuee,outES,Evacuee 171 in triage category G is not assigned a helicopter
963.388,1294,evacuee,,Evacuee;171;in triage state;Y;is at the evacuation site
964.025,3,evacueeManager,,OFF SHIP: White;0;Green;344;Yellow;51;Red;17;Black;88;ON SHIP: White;0;Green;0;Yellow;0;Red;0;Evacuees to Transfer;
964.025,1225,evacuee,outES,Evacuee 153 in triage category Y is not assigned a helicopter
964.025,1225,evacuee,,Evacuee;153;in triage state;R;is at the evacuation site
968.538,3,evacueeManager,,OFF SHIP: White;0;Green;344;Yellow;51;Red;16;Black;89;ON SHIP: White;0;Green;0;Yellow;0;Red;0;Evacuees to Transfer;
968.538,1225,evacuee,outES,Evacuee 153 in triage category R is not assigned a helicopter
968.538,1225,evacuee,,Evacuee;153;in triage state;B;is at the evacuation site
968.922,3,evacueeManager,,OFF SHIP: White;0;Green;344;Yellow;51;Red;15;Black;90;ON SHIP: White;0;Green;0;Yellow;0;Red;0;Evacuees to Transfer;
968.922,185,evacuee,outES,Evacuee 480 in triage category R is not assigned a helicopter
968.922,185,evacuee,,Evacuee;480;in triage state;B;is at the evacuation site
969.142,3,evacueeManager,,OFF SHIP: White;0;Green;344;Yellow;51;Red;14;Black;91;ON SHIP: White;0;Green;0;Yellow;0;Red;0;Evacuees to Transfer;
969.142,1092,evacuee,outES,Evacuee 48 in triage category R is not assigned a helicopter
969.142,1092,evacuee,,Evacuee;48;in triage state;B;is at the evacuation site
974.316,3,evacueeManager,,OFF SHIP: White;0;Green;343;Yellow;52;Red;14;Black;91;ON SHIP: White;0;Green;0;Yellow;0;Red;0;Evacuees to Transfer;
974.316,1174,evacuee,outES,Evacuee 416 in triage category G is not assigned a helicopter
974.316,1174,evacuee,,Evacuee;416;in triage state;Y;is at the evacuation site
974.47,3,evacueeManager,,OFF SHIP: White;0;Green;342;Yellow;53;Red;14;Black;91;ON SHIP: White;0;Green;0;Yellow;0;Red;0;Evacuees to Transfer;
974.47,477,evacuee,outES,Evacuee 386 in triage category G is not assigned a helicopter
974.47,477,evacuee,,Evacuee;386;in triage state;Y;is at the evacuation site
977.749,3,evacueeManager,,OFF SHIP: White;0;Green;342;Yellow;53;Red;13;Black;92;ON SHIP: White;0;Green;0;Yellow;0;Red;0;Evacuees to Transfer;
977.749,270,evacuee,outES,Evacuee 338 in triage category R is not assigned a helicopter
977.749,270,evacuee,,Evacuee;338;in triage state;B;is at the evacuation site
981.233,3,evacueeManager,,OFF SHIP: White;0;Green;342;Yellow;53;Red;12;Black;93;ON SHIP: White;0;Green;0;Yellow;0;Red;0;Evacuees to Transfer;
981.233,1480,evacuee,outES,Evacuee 96 in triage category R is not assigned a helicopter
981.233,1480,evacuee,,Evacuee;96;in triage state;B;is at the evacuation site
981.882,3,evacueeManager,,OFF SHIP: White;0;Green;341;Yellow;54;Red;12;Black;93;ON SHIP: White;0;Green;0;Yellow;0;Red;0;Evacuees to Transfer;
981.882,798,evacuee,outES,Evacuee 100 in triage category G is not assigned a helicopter
981.882,798,evacuee,,Evacuee;100;in triage state;Y;is at the evacuation site
985.44,3,evacueeManager,,OFF SHIP: White;0;Green;340;Yellow;55;Red;12;Black;93;ON SHIP: White;0;Green;0;Yellow;0;Red;0;Evacuees to Transfer;
985.44,348,evacuee,outES,Evacuee 303 in triage category G is not assigned a helicopter
985.44,348,evacuee,,Evacuee;303;in triage state;Y;is at the evacuation site
985.968,3,evacueeManager,,OFF SHIP: White;0;Green;340;Yellow;55;Red;11;Black;94;ON SHIP: White;0;Green;0;Yellow;0;Red;0;Evacuees to Transfer;
985.968,468,evacuee,outES,Evacuee 108 in triage category R is not assigned a helicopter
985.968,468,evacuee,,Evacuee;108;in triage state;B;is at the evacuation site
987.757,3,evacueeManager,,OFF SHIP: White;0;Green;340;Yellow;54;Red;12;Black;94;ON SHIP: White;0;Green;0;Yellow;0;Red;0;Evacuees to Transfer;
987.757,1162,evacuee,outES,Evacuee 465 in triage category Y is not assigned a helicopter
987.757,1162,evacuee,,Evacuee;465;in triage state;R;is at the evacuation site
987.884,3,evacueeManager,,OFF SHIP: White;0;Green;340;Yellow;54;Red;11;Black;95;ON SHIP: White;0;Green;0;Yellow;0;Red;0;Evacuees to Transfer;
987.884,954,evacuee,outES,Evacuee 496 in triage category R is not assigned a helicopter
987.884,954,evacuee,,Evacuee;496;in triage state;B;is at the evacuation site
988.383,3,evacueeManager,,OFF SHIP: White;0;Green;339;Yellow;55;Red;11;Black;95;ON SHIP: White;0;Green;0;Yellow;0;Red;0;Evacuees to Transfer;
988.383,92,evacuee,outES,Evacuee 441 in triage category G is not assigned a helicopter
988.383,92,evacuee,,Evacuee;441;in triage state;Y;is at the evacuation site
992.602,3,evacueeManager,,OFF SHIP: White;0;Green;339;Yellow;55;Red;10;Black;96;ON SHIP: White;0;Green;0;Yellow;0;Red;0;Evacuees to Transfer;
992.602,1101,evacuee,outES,Evacuee 19 in triage category R is not assigned a helicopter
992.602,1101,evacuee,,Evacuee;19;in triage state;B;is at the evacuation site
992.727,3,evacueeManager,,OFF SHIP: White;0;Green;338;Yellow;56;Red;10;Black;96;ON SHIP: White;0;Green;0;Yellow;0;Red;0;Evacuees to Transfer;
992.727,1360,evacuee,outES,Evacuee 450 in triage category G is not assigned a helicopter
992.727,1360,evacuee,,Evacuee;450;in triage state;Y;is at the evacuation site
992.814,3,evacueeManager,,OFF SHIP: White;0;Green;338;Yellow;55;Red;11;Black;96;ON SHIP: White;0;Green;0;Yellow;0;Red;0;Evacuees to Transfer;
992.814,1279,evacuee,outES,Evacuee 168 in triage category Y is not assigned a helicopter
992.814,1279,evacuee,,Evacuee;168;in triage state;R;is at the evacuation site
993.114,3,evacueeManager,,OFF SHIP: White;0;Green;337;Yellow;56;Red;11;Black;96;ON SHIP: White;0;Green;0;Yellow;0;Red;0;Evacuees to Transfer;
993.114,918,evacuee,outES,Evacuee 196 in triage category G is not assigned a helicopter
993.114,918,evacuee,,Evacuee;196;in triage state;Y;is at the evacuation site
993.475,3,evacueeManager,,OFF SHIP: White;0;Green;337;Yellow;56;Red;10;Black;97;ON SHIP: White;0;Green;0;Yellow;0;Red;0;Evacuees to Transfer;
993.475,1041,evacuee,outES,Evacuee 160 in triage category R is not assigned a helicopter
993.475,1041,evacuee,,Evacuee;160;in triage state;B;is at the evacuation site
996.936,3,evacueeManager,,OFF SHIP: White;0;Green;337;Yellow;56;Red;9;Black;98;ON SHIP: White;0;Green;0;Yellow;0;Red;0;Evacuees to Transfer;
996.936,1162,evacuee,outES,Evacuee 465 in triage category R is not assigned a helicopter
996.936,1162,evacuee,,Evacuee;465;in triage state;B;is at the evacuation site
1010.44,3,evacueeManager,,OFF SHIP: White;0;Green;337;Yellow;55;Red;10;Black;98;ON SHIP: White;0;Green;0;Yellow;0;Red;0;Evacuees to Transfer;
1010.44,348,evacuee,outES,Evacuee 303 in triage category Y is not assigned a helicopter
1010.44,348,evacuee,,Evacuee;303;in triage state;R;is at the evacuation site
1016.34,3,evacueeManager,,OFF SHIP: White;0;Green;336;Yellow;56;Red;10;Black;98;ON SHIP: White;0;Green;0;Yellow;0;Red;0;Evacuees to Transfer;
1016.34,984,evacuee,outES,Evacuee 421 in triage category G is not assigned a helicopter
1016.34,984,evacuee,,Evacuee;421;in triage state;Y;is at the evacuation site
1016.6,3,evacueeManager,,OFF SHIP: White;0;Green;336;Yellow;55;Red;11;Black;98;ON SHIP: White;0;Green;0;Yellow;0;Red;0;Evacuees to Transfer;
1016.6,600,evacuee,outES,Evacuee 342 in triage category Y is not assigned a helicopter
1016.6,600,evacuee,,Evacuee;342;in triage state;R;is at the evacuation site
1022.61,3,evacueeManager,,OFF SHIP: White;0;Green;336;Yellow;54;Red;12;Black;98;ON SHIP: White;0;Green;0;Yellow;0;Red;0;Evacuees to Transfer;
1022.61,603,evacuee,outES,Evacuee 93 in triage category Y is not assigned a helicopter
1022.61,603,evacuee,,Evacuee;93;in triage state;R;is at the evacuation site
1023.29,3,evacueeManager,,OFF SHIP: White;0;Green;336;Yellow;53;Red;13;Black;98;ON SHIP: White;0;Green;0;Yellow;0;Red;0;Evacuees to Transfer;
1023.29,83,evacuee,outES,Evacuee 448 in triage category Y is not assigned a helicopter
1023.29,83,evacuee,,Evacuee;448;in triage state;R;is at the evacuation site
1025.58,3,evacueeManager,,OFF SHIP: White;0;Green;336;Yellow;53;Red;12;Black;99;ON SHIP: White;0;Green;0;Yellow;0;Red;0;Evacuees to Transfer;
1025.58,1351,evacuee,outES,Evacuee 195 in triage category R is not assigned a helicopter
1025.58,1351,evacuee,,Evacuee;195;in triage state;B;is at the evacuation site
1027.48,3,evacueeManager,,OFF SHIP: White;0;Green;336;Yellow;53;Red;11;Black;100;ON SHIP: White;0;Green;0;Yellow;0;Red;0;Evacuees to Transfer;
1027.48,83,evacuee,outES,Evacuee 448 in triage category R is not assigned a helicopter
1027.48,83,evacuee,,Evacuee;448;in triage state;B;is at the evacuation site
1028.38,3,evacueeManager,,OFF SHIP: White;0;Green;336;Yellow;52;Red;12;Black;100;ON SHIP: White;0;Green;0;Yellow;0;Red;0;Evacuees to Transfer;
1028.38,152,evacuee,outES,Evacuee 398 in triage category Y is not assigned a helicopter
1028.38,152,evacuee,,Evacuee;398;in triage state;R;is at the evacuation site
1028.7,3,evacueeManager,,OFF SHIP: White;0;Green;336;Yellow;52;Red;11;Black;101;ON SHIP: White;0;Green;0;Yellow;0;Red;0;Evacuees to Transfer;
1028.7,666,evacuee,outES,Evacuee 156 in triage category R is not assigned a helicopter
1028.7,666,evacuee,,Evacuee;156;in triage state;B;is at the evacuation site
1029.1,3,evacueeManager,,OFF SHIP: White;0;Green;336;Yellow;51;Red;12;Black;101;ON SHIP: White;0;Green;0;Yellow;0;Red;0;Evacuees to Transfer;
1029.1,276,evacuee,outES,Evacuee 331 in triage category Y is not assigned a helicopter
1029.1,276,evacuee,,Evacuee;331;in triage state;R;is at the evacuation site
1031.99,3,evacueeManager,,OFF SHIP: White;0;Green;336;Yellow;51;Red;11;Black;102;ON SHIP: White;0;Green;0;Yellow;0;Red;0;Evacuees to Transfer;
1031.99,276,evacuee,outES,Evacuee 331 in triage category R is not assigned a helicopter
1031.99,276,evacuee,,Evacuee;331;in triage state;B;is at the evacuation site
1032.03,3,evacueeManager,,OFF SHIP: White;0;Green;335;Yellow;52;Red;11;Black;102;ON SHIP: White;0;Green;0;Yellow;0;Red;0;Evacuees to Transfer;
1032.03,1417,evacuee,outES,Evacuee 12 in triage category G is not assigned a helicopter
1032.03,1417,evacuee,,Evacuee;12;in triage state;Y;is at the evacuation site
1032.1,3,evacueeManager,,OFF SHIP: White;0;Green;335;Yellow;52;Red;10;Black;103;ON SHIP: White;0;Green;0;Yellow;0;Red;0;Evacuees to Transfer;
1032.1,152,evacuee,outES,Evacuee 398 in triage category R is not assigned a helicopter
1032.1,152,evacuee,,Evacuee;398;in triage state;B;is at the evacuation site
1037.14,3,evacueeManager,,OFF SHIP: White;0;Green;334;Yellow;53;Red;10;Black;103;ON SHIP: White;0;Green;0;Yellow;0;Red;0;Evacuees to Transfer;
1037.14,864,evacuee,outES,Evacuee 82 in triage category G is not assigned a helicopter
1037.14,864,evacuee,,Evacuee;82;in triage state;Y;is at the evacuation site
1037.7,3,evacueeManager,,OFF SHIP: White;0;Green;334;Yellow;52;Red;11;Black;103;ON SHIP: White;0;Green;0;Yellow;0;Red;0;Evacuees to Transfer;
1037.7,1471,evacuee,outES,Evacuee 113 in triage category Y is not assigned a helicopter
1037.7,1471,evacuee,,Evacuee;113;in triage state;R;is at the evacuation site
1042.35,3,evacueeManager,,OFF SHIP: White;0;Green;333;Yellow;53;Red;11;Black;103;ON SHIP: White;0;Green;0;Yellow;0;Red;0;Evacuees to Transfer;
1042.35,1231,evacuee,outES,Evacuee 123 in triage category G is not assigned a helicopter
1042.35,1231,evacuee,,Evacuee;123;in triage state;Y;is at the evacuation site
1050.4,3,evacueeManager,,OFF SHIP: White;0;Green;333;Yellow;52;Red;12;Black;103;ON SHIP: White;0;Green;0;Yellow;0;Red;0;Evacuees to Transfer;
1050.4,1104,evacuee,outES,Evacuee 182 in triage category Y is not assigned a helicopter
1050.4,1104,evacuee,,Evacuee;182;in triage state;R;is at the evacuation site
1052.85,3,evacueeManager,,OFF SHIP: White;0;Green;333;Yellow;52;Red;11;Black;104;ON SHIP: White;0;Green;0;Yellow;0;Red;0;Evacuees to Transfer;
1052.85,660,evacuee,outES,Evacuee 344 in triage category R is not assigned a helicopter
1052.85,660,evacuee,,Evacuee;344;in triage state;B;is at the evacuation site
1053.11,3,evacueeManager,,OFF SHIP: White;0;Green;332;Yellow;53;Red;11;Black;104;ON SHIP: White;0;Green;0;Yellow;0;Red;0;Evacuees to Transfer;
1053.11,606,evacuee,outES,Evacuee 136 in triage category G is not assigned a helicopter
1053.11,606,evacuee,,Evacuee;136;in triage state;Y;is at the evacuation site
1053.71,3,evacueeManager,,OFF SHIP: White;0;Green;332;Yellow;53;Red;10;Black;105;ON SHIP: White;0;Green;0;Yellow;0;Red;0;Evacuees to Transfer;
1053.71,903,evacuee,outES,Evacuee 173 in triage category R is not assigned a helicopter
1053.71,903,evacuee,,Evacuee;173;in triage state;B;is at the evacuation site
1055.01,3,evacueeManager,,OFF SHIP: White;0;Green;332;Yellow;53;Red;9;Black;106;ON SHIP: White;0;Green;0;Yellow;0;Red;0;Evacuees to Transfer;
1055.01,795,evacuee,outES,Evacuee 268 in triage category R is not assigned a helicopter
1055.01,795,evacuee,,Evacuee;268;in triage state;B;is at the evacuation site
1055.12,3,evacueeManager,,OFF SHIP: White;0;Green;332;Yellow;53;Red;8;Black;107;ON SHIP: White;0;Green;0;Yellow;0;Red;0;Evacuees to Transfer;
1055.12,537,evacuee,outES,Evacuee 106 in triage category R is not assigned a helicopter
1055.12,537,evacuee,,Evacuee;106;in triage state;B;is at the evacuation site
1055.25,3,evacueeManager,,OFF SHIP: White;0;Green;331;Yellow;54;Red;8;Black;107;ON SHIP: White;0;Green;0;Yellow;0;Red;0;Evacuees to Transfer;
1055.25,285,evacuee,outES,Evacuee 328 in triage category G is not assigned a helicopter
1055.25,285,evacuee,,Evacuee;328;in triage state;Y;is at the evacuation site
1057.94,3,evacueeManager,,OFF SHIP: White;0;Green;331;Yellow;54;Red;7;Black;108;ON SHIP: White;0;Green;0;Yellow;0;Red;0;Evacuees to Transfer;
1057.94,1471,evacuee,outES,Evacuee 113 in triage category R is not assigned a helicopter
1057.94,1471,evacuee,,Evacuee;113;in triage state;B;is at the evacuation site
1064.38,3,evacueeManager,,OFF SHIP: White;0;Green;331;Yellow;54;Red;6;Black;109;ON SHIP: White;0;Green;0;Yellow;0;Red;0;Evacuees to Transfer;
1064.38,459,evacuee,outES,Evacuee 88 in triage category R is not assigned a helicopter
1064.38,459,evacuee,,Evacuee;88;in triage state;B;is at the evacuation site
1065.66,3,evacueeManager,,OFF SHIP: White;0;Green;331;Yellow;53;Red;7;Black;109;ON SHIP: White;0;Green;0;Yellow;0;Red;0;Evacuees to Transfer;
1065.66,654,evacuee,outES,Evacuee 78 in triage category Y is not assigned a helicopter
1065.66,654,evacuee,,Evacuee;78;in triage state;R;is at the evacuation site
1071.87,3,evacueeManager,,OFF SHIP: White;0;Green;330;Yellow;54;Red;7;Black;109;ON SHIP: White;0;Green;0;Yellow;0;Red;0;Evacuees to Transfer;
1071.87,1483,evacuee,outES,Evacuee 244 in triage category G is not assigned a helicopter
1071.87,1483,evacuee,,Evacuee;244;in triage state;Y;is at the evacuation site
1074.21,3,evacueeManager,,OFF SHIP: White;0;Green;330;Yellow;54;Red;6;Black;110;ON SHIP: White;0;Green;0;Yellow;0;Red;0;Evacuees to Transfer;
1074.21,1279,evacuee,outES,Evacuee 168 in triage category R is not assigned a helicopter
1074.21,1279,evacuee,,Evacuee;168;in triage state;B;is at the evacuation site
1075.48,3,evacueeManager,,OFF SHIP: White;0;Green;330;Yellow;53;Red;7;Black;110;ON SHIP: White;0;Green;0;Yellow;0;Red;0;Evacuees to Transfer;
1075.48,531,evacuee,outES,Evacuee 358 in triage category Y is not assigned a helicopter
1075.48,531,evacuee,,Evacuee;358;in triage state;R;is at the evacuation site
1088.82,3,evacueeManager,,OFF SHIP: White;0;Green;330;Yellow;52;Red;8;Black;110;ON SHIP: White;0;Green;0;Yellow;0;Red;0;Evacuees to Transfer;
1088.82,1288,evacuee,outES,Evacuee 169 in triage category Y is not assigned a helicopter
1088.82,1288,evacuee,,Evacuee;169;in triage state;R;is at the evacuation site
1089.47,3,evacueeManager,,OFF SHIP: White;0;Green;329;Yellow;53;Red;8;Black;110;ON SHIP: White;0;Green;0;Yellow;0;Red;0;Evacuees to Transfer;
1089.47,158,evacuee,outES,Evacuee 452 in triage category G is not assigned a helicopter
1089.47,158,evacuee,,Evacuee;452;in triage state;Y;is at the evacuation site
1096.94,3,evacueeManager,,OFF SHIP: White;0;Green;328;Yellow;54;Red;8;Black;110;ON SHIP: White;0;Green;0;Yellow;0;Red;0;Evacuees to Transfer;
1096.94,222,evacuee,outES,Evacuee 370 in triage category G is not assigned a helicopter
1096.94,222,evacuee,,Evacuee;370;in triage state;Y;is at the evacuation site
1098.07,3,evacueeManager,,OFF SHIP: White;0;Green;327;Yellow;55;Red;8;Black;110;ON SHIP: White;0;Green;0;Yellow;0;Red;0;Evacuees to Transfer;
1098.07,543,evacuee,outES,Evacuee 148 in triage category G is not assigned a helicopter
1098.07,543,evacuee,,Evacuee;148;in triage state;Y;is at the evacuation site
1099.77,3,evacueeManager,,OFF SHIP: White;0;Green;327;Yellow;55;Red;7;Black;111;ON SHIP: White;0;Green;0;Yellow;0;Red;0;Evacuees to Transfer;
1099.77,654,evacuee,outES,Evacuee 78 in triage category R is not assigned a helicopter
1099.77,654,evacuee,,Evacuee;78;in triage state;B;is at the evacuation site
1099.84,3,evacueeManager,,OFF SHIP: White;0;Green;326;Yellow;56;Red;7;Black;111;ON SHIP: White;0;Green;0;Yellow;0;Red;0;Evacuees to Transfer;
1099.84,672,evacuee,outES,Evacuee 165 in triage category G is not assigned a helicopter
1099.84,672,evacuee,,Evacuee;165;in triage state;Y;is at the evacuation site
1100.73,3,evacueeManager,,OFF SHIP: White;0;Green;325;Yellow;57;Red;7;Black;111;ON SHIP: White;0;Green;0;Yellow;0;Red;0;Evacuees to Transfer;
1100.73,735,evacuee,outES,Evacuee 65 in triage category G is not assigned a helicopter
1100.73,735,evacuee,,Evacuee;65;in triage state;Y;is at the evacuation site
1100.8,3,evacueeManager,,OFF SHIP: White;0;Green;325;Yellow;57;Red;6;Black;112;ON SHIP: White;0;Green;0;Yellow;0;Red;0;Evacuees to Transfer;
1100.8,348,evacuee,outES,Evacuee 303 in triage category R is not assigned a helicopter
1100.8,348,evacuee,,Evacuee;303;in triage state;B;is at the evacuation site
1109.83,3,evacueeManager,,OFF SHIP: White;0;Green;325;Yellow;56;Red;7;Black;112;ON SHIP: White;0;Green;0;Yellow;0;Red;0;Evacuees to Transfer;
1109.83,345,evacuee,outES,Evacuee 305 in triage category Y is not assigned a helicopter
1109.83,345,evacuee,,Evacuee;305;in triage state;R;is at the evacuation site
1111.95,3,evacueeManager,,OFF SHIP: White;0;Green;325;Yellow;56;Red;6;Black;113;ON SHIP: White;0;Green;0;Yellow;0;Red;0;Evacuees to Transfer;
1111.95,531,evacuee,outES,Evacuee 358 in triage category R is not assigned a helicopter
1111.95,531,evacuee,,Evacuee;358;in triage state;B;is at the evacuation site
1126.14,3,evacueeManager,,OFF SHIP: White;0;Green;324;Yellow;57;Red;6;Black;113;ON SHIP: White;0;Green;0;Yellow;0;Red;0;Evacuees to Transfer;
1126.14,414,evacuee,outES,Evacuee 277 in triage category G is not assigned a helicopter
1126.14,414,evacuee,,Evacuee;277;in triage state;Y;is at the evacuation site
1133.36,3,evacueeManager,,OFF SHIP: White;0;Green;324;Yellow;57;Red;5;Black;114;ON SHIP: White;0;Green;0;Yellow;0;Red;0;Evacuees to Transfer;
1133.36,1288,evacuee,outES,Evacuee 169 in triage category R is not assigned a helicopter
1133.36,1288,evacuee,,Evacuee;169;in triage state;B;is at the evacuation site
1135.22,3,evacueeManager,,OFF SHIP: White;0;Green;324;Yellow;57;Red;4;Black;115;ON SHIP: White;0;Green;0;Yellow;0;Red;0;Evacuees to Transfer;
1135.22,1104,evacuee,outES,Evacuee 182 in triage category R is not assigned a helicopter
1135.22,1104,evacuee,,Evacuee;182;in triage state;B;is at the evacuation site
1141.08,3,evacueeManager,,OFF SHIP: White;0;Green;324;Yellow;56;Red;5;Black;115;ON SHIP: White;0;Green;0;Yellow;0;Red;0;Evacuees to Transfer;
1141.08,405,evacuee,outES,Evacuee 333 in triage category Y is not assigned a helicopter
1141.08,405,evacuee,,Evacuee;333;in triage state;R;is at the evacuation site
1145.39,3,evacueeManager,,OFF SHIP: White;0;Green;323;Yellow;57;Red;5;Black;115;ON SHIP: White;0;Green;0;Yellow;0;Red;0;Evacuees to Transfer;
1145.39,1297,evacuee,outES,Evacuee 174 in triage category G is not assigned a helicopter
1145.39,1297,evacuee,,Evacuee;174;in triage state;Y;is at the evacuation site
1160.56,3,evacueeManager,,OFF SHIP: White;0;Green;322;Yellow;58;Red;5;Black;115;ON SHIP: White;0;Green;0;Yellow;0;Red;0;Evacuees to Transfer;
1160.56,480,evacuee,outES,Evacuee 117 in triage category G is not assigned a helicopter
1160.56,480,evacuee,,Evacuee;117;in triage state;Y;is at the evacuation site
1163.77,3,evacueeManager,,OFF SHIP: White;0;Green;321;Yellow;59;Red;5;Black;115;ON SHIP: White;0;Green;0;Yellow;0;Red;0;Evacuees to Transfer;
1163.77,1177,evacuee,outES,Evacuee 129 in triage category G is not assigned a helicopter
1163.77,1177,evacuee,,Evacuee;129;in triage state;Y;is at the evacuation site
1165.34,3,evacueeManager,,OFF SHIP: White;0;Green;320;Yellow;60;Red;5;Black;115;ON SHIP: White;0;Green;0;Yellow;0;Red;0;Evacuees to Transfer;
1165.34,1044,evacuee,outES,Evacuee 20 in triage category G is not assigned a helicopter
1165.34,1044,evacuee,,Evacuee;20;in triage state;Y;is at the evacuation site
1167.8,3,evacueeManager,,OFF SHIP: White;0;Green;320;Yellow;60;Red;4;Black;116;ON SHIP: White;0;Green;0;Yellow;0;Red;0;Evacuees to Transfer;
1167.8,603,evacuee,outES,Evacuee 93 in triage category R is not assigned a helicopter
1167.8,603,evacuee,,Evacuee;93;in triage state;B;is at the evacuation site
1168.54,3,evacueeManager,,OFF SHIP: White;0;Green;320;Yellow;60;Red;3;Black;117;ON SHIP: White;0;Green;0;Yellow;0;Red;0;Evacuees to Transfer;
1168.54,345,evacuee,outES,Evacuee 305 in triage category R is not assigned a helicopter
1168.54,345,evacuee,,Evacuee;305;in triage state;B;is at the evacuation site
1168.56,3,evacueeManager,,OFF SHIP: White;0;Green;320;Yellow;59;Red;4;Black;117;ON SHIP: White;0;Green;0;Yellow;0;Red;0;Evacuees to Transfer;
1168.56,396,evacuee,outES,Evacuee 282 in triage category Y is not assigned a helicopter
1168.56,396,evacuee,,Evacuee;282;in triage state;R;is at the evacuation site
1172.02,3,evacueeManager,,OFF SHIP: White;0;Green;319;Yellow;60;Red;4;Black;117;ON SHIP: White;0;Green;0;Yellow;0;Red;0;Evacuees to Transfer;
1172.02,95,evacuee,outES,Evacuee 439 in triage category G is not assigned a helicopter
1172.02,95,evacuee,,Evacuee;439;in triage state;Y;is at the evacuation site
1178.63,3,evacueeManager,,OFF SHIP: White;0;Green;318;Yellow;61;Red;4;Black;117;ON SHIP: White;0;Green;0;Yellow;0;Red;0;Evacuees to Transfer;
1178.63,801,evacuee,outES,Evacuee 29 in triage category G is not assigned a helicopter
1178.63,801,evacuee,,Evacuee;29;in triage state;Y;is at the evacuation site
1179.75,3,evacueeManager,,OFF SHIP: White;0;Green;318;Yellow;60;Red;5;Black;117;ON SHIP: White;0;Green;0;Yellow;0;Red;0;Evacuees to Transfer;
1179.75,218,evacuee,outES,Evacuee 371 in triage category Y is not assigned a helicopter
1179.75,218,evacuee,,Evacuee;371;in triage state;R;is at the evacuation site
1181.51,3,evacueeManager,,OFF SHIP: White;0;Green;318;Yellow;59;Red;6;Black;117;ON SHIP: White;0;Green;0;Yellow;0;Red;0;Evacuees to Transfer;
1181.51,1294,evacuee,outES,Evacuee 171 in triage category Y is not assigned a helicopter
1181.51,1294,evacuee,,Evacuee;171;in triage state;R;is at the evacuation site
1185.57,3,evacueeManager,,OFF SHIP: White;0;Green;318;Yellow;59;Red;5;Black;118;ON SHIP: White;0;Green;0;Yellow;0;Red;0;Evacuees to Transfer;
1185.57,396,evacuee,outES,Evacuee 282 in triage category R is not assigned a helicopter
1185.57,396,evacuee,,Evacuee;282;in triage state;B;is at the evacuation site
1186.5,3,evacueeManager,,OFF SHIP: White;0;Green;318;Yellow;59;Red;4;Black;119;ON SHIP: White;0;Green;0;Yellow;0;Red;0;Evacuees to Transfer;
1186.5,600,evacuee,outES,Evacuee 342 in triage category R is not assigned a helicopter
1186.5,600,evacuee,,Evacuee;342;in triage state;B;is at the evacuation site
1187.26,3,evacueeManager,,OFF SHIP: White;0;Green;317;Yellow;60;Red;4;Black;119;ON SHIP: White;0;Green;0;Yellow;0;Red;0;Evacuees to Transfer;
1187.26,921,evacuee,outES,Evacuee 407 in triage category G is not assigned a helicopter
1187.26,921,evacuee,,Evacuee;407;in triage state;Y;is at the evacuation site
1189.53,3,evacueeManager,,OFF SHIP: White;0;Green;317;Yellow;59;Red;5;Black;119;ON SHIP: White;0;Green;0;Yellow;0;Red;0;Evacuees to Transfer;
1189.53,1291,evacuee,outES,Evacuee 170 in triage category Y is not assigned a helicopter
1189.53,1291,evacuee,,Evacuee;170;in triage state;R;is at the evacuation site
1190.38,3,evacueeManager,,OFF SHIP: White;0;Green;317;Yellow;59;Red;4;Black;120;ON SHIP: White;0;Green;0;Yellow;0;Red;0;Evacuees to Transfer;
1190.38,1294,evacuee,outES,Evacuee 171 in triage category R is not assigned a helicopter
1190.38,1294,evacuee,,Evacuee;171;in triage state;B;is at the evacuation site
1195.1,3,evacueeManager,,OFF SHIP: White;0;Green;317;Yellow;58;Red;5;Black;120;ON SHIP: White;0;Green;0;Yellow;0;Red;0;Evacuees to Transfer;
1195.1,720,evacuee,outES,Evacuee 474 in triage category Y is not assigned a helicopter
1195.1,720,evacuee,,Evacuee;474;in triage state;R;is at the evacuation site
1196.59,3,evacueeManager,,OFF SHIP: White;0;Green;317;Yellow;57;Red;6;Black;120;ON SHIP: White;0;Green;0;Yellow;0;Red;0;Evacuees to Transfer;
1196.59,477,evacuee,outES,Evacuee 386 in triage category Y is not assigned a helicopter
1196.59,477,evacuee,,Evacuee;386;in triage state;R;is at the evacuation site
1197.93,3,evacueeManager,,OFF SHIP: White;0;Green;317;Yellow;56;Red;7;Black;120;ON SHIP: White;0;Green;0;Yellow;0;Red;0;Evacuees to Transfer;
1197.93,155,evacuee,outES,Evacuee 397 in triage category Y is not assigned a helicopter
1197.93,155,evacuee,,Evacuee;397;in triage state;R;is at the evacuation site
1200.19,3,evacueeManager,,OFF SHIP: White;0;Green;317;Yellow;55;Red;8;Black;120;ON SHIP: White;0;Green;0;Yellow;0;Red;0;Evacuees to Transfer;
1200.19,783,evacuee,outES,Evacuee 133 in triage category Y is not assigned a helicopter
1200.19,783,evacuee,,Evacuee;133;in triage state;R;is at the evacuation site
1202.88,3,evacueeManager,,OFF SHIP: White;0;Green;317;Yellow;55;Red;7;Black;121;ON SHIP: White;0;Green;0;Yellow;0;Red;0;Evacuees to Transfer;
1202.88,155,evacuee,outES,Evacuee 397 in triage category R is not assigned a helicopter
1202.88,155,evacuee,,Evacuee;397;in triage state;B;is at the evacuation site
1206.33,3,evacueeManager,,OFF SHIP: White;0;Green;316;Yellow;56;Red;7;Black;121;ON SHIP: White;0;Green;0;Yellow;0;Red;0;Evacuees to Transfer;
1206.33,351,evacuee,outES,Evacuee 295 in triage category G is not assigned a helicopter
1206.33,351,evacuee,,Evacuee;295;in triage state;Y;is at the evacuation site
1207.35,3,evacueeManager,,OFF SHIP: White;0;Green;316;Yellow;55;Red;8;Black;121;ON SHIP: White;0;Green;0;Yellow;0;Red;0;Evacuees to Transfer;
1207.35,543,evacuee,outES,Evacuee 148 in triage category Y is not assigned a helicopter
1207.35,543,evacuee,,Evacuee;148;in triage state;R;is at the evacuation site
1208.67,3,evacueeManager,,OFF SHIP: White;0;Green;315;Yellow;56;Red;8;Black;121;ON SHIP: White;0;Green;0;Yellow;0;Red;0;Evacuees to Transfer;
1208.67,987,evacuee,outES,Evacuee 405 in triage category G is not assigned a helicopter
1208.67,987,evacuee,,Evacuee;405;in triage state;Y;is at the evacuation site
1208.95,3,evacueeManager,,OFF SHIP: White;0;Green;315;Yellow;56;Red;7;Black;122;ON SHIP: White;0;Green;0;Yellow;0;Red;0;Evacuees to Transfer;
1208.95,405,evacuee,outES,Evacuee 333 in triage category R is not assigned a helicopter
1208.95,405,evacuee,,Evacuee;333;in triage state;B;is at the evacuation site
1212.31,3,evacueeManager,,OFF SHIP: White;0;Green;315;Yellow;55;Red;8;Black;122;ON SHIP: White;0;Green;0;Yellow;0;Red;0;Evacuees to Transfer;
1212.31,146,evacuee,outES,Evacuee 403 in triage category Y is not assigned a helicopter
1212.31,146,evacuee,,Evacuee;403;in triage state;R;is at the evacuation site
1212.73,3,evacueeManager,,OFF SHIP: White;0;Green;315;Yellow;54;Red;9;Black;122;ON SHIP: White;0;Green;0;Yellow;0;Red;0;Evacuees to Transfer;
1212.73,1228,evacuee,outES,Evacuee 67 in triage category Y is not assigned a helicopter
1212.73,1228,evacuee,,Evacuee;67;in triage state;R;is at the evacuation site
1216.4,3,evacueeManager,,OFF SHIP: White;0;Green;315;Yellow;53;Red;10;Black;122;ON SHIP: White;0;Green;0;Yellow;0;Red;0;Evacuees to Transfer;
1216.4,414,evacuee,outES,Evacuee 277 in triage category Y is not assigned a helicopter
1216.4,414,evacuee,,Evacuee;277;in triage state;R;is at the evacuation site
1218.18,3,evacueeManager,,OFF SHIP: White;0;Green;315;Yellow;52;Red;11;Black;122;ON SHIP: White;0;Green;0;Yellow;0;Red;0;Evacuees to Transfer;
1218.18,92,evacuee,outES,Evacuee 441 in triage category Y is not assigned a helicopter
1218.18,92,evacuee,,Evacuee;441;in triage state;R;is at the evacuation site
1222,3,evacueeManager,,OFF SHIP: White;0;Green;314;Yellow;53;Red;11;Black;122;ON SHIP: White;0;Green;0;Yellow;0;Red;0;Evacuees to Transfer;
1222,1420,evacuee,outES,Evacuee 216 in triage category G is not assigned a helicopter
1222,1420,evacuee,,Evacuee;216;in triage state;Y;is at the evacuation site
1224.6,3,evacueeManager,,OFF SHIP: White;0;Green;314;Yellow;53;Red;10;Black;123;ON SHIP: White;0;Green;0;Yellow;0;Red;0;Evacuees to Transfer;
1224.6,414,evacuee,outES,Evacuee 277 in triage category R is not assigned a helicopter
1224.6,414,evacuee,,Evacuee;277;in triage state;B;is at the evacuation site
1226.78,3,evacueeManager,,OFF SHIP: White;0;Green;314;Yellow;52;Red;11;Black;123;ON SHIP: White;0;Green;0;Yellow;0;Red;0;Evacuees to Transfer;
1226.78,672,evacuee,outES,Evacuee 165 in triage category Y is not assigned a helicopter
1226.78,672,evacuee,,Evacuee;165;in triage state;R;is at the evacuation site
1230.92,3,evacueeManager,,OFF SHIP: White;0;Green;313;Yellow;53;Red;11;Black;123;ON SHIP: White;0;Green;0;Yellow;0;Red;0;Evacuees to Transfer;
1230.92,867,evacuee,outES,Evacuee 54 in triage category G is not assigned a helicopter
1230.92,867,evacuee,,Evacuee;54;in triage state;Y;is at the evacuation site
1231.33,3,evacueeManager,,OFF SHIP: White;0;Green;313;Yellow;52;Red;12;Black;123;ON SHIP: White;0;Green;0;Yellow;0;Red;0;Evacuees to Transfer;
1231.33,1174,evacuee,outES,Evacuee 416 in triage category Y is not assigned a helicopter
1231.33,1174,evacuee,,Evacuee;416;in triage state;R;is at the evacuation site
1236.49,3,evacueeManager,,OFF SHIP: White;0;Green;312;Yellow;53;Red;12;Black;123;ON SHIP: White;0;Green;0;Yellow;0;Red;0;Evacuees to Transfer;
1236.49,1234,evacuee,outES,Evacuee 159 in triage category G is not assigned a helicopter
1236.49,1234,evacuee,,Evacuee;159;in triage state;Y;is at the evacuation site
1241.82,3,evacueeManager,,OFF SHIP: White;0;Green;311;Yellow;54;Red;12;Black;123;ON SHIP: White;0;Green;0;Yellow;0;Red;0;Evacuees to Transfer;
1241.82,1363,evacuee,outES,Evacuee 252 in triage category G is not assigned a helicopter
1241.82,1363,evacuee,,Evacuee;252;in triage state;Y;is at the evacuation site
1242.38,3,evacueeManager,,OFF SHIP: White;0;Green;311;Yellow;54;Red;11;Black;124;ON SHIP: White;0;Green;0;Yellow;0;Red;0;Evacuees to Transfer;
1242.38,1228,evacuee,outES,Evacuee 67 in triage category R is not assigned a helicopter
1242.38,1228,evacuee,,Evacuee;67;in triage state;B;is at the evacuation site
1248.39,3,evacueeManager,,OFF SHIP: White;0;Green;311;Yellow;54;Red;10;Black;125;ON SHIP: White;0;Green;0;Yellow;0;Red;0;Evacuees to Transfer;
1248.39,543,evacuee,outES,Evacuee 148 in triage category R is not assigned a helicopter
1248.39,543,evacuee,,Evacuee;148;in triage state;B;is at the evacuation site
1251.41,3,evacueeManager,,OFF SHIP: White;0;Green;311;Yellow;54;Red;9;Black;126;ON SHIP: White;0;Green;0;Yellow;0;Red;0;Evacuees to Transfer;
1251.41,218,evacuee,outES,Evacuee 371 in triage category R is not assigned a helicopter
1251.41,218,evacuee,,Evacuee;371;in triage state;B;is at the evacuation site
1251.48,3,evacueeManager,,OFF SHIP: White;0;Green;310;Yellow;55;Red;9;Black;126;ON SHIP: White;0;Green;0;Yellow;0;Red;0;Evacuees to Transfer;
1251.48,609,evacuee,outES,Evacuee 412 in triage category G is not assigned a helicopter
1251.48,609,evacuee,,Evacuee;412;in triage state;Y;is at the evacuation site
1252.99,3,evacueeManager,,OFF SHIP: White;0;Green;310;Yellow;55;Red;8;Black;127;ON SHIP: White;0;Green;0;Yellow;0;Red;0;Evacuees to Transfer;
1252.99,672,evacuee,outES,Evacuee 165 in triage category R is not assigned a helicopter
1252.99,672,evacuee,,Evacuee;165;in triage state;B;is at the evacuation site
1254.79,3,evacueeManager,,OFF SHIP: White;0;Green;310;Yellow;54;Red;9;Black;127;ON SHIP: White;0;Green;0;Yellow;0;Red;0;Evacuees to Transfer;
1254.79,735,evacuee,outES,Evacuee 65 in triage category Y is not assigned a helicopter
1254.79,735,evacuee,,Evacuee;65;in triage state;R;is at the evacuation site
1257.26,3,evacueeManager,,OFF SHIP: White;0;Green;309;Yellow;55;Red;9;Black;127;ON SHIP: White;0;Green;0;Yellow;0;Red;0;Evacuees to Transfer;
1257.26,288,evacuee,outES,Evacuee 327 in triage category G is not assigned a helicopter
1257.26,288,evacuee,,Evacuee;327;in triage state;Y;is at the evacuation site
1258.96,3,evacueeManager,,OFF SHIP: White;0;Green;308;Yellow;56;Red;9;Black;127;ON SHIP: White;0;Green;0;Yellow;0;Red;0;Evacuees to Transfer;
1258.96,1110,evacuee,outES,Evacuee 266 in triage category G is not assigned a helicopter
1258.96,1110,evacuee,,Evacuee;266;in triage state;Y;is at the evacuation site
1261.22,3,evacueeManager,,OFF SHIP: White;0;Green;308;Yellow;56;Red;8;Black;128;ON SHIP: White;0;Green;0;Yellow;0;Red;0;Evacuees to Transfer;
1261.22,1174,evacuee,outES,Evacuee 416 in triage category R is not assigned a helicopter
1261.22,1174,evacuee,,Evacuee;416;in triage state;B;is at the evacuation site
1264.15,3,evacueeManager,,OFF SHIP: White;0;Green;308;Yellow;55;Red;9;Black;128;ON SHIP: White;0;Green;0;Yellow;0;Red;0;Evacuees to Transfer;
1264.15,1363,evacuee,outES,Evacuee 252 in triage category Y is not assigned a helicopter
1264.15,1363,evacuee,,Evacuee;252;in triage state;R;is at the evacuation site
1268.89,3,evacueeManager,,OFF SHIP: White;0;Green;308;Yellow;55;Red;8;Black;129;ON SHIP: White;0;Green;0;Yellow;0;Red;0;Evacuees to Transfer;
1268.89,477,evacuee,outES,Evacuee 386 in triage category R is not assigned a helicopter
1268.89,477,evacuee,,Evacuee;386;in triage state;B;is at the evacuation site
1271.57,3,evacueeManager,,OFF SHIP: White;0;Green;308;Yellow;54;Red;9;Black;129;ON SHIP: White;0;Green;0;Yellow;0;Red;0;Evacuees to Transfer;
1271.57,1171,evacuee,outES,Evacuee 181 in triage category Y is not assigned a helicopter
1271.57,1171,evacuee,,Evacuee;181;in triage state;R;is at the evacuation site
1271.63,3,evacueeManager,,OFF SHIP: White;0;Green;308;Yellow;54;Red;8;Black;130;ON SHIP: White;0;Green;0;Yellow;0;Red;0;Evacuees to Transfer;
1271.63,735,evacuee,outES,Evacuee 65 in triage category R is not assigned a helicopter
1271.63,735,evacuee,,Evacuee;65;in triage state;B;is at the evacuation site
1275.09,3,evacueeManager,,OFF SHIP: White;0;Green;307;Yellow;55;Red;8;Black;130;ON SHIP: White;0;Green;0;Yellow;0;Red;0;Evacuees to Transfer;
1275.09,1486,evacuee,outES,Evacuee 247 in triage category G is not assigned a helicopter
1275.09,1486,evacuee,,Evacuee;247;in triage state;Y;is at the evacuation site
1279.29,3,evacueeManager,,OFF SHIP: White;0;Green;307;Yellow;54;Red;9;Black;130;ON SHIP: White;0;Green;0;Yellow;0;Red;0;Evacuees to Transfer;
1279.29,864,evacuee,outES,Evacuee 82 in triage category Y is not assigned a helicopter
1279.29,864,evacuee,,Evacuee;82;in triage state;R;is at the evacuation site
1286.98,3,evacueeManager,,OFF SHIP: White;0;Green;307;Yellow;53;Red;10;Black;130;ON SHIP: White;0;Green;0;Yellow;0;Red;0;Evacuees to Transfer;
1286.98,792,evacuee,outES,Evacuee 400 in triage category Y is not assigned a helicopter
1286.98,792,evacuee,,Evacuee;400;in triage state;R;is at the evacuation site
1287.41,3,evacueeManager,,OFF SHIP: White;0;Green;307;Yellow;52;Red;11;Black;130;ON SHIP: White;0;Green;0;Yellow;0;Red;0;Evacuees to Transfer;
1287.41,669,evacuee,outES,Evacuee 300 in triage category Y is not assigned a helicopter
1287.41,669,evacuee,,Evacuee;300;in triage state;R;is at the evacuation site
1288.29,3,evacueeManager,,OFF SHIP: White;0;Green;307;Yellow;51;Red;12;Black;130;ON SHIP: White;0;Green;0;Yellow;0;Red;0;Evacuees to Transfer;
1288.29,984,evacuee,outES,Evacuee 421 in triage category Y is not assigned a helicopter
1288.29,984,evacuee,,Evacuee;421;in triage state;R;is at the evacuation site
1290.45,3,evacueeManager,,OFF SHIP: White;0;Green;306;Yellow;52;Red;12;Black;130;ON SHIP: White;0;Green;0;Yellow;0;Red;0;Evacuees to Transfer;
1290.45,161,evacuee,outES,Evacuee 396 in triage category G is not assigned a helicopter
1290.45,161,evacuee,,Evacuee;396;in triage state;Y;is at the evacuation site
1294.5,3,evacueeManager,,OFF SHIP: White;0;Green;305;Yellow;53;Red;12;Black;130;ON SHIP: White;0;Green;0;Yellow;0;Red;0;Evacuees to Transfer;
1294.5,675,evacuee,outES,Evacuee 454 in triage category G is not assigned a helicopter
1294.5,675,evacuee,,Evacuee;454;in triage state;Y;is at the evacuation site
1298.47,3,evacueeManager,,OFF SHIP: White;0;Green;304;Yellow;54;Red;12;Black;130;ON SHIP: White;0;Green;0;Yellow;0;Red;0;Evacuees to Transfer;
1298.47,225,evacuee,outES,Evacuee 457 in triage category G is not assigned a helicopter
1298.47,225,evacuee,,Evacuee;457;in triage state;Y;is at the evacuation site
1298.99,3,evacueeManager,,OFF SHIP: White;0;Green;303;Yellow;55;Red;12;Black;130;ON SHIP: White;0;Green;0;Yellow;0;Red;0;Evacuees to Transfer;
1298.99,738,evacuee,outES,Evacuee 14 in triage category G is not assigned a helicopter
1298.99,738,evacuee,,Evacuee;14;in triage state;Y;is at the evacuation site
1303.01,3,evacueeManager,,OFF SHIP: White;0;Green;303;Yellow;55;Red;11;Black;131;ON SHIP: White;0;Green;0;Yellow;0;Red;0;Evacuees to Transfer;
1303.01,92,evacuee,outES,Evacuee 441 in triage category R is not assigned a helicopter
1303.01,92,evacuee,,Evacuee;441;in triage state;B;is at the evacuation site
1305.26,3,evacueeManager,,OFF SHIP: White;0;Green;303;Yellow;54;Red;12;Black;131;ON SHIP: White;0;Green;0;Yellow;0;Red;0;Evacuees to Transfer;
1305.26,729,evacuee,outES,Evacuee 179 in triage category Y is not assigned a helicopter
1305.26,729,evacuee,,Evacuee;179;in triage state;R;is at the evacuation site
1305.35,3,evacueeManager,,OFF SHIP: White;0;Green;303;Yellow;53;Red;13;Black;131;ON SHIP: White;0;Green;0;Yellow;0;Red;0;Evacuees to Transfer;
1305.35,723,evacuee,outES,Evacuee 17 in triage category Y is not assigned a helicopter
1305.35,723,evacuee,,Evacuee;17;in triage state;R;is at the evacuation site
1310.32,3,evacueeManager,,OFF SHIP: White;0;Green;302;Yellow;54;Red;13;Black;131;ON SHIP: White;0;Green;0;Yellow;0;Red;0;Evacuees to Transfer;
1310.32,546,evacuee,outES,Evacuee 235 in triage category G is not assigned a helicopter
1310.32,546,evacuee,,Evacuee;235;in triage state;Y;is at the evacuation site
1311.3,3,evacueeManager,,OFF SHIP: White;0;Green;302;Yellow;53;Red;14;Black;131;ON SHIP: White;0;Green;0;Yellow;0;Red;0;Evacuees to Transfer;
1311.3,351,evacuee,outES,Evacuee 295 in triage category Y is not assigned a helicopter
1311.3,351,evacuee,,Evacuee;295;in triage state;R;is at the evacuation site
1312.42,3,evacueeManager,,OFF SHIP: White;0;Green;302;Yellow;53;Red;13;Black;132;ON SHIP: White;0;Green;0;Yellow;0;Red;0;Evacuees to Transfer;
1312.42,723,evacuee,outES,Evacuee 17 in triage category R is not assigned a helicopter
1312.42,723,evacuee,,Evacuee;17;in triage state;B;is at the evacuation site
1315.2,3,evacueeManager,,OFF SHIP: White;0;Green;302;Yellow;52;Red;14;Black;132;ON SHIP: White;0;Green;0;Yellow;0;Red;0;Evacuees to Transfer;
1315.2,732,evacuee,outES,Evacuee 147 in triage category Y is not assigned a helicopter
1315.2,732,evacuee,,Evacuee;147;in triage state;R;is at the evacuation site
1322.32,3,evacueeManager,,OFF SHIP: White;0;Green;302;Yellow;52;Red;13;Black;133;ON SHIP: White;0;Green;0;Yellow;0;Red;0;Evacuees to Transfer;
1322.32,729,evacuee,outES,Evacuee 179 in triage category R is not assigned a helicopter
1322.32,729,evacuee,,Evacuee;179;in triage state;B;is at the evacuation site
1325.17,3,evacueeManager,,OFF SHIP: White;0;Green;302;Yellow;52;Red;12;Black;134;ON SHIP: White;0;Green;0;Yellow;0;Red;0;Evacuees to Transfer;
1325.17,1171,evacuee,outES,Evacuee 181 in triage category R is not assigned a helicopter
1325.17,1171,evacuee,,Evacuee;181;in triage state;B;is at the evacuation site
1331.96,3,evacueeManager,,OFF SHIP: White;0;Green;302;Yellow;52;Red;11;Black;135;ON SHIP: White;0;Green;0;Yellow;0;Red;0;Evacuees to Transfer;
1331.96,351,evacuee,outES,Evacuee 295 in triage category R is not assigned a helicopter
1331.96,351,evacuee,,Evacuee;295;in triage state;B;is at the evacuation site
1333.37,3,evacueeManager,,OFF SHIP: White;0;Green;301;Yellow;53;Red;11;Black;135;ON SHIP: White;0;Green;0;Yellow;0;Red;0;Evacuees to Transfer;
1333.37,417,evacuee,outES,Evacuee 315 in triage category G is not assigned a helicopter
1333.37,417,evacuee,,Evacuee;315;in triage state;Y;is at the evacuation site
1333.88,3,evacueeManager,,OFF SHIP: White;0;Green;301;Yellow;52;Red;12;Black;135;ON SHIP: White;0;Green;0;Yellow;0;Red;0;Evacuees to Transfer;
1333.88,1417,evacuee,outES,Evacuee 12 in triage category Y is not assigned a helicopter
1333.88,1417,evacuee,,Evacuee;12;in triage state;R;is at the evacuation site
1335.06,3,evacueeManager,,OFF SHIP: White;0;Green;301;Yellow;52;Red;11;Black;136;ON SHIP: White;0;Green;0;Yellow;0;Red;0;Evacuees to Transfer;
1335.06,215,evacuee,outES,Evacuee 372 in triage category R is not assigned a helicopter
1335.06,215,evacuee,,Evacuee;372;in triage state;B;is at the evacuation site
1338.47,3,evacueeManager,,OFF SHIP: White;0;Green;301;Yellow;52;Red;10;Black;137;ON SHIP: White;0;Green;0;Yellow;0;Red;0;Evacuees to Transfer;
1338.47,146,evacuee,outES,Evacuee 403 in triage category R is not assigned a helicopter
1338.47,146,evacuee,,Evacuee;403;in triage state;B;is at the evacuation site
1346.27,3,evacueeManager,,OFF SHIP: White;0;Green;301;Yellow;51;Red;11;Black;137;ON SHIP: White;0;Green;0;Yellow;0;Red;0;Evacuees to Transfer;
1346.27,738,evacuee,outES,Evacuee 14 in triage category Y is not assigned a helicopter
1346.27,738,evacuee,,Evacuee;14;in triage state;R;is at the evacuation site
1350.45,3,evacueeManager,,OFF SHIP: White;0;Green;300;Yellow;52;Red;11;Black;137;ON SHIP: White;0;Green;0;Yellow;0;Red;0;Evacuees to Transfer;
1350.45,1300,evacuee,outES,Evacuee 177 in triage category G is not assigned a helicopter
1350.45,1300,evacuee,,Evacuee;177;in triage state;Y;is at the evacuation site
1354.36,3,evacueeManager,,OFF SHIP: White;0;Green;300;Yellow;52;Red;10;Black;138;ON SHIP: White;0;Green;0;Yellow;0;Red;0;Evacuees to Transfer;
1354.36,669,evacuee,outES,Evacuee 300 in triage category R is not assigned a helicopter
1354.36,669,evacuee,,Evacuee;300;in triage state;B;is at the evacuation site
1359.42,3,evacueeManager,,OFF SHIP: White;0;Green;300;Yellow;51;Red;11;Black;138;ON SHIP: White;0;Green;0;Yellow;0;Red;0;Evacuees to Transfer;
1359.42,1300,evacuee,outES,Evacuee 177 in triage category Y is not assigned a helicopter
1359.42,1300,evacuee,,Evacuee;177;in triage state;R;is at the evacuation site
1363.13,3,evacueeManager,,OFF SHIP: White;0;Green;299;Yellow;52;Red;11;Black;138;ON SHIP: White;0;Green;0;Yellow;0;Red;0;Evacuees to Transfer;
1363.13,483,evacuee,outES,Evacuee 192 in triage category G is not assigned a helicopter
1363.13,483,evacuee,,Evacuee;192;in triage state;Y;is at the evacuation site
1365.09,3,evacueeManager,,OFF SHIP: White;0;Green;299;Yellow;52;Red;10;Black;139;ON SHIP: White;0;Green;0;Yellow;0;Red;0;Evacuees to Transfer;
1365.09,783,evacuee,outES,Evacuee 133 in triage category R is not assigned a helicopter
1365.09,783,evacuee,,Evacuee;133;in triage state;B;is at the evacuation site
1366.11,3,evacueeManager,,OFF SHIP: White;0;Green;299;Yellow;52;Red;9;Black;140;ON SHIP: White;0;Green;0;Yellow;0;Red;0;Evacuees to Transfer;
1366.11,1291,evacuee,outES,Evacuee 170 in triage category R is not assigned a helicopter
1366.11,1291,evacuee,,Evacuee;170;in triage state;B;is at the evacuation site
1366.58,3,evacueeManager,,OFF SHIP: White;0;Green;298;Yellow;53;Red;9;Black;140;ON SHIP: White;0;Green;0;Yellow;0;Red;0;Evacuees to Transfer;
1366.58,1180,evacuee,outES,Evacuee 308 in triage category G is not assigned a helicopter
1366.58,1180,evacuee,,Evacuee;308;in triage state;Y;is at the evacuation site
1374.93,3,evacueeManager,,OFF SHIP: White;0;Green;298;Yellow;52;Red;10;Black;140;ON SHIP: White;0;Green;0;Yellow;0;Red;0;Evacuees to Transfer;
1374.93,675,evacuee,outES,Evacuee 454 in triage category Y is not assigned a helicopter
1374.93,675,evacuee,,Evacuee;454;in triage state;R;is at the evacuation site
1375.42,3,evacueeManager,,OFF SHIP: White;0;Green;297;Yellow;53;Red;10;Black;140;ON SHIP: White;0;Green;0;Yellow;0;Red;0;Evacuees to Transfer;
1375.42,98,evacuee,outES,Evacuee 437 in triage category G is not assigned a helicopter
1375.42,98,evacuee,,Evacuee;437;in triage state;Y;is at the evacuation site
1391.24,3,evacueeManager,,OFF SHIP: White;0;Green;297;Yellow;53;Red;9;Black;141;ON SHIP: White;0;Green;0;Yellow;0;Red;0;Evacuees to Transfer;
1391.24,738,evacuee,outES,Evacuee 14 in triage category R is not assigned a helicopter
1391.24,738,evacuee,,Evacuee;14;in triage state;B;is at the evacuation site
1391.72,3,evacueeManager,,OFF SHIP: White;0;Green;297;Yellow;53;Red;8;Black;142;ON SHIP: White;0;Green;0;Yellow;0;Red;0;Evacuees to Transfer;
1391.72,732,evacuee,outES,Evacuee 147 in triage category R is not assigned a helicopter
1391.72,732,evacuee,,Evacuee;147;in triage state;B;is at the evacuation site
1391.78,3,evacueeManager,,OFF SHIP: White;0;Green;296;Yellow;54;Red;8;Black;142;ON SHIP: White;0;Green;0;Yellow;0;Red;0;Evacuees to Transfer;
1391.78,924,evacuee,outES,Evacuee 132 in triage category G is not assigned a helicopter
1391.78,924,evacuee,,Evacuee;132;in triage state;Y;is at the evacuation site
1393.47,3,evacueeManager,,OFF SHIP: White;0;Green;295;Yellow;55;Red;8;Black;142;ON SHIP: White;0;Green;0;Yellow;0;Red;0;Evacuees to Transfer;
1393.47,804,evacuee,outES,Evacuee 158 in triage category G is not assigned a helicopter
1393.47,804,evacuee,,Evacuee;158;in triage state;Y;is at the evacuation site
1397.42,3,evacueeManager,,OFF SHIP: White;0;Green;295;Yellow;54;Red;9;Black;142;ON SHIP: White;0;Green;0;Yellow;0;Red;0;Evacuees to Transfer;
1397.42,212,evacuee,outES,Evacuee 374 in triage category Y is not assigned a helicopter
1397.42,212,evacuee,,Evacuee;374;in triage state;R;is at the evacuation site
1402.55,3,evacueeManager,,OFF SHIP: White;0;Green;295;Yellow;53;Red;10;Black;142;ON SHIP: White;0;Green;0;Yellow;0;Red;0;Evacuees to Transfer;
1402.55,1483,evacuee,outES,Evacuee 244 in triage category Y is not assigned a helicopter
1402.55,1483,evacuee,,Evacuee;244;in triage state;R;is at the evacuation site
1414.78,3,evacueeManager,,OFF SHIP: White;0;Green;294;Yellow;54;Red;10;Black;142;ON SHIP: White;0;Green;0;Yellow;0;Red;0;Evacuees to Transfer;
1414.78,990,evacuee,outES,Evacuee 21 in triage category G is not assigned a helicopter
1414.78,990,evacuee,,Evacuee;21;in triage state;Y;is at the evacuation site
1419.44,3,evacueeManager,,OFF SHIP: White;0;Green;294;Yellow;54;Red;9;Black;143;ON SHIP: White;0;Green;0;Yellow;0;Red;0;Evacuees to Transfer;
1419.44,675,evacuee,outES,Evacuee 454 in triage category R is not assigned a helicopter
1419.44,675,evacuee,,Evacuee;454;in triage state;B;is at the evacuation site
1421.37,3,evacueeManager,,OFF SHIP: White;0;Green;294;Yellow;53;Red;10;Black;143;ON SHIP: White;0;Green;0;Yellow;0;Red;0;Evacuees to Transfer;
1421.37,1420,evacuee,outES,Evacuee 216 in triage category Y is not assigned a helicopter
1421.37,1420,evacuee,,Evacuee;216;in triage state;R;is at the evacuation site
1422.62,3,evacueeManager,,OFF SHIP: White;0;Green;294;Yellow;52;Red;11;Black;143;ON SHIP: White;0;Green;0;Yellow;0;Red;0;Evacuees to Transfer;
1422.62,921,evacuee,outES,Evacuee 407 in triage category Y is not assigned a helicopter
1422.62,921,evacuee,,Evacuee;407;in triage state;R;is at the evacuation site
1423.21,3,evacueeManager,,OFF SHIP: White;0;Green;294;Yellow;52;Red;10;Black;144;ON SHIP: White;0;Green;0;Yellow;0;Red;0;Evacuees to Transfer;
1423.21,984,evacuee,outES,Evacuee 421 in triage category R is not assigned a helicopter
1423.21,984,evacuee,,Evacuee;421;in triage state;B;is at the evacuation site
1423.29,3,evacueeManager,,OFF SHIP: White;0;Green;294;Yellow;52;Red;9;Black;145;ON SHIP: White;0;Green;0;Yellow;0;Red;0;Evacuees to Transfer;
1423.29,1483,evacuee,outES,Evacuee 244 in triage category R is not assigned a helicopter
1423.29,1483,evacuee,,Evacuee;244;in triage state;B;is at the evacuation site
1426.84,3,evacueeManager,,OFF SHIP: White;0;Green;293;Yellow;53;Red;9;Black;145;ON SHIP: White;0;Green;0;Yellow;0;Red;0;Evacuees to Transfer;
1426.84,1047,evacuee,outES,Evacuee 35 in triage category G is not assigned a helicopter
1426.84,1047,evacuee,,Evacuee;35;in triage state;Y;is at the evacuation site
1432.81,3,evacueeManager,,OFF SHIP: White;0;Green;292;Yellow;54;Red;9;Black;145;ON SHIP: White;0;Green;0;Yellow;0;Red;0;Evacuees to Transfer;
1432.81,1423,evacuee,outES,Evacuee 219 in triage category G is not assigned a helicopter
1432.81,1423,evacuee,,Evacuee;219;in triage state;Y;is at the evacuation site
1434.43,3,evacueeManager,,OFF SHIP: White;0;Green;291;Yellow;55;Red;9;Black;145;ON SHIP: White;0;Green;0;Yellow;0;Red;0;Evacuees to Transfer;
1434.43,354,evacuee,outES,Evacuee 352 in triage category G is not assigned a helicopter
1434.43,354,evacuee,,Evacuee;352;in triage state;Y;is at the evacuation site
1439.22,3,evacueeManager,,OFF SHIP: White;0;Green;291;Yellow;55;Red;8;Black;146;ON SHIP: White;0;Green;0;Yellow;0;Red;0;Evacuees to Transfer;
1439.22,921,evacuee,outES,Evacuee 407 in triage category R is not assigned a helicopter
1439.22,921,evacuee,,Evacuee;407;in triage state;B;is at the evacuation site
1444.45,3,evacueeManager,,OFF SHIP: White;0;Green;291;Yellow;55;Red;7;Black;147;ON SHIP: White;0;Green;0;Yellow;0;Red;0;Evacuees to Transfer;
1444.45,792,evacuee,outES,Evacuee 400 in triage category R is not assigned a helicopter
1444.45,792,evacuee,,Evacuee;400;in triage state;B;is at the evacuation site
1446.51,3,evacueeManager,,OFF SHIP: White;0;Green;291;Yellow;54;Red;8;Black;147;ON SHIP: White;0;Green;0;Yellow;0;Red;0;Evacuees to Transfer;
1446.51,1044,evacuee,outES,Evacuee 20 in triage category Y is not assigned a helicopter
1446.51,1044,evacuee,,Evacuee;20;in triage state;R;is at the evacuation site
1448.4,3,evacueeManager,,OFF SHIP: White;0;Green;290;Yellow;55;Red;8;Black;147;ON SHIP: White;0;Green;0;Yellow;0;Red;0;Evacuees to Transfer;
1448.4,1237,evacuee,outES,Evacuee 161 in triage category G is not assigned a helicopter
1448.4,1237,evacuee,,Evacuee;161;in triage state;Y;is at the evacuation site
1451.04,3,evacueeManager,,OFF SHIP: White;0;Green;290;Yellow;55;Red;7;Black;148;ON SHIP: White;0;Green;0;Yellow;0;Red;0;Evacuees to Transfer;
1451.04,1417,evacuee,outES,Evacuee 12 in triage category R is not assigned a helicopter
1451.04,1417,evacuee,,Evacuee;12;in triage state;B;is at the evacuation site
1455.43,3,evacueeManager,,OFF SHIP: White;0;Green;290;Yellow;54;Red;8;Black;148;ON SHIP: White;0;Green;0;Yellow;0;Red;0;Evacuees to Transfer;
1455.43,1180,evacuee,outES,Evacuee 308 in triage category Y is not assigned a helicopter
1455.43,1180,evacuee,,Evacuee;308;in triage state;R;is at the evacuation site
1457.05,3,evacueeManager,,OFF SHIP: White;0;Green;289;Yellow;55;Red;8;Black;148;ON SHIP: White;0;Green;0;Yellow;0;Red;0;Evacuees to Transfer;
1457.05,612,evacuee,outES,Evacuee 90 in triage category G is not assigned a helicopter
1457.05,612,evacuee,,Evacuee;90;in triage state;Y;is at the evacuation site
1457.87,3,evacueeManager,,OFF SHIP: White;0;Green;288;Yellow;56;Red;8;Black;148;ON SHIP: White;0;Green;0;Yellow;0;Red;0;Evacuees to Transfer;
1457.87,1366,evacuee,outES,Evacuee 329 in triage category G is not assigned a helicopter
1457.87,1366,evacuee,,Evacuee;329;in triage state;Y;is at the evacuation site
1458.08,3,evacueeManager,,OFF SHIP: White;0;Green;288;Yellow;56;Red;7;Black;149;ON SHIP: White;0;Green;0;Yellow;0;Red;0;Evacuees to Transfer;
1458.08,1363,evacuee,outES,Evacuee 252 in triage category R is not assigned a helicopter
1458.08,1363,evacuee,,Evacuee;252;in triage state;B;is at the evacuation site
1458.72,3,evacueeManager,,OFF SHIP: White;0;Green;288;Yellow;55;Red;8;Black;149;ON SHIP: White;0;Green;0;Yellow;0;Red;0;Evacuees to Transfer;
1458.72,801,evacuee,outES,Evacuee 29 in triage category Y is not assigned a helicopter
1458.72,801,evacuee,,Evacuee;29;in triage state;R;is at the evacuation site
1460.32,3,evacueeManager,,OFF SHIP: White;0;Green;288;Yellow;55;Red;7;Black;150;ON SHIP: White;0;Green;0;Yellow;0;Red;0;Evacuees to Transfer;
1460.32,212,evacuee,outES,Evacuee 374 in triage category R is not assigned a helicopter
1460.32,212,evacuee,,Evacuee;374;in triage state;B;is at the evacuation site
1466.42,3,evacueeManager,,OFF SHIP: White;0;Green;288;Yellow;54;Red;8;Black;150;ON SHIP: White;0;Green;0;Yellow;0;Red;0;Evacuees to Transfer;
1466.42,861,evacuee,outES,Evacuee 347 in triage category Y is not assigned a helicopter
1466.42,861,evacuee,,Evacuee;347;in triage state;R;is at the evacuation site
1467.22,3,evacueeManager,,OFF SHIP: White;0;Green;288;Yellow;54;Red;7;Black;151;ON SHIP: White;0;Green;0;Yellow;0;Red;0;Evacuees to Transfer;
1467.22,720,evacuee,outES,Evacuee 474 in triage category R is not assigned a helicopter
1467.22,720,evacuee,,Evacuee;474;in triage state;B;is at the evacuation site
1468.94,3,evacueeManager,,OFF SHIP: White;0;Green;288;Yellow;54;Red;6;Black;152;ON SHIP: White;0;Green;0;Yellow;0;Red;0;Evacuees to Transfer;
1468.94,801,evacuee,outES,Evacuee 29 in triage category R is not assigned a helicopter
1468.94,801,evacuee,,Evacuee;29;in triage state;B;is at the evacuation site
1470.76,3,evacueeManager,,OFF SHIP: White;0;Green;287;Yellow;55;Red;6;Black;152;ON SHIP: White;0;Green;0;Yellow;0;Red;0;Evacuees to Transfer;
1470.76,291,evacuee,outES,Evacuee 410 in triage category G is not assigned a helicopter
1470.76,291,evacuee,,Evacuee;410;in triage state;Y;is at the evacuation site
1480.12,3,evacueeManager,,OFF SHIP: White;0;Green;286;Yellow;56;Red;6;Black;152;ON SHIP: White;0;Green;0;Yellow;0;Red;0;Evacuees to Transfer;
1480.12,1113,evacuee,outES,Evacuee 120 in triage category G is not assigned a helicopter
1480.12,1113,evacuee,,Evacuee;120;in triage state;Y;is at the evacuation site
1486.19,3,evacueeManager,,OFF SHIP: White;0;Green;285;Yellow;57;Red;6;Black;152;ON SHIP: White;0;Green;0;Yellow;0;Red;0;Evacuees to Transfer;
1486.19,1489,evacuee,outES,Evacuee 59 in triage category G is not assigned a helicopter
1486.19,1489,evacuee,,Evacuee;59;in triage state;Y;is at the evacuation site
1491.17,3,evacueeManager,,OFF SHIP: White;0;Green;285;Yellow;57;Red;5;Black;153;ON SHIP: White;0;Green;0;Yellow;0;Red;0;Evacuees to Transfer;
1491.17,1300,evacuee,outES,Evacuee 177 in triage category R is not assigned a helicopter
1491.17,1300,evacuee,,Evacuee;177;in triage state;B;is at the evacuation site
1495.13,3,evacueeManager,,OFF SHIP: White;0;Green;285;Yellow;56;Red;6;Black;153;ON SHIP: White;0;Green;0;Yellow;0;Red;0;Evacuees to Transfer;
1495.13,612,evacuee,outES,Evacuee 90 in triage category Y is not assigned a helicopter
1495.13,612,evacuee,,Evacuee;90;in triage state;R;is at the evacuation site
1498.93,3,evacueeManager,,OFF SHIP: White;0;Green;284;Yellow;57;Red;6;Black;153;ON SHIP: White;0;Green;0;Yellow;0;Red;0;Evacuees to Transfer;
1498.93,164,evacuee,outES,Evacuee 395 in triage category G is not assigned a helicopter
1498.93,164,evacuee,,Evacuee;395;in triage state;Y;is at the evacuation site
1507.14,3,evacueeManager,,OFF SHIP: White;0;Green;284;Yellow;56;Red;7;Black;153;ON SHIP: White;0;Green;0;Yellow;0;Red;0;Evacuees to Transfer;
1507.14,1047,evacuee,outES,Evacuee 35 in triage category Y is not assigned a helicopter
1507.14,1047,evacuee,,Evacuee;35;in triage state;R;is at the evacuation site
1507.54,3,evacueeManager,,OFF SHIP: White;0;Green;283;Yellow;57;Red;7;Black;153;ON SHIP: White;0;Green;0;Yellow;0;Red;0;Evacuees to Transfer;
1507.54,228,evacuee,outES,Evacuee 369 in triage category G is not assigned a helicopter
1507.54,228,evacuee,,Evacuee;369;in triage state;Y;is at the evacuation site
1510.89,3,evacueeManager,,OFF SHIP: White;0;Green;282;Yellow;58;Red;7;Black;153;ON SHIP: White;0;Green;0;Yellow;0;Red;0;Evacuees to Transfer;
1510.89,678,evacuee,outES,Evacuee 440 in triage category G is not assigned a helicopter
1510.89,678,evacuee,,Evacuee;440;in triage state;Y;is at the evacuation site
1512.24,3,evacueeManager,,OFF SHIP: White;0;Green;282;Yellow;57;Red;8;Black;153;ON SHIP: White;0;Green;0;Yellow;0;Red;0;Evacuees to Transfer;
1512.24,282,evacuee,outES,Evacuee 330 in triage category Y is not assigned a helicopter
1512.24,282,evacuee,,Evacuee;330;in triage state;R;is at the evacuation site
1519.54,3,evacueeManager,,OFF SHIP: White;0;Green;281;Yellow;58;Red;8;Black;153;ON SHIP: White;0;Green;0;Yellow;0;Red;0;Evacuees to Transfer;
1519.54,741,evacuee,outES,Evacuee 218 in triage category G is not assigned a helicopter
1519.54,741,evacuee,,Evacuee;218;in triage state;Y;is at the evacuation site
1519.71,3,evacueeManager,,OFF SHIP: White;0;Green;281;Yellow;57;Red;9;Black;153;ON SHIP: White;0;Green;0;Yellow;0;Red;0;Evacuees to Transfer;
1519.71,867,evacuee,outES,Evacuee 54 in triage category Y is not assigned a helicopter
1519.71,867,evacuee,,Evacuee;54;in triage state;R;is at the evacuation site
1522.77,3,evacueeManager,,OFF SHIP: White;0;Green;281;Yellow;56;Red;10;Black;153;ON SHIP: White;0;Green;0;Yellow;0;Red;0;Evacuees to Transfer;
1522.77,678,evacuee,outES,Evacuee 440 in triage category Y is not assigned a helicopter
1522.77,678,evacuee,,Evacuee;440;in triage state;R;is at the evacuation site
1524.11,3,evacueeManager,,OFF SHIP: White;0;Green;280;Yellow;57;Red;10;Black;153;ON SHIP: White;0;Green;0;Yellow;0;Red;0;Evacuees to Transfer;
1524.11,549,evacuee,outES,Evacuee 105 in triage category G is not assigned a helicopter
1524.11,549,evacuee,,Evacuee;105;in triage state;Y;is at the evacuation site
1524.93,3,evacueeManager,,OFF SHIP: White;0;Green;280;Yellow;56;Red;11;Black;153;ON SHIP: White;0;Green;0;Yellow;0;Red;0;Evacuees to Transfer;
1524.93,1366,evacuee,outES,Evacuee 329 in triage category Y is not assigned a helicopter
1524.93,1366,evacuee,,Evacuee;329;in triage state;R;is at the evacuation site
1528.73,3,evacueeManager,,OFF SHIP: White;0;Green;280;Yellow;56;Red;10;Black;154;ON SHIP: White;0;Green;0;Yellow;0;Red;0;Evacuees to Transfer;
1528.73,867,evacuee,outES,Evacuee 54 in triage category R is not assigned a helicopter
1528.73,867,evacuee,,Evacuee;54;in triage state;B;is at the evacuation site
1530.97,3,evacueeManager,,OFF SHIP: White;0;Green;280;Yellow;56;Red;9;Black;155;ON SHIP: White;0;Green;0;Yellow;0;Red;0;Evacuees to Transfer;
1530.97,612,evacuee,outES,Evacuee 90 in triage category R is not assigned a helicopter
1530.97,612,evacuee,,Evacuee;90;in triage state;B;is at the evacuation site
1533.66,3,evacueeManager,,OFF SHIP: White;0;Green;280;Yellow;55;Red;10;Black;155;ON SHIP: White;0;Green;0;Yellow;0;Red;0;Evacuees to Transfer;
1533.66,480,evacuee,outES,Evacuee 117 in triage category Y is not assigned a helicopter
1533.66,480,evacuee,,Evacuee;117;in triage state;R;is at the evacuation site
1537.69,3,evacueeManager,,OFF SHIP: White;0;Green;280;Yellow;55;Red;9;Black;156;ON SHIP: White;0;Green;0;Yellow;0;Red;0;Evacuees to Transfer;
1537.69,480,evacuee,outES,Evacuee 117 in triage category R is not assigned a helicopter
1537.69,480,evacuee,,Evacuee;117;in triage state;B;is at the evacuation site
1542.05,3,evacueeManager,,OFF SHIP: White;0;Green;280;Yellow;54;Red;10;Black;156;ON SHIP: White;0;Green;0;Yellow;0;Red;0;Evacuees to Transfer;
1542.05,798,evacuee,outES,Evacuee 100 in triage category Y is not assigned a helicopter
1542.05,798,evacuee,,Evacuee;100;in triage state;R;is at the evacuation site
1544.41,3,evacueeManager,,OFF SHIP: White;0;Green;280;Yellow;53;Red;11;Black;156;ON SHIP: White;0;Green;0;Yellow;0;Red;0;Evacuees to Transfer;
1544.41,1177,evacuee,outES,Evacuee 129 in triage category Y is not assigned a helicopter
1544.41,1177,evacuee,,Evacuee;129;in triage state;R;is at the evacuation site
1546.47,3,evacueeManager,,OFF SHIP: White;0;Green;280;Yellow;53;Red;10;Black;157;ON SHIP: White;0;Green;0;Yellow;0;Red;0;Evacuees to Transfer;
1546.47,1044,evacuee,outES,Evacuee 20 in triage category R is not assigned a helicopter
1546.47,1044,evacuee,,Evacuee;20;in triage state;B;is at the evacuation site
1549.1,3,evacueeManager,,OFF SHIP: White;0;Green;280;Yellow;52;Red;11;Black;157;ON SHIP: White;0;Green;0;Yellow;0;Red;0;Evacuees to Transfer;
1549.1,225,evacuee,outES,Evacuee 457 in triage category Y is not assigned a helicopter
1549.1,225,evacuee,,Evacuee;457;in triage state;R;is at the evacuation site
1552.81,3,evacueeManager,,OFF SHIP: White;0;Green;279;Yellow;53;Red;11;Black;157;ON SHIP: White;0;Green;0;Yellow;0;Red;0;Evacuees to Transfer;
1552.81,420,evacuee,outES,Evacuee 274 in triage category G is not assigned a helicopter
1552.81,420,evacuee,,Evacuee;274;in triage state;Y;is at the evacuation site
1558.86,3,evacueeManager,,OFF SHIP: White;0;Green;279;Yellow;52;Red;12;Black;157;ON SHIP: White;0;Green;0;Yellow;0;Red;0;Evacuees to Transfer;
1558.86,540,evacuee,outES,Evacuee 311 in triage category Y is not assigned a helicopter
1558.86,540,evacuee,,Evacuee;311;in triage state;R;is at the evacuation site
1559.16,3,evacueeManager,,OFF SHIP: White;0;Green;279;Yellow;52;Red;11;Black;158;ON SHIP: White;0;Green;0;Yellow;0;Red;0;Evacuees to Transfer;
1559.16,864,evacuee,outES,Evacuee 82 in triage category R is not assigned a helicopter
1559.16,864,evacuee,,Evacuee;82;in triage state;B;is at the evacuation site
1570.49,3,evacueeManager,,OFF SHIP: White;0;Green;279;Yellow;52;Red;10;Black;159;ON SHIP: White;0;Green;0;Yellow;0;Red;0;Evacuees to Transfer;
1570.49,282,evacuee,outES,Evacuee 330 in triage category R is not assigned a helicopter
1570.49,282,evacuee,,Evacuee;330;in triage state;B;is at the evacuation site
1575.14,3,evacueeManager,,OFF SHIP: White;0;Green;278;Yellow;53;Red;10;Black;159;ON SHIP: White;0;Green;0;Yellow;0;Red;0;Evacuees to Transfer;
1575.14,1303,evacuee,outES,Evacuee 435 in triage category G is not assigned a helicopter
1575.14,1303,evacuee,,Evacuee;435;in triage state;Y;is at the evacuation site
1575.84,3,evacueeManager,,OFF SHIP: White;0;Green;278;Yellow;52;Red;11;Black;159;ON SHIP: White;0;Green;0;Yellow;0;Red;0;Evacuees to Transfer;
1575.84,291,evacuee,outES,Evacuee 410 in triage category Y is not assigned a helicopter
1575.84,291,evacuee,,Evacuee;410;in triage state;R;is at the evacuation site
1576.95,3,evacueeManager,,OFF SHIP: White;0;Green;277;Yellow;53;Red;11;Black;159;ON SHIP: White;0;Green;0;Yellow;0;Red;0;Evacuees to Transfer;
1576.95,1183,evacuee,outES,Evacuee 131 in triage category G is not assigned a helicopter
1576.95,1183,evacuee,,Evacuee;131;in triage state;Y;is at the evacuation site
1580.65,3,evacueeManager,,OFF SHIP: White;0;Green;277;Yellow;53;Red;10;Black;160;ON SHIP: White;0;Green;0;Yellow;0;Red;0;Evacuees to Transfer;
1580.65,798,evacuee,outES,Evacuee 100 in triage category R is not assigned a helicopter
1580.65,798,evacuee,,Evacuee;100;in triage state;B;is at the evacuation site
1584.94,3,evacueeManager,,OFF SHIP: White;0;Green;276;Yellow;54;Red;10;Black;160;ON SHIP: White;0;Green;0;Yellow;0;Red;0;Evacuees to Transfer;
1584.94,486,evacuee,outES,Evacuee 432 in triage category G is not assigned a helicopter
1584.94,486,evacuee,,Evacuee;432;in triage state;Y;is at the evacuation site
1587.33,3,evacueeManager,,OFF SHIP: White;0;Green;276;Yellow;53;Red;11;Black;160;ON SHIP: White;0;Green;0;Yellow;0;Red;0;Evacuees to Transfer;
1587.33,858,evacuee,outES,Evacuee 256 in triage category Y is not assigned a helicopter
1587.33,858,evacuee,,Evacuee;256;in triage state;R;is at the evacuation site
1590.38,3,evacueeManager,,OFF SHIP: White;0;Green;275;Yellow;54;Red;11;Black;160;ON SHIP: White;0;Green;0;Yellow;0;Red;0;Evacuees to Transfer;
1590.38,101,evacuee,outES,Evacuee 436 in triage category G is not assigned a helicopter
1590.38,101,evacuee,,Evacuee;436;in triage state;Y;is at the evacuation site
1599.39,3,evacueeManager,,OFF SHIP: White;0;Green;275;Yellow;54;Red;10;Black;161;ON SHIP: White;0;Green;0;Yellow;0;Red;0;Evacuees to Transfer;
1599.39,225,evacuee,outES,Evacuee 457 in triage category R is not assigned a helicopter
1599.39,225,evacuee,,Evacuee;457;in triage state;B;is at the evacuation site
1599.78,3,evacueeManager,,OFF SHIP: White;0;Green;275;Yellow;54;Red;9;Black;162;ON SHIP: White;0;Green;0;Yellow;0;Red;0;Evacuees to Transfer;
1599.78,1366,evacuee,outES,Evacuee 329 in triage category R is not assigned a helicopter
1599.78,1366,evacuee,,Evacuee;329;in triage state;B;is at the evacuation site
1601.11,3,evacueeManager,,OFF SHIP: White;0;Green;275;Yellow;54;Red;8;Black;163;ON SHIP: White;0;Green;0;Yellow;0;Red;0;Evacuees to Transfer;
1601.11,1420,evacuee,outES,Evacuee 216 in triage category R is not assigned a helicopter
1601.11,1420,evacuee,,Evacuee;216;in triage state;B;is at the evacuation site
1601.24,3,evacueeManager,,OFF SHIP: White;0;Green;275;Yellow;53;Red;9;Black;163;ON SHIP: White;0;Green;0;Yellow;0;Red;0;Evacuees to Transfer;
1601.24,288,evacuee,outES,Evacuee 327 in triage category Y is not assigned a helicopter
1601.24,288,evacuee,,Evacuee;327;in triage state;R;is at the evacuation site
1601.71,3,evacueeManager,,OFF SHIP: White;0;Green;275;Yellow;53;Red;8;Black;164;ON SHIP: White;0;Green;0;Yellow;0;Red;0;Evacuees to Transfer;
1601.71,291,evacuee,outES,Evacuee 410 in triage category R is not assigned a helicopter
1601.71,291,evacuee,,Evacuee;410;in triage state;B;is at the evacuation site
1617.72,3,evacueeManager,,OFF SHIP: White;0;Green;274;Yellow;54;Red;8;Black;164;ON SHIP: White;0;Green;0;Yellow;0;Red;0;Evacuees to Transfer;
1617.72,807,evacuee,outES,Evacuee 187 in triage category G is not assigned a helicopter
1617.72,807,evacuee,,Evacuee;187;in triage state;Y;is at the evacuation site
1619.85,3,evacueeManager,,OFF SHIP: White;0;Green;273;Yellow;55;Red;8;Black;164;ON SHIP: White;0;Green;0;Yellow;0;Red;0;Evacuees to Transfer;
1619.85,927,evacuee,outES,Evacuee 31 in triage category G is not assigned a helicopter
1619.85,927,evacuee,,Evacuee;31;in triage state;Y;is at the evacuation site
1626.49,3,evacueeManager,,OFF SHIP: White;0;Green;273;Yellow;55;Red;7;Black;165;ON SHIP: White;0;Green;0;Yellow;0;Red;0;Evacuees to Transfer;
1626.49,1047,evacuee,outES,Evacuee 35 in triage category R is not assigned a helicopter
1626.49,1047,evacuee,,Evacuee;35;in triage state;B;is at the evacuation site
1629.95,3,evacueeManager,,OFF SHIP: White;0;Green;273;Yellow;54;Red;8;Black;165;ON SHIP: White;0;Green;0;Yellow;0;Red;0;Evacuees to Transfer;
1629.95,71,evacuee,outES,Evacuee 495 in triage category Y is not assigned a helicopter
1629.95,71,evacuee,,Evacuee;495;in triage state;R;is at the evacuation site
1632.8,3,evacueeManager,,OFF SHIP: White;0;Green;272;Yellow;55;Red;8;Black;165;ON SHIP: White;0;Green;0;Yellow;0;Red;0;Evacuees to Transfer;
1632.8,993,evacuee,outES,Evacuee 68 in triage category G is not assigned a helicopter
1632.8,993,evacuee,,Evacuee;68;in triage state;Y;is at the evacuation site
1639.03,3,evacueeManager,,OFF SHIP: White;0;Green;272;Yellow;55;Red;7;Black;166;ON SHIP: White;0;Green;0;Yellow;0;Red;0;Evacuees to Transfer;
1639.03,1180,evacuee,outES,Evacuee 308 in triage category R is not assigned a helicopter
1639.03,1180,evacuee,,Evacuee;308;in triage state;B;is at the evacuation site
1649.81,3,evacueeManager,,OFF SHIP: White;0;Green;271;Yellow;56;Red;7;Black;166;ON SHIP: White;0;Green;0;Yellow;0;Red;0;Evacuees to Transfer;
1649.81,1050,evacuee,outES,Evacuee 155 in triage category G is not assigned a helicopter
1649.81,1050,evacuee,,Evacuee;155;in triage state;Y;is at the evacuation site
1657.5,3,evacueeManager,,OFF SHIP: White;0;Green;271;Yellow;55;Red;8;Black;166;ON SHIP: White;0;Green;0;Yellow;0;Red;0;Evacuees to Transfer;
1657.5,161,evacuee,outES,Evacuee 396 in triage category Y is not assigned a helicopter
1657.5,161,evacuee,,Evacuee;396;in triage state;R;is at the evacuation site
1661.65,3,evacueeManager,,OFF SHIP: White;0;Green;271;Yellow;54;Red;9;Black;166;ON SHIP: White;0;Green;0;Yellow;0;Red;0;Evacuees to Transfer;
1661.65,804,evacuee,outES,Evacuee 158 in triage category Y is not assigned a helicopter
1661.65,804,evacuee,,Evacuee;158;in triage state;R;is at the evacuation site
1662.03,3,evacueeManager,,OFF SHIP: White;0;Green;270;Yellow;55;Red;9;Black;166;ON SHIP: White;0;Green;0;Yellow;0;Red;0;Evacuees to Transfer;
1662.03,357,evacuee,outES,Evacuee 293 in triage category G is not assigned a helicopter
1662.03,357,evacuee,,Evacuee;293;in triage state;Y;is at the evacuation site
1664.27,3,evacueeManager,,OFF SHIP: White;0;Green;270;Yellow;55;Red;8;Black;167;ON SHIP: White;0;Green;0;Yellow;0;Red;0;Evacuees to Transfer;
1664.27,678,evacuee,outES,Evacuee 440 in triage category R is not assigned a helicopter
1664.27,678,evacuee,,Evacuee;440;in triage state;B;is at the evacuation site
1664.28,3,evacueeManager,,OFF SHIP: White;0;Green;269;Yellow;56;Red;8;Black;167;ON SHIP: White;0;Green;0;Yellow;0;Red;0;Evacuees to Transfer;
1664.28,1426,evacuee,outES,Evacuee 221 in triage category G is not assigned a helicopter
1664.28,1426,evacuee,,Evacuee;221;in triage state;Y;is at the evacuation site
1665.68,3,evacueeManager,,OFF SHIP: White;0;Green;269;Yellow;56;Red;7;Black;168;ON SHIP: White;0;Green;0;Yellow;0;Red;0;Evacuees to Transfer;
1665.68,804,evacuee,outES,Evacuee 158 in triage category R is not assigned a helicopter
1665.68,804,evacuee,,Evacuee;158;in triage state;B;is at the evacuation site
1671.26,3,evacueeManager,,OFF SHIP: White;0;Green;269;Yellow;56;Red;6;Black;169;ON SHIP: White;0;Green;0;Yellow;0;Red;0;Evacuees to Transfer;
1671.26,71,evacuee,outES,Evacuee 495 in triage category R is not assigned a helicopter
1671.26,71,evacuee,,Evacuee;495;in triage state;B;is at the evacuation site
1673.11,3,evacueeManager,,OFF SHIP: White;0;Green;268;Yellow;57;Red;6;Black;169;ON SHIP: White;0;Green;0;Yellow;0;Red;0;Evacuees to Transfer;
1673.11,1240,evacuee,outES,Evacuee 28 in triage category G is not assigned a helicopter
1673.11,1240,evacuee,,Evacuee;28;in triage state;Y;is at the evacuation site
1673.87,3,evacueeManager,,OFF SHIP: White;0;Green;268;Yellow;56;Red;7;Black;169;ON SHIP: White;0;Green;0;Yellow;0;Red;0;Evacuees to Transfer;
1673.87,1113,evacuee,outES,Evacuee 120 in triage category Y is not assigned a helicopter
1673.87,1113,evacuee,,Evacuee;120;in triage state;R;is at the evacuation site
1676.21,3,evacueeManager,,OFF SHIP: White;0;Green;268;Yellow;55;Red;8;Black;169;ON SHIP: White;0;Green;0;Yellow;0;Red;0;Evacuees to Transfer;
1676.21,1240,evacuee,outES,Evacuee 28 in triage category Y is not assigned a helicopter
1676.21,1240,evacuee,,Evacuee;28;in triage state;R;is at the evacuation site
1678.42,3,evacueeManager,,OFF SHIP: White;0;Green;267;Yellow;56;Red;8;Black;169;ON SHIP: White;0;Green;0;Yellow;0;Red;0;Evacuees to Transfer;
1678.42,615,evacuee,outES,Evacuee 83 in triage category G is not assigned a helicopter
1678.42,615,evacuee,,Evacuee;83;in triage state;Y;is at the evacuation site
1682.03,3,evacueeManager,,OFF SHIP: White;0;Green;267;Yellow;56;Red;7;Black;170;ON SHIP: White;0;Green;0;Yellow;0;Red;0;Evacuees to Transfer;
1682.03,161,evacuee,outES,Evacuee 396 in triage category R is not assigned a helicopter
1682.03,161,evacuee,,Evacuee;396;in triage state;B;is at the evacuation site
1682.42,3,evacueeManager,,OFF SHIP: White;0;Green;267;Yellow;55;Red;8;Black;170;ON SHIP: White;0;Green;0;Yellow;0;Red;0;Evacuees to Transfer;
1682.42,615,evacuee,outES,Evacuee 83 in triage category Y is not assigned a helicopter
1682.42,615,evacuee,,Evacuee;83;in triage state;R;is at the evacuation site
1683.35,3,evacueeManager,,OFF SHIP: White;0;Green;266;Yellow;56;Red;8;Black;170;ON SHIP: White;0;Green;0;Yellow;0;Red;0;Evacuees to Transfer;
1683.35,1369,evacuee,outES,Evacuee 201 in triage category G is not assigned a helicopter
1683.35,1369,evacuee,,Evacuee;201;in triage state;Y;is at the evacuation site
1684.51,3,evacueeManager,,OFF SHIP: White;0;Green;266;Yellow;55;Red;9;Black;170;ON SHIP: White;0;Green;0;Yellow;0;Red;0;Evacuees to Transfer;
1684.51,1414,evacuee,outES,Evacuee 214 in triage category Y is not assigned a helicopter
1684.51,1414,evacuee,,Evacuee;214;in triage state;R;is at the evacuation site
1686.91,3,evacueeManager,,OFF SHIP: White;0;Green;266;Yellow;54;Red;10;Black;170;ON SHIP: White;0;Green;0;Yellow;0;Red;0;Evacuees to Transfer;
1686.91,417,evacuee,outES,Evacuee 315 in triage category Y is not assigned a helicopter
1686.91,417,evacuee,,Evacuee;315;in triage state;R;is at the evacuation site
1696.48,3,evacueeManager,,OFF SHIP: White;0;Green;266;Yellow;54;Red;9;Black;171;ON SHIP: White;0;Green;0;Yellow;0;Red;0;Evacuees to Transfer;
1696.48,858,evacuee,outES,Evacuee 256 in triage category R is not assigned a helicopter
1696.48,858,evacuee,,Evacuee;256;in triage state;B;is at the evacuation site
1705.43,3,evacueeManager,,OFF SHIP: White;0;Green;265;Yellow;55;Red;9;Black;171;ON SHIP: White;0;Green;0;Yellow;0;Red;0;Evacuees to Transfer;
1705.43,294,evacuee,outES,Evacuee 326 in triage category G is not assigned a helicopter
1705.43,294,evacuee,,Evacuee;326;in triage state;Y;is at the evacuation site
1712.92,3,evacueeManager,,OFF SHIP: White;0;Green;265;Yellow;54;Red;10;Black;171;ON SHIP: White;0;Green;0;Yellow;0;Red;0;Evacuees to Transfer;
1712.92,95,evacuee,outES,Evacuee 439 in triage category Y is not assigned a helicopter
1712.92,95,evacuee,,Evacuee;439;in triage state;R;is at the evacuation site
1713.99,3,evacueeManager,,OFF SHIP: White;0;Green;264;Yellow;55;Red;10;Black;171;ON SHIP: White;0;Green;0;Yellow;0;Red;0;Evacuees to Transfer;
1713.99,1492,evacuee,outES,Evacuee 248 in triage category G is not assigned a helicopter
1713.99,1492,evacuee,,Evacuee;248;in triage state;Y;is at the evacuation site
1717.42,3,evacueeManager,,OFF SHIP: White;0;Green;264;Yellow;54;Red;11;Black;171;ON SHIP: White;0;Green;0;Yellow;0;Red;0;Evacuees to Transfer;
1717.42,990,evacuee,outES,Evacuee 21 in triage category Y is not assigned a helicopter
1717.42,990,evacuee,,Evacuee;21;in triage state;R;is at the evacuation site
1719.12,3,evacueeManager,,OFF SHIP: White;0;Green;264;Yellow;53;Red;12;Black;171;ON SHIP: White;0;Green;0;Yellow;0;Red;0;Evacuees to Transfer;
1719.12,1110,evacuee,outES,Evacuee 266 in triage category Y is not assigned a helicopter
1719.12,1110,evacuee,,Evacuee;266;in triage state;R;is at the evacuation site
1719.68,3,evacueeManager,,OFF SHIP: White;0;Green;263;Yellow;54;Red;12;Black;171;ON SHIP: White;0;Green;0;Yellow;0;Red;0;Evacuees to Transfer;
1719.68,1116,evacuee,outES,Evacuee 94 in triage category G is not assigned a helicopter
1719.68,1116,evacuee,,Evacuee;94;in triage state;Y;is at the evacuation site
1725.99,3,evacueeManager,,OFF SHIP: White;0;Green;263;Yellow;53;Red;13;Black;171;ON SHIP: White;0;Green;0;Yellow;0;Red;0;Evacuees to Transfer;
1725.99,483,evacuee,outES,Evacuee 192 in triage category Y is not assigned a helicopter
1725.99,483,evacuee,,Evacuee;192;in triage state;R;is at the evacuation site
1727.63,3,evacueeManager,,OFF SHIP: White;0;Green;263;Yellow;53;Red;12;Black;172;ON SHIP: White;0;Green;0;Yellow;0;Red;0;Evacuees to Transfer;
1727.63,1110,evacuee,outES,Evacuee 266 in triage category R is not assigned a helicopter
1727.63,1110,evacuee,,Evacuee;266;in triage state;B;is at the evacuation site
1730.96,3,evacueeManager,,OFF SHIP: White;0;Green;263;Yellow;52;Red;13;Black;172;ON SHIP: White;0;Green;0;Yellow;0;Red;0;Evacuees to Transfer;
1730.96,981,evacuee,outES,Evacuee 154 in triage category Y is not assigned a helicopter
1730.96,981,evacuee,,Evacuee;154;in triage state;R;is at the evacuation site
1731.31,3,evacueeManager,,OFF SHIP: White;0;Green;263;Yellow;51;Red;14;Black;172;ON SHIP: White;0;Green;0;Yellow;0;Red;0;Evacuees to Transfer;
1731.31,228,evacuee,outES,Evacuee 369 in triage category Y is not assigned a helicopter
1731.31,228,evacuee,,Evacuee;369;in triage state;R;is at the evacuation site
1731.89,3,evacueeManager,,OFF SHIP: White;0;Green;262;Yellow;52;Red;14;Black;172;ON SHIP: White;0;Green;0;Yellow;0;Red;0;Evacuees to Transfer;
1731.89,167,evacuee,outES,Evacuee 393 in triage category G is not assigned a helicopter
1731.89,167,evacuee,,Evacuee;393;in triage state;Y;is at the evacuation site
1736.92,3,evacueeManager,,OFF SHIP: White;0;Green;262;Yellow;52;Red;13;Black;173;ON SHIP: White;0;Green;0;Yellow;0;Red;0;Evacuees to Transfer;
1736.92,417,evacuee,outES,Evacuee 315 in triage category R is not assigned a helicopter
1736.92,417,evacuee,,Evacuee;315;in triage state;B;is at the evacuation site
1737.11,3,evacueeManager,,OFF SHIP: White;0;Green;261;Yellow;53;Red;13;Black;173;ON SHIP: White;0;Green;0;Yellow;0;Red;0;Evacuees to Transfer;
1737.11,231,evacuee,outES,Evacuee 366 in triage category G is not assigned a helicopter
1737.11,231,evacuee,,Evacuee;366;in triage state;Y;is at the evacuation site
1737.19,3,evacueeManager,,OFF SHIP: White;0;Green;261;Yellow;52;Red;14;Black;173;ON SHIP: White;0;Green;0;Yellow;0;Red;0;Evacuees to Transfer;
1737.19,474,evacuee,outES,Evacuee 121 in triage category Y is not assigned a helicopter
1737.19,474,evacuee,,Evacuee;121;in triage state;R;is at the evacuation site
1745.47,3,evacueeManager,,OFF SHIP: White;0;Green;261;Yellow;52;Red;13;Black;174;ON SHIP: White;0;Green;0;Yellow;0;Red;0;Evacuees to Transfer;
1745.47,483,evacuee,outES,Evacuee 192 in triage category R is not assigned a helicopter
1745.47,483,evacuee,,Evacuee;192;in triage state;B;is at the evacuation site
1748.67,3,evacueeManager,,OFF SHIP: White;0;Green;261;Yellow;51;Red;14;Black;174;ON SHIP: White;0;Green;0;Yellow;0;Red;0;Evacuees to Transfer;
1748.67,158,evacuee,outES,Evacuee 452 in triage category Y is not assigned a helicopter
1748.67,158,evacuee,,Evacuee;452;in triage state;R;is at the evacuation site
1751.33,3,evacueeManager,,OFF SHIP: White;0;Green;261;Yellow;51;Red;13;Black;175;ON SHIP: White;0;Green;0;Yellow;0;Red;0;Evacuees to Transfer;
1751.33,1177,evacuee,outES,Evacuee 129 in triage category R is not assigned a helicopter
1751.33,1177,evacuee,,Evacuee;129;in triage state;B;is at the evacuation site
1753.13,3,evacueeManager,,OFF SHIP: White;0;Green;260;Yellow;52;Red;13;Black;175;ON SHIP: White;0;Green;0;Yellow;0;Red;0;Evacuees to Transfer;
1753.13,681,evacuee,outES,Evacuee 76 in triage category G is not assigned a helicopter
1753.13,681,evacuee,,Evacuee;76;in triage state;Y;is at the evacuation site
1754.24,3,evacueeManager,,OFF SHIP: White;0;Green;259;Yellow;53;Red;13;Black;175;ON SHIP: White;0;Green;0;Yellow;0;Red;0;Evacuees to Transfer;
1754.24,744,evacuee,outES,Evacuee 2 in triage category G is not assigned a helicopter
1754.24,744,evacuee,,Evacuee;2;in triage state;Y;is at the evacuation site
1757,3,evacueeManager,,OFF SHIP: White;0;Green;259;Yellow;52;Red;14;Black;175;ON SHIP: White;0;Green;0;Yellow;0;Red;0;Evacuees to Transfer;
1757,486,evacuee,outES,Evacuee 432 in triage category Y is not assigned a helicopter
1757,486,evacuee,,Evacuee;432;in triage state;R;is at the evacuation site
1759.79,3,evacueeManager,,OFF SHIP: White;0;Green;259;Yellow;51;Red;15;Black;175;ON SHIP: White;0;Green;0;Yellow;0;Red;0;Evacuees to Transfer;
1759.79,915,evacuee,outES,Evacuee 286 in triage category Y is not assigned a helicopter
1759.79,915,evacuee,,Evacuee;286;in triage state;R;is at the evacuation site
1763.36,3,evacueeManager,,OFF SHIP: White;0;Green;258;Yellow;52;Red;15;Black;175;ON SHIP: White;0;Green;0;Yellow;0;Red;0;Evacuees to Transfer;
1763.36,552,evacuee,outES,Evacuee 424 in triage category G is not assigned a helicopter
1763.36,552,evacuee,,Evacuee;424;in triage state;Y;is at the evacuation site
1764.1,3,evacueeManager,,OFF SHIP: White;0;Green;258;Yellow;51;Red;16;Black;175;ON SHIP: White;0;Green;0;Yellow;0;Red;0;Evacuees to Transfer;
1764.1,789,evacuee,outES,Evacuee 473 in triage category Y is not assigned a helicopter
1764.1,789,evacuee,,Evacuee;473;in triage state;R;is at the evacuation site
1765.25,3,evacueeManager,,OFF SHIP: White;0;Green;258;Yellow;51;Red;15;Black;176;ON SHIP: White;0;Green;0;Yellow;0;Red;0;Evacuees to Transfer;
1765.25,540,evacuee,outES,Evacuee 311 in triage category R is not assigned a helicopter
1765.25,540,evacuee,,Evacuee;311;in triage state;B;is at the evacuation site
1777.64,3,evacueeManager,,OFF SHIP: White;0;Green;258;Yellow;50;Red;16;Black;176;ON SHIP: White;0;Green;0;Yellow;0;Red;0;Evacuees to Transfer;
1777.64,294,evacuee,outES,Evacuee 326 in triage category Y is not assigned a helicopter
1777.64,294,evacuee,,Evacuee;326;in triage state;R;is at the evacuation site
1779.21,3,evacueeManager,,OFF SHIP: White;0;Green;258;Yellow;49;Red;17;Black;176;ON SHIP: White;0;Green;0;Yellow;0;Red;0;Evacuees to Transfer;
1779.21,1477,evacuee,outES,Evacuee 243 in triage category Y is not assigned a helicopter
1779.21,1477,evacuee,,Evacuee;243;in triage state;R;is at the evacuation site
1785.63,3,evacueeManager,,OFF SHIP: White;0;Green;258;Yellow;49;Red;16;Black;177;ON SHIP: White;0;Green;0;Yellow;0;Red;0;Evacuees to Transfer;
1785.63,158,evacuee,outES,Evacuee 452 in triage category R is not assigned a helicopter
1785.63,158,evacuee,,Evacuee;452;in triage state;B;is at the evacuation site
1786.16,3,evacueeManager,,OFF SHIP: White;0;Green;257;Yellow;50;Red;16;Black;177;ON SHIP: White;0;Green;0;Yellow;0;Red;0;Evacuees to Transfer;
1786.16,423,evacuee,outES,Evacuee 273 in triage category G is not assigned a helicopter
1786.16,423,evacuee,,Evacuee;273;in triage state;Y;is at the evacuation site
1790.06,3,evacueeManager,,OFF SHIP: White;0;Green;257;Yellow;49;Red;17;Black;177;ON SHIP: White;0;Green;0;Yellow;0;Red;0;Evacuees to Transfer;
1790.06,585,evacuee,outES,Evacuee 485 in triage category Y is not assigned a helicopter
1790.06,585,evacuee,,Evacuee;485;in triage state;R;is at the evacuation site
1791.21,3,evacueeManager,,OFF SHIP: White;0;Green;257;Yellow;49;Red;16;Black;178;ON SHIP: White;0;Green;0;Yellow;0;Red;0;Evacuees to Transfer;
1791.21,1477,evacuee,outES,Evacuee 243 in triage category R is not assigned a helicopter
1791.21,1477,evacuee,,Evacuee;243;in triage state;B;is at the evacuation site
1794.66,3,evacueeManager,,OFF SHIP: White;0;Green;257;Yellow;49;Red;15;Black;179;ON SHIP: White;0;Green;0;Yellow;0;Red;0;Evacuees to Transfer;
1794.66,486,evacuee,outES,Evacuee 432 in triage category R is not assigned a helicopter
1794.66,486,evacuee,,Evacuee;432;in triage state;B;is at the evacuation site
1794.97,3,evacueeManager,,OFF SHIP: White;0;Green;257;Yellow;48;Red;16;Black;179;ON SHIP: White;0;Green;0;Yellow;0;Red;0;Evacuees to Transfer;
1794.97,606,evacuee,outES,Evacuee 136 in triage category Y is not assigned a helicopter
1794.97,606,evacuee,,Evacuee;136;in triage state;R;is at the evacuation site
1796.71,3,evacueeManager,,OFF SHIP: White;0;Green;257;Yellow;47;Red;17;Black;179;ON SHIP: White;0;Green;0;Yellow;0;Red;0;Evacuees to Transfer;
1796.71,1360,evacuee,outES,Evacuee 450 in triage category Y is not assigned a helicopter
1796.71,1360,evacuee,,Evacuee;450;in triage state;R;is at the evacuation site
1798.03,3,evacueeManager,,OFF SHIP: White;0;Green;257;Yellow;46;Red;18;Black;179;ON SHIP: White;0;Green;0;Yellow;0;Red;0;Evacuees to Transfer;
1798.03,1423,evacuee,outES,Evacuee 219 in triage category Y is not assigned a helicopter
1798.03,1423,evacuee,,Evacuee;219;in triage state;R;is at the evacuation site
1801.45,3,evacueeManager,,OFF SHIP: White;0;Green;257;Yellow;45;Red;19;Black;179;ON SHIP: White;0;Green;0;Yellow;0;Red;0;Evacuees to Transfer;
1801.45,1116,evacuee,outES,Evacuee 94 in triage category Y is not assigned a helicopter
1801.45,1116,evacuee,,Evacuee;94;in triage state;R;is at the evacuation site
1804.02,3,evacueeManager,,OFF SHIP: White;0;Green;257;Yellow;45;Red;18;Black;180;ON SHIP: White;0;Green;0;Yellow;0;Red;0;Evacuees to Transfer;
1804.02,1113,evacuee,outES,Evacuee 120 in triage category R is not assigned a helicopter
1804.02,1113,evacuee,,Evacuee;120;in triage state;B;is at the evacuation site
1810.84,3,evacueeManager,,OFF SHIP: White;0;Green;257;Yellow;44;Red;19;Black;180;ON SHIP: White;0;Green;0;Yellow;0;Red;0;Evacuees to Transfer;
1810.84,924,evacuee,outES,Evacuee 132 in triage category Y is not assigned a helicopter
1810.84,924,evacuee,,Evacuee;132;in triage state;R;is at the evacuation site
1813.09,3,evacueeManager,,OFF SHIP: White;0;Green;257;Yellow;43;Red;20;Black;180;ON SHIP: White;0;Green;0;Yellow;0;Red;0;Evacuees to Transfer;
1813.09,1297,evacuee,outES,Evacuee 174 in triage category Y is not assigned a helicopter
1813.09,1297,evacuee,,Evacuee;174;in triage state;R;is at the evacuation site
1814.62,3,evacueeManager,,OFF SHIP: White;0;Green;256;Yellow;44;Red;20;Black;180;ON SHIP: White;0;Green;0;Yellow;0;Red;0;Evacuees to Transfer;
1814.62,1306,evacuee,outES,Evacuee 58 in triage category G is not assigned a helicopter
1814.62,1306,evacuee,,Evacuee;58;in triage state;Y;is at the evacuation site
1819.68,3,evacueeManager,,OFF SHIP: White;0;Green;256;Yellow;44;Red;19;Black;181;ON SHIP: White;0;Green;0;Yellow;0;Red;0;Evacuees to Transfer;
1819.68,288,evacuee,outES,Evacuee 327 in triage category R is not assigned a helicopter
1819.68,288,evacuee,,Evacuee;327;in triage state;B;is at the evacuation site
1822.22,3,evacueeManager,,OFF SHIP: White;0;Green;256;Yellow;43;Red;20;Black;181;ON SHIP: White;0;Green;0;Yellow;0;Red;0;Evacuees to Transfer;
1822.22,357,evacuee,outES,Evacuee 293 in triage category Y is not assigned a helicopter
1822.22,357,evacuee,,Evacuee;293;in triage state;R;is at the evacuation site
1825.06,3,evacueeManager,,OFF SHIP: White;0;Green;255;Yellow;44;Red;20;Black;181;ON SHIP: White;0;Green;0;Yellow;0;Red;0;Evacuees to Transfer;
1825.06,1186,evacuee,outES,Evacuee 137 in triage category G is not assigned a helicopter
1825.06,1186,evacuee,,Evacuee;137;in triage state;Y;is at the evacuation site
1829.44,3,evacueeManager,,OFF SHIP: White;0;Green;255;Yellow;43;Red;21;Black;181;ON SHIP: White;0;Green;0;Yellow;0;Red;0;Evacuees to Transfer;
1829.44,549,evacuee,outES,Evacuee 105 in triage category Y is not assigned a helicopter
1829.44,549,evacuee,,Evacuee;105;in triage state;R;is at the evacuation site
1829.52,3,evacueeManager,,OFF SHIP: White;0;Green;254;Yellow;44;Red;21;Black;181;ON SHIP: White;0;Green;0;Yellow;0;Red;0;Evacuees to Transfer;
1829.52,489,evacuee,outES,Evacuee 245 in triage category G is not assigned a helicopter
1829.52,489,evacuee,,Evacuee;245;in triage state;Y;is at the evacuation site
1833.54,3,evacueeManager,,OFF SHIP: White;0;Green;254;Yellow;44;Red;20;Black;182;ON SHIP: White;0;Green;0;Yellow;0;Red;0;Evacuees to Transfer;
1833.54,357,evacuee,outES,Evacuee 293 in triage category R is not assigned a helicopter
1833.54,357,evacuee,,Evacuee;293;in triage state;B;is at the evacuation site
1834.5,3,evacueeManager,,OFF SHIP: White;0;Green;254;Yellow;43;Red;21;Black;182;ON SHIP: White;0;Green;0;Yellow;0;Red;0;Evacuees to Transfer;
1834.5,411,evacuee,outES,Evacuee 278 in triage category Y is not assigned a helicopter
1834.5,411,evacuee,,Evacuee;278;in triage state;R;is at the evacuation site
1837.83,3,evacueeManager,,OFF SHIP: White;0;Green;254;Yellow;43;Red;20;Black;183;ON SHIP: White;0;Green;0;Yellow;0;Red;0;Evacuees to Transfer;
1837.83,606,evacuee,outES,Evacuee 136 in triage category R is not assigned a helicopter
1837.83,606,evacuee,,Evacuee;136;in triage state;B;is at the evacuation site
1839.93,3,evacueeManager,,OFF SHIP: White;0;Green;254;Yellow;43;Red;19;Black;184;ON SHIP: White;0;Green;0;Yellow;0;Red;0;Evacuees to Transfer;
1839.93,789,evacuee,outES,Evacuee 473 in triage category R is not assigned a helicopter
1839.93,789,evacuee,,Evacuee;473;in triage state;B;is at the evacuation site
1844.05,3,evacueeManager,,OFF SHIP: White;0;Green;254;Yellow;43;Red;18;Black;185;ON SHIP: White;0;Green;0;Yellow;0;Red;0;Evacuees to Transfer;
1844.05,95,evacuee,outES,Evacuee 439 in triage category R is not assigned a helicopter
1844.05,95,evacuee,,Evacuee;439;in triage state;B;is at the evacuation site
1848.26,3,evacueeManager,,OFF SHIP: White;0;Green;253;Yellow;44;Red;18;Black;185;ON SHIP: White;0;Green;0;Yellow;0;Red;0;Evacuees to Transfer;
1848.26,104,evacuee,outES,Evacuee 434 in triage category G is not assigned a helicopter
1848.26,104,evacuee,,Evacuee;434;in triage state;Y;is at the evacuation site
1850.35,3,evacueeManager,,OFF SHIP: White;0;Green;252;Yellow;45;Red;18;Black;185;ON SHIP: White;0;Green;0;Yellow;0;Red;0;Evacuees to Transfer;
1850.35,930,evacuee,outES,Evacuee 38 in triage category G is not assigned a helicopter
1850.35,930,evacuee,,Evacuee;38;in triage state;Y;is at the evacuation site
1851.07,3,evacueeManager,,OFF SHIP: White;0;Green;252;Yellow;44;Red;19;Black;185;ON SHIP: White;0;Green;0;Yellow;0;Red;0;Evacuees to Transfer;
1851.07,807,evacuee,outES,Evacuee 187 in triage category Y is not assigned a helicopter
1851.07,807,evacuee,,Evacuee;187;in triage state;R;is at the evacuation site
1854.54,3,evacueeManager,,OFF SHIP: White;0;Green;252;Yellow;44;Red;18;Black;186;ON SHIP: White;0;Green;0;Yellow;0;Red;0;Evacuees to Transfer;
1854.54,294,evacuee,outES,Evacuee 326 in triage category R is not assigned a helicopter
1854.54,294,evacuee,,Evacuee;326;in triage state;B;is at the evacuation site
1860.72,3,evacueeManager,,OFF SHIP: White;0;Green;252;Yellow;44;Red;17;Black;187;ON SHIP: White;0;Green;0;Yellow;0;Red;0;Evacuees to Transfer;
1860.72,1360,evacuee,outES,Evacuee 450 in triage category R is not assigned a helicopter
1860.72,1360,evacuee,,Evacuee;450;in triage state;B;is at the evacuation site
1860.92,3,evacueeManager,,OFF SHIP: White;0;Green;251;Yellow;45;Red;17;Black;187;ON SHIP: White;0;Green;0;Yellow;0;Red;0;Evacuees to Transfer;
1860.92,810,evacuee,outES,Evacuee 85 in triage category G is not assigned a helicopter
1860.92,810,evacuee,,Evacuee;85;in triage state;Y;is at the evacuation site
1862.6,3,evacueeManager,,OFF SHIP: White;0;Green;251;Yellow;45;Red;16;Black;188;ON SHIP: White;0;Green;0;Yellow;0;Red;0;Evacuees to Transfer;
1862.6,1423,evacuee,outES,Evacuee 219 in triage category R is not assigned a helicopter
1862.6,1423,evacuee,,Evacuee;219;in triage state;B;is at the evacuation site
1862.66,3,evacueeManager,,OFF SHIP: White;0;Green;251;Yellow;44;Red;17;Black;188;ON SHIP: White;0;Green;0;Yellow;0;Red;0;Evacuees to Transfer;
1862.66,408,evacuee,outES,Evacuee 279 in triage category Y is not assigned a helicopter
1862.66,408,evacuee,,Evacuee;279;in triage state;R;is at the evacuation site
1863.97,3,evacueeManager,,OFF SHIP: White;0;Green;251;Yellow;44;Red;16;Black;189;ON SHIP: White;0;Green;0;Yellow;0;Red;0;Evacuees to Transfer;
1863.97,228,evacuee,outES,Evacuee 369 in triage category R is not assigned a helicopter
1863.97,228,evacuee,,Evacuee;369;in triage state;B;is at the evacuation site
1865.4,3,evacueeManager,,OFF SHIP: White;0;Green;251;Yellow;44;Red;15;Black;190;ON SHIP: White;0;Green;0;Yellow;0;Red;0;Evacuees to Transfer;
1865.4,549,evacuee,outES,Evacuee 105 in triage category R is not assigned a helicopter
1865.4,549,evacuee,,Evacuee;105;in triage state;B;is at the evacuation site
1867.63,3,evacueeManager,,OFF SHIP: White;0;Green;251;Yellow;44;Red;14;Black;191;ON SHIP: White;0;Green;0;Yellow;0;Red;0;Evacuees to Transfer;
1867.63,1297,evacuee,outES,Evacuee 174 in triage category R is not assigned a helicopter
1867.63,1297,evacuee,,Evacuee;174;in triage state;B;is at the evacuation site
1875.72,3,evacueeManager,,OFF SHIP: White;0;Green;251;Yellow;43;Red;15;Black;191;ON SHIP: White;0;Green;0;Yellow;0;Red;0;Evacuees to Transfer;
1875.72,98,evacuee,outES,Evacuee 437 in triage category Y is not assigned a helicopter
1875.72,98,evacuee,,Evacuee;437;in triage state;R;is at the evacuation site
1877.34,3,evacueeManager,,OFF SHIP: White;0;Green;250;Yellow;44;Red;15;Black;191;ON SHIP: White;0;Green;0;Yellow;0;Red;0;Evacuees to Transfer;
1877.34,996,evacuee,outES,Evacuee 72 in triage category G is not assigned a helicopter
1877.34,996,evacuee,,Evacuee;72;in triage state;Y;is at the evacuation site
1879.15,3,evacueeManager,,OFF SHIP: White;0;Green;250;Yellow;44;Red;14;Black;192;ON SHIP: White;0;Green;0;Yellow;0;Red;0;Evacuees to Transfer;
1879.15,981,evacuee,outES,Evacuee 154 in triage category R is not assigned a helicopter
1879.15,981,evacuee,,Evacuee;154;in triage state;B;is at the evacuation site
1883.34,3,evacueeManager,,OFF SHIP: White;0;Green;250;Yellow;44;Red;13;Black;193;ON SHIP: White;0;Green;0;Yellow;0;Red;0;Evacuees to Transfer;
1883.34,585,evacuee,outES,Evacuee 485 in triage category R is not assigned a helicopter
1883.34,585,evacuee,,Evacuee;485;in triage state;B;is at the evacuation site
1887.29,3,evacueeManager,,OFF SHIP: White;0;Green;250;Yellow;43;Red;14;Black;193;ON SHIP: White;0;Green;0;Yellow;0;Red;0;Evacuees to Transfer;
1887.29,930,evacuee,outES,Evacuee 38 in triage category Y is not assigned a helicopter
1887.29,930,evacuee,,Evacuee;38;in triage state;R;is at the evacuation site
1887.54,3,evacueeManager,,OFF SHIP: White;0;Green;250;Yellow;43;Red;13;Black;194;ON SHIP: White;0;Green;0;Yellow;0;Red;0;Evacuees to Transfer;
1887.54,408,evacuee,outES,Evacuee 279 in triage category R is not assigned a helicopter
1887.54,408,evacuee,,Evacuee;279;in triage state;B;is at the evacuation site
1896.17,3,evacueeManager,,OFF SHIP: White;0;Green;250;Yellow;42;Red;14;Black;194;ON SHIP: White;0;Green;0;Yellow;0;Red;0;Evacuees to Transfer;
1896.17,222,evacuee,outES,Evacuee 370 in triage category Y is not assigned a helicopter
1896.17,222,evacuee,,Evacuee;370;in triage state;R;is at the evacuation site
1900.24,3,evacueeManager,,OFF SHIP: White;0;Green;250;Yellow;42;Red;13;Black;195;ON SHIP: White;0;Green;0;Yellow;0;Red;0;Evacuees to Transfer;
1900.24,1240,evacuee,outES,Evacuee 28 in triage category R is not assigned a helicopter
1900.24,1240,evacuee,,Evacuee;28;in triage state;B;is at the evacuation site
1901.64,3,evacueeManager,,OFF SHIP: White;0;Green;250;Yellow;42;Red;12;Black;196;ON SHIP: White;0;Green;0;Yellow;0;Red;0;Evacuees to Transfer;
1901.64,861,evacuee,outES,Evacuee 347 in triage category R is not assigned a helicopter
1901.64,861,evacuee,,Evacuee;347;in triage state;B;is at the evacuation site
1902.87,3,evacueeManager,,OFF SHIP: White;0;Green;249;Yellow;43;Red;12;Black;196;ON SHIP: White;0;Green;0;Yellow;0;Red;0;Evacuees to Transfer;
1902.87,1429,evacuee,outES,Evacuee 224 in triage category G is not assigned a helicopter
1902.87,1429,evacuee,,Evacuee;224;in triage state;Y;is at the evacuation site
1905.58,3,evacueeManager,,OFF SHIP: White;0;Green;249;Yellow;42;Red;13;Black;196;ON SHIP: White;0;Green;0;Yellow;0;Red;0;Evacuees to Transfer;
1905.58,1183,evacuee,outES,Evacuee 131 in triage category Y is not assigned a helicopter
1905.58,1183,evacuee,,Evacuee;131;in triage state;R;is at the evacuation site
1908.95,3,evacueeManager,,OFF SHIP: White;0;Green;248;Yellow;43;Red;13;Black;196;ON SHIP: White;0;Green;0;Yellow;0;Red;0;Evacuees to Transfer;
1908.95,1053,evacuee,outES,Evacuee 36 in triage category G is not assigned a helicopter
1908.95,1053,evacuee,,Evacuee;36;in triage state;Y;is at the evacuation site
1913.24,3,evacueeManager,,OFF SHIP: White;0;Green;248;Yellow;43;Red;12;Black;197;ON SHIP: White;0;Green;0;Yellow;0;Red;0;Evacuees to Transfer;
1913.24,1414,evacuee,outES,Evacuee 214 in triage category R is not assigned a helicopter
1913.24,1414,evacuee,,Evacuee;214;in triage state;B;is at the evacuation site
1914.22,3,evacueeManager,,OFF SHIP: White;0;Green;248;Yellow;42;Red;13;Black;197;ON SHIP: White;0;Green;0;Yellow;0;Red;0;Evacuees to Transfer;
1914.22,1231,evacuee,outES,Evacuee 123 in triage category Y is not assigned a helicopter
1914.22,1231,evacuee,,Evacuee;123;in triage state;R;is at the evacuation site
1919.41,3,evacueeManager,,OFF SHIP: White;0;Green;248;Yellow;41;Red;14;Black;197;ON SHIP: White;0;Green;0;Yellow;0;Red;0;Evacuees to Transfer;
1919.41,552,evacuee,outES,Evacuee 424 in triage category Y is not assigned a helicopter
1919.41,552,evacuee,,Evacuee;424;in triage state;R;is at the evacuation site
1922.63,3,evacueeManager,,OFF SHIP: White;0;Green;247;Yellow;42;Red;14;Black;197;ON SHIP: White;0;Green;0;Yellow;0;Red;0;Evacuees to Transfer;
1922.63,618,evacuee,outES,Evacuee 127 in triage category G is not assigned a helicopter
1922.63,618,evacuee,,Evacuee;127;in triage state;Y;is at the evacuation site
1925.64,3,evacueeManager,,OFF SHIP: White;0;Green;246;Yellow;43;Red;14;Black;197;ON SHIP: White;0;Green;0;Yellow;0;Red;0;Evacuees to Transfer;
1925.64,1243,evacuee,outES,Evacuee 126 in triage category G is not assigned a helicopter
1925.64,1243,evacuee,,Evacuee;126;in triage state;Y;is at the evacuation site
1928.07,3,evacueeManager,,OFF SHIP: White;0;Green;246;Yellow;43;Red;13;Black;198;ON SHIP: White;0;Green;0;Yellow;0;Red;0;Evacuees to Transfer;
1928.07,915,evacuee,outES,Evacuee 286 in triage category R is not assigned a helicopter
1928.07,915,evacuee,,Evacuee;286;in triage state;B;is at the evacuation site
1929.66,3,evacueeManager,,OFF SHIP: White;0;Green;246;Yellow;42;Red;14;Black;198;ON SHIP: White;0;Green;0;Yellow;0;Red;0;Evacuees to Transfer;
1929.66,546,evacuee,outES,Evacuee 235 in triage category Y is not assigned a helicopter
1929.66,546,evacuee,,Evacuee;235;in triage state;R;is at the evacuation site
1929.83,3,evacueeManager,,OFF SHIP: White;0;Green;246;Yellow;42;Red;13;Black;199;ON SHIP: White;0;Green;0;Yellow;0;Red;0;Evacuees to Transfer;
1929.83,990,evacuee,outES,Evacuee 21 in triage category R is not assigned a helicopter
1929.83,990,evacuee,,Evacuee;21;in triage state;B;is at the evacuation site
1932.4,3,evacueeManager,,OFF SHIP: White;0;Green;245;Yellow;43;Red;13;Black;199;ON SHIP: White;0;Green;0;Yellow;0;Red;0;Evacuees to Transfer;
1932.4,1372,evacuee,outES,Evacuee 11 in triage category G is not assigned a helicopter
1932.4,1372,evacuee,,Evacuee;11;in triage state;Y;is at the evacuation site
1932.95,3,evacueeManager,,OFF SHIP: White;0;Green;245;Yellow;43;Red;12;Black;200;ON SHIP: White;0;Green;0;Yellow;0;Red;0;Evacuees to Transfer;
1932.95,1183,evacuee,outES,Evacuee 131 in triage category R is not assigned a helicopter
1932.95,1183,evacuee,,Evacuee;131;in triage state;B;is at the evacuation site
1938.91,3,evacueeManager,,OFF SHIP: White;0;Green;245;Yellow;43;Red;11;Black;201;ON SHIP: White;0;Green;0;Yellow;0;Red;0;Evacuees to Transfer;
1938.91,546,evacuee,outES,Evacuee 235 in triage category R is not assigned a helicopter
1938.91,546,evacuee,,Evacuee;235;in triage state;B;is at the evacuation site
1946.86,3,evacueeManager,,OFF SHIP: White;0;Green;245;Yellow;43;Red;10;Black;202;ON SHIP: White;0;Green;0;Yellow;0;Red;0;Evacuees to Transfer;
1946.86,1231,evacuee,outES,Evacuee 123 in triage category R is not assigned a helicopter
1946.86,1231,evacuee,,Evacuee;123;in triage state;B;is at the evacuation site
1956.48,3,evacueeManager,,OFF SHIP: White;0;Green;244;Yellow;44;Red;10;Black;202;ON SHIP: White;0;Green;0;Yellow;0;Red;0;Evacuees to Transfer;
1956.48,297,evacuee,outES,Evacuee 466 in triage category G is not assigned a helicopter
1956.48,297,evacuee,,Evacuee;466;in triage state;Y;is at the evacuation site
1961.37,3,evacueeManager,,OFF SHIP: White;0;Green;243;Yellow;45;Red;10;Black;202;ON SHIP: White;0;Green;0;Yellow;0;Red;0;Evacuees to Transfer;
1961.37,1495,evacuee,outES,Evacuee 467 in triage category G is not assigned a helicopter
1961.37,1495,evacuee,,Evacuee;467;in triage state;Y;is at the evacuation site
1962.5,3,evacueeManager,,OFF SHIP: White;0;Green;243;Yellow;44;Red;11;Black;202;ON SHIP: White;0;Green;0;Yellow;0;Red;0;Evacuees to Transfer;
1962.5,1053,evacuee,outES,Evacuee 36 in triage category Y is not assigned a helicopter
1962.5,1053,evacuee,,Evacuee;36;in triage state;R;is at the evacuation site
1962.86,3,evacueeManager,,OFF SHIP: White;0;Green;243;Yellow;44;Red;10;Black;203;ON SHIP: White;0;Green;0;Yellow;0;Red;0;Evacuees to Transfer;
1962.86,552,evacuee,outES,Evacuee 424 in triage category R is not assigned a helicopter
1962.86,552,evacuee,,Evacuee;424;in triage state;B;is at the evacuation site
1968.11,3,evacueeManager,,OFF SHIP: White;0;Green;243;Yellow;44;Red;9;Black;204;ON SHIP: White;0;Green;0;Yellow;0;Red;0;Evacuees to Transfer;
1968.11,222,evacuee,outES,Evacuee 370 in triage category R is not assigned a helicopter
1968.11,222,evacuee,,Evacuee;370;in triage state;B;is at the evacuation site
1975.58,3,evacueeManager,,OFF SHIP: White;0;Green;243;Yellow;44;Red;8;Black;205;ON SHIP: White;0;Green;0;Yellow;0;Red;0;Evacuees to Transfer;
1975.58,98,evacuee,outES,Evacuee 437 in triage category R is not assigned a helicopter
1975.58,98,evacuee,,Evacuee;437;in triage state;B;is at the evacuation site
1978.82,3,evacueeManager,,OFF SHIP: White;0;Green;243;Yellow;43;Red;9;Black;205;ON SHIP: White;0;Green;0;Yellow;0;Red;0;Evacuees to Transfer;
1978.82,1186,evacuee,outES,Evacuee 137 in triage category Y is not assigned a helicopter
1978.82,1186,evacuee,,Evacuee;137;in triage state;R;is at the evacuation site
1982.49,3,evacueeManager,,OFF SHIP: White;0;Green;243;Yellow;42;Red;10;Black;205;ON SHIP: White;0;Green;0;Yellow;0;Red;0;Evacuees to Transfer;
1982.49,489,evacuee,outES,Evacuee 245 in triage category Y is not assigned a helicopter
1982.49,489,evacuee,,Evacuee;245;in triage state;R;is at the evacuation site
1984.27,3,evacueeManager,,OFF SHIP: White;0;Green;243;Yellow;42;Red;9;Black;206;ON SHIP: White;0;Green;0;Yellow;0;Red;0;Evacuees to Transfer;
1984.27,930,evacuee,outES,Evacuee 38 in triage category R is not assigned a helicopter
1984.27,930,evacuee,,Evacuee;38;in triage state;B;is at the evacuation site
1985.48,3,evacueeManager,,OFF SHIP: White;0;Green;242;Yellow;43;Red;9;Black;206;ON SHIP: White;0;Green;0;Yellow;0;Red;0;Evacuees to Transfer;
1985.48,1119,evacuee,outES,Evacuee 63 in triage category G is not assigned a helicopter
1985.48,1119,evacuee,,Evacuee;63;in triage state;Y;is at the evacuation site
1985.98,3,evacueeManager,,OFF SHIP: White;0;Green;242;Yellow;43;Red;8;Black;207;ON SHIP: White;0;Green;0;Yellow;0;Red;0;Evacuees to Transfer;
1985.98,1053,evacuee,outES,Evacuee 36 in triage category R is not assigned a helicopter
1985.98,1053,evacuee,,Evacuee;36;in triage state;B;is at the evacuation site
1989.82,3,evacueeManager,,OFF SHIP: White;0;Green;242;Yellow;43;Red;7;Black;208;ON SHIP: White;0;Green;0;Yellow;0;Red;0;Evacuees to Transfer;
1989.82,807,evacuee,outES,Evacuee 187 in triage category R is not assigned a helicopter
1989.82,807,evacuee,,Evacuee;187;in triage state;B;is at the evacuation site
1989.86,3,evacueeManager,,OFF SHIP: White;0;Green;241;Yellow;44;Red;7;Black;208;ON SHIP: White;0;Green;0;Yellow;0;Red;0;Evacuees to Transfer;
1989.86,170,evacuee,outES,Evacuee 392 in triage category G is not assigned a helicopter
1989.86,170,evacuee,,Evacuee;392;in triage state;Y;is at the evacuation site
1991.07,3,evacueeManager,,OFF SHIP: White;0;Green;240;Yellow;45;Red;7;Black;208;ON SHIP: White;0;Green;0;Yellow;0;Red;0;Evacuees to Transfer;
1991.07,234,evacuee,outES,Evacuee 362 in triage category G is not assigned a helicopter
1991.07,234,evacuee,,Evacuee;362;in triage state;Y;is at the evacuation site
2003.49,3,evacueeManager,,OFF SHIP: White;0;Green;240;Yellow;44;Red;8;Black;208;ON SHIP: White;0;Green;0;Yellow;0;Red;0;Evacuees to Transfer;
2003.49,101,evacuee,outES,Evacuee 436 in triage category Y is not assigned a helicopter
2003.49,101,evacuee,,Evacuee;436;in triage state;R;is at the evacuation site
2004.05,3,evacueeManager,,OFF SHIP: White;0;Green;239;Yellow;45;Red;8;Black;208;ON SHIP: White;0;Green;0;Yellow;0;Red;0;Evacuees to Transfer;
2004.05,684,evacuee,outES,Evacuee 431 in triage category G is not assigned a helicopter
2004.05,684,evacuee,,Evacuee;431;in triage state;Y;is at the evacuation site
2005.26,3,evacueeManager,,OFF SHIP: White;0;Green;238;Yellow;46;Red;8;Black;208;ON SHIP: White;0;Green;0;Yellow;0;Red;0;Evacuees to Transfer;
2005.26,747,evacuee,outES,Evacuee 33 in triage category G is not assigned a helicopter
2005.26,747,evacuee,,Evacuee;33;in triage state;Y;is at the evacuation site
2011.31,3,evacueeManager,,OFF SHIP: White;0;Green;238;Yellow;45;Red;9;Black;208;ON SHIP: White;0;Green;0;Yellow;0;Red;0;Evacuees to Transfer;
2011.31,164,evacuee,outES,Evacuee 395 in triage category Y is not assigned a helicopter
2011.31,164,evacuee,,Evacuee;395;in triage state;R;is at the evacuation site
2016.9,3,evacueeManager,,OFF SHIP: White;0;Green;238;Yellow;45;Red;8;Black;209;ON SHIP: White;0;Green;0;Yellow;0;Red;0;Evacuees to Transfer;
2016.9,474,evacuee,outES,Evacuee 121 in triage category R is not assigned a helicopter
2016.9,474,evacuee,,Evacuee;121;in triage state;B;is at the evacuation site
2017.86,3,evacueeManager,,OFF SHIP: White;0;Green;238;Yellow;44;Red;9;Black;209;ON SHIP: White;0;Green;0;Yellow;0;Red;0;Evacuees to Transfer;
2017.86,1050,evacuee,outES,Evacuee 155 in triage category Y is not assigned a helicopter
2017.86,1050,evacuee,,Evacuee;155;in triage state;R;is at the evacuation site
2028.85,3,evacueeManager,,OFF SHIP: White;0;Green;237;Yellow;45;Red;9;Black;209;ON SHIP: White;0;Green;0;Yellow;0;Red;0;Evacuees to Transfer;
2028.85,555,evacuee,outES,Evacuee 269 in triage category G is not assigned a helicopter
2028.85,555,evacuee,,Evacuee;269;in triage state;Y;is at the evacuation site
2029.83,3,evacueeManager,,OFF SHIP: White;0;Green;237;Yellow;44;Red;10;Black;209;ON SHIP: White;0;Green;0;Yellow;0;Red;0;Evacuees to Transfer;
2029.83,423,evacuee,outES,Evacuee 273 in triage category Y is not assigned a helicopter
2029.83,423,evacuee,,Evacuee;273;in triage state;R;is at the evacuation site
2036.9,3,evacueeManager,,OFF SHIP: White;0;Green;237;Yellow;43;Red;11;Black;209;ON SHIP: White;0;Green;0;Yellow;0;Red;0;Evacuees to Transfer;
2036.9,927,evacuee,outES,Evacuee 31 in triage category Y is not assigned a helicopter
2036.9,927,evacuee,,Evacuee;31;in triage state;R;is at the evacuation site
2040.1,3,evacueeManager,,OFF SHIP: White;0;Green;236;Yellow;44;Red;11;Black;209;ON SHIP: White;0;Green;0;Yellow;0;Red;0;Evacuees to Transfer;
2040.1,426,evacuee,outES,Evacuee 337 in triage category G is not assigned a helicopter
2040.1,426,evacuee,,Evacuee;337;in triage state;Y;is at the evacuation site
2044.93,3,evacueeManager,,OFF SHIP: White;0;Green;236;Yellow;43;Red;12;Black;209;ON SHIP: White;0;Green;0;Yellow;0;Red;0;Evacuees to Transfer;
2044.93,1426,evacuee,outES,Evacuee 221 in triage category Y is not assigned a helicopter
2044.93,1426,evacuee,,Evacuee;221;in triage state;R;is at the evacuation site
2049.98,3,evacueeManager,,OFF SHIP: White;0;Green;236;Yellow;43;Red;11;Black;210;ON SHIP: White;0;Green;0;Yellow;0;Red;0;Evacuees to Transfer;
2049.98,1426,evacuee,outES,Evacuee 221 in triage category R is not assigned a helicopter
2049.98,1426,evacuee,,Evacuee;221;in triage state;B;is at the evacuation site
2058.89,3,evacueeManager,,OFF SHIP: White;0;Green;236;Yellow;42;Red;12;Black;210;ON SHIP: White;0;Green;0;Yellow;0;Red;0;Evacuees to Transfer;
2058.89,852,evacuee,outES,Evacuee 3 in triage category Y is not assigned a helicopter
2058.89,852,evacuee,,Evacuee;3;in triage state;R;is at the evacuation site
2062.8,3,evacueeManager,,OFF SHIP: White;0;Green;236;Yellow;42;Red;11;Black;211;ON SHIP: White;0;Green;0;Yellow;0;Red;0;Evacuees to Transfer;
2062.8,927,evacuee,outES,Evacuee 31 in triage category R is not assigned a helicopter
2062.8,927,evacuee,,Evacuee;31;in triage state;B;is at the evacuation site
2062.85,3,evacueeManager,,OFF SHIP: White;0;Green;236;Yellow;42;Red;10;Black;212;ON SHIP: White;0;Green;0;Yellow;0;Red;0;Evacuees to Transfer;
2062.85,615,evacuee,outES,Evacuee 83 in triage category R is not assigned a helicopter
2062.85,615,evacuee,,Evacuee;83;in triage state;B;is at the evacuation site
2065.6,3,evacueeManager,,OFF SHIP: White;0;Green;236;Yellow;42;Red;9;Black;213;ON SHIP: White;0;Green;0;Yellow;0;Red;0;Evacuees to Transfer;
2065.6,411,evacuee,outES,Evacuee 278 in triage category R is not assigned a helicopter
2065.6,411,evacuee,,Evacuee;278;in triage state;B;is at the evacuation site
2077.28,3,evacueeManager,,OFF SHIP: White;0;Green;236;Yellow;42;Red;8;Black;214;ON SHIP: White;0;Green;0;Yellow;0;Red;0;Evacuees to Transfer;
2077.28,924,evacuee,outES,Evacuee 132 in triage category R is not assigned a helicopter
2077.28,924,evacuee,,Evacuee;132;in triage state;B;is at the evacuation site
2080.46,3,evacueeManager,,OFF SHIP: White;0;Green;235;Yellow;43;Red;8;Black;214;ON SHIP: White;0;Green;0;Yellow;0;Red;0;Evacuees to Transfer;
2080.46,1309,evacuee,outES,Evacuee 203 in triage category G is not assigned a helicopter
2080.46,1309,evacuee,,Evacuee;203;in triage state;Y;is at the evacuation site
2084.8,3,evacueeManager,,OFF SHIP: White;0;Green;235;Yellow;42;Red;9;Black;214;ON SHIP: White;0;Green;0;Yellow;0;Red;0;Evacuees to Transfer;
2084.8,993,evacuee,outES,Evacuee 68 in triage category Y is not assigned a helicopter
2084.8,993,evacuee,,Evacuee;68;in triage state;R;is at the evacuation site
2087.76,3,evacueeManager,,OFF SHIP: White;0;Green;235;Yellow;42;Red;8;Black;215;ON SHIP: White;0;Green;0;Yellow;0;Red;0;Evacuees to Transfer;
2087.76,423,evacuee,outES,Evacuee 273 in triage category R is not assigned a helicopter
2087.76,423,evacuee,,Evacuee;273;in triage state;B;is at the evacuation site
2092.15,3,evacueeManager,,OFF SHIP: White;0;Green;234;Yellow;43;Red;8;Black;215;ON SHIP: White;0;Green;0;Yellow;0;Red;0;Evacuees to Transfer;
2092.15,492,evacuee,outES,Evacuee 310 in triage category G is not assigned a helicopter
2092.15,492,evacuee,,Evacuee;310;in triage state;Y;is at the evacuation site
2095.87,3,evacueeManager,,OFF SHIP: White;0;Green;234;Yellow;43;Red;7;Black;216;ON SHIP: White;0;Green;0;Yellow;0;Red;0;Evacuees to Transfer;
2095.87,164,evacuee,outES,Evacuee 395 in triage category R is not assigned a helicopter
2095.87,164,evacuee,,Evacuee;395;in triage state;B;is at the evacuation site
2105.59,3,evacueeManager,,OFF SHIP: White;0;Green;233;Yellow;44;Red;7;Black;216;ON SHIP: White;0;Green;0;Yellow;0;Red;0;Evacuees to Transfer;
2105.59,933,evacuee,outES,Evacuee 10 in triage category G is not assigned a helicopter
2105.59,933,evacuee,,Evacuee;10;in triage state;Y;is at the evacuation site
2108.59,3,evacueeManager,,OFF SHIP: White;0;Green;233;Yellow;44;Red;6;Black;217;ON SHIP: White;0;Green;0;Yellow;0;Red;0;Evacuees to Transfer;
2108.59,489,evacuee,outES,Evacuee 245 in triage category R is not assigned a helicopter
2108.59,489,evacuee,,Evacuee;245;in triage state;B;is at the evacuation site
2108.83,3,evacueeManager,,OFF SHIP: White;0;Green;233;Yellow;44;Red;5;Black;218;ON SHIP: White;0;Green;0;Yellow;0;Red;0;Evacuees to Transfer;
2108.83,1186,evacuee,outES,Evacuee 137 in triage category R is not assigned a helicopter
2108.83,1186,evacuee,,Evacuee;137;in triage state;B;is at the evacuation site
2108.95,3,evacueeManager,,OFF SHIP: White;0;Green;233;Yellow;44;Red;4;Black;219;ON SHIP: White;0;Green;0;Yellow;0;Red;0;Evacuees to Transfer;
2108.95,852,evacuee,outES,Evacuee 3 in triage category R is not assigned a helicopter
2108.95,852,evacuee,,Evacuee;3;in triage state;B;is at the evacuation site
2111.94,3,evacueeManager,,OFF SHIP: White;0;Green;233;Yellow;43;Red;5;Black;219;ON SHIP: White;0;Green;0;Yellow;0;Red;0;Evacuees to Transfer;
2111.94,471,evacuee,outES,Evacuee 276 in triage category Y is not assigned a helicopter
2111.94,471,evacuee,,Evacuee;276;in triage state;R;is at the evacuation site
2112.68,3,evacueeManager,,OFF SHIP: White;0;Green;232;Yellow;44;Red;5;Black;219;ON SHIP: White;0;Green;0;Yellow;0;Red;0;Evacuees to Transfer;
2112.68,107,evacuee,outES,Evacuee 433 in triage category G is not assigned a helicopter
2112.68,107,evacuee,,Evacuee;433;in triage state;Y;is at the evacuation site
2115.32,3,evacueeManager,,OFF SHIP: White;0;Green;231;Yellow;45;Red;5;Black;219;ON SHIP: White;0;Green;0;Yellow;0;Red;0;Evacuees to Transfer;
2115.32,1189,evacuee,outES,Evacuee 138 in triage category G is not assigned a helicopter
2115.32,1189,evacuee,,Evacuee;138;in triage state;Y;is at the evacuation site
2126.1,3,evacueeManager,,OFF SHIP: White;0;Green;231;Yellow;45;Red;4;Black;220;ON SHIP: White;0;Green;0;Yellow;0;Red;0;Evacuees to Transfer;
2126.1,993,evacuee,outES,Evacuee 68 in triage category R is not assigned a helicopter
2126.1,993,evacuee,,Evacuee;68;in triage state;B;is at the evacuation site
2127.15,3,evacueeManager,,OFF SHIP: White;0;Green;231;Yellow;44;Red;5;Black;220;ON SHIP: White;0;Green;0;Yellow;0;Red;0;Evacuees to Transfer;
2127.15,297,evacuee,outES,Evacuee 466 in triage category Y is not assigned a helicopter
2127.15,297,evacuee,,Evacuee;466;in triage state;R;is at the evacuation site
2156.19,3,evacueeManager,,OFF SHIP: White;0;Green;231;Yellow;44;Red;4;Black;221;ON SHIP: White;0;Green;0;Yellow;0;Red;0;Evacuees to Transfer;
2156.19,297,evacuee,outES,Evacuee 466 in triage category R is not assigned a helicopter
2156.19,297,evacuee,,Evacuee;466;in triage state;B;is at the evacuation site
2159.71,3,evacueeManager,,OFF SHIP: White;0;Green;231;Yellow;43;Red;5;Black;221;ON SHIP: White;0;Green;0;Yellow;0;Red;0;Evacuees to Transfer;
2159.71,420,evacuee,outES,Evacuee 274 in triage category Y is not assigned a helicopter
2159.71,420,evacuee,,Evacuee;274;in triage state;R;is at the evacuation site
2163.04,3,evacueeManager,,OFF SHIP: White;0;Green;230;Yellow;44;Red;5;Black;221;ON SHIP: White;0;Green;0;Yellow;0;Red;0;Evacuees to Transfer;
2163.04,1432,evacuee,outES,Evacuee 339 in triage category G is not assigned a helicopter
2163.04,1432,evacuee,,Evacuee;339;in triage state;Y;is at the evacuation site
2163.5,3,evacueeManager,,OFF SHIP: White;0;Green;230;Yellow;43;Red;6;Black;221;ON SHIP: White;0;Green;0;Yellow;0;Red;0;Evacuees to Transfer;
2163.5,1243,evacuee,outES,Evacuee 126 in triage category Y is not assigned a helicopter
2163.5,1243,evacuee,,Evacuee;126;in triage state;R;is at the evacuation site
2164.3,3,evacueeManager,,OFF SHIP: White;0;Green;230;Yellow;43;Red;5;Black;222;ON SHIP: White;0;Green;0;Yellow;0;Red;0;Evacuees to Transfer;
2164.3,1050,evacuee,outES,Evacuee 155 in triage category R is not assigned a helicopter
2164.3,1050,evacuee,,Evacuee;155;in triage state;B;is at the evacuation site
2167.27,3,evacueeManager,,OFF SHIP: White;0;Green;230;Yellow;43;Red;4;Black;223;ON SHIP: White;0;Green;0;Yellow;0;Red;0;Evacuees to Transfer;
2167.27,1116,evacuee,outES,Evacuee 94 in triage category R is not assigned a helicopter
2167.27,1116,evacuee,,Evacuee;94;in triage state;B;is at the evacuation site
2168.4,3,evacueeManager,,OFF SHIP: White;0;Green;229;Yellow;44;Red;4;Black;223;ON SHIP: White;0;Green;0;Yellow;0;Red;0;Evacuees to Transfer;
2168.4,999,evacuee,outES,Evacuee 46 in triage category G is not assigned a helicopter
2168.4,999,evacuee,,Evacuee;46;in triage state;Y;is at the evacuation site
2169.4,3,evacueeManager,,OFF SHIP: White;0;Green;229;Yellow;43;Red;5;Black;223;ON SHIP: White;0;Green;0;Yellow;0;Red;0;Evacuees to Transfer;
2169.4,1306,evacuee,outES,Evacuee 58 in triage category Y is not assigned a helicopter
2169.4,1306,evacuee,,Evacuee;58;in triage state;R;is at the evacuation site
2169.68,3,evacueeManager,,OFF SHIP: White;0;Green;228;Yellow;44;Red;5;Black;223;ON SHIP: White;0;Green;0;Yellow;0;Red;0;Evacuees to Transfer;
2169.68,1056,evacuee,outES,Evacuee 198 in triage category G is not assigned a helicopter
2169.68,1056,evacuee,,Evacuee;198;in triage state;Y;is at the evacuation site
2169.92,3,evacueeManager,,OFF SHIP: White;0;Green;227;Yellow;45;Red;5;Black;223;ON SHIP: White;0;Green;0;Yellow;0;Red;0;Evacuees to Transfer;
2169.92,363,evacuee,outES,Evacuee 413 in triage category G is not assigned a helicopter
2169.92,363,evacuee,,Evacuee;413;in triage state;Y;is at the evacuation site
2178.36,3,evacueeManager,,OFF SHIP: White;0;Green;227;Yellow;44;Red;6;Black;223;ON SHIP: White;0;Green;0;Yellow;0;Red;0;Evacuees to Transfer;
2178.36,1486,evacuee,outES,Evacuee 247 in triage category Y is not assigned a helicopter
2178.36,1486,evacuee,,Evacuee;247;in triage state;R;is at the evacuation site
2178.66,3,evacueeManager,,OFF SHIP: White;0;Green;227;Yellow;43;Red;7;Black;223;ON SHIP: White;0;Green;0;Yellow;0;Red;0;Evacuees to Transfer;
2178.66,167,evacuee,outES,Evacuee 393 in triage category Y is not assigned a helicopter
2178.66,167,evacuee,,Evacuee;393;in triage state;R;is at the evacuation site
2183.17,3,evacueeManager,,OFF SHIP: White;0;Green;227;Yellow;42;Red;8;Black;223;ON SHIP: White;0;Green;0;Yellow;0;Red;0;Evacuees to Transfer;
2183.17,1234,evacuee,outES,Evacuee 159 in triage category Y is not assigned a helicopter
2183.17,1234,evacuee,,Evacuee;159;in triage state;R;is at the evacuation site
2184.17,3,evacueeManager,,OFF SHIP: White;0;Green;227;Yellow;41;Red;9;Black;223;ON SHIP: White;0;Green;0;Yellow;0;Red;0;Evacuees to Transfer;
2184.17,107,evacuee,outES,Evacuee 433 in triage category Y is not assigned a helicopter
2184.17,107,evacuee,,Evacuee;433;in triage state;R;is at the evacuation site
2188.11,3,evacueeManager,,OFF SHIP: White;0;Green;227;Yellow;40;Red;10;Black;223;ON SHIP: White;0;Green;0;Yellow;0;Red;0;Evacuees to Transfer;
2188.11,285,evacuee,outES,Evacuee 328 in triage category Y is not assigned a helicopter
2188.11,285,evacuee,,Evacuee;328;in triage state;R;is at the evacuation site
2188.43,3,evacueeManager,,OFF SHIP: White;0;Green;227;Yellow;39;Red;11;Black;223;ON SHIP: White;0;Green;0;Yellow;0;Red;0;Evacuees to Transfer;
2188.43,231,evacuee,outES,Evacuee 366 in triage category Y is not assigned a helicopter
2188.43,231,evacuee,,Evacuee;366;in triage state;R;is at the evacuation site
2189.49,3,evacueeManager,,OFF SHIP: White;0;Green;226;Yellow;40;Red;11;Black;223;ON SHIP: White;0;Green;0;Yellow;0;Red;0;Evacuees to Transfer;
2189.49,621,evacuee,outES,Evacuee 49 in triage category G is not assigned a helicopter
2189.49,621,evacuee,,Evacuee;49;in triage state;Y;is at the evacuation site
2193.63,3,evacueeManager,,OFF SHIP: White;0;Green;226;Yellow;40;Red;10;Black;224;ON SHIP: White;0;Green;0;Yellow;0;Red;0;Evacuees to Transfer;
2193.63,420,evacuee,outES,Evacuee 274 in triage category R is not assigned a helicopter
2193.63,420,evacuee,,Evacuee;274;in triage state;B;is at the evacuation site
2193.89,3,evacueeManager,,OFF SHIP: White;0;Green;226;Yellow;39;Red;11;Black;224;ON SHIP: White;0;Green;0;Yellow;0;Red;0;Evacuees to Transfer;
2193.89,1474,evacuee,outES,Evacuee 239 in triage category Y is not assigned a helicopter
2193.89,1474,evacuee,,Evacuee;239;in triage state;R;is at the evacuation site
2194.73,3,evacueeManager,,OFF SHIP: White;0;Green;226;Yellow;39;Red;10;Black;225;ON SHIP: White;0;Green;0;Yellow;0;Red;0;Evacuees to Transfer;
2194.73,107,evacuee,outES,Evacuee 433 in triage category R is not assigned a helicopter
2194.73,107,evacuee,,Evacuee;433;in triage state;B;is at the evacuation site
2198.52,3,evacueeManager,,OFF SHIP: White;0;Green;226;Yellow;39;Red;9;Black;226;ON SHIP: White;0;Green;0;Yellow;0;Red;0;Evacuees to Transfer;
2198.52,1486,evacuee,outES,Evacuee 247 in triage category R is not assigned a helicopter
2198.52,1486,evacuee,,Evacuee;247;in triage state;B;is at the evacuation site
2202.45,3,evacueeManager,,OFF SHIP: White;0;Green;225;Yellow;40;Red;9;Black;226;ON SHIP: White;0;Green;0;Yellow;0;Red;0;Evacuees to Transfer;
2202.45,1246,evacuee,outES,Evacuee 234 in triage category G is not assigned a helicopter
2202.45,1246,evacuee,,Evacuee;234;in triage state;Y;is at the evacuation site
2205.61,3,evacueeManager,,OFF SHIP: White;0;Green;225;Yellow;40;Red;8;Black;227;ON SHIP: White;0;Green;0;Yellow;0;Red;0;Evacuees to Transfer;
2205.61,167,evacuee,outES,Evacuee 393 in triage category R is not assigned a helicopter
2205.61,167,evacuee,,Evacuee;393;in triage state;B;is at the evacuation site
2209.9,3,evacueeManager,,OFF SHIP: White;0;Green;224;Yellow;41;Red;8;Black;227;ON SHIP: White;0;Green;0;Yellow;0;Red;0;Evacuees to Transfer;
2209.9,1375,evacuee,outES,Evacuee 202 in triage category G is not assigned a helicopter
2209.9,1375,evacuee,,Evacuee;202;in triage state;Y;is at the evacuation site
2211.76,3,evacueeManager,,OFF SHIP: White;0;Green;224;Yellow;40;Red;9;Black;227;ON SHIP: White;0;Green;0;Yellow;0;Red;0;Evacuees to Transfer;
2211.76,618,evacuee,outES,Evacuee 127 in triage category Y is not assigned a helicopter
2211.76,618,evacuee,,Evacuee;127;in triage state;R;is at the evacuation site
2216.54,3,evacueeManager,,OFF SHIP: White;0;Green;224;Yellow;40;Red;8;Black;228;ON SHIP: White;0;Green;0;Yellow;0;Red;0;Evacuees to Transfer;
2216.54,101,evacuee,outES,Evacuee 436 in triage category R is not assigned a helicopter
2216.54,101,evacuee,,Evacuee;436;in triage state;B;is at the evacuation site
2218.63,3,evacueeManager,,OFF SHIP: White;0;Green;224;Yellow;40;Red;7;Black;229;ON SHIP: White;0;Green;0;Yellow;0;Red;0;Evacuees to Transfer;
2218.63,1243,evacuee,outES,Evacuee 126 in triage category R is not assigned a helicopter
2218.63,1243,evacuee,,Evacuee;126;in triage state;B;is at the evacuation site
2219.01,3,evacueeManager,,OFF SHIP: White;0;Green;224;Yellow;40;Red;6;Black;230;ON SHIP: White;0;Green;0;Yellow;0;Red;0;Evacuees to Transfer;
2219.01,471,evacuee,outES,Evacuee 276 in triage category R is not assigned a helicopter
2219.01,471,evacuee,,Evacuee;276;in triage state;B;is at the evacuation site
2226.65,3,evacueeManager,,OFF SHIP: White;0;Green;223;Yellow;41;Red;6;Black;230;ON SHIP: White;0;Green;0;Yellow;0;Red;0;Evacuees to Transfer;
2226.65,300,evacuee,outES,Evacuee 325 in triage category G is not assigned a helicopter
2226.65,300,evacuee,,Evacuee;325;in triage state;Y;is at the evacuation site
2227.12,3,evacueeManager,,OFF SHIP: White;0;Green;222;Yellow;42;Red;6;Black;230;ON SHIP: White;0;Green;0;Yellow;0;Red;0;Evacuees to Transfer;
2227.12,1498,evacuee,outES,Evacuee 298 in triage category G is not assigned a helicopter
2227.12,1498,evacuee,,Evacuee;298;in triage state;Y;is at the evacuation site
2233.56,3,evacueeManager,,OFF SHIP: White;0;Green;221;Yellow;43;Red;6;Black;230;ON SHIP: White;0;Green;0;Yellow;0;Red;0;Evacuees to Transfer;
2233.56,870,evacuee,outES,Evacuee 368 in triage category G is not assigned a helicopter
2233.56,870,evacuee,,Evacuee;368;in triage state;Y;is at the evacuation site
2235.13,3,evacueeManager,,OFF SHIP: White;0;Green;221;Yellow;42;Red;7;Black;230;ON SHIP: White;0;Green;0;Yellow;0;Red;0;Evacuees to Transfer;
2235.13,1303,evacuee,outES,Evacuee 435 in triage category Y is not assigned a helicopter
2235.13,1303,evacuee,,Evacuee;435;in triage state;R;is at the evacuation site
2239.12,3,evacueeManager,,OFF SHIP: White;0;Green;221;Yellow;42;Red;6;Black;231;ON SHIP: White;0;Green;0;Yellow;0;Red;0;Evacuees to Transfer;
2239.12,231,evacuee,outES,Evacuee 366 in triage category R is not assigned a helicopter
2239.12,231,evacuee,,Evacuee;366;in triage state;B;is at the evacuation site
2251.83,3,evacueeManager,,OFF SHIP: White;0;Green;221;Yellow;42;Red;5;Black;232;ON SHIP: White;0;Green;0;Yellow;0;Red;0;Evacuees to Transfer;
2251.83,618,evacuee,outES,Evacuee 127 in triage category R is not assigned a helicopter
2251.83,618,evacuee,,Evacuee;127;in triage state;B;is at the evacuation site
2252.18,3,evacueeManager,,OFF SHIP: White;0;Green;221;Yellow;42;Red;4;Black;233;ON SHIP: White;0;Green;0;Yellow;0;Red;0;Evacuees to Transfer;
2252.18,1303,evacuee,outES,Evacuee 435 in triage category R is not assigned a helicopter
2252.18,1303,evacuee,,Evacuee;435;in triage state;B;is at the evacuation site
2257.6,3,evacueeManager,,OFF SHIP: White;0;Green;221;Yellow;42;Red;3;Black;234;ON SHIP: White;0;Green;0;Yellow;0;Red;0;Evacuees to Transfer;
2257.6,285,evacuee,outES,Evacuee 328 in triage category R is not assigned a helicopter
2257.6,285,evacuee,,Evacuee;328;in triage state;B;is at the evacuation site
2263.45,3,evacueeManager,,OFF SHIP: White;0;Green;220;Yellow;43;Red;3;Black;234;ON SHIP: White;0;Green;0;Yellow;0;Red;0;Evacuees to Transfer;
2263.45,1122,evacuee,outES,Evacuee 175 in triage category G is not assigned a helicopter
2263.45,1122,evacuee,,Evacuee;175;in triage state;Y;is at the evacuation site
2268.27,3,evacueeManager,,OFF SHIP: White;0;Green;219;Yellow;44;Red;3;Black;234;ON SHIP: White;0;Green;0;Yellow;0;Red;0;Evacuees to Transfer;
2268.27,173,evacuee,outES,Evacuee 389 in triage category G is not assigned a helicopter
2268.27,173,evacuee,,Evacuee;389;in triage state;Y;is at the evacuation site
2279.53,3,evacueeManager,,OFF SHIP: White;0;Green;218;Yellow;45;Red;3;Black;234;ON SHIP: White;0;Green;0;Yellow;0;Red;0;Evacuees to Transfer;
2279.53,237,evacuee,outES,Evacuee 425 in triage category G is not assigned a helicopter
2279.53,237,evacuee,,Evacuee;425;in triage state;Y;is at the evacuation site
2280.26,3,evacueeManager,,OFF SHIP: White;0;Green;217;Yellow;46;Red;3;Black;234;ON SHIP: White;0;Green;0;Yellow;0;Red;0;Evacuees to Transfer;
2280.26,750,evacuee,outES,Evacuee 271 in triage category G is not assigned a helicopter
2280.26,750,evacuee,,Evacuee;271;in triage state;Y;is at the evacuation site
2283.91,3,evacueeManager,,OFF SHIP: White;0;Green;216;Yellow;47;Red;3;Black;234;ON SHIP: White;0;Green;0;Yellow;0;Red;0;Evacuees to Transfer;
2283.91,687,evacuee,outES,Evacuee 74 in triage category G is not assigned a helicopter
2283.91,687,evacuee,,Evacuee;74;in triage state;Y;is at the evacuation site
2288.26,3,evacueeManager,,OFF SHIP: White;0;Green;216;Yellow;46;Red;4;Black;234;ON SHIP: White;0;Green;0;Yellow;0;Red;0;Evacuees to Transfer;
2288.26,1492,evacuee,outES,Evacuee 248 in triage category Y is not assigned a helicopter
2288.26,1492,evacuee,,Evacuee;248;in triage state;R;is at the evacuation site
2288.85,3,evacueeManager,,OFF SHIP: White;0;Green;216;Yellow;46;Red;3;Black;235;ON SHIP: White;0;Green;0;Yellow;0;Red;0;Evacuees to Transfer;
2288.85,1234,evacuee,outES,Evacuee 159 in triage category R is not assigned a helicopter
2288.85,1234,evacuee,,Evacuee;159;in triage state;B;is at the evacuation site
2300.48,3,evacueeManager,,OFF SHIP: White;0;Green;215;Yellow;47;Red;3;Black;235;ON SHIP: White;0;Green;0;Yellow;0;Red;0;Evacuees to Transfer;
2300.48,44,evacuee,outES,Evacuee 476 in triage category G is not assigned a helicopter
2300.48,44,evacuee,,Evacuee;476;in triage state;Y;is at the evacuation site
2302.05,3,evacueeManager,,OFF SHIP: White;0;Green;215;Yellow;46;Red;4;Black;235;ON SHIP: White;0;Green;0;Yellow;0;Red;0;Evacuees to Transfer;
2302.05,1489,evacuee,outES,Evacuee 59 in triage category Y is not assigned a helicopter
2302.05,1489,evacuee,,Evacuee;59;in triage state;R;is at the evacuation site
2318.62,3,evacueeManager,,OFF SHIP: White;0;Green;214;Yellow;47;Red;4;Black;235;ON SHIP: White;0;Green;0;Yellow;0;Red;0;Evacuees to Transfer;
2318.62,429,evacuee,outES,Evacuee 301 in triage category G is not assigned a helicopter
2318.62,429,evacuee,,Evacuee;301;in triage state;Y;is at the evacuation site
2321.33,3,evacueeManager,,OFF SHIP: White;0;Green;213;Yellow;48;Red;4;Black;235;ON SHIP: White;0;Green;0;Yellow;0;Red;0;Evacuees to Transfer;
2321.33,558,evacuee,outES,Evacuee 103 in triage category G is not assigned a helicopter
2321.33,558,evacuee,,Evacuee;103;in triage state;Y;is at the evacuation site
2324.7,3,evacueeManager,,OFF SHIP: White;0;Green;213;Yellow;47;Red;5;Black;235;ON SHIP: White;0;Green;0;Yellow;0;Red;0;Evacuees to Transfer;
2324.7,1222,evacuee,outES,Evacuee 152 in triage category Y is not assigned a helicopter
2324.7,1222,evacuee,,Evacuee;152;in triage state;R;is at the evacuation site
2344.7,3,evacueeManager,,OFF SHIP: White;0;Green;213;Yellow;47;Red;4;Black;236;ON SHIP: White;0;Green;0;Yellow;0;Red;0;Evacuees to Transfer;
2344.7,1489,evacuee,outES,Evacuee 59 in triage category R is not assigned a helicopter
2344.7,1489,evacuee,,Evacuee;59;in triage state;B;is at the evacuation site
2347.79,3,evacueeManager,,OFF SHIP: White;0;Green;212;Yellow;48;Red;4;Black;236;ON SHIP: White;0;Green;0;Yellow;0;Red;0;Evacuees to Transfer;
2347.79,1312,evacuee,outES,Evacuee 232 in triage category G is not assigned a helicopter
2347.79,1312,evacuee,,Evacuee;232;in triage state;Y;is at the evacuation site
2360.96,3,evacueeManager,,OFF SHIP: White;0;Green;212;Yellow;47;Red;5;Black;236;ON SHIP: White;0;Green;0;Yellow;0;Red;0;Evacuees to Transfer;
2360.96,810,evacuee,outES,Evacuee 85 in triage category Y is not assigned a helicopter
2360.96,810,evacuee,,Evacuee;85;in triage state;R;is at the evacuation site
2361.47,3,evacueeManager,,OFF SHIP: White;0;Green;212;Yellow;47;Red;4;Black;237;ON SHIP: White;0;Green;0;Yellow;0;Red;0;Evacuees to Transfer;
2361.47,810,evacuee,outES,Evacuee 85 in triage category R is not assigned a helicopter
2361.47,810,evacuee,,Evacuee;85;in triage state;B;is at the evacuation site
2364.57,3,evacueeManager,,OFF SHIP: White;0;Green;212;Yellow;46;Red;5;Black;237;ON SHIP: White;0;Green;0;Yellow;0;Red;0;Evacuees to Transfer;
2364.57,86,evacuee,outES,Evacuee 445 in triage category Y is not assigned a helicopter
2364.57,86,evacuee,,Evacuee;445;in triage state;R;is at the evacuation site
2376,3,evacueeManager,,OFF SHIP: White;0;Green;211;Yellow;47;Red;5;Black;237;ON SHIP: White;0;Green;0;Yellow;0;Red;0;Evacuees to Transfer;
2376,495,evacuee,outES,Evacuee 118 in triage category G is not assigned a helicopter
2376,495,evacuee,,Evacuee;118;in triage state;Y;is at the evacuation site
2381.67,3,evacueeManager,,OFF SHIP: White;0;Green;211;Yellow;47;Red;4;Black;238;ON SHIP: White;0;Green;0;Yellow;0;Red;0;Evacuees to Transfer;
2381.67,1474,evacuee,outES,Evacuee 239 in triage category R is not assigned a helicopter
2381.67,1474,evacuee,,Evacuee;239;in triage state;B;is at the evacuation site
2387.76,3,evacueeManager,,OFF SHIP: White;0;Green;211;Yellow;46;Red;5;Black;238;ON SHIP: White;0;Green;0;Yellow;0;Red;0;Evacuees to Transfer;
2387.76,681,evacuee,outES,Evacuee 76 in triage category Y is not assigned a helicopter
2387.76,681,evacuee,,Evacuee;76;in triage state;R;is at the evacuation site
2389.96,3,evacueeManager,,OFF SHIP: White;0;Green;211;Yellow;46;Red;4;Black;239;ON SHIP: White;0;Green;0;Yellow;0;Red;0;Evacuees to Transfer;
2389.96,86,evacuee,outES,Evacuee 445 in triage category R is not assigned a helicopter
2389.96,86,evacuee,,Evacuee;445;in triage state;B;is at the evacuation site
2394.37,3,evacueeManager,,OFF SHIP: White;0;Green;211;Yellow;45;Red;5;Black;239;ON SHIP: White;0;Green;0;Yellow;0;Red;0;Evacuees to Transfer;
2394.37,744,evacuee,outES,Evacuee 2 in triage category Y is not assigned a helicopter
2394.37,744,evacuee,,Evacuee;2;in triage state;R;is at the evacuation site
2396.02,3,evacueeManager,,OFF SHIP: White;0;Green;210;Yellow;46;Red;5;Black;239;ON SHIP: White;0;Green;0;Yellow;0;Red;0;Evacuees to Transfer;
2396.02,936,evacuee,outES,Evacuee 26 in triage category G is not assigned a helicopter
2396.02,936,evacuee,,Evacuee;26;in triage state;Y;is at the evacuation site
2396.19,3,evacueeManager,,OFF SHIP: White;0;Green;210;Yellow;46;Red;4;Black;240;ON SHIP: White;0;Green;0;Yellow;0;Red;0;Evacuees to Transfer;
2396.19,1492,evacuee,outES,Evacuee 248 in triage category R is not assigned a helicopter
2396.19,1492,evacuee,,Evacuee;248;in triage state;B;is at the evacuation site
2403.61,3,evacueeManager,,OFF SHIP: White;0;Green;209;Yellow;47;Red;4;Black;240;ON SHIP: White;0;Green;0;Yellow;0;Red;0;Evacuees to Transfer;
2403.61,816,evacuee,outES,Evacuee 71 in triage category G is not assigned a helicopter
2403.61,816,evacuee,,Evacuee;71;in triage state;Y;is at the evacuation site
2409.06,3,evacueeManager,,OFF SHIP: White;0;Green;208;Yellow;48;Red;4;Black;240;ON SHIP: White;0;Green;0;Yellow;0;Red;0;Evacuees to Transfer;
2409.06,110,evacuee,outES,Evacuee 428 in triage category G is not assigned a helicopter
2409.06,110,evacuee,,Evacuee;428;in triage state;Y;is at the evacuation site
2417.19,3,evacueeManager,,OFF SHIP: White;0;Green;207;Yellow;49;Red;4;Black;240;ON SHIP: White;0;Green;0;Yellow;0;Red;0;Evacuees to Transfer;
2417.19,1192,evacuee,outES,Evacuee 265 in triage category G is not assigned a helicopter
2417.19,1192,evacuee,,Evacuee;265;in triage state;Y;is at the evacuation site
2417.61,3,evacueeManager,,OFF SHIP: White;0;Green;207;Yellow;49;Red;3;Black;241;ON SHIP: White;0;Green;0;Yellow;0;Red;0;Evacuees to Transfer;
2417.61,1222,evacuee,outES,Evacuee 152 in triage category R is not assigned a helicopter
2417.61,1222,evacuee,,Evacuee;152;in triage state;B;is at the evacuation site
2446.01,3,evacueeManager,,OFF SHIP: White;0;Green;207;Yellow;49;Red;2;Black;242;ON SHIP: White;0;Green;0;Yellow;0;Red;0;Evacuees to Transfer;
2446.01,681,evacuee,outES,Evacuee 76 in triage category R is not assigned a helicopter
2446.01,681,evacuee,,Evacuee;76;in triage state;B;is at the evacuation site
2449.05,3,evacueeManager,,OFF SHIP: White;0;Green;206;Yellow;50;Red;2;Black;242;ON SHIP: White;0;Green;0;Yellow;0;Red;0;Evacuees to Transfer;
2449.05,1435,evacuee,outES,Evacuee 225 in triage category G is not assigned a helicopter
2449.05,1435,evacuee,,Evacuee;225;in triage state;Y;is at the evacuation site
2449.7,3,evacueeManager,,OFF SHIP: White;0;Green;205;Yellow;51;Red;2;Black;242;ON SHIP: White;0;Green;0;Yellow;0;Red;0;Evacuees to Transfer;
2449.7,1002,evacuee,outES,Evacuee 53 in triage category G is not assigned a helicopter
2449.7,1002,evacuee,,Evacuee;53;in triage state;Y;is at the evacuation site
2455.46,3,evacueeManager,,OFF SHIP: White;0;Green;205;Yellow;51;Red;1;Black;243;ON SHIP: White;0;Green;0;Yellow;0;Red;0;Evacuees to Transfer;
2455.46,744,evacuee,outES,Evacuee 2 in triage category R is not assigned a helicopter
2455.46,744,evacuee,,Evacuee;2;in triage state;B;is at the evacuation site
2456.01,3,evacueeManager,,OFF SHIP: White;0;Green;205;Yellow;50;Red;2;Black;243;ON SHIP: White;0;Green;0;Yellow;0;Red;0;Evacuees to Transfer;
2456.01,170,evacuee,outES,Evacuee 392 in triage category Y is not assigned a helicopter
2456.01,170,evacuee,,Evacuee;392;in triage state;R;is at the evacuation site
2456.65,3,evacueeManager,,OFF SHIP: White;0;Green;204;Yellow;51;Red;2;Black;243;ON SHIP: White;0;Green;0;Yellow;0;Red;0;Evacuees to Transfer;
2456.65,366,evacuee,outES,Evacuee 292 in triage category G is not assigned a helicopter
2456.65,366,evacuee,,Evacuee;292;in triage state;Y;is at the evacuation site
2456.71,3,evacueeManager,,OFF SHIP: White;0;Green;204;Yellow;50;Red;3;Black;243;ON SHIP: White;0;Green;0;Yellow;0;Red;0;Evacuees to Transfer;
2456.71,996,evacuee,outES,Evacuee 72 in triage category Y is not assigned a helicopter
2456.71,996,evacuee,,Evacuee;72;in triage state;R;is at the evacuation site
2464.95,3,evacueeManager,,OFF SHIP: White;0;Green;204;Yellow;49;Red;4;Black;243;ON SHIP: White;0;Green;0;Yellow;0;Red;0;Evacuees to Transfer;
2464.95,495,evacuee,outES,Evacuee 118 in triage category Y is not assigned a helicopter
2464.95,495,evacuee,,Evacuee;118;in triage state;R;is at the evacuation site
2466.82,3,evacueeManager,,OFF SHIP: White;0;Green;204;Yellow;49;Red;3;Black;244;ON SHIP: White;0;Green;0;Yellow;0;Red;0;Evacuees to Transfer;
2466.82,170,evacuee,outES,Evacuee 392 in triage category R is not assigned a helicopter
2466.82,170,evacuee,,Evacuee;392;in triage state;B;is at the evacuation site
2466.99,3,evacueeManager,,OFF SHIP: White;0;Green;203;Yellow;50;Red;3;Black;244;ON SHIP: White;0;Green;0;Yellow;0;Red;0;Evacuees to Transfer;
2466.99,1059,evacuee,outES,Evacuee 84 in triage category G is not assigned a helicopter
2466.99,1059,evacuee,,Evacuee;84;in triage state;Y;is at the evacuation site
2471.83,3,evacueeManager,,OFF SHIP: White;0;Green;203;Yellow;49;Red;4;Black;244;ON SHIP: White;0;Green;0;Yellow;0;Red;0;Evacuees to Transfer;
2471.83,1246,evacuee,outES,Evacuee 234 in triage category Y is not assigned a helicopter
2471.83,1246,evacuee,,Evacuee;234;in triage state;R;is at the evacuation site
2472.37,3,evacueeManager,,OFF SHIP: White;0;Green;203;Yellow;48;Red;5;Black;244;ON SHIP: White;0;Green;0;Yellow;0;Red;0;Evacuees to Transfer;
2472.37,555,evacuee,outES,Evacuee 269 in triage category Y is not assigned a helicopter
2472.37,555,evacuee,,Evacuee;269;in triage state;R;is at the evacuation site
2473.94,3,evacueeManager,,OFF SHIP: White;0;Green;203;Yellow;48;Red;4;Black;245;ON SHIP: White;0;Green;0;Yellow;0;Red;0;Evacuees to Transfer;
2473.94,1246,evacuee,outES,Evacuee 234 in triage category R is not assigned a helicopter
2473.94,1246,evacuee,,Evacuee;234;in triage state;B;is at the evacuation site
2483.03,3,evacueeManager,,OFF SHIP: White;0;Green;203;Yellow;47;Red;5;Black;245;ON SHIP: White;0;Green;0;Yellow;0;Red;0;Evacuees to Transfer;
2483.03,104,evacuee,outES,Evacuee 434 in triage category Y is not assigned a helicopter
2483.03,104,evacuee,,Evacuee;434;in triage state;R;is at the evacuation site
2487.23,3,evacueeManager,,OFF SHIP: White;0;Green;203;Yellow;47;Red;4;Black;246;ON SHIP: White;0;Green;0;Yellow;0;Red;0;Evacuees to Transfer;
2487.23,495,evacuee,outES,Evacuee 118 in triage category R is not assigned a helicopter
2487.23,495,evacuee,,Evacuee;118;in triage state;B;is at the evacuation site
2487.53,3,evacueeManager,,OFF SHIP: White;0;Green;203;Yellow;47;Red;3;Black;247;ON SHIP: White;0;Green;0;Yellow;0;Red;0;Evacuees to Transfer;
2487.53,1306,evacuee,outES,Evacuee 58 in triage category R is not assigned a helicopter
2487.53,1306,evacuee,,Evacuee;58;in triage state;B;is at the evacuation site
2488.97,3,evacueeManager,,OFF SHIP: White;0;Green;203;Yellow;47;Red;2;Black;248;ON SHIP: White;0;Green;0;Yellow;0;Red;0;Evacuees to Transfer;
2488.97,555,evacuee,outES,Evacuee 269 in triage category R is not assigned a helicopter
2488.97,555,evacuee,,Evacuee;269;in triage state;B;is at the evacuation site
2494.31,3,evacueeManager,,OFF SHIP: White;0;Green;202;Yellow;48;Red;2;Black;248;ON SHIP: White;0;Green;0;Yellow;0;Red;0;Evacuees to Transfer;
2494.31,624,evacuee,outES,Evacuee 87 in triage category G is not assigned a helicopter
2494.31,624,evacuee,,Evacuee;87;in triage state;Y;is at the evacuation site
2498.01,3,evacueeManager,,OFF SHIP: White;0;Green;202;Yellow;47;Red;3;Black;248;ON SHIP: White;0;Green;0;Yellow;0;Red;0;Evacuees to Transfer;
2498.01,624,evacuee,outES,Evacuee 87 in triage category Y is not assigned a helicopter
2498.01,624,evacuee,,Evacuee;87;in triage state;R;is at the evacuation site
2506.23,3,evacueeManager,,OFF SHIP: White;0;Green;201;Yellow;48;Red;3;Black;248;ON SHIP: White;0;Green;0;Yellow;0;Red;0;Evacuees to Transfer;
2506.23,1378,evacuee,outES,Evacuee 390 in triage category G is not assigned a helicopter
2506.23,1378,evacuee,,Evacuee;390;in triage state;Y;is at the evacuation site
2509.63,3,evacueeManager,,OFF SHIP: White;0;Green;201;Yellow;47;Red;4;Black;248;ON SHIP: White;0;Green;0;Yellow;0;Red;0;Evacuees to Transfer;
2509.63,1122,evacuee,outES,Evacuee 175 in triage category Y is not assigned a helicopter
2509.63,1122,evacuee,,Evacuee;175;in triage state;R;is at the evacuation site
2514.12,3,evacueeManager,,OFF SHIP: White;0;Green;200;Yellow;48;Red;4;Black;248;ON SHIP: White;0;Green;0;Yellow;0;Red;0;Evacuees to Transfer;
2514.12,1249,evacuee,outES,Evacuee 162 in triage category G is not assigned a helicopter
2514.12,1249,evacuee,,Evacuee;162;in triage state;Y;is at the evacuation site
2538.92,3,evacueeManager,,OFF SHIP: White;0;Green;200;Yellow;47;Red;5;Black;248;ON SHIP: White;0;Green;0;Yellow;0;Red;0;Evacuees to Transfer;
2538.92,1429,evacuee,outES,Evacuee 224 in triage category Y is not assigned a helicopter
2538.92,1429,evacuee,,Evacuee;224;in triage state;R;is at the evacuation site
2540.85,3,evacueeManager,,OFF SHIP: White;0;Green;200;Yellow;46;Red;6;Black;248;ON SHIP: White;0;Green;0;Yellow;0;Red;0;Evacuees to Transfer;
2540.85,1375,evacuee,outES,Evacuee 202 in triage category Y is not assigned a helicopter
2540.85,1375,evacuee,,Evacuee;202;in triage state;R;is at the evacuation site
2541.09,3,evacueeManager,,OFF SHIP: White;0;Green;199;Yellow;47;Red;6;Black;248;ON SHIP: White;0;Green;0;Yellow;0;Red;0;Evacuees to Transfer;
2541.09,303,evacuee,outES,Evacuee 365 in triage category G is not assigned a helicopter
2541.09,303,evacuee,,Evacuee;365;in triage state;Y;is at the evacuation site
2541.62,3,evacueeManager,,OFF SHIP: White;0;Green;198;Yellow;48;Red;6;Black;248;ON SHIP: White;0;Green;0;Yellow;0;Red;0;Evacuees to Transfer;
2541.62,1501,evacuee,outES,Evacuee 254 in triage category G is not assigned a helicopter
2541.62,1501,evacuee,,Evacuee;254;in triage state;Y;is at the evacuation site
2554.74,3,evacueeManager,,OFF SHIP: White;0;Green;198;Yellow;48;Red;5;Black;249;ON SHIP: White;0;Green;0;Yellow;0;Red;0;Evacuees to Transfer;
2554.74,104,evacuee,outES,Evacuee 434 in triage category R is not assigned a helicopter
2554.74,104,evacuee,,Evacuee;434;in triage state;B;is at the evacuation site
2578.15,3,evacueeManager,,OFF SHIP: White;0;Green;198;Yellow;47;Red;6;Black;249;ON SHIP: White;0;Green;0;Yellow;0;Red;0;Evacuees to Transfer;
2578.15,1498,evacuee,outES,Evacuee 298 in triage category Y is not assigned a helicopter
2578.15,1498,evacuee,,Evacuee;298;in triage state;R;is at the evacuation site
2582.17,3,evacueeManager,,OFF SHIP: White;0;Green;197;Yellow;48;Red;6;Black;249;ON SHIP: White;0;Green;0;Yellow;0;Red;0;Evacuees to Transfer;
2582.17,1125,evacuee,outES,Evacuee 47 in triage category G is not assigned a helicopter
2582.17,1125,evacuee,,Evacuee;47;in triage state;Y;is at the evacuation site
2583.51,3,evacueeManager,,OFF SHIP: White;0;Green;196;Yellow;49;Red;6;Black;249;ON SHIP: White;0;Green;0;Yellow;0;Red;0;Evacuees to Transfer;
2583.51,240,evacuee,outES,Evacuee 360 in triage category G is not assigned a helicopter
2583.51,240,evacuee,,Evacuee;360;in triage state;Y;is at the evacuation site
2583.86,3,evacueeManager,,OFF SHIP: White;0;Green;196;Yellow;48;Red;7;Black;249;ON SHIP: White;0;Green;0;Yellow;0;Red;0;Evacuees to Transfer;
2583.86,366,evacuee,outES,Evacuee 292 in triage category Y is not assigned a helicopter
2583.86,366,evacuee,,Evacuee;292;in triage state;R;is at the evacuation site
2591.18,3,evacueeManager,,OFF SHIP: White;0;Green;196;Yellow;48;Red;6;Black;250;ON SHIP: White;0;Green;0;Yellow;0;Red;0;Evacuees to Transfer;
2591.18,1122,evacuee,outES,Evacuee 175 in triage category R is not assigned a helicopter
2591.18,1122,evacuee,,Evacuee;175;in triage state;B;is at the evacuation site
2593.92,3,evacueeManager,,OFF SHIP: White;0;Green;195;Yellow;49;Red;6;Black;250;ON SHIP: White;0;Green;0;Yellow;0;Red;0;Evacuees to Transfer;
2593.92,690,evacuee,outES,Evacuee 363 in triage category G is not assigned a helicopter
2593.92,690,evacuee,,Evacuee;363;in triage state;Y;is at the evacuation site
2594.8,3,evacueeManager,,OFF SHIP: White;0;Green;195;Yellow;49;Red;5;Black;251;ON SHIP: White;0;Green;0;Yellow;0;Red;0;Evacuees to Transfer;
2594.8,1375,evacuee,outES,Evacuee 202 in triage category R is not assigned a helicopter
2594.8,1375,evacuee,,Evacuee;202;in triage state;B;is at the evacuation site
2595.01,3,evacueeManager,,OFF SHIP: White;0;Green;195;Yellow;48;Red;6;Black;251;ON SHIP: White;0;Green;0;Yellow;0;Red;0;Evacuees to Transfer;
2595.01,687,evacuee,outES,Evacuee 74 in triage category Y is not assigned a helicopter
2595.01,687,evacuee,,Evacuee;74;in triage state;R;is at the evacuation site
2596.96,3,evacueeManager,,OFF SHIP: White;0;Green;195;Yellow;47;Red;7;Black;251;ON SHIP: White;0;Green;0;Yellow;0;Red;0;Evacuees to Transfer;
2596.96,933,evacuee,outES,Evacuee 10 in triage category Y is not assigned a helicopter
2596.96,933,evacuee,,Evacuee;10;in triage state;R;is at the evacuation site
2600.96,3,evacueeManager,,OFF SHIP: White;0;Green;194;Yellow;48;Red;7;Black;251;ON SHIP: White;0;Green;0;Yellow;0;Red;0;Evacuees to Transfer;
2600.96,753,evacuee,outES,Evacuee 9 in triage category G is not assigned a helicopter
2600.96,753,evacuee,,Evacuee;9;in triage state;Y;is at the evacuation site
2603.05,3,evacueeManager,,OFF SHIP: White;0;Green;194;Yellow;48;Red;6;Black;252;ON SHIP: White;0;Green;0;Yellow;0;Red;0;Evacuees to Transfer;
2603.05,1498,evacuee,outES,Evacuee 298 in triage category R is not assigned a helicopter
2603.05,1498,evacuee,,Evacuee;298;in triage state;B;is at the evacuation site
2612.52,3,evacueeManager,,OFF SHIP: White;0;Green;194;Yellow;48;Red;5;Black;253;ON SHIP: White;0;Green;0;Yellow;0;Red;0;Evacuees to Transfer;
2612.52,933,evacuee,outES,Evacuee 10 in triage category R is not assigned a helicopter
2612.52,933,evacuee,,Evacuee;10;in triage state;B;is at the evacuation site
2617.96,3,evacueeManager,,OFF SHIP: White;0;Green;193;Yellow;49;Red;5;Black;253;ON SHIP: White;0;Green;0;Yellow;0;Red;0;Evacuees to Transfer;
2617.96,47,evacuee,outES,Evacuee 475 in triage category G is not assigned a helicopter
2617.96,47,evacuee,,Evacuee;475;in triage state;Y;is at the evacuation site
2620.7,3,evacueeManager,,OFF SHIP: White;0;Green;192;Yellow;50;Red;5;Black;253;ON SHIP: White;0;Green;0;Yellow;0;Red;0;Evacuees to Transfer;
2620.7,873,evacuee,outES,Evacuee 4 in triage category G is not assigned a helicopter
2620.7,873,evacuee,,Evacuee;4;in triage state;Y;is at the evacuation site
2625.82,3,evacueeManager,,OFF SHIP: White;0;Green;192;Yellow;49;Red;6;Black;253;ON SHIP: White;0;Green;0;Yellow;0;Red;0;Evacuees to Transfer;
2625.82,870,evacuee,outES,Evacuee 368 in triage category Y is not assigned a helicopter
2625.82,870,evacuee,,Evacuee;368;in triage state;R;is at the evacuation site
2632.6,3,evacueeManager,,OFF SHIP: White;0;Green;191;Yellow;50;Red;6;Black;253;ON SHIP: White;0;Green;0;Yellow;0;Red;0;Evacuees to Transfer;
2632.6,432,evacuee,outES,Evacuee 272 in triage category G is not assigned a helicopter
2632.6,432,evacuee,,Evacuee;272;in triage state;Y;is at the evacuation site
2637.82,3,evacueeManager,,OFF SHIP: White;0;Green;190;Yellow;51;Red;6;Black;253;ON SHIP: White;0;Green;0;Yellow;0;Red;0;Evacuees to Transfer;
2637.82,176,evacuee,outES,Evacuee 384 in triage category G is not assigned a helicopter
2637.82,176,evacuee,,Evacuee;384;in triage state;Y;is at the evacuation site
2641.01,3,evacueeManager,,OFF SHIP: White;0;Green;190;Yellow;50;Red;7;Black;253;ON SHIP: White;0;Green;0;Yellow;0;Red;0;Evacuees to Transfer;
2641.01,609,evacuee,outES,Evacuee 412 in triage category Y is not assigned a helicopter
2641.01,609,evacuee,,Evacuee;412;in triage state;R;is at the evacuation site
2644.55,3,evacueeManager,,OFF SHIP: White;0;Green;190;Yellow;49;Red;8;Black;253;ON SHIP: White;0;Green;0;Yellow;0;Red;0;Evacuees to Transfer;
2644.55,44,evacuee,outES,Evacuee 476 in triage category Y is not assigned a helicopter
2644.55,44,evacuee,,Evacuee;476;in triage state;R;is at the evacuation site
2652.56,3,evacueeManager,,OFF SHIP: White;0;Green;189;Yellow;50;Red;8;Black;253;ON SHIP: White;0;Green;0;Yellow;0;Red;0;Evacuees to Transfer;
2652.56,561,evacuee,outES,Evacuee 124 in triage category G is not assigned a helicopter
2652.56,561,evacuee,,Evacuee;124;in triage state;Y;is at the evacuation site
2652.68,3,evacueeManager,,OFF SHIP: White;0;Green;189;Yellow;49;Red;9;Black;253;ON SHIP: White;0;Green;0;Yellow;0;Red;0;Evacuees to Transfer;
2652.68,690,evacuee,outES,Evacuee 363 in triage category Y is not assigned a helicopter
2652.68,690,evacuee,,Evacuee;363;in triage state;R;is at the evacuation site
2655.36,3,evacueeManager,,OFF SHIP: White;0;Green;189;Yellow;48;Red;10;Black;253;ON SHIP: White;0;Green;0;Yellow;0;Red;0;Evacuees to Transfer;
2655.36,1189,evacuee,outES,Evacuee 138 in triage category Y is not assigned a helicopter
2655.36,1189,evacuee,,Evacuee;138;in triage state;R;is at the evacuation site
2656.88,3,evacueeManager,,OFF SHIP: White;0;Green;189;Yellow;47;Red;11;Black;253;ON SHIP: White;0;Green;0;Yellow;0;Red;0;Evacuees to Transfer;
2656.88,1038,evacuee,outES,Evacuee 102 in triage category Y is not assigned a helicopter
2656.88,1038,evacuee,,Evacuee;102;in triage state;R;is at the evacuation site
2663.05,3,evacueeManager,,OFF SHIP: White;0;Green;189;Yellow;47;Red;10;Black;254;ON SHIP: White;0;Green;0;Yellow;0;Red;0;Evacuees to Transfer;
2663.05,1038,evacuee,outES,Evacuee 102 in triage category R is not assigned a helicopter
2663.05,1038,evacuee,,Evacuee;102;in triage state;B;is at the evacuation site
2666.42,3,evacueeManager,,OFF SHIP: White;0;Green;189;Yellow;47;Red;9;Black;255;ON SHIP: White;0;Green;0;Yellow;0;Red;0;Evacuees to Transfer;
2666.42,366,evacuee,outES,Evacuee 292 in triage category R is not assigned a helicopter
2666.42,366,evacuee,,Evacuee;292;in triage state;B;is at the evacuation site
2676.99,3,evacueeManager,,OFF SHIP: White;0;Green;189;Yellow;47;Red;8;Black;256;ON SHIP: White;0;Green;0;Yellow;0;Red;0;Evacuees to Transfer;
2676.99,1429,evacuee,outES,Evacuee 224 in triage category R is not assigned a helicopter
2676.99,1429,evacuee,,Evacuee;224;in triage state;B;is at the evacuation site
2682.26,3,evacueeManager,,OFF SHIP: White;0;Green;188;Yellow;48;Red;8;Black;256;ON SHIP: White;0;Green;0;Yellow;0;Red;0;Evacuees to Transfer;
2682.26,1315,evacuee,outES,Evacuee 183 in triage category G is not assigned a helicopter
2682.26,1315,evacuee,,Evacuee;183;in triage state;Y;is at the evacuation site
2684.03,3,evacueeManager,,OFF SHIP: White;0;Green;188;Yellow;48;Red;7;Black;257;ON SHIP: White;0;Green;0;Yellow;0;Red;0;Evacuees to Transfer;
2684.03,1189,evacuee,outES,Evacuee 138 in triage category R is not assigned a helicopter
2684.03,1189,evacuee,,Evacuee;138;in triage state;B;is at the evacuation site
2685.73,3,evacueeManager,,OFF SHIP: White;0;Green;188;Yellow;47;Red;8;Black;257;ON SHIP: White;0;Green;0;Yellow;0;Red;0;Evacuees to Transfer;
2685.73,1168,evacuee,outES,Evacuee 385 in triage category Y is not assigned a helicopter
2685.73,1168,evacuee,,Evacuee;385;in triage state;R;is at the evacuation site
2700.88,3,evacueeManager,,OFF SHIP: White;0;Green;188;Yellow;46;Red;9;Black;257;ON SHIP: White;0;Green;0;Yellow;0;Red;0;Evacuees to Transfer;
2700.88,426,evacuee,outES,Evacuee 337 in triage category Y is not assigned a helicopter
2700.88,426,evacuee,,Evacuee;337;in triage state;R;is at the evacuation site
2703.41,3,evacueeManager,,OFF SHIP: White;0;Green;188;Yellow;45;Red;10;Black;257;ON SHIP: White;0;Green;0;Yellow;0;Red;0;Evacuees to Transfer;
2703.41,750,evacuee,outES,Evacuee 271 in triage category Y is not assigned a helicopter
2703.41,750,evacuee,,Evacuee;271;in triage state;R;is at the evacuation site
2719.05,3,evacueeManager,,OFF SHIP: White;0;Green;187;Yellow;46;Red;10;Black;257;ON SHIP: White;0;Green;0;Yellow;0;Red;0;Evacuees to Transfer;
2719.05,939,evacuee,outES,Evacuee 343 in triage category G is not assigned a helicopter
2719.05,939,evacuee,,Evacuee;343;in triage state;Y;is at the evacuation site
2721.74,3,evacueeManager,,OFF SHIP: White;0;Green;186;Yellow;47;Red;10;Black;257;ON SHIP: White;0;Green;0;Yellow;0;Red;0;Evacuees to Transfer;
2721.74,819,evacuee,outES,Evacuee 332 in triage category G is not assigned a helicopter
2721.74,819,evacuee,,Evacuee;332;in triage state;Y;is at the evacuation site
2726.07,3,evacueeManager,,OFF SHIP: White;0;Green;186;Yellow;47;Red;9;Black;258;ON SHIP: White;0;Green;0;Yellow;0;Red;0;Evacuees to Transfer;
2726.07,690,evacuee,outES,Evacuee 363 in triage category R is not assigned a helicopter
2726.07,690,evacuee,,Evacuee;363;in triage state;B;is at the evacuation site
2728.82,3,evacueeManager,,OFF SHIP: White;0;Green;186;Yellow;47;Red;8;Black;259;ON SHIP: White;0;Green;0;Yellow;0;Red;0;Evacuees to Transfer;
2728.82,624,evacuee,outES,Evacuee 87 in triage category R is not assigned a helicopter
2728.82,624,evacuee,,Evacuee;87;in triage state;B;is at the evacuation site
2730,1153,helicopter,,Helicopter;1;Is going to the evacuation site;;and has;0;spots taken
2730.37,3,evacueeManager,,OFF SHIP: White;0;Green;186;Yellow;47;Red;7;Black;260;ON SHIP: White;0;Green;0;Yellow;0;Red;0;Evacuees to Transfer;
2730.37,870,evacuee,outES,Evacuee 368 in triage category R is not assigned a helicopter
2730.37,870,evacuee,,Evacuee;368;in triage state;B;is at the evacuation site
2738.42,3,evacueeManager,,OFF SHIP: White;0;Green;186;Yellow;46;Red;8;Black;260;ON SHIP: White;0;Green;0;Yellow;0;Red;0;Evacuees to Transfer;
2738.42,1309,evacuee,outES,Evacuee 203 in triage category Y is not assigned a helicopter
2738.42,1309,evacuee,,Evacuee;203;in triage state;R;is at the evacuation site
2739.47,3,evacueeManager,,OFF SHIP: White;0;Green;185;Yellow;47;Red;8;Black;260;ON SHIP: White;0;Green;0;Yellow;0;Red;0;Evacuees to Transfer;
2739.47,113,evacuee,outES,Evacuee 426 in triage category G is not assigned a helicopter
2739.47,113,evacuee,,Evacuee;426;in triage state;Y;is at the evacuation site
2739.54,3,evacueeManager,,OFF SHIP: White;0;Green;185;Yellow;46;Red;9;Black;260;ON SHIP: White;0;Green;0;Yellow;0;Red;0;Evacuees to Transfer;
2739.54,110,evacuee,outES,Evacuee 428 in triage category Y is not assigned a helicopter
2739.54,110,evacuee,,Evacuee;428;in triage state;R;is at the evacuation site
2742.44,3,evacueeManager,,OFF SHIP: White;0;Green;185;Yellow;46;Red;8;Black;261;ON SHIP: White;0;Green;0;Yellow;0;Red;0;Evacuees to Transfer;
2742.44,44,evacuee,outES,Evacuee 476 in triage category R is not assigned a helicopter
2742.44,44,evacuee,,Evacuee;476;in triage state;B;is at the evacuation site
2746.52,3,evacueeManager,,OFF SHIP: White;0;Green;185;Yellow;46;Red;7;Black;262;ON SHIP: White;0;Green;0;Yellow;0;Red;0;Evacuees to Transfer;
2746.52,1309,evacuee,outES,Evacuee 203 in triage category R is not assigned a helicopter
2746.52,1309,evacuee,,Evacuee;203;in triage state;B;is at the evacuation site
2753.39,3,evacueeManager,,OFF SHIP: White;0;Green;185;Yellow;46;Red;6;Black;263;ON SHIP: White;0;Green;0;Yellow;0;Red;0;Evacuees to Transfer;
2753.39,750,evacuee,outES,Evacuee 271 in triage category R is not assigned a helicopter
2753.39,750,evacuee,,Evacuee;271;in triage state;B;is at the evacuation site
2763.18,3,evacueeManager,,OFF SHIP: White;0;Green;185;Yellow;45;Red;7;Black;263;ON SHIP: White;0;Green;0;Yellow;0;Red;0;Evacuees to Transfer;
2763.18,1315,evacuee,outES,Evacuee 183 in triage category Y is not assigned a helicopter
2763.18,1315,evacuee,,Evacuee;183;in triage state;R;is at the evacuation site
2771.41,3,evacueeManager,,OFF SHIP: White;0;Green;185;Yellow;45;Red;6;Black;264;ON SHIP: White;0;Green;0;Yellow;0;Red;0;Evacuees to Transfer;
2771.41,110,evacuee,outES,Evacuee 428 in triage category R is not assigned a helicopter
2771.41,110,evacuee,,Evacuee;428;in triage state;B;is at the evacuation site
2774.66,3,evacueeManager,,OFF SHIP: White;0;Green;185;Yellow;44;Red;7;Black;264;ON SHIP: White;0;Green;0;Yellow;0;Red;0;Evacuees to Transfer;
2774.66,747,evacuee,outES,Evacuee 33 in triage category Y is not assigned a helicopter
2774.66,747,evacuee,,Evacuee;33;in triage state;R;is at the evacuation site
2778.45,3,evacueeManager,,OFF SHIP: White;0;Green;184;Yellow;45;Red;7;Black;264;ON SHIP: White;0;Green;0;Yellow;0;Red;0;Evacuees to Transfer;
2778.45,1438,evacuee,outES,Evacuee 164 in triage category G is not assigned a helicopter
2778.45,1438,evacuee,,Evacuee;164;in triage state;Y;is at the evacuation site
2779.17,3,evacueeManager,,OFF SHIP: White;0;Green;183;Yellow;46;Red;7;Black;264;ON SHIP: White;0;Green;0;Yellow;0;Red;0;Evacuees to Transfer;
2779.17,1005,evacuee,outES,Evacuee 220 in triage category G is not assigned a helicopter
2779.17,1005,evacuee,,Evacuee;220;in triage state;Y;is at the evacuation site
2792.91,3,evacueeManager,,OFF SHIP: White;0;Green;182;Yellow;47;Red;7;Black;264;ON SHIP: White;0;Green;0;Yellow;0;Red;0;Evacuees to Transfer;
2792.91,369,evacuee,outES,Evacuee 291 in triage category G is not assigned a helicopter
2792.91,369,evacuee,,Evacuee;291;in triage state;Y;is at the evacuation site
2795.81,3,evacueeManager,,OFF SHIP: White;0;Green;181;Yellow;48;Red;7;Black;264;ON SHIP: White;0;Green;0;Yellow;0;Red;0;Evacuees to Transfer;
2795.81,1195,evacuee,outES,Evacuee 139 in triage category G is not assigned a helicopter
2795.81,1195,evacuee,,Evacuee;139;in triage state;Y;is at the evacuation site
2798.57,3,evacueeManager,,OFF SHIP: White;0;Green;180;Yellow;49;Red;7;Black;264;ON SHIP: White;0;Green;0;Yellow;0;Red;0;Evacuees to Transfer;
2798.57,1062,evacuee,outES,Evacuee 42 in triage category G is not assigned a helicopter
2798.57,1062,evacuee,,Evacuee;42;in triage state;Y;is at the evacuation site
2805.08,3,evacueeManager,,OFF SHIP: White;0;Green;180;Yellow;48;Red;8;Black;264;ON SHIP: White;0;Green;0;Yellow;0;Red;0;Evacuees to Transfer;
2805.08,999,evacuee,outES,Evacuee 46 in triage category Y is not assigned a helicopter
2805.08,999,evacuee,,Evacuee;46;in triage state;R;is at the evacuation site
2808.64,3,evacueeManager,,OFF SHIP: White;0;Green;180;Yellow;48;Red;7;Black;265;ON SHIP: White;0;Green;0;Yellow;0;Red;0;Evacuees to Transfer;
2808.64,687,evacuee,outES,Evacuee 74 in triage category R is not assigned a helicopter
2808.64,687,evacuee,,Evacuee;74;in triage state;B;is at the evacuation site
2817.22,3,evacueeManager,,OFF SHIP: White;0;Green;179;Yellow;49;Red;7;Black;265;ON SHIP: White;0;Green;0;Yellow;0;Red;0;Evacuees to Transfer;
2817.22,627,evacuee,outES,Evacuee 297 in triage category G is not assigned a helicopter
2817.22,627,evacuee,,Evacuee;297;in triage state;Y;is at the evacuation site
2833.58,3,evacueeManager,,OFF SHIP: White;0;Green;179;Yellow;49;Red;6;Black;266;ON SHIP: White;0;Green;0;Yellow;0;Red;0;Evacuees to Transfer;
2833.58,996,evacuee,outES,Evacuee 72 in triage category R is not assigned a helicopter
2833.58,996,evacuee,,Evacuee;72;in triage state;B;is at the evacuation site
2836.59,3,evacueeManager,,OFF SHIP: White;0;Green;178;Yellow;50;Red;6;Black;266;ON SHIP: White;0;Green;0;Yellow;0;Red;0;Evacuees to Transfer;
2836.59,1381,evacuee,outES,Evacuee 204 in triage category G is not assigned a helicopter
2836.59,1381,evacuee,,Evacuee;204;in triage state;Y;is at the evacuation site
2839.35,3,evacueeManager,,OFF SHIP: White;0;Green;178;Yellow;49;Red;7;Black;266;ON SHIP: White;0;Green;0;Yellow;0;Red;0;Evacuees to Transfer;
2839.35,816,evacuee,outES,Evacuee 71 in triage category Y is not assigned a helicopter
2839.35,816,evacuee,,Evacuee;71;in triage state;R;is at the evacuation site
2840.58,3,evacueeManager,,OFF SHIP: White;0;Green;178;Yellow;49;Red;6;Black;267;ON SHIP: White;0;Green;0;Yellow;0;Red;0;Evacuees to Transfer;
2840.58,816,evacuee,outES,Evacuee 71 in triage category R is not assigned a helicopter
2840.58,816,evacuee,,Evacuee;71;in triage state;B;is at the evacuation site
2845.43,3,evacueeManager,,OFF SHIP: White;0;Green;177;Yellow;50;Red;6;Black;267;ON SHIP: White;0;Green;0;Yellow;0;Red;0;Evacuees to Transfer;
2845.43,1252,evacuee,outES,Evacuee 163 in triage category G is not assigned a helicopter
2845.43,1252,evacuee,,Evacuee;163;in triage state;Y;is at the evacuation site
2857.88,3,evacueeManager,,OFF SHIP: White;0;Green;177;Yellow;49;Red;7;Black;267;ON SHIP: White;0;Green;0;Yellow;0;Red;0;Evacuees to Transfer;
2857.88,363,evacuee,outES,Evacuee 413 in triage category Y is not assigned a helicopter
2857.88,363,evacuee,,Evacuee;413;in triage state;R;is at the evacuation site
2860.18,3,evacueeManager,,OFF SHIP: White;0;Green;177;Yellow;48;Red;8;Black;267;ON SHIP: White;0;Green;0;Yellow;0;Red;0;Evacuees to Transfer;
2860.18,627,evacuee,outES,Evacuee 297 in triage category Y is not assigned a helicopter
2860.18,627,evacuee,,Evacuee;297;in triage state;R;is at the evacuation site
2865.28,3,evacueeManager,,OFF SHIP: White;0;Green;177;Yellow;47;Red;9;Black;267;ON SHIP: White;0;Green;0;Yellow;0;Red;0;Evacuees to Transfer;
2865.28,240,evacuee,outES,Evacuee 360 in triage category Y is not assigned a helicopter
2865.28,240,evacuee,,Evacuee;360;in triage state;R;is at the evacuation site
2867.73,3,evacueeManager,,OFF SHIP: White;0;Green;177;Yellow;47;Red;8;Black;268;ON SHIP: White;0;Green;0;Yellow;0;Red;0;Evacuees to Transfer;
2867.73,1315,evacuee,outES,Evacuee 183 in triage category R is not assigned a helicopter
2867.73,1315,evacuee,,Evacuee;183;in triage state;B;is at the evacuation site
2869.39,3,evacueeManager,,OFF SHIP: White;0;Green;177;Yellow;47;Red;7;Black;269;ON SHIP: White;0;Green;0;Yellow;0;Red;0;Evacuees to Transfer;
2869.39,1168,evacuee,outES,Evacuee 385 in triage category R is not assigned a helicopter
2869.39,1168,evacuee,,Evacuee;385;in triage state;B;is at the evacuation site
2873.01,3,evacueeManager,,OFF SHIP: White;0;Green;177;Yellow;47;Red;6;Black;270;ON SHIP: White;0;Green;0;Yellow;0;Red;0;Evacuees to Transfer;
2873.01,747,evacuee,outES,Evacuee 33 in triage category R is not assigned a helicopter
2873.01,747,evacuee,,Evacuee;33;in triage state;B;is at the evacuation site
2875.6,3,evacueeManager,,OFF SHIP: White;0;Green;177;Yellow;47;Red;5;Black;271;ON SHIP: White;0;Green;0;Yellow;0;Red;0;Evacuees to Transfer;
2875.6,240,evacuee,outES,Evacuee 360 in triage category R is not assigned a helicopter
2875.6,240,evacuee,,Evacuee;360;in triage state;B;is at the evacuation site
2879.46,3,evacueeManager,,OFF SHIP: White;0;Green;177;Yellow;46;Red;6;Black;271;ON SHIP: White;0;Green;0;Yellow;0;Red;0;Evacuees to Transfer;
2879.46,1002,evacuee,outES,Evacuee 53 in triage category Y is not assigned a helicopter
2879.46,1002,evacuee,,Evacuee;53;in triage state;R;is at the evacuation site
2880,5,helicopterQueue,,1;Helos are waiting to land;HeloID;1
2880,1153,helicopter,outES,Helicopter 1 is evacuating people1
2880,1153,helicopter,,Helicopter;1;is waiting to land at the evacuation site;;and has;0;spots taken
2880,4,helipadManager,,;No helos are at ES
2880,5,helicopterQueue,outHM,Helicopter 1 is evacuating people1
2880,5,helicopterQueue,outHelo,Helicopter 1 is evacuating people1
2880,5,helicopterQueue,,;No helos are waiting to land
2880,1152,filterES,,Helicopter;1;is evacuating people
2880,3,evacueeManager,,OFF SHIP: White;0;Green;167;Yellow;46;Red;6;Black;271;ON SHIP: White;0;Green;0;Yellow;0;Red;0;Evacuees to Transfer;;EvacueeID;5;HeloID;1;OnShip;0;Triage Status;G;EvacueeID;7;HeloID;1;OnShip;0;Triage Status;G;EvacueeID;13;HeloID;1;OnShip;0;Triage Status;G;EvacueeID;16;HeloID;1;OnShip;0;Triage Status;G;EvacueeID;18;HeloID;1;OnShip;0;Triage Status;G;EvacueeID;22;HeloID;1;OnShip;0;Triage Status;G;EvacueeID;23;HeloID;1;OnShip;0;Triage Status;G;EvacueeID;24;HeloID;1;OnShip;0;Triage Status;G;EvacueeID;25;HeloID;1;OnShip;0;Triage Status;G;EvacueeID;30;HeloID;1;OnShip;0;Triage Status;G
2880,4,helipadManager,outEM,Helicopter 1 is evacuating people1
2880,4,helipadManager,,Helo;1;is at the ES
2880,1152,filterES,out,Helicopter 1 is evacuating people1
2880,1152,filterES,,
2880,1153,helicopter,,Helicopter;1;is waiting to land at the evacuation site;;and has;0;spots taken
2880,3,evacueeManager,outEvac,Evacuee 5 in triage category G is assigned helicopter 1
2880,3,evacueeManager,outEvac,Evacuee 7 in triage category G is assigned helicopter 1
2880,3,evacueeManager,outEvac,Evacuee 13 in triage category G is assigned helicopter 1
2880,3,evacueeManager,outEvac,Evacuee 16 in triage category G is assigned helicopter 1
2880,3,evacueeManager,outEvac,Evacuee 18 in triage category G is assigned helicopter 1
2880,3,evacueeManager,outEvac,Evacuee 22 in triage category G is assigned helicopter 1
2880,3,evacueeManager,outEvac,Evacuee 23 in triage category G is assigned helicopter 1
2880,3,evacueeManager,outEvac,Evacuee 24 in triage category G is assigned helicopter 1
2880,3,evacueeManager,outEvac,Evacuee 25 in triage category G is assigned helicopter 1
2880,3,evacueeManager,outEvac,Evacuee 30 in triage category G is assigned helicopter 1
2880,3,evacueeManager,,OFF SHIP: White;0;Green;167;Yellow;46;Red;6;Black;271;ON SHIP: White;0;Green;0;Yellow;0;Red;0;Evacuees to Transfer;
2880,7,filterLoc,,
2880,10,filterLoc,,
2880,13,filterLoc,,
2880,16,filterLoc,,
2880,19,filterLoc,,
2880,22,filterLoc,,
2880,25,filterLoc,,
2880,28,filterLoc,,
2880,31,filterLoc,,
2880,34,filterLoc,,
2880,37,filterLoc,,
2880,40,filterLoc,,
2880,43,filterLoc,,
2880,46,filterLoc,,
2880,49,filterLoc,,
2880,52,filterLoc,,
2880,55,filterLoc,,
2880,58,filterLoc,,
2880,61,filterLoc,,
2880,64,filterLoc,,
2880,67,filterLoc,,
2880,70,filterLoc,,
2880,73,filterLoc,,
2880,76,filterLoc,,
2880,79,filterLoc,,
2880,82,filterLoc,,
2880,85,filterLoc,,
2880,88,filterLoc,,
2880,91,filterLoc,,
2880,94,filterLoc,,
2880,97,filterLoc,,
2880,100,filterLoc,,
2880,103,filterLoc,,
2880,106,filterLoc,,
2880,109,filterLoc,,
2880,112,filterLoc,,
2880,115,filterLoc,,
2880,118,filterLoc,,
2880,121,filterLoc,,
2880,124,filterLoc,,
2880,127,filterLoc,,
2880,130,filterLoc,,
2880,133,filterLoc,,
2880,136,filterLoc,,
2880,139,filterLoc,,
2880,142,filterLoc,,
2880,145,filterLoc,,
2880,148,filterLoc,,
2880,151,filterLoc,,
2880,154,filterLoc,,
2880,157,filterLoc,,
2880,160,filterLoc,,
2880,163,filterLoc,,
2880,166,filterLoc,,
2880,169,filterLoc,,
2880,172,filterLoc,,
2880,175,filterLoc,,
2880,178,filterLoc,,
2880,181,filterLoc,,
2880,184,filterLoc,,
2880,187,filterLoc,,
2880,190,filterLoc,,
2880,193,filterLoc,,
2880,196,filterLoc,,
2880,199,filterLoc,,
2880,202,filterLoc,,
2880,205,filterLoc,,
2880,208,filterLoc,,
2880,211,filterLoc,,
2880,214,filterLoc,,
2880,217,filterLoc,,
2880,221,filterLoc,,
2880,224,filterLoc,,
2880,227,filterLoc,,
2880,230,filterLoc,,
2880,233,filterLoc,,
2880,236,filterLoc,,
2880,239,filterLoc,,
2880,242,filterLoc,,
2880,245,filterLoc,,
2880,248,filterLoc,,
2880,251,filterLoc,,
2880,254,filterLoc,,
2880,257,filterLoc,,
2880,260,filterLoc,,
2880,263,filterLoc,,
2880,266,filterLoc,,
2880,269,filterLoc,,
2880,272,filterLoc,,
2880,275,filterLoc,,
2880,278,filterLoc,,
2880,281,filterLoc,,
2880,284,filterLoc,,
2880,287,filterLoc,,
2880,290,filterLoc,,
2880,293,filterLoc,,
2880,296,filterLoc,,
2880,299,filterLoc,,
2880,302,filterLoc,,
2880,305,filterLoc,,
2880,308,filterLoc,,
2880,311,filterLoc,,
2880,314,filterLoc,,
2880,317,filterLoc,,
2880,320,filterLoc,,
2880,323,filterLoc,,
2880,326,filterLoc,,
2880,329,filterLoc,,
2880,332,filterLoc,,
2880,335,filterLoc,,
2880,338,filterLoc,,
2880,341,filterLoc,,
2880,344,filterLoc,,
2880,347,filterLoc,,
2880,350,filterLoc,,
2880,353,filterLoc,,
2880,356,filterLoc,,
2880,359,filterLoc,,
2880,362,filterLoc,,
2880,365,filterLoc,,
2880,368,filterLoc,,
2880,371,filterLoc,,
2880,374,filterLoc,,
2880,377,filterLoc,,
2880,380,filterLoc,,
2880,383,filterLoc,,
2880,386,filterLoc,,
2880,389,filterLoc,,
2880,392,filterLoc,,
2880,395,filterLoc,,
2880,398,filterLoc,,
2880,401,filterLoc,,
2880,404,filterLoc,,
2880,407,filterLoc,,
2880,410,filterLoc,,
2880,413,filterLoc,,
2880,416,filterLoc,,
2880,419,filterLoc,,
2880,422,filterLoc,,
2880,425,filterLoc,,
2880,428,filterLoc,,
2880,431,filterLoc,,
2880,434,filterLoc,,
2880,437,filterLoc,,
2880,440,filterLoc,,
2880,443,filterLoc,,
2880,446,filterLoc,,
2880,449,filterLoc,,
2880,452,filterLoc,,
2880,455,filterLoc,,
2880,458,filterLoc,,
2880,461,filterLoc,,
2880,464,filterLoc,,
2880,467,filterLoc,,
2880,470,filterLoc,,
2880,473,filterLoc,,
2880,476,filterLoc,,
2880,479,filterLoc,,
2880,482,filterLoc,,
2880,485,filterLoc,,
2880,488,filterLoc,,
2880,491,filterLoc,,
2880,494,filterLoc,,
2880,497,filterLoc,,
2880,500,filterLoc,,
2880,503,filterLoc,,
2880,506,filterLoc,,
2880,509,filterLoc,,
2880,512,filterLoc,,
2880,515,filterLoc,,
2880,518,filterLoc,,
2880,521,filterLoc,,
2880,524,filterLoc,,
2880,527,filterLoc,,
2880,530,filterLoc,,
2880,533,filterLoc,,
2880,536,filterLoc,,
2880,539,filterLoc,,
2880,542,filterLoc,,
2880,545,filterLoc,,
2880,548,filterLoc,,
2880,551,filterLoc,,
2880,554,filterLoc,,
2880,557,filterLoc,,
2880,560,filterLoc,,
2880,563,filterLoc,,
2880,566,filterLoc,,
2880,569,filterLoc,,
2880,572,filterLoc,,
2880,575,filterLoc,,
2880,578,filterLoc,,
2880,581,filterLoc,,
2880,584,filterLoc,,
2880,587,filterLoc,,
2880,590,filterLoc,,
2880,593,filterLoc,,
2880,596,filterLoc,,
2880,599,filterLoc,,
2880,602,filterLoc,,
2880,605,filterLoc,,
2880,608,filterLoc,,
2880,611,filterLoc,,
2880,614,filterLoc,,
2880,617,filterLoc,,
2880,620,filterLoc,,
2880,623,filterLoc,,
2880,626,filterLoc,,
2880,629,filterLoc,,
2880,632,filterLoc,,
2880,635,filterLoc,,
2880,638,filterLoc,,
2880,641,filterLoc,,
2880,644,filterLoc,,
2880,647,filterLoc,,
2880,650,filterLoc,,
2880,653,filterLoc,,
2880,656,filterLoc,,
2880,659,filterLoc,,
2880,662,filterLoc,,
2880,665,filterLoc,,
2880,668,filterLoc,,
2880,671,filterLoc,,
2880,674,filterLoc,,
2880,677,filterLoc,,
2880,680,filterLoc,,
2880,683,filterLoc,,
2880,686,filterLoc,,
2880,689,filterLoc,,
2880,692,filterLoc,,
2880,695,filterLoc,,
2880,698,filterLoc,,
2880,701,filterLoc,,
2880,704,filterLoc,,
2880,707,filterLoc,,
2880,710,filterLoc,,
2880,713,filterLoc,,
2880,716,filterLoc,,
2880,719,filterLoc,,
2880,722,filterLoc,,
2880,725,filterLoc,,
2880,728,filterLoc,,
2880,731,filterLoc,,
2880,734,filterLoc,,
2880,737,filterLoc,,
2880,740,filterLoc,,
2880,743,filterLoc,,
2880,746,filterLoc,,
2880,749,filterLoc,,
2880,752,filterLoc,,
2880,755,filterLoc,,;Evacuee;25;in triage category;G;is entering helicopter;1
2880,758,filterLoc,,
2880,761,filterLoc,,
2880,764,filterLoc,,;Evacuee;5;in triage category;G;is entering helicopter;1
2880,767,filterLoc,,
2880,770,filterLoc,,
2880,773,filterLoc,,
2880,776,filterLoc,,
2880,779,filterLoc,,
2880,782,filterLoc,,
2880,785,filterLoc,,
2880,788,filterLoc,,
2880,791,filterLoc,,
2880,794,filterLoc,,
2880,797,filterLoc,,
2880,800,filterLoc,,
2880,803,filterLoc,,
2880,806,filterLoc,,
2880,809,filterLoc,,
2880,812,filterLoc,,
2880,815,filterLoc,,
2880,818,filterLoc,,
2880,821,filterLoc,,
2880,824,filterLoc,,
2880,827,filterLoc,,
2880,830,filterLoc,,
2880,833,filterLoc,,
2880,836,filterLoc,,
2880,839,filterLoc,,
2880,842,filterLoc,,
2880,845,filterLoc,,
2880,848,filterLoc,,
2880,851,filterLoc,,
2880,854,filterLoc,,
2880,857,filterLoc,,
2880,860,filterLoc,,
2880,863,filterLoc,,
2880,866,filterLoc,,
2880,869,filterLoc,,
2880,872,filterLoc,,
2880,875,filterLoc,,;Evacuee;18;in triage category;G;is entering helicopter;1
2880,878,filterLoc,,
2880,881,filterLoc,,
2880,884,filterLoc,,;Evacuee;22;in triage category;G;is entering helicopter;1
2880,887,filterLoc,,
2880,890,filterLoc,,
2880,893,filterLoc,,
2880,896,filterLoc,,
2880,899,filterLoc,,
2880,902,filterLoc,,
2880,905,filterLoc,,
2880,908,filterLoc,,
2880,911,filterLoc,,
2880,914,filterLoc,,
2880,917,filterLoc,,
2880,920,filterLoc,,
2880,923,filterLoc,,
2880,926,filterLoc,,
2880,929,filterLoc,,
2880,932,filterLoc,,
2880,935,filterLoc,,
2880,938,filterLoc,,
2880,941,filterLoc,,
2880,944,filterLoc,,
2880,947,filterLoc,,
2880,950,filterLoc,,
2880,953,filterLoc,,
2880,956,filterLoc,,
2880,959,filterLoc,,
2880,962,filterLoc,,
2880,965,filterLoc,,
2880,968,filterLoc,,
2880,971,filterLoc,,
2880,974,filterLoc,,
2880,977,filterLoc,,
2880,980,filterLoc,,
2880,983,filterLoc,,
2880,986,filterLoc,,
2880,989,filterLoc,,
2880,992,filterLoc,,
2880,995,filterLoc,,
2880,998,filterLoc,,
2880,1001,filterLoc,,
2880,1004,filterLoc,,
2880,1007,filterLoc,,
2880,1010,filterLoc,,;Evacuee;23;in triage category;G;is entering helicopter;1
2880,1013,filterLoc,,
2880,1016,filterLoc,,
2880,1019,filterLoc,,;Evacuee;13;in triage category;G;is entering helicopter;1
2880,1022,filterLoc,,;Evacuee;24;in triage category;G;is entering helicopter;1
2880,1025,filterLoc,,
2880,1028,filterLoc,,
2880,1031,filterLoc,,
2880,1034,filterLoc,,
2880,1037,filterLoc,,
2880,1040,filterLoc,,
2880,1043,filterLoc,,
2880,1046,filterLoc,,
2880,1049,filterLoc,,
2880,1052,filterLoc,,
2880,1055,filterLoc,,
2880,1058,filterLoc,,
2880,1061,filterLoc,,
2880,1064,filterLoc,,
2880,1067,filterLoc,,
2880,1070,filterLoc,,;Evacuee;30;in triage category;G;is entering helicopter;1
2880,1073,filterLoc,,
2880,1076,filterLoc,,
2880,1079,filterLoc,,
2880,1082,filterLoc,,
2880,1085,filterLoc,,
2880,1088,filterLoc,,
2880,1091,filterLoc,,
2880,1094,filterLoc,,
2880,1097,filterLoc,,
2880,1100,filterLoc,,
2880,1103,filterLoc,,
2880,1106,filterLoc,,
2880,1109,filterLoc,,
2880,1112,filterLoc,,
2880,1115,filterLoc,,
2880,1118,filterLoc,,
2880,1121,filterLoc,,
2880,1124,filterLoc,,
2880,1127,filterLoc,,
2880,1130,filterLoc,,
2880,1133,filterLoc,,
2880,1136,filterLoc,,
2880,1139,filterLoc,,
2880,1142,filterLoc,,
2880,1145,filterLoc,,
2880,1148,filterLoc,,
2880,1153,helicopter,,Helicopter;1;is loading people at the evacuation site;;and has;0;spots taken
2880,1155,filterLoc,,
2880,1158,filterLoc,,
2880,1161,filterLoc,,
2880,1164,filterLoc,,
2880,1167,filterLoc,,
2880,1170,filterLoc,,
2880,1173,filterLoc,,
2880,1176,filterLoc,,
2880,1179,filterLoc,,
2880,1182,filterLoc,,
2880,1185,filterLoc,,
2880,1188,filterLoc,,
2880,1191,filterLoc,,
2880,1194,filterLoc,,
2880,1197,filterLoc,,
2880,1200,filterLoc,,
2880,1203,filterLoc,,
2880,1206,filterLoc,,
2880,1209,filterLoc,,
2880,1212,filterLoc,,
2880,1215,filterLoc,,
2880,1218,filterLoc,,
2880,1221,filterLoc,,
2880,1224,filterLoc,,
2880,1227,filterLoc,,
2880,1230,filterLoc,,
2880,1233,filterLoc,,
2880,1236,filterLoc,,
2880,1239,filterLoc,,
2880,1242,filterLoc,,
2880,1245,filterLoc,,
2880,1248,filterLoc,,
2880,1251,filterLoc,,
2880,1254,filterLoc,,
2880,1257,filterLoc,,;Evacuee;16;in triage category;G;is entering helicopter;1
2880,1260,filterLoc,,
2880,1263,filterLoc,,
2880,1266,filterLoc,,
2880,1269,filterLoc,,
2880,1272,filterLoc,,
2880,1275,filterLoc,,
2880,1278,filterLoc,,
2880,1281,filterLoc,,
2880,1284,filterLoc,,
2880,1287,filterLoc,,
2880,1290,filterLoc,,
2880,1293,filterLoc,,
2880,1296,filterLoc,,
2880,1299,filterLoc,,
2880,1302,filterLoc,,
2880,1305,filterLoc,,
2880,1308,filterLoc,,
2880,1311,filterLoc,,
2880,1314,filterLoc,,
2880,1317,filterLoc,,
2880,1320,filterLoc,,
2880,1323,filterLoc,,
2880,1326,filterLoc,,
2880,1329,filterLoc,,
2880,1332,filterLoc,,
2880,1335,filterLoc,,
2880,1338,filterLoc,,
2880,1341,filterLoc,,
2880,1344,filterLoc,,
2880,1347,filterLoc,,
2880,1350,filterLoc,,
2880,1353,filterLoc,,
2880,1356,filterLoc,,
2880,1359,filterLoc,,
2880,1362,filterLoc,,
2880,1365,filterLoc,,
2880,1368,filterLoc,,
2880,1371,filterLoc,,
2880,1374,filterLoc,,
2880,1377,filterLoc,,
2880,1380,filterLoc,,
2880,1383,filterLoc,,
2880,1386,filterLoc,,
2880,1389,filterLoc,,
2880,1392,filterLoc,,
2880,1395,filterLoc,,
2880,1398,filterLoc,,
2880,1401,filterLoc,,
2880,1404,filterLoc,,
2880,1407,filterLoc,,
2880,1410,filterLoc,,
2880,1413,filterLoc,,
2880,1416,filterLoc,,
2880,1419,filterLoc,,
2880,1422,filterLoc,,
2880,1425,filterLoc,,
2880,1428,filterLoc,,
2880,1431,filterLoc,,
2880,1434,filterLoc,,
2880,1437,filterLoc,,
2880,1440,filterLoc,,
2880,1443,filterLoc,,
2880,1446,filterLoc,,
2880,1449,filterLoc,,
2880,1452,filterLoc,,
2880,1455,filterLoc,,
2880,1458,filterLoc,,
2880,1461,filterLoc,,;Evacuee;7;in triage category;G;is entering helicopter;1
2880,1464,filterLoc,,
2880,1467,filterLoc,,
2880,1470,filterLoc,,
2880,1473,filterLoc,,
2880,1476,filterLoc,,
2880,1479,filterLoc,,
2880,1482,filterLoc,,
2880,1485,filterLoc,,
2880,1488,filterLoc,,
2880,1491,filterLoc,,
2880,1494,filterLoc,,
2880,1497,filterLoc,,
2880,1500,filterLoc,,
2880,1503,filterLoc,,
2880,1506,filterLoc,,
2880,1509,filterLoc,,
2880,755,filterLoc,out,Evacuee 25 in triage category G is assigned helicopter 1
2880,755,filterLoc,,
2880,756,evacuee,,Evacuee;25;in triage state;G;is entering helicopter;1
2880,764,filterLoc,out,Evacuee 5 in triage category G is assigned helicopter 1
2880,764,filterLoc,,
2880,765,evacuee,,Evacuee;5;in triage state;G;is entering helicopter;1
2880,875,filterLoc,out,Evacuee 18 in triage category G is assigned helicopter 1
2880,875,filterLoc,,
2880,876,evacuee,,Evacuee;18;in triage state;G;is entering helicopter;1
2880,884,filterLoc,out,Evacuee 22 in triage category G is assigned helicopter 1
2880,884,filterLoc,,
2880,885,evacuee,,Evacuee;22;in triage state;G;is entering helicopter;1
2880,1010,filterLoc,out,Evacuee 23 in triage category G is assigned helicopter 1
2880,1010,filterLoc,,
2880,1011,evacuee,,Evacuee;23;in triage state;G;is entering helicopter;1
2880,1019,filterLoc,out,Evacuee 13 in triage category G is assigned helicopter 1
2880,1019,filterLoc,,
2880,1020,evacuee,,Evacuee;13;in triage state;G;is entering helicopter;1
2880,1022,filterLoc,out,Evacuee 24 in triage category G is assigned helicopter 1
2880,1022,filterLoc,,
2880,1023,evacuee,,Evacuee;24;in triage state;G;is entering helicopter;1
2880,1070,filterLoc,out,Evacuee 30 in triage category G is assigned helicopter 1
2880,1070,filterLoc,,
2880,1071,evacuee,,Evacuee;30;in triage state;G;is entering helicopter;1
2880,1257,filterLoc,out,Evacuee 16 in triage category G is assigned helicopter 1
2880,1257,filterLoc,,
2880,1258,evacuee,,Evacuee;16;in triage state;G;is entering helicopter;1
2880,1461,filterLoc,out,Evacuee 7 in triage category G is assigned helicopter 1
2880,1461,filterLoc,,
2880,1462,evacuee,,Evacuee;7;in triage state;G;is entering helicopter;1
2880,756,evacuee,outHelo,Evacuee 25 in triage category G is assigned helicopter 1
2880,756,evacuee,,Evacuee;25;in triage state;G;is in helicopter;1
2880,765,evacuee,outHelo,Evacuee 5 in triage category G is assigned helicopter 1
2880,765,evacuee,,Evacuee;5;in triage state;G;is in helicopter;1
2880,876,evacuee,outHelo,Evacuee 18 in triage category G is assigned helicopter 1
2880,876,evacuee,,Evacuee;18;in triage state;G;is in helicopter;1
2880,885,evacuee,outHelo,Evacuee 22 in triage category G is assigned helicopter 1
2880,885,evacuee,,Evacuee;22;in triage state;G;is in helicopter;1
2880,1011,evacuee,outHelo,Evacuee 23 in triage category G is assigned helicopter 1
2880,1011,evacuee,,Evacuee;23;in triage state;G;is in helicopter;1
2880,1020,evacuee,outHelo,Evacuee 13 in triage category G is assigned helicopter 1
2880,1020,evacuee,,Evacuee;13;in triage state;G;is in helicopter;1
2880,1023,evacuee,outHelo,Evacuee 24 in triage category G is assigned helicopter 1
2880,1023,evacuee,,Evacuee;24;in triage state;G;is in helicopter;1
2880,1071,evacuee,outHelo,Evacuee 30 in triage category G is assigned helicopter 1
2880,1071,evacuee,,Evacuee;30;in triage state;G;is in helicopter;1
2880,1151,filterEvac,,;Evacuee;5;in triage category;G;is entering helicopter;1;Evacuee;7;in triage category;G;is entering helicopter;1;Evacuee;13;in triage category;G;is entering helicopter;1;Evacuee;16;in triage category;G;is entering helicopter;1;Evacuee;18;in triage category;G;is entering helicopter;1;Evacuee;22;in triage category;G;is entering helicopter;1;Evacuee;23;in triage category;G;is entering helicopter;1;Evacuee;24;in triage category;G;is entering helicopter;1;Evacuee;25;in triage category;G;is entering helicopter;1;Evacuee;30;in triage category;G;is entering helicopter;1
2880,1258,evacuee,outHelo,Evacuee 16 in triage category G is assigned helicopter 1
2880,1258,evacuee,,Evacuee;16;in triage state;G;is in helicopter;1
2880,1462,evacuee,outHelo,Evacuee 7 in triage category G is assigned helicopter 1
2880,1462,evacuee,,Evacuee;7;in triage state;G;is in helicopter;1
2880,1151,filterEvac,out,Evacuee 5 in triage category G is assigned helicopter 1
2880,1151,filterEvac,out,Evacuee 7 in triage category G is assigned helicopter 1
2880,1151,filterEvac,out,Evacuee 13 in triage category G is assigned helicopter 1
2880,1151,filterEvac,out,Evacuee 16 in triage category G is assigned helicopter 1
2880,1151,filterEvac,out,Evacuee 18 in triage category G is assigned helicopter 1
2880,1151,filterEvac,out,Evacuee 22 in triage category G is assigned helicopter 1
2880,1151,filterEvac,out,Evacuee 23 in triage category G is assigned helicopter 1
2880,1151,filterEvac,out,Evacuee 24 in triage category G is assigned helicopter 1
2880,1151,filterEvac,out,Evacuee 25 in triage category G is assigned helicopter 1
2880,1151,filterEvac,out,Evacuee 30 in triage category G is assigned helicopter 1
2880,1151,filterEvac,,
2880,1153,helicopter,,Helicopter;1;is loading people at the evacuation site;;and has;10;spots taken
2882.44,3,evacueeManager,,OFF SHIP: White;0;Green;166;Yellow;47;Red;6;Black;271;ON SHIP: White;0;Green;0;Yellow;0;Red;0;Evacuees to Transfer;
2882.44,1504,evacuee,outES,Evacuee 257 in triage category G is not assigned a helicopter
2882.44,1504,evacuee,,Evacuee;257;in triage state;Y;is at the evacuation site
2887.98,3,evacueeManager,,OFF SHIP: White;0;Green;165;Yellow;48;Red;6;Black;271;ON SHIP: White;0;Green;0;Yellow;0;Red;0;Evacuees to Transfer;
2887.98,306,evacuee,outES,Evacuee 322 in triage category G is not assigned a helicopter
2887.98,306,evacuee,,Evacuee;322;in triage state;Y;is at the evacuation site
2895,4,helipadManager,outHelo,Helicopter 1 is evacuating people1
2895,4,helipadManager,,;No helos are at ES
2895,1152,filterES,,Helicopter;1;is evacuating people
2895,4,helipadManager,outHQ,0
2895,4,helipadManager,,;No helos are at ES
2895,5,helicopterQueue,,;No helos are waiting to land
2895,1152,filterES,out,Helicopter 1 is evacuating people1
2895,1152,filterES,,
2895,1153,helicopter,,Helicopter;1;is loading people at the evacuation site;;and has;10;spots taken
2895,5,helicopterQueue,,;No helos are waiting to land
2895,1153,helicopter,,Helicopter;1;is returning to the FOL;;and has;10;spots taken
2896.27,3,evacueeManager,,OFF SHIP: White;0;Green;165;Yellow;48;Red;5;Black;272;ON SHIP: White;0;Green;0;Yellow;0;Red;0;Evacuees to Transfer;
2896.27,363,evacuee,outES,Evacuee 413 in triage category R is not assigned a helicopter
2896.27,363,evacuee,,Evacuee;413;in triage state;B;is at the evacuation site
2916.11,3,evacueeManager,,OFF SHIP: White;0;Green;165;Yellow;48;Red;4;Black;273;ON SHIP: White;0;Green;0;Yellow;0;Red;0;Evacuees to Transfer;
2916.11,999,evacuee,outES,Evacuee 46 in triage category R is not assigned a helicopter
2916.11,999,evacuee,,Evacuee;46;in triage state;B;is at the evacuation site
2921.89,3,evacueeManager,,OFF SHIP: White;0;Green;164;Yellow;49;Red;4;Black;273;ON SHIP: White;0;Green;0;Yellow;0;Red;0;Evacuees to Transfer;
2921.89,1128,evacuee,outES,Evacuee 56 in triage category G is not assigned a helicopter
2921.89,1128,evacuee,,Evacuee;56;in triage state;Y;is at the evacuation site
2928.88,3,evacueeManager,,OFF SHIP: White;0;Green;163;Yellow;50;Red;4;Black;273;ON SHIP: White;0;Green;0;Yellow;0;Red;0;Evacuees to Transfer;
2928.88,693,evacuee,outES,Evacuee 251 in triage category G is not assigned a helicopter
2928.88,693,evacuee,,Evacuee;251;in triage state;Y;is at the evacuation site
2929.16,3,evacueeManager,,OFF SHIP: White;0;Green;163;Yellow;49;Red;5;Black;273;ON SHIP: White;0;Green;0;Yellow;0;Red;0;Evacuees to Transfer;
2929.16,1501,evacuee,outES,Evacuee 254 in triage category Y is not assigned a helicopter
2929.16,1501,evacuee,,Evacuee;254;in triage state;R;is at the evacuation site
2934.26,3,evacueeManager,,OFF SHIP: White;0;Green;163;Yellow;48;Red;6;Black;273;ON SHIP: White;0;Green;0;Yellow;0;Red;0;Evacuees to Transfer;
2934.26,113,evacuee,outES,Evacuee 426 in triage category Y is not assigned a helicopter
2934.26,113,evacuee,,Evacuee;426;in triage state;R;is at the evacuation site
2939.24,3,evacueeManager,,OFF SHIP: White;0;Green;163;Yellow;48;Red;5;Black;274;ON SHIP: White;0;Green;0;Yellow;0;Red;0;Evacuees to Transfer;
2939.24,426,evacuee,outES,Evacuee 337 in triage category R is not assigned a helicopter
2939.24,426,evacuee,,Evacuee;337;in triage state;B;is at the evacuation site
2939.88,3,evacueeManager,,OFF SHIP: White;0;Green;163;Yellow;48;Red;4;Black;275;ON SHIP: White;0;Green;0;Yellow;0;Red;0;Evacuees to Transfer;
2939.88,1002,evacuee,outES,Evacuee 53 in triage category R is not assigned a helicopter
2939.88,1002,evacuee,,Evacuee;53;in triage state;B;is at the evacuation site
2948.4,3,evacueeManager,,OFF SHIP: White;0;Green;162;Yellow;49;Red;4;Black;275;ON SHIP: White;0;Green;0;Yellow;0;Red;0;Evacuees to Transfer;
2948.4,243,evacuee,outES,Evacuee 357 in triage category G is not assigned a helicopter
2948.4,243,evacuee,,Evacuee;357;in triage state;Y;is at the evacuation site
2950.54,3,evacueeManager,,OFF SHIP: White;0;Green;162;Yellow;49;Red;3;Black;276;ON SHIP: White;0;Green;0;Yellow;0;Red;0;Evacuees to Transfer;
2950.54,627,evacuee,outES,Evacuee 297 in triage category R is not assigned a helicopter
2950.54,627,evacuee,,Evacuee;297;in triage state;B;is at the evacuation site
2951.87,3,evacueeManager,,OFF SHIP: White;0;Green;162;Yellow;48;Red;4;Black;276;ON SHIP: White;0;Green;0;Yellow;0;Red;0;Evacuees to Transfer;
2951.87,684,evacuee,outES,Evacuee 431 in triage category Y is not assigned a helicopter
2951.87,684,evacuee,,Evacuee;431;in triage state;R;is at the evacuation site
2962.2,3,evacueeManager,,OFF SHIP: White;0;Green;161;Yellow;49;Red;4;Black;276;ON SHIP: White;0;Green;0;Yellow;0;Red;0;Evacuees to Transfer;
2962.2,50,evacuee,outES,Evacuee 472 in triage category G is not assigned a helicopter
2962.2,50,evacuee,,Evacuee;472;in triage state;Y;is at the evacuation site
2968.19,3,evacueeManager,,OFF SHIP: White;0;Green;161;Yellow;48;Red;5;Black;276;ON SHIP: White;0;Green;0;Yellow;0;Red;0;Evacuees to Transfer;
2968.19,429,evacuee,outES,Evacuee 301 in triage category Y is not assigned a helicopter
2968.19,429,evacuee,,Evacuee;301;in triage state;R;is at the evacuation site
2970.15,3,evacueeManager,,OFF SHIP: White;0;Green;161;Yellow;47;Red;6;Black;276;ON SHIP: White;0;Green;0;Yellow;0;Red;0;Evacuees to Transfer;
2970.15,176,evacuee,outES,Evacuee 384 in triage category Y is not assigned a helicopter
2970.15,176,evacuee,,Evacuee;384;in triage state;R;is at the evacuation site
2976.09,3,evacueeManager,,OFF SHIP: White;0;Green;161;Yellow;46;Red;7;Black;276;ON SHIP: White;0;Green;0;Yellow;0;Red;0;Evacuees to Transfer;
2976.09,561,evacuee,outES,Evacuee 124 in triage category Y is not assigned a helicopter
2976.09,561,evacuee,,Evacuee;124;in triage state;R;is at the evacuation site
2977.37,3,evacueeManager,,OFF SHIP: White;0;Green;161;Yellow;45;Red;8;Black;276;ON SHIP: White;0;Green;0;Yellow;0;Red;0;Evacuees to Transfer;
2977.37,492,evacuee,outES,Evacuee 310 in triage category Y is not assigned a helicopter
2977.37,492,evacuee,,Evacuee;310;in triage state;R;is at the evacuation site
2978.7,3,evacueeManager,,OFF SHIP: White;0;Green;160;Yellow;46;Red;8;Black;276;ON SHIP: White;0;Green;0;Yellow;0;Red;0;Evacuees to Transfer;
2978.7,435,evacuee,outES,Evacuee 270 in triage category G is not assigned a helicopter
2978.7,435,evacuee,,Evacuee;270;in triage state;Y;is at the evacuation site
2985.32,3,evacueeManager,,OFF SHIP: White;0;Green;160;Yellow;45;Red;9;Black;276;ON SHIP: White;0;Green;0;Yellow;0;Red;0;Evacuees to Transfer;
2985.32,1432,evacuee,outES,Evacuee 339 in triage category Y is not assigned a helicopter
2985.32,1432,evacuee,,Evacuee;339;in triage state;R;is at the evacuation site
2989.84,3,evacueeManager,,OFF SHIP: White;0;Green;160;Yellow;45;Red;8;Black;277;ON SHIP: White;0;Green;0;Yellow;0;Red;0;Evacuees to Transfer;
2989.84,609,evacuee,outES,Evacuee 412 in triage category R is not assigned a helicopter
2989.84,609,evacuee,,Evacuee;412;in triage state;B;is at the evacuation site
2991.25,3,evacueeManager,,OFF SHIP: White;0;Green;160;Yellow;45;Red;7;Black;278;ON SHIP: White;0;Green;0;Yellow;0;Red;0;Evacuees to Transfer;
2991.25,684,evacuee,outES,Evacuee 431 in triage category R is not assigned a helicopter
2991.25,684,evacuee,,Evacuee;431;in triage state;B;is at the evacuation site
2992.77,3,evacueeManager,,OFF SHIP: White;0;Green;160;Yellow;44;Red;8;Black;278;ON SHIP: White;0;Green;0;Yellow;0;Red;0;Evacuees to Transfer;
2992.77,1369,evacuee,outES,Evacuee 201 in triage category Y is not assigned a helicopter
2992.77,1369,evacuee,,Evacuee;201;in triage state;R;is at the evacuation site
2992.97,3,evacueeManager,,OFF SHIP: White;0;Green;160;Yellow;44;Red;7;Black;279;ON SHIP: White;0;Green;0;Yellow;0;Red;0;Evacuees to Transfer;
2992.97,176,evacuee,outES,Evacuee 384 in triage category R is not assigned a helicopter
2992.97,176,evacuee,,Evacuee;384;in triage state;B;is at the evacuation site
3006.13,3,evacueeManager,,OFF SHIP: White;0;Green;160;Yellow;43;Red;8;Black;279;ON SHIP: White;0;Green;0;Yellow;0;Red;0;Evacuees to Transfer;
3006.13,819,evacuee,outES,Evacuee 332 in triage category Y is not assigned a helicopter
3006.13,819,evacuee,,Evacuee;332;in triage state;R;is at the evacuation site
3007.61,3,evacueeManager,,OFF SHIP: White;0;Green;159;Yellow;44;Red;8;Black;279;ON SHIP: White;0;Green;0;Yellow;0;Red;0;Evacuees to Transfer;
3007.61,564,evacuee,outES,Evacuee 111 in triage category G is not assigned a helicopter
3007.61,564,evacuee,,Evacuee;111;in triage state;Y;is at the evacuation site
3022.96,3,evacueeManager,,OFF SHIP: White;0;Green;158;Yellow;45;Red;8;Black;279;ON SHIP: White;0;Green;0;Yellow;0;Red;0;Evacuees to Transfer;
3022.96,179,evacuee,outES,Evacuee 430 in triage category G is not assigned a helicopter
3022.96,179,evacuee,,Evacuee;430;in triage state;Y;is at the evacuation site
3023.82,3,evacueeManager,,OFF SHIP: White;0;Green;158;Yellow;44;Red;9;Black;279;ON SHIP: White;0;Green;0;Yellow;0;Red;0;Evacuees to Transfer;
3023.82,918,evacuee,outES,Evacuee 196 in triage category Y is not assigned a helicopter
3023.82,918,evacuee,,Evacuee;196;in triage state;R;is at the evacuation site
3028.31,3,evacueeManager,,OFF SHIP: White;0;Green;157;Yellow;45;Red;9;Black;279;ON SHIP: White;0;Green;0;Yellow;0;Red;0;Evacuees to Transfer;
3028.31,1318,evacuee,outES,Evacuee 184 in triage category G is not assigned a helicopter
3028.31,1318,evacuee,,Evacuee;184;in triage state;Y;is at the evacuation site
3028.53,3,evacueeManager,,OFF SHIP: White;0;Green;157;Yellow;45;Red;8;Black;280;ON SHIP: White;0;Green;0;Yellow;0;Red;0;Evacuees to Transfer;
3028.53,492,evacuee,outES,Evacuee 310 in triage category R is not assigned a helicopter
3028.53,492,evacuee,,Evacuee;310;in triage state;B;is at the evacuation site
3045,7,filterLoc,,
3045,10,filterLoc,,
3045,13,filterLoc,,
3045,16,filterLoc,,
3045,19,filterLoc,,
3045,22,filterLoc,,
3045,25,filterLoc,,
3045,28,filterLoc,,
3045,31,filterLoc,,
3045,34,filterLoc,,
3045,37,filterLoc,,
3045,40,filterLoc,,
3045,43,filterLoc,,
3045,46,filterLoc,,
3045,49,filterLoc,,
3045,52,filterLoc,,
3045,55,filterLoc,,
3045,58,filterLoc,,
3045,61,filterLoc,,
3045,64,filterLoc,,
3045,67,filterLoc,,
3045,70,filterLoc,,
3045,73,filterLoc,,
3045,76,filterLoc,,
3045,79,filterLoc,,
3045,82,filterLoc,,
3045,85,filterLoc,,
3045,88,filterLoc,,
3045,91,filterLoc,,
3045,94,filterLoc,,
3045,97,filterLoc,,
3045,100,filterLoc,,
3045,103,filterLoc,,
3045,106,filterLoc,,
3045,109,filterLoc,,
3045,112,filterLoc,,
3045,115,filterLoc,,
3045,118,filterLoc,,
3045,121,filterLoc,,
3045,124,filterLoc,,
3045,127,filterLoc,,
3045,130,filterLoc,,
3045,133,filterLoc,,
3045,136,filterLoc,,
3045,139,filterLoc,,
3045,142,filterLoc,,
3045,145,filterLoc,,
3045,148,filterLoc,,
3045,151,filterLoc,,
3045,154,filterLoc,,
3045,157,filterLoc,,
3045,160,filterLoc,,
3045,163,filterLoc,,
3045,166,filterLoc,,
3045,169,filterLoc,,
3045,172,filterLoc,,
3045,175,filterLoc,,
3045,178,filterLoc,,
3045,181,filterLoc,,
3045,184,filterLoc,,
3045,187,filterLoc,,
3045,190,filterLoc,,
3045,193,filterLoc,,
3045,196,filterLoc,,
3045,199,filterLoc,,
3045,202,filterLoc,,
3045,205,filterLoc,,
3045,208,filterLoc,,
3045,211,filterLoc,,
3045,214,filterLoc,,
3045,217,filterLoc,,
3045,221,filterLoc,,
3045,224,filterLoc,,
3045,227,filterLoc,,
3045,230,filterLoc,,
3045,233,filterLoc,,
3045,236,filterLoc,,
3045,239,filterLoc,,
3045,242,filterLoc,,
3045,245,filterLoc,,
3045,248,filterLoc,,
3045,251,filterLoc,,
3045,254,filterLoc,,
3045,257,filterLoc,,
3045,260,filterLoc,,
3045,263,filterLoc,,
3045,266,filterLoc,,
3045,269,filterLoc,,
3045,272,filterLoc,,
3045,275,filterLoc,,
3045,278,filterLoc,,
3045,281,filterLoc,,
3045,284,filterLoc,,
3045,287,filterLoc,,
3045,290,filterLoc,,
3045,293,filterLoc,,
3045,296,filterLoc,,
3045,299,filterLoc,,
3045,302,filterLoc,,
3045,305,filterLoc,,
3045,308,filterLoc,,
3045,311,filterLoc,,
3045,314,filterLoc,,
3045,317,filterLoc,,
3045,320,filterLoc,,
3045,323,filterLoc,,
3045,326,filterLoc,,
3045,329,filterLoc,,
3045,332,filterLoc,,
3045,335,filterLoc,,
3045,338,filterLoc,,
3045,341,filterLoc,,
3045,344,filterLoc,,
3045,347,filterLoc,,
3045,350,filterLoc,,
3045,353,filterLoc,,
3045,356,filterLoc,,
3045,359,filterLoc,,
3045,362,filterLoc,,
3045,365,filterLoc,,
3045,368,filterLoc,,
3045,371,filterLoc,,
3045,374,filterLoc,,
3045,377,filterLoc,,
3045,380,filterLoc,,
3045,383,filterLoc,,
3045,386,filterLoc,,
3045,389,filterLoc,,
3045,392,filterLoc,,
3045,395,filterLoc,,
3045,398,filterLoc,,
3045,401,filterLoc,,
3045,404,filterLoc,,
3045,407,filterLoc,,
3045,410,filterLoc,,
3045,413,filterLoc,,
3045,416,filterLoc,,
3045,419,filterLoc,,
3045,422,filterLoc,,
3045,425,filterLoc,,
3045,428,filterLoc,,
3045,431,filterLoc,,
3045,434,filterLoc,,
3045,437,filterLoc,,
3045,440,filterLoc,,
3045,443,filterLoc,,
3045,446,filterLoc,,
3045,449,filterLoc,,
3045,452,filterLoc,,
3045,455,filterLoc,,
3045,458,filterLoc,,
3045,461,filterLoc,,
3045,464,filterLoc,,
3045,467,filterLoc,,
3045,470,filterLoc,,
3045,473,filterLoc,,
3045,476,filterLoc,,
3045,479,filterLoc,,
3045,482,filterLoc,,
3045,485,filterLoc,,
3045,488,filterLoc,,
3045,491,filterLoc,,
3045,494,filterLoc,,
3045,497,filterLoc,,
3045,500,filterLoc,,
3045,503,filterLoc,,
3045,506,filterLoc,,
3045,509,filterLoc,,
3045,512,filterLoc,,
3045,515,filterLoc,,
3045,518,filterLoc,,
3045,521,filterLoc,,
3045,524,filterLoc,,
3045,527,filterLoc,,
3045,530,filterLoc,,
3045,533,filterLoc,,
3045,536,filterLoc,,
3045,539,filterLoc,,
3045,542,filterLoc,,
3045,545,filterLoc,,
3045,548,filterLoc,,
3045,551,filterLoc,,
3045,554,filterLoc,,
3045,557,filterLoc,,
3045,560,filterLoc,,
3045,563,filterLoc,,
3045,566,filterLoc,,
3045,569,filterLoc,,
3045,572,filterLoc,,
3045,575,filterLoc,,
3045,578,filterLoc,,
3045,581,filterLoc,,
3045,584,filterLoc,,
3045,587,filterLoc,,
3045,590,filterLoc,,
3045,593,filterLoc,,
3045,596,filterLoc,,
3045,599,filterLoc,,
3045,602,filterLoc,,
3045,605,filterLoc,,
3045,608,filterLoc,,
3045,611,filterLoc,,
3045,614,filterLoc,,
3045,617,filterLoc,,
3045,620,filterLoc,,
3045,623,filterLoc,,
3045,626,filterLoc,,
3045,629,filterLoc,,
3045,632,filterLoc,,
3045,635,filterLoc,,
3045,638,filterLoc,,
3045,641,filterLoc,,
3045,644,filterLoc,,
3045,647,filterLoc,,
3045,650,filterLoc,,
3045,653,filterLoc,,
3045,656,filterLoc,,
3045,659,filterLoc,,
3045,662,filterLoc,,
3045,665,filterLoc,,
3045,668,filterLoc,,
3045,671,filterLoc,,
3045,674,filterLoc,,
3045,677,filterLoc,,
3045,680,filterLoc,,
3045,683,filterLoc,,
3045,686,filterLoc,,
3045,689,filterLoc,,
3045,692,filterLoc,,
3045,695,filterLoc,,
3045,698,filterLoc,,
3045,701,filterLoc,,
3045,704,filterLoc,,
3045,707,filterLoc,,
3045,710,filterLoc,,
3045,713,filterLoc,,
3045,716,filterLoc,,
3045,719,filterLoc,,
3045,722,filterLoc,,
3045,725,filterLoc,,
3045,728,filterLoc,,
3045,731,filterLoc,,
3045,734,filterLoc,,
3045,737,filterLoc,,
3045,740,filterLoc,,
3045,743,filterLoc,,
3045,746,filterLoc,,
3045,749,filterLoc,,
3045,752,filterLoc,,
3045,755,filterLoc,,;Evacuee;25;in triage category;G;is leaving helicopter;1
3045,758,filterLoc,,
3045,761,filterLoc,,
3045,764,filterLoc,,;Evacuee;5;in triage category;G;is leaving helicopter;1
3045,767,filterLoc,,
3045,770,filterLoc,,
3045,773,filterLoc,,
3045,776,filterLoc,,
3045,779,filterLoc,,
3045,782,filterLoc,,
3045,785,filterLoc,,
3045,788,filterLoc,,
3045,791,filterLoc,,
3045,794,filterLoc,,
3045,797,filterLoc,,
3045,800,filterLoc,,
3045,803,filterLoc,,
3045,806,filterLoc,,
3045,809,filterLoc,,
3045,812,filterLoc,,
3045,815,filterLoc,,
3045,818,filterLoc,,
3045,821,filterLoc,,
3045,824,filterLoc,,
3045,827,filterLoc,,
3045,830,filterLoc,,
3045,833,filterLoc,,
3045,836,filterLoc,,
3045,839,filterLoc,,
3045,842,filterLoc,,
3045,845,filterLoc,,
3045,848,filterLoc,,
3045,851,filterLoc,,
3045,854,filterLoc,,
3045,857,filterLoc,,
3045,860,filterLoc,,
3045,863,filterLoc,,
3045,866,filterLoc,,
3045,869,filterLoc,,
3045,872,filterLoc,,
3045,875,filterLoc,,;Evacuee;18;in triage category;G;is leaving helicopter;1
3045,878,filterLoc,,
3045,881,filterLoc,,
3045,884,filterLoc,,;Evacuee;22;in triage category;G;is leaving helicopter;1
3045,887,filterLoc,,
3045,890,filterLoc,,
3045,893,filterLoc,,
3045,896,filterLoc,,
3045,899,filterLoc,,
3045,902,filterLoc,,
3045,905,filterLoc,,
3045,908,filterLoc,,
3045,911,filterLoc,,
3045,914,filterLoc,,
3045,917,filterLoc,,
3045,920,filterLoc,,
3045,923,filterLoc,,
3045,926,filterLoc,,
3045,929,filterLoc,,
3045,932,filterLoc,,
3045,935,filterLoc,,
3045,938,filterLoc,,
3045,941,filterLoc,,
3045,944,filterLoc,,
3045,947,filterLoc,,
3045,950,filterLoc,,
3045,953,filterLoc,,
3045,956,filterLoc,,
3045,959,filterLoc,,
3045,962,filterLoc,,
3045,965,filterLoc,,
3045,968,filterLoc,,
3045,971,filterLoc,,
3045,974,filterLoc,,
3045,977,filterLoc,,
3045,980,filterLoc,,
3045,983,filterLoc,,
3045,986,filterLoc,,
3045,989,filterLoc,,
3045,992,filterLoc,,
3045,995,filterLoc,,
3045,998,filterLoc,,
3045,1001,filterLoc,,
3045,1004,filterLoc,,
3045,1007,filterLoc,,
3045,1010,filterLoc,,;Evacuee;23;in triage category;G;is leaving helicopter;1
3045,1013,filterLoc,,
3045,1016,filterLoc,,
3045,1019,filterLoc,,;Evacuee;13;in triage category;G;is leaving helicopter;1
3045,1022,filterLoc,,;Evacuee;24;in triage category;G;is leaving helicopter;1
3045,1025,filterLoc,,
3045,1028,filterLoc,,
3045,1031,filterLoc,,
3045,1034,filterLoc,,
3045,1037,filterLoc,,
3045,1040,filterLoc,,
3045,1043,filterLoc,,
3045,1046,filterLoc,,
3045,1049,filterLoc,,
3045,1052,filterLoc,,
3045,1055,filterLoc,,
3045,1058,filterLoc,,
3045,1061,filterLoc,,
3045,1064,filterLoc,,
3045,1067,filterLoc,,
3045,1070,filterLoc,,;Evacuee;30;in triage category;G;is leaving helicopter;1
3045,1073,filterLoc,,
3045,1076,filterLoc,,
3045,1079,filterLoc,,
3045,1082,filterLoc,,
3045,1085,filterLoc,,
3045,1088,filterLoc,,
3045,1091,filterLoc,,
3045,1094,filterLoc,,
3045,1097,filterLoc,,
3045,1100,filterLoc,,
3045,1103,filterLoc,,
3045,1106,filterLoc,,
3045,1109,filterLoc,,
3045,1112,filterLoc,,
3045,1115,filterLoc,,
3045,1118,filterLoc,,
3045,1121,filterLoc,,
3045,1124,filterLoc,,
3045,1127,filterLoc,,
3045,1130,filterLoc,,
3045,1133,filterLoc,,
3045,1136,filterLoc,,
3045,1139,filterLoc,,
3045,1142,filterLoc,,
3045,1145,filterLoc,,
3045,1148,filterLoc,,
3045,1153,helicopter,outEvac,Evacuee 5 in triage category G is not assigned a helicopter
3045,1153,helicopter,outEvac,Evacuee 7 in triage category G is not assigned a helicopter
3045,1153,helicopter,outEvac,Evacuee 13 in triage category G is not assigned a helicopter
3045,1153,helicopter,outEvac,Evacuee 16 in triage category G is not assigned a helicopter
3045,1153,helicopter,outEvac,Evacuee 18 in triage category G is not assigned a helicopter
3045,1153,helicopter,outEvac,Evacuee 22 in triage category G is not assigned a helicopter
3045,1153,helicopter,outEvac,Evacuee 23 in triage category G is not assigned a helicopter
3045,1153,helicopter,outEvac,Evacuee 24 in triage category G is not assigned a helicopter
3045,1153,helicopter,outEvac,Evacuee 25 in triage category G is not assigned a helicopter
3045,1153,helicopter,outEvac,Evacuee 30 in triage category G is not assigned a helicopter
3045,1153,helicopter,,Helicopter;1;is unloading people at the FOL;;and has;0;spots taken
3045,1155,filterLoc,,
3045,1158,filterLoc,,
3045,1161,filterLoc,,
3045,1164,filterLoc,,
3045,1167,filterLoc,,
3045,1170,filterLoc,,
3045,1173,filterLoc,,
3045,1176,filterLoc,,
3045,1179,filterLoc,,
3045,1182,filterLoc,,
3045,1185,filterLoc,,
3045,1188,filterLoc,,
3045,1191,filterLoc,,
3045,1194,filterLoc,,
3045,1197,filterLoc,,
3045,1200,filterLoc,,
3045,1203,filterLoc,,
3045,1206,filterLoc,,
3045,1209,filterLoc,,
3045,1212,filterLoc,,
3045,1215,filterLoc,,
3045,1218,filterLoc,,
3045,1221,filterLoc,,
3045,1224,filterLoc,,
3045,1227,filterLoc,,
3045,1230,filterLoc,,
3045,1233,filterLoc,,
3045,1236,filterLoc,,
3045,1239,filterLoc,,
3045,1242,filterLoc,,
3045,1245,filterLoc,,
3045,1248,filterLoc,,
3045,1251,filterLoc,,
3045,1254,filterLoc,,
3045,1257,filterLoc,,;Evacuee;16;in triage category;G;is leaving helicopter;1
3045,1260,filterLoc,,
3045,1263,filterLoc,,
3045,1266,filterLoc,,
3045,1269,filterLoc,,
3045,1272,filterLoc,,
3045,1275,filterLoc,,
3045,1278,filterLoc,,
3045,1281,filterLoc,,
3045,1284,filterLoc,,
3045,1287,filterLoc,,
3045,1290,filterLoc,,
3045,1293,filterLoc,,
3045,1296,filterLoc,,
3045,1299,filterLoc,,
3045,1302,filterLoc,,
3045,1305,filterLoc,,
3045,1308,filterLoc,,
3045,1311,filterLoc,,
3045,1314,filterLoc,,
3045,1317,filterLoc,,
3045,1320,filterLoc,,
3045,1323,filterLoc,,
3045,1326,filterLoc,,
3045,1329,filterLoc,,
3045,1332,filterLoc,,
3045,1335,filterLoc,,
3045,1338,filterLoc,,
3045,1341,filterLoc,,
3045,1344,filterLoc,,
3045,1347,filterLoc,,
3045,1350,filterLoc,,
3045,1353,filterLoc,,
3045,1356,filterLoc,,
3045,1359,filterLoc,,
3045,1362,filterLoc,,
3045,1365,filterLoc,,
3045,1368,filterLoc,,
3045,1371,filterLoc,,
3045,1374,filterLoc,,
3045,1377,filterLoc,,
3045,1380,filterLoc,,
3045,1383,filterLoc,,
3045,1386,filterLoc,,
3045,1389,filterLoc,,
3045,1392,filterLoc,,
3045,1395,filterLoc,,
3045,1398,filterLoc,,
3045,1401,filterLoc,,
3045,1404,filterLoc,,
3045,1407,filterLoc,,
3045,1410,filterLoc,,
3045,1413,filterLoc,,
3045,1416,filterLoc,,
3045,1419,filterLoc,,
3045,1422,filterLoc,,
3045,1425,filterLoc,,
3045,1428,filterLoc,,
3045,1431,filterLoc,,
3045,1434,filterLoc,,
3045,1437,filterLoc,,
3045,1440,filterLoc,,
3045,1443,filterLoc,,
3045,1446,filterLoc,,
3045,1449,filterLoc,,
3045,1452,filterLoc,,
3045,1455,filterLoc,,
3045,1458,filterLoc,,
3045,1461,filterLoc,,;Evacuee;7;in triage category;G;is leaving helicopter;1
3045,1464,filterLoc,,
3045,1467,filterLoc,,
3045,1470,filterLoc,,
3045,1473,filterLoc,,
3045,1476,filterLoc,,
3045,1479,filterLoc,,
3045,1482,filterLoc,,
3045,1485,filterLoc,,
3045,1488,filterLoc,,
3045,1491,filterLoc,,
3045,1494,filterLoc,,
3045,1497,filterLoc,,
3045,1500,filterLoc,,
3045,1503,filterLoc,,
3045,1506,filterLoc,,
3045,1509,filterLoc,,
3045,755,filterLoc,out,Evacuee 25 in triage category G is not assigned a helicopter
3045,755,filterLoc,,
3045,756,evacuee,,Evacuee;25;in triage state;G;is entering the FOL
3045,764,filterLoc,out,Evacuee 5 in triage category G is not assigned a helicopter
3045,764,filterLoc,,
3045,765,evacuee,,Evacuee;5;in triage state;G;is entering the FOL
3045,875,filterLoc,out,Evacuee 18 in triage category G is not assigned a helicopter
3045,875,filterLoc,,
3045,876,evacuee,,Evacuee;18;in triage state;G;is entering the FOL
3045,884,filterLoc,out,Evacuee 22 in triage category G is not assigned a helicopter
3045,884,filterLoc,,
3045,885,evacuee,,Evacuee;22;in triage state;G;is entering the FOL
3045,1010,filterLoc,out,Evacuee 23 in triage category G is not assigned a helicopter
3045,1010,filterLoc,,
3045,1011,evacuee,,Evacuee;23;in triage state;G;is entering the FOL
3045,1019,filterLoc,out,Evacuee 13 in triage category G is not assigned a helicopter
3045,1019,filterLoc,,
3045,1020,evacuee,,Evacuee;13;in triage state;G;is entering the FOL
3045,1022,filterLoc,out,Evacuee 24 in triage category G is not assigned a helicopter
3045,1022,filterLoc,,
3045,1023,evacuee,,Evacuee;24;in triage state;G;is entering the FOL
3045,1070,filterLoc,out,Evacuee 30 in triage category G is not assigned a helicopter
3045,1070,filterLoc,,
3045,1071,evacuee,,Evacuee;30;in triage state;G;is entering the FOL
3045,1257,filterLoc,out,Evacuee 16 in triage category G is not assigned a helicopter
3045,1257,filterLoc,,
3045,1258,evacuee,,Evacuee;16;in triage state;G;is entering the FOL
3045,1461,filterLoc,out,Evacuee 7 in triage category G is not assigned a helicopter
3045,1461,filterLoc,,
3045,1462,evacuee,,Evacuee;7;in triage state;G;is entering the FOL
3045,219,FOL,,;EvacueeID;5;Triage Status;G;EvacueeID;7;Triage Status;G;EvacueeID;13;Triage Status;G;EvacueeID;16;Triage Status;G;EvacueeID;18;Triage Status;G;EvacueeID;22;Triage Status;G;EvacueeID;23;Triage Status;G;EvacueeID;24;Triage Status;G;EvacueeID;25;Triage Status;G;EvacueeID;30;Triage Status;G;Lives Saved;10
3045,756,evacuee,outFOL,Evacuee 25 in triage category G is not assigned a helicopter
3045,756,evacuee,,Evacuee;25;in triage state;G;is at the FOL
3045,765,evacuee,outFOL,Evacuee 5 in triage category G is not assigned a helicopter
3045,765,evacuee,,Evacuee;5;in triage state;G;is at the FOL
3045,876,evacuee,outFOL,Evacuee 18 in triage category G is not assigned a helicopter
3045,876,evacuee,,Evacuee;18;in triage state;G;is at the FOL
3045,885,evacuee,outFOL,Evacuee 22 in triage category G is not assigned a helicopter
3045,885,evacuee,,Evacuee;22;in triage state;G;is at the FOL
3045,1011,evacuee,outFOL,Evacuee 23 in triage category G is not assigned a helicopter
3045,1011,evacuee,,Evacuee;23;in triage state;G;is at the FOL
3045,1020,evacuee,outFOL,Evacuee 13 in triage category G is not assigned a helicopter
3045,1020,evacuee,,Evacuee;13;in triage state;G;is at the FOL
3045,1023,evacuee,outFOL,Evacuee 24 in triage category G is not assigned a helicopter
3045,1023,evacuee,,Evacuee;24;in triage state;G;is at the FOL
3045,1071,evacuee,outFOL,Evacuee 30 in triage category G is not assigned a helicopter
3045,1071,evacuee,,Evacuee;30;in triage state;G;is at the FOL
3045,1258,evacuee,outFOL,Evacuee 16 in triage category G is not assigned a helicopter
3045,1258,evacuee,,Evacuee;16;in triage state;G;is at the FOL
3045,1462,evacuee,outFOL,Evacuee 7 in triage category G is not assigned a helicopter
3045,1462,evacuee,,Evacuee;7;in triage state;G;is at the FOL
3045,219,FOL,,;EvacueeID;5;Triage Status;G;EvacueeID;7;Triage Status;G;EvacueeID;13;Triage Status;G;EvacueeID;16;Triage Status;G;EvacueeID;18;Triage Status;G;EvacueeID;22;Triage Status;G;EvacueeID;23;Triage Status;G;EvacueeID;24;Triage Status;G;EvacueeID;25;Triage Status;G;EvacueeID;30;Triage Status;G;Lives Saved;10
3049.97,3,evacueeManager,,OFF SHIP: White;0;Green;157;Yellow;44;Red;9;Black;280;ON SHIP: White;0;Green;0;Yellow;0;Red;0;Evacuees to Transfer;
3049.97,1249,evacuee,outES,Evacuee 162 in triage category Y is not assigned a helicopter
3049.97,1249,evacuee,,Evacuee;162;in triage state;R;is at the evacuation site
3051.26,3,evacueeManager,,OFF SHIP: White;0;Green;157;Yellow;44;Red;8;Black;281;ON SHIP: White;0;Green;0;Yellow;0;Red;0;Evacuees to Transfer;
3051.26,1369,evacuee,outES,Evacuee 201 in triage category R is not assigned a helicopter
3051.26,1369,evacuee,,Evacuee;201;in triage state;B;is at the evacuation site
3051.8,3,evacueeManager,,OFF SHIP: White;0;Green;157;Yellow;43;Red;9;Black;281;ON SHIP: White;0;Green;0;Yellow;0;Red;0;Evacuees to Transfer;
3051.8,1056,evacuee,outES,Evacuee 198 in triage category Y is not assigned a helicopter
3051.8,1056,evacuee,,Evacuee;198;in triage state;R;is at the evacuation site
3053.34,3,evacueeManager,,OFF SHIP: White;0;Green;157;Yellow;42;Red;10;Black;281;ON SHIP: White;0;Green;0;Yellow;0;Red;0;Evacuees to Transfer;
3053.34,1372,evacuee,outES,Evacuee 11 in triage category Y is not assigned a helicopter
3053.34,1372,evacuee,,Evacuee;11;in triage state;R;is at the evacuation site
3054.84,3,evacueeManager,,OFF SHIP: White;0;Green;157;Yellow;41;Red;11;Black;281;ON SHIP: White;0;Green;0;Yellow;0;Red;0;Evacuees to Transfer;
3054.84,354,evacuee,outES,Evacuee 352 in triage category Y is not assigned a helicopter
3054.84,354,evacuee,,Evacuee;352;in triage state;R;is at the evacuation site
3057.9,3,evacueeManager,,OFF SHIP: White;0;Green;157;Yellow;40;Red;12;Black;281;ON SHIP: White;0;Green;0;Yellow;0;Red;0;Evacuees to Transfer;
3057.9,1504,evacuee,outES,Evacuee 257 in triage category Y is not assigned a helicopter
3057.9,1504,evacuee,,Evacuee;257;in triage state;R;is at the evacuation site
3060,1153,helicopter,,Helicopter;1;Is going to the evacuation site;;and has;0;spots taken
3068.96,3,evacueeManager,,OFF SHIP: White;0;Green;157;Yellow;40;Red;11;Black;282;ON SHIP: White;0;Green;0;Yellow;0;Red;0;Evacuees to Transfer;
3068.96,354,evacuee,outES,Evacuee 352 in triage category R is not assigned a helicopter
3068.96,354,evacuee,,Evacuee;352;in triage state;B;is at the evacuation site
3069.49,3,evacueeManager,,OFF SHIP: White;0;Green;157;Yellow;40;Red;10;Black;283;ON SHIP: White;0;Green;0;Yellow;0;Red;0;Evacuees to Transfer;
3069.49,1056,evacuee,outES,Evacuee 198 in triage category R is not assigned a helicopter
3069.49,1056,evacuee,,Evacuee;198;in triage state;B;is at the evacuation site
3076.38,3,evacueeManager,,OFF SHIP: White;0;Green;156;Yellow;41;Red;10;Black;283;ON SHIP: White;0;Green;0;Yellow;0;Red;0;Evacuees to Transfer;
3076.38,942,evacuee,outES,Evacuee 241 in triage category G is not assigned a helicopter
3076.38,942,evacuee,,Evacuee;241;in triage state;Y;is at the evacuation site
3085.08,3,evacueeManager,,OFF SHIP: White;0;Green;156;Yellow;41;Red;9;Black;284;ON SHIP: White;0;Green;0;Yellow;0;Red;0;Evacuees to Transfer;
3085.08,561,evacuee,outES,Evacuee 124 in triage category R is not assigned a helicopter
3085.08,561,evacuee,,Evacuee;124;in triage state;B;is at the evacuation site
3085.99,3,evacueeManager,,OFF SHIP: White;0;Green;155;Yellow;42;Red;9;Black;284;ON SHIP: White;0;Green;0;Yellow;0;Red;0;Evacuees to Transfer;
3085.99,822,evacuee,outES,Evacuee 81 in triage category G is not assigned a helicopter
3085.99,822,evacuee,,Evacuee;81;in triage state;Y;is at the evacuation site
3089.22,3,evacueeManager,,OFF SHIP: White;0;Green;155;Yellow;42;Red;8;Black;285;ON SHIP: White;0;Green;0;Yellow;0;Red;0;Evacuees to Transfer;
3089.22,819,evacuee,outES,Evacuee 332 in triage category R is not assigned a helicopter
3089.22,819,evacuee,,Evacuee;332;in triage state;B;is at the evacuation site
3099.47,3,evacueeManager,,OFF SHIP: White;0;Green;155;Yellow;41;Red;9;Black;285;ON SHIP: White;0;Green;0;Yellow;0;Red;0;Evacuees to Transfer;
3099.47,300,evacuee,outES,Evacuee 325 in triage category Y is not assigned a helicopter
3099.47,300,evacuee,,Evacuee;325;in triage state;R;is at the evacuation site
3102.68,3,evacueeManager,,OFF SHIP: White;0;Green;155;Yellow;41;Red;8;Black;286;ON SHIP: White;0;Green;0;Yellow;0;Red;0;Evacuees to Transfer;
3102.68,918,evacuee,outES,Evacuee 196 in triage category R is not assigned a helicopter
3102.68,918,evacuee,,Evacuee;196;in triage state;B;is at the evacuation site
3103.75,3,evacueeManager,,OFF SHIP: White;0;Green;155;Yellow;41;Red;7;Black;287;ON SHIP: White;0;Green;0;Yellow;0;Red;0;Evacuees to Transfer;
3103.75,1432,evacuee,outES,Evacuee 339 in triage category R is not assigned a helicopter
3103.75,1432,evacuee,,Evacuee;339;in triage state;B;is at the evacuation site
3105.54,3,evacueeManager,,OFF SHIP: White;0;Green;155;Yellow;41;Red;6;Black;288;ON SHIP: White;0;Green;0;Yellow;0;Red;0;Evacuees to Transfer;
3105.54,113,evacuee,outES,Evacuee 426 in triage category R is not assigned a helicopter
3105.54,113,evacuee,,Evacuee;426;in triage state;B;is at the evacuation site
3105.84,3,evacueeManager,,OFF SHIP: White;0;Green;155;Yellow;40;Red;7;Black;288;ON SHIP: White;0;Green;0;Yellow;0;Red;0;Evacuees to Transfer;
3105.84,936,evacuee,outES,Evacuee 26 in triage category Y is not assigned a helicopter
3105.84,936,evacuee,,Evacuee;26;in triage state;R;is at the evacuation site
3107.58,3,evacueeManager,,OFF SHIP: White;0;Green;155;Yellow;40;Red;6;Black;289;ON SHIP: White;0;Green;0;Yellow;0;Red;0;Evacuees to Transfer;
3107.58,300,evacuee,outES,Evacuee 325 in triage category R is not assigned a helicopter
3107.58,300,evacuee,,Evacuee;325;in triage state;B;is at the evacuation site
3108.54,3,evacueeManager,,OFF SHIP: White;0;Green;155;Yellow;39;Red;7;Black;289;ON SHIP: White;0;Green;0;Yellow;0;Red;0;Evacuees to Transfer;
3108.54,822,evacuee,outES,Evacuee 81 in triage category Y is not assigned a helicopter
3108.54,822,evacuee,,Evacuee;81;in triage state;R;is at the evacuation site
3109.97,3,evacueeManager,,OFF SHIP: White;0;Green;155;Yellow;39;Red;6;Black;290;ON SHIP: White;0;Green;0;Yellow;0;Red;0;Evacuees to Transfer;
3109.97,429,evacuee,outES,Evacuee 301 in triage category R is not assigned a helicopter
3109.97,429,evacuee,,Evacuee;301;in triage state;B;is at the evacuation site
3112.76,3,evacueeManager,,OFF SHIP: White;0;Green;154;Yellow;40;Red;6;Black;290;ON SHIP: White;0;Green;0;Yellow;0;Red;0;Evacuees to Transfer;
3112.76,116,evacuee,outES,Evacuee 423 in triage category G is not assigned a helicopter
3112.76,116,evacuee,,Evacuee;423;in triage state;Y;is at the evacuation site
3113.1,3,evacueeManager,,OFF SHIP: White;0;Green;154;Yellow;39;Red;7;Black;290;ON SHIP: White;0;Green;0;Yellow;0;Red;0;Evacuees to Transfer;
3113.1,1318,evacuee,outES,Evacuee 184 in triage category Y is not assigned a helicopter
3113.1,1318,evacuee,,Evacuee;184;in triage state;R;is at the evacuation site
3113.51,3,evacueeManager,,OFF SHIP: White;0;Green;154;Yellow;38;Red;8;Black;290;ON SHIP: White;0;Green;0;Yellow;0;Red;0;Evacuees to Transfer;
3113.51,435,evacuee,outES,Evacuee 270 in triage category Y is not assigned a helicopter
3113.51,435,evacuee,,Evacuee;270;in triage state;R;is at the evacuation site
3114.06,3,evacueeManager,,OFF SHIP: White;0;Green;154;Yellow;37;Red;9;Black;290;ON SHIP: White;0;Green;0;Yellow;0;Red;0;Evacuees to Transfer;
3114.06,1119,evacuee,outES,Evacuee 63 in triage category Y is not assigned a helicopter
3114.06,1119,evacuee,,Evacuee;63;in triage state;R;is at the evacuation site
3120.28,3,evacueeManager,,OFF SHIP: White;0;Green;154;Yellow;36;Red;10;Black;290;ON SHIP: White;0;Green;0;Yellow;0;Red;0;Evacuees to Transfer;
3120.28,116,evacuee,outES,Evacuee 423 in triage category Y is not assigned a helicopter
3120.28,116,evacuee,,Evacuee;423;in triage state;R;is at the evacuation site
3124.6,3,evacueeManager,,OFF SHIP: White;0;Green;154;Yellow;35;Red;11;Black;290;ON SHIP: White;0;Green;0;Yellow;0;Red;0;Evacuees to Transfer;
3124.6,1438,evacuee,outES,Evacuee 164 in triage category Y is not assigned a helicopter
3124.6,1438,evacuee,,Evacuee;164;in triage state;R;is at the evacuation site
3126.22,3,evacueeManager,,OFF SHIP: White;0;Green;154;Yellow;35;Red;10;Black;291;ON SHIP: White;0;Green;0;Yellow;0;Red;0;Evacuees to Transfer;
3126.22,1504,evacuee,outES,Evacuee 257 in triage category R is not assigned a helicopter
3126.22,1504,evacuee,,Evacuee;257;in triage state;B;is at the evacuation site
3127.03,3,evacueeManager,,OFF SHIP: White;0;Green;154;Yellow;35;Red;9;Black;292;ON SHIP: White;0;Green;0;Yellow;0;Red;0;Evacuees to Transfer;
3127.03,822,evacuee,outES,Evacuee 81 in triage category R is not assigned a helicopter
3127.03,822,evacuee,,Evacuee;81;in triage state;B;is at the evacuation site
3128.09,3,evacueeManager,,OFF SHIP: White;0;Green;154;Yellow;35;Red;8;Black;293;ON SHIP: White;0;Green;0;Yellow;0;Red;0;Evacuees to Transfer;
3128.09,1372,evacuee,outES,Evacuee 11 in triage category R is not assigned a helicopter
3128.09,1372,evacuee,,Evacuee;11;in triage state;B;is at the evacuation site
3131.14,3,evacueeManager,,OFF SHIP: White;0;Green;154;Yellow;35;Red;7;Black;294;ON SHIP: White;0;Green;0;Yellow;0;Red;0;Evacuees to Transfer;
3131.14,1249,evacuee,outES,Evacuee 162 in triage category R is not assigned a helicopter
3131.14,1249,evacuee,,Evacuee;162;in triage state;B;is at the evacuation site
3133.09,3,evacueeManager,,OFF SHIP: White;0;Green;154;Yellow;35;Red;6;Black;295;ON SHIP: White;0;Green;0;Yellow;0;Red;0;Evacuees to Transfer;
3133.09,1438,evacuee,outES,Evacuee 164 in triage category R is not assigned a helicopter
3133.09,1438,evacuee,,Evacuee;164;in triage state;B;is at the evacuation site
3144.53,3,evacueeManager,,OFF SHIP: White;0;Green;153;Yellow;36;Red;6;Black;295;ON SHIP: White;0;Green;0;Yellow;0;Red;0;Evacuees to Transfer;
3144.53,1008,evacuee,outES,Evacuee 355 in triage category G is not assigned a helicopter
3144.53,1008,evacuee,,Evacuee;355;in triage state;Y;is at the evacuation site
3147.71,3,evacueeManager,,OFF SHIP: White;0;Green;153;Yellow;36;Red;5;Black;296;ON SHIP: White;0;Green;0;Yellow;0;Red;0;Evacuees to Transfer;
3147.71,116,evacuee,outES,Evacuee 423 in triage category R is not assigned a helicopter
3147.71,116,evacuee,,Evacuee;423;in triage state;B;is at the evacuation site
3148.09,3,evacueeManager,,OFF SHIP: White;0;Green;153;Yellow;36;Red;4;Black;297;ON SHIP: White;0;Green;0;Yellow;0;Red;0;Evacuees to Transfer;
3148.09,1318,evacuee,outES,Evacuee 184 in triage category R is not assigned a helicopter
3148.09,1318,evacuee,,Evacuee;184;in triage state;B;is at the evacuation site
3149.78,3,evacueeManager,,OFF SHIP: White;0;Green;153;Yellow;35;Red;5;Black;297;ON SHIP: White;0;Green;0;Yellow;0;Red;0;Evacuees to Transfer;
3149.78,1237,evacuee,outES,Evacuee 161 in triage category Y is not assigned a helicopter
3149.78,1237,evacuee,,Evacuee;161;in triage state;R;is at the evacuation site
3150.44,3,evacueeManager,,OFF SHIP: White;0;Green;152;Yellow;36;Red;5;Black;297;ON SHIP: White;0;Green;0;Yellow;0;Red;0;Evacuees to Transfer;
3150.44,1441,evacuee,outES,Evacuee 226 in triage category G is not assigned a helicopter
3150.44,1441,evacuee,,Evacuee;226;in triage state;Y;is at the evacuation site
3162.96,3,evacueeManager,,OFF SHIP: White;0;Green;152;Yellow;35;Red;6;Black;297;ON SHIP: White;0;Green;0;Yellow;0;Red;0;Evacuees to Transfer;
3162.96,558,evacuee,outES,Evacuee 103 in triage category Y is not assigned a helicopter
3162.96,558,evacuee,,Evacuee;103;in triage state;R;is at the evacuation site
3164.04,3,evacueeManager,,OFF SHIP: White;0;Green;152;Yellow;35;Red;5;Black;298;ON SHIP: White;0;Green;0;Yellow;0;Red;0;Evacuees to Transfer;
3164.04,1237,evacuee,outES,Evacuee 161 in triage category R is not assigned a helicopter
3164.04,1237,evacuee,,Evacuee;161;in triage state;B;is at the evacuation site
3168.01,3,evacueeManager,,OFF SHIP: White;0;Green;152;Yellow;35;Red;4;Black;299;ON SHIP: White;0;Green;0;Yellow;0;Red;0;Evacuees to Transfer;
3168.01,558,evacuee,outES,Evacuee 103 in triage category R is not assigned a helicopter
3168.01,558,evacuee,,Evacuee;103;in triage state;B;is at the evacuation site
3173.67,3,evacueeManager,,OFF SHIP: White;0;Green;151;Yellow;36;Red;4;Black;299;ON SHIP: White;0;Green;0;Yellow;0;Red;0;Evacuees to Transfer;
3173.67,372,evacuee,outES,Evacuee 290 in triage category G is not assigned a helicopter
3173.67,372,evacuee,,Evacuee;290;in triage state;Y;is at the evacuation site
3176.08,3,evacueeManager,,OFF SHIP: White;0;Green;151;Yellow;35;Red;5;Black;299;ON SHIP: White;0;Green;0;Yellow;0;Red;0;Evacuees to Transfer;
3176.08,873,evacuee,outES,Evacuee 4 in triage category Y is not assigned a helicopter
3176.08,873,evacuee,,Evacuee;4;in triage state;R;is at the evacuation site
3179.91,3,evacueeManager,,OFF SHIP: White;0;Green;151;Yellow;35;Red;4;Black;300;ON SHIP: White;0;Green;0;Yellow;0;Red;0;Evacuees to Transfer;
3179.91,936,evacuee,outES,Evacuee 26 in triage category R is not assigned a helicopter
3179.91,936,evacuee,,Evacuee;26;in triage state;B;is at the evacuation site
3183.79,3,evacueeManager,,OFF SHIP: White;0;Green;150;Yellow;36;Red;4;Black;300;ON SHIP: White;0;Green;0;Yellow;0;Red;0;Evacuees to Transfer;
3183.79,1198,evacuee,outES,Evacuee 194 in triage category G is not assigned a helicopter
3183.79,1198,evacuee,,Evacuee;194;in triage state;Y;is at the evacuation site
3186.94,3,evacueeManager,,OFF SHIP: White;0;Green;149;Yellow;37;Red;4;Black;300;ON SHIP: White;0;Green;0;Yellow;0;Red;0;Evacuees to Transfer;
3186.94,1065,evacuee,outES,Evacuee 91 in triage category G is not assigned a helicopter
3186.94,1065,evacuee,,Evacuee;91;in triage state;Y;is at the evacuation site
3189.6,3,evacueeManager,,OFF SHIP: White;0;Green;149;Yellow;36;Red;5;Black;300;ON SHIP: White;0;Green;0;Yellow;0;Red;0;Evacuees to Transfer;
3189.6,939,evacuee,outES,Evacuee 343 in triage category Y is not assigned a helicopter
3189.6,939,evacuee,,Evacuee;343;in triage state;R;is at the evacuation site
3192.62,3,evacueeManager,,OFF SHIP: White;0;Green;149;Yellow;35;Red;6;Black;300;ON SHIP: White;0;Green;0;Yellow;0;Red;0;Evacuees to Transfer;
3192.62,1495,evacuee,outES,Evacuee 467 in triage category Y is not assigned a helicopter
3192.62,1495,evacuee,,Evacuee;467;in triage state;R;is at the evacuation site
3192.76,3,evacueeManager,,OFF SHIP: White;0;Green;149;Yellow;35;Red;5;Black;301;ON SHIP: White;0;Green;0;Yellow;0;Red;0;Evacuees to Transfer;
3192.76,1495,evacuee,outES,Evacuee 467 in triage category R is not assigned a helicopter
3192.76,1495,evacuee,,Evacuee;467;in triage state;B;is at the evacuation site
3201.44,3,evacueeManager,,OFF SHIP: White;0;Green;148;Yellow;36;Red;5;Black;301;ON SHIP: White;0;Green;0;Yellow;0;Red;0;Evacuees to Transfer;
3201.44,630,evacuee,outES,Evacuee 86 in triage category G is not assigned a helicopter
3201.44,630,evacuee,,Evacuee;86;in triage state;Y;is at the evacuation site
3206.55,3,evacueeManager,,OFF SHIP: White;0;Green;148;Yellow;35;Red;6;Black;301;ON SHIP: White;0;Green;0;Yellow;0;Red;0;Evacuees to Transfer;
3206.55,47,evacuee,outES,Evacuee 475 in triage category Y is not assigned a helicopter
3206.55,47,evacuee,,Evacuee;475;in triage state;R;is at the evacuation site
3209.23,3,evacueeManager,,OFF SHIP: White;0;Green;148;Yellow;34;Red;7;Black;301;ON SHIP: White;0;Green;0;Yellow;0;Red;0;Evacuees to Transfer;
3209.23,1125,evacuee,outES,Evacuee 47 in triage category Y is not assigned a helicopter
3209.23,1125,evacuee,,Evacuee;47;in triage state;R;is at the evacuation site
3210,5,helicopterQueue,,1;Helos are waiting to land;HeloID;1
3210,1153,helicopter,outES,Helicopter 1 is evacuating people1
3210,1153,helicopter,,Helicopter;1;is waiting to land at the evacuation site;;and has;0;spots taken
3210,4,helipadManager,,;No helos are at ES
3210,5,helicopterQueue,outHM,Helicopter 1 is evacuating people1
3210,5,helicopterQueue,outHelo,Helicopter 1 is evacuating people1
3210,5,helicopterQueue,,;No helos are waiting to land
3210,1152,filterES,,Helicopter;1;is evacuating people
3210,3,evacueeManager,,OFF SHIP: White;0;Green;138;Yellow;34;Red;7;Black;301;ON SHIP: White;0;Green;0;Yellow;0;Red;0;Evacuees to Transfer;;EvacueeID;32;HeloID;1;OnShip;0;Triage Status;G;EvacueeID;34;HeloID;1;OnShip;0;Triage Status;G;EvacueeID;37;HeloID;1;OnShip;0;Triage Status;G;EvacueeID;39;HeloID;1;OnShip;0;Triage Status;G;EvacueeID;40;HeloID;1;OnShip;0;Triage Status;G;EvacueeID;43;HeloID;1;OnShip;0;Triage Status;G;EvacueeID;44;HeloID;1;OnShip;0;Triage Status;G;EvacueeID;45;HeloID;1;OnShip;0;Triage Status;G;EvacueeID;51;HeloID;1;OnShip;0;Triage Status;G;EvacueeID;57;HeloID;1;OnShip;0;Triage Status;G
3210,4,helipadManager,outEM,Helicopter 1 is evacuating people1
3210,4,helipadManager,,Helo;1;is at the ES
3210,1152,filterES,out,Helicopter 1 is evacuating people1
3210,1152,filterES,,
3210,1153,helicopter,,Helicopter;1;is waiting to land at the evacuation site;;and has;0;spots taken
3210,3,evacueeManager,outEvac,Evacuee 32 in triage category G is assigned helicopter 1
3210,3,evacueeManager,outEvac,Evacuee 34 in triage category G is assigned helicopter 1
3210,3,evacueeManager,outEvac,Evacuee 37 in triage category G is assigned helicopter 1
3210,3,evacueeManager,outEvac,Evacuee 39 in triage category G is assigned helicopter 1
3210,3,evacueeManager,outEvac,Evacuee 40 in triage category G is assigned helicopter 1
3210,3,evacueeManager,outEvac,Evacuee 43 in triage category G is assigned helicopter 1
3210,3,evacueeManager,outEvac,Evacuee 44 in triage category G is assigned helicopter 1
3210,3,evacueeManager,outEvac,Evacuee 45 in triage category G is assigned helicopter 1
3210,3,evacueeManager,outEvac,Evacuee 51 in triage category G is assigned helicopter 1
3210,3,evacueeManager,outEvac,Evacuee 57 in triage category G is assigned helicopter 1
3210,3,evacueeManager,,OFF SHIP: White;0;Green;138;Yellow;34;Red;7;Black;301;ON SHIP: White;0;Green;0;Yellow;0;Red;0;Evacuees to Transfer;
3210,7,filterLoc,,
3210,10,filterLoc,,
3210,13,filterLoc,,
3210,16,filterLoc,,
3210,19,filterLoc,,
3210,22,filterLoc,,
3210,25,filterLoc,,
3210,28,filterLoc,,
3210,31,filterLoc,,
3210,34,filterLoc,,
3210,37,filterLoc,,
3210,40,filterLoc,,
3210,43,filterLoc,,
3210,46,filterLoc,,
3210,49,filterLoc,,
3210,52,filterLoc,,
3210,55,filterLoc,,
3210,58,filterLoc,,
3210,61,filterLoc,,
3210,64,filterLoc,,
3210,67,filterLoc,,
3210,70,filterLoc,,
3210,73,filterLoc,,
3210,76,filterLoc,,
3210,79,filterLoc,,
3210,82,filterLoc,,
3210,85,filterLoc,,
3210,88,filterLoc,,
3210,91,filterLoc,,
3210,94,filterLoc,,
3210,97,filterLoc,,
3210,100,filterLoc,,
3210,103,filterLoc,,
3210,106,filterLoc,,
3210,109,filterLoc,,
3210,112,filterLoc,,
3210,115,filterLoc,,
3210,118,filterLoc,,
3210,121,filterLoc,,
3210,124,filterLoc,,
3210,127,filterLoc,,
3210,130,filterLoc,,
3210,133,filterLoc,,
3210,136,filterLoc,,
3210,139,filterLoc,,
3210,142,filterLoc,,
3210,145,filterLoc,,
3210,148,filterLoc,,
3210,151,filterLoc,,
3210,154,filterLoc,,
3210,157,filterLoc,,
3210,160,filterLoc,,
3210,163,filterLoc,,
3210,166,filterLoc,,
3210,169,filterLoc,,
3210,172,filterLoc,,
3210,175,filterLoc,,
3210,178,filterLoc,,
3210,181,filterLoc,,
3210,184,filterLoc,,
3210,187,filterLoc,,
3210,190,filterLoc,,
3210,193,filterLoc,,
3210,196,filterLoc,,
3210,199,filterLoc,,
3210,202,filterLoc,,
3210,205,filterLoc,,
3210,208,filterLoc,,
3210,211,filterLoc,,
3210,214,filterLoc,,
3210,217,filterLoc,,
3210,221,filterLoc,,
3210,224,filterLoc,,
3210,227,filterLoc,,
3210,230,filterLoc,,
3210,233,filterLoc,,
3210,236,filterLoc,,
3210,239,filterLoc,,
3210,242,filterLoc,,
3210,245,filterLoc,,
3210,248,filterLoc,,
3210,251,filterLoc,,
3210,254,filterLoc,,
3210,257,filterLoc,,
3210,260,filterLoc,,
3210,263,filterLoc,,
3210,266,filterLoc,,
3210,269,filterLoc,,
3210,272,filterLoc,,
3210,275,filterLoc,,
3210,278,filterLoc,,
3210,281,filterLoc,,
3210,284,filterLoc,,
3210,287,filterLoc,,
3210,290,filterLoc,,
3210,293,filterLoc,,
3210,296,filterLoc,,
3210,299,filterLoc,,
3210,302,filterLoc,,
3210,305,filterLoc,,
3210,308,filterLoc,,
3210,311,filterLoc,,
3210,314,filterLoc,,
3210,317,filterLoc,,
3210,320,filterLoc,,
3210,323,filterLoc,,
3210,326,filterLoc,,
3210,329,filterLoc,,
3210,332,filterLoc,,
3210,335,filterLoc,,
3210,338,filterLoc,,
3210,341,filterLoc,,
3210,344,filterLoc,,
3210,347,filterLoc,,
3210,350,filterLoc,,
3210,353,filterLoc,,
3210,356,filterLoc,,
3210,359,filterLoc,,
3210,362,filterLoc,,
3210,365,filterLoc,,
3210,368,filterLoc,,
3210,371,filterLoc,,
3210,374,filterLoc,,
3210,377,filterLoc,,
3210,380,filterLoc,,
3210,383,filterLoc,,
3210,386,filterLoc,,
3210,389,filterLoc,,
3210,392,filterLoc,,
3210,395,filterLoc,,
3210,398,filterLoc,,
3210,401,filterLoc,,
3210,404,filterLoc,,
3210,407,filterLoc,,
3210,410,filterLoc,,
3210,413,filterLoc,,
3210,416,filterLoc,,
3210,419,filterLoc,,
3210,422,filterLoc,,
3210,425,filterLoc,,
3210,428,filterLoc,,
3210,431,filterLoc,,
3210,434,filterLoc,,
3210,437,filterLoc,,
3210,440,filterLoc,,
3210,443,filterLoc,,
3210,446,filterLoc,,
3210,449,filterLoc,,
3210,452,filterLoc,,
3210,455,filterLoc,,
3210,458,filterLoc,,
3210,461,filterLoc,,
3210,464,filterLoc,,
3210,467,filterLoc,,
3210,470,filterLoc,,
3210,473,filterLoc,,
3210,476,filterLoc,,
3210,479,filterLoc,,
3210,482,filterLoc,,
3210,485,filterLoc,,
3210,488,filterLoc,,
3210,491,filterLoc,,
3210,494,filterLoc,,
3210,497,filterLoc,,
3210,500,filterLoc,,
3210,503,filterLoc,,
3210,506,filterLoc,,
3210,509,filterLoc,,
3210,512,filterLoc,,
3210,515,filterLoc,,
3210,518,filterLoc,,
3210,521,filterLoc,,
3210,524,filterLoc,,
3210,527,filterLoc,,
3210,530,filterLoc,,
3210,533,filterLoc,,
3210,536,filterLoc,,
3210,539,filterLoc,,
3210,542,filterLoc,,
3210,545,filterLoc,,
3210,548,filterLoc,,
3210,551,filterLoc,,
3210,554,filterLoc,,
3210,557,filterLoc,,
3210,560,filterLoc,,
3210,563,filterLoc,,
3210,566,filterLoc,,;Evacuee;39;in triage category;G;is entering helicopter;1
3210,569,filterLoc,,
3210,572,filterLoc,,
3210,575,filterLoc,,
3210,578,filterLoc,,
3210,581,filterLoc,,
3210,584,filterLoc,,
3210,587,filterLoc,,
3210,590,filterLoc,,
3210,593,filterLoc,,
3210,596,filterLoc,,
3210,599,filterLoc,,
3210,602,filterLoc,,
3210,605,filterLoc,,
3210,608,filterLoc,,
3210,611,filterLoc,,
3210,614,filterLoc,,
3210,617,filterLoc,,
3210,620,filterLoc,,
3210,623,filterLoc,,
3210,626,filterLoc,,
3210,629,filterLoc,,
3210,632,filterLoc,,;Evacuee;51;in triage category;G;is entering helicopter;1
3210,635,filterLoc,,
3210,638,filterLoc,,
3210,641,filterLoc,,
3210,644,filterLoc,,
3210,647,filterLoc,,
3210,650,filterLoc,,
3210,653,filterLoc,,
3210,656,filterLoc,,
3210,659,filterLoc,,
3210,662,filterLoc,,
3210,665,filterLoc,,
3210,668,filterLoc,,
3210,671,filterLoc,,
3210,674,filterLoc,,
3210,677,filterLoc,,
3210,680,filterLoc,,
3210,683,filterLoc,,
3210,686,filterLoc,,
3210,689,filterLoc,,
3210,692,filterLoc,,
3210,695,filterLoc,,
3210,698,filterLoc,,
3210,701,filterLoc,,
3210,704,filterLoc,,
3210,707,filterLoc,,
3210,710,filterLoc,,
3210,713,filterLoc,,
3210,716,filterLoc,,
3210,719,filterLoc,,
3210,722,filterLoc,,
3210,725,filterLoc,,
3210,728,filterLoc,,
3210,731,filterLoc,,
3210,734,filterLoc,,
3210,737,filterLoc,,
3210,740,filterLoc,,
3210,743,filterLoc,,
3210,746,filterLoc,,
3210,749,filterLoc,,
3210,752,filterLoc,,
3210,755,filterLoc,,
3210,758,filterLoc,,
3210,761,filterLoc,,
3210,764,filterLoc,,
3210,767,filterLoc,,
3210,770,filterLoc,,
3210,773,filterLoc,,
3210,776,filterLoc,,
3210,779,filterLoc,,
3210,782,filterLoc,,
3210,785,filterLoc,,
3210,788,filterLoc,,
3210,791,filterLoc,,
3210,794,filterLoc,,
3210,797,filterLoc,,
3210,800,filterLoc,,
3210,803,filterLoc,,
3210,806,filterLoc,,
3210,809,filterLoc,,
3210,812,filterLoc,,
3210,815,filterLoc,,
3210,818,filterLoc,,
3210,821,filterLoc,,
3210,824,filterLoc,,
3210,827,filterLoc,,;Evacuee;40;in triage category;G;is entering helicopter;1
3210,830,filterLoc,,
3210,833,filterLoc,,
3210,836,filterLoc,,
3210,839,filterLoc,,
3210,842,filterLoc,,
3210,845,filterLoc,,
3210,848,filterLoc,,
3210,851,filterLoc,,
3210,854,filterLoc,,
3210,857,filterLoc,,
3210,860,filterLoc,,
3210,863,filterLoc,,
3210,866,filterLoc,,
3210,869,filterLoc,,
3210,872,filterLoc,,
3210,875,filterLoc,,
3210,878,filterLoc,,
3210,881,filterLoc,,
3210,884,filterLoc,,
3210,887,filterLoc,,
3210,890,filterLoc,,;Evacuee;44;in triage category;G;is entering helicopter;1
3210,893,filterLoc,,
3210,896,filterLoc,,
3210,899,filterLoc,,
3210,902,filterLoc,,
3210,905,filterLoc,,
3210,908,filterLoc,,
3210,911,filterLoc,,
3210,914,filterLoc,,
3210,917,filterLoc,,
3210,920,filterLoc,,
3210,923,filterLoc,,
3210,926,filterLoc,,
3210,929,filterLoc,,
3210,932,filterLoc,,
3210,935,filterLoc,,
3210,938,filterLoc,,
3210,941,filterLoc,,
3210,944,filterLoc,,
3210,947,filterLoc,,
3210,950,filterLoc,,;Evacuee;37;in triage category;G;is entering helicopter;1
3210,953,filterLoc,,
3210,956,filterLoc,,
3210,959,filterLoc,,
3210,962,filterLoc,,
3210,965,filterLoc,,
3210,968,filterLoc,,
3210,971,filterLoc,,
3210,974,filterLoc,,
3210,977,filterLoc,,
3210,980,filterLoc,,
3210,983,filterLoc,,
3210,986,filterLoc,,
3210,989,filterLoc,,
3210,992,filterLoc,,
3210,995,filterLoc,,
3210,998,filterLoc,,
3210,1001,filterLoc,,
3210,1004,filterLoc,,
3210,1007,filterLoc,,
3210,1010,filterLoc,,
3210,1013,filterLoc,,
3210,1016,filterLoc,,
3210,1019,filterLoc,,
3210,1022,filterLoc,,
3210,1025,filterLoc,,;Evacuee;32;in triage category;G;is entering helicopter;1
3210,1028,filterLoc,,;Evacuee;34;in triage category;G;is entering helicopter;1
3210,1031,filterLoc,,
3210,1034,filterLoc,,
3210,1037,filterLoc,,
3210,1040,filterLoc,,
3210,1043,filterLoc,,
3210,1046,filterLoc,,
3210,1049,filterLoc,,
3210,1052,filterLoc,,
3210,1055,filterLoc,,
3210,1058,filterLoc,,
3210,1061,filterLoc,,
3210,1064,filterLoc,,
3210,1067,filterLoc,,;Evacuee;43;in triage category;G;is entering helicopter;1
3210,1070,filterLoc,,
3210,1073,filterLoc,,
3210,1076,filterLoc,,
3210,1079,filterLoc,,
3210,1082,filterLoc,,
3210,1085,filterLoc,,
3210,1088,filterLoc,,
3210,1091,filterLoc,,
3210,1094,filterLoc,,
3210,1097,filterLoc,,
3210,1100,filterLoc,,
3210,1103,filterLoc,,
3210,1106,filterLoc,,
3210,1109,filterLoc,,
3210,1112,filterLoc,,
3210,1115,filterLoc,,
3210,1118,filterLoc,,
3210,1121,filterLoc,,
3210,1124,filterLoc,,
3210,1127,filterLoc,,
3210,1130,filterLoc,,
3210,1133,filterLoc,,
3210,1136,filterLoc,,
3210,1139,filterLoc,,;Evacuee;57;in triage category;G;is entering helicopter;1
3210,1142,filterLoc,,
3210,1145,filterLoc,,
3210,1148,filterLoc,,;Evacuee;45;in triage category;G;is entering helicopter;1
3210,1153,helicopter,,Helicopter;1;is loading people at the evacuation site;;and has;0;spots taken
3210,1155,filterLoc,,
3210,1158,filterLoc,,
3210,1161,filterLoc,,
3210,1164,filterLoc,,
3210,1167,filterLoc,,
3210,1170,filterLoc,,
3210,1173,filterLoc,,
3210,1176,filterLoc,,
3210,1179,filterLoc,,
3210,1182,filterLoc,,
3210,1185,filterLoc,,
3210,1188,filterLoc,,
3210,1191,filterLoc,,
3210,1194,filterLoc,,
3210,1197,filterLoc,,
3210,1200,filterLoc,,
3210,1203,filterLoc,,
3210,1206,filterLoc,,
3210,1209,filterLoc,,
3210,1212,filterLoc,,
3210,1215,filterLoc,,
3210,1218,filterLoc,,
3210,1221,filterLoc,,
3210,1224,filterLoc,,
3210,1227,filterLoc,,
3210,1230,filterLoc,,
3210,1233,filterLoc,,
3210,1236,filterLoc,,
3210,1239,filterLoc,,
3210,1242,filterLoc,,
3210,1245,filterLoc,,
3210,1248,filterLoc,,
3210,1251,filterLoc,,
3210,1254,filterLoc,,
3210,1257,filterLoc,,
3210,1260,filterLoc,,
3210,1263,filterLoc,,
3210,1266,filterLoc,,
3210,1269,filterLoc,,
3210,1272,filterLoc,,
3210,1275,filterLoc,,
3210,1278,filterLoc,,
3210,1281,filterLoc,,
3210,1284,filterLoc,,
3210,1287,filterLoc,,
3210,1290,filterLoc,,
3210,1293,filterLoc,,
3210,1296,filterLoc,,
3210,1299,filterLoc,,
3210,1302,filterLoc,,
3210,1305,filterLoc,,
3210,1308,filterLoc,,
3210,1311,filterLoc,,
3210,1314,filterLoc,,
3210,1317,filterLoc,,
3210,1320,filterLoc,,
3210,1323,filterLoc,,
3210,1326,filterLoc,,
3210,1329,filterLoc,,
3210,1332,filterLoc,,
3210,1335,filterLoc,,
3210,1338,filterLoc,,
3210,1341,filterLoc,,
3210,1344,filterLoc,,
3210,1347,filterLoc,,
3210,1350,filterLoc,,
3210,1353,filterLoc,,
3210,1356,filterLoc,,
3210,1359,filterLoc,,
3210,1362,filterLoc,,
3210,1365,filterLoc,,
3210,1368,filterLoc,,
3210,1371,filterLoc,,
3210,1374,filterLoc,,
3210,1377,filterLoc,,
3210,1380,filterLoc,,
3210,1383,filterLoc,,
3210,1386,filterLoc,,
3210,1389,filterLoc,,
3210,1392,filterLoc,,
3210,1395,filterLoc,,
3210,1398,filterLoc,,
3210,1401,filterLoc,,
3210,1404,filterLoc,,
3210,1407,filterLoc,,
3210,1410,filterLoc,,
3210,1413,filterLoc,,
3210,1416,filterLoc,,
3210,1419,filterLoc,,
3210,1422,filterLoc,,
3210,1425,filterLoc,,
3210,1428,filterLoc,,
3210,1431,filterLoc,,
3210,1434,filterLoc,,
3210,1437,filterLoc,,
3210,1440,filterLoc,,
3210,1443,filterLoc,,
3210,1446,filterLoc,,
3210,1449,filterLoc,,
3210,1452,filterLoc,,
3210,1455,filterLoc,,
3210,1458,filterLoc,,
3210,1461,filterLoc,,
3210,1464,filterLoc,,
3210,1467,filterLoc,,
3210,1470,filterLoc,,
3210,1473,filterLoc,,
3210,1476,filterLoc,,
3210,1479,filterLoc,,
3210,1482,filterLoc,,
3210,1485,filterLoc,,
3210,1488,filterLoc,,
3210,1491,filterLoc,,
3210,1494,filterLoc,,
3210,1497,filterLoc,,
3210,1500,filterLoc,,
3210,1503,filterLoc,,
3210,1506,filterLoc,,
3210,1509,filterLoc,,
3210,566,filterLoc,out,Evacuee 39 in triage category G is assigned helicopter 1
3210,566,filterLoc,,
3210,567,evacuee,,Evacuee;39;in triage state;G;is entering helicopter;1
3210,632,filterLoc,out,Evacuee 51 in triage category G is assigned helicopter 1
3210,632,filterLoc,,
3210,633,evacuee,,Evacuee;51;in triage state;G;is entering helicopter;1
3210,827,filterLoc,out,Evacuee 40 in triage category G is assigned helicopter 1
3210,827,filterLoc,,
3210,828,evacuee,,Evacuee;40;in triage state;G;is entering helicopter;1
3210,890,filterLoc,out,Evacuee 44 in triage category G is assigned helicopter 1
3210,890,filterLoc,,
3210,891,evacuee,,Evacuee;44;in triage state;G;is entering helicopter;1
3210,950,filterLoc,out,Evacuee 37 in triage category G is assigned helicopter 1
3210,950,filterLoc,,
3210,951,evacuee,,Evacuee;37;in triage state;G;is entering helicopter;1
3210,1025,filterLoc,out,Evacuee 32 in triage category G is assigned helicopter 1
3210,1025,filterLoc,,
3210,1026,evacuee,,Evacuee;32;in triage state;G;is entering helicopter;1
3210,1028,filterLoc,out,Evacuee 34 in triage category G is assigned helicopter 1
3210,1028,filterLoc,,
3210,1029,evacuee,,Evacuee;34;in triage state;G;is entering helicopter;1
3210,1067,filterLoc,out,Evacuee 43 in triage category G is assigned helicopter 1
3210,1067,filterLoc,,
3210,1068,evacuee,,Evacuee;43;in triage state;G;is entering helicopter;1
3210,1139,filterLoc,out,Evacuee 57 in triage category G is assigned helicopter 1
3210,1139,filterLoc,,
3210,1140,evacuee,,Evacuee;57;in triage state;G;is entering helicopter;1
3210,1148,filterLoc,out,Evacuee 45 in triage category G is assigned helicopter 1
3210,1148,filterLoc,,
3210,1149,evacuee,,Evacuee;45;in triage state;G;is entering helicopter;1
3210,567,evacuee,outHelo,Evacuee 39 in triage category G is assigned helicopter 1
3210,567,evacuee,,Evacuee;39;in triage state;G;is in helicopter;1
3210,633,evacuee,outHelo,Evacuee 51 in triage category G is assigned helicopter 1
3210,633,evacuee,,Evacuee;51;in triage state;G;is in helicopter;1
3210,828,evacuee,outHelo,Evacuee 40 in triage category G is assigned helicopter 1
3210,828,evacuee,,Evacuee;40;in triage state;G;is in helicopter;1
3210,891,evacuee,outHelo,Evacuee 44 in triage category G is assigned helicopter 1
3210,891,evacuee,,Evacuee;44;in triage state;G;is in helicopter;1
3210,951,evacuee,outHelo,Evacuee 37 in triage category G is assigned helicopter 1
3210,951,evacuee,,Evacuee;37;in triage state;G;is in helicopter;1
3210,1026,evacuee,outHelo,Evacuee 32 in triage category G is assigned helicopter 1
3210,1026,evacuee,,Evacuee;32;in triage state;G;is in helicopter;1
3210,1029,evacuee,outHelo,Evacuee 34 in triage category G is assigned helicopter 1
3210,1029,evacuee,,Evacuee;34;in triage state;G;is in helicopter;1
3210,1068,evacuee,outHelo,Evacuee 43 in triage category G is assigned helicopter 1
3210,1068,evacuee,,Evacuee;43;in triage state;G;is in helicopter;1
3210,1140,evacuee,outHelo,Evacuee 57 in triage category G is assigned helicopter 1
3210,1140,evacuee,,Evacuee;57;in triage state;G;is in helicopter;1
3210,1149,evacuee,outHelo,Evacuee 45 in triage category G is assigned helicopter 1
3210,1149,evacuee,,Evacuee;45;in triage state;G;is in helicopter;1
3210,1151,filterEvac,,;Evacuee;32;in triage category;G;is entering helicopter;1;Evacuee;34;in triage category;G;is entering helicopter;1;Evacuee;37;in triage category;G;is entering helicopter;1;Evacuee;39;in triage category;G;is entering helicopter;1;Evacuee;40;in triage category;G;is entering helicopter;1;Evacuee;43;in triage category;G;is entering helicopter;1;Evacuee;44;in triage category;G;is entering helicopter;1;Evacuee;45;in triage category;G;is entering helicopter;1;Evacuee;51;in triage category;G;is entering helicopter;1;Evacuee;57;in triage category;G;is entering helicopter;1
3210,1151,filterEvac,out,Evacuee 32 in triage category G is assigned helicopter 1
3210,1151,filterEvac,out,Evacuee 34 in triage category G is assigned helicopter 1
3210,1151,filterEvac,out,Evacuee 37 in triage category G is assigned helicopter 1
3210,1151,filterEvac,out,Evacuee 39 in triage category G is assigned helicopter 1
3210,1151,filterEvac,out,Evacuee 40 in triage category G is assigned helicopter 1
3210,1151,filterEvac,out,Evacuee 43 in triage category G is assigned helicopter 1
3210,1151,filterEvac,out,Evacuee 44 in triage category G is assigned helicopter 1
3210,1151,filterEvac,out,Evacuee 45 in triage category G is assigned helicopter 1
3210,1151,filterEvac,out,Evacuee 51 in triage category G is assigned helicopter 1
3210,1151,filterEvac,out,Evacuee 57 in triage category G is assigned helicopter 1
3210,1151,filterEvac,,
3210,1153,helicopter,,Helicopter;1;is loading people at the evacuation site;;and has;10;spots taken
3214.49,3,evacueeManager,,OFF SHIP: White;0;Green;138;Yellow;33;Red;8;Black;301;ON SHIP: White;0;Green;0;Yellow;0;Red;0;Evacuees to Transfer;
3214.49,1192,evacuee,outES,Evacuee 265 in triage category Y is not assigned a helicopter
3214.49,1192,evacuee,,Evacuee;265;in triage state;R;is at the evacuation site
3215.85,3,evacueeManager,,OFF SHIP: White;0;Green;138;Yellow;32;Red;9;Black;301;ON SHIP: White;0;Green;0;Yellow;0;Red;0;Evacuees to Transfer;
3215.85,50,evacuee,outES,Evacuee 472 in triage category Y is not assigned a helicopter
3215.85,50,evacuee,,Evacuee;472;in triage state;R;is at the evacuation site
3216.47,3,evacueeManager,,OFF SHIP: White;0;Green;138;Yellow;32;Red;8;Black;302;ON SHIP: White;0;Green;0;Yellow;0;Red;0;Evacuees to Transfer;
3216.47,939,evacuee,outES,Evacuee 343 in triage category R is not assigned a helicopter
3216.47,939,evacuee,,Evacuee;343;in triage state;B;is at the evacuation site
3216.69,3,evacueeManager,,OFF SHIP: White;0;Green;137;Yellow;33;Red;8;Black;302;ON SHIP: White;0;Green;0;Yellow;0;Red;0;Evacuees to Transfer;
3216.69,1384,evacuee,outES,Evacuee 275 in triage category G is not assigned a helicopter
3216.69,1384,evacuee,,Evacuee;275;in triage state;Y;is at the evacuation site
3217.52,3,evacueeManager,,OFF SHIP: White;0;Green;137;Yellow;33;Red;7;Black;303;ON SHIP: White;0;Green;0;Yellow;0;Red;0;Evacuees to Transfer;
3217.52,1501,evacuee,outES,Evacuee 254 in triage category R is not assigned a helicopter
3217.52,1501,evacuee,,Evacuee;254;in triage state;B;is at the evacuation site
3218.33,3,evacueeManager,,OFF SHIP: White;0;Green;137;Yellow;32;Red;8;Black;303;ON SHIP: White;0;Green;0;Yellow;0;Red;0;Evacuees to Transfer;
3218.33,564,evacuee,outES,Evacuee 111 in triage category Y is not assigned a helicopter
3218.33,564,evacuee,,Evacuee;111;in triage state;R;is at the evacuation site
3219.29,3,evacueeManager,,OFF SHIP: White;0;Green;137;Yellow;32;Red;7;Black;304;ON SHIP: White;0;Green;0;Yellow;0;Red;0;Evacuees to Transfer;
3219.29,873,evacuee,outES,Evacuee 4 in triage category R is not assigned a helicopter
3219.29,873,evacuee,,Evacuee;4;in triage state;B;is at the evacuation site
3225,4,helipadManager,outHelo,Helicopter 1 is evacuating people1
3225,4,helipadManager,,;No helos are at ES
3225,1152,filterES,,Helicopter;1;is evacuating people
3225,4,helipadManager,outHQ,0
3225,4,helipadManager,,;No helos are at ES
3225,5,helicopterQueue,,;No helos are waiting to land
3225,1152,filterES,out,Helicopter 1 is evacuating people1
3225,1152,filterES,,
3225,1153,helicopter,,Helicopter;1;is loading people at the evacuation site;;and has;10;spots taken
3225,5,helicopterQueue,,;No helos are waiting to land
3225,1153,helicopter,,Helicopter;1;is returning to the FOL;;and has;10;spots taken
3226.78,3,evacueeManager,,OFF SHIP: White;0;Green;136;Yellow;33;Red;7;Black;304;ON SHIP: White;0;Green;0;Yellow;0;Red;0;Evacuees to Transfer;
3226.78,1255,evacuee,outES,Evacuee 166 in triage category G is not assigned a helicopter
3226.78,1255,evacuee,,Evacuee;166;in triage state;Y;is at the evacuation site
3226.85,3,evacueeManager,,OFF SHIP: White;0;Green;136;Yellow;33;Red;6;Black;305;ON SHIP: White;0;Green;0;Yellow;0;Red;0;Evacuees to Transfer;
3226.85,1125,evacuee,outES,Evacuee 47 in triage category R is not assigned a helicopter
3226.85,1125,evacuee,,Evacuee;47;in triage state;B;is at the evacuation site
3230.65,3,evacueeManager,,OFF SHIP: White;0;Green;136;Yellow;33;Red;5;Black;306;ON SHIP: White;0;Green;0;Yellow;0;Red;0;Evacuees to Transfer;
3230.65,1192,evacuee,outES,Evacuee 265 in triage category R is not assigned a helicopter
3230.65,1192,evacuee,,Evacuee;265;in triage state;B;is at the evacuation site
3257.86,3,evacueeManager,,OFF SHIP: White;0;Green;136;Yellow;33;Red;4;Black;307;ON SHIP: White;0;Green;0;Yellow;0;Red;0;Evacuees to Transfer;
3257.86,564,evacuee,outES,Evacuee 111 in triage category R is not assigned a helicopter
3257.86,564,evacuee,,Evacuee;111;in triage state;B;is at the evacuation site
3263.15,3,evacueeManager,,OFF SHIP: White;0;Green;136;Yellow;32;Red;5;Black;307;ON SHIP: White;0;Green;0;Yellow;0;Red;0;Evacuees to Transfer;
3263.15,942,evacuee,outES,Evacuee 241 in triage category Y is not assigned a helicopter
3263.15,942,evacuee,,Evacuee;241;in triage state;R;is at the evacuation site
3280.65,3,evacueeManager,,OFF SHIP: White;0;Green;136;Yellow;32;Red;4;Black;308;ON SHIP: White;0;Green;0;Yellow;0;Red;0;Evacuees to Transfer;
3280.65,1119,evacuee,outES,Evacuee 63 in triage category R is not assigned a helicopter
3280.65,1119,evacuee,,Evacuee;63;in triage state;B;is at the evacuation site
3282.46,3,evacueeManager,,OFF SHIP: White;0;Green;136;Yellow;31;Red;5;Black;308;ON SHIP: White;0;Green;0;Yellow;0;Red;0;Evacuees to Transfer;
3282.46,987,evacuee,outES,Evacuee 405 in triage category Y is not assigned a helicopter
3282.46,987,evacuee,,Evacuee;405;in triage state;R;is at the evacuation site
3283.13,3,evacueeManager,,OFF SHIP: White;0;Green;135;Yellow;32;Red;5;Black;308;ON SHIP: White;0;Green;0;Yellow;0;Red;0;Evacuees to Transfer;
3283.13,1507,evacuee,outES,Evacuee 210 in triage category G is not assigned a helicopter
3283.13,1507,evacuee,,Evacuee;210;in triage state;Y;is at the evacuation site
3295.83,3,evacueeManager,,OFF SHIP: White;0;Green;135;Yellow;32;Red;4;Black;309;ON SHIP: White;0;Green;0;Yellow;0;Red;0;Evacuees to Transfer;
3295.83,50,evacuee,outES,Evacuee 472 in triage category R is not assigned a helicopter
3295.83,50,evacuee,,Evacuee;472;in triage state;B;is at the evacuation site
3296.56,3,evacueeManager,,OFF SHIP: White;0;Green;134;Yellow;33;Red;4;Black;309;ON SHIP: White;0;Green;0;Yellow;0;Red;0;Evacuees to Transfer;
3296.56,309,evacuee,outES,Evacuee 321 in triage category G is not assigned a helicopter
3296.56,309,evacuee,,Evacuee;321;in triage state;Y;is at the evacuation site
3307.12,3,evacueeManager,,OFF SHIP: White;0;Green;133;Yellow;34;Red;4;Black;309;ON SHIP: White;0;Green;0;Yellow;0;Red;0;Evacuees to Transfer;
3307.12,1131,evacuee,outES,Evacuee 367 in triage category G is not assigned a helicopter
3307.12,1131,evacuee,,Evacuee;367;in triage state;Y;is at the evacuation site
3312.22,3,evacueeManager,,OFF SHIP: White;0;Green;133;Yellow;34;Red;3;Black;310;ON SHIP: White;0;Green;0;Yellow;0;Red;0;Evacuees to Transfer;
3312.22,942,evacuee,outES,Evacuee 241 in triage category R is not assigned a helicopter
3312.22,942,evacuee,,Evacuee;241;in triage state;B;is at the evacuation site
3323.05,3,evacueeManager,,OFF SHIP: White;0;Green;133;Yellow;33;Red;4;Black;310;ON SHIP: White;0;Green;0;Yellow;0;Red;0;Evacuees to Transfer;
3323.05,306,evacuee,outES,Evacuee 322 in triage category Y is not assigned a helicopter
3323.05,306,evacuee,,Evacuee;322;in triage state;R;is at the evacuation site
3325.51,3,evacueeManager,,OFF SHIP: White;0;Green;133;Yellow;33;Red;3;Black;311;ON SHIP: White;0;Green;0;Yellow;0;Red;0;Evacuees to Transfer;
3325.51,987,evacuee,outES,Evacuee 405 in triage category R is not assigned a helicopter
3325.51,987,evacuee,,Evacuee;405;in triage state;B;is at the evacuation site
3331.13,3,evacueeManager,,OFF SHIP: White;0;Green;133;Yellow;33;Red;2;Black;312;ON SHIP: White;0;Green;0;Yellow;0;Red;0;Evacuees to Transfer;
3331.13,435,evacuee,outES,Evacuee 270 in triage category R is not assigned a helicopter
3331.13,435,evacuee,,Evacuee;270;in triage state;B;is at the evacuation site
3337.98,3,evacueeManager,,OFF SHIP: White;0;Green;133;Yellow;32;Red;3;Black;312;ON SHIP: White;0;Green;0;Yellow;0;Red;0;Evacuees to Transfer;
3337.98,1312,evacuee,outES,Evacuee 232 in triage category Y is not assigned a helicopter
3337.98,1312,evacuee,,Evacuee;232;in triage state;R;is at the evacuation site
3348.49,3,evacueeManager,,OFF SHIP: White;0;Green;133;Yellow;32;Red;2;Black;313;ON SHIP: White;0;Green;0;Yellow;0;Red;0;Evacuees to Transfer;
3348.49,306,evacuee,outES,Evacuee 322 in triage category R is not assigned a helicopter
3348.49,306,evacuee,,Evacuee;322;in triage state;B;is at the evacuation site
3360.12,3,evacueeManager,,OFF SHIP: White;0;Green;132;Yellow;33;Red;2;Black;313;ON SHIP: White;0;Green;0;Yellow;0;Red;0;Evacuees to Transfer;
3360.12,759,evacuee,outES,Evacuee 334 in triage category G is not assigned a helicopter
3360.12,759,evacuee,,Evacuee;334;in triage state;Y;is at the evacuation site
3360.13,3,evacueeManager,,OFF SHIP: White;0;Green;132;Yellow;32;Red;3;Black;313;ON SHIP: White;0;Green;0;Yellow;0;Red;0;Evacuees to Transfer;
3360.13,1059,evacuee,outES,Evacuee 84 in triage category Y is not assigned a helicopter
3360.13,1059,evacuee,,Evacuee;84;in triage state;R;is at the evacuation site
3362.56,3,evacueeManager,,OFF SHIP: White;0;Green;132;Yellow;31;Red;4;Black;313;ON SHIP: White;0;Green;0;Yellow;0;Red;0;Evacuees to Transfer;
3362.56,1255,evacuee,outES,Evacuee 166 in triage category Y is not assigned a helicopter
3362.56,1255,evacuee,,Evacuee;166;in triage state;R;is at the evacuation site
3366.3,3,evacueeManager,,OFF SHIP: White;0;Green;131;Yellow;32;Red;4;Black;313;ON SHIP: White;0;Green;0;Yellow;0;Red;0;Evacuees to Transfer;
3366.3,246,evacuee,outES,Evacuee 354 in triage category G is not assigned a helicopter
3366.3,246,evacuee,,Evacuee;354;in triage state;Y;is at the evacuation site
3366.53,3,evacueeManager,,OFF SHIP: White;0;Green;131;Yellow;32;Red;3;Black;314;ON SHIP: White;0;Green;0;Yellow;0;Red;0;Evacuees to Transfer;
3366.53,47,evacuee,outES,Evacuee 475 in triage category R is not assigned a helicopter
3366.53,47,evacuee,,Evacuee;475;in triage state;B;is at the evacuation site
3367.72,3,evacueeManager,,OFF SHIP: White;0;Green;130;Yellow;33;Red;3;Black;314;ON SHIP: White;0;Green;0;Yellow;0;Red;0;Evacuees to Transfer;
3367.72,53,evacuee,outES,Evacuee 471 in triage category G is not assigned a helicopter
3367.72,53,evacuee,,Evacuee;471;in triage state;Y;is at the evacuation site
3370.19,3,evacueeManager,,OFF SHIP: White;0;Green;130;Yellow;32;Red;4;Black;314;ON SHIP: White;0;Green;0;Yellow;0;Red;0;Evacuees to Transfer;
3370.19,1507,evacuee,outES,Evacuee 210 in triage category Y is not assigned a helicopter
3370.19,1507,evacuee,,Evacuee;210;in triage state;R;is at the evacuation site
3370.78,3,evacueeManager,,OFF SHIP: White;0;Green;130;Yellow;31;Red;5;Black;314;ON SHIP: White;0;Green;0;Yellow;0;Red;0;Evacuees to Transfer;
3370.78,1252,evacuee,outES,Evacuee 163 in triage category Y is not assigned a helicopter
3370.78,1252,evacuee,,Evacuee;163;in triage state;R;is at the evacuation site
3371.46,3,evacueeManager,,OFF SHIP: White;0;Green;130;Yellow;31;Red;4;Black;315;ON SHIP: White;0;Green;0;Yellow;0;Red;0;Evacuees to Transfer;
3371.46,1059,evacuee,outES,Evacuee 84 in triage category R is not assigned a helicopter
3371.46,1059,evacuee,,Evacuee;84;in triage state;B;is at the evacuation site
3375,7,filterLoc,,
3375,10,filterLoc,,
3375,13,filterLoc,,
3375,16,filterLoc,,
3375,19,filterLoc,,
3375,22,filterLoc,,
3375,25,filterLoc,,
3375,28,filterLoc,,
3375,31,filterLoc,,
3375,34,filterLoc,,
3375,37,filterLoc,,
3375,40,filterLoc,,
3375,43,filterLoc,,
3375,46,filterLoc,,
3375,49,filterLoc,,
3375,52,filterLoc,,
3375,55,filterLoc,,
3375,58,filterLoc,,
3375,61,filterLoc,,
3375,64,filterLoc,,
3375,67,filterLoc,,
3375,70,filterLoc,,
3375,73,filterLoc,,
3375,76,filterLoc,,
3375,79,filterLoc,,
3375,82,filterLoc,,
3375,85,filterLoc,,
3375,88,filterLoc,,
3375,91,filterLoc,,
3375,94,filterLoc,,
3375,97,filterLoc,,
3375,100,filterLoc,,
3375,103,filterLoc,,
3375,106,filterLoc,,
3375,109,filterLoc,,
3375,112,filterLoc,,
3375,115,filterLoc,,
3375,118,filterLoc,,
3375,121,filterLoc,,
3375,124,filterLoc,,
3375,127,filterLoc,,
3375,130,filterLoc,,
3375,133,filterLoc,,
3375,136,filterLoc,,
3375,139,filterLoc,,
3375,142,filterLoc,,
3375,145,filterLoc,,
3375,148,filterLoc,,
3375,151,filterLoc,,
3375,154,filterLoc,,
3375,157,filterLoc,,
3375,160,filterLoc,,
3375,163,filterLoc,,
3375,166,filterLoc,,
3375,169,filterLoc,,
3375,172,filterLoc,,
3375,175,filterLoc,,
3375,178,filterLoc,,
3375,181,filterLoc,,
3375,184,filterLoc,,
3375,187,filterLoc,,
3375,190,filterLoc,,
3375,193,filterLoc,,
3375,196,filterLoc,,
3375,199,filterLoc,,
3375,202,filterLoc,,
3375,205,filterLoc,,
3375,208,filterLoc,,
3375,211,filterLoc,,
3375,214,filterLoc,,
3375,217,filterLoc,,
3375,221,filterLoc,,
3375,224,filterLoc,,
3375,227,filterLoc,,
3375,230,filterLoc,,
3375,233,filterLoc,,
3375,236,filterLoc,,
3375,239,filterLoc,,
3375,242,filterLoc,,
3375,245,filterLoc,,
3375,248,filterLoc,,
3375,251,filterLoc,,
3375,254,filterLoc,,
3375,257,filterLoc,,
3375,260,filterLoc,,
3375,263,filterLoc,,
3375,266,filterLoc,,
3375,269,filterLoc,,
3375,272,filterLoc,,
3375,275,filterLoc,,
3375,278,filterLoc,,
3375,281,filterLoc,,
3375,284,filterLoc,,
3375,287,filterLoc,,
3375,290,filterLoc,,
3375,293,filterLoc,,
3375,296,filterLoc,,
3375,299,filterLoc,,
3375,302,filterLoc,,
3375,305,filterLoc,,
3375,308,filterLoc,,
3375,311,filterLoc,,
3375,314,filterLoc,,
3375,317,filterLoc,,
3375,320,filterLoc,,
3375,323,filterLoc,,
3375,326,filterLoc,,
3375,329,filterLoc,,
3375,332,filterLoc,,
3375,335,filterLoc,,
3375,338,filterLoc,,
3375,341,filterLoc,,
3375,344,filterLoc,,
3375,347,filterLoc,,
3375,350,filterLoc,,
3375,353,filterLoc,,
3375,356,filterLoc,,
3375,359,filterLoc,,
3375,362,filterLoc,,
3375,365,filterLoc,,
3375,368,filterLoc,,
3375,371,filterLoc,,
3375,374,filterLoc,,
3375,377,filterLoc,,
3375,380,filterLoc,,
3375,383,filterLoc,,
3375,386,filterLoc,,
3375,389,filterLoc,,
3375,392,filterLoc,,
3375,395,filterLoc,,
3375,398,filterLoc,,
3375,401,filterLoc,,
3375,404,filterLoc,,
3375,407,filterLoc,,
3375,410,filterLoc,,
3375,413,filterLoc,,
3375,416,filterLoc,,
3375,419,filterLoc,,
3375,422,filterLoc,,
3375,425,filterLoc,,
3375,428,filterLoc,,
3375,431,filterLoc,,
3375,434,filterLoc,,
3375,437,filterLoc,,
3375,440,filterLoc,,
3375,443,filterLoc,,
3375,446,filterLoc,,
3375,449,filterLoc,,
3375,452,filterLoc,,
3375,455,filterLoc,,
3375,458,filterLoc,,
3375,461,filterLoc,,
3375,464,filterLoc,,
3375,467,filterLoc,,
3375,470,filterLoc,,
3375,473,filterLoc,,
3375,476,filterLoc,,
3375,479,filterLoc,,
3375,482,filterLoc,,
3375,485,filterLoc,,
3375,488,filterLoc,,
3375,491,filterLoc,,
3375,494,filterLoc,,
3375,497,filterLoc,,
3375,500,filterLoc,,
3375,503,filterLoc,,
3375,506,filterLoc,,
3375,509,filterLoc,,
3375,512,filterLoc,,
3375,515,filterLoc,,
3375,518,filterLoc,,
3375,521,filterLoc,,
3375,524,filterLoc,,
3375,527,filterLoc,,
3375,530,filterLoc,,
3375,533,filterLoc,,
3375,536,filterLoc,,
3375,539,filterLoc,,
3375,542,filterLoc,,
3375,545,filterLoc,,
3375,548,filterLoc,,
3375,551,filterLoc,,
3375,554,filterLoc,,
3375,557,filterLoc,,
3375,560,filterLoc,,
3375,563,filterLoc,,
3375,566,filterLoc,,;Evacuee;39;in triage category;G;is leaving helicopter;1
3375,569,filterLoc,,
3375,572,filterLoc,,
3375,575,filterLoc,,
3375,578,filterLoc,,
3375,581,filterLoc,,
3375,584,filterLoc,,
3375,587,filterLoc,,
3375,590,filterLoc,,
3375,593,filterLoc,,
3375,596,filterLoc,,
3375,599,filterLoc,,
3375,602,filterLoc,,
3375,605,filterLoc,,
3375,608,filterLoc,,
3375,611,filterLoc,,
3375,614,filterLoc,,
3375,617,filterLoc,,
3375,620,filterLoc,,
3375,623,filterLoc,,
3375,626,filterLoc,,
3375,629,filterLoc,,
3375,632,filterLoc,,;Evacuee;51;in triage category;G;is leaving helicopter;1
3375,635,filterLoc,,
3375,638,filterLoc,,
3375,641,filterLoc,,
3375,644,filterLoc,,
3375,647,filterLoc,,
3375,650,filterLoc,,
3375,653,filterLoc,,
3375,656,filterLoc,,
3375,659,filterLoc,,
3375,662,filterLoc,,
3375,665,filterLoc,,
3375,668,filterLoc,,
3375,671,filterLoc,,
3375,674,filterLoc,,
3375,677,filterLoc,,
3375,680,filterLoc,,
3375,683,filterLoc,,
3375,686,filterLoc,,
3375,689,filterLoc,,
3375,692,filterLoc,,
3375,695,filterLoc,,
3375,698,filterLoc,,
3375,701,filterLoc,,
3375,704,filterLoc,,
3375,707,filterLoc,,
3375,710,filterLoc,,
3375,713,filterLoc,,
3375,716,filterLoc,,
3375,719,filterLoc,,
3375,722,filterLoc,,
3375,725,filterLoc,,
3375,728,filterLoc,,
3375,731,filterLoc,,
3375,734,filterLoc,,
3375,737,filterLoc,,
3375,740,filterLoc,,
3375,743,filterLoc,,
3375,746,filterLoc,,
3375,749,filterLoc,,
3375,752,filterLoc,,
3375,755,filterLoc,,
3375,758,filterLoc,,
3375,761,filterLoc,,
3375,764,filterLoc,,
3375,767,filterLoc,,
3375,770,filterLoc,,
3375,773,filterLoc,,
3375,776,filterLoc,,
3375,779,filterLoc,,
3375,782,filterLoc,,
3375,785,filterLoc,,
3375,788,filterLoc,,
3375,791,filterLoc,,
3375,794,filterLoc,,
3375,797,filterLoc,,
3375,800,filterLoc,,
3375,803,filterLoc,,
3375,806,filterLoc,,
3375,809,filterLoc,,
3375,812,filterLoc,,
3375,815,filterLoc,,
3375,818,filterLoc,,
3375,821,filterLoc,,
3375,824,filterLoc,,
3375,827,filterLoc,,;Evacuee;40;in triage category;G;is leaving helicopter;1
3375,830,filterLoc,,
3375,833,filterLoc,,
3375,836,filterLoc,,
3375,839,filterLoc,,
3375,842,filterLoc,,
3375,845,filterLoc,,
3375,848,filterLoc,,
3375,851,filterLoc,,
3375,854,filterLoc,,
3375,857,filterLoc,,
3375,860,filterLoc,,
3375,863,filterLoc,,
3375,866,filterLoc,,
3375,869,filterLoc,,
3375,872,filterLoc,,
3375,875,filterLoc,,
3375,878,filterLoc,,
3375,881,filterLoc,,
3375,884,filterLoc,,
3375,887,filterLoc,,
3375,890,filterLoc,,;Evacuee;44;in triage category;G;is leaving helicopter;1
3375,893,filterLoc,,
3375,896,filterLoc,,
3375,899,filterLoc,,
3375,902,filterLoc,,
3375,905,filterLoc,,
3375,908,filterLoc,,
3375,911,filterLoc,,
3375,914,filterLoc,,
3375,917,filterLoc,,
3375,920,filterLoc,,
3375,923,filterLoc,,
3375,926,filterLoc,,
3375,929,filterLoc,,
3375,932,filterLoc,,
3375,935,filterLoc,,
3375,938,filterLoc,,
3375,941,filterLoc,,
3375,944,filterLoc,,
3375,947,filterLoc,,
3375,950,filterLoc,,;Evacuee;37;in triage category;G;is leaving helicopter;1
3375,953,filterLoc,,
3375,956,filterLoc,,
3375,959,filterLoc,,
3375,962,filterLoc,,
3375,965,filterLoc,,
3375,968,filterLoc,,
3375,971,filterLoc,,
3375,974,filterLoc,,
3375,977,filterLoc,,
3375,980,filterLoc,,
3375,983,filterLoc,,
3375,986,filterLoc,,
3375,989,filterLoc,,
3375,992,filterLoc,,
3375,995,filterLoc,,
3375,998,filterLoc,,
3375,1001,filterLoc,,
3375,1004,filterLoc,,
3375,1007,filterLoc,,
3375,1010,filterLoc,,
3375,1013,filterLoc,,
3375,1016,filterLoc,,
3375,1019,filterLoc,,
3375,1022,filterLoc,,
3375,1025,filterLoc,,;Evacuee;32;in triage category;G;is leaving helicopter;1
3375,1028,filterLoc,,;Evacuee;34;in triage category;G;is leaving helicopter;1
3375,1031,filterLoc,,
3375,1034,filterLoc,,
3375,1037,filterLoc,,
3375,1040,filterLoc,,
3375,1043,filterLoc,,
3375,1046,filterLoc,,
3375,1049,filterLoc,,
3375,1052,filterLoc,,
3375,1055,filterLoc,,
3375,1058,filterLoc,,
3375,1061,filterLoc,,
3375,1064,filterLoc,,
3375,1067,filterLoc,,;Evacuee;43;in triage category;G;is leaving helicopter;1
3375,1070,filterLoc,,
3375,1073,filterLoc,,
3375,1076,filterLoc,,
3375,1079,filterLoc,,
3375,1082,filterLoc,,
3375,1085,filterLoc,,
3375,1088,filterLoc,,
3375,1091,filterLoc,,
3375,1094,filterLoc,,
3375,1097,filterLoc,,
3375,1100,filterLoc,,
3375,1103,filterLoc,,
3375,1106,filterLoc,,
3375,1109,filterLoc,,
3375,1112,filterLoc,,
3375,1115,filterLoc,,
3375,1118,filterLoc,,
3375,1121,filterLoc,,
3375,1124,filterLoc,,
3375,1127,filterLoc,,
3375,1130,filterLoc,,
3375,1133,filterLoc,,
3375,1136,filterLoc,,
3375,1139,filterLoc,,;Evacuee;57;in triage category;G;is leaving helicopter;1
3375,1142,filterLoc,,
3375,1145,filterLoc,,
3375,1148,filterLoc,,;Evacuee;45;in triage category;G;is leaving helicopter;1
3375,1153,helicopter,outEvac,Evacuee 32 in triage category G is not assigned a helicopter
3375,1153,helicopter,outEvac,Evacuee 34 in triage category G is not assigned a helicopter
3375,1153,helicopter,outEvac,Evacuee 37 in triage category G is not assigned a helicopter
3375,1153,helicopter,outEvac,Evacuee 39 in triage category G is not assigned a helicopter
3375,1153,helicopter,outEvac,Evacuee 40 in triage category G is not assigned a helicopter
3375,1153,helicopter,outEvac,Evacuee 43 in triage category G is not assigned a helicopter
3375,1153,helicopter,outEvac,Evacuee 44 in triage category G is not assigned a helicopter
3375,1153,helicopter,outEvac,Evacuee 45 in triage category G is not assigned a helicopter
3375,1153,helicopter,outEvac,Evacuee 51 in triage category G is not assigned a helicopter
3375,1153,helicopter,outEvac,Evacuee 57 in triage category G is not assigned a helicopter
3375,1153,helicopter,,Helicopter;1;is unloading people at the FOL;;and has;0;spots taken
3375,1155,filterLoc,,
3375,1158,filterLoc,,
3375,1161,filterLoc,,
3375,1164,filterLoc,,
3375,1167,filterLoc,,
3375,1170,filterLoc,,
3375,1173,filterLoc,,
3375,1176,filterLoc,,
3375,1179,filterLoc,,
3375,1182,filterLoc,,
3375,1185,filterLoc,,
3375,1188,filterLoc,,
3375,1191,filterLoc,,
3375,1194,filterLoc,,
3375,1197,filterLoc,,
3375,1200,filterLoc,,
3375,1203,filterLoc,,
3375,1206,filterLoc,,
3375,1209,filterLoc,,
3375,1212,filterLoc,,
3375,1215,filterLoc,,
3375,1218,filterLoc,,
3375,1221,filterLoc,,
3375,1224,filterLoc,,
3375,1227,filterLoc,,
3375,1230,filterLoc,,
3375,1233,filterLoc,,
3375,1236,filterLoc,,
3375,1239,filterLoc,,
3375,1242,filterLoc,,
3375,1245,filterLoc,,
3375,1248,filterLoc,,
3375,1251,filterLoc,,
3375,1254,filterLoc,,
3375,1257,filterLoc,,
3375,1260,filterLoc,,
3375,1263,filterLoc,,
3375,1266,filterLoc,,
3375,1269,filterLoc,,
3375,1272,filterLoc,,
3375,1275,filterLoc,,
3375,1278,filterLoc,,
3375,1281,filterLoc,,
3375,1284,filterLoc,,
3375,1287,filterLoc,,
3375,1290,filterLoc,,
3375,1293,filterLoc,,
3375,1296,filterLoc,,
3375,1299,filterLoc,,
3375,1302,filterLoc,,
3375,1305,filterLoc,,
3375,1308,filterLoc,,
3375,1311,filterLoc,,
3375,1314,filterLoc,,
3375,1317,filterLoc,,
3375,1320,filterLoc,,
3375,1323,filterLoc,,
3375,1326,filterLoc,,
3375,1329,filterLoc,,
3375,1332,filterLoc,,
3375,1335,filterLoc,,
3375,1338,filterLoc,,
3375,1341,filterLoc,,
3375,1344,filterLoc,,
3375,1347,filterLoc,,
3375,1350,filterLoc,,
3375,1353,filterLoc,,
3375,1356,filterLoc,,
3375,1359,filterLoc,,
3375,1362,filterLoc,,
3375,1365,filterLoc,,
3375,1368,filterLoc,,
3375,1371,filterLoc,,
3375,1374,filterLoc,,
3375,1377,filterLoc,,
3375,1380,filterLoc,,
3375,1383,filterLoc,,
3375,1386,filterLoc,,
3375,1389,filterLoc,,
3375,1392,filterLoc,,
3375,1395,filterLoc,,
3375,1398,filterLoc,,
3375,1401,filterLoc,,
3375,1404,filterLoc,,
3375,1407,filterLoc,,
3375,1410,filterLoc,,
3375,1413,filterLoc,,
3375,1416,filterLoc,,
3375,1419,filterLoc,,
3375,1422,filterLoc,,
3375,1425,filterLoc,,
3375,1428,filterLoc,,
3375,1431,filterLoc,,
3375,1434,filterLoc,,
3375,1437,filterLoc,,
3375,1440,filterLoc,,
3375,1443,filterLoc,,
3375,1446,filterLoc,,
3375,1449,filterLoc,,
3375,1452,filterLoc,,
3375,1455,filterLoc,,
3375,1458,filterLoc,,
3375,1461,filterLoc,,
3375,1464,filterLoc,,
3375,1467,filterLoc,,
3375,1470,filterLoc,,
3375,1473,filterLoc,,
3375,1476,filterLoc,,
3375,1479,filterLoc,,
3375,1482,filterLoc,,
3375,1485,filterLoc,,
3375,1488,filterLoc,,
3375,1491,filterLoc,,
3375,1494,filterLoc,,
3375,1497,filterLoc,,
3375,1500,filterLoc,,
3375,1503,filterLoc,,
3375,1506,filterLoc,,
3375,1509,filterLoc,,
3375,566,filterLoc,out,Evacuee 39 in triage category G is not assigned a helicopter
3375,566,filterLoc,,
3375,567,evacuee,,Evacuee;39;in triage state;G;is entering the FOL
3375,632,filterLoc,out,Evacuee 51 in triage category G is not assigned a helicopter
3375,632,filterLoc,,
3375,633,evacuee,,Evacuee;51;in triage state;G;is entering the FOL
3375,827,filterLoc,out,Evacuee 40 in triage category G is not assigned a helicopter
3375,827,filterLoc,,
3375,828,evacuee,,Evacuee;40;in triage state;G;is entering the FOL
3375,890,filterLoc,out,Evacuee 44 in triage category G is not assigned a helicopter
3375,890,filterLoc,,
3375,891,evacuee,,Evacuee;44;in triage state;G;is entering the FOL
3375,950,filterLoc,out,Evacuee 37 in triage category G is not assigned a helicopter
3375,950,filterLoc,,
3375,951,evacuee,,Evacuee;37;in triage state;G;is entering the FOL
3375,1025,filterLoc,out,Evacuee 32 in triage category G is not assigned a helicopter
3375,1025,filterLoc,,
3375,1026,evacuee,,Evacuee;32;in triage state;G;is entering the FOL
3375,1028,filterLoc,out,Evacuee 34 in triage category G is not assigned a helicopter
3375,1028,filterLoc,,
3375,1029,evacuee,,Evacuee;34;in triage state;G;is entering the FOL
3375,1067,filterLoc,out,Evacuee 43 in triage category G is not assigned a helicopter
3375,1067,filterLoc,,
3375,1068,evacuee,,Evacuee;43;in triage state;G;is entering the FOL
3375,1139,filterLoc,out,Evacuee 57 in triage category G is not assigned a helicopter
3375,1139,filterLoc,,
3375,1140,evacuee,,Evacuee;57;in triage state;G;is entering the FOL
3375,1148,filterLoc,out,Evacuee 45 in triage category G is not assigned a helicopter
3375,1148,filterLoc,,
3375,1149,evacuee,,Evacuee;45;in triage state;G;is entering the FOL
3375,219,FOL,,;EvacueeID;5;Triage Status;G;EvacueeID;7;Triage Status;G;EvacueeID;13;Triage Status;G;EvacueeID;16;Triage Status;G;EvacueeID;18;Triage Status;G;EvacueeID;22;Triage Status;G;EvacueeID;23;Triage Status;G;EvacueeID;24;Triage Status;G;EvacueeID;25;Triage Status;G;EvacueeID;30;Triage Status;G;EvacueeID;32;Triage Status;G;EvacueeID;34;Triage Status;G;EvacueeID;37;Triage Status;G;EvacueeID;39;Triage Status;G;EvacueeID;40;Triage Status;G;EvacueeID;43;Triage Status;G;EvacueeID;44;Triage Status;G;EvacueeID;45;Triage Status;G;EvacueeID;51;Triage Status;G;EvacueeID;57;Triage Status;G;Lives Saved;20
3375,567,evacuee,outFOL,Evacuee 39 in triage category G is not assigned a helicopter
3375,567,evacuee,,Evacuee;39;in triage state;G;is at the FOL
3375,633,evacuee,outFOL,Evacuee 51 in triage category G is not assigned a helicopter
3375,633,evacuee,,Evacuee;51;in triage state;G;is at the FOL
3375,828,evacuee,outFOL,Evacuee 40 in triage category G is not assigned a helicopter
3375,828,evacuee,,Evacuee;40;in triage state;G;is at the FOL
3375,891,evacuee,outFOL,Evacuee 44 in triage category G is not assigned a helicopter
3375,891,evacuee,,Evacuee;44;in triage state;G;is at the FOL
3375,951,evacuee,outFOL,Evacuee 37 in triage category G is not assigned a helicopter
3375,951,evacuee,,Evacuee;37;in triage state;G;is at the FOL
3375,1026,evacuee,outFOL,Evacuee 32 in triage category G is not assigned a helicopter
3375,1026,evacuee,,Evacuee;32;in triage state;G;is at the FOL
3375,1029,evacuee,outFOL,Evacuee 34 in triage category G is not assigned a helicopter
3375,1029,evacuee,,Evacuee;34;in triage state;G;is at the FOL
3375,1068,evacuee,outFOL,Evacuee 43 in triage category G is not assigned a helicopter
3375,1068,evacuee,,Evacuee;43;in triage state;G;is at the FOL
3375,1140,evacuee,outFOL,Evacuee 57 in triage category G is not assigned a helicopter
3375,1140,evacuee,,Evacuee;57;in triage state;G;is at the FOL
3375,1149,evacuee,outFOL,Evacuee 45 in triage category G is not assigned a helicopter
3375,1149,evacuee,,Evacuee;45;in triage state;G;is at the FOL
3375,219,FOL,,;EvacueeID;5;Triage Status;G;EvacueeID;7;Triage Status;G;EvacueeID;13;Triage Status;G;EvacueeID;16;Triage Status;G;EvacueeID;18;Triage Status;G;EvacueeID;22;Triage Status;G;EvacueeID;23;Triage Status;G;EvacueeID;24;Triage Status;G;EvacueeID;25;Triage Status;G;EvacueeID;30;Triage Status;G;EvacueeID;32;Triage Status;G;EvacueeID;34;Triage Status;G;EvacueeID;37;Triage Status;G;EvacueeID;39;Triage Status;G;EvacueeID;40;Triage Status;G;EvacueeID;43;Triage Status;G;EvacueeID;44;Triage Status;G;EvacueeID;45;Triage Status;G;EvacueeID;51;Triage Status;G;EvacueeID;57;Triage Status;G;Lives Saved;20
3379.99,3,evacueeManager,,OFF SHIP: White;0;Green;130;Yellow;31;Red;3;Black;316;ON SHIP: White;0;Green;0;Yellow;0;Red;0;Evacuees to Transfer;
3379.99,1252,evacuee,outES,Evacuee 163 in triage category R is not assigned a helicopter
3379.99,1252,evacuee,,Evacuee;163;in triage state;B;is at the evacuation site
3385.83,3,evacueeManager,,OFF SHIP: White;0;Green;129;Yellow;32;Red;3;Black;316;ON SHIP: White;0;Green;0;Yellow;0;Red;0;Evacuees to Transfer;
3385.83,879,evacuee,outES,Evacuee 387 in triage category G is not assigned a helicopter
3385.83,879,evacuee,,Evacuee;387;in triage state;Y;is at the evacuation site
3390,1153,helicopter,,Helicopter;1;Is going to the evacuation site;;and has;0;spots taken
3394.04,3,evacueeManager,,OFF SHIP: White;0;Green;128;Yellow;33;Red;3;Black;316;ON SHIP: White;0;Green;0;Yellow;0;Red;0;Evacuees to Transfer;
3394.04,438,evacuee,outES,Evacuee 264 in triage category G is not assigned a helicopter
3394.04,438,evacuee,,Evacuee;264;in triage state;Y;is at the evacuation site
3396.23,3,evacueeManager,,OFF SHIP: White;0;Green;128;Yellow;32;Red;4;Black;316;ON SHIP: White;0;Green;0;Yellow;0;Red;0;Evacuees to Transfer;
3396.23,1128,evacuee,outES,Evacuee 56 in triage category Y is not assigned a helicopter
3396.23,1128,evacuee,,Evacuee;56;in triage state;R;is at the evacuation site
3397.28,3,evacueeManager,,OFF SHIP: White;0;Green;128;Yellow;32;Red;3;Black;317;ON SHIP: White;0;Green;0;Yellow;0;Red;0;Evacuees to Transfer;
3397.28,1255,evacuee,outES,Evacuee 166 in triage category R is not assigned a helicopter
3397.28,1255,evacuee,,Evacuee;166;in triage state;B;is at the evacuation site
3416.66,3,evacueeManager,,OFF SHIP: White;0;Green;128;Yellow;31;Red;4;Black;317;ON SHIP: White;0;Green;0;Yellow;0;Red;0;Evacuees to Transfer;
3416.66,438,evacuee,outES,Evacuee 264 in triage category Y is not assigned a helicopter
3416.66,438,evacuee,,Evacuee;264;in triage state;R;is at the evacuation site
3416.79,3,evacueeManager,,OFF SHIP: White;0;Green;128;Yellow;31;Red;3;Black;318;ON SHIP: White;0;Green;0;Yellow;0;Red;0;Evacuees to Transfer;
3416.79,1128,evacuee,outES,Evacuee 56 in triage category R is not assigned a helicopter
3416.79,1128,evacuee,,Evacuee;56;in triage state;B;is at the evacuation site
3427.86,3,evacueeManager,,OFF SHIP: White;0;Green;128;Yellow;31;Red;2;Black;319;ON SHIP: White;0;Green;0;Yellow;0;Red;0;Evacuees to Transfer;
3427.86,1507,evacuee,outES,Evacuee 210 in triage category R is not assigned a helicopter
3427.86,1507,evacuee,,Evacuee;210;in triage state;B;is at the evacuation site
3432.53,3,evacueeManager,,OFF SHIP: White;0;Green;128;Yellow;31;Red;1;Black;320;ON SHIP: White;0;Green;0;Yellow;0;Red;0;Evacuees to Transfer;
3432.53,438,evacuee,outES,Evacuee 264 in triage category R is not assigned a helicopter
3432.53,438,evacuee,,Evacuee;264;in triage state;B;is at the evacuation site
3436.12,3,evacueeManager,,OFF SHIP: White;0;Green;128;Yellow;30;Red;2;Black;320;ON SHIP: White;0;Green;0;Yellow;0;Red;0;Evacuees to Transfer;
3436.12,1441,evacuee,outES,Evacuee 226 in triage category Y is not assigned a helicopter
3436.12,1441,evacuee,,Evacuee;226;in triage state;R;is at the evacuation site
3436.51,3,evacueeManager,,OFF SHIP: White;0;Green;127;Yellow;31;Red;2;Black;320;ON SHIP: White;0;Green;0;Yellow;0;Red;0;Evacuees to Transfer;
3436.51,1321,evacuee,outES,Evacuee 185 in triage category G is not assigned a helicopter
3436.51,1321,evacuee,,Evacuee;185;in triage state;Y;is at the evacuation site
3447.77,3,evacueeManager,,OFF SHIP: White;0;Green;126;Yellow;32;Red;2;Black;320;ON SHIP: White;0;Green;0;Yellow;0;Red;0;Evacuees to Transfer;
3447.77,504,evacuee,outES,Evacuee 470 in triage category G is not assigned a helicopter
3447.77,504,evacuee,,Evacuee;470;in triage state;Y;is at the evacuation site
3459.03,3,evacueeManager,,OFF SHIP: White;0;Green;126;Yellow;31;Red;3;Black;320;ON SHIP: White;0;Green;0;Yellow;0;Red;0;Evacuees to Transfer;
3459.03,1065,evacuee,outES,Evacuee 91 in triage category Y is not assigned a helicopter
3459.03,1065,evacuee,,Evacuee;91;in triage state;R;is at the evacuation site
3460.17,3,evacueeManager,,OFF SHIP: White;0;Green;125;Yellow;32;Red;3;Black;320;ON SHIP: White;0;Green;0;Yellow;0;Red;0;Evacuees to Transfer;
3460.17,182,evacuee,outES,Evacuee 383 in triage category G is not assigned a helicopter
3460.17,182,evacuee,,Evacuee;383;in triage state;Y;is at the evacuation site
3461.13,3,evacueeManager,,OFF SHIP: White;0;Green;125;Yellow;32;Red;2;Black;321;ON SHIP: White;0;Green;0;Yellow;0;Red;0;Evacuees to Transfer;
3461.13,1312,evacuee,outES,Evacuee 232 in triage category R is not assigned a helicopter
3461.13,1312,evacuee,,Evacuee;232;in triage state;B;is at the evacuation site
3465.98,3,evacueeManager,,OFF SHIP: White;0;Green;125;Yellow;32;Red;1;Black;322;ON SHIP: White;0;Green;0;Yellow;0;Red;0;Evacuees to Transfer;
3465.98,1065,evacuee,outES,Evacuee 91 in triage category R is not assigned a helicopter
3465.98,1065,evacuee,,Evacuee;91;in triage state;B;is at the evacuation site
3468.78,3,evacueeManager,,OFF SHIP: White;0;Green;124;Yellow;33;Red;1;Black;322;ON SHIP: White;0;Green;0;Yellow;0;Red;0;Evacuees to Transfer;
3468.78,696,evacuee,outES,Evacuee 128 in triage category G is not assigned a helicopter
3468.78,696,evacuee,,Evacuee;128;in triage state;Y;is at the evacuation site
3484.41,3,evacueeManager,,OFF SHIP: White;0;Green;123;Yellow;34;Red;1;Black;322;ON SHIP: White;0;Green;0;Yellow;0;Red;0;Evacuees to Transfer;
3484.41,945,evacuee,outES,Evacuee 418 in triage category G is not assigned a helicopter
3484.41,945,evacuee,,Evacuee;418;in triage state;Y;is at the evacuation site
3503.69,3,evacueeManager,,OFF SHIP: White;0;Green;123;Yellow;33;Red;2;Black;322;ON SHIP: White;0;Green;0;Yellow;0;Red;0;Evacuees to Transfer;
3503.69,1381,evacuee,outES,Evacuee 204 in triage category Y is not assigned a helicopter
3503.69,1381,evacuee,,Evacuee;204;in triage state;R;is at the evacuation site
3510.05,3,evacueeManager,,OFF SHIP: White;0;Green;123;Yellow;33;Red;1;Black;323;ON SHIP: White;0;Green;0;Yellow;0;Red;0;Evacuees to Transfer;
3510.05,1381,evacuee,outES,Evacuee 204 in triage category R is not assigned a helicopter
3510.05,1381,evacuee,,Evacuee;204;in triage state;B;is at the evacuation site
3510.61,3,evacueeManager,,OFF SHIP: White;0;Green;123;Yellow;33;Red;0;Black;324;ON SHIP: White;0;Green;0;Yellow;0;Red;0;Evacuees to Transfer;
3510.61,1441,evacuee,outES,Evacuee 226 in triage category R is not assigned a helicopter
3510.61,1441,evacuee,,Evacuee;226;in triage state;B;is at the evacuation site
3510.7,3,evacueeManager,,OFF SHIP: White;0;Green;122;Yellow;34;Red;0;Black;324;ON SHIP: White;0;Green;0;Yellow;0;Red;0;Evacuees to Transfer;
3510.7,825,evacuee,outES,Evacuee 104 in triage category G is not assigned a helicopter
3510.7,825,evacuee,,Evacuee;104;in triage state;Y;is at the evacuation site
3525.57,3,evacueeManager,,OFF SHIP: White;0;Green;122;Yellow;33;Red;1;Black;324;ON SHIP: White;0;Green;0;Yellow;0;Red;0;Evacuees to Transfer;
3525.57,303,evacuee,outES,Evacuee 365 in triage category Y is not assigned a helicopter
3525.57,303,evacuee,,Evacuee;365;in triage state;R;is at the evacuation site
3526.37,3,evacueeManager,,OFF SHIP: White;0;Green;121;Yellow;34;Red;1;Black;324;ON SHIP: White;0;Green;0;Yellow;0;Red;0;Evacuees to Transfer;
3526.37,119,evacuee,outES,Evacuee 420 in triage category G is not assigned a helicopter
3526.37,119,evacuee,,Evacuee;420;in triage state;Y;is at the evacuation site
3531.89,3,evacueeManager,,OFF SHIP: White;0;Green;121;Yellow;33;Red;2;Black;324;ON SHIP: White;0;Green;0;Yellow;0;Red;0;Evacuees to Transfer;
3531.89,309,evacuee,outES,Evacuee 321 in triage category Y is not assigned a helicopter
3531.89,309,evacuee,,Evacuee;321;in triage state;R;is at the evacuation site
3533.11,3,evacueeManager,,OFF SHIP: White;0;Green;121;Yellow;32;Red;3;Black;324;ON SHIP: White;0;Green;0;Yellow;0;Red;0;Evacuees to Transfer;
3533.11,753,evacuee,outES,Evacuee 9 in triage category Y is not assigned a helicopter
3533.11,753,evacuee,,Evacuee;9;in triage state;R;is at the evacuation site
3540,5,helicopterQueue,,1;Helos are waiting to land;HeloID;1
3540,1153,helicopter,outES,Helicopter 1 is evacuating people1
3540,1153,helicopter,,Helicopter;1;is waiting to land at the evacuation site;;and has;0;spots taken
3540,4,helipadManager,,;No helos are at ES
3540,5,helicopterQueue,outHM,Helicopter 1 is evacuating people1
3540,5,helicopterQueue,outHelo,Helicopter 1 is evacuating people1
3540,5,helicopterQueue,,;No helos are waiting to land
3540,1152,filterES,,Helicopter;1;is evacuating people
3540,3,evacueeManager,,OFF SHIP: White;0;Green;111;Yellow;32;Red;3;Black;324;ON SHIP: White;0;Green;0;Yellow;0;Red;0;Evacuees to Transfer;;EvacueeID;62;HeloID;1;OnShip;0;Triage Status;G;EvacueeID;66;HeloID;1;OnShip;0;Triage Status;G;EvacueeID;70;HeloID;1;OnShip;0;Triage Status;G;EvacueeID;73;HeloID;1;OnShip;0;Triage Status;G;EvacueeID;75;HeloID;1;OnShip;0;Triage Status;G;EvacueeID;79;HeloID;1;OnShip;0;Triage Status;G;EvacueeID;80;HeloID;1;OnShip;0;Triage Status;G;EvacueeID;89;HeloID;1;OnShip;0;Triage Status;G;EvacueeID;92;HeloID;1;OnShip;0;Triage Status;G;EvacueeID;97;HeloID;1;OnShip;0;Triage Status;G
3540,4,helipadManager,outEM,Helicopter 1 is evacuating people1
3540,4,helipadManager,,Helo;1;is at the ES
3540,1152,filterES,out,Helicopter 1 is evacuating people1
3540,1152,filterES,,
3540,1153,helicopter,,Helicopter;1;is waiting to land at the evacuation site;;and has;0;spots taken
3540,3,evacueeManager,outEvac,Evacuee 62 in triage category G is assigned helicopter 1
3540,3,evacueeManager,outEvac,Evacuee 66 in triage category G is assigned helicopter 1
3540,3,evacueeManager,outEvac,Evacuee 70 in triage category G is assigned helicopter 1
3540,3,evacueeManager,outEvac,Evacuee 73 in triage category G is assigned helicopter 1
3540,3,evacueeManager,outEvac,Evacuee 75 in triage category G is assigned helicopter 1
3540,3,evacueeManager,outEvac,Evacuee 79 in triage category G is assigned helicopter 1
3540,3,evacueeManager,outEvac,Evacuee 80 in triage category G is assigned helicopter 1
3540,3,evacueeManager,outEvac,Evacuee 89 in triage category G is assigned helicopter 1
3540,3,evacueeManager,outEvac,Evacuee 92 in triage category G is assigned helicopter 1
3540,3,evacueeManager,outEvac,Evacuee 97 in triage category G is assigned helicopter 1
3540,3,evacueeManager,,OFF SHIP: White;0;Green;111;Yellow;32;Red;3;Black;324;ON SHIP: White;0;Green;0;Yellow;0;Red;0;Evacuees to Transfer;
3540,7,filterLoc,,
3540,10,filterLoc,,
3540,13,filterLoc,,
3540,16,filterLoc,,
3540,19,filterLoc,,
3540,22,filterLoc,,
3540,25,filterLoc,,
3540,28,filterLoc,,
3540,31,filterLoc,,
3540,34,filterLoc,,
3540,37,filterLoc,,
3540,40,filterLoc,,
3540,43,filterLoc,,
3540,46,filterLoc,,
3540,49,filterLoc,,
3540,52,filterLoc,,
3540,55,filterLoc,,
3540,58,filterLoc,,
3540,61,filterLoc,,
3540,64,filterLoc,,
3540,67,filterLoc,,
3540,70,filterLoc,,
3540,73,filterLoc,,
3540,76,filterLoc,,
3540,79,filterLoc,,
3540,82,filterLoc,,
3540,85,filterLoc,,
3540,88,filterLoc,,
3540,91,filterLoc,,
3540,94,filterLoc,,
3540,97,filterLoc,,
3540,100,filterLoc,,
3540,103,filterLoc,,
3540,106,filterLoc,,
3540,109,filterLoc,,
3540,112,filterLoc,,
3540,115,filterLoc,,
3540,118,filterLoc,,
3540,121,filterLoc,,
3540,124,filterLoc,,
3540,127,filterLoc,,
3540,130,filterLoc,,
3540,133,filterLoc,,
3540,136,filterLoc,,
3540,139,filterLoc,,
3540,142,filterLoc,,
3540,145,filterLoc,,
3540,148,filterLoc,,
3540,151,filterLoc,,
3540,154,filterLoc,,
3540,157,filterLoc,,
3540,160,filterLoc,,
3540,163,filterLoc,,
3540,166,filterLoc,,
3540,169,filterLoc,,
3540,172,filterLoc,,
3540,175,filterLoc,,
3540,178,filterLoc,,
3540,181,filterLoc,,
3540,184,filterLoc,,
3540,187,filterLoc,,
3540,190,filterLoc,,
3540,193,filterLoc,,
3540,196,filterLoc,,
3540,199,filterLoc,,
3540,202,filterLoc,,
3540,205,filterLoc,,
3540,208,filterLoc,,
3540,211,filterLoc,,
3540,214,filterLoc,,
3540,217,filterLoc,,
3540,221,filterLoc,,
3540,224,filterLoc,,
3540,227,filterLoc,,
3540,230,filterLoc,,
3540,233,filterLoc,,
3540,236,filterLoc,,
3540,239,filterLoc,,
3540,242,filterLoc,,
3540,245,filterLoc,,
3540,248,filterLoc,,
3540,251,filterLoc,,
3540,254,filterLoc,,
3540,257,filterLoc,,
3540,260,filterLoc,,
3540,263,filterLoc,,
3540,266,filterLoc,,
3540,269,filterLoc,,
3540,272,filterLoc,,
3540,275,filterLoc,,
3540,278,filterLoc,,
3540,281,filterLoc,,
3540,284,filterLoc,,
3540,287,filterLoc,,
3540,290,filterLoc,,
3540,293,filterLoc,,
3540,296,filterLoc,,
3540,299,filterLoc,,
3540,302,filterLoc,,
3540,305,filterLoc,,
3540,308,filterLoc,,
3540,311,filterLoc,,
3540,314,filterLoc,,
3540,317,filterLoc,,
3540,320,filterLoc,,
3540,323,filterLoc,,
3540,326,filterLoc,,
3540,329,filterLoc,,
3540,332,filterLoc,,
3540,335,filterLoc,,
3540,338,filterLoc,,
3540,341,filterLoc,,
3540,344,filterLoc,,
3540,347,filterLoc,,
3540,350,filterLoc,,
3540,353,filterLoc,,
3540,356,filterLoc,,
3540,359,filterLoc,,
3540,362,filterLoc,,
3540,365,filterLoc,,
3540,368,filterLoc,,
3540,371,filterLoc,,
3540,374,filterLoc,,
3540,377,filterLoc,,
3540,380,filterLoc,,
3540,383,filterLoc,,
3540,386,filterLoc,,
3540,389,filterLoc,,
3540,392,filterLoc,,
3540,395,filterLoc,,
3540,398,filterLoc,,
3540,401,filterLoc,,
3540,404,filterLoc,,
3540,407,filterLoc,,
3540,410,filterLoc,,
3540,413,filterLoc,,
3540,416,filterLoc,,
3540,419,filterLoc,,
3540,422,filterLoc,,
3540,425,filterLoc,,
3540,428,filterLoc,,
3540,431,filterLoc,,
3540,434,filterLoc,,
3540,437,filterLoc,,
3540,440,filterLoc,,
3540,443,filterLoc,,
3540,446,filterLoc,,
3540,449,filterLoc,,
3540,452,filterLoc,,
3540,455,filterLoc,,
3540,458,filterLoc,,
3540,461,filterLoc,,
3540,464,filterLoc,,
3540,467,filterLoc,,
3540,470,filterLoc,,
3540,473,filterLoc,,
3540,476,filterLoc,,
3540,479,filterLoc,,
3540,482,filterLoc,,
3540,485,filterLoc,,
3540,488,filterLoc,,
3540,491,filterLoc,,
3540,494,filterLoc,,
3540,497,filterLoc,,
3540,500,filterLoc,,
3540,503,filterLoc,,
3540,506,filterLoc,,
3540,509,filterLoc,,
3540,512,filterLoc,,
3540,515,filterLoc,,
3540,518,filterLoc,,
3540,521,filterLoc,,
3540,524,filterLoc,,
3540,527,filterLoc,,
3540,530,filterLoc,,
3540,533,filterLoc,,
3540,536,filterLoc,,
3540,539,filterLoc,,
3540,542,filterLoc,,
3540,545,filterLoc,,
3540,548,filterLoc,,
3540,551,filterLoc,,
3540,554,filterLoc,,
3540,557,filterLoc,,
3540,560,filterLoc,,
3540,563,filterLoc,,
3540,566,filterLoc,,
3540,569,filterLoc,,
3540,572,filterLoc,,
3540,575,filterLoc,,
3540,578,filterLoc,,
3540,581,filterLoc,,
3540,584,filterLoc,,
3540,587,filterLoc,,
3540,590,filterLoc,,
3540,593,filterLoc,,
3540,596,filterLoc,,
3540,599,filterLoc,,
3540,602,filterLoc,,
3540,605,filterLoc,,
3540,608,filterLoc,,
3540,611,filterLoc,,
3540,614,filterLoc,,
3540,617,filterLoc,,
3540,620,filterLoc,,
3540,623,filterLoc,,
3540,626,filterLoc,,
3540,629,filterLoc,,
3540,632,filterLoc,,
3540,635,filterLoc,,
3540,638,filterLoc,,;Evacuee;80;in triage category;G;is entering helicopter;1
3540,641,filterLoc,,;Evacuee;79;in triage category;G;is entering helicopter;1
3540,644,filterLoc,,
3540,647,filterLoc,,
3540,650,filterLoc,,
3540,653,filterLoc,,
3540,656,filterLoc,,
3540,659,filterLoc,,
3540,662,filterLoc,,
3540,665,filterLoc,,
3540,668,filterLoc,,
3540,671,filterLoc,,
3540,674,filterLoc,,
3540,677,filterLoc,,
3540,680,filterLoc,,
3540,683,filterLoc,,
3540,686,filterLoc,,
3540,689,filterLoc,,
3540,692,filterLoc,,
3540,695,filterLoc,,
3540,698,filterLoc,,
3540,701,filterLoc,,
3540,704,filterLoc,,;Evacuee;66;in triage category;G;is entering helicopter;1
3540,707,filterLoc,,;Evacuee;62;in triage category;G;is entering helicopter;1
3540,710,filterLoc,,
3540,713,filterLoc,,
3540,716,filterLoc,,
3540,719,filterLoc,,
3540,722,filterLoc,,
3540,725,filterLoc,,
3540,728,filterLoc,,
3540,731,filterLoc,,
3540,734,filterLoc,,
3540,737,filterLoc,,
3540,740,filterLoc,,
3540,743,filterLoc,,
3540,746,filterLoc,,
3540,749,filterLoc,,
3540,752,filterLoc,,
3540,755,filterLoc,,
3540,758,filterLoc,,
3540,761,filterLoc,,;Evacuee;70;in triage category;G;is entering helicopter;1
3540,764,filterLoc,,
3540,767,filterLoc,,
3540,770,filterLoc,,
3540,773,filterLoc,,
3540,776,filterLoc,,
3540,779,filterLoc,,
3540,782,filterLoc,,
3540,785,filterLoc,,
3540,788,filterLoc,,
3540,791,filterLoc,,
3540,794,filterLoc,,
3540,797,filterLoc,,
3540,800,filterLoc,,
3540,803,filterLoc,,
3540,806,filterLoc,,
3540,809,filterLoc,,
3540,812,filterLoc,,
3540,815,filterLoc,,
3540,818,filterLoc,,
3540,821,filterLoc,,
3540,824,filterLoc,,
3540,827,filterLoc,,
3540,830,filterLoc,,;Evacuee;97;in triage category;G;is entering helicopter;1
3540,833,filterLoc,,
3540,836,filterLoc,,
3540,839,filterLoc,,;Evacuee;89;in triage category;G;is entering helicopter;1
3540,842,filterLoc,,
3540,845,filterLoc,,
3540,848,filterLoc,,
3540,851,filterLoc,,
3540,854,filterLoc,,
3540,857,filterLoc,,
3540,860,filterLoc,,
3540,863,filterLoc,,
3540,866,filterLoc,,
3540,869,filterLoc,,
3540,872,filterLoc,,
3540,875,filterLoc,,
3540,878,filterLoc,,
3540,881,filterLoc,,
3540,884,filterLoc,,
3540,887,filterLoc,,;Evacuee;92;in triage category;G;is entering helicopter;1
3540,890,filterLoc,,
3540,893,filterLoc,,
3540,896,filterLoc,,
3540,899,filterLoc,,
3540,902,filterLoc,,
3540,905,filterLoc,,
3540,908,filterLoc,,
3540,911,filterLoc,,
3540,914,filterLoc,,
3540,917,filterLoc,,
3540,920,filterLoc,,
3540,923,filterLoc,,
3540,926,filterLoc,,
3540,929,filterLoc,,
3540,932,filterLoc,,
3540,935,filterLoc,,
3540,938,filterLoc,,
3540,941,filterLoc,,
3540,944,filterLoc,,
3540,947,filterLoc,,;Evacuee;75;in triage category;G;is entering helicopter;1
3540,950,filterLoc,,
3540,953,filterLoc,,
3540,956,filterLoc,,
3540,959,filterLoc,,
3540,962,filterLoc,,
3540,965,filterLoc,,
3540,968,filterLoc,,
3540,971,filterLoc,,
3540,974,filterLoc,,
3540,977,filterLoc,,
3540,980,filterLoc,,
3540,983,filterLoc,,
3540,986,filterLoc,,
3540,989,filterLoc,,
3540,992,filterLoc,,
3540,995,filterLoc,,
3540,998,filterLoc,,
3540,1001,filterLoc,,
3540,1004,filterLoc,,
3540,1007,filterLoc,,
3540,1010,filterLoc,,
3540,1013,filterLoc,,
3540,1016,filterLoc,,
3540,1019,filterLoc,,
3540,1022,filterLoc,,
3540,1025,filterLoc,,
3540,1028,filterLoc,,
3540,1031,filterLoc,,
3540,1034,filterLoc,,
3540,1037,filterLoc,,
3540,1040,filterLoc,,
3540,1043,filterLoc,,
3540,1046,filterLoc,,
3540,1049,filterLoc,,
3540,1052,filterLoc,,
3540,1055,filterLoc,,
3540,1058,filterLoc,,
3540,1061,filterLoc,,
3540,1064,filterLoc,,
3540,1067,filterLoc,,
3540,1070,filterLoc,,
3540,1073,filterLoc,,
3540,1076,filterLoc,,
3540,1079,filterLoc,,
3540,1082,filterLoc,,
3540,1085,filterLoc,,
3540,1088,filterLoc,,
3540,1091,filterLoc,,
3540,1094,filterLoc,,
3540,1097,filterLoc,,
3540,1100,filterLoc,,
3540,1103,filterLoc,,
3540,1106,filterLoc,,
3540,1109,filterLoc,,
3540,1112,filterLoc,,
3540,1115,filterLoc,,
3540,1118,filterLoc,,
3540,1121,filterLoc,,
3540,1124,filterLoc,,
3540,1127,filterLoc,,
3540,1130,filterLoc,,
3540,1133,filterLoc,,
3540,1136,filterLoc,,
3540,1139,filterLoc,,
3540,1142,filterLoc,,
3540,1145,filterLoc,,
3540,1148,filterLoc,,
3540,1153,helicopter,,Helicopter;1;is loading people at the evacuation site;;and has;0;spots taken
3540,1155,filterLoc,,
3540,1158,filterLoc,,
3540,1161,filterLoc,,
3540,1164,filterLoc,,
3540,1167,filterLoc,,
3540,1170,filterLoc,,
3540,1173,filterLoc,,
3540,1176,filterLoc,,
3540,1179,filterLoc,,
3540,1182,filterLoc,,
3540,1185,filterLoc,,
3540,1188,filterLoc,,
3540,1191,filterLoc,,
3540,1194,filterLoc,,
3540,1197,filterLoc,,
3540,1200,filterLoc,,
3540,1203,filterLoc,,
3540,1206,filterLoc,,
3540,1209,filterLoc,,
3540,1212,filterLoc,,
3540,1215,filterLoc,,
3540,1218,filterLoc,,
3540,1221,filterLoc,,
3540,1224,filterLoc,,
3540,1227,filterLoc,,
3540,1230,filterLoc,,
3540,1233,filterLoc,,
3540,1236,filterLoc,,
3540,1239,filterLoc,,
3540,1242,filterLoc,,
3540,1245,filterLoc,,
3540,1248,filterLoc,,
3540,1251,filterLoc,,
3540,1254,filterLoc,,
3540,1257,filterLoc,,
3540,1260,filterLoc,,
3540,1263,filterLoc,,
3540,1266,filterLoc,,
3540,1269,filterLoc,,
3540,1272,filterLoc,,
3540,1275,filterLoc,,
3540,1278,filterLoc,,
3540,1281,filterLoc,,
3540,1284,filterLoc,,
3540,1287,filterLoc,,
3540,1290,filterLoc,,
3540,1293,filterLoc,,
3540,1296,filterLoc,,
3540,1299,filterLoc,,
3540,1302,filterLoc,,
3540,1305,filterLoc,,
3540,1308,filterLoc,,
3540,1311,filterLoc,,
3540,1314,filterLoc,,
3540,1317,filterLoc,,
3540,1320,filterLoc,,
3540,1323,filterLoc,,
3540,1326,filterLoc,,
3540,1329,filterLoc,,
3540,1332,filterLoc,,
3540,1335,filterLoc,,
3540,1338,filterLoc,,
3540,1341,filterLoc,,
3540,1344,filterLoc,,
3540,1347,filterLoc,,
3540,1350,filterLoc,,
3540,1353,filterLoc,,
3540,1356,filterLoc,,
3540,1359,filterLoc,,
3540,1362,filterLoc,,
3540,1365,filterLoc,,
3540,1368,filterLoc,,
3540,1371,filterLoc,,
3540,1374,filterLoc,,
3540,1377,filterLoc,,
3540,1380,filterLoc,,
3540,1383,filterLoc,,
3540,1386,filterLoc,,
3540,1389,filterLoc,,
3540,1392,filterLoc,,
3540,1395,filterLoc,,
3540,1398,filterLoc,,
3540,1401,filterLoc,,
3540,1404,filterLoc,,
3540,1407,filterLoc,,
3540,1410,filterLoc,,
3540,1413,filterLoc,,
3540,1416,filterLoc,,
3540,1419,filterLoc,,
3540,1422,filterLoc,,
3540,1425,filterLoc,,
3540,1428,filterLoc,,
3540,1431,filterLoc,,
3540,1434,filterLoc,,
3540,1437,filterLoc,,
3540,1440,filterLoc,,
3540,1443,filterLoc,,
3540,1446,filterLoc,,
3540,1449,filterLoc,,
3540,1452,filterLoc,,;Evacuee;73;in triage category;G;is entering helicopter;1
3540,1455,filterLoc,,
3540,1458,filterLoc,,
3540,1461,filterLoc,,
3540,1464,filterLoc,,
3540,1467,filterLoc,,
3540,1470,filterLoc,,
3540,1473,filterLoc,,
3540,1476,filterLoc,,
3540,1479,filterLoc,,
3540,1482,filterLoc,,
3540,1485,filterLoc,,
3540,1488,filterLoc,,
3540,1491,filterLoc,,
3540,1494,filterLoc,,
3540,1497,filterLoc,,
3540,1500,filterLoc,,
3540,1503,filterLoc,,
3540,1506,filterLoc,,
3540,1509,filterLoc,,
3540,638,filterLoc,out,Evacuee 80 in triage category G is assigned helicopter 1
3540,638,filterLoc,,
3540,639,evacuee,,Evacuee;80;in triage state;G;is entering helicopter;1
3540,641,filterLoc,out,Evacuee 79 in triage category G is assigned helicopter 1
3540,641,filterLoc,,
3540,642,evacuee,,Evacuee;79;in triage state;G;is entering helicopter;1
3540,704,filterLoc,out,Evacuee 66 in triage category G is assigned helicopter 1
3540,704,filterLoc,,
3540,705,evacuee,,Evacuee;66;in triage state;G;is entering helicopter;1
3540,707,filterLoc,out,Evacuee 62 in triage category G is assigned helicopter 1
3540,707,filterLoc,,
3540,708,evacuee,,Evacuee;62;in triage state;G;is entering helicopter;1
3540,761,filterLoc,out,Evacuee 70 in triage category G is assigned helicopter 1
3540,761,filterLoc,,
3540,762,evacuee,,Evacuee;70;in triage state;G;is entering helicopter;1
3540,830,filterLoc,out,Evacuee 97 in triage category G is assigned helicopter 1
3540,830,filterLoc,,
3540,831,evacuee,,Evacuee;97;in triage state;G;is entering helicopter;1
3540,839,filterLoc,out,Evacuee 89 in triage category G is assigned helicopter 1
3540,839,filterLoc,,
3540,840,evacuee,,Evacuee;89;in triage state;G;is entering helicopter;1
3540,887,filterLoc,out,Evacuee 92 in triage category G is assigned helicopter 1
3540,887,filterLoc,,
3540,888,evacuee,,Evacuee;92;in triage state;G;is entering helicopter;1
3540,947,filterLoc,out,Evacuee 75 in triage category G is assigned helicopter 1
3540,947,filterLoc,,
3540,948,evacuee,,Evacuee;75;in triage state;G;is entering helicopter;1
3540,1452,filterLoc,out,Evacuee 73 in triage category G is assigned helicopter 1
3540,1452,filterLoc,,
3540,1453,evacuee,,Evacuee;73;in triage state;G;is entering helicopter;1
3540,639,evacuee,outHelo,Evacuee 80 in triage category G is assigned helicopter 1
3540,639,evacuee,,Evacuee;80;in triage state;G;is in helicopter;1
3540,642,evacuee,outHelo,Evacuee 79 in triage category G is assigned helicopter 1
3540,642,evacuee,,Evacuee;79;in triage state;G;is in helicopter;1
3540,705,evacuee,outHelo,Evacuee 66 in triage category G is assigned helicopter 1
3540,705,evacuee,,Evacuee;66;in triage state;G;is in helicopter;1
3540,708,evacuee,outHelo,Evacuee 62 in triage category G is assigned helicopter 1
3540,708,evacuee,,Evacuee;62;in triage state;G;is in helicopter;1
3540,762,evacuee,outHelo,Evacuee 70 in triage category G is assigned helicopter 1
3540,762,evacuee,,Evacuee;70;in triage state;G;is in helicopter;1
3540,831,evacuee,outHelo,Evacuee 97 in triage category G is assigned helicopter 1
3540,831,evacuee,,Evacuee;97;in triage state;G;is in helicopter;1
3540,840,evacuee,outHelo,Evacuee 89 in triage category G is assigned helicopter 1
3540,840,evacuee,,Evacuee;89;in triage state;G;is in helicopter;1
3540,888,evacuee,outHelo,Evacuee 92 in triage category G is assigned helicopter 1
3540,888,evacuee,,Evacuee;92;in triage state;G;is in helicopter;1
3540,948,evacuee,outHelo,Evacuee 75 in triage category G is assigned helicopter 1
3540,948,evacuee,,Evacuee;75;in triage state;G;is in helicopter;1
3540,1151,filterEvac,,;Evacuee;62;in triage category;G;is entering helicopter;1;Evacuee;66;in triage category;G;is entering helicopter;1;Evacuee;70;in triage category;G;is entering helicopter;1;Evacuee;73;in triage category;G;is entering helicopter;1;Evacuee;75;in triage category;G;is entering helicopter;1;Evacuee;79;in triage category;G;is entering helicopter;1;Evacuee;80;in triage category;G;is entering helicopter;1;Evacuee;89;in triage category;G;is entering helicopter;1;Evacuee;92;in triage category;G;is entering helicopter;1;Evacuee;97;in triage category;G;is entering helicopter;1
3540,1453,evacuee,outHelo,Evacuee 73 in triage category G is assigned helicopter 1
3540,1453,evacuee,,Evacuee;73;in triage state;G;is in helicopter;1
3540,1151,filterEvac,out,Evacuee 62 in triage category G is assigned helicopter 1
3540,1151,filterEvac,out,Evacuee 66 in triage category G is assigned helicopter 1
3540,1151,filterEvac,out,Evacuee 70 in triage category G is assigned helicopter 1
3540,1151,filterEvac,out,Evacuee 73 in triage category G is assigned helicopter 1
3540,1151,filterEvac,out,Evacuee 75 in triage category G is assigned helicopter 1
3540,1151,filterEvac,out,Evacuee 79 in triage category G is assigned helicopter 1
3540,1151,filterEvac,out,Evacuee 80 in triage category G is assigned helicopter 1
3540,1151,filterEvac,out,Evacuee 89 in triage category G is assigned helicopter 1
3540,1151,filterEvac,out,Evacuee 92 in triage category G is assigned helicopter 1
3540,1151,filterEvac,out,Evacuee 97 in triage category G is assigned helicopter 1
3540,1151,filterEvac,,
3540,1153,helicopter,,Helicopter;1;is loading people at the evacuation site;;and has;10;spots taken
3549.48,3,evacueeManager,,OFF SHIP: White;0;Green;111;Yellow;31;Red;4;Black;324;ON SHIP: White;0;Green;0;Yellow;0;Red;0;Evacuees to Transfer;
3549.48,1435,evacuee,outES,Evacuee 225 in triage category Y is not assigned a helicopter
3549.48,1435,evacuee,,Evacuee;225;in triage state;R;is at the evacuation site
3554.03,3,evacueeManager,,OFF SHIP: White;0;Green;111;Yellow;30;Red;5;Black;324;ON SHIP: White;0;Green;0;Yellow;0;Red;0;Evacuees to Transfer;
3554.03,173,evacuee,outES,Evacuee 389 in triage category Y is not assigned a helicopter
3554.03,173,evacuee,,Evacuee;389;in triage state;R;is at the evacuation site
3555,4,helipadManager,outHelo,Helicopter 1 is evacuating people1
3555,4,helipadManager,,;No helos are at ES
3555,1152,filterES,,Helicopter;1;is evacuating people
3555,4,helipadManager,outHQ,0
3555,4,helipadManager,,;No helos are at ES
3555,5,helicopterQueue,,;No helos are waiting to land
3555,1152,filterES,out,Helicopter 1 is evacuating people1
3555,1152,filterES,,
3555,1153,helicopter,,Helicopter;1;is loading people at the evacuation site;;and has;10;spots taken
3555,5,helicopterQueue,,;No helos are waiting to land
3555,1153,helicopter,,Helicopter;1;is returning to the FOL;;and has;10;spots taken
3558.34,3,evacueeManager,,OFF SHIP: White;0;Green;111;Yellow;29;Red;6;Black;324;ON SHIP: White;0;Green;0;Yellow;0;Red;0;Evacuees to Transfer;
3558.34,1384,evacuee,outES,Evacuee 275 in triage category Y is not assigned a helicopter
3558.34,1384,evacuee,,Evacuee;275;in triage state;R;is at the evacuation site
3566.71,3,evacueeManager,,OFF SHIP: White;0;Green;111;Yellow;29;Red;5;Black;325;ON SHIP: White;0;Green;0;Yellow;0;Red;0;Evacuees to Transfer;
3566.71,753,evacuee,outES,Evacuee 9 in triage category R is not assigned a helicopter
3566.71,753,evacuee,,Evacuee;9;in triage state;B;is at the evacuation site
3577.7,3,evacueeManager,,OFF SHIP: White;0;Green;110;Yellow;30;Red;5;Black;325;ON SHIP: White;0;Green;0;Yellow;0;Red;0;Evacuees to Transfer;
3577.7,1444,evacuee,outES,Evacuee 464 in triage category G is not assigned a helicopter
3577.7,1444,evacuee,,Evacuee;464;in triage state;Y;is at the evacuation site
3596.8,3,evacueeManager,,OFF SHIP: White;0;Green;109;Yellow;31;Red;5;Black;325;ON SHIP: White;0;Green;0;Yellow;0;Red;0;Evacuees to Transfer;
3596.8,375,evacuee,outES,Evacuee 350 in triage category G is not assigned a helicopter
3596.8,375,evacuee,,Evacuee;350;in triage state;Y;is at the evacuation site
3598.43,3,evacueeManager,,OFF SHIP: White;0;Green;109;Yellow;31;Red;4;Black;326;ON SHIP: White;0;Green;0;Yellow;0;Red;0;Evacuees to Transfer;
3598.43,1435,evacuee,outES,Evacuee 225 in triage category R is not assigned a helicopter
3598.43,1435,evacuee,,Evacuee;225;in triage state;B;is at the evacuation site
3600,2,coastGuardShip,out,0
3600,2,coastGuardShip,,The ship has arrived and is loading evacuees.
3600,3,evacueeManager,,OFF SHIP: White;0;Green;59;Yellow;31;Red;4;Black;326;ON SHIP: White;0;Green;50;Yellow;0;Red;0;Evacuees to Transfer;;EvacueeID;98;HeloID;-1;OnShip;1;Triage Status;G;EvacueeID;99;HeloID;-1;OnShip;1;Triage Status;G;EvacueeID;101;HeloID;-1;OnShip;1;Triage Status;G;EvacueeID;107;HeloID;-1;OnShip;1;Triage Status;G;EvacueeID;110;HeloID;-1;OnShip;1;Triage Status;G;EvacueeID;112;HeloID;-1;OnShip;1;Triage Status;G;EvacueeID;114;HeloID;-1;OnShip;1;Triage Status;G;EvacueeID;115;HeloID;-1;OnShip;1;Triage Status;G;EvacueeID;119;HeloID;-1;OnShip;1;Triage Status;G;EvacueeID;125;HeloID;-1;OnShip;1;Triage Status;G;EvacueeID;130;HeloID;-1;OnShip;1;Triage Status;G;EvacueeID;134;HeloID;-1;OnShip;1;Triage Status;G;EvacueeID;135;HeloID;-1;OnShip;1;Triage Status;G;EvacueeID;140;HeloID;-1;OnShip;1;Triage Status;G;EvacueeID;142;HeloID;-1;OnShip;1;Triage Status;G;EvacueeID;143;HeloID;-1;OnShip;1;Triage Status;G;EvacueeID;145;HeloID;-1;OnShip;1;Triage Status;G;EvacueeID;146;HeloID;-1;OnShip;1;Triage Status;G;EvacueeID;149;HeloID;-1;OnShip;1;Triage Status;G;EvacueeID;150;HeloID;-1;OnShip;1;Triage Status;G;EvacueeID;151;HeloID;-1;OnShip;1;Triage Status;G;EvacueeID;167;HeloID;-1;OnShip;1;Triage Status;G;EvacueeID;178;HeloID;-1;OnShip;1;Triage Status;G;EvacueeID;180;HeloID;-1;OnShip;1;Triage Status;G;EvacueeID;186;HeloID;-1;OnShip;1;Triage Status;G;EvacueeID;189;HeloID;-1;OnShip;1;Triage Status;G;EvacueeID;191;HeloID;-1;OnShip;1;Triage Status;G;EvacueeID;199;HeloID;-1;OnShip;1;Triage Status;G;EvacueeID;200;HeloID;-1;OnShip;1;Triage Status;G;EvacueeID;205;HeloID;-1;OnShip;1;Triage Status;G;EvacueeID;206;HeloID;-1;OnShip;1;Triage Status;G;EvacueeID;208;HeloID;-1;OnShip;1;Triage Status;G;EvacueeID;209;HeloID;-1;OnShip;1;Triage Status;G;EvacueeID;212;HeloID;-1;OnShip;1;Triage Status;G;EvacueeID;215;HeloID;-1;OnShip;1;Triage Status;G;EvacueeID;217;HeloID;-1;OnShip;1;Triage Status;G;EvacueeID;223;HeloID;-1;OnShip;1;Triage Status;G;EvacueeID;227;HeloID;-1;OnShip;1;Triage Status;G;EvacueeID;228;HeloID;-1;OnShip;1;Triage Status;G;EvacueeID;229;HeloID;-1;OnShip;1;Triage Status;G;EvacueeID;231;HeloID;-1;OnShip;1;Triage Status;G;EvacueeID;233;HeloID;-1;OnShip;1;Triage Status;G;EvacueeID;236;HeloID;-1;OnShip;1;Triage Status;G;EvacueeID;242;HeloID;-1;OnShip;1;Triage Status;G;EvacueeID;246;HeloID;-1;OnShip;1;Triage Status;G;EvacueeID;250;HeloID;-1;OnShip;1;Triage Status;G;EvacueeID;253;HeloID;-1;OnShip;1;Triage Status;G;EvacueeID;255;HeloID;-1;OnShip;1;Triage Status;G;EvacueeID;258;HeloID;-1;OnShip;1;Triage Status;G;EvacueeID;259;HeloID;-1;OnShip;1;Triage Status;G
3600,3,evacueeManager,outEvac,Evacuee 98 in triage category G is told to board the coast guard ship
3600,3,evacueeManager,outEvac,Evacuee 99 in triage category G is told to board the coast guard ship
3600,3,evacueeManager,outEvac,Evacuee 101 in triage category G is told to board the coast guard ship
3600,3,evacueeManager,outEvac,Evacuee 107 in triage category G is told to board the coast guard ship
3600,3,evacueeManager,outEvac,Evacuee 110 in triage category G is told to board the coast guard ship
3600,3,evacueeManager,outEvac,Evacuee 112 in triage category G is told to board the coast guard ship
3600,3,evacueeManager,outEvac,Evacuee 114 in triage category G is told to board the coast guard ship
3600,3,evacueeManager,outEvac,Evacuee 115 in triage category G is told to board the coast guard ship
3600,3,evacueeManager,outEvac,Evacuee 119 in triage category G is told to board the coast guard ship
3600,3,evacueeManager,outEvac,Evacuee 125 in triage category G is told to board the coast guard ship
3600,3,evacueeManager,outEvac,Evacuee 130 in triage category G is told to board the coast guard ship
3600,3,evacueeManager,outEvac,Evacuee 134 in triage category G is told to board the coast guard ship
3600,3,evacueeManager,outEvac,Evacuee 135 in triage category G is told to board the coast guard ship
3600,3,evacueeManager,outEvac,Evacuee 140 in triage category G is told to board the coast guard ship
3600,3,evacueeManager,outEvac,Evacuee 142 in triage category G is told to board the coast guard ship
3600,3,evacueeManager,outEvac,Evacuee 143 in triage category G is told to board the coast guard ship
3600,3,evacueeManager,outEvac,Evacuee 145 in triage category G is told to board the coast guard ship
3600,3,evacueeManager,outEvac,Evacuee 146 in triage category G is told to board the coast guard ship
3600,3,evacueeManager,outEvac,Evacuee 149 in triage category G is told to board the coast guard ship
3600,3,evacueeManager,outEvac,Evacuee 150 in triage category G is told to board the coast guard ship
3600,3,evacueeManager,outEvac,Evacuee 151 in triage category G is told to board the coast guard ship
3600,3,evacueeManager,outEvac,Evacuee 167 in triage category G is told to board the coast guard ship
3600,3,evacueeManager,outEvac,Evacuee 178 in triage category G is told to board the coast guard ship
3600,3,evacueeManager,outEvac,Evacuee 180 in triage category G is told to board the coast guard ship
3600,3,evacueeManager,outEvac,Evacuee 186 in triage category G is told to board the coast guard ship
3600,3,evacueeManager,outEvac,Evacuee 189 in triage category G is told to board the coast guard ship
3600,3,evacueeManager,outEvac,Evacuee 191 in triage category G is told to board the coast guard ship
3600,3,evacueeManager,outEvac,Evacuee 199 in triage category G is told to board the coast guard ship
3600,3,evacueeManager,outEvac,Evacuee 200 in triage category G is told to board the coast guard ship
3600,3,evacueeManager,outEvac,Evacuee 205 in triage category G is told to board the coast guard ship
3600,3,evacueeManager,outEvac,Evacuee 206 in triage category G is told to board the coast guard ship
3600,3,evacueeManager,outEvac,Evacuee 208 in triage category G is told to board the coast guard ship
3600,3,evacueeManager,outEvac,Evacuee 209 in triage category G is told to board the coast guard ship
3600,3,evacueeManager,outEvac,Evacuee 212 in triage category G is told to board the coast guard ship
3600,3,evacueeManager,outEvac,Evacuee 215 in triage category G is told to board the coast guard ship
3600,3,evacueeManager,outEvac,Evacuee 217 in triage category G is told to board the coast guard ship
3600,3,evacueeManager,outEvac,Evacuee 223 in triage category G is told to board the coast guard ship
3600,3,evacueeManager,outEvac,Evacuee 227 in triage category G is told to board the coast guard ship
3600,3,evacueeManager,outEvac,Evacuee 228 in triage category G is told to board the coast guard ship
3600,3,evacueeManager,outEvac,Evacuee 229 in triage category G is told to board the coast guard ship
3600,3,evacueeManager,outEvac,Evacuee 231 in triage category G is told to board the coast guard ship
3600,3,evacueeManager,outEvac,Evacuee 233 in triage category G is told to board the coast guard ship
3600,3,evacueeManager,outEvac,Evacuee 236 in triage category G is told to board the coast guard ship
3600,3,evacueeManager,outEvac,Evacuee 242 in triage category G is told to board the coast guard ship
3600,3,evacueeManager,outEvac,Evacuee 246 in triage category G is told to board the coast guard ship
3600,3,evacueeManager,outEvac,Evacuee 250 in triage category G is told to board the coast guard ship
3600,3,evacueeManager,outEvac,Evacuee 253 in triage category G is told to board the coast guard ship
3600,3,evacueeManager,outEvac,Evacuee 255 in triage category G is told to board the coast guard ship
3600,3,evacueeManager,outEvac,Evacuee 258 in triage category G is told to board the coast guard ship
3600,3,evacueeManager,outEvac,Evacuee 259 in triage category G is told to board the coast guard ship
3600,3,evacueeManager,,OFF SHIP: White;0;Green;59;Yellow;31;Red;4;Black;326;ON SHIP: White;0;Green;50;Yellow;0;Red;0;Evacuees to Transfer;
3600,7,filterLoc,,
3600,10,filterLoc,,
3600,13,filterLoc,,
3600,16,filterLoc,,
3600,19,filterLoc,,
3600,22,filterLoc,,
3600,25,filterLoc,,
3600,28,filterLoc,,
3600,31,filterLoc,,
3600,34,filterLoc,,
3600,37,filterLoc,,
3600,40,filterLoc,,
3600,43,filterLoc,,
3600,46,filterLoc,,
3600,49,filterLoc,,
3600,52,filterLoc,,
3600,55,filterLoc,,
3600,58,filterLoc,,
3600,61,filterLoc,,
3600,64,filterLoc,,
3600,67,filterLoc,,
3600,70,filterLoc,,
3600,73,filterLoc,,
3600,76,filterLoc,,
3600,79,filterLoc,,
3600,82,filterLoc,,
3600,85,filterLoc,,
3600,88,filterLoc,,
3600,91,filterLoc,,
3600,94,filterLoc,,
3600,97,filterLoc,,
3600,100,filterLoc,,
3600,103,filterLoc,,
3600,106,filterLoc,,
3600,109,filterLoc,,
3600,112,filterLoc,,
3600,115,filterLoc,,
3600,118,filterLoc,,
3600,121,filterLoc,,
3600,124,filterLoc,,
3600,127,filterLoc,,
3600,130,filterLoc,,
3600,133,filterLoc,,
3600,136,filterLoc,,
3600,139,filterLoc,,
3600,142,filterLoc,,
3600,145,filterLoc,,
3600,148,filterLoc,,
3600,151,filterLoc,,
3600,154,filterLoc,,
3600,157,filterLoc,,
3600,160,filterLoc,,
3600,163,filterLoc,,
3600,166,filterLoc,,
3600,169,filterLoc,,
3600,172,filterLoc,,
3600,175,filterLoc,,
3600,178,filterLoc,,
3600,181,filterLoc,,
3600,184,filterLoc,,
3600,187,filterLoc,,
3600,190,filterLoc,,
3600,193,filterLoc,,
3600,196,filterLoc,,
3600,199,filterLoc,,
3600,202,filterLoc,,
3600,205,filterLoc,,
3600,208,filterLoc,,
3600,211,filterLoc,,
3600,214,filterLoc,,
3600,217,filterLoc,,
3600,221,filterLoc,,
3600,224,filterLoc,,
3600,227,filterLoc,,
3600,230,filterLoc,,
3600,233,filterLoc,,
3600,236,filterLoc,,
3600,239,filterLoc,,
3600,242,filterLoc,,
3600,245,filterLoc,,
3600,248,filterLoc,,
3600,251,filterLoc,,
3600,254,filterLoc,,
3600,257,filterLoc,,
3600,260,filterLoc,,
3600,263,filterLoc,,
3600,266,filterLoc,,
3600,269,filterLoc,,
3600,272,filterLoc,,
3600,275,filterLoc,,
3600,278,filterLoc,,
3600,281,filterLoc,,
3600,284,filterLoc,,
3600,287,filterLoc,,
3600,290,filterLoc,,
3600,293,filterLoc,,
3600,296,filterLoc,,
3600,299,filterLoc,,
3600,302,filterLoc,,
3600,305,filterLoc,,
3600,308,filterLoc,,
3600,311,filterLoc,,
3600,314,filterLoc,,
3600,317,filterLoc,,
3600,320,filterLoc,,
3600,323,filterLoc,,
3600,326,filterLoc,,
3600,329,filterLoc,,
3600,332,filterLoc,,
3600,335,filterLoc,,
3600,338,filterLoc,,
3600,341,filterLoc,,
3600,344,filterLoc,,
3600,347,filterLoc,,
3600,350,filterLoc,,
3600,353,filterLoc,,
3600,356,filterLoc,,
3600,359,filterLoc,,
3600,362,filterLoc,,
3600,365,filterLoc,,
3600,368,filterLoc,,
3600,371,filterLoc,,
3600,374,filterLoc,,
3600,377,filterLoc,,
3600,380,filterLoc,,
3600,383,filterLoc,,
3600,386,filterLoc,,
3600,389,filterLoc,,
3600,392,filterLoc,,
3600,395,filterLoc,,
3600,398,filterLoc,,
3600,401,filterLoc,,
3600,404,filterLoc,,
3600,407,filterLoc,,
3600,410,filterLoc,,
3600,413,filterLoc,,
3600,416,filterLoc,,
3600,419,filterLoc,,
3600,422,filterLoc,,
3600,425,filterLoc,,
3600,428,filterLoc,,
3600,431,filterLoc,,
3600,434,filterLoc,,
3600,437,filterLoc,,
3600,440,filterLoc,,
3600,443,filterLoc,,
3600,446,filterLoc,,;Evacuee;259;in triage category;G;is entering the coast guard ship 
3600,449,filterLoc,,;Evacuee;125;in triage category;G;is entering the coast guard ship 
3600,452,filterLoc,,;Evacuee;114;in triage category;G;is entering the coast guard ship 
3600,455,filterLoc,,
3600,458,filterLoc,,
3600,461,filterLoc,,
3600,464,filterLoc,,
3600,467,filterLoc,,
3600,470,filterLoc,,
3600,473,filterLoc,,
3600,476,filterLoc,,
3600,479,filterLoc,,
3600,482,filterLoc,,
3600,485,filterLoc,,
3600,488,filterLoc,,
3600,491,filterLoc,,
3600,494,filterLoc,,
3600,497,filterLoc,,
3600,500,filterLoc,,
3600,503,filterLoc,,
3600,506,filterLoc,,
3600,509,filterLoc,,;Evacuee;215;in triage category;G;is entering the coast guard ship 
3600,512,filterLoc,,
3600,515,filterLoc,,
3600,518,filterLoc,,;Evacuee;112;in triage category;G;is entering the coast guard ship 
3600,521,filterLoc,,
3600,524,filterLoc,,
3600,527,filterLoc,,
3600,530,filterLoc,,
3600,533,filterLoc,,
3600,536,filterLoc,,
3600,539,filterLoc,,
3600,542,filterLoc,,
3600,545,filterLoc,,
3600,548,filterLoc,,
3600,551,filterLoc,,
3600,554,filterLoc,,
3600,557,filterLoc,,
3600,560,filterLoc,,
3600,563,filterLoc,,
3600,566,filterLoc,,
3600,569,filterLoc,,;Evacuee;228;in triage category;G;is entering the coast guard ship 
3600,572,filterLoc,,
3600,575,filterLoc,,;Evacuee;101;in triage category;G;is entering the coast guard ship 
3600,578,filterLoc,,;Evacuee;142;in triage category;G;is entering the coast guard ship 
3600,581,filterLoc,,;Evacuee;99;in triage category;G;is entering the coast guard ship 
3600,584,filterLoc,,
3600,587,filterLoc,,
3600,590,filterLoc,,
3600,593,filterLoc,,
3600,596,filterLoc,,
3600,599,filterLoc,,
3600,602,filterLoc,,
3600,605,filterLoc,,
3600,608,filterLoc,,
3600,611,filterLoc,,
3600,614,filterLoc,,
3600,617,filterLoc,,
3600,620,filterLoc,,
3600,623,filterLoc,,
3600,626,filterLoc,,
3600,629,filterLoc,,
3600,632,filterLoc,,
3600,635,filterLoc,,
3600,638,filterLoc,,
3600,641,filterLoc,,
3600,644,filterLoc,,;Evacuee;115;in triage category;G;is entering the coast guard ship 
3600,647,filterLoc,,;Evacuee;98;in triage category;G;is entering the coast guard ship 
3600,650,filterLoc,,
3600,653,filterLoc,,
3600,656,filterLoc,,
3600,659,filterLoc,,
3600,662,filterLoc,,
3600,665,filterLoc,,
3600,668,filterLoc,,
3600,671,filterLoc,,
3600,674,filterLoc,,
3600,677,filterLoc,,
3600,680,filterLoc,,
3600,683,filterLoc,,
3600,686,filterLoc,,
3600,689,filterLoc,,
3600,692,filterLoc,,
3600,695,filterLoc,,
3600,698,filterLoc,,;Evacuee;134;in triage category;G;is entering the coast guard ship 
3600,701,filterLoc,,;Evacuee;199;in triage category;G;is entering the coast guard ship 
3600,704,filterLoc,,
3600,707,filterLoc,,
3600,710,filterLoc,,;Evacuee;223;in triage category;G;is entering the coast guard ship 
3600,713,filterLoc,,;Evacuee;135;in triage category;G;is entering the coast guard ship 
3600,716,filterLoc,,
3600,719,filterLoc,,
3600,722,filterLoc,,
3600,725,filterLoc,,
3600,728,filterLoc,,
3600,731,filterLoc,,
3600,734,filterLoc,,
3600,737,filterLoc,,
3600,740,filterLoc,,
3600,743,filterLoc,,
3600,746,filterLoc,,
3600,749,filterLoc,,
3600,752,filterLoc,,
3600,755,filterLoc,,
3600,758,filterLoc,,
3600,761,filterLoc,,
3600,764,filterLoc,,
3600,767,filterLoc,,;Evacuee;250;in triage category;G;is entering the coast guard ship 
3600,770,filterLoc,,;Evacuee;107;in triage category;G;is entering the coast guard ship 
3600,773,filterLoc,,;Evacuee;229;in triage category;G;is entering the coast guard ship 
3600,776,filterLoc,,;Evacuee;110;in triage category;G;is entering the coast guard ship 
3600,779,filterLoc,,
3600,782,filterLoc,,
3600,785,filterLoc,,
3600,788,filterLoc,,
3600,791,filterLoc,,
3600,794,filterLoc,,
3600,797,filterLoc,,
3600,800,filterLoc,,
3600,803,filterLoc,,
3600,806,filterLoc,,
3600,809,filterLoc,,
3600,812,filterLoc,,
3600,815,filterLoc,,
3600,818,filterLoc,,
3600,821,filterLoc,,
3600,824,filterLoc,,
3600,827,filterLoc,,
3600,830,filterLoc,,
3600,833,filterLoc,,
3600,836,filterLoc,,
3600,839,filterLoc,,
3600,842,filterLoc,,
3600,845,filterLoc,,
3600,848,filterLoc,,
3600,851,filterLoc,,
3600,854,filterLoc,,
3600,857,filterLoc,,
3600,860,filterLoc,,
3600,863,filterLoc,,
3600,866,filterLoc,,
3600,869,filterLoc,,
3600,872,filterLoc,,
3600,875,filterLoc,,
3600,878,filterLoc,,
3600,881,filterLoc,,;Evacuee;246;in triage category;G;is entering the coast guard ship 
3600,884,filterLoc,,
3600,887,filterLoc,,
3600,890,filterLoc,,
3600,893,filterLoc,,;Evacuee;150;in triage category;G;is entering the coast guard ship 
3600,896,filterLoc,,;Evacuee;119;in triage category;G;is entering the coast guard ship 
3600,899,filterLoc,,
3600,902,filterLoc,,
3600,905,filterLoc,,
3600,908,filterLoc,,
3600,911,filterLoc,,
3600,914,filterLoc,,
3600,917,filterLoc,,
3600,920,filterLoc,,
3600,923,filterLoc,,
3600,926,filterLoc,,
3600,929,filterLoc,,
3600,932,filterLoc,,
3600,935,filterLoc,,
3600,938,filterLoc,,
3600,941,filterLoc,,
3600,944,filterLoc,,
3600,947,filterLoc,,
3600,950,filterLoc,,
3600,953,filterLoc,,
3600,956,filterLoc,,;Evacuee;209;in triage category;G;is entering the coast guard ship 
3600,959,filterLoc,,
3600,962,filterLoc,,
3600,965,filterLoc,,
3600,968,filterLoc,,
3600,971,filterLoc,,
3600,974,filterLoc,,
3600,977,filterLoc,,
3600,980,filterLoc,,
3600,983,filterLoc,,
3600,986,filterLoc,,
3600,989,filterLoc,,
3600,992,filterLoc,,
3600,995,filterLoc,,
3600,998,filterLoc,,
3600,1001,filterLoc,,
3600,1004,filterLoc,,
3600,1007,filterLoc,,
3600,1010,filterLoc,,
3600,1013,filterLoc,,;Evacuee;200;in triage category;G;is entering the coast guard ship 
3600,1016,filterLoc,,;Evacuee;255;in triage category;G;is entering the coast guard ship 
3600,1019,filterLoc,,
3600,1022,filterLoc,,
3600,1025,filterLoc,,
3600,1028,filterLoc,,
3600,1031,filterLoc,,
3600,1034,filterLoc,,
3600,1037,filterLoc,,
3600,1040,filterLoc,,
3600,1043,filterLoc,,
3600,1046,filterLoc,,
3600,1049,filterLoc,,
3600,1052,filterLoc,,
3600,1055,filterLoc,,
3600,1058,filterLoc,,
3600,1061,filterLoc,,
3600,1064,filterLoc,,
3600,1067,filterLoc,,
3600,1070,filterLoc,,
3600,1073,filterLoc,,
3600,1076,filterLoc,,
3600,1079,filterLoc,,;Evacuee;212;in triage category;G;is entering the coast guard ship 
3600,1082,filterLoc,,
3600,1085,filterLoc,,
3600,1088,filterLoc,,
3600,1091,filterLoc,,
3600,1094,filterLoc,,
3600,1097,filterLoc,,
3600,1100,filterLoc,,
3600,1103,filterLoc,,
3600,1106,filterLoc,,
3600,1109,filterLoc,,
3600,1112,filterLoc,,
3600,1115,filterLoc,,
3600,1118,filterLoc,,
3600,1121,filterLoc,,
3600,1124,filterLoc,,
3600,1127,filterLoc,,
3600,1130,filterLoc,,
3600,1133,filterLoc,,
3600,1136,filterLoc,,;Evacuee;208;in triage category;G;is entering the coast guard ship 
3600,1139,filterLoc,,
3600,1142,filterLoc,,;Evacuee;231;in triage category;G;is entering the coast guard ship 
3600,1145,filterLoc,,
3600,1148,filterLoc,,
3600,1155,filterLoc,,
3600,1158,filterLoc,,
3600,1161,filterLoc,,
3600,1164,filterLoc,,
3600,1167,filterLoc,,
3600,1170,filterLoc,,
3600,1173,filterLoc,,
3600,1176,filterLoc,,
3600,1179,filterLoc,,
3600,1182,filterLoc,,
3600,1185,filterLoc,,
3600,1188,filterLoc,,
3600,1191,filterLoc,,
3600,1194,filterLoc,,
3600,1197,filterLoc,,
3600,1200,filterLoc,,;Evacuee;140;in triage category;G;is entering the coast guard ship 
3600,1203,filterLoc,,;Evacuee;130;in triage category;G;is entering the coast guard ship 
3600,1206,filterLoc,,;Evacuee;143;in triage category;G;is entering the coast guard ship 
3600,1209,filterLoc,,;Evacuee;149;in triage category;G;is entering the coast guard ship 
3600,1212,filterLoc,,
3600,1215,filterLoc,,;Evacuee;151;in triage category;G;is entering the coast guard ship 
3600,1218,filterLoc,,
3600,1221,filterLoc,,
3600,1224,filterLoc,,
3600,1227,filterLoc,,
3600,1230,filterLoc,,
3600,1233,filterLoc,,
3600,1236,filterLoc,,
3600,1239,filterLoc,,
3600,1242,filterLoc,,
3600,1245,filterLoc,,
3600,1248,filterLoc,,
3600,1251,filterLoc,,
3600,1254,filterLoc,,
3600,1257,filterLoc,,
3600,1260,filterLoc,,;Evacuee;242;in triage category;G;is entering the coast guard ship 
3600,1263,filterLoc,,;Evacuee;178;in triage category;G;is entering the coast guard ship 
3600,1266,filterLoc,,
3600,1269,filterLoc,,;Evacuee;146;in triage category;G;is entering the coast guard ship 
3600,1272,filterLoc,,;Evacuee;167;in triage category;G;is entering the coast guard ship 
3600,1275,filterLoc,,;Evacuee;145;in triage category;G;is entering the coast guard ship 
3600,1278,filterLoc,,
3600,1281,filterLoc,,
3600,1284,filterLoc,,
3600,1287,filterLoc,,
3600,1290,filterLoc,,
3600,1293,filterLoc,,
3600,1296,filterLoc,,
3600,1299,filterLoc,,
3600,1302,filterLoc,,
3600,1305,filterLoc,,
3600,1308,filterLoc,,
3600,1311,filterLoc,,
3600,1314,filterLoc,,
3600,1317,filterLoc,,
3600,1320,filterLoc,,
3600,1323,filterLoc,,;Evacuee;186;in triage category;G;is entering the coast guard ship 
3600,1326,filterLoc,,
3600,1329,filterLoc,,;Evacuee;217;in triage category;G;is entering the coast guard ship 
3600,1332,filterLoc,,;Evacuee;189;in triage category;G;is entering the coast guard ship 
3600,1335,filterLoc,,;Evacuee;253;in triage category;G;is entering the coast guard ship 
3600,1338,filterLoc,,;Evacuee;191;in triage category;G;is entering the coast guard ship 
3600,1341,filterLoc,,
3600,1344,filterLoc,,
3600,1347,filterLoc,,
3600,1350,filterLoc,,
3600,1353,filterLoc,,
3600,1356,filterLoc,,
3600,1359,filterLoc,,
3600,1362,filterLoc,,
3600,1365,filterLoc,,
3600,1368,filterLoc,,
3600,1371,filterLoc,,
3600,1374,filterLoc,,
3600,1377,filterLoc,,
3600,1380,filterLoc,,
3600,1383,filterLoc,,
3600,1386,filterLoc,,;Evacuee;205;in triage category;G;is entering the coast guard ship 
3600,1389,filterLoc,,
3600,1392,filterLoc,,;Evacuee;180;in triage category;G;is entering the coast guard ship 
3600,1395,filterLoc,,;Evacuee;206;in triage category;G;is entering the coast guard ship 
3600,1398,filterLoc,,
3600,1401,filterLoc,,
3600,1404,filterLoc,,
3600,1407,filterLoc,,
3600,1410,filterLoc,,
3600,1413,filterLoc,,
3600,1416,filterLoc,,
3600,1419,filterLoc,,
3600,1422,filterLoc,,
3600,1425,filterLoc,,
3600,1428,filterLoc,,
3600,1431,filterLoc,,
3600,1434,filterLoc,,
3600,1437,filterLoc,,
3600,1440,filterLoc,,
3600,1443,filterLoc,,
3600,1446,filterLoc,,;Evacuee;227;in triage category;G;is entering the coast guard ship 
3600,1449,filterLoc,,
3600,1452,filterLoc,,
3600,1455,filterLoc,,;Evacuee;233;in triage category;G;is entering the coast guard ship 
3600,1458,filterLoc,,;Evacuee;236;in triage category;G;is entering the coast guard ship 
3600,1461,filterLoc,,
3600,1464,filterLoc,,
3600,1467,filterLoc,,
3600,1470,filterLoc,,
3600,1473,filterLoc,,
3600,1476,filterLoc,,
3600,1479,filterLoc,,
3600,1482,filterLoc,,
3600,1485,filterLoc,,
3600,1488,filterLoc,,
3600,1491,filterLoc,,
3600,1494,filterLoc,,
3600,1497,filterLoc,,
3600,1500,filterLoc,,
3600,1503,filterLoc,,
3600,1506,filterLoc,,
3600,1509,filterLoc,,;Evacuee;258;in triage category;G;is entering the coast guard ship 
3600,446,filterLoc,out,Evacuee 259 in triage category G is told to board the coast guard ship
3600,446,filterLoc,,
3600,447,evacuee,,Evacuee;259;in triage state;G;is on board the Coast Guard Ship
3600,449,filterLoc,out,Evacuee 125 in triage category G is told to board the coast guard ship
3600,449,filterLoc,,
3600,450,evacuee,,Evacuee;125;in triage state;G;is on board the Coast Guard Ship
3600,452,filterLoc,out,Evacuee 114 in triage category G is told to board the coast guard ship
3600,452,filterLoc,,
3600,453,evacuee,,Evacuee;114;in triage state;G;is on board the Coast Guard Ship
3600,509,filterLoc,out,Evacuee 215 in triage category G is told to board the coast guard ship
3600,509,filterLoc,,
3600,510,evacuee,,Evacuee;215;in triage state;G;is on board the Coast Guard Ship
3600,518,filterLoc,out,Evacuee 112 in triage category G is told to board the coast guard ship
3600,518,filterLoc,,
3600,519,evacuee,,Evacuee;112;in triage state;G;is on board the Coast Guard Ship
3600,569,filterLoc,out,Evacuee 228 in triage category G is told to board the coast guard ship
3600,569,filterLoc,,
3600,570,evacuee,,Evacuee;228;in triage state;G;is on board the Coast Guard Ship
3600,575,filterLoc,out,Evacuee 101 in triage category G is told to board the coast guard ship
3600,575,filterLoc,,
3600,576,evacuee,,Evacuee;101;in triage state;G;is on board the Coast Guard Ship
3600,578,filterLoc,out,Evacuee 142 in triage category G is told to board the coast guard ship
3600,578,filterLoc,,
3600,579,evacuee,,Evacuee;142;in triage state;G;is on board the Coast Guard Ship
3600,581,filterLoc,out,Evacuee 99 in triage category G is told to board the coast guard ship
3600,581,filterLoc,,
3600,582,evacuee,,Evacuee;99;in triage state;G;is on board the Coast Guard Ship
3600,644,filterLoc,out,Evacuee 115 in triage category G is told to board the coast guard ship
3600,644,filterLoc,,
3600,645,evacuee,,Evacuee;115;in triage state;G;is on board the Coast Guard Ship
3600,647,filterLoc,out,Evacuee 98 in triage category G is told to board the coast guard ship
3600,647,filterLoc,,
3600,648,evacuee,,Evacuee;98;in triage state;G;is on board the Coast Guard Ship
3600,698,filterLoc,out,Evacuee 134 in triage category G is told to board the coast guard ship
3600,698,filterLoc,,
3600,699,evacuee,,Evacuee;134;in triage state;G;is on board the Coast Guard Ship
3600,701,filterLoc,out,Evacuee 199 in triage category G is told to board the coast guard ship
3600,701,filterLoc,,
3600,702,evacuee,,Evacuee;199;in triage state;G;is on board the Coast Guard Ship
3600,710,filterLoc,out,Evacuee 223 in triage category G is told to board the coast guard ship
3600,710,filterLoc,,
3600,711,evacuee,,Evacuee;223;in triage state;G;is on board the Coast Guard Ship
3600,713,filterLoc,out,Evacuee 135 in triage category G is told to board the coast guard ship
3600,713,filterLoc,,
3600,714,evacuee,,Evacuee;135;in triage state;G;is on board the Coast Guard Ship
3600,767,filterLoc,out,Evacuee 250 in triage category G is told to board the coast guard ship
3600,767,filterLoc,,
3600,768,evacuee,,Evacuee;250;in triage state;G;is on board the Coast Guard Ship
3600,770,filterLoc,out,Evacuee 107 in triage category G is told to board the coast guard ship
3600,770,filterLoc,,
3600,771,evacuee,,Evacuee;107;in triage state;G;is on board the Coast Guard Ship
3600,773,filterLoc,out,Evacuee 229 in triage category G is told to board the coast guard ship
3600,773,filterLoc,,
3600,774,evacuee,,Evacuee;229;in triage state;G;is on board the Coast Guard Ship
3600,776,filterLoc,out,Evacuee 110 in triage category G is told to board the coast guard ship
3600,776,filterLoc,,
3600,777,evacuee,,Evacuee;110;in triage state;G;is on board the Coast Guard Ship
3600,881,filterLoc,out,Evacuee 246 in triage category G is told to board the coast guard ship
3600,881,filterLoc,,
3600,882,evacuee,,Evacuee;246;in triage state;G;is on board the Coast Guard Ship
3600,893,filterLoc,out,Evacuee 150 in triage category G is told to board the coast guard ship
3600,893,filterLoc,,
3600,894,evacuee,,Evacuee;150;in triage state;G;is on board the Coast Guard Ship
3600,896,filterLoc,out,Evacuee 119 in triage category G is told to board the coast guard ship
3600,896,filterLoc,,
3600,897,evacuee,,Evacuee;119;in triage state;G;is on board the Coast Guard Ship
3600,956,filterLoc,out,Evacuee 209 in triage category G is told to board the coast guard ship
3600,956,filterLoc,,
3600,957,evacuee,,Evacuee;209;in triage state;G;is on board the Coast Guard Ship
3600,1013,filterLoc,out,Evacuee 200 in triage category G is told to board the coast guard ship
3600,1013,filterLoc,,
3600,1014,evacuee,,Evacuee;200;in triage state;G;is on board the Coast Guard Ship
3600,1016,filterLoc,out,Evacuee 255 in triage category G is told to board the coast guard ship
3600,1016,filterLoc,,
3600,1017,evacuee,,Evacuee;255;in triage state;G;is on board the Coast Guard Ship
3600,1079,filterLoc,out,Evacuee 212 in triage category G is told to board the coast guard ship
3600,1079,filterLoc,,
3600,1080,evacuee,,Evacuee;212;in triage state;G;is on board the Coast Guard Ship
3600,1136,filterLoc,out,Evacuee 208 in triage category G is told to board the coast guard ship
3600,1136,filterLoc,,
3600,1137,evacuee,,Evacuee;208;in triage state;G;is on board the Coast Guard Ship
3600,1142,filterLoc,out,Evacuee 231 in triage category G is told to board the coast guard ship
3600,1142,filterLoc,,
3600,1143,evacuee,,Evacuee;231;in triage state;G;is on board the Coast Guard Ship
3600,1200,filterLoc,out,Evacuee 140 in triage category G is told to board the coast guard ship
3600,1200,filterLoc,,
3600,1201,evacuee,,Evacuee;140;in triage state;G;is on board the Coast Guard Ship
3600,1203,filterLoc,out,Evacuee 130 in triage category G is told to board the coast guard ship
3600,1203,filterLoc,,
3600,1204,evacuee,,Evacuee;130;in triage state;G;is on board the Coast Guard Ship
3600,1206,filterLoc,out,Evacuee 143 in triage category G is told to board the coast guard ship
3600,1206,filterLoc,,
3600,1207,evacuee,,Evacuee;143;in triage state;G;is on board the Coast Guard Ship
3600,1209,filterLoc,out,Evacuee 149 in triage category G is told to board the coast guard ship
3600,1209,filterLoc,,
3600,1210,evacuee,,Evacuee;149;in triage state;G;is on board the Coast Guard Ship
3600,1215,filterLoc,out,Evacuee 151 in triage category G is told to board the coast guard ship
3600,1215,filterLoc,,
3600,1216,evacuee,,Evacuee;151;in triage state;G;is on board the Coast Guard Ship
3600,1260,filterLoc,out,Evacuee 242 in triage category G is told to board the coast guard ship
3600,1260,filterLoc,,
3600,1261,evacuee,,Evacuee;242;in triage state;G;is on board the Coast Guard Ship
3600,1263,filterLoc,out,Evacuee 178 in triage category G is told to board the coast guard ship
3600,1263,filterLoc,,
3600,1264,evacuee,,Evacuee;178;in triage state;G;is on board the Coast Guard Ship
3600,1269,filterLoc,out,Evacuee 146 in triage category G is told to board the coast guard ship
3600,1269,filterLoc,,
3600,1270,evacuee,,Evacuee;146;in triage state;G;is on board the Coast Guard Ship
3600,1272,filterLoc,out,Evacuee 167 in triage category G is told to board the coast guard ship
3600,1272,filterLoc,,
3600,1273,evacuee,,Evacuee;167;in triage state;G;is on board the Coast Guard Ship
3600,1275,filterLoc,out,Evacuee 145 in triage category G is told to board the coast guard ship
3600,1275,filterLoc,,
3600,1276,evacuee,,Evacuee;145;in triage state;G;is on board the Coast Guard Ship
3600,1323,filterLoc,out,Evacuee 186 in triage category G is told to board the coast guard ship
3600,1323,filterLoc,,
3600,1324,evacuee,,Evacuee;186;in triage state;G;is on board the Coast Guard Ship
3600,1329,filterLoc,out,Evacuee 217 in triage category G is told to board the coast guard ship
3600,1329,filterLoc,,
3600,1330,evacuee,,Evacuee;217;in triage state;G;is on board the Coast Guard Ship
3600,1332,filterLoc,out,Evacuee 189 in triage category G is told to board the coast guard ship
3600,1332,filterLoc,,
3600,1333,evacuee,,Evacuee;189;in triage state;G;is on board the Coast Guard Ship
3600,1335,filterLoc,out,Evacuee 253 in triage category G is told to board the coast guard ship
3600,1335,filterLoc,,
3600,1336,evacuee,,Evacuee;253;in triage state;G;is on board the Coast Guard Ship
3600,1338,filterLoc,out,Evacuee 191 in triage category G is told to board the coast guard ship
3600,1338,filterLoc,,
3600,1339,evacuee,,Evacuee;191;in triage state;G;is on board the Coast Guard Ship
3600,1386,filterLoc,out,Evacuee 205 in triage category G is told to board the coast guard ship
3600,1386,filterLoc,,
3600,1387,evacuee,,Evacuee;205;in triage state;G;is on board the Coast Guard Ship
3600,1392,filterLoc,out,Evacuee 180 in triage category G is told to board the coast guard ship
3600,1392,filterLoc,,
3600,1393,evacuee,,Evacuee;180;in triage state;G;is on board the Coast Guard Ship
3600,1395,filterLoc,out,Evacuee 206 in triage category G is told to board the coast guard ship
3600,1395,filterLoc,,
3600,1396,evacuee,,Evacuee;206;in triage state;G;is on board the Coast Guard Ship
3600,1446,filterLoc,out,Evacuee 227 in triage category G is told to board the coast guard ship
3600,1446,filterLoc,,
3600,1447,evacuee,,Evacuee;227;in triage state;G;is on board the Coast Guard Ship
3600,1455,filterLoc,out,Evacuee 233 in triage category G is told to board the coast guard ship
3600,1455,filterLoc,,
3600,1456,evacuee,,Evacuee;233;in triage state;G;is on board the Coast Guard Ship
3600,1458,filterLoc,out,Evacuee 236 in triage category G is told to board the coast guard ship
3600,1458,filterLoc,,
3600,1459,evacuee,,Evacuee;236;in triage state;G;is on board the Coast Guard Ship
3600,1509,filterLoc,out,Evacuee 258 in triage category G is told to board the coast guard ship
3600,1509,filterLoc,,
3600,1510,evacuee,,Evacuee;258;in triage state;G;is on board the Coast Guard Ship
3600,447,evacuee,,Evacuee;259;in triage state;G;is on board the Coast Guard Ship
3600,450,evacuee,,Evacuee;125;in triage state;G;is on board the Coast Guard Ship
3600,453,evacuee,,Evacuee;114;in triage state;G;is on board the Coast Guard Ship
3600,510,evacuee,,Evacuee;215;in triage state;G;is on board the Coast Guard Ship
3600,519,evacuee,,Evacuee;112;in triage state;G;is on board the Coast Guard Ship
3600,570,evacuee,,Evacuee;228;in triage state;G;is on board the Coast Guard Ship
3600,576,evacuee,,Evacuee;101;in triage state;G;is on board the Coast Guard Ship
3600,579,evacuee,,Evacuee;142;in triage state;G;is on board the Coast Guard Ship
3600,582,evacuee,,Evacuee;99;in triage state;G;is on board the Coast Guard Ship
3600,645,evacuee,,Evacuee;115;in triage state;G;is on board the Coast Guard Ship
3600,648,evacuee,,Evacuee;98;in triage state;G;is on board the Coast Guard Ship
3600,699,evacuee,,Evacuee;134;in triage state;G;is on board the Coast Guard Ship
3600,702,evacuee,,Evacuee;199;in triage state;G;is on board the Coast Guard Ship
3600,711,evacuee,,Evacuee;223;in triage state;G;is on board the Coast Guard Ship
3600,714,evacuee,,Evacuee;135;in triage state;G;is on board the Coast Guard Ship
3600,768,evacuee,,Evacuee;250;in triage state;G;is on board the Coast Guard Ship
3600,771,evacuee,,Evacuee;107;in triage state;G;is on board the Coast Guard Ship
3600,774,evacuee,,Evacuee;229;in triage state;G;is on board the Coast Guard Ship
3600,777,evacuee,,Evacuee;110;in triage state;G;is on board the Coast Guard Ship
3600,882,evacuee,,Evacuee;246;in triage state;G;is on board the Coast Guard Ship
3600,894,evacuee,,Evacuee;150;in triage state;G;is on board the Coast Guard Ship
3600,897,evacuee,,Evacuee;119;in triage state;G;is on board the Coast Guard Ship
3600,957,evacuee,,Evacuee;209;in triage state;G;is on board the Coast Guard Ship
3600,1014,evacuee,,Evacuee;200;in triage state;G;is on board the Coast Guard Ship
3600,1017,evacuee,,Evacuee;255;in triage state;G;is on board the Coast Guard Ship
3600,1080,evacuee,,Evacuee;212;in triage state;G;is on board the Coast Guard Ship
3600,1137,evacuee,,Evacuee;208;in triage state;G;is on board the Coast Guard Ship
3600,1143,evacuee,,Evacuee;231;in triage state;G;is on board the Coast Guard Ship
3600,1201,evacuee,,Evacuee;140;in triage state;G;is on board the Coast Guard Ship
3600,1204,evacuee,,Evacuee;130;in triage state;G;is on board the Coast Guard Ship
3600,1207,evacuee,,Evacuee;143;in triage state;G;is on board the Coast Guard Ship
3600,1210,evacuee,,Evacuee;149;in triage state;G;is on board the Coast Guard Ship
3600,1216,evacuee,,Evacuee;151;in triage state;G;is on board the Coast Guard Ship
3600,1261,evacuee,,Evacuee;242;in triage state;G;is on board the Coast Guard Ship
3600,1264,evacuee,,Evacuee;178;in triage state;G;is on board the Coast Guard Ship
3600,1270,evacuee,,Evacuee;146;in triage state;G;is on board the Coast Guard Ship
3600,1273,evacuee,,Evacuee;167;in triage state;G;is on board the Coast Guard Ship
3600,1276,evacuee,,Evacuee;145;in triage state;G;is on board the Coast Guard Ship
3600,1324,evacuee,,Evacuee;186;in triage state;G;is on board the Coast Guard Ship
3600,1330,evacuee,,Evacuee;217;in triage state;G;is on board the Coast Guard Ship
3600,1333,evacuee,,Evacuee;189;in triage state;G;is on board the Coast Guard Ship
3600,1336,evacuee,,Evacuee;253;in triage state;G;is on board the Coast Guard Ship
3600,1339,evacuee,,Evacuee;191;in triage state;G;is on board the Coast Guard Ship
3600,1387,evacuee,,Evacuee;205;in triage state;G;is on board the Coast Guard Ship
3600,1393,evacuee,,Evacuee;180;in triage state;G;is on board the Coast Guard Ship
3600,1396,evacuee,,Evacuee;206;in triage state;G;is on board the Coast Guard Ship
3600,1447,evacuee,,Evacuee;227;in triage state;G;is on board the Coast Guard Ship
3600,1456,evacuee,,Evacuee;233;in triage state;G;is on board the Coast Guard Ship
3600,1459,evacuee,,Evacuee;236;in triage state;G;is on board the Coast Guard Ship
3600,1510,evacuee,,Evacuee;258;in triage state;G;is on board the Coast Guard Ship
3606.84,3,evacueeManager,,OFF SHIP: White;0;Green;59;Yellow;31;Red;3;Black;327;ON SHIP: White;0;Green;50;Yellow;0;Red;0;Evacuees to Transfer;
3606.84,1384,evacuee,outES,Evacuee 275 in triage category R is not assigned a helicopter
3606.84,1384,evacuee,,Evacuee;275;in triage state;B;is at the evacuation site
3614.52,3,evacueeManager,,OFF SHIP: White;0;Green;59;Yellow;30;Red;4;Black;327;ON SHIP: White;0;Green;50;Yellow;0;Red;0;Evacuees to Transfer;
3614.52,621,evacuee,outES,Evacuee 49 in triage category Y is not assigned a helicopter
3614.52,621,evacuee,,Evacuee;49;in triage state;R;is at the evacuation site
3616.51,3,evacueeManager,,OFF SHIP: White;0;Green;59;Yellow;29;Red;5;Black;327;ON SHIP: White;0;Green;50;Yellow;0;Red;0;Evacuees to Transfer;
3616.51,237,evacuee,outES,Evacuee 425 in triage category Y is not assigned a helicopter
3616.51,237,evacuee,,Evacuee;425;in triage state;R;is at the evacuation site
3621.43,3,evacueeManager,,OFF SHIP: White;0;Green;59;Yellow;29;Red;5;Black;327;ON SHIP: White;1;Green;49;Yellow;0;Red;0;Evacuees to Transfer;
3621.43,453,evacuee,outES,Evacuee 114 in triage category G is told to board the coast guard ship
3621.43,453,evacuee,,Evacuee;114;in triage state;W;is on board the Coast Guard Ship
3622.04,3,evacueeManager,,OFF SHIP: White;0;Green;59;Yellow;29;Red;5;Black;327;ON SHIP: White;2;Green;48;Yellow;0;Red;0;Evacuees to Transfer;
3622.04,711,evacuee,outES,Evacuee 223 in triage category G is told to board the coast guard ship
3622.04,711,evacuee,,Evacuee;223;in triage state;W;is on board the Coast Guard Ship
3624.6,3,evacueeManager,,OFF SHIP: White;0;Green;59;Yellow;28;Red;6;Black;327;ON SHIP: White;2;Green;48;Yellow;0;Red;0;Evacuees to Transfer;
3624.6,504,evacuee,outES,Evacuee 470 in triage category Y is not assigned a helicopter
3624.6,504,evacuee,,Evacuee;470;in triage state;R;is at the evacuation site
3626.06,3,evacueeManager,,OFF SHIP: White;0;Green;59;Yellow;28;Red;5;Black;328;ON SHIP: White;2;Green;48;Yellow;0;Red;0;Evacuees to Transfer;
3626.06,237,evacuee,outES,Evacuee 425 in triage category R is not assigned a helicopter
3626.06,237,evacuee,,Evacuee;425;in triage state;B;is at the evacuation site
3629.61,3,evacueeManager,,OFF SHIP: White;0;Green;59;Yellow;27;Red;6;Black;328;ON SHIP: White;2;Green;48;Yellow;0;Red;0;Evacuees to Transfer;
3629.61,1198,evacuee,outES,Evacuee 194 in triage category Y is not assigned a helicopter
3629.61,1198,evacuee,,Evacuee;194;in triage state;R;is at the evacuation site
3631.63,3,evacueeManager,,OFF SHIP: White;0;Green;59;Yellow;27;Red;5;Black;329;ON SHIP: White;2;Green;48;Yellow;0;Red;0;Evacuees to Transfer;
3631.63,309,evacuee,outES,Evacuee 321 in triage category R is not assigned a helicopter
3631.63,309,evacuee,,Evacuee;321;in triage state;B;is at the evacuation site
3634.09,3,evacueeManager,,OFF SHIP: White;0;Green;59;Yellow;27;Red;4;Black;330;ON SHIP: White;2;Green;48;Yellow;0;Red;0;Evacuees to Transfer;
3634.09,303,evacuee,outES,Evacuee 365 in triage category R is not assigned a helicopter
3634.09,303,evacuee,,Evacuee;365;in triage state;B;is at the evacuation site
3646.7,3,evacueeManager,,OFF SHIP: White;0;Green;59;Yellow;27;Red;3;Black;331;ON SHIP: White;2;Green;48;Yellow;0;Red;0;Evacuees to Transfer;
3646.7,504,evacuee,outES,Evacuee 470 in triage category R is not assigned a helicopter
3646.7,504,evacuee,,Evacuee;470;in triage state;B;is at the evacuation site
3648.01,3,evacueeManager,,OFF SHIP: White;0;Green;59;Yellow;27;Red;2;Black;332;ON SHIP: White;2;Green;48;Yellow;0;Red;0;Evacuees to Transfer;
3648.01,1198,evacuee,outES,Evacuee 194 in triage category R is not assigned a helicopter
3648.01,1198,evacuee,,Evacuee;194;in triage state;B;is at the evacuation site
3661.53,3,evacueeManager,,OFF SHIP: White;0;Green;59;Yellow;27;Red;2;Black;332;ON SHIP: White;3;Green;47;Yellow;0;Red;0;Evacuees to Transfer;
3661.53,1014,evacuee,outES,Evacuee 200 in triage category G is told to board the coast guard ship
3661.53,1014,evacuee,,Evacuee;200;in triage state;W;is on board the Coast Guard Ship
3661.66,3,evacueeManager,,OFF SHIP: White;0;Green;59;Yellow;26;Red;3;Black;332;ON SHIP: White;3;Green;47;Yellow;0;Red;0;Evacuees to Transfer;
3661.66,53,evacuee,outES,Evacuee 471 in triage category Y is not assigned a helicopter
3661.66,53,evacuee,,Evacuee;471;in triage state;R;is at the evacuation site
3665.22,3,evacueeManager,,OFF SHIP: White;0;Green;59;Yellow;25;Red;4;Black;332;ON SHIP: White;3;Green;47;Yellow;0;Red;0;Evacuees to Transfer;
3665.22,696,evacuee,outES,Evacuee 128 in triage category Y is not assigned a helicopter
3665.22,696,evacuee,,Evacuee;128;in triage state;R;is at the evacuation site
3669.7,3,evacueeManager,,OFF SHIP: White;0;Green;59;Yellow;25;Red;3;Black;333;ON SHIP: White;3;Green;47;Yellow;0;Red;0;Evacuees to Transfer;
3669.7,173,evacuee,outES,Evacuee 389 in triage category R is not assigned a helicopter
3669.7,173,evacuee,,Evacuee;389;in triage state;B;is at the evacuation site
3676,3,evacueeManager,,OFF SHIP: White;0;Green;59;Yellow;25;Red;3;Black;333;ON SHIP: White;4;Green;46;Yellow;0;Red;0;Evacuees to Transfer;
3676,1264,evacuee,outES,Evacuee 178 in triage category G is told to board the coast guard ship
3676,1264,evacuee,,Evacuee;178;in triage state;W;is on board the Coast Guard Ship
3688.79,3,evacueeManager,,OFF SHIP: White;0;Green;59;Yellow;24;Red;4;Black;333;ON SHIP: White;4;Green;46;Yellow;0;Red;0;Evacuees to Transfer;
3688.79,1062,evacuee,outES,Evacuee 42 in triage category Y is not assigned a helicopter
3688.79,1062,evacuee,,Evacuee;42;in triage state;R;is at the evacuation site
3690.71,3,evacueeManager,,OFF SHIP: White;0;Green;59;Yellow;23;Red;5;Black;333;ON SHIP: White;4;Green;46;Yellow;0;Red;0;Evacuees to Transfer;
3690.71,1131,evacuee,outES,Evacuee 367 in triage category Y is not assigned a helicopter
3690.71,1131,evacuee,,Evacuee;367;in triage state;R;is at the evacuation site
3692.49,3,evacueeManager,,OFF SHIP: White;0;Green;59;Yellow;22;Red;6;Black;333;ON SHIP: White;4;Green;46;Yellow;0;Red;0;Evacuees to Transfer;
3692.49,1321,evacuee,outES,Evacuee 185 in triage category Y is not assigned a helicopter
3692.49,1321,evacuee,,Evacuee;185;in triage state;R;is at the evacuation site
3698.11,3,evacueeManager,,OFF SHIP: White;0;Green;59;Yellow;22;Red;5;Black;334;ON SHIP: White;4;Green;46;Yellow;0;Red;0;Evacuees to Transfer;
3698.11,696,evacuee,outES,Evacuee 128 in triage category R is not assigned a helicopter
3698.11,696,evacuee,,Evacuee;128;in triage state;B;is at the evacuation site
3702.19,3,evacueeManager,,OFF SHIP: White;0;Green;59;Yellow;22;Red;5;Black;334;ON SHIP: White;5;Green;45;Yellow;0;Red;0;Evacuees to Transfer;
3702.19,1456,evacuee,outES,Evacuee 233 in triage category G is told to board the coast guard ship
3702.19,1456,evacuee,,Evacuee;233;in triage state;W;is on board the Coast Guard Ship
3705,7,filterLoc,,
3705,10,filterLoc,,
3705,13,filterLoc,,
3705,16,filterLoc,,
3705,19,filterLoc,,
3705,22,filterLoc,,
3705,25,filterLoc,,
3705,28,filterLoc,,
3705,31,filterLoc,,
3705,34,filterLoc,,
3705,37,filterLoc,,
3705,40,filterLoc,,
3705,43,filterLoc,,
3705,46,filterLoc,,
3705,49,filterLoc,,
3705,52,filterLoc,,
3705,55,filterLoc,,
3705,58,filterLoc,,
3705,61,filterLoc,,
3705,64,filterLoc,,
3705,67,filterLoc,,
3705,70,filterLoc,,
3705,73,filterLoc,,
3705,76,filterLoc,,
3705,79,filterLoc,,
3705,82,filterLoc,,
3705,85,filterLoc,,
3705,88,filterLoc,,
3705,91,filterLoc,,
3705,94,filterLoc,,
3705,97,filterLoc,,
3705,100,filterLoc,,
3705,103,filterLoc,,
3705,106,filterLoc,,
3705,109,filterLoc,,
3705,112,filterLoc,,
3705,115,filterLoc,,
3705,118,filterLoc,,
3705,121,filterLoc,,
3705,124,filterLoc,,
3705,127,filterLoc,,
3705,130,filterLoc,,
3705,133,filterLoc,,
3705,136,filterLoc,,
3705,139,filterLoc,,
3705,142,filterLoc,,
3705,145,filterLoc,,
3705,148,filterLoc,,
3705,151,filterLoc,,
3705,154,filterLoc,,
3705,157,filterLoc,,
3705,160,filterLoc,,
3705,163,filterLoc,,
3705,166,filterLoc,,
3705,169,filterLoc,,
3705,172,filterLoc,,
3705,175,filterLoc,,
3705,178,filterLoc,,
3705,181,filterLoc,,
3705,184,filterLoc,,
3705,187,filterLoc,,
3705,190,filterLoc,,
3705,193,filterLoc,,
3705,196,filterLoc,,
3705,199,filterLoc,,
3705,202,filterLoc,,
3705,205,filterLoc,,
3705,208,filterLoc,,
3705,211,filterLoc,,
3705,214,filterLoc,,
3705,217,filterLoc,,
3705,221,filterLoc,,
3705,224,filterLoc,,
3705,227,filterLoc,,
3705,230,filterLoc,,
3705,233,filterLoc,,
3705,236,filterLoc,,
3705,239,filterLoc,,
3705,242,filterLoc,,
3705,245,filterLoc,,
3705,248,filterLoc,,
3705,251,filterLoc,,
3705,254,filterLoc,,
3705,257,filterLoc,,
3705,260,filterLoc,,
3705,263,filterLoc,,
3705,266,filterLoc,,
3705,269,filterLoc,,
3705,272,filterLoc,,
3705,275,filterLoc,,
3705,278,filterLoc,,
3705,281,filterLoc,,
3705,284,filterLoc,,
3705,287,filterLoc,,
3705,290,filterLoc,,
3705,293,filterLoc,,
3705,296,filterLoc,,
3705,299,filterLoc,,
3705,302,filterLoc,,
3705,305,filterLoc,,
3705,308,filterLoc,,
3705,311,filterLoc,,
3705,314,filterLoc,,
3705,317,filterLoc,,
3705,320,filterLoc,,
3705,323,filterLoc,,
3705,326,filterLoc,,
3705,329,filterLoc,,
3705,332,filterLoc,,
3705,335,filterLoc,,
3705,338,filterLoc,,
3705,341,filterLoc,,
3705,344,filterLoc,,
3705,347,filterLoc,,
3705,350,filterLoc,,
3705,353,filterLoc,,
3705,356,filterLoc,,
3705,359,filterLoc,,
3705,362,filterLoc,,
3705,365,filterLoc,,
3705,368,filterLoc,,
3705,371,filterLoc,,
3705,374,filterLoc,,
3705,377,filterLoc,,
3705,380,filterLoc,,
3705,383,filterLoc,,
3705,386,filterLoc,,
3705,389,filterLoc,,
3705,392,filterLoc,,
3705,395,filterLoc,,
3705,398,filterLoc,,
3705,401,filterLoc,,
3705,404,filterLoc,,
3705,407,filterLoc,,
3705,410,filterLoc,,
3705,413,filterLoc,,
3705,416,filterLoc,,
3705,419,filterLoc,,
3705,422,filterLoc,,
3705,425,filterLoc,,
3705,428,filterLoc,,
3705,431,filterLoc,,
3705,434,filterLoc,,
3705,437,filterLoc,,
3705,440,filterLoc,,
3705,443,filterLoc,,
3705,446,filterLoc,,
3705,449,filterLoc,,
3705,452,filterLoc,,
3705,455,filterLoc,,
3705,458,filterLoc,,
3705,461,filterLoc,,
3705,464,filterLoc,,
3705,467,filterLoc,,
3705,470,filterLoc,,
3705,473,filterLoc,,
3705,476,filterLoc,,
3705,479,filterLoc,,
3705,482,filterLoc,,
3705,485,filterLoc,,
3705,488,filterLoc,,
3705,491,filterLoc,,
3705,494,filterLoc,,
3705,497,filterLoc,,
3705,500,filterLoc,,
3705,503,filterLoc,,
3705,506,filterLoc,,
3705,509,filterLoc,,
3705,512,filterLoc,,
3705,515,filterLoc,,
3705,518,filterLoc,,
3705,521,filterLoc,,
3705,524,filterLoc,,
3705,527,filterLoc,,
3705,530,filterLoc,,
3705,533,filterLoc,,
3705,536,filterLoc,,
3705,539,filterLoc,,
3705,542,filterLoc,,
3705,545,filterLoc,,
3705,548,filterLoc,,
3705,551,filterLoc,,
3705,554,filterLoc,,
3705,557,filterLoc,,
3705,560,filterLoc,,
3705,563,filterLoc,,
3705,566,filterLoc,,
3705,569,filterLoc,,
3705,572,filterLoc,,
3705,575,filterLoc,,
3705,578,filterLoc,,
3705,581,filterLoc,,
3705,584,filterLoc,,
3705,587,filterLoc,,
3705,590,filterLoc,,
3705,593,filterLoc,,
3705,596,filterLoc,,
3705,599,filterLoc,,
3705,602,filterLoc,,
3705,605,filterLoc,,
3705,608,filterLoc,,
3705,611,filterLoc,,
3705,614,filterLoc,,
3705,617,filterLoc,,
3705,620,filterLoc,,
3705,623,filterLoc,,
3705,626,filterLoc,,
3705,629,filterLoc,,
3705,632,filterLoc,,
3705,635,filterLoc,,
3705,638,filterLoc,,;Evacuee;80;in triage category;G;is leaving helicopter;1
3705,641,filterLoc,,;Evacuee;79;in triage category;G;is leaving helicopter;1
3705,644,filterLoc,,
3705,647,filterLoc,,
3705,650,filterLoc,,
3705,653,filterLoc,,
3705,656,filterLoc,,
3705,659,filterLoc,,
3705,662,filterLoc,,
3705,665,filterLoc,,
3705,668,filterLoc,,
3705,671,filterLoc,,
3705,674,filterLoc,,
3705,677,filterLoc,,
3705,680,filterLoc,,
3705,683,filterLoc,,
3705,686,filterLoc,,
3705,689,filterLoc,,
3705,692,filterLoc,,
3705,695,filterLoc,,
3705,698,filterLoc,,
3705,701,filterLoc,,
3705,704,filterLoc,,;Evacuee;66;in triage category;G;is leaving helicopter;1
3705,707,filterLoc,,;Evacuee;62;in triage category;G;is leaving helicopter;1
3705,710,filterLoc,,
3705,713,filterLoc,,
3705,716,filterLoc,,
3705,719,filterLoc,,
3705,722,filterLoc,,
3705,725,filterLoc,,
3705,728,filterLoc,,
3705,731,filterLoc,,
3705,734,filterLoc,,
3705,737,filterLoc,,
3705,740,filterLoc,,
3705,743,filterLoc,,
3705,746,filterLoc,,
3705,749,filterLoc,,
3705,752,filterLoc,,
3705,755,filterLoc,,
3705,758,filterLoc,,
3705,761,filterLoc,,;Evacuee;70;in triage category;G;is leaving helicopter;1
3705,764,filterLoc,,
3705,767,filterLoc,,
3705,770,filterLoc,,
3705,773,filterLoc,,
3705,776,filterLoc,,
3705,779,filterLoc,,
3705,782,filterLoc,,
3705,785,filterLoc,,
3705,788,filterLoc,,
3705,791,filterLoc,,
3705,794,filterLoc,,
3705,797,filterLoc,,
3705,800,filterLoc,,
3705,803,filterLoc,,
3705,806,filterLoc,,
3705,809,filterLoc,,
3705,812,filterLoc,,
3705,815,filterLoc,,
3705,818,filterLoc,,
3705,821,filterLoc,,
3705,824,filterLoc,,
3705,827,filterLoc,,
3705,830,filterLoc,,;Evacuee;97;in triage category;G;is leaving helicopter;1
3705,833,filterLoc,,
3705,836,filterLoc,,
3705,839,filterLoc,,;Evacuee;89;in triage category;G;is leaving helicopter;1
3705,842,filterLoc,,
3705,845,filterLoc,,
3705,848,filterLoc,,
3705,851,filterLoc,,
3705,854,filterLoc,,
3705,857,filterLoc,,
3705,860,filterLoc,,
3705,863,filterLoc,,
3705,866,filterLoc,,
3705,869,filterLoc,,
3705,872,filterLoc,,
3705,875,filterLoc,,
3705,878,filterLoc,,
3705,881,filterLoc,,
3705,884,filterLoc,,
3705,887,filterLoc,,;Evacuee;92;in triage category;G;is leaving helicopter;1
3705,890,filterLoc,,
3705,893,filterLoc,,
3705,896,filterLoc,,
3705,899,filterLoc,,
3705,902,filterLoc,,
3705,905,filterLoc,,
3705,908,filterLoc,,
3705,911,filterLoc,,
3705,914,filterLoc,,
3705,917,filterLoc,,
3705,920,filterLoc,,
3705,923,filterLoc,,
3705,926,filterLoc,,
3705,929,filterLoc,,
3705,932,filterLoc,,
3705,935,filterLoc,,
3705,938,filterLoc,,
3705,941,filterLoc,,
3705,944,filterLoc,,
3705,947,filterLoc,,;Evacuee;75;in triage category;G;is leaving helicopter;1
3705,950,filterLoc,,
3705,953,filterLoc,,
3705,956,filterLoc,,
3705,959,filterLoc,,
3705,962,filterLoc,,
3705,965,filterLoc,,
3705,968,filterLoc,,
3705,971,filterLoc,,
3705,974,filterLoc,,
3705,977,filterLoc,,
3705,980,filterLoc,,
3705,983,filterLoc,,
3705,986,filterLoc,,
3705,989,filterLoc,,
3705,992,filterLoc,,
3705,995,filterLoc,,
3705,998,filterLoc,,
3705,1001,filterLoc,,
3705,1004,filterLoc,,
3705,1007,filterLoc,,
3705,1010,filterLoc,,
3705,1013,filterLoc,,
3705,1016,filterLoc,,
3705,1019,filterLoc,,
3705,1022,filterLoc,,
3705,1025,filterLoc,,
3705,1028,filterLoc,,
3705,1031,filterLoc,,
3705,1034,filterLoc,,
3705,1037,filterLoc,,
3705,1040,filterLoc,,
3705,1043,filterLoc,,
3705,1046,filterLoc,,
3705,1049,filterLoc,,
3705,1052,filterLoc,,
3705,1055,filterLoc,,
3705,1058,filterLoc,,
3705,1061,filterLoc,,
3705,1064,filterLoc,,
3705,1067,filterLoc,,
3705,1070,filterLoc,,
3705,1073,filterLoc,,
3705,1076,filterLoc,,
3705,1079,filterLoc,,
3705,1082,filterLoc,,
3705,1085,filterLoc,,
3705,1088,filterLoc,,
3705,1091,filterLoc,,
3705,1094,filterLoc,,
3705,1097,filterLoc,,
3705,1100,filterLoc,,
3705,1103,filterLoc,,
3705,1106,filterLoc,,
3705,1109,filterLoc,,
3705,1112,filterLoc,,
3705,1115,filterLoc,,
3705,1118,filterLoc,,
3705,1121,filterLoc,,
3705,1124,filterLoc,,
3705,1127,filterLoc,,
3705,1130,filterLoc,,
3705,1133,filterLoc,,
3705,1136,filterLoc,,
3705,1139,filterLoc,,
3705,1142,filterLoc,,
3705,1145,filterLoc,,
3705,1148,filterLoc,,
3705,1153,helicopter,outEvac,Evacuee 62 in triage category G is not assigned a helicopter
3705,1153,helicopter,outEvac,Evacuee 66 in triage category G is not assigned a helicopter
3705,1153,helicopter,outEvac,Evacuee 70 in triage category G is not assigned a helicopter
3705,1153,helicopter,outEvac,Evacuee 73 in triage category G is not assigned a helicopter
3705,1153,helicopter,outEvac,Evacuee 75 in triage category G is not assigned a helicopter
3705,1153,helicopter,outEvac,Evacuee 79 in triage category G is not assigned a helicopter
3705,1153,helicopter,outEvac,Evacuee 80 in triage category G is not assigned a helicopter
3705,1153,helicopter,outEvac,Evacuee 89 in triage category G is not assigned a helicopter
3705,1153,helicopter,outEvac,Evacuee 92 in triage category G is not assigned a helicopter
3705,1153,helicopter,outEvac,Evacuee 97 in triage category G is not assigned a helicopter
3705,1153,helicopter,,Helicopter;1;is unloading people at the FOL;;and has;0;spots taken
3705,1155,filterLoc,,
3705,1158,filterLoc,,
3705,1161,filterLoc,,
3705,1164,filterLoc,,
3705,1167,filterLoc,,
3705,1170,filterLoc,,
3705,1173,filterLoc,,
3705,1176,filterLoc,,
3705,1179,filterLoc,,
3705,1182,filterLoc,,
3705,1185,filterLoc,,
3705,1188,filterLoc,,
3705,1191,filterLoc,,
3705,1194,filterLoc,,
3705,1197,filterLoc,,
3705,1200,filterLoc,,
3705,1203,filterLoc,,
3705,1206,filterLoc,,
3705,1209,filterLoc,,
3705,1212,filterLoc,,
3705,1215,filterLoc,,
3705,1218,filterLoc,,
3705,1221,filterLoc,,
3705,1224,filterLoc,,
3705,1227,filterLoc,,
3705,1230,filterLoc,,
3705,1233,filterLoc,,
3705,1236,filterLoc,,
3705,1239,filterLoc,,
3705,1242,filterLoc,,
3705,1245,filterLoc,,
3705,1248,filterLoc,,
3705,1251,filterLoc,,
3705,1254,filterLoc,,
3705,1257,filterLoc,,
3705,1260,filterLoc,,
3705,1263,filterLoc,,
3705,1266,filterLoc,,
3705,1269,filterLoc,,
3705,1272,filterLoc,,
3705,1275,filterLoc,,
3705,1278,filterLoc,,
3705,1281,filterLoc,,
3705,1284,filterLoc,,
3705,1287,filterLoc,,
3705,1290,filterLoc,,
3705,1293,filterLoc,,
3705,1296,filterLoc,,
3705,1299,filterLoc,,
3705,1302,filterLoc,,
3705,1305,filterLoc,,
3705,1308,filterLoc,,
3705,1311,filterLoc,,
3705,1314,filterLoc,,
3705,1317,filterLoc,,
3705,1320,filterLoc,,
3705,1323,filterLoc,,
3705,1326,filterLoc,,
3705,1329,filterLoc,,
3705,1332,filterLoc,,
3705,1335,filterLoc,,
3705,1338,filterLoc,,
3705,1341,filterLoc,,
3705,1344,filterLoc,,
3705,1347,filterLoc,,
3705,1350,filterLoc,,
3705,1353,filterLoc,,
3705,1356,filterLoc,,
3705,1359,filterLoc,,
3705,1362,filterLoc,,
3705,1365,filterLoc,,
3705,1368,filterLoc,,
3705,1371,filterLoc,,
3705,1374,filterLoc,,
3705,1377,filterLoc,,
3705,1380,filterLoc,,
3705,1383,filterLoc,,
3705,1386,filterLoc,,
3705,1389,filterLoc,,
3705,1392,filterLoc,,
3705,1395,filterLoc,,
3705,1398,filterLoc,,
3705,1401,filterLoc,,
3705,1404,filterLoc,,
3705,1407,filterLoc,,
3705,1410,filterLoc,,
3705,1413,filterLoc,,
3705,1416,filterLoc,,
3705,1419,filterLoc,,
3705,1422,filterLoc,,
3705,1425,filterLoc,,
3705,1428,filterLoc,,
3705,1431,filterLoc,,
3705,1434,filterLoc,,
3705,1437,filterLoc,,
3705,1440,filterLoc,,
3705,1443,filterLoc,,
3705,1446,filterLoc,,
3705,1449,filterLoc,,
3705,1452,filterLoc,,;Evacuee;73;in triage category;G;is leaving helicopter;1
3705,1455,filterLoc,,
3705,1458,filterLoc,,
3705,1461,filterLoc,,
3705,1464,filterLoc,,
3705,1467,filterLoc,,
3705,1470,filterLoc,,
3705,1473,filterLoc,,
3705,1476,filterLoc,,
3705,1479,filterLoc,,
3705,1482,filterLoc,,
3705,1485,filterLoc,,
3705,1488,filterLoc,,
3705,1491,filterLoc,,
3705,1494,filterLoc,,
3705,1497,filterLoc,,
3705,1500,filterLoc,,
3705,1503,filterLoc,,
3705,1506,filterLoc,,
3705,1509,filterLoc,,
3705,638,filterLoc,out,Evacuee 80 in triage category G is not assigned a helicopter
3705,638,filterLoc,,
3705,639,evacuee,,Evacuee;80;in triage state;G;is entering the FOL
3705,641,filterLoc,out,Evacuee 79 in triage category G is not assigned a helicopter
3705,641,filterLoc,,
3705,642,evacuee,,Evacuee;79;in triage state;G;is entering the FOL
3705,704,filterLoc,out,Evacuee 66 in triage category G is not assigned a helicopter
3705,704,filterLoc,,
3705,705,evacuee,,Evacuee;66;in triage state;G;is entering the FOL
3705,707,filterLoc,out,Evacuee 62 in triage category G is not assigned a helicopter
3705,707,filterLoc,,
3705,708,evacuee,,Evacuee;62;in triage state;G;is entering the FOL
3705,761,filterLoc,out,Evacuee 70 in triage category G is not assigned a helicopter
3705,761,filterLoc,,
3705,762,evacuee,,Evacuee;70;in triage state;G;is entering the FOL
3705,830,filterLoc,out,Evacuee 97 in triage category G is not assigned a helicopter
3705,830,filterLoc,,
3705,831,evacuee,,Evacuee;97;in triage state;G;is entering the FOL
3705,839,filterLoc,out,Evacuee 89 in triage category G is not assigned a helicopter
3705,839,filterLoc,,
3705,840,evacuee,,Evacuee;89;in triage state;G;is entering the FOL
3705,887,filterLoc,out,Evacuee 92 in triage category G is not assigned a helicopter
3705,887,filterLoc,,
3705,888,evacuee,,Evacuee;92;in triage state;G;is entering the FOL
3705,947,filterLoc,out,Evacuee 75 in triage category G is not assigned a helicopter
3705,947,filterLoc,,
3705,948,evacuee,,Evacuee;75;in triage state;G;is entering the FOL
3705,1452,filterLoc,out,Evacuee 73 in triage category G is not assigned a helicopter
3705,1452,filterLoc,,
3705,1453,evacuee,,Evacuee;73;in triage state;G;is entering the FOL
3705,219,FOL,,;EvacueeID;5;Triage Status;G;EvacueeID;7;Triage Status;G;EvacueeID;13;Triage Status;G;EvacueeID;16;Triage Status;G;EvacueeID;18;Triage Status;G;EvacueeID;22;Triage Status;G;EvacueeID;23;Triage Status;G;EvacueeID;24;Triage Status;G;EvacueeID;25;Triage Status;G;EvacueeID;30;Triage Status;G;EvacueeID;32;Triage Status;G;EvacueeID;34;Triage Status;G;EvacueeID;37;Triage Status;G;EvacueeID;39;Triage Status;G;EvacueeID;40;Triage Status;G;EvacueeID;43;Triage Status;G;EvacueeID;44;Triage Status;G;EvacueeID;45;Triage Status;G;EvacueeID;51;Triage Status;G;EvacueeID;57;Triage Status;G;EvacueeID;62;Triage Status;G;EvacueeID;66;Triage Status;G;EvacueeID;70;Triage Status;G;EvacueeID;73;Triage Status;G;EvacueeID;75;Triage Status;G;EvacueeID;79;Triage Status;G;EvacueeID;80;Triage Status;G;EvacueeID;89;Triage Status;G;EvacueeID;92;Triage Status;G;EvacueeID;97;Triage Status;G;Lives Saved;30
3705,639,evacuee,outFOL,Evacuee 80 in triage category G is not assigned a helicopter
3705,639,evacuee,,Evacuee;80;in triage state;G;is at the FOL
3705,642,evacuee,outFOL,Evacuee 79 in triage category G is not assigned a helicopter
3705,642,evacuee,,Evacuee;79;in triage state;G;is at the FOL
3705,705,evacuee,outFOL,Evacuee 66 in triage category G is not assigned a helicopter
3705,705,evacuee,,Evacuee;66;in triage state;G;is at the FOL
3705,708,evacuee,outFOL,Evacuee 62 in triage category G is not assigned a helicopter
3705,708,evacuee,,Evacuee;62;in triage state;G;is at the FOL
3705,762,evacuee,outFOL,Evacuee 70 in triage category G is not assigned a helicopter
3705,762,evacuee,,Evacuee;70;in triage state;G;is at the FOL
3705,831,evacuee,outFOL,Evacuee 97 in triage category G is not assigned a helicopter
3705,831,evacuee,,Evacuee;97;in triage state;G;is at the FOL
3705,840,evacuee,outFOL,Evacuee 89 in triage category G is not assigned a helicopter
3705,840,evacuee,,Evacuee;89;in triage state;G;is at the FOL
3705,888,evacuee,outFOL,Evacuee 92 in triage category G is not assigned a helicopter
3705,888,evacuee,,Evacuee;92;in triage state;G;is at the FOL
3705,948,evacuee,outFOL,Evacuee 75 in triage category G is not assigned a helicopter
3705,948,evacuee,,Evacuee;75;in triage state;G;is at the FOL
3705,1453,evacuee,outFOL,Evacuee 73 in triage category G is not assigned a helicopter
3705,1453,evacuee,,Evacuee;73;in triage state;G;is at the FOL
3705,219,FOL,,;EvacueeID;5;Triage Status;G;EvacueeID;7;Triage Status;G;EvacueeID;13;Triage Status;G;EvacueeID;16;Triage Status;G;EvacueeID;18;Triage Status;G;EvacueeID;22;Triage Status;G;EvacueeID;23;Triage Status;G;EvacueeID;24;Triage Status;G;EvacueeID;25;Triage Status;G;EvacueeID;30;Triage Status;G;EvacueeID;32;Triage Status;G;EvacueeID;34;Triage Status;G;EvacueeID;37;Triage Status;G;EvacueeID;39;Triage Status;G;EvacueeID;40;Triage Status;G;EvacueeID;43;Triage Status;G;EvacueeID;44;Triage Status;G;EvacueeID;45;Triage Status;G;EvacueeID;51;Triage Status;G;EvacueeID;57;Triage Status;G;EvacueeID;62;Triage Status;G;EvacueeID;66;Triage Status;G;EvacueeID;70;Triage Status;G;EvacueeID;73;Triage Status;G;EvacueeID;75;Triage Status;G;EvacueeID;79;Triage Status;G;EvacueeID;80;Triage Status;G;EvacueeID;89;Triage Status;G;EvacueeID;92;Triage Status;G;EvacueeID;97;Triage Status;G;Lives Saved;30
3714.07,3,evacueeManager,,OFF SHIP: White;0;Green;59;Yellow;22;Red;4;Black;335;ON SHIP: White;5;Green;45;Yellow;0;Red;0;Evacuees to Transfer;
3714.07,53,evacuee,outES,Evacuee 471 in triage category R is not assigned a helicopter
3714.07,53,evacuee,,Evacuee;471;in triage state;B;is at the evacuation site
3720,1153,helicopter,,Helicopter;1;Is going to the evacuation site;;and has;0;spots taken
3720.19,3,evacueeManager,,OFF SHIP: White;0;Green;59;Yellow;22;Red;3;Black;336;ON SHIP: White;5;Green;45;Yellow;0;Red;0;Evacuees to Transfer;
3720.19,621,evacuee,outES,Evacuee 49 in triage category R is not assigned a helicopter
3720.19,621,evacuee,,Evacuee;49;in triage state;B;is at the evacuation site
3742.36,3,evacueeManager,,OFF SHIP: White;0;Green;59;Yellow;21;Red;4;Black;336;ON SHIP: White;5;Green;45;Yellow;0;Red;0;Evacuees to Transfer;
3742.36,119,evacuee,outES,Evacuee 420 in triage category Y is not assigned a helicopter
3742.36,119,evacuee,,Evacuee;420;in triage state;R;is at the evacuation site
3751.94,3,evacueeManager,,OFF SHIP: White;0;Green;58;Yellow;22;Red;4;Black;336;ON SHIP: White;5;Green;45;Yellow;0;Red;0;Evacuees to Transfer;
3751.94,1134,evacuee,outES,Evacuee 364 in triage category G is not assigned a helicopter
3751.94,1134,evacuee,,Evacuee;364;in triage state;Y;is at the evacuation site
3756.19,3,evacueeManager,,OFF SHIP: White;0;Green;57;Yellow;23;Red;4;Black;336;ON SHIP: White;5;Green;45;Yellow;0;Red;0;Evacuees to Transfer;
3756.19,312,evacuee,outES,Evacuee 319 in triage category G is not assigned a helicopter
3756.19,312,evacuee,,Evacuee;319;in triage state;Y;is at the evacuation site
3758.74,3,evacueeManager,,OFF SHIP: White;0;Green;57;Yellow;22;Red;5;Black;336;ON SHIP: White;5;Green;45;Yellow;0;Red;0;Evacuees to Transfer;
3758.74,1008,evacuee,outES,Evacuee 355 in triage category Y is not assigned a helicopter
3758.74,1008,evacuee,,Evacuee;355;in triage state;R;is at the evacuation site
3776.22,3,evacueeManager,,OFF SHIP: White;0;Green;57;Yellow;22;Red;4;Black;337;ON SHIP: White;5;Green;45;Yellow;0;Red;0;Evacuees to Transfer;
3776.22,119,evacuee,outES,Evacuee 420 in triage category R is not assigned a helicopter
3776.22,119,evacuee,,Evacuee;420;in triage state;B;is at the evacuation site
3776.41,3,evacueeManager,,OFF SHIP: White;0;Green;57;Yellow;21;Red;5;Black;337;ON SHIP: White;5;Green;45;Yellow;0;Red;0;Evacuees to Transfer;
3776.41,1444,evacuee,outES,Evacuee 464 in triage category Y is not assigned a helicopter
3776.41,1444,evacuee,,Evacuee;464;in triage state;R;is at the evacuation site
3788.83,3,evacueeManager,,OFF SHIP: White;0;Green;57;Yellow;20;Red;6;Black;337;ON SHIP: White;5;Green;45;Yellow;0;Red;0;Evacuees to Transfer;
3788.83,179,evacuee,outES,Evacuee 430 in triage category Y is not assigned a helicopter
3788.83,179,evacuee,,Evacuee;430;in triage state;R;is at the evacuation site
3797.16,3,evacueeManager,,OFF SHIP: White;0;Green;57;Yellow;20;Red;5;Black;338;ON SHIP: White;5;Green;45;Yellow;0;Red;0;Evacuees to Transfer;
3797.16,179,evacuee,outES,Evacuee 430 in triage category R is not assigned a helicopter
3797.16,179,evacuee,,Evacuee;430;in triage state;B;is at the evacuation site
3804.88,3,evacueeManager,,OFF SHIP: White;0;Green;57;Yellow;20;Red;5;Black;338;ON SHIP: White;6;Green;44;Yellow;0;Red;0;Evacuees to Transfer;
3804.88,714,evacuee,outES,Evacuee 135 in triage category G is told to board the coast guard ship
3804.88,714,evacuee,,Evacuee;135;in triage state;W;is on board the Coast Guard Ship
3807.69,3,evacueeManager,,OFF SHIP: White;0;Green;57;Yellow;19;Red;6;Black;338;ON SHIP: White;6;Green;44;Yellow;0;Red;0;Evacuees to Transfer;
3807.69,825,evacuee,outES,Evacuee 104 in triage category Y is not assigned a helicopter
3807.69,825,evacuee,,Evacuee;104;in triage state;R;is at the evacuation site
3813.91,3,evacueeManager,,OFF SHIP: White;0;Green;57;Yellow;19;Red;5;Black;339;ON SHIP: White;6;Green;44;Yellow;0;Red;0;Evacuees to Transfer;
3813.91,1008,evacuee,outES,Evacuee 355 in triage category R is not assigned a helicopter
3813.91,1008,evacuee,,Evacuee;355;in triage state;B;is at the evacuation site
3818.39,3,evacueeManager,,OFF SHIP: White;0;Green;57;Yellow;18;Red;6;Black;339;ON SHIP: White;6;Green;44;Yellow;0;Red;0;Evacuees to Transfer;
3818.39,1005,evacuee,outES,Evacuee 220 in triage category Y is not assigned a helicopter
3818.39,1005,evacuee,,Evacuee;220;in triage state;R;is at the evacuation site
3823.99,3,evacueeManager,,OFF SHIP: White;0;Green;57;Yellow;17;Red;7;Black;339;ON SHIP: White;6;Green;44;Yellow;0;Red;0;Evacuees to Transfer;
3823.99,372,evacuee,outES,Evacuee 290 in triage category Y is not assigned a helicopter
3823.99,372,evacuee,,Evacuee;290;in triage state;R;is at the evacuation site
3829.64,3,evacueeManager,,OFF SHIP: White;0;Green;56;Yellow;18;Red;7;Black;339;ON SHIP: White;6;Green;44;Yellow;0;Red;0;Evacuees to Transfer;
3829.64,249,evacuee,outES,Evacuee 353 in triage category G is not assigned a helicopter
3829.64,249,evacuee,,Evacuee;353;in triage state;Y;is at the evacuation site
3831.6,3,evacueeManager,,OFF SHIP: White;0;Green;56;Yellow;18;Red;6;Black;340;ON SHIP: White;6;Green;44;Yellow;0;Red;0;Evacuees to Transfer;
3831.6,1131,evacuee,outES,Evacuee 367 in triage category R is not assigned a helicopter
3831.6,1131,evacuee,,Evacuee;367;in triage state;B;is at the evacuation site
3839.84,3,evacueeManager,,OFF SHIP: White;0;Green;55;Yellow;19;Red;6;Black;340;ON SHIP: White;6;Green;44;Yellow;0;Red;0;Evacuees to Transfer;
3839.84,56,evacuee,outES,Evacuee 468 in triage category G is not assigned a helicopter
3839.84,56,evacuee,,Evacuee;468;in triage state;Y;is at the evacuation site
3849.44,3,evacueeManager,,OFF SHIP: White;0;Green;55;Yellow;19;Red;6;Black;340;ON SHIP: White;7;Green;43;Yellow;0;Red;0;Evacuees to Transfer;
3849.44,1017,evacuee,outES,Evacuee 255 in triage category G is told to board the coast guard ship
3849.44,1017,evacuee,,Evacuee;255;in triage state;W;is on board the Coast Guard Ship
3862.25,3,evacueeManager,,OFF SHIP: White;0;Green;54;Yellow;20;Red;6;Black;340;ON SHIP: White;7;Green;43;Yellow;0;Red;0;Evacuees to Transfer;
3862.25,441,evacuee,outES,Evacuee 262 in triage category G is not assigned a helicopter
3862.25,441,evacuee,,Evacuee;262;in triage state;Y;is at the evacuation site
3870,5,helicopterQueue,,1;Helos are waiting to land;HeloID;1
3870,1153,helicopter,outES,Helicopter 1 is evacuating people1
3870,1153,helicopter,,Helicopter;1;is waiting to land at the evacuation site;;and has;0;spots taken
3870,4,helipadManager,,;No helos are at ES
3870,5,helicopterQueue,outHM,Helicopter 1 is evacuating people1
3870,5,helicopterQueue,outHelo,Helicopter 1 is evacuating people1
3870,5,helicopterQueue,,;No helos are waiting to land
3870,1152,filterES,,Helicopter;1;is evacuating people
3870,3,evacueeManager,,OFF SHIP: White;0;Green;44;Yellow;20;Red;6;Black;340;ON SHIP: White;7;Green;43;Yellow;0;Red;0;Evacuees to Transfer;;EvacueeID;260;HeloID;1;OnShip;0;Triage Status;G;EvacueeID;261;HeloID;1;OnShip;0;Triage Status;G;EvacueeID;267;HeloID;1;OnShip;0;Triage Status;G;EvacueeID;283;HeloID;1;OnShip;0;Triage Status;G;EvacueeID;284;HeloID;1;OnShip;0;Triage Status;G;EvacueeID;285;HeloID;1;OnShip;0;Triage Status;G;EvacueeID;287;HeloID;1;OnShip;0;Triage Status;G;EvacueeID;288;HeloID;1;OnShip;0;Triage Status;G;EvacueeID;289;HeloID;1;OnShip;0;Triage Status;G;EvacueeID;296;HeloID;1;OnShip;0;Triage Status;G
3870,4,helipadManager,outEM,Helicopter 1 is evacuating people1
3870,4,helipadManager,,Helo;1;is at the ES
3870,1152,filterES,out,Helicopter 1 is evacuating people1
3870,1152,filterES,,
3870,1153,helicopter,,Helicopter;1;is waiting to land at the evacuation site;;and has;0;spots taken
3870,3,evacueeManager,outEvac,Evacuee 260 in triage category G is assigned helicopter 1
3870,3,evacueeManager,outEvac,Evacuee 261 in triage category G is assigned helicopter 1
3870,3,evacueeManager,outEvac,Evacuee 267 in triage category G is assigned helicopter 1
3870,3,evacueeManager,outEvac,Evacuee 283 in triage category G is assigned helicopter 1
3870,3,evacueeManager,outEvac,Evacuee 284 in triage category G is assigned helicopter 1
3870,3,evacueeManager,outEvac,Evacuee 285 in triage category G is assigned helicopter 1
3870,3,evacueeManager,outEvac,Evacuee 287 in triage category G is assigned helicopter 1
3870,3,evacueeManager,outEvac,Evacuee 288 in triage category G is assigned helicopter 1
3870,3,evacueeManager,outEvac,Evacuee 289 in triage category G is assigned helicopter 1
3870,3,evacueeManager,outEvac,Evacuee 296 in triage category G is assigned helicopter 1
3870,3,evacueeManager,,OFF SHIP: White;0;Green;44;Yellow;20;Red;6;Black;340;ON SHIP: White;7;Green;43;Yellow;0;Red;0;Evacuees to Transfer;
3870,7,filterLoc,,
3870,10,filterLoc,,
3870,13,filterLoc,,
3870,16,filterLoc,,
3870,19,filterLoc,,
3870,22,filterLoc,,
3870,25,filterLoc,,
3870,28,filterLoc,,
3870,31,filterLoc,,
3870,34,filterLoc,,
3870,37,filterLoc,,
3870,40,filterLoc,,
3870,43,filterLoc,,
3870,46,filterLoc,,
3870,49,filterLoc,,
3870,52,filterLoc,,
3870,55,filterLoc,,
3870,58,filterLoc,,
3870,61,filterLoc,,
3870,64,filterLoc,,
3870,67,filterLoc,,
3870,70,filterLoc,,
3870,73,filterLoc,,
3870,76,filterLoc,,
3870,79,filterLoc,,
3870,82,filterLoc,,
3870,85,filterLoc,,
3870,88,filterLoc,,
3870,91,filterLoc,,
3870,94,filterLoc,,
3870,97,filterLoc,,
3870,100,filterLoc,,
3870,103,filterLoc,,
3870,106,filterLoc,,
3870,109,filterLoc,,
3870,112,filterLoc,,
3870,115,filterLoc,,
3870,118,filterLoc,,
3870,121,filterLoc,,
3870,124,filterLoc,,
3870,127,filterLoc,,
3870,130,filterLoc,,
3870,133,filterLoc,,
3870,136,filterLoc,,
3870,139,filterLoc,,
3870,142,filterLoc,,
3870,145,filterLoc,,
3870,148,filterLoc,,
3870,151,filterLoc,,
3870,154,filterLoc,,
3870,157,filterLoc,,
3870,160,filterLoc,,
3870,163,filterLoc,,
3870,166,filterLoc,,
3870,169,filterLoc,,
3870,172,filterLoc,,
3870,175,filterLoc,,
3870,178,filterLoc,,
3870,181,filterLoc,,
3870,184,filterLoc,,
3870,187,filterLoc,,
3870,190,filterLoc,,
3870,193,filterLoc,,
3870,196,filterLoc,,
3870,199,filterLoc,,
3870,202,filterLoc,,
3870,205,filterLoc,,
3870,208,filterLoc,,
3870,211,filterLoc,,
3870,214,filterLoc,,
3870,217,filterLoc,,
3870,221,filterLoc,,
3870,224,filterLoc,,
3870,227,filterLoc,,
3870,230,filterLoc,,
3870,233,filterLoc,,
3870,236,filterLoc,,
3870,239,filterLoc,,
3870,242,filterLoc,,
3870,245,filterLoc,,
3870,248,filterLoc,,
3870,251,filterLoc,,
3870,254,filterLoc,,
3870,257,filterLoc,,
3870,260,filterLoc,,
3870,263,filterLoc,,
3870,266,filterLoc,,
3870,269,filterLoc,,
3870,272,filterLoc,,
3870,275,filterLoc,,
3870,278,filterLoc,,
3870,281,filterLoc,,
3870,284,filterLoc,,
3870,287,filterLoc,,
3870,290,filterLoc,,
3870,293,filterLoc,,
3870,296,filterLoc,,
3870,299,filterLoc,,
3870,302,filterLoc,,
3870,305,filterLoc,,
3870,308,filterLoc,,
3870,311,filterLoc,,
3870,314,filterLoc,,
3870,317,filterLoc,,
3870,320,filterLoc,,
3870,323,filterLoc,,
3870,326,filterLoc,,
3870,329,filterLoc,,
3870,332,filterLoc,,
3870,335,filterLoc,,
3870,338,filterLoc,,
3870,341,filterLoc,,
3870,344,filterLoc,,
3870,347,filterLoc,,
3870,350,filterLoc,,
3870,353,filterLoc,,
3870,356,filterLoc,,
3870,359,filterLoc,,
3870,362,filterLoc,,
3870,365,filterLoc,,
3870,368,filterLoc,,
3870,371,filterLoc,,
3870,374,filterLoc,,
3870,377,filterLoc,,;Evacuee;288;in triage category;G;is entering helicopter;1
3870,380,filterLoc,,;Evacuee;287;in triage category;G;is entering helicopter;1
3870,383,filterLoc,,
3870,386,filterLoc,,
3870,389,filterLoc,,;Evacuee;284;in triage category;G;is entering helicopter;1
3870,392,filterLoc,,;Evacuee;283;in triage category;G;is entering helicopter;1
3870,395,filterLoc,,
3870,398,filterLoc,,
3870,401,filterLoc,,
3870,404,filterLoc,,
3870,407,filterLoc,,
3870,410,filterLoc,,
3870,413,filterLoc,,
3870,416,filterLoc,,
3870,419,filterLoc,,
3870,422,filterLoc,,
3870,425,filterLoc,,
3870,428,filterLoc,,
3870,431,filterLoc,,
3870,434,filterLoc,,
3870,437,filterLoc,,
3870,440,filterLoc,,
3870,443,filterLoc,,;Evacuee;260;in triage category;G;is entering helicopter;1
3870,446,filterLoc,,
3870,449,filterLoc,,
3870,452,filterLoc,,
3870,455,filterLoc,,;Evacuee;289;in triage category;G;is entering helicopter;1
3870,458,filterLoc,,
3870,461,filterLoc,,
3870,464,filterLoc,,
3870,467,filterLoc,,
3870,470,filterLoc,,
3870,473,filterLoc,,
3870,476,filterLoc,,
3870,479,filterLoc,,
3870,482,filterLoc,,
3870,485,filterLoc,,
3870,488,filterLoc,,
3870,491,filterLoc,,
3870,494,filterLoc,,
3870,497,filterLoc,,
3870,500,filterLoc,,
3870,503,filterLoc,,
3870,506,filterLoc,,
3870,509,filterLoc,,
3870,512,filterLoc,,
3870,515,filterLoc,,
3870,518,filterLoc,,
3870,521,filterLoc,,
3870,524,filterLoc,,
3870,527,filterLoc,,
3870,530,filterLoc,,
3870,533,filterLoc,,
3870,536,filterLoc,,
3870,539,filterLoc,,
3870,542,filterLoc,,
3870,545,filterLoc,,
3870,548,filterLoc,,
3870,551,filterLoc,,
3870,554,filterLoc,,
3870,557,filterLoc,,
3870,560,filterLoc,,
3870,563,filterLoc,,
3870,566,filterLoc,,
3870,569,filterLoc,,
3870,572,filterLoc,,
3870,575,filterLoc,,
3870,578,filterLoc,,
3870,581,filterLoc,,
3870,584,filterLoc,,
3870,587,filterLoc,,
3870,590,filterLoc,,
3870,593,filterLoc,,
3870,596,filterLoc,,
3870,599,filterLoc,,
3870,602,filterLoc,,
3870,605,filterLoc,,
3870,608,filterLoc,,
3870,611,filterLoc,,
3870,614,filterLoc,,
3870,617,filterLoc,,
3870,620,filterLoc,,
3870,623,filterLoc,,
3870,626,filterLoc,,
3870,629,filterLoc,,
3870,632,filterLoc,,
3870,635,filterLoc,,
3870,638,filterLoc,,
3870,641,filterLoc,,
3870,644,filterLoc,,
3870,647,filterLoc,,
3870,650,filterLoc,,
3870,653,filterLoc,,
3870,656,filterLoc,,
3870,659,filterLoc,,
3870,662,filterLoc,,
3870,665,filterLoc,,
3870,668,filterLoc,,
3870,671,filterLoc,,
3870,674,filterLoc,,
3870,677,filterLoc,,
3870,680,filterLoc,,
3870,683,filterLoc,,
3870,686,filterLoc,,
3870,689,filterLoc,,
3870,692,filterLoc,,
3870,695,filterLoc,,
3870,698,filterLoc,,
3870,701,filterLoc,,
3870,704,filterLoc,,
3870,707,filterLoc,,
3870,710,filterLoc,,
3870,713,filterLoc,,
3870,716,filterLoc,,
3870,719,filterLoc,,
3870,722,filterLoc,,
3870,725,filterLoc,,
3870,728,filterLoc,,
3870,731,filterLoc,,
3870,734,filterLoc,,
3870,737,filterLoc,,
3870,740,filterLoc,,
3870,743,filterLoc,,
3870,746,filterLoc,,
3870,749,filterLoc,,
3870,752,filterLoc,,
3870,755,filterLoc,,
3870,758,filterLoc,,
3870,761,filterLoc,,
3870,764,filterLoc,,
3870,767,filterLoc,,
3870,770,filterLoc,,
3870,773,filterLoc,,
3870,776,filterLoc,,
3870,779,filterLoc,,
3870,782,filterLoc,,
3870,785,filterLoc,,
3870,788,filterLoc,,
3870,791,filterLoc,,
3870,794,filterLoc,,
3870,797,filterLoc,,
3870,800,filterLoc,,
3870,803,filterLoc,,
3870,806,filterLoc,,
3870,809,filterLoc,,
3870,812,filterLoc,,
3870,815,filterLoc,,
3870,818,filterLoc,,
3870,821,filterLoc,,
3870,824,filterLoc,,
3870,827,filterLoc,,
3870,830,filterLoc,,
3870,833,filterLoc,,
3870,836,filterLoc,,;Evacuee;285;in triage category;G;is entering helicopter;1
3870,839,filterLoc,,
3870,842,filterLoc,,
3870,845,filterLoc,,
3870,848,filterLoc,,
3870,851,filterLoc,,
3870,854,filterLoc,,
3870,857,filterLoc,,
3870,860,filterLoc,,
3870,863,filterLoc,,
3870,866,filterLoc,,
3870,869,filterLoc,,
3870,872,filterLoc,,
3870,875,filterLoc,,
3870,878,filterLoc,,
3870,881,filterLoc,,
3870,884,filterLoc,,
3870,887,filterLoc,,
3870,890,filterLoc,,
3870,893,filterLoc,,
3870,896,filterLoc,,
3870,899,filterLoc,,
3870,902,filterLoc,,
3870,905,filterLoc,,
3870,908,filterLoc,,
3870,911,filterLoc,,
3870,914,filterLoc,,
3870,917,filterLoc,,
3870,920,filterLoc,,
3870,923,filterLoc,,
3870,926,filterLoc,,
3870,929,filterLoc,,
3870,932,filterLoc,,
3870,935,filterLoc,,
3870,938,filterLoc,,
3870,941,filterLoc,,
3870,944,filterLoc,,
3870,947,filterLoc,,
3870,950,filterLoc,,
3870,953,filterLoc,,
3870,956,filterLoc,,
3870,959,filterLoc,,
3870,962,filterLoc,,
3870,965,filterLoc,,
3870,968,filterLoc,,
3870,971,filterLoc,,
3870,974,filterLoc,,
3870,977,filterLoc,,
3870,980,filterLoc,,
3870,983,filterLoc,,
3870,986,filterLoc,,
3870,989,filterLoc,,
3870,992,filterLoc,,
3870,995,filterLoc,,
3870,998,filterLoc,,
3870,1001,filterLoc,,
3870,1004,filterLoc,,
3870,1007,filterLoc,,
3870,1010,filterLoc,,
3870,1013,filterLoc,,
3870,1016,filterLoc,,
3870,1019,filterLoc,,
3870,1022,filterLoc,,
3870,1025,filterLoc,,
3870,1028,filterLoc,,
3870,1031,filterLoc,,
3870,1034,filterLoc,,
3870,1037,filterLoc,,
3870,1040,filterLoc,,
3870,1043,filterLoc,,
3870,1046,filterLoc,,
3870,1049,filterLoc,,
3870,1052,filterLoc,,
3870,1055,filterLoc,,
3870,1058,filterLoc,,
3870,1061,filterLoc,,
3870,1064,filterLoc,,
3870,1067,filterLoc,,
3870,1070,filterLoc,,
3870,1073,filterLoc,,
3870,1076,filterLoc,,
3870,1079,filterLoc,,
3870,1082,filterLoc,,
3870,1085,filterLoc,,
3870,1088,filterLoc,,
3870,1091,filterLoc,,
3870,1094,filterLoc,,
3870,1097,filterLoc,,
3870,1100,filterLoc,,
3870,1103,filterLoc,,
3870,1106,filterLoc,,
3870,1109,filterLoc,,
3870,1112,filterLoc,,
3870,1115,filterLoc,,
3870,1118,filterLoc,,
3870,1121,filterLoc,,
3870,1124,filterLoc,,
3870,1127,filterLoc,,
3870,1130,filterLoc,,
3870,1133,filterLoc,,
3870,1136,filterLoc,,
3870,1139,filterLoc,,
3870,1142,filterLoc,,
3870,1145,filterLoc,,;Evacuee;261;in triage category;G;is entering helicopter;1
3870,1148,filterLoc,,
3870,1153,helicopter,,Helicopter;1;is loading people at the evacuation site;;and has;0;spots taken
3870,1155,filterLoc,,
3870,1158,filterLoc,,
3870,1161,filterLoc,,
3870,1164,filterLoc,,
3870,1167,filterLoc,,
3870,1170,filterLoc,,
3870,1173,filterLoc,,
3870,1176,filterLoc,,
3870,1179,filterLoc,,
3870,1182,filterLoc,,
3870,1185,filterLoc,,
3870,1188,filterLoc,,
3870,1191,filterLoc,,
3870,1194,filterLoc,,
3870,1197,filterLoc,,
3870,1200,filterLoc,,
3870,1203,filterLoc,,
3870,1206,filterLoc,,
3870,1209,filterLoc,,
3870,1212,filterLoc,,;Evacuee;296;in triage category;G;is entering helicopter;1
3870,1215,filterLoc,,
3870,1218,filterLoc,,
3870,1221,filterLoc,,
3870,1224,filterLoc,,
3870,1227,filterLoc,,
3870,1230,filterLoc,,
3870,1233,filterLoc,,
3870,1236,filterLoc,,
3870,1239,filterLoc,,
3870,1242,filterLoc,,
3870,1245,filterLoc,,
3870,1248,filterLoc,,
3870,1251,filterLoc,,
3870,1254,filterLoc,,
3870,1257,filterLoc,,
3870,1260,filterLoc,,
3870,1263,filterLoc,,
3870,1266,filterLoc,,
3870,1269,filterLoc,,
3870,1272,filterLoc,,
3870,1275,filterLoc,,
3870,1278,filterLoc,,
3870,1281,filterLoc,,
3870,1284,filterLoc,,
3870,1287,filterLoc,,
3870,1290,filterLoc,,
3870,1293,filterLoc,,
3870,1296,filterLoc,,
3870,1299,filterLoc,,
3870,1302,filterLoc,,
3870,1305,filterLoc,,
3870,1308,filterLoc,,
3870,1311,filterLoc,,
3870,1314,filterLoc,,
3870,1317,filterLoc,,
3870,1320,filterLoc,,
3870,1323,filterLoc,,
3870,1326,filterLoc,,
3870,1329,filterLoc,,
3870,1332,filterLoc,,
3870,1335,filterLoc,,
3870,1338,filterLoc,,
3870,1341,filterLoc,,
3870,1344,filterLoc,,
3870,1347,filterLoc,,
3870,1350,filterLoc,,
3870,1353,filterLoc,,
3870,1356,filterLoc,,
3870,1359,filterLoc,,
3870,1362,filterLoc,,
3870,1365,filterLoc,,
3870,1368,filterLoc,,
3870,1371,filterLoc,,
3870,1374,filterLoc,,
3870,1377,filterLoc,,
3870,1380,filterLoc,,
3870,1383,filterLoc,,
3870,1386,filterLoc,,
3870,1389,filterLoc,,
3870,1392,filterLoc,,
3870,1395,filterLoc,,
3870,1398,filterLoc,,
3870,1401,filterLoc,,
3870,1404,filterLoc,,
3870,1407,filterLoc,,
3870,1410,filterLoc,,
3870,1413,filterLoc,,
3870,1416,filterLoc,,
3870,1419,filterLoc,,
3870,1422,filterLoc,,
3870,1425,filterLoc,,
3870,1428,filterLoc,,
3870,1431,filterLoc,,
3870,1434,filterLoc,,
3870,1437,filterLoc,,
3870,1440,filterLoc,,
3870,1443,filterLoc,,
3870,1446,filterLoc,,
3870,1449,filterLoc,,;Evacuee;267;in triage category;G;is entering helicopter;1
3870,1452,filterLoc,,
3870,1455,filterLoc,,
3870,1458,filterLoc,,
3870,1461,filterLoc,,
3870,1464,filterLoc,,
3870,1467,filterLoc,,
3870,1470,filterLoc,,
3870,1473,filterLoc,,
3870,1476,filterLoc,,
3870,1479,filterLoc,,
3870,1482,filterLoc,,
3870,1485,filterLoc,,
3870,1488,filterLoc,,
3870,1491,filterLoc,,
3870,1494,filterLoc,,
3870,1497,filterLoc,,
3870,1500,filterLoc,,
3870,1503,filterLoc,,
3870,1506,filterLoc,,
3870,1509,filterLoc,,
3870,377,filterLoc,out,Evacuee 288 in triage category G is assigned helicopter 1
3870,377,filterLoc,,
3870,378,evacuee,,Evacuee;288;in triage state;G;is entering helicopter;1
3870,380,filterLoc,out,Evacuee 287 in triage category G is assigned helicopter 1
3870,380,filterLoc,,
3870,381,evacuee,,Evacuee;287;in triage state;G;is entering helicopter;1
3870,389,filterLoc,out,Evacuee 284 in triage category G is assigned helicopter 1
3870,389,filterLoc,,
3870,390,evacuee,,Evacuee;284;in triage state;G;is entering helicopter;1
3870,392,filterLoc,out,Evacuee 283 in triage category G is assigned helicopter 1
3870,392,filterLoc,,
3870,393,evacuee,,Evacuee;283;in triage state;G;is entering helicopter;1
3870,443,filterLoc,out,Evacuee 260 in triage category G is assigned helicopter 1
3870,443,filterLoc,,
3870,444,evacuee,,Evacuee;260;in triage state;G;is entering helicopter;1
3870,455,filterLoc,out,Evacuee 289 in triage category G is assigned helicopter 1
3870,455,filterLoc,,
3870,456,evacuee,,Evacuee;289;in triage state;G;is entering helicopter;1
3870,836,filterLoc,out,Evacuee 285 in triage category G is assigned helicopter 1
3870,836,filterLoc,,
3870,837,evacuee,,Evacuee;285;in triage state;G;is entering helicopter;1
3870,1145,filterLoc,out,Evacuee 261 in triage category G is assigned helicopter 1
3870,1145,filterLoc,,
3870,1146,evacuee,,Evacuee;261;in triage state;G;is entering helicopter;1
3870,1212,filterLoc,out,Evacuee 296 in triage category G is assigned helicopter 1
3870,1212,filterLoc,,
3870,1213,evacuee,,Evacuee;296;in triage state;G;is entering helicopter;1
3870,1449,filterLoc,out,Evacuee 267 in triage category G is assigned helicopter 1
3870,1449,filterLoc,,
3870,1450,evacuee,,Evacuee;267;in triage state;G;is entering helicopter;1
3870,378,evacuee,outHelo,Evacuee 288 in triage category G is assigned helicopter 1
3870,378,evacuee,,Evacuee;288;in triage state;G;is in helicopter;1
3870,381,evacuee,outHelo,Evacuee 287 in triage category G is assigned helicopter 1
3870,381,evacuee,,Evacuee;287;in triage state;G;is in helicopter;1
3870,390,evacuee,outHelo,Evacuee 284 in triage category G is assigned helicopter 1
3870,390,evacuee,,Evacuee;284;in triage state;G;is in helicopter;1
3870,393,evacuee,outHelo,Evacuee 283 in triage category G is assigned helicopter 1
3870,393,evacuee,,Evacuee;283;in triage state;G;is in helicopter;1
3870,444,evacuee,outHelo,Evacuee 260 in triage category G is assigned helicopter 1
3870,444,evacuee,,Evacuee;260;in triage state;G;is in helicopter;1
3870,456,evacuee,outHelo,Evacuee 289 in triage category G is assigned helicopter 1
3870,456,evacuee,,Evacuee;289;in triage state;G;is in helicopter;1
3870,837,evacuee,outHelo,Evacuee 285 in triage category G is assigned helicopter 1
3870,837,evacuee,,Evacuee;285;in triage state;G;is in helicopter;1
3870,1146,evacuee,outHelo,Evacuee 261 in triage category G is assigned helicopter 1
3870,1146,evacuee,,Evacuee;261;in triage state;G;is in helicopter;1
3870,1151,filterEvac,,;Evacuee;260;in triage category;G;is entering helicopter;1;Evacuee;261;in triage category;G;is entering helicopter;1;Evacuee;267;in triage category;G;is entering helicopter;1;Evacuee;283;in triage category;G;is entering helicopter;1;Evacuee;284;in triage category;G;is entering helicopter;1;Evacuee;285;in triage category;G;is entering helicopter;1;Evacuee;287;in triage category;G;is entering helicopter;1;Evacuee;288;in triage category;G;is entering helicopter;1;Evacuee;289;in triage category;G;is entering helicopter;1;Evacuee;296;in triage category;G;is entering helicopter;1
3870,1213,evacuee,outHelo,Evacuee 296 in triage category G is assigned helicopter 1
3870,1213,evacuee,,Evacuee;296;in triage state;G;is in helicopter;1
3870,1450,evacuee,outHelo,Evacuee 267 in triage category G is assigned helicopter 1
3870,1450,evacuee,,Evacuee;267;in triage state;G;is in helicopter;1
3870,1151,filterEvac,out,Evacuee 260 in triage category G is assigned helicopter 1
3870,1151,filterEvac,out,Evacuee 261 in triage category G is assigned helicopter 1
3870,1151,filterEvac,out,Evacuee 267 in triage category G is assigned helicopter 1
3870,1151,filterEvac,out,Evacuee 283 in triage category G is assigned helicopter 1
3870,1151,filterEvac,out,Evacuee 284 in triage category G is assigned helicopter 1
3870,1151,filterEvac,out,Evacuee 285 in triage category G is assigned helicopter 1
3870,1151,filterEvac,out,Evacuee 287 in triage category G is assigned helicopter 1
3870,1151,filterEvac,out,Evacuee 288 in triage category G is assigned helicopter 1
3870,1151,filterEvac,out,Evacuee 289 in triage category G is assigned helicopter 1
3870,1151,filterEvac,out,Evacuee 296 in triage category G is assigned helicopter 1
3870,1151,filterEvac,,
3870,1153,helicopter,,Helicopter;1;is loading people at the evacuation site;;and has;10;spots taken
3874.79,3,evacueeManager,,OFF SHIP: White;0;Green;44;Yellow;20;Red;6;Black;340;ON SHIP: White;8;Green;42;Yellow;0;Red;0;Evacuees to Transfer;
3874.79,1270,evacuee,outES,Evacuee 146 in triage category G is told to board the coast guard ship
3874.79,1270,evacuee,,Evacuee;146;in triage state;W;is on board the Coast Guard Ship
3881.04,3,evacueeManager,,OFF SHIP: White;0;Green;44;Yellow;20;Red;5;Black;341;ON SHIP: White;8;Green;42;Yellow;0;Red;0;Evacuees to Transfer;
3881.04,1062,evacuee,outES,Evacuee 42 in triage category R is not assigned a helicopter
3881.04,1062,evacuee,,Evacuee;42;in triage state;B;is at the evacuation site
3885,4,helipadManager,outHelo,Helicopter 1 is evacuating people1
3885,4,helipadManager,,;No helos are at ES
3885,1152,filterES,,Helicopter;1;is evacuating people
3885,4,helipadManager,outHQ,0
3885,4,helipadManager,,;No helos are at ES
3885,5,helicopterQueue,,;No helos are waiting to land
3885,1152,filterES,out,Helicopter 1 is evacuating people1
3885,1152,filterES,,
3885,1153,helicopter,,Helicopter;1;is loading people at the evacuation site;;and has;10;spots taken
3885,5,helicopterQueue,,;No helos are waiting to land
3885,1153,helicopter,,Helicopter;1;is returning to the FOL;;and has;10;spots taken
3892.87,3,evacueeManager,,OFF SHIP: White;0;Green;44;Yellow;20;Red;5;Black;341;ON SHIP: White;9;Green;41;Yellow;0;Red;0;Evacuees to Transfer;
3892.87,1459,evacuee,outES,Evacuee 236 in triage category G is told to board the coast guard ship
3892.87,1459,evacuee,,Evacuee;236;in triage state;W;is on board the Coast Guard Ship
3909.08,3,evacueeManager,,OFF SHIP: White;0;Green;44;Yellow;20;Red;4;Black;342;ON SHIP: White;9;Green;41;Yellow;0;Red;0;Evacuees to Transfer;
3909.08,1321,evacuee,outES,Evacuee 185 in triage category R is not assigned a helicopter
3909.08,1321,evacuee,,Evacuee;185;in triage state;B;is at the evacuation site
3911.51,3,evacueeManager,,OFF SHIP: White;0;Green;44;Yellow;20;Red;3;Black;343;ON SHIP: White;9;Green;41;Yellow;0;Red;0;Evacuees to Transfer;
3911.51,825,evacuee,outES,Evacuee 104 in triage category R is not assigned a helicopter
3911.51,825,evacuee,,Evacuee;104;in triage state;B;is at the evacuation site
3925.57,3,evacueeManager,,OFF SHIP: White;0;Green;43;Yellow;21;Red;3;Black;343;ON SHIP: White;9;Green;41;Yellow;0;Red;0;Evacuees to Transfer;
3925.57,507,evacuee,outES,Evacuee 469 in triage category G is not assigned a helicopter
3925.57,507,evacuee,,Evacuee;469;in triage state;Y;is at the evacuation site
3933.18,3,evacueeManager,,OFF SHIP: White;0;Green;43;Yellow;21;Red;2;Black;344;ON SHIP: White;9;Green;41;Yellow;0;Red;0;Evacuees to Transfer;
3933.18,372,evacuee,outES,Evacuee 290 in triage category R is not assigned a helicopter
3933.18,372,evacuee,,Evacuee;290;in triage state;B;is at the evacuation site
3945.74,3,evacueeManager,,OFF SHIP: White;0;Green;43;Yellow;21;Red;1;Black;345;ON SHIP: White;9;Green;41;Yellow;0;Red;0;Evacuees to Transfer;
3945.74,1005,evacuee,outES,Evacuee 220 in triage category R is not assigned a helicopter
3945.74,1005,evacuee,,Evacuee;220;in triage state;B;is at the evacuation site
3981.41,3,evacueeManager,,OFF SHIP: White;0;Green;43;Yellow;20;Red;2;Black;345;ON SHIP: White;9;Green;41;Yellow;0;Red;0;Evacuees to Transfer;
3981.41,630,evacuee,outES,Evacuee 86 in triage category Y is not assigned a helicopter
3981.41,630,evacuee,,Evacuee;86;in triage state;R;is at the evacuation site
4027.69,3,evacueeManager,,OFF SHIP: White;0;Green;42;Yellow;21;Red;2;Black;345;ON SHIP: White;9;Green;41;Yellow;0;Red;0;Evacuees to Transfer;
4027.69,122,evacuee,outES,Evacuee 419 in triage category G is not assigned a helicopter
4027.69,122,evacuee,,Evacuee;419;in triage state;Y;is at the evacuation site
4035,7,filterLoc,,
4035,10,filterLoc,,
4035,13,filterLoc,,
4035,16,filterLoc,,
4035,19,filterLoc,,
4035,22,filterLoc,,
4035,25,filterLoc,,
4035,28,filterLoc,,
4035,31,filterLoc,,
4035,34,filterLoc,,
4035,37,filterLoc,,
4035,40,filterLoc,,
4035,43,filterLoc,,
4035,46,filterLoc,,
4035,49,filterLoc,,
4035,52,filterLoc,,
4035,55,filterLoc,,
4035,58,filterLoc,,
4035,61,filterLoc,,
4035,64,filterLoc,,
4035,67,filterLoc,,
4035,70,filterLoc,,
4035,73,filterLoc,,
4035,76,filterLoc,,
4035,79,filterLoc,,
4035,82,filterLoc,,
4035,85,filterLoc,,
4035,88,filterLoc,,
4035,91,filterLoc,,
4035,94,filterLoc,,
4035,97,filterLoc,,
4035,100,filterLoc,,
4035,103,filterLoc,,
4035,106,filterLoc,,
4035,109,filterLoc,,
4035,112,filterLoc,,
4035,115,filterLoc,,
4035,118,filterLoc,,
4035,121,filterLoc,,
4035,124,filterLoc,,
4035,127,filterLoc,,
4035,130,filterLoc,,
4035,133,filterLoc,,
4035,136,filterLoc,,
4035,139,filterLoc,,
4035,142,filterLoc,,
4035,145,filterLoc,,
4035,148,filterLoc,,
4035,151,filterLoc,,
4035,154,filterLoc,,
4035,157,filterLoc,,
4035,160,filterLoc,,
4035,163,filterLoc,,
4035,166,filterLoc,,
4035,169,filterLoc,,
4035,172,filterLoc,,
4035,175,filterLoc,,
4035,178,filterLoc,,
4035,181,filterLoc,,
4035,184,filterLoc,,
4035,187,filterLoc,,
4035,190,filterLoc,,
4035,193,filterLoc,,
4035,196,filterLoc,,
4035,199,filterLoc,,
4035,202,filterLoc,,
4035,205,filterLoc,,
4035,208,filterLoc,,
4035,211,filterLoc,,
4035,214,filterLoc,,
4035,217,filterLoc,,
4035,221,filterLoc,,
4035,224,filterLoc,,
4035,227,filterLoc,,
4035,230,filterLoc,,
4035,233,filterLoc,,
4035,236,filterLoc,,
4035,239,filterLoc,,
4035,242,filterLoc,,
4035,245,filterLoc,,
4035,248,filterLoc,,
4035,251,filterLoc,,
4035,254,filterLoc,,
4035,257,filterLoc,,
4035,260,filterLoc,,
4035,263,filterLoc,,
4035,266,filterLoc,,
4035,269,filterLoc,,
4035,272,filterLoc,,
4035,275,filterLoc,,
4035,278,filterLoc,,
4035,281,filterLoc,,
4035,284,filterLoc,,
4035,287,filterLoc,,
4035,290,filterLoc,,
4035,293,filterLoc,,
4035,296,filterLoc,,
4035,299,filterLoc,,
4035,302,filterLoc,,
4035,305,filterLoc,,
4035,308,filterLoc,,
4035,311,filterLoc,,
4035,314,filterLoc,,
4035,317,filterLoc,,
4035,320,filterLoc,,
4035,323,filterLoc,,
4035,326,filterLoc,,
4035,329,filterLoc,,
4035,332,filterLoc,,
4035,335,filterLoc,,
4035,338,filterLoc,,
4035,341,filterLoc,,
4035,344,filterLoc,,
4035,347,filterLoc,,
4035,350,filterLoc,,
4035,353,filterLoc,,
4035,356,filterLoc,,
4035,359,filterLoc,,
4035,362,filterLoc,,
4035,365,filterLoc,,
4035,368,filterLoc,,
4035,371,filterLoc,,
4035,374,filterLoc,,
4035,377,filterLoc,,;Evacuee;288;in triage category;G;is leaving helicopter;1
4035,380,filterLoc,,;Evacuee;287;in triage category;G;is leaving helicopter;1
4035,383,filterLoc,,
4035,386,filterLoc,,
4035,389,filterLoc,,;Evacuee;284;in triage category;G;is leaving helicopter;1
4035,392,filterLoc,,;Evacuee;283;in triage category;G;is leaving helicopter;1
4035,395,filterLoc,,
4035,398,filterLoc,,
4035,401,filterLoc,,
4035,404,filterLoc,,
4035,407,filterLoc,,
4035,410,filterLoc,,
4035,413,filterLoc,,
4035,416,filterLoc,,
4035,419,filterLoc,,
4035,422,filterLoc,,
4035,425,filterLoc,,
4035,428,filterLoc,,
4035,431,filterLoc,,
4035,434,filterLoc,,
4035,437,filterLoc,,
4035,440,filterLoc,,
4035,443,filterLoc,,;Evacuee;260;in triage category;G;is leaving helicopter;1
4035,446,filterLoc,,
4035,449,filterLoc,,
4035,452,filterLoc,,
4035,455,filterLoc,,;Evacuee;289;in triage category;G;is leaving helicopter;1
4035,458,filterLoc,,
4035,461,filterLoc,,
4035,464,filterLoc,,
4035,467,filterLoc,,
4035,470,filterLoc,,
4035,473,filterLoc,,
4035,476,filterLoc,,
4035,479,filterLoc,,
4035,482,filterLoc,,
4035,485,filterLoc,,
4035,488,filterLoc,,
4035,491,filterLoc,,
4035,494,filterLoc,,
4035,497,filterLoc,,
4035,500,filterLoc,,
4035,503,filterLoc,,
4035,506,filterLoc,,
4035,509,filterLoc,,
4035,512,filterLoc,,
4035,515,filterLoc,,
4035,518,filterLoc,,
4035,521,filterLoc,,
4035,524,filterLoc,,
4035,527,filterLoc,,
4035,530,filterLoc,,
4035,533,filterLoc,,
4035,536,filterLoc,,
4035,539,filterLoc,,
4035,542,filterLoc,,
4035,545,filterLoc,,
4035,548,filterLoc,,
4035,551,filterLoc,,
4035,554,filterLoc,,
4035,557,filterLoc,,
4035,560,filterLoc,,
4035,563,filterLoc,,
4035,566,filterLoc,,
4035,569,filterLoc,,
4035,572,filterLoc,,
4035,575,filterLoc,,
4035,578,filterLoc,,
4035,581,filterLoc,,
4035,584,filterLoc,,
4035,587,filterLoc,,
4035,590,filterLoc,,
4035,593,filterLoc,,
4035,596,filterLoc,,
4035,599,filterLoc,,
4035,602,filterLoc,,
4035,605,filterLoc,,
4035,608,filterLoc,,
4035,611,filterLoc,,
4035,614,filterLoc,,
4035,617,filterLoc,,
4035,620,filterLoc,,
4035,623,filterLoc,,
4035,626,filterLoc,,
4035,629,filterLoc,,
4035,632,filterLoc,,
4035,635,filterLoc,,
4035,638,filterLoc,,
4035,641,filterLoc,,
4035,644,filterLoc,,
4035,647,filterLoc,,
4035,650,filterLoc,,
4035,653,filterLoc,,
4035,656,filterLoc,,
4035,659,filterLoc,,
4035,662,filterLoc,,
4035,665,filterLoc,,
4035,668,filterLoc,,
4035,671,filterLoc,,
4035,674,filterLoc,,
4035,677,filterLoc,,
4035,680,filterLoc,,
4035,683,filterLoc,,
4035,686,filterLoc,,
4035,689,filterLoc,,
4035,692,filterLoc,,
4035,695,filterLoc,,
4035,698,filterLoc,,
4035,701,filterLoc,,
4035,704,filterLoc,,
4035,707,filterLoc,,
4035,710,filterLoc,,
4035,713,filterLoc,,
4035,716,filterLoc,,
4035,719,filterLoc,,
4035,722,filterLoc,,
4035,725,filterLoc,,
4035,728,filterLoc,,
4035,731,filterLoc,,
4035,734,filterLoc,,
4035,737,filterLoc,,
4035,740,filterLoc,,
4035,743,filterLoc,,
4035,746,filterLoc,,
4035,749,filterLoc,,
4035,752,filterLoc,,
4035,755,filterLoc,,
4035,758,filterLoc,,
4035,761,filterLoc,,
4035,764,filterLoc,,
4035,767,filterLoc,,
4035,770,filterLoc,,
4035,773,filterLoc,,
4035,776,filterLoc,,
4035,779,filterLoc,,
4035,782,filterLoc,,
4035,785,filterLoc,,
4035,788,filterLoc,,
4035,791,filterLoc,,
4035,794,filterLoc,,
4035,797,filterLoc,,
4035,800,filterLoc,,
4035,803,filterLoc,,
4035,806,filterLoc,,
4035,809,filterLoc,,
4035,812,filterLoc,,
4035,815,filterLoc,,
4035,818,filterLoc,,
4035,821,filterLoc,,
4035,824,filterLoc,,
4035,827,filterLoc,,
4035,830,filterLoc,,
4035,833,filterLoc,,
4035,836,filterLoc,,;Evacuee;285;in triage category;G;is leaving helicopter;1
4035,839,filterLoc,,
4035,842,filterLoc,,
4035,845,filterLoc,,
4035,848,filterLoc,,
4035,851,filterLoc,,
4035,854,filterLoc,,
4035,857,filterLoc,,
4035,860,filterLoc,,
4035,863,filterLoc,,
4035,866,filterLoc,,
4035,869,filterLoc,,
4035,872,filterLoc,,
4035,875,filterLoc,,
4035,878,filterLoc,,
4035,881,filterLoc,,
4035,884,filterLoc,,
4035,887,filterLoc,,
4035,890,filterLoc,,
4035,893,filterLoc,,
4035,896,filterLoc,,
4035,899,filterLoc,,
4035,902,filterLoc,,
4035,905,filterLoc,,
4035,908,filterLoc,,
4035,911,filterLoc,,
4035,914,filterLoc,,
4035,917,filterLoc,,
4035,920,filterLoc,,
4035,923,filterLoc,,
4035,926,filterLoc,,
4035,929,filterLoc,,
4035,932,filterLoc,,
4035,935,filterLoc,,
4035,938,filterLoc,,
4035,941,filterLoc,,
4035,944,filterLoc,,
4035,947,filterLoc,,
4035,950,filterLoc,,
4035,953,filterLoc,,
4035,956,filterLoc,,
4035,959,filterLoc,,
4035,962,filterLoc,,
4035,965,filterLoc,,
4035,968,filterLoc,,
4035,971,filterLoc,,
4035,974,filterLoc,,
4035,977,filterLoc,,
4035,980,filterLoc,,
4035,983,filterLoc,,
4035,986,filterLoc,,
4035,989,filterLoc,,
4035,992,filterLoc,,
4035,995,filterLoc,,
4035,998,filterLoc,,
4035,1001,filterLoc,,
4035,1004,filterLoc,,
4035,1007,filterLoc,,
4035,1010,filterLoc,,
4035,1013,filterLoc,,
4035,1016,filterLoc,,
4035,1019,filterLoc,,
4035,1022,filterLoc,,
4035,1025,filterLoc,,
4035,1028,filterLoc,,
4035,1031,filterLoc,,
4035,1034,filterLoc,,
4035,1037,filterLoc,,
4035,1040,filterLoc,,
4035,1043,filterLoc,,
4035,1046,filterLoc,,
4035,1049,filterLoc,,
4035,1052,filterLoc,,
4035,1055,filterLoc,,
4035,1058,filterLoc,,
4035,1061,filterLoc,,
4035,1064,filterLoc,,
4035,1067,filterLoc,,
4035,1070,filterLoc,,
4035,1073,filterLoc,,
4035,1076,filterLoc,,
4035,1079,filterLoc,,
4035,1082,filterLoc,,
4035,1085,filterLoc,,
4035,1088,filterLoc,,
4035,1091,filterLoc,,
4035,1094,filterLoc,,
4035,1097,filterLoc,,
4035,1100,filterLoc,,
4035,1103,filterLoc,,
4035,1106,filterLoc,,
4035,1109,filterLoc,,
4035,1112,filterLoc,,
4035,1115,filterLoc,,
4035,1118,filterLoc,,
4035,1121,filterLoc,,
4035,1124,filterLoc,,
4035,1127,filterLoc,,
4035,1130,filterLoc,,
4035,1133,filterLoc,,
4035,1136,filterLoc,,
4035,1139,filterLoc,,
4035,1142,filterLoc,,
4035,1145,filterLoc,,;Evacuee;261;in triage category;G;is leaving helicopter;1
4035,1148,filterLoc,,
4035,1153,helicopter,outEvac,Evacuee 260 in triage category G is not assigned a helicopter
4035,1153,helicopter,outEvac,Evacuee 261 in triage category G is not assigned a helicopter
4035,1153,helicopter,outEvac,Evacuee 267 in triage category G is not assigned a helicopter
4035,1153,helicopter,outEvac,Evacuee 283 in triage category G is not assigned a helicopter
4035,1153,helicopter,outEvac,Evacuee 284 in triage category G is not assigned a helicopter
4035,1153,helicopter,outEvac,Evacuee 285 in triage category G is not assigned a helicopter
4035,1153,helicopter,outEvac,Evacuee 287 in triage category G is not assigned a helicopter
4035,1153,helicopter,outEvac,Evacuee 288 in triage category G is not assigned a helicopter
4035,1153,helicopter,outEvac,Evacuee 289 in triage category G is not assigned a helicopter
4035,1153,helicopter,outEvac,Evacuee 296 in triage category G is not assigned a helicopter
4035,1153,helicopter,,Helicopter;1;is unloading people at the FOL;;and has;0;spots taken
4035,1155,filterLoc,,
4035,1158,filterLoc,,
4035,1161,filterLoc,,
4035,1164,filterLoc,,
4035,1167,filterLoc,,
4035,1170,filterLoc,,
4035,1173,filterLoc,,
4035,1176,filterLoc,,
4035,1179,filterLoc,,
4035,1182,filterLoc,,
4035,1185,filterLoc,,
4035,1188,filterLoc,,
4035,1191,filterLoc,,
4035,1194,filterLoc,,
4035,1197,filterLoc,,
4035,1200,filterLoc,,
4035,1203,filterLoc,,
4035,1206,filterLoc,,
4035,1209,filterLoc,,
4035,1212,filterLoc,,;Evacuee;296;in triage category;G;is leaving helicopter;1
4035,1215,filterLoc,,
4035,1218,filterLoc,,
4035,1221,filterLoc,,
4035,1224,filterLoc,,
4035,1227,filterLoc,,
4035,1230,filterLoc,,
4035,1233,filterLoc,,
4035,1236,filterLoc,,
4035,1239,filterLoc,,
4035,1242,filterLoc,,
4035,1245,filterLoc,,
4035,1248,filterLoc,,
4035,1251,filterLoc,,
4035,1254,filterLoc,,
4035,1257,filterLoc,,
4035,1260,filterLoc,,
4035,1263,filterLoc,,
4035,1266,filterLoc,,
4035,1269,filterLoc,,
4035,1272,filterLoc,,
4035,1275,filterLoc,,
4035,1278,filterLoc,,
4035,1281,filterLoc,,
4035,1284,filterLoc,,
4035,1287,filterLoc,,
4035,1290,filterLoc,,
4035,1293,filterLoc,,
4035,1296,filterLoc,,
4035,1299,filterLoc,,
4035,1302,filterLoc,,
4035,1305,filterLoc,,
4035,1308,filterLoc,,
4035,1311,filterLoc,,
4035,1314,filterLoc,,
4035,1317,filterLoc,,
4035,1320,filterLoc,,
4035,1323,filterLoc,,
4035,1326,filterLoc,,
4035,1329,filterLoc,,
4035,1332,filterLoc,,
4035,1335,filterLoc,,
4035,1338,filterLoc,,
4035,1341,filterLoc,,
4035,1344,filterLoc,,
4035,1347,filterLoc,,
4035,1350,filterLoc,,
4035,1353,filterLoc,,
4035,1356,filterLoc,,
4035,1359,filterLoc,,
4035,1362,filterLoc,,
4035,1365,filterLoc,,
4035,1368,filterLoc,,
4035,1371,filterLoc,,
4035,1374,filterLoc,,
4035,1377,filterLoc,,
4035,1380,filterLoc,,
4035,1383,filterLoc,,
4035,1386,filterLoc,,
4035,1389,filterLoc,,
4035,1392,filterLoc,,
4035,1395,filterLoc,,
4035,1398,filterLoc,,
4035,1401,filterLoc,,
4035,1404,filterLoc,,
4035,1407,filterLoc,,
4035,1410,filterLoc,,
4035,1413,filterLoc,,
4035,1416,filterLoc,,
4035,1419,filterLoc,,
4035,1422,filterLoc,,
4035,1425,filterLoc,,
4035,1428,filterLoc,,
4035,1431,filterLoc,,
4035,1434,filterLoc,,
4035,1437,filterLoc,,
4035,1440,filterLoc,,
4035,1443,filterLoc,,
4035,1446,filterLoc,,
4035,1449,filterLoc,,;Evacuee;267;in triage category;G;is leaving helicopter;1
4035,1452,filterLoc,,
4035,1455,filterLoc,,
4035,1458,filterLoc,,
4035,1461,filterLoc,,
4035,1464,filterLoc,,
4035,1467,filterLoc,,
4035,1470,filterLoc,,
4035,1473,filterLoc,,
4035,1476,filterLoc,,
4035,1479,filterLoc,,
4035,1482,filterLoc,,
4035,1485,filterLoc,,
4035,1488,filterLoc,,
4035,1491,filterLoc,,
4035,1494,filterLoc,,
4035,1497,filterLoc,,
4035,1500,filterLoc,,
4035,1503,filterLoc,,
4035,1506,filterLoc,,
4035,1509,filterLoc,,
4035,377,filterLoc,out,Evacuee 288 in triage category G is not assigned a helicopter
4035,377,filterLoc,,
4035,378,evacuee,,Evacuee;288;in triage state;G;is entering the FOL
4035,380,filterLoc,out,Evacuee 287 in triage category G is not assigned a helicopter
4035,380,filterLoc,,
4035,381,evacuee,,Evacuee;287;in triage state;G;is entering the FOL
4035,389,filterLoc,out,Evacuee 284 in triage category G is not assigned a helicopter
4035,389,filterLoc,,
4035,390,evacuee,,Evacuee;284;in triage state;G;is entering the FOL
4035,392,filterLoc,out,Evacuee 283 in triage category G is not assigned a helicopter
4035,392,filterLoc,,
4035,393,evacuee,,Evacuee;283;in triage state;G;is entering the FOL
4035,443,filterLoc,out,Evacuee 260 in triage category G is not assigned a helicopter
4035,443,filterLoc,,
4035,444,evacuee,,Evacuee;260;in triage state;G;is entering the FOL
4035,455,filterLoc,out,Evacuee 289 in triage category G is not assigned a helicopter
4035,455,filterLoc,,
4035,456,evacuee,,Evacuee;289;in triage state;G;is entering the FOL
4035,836,filterLoc,out,Evacuee 285 in triage category G is not assigned a helicopter
4035,836,filterLoc,,
4035,837,evacuee,,Evacuee;285;in triage state;G;is entering the FOL
4035,1145,filterLoc,out,Evacuee 261 in triage category G is not assigned a helicopter
4035,1145,filterLoc,,
4035,1146,evacuee,,Evacuee;261;in triage state;G;is entering the FOL
4035,1212,filterLoc,out,Evacuee 296 in triage category G is not assigned a helicopter
4035,1212,filterLoc,,
4035,1213,evacuee,,Evacuee;296;in triage state;G;is entering the FOL
4035,1449,filterLoc,out,Evacuee 267 in triage category G is not assigned a helicopter
4035,1449,filterLoc,,
4035,1450,evacuee,,Evacuee;267;in triage state;G;is entering the FOL
4035,219,FOL,,;EvacueeID;5;Triage Status;G;EvacueeID;7;Triage Status;G;EvacueeID;13;Triage Status;G;EvacueeID;16;Triage Status;G;EvacueeID;18;Triage Status;G;EvacueeID;22;Triage Status;G;EvacueeID;23;Triage Status;G;EvacueeID;24;Triage Status;G;EvacueeID;25;Triage Status;G;EvacueeID;30;Triage Status;G;EvacueeID;32;Triage Status;G;EvacueeID;34;Triage Status;G;EvacueeID;37;Triage Status;G;EvacueeID;39;Triage Status;G;EvacueeID;40;Triage Status;G;EvacueeID;43;Triage Status;G;EvacueeID;44;Triage Status;G;EvacueeID;45;Triage Status;G;EvacueeID;51;Triage Status;G;EvacueeID;57;Triage Status;G;EvacueeID;62;Triage Status;G;EvacueeID;66;Triage Status;G;EvacueeID;70;Triage Status;G;EvacueeID;73;Triage Status;G;EvacueeID;75;Triage Status;G;EvacueeID;79;Triage Status;G;EvacueeID;80;Triage Status;G;EvacueeID;89;Triage Status;G;EvacueeID;92;Triage Status;G;EvacueeID;97;Triage Status;G;EvacueeID;260;Triage Status;G;EvacueeID;261;Triage Status;G;EvacueeID;267;Triage Status;G;EvacueeID;283;Triage Status;G;EvacueeID;284;Triage Status;G;EvacueeID;285;Triage Status;G;EvacueeID;287;Triage Status;G;EvacueeID;288;Triage Status;G;EvacueeID;289;Triage Status;G;EvacueeID;296;Triage Status;G;Lives Saved;40
4035,378,evacuee,outFOL,Evacuee 288 in triage category G is not assigned a helicopter
4035,378,evacuee,,Evacuee;288;in triage state;G;is at the FOL
4035,381,evacuee,outFOL,Evacuee 287 in triage category G is not assigned a helicopter
4035,381,evacuee,,Evacuee;287;in triage state;G;is at the FOL
4035,390,evacuee,outFOL,Evacuee 284 in triage category G is not assigned a helicopter
4035,390,evacuee,,Evacuee;284;in triage state;G;is at the FOL
4035,393,evacuee,outFOL,Evacuee 283 in triage category G is not assigned a helicopter
4035,393,evacuee,,Evacuee;283;in triage state;G;is at the FOL
4035,444,evacuee,outFOL,Evacuee 260 in triage category G is not assigned a helicopter
4035,444,evacuee,,Evacuee;260;in triage state;G;is at the FOL
4035,456,evacuee,outFOL,Evacuee 289 in triage category G is not assigned a helicopter
4035,456,evacuee,,Evacuee;289;in triage state;G;is at the FOL
4035,837,evacuee,outFOL,Evacuee 285 in triage category G is not assigned a helicopter
4035,837,evacuee,,Evacuee;285;in triage state;G;is at the FOL
4035,1146,evacuee,outFOL,Evacuee 261 in triage category G is not assigned a helicopter
4035,1146,evacuee,,Evacuee;261;in triage state;G;is at the FOL
4035,1213,evacuee,outFOL,Evacuee 296 in triage category G is not assigned a helicopter
4035,1213,evacuee,,Evacuee;296;in triage state;G;is at the FOL
4035,1450,evacuee,outFOL,Evacuee 267 in triage category G is not assigned a helicopter
4035,1450,evacuee,,Evacuee;267;in triage state;G;is at the FOL
4035,219,FOL,,;EvacueeID;5;Triage Status;G;EvacueeID;7;Triage Status;G;EvacueeID;13;Triage Status;G;EvacueeID;16;Triage Status;G;EvacueeID;18;Triage Status;G;EvacueeID;22;Triage Status;G;EvacueeID;23;Triage Status;G;EvacueeID;24;Triage Status;G;EvacueeID;25;Triage Status;G;EvacueeID;30;Triage Status;G;EvacueeID;32;Triage Status;G;EvacueeID;34;Triage Status;G;EvacueeID;37;Triage Status;G;EvacueeID;39;Triage Status;G;EvacueeID;40;Triage Status;G;EvacueeID;43;Triage Status;G;EvacueeID;44;Triage Status;G;EvacueeID;45;Triage Status;G;EvacueeID;51;Triage Status;G;EvacueeID;57;Triage Status;G;EvacueeID;62;Triage Status;G;EvacueeID;66;Triage Status;G;EvacueeID;70;Triage Status;G;EvacueeID;73;Triage Status;G;EvacueeID;75;Triage Status;G;EvacueeID;79;Triage Status;G;EvacueeID;80;Triage Status;G;EvacueeID;89;Triage Status;G;EvacueeID;92;Triage Status;G;EvacueeID;97;Triage Status;G;EvacueeID;260;Triage Status;G;EvacueeID;261;Triage Status;G;EvacueeID;267;Triage Status;G;EvacueeID;283;Triage Status;G;EvacueeID;284;Triage Status;G;EvacueeID;285;Triage Status;G;EvacueeID;287;Triage Status;G;EvacueeID;288;Triage Status;G;EvacueeID;289;Triage Status;G;EvacueeID;296;Triage Status;G;Lives Saved;40
4050,1153,helicopter,,Helicopter;1;Is going to the evacuation site;;and has;0;spots taken
4058.06,3,evacueeManager,,OFF SHIP: White;0;Green;42;Yellow;20;Red;3;Black;345;ON SHIP: White;9;Green;41;Yellow;0;Red;0;Evacuees to Transfer;
4058.06,945,evacuee,outES,Evacuee 418 in triage category Y is not assigned a helicopter
4058.06,945,evacuee,,Evacuee;418;in triage state;R;is at the evacuation site
4059.61,3,evacueeManager,,OFF SHIP: White;0;Green;42;Yellow;20;Red;3;Black;345;ON SHIP: White;10;Green;40;Yellow;0;Red;0;Evacuees to Transfer;
4059.61,510,evacuee,outES,Evacuee 215 in triage category G is told to board the coast guard ship
4059.61,510,evacuee,,Evacuee;215;in triage state;W;is on board the Coast Guard Ship
4061.51,3,evacueeManager,,OFF SHIP: White;0;Green;42;Yellow;19;Red;4;Black;345;ON SHIP: White;10;Green;40;Yellow;0;Red;0;Evacuees to Transfer;
4061.51,56,evacuee,outES,Evacuee 468 in triage category Y is not assigned a helicopter
4061.51,56,evacuee,,Evacuee;468;in triage state;R;is at the evacuation site
4067.36,3,evacueeManager,,OFF SHIP: White;0;Green;42;Yellow;19;Red;3;Black;346;ON SHIP: White;10;Green;40;Yellow;0;Red;0;Evacuees to Transfer;
4067.36,1444,evacuee,outES,Evacuee 464 in triage category R is not assigned a helicopter
4067.36,1444,evacuee,,Evacuee;464;in triage state;B;is at the evacuation site
4075,3,evacueeManager,,OFF SHIP: White;0;Green;42;Yellow;19;Red;3;Black;346;ON SHIP: White;11;Green;39;Yellow;0;Red;0;Evacuees to Transfer;
4075,1273,evacuee,outES,Evacuee 167 in triage category G is told to board the coast guard ship
4075,1273,evacuee,,Evacuee;167;in triage state;W;is on board the Coast Guard Ship
4093.16,3,evacueeManager,,OFF SHIP: White;0;Green;42;Yellow;19;Red;2;Black;347;ON SHIP: White;11;Green;39;Yellow;0;Red;0;Evacuees to Transfer;
4093.16,630,evacuee,outES,Evacuee 86 in triage category R is not assigned a helicopter
4093.16,630,evacuee,,Evacuee;86;in triage state;B;is at the evacuation site
4098.68,3,evacueeManager,,OFF SHIP: White;0;Green;42;Yellow;18;Red;3;Black;347;ON SHIP: White;11;Green;39;Yellow;0;Red;0;Evacuees to Transfer;
4098.68,432,evacuee,outES,Evacuee 272 in triage category Y is not assigned a helicopter
4098.68,432,evacuee,,Evacuee;272;in triage state;R;is at the evacuation site
4130.93,3,evacueeManager,,OFF SHIP: White;0;Green;42;Yellow;17;Red;4;Black;347;ON SHIP: White;11;Green;39;Yellow;0;Red;0;Evacuees to Transfer;
4130.93,312,evacuee,outES,Evacuee 319 in triage category Y is not assigned a helicopter
4130.93,312,evacuee,,Evacuee;319;in triage state;R;is at the evacuation site
4133.98,3,evacueeManager,,OFF SHIP: White;0;Green;42;Yellow;17;Red;3;Black;348;ON SHIP: White;11;Green;39;Yellow;0;Red;0;Evacuees to Transfer;
4133.98,945,evacuee,outES,Evacuee 418 in triage category R is not assigned a helicopter
4133.98,945,evacuee,,Evacuee;418;in triage state;B;is at the evacuation site
4138.71,3,evacueeManager,,OFF SHIP: White;0;Green;42;Yellow;17;Red;2;Black;349;ON SHIP: White;11;Green;39;Yellow;0;Red;0;Evacuees to Transfer;
4138.71,56,evacuee,outES,Evacuee 468 in triage category R is not assigned a helicopter
4138.71,56,evacuee,,Evacuee;468;in triage state;B;is at the evacuation site
4143.46,3,evacueeManager,,OFF SHIP: White;0;Green;42;Yellow;16;Red;3;Black;349;ON SHIP: White;11;Green;39;Yellow;0;Red;0;Evacuees to Transfer;
4143.46,1378,evacuee,outES,Evacuee 390 in triage category Y is not assigned a helicopter
4143.46,1378,evacuee,,Evacuee;390;in triage state;R;is at the evacuation site
4166.84,3,evacueeManager,,OFF SHIP: White;0;Green;42;Yellow;15;Red;4;Black;349;ON SHIP: White;11;Green;39;Yellow;0;Red;0;Evacuees to Transfer;
4166.84,369,evacuee,outES,Evacuee 291 in triage category Y is not assigned a helicopter
4166.84,369,evacuee,,Evacuee;291;in triage state;R;is at the evacuation site
4169.36,3,evacueeManager,,OFF SHIP: White;0;Green;41;Yellow;16;Red;4;Black;349;ON SHIP: White;11;Green;39;Yellow;0;Red;0;Evacuees to Transfer;
4169.36,636,evacuee,outES,Evacuee 444 in triage category G is not assigned a helicopter
4169.36,636,evacuee,,Evacuee;444;in triage state;Y;is at the evacuation site
4176.28,3,evacueeManager,,OFF SHIP: White;0;Green;41;Yellow;15;Red;5;Black;349;ON SHIP: White;11;Green;39;Yellow;0;Red;0;Evacuees to Transfer;
4176.28,246,evacuee,outES,Evacuee 354 in triage category Y is not assigned a helicopter
4176.28,246,evacuee,,Evacuee;354;in triage state;R;is at the evacuation site
4184.51,3,evacueeManager,,OFF SHIP: White;0;Green;41;Yellow;15;Red;4;Black;350;ON SHIP: White;11;Green;39;Yellow;0;Red;0;Evacuees to Transfer;
4184.51,312,evacuee,outES,Evacuee 319 in triage category R is not assigned a helicopter
4184.51,312,evacuee,,Evacuee;319;in triage state;B;is at the evacuation site
4186.49,3,evacueeManager,,OFF SHIP: White;0;Green;41;Yellow;14;Red;5;Black;350;ON SHIP: White;11;Green;39;Yellow;0;Red;0;Evacuees to Transfer;
4186.49,693,evacuee,outES,Evacuee 251 in triage category Y is not assigned a helicopter
4186.49,693,evacuee,,Evacuee;251;in triage state;R;is at the evacuation site
4198.61,3,evacueeManager,,OFF SHIP: White;0;Green;41;Yellow;13;Red;6;Black;350;ON SHIP: White;11;Green;39;Yellow;0;Red;0;Evacuees to Transfer;
4198.61,759,evacuee,outES,Evacuee 334 in triage category Y is not assigned a helicopter
4198.61,759,evacuee,,Evacuee;334;in triage state;R;is at the evacuation site
4200,5,helicopterQueue,,1;Helos are waiting to land;HeloID;1
4200,1153,helicopter,outES,Helicopter 1 is evacuating people1
4200,1153,helicopter,,Helicopter;1;is waiting to land at the evacuation site;;and has;0;spots taken
4200,4,helipadManager,,;No helos are at ES
4200,5,helicopterQueue,outHM,Helicopter 1 is evacuating people1
4200,5,helicopterQueue,outHelo,Helicopter 1 is evacuating people1
4200,5,helicopterQueue,,;No helos are waiting to land
4200,1152,filterES,,Helicopter;1;is evacuating people
4200,3,evacueeManager,,OFF SHIP: White;0;Green;31;Yellow;13;Red;6;Black;350;ON SHIP: White;11;Green;39;Yellow;0;Red;0;Evacuees to Transfer;;EvacueeID;299;HeloID;1;OnShip;0;Triage Status;G;EvacueeID;302;HeloID;1;OnShip;0;Triage Status;G;EvacueeID;307;HeloID;1;OnShip;0;Triage Status;G;EvacueeID;316;HeloID;1;OnShip;0;Triage Status;G;EvacueeID;317;HeloID;1;OnShip;0;Triage Status;G;EvacueeID;318;HeloID;1;OnShip;0;Triage Status;G;EvacueeID;320;HeloID;1;OnShip;0;Triage Status;G;EvacueeID;323;HeloID;1;OnShip;0;Triage Status;G;EvacueeID;336;HeloID;1;OnShip;0;Triage Status;G;EvacueeID;341;HeloID;1;OnShip;0;Triage Status;G
4200,4,helipadManager,outEM,Helicopter 1 is evacuating people1
4200,4,helipadManager,,Helo;1;is at the ES
4200,1152,filterES,out,Helicopter 1 is evacuating people1
4200,1152,filterES,,
4200,1153,helicopter,,Helicopter;1;is waiting to land at the evacuation site;;and has;0;spots taken
4200,3,evacueeManager,outEvac,Evacuee 299 in triage category G is assigned helicopter 1
4200,3,evacueeManager,outEvac,Evacuee 302 in triage category G is assigned helicopter 1
4200,3,evacueeManager,outEvac,Evacuee 307 in triage category G is assigned helicopter 1
4200,3,evacueeManager,outEvac,Evacuee 316 in triage category G is assigned helicopter 1
4200,3,evacueeManager,outEvac,Evacuee 317 in triage category G is assigned helicopter 1
4200,3,evacueeManager,outEvac,Evacuee 318 in triage category G is assigned helicopter 1
4200,3,evacueeManager,outEvac,Evacuee 320 in triage category G is assigned helicopter 1
4200,3,evacueeManager,outEvac,Evacuee 323 in triage category G is assigned helicopter 1
4200,3,evacueeManager,outEvac,Evacuee 336 in triage category G is assigned helicopter 1
4200,3,evacueeManager,outEvac,Evacuee 341 in triage category G is assigned helicopter 1
4200,3,evacueeManager,,OFF SHIP: White;0;Green;31;Yellow;13;Red;6;Black;350;ON SHIP: White;11;Green;39;Yellow;0;Red;0;Evacuees to Transfer;
4200,7,filterLoc,,
4200,10,filterLoc,,
4200,13,filterLoc,,
4200,16,filterLoc,,
4200,19,filterLoc,,
4200,22,filterLoc,,
4200,25,filterLoc,,
4200,28,filterLoc,,
4200,31,filterLoc,,
4200,34,filterLoc,,
4200,37,filterLoc,,
4200,40,filterLoc,,
4200,43,filterLoc,,
4200,46,filterLoc,,
4200,49,filterLoc,,
4200,52,filterLoc,,
4200,55,filterLoc,,
4200,58,filterLoc,,
4200,61,filterLoc,,
4200,64,filterLoc,,
4200,67,filterLoc,,
4200,70,filterLoc,,
4200,73,filterLoc,,
4200,76,filterLoc,,
4200,79,filterLoc,,
4200,82,filterLoc,,
4200,85,filterLoc,,
4200,88,filterLoc,,
4200,91,filterLoc,,
4200,94,filterLoc,,
4200,97,filterLoc,,
4200,100,filterLoc,,
4200,103,filterLoc,,
4200,106,filterLoc,,
4200,109,filterLoc,,
4200,112,filterLoc,,
4200,115,filterLoc,,
4200,118,filterLoc,,
4200,121,filterLoc,,
4200,124,filterLoc,,
4200,127,filterLoc,,
4200,130,filterLoc,,
4200,133,filterLoc,,
4200,136,filterLoc,,
4200,139,filterLoc,,
4200,142,filterLoc,,
4200,145,filterLoc,,
4200,148,filterLoc,,
4200,151,filterLoc,,
4200,154,filterLoc,,
4200,157,filterLoc,,
4200,160,filterLoc,,
4200,163,filterLoc,,
4200,166,filterLoc,,
4200,169,filterLoc,,
4200,172,filterLoc,,
4200,175,filterLoc,,
4200,178,filterLoc,,
4200,181,filterLoc,,
4200,184,filterLoc,,
4200,187,filterLoc,,
4200,190,filterLoc,,
4200,193,filterLoc,,
4200,196,filterLoc,,
4200,199,filterLoc,,
4200,202,filterLoc,,
4200,205,filterLoc,,
4200,208,filterLoc,,
4200,211,filterLoc,,
4200,214,filterLoc,,
4200,217,filterLoc,,
4200,221,filterLoc,,
4200,224,filterLoc,,
4200,227,filterLoc,,
4200,230,filterLoc,,
4200,233,filterLoc,,
4200,236,filterLoc,,
4200,239,filterLoc,,
4200,242,filterLoc,,
4200,245,filterLoc,,
4200,248,filterLoc,,
4200,251,filterLoc,,
4200,254,filterLoc,,
4200,257,filterLoc,,
4200,260,filterLoc,,
4200,263,filterLoc,,;Evacuee;341;in triage category;G;is entering helicopter;1
4200,266,filterLoc,,
4200,269,filterLoc,,
4200,272,filterLoc,,
4200,275,filterLoc,,
4200,278,filterLoc,,
4200,281,filterLoc,,
4200,284,filterLoc,,
4200,287,filterLoc,,
4200,290,filterLoc,,
4200,293,filterLoc,,
4200,296,filterLoc,,
4200,299,filterLoc,,
4200,302,filterLoc,,
4200,305,filterLoc,,
4200,308,filterLoc,,
4200,311,filterLoc,,
4200,314,filterLoc,,;Evacuee;318;in triage category;G;is entering helicopter;1
4200,317,filterLoc,,;Evacuee;317;in triage category;G;is entering helicopter;1
4200,320,filterLoc,,
4200,323,filterLoc,,;Evacuee;316;in triage category;G;is entering helicopter;1
4200,326,filterLoc,,
4200,329,filterLoc,,
4200,332,filterLoc,,
4200,335,filterLoc,,
4200,338,filterLoc,,
4200,341,filterLoc,,
4200,344,filterLoc,,
4200,347,filterLoc,,
4200,350,filterLoc,,
4200,353,filterLoc,,
4200,356,filterLoc,,
4200,359,filterLoc,,
4200,362,filterLoc,,
4200,365,filterLoc,,
4200,368,filterLoc,,
4200,371,filterLoc,,
4200,374,filterLoc,,
4200,377,filterLoc,,
4200,380,filterLoc,,
4200,383,filterLoc,,
4200,386,filterLoc,,
4200,389,filterLoc,,
4200,392,filterLoc,,
4200,395,filterLoc,,
4200,398,filterLoc,,
4200,401,filterLoc,,
4200,404,filterLoc,,
4200,407,filterLoc,,
4200,410,filterLoc,,
4200,413,filterLoc,,
4200,416,filterLoc,,
4200,419,filterLoc,,
4200,422,filterLoc,,
4200,425,filterLoc,,
4200,428,filterLoc,,
4200,431,filterLoc,,
4200,434,filterLoc,,
4200,437,filterLoc,,
4200,440,filterLoc,,
4200,443,filterLoc,,
4200,446,filterLoc,,
4200,449,filterLoc,,
4200,452,filterLoc,,
4200,455,filterLoc,,
4200,458,filterLoc,,
4200,461,filterLoc,,
4200,464,filterLoc,,
4200,467,filterLoc,,
4200,470,filterLoc,,
4200,473,filterLoc,,
4200,476,filterLoc,,
4200,479,filterLoc,,
4200,482,filterLoc,,
4200,485,filterLoc,,
4200,488,filterLoc,,
4200,491,filterLoc,,
4200,494,filterLoc,,
4200,497,filterLoc,,
4200,500,filterLoc,,
4200,503,filterLoc,,
4200,506,filterLoc,,
4200,509,filterLoc,,
4200,512,filterLoc,,
4200,515,filterLoc,,;Evacuee;302;in triage category;G;is entering helicopter;1
4200,518,filterLoc,,
4200,521,filterLoc,,;Evacuee;299;in triage category;G;is entering helicopter;1
4200,524,filterLoc,,
4200,527,filterLoc,,
4200,530,filterLoc,,
4200,533,filterLoc,,
4200,536,filterLoc,,
4200,539,filterLoc,,
4200,542,filterLoc,,
4200,545,filterLoc,,
4200,548,filterLoc,,
4200,551,filterLoc,,
4200,554,filterLoc,,
4200,557,filterLoc,,
4200,560,filterLoc,,
4200,563,filterLoc,,
4200,566,filterLoc,,
4200,569,filterLoc,,
4200,572,filterLoc,,
4200,575,filterLoc,,
4200,578,filterLoc,,
4200,581,filterLoc,,
4200,584,filterLoc,,
4200,587,filterLoc,,
4200,590,filterLoc,,
4200,593,filterLoc,,
4200,596,filterLoc,,
4200,599,filterLoc,,
4200,602,filterLoc,,
4200,605,filterLoc,,
4200,608,filterLoc,,
4200,611,filterLoc,,
4200,614,filterLoc,,
4200,617,filterLoc,,
4200,620,filterLoc,,
4200,623,filterLoc,,
4200,626,filterLoc,,
4200,629,filterLoc,,
4200,632,filterLoc,,
4200,635,filterLoc,,
4200,638,filterLoc,,
4200,641,filterLoc,,
4200,644,filterLoc,,
4200,647,filterLoc,,
4200,650,filterLoc,,
4200,653,filterLoc,,
4200,656,filterLoc,,
4200,659,filterLoc,,
4200,662,filterLoc,,
4200,665,filterLoc,,
4200,668,filterLoc,,
4200,671,filterLoc,,
4200,674,filterLoc,,
4200,677,filterLoc,,
4200,680,filterLoc,,
4200,683,filterLoc,,
4200,686,filterLoc,,
4200,689,filterLoc,,
4200,692,filterLoc,,
4200,695,filterLoc,,
4200,698,filterLoc,,
4200,701,filterLoc,,
4200,704,filterLoc,,
4200,707,filterLoc,,
4200,710,filterLoc,,
4200,713,filterLoc,,
4200,716,filterLoc,,
4200,719,filterLoc,,
4200,722,filterLoc,,
4200,725,filterLoc,,
4200,728,filterLoc,,
4200,731,filterLoc,,
4200,734,filterLoc,,
4200,737,filterLoc,,
4200,740,filterLoc,,
4200,743,filterLoc,,
4200,746,filterLoc,,
4200,749,filterLoc,,
4200,752,filterLoc,,
4200,755,filterLoc,,
4200,758,filterLoc,,
4200,761,filterLoc,,
4200,764,filterLoc,,
4200,767,filterLoc,,
4200,770,filterLoc,,
4200,773,filterLoc,,
4200,776,filterLoc,,
4200,779,filterLoc,,
4200,782,filterLoc,,
4200,785,filterLoc,,
4200,788,filterLoc,,
4200,791,filterLoc,,
4200,794,filterLoc,,
4200,797,filterLoc,,
4200,800,filterLoc,,
4200,803,filterLoc,,
4200,806,filterLoc,,
4200,809,filterLoc,,
4200,812,filterLoc,,
4200,815,filterLoc,,
4200,818,filterLoc,,
4200,821,filterLoc,,
4200,824,filterLoc,,
4200,827,filterLoc,,
4200,830,filterLoc,,
4200,833,filterLoc,,
4200,836,filterLoc,,
4200,839,filterLoc,,
4200,842,filterLoc,,
4200,845,filterLoc,,
4200,848,filterLoc,,
4200,851,filterLoc,,
4200,854,filterLoc,,
4200,857,filterLoc,,
4200,860,filterLoc,,
4200,863,filterLoc,,
4200,866,filterLoc,,
4200,869,filterLoc,,
4200,872,filterLoc,,
4200,875,filterLoc,,
4200,878,filterLoc,,
4200,881,filterLoc,,
4200,884,filterLoc,,
4200,887,filterLoc,,
4200,890,filterLoc,,
4200,893,filterLoc,,
4200,896,filterLoc,,
4200,899,filterLoc,,
4200,902,filterLoc,,
4200,905,filterLoc,,
4200,908,filterLoc,,
4200,911,filterLoc,,
4200,914,filterLoc,,
4200,917,filterLoc,,
4200,920,filterLoc,,
4200,923,filterLoc,,
4200,926,filterLoc,,
4200,929,filterLoc,,
4200,932,filterLoc,,
4200,935,filterLoc,,
4200,938,filterLoc,,
4200,941,filterLoc,,
4200,944,filterLoc,,
4200,947,filterLoc,,
4200,950,filterLoc,,
4200,953,filterLoc,,
4200,956,filterLoc,,
4200,959,filterLoc,,
4200,962,filterLoc,,;Evacuee;320;in triage category;G;is entering helicopter;1
4200,965,filterLoc,,
4200,968,filterLoc,,
4200,971,filterLoc,,
4200,974,filterLoc,,
4200,977,filterLoc,,
4200,980,filterLoc,,
4200,983,filterLoc,,
4200,986,filterLoc,,
4200,989,filterLoc,,
4200,992,filterLoc,,
4200,995,filterLoc,,
4200,998,filterLoc,,
4200,1001,filterLoc,,
4200,1004,filterLoc,,
4200,1007,filterLoc,,
4200,1010,filterLoc,,
4200,1013,filterLoc,,
4200,1016,filterLoc,,
4200,1019,filterLoc,,
4200,1022,filterLoc,,
4200,1025,filterLoc,,
4200,1028,filterLoc,,
4200,1031,filterLoc,,
4200,1034,filterLoc,,
4200,1037,filterLoc,,
4200,1040,filterLoc,,
4200,1043,filterLoc,,
4200,1046,filterLoc,,
4200,1049,filterLoc,,
4200,1052,filterLoc,,
4200,1055,filterLoc,,
4200,1058,filterLoc,,
4200,1061,filterLoc,,
4200,1064,filterLoc,,
4200,1067,filterLoc,,
4200,1070,filterLoc,,
4200,1073,filterLoc,,;Evacuee;336;in triage category;G;is entering helicopter;1
4200,1076,filterLoc,,;Evacuee;307;in triage category;G;is entering helicopter;1
4200,1079,filterLoc,,
4200,1082,filterLoc,,
4200,1085,filterLoc,,
4200,1088,filterLoc,,
4200,1091,filterLoc,,
4200,1094,filterLoc,,
4200,1097,filterLoc,,
4200,1100,filterLoc,,
4200,1103,filterLoc,,
4200,1106,filterLoc,,
4200,1109,filterLoc,,
4200,1112,filterLoc,,
4200,1115,filterLoc,,
4200,1118,filterLoc,,
4200,1121,filterLoc,,
4200,1124,filterLoc,,
4200,1127,filterLoc,,
4200,1130,filterLoc,,
4200,1133,filterLoc,,
4200,1136,filterLoc,,
4200,1139,filterLoc,,
4200,1142,filterLoc,,
4200,1145,filterLoc,,
4200,1148,filterLoc,,
4200,1153,helicopter,,Helicopter;1;is loading people at the evacuation site;;and has;0;spots taken
4200,1155,filterLoc,,
4200,1158,filterLoc,,
4200,1161,filterLoc,,
4200,1164,filterLoc,,
4200,1167,filterLoc,,
4200,1170,filterLoc,,
4200,1173,filterLoc,,
4200,1176,filterLoc,,
4200,1179,filterLoc,,
4200,1182,filterLoc,,
4200,1185,filterLoc,,
4200,1188,filterLoc,,
4200,1191,filterLoc,,
4200,1194,filterLoc,,
4200,1197,filterLoc,,
4200,1200,filterLoc,,
4200,1203,filterLoc,,
4200,1206,filterLoc,,
4200,1209,filterLoc,,
4200,1212,filterLoc,,
4200,1215,filterLoc,,
4200,1218,filterLoc,,
4200,1221,filterLoc,,
4200,1224,filterLoc,,
4200,1227,filterLoc,,
4200,1230,filterLoc,,
4200,1233,filterLoc,,
4200,1236,filterLoc,,
4200,1239,filterLoc,,
4200,1242,filterLoc,,
4200,1245,filterLoc,,
4200,1248,filterLoc,,
4200,1251,filterLoc,,
4200,1254,filterLoc,,
4200,1257,filterLoc,,
4200,1260,filterLoc,,
4200,1263,filterLoc,,
4200,1266,filterLoc,,
4200,1269,filterLoc,,
4200,1272,filterLoc,,
4200,1275,filterLoc,,
4200,1278,filterLoc,,
4200,1281,filterLoc,,
4200,1284,filterLoc,,
4200,1287,filterLoc,,
4200,1290,filterLoc,,
4200,1293,filterLoc,,
4200,1296,filterLoc,,
4200,1299,filterLoc,,
4200,1302,filterLoc,,
4200,1305,filterLoc,,
4200,1308,filterLoc,,
4200,1311,filterLoc,,
4200,1314,filterLoc,,
4200,1317,filterLoc,,
4200,1320,filterLoc,,
4200,1323,filterLoc,,
4200,1326,filterLoc,,
4200,1329,filterLoc,,
4200,1332,filterLoc,,
4200,1335,filterLoc,,
4200,1338,filterLoc,,
4200,1341,filterLoc,,
4200,1344,filterLoc,,
4200,1347,filterLoc,,
4200,1350,filterLoc,,
4200,1353,filterLoc,,
4200,1356,filterLoc,,
4200,1359,filterLoc,,
4200,1362,filterLoc,,
4200,1365,filterLoc,,
4200,1368,filterLoc,,
4200,1371,filterLoc,,
4200,1374,filterLoc,,
4200,1377,filterLoc,,
4200,1380,filterLoc,,
4200,1383,filterLoc,,
4200,1386,filterLoc,,
4200,1389,filterLoc,,;Evacuee;323;in triage category;G;is entering helicopter;1
4200,1392,filterLoc,,
4200,1395,filterLoc,,
4200,1398,filterLoc,,
4200,1401,filterLoc,,
4200,1404,filterLoc,,
4200,1407,filterLoc,,
4200,1410,filterLoc,,
4200,1413,filterLoc,,
4200,1416,filterLoc,,
4200,1419,filterLoc,,
4200,1422,filterLoc,,
4200,1425,filterLoc,,
4200,1428,filterLoc,,
4200,1431,filterLoc,,
4200,1434,filterLoc,,
4200,1437,filterLoc,,
4200,1440,filterLoc,,
4200,1443,filterLoc,,
4200,1446,filterLoc,,
4200,1449,filterLoc,,
4200,1452,filterLoc,,
4200,1455,filterLoc,,
4200,1458,filterLoc,,
4200,1461,filterLoc,,
4200,1464,filterLoc,,
4200,1467,filterLoc,,
4200,1470,filterLoc,,
4200,1473,filterLoc,,
4200,1476,filterLoc,,
4200,1479,filterLoc,,
4200,1482,filterLoc,,
4200,1485,filterLoc,,
4200,1488,filterLoc,,
4200,1491,filterLoc,,
4200,1494,filterLoc,,
4200,1497,filterLoc,,
4200,1500,filterLoc,,
4200,1503,filterLoc,,
4200,1506,filterLoc,,
4200,1509,filterLoc,,
4200,263,filterLoc,out,Evacuee 341 in triage category G is assigned helicopter 1
4200,263,filterLoc,,
4200,264,evacuee,,Evacuee;341;in triage state;G;is entering helicopter;1
4200,314,filterLoc,out,Evacuee 318 in triage category G is assigned helicopter 1
4200,314,filterLoc,,
4200,315,evacuee,,Evacuee;318;in triage state;G;is entering helicopter;1
4200,317,filterLoc,out,Evacuee 317 in triage category G is assigned helicopter 1
4200,317,filterLoc,,
4200,318,evacuee,,Evacuee;317;in triage state;G;is entering helicopter;1
4200,323,filterLoc,out,Evacuee 316 in triage category G is assigned helicopter 1
4200,323,filterLoc,,
4200,324,evacuee,,Evacuee;316;in triage state;G;is entering helicopter;1
4200,515,filterLoc,out,Evacuee 302 in triage category G is assigned helicopter 1
4200,515,filterLoc,,
4200,516,evacuee,,Evacuee;302;in triage state;G;is entering helicopter;1
4200,521,filterLoc,out,Evacuee 299 in triage category G is assigned helicopter 1
4200,521,filterLoc,,
4200,522,evacuee,,Evacuee;299;in triage state;G;is entering helicopter;1
4200,962,filterLoc,out,Evacuee 320 in triage category G is assigned helicopter 1
4200,962,filterLoc,,
4200,963,evacuee,,Evacuee;320;in triage state;G;is entering helicopter;1
4200,1073,filterLoc,out,Evacuee 336 in triage category G is assigned helicopter 1
4200,1073,filterLoc,,
4200,1074,evacuee,,Evacuee;336;in triage state;G;is entering helicopter;1
4200,1076,filterLoc,out,Evacuee 307 in triage category G is assigned helicopter 1
4200,1076,filterLoc,,
4200,1077,evacuee,,Evacuee;307;in triage state;G;is entering helicopter;1
4200,1389,filterLoc,out,Evacuee 323 in triage category G is assigned helicopter 1
4200,1389,filterLoc,,
4200,1390,evacuee,,Evacuee;323;in triage state;G;is entering helicopter;1
4200,264,evacuee,outHelo,Evacuee 341 in triage category G is assigned helicopter 1
4200,264,evacuee,,Evacuee;341;in triage state;G;is in helicopter;1
4200,315,evacuee,outHelo,Evacuee 318 in triage category G is assigned helicopter 1
4200,315,evacuee,,Evacuee;318;in triage state;G;is in helicopter;1
4200,318,evacuee,outHelo,Evacuee 317 in triage category G is assigned helicopter 1
4200,318,evacuee,,Evacuee;317;in triage state;G;is in helicopter;1
4200,324,evacuee,outHelo,Evacuee 316 in triage category G is assigned helicopter 1
4200,324,evacuee,,Evacuee;316;in triage state;G;is in helicopter;1
4200,516,evacuee,outHelo,Evacuee 302 in triage category G is assigned helicopter 1
4200,516,evacuee,,Evacuee;302;in triage state;G;is in helicopter;1
4200,522,evacuee,outHelo,Evacuee 299 in triage category G is assigned helicopter 1
4200,522,evacuee,,Evacuee;299;in triage state;G;is in helicopter;1
4200,963,evacuee,outHelo,Evacuee 320 in triage category G is assigned helicopter 1
4200,963,evacuee,,Evacuee;320;in triage state;G;is in helicopter;1
4200,1074,evacuee,outHelo,Evacuee 336 in triage category G is assigned helicopter 1
4200,1074,evacuee,,Evacuee;336;in triage state;G;is in helicopter;1
4200,1077,evacuee,outHelo,Evacuee 307 in triage category G is assigned helicopter 1
4200,1077,evacuee,,Evacuee;307;in triage state;G;is in helicopter;1
4200,1151,filterEvac,,;Evacuee;299;in triage category;G;is entering helicopter;1;Evacuee;302;in triage category;G;is entering helicopter;1;Evacuee;307;in triage category;G;is entering helicopter;1;Evacuee;316;in triage category;G;is entering helicopter;1;Evacuee;317;in triage category;G;is entering helicopter;1;Evacuee;318;in triage category;G;is entering helicopter;1;Evacuee;320;in triage category;G;is entering helicopter;1;Evacuee;323;in triage category;G;is entering helicopter;1;Evacuee;336;in triage category;G;is entering helicopter;1;Evacuee;341;in triage category;G;is entering helicopter;1
4200,1390,evacuee,outHelo,Evacuee 323 in triage category G is assigned helicopter 1
4200,1390,evacuee,,Evacuee;323;in triage state;G;is in helicopter;1
4200,1151,filterEvac,out,Evacuee 299 in triage category G is assigned helicopter 1
4200,1151,filterEvac,out,Evacuee 302 in triage category G is assigned helicopter 1
4200,1151,filterEvac,out,Evacuee 307 in triage category G is assigned helicopter 1
4200,1151,filterEvac,out,Evacuee 316 in triage category G is assigned helicopter 1
4200,1151,filterEvac,out,Evacuee 317 in triage category G is assigned helicopter 1
4200,1151,filterEvac,out,Evacuee 318 in triage category G is assigned helicopter 1
4200,1151,filterEvac,out,Evacuee 320 in triage category G is assigned helicopter 1
4200,1151,filterEvac,out,Evacuee 323 in triage category G is assigned helicopter 1
4200,1151,filterEvac,out,Evacuee 336 in triage category G is assigned helicopter 1
4200,1151,filterEvac,out,Evacuee 341 in triage category G is assigned helicopter 1
4200,1151,filterEvac,,
4200,1153,helicopter,,Helicopter;1;is loading people at the evacuation site;;and has;10;spots taken
4203.63,3,evacueeManager,,OFF SHIP: White;0;Green;31;Yellow;13;Red;5;Black;351;ON SHIP: White;11;Green;39;Yellow;0;Red;0;Evacuees to Transfer;
4203.63,369,evacuee,outES,Evacuee 291 in triage category R is not assigned a helicopter
4203.63,369,evacuee,,Evacuee;291;in triage state;B;is at the evacuation site
4207.9,3,evacueeManager,,OFF SHIP: White;0;Green;31;Yellow;13;Red;4;Black;352;ON SHIP: White;11;Green;39;Yellow;0;Red;0;Evacuees to Transfer;
4207.9,246,evacuee,outES,Evacuee 354 in triage category R is not assigned a helicopter
4207.9,246,evacuee,,Evacuee;354;in triage state;B;is at the evacuation site
4209.63,3,evacueeManager,,OFF SHIP: White;0;Green;31;Yellow;12;Red;5;Black;352;ON SHIP: White;11;Green;39;Yellow;0;Red;0;Evacuees to Transfer;
4209.63,879,evacuee,outES,Evacuee 387 in triage category Y is not assigned a helicopter
4209.63,879,evacuee,,Evacuee;387;in triage state;R;is at the evacuation site
4215,4,helipadManager,outHelo,Helicopter 1 is evacuating people1
4215,4,helipadManager,,;No helos are at ES
4215,1152,filterES,,Helicopter;1;is evacuating people
4215,4,helipadManager,outHQ,0
4215,4,helipadManager,,;No helos are at ES
4215,5,helicopterQueue,,;No helos are waiting to land
4215,1152,filterES,out,Helicopter 1 is evacuating people1
4215,1152,filterES,,
4215,1153,helicopter,,Helicopter;1;is loading people at the evacuation site;;and has;10;spots taken
4215,5,helicopterQueue,,;No helos are waiting to land
4215,1153,helicopter,,Helicopter;1;is returning to the FOL;;and has;10;spots taken
4239.45,3,evacueeManager,,OFF SHIP: White;0;Green;31;Yellow;12;Red;4;Black;353;ON SHIP: White;11;Green;39;Yellow;0;Red;0;Evacuees to Transfer;
4239.45,432,evacuee,outES,Evacuee 272 in triage category R is not assigned a helicopter
4239.45,432,evacuee,,Evacuee;272;in triage state;B;is at the evacuation site
4242.24,3,evacueeManager,,OFF SHIP: White;0;Green;31;Yellow;11;Red;5;Black;353;ON SHIP: White;11;Green;39;Yellow;0;Red;0;Evacuees to Transfer;
4242.24,249,evacuee,outES,Evacuee 353 in triage category Y is not assigned a helicopter
4242.24,249,evacuee,,Evacuee;353;in triage state;R;is at the evacuation site
4257.81,3,evacueeManager,,OFF SHIP: White;0;Green;31;Yellow;11;Red;4;Black;354;ON SHIP: White;11;Green;39;Yellow;0;Red;0;Evacuees to Transfer;
4257.81,1378,evacuee,outES,Evacuee 390 in triage category R is not assigned a helicopter
4257.81,1378,evacuee,,Evacuee;390;in triage state;B;is at the evacuation site
4260.15,3,evacueeManager,,OFF SHIP: White;0;Green;31;Yellow;11;Red;4;Black;354;ON SHIP: White;12;Green;38;Yellow;0;Red;0;Evacuees to Transfer;
4260.15,768,evacuee,outES,Evacuee 250 in triage category G is told to board the coast guard ship
4260.15,768,evacuee,,Evacuee;250;in triage state;W;is on board the Coast Guard Ship
4267.2,3,evacueeManager,,OFF SHIP: White;0;Green;31;Yellow;11;Red;3;Black;355;ON SHIP: White;12;Green;38;Yellow;0;Red;0;Evacuees to Transfer;
4267.2,879,evacuee,outES,Evacuee 387 in triage category R is not assigned a helicopter
4267.2,879,evacuee,,Evacuee;387;in triage state;B;is at the evacuation site
4271.45,3,evacueeManager,,OFF SHIP: White;0;Green;31;Yellow;10;Red;4;Black;355;ON SHIP: White;12;Green;38;Yellow;0;Red;0;Evacuees to Transfer;
4271.45,1134,evacuee,outES,Evacuee 364 in triage category Y is not assigned a helicopter
4271.45,1134,evacuee,,Evacuee;364;in triage state;R;is at the evacuation site
4276.59,3,evacueeManager,,OFF SHIP: White;0;Green;31;Yellow;9;Red;5;Black;355;ON SHIP: White;12;Green;38;Yellow;0;Red;0;Evacuees to Transfer;
4276.59,234,evacuee,outES,Evacuee 362 in triage category Y is not assigned a helicopter
4276.59,234,evacuee,,Evacuee;362;in triage state;R;is at the evacuation site
4284.4,3,evacueeManager,,OFF SHIP: White;0;Green;31;Yellow;9;Red;4;Black;356;ON SHIP: White;12;Green;38;Yellow;0;Red;0;Evacuees to Transfer;
4284.4,249,evacuee,outES,Evacuee 353 in triage category R is not assigned a helicopter
4284.4,249,evacuee,,Evacuee;353;in triage state;B;is at the evacuation site
4290.18,3,evacueeManager,,OFF SHIP: White;0;Green;31;Yellow;9;Red;4;Black;356;ON SHIP: White;13;Green;37;Yellow;0;Red;0;Evacuees to Transfer;
4290.18,1276,evacuee,outES,Evacuee 145 in triage category G is told to board the coast guard ship
4290.18,1276,evacuee,,Evacuee;145;in triage state;W;is on board the Coast Guard Ship
4305.62,3,evacueeManager,,OFF SHIP: White;0;Green;31;Yellow;9;Red;3;Black;357;ON SHIP: White;13;Green;37;Yellow;0;Red;0;Evacuees to Transfer;
4305.62,234,evacuee,outES,Evacuee 362 in triage category R is not assigned a helicopter
4305.62,234,evacuee,,Evacuee;362;in triage state;B;is at the evacuation site
4310.86,3,evacueeManager,,OFF SHIP: White;0;Green;31;Yellow;9;Red;3;Black;357;ON SHIP: White;14;Green;36;Yellow;0;Red;0;Evacuees to Transfer;
4310.86,519,evacuee,outES,Evacuee 112 in triage category G is told to board the coast guard ship
4310.86,519,evacuee,,Evacuee;112;in triage state;W;is on board the Coast Guard Ship
4339.17,3,evacueeManager,,OFF SHIP: White;0;Green;31;Yellow;9;Red;2;Black;358;ON SHIP: White;14;Green;36;Yellow;0;Red;0;Evacuees to Transfer;
4339.17,1134,evacuee,outES,Evacuee 364 in triage category R is not assigned a helicopter
4339.17,1134,evacuee,,Evacuee;364;in triage state;B;is at the evacuation site
4342.99,3,evacueeManager,,OFF SHIP: White;0;Green;31;Yellow;9;Red;2;Black;358;ON SHIP: White;15;Green;35;Yellow;0;Red;0;Evacuees to Transfer;
4342.99,1510,evacuee,outES,Evacuee 258 in triage category G is told to board the coast guard ship
4342.99,1510,evacuee,,Evacuee;258;in triage state;W;is on board the Coast Guard Ship
4358.97,3,evacueeManager,,OFF SHIP: White;0;Green;31;Yellow;9;Red;2;Black;358;ON SHIP: White;16;Green;34;Yellow;0;Red;0;Evacuees to Transfer;
4358.97,1080,evacuee,outES,Evacuee 212 in triage category G is told to board the coast guard ship
4358.97,1080,evacuee,,Evacuee;212;in triage state;W;is on board the Coast Guard Ship
4365,7,filterLoc,,
4365,10,filterLoc,,
4365,13,filterLoc,,
4365,16,filterLoc,,
4365,19,filterLoc,,
4365,22,filterLoc,,
4365,25,filterLoc,,
4365,28,filterLoc,,
4365,31,filterLoc,,
4365,34,filterLoc,,
4365,37,filterLoc,,
4365,40,filterLoc,,
4365,43,filterLoc,,
4365,46,filterLoc,,
4365,49,filterLoc,,
4365,52,filterLoc,,
4365,55,filterLoc,,
4365,58,filterLoc,,
4365,61,filterLoc,,
4365,64,filterLoc,,
4365,67,filterLoc,,
4365,70,filterLoc,,
4365,73,filterLoc,,
4365,76,filterLoc,,
4365,79,filterLoc,,
4365,82,filterLoc,,
4365,85,filterLoc,,
4365,88,filterLoc,,
4365,91,filterLoc,,
4365,94,filterLoc,,
4365,97,filterLoc,,
4365,100,filterLoc,,
4365,103,filterLoc,,
4365,106,filterLoc,,
4365,109,filterLoc,,
4365,112,filterLoc,,
4365,115,filterLoc,,
4365,118,filterLoc,,
4365,121,filterLoc,,
4365,124,filterLoc,,
4365,127,filterLoc,,
4365,130,filterLoc,,
4365,133,filterLoc,,
4365,136,filterLoc,,
4365,139,filterLoc,,
4365,142,filterLoc,,
4365,145,filterLoc,,
4365,148,filterLoc,,
4365,151,filterLoc,,
4365,154,filterLoc,,
4365,157,filterLoc,,
4365,160,filterLoc,,
4365,163,filterLoc,,
4365,166,filterLoc,,
4365,169,filterLoc,,
4365,172,filterLoc,,
4365,175,filterLoc,,
4365,178,filterLoc,,
4365,181,filterLoc,,
4365,184,filterLoc,,
4365,187,filterLoc,,
4365,190,filterLoc,,
4365,193,filterLoc,,
4365,196,filterLoc,,
4365,199,filterLoc,,
4365,202,filterLoc,,
4365,205,filterLoc,,
4365,208,filterLoc,,
4365,211,filterLoc,,
4365,214,filterLoc,,
4365,217,filterLoc,,
4365,221,filterLoc,,
4365,224,filterLoc,,
4365,227,filterLoc,,
4365,230,filterLoc,,
4365,233,filterLoc,,
4365,236,filterLoc,,
4365,239,filterLoc,,
4365,242,filterLoc,,
4365,245,filterLoc,,
4365,248,filterLoc,,
4365,251,filterLoc,,
4365,254,filterLoc,,
4365,257,filterLoc,,
4365,260,filterLoc,,
4365,263,filterLoc,,;Evacuee;341;in triage category;G;is leaving helicopter;1
4365,266,filterLoc,,
4365,269,filterLoc,,
4365,272,filterLoc,,
4365,275,filterLoc,,
4365,278,filterLoc,,
4365,281,filterLoc,,
4365,284,filterLoc,,
4365,287,filterLoc,,
4365,290,filterLoc,,
4365,293,filterLoc,,
4365,296,filterLoc,,
4365,299,filterLoc,,
4365,302,filterLoc,,
4365,305,filterLoc,,
4365,308,filterLoc,,
4365,311,filterLoc,,
4365,314,filterLoc,,;Evacuee;318;in triage category;G;is leaving helicopter;1
4365,317,filterLoc,,;Evacuee;317;in triage category;G;is leaving helicopter;1
4365,320,filterLoc,,
4365,323,filterLoc,,;Evacuee;316;in triage category;G;is leaving helicopter;1
4365,326,filterLoc,,
4365,329,filterLoc,,
4365,332,filterLoc,,
4365,335,filterLoc,,
4365,338,filterLoc,,
4365,341,filterLoc,,
4365,344,filterLoc,,
4365,347,filterLoc,,
4365,350,filterLoc,,
4365,353,filterLoc,,
4365,356,filterLoc,,
4365,359,filterLoc,,
4365,362,filterLoc,,
4365,365,filterLoc,,
4365,368,filterLoc,,
4365,371,filterLoc,,
4365,374,filterLoc,,
4365,377,filterLoc,,
4365,380,filterLoc,,
4365,383,filterLoc,,
4365,386,filterLoc,,
4365,389,filterLoc,,
4365,392,filterLoc,,
4365,395,filterLoc,,
4365,398,filterLoc,,
4365,401,filterLoc,,
4365,404,filterLoc,,
4365,407,filterLoc,,
4365,410,filterLoc,,
4365,413,filterLoc,,
4365,416,filterLoc,,
4365,419,filterLoc,,
4365,422,filterLoc,,
4365,425,filterLoc,,
4365,428,filterLoc,,
4365,431,filterLoc,,
4365,434,filterLoc,,
4365,437,filterLoc,,
4365,440,filterLoc,,
4365,443,filterLoc,,
4365,446,filterLoc,,
4365,449,filterLoc,,
4365,452,filterLoc,,
4365,455,filterLoc,,
4365,458,filterLoc,,
4365,461,filterLoc,,
4365,464,filterLoc,,
4365,467,filterLoc,,
4365,470,filterLoc,,
4365,473,filterLoc,,
4365,476,filterLoc,,
4365,479,filterLoc,,
4365,482,filterLoc,,
4365,485,filterLoc,,
4365,488,filterLoc,,
4365,491,filterLoc,,
4365,494,filterLoc,,
4365,497,filterLoc,,
4365,500,filterLoc,,
4365,503,filterLoc,,
4365,506,filterLoc,,
4365,509,filterLoc,,
4365,512,filterLoc,,
4365,515,filterLoc,,;Evacuee;302;in triage category;G;is leaving helicopter;1
4365,518,filterLoc,,
4365,521,filterLoc,,;Evacuee;299;in triage category;G;is leaving helicopter;1
4365,524,filterLoc,,
4365,527,filterLoc,,
4365,530,filterLoc,,
4365,533,filterLoc,,
4365,536,filterLoc,,
4365,539,filterLoc,,
4365,542,filterLoc,,
4365,545,filterLoc,,
4365,548,filterLoc,,
4365,551,filterLoc,,
4365,554,filterLoc,,
4365,557,filterLoc,,
4365,560,filterLoc,,
4365,563,filterLoc,,
4365,566,filterLoc,,
4365,569,filterLoc,,
4365,572,filterLoc,,
4365,575,filterLoc,,
4365,578,filterLoc,,
4365,581,filterLoc,,
4365,584,filterLoc,,
4365,587,filterLoc,,
4365,590,filterLoc,,
4365,593,filterLoc,,
4365,596,filterLoc,,
4365,599,filterLoc,,
4365,602,filterLoc,,
4365,605,filterLoc,,
4365,608,filterLoc,,
4365,611,filterLoc,,
4365,614,filterLoc,,
4365,617,filterLoc,,
4365,620,filterLoc,,
4365,623,filterLoc,,
4365,626,filterLoc,,
4365,629,filterLoc,,
4365,632,filterLoc,,
4365,635,filterLoc,,
4365,638,filterLoc,,
4365,641,filterLoc,,
4365,644,filterLoc,,
4365,647,filterLoc,,
4365,650,filterLoc,,
4365,653,filterLoc,,
4365,656,filterLoc,,
4365,659,filterLoc,,
4365,662,filterLoc,,
4365,665,filterLoc,,
4365,668,filterLoc,,
4365,671,filterLoc,,
4365,674,filterLoc,,
4365,677,filterLoc,,
4365,680,filterLoc,,
4365,683,filterLoc,,
4365,686,filterLoc,,
4365,689,filterLoc,,
4365,692,filterLoc,,
4365,695,filterLoc,,
4365,698,filterLoc,,
4365,701,filterLoc,,
4365,704,filterLoc,,
4365,707,filterLoc,,
4365,710,filterLoc,,
4365,713,filterLoc,,
4365,716,filterLoc,,
4365,719,filterLoc,,
4365,722,filterLoc,,
4365,725,filterLoc,,
4365,728,filterLoc,,
4365,731,filterLoc,,
4365,734,filterLoc,,
4365,737,filterLoc,,
4365,740,filterLoc,,
4365,743,filterLoc,,
4365,746,filterLoc,,
4365,749,filterLoc,,
4365,752,filterLoc,,
4365,755,filterLoc,,
4365,758,filterLoc,,
4365,761,filterLoc,,
4365,764,filterLoc,,
4365,767,filterLoc,,
4365,770,filterLoc,,
4365,773,filterLoc,,
4365,776,filterLoc,,
4365,779,filterLoc,,
4365,782,filterLoc,,
4365,785,filterLoc,,
4365,788,filterLoc,,
4365,791,filterLoc,,
4365,794,filterLoc,,
4365,797,filterLoc,,
4365,800,filterLoc,,
4365,803,filterLoc,,
4365,806,filterLoc,,
4365,809,filterLoc,,
4365,812,filterLoc,,
4365,815,filterLoc,,
4365,818,filterLoc,,
4365,821,filterLoc,,
4365,824,filterLoc,,
4365,827,filterLoc,,
4365,830,filterLoc,,
4365,833,filterLoc,,
4365,836,filterLoc,,
4365,839,filterLoc,,
4365,842,filterLoc,,
4365,845,filterLoc,,
4365,848,filterLoc,,
4365,851,filterLoc,,
4365,854,filterLoc,,
4365,857,filterLoc,,
4365,860,filterLoc,,
4365,863,filterLoc,,
4365,866,filterLoc,,
4365,869,filterLoc,,
4365,872,filterLoc,,
4365,875,filterLoc,,
4365,878,filterLoc,,
4365,881,filterLoc,,
4365,884,filterLoc,,
4365,887,filterLoc,,
4365,890,filterLoc,,
4365,893,filterLoc,,
4365,896,filterLoc,,
4365,899,filterLoc,,
4365,902,filterLoc,,
4365,905,filterLoc,,
4365,908,filterLoc,,
4365,911,filterLoc,,
4365,914,filterLoc,,
4365,917,filterLoc,,
4365,920,filterLoc,,
4365,923,filterLoc,,
4365,926,filterLoc,,
4365,929,filterLoc,,
4365,932,filterLoc,,
4365,935,filterLoc,,
4365,938,filterLoc,,
4365,941,filterLoc,,
4365,944,filterLoc,,
4365,947,filterLoc,,
4365,950,filterLoc,,
4365,953,filterLoc,,
4365,956,filterLoc,,
4365,959,filterLoc,,
4365,962,filterLoc,,;Evacuee;320;in triage category;G;is leaving helicopter;1
4365,965,filterLoc,,
4365,968,filterLoc,,
4365,971,filterLoc,,
4365,974,filterLoc,,
4365,977,filterLoc,,
4365,980,filterLoc,,
4365,983,filterLoc,,
4365,986,filterLoc,,
4365,989,filterLoc,,
4365,992,filterLoc,,
4365,995,filterLoc,,
4365,998,filterLoc,,
4365,1001,filterLoc,,
4365,1004,filterLoc,,
4365,1007,filterLoc,,
4365,1010,filterLoc,,
4365,1013,filterLoc,,
4365,1016,filterLoc,,
4365,1019,filterLoc,,
4365,1022,filterLoc,,
4365,1025,filterLoc,,
4365,1028,filterLoc,,
4365,1031,filterLoc,,
4365,1034,filterLoc,,
4365,1037,filterLoc,,
4365,1040,filterLoc,,
4365,1043,filterLoc,,
4365,1046,filterLoc,,
4365,1049,filterLoc,,
4365,1052,filterLoc,,
4365,1055,filterLoc,,
4365,1058,filterLoc,,
4365,1061,filterLoc,,
4365,1064,filterLoc,,
4365,1067,filterLoc,,
4365,1070,filterLoc,,
4365,1073,filterLoc,,;Evacuee;336;in triage category;G;is leaving helicopter;1
4365,1076,filterLoc,,;Evacuee;307;in triage category;G;is leaving helicopter;1
4365,1079,filterLoc,,
4365,1082,filterLoc,,
4365,1085,filterLoc,,
4365,1088,filterLoc,,
4365,1091,filterLoc,,
4365,1094,filterLoc,,
4365,1097,filterLoc,,
4365,1100,filterLoc,,
4365,1103,filterLoc,,
4365,1106,filterLoc,,
4365,1109,filterLoc,,
4365,1112,filterLoc,,
4365,1115,filterLoc,,
4365,1118,filterLoc,,
4365,1121,filterLoc,,
4365,1124,filterLoc,,
4365,1127,filterLoc,,
4365,1130,filterLoc,,
4365,1133,filterLoc,,
4365,1136,filterLoc,,
4365,1139,filterLoc,,
4365,1142,filterLoc,,
4365,1145,filterLoc,,
4365,1148,filterLoc,,
4365,1153,helicopter,outEvac,Evacuee 299 in triage category G is not assigned a helicopter
4365,1153,helicopter,outEvac,Evacuee 302 in triage category G is not assigned a helicopter
4365,1153,helicopter,outEvac,Evacuee 307 in triage category G is not assigned a helicopter
4365,1153,helicopter,outEvac,Evacuee 316 in triage category G is not assigned a helicopter
4365,1153,helicopter,outEvac,Evacuee 317 in triage category G is not assigned a helicopter
4365,1153,helicopter,outEvac,Evacuee 318 in triage category G is not assigned a helicopter
4365,1153,helicopter,outEvac,Evacuee 320 in triage category G is not assigned a helicopter
4365,1153,helicopter,outEvac,Evacuee 323 in triage category G is not assigned a helicopter
4365,1153,helicopter,outEvac,Evacuee 336 in triage category G is not assigned a helicopter
4365,1153,helicopter,outEvac,Evacuee 341 in triage category G is not assigned a helicopter
4365,1153,helicopter,,Helicopter;1;is unloading people at the FOL;;and has;0;spots taken
4365,1155,filterLoc,,
4365,1158,filterLoc,,
4365,1161,filterLoc,,
4365,1164,filterLoc,,
4365,1167,filterLoc,,
4365,1170,filterLoc,,
4365,1173,filterLoc,,
4365,1176,filterLoc,,
4365,1179,filterLoc,,
4365,1182,filterLoc,,
4365,1185,filterLoc,,
4365,1188,filterLoc,,
4365,1191,filterLoc,,
4365,1194,filterLoc,,
4365,1197,filterLoc,,
4365,1200,filterLoc,,
4365,1203,filterLoc,,
4365,1206,filterLoc,,
4365,1209,filterLoc,,
4365,1212,filterLoc,,
4365,1215,filterLoc,,
4365,1218,filterLoc,,
4365,1221,filterLoc,,
4365,1224,filterLoc,,
4365,1227,filterLoc,,
4365,1230,filterLoc,,
4365,1233,filterLoc,,
4365,1236,filterLoc,,
4365,1239,filterLoc,,
4365,1242,filterLoc,,
4365,1245,filterLoc,,
4365,1248,filterLoc,,
4365,1251,filterLoc,,
4365,1254,filterLoc,,
4365,1257,filterLoc,,
4365,1260,filterLoc,,
4365,1263,filterLoc,,
4365,1266,filterLoc,,
4365,1269,filterLoc,,
4365,1272,filterLoc,,
4365,1275,filterLoc,,
4365,1278,filterLoc,,
4365,1281,filterLoc,,
4365,1284,filterLoc,,
4365,1287,filterLoc,,
4365,1290,filterLoc,,
4365,1293,filterLoc,,
4365,1296,filterLoc,,
4365,1299,filterLoc,,
4365,1302,filterLoc,,
4365,1305,filterLoc,,
4365,1308,filterLoc,,
4365,1311,filterLoc,,
4365,1314,filterLoc,,
4365,1317,filterLoc,,
4365,1320,filterLoc,,
4365,1323,filterLoc,,
4365,1326,filterLoc,,
4365,1329,filterLoc,,
4365,1332,filterLoc,,
4365,1335,filterLoc,,
4365,1338,filterLoc,,
4365,1341,filterLoc,,
4365,1344,filterLoc,,
4365,1347,filterLoc,,
4365,1350,filterLoc,,
4365,1353,filterLoc,,
4365,1356,filterLoc,,
4365,1359,filterLoc,,
4365,1362,filterLoc,,
4365,1365,filterLoc,,
4365,1368,filterLoc,,
4365,1371,filterLoc,,
4365,1374,filterLoc,,
4365,1377,filterLoc,,
4365,1380,filterLoc,,
4365,1383,filterLoc,,
4365,1386,filterLoc,,
4365,1389,filterLoc,,;Evacuee;323;in triage category;G;is leaving helicopter;1
4365,1392,filterLoc,,
4365,1395,filterLoc,,
4365,1398,filterLoc,,
4365,1401,filterLoc,,
4365,1404,filterLoc,,
4365,1407,filterLoc,,
4365,1410,filterLoc,,
4365,1413,filterLoc,,
4365,1416,filterLoc,,
4365,1419,filterLoc,,
4365,1422,filterLoc,,
4365,1425,filterLoc,,
4365,1428,filterLoc,,
4365,1431,filterLoc,,
4365,1434,filterLoc,,
4365,1437,filterLoc,,
4365,1440,filterLoc,,
4365,1443,filterLoc,,
4365,1446,filterLoc,,
4365,1449,filterLoc,,
4365,1452,filterLoc,,
4365,1455,filterLoc,,
4365,1458,filterLoc,,
4365,1461,filterLoc,,
4365,1464,filterLoc,,
4365,1467,filterLoc,,
4365,1470,filterLoc,,
4365,1473,filterLoc,,
4365,1476,filterLoc,,
4365,1479,filterLoc,,
4365,1482,filterLoc,,
4365,1485,filterLoc,,
4365,1488,filterLoc,,
4365,1491,filterLoc,,
4365,1494,filterLoc,,
4365,1497,filterLoc,,
4365,1500,filterLoc,,
4365,1503,filterLoc,,
4365,1506,filterLoc,,
4365,1509,filterLoc,,
4365,263,filterLoc,out,Evacuee 341 in triage category G is not assigned a helicopter
4365,263,filterLoc,,
4365,264,evacuee,,Evacuee;341;in triage state;G;is entering the FOL
4365,314,filterLoc,out,Evacuee 318 in triage category G is not assigned a helicopter
4365,314,filterLoc,,
4365,315,evacuee,,Evacuee;318;in triage state;G;is entering the FOL
4365,317,filterLoc,out,Evacuee 317 in triage category G is not assigned a helicopter
4365,317,filterLoc,,
4365,318,evacuee,,Evacuee;317;in triage state;G;is entering the FOL
4365,323,filterLoc,out,Evacuee 316 in triage category G is not assigned a helicopter
4365,323,filterLoc,,
4365,324,evacuee,,Evacuee;316;in triage state;G;is entering the FOL
4365,515,filterLoc,out,Evacuee 302 in triage category G is not assigned a helicopter
4365,515,filterLoc,,
4365,516,evacuee,,Evacuee;302;in triage state;G;is entering the FOL
4365,521,filterLoc,out,Evacuee 299 in triage category G is not assigned a helicopter
4365,521,filterLoc,,
4365,522,evacuee,,Evacuee;299;in triage state;G;is entering the FOL
4365,962,filterLoc,out,Evacuee 320 in triage category G is not assigned a helicopter
4365,962,filterLoc,,
4365,963,evacuee,,Evacuee;320;in triage state;G;is entering the FOL
4365,1073,filterLoc,out,Evacuee 336 in triage category G is not assigned a helicopter
4365,1073,filterLoc,,
4365,1074,evacuee,,Evacuee;336;in triage state;G;is entering the FOL
4365,1076,filterLoc,out,Evacuee 307 in triage category G is not assigned a helicopter
4365,1076,filterLoc,,
4365,1077,evacuee,,Evacuee;307;in triage state;G;is entering the FOL
4365,1389,filterLoc,out,Evacuee 323 in triage category G is not assigned a helicopter
4365,1389,filterLoc,,
4365,1390,evacuee,,Evacuee;323;in triage state;G;is entering the FOL
4365,219,FOL,,;EvacueeID;5;Triage Status;G;EvacueeID;7;Triage Status;G;EvacueeID;13;Triage Status;G;EvacueeID;16;Triage Status;G;EvacueeID;18;Triage Status;G;EvacueeID;22;Triage Status;G;EvacueeID;23;Triage Status;G;EvacueeID;24;Triage Status;G;EvacueeID;25;Triage Status;G;EvacueeID;30;Triage Status;G;EvacueeID;32;Triage Status;G;EvacueeID;34;Triage Status;G;EvacueeID;37;Triage Status;G;EvacueeID;39;Triage Status;G;EvacueeID;40;Triage Status;G;EvacueeID;43;Triage Status;G;EvacueeID;44;Triage Status;G;EvacueeID;45;Triage Status;G;EvacueeID;51;Triage Status;G;EvacueeID;57;Triage Status;G;EvacueeID;62;Triage Status;G;EvacueeID;66;Triage Status;G;EvacueeID;70;Triage Status;G;EvacueeID;73;Triage Status;G;EvacueeID;75;Triage Status;G;EvacueeID;79;Triage Status;G;EvacueeID;80;Triage Status;G;EvacueeID;89;Triage Status;G;EvacueeID;92;Triage Status;G;EvacueeID;97;Triage Status;G;EvacueeID;260;Triage Status;G;EvacueeID;261;Triage Status;G;EvacueeID;267;Triage Status;G;EvacueeID;283;Triage Status;G;EvacueeID;284;Triage Status;G;EvacueeID;285;Triage Status;G;EvacueeID;287;Triage Status;G;EvacueeID;288;Triage Status;G;EvacueeID;289;Triage Status;G;EvacueeID;296;Triage Status;G;EvacueeID;299;Triage Status;G;EvacueeID;302;Triage Status;G;EvacueeID;307;Triage Status;G;EvacueeID;316;Triage Status;G;EvacueeID;317;Triage Status;G;EvacueeID;318;Triage Status;G;EvacueeID;320;Triage Status;G;EvacueeID;323;Triage Status;G;EvacueeID;336;Triage Status;G;EvacueeID;341;Triage Status;G;Lives Saved;50
4365,264,evacuee,outFOL,Evacuee 341 in triage category G is not assigned a helicopter
4365,264,evacuee,,Evacuee;341;in triage state;G;is at the FOL
4365,315,evacuee,outFOL,Evacuee 318 in triage category G is not assigned a helicopter
4365,315,evacuee,,Evacuee;318;in triage state;G;is at the FOL
4365,318,evacuee,outFOL,Evacuee 317 in triage category G is not assigned a helicopter
4365,318,evacuee,,Evacuee;317;in triage state;G;is at the FOL
4365,324,evacuee,outFOL,Evacuee 316 in triage category G is not assigned a helicopter
4365,324,evacuee,,Evacuee;316;in triage state;G;is at the FOL
4365,516,evacuee,outFOL,Evacuee 302 in triage category G is not assigned a helicopter
4365,516,evacuee,,Evacuee;302;in triage state;G;is at the FOL
4365,522,evacuee,outFOL,Evacuee 299 in triage category G is not assigned a helicopter
4365,522,evacuee,,Evacuee;299;in triage state;G;is at the FOL
4365,963,evacuee,outFOL,Evacuee 320 in triage category G is not assigned a helicopter
4365,963,evacuee,,Evacuee;320;in triage state;G;is at the FOL
4365,1074,evacuee,outFOL,Evacuee 336 in triage category G is not assigned a helicopter
4365,1074,evacuee,,Evacuee;336;in triage state;G;is at the FOL
4365,1077,evacuee,outFOL,Evacuee 307 in triage category G is not assigned a helicopter
4365,1077,evacuee,,Evacuee;307;in triage state;G;is at the FOL
4365,1390,evacuee,outFOL,Evacuee 323 in triage category G is not assigned a helicopter
4365,1390,evacuee,,Evacuee;323;in triage state;G;is at the FOL
4365,219,FOL,,;EvacueeID;5;Triage Status;G;EvacueeID;7;Triage Status;G;EvacueeID;13;Triage Status;G;EvacueeID;16;Triage Status;G;EvacueeID;18;Triage Status;G;EvacueeID;22;Triage Status;G;EvacueeID;23;Triage Status;G;EvacueeID;24;Triage Status;G;EvacueeID;25;Triage Status;G;EvacueeID;30;Triage Status;G;EvacueeID;32;Triage Status;G;EvacueeID;34;Triage Status;G;EvacueeID;37;Triage Status;G;EvacueeID;39;Triage Status;G;EvacueeID;40;Triage Status;G;EvacueeID;43;Triage Status;G;EvacueeID;44;Triage Status;G;EvacueeID;45;Triage Status;G;EvacueeID;51;Triage Status;G;EvacueeID;57;Triage Status;G;EvacueeID;62;Triage Status;G;EvacueeID;66;Triage Status;G;EvacueeID;70;Triage Status;G;EvacueeID;73;Triage Status;G;EvacueeID;75;Triage Status;G;EvacueeID;79;Triage Status;G;EvacueeID;80;Triage Status;G;EvacueeID;89;Triage Status;G;EvacueeID;92;Triage Status;G;EvacueeID;97;Triage Status;G;EvacueeID;260;Triage Status;G;EvacueeID;261;Triage Status;G;EvacueeID;267;Triage Status;G;EvacueeID;283;Triage Status;G;EvacueeID;284;Triage Status;G;EvacueeID;285;Triage Status;G;EvacueeID;287;Triage Status;G;EvacueeID;288;Triage Status;G;EvacueeID;289;Triage Status;G;EvacueeID;296;Triage Status;G;EvacueeID;299;Triage Status;G;EvacueeID;302;Triage Status;G;EvacueeID;307;Triage Status;G;EvacueeID;316;Triage Status;G;EvacueeID;317;Triage Status;G;EvacueeID;318;Triage Status;G;EvacueeID;320;Triage Status;G;EvacueeID;323;Triage Status;G;EvacueeID;336;Triage Status;G;EvacueeID;341;Triage Status;G;Lives Saved;50
4380,1153,helicopter,,Helicopter;1;Is going to the evacuation site;;and has;0;spots taken
4384.1,3,evacueeManager,,OFF SHIP: White;0;Green;30;Yellow;10;Red;2;Black;358;ON SHIP: White;16;Green;34;Yellow;0;Red;0;Evacuees to Transfer;
4384.1,59,evacuee,outES,Evacuee 463 in triage category G is not assigned a helicopter
4384.1,59,evacuee,,Evacuee;463;in triage state;Y;is at the evacuation site
4385.18,3,evacueeManager,,OFF SHIP: White;0;Green;30;Yellow;10;Red;1;Black;359;ON SHIP: White;16;Green;34;Yellow;0;Red;0;Evacuees to Transfer;
4385.18,693,evacuee,outES,Evacuee 251 in triage category R is not assigned a helicopter
4385.18,693,evacuee,,Evacuee;251;in triage state;B;is at the evacuation site
4402.81,3,evacueeManager,,OFF SHIP: White;0;Green;29;Yellow;11;Red;1;Black;359;ON SHIP: White;16;Green;34;Yellow;0;Red;0;Evacuees to Transfer;
4402.81,252,evacuee,outES,Evacuee 351 in triage category G is not assigned a helicopter
4402.81,252,evacuee,,Evacuee;351;in triage state;Y;is at the evacuation site
4405.05,3,evacueeManager,,OFF SHIP: White;0;Green;29;Yellow;10;Red;2;Black;359;ON SHIP: White;16;Green;34;Yellow;0;Red;0;Evacuees to Transfer;
4405.05,441,evacuee,outES,Evacuee 262 in triage category Y is not assigned a helicopter
4405.05,441,evacuee,,Evacuee;262;in triage state;R;is at the evacuation site
4411.78,3,evacueeManager,,OFF SHIP: White;0;Green;29;Yellow;10;Red;1;Black;360;ON SHIP: White;16;Green;34;Yellow;0;Red;0;Evacuees to Transfer;
4411.78,759,evacuee,outES,Evacuee 334 in triage category R is not assigned a helicopter
4411.78,759,evacuee,,Evacuee;334;in triage state;B;is at the evacuation site
4425.89,3,evacueeManager,,OFF SHIP: White;0;Green;29;Yellow;9;Red;2;Black;360;ON SHIP: White;16;Green;34;Yellow;0;Red;0;Evacuees to Transfer;
4425.89,741,evacuee,outES,Evacuee 218 in triage category Y is not assigned a helicopter
4425.89,741,evacuee,,Evacuee;218;in triage state;R;is at the evacuation site
4441.2,3,evacueeManager,,OFF SHIP: White;0;Green;29;Yellow;8;Red;3;Black;360;ON SHIP: White;16;Green;34;Yellow;0;Red;0;Evacuees to Transfer;
4441.2,182,evacuee,outES,Evacuee 383 in triage category Y is not assigned a helicopter
4441.2,182,evacuee,,Evacuee;383;in triage state;R;is at the evacuation site
4450.62,3,evacueeManager,,OFF SHIP: White;0;Green;28;Yellow;9;Red;3;Black;360;ON SHIP: White;16;Green;34;Yellow;0;Red;0;Evacuees to Transfer;
4450.62,1327,evacuee,outES,Evacuee 417 in triage category G is not assigned a helicopter
4450.62,1327,evacuee,,Evacuee;417;in triage state;Y;is at the evacuation site
4461.64,3,evacueeManager,,OFF SHIP: White;0;Green;28;Yellow;9;Red;2;Black;361;ON SHIP: White;16;Green;34;Yellow;0;Red;0;Evacuees to Transfer;
4461.64,441,evacuee,outES,Evacuee 262 in triage category R is not assigned a helicopter
4461.64,441,evacuee,,Evacuee;262;in triage state;B;is at the evacuation site
4474.51,3,evacueeManager,,OFF SHIP: White;0;Green;28;Yellow;8;Red;3;Black;361;ON SHIP: White;16;Green;34;Yellow;0;Red;0;Evacuees to Transfer;
4474.51,375,evacuee,outES,Evacuee 350 in triage category Y is not assigned a helicopter
4474.51,375,evacuee,,Evacuee;350;in triage state;R;is at the evacuation site
4481.74,3,evacueeManager,,OFF SHIP: White;0;Green;28;Yellow;8;Red;2;Black;362;ON SHIP: White;16;Green;34;Yellow;0;Red;0;Evacuees to Transfer;
4481.74,375,evacuee,outES,Evacuee 350 in triage category R is not assigned a helicopter
4481.74,375,evacuee,,Evacuee;350;in triage state;B;is at the evacuation site
4482.46,3,evacueeManager,,OFF SHIP: White;0;Green;28;Yellow;7;Red;3;Black;362;ON SHIP: White;16;Green;34;Yellow;0;Red;0;Evacuees to Transfer;
4482.46,59,evacuee,outES,Evacuee 463 in triage category Y is not assigned a helicopter
4482.46,59,evacuee,,Evacuee;463;in triage state;R;is at the evacuation site
4493.28,3,evacueeManager,,OFF SHIP: White;0;Green;28;Yellow;7;Red;3;Black;362;ON SHIP: White;17;Green;33;Yellow;0;Red;0;Evacuees to Transfer;
4493.28,771,evacuee,outES,Evacuee 107 in triage category G is told to board the coast guard ship
4493.28,771,evacuee,,Evacuee;107;in triage state;W;is on board the Coast Guard Ship
4502.9,3,evacueeManager,,OFF SHIP: White;0;Green;28;Yellow;6;Red;4;Black;362;ON SHIP: White;17;Green;33;Yellow;0;Red;0;Evacuees to Transfer;
4502.9,252,evacuee,outES,Evacuee 351 in triage category Y is not assigned a helicopter
4502.9,252,evacuee,,Evacuee;351;in triage state;R;is at the evacuation site
4530,5,helicopterQueue,,1;Helos are waiting to land;HeloID;1
4530,1153,helicopter,outES,Helicopter 1 is evacuating people1
4530,1153,helicopter,,Helicopter;1;is waiting to land at the evacuation site;;and has;0;spots taken
4530,4,helipadManager,,;No helos are at ES
4530,5,helicopterQueue,outHM,Helicopter 1 is evacuating people1
4530,5,helicopterQueue,outHelo,Helicopter 1 is evacuating people1
4530,5,helicopterQueue,,;No helos are waiting to land
4530,1152,filterES,,Helicopter;1;is evacuating people
4530,3,evacueeManager,,OFF SHIP: White;0;Green;18;Yellow;6;Red;4;Black;362;ON SHIP: White;17;Green;33;Yellow;0;Red;0;Evacuees to Transfer;;EvacueeID;345;HeloID;1;OnShip;0;Triage Status;G;EvacueeID;346;HeloID;1;OnShip;0;Triage Status;G;EvacueeID;348;HeloID;1;OnShip;0;Triage Status;G;EvacueeID;349;HeloID;1;OnShip;0;Triage Status;G;EvacueeID;356;HeloID;1;OnShip;0;Triage Status;G;EvacueeID;376;HeloID;1;OnShip;0;Triage Status;G;EvacueeID;379;HeloID;1;OnShip;0;Triage Status;G;EvacueeID;380;HeloID;1;OnShip;0;Triage Status;G;EvacueeID;381;HeloID;1;OnShip;0;Triage Status;G;EvacueeID;382;HeloID;1;OnShip;0;Triage Status;G
4530,4,helipadManager,outEM,Helicopter 1 is evacuating people1
4530,4,helipadManager,,Helo;1;is at the ES
4530,1152,filterES,out,Helicopter 1 is evacuating people1
4530,1152,filterES,,
4530,1153,helicopter,,Helicopter;1;is waiting to land at the evacuation site;;and has;0;spots taken
4530,3,evacueeManager,outEvac,Evacuee 345 in triage category G is assigned helicopter 1
4530,3,evacueeManager,outEvac,Evacuee 346 in triage category G is assigned helicopter 1
4530,3,evacueeManager,outEvac,Evacuee 348 in triage category G is assigned helicopter 1
4530,3,evacueeManager,outEvac,Evacuee 349 in triage category G is assigned helicopter 1
4530,3,evacueeManager,outEvac,Evacuee 356 in triage category G is assigned helicopter 1
4530,3,evacueeManager,outEvac,Evacuee 376 in triage category G is assigned helicopter 1
4530,3,evacueeManager,outEvac,Evacuee 379 in triage category G is assigned helicopter 1
4530,3,evacueeManager,outEvac,Evacuee 380 in triage category G is assigned helicopter 1
4530,3,evacueeManager,outEvac,Evacuee 381 in triage category G is assigned helicopter 1
4530,3,evacueeManager,outEvac,Evacuee 382 in triage category G is assigned helicopter 1
4530,3,evacueeManager,,OFF SHIP: White;0;Green;18;Yellow;6;Red;4;Black;362;ON SHIP: White;17;Green;33;Yellow;0;Red;0;Evacuees to Transfer;
4530,7,filterLoc,,
4530,10,filterLoc,,
4530,13,filterLoc,,
4530,16,filterLoc,,
4530,19,filterLoc,,
4530,22,filterLoc,,
4530,25,filterLoc,,
4530,28,filterLoc,,
4530,31,filterLoc,,
4530,34,filterLoc,,
4530,37,filterLoc,,
4530,40,filterLoc,,
4530,43,filterLoc,,
4530,46,filterLoc,,
4530,49,filterLoc,,
4530,52,filterLoc,,
4530,55,filterLoc,,
4530,58,filterLoc,,
4530,61,filterLoc,,
4530,64,filterLoc,,
4530,67,filterLoc,,
4530,70,filterLoc,,
4530,73,filterLoc,,
4530,76,filterLoc,,
4530,79,filterLoc,,
4530,82,filterLoc,,
4530,85,filterLoc,,
4530,88,filterLoc,,
4530,91,filterLoc,,
4530,94,filterLoc,,
4530,97,filterLoc,,
4530,100,filterLoc,,
4530,103,filterLoc,,
4530,106,filterLoc,,
4530,109,filterLoc,,
4530,112,filterLoc,,
4530,115,filterLoc,,
4530,118,filterLoc,,
4530,121,filterLoc,,
4530,124,filterLoc,,
4530,127,filterLoc,,
4530,130,filterLoc,,
4530,133,filterLoc,,
4530,136,filterLoc,,
4530,139,filterLoc,,
4530,142,filterLoc,,
4530,145,filterLoc,,
4530,148,filterLoc,,
4530,151,filterLoc,,
4530,154,filterLoc,,
4530,157,filterLoc,,
4530,160,filterLoc,,
4530,163,filterLoc,,
4530,166,filterLoc,,
4530,169,filterLoc,,
4530,172,filterLoc,,
4530,175,filterLoc,,
4530,178,filterLoc,,
4530,181,filterLoc,,
4530,184,filterLoc,,
4530,187,filterLoc,,;Evacuee;382;in triage category;G;is entering helicopter;1
4530,190,filterLoc,,;Evacuee;381;in triage category;G;is entering helicopter;1
4530,193,filterLoc,,
4530,196,filterLoc,,;Evacuee;380;in triage category;G;is entering helicopter;1
4530,199,filterLoc,,;Evacuee;379;in triage category;G;is entering helicopter;1
4530,202,filterLoc,,
4530,205,filterLoc,,
4530,208,filterLoc,,
4530,211,filterLoc,,
4530,214,filterLoc,,
4530,217,filterLoc,,
4530,221,filterLoc,,
4530,224,filterLoc,,
4530,227,filterLoc,,
4530,230,filterLoc,,
4530,233,filterLoc,,
4530,236,filterLoc,,
4530,239,filterLoc,,
4530,242,filterLoc,,
4530,245,filterLoc,,
4530,248,filterLoc,,
4530,251,filterLoc,,
4530,254,filterLoc,,;Evacuee;349;in triage category;G;is entering helicopter;1
4530,257,filterLoc,,;Evacuee;348;in triage category;G;is entering helicopter;1
4530,260,filterLoc,,;Evacuee;346;in triage category;G;is entering helicopter;1
4530,263,filterLoc,,
4530,266,filterLoc,,
4530,269,filterLoc,,
4530,272,filterLoc,,
4530,275,filterLoc,,
4530,278,filterLoc,,
4530,281,filterLoc,,
4530,284,filterLoc,,
4530,287,filterLoc,,
4530,290,filterLoc,,
4530,293,filterLoc,,
4530,296,filterLoc,,
4530,299,filterLoc,,
4530,302,filterLoc,,
4530,305,filterLoc,,
4530,308,filterLoc,,
4530,311,filterLoc,,
4530,314,filterLoc,,
4530,317,filterLoc,,
4530,320,filterLoc,,
4530,323,filterLoc,,
4530,326,filterLoc,,
4530,329,filterLoc,,
4530,332,filterLoc,,
4530,335,filterLoc,,
4530,338,filterLoc,,
4530,341,filterLoc,,
4530,344,filterLoc,,
4530,347,filterLoc,,
4530,350,filterLoc,,
4530,353,filterLoc,,
4530,356,filterLoc,,
4530,359,filterLoc,,
4530,362,filterLoc,,
4530,365,filterLoc,,
4530,368,filterLoc,,
4530,371,filterLoc,,
4530,374,filterLoc,,
4530,377,filterLoc,,
4530,380,filterLoc,,
4530,383,filterLoc,,
4530,386,filterLoc,,;Evacuee;376;in triage category;G;is entering helicopter;1
4530,389,filterLoc,,
4530,392,filterLoc,,
4530,395,filterLoc,,
4530,398,filterLoc,,
4530,401,filterLoc,,
4530,404,filterLoc,,
4530,407,filterLoc,,
4530,410,filterLoc,,
4530,413,filterLoc,,
4530,416,filterLoc,,
4530,419,filterLoc,,
4530,422,filterLoc,,
4530,425,filterLoc,,
4530,428,filterLoc,,
4530,431,filterLoc,,
4530,434,filterLoc,,
4530,437,filterLoc,,
4530,440,filterLoc,,
4530,443,filterLoc,,
4530,446,filterLoc,,
4530,449,filterLoc,,
4530,452,filterLoc,,
4530,455,filterLoc,,
4530,458,filterLoc,,
4530,461,filterLoc,,
4530,464,filterLoc,,
4530,467,filterLoc,,
4530,470,filterLoc,,
4530,473,filterLoc,,
4530,476,filterLoc,,
4530,479,filterLoc,,
4530,482,filterLoc,,
4530,485,filterLoc,,
4530,488,filterLoc,,
4530,491,filterLoc,,
4530,494,filterLoc,,
4530,497,filterLoc,,
4530,500,filterLoc,,
4530,503,filterLoc,,
4530,506,filterLoc,,
4530,509,filterLoc,,
4530,512,filterLoc,,;Evacuee;345;in triage category;G;is entering helicopter;1
4530,515,filterLoc,,
4530,518,filterLoc,,
4530,521,filterLoc,,
4530,524,filterLoc,,
4530,527,filterLoc,,
4530,530,filterLoc,,
4530,533,filterLoc,,
4530,536,filterLoc,,
4530,539,filterLoc,,
4530,542,filterLoc,,
4530,545,filterLoc,,
4530,548,filterLoc,,
4530,551,filterLoc,,
4530,554,filterLoc,,
4530,557,filterLoc,,
4530,560,filterLoc,,
4530,563,filterLoc,,
4530,566,filterLoc,,
4530,569,filterLoc,,
4530,572,filterLoc,,
4530,575,filterLoc,,
4530,578,filterLoc,,
4530,581,filterLoc,,
4530,584,filterLoc,,
4530,587,filterLoc,,
4530,590,filterLoc,,
4530,593,filterLoc,,
4530,596,filterLoc,,
4530,599,filterLoc,,
4530,602,filterLoc,,
4530,605,filterLoc,,
4530,608,filterLoc,,
4530,611,filterLoc,,
4530,614,filterLoc,,
4530,617,filterLoc,,
4530,620,filterLoc,,
4530,623,filterLoc,,
4530,626,filterLoc,,
4530,629,filterLoc,,
4530,632,filterLoc,,
4530,635,filterLoc,,
4530,638,filterLoc,,
4530,641,filterLoc,,
4530,644,filterLoc,,
4530,647,filterLoc,,
4530,650,filterLoc,,;Evacuee;356;in triage category;G;is entering helicopter;1
4530,653,filterLoc,,
4530,656,filterLoc,,
4530,659,filterLoc,,
4530,662,filterLoc,,
4530,665,filterLoc,,
4530,668,filterLoc,,
4530,671,filterLoc,,
4530,674,filterLoc,,
4530,677,filterLoc,,
4530,680,filterLoc,,
4530,683,filterLoc,,
4530,686,filterLoc,,
4530,689,filterLoc,,
4530,692,filterLoc,,
4530,695,filterLoc,,
4530,698,filterLoc,,
4530,701,filterLoc,,
4530,704,filterLoc,,
4530,707,filterLoc,,
4530,710,filterLoc,,
4530,713,filterLoc,,
4530,716,filterLoc,,
4530,719,filterLoc,,
4530,722,filterLoc,,
4530,725,filterLoc,,
4530,728,filterLoc,,
4530,731,filterLoc,,
4530,734,filterLoc,,
4530,737,filterLoc,,
4530,740,filterLoc,,
4530,743,filterLoc,,
4530,746,filterLoc,,
4530,749,filterLoc,,
4530,752,filterLoc,,
4530,755,filterLoc,,
4530,758,filterLoc,,
4530,761,filterLoc,,
4530,764,filterLoc,,
4530,767,filterLoc,,
4530,770,filterLoc,,
4530,773,filterLoc,,
4530,776,filterLoc,,
4530,779,filterLoc,,
4530,782,filterLoc,,
4530,785,filterLoc,,
4530,788,filterLoc,,
4530,791,filterLoc,,
4530,794,filterLoc,,
4530,797,filterLoc,,
4530,800,filterLoc,,
4530,803,filterLoc,,
4530,806,filterLoc,,
4530,809,filterLoc,,
4530,812,filterLoc,,
4530,815,filterLoc,,
4530,818,filterLoc,,
4530,821,filterLoc,,
4530,824,filterLoc,,
4530,827,filterLoc,,
4530,830,filterLoc,,
4530,833,filterLoc,,
4530,836,filterLoc,,
4530,839,filterLoc,,
4530,842,filterLoc,,
4530,845,filterLoc,,
4530,848,filterLoc,,
4530,851,filterLoc,,
4530,854,filterLoc,,
4530,857,filterLoc,,
4530,860,filterLoc,,
4530,863,filterLoc,,
4530,866,filterLoc,,
4530,869,filterLoc,,
4530,872,filterLoc,,
4530,875,filterLoc,,
4530,878,filterLoc,,
4530,881,filterLoc,,
4530,884,filterLoc,,
4530,887,filterLoc,,
4530,890,filterLoc,,
4530,893,filterLoc,,
4530,896,filterLoc,,
4530,899,filterLoc,,
4530,902,filterLoc,,
4530,905,filterLoc,,
4530,908,filterLoc,,
4530,911,filterLoc,,
4530,914,filterLoc,,
4530,917,filterLoc,,
4530,920,filterLoc,,
4530,923,filterLoc,,
4530,926,filterLoc,,
4530,929,filterLoc,,
4530,932,filterLoc,,
4530,935,filterLoc,,
4530,938,filterLoc,,
4530,941,filterLoc,,
4530,944,filterLoc,,
4530,947,filterLoc,,
4530,950,filterLoc,,
4530,953,filterLoc,,
4530,956,filterLoc,,
4530,959,filterLoc,,
4530,962,filterLoc,,
4530,965,filterLoc,,
4530,968,filterLoc,,
4530,971,filterLoc,,
4530,974,filterLoc,,
4530,977,filterLoc,,
4530,980,filterLoc,,
4530,983,filterLoc,,
4530,986,filterLoc,,
4530,989,filterLoc,,
4530,992,filterLoc,,
4530,995,filterLoc,,
4530,998,filterLoc,,
4530,1001,filterLoc,,
4530,1004,filterLoc,,
4530,1007,filterLoc,,
4530,1010,filterLoc,,
4530,1013,filterLoc,,
4530,1016,filterLoc,,
4530,1019,filterLoc,,
4530,1022,filterLoc,,
4530,1025,filterLoc,,
4530,1028,filterLoc,,
4530,1031,filterLoc,,
4530,1034,filterLoc,,
4530,1037,filterLoc,,
4530,1040,filterLoc,,
4530,1043,filterLoc,,
4530,1046,filterLoc,,
4530,1049,filterLoc,,
4530,1052,filterLoc,,
4530,1055,filterLoc,,
4530,1058,filterLoc,,
4530,1061,filterLoc,,
4530,1064,filterLoc,,
4530,1067,filterLoc,,
4530,1070,filterLoc,,
4530,1073,filterLoc,,
4530,1076,filterLoc,,
4530,1079,filterLoc,,
4530,1082,filterLoc,,
4530,1085,filterLoc,,
4530,1088,filterLoc,,
4530,1091,filterLoc,,
4530,1094,filterLoc,,
4530,1097,filterLoc,,
4530,1100,filterLoc,,
4530,1103,filterLoc,,
4530,1106,filterLoc,,
4530,1109,filterLoc,,
4530,1112,filterLoc,,
4530,1115,filterLoc,,
4530,1118,filterLoc,,
4530,1121,filterLoc,,
4530,1124,filterLoc,,
4530,1127,filterLoc,,
4530,1130,filterLoc,,
4530,1133,filterLoc,,
4530,1136,filterLoc,,
4530,1139,filterLoc,,
4530,1142,filterLoc,,
4530,1145,filterLoc,,
4530,1148,filterLoc,,
4530,1153,helicopter,,Helicopter;1;is loading people at the evacuation site;;and has;0;spots taken
4530,1155,filterLoc,,
4530,1158,filterLoc,,
4530,1161,filterLoc,,
4530,1164,filterLoc,,
4530,1167,filterLoc,,
4530,1170,filterLoc,,
4530,1173,filterLoc,,
4530,1176,filterLoc,,
4530,1179,filterLoc,,
4530,1182,filterLoc,,
4530,1185,filterLoc,,
4530,1188,filterLoc,,
4530,1191,filterLoc,,
4530,1194,filterLoc,,
4530,1197,filterLoc,,
4530,1200,filterLoc,,
4530,1203,filterLoc,,
4530,1206,filterLoc,,
4530,1209,filterLoc,,
4530,1212,filterLoc,,
4530,1215,filterLoc,,
4530,1218,filterLoc,,
4530,1221,filterLoc,,
4530,1224,filterLoc,,
4530,1227,filterLoc,,
4530,1230,filterLoc,,
4530,1233,filterLoc,,
4530,1236,filterLoc,,
4530,1239,filterLoc,,
4530,1242,filterLoc,,
4530,1245,filterLoc,,
4530,1248,filterLoc,,
4530,1251,filterLoc,,
4530,1254,filterLoc,,
4530,1257,filterLoc,,
4530,1260,filterLoc,,
4530,1263,filterLoc,,
4530,1266,filterLoc,,
4530,1269,filterLoc,,
4530,1272,filterLoc,,
4530,1275,filterLoc,,
4530,1278,filterLoc,,
4530,1281,filterLoc,,
4530,1284,filterLoc,,
4530,1287,filterLoc,,
4530,1290,filterLoc,,
4530,1293,filterLoc,,
4530,1296,filterLoc,,
4530,1299,filterLoc,,
4530,1302,filterLoc,,
4530,1305,filterLoc,,
4530,1308,filterLoc,,
4530,1311,filterLoc,,
4530,1314,filterLoc,,
4530,1317,filterLoc,,
4530,1320,filterLoc,,
4530,1323,filterLoc,,
4530,1326,filterLoc,,
4530,1329,filterLoc,,
4530,1332,filterLoc,,
4530,1335,filterLoc,,
4530,1338,filterLoc,,
4530,1341,filterLoc,,
4530,1344,filterLoc,,
4530,1347,filterLoc,,
4530,1350,filterLoc,,
4530,1353,filterLoc,,
4530,1356,filterLoc,,
4530,1359,filterLoc,,
4530,1362,filterLoc,,
4530,1365,filterLoc,,
4530,1368,filterLoc,,
4530,1371,filterLoc,,
4530,1374,filterLoc,,
4530,1377,filterLoc,,
4530,1380,filterLoc,,
4530,1383,filterLoc,,
4530,1386,filterLoc,,
4530,1389,filterLoc,,
4530,1392,filterLoc,,
4530,1395,filterLoc,,
4530,1398,filterLoc,,
4530,1401,filterLoc,,
4530,1404,filterLoc,,
4530,1407,filterLoc,,
4530,1410,filterLoc,,
4530,1413,filterLoc,,
4530,1416,filterLoc,,
4530,1419,filterLoc,,
4530,1422,filterLoc,,
4530,1425,filterLoc,,
4530,1428,filterLoc,,
4530,1431,filterLoc,,
4530,1434,filterLoc,,
4530,1437,filterLoc,,
4530,1440,filterLoc,,
4530,1443,filterLoc,,
4530,1446,filterLoc,,
4530,1449,filterLoc,,
4530,1452,filterLoc,,
4530,1455,filterLoc,,
4530,1458,filterLoc,,
4530,1461,filterLoc,,
4530,1464,filterLoc,,
4530,1467,filterLoc,,
4530,1470,filterLoc,,
4530,1473,filterLoc,,
4530,1476,filterLoc,,
4530,1479,filterLoc,,
4530,1482,filterLoc,,
4530,1485,filterLoc,,
4530,1488,filterLoc,,
4530,1491,filterLoc,,
4530,1494,filterLoc,,
4530,1497,filterLoc,,
4530,1500,filterLoc,,
4530,1503,filterLoc,,
4530,1506,filterLoc,,
4530,1509,filterLoc,,
4530,187,filterLoc,out,Evacuee 382 in triage category G is assigned helicopter 1
4530,187,filterLoc,,
4530,188,evacuee,,Evacuee;382;in triage state;G;is entering helicopter;1
4530,190,filterLoc,out,Evacuee 381 in triage category G is assigned helicopter 1
4530,190,filterLoc,,
4530,191,evacuee,,Evacuee;381;in triage state;G;is entering helicopter;1
4530,196,filterLoc,out,Evacuee 380 in triage category G is assigned helicopter 1
4530,196,filterLoc,,
4530,197,evacuee,,Evacuee;380;in triage state;G;is entering helicopter;1
4530,199,filterLoc,out,Evacuee 379 in triage category G is assigned helicopter 1
4530,199,filterLoc,,
4530,200,evacuee,,Evacuee;379;in triage state;G;is entering helicopter;1
4530,254,filterLoc,out,Evacuee 349 in triage category G is assigned helicopter 1
4530,254,filterLoc,,
4530,255,evacuee,,Evacuee;349;in triage state;G;is entering helicopter;1
4530,257,filterLoc,out,Evacuee 348 in triage category G is assigned helicopter 1
4530,257,filterLoc,,
4530,258,evacuee,,Evacuee;348;in triage state;G;is entering helicopter;1
4530,260,filterLoc,out,Evacuee 346 in triage category G is assigned helicopter 1
4530,260,filterLoc,,
4530,261,evacuee,,Evacuee;346;in triage state;G;is entering helicopter;1
4530,386,filterLoc,out,Evacuee 376 in triage category G is assigned helicopter 1
4530,386,filterLoc,,
4530,387,evacuee,,Evacuee;376;in triage state;G;is entering helicopter;1
4530,512,filterLoc,out,Evacuee 345 in triage category G is assigned helicopter 1
4530,512,filterLoc,,
4530,513,evacuee,,Evacuee;345;in triage state;G;is entering helicopter;1
4530,650,filterLoc,out,Evacuee 356 in triage category G is assigned helicopter 1
4530,650,filterLoc,,
4530,651,evacuee,,Evacuee;356;in triage state;G;is entering helicopter;1
4530,188,evacuee,outHelo,Evacuee 382 in triage category G is assigned helicopter 1
4530,188,evacuee,,Evacuee;382;in triage state;G;is in helicopter;1
4530,191,evacuee,outHelo,Evacuee 381 in triage category G is assigned helicopter 1
4530,191,evacuee,,Evacuee;381;in triage state;G;is in helicopter;1
4530,197,evacuee,outHelo,Evacuee 380 in triage category G is assigned helicopter 1
4530,197,evacuee,,Evacuee;380;in triage state;G;is in helicopter;1
4530,200,evacuee,outHelo,Evacuee 379 in triage category G is assigned helicopter 1
4530,200,evacuee,,Evacuee;379;in triage state;G;is in helicopter;1
4530,255,evacuee,outHelo,Evacuee 349 in triage category G is assigned helicopter 1
4530,255,evacuee,,Evacuee;349;in triage state;G;is in helicopter;1
4530,258,evacuee,outHelo,Evacuee 348 in triage category G is assigned helicopter 1
4530,258,evacuee,,Evacuee;348;in triage state;G;is in helicopter;1
4530,261,evacuee,outHelo,Evacuee 346 in triage category G is assigned helicopter 1
4530,261,evacuee,,Evacuee;346;in triage state;G;is in helicopter;1
4530,387,evacuee,outHelo,Evacuee 376 in triage category G is assigned helicopter 1
4530,387,evacuee,,Evacuee;376;in triage state;G;is in helicopter;1
4530,513,evacuee,outHelo,Evacuee 345 in triage category G is assigned helicopter 1
4530,513,evacuee,,Evacuee;345;in triage state;G;is in helicopter;1
4530,651,evacuee,outHelo,Evacuee 356 in triage category G is assigned helicopter 1
4530,651,evacuee,,Evacuee;356;in triage state;G;is in helicopter;1
4530,1151,filterEvac,,;Evacuee;345;in triage category;G;is entering helicopter;1;Evacuee;346;in triage category;G;is entering helicopter;1;Evacuee;348;in triage category;G;is entering helicopter;1;Evacuee;349;in triage category;G;is entering helicopter;1;Evacuee;356;in triage category;G;is entering helicopter;1;Evacuee;376;in triage category;G;is entering helicopter;1;Evacuee;379;in triage category;G;is entering helicopter;1;Evacuee;380;in triage category;G;is entering helicopter;1;Evacuee;381;in triage category;G;is entering helicopter;1;Evacuee;382;in triage category;G;is entering helicopter;1
4530,1151,filterEvac,out,Evacuee 345 in triage category G is assigned helicopter 1
4530,1151,filterEvac,out,Evacuee 346 in triage category G is assigned helicopter 1
4530,1151,filterEvac,out,Evacuee 348 in triage category G is assigned helicopter 1
4530,1151,filterEvac,out,Evacuee 349 in triage category G is assigned helicopter 1
4530,1151,filterEvac,out,Evacuee 356 in triage category G is assigned helicopter 1
4530,1151,filterEvac,out,Evacuee 376 in triage category G is assigned helicopter 1
4530,1151,filterEvac,out,Evacuee 379 in triage category G is assigned helicopter 1
4530,1151,filterEvac,out,Evacuee 380 in triage category G is assigned helicopter 1
4530,1151,filterEvac,out,Evacuee 381 in triage category G is assigned helicopter 1
4530,1151,filterEvac,out,Evacuee 382 in triage category G is assigned helicopter 1
4530,1151,filterEvac,,
4530,1153,helicopter,,Helicopter;1;is loading people at the evacuation site;;and has;10;spots taken
4542.24,3,evacueeManager,,OFF SHIP: White;0;Green;18;Yellow;6;Red;3;Black;363;ON SHIP: White;17;Green;33;Yellow;0;Red;0;Evacuees to Transfer;
4542.24,59,evacuee,outES,Evacuee 463 in triage category R is not assigned a helicopter
4542.24,59,evacuee,,Evacuee;463;in triage state;B;is at the evacuation site
4545,4,helipadManager,outHelo,Helicopter 1 is evacuating people1
4545,4,helipadManager,,;No helos are at ES
4545,1152,filterES,,Helicopter;1;is evacuating people
4545,4,helipadManager,outHQ,0
4545,4,helipadManager,,;No helos are at ES
4545,5,helicopterQueue,,;No helos are waiting to land
4545,1152,filterES,out,Helicopter 1 is evacuating people1
4545,1152,filterES,,
4545,1153,helicopter,,Helicopter;1;is loading people at the evacuation site;;and has;10;spots taken
4545,5,helicopterQueue,,;No helos are waiting to land
4545,1153,helicopter,,Helicopter;1;is returning to the FOL;;and has;10;spots taken
4546.21,3,evacueeManager,,OFF SHIP: White;0;Green;18;Yellow;6;Red;2;Black;364;ON SHIP: White;17;Green;33;Yellow;0;Red;0;Evacuees to Transfer;
4546.21,741,evacuee,outES,Evacuee 218 in triage category R is not assigned a helicopter
4546.21,741,evacuee,,Evacuee;218;in triage state;B;is at the evacuation site
4583.11,3,evacueeManager,,OFF SHIP: White;0;Green;18;Yellow;5;Red;3;Black;364;ON SHIP: White;17;Green;33;Yellow;0;Red;0;Evacuees to Transfer;
4583.11,1195,evacuee,outES,Evacuee 139 in triage category Y is not assigned a helicopter
4583.11,1195,evacuee,,Evacuee;139;in triage state;R;is at the evacuation site
4599.49,3,evacueeManager,,OFF SHIP: White;0;Green;18;Yellow;5;Red;2;Black;365;ON SHIP: White;17;Green;33;Yellow;0;Red;0;Evacuees to Transfer;
4599.49,252,evacuee,outES,Evacuee 351 in triage category R is not assigned a helicopter
4599.49,252,evacuee,,Evacuee;351;in triage state;B;is at the evacuation site
4612.72,3,evacueeManager,,OFF SHIP: White;0;Green;18;Yellow;5;Red;1;Black;366;ON SHIP: White;17;Green;33;Yellow;0;Red;0;Evacuees to Transfer;
4612.72,182,evacuee,outES,Evacuee 383 in triage category R is not assigned a helicopter
4612.72,182,evacuee,,Evacuee;383;in triage state;B;is at the evacuation site
4623.82,3,evacueeManager,,OFF SHIP: White;0;Green;17;Yellow;6;Red;1;Black;366;ON SHIP: White;17;Green;33;Yellow;0;Red;0;Evacuees to Transfer;
4623.82,125,evacuee,outES,Evacuee 414 in triage category G is not assigned a helicopter
4623.82,125,evacuee,,Evacuee;414;in triage state;Y;is at the evacuation site
4627.95,3,evacueeManager,,OFF SHIP: White;0;Green;17;Yellow;5;Red;2;Black;366;ON SHIP: White;17;Green;33;Yellow;0;Red;0;Evacuees to Transfer;
4627.95,507,evacuee,outES,Evacuee 469 in triage category Y is not assigned a helicopter
4627.95,507,evacuee,,Evacuee;469;in triage state;R;is at the evacuation site
4643.87,3,evacueeManager,,OFF SHIP: White;0;Green;17;Yellow;5;Red;1;Black;367;ON SHIP: White;17;Green;33;Yellow;0;Red;0;Evacuees to Transfer;
4643.87,1195,evacuee,outES,Evacuee 139 in triage category R is not assigned a helicopter
4643.87,1195,evacuee,,Evacuee;139;in triage state;B;is at the evacuation site
4695,7,filterLoc,,
4695,10,filterLoc,,
4695,13,filterLoc,,
4695,16,filterLoc,,
4695,19,filterLoc,,
4695,22,filterLoc,,
4695,25,filterLoc,,
4695,28,filterLoc,,
4695,31,filterLoc,,
4695,34,filterLoc,,
4695,37,filterLoc,,
4695,40,filterLoc,,
4695,43,filterLoc,,
4695,46,filterLoc,,
4695,49,filterLoc,,
4695,52,filterLoc,,
4695,55,filterLoc,,
4695,58,filterLoc,,
4695,61,filterLoc,,
4695,64,filterLoc,,
4695,67,filterLoc,,
4695,70,filterLoc,,
4695,73,filterLoc,,
4695,76,filterLoc,,
4695,79,filterLoc,,
4695,82,filterLoc,,
4695,85,filterLoc,,
4695,88,filterLoc,,
4695,91,filterLoc,,
4695,94,filterLoc,,
4695,97,filterLoc,,
4695,100,filterLoc,,
4695,103,filterLoc,,
4695,106,filterLoc,,
4695,109,filterLoc,,
4695,112,filterLoc,,
4695,115,filterLoc,,
4695,118,filterLoc,,
4695,121,filterLoc,,
4695,124,filterLoc,,
4695,127,filterLoc,,
4695,130,filterLoc,,
4695,133,filterLoc,,
4695,136,filterLoc,,
4695,139,filterLoc,,
4695,142,filterLoc,,
4695,145,filterLoc,,
4695,148,filterLoc,,
4695,151,filterLoc,,
4695,154,filterLoc,,
4695,157,filterLoc,,
4695,160,filterLoc,,
4695,163,filterLoc,,
4695,166,filterLoc,,
4695,169,filterLoc,,
4695,172,filterLoc,,
4695,175,filterLoc,,
4695,178,filterLoc,,
4695,181,filterLoc,,
4695,184,filterLoc,,
4695,187,filterLoc,,;Evacuee;382;in triage category;G;is leaving helicopter;1
4695,190,filterLoc,,;Evacuee;381;in triage category;G;is leaving helicopter;1
4695,193,filterLoc,,
4695,196,filterLoc,,;Evacuee;380;in triage category;G;is leaving helicopter;1
4695,199,filterLoc,,;Evacuee;379;in triage category;G;is leaving helicopter;1
4695,202,filterLoc,,
4695,205,filterLoc,,
4695,208,filterLoc,,
4695,211,filterLoc,,
4695,214,filterLoc,,
4695,217,filterLoc,,
4695,221,filterLoc,,
4695,224,filterLoc,,
4695,227,filterLoc,,
4695,230,filterLoc,,
4695,233,filterLoc,,
4695,236,filterLoc,,
4695,239,filterLoc,,
4695,242,filterLoc,,
4695,245,filterLoc,,
4695,248,filterLoc,,
4695,251,filterLoc,,
4695,254,filterLoc,,;Evacuee;349;in triage category;G;is leaving helicopter;1
4695,257,filterLoc,,;Evacuee;348;in triage category;G;is leaving helicopter;1
4695,260,filterLoc,,;Evacuee;346;in triage category;G;is leaving helicopter;1
4695,263,filterLoc,,
4695,266,filterLoc,,
4695,269,filterLoc,,
4695,272,filterLoc,,
4695,275,filterLoc,,
4695,278,filterLoc,,
4695,281,filterLoc,,
4695,284,filterLoc,,
4695,287,filterLoc,,
4695,290,filterLoc,,
4695,293,filterLoc,,
4695,296,filterLoc,,
4695,299,filterLoc,,
4695,302,filterLoc,,
4695,305,filterLoc,,
4695,308,filterLoc,,
4695,311,filterLoc,,
4695,314,filterLoc,,
4695,317,filterLoc,,
4695,320,filterLoc,,
4695,323,filterLoc,,
4695,326,filterLoc,,
4695,329,filterLoc,,
4695,332,filterLoc,,
4695,335,filterLoc,,
4695,338,filterLoc,,
4695,341,filterLoc,,
4695,344,filterLoc,,
4695,347,filterLoc,,
4695,350,filterLoc,,
4695,353,filterLoc,,
4695,356,filterLoc,,
4695,359,filterLoc,,
4695,362,filterLoc,,
4695,365,filterLoc,,
4695,368,filterLoc,,
4695,371,filterLoc,,
4695,374,filterLoc,,
4695,377,filterLoc,,
4695,380,filterLoc,,
4695,383,filterLoc,,
4695,386,filterLoc,,;Evacuee;376;in triage category;G;is leaving helicopter;1
4695,389,filterLoc,,
4695,392,filterLoc,,
4695,395,filterLoc,,
4695,398,filterLoc,,
4695,401,filterLoc,,
4695,404,filterLoc,,
4695,407,filterLoc,,
4695,410,filterLoc,,
4695,413,filterLoc,,
4695,416,filterLoc,,
4695,419,filterLoc,,
4695,422,filterLoc,,
4695,425,filterLoc,,
4695,428,filterLoc,,
4695,431,filterLoc,,
4695,434,filterLoc,,
4695,437,filterLoc,,
4695,440,filterLoc,,
4695,443,filterLoc,,
4695,446,filterLoc,,
4695,449,filterLoc,,
4695,452,filterLoc,,
4695,455,filterLoc,,
4695,458,filterLoc,,
4695,461,filterLoc,,
4695,464,filterLoc,,
4695,467,filterLoc,,
4695,470,filterLoc,,
4695,473,filterLoc,,
4695,476,filterLoc,,
4695,479,filterLoc,,
4695,482,filterLoc,,
4695,485,filterLoc,,
4695,488,filterLoc,,
4695,491,filterLoc,,
4695,494,filterLoc,,
4695,497,filterLoc,,
4695,500,filterLoc,,
4695,503,filterLoc,,
4695,506,filterLoc,,
4695,509,filterLoc,,
4695,512,filterLoc,,;Evacuee;345;in triage category;G;is leaving helicopter;1
4695,515,filterLoc,,
4695,518,filterLoc,,
4695,521,filterLoc,,
4695,524,filterLoc,,
4695,527,filterLoc,,
4695,530,filterLoc,,
4695,533,filterLoc,,
4695,536,filterLoc,,
4695,539,filterLoc,,
4695,542,filterLoc,,
4695,545,filterLoc,,
4695,548,filterLoc,,
4695,551,filterLoc,,
4695,554,filterLoc,,
4695,557,filterLoc,,
4695,560,filterLoc,,
4695,563,filterLoc,,
4695,566,filterLoc,,
4695,569,filterLoc,,
4695,572,filterLoc,,
4695,575,filterLoc,,
4695,578,filterLoc,,
4695,581,filterLoc,,
4695,584,filterLoc,,
4695,587,filterLoc,,
4695,590,filterLoc,,
4695,593,filterLoc,,
4695,596,filterLoc,,
4695,599,filterLoc,,
4695,602,filterLoc,,
4695,605,filterLoc,,
4695,608,filterLoc,,
4695,611,filterLoc,,
4695,614,filterLoc,,
4695,617,filterLoc,,
4695,620,filterLoc,,
4695,623,filterLoc,,
4695,626,filterLoc,,
4695,629,filterLoc,,
4695,632,filterLoc,,
4695,635,filterLoc,,
4695,638,filterLoc,,
4695,641,filterLoc,,
4695,644,filterLoc,,
4695,647,filterLoc,,
4695,650,filterLoc,,;Evacuee;356;in triage category;G;is leaving helicopter;1
4695,653,filterLoc,,
4695,656,filterLoc,,
4695,659,filterLoc,,
4695,662,filterLoc,,
4695,665,filterLoc,,
4695,668,filterLoc,,
4695,671,filterLoc,,
4695,674,filterLoc,,
4695,677,filterLoc,,
4695,680,filterLoc,,
4695,683,filterLoc,,
4695,686,filterLoc,,
4695,689,filterLoc,,
4695,692,filterLoc,,
4695,695,filterLoc,,
4695,698,filterLoc,,
4695,701,filterLoc,,
4695,704,filterLoc,,
4695,707,filterLoc,,
4695,710,filterLoc,,
4695,713,filterLoc,,
4695,716,filterLoc,,
4695,719,filterLoc,,
4695,722,filterLoc,,
4695,725,filterLoc,,
4695,728,filterLoc,,
4695,731,filterLoc,,
4695,734,filterLoc,,
4695,737,filterLoc,,
4695,740,filterLoc,,
4695,743,filterLoc,,
4695,746,filterLoc,,
4695,749,filterLoc,,
4695,752,filterLoc,,
4695,755,filterLoc,,
4695,758,filterLoc,,
4695,761,filterLoc,,
4695,764,filterLoc,,
4695,767,filterLoc,,
4695,770,filterLoc,,
4695,773,filterLoc,,
4695,776,filterLoc,,
4695,779,filterLoc,,
4695,782,filterLoc,,
4695,785,filterLoc,,
4695,788,filterLoc,,
4695,791,filterLoc,,
4695,794,filterLoc,,
4695,797,filterLoc,,
4695,800,filterLoc,,
4695,803,filterLoc,,
4695,806,filterLoc,,
4695,809,filterLoc,,
4695,812,filterLoc,,
4695,815,filterLoc,,
4695,818,filterLoc,,
4695,821,filterLoc,,
4695,824,filterLoc,,
4695,827,filterLoc,,
4695,830,filterLoc,,
4695,833,filterLoc,,
4695,836,filterLoc,,
4695,839,filterLoc,,
4695,842,filterLoc,,
4695,845,filterLoc,,
4695,848,filterLoc,,
4695,851,filterLoc,,
4695,854,filterLoc,,
4695,857,filterLoc,,
4695,860,filterLoc,,
4695,863,filterLoc,,
4695,866,filterLoc,,
4695,869,filterLoc,,
4695,872,filterLoc,,
4695,875,filterLoc,,
4695,878,filterLoc,,
4695,881,filterLoc,,
4695,884,filterLoc,,
4695,887,filterLoc,,
4695,890,filterLoc,,
4695,893,filterLoc,,
4695,896,filterLoc,,
4695,899,filterLoc,,
4695,902,filterLoc,,
4695,905,filterLoc,,
4695,908,filterLoc,,
4695,911,filterLoc,,
4695,914,filterLoc,,
4695,917,filterLoc,,
4695,920,filterLoc,,
4695,923,filterLoc,,
4695,926,filterLoc,,
4695,929,filterLoc,,
4695,932,filterLoc,,
4695,935,filterLoc,,
4695,938,filterLoc,,
4695,941,filterLoc,,
4695,944,filterLoc,,
4695,947,filterLoc,,
4695,950,filterLoc,,
4695,953,filterLoc,,
4695,956,filterLoc,,
4695,959,filterLoc,,
4695,962,filterLoc,,
4695,965,filterLoc,,
4695,968,filterLoc,,
4695,971,filterLoc,,
4695,974,filterLoc,,
4695,977,filterLoc,,
4695,980,filterLoc,,
4695,983,filterLoc,,
4695,986,filterLoc,,
4695,989,filterLoc,,
4695,992,filterLoc,,
4695,995,filterLoc,,
4695,998,filterLoc,,
4695,1001,filterLoc,,
4695,1004,filterLoc,,
4695,1007,filterLoc,,
4695,1010,filterLoc,,
4695,1013,filterLoc,,
4695,1016,filterLoc,,
4695,1019,filterLoc,,
4695,1022,filterLoc,,
4695,1025,filterLoc,,
4695,1028,filterLoc,,
4695,1031,filterLoc,,
4695,1034,filterLoc,,
4695,1037,filterLoc,,
4695,1040,filterLoc,,
4695,1043,filterLoc,,
4695,1046,filterLoc,,
4695,1049,filterLoc,,
4695,1052,filterLoc,,
4695,1055,filterLoc,,
4695,1058,filterLoc,,
4695,1061,filterLoc,,
4695,1064,filterLoc,,
4695,1067,filterLoc,,
4695,1070,filterLoc,,
4695,1073,filterLoc,,
4695,1076,filterLoc,,
4695,1079,filterLoc,,
4695,1082,filterLoc,,
4695,1085,filterLoc,,
4695,1088,filterLoc,,
4695,1091,filterLoc,,
4695,1094,filterLoc,,
4695,1097,filterLoc,,
4695,1100,filterLoc,,
4695,1103,filterLoc,,
4695,1106,filterLoc,,
4695,1109,filterLoc,,
4695,1112,filterLoc,,
4695,1115,filterLoc,,
4695,1118,filterLoc,,
4695,1121,filterLoc,,
4695,1124,filterLoc,,
4695,1127,filterLoc,,
4695,1130,filterLoc,,
4695,1133,filterLoc,,
4695,1136,filterLoc,,
4695,1139,filterLoc,,
4695,1142,filterLoc,,
4695,1145,filterLoc,,
4695,1148,filterLoc,,
4695,1153,helicopter,outEvac,Evacuee 345 in triage category G is not assigned a helicopter
4695,1153,helicopter,outEvac,Evacuee 346 in triage category G is not assigned a helicopter
4695,1153,helicopter,outEvac,Evacuee 348 in triage category G is not assigned a helicopter
4695,1153,helicopter,outEvac,Evacuee 349 in triage category G is not assigned a helicopter
4695,1153,helicopter,outEvac,Evacuee 356 in triage category G is not assigned a helicopter
4695,1153,helicopter,outEvac,Evacuee 376 in triage category G is not assigned a helicopter
4695,1153,helicopter,outEvac,Evacuee 379 in triage category G is not assigned a helicopter
4695,1153,helicopter,outEvac,Evacuee 380 in triage category G is not assigned a helicopter
4695,1153,helicopter,outEvac,Evacuee 381 in triage category G is not assigned a helicopter
4695,1153,helicopter,outEvac,Evacuee 382 in triage category G is not assigned a helicopter
4695,1153,helicopter,,Helicopter;1;is unloading people at the FOL;;and has;0;spots taken
4695,1155,filterLoc,,
4695,1158,filterLoc,,
4695,1161,filterLoc,,
4695,1164,filterLoc,,
4695,1167,filterLoc,,
4695,1170,filterLoc,,
4695,1173,filterLoc,,
4695,1176,filterLoc,,
4695,1179,filterLoc,,
4695,1182,filterLoc,,
4695,1185,filterLoc,,
4695,1188,filterLoc,,
4695,1191,filterLoc,,
4695,1194,filterLoc,,
4695,1197,filterLoc,,
4695,1200,filterLoc,,
4695,1203,filterLoc,,
4695,1206,filterLoc,,
4695,1209,filterLoc,,
4695,1212,filterLoc,,
4695,1215,filterLoc,,
4695,1218,filterLoc,,
4695,1221,filterLoc,,
4695,1224,filterLoc,,
4695,1227,filterLoc,,
4695,1230,filterLoc,,
4695,1233,filterLoc,,
4695,1236,filterLoc,,
4695,1239,filterLoc,,
4695,1242,filterLoc,,
4695,1245,filterLoc,,
4695,1248,filterLoc,,
4695,1251,filterLoc,,
4695,1254,filterLoc,,
4695,1257,filterLoc,,
4695,1260,filterLoc,,
4695,1263,filterLoc,,
4695,1266,filterLoc,,
4695,1269,filterLoc,,
4695,1272,filterLoc,,
4695,1275,filterLoc,,
4695,1278,filterLoc,,
4695,1281,filterLoc,,
4695,1284,filterLoc,,
4695,1287,filterLoc,,
4695,1290,filterLoc,,
4695,1293,filterLoc,,
4695,1296,filterLoc,,
4695,1299,filterLoc,,
4695,1302,filterLoc,,
4695,1305,filterLoc,,
4695,1308,filterLoc,,
4695,1311,filterLoc,,
4695,1314,filterLoc,,
4695,1317,filterLoc,,
4695,1320,filterLoc,,
4695,1323,filterLoc,,
4695,1326,filterLoc,,
4695,1329,filterLoc,,
4695,1332,filterLoc,,
4695,1335,filterLoc,,
4695,1338,filterLoc,,
4695,1341,filterLoc,,
4695,1344,filterLoc,,
4695,1347,filterLoc,,
4695,1350,filterLoc,,
4695,1353,filterLoc,,
4695,1356,filterLoc,,
4695,1359,filterLoc,,
4695,1362,filterLoc,,
4695,1365,filterLoc,,
4695,1368,filterLoc,,
4695,1371,filterLoc,,
4695,1374,filterLoc,,
4695,1377,filterLoc,,
4695,1380,filterLoc,,
4695,1383,filterLoc,,
4695,1386,filterLoc,,
4695,1389,filterLoc,,
4695,1392,filterLoc,,
4695,1395,filterLoc,,
4695,1398,filterLoc,,
4695,1401,filterLoc,,
4695,1404,filterLoc,,
4695,1407,filterLoc,,
4695,1410,filterLoc,,
4695,1413,filterLoc,,
4695,1416,filterLoc,,
4695,1419,filterLoc,,
4695,1422,filterLoc,,
4695,1425,filterLoc,,
4695,1428,filterLoc,,
4695,1431,filterLoc,,
4695,1434,filterLoc,,
4695,1437,filterLoc,,
4695,1440,filterLoc,,
4695,1443,filterLoc,,
4695,1446,filterLoc,,
4695,1449,filterLoc,,
4695,1452,filterLoc,,
4695,1455,filterLoc,,
4695,1458,filterLoc,,
4695,1461,filterLoc,,
4695,1464,filterLoc,,
4695,1467,filterLoc,,
4695,1470,filterLoc,,
4695,1473,filterLoc,,
4695,1476,filterLoc,,
4695,1479,filterLoc,,
4695,1482,filterLoc,,
4695,1485,filterLoc,,
4695,1488,filterLoc,,
4695,1491,filterLoc,,
4695,1494,filterLoc,,
4695,1497,filterLoc,,
4695,1500,filterLoc,,
4695,1503,filterLoc,,
4695,1506,filterLoc,,
4695,1509,filterLoc,,
4695,187,filterLoc,out,Evacuee 382 in triage category G is not assigned a helicopter
4695,187,filterLoc,,
4695,188,evacuee,,Evacuee;382;in triage state;G;is entering the FOL
4695,190,filterLoc,out,Evacuee 381 in triage category G is not assigned a helicopter
4695,190,filterLoc,,
4695,191,evacuee,,Evacuee;381;in triage state;G;is entering the FOL
4695,196,filterLoc,out,Evacuee 380 in triage category G is not assigned a helicopter
4695,196,filterLoc,,
4695,197,evacuee,,Evacuee;380;in triage state;G;is entering the FOL
4695,199,filterLoc,out,Evacuee 379 in triage category G is not assigned a helicopter
4695,199,filterLoc,,
4695,200,evacuee,,Evacuee;379;in triage state;G;is entering the FOL
4695,254,filterLoc,out,Evacuee 349 in triage category G is not assigned a helicopter
4695,254,filterLoc,,
4695,255,evacuee,,Evacuee;349;in triage state;G;is entering the FOL
4695,257,filterLoc,out,Evacuee 348 in triage category G is not assigned a helicopter
4695,257,filterLoc,,
4695,258,evacuee,,Evacuee;348;in triage state;G;is entering the FOL
4695,260,filterLoc,out,Evacuee 346 in triage category G is not assigned a helicopter
4695,260,filterLoc,,
4695,261,evacuee,,Evacuee;346;in triage state;G;is entering the FOL
4695,386,filterLoc,out,Evacuee 376 in triage category G is not assigned a helicopter
4695,386,filterLoc,,
4695,387,evacuee,,Evacuee;376;in triage state;G;is entering the FOL
4695,512,filterLoc,out,Evacuee 345 in triage category G is not assigned a helicopter
4695,512,filterLoc,,
4695,513,evacuee,,Evacuee;345;in triage state;G;is entering the FOL
4695,650,filterLoc,out,Evacuee 356 in triage category G is not assigned a helicopter
4695,650,filterLoc,,
4695,651,evacuee,,Evacuee;356;in triage state;G;is entering the FOL
4695,188,evacuee,outFOL,Evacuee 382 in triage category G is not assigned a helicopter
4695,188,evacuee,,Evacuee;382;in triage state;G;is at the FOL
4695,191,evacuee,outFOL,Evacuee 381 in triage category G is not assigned a helicopter
4695,191,evacuee,,Evacuee;381;in triage state;G;is at the FOL
4695,197,evacuee,outFOL,Evacuee 380 in triage category G is not assigned a helicopter
4695,197,evacuee,,Evacuee;380;in triage state;G;is at the FOL
4695,200,evacuee,outFOL,Evacuee 379 in triage category G is not assigned a helicopter
4695,200,evacuee,,Evacuee;379;in triage state;G;is at the FOL
4695,219,FOL,,;EvacueeID;5;Triage Status;G;EvacueeID;7;Triage Status;G;EvacueeID;13;Triage Status;G;EvacueeID;16;Triage Status;G;EvacueeID;18;Triage Status;G;EvacueeID;22;Triage Status;G;EvacueeID;23;Triage Status;G;EvacueeID;24;Triage Status;G;EvacueeID;25;Triage Status;G;EvacueeID;30;Triage Status;G;EvacueeID;32;Triage Status;G;EvacueeID;34;Triage Status;G;EvacueeID;37;Triage Status;G;EvacueeID;39;Triage Status;G;EvacueeID;40;Triage Status;G;EvacueeID;43;Triage Status;G;EvacueeID;44;Triage Status;G;EvacueeID;45;Triage Status;G;EvacueeID;51;Triage Status;G;EvacueeID;57;Triage Status;G;EvacueeID;62;Triage Status;G;EvacueeID;66;Triage Status;G;EvacueeID;70;Triage Status;G;EvacueeID;73;Triage Status;G;EvacueeID;75;Triage Status;G;EvacueeID;79;Triage Status;G;EvacueeID;80;Triage Status;G;EvacueeID;89;Triage Status;G;EvacueeID;92;Triage Status;G;EvacueeID;97;Triage Status;G;EvacueeID;260;Triage Status;G;EvacueeID;261;Triage Status;G;EvacueeID;267;Triage Status;G;EvacueeID;283;Triage Status;G;EvacueeID;284;Triage Status;G;EvacueeID;285;Triage Status;G;EvacueeID;287;Triage Status;G;EvacueeID;288;Triage Status;G;EvacueeID;289;Triage Status;G;EvacueeID;296;Triage Status;G;EvacueeID;299;Triage Status;G;EvacueeID;302;Triage Status;G;EvacueeID;307;Triage Status;G;EvacueeID;316;Triage Status;G;EvacueeID;317;Triage Status;G;EvacueeID;318;Triage Status;G;EvacueeID;320;Triage Status;G;EvacueeID;323;Triage Status;G;EvacueeID;336;Triage Status;G;EvacueeID;341;Triage Status;G;EvacueeID;345;Triage Status;G;EvacueeID;346;Triage Status;G;EvacueeID;348;Triage Status;G;EvacueeID;349;Triage Status;G;EvacueeID;356;Triage Status;G;EvacueeID;376;Triage Status;G;EvacueeID;379;Triage Status;G;EvacueeID;380;Triage Status;G;EvacueeID;381;Triage Status;G;EvacueeID;382;Triage Status;G;Lives Saved;60
4695,255,evacuee,outFOL,Evacuee 349 in triage category G is not assigned a helicopter
4695,255,evacuee,,Evacuee;349;in triage state;G;is at the FOL
4695,258,evacuee,outFOL,Evacuee 348 in triage category G is not assigned a helicopter
4695,258,evacuee,,Evacuee;348;in triage state;G;is at the FOL
4695,261,evacuee,outFOL,Evacuee 346 in triage category G is not assigned a helicopter
4695,261,evacuee,,Evacuee;346;in triage state;G;is at the FOL
4695,387,evacuee,outFOL,Evacuee 376 in triage category G is not assigned a helicopter
4695,387,evacuee,,Evacuee;376;in triage state;G;is at the FOL
4695,513,evacuee,outFOL,Evacuee 345 in triage category G is not assigned a helicopter
4695,513,evacuee,,Evacuee;345;in triage state;G;is at the FOL
4695,651,evacuee,outFOL,Evacuee 356 in triage category G is not assigned a helicopter
4695,651,evacuee,,Evacuee;356;in triage state;G;is at the FOL
4695,219,FOL,,;EvacueeID;5;Triage Status;G;EvacueeID;7;Triage Status;G;EvacueeID;13;Triage Status;G;EvacueeID;16;Triage Status;G;EvacueeID;18;Triage Status;G;EvacueeID;22;Triage Status;G;EvacueeID;23;Triage Status;G;EvacueeID;24;Triage Status;G;EvacueeID;25;Triage Status;G;EvacueeID;30;Triage Status;G;EvacueeID;32;Triage Status;G;EvacueeID;34;Triage Status;G;EvacueeID;37;Triage Status;G;EvacueeID;39;Triage Status;G;EvacueeID;40;Triage Status;G;EvacueeID;43;Triage Status;G;EvacueeID;44;Triage Status;G;EvacueeID;45;Triage Status;G;EvacueeID;51;Triage Status;G;EvacueeID;57;Triage Status;G;EvacueeID;62;Triage Status;G;EvacueeID;66;Triage Status;G;EvacueeID;70;Triage Status;G;EvacueeID;73;Triage Status;G;EvacueeID;75;Triage Status;G;EvacueeID;79;Triage Status;G;EvacueeID;80;Triage Status;G;EvacueeID;89;Triage Status;G;EvacueeID;92;Triage Status;G;EvacueeID;97;Triage Status;G;EvacueeID;260;Triage Status;G;EvacueeID;261;Triage Status;G;EvacueeID;267;Triage Status;G;EvacueeID;283;Triage Status;G;EvacueeID;284;Triage Status;G;EvacueeID;285;Triage Status;G;EvacueeID;287;Triage Status;G;EvacueeID;288;Triage Status;G;EvacueeID;289;Triage Status;G;EvacueeID;296;Triage Status;G;EvacueeID;299;Triage Status;G;EvacueeID;302;Triage Status;G;EvacueeID;307;Triage Status;G;EvacueeID;316;Triage Status;G;EvacueeID;317;Triage Status;G;EvacueeID;318;Triage Status;G;EvacueeID;320;Triage Status;G;EvacueeID;323;Triage Status;G;EvacueeID;336;Triage Status;G;EvacueeID;341;Triage Status;G;EvacueeID;345;Triage Status;G;EvacueeID;346;Triage Status;G;EvacueeID;348;Triage Status;G;EvacueeID;349;Triage Status;G;EvacueeID;356;Triage Status;G;EvacueeID;376;Triage Status;G;EvacueeID;379;Triage Status;G;EvacueeID;380;Triage Status;G;EvacueeID;381;Triage Status;G;EvacueeID;382;Triage Status;G;Lives Saved;60
4702.12,3,evacueeManager,,OFF SHIP: White;0;Green;17;Yellow;4;Red;2;Black;367;ON SHIP: White;17;Green;33;Yellow;0;Red;0;Evacuees to Transfer;
4702.12,636,evacuee,outES,Evacuee 444 in triage category Y is not assigned a helicopter
4702.12,636,evacuee,,Evacuee;444;in triage state;R;is at the evacuation site
4710,1153,helicopter,,Helicopter;1;Is going to the evacuation site;;and has;0;spots taken
4711.8,3,evacueeManager,,OFF SHIP: White;0;Green;17;Yellow;4;Red;1;Black;368;ON SHIP: White;17;Green;33;Yellow;0;Red;0;Evacuees to Transfer;
4711.8,507,evacuee,outES,Evacuee 469 in triage category R is not assigned a helicopter
4711.8,507,evacuee,,Evacuee;469;in triage state;B;is at the evacuation site
4719.81,3,evacueeManager,,OFF SHIP: White;0;Green;17;Yellow;3;Red;2;Black;368;ON SHIP: White;17;Green;33;Yellow;0;Red;0;Evacuees to Transfer;
4719.81,125,evacuee,outES,Evacuee 414 in triage category Y is not assigned a helicopter
4719.81,125,evacuee,,Evacuee;414;in triage state;R;is at the evacuation site
4743.59,3,evacueeManager,,OFF SHIP: White;0;Green;17;Yellow;3;Red;2;Black;368;ON SHIP: White;18;Green;32;Yellow;0;Red;0;Evacuees to Transfer;
4743.59,774,evacuee,outES,Evacuee 229 in triage category G is told to board the coast guard ship
4743.59,774,evacuee,,Evacuee;229;in triage state;W;is on board the Coast Guard Ship
4744.58,3,evacueeManager,,OFF SHIP: White;0;Green;17;Yellow;2;Red;3;Black;368;ON SHIP: White;18;Green;32;Yellow;0;Red;0;Evacuees to Transfer;
4744.58,1327,evacuee,outES,Evacuee 417 in triage category Y is not assigned a helicopter
4744.58,1327,evacuee,,Evacuee;417;in triage state;R;is at the evacuation site
4752.2,3,evacueeManager,,OFF SHIP: White;0;Green;17;Yellow;2;Red;2;Black;369;ON SHIP: White;18;Green;32;Yellow;0;Red;0;Evacuees to Transfer;
4752.2,125,evacuee,outES,Evacuee 414 in triage category R is not assigned a helicopter
4752.2,125,evacuee,,Evacuee;414;in triage state;B;is at the evacuation site
4782.54,3,evacueeManager,,OFF SHIP: White;0;Green;17;Yellow;2;Red;2;Black;369;ON SHIP: White;19;Green;31;Yellow;0;Red;0;Evacuees to Transfer;
4782.54,1324,evacuee,outES,Evacuee 186 in triage category G is told to board the coast guard ship
4782.54,1324,evacuee,,Evacuee;186;in triage state;W;is on board the Coast Guard Ship
4801.58,3,evacueeManager,,OFF SHIP: White;0;Green;17;Yellow;1;Red;3;Black;369;ON SHIP: White;19;Green;31;Yellow;0;Red;0;Evacuees to Transfer;
4801.58,243,evacuee,outES,Evacuee 357 in triage category Y is not assigned a helicopter
4801.58,243,evacuee,,Evacuee;357;in triage state;R;is at the evacuation site
4838.11,3,evacueeManager,,OFF SHIP: White;0;Green;17;Yellow;1;Red;3;Black;369;ON SHIP: White;20;Green;30;Yellow;0;Red;0;Evacuees to Transfer;
4838.11,570,evacuee,outES,Evacuee 228 in triage category G is told to board the coast guard ship
4838.11,570,evacuee,,Evacuee;228;in triage state;W;is on board the Coast Guard Ship
4839.02,3,evacueeManager,,OFF SHIP: White;0;Green;17;Yellow;1;Red;2;Black;370;ON SHIP: White;20;Green;30;Yellow;0;Red;0;Evacuees to Transfer;
4839.02,243,evacuee,outES,Evacuee 357 in triage category R is not assigned a helicopter
4839.02,243,evacuee,,Evacuee;357;in triage state;B;is at the evacuation site
4860,5,helicopterQueue,,1;Helos are waiting to land;HeloID;1
4860,1153,helicopter,outES,Helicopter 1 is evacuating people1
4860,1153,helicopter,,Helicopter;1;is waiting to land at the evacuation site;;and has;0;spots taken
4860,4,helipadManager,,;No helos are at ES
4860,5,helicopterQueue,outHM,Helicopter 1 is evacuating people1
4860,5,helicopterQueue,outHelo,Helicopter 1 is evacuating people1
4860,5,helicopterQueue,,;No helos are waiting to land
4860,1152,filterES,,Helicopter;1;is evacuating people
4860,3,evacueeManager,,OFF SHIP: White;0;Green;7;Yellow;1;Red;2;Black;370;ON SHIP: White;20;Green;30;Yellow;0;Red;0;Evacuees to Transfer;;EvacueeID;388;HeloID;1;OnShip;0;Triage Status;G;EvacueeID;391;HeloID;1;OnShip;0;Triage Status;G;EvacueeID;394;HeloID;1;OnShip;0;Triage Status;G;EvacueeID;402;HeloID;1;OnShip;0;Triage Status;G;EvacueeID;408;HeloID;1;OnShip;0;Triage Status;G;EvacueeID;409;HeloID;1;OnShip;0;Triage Status;G;EvacueeID;411;HeloID;1;OnShip;0;Triage Status;G;EvacueeID;415;HeloID;1;OnShip;0;Triage Status;G;EvacueeID;422;HeloID;1;OnShip;0;Triage Status;G;EvacueeID;427;HeloID;1;OnShip;0;Triage Status;G
4860,4,helipadManager,outEM,Helicopter 1 is evacuating people1
4860,4,helipadManager,,Helo;1;is at the ES
4860,1152,filterES,out,Helicopter 1 is evacuating people1
4860,1152,filterES,,
4860,1153,helicopter,,Helicopter;1;is waiting to land at the evacuation site;;and has;0;spots taken
4860,3,evacueeManager,outEvac,Evacuee 388 in triage category G is assigned helicopter 1
4860,3,evacueeManager,outEvac,Evacuee 391 in triage category G is assigned helicopter 1
4860,3,evacueeManager,outEvac,Evacuee 394 in triage category G is assigned helicopter 1
4860,3,evacueeManager,outEvac,Evacuee 402 in triage category G is assigned helicopter 1
4860,3,evacueeManager,outEvac,Evacuee 408 in triage category G is assigned helicopter 1
4860,3,evacueeManager,outEvac,Evacuee 409 in triage category G is assigned helicopter 1
4860,3,evacueeManager,outEvac,Evacuee 411 in triage category G is assigned helicopter 1
4860,3,evacueeManager,outEvac,Evacuee 415 in triage category G is assigned helicopter 1
4860,3,evacueeManager,outEvac,Evacuee 422 in triage category G is assigned helicopter 1
4860,3,evacueeManager,outEvac,Evacuee 427 in triage category G is assigned helicopter 1
4860,3,evacueeManager,,OFF SHIP: White;0;Green;7;Yellow;1;Red;2;Black;370;ON SHIP: White;20;Green;30;Yellow;0;Red;0;Evacuees to Transfer;
4860,7,filterLoc,,
4860,10,filterLoc,,
4860,13,filterLoc,,
4860,16,filterLoc,,
4860,19,filterLoc,,
4860,22,filterLoc,,
4860,25,filterLoc,,
4860,28,filterLoc,,
4860,31,filterLoc,,
4860,34,filterLoc,,
4860,37,filterLoc,,
4860,40,filterLoc,,
4860,43,filterLoc,,
4860,46,filterLoc,,
4860,49,filterLoc,,
4860,52,filterLoc,,
4860,55,filterLoc,,
4860,58,filterLoc,,
4860,61,filterLoc,,
4860,64,filterLoc,,
4860,67,filterLoc,,
4860,70,filterLoc,,
4860,73,filterLoc,,
4860,76,filterLoc,,
4860,79,filterLoc,,
4860,82,filterLoc,,
4860,85,filterLoc,,
4860,88,filterLoc,,
4860,91,filterLoc,,
4860,94,filterLoc,,
4860,97,filterLoc,,
4860,100,filterLoc,,
4860,103,filterLoc,,
4860,106,filterLoc,,
4860,109,filterLoc,,
4860,112,filterLoc,,
4860,115,filterLoc,,
4860,118,filterLoc,,
4860,121,filterLoc,,
4860,124,filterLoc,,
4860,127,filterLoc,,;Evacuee;411;in triage category;G;is entering helicopter;1
4860,130,filterLoc,,;Evacuee;422;in triage category;G;is entering helicopter;1
4860,133,filterLoc,,;Evacuee;409;in triage category;G;is entering helicopter;1
4860,136,filterLoc,,;Evacuee;408;in triage category;G;is entering helicopter;1
4860,139,filterLoc,,
4860,142,filterLoc,,
4860,145,filterLoc,,
4860,148,filterLoc,,
4860,151,filterLoc,,
4860,154,filterLoc,,
4860,157,filterLoc,,
4860,160,filterLoc,,
4860,163,filterLoc,,
4860,166,filterLoc,,
4860,169,filterLoc,,
4860,172,filterLoc,,
4860,175,filterLoc,,
4860,178,filterLoc,,
4860,181,filterLoc,,
4860,184,filterLoc,,
4860,187,filterLoc,,
4860,190,filterLoc,,
4860,193,filterLoc,,;Evacuee;427;in triage category;G;is entering helicopter;1
4860,196,filterLoc,,
4860,199,filterLoc,,
4860,202,filterLoc,,
4860,205,filterLoc,,
4860,208,filterLoc,,
4860,211,filterLoc,,
4860,214,filterLoc,,
4860,217,filterLoc,,
4860,221,filterLoc,,
4860,224,filterLoc,,
4860,227,filterLoc,,
4860,230,filterLoc,,
4860,233,filterLoc,,
4860,236,filterLoc,,
4860,239,filterLoc,,
4860,242,filterLoc,,
4860,245,filterLoc,,
4860,248,filterLoc,,
4860,251,filterLoc,,
4860,254,filterLoc,,
4860,257,filterLoc,,
4860,260,filterLoc,,
4860,263,filterLoc,,
4860,266,filterLoc,,
4860,269,filterLoc,,
4860,272,filterLoc,,
4860,275,filterLoc,,
4860,278,filterLoc,,
4860,281,filterLoc,,
4860,284,filterLoc,,
4860,287,filterLoc,,
4860,290,filterLoc,,
4860,293,filterLoc,,
4860,296,filterLoc,,
4860,299,filterLoc,,
4860,302,filterLoc,,
4860,305,filterLoc,,
4860,308,filterLoc,,
4860,311,filterLoc,,
4860,314,filterLoc,,
4860,317,filterLoc,,
4860,320,filterLoc,,
4860,323,filterLoc,,
4860,326,filterLoc,,
4860,329,filterLoc,,
4860,332,filterLoc,,
4860,335,filterLoc,,
4860,338,filterLoc,,
4860,341,filterLoc,,
4860,344,filterLoc,,
4860,347,filterLoc,,
4860,350,filterLoc,,
4860,353,filterLoc,,
4860,356,filterLoc,,
4860,359,filterLoc,,
4860,362,filterLoc,,
4860,365,filterLoc,,
4860,368,filterLoc,,
4860,371,filterLoc,,
4860,374,filterLoc,,
4860,377,filterLoc,,
4860,380,filterLoc,,
4860,383,filterLoc,,;Evacuee;415;in triage category;G;is entering helicopter;1
4860,386,filterLoc,,
4860,389,filterLoc,,
4860,392,filterLoc,,
4860,395,filterLoc,,
4860,398,filterLoc,,
4860,401,filterLoc,,
4860,404,filterLoc,,
4860,407,filterLoc,,
4860,410,filterLoc,,
4860,413,filterLoc,,
4860,416,filterLoc,,
4860,419,filterLoc,,
4860,422,filterLoc,,
4860,425,filterLoc,,
4860,428,filterLoc,,
4860,431,filterLoc,,
4860,434,filterLoc,,
4860,437,filterLoc,,
4860,440,filterLoc,,
4860,443,filterLoc,,
4860,446,filterLoc,,
4860,449,filterLoc,,
4860,452,filterLoc,,
4860,455,filterLoc,,
4860,458,filterLoc,,
4860,461,filterLoc,,
4860,464,filterLoc,,
4860,467,filterLoc,,
4860,470,filterLoc,,
4860,473,filterLoc,,
4860,476,filterLoc,,
4860,479,filterLoc,,
4860,482,filterLoc,,
4860,485,filterLoc,,
4860,488,filterLoc,,
4860,491,filterLoc,,
4860,494,filterLoc,,
4860,497,filterLoc,,
4860,500,filterLoc,,
4860,503,filterLoc,,
4860,506,filterLoc,,
4860,509,filterLoc,,
4860,512,filterLoc,,
4860,515,filterLoc,,
4860,518,filterLoc,,
4860,521,filterLoc,,
4860,524,filterLoc,,
4860,527,filterLoc,,
4860,530,filterLoc,,
4860,533,filterLoc,,
4860,536,filterLoc,,
4860,539,filterLoc,,
4860,542,filterLoc,,
4860,545,filterLoc,,
4860,548,filterLoc,,
4860,551,filterLoc,,
4860,554,filterLoc,,
4860,557,filterLoc,,
4860,560,filterLoc,,
4860,563,filterLoc,,
4860,566,filterLoc,,
4860,569,filterLoc,,
4860,572,filterLoc,,
4860,575,filterLoc,,
4860,578,filterLoc,,
4860,581,filterLoc,,
4860,584,filterLoc,,
4860,587,filterLoc,,
4860,590,filterLoc,,
4860,593,filterLoc,,
4860,596,filterLoc,,
4860,599,filterLoc,,
4860,602,filterLoc,,
4860,605,filterLoc,,
4860,608,filterLoc,,
4860,611,filterLoc,,
4860,614,filterLoc,,
4860,617,filterLoc,,
4860,620,filterLoc,,
4860,623,filterLoc,,
4860,626,filterLoc,,
4860,629,filterLoc,,
4860,632,filterLoc,,
4860,635,filterLoc,,
4860,638,filterLoc,,
4860,641,filterLoc,,
4860,644,filterLoc,,
4860,647,filterLoc,,
4860,650,filterLoc,,
4860,653,filterLoc,,
4860,656,filterLoc,,
4860,659,filterLoc,,
4860,662,filterLoc,,
4860,665,filterLoc,,
4860,668,filterLoc,,
4860,671,filterLoc,,
4860,674,filterLoc,,
4860,677,filterLoc,,
4860,680,filterLoc,,
4860,683,filterLoc,,
4860,686,filterLoc,,
4860,689,filterLoc,,
4860,692,filterLoc,,
4860,695,filterLoc,,
4860,698,filterLoc,,
4860,701,filterLoc,,
4860,704,filterLoc,,
4860,707,filterLoc,,
4860,710,filterLoc,,
4860,713,filterLoc,,
4860,716,filterLoc,,
4860,719,filterLoc,,
4860,722,filterLoc,,
4860,725,filterLoc,,
4860,728,filterLoc,,
4860,731,filterLoc,,
4860,734,filterLoc,,
4860,737,filterLoc,,
4860,740,filterLoc,,
4860,743,filterLoc,,
4860,746,filterLoc,,
4860,749,filterLoc,,
4860,752,filterLoc,,
4860,755,filterLoc,,
4860,758,filterLoc,,
4860,761,filterLoc,,
4860,764,filterLoc,,
4860,767,filterLoc,,
4860,770,filterLoc,,
4860,773,filterLoc,,
4860,776,filterLoc,,
4860,779,filterLoc,,
4860,782,filterLoc,,
4860,785,filterLoc,,
4860,788,filterLoc,,
4860,791,filterLoc,,
4860,794,filterLoc,,
4860,797,filterLoc,,
4860,800,filterLoc,,
4860,803,filterLoc,,
4860,806,filterLoc,,
4860,809,filterLoc,,
4860,812,filterLoc,,
4860,815,filterLoc,,
4860,818,filterLoc,,
4860,821,filterLoc,,
4860,824,filterLoc,,
4860,827,filterLoc,,
4860,830,filterLoc,,
4860,833,filterLoc,,
4860,836,filterLoc,,
4860,839,filterLoc,,
4860,842,filterLoc,,;Evacuee;394;in triage category;G;is entering helicopter;1
4860,845,filterLoc,,
4860,848,filterLoc,,
4860,851,filterLoc,,
4860,854,filterLoc,,
4860,857,filterLoc,,
4860,860,filterLoc,,
4860,863,filterLoc,,
4860,866,filterLoc,,
4860,869,filterLoc,,
4860,872,filterLoc,,
4860,875,filterLoc,,
4860,878,filterLoc,,
4860,881,filterLoc,,
4860,884,filterLoc,,
4860,887,filterLoc,,
4860,890,filterLoc,,
4860,893,filterLoc,,
4860,896,filterLoc,,
4860,899,filterLoc,,
4860,902,filterLoc,,
4860,905,filterLoc,,
4860,908,filterLoc,,
4860,911,filterLoc,,
4860,914,filterLoc,,
4860,917,filterLoc,,
4860,920,filterLoc,,
4860,923,filterLoc,,
4860,926,filterLoc,,
4860,929,filterLoc,,
4860,932,filterLoc,,
4860,935,filterLoc,,
4860,938,filterLoc,,
4860,941,filterLoc,,
4860,944,filterLoc,,
4860,947,filterLoc,,
4860,950,filterLoc,,
4860,953,filterLoc,,
4860,956,filterLoc,,
4860,959,filterLoc,,;Evacuee;402;in triage category;G;is entering helicopter;1
4860,962,filterLoc,,
4860,965,filterLoc,,
4860,968,filterLoc,,
4860,971,filterLoc,,
4860,974,filterLoc,,
4860,977,filterLoc,,
4860,980,filterLoc,,
4860,983,filterLoc,,
4860,986,filterLoc,,
4860,989,filterLoc,,
4860,992,filterLoc,,
4860,995,filterLoc,,
4860,998,filterLoc,,
4860,1001,filterLoc,,
4860,1004,filterLoc,,
4860,1007,filterLoc,,
4860,1010,filterLoc,,
4860,1013,filterLoc,,
4860,1016,filterLoc,,
4860,1019,filterLoc,,
4860,1022,filterLoc,,
4860,1025,filterLoc,,
4860,1028,filterLoc,,
4860,1031,filterLoc,,
4860,1034,filterLoc,,
4860,1037,filterLoc,,
4860,1040,filterLoc,,
4860,1043,filterLoc,,
4860,1046,filterLoc,,
4860,1049,filterLoc,,
4860,1052,filterLoc,,
4860,1055,filterLoc,,
4860,1058,filterLoc,,
4860,1061,filterLoc,,
4860,1064,filterLoc,,
4860,1067,filterLoc,,
4860,1070,filterLoc,,
4860,1073,filterLoc,,
4860,1076,filterLoc,,
4860,1079,filterLoc,,
4860,1082,filterLoc,,;Evacuee;391;in triage category;G;is entering helicopter;1
4860,1085,filterLoc,,;Evacuee;388;in triage category;G;is entering helicopter;1
4860,1088,filterLoc,,
4860,1091,filterLoc,,
4860,1094,filterLoc,,
4860,1097,filterLoc,,
4860,1100,filterLoc,,
4860,1103,filterLoc,,
4860,1106,filterLoc,,
4860,1109,filterLoc,,
4860,1112,filterLoc,,
4860,1115,filterLoc,,
4860,1118,filterLoc,,
4860,1121,filterLoc,,
4860,1124,filterLoc,,
4860,1127,filterLoc,,
4860,1130,filterLoc,,
4860,1133,filterLoc,,
4860,1136,filterLoc,,
4860,1139,filterLoc,,
4860,1142,filterLoc,,
4860,1145,filterLoc,,
4860,1148,filterLoc,,
4860,1153,helicopter,,Helicopter;1;is loading people at the evacuation site;;and has;0;spots taken
4860,1155,filterLoc,,
4860,1158,filterLoc,,
4860,1161,filterLoc,,
4860,1164,filterLoc,,
4860,1167,filterLoc,,
4860,1170,filterLoc,,
4860,1173,filterLoc,,
4860,1176,filterLoc,,
4860,1179,filterLoc,,
4860,1182,filterLoc,,
4860,1185,filterLoc,,
4860,1188,filterLoc,,
4860,1191,filterLoc,,
4860,1194,filterLoc,,
4860,1197,filterLoc,,
4860,1200,filterLoc,,
4860,1203,filterLoc,,
4860,1206,filterLoc,,
4860,1209,filterLoc,,
4860,1212,filterLoc,,
4860,1215,filterLoc,,
4860,1218,filterLoc,,
4860,1221,filterLoc,,
4860,1224,filterLoc,,
4860,1227,filterLoc,,
4860,1230,filterLoc,,
4860,1233,filterLoc,,
4860,1236,filterLoc,,
4860,1239,filterLoc,,
4860,1242,filterLoc,,
4860,1245,filterLoc,,
4860,1248,filterLoc,,
4860,1251,filterLoc,,
4860,1254,filterLoc,,
4860,1257,filterLoc,,
4860,1260,filterLoc,,
4860,1263,filterLoc,,
4860,1266,filterLoc,,
4860,1269,filterLoc,,
4860,1272,filterLoc,,
4860,1275,filterLoc,,
4860,1278,filterLoc,,
4860,1281,filterLoc,,
4860,1284,filterLoc,,
4860,1287,filterLoc,,
4860,1290,filterLoc,,
4860,1293,filterLoc,,
4860,1296,filterLoc,,
4860,1299,filterLoc,,
4860,1302,filterLoc,,
4860,1305,filterLoc,,
4860,1308,filterLoc,,
4860,1311,filterLoc,,
4860,1314,filterLoc,,
4860,1317,filterLoc,,
4860,1320,filterLoc,,
4860,1323,filterLoc,,
4860,1326,filterLoc,,
4860,1329,filterLoc,,
4860,1332,filterLoc,,
4860,1335,filterLoc,,
4860,1338,filterLoc,,
4860,1341,filterLoc,,
4860,1344,filterLoc,,
4860,1347,filterLoc,,
4860,1350,filterLoc,,
4860,1353,filterLoc,,
4860,1356,filterLoc,,
4860,1359,filterLoc,,
4860,1362,filterLoc,,
4860,1365,filterLoc,,
4860,1368,filterLoc,,
4860,1371,filterLoc,,
4860,1374,filterLoc,,
4860,1377,filterLoc,,
4860,1380,filterLoc,,
4860,1383,filterLoc,,
4860,1386,filterLoc,,
4860,1389,filterLoc,,
4860,1392,filterLoc,,
4860,1395,filterLoc,,
4860,1398,filterLoc,,
4860,1401,filterLoc,,
4860,1404,filterLoc,,
4860,1407,filterLoc,,
4860,1410,filterLoc,,
4860,1413,filterLoc,,
4860,1416,filterLoc,,
4860,1419,filterLoc,,
4860,1422,filterLoc,,
4860,1425,filterLoc,,
4860,1428,filterLoc,,
4860,1431,filterLoc,,
4860,1434,filterLoc,,
4860,1437,filterLoc,,
4860,1440,filterLoc,,
4860,1443,filterLoc,,
4860,1446,filterLoc,,
4860,1449,filterLoc,,
4860,1452,filterLoc,,
4860,1455,filterLoc,,
4860,1458,filterLoc,,
4860,1461,filterLoc,,
4860,1464,filterLoc,,
4860,1467,filterLoc,,
4860,1470,filterLoc,,
4860,1473,filterLoc,,
4860,1476,filterLoc,,
4860,1479,filterLoc,,
4860,1482,filterLoc,,
4860,1485,filterLoc,,
4860,1488,filterLoc,,
4860,1491,filterLoc,,
4860,1494,filterLoc,,
4860,1497,filterLoc,,
4860,1500,filterLoc,,
4860,1503,filterLoc,,
4860,1506,filterLoc,,
4860,1509,filterLoc,,
4860,127,filterLoc,out,Evacuee 411 in triage category G is assigned helicopter 1
4860,127,filterLoc,,
4860,128,evacuee,,Evacuee;411;in triage state;G;is entering helicopter;1
4860,130,filterLoc,out,Evacuee 422 in triage category G is assigned helicopter 1
4860,130,filterLoc,,
4860,131,evacuee,,Evacuee;422;in triage state;G;is entering helicopter;1
4860,133,filterLoc,out,Evacuee 409 in triage category G is assigned helicopter 1
4860,133,filterLoc,,
4860,134,evacuee,,Evacuee;409;in triage state;G;is entering helicopter;1
4860,136,filterLoc,out,Evacuee 408 in triage category G is assigned helicopter 1
4860,136,filterLoc,,
4860,137,evacuee,,Evacuee;408;in triage state;G;is entering helicopter;1
4860,193,filterLoc,out,Evacuee 427 in triage category G is assigned helicopter 1
4860,193,filterLoc,,
4860,194,evacuee,,Evacuee;427;in triage state;G;is entering helicopter;1
4860,383,filterLoc,out,Evacuee 415 in triage category G is assigned helicopter 1
4860,383,filterLoc,,
4860,384,evacuee,,Evacuee;415;in triage state;G;is entering helicopter;1
4860,842,filterLoc,out,Evacuee 394 in triage category G is assigned helicopter 1
4860,842,filterLoc,,
4860,843,evacuee,,Evacuee;394;in triage state;G;is entering helicopter;1
4860,959,filterLoc,out,Evacuee 402 in triage category G is assigned helicopter 1
4860,959,filterLoc,,
4860,960,evacuee,,Evacuee;402;in triage state;G;is entering helicopter;1
4860,1082,filterLoc,out,Evacuee 391 in triage category G is assigned helicopter 1
4860,1082,filterLoc,,
4860,1083,evacuee,,Evacuee;391;in triage state;G;is entering helicopter;1
4860,1085,filterLoc,out,Evacuee 388 in triage category G is assigned helicopter 1
4860,1085,filterLoc,,
4860,1086,evacuee,,Evacuee;388;in triage state;G;is entering helicopter;1
4860,128,evacuee,outHelo,Evacuee 411 in triage category G is assigned helicopter 1
4860,128,evacuee,,Evacuee;411;in triage state;G;is in helicopter;1
4860,131,evacuee,outHelo,Evacuee 422 in triage category G is assigned helicopter 1
4860,131,evacuee,,Evacuee;422;in triage state;G;is in helicopter;1
4860,134,evacuee,outHelo,Evacuee 409 in triage category G is assigned helicopter 1
4860,134,evacuee,,Evacuee;409;in triage state;G;is in helicopter;1
4860,137,evacuee,outHelo,Evacuee 408 in triage category G is assigned helicopter 1
4860,137,evacuee,,Evacuee;408;in triage state;G;is in helicopter;1
4860,194,evacuee,outHelo,Evacuee 427 in triage category G is assigned helicopter 1
4860,194,evacuee,,Evacuee;427;in triage state;G;is in helicopter;1
4860,384,evacuee,outHelo,Evacuee 415 in triage category G is assigned helicopter 1
4860,384,evacuee,,Evacuee;415;in triage state;G;is in helicopter;1
4860,843,evacuee,outHelo,Evacuee 394 in triage category G is assigned helicopter 1
4860,843,evacuee,,Evacuee;394;in triage state;G;is in helicopter;1
4860,960,evacuee,outHelo,Evacuee 402 in triage category G is assigned helicopter 1
4860,960,evacuee,,Evacuee;402;in triage state;G;is in helicopter;1
4860,1083,evacuee,outHelo,Evacuee 391 in triage category G is assigned helicopter 1
4860,1083,evacuee,,Evacuee;391;in triage state;G;is in helicopter;1
4860,1086,evacuee,outHelo,Evacuee 388 in triage category G is assigned helicopter 1
4860,1086,evacuee,,Evacuee;388;in triage state;G;is in helicopter;1
4860,1151,filterEvac,,;Evacuee;388;in triage category;G;is entering helicopter;1;Evacuee;391;in triage category;G;is entering helicopter;1;Evacuee;394;in triage category;G;is entering helicopter;1;Evacuee;402;in triage category;G;is entering helicopter;1;Evacuee;408;in triage category;G;is entering helicopter;1;Evacuee;409;in triage category;G;is entering helicopter;1;Evacuee;411;in triage category;G;is entering helicopter;1;Evacuee;415;in triage category;G;is entering helicopter;1;Evacuee;422;in triage category;G;is entering helicopter;1;Evacuee;427;in triage category;G;is entering helicopter;1
4860,1151,filterEvac,out,Evacuee 388 in triage category G is assigned helicopter 1
4860,1151,filterEvac,out,Evacuee 391 in triage category G is assigned helicopter 1
4860,1151,filterEvac,out,Evacuee 394 in triage category G is assigned helicopter 1
4860,1151,filterEvac,out,Evacuee 402 in triage category G is assigned helicopter 1
4860,1151,filterEvac,out,Evacuee 408 in triage category G is assigned helicopter 1
4860,1151,filterEvac,out,Evacuee 409 in triage category G is assigned helicopter 1
4860,1151,filterEvac,out,Evacuee 411 in triage category G is assigned helicopter 1
4860,1151,filterEvac,out,Evacuee 415 in triage category G is assigned helicopter 1
4860,1151,filterEvac,out,Evacuee 422 in triage category G is assigned helicopter 1
4860,1151,filterEvac,out,Evacuee 427 in triage category G is assigned helicopter 1
4860,1151,filterEvac,,
4860,1153,helicopter,,Helicopter;1;is loading people at the evacuation site;;and has;10;spots taken
4875,4,helipadManager,outHelo,Helicopter 1 is evacuating people1
4875,4,helipadManager,,;No helos are at ES
4875,1152,filterES,,Helicopter;1;is evacuating people
4875,4,helipadManager,outHQ,0
4875,4,helipadManager,,;No helos are at ES
4875,5,helicopterQueue,,;No helos are waiting to land
4875,1152,filterES,out,Helicopter 1 is evacuating people1
4875,1152,filterES,,
4875,1153,helicopter,,Helicopter;1;is loading people at the evacuation site;;and has;10;spots taken
4875,5,helicopterQueue,,;No helos are waiting to land
4875,1153,helicopter,,Helicopter;1;is returning to the FOL;;and has;10;spots taken
4898.14,3,evacueeManager,,OFF SHIP: White;0;Green;7;Yellow;1;Red;1;Black;371;ON SHIP: White;20;Green;30;Yellow;0;Red;0;Evacuees to Transfer;
4898.14,636,evacuee,outES,Evacuee 444 in triage category R is not assigned a helicopter
4898.14,636,evacuee,,Evacuee;444;in triage state;B;is at the evacuation site
4924.4,3,evacueeManager,,OFF SHIP: White;0;Green;7;Yellow;1;Red;1;Black;371;ON SHIP: White;21;Green;29;Yellow;0;Red;0;Evacuees to Transfer;
4924.4,1137,evacuee,outES,Evacuee 208 in triage category G is told to board the coast guard ship
4924.4,1137,evacuee,,Evacuee;208;in triage state;W;is on board the Coast Guard Ship
4941.52,3,evacueeManager,,OFF SHIP: White;0;Green;7;Yellow;1;Red;0;Black;372;ON SHIP: White;21;Green;29;Yellow;0;Red;0;Evacuees to Transfer;
4941.52,1327,evacuee,outES,Evacuee 417 in triage category R is not assigned a helicopter
4941.52,1327,evacuee,,Evacuee;417;in triage state;B;is at the evacuation site
5014.07,3,evacueeManager,,OFF SHIP: White;0;Green;7;Yellow;1;Red;0;Black;372;ON SHIP: White;22;Green;28;Yellow;0;Red;0;Evacuees to Transfer;
5014.07,777,evacuee,outES,Evacuee 110 in triage category G is told to board the coast guard ship
5014.07,777,evacuee,,Evacuee;110;in triage state;W;is on board the Coast Guard Ship
5025,7,filterLoc,,
5025,10,filterLoc,,
5025,13,filterLoc,,
5025,16,filterLoc,,
5025,19,filterLoc,,
5025,22,filterLoc,,
5025,25,filterLoc,,
5025,28,filterLoc,,
5025,31,filterLoc,,
5025,34,filterLoc,,
5025,37,filterLoc,,
5025,40,filterLoc,,
5025,43,filterLoc,,
5025,46,filterLoc,,
5025,49,filterLoc,,
5025,52,filterLoc,,
5025,55,filterLoc,,
5025,58,filterLoc,,
5025,61,filterLoc,,
5025,64,filterLoc,,
5025,67,filterLoc,,
5025,70,filterLoc,,
5025,73,filterLoc,,
5025,76,filterLoc,,
5025,79,filterLoc,,
5025,82,filterLoc,,
5025,85,filterLoc,,
5025,88,filterLoc,,
5025,91,filterLoc,,
5025,94,filterLoc,,
5025,97,filterLoc,,
5025,100,filterLoc,,
5025,103,filterLoc,,
5025,106,filterLoc,,
5025,109,filterLoc,,
5025,112,filterLoc,,
5025,115,filterLoc,,
5025,118,filterLoc,,
5025,121,filterLoc,,
5025,124,filterLoc,,
5025,127,filterLoc,,;Evacuee;411;in triage category;G;is leaving helicopter;1
5025,130,filterLoc,,;Evacuee;422;in triage category;G;is leaving helicopter;1
5025,133,filterLoc,,;Evacuee;409;in triage category;G;is leaving helicopter;1
5025,136,filterLoc,,;Evacuee;408;in triage category;G;is leaving helicopter;1
5025,139,filterLoc,,
5025,142,filterLoc,,
5025,145,filterLoc,,
5025,148,filterLoc,,
5025,151,filterLoc,,
5025,154,filterLoc,,
5025,157,filterLoc,,
5025,160,filterLoc,,
5025,163,filterLoc,,
5025,166,filterLoc,,
5025,169,filterLoc,,
5025,172,filterLoc,,
5025,175,filterLoc,,
5025,178,filterLoc,,
5025,181,filterLoc,,
5025,184,filterLoc,,
5025,187,filterLoc,,
5025,190,filterLoc,,
5025,193,filterLoc,,;Evacuee;427;in triage category;G;is leaving helicopter;1
5025,196,filterLoc,,
5025,199,filterLoc,,
5025,202,filterLoc,,
5025,205,filterLoc,,
5025,208,filterLoc,,
5025,211,filterLoc,,
5025,214,filterLoc,,
5025,217,filterLoc,,
5025,221,filterLoc,,
5025,224,filterLoc,,
5025,227,filterLoc,,
5025,230,filterLoc,,
5025,233,filterLoc,,
5025,236,filterLoc,,
5025,239,filterLoc,,
5025,242,filterLoc,,
5025,245,filterLoc,,
5025,248,filterLoc,,
5025,251,filterLoc,,
5025,254,filterLoc,,
5025,257,filterLoc,,
5025,260,filterLoc,,
5025,263,filterLoc,,
5025,266,filterLoc,,
5025,269,filterLoc,,
5025,272,filterLoc,,
5025,275,filterLoc,,
5025,278,filterLoc,,
5025,281,filterLoc,,
5025,284,filterLoc,,
5025,287,filterLoc,,
5025,290,filterLoc,,
5025,293,filterLoc,,
5025,296,filterLoc,,
5025,299,filterLoc,,
5025,302,filterLoc,,
5025,305,filterLoc,,
5025,308,filterLoc,,
5025,311,filterLoc,,
5025,314,filterLoc,,
5025,317,filterLoc,,
5025,320,filterLoc,,
5025,323,filterLoc,,
5025,326,filterLoc,,
5025,329,filterLoc,,
5025,332,filterLoc,,
5025,335,filterLoc,,
5025,338,filterLoc,,
5025,341,filterLoc,,
5025,344,filterLoc,,
5025,347,filterLoc,,
5025,350,filterLoc,,
5025,353,filterLoc,,
5025,356,filterLoc,,
5025,359,filterLoc,,
5025,362,filterLoc,,
5025,365,filterLoc,,
5025,368,filterLoc,,
5025,371,filterLoc,,
5025,374,filterLoc,,
5025,377,filterLoc,,
5025,380,filterLoc,,
5025,383,filterLoc,,;Evacuee;415;in triage category;G;is leaving helicopter;1
5025,386,filterLoc,,
5025,389,filterLoc,,
5025,392,filterLoc,,
5025,395,filterLoc,,
5025,398,filterLoc,,
5025,401,filterLoc,,
5025,404,filterLoc,,
5025,407,filterLoc,,
5025,410,filterLoc,,
5025,413,filterLoc,,
5025,416,filterLoc,,
5025,419,filterLoc,,
5025,422,filterLoc,,
5025,425,filterLoc,,
5025,428,filterLoc,,
5025,431,filterLoc,,
5025,434,filterLoc,,
5025,437,filterLoc,,
5025,440,filterLoc,,
5025,443,filterLoc,,
5025,446,filterLoc,,
5025,449,filterLoc,,
5025,452,filterLoc,,
5025,455,filterLoc,,
5025,458,filterLoc,,
5025,461,filterLoc,,
5025,464,filterLoc,,
5025,467,filterLoc,,
5025,470,filterLoc,,
5025,473,filterLoc,,
5025,476,filterLoc,,
5025,479,filterLoc,,
5025,482,filterLoc,,
5025,485,filterLoc,,
5025,488,filterLoc,,
5025,491,filterLoc,,
5025,494,filterLoc,,
5025,497,filterLoc,,
5025,500,filterLoc,,
5025,503,filterLoc,,
5025,506,filterLoc,,
5025,509,filterLoc,,
5025,512,filterLoc,,
5025,515,filterLoc,,
5025,518,filterLoc,,
5025,521,filterLoc,,
5025,524,filterLoc,,
5025,527,filterLoc,,
5025,530,filterLoc,,
5025,533,filterLoc,,
5025,536,filterLoc,,
5025,539,filterLoc,,
5025,542,filterLoc,,
5025,545,filterLoc,,
5025,548,filterLoc,,
5025,551,filterLoc,,
5025,554,filterLoc,,
5025,557,filterLoc,,
5025,560,filterLoc,,
5025,563,filterLoc,,
5025,566,filterLoc,,
5025,569,filterLoc,,
5025,572,filterLoc,,
5025,575,filterLoc,,
5025,578,filterLoc,,
5025,581,filterLoc,,
5025,584,filterLoc,,
5025,587,filterLoc,,
5025,590,filterLoc,,
5025,593,filterLoc,,
5025,596,filterLoc,,
5025,599,filterLoc,,
5025,602,filterLoc,,
5025,605,filterLoc,,
5025,608,filterLoc,,
5025,611,filterLoc,,
5025,614,filterLoc,,
5025,617,filterLoc,,
5025,620,filterLoc,,
5025,623,filterLoc,,
5025,626,filterLoc,,
5025,629,filterLoc,,
5025,632,filterLoc,,
5025,635,filterLoc,,
5025,638,filterLoc,,
5025,641,filterLoc,,
5025,644,filterLoc,,
5025,647,filterLoc,,
5025,650,filterLoc,,
5025,653,filterLoc,,
5025,656,filterLoc,,
5025,659,filterLoc,,
5025,662,filterLoc,,
5025,665,filterLoc,,
5025,668,filterLoc,,
5025,671,filterLoc,,
5025,674,filterLoc,,
5025,677,filterLoc,,
5025,680,filterLoc,,
5025,683,filterLoc,,
5025,686,filterLoc,,
5025,689,filterLoc,,
5025,692,filterLoc,,
5025,695,filterLoc,,
5025,698,filterLoc,,
5025,701,filterLoc,,
5025,704,filterLoc,,
5025,707,filterLoc,,
5025,710,filterLoc,,
5025,713,filterLoc,,
5025,716,filterLoc,,
5025,719,filterLoc,,
5025,722,filterLoc,,
5025,725,filterLoc,,
5025,728,filterLoc,,
5025,731,filterLoc,,
5025,734,filterLoc,,
5025,737,filterLoc,,
5025,740,filterLoc,,
5025,743,filterLoc,,
5025,746,filterLoc,,
5025,749,filterLoc,,
5025,752,filterLoc,,
5025,755,filterLoc,,
5025,758,filterLoc,,
5025,761,filterLoc,,
5025,764,filterLoc,,
5025,767,filterLoc,,
5025,770,filterLoc,,
5025,773,filterLoc,,
5025,776,filterLoc,,
5025,779,filterLoc,,
5025,782,filterLoc,,
5025,785,filterLoc,,
5025,788,filterLoc,,
5025,791,filterLoc,,
5025,794,filterLoc,,
5025,797,filterLoc,,
5025,800,filterLoc,,
5025,803,filterLoc,,
5025,806,filterLoc,,
5025,809,filterLoc,,
5025,812,filterLoc,,
5025,815,filterLoc,,
5025,818,filterLoc,,
5025,821,filterLoc,,
5025,824,filterLoc,,
5025,827,filterLoc,,
5025,830,filterLoc,,
5025,833,filterLoc,,
5025,836,filterLoc,,
5025,839,filterLoc,,
5025,842,filterLoc,,;Evacuee;394;in triage category;G;is leaving helicopter;1
5025,845,filterLoc,,
5025,848,filterLoc,,
5025,851,filterLoc,,
5025,854,filterLoc,,
5025,857,filterLoc,,
5025,860,filterLoc,,
5025,863,filterLoc,,
5025,866,filterLoc,,
5025,869,filterLoc,,
5025,872,filterLoc,,
5025,875,filterLoc,,
5025,878,filterLoc,,
5025,881,filterLoc,,
5025,884,filterLoc,,
5025,887,filterLoc,,
5025,890,filterLoc,,
5025,893,filterLoc,,
5025,896,filterLoc,,
5025,899,filterLoc,,
5025,902,filterLoc,,
5025,905,filterLoc,,
5025,908,filterLoc,,
5025,911,filterLoc,,
5025,914,filterLoc,,
5025,917,filterLoc,,
5025,920,filterLoc,,
5025,923,filterLoc,,
5025,926,filterLoc,,
5025,929,filterLoc,,
5025,932,filterLoc,,
5025,935,filterLoc,,
5025,938,filterLoc,,
5025,941,filterLoc,,
5025,944,filterLoc,,
5025,947,filterLoc,,
5025,950,filterLoc,,
5025,953,filterLoc,,
5025,956,filterLoc,,
5025,959,filterLoc,,;Evacuee;402;in triage category;G;is leaving helicopter;1
5025,962,filterLoc,,
5025,965,filterLoc,,
5025,968,filterLoc,,
5025,971,filterLoc,,
5025,974,filterLoc,,
5025,977,filterLoc,,
5025,980,filterLoc,,
5025,983,filterLoc,,
5025,986,filterLoc,,
5025,989,filterLoc,,
5025,992,filterLoc,,
5025,995,filterLoc,,
5025,998,filterLoc,,
5025,1001,filterLoc,,
5025,1004,filterLoc,,
5025,1007,filterLoc,,
5025,1010,filterLoc,,
5025,1013,filterLoc,,
5025,1016,filterLoc,,
5025,1019,filterLoc,,
5025,1022,filterLoc,,
5025,1025,filterLoc,,
5025,1028,filterLoc,,
5025,1031,filterLoc,,
5025,1034,filterLoc,,
5025,1037,filterLoc,,
5025,1040,filterLoc,,
5025,1043,filterLoc,,
5025,1046,filterLoc,,
5025,1049,filterLoc,,
5025,1052,filterLoc,,
5025,1055,filterLoc,,
5025,1058,filterLoc,,
5025,1061,filterLoc,,
5025,1064,filterLoc,,
5025,1067,filterLoc,,
5025,1070,filterLoc,,
5025,1073,filterLoc,,
5025,1076,filterLoc,,
5025,1079,filterLoc,,
5025,1082,filterLoc,,;Evacuee;391;in triage category;G;is leaving helicopter;1
5025,1085,filterLoc,,;Evacuee;388;in triage category;G;is leaving helicopter;1
5025,1088,filterLoc,,
5025,1091,filterLoc,,
5025,1094,filterLoc,,
5025,1097,filterLoc,,
5025,1100,filterLoc,,
5025,1103,filterLoc,,
5025,1106,filterLoc,,
5025,1109,filterLoc,,
5025,1112,filterLoc,,
5025,1115,filterLoc,,
5025,1118,filterLoc,,
5025,1121,filterLoc,,
5025,1124,filterLoc,,
5025,1127,filterLoc,,
5025,1130,filterLoc,,
5025,1133,filterLoc,,
5025,1136,filterLoc,,
5025,1139,filterLoc,,
5025,1142,filterLoc,,
5025,1145,filterLoc,,
5025,1148,filterLoc,,
5025,1153,helicopter,outEvac,Evacuee 388 in triage category G is not assigned a helicopter
5025,1153,helicopter,outEvac,Evacuee 391 in triage category G is not assigned a helicopter
5025,1153,helicopter,outEvac,Evacuee 394 in triage category G is not assigned a helicopter
5025,1153,helicopter,outEvac,Evacuee 402 in triage category G is not assigned a helicopter
5025,1153,helicopter,outEvac,Evacuee 408 in triage category G is not assigned a helicopter
5025,1153,helicopter,outEvac,Evacuee 409 in triage category G is not assigned a helicopter
5025,1153,helicopter,outEvac,Evacuee 411 in triage category G is not assigned a helicopter
5025,1153,helicopter,outEvac,Evacuee 415 in triage category G is not assigned a helicopter
5025,1153,helicopter,outEvac,Evacuee 422 in triage category G is not assigned a helicopter
5025,1153,helicopter,outEvac,Evacuee 427 in triage category G is not assigned a helicopter
5025,1153,helicopter,,Helicopter;1;is unloading people at the FOL;;and has;0;spots taken
5025,1155,filterLoc,,
5025,1158,filterLoc,,
5025,1161,filterLoc,,
5025,1164,filterLoc,,
5025,1167,filterLoc,,
5025,1170,filterLoc,,
5025,1173,filterLoc,,
5025,1176,filterLoc,,
5025,1179,filterLoc,,
5025,1182,filterLoc,,
5025,1185,filterLoc,,
5025,1188,filterLoc,,
5025,1191,filterLoc,,
5025,1194,filterLoc,,
5025,1197,filterLoc,,
5025,1200,filterLoc,,
5025,1203,filterLoc,,
5025,1206,filterLoc,,
5025,1209,filterLoc,,
5025,1212,filterLoc,,
5025,1215,filterLoc,,
5025,1218,filterLoc,,
5025,1221,filterLoc,,
5025,1224,filterLoc,,
5025,1227,filterLoc,,
5025,1230,filterLoc,,
5025,1233,filterLoc,,
5025,1236,filterLoc,,
5025,1239,filterLoc,,
5025,1242,filterLoc,,
5025,1245,filterLoc,,
5025,1248,filterLoc,,
5025,1251,filterLoc,,
5025,1254,filterLoc,,
5025,1257,filterLoc,,
5025,1260,filterLoc,,
5025,1263,filterLoc,,
5025,1266,filterLoc,,
5025,1269,filterLoc,,
5025,1272,filterLoc,,
5025,1275,filterLoc,,
5025,1278,filterLoc,,
5025,1281,filterLoc,,
5025,1284,filterLoc,,
5025,1287,filterLoc,,
5025,1290,filterLoc,,
5025,1293,filterLoc,,
5025,1296,filterLoc,,
5025,1299,filterLoc,,
5025,1302,filterLoc,,
5025,1305,filterLoc,,
5025,1308,filterLoc,,
5025,1311,filterLoc,,
5025,1314,filterLoc,,
5025,1317,filterLoc,,
5025,1320,filterLoc,,
5025,1323,filterLoc,,
5025,1326,filterLoc,,
5025,1329,filterLoc,,
5025,1332,filterLoc,,
5025,1335,filterLoc,,
5025,1338,filterLoc,,
5025,1341,filterLoc,,
5025,1344,filterLoc,,
5025,1347,filterLoc,,
5025,1350,filterLoc,,
5025,1353,filterLoc,,
5025,1356,filterLoc,,
5025,1359,filterLoc,,
5025,1362,filterLoc,,
5025,1365,filterLoc,,
5025,1368,filterLoc,,
5025,1371,filterLoc,,
5025,1374,filterLoc,,
5025,1377,filterLoc,,
5025,1380,filterLoc,,
5025,1383,filterLoc,,
5025,1386,filterLoc,,
5025,1389,filterLoc,,
5025,1392,filterLoc,,
5025,1395,filterLoc,,
5025,1398,filterLoc,,
5025,1401,filterLoc,,
5025,1404,filterLoc,,
5025,1407,filterLoc,,
5025,1410,filterLoc,,
5025,1413,filterLoc,,
5025,1416,filterLoc,,
5025,1419,filterLoc,,
5025,1422,filterLoc,,
5025,1425,filterLoc,,
5025,1428,filterLoc,,
5025,1431,filterLoc,,
5025,1434,filterLoc,,
5025,1437,filterLoc,,
5025,1440,filterLoc,,
5025,1443,filterLoc,,
5025,1446,filterLoc,,
5025,1449,filterLoc,,
5025,1452,filterLoc,,
5025,1455,filterLoc,,
5025,1458,filterLoc,,
5025,1461,filterLoc,,
5025,1464,filterLoc,,
5025,1467,filterLoc,,
5025,1470,filterLoc,,
5025,1473,filterLoc,,
5025,1476,filterLoc,,
5025,1479,filterLoc,,
5025,1482,filterLoc,,
5025,1485,filterLoc,,
5025,1488,filterLoc,,
5025,1491,filterLoc,,
5025,1494,filterLoc,,
5025,1497,filterLoc,,
5025,1500,filterLoc,,
5025,1503,filterLoc,,
5025,1506,filterLoc,,
5025,1509,filterLoc,,
5025,127,filterLoc,out,Evacuee 411 in triage category G is not assigned a helicopter
5025,127,filterLoc,,
5025,128,evacuee,,Evacuee;411;in triage state;G;is entering the FOL
5025,130,filterLoc,out,Evacuee 422 in triage category G is not assigned a helicopter
5025,130,filterLoc,,
5025,131,evacuee,,Evacuee;422;in triage state;G;is entering the FOL
5025,133,filterLoc,out,Evacuee 409 in triage category G is not assigned a helicopter
5025,133,filterLoc,,
5025,134,evacuee,,Evacuee;409;in triage state;G;is entering the FOL
5025,136,filterLoc,out,Evacuee 408 in triage category G is not assigned a helicopter
5025,136,filterLoc,,
5025,137,evacuee,,Evacuee;408;in triage state;G;is entering the FOL
5025,193,filterLoc,out,Evacuee 427 in triage category G is not assigned a helicopter
5025,193,filterLoc,,
5025,194,evacuee,,Evacuee;427;in triage state;G;is entering the FOL
5025,383,filterLoc,out,Evacuee 415 in triage category G is not assigned a helicopter
5025,383,filterLoc,,
5025,384,evacuee,,Evacuee;415;in triage state;G;is entering the FOL
5025,842,filterLoc,out,Evacuee 394 in triage category G is not assigned a helicopter
5025,842,filterLoc,,
5025,843,evacuee,,Evacuee;394;in triage state;G;is entering the FOL
5025,959,filterLoc,out,Evacuee 402 in triage category G is not assigned a helicopter
5025,959,filterLoc,,
5025,960,evacuee,,Evacuee;402;in triage state;G;is entering the FOL
5025,1082,filterLoc,out,Evacuee 391 in triage category G is not assigned a helicopter
5025,1082,filterLoc,,
5025,1083,evacuee,,Evacuee;391;in triage state;G;is entering the FOL
5025,1085,filterLoc,out,Evacuee 388 in triage category G is not assigned a helicopter
5025,1085,filterLoc,,
5025,1086,evacuee,,Evacuee;388;in triage state;G;is entering the FOL
5025,128,evacuee,outFOL,Evacuee 411 in triage category G is not assigned a helicopter
5025,128,evacuee,,Evacuee;411;in triage state;G;is at the FOL
5025,131,evacuee,outFOL,Evacuee 422 in triage category G is not assigned a helicopter
5025,131,evacuee,,Evacuee;422;in triage state;G;is at the FOL
5025,134,evacuee,outFOL,Evacuee 409 in triage category G is not assigned a helicopter
5025,134,evacuee,,Evacuee;409;in triage state;G;is at the FOL
5025,137,evacuee,outFOL,Evacuee 408 in triage category G is not assigned a helicopter
5025,137,evacuee,,Evacuee;408;in triage state;G;is at the FOL
5025,194,evacuee,outFOL,Evacuee 427 in triage category G is not assigned a helicopter
5025,194,evacuee,,Evacuee;427;in triage state;G;is at the FOL
5025,219,FOL,,;EvacueeID;5;Triage Status;G;EvacueeID;7;Triage Status;G;EvacueeID;13;Triage Status;G;EvacueeID;16;Triage Status;G;EvacueeID;18;Triage Status;G;EvacueeID;22;Triage Status;G;EvacueeID;23;Triage Status;G;EvacueeID;24;Triage Status;G;EvacueeID;25;Triage Status;G;EvacueeID;30;Triage Status;G;EvacueeID;32;Triage Status;G;EvacueeID;34;Triage Status;G;EvacueeID;37;Triage Status;G;EvacueeID;39;Triage Status;G;EvacueeID;40;Triage Status;G;EvacueeID;43;Triage Status;G;EvacueeID;44;Triage Status;G;EvacueeID;45;Triage Status;G;EvacueeID;51;Triage Status;G;EvacueeID;57;Triage Status;G;EvacueeID;62;Triage Status;G;EvacueeID;66;Triage Status;G;EvacueeID;70;Triage Status;G;EvacueeID;73;Triage Status;G;EvacueeID;75;Triage Status;G;EvacueeID;79;Triage Status;G;EvacueeID;80;Triage Status;G;EvacueeID;89;Triage Status;G;EvacueeID;92;Triage Status;G;EvacueeID;97;Triage Status;G;EvacueeID;260;Triage Status;G;EvacueeID;261;Triage Status;G;EvacueeID;267;Triage Status;G;EvacueeID;283;Triage Status;G;EvacueeID;284;Triage Status;G;EvacueeID;285;Triage Status;G;EvacueeID;287;Triage Status;G;EvacueeID;288;Triage Status;G;EvacueeID;289;Triage Status;G;EvacueeID;296;Triage Status;G;EvacueeID;299;Triage Status;G;EvacueeID;302;Triage Status;G;EvacueeID;307;Triage Status;G;EvacueeID;316;Triage Status;G;EvacueeID;317;Triage Status;G;EvacueeID;318;Triage Status;G;EvacueeID;320;Triage Status;G;EvacueeID;323;Triage Status;G;EvacueeID;336;Triage Status;G;EvacueeID;341;Triage Status;G;EvacueeID;345;Triage Status;G;EvacueeID;346;Triage Status;G;EvacueeID;348;Triage Status;G;EvacueeID;349;Triage Status;G;EvacueeID;356;Triage Status;G;EvacueeID;376;Triage Status;G;EvacueeID;379;Triage Status;G;EvacueeID;380;Triage Status;G;EvacueeID;381;Triage Status;G;EvacueeID;382;Triage Status;G;EvacueeID;388;Triage Status;G;EvacueeID;391;Triage Status;G;EvacueeID;394;Triage Status;G;EvacueeID;402;Triage Status;G;EvacueeID;408;Triage Status;G;EvacueeID;409;Triage Status;G;EvacueeID;411;Triage Status;G;EvacueeID;415;Triage Status;G;EvacueeID;422;Triage Status;G;EvacueeID;427;Triage Status;G;Lives Saved;70
5025,384,evacuee,outFOL,Evacuee 415 in triage category G is not assigned a helicopter
5025,384,evacuee,,Evacuee;415;in triage state;G;is at the FOL
5025,843,evacuee,outFOL,Evacuee 394 in triage category G is not assigned a helicopter
5025,843,evacuee,,Evacuee;394;in triage state;G;is at the FOL
5025,960,evacuee,outFOL,Evacuee 402 in triage category G is not assigned a helicopter
5025,960,evacuee,,Evacuee;402;in triage state;G;is at the FOL
5025,1083,evacuee,outFOL,Evacuee 391 in triage category G is not assigned a helicopter
5025,1083,evacuee,,Evacuee;391;in triage state;G;is at the FOL
5025,1086,evacuee,outFOL,Evacuee 388 in triage category G is not assigned a helicopter
5025,1086,evacuee,,Evacuee;388;in triage state;G;is at the FOL
5025,219,FOL,,;EvacueeID;5;Triage Status;G;EvacueeID;7;Triage Status;G;EvacueeID;13;Triage Status;G;EvacueeID;16;Triage Status;G;EvacueeID;18;Triage Status;G;EvacueeID;22;Triage Status;G;EvacueeID;23;Triage Status;G;EvacueeID;24;Triage Status;G;EvacueeID;25;Triage Status;G;EvacueeID;30;Triage Status;G;EvacueeID;32;Triage Status;G;EvacueeID;34;Triage Status;G;EvacueeID;37;Triage Status;G;EvacueeID;39;Triage Status;G;EvacueeID;40;Triage Status;G;EvacueeID;43;Triage Status;G;EvacueeID;44;Triage Status;G;EvacueeID;45;Triage Status;G;EvacueeID;51;Triage Status;G;EvacueeID;57;Triage Status;G;EvacueeID;62;Triage Status;G;EvacueeID;66;Triage Status;G;EvacueeID;70;Triage Status;G;EvacueeID;73;Triage Status;G;EvacueeID;75;Triage Status;G;EvacueeID;79;Triage Status;G;EvacueeID;80;Triage Status;G;EvacueeID;89;Triage Status;G;EvacueeID;92;Triage Status;G;EvacueeID;97;Triage Status;G;EvacueeID;260;Triage Status;G;EvacueeID;261;Triage Status;G;EvacueeID;267;Triage Status;G;EvacueeID;283;Triage Status;G;EvacueeID;284;Triage Status;G;EvacueeID;285;Triage Status;G;EvacueeID;287;Triage Status;G;EvacueeID;288;Triage Status;G;EvacueeID;289;Triage Status;G;EvacueeID;296;Triage Status;G;EvacueeID;299;Triage Status;G;EvacueeID;302;Triage Status;G;EvacueeID;307;Triage Status;G;EvacueeID;316;Triage Status;G;EvacueeID;317;Triage Status;G;EvacueeID;318;Triage Status;G;EvacueeID;320;Triage Status;G;EvacueeID;323;Triage Status;G;EvacueeID;336;Triage Status;G;EvacueeID;341;Triage Status;G;EvacueeID;345;Triage Status;G;EvacueeID;346;Triage Status;G;EvacueeID;348;Triage Status;G;EvacueeID;349;Triage Status;G;EvacueeID;356;Triage Status;G;EvacueeID;376;Triage Status;G;EvacueeID;379;Triage Status;G;EvacueeID;380;Triage Status;G;EvacueeID;381;Triage Status;G;EvacueeID;382;Triage Status;G;EvacueeID;388;Triage Status;G;EvacueeID;391;Triage Status;G;EvacueeID;394;Triage Status;G;EvacueeID;402;Triage Status;G;EvacueeID;408;Triage Status;G;EvacueeID;409;Triage Status;G;EvacueeID;411;Triage Status;G;EvacueeID;415;Triage Status;G;EvacueeID;422;Triage Status;G;EvacueeID;427;Triage Status;G;Lives Saved;70
5040,2,coastGuardShip,out,1
5040,2,coastGuardShip,,The ship has arrived and is unloading evacuees.
5040,3,evacueeManager,,OFF SHIP: White;22;Green;7;Yellow;1;Red;0;Black;372;ON SHIP: White;0;Green;28;Yellow;0;Red;0;Evacuees to Transfer;;EvacueeID;107;HeloID;-1;OnShip;1;Triage Status;W;EvacueeID;110;HeloID;-1;OnShip;1;Triage Status;W;EvacueeID;112;HeloID;-1;OnShip;1;Triage Status;W;EvacueeID;114;HeloID;-1;OnShip;1;Triage Status;W;EvacueeID;135;HeloID;-1;OnShip;1;Triage Status;W;EvacueeID;145;HeloID;-1;OnShip;1;Triage Status;W;EvacueeID;146;HeloID;-1;OnShip;1;Triage Status;W;EvacueeID;167;HeloID;-1;OnShip;1;Triage Status;W;EvacueeID;178;HeloID;-1;OnShip;1;Triage Status;W;EvacueeID;186;HeloID;-1;OnShip;1;Triage Status;W;EvacueeID;200;HeloID;-1;OnShip;1;Triage Status;W;EvacueeID;208;HeloID;-1;OnShip;1;Triage Status;W;EvacueeID;212;HeloID;-1;OnShip;1;Triage Status;W;EvacueeID;215;HeloID;-1;OnShip;1;Triage Status;W;EvacueeID;223;HeloID;-1;OnShip;1;Triage Status;W;EvacueeID;228;HeloID;-1;OnShip;1;Triage Status;W;EvacueeID;229;HeloID;-1;OnShip;1;Triage Status;W;EvacueeID;233;HeloID;-1;OnShip;1;Triage Status;W;EvacueeID;236;HeloID;-1;OnShip;1;Triage Status;W;EvacueeID;250;HeloID;-1;OnShip;1;Triage Status;W;EvacueeID;255;HeloID;-1;OnShip;1;Triage Status;W;EvacueeID;258;HeloID;-1;OnShip;1;Triage Status;W
5040,1153,helicopter,,Helicopter;1;Is going to the evacuation site;;and has;0;spots taken
5040,3,evacueeManager,outEvac,Evacuee 107 in triage category W is told to leave the coast guard ship
5040,3,evacueeManager,outEvac,Evacuee 110 in triage category W is told to leave the coast guard ship
5040,3,evacueeManager,outEvac,Evacuee 112 in triage category W is told to leave the coast guard ship
5040,3,evacueeManager,outEvac,Evacuee 114 in triage category W is told to leave the coast guard ship
5040,3,evacueeManager,outEvac,Evacuee 135 in triage category W is told to leave the coast guard ship
5040,3,evacueeManager,outEvac,Evacuee 145 in triage category W is told to leave the coast guard ship
5040,3,evacueeManager,outEvac,Evacuee 146 in triage category W is told to leave the coast guard ship
5040,3,evacueeManager,outEvac,Evacuee 167 in triage category W is told to leave the coast guard ship
5040,3,evacueeManager,outEvac,Evacuee 178 in triage category W is told to leave the coast guard ship
5040,3,evacueeManager,outEvac,Evacuee 186 in triage category W is told to leave the coast guard ship
5040,3,evacueeManager,outEvac,Evacuee 200 in triage category W is told to leave the coast guard ship
5040,3,evacueeManager,outEvac,Evacuee 208 in triage category W is told to leave the coast guard ship
5040,3,evacueeManager,outEvac,Evacuee 212 in triage category W is told to leave the coast guard ship
5040,3,evacueeManager,outEvac,Evacuee 215 in triage category W is told to leave the coast guard ship
5040,3,evacueeManager,outEvac,Evacuee 223 in triage category W is told to leave the coast guard ship
5040,3,evacueeManager,outEvac,Evacuee 228 in triage category W is told to leave the coast guard ship
5040,3,evacueeManager,outEvac,Evacuee 229 in triage category W is told to leave the coast guard ship
5040,3,evacueeManager,outEvac,Evacuee 233 in triage category W is told to leave the coast guard ship
5040,3,evacueeManager,outEvac,Evacuee 236 in triage category W is told to leave the coast guard ship
5040,3,evacueeManager,outEvac,Evacuee 250 in triage category W is told to leave the coast guard ship
5040,3,evacueeManager,outEvac,Evacuee 255 in triage category W is told to leave the coast guard ship
5040,3,evacueeManager,outEvac,Evacuee 258 in triage category W is told to leave the coast guard ship
5040,3,evacueeManager,,OFF SHIP: White;22;Green;7;Yellow;1;Red;0;Black;372;ON SHIP: White;0;Green;28;Yellow;0;Red;0;Evacuees to Transfer;
5040,7,filterLoc,,
5040,10,filterLoc,,
5040,13,filterLoc,,
5040,16,filterLoc,,
5040,19,filterLoc,,
5040,22,filterLoc,,
5040,25,filterLoc,,
5040,28,filterLoc,,
5040,31,filterLoc,,
5040,34,filterLoc,,
5040,37,filterLoc,,
5040,40,filterLoc,,
5040,43,filterLoc,,
5040,46,filterLoc,,
5040,49,filterLoc,,
5040,52,filterLoc,,
5040,55,filterLoc,,
5040,58,filterLoc,,
5040,61,filterLoc,,
5040,64,filterLoc,,
5040,67,filterLoc,,
5040,70,filterLoc,,
5040,73,filterLoc,,
5040,76,filterLoc,,
5040,79,filterLoc,,
5040,82,filterLoc,,
5040,85,filterLoc,,
5040,88,filterLoc,,
5040,91,filterLoc,,
5040,94,filterLoc,,
5040,97,filterLoc,,
5040,100,filterLoc,,
5040,103,filterLoc,,
5040,106,filterLoc,,
5040,109,filterLoc,,
5040,112,filterLoc,,
5040,115,filterLoc,,
5040,118,filterLoc,,
5040,121,filterLoc,,
5040,124,filterLoc,,
5040,127,filterLoc,,
5040,130,filterLoc,,
5040,133,filterLoc,,
5040,136,filterLoc,,
5040,139,filterLoc,,
5040,142,filterLoc,,
5040,145,filterLoc,,
5040,148,filterLoc,,
5040,151,filterLoc,,
5040,154,filterLoc,,
5040,157,filterLoc,,
5040,160,filterLoc,,
5040,163,filterLoc,,
5040,166,filterLoc,,
5040,169,filterLoc,,
5040,172,filterLoc,,
5040,175,filterLoc,,
5040,178,filterLoc,,
5040,181,filterLoc,,
5040,184,filterLoc,,
5040,187,filterLoc,,
5040,190,filterLoc,,
5040,193,filterLoc,,
5040,196,filterLoc,,
5040,199,filterLoc,,
5040,202,filterLoc,,
5040,205,filterLoc,,
5040,208,filterLoc,,
5040,211,filterLoc,,
5040,214,filterLoc,,
5040,217,filterLoc,,
5040,221,filterLoc,,
5040,224,filterLoc,,
5040,227,filterLoc,,
5040,230,filterLoc,,
5040,233,filterLoc,,
5040,236,filterLoc,,
5040,239,filterLoc,,
5040,242,filterLoc,,
5040,245,filterLoc,,
5040,248,filterLoc,,
5040,251,filterLoc,,
5040,254,filterLoc,,
5040,257,filterLoc,,
5040,260,filterLoc,,
5040,263,filterLoc,,
5040,266,filterLoc,,
5040,269,filterLoc,,
5040,272,filterLoc,,
5040,275,filterLoc,,
5040,278,filterLoc,,
5040,281,filterLoc,,
5040,284,filterLoc,,
5040,287,filterLoc,,
5040,290,filterLoc,,
5040,293,filterLoc,,
5040,296,filterLoc,,
5040,299,filterLoc,,
5040,302,filterLoc,,
5040,305,filterLoc,,
5040,308,filterLoc,,
5040,311,filterLoc,,
5040,314,filterLoc,,
5040,317,filterLoc,,
5040,320,filterLoc,,
5040,323,filterLoc,,
5040,326,filterLoc,,
5040,329,filterLoc,,
5040,332,filterLoc,,
5040,335,filterLoc,,
5040,338,filterLoc,,
5040,341,filterLoc,,
5040,344,filterLoc,,
5040,347,filterLoc,,
5040,350,filterLoc,,
5040,353,filterLoc,,
5040,356,filterLoc,,
5040,359,filterLoc,,
5040,362,filterLoc,,
5040,365,filterLoc,,
5040,368,filterLoc,,
5040,371,filterLoc,,
5040,374,filterLoc,,
5040,377,filterLoc,,
5040,380,filterLoc,,
5040,383,filterLoc,,
5040,386,filterLoc,,
5040,389,filterLoc,,
5040,392,filterLoc,,
5040,395,filterLoc,,
5040,398,filterLoc,,
5040,401,filterLoc,,
5040,404,filterLoc,,
5040,407,filterLoc,,
5040,410,filterLoc,,
5040,413,filterLoc,,
5040,416,filterLoc,,
5040,419,filterLoc,,
5040,422,filterLoc,,
5040,425,filterLoc,,
5040,428,filterLoc,,
5040,431,filterLoc,,
5040,434,filterLoc,,
5040,437,filterLoc,,
5040,440,filterLoc,,
5040,443,filterLoc,,
5040,446,filterLoc,,
5040,449,filterLoc,,
5040,452,filterLoc,,;Evacuee;114;in triage category;W;is leaving the coast guard ship 
5040,455,filterLoc,,
5040,458,filterLoc,,
5040,461,filterLoc,,
5040,464,filterLoc,,
5040,467,filterLoc,,
5040,470,filterLoc,,
5040,473,filterLoc,,
5040,476,filterLoc,,
5040,479,filterLoc,,
5040,482,filterLoc,,
5040,485,filterLoc,,
5040,488,filterLoc,,
5040,491,filterLoc,,
5040,494,filterLoc,,
5040,497,filterLoc,,
5040,500,filterLoc,,
5040,503,filterLoc,,
5040,506,filterLoc,,
5040,509,filterLoc,,;Evacuee;215;in triage category;W;is leaving the coast guard ship 
5040,512,filterLoc,,
5040,515,filterLoc,,
5040,518,filterLoc,,;Evacuee;112;in triage category;W;is leaving the coast guard ship 
5040,521,filterLoc,,
5040,524,filterLoc,,
5040,527,filterLoc,,
5040,530,filterLoc,,
5040,533,filterLoc,,
5040,536,filterLoc,,
5040,539,filterLoc,,
5040,542,filterLoc,,
5040,545,filterLoc,,
5040,548,filterLoc,,
5040,551,filterLoc,,
5040,554,filterLoc,,
5040,557,filterLoc,,
5040,560,filterLoc,,
5040,563,filterLoc,,
5040,566,filterLoc,,
5040,569,filterLoc,,;Evacuee;228;in triage category;W;is leaving the coast guard ship 
5040,572,filterLoc,,
5040,575,filterLoc,,
5040,578,filterLoc,,
5040,581,filterLoc,,
5040,584,filterLoc,,
5040,587,filterLoc,,
5040,590,filterLoc,,
5040,593,filterLoc,,
5040,596,filterLoc,,
5040,599,filterLoc,,
5040,602,filterLoc,,
5040,605,filterLoc,,
5040,608,filterLoc,,
5040,611,filterLoc,,
5040,614,filterLoc,,
5040,617,filterLoc,,
5040,620,filterLoc,,
5040,623,filterLoc,,
5040,626,filterLoc,,
5040,629,filterLoc,,
5040,632,filterLoc,,
5040,635,filterLoc,,
5040,638,filterLoc,,
5040,641,filterLoc,,
5040,644,filterLoc,,
5040,647,filterLoc,,
5040,650,filterLoc,,
5040,653,filterLoc,,
5040,656,filterLoc,,
5040,659,filterLoc,,
5040,662,filterLoc,,
5040,665,filterLoc,,
5040,668,filterLoc,,
5040,671,filterLoc,,
5040,674,filterLoc,,
5040,677,filterLoc,,
5040,680,filterLoc,,
5040,683,filterLoc,,
5040,686,filterLoc,,
5040,689,filterLoc,,
5040,692,filterLoc,,
5040,695,filterLoc,,
5040,698,filterLoc,,
5040,701,filterLoc,,
5040,704,filterLoc,,
5040,707,filterLoc,,
5040,710,filterLoc,,;Evacuee;223;in triage category;W;is leaving the coast guard ship 
5040,713,filterLoc,,;Evacuee;135;in triage category;W;is leaving the coast guard ship 
5040,716,filterLoc,,
5040,719,filterLoc,,
5040,722,filterLoc,,
5040,725,filterLoc,,
5040,728,filterLoc,,
5040,731,filterLoc,,
5040,734,filterLoc,,
5040,737,filterLoc,,
5040,740,filterLoc,,
5040,743,filterLoc,,
5040,746,filterLoc,,
5040,749,filterLoc,,
5040,752,filterLoc,,
5040,755,filterLoc,,
5040,758,filterLoc,,
5040,761,filterLoc,,
5040,764,filterLoc,,
5040,767,filterLoc,,;Evacuee;250;in triage category;W;is leaving the coast guard ship 
5040,770,filterLoc,,;Evacuee;107;in triage category;W;is leaving the coast guard ship 
5040,773,filterLoc,,;Evacuee;229;in triage category;W;is leaving the coast guard ship 
5040,776,filterLoc,,;Evacuee;110;in triage category;W;is leaving the coast guard ship 
5040,779,filterLoc,,
5040,782,filterLoc,,
5040,785,filterLoc,,
5040,788,filterLoc,,
5040,791,filterLoc,,
5040,794,filterLoc,,
5040,797,filterLoc,,
5040,800,filterLoc,,
5040,803,filterLoc,,
5040,806,filterLoc,,
5040,809,filterLoc,,
5040,812,filterLoc,,
5040,815,filterLoc,,
5040,818,filterLoc,,
5040,821,filterLoc,,
5040,824,filterLoc,,
5040,827,filterLoc,,
5040,830,filterLoc,,
5040,833,filterLoc,,
5040,836,filterLoc,,
5040,839,filterLoc,,
5040,842,filterLoc,,
5040,845,filterLoc,,
5040,848,filterLoc,,
5040,851,filterLoc,,
5040,854,filterLoc,,
5040,857,filterLoc,,
5040,860,filterLoc,,
5040,863,filterLoc,,
5040,866,filterLoc,,
5040,869,filterLoc,,
5040,872,filterLoc,,
5040,875,filterLoc,,
5040,878,filterLoc,,
5040,881,filterLoc,,
5040,884,filterLoc,,
5040,887,filterLoc,,
5040,890,filterLoc,,
5040,893,filterLoc,,
5040,896,filterLoc,,
5040,899,filterLoc,,
5040,902,filterLoc,,
5040,905,filterLoc,,
5040,908,filterLoc,,
5040,911,filterLoc,,
5040,914,filterLoc,,
5040,917,filterLoc,,
5040,920,filterLoc,,
5040,923,filterLoc,,
5040,926,filterLoc,,
5040,929,filterLoc,,
5040,932,filterLoc,,
5040,935,filterLoc,,
5040,938,filterLoc,,
5040,941,filterLoc,,
5040,944,filterLoc,,
5040,947,filterLoc,,
5040,950,filterLoc,,
5040,953,filterLoc,,
5040,956,filterLoc,,
5040,959,filterLoc,,
5040,962,filterLoc,,
5040,965,filterLoc,,
5040,968,filterLoc,,
5040,971,filterLoc,,
5040,974,filterLoc,,
5040,977,filterLoc,,
5040,980,filterLoc,,
5040,983,filterLoc,,
5040,986,filterLoc,,
5040,989,filterLoc,,
5040,992,filterLoc,,
5040,995,filterLoc,,
5040,998,filterLoc,,
5040,1001,filterLoc,,
5040,1004,filterLoc,,
5040,1007,filterLoc,,
5040,1010,filterLoc,,
5040,1013,filterLoc,,;Evacuee;200;in triage category;W;is leaving the coast guard ship 
5040,1016,filterLoc,,;Evacuee;255;in triage category;W;is leaving the coast guard ship 
5040,1019,filterLoc,,
5040,1022,filterLoc,,
5040,1025,filterLoc,,
5040,1028,filterLoc,,
5040,1031,filterLoc,,
5040,1034,filterLoc,,
5040,1037,filterLoc,,
5040,1040,filterLoc,,
5040,1043,filterLoc,,
5040,1046,filterLoc,,
5040,1049,filterLoc,,
5040,1052,filterLoc,,
5040,1055,filterLoc,,
5040,1058,filterLoc,,
5040,1061,filterLoc,,
5040,1064,filterLoc,,
5040,1067,filterLoc,,
5040,1070,filterLoc,,
5040,1073,filterLoc,,
5040,1076,filterLoc,,
5040,1079,filterLoc,,;Evacuee;212;in triage category;W;is leaving the coast guard ship 
5040,1082,filterLoc,,
5040,1085,filterLoc,,
5040,1088,filterLoc,,
5040,1091,filterLoc,,
5040,1094,filterLoc,,
5040,1097,filterLoc,,
5040,1100,filterLoc,,
5040,1103,filterLoc,,
5040,1106,filterLoc,,
5040,1109,filterLoc,,
5040,1112,filterLoc,,
5040,1115,filterLoc,,
5040,1118,filterLoc,,
5040,1121,filterLoc,,
5040,1124,filterLoc,,
5040,1127,filterLoc,,
5040,1130,filterLoc,,
5040,1133,filterLoc,,
5040,1136,filterLoc,,;Evacuee;208;in triage category;W;is leaving the coast guard ship 
5040,1139,filterLoc,,
5040,1142,filterLoc,,
5040,1145,filterLoc,,
5040,1148,filterLoc,,
5040,1155,filterLoc,,
5040,1158,filterLoc,,
5040,1161,filterLoc,,
5040,1164,filterLoc,,
5040,1167,filterLoc,,
5040,1170,filterLoc,,
5040,1173,filterLoc,,
5040,1176,filterLoc,,
5040,1179,filterLoc,,
5040,1182,filterLoc,,
5040,1185,filterLoc,,
5040,1188,filterLoc,,
5040,1191,filterLoc,,
5040,1194,filterLoc,,
5040,1197,filterLoc,,
5040,1200,filterLoc,,
5040,1203,filterLoc,,
5040,1206,filterLoc,,
5040,1209,filterLoc,,
5040,1212,filterLoc,,
5040,1215,filterLoc,,
5040,1218,filterLoc,,
5040,1221,filterLoc,,
5040,1224,filterLoc,,
5040,1227,filterLoc,,
5040,1230,filterLoc,,
5040,1233,filterLoc,,
5040,1236,filterLoc,,
5040,1239,filterLoc,,
5040,1242,filterLoc,,
5040,1245,filterLoc,,
5040,1248,filterLoc,,
5040,1251,filterLoc,,
5040,1254,filterLoc,,
5040,1257,filterLoc,,
5040,1260,filterLoc,,
5040,1263,filterLoc,,;Evacuee;178;in triage category;W;is leaving the coast guard ship 
5040,1266,filterLoc,,
5040,1269,filterLoc,,;Evacuee;146;in triage category;W;is leaving the coast guard ship 
5040,1272,filterLoc,,;Evacuee;167;in triage category;W;is leaving the coast guard ship 
5040,1275,filterLoc,,;Evacuee;145;in triage category;W;is leaving the coast guard ship 
5040,1278,filterLoc,,
5040,1281,filterLoc,,
5040,1284,filterLoc,,
5040,1287,filterLoc,,
5040,1290,filterLoc,,
5040,1293,filterLoc,,
5040,1296,filterLoc,,
5040,1299,filterLoc,,
5040,1302,filterLoc,,
5040,1305,filterLoc,,
5040,1308,filterLoc,,
5040,1311,filterLoc,,
5040,1314,filterLoc,,
5040,1317,filterLoc,,
5040,1320,filterLoc,,
5040,1323,filterLoc,,;Evacuee;186;in triage category;W;is leaving the coast guard ship 
5040,1326,filterLoc,,
5040,1329,filterLoc,,
5040,1332,filterLoc,,
5040,1335,filterLoc,,
5040,1338,filterLoc,,
5040,1341,filterLoc,,
5040,1344,filterLoc,,
5040,1347,filterLoc,,
5040,1350,filterLoc,,
5040,1353,filterLoc,,
5040,1356,filterLoc,,
5040,1359,filterLoc,,
5040,1362,filterLoc,,
5040,1365,filterLoc,,
5040,1368,filterLoc,,
5040,1371,filterLoc,,
5040,1374,filterLoc,,
5040,1377,filterLoc,,
5040,1380,filterLoc,,
5040,1383,filterLoc,,
5040,1386,filterLoc,,
5040,1389,filterLoc,,
5040,1392,filterLoc,,
5040,1395,filterLoc,,
5040,1398,filterLoc,,
5040,1401,filterLoc,,
5040,1404,filterLoc,,
5040,1407,filterLoc,,
5040,1410,filterLoc,,
5040,1413,filterLoc,,
5040,1416,filterLoc,,
5040,1419,filterLoc,,
5040,1422,filterLoc,,
5040,1425,filterLoc,,
5040,1428,filterLoc,,
5040,1431,filterLoc,,
5040,1434,filterLoc,,
5040,1437,filterLoc,,
5040,1440,filterLoc,,
5040,1443,filterLoc,,
5040,1446,filterLoc,,
5040,1449,filterLoc,,
5040,1452,filterLoc,,
5040,1455,filterLoc,,;Evacuee;233;in triage category;W;is leaving the coast guard ship 
5040,1458,filterLoc,,;Evacuee;236;in triage category;W;is leaving the coast guard ship 
5040,1461,filterLoc,,
5040,1464,filterLoc,,
5040,1467,filterLoc,,
5040,1470,filterLoc,,
5040,1473,filterLoc,,
5040,1476,filterLoc,,
5040,1479,filterLoc,,
5040,1482,filterLoc,,
5040,1485,filterLoc,,
5040,1488,filterLoc,,
5040,1491,filterLoc,,
5040,1494,filterLoc,,
5040,1497,filterLoc,,
5040,1500,filterLoc,,
5040,1503,filterLoc,,
5040,1506,filterLoc,,
5040,1509,filterLoc,,;Evacuee;258;in triage category;W;is leaving the coast guard ship 
5040,452,filterLoc,out,Evacuee 114 in triage category W is told to leave the coast guard ship
5040,452,filterLoc,,
5040,453,evacuee,,Evacuee;114;in triage state;W;is at the evacuation site
5040,509,filterLoc,out,Evacuee 215 in triage category W is told to leave the coast guard ship
5040,509,filterLoc,,
5040,510,evacuee,,Evacuee;215;in triage state;W;is at the evacuation site
5040,518,filterLoc,out,Evacuee 112 in triage category W is told to leave the coast guard ship
5040,518,filterLoc,,
5040,519,evacuee,,Evacuee;112;in triage state;W;is at the evacuation site
5040,569,filterLoc,out,Evacuee 228 in triage category W is told to leave the coast guard ship
5040,569,filterLoc,,
5040,570,evacuee,,Evacuee;228;in triage state;W;is at the evacuation site
5040,710,filterLoc,out,Evacuee 223 in triage category W is told to leave the coast guard ship
5040,710,filterLoc,,
5040,711,evacuee,,Evacuee;223;in triage state;W;is at the evacuation site
5040,713,filterLoc,out,Evacuee 135 in triage category W is told to leave the coast guard ship
5040,713,filterLoc,,
5040,714,evacuee,,Evacuee;135;in triage state;W;is at the evacuation site
5040,767,filterLoc,out,Evacuee 250 in triage category W is told to leave the coast guard ship
5040,767,filterLoc,,
5040,768,evacuee,,Evacuee;250;in triage state;W;is at the evacuation site
5040,770,filterLoc,out,Evacuee 107 in triage category W is told to leave the coast guard ship
5040,770,filterLoc,,
5040,771,evacuee,,Evacuee;107;in triage state;W;is at the evacuation site
5040,773,filterLoc,out,Evacuee 229 in triage category W is told to leave the coast guard ship
5040,773,filterLoc,,
5040,774,evacuee,,Evacuee;229;in triage state;W;is at the evacuation site
5040,776,filterLoc,out,Evacuee 110 in triage category W is told to leave the coast guard ship
5040,776,filterLoc,,
5040,777,evacuee,,Evacuee;110;in triage state;W;is at the evacuation site
5040,1013,filterLoc,out,Evacuee 200 in triage category W is told to leave the coast guard ship
5040,1013,filterLoc,,
5040,1014,evacuee,,Evacuee;200;in triage state;W;is at the evacuation site
5040,1016,filterLoc,out,Evacuee 255 in triage category W is told to leave the coast guard ship
5040,1016,filterLoc,,
5040,1017,evacuee,,Evacuee;255;in triage state;W;is at the evacuation site
5040,1079,filterLoc,out,Evacuee 212 in triage category W is told to leave the coast guard ship
5040,1079,filterLoc,,
5040,1080,evacuee,,Evacuee;212;in triage state;W;is at the evacuation site
5040,1136,filterLoc,out,Evacuee 208 in triage category W is told to leave the coast guard ship
5040,1136,filterLoc,,
5040,1137,evacuee,,Evacuee;208;in triage state;W;is at the evacuation site
5040,1263,filterLoc,out,Evacuee 178 in triage category W is told to leave the coast guard ship
5040,1263,filterLoc,,
5040,1264,evacuee,,Evacuee;178;in triage state;W;is at the evacuation site
5040,1269,filterLoc,out,Evacuee 146 in triage category W is told to leave the coast guard ship
5040,1269,filterLoc,,
5040,1270,evacuee,,Evacuee;146;in triage state;W;is at the evacuation site
5040,1272,filterLoc,out,Evacuee 167 in triage category W is told to leave the coast guard ship
5040,1272,filterLoc,,
5040,1273,evacuee,,Evacuee;167;in triage state;W;is at the evacuation site
5040,1275,filterLoc,out,Evacuee 145 in triage category W is told to leave the coast guard ship
5040,1275,filterLoc,,
5040,1276,evacuee,,Evacuee;145;in triage state;W;is at the evacuation site
5040,1323,filterLoc,out,Evacuee 186 in triage category W is told to leave the coast guard ship
5040,1323,filterLoc,,
5040,1324,evacuee,,Evacuee;186;in triage state;W;is at the evacuation site
5040,1455,filterLoc,out,Evacuee 233 in triage category W is told to leave the coast guard ship
5040,1455,filterLoc,,
5040,1456,evacuee,,Evacuee;233;in triage state;W;is at the evacuation site
5040,1458,filterLoc,out,Evacuee 236 in triage category W is told to leave the coast guard ship
5040,1458,filterLoc,,
5040,1459,evacuee,,Evacuee;236;in triage state;W;is at the evacuation site
5040,1509,filterLoc,out,Evacuee 258 in triage category W is told to leave the coast guard ship
5040,1509,filterLoc,,
5040,1510,evacuee,,Evacuee;258;in triage state;W;is at the evacuation site
5040,453,evacuee,,Evacuee;114;in triage state;W;is at the evacuation site
5040,510,evacuee,,Evacuee;215;in triage state;W;is at the evacuation site
5040,519,evacuee,,Evacuee;112;in triage state;W;is at the evacuation site
5040,570,evacuee,,Evacuee;228;in triage state;W;is at the evacuation site
5040,711,evacuee,,Evacuee;223;in triage state;W;is at the evacuation site
5040,714,evacuee,,Evacuee;135;in triage state;W;is at the evacuation site
5040,768,evacuee,,Evacuee;250;in triage state;W;is at the evacuation site
5040,771,evacuee,,Evacuee;107;in triage state;W;is at the evacuation site
5040,774,evacuee,,Evacuee;229;in triage state;W;is at the evacuation site
5040,777,evacuee,,Evacuee;110;in triage state;W;is at the evacuation site
5040,1014,evacuee,,Evacuee;200;in triage state;W;is at the evacuation site
5040,1017,evacuee,,Evacuee;255;in triage state;W;is at the evacuation site
5040,1080,evacuee,,Evacuee;212;in triage state;W;is at the evacuation site
5040,1137,evacuee,,Evacuee;208;in triage state;W;is at the evacuation site
5040,1264,evacuee,,Evacuee;178;in triage state;W;is at the evacuation site
5040,1270,evacuee,,Evacuee;146;in triage state;W;is at the evacuation site
5040,1273,evacuee,,Evacuee;167;in triage state;W;is at the evacuation site
5040,1276,evacuee,,Evacuee;145;in triage state;W;is at the evacuation site
5040,1324,evacuee,,Evacuee;186;in triage state;W;is at the evacuation site
5040,1456,evacuee,,Evacuee;233;in triage state;W;is at the evacuation site
5040,1459,evacuee,,Evacuee;236;in triage state;W;is at the evacuation site
5040,1510,evacuee,,Evacuee;258;in triage state;W;is at the evacuation site
5051.78,3,evacueeManager,,OFF SHIP: White;21;Green;8;Yellow;1;Red;0;Black;372;ON SHIP: White;0;Green;28;Yellow;0;Red;0;Evacuees to Transfer;
5051.78,714,evacuee,outES,Evacuee 135 in triage category W is not assigned a helicopter
5051.78,714,evacuee,,Evacuee;135;in triage state;G;is at the evacuation site
5055.76,3,evacueeManager,,OFF SHIP: White;21;Green;7;Yellow;2;Red;0;Black;372;ON SHIP: White;0;Green;28;Yellow;0;Red;0;Evacuees to Transfer;
5055.76,62,evacuee,outES,Evacuee 462 in triage category G is not assigned a helicopter
5055.76,62,evacuee,,Evacuee;462;in triage state;Y;is at the evacuation site
5083.16,3,evacueeManager,,OFF SHIP: White;21;Green;7;Yellow;2;Red;0;Black;372;ON SHIP: White;1;Green;27;Yellow;0;Red;0;Evacuees to Transfer;
5083.16,1330,evacuee,outES,Evacuee 217 in triage category G is told to board the coast guard ship
5083.16,1330,evacuee,,Evacuee;217;in triage state;W;is on board the Coast Guard Ship
5100,2,coastGuardShip,out,0
5100,2,coastGuardShip,,The ship has arrived and is loading evacuees.
5100,3,evacueeManager,,OFF SHIP: White;6;Green;0;Yellow;2;Red;0;Black;372;ON SHIP: White;16;Green;34;Yellow;0;Red;0;Evacuees to Transfer;;EvacueeID;438;HeloID;-1;OnShip;1;Triage Status;G;EvacueeID;446;HeloID;-1;OnShip;1;Triage Status;G;EvacueeID;453;HeloID;-1;OnShip;1;Triage Status;G;EvacueeID;459;HeloID;-1;OnShip;1;Triage Status;G;EvacueeID;460;HeloID;-1;OnShip;1;Triage Status;G;EvacueeID;461;HeloID;-1;OnShip;1;Triage Status;G;EvacueeID;135;HeloID;-1;OnShip;1;Triage Status;G;EvacueeID;107;HeloID;-1;OnShip;1;Triage Status;W;EvacueeID;110;HeloID;-1;OnShip;1;Triage Status;W;EvacueeID;112;HeloID;-1;OnShip;1;Triage Status;W;EvacueeID;114;HeloID;-1;OnShip;1;Triage Status;W;EvacueeID;145;HeloID;-1;OnShip;1;Triage Status;W;EvacueeID;146;HeloID;-1;OnShip;1;Triage Status;W;EvacueeID;167;HeloID;-1;OnShip;1;Triage Status;W;EvacueeID;178;HeloID;-1;OnShip;1;Triage Status;W;EvacueeID;186;HeloID;-1;OnShip;1;Triage Status;W;EvacueeID;200;HeloID;-1;OnShip;1;Triage Status;W;EvacueeID;208;HeloID;-1;OnShip;1;Triage Status;W;EvacueeID;212;HeloID;-1;OnShip;1;Triage Status;W;EvacueeID;215;HeloID;-1;OnShip;1;Triage Status;W;EvacueeID;223;HeloID;-1;OnShip;1;Triage Status;W;EvacueeID;228;HeloID;-1;OnShip;1;Triage Status;W
5100,3,evacueeManager,outEvac,Evacuee 438 in triage category G is told to board the coast guard ship
5100,3,evacueeManager,outEvac,Evacuee 446 in triage category G is told to board the coast guard ship
5100,3,evacueeManager,outEvac,Evacuee 453 in triage category G is told to board the coast guard ship
5100,3,evacueeManager,outEvac,Evacuee 459 in triage category G is told to board the coast guard ship
5100,3,evacueeManager,outEvac,Evacuee 460 in triage category G is told to board the coast guard ship
5100,3,evacueeManager,outEvac,Evacuee 461 in triage category G is told to board the coast guard ship
5100,3,evacueeManager,outEvac,Evacuee 135 in triage category G is told to board the coast guard ship
5100,3,evacueeManager,outEvac,Evacuee 107 in triage category W is told to board the coast guard ship
5100,3,evacueeManager,outEvac,Evacuee 110 in triage category W is told to board the coast guard ship
5100,3,evacueeManager,outEvac,Evacuee 112 in triage category W is told to board the coast guard ship
5100,3,evacueeManager,outEvac,Evacuee 114 in triage category W is told to board the coast guard ship
5100,3,evacueeManager,outEvac,Evacuee 145 in triage category W is told to board the coast guard ship
5100,3,evacueeManager,outEvac,Evacuee 146 in triage category W is told to board the coast guard ship
5100,3,evacueeManager,outEvac,Evacuee 167 in triage category W is told to board the coast guard ship
5100,3,evacueeManager,outEvac,Evacuee 178 in triage category W is told to board the coast guard ship
5100,3,evacueeManager,outEvac,Evacuee 186 in triage category W is told to board the coast guard ship
5100,3,evacueeManager,outEvac,Evacuee 200 in triage category W is told to board the coast guard ship
5100,3,evacueeManager,outEvac,Evacuee 208 in triage category W is told to board the coast guard ship
5100,3,evacueeManager,outEvac,Evacuee 212 in triage category W is told to board the coast guard ship
5100,3,evacueeManager,outEvac,Evacuee 215 in triage category W is told to board the coast guard ship
5100,3,evacueeManager,outEvac,Evacuee 223 in triage category W is told to board the coast guard ship
5100,3,evacueeManager,outEvac,Evacuee 228 in triage category W is told to board the coast guard ship
5100,3,evacueeManager,,OFF SHIP: White;6;Green;0;Yellow;2;Red;0;Black;372;ON SHIP: White;16;Green;34;Yellow;0;Red;0;Evacuees to Transfer;
5100,7,filterLoc,,
5100,10,filterLoc,,
5100,13,filterLoc,,
5100,16,filterLoc,,
5100,19,filterLoc,,
5100,22,filterLoc,,
5100,25,filterLoc,,
5100,28,filterLoc,,
5100,31,filterLoc,,
5100,34,filterLoc,,
5100,37,filterLoc,,
5100,40,filterLoc,,
5100,43,filterLoc,,
5100,46,filterLoc,,
5100,49,filterLoc,,
5100,52,filterLoc,,
5100,55,filterLoc,,
5100,58,filterLoc,,
5100,61,filterLoc,,
5100,64,filterLoc,,;Evacuee;461;in triage category;G;is entering the coast guard ship 
5100,67,filterLoc,,;Evacuee;459;in triage category;G;is entering the coast guard ship 
5100,70,filterLoc,,
5100,73,filterLoc,,
5100,76,filterLoc,,
5100,79,filterLoc,,
5100,82,filterLoc,,
5100,85,filterLoc,,
5100,88,filterLoc,,
5100,91,filterLoc,,
5100,94,filterLoc,,
5100,97,filterLoc,,
5100,100,filterLoc,,
5100,103,filterLoc,,
5100,106,filterLoc,,
5100,109,filterLoc,,
5100,112,filterLoc,,
5100,115,filterLoc,,
5100,118,filterLoc,,
5100,121,filterLoc,,
5100,124,filterLoc,,
5100,127,filterLoc,,
5100,130,filterLoc,,
5100,133,filterLoc,,
5100,136,filterLoc,,
5100,139,filterLoc,,
5100,142,filterLoc,,
5100,145,filterLoc,,
5100,148,filterLoc,,
5100,151,filterLoc,,
5100,154,filterLoc,,
5100,157,filterLoc,,
5100,160,filterLoc,,
5100,163,filterLoc,,
5100,166,filterLoc,,
5100,169,filterLoc,,
5100,172,filterLoc,,
5100,175,filterLoc,,
5100,178,filterLoc,,
5100,181,filterLoc,,
5100,184,filterLoc,,
5100,187,filterLoc,,
5100,190,filterLoc,,
5100,193,filterLoc,,
5100,196,filterLoc,,
5100,199,filterLoc,,
5100,202,filterLoc,,
5100,205,filterLoc,,
5100,208,filterLoc,,
5100,211,filterLoc,,
5100,214,filterLoc,,
5100,217,filterLoc,,
5100,221,filterLoc,,
5100,224,filterLoc,,
5100,227,filterLoc,,
5100,230,filterLoc,,
5100,233,filterLoc,,
5100,236,filterLoc,,
5100,239,filterLoc,,
5100,242,filterLoc,,
5100,245,filterLoc,,
5100,248,filterLoc,,
5100,251,filterLoc,,
5100,254,filterLoc,,
5100,257,filterLoc,,
5100,260,filterLoc,,
5100,263,filterLoc,,
5100,266,filterLoc,,
5100,269,filterLoc,,
5100,272,filterLoc,,
5100,275,filterLoc,,
5100,278,filterLoc,,
5100,281,filterLoc,,
5100,284,filterLoc,,
5100,287,filterLoc,,
5100,290,filterLoc,,
5100,293,filterLoc,,
5100,296,filterLoc,,
5100,299,filterLoc,,
5100,302,filterLoc,,
5100,305,filterLoc,,
5100,308,filterLoc,,
5100,311,filterLoc,,
5100,314,filterLoc,,
5100,317,filterLoc,,
5100,320,filterLoc,,;Evacuee;460;in triage category;G;is entering the coast guard ship 
5100,323,filterLoc,,
5100,326,filterLoc,,;Evacuee;446;in triage category;G;is entering the coast guard ship 
5100,329,filterLoc,,
5100,332,filterLoc,,
5100,335,filterLoc,,
5100,338,filterLoc,,
5100,341,filterLoc,,
5100,344,filterLoc,,
5100,347,filterLoc,,
5100,350,filterLoc,,
5100,353,filterLoc,,
5100,356,filterLoc,,
5100,359,filterLoc,,
5100,362,filterLoc,,
5100,365,filterLoc,,
5100,368,filterLoc,,
5100,371,filterLoc,,
5100,374,filterLoc,,
5100,377,filterLoc,,
5100,380,filterLoc,,
5100,383,filterLoc,,
5100,386,filterLoc,,
5100,389,filterLoc,,
5100,392,filterLoc,,
5100,395,filterLoc,,
5100,398,filterLoc,,
5100,401,filterLoc,,
5100,404,filterLoc,,
5100,407,filterLoc,,
5100,410,filterLoc,,
5100,413,filterLoc,,
5100,416,filterLoc,,
5100,419,filterLoc,,
5100,422,filterLoc,,
5100,425,filterLoc,,
5100,428,filterLoc,,
5100,431,filterLoc,,
5100,434,filterLoc,,
5100,437,filterLoc,,
5100,440,filterLoc,,
5100,443,filterLoc,,
5100,446,filterLoc,,
5100,449,filterLoc,,
5100,452,filterLoc,,;Evacuee;114;in triage category;W;is entering the coast guard ship 
5100,455,filterLoc,,
5100,458,filterLoc,,
5100,461,filterLoc,,
5100,464,filterLoc,,
5100,467,filterLoc,,
5100,470,filterLoc,,
5100,473,filterLoc,,
5100,476,filterLoc,,
5100,479,filterLoc,,
5100,482,filterLoc,,
5100,485,filterLoc,,
5100,488,filterLoc,,
5100,491,filterLoc,,
5100,494,filterLoc,,
5100,497,filterLoc,,
5100,500,filterLoc,,
5100,503,filterLoc,,
5100,506,filterLoc,,
5100,509,filterLoc,,;Evacuee;215;in triage category;W;is entering the coast guard ship 
5100,512,filterLoc,,
5100,515,filterLoc,,
5100,518,filterLoc,,;Evacuee;112;in triage category;W;is entering the coast guard ship 
5100,521,filterLoc,,
5100,524,filterLoc,,
5100,527,filterLoc,,
5100,530,filterLoc,,
5100,533,filterLoc,,
5100,536,filterLoc,,
5100,539,filterLoc,,
5100,542,filterLoc,,
5100,545,filterLoc,,
5100,548,filterLoc,,
5100,551,filterLoc,,
5100,554,filterLoc,,
5100,557,filterLoc,,
5100,560,filterLoc,,
5100,563,filterLoc,,
5100,566,filterLoc,,
5100,569,filterLoc,,;Evacuee;228;in triage category;W;is entering the coast guard ship 
5100,572,filterLoc,,
5100,575,filterLoc,,
5100,578,filterLoc,,
5100,581,filterLoc,,
5100,584,filterLoc,,
5100,587,filterLoc,,
5100,590,filterLoc,,
5100,593,filterLoc,,
5100,596,filterLoc,,
5100,599,filterLoc,,
5100,602,filterLoc,,
5100,605,filterLoc,,
5100,608,filterLoc,,
5100,611,filterLoc,,
5100,614,filterLoc,,
5100,617,filterLoc,,
5100,620,filterLoc,,
5100,623,filterLoc,,
5100,626,filterLoc,,
5100,629,filterLoc,,
5100,632,filterLoc,,
5100,635,filterLoc,,
5100,638,filterLoc,,
5100,641,filterLoc,,
5100,644,filterLoc,,
5100,647,filterLoc,,
5100,650,filterLoc,,
5100,653,filterLoc,,
5100,656,filterLoc,,
5100,659,filterLoc,,
5100,662,filterLoc,,
5100,665,filterLoc,,
5100,668,filterLoc,,
5100,671,filterLoc,,
5100,674,filterLoc,,
5100,677,filterLoc,,
5100,680,filterLoc,,
5100,683,filterLoc,,
5100,686,filterLoc,,
5100,689,filterLoc,,
5100,692,filterLoc,,
5100,695,filterLoc,,
5100,698,filterLoc,,
5100,701,filterLoc,,
5100,704,filterLoc,,
5100,707,filterLoc,,
5100,710,filterLoc,,;Evacuee;223;in triage category;W;is entering the coast guard ship 
5100,713,filterLoc,,;Evacuee;135;in triage category;G;is entering the coast guard ship 
5100,716,filterLoc,,
5100,719,filterLoc,,
5100,722,filterLoc,,
5100,725,filterLoc,,
5100,728,filterLoc,,
5100,731,filterLoc,,
5100,734,filterLoc,,
5100,737,filterLoc,,
5100,740,filterLoc,,
5100,743,filterLoc,,
5100,746,filterLoc,,
5100,749,filterLoc,,
5100,752,filterLoc,,
5100,755,filterLoc,,
5100,758,filterLoc,,
5100,761,filterLoc,,
5100,764,filterLoc,,
5100,767,filterLoc,,
5100,770,filterLoc,,;Evacuee;107;in triage category;W;is entering the coast guard ship 
5100,773,filterLoc,,
5100,776,filterLoc,,;Evacuee;110;in triage category;W;is entering the coast guard ship 
5100,779,filterLoc,,
5100,782,filterLoc,,
5100,785,filterLoc,,
5100,788,filterLoc,,
5100,791,filterLoc,,
5100,794,filterLoc,,
5100,797,filterLoc,,
5100,800,filterLoc,,
5100,803,filterLoc,,
5100,806,filterLoc,,
5100,809,filterLoc,,
5100,812,filterLoc,,
5100,815,filterLoc,,
5100,818,filterLoc,,
5100,821,filterLoc,,
5100,824,filterLoc,,
5100,827,filterLoc,,
5100,830,filterLoc,,
5100,833,filterLoc,,;Evacuee;453;in triage category;G;is entering the coast guard ship 
5100,836,filterLoc,,
5100,839,filterLoc,,
5100,842,filterLoc,,
5100,845,filterLoc,,
5100,848,filterLoc,,
5100,851,filterLoc,,
5100,854,filterLoc,,
5100,857,filterLoc,,
5100,860,filterLoc,,
5100,863,filterLoc,,
5100,866,filterLoc,,
5100,869,filterLoc,,
5100,872,filterLoc,,
5100,875,filterLoc,,
5100,878,filterLoc,,
5100,881,filterLoc,,
5100,884,filterLoc,,
5100,887,filterLoc,,
5100,890,filterLoc,,
5100,893,filterLoc,,
5100,896,filterLoc,,
5100,899,filterLoc,,
5100,902,filterLoc,,
5100,905,filterLoc,,
5100,908,filterLoc,,
5100,911,filterLoc,,
5100,914,filterLoc,,
5100,917,filterLoc,,
5100,920,filterLoc,,
5100,923,filterLoc,,
5100,926,filterLoc,,
5100,929,filterLoc,,
5100,932,filterLoc,,
5100,935,filterLoc,,
5100,938,filterLoc,,
5100,941,filterLoc,,
5100,944,filterLoc,,
5100,947,filterLoc,,
5100,950,filterLoc,,
5100,953,filterLoc,,
5100,956,filterLoc,,
5100,959,filterLoc,,
5100,962,filterLoc,,
5100,965,filterLoc,,
5100,968,filterLoc,,
5100,971,filterLoc,,
5100,974,filterLoc,,
5100,977,filterLoc,,
5100,980,filterLoc,,
5100,983,filterLoc,,
5100,986,filterLoc,,
5100,989,filterLoc,,
5100,992,filterLoc,,
5100,995,filterLoc,,
5100,998,filterLoc,,
5100,1001,filterLoc,,
5100,1004,filterLoc,,
5100,1007,filterLoc,,
5100,1010,filterLoc,,
5100,1013,filterLoc,,;Evacuee;200;in triage category;W;is entering the coast guard ship 
5100,1016,filterLoc,,
5100,1019,filterLoc,,
5100,1022,filterLoc,,
5100,1025,filterLoc,,
5100,1028,filterLoc,,
5100,1031,filterLoc,,
5100,1034,filterLoc,,
5100,1037,filterLoc,,
5100,1040,filterLoc,,
5100,1043,filterLoc,,
5100,1046,filterLoc,,
5100,1049,filterLoc,,
5100,1052,filterLoc,,
5100,1055,filterLoc,,
5100,1058,filterLoc,,
5100,1061,filterLoc,,
5100,1064,filterLoc,,
5100,1067,filterLoc,,
5100,1070,filterLoc,,
5100,1073,filterLoc,,
5100,1076,filterLoc,,
5100,1079,filterLoc,,;Evacuee;212;in triage category;W;is entering the coast guard ship 
5100,1082,filterLoc,,
5100,1085,filterLoc,,
5100,1088,filterLoc,,
5100,1091,filterLoc,,
5100,1094,filterLoc,,
5100,1097,filterLoc,,
5100,1100,filterLoc,,
5100,1103,filterLoc,,
5100,1106,filterLoc,,
5100,1109,filterLoc,,
5100,1112,filterLoc,,
5100,1115,filterLoc,,
5100,1118,filterLoc,,
5100,1121,filterLoc,,
5100,1124,filterLoc,,
5100,1127,filterLoc,,
5100,1130,filterLoc,,
5100,1133,filterLoc,,
5100,1136,filterLoc,,;Evacuee;208;in triage category;W;is entering the coast guard ship 
5100,1139,filterLoc,,
5100,1142,filterLoc,,
5100,1145,filterLoc,,
5100,1148,filterLoc,,
5100,1155,filterLoc,,
5100,1158,filterLoc,,
5100,1161,filterLoc,,
5100,1164,filterLoc,,
5100,1167,filterLoc,,
5100,1170,filterLoc,,
5100,1173,filterLoc,,
5100,1176,filterLoc,,
5100,1179,filterLoc,,
5100,1182,filterLoc,,
5100,1185,filterLoc,,
5100,1188,filterLoc,,
5100,1191,filterLoc,,
5100,1194,filterLoc,,
5100,1197,filterLoc,,
5100,1200,filterLoc,,
5100,1203,filterLoc,,
5100,1206,filterLoc,,
5100,1209,filterLoc,,
5100,1212,filterLoc,,
5100,1215,filterLoc,,
5100,1218,filterLoc,,
5100,1221,filterLoc,,
5100,1224,filterLoc,,
5100,1227,filterLoc,,
5100,1230,filterLoc,,
5100,1233,filterLoc,,
5100,1236,filterLoc,,
5100,1239,filterLoc,,
5100,1242,filterLoc,,
5100,1245,filterLoc,,
5100,1248,filterLoc,,
5100,1251,filterLoc,,
5100,1254,filterLoc,,
5100,1257,filterLoc,,
5100,1260,filterLoc,,
5100,1263,filterLoc,,;Evacuee;178;in triage category;W;is entering the coast guard ship 
5100,1266,filterLoc,,;Evacuee;438;in triage category;G;is entering the coast guard ship 
5100,1269,filterLoc,,;Evacuee;146;in triage category;W;is entering the coast guard ship 
5100,1272,filterLoc,,;Evacuee;167;in triage category;W;is entering the coast guard ship 
5100,1275,filterLoc,,;Evacuee;145;in triage category;W;is entering the coast guard ship 
5100,1278,filterLoc,,
5100,1281,filterLoc,,
5100,1284,filterLoc,,
5100,1287,filterLoc,,
5100,1290,filterLoc,,
5100,1293,filterLoc,,
5100,1296,filterLoc,,
5100,1299,filterLoc,,
5100,1302,filterLoc,,
5100,1305,filterLoc,,
5100,1308,filterLoc,,
5100,1311,filterLoc,,
5100,1314,filterLoc,,
5100,1317,filterLoc,,
5100,1320,filterLoc,,
5100,1323,filterLoc,,;Evacuee;186;in triage category;W;is entering the coast guard ship 
5100,1326,filterLoc,,
5100,1329,filterLoc,,
5100,1332,filterLoc,,
5100,1335,filterLoc,,
5100,1338,filterLoc,,
5100,1341,filterLoc,,
5100,1344,filterLoc,,
5100,1347,filterLoc,,
5100,1350,filterLoc,,
5100,1353,filterLoc,,
5100,1356,filterLoc,,
5100,1359,filterLoc,,
5100,1362,filterLoc,,
5100,1365,filterLoc,,
5100,1368,filterLoc,,
5100,1371,filterLoc,,
5100,1374,filterLoc,,
5100,1377,filterLoc,,
5100,1380,filterLoc,,
5100,1383,filterLoc,,
5100,1386,filterLoc,,
5100,1389,filterLoc,,
5100,1392,filterLoc,,
5100,1395,filterLoc,,
5100,1398,filterLoc,,
5100,1401,filterLoc,,
5100,1404,filterLoc,,
5100,1407,filterLoc,,
5100,1410,filterLoc,,
5100,1413,filterLoc,,
5100,1416,filterLoc,,
5100,1419,filterLoc,,
5100,1422,filterLoc,,
5100,1425,filterLoc,,
5100,1428,filterLoc,,
5100,1431,filterLoc,,
5100,1434,filterLoc,,
5100,1437,filterLoc,,
5100,1440,filterLoc,,
5100,1443,filterLoc,,
5100,1446,filterLoc,,
5100,1449,filterLoc,,
5100,1452,filterLoc,,
5100,1455,filterLoc,,
5100,1458,filterLoc,,
5100,1461,filterLoc,,
5100,1464,filterLoc,,
5100,1467,filterLoc,,
5100,1470,filterLoc,,
5100,1473,filterLoc,,
5100,1476,filterLoc,,
5100,1479,filterLoc,,
5100,1482,filterLoc,,
5100,1485,filterLoc,,
5100,1488,filterLoc,,
5100,1491,filterLoc,,
5100,1494,filterLoc,,
5100,1497,filterLoc,,
5100,1500,filterLoc,,
5100,1503,filterLoc,,
5100,1506,filterLoc,,
5100,1509,filterLoc,,
5100,64,filterLoc,out,Evacuee 461 in triage category G is told to board the coast guard ship
5100,64,filterLoc,,
5100,65,evacuee,,Evacuee;461;in triage state;G;is on board the Coast Guard Ship
5100,67,filterLoc,out,Evacuee 459 in triage category G is told to board the coast guard ship
5100,67,filterLoc,,
5100,68,evacuee,,Evacuee;459;in triage state;G;is on board the Coast Guard Ship
5100,320,filterLoc,out,Evacuee 460 in triage category G is told to board the coast guard ship
5100,320,filterLoc,,
5100,321,evacuee,,Evacuee;460;in triage state;G;is on board the Coast Guard Ship
5100,326,filterLoc,out,Evacuee 446 in triage category G is told to board the coast guard ship
5100,326,filterLoc,,
5100,327,evacuee,,Evacuee;446;in triage state;G;is on board the Coast Guard Ship
5100,452,filterLoc,out,Evacuee 114 in triage category W is told to board the coast guard ship
5100,452,filterLoc,,
5100,453,evacuee,,Evacuee;114;in triage state;W;is on board the Coast Guard Ship
5100,509,filterLoc,out,Evacuee 215 in triage category W is told to board the coast guard ship
5100,509,filterLoc,,
5100,510,evacuee,,Evacuee;215;in triage state;W;is on board the Coast Guard Ship
5100,518,filterLoc,out,Evacuee 112 in triage category W is told to board the coast guard ship
5100,518,filterLoc,,
5100,519,evacuee,,Evacuee;112;in triage state;W;is on board the Coast Guard Ship
5100,569,filterLoc,out,Evacuee 228 in triage category W is told to board the coast guard ship
5100,569,filterLoc,,
5100,570,evacuee,,Evacuee;228;in triage state;W;is on board the Coast Guard Ship
5100,710,filterLoc,out,Evacuee 223 in triage category W is told to board the coast guard ship
5100,710,filterLoc,,
5100,711,evacuee,,Evacuee;223;in triage state;W;is on board the Coast Guard Ship
5100,713,filterLoc,out,Evacuee 135 in triage category G is told to board the coast guard ship
5100,713,filterLoc,,
5100,714,evacuee,,Evacuee;135;in triage state;G;is on board the Coast Guard Ship
5100,770,filterLoc,out,Evacuee 107 in triage category W is told to board the coast guard ship
5100,770,filterLoc,,
5100,771,evacuee,,Evacuee;107;in triage state;W;is on board the Coast Guard Ship
5100,776,filterLoc,out,Evacuee 110 in triage category W is told to board the coast guard ship
5100,776,filterLoc,,
5100,777,evacuee,,Evacuee;110;in triage state;W;is on board the Coast Guard Ship
5100,833,filterLoc,out,Evacuee 453 in triage category G is told to board the coast guard ship
5100,833,filterLoc,,
5100,834,evacuee,,Evacuee;453;in triage state;G;is on board the Coast Guard Ship
5100,1013,filterLoc,out,Evacuee 200 in triage category W is told to board the coast guard ship
5100,1013,filterLoc,,
5100,1014,evacuee,,Evacuee;200;in triage state;W;is on board the Coast Guard Ship
5100,1079,filterLoc,out,Evacuee 212 in triage category W is told to board the coast guard ship
5100,1079,filterLoc,,
5100,1080,evacuee,,Evacuee;212;in triage state;W;is on board the Coast Guard Ship
5100,1136,filterLoc,out,Evacuee 208 in triage category W is told to board the coast guard ship
5100,1136,filterLoc,,
5100,1137,evacuee,,Evacuee;208;in triage state;W;is on board the Coast Guard Ship
5100,1263,filterLoc,out,Evacuee 178 in triage category W is told to board the coast guard ship
5100,1263,filterLoc,,
5100,1264,evacuee,,Evacuee;178;in triage state;W;is on board the Coast Guard Ship
5100,1266,filterLoc,out,Evacuee 438 in triage category G is told to board the coast guard ship
5100,1266,filterLoc,,
5100,1267,evacuee,,Evacuee;438;in triage state;G;is on board the Coast Guard Ship
5100,1269,filterLoc,out,Evacuee 146 in triage category W is told to board the coast guard ship
5100,1269,filterLoc,,
5100,1270,evacuee,,Evacuee;146;in triage state;W;is on board the Coast Guard Ship
5100,1272,filterLoc,out,Evacuee 167 in triage category W is told to board the coast guard ship
5100,1272,filterLoc,,
5100,1273,evacuee,,Evacuee;167;in triage state;W;is on board the Coast Guard Ship
5100,1275,filterLoc,out,Evacuee 145 in triage category W is told to board the coast guard ship
5100,1275,filterLoc,,
5100,1276,evacuee,,Evacuee;145;in triage state;W;is on board the Coast Guard Ship
5100,1323,filterLoc,out,Evacuee 186 in triage category W is told to board the coast guard ship
5100,1323,filterLoc,,
5100,1324,evacuee,,Evacuee;186;in triage state;W;is on board the Coast Guard Ship
5100,65,evacuee,,Evacuee;461;in triage state;G;is on board the Coast Guard Ship
5100,68,evacuee,,Evacuee;459;in triage state;G;is on board the Coast Guard Ship
5100,321,evacuee,,Evacuee;460;in triage state;G;is on board the Coast Guard Ship
5100,327,evacuee,,Evacuee;446;in triage state;G;is on board the Coast Guard Ship
5100,453,evacuee,,Evacuee;114;in triage state;W;is on board the Coast Guard Ship
5100,510,evacuee,,Evacuee;215;in triage state;W;is on board the Coast Guard Ship
5100,519,evacuee,,Evacuee;112;in triage state;W;is on board the Coast Guard Ship
5100,570,evacuee,,Evacuee;228;in triage state;W;is on board the Coast Guard Ship
5100,711,evacuee,,Evacuee;223;in triage state;W;is on board the Coast Guard Ship
5100,714,evacuee,,Evacuee;135;in triage state;G;is on board the Coast Guard Ship
5100,771,evacuee,,Evacuee;107;in triage state;W;is on board the Coast Guard Ship
5100,777,evacuee,,Evacuee;110;in triage state;W;is on board the Coast Guard Ship
5100,834,evacuee,,Evacuee;453;in triage state;G;is on board the Coast Guard Ship
5100,1014,evacuee,,Evacuee;200;in triage state;W;is on board the Coast Guard Ship
5100,1080,evacuee,,Evacuee;212;in triage state;W;is on board the Coast Guard Ship
5100,1137,evacuee,,Evacuee;208;in triage state;W;is on board the Coast Guard Ship
5100,1264,evacuee,,Evacuee;178;in triage state;W;is on board the Coast Guard Ship
5100,1267,evacuee,,Evacuee;438;in triage state;G;is on board the Coast Guard Ship
5100,1270,evacuee,,Evacuee;146;in triage state;W;is on board the Coast Guard Ship
5100,1273,evacuee,,Evacuee;167;in triage state;W;is on board the Coast Guard Ship
5100,1276,evacuee,,Evacuee;145;in triage state;W;is on board the Coast Guard Ship
5100,1324,evacuee,,Evacuee;186;in triage state;W;is on board the Coast Guard Ship
5101.16,3,evacueeManager,,OFF SHIP: White;6;Green;0;Yellow;1;Red;1;Black;372;ON SHIP: White;16;Green;34;Yellow;0;Red;0;Evacuees to Transfer;
5101.16,122,evacuee,outES,Evacuee 419 in triage category Y is not assigned a helicopter
5101.16,122,evacuee,,Evacuee;419;in triage state;R;is at the evacuation site
5152.63,3,evacueeManager,,OFF SHIP: White;6;Green;0;Yellow;1;Red;1;Black;372;ON SHIP: White;17;Green;33;Yellow;0;Red;0;Evacuees to Transfer;
5152.63,576,evacuee,outES,Evacuee 101 in triage category G is told to board the coast guard ship
5152.63,576,evacuee,,Evacuee;101;in triage state;W;is on board the Coast Guard Ship
5162.75,3,evacueeManager,,OFF SHIP: White;6;Green;0;Yellow;1;Red;0;Black;373;ON SHIP: White;17;Green;33;Yellow;0;Red;0;Evacuees to Transfer;
5162.75,122,evacuee,outES,Evacuee 419 in triage category R is not assigned a helicopter
5162.75,122,evacuee,,Evacuee;419;in triage state;B;is at the evacuation site
5190,5,helicopterQueue,,1;Helos are waiting to land;HeloID;1
5190,1153,helicopter,outES,Helicopter 1 is evacuating people1
5190,1153,helicopter,,Helicopter;1;is waiting to land at the evacuation site;;and has;0;spots taken
5190,4,helipadManager,,;No helos are at ES
5190,5,helicopterQueue,outHM,Helicopter 1 is evacuating people1
5190,5,helicopterQueue,outHelo,Helicopter 1 is evacuating people1
5190,5,helicopterQueue,,;No helos are waiting to land
5190,1152,filterES,,Helicopter;1;is evacuating people
5190,3,evacueeManager,,OFF SHIP: White;0;Green;0;Yellow;0;Red;0;Black;373;ON SHIP: White;16;Green;33;Yellow;0;Red;0;Evacuees to Transfer;;EvacueeID;229;HeloID;1;OnShip;0;Triage Status;W;EvacueeID;233;HeloID;1;OnShip;0;Triage Status;W;EvacueeID;236;HeloID;1;OnShip;0;Triage Status;W;EvacueeID;250;HeloID;1;OnShip;0;Triage Status;W;EvacueeID;255;HeloID;1;OnShip;0;Triage Status;W;EvacueeID;258;HeloID;1;OnShip;0;Triage Status;W;EvacueeID;462;HeloID;1;OnShip;0;Triage Status;Y;EvacueeID;217;HeloID;1;OnShip;0;Triage Status;W
5190,4,helipadManager,outEM,Helicopter 1 is evacuating people1
5190,4,helipadManager,,Helo;1;is at the ES
5190,1152,filterES,out,Helicopter 1 is evacuating people1
5190,1152,filterES,,
5190,1153,helicopter,,Helicopter;1;is waiting to land at the evacuation site;;and has;0;spots taken
5190,3,evacueeManager,outEvac,Evacuee 229 in triage category W is assigned helicopter 1
5190,3,evacueeManager,outEvac,Evacuee 233 in triage category W is assigned helicopter 1
5190,3,evacueeManager,outEvac,Evacuee 236 in triage category W is assigned helicopter 1
5190,3,evacueeManager,outEvac,Evacuee 250 in triage category W is assigned helicopter 1
5190,3,evacueeManager,outEvac,Evacuee 255 in triage category W is assigned helicopter 1
5190,3,evacueeManager,outEvac,Evacuee 258 in triage category W is assigned helicopter 1
5190,3,evacueeManager,outEvac,Evacuee 462 in triage category Y is assigned helicopter 1
5190,3,evacueeManager,outEvac,Evacuee 217 in triage category W is assigned helicopter 1
5190,3,evacueeManager,,OFF SHIP: White;0;Green;0;Yellow;0;Red;0;Black;373;ON SHIP: White;16;Green;33;Yellow;0;Red;0;Evacuees to Transfer;
5190,7,filterLoc,,
5190,10,filterLoc,,
5190,13,filterLoc,,
5190,16,filterLoc,,
5190,19,filterLoc,,
5190,22,filterLoc,,
5190,25,filterLoc,,
5190,28,filterLoc,,
5190,31,filterLoc,,
5190,34,filterLoc,,
5190,37,filterLoc,,
5190,40,filterLoc,,
5190,43,filterLoc,,
5190,46,filterLoc,,
5190,49,filterLoc,,
5190,52,filterLoc,,
5190,55,filterLoc,,
5190,58,filterLoc,,
5190,61,filterLoc,,;Evacuee;462;in triage category;Y;is entering helicopter;1
5190,64,filterLoc,,
5190,67,filterLoc,,
5190,70,filterLoc,,
5190,73,filterLoc,,
5190,76,filterLoc,,
5190,79,filterLoc,,
5190,82,filterLoc,,
5190,85,filterLoc,,
5190,88,filterLoc,,
5190,91,filterLoc,,
5190,94,filterLoc,,
5190,97,filterLoc,,
5190,100,filterLoc,,
5190,103,filterLoc,,
5190,106,filterLoc,,
5190,109,filterLoc,,
5190,112,filterLoc,,
5190,115,filterLoc,,
5190,118,filterLoc,,
5190,121,filterLoc,,
5190,124,filterLoc,,
5190,127,filterLoc,,
5190,130,filterLoc,,
5190,133,filterLoc,,
5190,136,filterLoc,,
5190,139,filterLoc,,
5190,142,filterLoc,,
5190,145,filterLoc,,
5190,148,filterLoc,,
5190,151,filterLoc,,
5190,154,filterLoc,,
5190,157,filterLoc,,
5190,160,filterLoc,,
5190,163,filterLoc,,
5190,166,filterLoc,,
5190,169,filterLoc,,
5190,172,filterLoc,,
5190,175,filterLoc,,
5190,178,filterLoc,,
5190,181,filterLoc,,
5190,184,filterLoc,,
5190,187,filterLoc,,
5190,190,filterLoc,,
5190,193,filterLoc,,
5190,196,filterLoc,,
5190,199,filterLoc,,
5190,202,filterLoc,,
5190,205,filterLoc,,
5190,208,filterLoc,,
5190,211,filterLoc,,
5190,214,filterLoc,,
5190,217,filterLoc,,
5190,221,filterLoc,,
5190,224,filterLoc,,
5190,227,filterLoc,,
5190,230,filterLoc,,
5190,233,filterLoc,,
5190,236,filterLoc,,
5190,239,filterLoc,,
5190,242,filterLoc,,
5190,245,filterLoc,,
5190,248,filterLoc,,
5190,251,filterLoc,,
5190,254,filterLoc,,
5190,257,filterLoc,,
5190,260,filterLoc,,
5190,263,filterLoc,,
5190,266,filterLoc,,
5190,269,filterLoc,,
5190,272,filterLoc,,
5190,275,filterLoc,,
5190,278,filterLoc,,
5190,281,filterLoc,,
5190,284,filterLoc,,
5190,287,filterLoc,,
5190,290,filterLoc,,
5190,293,filterLoc,,
5190,296,filterLoc,,
5190,299,filterLoc,,
5190,302,filterLoc,,
5190,305,filterLoc,,
5190,308,filterLoc,,
5190,311,filterLoc,,
5190,314,filterLoc,,
5190,317,filterLoc,,
5190,320,filterLoc,,
5190,323,filterLoc,,
5190,326,filterLoc,,
5190,329,filterLoc,,
5190,332,filterLoc,,
5190,335,filterLoc,,
5190,338,filterLoc,,
5190,341,filterLoc,,
5190,344,filterLoc,,
5190,347,filterLoc,,
5190,350,filterLoc,,
5190,353,filterLoc,,
5190,356,filterLoc,,
5190,359,filterLoc,,
5190,362,filterLoc,,
5190,365,filterLoc,,
5190,368,filterLoc,,
5190,371,filterLoc,,
5190,374,filterLoc,,
5190,377,filterLoc,,
5190,380,filterLoc,,
5190,383,filterLoc,,
5190,386,filterLoc,,
5190,389,filterLoc,,
5190,392,filterLoc,,
5190,395,filterLoc,,
5190,398,filterLoc,,
5190,401,filterLoc,,
5190,404,filterLoc,,
5190,407,filterLoc,,
5190,410,filterLoc,,
5190,413,filterLoc,,
5190,416,filterLoc,,
5190,419,filterLoc,,
5190,422,filterLoc,,
5190,425,filterLoc,,
5190,428,filterLoc,,
5190,431,filterLoc,,
5190,434,filterLoc,,
5190,437,filterLoc,,
5190,440,filterLoc,,
5190,443,filterLoc,,
5190,446,filterLoc,,
5190,449,filterLoc,,
5190,452,filterLoc,,
5190,455,filterLoc,,
5190,458,filterLoc,,
5190,461,filterLoc,,
5190,464,filterLoc,,
5190,467,filterLoc,,
5190,470,filterLoc,,
5190,473,filterLoc,,
5190,476,filterLoc,,
5190,479,filterLoc,,
5190,482,filterLoc,,
5190,485,filterLoc,,
5190,488,filterLoc,,
5190,491,filterLoc,,
5190,494,filterLoc,,
5190,497,filterLoc,,
5190,500,filterLoc,,
5190,503,filterLoc,,
5190,506,filterLoc,,
5190,509,filterLoc,,
5190,512,filterLoc,,
5190,515,filterLoc,,
5190,518,filterLoc,,
5190,521,filterLoc,,
5190,524,filterLoc,,
5190,527,filterLoc,,
5190,530,filterLoc,,
5190,533,filterLoc,,
5190,536,filterLoc,,
5190,539,filterLoc,,
5190,542,filterLoc,,
5190,545,filterLoc,,
5190,548,filterLoc,,
5190,551,filterLoc,,
5190,554,filterLoc,,
5190,557,filterLoc,,
5190,560,filterLoc,,
5190,563,filterLoc,,
5190,566,filterLoc,,
5190,569,filterLoc,,
5190,572,filterLoc,,
5190,575,filterLoc,,
5190,578,filterLoc,,
5190,581,filterLoc,,
5190,584,filterLoc,,
5190,587,filterLoc,,
5190,590,filterLoc,,
5190,593,filterLoc,,
5190,596,filterLoc,,
5190,599,filterLoc,,
5190,602,filterLoc,,
5190,605,filterLoc,,
5190,608,filterLoc,,
5190,611,filterLoc,,
5190,614,filterLoc,,
5190,617,filterLoc,,
5190,620,filterLoc,,
5190,623,filterLoc,,
5190,626,filterLoc,,
5190,629,filterLoc,,
5190,632,filterLoc,,
5190,635,filterLoc,,
5190,638,filterLoc,,
5190,641,filterLoc,,
5190,644,filterLoc,,
5190,647,filterLoc,,
5190,650,filterLoc,,
5190,653,filterLoc,,
5190,656,filterLoc,,
5190,659,filterLoc,,
5190,662,filterLoc,,
5190,665,filterLoc,,
5190,668,filterLoc,,
5190,671,filterLoc,,
5190,674,filterLoc,,
5190,677,filterLoc,,
5190,680,filterLoc,,
5190,683,filterLoc,,
5190,686,filterLoc,,
5190,689,filterLoc,,
5190,692,filterLoc,,
5190,695,filterLoc,,
5190,698,filterLoc,,
5190,701,filterLoc,,
5190,704,filterLoc,,
5190,707,filterLoc,,
5190,710,filterLoc,,
5190,713,filterLoc,,
5190,716,filterLoc,,
5190,719,filterLoc,,
5190,722,filterLoc,,
5190,725,filterLoc,,
5190,728,filterLoc,,
5190,731,filterLoc,,
5190,734,filterLoc,,
5190,737,filterLoc,,
5190,740,filterLoc,,
5190,743,filterLoc,,
5190,746,filterLoc,,
5190,749,filterLoc,,
5190,752,filterLoc,,
5190,755,filterLoc,,
5190,758,filterLoc,,
5190,761,filterLoc,,
5190,764,filterLoc,,
5190,767,filterLoc,,;Evacuee;250;in triage category;W;is entering helicopter;1
5190,770,filterLoc,,
5190,773,filterLoc,,;Evacuee;229;in triage category;W;is entering helicopter;1
5190,776,filterLoc,,
5190,779,filterLoc,,
5190,782,filterLoc,,
5190,785,filterLoc,,
5190,788,filterLoc,,
5190,791,filterLoc,,
5190,794,filterLoc,,
5190,797,filterLoc,,
5190,800,filterLoc,,
5190,803,filterLoc,,
5190,806,filterLoc,,
5190,809,filterLoc,,
5190,812,filterLoc,,
5190,815,filterLoc,,
5190,818,filterLoc,,
5190,821,filterLoc,,
5190,824,filterLoc,,
5190,827,filterLoc,,
5190,830,filterLoc,,
5190,833,filterLoc,,
5190,836,filterLoc,,
5190,839,filterLoc,,
5190,842,filterLoc,,
5190,845,filterLoc,,
5190,848,filterLoc,,
5190,851,filterLoc,,
5190,854,filterLoc,,
5190,857,filterLoc,,
5190,860,filterLoc,,
5190,863,filterLoc,,
5190,866,filterLoc,,
5190,869,filterLoc,,
5190,872,filterLoc,,
5190,875,filterLoc,,
5190,878,filterLoc,,
5190,881,filterLoc,,
5190,884,filterLoc,,
5190,887,filterLoc,,
5190,890,filterLoc,,
5190,893,filterLoc,,
5190,896,filterLoc,,
5190,899,filterLoc,,
5190,902,filterLoc,,
5190,905,filterLoc,,
5190,908,filterLoc,,
5190,911,filterLoc,,
5190,914,filterLoc,,
5190,917,filterLoc,,
5190,920,filterLoc,,
5190,923,filterLoc,,
5190,926,filterLoc,,
5190,929,filterLoc,,
5190,932,filterLoc,,
5190,935,filterLoc,,
5190,938,filterLoc,,
5190,941,filterLoc,,
5190,944,filterLoc,,
5190,947,filterLoc,,
5190,950,filterLoc,,
5190,953,filterLoc,,
5190,956,filterLoc,,
5190,959,filterLoc,,
5190,962,filterLoc,,
5190,965,filterLoc,,
5190,968,filterLoc,,
5190,971,filterLoc,,
5190,974,filterLoc,,
5190,977,filterLoc,,
5190,980,filterLoc,,
5190,983,filterLoc,,
5190,986,filterLoc,,
5190,989,filterLoc,,
5190,992,filterLoc,,
5190,995,filterLoc,,
5190,998,filterLoc,,
5190,1001,filterLoc,,
5190,1004,filterLoc,,
5190,1007,filterLoc,,
5190,1010,filterLoc,,
5190,1013,filterLoc,,
5190,1016,filterLoc,,;Evacuee;255;in triage category;W;is entering helicopter;1
5190,1019,filterLoc,,
5190,1022,filterLoc,,
5190,1025,filterLoc,,
5190,1028,filterLoc,,
5190,1031,filterLoc,,
5190,1034,filterLoc,,
5190,1037,filterLoc,,
5190,1040,filterLoc,,
5190,1043,filterLoc,,
5190,1046,filterLoc,,
5190,1049,filterLoc,,
5190,1052,filterLoc,,
5190,1055,filterLoc,,
5190,1058,filterLoc,,
5190,1061,filterLoc,,
5190,1064,filterLoc,,
5190,1067,filterLoc,,
5190,1070,filterLoc,,
5190,1073,filterLoc,,
5190,1076,filterLoc,,
5190,1079,filterLoc,,
5190,1082,filterLoc,,
5190,1085,filterLoc,,
5190,1088,filterLoc,,
5190,1091,filterLoc,,
5190,1094,filterLoc,,
5190,1097,filterLoc,,
5190,1100,filterLoc,,
5190,1103,filterLoc,,
5190,1106,filterLoc,,
5190,1109,filterLoc,,
5190,1112,filterLoc,,
5190,1115,filterLoc,,
5190,1118,filterLoc,,
5190,1121,filterLoc,,
5190,1124,filterLoc,,
5190,1127,filterLoc,,
5190,1130,filterLoc,,
5190,1133,filterLoc,,
5190,1136,filterLoc,,
5190,1139,filterLoc,,
5190,1142,filterLoc,,
5190,1145,filterLoc,,
5190,1148,filterLoc,,
5190,1153,helicopter,,Helicopter;1;is loading people at the evacuation site;;and has;0;spots taken
5190,1155,filterLoc,,
5190,1158,filterLoc,,
5190,1161,filterLoc,,
5190,1164,filterLoc,,
5190,1167,filterLoc,,
5190,1170,filterLoc,,
5190,1173,filterLoc,,
5190,1176,filterLoc,,
5190,1179,filterLoc,,
5190,1182,filterLoc,,
5190,1185,filterLoc,,
5190,1188,filterLoc,,
5190,1191,filterLoc,,
5190,1194,filterLoc,,
5190,1197,filterLoc,,
5190,1200,filterLoc,,
5190,1203,filterLoc,,
5190,1206,filterLoc,,
5190,1209,filterLoc,,
5190,1212,filterLoc,,
5190,1215,filterLoc,,
5190,1218,filterLoc,,
5190,1221,filterLoc,,
5190,1224,filterLoc,,
5190,1227,filterLoc,,
5190,1230,filterLoc,,
5190,1233,filterLoc,,
5190,1236,filterLoc,,
5190,1239,filterLoc,,
5190,1242,filterLoc,,
5190,1245,filterLoc,,
5190,1248,filterLoc,,
5190,1251,filterLoc,,
5190,1254,filterLoc,,
5190,1257,filterLoc,,
5190,1260,filterLoc,,
5190,1263,filterLoc,,
5190,1266,filterLoc,,
5190,1269,filterLoc,,
5190,1272,filterLoc,,
5190,1275,filterLoc,,
5190,1278,filterLoc,,
5190,1281,filterLoc,,
5190,1284,filterLoc,,
5190,1287,filterLoc,,
5190,1290,filterLoc,,
5190,1293,filterLoc,,
5190,1296,filterLoc,,
5190,1299,filterLoc,,
5190,1302,filterLoc,,
5190,1305,filterLoc,,
5190,1308,filterLoc,,
5190,1311,filterLoc,,
5190,1314,filterLoc,,
5190,1317,filterLoc,,
5190,1320,filterLoc,,
5190,1323,filterLoc,,
5190,1326,filterLoc,,
5190,1329,filterLoc,,;Evacuee;217;in triage category;W;is entering helicopter;1
5190,1332,filterLoc,,
5190,1335,filterLoc,,
5190,1338,filterLoc,,
5190,1341,filterLoc,,
5190,1344,filterLoc,,
5190,1347,filterLoc,,
5190,1350,filterLoc,,
5190,1353,filterLoc,,
5190,1356,filterLoc,,
5190,1359,filterLoc,,
5190,1362,filterLoc,,
5190,1365,filterLoc,,
5190,1368,filterLoc,,
5190,1371,filterLoc,,
5190,1374,filterLoc,,
5190,1377,filterLoc,,
5190,1380,filterLoc,,
5190,1383,filterLoc,,
5190,1386,filterLoc,,
5190,1389,filterLoc,,
5190,1392,filterLoc,,
5190,1395,filterLoc,,
5190,1398,filterLoc,,
5190,1401,filterLoc,,
5190,1404,filterLoc,,
5190,1407,filterLoc,,
5190,1410,filterLoc,,
5190,1413,filterLoc,,
5190,1416,filterLoc,,
5190,1419,filterLoc,,
5190,1422,filterLoc,,
5190,1425,filterLoc,,
5190,1428,filterLoc,,
5190,1431,filterLoc,,
5190,1434,filterLoc,,
5190,1437,filterLoc,,
5190,1440,filterLoc,,
5190,1443,filterLoc,,
5190,1446,filterLoc,,
5190,1449,filterLoc,,
5190,1452,filterLoc,,
5190,1455,filterLoc,,;Evacuee;233;in triage category;W;is entering helicopter;1
5190,1458,filterLoc,,;Evacuee;236;in triage category;W;is entering helicopter;1
5190,1461,filterLoc,,
5190,1464,filterLoc,,
5190,1467,filterLoc,,
5190,1470,filterLoc,,
5190,1473,filterLoc,,
5190,1476,filterLoc,,
5190,1479,filterLoc,,
5190,1482,filterLoc,,
5190,1485,filterLoc,,
5190,1488,filterLoc,,
5190,1491,filterLoc,,
5190,1494,filterLoc,,
5190,1497,filterLoc,,
5190,1500,filterLoc,,
5190,1503,filterLoc,,
5190,1506,filterLoc,,
5190,1509,filterLoc,,;Evacuee;258;in triage category;W;is entering helicopter;1
5190,61,filterLoc,out,Evacuee 462 in triage category Y is assigned helicopter 1
5190,61,filterLoc,,
5190,62,evacuee,,Evacuee;462;in triage state;Y;is entering helicopter;1
5190,767,filterLoc,out,Evacuee 250 in triage category W is assigned helicopter 1
5190,767,filterLoc,,
5190,768,evacuee,,Evacuee;250;in triage state;W;is entering helicopter;1
5190,773,filterLoc,out,Evacuee 229 in triage category W is assigned helicopter 1
5190,773,filterLoc,,
5190,774,evacuee,,Evacuee;229;in triage state;W;is entering helicopter;1
5190,1016,filterLoc,out,Evacuee 255 in triage category W is assigned helicopter 1
5190,1016,filterLoc,,
5190,1017,evacuee,,Evacuee;255;in triage state;W;is entering helicopter;1
5190,1329,filterLoc,out,Evacuee 217 in triage category W is assigned helicopter 1
5190,1329,filterLoc,,
5190,1330,evacuee,,Evacuee;217;in triage state;W;is entering helicopter;1
5190,1455,filterLoc,out,Evacuee 233 in triage category W is assigned helicopter 1
5190,1455,filterLoc,,
5190,1456,evacuee,,Evacuee;233;in triage state;W;is entering helicopter;1
5190,1458,filterLoc,out,Evacuee 236 in triage category W is assigned helicopter 1
5190,1458,filterLoc,,
5190,1459,evacuee,,Evacuee;236;in triage state;W;is entering helicopter;1
5190,1509,filterLoc,out,Evacuee 258 in triage category W is assigned helicopter 1
5190,1509,filterLoc,,
5190,1510,evacuee,,Evacuee;258;in triage state;W;is entering helicopter;1
5190,62,evacuee,outHelo,Evacuee 462 in triage category Y is assigned helicopter 1
5190,62,evacuee,,Evacuee;462;in triage state;Y;is in helicopter;1
5190,768,evacuee,outHelo,Evacuee 250 in triage category W is assigned helicopter 1
5190,768,evacuee,,Evacuee;250;in triage state;W;is in helicopter;1
5190,774,evacuee,outHelo,Evacuee 229 in triage category W is assigned helicopter 1
5190,774,evacuee,,Evacuee;229;in triage state;W;is in helicopter;1
5190,1017,evacuee,outHelo,Evacuee 255 in triage category W is assigned helicopter 1
5190,1017,evacuee,,Evacuee;255;in triage state;W;is in helicopter;1
5190,1151,filterEvac,,;Evacuee;217;in triage category;W;is entering helicopter;1;Evacuee;229;in triage category;W;is entering helicopter;1;Evacuee;233;in triage category;W;is entering helicopter;1;Evacuee;236;in triage category;W;is entering helicopter;1;Evacuee;250;in triage category;W;is entering helicopter;1;Evacuee;255;in triage category;W;is entering helicopter;1;Evacuee;258;in triage category;W;is entering helicopter;1;Evacuee;462;in triage category;Y;is entering helicopter;1
5190,1330,evacuee,outHelo,Evacuee 217 in triage category W is assigned helicopter 1
5190,1330,evacuee,,Evacuee;217;in triage state;W;is in helicopter;1
5190,1456,evacuee,outHelo,Evacuee 233 in triage category W is assigned helicopter 1
5190,1456,evacuee,,Evacuee;233;in triage state;W;is in helicopter;1
5190,1459,evacuee,outHelo,Evacuee 236 in triage category W is assigned helicopter 1
5190,1459,evacuee,,Evacuee;236;in triage state;W;is in helicopter;1
5190,1510,evacuee,outHelo,Evacuee 258 in triage category W is assigned helicopter 1
5190,1510,evacuee,,Evacuee;258;in triage state;W;is in helicopter;1
5190,1151,filterEvac,out,Evacuee 217 in triage category W is assigned helicopter 1
5190,1151,filterEvac,out,Evacuee 229 in triage category W is assigned helicopter 1
5190,1151,filterEvac,out,Evacuee 233 in triage category W is assigned helicopter 1
5190,1151,filterEvac,out,Evacuee 236 in triage category W is assigned helicopter 1
5190,1151,filterEvac,out,Evacuee 250 in triage category W is assigned helicopter 1
5190,1151,filterEvac,out,Evacuee 255 in triage category W is assigned helicopter 1
5190,1151,filterEvac,out,Evacuee 258 in triage category W is assigned helicopter 1
5190,1151,filterEvac,out,Evacuee 462 in triage category Y is assigned helicopter 1
5190,1151,filterEvac,,
5190,1153,helicopter,,Helicopter;1;is loading people at the evacuation site;;and has;10;spots taken
5205,4,helipadManager,outHelo,Helicopter 1 is evacuating people1
5205,4,helipadManager,,;No helos are at ES
5205,1152,filterES,,Helicopter;1;is evacuating people
5205,4,helipadManager,outHQ,0
5205,4,helipadManager,,;No helos are at ES
5205,5,helicopterQueue,,;No helos are waiting to land
5205,1152,filterES,out,Helicopter 1 is evacuating people1
5205,1152,filterES,,
5205,1153,helicopter,,Helicopter;1;is loading people at the evacuation site;;and has;10;spots taken
5205,5,helicopterQueue,,;No helos are waiting to land
5205,1153,helicopter,,Helicopter;1;is returning to the FOL;;and has;10;spots taken
5245.05,3,evacueeManager,,OFF SHIP: White;0;Green;0;Yellow;0;Red;0;Black;373;ON SHIP: White;17;Green;32;Yellow;0;Red;0;Evacuees to Transfer;
5245.05,1143,evacuee,outES,Evacuee 231 in triage category G is told to board the coast guard ship
5245.05,1143,evacuee,,Evacuee;231;in triage state;W;is on board the Coast Guard Ship
5311.88,3,evacueeManager,,OFF SHIP: White;0;Green;0;Yellow;0;Red;0;Black;373;ON SHIP: White;18;Green;31;Yellow;0;Red;0;Evacuees to Transfer;
5311.88,834,evacuee,outES,Evacuee 453 in triage category G is told to board the coast guard ship
5311.88,834,evacuee,,Evacuee;453;in triage state;W;is on board the Coast Guard Ship
5355,7,filterLoc,,
5355,10,filterLoc,,
5355,13,filterLoc,,
5355,16,filterLoc,,
5355,19,filterLoc,,
5355,22,filterLoc,,
5355,25,filterLoc,,
5355,28,filterLoc,,
5355,31,filterLoc,,
5355,34,filterLoc,,
5355,37,filterLoc,,
5355,40,filterLoc,,
5355,43,filterLoc,,
5355,46,filterLoc,,
5355,49,filterLoc,,
5355,52,filterLoc,,
5355,55,filterLoc,,
5355,58,filterLoc,,
5355,61,filterLoc,,;Evacuee;462;in triage category;Y;is leaving helicopter;1
5355,64,filterLoc,,
5355,67,filterLoc,,
5355,70,filterLoc,,
5355,73,filterLoc,,
5355,76,filterLoc,,
5355,79,filterLoc,,
5355,82,filterLoc,,
5355,85,filterLoc,,
5355,88,filterLoc,,
5355,91,filterLoc,,
5355,94,filterLoc,,
5355,97,filterLoc,,
5355,100,filterLoc,,
5355,103,filterLoc,,
5355,106,filterLoc,,
5355,109,filterLoc,,
5355,112,filterLoc,,
5355,115,filterLoc,,
5355,118,filterLoc,,
5355,121,filterLoc,,
5355,124,filterLoc,,
5355,127,filterLoc,,
5355,130,filterLoc,,
5355,133,filterLoc,,
5355,136,filterLoc,,
5355,139,filterLoc,,
5355,142,filterLoc,,
5355,145,filterLoc,,
5355,148,filterLoc,,
5355,151,filterLoc,,
5355,154,filterLoc,,
5355,157,filterLoc,,
5355,160,filterLoc,,
5355,163,filterLoc,,
5355,166,filterLoc,,
5355,169,filterLoc,,
5355,172,filterLoc,,
5355,175,filterLoc,,
5355,178,filterLoc,,
5355,181,filterLoc,,
5355,184,filterLoc,,
5355,187,filterLoc,,
5355,190,filterLoc,,
5355,193,filterLoc,,
5355,196,filterLoc,,
5355,199,filterLoc,,
5355,202,filterLoc,,
5355,205,filterLoc,,
5355,208,filterLoc,,
5355,211,filterLoc,,
5355,214,filterLoc,,
5355,217,filterLoc,,
5355,221,filterLoc,,
5355,224,filterLoc,,
5355,227,filterLoc,,
5355,230,filterLoc,,
5355,233,filterLoc,,
5355,236,filterLoc,,
5355,239,filterLoc,,
5355,242,filterLoc,,
5355,245,filterLoc,,
5355,248,filterLoc,,
5355,251,filterLoc,,
5355,254,filterLoc,,
5355,257,filterLoc,,
5355,260,filterLoc,,
5355,263,filterLoc,,
5355,266,filterLoc,,
5355,269,filterLoc,,
5355,272,filterLoc,,
5355,275,filterLoc,,
5355,278,filterLoc,,
5355,281,filterLoc,,
5355,284,filterLoc,,
5355,287,filterLoc,,
5355,290,filterLoc,,
5355,293,filterLoc,,
5355,296,filterLoc,,
5355,299,filterLoc,,
5355,302,filterLoc,,
5355,305,filterLoc,,
5355,308,filterLoc,,
5355,311,filterLoc,,
5355,314,filterLoc,,
5355,317,filterLoc,,
5355,320,filterLoc,,
5355,323,filterLoc,,
5355,326,filterLoc,,
5355,329,filterLoc,,
5355,332,filterLoc,,
5355,335,filterLoc,,
5355,338,filterLoc,,
5355,341,filterLoc,,
5355,344,filterLoc,,
5355,347,filterLoc,,
5355,350,filterLoc,,
5355,353,filterLoc,,
5355,356,filterLoc,,
5355,359,filterLoc,,
5355,362,filterLoc,,
5355,365,filterLoc,,
5355,368,filterLoc,,
5355,371,filterLoc,,
5355,374,filterLoc,,
5355,377,filterLoc,,
5355,380,filterLoc,,
5355,383,filterLoc,,
5355,386,filterLoc,,
5355,389,filterLoc,,
5355,392,filterLoc,,
5355,395,filterLoc,,
5355,398,filterLoc,,
5355,401,filterLoc,,
5355,404,filterLoc,,
5355,407,filterLoc,,
5355,410,filterLoc,,
5355,413,filterLoc,,
5355,416,filterLoc,,
5355,419,filterLoc,,
5355,422,filterLoc,,
5355,425,filterLoc,,
5355,428,filterLoc,,
5355,431,filterLoc,,
5355,434,filterLoc,,
5355,437,filterLoc,,
5355,440,filterLoc,,
5355,443,filterLoc,,
5355,446,filterLoc,,
5355,449,filterLoc,,
5355,452,filterLoc,,
5355,455,filterLoc,,
5355,458,filterLoc,,
5355,461,filterLoc,,
5355,464,filterLoc,,
5355,467,filterLoc,,
5355,470,filterLoc,,
5355,473,filterLoc,,
5355,476,filterLoc,,
5355,479,filterLoc,,
5355,482,filterLoc,,
5355,485,filterLoc,,
5355,488,filterLoc,,
5355,491,filterLoc,,
5355,494,filterLoc,,
5355,497,filterLoc,,
5355,500,filterLoc,,
5355,503,filterLoc,,
5355,506,filterLoc,,
5355,509,filterLoc,,
5355,512,filterLoc,,
5355,515,filterLoc,,
5355,518,filterLoc,,
5355,521,filterLoc,,
5355,524,filterLoc,,
5355,527,filterLoc,,
5355,530,filterLoc,,
5355,533,filterLoc,,
5355,536,filterLoc,,
5355,539,filterLoc,,
5355,542,filterLoc,,
5355,545,filterLoc,,
5355,548,filterLoc,,
5355,551,filterLoc,,
5355,554,filterLoc,,
5355,557,filterLoc,,
5355,560,filterLoc,,
5355,563,filterLoc,,
5355,566,filterLoc,,
5355,569,filterLoc,,
5355,572,filterLoc,,
5355,575,filterLoc,,
5355,578,filterLoc,,
5355,581,filterLoc,,
5355,584,filterLoc,,
5355,587,filterLoc,,
5355,590,filterLoc,,
5355,593,filterLoc,,
5355,596,filterLoc,,
5355,599,filterLoc,,
5355,602,filterLoc,,
5355,605,filterLoc,,
5355,608,filterLoc,,
5355,611,filterLoc,,
5355,614,filterLoc,,
5355,617,filterLoc,,
5355,620,filterLoc,,
5355,623,filterLoc,,
5355,626,filterLoc,,
5355,629,filterLoc,,
5355,632,filterLoc,,
5355,635,filterLoc,,
5355,638,filterLoc,,
5355,641,filterLoc,,
5355,644,filterLoc,,
5355,647,filterLoc,,
5355,650,filterLoc,,
5355,653,filterLoc,,
5355,656,filterLoc,,
5355,659,filterLoc,,
5355,662,filterLoc,,
5355,665,filterLoc,,
5355,668,filterLoc,,
5355,671,filterLoc,,
5355,674,filterLoc,,
5355,677,filterLoc,,
5355,680,filterLoc,,
5355,683,filterLoc,,
5355,686,filterLoc,,
5355,689,filterLoc,,
5355,692,filterLoc,,
5355,695,filterLoc,,
5355,698,filterLoc,,
5355,701,filterLoc,,
5355,704,filterLoc,,
5355,707,filterLoc,,
5355,710,filterLoc,,
5355,713,filterLoc,,
5355,716,filterLoc,,
5355,719,filterLoc,,
5355,722,filterLoc,,
5355,725,filterLoc,,
5355,728,filterLoc,,
5355,731,filterLoc,,
5355,734,filterLoc,,
5355,737,filterLoc,,
5355,740,filterLoc,,
5355,743,filterLoc,,
5355,746,filterLoc,,
5355,749,filterLoc,,
5355,752,filterLoc,,
5355,755,filterLoc,,
5355,758,filterLoc,,
5355,761,filterLoc,,
5355,764,filterLoc,,
5355,767,filterLoc,,;Evacuee;250;in triage category;W;is leaving helicopter;1
5355,770,filterLoc,,
5355,773,filterLoc,,;Evacuee;229;in triage category;W;is leaving helicopter;1
5355,776,filterLoc,,
5355,779,filterLoc,,
5355,782,filterLoc,,
5355,785,filterLoc,,
5355,788,filterLoc,,
5355,791,filterLoc,,
5355,794,filterLoc,,
5355,797,filterLoc,,
5355,800,filterLoc,,
5355,803,filterLoc,,
5355,806,filterLoc,,
5355,809,filterLoc,,
5355,812,filterLoc,,
5355,815,filterLoc,,
5355,818,filterLoc,,
5355,821,filterLoc,,
5355,824,filterLoc,,
5355,827,filterLoc,,
5355,830,filterLoc,,
5355,833,filterLoc,,
5355,836,filterLoc,,
5355,839,filterLoc,,
5355,842,filterLoc,,
5355,845,filterLoc,,
5355,848,filterLoc,,
5355,851,filterLoc,,
5355,854,filterLoc,,
5355,857,filterLoc,,
5355,860,filterLoc,,
5355,863,filterLoc,,
5355,866,filterLoc,,
5355,869,filterLoc,,
5355,872,filterLoc,,
5355,875,filterLoc,,
5355,878,filterLoc,,
5355,881,filterLoc,,
5355,884,filterLoc,,
5355,887,filterLoc,,
5355,890,filterLoc,,
5355,893,filterLoc,,
5355,896,filterLoc,,
5355,899,filterLoc,,
5355,902,filterLoc,,
5355,905,filterLoc,,
5355,908,filterLoc,,
5355,911,filterLoc,,
5355,914,filterLoc,,
5355,917,filterLoc,,
5355,920,filterLoc,,
5355,923,filterLoc,,
5355,926,filterLoc,,
5355,929,filterLoc,,
5355,932,filterLoc,,
5355,935,filterLoc,,
5355,938,filterLoc,,
5355,941,filterLoc,,
5355,944,filterLoc,,
5355,947,filterLoc,,
5355,950,filterLoc,,
5355,953,filterLoc,,
5355,956,filterLoc,,
5355,959,filterLoc,,
5355,962,filterLoc,,
5355,965,filterLoc,,
5355,968,filterLoc,,
5355,971,filterLoc,,
5355,974,filterLoc,,
5355,977,filterLoc,,
5355,980,filterLoc,,
5355,983,filterLoc,,
5355,986,filterLoc,,
5355,989,filterLoc,,
5355,992,filterLoc,,
5355,995,filterLoc,,
5355,998,filterLoc,,
5355,1001,filterLoc,,
5355,1004,filterLoc,,
5355,1007,filterLoc,,
5355,1010,filterLoc,,
5355,1013,filterLoc,,
5355,1016,filterLoc,,;Evacuee;255;in triage category;W;is leaving helicopter;1
5355,1019,filterLoc,,
5355,1022,filterLoc,,
5355,1025,filterLoc,,
5355,1028,filterLoc,,
5355,1031,filterLoc,,
5355,1034,filterLoc,,
5355,1037,filterLoc,,
5355,1040,filterLoc,,
5355,1043,filterLoc,,
5355,1046,filterLoc,,
5355,1049,filterLoc,,
5355,1052,filterLoc,,
5355,1055,filterLoc,,
5355,1058,filterLoc,,
5355,1061,filterLoc,,
5355,1064,filterLoc,,
5355,1067,filterLoc,,
5355,1070,filterLoc,,
5355,1073,filterLoc,,
5355,1076,filterLoc,,
5355,1079,filterLoc,,
5355,1082,filterLoc,,
5355,1085,filterLoc,,
5355,1088,filterLoc,,
5355,1091,filterLoc,,
5355,1094,filterLoc,,
5355,1097,filterLoc,,
5355,1100,filterLoc,,
5355,1103,filterLoc,,
5355,1106,filterLoc,,
5355,1109,filterLoc,,
5355,1112,filterLoc,,
5355,1115,filterLoc,,
5355,1118,filterLoc,,
5355,1121,filterLoc,,
5355,1124,filterLoc,,
5355,1127,filterLoc,,
5355,1130,filterLoc,,
5355,1133,filterLoc,,
5355,1136,filterLoc,,
5355,1139,filterLoc,,
5355,1142,filterLoc,,
5355,1145,filterLoc,,
5355,1148,filterLoc,,
5355,1153,helicopter,outEvac,Evacuee 217 in triage category W is not assigned a helicopter
5355,1153,helicopter,outEvac,Evacuee 229 in triage category W is not assigned a helicopter
5355,1153,helicopter,outEvac,Evacuee 233 in triage category W is not assigned a helicopter
5355,1153,helicopter,outEvac,Evacuee 236 in triage category W is not assigned a helicopter
5355,1153,helicopter,outEvac,Evacuee 250 in triage category W is not assigned a helicopter
5355,1153,helicopter,outEvac,Evacuee 255 in triage category W is not assigned a helicopter
5355,1153,helicopter,outEvac,Evacuee 258 in triage category W is not assigned a helicopter
5355,1153,helicopter,outEvac,Evacuee 462 in triage category Y is not assigned a helicopter
5355,1153,helicopter,,Helicopter;1;is unloading people at the FOL;;and has;0;spots taken
5355,1155,filterLoc,,
5355,1158,filterLoc,,
5355,1161,filterLoc,,
5355,1164,filterLoc,,
5355,1167,filterLoc,,
5355,1170,filterLoc,,
5355,1173,filterLoc,,
5355,1176,filterLoc,,
5355,1179,filterLoc,,
5355,1182,filterLoc,,
5355,1185,filterLoc,,
5355,1188,filterLoc,,
5355,1191,filterLoc,,
5355,1194,filterLoc,,
5355,1197,filterLoc,,
5355,1200,filterLoc,,
5355,1203,filterLoc,,
5355,1206,filterLoc,,
5355,1209,filterLoc,,
5355,1212,filterLoc,,
5355,1215,filterLoc,,
5355,1218,filterLoc,,
5355,1221,filterLoc,,
5355,1224,filterLoc,,
5355,1227,filterLoc,,
5355,1230,filterLoc,,
5355,1233,filterLoc,,
5355,1236,filterLoc,,
5355,1239,filterLoc,,
5355,1242,filterLoc,,
5355,1245,filterLoc,,
5355,1248,filterLoc,,
5355,1251,filterLoc,,
5355,1254,filterLoc,,
5355,1257,filterLoc,,
5355,1260,filterLoc,,
5355,1263,filterLoc,,
5355,1266,filterLoc,,
5355,1269,filterLoc,,
5355,1272,filterLoc,,
5355,1275,filterLoc,,
5355,1278,filterLoc,,
5355,1281,filterLoc,,
5355,1284,filterLoc,,
5355,1287,filterLoc,,
5355,1290,filterLoc,,
5355,1293,filterLoc,,
5355,1296,filterLoc,,
5355,1299,filterLoc,,
5355,1302,filterLoc,,
5355,1305,filterLoc,,
5355,1308,filterLoc,,
5355,1311,filterLoc,,
5355,1314,filterLoc,,
5355,1317,filterLoc,,
5355,1320,filterLoc,,
5355,1323,filterLoc,,
5355,1326,filterLoc,,
5355,1329,filterLoc,,;Evacuee;217;in triage category;W;is leaving helicopter;1
5355,1332,filterLoc,,
5355,1335,filterLoc,,
5355,1338,filterLoc,,
5355,1341,filterLoc,,
5355,1344,filterLoc,,
5355,1347,filterLoc,,
5355,1350,filterLoc,,
5355,1353,filterLoc,,
5355,1356,filterLoc,,
5355,1359,filterLoc,,
5355,1362,filterLoc,,
5355,1365,filterLoc,,
5355,1368,filterLoc,,
5355,1371,filterLoc,,
5355,1374,filterLoc,,
5355,1377,filterLoc,,
5355,1380,filterLoc,,
5355,1383,filterLoc,,
5355,1386,filterLoc,,
5355,1389,filterLoc,,
5355,1392,filterLoc,,
5355,1395,filterLoc,,
5355,1398,filterLoc,,
5355,1401,filterLoc,,
5355,1404,filterLoc,,
5355,1407,filterLoc,,
5355,1410,filterLoc,,
5355,1413,filterLoc,,
5355,1416,filterLoc,,
5355,1419,filterLoc,,
5355,1422,filterLoc,,
5355,1425,filterLoc,,
5355,1428,filterLoc,,
5355,1431,filterLoc,,
5355,1434,filterLoc,,
5355,1437,filterLoc,,
5355,1440,filterLoc,,
5355,1443,filterLoc,,
5355,1446,filterLoc,,
5355,1449,filterLoc,,
5355,1452,filterLoc,,
5355,1455,filterLoc,,;Evacuee;233;in triage category;W;is leaving helicopter;1
5355,1458,filterLoc,,;Evacuee;236;in triage category;W;is leaving helicopter;1
5355,1461,filterLoc,,
5355,1464,filterLoc,,
5355,1467,filterLoc,,
5355,1470,filterLoc,,
5355,1473,filterLoc,,
5355,1476,filterLoc,,
5355,1479,filterLoc,,
5355,1482,filterLoc,,
5355,1485,filterLoc,,
5355,1488,filterLoc,,
5355,1491,filterLoc,,
5355,1494,filterLoc,,
5355,1497,filterLoc,,
5355,1500,filterLoc,,
5355,1503,filterLoc,,
5355,1506,filterLoc,,
5355,1509,filterLoc,,;Evacuee;258;in triage category;W;is leaving helicopter;1
5355,61,filterLoc,out,Evacuee 462 in triage category Y is not assigned a helicopter
5355,61,filterLoc,,
5355,62,evacuee,,Evacuee;462;in triage state;Y;is entering the FOL
5355,767,filterLoc,out,Evacuee 250 in triage category W is not assigned a helicopter
5355,767,filterLoc,,
5355,768,evacuee,,Evacuee;250;in triage state;W;is entering the FOL
5355,773,filterLoc,out,Evacuee 229 in triage category W is not assigned a helicopter
5355,773,filterLoc,,
5355,774,evacuee,,Evacuee;229;in triage state;W;is entering the FOL
5355,1016,filterLoc,out,Evacuee 255 in triage category W is not assigned a helicopter
5355,1016,filterLoc,,
5355,1017,evacuee,,Evacuee;255;in triage state;W;is entering the FOL
5355,1329,filterLoc,out,Evacuee 217 in triage category W is not assigned a helicopter
5355,1329,filterLoc,,
5355,1330,evacuee,,Evacuee;217;in triage state;W;is entering the FOL
5355,1455,filterLoc,out,Evacuee 233 in triage category W is not assigned a helicopter
5355,1455,filterLoc,,
5355,1456,evacuee,,Evacuee;233;in triage state;W;is entering the FOL
5355,1458,filterLoc,out,Evacuee 236 in triage category W is not assigned a helicopter
5355,1458,filterLoc,,
5355,1459,evacuee,,Evacuee;236;in triage state;W;is entering the FOL
5355,1509,filterLoc,out,Evacuee 258 in triage category W is not assigned a helicopter
5355,1509,filterLoc,,
5355,1510,evacuee,,Evacuee;258;in triage state;W;is entering the FOL
5355,62,evacuee,outFOL,Evacuee 462 in triage category Y is not assigned a helicopter
5355,62,evacuee,,Evacuee;462;in triage state;Y;is at the FOL
5355,219,FOL,,;EvacueeID;5;Triage Status;G;EvacueeID;7;Triage Status;G;EvacueeID;13;Triage Status;G;EvacueeID;16;Triage Status;G;EvacueeID;18;Triage Status;G;EvacueeID;22;Triage Status;G;EvacueeID;23;Triage Status;G;EvacueeID;24;Triage Status;G;EvacueeID;25;Triage Status;G;EvacueeID;30;Triage Status;G;EvacueeID;32;Triage Status;G;EvacueeID;34;Triage Status;G;EvacueeID;37;Triage Status;G;EvacueeID;39;Triage Status;G;EvacueeID;40;Triage Status;G;EvacueeID;43;Triage Status;G;EvacueeID;44;Triage Status;G;EvacueeID;45;Triage Status;G;EvacueeID;51;Triage Status;G;EvacueeID;57;Triage Status;G;EvacueeID;62;Triage Status;G;EvacueeID;66;Triage Status;G;EvacueeID;70;Triage Status;G;EvacueeID;73;Triage Status;G;EvacueeID;75;Triage Status;G;EvacueeID;79;Triage Status;G;EvacueeID;80;Triage Status;G;EvacueeID;89;Triage Status;G;EvacueeID;92;Triage Status;G;EvacueeID;97;Triage Status;G;EvacueeID;260;Triage Status;G;EvacueeID;261;Triage Status;G;EvacueeID;267;Triage Status;G;EvacueeID;283;Triage Status;G;EvacueeID;284;Triage Status;G;EvacueeID;285;Triage Status;G;EvacueeID;287;Triage Status;G;EvacueeID;288;Triage Status;G;EvacueeID;289;Triage Status;G;EvacueeID;296;Triage Status;G;EvacueeID;299;Triage Status;G;EvacueeID;302;Triage Status;G;EvacueeID;307;Triage Status;G;EvacueeID;316;Triage Status;G;EvacueeID;317;Triage Status;G;EvacueeID;318;Triage Status;G;EvacueeID;320;Triage Status;G;EvacueeID;323;Triage Status;G;EvacueeID;336;Triage Status;G;EvacueeID;341;Triage Status;G;EvacueeID;345;Triage Status;G;EvacueeID;346;Triage Status;G;EvacueeID;348;Triage Status;G;EvacueeID;349;Triage Status;G;EvacueeID;356;Triage Status;G;EvacueeID;376;Triage Status;G;EvacueeID;379;Triage Status;G;EvacueeID;380;Triage Status;G;EvacueeID;381;Triage Status;G;EvacueeID;382;Triage Status;G;EvacueeID;388;Triage Status;G;EvacueeID;391;Triage Status;G;EvacueeID;394;Triage Status;G;EvacueeID;402;Triage Status;G;EvacueeID;408;Triage Status;G;EvacueeID;409;Triage Status;G;EvacueeID;411;Triage Status;G;EvacueeID;415;Triage Status;G;EvacueeID;422;Triage Status;G;EvacueeID;427;Triage Status;G;EvacueeID;217;Triage Status;W;EvacueeID;229;Triage Status;W;EvacueeID;233;Triage Status;W;EvacueeID;236;Triage Status;W;EvacueeID;250;Triage Status;W;EvacueeID;255;Triage Status;W;EvacueeID;258;Triage Status;W;EvacueeID;462;Triage Status;Y;Lives Saved;78
5355,768,evacuee,outFOL,Evacuee 250 in triage category W is not assigned a helicopter
5355,768,evacuee,,Evacuee;250;in triage state;W;is at the FOL
5355,774,evacuee,outFOL,Evacuee 229 in triage category W is not assigned a helicopter
5355,774,evacuee,,Evacuee;229;in triage state;W;is at the FOL
5355,1017,evacuee,outFOL,Evacuee 255 in triage category W is not assigned a helicopter
5355,1017,evacuee,,Evacuee;255;in triage state;W;is at the FOL
5355,1330,evacuee,outFOL,Evacuee 217 in triage category W is not assigned a helicopter
5355,1330,evacuee,,Evacuee;217;in triage state;W;is at the FOL
5355,1456,evacuee,outFOL,Evacuee 233 in triage category W is not assigned a helicopter
5355,1456,evacuee,,Evacuee;233;in triage state;W;is at the FOL
5355,1459,evacuee,outFOL,Evacuee 236 in triage category W is not assigned a helicopter
5355,1459,evacuee,,Evacuee;236;in triage state;W;is at the FOL
5355,1510,evacuee,outFOL,Evacuee 258 in triage category W is not assigned a helicopter
5355,1510,evacuee,,Evacuee;258;in triage state;W;is at the FOL
5355,219,FOL,,;EvacueeID;5;Triage Status;G;EvacueeID;7;Triage Status;G;EvacueeID;13;Triage Status;G;EvacueeID;16;Triage Status;G;EvacueeID;18;Triage Status;G;EvacueeID;22;Triage Status;G;EvacueeID;23;Triage Status;G;EvacueeID;24;Triage Status;G;EvacueeID;25;Triage Status;G;EvacueeID;30;Triage Status;G;EvacueeID;32;Triage Status;G;EvacueeID;34;Triage Status;G;EvacueeID;37;Triage Status;G;EvacueeID;39;Triage Status;G;EvacueeID;40;Triage Status;G;EvacueeID;43;Triage Status;G;EvacueeID;44;Triage Status;G;EvacueeID;45;Triage Status;G;EvacueeID;51;Triage Status;G;EvacueeID;57;Triage Status;G;EvacueeID;62;Triage Status;G;EvacueeID;66;Triage Status;G;EvacueeID;70;Triage Status;G;EvacueeID;73;Triage Status;G;EvacueeID;75;Triage Status;G;EvacueeID;79;Triage Status;G;EvacueeID;80;Triage Status;G;EvacueeID;89;Triage Status;G;EvacueeID;92;Triage Status;G;EvacueeID;97;Triage Status;G;EvacueeID;260;Triage Status;G;EvacueeID;261;Triage Status;G;EvacueeID;267;Triage Status;G;EvacueeID;283;Triage Status;G;EvacueeID;284;Triage Status;G;EvacueeID;285;Triage Status;G;EvacueeID;287;Triage Status;G;EvacueeID;288;Triage Status;G;EvacueeID;289;Triage Status;G;EvacueeID;296;Triage Status;G;EvacueeID;299;Triage Status;G;EvacueeID;302;Triage Status;G;EvacueeID;307;Triage Status;G;EvacueeID;316;Triage Status;G;EvacueeID;317;Triage Status;G;EvacueeID;318;Triage Status;G;EvacueeID;320;Triage Status;G;EvacueeID;323;Triage Status;G;EvacueeID;336;Triage Status;G;EvacueeID;341;Triage Status;G;EvacueeID;345;Triage Status;G;EvacueeID;346;Triage Status;G;EvacueeID;348;Triage Status;G;EvacueeID;349;Triage Status;G;EvacueeID;356;Triage Status;G;EvacueeID;376;Triage Status;G;EvacueeID;379;Triage Status;G;EvacueeID;380;Triage Status;G;EvacueeID;381;Triage Status;G;EvacueeID;382;Triage Status;G;EvacueeID;388;Triage Status;G;EvacueeID;391;Triage Status;G;EvacueeID;394;Triage Status;G;EvacueeID;402;Triage Status;G;EvacueeID;408;Triage Status;G;EvacueeID;409;Triage Status;G;EvacueeID;411;Triage Status;G;EvacueeID;415;Triage Status;G;EvacueeID;422;Triage Status;G;EvacueeID;427;Triage Status;G;EvacueeID;217;Triage Status;W;EvacueeID;229;Triage Status;W;EvacueeID;233;Triage Status;W;EvacueeID;236;Triage Status;W;EvacueeID;250;Triage Status;W;EvacueeID;255;Triage Status;W;EvacueeID;258;Triage Status;W;EvacueeID;462;Triage Status;Y;Lives Saved;78
5370,1153,helicopter,,Helicopter;1;Is going to the evacuation site;;and has;0;spots taken
5389.34,3,evacueeManager,,OFF SHIP: White;0;Green;0;Yellow;0;Red;0;Black;373;ON SHIP: White;19;Green;30;Yellow;0;Red;0;Evacuees to Transfer;
5389.34,1333,evacuee,outES,Evacuee 189 in triage category G is told to board the coast guard ship
5389.34,1333,evacuee,,Evacuee;189;in triage state;W;is on board the Coast Guard Ship
5466.71,3,evacueeManager,,OFF SHIP: White;0;Green;0;Yellow;0;Red;0;Black;373;ON SHIP: White;20;Green;29;Yellow;0;Red;0;Evacuees to Transfer;
5466.71,579,evacuee,outES,Evacuee 142 in triage category G is told to board the coast guard ship
5466.71,579,evacuee,,Evacuee;142;in triage state;W;is on board the Coast Guard Ship
5520,5,helicopterQueue,,1;Helos are waiting to land;HeloID;1
5520,1153,helicopter,outES,Helicopter 1 is evacuating people1
5520,1153,helicopter,,Helicopter;1;is waiting to land at the evacuation site;;and has;0;spots taken
5520,4,helipadManager,,;No helos are at ES
5520,5,helicopterQueue,outHM,Helicopter 1 is evacuating people1
5520,5,helicopterQueue,outHelo,Helicopter 1 is evacuating people1
5520,5,helicopterQueue,,;No helos are waiting to land
5520,1152,filterES,,Helicopter;1;is evacuating people
5520,3,evacueeManager,,OFF SHIP: White;0;Green;0;Yellow;0;Red;0;Black;373;ON SHIP: White;20;Green;19;Yellow;0;Red;0;Evacuees to Transfer;;EvacueeID;98;HeloID;1;OnShip;0;Triage Status;G;EvacueeID;99;HeloID;1;OnShip;0;Triage Status;G;EvacueeID;115;HeloID;1;OnShip;0;Triage Status;G;EvacueeID;119;HeloID;1;OnShip;0;Triage Status;G;EvacueeID;125;HeloID;1;OnShip;0;Triage Status;G;EvacueeID;130;HeloID;1;OnShip;0;Triage Status;G;EvacueeID;134;HeloID;1;OnShip;0;Triage Status;G;EvacueeID;140;HeloID;1;OnShip;0;Triage Status;G;EvacueeID;143;HeloID;1;OnShip;0;Triage Status;G;EvacueeID;149;HeloID;1;OnShip;0;Triage Status;G
5520,4,helipadManager,outEM,Helicopter 1 is evacuating people1
5520,4,helipadManager,,Helo;1;is at the ES
5520,1152,filterES,out,Helicopter 1 is evacuating people1
5520,1152,filterES,,
5520,1153,helicopter,,Helicopter;1;is waiting to land at the evacuation site;;and has;0;spots taken
5520,3,evacueeManager,outEvac,Evacuee 98 in triage category G is assigned helicopter 1
5520,3,evacueeManager,outEvac,Evacuee 99 in triage category G is assigned helicopter 1
5520,3,evacueeManager,outEvac,Evacuee 115 in triage category G is assigned helicopter 1
5520,3,evacueeManager,outEvac,Evacuee 119 in triage category G is assigned helicopter 1
5520,3,evacueeManager,outEvac,Evacuee 125 in triage category G is assigned helicopter 1
5520,3,evacueeManager,outEvac,Evacuee 130 in triage category G is assigned helicopter 1
5520,3,evacueeManager,outEvac,Evacuee 134 in triage category G is assigned helicopter 1
5520,3,evacueeManager,outEvac,Evacuee 140 in triage category G is assigned helicopter 1
5520,3,evacueeManager,outEvac,Evacuee 143 in triage category G is assigned helicopter 1
5520,3,evacueeManager,outEvac,Evacuee 149 in triage category G is assigned helicopter 1
5520,3,evacueeManager,,OFF SHIP: White;0;Green;0;Yellow;0;Red;0;Black;373;ON SHIP: White;20;Green;19;Yellow;0;Red;0;Evacuees to Transfer;
5520,7,filterLoc,,
5520,10,filterLoc,,
5520,13,filterLoc,,
5520,16,filterLoc,,
5520,19,filterLoc,,
5520,22,filterLoc,,
5520,25,filterLoc,,
5520,28,filterLoc,,
5520,31,filterLoc,,
5520,34,filterLoc,,
5520,37,filterLoc,,
5520,40,filterLoc,,
5520,43,filterLoc,,
5520,46,filterLoc,,
5520,49,filterLoc,,
5520,52,filterLoc,,
5520,55,filterLoc,,
5520,58,filterLoc,,
5520,61,filterLoc,,
5520,64,filterLoc,,
5520,67,filterLoc,,
5520,70,filterLoc,,
5520,73,filterLoc,,
5520,76,filterLoc,,
5520,79,filterLoc,,
5520,82,filterLoc,,
5520,85,filterLoc,,
5520,88,filterLoc,,
5520,91,filterLoc,,
5520,94,filterLoc,,
5520,97,filterLoc,,
5520,100,filterLoc,,
5520,103,filterLoc,,
5520,106,filterLoc,,
5520,109,filterLoc,,
5520,112,filterLoc,,
5520,115,filterLoc,,
5520,118,filterLoc,,
5520,121,filterLoc,,
5520,124,filterLoc,,
5520,127,filterLoc,,
5520,130,filterLoc,,
5520,133,filterLoc,,
5520,136,filterLoc,,
5520,139,filterLoc,,
5520,142,filterLoc,,
5520,145,filterLoc,,
5520,148,filterLoc,,
5520,151,filterLoc,,
5520,154,filterLoc,,
5520,157,filterLoc,,
5520,160,filterLoc,,
5520,163,filterLoc,,
5520,166,filterLoc,,
5520,169,filterLoc,,
5520,172,filterLoc,,
5520,175,filterLoc,,
5520,178,filterLoc,,
5520,181,filterLoc,,
5520,184,filterLoc,,
5520,187,filterLoc,,
5520,190,filterLoc,,
5520,193,filterLoc,,
5520,196,filterLoc,,
5520,199,filterLoc,,
5520,202,filterLoc,,
5520,205,filterLoc,,
5520,208,filterLoc,,
5520,211,filterLoc,,
5520,214,filterLoc,,
5520,217,filterLoc,,
5520,221,filterLoc,,
5520,224,filterLoc,,
5520,227,filterLoc,,
5520,230,filterLoc,,
5520,233,filterLoc,,
5520,236,filterLoc,,
5520,239,filterLoc,,
5520,242,filterLoc,,
5520,245,filterLoc,,
5520,248,filterLoc,,
5520,251,filterLoc,,
5520,254,filterLoc,,
5520,257,filterLoc,,
5520,260,filterLoc,,
5520,263,filterLoc,,
5520,266,filterLoc,,
5520,269,filterLoc,,
5520,272,filterLoc,,
5520,275,filterLoc,,
5520,278,filterLoc,,
5520,281,filterLoc,,
5520,284,filterLoc,,
5520,287,filterLoc,,
5520,290,filterLoc,,
5520,293,filterLoc,,
5520,296,filterLoc,,
5520,299,filterLoc,,
5520,302,filterLoc,,
5520,305,filterLoc,,
5520,308,filterLoc,,
5520,311,filterLoc,,
5520,314,filterLoc,,
5520,317,filterLoc,,
5520,320,filterLoc,,
5520,323,filterLoc,,
5520,326,filterLoc,,
5520,329,filterLoc,,
5520,332,filterLoc,,
5520,335,filterLoc,,
5520,338,filterLoc,,
5520,341,filterLoc,,
5520,344,filterLoc,,
5520,347,filterLoc,,
5520,350,filterLoc,,
5520,353,filterLoc,,
5520,356,filterLoc,,
5520,359,filterLoc,,
5520,362,filterLoc,,
5520,365,filterLoc,,
5520,368,filterLoc,,
5520,371,filterLoc,,
5520,374,filterLoc,,
5520,377,filterLoc,,
5520,380,filterLoc,,
5520,383,filterLoc,,
5520,386,filterLoc,,
5520,389,filterLoc,,
5520,392,filterLoc,,
5520,395,filterLoc,,
5520,398,filterLoc,,
5520,401,filterLoc,,
5520,404,filterLoc,,
5520,407,filterLoc,,
5520,410,filterLoc,,
5520,413,filterLoc,,
5520,416,filterLoc,,
5520,419,filterLoc,,
5520,422,filterLoc,,
5520,425,filterLoc,,
5520,428,filterLoc,,
5520,431,filterLoc,,
5520,434,filterLoc,,
5520,437,filterLoc,,
5520,440,filterLoc,,
5520,443,filterLoc,,
5520,446,filterLoc,,
5520,449,filterLoc,,;Evacuee;125;in triage category;G;is entering helicopter;1
5520,452,filterLoc,,
5520,455,filterLoc,,
5520,458,filterLoc,,
5520,461,filterLoc,,
5520,464,filterLoc,,
5520,467,filterLoc,,
5520,470,filterLoc,,
5520,473,filterLoc,,
5520,476,filterLoc,,
5520,479,filterLoc,,
5520,482,filterLoc,,
5520,485,filterLoc,,
5520,488,filterLoc,,
5520,491,filterLoc,,
5520,494,filterLoc,,
5520,497,filterLoc,,
5520,500,filterLoc,,
5520,503,filterLoc,,
5520,506,filterLoc,,
5520,509,filterLoc,,
5520,512,filterLoc,,
5520,515,filterLoc,,
5520,518,filterLoc,,
5520,521,filterLoc,,
5520,524,filterLoc,,
5520,527,filterLoc,,
5520,530,filterLoc,,
5520,533,filterLoc,,
5520,536,filterLoc,,
5520,539,filterLoc,,
5520,542,filterLoc,,
5520,545,filterLoc,,
5520,548,filterLoc,,
5520,551,filterLoc,,
5520,554,filterLoc,,
5520,557,filterLoc,,
5520,560,filterLoc,,
5520,563,filterLoc,,
5520,566,filterLoc,,
5520,569,filterLoc,,
5520,572,filterLoc,,
5520,575,filterLoc,,
5520,578,filterLoc,,
5520,581,filterLoc,,;Evacuee;99;in triage category;G;is entering helicopter;1
5520,584,filterLoc,,
5520,587,filterLoc,,
5520,590,filterLoc,,
5520,593,filterLoc,,
5520,596,filterLoc,,
5520,599,filterLoc,,
5520,602,filterLoc,,
5520,605,filterLoc,,
5520,608,filterLoc,,
5520,611,filterLoc,,
5520,614,filterLoc,,
5520,617,filterLoc,,
5520,620,filterLoc,,
5520,623,filterLoc,,
5520,626,filterLoc,,
5520,629,filterLoc,,
5520,632,filterLoc,,
5520,635,filterLoc,,
5520,638,filterLoc,,
5520,641,filterLoc,,
5520,644,filterLoc,,;Evacuee;115;in triage category;G;is entering helicopter;1
5520,647,filterLoc,,;Evacuee;98;in triage category;G;is entering helicopter;1
5520,650,filterLoc,,
5520,653,filterLoc,,
5520,656,filterLoc,,
5520,659,filterLoc,,
5520,662,filterLoc,,
5520,665,filterLoc,,
5520,668,filterLoc,,
5520,671,filterLoc,,
5520,674,filterLoc,,
5520,677,filterLoc,,
5520,680,filterLoc,,
5520,683,filterLoc,,
5520,686,filterLoc,,
5520,689,filterLoc,,
5520,692,filterLoc,,
5520,695,filterLoc,,
5520,698,filterLoc,,;Evacuee;134;in triage category;G;is entering helicopter;1
5520,701,filterLoc,,
5520,704,filterLoc,,
5520,707,filterLoc,,
5520,710,filterLoc,,
5520,713,filterLoc,,
5520,716,filterLoc,,
5520,719,filterLoc,,
5520,722,filterLoc,,
5520,725,filterLoc,,
5520,728,filterLoc,,
5520,731,filterLoc,,
5520,734,filterLoc,,
5520,737,filterLoc,,
5520,740,filterLoc,,
5520,743,filterLoc,,
5520,746,filterLoc,,
5520,749,filterLoc,,
5520,752,filterLoc,,
5520,755,filterLoc,,
5520,758,filterLoc,,
5520,761,filterLoc,,
5520,764,filterLoc,,
5520,767,filterLoc,,
5520,770,filterLoc,,
5520,773,filterLoc,,
5520,776,filterLoc,,
5520,779,filterLoc,,
5520,782,filterLoc,,
5520,785,filterLoc,,
5520,788,filterLoc,,
5520,791,filterLoc,,
5520,794,filterLoc,,
5520,797,filterLoc,,
5520,800,filterLoc,,
5520,803,filterLoc,,
5520,806,filterLoc,,
5520,809,filterLoc,,
5520,812,filterLoc,,
5520,815,filterLoc,,
5520,818,filterLoc,,
5520,821,filterLoc,,
5520,824,filterLoc,,
5520,827,filterLoc,,
5520,830,filterLoc,,
5520,833,filterLoc,,
5520,836,filterLoc,,
5520,839,filterLoc,,
5520,842,filterLoc,,
5520,845,filterLoc,,
5520,848,filterLoc,,
5520,851,filterLoc,,
5520,854,filterLoc,,
5520,857,filterLoc,,
5520,860,filterLoc,,
5520,863,filterLoc,,
5520,866,filterLoc,,
5520,869,filterLoc,,
5520,872,filterLoc,,
5520,875,filterLoc,,
5520,878,filterLoc,,
5520,881,filterLoc,,
5520,884,filterLoc,,
5520,887,filterLoc,,
5520,890,filterLoc,,
5520,893,filterLoc,,
5520,896,filterLoc,,;Evacuee;119;in triage category;G;is entering helicopter;1
5520,899,filterLoc,,
5520,902,filterLoc,,
5520,905,filterLoc,,
5520,908,filterLoc,,
5520,911,filterLoc,,
5520,914,filterLoc,,
5520,917,filterLoc,,
5520,920,filterLoc,,
5520,923,filterLoc,,
5520,926,filterLoc,,
5520,929,filterLoc,,
5520,932,filterLoc,,
5520,935,filterLoc,,
5520,938,filterLoc,,
5520,941,filterLoc,,
5520,944,filterLoc,,
5520,947,filterLoc,,
5520,950,filterLoc,,
5520,953,filterLoc,,
5520,956,filterLoc,,
5520,959,filterLoc,,
5520,962,filterLoc,,
5520,965,filterLoc,,
5520,968,filterLoc,,
5520,971,filterLoc,,
5520,974,filterLoc,,
5520,977,filterLoc,,
5520,980,filterLoc,,
5520,983,filterLoc,,
5520,986,filterLoc,,
5520,989,filterLoc,,
5520,992,filterLoc,,
5520,995,filterLoc,,
5520,998,filterLoc,,
5520,1001,filterLoc,,
5520,1004,filterLoc,,
5520,1007,filterLoc,,
5520,1010,filterLoc,,
5520,1013,filterLoc,,
5520,1016,filterLoc,,
5520,1019,filterLoc,,
5520,1022,filterLoc,,
5520,1025,filterLoc,,
5520,1028,filterLoc,,
5520,1031,filterLoc,,
5520,1034,filterLoc,,
5520,1037,filterLoc,,
5520,1040,filterLoc,,
5520,1043,filterLoc,,
5520,1046,filterLoc,,
5520,1049,filterLoc,,
5520,1052,filterLoc,,
5520,1055,filterLoc,,
5520,1058,filterLoc,,
5520,1061,filterLoc,,
5520,1064,filterLoc,,
5520,1067,filterLoc,,
5520,1070,filterLoc,,
5520,1073,filterLoc,,
5520,1076,filterLoc,,
5520,1079,filterLoc,,
5520,1082,filterLoc,,
5520,1085,filterLoc,,
5520,1088,filterLoc,,
5520,1091,filterLoc,,
5520,1094,filterLoc,,
5520,1097,filterLoc,,
5520,1100,filterLoc,,
5520,1103,filterLoc,,
5520,1106,filterLoc,,
5520,1109,filterLoc,,
5520,1112,filterLoc,,
5520,1115,filterLoc,,
5520,1118,filterLoc,,
5520,1121,filterLoc,,
5520,1124,filterLoc,,
5520,1127,filterLoc,,
5520,1130,filterLoc,,
5520,1133,filterLoc,,
5520,1136,filterLoc,,
5520,1139,filterLoc,,
5520,1142,filterLoc,,
5520,1145,filterLoc,,
5520,1148,filterLoc,,
5520,1153,helicopter,,Helicopter;1;is loading people at the evacuation site;;and has;0;spots taken
5520,1155,filterLoc,,
5520,1158,filterLoc,,
5520,1161,filterLoc,,
5520,1164,filterLoc,,
5520,1167,filterLoc,,
5520,1170,filterLoc,,
5520,1173,filterLoc,,
5520,1176,filterLoc,,
5520,1179,filterLoc,,
5520,1182,filterLoc,,
5520,1185,filterLoc,,
5520,1188,filterLoc,,
5520,1191,filterLoc,,
5520,1194,filterLoc,,
5520,1197,filterLoc,,
5520,1200,filterLoc,,;Evacuee;140;in triage category;G;is entering helicopter;1
5520,1203,filterLoc,,;Evacuee;130;in triage category;G;is entering helicopter;1
5520,1206,filterLoc,,;Evacuee;143;in triage category;G;is entering helicopter;1
5520,1209,filterLoc,,;Evacuee;149;in triage category;G;is entering helicopter;1
5520,1212,filterLoc,,
5520,1215,filterLoc,,
5520,1218,filterLoc,,
5520,1221,filterLoc,,
5520,1224,filterLoc,,
5520,1227,filterLoc,,
5520,1230,filterLoc,,
5520,1233,filterLoc,,
5520,1236,filterLoc,,
5520,1239,filterLoc,,
5520,1242,filterLoc,,
5520,1245,filterLoc,,
5520,1248,filterLoc,,
5520,1251,filterLoc,,
5520,1254,filterLoc,,
5520,1257,filterLoc,,
5520,1260,filterLoc,,
5520,1263,filterLoc,,
5520,1266,filterLoc,,
5520,1269,filterLoc,,
5520,1272,filterLoc,,
5520,1275,filterLoc,,
5520,1278,filterLoc,,
5520,1281,filterLoc,,
5520,1284,filterLoc,,
5520,1287,filterLoc,,
5520,1290,filterLoc,,
5520,1293,filterLoc,,
5520,1296,filterLoc,,
5520,1299,filterLoc,,
5520,1302,filterLoc,,
5520,1305,filterLoc,,
5520,1308,filterLoc,,
5520,1311,filterLoc,,
5520,1314,filterLoc,,
5520,1317,filterLoc,,
5520,1320,filterLoc,,
5520,1323,filterLoc,,
5520,1326,filterLoc,,
5520,1329,filterLoc,,
5520,1332,filterLoc,,
5520,1335,filterLoc,,
5520,1338,filterLoc,,
5520,1341,filterLoc,,
5520,1344,filterLoc,,
5520,1347,filterLoc,,
5520,1350,filterLoc,,
5520,1353,filterLoc,,
5520,1356,filterLoc,,
5520,1359,filterLoc,,
5520,1362,filterLoc,,
5520,1365,filterLoc,,
5520,1368,filterLoc,,
5520,1371,filterLoc,,
5520,1374,filterLoc,,
5520,1377,filterLoc,,
5520,1380,filterLoc,,
5520,1383,filterLoc,,
5520,1386,filterLoc,,
5520,1389,filterLoc,,
5520,1392,filterLoc,,
5520,1395,filterLoc,,
5520,1398,filterLoc,,
5520,1401,filterLoc,,
5520,1404,filterLoc,,
5520,1407,filterLoc,,
5520,1410,filterLoc,,
5520,1413,filterLoc,,
5520,1416,filterLoc,,
5520,1419,filterLoc,,
5520,1422,filterLoc,,
5520,1425,filterLoc,,
5520,1428,filterLoc,,
5520,1431,filterLoc,,
5520,1434,filterLoc,,
5520,1437,filterLoc,,
5520,1440,filterLoc,,
5520,1443,filterLoc,,
5520,1446,filterLoc,,
5520,1449,filterLoc,,
5520,1452,filterLoc,,
5520,1455,filterLoc,,
5520,1458,filterLoc,,
5520,1461,filterLoc,,
5520,1464,filterLoc,,
5520,1467,filterLoc,,
5520,1470,filterLoc,,
5520,1473,filterLoc,,
5520,1476,filterLoc,,
5520,1479,filterLoc,,
5520,1482,filterLoc,,
5520,1485,filterLoc,,
5520,1488,filterLoc,,
5520,1491,filterLoc,,
5520,1494,filterLoc,,
5520,1497,filterLoc,,
5520,1500,filterLoc,,
5520,1503,filterLoc,,
5520,1506,filterLoc,,
5520,1509,filterLoc,,
5520,449,filterLoc,out,Evacuee 125 in triage category G is assigned helicopter 1
5520,449,filterLoc,,
5520,450,evacuee,,Evacuee;125;in triage state;G;is entering helicopter;1
5520,581,filterLoc,out,Evacuee 99 in triage category G is assigned helicopter 1
5520,581,filterLoc,,
5520,582,evacuee,,Evacuee;99;in triage state;G;is entering helicopter;1
5520,644,filterLoc,out,Evacuee 115 in triage category G is assigned helicopter 1
5520,644,filterLoc,,
5520,645,evacuee,,Evacuee;115;in triage state;G;is entering helicopter;1
5520,647,filterLoc,out,Evacuee 98 in triage category G is assigned helicopter 1
5520,647,filterLoc,,
5520,648,evacuee,,Evacuee;98;in triage state;G;is entering helicopter;1
5520,698,filterLoc,out,Evacuee 134 in triage category G is assigned helicopter 1
5520,698,filterLoc,,
5520,699,evacuee,,Evacuee;134;in triage state;G;is entering helicopter;1
5520,896,filterLoc,out,Evacuee 119 in triage category G is assigned helicopter 1
5520,896,filterLoc,,
5520,897,evacuee,,Evacuee;119;in triage state;G;is entering helicopter;1
5520,1200,filterLoc,out,Evacuee 140 in triage category G is assigned helicopter 1
5520,1200,filterLoc,,
5520,1201,evacuee,,Evacuee;140;in triage state;G;is entering helicopter;1
5520,1203,filterLoc,out,Evacuee 130 in triage category G is assigned helicopter 1
5520,1203,filterLoc,,
5520,1204,evacuee,,Evacuee;130;in triage state;G;is entering helicopter;1
5520,1206,filterLoc,out,Evacuee 143 in triage category G is assigned helicopter 1
5520,1206,filterLoc,,
5520,1207,evacuee,,Evacuee;143;in triage state;G;is entering helicopter;1
5520,1209,filterLoc,out,Evacuee 149 in triage category G is assigned helicopter 1
5520,1209,filterLoc,,
5520,1210,evacuee,,Evacuee;149;in triage state;G;is entering helicopter;1
5520,450,evacuee,outHelo,Evacuee 125 in triage category G is assigned helicopter 1
5520,450,evacuee,,Evacuee;125;in triage state;G;is in helicopter;1
5520,582,evacuee,outHelo,Evacuee 99 in triage category G is assigned helicopter 1
5520,582,evacuee,,Evacuee;99;in triage state;G;is in helicopter;1
5520,645,evacuee,outHelo,Evacuee 115 in triage category G is assigned helicopter 1
5520,645,evacuee,,Evacuee;115;in triage state;G;is in helicopter;1
5520,648,evacuee,outHelo,Evacuee 98 in triage category G is assigned helicopter 1
5520,648,evacuee,,Evacuee;98;in triage state;G;is in helicopter;1
5520,699,evacuee,outHelo,Evacuee 134 in triage category G is assigned helicopter 1
5520,699,evacuee,,Evacuee;134;in triage state;G;is in helicopter;1
5520,897,evacuee,outHelo,Evacuee 119 in triage category G is assigned helicopter 1
5520,897,evacuee,,Evacuee;119;in triage state;G;is in helicopter;1
5520,1151,filterEvac,,;Evacuee;98;in triage category;G;is entering helicopter;1;Evacuee;99;in triage category;G;is entering helicopter;1;Evacuee;115;in triage category;G;is entering helicopter;1;Evacuee;119;in triage category;G;is entering helicopter;1;Evacuee;125;in triage category;G;is entering helicopter;1;Evacuee;130;in triage category;G;is entering helicopter;1;Evacuee;134;in triage category;G;is entering helicopter;1;Evacuee;140;in triage category;G;is entering helicopter;1;Evacuee;143;in triage category;G;is entering helicopter;1;Evacuee;149;in triage category;G;is entering helicopter;1
5520,1201,evacuee,outHelo,Evacuee 140 in triage category G is assigned helicopter 1
5520,1201,evacuee,,Evacuee;140;in triage state;G;is in helicopter;1
5520,1204,evacuee,outHelo,Evacuee 130 in triage category G is assigned helicopter 1
5520,1204,evacuee,,Evacuee;130;in triage state;G;is in helicopter;1
5520,1207,evacuee,outHelo,Evacuee 143 in triage category G is assigned helicopter 1
5520,1207,evacuee,,Evacuee;143;in triage state;G;is in helicopter;1
5520,1210,evacuee,outHelo,Evacuee 149 in triage category G is assigned helicopter 1
5520,1210,evacuee,,Evacuee;149;in triage state;G;is in helicopter;1
5520,1151,filterEvac,out,Evacuee 98 in triage category G is assigned helicopter 1
5520,1151,filterEvac,out,Evacuee 99 in triage category G is assigned helicopter 1
5520,1151,filterEvac,out,Evacuee 115 in triage category G is assigned helicopter 1
5520,1151,filterEvac,out,Evacuee 119 in triage category G is assigned helicopter 1
5520,1151,filterEvac,out,Evacuee 125 in triage category G is assigned helicopter 1
5520,1151,filterEvac,out,Evacuee 130 in triage category G is assigned helicopter 1
5520,1151,filterEvac,out,Evacuee 134 in triage category G is assigned helicopter 1
5520,1151,filterEvac,out,Evacuee 140 in triage category G is assigned helicopter 1
5520,1151,filterEvac,out,Evacuee 143 in triage category G is assigned helicopter 1
5520,1151,filterEvac,out,Evacuee 149 in triage category G is assigned helicopter 1
5520,1151,filterEvac,,
5520,1153,helicopter,,Helicopter;1;is loading people at the evacuation site;;and has;10;spots taken
5535,4,helipadManager,outHelo,Helicopter 1 is evacuating people1
5535,4,helipadManager,,;No helos are at ES
5535,1152,filterES,,Helicopter;1;is evacuating people
5535,4,helipadManager,outHQ,0
5535,4,helipadManager,,;No helos are at ES
5535,5,helicopterQueue,,;No helos are waiting to land
5535,1152,filterES,out,Helicopter 1 is evacuating people1
5535,1152,filterES,,
5535,1153,helicopter,,Helicopter;1;is loading people at the evacuation site;;and has;10;spots taken
5535,5,helicopterQueue,,;No helos are waiting to land
5535,1153,helicopter,,Helicopter;1;is returning to the FOL;;and has;10;spots taken
5685,7,filterLoc,,
5685,10,filterLoc,,
5685,13,filterLoc,,
5685,16,filterLoc,,
5685,19,filterLoc,,
5685,22,filterLoc,,
5685,25,filterLoc,,
5685,28,filterLoc,,
5685,31,filterLoc,,
5685,34,filterLoc,,
5685,37,filterLoc,,
5685,40,filterLoc,,
5685,43,filterLoc,,
5685,46,filterLoc,,
5685,49,filterLoc,,
5685,52,filterLoc,,
5685,55,filterLoc,,
5685,58,filterLoc,,
5685,61,filterLoc,,
5685,64,filterLoc,,
5685,67,filterLoc,,
5685,70,filterLoc,,
5685,73,filterLoc,,
5685,76,filterLoc,,
5685,79,filterLoc,,
5685,82,filterLoc,,
5685,85,filterLoc,,
5685,88,filterLoc,,
5685,91,filterLoc,,
5685,94,filterLoc,,
5685,97,filterLoc,,
5685,100,filterLoc,,
5685,103,filterLoc,,
5685,106,filterLoc,,
5685,109,filterLoc,,
5685,112,filterLoc,,
5685,115,filterLoc,,
5685,118,filterLoc,,
5685,121,filterLoc,,
5685,124,filterLoc,,
5685,127,filterLoc,,
5685,130,filterLoc,,
5685,133,filterLoc,,
5685,136,filterLoc,,
5685,139,filterLoc,,
5685,142,filterLoc,,
5685,145,filterLoc,,
5685,148,filterLoc,,
5685,151,filterLoc,,
5685,154,filterLoc,,
5685,157,filterLoc,,
5685,160,filterLoc,,
5685,163,filterLoc,,
5685,166,filterLoc,,
5685,169,filterLoc,,
5685,172,filterLoc,,
5685,175,filterLoc,,
5685,178,filterLoc,,
5685,181,filterLoc,,
5685,184,filterLoc,,
5685,187,filterLoc,,
5685,190,filterLoc,,
5685,193,filterLoc,,
5685,196,filterLoc,,
5685,199,filterLoc,,
5685,202,filterLoc,,
5685,205,filterLoc,,
5685,208,filterLoc,,
5685,211,filterLoc,,
5685,214,filterLoc,,
5685,217,filterLoc,,
5685,221,filterLoc,,
5685,224,filterLoc,,
5685,227,filterLoc,,
5685,230,filterLoc,,
5685,233,filterLoc,,
5685,236,filterLoc,,
5685,239,filterLoc,,
5685,242,filterLoc,,
5685,245,filterLoc,,
5685,248,filterLoc,,
5685,251,filterLoc,,
5685,254,filterLoc,,
5685,257,filterLoc,,
5685,260,filterLoc,,
5685,263,filterLoc,,
5685,266,filterLoc,,
5685,269,filterLoc,,
5685,272,filterLoc,,
5685,275,filterLoc,,
5685,278,filterLoc,,
5685,281,filterLoc,,
5685,284,filterLoc,,
5685,287,filterLoc,,
5685,290,filterLoc,,
5685,293,filterLoc,,
5685,296,filterLoc,,
5685,299,filterLoc,,
5685,302,filterLoc,,
5685,305,filterLoc,,
5685,308,filterLoc,,
5685,311,filterLoc,,
5685,314,filterLoc,,
5685,317,filterLoc,,
5685,320,filterLoc,,
5685,323,filterLoc,,
5685,326,filterLoc,,
5685,329,filterLoc,,
5685,332,filterLoc,,
5685,335,filterLoc,,
5685,338,filterLoc,,
5685,341,filterLoc,,
5685,344,filterLoc,,
5685,347,filterLoc,,
5685,350,filterLoc,,
5685,353,filterLoc,,
5685,356,filterLoc,,
5685,359,filterLoc,,
5685,362,filterLoc,,
5685,365,filterLoc,,
5685,368,filterLoc,,
5685,371,filterLoc,,
5685,374,filterLoc,,
5685,377,filterLoc,,
5685,380,filterLoc,,
5685,383,filterLoc,,
5685,386,filterLoc,,
5685,389,filterLoc,,
5685,392,filterLoc,,
5685,395,filterLoc,,
5685,398,filterLoc,,
5685,401,filterLoc,,
5685,404,filterLoc,,
5685,407,filterLoc,,
5685,410,filterLoc,,
5685,413,filterLoc,,
5685,416,filterLoc,,
5685,419,filterLoc,,
5685,422,filterLoc,,
5685,425,filterLoc,,
5685,428,filterLoc,,
5685,431,filterLoc,,
5685,434,filterLoc,,
5685,437,filterLoc,,
5685,440,filterLoc,,
5685,443,filterLoc,,
5685,446,filterLoc,,
5685,449,filterLoc,,;Evacuee;125;in triage category;G;is leaving helicopter;1
5685,452,filterLoc,,
5685,455,filterLoc,,
5685,458,filterLoc,,
5685,461,filterLoc,,
5685,464,filterLoc,,
5685,467,filterLoc,,
5685,470,filterLoc,,
5685,473,filterLoc,,
5685,476,filterLoc,,
5685,479,filterLoc,,
5685,482,filterLoc,,
5685,485,filterLoc,,
5685,488,filterLoc,,
5685,491,filterLoc,,
5685,494,filterLoc,,
5685,497,filterLoc,,
5685,500,filterLoc,,
5685,503,filterLoc,,
5685,506,filterLoc,,
5685,509,filterLoc,,
5685,512,filterLoc,,
5685,515,filterLoc,,
5685,518,filterLoc,,
5685,521,filterLoc,,
5685,524,filterLoc,,
5685,527,filterLoc,,
5685,530,filterLoc,,
5685,533,filterLoc,,
5685,536,filterLoc,,
5685,539,filterLoc,,
5685,542,filterLoc,,
5685,545,filterLoc,,
5685,548,filterLoc,,
5685,551,filterLoc,,
5685,554,filterLoc,,
5685,557,filterLoc,,
5685,560,filterLoc,,
5685,563,filterLoc,,
5685,566,filterLoc,,
5685,569,filterLoc,,
5685,572,filterLoc,,
5685,575,filterLoc,,
5685,578,filterLoc,,
5685,581,filterLoc,,;Evacuee;99;in triage category;G;is leaving helicopter;1
5685,584,filterLoc,,
5685,587,filterLoc,,
5685,590,filterLoc,,
5685,593,filterLoc,,
5685,596,filterLoc,,
5685,599,filterLoc,,
5685,602,filterLoc,,
5685,605,filterLoc,,
5685,608,filterLoc,,
5685,611,filterLoc,,
5685,614,filterLoc,,
5685,617,filterLoc,,
5685,620,filterLoc,,
5685,623,filterLoc,,
5685,626,filterLoc,,
5685,629,filterLoc,,
5685,632,filterLoc,,
5685,635,filterLoc,,
5685,638,filterLoc,,
5685,641,filterLoc,,
5685,644,filterLoc,,;Evacuee;115;in triage category;G;is leaving helicopter;1
5685,647,filterLoc,,;Evacuee;98;in triage category;G;is leaving helicopter;1
5685,650,filterLoc,,
5685,653,filterLoc,,
5685,656,filterLoc,,
5685,659,filterLoc,,
5685,662,filterLoc,,
5685,665,filterLoc,,
5685,668,filterLoc,,
5685,671,filterLoc,,
5685,674,filterLoc,,
5685,677,filterLoc,,
5685,680,filterLoc,,
5685,683,filterLoc,,
5685,686,filterLoc,,
5685,689,filterLoc,,
5685,692,filterLoc,,
5685,695,filterLoc,,
5685,698,filterLoc,,;Evacuee;134;in triage category;G;is leaving helicopter;1
5685,701,filterLoc,,
5685,704,filterLoc,,
5685,707,filterLoc,,
5685,710,filterLoc,,
5685,713,filterLoc,,
5685,716,filterLoc,,
5685,719,filterLoc,,
5685,722,filterLoc,,
5685,725,filterLoc,,
5685,728,filterLoc,,
5685,731,filterLoc,,
5685,734,filterLoc,,
5685,737,filterLoc,,
5685,740,filterLoc,,
5685,743,filterLoc,,
5685,746,filterLoc,,
5685,749,filterLoc,,
5685,752,filterLoc,,
5685,755,filterLoc,,
5685,758,filterLoc,,
5685,761,filterLoc,,
5685,764,filterLoc,,
5685,767,filterLoc,,
5685,770,filterLoc,,
5685,773,filterLoc,,
5685,776,filterLoc,,
5685,779,filterLoc,,
5685,782,filterLoc,,
5685,785,filterLoc,,
5685,788,filterLoc,,
5685,791,filterLoc,,
5685,794,filterLoc,,
5685,797,filterLoc,,
5685,800,filterLoc,,
5685,803,filterLoc,,
5685,806,filterLoc,,
5685,809,filterLoc,,
5685,812,filterLoc,,
5685,815,filterLoc,,
5685,818,filterLoc,,
5685,821,filterLoc,,
5685,824,filterLoc,,
5685,827,filterLoc,,
5685,830,filterLoc,,
5685,833,filterLoc,,
5685,836,filterLoc,,
5685,839,filterLoc,,
5685,842,filterLoc,,
5685,845,filterLoc,,
5685,848,filterLoc,,
5685,851,filterLoc,,
5685,854,filterLoc,,
5685,857,filterLoc,,
5685,860,filterLoc,,
5685,863,filterLoc,,
5685,866,filterLoc,,
5685,869,filterLoc,,
5685,872,filterLoc,,
5685,875,filterLoc,,
5685,878,filterLoc,,
5685,881,filterLoc,,
5685,884,filterLoc,,
5685,887,filterLoc,,
5685,890,filterLoc,,
5685,893,filterLoc,,
5685,896,filterLoc,,;Evacuee;119;in triage category;G;is leaving helicopter;1
5685,899,filterLoc,,
5685,902,filterLoc,,
5685,905,filterLoc,,
5685,908,filterLoc,,
5685,911,filterLoc,,
5685,914,filterLoc,,
5685,917,filterLoc,,
5685,920,filterLoc,,
5685,923,filterLoc,,
5685,926,filterLoc,,
5685,929,filterLoc,,
5685,932,filterLoc,,
5685,935,filterLoc,,
5685,938,filterLoc,,
5685,941,filterLoc,,
5685,944,filterLoc,,
5685,947,filterLoc,,
5685,950,filterLoc,,
5685,953,filterLoc,,
5685,956,filterLoc,,
5685,959,filterLoc,,
5685,962,filterLoc,,
5685,965,filterLoc,,
5685,968,filterLoc,,
5685,971,filterLoc,,
5685,974,filterLoc,,
5685,977,filterLoc,,
5685,980,filterLoc,,
5685,983,filterLoc,,
5685,986,filterLoc,,
5685,989,filterLoc,,
5685,992,filterLoc,,
5685,995,filterLoc,,
5685,998,filterLoc,,
5685,1001,filterLoc,,
5685,1004,filterLoc,,
5685,1007,filterLoc,,
5685,1010,filterLoc,,
5685,1013,filterLoc,,
5685,1016,filterLoc,,
5685,1019,filterLoc,,
5685,1022,filterLoc,,
5685,1025,filterLoc,,
5685,1028,filterLoc,,
5685,1031,filterLoc,,
5685,1034,filterLoc,,
5685,1037,filterLoc,,
5685,1040,filterLoc,,
5685,1043,filterLoc,,
5685,1046,filterLoc,,
5685,1049,filterLoc,,
5685,1052,filterLoc,,
5685,1055,filterLoc,,
5685,1058,filterLoc,,
5685,1061,filterLoc,,
5685,1064,filterLoc,,
5685,1067,filterLoc,,
5685,1070,filterLoc,,
5685,1073,filterLoc,,
5685,1076,filterLoc,,
5685,1079,filterLoc,,
5685,1082,filterLoc,,
5685,1085,filterLoc,,
5685,1088,filterLoc,,
5685,1091,filterLoc,,
5685,1094,filterLoc,,
5685,1097,filterLoc,,
5685,1100,filterLoc,,
5685,1103,filterLoc,,
5685,1106,filterLoc,,
5685,1109,filterLoc,,
5685,1112,filterLoc,,
5685,1115,filterLoc,,
5685,1118,filterLoc,,
5685,1121,filterLoc,,
5685,1124,filterLoc,,
5685,1127,filterLoc,,
5685,1130,filterLoc,,
5685,1133,filterLoc,,
5685,1136,filterLoc,,
5685,1139,filterLoc,,
5685,1142,filterLoc,,
5685,1145,filterLoc,,
5685,1148,filterLoc,,
5685,1153,helicopter,outEvac,Evacuee 98 in triage category G is not assigned a helicopter
5685,1153,helicopter,outEvac,Evacuee 99 in triage category G is not assigned a helicopter
5685,1153,helicopter,outEvac,Evacuee 115 in triage category G is not assigned a helicopter
5685,1153,helicopter,outEvac,Evacuee 119 in triage category G is not assigned a helicopter
5685,1153,helicopter,outEvac,Evacuee 125 in triage category G is not assigned a helicopter
5685,1153,helicopter,outEvac,Evacuee 130 in triage category G is not assigned a helicopter
5685,1153,helicopter,outEvac,Evacuee 134 in triage category G is not assigned a helicopter
5685,1153,helicopter,outEvac,Evacuee 140 in triage category G is not assigned a helicopter
5685,1153,helicopter,outEvac,Evacuee 143 in triage category G is not assigned a helicopter
5685,1153,helicopter,outEvac,Evacuee 149 in triage category G is not assigned a helicopter
5685,1153,helicopter,,Helicopter;1;is unloading people at the FOL;;and has;0;spots taken
5685,1155,filterLoc,,
5685,1158,filterLoc,,
5685,1161,filterLoc,,
5685,1164,filterLoc,,
5685,1167,filterLoc,,
5685,1170,filterLoc,,
5685,1173,filterLoc,,
5685,1176,filterLoc,,
5685,1179,filterLoc,,
5685,1182,filterLoc,,
5685,1185,filterLoc,,
5685,1188,filterLoc,,
5685,1191,filterLoc,,
5685,1194,filterLoc,,
5685,1197,filterLoc,,
5685,1200,filterLoc,,;Evacuee;140;in triage category;G;is leaving helicopter;1
5685,1203,filterLoc,,;Evacuee;130;in triage category;G;is leaving helicopter;1
5685,1206,filterLoc,,;Evacuee;143;in triage category;G;is leaving helicopter;1
5685,1209,filterLoc,,;Evacuee;149;in triage category;G;is leaving helicopter;1
5685,1212,filterLoc,,
5685,1215,filterLoc,,
5685,1218,filterLoc,,
5685,1221,filterLoc,,
5685,1224,filterLoc,,
5685,1227,filterLoc,,
5685,1230,filterLoc,,
5685,1233,filterLoc,,
5685,1236,filterLoc,,
5685,1239,filterLoc,,
5685,1242,filterLoc,,
5685,1245,filterLoc,,
5685,1248,filterLoc,,
5685,1251,filterLoc,,
5685,1254,filterLoc,,
5685,1257,filterLoc,,
5685,1260,filterLoc,,
5685,1263,filterLoc,,
5685,1266,filterLoc,,
5685,1269,filterLoc,,
5685,1272,filterLoc,,
5685,1275,filterLoc,,
5685,1278,filterLoc,,
5685,1281,filterLoc,,
5685,1284,filterLoc,,
5685,1287,filterLoc,,
5685,1290,filterLoc,,
5685,1293,filterLoc,,
5685,1296,filterLoc,,
5685,1299,filterLoc,,
5685,1302,filterLoc,,
5685,1305,filterLoc,,
5685,1308,filterLoc,,
5685,1311,filterLoc,,
5685,1314,filterLoc,,
5685,1317,filterLoc,,
5685,1320,filterLoc,,
5685,1323,filterLoc,,
5685,1326,filterLoc,,
5685,1329,filterLoc,,
5685,1332,filterLoc,,
5685,1335,filterLoc,,
5685,1338,filterLoc,,
5685,1341,filterLoc,,
5685,1344,filterLoc,,
5685,1347,filterLoc,,
5685,1350,filterLoc,,
5685,1353,filterLoc,,
5685,1356,filterLoc,,
5685,1359,filterLoc,,
5685,1362,filterLoc,,
5685,1365,filterLoc,,
5685,1368,filterLoc,,
5685,1371,filterLoc,,
5685,1374,filterLoc,,
5685,1377,filterLoc,,
5685,1380,filterLoc,,
5685,1383,filterLoc,,
5685,1386,filterLoc,,
5685,1389,filterLoc,,
5685,1392,filterLoc,,
5685,1395,filterLoc,,
5685,1398,filterLoc,,
5685,1401,filterLoc,,
5685,1404,filterLoc,,
5685,1407,filterLoc,,
5685,1410,filterLoc,,
5685,1413,filterLoc,,
5685,1416,filterLoc,,
5685,1419,filterLoc,,
5685,1422,filterLoc,,
5685,1425,filterLoc,,
5685,1428,filterLoc,,
5685,1431,filterLoc,,
5685,1434,filterLoc,,
5685,1437,filterLoc,,
5685,1440,filterLoc,,
5685,1443,filterLoc,,
5685,1446,filterLoc,,
5685,1449,filterLoc,,
5685,1452,filterLoc,,
5685,1455,filterLoc,,
5685,1458,filterLoc,,
5685,1461,filterLoc,,
5685,1464,filterLoc,,
5685,1467,filterLoc,,
5685,1470,filterLoc,,
5685,1473,filterLoc,,
5685,1476,filterLoc,,
5685,1479,filterLoc,,
5685,1482,filterLoc,,
5685,1485,filterLoc,,
5685,1488,filterLoc,,
5685,1491,filterLoc,,
5685,1494,filterLoc,,
5685,1497,filterLoc,,
5685,1500,filterLoc,,
5685,1503,filterLoc,,
5685,1506,filterLoc,,
5685,1509,filterLoc,,
5685,449,filterLoc,out,Evacuee 125 in triage category G is not assigned a helicopter
5685,449,filterLoc,,
5685,450,evacuee,,Evacuee;125;in triage state;G;is entering the FOL
5685,581,filterLoc,out,Evacuee 99 in triage category G is not assigned a helicopter
5685,581,filterLoc,,
5685,582,evacuee,,Evacuee;99;in triage state;G;is entering the FOL
5685,644,filterLoc,out,Evacuee 115 in triage category G is not assigned a helicopter
5685,644,filterLoc,,
5685,645,evacuee,,Evacuee;115;in triage state;G;is entering the FOL
5685,647,filterLoc,out,Evacuee 98 in triage category G is not assigned a helicopter
5685,647,filterLoc,,
5685,648,evacuee,,Evacuee;98;in triage state;G;is entering the FOL
5685,698,filterLoc,out,Evacuee 134 in triage category G is not assigned a helicopter
5685,698,filterLoc,,
5685,699,evacuee,,Evacuee;134;in triage state;G;is entering the FOL
5685,896,filterLoc,out,Evacuee 119 in triage category G is not assigned a helicopter
5685,896,filterLoc,,
5685,897,evacuee,,Evacuee;119;in triage state;G;is entering the FOL
5685,1200,filterLoc,out,Evacuee 140 in triage category G is not assigned a helicopter
5685,1200,filterLoc,,
5685,1201,evacuee,,Evacuee;140;in triage state;G;is entering the FOL
5685,1203,filterLoc,out,Evacuee 130 in triage category G is not assigned a helicopter
5685,1203,filterLoc,,
5685,1204,evacuee,,Evacuee;130;in triage state;G;is entering the FOL
5685,1206,filterLoc,out,Evacuee 143 in triage category G is not assigned a helicopter
5685,1206,filterLoc,,
5685,1207,evacuee,,Evacuee;143;in triage state;G;is entering the FOL
5685,1209,filterLoc,out,Evacuee 149 in triage category G is not assigned a helicopter
5685,1209,filterLoc,,
5685,1210,evacuee,,Evacuee;149;in triage state;G;is entering the FOL
5685,219,FOL,,;EvacueeID;5;Triage Status;G;EvacueeID;7;Triage Status;G;EvacueeID;13;Triage Status;G;EvacueeID;16;Triage Status;G;EvacueeID;18;Triage Status;G;EvacueeID;22;Triage Status;G;EvacueeID;23;Triage Status;G;EvacueeID;24;Triage Status;G;EvacueeID;25;Triage Status;G;EvacueeID;30;Triage Status;G;EvacueeID;32;Triage Status;G;EvacueeID;34;Triage Status;G;EvacueeID;37;Triage Status;G;EvacueeID;39;Triage Status;G;EvacueeID;40;Triage Status;G;EvacueeID;43;Triage Status;G;EvacueeID;44;Triage Status;G;EvacueeID;45;Triage Status;G;EvacueeID;51;Triage Status;G;EvacueeID;57;Triage Status;G;EvacueeID;62;Triage Status;G;EvacueeID;66;Triage Status;G;EvacueeID;70;Triage Status;G;EvacueeID;73;Triage Status;G;EvacueeID;75;Triage Status;G;EvacueeID;79;Triage Status;G;EvacueeID;80;Triage Status;G;EvacueeID;89;Triage Status;G;EvacueeID;92;Triage Status;G;EvacueeID;97;Triage Status;G;EvacueeID;260;Triage Status;G;EvacueeID;261;Triage Status;G;EvacueeID;267;Triage Status;G;EvacueeID;283;Triage Status;G;EvacueeID;284;Triage Status;G;EvacueeID;285;Triage Status;G;EvacueeID;287;Triage Status;G;EvacueeID;288;Triage Status;G;EvacueeID;289;Triage Status;G;EvacueeID;296;Triage Status;G;EvacueeID;299;Triage Status;G;EvacueeID;302;Triage Status;G;EvacueeID;307;Triage Status;G;EvacueeID;316;Triage Status;G;EvacueeID;317;Triage Status;G;EvacueeID;318;Triage Status;G;EvacueeID;320;Triage Status;G;EvacueeID;323;Triage Status;G;EvacueeID;336;Triage Status;G;EvacueeID;341;Triage Status;G;EvacueeID;345;Triage Status;G;EvacueeID;346;Triage Status;G;EvacueeID;348;Triage Status;G;EvacueeID;349;Triage Status;G;EvacueeID;356;Triage Status;G;EvacueeID;376;Triage Status;G;EvacueeID;379;Triage Status;G;EvacueeID;380;Triage Status;G;EvacueeID;381;Triage Status;G;EvacueeID;382;Triage Status;G;EvacueeID;388;Triage Status;G;EvacueeID;391;Triage Status;G;EvacueeID;394;Triage Status;G;EvacueeID;402;Triage Status;G;EvacueeID;408;Triage Status;G;EvacueeID;409;Triage Status;G;EvacueeID;411;Triage Status;G;EvacueeID;415;Triage Status;G;EvacueeID;422;Triage Status;G;EvacueeID;427;Triage Status;G;EvacueeID;217;Triage Status;W;EvacueeID;229;Triage Status;W;EvacueeID;233;Triage Status;W;EvacueeID;236;Triage Status;W;EvacueeID;250;Triage Status;W;EvacueeID;255;Triage Status;W;EvacueeID;258;Triage Status;W;EvacueeID;462;Triage Status;Y;EvacueeID;98;Triage Status;G;EvacueeID;99;Triage Status;G;EvacueeID;115;Triage Status;G;EvacueeID;119;Triage Status;G;EvacueeID;125;Triage Status;G;EvacueeID;130;Triage Status;G;EvacueeID;134;Triage Status;G;EvacueeID;140;Triage Status;G;EvacueeID;143;Triage Status;G;EvacueeID;149;Triage Status;G;Lives Saved;88
5685,450,evacuee,outFOL,Evacuee 125 in triage category G is not assigned a helicopter
5685,450,evacuee,,Evacuee;125;in triage state;G;is at the FOL
5685,582,evacuee,outFOL,Evacuee 99 in triage category G is not assigned a helicopter
5685,582,evacuee,,Evacuee;99;in triage state;G;is at the FOL
5685,645,evacuee,outFOL,Evacuee 115 in triage category G is not assigned a helicopter
5685,645,evacuee,,Evacuee;115;in triage state;G;is at the FOL
5685,648,evacuee,outFOL,Evacuee 98 in triage category G is not assigned a helicopter
5685,648,evacuee,,Evacuee;98;in triage state;G;is at the FOL
5685,699,evacuee,outFOL,Evacuee 134 in triage category G is not assigned a helicopter
5685,699,evacuee,,Evacuee;134;in triage state;G;is at the FOL
5685,897,evacuee,outFOL,Evacuee 119 in triage category G is not assigned a helicopter
5685,897,evacuee,,Evacuee;119;in triage state;G;is at the FOL
5685,1201,evacuee,outFOL,Evacuee 140 in triage category G is not assigned a helicopter
5685,1201,evacuee,,Evacuee;140;in triage state;G;is at the FOL
5685,1204,evacuee,outFOL,Evacuee 130 in triage category G is not assigned a helicopter
5685,1204,evacuee,,Evacuee;130;in triage state;G;is at the FOL
5685,1207,evacuee,outFOL,Evacuee 143 in triage category G is not assigned a helicopter
5685,1207,evacuee,,Evacuee;143;in triage state;G;is at the FOL
5685,1210,evacuee,outFOL,Evacuee 149 in triage category G is not assigned a helicopter
5685,1210,evacuee,,Evacuee;149;in triage state;G;is at the FOL
5685,219,FOL,,;EvacueeID;5;Triage Status;G;EvacueeID;7;Triage Status;G;EvacueeID;13;Triage Status;G;EvacueeID;16;Triage Status;G;EvacueeID;18;Triage Status;G;EvacueeID;22;Triage Status;G;EvacueeID;23;Triage Status;G;EvacueeID;24;Triage Status;G;EvacueeID;25;Triage Status;G;EvacueeID;30;Triage Status;G;EvacueeID;32;Triage Status;G;EvacueeID;34;Triage Status;G;EvacueeID;37;Triage Status;G;EvacueeID;39;Triage Status;G;EvacueeID;40;Triage Status;G;EvacueeID;43;Triage Status;G;EvacueeID;44;Triage Status;G;EvacueeID;45;Triage Status;G;EvacueeID;51;Triage Status;G;EvacueeID;57;Triage Status;G;EvacueeID;62;Triage Status;G;EvacueeID;66;Triage Status;G;EvacueeID;70;Triage Status;G;EvacueeID;73;Triage Status;G;EvacueeID;75;Triage Status;G;EvacueeID;79;Triage Status;G;EvacueeID;80;Triage Status;G;EvacueeID;89;Triage Status;G;EvacueeID;92;Triage Status;G;EvacueeID;97;Triage Status;G;EvacueeID;260;Triage Status;G;EvacueeID;261;Triage Status;G;EvacueeID;267;Triage Status;G;EvacueeID;283;Triage Status;G;EvacueeID;284;Triage Status;G;EvacueeID;285;Triage Status;G;EvacueeID;287;Triage Status;G;EvacueeID;288;Triage Status;G;EvacueeID;289;Triage Status;G;EvacueeID;296;Triage Status;G;EvacueeID;299;Triage Status;G;EvacueeID;302;Triage Status;G;EvacueeID;307;Triage Status;G;EvacueeID;316;Triage Status;G;EvacueeID;317;Triage Status;G;EvacueeID;318;Triage Status;G;EvacueeID;320;Triage Status;G;EvacueeID;323;Triage Status;G;EvacueeID;336;Triage Status;G;EvacueeID;341;Triage Status;G;EvacueeID;345;Triage Status;G;EvacueeID;346;Triage Status;G;EvacueeID;348;Triage Status;G;EvacueeID;349;Triage Status;G;EvacueeID;356;Triage Status;G;EvacueeID;376;Triage Status;G;EvacueeID;379;Triage Status;G;EvacueeID;380;Triage Status;G;EvacueeID;381;Triage Status;G;EvacueeID;382;Triage Status;G;EvacueeID;388;Triage Status;G;EvacueeID;391;Triage Status;G;EvacueeID;394;Triage Status;G;EvacueeID;402;Triage Status;G;EvacueeID;408;Triage Status;G;EvacueeID;409;Triage Status;G;EvacueeID;411;Triage Status;G;EvacueeID;415;Triage Status;G;EvacueeID;422;Triage Status;G;EvacueeID;427;Triage Status;G;EvacueeID;217;Triage Status;W;EvacueeID;229;Triage Status;W;EvacueeID;233;Triage Status;W;EvacueeID;236;Triage Status;W;EvacueeID;250;Triage Status;W;EvacueeID;255;Triage Status;W;EvacueeID;258;Triage Status;W;EvacueeID;462;Triage Status;Y;EvacueeID;98;Triage Status;G;EvacueeID;99;Triage Status;G;EvacueeID;115;Triage Status;G;EvacueeID;119;Triage Status;G;EvacueeID;125;Triage Status;G;EvacueeID;130;Triage Status;G;EvacueeID;134;Triage Status;G;EvacueeID;140;Triage Status;G;EvacueeID;143;Triage Status;G;EvacueeID;149;Triage Status;G;Lives Saved;88
5700,1153,helicopter,,Helicopter;1;Is going to the evacuation site;;and has;0;spots taken
5736.72,3,evacueeManager,,OFF SHIP: White;0;Green;0;Yellow;0;Red;0;Black;373;ON SHIP: White;21;Green;18;Yellow;0;Red;0;Evacuees to Transfer;
5736.72,1336,evacuee,outES,Evacuee 253 in triage category G is told to board the coast guard ship
5736.72,1336,evacuee,,Evacuee;253;in triage state;W;is on board the Coast Guard Ship
5850,5,helicopterQueue,,1;Helos are waiting to land;HeloID;1
5850,1153,helicopter,outES,Helicopter 1 is evacuating people1
5850,1153,helicopter,,Helicopter;1;is waiting to land at the evacuation site;;and has;0;spots taken
5850,4,helipadManager,,;No helos are at ES
5850,5,helicopterQueue,outHM,Helicopter 1 is evacuating people1
5850,5,helicopterQueue,outHelo,Helicopter 1 is evacuating people1
5850,5,helicopterQueue,,;No helos are waiting to land
5850,1152,filterES,,Helicopter;1;is evacuating people
5850,3,evacueeManager,,OFF SHIP: White;0;Green;0;Yellow;0;Red;0;Black;373;ON SHIP: White;21;Green;8;Yellow;0;Red;0;Evacuees to Transfer;;EvacueeID;150;HeloID;1;OnShip;0;Triage Status;G;EvacueeID;151;HeloID;1;OnShip;0;Triage Status;G;EvacueeID;180;HeloID;1;OnShip;0;Triage Status;G;EvacueeID;191;HeloID;1;OnShip;0;Triage Status;G;EvacueeID;199;HeloID;1;OnShip;0;Triage Status;G;EvacueeID;205;HeloID;1;OnShip;0;Triage Status;G;EvacueeID;206;HeloID;1;OnShip;0;Triage Status;G;EvacueeID;209;HeloID;1;OnShip;0;Triage Status;G;EvacueeID;227;HeloID;1;OnShip;0;Triage Status;G;EvacueeID;242;HeloID;1;OnShip;0;Triage Status;G
5850,4,helipadManager,outEM,Helicopter 1 is evacuating people1
5850,4,helipadManager,,Helo;1;is at the ES
5850,1152,filterES,out,Helicopter 1 is evacuating people1
5850,1152,filterES,,
5850,1153,helicopter,,Helicopter;1;is waiting to land at the evacuation site;;and has;0;spots taken
5850,3,evacueeManager,outEvac,Evacuee 150 in triage category G is assigned helicopter 1
5850,3,evacueeManager,outEvac,Evacuee 151 in triage category G is assigned helicopter 1
5850,3,evacueeManager,outEvac,Evacuee 180 in triage category G is assigned helicopter 1
5850,3,evacueeManager,outEvac,Evacuee 191 in triage category G is assigned helicopter 1
5850,3,evacueeManager,outEvac,Evacuee 199 in triage category G is assigned helicopter 1
5850,3,evacueeManager,outEvac,Evacuee 205 in triage category G is assigned helicopter 1
5850,3,evacueeManager,outEvac,Evacuee 206 in triage category G is assigned helicopter 1
5850,3,evacueeManager,outEvac,Evacuee 209 in triage category G is assigned helicopter 1
5850,3,evacueeManager,outEvac,Evacuee 227 in triage category G is assigned helicopter 1
5850,3,evacueeManager,outEvac,Evacuee 242 in triage category G is assigned helicopter 1
5850,3,evacueeManager,,OFF SHIP: White;0;Green;0;Yellow;0;Red;0;Black;373;ON SHIP: White;21;Green;8;Yellow;0;Red;0;Evacuees to Transfer;
5850,7,filterLoc,,
5850,10,filterLoc,,
5850,13,filterLoc,,
5850,16,filterLoc,,
5850,19,filterLoc,,
5850,22,filterLoc,,
5850,25,filterLoc,,
5850,28,filterLoc,,
5850,31,filterLoc,,
5850,34,filterLoc,,
5850,37,filterLoc,,
5850,40,filterLoc,,
5850,43,filterLoc,,
5850,46,filterLoc,,
5850,49,filterLoc,,
5850,52,filterLoc,,
5850,55,filterLoc,,
5850,58,filterLoc,,
5850,61,filterLoc,,
5850,64,filterLoc,,
5850,67,filterLoc,,
5850,70,filterLoc,,
5850,73,filterLoc,,
5850,76,filterLoc,,
5850,79,filterLoc,,
5850,82,filterLoc,,
5850,85,filterLoc,,
5850,88,filterLoc,,
5850,91,filterLoc,,
5850,94,filterLoc,,
5850,97,filterLoc,,
5850,100,filterLoc,,
5850,103,filterLoc,,
5850,106,filterLoc,,
5850,109,filterLoc,,
5850,112,filterLoc,,
5850,115,filterLoc,,
5850,118,filterLoc,,
5850,121,filterLoc,,
5850,124,filterLoc,,
5850,127,filterLoc,,
5850,130,filterLoc,,
5850,133,filterLoc,,
5850,136,filterLoc,,
5850,139,filterLoc,,
5850,142,filterLoc,,
5850,145,filterLoc,,
5850,148,filterLoc,,
5850,151,filterLoc,,
5850,154,filterLoc,,
5850,157,filterLoc,,
5850,160,filterLoc,,
5850,163,filterLoc,,
5850,166,filterLoc,,
5850,169,filterLoc,,
5850,172,filterLoc,,
5850,175,filterLoc,,
5850,178,filterLoc,,
5850,181,filterLoc,,
5850,184,filterLoc,,
5850,187,filterLoc,,
5850,190,filterLoc,,
5850,193,filterLoc,,
5850,196,filterLoc,,
5850,199,filterLoc,,
5850,202,filterLoc,,
5850,205,filterLoc,,
5850,208,filterLoc,,
5850,211,filterLoc,,
5850,214,filterLoc,,
5850,217,filterLoc,,
5850,221,filterLoc,,
5850,224,filterLoc,,
5850,227,filterLoc,,
5850,230,filterLoc,,
5850,233,filterLoc,,
5850,236,filterLoc,,
5850,239,filterLoc,,
5850,242,filterLoc,,
5850,245,filterLoc,,
5850,248,filterLoc,,
5850,251,filterLoc,,
5850,254,filterLoc,,
5850,257,filterLoc,,
5850,260,filterLoc,,
5850,263,filterLoc,,
5850,266,filterLoc,,
5850,269,filterLoc,,
5850,272,filterLoc,,
5850,275,filterLoc,,
5850,278,filterLoc,,
5850,281,filterLoc,,
5850,284,filterLoc,,
5850,287,filterLoc,,
5850,290,filterLoc,,
5850,293,filterLoc,,
5850,296,filterLoc,,
5850,299,filterLoc,,
5850,302,filterLoc,,
5850,305,filterLoc,,
5850,308,filterLoc,,
5850,311,filterLoc,,
5850,314,filterLoc,,
5850,317,filterLoc,,
5850,320,filterLoc,,
5850,323,filterLoc,,
5850,326,filterLoc,,
5850,329,filterLoc,,
5850,332,filterLoc,,
5850,335,filterLoc,,
5850,338,filterLoc,,
5850,341,filterLoc,,
5850,344,filterLoc,,
5850,347,filterLoc,,
5850,350,filterLoc,,
5850,353,filterLoc,,
5850,356,filterLoc,,
5850,359,filterLoc,,
5850,362,filterLoc,,
5850,365,filterLoc,,
5850,368,filterLoc,,
5850,371,filterLoc,,
5850,374,filterLoc,,
5850,377,filterLoc,,
5850,380,filterLoc,,
5850,383,filterLoc,,
5850,386,filterLoc,,
5850,389,filterLoc,,
5850,392,filterLoc,,
5850,395,filterLoc,,
5850,398,filterLoc,,
5850,401,filterLoc,,
5850,404,filterLoc,,
5850,407,filterLoc,,
5850,410,filterLoc,,
5850,413,filterLoc,,
5850,416,filterLoc,,
5850,419,filterLoc,,
5850,422,filterLoc,,
5850,425,filterLoc,,
5850,428,filterLoc,,
5850,431,filterLoc,,
5850,434,filterLoc,,
5850,437,filterLoc,,
5850,440,filterLoc,,
5850,443,filterLoc,,
5850,446,filterLoc,,
5850,449,filterLoc,,
5850,452,filterLoc,,
5850,455,filterLoc,,
5850,458,filterLoc,,
5850,461,filterLoc,,
5850,464,filterLoc,,
5850,467,filterLoc,,
5850,470,filterLoc,,
5850,473,filterLoc,,
5850,476,filterLoc,,
5850,479,filterLoc,,
5850,482,filterLoc,,
5850,485,filterLoc,,
5850,488,filterLoc,,
5850,491,filterLoc,,
5850,494,filterLoc,,
5850,497,filterLoc,,
5850,500,filterLoc,,
5850,503,filterLoc,,
5850,506,filterLoc,,
5850,509,filterLoc,,
5850,512,filterLoc,,
5850,515,filterLoc,,
5850,518,filterLoc,,
5850,521,filterLoc,,
5850,524,filterLoc,,
5850,527,filterLoc,,
5850,530,filterLoc,,
5850,533,filterLoc,,
5850,536,filterLoc,,
5850,539,filterLoc,,
5850,542,filterLoc,,
5850,545,filterLoc,,
5850,548,filterLoc,,
5850,551,filterLoc,,
5850,554,filterLoc,,
5850,557,filterLoc,,
5850,560,filterLoc,,
5850,563,filterLoc,,
5850,566,filterLoc,,
5850,569,filterLoc,,
5850,572,filterLoc,,
5850,575,filterLoc,,
5850,578,filterLoc,,
5850,581,filterLoc,,
5850,584,filterLoc,,
5850,587,filterLoc,,
5850,590,filterLoc,,
5850,593,filterLoc,,
5850,596,filterLoc,,
5850,599,filterLoc,,
5850,602,filterLoc,,
5850,605,filterLoc,,
5850,608,filterLoc,,
5850,611,filterLoc,,
5850,614,filterLoc,,
5850,617,filterLoc,,
5850,620,filterLoc,,
5850,623,filterLoc,,
5850,626,filterLoc,,
5850,629,filterLoc,,
5850,632,filterLoc,,
5850,635,filterLoc,,
5850,638,filterLoc,,
5850,641,filterLoc,,
5850,644,filterLoc,,
5850,647,filterLoc,,
5850,650,filterLoc,,
5850,653,filterLoc,,
5850,656,filterLoc,,
5850,659,filterLoc,,
5850,662,filterLoc,,
5850,665,filterLoc,,
5850,668,filterLoc,,
5850,671,filterLoc,,
5850,674,filterLoc,,
5850,677,filterLoc,,
5850,680,filterLoc,,
5850,683,filterLoc,,
5850,686,filterLoc,,
5850,689,filterLoc,,
5850,692,filterLoc,,
5850,695,filterLoc,,
5850,698,filterLoc,,
5850,701,filterLoc,,;Evacuee;199;in triage category;G;is entering helicopter;1
5850,704,filterLoc,,
5850,707,filterLoc,,
5850,710,filterLoc,,
5850,713,filterLoc,,
5850,716,filterLoc,,
5850,719,filterLoc,,
5850,722,filterLoc,,
5850,725,filterLoc,,
5850,728,filterLoc,,
5850,731,filterLoc,,
5850,734,filterLoc,,
5850,737,filterLoc,,
5850,740,filterLoc,,
5850,743,filterLoc,,
5850,746,filterLoc,,
5850,749,filterLoc,,
5850,752,filterLoc,,
5850,755,filterLoc,,
5850,758,filterLoc,,
5850,761,filterLoc,,
5850,764,filterLoc,,
5850,767,filterLoc,,
5850,770,filterLoc,,
5850,773,filterLoc,,
5850,776,filterLoc,,
5850,779,filterLoc,,
5850,782,filterLoc,,
5850,785,filterLoc,,
5850,788,filterLoc,,
5850,791,filterLoc,,
5850,794,filterLoc,,
5850,797,filterLoc,,
5850,800,filterLoc,,
5850,803,filterLoc,,
5850,806,filterLoc,,
5850,809,filterLoc,,
5850,812,filterLoc,,
5850,815,filterLoc,,
5850,818,filterLoc,,
5850,821,filterLoc,,
5850,824,filterLoc,,
5850,827,filterLoc,,
5850,830,filterLoc,,
5850,833,filterLoc,,
5850,836,filterLoc,,
5850,839,filterLoc,,
5850,842,filterLoc,,
5850,845,filterLoc,,
5850,848,filterLoc,,
5850,851,filterLoc,,
5850,854,filterLoc,,
5850,857,filterLoc,,
5850,860,filterLoc,,
5850,863,filterLoc,,
5850,866,filterLoc,,
5850,869,filterLoc,,
5850,872,filterLoc,,
5850,875,filterLoc,,
5850,878,filterLoc,,
5850,881,filterLoc,,
5850,884,filterLoc,,
5850,887,filterLoc,,
5850,890,filterLoc,,
5850,893,filterLoc,,;Evacuee;150;in triage category;G;is entering helicopter;1
5850,896,filterLoc,,
5850,899,filterLoc,,
5850,902,filterLoc,,
5850,905,filterLoc,,
5850,908,filterLoc,,
5850,911,filterLoc,,
5850,914,filterLoc,,
5850,917,filterLoc,,
5850,920,filterLoc,,
5850,923,filterLoc,,
5850,926,filterLoc,,
5850,929,filterLoc,,
5850,932,filterLoc,,
5850,935,filterLoc,,
5850,938,filterLoc,,
5850,941,filterLoc,,
5850,944,filterLoc,,
5850,947,filterLoc,,
5850,950,filterLoc,,
5850,953,filterLoc,,
5850,956,filterLoc,,;Evacuee;209;in triage category;G;is entering helicopter;1
5850,959,filterLoc,,
5850,962,filterLoc,,
5850,965,filterLoc,,
5850,968,filterLoc,,
5850,971,filterLoc,,
5850,974,filterLoc,,
5850,977,filterLoc,,
5850,980,filterLoc,,
5850,983,filterLoc,,
5850,986,filterLoc,,
5850,989,filterLoc,,
5850,992,filterLoc,,
5850,995,filterLoc,,
5850,998,filterLoc,,
5850,1001,filterLoc,,
5850,1004,filterLoc,,
5850,1007,filterLoc,,
5850,1010,filterLoc,,
5850,1013,filterLoc,,
5850,1016,filterLoc,,
5850,1019,filterLoc,,
5850,1022,filterLoc,,
5850,1025,filterLoc,,
5850,1028,filterLoc,,
5850,1031,filterLoc,,
5850,1034,filterLoc,,
5850,1037,filterLoc,,
5850,1040,filterLoc,,
5850,1043,filterLoc,,
5850,1046,filterLoc,,
5850,1049,filterLoc,,
5850,1052,filterLoc,,
5850,1055,filterLoc,,
5850,1058,filterLoc,,
5850,1061,filterLoc,,
5850,1064,filterLoc,,
5850,1067,filterLoc,,
5850,1070,filterLoc,,
5850,1073,filterLoc,,
5850,1076,filterLoc,,
5850,1079,filterLoc,,
5850,1082,filterLoc,,
5850,1085,filterLoc,,
5850,1088,filterLoc,,
5850,1091,filterLoc,,
5850,1094,filterLoc,,
5850,1097,filterLoc,,
5850,1100,filterLoc,,
5850,1103,filterLoc,,
5850,1106,filterLoc,,
5850,1109,filterLoc,,
5850,1112,filterLoc,,
5850,1115,filterLoc,,
5850,1118,filterLoc,,
5850,1121,filterLoc,,
5850,1124,filterLoc,,
5850,1127,filterLoc,,
5850,1130,filterLoc,,
5850,1133,filterLoc,,
5850,1136,filterLoc,,
5850,1139,filterLoc,,
5850,1142,filterLoc,,
5850,1145,filterLoc,,
5850,1148,filterLoc,,
5850,1153,helicopter,,Helicopter;1;is loading people at the evacuation site;;and has;0;spots taken
5850,1155,filterLoc,,
5850,1158,filterLoc,,
5850,1161,filterLoc,,
5850,1164,filterLoc,,
5850,1167,filterLoc,,
5850,1170,filterLoc,,
5850,1173,filterLoc,,
5850,1176,filterLoc,,
5850,1179,filterLoc,,
5850,1182,filterLoc,,
5850,1185,filterLoc,,
5850,1188,filterLoc,,
5850,1191,filterLoc,,
5850,1194,filterLoc,,
5850,1197,filterLoc,,
5850,1200,filterLoc,,
5850,1203,filterLoc,,
5850,1206,filterLoc,,
5850,1209,filterLoc,,
5850,1212,filterLoc,,
5850,1215,filterLoc,,;Evacuee;151;in triage category;G;is entering helicopter;1
5850,1218,filterLoc,,
5850,1221,filterLoc,,
5850,1224,filterLoc,,
5850,1227,filterLoc,,
5850,1230,filterLoc,,
5850,1233,filterLoc,,
5850,1236,filterLoc,,
5850,1239,filterLoc,,
5850,1242,filterLoc,,
5850,1245,filterLoc,,
5850,1248,filterLoc,,
5850,1251,filterLoc,,
5850,1254,filterLoc,,
5850,1257,filterLoc,,
5850,1260,filterLoc,,;Evacuee;242;in triage category;G;is entering helicopter;1
5850,1263,filterLoc,,
5850,1266,filterLoc,,
5850,1269,filterLoc,,
5850,1272,filterLoc,,
5850,1275,filterLoc,,
5850,1278,filterLoc,,
5850,1281,filterLoc,,
5850,1284,filterLoc,,
5850,1287,filterLoc,,
5850,1290,filterLoc,,
5850,1293,filterLoc,,
5850,1296,filterLoc,,
5850,1299,filterLoc,,
5850,1302,filterLoc,,
5850,1305,filterLoc,,
5850,1308,filterLoc,,
5850,1311,filterLoc,,
5850,1314,filterLoc,,
5850,1317,filterLoc,,
5850,1320,filterLoc,,
5850,1323,filterLoc,,
5850,1326,filterLoc,,
5850,1329,filterLoc,,
5850,1332,filterLoc,,
5850,1335,filterLoc,,
5850,1338,filterLoc,,;Evacuee;191;in triage category;G;is entering helicopter;1
5850,1341,filterLoc,,
5850,1344,filterLoc,,
5850,1347,filterLoc,,
5850,1350,filterLoc,,
5850,1353,filterLoc,,
5850,1356,filterLoc,,
5850,1359,filterLoc,,
5850,1362,filterLoc,,
5850,1365,filterLoc,,
5850,1368,filterLoc,,
5850,1371,filterLoc,,
5850,1374,filterLoc,,
5850,1377,filterLoc,,
5850,1380,filterLoc,,
5850,1383,filterLoc,,
5850,1386,filterLoc,,;Evacuee;205;in triage category;G;is entering helicopter;1
5850,1389,filterLoc,,
5850,1392,filterLoc,,;Evacuee;180;in triage category;G;is entering helicopter;1
5850,1395,filterLoc,,;Evacuee;206;in triage category;G;is entering helicopter;1
5850,1398,filterLoc,,
5850,1401,filterLoc,,
5850,1404,filterLoc,,
5850,1407,filterLoc,,
5850,1410,filterLoc,,
5850,1413,filterLoc,,
5850,1416,filterLoc,,
5850,1419,filterLoc,,
5850,1422,filterLoc,,
5850,1425,filterLoc,,
5850,1428,filterLoc,,
5850,1431,filterLoc,,
5850,1434,filterLoc,,
5850,1437,filterLoc,,
5850,1440,filterLoc,,
5850,1443,filterLoc,,
5850,1446,filterLoc,,;Evacuee;227;in triage category;G;is entering helicopter;1
5850,1449,filterLoc,,
5850,1452,filterLoc,,
5850,1455,filterLoc,,
5850,1458,filterLoc,,
5850,1461,filterLoc,,
5850,1464,filterLoc,,
5850,1467,filterLoc,,
5850,1470,filterLoc,,
5850,1473,filterLoc,,
5850,1476,filterLoc,,
5850,1479,filterLoc,,
5850,1482,filterLoc,,
5850,1485,filterLoc,,
5850,1488,filterLoc,,
5850,1491,filterLoc,,
5850,1494,filterLoc,,
5850,1497,filterLoc,,
5850,1500,filterLoc,,
5850,1503,filterLoc,,
5850,1506,filterLoc,,
5850,1509,filterLoc,,
5850,701,filterLoc,out,Evacuee 199 in triage category G is assigned helicopter 1
5850,701,filterLoc,,
5850,702,evacuee,,Evacuee;199;in triage state;G;is entering helicopter;1
5850,893,filterLoc,out,Evacuee 150 in triage category G is assigned helicopter 1
5850,893,filterLoc,,
5850,894,evacuee,,Evacuee;150;in triage state;G;is entering helicopter;1
5850,956,filterLoc,out,Evacuee 209 in triage category G is assigned helicopter 1
5850,956,filterLoc,,
5850,957,evacuee,,Evacuee;209;in triage state;G;is entering helicopter;1
5850,1215,filterLoc,out,Evacuee 151 in triage category G is assigned helicopter 1
5850,1215,filterLoc,,
5850,1216,evacuee,,Evacuee;151;in triage state;G;is entering helicopter;1
5850,1260,filterLoc,out,Evacuee 242 in triage category G is assigned helicopter 1
5850,1260,filterLoc,,
5850,1261,evacuee,,Evacuee;242;in triage state;G;is entering helicopter;1
5850,1338,filterLoc,out,Evacuee 191 in triage category G is assigned helicopter 1
5850,1338,filterLoc,,
5850,1339,evacuee,,Evacuee;191;in triage state;G;is entering helicopter;1
5850,1386,filterLoc,out,Evacuee 205 in triage category G is assigned helicopter 1
5850,1386,filterLoc,,
5850,1387,evacuee,,Evacuee;205;in triage state;G;is entering helicopter;1
5850,1392,filterLoc,out,Evacuee 180 in triage category G is assigned helicopter 1
5850,1392,filterLoc,,
5850,1393,evacuee,,Evacuee;180;in triage state;G;is entering helicopter;1
5850,1395,filterLoc,out,Evacuee 206 in triage category G is assigned helicopter 1
5850,1395,filterLoc,,
5850,1396,evacuee,,Evacuee;206;in triage state;G;is entering helicopter;1
5850,1446,filterLoc,out,Evacuee 227 in triage category G is assigned helicopter 1
5850,1446,filterLoc,,
5850,1447,evacuee,,Evacuee;227;in triage state;G;is entering helicopter;1
5850,702,evacuee,outHelo,Evacuee 199 in triage category G is assigned helicopter 1
5850,702,evacuee,,Evacuee;199;in triage state;G;is in helicopter;1
5850,894,evacuee,outHelo,Evacuee 150 in triage category G is assigned helicopter 1
5850,894,evacuee,,Evacuee;150;in triage state;G;is in helicopter;1
5850,957,evacuee,outHelo,Evacuee 209 in triage category G is assigned helicopter 1
5850,957,evacuee,,Evacuee;209;in triage state;G;is in helicopter;1
5850,1151,filterEvac,,;Evacuee;150;in triage category;G;is entering helicopter;1;Evacuee;151;in triage category;G;is entering helicopter;1;Evacuee;180;in triage category;G;is entering helicopter;1;Evacuee;191;in triage category;G;is entering helicopter;1;Evacuee;199;in triage category;G;is entering helicopter;1;Evacuee;205;in triage category;G;is entering helicopter;1;Evacuee;206;in triage category;G;is entering helicopter;1;Evacuee;209;in triage category;G;is entering helicopter;1;Evacuee;227;in triage category;G;is entering helicopter;1;Evacuee;242;in triage category;G;is entering helicopter;1
5850,1216,evacuee,outHelo,Evacuee 151 in triage category G is assigned helicopter 1
5850,1216,evacuee,,Evacuee;151;in triage state;G;is in helicopter;1
5850,1261,evacuee,outHelo,Evacuee 242 in triage category G is assigned helicopter 1
5850,1261,evacuee,,Evacuee;242;in triage state;G;is in helicopter;1
5850,1339,evacuee,outHelo,Evacuee 191 in triage category G is assigned helicopter 1
5850,1339,evacuee,,Evacuee;191;in triage state;G;is in helicopter;1
5850,1387,evacuee,outHelo,Evacuee 205 in triage category G is assigned helicopter 1
5850,1387,evacuee,,Evacuee;205;in triage state;G;is in helicopter;1
5850,1393,evacuee,outHelo,Evacuee 180 in triage category G is assigned helicopter 1
5850,1393,evacuee,,Evacuee;180;in triage state;G;is in helicopter;1
5850,1396,evacuee,outHelo,Evacuee 206 in triage category G is assigned helicopter 1
5850,1396,evacuee,,Evacuee;206;in triage state;G;is in helicopter;1
5850,1447,evacuee,outHelo,Evacuee 227 in triage category G is assigned helicopter 1
5850,1447,evacuee,,Evacuee;227;in triage state;G;is in helicopter;1
5850,1151,filterEvac,out,Evacuee 150 in triage category G is assigned helicopter 1
5850,1151,filterEvac,out,Evacuee 151 in triage category G is assigned helicopter 1
5850,1151,filterEvac,out,Evacuee 180 in triage category G is assigned helicopter 1
5850,1151,filterEvac,out,Evacuee 191 in triage category G is assigned helicopter 1
5850,1151,filterEvac,out,Evacuee 199 in triage category G is assigned helicopter 1
5850,1151,filterEvac,out,Evacuee 205 in triage category G is assigned helicopter 1
5850,1151,filterEvac,out,Evacuee 206 in triage category G is assigned helicopter 1
5850,1151,filterEvac,out,Evacuee 209 in triage category G is assigned helicopter 1
5850,1151,filterEvac,out,Evacuee 227 in triage category G is assigned helicopter 1
5850,1151,filterEvac,out,Evacuee 242 in triage category G is assigned helicopter 1
5850,1151,filterEvac,,
5850,1153,helicopter,,Helicopter;1;is loading people at the evacuation site;;and has;10;spots taken
5865,4,helipadManager,outHelo,Helicopter 1 is evacuating people1
5865,4,helipadManager,,;No helos are at ES
5865,1152,filterES,,Helicopter;1;is evacuating people
5865,4,helipadManager,outHQ,0
5865,4,helipadManager,,;No helos are at ES
5865,5,helicopterQueue,,;No helos are waiting to land
5865,1152,filterES,out,Helicopter 1 is evacuating people1
5865,1152,filterES,,
5865,1153,helicopter,,Helicopter;1;is loading people at the evacuation site;;and has;10;spots taken
5865,5,helicopterQueue,,;No helos are waiting to land
5865,1153,helicopter,,Helicopter;1;is returning to the FOL;;and has;10;spots taken
6015,7,filterLoc,,
6015,10,filterLoc,,
6015,13,filterLoc,,
6015,16,filterLoc,,
6015,19,filterLoc,,
6015,22,filterLoc,,
6015,25,filterLoc,,
6015,28,filterLoc,,
6015,31,filterLoc,,
6015,34,filterLoc,,
6015,37,filterLoc,,
6015,40,filterLoc,,
6015,43,filterLoc,,
6015,46,filterLoc,,
6015,49,filterLoc,,
6015,52,filterLoc,,
6015,55,filterLoc,,
6015,58,filterLoc,,
6015,61,filterLoc,,
6015,64,filterLoc,,
6015,67,filterLoc,,
6015,70,filterLoc,,
6015,73,filterLoc,,
6015,76,filterLoc,,
6015,79,filterLoc,,
6015,82,filterLoc,,
6015,85,filterLoc,,
6015,88,filterLoc,,
6015,91,filterLoc,,
6015,94,filterLoc,,
6015,97,filterLoc,,
6015,100,filterLoc,,
6015,103,filterLoc,,
6015,106,filterLoc,,
6015,109,filterLoc,,
6015,112,filterLoc,,
6015,115,filterLoc,,
6015,118,filterLoc,,
6015,121,filterLoc,,
6015,124,filterLoc,,
6015,127,filterLoc,,
6015,130,filterLoc,,
6015,133,filterLoc,,
6015,136,filterLoc,,
6015,139,filterLoc,,
6015,142,filterLoc,,
6015,145,filterLoc,,
6015,148,filterLoc,,
6015,151,filterLoc,,
6015,154,filterLoc,,
6015,157,filterLoc,,
6015,160,filterLoc,,
6015,163,filterLoc,,
6015,166,filterLoc,,
6015,169,filterLoc,,
6015,172,filterLoc,,
6015,175,filterLoc,,
6015,178,filterLoc,,
6015,181,filterLoc,,
6015,184,filterLoc,,
6015,187,filterLoc,,
6015,190,filterLoc,,
6015,193,filterLoc,,
6015,196,filterLoc,,
6015,199,filterLoc,,
6015,202,filterLoc,,
6015,205,filterLoc,,
6015,208,filterLoc,,
6015,211,filterLoc,,
6015,214,filterLoc,,
6015,217,filterLoc,,
6015,221,filterLoc,,
6015,224,filterLoc,,
6015,227,filterLoc,,
6015,230,filterLoc,,
6015,233,filterLoc,,
6015,236,filterLoc,,
6015,239,filterLoc,,
6015,242,filterLoc,,
6015,245,filterLoc,,
6015,248,filterLoc,,
6015,251,filterLoc,,
6015,254,filterLoc,,
6015,257,filterLoc,,
6015,260,filterLoc,,
6015,263,filterLoc,,
6015,266,filterLoc,,
6015,269,filterLoc,,
6015,272,filterLoc,,
6015,275,filterLoc,,
6015,278,filterLoc,,
6015,281,filterLoc,,
6015,284,filterLoc,,
6015,287,filterLoc,,
6015,290,filterLoc,,
6015,293,filterLoc,,
6015,296,filterLoc,,
6015,299,filterLoc,,
6015,302,filterLoc,,
6015,305,filterLoc,,
6015,308,filterLoc,,
6015,311,filterLoc,,
6015,314,filterLoc,,
6015,317,filterLoc,,
6015,320,filterLoc,,
6015,323,filterLoc,,
6015,326,filterLoc,,
6015,329,filterLoc,,
6015,332,filterLoc,,
6015,335,filterLoc,,
6015,338,filterLoc,,
6015,341,filterLoc,,
6015,344,filterLoc,,
6015,347,filterLoc,,
6015,350,filterLoc,,
6015,353,filterLoc,,
6015,356,filterLoc,,
6015,359,filterLoc,,
6015,362,filterLoc,,
6015,365,filterLoc,,
6015,368,filterLoc,,
6015,371,filterLoc,,
6015,374,filterLoc,,
6015,377,filterLoc,,
6015,380,filterLoc,,
6015,383,filterLoc,,
6015,386,filterLoc,,
6015,389,filterLoc,,
6015,392,filterLoc,,
6015,395,filterLoc,,
6015,398,filterLoc,,
6015,401,filterLoc,,
6015,404,filterLoc,,
6015,407,filterLoc,,
6015,410,filterLoc,,
6015,413,filterLoc,,
6015,416,filterLoc,,
6015,419,filterLoc,,
6015,422,filterLoc,,
6015,425,filterLoc,,
6015,428,filterLoc,,
6015,431,filterLoc,,
6015,434,filterLoc,,
6015,437,filterLoc,,
6015,440,filterLoc,,
6015,443,filterLoc,,
6015,446,filterLoc,,
6015,449,filterLoc,,
6015,452,filterLoc,,
6015,455,filterLoc,,
6015,458,filterLoc,,
6015,461,filterLoc,,
6015,464,filterLoc,,
6015,467,filterLoc,,
6015,470,filterLoc,,
6015,473,filterLoc,,
6015,476,filterLoc,,
6015,479,filterLoc,,
6015,482,filterLoc,,
6015,485,filterLoc,,
6015,488,filterLoc,,
6015,491,filterLoc,,
6015,494,filterLoc,,
6015,497,filterLoc,,
6015,500,filterLoc,,
6015,503,filterLoc,,
6015,506,filterLoc,,
6015,509,filterLoc,,
6015,512,filterLoc,,
6015,515,filterLoc,,
6015,518,filterLoc,,
6015,521,filterLoc,,
6015,524,filterLoc,,
6015,527,filterLoc,,
6015,530,filterLoc,,
6015,533,filterLoc,,
6015,536,filterLoc,,
6015,539,filterLoc,,
6015,542,filterLoc,,
6015,545,filterLoc,,
6015,548,filterLoc,,
6015,551,filterLoc,,
6015,554,filterLoc,,
6015,557,filterLoc,,
6015,560,filterLoc,,
6015,563,filterLoc,,
6015,566,filterLoc,,
6015,569,filterLoc,,
6015,572,filterLoc,,
6015,575,filterLoc,,
6015,578,filterLoc,,
6015,581,filterLoc,,
6015,584,filterLoc,,
6015,587,filterLoc,,
6015,590,filterLoc,,
6015,593,filterLoc,,
6015,596,filterLoc,,
6015,599,filterLoc,,
6015,602,filterLoc,,
6015,605,filterLoc,,
6015,608,filterLoc,,
6015,611,filterLoc,,
6015,614,filterLoc,,
6015,617,filterLoc,,
6015,620,filterLoc,,
6015,623,filterLoc,,
6015,626,filterLoc,,
6015,629,filterLoc,,
6015,632,filterLoc,,
6015,635,filterLoc,,
6015,638,filterLoc,,
6015,641,filterLoc,,
6015,644,filterLoc,,
6015,647,filterLoc,,
6015,650,filterLoc,,
6015,653,filterLoc,,
6015,656,filterLoc,,
6015,659,filterLoc,,
6015,662,filterLoc,,
6015,665,filterLoc,,
6015,668,filterLoc,,
6015,671,filterLoc,,
6015,674,filterLoc,,
6015,677,filterLoc,,
6015,680,filterLoc,,
6015,683,filterLoc,,
6015,686,filterLoc,,
6015,689,filterLoc,,
6015,692,filterLoc,,
6015,695,filterLoc,,
6015,698,filterLoc,,
6015,701,filterLoc,,;Evacuee;199;in triage category;G;is leaving helicopter;1
6015,704,filterLoc,,
6015,707,filterLoc,,
6015,710,filterLoc,,
6015,713,filterLoc,,
6015,716,filterLoc,,
6015,719,filterLoc,,
6015,722,filterLoc,,
6015,725,filterLoc,,
6015,728,filterLoc,,
6015,731,filterLoc,,
6015,734,filterLoc,,
6015,737,filterLoc,,
6015,740,filterLoc,,
6015,743,filterLoc,,
6015,746,filterLoc,,
6015,749,filterLoc,,
6015,752,filterLoc,,
6015,755,filterLoc,,
6015,758,filterLoc,,
6015,761,filterLoc,,
6015,764,filterLoc,,
6015,767,filterLoc,,
6015,770,filterLoc,,
6015,773,filterLoc,,
6015,776,filterLoc,,
6015,779,filterLoc,,
6015,782,filterLoc,,
6015,785,filterLoc,,
6015,788,filterLoc,,
6015,791,filterLoc,,
6015,794,filterLoc,,
6015,797,filterLoc,,
6015,800,filterLoc,,
6015,803,filterLoc,,
6015,806,filterLoc,,
6015,809,filterLoc,,
6015,812,filterLoc,,
6015,815,filterLoc,,
6015,818,filterLoc,,
6015,821,filterLoc,,
6015,824,filterLoc,,
6015,827,filterLoc,,
6015,830,filterLoc,,
6015,833,filterLoc,,
6015,836,filterLoc,,
6015,839,filterLoc,,
6015,842,filterLoc,,
6015,845,filterLoc,,
6015,848,filterLoc,,
6015,851,filterLoc,,
6015,854,filterLoc,,
6015,857,filterLoc,,
6015,860,filterLoc,,
6015,863,filterLoc,,
6015,866,filterLoc,,
6015,869,filterLoc,,
6015,872,filterLoc,,
6015,875,filterLoc,,
6015,878,filterLoc,,
6015,881,filterLoc,,
6015,884,filterLoc,,
6015,887,filterLoc,,
6015,890,filterLoc,,
6015,893,filterLoc,,;Evacuee;150;in triage category;G;is leaving helicopter;1
6015,896,filterLoc,,
6015,899,filterLoc,,
6015,902,filterLoc,,
6015,905,filterLoc,,
6015,908,filterLoc,,
6015,911,filterLoc,,
6015,914,filterLoc,,
6015,917,filterLoc,,
6015,920,filterLoc,,
6015,923,filterLoc,,
6015,926,filterLoc,,
6015,929,filterLoc,,
6015,932,filterLoc,,
6015,935,filterLoc,,
6015,938,filterLoc,,
6015,941,filterLoc,,
6015,944,filterLoc,,
6015,947,filterLoc,,
6015,950,filterLoc,,
6015,953,filterLoc,,
6015,956,filterLoc,,;Evacuee;209;in triage category;G;is leaving helicopter;1
6015,959,filterLoc,,
6015,962,filterLoc,,
6015,965,filterLoc,,
6015,968,filterLoc,,
6015,971,filterLoc,,
6015,974,filterLoc,,
6015,977,filterLoc,,
6015,980,filterLoc,,
6015,983,filterLoc,,
6015,986,filterLoc,,
6015,989,filterLoc,,
6015,992,filterLoc,,
6015,995,filterLoc,,
6015,998,filterLoc,,
6015,1001,filterLoc,,
6015,1004,filterLoc,,
6015,1007,filterLoc,,
6015,1010,filterLoc,,
6015,1013,filterLoc,,
6015,1016,filterLoc,,
6015,1019,filterLoc,,
6015,1022,filterLoc,,
6015,1025,filterLoc,,
6015,1028,filterLoc,,
6015,1031,filterLoc,,
6015,1034,filterLoc,,
6015,1037,filterLoc,,
6015,1040,filterLoc,,
6015,1043,filterLoc,,
6015,1046,filterLoc,,
6015,1049,filterLoc,,
6015,1052,filterLoc,,
6015,1055,filterLoc,,
6015,1058,filterLoc,,
6015,1061,filterLoc,,
6015,1064,filterLoc,,
6015,1067,filterLoc,,
6015,1070,filterLoc,,
6015,1073,filterLoc,,
6015,1076,filterLoc,,
6015,1079,filterLoc,,
6015,1082,filterLoc,,
6015,1085,filterLoc,,
6015,1088,filterLoc,,
6015,1091,filterLoc,,
6015,1094,filterLoc,,
6015,1097,filterLoc,,
6015,1100,filterLoc,,
6015,1103,filterLoc,,
6015,1106,filterLoc,,
6015,1109,filterLoc,,
6015,1112,filterLoc,,
6015,1115,filterLoc,,
6015,1118,filterLoc,,
6015,1121,filterLoc,,
6015,1124,filterLoc,,
6015,1127,filterLoc,,
6015,1130,filterLoc,,
6015,1133,filterLoc,,
6015,1136,filterLoc,,
6015,1139,filterLoc,,
6015,1142,filterLoc,,
6015,1145,filterLoc,,
6015,1148,filterLoc,,
6015,1153,helicopter,outEvac,Evacuee 150 in triage category G is not assigned a helicopter
6015,1153,helicopter,outEvac,Evacuee 151 in triage category G is not assigned a helicopter
6015,1153,helicopter,outEvac,Evacuee 180 in triage category G is not assigned a helicopter
6015,1153,helicopter,outEvac,Evacuee 191 in triage category G is not assigned a helicopter
6015,1153,helicopter,outEvac,Evacuee 199 in triage category G is not assigned a helicopter
6015,1153,helicopter,outEvac,Evacuee 205 in triage category G is not assigned a helicopter
6015,1153,helicopter,outEvac,Evacuee 206 in triage category G is not assigned a helicopter
6015,1153,helicopter,outEvac,Evacuee 209 in triage category G is not assigned a helicopter
6015,1153,helicopter,outEvac,Evacuee 227 in triage category G is not assigned a helicopter
6015,1153,helicopter,outEvac,Evacuee 242 in triage category G is not assigned a helicopter
6015,1153,helicopter,,Helicopter;1;is unloading people at the FOL;;and has;0;spots taken
6015,1155,filterLoc,,
6015,1158,filterLoc,,
6015,1161,filterLoc,,
6015,1164,filterLoc,,
6015,1167,filterLoc,,
6015,1170,filterLoc,,
6015,1173,filterLoc,,
6015,1176,filterLoc,,
6015,1179,filterLoc,,
6015,1182,filterLoc,,
6015,1185,filterLoc,,
6015,1188,filterLoc,,
6015,1191,filterLoc,,
6015,1194,filterLoc,,
6015,1197,filterLoc,,
6015,1200,filterLoc,,
6015,1203,filterLoc,,
6015,1206,filterLoc,,
6015,1209,filterLoc,,
6015,1212,filterLoc,,
6015,1215,filterLoc,,;Evacuee;151;in triage category;G;is leaving helicopter;1
6015,1218,filterLoc,,
6015,1221,filterLoc,,
6015,1224,filterLoc,,
6015,1227,filterLoc,,
6015,1230,filterLoc,,
6015,1233,filterLoc,,
6015,1236,filterLoc,,
6015,1239,filterLoc,,
6015,1242,filterLoc,,
6015,1245,filterLoc,,
6015,1248,filterLoc,,
6015,1251,filterLoc,,
6015,1254,filterLoc,,
6015,1257,filterLoc,,
6015,1260,filterLoc,,;Evacuee;242;in triage category;G;is leaving helicopter;1
6015,1263,filterLoc,,
6015,1266,filterLoc,,
6015,1269,filterLoc,,
6015,1272,filterLoc,,
6015,1275,filterLoc,,
6015,1278,filterLoc,,
6015,1281,filterLoc,,
6015,1284,filterLoc,,
6015,1287,filterLoc,,
6015,1290,filterLoc,,
6015,1293,filterLoc,,
6015,1296,filterLoc,,
6015,1299,filterLoc,,
6015,1302,filterLoc,,
6015,1305,filterLoc,,
6015,1308,filterLoc,,
6015,1311,filterLoc,,
6015,1314,filterLoc,,
6015,1317,filterLoc,,
6015,1320,filterLoc,,
6015,1323,filterLoc,,
6015,1326,filterLoc,,
6015,1329,filterLoc,,
6015,1332,filterLoc,,
6015,1335,filterLoc,,
6015,1338,filterLoc,,;Evacuee;191;in triage category;G;is leaving helicopter;1
6015,1341,filterLoc,,
6015,1344,filterLoc,,
6015,1347,filterLoc,,
6015,1350,filterLoc,,
6015,1353,filterLoc,,
6015,1356,filterLoc,,
6015,1359,filterLoc,,
6015,1362,filterLoc,,
6015,1365,filterLoc,,
6015,1368,filterLoc,,
6015,1371,filterLoc,,
6015,1374,filterLoc,,
6015,1377,filterLoc,,
6015,1380,filterLoc,,
6015,1383,filterLoc,,
6015,1386,filterLoc,,;Evacuee;205;in triage category;G;is leaving helicopter;1
6015,1389,filterLoc,,
6015,1392,filterLoc,,;Evacuee;180;in triage category;G;is leaving helicopter;1
6015,1395,filterLoc,,;Evacuee;206;in triage category;G;is leaving helicopter;1
6015,1398,filterLoc,,
6015,1401,filterLoc,,
6015,1404,filterLoc,,
6015,1407,filterLoc,,
6015,1410,filterLoc,,
6015,1413,filterLoc,,
6015,1416,filterLoc,,
6015,1419,filterLoc,,
6015,1422,filterLoc,,
6015,1425,filterLoc,,
6015,1428,filterLoc,,
6015,1431,filterLoc,,
6015,1434,filterLoc,,
6015,1437,filterLoc,,
6015,1440,filterLoc,,
6015,1443,filterLoc,,
6015,1446,filterLoc,,;Evacuee;227;in triage category;G;is leaving helicopter;1
6015,1449,filterLoc,,
6015,1452,filterLoc,,
6015,1455,filterLoc,,
6015,1458,filterLoc,,
6015,1461,filterLoc,,
6015,1464,filterLoc,,
6015,1467,filterLoc,,
6015,1470,filterLoc,,
6015,1473,filterLoc,,
6015,1476,filterLoc,,
6015,1479,filterLoc,,
6015,1482,filterLoc,,
6015,1485,filterLoc,,
6015,1488,filterLoc,,
6015,1491,filterLoc,,
6015,1494,filterLoc,,
6015,1497,filterLoc,,
6015,1500,filterLoc,,
6015,1503,filterLoc,,
6015,1506,filterLoc,,
6015,1509,filterLoc,,
6015,701,filterLoc,out,Evacuee 199 in triage category G is not assigned a helicopter
6015,701,filterLoc,,
6015,702,evacuee,,Evacuee;199;in triage state;G;is entering the FOL
6015,893,filterLoc,out,Evacuee 150 in triage category G is not assigned a helicopter
6015,893,filterLoc,,
6015,894,evacuee,,Evacuee;150;in triage state;G;is entering the FOL
6015,956,filterLoc,out,Evacuee 209 in triage category G is not assigned a helicopter
6015,956,filterLoc,,
6015,957,evacuee,,Evacuee;209;in triage state;G;is entering the FOL
6015,1215,filterLoc,out,Evacuee 151 in triage category G is not assigned a helicopter
6015,1215,filterLoc,,
6015,1216,evacuee,,Evacuee;151;in triage state;G;is entering the FOL
6015,1260,filterLoc,out,Evacuee 242 in triage category G is not assigned a helicopter
6015,1260,filterLoc,,
6015,1261,evacuee,,Evacuee;242;in triage state;G;is entering the FOL
6015,1338,filterLoc,out,Evacuee 191 in triage category G is not assigned a helicopter
6015,1338,filterLoc,,
6015,1339,evacuee,,Evacuee;191;in triage state;G;is entering the FOL
6015,1386,filterLoc,out,Evacuee 205 in triage category G is not assigned a helicopter
6015,1386,filterLoc,,
6015,1387,evacuee,,Evacuee;205;in triage state;G;is entering the FOL
6015,1392,filterLoc,out,Evacuee 180 in triage category G is not assigned a helicopter
6015,1392,filterLoc,,
6015,1393,evacuee,,Evacuee;180;in triage state;G;is entering the FOL
6015,1395,filterLoc,out,Evacuee 206 in triage category G is not assigned a helicopter
6015,1395,filterLoc,,
6015,1396,evacuee,,Evacuee;206;in triage state;G;is entering the FOL
6015,1446,filterLoc,out,Evacuee 227 in triage category G is not assigned a helicopter
6015,1446,filterLoc,,
6015,1447,evacuee,,Evacuee;227;in triage state;G;is entering the FOL
6015,219,FOL,,;EvacueeID;5;Triage Status;G;EvacueeID;7;Triage Status;G;EvacueeID;13;Triage Status;G;EvacueeID;16;Triage Status;G;EvacueeID;18;Triage Status;G;EvacueeID;22;Triage Status;G;EvacueeID;23;Triage Status;G;EvacueeID;24;Triage Status;G;EvacueeID;25;Triage Status;G;EvacueeID;30;Triage Status;G;EvacueeID;32;Triage Status;G;EvacueeID;34;Triage Status;G;EvacueeID;37;Triage Status;G;EvacueeID;39;Triage Status;G;EvacueeID;40;Triage Status;G;EvacueeID;43;Triage Status;G;EvacueeID;44;Triage Status;G;EvacueeID;45;Triage Status;G;EvacueeID;51;Triage Status;G;EvacueeID;57;Triage Status;G;EvacueeID;62;Triage Status;G;EvacueeID;66;Triage Status;G;EvacueeID;70;Triage Status;G;EvacueeID;73;Triage Status;G;EvacueeID;75;Triage Status;G;EvacueeID;79;Triage Status;G;EvacueeID;80;Triage Status;G;EvacueeID;89;Triage Status;G;EvacueeID;92;Triage Status;G;EvacueeID;97;Triage Status;G;EvacueeID;260;Triage Status;G;EvacueeID;261;Triage Status;G;EvacueeID;267;Triage Status;G;EvacueeID;283;Triage Status;G;EvacueeID;284;Triage Status;G;EvacueeID;285;Triage Status;G;EvacueeID;287;Triage Status;G;EvacueeID;288;Triage Status;G;EvacueeID;289;Triage Status;G;EvacueeID;296;Triage Status;G;EvacueeID;299;Triage Status;G;EvacueeID;302;Triage Status;G;EvacueeID;307;Triage Status;G;EvacueeID;316;Triage Status;G;EvacueeID;317;Triage Status;G;EvacueeID;318;Triage Status;G;EvacueeID;320;Triage Status;G;EvacueeID;323;Triage Status;G;EvacueeID;336;Triage Status;G;EvacueeID;341;Triage Status;G;EvacueeID;345;Triage Status;G;EvacueeID;346;Triage Status;G;EvacueeID;348;Triage Status;G;EvacueeID;349;Triage Status;G;EvacueeID;356;Triage Status;G;EvacueeID;376;Triage Status;G;EvacueeID;379;Triage Status;G;EvacueeID;380;Triage Status;G;EvacueeID;381;Triage Status;G;EvacueeID;382;Triage Status;G;EvacueeID;388;Triage Status;G;EvacueeID;391;Triage Status;G;EvacueeID;394;Triage Status;G;EvacueeID;402;Triage Status;G;EvacueeID;408;Triage Status;G;EvacueeID;409;Triage Status;G;EvacueeID;411;Triage Status;G;EvacueeID;415;Triage Status;G;EvacueeID;422;Triage Status;G;EvacueeID;427;Triage Status;G;EvacueeID;217;Triage Status;W;EvacueeID;229;Triage Status;W;EvacueeID;233;Triage Status;W;EvacueeID;236;Triage Status;W;EvacueeID;250;Triage Status;W;EvacueeID;255;Triage Status;W;EvacueeID;258;Triage Status;W;EvacueeID;462;Triage Status;Y;EvacueeID;98;Triage Status;G;EvacueeID;99;Triage Status;G;EvacueeID;115;Triage Status;G;EvacueeID;119;Triage Status;G;EvacueeID;125;Triage Status;G;EvacueeID;130;Triage Status;G;EvacueeID;134;Triage Status;G;EvacueeID;140;Triage Status;G;EvacueeID;143;Triage Status;G;EvacueeID;149;Triage Status;G;EvacueeID;150;Triage Status;G;EvacueeID;151;Triage Status;G;EvacueeID;180;Triage Status;G;EvacueeID;191;Triage Status;G;EvacueeID;199;Triage Status;G;EvacueeID;205;Triage Status;G;EvacueeID;206;Triage Status;G;EvacueeID;209;Triage Status;G;EvacueeID;227;Triage Status;G;EvacueeID;242;Triage Status;G;Lives Saved;98
6015,702,evacuee,outFOL,Evacuee 199 in triage category G is not assigned a helicopter
6015,702,evacuee,,Evacuee;199;in triage state;G;is at the FOL
6015,894,evacuee,outFOL,Evacuee 150 in triage category G is not assigned a helicopter
6015,894,evacuee,,Evacuee;150;in triage state;G;is at the FOL
6015,957,evacuee,outFOL,Evacuee 209 in triage category G is not assigned a helicopter
6015,957,evacuee,,Evacuee;209;in triage state;G;is at the FOL
6015,1216,evacuee,outFOL,Evacuee 151 in triage category G is not assigned a helicopter
6015,1216,evacuee,,Evacuee;151;in triage state;G;is at the FOL
6015,1261,evacuee,outFOL,Evacuee 242 in triage category G is not assigned a helicopter
6015,1261,evacuee,,Evacuee;242;in triage state;G;is at the FOL
6015,1339,evacuee,outFOL,Evacuee 191 in triage category G is not assigned a helicopter
6015,1339,evacuee,,Evacuee;191;in triage state;G;is at the FOL
6015,1387,evacuee,outFOL,Evacuee 205 in triage category G is not assigned a helicopter
6015,1387,evacuee,,Evacuee;205;in triage state;G;is at the FOL
6015,1393,evacuee,outFOL,Evacuee 180 in triage category G is not assigned a helicopter
6015,1393,evacuee,,Evacuee;180;in triage state;G;is at the FOL
6015,1396,evacuee,outFOL,Evacuee 206 in triage category G is not assigned a helicopter
6015,1396,evacuee,,Evacuee;206;in triage state;G;is at the FOL
6015,1447,evacuee,outFOL,Evacuee 227 in triage category G is not assigned a helicopter
6015,1447,evacuee,,Evacuee;227;in triage state;G;is at the FOL
6015,219,FOL,,;EvacueeID;5;Triage Status;G;EvacueeID;7;Triage Status;G;EvacueeID;13;Triage Status;G;EvacueeID;16;Triage Status;G;EvacueeID;18;Triage Status;G;EvacueeID;22;Triage Status;G;EvacueeID;23;Triage Status;G;EvacueeID;24;Triage Status;G;EvacueeID;25;Triage Status;G;EvacueeID;30;Triage Status;G;EvacueeID;32;Triage Status;G;EvacueeID;34;Triage Status;G;EvacueeID;37;Triage Status;G;EvacueeID;39;Triage Status;G;EvacueeID;40;Triage Status;G;EvacueeID;43;Triage Status;G;EvacueeID;44;Triage Status;G;EvacueeID;45;Triage Status;G;EvacueeID;51;Triage Status;G;EvacueeID;57;Triage Status;G;EvacueeID;62;Triage Status;G;EvacueeID;66;Triage Status;G;EvacueeID;70;Triage Status;G;EvacueeID;73;Triage Status;G;EvacueeID;75;Triage Status;G;EvacueeID;79;Triage Status;G;EvacueeID;80;Triage Status;G;EvacueeID;89;Triage Status;G;EvacueeID;92;Triage Status;G;EvacueeID;97;Triage Status;G;EvacueeID;260;Triage Status;G;EvacueeID;261;Triage Status;G;EvacueeID;267;Triage Status;G;EvacueeID;283;Triage Status;G;EvacueeID;284;Triage Status;G;EvacueeID;285;Triage Status;G;EvacueeID;287;Triage Status;G;EvacueeID;288;Triage Status;G;EvacueeID;289;Triage Status;G;EvacueeID;296;Triage Status;G;EvacueeID;299;Triage Status;G;EvacueeID;302;Triage Status;G;EvacueeID;307;Triage Status;G;EvacueeID;316;Triage Status;G;EvacueeID;317;Triage Status;G;EvacueeID;318;Triage Status;G;EvacueeID;320;Triage Status;G;EvacueeID;323;Triage Status;G;EvacueeID;336;Triage Status;G;EvacueeID;341;Triage Status;G;EvacueeID;345;Triage Status;G;EvacueeID;346;Triage Status;G;EvacueeID;348;Triage Status;G;EvacueeID;349;Triage Status;G;EvacueeID;356;Triage Status;G;EvacueeID;376;Triage Status;G;EvacueeID;379;Triage Status;G;EvacueeID;380;Triage Status;G;EvacueeID;381;Triage Status;G;EvacueeID;382;Triage Status;G;EvacueeID;388;Triage Status;G;EvacueeID;391;Triage Status;G;EvacueeID;394;Triage Status;G;EvacueeID;402;Triage Status;G;EvacueeID;408;Triage Status;G;EvacueeID;409;Triage Status;G;EvacueeID;411;Triage Status;G;EvacueeID;415;Triage Status;G;EvacueeID;422;Triage Status;G;EvacueeID;427;Triage Status;G;EvacueeID;217;Triage Status;W;EvacueeID;229;Triage Status;W;EvacueeID;233;Triage Status;W;EvacueeID;236;Triage Status;W;EvacueeID;250;Triage Status;W;EvacueeID;255;Triage Status;W;EvacueeID;258;Triage Status;W;EvacueeID;462;Triage Status;Y;EvacueeID;98;Triage Status;G;EvacueeID;99;Triage Status;G;EvacueeID;115;Triage Status;G;EvacueeID;119;Triage Status;G;EvacueeID;125;Triage Status;G;EvacueeID;130;Triage Status;G;EvacueeID;134;Triage Status;G;EvacueeID;140;Triage Status;G;EvacueeID;143;Triage Status;G;EvacueeID;149;Triage Status;G;EvacueeID;150;Triage Status;G;EvacueeID;151;Triage Status;G;EvacueeID;180;Triage Status;G;EvacueeID;191;Triage Status;G;EvacueeID;199;Triage Status;G;EvacueeID;205;Triage Status;G;EvacueeID;206;Triage Status;G;EvacueeID;209;Triage Status;G;EvacueeID;227;Triage Status;G;EvacueeID;242;Triage Status;G;Lives Saved;98
6030,1153,helicopter,,Helicopter;1;Is going to the evacuation site;;and has;0;spots taken
6088.11,3,evacueeManager,,OFF SHIP: White;0;Green;0;Yellow;0;Red;0;Black;373;ON SHIP: White;22;Green;7;Yellow;0;Red;0;Evacuees to Transfer;
6088.11,65,evacuee,outES,Evacuee 461 in triage category G is told to board the coast guard ship
6088.11,65,evacuee,,Evacuee;461;in triage state;W;is on board the Coast Guard Ship
6180,5,helicopterQueue,,1;Helos are waiting to land;HeloID;1
6180,1153,helicopter,outES,Helicopter 1 is evacuating people1
6180,1153,helicopter,,Helicopter;1;is waiting to land at the evacuation site;;and has;0;spots taken
6180,4,helipadManager,,;No helos are at ES
6180,5,helicopterQueue,outHM,Helicopter 1 is evacuating people1
6180,5,helicopterQueue,outHelo,Helicopter 1 is evacuating people1
6180,5,helicopterQueue,,;No helos are waiting to land
6180,1152,filterES,,Helicopter;1;is evacuating people
6180,3,evacueeManager,,OFF SHIP: White;0;Green;0;Yellow;0;Red;0;Black;373;ON SHIP: White;19;Green;0;Yellow;0;Red;0;Evacuees to Transfer;;EvacueeID;246;HeloID;1;OnShip;0;Triage Status;G;EvacueeID;259;HeloID;1;OnShip;0;Triage Status;G;EvacueeID;438;HeloID;1;OnShip;0;Triage Status;G;EvacueeID;446;HeloID;1;OnShip;0;Triage Status;G;EvacueeID;459;HeloID;1;OnShip;0;Triage Status;G;EvacueeID;460;HeloID;1;OnShip;0;Triage Status;G;EvacueeID;135;HeloID;1;OnShip;0;Triage Status;G;EvacueeID;107;HeloID;1;OnShip;0;Triage Status;W;EvacueeID;110;HeloID;1;OnShip;0;Triage Status;W;EvacueeID;112;HeloID;1;OnShip;0;Triage Status;W
6180,4,helipadManager,outEM,Helicopter 1 is evacuating people1
6180,4,helipadManager,,Helo;1;is at the ES
6180,1152,filterES,out,Helicopter 1 is evacuating people1
6180,1152,filterES,,
6180,1153,helicopter,,Helicopter;1;is waiting to land at the evacuation site;;and has;0;spots taken
6180,3,evacueeManager,outEvac,Evacuee 246 in triage category G is assigned helicopter 1
6180,3,evacueeManager,outEvac,Evacuee 259 in triage category G is assigned helicopter 1
6180,3,evacueeManager,outEvac,Evacuee 438 in triage category G is assigned helicopter 1
6180,3,evacueeManager,outEvac,Evacuee 446 in triage category G is assigned helicopter 1
6180,3,evacueeManager,outEvac,Evacuee 459 in triage category G is assigned helicopter 1
6180,3,evacueeManager,outEvac,Evacuee 460 in triage category G is assigned helicopter 1
6180,3,evacueeManager,outEvac,Evacuee 135 in triage category G is assigned helicopter 1
6180,3,evacueeManager,outEvac,Evacuee 107 in triage category W is assigned helicopter 1
6180,3,evacueeManager,outEvac,Evacuee 110 in triage category W is assigned helicopter 1
6180,3,evacueeManager,outEvac,Evacuee 112 in triage category W is assigned helicopter 1
6180,3,evacueeManager,,OFF SHIP: White;0;Green;0;Yellow;0;Red;0;Black;373;ON SHIP: White;19;Green;0;Yellow;0;Red;0;Evacuees to Transfer;
6180,7,filterLoc,,
6180,10,filterLoc,,
6180,13,filterLoc,,
6180,16,filterLoc,,
6180,19,filterLoc,,
6180,22,filterLoc,,
6180,25,filterLoc,,
6180,28,filterLoc,,
6180,31,filterLoc,,
6180,34,filterLoc,,
6180,37,filterLoc,,
6180,40,filterLoc,,
6180,43,filterLoc,,
6180,46,filterLoc,,
6180,49,filterLoc,,
6180,52,filterLoc,,
6180,55,filterLoc,,
6180,58,filterLoc,,
6180,61,filterLoc,,
6180,64,filterLoc,,
6180,67,filterLoc,,;Evacuee;459;in triage category;G;is entering helicopter;1
6180,70,filterLoc,,
6180,73,filterLoc,,
6180,76,filterLoc,,
6180,79,filterLoc,,
6180,82,filterLoc,,
6180,85,filterLoc,,
6180,88,filterLoc,,
6180,91,filterLoc,,
6180,94,filterLoc,,
6180,97,filterLoc,,
6180,100,filterLoc,,
6180,103,filterLoc,,
6180,106,filterLoc,,
6180,109,filterLoc,,
6180,112,filterLoc,,
6180,115,filterLoc,,
6180,118,filterLoc,,
6180,121,filterLoc,,
6180,124,filterLoc,,
6180,127,filterLoc,,
6180,130,filterLoc,,
6180,133,filterLoc,,
6180,136,filterLoc,,
6180,139,filterLoc,,
6180,142,filterLoc,,
6180,145,filterLoc,,
6180,148,filterLoc,,
6180,151,filterLoc,,
6180,154,filterLoc,,
6180,157,filterLoc,,
6180,160,filterLoc,,
6180,163,filterLoc,,
6180,166,filterLoc,,
6180,169,filterLoc,,
6180,172,filterLoc,,
6180,175,filterLoc,,
6180,178,filterLoc,,
6180,181,filterLoc,,
6180,184,filterLoc,,
6180,187,filterLoc,,
6180,190,filterLoc,,
6180,193,filterLoc,,
6180,196,filterLoc,,
6180,199,filterLoc,,
6180,202,filterLoc,,
6180,205,filterLoc,,
6180,208,filterLoc,,
6180,211,filterLoc,,
6180,214,filterLoc,,
6180,217,filterLoc,,
6180,221,filterLoc,,
6180,224,filterLoc,,
6180,227,filterLoc,,
6180,230,filterLoc,,
6180,233,filterLoc,,
6180,236,filterLoc,,
6180,239,filterLoc,,
6180,242,filterLoc,,
6180,245,filterLoc,,
6180,248,filterLoc,,
6180,251,filterLoc,,
6180,254,filterLoc,,
6180,257,filterLoc,,
6180,260,filterLoc,,
6180,263,filterLoc,,
6180,266,filterLoc,,
6180,269,filterLoc,,
6180,272,filterLoc,,
6180,275,filterLoc,,
6180,278,filterLoc,,
6180,281,filterLoc,,
6180,284,filterLoc,,
6180,287,filterLoc,,
6180,290,filterLoc,,
6180,293,filterLoc,,
6180,296,filterLoc,,
6180,299,filterLoc,,
6180,302,filterLoc,,
6180,305,filterLoc,,
6180,308,filterLoc,,
6180,311,filterLoc,,
6180,314,filterLoc,,
6180,317,filterLoc,,
6180,320,filterLoc,,;Evacuee;460;in triage category;G;is entering helicopter;1
6180,323,filterLoc,,
6180,326,filterLoc,,;Evacuee;446;in triage category;G;is entering helicopter;1
6180,329,filterLoc,,
6180,332,filterLoc,,
6180,335,filterLoc,,
6180,338,filterLoc,,
6180,341,filterLoc,,
6180,344,filterLoc,,
6180,347,filterLoc,,
6180,350,filterLoc,,
6180,353,filterLoc,,
6180,356,filterLoc,,
6180,359,filterLoc,,
6180,362,filterLoc,,
6180,365,filterLoc,,
6180,368,filterLoc,,
6180,371,filterLoc,,
6180,374,filterLoc,,
6180,377,filterLoc,,
6180,380,filterLoc,,
6180,383,filterLoc,,
6180,386,filterLoc,,
6180,389,filterLoc,,
6180,392,filterLoc,,
6180,395,filterLoc,,
6180,398,filterLoc,,
6180,401,filterLoc,,
6180,404,filterLoc,,
6180,407,filterLoc,,
6180,410,filterLoc,,
6180,413,filterLoc,,
6180,416,filterLoc,,
6180,419,filterLoc,,
6180,422,filterLoc,,
6180,425,filterLoc,,
6180,428,filterLoc,,
6180,431,filterLoc,,
6180,434,filterLoc,,
6180,437,filterLoc,,
6180,440,filterLoc,,
6180,443,filterLoc,,
6180,446,filterLoc,,;Evacuee;259;in triage category;G;is entering helicopter;1
6180,449,filterLoc,,
6180,452,filterLoc,,
6180,455,filterLoc,,
6180,458,filterLoc,,
6180,461,filterLoc,,
6180,464,filterLoc,,
6180,467,filterLoc,,
6180,470,filterLoc,,
6180,473,filterLoc,,
6180,476,filterLoc,,
6180,479,filterLoc,,
6180,482,filterLoc,,
6180,485,filterLoc,,
6180,488,filterLoc,,
6180,491,filterLoc,,
6180,494,filterLoc,,
6180,497,filterLoc,,
6180,500,filterLoc,,
6180,503,filterLoc,,
6180,506,filterLoc,,
6180,509,filterLoc,,
6180,512,filterLoc,,
6180,515,filterLoc,,
6180,518,filterLoc,,;Evacuee;112;in triage category;W;is entering helicopter;1
6180,521,filterLoc,,
6180,524,filterLoc,,
6180,527,filterLoc,,
6180,530,filterLoc,,
6180,533,filterLoc,,
6180,536,filterLoc,,
6180,539,filterLoc,,
6180,542,filterLoc,,
6180,545,filterLoc,,
6180,548,filterLoc,,
6180,551,filterLoc,,
6180,554,filterLoc,,
6180,557,filterLoc,,
6180,560,filterLoc,,
6180,563,filterLoc,,
6180,566,filterLoc,,
6180,569,filterLoc,,
6180,572,filterLoc,,
6180,575,filterLoc,,
6180,578,filterLoc,,
6180,581,filterLoc,,
6180,584,filterLoc,,
6180,587,filterLoc,,
6180,590,filterLoc,,
6180,593,filterLoc,,
6180,596,filterLoc,,
6180,599,filterLoc,,
6180,602,filterLoc,,
6180,605,filterLoc,,
6180,608,filterLoc,,
6180,611,filterLoc,,
6180,614,filterLoc,,
6180,617,filterLoc,,
6180,620,filterLoc,,
6180,623,filterLoc,,
6180,626,filterLoc,,
6180,629,filterLoc,,
6180,632,filterLoc,,
6180,635,filterLoc,,
6180,638,filterLoc,,
6180,641,filterLoc,,
6180,644,filterLoc,,
6180,647,filterLoc,,
6180,650,filterLoc,,
6180,653,filterLoc,,
6180,656,filterLoc,,
6180,659,filterLoc,,
6180,662,filterLoc,,
6180,665,filterLoc,,
6180,668,filterLoc,,
6180,671,filterLoc,,
6180,674,filterLoc,,
6180,677,filterLoc,,
6180,680,filterLoc,,
6180,683,filterLoc,,
6180,686,filterLoc,,
6180,689,filterLoc,,
6180,692,filterLoc,,
6180,695,filterLoc,,
6180,698,filterLoc,,
6180,701,filterLoc,,
6180,704,filterLoc,,
6180,707,filterLoc,,
6180,710,filterLoc,,
6180,713,filterLoc,,;Evacuee;135;in triage category;G;is entering helicopter;1
6180,716,filterLoc,,
6180,719,filterLoc,,
6180,722,filterLoc,,
6180,725,filterLoc,,
6180,728,filterLoc,,
6180,731,filterLoc,,
6180,734,filterLoc,,
6180,737,filterLoc,,
6180,740,filterLoc,,
6180,743,filterLoc,,
6180,746,filterLoc,,
6180,749,filterLoc,,
6180,752,filterLoc,,
6180,755,filterLoc,,
6180,758,filterLoc,,
6180,761,filterLoc,,
6180,764,filterLoc,,
6180,767,filterLoc,,
6180,770,filterLoc,,;Evacuee;107;in triage category;W;is entering helicopter;1
6180,773,filterLoc,,
6180,776,filterLoc,,;Evacuee;110;in triage category;W;is entering helicopter;1
6180,779,filterLoc,,
6180,782,filterLoc,,
6180,785,filterLoc,,
6180,788,filterLoc,,
6180,791,filterLoc,,
6180,794,filterLoc,,
6180,797,filterLoc,,
6180,800,filterLoc,,
6180,803,filterLoc,,
6180,806,filterLoc,,
6180,809,filterLoc,,
6180,812,filterLoc,,
6180,815,filterLoc,,
6180,818,filterLoc,,
6180,821,filterLoc,,
6180,824,filterLoc,,
6180,827,filterLoc,,
6180,830,filterLoc,,
6180,833,filterLoc,,
6180,836,filterLoc,,
6180,839,filterLoc,,
6180,842,filterLoc,,
6180,845,filterLoc,,
6180,848,filterLoc,,
6180,851,filterLoc,,
6180,854,filterLoc,,
6180,857,filterLoc,,
6180,860,filterLoc,,
6180,863,filterLoc,,
6180,866,filterLoc,,
6180,869,filterLoc,,
6180,872,filterLoc,,
6180,875,filterLoc,,
6180,878,filterLoc,,
6180,881,filterLoc,,;Evacuee;246;in triage category;G;is entering helicopter;1
6180,884,filterLoc,,
6180,887,filterLoc,,
6180,890,filterLoc,,
6180,893,filterLoc,,
6180,896,filterLoc,,
6180,899,filterLoc,,
6180,902,filterLoc,,
6180,905,filterLoc,,
6180,908,filterLoc,,
6180,911,filterLoc,,
6180,914,filterLoc,,
6180,917,filterLoc,,
6180,920,filterLoc,,
6180,923,filterLoc,,
6180,926,filterLoc,,
6180,929,filterLoc,,
6180,932,filterLoc,,
6180,935,filterLoc,,
6180,938,filterLoc,,
6180,941,filterLoc,,
6180,944,filterLoc,,
6180,947,filterLoc,,
6180,950,filterLoc,,
6180,953,filterLoc,,
6180,956,filterLoc,,
6180,959,filterLoc,,
6180,962,filterLoc,,
6180,965,filterLoc,,
6180,968,filterLoc,,
6180,971,filterLoc,,
6180,974,filterLoc,,
6180,977,filterLoc,,
6180,980,filterLoc,,
6180,983,filterLoc,,
6180,986,filterLoc,,
6180,989,filterLoc,,
6180,992,filterLoc,,
6180,995,filterLoc,,
6180,998,filterLoc,,
6180,1001,filterLoc,,
6180,1004,filterLoc,,
6180,1007,filterLoc,,
6180,1010,filterLoc,,
6180,1013,filterLoc,,
6180,1016,filterLoc,,
6180,1019,filterLoc,,
6180,1022,filterLoc,,
6180,1025,filterLoc,,
6180,1028,filterLoc,,
6180,1031,filterLoc,,
6180,1034,filterLoc,,
6180,1037,filterLoc,,
6180,1040,filterLoc,,
6180,1043,filterLoc,,
6180,1046,filterLoc,,
6180,1049,filterLoc,,
6180,1052,filterLoc,,
6180,1055,filterLoc,,
6180,1058,filterLoc,,
6180,1061,filterLoc,,
6180,1064,filterLoc,,
6180,1067,filterLoc,,
6180,1070,filterLoc,,
6180,1073,filterLoc,,
6180,1076,filterLoc,,
6180,1079,filterLoc,,
6180,1082,filterLoc,,
6180,1085,filterLoc,,
6180,1088,filterLoc,,
6180,1091,filterLoc,,
6180,1094,filterLoc,,
6180,1097,filterLoc,,
6180,1100,filterLoc,,
6180,1103,filterLoc,,
6180,1106,filterLoc,,
6180,1109,filterLoc,,
6180,1112,filterLoc,,
6180,1115,filterLoc,,
6180,1118,filterLoc,,
6180,1121,filterLoc,,
6180,1124,filterLoc,,
6180,1127,filterLoc,,
6180,1130,filterLoc,,
6180,1133,filterLoc,,
6180,1136,filterLoc,,
6180,1139,filterLoc,,
6180,1142,filterLoc,,
6180,1145,filterLoc,,
6180,1148,filterLoc,,
6180,1153,helicopter,,Helicopter;1;is loading people at the evacuation site;;and has;0;spots taken
6180,1155,filterLoc,,
6180,1158,filterLoc,,
6180,1161,filterLoc,,
6180,1164,filterLoc,,
6180,1167,filterLoc,,
6180,1170,filterLoc,,
6180,1173,filterLoc,,
6180,1176,filterLoc,,
6180,1179,filterLoc,,
6180,1182,filterLoc,,
6180,1185,filterLoc,,
6180,1188,filterLoc,,
6180,1191,filterLoc,,
6180,1194,filterLoc,,
6180,1197,filterLoc,,
6180,1200,filterLoc,,
6180,1203,filterLoc,,
6180,1206,filterLoc,,
6180,1209,filterLoc,,
6180,1212,filterLoc,,
6180,1215,filterLoc,,
6180,1218,filterLoc,,
6180,1221,filterLoc,,
6180,1224,filterLoc,,
6180,1227,filterLoc,,
6180,1230,filterLoc,,
6180,1233,filterLoc,,
6180,1236,filterLoc,,
6180,1239,filterLoc,,
6180,1242,filterLoc,,
6180,1245,filterLoc,,
6180,1248,filterLoc,,
6180,1251,filterLoc,,
6180,1254,filterLoc,,
6180,1257,filterLoc,,
6180,1260,filterLoc,,
6180,1263,filterLoc,,
6180,1266,filterLoc,,;Evacuee;438;in triage category;G;is entering helicopter;1
6180,1269,filterLoc,,
6180,1272,filterLoc,,
6180,1275,filterLoc,,
6180,1278,filterLoc,,
6180,1281,filterLoc,,
6180,1284,filterLoc,,
6180,1287,filterLoc,,
6180,1290,filterLoc,,
6180,1293,filterLoc,,
6180,1296,filterLoc,,
6180,1299,filterLoc,,
6180,1302,filterLoc,,
6180,1305,filterLoc,,
6180,1308,filterLoc,,
6180,1311,filterLoc,,
6180,1314,filterLoc,,
6180,1317,filterLoc,,
6180,1320,filterLoc,,
6180,1323,filterLoc,,
6180,1326,filterLoc,,
6180,1329,filterLoc,,
6180,1332,filterLoc,,
6180,1335,filterLoc,,
6180,1338,filterLoc,,
6180,1341,filterLoc,,
6180,1344,filterLoc,,
6180,1347,filterLoc,,
6180,1350,filterLoc,,
6180,1353,filterLoc,,
6180,1356,filterLoc,,
6180,1359,filterLoc,,
6180,1362,filterLoc,,
6180,1365,filterLoc,,
6180,1368,filterLoc,,
6180,1371,filterLoc,,
6180,1374,filterLoc,,
6180,1377,filterLoc,,
6180,1380,filterLoc,,
6180,1383,filterLoc,,
6180,1386,filterLoc,,
6180,1389,filterLoc,,
6180,1392,filterLoc,,
6180,1395,filterLoc,,
6180,1398,filterLoc,,
6180,1401,filterLoc,,
6180,1404,filterLoc,,
6180,1407,filterLoc,,
6180,1410,filterLoc,,
6180,1413,filterLoc,,
6180,1416,filterLoc,,
6180,1419,filterLoc,,
6180,1422,filterLoc,,
6180,1425,filterLoc,,
6180,1428,filterLoc,,
6180,1431,filterLoc,,
6180,1434,filterLoc,,
6180,1437,filterLoc,,
6180,1440,filterLoc,,
6180,1443,filterLoc,,
6180,1446,filterLoc,,
6180,1449,filterLoc,,
6180,1452,filterLoc,,
6180,1455,filterLoc,,
6180,1458,filterLoc,,
6180,1461,filterLoc,,
6180,1464,filterLoc,,
6180,1467,filterLoc,,
6180,1470,filterLoc,,
6180,1473,filterLoc,,
6180,1476,filterLoc,,
6180,1479,filterLoc,,
6180,1482,filterLoc,,
6180,1485,filterLoc,,
6180,1488,filterLoc,,
6180,1491,filterLoc,,
6180,1494,filterLoc,,
6180,1497,filterLoc,,
6180,1500,filterLoc,,
6180,1503,filterLoc,,
6180,1506,filterLoc,,
6180,1509,filterLoc,,
6180,67,filterLoc,out,Evacuee 459 in triage category G is assigned helicopter 1
6180,67,filterLoc,,
6180,68,evacuee,,Evacuee;459;in triage state;G;is entering helicopter;1
6180,320,filterLoc,out,Evacuee 460 in triage category G is assigned helicopter 1
6180,320,filterLoc,,
6180,321,evacuee,,Evacuee;460;in triage state;G;is entering helicopter;1
6180,326,filterLoc,out,Evacuee 446 in triage category G is assigned helicopter 1
6180,326,filterLoc,,
6180,327,evacuee,,Evacuee;446;in triage state;G;is entering helicopter;1
6180,446,filterLoc,out,Evacuee 259 in triage category G is assigned helicopter 1
6180,446,filterLoc,,
6180,447,evacuee,,Evacuee;259;in triage state;G;is entering helicopter;1
6180,518,filterLoc,out,Evacuee 112 in triage category W is assigned helicopter 1
6180,518,filterLoc,,
6180,519,evacuee,,Evacuee;112;in triage state;W;is entering helicopter;1
6180,713,filterLoc,out,Evacuee 135 in triage category G is assigned helicopter 1
6180,713,filterLoc,,
6180,714,evacuee,,Evacuee;135;in triage state;G;is entering helicopter;1
6180,770,filterLoc,out,Evacuee 107 in triage category W is assigned helicopter 1
6180,770,filterLoc,,
6180,771,evacuee,,Evacuee;107;in triage state;W;is entering helicopter;1
6180,776,filterLoc,out,Evacuee 110 in triage category W is assigned helicopter 1
6180,776,filterLoc,,
6180,777,evacuee,,Evacuee;110;in triage state;W;is entering helicopter;1
6180,881,filterLoc,out,Evacuee 246 in triage category G is assigned helicopter 1
6180,881,filterLoc,,
6180,882,evacuee,,Evacuee;246;in triage state;G;is entering helicopter;1
6180,1266,filterLoc,out,Evacuee 438 in triage category G is assigned helicopter 1
6180,1266,filterLoc,,
6180,1267,evacuee,,Evacuee;438;in triage state;G;is entering helicopter;1
6180,68,evacuee,outHelo,Evacuee 459 in triage category G is assigned helicopter 1
6180,68,evacuee,,Evacuee;459;in triage state;G;is in helicopter;1
6180,321,evacuee,outHelo,Evacuee 460 in triage category G is assigned helicopter 1
6180,321,evacuee,,Evacuee;460;in triage state;G;is in helicopter;1
6180,327,evacuee,outHelo,Evacuee 446 in triage category G is assigned helicopter 1
6180,327,evacuee,,Evacuee;446;in triage state;G;is in helicopter;1
6180,447,evacuee,outHelo,Evacuee 259 in triage category G is assigned helicopter 1
6180,447,evacuee,,Evacuee;259;in triage state;G;is in helicopter;1
6180,519,evacuee,outHelo,Evacuee 112 in triage category W is assigned helicopter 1
6180,519,evacuee,,Evacuee;112;in triage state;W;is in helicopter;1
6180,714,evacuee,outHelo,Evacuee 135 in triage category G is assigned helicopter 1
6180,714,evacuee,,Evacuee;135;in triage state;G;is in helicopter;1
6180,771,evacuee,outHelo,Evacuee 107 in triage category W is assigned helicopter 1
6180,771,evacuee,,Evacuee;107;in triage state;W;is in helicopter;1
6180,777,evacuee,outHelo,Evacuee 110 in triage category W is assigned helicopter 1
6180,777,evacuee,,Evacuee;110;in triage state;W;is in helicopter;1
6180,882,evacuee,outHelo,Evacuee 246 in triage category G is assigned helicopter 1
6180,882,evacuee,,Evacuee;246;in triage state;G;is in helicopter;1
6180,1151,filterEvac,,;Evacuee;107;in triage category;W;is entering helicopter;1;Evacuee;110;in triage category;W;is entering helicopter;1;Evacuee;112;in triage category;W;is entering helicopter;1;Evacuee;135;in triage category;G;is entering helicopter;1;Evacuee;246;in triage category;G;is entering helicopter;1;Evacuee;259;in triage category;G;is entering helicopter;1;Evacuee;438;in triage category;G;is entering helicopter;1;Evacuee;446;in triage category;G;is entering helicopter;1;Evacuee;459;in triage category;G;is entering helicopter;1;Evacuee;460;in triage category;G;is entering helicopter;1
6180,1267,evacuee,outHelo,Evacuee 438 in triage category G is assigned helicopter 1
6180,1267,evacuee,,Evacuee;438;in triage state;G;is in helicopter;1
6180,1151,filterEvac,out,Evacuee 107 in triage category W is assigned helicopter 1
6180,1151,filterEvac,out,Evacuee 110 in triage category W is assigned helicopter 1
6180,1151,filterEvac,out,Evacuee 112 in triage category W is assigned helicopter 1
6180,1151,filterEvac,out,Evacuee 135 in triage category G is assigned helicopter 1
6180,1151,filterEvac,out,Evacuee 246 in triage category G is assigned helicopter 1
6180,1151,filterEvac,out,Evacuee 259 in triage category G is assigned helicopter 1
6180,1151,filterEvac,out,Evacuee 438 in triage category G is assigned helicopter 1
6180,1151,filterEvac,out,Evacuee 446 in triage category G is assigned helicopter 1
6180,1151,filterEvac,out,Evacuee 459 in triage category G is assigned helicopter 1
6180,1151,filterEvac,out,Evacuee 460 in triage category G is assigned helicopter 1
6180,1151,filterEvac,,
6180,1153,helicopter,,Helicopter;1;is loading people at the evacuation site;;and has;10;spots taken
6195,4,helipadManager,outHelo,Helicopter 1 is evacuating people1
6195,4,helipadManager,,;No helos are at ES
6195,1152,filterES,,Helicopter;1;is evacuating people
6195,4,helipadManager,outHQ,0
6195,4,helipadManager,,;No helos are at ES
6195,5,helicopterQueue,,;No helos are waiting to land
6195,1152,filterES,out,Helicopter 1 is evacuating people1
6195,1152,filterES,,
6195,1153,helicopter,,Helicopter;1;is loading people at the evacuation site;;and has;10;spots taken
6195,5,helicopterQueue,,;No helos are waiting to land
6195,1153,helicopter,,Helicopter;1;is returning to the FOL;;and has;10;spots taken
6345,7,filterLoc,,
6345,10,filterLoc,,
6345,13,filterLoc,,
6345,16,filterLoc,,
6345,19,filterLoc,,
6345,22,filterLoc,,
6345,25,filterLoc,,
6345,28,filterLoc,,
6345,31,filterLoc,,
6345,34,filterLoc,,
6345,37,filterLoc,,
6345,40,filterLoc,,
6345,43,filterLoc,,
6345,46,filterLoc,,
6345,49,filterLoc,,
6345,52,filterLoc,,
6345,55,filterLoc,,
6345,58,filterLoc,,
6345,61,filterLoc,,
6345,64,filterLoc,,
6345,67,filterLoc,,;Evacuee;459;in triage category;G;is leaving helicopter;1
6345,70,filterLoc,,
6345,73,filterLoc,,
6345,76,filterLoc,,
6345,79,filterLoc,,
6345,82,filterLoc,,
6345,85,filterLoc,,
6345,88,filterLoc,,
6345,91,filterLoc,,
6345,94,filterLoc,,
6345,97,filterLoc,,
6345,100,filterLoc,,
6345,103,filterLoc,,
6345,106,filterLoc,,
6345,109,filterLoc,,
6345,112,filterLoc,,
6345,115,filterLoc,,
6345,118,filterLoc,,
6345,121,filterLoc,,
6345,124,filterLoc,,
6345,127,filterLoc,,
6345,130,filterLoc,,
6345,133,filterLoc,,
6345,136,filterLoc,,
6345,139,filterLoc,,
6345,142,filterLoc,,
6345,145,filterLoc,,
6345,148,filterLoc,,
6345,151,filterLoc,,
6345,154,filterLoc,,
6345,157,filterLoc,,
6345,160,filterLoc,,
6345,163,filterLoc,,
6345,166,filterLoc,,
6345,169,filterLoc,,
6345,172,filterLoc,,
6345,175,filterLoc,,
6345,178,filterLoc,,
6345,181,filterLoc,,
6345,184,filterLoc,,
6345,187,filterLoc,,
6345,190,filterLoc,,
6345,193,filterLoc,,
6345,196,filterLoc,,
6345,199,filterLoc,,
6345,202,filterLoc,,
6345,205,filterLoc,,
6345,208,filterLoc,,
6345,211,filterLoc,,
6345,214,filterLoc,,
6345,217,filterLoc,,
6345,221,filterLoc,,
6345,224,filterLoc,,
6345,227,filterLoc,,
6345,230,filterLoc,,
6345,233,filterLoc,,
6345,236,filterLoc,,
6345,239,filterLoc,,
6345,242,filterLoc,,
6345,245,filterLoc,,
6345,248,filterLoc,,
6345,251,filterLoc,,
6345,254,filterLoc,,
6345,257,filterLoc,,
6345,260,filterLoc,,
6345,263,filterLoc,,
6345,266,filterLoc,,
6345,269,filterLoc,,
6345,272,filterLoc,,
6345,275,filterLoc,,
6345,278,filterLoc,,
6345,281,filterLoc,,
6345,284,filterLoc,,
6345,287,filterLoc,,
6345,290,filterLoc,,
6345,293,filterLoc,,
6345,296,filterLoc,,
6345,299,filterLoc,,
6345,302,filterLoc,,
6345,305,filterLoc,,
6345,308,filterLoc,,
6345,311,filterLoc,,
6345,314,filterLoc,,
6345,317,filterLoc,,
6345,320,filterLoc,,;Evacuee;460;in triage category;G;is leaving helicopter;1
6345,323,filterLoc,,
6345,326,filterLoc,,;Evacuee;446;in triage category;G;is leaving helicopter;1
6345,329,filterLoc,,
6345,332,filterLoc,,
6345,335,filterLoc,,
6345,338,filterLoc,,
6345,341,filterLoc,,
6345,344,filterLoc,,
6345,347,filterLoc,,
6345,350,filterLoc,,
6345,353,filterLoc,,
6345,356,filterLoc,,
6345,359,filterLoc,,
6345,362,filterLoc,,
6345,365,filterLoc,,
6345,368,filterLoc,,
6345,371,filterLoc,,
6345,374,filterLoc,,
6345,377,filterLoc,,
6345,380,filterLoc,,
6345,383,filterLoc,,
6345,386,filterLoc,,
6345,389,filterLoc,,
6345,392,filterLoc,,
6345,395,filterLoc,,
6345,398,filterLoc,,
6345,401,filterLoc,,
6345,404,filterLoc,,
6345,407,filterLoc,,
6345,410,filterLoc,,
6345,413,filterLoc,,
6345,416,filterLoc,,
6345,419,filterLoc,,
6345,422,filterLoc,,
6345,425,filterLoc,,
6345,428,filterLoc,,
6345,431,filterLoc,,
6345,434,filterLoc,,
6345,437,filterLoc,,
6345,440,filterLoc,,
6345,443,filterLoc,,
6345,446,filterLoc,,;Evacuee;259;in triage category;G;is leaving helicopter;1
6345,449,filterLoc,,
6345,452,filterLoc,,
6345,455,filterLoc,,
6345,458,filterLoc,,
6345,461,filterLoc,,
6345,464,filterLoc,,
6345,467,filterLoc,,
6345,470,filterLoc,,
6345,473,filterLoc,,
6345,476,filterLoc,,
6345,479,filterLoc,,
6345,482,filterLoc,,
6345,485,filterLoc,,
6345,488,filterLoc,,
6345,491,filterLoc,,
6345,494,filterLoc,,
6345,497,filterLoc,,
6345,500,filterLoc,,
6345,503,filterLoc,,
6345,506,filterLoc,,
6345,509,filterLoc,,
6345,512,filterLoc,,
6345,515,filterLoc,,
6345,518,filterLoc,,;Evacuee;112;in triage category;W;is leaving helicopter;1
6345,521,filterLoc,,
6345,524,filterLoc,,
6345,527,filterLoc,,
6345,530,filterLoc,,
6345,533,filterLoc,,
6345,536,filterLoc,,
6345,539,filterLoc,,
6345,542,filterLoc,,
6345,545,filterLoc,,
6345,548,filterLoc,,
6345,551,filterLoc,,
6345,554,filterLoc,,
6345,557,filterLoc,,
6345,560,filterLoc,,
6345,563,filterLoc,,
6345,566,filterLoc,,
6345,569,filterLoc,,
6345,572,filterLoc,,
6345,575,filterLoc,,
6345,578,filterLoc,,
6345,581,filterLoc,,
6345,584,filterLoc,,
6345,587,filterLoc,,
6345,590,filterLoc,,
6345,593,filterLoc,,
6345,596,filterLoc,,
6345,599,filterLoc,,
6345,602,filterLoc,,
6345,605,filterLoc,,
6345,608,filterLoc,,
6345,611,filterLoc,,
6345,614,filterLoc,,
6345,617,filterLoc,,
6345,620,filterLoc,,
6345,623,filterLoc,,
6345,626,filterLoc,,
6345,629,filterLoc,,
6345,632,filterLoc,,
6345,635,filterLoc,,
6345,638,filterLoc,,
6345,641,filterLoc,,
6345,644,filterLoc,,
6345,647,filterLoc,,
6345,650,filterLoc,,
6345,653,filterLoc,,
6345,656,filterLoc,,
6345,659,filterLoc,,
6345,662,filterLoc,,
6345,665,filterLoc,,
6345,668,filterLoc,,
6345,671,filterLoc,,
6345,674,filterLoc,,
6345,677,filterLoc,,
6345,680,filterLoc,,
6345,683,filterLoc,,
6345,686,filterLoc,,
6345,689,filterLoc,,
6345,692,filterLoc,,
6345,695,filterLoc,,
6345,698,filterLoc,,
6345,701,filterLoc,,
6345,704,filterLoc,,
6345,707,filterLoc,,
6345,710,filterLoc,,
6345,713,filterLoc,,;Evacuee;135;in triage category;G;is leaving helicopter;1
6345,716,filterLoc,,
6345,719,filterLoc,,
6345,722,filterLoc,,
6345,725,filterLoc,,
6345,728,filterLoc,,
6345,731,filterLoc,,
6345,734,filterLoc,,
6345,737,filterLoc,,
6345,740,filterLoc,,
6345,743,filterLoc,,
6345,746,filterLoc,,
6345,749,filterLoc,,
6345,752,filterLoc,,
6345,755,filterLoc,,
6345,758,filterLoc,,
6345,761,filterLoc,,
6345,764,filterLoc,,
6345,767,filterLoc,,
6345,770,filterLoc,,;Evacuee;107;in triage category;W;is leaving helicopter;1
6345,773,filterLoc,,
6345,776,filterLoc,,;Evacuee;110;in triage category;W;is leaving helicopter;1
6345,779,filterLoc,,
6345,782,filterLoc,,
6345,785,filterLoc,,
6345,788,filterLoc,,
6345,791,filterLoc,,
6345,794,filterLoc,,
6345,797,filterLoc,,
6345,800,filterLoc,,
6345,803,filterLoc,,
6345,806,filterLoc,,
6345,809,filterLoc,,
6345,812,filterLoc,,
6345,815,filterLoc,,
6345,818,filterLoc,,
6345,821,filterLoc,,
6345,824,filterLoc,,
6345,827,filterLoc,,
6345,830,filterLoc,,
6345,833,filterLoc,,
6345,836,filterLoc,,
6345,839,filterLoc,,
6345,842,filterLoc,,
6345,845,filterLoc,,
6345,848,filterLoc,,
6345,851,filterLoc,,
6345,854,filterLoc,,
6345,857,filterLoc,,
6345,860,filterLoc,,
6345,863,filterLoc,,
6345,866,filterLoc,,
6345,869,filterLoc,,
6345,872,filterLoc,,
6345,875,filterLoc,,
6345,878,filterLoc,,
6345,881,filterLoc,,;Evacuee;246;in triage category;G;is leaving helicopter;1
6345,884,filterLoc,,
6345,887,filterLoc,,
6345,890,filterLoc,,
6345,893,filterLoc,,
6345,896,filterLoc,,
6345,899,filterLoc,,
6345,902,filterLoc,,
6345,905,filterLoc,,
6345,908,filterLoc,,
6345,911,filterLoc,,
6345,914,filterLoc,,
6345,917,filterLoc,,
6345,920,filterLoc,,
6345,923,filterLoc,,
6345,926,filterLoc,,
6345,929,filterLoc,,
6345,932,filterLoc,,
6345,935,filterLoc,,
6345,938,filterLoc,,
6345,941,filterLoc,,
6345,944,filterLoc,,
6345,947,filterLoc,,
6345,950,filterLoc,,
6345,953,filterLoc,,
6345,956,filterLoc,,
6345,959,filterLoc,,
6345,962,filterLoc,,
6345,965,filterLoc,,
6345,968,filterLoc,,
6345,971,filterLoc,,
6345,974,filterLoc,,
6345,977,filterLoc,,
6345,980,filterLoc,,
6345,983,filterLoc,,
6345,986,filterLoc,,
6345,989,filterLoc,,
6345,992,filterLoc,,
6345,995,filterLoc,,
6345,998,filterLoc,,
6345,1001,filterLoc,,
6345,1004,filterLoc,,
6345,1007,filterLoc,,
6345,1010,filterLoc,,
6345,1013,filterLoc,,
6345,1016,filterLoc,,
6345,1019,filterLoc,,
6345,1022,filterLoc,,
6345,1025,filterLoc,,
6345,1028,filterLoc,,
6345,1031,filterLoc,,
6345,1034,filterLoc,,
6345,1037,filterLoc,,
6345,1040,filterLoc,,
6345,1043,filterLoc,,
6345,1046,filterLoc,,
6345,1049,filterLoc,,
6345,1052,filterLoc,,
6345,1055,filterLoc,,
6345,1058,filterLoc,,
6345,1061,filterLoc,,
6345,1064,filterLoc,,
6345,1067,filterLoc,,
6345,1070,filterLoc,,
6345,1073,filterLoc,,
6345,1076,filterLoc,,
6345,1079,filterLoc,,
6345,1082,filterLoc,,
6345,1085,filterLoc,,
6345,1088,filterLoc,,
6345,1091,filterLoc,,
6345,1094,filterLoc,,
6345,1097,filterLoc,,
6345,1100,filterLoc,,
6345,1103,filterLoc,,
6345,1106,filterLoc,,
6345,1109,filterLoc,,
6345,1112,filterLoc,,
6345,1115,filterLoc,,
6345,1118,filterLoc,,
6345,1121,filterLoc,,
6345,1124,filterLoc,,
6345,1127,filterLoc,,
6345,1130,filterLoc,,
6345,1133,filterLoc,,
6345,1136,filterLoc,,
6345,1139,filterLoc,,
6345,1142,filterLoc,,
6345,1145,filterLoc,,
6345,1148,filterLoc,,
6345,1153,helicopter,outEvac,Evacuee 107 in triage category W is not assigned a helicopter
6345,1153,helicopter,outEvac,Evacuee 110 in triage category W is not assigned a helicopter
6345,1153,helicopter,outEvac,Evacuee 112 in triage category W is not assigned a helicopter
6345,1153,helicopter,outEvac,Evacuee 135 in triage category G is not assigned a helicopter
6345,1153,helicopter,outEvac,Evacuee 246 in triage category G is not assigned a helicopter
6345,1153,helicopter,outEvac,Evacuee 259 in triage category G is not assigned a helicopter
6345,1153,helicopter,outEvac,Evacuee 438 in triage category G is not assigned a helicopter
6345,1153,helicopter,outEvac,Evacuee 446 in triage category G is not assigned a helicopter
6345,1153,helicopter,outEvac,Evacuee 459 in triage category G is not assigned a helicopter
6345,1153,helicopter,outEvac,Evacuee 460 in triage category G is not assigned a helicopter
6345,1153,helicopter,,Helicopter;1;is unloading people at the FOL;;and has;0;spots taken
6345,1155,filterLoc,,
6345,1158,filterLoc,,
6345,1161,filterLoc,,
6345,1164,filterLoc,,
6345,1167,filterLoc,,
6345,1170,filterLoc,,
6345,1173,filterLoc,,
6345,1176,filterLoc,,
6345,1179,filterLoc,,
6345,1182,filterLoc,,
6345,1185,filterLoc,,
6345,1188,filterLoc,,
6345,1191,filterLoc,,
6345,1194,filterLoc,,
6345,1197,filterLoc,,
6345,1200,filterLoc,,
6345,1203,filterLoc,,
6345,1206,filterLoc,,
6345,1209,filterLoc,,
6345,1212,filterLoc,,
6345,1215,filterLoc,,
6345,1218,filterLoc,,
6345,1221,filterLoc,,
6345,1224,filterLoc,,
6345,1227,filterLoc,,
6345,1230,filterLoc,,
6345,1233,filterLoc,,
6345,1236,filterLoc,,
6345,1239,filterLoc,,
6345,1242,filterLoc,,
6345,1245,filterLoc,,
6345,1248,filterLoc,,
6345,1251,filterLoc,,
6345,1254,filterLoc,,
6345,1257,filterLoc,,
6345,1260,filterLoc,,
6345,1263,filterLoc,,
6345,1266,filterLoc,,;Evacuee;438;in triage category;G;is leaving helicopter;1
6345,1269,filterLoc,,
6345,1272,filterLoc,,
6345,1275,filterLoc,,
6345,1278,filterLoc,,
6345,1281,filterLoc,,
6345,1284,filterLoc,,
6345,1287,filterLoc,,
6345,1290,filterLoc,,
6345,1293,filterLoc,,
6345,1296,filterLoc,,
6345,1299,filterLoc,,
6345,1302,filterLoc,,
6345,1305,filterLoc,,
6345,1308,filterLoc,,
6345,1311,filterLoc,,
6345,1314,filterLoc,,
6345,1317,filterLoc,,
6345,1320,filterLoc,,
6345,1323,filterLoc,,
6345,1326,filterLoc,,
6345,1329,filterLoc,,
6345,1332,filterLoc,,
6345,1335,filterLoc,,
6345,1338,filterLoc,,
6345,1341,filterLoc,,
6345,1344,filterLoc,,
6345,1347,filterLoc,,
6345,1350,filterLoc,,
6345,1353,filterLoc,,
6345,1356,filterLoc,,
6345,1359,filterLoc,,
6345,1362,filterLoc,,
6345,1365,filterLoc,,
6345,1368,filterLoc,,
6345,1371,filterLoc,,
6345,1374,filterLoc,,
6345,1377,filterLoc,,
6345,1380,filterLoc,,
6345,1383,filterLoc,,
6345,1386,filterLoc,,
6345,1389,filterLoc,,
6345,1392,filterLoc,,
6345,1395,filterLoc,,
6345,1398,filterLoc,,
6345,1401,filterLoc,,
6345,1404,filterLoc,,
6345,1407,filterLoc,,
6345,1410,filterLoc,,
6345,1413,filterLoc,,
6345,1416,filterLoc,,
6345,1419,filterLoc,,
6345,1422,filterLoc,,
6345,1425,filterLoc,,
6345,1428,filterLoc,,
6345,1431,filterLoc,,
6345,1434,filterLoc,,
6345,1437,filterLoc,,
6345,1440,filterLoc,,
6345,1443,filterLoc,,
6345,1446,filterLoc,,
6345,1449,filterLoc,,
6345,1452,filterLoc,,
6345,1455,filterLoc,,
6345,1458,filterLoc,,
6345,1461,filterLoc,,
6345,1464,filterLoc,,
6345,1467,filterLoc,,
6345,1470,filterLoc,,
6345,1473,filterLoc,,
6345,1476,filterLoc,,
6345,1479,filterLoc,,
6345,1482,filterLoc,,
6345,1485,filterLoc,,
6345,1488,filterLoc,,
6345,1491,filterLoc,,
6345,1494,filterLoc,,
6345,1497,filterLoc,,
6345,1500,filterLoc,,
6345,1503,filterLoc,,
6345,1506,filterLoc,,
6345,1509,filterLoc,,
6345,67,filterLoc,out,Evacuee 459 in triage category G is not assigned a helicopter
6345,67,filterLoc,,
6345,68,evacuee,,Evacuee;459;in triage state;G;is entering the FOL
6345,320,filterLoc,out,Evacuee 460 in triage category G is not assigned a helicopter
6345,320,filterLoc,,
6345,321,evacuee,,Evacuee;460;in triage state;G;is entering the FOL
6345,326,filterLoc,out,Evacuee 446 in triage category G is not assigned a helicopter
6345,326,filterLoc,,
6345,327,evacuee,,Evacuee;446;in triage state;G;is entering the FOL
6345,446,filterLoc,out,Evacuee 259 in triage category G is not assigned a helicopter
6345,446,filterLoc,,
6345,447,evacuee,,Evacuee;259;in triage state;G;is entering the FOL
6345,518,filterLoc,out,Evacuee 112 in triage category W is not assigned a helicopter
6345,518,filterLoc,,
6345,519,evacuee,,Evacuee;112;in triage state;W;is entering the FOL
6345,713,filterLoc,out,Evacuee 135 in triage category G is not assigned a helicopter
6345,713,filterLoc,,
6345,714,evacuee,,Evacuee;135;in triage state;G;is entering the FOL
6345,770,filterLoc,out,Evacuee 107 in triage category W is not assigned a helicopter
6345,770,filterLoc,,
6345,771,evacuee,,Evacuee;107;in triage state;W;is entering the FOL
6345,776,filterLoc,out,Evacuee 110 in triage category W is not assigned a helicopter
6345,776,filterLoc,,
6345,777,evacuee,,Evacuee;110;in triage state;W;is entering the FOL
6345,881,filterLoc,out,Evacuee 246 in triage category G is not assigned a helicopter
6345,881,filterLoc,,
6345,882,evacuee,,Evacuee;246;in triage state;G;is entering the FOL
6345,1266,filterLoc,out,Evacuee 438 in triage category G is not assigned a helicopter
6345,1266,filterLoc,,
6345,1267,evacuee,,Evacuee;438;in triage state;G;is entering the FOL
6345,68,evacuee,outFOL,Evacuee 459 in triage category G is not assigned a helicopter
6345,68,evacuee,,Evacuee;459;in triage state;G;is at the FOL
6345,219,FOL,,;EvacueeID;5;Triage Status;G;EvacueeID;7;Triage Status;G;EvacueeID;13;Triage Status;G;EvacueeID;16;Triage Status;G;EvacueeID;18;Triage Status;G;EvacueeID;22;Triage Status;G;EvacueeID;23;Triage Status;G;EvacueeID;24;Triage Status;G;EvacueeID;25;Triage Status;G;EvacueeID;30;Triage Status;G;EvacueeID;32;Triage Status;G;EvacueeID;34;Triage Status;G;EvacueeID;37;Triage Status;G;EvacueeID;39;Triage Status;G;EvacueeID;40;Triage Status;G;EvacueeID;43;Triage Status;G;EvacueeID;44;Triage Status;G;EvacueeID;45;Triage Status;G;EvacueeID;51;Triage Status;G;EvacueeID;57;Triage Status;G;EvacueeID;62;Triage Status;G;EvacueeID;66;Triage Status;G;EvacueeID;70;Triage Status;G;EvacueeID;73;Triage Status;G;EvacueeID;75;Triage Status;G;EvacueeID;79;Triage Status;G;EvacueeID;80;Triage Status;G;EvacueeID;89;Triage Status;G;EvacueeID;92;Triage Status;G;EvacueeID;97;Triage Status;G;EvacueeID;260;Triage Status;G;EvacueeID;261;Triage Status;G;EvacueeID;267;Triage Status;G;EvacueeID;283;Triage Status;G;EvacueeID;284;Triage Status;G;EvacueeID;285;Triage Status;G;EvacueeID;287;Triage Status;G;EvacueeID;288;Triage Status;G;EvacueeID;289;Triage Status;G;EvacueeID;296;Triage Status;G;EvacueeID;299;Triage Status;G;EvacueeID;302;Triage Status;G;EvacueeID;307;Triage Status;G;EvacueeID;316;Triage Status;G;EvacueeID;317;Triage Status;G;EvacueeID;318;Triage Status;G;EvacueeID;320;Triage Status;G;EvacueeID;323;Triage Status;G;EvacueeID;336;Triage Status;G;EvacueeID;341;Triage Status;G;EvacueeID;345;Triage Status;G;EvacueeID;346;Triage Status;G;EvacueeID;348;Triage Status;G;EvacueeID;349;Triage Status;G;EvacueeID;356;Triage Status;G;EvacueeID;376;Triage Status;G;EvacueeID;379;Triage Status;G;EvacueeID;380;Triage Status;G;EvacueeID;381;Triage Status;G;EvacueeID;382;Triage Status;G;EvacueeID;388;Triage Status;G;EvacueeID;391;Triage Status;G;EvacueeID;394;Triage Status;G;EvacueeID;402;Triage Status;G;EvacueeID;408;Triage Status;G;EvacueeID;409;Triage Status;G;EvacueeID;411;Triage Status;G;EvacueeID;415;Triage Status;G;EvacueeID;422;Triage Status;G;EvacueeID;427;Triage Status;G;EvacueeID;217;Triage Status;W;EvacueeID;229;Triage Status;W;EvacueeID;233;Triage Status;W;EvacueeID;236;Triage Status;W;EvacueeID;250;Triage Status;W;EvacueeID;255;Triage Status;W;EvacueeID;258;Triage Status;W;EvacueeID;462;Triage Status;Y;EvacueeID;98;Triage Status;G;EvacueeID;99;Triage Status;G;EvacueeID;115;Triage Status;G;EvacueeID;119;Triage Status;G;EvacueeID;125;Triage Status;G;EvacueeID;130;Triage Status;G;EvacueeID;134;Triage Status;G;EvacueeID;140;Triage Status;G;EvacueeID;143;Triage Status;G;EvacueeID;149;Triage Status;G;EvacueeID;150;Triage Status;G;EvacueeID;151;Triage Status;G;EvacueeID;180;Triage Status;G;EvacueeID;191;Triage Status;G;EvacueeID;199;Triage Status;G;EvacueeID;205;Triage Status;G;EvacueeID;206;Triage Status;G;EvacueeID;209;Triage Status;G;EvacueeID;227;Triage Status;G;EvacueeID;242;Triage Status;G;EvacueeID;107;Triage Status;W;EvacueeID;110;Triage Status;W;EvacueeID;112;Triage Status;W;EvacueeID;135;Triage Status;G;EvacueeID;246;Triage Status;G;EvacueeID;259;Triage Status;G;EvacueeID;438;Triage Status;G;EvacueeID;446;Triage Status;G;EvacueeID;459;Triage Status;G;EvacueeID;460;Triage Status;G;Lives Saved;108
6345,321,evacuee,outFOL,Evacuee 460 in triage category G is not assigned a helicopter
6345,321,evacuee,,Evacuee;460;in triage state;G;is at the FOL
6345,327,evacuee,outFOL,Evacuee 446 in triage category G is not assigned a helicopter
6345,327,evacuee,,Evacuee;446;in triage state;G;is at the FOL
6345,447,evacuee,outFOL,Evacuee 259 in triage category G is not assigned a helicopter
6345,447,evacuee,,Evacuee;259;in triage state;G;is at the FOL
6345,519,evacuee,outFOL,Evacuee 112 in triage category W is not assigned a helicopter
6345,519,evacuee,,Evacuee;112;in triage state;W;is at the FOL
6345,714,evacuee,outFOL,Evacuee 135 in triage category G is not assigned a helicopter
6345,714,evacuee,,Evacuee;135;in triage state;G;is at the FOL
6345,771,evacuee,outFOL,Evacuee 107 in triage category W is not assigned a helicopter
6345,771,evacuee,,Evacuee;107;in triage state;W;is at the FOL
6345,777,evacuee,outFOL,Evacuee 110 in triage category W is not assigned a helicopter
6345,777,evacuee,,Evacuee;110;in triage state;W;is at the FOL
6345,882,evacuee,outFOL,Evacuee 246 in triage category G is not assigned a helicopter
6345,882,evacuee,,Evacuee;246;in triage state;G;is at the FOL
6345,1267,evacuee,outFOL,Evacuee 438 in triage category G is not assigned a helicopter
6345,1267,evacuee,,Evacuee;438;in triage state;G;is at the FOL
6345,219,FOL,,;EvacueeID;5;Triage Status;G;EvacueeID;7;Triage Status;G;EvacueeID;13;Triage Status;G;EvacueeID;16;Triage Status;G;EvacueeID;18;Triage Status;G;EvacueeID;22;Triage Status;G;EvacueeID;23;Triage Status;G;EvacueeID;24;Triage Status;G;EvacueeID;25;Triage Status;G;EvacueeID;30;Triage Status;G;EvacueeID;32;Triage Status;G;EvacueeID;34;Triage Status;G;EvacueeID;37;Triage Status;G;EvacueeID;39;Triage Status;G;EvacueeID;40;Triage Status;G;EvacueeID;43;Triage Status;G;EvacueeID;44;Triage Status;G;EvacueeID;45;Triage Status;G;EvacueeID;51;Triage Status;G;EvacueeID;57;Triage Status;G;EvacueeID;62;Triage Status;G;EvacueeID;66;Triage Status;G;EvacueeID;70;Triage Status;G;EvacueeID;73;Triage Status;G;EvacueeID;75;Triage Status;G;EvacueeID;79;Triage Status;G;EvacueeID;80;Triage Status;G;EvacueeID;89;Triage Status;G;EvacueeID;92;Triage Status;G;EvacueeID;97;Triage Status;G;EvacueeID;260;Triage Status;G;EvacueeID;261;Triage Status;G;EvacueeID;267;Triage Status;G;EvacueeID;283;Triage Status;G;EvacueeID;284;Triage Status;G;EvacueeID;285;Triage Status;G;EvacueeID;287;Triage Status;G;EvacueeID;288;Triage Status;G;EvacueeID;289;Triage Status;G;EvacueeID;296;Triage Status;G;EvacueeID;299;Triage Status;G;EvacueeID;302;Triage Status;G;EvacueeID;307;Triage Status;G;EvacueeID;316;Triage Status;G;EvacueeID;317;Triage Status;G;EvacueeID;318;Triage Status;G;EvacueeID;320;Triage Status;G;EvacueeID;323;Triage Status;G;EvacueeID;336;Triage Status;G;EvacueeID;341;Triage Status;G;EvacueeID;345;Triage Status;G;EvacueeID;346;Triage Status;G;EvacueeID;348;Triage Status;G;EvacueeID;349;Triage Status;G;EvacueeID;356;Triage Status;G;EvacueeID;376;Triage Status;G;EvacueeID;379;Triage Status;G;EvacueeID;380;Triage Status;G;EvacueeID;381;Triage Status;G;EvacueeID;382;Triage Status;G;EvacueeID;388;Triage Status;G;EvacueeID;391;Triage Status;G;EvacueeID;394;Triage Status;G;EvacueeID;402;Triage Status;G;EvacueeID;408;Triage Status;G;EvacueeID;409;Triage Status;G;EvacueeID;411;Triage Status;G;EvacueeID;415;Triage Status;G;EvacueeID;422;Triage Status;G;EvacueeID;427;Triage Status;G;EvacueeID;217;Triage Status;W;EvacueeID;229;Triage Status;W;EvacueeID;233;Triage Status;W;EvacueeID;236;Triage Status;W;EvacueeID;250;Triage Status;W;EvacueeID;255;Triage Status;W;EvacueeID;258;Triage Status;W;EvacueeID;462;Triage Status;Y;EvacueeID;98;Triage Status;G;EvacueeID;99;Triage Status;G;EvacueeID;115;Triage Status;G;EvacueeID;119;Triage Status;G;EvacueeID;125;Triage Status;G;EvacueeID;130;Triage Status;G;EvacueeID;134;Triage Status;G;EvacueeID;140;Triage Status;G;EvacueeID;143;Triage Status;G;EvacueeID;149;Triage Status;G;EvacueeID;150;Triage Status;G;EvacueeID;151;Triage Status;G;EvacueeID;180;Triage Status;G;EvacueeID;191;Triage Status;G;EvacueeID;199;Triage Status;G;EvacueeID;205;Triage Status;G;EvacueeID;206;Triage Status;G;EvacueeID;209;Triage Status;G;EvacueeID;227;Triage Status;G;EvacueeID;242;Triage Status;G;EvacueeID;107;Triage Status;W;EvacueeID;110;Triage Status;W;EvacueeID;112;Triage Status;W;EvacueeID;135;Triage Status;G;EvacueeID;246;Triage Status;G;EvacueeID;259;Triage Status;G;EvacueeID;438;Triage Status;G;EvacueeID;446;Triage Status;G;EvacueeID;459;Triage Status;G;EvacueeID;460;Triage Status;G;Lives Saved;108
6360,1153,helicopter,,Helicopter;1;Is going to the evacuation site;;and has;0;spots taken
6510,5,helicopterQueue,,1;Helos are waiting to land;HeloID;1
6510,1153,helicopter,outES,Helicopter 1 is evacuating people1
6510,1153,helicopter,,Helicopter;1;is waiting to land at the evacuation site;;and has;0;spots taken
6510,4,helipadManager,,;No helos are at ES
6510,5,helicopterQueue,outHM,Helicopter 1 is evacuating people1
6510,5,helicopterQueue,outHelo,Helicopter 1 is evacuating people1
6510,5,helicopterQueue,,;No helos are waiting to land
6510,1152,filterES,,Helicopter;1;is evacuating people
6510,3,evacueeManager,,OFF SHIP: White;0;Green;0;Yellow;0;Red;0;Black;373;ON SHIP: White;9;Green;0;Yellow;0;Red;0;Evacuees to Transfer;;EvacueeID;114;HeloID;1;OnShip;0;Triage Status;W;EvacueeID;145;HeloID;1;OnShip;0;Triage Status;W;EvacueeID;146;HeloID;1;OnShip;0;Triage Status;W;EvacueeID;167;HeloID;1;OnShip;0;Triage Status;W;EvacueeID;178;HeloID;1;OnShip;0;Triage Status;W;EvacueeID;186;HeloID;1;OnShip;0;Triage Status;W;EvacueeID;200;HeloID;1;OnShip;0;Triage Status;W;EvacueeID;208;HeloID;1;OnShip;0;Triage Status;W;EvacueeID;212;HeloID;1;OnShip;0;Triage Status;W;EvacueeID;215;HeloID;1;OnShip;0;Triage Status;W
6510,4,helipadManager,outEM,Helicopter 1 is evacuating people1
6510,4,helipadManager,,Helo;1;is at the ES
6510,1152,filterES,out,Helicopter 1 is evacuating people1
6510,1152,filterES,,
6510,1153,helicopter,,Helicopter;1;is waiting to land at the evacuation site;;and has;0;spots taken
6510,3,evacueeManager,outEvac,Evacuee 114 in triage category W is assigned helicopter 1
6510,3,evacueeManager,outEvac,Evacuee 145 in triage category W is assigned helicopter 1
6510,3,evacueeManager,outEvac,Evacuee 146 in triage category W is assigned helicopter 1
6510,3,evacueeManager,outEvac,Evacuee 167 in triage category W is assigned helicopter 1
6510,3,evacueeManager,outEvac,Evacuee 178 in triage category W is assigned helicopter 1
6510,3,evacueeManager,outEvac,Evacuee 186 in triage category W is assigned helicopter 1
6510,3,evacueeManager,outEvac,Evacuee 200 in triage category W is assigned helicopter 1
6510,3,evacueeManager,outEvac,Evacuee 208 in triage category W is assigned helicopter 1
6510,3,evacueeManager,outEvac,Evacuee 212 in triage category W is assigned helicopter 1
6510,3,evacueeManager,outEvac,Evacuee 215 in triage category W is assigned helicopter 1
6510,3,evacueeManager,,OFF SHIP: White;0;Green;0;Yellow;0;Red;0;Black;373;ON SHIP: White;9;Green;0;Yellow;0;Red;0;Evacuees to Transfer;
6510,7,filterLoc,,
6510,10,filterLoc,,
6510,13,filterLoc,,
6510,16,filterLoc,,
6510,19,filterLoc,,
6510,22,filterLoc,,
6510,25,filterLoc,,
6510,28,filterLoc,,
6510,31,filterLoc,,
6510,34,filterLoc,,
6510,37,filterLoc,,
6510,40,filterLoc,,
6510,43,filterLoc,,
6510,46,filterLoc,,
6510,49,filterLoc,,
6510,52,filterLoc,,
6510,55,filterLoc,,
6510,58,filterLoc,,
6510,61,filterLoc,,
6510,64,filterLoc,,
6510,67,filterLoc,,
6510,70,filterLoc,,
6510,73,filterLoc,,
6510,76,filterLoc,,
6510,79,filterLoc,,
6510,82,filterLoc,,
6510,85,filterLoc,,
6510,88,filterLoc,,
6510,91,filterLoc,,
6510,94,filterLoc,,
6510,97,filterLoc,,
6510,100,filterLoc,,
6510,103,filterLoc,,
6510,106,filterLoc,,
6510,109,filterLoc,,
6510,112,filterLoc,,
6510,115,filterLoc,,
6510,118,filterLoc,,
6510,121,filterLoc,,
6510,124,filterLoc,,
6510,127,filterLoc,,
6510,130,filterLoc,,
6510,133,filterLoc,,
6510,136,filterLoc,,
6510,139,filterLoc,,
6510,142,filterLoc,,
6510,145,filterLoc,,
6510,148,filterLoc,,
6510,151,filterLoc,,
6510,154,filterLoc,,
6510,157,filterLoc,,
6510,160,filterLoc,,
6510,163,filterLoc,,
6510,166,filterLoc,,
6510,169,filterLoc,,
6510,172,filterLoc,,
6510,175,filterLoc,,
6510,178,filterLoc,,
6510,181,filterLoc,,
6510,184,filterLoc,,
6510,187,filterLoc,,
6510,190,filterLoc,,
6510,193,filterLoc,,
6510,196,filterLoc,,
6510,199,filterLoc,,
6510,202,filterLoc,,
6510,205,filterLoc,,
6510,208,filterLoc,,
6510,211,filterLoc,,
6510,214,filterLoc,,
6510,217,filterLoc,,
6510,221,filterLoc,,
6510,224,filterLoc,,
6510,227,filterLoc,,
6510,230,filterLoc,,
6510,233,filterLoc,,
6510,236,filterLoc,,
6510,239,filterLoc,,
6510,242,filterLoc,,
6510,245,filterLoc,,
6510,248,filterLoc,,
6510,251,filterLoc,,
6510,254,filterLoc,,
6510,257,filterLoc,,
6510,260,filterLoc,,
6510,263,filterLoc,,
6510,266,filterLoc,,
6510,269,filterLoc,,
6510,272,filterLoc,,
6510,275,filterLoc,,
6510,278,filterLoc,,
6510,281,filterLoc,,
6510,284,filterLoc,,
6510,287,filterLoc,,
6510,290,filterLoc,,
6510,293,filterLoc,,
6510,296,filterLoc,,
6510,299,filterLoc,,
6510,302,filterLoc,,
6510,305,filterLoc,,
6510,308,filterLoc,,
6510,311,filterLoc,,
6510,314,filterLoc,,
6510,317,filterLoc,,
6510,320,filterLoc,,
6510,323,filterLoc,,
6510,326,filterLoc,,
6510,329,filterLoc,,
6510,332,filterLoc,,
6510,335,filterLoc,,
6510,338,filterLoc,,
6510,341,filterLoc,,
6510,344,filterLoc,,
6510,347,filterLoc,,
6510,350,filterLoc,,
6510,353,filterLoc,,
6510,356,filterLoc,,
6510,359,filterLoc,,
6510,362,filterLoc,,
6510,365,filterLoc,,
6510,368,filterLoc,,
6510,371,filterLoc,,
6510,374,filterLoc,,
6510,377,filterLoc,,
6510,380,filterLoc,,
6510,383,filterLoc,,
6510,386,filterLoc,,
6510,389,filterLoc,,
6510,392,filterLoc,,
6510,395,filterLoc,,
6510,398,filterLoc,,
6510,401,filterLoc,,
6510,404,filterLoc,,
6510,407,filterLoc,,
6510,410,filterLoc,,
6510,413,filterLoc,,
6510,416,filterLoc,,
6510,419,filterLoc,,
6510,422,filterLoc,,
6510,425,filterLoc,,
6510,428,filterLoc,,
6510,431,filterLoc,,
6510,434,filterLoc,,
6510,437,filterLoc,,
6510,440,filterLoc,,
6510,443,filterLoc,,
6510,446,filterLoc,,
6510,449,filterLoc,,
6510,452,filterLoc,,;Evacuee;114;in triage category;W;is entering helicopter;1
6510,455,filterLoc,,
6510,458,filterLoc,,
6510,461,filterLoc,,
6510,464,filterLoc,,
6510,467,filterLoc,,
6510,470,filterLoc,,
6510,473,filterLoc,,
6510,476,filterLoc,,
6510,479,filterLoc,,
6510,482,filterLoc,,
6510,485,filterLoc,,
6510,488,filterLoc,,
6510,491,filterLoc,,
6510,494,filterLoc,,
6510,497,filterLoc,,
6510,500,filterLoc,,
6510,503,filterLoc,,
6510,506,filterLoc,,
6510,509,filterLoc,,;Evacuee;215;in triage category;W;is entering helicopter;1
6510,512,filterLoc,,
6510,515,filterLoc,,
6510,518,filterLoc,,
6510,521,filterLoc,,
6510,524,filterLoc,,
6510,527,filterLoc,,
6510,530,filterLoc,,
6510,533,filterLoc,,
6510,536,filterLoc,,
6510,539,filterLoc,,
6510,542,filterLoc,,
6510,545,filterLoc,,
6510,548,filterLoc,,
6510,551,filterLoc,,
6510,554,filterLoc,,
6510,557,filterLoc,,
6510,560,filterLoc,,
6510,563,filterLoc,,
6510,566,filterLoc,,
6510,569,filterLoc,,
6510,572,filterLoc,,
6510,575,filterLoc,,
6510,578,filterLoc,,
6510,581,filterLoc,,
6510,584,filterLoc,,
6510,587,filterLoc,,
6510,590,filterLoc,,
6510,593,filterLoc,,
6510,596,filterLoc,,
6510,599,filterLoc,,
6510,602,filterLoc,,
6510,605,filterLoc,,
6510,608,filterLoc,,
6510,611,filterLoc,,
6510,614,filterLoc,,
6510,617,filterLoc,,
6510,620,filterLoc,,
6510,623,filterLoc,,
6510,626,filterLoc,,
6510,629,filterLoc,,
6510,632,filterLoc,,
6510,635,filterLoc,,
6510,638,filterLoc,,
6510,641,filterLoc,,
6510,644,filterLoc,,
6510,647,filterLoc,,
6510,650,filterLoc,,
6510,653,filterLoc,,
6510,656,filterLoc,,
6510,659,filterLoc,,
6510,662,filterLoc,,
6510,665,filterLoc,,
6510,668,filterLoc,,
6510,671,filterLoc,,
6510,674,filterLoc,,
6510,677,filterLoc,,
6510,680,filterLoc,,
6510,683,filterLoc,,
6510,686,filterLoc,,
6510,689,filterLoc,,
6510,692,filterLoc,,
6510,695,filterLoc,,
6510,698,filterLoc,,
6510,701,filterLoc,,
6510,704,filterLoc,,
6510,707,filterLoc,,
6510,710,filterLoc,,
6510,713,filterLoc,,
6510,716,filterLoc,,
6510,719,filterLoc,,
6510,722,filterLoc,,
6510,725,filterLoc,,
6510,728,filterLoc,,
6510,731,filterLoc,,
6510,734,filterLoc,,
6510,737,filterLoc,,
6510,740,filterLoc,,
6510,743,filterLoc,,
6510,746,filterLoc,,
6510,749,filterLoc,,
6510,752,filterLoc,,
6510,755,filterLoc,,
6510,758,filterLoc,,
6510,761,filterLoc,,
6510,764,filterLoc,,
6510,767,filterLoc,,
6510,770,filterLoc,,
6510,773,filterLoc,,
6510,776,filterLoc,,
6510,779,filterLoc,,
6510,782,filterLoc,,
6510,785,filterLoc,,
6510,788,filterLoc,,
6510,791,filterLoc,,
6510,794,filterLoc,,
6510,797,filterLoc,,
6510,800,filterLoc,,
6510,803,filterLoc,,
6510,806,filterLoc,,
6510,809,filterLoc,,
6510,812,filterLoc,,
6510,815,filterLoc,,
6510,818,filterLoc,,
6510,821,filterLoc,,
6510,824,filterLoc,,
6510,827,filterLoc,,
6510,830,filterLoc,,
6510,833,filterLoc,,
6510,836,filterLoc,,
6510,839,filterLoc,,
6510,842,filterLoc,,
6510,845,filterLoc,,
6510,848,filterLoc,,
6510,851,filterLoc,,
6510,854,filterLoc,,
6510,857,filterLoc,,
6510,860,filterLoc,,
6510,863,filterLoc,,
6510,866,filterLoc,,
6510,869,filterLoc,,
6510,872,filterLoc,,
6510,875,filterLoc,,
6510,878,filterLoc,,
6510,881,filterLoc,,
6510,884,filterLoc,,
6510,887,filterLoc,,
6510,890,filterLoc,,
6510,893,filterLoc,,
6510,896,filterLoc,,
6510,899,filterLoc,,
6510,902,filterLoc,,
6510,905,filterLoc,,
6510,908,filterLoc,,
6510,911,filterLoc,,
6510,914,filterLoc,,
6510,917,filterLoc,,
6510,920,filterLoc,,
6510,923,filterLoc,,
6510,926,filterLoc,,
6510,929,filterLoc,,
6510,932,filterLoc,,
6510,935,filterLoc,,
6510,938,filterLoc,,
6510,941,filterLoc,,
6510,944,filterLoc,,
6510,947,filterLoc,,
6510,950,filterLoc,,
6510,953,filterLoc,,
6510,956,filterLoc,,
6510,959,filterLoc,,
6510,962,filterLoc,,
6510,965,filterLoc,,
6510,968,filterLoc,,
6510,971,filterLoc,,
6510,974,filterLoc,,
6510,977,filterLoc,,
6510,980,filterLoc,,
6510,983,filterLoc,,
6510,986,filterLoc,,
6510,989,filterLoc,,
6510,992,filterLoc,,
6510,995,filterLoc,,
6510,998,filterLoc,,
6510,1001,filterLoc,,
6510,1004,filterLoc,,
6510,1007,filterLoc,,
6510,1010,filterLoc,,
6510,1013,filterLoc,,;Evacuee;200;in triage category;W;is entering helicopter;1
6510,1016,filterLoc,,
6510,1019,filterLoc,,
6510,1022,filterLoc,,
6510,1025,filterLoc,,
6510,1028,filterLoc,,
6510,1031,filterLoc,,
6510,1034,filterLoc,,
6510,1037,filterLoc,,
6510,1040,filterLoc,,
6510,1043,filterLoc,,
6510,1046,filterLoc,,
6510,1049,filterLoc,,
6510,1052,filterLoc,,
6510,1055,filterLoc,,
6510,1058,filterLoc,,
6510,1061,filterLoc,,
6510,1064,filterLoc,,
6510,1067,filterLoc,,
6510,1070,filterLoc,,
6510,1073,filterLoc,,
6510,1076,filterLoc,,
6510,1079,filterLoc,,;Evacuee;212;in triage category;W;is entering helicopter;1
6510,1082,filterLoc,,
6510,1085,filterLoc,,
6510,1088,filterLoc,,
6510,1091,filterLoc,,
6510,1094,filterLoc,,
6510,1097,filterLoc,,
6510,1100,filterLoc,,
6510,1103,filterLoc,,
6510,1106,filterLoc,,
6510,1109,filterLoc,,
6510,1112,filterLoc,,
6510,1115,filterLoc,,
6510,1118,filterLoc,,
6510,1121,filterLoc,,
6510,1124,filterLoc,,
6510,1127,filterLoc,,
6510,1130,filterLoc,,
6510,1133,filterLoc,,
6510,1136,filterLoc,,;Evacuee;208;in triage category;W;is entering helicopter;1
6510,1139,filterLoc,,
6510,1142,filterLoc,,
6510,1145,filterLoc,,
6510,1148,filterLoc,,
6510,1153,helicopter,,Helicopter;1;is loading people at the evacuation site;;and has;0;spots taken
6510,1155,filterLoc,,
6510,1158,filterLoc,,
6510,1161,filterLoc,,
6510,1164,filterLoc,,
6510,1167,filterLoc,,
6510,1170,filterLoc,,
6510,1173,filterLoc,,
6510,1176,filterLoc,,
6510,1179,filterLoc,,
6510,1182,filterLoc,,
6510,1185,filterLoc,,
6510,1188,filterLoc,,
6510,1191,filterLoc,,
6510,1194,filterLoc,,
6510,1197,filterLoc,,
6510,1200,filterLoc,,
6510,1203,filterLoc,,
6510,1206,filterLoc,,
6510,1209,filterLoc,,
6510,1212,filterLoc,,
6510,1215,filterLoc,,
6510,1218,filterLoc,,
6510,1221,filterLoc,,
6510,1224,filterLoc,,
6510,1227,filterLoc,,
6510,1230,filterLoc,,
6510,1233,filterLoc,,
6510,1236,filterLoc,,
6510,1239,filterLoc,,
6510,1242,filterLoc,,
6510,1245,filterLoc,,
6510,1248,filterLoc,,
6510,1251,filterLoc,,
6510,1254,filterLoc,,
6510,1257,filterLoc,,
6510,1260,filterLoc,,
6510,1263,filterLoc,,;Evacuee;178;in triage category;W;is entering helicopter;1
6510,1266,filterLoc,,
6510,1269,filterLoc,,;Evacuee;146;in triage category;W;is entering helicopter;1
6510,1272,filterLoc,,;Evacuee;167;in triage category;W;is entering helicopter;1
6510,1275,filterLoc,,;Evacuee;145;in triage category;W;is entering helicopter;1
6510,1278,filterLoc,,
6510,1281,filterLoc,,
6510,1284,filterLoc,,
6510,1287,filterLoc,,
6510,1290,filterLoc,,
6510,1293,filterLoc,,
6510,1296,filterLoc,,
6510,1299,filterLoc,,
6510,1302,filterLoc,,
6510,1305,filterLoc,,
6510,1308,filterLoc,,
6510,1311,filterLoc,,
6510,1314,filterLoc,,
6510,1317,filterLoc,,
6510,1320,filterLoc,,
6510,1323,filterLoc,,;Evacuee;186;in triage category;W;is entering helicopter;1
6510,1326,filterLoc,,
6510,1329,filterLoc,,
6510,1332,filterLoc,,
6510,1335,filterLoc,,
6510,1338,filterLoc,,
6510,1341,filterLoc,,
6510,1344,filterLoc,,
6510,1347,filterLoc,,
6510,1350,filterLoc,,
6510,1353,filterLoc,,
6510,1356,filterLoc,,
6510,1359,filterLoc,,
6510,1362,filterLoc,,
6510,1365,filterLoc,,
6510,1368,filterLoc,,
6510,1371,filterLoc,,
6510,1374,filterLoc,,
6510,1377,filterLoc,,
6510,1380,filterLoc,,
6510,1383,filterLoc,,
6510,1386,filterLoc,,
6510,1389,filterLoc,,
6510,1392,filterLoc,,
6510,1395,filterLoc,,
6510,1398,filterLoc,,
6510,1401,filterLoc,,
6510,1404,filterLoc,,
6510,1407,filterLoc,,
6510,1410,filterLoc,,
6510,1413,filterLoc,,
6510,1416,filterLoc,,
6510,1419,filterLoc,,
6510,1422,filterLoc,,
6510,1425,filterLoc,,
6510,1428,filterLoc,,
6510,1431,filterLoc,,
6510,1434,filterLoc,,
6510,1437,filterLoc,,
6510,1440,filterLoc,,
6510,1443,filterLoc,,
6510,1446,filterLoc,,
6510,1449,filterLoc,,
6510,1452,filterLoc,,
6510,1455,filterLoc,,
6510,1458,filterLoc,,
6510,1461,filterLoc,,
6510,1464,filterLoc,,
6510,1467,filterLoc,,
6510,1470,filterLoc,,
6510,1473,filterLoc,,
6510,1476,filterLoc,,
6510,1479,filterLoc,,
6510,1482,filterLoc,,
6510,1485,filterLoc,,
6510,1488,filterLoc,,
6510,1491,filterLoc,,
6510,1494,filterLoc,,
6510,1497,filterLoc,,
6510,1500,filterLoc,,
6510,1503,filterLoc,,
6510,1506,filterLoc,,
6510,1509,filterLoc,,
6510,452,filterLoc,out,Evacuee 114 in triage category W is assigned helicopter 1
6510,452,filterLoc,,
6510,453,evacuee,,Evacuee;114;in triage state;W;is entering helicopter;1
6510,509,filterLoc,out,Evacuee 215 in triage category W is assigned helicopter 1
6510,509,filterLoc,,
6510,510,evacuee,,Evacuee;215;in triage state;W;is entering helicopter;1
6510,1013,filterLoc,out,Evacuee 200 in triage category W is assigned helicopter 1
6510,1013,filterLoc,,
6510,1014,evacuee,,Evacuee;200;in triage state;W;is entering helicopter;1
6510,1079,filterLoc,out,Evacuee 212 in triage category W is assigned helicopter 1
6510,1079,filterLoc,,
6510,1080,evacuee,,Evacuee;212;in triage state;W;is entering helicopter;1
6510,1136,filterLoc,out,Evacuee 208 in triage category W is assigned helicopter 1
6510,1136,filterLoc,,
6510,1137,evacuee,,Evacuee;208;in triage state;W;is entering helicopter;1
6510,1263,filterLoc,out,Evacuee 178 in triage category W is assigned helicopter 1
6510,1263,filterLoc,,
6510,1264,evacuee,,Evacuee;178;in triage state;W;is entering helicopter;1
6510,1269,filterLoc,out,Evacuee 146 in triage category W is assigned helicopter 1
6510,1269,filterLoc,,
6510,1270,evacuee,,Evacuee;146;in triage state;W;is entering helicopter;1
6510,1272,filterLoc,out,Evacuee 167 in triage category W is assigned helicopter 1
6510,1272,filterLoc,,
6510,1273,evacuee,,Evacuee;167;in triage state;W;is entering helicopter;1
6510,1275,filterLoc,out,Evacuee 145 in triage category W is assigned helicopter 1
6510,1275,filterLoc,,
6510,1276,evacuee,,Evacuee;145;in triage state;W;is entering helicopter;1
6510,1323,filterLoc,out,Evacuee 186 in triage category W is assigned helicopter 1
6510,1323,filterLoc,,
6510,1324,evacuee,,Evacuee;186;in triage state;W;is entering helicopter;1
6510,453,evacuee,outHelo,Evacuee 114 in triage category W is assigned helicopter 1
6510,453,evacuee,,Evacuee;114;in triage state;W;is in helicopter;1
6510,510,evacuee,outHelo,Evacuee 215 in triage category W is assigned helicopter 1
6510,510,evacuee,,Evacuee;215;in triage state;W;is in helicopter;1
6510,1014,evacuee,outHelo,Evacuee 200 in triage category W is assigned helicopter 1
6510,1014,evacuee,,Evacuee;200;in triage state;W;is in helicopter;1
6510,1080,evacuee,outHelo,Evacuee 212 in triage category W is assigned helicopter 1
6510,1080,evacuee,,Evacuee;212;in triage state;W;is in helicopter;1
6510,1137,evacuee,outHelo,Evacuee 208 in triage category W is assigned helicopter 1
6510,1137,evacuee,,Evacuee;208;in triage state;W;is in helicopter;1
6510,1151,filterEvac,,;Evacuee;114;in triage category;W;is entering helicopter;1;Evacuee;145;in triage category;W;is entering helicopter;1;Evacuee;146;in triage category;W;is entering helicopter;1;Evacuee;167;in triage category;W;is entering helicopter;1;Evacuee;178;in triage category;W;is entering helicopter;1;Evacuee;186;in triage category;W;is entering helicopter;1;Evacuee;200;in triage category;W;is entering helicopter;1;Evacuee;208;in triage category;W;is entering helicopter;1;Evacuee;212;in triage category;W;is entering helicopter;1;Evacuee;215;in triage category;W;is entering helicopter;1
6510,1264,evacuee,outHelo,Evacuee 178 in triage category W is assigned helicopter 1
6510,1264,evacuee,,Evacuee;178;in triage state;W;is in helicopter;1
6510,1270,evacuee,outHelo,Evacuee 146 in triage category W is assigned helicopter 1
6510,1270,evacuee,,Evacuee;146;in triage state;W;is in helicopter;1
6510,1273,evacuee,outHelo,Evacuee 167 in triage category W is assigned helicopter 1
6510,1273,evacuee,,Evacuee;167;in triage state;W;is in helicopter;1
6510,1276,evacuee,outHelo,Evacuee 145 in triage category W is assigned helicopter 1
6510,1276,evacuee,,Evacuee;145;in triage state;W;is in helicopter;1
6510,1324,evacuee,outHelo,Evacuee 186 in triage category W is assigned helicopter 1
6510,1324,evacuee,,Evacuee;186;in triage state;W;is in helicopter;1
6510,1151,filterEvac,out,Evacuee 114 in triage category W is assigned helicopter 1
6510,1151,filterEvac,out,Evacuee 145 in triage category W is assigned helicopter 1
6510,1151,filterEvac,out,Evacuee 146 in triage category W is assigned helicopter 1
6510,1151,filterEvac,out,Evacuee 167 in triage category W is assigned helicopter 1
6510,1151,filterEvac,out,Evacuee 178 in triage category W is assigned helicopter 1
6510,1151,filterEvac,out,Evacuee 186 in triage category W is assigned helicopter 1
6510,1151,filterEvac,out,Evacuee 200 in triage category W is assigned helicopter 1
6510,1151,filterEvac,out,Evacuee 208 in triage category W is assigned helicopter 1
6510,1151,filterEvac,out,Evacuee 212 in triage category W is assigned helicopter 1
6510,1151,filterEvac,out,Evacuee 215 in triage category W is assigned helicopter 1
6510,1151,filterEvac,,
6510,1153,helicopter,,Helicopter;1;is loading people at the evacuation site;;and has;10;spots taken
6525,4,helipadManager,outHelo,Helicopter 1 is evacuating people1
6525,4,helipadManager,,;No helos are at ES
6525,1152,filterES,,Helicopter;1;is evacuating people
6525,4,helipadManager,outHQ,0
6525,4,helipadManager,,;No helos are at ES
6525,5,helicopterQueue,,;No helos are waiting to land
6525,1152,filterES,out,Helicopter 1 is evacuating people1
6525,1152,filterES,,
6525,1153,helicopter,,Helicopter;1;is loading people at the evacuation site;;and has;10;spots taken
6525,5,helicopterQueue,,;No helos are waiting to land
6525,1153,helicopter,,Helicopter;1;is returning to the FOL;;and has;10;spots taken
6540,2,coastGuardShip,out,1
6540,2,coastGuardShip,,The ship has arrived and is unloading evacuees.
6540,3,evacueeManager,,OFF SHIP: White;9;Green;0;Yellow;0;Red;0;Black;373;ON SHIP: White;0;Green;0;Yellow;0;Red;0;Evacuees to Transfer;;EvacueeID;101;HeloID;-1;OnShip;1;Triage Status;W;EvacueeID;142;HeloID;-1;OnShip;1;Triage Status;W;EvacueeID;189;HeloID;-1;OnShip;1;Triage Status;W;EvacueeID;231;HeloID;-1;OnShip;1;Triage Status;W;EvacueeID;253;HeloID;-1;OnShip;1;Triage Status;W;EvacueeID;453;HeloID;-1;OnShip;1;Triage Status;W;EvacueeID;461;HeloID;-1;OnShip;1;Triage Status;W;EvacueeID;223;HeloID;-1;OnShip;1;Triage Status;W;EvacueeID;228;HeloID;-1;OnShip;1;Triage Status;W
6540,3,evacueeManager,outEvac,Evacuee 101 in triage category W is told to leave the coast guard ship
6540,3,evacueeManager,outEvac,Evacuee 142 in triage category W is told to leave the coast guard ship
6540,3,evacueeManager,outEvac,Evacuee 189 in triage category W is told to leave the coast guard ship
6540,3,evacueeManager,outEvac,Evacuee 231 in triage category W is told to leave the coast guard ship
6540,3,evacueeManager,outEvac,Evacuee 253 in triage category W is told to leave the coast guard ship
6540,3,evacueeManager,outEvac,Evacuee 453 in triage category W is told to leave the coast guard ship
6540,3,evacueeManager,outEvac,Evacuee 461 in triage category W is told to leave the coast guard ship
6540,3,evacueeManager,outEvac,Evacuee 223 in triage category W is told to leave the coast guard ship
6540,3,evacueeManager,outEvac,Evacuee 228 in triage category W is told to leave the coast guard ship
6540,3,evacueeManager,,OFF SHIP: White;9;Green;0;Yellow;0;Red;0;Black;373;ON SHIP: White;0;Green;0;Yellow;0;Red;0;Evacuees to Transfer;
6540,7,filterLoc,,
6540,10,filterLoc,,
6540,13,filterLoc,,
6540,16,filterLoc,,
6540,19,filterLoc,,
6540,22,filterLoc,,
6540,25,filterLoc,,
6540,28,filterLoc,,
6540,31,filterLoc,,
6540,34,filterLoc,,
6540,37,filterLoc,,
6540,40,filterLoc,,
6540,43,filterLoc,,
6540,46,filterLoc,,
6540,49,filterLoc,,
6540,52,filterLoc,,
6540,55,filterLoc,,
6540,58,filterLoc,,
6540,61,filterLoc,,
6540,64,filterLoc,,;Evacuee;461;in triage category;W;is leaving the coast guard ship 
6540,67,filterLoc,,
6540,70,filterLoc,,
6540,73,filterLoc,,
6540,76,filterLoc,,
6540,79,filterLoc,,
6540,82,filterLoc,,
6540,85,filterLoc,,
6540,88,filterLoc,,
6540,91,filterLoc,,
6540,94,filterLoc,,
6540,97,filterLoc,,
6540,100,filterLoc,,
6540,103,filterLoc,,
6540,106,filterLoc,,
6540,109,filterLoc,,
6540,112,filterLoc,,
6540,115,filterLoc,,
6540,118,filterLoc,,
6540,121,filterLoc,,
6540,124,filterLoc,,
6540,127,filterLoc,,
6540,130,filterLoc,,
6540,133,filterLoc,,
6540,136,filterLoc,,
6540,139,filterLoc,,
6540,142,filterLoc,,
6540,145,filterLoc,,
6540,148,filterLoc,,
6540,151,filterLoc,,
6540,154,filterLoc,,
6540,157,filterLoc,,
6540,160,filterLoc,,
6540,163,filterLoc,,
6540,166,filterLoc,,
6540,169,filterLoc,,
6540,172,filterLoc,,
6540,175,filterLoc,,
6540,178,filterLoc,,
6540,181,filterLoc,,
6540,184,filterLoc,,
6540,187,filterLoc,,
6540,190,filterLoc,,
6540,193,filterLoc,,
6540,196,filterLoc,,
6540,199,filterLoc,,
6540,202,filterLoc,,
6540,205,filterLoc,,
6540,208,filterLoc,,
6540,211,filterLoc,,
6540,214,filterLoc,,
6540,217,filterLoc,,
6540,221,filterLoc,,
6540,224,filterLoc,,
6540,227,filterLoc,,
6540,230,filterLoc,,
6540,233,filterLoc,,
6540,236,filterLoc,,
6540,239,filterLoc,,
6540,242,filterLoc,,
6540,245,filterLoc,,
6540,248,filterLoc,,
6540,251,filterLoc,,
6540,254,filterLoc,,
6540,257,filterLoc,,
6540,260,filterLoc,,
6540,263,filterLoc,,
6540,266,filterLoc,,
6540,269,filterLoc,,
6540,272,filterLoc,,
6540,275,filterLoc,,
6540,278,filterLoc,,
6540,281,filterLoc,,
6540,284,filterLoc,,
6540,287,filterLoc,,
6540,290,filterLoc,,
6540,293,filterLoc,,
6540,296,filterLoc,,
6540,299,filterLoc,,
6540,302,filterLoc,,
6540,305,filterLoc,,
6540,308,filterLoc,,
6540,311,filterLoc,,
6540,314,filterLoc,,
6540,317,filterLoc,,
6540,320,filterLoc,,
6540,323,filterLoc,,
6540,326,filterLoc,,
6540,329,filterLoc,,
6540,332,filterLoc,,
6540,335,filterLoc,,
6540,338,filterLoc,,
6540,341,filterLoc,,
6540,344,filterLoc,,
6540,347,filterLoc,,
6540,350,filterLoc,,
6540,353,filterLoc,,
6540,356,filterLoc,,
6540,359,filterLoc,,
6540,362,filterLoc,,
6540,365,filterLoc,,
6540,368,filterLoc,,
6540,371,filterLoc,,
6540,374,filterLoc,,
6540,377,filterLoc,,
6540,380,filterLoc,,
6540,383,filterLoc,,
6540,386,filterLoc,,
6540,389,filterLoc,,
6540,392,filterLoc,,
6540,395,filterLoc,,
6540,398,filterLoc,,
6540,401,filterLoc,,
6540,404,filterLoc,,
6540,407,filterLoc,,
6540,410,filterLoc,,
6540,413,filterLoc,,
6540,416,filterLoc,,
6540,419,filterLoc,,
6540,422,filterLoc,,
6540,425,filterLoc,,
6540,428,filterLoc,,
6540,431,filterLoc,,
6540,434,filterLoc,,
6540,437,filterLoc,,
6540,440,filterLoc,,
6540,443,filterLoc,,
6540,446,filterLoc,,
6540,449,filterLoc,,
6540,452,filterLoc,,
6540,455,filterLoc,,
6540,458,filterLoc,,
6540,461,filterLoc,,
6540,464,filterLoc,,
6540,467,filterLoc,,
6540,470,filterLoc,,
6540,473,filterLoc,,
6540,476,filterLoc,,
6540,479,filterLoc,,
6540,482,filterLoc,,
6540,485,filterLoc,,
6540,488,filterLoc,,
6540,491,filterLoc,,
6540,494,filterLoc,,
6540,497,filterLoc,,
6540,500,filterLoc,,
6540,503,filterLoc,,
6540,506,filterLoc,,
6540,509,filterLoc,,
6540,512,filterLoc,,
6540,515,filterLoc,,
6540,518,filterLoc,,
6540,521,filterLoc,,
6540,524,filterLoc,,
6540,527,filterLoc,,
6540,530,filterLoc,,
6540,533,filterLoc,,
6540,536,filterLoc,,
6540,539,filterLoc,,
6540,542,filterLoc,,
6540,545,filterLoc,,
6540,548,filterLoc,,
6540,551,filterLoc,,
6540,554,filterLoc,,
6540,557,filterLoc,,
6540,560,filterLoc,,
6540,563,filterLoc,,
6540,566,filterLoc,,
6540,569,filterLoc,,;Evacuee;228;in triage category;W;is leaving the coast guard ship 
6540,572,filterLoc,,
6540,575,filterLoc,,;Evacuee;101;in triage category;W;is leaving the coast guard ship 
6540,578,filterLoc,,;Evacuee;142;in triage category;W;is leaving the coast guard ship 
6540,581,filterLoc,,
6540,584,filterLoc,,
6540,587,filterLoc,,
6540,590,filterLoc,,
6540,593,filterLoc,,
6540,596,filterLoc,,
6540,599,filterLoc,,
6540,602,filterLoc,,
6540,605,filterLoc,,
6540,608,filterLoc,,
6540,611,filterLoc,,
6540,614,filterLoc,,
6540,617,filterLoc,,
6540,620,filterLoc,,
6540,623,filterLoc,,
6540,626,filterLoc,,
6540,629,filterLoc,,
6540,632,filterLoc,,
6540,635,filterLoc,,
6540,638,filterLoc,,
6540,641,filterLoc,,
6540,644,filterLoc,,
6540,647,filterLoc,,
6540,650,filterLoc,,
6540,653,filterLoc,,
6540,656,filterLoc,,
6540,659,filterLoc,,
6540,662,filterLoc,,
6540,665,filterLoc,,
6540,668,filterLoc,,
6540,671,filterLoc,,
6540,674,filterLoc,,
6540,677,filterLoc,,
6540,680,filterLoc,,
6540,683,filterLoc,,
6540,686,filterLoc,,
6540,689,filterLoc,,
6540,692,filterLoc,,
6540,695,filterLoc,,
6540,698,filterLoc,,
6540,701,filterLoc,,
6540,704,filterLoc,,
6540,707,filterLoc,,
6540,710,filterLoc,,;Evacuee;223;in triage category;W;is leaving the coast guard ship 
6540,713,filterLoc,,
6540,716,filterLoc,,
6540,719,filterLoc,,
6540,722,filterLoc,,
6540,725,filterLoc,,
6540,728,filterLoc,,
6540,731,filterLoc,,
6540,734,filterLoc,,
6540,737,filterLoc,,
6540,740,filterLoc,,
6540,743,filterLoc,,
6540,746,filterLoc,,
6540,749,filterLoc,,
6540,752,filterLoc,,
6540,755,filterLoc,,
6540,758,filterLoc,,
6540,761,filterLoc,,
6540,764,filterLoc,,
6540,767,filterLoc,,
6540,770,filterLoc,,
6540,773,filterLoc,,
6540,776,filterLoc,,
6540,779,filterLoc,,
6540,782,filterLoc,,
6540,785,filterLoc,,
6540,788,filterLoc,,
6540,791,filterLoc,,
6540,794,filterLoc,,
6540,797,filterLoc,,
6540,800,filterLoc,,
6540,803,filterLoc,,
6540,806,filterLoc,,
6540,809,filterLoc,,
6540,812,filterLoc,,
6540,815,filterLoc,,
6540,818,filterLoc,,
6540,821,filterLoc,,
6540,824,filterLoc,,
6540,827,filterLoc,,
6540,830,filterLoc,,
6540,833,filterLoc,,;Evacuee;453;in triage category;W;is leaving the coast guard ship 
6540,836,filterLoc,,
6540,839,filterLoc,,
6540,842,filterLoc,,
6540,845,filterLoc,,
6540,848,filterLoc,,
6540,851,filterLoc,,
6540,854,filterLoc,,
6540,857,filterLoc,,
6540,860,filterLoc,,
6540,863,filterLoc,,
6540,866,filterLoc,,
6540,869,filterLoc,,
6540,872,filterLoc,,
6540,875,filterLoc,,
6540,878,filterLoc,,
6540,881,filterLoc,,
6540,884,filterLoc,,
6540,887,filterLoc,,
6540,890,filterLoc,,
6540,893,filterLoc,,
6540,896,filterLoc,,
6540,899,filterLoc,,
6540,902,filterLoc,,
6540,905,filterLoc,,
6540,908,filterLoc,,
6540,911,filterLoc,,
6540,914,filterLoc,,
6540,917,filterLoc,,
6540,920,filterLoc,,
6540,923,filterLoc,,
6540,926,filterLoc,,
6540,929,filterLoc,,
6540,932,filterLoc,,
6540,935,filterLoc,,
6540,938,filterLoc,,
6540,941,filterLoc,,
6540,944,filterLoc,,
6540,947,filterLoc,,
6540,950,filterLoc,,
6540,953,filterLoc,,
6540,956,filterLoc,,
6540,959,filterLoc,,
6540,962,filterLoc,,
6540,965,filterLoc,,
6540,968,filterLoc,,
6540,971,filterLoc,,
6540,974,filterLoc,,
6540,977,filterLoc,,
6540,980,filterLoc,,
6540,983,filterLoc,,
6540,986,filterLoc,,
6540,989,filterLoc,,
6540,992,filterLoc,,
6540,995,filterLoc,,
6540,998,filterLoc,,
6540,1001,filterLoc,,
6540,1004,filterLoc,,
6540,1007,filterLoc,,
6540,1010,filterLoc,,
6540,1013,filterLoc,,
6540,1016,filterLoc,,
6540,1019,filterLoc,,
6540,1022,filterLoc,,
6540,1025,filterLoc,,
6540,1028,filterLoc,,
6540,1031,filterLoc,,
6540,1034,filterLoc,,
6540,1037,filterLoc,,
6540,1040,filterLoc,,
6540,1043,filterLoc,,
6540,1046,filterLoc,,
6540,1049,filterLoc,,
6540,1052,filterLoc,,
6540,1055,filterLoc,,
6540,1058,filterLoc,,
6540,1061,filterLoc,,
6540,1064,filterLoc,,
6540,1067,filterLoc,,
6540,1070,filterLoc,,
6540,1073,filterLoc,,
6540,1076,filterLoc,,
6540,1079,filterLoc,,
6540,1082,filterLoc,,
6540,1085,filterLoc,,
6540,1088,filterLoc,,
6540,1091,filterLoc,,
6540,1094,filterLoc,,
6540,1097,filterLoc,,
6540,1100,filterLoc,,
6540,1103,filterLoc,,
6540,1106,filterLoc,,
6540,1109,filterLoc,,
6540,1112,filterLoc,,
6540,1115,filterLoc,,
6540,1118,filterLoc,,
6540,1121,filterLoc,,
6540,1124,filterLoc,,
6540,1127,filterLoc,,
6540,1130,filterLoc,,
6540,1133,filterLoc,,
6540,1136,filterLoc,,
6540,1139,filterLoc,,
6540,1142,filterLoc,,;Evacuee;231;in triage category;W;is leaving the coast guard ship 
6540,1145,filterLoc,,
6540,1148,filterLoc,,
6540,1155,filterLoc,,
6540,1158,filterLoc,,
6540,1161,filterLoc,,
6540,1164,filterLoc,,
6540,1167,filterLoc,,
6540,1170,filterLoc,,
6540,1173,filterLoc,,
6540,1176,filterLoc,,
6540,1179,filterLoc,,
6540,1182,filterLoc,,
6540,1185,filterLoc,,
6540,1188,filterLoc,,
6540,1191,filterLoc,,
6540,1194,filterLoc,,
6540,1197,filterLoc,,
6540,1200,filterLoc,,
6540,1203,filterLoc,,
6540,1206,filterLoc,,
6540,1209,filterLoc,,
6540,1212,filterLoc,,
6540,1215,filterLoc,,
6540,1218,filterLoc,,
6540,1221,filterLoc,,
6540,1224,filterLoc,,
6540,1227,filterLoc,,
6540,1230,filterLoc,,
6540,1233,filterLoc,,
6540,1236,filterLoc,,
6540,1239,filterLoc,,
6540,1242,filterLoc,,
6540,1245,filterLoc,,
6540,1248,filterLoc,,
6540,1251,filterLoc,,
6540,1254,filterLoc,,
6540,1257,filterLoc,,
6540,1260,filterLoc,,
6540,1263,filterLoc,,
6540,1266,filterLoc,,
6540,1269,filterLoc,,
6540,1272,filterLoc,,
6540,1275,filterLoc,,
6540,1278,filterLoc,,
6540,1281,filterLoc,,
6540,1284,filterLoc,,
6540,1287,filterLoc,,
6540,1290,filterLoc,,
6540,1293,filterLoc,,
6540,1296,filterLoc,,
6540,1299,filterLoc,,
6540,1302,filterLoc,,
6540,1305,filterLoc,,
6540,1308,filterLoc,,
6540,1311,filterLoc,,
6540,1314,filterLoc,,
6540,1317,filterLoc,,
6540,1320,filterLoc,,
6540,1323,filterLoc,,
6540,1326,filterLoc,,
6540,1329,filterLoc,,
6540,1332,filterLoc,,;Evacuee;189;in triage category;W;is leaving the coast guard ship 
6540,1335,filterLoc,,;Evacuee;253;in triage category;W;is leaving the coast guard ship 
6540,1338,filterLoc,,
6540,1341,filterLoc,,
6540,1344,filterLoc,,
6540,1347,filterLoc,,
6540,1350,filterLoc,,
6540,1353,filterLoc,,
6540,1356,filterLoc,,
6540,1359,filterLoc,,
6540,1362,filterLoc,,
6540,1365,filterLoc,,
6540,1368,filterLoc,,
6540,1371,filterLoc,,
6540,1374,filterLoc,,
6540,1377,filterLoc,,
6540,1380,filterLoc,,
6540,1383,filterLoc,,
6540,1386,filterLoc,,
6540,1389,filterLoc,,
6540,1392,filterLoc,,
6540,1395,filterLoc,,
6540,1398,filterLoc,,
6540,1401,filterLoc,,
6540,1404,filterLoc,,
6540,1407,filterLoc,,
6540,1410,filterLoc,,
6540,1413,filterLoc,,
6540,1416,filterLoc,,
6540,1419,filterLoc,,
6540,1422,filterLoc,,
6540,1425,filterLoc,,
6540,1428,filterLoc,,
6540,1431,filterLoc,,
6540,1434,filterLoc,,
6540,1437,filterLoc,,
6540,1440,filterLoc,,
6540,1443,filterLoc,,
6540,1446,filterLoc,,
6540,1449,filterLoc,,
6540,1452,filterLoc,,
6540,1455,filterLoc,,
6540,1458,filterLoc,,
6540,1461,filterLoc,,
6540,1464,filterLoc,,
6540,1467,filterLoc,,
6540,1470,filterLoc,,
6540,1473,filterLoc,,
6540,1476,filterLoc,,
6540,1479,filterLoc,,
6540,1482,filterLoc,,
6540,1485,filterLoc,,
6540,1488,filterLoc,,
6540,1491,filterLoc,,
6540,1494,filterLoc,,
6540,1497,filterLoc,,
6540,1500,filterLoc,,
6540,1503,filterLoc,,
6540,1506,filterLoc,,
6540,1509,filterLoc,,
6540,64,filterLoc,out,Evacuee 461 in triage category W is told to leave the coast guard ship
6540,64,filterLoc,,
6540,65,evacuee,,Evacuee;461;in triage state;W;is at the evacuation site
6540,569,filterLoc,out,Evacuee 228 in triage category W is told to leave the coast guard ship
6540,569,filterLoc,,
6540,570,evacuee,,Evacuee;228;in triage state;W;is at the evacuation site
6540,575,filterLoc,out,Evacuee 101 in triage category W is told to leave the coast guard ship
6540,575,filterLoc,,
6540,576,evacuee,,Evacuee;101;in triage state;W;is at the evacuation site
6540,578,filterLoc,out,Evacuee 142 in triage category W is told to leave the coast guard ship
6540,578,filterLoc,,
6540,579,evacuee,,Evacuee;142;in triage state;W;is at the evacuation site
6540,710,filterLoc,out,Evacuee 223 in triage category W is told to leave the coast guard ship
6540,710,filterLoc,,
6540,711,evacuee,,Evacuee;223;in triage state;W;is at the evacuation site
6540,833,filterLoc,out,Evacuee 453 in triage category W is told to leave the coast guard ship
6540,833,filterLoc,,
6540,834,evacuee,,Evacuee;453;in triage state;W;is at the evacuation site
6540,1142,filterLoc,out,Evacuee 231 in triage category W is told to leave the coast guard ship
6540,1142,filterLoc,,
6540,1143,evacuee,,Evacuee;231;in triage state;W;is at the evacuation site
6540,1332,filterLoc,out,Evacuee 189 in triage category W is told to leave the coast guard ship
6540,1332,filterLoc,,
6540,1333,evacuee,,Evacuee;189;in triage state;W;is at the evacuation site
6540,1335,filterLoc,out,Evacuee 253 in triage category W is told to leave the coast guard ship
6540,1335,filterLoc,,
6540,1336,evacuee,,Evacuee;253;in triage state;W;is at the evacuation site
6540,65,evacuee,,Evacuee;461;in triage state;W;is at the evacuation site
6540,570,evacuee,,Evacuee;228;in triage state;W;is at the evacuation site
6540,576,evacuee,,Evacuee;101;in triage state;W;is at the evacuation site
6540,579,evacuee,,Evacuee;142;in triage state;W;is at the evacuation site
6540,711,evacuee,,Evacuee;223;in triage state;W;is at the evacuation site
6540,834,evacuee,,Evacuee;453;in triage state;W;is at the evacuation site
6540,1143,evacuee,,Evacuee;231;in triage state;W;is at the evacuation site
6540,1333,evacuee,,Evacuee;189;in triage state;W;is at the evacuation site
6540,1336,evacuee,,Evacuee;253;in triage state;W;is at the evacuation site
6600,2,coastGuardShip,out,0
6600,2,coastGuardShip,,The ship has arrived and is loading evacuees.
6600,3,evacueeManager,,OFF SHIP: White;0;Green;0;Yellow;0;Red;0;Black;373;ON SHIP: White;9;Green;0;Yellow;0;Red;0;Evacuees to Transfer;;EvacueeID;101;HeloID;-1;OnShip;1;Triage Status;W;EvacueeID;142;HeloID;-1;OnShip;1;Triage Status;W;EvacueeID;189;HeloID;-1;OnShip;1;Triage Status;W;EvacueeID;231;HeloID;-1;OnShip;1;Triage Status;W;EvacueeID;253;HeloID;-1;OnShip;1;Triage Status;W;EvacueeID;453;HeloID;-1;OnShip;1;Triage Status;W;EvacueeID;461;HeloID;-1;OnShip;1;Triage Status;W;EvacueeID;223;HeloID;-1;OnShip;1;Triage Status;W;EvacueeID;228;HeloID;-1;OnShip;1;Triage Status;W
6600,3,evacueeManager,outEvac,Evacuee 101 in triage category W is told to board the coast guard ship
6600,3,evacueeManager,outEvac,Evacuee 142 in triage category W is told to board the coast guard ship
6600,3,evacueeManager,outEvac,Evacuee 189 in triage category W is told to board the coast guard ship
6600,3,evacueeManager,outEvac,Evacuee 231 in triage category W is told to board the coast guard ship
6600,3,evacueeManager,outEvac,Evacuee 253 in triage category W is told to board the coast guard ship
6600,3,evacueeManager,outEvac,Evacuee 453 in triage category W is told to board the coast guard ship
6600,3,evacueeManager,outEvac,Evacuee 461 in triage category W is told to board the coast guard ship
6600,3,evacueeManager,outEvac,Evacuee 223 in triage category W is told to board the coast guard ship
6600,3,evacueeManager,outEvac,Evacuee 228 in triage category W is told to board the coast guard ship
6600,3,evacueeManager,,OFF SHIP: White;0;Green;0;Yellow;0;Red;0;Black;373;ON SHIP: White;9;Green;0;Yellow;0;Red;0;Evacuees to Transfer;
6600,7,filterLoc,,
6600,10,filterLoc,,
6600,13,filterLoc,,
6600,16,filterLoc,,
6600,19,filterLoc,,
6600,22,filterLoc,,
6600,25,filterLoc,,
6600,28,filterLoc,,
6600,31,filterLoc,,
6600,34,filterLoc,,
6600,37,filterLoc,,
6600,40,filterLoc,,
6600,43,filterLoc,,
6600,46,filterLoc,,
6600,49,filterLoc,,
6600,52,filterLoc,,
6600,55,filterLoc,,
6600,58,filterLoc,,
6600,61,filterLoc,,
6600,64,filterLoc,,;Evacuee;461;in triage category;W;is entering the coast guard ship 
6600,67,filterLoc,,
6600,70,filterLoc,,
6600,73,filterLoc,,
6600,76,filterLoc,,
6600,79,filterLoc,,
6600,82,filterLoc,,
6600,85,filterLoc,,
6600,88,filterLoc,,
6600,91,filterLoc,,
6600,94,filterLoc,,
6600,97,filterLoc,,
6600,100,filterLoc,,
6600,103,filterLoc,,
6600,106,filterLoc,,
6600,109,filterLoc,,
6600,112,filterLoc,,
6600,115,filterLoc,,
6600,118,filterLoc,,
6600,121,filterLoc,,
6600,124,filterLoc,,
6600,127,filterLoc,,
6600,130,filterLoc,,
6600,133,filterLoc,,
6600,136,filterLoc,,
6600,139,filterLoc,,
6600,142,filterLoc,,
6600,145,filterLoc,,
6600,148,filterLoc,,
6600,151,filterLoc,,
6600,154,filterLoc,,
6600,157,filterLoc,,
6600,160,filterLoc,,
6600,163,filterLoc,,
6600,166,filterLoc,,
6600,169,filterLoc,,
6600,172,filterLoc,,
6600,175,filterLoc,,
6600,178,filterLoc,,
6600,181,filterLoc,,
6600,184,filterLoc,,
6600,187,filterLoc,,
6600,190,filterLoc,,
6600,193,filterLoc,,
6600,196,filterLoc,,
6600,199,filterLoc,,
6600,202,filterLoc,,
6600,205,filterLoc,,
6600,208,filterLoc,,
6600,211,filterLoc,,
6600,214,filterLoc,,
6600,217,filterLoc,,
6600,221,filterLoc,,
6600,224,filterLoc,,
6600,227,filterLoc,,
6600,230,filterLoc,,
6600,233,filterLoc,,
6600,236,filterLoc,,
6600,239,filterLoc,,
6600,242,filterLoc,,
6600,245,filterLoc,,
6600,248,filterLoc,,
6600,251,filterLoc,,
6600,254,filterLoc,,
6600,257,filterLoc,,
6600,260,filterLoc,,
6600,263,filterLoc,,
6600,266,filterLoc,,
6600,269,filterLoc,,
6600,272,filterLoc,,
6600,275,filterLoc,,
6600,278,filterLoc,,
6600,281,filterLoc,,
6600,284,filterLoc,,
6600,287,filterLoc,,
6600,290,filterLoc,,
6600,293,filterLoc,,
6600,296,filterLoc,,
6600,299,filterLoc,,
6600,302,filterLoc,,
6600,305,filterLoc,,
6600,308,filterLoc,,
6600,311,filterLoc,,
6600,314,filterLoc,,
6600,317,filterLoc,,
6600,320,filterLoc,,
6600,323,filterLoc,,
6600,326,filterLoc,,
6600,329,filterLoc,,
6600,332,filterLoc,,
6600,335,filterLoc,,
6600,338,filterLoc,,
6600,341,filterLoc,,
6600,344,filterLoc,,
6600,347,filterLoc,,
6600,350,filterLoc,,
6600,353,filterLoc,,
6600,356,filterLoc,,
6600,359,filterLoc,,
6600,362,filterLoc,,
6600,365,filterLoc,,
6600,368,filterLoc,,
6600,371,filterLoc,,
6600,374,filterLoc,,
6600,377,filterLoc,,
6600,380,filterLoc,,
6600,383,filterLoc,,
6600,386,filterLoc,,
6600,389,filterLoc,,
6600,392,filterLoc,,
6600,395,filterLoc,,
6600,398,filterLoc,,
6600,401,filterLoc,,
6600,404,filterLoc,,
6600,407,filterLoc,,
6600,410,filterLoc,,
6600,413,filterLoc,,
6600,416,filterLoc,,
6600,419,filterLoc,,
6600,422,filterLoc,,
6600,425,filterLoc,,
6600,428,filterLoc,,
6600,431,filterLoc,,
6600,434,filterLoc,,
6600,437,filterLoc,,
6600,440,filterLoc,,
6600,443,filterLoc,,
6600,446,filterLoc,,
6600,449,filterLoc,,
6600,452,filterLoc,,
6600,455,filterLoc,,
6600,458,filterLoc,,
6600,461,filterLoc,,
6600,464,filterLoc,,
6600,467,filterLoc,,
6600,470,filterLoc,,
6600,473,filterLoc,,
6600,476,filterLoc,,
6600,479,filterLoc,,
6600,482,filterLoc,,
6600,485,filterLoc,,
6600,488,filterLoc,,
6600,491,filterLoc,,
6600,494,filterLoc,,
6600,497,filterLoc,,
6600,500,filterLoc,,
6600,503,filterLoc,,
6600,506,filterLoc,,
6600,509,filterLoc,,
6600,512,filterLoc,,
6600,515,filterLoc,,
6600,518,filterLoc,,
6600,521,filterLoc,,
6600,524,filterLoc,,
6600,527,filterLoc,,
6600,530,filterLoc,,
6600,533,filterLoc,,
6600,536,filterLoc,,
6600,539,filterLoc,,
6600,542,filterLoc,,
6600,545,filterLoc,,
6600,548,filterLoc,,
6600,551,filterLoc,,
6600,554,filterLoc,,
6600,557,filterLoc,,
6600,560,filterLoc,,
6600,563,filterLoc,,
6600,566,filterLoc,,
6600,569,filterLoc,,;Evacuee;228;in triage category;W;is entering the coast guard ship 
6600,572,filterLoc,,
6600,575,filterLoc,,;Evacuee;101;in triage category;W;is entering the coast guard ship 
6600,578,filterLoc,,;Evacuee;142;in triage category;W;is entering the coast guard ship 
6600,581,filterLoc,,
6600,584,filterLoc,,
6600,587,filterLoc,,
6600,590,filterLoc,,
6600,593,filterLoc,,
6600,596,filterLoc,,
6600,599,filterLoc,,
6600,602,filterLoc,,
6600,605,filterLoc,,
6600,608,filterLoc,,
6600,611,filterLoc,,
6600,614,filterLoc,,
6600,617,filterLoc,,
6600,620,filterLoc,,
6600,623,filterLoc,,
6600,626,filterLoc,,
6600,629,filterLoc,,
6600,632,filterLoc,,
6600,635,filterLoc,,
6600,638,filterLoc,,
6600,641,filterLoc,,
6600,644,filterLoc,,
6600,647,filterLoc,,
6600,650,filterLoc,,
6600,653,filterLoc,,
6600,656,filterLoc,,
6600,659,filterLoc,,
6600,662,filterLoc,,
6600,665,filterLoc,,
6600,668,filterLoc,,
6600,671,filterLoc,,
6600,674,filterLoc,,
6600,677,filterLoc,,
6600,680,filterLoc,,
6600,683,filterLoc,,
6600,686,filterLoc,,
6600,689,filterLoc,,
6600,692,filterLoc,,
6600,695,filterLoc,,
6600,698,filterLoc,,
6600,701,filterLoc,,
6600,704,filterLoc,,
6600,707,filterLoc,,
6600,710,filterLoc,,;Evacuee;223;in triage category;W;is entering the coast guard ship 
6600,713,filterLoc,,
6600,716,filterLoc,,
6600,719,filterLoc,,
6600,722,filterLoc,,
6600,725,filterLoc,,
6600,728,filterLoc,,
6600,731,filterLoc,,
6600,734,filterLoc,,
6600,737,filterLoc,,
6600,740,filterLoc,,
6600,743,filterLoc,,
6600,746,filterLoc,,
6600,749,filterLoc,,
6600,752,filterLoc,,
6600,755,filterLoc,,
6600,758,filterLoc,,
6600,761,filterLoc,,
6600,764,filterLoc,,
6600,767,filterLoc,,
6600,770,filterLoc,,
6600,773,filterLoc,,
6600,776,filterLoc,,
6600,779,filterLoc,,
6600,782,filterLoc,,
6600,785,filterLoc,,
6600,788,filterLoc,,
6600,791,filterLoc,,
6600,794,filterLoc,,
6600,797,filterLoc,,
6600,800,filterLoc,,
6600,803,filterLoc,,
6600,806,filterLoc,,
6600,809,filterLoc,,
6600,812,filterLoc,,
6600,815,filterLoc,,
6600,818,filterLoc,,
6600,821,filterLoc,,
6600,824,filterLoc,,
6600,827,filterLoc,,
6600,830,filterLoc,,
6600,833,filterLoc,,;Evacuee;453;in triage category;W;is entering the coast guard ship 
6600,836,filterLoc,,
6600,839,filterLoc,,
6600,842,filterLoc,,
6600,845,filterLoc,,
6600,848,filterLoc,,
6600,851,filterLoc,,
6600,854,filterLoc,,
6600,857,filterLoc,,
6600,860,filterLoc,,
6600,863,filterLoc,,
6600,866,filterLoc,,
6600,869,filterLoc,,
6600,872,filterLoc,,
6600,875,filterLoc,,
6600,878,filterLoc,,
6600,881,filterLoc,,
6600,884,filterLoc,,
6600,887,filterLoc,,
6600,890,filterLoc,,
6600,893,filterLoc,,
6600,896,filterLoc,,
6600,899,filterLoc,,
6600,902,filterLoc,,
6600,905,filterLoc,,
6600,908,filterLoc,,
6600,911,filterLoc,,
6600,914,filterLoc,,
6600,917,filterLoc,,
6600,920,filterLoc,,
6600,923,filterLoc,,
6600,926,filterLoc,,
6600,929,filterLoc,,
6600,932,filterLoc,,
6600,935,filterLoc,,
6600,938,filterLoc,,
6600,941,filterLoc,,
6600,944,filterLoc,,
6600,947,filterLoc,,
6600,950,filterLoc,,
6600,953,filterLoc,,
6600,956,filterLoc,,
6600,959,filterLoc,,
6600,962,filterLoc,,
6600,965,filterLoc,,
6600,968,filterLoc,,
6600,971,filterLoc,,
6600,974,filterLoc,,
6600,977,filterLoc,,
6600,980,filterLoc,,
6600,983,filterLoc,,
6600,986,filterLoc,,
6600,989,filterLoc,,
6600,992,filterLoc,,
6600,995,filterLoc,,
6600,998,filterLoc,,
6600,1001,filterLoc,,
6600,1004,filterLoc,,
6600,1007,filterLoc,,
6600,1010,filterLoc,,
6600,1013,filterLoc,,
6600,1016,filterLoc,,
6600,1019,filterLoc,,
6600,1022,filterLoc,,
6600,1025,filterLoc,,
6600,1028,filterLoc,,
6600,1031,filterLoc,,
6600,1034,filterLoc,,
6600,1037,filterLoc,,
6600,1040,filterLoc,,
6600,1043,filterLoc,,
6600,1046,filterLoc,,
6600,1049,filterLoc,,
6600,1052,filterLoc,,
6600,1055,filterLoc,,
6600,1058,filterLoc,,
6600,1061,filterLoc,,
6600,1064,filterLoc,,
6600,1067,filterLoc,,
6600,1070,filterLoc,,
6600,1073,filterLoc,,
6600,1076,filterLoc,,
6600,1079,filterLoc,,
6600,1082,filterLoc,,
6600,1085,filterLoc,,
6600,1088,filterLoc,,
6600,1091,filterLoc,,
6600,1094,filterLoc,,
6600,1097,filterLoc,,
6600,1100,filterLoc,,
6600,1103,filterLoc,,
6600,1106,filterLoc,,
6600,1109,filterLoc,,
6600,1112,filterLoc,,
6600,1115,filterLoc,,
6600,1118,filterLoc,,
6600,1121,filterLoc,,
6600,1124,filterLoc,,
6600,1127,filterLoc,,
6600,1130,filterLoc,,
6600,1133,filterLoc,,
6600,1136,filterLoc,,
6600,1139,filterLoc,,
6600,1142,filterLoc,,;Evacuee;231;in triage category;W;is entering the coast guard ship 
6600,1145,filterLoc,,
6600,1148,filterLoc,,
6600,1155,filterLoc,,
6600,1158,filterLoc,,
6600,1161,filterLoc,,
6600,1164,filterLoc,,
6600,1167,filterLoc,,
6600,1170,filterLoc,,
6600,1173,filterLoc,,
6600,1176,filterLoc,,
6600,1179,filterLoc,,
6600,1182,filterLoc,,
6600,1185,filterLoc,,
6600,1188,filterLoc,,
6600,1191,filterLoc,,
6600,1194,filterLoc,,
6600,1197,filterLoc,,
6600,1200,filterLoc,,
6600,1203,filterLoc,,
6600,1206,filterLoc,,
6600,1209,filterLoc,,
6600,1212,filterLoc,,
6600,1215,filterLoc,,
6600,1218,filterLoc,,
6600,1221,filterLoc,,
6600,1224,filterLoc,,
6600,1227,filterLoc,,
6600,1230,filterLoc,,
6600,1233,filterLoc,,
6600,1236,filterLoc,,
6600,1239,filterLoc,,
6600,1242,filterLoc,,
6600,1245,filterLoc,,
6600,1248,filterLoc,,
6600,1251,filterLoc,,
6600,1254,filterLoc,,
6600,1257,filterLoc,,
6600,1260,filterLoc,,
6600,1263,filterLoc,,
6600,1266,filterLoc,,
6600,1269,filterLoc,,
6600,1272,filterLoc,,
6600,1275,filterLoc,,
6600,1278,filterLoc,,
6600,1281,filterLoc,,
6600,1284,filterLoc,,
6600,1287,filterLoc,,
6600,1290,filterLoc,,
6600,1293,filterLoc,,
6600,1296,filterLoc,,
6600,1299,filterLoc,,
6600,1302,filterLoc,,
6600,1305,filterLoc,,
6600,1308,filterLoc,,
6600,1311,filterLoc,,
6600,1314,filterLoc,,
6600,1317,filterLoc,,
6600,1320,filterLoc,,
6600,1323,filterLoc,,
6600,1326,filterLoc,,
6600,1329,filterLoc,,
6600,1332,filterLoc,,;Evacuee;189;in triage category;W;is entering the coast guard ship 
6600,1335,filterLoc,,;Evacuee;253;in triage category;W;is entering the coast guard ship 
6600,1338,filterLoc,,
6600,1341,filterLoc,,
6600,1344,filterLoc,,
6600,1347,filterLoc,,
6600,1350,filterLoc,,
6600,1353,filterLoc,,
6600,1356,filterLoc,,
6600,1359,filterLoc,,
6600,1362,filterLoc,,
6600,1365,filterLoc,,
6600,1368,filterLoc,,
6600,1371,filterLoc,,
6600,1374,filterLoc,,
6600,1377,filterLoc,,
6600,1380,filterLoc,,
6600,1383,filterLoc,,
6600,1386,filterLoc,,
6600,1389,filterLoc,,
6600,1392,filterLoc,,
6600,1395,filterLoc,,
6600,1398,filterLoc,,
6600,1401,filterLoc,,
6600,1404,filterLoc,,
6600,1407,filterLoc,,
6600,1410,filterLoc,,
6600,1413,filterLoc,,
6600,1416,filterLoc,,
6600,1419,filterLoc,,
6600,1422,filterLoc,,
6600,1425,filterLoc,,
6600,1428,filterLoc,,
6600,1431,filterLoc,,
6600,1434,filterLoc,,
6600,1437,filterLoc,,
6600,1440,filterLoc,,
6600,1443,filterLoc,,
6600,1446,filterLoc,,
6600,1449,filterLoc,,
6600,1452,filterLoc,,
6600,1455,filterLoc,,
6600,1458,filterLoc,,
6600,1461,filterLoc,,
6600,1464,filterLoc,,
6600,1467,filterLoc,,
6600,1470,filterLoc,,
6600,1473,filterLoc,,
6600,1476,filterLoc,,
6600,1479,filterLoc,,
6600,1482,filterLoc,,
6600,1485,filterLoc,,
6600,1488,filterLoc,,
6600,1491,filterLoc,,
6600,1494,filterLoc,,
6600,1497,filterLoc,,
6600,1500,filterLoc,,
6600,1503,filterLoc,,
6600,1506,filterLoc,,
6600,1509,filterLoc,,
6600,64,filterLoc,out,Evacuee 461 in triage category W is told to board the coast guard ship
6600,64,filterLoc,,
6600,65,evacuee,,Evacuee;461;in triage state;W;is on board the Coast Guard Ship
6600,569,filterLoc,out,Evacuee 228 in triage category W is told to board the coast guard ship
6600,569,filterLoc,,
6600,570,evacuee,,Evacuee;228;in triage state;W;is on board the Coast Guard Ship
6600,575,filterLoc,out,Evacuee 101 in triage category W is told to board the coast guard ship
6600,575,filterLoc,,
6600,576,evacuee,,Evacuee;101;in triage state;W;is on board the Coast Guard Ship
6600,578,filterLoc,out,Evacuee 142 in triage category W is told to board the coast guard ship
6600,578,filterLoc,,
6600,579,evacuee,,Evacuee;142;in triage state;W;is on board the Coast Guard Ship
6600,710,filterLoc,out,Evacuee 223 in triage category W is told to board the coast guard ship
6600,710,filterLoc,,
6600,711,evacuee,,Evacuee;223;in triage state;W;is on board the Coast Guard Ship
6600,833,filterLoc,out,Evacuee 453 in triage category W is told to board the coast guard ship
6600,833,filterLoc,,
6600,834,evacuee,,Evacuee;453;in triage state;W;is on board the Coast Guard Ship
6600,1142,filterLoc,out,Evacuee 231 in triage category W is told to board the coast guard ship
6600,1142,filterLoc,,
6600,1143,evacuee,,Evacuee;231;in triage state;W;is on board the Coast Guard Ship
6600,1332,filterLoc,out,Evacuee 189 in triage category W is told to board the coast guard ship
6600,1332,filterLoc,,
6600,1333,evacuee,,Evacuee;189;in triage state;W;is on board the Coast Guard Ship
6600,1335,filterLoc,out,Evacuee 253 in triage category W is told to board the coast guard ship
6600,1335,filterLoc,,
6600,1336,evacuee,,Evacuee;253;in triage state;W;is on board the Coast Guard Ship
6600,65,evacuee,,Evacuee;461;in triage state;W;is on board the Coast Guard Ship
6600,570,evacuee,,Evacuee;228;in triage state;W;is on board the Coast Guard Ship
6600,576,evacuee,,Evacuee;101;in triage state;W;is on board the Coast Guard Ship
6600,579,evacuee,,Evacuee;142;in triage state;W;is on board the Coast Guard Ship
6600,711,evacuee,,Evacuee;223;in triage state;W;is on board the Coast Guard Ship
6600,834,evacuee,,Evacuee;453;in triage state;W;is on board the Coast Guard Ship
6600,1143,evacuee,,Evacuee;231;in triage state;W;is on board the Coast Guard Ship
6600,1333,evacuee,,Evacuee;189;in triage state;W;is on board the Coast Guard Ship
6600,1336,evacuee,,Evacuee;253;in triage state;W;is on board the Coast Guard Ship
6675,7,filterLoc,,
6675,10,filterLoc,,
6675,13,filterLoc,,
6675,16,filterLoc,,
6675,19,filterLoc,,
6675,22,filterLoc,,
6675,25,filterLoc,,
6675,28,filterLoc,,
6675,31,filterLoc,,
6675,34,filterLoc,,
6675,37,filterLoc,,
6675,40,filterLoc,,
6675,43,filterLoc,,
6675,46,filterLoc,,
6675,49,filterLoc,,
6675,52,filterLoc,,
6675,55,filterLoc,,
6675,58,filterLoc,,
6675,61,filterLoc,,
6675,64,filterLoc,,
6675,67,filterLoc,,
6675,70,filterLoc,,
6675,73,filterLoc,,
6675,76,filterLoc,,
6675,79,filterLoc,,
6675,82,filterLoc,,
6675,85,filterLoc,,
6675,88,filterLoc,,
6675,91,filterLoc,,
6675,94,filterLoc,,
6675,97,filterLoc,,
6675,100,filterLoc,,
6675,103,filterLoc,,
6675,106,filterLoc,,
6675,109,filterLoc,,
6675,112,filterLoc,,
6675,115,filterLoc,,
6675,118,filterLoc,,
6675,121,filterLoc,,
6675,124,filterLoc,,
6675,127,filterLoc,,
6675,130,filterLoc,,
6675,133,filterLoc,,
6675,136,filterLoc,,
6675,139,filterLoc,,
6675,142,filterLoc,,
6675,145,filterLoc,,
6675,148,filterLoc,,
6675,151,filterLoc,,
6675,154,filterLoc,,
6675,157,filterLoc,,
6675,160,filterLoc,,
6675,163,filterLoc,,
6675,166,filterLoc,,
6675,169,filterLoc,,
6675,172,filterLoc,,
6675,175,filterLoc,,
6675,178,filterLoc,,
6675,181,filterLoc,,
6675,184,filterLoc,,
6675,187,filterLoc,,
6675,190,filterLoc,,
6675,193,filterLoc,,
6675,196,filterLoc,,
6675,199,filterLoc,,
6675,202,filterLoc,,
6675,205,filterLoc,,
6675,208,filterLoc,,
6675,211,filterLoc,,
6675,214,filterLoc,,
6675,217,filterLoc,,
6675,221,filterLoc,,
6675,224,filterLoc,,
6675,227,filterLoc,,
6675,230,filterLoc,,
6675,233,filterLoc,,
6675,236,filterLoc,,
6675,239,filterLoc,,
6675,242,filterLoc,,
6675,245,filterLoc,,
6675,248,filterLoc,,
6675,251,filterLoc,,
6675,254,filterLoc,,
6675,257,filterLoc,,
6675,260,filterLoc,,
6675,263,filterLoc,,
6675,266,filterLoc,,
6675,269,filterLoc,,
6675,272,filterLoc,,
6675,275,filterLoc,,
6675,278,filterLoc,,
6675,281,filterLoc,,
6675,284,filterLoc,,
6675,287,filterLoc,,
6675,290,filterLoc,,
6675,293,filterLoc,,
6675,296,filterLoc,,
6675,299,filterLoc,,
6675,302,filterLoc,,
6675,305,filterLoc,,
6675,308,filterLoc,,
6675,311,filterLoc,,
6675,314,filterLoc,,
6675,317,filterLoc,,
6675,320,filterLoc,,
6675,323,filterLoc,,
6675,326,filterLoc,,
6675,329,filterLoc,,
6675,332,filterLoc,,
6675,335,filterLoc,,
6675,338,filterLoc,,
6675,341,filterLoc,,
6675,344,filterLoc,,
6675,347,filterLoc,,
6675,350,filterLoc,,
6675,353,filterLoc,,
6675,356,filterLoc,,
6675,359,filterLoc,,
6675,362,filterLoc,,
6675,365,filterLoc,,
6675,368,filterLoc,,
6675,371,filterLoc,,
6675,374,filterLoc,,
6675,377,filterLoc,,
6675,380,filterLoc,,
6675,383,filterLoc,,
6675,386,filterLoc,,
6675,389,filterLoc,,
6675,392,filterLoc,,
6675,395,filterLoc,,
6675,398,filterLoc,,
6675,401,filterLoc,,
6675,404,filterLoc,,
6675,407,filterLoc,,
6675,410,filterLoc,,
6675,413,filterLoc,,
6675,416,filterLoc,,
6675,419,filterLoc,,
6675,422,filterLoc,,
6675,425,filterLoc,,
6675,428,filterLoc,,
6675,431,filterLoc,,
6675,434,filterLoc,,
6675,437,filterLoc,,
6675,440,filterLoc,,
6675,443,filterLoc,,
6675,446,filterLoc,,
6675,449,filterLoc,,
6675,452,filterLoc,,;Evacuee;114;in triage category;W;is leaving helicopter;1
6675,455,filterLoc,,
6675,458,filterLoc,,
6675,461,filterLoc,,
6675,464,filterLoc,,
6675,467,filterLoc,,
6675,470,filterLoc,,
6675,473,filterLoc,,
6675,476,filterLoc,,
6675,479,filterLoc,,
6675,482,filterLoc,,
6675,485,filterLoc,,
6675,488,filterLoc,,
6675,491,filterLoc,,
6675,494,filterLoc,,
6675,497,filterLoc,,
6675,500,filterLoc,,
6675,503,filterLoc,,
6675,506,filterLoc,,
6675,509,filterLoc,,;Evacuee;215;in triage category;W;is leaving helicopter;1
6675,512,filterLoc,,
6675,515,filterLoc,,
6675,518,filterLoc,,
6675,521,filterLoc,,
6675,524,filterLoc,,
6675,527,filterLoc,,
6675,530,filterLoc,,
6675,533,filterLoc,,
6675,536,filterLoc,,
6675,539,filterLoc,,
6675,542,filterLoc,,
6675,545,filterLoc,,
6675,548,filterLoc,,
6675,551,filterLoc,,
6675,554,filterLoc,,
6675,557,filterLoc,,
6675,560,filterLoc,,
6675,563,filterLoc,,
6675,566,filterLoc,,
6675,569,filterLoc,,
6675,572,filterLoc,,
6675,575,filterLoc,,
6675,578,filterLoc,,
6675,581,filterLoc,,
6675,584,filterLoc,,
6675,587,filterLoc,,
6675,590,filterLoc,,
6675,593,filterLoc,,
6675,596,filterLoc,,
6675,599,filterLoc,,
6675,602,filterLoc,,
6675,605,filterLoc,,
6675,608,filterLoc,,
6675,611,filterLoc,,
6675,614,filterLoc,,
6675,617,filterLoc,,
6675,620,filterLoc,,
6675,623,filterLoc,,
6675,626,filterLoc,,
6675,629,filterLoc,,
6675,632,filterLoc,,
6675,635,filterLoc,,
6675,638,filterLoc,,
6675,641,filterLoc,,
6675,644,filterLoc,,
6675,647,filterLoc,,
6675,650,filterLoc,,
6675,653,filterLoc,,
6675,656,filterLoc,,
6675,659,filterLoc,,
6675,662,filterLoc,,
6675,665,filterLoc,,
6675,668,filterLoc,,
6675,671,filterLoc,,
6675,674,filterLoc,,
6675,677,filterLoc,,
6675,680,filterLoc,,
6675,683,filterLoc,,
6675,686,filterLoc,,
6675,689,filterLoc,,
6675,692,filterLoc,,
6675,695,filterLoc,,
6675,698,filterLoc,,
6675,701,filterLoc,,
6675,704,filterLoc,,
6675,707,filterLoc,,
6675,710,filterLoc,,
6675,713,filterLoc,,
6675,716,filterLoc,,
6675,719,filterLoc,,
6675,722,filterLoc,,
6675,725,filterLoc,,
6675,728,filterLoc,,
6675,731,filterLoc,,
6675,734,filterLoc,,
6675,737,filterLoc,,
6675,740,filterLoc,,
6675,743,filterLoc,,
6675,746,filterLoc,,
6675,749,filterLoc,,
6675,752,filterLoc,,
6675,755,filterLoc,,
6675,758,filterLoc,,
6675,761,filterLoc,,
6675,764,filterLoc,,
6675,767,filterLoc,,
6675,770,filterLoc,,
6675,773,filterLoc,,
6675,776,filterLoc,,
6675,779,filterLoc,,
6675,782,filterLoc,,
6675,785,filterLoc,,
6675,788,filterLoc,,
6675,791,filterLoc,,
6675,794,filterLoc,,
6675,797,filterLoc,,
6675,800,filterLoc,,
6675,803,filterLoc,,
6675,806,filterLoc,,
6675,809,filterLoc,,
6675,812,filterLoc,,
6675,815,filterLoc,,
6675,818,filterLoc,,
6675,821,filterLoc,,
6675,824,filterLoc,,
6675,827,filterLoc,,
6675,830,filterLoc,,
6675,833,filterLoc,,
6675,836,filterLoc,,
6675,839,filterLoc,,
6675,842,filterLoc,,
6675,845,filterLoc,,
6675,848,filterLoc,,
6675,851,filterLoc,,
6675,854,filterLoc,,
6675,857,filterLoc,,
6675,860,filterLoc,,
6675,863,filterLoc,,
6675,866,filterLoc,,
6675,869,filterLoc,,
6675,872,filterLoc,,
6675,875,filterLoc,,
6675,878,filterLoc,,
6675,881,filterLoc,,
6675,884,filterLoc,,
6675,887,filterLoc,,
6675,890,filterLoc,,
6675,893,filterLoc,,
6675,896,filterLoc,,
6675,899,filterLoc,,
6675,902,filterLoc,,
6675,905,filterLoc,,
6675,908,filterLoc,,
6675,911,filterLoc,,
6675,914,filterLoc,,
6675,917,filterLoc,,
6675,920,filterLoc,,
6675,923,filterLoc,,
6675,926,filterLoc,,
6675,929,filterLoc,,
6675,932,filterLoc,,
6675,935,filterLoc,,
6675,938,filterLoc,,
6675,941,filterLoc,,
6675,944,filterLoc,,
6675,947,filterLoc,,
6675,950,filterLoc,,
6675,953,filterLoc,,
6675,956,filterLoc,,
6675,959,filterLoc,,
6675,962,filterLoc,,
6675,965,filterLoc,,
6675,968,filterLoc,,
6675,971,filterLoc,,
6675,974,filterLoc,,
6675,977,filterLoc,,
6675,980,filterLoc,,
6675,983,filterLoc,,
6675,986,filterLoc,,
6675,989,filterLoc,,
6675,992,filterLoc,,
6675,995,filterLoc,,
6675,998,filterLoc,,
6675,1001,filterLoc,,
6675,1004,filterLoc,,
6675,1007,filterLoc,,
6675,1010,filterLoc,,
6675,1013,filterLoc,,;Evacuee;200;in triage category;W;is leaving helicopter;1
6675,1016,filterLoc,,
6675,1019,filterLoc,,
6675,1022,filterLoc,,
6675,1025,filterLoc,,
6675,1028,filterLoc,,
6675,1031,filterLoc,,
6675,1034,filterLoc,,
6675,1037,filterLoc,,
6675,1040,filterLoc,,
6675,1043,filterLoc,,
6675,1046,filterLoc,,
6675,1049,filterLoc,,
6675,1052,filterLoc,,
6675,1055,filterLoc,,
6675,1058,filterLoc,,
6675,1061,filterLoc,,
6675,1064,filterLoc,,
6675,1067,filterLoc,,
6675,1070,filterLoc,,
6675,1073,filterLoc,,
6675,1076,filterLoc,,
6675,1079,filterLoc,,;Evacuee;212;in triage category;W;is leaving helicopter;1
6675,1082,filterLoc,,
6675,1085,filterLoc,,
6675,1088,filterLoc,,
6675,1091,filterLoc,,
6675,1094,filterLoc,,
6675,1097,filterLoc,,
6675,1100,filterLoc,,
6675,1103,filterLoc,,
6675,1106,filterLoc,,
6675,1109,filterLoc,,
6675,1112,filterLoc,,
6675,1115,filterLoc,,
6675,1118,filterLoc,,
6675,1121,filterLoc,,
6675,1124,filterLoc,,
6675,1127,filterLoc,,
6675,1130,filterLoc,,
6675,1133,filterLoc,,
6675,1136,filterLoc,,;Evacuee;208;in triage category;W;is leaving helicopter;1
6675,1139,filterLoc,,
6675,1142,filterLoc,,
6675,1145,filterLoc,,
6675,1148,filterLoc,,
6675,1153,helicopter,outEvac,Evacuee 114 in triage category W is not assigned a helicopter
6675,1153,helicopter,outEvac,Evacuee 145 in triage category W is not assigned a helicopter
6675,1153,helicopter,outEvac,Evacuee 146 in triage category W is not assigned a helicopter
6675,1153,helicopter,outEvac,Evacuee 167 in triage category W is not assigned a helicopter
6675,1153,helicopter,outEvac,Evacuee 178 in triage category W is not assigned a helicopter
6675,1153,helicopter,outEvac,Evacuee 186 in triage category W is not assigned a helicopter
6675,1153,helicopter,outEvac,Evacuee 200 in triage category W is not assigned a helicopter
6675,1153,helicopter,outEvac,Evacuee 208 in triage category W is not assigned a helicopter
6675,1153,helicopter,outEvac,Evacuee 212 in triage category W is not assigned a helicopter
6675,1153,helicopter,outEvac,Evacuee 215 in triage category W is not assigned a helicopter
6675,1153,helicopter,,Helicopter;1;is unloading people at the FOL;;and has;0;spots taken
6675,1155,filterLoc,,
6675,1158,filterLoc,,
6675,1161,filterLoc,,
6675,1164,filterLoc,,
6675,1167,filterLoc,,
6675,1170,filterLoc,,
6675,1173,filterLoc,,
6675,1176,filterLoc,,
6675,1179,filterLoc,,
6675,1182,filterLoc,,
6675,1185,filterLoc,,
6675,1188,filterLoc,,
6675,1191,filterLoc,,
6675,1194,filterLoc,,
6675,1197,filterLoc,,
6675,1200,filterLoc,,
6675,1203,filterLoc,,
6675,1206,filterLoc,,
6675,1209,filterLoc,,
6675,1212,filterLoc,,
6675,1215,filterLoc,,
6675,1218,filterLoc,,
6675,1221,filterLoc,,
6675,1224,filterLoc,,
6675,1227,filterLoc,,
6675,1230,filterLoc,,
6675,1233,filterLoc,,
6675,1236,filterLoc,,
6675,1239,filterLoc,,
6675,1242,filterLoc,,
6675,1245,filterLoc,,
6675,1248,filterLoc,,
6675,1251,filterLoc,,
6675,1254,filterLoc,,
6675,1257,filterLoc,,
6675,1260,filterLoc,,
6675,1263,filterLoc,,;Evacuee;178;in triage category;W;is leaving helicopter;1
6675,1266,filterLoc,,
6675,1269,filterLoc,,;Evacuee;146;in triage category;W;is leaving helicopter;1
6675,1272,filterLoc,,;Evacuee;167;in triage category;W;is leaving helicopter;1
6675,1275,filterLoc,,;Evacuee;145;in triage category;W;is leaving helicopter;1
6675,1278,filterLoc,,
6675,1281,filterLoc,,
6675,1284,filterLoc,,
6675,1287,filterLoc,,
6675,1290,filterLoc,,
6675,1293,filterLoc,,
6675,1296,filterLoc,,
6675,1299,filterLoc,,
6675,1302,filterLoc,,
6675,1305,filterLoc,,
6675,1308,filterLoc,,
6675,1311,filterLoc,,
6675,1314,filterLoc,,
6675,1317,filterLoc,,
6675,1320,filterLoc,,
6675,1323,filterLoc,,;Evacuee;186;in triage category;W;is leaving helicopter;1
6675,1326,filterLoc,,
6675,1329,filterLoc,,
6675,1332,filterLoc,,
6675,1335,filterLoc,,
6675,1338,filterLoc,,
6675,1341,filterLoc,,
6675,1344,filterLoc,,
6675,1347,filterLoc,,
6675,1350,filterLoc,,
6675,1353,filterLoc,,
6675,1356,filterLoc,,
6675,1359,filterLoc,,
6675,1362,filterLoc,,
6675,1365,filterLoc,,
6675,1368,filterLoc,,
6675,1371,filterLoc,,
6675,1374,filterLoc,,
6675,1377,filterLoc,,
6675,1380,filterLoc,,
6675,1383,filterLoc,,
6675,1386,filterLoc,,
6675,1389,filterLoc,,
6675,1392,filterLoc,,
6675,1395,filterLoc,,
6675,1398,filterLoc,,
6675,1401,filterLoc,,
6675,1404,filterLoc,,
6675,1407,filterLoc,,
6675,1410,filterLoc,,
6675,1413,filterLoc,,
6675,1416,filterLoc,,
6675,1419,filterLoc,,
6675,1422,filterLoc,,
6675,1425,filterLoc,,
6675,1428,filterLoc,,
6675,1431,filterLoc,,
6675,1434,filterLoc,,
6675,1437,filterLoc,,
6675,1440,filterLoc,,
6675,1443,filterLoc,,
6675,1446,filterLoc,,
6675,1449,filterLoc,,
6675,1452,filterLoc,,
6675,1455,filterLoc,,
6675,1458,filterLoc,,
6675,1461,filterLoc,,
6675,1464,filterLoc,,
6675,1467,filterLoc,,
6675,1470,filterLoc,,
6675,1473,filterLoc,,
6675,1476,filterLoc,,
6675,1479,filterLoc,,
6675,1482,filterLoc,,
6675,1485,filterLoc,,
6675,1488,filterLoc,,
6675,1491,filterLoc,,
6675,1494,filterLoc,,
6675,1497,filterLoc,,
6675,1500,filterLoc,,
6675,1503,filterLoc,,
6675,1506,filterLoc,,
6675,1509,filterLoc,,
6675,452,filterLoc,out,Evacuee 114 in triage category W is not assigned a helicopter
6675,452,filterLoc,,
6675,453,evacuee,,Evacuee;114;in triage state;W;is entering the FOL
6675,509,filterLoc,out,Evacuee 215 in triage category W is not assigned a helicopter
6675,509,filterLoc,,
6675,510,evacuee,,Evacuee;215;in triage state;W;is entering the FOL
6675,1013,filterLoc,out,Evacuee 200 in triage category W is not assigned a helicopter
6675,1013,filterLoc,,
6675,1014,evacuee,,Evacuee;200;in triage state;W;is entering the FOL
6675,1079,filterLoc,out,Evacuee 212 in triage category W is not assigned a helicopter
6675,1079,filterLoc,,
6675,1080,evacuee,,Evacuee;212;in triage state;W;is entering the FOL
6675,1136,filterLoc,out,Evacuee 208 in triage category W is not assigned a helicopter
6675,1136,filterLoc,,
6675,1137,evacuee,,Evacuee;208;in triage state;W;is entering the FOL
6675,1263,filterLoc,out,Evacuee 178 in triage category W is not assigned a helicopter
6675,1263,filterLoc,,
6675,1264,evacuee,,Evacuee;178;in triage state;W;is entering the FOL
6675,1269,filterLoc,out,Evacuee 146 in triage category W is not assigned a helicopter
6675,1269,filterLoc,,
6675,1270,evacuee,,Evacuee;146;in triage state;W;is entering the FOL
6675,1272,filterLoc,out,Evacuee 167 in triage category W is not assigned a helicopter
6675,1272,filterLoc,,
6675,1273,evacuee,,Evacuee;167;in triage state;W;is entering the FOL
6675,1275,filterLoc,out,Evacuee 145 in triage category W is not assigned a helicopter
6675,1275,filterLoc,,
6675,1276,evacuee,,Evacuee;145;in triage state;W;is entering the FOL
6675,1323,filterLoc,out,Evacuee 186 in triage category W is not assigned a helicopter
6675,1323,filterLoc,,
6675,1324,evacuee,,Evacuee;186;in triage state;W;is entering the FOL
6675,219,FOL,,;EvacueeID;5;Triage Status;G;EvacueeID;7;Triage Status;G;EvacueeID;13;Triage Status;G;EvacueeID;16;Triage Status;G;EvacueeID;18;Triage Status;G;EvacueeID;22;Triage Status;G;EvacueeID;23;Triage Status;G;EvacueeID;24;Triage Status;G;EvacueeID;25;Triage Status;G;EvacueeID;30;Triage Status;G;EvacueeID;32;Triage Status;G;EvacueeID;34;Triage Status;G;EvacueeID;37;Triage Status;G;EvacueeID;39;Triage Status;G;EvacueeID;40;Triage Status;G;EvacueeID;43;Triage Status;G;EvacueeID;44;Triage Status;G;EvacueeID;45;Triage Status;G;EvacueeID;51;Triage Status;G;EvacueeID;57;Triage Status;G;EvacueeID;62;Triage Status;G;EvacueeID;66;Triage Status;G;EvacueeID;70;Triage Status;G;EvacueeID;73;Triage Status;G;EvacueeID;75;Triage Status;G;EvacueeID;79;Triage Status;G;EvacueeID;80;Triage Status;G;EvacueeID;89;Triage Status;G;EvacueeID;92;Triage Status;G;EvacueeID;97;Triage Status;G;EvacueeID;260;Triage Status;G;EvacueeID;261;Triage Status;G;EvacueeID;267;Triage Status;G;EvacueeID;283;Triage Status;G;EvacueeID;284;Triage Status;G;EvacueeID;285;Triage Status;G;EvacueeID;287;Triage Status;G;EvacueeID;288;Triage Status;G;EvacueeID;289;Triage Status;G;EvacueeID;296;Triage Status;G;EvacueeID;299;Triage Status;G;EvacueeID;302;Triage Status;G;EvacueeID;307;Triage Status;G;EvacueeID;316;Triage Status;G;EvacueeID;317;Triage Status;G;EvacueeID;318;Triage Status;G;EvacueeID;320;Triage Status;G;EvacueeID;323;Triage Status;G;EvacueeID;336;Triage Status;G;EvacueeID;341;Triage Status;G;EvacueeID;345;Triage Status;G;EvacueeID;346;Triage Status;G;EvacueeID;348;Triage Status;G;EvacueeID;349;Triage Status;G;EvacueeID;356;Triage Status;G;EvacueeID;376;Triage Status;G;EvacueeID;379;Triage Status;G;EvacueeID;380;Triage Status;G;EvacueeID;381;Triage Status;G;EvacueeID;382;Triage Status;G;EvacueeID;388;Triage Status;G;EvacueeID;391;Triage Status;G;EvacueeID;394;Triage Status;G;EvacueeID;402;Triage Status;G;EvacueeID;408;Triage Status;G;EvacueeID;409;Triage Status;G;EvacueeID;411;Triage Status;G;EvacueeID;415;Triage Status;G;EvacueeID;422;Triage Status;G;EvacueeID;427;Triage Status;G;EvacueeID;217;Triage Status;W;EvacueeID;229;Triage Status;W;EvacueeID;233;Triage Status;W;EvacueeID;236;Triage Status;W;EvacueeID;250;Triage Status;W;EvacueeID;255;Triage Status;W;EvacueeID;258;Triage Status;W;EvacueeID;462;Triage Status;Y;EvacueeID;98;Triage Status;G;EvacueeID;99;Triage Status;G;EvacueeID;115;Triage Status;G;EvacueeID;119;Triage Status;G;EvacueeID;125;Triage Status;G;EvacueeID;130;Triage Status;G;EvacueeID;134;Triage Status;G;EvacueeID;140;Triage Status;G;EvacueeID;143;Triage Status;G;EvacueeID;149;Triage Status;G;EvacueeID;150;Triage Status;G;EvacueeID;151;Triage Status;G;EvacueeID;180;Triage Status;G;EvacueeID;191;Triage Status;G;EvacueeID;199;Triage Status;G;EvacueeID;205;Triage Status;G;EvacueeID;206;Triage Status;G;EvacueeID;209;Triage Status;G;EvacueeID;227;Triage Status;G;EvacueeID;242;Triage Status;G;EvacueeID;107;Triage Status;W;EvacueeID;110;Triage Status;W;EvacueeID;112;Triage Status;W;EvacueeID;135;Triage Status;G;EvacueeID;246;Triage Status;G;EvacueeID;259;Triage Status;G;EvacueeID;438;Triage Status;G;EvacueeID;446;Triage Status;G;EvacueeID;459;Triage Status;G;EvacueeID;460;Triage Status;G;EvacueeID;114;Triage Status;W;EvacueeID;145;Triage Status;W;EvacueeID;146;Triage Status;W;EvacueeID;167;Triage Status;W;EvacueeID;178;Triage Status;W;EvacueeID;186;Triage Status;W;EvacueeID;200;Triage Status;W;EvacueeID;208;Triage Status;W;EvacueeID;212;Triage Status;W;EvacueeID;215;Triage Status;W;Lives Saved;118
6675,453,evacuee,outFOL,Evacuee 114 in triage category W is not assigned a helicopter
6675,453,evacuee,,Evacuee;114;in triage state;W;is at the FOL
6675,510,evacuee,outFOL,Evacuee 215 in triage category W is not assigned a helicopter
6675,510,evacuee,,Evacuee;215;in triage state;W;is at the FOL
6675,1014,evacuee,outFOL,Evacuee 200 in triage category W is not assigned a helicopter
6675,1014,evacuee,,Evacuee;200;in triage state;W;is at the FOL
6675,1080,evacuee,outFOL,Evacuee 212 in triage category W is not assigned a helicopter
6675,1080,evacuee,,Evacuee;212;in triage state;W;is at the FOL
6675,1137,evacuee,outFOL,Evacuee 208 in triage category W is not assigned a helicopter
6675,1137,evacuee,,Evacuee;208;in triage state;W;is at the FOL
6675,1264,evacuee,outFOL,Evacuee 178 in triage category W is not assigned a helicopter
6675,1264,evacuee,,Evacuee;178;in triage state;W;is at the FOL
6675,1270,evacuee,outFOL,Evacuee 146 in triage category W is not assigned a helicopter
6675,1270,evacuee,,Evacuee;146;in triage state;W;is at the FOL
6675,1273,evacuee,outFOL,Evacuee 167 in triage category W is not assigned a helicopter
6675,1273,evacuee,,Evacuee;167;in triage state;W;is at the FOL
6675,1276,evacuee,outFOL,Evacuee 145 in triage category W is not assigned a helicopter
6675,1276,evacuee,,Evacuee;145;in triage state;W;is at the FOL
6675,1324,evacuee,outFOL,Evacuee 186 in triage category W is not assigned a helicopter
6675,1324,evacuee,,Evacuee;186;in triage state;W;is at the FOL
6675,219,FOL,,;EvacueeID;5;Triage Status;G;EvacueeID;7;Triage Status;G;EvacueeID;13;Triage Status;G;EvacueeID;16;Triage Status;G;EvacueeID;18;Triage Status;G;EvacueeID;22;Triage Status;G;EvacueeID;23;Triage Status;G;EvacueeID;24;Triage Status;G;EvacueeID;25;Triage Status;G;EvacueeID;30;Triage Status;G;EvacueeID;32;Triage Status;G;EvacueeID;34;Triage Status;G;EvacueeID;37;Triage Status;G;EvacueeID;39;Triage Status;G;EvacueeID;40;Triage Status;G;EvacueeID;43;Triage Status;G;EvacueeID;44;Triage Status;G;EvacueeID;45;Triage Status;G;EvacueeID;51;Triage Status;G;EvacueeID;57;Triage Status;G;EvacueeID;62;Triage Status;G;EvacueeID;66;Triage Status;G;EvacueeID;70;Triage Status;G;EvacueeID;73;Triage Status;G;EvacueeID;75;Triage Status;G;EvacueeID;79;Triage Status;G;EvacueeID;80;Triage Status;G;EvacueeID;89;Triage Status;G;EvacueeID;92;Triage Status;G;EvacueeID;97;Triage Status;G;EvacueeID;260;Triage Status;G;EvacueeID;261;Triage Status;G;EvacueeID;267;Triage Status;G;EvacueeID;283;Triage Status;G;EvacueeID;284;Triage Status;G;EvacueeID;285;Triage Status;G;EvacueeID;287;Triage Status;G;EvacueeID;288;Triage Status;G;EvacueeID;289;Triage Status;G;EvacueeID;296;Triage Status;G;EvacueeID;299;Triage Status;G;EvacueeID;302;Triage Status;G;EvacueeID;307;Triage Status;G;EvacueeID;316;Triage Status;G;EvacueeID;317;Triage Status;G;EvacueeID;318;Triage Status;G;EvacueeID;320;Triage Status;G;EvacueeID;323;Triage Status;G;EvacueeID;336;Triage Status;G;EvacueeID;341;Triage Status;G;EvacueeID;345;Triage Status;G;EvacueeID;346;Triage Status;G;EvacueeID;348;Triage Status;G;EvacueeID;349;Triage Status;G;EvacueeID;356;Triage Status;G;EvacueeID;376;Triage Status;G;EvacueeID;379;Triage Status;G;EvacueeID;380;Triage Status;G;EvacueeID;381;Triage Status;G;EvacueeID;382;Triage Status;G;EvacueeID;388;Triage Status;G;EvacueeID;391;Triage Status;G;EvacueeID;394;Triage Status;G;EvacueeID;402;Triage Status;G;EvacueeID;408;Triage Status;G;EvacueeID;409;Triage Status;G;EvacueeID;411;Triage Status;G;EvacueeID;415;Triage Status;G;EvacueeID;422;Triage Status;G;EvacueeID;427;Triage Status;G;EvacueeID;217;Triage Status;W;EvacueeID;229;Triage Status;W;EvacueeID;233;Triage Status;W;EvacueeID;236;Triage Status;W;EvacueeID;250;Triage Status;W;EvacueeID;255;Triage Status;W;EvacueeID;258;Triage Status;W;EvacueeID;462;Triage Status;Y;EvacueeID;98;Triage Status;G;EvacueeID;99;Triage Status;G;EvacueeID;115;Triage Status;G;EvacueeID;119;Triage Status;G;EvacueeID;125;Triage Status;G;EvacueeID;130;Triage Status;G;EvacueeID;134;Triage Status;G;EvacueeID;140;Triage Status;G;EvacueeID;143;Triage Status;G;EvacueeID;149;Triage Status;G;EvacueeID;150;Triage Status;G;EvacueeID;151;Triage Status;G;EvacueeID;180;Triage Status;G;EvacueeID;191;Triage Status;G;EvacueeID;199;Triage Status;G;EvacueeID;205;Triage Status;G;EvacueeID;206;Triage Status;G;EvacueeID;209;Triage Status;G;EvacueeID;227;Triage Status;G;EvacueeID;242;Triage Status;G;EvacueeID;107;Triage Status;W;EvacueeID;110;Triage Status;W;EvacueeID;112;Triage Status;W;EvacueeID;135;Triage Status;G;EvacueeID;246;Triage Status;G;EvacueeID;259;Triage Status;G;EvacueeID;438;Triage Status;G;EvacueeID;446;Triage Status;G;EvacueeID;459;Triage Status;G;EvacueeID;460;Triage Status;G;EvacueeID;114;Triage Status;W;EvacueeID;145;Triage Status;W;EvacueeID;146;Triage Status;W;EvacueeID;167;Triage Status;W;EvacueeID;178;Triage Status;W;EvacueeID;186;Triage Status;W;EvacueeID;200;Triage Status;W;EvacueeID;208;Triage Status;W;EvacueeID;212;Triage Status;W;EvacueeID;215;Triage Status;W;Lives Saved;118
6690,1153,helicopter,,Helicopter;1;Is going to the evacuation site;;and has;0;spots taken
6840,5,helicopterQueue,,1;Helos are waiting to land;HeloID;1
6840,1153,helicopter,outES,Helicopter 1 is evacuating people1
6840,1153,helicopter,,Helicopter;1;is waiting to land at the evacuation site;;and has;0;spots taken
6840,4,helipadManager,,;No helos are at ES
6840,5,helicopterQueue,outHM,Helicopter 1 is evacuating people1
6840,5,helicopterQueue,outHelo,Helicopter 1 is evacuating people1
6840,5,helicopterQueue,,;No helos are waiting to land
6840,1152,filterES,,Helicopter;1;is evacuating people
6840,3,evacueeManager,,OFF SHIP: White;0;Green;0;Yellow;0;Red;0;Black;373;ON SHIP: White;0;Green;0;Yellow;0;Red;0;Evacuees to Transfer;;EvacueeID;101;HeloID;1;OnShip;0;Triage Status;W;EvacueeID;142;HeloID;1;OnShip;0;Triage Status;W;EvacueeID;189;HeloID;1;OnShip;0;Triage Status;W;EvacueeID;231;HeloID;1;OnShip;0;Triage Status;W;EvacueeID;253;HeloID;1;OnShip;0;Triage Status;W;EvacueeID;453;HeloID;1;OnShip;0;Triage Status;W;EvacueeID;461;HeloID;1;OnShip;0;Triage Status;W;EvacueeID;223;HeloID;1;OnShip;0;Triage Status;W;EvacueeID;228;HeloID;1;OnShip;0;Triage Status;W
6840,4,helipadManager,outEM,Helicopter 1 is evacuating people1
6840,4,helipadManager,,Helo;1;is at the ES
6840,1152,filterES,out,Helicopter 1 is evacuating people1
6840,1152,filterES,,
6840,1153,helicopter,,Helicopter;1;is waiting to land at the evacuation site;;and has;0;spots taken
6840,2,coastGuardShip,,There are no more evacuees.
6840,3,evacueeManager,outEvac,Evacuee 101 in triage category W is assigned helicopter 1
6840,3,evacueeManager,outEvac,Evacuee 142 in triage category W is assigned helicopter 1
6840,3,evacueeManager,outEvac,Evacuee 189 in triage category W is assigned helicopter 1
6840,3,evacueeManager,outEvac,Evacuee 231 in triage category W is assigned helicopter 1
6840,3,evacueeManager,outEvac,Evacuee 253 in triage category W is assigned helicopter 1
6840,3,evacueeManager,outEvac,Evacuee 453 in triage category W is assigned helicopter 1
6840,3,evacueeManager,outEvac,Evacuee 461 in triage category W is assigned helicopter 1
6840,3,evacueeManager,outEvac,Evacuee 223 in triage category W is assigned helicopter 1
6840,3,evacueeManager,outEvac,Evacuee 228 in triage category W is assigned helicopter 1
6840,3,evacueeManager,outHM,1
6840,3,evacueeManager,outCGS,1
6840,3,evacueeManager,,OFF SHIP: White;0;Green;0;Yellow;0;Red;0;Black;373;ON SHIP: White;0;Green;0;Yellow;0;Red;0;Evacuees to Transfer;
6840,4,helipadManager,,Helo;1;is at the ES;Stopped evacuating people
6840,7,filterLoc,,
6840,10,filterLoc,,
6840,13,filterLoc,,
6840,16,filterLoc,,
6840,19,filterLoc,,
6840,22,filterLoc,,
6840,25,filterLoc,,
6840,28,filterLoc,,
6840,31,filterLoc,,
6840,34,filterLoc,,
6840,37,filterLoc,,
6840,40,filterLoc,,
6840,43,filterLoc,,
6840,46,filterLoc,,
6840,49,filterLoc,,
6840,52,filterLoc,,
6840,55,filterLoc,,
6840,58,filterLoc,,
6840,61,filterLoc,,
6840,64,filterLoc,,;Evacuee;461;in triage category;W;is entering helicopter;1
6840,67,filterLoc,,
6840,70,filterLoc,,
6840,73,filterLoc,,
6840,76,filterLoc,,
6840,79,filterLoc,,
6840,82,filterLoc,,
6840,85,filterLoc,,
6840,88,filterLoc,,
6840,91,filterLoc,,
6840,94,filterLoc,,
6840,97,filterLoc,,
6840,100,filterLoc,,
6840,103,filterLoc,,
6840,106,filterLoc,,
6840,109,filterLoc,,
6840,112,filterLoc,,
6840,115,filterLoc,,
6840,118,filterLoc,,
6840,121,filterLoc,,
6840,124,filterLoc,,
6840,127,filterLoc,,
6840,130,filterLoc,,
6840,133,filterLoc,,
6840,136,filterLoc,,
6840,139,filterLoc,,
6840,142,filterLoc,,
6840,145,filterLoc,,
6840,148,filterLoc,,
6840,151,filterLoc,,
6840,154,filterLoc,,
6840,157,filterLoc,,
6840,160,filterLoc,,
6840,163,filterLoc,,
6840,166,filterLoc,,
6840,169,filterLoc,,
6840,172,filterLoc,,
6840,175,filterLoc,,
6840,178,filterLoc,,
6840,181,filterLoc,,
6840,184,filterLoc,,
6840,187,filterLoc,,
6840,190,filterLoc,,
6840,193,filterLoc,,
6840,196,filterLoc,,
6840,199,filterLoc,,
6840,202,filterLoc,,
6840,205,filterLoc,,
6840,208,filterLoc,,
6840,211,filterLoc,,
6840,214,filterLoc,,
6840,217,filterLoc,,
6840,221,filterLoc,,
6840,224,filterLoc,,
6840,227,filterLoc,,
6840,230,filterLoc,,
6840,233,filterLoc,,
6840,236,filterLoc,,
6840,239,filterLoc,,
6840,242,filterLoc,,
6840,245,filterLoc,,
6840,248,filterLoc,,
6840,251,filterLoc,,
6840,254,filterLoc,,
6840,257,filterLoc,,
6840,260,filterLoc,,
6840,263,filterLoc,,
6840,266,filterLoc,,
6840,269,filterLoc,,
6840,272,filterLoc,,
6840,275,filterLoc,,
6840,278,filterLoc,,
6840,281,filterLoc,,
6840,284,filterLoc,,
6840,287,filterLoc,,
6840,290,filterLoc,,
6840,293,filterLoc,,
6840,296,filterLoc,,
6840,299,filterLoc,,
6840,302,filterLoc,,
6840,305,filterLoc,,
6840,308,filterLoc,,
6840,311,filterLoc,,
6840,314,filterLoc,,
6840,317,filterLoc,,
6840,320,filterLoc,,
6840,323,filterLoc,,
6840,326,filterLoc,,
6840,329,filterLoc,,
6840,332,filterLoc,,
6840,335,filterLoc,,
6840,338,filterLoc,,
6840,341,filterLoc,,
6840,344,filterLoc,,
6840,347,filterLoc,,
6840,350,filterLoc,,
6840,353,filterLoc,,
6840,356,filterLoc,,
6840,359,filterLoc,,
6840,362,filterLoc,,
6840,365,filterLoc,,
6840,368,filterLoc,,
6840,371,filterLoc,,
6840,374,filterLoc,,
6840,377,filterLoc,,
6840,380,filterLoc,,
6840,383,filterLoc,,
6840,386,filterLoc,,
6840,389,filterLoc,,
6840,392,filterLoc,,
6840,395,filterLoc,,
6840,398,filterLoc,,
6840,401,filterLoc,,
6840,404,filterLoc,,
6840,407,filterLoc,,
6840,410,filterLoc,,
6840,413,filterLoc,,
6840,416,filterLoc,,
6840,419,filterLoc,,
6840,422,filterLoc,,
6840,425,filterLoc,,
6840,428,filterLoc,,
6840,431,filterLoc,,
6840,434,filterLoc,,
6840,437,filterLoc,,
6840,440,filterLoc,,
6840,443,filterLoc,,
6840,446,filterLoc,,
6840,449,filterLoc,,
6840,452,filterLoc,,
6840,455,filterLoc,,
6840,458,filterLoc,,
6840,461,filterLoc,,
6840,464,filterLoc,,
6840,467,filterLoc,,
6840,470,filterLoc,,
6840,473,filterLoc,,
6840,476,filterLoc,,
6840,479,filterLoc,,
6840,482,filterLoc,,
6840,485,filterLoc,,
6840,488,filterLoc,,
6840,491,filterLoc,,
6840,494,filterLoc,,
6840,497,filterLoc,,
6840,500,filterLoc,,
6840,503,filterLoc,,
6840,506,filterLoc,,
6840,509,filterLoc,,
6840,512,filterLoc,,
6840,515,filterLoc,,
6840,518,filterLoc,,
6840,521,filterLoc,,
6840,524,filterLoc,,
6840,527,filterLoc,,
6840,530,filterLoc,,
6840,533,filterLoc,,
6840,536,filterLoc,,
6840,539,filterLoc,,
6840,542,filterLoc,,
6840,545,filterLoc,,
6840,548,filterLoc,,
6840,551,filterLoc,,
6840,554,filterLoc,,
6840,557,filterLoc,,
6840,560,filterLoc,,
6840,563,filterLoc,,
6840,566,filterLoc,,
6840,569,filterLoc,,;Evacuee;228;in triage category;W;is entering helicopter;1
6840,572,filterLoc,,
6840,575,filterLoc,,;Evacuee;101;in triage category;W;is entering helicopter;1
6840,578,filterLoc,,;Evacuee;142;in triage category;W;is entering helicopter;1
6840,581,filterLoc,,
6840,584,filterLoc,,
6840,587,filterLoc,,
6840,590,filterLoc,,
6840,593,filterLoc,,
6840,596,filterLoc,,
6840,599,filterLoc,,
6840,602,filterLoc,,
6840,605,filterLoc,,
6840,608,filterLoc,,
6840,611,filterLoc,,
6840,614,filterLoc,,
6840,617,filterLoc,,
6840,620,filterLoc,,
6840,623,filterLoc,,
6840,626,filterLoc,,
6840,629,filterLoc,,
6840,632,filterLoc,,
6840,635,filterLoc,,
6840,638,filterLoc,,
6840,641,filterLoc,,
6840,644,filterLoc,,
6840,647,filterLoc,,
6840,650,filterLoc,,
6840,653,filterLoc,,
6840,656,filterLoc,,
6840,659,filterLoc,,
6840,662,filterLoc,,
6840,665,filterLoc,,
6840,668,filterLoc,,
6840,671,filterLoc,,
6840,674,filterLoc,,
6840,677,filterLoc,,
6840,680,filterLoc,,
6840,683,filterLoc,,
6840,686,filterLoc,,
6840,689,filterLoc,,
6840,692,filterLoc,,
6840,695,filterLoc,,
6840,698,filterLoc,,
6840,701,filterLoc,,
6840,704,filterLoc,,
6840,707,filterLoc,,
6840,710,filterLoc,,;Evacuee;223;in triage category;W;is entering helicopter;1
6840,713,filterLoc,,
6840,716,filterLoc,,
6840,719,filterLoc,,
6840,722,filterLoc,,
6840,725,filterLoc,,
6840,728,filterLoc,,
6840,731,filterLoc,,
6840,734,filterLoc,,
6840,737,filterLoc,,
6840,740,filterLoc,,
6840,743,filterLoc,,
6840,746,filterLoc,,
6840,749,filterLoc,,
6840,752,filterLoc,,
6840,755,filterLoc,,
6840,758,filterLoc,,
6840,761,filterLoc,,
6840,764,filterLoc,,
6840,767,filterLoc,,
6840,770,filterLoc,,
6840,773,filterLoc,,
6840,776,filterLoc,,
6840,779,filterLoc,,
6840,782,filterLoc,,
6840,785,filterLoc,,
6840,788,filterLoc,,
6840,791,filterLoc,,
6840,794,filterLoc,,
6840,797,filterLoc,,
6840,800,filterLoc,,
6840,803,filterLoc,,
6840,806,filterLoc,,
6840,809,filterLoc,,
6840,812,filterLoc,,
6840,815,filterLoc,,
6840,818,filterLoc,,
6840,821,filterLoc,,
6840,824,filterLoc,,
6840,827,filterLoc,,
6840,830,filterLoc,,
6840,833,filterLoc,,;Evacuee;453;in triage category;W;is entering helicopter;1
6840,836,filterLoc,,
6840,839,filterLoc,,
6840,842,filterLoc,,
6840,845,filterLoc,,
6840,848,filterLoc,,
6840,851,filterLoc,,
6840,854,filterLoc,,
6840,857,filterLoc,,
6840,860,filterLoc,,
6840,863,filterLoc,,
6840,866,filterLoc,,
6840,869,filterLoc,,
6840,872,filterLoc,,
6840,875,filterLoc,,
6840,878,filterLoc,,
6840,881,filterLoc,,
6840,884,filterLoc,,
6840,887,filterLoc,,
6840,890,filterLoc,,
6840,893,filterLoc,,
6840,896,filterLoc,,
6840,899,filterLoc,,
6840,902,filterLoc,,
6840,905,filterLoc,,
6840,908,filterLoc,,
6840,911,filterLoc,,
6840,914,filterLoc,,
6840,917,filterLoc,,
6840,920,filterLoc,,
6840,923,filterLoc,,
6840,926,filterLoc,,
6840,929,filterLoc,,
6840,932,filterLoc,,
6840,935,filterLoc,,
6840,938,filterLoc,,
6840,941,filterLoc,,
6840,944,filterLoc,,
6840,947,filterLoc,,
6840,950,filterLoc,,
6840,953,filterLoc,,
6840,956,filterLoc,,
6840,959,filterLoc,,
6840,962,filterLoc,,
6840,965,filterLoc,,
6840,968,filterLoc,,
6840,971,filterLoc,,
6840,974,filterLoc,,
6840,977,filterLoc,,
6840,980,filterLoc,,
6840,983,filterLoc,,
6840,986,filterLoc,,
6840,989,filterLoc,,
6840,992,filterLoc,,
6840,995,filterLoc,,
6840,998,filterLoc,,
6840,1001,filterLoc,,
6840,1004,filterLoc,,
6840,1007,filterLoc,,
6840,1010,filterLoc,,
6840,1013,filterLoc,,
6840,1016,filterLoc,,
6840,1019,filterLoc,,
6840,1022,filterLoc,,
6840,1025,filterLoc,,
6840,1028,filterLoc,,
6840,1031,filterLoc,,
6840,1034,filterLoc,,
6840,1037,filterLoc,,
6840,1040,filterLoc,,
6840,1043,filterLoc,,
6840,1046,filterLoc,,
6840,1049,filterLoc,,
6840,1052,filterLoc,,
6840,1055,filterLoc,,
6840,1058,filterLoc,,
6840,1061,filterLoc,,
6840,1064,filterLoc,,
6840,1067,filterLoc,,
6840,1070,filterLoc,,
6840,1073,filterLoc,,
6840,1076,filterLoc,,
6840,1079,filterLoc,,
6840,1082,filterLoc,,
6840,1085,filterLoc,,
6840,1088,filterLoc,,
6840,1091,filterLoc,,
6840,1094,filterLoc,,
6840,1097,filterLoc,,
6840,1100,filterLoc,,
6840,1103,filterLoc,,
6840,1106,filterLoc,,
6840,1109,filterLoc,,
6840,1112,filterLoc,,
6840,1115,filterLoc,,
6840,1118,filterLoc,,
6840,1121,filterLoc,,
6840,1124,filterLoc,,
6840,1127,filterLoc,,
6840,1130,filterLoc,,
6840,1133,filterLoc,,
6840,1136,filterLoc,,
6840,1139,filterLoc,,
6840,1142,filterLoc,,;Evacuee;231;in triage category;W;is entering helicopter;1
6840,1145,filterLoc,,
6840,1148,filterLoc,,
6840,1153,helicopter,,Helicopter;1;is loading people at the evacuation site;;and has;0;spots taken
6840,1155,filterLoc,,
6840,1158,filterLoc,,
6840,1161,filterLoc,,
6840,1164,filterLoc,,
6840,1167,filterLoc,,
6840,1170,filterLoc,,
6840,1173,filterLoc,,
6840,1176,filterLoc,,
6840,1179,filterLoc,,
6840,1182,filterLoc,,
6840,1185,filterLoc,,
6840,1188,filterLoc,,
6840,1191,filterLoc,,
6840,1194,filterLoc,,
6840,1197,filterLoc,,
6840,1200,filterLoc,,
6840,1203,filterLoc,,
6840,1206,filterLoc,,
6840,1209,filterLoc,,
6840,1212,filterLoc,,
6840,1215,filterLoc,,
6840,1218,filterLoc,,
6840,1221,filterLoc,,
6840,1224,filterLoc,,
6840,1227,filterLoc,,
6840,1230,filterLoc,,
6840,1233,filterLoc,,
6840,1236,filterLoc,,
6840,1239,filterLoc,,
6840,1242,filterLoc,,
6840,1245,filterLoc,,
6840,1248,filterLoc,,
6840,1251,filterLoc,,
6840,1254,filterLoc,,
6840,1257,filterLoc,,
6840,1260,filterLoc,,
6840,1263,filterLoc,,
6840,1266,filterLoc,,
6840,1269,filterLoc,,
6840,1272,filterLoc,,
6840,1275,filterLoc,,
6840,1278,filterLoc,,
6840,1281,filterLoc,,
6840,1284,filterLoc,,
6840,1287,filterLoc,,
6840,1290,filterLoc,,
6840,1293,filterLoc,,
6840,1296,filterLoc,,
6840,1299,filterLoc,,
6840,1302,filterLoc,,
6840,1305,filterLoc,,
6840,1308,filterLoc,,
6840,1311,filterLoc,,
6840,1314,filterLoc,,
6840,1317,filterLoc,,
6840,1320,filterLoc,,
6840,1323,filterLoc,,
6840,1326,filterLoc,,
6840,1329,filterLoc,,
6840,1332,filterLoc,,;Evacuee;189;in triage category;W;is entering helicopter;1
6840,1335,filterLoc,,;Evacuee;253;in triage category;W;is entering helicopter;1
6840,1338,filterLoc,,
6840,1341,filterLoc,,
6840,1344,filterLoc,,
6840,1347,filterLoc,,
6840,1350,filterLoc,,
6840,1353,filterLoc,,
6840,1356,filterLoc,,
6840,1359,filterLoc,,
6840,1362,filterLoc,,
6840,1365,filterLoc,,
6840,1368,filterLoc,,
6840,1371,filterLoc,,
6840,1374,filterLoc,,
6840,1377,filterLoc,,
6840,1380,filterLoc,,
6840,1383,filterLoc,,
6840,1386,filterLoc,,
6840,1389,filterLoc,,
6840,1392,filterLoc,,
6840,1395,filterLoc,,
6840,1398,filterLoc,,
6840,1401,filterLoc,,
6840,1404,filterLoc,,
6840,1407,filterLoc,,
6840,1410,filterLoc,,
6840,1413,filterLoc,,
6840,1416,filterLoc,,
6840,1419,filterLoc,,
6840,1422,filterLoc,,
6840,1425,filterLoc,,
6840,1428,filterLoc,,
6840,1431,filterLoc,,
6840,1434,filterLoc,,
6840,1437,filterLoc,,
6840,1440,filterLoc,,
6840,1443,filterLoc,,
6840,1446,filterLoc,,
6840,1449,filterLoc,,
6840,1452,filterLoc,,
6840,1455,filterLoc,,
6840,1458,filterLoc,,
6840,1461,filterLoc,,
6840,1464,filterLoc,,
6840,1467,filterLoc,,
6840,1470,filterLoc,,
6840,1473,filterLoc,,
6840,1476,filterLoc,,
6840,1479,filterLoc,,
6840,1482,filterLoc,,
6840,1485,filterLoc,,
6840,1488,filterLoc,,
6840,1491,filterLoc,,
6840,1494,filterLoc,,
6840,1497,filterLoc,,
6840,1500,filterLoc,,
6840,1503,filterLoc,,
6840,1506,filterLoc,,
6840,1509,filterLoc,,
6840,64,filterLoc,out,Evacuee 461 in triage category W is assigned helicopter 1
6840,64,filterLoc,,
6840,65,evacuee,,Evacuee;461;in triage state;W;is entering helicopter;1
6840,569,filterLoc,out,Evacuee 228 in triage category W is assigned helicopter 1
6840,569,filterLoc,,
6840,570,evacuee,,Evacuee;228;in triage state;W;is entering helicopter;1
6840,575,filterLoc,out,Evacuee 101 in triage category W is assigned helicopter 1
6840,575,filterLoc,,
6840,576,evacuee,,Evacuee;101;in triage state;W;is entering helicopter;1
6840,578,filterLoc,out,Evacuee 142 in triage category W is assigned helicopter 1
6840,578,filterLoc,,
6840,579,evacuee,,Evacuee;142;in triage state;W;is entering helicopter;1
6840,710,filterLoc,out,Evacuee 223 in triage category W is assigned helicopter 1
6840,710,filterLoc,,
6840,711,evacuee,,Evacuee;223;in triage state;W;is entering helicopter;1
6840,833,filterLoc,out,Evacuee 453 in triage category W is assigned helicopter 1
6840,833,filterLoc,,
6840,834,evacuee,,Evacuee;453;in triage state;W;is entering helicopter;1
6840,1142,filterLoc,out,Evacuee 231 in triage category W is assigned helicopter 1
6840,1142,filterLoc,,
6840,1143,evacuee,,Evacuee;231;in triage state;W;is entering helicopter;1
6840,1332,filterLoc,out,Evacuee 189 in triage category W is assigned helicopter 1
6840,1332,filterLoc,,
6840,1333,evacuee,,Evacuee;189;in triage state;W;is entering helicopter;1
6840,1335,filterLoc,out,Evacuee 253 in triage category W is assigned helicopter 1
6840,1335,filterLoc,,
6840,1336,evacuee,,Evacuee;253;in triage state;W;is entering helicopter;1
6840,65,evacuee,outHelo,Evacuee 461 in triage category W is assigned helicopter 1
6840,65,evacuee,,Evacuee;461;in triage state;W;is in helicopter;1
6840,570,evacuee,outHelo,Evacuee 228 in triage category W is assigned helicopter 1
6840,570,evacuee,,Evacuee;228;in triage state;W;is in helicopter;1
6840,576,evacuee,outHelo,Evacuee 101 in triage category W is assigned helicopter 1
6840,576,evacuee,,Evacuee;101;in triage state;W;is in helicopter;1
6840,579,evacuee,outHelo,Evacuee 142 in triage category W is assigned helicopter 1
6840,579,evacuee,,Evacuee;142;in triage state;W;is in helicopter;1
6840,711,evacuee,outHelo,Evacuee 223 in triage category W is assigned helicopter 1
6840,711,evacuee,,Evacuee;223;in triage state;W;is in helicopter;1
6840,834,evacuee,outHelo,Evacuee 453 in triage category W is assigned helicopter 1
6840,834,evacuee,,Evacuee;453;in triage state;W;is in helicopter;1
6840,1143,evacuee,outHelo,Evacuee 231 in triage category W is assigned helicopter 1
6840,1143,evacuee,,Evacuee;231;in triage state;W;is in helicopter;1
6840,1151,filterEvac,,;Evacuee;101;in triage category;W;is entering helicopter;1;Evacuee;142;in triage category;W;is entering helicopter;1;Evacuee;189;in triage category;W;is entering helicopter;1;Evacuee;223;in triage category;W;is entering helicopter;1;Evacuee;228;in triage category;W;is entering helicopter;1;Evacuee;231;in triage category;W;is entering helicopter;1;Evacuee;253;in triage category;W;is entering helicopter;1;Evacuee;453;in triage category;W;is entering helicopter;1;Evacuee;461;in triage category;W;is entering helicopter;1
6840,1333,evacuee,outHelo,Evacuee 189 in triage category W is assigned helicopter 1
6840,1333,evacuee,,Evacuee;189;in triage state;W;is in helicopter;1
6840,1336,evacuee,outHelo,Evacuee 253 in triage category W is assigned helicopter 1
6840,1336,evacuee,,Evacuee;253;in triage state;W;is in helicopter;1
6840,1151,filterEvac,out,Evacuee 101 in triage category W is assigned helicopter 1
6840,1151,filterEvac,out,Evacuee 142 in triage category W is assigned helicopter 1
6840,1151,filterEvac,out,Evacuee 189 in triage category W is assigned helicopter 1
6840,1151,filterEvac,out,Evacuee 223 in triage category W is assigned helicopter 1
6840,1151,filterEvac,out,Evacuee 228 in triage category W is assigned helicopter 1
6840,1151,filterEvac,out,Evacuee 231 in triage category W is assigned helicopter 1
6840,1151,filterEvac,out,Evacuee 253 in triage category W is assigned helicopter 1
6840,1151,filterEvac,out,Evacuee 453 in triage category W is assigned helicopter 1
6840,1151,filterEvac,out,Evacuee 461 in triage category W is assigned helicopter 1
6840,1151,filterEvac,,
6840,1153,helicopter,,Helicopter;1;is loading people at the evacuation site;;and has;9;spots taken
6855,4,helipadManager,outHelo,Helicopter 1 has stopped
6855,4,helipadManager,outHQ,1
6855,4,helipadManager,,;No helos are at ES;Stopped evacuating people
6855,5,helicopterQueue,,;No helos are waiting to land
6855,1152,filterES,,Helicopter;1;has stopped
6855,5,helicopterQueue,,;No helos are waiting to land
6855,1152,filterES,out,Helicopter 1 has stopped
6855,1152,filterES,,
6855,1153,helicopter,,Helicopter;1;is loading people at the evacuation site;;and has;9;spots taken
6855,1153,helicopter,,Helicopter;1;is returning to the FOL;;and has;9;spots taken
7005,7,filterLoc,,
7005,10,filterLoc,,
7005,13,filterLoc,,
7005,16,filterLoc,,
7005,19,filterLoc,,
7005,22,filterLoc,,
7005,25,filterLoc,,
7005,28,filterLoc,,
7005,31,filterLoc,,
7005,34,filterLoc,,
7005,37,filterLoc,,
7005,40,filterLoc,,
7005,43,filterLoc,,
7005,46,filterLoc,,
7005,49,filterLoc,,
7005,52,filterLoc,,
7005,55,filterLoc,,
7005,58,filterLoc,,
7005,61,filterLoc,,
7005,64,filterLoc,,;Evacuee;461;in triage category;W;is leaving helicopter;1
7005,67,filterLoc,,
7005,70,filterLoc,,
7005,73,filterLoc,,
7005,76,filterLoc,,
7005,79,filterLoc,,
7005,82,filterLoc,,
7005,85,filterLoc,,
7005,88,filterLoc,,
7005,91,filterLoc,,
7005,94,filterLoc,,
7005,97,filterLoc,,
7005,100,filterLoc,,
7005,103,filterLoc,,
7005,106,filterLoc,,
7005,109,filterLoc,,
7005,112,filterLoc,,
7005,115,filterLoc,,
7005,118,filterLoc,,
7005,121,filterLoc,,
7005,124,filterLoc,,
7005,127,filterLoc,,
7005,130,filterLoc,,
7005,133,filterLoc,,
7005,136,filterLoc,,
7005,139,filterLoc,,
7005,142,filterLoc,,
7005,145,filterLoc,,
7005,148,filterLoc,,
7005,151,filterLoc,,
7005,154,filterLoc,,
7005,157,filterLoc,,
7005,160,filterLoc,,
7005,163,filterLoc,,
7005,166,filterLoc,,
7005,169,filterLoc,,
7005,172,filterLoc,,
7005,175,filterLoc,,
7005,178,filterLoc,,
7005,181,filterLoc,,
7005,184,filterLoc,,
7005,187,filterLoc,,
7005,190,filterLoc,,
7005,193,filterLoc,,
7005,196,filterLoc,,
7005,199,filterLoc,,
7005,202,filterLoc,,
7005,205,filterLoc,,
7005,208,filterLoc,,
7005,211,filterLoc,,
7005,214,filterLoc,,
7005,217,filterLoc,,
7005,221,filterLoc,,
7005,224,filterLoc,,
7005,227,filterLoc,,
7005,230,filterLoc,,
7005,233,filterLoc,,
7005,236,filterLoc,,
7005,239,filterLoc,,
7005,242,filterLoc,,
7005,245,filterLoc,,
7005,248,filterLoc,,
7005,251,filterLoc,,
7005,254,filterLoc,,
7005,257,filterLoc,,
7005,260,filterLoc,,
7005,263,filterLoc,,
7005,266,filterLoc,,
7005,269,filterLoc,,
7005,272,filterLoc,,
7005,275,filterLoc,,
7005,278,filterLoc,,
7005,281,filterLoc,,
7005,284,filterLoc,,
7005,287,filterLoc,,
7005,290,filterLoc,,
7005,293,filterLoc,,
7005,296,filterLoc,,
7005,299,filterLoc,,
7005,302,filterLoc,,
7005,305,filterLoc,,
7005,308,filterLoc,,
7005,311,filterLoc,,
7005,314,filterLoc,,
7005,317,filterLoc,,
7005,320,filterLoc,,
7005,323,filterLoc,,
7005,326,filterLoc,,
7005,329,filterLoc,,
7005,332,filterLoc,,
7005,335,filterLoc,,
7005,338,filterLoc,,
7005,341,filterLoc,,
7005,344,filterLoc,,
7005,347,filterLoc,,
7005,350,filterLoc,,
7005,353,filterLoc,,
7005,356,filterLoc,,
7005,359,filterLoc,,
7005,362,filterLoc,,
7005,365,filterLoc,,
7005,368,filterLoc,,
7005,371,filterLoc,,
7005,374,filterLoc,,
7005,377,filterLoc,,
7005,380,filterLoc,,
7005,383,filterLoc,,
7005,386,filterLoc,,
7005,389,filterLoc,,
7005,392,filterLoc,,
7005,395,filterLoc,,
7005,398,filterLoc,,
7005,401,filterLoc,,
7005,404,filterLoc,,
7005,407,filterLoc,,
7005,410,filterLoc,,
7005,413,filterLoc,,
7005,416,filterLoc,,
7005,419,filterLoc,,
7005,422,filterLoc,,
7005,425,filterLoc,,
7005,428,filterLoc,,
7005,431,filterLoc,,
7005,434,filterLoc,,
7005,437,filterLoc,,
7005,440,filterLoc,,
7005,443,filterLoc,,
7005,446,filterLoc,,
7005,449,filterLoc,,
7005,452,filterLoc,,
7005,455,filterLoc,,
7005,458,filterLoc,,
7005,461,filterLoc,,
7005,464,filterLoc,,
7005,467,filterLoc,,
7005,470,filterLoc,,
7005,473,filterLoc,,
7005,476,filterLoc,,
7005,479,filterLoc,,
7005,482,filterLoc,,
7005,485,filterLoc,,
7005,488,filterLoc,,
7005,491,filterLoc,,
7005,494,filterLoc,,
7005,497,filterLoc,,
7005,500,filterLoc,,
7005,503,filterLoc,,
7005,506,filterLoc,,
7005,509,filterLoc,,
7005,512,filterLoc,,
7005,515,filterLoc,,
7005,518,filterLoc,,
7005,521,filterLoc,,
7005,524,filterLoc,,
7005,527,filterLoc,,
7005,530,filterLoc,,
7005,533,filterLoc,,
7005,536,filterLoc,,
7005,539,filterLoc,,
7005,542,filterLoc,,
7005,545,filterLoc,,
7005,548,filterLoc,,
7005,551,filterLoc,,
7005,554,filterLoc,,
7005,557,filterLoc,,
7005,560,filterLoc,,
7005,563,filterLoc,,
7005,566,filterLoc,,
7005,569,filterLoc,,;Evacuee;228;in triage category;W;is leaving helicopter;1
7005,572,filterLoc,,
7005,575,filterLoc,,;Evacuee;101;in triage category;W;is leaving helicopter;1
7005,578,filterLoc,,;Evacuee;142;in triage category;W;is leaving helicopter;1
7005,581,filterLoc,,
7005,584,filterLoc,,
7005,587,filterLoc,,
7005,590,filterLoc,,
7005,593,filterLoc,,
7005,596,filterLoc,,
7005,599,filterLoc,,
7005,602,filterLoc,,
7005,605,filterLoc,,
7005,608,filterLoc,,
7005,611,filterLoc,,
7005,614,filterLoc,,
7005,617,filterLoc,,
7005,620,filterLoc,,
7005,623,filterLoc,,
7005,626,filterLoc,,
7005,629,filterLoc,,
7005,632,filterLoc,,
7005,635,filterLoc,,
7005,638,filterLoc,,
7005,641,filterLoc,,
7005,644,filterLoc,,
7005,647,filterLoc,,
7005,650,filterLoc,,
7005,653,filterLoc,,
7005,656,filterLoc,,
7005,659,filterLoc,,
7005,662,filterLoc,,
7005,665,filterLoc,,
7005,668,filterLoc,,
7005,671,filterLoc,,
7005,674,filterLoc,,
7005,677,filterLoc,,
7005,680,filterLoc,,
7005,683,filterLoc,,
7005,686,filterLoc,,
7005,689,filterLoc,,
7005,692,filterLoc,,
7005,695,filterLoc,,
7005,698,filterLoc,,
7005,701,filterLoc,,
7005,704,filterLoc,,
7005,707,filterLoc,,
7005,710,filterLoc,,;Evacuee;223;in triage category;W;is leaving helicopter;1
7005,713,filterLoc,,
7005,716,filterLoc,,
7005,719,filterLoc,,
7005,722,filterLoc,,
7005,725,filterLoc,,
7005,728,filterLoc,,
7005,731,filterLoc,,
7005,734,filterLoc,,
7005,737,filterLoc,,
7005,740,filterLoc,,
7005,743,filterLoc,,
7005,746,filterLoc,,
7005,749,filterLoc,,
7005,752,filterLoc,,
7005,755,filterLoc,,
7005,758,filterLoc,,
7005,761,filterLoc,,
7005,764,filterLoc,,
7005,767,filterLoc,,
7005,770,filterLoc,,
7005,773,filterLoc,,
7005,776,filterLoc,,
7005,779,filterLoc,,
7005,782,filterLoc,,
7005,785,filterLoc,,
7005,788,filterLoc,,
7005,791,filterLoc,,
7005,794,filterLoc,,
7005,797,filterLoc,,
7005,800,filterLoc,,
7005,803,filterLoc,,
7005,806,filterLoc,,
7005,809,filterLoc,,
7005,812,filterLoc,,
7005,815,filterLoc,,
7005,818,filterLoc,,
7005,821,filterLoc,,
7005,824,filterLoc,,
7005,827,filterLoc,,
7005,830,filterLoc,,
7005,833,filterLoc,,;Evacuee;453;in triage category;W;is leaving helicopter;1
7005,836,filterLoc,,
7005,839,filterLoc,,
7005,842,filterLoc,,
7005,845,filterLoc,,
7005,848,filterLoc,,
7005,851,filterLoc,,
7005,854,filterLoc,,
7005,857,filterLoc,,
7005,860,filterLoc,,
7005,863,filterLoc,,
7005,866,filterLoc,,
7005,869,filterLoc,,
7005,872,filterLoc,,
7005,875,filterLoc,,
7005,878,filterLoc,,
7005,881,filterLoc,,
7005,884,filterLoc,,
7005,887,filterLoc,,
7005,890,filterLoc,,
7005,893,filterLoc,,
7005,896,filterLoc,,
7005,899,filterLoc,,
7005,902,filterLoc,,
7005,905,filterLoc,,
7005,908,filterLoc,,
7005,911,filterLoc,,
7005,914,filterLoc,,
7005,917,filterLoc,,
7005,920,filterLoc,,
7005,923,filterLoc,,
7005,926,filterLoc,,
7005,929,filterLoc,,
7005,932,filterLoc,,
7005,935,filterLoc,,
7005,938,filterLoc,,
7005,941,filterLoc,,
7005,944,filterLoc,,
7005,947,filterLoc,,
7005,950,filterLoc,,
7005,953,filterLoc,,
7005,956,filterLoc,,
7005,959,filterLoc,,
7005,962,filterLoc,,
7005,965,filterLoc,,
7005,968,filterLoc,,
7005,971,filterLoc,,
7005,974,filterLoc,,
7005,977,filterLoc,,
7005,980,filterLoc,,
7005,983,filterLoc,,
7005,986,filterLoc,,
7005,989,filterLoc,,
7005,992,filterLoc,,
7005,995,filterLoc,,
7005,998,filterLoc,,
7005,1001,filterLoc,,
7005,1004,filterLoc,,
7005,1007,filterLoc,,
7005,1010,filterLoc,,
7005,1013,filterLoc,,
7005,1016,filterLoc,,
7005,1019,filterLoc,,
7005,1022,filterLoc,,
7005,1025,filterLoc,,
7005,1028,filterLoc,,
7005,1031,filterLoc,,
7005,1034,filterLoc,,
7005,1037,filterLoc,,
7005,1040,filterLoc,,
7005,1043,filterLoc,,
7005,1046,filterLoc,,
7005,1049,filterLoc,,
7005,1052,filterLoc,,
7005,1055,filterLoc,,
7005,1058,filterLoc,,
7005,1061,filterLoc,,
7005,1064,filterLoc,,
7005,1067,filterLoc,,
7005,1070,filterLoc,,
7005,1073,filterLoc,,
7005,1076,filterLoc,,
7005,1079,filterLoc,,
7005,1082,filterLoc,,
7005,1085,filterLoc,,
7005,1088,filterLoc,,
7005,1091,filterLoc,,
7005,1094,filterLoc,,
7005,1097,filterLoc,,
7005,1100,filterLoc,,
7005,1103,filterLoc,,
7005,1106,filterLoc,,
7005,1109,filterLoc,,
7005,1112,filterLoc,,
7005,1115,filterLoc,,
7005,1118,filterLoc,,
7005,1121,filterLoc,,
7005,1124,filterLoc,,
7005,1127,filterLoc,,
7005,1130,filterLoc,,
7005,1133,filterLoc,,
7005,1136,filterLoc,,
7005,1139,filterLoc,,
7005,1142,filterLoc,,;Evacuee;231;in triage category;W;is leaving helicopter;1
7005,1145,filterLoc,,
7005,1148,filterLoc,,
7005,1153,helicopter,outEvac,Evacuee 101 in triage category W is not assigned a helicopter
7005,1153,helicopter,outEvac,Evacuee 142 in triage category W is not assigned a helicopter
7005,1153,helicopter,outEvac,Evacuee 189 in triage category W is not assigned a helicopter
7005,1153,helicopter,outEvac,Evacuee 223 in triage category W is not assigned a helicopter
7005,1153,helicopter,outEvac,Evacuee 228 in triage category W is not assigned a helicopter
7005,1153,helicopter,outEvac,Evacuee 231 in triage category W is not assigned a helicopter
7005,1153,helicopter,outEvac,Evacuee 253 in triage category W is not assigned a helicopter
7005,1153,helicopter,outEvac,Evacuee 453 in triage category W is not assigned a helicopter
7005,1153,helicopter,outEvac,Evacuee 461 in triage category W is not assigned a helicopter
7005,1153,helicopter,,Helicopter;1;is unloading people at the FOL;;and has;0;spots taken
7005,1155,filterLoc,,
7005,1158,filterLoc,,
7005,1161,filterLoc,,
7005,1164,filterLoc,,
7005,1167,filterLoc,,
7005,1170,filterLoc,,
7005,1173,filterLoc,,
7005,1176,filterLoc,,
7005,1179,filterLoc,,
7005,1182,filterLoc,,
7005,1185,filterLoc,,
7005,1188,filterLoc,,
7005,1191,filterLoc,,
7005,1194,filterLoc,,
7005,1197,filterLoc,,
7005,1200,filterLoc,,
7005,1203,filterLoc,,
7005,1206,filterLoc,,
7005,1209,filterLoc,,
7005,1212,filterLoc,,
7005,1215,filterLoc,,
7005,1218,filterLoc,,
7005,1221,filterLoc,,
7005,1224,filterLoc,,
7005,1227,filterLoc,,
7005,1230,filterLoc,,
7005,1233,filterLoc,,
7005,1236,filterLoc,,
7005,1239,filterLoc,,
7005,1242,filterLoc,,
7005,1245,filterLoc,,
7005,1248,filterLoc,,
7005,1251,filterLoc,,
7005,1254,filterLoc,,
7005,1257,filterLoc,,
7005,1260,filterLoc,,
7005,1263,filterLoc,,
7005,1266,filterLoc,,
7005,1269,filterLoc,,
7005,1272,filterLoc,,
7005,1275,filterLoc,,
7005,1278,filterLoc,,
7005,1281,filterLoc,,
7005,1284,filterLoc,,
7005,1287,filterLoc,,
7005,1290,filterLoc,,
7005,1293,filterLoc,,
7005,1296,filterLoc,,
7005,1299,filterLoc,,
7005,1302,filterLoc,,
7005,1305,filterLoc,,
7005,1308,filterLoc,,
7005,1311,filterLoc,,
7005,1314,filterLoc,,
7005,1317,filterLoc,,
7005,1320,filterLoc,,
7005,1323,filterLoc,,
7005,1326,filterLoc,,
7005,1329,filterLoc,,
7005,1332,filterLoc,,;Evacuee;189;in triage category;W;is leaving helicopter;1
7005,1335,filterLoc,,;Evacuee;253;in triage category;W;is leaving helicopter;1
7005,1338,filterLoc,,
7005,1341,filterLoc,,
7005,1344,filterLoc,,
7005,1347,filterLoc,,
7005,1350,filterLoc,,
7005,1353,filterLoc,,
7005,1356,filterLoc,,
7005,1359,filterLoc,,
7005,1362,filterLoc,,
7005,1365,filterLoc,,
7005,1368,filterLoc,,
7005,1371,filterLoc,,
7005,1374,filterLoc,,
7005,1377,filterLoc,,
7005,1380,filterLoc,,
7005,1383,filterLoc,,
7005,1386,filterLoc,,
7005,1389,filterLoc,,
7005,1392,filterLoc,,
7005,1395,filterLoc,,
7005,1398,filterLoc,,
7005,1401,filterLoc,,
7005,1404,filterLoc,,
7005,1407,filterLoc,,
7005,1410,filterLoc,,
7005,1413,filterLoc,,
7005,1416,filterLoc,,
7005,1419,filterLoc,,
7005,1422,filterLoc,,
7005,1425,filterLoc,,
7005,1428,filterLoc,,
7005,1431,filterLoc,,
7005,1434,filterLoc,,
7005,1437,filterLoc,,
7005,1440,filterLoc,,
7005,1443,filterLoc,,
7005,1446,filterLoc,,
7005,1449,filterLoc,,
7005,1452,filterLoc,,
7005,1455,filterLoc,,
7005,1458,filterLoc,,
7005,1461,filterLoc,,
7005,1464,filterLoc,,
7005,1467,filterLoc,,
7005,1470,filterLoc,,
7005,1473,filterLoc,,
7005,1476,filterLoc,,
7005,1479,filterLoc,,
7005,1482,filterLoc,,
7005,1485,filterLoc,,
7005,1488,filterLoc,,
7005,1491,filterLoc,,
7005,1494,filterLoc,,
7005,1497,filterLoc,,
7005,1500,filterLoc,,
7005,1503,filterLoc,,
7005,1506,filterLoc,,
7005,1509,filterLoc,,
7005,64,filterLoc,out,Evacuee 461 in triage category W is not assigned a helicopter
7005,64,filterLoc,,
7005,65,evacuee,,Evacuee;461;in triage state;W;is entering the FOL
7005,569,filterLoc,out,Evacuee 228 in triage category W is not assigned a helicopter
7005,569,filterLoc,,
7005,570,evacuee,,Evacuee;228;in triage state;W;is entering the FOL
7005,575,filterLoc,out,Evacuee 101 in triage category W is not assigned a helicopter
7005,575,filterLoc,,
7005,576,evacuee,,Evacuee;101;in triage state;W;is entering the FOL
7005,578,filterLoc,out,Evacuee 142 in triage category W is not assigned a helicopter
7005,578,filterLoc,,
7005,579,evacuee,,Evacuee;142;in triage state;W;is entering the FOL
7005,710,filterLoc,out,Evacuee 223 in triage category W is not assigned a helicopter
7005,710,filterLoc,,
7005,711,evacuee,,Evacuee;223;in triage state;W;is entering the FOL
7005,833,filterLoc,out,Evacuee 453 in triage category W is not assigned a helicopter
7005,833,filterLoc,,
7005,834,evacuee,,Evacuee;453;in triage state;W;is entering the FOL
7005,1142,filterLoc,out,Evacuee 231 in triage category W is not assigned a helicopter
7005,1142,filterLoc,,
7005,1143,evacuee,,Evacuee;231;in triage state;W;is entering the FOL
7005,1332,filterLoc,out,Evacuee 189 in triage category W is not assigned a helicopter
7005,1332,filterLoc,,
7005,1333,evacuee,,Evacuee;189;in triage state;W;is entering the FOL
7005,1335,filterLoc,out,Evacuee 253 in triage category W is not assigned a helicopter
7005,1335,filterLoc,,
7005,1336,evacuee,,Evacuee;253;in triage state;W;is entering the FOL
7005,65,evacuee,outFOL,Evacuee 461 in triage category W is not assigned a helicopter
7005,65,evacuee,,Evacuee;461;in triage state;W;is at the FOL
7005,219,FOL,,;EvacueeID;5;Triage Status;G;EvacueeID;7;Triage Status;G;EvacueeID;13;Triage Status;G;EvacueeID;16;Triage Status;G;EvacueeID;18;Triage Status;G;EvacueeID;22;Triage Status;G;EvacueeID;23;Triage Status;G;EvacueeID;24;Triage Status;G;EvacueeID;25;Triage Status;G;EvacueeID;30;Triage Status;G;EvacueeID;32;Triage Status;G;EvacueeID;34;Triage Status;G;EvacueeID;37;Triage Status;G;EvacueeID;39;Triage Status;G;EvacueeID;40;Triage Status;G;EvacueeID;43;Triage Status;G;EvacueeID;44;Triage Status;G;EvacueeID;45;Triage Status;G;EvacueeID;51;Triage Status;G;EvacueeID;57;Triage Status;G;EvacueeID;62;Triage Status;G;EvacueeID;66;Triage Status;G;EvacueeID;70;Triage Status;G;EvacueeID;73;Triage Status;G;EvacueeID;75;Triage Status;G;EvacueeID;79;Triage Status;G;EvacueeID;80;Triage Status;G;EvacueeID;89;Triage Status;G;EvacueeID;92;Triage Status;G;EvacueeID;97;Triage Status;G;EvacueeID;260;Triage Status;G;EvacueeID;261;Triage Status;G;EvacueeID;267;Triage Status;G;EvacueeID;283;Triage Status;G;EvacueeID;284;Triage Status;G;EvacueeID;285;Triage Status;G;EvacueeID;287;Triage Status;G;EvacueeID;288;Triage Status;G;EvacueeID;289;Triage Status;G;EvacueeID;296;Triage Status;G;EvacueeID;299;Triage Status;G;EvacueeID;302;Triage Status;G;EvacueeID;307;Triage Status;G;EvacueeID;316;Triage Status;G;EvacueeID;317;Triage Status;G;EvacueeID;318;Triage Status;G;EvacueeID;320;Triage Status;G;EvacueeID;323;Triage Status;G;EvacueeID;336;Triage Status;G;EvacueeID;341;Triage Status;G;EvacueeID;345;Triage Status;G;EvacueeID;346;Triage Status;G;EvacueeID;348;Triage Status;G;EvacueeID;349;Triage Status;G;EvacueeID;356;Triage Status;G;EvacueeID;376;Triage Status;G;EvacueeID;379;Triage Status;G;EvacueeID;380;Triage Status;G;EvacueeID;381;Triage Status;G;EvacueeID;382;Triage Status;G;EvacueeID;388;Triage Status;G;EvacueeID;391;Triage Status;G;EvacueeID;394;Triage Status;G;EvacueeID;402;Triage Status;G;EvacueeID;408;Triage Status;G;EvacueeID;409;Triage Status;G;EvacueeID;411;Triage Status;G;EvacueeID;415;Triage Status;G;EvacueeID;422;Triage Status;G;EvacueeID;427;Triage Status;G;EvacueeID;217;Triage Status;W;EvacueeID;229;Triage Status;W;EvacueeID;233;Triage Status;W;EvacueeID;236;Triage Status;W;EvacueeID;250;Triage Status;W;EvacueeID;255;Triage Status;W;EvacueeID;258;Triage Status;W;EvacueeID;462;Triage Status;Y;EvacueeID;98;Triage Status;G;EvacueeID;99;Triage Status;G;EvacueeID;115;Triage Status;G;EvacueeID;119;Triage Status;G;EvacueeID;125;Triage Status;G;EvacueeID;130;Triage Status;G;EvacueeID;134;Triage Status;G;EvacueeID;140;Triage Status;G;EvacueeID;143;Triage Status;G;EvacueeID;149;Triage Status;G;EvacueeID;150;Triage Status;G;EvacueeID;151;Triage Status;G;EvacueeID;180;Triage Status;G;EvacueeID;191;Triage Status;G;EvacueeID;199;Triage Status;G;EvacueeID;205;Triage Status;G;EvacueeID;206;Triage Status;G;EvacueeID;209;Triage Status;G;EvacueeID;227;Triage Status;G;EvacueeID;242;Triage Status;G;EvacueeID;107;Triage Status;W;EvacueeID;110;Triage Status;W;EvacueeID;112;Triage Status;W;EvacueeID;135;Triage Status;G;EvacueeID;246;Triage Status;G;EvacueeID;259;Triage Status;G;EvacueeID;438;Triage Status;G;EvacueeID;446;Triage Status;G;EvacueeID;459;Triage Status;G;EvacueeID;460;Triage Status;G;EvacueeID;114;Triage Status;W;EvacueeID;145;Triage Status;W;EvacueeID;146;Triage Status;W;EvacueeID;167;Triage Status;W;EvacueeID;178;Triage Status;W;EvacueeID;186;Triage Status;W;EvacueeID;200;Triage Status;W;EvacueeID;208;Triage Status;W;EvacueeID;212;Triage Status;W;EvacueeID;215;Triage Status;W;EvacueeID;101;Triage Status;W;EvacueeID;142;Triage Status;W;EvacueeID;189;Triage Status;W;EvacueeID;223;Triage Status;W;EvacueeID;228;Triage Status;W;EvacueeID;231;Triage Status;W;EvacueeID;253;Triage Status;W;EvacueeID;453;Triage Status;W;EvacueeID;461;Triage Status;W;Lives Saved;127
7005,570,evacuee,outFOL,Evacuee 228 in triage category W is not assigned a helicopter
7005,570,evacuee,,Evacuee;228;in triage state;W;is at the FOL
7005,576,evacuee,outFOL,Evacuee 101 in triage category W is not assigned a helicopter
7005,576,evacuee,,Evacuee;101;in triage state;W;is at the FOL
7005,579,evacuee,outFOL,Evacuee 142 in triage category W is not assigned a helicopter
7005,579,evacuee,,Evacuee;142;in triage state;W;is at the FOL
7005,711,evacuee,outFOL,Evacuee 223 in triage category W is not assigned a helicopter
7005,711,evacuee,,Evacuee;223;in triage state;W;is at the FOL
7005,834,evacuee,outFOL,Evacuee 453 in triage category W is not assigned a helicopter
7005,834,evacuee,,Evacuee;453;in triage state;W;is at the FOL
7005,1143,evacuee,outFOL,Evacuee 231 in triage category W is not assigned a helicopter
7005,1143,evacuee,,Evacuee;231;in triage state;W;is at the FOL
7005,1333,evacuee,outFOL,Evacuee 189 in triage category W is not assigned a helicopter
7005,1333,evacuee,,Evacuee;189;in triage state;W;is at the FOL
7005,1336,evacuee,outFOL,Evacuee 253 in triage category W is not assigned a helicopter
7005,1336,evacuee,,Evacuee;253;in triage state;W;is at the FOL
7005,219,FOL,,;EvacueeID;5;Triage Status;G;EvacueeID;7;Triage Status;G;EvacueeID;13;Triage Status;G;EvacueeID;16;Triage Status;G;EvacueeID;18;Triage Status;G;EvacueeID;22;Triage Status;G;EvacueeID;23;Triage Status;G;EvacueeID;24;Triage Status;G;EvacueeID;25;Triage Status;G;EvacueeID;30;Triage Status;G;EvacueeID;32;Triage Status;G;EvacueeID;34;Triage Status;G;EvacueeID;37;Triage Status;G;EvacueeID;39;Triage Status;G;EvacueeID;40;Triage Status;G;EvacueeID;43;Triage Status;G;EvacueeID;44;Triage Status;G;EvacueeID;45;Triage Status;G;EvacueeID;51;Triage Status;G;EvacueeID;57;Triage Status;G;EvacueeID;62;Triage Status;G;EvacueeID;66;Triage Status;G;EvacueeID;70;Triage Status;G;EvacueeID;73;Triage Status;G;EvacueeID;75;Triage Status;G;EvacueeID;79;Triage Status;G;EvacueeID;80;Triage Status;G;EvacueeID;89;Triage Status;G;EvacueeID;92;Triage Status;G;EvacueeID;97;Triage Status;G;EvacueeID;260;Triage Status;G;EvacueeID;261;Triage Status;G;EvacueeID;267;Triage Status;G;EvacueeID;283;Triage Status;G;EvacueeID;284;Triage Status;G;EvacueeID;285;Triage Status;G;EvacueeID;287;Triage Status;G;EvacueeID;288;Triage Status;G;EvacueeID;289;Triage Status;G;EvacueeID;296;Triage Status;G;EvacueeID;299;Triage Status;G;EvacueeID;302;Triage Status;G;EvacueeID;307;Triage Status;G;EvacueeID;316;Triage Status;G;EvacueeID;317;Triage Status;G;EvacueeID;318;Triage Status;G;EvacueeID;320;Triage Status;G;EvacueeID;323;Triage Status;G;EvacueeID;336;Triage Status;G;EvacueeID;341;Triage Status;G;EvacueeID;345;Triage Status;G;EvacueeID;346;Triage Status;G;EvacueeID;348;Triage Status;G;EvacueeID;349;Triage Status;G;EvacueeID;356;Triage Status;G;EvacueeID;376;Triage Status;G;EvacueeID;379;Triage Status;G;EvacueeID;380;Triage Status;G;EvacueeID;381;Triage Status;G;EvacueeID;382;Triage Status;G;EvacueeID;388;Triage Status;G;EvacueeID;391;Triage Status;G;EvacueeID;394;Triage Status;G;EvacueeID;402;Triage Status;G;EvacueeID;408;Triage Status;G;EvacueeID;409;Triage Status;G;EvacueeID;411;Triage Status;G;EvacueeID;415;Triage Status;G;EvacueeID;422;Triage Status;G;EvacueeID;427;Triage Status;G;EvacueeID;217;Triage Status;W;EvacueeID;229;Triage Status;W;EvacueeID;233;Triage Status;W;EvacueeID;236;Triage Status;W;EvacueeID;250;Triage Status;W;EvacueeID;255;Triage Status;W;EvacueeID;258;Triage Status;W;EvacueeID;462;Triage Status;Y;EvacueeID;98;Triage Status;G;EvacueeID;99;Triage Status;G;EvacueeID;115;Triage Status;G;EvacueeID;119;Triage Status;G;EvacueeID;125;Triage Status;G;EvacueeID;130;Triage Status;G;EvacueeID;134;Triage Status;G;EvacueeID;140;Triage Status;G;EvacueeID;143;Triage Status;G;EvacueeID;149;Triage Status;G;EvacueeID;150;Triage Status;G;EvacueeID;151;Triage Status;G;EvacueeID;180;Triage Status;G;EvacueeID;191;Triage Status;G;EvacueeID;199;Triage Status;G;EvacueeID;205;Triage Status;G;EvacueeID;206;Triage Status;G;EvacueeID;209;Triage Status;G;EvacueeID;227;Triage Status;G;EvacueeID;242;Triage Status;G;EvacueeID;107;Triage Status;W;EvacueeID;110;Triage Status;W;EvacueeID;112;Triage Status;W;EvacueeID;135;Triage Status;G;EvacueeID;246;Triage Status;G;EvacueeID;259;Triage Status;G;EvacueeID;438;Triage Status;G;EvacueeID;446;Triage Status;G;EvacueeID;459;Triage Status;G;EvacueeID;460;Triage Status;G;EvacueeID;114;Triage Status;W;EvacueeID;145;Triage Status;W;EvacueeID;146;Triage Status;W;EvacueeID;167;Triage Status;W;EvacueeID;178;Triage Status;W;EvacueeID;186;Triage Status;W;EvacueeID;200;Triage Status;W;EvacueeID;208;Triage Status;W;EvacueeID;212;Triage Status;W;EvacueeID;215;Triage Status;W;EvacueeID;101;Triage Status;W;EvacueeID;142;Triage Status;W;EvacueeID;189;Triage Status;W;EvacueeID;223;Triage Status;W;EvacueeID;228;Triage Status;W;EvacueeID;231;Triage Status;W;EvacueeID;253;Triage Status;W;EvacueeID;453;Triage Status;W;EvacueeID;461;Triage Status;W;Lives Saved;127
8280,2,coastGuardShip,,There are no more evacuees.
8280,2,coastGuardShip,,There are no more evacuees.
8280,3,evacueeManager,,OFF SHIP: White;0;Green;0;Yellow;0;Red;0;Black;373;ON SHIP: White;0;Green;0;Yellow;0;Red;0;Evacuees to Transfer;
8280,4,helipadManager,,;No helos are at ES;Stopped evacuating people
8280,5,helicopterQueue,,;No helos are waiting to land
8280,7,filterLoc,,
8280,8,evacuee,,Evacuee;501;in triage state;B;is at the evacuation site
8280,10,filterLoc,,
8280,11,evacuee,,Evacuee;500;in triage state;B;is at the evacuation site
8280,13,filterLoc,,
8280,14,evacuee,,Evacuee;494;in triage state;B;is at the evacuation site
8280,16,filterLoc,,
8280,17,evacuee,,Evacuee;492;in triage state;B;is at the evacuation site
8280,19,filterLoc,,
8280,20,evacuee,,Evacuee;489;in triage state;B;is at the evacuation site
8280,22,filterLoc,,
8280,23,evacuee,,Evacuee;486;in triage state;B;is at the evacuation site
8280,25,filterLoc,,
8280,26,evacuee,,Evacuee;484;in triage state;B;is at the evacuation site
8280,28,filterLoc,,
8280,29,evacuee,,Evacuee;483;in triage state;B;is at the evacuation site
8280,31,filterLoc,,
8280,32,evacuee,,Evacuee;482;in triage state;B;is at the evacuation site
8280,34,filterLoc,,
8280,35,evacuee,,Evacuee;499;in triage state;B;is at the evacuation site
8280,37,filterLoc,,
8280,38,evacuee,,Evacuee;479;in triage state;B;is at the evacuation site
8280,40,filterLoc,,
8280,41,evacuee,,Evacuee;478;in triage state;B;is at the evacuation site
8280,43,filterLoc,,
8280,44,evacuee,,Evacuee;476;in triage state;B;is at the evacuation site
8280,46,filterLoc,,
8280,47,evacuee,,Evacuee;475;in triage state;B;is at the evacuation site
8280,49,filterLoc,,
8280,50,evacuee,,Evacuee;472;in triage state;B;is at the evacuation site
8280,52,filterLoc,,
8280,53,evacuee,,Evacuee;471;in triage state;B;is at the evacuation site
8280,55,filterLoc,,
8280,56,evacuee,,Evacuee;468;in triage state;B;is at the evacuation site
8280,58,filterLoc,,
8280,59,evacuee,,Evacuee;463;in triage state;B;is at the evacuation site
8280,61,filterLoc,,
8280,62,evacuee,,Evacuee;462;in triage state;Y;is at the FOL
8280,64,filterLoc,,
8280,65,evacuee,,Evacuee;461;in triage state;W;is at the FOL
8280,67,filterLoc,,
8280,68,evacuee,,Evacuee;459;in triage state;G;is at the FOL
8280,70,filterLoc,,
8280,71,evacuee,,Evacuee;495;in triage state;B;is at the evacuation site
8280,73,filterLoc,,
8280,74,evacuee,,Evacuee;458;in triage state;B;is at the evacuation site
8280,76,filterLoc,,
8280,77,evacuee,,Evacuee;456;in triage state;B;is at the evacuation site
8280,79,filterLoc,,
8280,80,evacuee,,Evacuee;455;in triage state;B;is at the evacuation site
8280,82,filterLoc,,
8280,83,evacuee,,Evacuee;448;in triage state;B;is at the evacuation site
8280,85,filterLoc,,
8280,86,evacuee,,Evacuee;445;in triage state;B;is at the evacuation site
8280,88,filterLoc,,
8280,89,evacuee,,Evacuee;442;in triage state;B;is at the evacuation site
8280,91,filterLoc,,
8280,92,evacuee,,Evacuee;441;in triage state;B;is at the evacuation site
8280,94,filterLoc,,
8280,95,evacuee,,Evacuee;439;in triage state;B;is at the evacuation site
8280,97,filterLoc,,
8280,98,evacuee,,Evacuee;437;in triage state;B;is at the evacuation site
8280,100,filterLoc,,
8280,101,evacuee,,Evacuee;436;in triage state;B;is at the evacuation site
8280,103,filterLoc,,
8280,104,evacuee,,Evacuee;434;in triage state;B;is at the evacuation site
8280,106,filterLoc,,
8280,107,evacuee,,Evacuee;433;in triage state;B;is at the evacuation site
8280,109,filterLoc,,
8280,110,evacuee,,Evacuee;428;in triage state;B;is at the evacuation site
8280,112,filterLoc,,
8280,113,evacuee,,Evacuee;426;in triage state;B;is at the evacuation site
8280,115,filterLoc,,
8280,116,evacuee,,Evacuee;423;in triage state;B;is at the evacuation site
8280,118,filterLoc,,
8280,119,evacuee,,Evacuee;420;in triage state;B;is at the evacuation site
8280,121,filterLoc,,
8280,122,evacuee,,Evacuee;419;in triage state;B;is at the evacuation site
8280,124,filterLoc,,
8280,125,evacuee,,Evacuee;414;in triage state;B;is at the evacuation site
8280,127,filterLoc,,
8280,128,evacuee,,Evacuee;411;in triage state;G;is at the FOL
8280,130,filterLoc,,
8280,131,evacuee,,Evacuee;422;in triage state;G;is at the FOL
8280,133,filterLoc,,
8280,134,evacuee,,Evacuee;409;in triage state;G;is at the FOL
8280,136,filterLoc,,
8280,137,evacuee,,Evacuee;408;in triage state;G;is at the FOL
8280,139,filterLoc,,
8280,140,evacuee,,Evacuee;406;in triage state;B;is at the evacuation site
8280,142,filterLoc,,
8280,143,evacuee,,Evacuee;404;in triage state;B;is at the evacuation site
8280,145,filterLoc,,
8280,146,evacuee,,Evacuee;403;in triage state;B;is at the evacuation site
8280,148,filterLoc,,
8280,149,evacuee,,Evacuee;401;in triage state;B;is at the evacuation site
8280,151,filterLoc,,
8280,152,evacuee,,Evacuee;398;in triage state;B;is at the evacuation site
8280,154,filterLoc,,
8280,155,evacuee,,Evacuee;397;in triage state;B;is at the evacuation site
8280,157,filterLoc,,
8280,158,evacuee,,Evacuee;452;in triage state;B;is at the evacuation site
8280,160,filterLoc,,
8280,161,evacuee,,Evacuee;396;in triage state;B;is at the evacuation site
8280,163,filterLoc,,
8280,164,evacuee,,Evacuee;395;in triage state;B;is at the evacuation site
8280,166,filterLoc,,
8280,167,evacuee,,Evacuee;393;in triage state;B;is at the evacuation site
8280,169,filterLoc,,
8280,170,evacuee,,Evacuee;392;in triage state;B;is at the evacuation site
8280,172,filterLoc,,
8280,173,evacuee,,Evacuee;389;in triage state;B;is at the evacuation site
8280,175,filterLoc,,
8280,176,evacuee,,Evacuee;384;in triage state;B;is at the evacuation site
8280,178,filterLoc,,
8280,179,evacuee,,Evacuee;430;in triage state;B;is at the evacuation site
8280,181,filterLoc,,
8280,182,evacuee,,Evacuee;383;in triage state;B;is at the evacuation site
8280,184,filterLoc,,
8280,185,evacuee,,Evacuee;480;in triage state;B;is at the evacuation site
8280,187,filterLoc,,
8280,188,evacuee,,Evacuee;382;in triage state;G;is at the FOL
8280,190,filterLoc,,
8280,191,evacuee,,Evacuee;381;in triage state;G;is at the FOL
8280,193,filterLoc,,
8280,194,evacuee,,Evacuee;427;in triage state;G;is at the FOL
8280,196,filterLoc,,
8280,197,evacuee,,Evacuee;380;in triage state;G;is at the FOL
8280,199,filterLoc,,
8280,200,evacuee,,Evacuee;379;in triage state;G;is at the FOL
8280,202,filterLoc,,
8280,203,evacuee,,Evacuee;378;in triage state;B;is at the evacuation site
8280,205,filterLoc,,
8280,206,evacuee,,Evacuee;377;in triage state;B;is at the evacuation site
8280,208,filterLoc,,
8280,209,evacuee,,Evacuee;375;in triage state;B;is at the evacuation site
8280,211,filterLoc,,
8280,212,evacuee,,Evacuee;374;in triage state;B;is at the evacuation site
8280,214,filterLoc,,
8280,215,evacuee,,Evacuee;372;in triage state;B;is at the evacuation site
8280,217,filterLoc,,
8280,218,evacuee,,Evacuee;371;in triage state;B;is at the evacuation site
8280,219,FOL,,;EvacueeID;5;Triage Status;G;EvacueeID;7;Triage Status;G;EvacueeID;13;Triage Status;G;EvacueeID;16;Triage Status;G;EvacueeID;18;Triage Status;G;EvacueeID;22;Triage Status;G;EvacueeID;23;Triage Status;G;EvacueeID;24;Triage Status;G;EvacueeID;25;Triage Status;G;EvacueeID;30;Triage Status;G;EvacueeID;32;Triage Status;G;EvacueeID;34;Triage Status;G;EvacueeID;37;Triage Status;G;EvacueeID;39;Triage Status;G;EvacueeID;40;Triage Status;G;EvacueeID;43;Triage Status;G;EvacueeID;44;Triage Status;G;EvacueeID;45;Triage Status;G;EvacueeID;51;Triage Status;G;EvacueeID;57;Triage Status;G;EvacueeID;62;Triage Status;G;EvacueeID;66;Triage Status;G;EvacueeID;70;Triage Status;G;EvacueeID;73;Triage Status;G;EvacueeID;75;Triage Status;G;EvacueeID;79;Triage Status;G;EvacueeID;80;Triage Status;G;EvacueeID;89;Triage Status;G;EvacueeID;92;Triage Status;G;EvacueeID;97;Triage Status;G;EvacueeID;260;Triage Status;G;EvacueeID;261;Triage Status;G;EvacueeID;267;Triage Status;G;EvacueeID;283;Triage Status;G;EvacueeID;284;Triage Status;G;EvacueeID;285;Triage Status;G;EvacueeID;287;Triage Status;G;EvacueeID;288;Triage Status;G;EvacueeID;289;Triage Status;G;EvacueeID;296;Triage Status;G;EvacueeID;299;Triage Status;G;EvacueeID;302;Triage Status;G;EvacueeID;307;Triage Status;G;EvacueeID;316;Triage Status;G;EvacueeID;317;Triage Status;G;EvacueeID;318;Triage Status;G;EvacueeID;320;Triage Status;G;EvacueeID;323;Triage Status;G;EvacueeID;336;Triage Status;G;EvacueeID;341;Triage Status;G;EvacueeID;345;Triage Status;G;EvacueeID;346;Triage Status;G;EvacueeID;348;Triage Status;G;EvacueeID;349;Triage Status;G;EvacueeID;356;Triage Status;G;EvacueeID;376;Triage Status;G;EvacueeID;379;Triage Status;G;EvacueeID;380;Triage Status;G;EvacueeID;381;Triage Status;G;EvacueeID;382;Triage Status;G;EvacueeID;388;Triage Status;G;EvacueeID;391;Triage Status;G;EvacueeID;394;Triage Status;G;EvacueeID;402;Triage Status;G;EvacueeID;408;Triage Status;G;EvacueeID;409;Triage Status;G;EvacueeID;411;Triage Status;G;EvacueeID;415;Triage Status;G;EvacueeID;422;Triage Status;G;EvacueeID;427;Triage Status;G;EvacueeID;217;Triage Status;W;EvacueeID;229;Triage Status;W;EvacueeID;233;Triage Status;W;EvacueeID;236;Triage Status;W;EvacueeID;250;Triage Status;W;EvacueeID;255;Triage Status;W;EvacueeID;258;Triage Status;W;EvacueeID;462;Triage Status;Y;EvacueeID;98;Triage Status;G;EvacueeID;99;Triage Status;G;EvacueeID;115;Triage Status;G;EvacueeID;119;Triage Status;G;EvacueeID;125;Triage Status;G;EvacueeID;130;Triage Status;G;EvacueeID;134;Triage Status;G;EvacueeID;140;Triage Status;G;EvacueeID;143;Triage Status;G;EvacueeID;149;Triage Status;G;EvacueeID;150;Triage Status;G;EvacueeID;151;Triage Status;G;EvacueeID;180;Triage Status;G;EvacueeID;191;Triage Status;G;EvacueeID;199;Triage Status;G;EvacueeID;205;Triage Status;G;EvacueeID;206;Triage Status;G;EvacueeID;209;Triage Status;G;EvacueeID;227;Triage Status;G;EvacueeID;242;Triage Status;G;EvacueeID;107;Triage Status;W;EvacueeID;110;Triage Status;W;EvacueeID;112;Triage Status;W;EvacueeID;135;Triage Status;G;EvacueeID;246;Triage Status;G;EvacueeID;259;Triage Status;G;EvacueeID;438;Triage Status;G;EvacueeID;446;Triage Status;G;EvacueeID;459;Triage Status;G;EvacueeID;460;Triage Status;G;EvacueeID;114;Triage Status;W;EvacueeID;145;Triage Status;W;EvacueeID;146;Triage Status;W;EvacueeID;167;Triage Status;W;EvacueeID;178;Triage Status;W;EvacueeID;186;Triage Status;W;EvacueeID;200;Triage Status;W;EvacueeID;208;Triage Status;W;EvacueeID;212;Triage Status;W;EvacueeID;215;Triage Status;W;EvacueeID;101;Triage Status;W;EvacueeID;142;Triage Status;W;EvacueeID;189;Triage Status;W;EvacueeID;223;Triage Status;W;EvacueeID;228;Triage Status;W;EvacueeID;231;Triage Status;W;EvacueeID;253;Triage Status;W;EvacueeID;453;Triage Status;W;EvacueeID;461;Triage Status;W;Lives Saved;127
8280,221,filterLoc,,
8280,222,evacuee,,Evacuee;370;in triage state;B;is at the evacuation site
8280,224,filterLoc,,
8280,225,evacuee,,Evacuee;457;in triage state;B;is at the evacuation site
8280,227,filterLoc,,
8280,228,evacuee,,Evacuee;369;in triage state;B;is at the evacuation site
8280,230,filterLoc,,
8280,231,evacuee,,Evacuee;366;in triage state;B;is at the evacuation site
8280,233,filterLoc,,
8280,234,evacuee,,Evacuee;362;in triage state;B;is at the evacuation site
8280,236,filterLoc,,
8280,237,evacuee,,Evacuee;425;in triage state;B;is at the evacuation site
8280,239,filterLoc,,
8280,240,evacuee,,Evacuee;360;in triage state;B;is at the evacuation site
8280,242,filterLoc,,
8280,243,evacuee,,Evacuee;357;in triage state;B;is at the evacuation site
8280,245,filterLoc,,
8280,246,evacuee,,Evacuee;354;in triage state;B;is at the evacuation site
8280,248,filterLoc,,
8280,249,evacuee,,Evacuee;353;in triage state;B;is at the evacuation site
8280,251,filterLoc,,
8280,252,evacuee,,Evacuee;351;in triage state;B;is at the evacuation site
8280,254,filterLoc,,
8280,255,evacuee,,Evacuee;349;in triage state;G;is at the FOL
8280,257,filterLoc,,
8280,258,evacuee,,Evacuee;348;in triage state;G;is at the FOL
8280,260,filterLoc,,
8280,261,evacuee,,Evacuee;346;in triage state;G;is at the FOL
8280,263,filterLoc,,
8280,264,evacuee,,Evacuee;341;in triage state;G;is at the FOL
8280,266,filterLoc,,
8280,267,evacuee,,Evacuee;340;in triage state;B;is at the evacuation site
8280,269,filterLoc,,
8280,270,evacuee,,Evacuee;338;in triage state;B;is at the evacuation site
8280,272,filterLoc,,
8280,273,evacuee,,Evacuee;335;in triage state;B;is at the evacuation site
8280,275,filterLoc,,
8280,276,evacuee,,Evacuee;331;in triage state;B;is at the evacuation site
8280,278,filterLoc,,
8280,279,evacuee,,Evacuee;503;in triage state;B;is at the evacuation site
8280,281,filterLoc,,
8280,282,evacuee,,Evacuee;330;in triage state;B;is at the evacuation site
8280,284,filterLoc,,
8280,285,evacuee,,Evacuee;328;in triage state;B;is at the evacuation site
8280,287,filterLoc,,
8280,288,evacuee,,Evacuee;327;in triage state;B;is at the evacuation site
8280,290,filterLoc,,
8280,291,evacuee,,Evacuee;410;in triage state;B;is at the evacuation site
8280,293,filterLoc,,
8280,294,evacuee,,Evacuee;326;in triage state;B;is at the evacuation site
8280,296,filterLoc,,
8280,297,evacuee,,Evacuee;466;in triage state;B;is at the evacuation site
8280,299,filterLoc,,
8280,300,evacuee,,Evacuee;325;in triage state;B;is at the evacuation site
8280,302,filterLoc,,
8280,303,evacuee,,Evacuee;365;in triage state;B;is at the evacuation site
8280,305,filterLoc,,
8280,306,evacuee,,Evacuee;322;in triage state;B;is at the evacuation site
8280,308,filterLoc,,
8280,309,evacuee,,Evacuee;321;in triage state;B;is at the evacuation site
8280,311,filterLoc,,
8280,312,evacuee,,Evacuee;319;in triage state;B;is at the evacuation site
8280,314,filterLoc,,
8280,315,evacuee,,Evacuee;318;in triage state;G;is at the FOL
8280,317,filterLoc,,
8280,318,evacuee,,Evacuee;317;in triage state;G;is at the FOL
8280,320,filterLoc,,
8280,321,evacuee,,Evacuee;460;in triage state;G;is at the FOL
8280,323,filterLoc,,
8280,324,evacuee,,Evacuee;316;in triage state;G;is at the FOL
8280,326,filterLoc,,
8280,327,evacuee,,Evacuee;446;in triage state;G;is at the FOL
8280,329,filterLoc,,
8280,330,evacuee,,Evacuee;313;in triage state;B;is at the evacuation site
8280,332,filterLoc,,
8280,333,evacuee,,Evacuee;443;in triage state;B;is at the evacuation site
8280,335,filterLoc,,
8280,336,evacuee,,Evacuee;312;in triage state;B;is at the evacuation site
8280,338,filterLoc,,
8280,339,evacuee,,Evacuee;309;in triage state;B;is at the evacuation site
8280,341,filterLoc,,
8280,342,evacuee,,Evacuee;306;in triage state;B;is at the evacuation site
8280,344,filterLoc,,
8280,345,evacuee,,Evacuee;305;in triage state;B;is at the evacuation site
8280,347,filterLoc,,
8280,348,evacuee,,Evacuee;303;in triage state;B;is at the evacuation site
8280,350,filterLoc,,
8280,351,evacuee,,Evacuee;295;in triage state;B;is at the evacuation site
8280,353,filterLoc,,
8280,354,evacuee,,Evacuee;352;in triage state;B;is at the evacuation site
8280,356,filterLoc,,
8280,357,evacuee,,Evacuee;293;in triage state;B;is at the evacuation site
8280,359,filterLoc,,
8280,360,evacuee,,Evacuee;488;in triage state;B;is at the evacuation site
8280,362,filterLoc,,
8280,363,evacuee,,Evacuee;413;in triage state;B;is at the evacuation site
8280,365,filterLoc,,
8280,366,evacuee,,Evacuee;292;in triage state;B;is at the evacuation site
8280,368,filterLoc,,
8280,369,evacuee,,Evacuee;291;in triage state;B;is at the evacuation site
8280,371,filterLoc,,
8280,372,evacuee,,Evacuee;290;in triage state;B;is at the evacuation site
8280,374,filterLoc,,
8280,375,evacuee,,Evacuee;350;in triage state;B;is at the evacuation site
8280,377,filterLoc,,
8280,378,evacuee,,Evacuee;288;in triage state;G;is at the FOL
8280,380,filterLoc,,
8280,381,evacuee,,Evacuee;287;in triage state;G;is at the FOL
8280,383,filterLoc,,
8280,384,evacuee,,Evacuee;415;in triage state;G;is at the FOL
8280,386,filterLoc,,
8280,387,evacuee,,Evacuee;376;in triage state;G;is at the FOL
8280,389,filterLoc,,
8280,390,evacuee,,Evacuee;284;in triage state;G;is at the FOL
8280,392,filterLoc,,
8280,393,evacuee,,Evacuee;283;in triage state;G;is at the FOL
8280,395,filterLoc,,
8280,396,evacuee,,Evacuee;282;in triage state;B;is at the evacuation site
8280,398,filterLoc,,
8280,399,evacuee,,Evacuee;281;in triage state;B;is at the evacuation site
8280,401,filterLoc,,
8280,402,evacuee,,Evacuee;280;in triage state;B;is at the evacuation site
8280,404,filterLoc,,
8280,405,evacuee,,Evacuee;333;in triage state;B;is at the evacuation site
8280,407,filterLoc,,
8280,408,evacuee,,Evacuee;279;in triage state;B;is at the evacuation site
8280,410,filterLoc,,
8280,411,evacuee,,Evacuee;278;in triage state;B;is at the evacuation site
8280,413,filterLoc,,
8280,414,evacuee,,Evacuee;277;in triage state;B;is at the evacuation site
8280,416,filterLoc,,
8280,417,evacuee,,Evacuee;315;in triage state;B;is at the evacuation site
8280,419,filterLoc,,
8280,420,evacuee,,Evacuee;274;in triage state;B;is at the evacuation site
8280,422,filterLoc,,
8280,423,evacuee,,Evacuee;273;in triage state;B;is at the evacuation site
8280,425,filterLoc,,
8280,426,evacuee,,Evacuee;337;in triage state;B;is at the evacuation site
8280,428,filterLoc,,
8280,429,evacuee,,Evacuee;301;in triage state;B;is at the evacuation site
8280,431,filterLoc,,
8280,432,evacuee,,Evacuee;272;in triage state;B;is at the evacuation site
8280,434,filterLoc,,
8280,435,evacuee,,Evacuee;270;in triage state;B;is at the evacuation site
8280,437,filterLoc,,
8280,438,evacuee,,Evacuee;264;in triage state;B;is at the evacuation site
8280,440,filterLoc,,
8280,441,evacuee,,Evacuee;262;in triage state;B;is at the evacuation site
8280,443,filterLoc,,
8280,444,evacuee,,Evacuee;260;in triage state;G;is at the FOL
8280,446,filterLoc,,
8280,447,evacuee,,Evacuee;259;in triage state;G;is at the FOL
8280,449,filterLoc,,
8280,450,evacuee,,Evacuee;125;in triage state;G;is at the FOL
8280,452,filterLoc,,
8280,453,evacuee,,Evacuee;114;in triage state;W;is at the FOL
8280,455,filterLoc,,
8280,456,evacuee,,Evacuee;289;in triage state;G;is at the FOL
8280,458,filterLoc,,
8280,459,evacuee,,Evacuee;88;in triage state;B;is at the evacuation site
8280,461,filterLoc,,
8280,462,evacuee,,Evacuee;449;in triage state;B;is at the evacuation site
8280,464,filterLoc,,
8280,465,evacuee,,Evacuee;122;in triage state;B;is at the evacuation site
8280,467,filterLoc,,
8280,468,evacuee,,Evacuee;108;in triage state;B;is at the evacuation site
8280,470,filterLoc,,
8280,471,evacuee,,Evacuee;276;in triage state;B;is at the evacuation site
8280,473,filterLoc,,
8280,474,evacuee,,Evacuee;121;in triage state;B;is at the evacuation site
8280,476,filterLoc,,
8280,477,evacuee,,Evacuee;386;in triage state;B;is at the evacuation site
8280,479,filterLoc,,
8280,480,evacuee,,Evacuee;117;in triage state;B;is at the evacuation site
8280,482,filterLoc,,
8280,483,evacuee,,Evacuee;192;in triage state;B;is at the evacuation site
8280,485,filterLoc,,
8280,486,evacuee,,Evacuee;432;in triage state;B;is at the evacuation site
8280,488,filterLoc,,
8280,489,evacuee,,Evacuee;245;in triage state;B;is at the evacuation site
8280,491,filterLoc,,
8280,492,evacuee,,Evacuee;310;in triage state;B;is at the evacuation site
8280,494,filterLoc,,
8280,495,evacuee,,Evacuee;118;in triage state;B;is at the evacuation site
8280,497,filterLoc,,
8280,498,evacuee,,Evacuee;502;in triage state;B;is at the evacuation site
8280,500,filterLoc,,
8280,501,evacuee,,Evacuee;491;in triage state;B;is at the evacuation site
8280,503,filterLoc,,
8280,504,evacuee,,Evacuee;470;in triage state;B;is at the evacuation site
8280,506,filterLoc,,
8280,507,evacuee,,Evacuee;469;in triage state;B;is at the evacuation site
8280,509,filterLoc,,
8280,510,evacuee,,Evacuee;215;in triage state;W;is at the FOL
8280,512,filterLoc,,
8280,513,evacuee,,Evacuee;345;in triage state;G;is at the FOL
8280,515,filterLoc,,
8280,516,evacuee,,Evacuee;302;in triage state;G;is at the FOL
8280,518,filterLoc,,
8280,519,evacuee,,Evacuee;112;in triage state;W;is at the FOL
8280,521,filterLoc,,
8280,522,evacuee,,Evacuee;299;in triage state;G;is at the FOL
8280,524,filterLoc,,
8280,525,evacuee,,Evacuee;109;in triage state;B;is at the evacuation site
8280,527,filterLoc,,
8280,528,evacuee,,Evacuee;373;in triage state;B;is at the evacuation site
8280,530,filterLoc,,
8280,531,evacuee,,Evacuee;358;in triage state;B;is at the evacuation site
8280,533,filterLoc,,
8280,534,evacuee,,Evacuee;188;in triage state;B;is at the evacuation site
8280,536,filterLoc,,
8280,537,evacuee,,Evacuee;106;in triage state;B;is at the evacuation site
8280,539,filterLoc,,
8280,540,evacuee,,Evacuee;311;in triage state;B;is at the evacuation site
8280,542,filterLoc,,
8280,543,evacuee,,Evacuee;148;in triage state;B;is at the evacuation site
8280,545,filterLoc,,
8280,546,evacuee,,Evacuee;235;in triage state;B;is at the evacuation site
8280,548,filterLoc,,
8280,549,evacuee,,Evacuee;105;in triage state;B;is at the evacuation site
8280,551,filterLoc,,
8280,552,evacuee,,Evacuee;424;in triage state;B;is at the evacuation site
8280,554,filterLoc,,
8280,555,evacuee,,Evacuee;269;in triage state;B;is at the evacuation site
8280,557,filterLoc,,
8280,558,evacuee,,Evacuee;103;in triage state;B;is at the evacuation site
8280,560,filterLoc,,
8280,561,evacuee,,Evacuee;124;in triage state;B;is at the evacuation site
8280,563,filterLoc,,
8280,564,evacuee,,Evacuee;111;in triage state;B;is at the evacuation site
8280,566,filterLoc,,
8280,567,evacuee,,Evacuee;39;in triage state;G;is at the FOL
8280,569,filterLoc,,
8280,570,evacuee,,Evacuee;228;in triage state;W;is at the FOL
8280,572,filterLoc,,
8280,573,evacuee,,Evacuee;497;in triage state;B;is at the evacuation site
8280,575,filterLoc,,
8280,576,evacuee,,Evacuee;101;in triage state;W;is at the FOL
8280,578,filterLoc,,
8280,579,evacuee,,Evacuee;142;in triage state;W;is at the FOL
8280,581,filterLoc,,
8280,582,evacuee,,Evacuee;99;in triage state;G;is at the FOL
8280,584,filterLoc,,
8280,585,evacuee,,Evacuee;485;in triage state;B;is at the evacuation site
8280,587,filterLoc,,
8280,588,evacuee,,Evacuee;324;in triage state;B;is at the evacuation site
8280,590,filterLoc,,
8280,591,evacuee,,Evacuee;95;in triage state;B;is at the evacuation site
8280,593,filterLoc,,
8280,594,evacuee,,Evacuee;447;in triage state;B;is at the evacuation site
8280,596,filterLoc,,
8280,597,evacuee,,Evacuee;361;in triage state;B;is at the evacuation site
8280,599,filterLoc,,
8280,600,evacuee,,Evacuee;342;in triage state;B;is at the evacuation site
8280,602,filterLoc,,
8280,603,evacuee,,Evacuee;93;in triage state;B;is at the evacuation site
8280,605,filterLoc,,
8280,606,evacuee,,Evacuee;136;in triage state;B;is at the evacuation site
8280,608,filterLoc,,
8280,609,evacuee,,Evacuee;412;in triage state;B;is at the evacuation site
8280,611,filterLoc,,
8280,612,evacuee,,Evacuee;90;in triage state;B;is at the evacuation site
8280,614,filterLoc,,
8280,615,evacuee,,Evacuee;83;in triage state;B;is at the evacuation site
8280,617,filterLoc,,
8280,618,evacuee,,Evacuee;127;in triage state;B;is at the evacuation site
8280,620,filterLoc,,
8280,621,evacuee,,Evacuee;49;in triage state;B;is at the evacuation site
8280,623,filterLoc,,
8280,624,evacuee,,Evacuee;87;in triage state;B;is at the evacuation site
8280,626,filterLoc,,
8280,627,evacuee,,Evacuee;297;in triage state;B;is at the evacuation site
8280,629,filterLoc,,
8280,630,evacuee,,Evacuee;86;in triage state;B;is at the evacuation site
8280,632,filterLoc,,
8280,633,evacuee,,Evacuee;51;in triage state;G;is at the FOL
8280,635,filterLoc,,
8280,636,evacuee,,Evacuee;444;in triage state;B;is at the evacuation site
8280,638,filterLoc,,
8280,639,evacuee,,Evacuee;80;in triage state;G;is at the FOL
8280,641,filterLoc,,
8280,642,evacuee,,Evacuee;79;in triage state;G;is at the FOL
8280,644,filterLoc,,
8280,645,evacuee,,Evacuee;115;in triage state;G;is at the FOL
8280,647,filterLoc,,
8280,648,evacuee,,Evacuee;98;in triage state;G;is at the FOL
8280,650,filterLoc,,
8280,651,evacuee,,Evacuee;356;in triage state;G;is at the FOL
8280,653,filterLoc,,
8280,654,evacuee,,Evacuee;78;in triage state;B;is at the evacuation site
8280,656,filterLoc,,
8280,657,evacuee,,Evacuee;213;in triage state;B;is at the evacuation site
8280,659,filterLoc,,
8280,660,evacuee,,Evacuee;344;in triage state;B;is at the evacuation site
8280,662,filterLoc,,
8280,663,evacuee,,Evacuee;77;in triage state;B;is at the evacuation site
8280,665,filterLoc,,
8280,666,evacuee,,Evacuee;156;in triage state;B;is at the evacuation site
8280,668,filterLoc,,
8280,669,evacuee,,Evacuee;300;in triage state;B;is at the evacuation site
8280,671,filterLoc,,
8280,672,evacuee,,Evacuee;165;in triage state;B;is at the evacuation site
8280,674,filterLoc,,
8280,675,evacuee,,Evacuee;454;in triage state;B;is at the evacuation site
8280,677,filterLoc,,
8280,678,evacuee,,Evacuee;440;in triage state;B;is at the evacuation site
8280,680,filterLoc,,
8280,681,evacuee,,Evacuee;76;in triage state;B;is at the evacuation site
8280,683,filterLoc,,
8280,684,evacuee,,Evacuee;431;in triage state;B;is at the evacuation site
8280,686,filterLoc,,
8280,687,evacuee,,Evacuee;74;in triage state;B;is at the evacuation site
8280,689,filterLoc,,
8280,690,evacuee,,Evacuee;363;in triage state;B;is at the evacuation site
8280,692,filterLoc,,
8280,693,evacuee,,Evacuee;251;in triage state;B;is at the evacuation site
8280,695,filterLoc,,
8280,696,evacuee,,Evacuee;128;in triage state;B;is at the evacuation site
8280,698,filterLoc,,
8280,699,evacuee,,Evacuee;134;in triage state;G;is at the FOL
8280,701,filterLoc,,
8280,702,evacuee,,Evacuee;199;in triage state;G;is at the FOL
8280,704,filterLoc,,
8280,705,evacuee,,Evacuee;66;in triage state;G;is at the FOL
8280,707,filterLoc,,
8280,708,evacuee,,Evacuee;62;in triage state;G;is at the FOL
8280,710,filterLoc,,
8280,711,evacuee,,Evacuee;223;in triage state;W;is at the FOL
8280,713,filterLoc,,
8280,714,evacuee,,Evacuee;135;in triage state;G;is at the FOL
8280,716,filterLoc,,
8280,717,evacuee,,Evacuee;15;in triage state;B;is at the evacuation site
8280,719,filterLoc,,
8280,720,evacuee,,Evacuee;474;in triage state;B;is at the evacuation site
8280,722,filterLoc,,
8280,723,evacuee,,Evacuee;17;in triage state;B;is at the evacuation site
8280,725,filterLoc,,
8280,726,evacuee,,Evacuee;481;in triage state;B;is at the evacuation site
8280,728,filterLoc,,
8280,729,evacuee,,Evacuee;179;in triage state;B;is at the evacuation site
8280,731,filterLoc,,
8280,732,evacuee,,Evacuee;147;in triage state;B;is at the evacuation site
8280,734,filterLoc,,
8280,735,evacuee,,Evacuee;65;in triage state;B;is at the evacuation site
8280,737,filterLoc,,
8280,738,evacuee,,Evacuee;14;in triage state;B;is at the evacuation site
8280,740,filterLoc,,
8280,741,evacuee,,Evacuee;218;in triage state;B;is at the evacuation site
8280,743,filterLoc,,
8280,744,evacuee,,Evacuee;2;in triage state;B;is at the evacuation site
8280,746,filterLoc,,
8280,747,evacuee,,Evacuee;33;in triage state;B;is at the evacuation site
8280,749,filterLoc,,
8280,750,evacuee,,Evacuee;271;in triage state;B;is at the evacuation site
8280,752,filterLoc,,
8280,753,evacuee,,Evacuee;9;in triage state;B;is at the evacuation site
8280,755,filterLoc,,
8280,756,evacuee,,Evacuee;25;in triage state;G;is at the FOL
8280,758,filterLoc,,
8280,759,evacuee,,Evacuee;334;in triage state;B;is at the evacuation site
8280,761,filterLoc,,
8280,762,evacuee,,Evacuee;70;in triage state;G;is at the FOL
8280,764,filterLoc,,
8280,765,evacuee,,Evacuee;5;in triage state;G;is at the FOL
8280,767,filterLoc,,
8280,768,evacuee,,Evacuee;250;in triage state;W;is at the FOL
8280,770,filterLoc,,
8280,771,evacuee,,Evacuee;107;in triage state;W;is at the FOL
8280,773,filterLoc,,
8280,774,evacuee,,Evacuee;229;in triage state;W;is at the FOL
8280,776,filterLoc,,
8280,777,evacuee,,Evacuee;110;in triage state;W;is at the FOL
8280,779,filterLoc,,
8280,780,evacuee,,Evacuee;141;in triage state;B;is at the evacuation site
8280,782,filterLoc,,
8280,783,evacuee,,Evacuee;133;in triage state;B;is at the evacuation site
8280,785,filterLoc,,
8280,786,evacuee,,Evacuee;493;in triage state;B;is at the evacuation site
8280,788,filterLoc,,
8280,789,evacuee,,Evacuee;473;in triage state;B;is at the evacuation site
8280,791,filterLoc,,
8280,792,evacuee,,Evacuee;400;in triage state;B;is at the evacuation site
8280,794,filterLoc,,
8280,795,evacuee,,Evacuee;268;in triage state;B;is at the evacuation site
8280,797,filterLoc,,
8280,798,evacuee,,Evacuee;100;in triage state;B;is at the evacuation site
8280,800,filterLoc,,
8280,801,evacuee,,Evacuee;29;in triage state;B;is at the evacuation site
8280,803,filterLoc,,
8280,804,evacuee,,Evacuee;158;in triage state;B;is at the evacuation site
8280,806,filterLoc,,
8280,807,evacuee,,Evacuee;187;in triage state;B;is at the evacuation site
8280,809,filterLoc,,
8280,810,evacuee,,Evacuee;85;in triage state;B;is at the evacuation site
8280,812,filterLoc,,
8280,813,evacuee,,Evacuee;487;in triage state;B;is at the evacuation site
8280,815,filterLoc,,
8280,816,evacuee,,Evacuee;71;in triage state;B;is at the evacuation site
8280,818,filterLoc,,
8280,819,evacuee,,Evacuee;332;in triage state;B;is at the evacuation site
8280,821,filterLoc,,
8280,822,evacuee,,Evacuee;81;in triage state;B;is at the evacuation site
8280,824,filterLoc,,
8280,825,evacuee,,Evacuee;104;in triage state;B;is at the evacuation site
8280,827,filterLoc,,
8280,828,evacuee,,Evacuee;40;in triage state;G;is at the FOL
8280,830,filterLoc,,
8280,831,evacuee,,Evacuee;97;in triage state;G;is at the FOL
8280,833,filterLoc,,
8280,834,evacuee,,Evacuee;453;in triage state;W;is at the FOL
8280,836,filterLoc,,
8280,837,evacuee,,Evacuee;285;in triage state;G;is at the FOL
8280,839,filterLoc,,
8280,840,evacuee,,Evacuee;89;in triage state;G;is at the FOL
8280,842,filterLoc,,
8280,843,evacuee,,Evacuee;394;in triage state;G;is at the FOL
8280,845,filterLoc,,
8280,846,evacuee,,Evacuee;240;in triage state;B;is at the evacuation site
8280,848,filterLoc,,
8280,849,evacuee,,Evacuee;8;in triage state;B;is at the evacuation site
8280,851,filterLoc,,
8280,852,evacuee,,Evacuee;3;in triage state;B;is at the evacuation site
8280,854,filterLoc,,
8280,855,evacuee,,Evacuee;172;in triage state;B;is at the evacuation site
8280,857,filterLoc,,
8280,858,evacuee,,Evacuee;256;in triage state;B;is at the evacuation site
8280,860,filterLoc,,
8280,861,evacuee,,Evacuee;347;in triage state;B;is at the evacuation site
8280,863,filterLoc,,
8280,864,evacuee,,Evacuee;82;in triage state;B;is at the evacuation site
8280,866,filterLoc,,
8280,867,evacuee,,Evacuee;54;in triage state;B;is at the evacuation site
8280,869,filterLoc,,
8280,870,evacuee,,Evacuee;368;in triage state;B;is at the evacuation site
8280,872,filterLoc,,
8280,873,evacuee,,Evacuee;4;in triage state;B;is at the evacuation site
8280,875,filterLoc,,
8280,876,evacuee,,Evacuee;18;in triage state;G;is at the FOL
8280,878,filterLoc,,
8280,879,evacuee,,Evacuee;387;in triage state;B;is at the evacuation site
8280,881,filterLoc,,
8280,882,evacuee,,Evacuee;246;in triage state;G;is at the FOL
8280,884,filterLoc,,
8280,885,evacuee,,Evacuee;22;in triage state;G;is at the FOL
8280,887,filterLoc,,
8280,888,evacuee,,Evacuee;92;in triage state;G;is at the FOL
8280,890,filterLoc,,
8280,891,evacuee,,Evacuee;44;in triage state;G;is at the FOL
8280,893,filterLoc,,
8280,894,evacuee,,Evacuee;150;in triage state;G;is at the FOL
8280,896,filterLoc,,
8280,897,evacuee,,Evacuee;119;in triage state;G;is at the FOL
8280,899,filterLoc,,
8280,900,evacuee,,Evacuee;6;in triage state;B;is at the evacuation site
8280,902,filterLoc,,
8280,903,evacuee,,Evacuee;173;in triage state;B;is at the evacuation site
8280,905,filterLoc,,
8280,906,evacuee,,Evacuee;157;in triage state;B;is at the evacuation site
8280,908,filterLoc,,
8280,909,evacuee,,Evacuee;451;in triage state;B;is at the evacuation site
8280,911,filterLoc,,
8280,912,evacuee,,Evacuee;359;in triage state;B;is at the evacuation site
8280,914,filterLoc,,
8280,915,evacuee,,Evacuee;286;in triage state;B;is at the evacuation site
8280,917,filterLoc,,
8280,918,evacuee,,Evacuee;196;in triage state;B;is at the evacuation site
8280,920,filterLoc,,
8280,921,evacuee,,Evacuee;407;in triage state;B;is at the evacuation site
8280,923,filterLoc,,
8280,924,evacuee,,Evacuee;132;in triage state;B;is at the evacuation site
8280,926,filterLoc,,
8280,927,evacuee,,Evacuee;31;in triage state;B;is at the evacuation site
8280,929,filterLoc,,
8280,930,evacuee,,Evacuee;38;in triage state;B;is at the evacuation site
8280,932,filterLoc,,
8280,933,evacuee,,Evacuee;10;in triage state;B;is at the evacuation site
8280,935,filterLoc,,
8280,936,evacuee,,Evacuee;26;in triage state;B;is at the evacuation site
8280,938,filterLoc,,
8280,939,evacuee,,Evacuee;343;in triage state;B;is at the evacuation site
8280,941,filterLoc,,
8280,942,evacuee,,Evacuee;241;in triage state;B;is at the evacuation site
8280,944,filterLoc,,
8280,945,evacuee,,Evacuee;418;in triage state;B;is at the evacuation site
8280,947,filterLoc,,
8280,948,evacuee,,Evacuee;75;in triage state;G;is at the FOL
8280,950,filterLoc,,
8280,951,evacuee,,Evacuee;37;in triage state;G;is at the FOL
8280,953,filterLoc,,
8280,954,evacuee,,Evacuee;496;in triage state;B;is at the evacuation site
8280,956,filterLoc,,
8280,957,evacuee,,Evacuee;209;in triage state;G;is at the FOL
8280,959,filterLoc,,
8280,960,evacuee,,Evacuee;402;in triage state;G;is at the FOL
8280,962,filterLoc,,
8280,963,evacuee,,Evacuee;320;in triage state;G;is at the FOL
8280,965,filterLoc,,
8280,966,evacuee,,Evacuee;116;in triage state;B;is at the evacuation site
8280,968,filterLoc,,
8280,969,evacuee,,Evacuee;61;in triage state;B;is at the evacuation site
8280,971,filterLoc,,
8280,972,evacuee,,Evacuee;52;in triage state;B;is at the evacuation site
8280,974,filterLoc,,
8280,975,evacuee,,Evacuee;41;in triage state;B;is at the evacuation site
8280,977,filterLoc,,
8280,978,evacuee,,Evacuee;304;in triage state;B;is at the evacuation site
8280,980,filterLoc,,
8280,981,evacuee,,Evacuee;154;in triage state;B;is at the evacuation site
8280,983,filterLoc,,
8280,984,evacuee,,Evacuee;421;in triage state;B;is at the evacuation site
8280,986,filterLoc,,
8280,987,evacuee,,Evacuee;405;in triage state;B;is at the evacuation site
8280,989,filterLoc,,
8280,990,evacuee,,Evacuee;21;in triage state;B;is at the evacuation site
8280,992,filterLoc,,
8280,993,evacuee,,Evacuee;68;in triage state;B;is at the evacuation site
8280,995,filterLoc,,
8280,996,evacuee,,Evacuee;72;in triage state;B;is at the evacuation site
8280,998,filterLoc,,
8280,999,evacuee,,Evacuee;46;in triage state;B;is at the evacuation site
8280,1001,filterLoc,,
8280,1002,evacuee,,Evacuee;53;in triage state;B;is at the evacuation site
8280,1004,filterLoc,,
8280,1005,evacuee,,Evacuee;220;in triage state;B;is at the evacuation site
8280,1007,filterLoc,,
8280,1008,evacuee,,Evacuee;355;in triage state;B;is at the evacuation site
8280,1010,filterLoc,,
8280,1011,evacuee,,Evacuee;23;in triage state;G;is at the FOL
8280,1013,filterLoc,,
8280,1014,evacuee,,Evacuee;200;in triage state;W;is at the FOL
8280,1016,filterLoc,,
8280,1017,evacuee,,Evacuee;255;in triage state;W;is at the FOL
8280,1019,filterLoc,,
8280,1020,evacuee,,Evacuee;13;in triage state;G;is at the FOL
8280,1022,filterLoc,,
8280,1023,evacuee,,Evacuee;24;in triage state;G;is at the FOL
8280,1025,filterLoc,,
8280,1026,evacuee,,Evacuee;32;in triage state;G;is at the FOL
8280,1028,filterLoc,,
8280,1029,evacuee,,Evacuee;34;in triage state;G;is at the FOL
8280,1031,filterLoc,,
8280,1032,evacuee,,Evacuee;64;in triage state;B;is at the evacuation site
8280,1034,filterLoc,,
8280,1035,evacuee,,Evacuee;429;in triage state;B;is at the evacuation site
8280,1037,filterLoc,,
8280,1038,evacuee,,Evacuee;102;in triage state;B;is at the evacuation site
8280,1040,filterLoc,,
8280,1041,evacuee,,Evacuee;160;in triage state;B;is at the evacuation site
8280,1043,filterLoc,,
8280,1044,evacuee,,Evacuee;20;in triage state;B;is at the evacuation site
8280,1046,filterLoc,,
8280,1047,evacuee,,Evacuee;35;in triage state;B;is at the evacuation site
8280,1049,filterLoc,,
8280,1050,evacuee,,Evacuee;155;in triage state;B;is at the evacuation site
8280,1052,filterLoc,,
8280,1053,evacuee,,Evacuee;36;in triage state;B;is at the evacuation site
8280,1055,filterLoc,,
8280,1056,evacuee,,Evacuee;198;in triage state;B;is at the evacuation site
8280,1058,filterLoc,,
8280,1059,evacuee,,Evacuee;84;in triage state;B;is at the evacuation site
8280,1061,filterLoc,,
8280,1062,evacuee,,Evacuee;42;in triage state;B;is at the evacuation site
8280,1064,filterLoc,,
8280,1065,evacuee,,Evacuee;91;in triage state;B;is at the evacuation site
8280,1067,filterLoc,,
8280,1068,evacuee,,Evacuee;43;in triage state;G;is at the FOL
8280,1070,filterLoc,,
8280,1071,evacuee,,Evacuee;30;in triage state;G;is at the FOL
8280,1073,filterLoc,,
8280,1074,evacuee,,Evacuee;336;in triage state;G;is at the FOL
8280,1076,filterLoc,,
8280,1077,evacuee,,Evacuee;307;in triage state;G;is at the FOL
8280,1079,filterLoc,,
8280,1080,evacuee,,Evacuee;212;in triage state;W;is at the FOL
8280,1082,filterLoc,,
8280,1083,evacuee,,Evacuee;391;in triage state;G;is at the FOL
8280,1085,filterLoc,,
8280,1086,evacuee,,Evacuee;388;in triage state;G;is at the FOL
8280,1088,filterLoc,,
8280,1089,evacuee,,Evacuee;55;in triage state;B;is at the evacuation site
8280,1091,filterLoc,,
8280,1092,evacuee,,Evacuee;48;in triage state;B;is at the evacuation site
8280,1094,filterLoc,,
8280,1095,evacuee,,Evacuee;144;in triage state;B;is at the evacuation site
8280,1097,filterLoc,,
8280,1098,evacuee,,Evacuee;50;in triage state;B;is at the evacuation site
8280,1100,filterLoc,,
8280,1101,evacuee,,Evacuee;19;in triage state;B;is at the evacuation site
8280,1103,filterLoc,,
8280,1104,evacuee,,Evacuee;182;in triage state;B;is at the evacuation site
8280,1106,filterLoc,,
8280,1107,evacuee,,Evacuee;490;in triage state;B;is at the evacuation site
8280,1109,filterLoc,,
8280,1110,evacuee,,Evacuee;266;in triage state;B;is at the evacuation site
8280,1112,filterLoc,,
8280,1113,evacuee,,Evacuee;120;in triage state;B;is at the evacuation site
8280,1115,filterLoc,,
8280,1116,evacuee,,Evacuee;94;in triage state;B;is at the evacuation site
8280,1118,filterLoc,,
8280,1119,evacuee,,Evacuee;63;in triage state;B;is at the evacuation site
8280,1121,filterLoc,,
8280,1122,evacuee,,Evacuee;175;in triage state;B;is at the evacuation site
8280,1124,filterLoc,,
8280,1125,evacuee,,Evacuee;47;in triage state;B;is at the evacuation site
8280,1127,filterLoc,,
8280,1128,evacuee,,Evacuee;56;in triage state;B;is at the evacuation site
8280,1130,filterLoc,,
8280,1131,evacuee,,Evacuee;367;in triage state;B;is at the evacuation site
8280,1133,filterLoc,,
8280,1134,evacuee,,Evacuee;364;in triage state;B;is at the evacuation site
8280,1136,filterLoc,,
8280,1137,evacuee,,Evacuee;208;in triage state;W;is at the FOL
8280,1139,filterLoc,,
8280,1140,evacuee,,Evacuee;57;in triage state;G;is at the FOL
8280,1142,filterLoc,,
8280,1143,evacuee,,Evacuee;231;in triage state;W;is at the FOL
8280,1145,filterLoc,,
8280,1146,evacuee,,Evacuee;261;in triage state;G;is at the FOL
8280,1148,filterLoc,,
8280,1149,evacuee,,Evacuee;45;in triage state;G;is at the FOL
8280,1151,filterEvac,,
8280,1152,filterES,,
8280,1153,helicopter,,Helicopter;1;is unloading people at the FOL;;and has;0;spots taken
8280,1155,filterLoc,,
8280,1156,evacuee,,Evacuee;263;in triage state;B;is at the evacuation site
8280,1158,filterLoc,,
8280,1159,evacuee,,Evacuee;190;in triage state;B;is at the evacuation site
8280,1161,filterLoc,,
8280,1162,evacuee,,Evacuee;465;in triage state;B;is at the evacuation site
8280,1164,filterLoc,,
8280,1165,evacuee,,Evacuee;60;in triage state;B;is at the evacuation site
8280,1167,filterLoc,,
8280,1168,evacuee,,Evacuee;385;in triage state;B;is at the evacuation site
8280,1170,filterLoc,,
8280,1171,evacuee,,Evacuee;181;in triage state;B;is at the evacuation site
8280,1173,filterLoc,,
8280,1174,evacuee,,Evacuee;416;in triage state;B;is at the evacuation site
8280,1176,filterLoc,,
8280,1177,evacuee,,Evacuee;129;in triage state;B;is at the evacuation site
8280,1179,filterLoc,,
8280,1180,evacuee,,Evacuee;308;in triage state;B;is at the evacuation site
8280,1182,filterLoc,,
8280,1183,evacuee,,Evacuee;131;in triage state;B;is at the evacuation site
8280,1185,filterLoc,,
8280,1186,evacuee,,Evacuee;137;in triage state;B;is at the evacuation site
8280,1188,filterLoc,,
8280,1189,evacuee,,Evacuee;138;in triage state;B;is at the evacuation site
8280,1191,filterLoc,,
8280,1192,evacuee,,Evacuee;265;in triage state;B;is at the evacuation site
8280,1194,filterLoc,,
8280,1195,evacuee,,Evacuee;139;in triage state;B;is at the evacuation site
8280,1197,filterLoc,,
8280,1198,evacuee,,Evacuee;194;in triage state;B;is at the evacuation site
8280,1200,filterLoc,,
8280,1201,evacuee,,Evacuee;140;in triage state;G;is at the FOL
8280,1203,filterLoc,,
8280,1204,evacuee,,Evacuee;130;in triage state;G;is at the FOL
8280,1206,filterLoc,,
8280,1207,evacuee,,Evacuee;143;in triage state;G;is at the FOL
8280,1209,filterLoc,,
8280,1210,evacuee,,Evacuee;149;in triage state;G;is at the FOL
8280,1212,filterLoc,,
8280,1213,evacuee,,Evacuee;296;in triage state;G;is at the FOL
8280,1215,filterLoc,,
8280,1216,evacuee,,Evacuee;151;in triage state;G;is at the FOL
8280,1218,filterLoc,,
8280,1219,evacuee,,Evacuee;222;in triage state;B;is at the evacuation site
8280,1221,filterLoc,,
8280,1222,evacuee,,Evacuee;152;in triage state;B;is at the evacuation site
8280,1224,filterLoc,,
8280,1225,evacuee,,Evacuee;153;in triage state;B;is at the evacuation site
8280,1227,filterLoc,,
8280,1228,evacuee,,Evacuee;67;in triage state;B;is at the evacuation site
8280,1230,filterLoc,,
8280,1231,evacuee,,Evacuee;123;in triage state;B;is at the evacuation site
8280,1233,filterLoc,,
8280,1234,evacuee,,Evacuee;159;in triage state;B;is at the evacuation site
8280,1236,filterLoc,,
8280,1237,evacuee,,Evacuee;161;in triage state;B;is at the evacuation site
8280,1239,filterLoc,,
8280,1240,evacuee,,Evacuee;28;in triage state;B;is at the evacuation site
8280,1242,filterLoc,,
8280,1243,evacuee,,Evacuee;126;in triage state;B;is at the evacuation site
8280,1245,filterLoc,,
8280,1246,evacuee,,Evacuee;234;in triage state;B;is at the evacuation site
8280,1248,filterLoc,,
8280,1249,evacuee,,Evacuee;162;in triage state;B;is at the evacuation site
8280,1251,filterLoc,,
8280,1252,evacuee,,Evacuee;163;in triage state;B;is at the evacuation site
8280,1254,filterLoc,,
8280,1255,evacuee,,Evacuee;166;in triage state;B;is at the evacuation site
8280,1257,filterLoc,,
8280,1258,evacuee,,Evacuee;16;in triage state;G;is at the FOL
8280,1260,filterLoc,,
8280,1261,evacuee,,Evacuee;242;in triage state;G;is at the FOL
8280,1263,filterLoc,,
8280,1264,evacuee,,Evacuee;178;in triage state;W;is at the FOL
8280,1266,filterLoc,,
8280,1267,evacuee,,Evacuee;438;in triage state;G;is at the FOL
8280,1269,filterLoc,,
8280,1270,evacuee,,Evacuee;146;in triage state;W;is at the FOL
8280,1272,filterLoc,,
8280,1273,evacuee,,Evacuee;167;in triage state;W;is at the FOL
8280,1275,filterLoc,,
8280,1276,evacuee,,Evacuee;145;in triage state;W;is at the FOL
8280,1278,filterLoc,,
8280,1279,evacuee,,Evacuee;168;in triage state;B;is at the evacuation site
8280,1281,filterLoc,,
8280,1282,evacuee,,Evacuee;176;in triage state;B;is at the evacuation site
8280,1284,filterLoc,,
8280,1285,evacuee,,Evacuee;230;in triage state;B;is at the evacuation site
8280,1287,filterLoc,,
8280,1288,evacuee,,Evacuee;169;in triage state;B;is at the evacuation site
8280,1290,filterLoc,,
8280,1291,evacuee,,Evacuee;170;in triage state;B;is at the evacuation site
8280,1293,filterLoc,,
8280,1294,evacuee,,Evacuee;171;in triage state;B;is at the evacuation site
8280,1296,filterLoc,,
8280,1297,evacuee,,Evacuee;174;in triage state;B;is at the evacuation site
8280,1299,filterLoc,,
8280,1300,evacuee,,Evacuee;177;in triage state;B;is at the evacuation site
8280,1302,filterLoc,,
8280,1303,evacuee,,Evacuee;435;in triage state;B;is at the evacuation site
8280,1305,filterLoc,,
8280,1306,evacuee,,Evacuee;58;in triage state;B;is at the evacuation site
8280,1308,filterLoc,,
8280,1309,evacuee,,Evacuee;203;in triage state;B;is at the evacuation site
8280,1311,filterLoc,,
8280,1312,evacuee,,Evacuee;232;in triage state;B;is at the evacuation site
8280,1314,filterLoc,,
8280,1315,evacuee,,Evacuee;183;in triage state;B;is at the evacuation site
8280,1317,filterLoc,,
8280,1318,evacuee,,Evacuee;184;in triage state;B;is at the evacuation site
8280,1320,filterLoc,,
8280,1321,evacuee,,Evacuee;185;in triage state;B;is at the evacuation site
8280,1323,filterLoc,,
8280,1324,evacuee,,Evacuee;186;in triage state;W;is at the FOL
8280,1326,filterLoc,,
8280,1327,evacuee,,Evacuee;417;in triage state;B;is at the evacuation site
8280,1329,filterLoc,,
8280,1330,evacuee,,Evacuee;217;in triage state;W;is at the FOL
8280,1332,filterLoc,,
8280,1333,evacuee,,Evacuee;189;in triage state;W;is at the FOL
8280,1335,filterLoc,,
8280,1336,evacuee,,Evacuee;253;in triage state;W;is at the FOL
8280,1338,filterLoc,,
8280,1339,evacuee,,Evacuee;191;in triage state;G;is at the FOL
8280,1341,filterLoc,,
8280,1342,evacuee,,Evacuee;314;in triage state;B;is at the evacuation site
8280,1344,filterLoc,,
8280,1345,evacuee,,Evacuee;249;in triage state;B;is at the evacuation site
8280,1347,filterLoc,,
8280,1348,evacuee,,Evacuee;193;in triage state;B;is at the evacuation site
8280,1350,filterLoc,,
8280,1351,evacuee,,Evacuee;195;in triage state;B;is at the evacuation site
8280,1353,filterLoc,,
8280,1354,evacuee,,Evacuee;399;in triage state;B;is at the evacuation site
8280,1356,filterLoc,,
8280,1357,evacuee,,Evacuee;197;in triage state;B;is at the evacuation site
8280,1359,filterLoc,,
8280,1360,evacuee,,Evacuee;450;in triage state;B;is at the evacuation site
8280,1362,filterLoc,,
8280,1363,evacuee,,Evacuee;252;in triage state;B;is at the evacuation site
8280,1365,filterLoc,,
8280,1366,evacuee,,Evacuee;329;in triage state;B;is at the evacuation site
8280,1368,filterLoc,,
8280,1369,evacuee,,Evacuee;201;in triage state;B;is at the evacuation site
8280,1371,filterLoc,,
8280,1372,evacuee,,Evacuee;11;in triage state;B;is at the evacuation site
8280,1374,filterLoc,,
8280,1375,evacuee,,Evacuee;202;in triage state;B;is at the evacuation site
8280,1377,filterLoc,,
8280,1378,evacuee,,Evacuee;390;in triage state;B;is at the evacuation site
8280,1380,filterLoc,,
8280,1381,evacuee,,Evacuee;204;in triage state;B;is at the evacuation site
8280,1383,filterLoc,,
8280,1384,evacuee,,Evacuee;275;in triage state;B;is at the evacuation site
8280,1386,filterLoc,,
8280,1387,evacuee,,Evacuee;205;in triage state;G;is at the FOL
8280,1389,filterLoc,,
8280,1390,evacuee,,Evacuee;323;in triage state;G;is at the FOL
8280,1392,filterLoc,,
8280,1393,evacuee,,Evacuee;180;in triage state;G;is at the FOL
8280,1395,filterLoc,,
8280,1396,evacuee,,Evacuee;206;in triage state;G;is at the FOL
8280,1398,filterLoc,,
8280,1399,evacuee,,Evacuee;69;in triage state;B;is at the evacuation site
8280,1401,filterLoc,,
8280,1402,evacuee,,Evacuee;207;in triage state;B;is at the evacuation site
8280,1404,filterLoc,,
8280,1405,evacuee,,Evacuee;27;in triage state;B;is at the evacuation site
8280,1407,filterLoc,,
8280,1408,evacuee,,Evacuee;211;in triage state;B;is at the evacuation site
8280,1410,filterLoc,,
8280,1411,evacuee,,Evacuee;294;in triage state;B;is at the evacuation site
8280,1413,filterLoc,,
8280,1414,evacuee,,Evacuee;214;in triage state;B;is at the evacuation site
8280,1416,filterLoc,,
8280,1417,evacuee,,Evacuee;12;in triage state;B;is at the evacuation site
8280,1419,filterLoc,,
8280,1420,evacuee,,Evacuee;216;in triage state;B;is at the evacuation site
8280,1422,filterLoc,,
8280,1423,evacuee,,Evacuee;219;in triage state;B;is at the evacuation site
8280,1425,filterLoc,,
8280,1426,evacuee,,Evacuee;221;in triage state;B;is at the evacuation site
8280,1428,filterLoc,,
8280,1429,evacuee,,Evacuee;224;in triage state;B;is at the evacuation site
8280,1431,filterLoc,,
8280,1432,evacuee,,Evacuee;339;in triage state;B;is at the evacuation site
8280,1434,filterLoc,,
8280,1435,evacuee,,Evacuee;225;in triage state;B;is at the evacuation site
8280,1437,filterLoc,,
8280,1438,evacuee,,Evacuee;164;in triage state;B;is at the evacuation site
8280,1440,filterLoc,,
8280,1441,evacuee,,Evacuee;226;in triage state;B;is at the evacuation site
8280,1443,filterLoc,,
8280,1444,evacuee,,Evacuee;464;in triage state;B;is at the evacuation site
8280,1446,filterLoc,,
8280,1447,evacuee,,Evacuee;227;in triage state;G;is at the FOL
8280,1449,filterLoc,,
8280,1450,evacuee,,Evacuee;267;in triage state;G;is at the FOL
8280,1452,filterLoc,,
8280,1453,evacuee,,Evacuee;73;in triage state;G;is at the FOL
8280,1455,filterLoc,,
8280,1456,evacuee,,Evacuee;233;in triage state;W;is at the FOL
8280,1458,filterLoc,,
8280,1459,evacuee,,Evacuee;236;in triage state;W;is at the FOL
8280,1461,filterLoc,,
8280,1462,evacuee,,Evacuee;7;in triage state;G;is at the FOL
8280,1464,filterLoc,,
8280,1465,evacuee,,Evacuee;237;in triage state;B;is at the evacuation site
8280,1467,filterLoc,,
8280,1468,evacuee,,Evacuee;238;in triage state;B;is at the evacuation site
8280,1470,filterLoc,,
8280,1471,evacuee,,Evacuee;113;in triage state;B;is at the evacuation site
8280,1473,filterLoc,,
8280,1474,evacuee,,Evacuee;239;in triage state;B;is at the evacuation site
8280,1476,filterLoc,,
8280,1477,evacuee,,Evacuee;243;in triage state;B;is at the evacuation site
8280,1479,filterLoc,,
8280,1480,evacuee,,Evacuee;96;in triage state;B;is at the evacuation site
8280,1482,filterLoc,,
8280,1483,evacuee,,Evacuee;244;in triage state;B;is at the evacuation site
8280,1485,filterLoc,,
8280,1486,evacuee,,Evacuee;247;in triage state;B;is at the evacuation site
8280,1488,filterLoc,,
8280,1489,evacuee,,Evacuee;59;in triage state;B;is at the evacuation site
8280,1491,filterLoc,,
8280,1492,evacuee,,Evacuee;248;in triage state;B;is at the evacuation site
8280,1494,filterLoc,,
8280,1495,evacuee,,Evacuee;467;in triage state;B;is at the evacuation site
8280,1497,filterLoc,,
8280,1498,evacuee,,Evacuee;298;in triage state;B;is at the evacuation site
8280,1500,filterLoc,,
8280,1501,evacuee,,Evacuee;254;in triage state;B;is at the evacuation site
8280,1503,filterLoc,,
8280,1504,evacuee,,Evacuee;257;in triage state;B;is at the evacuation site
8280,1506,filterLoc,,
8280,1507,evacuee,,Evacuee;210;in triage state;B;is at the evacuation site
8280,1509,filterLoc,,
8280,1510,evacuee,,Evacuee;258;in triage state;W;is at the FOL
