time,model_id,model_name,port_name,data
0,2,coastGuardShip,,The ship will arrive in 96 hours.
0,3,evacueeManager,,OFF SHIP: White;0;Green;475;Yellow;20;Red;5;Black;0;ON SHIP: White;0;Green;0;Yellow;0;Red;0;Evacuees to Transfer;
0,4,helipadManager,,;No helos are at ES
0,5,helicopterQueue,,;No helos are waiting to land
0,7,filterLoc,,
0,8,evacuee,,Evacuee;501;in triage state;R;is at the evacuation site
0,10,filterLoc,,
0,11,evacuee,,Evacuee;500;in triage state;R;is at the evacuation site
0,13,filterLoc,,
0,14,evacuee,,Evacuee;494;in triage state;Y;is at the evacuation site
0,16,filterLoc,,
0,17,evacuee,,Evacuee;492;in triage state;Y;is at the evacuation site
0,19,filterLoc,,
0,20,evacuee,,Evacuee;489;in triage state;Y;is at the evacuation site
0,22,filterLoc,,
0,23,evacuee,,Evacuee;486;in triage state;Y;is at the evacuation site
0,25,filterLoc,,
0,26,evacuee,,Evacuee;484;in triage state;Y;is at the evacuation site
0,28,filterLoc,,
0,29,evacuee,,Evacuee;483;in triage state;Y;is at the evacuation site
0,31,filterLoc,,
0,32,evacuee,,Evacuee;482;in triage state;Y;is at the evacuation site
0,34,filterLoc,,
0,35,evacuee,,Evacuee;499;in triage state;R;is at the evacuation site
0,37,filterLoc,,
0,38,evacuee,,Evacuee;479;in triage state;Y;is at the evacuation site
0,40,filterLoc,,
0,41,evacuee,,Evacuee;478;in triage state;Y;is at the evacuation site
0,43,filterLoc,,
0,44,evacuee,,Evacuee;476;in triage state;G;is at the evacuation site
0,46,filterLoc,,
0,47,evacuee,,Evacuee;475;in triage state;G;is at the evacuation site
0,49,filterLoc,,
0,50,evacuee,,Evacuee;472;in triage state;G;is at the evacuation site
0,52,filterLoc,,
0,53,evacuee,,Evacuee;471;in triage state;G;is at the evacuation site
0,55,filterLoc,,
0,56,evacuee,,Evacuee;468;in triage state;G;is at the evacuation site
0,58,filterLoc,,
0,59,evacuee,,Evacuee;463;in triage state;G;is at the evacuation site
0,61,filterLoc,,
0,62,evacuee,,Evacuee;462;in triage state;G;is at the evacuation site
0,64,filterLoc,,
0,65,evacuee,,Evacuee;461;in triage state;G;is at the evacuation site
0,67,filterLoc,,
0,68,evacuee,,Evacuee;459;in triage state;G;is at the evacuation site
0,70,filterLoc,,
0,71,evacuee,,Evacuee;495;in triage state;Y;is at the evacuation site
0,73,filterLoc,,
0,74,evacuee,,Evacuee;458;in triage state;G;is at the evacuation site
0,76,filterLoc,,
0,77,evacuee,,Evacuee;456;in triage state;G;is at the evacuation site
0,79,filterLoc,,
0,80,evacuee,,Evacuee;455;in triage state;G;is at the evacuation site
0,82,filterLoc,,
0,83,evacuee,,Evacuee;448;in triage state;G;is at the evacuation site
0,85,filterLoc,,
0,86,evacuee,,Evacuee;445;in triage state;G;is at the evacuation site
0,88,filterLoc,,
0,89,evacuee,,Evacuee;442;in triage state;G;is at the evacuation site
0,91,filterLoc,,
0,92,evacuee,,Evacuee;441;in triage state;G;is at the evacuation site
0,94,filterLoc,,
0,95,evacuee,,Evacuee;439;in triage state;G;is at the evacuation site
0,97,filterLoc,,
0,98,evacuee,,Evacuee;437;in triage state;G;is at the evacuation site
0,100,filterLoc,,
0,101,evacuee,,Evacuee;436;in triage state;G;is at the evacuation site
0,103,filterEvac,,
0,104,filterES,,
0,105,helicopter,,Helicopter;3;is unloading people at the FOL;;and has;0;spots taken
0,107,filterLoc,,
0,108,evacuee,,Evacuee;434;in triage state;G;is at the evacuation site
0,110,filterLoc,,
0,111,evacuee,,Evacuee;433;in triage state;G;is at the evacuation site
0,113,filterLoc,,
0,114,evacuee,,Evacuee;428;in triage state;G;is at the evacuation site
0,116,filterLoc,,
0,117,evacuee,,Evacuee;426;in triage state;G;is at the evacuation site
0,119,filterLoc,,
0,120,evacuee,,Evacuee;423;in triage state;G;is at the evacuation site
0,122,filterLoc,,
0,123,evacuee,,Evacuee;420;in triage state;G;is at the evacuation site
0,125,filterLoc,,
0,126,evacuee,,Evacuee;419;in triage state;G;is at the evacuation site
0,128,filterLoc,,
0,129,evacuee,,Evacuee;414;in triage state;G;is at the evacuation site
0,131,filterLoc,,
0,132,evacuee,,Evacuee;411;in triage state;G;is at the evacuation site
0,134,filterLoc,,
0,135,evacuee,,Evacuee;422;in triage state;G;is at the evacuation site
0,137,filterLoc,,
0,138,evacuee,,Evacuee;409;in triage state;G;is at the evacuation site
0,140,filterLoc,,
0,141,evacuee,,Evacuee;408;in triage state;G;is at the evacuation site
0,143,filterLoc,,
0,144,evacuee,,Evacuee;406;in triage state;G;is at the evacuation site
0,146,filterLoc,,
0,147,evacuee,,Evacuee;404;in triage state;G;is at the evacuation site
0,149,filterLoc,,
0,150,evacuee,,Evacuee;403;in triage state;G;is at the evacuation site
0,152,filterLoc,,
0,153,evacuee,,Evacuee;401;in triage state;G;is at the evacuation site
0,155,filterLoc,,
0,156,evacuee,,Evacuee;398;in triage state;G;is at the evacuation site
0,158,filterLoc,,
0,159,evacuee,,Evacuee;397;in triage state;G;is at the evacuation site
0,161,filterLoc,,
0,162,evacuee,,Evacuee;452;in triage state;G;is at the evacuation site
0,164,filterLoc,,
0,165,evacuee,,Evacuee;396;in triage state;G;is at the evacuation site
0,167,filterLoc,,
0,168,evacuee,,Evacuee;395;in triage state;G;is at the evacuation site
0,170,filterLoc,,
0,171,evacuee,,Evacuee;393;in triage state;G;is at the evacuation site
0,173,filterLoc,,
0,174,evacuee,,Evacuee;392;in triage state;G;is at the evacuation site
0,176,filterLoc,,
0,177,evacuee,,Evacuee;389;in triage state;G;is at the evacuation site
0,179,filterLoc,,
0,180,evacuee,,Evacuee;384;in triage state;G;is at the evacuation site
0,182,filterLoc,,
0,183,evacuee,,Evacuee;430;in triage state;G;is at the evacuation site
0,185,filterLoc,,
0,186,evacuee,,Evacuee;383;in triage state;G;is at the evacuation site
0,188,filterLoc,,
0,189,evacuee,,Evacuee;480;in triage state;Y;is at the evacuation site
0,191,filterLoc,,
0,192,evacuee,,Evacuee;382;in triage state;G;is at the evacuation site
0,194,filterLoc,,
0,195,evacuee,,Evacuee;381;in triage state;G;is at the evacuation site
0,197,filterLoc,,
0,198,evacuee,,Evacuee;427;in triage state;G;is at the evacuation site
0,200,filterLoc,,
0,201,evacuee,,Evacuee;380;in triage state;G;is at the evacuation site
0,203,filterLoc,,
0,204,evacuee,,Evacuee;379;in triage state;G;is at the evacuation site
0,206,filterLoc,,
0,207,evacuee,,Evacuee;378;in triage state;G;is at the evacuation site
0,209,filterLoc,,
0,210,evacuee,,Evacuee;377;in triage state;G;is at the evacuation site
0,212,filterLoc,,
0,213,evacuee,,Evacuee;375;in triage state;G;is at the evacuation site
0,215,filterLoc,,
0,216,evacuee,,Evacuee;374;in triage state;G;is at the evacuation site
0,218,filterLoc,,
0,219,evacuee,,Evacuee;372;in triage state;G;is at the evacuation site
0,221,filterLoc,,
0,222,evacuee,,Evacuee;371;in triage state;G;is at the evacuation site
0,223,FOL,,;Lives Saved;0
0,225,filterLoc,,
0,226,evacuee,,Evacuee;370;in triage state;G;is at the evacuation site
0,228,filterLoc,,
0,229,evacuee,,Evacuee;457;in triage state;G;is at the evacuation site
0,231,filterLoc,,
0,232,evacuee,,Evacuee;369;in triage state;G;is at the evacuation site
0,234,filterLoc,,
0,235,evacuee,,Evacuee;366;in triage state;G;is at the evacuation site
0,237,filterLoc,,
0,238,evacuee,,Evacuee;362;in triage state;G;is at the evacuation site
0,240,filterLoc,,
0,241,evacuee,,Evacuee;425;in triage state;G;is at the evacuation site
0,243,filterLoc,,
0,244,evacuee,,Evacuee;360;in triage state;G;is at the evacuation site
0,246,filterLoc,,
0,247,evacuee,,Evacuee;357;in triage state;G;is at the evacuation site
0,249,filterLoc,,
0,250,evacuee,,Evacuee;354;in triage state;G;is at the evacuation site
0,252,filterLoc,,
0,253,evacuee,,Evacuee;353;in triage state;G;is at the evacuation site
0,255,filterLoc,,
0,256,evacuee,,Evacuee;351;in triage state;G;is at the evacuation site
0,258,filterLoc,,
0,259,evacuee,,Evacuee;349;in triage state;G;is at the evacuation site
0,261,filterLoc,,
0,262,evacuee,,Evacuee;348;in triage state;G;is at the evacuation site
0,264,filterLoc,,
0,265,evacuee,,Evacuee;346;in triage state;G;is at the evacuation site
0,267,filterLoc,,
0,268,evacuee,,Evacuee;341;in triage state;G;is at the evacuation site
0,270,filterLoc,,
0,271,evacuee,,Evacuee;340;in triage state;G;is at the evacuation site
0,273,filterLoc,,
0,274,evacuee,,Evacuee;338;in triage state;G;is at the evacuation site
0,276,filterLoc,,
0,277,evacuee,,Evacuee;335;in triage state;G;is at the evacuation site
0,279,filterLoc,,
0,280,evacuee,,Evacuee;331;in triage state;G;is at the evacuation site
0,282,filterLoc,,
0,283,evacuee,,Evacuee;503;in triage state;R;is at the evacuation site
0,285,filterLoc,,
0,286,evacuee,,Evacuee;330;in triage state;G;is at the evacuation site
0,288,filterLoc,,
0,289,evacuee,,Evacuee;328;in triage state;G;is at the evacuation site
0,291,filterLoc,,
0,292,evacuee,,Evacuee;327;in triage state;G;is at the evacuation site
0,294,filterLoc,,
0,295,evacuee,,Evacuee;410;in triage state;G;is at the evacuation site
0,297,filterLoc,,
0,298,evacuee,,Evacuee;326;in triage state;G;is at the evacuation site
0,300,filterLoc,,
0,301,evacuee,,Evacuee;466;in triage state;G;is at the evacuation site
0,303,filterLoc,,
0,304,evacuee,,Evacuee;325;in triage state;G;is at the evacuation site
0,306,filterLoc,,
0,307,evacuee,,Evacuee;365;in triage state;G;is at the evacuation site
0,309,filterLoc,,
0,310,evacuee,,Evacuee;322;in triage state;G;is at the evacuation site
0,312,filterLoc,,
0,313,evacuee,,Evacuee;321;in triage state;G;is at the evacuation site
0,315,filterLoc,,
0,316,evacuee,,Evacuee;319;in triage state;G;is at the evacuation site
0,318,filterLoc,,
0,319,evacuee,,Evacuee;318;in triage state;G;is at the evacuation site
0,321,filterLoc,,
0,322,evacuee,,Evacuee;317;in triage state;G;is at the evacuation site
0,324,filterLoc,,
0,325,evacuee,,Evacuee;460;in triage state;G;is at the evacuation site
0,327,filterLoc,,
0,328,evacuee,,Evacuee;316;in triage state;G;is at the evacuation site
0,330,filterLoc,,
0,331,evacuee,,Evacuee;446;in triage state;G;is at the evacuation site
0,333,filterLoc,,
0,334,evacuee,,Evacuee;313;in triage state;G;is at the evacuation site
0,336,filterLoc,,
0,337,evacuee,,Evacuee;443;in triage state;G;is at the evacuation site
0,339,filterLoc,,
0,340,evacuee,,Evacuee;312;in triage state;G;is at the evacuation site
0,342,filterLoc,,
0,343,evacuee,,Evacuee;309;in triage state;G;is at the evacuation site
0,345,filterLoc,,
0,346,evacuee,,Evacuee;306;in triage state;G;is at the evacuation site
0,348,filterLoc,,
0,349,evacuee,,Evacuee;305;in triage state;G;is at the evacuation site
0,351,filterLoc,,
0,352,evacuee,,Evacuee;303;in triage state;G;is at the evacuation site
0,354,filterLoc,,
0,355,evacuee,,Evacuee;295;in triage state;G;is at the evacuation site
0,357,filterLoc,,
0,358,evacuee,,Evacuee;352;in triage state;G;is at the evacuation site
0,360,filterLoc,,
0,361,evacuee,,Evacuee;293;in triage state;G;is at the evacuation site
0,363,filterLoc,,
0,364,evacuee,,Evacuee;488;in triage state;Y;is at the evacuation site
0,366,filterLoc,,
0,367,evacuee,,Evacuee;413;in triage state;G;is at the evacuation site
0,369,filterLoc,,
0,370,evacuee,,Evacuee;292;in triage state;G;is at the evacuation site
0,372,filterLoc,,
0,373,evacuee,,Evacuee;291;in triage state;G;is at the evacuation site
0,375,filterLoc,,
0,376,evacuee,,Evacuee;290;in triage state;G;is at the evacuation site
0,378,filterLoc,,
0,379,evacuee,,Evacuee;350;in triage state;G;is at the evacuation site
0,381,filterLoc,,
0,382,evacuee,,Evacuee;288;in triage state;G;is at the evacuation site
0,384,filterLoc,,
0,385,evacuee,,Evacuee;287;in triage state;G;is at the evacuation site
0,387,filterLoc,,
0,388,evacuee,,Evacuee;415;in triage state;G;is at the evacuation site
0,390,filterLoc,,
0,391,evacuee,,Evacuee;376;in triage state;G;is at the evacuation site
0,393,filterLoc,,
0,394,evacuee,,Evacuee;284;in triage state;G;is at the evacuation site
0,396,filterLoc,,
0,397,evacuee,,Evacuee;283;in triage state;G;is at the evacuation site
0,399,filterLoc,,
0,400,evacuee,,Evacuee;282;in triage state;G;is at the evacuation site
0,402,filterLoc,,
0,403,evacuee,,Evacuee;281;in triage state;G;is at the evacuation site
0,405,filterLoc,,
0,406,evacuee,,Evacuee;280;in triage state;G;is at the evacuation site
0,408,filterLoc,,
0,409,evacuee,,Evacuee;333;in triage state;G;is at the evacuation site
0,411,filterLoc,,
0,412,evacuee,,Evacuee;279;in triage state;G;is at the evacuation site
0,414,filterLoc,,
0,415,evacuee,,Evacuee;278;in triage state;G;is at the evacuation site
0,417,filterLoc,,
0,418,evacuee,,Evacuee;277;in triage state;G;is at the evacuation site
0,420,filterLoc,,
0,421,evacuee,,Evacuee;315;in triage state;G;is at the evacuation site
0,423,filterLoc,,
0,424,evacuee,,Evacuee;274;in triage state;G;is at the evacuation site
0,426,filterLoc,,
0,427,evacuee,,Evacuee;273;in triage state;G;is at the evacuation site
0,429,filterLoc,,
0,430,evacuee,,Evacuee;337;in triage state;G;is at the evacuation site
0,432,filterLoc,,
0,433,evacuee,,Evacuee;301;in triage state;G;is at the evacuation site
0,435,filterLoc,,
0,436,evacuee,,Evacuee;272;in triage state;G;is at the evacuation site
0,438,filterLoc,,
0,439,evacuee,,Evacuee;270;in triage state;G;is at the evacuation site
0,441,filterLoc,,
0,442,evacuee,,Evacuee;264;in triage state;G;is at the evacuation site
0,444,filterLoc,,
0,445,evacuee,,Evacuee;262;in triage state;G;is at the evacuation site
0,447,filterLoc,,
0,448,evacuee,,Evacuee;260;in triage state;G;is at the evacuation site
0,450,filterLoc,,
0,451,evacuee,,Evacuee;259;in triage state;G;is at the evacuation site
0,453,filterLoc,,
0,454,evacuee,,Evacuee;125;in triage state;G;is at the evacuation site
0,456,filterLoc,,
0,457,evacuee,,Evacuee;114;in triage state;G;is at the evacuation site
0,459,filterLoc,,
0,460,evacuee,,Evacuee;289;in triage state;G;is at the evacuation site
0,462,filterLoc,,
0,463,evacuee,,Evacuee;88;in triage state;G;is at the evacuation site
0,465,filterLoc,,
0,466,evacuee,,Evacuee;449;in triage state;G;is at the evacuation site
0,468,filterLoc,,
0,469,evacuee,,Evacuee;122;in triage state;G;is at the evacuation site
0,471,filterLoc,,
0,472,evacuee,,Evacuee;108;in triage state;G;is at the evacuation site
0,474,filterLoc,,
0,475,evacuee,,Evacuee;276;in triage state;G;is at the evacuation site
0,477,filterLoc,,
0,478,evacuee,,Evacuee;121;in triage state;G;is at the evacuation site
0,480,filterLoc,,
0,481,evacuee,,Evacuee;386;in triage state;G;is at the evacuation site
0,483,filterLoc,,
0,484,evacuee,,Evacuee;117;in triage state;G;is at the evacuation site
0,486,filterLoc,,
0,487,evacuee,,Evacuee;192;in triage state;G;is at the evacuation site
0,489,filterLoc,,
0,490,evacuee,,Evacuee;432;in triage state;G;is at the evacuation site
0,492,filterLoc,,
0,493,evacuee,,Evacuee;245;in triage state;G;is at the evacuation site
0,495,filterLoc,,
0,496,evacuee,,Evacuee;310;in triage state;G;is at the evacuation site
0,498,filterLoc,,
0,499,evacuee,,Evacuee;118;in triage state;G;is at the evacuation site
0,501,filterLoc,,
0,502,evacuee,,Evacuee;502;in triage state;R;is at the evacuation site
0,504,filterLoc,,
0,505,evacuee,,Evacuee;491;in triage state;Y;is at the evacuation site
0,507,filterLoc,,
0,508,evacuee,,Evacuee;470;in triage state;G;is at the evacuation site
0,510,filterLoc,,
0,511,evacuee,,Evacuee;469;in triage state;G;is at the evacuation site
0,513,filterLoc,,
0,514,evacuee,,Evacuee;215;in triage state;G;is at the evacuation site
0,516,filterLoc,,
0,517,evacuee,,Evacuee;345;in triage state;G;is at the evacuation site
0,519,filterLoc,,
0,520,evacuee,,Evacuee;302;in triage state;G;is at the evacuation site
0,522,filterLoc,,
0,523,evacuee,,Evacuee;112;in triage state;G;is at the evacuation site
0,525,filterLoc,,
0,526,evacuee,,Evacuee;299;in triage state;G;is at the evacuation site
0,528,filterLoc,,
0,529,evacuee,,Evacuee;109;in triage state;G;is at the evacuation site
0,531,filterLoc,,
0,532,evacuee,,Evacuee;373;in triage state;G;is at the evacuation site
0,534,filterLoc,,
0,535,evacuee,,Evacuee;358;in triage state;G;is at the evacuation site
0,537,filterLoc,,
0,538,evacuee,,Evacuee;188;in triage state;G;is at the evacuation site
0,540,filterLoc,,
0,541,evacuee,,Evacuee;106;in triage state;G;is at the evacuation site
0,543,filterLoc,,
0,544,evacuee,,Evacuee;311;in triage state;G;is at the evacuation site
0,546,filterLoc,,
0,547,evacuee,,Evacuee;148;in triage state;G;is at the evacuation site
0,549,filterLoc,,
0,550,evacuee,,Evacuee;235;in triage state;G;is at the evacuation site
0,552,filterLoc,,
0,553,evacuee,,Evacuee;105;in triage state;G;is at the evacuation site
0,555,filterLoc,,
0,556,evacuee,,Evacuee;424;in triage state;G;is at the evacuation site
0,558,filterLoc,,
0,559,evacuee,,Evacuee;269;in triage state;G;is at the evacuation site
0,561,filterLoc,,
0,562,evacuee,,Evacuee;103;in triage state;G;is at the evacuation site
0,564,filterLoc,,
0,565,evacuee,,Evacuee;124;in triage state;G;is at the evacuation site
0,567,filterLoc,,
0,568,evacuee,,Evacuee;111;in triage state;G;is at the evacuation site
0,570,filterLoc,,
0,571,evacuee,,Evacuee;39;in triage state;G;is at the evacuation site
0,573,filterLoc,,
0,574,evacuee,,Evacuee;228;in triage state;G;is at the evacuation site
0,576,filterLoc,,
0,577,evacuee,,Evacuee;497;in triage state;Y;is at the evacuation site
0,579,filterLoc,,
0,580,evacuee,,Evacuee;101;in triage state;G;is at the evacuation site
0,582,filterLoc,,
0,583,evacuee,,Evacuee;142;in triage state;G;is at the evacuation site
0,585,filterLoc,,
0,586,evacuee,,Evacuee;99;in triage state;G;is at the evacuation site
0,588,filterLoc,,
0,589,evacuee,,Evacuee;485;in triage state;Y;is at the evacuation site
0,591,filterLoc,,
0,592,evacuee,,Evacuee;324;in triage state;G;is at the evacuation site
0,594,filterLoc,,
0,595,evacuee,,Evacuee;95;in triage state;G;is at the evacuation site
0,597,filterLoc,,
0,598,evacuee,,Evacuee;447;in triage state;G;is at the evacuation site
0,600,filterLoc,,
0,601,evacuee,,Evacuee;361;in triage state;G;is at the evacuation site
0,603,filterLoc,,
0,604,evacuee,,Evacuee;342;in triage state;G;is at the evacuation site
0,606,filterLoc,,
0,607,evacuee,,Evacuee;93;in triage state;G;is at the evacuation site
0,609,filterLoc,,
0,610,evacuee,,Evacuee;136;in triage state;G;is at the evacuation site
0,612,filterLoc,,
0,613,evacuee,,Evacuee;412;in triage state;G;is at the evacuation site
0,615,filterLoc,,
0,616,evacuee,,Evacuee;90;in triage state;G;is at the evacuation site
0,618,filterLoc,,
0,619,evacuee,,Evacuee;83;in triage state;G;is at the evacuation site
0,621,filterLoc,,
0,622,evacuee,,Evacuee;127;in triage state;G;is at the evacuation site
0,624,filterLoc,,
0,625,evacuee,,Evacuee;49;in triage state;G;is at the evacuation site
0,627,filterLoc,,
0,628,evacuee,,Evacuee;87;in triage state;G;is at the evacuation site
0,630,filterLoc,,
0,631,evacuee,,Evacuee;297;in triage state;G;is at the evacuation site
0,633,filterLoc,,
0,634,evacuee,,Evacuee;86;in triage state;G;is at the evacuation site
0,636,filterLoc,,
0,637,evacuee,,Evacuee;51;in triage state;G;is at the evacuation site
0,639,filterLoc,,
0,640,evacuee,,Evacuee;444;in triage state;G;is at the evacuation site
0,642,filterLoc,,
0,643,evacuee,,Evacuee;80;in triage state;G;is at the evacuation site
0,645,filterLoc,,
0,646,evacuee,,Evacuee;79;in triage state;G;is at the evacuation site
0,648,filterLoc,,
0,649,evacuee,,Evacuee;115;in triage state;G;is at the evacuation site
0,651,filterLoc,,
0,652,evacuee,,Evacuee;98;in triage state;G;is at the evacuation site
0,654,filterLoc,,
0,655,evacuee,,Evacuee;356;in triage state;G;is at the evacuation site
0,657,filterLoc,,
0,658,evacuee,,Evacuee;78;in triage state;G;is at the evacuation site
0,660,filterLoc,,
0,661,evacuee,,Evacuee;213;in triage state;G;is at the evacuation site
0,663,filterLoc,,
0,664,evacuee,,Evacuee;344;in triage state;G;is at the evacuation site
0,666,filterLoc,,
0,667,evacuee,,Evacuee;77;in triage state;G;is at the evacuation site
0,669,filterLoc,,
0,670,evacuee,,Evacuee;156;in triage state;G;is at the evacuation site
0,672,filterLoc,,
0,673,evacuee,,Evacuee;300;in triage state;G;is at the evacuation site
0,675,filterLoc,,
0,676,evacuee,,Evacuee;165;in triage state;G;is at the evacuation site
0,678,filterLoc,,
0,679,evacuee,,Evacuee;454;in triage state;G;is at the evacuation site
0,681,filterLoc,,
0,682,evacuee,,Evacuee;440;in triage state;G;is at the evacuation site
0,684,filterLoc,,
0,685,evacuee,,Evacuee;76;in triage state;G;is at the evacuation site
0,687,filterLoc,,
0,688,evacuee,,Evacuee;431;in triage state;G;is at the evacuation site
0,690,filterLoc,,
0,691,evacuee,,Evacuee;74;in triage state;G;is at the evacuation site
0,693,filterLoc,,
0,694,evacuee,,Evacuee;363;in triage state;G;is at the evacuation site
0,696,filterLoc,,
0,697,evacuee,,Evacuee;251;in triage state;G;is at the evacuation site
0,699,filterLoc,,
0,700,evacuee,,Evacuee;128;in triage state;G;is at the evacuation site
0,702,filterLoc,,
0,703,evacuee,,Evacuee;134;in triage state;G;is at the evacuation site
0,705,filterLoc,,
0,706,evacuee,,Evacuee;199;in triage state;G;is at the evacuation site
0,708,filterLoc,,
0,709,evacuee,,Evacuee;66;in triage state;G;is at the evacuation site
0,711,filterLoc,,
0,712,evacuee,,Evacuee;62;in triage state;G;is at the evacuation site
0,714,filterLoc,,
0,715,evacuee,,Evacuee;223;in triage state;G;is at the evacuation site
0,717,filterLoc,,
0,718,evacuee,,Evacuee;135;in triage state;G;is at the evacuation site
0,720,filterLoc,,
0,721,evacuee,,Evacuee;15;in triage state;G;is at the evacuation site
0,723,filterLoc,,
0,724,evacuee,,Evacuee;474;in triage state;G;is at the evacuation site
0,726,filterLoc,,
0,727,evacuee,,Evacuee;17;in triage state;G;is at the evacuation site
0,729,filterLoc,,
0,730,evacuee,,Evacuee;481;in triage state;Y;is at the evacuation site
0,732,filterLoc,,
0,733,evacuee,,Evacuee;179;in triage state;G;is at the evacuation site
0,735,filterLoc,,
0,736,evacuee,,Evacuee;147;in triage state;G;is at the evacuation site
0,738,filterLoc,,
0,739,evacuee,,Evacuee;65;in triage state;G;is at the evacuation site
0,741,filterLoc,,
0,742,evacuee,,Evacuee;14;in triage state;G;is at the evacuation site
0,744,filterLoc,,
0,745,evacuee,,Evacuee;218;in triage state;G;is at the evacuation site
0,747,filterLoc,,
0,748,evacuee,,Evacuee;2;in triage state;G;is at the evacuation site
0,750,filterLoc,,
0,751,evacuee,,Evacuee;33;in triage state;G;is at the evacuation site
0,753,filterLoc,,
0,754,evacuee,,Evacuee;271;in triage state;G;is at the evacuation site
0,756,filterLoc,,
0,757,evacuee,,Evacuee;9;in triage state;G;is at the evacuation site
0,759,filterLoc,,
0,760,evacuee,,Evacuee;25;in triage state;G;is at the evacuation site
0,762,filterLoc,,
0,763,evacuee,,Evacuee;334;in triage state;G;is at the evacuation site
0,765,filterLoc,,
0,766,evacuee,,Evacuee;70;in triage state;G;is at the evacuation site
0,768,filterLoc,,
0,769,evacuee,,Evacuee;5;in triage state;G;is at the evacuation site
0,771,filterLoc,,
0,772,evacuee,,Evacuee;250;in triage state;G;is at the evacuation site
0,774,filterLoc,,
0,775,evacuee,,Evacuee;107;in triage state;G;is at the evacuation site
0,777,filterLoc,,
0,778,evacuee,,Evacuee;229;in triage state;G;is at the evacuation site
0,780,filterLoc,,
0,781,evacuee,,Evacuee;110;in triage state;G;is at the evacuation site
0,783,filterLoc,,
0,784,evacuee,,Evacuee;141;in triage state;G;is at the evacuation site
0,786,filterLoc,,
0,787,evacuee,,Evacuee;133;in triage state;G;is at the evacuation site
0,789,filterLoc,,
0,790,evacuee,,Evacuee;493;in triage state;Y;is at the evacuation site
0,792,filterLoc,,
0,793,evacuee,,Evacuee;473;in triage state;G;is at the evacuation site
0,795,filterLoc,,
0,796,evacuee,,Evacuee;400;in triage state;G;is at the evacuation site
0,798,filterLoc,,
0,799,evacuee,,Evacuee;268;in triage state;G;is at the evacuation site
0,801,filterLoc,,
0,802,evacuee,,Evacuee;100;in triage state;G;is at the evacuation site
0,804,filterLoc,,
0,805,evacuee,,Evacuee;29;in triage state;G;is at the evacuation site
0,807,filterLoc,,
0,808,evacuee,,Evacuee;158;in triage state;G;is at the evacuation site
0,810,filterLoc,,
0,811,evacuee,,Evacuee;187;in triage state;G;is at the evacuation site
0,813,filterLoc,,
0,814,evacuee,,Evacuee;85;in triage state;G;is at the evacuation site
0,816,filterLoc,,
0,817,evacuee,,Evacuee;487;in triage state;Y;is at the evacuation site
0,819,filterLoc,,
0,820,evacuee,,Evacuee;71;in triage state;G;is at the evacuation site
0,822,filterLoc,,
0,823,evacuee,,Evacuee;332;in triage state;G;is at the evacuation site
0,825,filterLoc,,
0,826,evacuee,,Evacuee;81;in triage state;G;is at the evacuation site
0,828,filterLoc,,
0,829,evacuee,,Evacuee;104;in triage state;G;is at the evacuation site
0,831,filterLoc,,
0,832,evacuee,,Evacuee;40;in triage state;G;is at the evacuation site
0,834,filterLoc,,
0,835,evacuee,,Evacuee;97;in triage state;G;is at the evacuation site
0,837,filterLoc,,
0,838,evacuee,,Evacuee;453;in triage state;G;is at the evacuation site
0,840,filterLoc,,
0,841,evacuee,,Evacuee;285;in triage state;G;is at the evacuation site
0,843,filterLoc,,
0,844,evacuee,,Evacuee;89;in triage state;G;is at the evacuation site
0,846,filterLoc,,
0,847,evacuee,,Evacuee;394;in triage state;G;is at the evacuation site
0,849,filterLoc,,
0,850,evacuee,,Evacuee;240;in triage state;G;is at the evacuation site
0,852,filterLoc,,
0,853,evacuee,,Evacuee;8;in triage state;G;is at the evacuation site
0,855,filterLoc,,
0,856,evacuee,,Evacuee;3;in triage state;G;is at the evacuation site
0,858,filterLoc,,
0,859,evacuee,,Evacuee;172;in triage state;G;is at the evacuation site
0,861,filterLoc,,
0,862,evacuee,,Evacuee;256;in triage state;G;is at the evacuation site
0,864,filterLoc,,
0,865,evacuee,,Evacuee;347;in triage state;G;is at the evacuation site
0,867,filterLoc,,
0,868,evacuee,,Evacuee;82;in triage state;G;is at the evacuation site
0,870,filterLoc,,
0,871,evacuee,,Evacuee;54;in triage state;G;is at the evacuation site
0,873,filterLoc,,
0,874,evacuee,,Evacuee;368;in triage state;G;is at the evacuation site
0,876,filterLoc,,
0,877,evacuee,,Evacuee;4;in triage state;G;is at the evacuation site
0,879,filterLoc,,
0,880,evacuee,,Evacuee;18;in triage state;G;is at the evacuation site
0,882,filterLoc,,
0,883,evacuee,,Evacuee;387;in triage state;G;is at the evacuation site
0,885,filterLoc,,
0,886,evacuee,,Evacuee;246;in triage state;G;is at the evacuation site
0,888,filterLoc,,
0,889,evacuee,,Evacuee;22;in triage state;G;is at the evacuation site
0,891,filterLoc,,
0,892,evacuee,,Evacuee;92;in triage state;G;is at the evacuation site
0,894,filterLoc,,
0,895,evacuee,,Evacuee;44;in triage state;G;is at the evacuation site
0,897,filterLoc,,
0,898,evacuee,,Evacuee;150;in triage state;G;is at the evacuation site
0,900,filterLoc,,
0,901,evacuee,,Evacuee;119;in triage state;G;is at the evacuation site
0,903,filterLoc,,
0,904,evacuee,,Evacuee;6;in triage state;G;is at the evacuation site
0,906,filterLoc,,
0,907,evacuee,,Evacuee;173;in triage state;G;is at the evacuation site
0,909,filterLoc,,
0,910,evacuee,,Evacuee;157;in triage state;G;is at the evacuation site
0,912,filterLoc,,
0,913,evacuee,,Evacuee;451;in triage state;G;is at the evacuation site
0,915,filterLoc,,
0,916,evacuee,,Evacuee;359;in triage state;G;is at the evacuation site
0,918,filterLoc,,
0,919,evacuee,,Evacuee;286;in triage state;G;is at the evacuation site
0,921,filterLoc,,
0,922,evacuee,,Evacuee;196;in triage state;G;is at the evacuation site
0,924,filterLoc,,
0,925,evacuee,,Evacuee;407;in triage state;G;is at the evacuation site
0,927,filterLoc,,
0,928,evacuee,,Evacuee;132;in triage state;G;is at the evacuation site
0,930,filterLoc,,
0,931,evacuee,,Evacuee;31;in triage state;G;is at the evacuation site
0,933,filterLoc,,
0,934,evacuee,,Evacuee;38;in triage state;G;is at the evacuation site
0,936,filterLoc,,
0,937,evacuee,,Evacuee;10;in triage state;G;is at the evacuation site
0,939,filterLoc,,
0,940,evacuee,,Evacuee;26;in triage state;G;is at the evacuation site
0,942,filterLoc,,
0,943,evacuee,,Evacuee;343;in triage state;G;is at the evacuation site
0,945,filterLoc,,
0,946,evacuee,,Evacuee;241;in triage state;G;is at the evacuation site
0,948,filterLoc,,
0,949,evacuee,,Evacuee;418;in triage state;G;is at the evacuation site
0,951,filterLoc,,
0,952,evacuee,,Evacuee;75;in triage state;G;is at the evacuation site
0,954,filterLoc,,
0,955,evacuee,,Evacuee;37;in triage state;G;is at the evacuation site
0,957,filterLoc,,
0,958,evacuee,,Evacuee;496;in triage state;Y;is at the evacuation site
0,960,filterLoc,,
0,961,evacuee,,Evacuee;209;in triage state;G;is at the evacuation site
0,963,filterLoc,,
0,964,evacuee,,Evacuee;402;in triage state;G;is at the evacuation site
0,966,filterLoc,,
0,967,evacuee,,Evacuee;320;in triage state;G;is at the evacuation site
0,969,filterLoc,,
0,970,evacuee,,Evacuee;116;in triage state;G;is at the evacuation site
0,972,filterLoc,,
0,973,evacuee,,Evacuee;61;in triage state;G;is at the evacuation site
0,975,filterLoc,,
0,976,evacuee,,Evacuee;52;in triage state;G;is at the evacuation site
0,978,filterLoc,,
0,979,evacuee,,Evacuee;41;in triage state;G;is at the evacuation site
0,981,filterLoc,,
0,982,evacuee,,Evacuee;304;in triage state;G;is at the evacuation site
0,984,filterLoc,,
0,985,evacuee,,Evacuee;154;in triage state;G;is at the evacuation site
0,987,filterLoc,,
0,988,evacuee,,Evacuee;421;in triage state;G;is at the evacuation site
0,990,filterLoc,,
0,991,evacuee,,Evacuee;405;in triage state;G;is at the evacuation site
0,993,filterLoc,,
0,994,evacuee,,Evacuee;21;in triage state;G;is at the evacuation site
0,996,filterLoc,,
0,997,evacuee,,Evacuee;68;in triage state;G;is at the evacuation site
0,999,filterLoc,,
0,1000,evacuee,,Evacuee;72;in triage state;G;is at the evacuation site
0,1002,filterLoc,,
0,1003,evacuee,,Evacuee;46;in triage state;G;is at the evacuation site
0,1005,filterLoc,,
0,1006,evacuee,,Evacuee;53;in triage state;G;is at the evacuation site
0,1008,filterLoc,,
0,1009,evacuee,,Evacuee;220;in triage state;G;is at the evacuation site
0,1011,filterLoc,,
0,1012,evacuee,,Evacuee;355;in triage state;G;is at the evacuation site
0,1014,filterLoc,,
0,1015,evacuee,,Evacuee;23;in triage state;G;is at the evacuation site
0,1017,filterLoc,,
0,1018,evacuee,,Evacuee;200;in triage state;G;is at the evacuation site
0,1020,filterLoc,,
0,1021,evacuee,,Evacuee;255;in triage state;G;is at the evacuation site
0,1023,filterLoc,,
0,1024,evacuee,,Evacuee;13;in triage state;G;is at the evacuation site
0,1026,filterLoc,,
0,1027,evacuee,,Evacuee;24;in triage state;G;is at the evacuation site
0,1029,filterLoc,,
0,1030,evacuee,,Evacuee;32;in triage state;G;is at the evacuation site
0,1032,filterLoc,,
0,1033,evacuee,,Evacuee;34;in triage state;G;is at the evacuation site
0,1035,filterLoc,,
0,1036,evacuee,,Evacuee;64;in triage state;G;is at the evacuation site
0,1038,filterLoc,,
0,1039,evacuee,,Evacuee;429;in triage state;G;is at the evacuation site
0,1041,filterLoc,,
0,1042,evacuee,,Evacuee;102;in triage state;G;is at the evacuation site
0,1044,filterLoc,,
0,1045,evacuee,,Evacuee;160;in triage state;G;is at the evacuation site
0,1047,filterLoc,,
0,1048,evacuee,,Evacuee;20;in triage state;G;is at the evacuation site
0,1050,filterLoc,,
0,1051,evacuee,,Evacuee;35;in triage state;G;is at the evacuation site
0,1053,filterLoc,,
0,1054,evacuee,,Evacuee;155;in triage state;G;is at the evacuation site
0,1056,filterLoc,,
0,1057,evacuee,,Evacuee;36;in triage state;G;is at the evacuation site
0,1059,filterLoc,,
0,1060,evacuee,,Evacuee;198;in triage state;G;is at the evacuation site
0,1062,filterLoc,,
0,1063,evacuee,,Evacuee;84;in triage state;G;is at the evacuation site
0,1065,filterLoc,,
0,1066,evacuee,,Evacuee;42;in triage state;G;is at the evacuation site
0,1068,filterLoc,,
0,1069,evacuee,,Evacuee;91;in triage state;G;is at the evacuation site
0,1071,filterLoc,,
0,1072,evacuee,,Evacuee;43;in triage state;G;is at the evacuation site
0,1074,filterLoc,,
0,1075,evacuee,,Evacuee;30;in triage state;G;is at the evacuation site
0,1077,filterLoc,,
0,1078,evacuee,,Evacuee;336;in triage state;G;is at the evacuation site
0,1080,filterLoc,,
0,1081,evacuee,,Evacuee;307;in triage state;G;is at the evacuation site
0,1083,filterLoc,,
0,1084,evacuee,,Evacuee;212;in triage state;G;is at the evacuation site
0,1086,filterLoc,,
0,1087,evacuee,,Evacuee;391;in triage state;G;is at the evacuation site
0,1089,filterLoc,,
0,1090,evacuee,,Evacuee;388;in triage state;G;is at the evacuation site
0,1092,filterLoc,,
0,1093,evacuee,,Evacuee;55;in triage state;G;is at the evacuation site
0,1095,filterLoc,,
0,1096,evacuee,,Evacuee;48;in triage state;G;is at the evacuation site
0,1098,filterLoc,,
0,1099,evacuee,,Evacuee;144;in triage state;G;is at the evacuation site
0,1101,filterLoc,,
0,1102,evacuee,,Evacuee;50;in triage state;G;is at the evacuation site
0,1104,filterLoc,,
0,1105,evacuee,,Evacuee;19;in triage state;G;is at the evacuation site
0,1107,filterLoc,,
0,1108,evacuee,,Evacuee;182;in triage state;G;is at the evacuation site
0,1110,filterLoc,,
0,1111,evacuee,,Evacuee;490;in triage state;Y;is at the evacuation site
0,1113,filterLoc,,
0,1114,evacuee,,Evacuee;266;in triage state;G;is at the evacuation site
0,1116,filterLoc,,
0,1117,evacuee,,Evacuee;120;in triage state;G;is at the evacuation site
0,1119,filterEvac,,
0,1120,filterES,,
0,1121,helicopter,,Helicopter;2;is unloading people at the FOL;;and has;0;spots taken
0,1123,filterLoc,,
0,1124,evacuee,,Evacuee;94;in triage state;G;is at the evacuation site
0,1126,filterLoc,,
0,1127,evacuee,,Evacuee;63;in triage state;G;is at the evacuation site
0,1129,filterLoc,,
0,1130,evacuee,,Evacuee;175;in triage state;G;is at the evacuation site
0,1132,filterLoc,,
0,1133,evacuee,,Evacuee;47;in triage state;G;is at the evacuation site
0,1135,filterLoc,,
0,1136,evacuee,,Evacuee;56;in triage state;G;is at the evacuation site
0,1138,filterLoc,,
0,1139,evacuee,,Evacuee;367;in triage state;G;is at the evacuation site
0,1141,filterLoc,,
0,1142,evacuee,,Evacuee;364;in triage state;G;is at the evacuation site
0,1144,filterLoc,,
0,1145,evacuee,,Evacuee;208;in triage state;G;is at the evacuation site
0,1147,filterLoc,,
0,1148,evacuee,,Evacuee;57;in triage state;G;is at the evacuation site
0,1150,filterLoc,,
0,1151,evacuee,,Evacuee;231;in triage state;G;is at the evacuation site
0,1153,filterLoc,,
0,1154,evacuee,,Evacuee;261;in triage state;G;is at the evacuation site
0,1156,filterLoc,,
0,1157,evacuee,,Evacuee;45;in triage state;G;is at the evacuation site
0,1159,filterEvac,,
0,1160,filterES,,
0,1161,helicopter,,Helicopter;1;is unloading people at the FOL;;and has;0;spots taken
0,1163,filterLoc,,
0,1164,evacuee,,Evacuee;263;in triage state;G;is at the evacuation site
0,1166,filterLoc,,
0,1167,evacuee,,Evacuee;190;in triage state;G;is at the evacuation site
0,1169,filterLoc,,
0,1170,evacuee,,Evacuee;465;in triage state;G;is at the evacuation site
0,1172,filterLoc,,
0,1173,evacuee,,Evacuee;60;in triage state;G;is at the evacuation site
0,1175,filterLoc,,
0,1176,evacuee,,Evacuee;385;in triage state;G;is at the evacuation site
0,1178,filterLoc,,
0,1179,evacuee,,Evacuee;181;in triage state;G;is at the evacuation site
0,1181,filterLoc,,
0,1182,evacuee,,Evacuee;416;in triage state;G;is at the evacuation site
0,1184,filterLoc,,
0,1185,evacuee,,Evacuee;129;in triage state;G;is at the evacuation site
0,1187,filterLoc,,
0,1188,evacuee,,Evacuee;308;in triage state;G;is at the evacuation site
0,1190,filterLoc,,
0,1191,evacuee,,Evacuee;131;in triage state;G;is at the evacuation site
0,1193,filterLoc,,
0,1194,evacuee,,Evacuee;137;in triage state;G;is at the evacuation site
0,1196,filterLoc,,
0,1197,evacuee,,Evacuee;138;in triage state;G;is at the evacuation site
0,1199,filterLoc,,
0,1200,evacuee,,Evacuee;265;in triage state;G;is at the evacuation site
0,1202,filterLoc,,
0,1203,evacuee,,Evacuee;139;in triage state;G;is at the evacuation site
0,1205,filterLoc,,
0,1206,evacuee,,Evacuee;194;in triage state;G;is at the evacuation site
0,1208,filterLoc,,
0,1209,evacuee,,Evacuee;140;in triage state;G;is at the evacuation site
0,1211,filterLoc,,
0,1212,evacuee,,Evacuee;130;in triage state;G;is at the evacuation site
0,1214,filterLoc,,
0,1215,evacuee,,Evacuee;143;in triage state;G;is at the evacuation site
0,1217,filterLoc,,
0,1218,evacuee,,Evacuee;149;in triage state;G;is at the evacuation site
0,1220,filterLoc,,
0,1221,evacuee,,Evacuee;296;in triage state;G;is at the evacuation site
0,1223,filterLoc,,
0,1224,evacuee,,Evacuee;151;in triage state;G;is at the evacuation site
0,1226,filterLoc,,
0,1227,evacuee,,Evacuee;222;in triage state;G;is at the evacuation site
0,1229,filterLoc,,
0,1230,evacuee,,Evacuee;152;in triage state;G;is at the evacuation site
0,1232,filterLoc,,
0,1233,evacuee,,Evacuee;153;in triage state;G;is at the evacuation site
0,1235,filterLoc,,
0,1236,evacuee,,Evacuee;67;in triage state;G;is at the evacuation site
0,1238,filterLoc,,
0,1239,evacuee,,Evacuee;123;in triage state;G;is at the evacuation site
0,1241,filterLoc,,
0,1242,evacuee,,Evacuee;159;in triage state;G;is at the evacuation site
0,1244,filterLoc,,
0,1245,evacuee,,Evacuee;161;in triage state;G;is at the evacuation site
0,1247,filterLoc,,
0,1248,evacuee,,Evacuee;28;in triage state;G;is at the evacuation site
0,1250,filterLoc,,
0,1251,evacuee,,Evacuee;126;in triage state;G;is at the evacuation site
0,1253,filterLoc,,
0,1254,evacuee,,Evacuee;234;in triage state;G;is at the evacuation site
0,1256,filterLoc,,
0,1257,evacuee,,Evacuee;162;in triage state;G;is at the evacuation site
0,1259,filterLoc,,
0,1260,evacuee,,Evacuee;163;in triage state;G;is at the evacuation site
0,1262,filterLoc,,
0,1263,evacuee,,Evacuee;166;in triage state;G;is at the evacuation site
0,1265,filterLoc,,
0,1266,evacuee,,Evacuee;16;in triage state;G;is at the evacuation site
0,1268,filterLoc,,
0,1269,evacuee,,Evacuee;242;in triage state;G;is at the evacuation site
0,1271,filterLoc,,
0,1272,evacuee,,Evacuee;178;in triage state;G;is at the evacuation site
0,1274,filterLoc,,
0,1275,evacuee,,Evacuee;438;in triage state;G;is at the evacuation site
0,1277,filterLoc,,
0,1278,evacuee,,Evacuee;146;in triage state;G;is at the evacuation site
0,1280,filterLoc,,
0,1281,evacuee,,Evacuee;167;in triage state;G;is at the evacuation site
0,1283,filterLoc,,
0,1284,evacuee,,Evacuee;145;in triage state;G;is at the evacuation site
0,1286,filterLoc,,
0,1287,evacuee,,Evacuee;168;in triage state;G;is at the evacuation site
0,1289,filterLoc,,
0,1290,evacuee,,Evacuee;176;in triage state;G;is at the evacuation site
0,1292,filterLoc,,
0,1293,evacuee,,Evacuee;230;in triage state;G;is at the evacuation site
0,1295,filterLoc,,
0,1296,evacuee,,Evacuee;169;in triage state;G;is at the evacuation site
0,1298,filterLoc,,
0,1299,evacuee,,Evacuee;170;in triage state;G;is at the evacuation site
0,1301,filterLoc,,
0,1302,evacuee,,Evacuee;171;in triage state;G;is at the evacuation site
0,1304,filterLoc,,
0,1305,evacuee,,Evacuee;174;in triage state;G;is at the evacuation site
0,1307,filterLoc,,
0,1308,evacuee,,Evacuee;177;in triage state;G;is at the evacuation site
0,1310,filterLoc,,
0,1311,evacuee,,Evacuee;435;in triage state;G;is at the evacuation site
0,1313,filterLoc,,
0,1314,evacuee,,Evacuee;58;in triage state;G;is at the evacuation site
0,1316,filterLoc,,
0,1317,evacuee,,Evacuee;203;in triage state;G;is at the evacuation site
0,1319,filterLoc,,
0,1320,evacuee,,Evacuee;232;in triage state;G;is at the evacuation site
0,1322,filterLoc,,
0,1323,evacuee,,Evacuee;183;in triage state;G;is at the evacuation site
0,1325,filterLoc,,
0,1326,evacuee,,Evacuee;184;in triage state;G;is at the evacuation site
0,1328,filterLoc,,
0,1329,evacuee,,Evacuee;185;in triage state;G;is at the evacuation site
0,1331,filterLoc,,
0,1332,evacuee,,Evacuee;186;in triage state;G;is at the evacuation site
0,1334,filterLoc,,
0,1335,evacuee,,Evacuee;417;in triage state;G;is at the evacuation site
0,1337,filterLoc,,
0,1338,evacuee,,Evacuee;217;in triage state;G;is at the evacuation site
0,1340,filterLoc,,
0,1341,evacuee,,Evacuee;189;in triage state;G;is at the evacuation site
0,1343,filterLoc,,
0,1344,evacuee,,Evacuee;253;in triage state;G;is at the evacuation site
0,1346,filterLoc,,
0,1347,evacuee,,Evacuee;191;in triage state;G;is at the evacuation site
0,1349,filterLoc,,
0,1350,evacuee,,Evacuee;314;in triage state;G;is at the evacuation site
0,1352,filterLoc,,
0,1353,evacuee,,Evacuee;249;in triage state;G;is at the evacuation site
0,1355,filterLoc,,
0,1356,evacuee,,Evacuee;193;in triage state;G;is at the evacuation site
0,1358,filterLoc,,
0,1359,evacuee,,Evacuee;195;in triage state;G;is at the evacuation site
0,1361,filterLoc,,
0,1362,evacuee,,Evacuee;399;in triage state;G;is at the evacuation site
0,1364,filterLoc,,
0,1365,evacuee,,Evacuee;197;in triage state;G;is at the evacuation site
0,1367,filterLoc,,
0,1368,evacuee,,Evacuee;450;in triage state;G;is at the evacuation site
0,1370,filterLoc,,
0,1371,evacuee,,Evacuee;252;in triage state;G;is at the evacuation site
0,1373,filterLoc,,
0,1374,evacuee,,Evacuee;329;in triage state;G;is at the evacuation site
0,1376,filterLoc,,
0,1377,evacuee,,Evacuee;201;in triage state;G;is at the evacuation site
0,1379,filterLoc,,
0,1380,evacuee,,Evacuee;11;in triage state;G;is at the evacuation site
0,1382,filterLoc,,
0,1383,evacuee,,Evacuee;202;in triage state;G;is at the evacuation site
0,1385,filterLoc,,
0,1386,evacuee,,Evacuee;390;in triage state;G;is at the evacuation site
0,1388,filterLoc,,
0,1389,evacuee,,Evacuee;204;in triage state;G;is at the evacuation site
0,1391,filterLoc,,
0,1392,evacuee,,Evacuee;275;in triage state;G;is at the evacuation site
0,1394,filterLoc,,
0,1395,evacuee,,Evacuee;205;in triage state;G;is at the evacuation site
0,1397,filterLoc,,
0,1398,evacuee,,Evacuee;323;in triage state;G;is at the evacuation site
0,1400,filterLoc,,
0,1401,evacuee,,Evacuee;180;in triage state;G;is at the evacuation site
0,1403,filterLoc,,
0,1404,evacuee,,Evacuee;206;in triage state;G;is at the evacuation site
0,1406,filterLoc,,
0,1407,evacuee,,Evacuee;69;in triage state;G;is at the evacuation site
0,1409,filterLoc,,
0,1410,evacuee,,Evacuee;207;in triage state;G;is at the evacuation site
0,1412,filterLoc,,
0,1413,evacuee,,Evacuee;27;in triage state;G;is at the evacuation site
0,1415,filterLoc,,
0,1416,evacuee,,Evacuee;211;in triage state;G;is at the evacuation site
0,1418,filterLoc,,
0,1419,evacuee,,Evacuee;294;in triage state;G;is at the evacuation site
0,1421,filterLoc,,
0,1422,evacuee,,Evacuee;214;in triage state;G;is at the evacuation site
0,1424,filterLoc,,
0,1425,evacuee,,Evacuee;12;in triage state;G;is at the evacuation site
0,1427,filterLoc,,
0,1428,evacuee,,Evacuee;216;in triage state;G;is at the evacuation site
0,1430,filterLoc,,
0,1431,evacuee,,Evacuee;219;in triage state;G;is at the evacuation site
0,1433,filterLoc,,
0,1434,evacuee,,Evacuee;221;in triage state;G;is at the evacuation site
0,1436,filterLoc,,
0,1437,evacuee,,Evacuee;224;in triage state;G;is at the evacuation site
0,1439,filterLoc,,
0,1440,evacuee,,Evacuee;339;in triage state;G;is at the evacuation site
0,1442,filterLoc,,
0,1443,evacuee,,Evacuee;225;in triage state;G;is at the evacuation site
0,1445,filterLoc,,
0,1446,evacuee,,Evacuee;164;in triage state;G;is at the evacuation site
0,1448,filterLoc,,
0,1449,evacuee,,Evacuee;226;in triage state;G;is at the evacuation site
0,1451,filterLoc,,
0,1452,evacuee,,Evacuee;464;in triage state;G;is at the evacuation site
0,1454,filterLoc,,
0,1455,evacuee,,Evacuee;227;in triage state;G;is at the evacuation site
0,1457,filterLoc,,
0,1458,evacuee,,Evacuee;267;in triage state;G;is at the evacuation site
0,1460,filterLoc,,
0,1461,evacuee,,Evacuee;73;in triage state;G;is at the evacuation site
0,1463,filterLoc,,
0,1464,evacuee,,Evacuee;233;in triage state;G;is at the evacuation site
0,1466,filterLoc,,
0,1467,evacuee,,Evacuee;236;in triage state;G;is at the evacuation site
0,1469,filterLoc,,
0,1470,evacuee,,Evacuee;7;in triage state;G;is at the evacuation site
0,1472,filterLoc,,
0,1473,evacuee,,Evacuee;237;in triage state;G;is at the evacuation site
0,1475,filterLoc,,
0,1476,evacuee,,Evacuee;238;in triage state;G;is at the evacuation site
0,1478,filterLoc,,
0,1479,evacuee,,Evacuee;113;in triage state;G;is at the evacuation site
0,1481,filterLoc,,
0,1482,evacuee,,Evacuee;239;in triage state;G;is at the evacuation site
0,1484,filterLoc,,
0,1485,evacuee,,Evacuee;243;in triage state;G;is at the evacuation site
0,1487,filterLoc,,
0,1488,evacuee,,Evacuee;96;in triage state;G;is at the evacuation site
0,1490,filterLoc,,
0,1491,evacuee,,Evacuee;244;in triage state;G;is at the evacuation site
0,1493,filterLoc,,
0,1494,evacuee,,Evacuee;247;in triage state;G;is at the evacuation site
0,1496,filterLoc,,
0,1497,evacuee,,Evacuee;59;in triage state;G;is at the evacuation site
0,1499,filterLoc,,
0,1500,evacuee,,Evacuee;248;in triage state;G;is at the evacuation site
0,1502,filterLoc,,
0,1503,evacuee,,Evacuee;467;in triage state;G;is at the evacuation site
0,1505,filterLoc,,
0,1506,evacuee,,Evacuee;298;in triage state;G;is at the evacuation site
0,1508,filterLoc,,
0,1509,evacuee,,Evacuee;254;in triage state;G;is at the evacuation site
0,1511,filterLoc,,
0,1512,evacuee,,Evacuee;257;in triage state;G;is at the evacuation site
0,1514,filterLoc,,
0,1515,evacuee,,Evacuee;210;in triage state;G;is at the evacuation site
0,1517,filterLoc,,
0,1518,evacuee,,Evacuee;258;in triage state;G;is at the evacuation site
0,4,helipadManager,outHQ,0
0,4,helipadManager,,;No helos are at ES
0,5,helicopterQueue,,;No helos are waiting to land
0,8,evacuee,,Evacuee;501;in triage state;R;is at the evacuation site
0,11,evacuee,,Evacuee;500;in triage state;R;is at the evacuation site
0,14,evacuee,,Evacuee;494;in triage state;Y;is at the evacuation site
0,17,evacuee,,Evacuee;492;in triage state;Y;is at the evacuation site
0,20,evacuee,,Evacuee;489;in triage state;Y;is at the evacuation site
0,23,evacuee,,Evacuee;486;in triage state;Y;is at the evacuation site
0,26,evacuee,,Evacuee;484;in triage state;Y;is at the evacuation site
0,29,evacuee,,Evacuee;483;in triage state;Y;is at the evacuation site
0,32,evacuee,,Evacuee;482;in triage state;Y;is at the evacuation site
0,35,evacuee,,Evacuee;499;in triage state;R;is at the evacuation site
0,38,evacuee,,Evacuee;479;in triage state;Y;is at the evacuation site
0,41,evacuee,,Evacuee;478;in triage state;Y;is at the evacuation site
0,44,evacuee,,Evacuee;476;in triage state;G;is at the evacuation site
0,47,evacuee,,Evacuee;475;in triage state;G;is at the evacuation site
0,50,evacuee,,Evacuee;472;in triage state;G;is at the evacuation site
0,53,evacuee,,Evacuee;471;in triage state;G;is at the evacuation site
0,56,evacuee,,Evacuee;468;in triage state;G;is at the evacuation site
0,59,evacuee,,Evacuee;463;in triage state;G;is at the evacuation site
0,62,evacuee,,Evacuee;462;in triage state;G;is at the evacuation site
0,65,evacuee,,Evacuee;461;in triage state;G;is at the evacuation site
0,68,evacuee,,Evacuee;459;in triage state;G;is at the evacuation site
0,71,evacuee,,Evacuee;495;in triage state;Y;is at the evacuation site
0,74,evacuee,,Evacuee;458;in triage state;G;is at the evacuation site
0,77,evacuee,,Evacuee;456;in triage state;G;is at the evacuation site
0,80,evacuee,,Evacuee;455;in triage state;G;is at the evacuation site
0,83,evacuee,,Evacuee;448;in triage state;G;is at the evacuation site
0,86,evacuee,,Evacuee;445;in triage state;G;is at the evacuation site
0,89,evacuee,,Evacuee;442;in triage state;G;is at the evacuation site
0,92,evacuee,,Evacuee;441;in triage state;G;is at the evacuation site
0,95,evacuee,,Evacuee;439;in triage state;G;is at the evacuation site
0,98,evacuee,,Evacuee;437;in triage state;G;is at the evacuation site
0,101,evacuee,,Evacuee;436;in triage state;G;is at the evacuation site
0,108,evacuee,,Evacuee;434;in triage state;G;is at the evacuation site
0,111,evacuee,,Evacuee;433;in triage state;G;is at the evacuation site
0,114,evacuee,,Evacuee;428;in triage state;G;is at the evacuation site
0,117,evacuee,,Evacuee;426;in triage state;G;is at the evacuation site
0,120,evacuee,,Evacuee;423;in triage state;G;is at the evacuation site
0,123,evacuee,,Evacuee;420;in triage state;G;is at the evacuation site
0,126,evacuee,,Evacuee;419;in triage state;G;is at the evacuation site
0,129,evacuee,,Evacuee;414;in triage state;G;is at the evacuation site
0,132,evacuee,,Evacuee;411;in triage state;G;is at the evacuation site
0,135,evacuee,,Evacuee;422;in triage state;G;is at the evacuation site
0,138,evacuee,,Evacuee;409;in triage state;G;is at the evacuation site
0,141,evacuee,,Evacuee;408;in triage state;G;is at the evacuation site
0,144,evacuee,,Evacuee;406;in triage state;G;is at the evacuation site
0,147,evacuee,,Evacuee;404;in triage state;G;is at the evacuation site
0,150,evacuee,,Evacuee;403;in triage state;G;is at the evacuation site
0,153,evacuee,,Evacuee;401;in triage state;G;is at the evacuation site
0,156,evacuee,,Evacuee;398;in triage state;G;is at the evacuation site
0,159,evacuee,,Evacuee;397;in triage state;G;is at the evacuation site
0,162,evacuee,,Evacuee;452;in triage state;G;is at the evacuation site
0,165,evacuee,,Evacuee;396;in triage state;G;is at the evacuation site
0,168,evacuee,,Evacuee;395;in triage state;G;is at the evacuation site
0,171,evacuee,,Evacuee;393;in triage state;G;is at the evacuation site
0,174,evacuee,,Evacuee;392;in triage state;G;is at the evacuation site
0,177,evacuee,,Evacuee;389;in triage state;G;is at the evacuation site
0,180,evacuee,,Evacuee;384;in triage state;G;is at the evacuation site
0,183,evacuee,,Evacuee;430;in triage state;G;is at the evacuation site
0,186,evacuee,,Evacuee;383;in triage state;G;is at the evacuation site
0,189,evacuee,,Evacuee;480;in triage state;Y;is at the evacuation site
0,192,evacuee,,Evacuee;382;in triage state;G;is at the evacuation site
0,195,evacuee,,Evacuee;381;in triage state;G;is at the evacuation site
0,198,evacuee,,Evacuee;427;in triage state;G;is at the evacuation site
0,201,evacuee,,Evacuee;380;in triage state;G;is at the evacuation site
0,204,evacuee,,Evacuee;379;in triage state;G;is at the evacuation site
0,207,evacuee,,Evacuee;378;in triage state;G;is at the evacuation site
0,210,evacuee,,Evacuee;377;in triage state;G;is at the evacuation site
0,213,evacuee,,Evacuee;375;in triage state;G;is at the evacuation site
0,216,evacuee,,Evacuee;374;in triage state;G;is at the evacuation site
0,219,evacuee,,Evacuee;372;in triage state;G;is at the evacuation site
0,222,evacuee,,Evacuee;371;in triage state;G;is at the evacuation site
0,226,evacuee,,Evacuee;370;in triage state;G;is at the evacuation site
0,229,evacuee,,Evacuee;457;in triage state;G;is at the evacuation site
0,232,evacuee,,Evacuee;369;in triage state;G;is at the evacuation site
0,235,evacuee,,Evacuee;366;in triage state;G;is at the evacuation site
0,238,evacuee,,Evacuee;362;in triage state;G;is at the evacuation site
0,241,evacuee,,Evacuee;425;in triage state;G;is at the evacuation site
0,244,evacuee,,Evacuee;360;in triage state;G;is at the evacuation site
0,247,evacuee,,Evacuee;357;in triage state;G;is at the evacuation site
0,250,evacuee,,Evacuee;354;in triage state;G;is at the evacuation site
0,253,evacuee,,Evacuee;353;in triage state;G;is at the evacuation site
0,256,evacuee,,Evacuee;351;in triage state;G;is at the evacuation site
0,259,evacuee,,Evacuee;349;in triage state;G;is at the evacuation site
0,262,evacuee,,Evacuee;348;in triage state;G;is at the evacuation site
0,265,evacuee,,Evacuee;346;in triage state;G;is at the evacuation site
0,268,evacuee,,Evacuee;341;in triage state;G;is at the evacuation site
0,271,evacuee,,Evacuee;340;in triage state;G;is at the evacuation site
0,274,evacuee,,Evacuee;338;in triage state;G;is at the evacuation site
0,277,evacuee,,Evacuee;335;in triage state;G;is at the evacuation site
0,280,evacuee,,Evacuee;331;in triage state;G;is at the evacuation site
0,283,evacuee,,Evacuee;503;in triage state;R;is at the evacuation site
0,286,evacuee,,Evacuee;330;in triage state;G;is at the evacuation site
0,289,evacuee,,Evacuee;328;in triage state;G;is at the evacuation site
0,292,evacuee,,Evacuee;327;in triage state;G;is at the evacuation site
0,295,evacuee,,Evacuee;410;in triage state;G;is at the evacuation site
0,298,evacuee,,Evacuee;326;in triage state;G;is at the evacuation site
0,301,evacuee,,Evacuee;466;in triage state;G;is at the evacuation site
0,304,evacuee,,Evacuee;325;in triage state;G;is at the evacuation site
0,307,evacuee,,Evacuee;365;in triage state;G;is at the evacuation site
0,310,evacuee,,Evacuee;322;in triage state;G;is at the evacuation site
0,313,evacuee,,Evacuee;321;in triage state;G;is at the evacuation site
0,316,evacuee,,Evacuee;319;in triage state;G;is at the evacuation site
0,319,evacuee,,Evacuee;318;in triage state;G;is at the evacuation site
0,322,evacuee,,Evacuee;317;in triage state;G;is at the evacuation site
0,325,evacuee,,Evacuee;460;in triage state;G;is at the evacuation site
0,328,evacuee,,Evacuee;316;in triage state;G;is at the evacuation site
0,331,evacuee,,Evacuee;446;in triage state;G;is at the evacuation site
0,334,evacuee,,Evacuee;313;in triage state;G;is at the evacuation site
0,337,evacuee,,Evacuee;443;in triage state;G;is at the evacuation site
0,340,evacuee,,Evacuee;312;in triage state;G;is at the evacuation site
0,343,evacuee,,Evacuee;309;in triage state;G;is at the evacuation site
0,346,evacuee,,Evacuee;306;in triage state;G;is at the evacuation site
0,349,evacuee,,Evacuee;305;in triage state;G;is at the evacuation site
0,352,evacuee,,Evacuee;303;in triage state;G;is at the evacuation site
0,355,evacuee,,Evacuee;295;in triage state;G;is at the evacuation site
0,358,evacuee,,Evacuee;352;in triage state;G;is at the evacuation site
0,361,evacuee,,Evacuee;293;in triage state;G;is at the evacuation site
0,364,evacuee,,Evacuee;488;in triage state;Y;is at the evacuation site
0,367,evacuee,,Evacuee;413;in triage state;G;is at the evacuation site
0,370,evacuee,,Evacuee;292;in triage state;G;is at the evacuation site
0,373,evacuee,,Evacuee;291;in triage state;G;is at the evacuation site
0,376,evacuee,,Evacuee;290;in triage state;G;is at the evacuation site
0,379,evacuee,,Evacuee;350;in triage state;G;is at the evacuation site
0,382,evacuee,,Evacuee;288;in triage state;G;is at the evacuation site
0,385,evacuee,,Evacuee;287;in triage state;G;is at the evacuation site
0,388,evacuee,,Evacuee;415;in triage state;G;is at the evacuation site
0,391,evacuee,,Evacuee;376;in triage state;G;is at the evacuation site
0,394,evacuee,,Evacuee;284;in triage state;G;is at the evacuation site
0,397,evacuee,,Evacuee;283;in triage state;G;is at the evacuation site
0,400,evacuee,,Evacuee;282;in triage state;G;is at the evacuation site
0,403,evacuee,,Evacuee;281;in triage state;G;is at the evacuation site
0,406,evacuee,,Evacuee;280;in triage state;G;is at the evacuation site
0,409,evacuee,,Evacuee;333;in triage state;G;is at the evacuation site
0,412,evacuee,,Evacuee;279;in triage state;G;is at the evacuation site
0,415,evacuee,,Evacuee;278;in triage state;G;is at the evacuation site
0,418,evacuee,,Evacuee;277;in triage state;G;is at the evacuation site
0,421,evacuee,,Evacuee;315;in triage state;G;is at the evacuation site
0,424,evacuee,,Evacuee;274;in triage state;G;is at the evacuation site
0,427,evacuee,,Evacuee;273;in triage state;G;is at the evacuation site
0,430,evacuee,,Evacuee;337;in triage state;G;is at the evacuation site
0,433,evacuee,,Evacuee;301;in triage state;G;is at the evacuation site
0,436,evacuee,,Evacuee;272;in triage state;G;is at the evacuation site
0,439,evacuee,,Evacuee;270;in triage state;G;is at the evacuation site
0,442,evacuee,,Evacuee;264;in triage state;G;is at the evacuation site
0,445,evacuee,,Evacuee;262;in triage state;G;is at the evacuation site
0,448,evacuee,,Evacuee;260;in triage state;G;is at the evacuation site
0,451,evacuee,,Evacuee;259;in triage state;G;is at the evacuation site
0,454,evacuee,,Evacuee;125;in triage state;G;is at the evacuation site
0,457,evacuee,,Evacuee;114;in triage state;G;is at the evacuation site
0,460,evacuee,,Evacuee;289;in triage state;G;is at the evacuation site
0,463,evacuee,,Evacuee;88;in triage state;G;is at the evacuation site
0,466,evacuee,,Evacuee;449;in triage state;G;is at the evacuation site
0,469,evacuee,,Evacuee;122;in triage state;G;is at the evacuation site
0,472,evacuee,,Evacuee;108;in triage state;G;is at the evacuation site
0,475,evacuee,,Evacuee;276;in triage state;G;is at the evacuation site
0,478,evacuee,,Evacuee;121;in triage state;G;is at the evacuation site
0,481,evacuee,,Evacuee;386;in triage state;G;is at the evacuation site
0,484,evacuee,,Evacuee;117;in triage state;G;is at the evacuation site
0,487,evacuee,,Evacuee;192;in triage state;G;is at the evacuation site
0,490,evacuee,,Evacuee;432;in triage state;G;is at the evacuation site
0,493,evacuee,,Evacuee;245;in triage state;G;is at the evacuation site
0,496,evacuee,,Evacuee;310;in triage state;G;is at the evacuation site
0,499,evacuee,,Evacuee;118;in triage state;G;is at the evacuation site
0,502,evacuee,,Evacuee;502;in triage state;R;is at the evacuation site
0,505,evacuee,,Evacuee;491;in triage state;Y;is at the evacuation site
0,508,evacuee,,Evacuee;470;in triage state;G;is at the evacuation site
0,511,evacuee,,Evacuee;469;in triage state;G;is at the evacuation site
0,514,evacuee,,Evacuee;215;in triage state;G;is at the evacuation site
0,517,evacuee,,Evacuee;345;in triage state;G;is at the evacuation site
0,520,evacuee,,Evacuee;302;in triage state;G;is at the evacuation site
0,523,evacuee,,Evacuee;112;in triage state;G;is at the evacuation site
0,526,evacuee,,Evacuee;299;in triage state;G;is at the evacuation site
0,529,evacuee,,Evacuee;109;in triage state;G;is at the evacuation site
0,532,evacuee,,Evacuee;373;in triage state;G;is at the evacuation site
0,535,evacuee,,Evacuee;358;in triage state;G;is at the evacuation site
0,538,evacuee,,Evacuee;188;in triage state;G;is at the evacuation site
0,541,evacuee,,Evacuee;106;in triage state;G;is at the evacuation site
0,544,evacuee,,Evacuee;311;in triage state;G;is at the evacuation site
0,547,evacuee,,Evacuee;148;in triage state;G;is at the evacuation site
0,550,evacuee,,Evacuee;235;in triage state;G;is at the evacuation site
0,553,evacuee,,Evacuee;105;in triage state;G;is at the evacuation site
0,556,evacuee,,Evacuee;424;in triage state;G;is at the evacuation site
0,559,evacuee,,Evacuee;269;in triage state;G;is at the evacuation site
0,562,evacuee,,Evacuee;103;in triage state;G;is at the evacuation site
0,565,evacuee,,Evacuee;124;in triage state;G;is at the evacuation site
0,568,evacuee,,Evacuee;111;in triage state;G;is at the evacuation site
0,571,evacuee,,Evacuee;39;in triage state;G;is at the evacuation site
0,574,evacuee,,Evacuee;228;in triage state;G;is at the evacuation site
0,577,evacuee,,Evacuee;497;in triage state;Y;is at the evacuation site
0,580,evacuee,,Evacuee;101;in triage state;G;is at the evacuation site
0,583,evacuee,,Evacuee;142;in triage state;G;is at the evacuation site
0,586,evacuee,,Evacuee;99;in triage state;G;is at the evacuation site
0,589,evacuee,,Evacuee;485;in triage state;Y;is at the evacuation site
0,592,evacuee,,Evacuee;324;in triage state;G;is at the evacuation site
0,595,evacuee,,Evacuee;95;in triage state;G;is at the evacuation site
0,598,evacuee,,Evacuee;447;in triage state;G;is at the evacuation site
0,601,evacuee,,Evacuee;361;in triage state;G;is at the evacuation site
0,604,evacuee,,Evacuee;342;in triage state;G;is at the evacuation site
0,607,evacuee,,Evacuee;93;in triage state;G;is at the evacuation site
0,610,evacuee,,Evacuee;136;in triage state;G;is at the evacuation site
0,613,evacuee,,Evacuee;412;in triage state;G;is at the evacuation site
0,616,evacuee,,Evacuee;90;in triage state;G;is at the evacuation site
0,619,evacuee,,Evacuee;83;in triage state;G;is at the evacuation site
0,622,evacuee,,Evacuee;127;in triage state;G;is at the evacuation site
0,625,evacuee,,Evacuee;49;in triage state;G;is at the evacuation site
0,628,evacuee,,Evacuee;87;in triage state;G;is at the evacuation site
0,631,evacuee,,Evacuee;297;in triage state;G;is at the evacuation site
0,634,evacuee,,Evacuee;86;in triage state;G;is at the evacuation site
0,637,evacuee,,Evacuee;51;in triage state;G;is at the evacuation site
0,640,evacuee,,Evacuee;444;in triage state;G;is at the evacuation site
0,643,evacuee,,Evacuee;80;in triage state;G;is at the evacuation site
0,646,evacuee,,Evacuee;79;in triage state;G;is at the evacuation site
0,649,evacuee,,Evacuee;115;in triage state;G;is at the evacuation site
0,652,evacuee,,Evacuee;98;in triage state;G;is at the evacuation site
0,655,evacuee,,Evacuee;356;in triage state;G;is at the evacuation site
0,658,evacuee,,Evacuee;78;in triage state;G;is at the evacuation site
0,661,evacuee,,Evacuee;213;in triage state;G;is at the evacuation site
0,664,evacuee,,Evacuee;344;in triage state;G;is at the evacuation site
0,667,evacuee,,Evacuee;77;in triage state;G;is at the evacuation site
0,670,evacuee,,Evacuee;156;in triage state;G;is at the evacuation site
0,673,evacuee,,Evacuee;300;in triage state;G;is at the evacuation site
0,676,evacuee,,Evacuee;165;in triage state;G;is at the evacuation site
0,679,evacuee,,Evacuee;454;in triage state;G;is at the evacuation site
0,682,evacuee,,Evacuee;440;in triage state;G;is at the evacuation site
0,685,evacuee,,Evacuee;76;in triage state;G;is at the evacuation site
0,688,evacuee,,Evacuee;431;in triage state;G;is at the evacuation site
0,691,evacuee,,Evacuee;74;in triage state;G;is at the evacuation site
0,694,evacuee,,Evacuee;363;in triage state;G;is at the evacuation site
0,697,evacuee,,Evacuee;251;in triage state;G;is at the evacuation site
0,700,evacuee,,Evacuee;128;in triage state;G;is at the evacuation site
0,703,evacuee,,Evacuee;134;in triage state;G;is at the evacuation site
0,706,evacuee,,Evacuee;199;in triage state;G;is at the evacuation site
0,709,evacuee,,Evacuee;66;in triage state;G;is at the evacuation site
0,712,evacuee,,Evacuee;62;in triage state;G;is at the evacuation site
0,715,evacuee,,Evacuee;223;in triage state;G;is at the evacuation site
0,718,evacuee,,Evacuee;135;in triage state;G;is at the evacuation site
0,721,evacuee,,Evacuee;15;in triage state;G;is at the evacuation site
0,724,evacuee,,Evacuee;474;in triage state;G;is at the evacuation site
0,727,evacuee,,Evacuee;17;in triage state;G;is at the evacuation site
0,730,evacuee,,Evacuee;481;in triage state;Y;is at the evacuation site
0,733,evacuee,,Evacuee;179;in triage state;G;is at the evacuation site
0,736,evacuee,,Evacuee;147;in triage state;G;is at the evacuation site
0,739,evacuee,,Evacuee;65;in triage state;G;is at the evacuation site
0,742,evacuee,,Evacuee;14;in triage state;G;is at the evacuation site
0,745,evacuee,,Evacuee;218;in triage state;G;is at the evacuation site
0,748,evacuee,,Evacuee;2;in triage state;G;is at the evacuation site
0,751,evacuee,,Evacuee;33;in triage state;G;is at the evacuation site
0,754,evacuee,,Evacuee;271;in triage state;G;is at the evacuation site
0,757,evacuee,,Evacuee;9;in triage state;G;is at the evacuation site
0,760,evacuee,,Evacuee;25;in triage state;G;is at the evacuation site
0,763,evacuee,,Evacuee;334;in triage state;G;is at the evacuation site
0,766,evacuee,,Evacuee;70;in triage state;G;is at the evacuation site
0,769,evacuee,,Evacuee;5;in triage state;G;is at the evacuation site
0,772,evacuee,,Evacuee;250;in triage state;G;is at the evacuation site
0,775,evacuee,,Evacuee;107;in triage state;G;is at the evacuation site
0,778,evacuee,,Evacuee;229;in triage state;G;is at the evacuation site
0,781,evacuee,,Evacuee;110;in triage state;G;is at the evacuation site
0,784,evacuee,,Evacuee;141;in triage state;G;is at the evacuation site
0,787,evacuee,,Evacuee;133;in triage state;G;is at the evacuation site
0,790,evacuee,,Evacuee;493;in triage state;Y;is at the evacuation site
0,793,evacuee,,Evacuee;473;in triage state;G;is at the evacuation site
0,796,evacuee,,Evacuee;400;in triage state;G;is at the evacuation site
0,799,evacuee,,Evacuee;268;in triage state;G;is at the evacuation site
0,802,evacuee,,Evacuee;100;in triage state;G;is at the evacuation site
0,805,evacuee,,Evacuee;29;in triage state;G;is at the evacuation site
0,808,evacuee,,Evacuee;158;in triage state;G;is at the evacuation site
0,811,evacuee,,Evacuee;187;in triage state;G;is at the evacuation site
0,814,evacuee,,Evacuee;85;in triage state;G;is at the evacuation site
0,817,evacuee,,Evacuee;487;in triage state;Y;is at the evacuation site
0,820,evacuee,,Evacuee;71;in triage state;G;is at the evacuation site
0,823,evacuee,,Evacuee;332;in triage state;G;is at the evacuation site
0,826,evacuee,,Evacuee;81;in triage state;G;is at the evacuation site
0,829,evacuee,,Evacuee;104;in triage state;G;is at the evacuation site
0,832,evacuee,,Evacuee;40;in triage state;G;is at the evacuation site
0,835,evacuee,,Evacuee;97;in triage state;G;is at the evacuation site
0,838,evacuee,,Evacuee;453;in triage state;G;is at the evacuation site
0,841,evacuee,,Evacuee;285;in triage state;G;is at the evacuation site
0,844,evacuee,,Evacuee;89;in triage state;G;is at the evacuation site
0,847,evacuee,,Evacuee;394;in triage state;G;is at the evacuation site
0,850,evacuee,,Evacuee;240;in triage state;G;is at the evacuation site
0,853,evacuee,,Evacuee;8;in triage state;G;is at the evacuation site
0,856,evacuee,,Evacuee;3;in triage state;G;is at the evacuation site
0,859,evacuee,,Evacuee;172;in triage state;G;is at the evacuation site
0,862,evacuee,,Evacuee;256;in triage state;G;is at the evacuation site
0,865,evacuee,,Evacuee;347;in triage state;G;is at the evacuation site
0,868,evacuee,,Evacuee;82;in triage state;G;is at the evacuation site
0,871,evacuee,,Evacuee;54;in triage state;G;is at the evacuation site
0,874,evacuee,,Evacuee;368;in triage state;G;is at the evacuation site
0,877,evacuee,,Evacuee;4;in triage state;G;is at the evacuation site
0,880,evacuee,,Evacuee;18;in triage state;G;is at the evacuation site
0,883,evacuee,,Evacuee;387;in triage state;G;is at the evacuation site
0,886,evacuee,,Evacuee;246;in triage state;G;is at the evacuation site
0,889,evacuee,,Evacuee;22;in triage state;G;is at the evacuation site
0,892,evacuee,,Evacuee;92;in triage state;G;is at the evacuation site
0,895,evacuee,,Evacuee;44;in triage state;G;is at the evacuation site
0,898,evacuee,,Evacuee;150;in triage state;G;is at the evacuation site
0,901,evacuee,,Evacuee;119;in triage state;G;is at the evacuation site
0,904,evacuee,,Evacuee;6;in triage state;G;is at the evacuation site
0,907,evacuee,,Evacuee;173;in triage state;G;is at the evacuation site
0,910,evacuee,,Evacuee;157;in triage state;G;is at the evacuation site
0,913,evacuee,,Evacuee;451;in triage state;G;is at the evacuation site
0,916,evacuee,,Evacuee;359;in triage state;G;is at the evacuation site
0,919,evacuee,,Evacuee;286;in triage state;G;is at the evacuation site
0,922,evacuee,,Evacuee;196;in triage state;G;is at the evacuation site
0,925,evacuee,,Evacuee;407;in triage state;G;is at the evacuation site
0,928,evacuee,,Evacuee;132;in triage state;G;is at the evacuation site
0,931,evacuee,,Evacuee;31;in triage state;G;is at the evacuation site
0,934,evacuee,,Evacuee;38;in triage state;G;is at the evacuation site
0,937,evacuee,,Evacuee;10;in triage state;G;is at the evacuation site
0,940,evacuee,,Evacuee;26;in triage state;G;is at the evacuation site
0,943,evacuee,,Evacuee;343;in triage state;G;is at the evacuation site
0,946,evacuee,,Evacuee;241;in triage state;G;is at the evacuation site
0,949,evacuee,,Evacuee;418;in triage state;G;is at the evacuation site
0,952,evacuee,,Evacuee;75;in triage state;G;is at the evacuation site
0,955,evacuee,,Evacuee;37;in triage state;G;is at the evacuation site
0,958,evacuee,,Evacuee;496;in triage state;Y;is at the evacuation site
0,961,evacuee,,Evacuee;209;in triage state;G;is at the evacuation site
0,964,evacuee,,Evacuee;402;in triage state;G;is at the evacuation site
0,967,evacuee,,Evacuee;320;in triage state;G;is at the evacuation site
0,970,evacuee,,Evacuee;116;in triage state;G;is at the evacuation site
0,973,evacuee,,Evacuee;61;in triage state;G;is at the evacuation site
0,976,evacuee,,Evacuee;52;in triage state;G;is at the evacuation site
0,979,evacuee,,Evacuee;41;in triage state;G;is at the evacuation site
0,982,evacuee,,Evacuee;304;in triage state;G;is at the evacuation site
0,985,evacuee,,Evacuee;154;in triage state;G;is at the evacuation site
0,988,evacuee,,Evacuee;421;in triage state;G;is at the evacuation site
0,991,evacuee,,Evacuee;405;in triage state;G;is at the evacuation site
0,994,evacuee,,Evacuee;21;in triage state;G;is at the evacuation site
0,997,evacuee,,Evacuee;68;in triage state;G;is at the evacuation site
0,1000,evacuee,,Evacuee;72;in triage state;G;is at the evacuation site
0,1003,evacuee,,Evacuee;46;in triage state;G;is at the evacuation site
0,1006,evacuee,,Evacuee;53;in triage state;G;is at the evacuation site
0,1009,evacuee,,Evacuee;220;in triage state;G;is at the evacuation site
0,1012,evacuee,,Evacuee;355;in triage state;G;is at the evacuation site
0,1015,evacuee,,Evacuee;23;in triage state;G;is at the evacuation site
0,1018,evacuee,,Evacuee;200;in triage state;G;is at the evacuation site
0,1021,evacuee,,Evacuee;255;in triage state;G;is at the evacuation site
0,1024,evacuee,,Evacuee;13;in triage state;G;is at the evacuation site
0,1027,evacuee,,Evacuee;24;in triage state;G;is at the evacuation site
0,1030,evacuee,,Evacuee;32;in triage state;G;is at the evacuation site
0,1033,evacuee,,Evacuee;34;in triage state;G;is at the evacuation site
0,1036,evacuee,,Evacuee;64;in triage state;G;is at the evacuation site
0,1039,evacuee,,Evacuee;429;in triage state;G;is at the evacuation site
0,1042,evacuee,,Evacuee;102;in triage state;G;is at the evacuation site
0,1045,evacuee,,Evacuee;160;in triage state;G;is at the evacuation site
0,1048,evacuee,,Evacuee;20;in triage state;G;is at the evacuation site
0,1051,evacuee,,Evacuee;35;in triage state;G;is at the evacuation site
0,1054,evacuee,,Evacuee;155;in triage state;G;is at the evacuation site
0,1057,evacuee,,Evacuee;36;in triage state;G;is at the evacuation site
0,1060,evacuee,,Evacuee;198;in triage state;G;is at the evacuation site
0,1063,evacuee,,Evacuee;84;in triage state;G;is at the evacuation site
0,1066,evacuee,,Evacuee;42;in triage state;G;is at the evacuation site
0,1069,evacuee,,Evacuee;91;in triage state;G;is at the evacuation site
0,1072,evacuee,,Evacuee;43;in triage state;G;is at the evacuation site
0,1075,evacuee,,Evacuee;30;in triage state;G;is at the evacuation site
0,1078,evacuee,,Evacuee;336;in triage state;G;is at the evacuation site
0,1081,evacuee,,Evacuee;307;in triage state;G;is at the evacuation site
0,1084,evacuee,,Evacuee;212;in triage state;G;is at the evacuation site
0,1087,evacuee,,Evacuee;391;in triage state;G;is at the evacuation site
0,1090,evacuee,,Evacuee;388;in triage state;G;is at the evacuation site
0,1093,evacuee,,Evacuee;55;in triage state;G;is at the evacuation site
0,1096,evacuee,,Evacuee;48;in triage state;G;is at the evacuation site
0,1099,evacuee,,Evacuee;144;in triage state;G;is at the evacuation site
0,1102,evacuee,,Evacuee;50;in triage state;G;is at the evacuation site
0,1105,evacuee,,Evacuee;19;in triage state;G;is at the evacuation site
0,1108,evacuee,,Evacuee;182;in triage state;G;is at the evacuation site
0,1111,evacuee,,Evacuee;490;in triage state;Y;is at the evacuation site
0,1114,evacuee,,Evacuee;266;in triage state;G;is at the evacuation site
0,1117,evacuee,,Evacuee;120;in triage state;G;is at the evacuation site
0,1124,evacuee,,Evacuee;94;in triage state;G;is at the evacuation site
0,1127,evacuee,,Evacuee;63;in triage state;G;is at the evacuation site
0,1130,evacuee,,Evacuee;175;in triage state;G;is at the evacuation site
0,1133,evacuee,,Evacuee;47;in triage state;G;is at the evacuation site
0,1136,evacuee,,Evacuee;56;in triage state;G;is at the evacuation site
0,1139,evacuee,,Evacuee;367;in triage state;G;is at the evacuation site
0,1142,evacuee,,Evacuee;364;in triage state;G;is at the evacuation site
0,1145,evacuee,,Evacuee;208;in triage state;G;is at the evacuation site
0,1148,evacuee,,Evacuee;57;in triage state;G;is at the evacuation site
0,1151,evacuee,,Evacuee;231;in triage state;G;is at the evacuation site
0,1154,evacuee,,Evacuee;261;in triage state;G;is at the evacuation site
0,1157,evacuee,,Evacuee;45;in triage state;G;is at the evacuation site
0,1164,evacuee,,Evacuee;263;in triage state;G;is at the evacuation site
0,1167,evacuee,,Evacuee;190;in triage state;G;is at the evacuation site
0,1170,evacuee,,Evacuee;465;in triage state;G;is at the evacuation site
0,1173,evacuee,,Evacuee;60;in triage state;G;is at the evacuation site
0,1176,evacuee,,Evacuee;385;in triage state;G;is at the evacuation site
0,1179,evacuee,,Evacuee;181;in triage state;G;is at the evacuation site
0,1182,evacuee,,Evacuee;416;in triage state;G;is at the evacuation site
0,1185,evacuee,,Evacuee;129;in triage state;G;is at the evacuation site
0,1188,evacuee,,Evacuee;308;in triage state;G;is at the evacuation site
0,1191,evacuee,,Evacuee;131;in triage state;G;is at the evacuation site
0,1194,evacuee,,Evacuee;137;in triage state;G;is at the evacuation site
0,1197,evacuee,,Evacuee;138;in triage state;G;is at the evacuation site
0,1200,evacuee,,Evacuee;265;in triage state;G;is at the evacuation site
0,1203,evacuee,,Evacuee;139;in triage state;G;is at the evacuation site
0,1206,evacuee,,Evacuee;194;in triage state;G;is at the evacuation site
0,1209,evacuee,,Evacuee;140;in triage state;G;is at the evacuation site
0,1212,evacuee,,Evacuee;130;in triage state;G;is at the evacuation site
0,1215,evacuee,,Evacuee;143;in triage state;G;is at the evacuation site
0,1218,evacuee,,Evacuee;149;in triage state;G;is at the evacuation site
0,1221,evacuee,,Evacuee;296;in triage state;G;is at the evacuation site
0,1224,evacuee,,Evacuee;151;in triage state;G;is at the evacuation site
0,1227,evacuee,,Evacuee;222;in triage state;G;is at the evacuation site
0,1230,evacuee,,Evacuee;152;in triage state;G;is at the evacuation site
0,1233,evacuee,,Evacuee;153;in triage state;G;is at the evacuation site
0,1236,evacuee,,Evacuee;67;in triage state;G;is at the evacuation site
0,1239,evacuee,,Evacuee;123;in triage state;G;is at the evacuation site
0,1242,evacuee,,Evacuee;159;in triage state;G;is at the evacuation site
0,1245,evacuee,,Evacuee;161;in triage state;G;is at the evacuation site
0,1248,evacuee,,Evacuee;28;in triage state;G;is at the evacuation site
0,1251,evacuee,,Evacuee;126;in triage state;G;is at the evacuation site
0,1254,evacuee,,Evacuee;234;in triage state;G;is at the evacuation site
0,1257,evacuee,,Evacuee;162;in triage state;G;is at the evacuation site
0,1260,evacuee,,Evacuee;163;in triage state;G;is at the evacuation site
0,1263,evacuee,,Evacuee;166;in triage state;G;is at the evacuation site
0,1266,evacuee,,Evacuee;16;in triage state;G;is at the evacuation site
0,1269,evacuee,,Evacuee;242;in triage state;G;is at the evacuation site
0,1272,evacuee,,Evacuee;178;in triage state;G;is at the evacuation site
0,1275,evacuee,,Evacuee;438;in triage state;G;is at the evacuation site
0,1278,evacuee,,Evacuee;146;in triage state;G;is at the evacuation site
0,1281,evacuee,,Evacuee;167;in triage state;G;is at the evacuation site
0,1284,evacuee,,Evacuee;145;in triage state;G;is at the evacuation site
0,1287,evacuee,,Evacuee;168;in triage state;G;is at the evacuation site
0,1290,evacuee,,Evacuee;176;in triage state;G;is at the evacuation site
0,1293,evacuee,,Evacuee;230;in triage state;G;is at the evacuation site
0,1296,evacuee,,Evacuee;169;in triage state;G;is at the evacuation site
0,1299,evacuee,,Evacuee;170;in triage state;G;is at the evacuation site
0,1302,evacuee,,Evacuee;171;in triage state;G;is at the evacuation site
0,1305,evacuee,,Evacuee;174;in triage state;G;is at the evacuation site
0,1308,evacuee,,Evacuee;177;in triage state;G;is at the evacuation site
0,1311,evacuee,,Evacuee;435;in triage state;G;is at the evacuation site
0,1314,evacuee,,Evacuee;58;in triage state;G;is at the evacuation site
0,1317,evacuee,,Evacuee;203;in triage state;G;is at the evacuation site
0,1320,evacuee,,Evacuee;232;in triage state;G;is at the evacuation site
0,1323,evacuee,,Evacuee;183;in triage state;G;is at the evacuation site
0,1326,evacuee,,Evacuee;184;in triage state;G;is at the evacuation site
0,1329,evacuee,,Evacuee;185;in triage state;G;is at the evacuation site
0,1332,evacuee,,Evacuee;186;in triage state;G;is at the evacuation site
0,1335,evacuee,,Evacuee;417;in triage state;G;is at the evacuation site
0,1338,evacuee,,Evacuee;217;in triage state;G;is at the evacuation site
0,1341,evacuee,,Evacuee;189;in triage state;G;is at the evacuation site
0,1344,evacuee,,Evacuee;253;in triage state;G;is at the evacuation site
0,1347,evacuee,,Evacuee;191;in triage state;G;is at the evacuation site
0,1350,evacuee,,Evacuee;314;in triage state;G;is at the evacuation site
0,1353,evacuee,,Evacuee;249;in triage state;G;is at the evacuation site
0,1356,evacuee,,Evacuee;193;in triage state;G;is at the evacuation site
0,1359,evacuee,,Evacuee;195;in triage state;G;is at the evacuation site
0,1362,evacuee,,Evacuee;399;in triage state;G;is at the evacuation site
0,1365,evacuee,,Evacuee;197;in triage state;G;is at the evacuation site
0,1368,evacuee,,Evacuee;450;in triage state;G;is at the evacuation site
0,1371,evacuee,,Evacuee;252;in triage state;G;is at the evacuation site
0,1374,evacuee,,Evacuee;329;in triage state;G;is at the evacuation site
0,1377,evacuee,,Evacuee;201;in triage state;G;is at the evacuation site
0,1380,evacuee,,Evacuee;11;in triage state;G;is at the evacuation site
0,1383,evacuee,,Evacuee;202;in triage state;G;is at the evacuation site
0,1386,evacuee,,Evacuee;390;in triage state;G;is at the evacuation site
0,1389,evacuee,,Evacuee;204;in triage state;G;is at the evacuation site
0,1392,evacuee,,Evacuee;275;in triage state;G;is at the evacuation site
0,1395,evacuee,,Evacuee;205;in triage state;G;is at the evacuation site
0,1398,evacuee,,Evacuee;323;in triage state;G;is at the evacuation site
0,1401,evacuee,,Evacuee;180;in triage state;G;is at the evacuation site
0,1404,evacuee,,Evacuee;206;in triage state;G;is at the evacuation site
0,1407,evacuee,,Evacuee;69;in triage state;G;is at the evacuation site
0,1410,evacuee,,Evacuee;207;in triage state;G;is at the evacuation site
0,1413,evacuee,,Evacuee;27;in triage state;G;is at the evacuation site
0,1416,evacuee,,Evacuee;211;in triage state;G;is at the evacuation site
0,1419,evacuee,,Evacuee;294;in triage state;G;is at the evacuation site
0,1422,evacuee,,Evacuee;214;in triage state;G;is at the evacuation site
0,1425,evacuee,,Evacuee;12;in triage state;G;is at the evacuation site
0,1428,evacuee,,Evacuee;216;in triage state;G;is at the evacuation site
0,1431,evacuee,,Evacuee;219;in triage state;G;is at the evacuation site
0,1434,evacuee,,Evacuee;221;in triage state;G;is at the evacuation site
0,1437,evacuee,,Evacuee;224;in triage state;G;is at the evacuation site
0,1440,evacuee,,Evacuee;339;in triage state;G;is at the evacuation site
0,1443,evacuee,,Evacuee;225;in triage state;G;is at the evacuation site
0,1446,evacuee,,Evacuee;164;in triage state;G;is at the evacuation site
0,1449,evacuee,,Evacuee;226;in triage state;G;is at the evacuation site
0,1452,evacuee,,Evacuee;464;in triage state;G;is at the evacuation site
0,1455,evacuee,,Evacuee;227;in triage state;G;is at the evacuation site
0,1458,evacuee,,Evacuee;267;in triage state;G;is at the evacuation site
0,1461,evacuee,,Evacuee;73;in triage state;G;is at the evacuation site
0,1464,evacuee,,Evacuee;233;in triage state;G;is at the evacuation site
0,1467,evacuee,,Evacuee;236;in triage state;G;is at the evacuation site
0,1470,evacuee,,Evacuee;7;in triage state;G;is at the evacuation site
0,1473,evacuee,,Evacuee;237;in triage state;G;is at the evacuation site
0,1476,evacuee,,Evacuee;238;in triage state;G;is at the evacuation site
0,1479,evacuee,,Evacuee;113;in triage state;G;is at the evacuation site
0,1482,evacuee,,Evacuee;239;in triage state;G;is at the evacuation site
0,1485,evacuee,,Evacuee;243;in triage state;G;is at the evacuation site
0,1488,evacuee,,Evacuee;96;in triage state;G;is at the evacuation site
0,1491,evacuee,,Evacuee;244;in triage state;G;is at the evacuation site
0,1494,evacuee,,Evacuee;247;in triage state;G;is at the evacuation site
0,1497,evacuee,,Evacuee;59;in triage state;G;is at the evacuation site
0,1500,evacuee,,Evacuee;248;in triage state;G;is at the evacuation site
0,1503,evacuee,,Evacuee;467;in triage state;G;is at the evacuation site
0,1506,evacuee,,Evacuee;298;in triage state;G;is at the evacuation site
0,1509,evacuee,,Evacuee;254;in triage state;G;is at the evacuation site
0,1512,evacuee,,Evacuee;257;in triage state;G;is at the evacuation site
0,1515,evacuee,,Evacuee;210;in triage state;G;is at the evacuation site
0,1518,evacuee,,Evacuee;258;in triage state;G;is at the evacuation site
0,5,helicopterQueue,,;No helos are waiting to land
8.45315,3,evacueeManager,,OFF SHIP: White;0;Green;474;Yellow;21;Red;5;Black;0;ON SHIP: White;0;Green;0;Yellow;0;Red;0;Evacuees to Transfer;
8.45315,898,evacuee,outES,Evacuee 150 in triage category G is not assigned a helicopter
8.45315,898,evacuee,,Evacuee;150;in triage state;Y;is at the evacuation site
9.87045,3,evacueeManager,,OFF SHIP: White;0;Green;474;Yellow;21;Red;4;Black;1;ON SHIP: White;0;Green;0;Yellow;0;Red;0;Evacuees to Transfer;
9.87045,8,evacuee,outES,Evacuee 501 in triage category R is not assigned a helicopter
9.87045,8,evacuee,,Evacuee;501;in triage state;B;is at the evacuation site
10.4391,3,evacueeManager,,OFF SHIP: White;0;Green;473;Yellow;22;Red;4;Black;1;ON SHIP: White;0;Green;0;Yellow;0;Red;0;Evacuees to Transfer;
10.4391,1386,evacuee,outES,Evacuee 390 in triage category G is not assigned a helicopter
10.4391,1386,evacuee,,Evacuee;390;in triage state;Y;is at the evacuation site
13.3493,3,evacueeManager,,OFF SHIP: White;0;Green;473;Yellow;22;Red;3;Black;2;ON SHIP: White;0;Green;0;Yellow;0;Red;0;Evacuees to Transfer;
13.3493,502,evacuee,outES,Evacuee 502 in triage category R is not assigned a helicopter
13.3493,502,evacuee,,Evacuee;502;in triage state;B;is at the evacuation site
16.6252,3,evacueeManager,,OFF SHIP: White;0;Green;472;Yellow;23;Red;3;Black;2;ON SHIP: White;0;Green;0;Yellow;0;Red;0;Evacuees to Transfer;
16.6252,1317,evacuee,outES,Evacuee 203 in triage category G is not assigned a helicopter
16.6252,1317,evacuee,,Evacuee;203;in triage state;Y;is at the evacuation site
17.9232,3,evacueeManager,,OFF SHIP: White;0;Green;472;Yellow;23;Red;2;Black;3;ON SHIP: White;0;Green;0;Yellow;0;Red;0;Evacuees to Transfer;
17.9232,11,evacuee,outES,Evacuee 500 in triage category R is not assigned a helicopter
17.9232,11,evacuee,,Evacuee;500;in triage state;B;is at the evacuation site
18.1184,3,evacueeManager,,OFF SHIP: White;0;Green;471;Yellow;24;Red;2;Black;3;ON SHIP: White;0;Green;0;Yellow;0;Red;0;Evacuees to Transfer;
18.1184,967,evacuee,outES,Evacuee 320 in triage category G is not assigned a helicopter
18.1184,967,evacuee,,Evacuee;320;in triage state;Y;is at the evacuation site
18.2276,3,evacueeManager,,OFF SHIP: White;0;Green;471;Yellow;23;Red;3;Black;3;ON SHIP: White;0;Green;0;Yellow;0;Red;0;Evacuees to Transfer;
18.2276,1317,evacuee,outES,Evacuee 203 in triage category Y is not assigned a helicopter
18.2276,1317,evacuee,,Evacuee;203;in triage state;R;is at the evacuation site
22.8247,3,evacueeManager,,OFF SHIP: White;0;Green;470;Yellow;24;Red;3;Black;3;ON SHIP: White;0;Green;0;Yellow;0;Red;0;Evacuees to Transfer;
22.8247,1248,evacuee,outES,Evacuee 28 in triage category G is not assigned a helicopter
22.8247,1248,evacuee,,Evacuee;28;in triage state;Y;is at the evacuation site
32.0748,3,evacueeManager,,OFF SHIP: White;0;Green;470;Yellow;24;Red;2;Black;4;ON SHIP: White;0;Green;0;Yellow;0;Red;0;Evacuees to Transfer;
32.0748,283,evacuee,outES,Evacuee 503 in triage category R is not assigned a helicopter
32.0748,283,evacuee,,Evacuee;503;in triage state;B;is at the evacuation site
36.1544,3,evacueeManager,,OFF SHIP: White;0;Green;469;Yellow;25;Red;2;Black;4;ON SHIP: White;0;Green;0;Yellow;0;Red;0;Evacuees to Transfer;
36.1544,694,evacuee,outES,Evacuee 363 in triage category G is not assigned a helicopter
36.1544,694,evacuee,,Evacuee;363;in triage state;Y;is at the evacuation site
48.3722,3,evacueeManager,,OFF SHIP: White;0;Green;468;Yellow;26;Red;2;Black;4;ON SHIP: White;0;Green;0;Yellow;0;Red;0;Evacuees to Transfer;
48.3722,1036,evacuee,outES,Evacuee 64 in triage category G is not assigned a helicopter
48.3722,1036,evacuee,,Evacuee;64;in triage state;Y;is at the evacuation site
54.2505,3,evacueeManager,,OFF SHIP: White;0;Green;468;Yellow;25;Red;3;Black;4;ON SHIP: White;0;Green;0;Yellow;0;Red;0;Evacuees to Transfer;
54.2505,1111,evacuee,outES,Evacuee 490 in triage category Y is not assigned a helicopter
54.2505,1111,evacuee,,Evacuee;490;in triage state;R;is at the evacuation site
55.8734,3,evacueeManager,,OFF SHIP: White;0;Green;467;Yellow;26;Red;3;Black;4;ON SHIP: White;0;Green;0;Yellow;0;Red;0;Evacuees to Transfer;
55.8734,1105,evacuee,outES,Evacuee 19 in triage category G is not assigned a helicopter
55.8734,1105,evacuee,,Evacuee;19;in triage state;Y;is at the evacuation site
56.5267,3,evacueeManager,,OFF SHIP: White;0;Green;467;Yellow;26;Red;2;Black;5;ON SHIP: White;0;Green;0;Yellow;0;Red;0;Evacuees to Transfer;
56.5267,1317,evacuee,outES,Evacuee 203 in triage category R is not assigned a helicopter
56.5267,1317,evacuee,,Evacuee;203;in triage state;B;is at the evacuation site
63.1677,3,evacueeManager,,OFF SHIP: White;0;Green;467;Yellow;26;Red;1;Black;6;ON SHIP: White;0;Green;0;Yellow;0;Red;0;Evacuees to Transfer;
63.1677,1111,evacuee,outES,Evacuee 490 in triage category R is not assigned a helicopter
63.1677,1111,evacuee,,Evacuee;490;in triage state;B;is at the evacuation site
64.4053,3,evacueeManager,,OFF SHIP: White;0;Green;466;Yellow;27;Red;1;Black;6;ON SHIP: White;0;Green;0;Yellow;0;Red;0;Evacuees to Transfer;
64.4053,92,evacuee,outES,Evacuee 441 in triage category G is not assigned a helicopter
64.4053,92,evacuee,,Evacuee;441;in triage state;Y;is at the evacuation site
67.4323,3,evacueeManager,,OFF SHIP: White;0;Green;466;Yellow;27;Red;0;Black;7;ON SHIP: White;0;Green;0;Yellow;0;Red;0;Evacuees to Transfer;
67.4323,35,evacuee,outES,Evacuee 499 in triage category R is not assigned a helicopter
67.4323,35,evacuee,,Evacuee;499;in triage state;B;is at the evacuation site
83.5269,3,evacueeManager,,OFF SHIP: White;0;Green;465;Yellow;28;Red;0;Black;7;ON SHIP: White;0;Green;0;Yellow;0;Red;0;Evacuees to Transfer;
83.5269,153,evacuee,outES,Evacuee 401 in triage category G is not assigned a helicopter
83.5269,153,evacuee,,Evacuee;401;in triage state;Y;is at the evacuation site
87.4349,3,evacueeManager,,OFF SHIP: White;0;Green;464;Yellow;29;Red;0;Black;7;ON SHIP: White;0;Green;0;Yellow;0;Red;0;Evacuees to Transfer;
87.4349,763,evacuee,outES,Evacuee 334 in triage category G is not assigned a helicopter
87.4349,763,evacuee,,Evacuee;334;in triage state;Y;is at the evacuation site
93.1641,3,evacueeManager,,OFF SHIP: White;0;Green;463;Yellow;30;Red;0;Black;7;ON SHIP: White;0;Green;0;Yellow;0;Red;0;Evacuees to Transfer;
93.1641,628,evacuee,outES,Evacuee 87 in triage category G is not assigned a helicopter
93.1641,628,evacuee,,Evacuee;87;in triage state;Y;is at the evacuation site
97.1985,3,evacueeManager,,OFF SHIP: White;0;Green;462;Yellow;31;Red;0;Black;7;ON SHIP: White;0;Green;0;Yellow;0;Red;0;Evacuees to Transfer;
97.1985,559,evacuee,outES,Evacuee 269 in triage category G is not assigned a helicopter
97.1985,559,evacuee,,Evacuee;269;in triage state;Y;is at the evacuation site
98.9048,3,evacueeManager,,OFF SHIP: White;0;Green;461;Yellow;32;Red;0;Black;7;ON SHIP: White;0;Green;0;Yellow;0;Red;0;Evacuees to Transfer;
98.9048,496,evacuee,outES,Evacuee 310 in triage category G is not assigned a helicopter
98.9048,496,evacuee,,Evacuee;310;in triage state;Y;is at the evacuation site
99.36,3,evacueeManager,,OFF SHIP: White;0;Green;460;Yellow;33;Red;0;Black;7;ON SHIP: White;0;Green;0;Yellow;0;Red;0;Evacuees to Transfer;
99.36,325,evacuee,outES,Evacuee 460 in triage category G is not assigned a helicopter
99.36,325,evacuee,,Evacuee;460;in triage state;Y;is at the evacuation site
102.245,3,evacueeManager,,OFF SHIP: White;0;Green;460;Yellow;32;Red;1;Black;7;ON SHIP: White;0;Green;0;Yellow;0;Red;0;Evacuees to Transfer;
102.245,505,evacuee,outES,Evacuee 491 in triage category Y is not assigned a helicopter
102.245,505,evacuee,,Evacuee;491;in triage state;R;is at the evacuation site
108.08,3,evacueeManager,,OFF SHIP: White;0;Green;459;Yellow;33;Red;1;Black;7;ON SHIP: White;0;Green;0;Yellow;0;Red;0;Evacuees to Transfer;
108.08,268,evacuee,outES,Evacuee 341 in triage category G is not assigned a helicopter
108.08,268,evacuee,,Evacuee;341;in triage state;Y;is at the evacuation site
109.05,3,evacueeManager,,OFF SHIP: White;0;Green;458;Yellow;34;Red;1;Black;7;ON SHIP: White;0;Green;0;Yellow;0;Red;0;Evacuees to Transfer;
109.05,832,evacuee,outES,Evacuee 40 in triage category G is not assigned a helicopter
109.05,832,evacuee,,Evacuee;40;in triage state;Y;is at the evacuation site
119.232,3,evacueeManager,,OFF SHIP: White;0;Green;457;Yellow;35;Red;1;Black;7;ON SHIP: White;0;Green;0;Yellow;0;Red;0;Evacuees to Transfer;
119.232,1182,evacuee,outES,Evacuee 416 in triage category G is not assigned a helicopter
119.232,1182,evacuee,,Evacuee;416;in triage state;Y;is at the evacuation site
122.46,3,evacueeManager,,OFF SHIP: White;0;Green;457;Yellow;34;Red;2;Black;7;ON SHIP: White;0;Green;0;Yellow;0;Red;0;Evacuees to Transfer;
122.46,14,evacuee,outES,Evacuee 494 in triage category Y is not assigned a helicopter
122.46,14,evacuee,,Evacuee;494;in triage state;R;is at the evacuation site
123.474,3,evacueeManager,,OFF SHIP: White;0;Green;457;Yellow;33;Red;3;Black;7;ON SHIP: White;0;Green;0;Yellow;0;Red;0;Evacuees to Transfer;
123.474,898,evacuee,outES,Evacuee 150 in triage category Y is not assigned a helicopter
123.474,898,evacuee,,Evacuee;150;in triage state;R;is at the evacuation site
124.107,3,evacueeManager,,OFF SHIP: White;0;Green;456;Yellow;34;Red;3;Black;7;ON SHIP: White;0;Green;0;Yellow;0;Red;0;Evacuees to Transfer;
124.107,1458,evacuee,outES,Evacuee 267 in triage category G is not assigned a helicopter
124.107,1458,evacuee,,Evacuee;267;in triage state;Y;is at the evacuation site
128.759,3,evacueeManager,,OFF SHIP: White;0;Green;455;Yellow;35;Red;3;Black;7;ON SHIP: White;0;Green;0;Yellow;0;Red;0;Evacuees to Transfer;
128.759,439,evacuee,outES,Evacuee 270 in triage category G is not assigned a helicopter
128.759,439,evacuee,,Evacuee;270;in triage state;Y;is at the evacuation site
132.532,3,evacueeManager,,OFF SHIP: White;0;Green;455;Yellow;34;Red;4;Black;7;ON SHIP: White;0;Green;0;Yellow;0;Red;0;Evacuees to Transfer;
132.532,559,evacuee,outES,Evacuee 269 in triage category Y is not assigned a helicopter
132.532,559,evacuee,,Evacuee;269;in triage state;R;is at the evacuation site
135.205,3,evacueeManager,,OFF SHIP: White;0;Green;454;Yellow;35;Red;4;Black;7;ON SHIP: White;0;Green;0;Yellow;0;Red;0;Evacuees to Transfer;
135.205,382,evacuee,outES,Evacuee 288 in triage category G is not assigned a helicopter
135.205,382,evacuee,,Evacuee;288;in triage state;Y;is at the evacuation site
135.666,3,evacueeManager,,OFF SHIP: White;0;Green;453;Yellow;36;Red;4;Black;7;ON SHIP: White;0;Green;0;Yellow;0;Red;0;Evacuees to Transfer;
135.666,210,evacuee,outES,Evacuee 377 in triage category G is not assigned a helicopter
135.666,210,evacuee,,Evacuee;377;in triage state;Y;is at the evacuation site
137.914,3,evacueeManager,,OFF SHIP: White;0;Green;452;Yellow;37;Red;4;Black;7;ON SHIP: White;0;Green;0;Yellow;0;Red;0;Evacuees to Transfer;
137.914,901,evacuee,outES,Evacuee 119 in triage category G is not assigned a helicopter
137.914,901,evacuee,,Evacuee;119;in triage state;Y;is at the evacuation site
144.092,3,evacueeManager,,OFF SHIP: White;0;Green;451;Yellow;38;Red;4;Black;7;ON SHIP: White;0;Green;0;Yellow;0;Red;0;Evacuees to Transfer;
144.092,1320,evacuee,outES,Evacuee 232 in triage category G is not assigned a helicopter
144.092,1320,evacuee,,Evacuee;232;in triage state;Y;is at the evacuation site
147.601,3,evacueeManager,,OFF SHIP: White;0;Green;451;Yellow;37;Red;5;Black;7;ON SHIP: White;0;Green;0;Yellow;0;Red;0;Evacuees to Transfer;
147.601,628,evacuee,outES,Evacuee 87 in triage category Y is not assigned a helicopter
147.601,628,evacuee,,Evacuee;87;in triage state;R;is at the evacuation site
148.025,3,evacueeManager,,OFF SHIP: White;0;Green;450;Yellow;38;Red;5;Black;7;ON SHIP: White;0;Green;0;Yellow;0;Red;0;Evacuees to Transfer;
148.025,970,evacuee,outES,Evacuee 116 in triage category G is not assigned a helicopter
148.025,970,evacuee,,Evacuee;116;in triage state;Y;is at the evacuation site
149.896,3,evacueeManager,,OFF SHIP: White;0;Green;450;Yellow;37;Red;6;Black;7;ON SHIP: White;0;Green;0;Yellow;0;Red;0;Evacuees to Transfer;
149.896,17,evacuee,outES,Evacuee 492 in triage category Y is not assigned a helicopter
149.896,17,evacuee,,Evacuee;492;in triage state;R;is at the evacuation site
150.131,3,evacueeManager,,OFF SHIP: White;0;Green;450;Yellow;37;Red;5;Black;8;ON SHIP: White;0;Green;0;Yellow;0;Red;0;Evacuees to Transfer;
150.131,628,evacuee,outES,Evacuee 87 in triage category R is not assigned a helicopter
150.131,628,evacuee,,Evacuee;87;in triage state;B;is at the evacuation site
151.847,3,evacueeManager,,OFF SHIP: White;0;Green;449;Yellow;38;Red;5;Black;8;ON SHIP: White;0;Green;0;Yellow;0;Red;0;Evacuees to Transfer;
151.847,1389,evacuee,outES,Evacuee 204 in triage category G is not assigned a helicopter
151.847,1389,evacuee,,Evacuee;204;in triage state;Y;is at the evacuation site
152.949,3,evacueeManager,,OFF SHIP: White;0;Green;448;Yellow;39;Red;5;Black;8;ON SHIP: White;0;Green;0;Yellow;0;Red;0;Evacuees to Transfer;
152.949,1251,evacuee,outES,Evacuee 126 in triage category G is not assigned a helicopter
152.949,1251,evacuee,,Evacuee;126;in triage state;Y;is at the evacuation site
155.498,3,evacueeManager,,OFF SHIP: White;0;Green;448;Yellow;38;Red;6;Black;8;ON SHIP: White;0;Green;0;Yellow;0;Red;0;Evacuees to Transfer;
155.498,1389,evacuee,outES,Evacuee 204 in triage category Y is not assigned a helicopter
155.498,1389,evacuee,,Evacuee;204;in triage state;R;is at the evacuation site
162.123,3,evacueeManager,,OFF SHIP: White;0;Green;447;Yellow;39;Red;6;Black;8;ON SHIP: White;0;Green;0;Yellow;0;Red;0;Evacuees to Transfer;
162.123,697,evacuee,outES,Evacuee 251 in triage category G is not assigned a helicopter
162.123,697,evacuee,,Evacuee;251;in triage state;Y;is at the evacuation site
166.595,3,evacueeManager,,OFF SHIP: White;0;Green;447;Yellow;38;Red;7;Black;8;ON SHIP: White;0;Green;0;Yellow;0;Red;0;Evacuees to Transfer;
166.595,1105,evacuee,outES,Evacuee 19 in triage category Y is not assigned a helicopter
166.595,1105,evacuee,,Evacuee;19;in triage state;R;is at the evacuation site
168.039,3,evacueeManager,,OFF SHIP: White;0;Green;447;Yellow;37;Red;8;Black;8;ON SHIP: White;0;Green;0;Yellow;0;Red;0;Evacuees to Transfer;
168.039,577,evacuee,outES,Evacuee 497 in triage category Y is not assigned a helicopter
168.039,577,evacuee,,Evacuee;497;in triage state;R;is at the evacuation site
178.45,3,evacueeManager,,OFF SHIP: White;0;Green;447;Yellow;36;Red;9;Black;8;ON SHIP: White;0;Green;0;Yellow;0;Red;0;Evacuees to Transfer;
178.45,20,evacuee,outES,Evacuee 489 in triage category Y is not assigned a helicopter
178.45,20,evacuee,,Evacuee;489;in triage state;R;is at the evacuation site
180.256,3,evacueeManager,,OFF SHIP: White;0;Green;447;Yellow;36;Red;8;Black;9;ON SHIP: White;0;Green;0;Yellow;0;Red;0;Evacuees to Transfer;
180.256,14,evacuee,outES,Evacuee 494 in triage category R is not assigned a helicopter
180.256,14,evacuee,,Evacuee;494;in triage state;B;is at the evacuation site
182.727,3,evacueeManager,,OFF SHIP: White;0;Green;446;Yellow;37;Red;8;Black;9;ON SHIP: White;0;Green;0;Yellow;0;Red;0;Evacuees to Transfer;
182.727,1108,evacuee,outES,Evacuee 182 in triage category G is not assigned a helicopter
182.727,1108,evacuee,,Evacuee;182;in triage state;Y;is at the evacuation site
192.591,3,evacueeManager,,OFF SHIP: White;0;Green;446;Yellow;37;Red;7;Black;10;ON SHIP: White;0;Green;0;Yellow;0;Red;0;Evacuees to Transfer;
192.591,20,evacuee,outES,Evacuee 489 in triage category R is not assigned a helicopter
192.591,20,evacuee,,Evacuee;489;in triage state;B;is at the evacuation site
193.022,3,evacueeManager,,OFF SHIP: White;0;Green;446;Yellow;37;Red;6;Black;11;ON SHIP: White;0;Green;0;Yellow;0;Red;0;Evacuees to Transfer;
193.022,505,evacuee,outES,Evacuee 491 in triage category R is not assigned a helicopter
193.022,505,evacuee,,Evacuee;491;in triage state;B;is at the evacuation site
193.845,3,evacueeManager,,OFF SHIP: White;0;Green;446;Yellow;36;Red;7;Black;11;ON SHIP: White;0;Green;0;Yellow;0;Red;0;Evacuees to Transfer;
193.845,153,evacuee,outES,Evacuee 401 in triage category Y is not assigned a helicopter
193.845,153,evacuee,,Evacuee;401;in triage state;R;is at the evacuation site
194.113,3,evacueeManager,,OFF SHIP: White;0;Green;445;Yellow;37;Red;7;Black;11;ON SHIP: White;0;Green;0;Yellow;0;Red;0;Evacuees to Transfer;
194.113,1039,evacuee,outES,Evacuee 429 in triage category G is not assigned a helicopter
194.113,1039,evacuee,,Evacuee;429;in triage state;Y;is at the evacuation site
207.963,3,evacueeManager,,OFF SHIP: White;0;Green;445;Yellow;36;Red;8;Black;11;ON SHIP: White;0;Green;0;Yellow;0;Red;0;Evacuees to Transfer;
207.963,1251,evacuee,outES,Evacuee 126 in triage category Y is not assigned a helicopter
207.963,1251,evacuee,,Evacuee;126;in triage state;R;is at the evacuation site
209.392,3,evacueeManager,,OFF SHIP: White;0;Green;445;Yellow;35;Red;9;Black;11;ON SHIP: White;0;Green;0;Yellow;0;Red;0;Evacuees to Transfer;
209.392,23,evacuee,outES,Evacuee 486 in triage category Y is not assigned a helicopter
209.392,23,evacuee,,Evacuee;486;in triage state;R;is at the evacuation site
209.461,3,evacueeManager,,OFF SHIP: White;0;Green;445;Yellow;34;Red;10;Black;11;ON SHIP: White;0;Green;0;Yellow;0;Red;0;Evacuees to Transfer;
209.461,697,evacuee,outES,Evacuee 251 in triage category Y is not assigned a helicopter
209.461,697,evacuee,,Evacuee;251;in triage state;R;is at the evacuation site
209.674,3,evacueeManager,,OFF SHIP: White;0;Green;445;Yellow;34;Red;9;Black;12;ON SHIP: White;0;Green;0;Yellow;0;Red;0;Evacuees to Transfer;
209.674,898,evacuee,outES,Evacuee 150 in triage category R is not assigned a helicopter
209.674,898,evacuee,,Evacuee;150;in triage state;B;is at the evacuation site
215.855,3,evacueeManager,,OFF SHIP: White;0;Green;445;Yellow;34;Red;8;Black;13;ON SHIP: White;0;Green;0;Yellow;0;Red;0;Evacuees to Transfer;
215.855,153,evacuee,outES,Evacuee 401 in triage category R is not assigned a helicopter
215.855,153,evacuee,,Evacuee;401;in triage state;B;is at the evacuation site
219.865,3,evacueeManager,,OFF SHIP: White;0;Green;445;Yellow;34;Red;7;Black;14;ON SHIP: White;0;Green;0;Yellow;0;Red;0;Evacuees to Transfer;
219.865,17,evacuee,outES,Evacuee 492 in triage category R is not assigned a helicopter
219.865,17,evacuee,,Evacuee;492;in triage state;B;is at the evacuation site
220.58,3,evacueeManager,,OFF SHIP: White;0;Green;444;Yellow;35;Red;7;Black;14;ON SHIP: White;0;Green;0;Yellow;0;Red;0;Evacuees to Transfer;
220.58,766,evacuee,outES,Evacuee 70 in triage category G is not assigned a helicopter
220.58,766,evacuee,,Evacuee;70;in triage state;Y;is at the evacuation site
220.698,3,evacueeManager,,OFF SHIP: White;0;Green;443;Yellow;36;Red;7;Black;14;ON SHIP: White;0;Green;0;Yellow;0;Red;0;Evacuees to Transfer;
220.698,95,evacuee,outES,Evacuee 439 in triage category G is not assigned a helicopter
220.698,95,evacuee,,Evacuee;439;in triage state;Y;is at the evacuation site
221.647,3,evacueeManager,,OFF SHIP: White;0;Green;443;Yellow;36;Red;6;Black;15;ON SHIP: White;0;Green;0;Yellow;0;Red;0;Evacuees to Transfer;
221.647,1389,evacuee,outES,Evacuee 204 in triage category R is not assigned a helicopter
221.647,1389,evacuee,,Evacuee;204;in triage state;B;is at the evacuation site
224.399,3,evacueeManager,,OFF SHIP: White;0;Green;443;Yellow;36;Red;5;Black;16;ON SHIP: White;0;Green;0;Yellow;0;Red;0;Evacuees to Transfer;
224.399,23,evacuee,outES,Evacuee 486 in triage category R is not assigned a helicopter
224.399,23,evacuee,,Evacuee;486;in triage state;B;is at the evacuation site
226.581,3,evacueeManager,,OFF SHIP: White;0;Green;442;Yellow;37;Red;5;Black;16;ON SHIP: White;0;Green;0;Yellow;0;Red;0;Evacuees to Transfer;
226.581,631,evacuee,outES,Evacuee 297 in triage category G is not assigned a helicopter
226.581,631,evacuee,,Evacuee;297;in triage state;Y;is at the evacuation site
230.807,3,evacueeManager,,OFF SHIP: White;0;Green;441;Yellow;38;Red;5;Black;16;ON SHIP: White;0;Green;0;Yellow;0;Red;0;Evacuees to Transfer;
230.807,562,evacuee,outES,Evacuee 103 in triage category G is not assigned a helicopter
230.807,562,evacuee,,Evacuee;103;in triage state;Y;is at the evacuation site
231.281,3,evacueeManager,,OFF SHIP: White;0;Green;441;Yellow;37;Red;6;Black;16;ON SHIP: White;0;Green;0;Yellow;0;Red;0;Evacuees to Transfer;
231.281,325,evacuee,outES,Evacuee 460 in triage category Y is not assigned a helicopter
231.281,325,evacuee,,Evacuee;460;in triage state;R;is at the evacuation site
234.741,3,evacueeManager,,OFF SHIP: White;0;Green;441;Yellow;36;Red;7;Black;16;ON SHIP: White;0;Green;0;Yellow;0;Red;0;Evacuees to Transfer;
234.741,832,evacuee,outES,Evacuee 40 in triage category Y is not assigned a helicopter
234.741,832,evacuee,,Evacuee;40;in triage state;R;is at the evacuation site
238.44,3,evacueeManager,,OFF SHIP: White;0;Green;440;Yellow;37;Red;7;Black;16;ON SHIP: White;0;Green;0;Yellow;0;Red;0;Evacuees to Transfer;
238.44,156,evacuee,outES,Evacuee 398 in triage category G is not assigned a helicopter
238.44,156,evacuee,,Evacuee;398;in triage state;Y;is at the evacuation site
240.696,3,evacueeManager,,OFF SHIP: White;0;Green;440;Yellow;36;Red;8;Black;16;ON SHIP: White;0;Green;0;Yellow;0;Red;0;Evacuees to Transfer;
240.696,439,evacuee,outES,Evacuee 270 in triage category Y is not assigned a helicopter
240.696,439,evacuee,,Evacuee;270;in triage state;R;is at the evacuation site
241.844,3,evacueeManager,,OFF SHIP: White;0;Green;440;Yellow;35;Red;9;Black;16;ON SHIP: White;0;Green;0;Yellow;0;Red;0;Evacuees to Transfer;
241.844,26,evacuee,outES,Evacuee 484 in triage category Y is not assigned a helicopter
241.844,26,evacuee,,Evacuee;484;in triage state;R;is at the evacuation site
243.223,3,evacueeManager,,OFF SHIP: White;0;Green;439;Yellow;36;Red;9;Black;16;ON SHIP: White;0;Green;0;Yellow;0;Red;0;Evacuees to Transfer;
243.223,835,evacuee,outES,Evacuee 97 in triage category G is not assigned a helicopter
243.223,835,evacuee,,Evacuee;97;in triage state;Y;is at the evacuation site
248.491,3,evacueeManager,,OFF SHIP: White;0;Green;439;Yellow;36;Red;8;Black;17;ON SHIP: White;0;Green;0;Yellow;0;Red;0;Evacuees to Transfer;
248.491,559,evacuee,outES,Evacuee 269 in triage category R is not assigned a helicopter
248.491,559,evacuee,,Evacuee;269;in triage state;B;is at the evacuation site
250.684,3,evacueeManager,,OFF SHIP: White;0;Green;439;Yellow;35;Red;9;Black;17;ON SHIP: White;0;Green;0;Yellow;0;Red;0;Evacuees to Transfer;
250.684,268,evacuee,outES,Evacuee 341 in triage category Y is not assigned a helicopter
250.684,268,evacuee,,Evacuee;341;in triage state;R;is at the evacuation site
253.89,3,evacueeManager,,OFF SHIP: White;0;Green;438;Yellow;36;Red;9;Black;17;ON SHIP: White;0;Green;0;Yellow;0;Red;0;Evacuees to Transfer;
253.89,1185,evacuee,outES,Evacuee 129 in triage category G is not assigned a helicopter
253.89,1185,evacuee,,Evacuee;129;in triage state;Y;is at the evacuation site
256.534,3,evacueeManager,,OFF SHIP: White;0;Green;437;Yellow;37;Red;9;Black;17;ON SHIP: White;0;Green;0;Yellow;0;Red;0;Evacuees to Transfer;
256.534,1461,evacuee,outES,Evacuee 73 in triage category G is not assigned a helicopter
256.534,1461,evacuee,,Evacuee;73;in triage state;Y;is at the evacuation site
257.098,3,evacueeManager,,OFF SHIP: White;0;Green;437;Yellow;37;Red;8;Black;18;ON SHIP: White;0;Green;0;Yellow;0;Red;0;Evacuees to Transfer;
257.098,268,evacuee,outES,Evacuee 341 in triage category R is not assigned a helicopter
257.098,268,evacuee,,Evacuee;341;in triage state;B;is at the evacuation site
259.6,3,evacueeManager,,OFF SHIP: White;0;Green;436;Yellow;38;Red;8;Black;18;ON SHIP: White;0;Green;0;Yellow;0;Red;0;Evacuees to Transfer;
259.6,499,evacuee,outES,Evacuee 118 in triage category G is not assigned a helicopter
259.6,499,evacuee,,Evacuee;118;in triage state;Y;is at the evacuation site
262.549,3,evacueeManager,,OFF SHIP: White;0;Green;435;Yellow;39;Red;8;Black;18;ON SHIP: White;0;Green;0;Yellow;0;Red;0;Evacuees to Transfer;
262.549,328,evacuee,outES,Evacuee 316 in triage category G is not assigned a helicopter
262.549,328,evacuee,,Evacuee;316;in triage state;Y;is at the evacuation site
264.356,3,evacueeManager,,OFF SHIP: White;0;Green;434;Yellow;40;Red;8;Black;18;ON SHIP: White;0;Green;0;Yellow;0;Red;0;Evacuees to Transfer;
264.356,271,evacuee,outES,Evacuee 340 in triage category G is not assigned a helicopter
264.356,271,evacuee,,Evacuee;340;in triage state;Y;is at the evacuation site
268.518,3,evacueeManager,,OFF SHIP: White;0;Green;433;Yellow;41;Red;8;Black;18;ON SHIP: White;0;Green;0;Yellow;0;Red;0;Evacuees to Transfer;
268.518,904,evacuee,outES,Evacuee 6 in triage category G is not assigned a helicopter
268.518,904,evacuee,,Evacuee;6;in triage state;Y;is at the evacuation site
269.016,3,evacueeManager,,OFF SHIP: White;0;Green;433;Yellow;40;Red;9;Black;18;ON SHIP: White;0;Green;0;Yellow;0;Red;0;Evacuees to Transfer;
269.016,790,evacuee,outES,Evacuee 493 in triage category Y is not assigned a helicopter
269.016,790,evacuee,,Evacuee;493;in triage state;R;is at the evacuation site
271.108,3,evacueeManager,,OFF SHIP: White;0;Green;433;Yellow;40;Red;8;Black;19;ON SHIP: White;0;Green;0;Yellow;0;Red;0;Evacuees to Transfer;
271.108,1105,evacuee,outES,Evacuee 19 in triage category R is not assigned a helicopter
271.108,1105,evacuee,,Evacuee;19;in triage state;B;is at the evacuation site
277.463,3,evacueeManager,,OFF SHIP: White;0;Green;432;Yellow;41;Red;8;Black;19;ON SHIP: White;0;Green;0;Yellow;0;Red;0;Evacuees to Transfer;
277.463,1323,evacuee,outES,Evacuee 183 in triage category G is not assigned a helicopter
277.463,1323,evacuee,,Evacuee;183;in triage state;Y;is at the evacuation site
278.705,3,evacueeManager,,OFF SHIP: White;0;Green;432;Yellow;41;Red;7;Black;20;ON SHIP: White;0;Green;0;Yellow;0;Red;0;Evacuees to Transfer;
278.705,439,evacuee,outES,Evacuee 270 in triage category R is not assigned a helicopter
278.705,439,evacuee,,Evacuee;270;in triage state;B;is at the evacuation site
279.332,3,evacueeManager,,OFF SHIP: White;0;Green;432;Yellow;40;Red;8;Black;20;ON SHIP: White;0;Green;0;Yellow;0;Red;0;Evacuees to Transfer;
279.332,29,evacuee,outES,Evacuee 483 in triage category Y is not assigned a helicopter
279.332,29,evacuee,,Evacuee;483;in triage state;R;is at the evacuation site
281.104,3,evacueeManager,,OFF SHIP: White;0;Green;432;Yellow;39;Red;9;Black;20;ON SHIP: White;0;Green;0;Yellow;0;Red;0;Evacuees to Transfer;
281.104,631,evacuee,outES,Evacuee 297 in triage category Y is not assigned a helicopter
281.104,631,evacuee,,Evacuee;297;in triage state;R;is at the evacuation site
281.155,3,evacueeManager,,OFF SHIP: White;0;Green;432;Yellow;39;Red;8;Black;21;ON SHIP: White;0;Green;0;Yellow;0;Red;0;Evacuees to Transfer;
281.155,29,evacuee,outES,Evacuee 483 in triage category R is not assigned a helicopter
281.155,29,evacuee,,Evacuee;483;in triage state;B;is at the evacuation site
281.764,3,evacueeManager,,OFF SHIP: White;0;Green;431;Yellow;40;Red;8;Black;21;ON SHIP: White;0;Green;0;Yellow;0;Red;0;Evacuees to Transfer;
281.764,1254,evacuee,outES,Evacuee 234 in triage category G is not assigned a helicopter
281.764,1254,evacuee,,Evacuee;234;in triage state;Y;is at the evacuation site
288.683,3,evacueeManager,,OFF SHIP: White;0;Green;430;Yellow;41;Red;8;Black;21;ON SHIP: White;0;Green;0;Yellow;0;Red;0;Evacuees to Transfer;
288.683,442,evacuee,outES,Evacuee 264 in triage category G is not assigned a helicopter
288.683,442,evacuee,,Evacuee;264;in triage state;Y;is at the evacuation site
289.048,3,evacueeManager,,OFF SHIP: White;0;Green;429;Yellow;42;Red;8;Black;21;ON SHIP: White;0;Green;0;Yellow;0;Red;0;Evacuees to Transfer;
289.048,973,evacuee,outES,Evacuee 61 in triage category G is not assigned a helicopter
289.048,973,evacuee,,Evacuee;61;in triage state;Y;is at the evacuation site
291.563,3,evacueeManager,,OFF SHIP: White;0;Green;429;Yellow;42;Red;7;Black;22;ON SHIP: White;0;Green;0;Yellow;0;Red;0;Evacuees to Transfer;
291.563,790,evacuee,outES,Evacuee 493 in triage category R is not assigned a helicopter
291.563,790,evacuee,,Evacuee;493;in triage state;B;is at the evacuation site
293.063,3,evacueeManager,,OFF SHIP: White;0;Green;428;Yellow;43;Red;7;Black;22;ON SHIP: White;0;Green;0;Yellow;0;Red;0;Evacuees to Transfer;
293.063,1392,evacuee,outES,Evacuee 275 in triage category G is not assigned a helicopter
293.063,1392,evacuee,,Evacuee;275;in triage state;Y;is at the evacuation site
303.489,3,evacueeManager,,OFF SHIP: White;0;Green;427;Yellow;44;Red;7;Black;22;ON SHIP: White;0;Green;0;Yellow;0;Red;0;Evacuees to Transfer;
303.489,213,evacuee,outES,Evacuee 375 in triage category G is not assigned a helicopter
303.489,213,evacuee,,Evacuee;375;in triage state;Y;is at the evacuation site
303.856,3,evacueeManager,,OFF SHIP: White;0;Green;426;Yellow;45;Red;7;Black;22;ON SHIP: White;0;Green;0;Yellow;0;Red;0;Evacuees to Transfer;
303.856,700,evacuee,outES,Evacuee 128 in triage category G is not assigned a helicopter
303.856,700,evacuee,,Evacuee;128;in triage state;Y;is at the evacuation site
304.649,3,evacueeManager,,OFF SHIP: White;0;Green;426;Yellow;44;Red;8;Black;22;ON SHIP: White;0;Green;0;Yellow;0;Red;0;Evacuees to Transfer;
304.649,589,evacuee,outES,Evacuee 485 in triage category Y is not assigned a helicopter
304.649,589,evacuee,,Evacuee;485;in triage state;R;is at the evacuation site
305.506,3,evacueeManager,,OFF SHIP: White;0;Green;425;Yellow;45;Red;8;Black;22;ON SHIP: White;0;Green;0;Yellow;0;Red;0;Evacuees to Transfer;
305.506,385,evacuee,outES,Evacuee 287 in triage category G is not assigned a helicopter
305.506,385,evacuee,,Evacuee;287;in triage state;Y;is at the evacuation site
312.216,3,evacueeManager,,OFF SHIP: White;0;Green;425;Yellow;44;Red;9;Black;22;ON SHIP: White;0;Green;0;Yellow;0;Red;0;Evacuees to Transfer;
312.216,1248,evacuee,outES,Evacuee 28 in triage category Y is not assigned a helicopter
312.216,1248,evacuee,,Evacuee;28;in triage state;R;is at the evacuation site
314.519,3,evacueeManager,,OFF SHIP: White;0;Green;425;Yellow;43;Red;10;Black;22;ON SHIP: White;0;Green;0;Yellow;0;Red;0;Evacuees to Transfer;
314.519,496,evacuee,outES,Evacuee 310 in triage category Y is not assigned a helicopter
314.519,496,evacuee,,Evacuee;310;in triage state;R;is at the evacuation site
317.808,3,evacueeManager,,OFF SHIP: White;0;Green;425;Yellow;42;Red;11;Black;22;ON SHIP: White;0;Green;0;Yellow;0;Red;0;Evacuees to Transfer;
317.808,32,evacuee,outES,Evacuee 482 in triage category Y is not assigned a helicopter
317.808,32,evacuee,,Evacuee;482;in triage state;R;is at the evacuation site
326.785,3,evacueeManager,,OFF SHIP: White;0;Green;425;Yellow;42;Red;10;Black;23;ON SHIP: White;0;Green;0;Yellow;0;Red;0;Evacuees to Transfer;
326.785,325,evacuee,outES,Evacuee 460 in triage category R is not assigned a helicopter
326.785,325,evacuee,,Evacuee;460;in triage state;B;is at the evacuation site
330.61,3,evacueeManager,,OFF SHIP: White;0;Green;425;Yellow;42;Red;9;Black;24;ON SHIP: White;0;Green;0;Yellow;0;Red;0;Evacuees to Transfer;
330.61,697,evacuee,outES,Evacuee 251 in triage category R is not assigned a helicopter
330.61,697,evacuee,,Evacuee;251;in triage state;B;is at the evacuation site
337.469,3,evacueeManager,,OFF SHIP: White;0;Green;424;Yellow;43;Red;9;Black;24;ON SHIP: White;0;Green;0;Yellow;0;Red;0;Evacuees to Transfer;
337.469,1042,evacuee,outES,Evacuee 102 in triage category G is not assigned a helicopter
337.469,1042,evacuee,,Evacuee;102;in triage state;Y;is at the evacuation site
355.077,3,evacueeManager,,OFF SHIP: White;0;Green;423;Yellow;44;Red;9;Black;24;ON SHIP: White;0;Green;0;Yellow;0;Red;0;Evacuees to Transfer;
355.077,769,evacuee,outES,Evacuee 5 in triage category G is not assigned a helicopter
355.077,769,evacuee,,Evacuee;5;in triage state;Y;is at the evacuation site
359.568,3,evacueeManager,,OFF SHIP: White;0;Green;423;Yellow;44;Red;8;Black;25;ON SHIP: White;0;Green;0;Yellow;0;Red;0;Evacuees to Transfer;
359.568,832,evacuee,outES,Evacuee 40 in triage category R is not assigned a helicopter
359.568,832,evacuee,,Evacuee;40;in triage state;B;is at the evacuation site
362.015,3,evacueeManager,,OFF SHIP: White;0;Green;423;Yellow;44;Red;7;Black;26;ON SHIP: White;0;Green;0;Yellow;0;Red;0;Evacuees to Transfer;
362.015,26,evacuee,outES,Evacuee 484 in triage category R is not assigned a helicopter
362.015,26,evacuee,,Evacuee;484;in triage state;B;is at the evacuation site
366.48,3,evacueeManager,,OFF SHIP: White;0;Green;422;Yellow;45;Red;7;Black;26;ON SHIP: White;0;Green;0;Yellow;0;Red;0;Evacuees to Transfer;
366.48,634,evacuee,outES,Evacuee 86 in triage category G is not assigned a helicopter
366.48,634,evacuee,,Evacuee;86;in triage state;Y;is at the evacuation site
368.317,3,evacueeManager,,OFF SHIP: White;0;Green;422;Yellow;44;Red;8;Black;26;ON SHIP: White;0;Green;0;Yellow;0;Red;0;Evacuees to Transfer;
368.317,700,evacuee,outES,Evacuee 128 in triage category Y is not assigned a helicopter
368.317,700,evacuee,,Evacuee;128;in triage state;R;is at the evacuation site
372.918,3,evacueeManager,,OFF SHIP: White;0;Green;422;Yellow;43;Red;9;Black;26;ON SHIP: White;0;Green;0;Yellow;0;Red;0;Evacuees to Transfer;
372.918,766,evacuee,outES,Evacuee 70 in triage category Y is not assigned a helicopter
372.918,766,evacuee,,Evacuee;70;in triage state;R;is at the evacuation site
373.405,3,evacueeManager,,OFF SHIP: White;0;Green;422;Yellow;42;Red;10;Black;26;ON SHIP: White;0;Green;0;Yellow;0;Red;0;Evacuees to Transfer;
373.405,634,evacuee,outES,Evacuee 86 in triage category Y is not assigned a helicopter
373.405,634,evacuee,,Evacuee;86;in triage state;R;is at the evacuation site
374.341,3,evacueeManager,,OFF SHIP: White;0;Green;422;Yellow;41;Red;11;Black;26;ON SHIP: White;0;Green;0;Yellow;0;Red;0;Evacuees to Transfer;
374.341,730,evacuee,outES,Evacuee 481 in triage category Y is not assigned a helicopter
374.341,730,evacuee,,Evacuee;481;in triage state;R;is at the evacuation site
376.048,3,evacueeManager,,OFF SHIP: White;0;Green;421;Yellow;42;Red;11;Black;26;ON SHIP: White;0;Green;0;Yellow;0;Red;0;Evacuees to Transfer;
376.048,565,evacuee,outES,Evacuee 124 in triage category G is not assigned a helicopter
376.048,565,evacuee,,Evacuee;124;in triage state;Y;is at the evacuation site
378.627,3,evacueeManager,,OFF SHIP: White;0;Green;421;Yellow;41;Red;12;Black;26;ON SHIP: White;0;Green;0;Yellow;0;Red;0;Evacuees to Transfer;
378.627,499,evacuee,outES,Evacuee 118 in triage category Y is not assigned a helicopter
378.627,499,evacuee,,Evacuee;118;in triage state;R;is at the evacuation site
381.378,3,evacueeManager,,OFF SHIP: White;0;Green;420;Yellow;42;Red;12;Black;26;ON SHIP: White;0;Green;0;Yellow;0;Red;0;Evacuees to Transfer;
381.378,838,evacuee,outES,Evacuee 453 in triage category G is not assigned a helicopter
381.378,838,evacuee,,Evacuee;453;in triage state;Y;is at the evacuation site
388.541,3,evacueeManager,,OFF SHIP: White;0;Green;419;Yellow;43;Red;12;Black;26;ON SHIP: White;0;Green;0;Yellow;0;Red;0;Evacuees to Transfer;
388.541,98,evacuee,outES,Evacuee 437 in triage category G is not assigned a helicopter
388.541,98,evacuee,,Evacuee;437;in triage state;Y;is at the evacuation site
389.989,3,evacueeManager,,OFF SHIP: White;0;Green;418;Yellow;44;Red;12;Black;26;ON SHIP: White;0;Green;0;Yellow;0;Red;0;Evacuees to Transfer;
389.989,1188,evacuee,outES,Evacuee 308 in triage category G is not assigned a helicopter
389.989,1188,evacuee,,Evacuee;308;in triage state;Y;is at the evacuation site
390.815,3,evacueeManager,,OFF SHIP: White;0;Green;418;Yellow;43;Red;13;Black;26;ON SHIP: White;0;Green;0;Yellow;0;Red;0;Evacuees to Transfer;
390.815,210,evacuee,outES,Evacuee 377 in triage category Y is not assigned a helicopter
390.815,210,evacuee,,Evacuee;377;in triage state;R;is at the evacuation site
392.508,3,evacueeManager,,OFF SHIP: White;0;Green;418;Yellow;43;Red;12;Black;27;ON SHIP: White;0;Green;0;Yellow;0;Red;0;Evacuees to Transfer;
392.508,634,evacuee,outES,Evacuee 86 in triage category R is not assigned a helicopter
392.508,634,evacuee,,Evacuee;86;in triage state;B;is at the evacuation site
395.345,3,evacueeManager,,OFF SHIP: White;0;Green;417;Yellow;44;Red;12;Black;27;ON SHIP: White;0;Green;0;Yellow;0;Red;0;Evacuees to Transfer;
395.345,1464,evacuee,outES,Evacuee 233 in triage category G is not assigned a helicopter
395.345,1464,evacuee,,Evacuee;233;in triage state;Y;is at the evacuation site
397.222,3,evacueeManager,,OFF SHIP: White;0;Green;417;Yellow;44;Red;11;Black;28;ON SHIP: White;0;Green;0;Yellow;0;Red;0;Evacuees to Transfer;
397.222,700,evacuee,outES,Evacuee 128 in triage category R is not assigned a helicopter
397.222,700,evacuee,,Evacuee;128;in triage state;B;is at the evacuation site
403.435,3,evacueeManager,,OFF SHIP: White;0;Green;417;Yellow;43;Red;12;Black;28;ON SHIP: White;0;Green;0;Yellow;0;Red;0;Evacuees to Transfer;
403.435,1392,evacuee,outES,Evacuee 275 in triage category Y is not assigned a helicopter
403.435,1392,evacuee,,Evacuee;275;in triage state;R;is at the evacuation site
404.593,3,evacueeManager,,OFF SHIP: White;0;Green;417;Yellow;42;Red;13;Black;28;ON SHIP: White;0;Green;0;Yellow;0;Red;0;Evacuees to Transfer;
404.593,38,evacuee,outES,Evacuee 479 in triage category Y is not assigned a helicopter
404.593,38,evacuee,,Evacuee;479;in triage state;R;is at the evacuation site
404.756,3,evacueeManager,,OFF SHIP: White;0;Green;416;Yellow;43;Red;13;Black;28;ON SHIP: White;0;Green;0;Yellow;0;Red;0;Evacuees to Transfer;
404.756,159,evacuee,outES,Evacuee 397 in triage category G is not assigned a helicopter
404.756,159,evacuee,,Evacuee;397;in triage state;Y;is at the evacuation site
410.52,3,evacueeManager,,OFF SHIP: White;0;Green;415;Yellow;44;Red;13;Black;28;ON SHIP: White;0;Green;0;Yellow;0;Red;0;Evacuees to Transfer;
410.52,907,evacuee,outES,Evacuee 173 in triage category G is not assigned a helicopter
410.52,907,evacuee,,Evacuee;173;in triage state;Y;is at the evacuation site
414.293,3,evacueeManager,,OFF SHIP: White;0;Green;415;Yellow;44;Red;12;Black;29;ON SHIP: White;0;Green;0;Yellow;0;Red;0;Evacuees to Transfer;
414.293,730,evacuee,outES,Evacuee 481 in triage category R is not assigned a helicopter
414.293,730,evacuee,,Evacuee;481;in triage state;B;is at the evacuation site
418.725,3,evacueeManager,,OFF SHIP: White;0;Green;415;Yellow;44;Red;11;Black;30;ON SHIP: White;0;Green;0;Yellow;0;Red;0;Evacuees to Transfer;
418.725,766,evacuee,outES,Evacuee 70 in triage category R is not assigned a helicopter
418.725,766,evacuee,,Evacuee;70;in triage state;B;is at the evacuation site
422.32,3,evacueeManager,,OFF SHIP: White;0;Green;415;Yellow;44;Red;10;Black;31;ON SHIP: White;0;Green;0;Yellow;0;Red;0;Evacuees to Transfer;
422.32,496,evacuee,outES,Evacuee 310 in triage category R is not assigned a helicopter
422.32,496,evacuee,,Evacuee;310;in triage state;B;is at the evacuation site
424.074,3,evacueeManager,,OFF SHIP: White;0;Green;415;Yellow;43;Red;11;Black;31;ON SHIP: White;0;Green;0;Yellow;0;Red;0;Evacuees to Transfer;
424.074,973,evacuee,outES,Evacuee 61 in triage category Y is not assigned a helicopter
424.074,973,evacuee,,Evacuee;61;in triage state;R;is at the evacuation site
424.438,3,evacueeManager,,OFF SHIP: White;0;Green;414;Yellow;44;Red;11;Black;31;ON SHIP: White;0;Green;0;Yellow;0;Red;0;Evacuees to Transfer;
424.438,1257,evacuee,outES,Evacuee 162 in triage category G is not assigned a helicopter
424.438,1257,evacuee,,Evacuee;162;in triage state;Y;is at the evacuation site
425.139,3,evacueeManager,,OFF SHIP: White;0;Green;413;Yellow;45;Red;11;Black;31;ON SHIP: White;0;Green;0;Yellow;0;Red;0;Evacuees to Transfer;
425.139,1326,evacuee,outES,Evacuee 184 in triage category G is not assigned a helicopter
425.139,1326,evacuee,,Evacuee;184;in triage state;Y;is at the evacuation site
426.605,3,evacueeManager,,OFF SHIP: White;0;Green;413;Yellow;44;Red;12;Black;31;ON SHIP: White;0;Green;0;Yellow;0;Red;0;Evacuees to Transfer;
426.605,1458,evacuee,outES,Evacuee 267 in triage category Y is not assigned a helicopter
426.605,1458,evacuee,,Evacuee;267;in triage state;R;is at the evacuation site
429.475,3,evacueeManager,,OFF SHIP: White;0;Green;412;Yellow;45;Red;12;Black;31;ON SHIP: White;0;Green;0;Yellow;0;Red;0;Evacuees to Transfer;
429.475,976,evacuee,outES,Evacuee 52 in triage category G is not assigned a helicopter
429.475,976,evacuee,,Evacuee;52;in triage state;Y;is at the evacuation site
431.071,3,evacueeManager,,OFF SHIP: White;0;Green;411;Yellow;46;Red;12;Black;31;ON SHIP: White;0;Green;0;Yellow;0;Red;0;Evacuees to Transfer;
431.071,1395,evacuee,outES,Evacuee 205 in triage category G is not assigned a helicopter
431.071,1395,evacuee,,Evacuee;205;in triage state;Y;is at the evacuation site
431.754,3,evacueeManager,,OFF SHIP: White;0;Green;411;Yellow;46;Red;11;Black;32;ON SHIP: White;0;Green;0;Yellow;0;Red;0;Evacuees to Transfer;
431.754,1392,evacuee,outES,Evacuee 275 in triage category R is not assigned a helicopter
431.754,1392,evacuee,,Evacuee;275;in triage state;B;is at the evacuation site
432.57,3,evacueeManager,,OFF SHIP: White;0;Green;411;Yellow;46;Red;10;Black;33;ON SHIP: White;0;Green;0;Yellow;0;Red;0;Evacuees to Transfer;
432.57,631,evacuee,outES,Evacuee 297 in triage category R is not assigned a helicopter
432.57,631,evacuee,,Evacuee;297;in triage state;B;is at the evacuation site
432.662,3,evacueeManager,,OFF SHIP: White;0;Green;411;Yellow;45;Red;11;Black;33;ON SHIP: White;0;Green;0;Yellow;0;Red;0;Evacuees to Transfer;
432.662,763,evacuee,outES,Evacuee 334 in triage category Y is not assigned a helicopter
432.662,763,evacuee,,Evacuee;334;in triage state;R;is at the evacuation site
432.83,3,evacueeManager,,OFF SHIP: White;0;Green;411;Yellow;45;Red;10;Black;34;ON SHIP: White;0;Green;0;Yellow;0;Red;0;Evacuees to Transfer;
432.83,38,evacuee,outES,Evacuee 479 in triage category R is not assigned a helicopter
432.83,38,evacuee,,Evacuee;479;in triage state;B;is at the evacuation site
432.922,3,evacueeManager,,OFF SHIP: White;0;Green;410;Yellow;46;Red;10;Black;34;ON SHIP: White;0;Green;0;Yellow;0;Red;0;Evacuees to Transfer;
432.922,331,evacuee,outES,Evacuee 446 in triage category G is not assigned a helicopter
432.922,331,evacuee,,Evacuee;446;in triage state;Y;is at the evacuation site
434.84,3,evacueeManager,,OFF SHIP: White;0;Green;409;Yellow;47;Red;10;Black;34;ON SHIP: White;0;Green;0;Yellow;0;Red;0;Evacuees to Transfer;
434.84,274,evacuee,outES,Evacuee 338 in triage category G is not assigned a helicopter
434.84,274,evacuee,,Evacuee;338;in triage state;Y;is at the evacuation site
437.384,3,evacueeManager,,OFF SHIP: White;0;Green;409;Yellow;46;Red;11;Black;34;ON SHIP: White;0;Green;0;Yellow;0;Red;0;Evacuees to Transfer;
437.384,331,evacuee,outES,Evacuee 446 in triage category Y is not assigned a helicopter
437.384,331,evacuee,,Evacuee;446;in triage state;R;is at the evacuation site
448.366,3,evacueeManager,,OFF SHIP: White;0;Green;409;Yellow;45;Red;12;Black;34;ON SHIP: White;0;Green;0;Yellow;0;Red;0;Evacuees to Transfer;
448.366,274,evacuee,outES,Evacuee 338 in triage category Y is not assigned a helicopter
448.366,274,evacuee,,Evacuee;338;in triage state;R;is at the evacuation site
451.083,3,evacueeManager,,OFF SHIP: White;0;Green;409;Yellow;45;Red;11;Black;35;ON SHIP: White;0;Green;0;Yellow;0;Red;0;Evacuees to Transfer;
451.083,210,evacuee,outES,Evacuee 377 in triage category R is not assigned a helicopter
451.083,210,evacuee,,Evacuee;377;in triage state;B;is at the evacuation site
452.431,3,evacueeManager,,OFF SHIP: White;0;Green;409;Yellow;44;Red;12;Black;35;ON SHIP: White;0;Green;0;Yellow;0;Red;0;Evacuees to Transfer;
452.431,1185,evacuee,outES,Evacuee 129 in triage category Y is not assigned a helicopter
452.431,1185,evacuee,,Evacuee;129;in triage state;R;is at the evacuation site
456.136,3,evacueeManager,,OFF SHIP: White;0;Green;409;Yellow;43;Red;13;Black;35;ON SHIP: White;0;Green;0;Yellow;0;Red;0;Evacuees to Transfer;
456.136,41,evacuee,outES,Evacuee 478 in triage category Y is not assigned a helicopter
456.136,41,evacuee,,Evacuee;478;in triage state;R;is at the evacuation site
458.013,3,evacueeManager,,OFF SHIP: White;0;Green;408;Yellow;44;Red;13;Black;35;ON SHIP: White;0;Green;0;Yellow;0;Red;0;Evacuees to Transfer;
458.013,445,evacuee,outES,Evacuee 262 in triage category G is not assigned a helicopter
458.013,445,evacuee,,Evacuee;262;in triage state;Y;is at the evacuation site
458.207,3,evacueeManager,,OFF SHIP: White;0;Green;407;Yellow;45;Red;13;Black;35;ON SHIP: White;0;Green;0;Yellow;0;Red;0;Evacuees to Transfer;
458.207,703,evacuee,outES,Evacuee 134 in triage category G is not assigned a helicopter
458.207,703,evacuee,,Evacuee;134;in triage state;Y;is at the evacuation site
462.04,3,evacueeManager,,OFF SHIP: White;0;Green;407;Yellow;45;Red;12;Black;36;ON SHIP: White;0;Green;0;Yellow;0;Red;0;Evacuees to Transfer;
462.04,331,evacuee,outES,Evacuee 446 in triage category R is not assigned a helicopter
462.04,331,evacuee,,Evacuee;446;in triage state;B;is at the evacuation site
464.463,3,evacueeManager,,OFF SHIP: White;0;Green;407;Yellow;45;Red;11;Black;37;ON SHIP: White;0;Green;0;Yellow;0;Red;0;Evacuees to Transfer;
464.463,41,evacuee,outES,Evacuee 478 in triage category R is not assigned a helicopter
464.463,41,evacuee,,Evacuee;478;in triage state;B;is at the evacuation site
465.761,3,evacueeManager,,OFF SHIP: White;0;Green;407;Yellow;44;Red;12;Black;37;ON SHIP: White;0;Green;0;Yellow;0;Red;0;Evacuees to Transfer;
465.761,95,evacuee,outES,Evacuee 439 in triage category Y is not assigned a helicopter
465.761,95,evacuee,,Evacuee;439;in triage state;R;is at the evacuation site
466.756,3,evacueeManager,,OFF SHIP: White;0;Green;407;Yellow;43;Red;13;Black;37;ON SHIP: White;0;Green;0;Yellow;0;Red;0;Evacuees to Transfer;
466.756,703,evacuee,outES,Evacuee 134 in triage category Y is not assigned a helicopter
466.756,703,evacuee,,Evacuee;134;in triage state;R;is at the evacuation site
470.776,3,evacueeManager,,OFF SHIP: White;0;Green;407;Yellow;43;Red;12;Black;38;ON SHIP: White;0;Green;0;Yellow;0;Red;0;Evacuees to Transfer;
470.776,1251,evacuee,outES,Evacuee 126 in triage category R is not assigned a helicopter
470.776,1251,evacuee,,Evacuee;126;in triage state;B;is at the evacuation site
475.815,3,evacueeManager,,OFF SHIP: White;0;Green;407;Yellow;43;Red;11;Black;39;ON SHIP: White;0;Green;0;Yellow;0;Red;0;Evacuees to Transfer;
475.815,274,evacuee,outES,Evacuee 338 in triage category R is not assigned a helicopter
475.815,274,evacuee,,Evacuee;338;in triage state;B;is at the evacuation site
475.857,3,evacueeManager,,OFF SHIP: White;0;Green;406;Yellow;44;Red;11;Black;39;ON SHIP: White;0;Green;0;Yellow;0;Red;0;Evacuees to Transfer;
475.857,388,evacuee,outES,Evacuee 415 in triage category G is not assigned a helicopter
475.857,388,evacuee,,Evacuee;415;in triage state;Y;is at the evacuation site
476.376,3,evacueeManager,,OFF SHIP: White;0;Green;405;Yellow;45;Red;11;Black;39;ON SHIP: White;0;Green;0;Yellow;0;Red;0;Evacuees to Transfer;
476.376,216,evacuee,outES,Evacuee 374 in triage category G is not assigned a helicopter
476.376,216,evacuee,,Evacuee;374;in triage state;Y;is at the evacuation site
478.388,3,evacueeManager,,OFF SHIP: White;0;Green;404;Yellow;46;Red;11;Black;39;ON SHIP: White;0;Green;0;Yellow;0;Red;0;Evacuees to Transfer;
478.388,1114,evacuee,outES,Evacuee 266 in triage category G is not assigned a helicopter
478.388,1114,evacuee,,Evacuee;266;in triage state;Y;is at the evacuation site
479.523,3,evacueeManager,,OFF SHIP: White;0;Green;404;Yellow;46;Red;10;Black;40;ON SHIP: White;0;Green;0;Yellow;0;Red;0;Evacuees to Transfer;
479.523,1248,evacuee,outES,Evacuee 28 in triage category R is not assigned a helicopter
479.523,1248,evacuee,,Evacuee;28;in triage state;B;is at the evacuation site
485.667,3,evacueeManager,,OFF SHIP: White;0;Green;403;Yellow;47;Red;10;Black;40;ON SHIP: White;0;Green;0;Yellow;0;Red;0;Evacuees to Transfer;
485.667,1045,evacuee,outES,Evacuee 160 in triage category G is not assigned a helicopter
485.667,1045,evacuee,,Evacuee;160;in triage state;Y;is at the evacuation site
487.82,3,evacueeManager,,OFF SHIP: White;0;Green;403;Yellow;47;Red;9;Black;41;ON SHIP: White;0;Green;0;Yellow;0;Red;0;Evacuees to Transfer;
487.82,763,evacuee,outES,Evacuee 334 in triage category R is not assigned a helicopter
487.82,763,evacuee,,Evacuee;334;in triage state;B;is at the evacuation site
493.976,3,evacueeManager,,OFF SHIP: White;0;Green;403;Yellow;47;Red;8;Black;42;ON SHIP: White;0;Green;0;Yellow;0;Red;0;Evacuees to Transfer;
493.976,1458,evacuee,outES,Evacuee 267 in triage category R is not assigned a helicopter
493.976,1458,evacuee,,Evacuee;267;in triage state;B;is at the evacuation site
501.524,3,evacueeManager,,OFF SHIP: White;0;Green;402;Yellow;48;Red;8;Black;42;ON SHIP: White;0;Green;0;Yellow;0;Red;0;Evacuees to Transfer;
501.524,772,evacuee,outES,Evacuee 250 in triage category G is not assigned a helicopter
501.524,772,evacuee,,Evacuee;250;in triage state;Y;is at the evacuation site
503.9,3,evacueeManager,,OFF SHIP: White;0;Green;402;Yellow;47;Red;9;Black;42;ON SHIP: White;0;Green;0;Yellow;0;Red;0;Evacuees to Transfer;
503.9,1257,evacuee,outES,Evacuee 162 in triage category Y is not assigned a helicopter
503.9,1257,evacuee,,Evacuee;162;in triage state;R;is at the evacuation site
505.487,3,evacueeManager,,OFF SHIP: White;0;Green;402;Yellow;46;Red;10;Black;42;ON SHIP: White;0;Green;0;Yellow;0;Red;0;Evacuees to Transfer;
505.487,71,evacuee,outES,Evacuee 495 in triage category Y is not assigned a helicopter
505.487,71,evacuee,,Evacuee;495;in triage state;R;is at the evacuation site
510.83,3,evacueeManager,,OFF SHIP: White;0;Green;401;Yellow;47;Red;10;Black;42;ON SHIP: White;0;Green;0;Yellow;0;Red;0;Evacuees to Transfer;
510.83,637,evacuee,outES,Evacuee 51 in triage category G is not assigned a helicopter
510.83,637,evacuee,,Evacuee;51;in triage state;Y;is at the evacuation site
513.18,3,evacueeManager,,OFF SHIP: White;0;Green;401;Yellow;47;Red;9;Black;43;ON SHIP: White;0;Green;0;Yellow;0;Red;0;Evacuees to Transfer;
513.18,973,evacuee,outES,Evacuee 61 in triage category R is not assigned a helicopter
513.18,973,evacuee,,Evacuee;61;in triage state;B;is at the evacuation site
518.125,3,evacueeManager,,OFF SHIP: White;0;Green;401;Yellow;46;Red;10;Black;43;ON SHIP: White;0;Green;0;Yellow;0;Red;0;Evacuees to Transfer;
518.125,98,evacuee,outES,Evacuee 437 in triage category Y is not assigned a helicopter
518.125,98,evacuee,,Evacuee;437;in triage state;R;is at the evacuation site
521.058,3,evacueeManager,,OFF SHIP: White;0;Green;401;Yellow;45;Red;11;Black;43;ON SHIP: White;0;Green;0;Yellow;0;Red;0;Evacuees to Transfer;
521.058,1039,evacuee,outES,Evacuee 429 in triage category Y is not assigned a helicopter
521.058,1039,evacuee,,Evacuee;429;in triage state;R;is at the evacuation site
521.089,3,evacueeManager,,OFF SHIP: White;0;Green;400;Yellow;46;Red;11;Black;43;ON SHIP: White;0;Green;0;Yellow;0;Red;0;Evacuees to Transfer;
521.089,841,evacuee,outES,Evacuee 285 in triage category G is not assigned a helicopter
521.089,841,evacuee,,Evacuee;285;in triage state;Y;is at the evacuation site
523.593,3,evacueeManager,,OFF SHIP: White;0;Green;399;Yellow;47;Red;11;Black;43;ON SHIP: White;0;Green;0;Yellow;0;Red;0;Evacuees to Transfer;
523.593,568,evacuee,outES,Evacuee 111 in triage category G is not assigned a helicopter
523.593,568,evacuee,,Evacuee;111;in triage state;Y;is at the evacuation site
524.477,3,evacueeManager,,OFF SHIP: White;0;Green;399;Yellow;47;Red;10;Black;44;ON SHIP: White;0;Green;0;Yellow;0;Red;0;Evacuees to Transfer;
524.477,703,evacuee,outES,Evacuee 134 in triage category R is not assigned a helicopter
524.477,703,evacuee,,Evacuee;134;in triage state;B;is at the evacuation site
535.105,3,evacueeManager,,OFF SHIP: White;0;Green;399;Yellow;47;Red;9;Black;45;ON SHIP: White;0;Green;0;Yellow;0;Red;0;Evacuees to Transfer;
535.105,577,evacuee,outES,Evacuee 497 in triage category R is not assigned a helicopter
535.105,577,evacuee,,Evacuee;497;in triage state;B;is at the evacuation site
535.553,3,evacueeManager,,OFF SHIP: White;0;Green;398;Yellow;48;Red;9;Black;45;ON SHIP: White;0;Green;0;Yellow;0;Red;0;Evacuees to Transfer;
535.553,1191,evacuee,outES,Evacuee 131 in triage category G is not assigned a helicopter
535.553,1191,evacuee,,Evacuee;131;in triage state;Y;is at the evacuation site
538.397,3,evacueeManager,,OFF SHIP: White;0;Green;398;Yellow;47;Red;10;Black;45;ON SHIP: White;0;Green;0;Yellow;0;Red;0;Evacuees to Transfer;
538.397,189,evacuee,outES,Evacuee 480 in triage category Y is not assigned a helicopter
538.397,189,evacuee,,Evacuee;480;in triage state;R;is at the evacuation site
539.104,3,evacueeManager,,OFF SHIP: White;0;Green;398;Yellow;47;Red;9;Black;46;ON SHIP: White;0;Green;0;Yellow;0;Red;0;Evacuees to Transfer;
539.104,98,evacuee,outES,Evacuee 437 in triage category R is not assigned a helicopter
539.104,98,evacuee,,Evacuee;437;in triage state;B;is at the evacuation site
540.813,3,evacueeManager,,OFF SHIP: White;0;Green;398;Yellow;46;Red;10;Black;46;ON SHIP: White;0;Green;0;Yellow;0;Red;0;Evacuees to Transfer;
540.813,1326,evacuee,outES,Evacuee 184 in triage category Y is not assigned a helicopter
540.813,1326,evacuee,,Evacuee;184;in triage state;R;is at the evacuation site
541.187,3,evacueeManager,,OFF SHIP: White;0;Green;397;Yellow;47;Red;10;Black;46;ON SHIP: White;0;Green;0;Yellow;0;Red;0;Evacuees to Transfer;
541.187,1467,evacuee,outES,Evacuee 236 in triage category G is not assigned a helicopter
541.187,1467,evacuee,,Evacuee;236;in triage state;Y;is at the evacuation site
549.535,3,evacueeManager,,OFF SHIP: White;0;Green;397;Yellow;46;Red;11;Black;46;ON SHIP: White;0;Green;0;Yellow;0;Red;0;Evacuees to Transfer;
549.535,216,evacuee,outES,Evacuee 374 in triage category Y is not assigned a helicopter
549.535,216,evacuee,,Evacuee;374;in triage state;R;is at the evacuation site
551.995,3,evacueeManager,,OFF SHIP: White;0;Green;397;Yellow;46;Red;10;Black;47;ON SHIP: White;0;Green;0;Yellow;0;Red;0;Evacuees to Transfer;
551.995,1257,evacuee,outES,Evacuee 162 in triage category R is not assigned a helicopter
551.995,1257,evacuee,,Evacuee;162;in triage state;B;is at the evacuation site
555.543,3,evacueeManager,,OFF SHIP: White;0;Green;397;Yellow;45;Red;11;Black;47;ON SHIP: White;0;Green;0;Yellow;0;Red;0;Evacuees to Transfer;
555.543,1464,evacuee,outES,Evacuee 233 in triage category Y is not assigned a helicopter
555.543,1464,evacuee,,Evacuee;233;in triage state;R;is at the evacuation site
559.888,3,evacueeManager,,OFF SHIP: White;0;Green;396;Yellow;46;Red;11;Black;47;ON SHIP: White;0;Green;0;Yellow;0;Red;0;Evacuees to Transfer;
559.888,910,evacuee,outES,Evacuee 157 in triage category G is not assigned a helicopter
559.888,910,evacuee,,Evacuee;157;in triage state;Y;is at the evacuation site
563.8,3,evacueeManager,,OFF SHIP: White;0;Green;396;Yellow;45;Red;12;Black;47;ON SHIP: White;0;Green;0;Yellow;0;Red;0;Evacuees to Transfer;
563.8,1395,evacuee,outES,Evacuee 205 in triage category Y is not assigned a helicopter
563.8,1395,evacuee,,Evacuee;205;in triage state;R;is at the evacuation site
564.031,3,evacueeManager,,OFF SHIP: White;0;Green;395;Yellow;46;Red;12;Black;47;ON SHIP: White;0;Green;0;Yellow;0;Red;0;Evacuees to Transfer;
564.031,101,evacuee,outES,Evacuee 436 in triage category G is not assigned a helicopter
564.031,101,evacuee,,Evacuee;436;in triage state;Y;is at the evacuation site
569.051,3,evacueeManager,,OFF SHIP: White;0;Green;394;Yellow;47;Red;12;Black;47;ON SHIP: White;0;Green;0;Yellow;0;Red;0;Evacuees to Transfer;
569.051,1260,evacuee,outES,Evacuee 163 in triage category G is not assigned a helicopter
569.051,1260,evacuee,,Evacuee;163;in triage state;Y;is at the evacuation site
569.788,3,evacueeManager,,OFF SHIP: White;0;Green;393;Yellow;48;Red;12;Black;47;ON SHIP: White;0;Green;0;Yellow;0;Red;0;Evacuees to Transfer;
569.788,1329,evacuee,outES,Evacuee 185 in triage category G is not assigned a helicopter
569.788,1329,evacuee,,Evacuee;185;in triage state;Y;is at the evacuation site
572.117,3,evacueeManager,,OFF SHIP: White;0;Green;393;Yellow;47;Red;13;Black;47;ON SHIP: White;0;Green;0;Yellow;0;Red;0;Evacuees to Transfer;
572.117,213,evacuee,outES,Evacuee 375 in triage category Y is not assigned a helicopter
572.117,213,evacuee,,Evacuee;375;in triage state;R;is at the evacuation site
574.48,3,evacueeManager,,OFF SHIP: White;0;Green;393;Yellow;47;Red;12;Black;48;ON SHIP: White;0;Green;0;Yellow;0;Red;0;Evacuees to Transfer;
574.48,1185,evacuee,outES,Evacuee 129 in triage category R is not assigned a helicopter
574.48,1185,evacuee,,Evacuee;129;in triage state;B;is at the evacuation site
575.342,3,evacueeManager,,OFF SHIP: White;0;Green;393;Yellow;46;Red;13;Black;48;ON SHIP: White;0;Green;0;Yellow;0;Red;0;Evacuees to Transfer;
575.342,1260,evacuee,outES,Evacuee 163 in triage category Y is not assigned a helicopter
575.342,1260,evacuee,,Evacuee;163;in triage state;R;is at the evacuation site
575.884,3,evacueeManager,,OFF SHIP: White;0;Green;393;Yellow;46;Red;12;Black;49;ON SHIP: White;0;Green;0;Yellow;0;Red;0;Evacuees to Transfer;
575.884,589,evacuee,outES,Evacuee 485 in triage category R is not assigned a helicopter
575.884,589,evacuee,,Evacuee;485;in triage state;B;is at the evacuation site
578.311,3,evacueeManager,,OFF SHIP: White;0;Green;393;Yellow;46;Red;11;Black;50;ON SHIP: White;0;Green;0;Yellow;0;Red;0;Evacuees to Transfer;
578.311,1395,evacuee,outES,Evacuee 205 in triage category R is not assigned a helicopter
578.311,1395,evacuee,,Evacuee;205;in triage state;B;is at the evacuation site
580.058,3,evacueeManager,,OFF SHIP: White;0;Green;393;Yellow;46;Red;10;Black;51;ON SHIP: White;0;Green;0;Yellow;0;Red;0;Evacuees to Transfer;
580.058,189,evacuee,outES,Evacuee 480 in triage category R is not assigned a helicopter
580.058,189,evacuee,,Evacuee;480;in triage state;B;is at the evacuation site
580.676,3,evacueeManager,,OFF SHIP: White;0;Green;393;Yellow;46;Red;9;Black;52;ON SHIP: White;0;Green;0;Yellow;0;Red;0;Evacuees to Transfer;
580.676,216,evacuee,outES,Evacuee 374 in triage category R is not assigned a helicopter
580.676,216,evacuee,,Evacuee;374;in triage state;B;is at the evacuation site
584.027,3,evacueeManager,,OFF SHIP: White;0;Green;392;Yellow;47;Red;9;Black;52;ON SHIP: White;0;Green;0;Yellow;0;Red;0;Evacuees to Transfer;
584.027,162,evacuee,outES,Evacuee 452 in triage category G is not assigned a helicopter
584.027,162,evacuee,,Evacuee;452;in triage state;Y;is at the evacuation site
585.375,3,evacueeManager,,OFF SHIP: White;0;Green;391;Yellow;48;Red;9;Black;52;ON SHIP: White;0;Green;0;Yellow;0;Red;0;Evacuees to Transfer;
585.375,979,evacuee,outES,Evacuee 41 in triage category G is not assigned a helicopter
585.375,979,evacuee,,Evacuee;41;in triage state;Y;is at the evacuation site
585.402,3,evacueeManager,,OFF SHIP: White;0;Green;391;Yellow;48;Red;8;Black;53;ON SHIP: White;0;Green;0;Yellow;0;Red;0;Evacuees to Transfer;
585.402,1039,evacuee,outES,Evacuee 429 in triage category R is not assigned a helicopter
585.402,1039,evacuee,,Evacuee;429;in triage state;B;is at the evacuation site
597.621,3,evacueeManager,,OFF SHIP: White;0;Green;391;Yellow;47;Red;9;Black;53;ON SHIP: White;0;Green;0;Yellow;0;Red;0;Evacuees to Transfer;
597.621,382,evacuee,outES,Evacuee 288 in triage category Y is not assigned a helicopter
597.621,382,evacuee,,Evacuee;288;in triage state;R;is at the evacuation site
598.135,3,evacueeManager,,OFF SHIP: White;0;Green;390;Yellow;48;Red;9;Black;53;ON SHIP: White;0;Green;0;Yellow;0;Red;0;Evacuees to Transfer;
598.135,1398,evacuee,outES,Evacuee 323 in triage category G is not assigned a helicopter
598.135,1398,evacuee,,Evacuee;323;in triage state;Y;is at the evacuation site
601.816,3,evacueeManager,,OFF SHIP: White;0;Green;390;Yellow;48;Red;8;Black;54;ON SHIP: White;0;Green;0;Yellow;0;Red;0;Evacuees to Transfer;
601.816,1464,evacuee,outES,Evacuee 233 in triage category R is not assigned a helicopter
601.816,1464,evacuee,,Evacuee;233;in triage state;B;is at the evacuation site
610.136,3,evacueeManager,,OFF SHIP: White;0;Green;389;Yellow;49;Red;8;Black;54;ON SHIP: White;0;Green;0;Yellow;0;Red;0;Evacuees to Transfer;
610.136,706,evacuee,outES,Evacuee 199 in triage category G is not assigned a helicopter
610.136,706,evacuee,,Evacuee;199;in triage state;Y;is at the evacuation site
611.224,3,evacueeManager,,OFF SHIP: White;0;Green;388;Yellow;50;Red;8;Black;54;ON SHIP: White;0;Green;0;Yellow;0;Red;0;Evacuees to Transfer;
611.224,334,evacuee,outES,Evacuee 313 in triage category G is not assigned a helicopter
611.224,334,evacuee,,Evacuee;313;in triage state;Y;is at the evacuation site
616.054,3,evacueeManager,,OFF SHIP: White;0;Green;387;Yellow;51;Red;8;Black;54;ON SHIP: White;0;Green;0;Yellow;0;Red;0;Evacuees to Transfer;
616.054,277,evacuee,outES,Evacuee 335 in triage category G is not assigned a helicopter
616.054,277,evacuee,,Evacuee;335;in triage state;Y;is at the evacuation site
616.431,3,evacueeManager,,OFF SHIP: White;0;Green;387;Yellow;50;Red;9;Black;54;ON SHIP: White;0;Green;0;Yellow;0;Red;0;Evacuees to Transfer;
616.431,1329,evacuee,outES,Evacuee 185 in triage category Y is not assigned a helicopter
616.431,1329,evacuee,,Evacuee;185;in triage state;R;is at the evacuation site
617.316,3,evacueeManager,,OFF SHIP: White;0;Green;387;Yellow;50;Red;8;Black;55;ON SHIP: White;0;Green;0;Yellow;0;Red;0;Evacuees to Transfer;
617.316,213,evacuee,outES,Evacuee 375 in triage category R is not assigned a helicopter
617.316,213,evacuee,,Evacuee;375;in triage state;B;is at the evacuation site
617.795,3,evacueeManager,,OFF SHIP: White;0;Green;387;Yellow;49;Red;9;Black;55;ON SHIP: White;0;Green;0;Yellow;0;Red;0;Evacuees to Transfer;
617.795,1036,evacuee,outES,Evacuee 64 in triage category Y is not assigned a helicopter
617.795,1036,evacuee,,Evacuee;64;in triage state;R;is at the evacuation site
628.61,3,evacueeManager,,OFF SHIP: White;0;Green;386;Yellow;50;Red;9;Black;55;ON SHIP: White;0;Green;0;Yellow;0;Red;0;Evacuees to Transfer;
628.61,1117,evacuee,outES,Evacuee 120 in triage category G is not assigned a helicopter
628.61,1117,evacuee,,Evacuee;120;in triage state;Y;is at the evacuation site
630.691,3,evacueeManager,,OFF SHIP: White;0;Green;386;Yellow;49;Red;10;Black;55;ON SHIP: White;0;Green;0;Yellow;0;Red;0;Evacuees to Transfer;
630.691,364,evacuee,outES,Evacuee 488 in triage category Y is not assigned a helicopter
630.691,364,evacuee,,Evacuee;488;in triage state;R;is at the evacuation site
637.925,3,evacueeManager,,OFF SHIP: White;0;Green;385;Yellow;50;Red;10;Black;55;ON SHIP: White;0;Green;0;Yellow;0;Red;0;Evacuees to Transfer;
637.925,448,evacuee,outES,Evacuee 260 in triage category G is not assigned a helicopter
637.925,448,evacuee,,Evacuee;260;in triage state;Y;is at the evacuation site
638.051,3,evacueeManager,,OFF SHIP: White;0;Green;385;Yellow;49;Red;11;Black;55;ON SHIP: White;0;Green;0;Yellow;0;Red;0;Evacuees to Transfer;
638.051,841,evacuee,outES,Evacuee 285 in triage category Y is not assigned a helicopter
638.051,841,evacuee,,Evacuee;285;in triage state;R;is at the evacuation site
639.092,3,evacueeManager,,OFF SHIP: White;0;Green;384;Yellow;50;Red;11;Black;55;ON SHIP: White;0;Green;0;Yellow;0;Red;0;Evacuees to Transfer;
639.092,1048,evacuee,outES,Evacuee 20 in triage category G is not assigned a helicopter
639.092,1048,evacuee,,Evacuee;20;in triage state;Y;is at the evacuation site
641.655,3,evacueeManager,,OFF SHIP: White;0;Green;384;Yellow;49;Red;12;Black;55;ON SHIP: White;0;Green;0;Yellow;0;Red;0;Evacuees to Transfer;
641.655,904,evacuee,outES,Evacuee 6 in triage category Y is not assigned a helicopter
641.655,904,evacuee,,Evacuee;6;in triage state;R;is at the evacuation site
643.161,3,evacueeManager,,OFF SHIP: White;0;Green;384;Yellow;49;Red;11;Black;56;ON SHIP: White;0;Green;0;Yellow;0;Red;0;Evacuees to Transfer;
643.161,499,evacuee,outES,Evacuee 118 in triage category R is not assigned a helicopter
643.161,499,evacuee,,Evacuee;118;in triage state;B;is at the evacuation site
651.154,3,evacueeManager,,OFF SHIP: White;0;Green;384;Yellow;48;Red;12;Black;56;ON SHIP: White;0;Green;0;Yellow;0;Red;0;Evacuees to Transfer;
651.154,1042,evacuee,outES,Evacuee 102 in triage category Y is not assigned a helicopter
651.154,1042,evacuee,,Evacuee;102;in triage state;R;is at the evacuation site
656.923,3,evacueeManager,,OFF SHIP: White;0;Green;383;Yellow;49;Red;12;Black;56;ON SHIP: White;0;Green;0;Yellow;0;Red;0;Evacuees to Transfer;
656.923,391,evacuee,outES,Evacuee 376 in triage category G is not assigned a helicopter
656.923,391,evacuee,,Evacuee;376;in triage state;Y;is at the evacuation site
657.13,3,evacueeManager,,OFF SHIP: White;0;Green;382;Yellow;50;Red;12;Black;56;ON SHIP: White;0;Green;0;Yellow;0;Red;0;Evacuees to Transfer;
657.13,640,evacuee,outES,Evacuee 444 in triage category G is not assigned a helicopter
657.13,640,evacuee,,Evacuee;444;in triage state;Y;is at the evacuation site
658.364,3,evacueeManager,,OFF SHIP: White;0;Green;382;Yellow;50;Red;11;Black;57;ON SHIP: White;0;Green;0;Yellow;0;Red;0;Evacuees to Transfer;
658.364,1326,evacuee,outES,Evacuee 184 in triage category R is not assigned a helicopter
658.364,1326,evacuee,,Evacuee;184;in triage state;B;is at the evacuation site
658.555,3,evacueeManager,,OFF SHIP: White;0;Green;382;Yellow;50;Red;10;Black;58;ON SHIP: White;0;Green;0;Yellow;0;Red;0;Evacuees to Transfer;
658.555,364,evacuee,outES,Evacuee 488 in triage category R is not assigned a helicopter
658.555,364,evacuee,,Evacuee;488;in triage state;B;is at the evacuation site
658.65,3,evacueeManager,,OFF SHIP: White;0;Green;381;Yellow;51;Red;10;Black;58;ON SHIP: White;0;Green;0;Yellow;0;Red;0;Evacuees to Transfer;
658.65,775,evacuee,outES,Evacuee 107 in triage category G is not assigned a helicopter
658.65,775,evacuee,,Evacuee;107;in triage state;Y;is at the evacuation site
660.155,3,evacueeManager,,OFF SHIP: White;0;Green;381;Yellow;50;Red;11;Black;58;ON SHIP: White;0;Green;0;Yellow;0;Red;0;Evacuees to Transfer;
660.155,334,evacuee,outES,Evacuee 313 in triage category Y is not assigned a helicopter
660.155,334,evacuee,,Evacuee;313;in triage state;R;is at the evacuation site
665.983,3,evacueeManager,,OFF SHIP: White;0;Green;380;Yellow;51;Red;11;Black;58;ON SHIP: White;0;Green;0;Yellow;0;Red;0;Evacuees to Transfer;
665.983,219,evacuee,outES,Evacuee 372 in triage category G is not assigned a helicopter
665.983,219,evacuee,,Evacuee;372;in triage state;Y;is at the evacuation site
667.36,3,evacueeManager,,OFF SHIP: White;0;Green;380;Yellow;51;Red;10;Black;59;ON SHIP: White;0;Green;0;Yellow;0;Red;0;Evacuees to Transfer;
667.36,32,evacuee,outES,Evacuee 482 in triage category R is not assigned a helicopter
667.36,32,evacuee,,Evacuee;482;in triage state;B;is at the evacuation site
667.406,3,evacueeManager,,OFF SHIP: White;0;Green;380;Yellow;51;Red;9;Black;60;ON SHIP: White;0;Green;0;Yellow;0;Red;0;Evacuees to Transfer;
667.406,1042,evacuee,outES,Evacuee 102 in triage category R is not assigned a helicopter
667.406,1042,evacuee,,Evacuee;102;in triage state;B;is at the evacuation site
671.63,3,evacueeManager,,OFF SHIP: White;0;Green;380;Yellow;50;Red;10;Black;60;ON SHIP: White;0;Green;0;Yellow;0;Red;0;Evacuees to Transfer;
671.63,442,evacuee,outES,Evacuee 264 in triage category Y is not assigned a helicopter
671.63,442,evacuee,,Evacuee;264;in triage state;R;is at the evacuation site
673.406,3,evacueeManager,,OFF SHIP: White;0;Green;379;Yellow;51;Red;10;Black;60;ON SHIP: White;0;Green;0;Yellow;0;Red;0;Evacuees to Transfer;
673.406,571,evacuee,outES,Evacuee 39 in triage category G is not assigned a helicopter
673.406,571,evacuee,,Evacuee;39;in triage state;Y;is at the evacuation site
673.615,3,evacueeManager,,OFF SHIP: White;0;Green;378;Yellow;52;Red;10;Black;60;ON SHIP: White;0;Green;0;Yellow;0;Red;0;Evacuees to Transfer;
673.615,844,evacuee,outES,Evacuee 89 in triage category G is not assigned a helicopter
673.615,844,evacuee,,Evacuee;89;in triage state;Y;is at the evacuation site
680.625,3,evacueeManager,,OFF SHIP: White;0;Green;378;Yellow;52;Red;9;Black;61;ON SHIP: White;0;Green;0;Yellow;0;Red;0;Evacuees to Transfer;
680.625,334,evacuee,outES,Evacuee 313 in triage category R is not assigned a helicopter
680.625,334,evacuee,,Evacuee;313;in triage state;B;is at the evacuation site
691.634,3,evacueeManager,,OFF SHIP: White;0;Green;378;Yellow;51;Red;10;Black;61;ON SHIP: White;0;Green;0;Yellow;0;Red;0;Evacuees to Transfer;
691.634,979,evacuee,outES,Evacuee 41 in triage category Y is not assigned a helicopter
691.634,979,evacuee,,Evacuee;41;in triage state;R;is at the evacuation site
691.732,3,evacueeManager,,OFF SHIP: White;0;Green;377;Yellow;52;Red;10;Black;61;ON SHIP: White;0;Green;0;Yellow;0;Red;0;Evacuees to Transfer;
691.732,1194,evacuee,outES,Evacuee 137 in triage category G is not assigned a helicopter
691.732,1194,evacuee,,Evacuee;137;in triage state;Y;is at the evacuation site
694.396,3,evacueeManager,,OFF SHIP: White;0;Green;377;Yellow;52;Red;9;Black;62;ON SHIP: White;0;Green;0;Yellow;0;Red;0;Evacuees to Transfer;
694.396,1260,evacuee,outES,Evacuee 163 in triage category R is not assigned a helicopter
694.396,1260,evacuee,,Evacuee;163;in triage state;B;is at the evacuation site
697.267,3,evacueeManager,,OFF SHIP: White;0;Green;377;Yellow;51;Red;10;Black;62;ON SHIP: White;0;Green;0;Yellow;0;Red;0;Evacuees to Transfer;
697.267,219,evacuee,outES,Evacuee 372 in triage category Y is not assigned a helicopter
697.267,219,evacuee,,Evacuee;372;in triage state;R;is at the evacuation site
698.637,3,evacueeManager,,OFF SHIP: White;0;Green;377;Yellow;51;Red;9;Black;63;ON SHIP: White;0;Green;0;Yellow;0;Red;0;Evacuees to Transfer;
698.637,382,evacuee,outES,Evacuee 288 in triage category R is not assigned a helicopter
698.637,382,evacuee,,Evacuee;288;in triage state;B;is at the evacuation site
703.429,3,evacueeManager,,OFF SHIP: White;0;Green;376;Yellow;52;Red;9;Black;63;ON SHIP: White;0;Green;0;Yellow;0;Red;0;Evacuees to Transfer;
703.429,1470,evacuee,outES,Evacuee 7 in triage category G is not assigned a helicopter
703.429,1470,evacuee,,Evacuee;7;in triage state;Y;is at the evacuation site
706.55,3,evacueeManager,,OFF SHIP: White;0;Green;376;Yellow;52;Red;8;Black;64;ON SHIP: White;0;Green;0;Yellow;0;Red;0;Evacuees to Transfer;
706.55,841,evacuee,outES,Evacuee 285 in triage category R is not assigned a helicopter
706.55,841,evacuee,,Evacuee;285;in triage state;B;is at the evacuation site
711.652,3,evacueeManager,,OFF SHIP: White;0;Green;375;Yellow;53;Red;8;Black;64;ON SHIP: White;0;Green;0;Yellow;0;Red;0;Evacuees to Transfer;
711.652,913,evacuee,outES,Evacuee 451 in triage category G is not assigned a helicopter
711.652,913,evacuee,,Evacuee;451;in triage state;Y;is at the evacuation site
721.312,3,evacueeManager,,OFF SHIP: White;0;Green;374;Yellow;54;Red;8;Black;64;ON SHIP: White;0;Green;0;Yellow;0;Red;0;Evacuees to Transfer;
721.312,1263,evacuee,outES,Evacuee 166 in triage category G is not assigned a helicopter
721.312,1263,evacuee,,Evacuee;166;in triage state;Y;is at the evacuation site
722.089,3,evacueeManager,,OFF SHIP: White;0;Green;373;Yellow;55;Red;8;Black;64;ON SHIP: White;0;Green;0;Yellow;0;Red;0;Evacuees to Transfer;
722.089,1332,evacuee,outES,Evacuee 186 in triage category G is not assigned a helicopter
722.089,1332,evacuee,,Evacuee;186;in triage state;Y;is at the evacuation site
724.733,3,evacueeManager,,OFF SHIP: White;0;Green;373;Yellow;54;Red;9;Black;64;ON SHIP: White;0;Green;0;Yellow;0;Red;0;Evacuees to Transfer;
724.733,388,evacuee,outES,Evacuee 415 in triage category Y is not assigned a helicopter
724.733,388,evacuee,,Evacuee;415;in triage state;R;is at the evacuation site
732.191,3,evacueeManager,,OFF SHIP: White;0;Green;373;Yellow;54;Red;8;Black;65;ON SHIP: White;0;Green;0;Yellow;0;Red;0;Evacuees to Transfer;
732.191,904,evacuee,outES,Evacuee 6 in triage category R is not assigned a helicopter
732.191,904,evacuee,,Evacuee;6;in triage state;B;is at the evacuation site
732.855,3,evacueeManager,,OFF SHIP: White;0;Green;373;Yellow;53;Red;9;Black;65;ON SHIP: White;0;Green;0;Yellow;0;Red;0;Evacuees to Transfer;
732.855,901,evacuee,outES,Evacuee 119 in triage category Y is not assigned a helicopter
732.855,901,evacuee,,Evacuee;119;in triage state;R;is at the evacuation site
736.222,3,evacueeManager,,OFF SHIP: White;0;Green;373;Yellow;52;Red;10;Black;65;ON SHIP: White;0;Green;0;Yellow;0;Red;0;Evacuees to Transfer;
736.222,1108,evacuee,outES,Evacuee 182 in triage category Y is not assigned a helicopter
736.222,1108,evacuee,,Evacuee;182;in triage state;R;is at the evacuation site
747.299,3,evacueeManager,,OFF SHIP: White;0;Green;373;Yellow;52;Red;9;Black;66;ON SHIP: White;0;Green;0;Yellow;0;Red;0;Evacuees to Transfer;
747.299,1108,evacuee,outES,Evacuee 182 in triage category R is not assigned a helicopter
747.299,1108,evacuee,,Evacuee;182;in triage state;B;is at the evacuation site
750.199,3,evacueeManager,,OFF SHIP: White;0;Green;372;Yellow;53;Red;9;Black;66;ON SHIP: White;0;Green;0;Yellow;0;Red;0;Evacuees to Transfer;
750.199,982,evacuee,outES,Evacuee 304 in triage category G is not assigned a helicopter
750.199,982,evacuee,,Evacuee;304;in triage state;Y;is at the evacuation site
751.983,3,evacueeManager,,OFF SHIP: White;0;Green;371;Yellow;54;Red;9;Black;66;ON SHIP: White;0;Green;0;Yellow;0;Red;0;Evacuees to Transfer;
751.983,1401,evacuee,outES,Evacuee 180 in triage category G is not assigned a helicopter
751.983,1401,evacuee,,Evacuee;180;in triage state;Y;is at the evacuation site
762.056,3,evacueeManager,,OFF SHIP: White;0;Green;371;Yellow;53;Red;10;Black;66;ON SHIP: White;0;Green;0;Yellow;0;Red;0;Evacuees to Transfer;
762.056,159,evacuee,outES,Evacuee 397 in triage category Y is not assigned a helicopter
762.056,159,evacuee,,Evacuee;397;in triage state;R;is at the evacuation site
767.159,3,evacueeManager,,OFF SHIP: White;0;Green;371;Yellow;53;Red;9;Black;67;ON SHIP: White;0;Green;0;Yellow;0;Red;0;Evacuees to Transfer;
767.159,159,evacuee,outES,Evacuee 397 in triage category R is not assigned a helicopter
767.159,159,evacuee,,Evacuee;397;in triage state;B;is at the evacuation site
770.487,3,evacueeManager,,OFF SHIP: White;0;Green;371;Yellow;52;Red;10;Black;67;ON SHIP: White;0;Green;0;Yellow;0;Red;0;Evacuees to Transfer;
770.487,277,evacuee,outES,Evacuee 335 in triage category Y is not assigned a helicopter
770.487,277,evacuee,,Evacuee;335;in triage state;R;is at the evacuation site
775.202,3,evacueeManager,,OFF SHIP: White;0;Green;370;Yellow;53;Red;10;Black;67;ON SHIP: White;0;Green;0;Yellow;0;Red;0;Evacuees to Transfer;
775.202,165,evacuee,outES,Evacuee 396 in triage category G is not assigned a helicopter
775.202,165,evacuee,,Evacuee;396;in triage state;Y;is at the evacuation site
776.426,3,evacueeManager,,OFF SHIP: White;0;Green;369;Yellow;54;Red;10;Black;67;ON SHIP: White;0;Green;0;Yellow;0;Red;0;Evacuees to Transfer;
776.426,709,evacuee,outES,Evacuee 66 in triage category G is not assigned a helicopter
776.426,709,evacuee,,Evacuee;66;in triage state;Y;is at the evacuation site
777.268,3,evacueeManager,,OFF SHIP: White;0;Green;369;Yellow;54;Red;9;Black;68;ON SHIP: White;0;Green;0;Yellow;0;Red;0;Evacuees to Transfer;
777.268,71,evacuee,outES,Evacuee 495 in triage category R is not assigned a helicopter
777.268,71,evacuee,,Evacuee;495;in triage state;B;is at the evacuation site
785.26,3,evacueeManager,,OFF SHIP: White;0;Green;369;Yellow;53;Red;10;Black;68;ON SHIP: White;0;Green;0;Yellow;0;Red;0;Evacuees to Transfer;
785.26,1117,evacuee,outES,Evacuee 120 in triage category Y is not assigned a helicopter
785.26,1117,evacuee,,Evacuee;120;in triage state;R;is at the evacuation site
788.271,3,evacueeManager,,OFF SHIP: White;0;Green;369;Yellow;52;Red;11;Black;68;ON SHIP: White;0;Green;0;Yellow;0;Red;0;Evacuees to Transfer;
788.271,1254,evacuee,outES,Evacuee 234 in triage category Y is not assigned a helicopter
788.271,1254,evacuee,,Evacuee;234;in triage state;R;is at the evacuation site
790.471,3,evacueeManager,,OFF SHIP: White;0;Green;369;Yellow;52;Red;10;Black;69;ON SHIP: White;0;Green;0;Yellow;0;Red;0;Evacuees to Transfer;
790.471,1117,evacuee,outES,Evacuee 120 in triage category R is not assigned a helicopter
790.471,1117,evacuee,,Evacuee;120;in triage state;B;is at the evacuation site
791.596,3,evacueeManager,,OFF SHIP: White;0;Green;369;Yellow;51;Red;11;Black;69;ON SHIP: White;0;Green;0;Yellow;0;Red;0;Evacuees to Transfer;
791.596,1048,evacuee,outES,Evacuee 20 in triage category Y is not assigned a helicopter
791.596,1048,evacuee,,Evacuee;20;in triage state;R;is at the evacuation site
792.594,3,evacueeManager,,OFF SHIP: White;0;Green;369;Yellow;50;Red;12;Black;69;ON SHIP: White;0;Green;0;Yellow;0;Red;0;Evacuees to Transfer;
792.594,1194,evacuee,outES,Evacuee 137 in triage category Y is not assigned a helicopter
792.594,1194,evacuee,,Evacuee;137;in triage state;R;is at the evacuation site
796.232,3,evacueeManager,,OFF SHIP: White;0;Green;369;Yellow;49;Red;13;Black;69;ON SHIP: White;0;Green;0;Yellow;0;Red;0;Evacuees to Transfer;
796.232,1398,evacuee,outES,Evacuee 323 in triage category Y is not assigned a helicopter
796.232,1398,evacuee,,Evacuee;323;in triage state;R;is at the evacuation site
798.32,3,evacueeManager,,OFF SHIP: White;0;Green;368;Yellow;50;Red;13;Black;69;ON SHIP: White;0;Green;0;Yellow;0;Red;0;Evacuees to Transfer;
798.32,337,evacuee,outES,Evacuee 443 in triage category G is not assigned a helicopter
798.32,337,evacuee,,Evacuee;443;in triage state;Y;is at the evacuation site
801.078,3,evacueeManager,,OFF SHIP: White;0;Green;367;Yellow;51;Red;13;Black;69;ON SHIP: White;0;Green;0;Yellow;0;Red;0;Evacuees to Transfer;
801.078,108,evacuee,outES,Evacuee 434 in triage category G is not assigned a helicopter
801.078,108,evacuee,,Evacuee;434;in triage state;Y;is at the evacuation site
801.422,3,evacueeManager,,OFF SHIP: White;0;Green;367;Yellow;50;Red;14;Black;69;ON SHIP: White;0;Green;0;Yellow;0;Red;0;Evacuees to Transfer;
801.422,982,evacuee,outES,Evacuee 304 in triage category Y is not assigned a helicopter
801.422,982,evacuee,,Evacuee;304;in triage state;R;is at the evacuation site
802.146,3,evacueeManager,,OFF SHIP: White;0;Green;367;Yellow;50;Red;13;Black;70;ON SHIP: White;0;Green;0;Yellow;0;Red;0;Evacuees to Transfer;
802.146,1254,evacuee,outES,Evacuee 234 in triage category R is not assigned a helicopter
802.146,1254,evacuee,,Evacuee;234;in triage state;B;is at the evacuation site
806.009,3,evacueeManager,,OFF SHIP: White;0;Green;367;Yellow;50;Red;12;Black;71;ON SHIP: White;0;Green;0;Yellow;0;Red;0;Evacuees to Transfer;
806.009,979,evacuee,outES,Evacuee 41 in triage category R is not assigned a helicopter
806.009,979,evacuee,,Evacuee;41;in triage state;B;is at the evacuation site
807.111,3,evacueeManager,,OFF SHIP: White;0;Green;366;Yellow;51;Red;12;Black;71;ON SHIP: White;0;Green;0;Yellow;0;Red;0;Evacuees to Transfer;
807.111,1051,evacuee,outES,Evacuee 35 in triage category G is not assigned a helicopter
807.111,1051,evacuee,,Evacuee;35;in triage state;Y;is at the evacuation site
808.296,3,evacueeManager,,OFF SHIP: White;0;Green;366;Yellow;51;Red;11;Black;72;ON SHIP: White;0;Green;0;Yellow;0;Red;0;Evacuees to Transfer;
808.296,1398,evacuee,outES,Evacuee 323 in triage category R is not assigned a helicopter
808.296,1398,evacuee,,Evacuee;323;in triage state;B;is at the evacuation site
809.659,3,evacueeManager,,OFF SHIP: White;0;Green;365;Yellow;52;Red;11;Black;72;ON SHIP: White;0;Green;0;Yellow;0;Red;0;Evacuees to Transfer;
809.659,508,evacuee,outES,Evacuee 470 in triage category G is not assigned a helicopter
809.659,508,evacuee,,Evacuee;470;in triage state;Y;is at the evacuation site
815.417,3,evacueeManager,,OFF SHIP: White;0;Green;364;Yellow;53;Red;11;Black;72;ON SHIP: White;0;Green;0;Yellow;0;Red;0;Evacuees to Transfer;
815.417,280,evacuee,outES,Evacuee 331 in triage category G is not assigned a helicopter
815.417,280,evacuee,,Evacuee;331;in triage state;Y;is at the evacuation site
816.468,3,evacueeManager,,OFF SHIP: White;0;Green;364;Yellow;52;Red;12;Black;72;ON SHIP: White;0;Green;0;Yellow;0;Red;0;Evacuees to Transfer;
816.468,271,evacuee,outES,Evacuee 340 in triage category Y is not assigned a helicopter
816.468,271,evacuee,,Evacuee;340;in triage state;R;is at the evacuation site
819.184,3,evacueeManager,,OFF SHIP: White;0;Green;364;Yellow;51;Red;13;Black;72;ON SHIP: White;0;Green;0;Yellow;0;Red;0;Evacuees to Transfer;
819.184,970,evacuee,outES,Evacuee 116 in triage category Y is not assigned a helicopter
819.184,970,evacuee,,Evacuee;116;in triage state;R;is at the evacuation site
819.983,3,evacueeManager,,OFF SHIP: White;0;Green;364;Yellow;50;Red;14;Black;72;ON SHIP: White;0;Green;0;Yellow;0;Red;0;Evacuees to Transfer;
819.983,1114,evacuee,outES,Evacuee 266 in triage category Y is not assigned a helicopter
819.983,1114,evacuee,,Evacuee;266;in triage state;R;is at the evacuation site
820.238,3,evacueeManager,,OFF SHIP: White;0;Green;363;Yellow;51;Red;14;Black;72;ON SHIP: White;0;Green;0;Yellow;0;Red;0;Evacuees to Transfer;
820.238,643,evacuee,outES,Evacuee 80 in triage category G is not assigned a helicopter
820.238,643,evacuee,,Evacuee;80;in triage state;Y;is at the evacuation site
825.642,3,evacueeManager,,OFF SHIP: White;0;Green;363;Yellow;51;Red;13;Black;73;ON SHIP: White;0;Green;0;Yellow;0;Red;0;Evacuees to Transfer;
825.642,901,evacuee,outES,Evacuee 119 in triage category R is not assigned a helicopter
825.642,901,evacuee,,Evacuee;119;in triage state;B;is at the evacuation site
826.177,3,evacueeManager,,OFF SHIP: White;0;Green;363;Yellow;50;Red;14;Black;73;ON SHIP: White;0;Green;0;Yellow;0;Red;0;Evacuees to Transfer;
826.177,817,evacuee,outES,Evacuee 487 in triage category Y is not assigned a helicopter
826.177,817,evacuee,,Evacuee;487;in triage state;R;is at the evacuation site
827.849,3,evacueeManager,,OFF SHIP: White;0;Green;362;Yellow;51;Red;14;Black;73;ON SHIP: White;0;Green;0;Yellow;0;Red;0;Evacuees to Transfer;
827.849,778,evacuee,outES,Evacuee 229 in triage category G is not assigned a helicopter
827.849,778,evacuee,,Evacuee;229;in triage state;Y;is at the evacuation site
828.181,3,evacueeManager,,OFF SHIP: White;0;Green;362;Yellow;50;Red;15;Black;73;ON SHIP: White;0;Green;0;Yellow;0;Red;0;Evacuees to Transfer;
828.181,385,evacuee,outES,Evacuee 287 in triage category Y is not assigned a helicopter
828.181,385,evacuee,,Evacuee;287;in triage state;R;is at the evacuation site
831.442,3,evacueeManager,,OFF SHIP: White;0;Green;361;Yellow;51;Red;15;Black;73;ON SHIP: White;0;Green;0;Yellow;0;Red;0;Evacuees to Transfer;
831.442,574,evacuee,outES,Evacuee 228 in triage category G is not assigned a helicopter
831.442,574,evacuee,,Evacuee;228;in triage state;Y;is at the evacuation site
831.883,3,evacueeManager,,OFF SHIP: White;0;Green;360;Yellow;52;Red;15;Black;73;ON SHIP: White;0;Green;0;Yellow;0;Red;0;Evacuees to Transfer;
831.883,1124,evacuee,outES,Evacuee 94 in triage category G is not assigned a helicopter
831.883,1124,evacuee,,Evacuee;94;in triage state;Y;is at the evacuation site
832.836,3,evacueeManager,,OFF SHIP: White;0;Green;359;Yellow;53;Red;15;Black;73;ON SHIP: White;0;Green;0;Yellow;0;Red;0;Evacuees to Transfer;
832.836,451,evacuee,outES,Evacuee 259 in triage category G is not assigned a helicopter
832.836,451,evacuee,,Evacuee;259;in triage state;Y;is at the evacuation site
833.363,3,evacueeManager,,OFF SHIP: White;0;Green;359;Yellow;52;Red;16;Black;73;ON SHIP: White;0;Green;0;Yellow;0;Red;0;Evacuees to Transfer;
833.363,108,evacuee,outES,Evacuee 434 in triage category Y is not assigned a helicopter
833.363,108,evacuee,,Evacuee;434;in triage state;R;is at the evacuation site
833.831,3,evacueeManager,,OFF SHIP: White;0;Green;359;Yellow;52;Red;15;Black;74;ON SHIP: White;0;Green;0;Yellow;0;Red;0;Evacuees to Transfer;
833.831,95,evacuee,outES,Evacuee 439 in triage category R is not assigned a helicopter
833.831,95,evacuee,,Evacuee;439;in triage state;B;is at the evacuation site
834.502,3,evacueeManager,,OFF SHIP: White;0;Green;359;Yellow;51;Red;16;Black;74;ON SHIP: White;0;Green;0;Yellow;0;Red;0;Evacuees to Transfer;
834.502,101,evacuee,outES,Evacuee 436 in triage category Y is not assigned a helicopter
834.502,101,evacuee,,Evacuee;436;in triage state;R;is at the evacuation site
834.672,3,evacueeManager,,OFF SHIP: White;0;Green;358;Yellow;52;Red;16;Black;74;ON SHIP: White;0;Green;0;Yellow;0;Red;0;Evacuees to Transfer;
834.672,847,evacuee,outES,Evacuee 394 in triage category G is not assigned a helicopter
834.672,847,evacuee,,Evacuee;394;in triage state;Y;is at the evacuation site
843.764,3,evacueeManager,,OFF SHIP: White;0;Green;358;Yellow;52;Red;15;Black;75;ON SHIP: White;0;Green;0;Yellow;0;Red;0;Evacuees to Transfer;
843.764,817,evacuee,outES,Evacuee 487 in triage category R is not assigned a helicopter
843.764,817,evacuee,,Evacuee;487;in triage state;B;is at the evacuation site
848.293,3,evacueeManager,,OFF SHIP: White;0;Green;358;Yellow;51;Red;16;Black;75;ON SHIP: White;0;Green;0;Yellow;0;Red;0;Evacuees to Transfer;
848.293,571,evacuee,outES,Evacuee 39 in triage category Y is not assigned a helicopter
848.293,571,evacuee,,Evacuee;39;in triage state;R;is at the evacuation site
848.391,3,evacueeManager,,OFF SHIP: White;0;Green;358;Yellow;51;Red;15;Black;76;ON SHIP: White;0;Green;0;Yellow;0;Red;0;Evacuees to Transfer;
848.391,277,evacuee,outES,Evacuee 335 in triage category R is not assigned a helicopter
848.391,277,evacuee,,Evacuee;335;in triage state;B;is at the evacuation site
850.139,3,evacueeManager,,OFF SHIP: White;0;Green;357;Yellow;52;Red;15;Black;76;ON SHIP: White;0;Green;0;Yellow;0;Red;0;Evacuees to Transfer;
850.139,394,evacuee,outES,Evacuee 284 in triage category G is not assigned a helicopter
850.139,394,evacuee,,Evacuee;284;in triage state;Y;is at the evacuation site
851.869,3,evacueeManager,,OFF SHIP: White;0;Green;357;Yellow;51;Red;16;Black;76;ON SHIP: White;0;Green;0;Yellow;0;Red;0;Evacuees to Transfer;
851.869,1263,evacuee,outES,Evacuee 166 in triage category Y is not assigned a helicopter
851.869,1263,evacuee,,Evacuee;166;in triage state;R;is at the evacuation site
856.619,3,evacueeManager,,OFF SHIP: White;0;Green;357;Yellow;51;Red;15;Black;77;ON SHIP: White;0;Green;0;Yellow;0;Red;0;Evacuees to Transfer;
856.619,271,evacuee,outES,Evacuee 340 in triage category R is not assigned a helicopter
856.619,271,evacuee,,Evacuee;340;in triage state;B;is at the evacuation site
856.869,3,evacueeManager,,OFF SHIP: White;0;Green;356;Yellow;52;Red;15;Black;77;ON SHIP: White;0;Green;0;Yellow;0;Red;0;Evacuees to Transfer;
856.869,1197,evacuee,outES,Evacuee 138 in triage category G is not assigned a helicopter
856.869,1197,evacuee,,Evacuee;138;in triage state;Y;is at the evacuation site
857.566,3,evacueeManager,,OFF SHIP: White;0;Green;356;Yellow;51;Red;16;Black;77;ON SHIP: White;0;Green;0;Yellow;0;Red;0;Evacuees to Transfer;
857.566,1320,evacuee,outES,Evacuee 232 in triage category Y is not assigned a helicopter
857.566,1320,evacuee,,Evacuee;232;in triage state;R;is at the evacuation site
859.83,3,evacueeManager,,OFF SHIP: White;0;Green;355;Yellow;52;Red;16;Black;77;ON SHIP: White;0;Green;0;Yellow;0;Red;0;Evacuees to Transfer;
859.83,222,evacuee,outES,Evacuee 371 in triage category G is not assigned a helicopter
859.83,222,evacuee,,Evacuee;371;in triage state;Y;is at the evacuation site
864.018,3,evacueeManager,,OFF SHIP: White;0;Green;355;Yellow;52;Red;15;Black;78;ON SHIP: White;0;Green;0;Yellow;0;Red;0;Evacuees to Transfer;
864.018,101,evacuee,outES,Evacuee 436 in triage category R is not assigned a helicopter
864.018,101,evacuee,,Evacuee;436;in triage state;B;is at the evacuation site
866.211,3,evacueeManager,,OFF SHIP: White;0;Green;354;Yellow;53;Red;15;Black;78;ON SHIP: White;0;Green;0;Yellow;0;Red;0;Evacuees to Transfer;
866.211,1473,evacuee,outES,Evacuee 237 in triage category G is not assigned a helicopter
866.211,1473,evacuee,,Evacuee;237;in triage state;Y;is at the evacuation site
870.729,3,evacueeManager,,OFF SHIP: White;0;Green;354;Yellow;53;Red;14;Black;79;ON SHIP: White;0;Green;0;Yellow;0;Red;0;Evacuees to Transfer;
870.729,1036,evacuee,outES,Evacuee 64 in triage category R is not assigned a helicopter
870.729,1036,evacuee,,Evacuee;64;in triage state;B;is at the evacuation site
877.177,3,evacueeManager,,OFF SHIP: White;0;Green;354;Yellow;53;Red;13;Black;80;ON SHIP: White;0;Green;0;Yellow;0;Red;0;Evacuees to Transfer;
877.177,982,evacuee,outES,Evacuee 304 in triage category R is not assigned a helicopter
877.177,982,evacuee,,Evacuee;304;in triage state;B;is at the evacuation site
878.578,3,evacueeManager,,OFF SHIP: White;0;Green;354;Yellow;53;Red;12;Black;81;ON SHIP: White;0;Green;0;Yellow;0;Red;0;Evacuees to Transfer;
878.578,1048,evacuee,outES,Evacuee 20 in triage category R is not assigned a helicopter
878.578,1048,evacuee,,Evacuee;20;in triage state;B;is at the evacuation site
880.187,3,evacueeManager,,OFF SHIP: White;0;Green;354;Yellow;52;Red;13;Black;81;ON SHIP: White;0;Green;0;Yellow;0;Red;0;Evacuees to Transfer;
880.187,165,evacuee,outES,Evacuee 396 in triage category Y is not assigned a helicopter
880.187,165,evacuee,,Evacuee;396;in triage state;R;is at the evacuation site
880.996,3,evacueeManager,,OFF SHIP: White;0;Green;354;Yellow;52;Red;12;Black;82;ON SHIP: White;0;Green;0;Yellow;0;Red;0;Evacuees to Transfer;
880.996,970,evacuee,outES,Evacuee 116 in triage category R is not assigned a helicopter
880.996,970,evacuee,,Evacuee;116;in triage state;B;is at the evacuation site
881.028,3,evacueeManager,,OFF SHIP: White;0;Green;353;Yellow;53;Red;12;Black;82;ON SHIP: White;0;Green;0;Yellow;0;Red;0;Evacuees to Transfer;
881.028,916,evacuee,outES,Evacuee 359 in triage category G is not assigned a helicopter
881.028,916,evacuee,,Evacuee;359;in triage state;Y;is at the evacuation site
882.073,3,evacueeManager,,OFF SHIP: White;0;Green;352;Yellow;54;Red;12;Black;82;ON SHIP: White;0;Green;0;Yellow;0;Red;0;Evacuees to Transfer;
882.073,1266,evacuee,outES,Evacuee 16 in triage category G is not assigned a helicopter
882.073,1266,evacuee,,Evacuee;16;in triage state;Y;is at the evacuation site
887.504,3,evacueeManager,,OFF SHIP: White;0;Green;352;Yellow;53;Red;13;Black;82;ON SHIP: White;0;Green;0;Yellow;0;Red;0;Evacuees to Transfer;
887.504,574,evacuee,outES,Evacuee 228 in triage category Y is not assigned a helicopter
887.504,574,evacuee,,Evacuee;228;in triage state;R;is at the evacuation site
889.027,3,evacueeManager,,OFF SHIP: White;0;Green;351;Yellow;54;Red;13;Black;82;ON SHIP: White;0;Green;0;Yellow;0;Red;0;Evacuees to Transfer;
889.027,1335,evacuee,outES,Evacuee 417 in triage category G is not assigned a helicopter
889.027,1335,evacuee,,Evacuee;417;in triage state;Y;is at the evacuation site
890.26,3,evacueeManager,,OFF SHIP: White;0;Green;351;Yellow;54;Red;12;Black;83;ON SHIP: White;0;Green;0;Yellow;0;Red;0;Evacuees to Transfer;
890.26,1263,evacuee,outES,Evacuee 166 in triage category R is not assigned a helicopter
890.26,1263,evacuee,,Evacuee;166;in triage state;B;is at the evacuation site
896.071,3,evacueeManager,,OFF SHIP: White;0;Green;351;Yellow;54;Red;11;Black;84;ON SHIP: White;0;Green;0;Yellow;0;Red;0;Evacuees to Transfer;
896.071,1320,evacuee,outES,Evacuee 232 in triage category R is not assigned a helicopter
896.071,1320,evacuee,,Evacuee;232;in triage state;B;is at the evacuation site
900.465,3,evacueeManager,,OFF SHIP: White;0;Green;351;Yellow;53;Red;12;Black;84;ON SHIP: White;0;Green;0;Yellow;0;Red;0;Evacuees to Transfer;
900.465,916,evacuee,outES,Evacuee 359 in triage category Y is not assigned a helicopter
900.465,916,evacuee,,Evacuee;359;in triage state;R;is at the evacuation site
908.21,3,evacueeManager,,OFF SHIP: White;0;Green;351;Yellow;53;Red;11;Black;85;ON SHIP: White;0;Green;0;Yellow;0;Red;0;Evacuees to Transfer;
908.21,571,evacuee,outES,Evacuee 39 in triage category R is not assigned a helicopter
908.21,571,evacuee,,Evacuee;39;in triage state;B;is at the evacuation site
909.441,3,evacueeManager,,OFF SHIP: White;0;Green;351;Yellow;53;Red;10;Black;86;ON SHIP: White;0;Green;0;Yellow;0;Red;0;Evacuees to Transfer;
909.441,1329,evacuee,outES,Evacuee 185 in triage category R is not assigned a helicopter
909.441,1329,evacuee,,Evacuee;185;in triage state;B;is at the evacuation site
914.036,3,evacueeManager,,OFF SHIP: White;0;Green;351;Yellow;52;Red;11;Black;86;ON SHIP: White;0;Green;0;Yellow;0;Red;0;Evacuees to Transfer;
914.036,445,evacuee,outES,Evacuee 262 in triage category Y is not assigned a helicopter
914.036,445,evacuee,,Evacuee;262;in triage state;R;is at the evacuation site
917.614,3,evacueeManager,,OFF SHIP: White;0;Green;350;Yellow;53;Red;11;Black;86;ON SHIP: White;0;Green;0;Yellow;0;Red;0;Evacuees to Transfer;
917.614,1404,evacuee,outES,Evacuee 206 in triage category G is not assigned a helicopter
917.614,1404,evacuee,,Evacuee;206;in triage state;Y;is at the evacuation site
921.025,3,evacueeManager,,OFF SHIP: White;0;Green;350;Yellow;52;Red;12;Black;86;ON SHIP: White;0;Green;0;Yellow;0;Red;0;Evacuees to Transfer;
921.025,706,evacuee,outES,Evacuee 199 in triage category Y is not assigned a helicopter
921.025,706,evacuee,,Evacuee;199;in triage state;R;is at the evacuation site
921.926,3,evacueeManager,,OFF SHIP: White;0;Green;349;Yellow;53;Red;12;Black;86;ON SHIP: White;0;Green;0;Yellow;0;Red;0;Evacuees to Transfer;
921.926,985,evacuee,outES,Evacuee 154 in triage category G is not assigned a helicopter
921.926,985,evacuee,,Evacuee;154;in triage state;Y;is at the evacuation site
923.427,3,evacueeManager,,OFF SHIP: White;0;Green;349;Yellow;52;Red;13;Black;86;ON SHIP: White;0;Green;0;Yellow;0;Red;0;Evacuees to Transfer;
923.427,643,evacuee,outES,Evacuee 80 in triage category Y is not assigned a helicopter
923.427,643,evacuee,,Evacuee;80;in triage state;R;is at the evacuation site
929.571,3,evacueeManager,,OFF SHIP: White;0;Green;349;Yellow;51;Red;14;Black;86;ON SHIP: White;0;Green;0;Yellow;0;Red;0;Evacuees to Transfer;
929.571,451,evacuee,outES,Evacuee 259 in triage category Y is not assigned a helicopter
929.571,451,evacuee,,Evacuee;259;in triage state;R;is at the evacuation site
934.935,3,evacueeManager,,OFF SHIP: White;0;Green;349;Yellow;51;Red;13;Black;87;ON SHIP: White;0;Green;0;Yellow;0;Red;0;Evacuees to Transfer;
934.935,442,evacuee,outES,Evacuee 264 in triage category R is not assigned a helicopter
934.935,442,evacuee,,Evacuee;264;in triage state;B;is at the evacuation site
940.384,3,evacueeManager,,OFF SHIP: White;0;Green;348;Yellow;52;Red;13;Black;87;ON SHIP: White;0;Green;0;Yellow;0;Red;0;Evacuees to Transfer;
940.384,712,evacuee,outES,Evacuee 62 in triage category G is not assigned a helicopter
940.384,712,evacuee,,Evacuee;62;in triage state;Y;is at the evacuation site
940.395,3,evacueeManager,,OFF SHIP: White;0;Green;348;Yellow;51;Red;14;Black;87;ON SHIP: White;0;Green;0;Yellow;0;Red;0;Evacuees to Transfer;
940.395,1197,evacuee,outES,Evacuee 138 in triage category Y is not assigned a helicopter
940.395,1197,evacuee,,Evacuee;138;in triage state;R;is at the evacuation site
946.019,3,evacueeManager,,OFF SHIP: White;0;Green;348;Yellow;51;Red;13;Black;88;ON SHIP: White;0;Green;0;Yellow;0;Red;0;Evacuees to Transfer;
946.019,574,evacuee,outES,Evacuee 228 in triage category R is not assigned a helicopter
946.019,574,evacuee,,Evacuee;228;in triage state;B;is at the evacuation site
948.259,3,evacueeManager,,OFF SHIP: White;0;Green;348;Yellow;50;Red;14;Black;88;ON SHIP: White;0;Green;0;Yellow;0;Red;0;Evacuees to Transfer;
948.259,778,evacuee,outES,Evacuee 229 in triage category Y is not assigned a helicopter
948.259,778,evacuee,,Evacuee;229;in triage state;R;is at the evacuation site
950.766,3,evacueeManager,,OFF SHIP: White;0;Green;348;Yellow;50;Red;13;Black;89;ON SHIP: White;0;Green;0;Yellow;0;Red;0;Evacuees to Transfer;
950.766,916,evacuee,outES,Evacuee 359 in triage category R is not assigned a helicopter
950.766,916,evacuee,,Evacuee;359;in triage state;B;is at the evacuation site
956.034,3,evacueeManager,,OFF SHIP: White;0;Green;348;Yellow;49;Red;14;Black;89;ON SHIP: White;0;Green;0;Yellow;0;Red;0;Evacuees to Transfer;
956.034,156,evacuee,outES,Evacuee 398 in triage category Y is not assigned a helicopter
956.034,156,evacuee,,Evacuee;398;in triage state;R;is at the evacuation site
957.291,3,evacueeManager,,OFF SHIP: White;0;Green;348;Yellow;48;Red;15;Black;89;ON SHIP: White;0;Green;0;Yellow;0;Red;0;Evacuees to Transfer;
957.291,1332,evacuee,outES,Evacuee 186 in triage category Y is not assigned a helicopter
957.291,1332,evacuee,,Evacuee;186;in triage state;R;is at the evacuation site
957.346,3,evacueeManager,,OFF SHIP: White;0;Green;348;Yellow;47;Red;16;Black;89;ON SHIP: White;0;Green;0;Yellow;0;Red;0;Evacuees to Transfer;
957.346,394,evacuee,outES,Evacuee 284 in triage category Y is not assigned a helicopter
957.346,394,evacuee,,Evacuee;284;in triage state;R;is at the evacuation site
959.532,3,evacueeManager,,OFF SHIP: White;0;Green;348;Yellow;46;Red;17;Black;89;ON SHIP: White;0;Green;0;Yellow;0;Red;0;Evacuees to Transfer;
959.532,391,evacuee,outES,Evacuee 376 in triage category Y is not assigned a helicopter
959.532,391,evacuee,,Evacuee;376;in triage state;R;is at the evacuation site
960.131,3,evacueeManager,,OFF SHIP: White;0;Green;348;Yellow;46;Red;16;Black;90;ON SHIP: White;0;Green;0;Yellow;0;Red;0;Evacuees to Transfer;
960.131,1114,evacuee,outES,Evacuee 266 in triage category R is not assigned a helicopter
960.131,1114,evacuee,,Evacuee;266;in triage state;B;is at the evacuation site
961.966,3,evacueeManager,,OFF SHIP: White;0;Green;348;Yellow;46;Red;15;Black;91;ON SHIP: White;0;Green;0;Yellow;0;Red;0;Evacuees to Transfer;
961.966,108,evacuee,outES,Evacuee 434 in triage category R is not assigned a helicopter
961.966,108,evacuee,,Evacuee;434;in triage state;B;is at the evacuation site
962.909,3,evacueeManager,,OFF SHIP: White;0;Green;348;Yellow;46;Red;14;Black;92;ON SHIP: White;0;Green;0;Yellow;0;Red;0;Evacuees to Transfer;
962.909,445,evacuee,outES,Evacuee 262 in triage category R is not assigned a helicopter
962.909,445,evacuee,,Evacuee;262;in triage state;B;is at the evacuation site
966.569,3,evacueeManager,,OFF SHIP: White;0;Green;348;Yellow;45;Red;15;Black;92;ON SHIP: White;0;Green;0;Yellow;0;Red;0;Evacuees to Transfer;
966.569,280,evacuee,outES,Evacuee 331 in triage category Y is not assigned a helicopter
966.569,280,evacuee,,Evacuee;331;in triage state;R;is at the evacuation site
968.468,3,evacueeManager,,OFF SHIP: White;0;Green;348;Yellow;45;Red;14;Black;93;ON SHIP: White;0;Green;0;Yellow;0;Red;0;Evacuees to Transfer;
968.468,385,evacuee,outES,Evacuee 287 in triage category R is not assigned a helicopter
968.468,385,evacuee,,Evacuee;287;in triage state;B;is at the evacuation site
968.785,3,evacueeManager,,OFF SHIP: White;0;Green;348;Yellow;45;Red;13;Black;94;ON SHIP: White;0;Green;0;Yellow;0;Red;0;Evacuees to Transfer;
968.785,1194,evacuee,outES,Evacuee 137 in triage category R is not assigned a helicopter
968.785,1194,evacuee,,Evacuee;137;in triage state;B;is at the evacuation site
974.185,3,evacueeManager,,OFF SHIP: White;0;Green;348;Yellow;44;Red;14;Black;94;ON SHIP: White;0;Green;0;Yellow;0;Red;0;Evacuees to Transfer;
974.185,1045,evacuee,outES,Evacuee 160 in triage category Y is not assigned a helicopter
974.185,1045,evacuee,,Evacuee;160;in triage state;R;is at the evacuation site
976.039,3,evacueeManager,,OFF SHIP: White;0;Green;347;Yellow;45;Red;14;Black;94;ON SHIP: White;0;Green;0;Yellow;0;Red;0;Evacuees to Transfer;
976.039,1054,evacuee,outES,Evacuee 155 in triage category G is not assigned a helicopter
976.039,1054,evacuee,,Evacuee;155;in triage state;Y;is at the evacuation site
984.532,3,evacueeManager,,OFF SHIP: White;0;Green;347;Yellow;44;Red;15;Black;94;ON SHIP: White;0;Green;0;Yellow;0;Red;0;Evacuees to Transfer;
984.532,976,evacuee,outES,Evacuee 52 in triage category Y is not assigned a helicopter
984.532,976,evacuee,,Evacuee;52;in triage state;R;is at the evacuation site
993.14,3,evacueeManager,,OFF SHIP: White;0;Green;346;Yellow;45;Red;15;Black;94;ON SHIP: White;0;Green;0;Yellow;0;Red;0;Evacuees to Transfer;
993.14,646,evacuee,outES,Evacuee 79 in triage category G is not assigned a helicopter
993.14,646,evacuee,,Evacuee;79;in triage state;Y;is at the evacuation site
999.29,3,evacueeManager,,OFF SHIP: White;0;Green;346;Yellow;44;Red;16;Black;94;ON SHIP: White;0;Green;0;Yellow;0;Red;0;Evacuees to Transfer;
999.29,222,evacuee,outES,Evacuee 371 in triage category Y is not assigned a helicopter
999.29,222,evacuee,,Evacuee;371;in triage state;R;is at the evacuation site
1000.33,3,evacueeManager,,OFF SHIP: White;0;Green;346;Yellow;43;Red;17;Black;94;ON SHIP: White;0;Green;0;Yellow;0;Red;0;Evacuees to Transfer;
1000.33,958,evacuee,outES,Evacuee 496 in triage category Y is not assigned a helicopter
1000.33,958,evacuee,,Evacuee;496;in triage state;R;is at the evacuation site
1001.61,3,evacueeManager,,OFF SHIP: White;0;Green;345;Yellow;44;Red;17;Black;94;ON SHIP: White;0;Green;0;Yellow;0;Red;0;Evacuees to Transfer;
1001.61,340,evacuee,outES,Evacuee 312 in triage category G is not assigned a helicopter
1001.61,340,evacuee,,Evacuee;312;in triage state;Y;is at the evacuation site
1005.51,3,evacueeManager,,OFF SHIP: White;0;Green;344;Yellow;45;Red;17;Black;94;ON SHIP: White;0;Green;0;Yellow;0;Red;0;Evacuees to Transfer;
1005.51,1127,evacuee,outES,Evacuee 63 in triage category G is not assigned a helicopter
1005.51,1127,evacuee,,Evacuee;63;in triage state;Y;is at the evacuation site
1006.26,3,evacueeManager,,OFF SHIP: White;0;Green;344;Yellow;45;Red;16;Black;95;ON SHIP: White;0;Green;0;Yellow;0;Red;0;Evacuees to Transfer;
1006.26,1197,evacuee,outES,Evacuee 138 in triage category R is not assigned a helicopter
1006.26,1197,evacuee,,Evacuee;138;in triage state;B;is at the evacuation site
1007.4,3,evacueeManager,,OFF SHIP: White;0;Green;344;Yellow;44;Red;17;Black;95;ON SHIP: White;0;Green;0;Yellow;0;Red;0;Evacuees to Transfer;
1007.4,1386,evacuee,outES,Evacuee 390 in triage category Y is not assigned a helicopter
1007.4,1386,evacuee,,Evacuee;390;in triage state;R;is at the evacuation site
1009.43,3,evacueeManager,,OFF SHIP: White;0;Green;344;Yellow;43;Red;18;Black;95;ON SHIP: White;0;Green;0;Yellow;0;Red;0;Evacuees to Transfer;
1009.43,1461,evacuee,outES,Evacuee 73 in triage category Y is not assigned a helicopter
1009.43,1461,evacuee,,Evacuee;73;in triage state;R;is at the evacuation site
1011.67,3,evacueeManager,,OFF SHIP: White;0;Green;343;Yellow;44;Red;18;Black;95;ON SHIP: White;0;Green;0;Yellow;0;Red;0;Evacuees to Transfer;
1011.67,850,evacuee,outES,Evacuee 240 in triage category G is not assigned a helicopter
1011.67,850,evacuee,,Evacuee;240;in triage state;Y;is at the evacuation site
1014.02,3,evacueeManager,,OFF SHIP: White;0;Green;342;Yellow;45;Red;18;Black;95;ON SHIP: White;0;Green;0;Yellow;0;Red;0;Evacuees to Transfer;
1014.02,781,evacuee,outES,Evacuee 110 in triage category G is not assigned a helicopter
1014.02,781,evacuee,,Evacuee;110;in triage state;Y;is at the evacuation site
1014.17,3,evacueeManager,,OFF SHIP: White;0;Green;341;Yellow;46;Red;18;Black;95;ON SHIP: White;0;Green;0;Yellow;0;Red;0;Evacuees to Transfer;
1014.17,111,evacuee,outES,Evacuee 433 in triage category G is not assigned a helicopter
1014.17,111,evacuee,,Evacuee;433;in triage state;Y;is at the evacuation site
1014.67,3,evacueeManager,,OFF SHIP: White;0;Green;341;Yellow;46;Red;17;Black;96;ON SHIP: White;0;Green;0;Yellow;0;Red;0;Evacuees to Transfer;
1014.67,394,evacuee,outES,Evacuee 284 in triage category R is not assigned a helicopter
1014.67,394,evacuee,,Evacuee;284;in triage state;B;is at the evacuation site
1014.94,3,evacueeManager,,OFF SHIP: White;0;Green;341;Yellow;46;Red;16;Black;97;ON SHIP: White;0;Green;0;Yellow;0;Red;0;Evacuees to Transfer;
1014.94,1461,evacuee,outES,Evacuee 73 in triage category R is not assigned a helicopter
1014.94,1461,evacuee,,Evacuee;73;in triage state;B;is at the evacuation site
1018.28,3,evacueeManager,,OFF SHIP: White;0;Green;341;Yellow;46;Red;15;Black;98;ON SHIP: White;0;Green;0;Yellow;0;Red;0;Evacuees to Transfer;
1018.28,1045,evacuee,outES,Evacuee 160 in triage category R is not assigned a helicopter
1018.28,1045,evacuee,,Evacuee;160;in triage state;B;is at the evacuation site
1019.79,3,evacueeManager,,OFF SHIP: White;0;Green;341;Yellow;46;Red;14;Black;99;ON SHIP: White;0;Green;0;Yellow;0;Red;0;Evacuees to Transfer;
1019.79,451,evacuee,outES,Evacuee 259 in triage category R is not assigned a helicopter
1019.79,451,evacuee,,Evacuee;259;in triage state;B;is at the evacuation site
1020.2,3,evacueeManager,,OFF SHIP: White;0;Green;340;Yellow;47;Red;14;Black;99;ON SHIP: White;0;Green;0;Yellow;0;Red;0;Evacuees to Transfer;
1020.2,511,evacuee,outES,Evacuee 469 in triage category G is not assigned a helicopter
1020.2,511,evacuee,,Evacuee;469;in triage state;Y;is at the evacuation site
1021.56,3,evacueeManager,,OFF SHIP: White;0;Green;340;Yellow;46;Red;15;Black;99;ON SHIP: White;0;Green;0;Yellow;0;Red;0;Evacuees to Transfer;
1021.56,1470,evacuee,outES,Evacuee 7 in triage category Y is not assigned a helicopter
1021.56,1470,evacuee,,Evacuee;7;in triage state;R;is at the evacuation site
1022.59,3,evacueeManager,,OFF SHIP: White;0;Green;340;Yellow;46;Red;14;Black;100;ON SHIP: White;0;Green;0;Yellow;0;Red;0;Evacuees to Transfer;
1022.59,391,evacuee,outES,Evacuee 376 in triage category R is not assigned a helicopter
1022.59,391,evacuee,,Evacuee;376;in triage state;B;is at the evacuation site
1024.67,3,evacueeManager,,OFF SHIP: White;0;Green;339;Yellow;47;Red;14;Black;100;ON SHIP: White;0;Green;0;Yellow;0;Red;0;Evacuees to Transfer;
1024.67,168,evacuee,outES,Evacuee 395 in triage category G is not assigned a helicopter
1024.67,168,evacuee,,Evacuee;395;in triage state;Y;is at the evacuation site
1032.05,3,evacueeManager,,OFF SHIP: White;0;Green;338;Yellow;48;Red;14;Black;100;ON SHIP: White;0;Green;0;Yellow;0;Red;0;Evacuees to Transfer;
1032.05,1200,evacuee,outES,Evacuee 265 in triage category G is not assigned a helicopter
1032.05,1200,evacuee,,Evacuee;265;in triage state;Y;is at the evacuation site
1032.21,3,evacueeManager,,OFF SHIP: White;0;Green;337;Yellow;49;Red;14;Black;100;ON SHIP: White;0;Green;0;Yellow;0;Red;0;Evacuees to Transfer;
1032.21,454,evacuee,outES,Evacuee 125 in triage category G is not assigned a helicopter
1032.21,454,evacuee,,Evacuee;125;in triage state;Y;is at the evacuation site
1035.52,3,evacueeManager,,OFF SHIP: White;0;Green;336;Yellow;50;Red;14;Black;100;ON SHIP: White;0;Green;0;Yellow;0;Red;0;Evacuees to Transfer;
1035.52,1476,evacuee,outES,Evacuee 238 in triage category G is not assigned a helicopter
1035.52,1476,evacuee,,Evacuee;238;in triage state;Y;is at the evacuation site
1037.64,3,evacueeManager,,OFF SHIP: White;0;Green;336;Yellow;49;Red;15;Black;100;ON SHIP: White;0;Green;0;Yellow;0;Red;0;Evacuees to Transfer;
1037.64,985,evacuee,outES,Evacuee 154 in triage category Y is not assigned a helicopter
1037.64,985,evacuee,,Evacuee;154;in triage state;R;is at the evacuation site
1038.72,3,evacueeManager,,OFF SHIP: White;0;Green;336;Yellow;49;Red;14;Black;101;ON SHIP: White;0;Green;0;Yellow;0;Red;0;Evacuees to Transfer;
1038.72,222,evacuee,outES,Evacuee 371 in triage category R is not assigned a helicopter
1038.72,222,evacuee,,Evacuee;371;in triage state;B;is at the evacuation site
1038.99,3,evacueeManager,,OFF SHIP: White;0;Green;336;Yellow;49;Red;13;Black;102;ON SHIP: White;0;Green;0;Yellow;0;Red;0;Evacuees to Transfer;
1038.99,958,evacuee,outES,Evacuee 496 in triage category R is not assigned a helicopter
1038.99,958,evacuee,,Evacuee;496;in triage state;B;is at the evacuation site
1039.06,3,evacueeManager,,OFF SHIP: White;0;Green;336;Yellow;49;Red;12;Black;103;ON SHIP: White;0;Green;0;Yellow;0;Red;0;Evacuees to Transfer;
1039.06,976,evacuee,outES,Evacuee 52 in triage category R is not assigned a helicopter
1039.06,976,evacuee,,Evacuee;52;in triage state;B;is at the evacuation site
1040.89,3,evacueeManager,,OFF SHIP: White;0;Green;336;Yellow;49;Red;11;Black;104;ON SHIP: White;0;Green;0;Yellow;0;Red;0;Evacuees to Transfer;
1040.89,778,evacuee,outES,Evacuee 229 in triage category R is not assigned a helicopter
1040.89,778,evacuee,,Evacuee;229;in triage state;B;is at the evacuation site
1041.95,3,evacueeManager,,OFF SHIP: White;0;Green;336;Yellow;49;Red;10;Black;105;ON SHIP: White;0;Green;0;Yellow;0;Red;0;Evacuees to Transfer;
1041.95,219,evacuee,outES,Evacuee 372 in triage category R is not assigned a helicopter
1041.95,219,evacuee,,Evacuee;372;in triage state;B;is at the evacuation site
1045.75,3,evacueeManager,,OFF SHIP: White;0;Green;336;Yellow;49;Red;9;Black;106;ON SHIP: White;0;Green;0;Yellow;0;Red;0;Evacuees to Transfer;
1045.75,1332,evacuee,outES,Evacuee 186 in triage category R is not assigned a helicopter
1045.75,1332,evacuee,,Evacuee;186;in triage state;B;is at the evacuation site
1047.26,3,evacueeManager,,OFF SHIP: White;0;Green;336;Yellow;48;Red;10;Black;106;ON SHIP: White;0;Green;0;Yellow;0;Red;0;Evacuees to Transfer;
1047.26,709,evacuee,outES,Evacuee 66 in triage category Y is not assigned a helicopter
1047.26,709,evacuee,,Evacuee;66;in triage state;R;is at the evacuation site
1051.01,3,evacueeManager,,OFF SHIP: White;0;Green;336;Yellow;48;Red;9;Black;107;ON SHIP: White;0;Green;0;Yellow;0;Red;0;Evacuees to Transfer;
1051.01,643,evacuee,outES,Evacuee 80 in triage category R is not assigned a helicopter
1051.01,643,evacuee,,Evacuee;80;in triage state;B;is at the evacuation site
1051.23,3,evacueeManager,,OFF SHIP: White;0;Green;335;Yellow;49;Red;9;Black;107;ON SHIP: White;0;Green;0;Yellow;0;Red;0;Evacuees to Transfer;
1051.23,919,evacuee,outES,Evacuee 286 in triage category G is not assigned a helicopter
1051.23,919,evacuee,,Evacuee;286;in triage state;Y;is at the evacuation site
1055.71,3,evacueeManager,,OFF SHIP: White;0;Green;335;Yellow;48;Red;10;Black;107;ON SHIP: White;0;Green;0;Yellow;0;Red;0;Evacuees to Transfer;
1055.71,772,evacuee,outES,Evacuee 250 in triage category Y is not assigned a helicopter
1055.71,772,evacuee,,Evacuee;250;in triage state;R;is at the evacuation site
1056.46,3,evacueeManager,,OFF SHIP: White;0;Green;334;Yellow;49;Red;10;Black;107;ON SHIP: White;0;Green;0;Yellow;0;Red;0;Evacuees to Transfer;
1056.46,1338,evacuee,outES,Evacuee 217 in triage category G is not assigned a helicopter
1056.46,1338,evacuee,,Evacuee;217;in triage state;Y;is at the evacuation site
1057.23,3,evacueeManager,,OFF SHIP: White;0;Green;334;Yellow;49;Red;9;Black;108;ON SHIP: White;0;Green;0;Yellow;0;Red;0;Evacuees to Transfer;
1057.23,985,evacuee,outES,Evacuee 154 in triage category R is not assigned a helicopter
1057.23,985,evacuee,,Evacuee;154;in triage state;B;is at the evacuation site
1058.85,3,evacueeManager,,OFF SHIP: White;0;Green;333;Yellow;50;Red;9;Black;108;ON SHIP: White;0;Green;0;Yellow;0;Red;0;Evacuees to Transfer;
1058.85,1269,evacuee,outES,Evacuee 242 in triage category G is not assigned a helicopter
1058.85,1269,evacuee,,Evacuee;242;in triage state;Y;is at the evacuation site
1060.69,3,evacueeManager,,OFF SHIP: White;0;Green;333;Yellow;50;Red;8;Black;109;ON SHIP: White;0;Green;0;Yellow;0;Red;0;Evacuees to Transfer;
1060.69,156,evacuee,outES,Evacuee 398 in triage category R is not assigned a helicopter
1060.69,156,evacuee,,Evacuee;398;in triage state;B;is at the evacuation site
1067.04,3,evacueeManager,,OFF SHIP: White;0;Green;332;Yellow;51;Red;8;Black;109;ON SHIP: White;0;Green;0;Yellow;0;Red;0;Evacuees to Transfer;
1067.04,397,evacuee,outES,Evacuee 283 in triage category G is not assigned a helicopter
1067.04,397,evacuee,,Evacuee;283;in triage state;Y;is at the evacuation site
1070.15,3,evacueeManager,,OFF SHIP: White;0;Green;332;Yellow;50;Red;9;Black;109;ON SHIP: White;0;Green;0;Yellow;0;Red;0;Evacuees to Transfer;
1070.15,111,evacuee,outES,Evacuee 433 in triage category Y is not assigned a helicopter
1070.15,111,evacuee,,Evacuee;433;in triage state;R;is at the evacuation site
1074.21,3,evacueeManager,,OFF SHIP: White;0;Green;331;Yellow;51;Red;9;Black;109;ON SHIP: White;0;Green;0;Yellow;0;Red;0;Evacuees to Transfer;
1074.21,226,evacuee,outES,Evacuee 370 in triage category G is not assigned a helicopter
1074.21,226,evacuee,,Evacuee;370;in triage state;Y;is at the evacuation site
1085.92,3,evacueeManager,,OFF SHIP: White;0;Green;331;Yellow;51;Red;8;Black;110;ON SHIP: White;0;Green;0;Yellow;0;Red;0;Evacuees to Transfer;
1085.92,165,evacuee,outES,Evacuee 396 in triage category R is not assigned a helicopter
1085.92,165,evacuee,,Evacuee;396;in triage state;B;is at the evacuation site
1087.5,3,evacueeManager,,OFF SHIP: White;0;Green;331;Yellow;51;Red;7;Black;111;ON SHIP: White;0;Green;0;Yellow;0;Red;0;Evacuees to Transfer;
1087.5,706,evacuee,outES,Evacuee 199 in triage category R is not assigned a helicopter
1087.5,706,evacuee,,Evacuee;199;in triage state;B;is at the evacuation site
1091.53,3,evacueeManager,,OFF SHIP: White;0;Green;331;Yellow;50;Red;8;Black;111;ON SHIP: White;0;Green;0;Yellow;0;Red;0;Evacuees to Transfer;
1091.53,508,evacuee,outES,Evacuee 470 in triage category Y is not assigned a helicopter
1091.53,508,evacuee,,Evacuee;470;in triage state;R;is at the evacuation site
1095.29,3,evacueeManager,,OFF SHIP: White;0;Green;331;Yellow;49;Red;9;Black;111;ON SHIP: White;0;Green;0;Yellow;0;Red;0;Evacuees to Transfer;
1095.29,850,evacuee,outES,Evacuee 240 in triage category Y is not assigned a helicopter
1095.29,850,evacuee,,Evacuee;240;in triage state;R;is at the evacuation site
1097.94,3,evacueeManager,,OFF SHIP: White;0;Green;330;Yellow;50;Red;9;Black;111;ON SHIP: White;0;Green;0;Yellow;0;Red;0;Evacuees to Transfer;
1097.94,988,evacuee,outES,Evacuee 421 in triage category G is not assigned a helicopter
1097.94,988,evacuee,,Evacuee;421;in triage state;Y;is at the evacuation site
1098.91,3,evacueeManager,,OFF SHIP: White;0;Green;330;Yellow;50;Red;8;Black;112;ON SHIP: White;0;Green;0;Yellow;0;Red;0;Evacuees to Transfer;
1098.91,111,evacuee,outES,Evacuee 433 in triage category R is not assigned a helicopter
1098.91,111,evacuee,,Evacuee;433;in triage state;B;is at the evacuation site
1103.13,3,evacueeManager,,OFF SHIP: White;0;Green;330;Yellow;50;Red;7;Black;113;ON SHIP: White;0;Green;0;Yellow;0;Red;0;Evacuees to Transfer;
1103.13,508,evacuee,outES,Evacuee 470 in triage category R is not assigned a helicopter
1103.13,508,evacuee,,Evacuee;470;in triage state;B;is at the evacuation site
1105.02,3,evacueeManager,,OFF SHIP: White;0;Green;330;Yellow;50;Red;6;Black;114;ON SHIP: White;0;Green;0;Yellow;0;Red;0;Evacuees to Transfer;
1105.02,1470,evacuee,outES,Evacuee 7 in triage category R is not assigned a helicopter
1105.02,1470,evacuee,,Evacuee;7;in triage state;B;is at the evacuation site
1106.56,3,evacueeManager,,OFF SHIP: White;0;Green;329;Yellow;51;Red;6;Black;114;ON SHIP: White;0;Green;0;Yellow;0;Red;0;Evacuees to Transfer;
1106.56,1407,evacuee,outES,Evacuee 69 in triage category G is not assigned a helicopter
1106.56,1407,evacuee,,Evacuee;69;in triage state;Y;is at the evacuation site
1110.27,3,evacueeManager,,OFF SHIP: White;0;Green;329;Yellow;51;Red;5;Black;115;ON SHIP: White;0;Green;0;Yellow;0;Red;0;Evacuees to Transfer;
1110.27,388,evacuee,outES,Evacuee 415 in triage category R is not assigned a helicopter
1110.27,388,evacuee,,Evacuee;415;in triage state;B;is at the evacuation site
1117.83,3,evacueeManager,,OFF SHIP: White;0;Green;329;Yellow;51;Red;4;Black;116;ON SHIP: White;0;Green;0;Yellow;0;Red;0;Evacuees to Transfer;
1117.83,709,evacuee,outES,Evacuee 66 in triage category R is not assigned a helicopter
1117.83,709,evacuee,,Evacuee;66;in triage state;B;is at the evacuation site
1120.89,3,evacueeManager,,OFF SHIP: White;0;Green;328;Yellow;52;Red;4;Black;116;ON SHIP: White;0;Green;0;Yellow;0;Red;0;Evacuees to Transfer;
1120.89,715,evacuee,outES,Evacuee 223 in triage category G is not assigned a helicopter
1120.89,715,evacuee,,Evacuee;223;in triage state;Y;is at the evacuation site
1139.17,3,evacueeManager,,OFF SHIP: White;0;Green;328;Yellow;51;Red;5;Black;116;ON SHIP: White;0;Green;0;Yellow;0;Red;0;Evacuees to Transfer;
1139.17,907,evacuee,outES,Evacuee 173 in triage category Y is not assigned a helicopter
1139.17,907,evacuee,,Evacuee;173;in triage state;R;is at the evacuation site
1148.77,3,evacueeManager,,OFF SHIP: White;0;Green;327;Yellow;52;Red;5;Black;116;ON SHIP: White;0;Green;0;Yellow;0;Red;0;Evacuees to Transfer;
1148.77,1057,evacuee,outES,Evacuee 36 in triage category G is not assigned a helicopter
1148.77,1057,evacuee,,Evacuee;36;in triage state;Y;is at the evacuation site
1151.8,3,evacueeManager,,OFF SHIP: White;0;Green;327;Yellow;52;Red;4;Black;117;ON SHIP: White;0;Green;0;Yellow;0;Red;0;Evacuees to Transfer;
1151.8,1386,evacuee,outES,Evacuee 390 in triage category R is not assigned a helicopter
1151.8,1386,evacuee,,Evacuee;390;in triage state;B;is at the evacuation site
1153.75,3,evacueeManager,,OFF SHIP: White;0;Green;327;Yellow;51;Red;5;Black;117;ON SHIP: White;0;Green;0;Yellow;0;Red;0;Evacuees to Transfer;
1153.75,511,evacuee,outES,Evacuee 469 in triage category Y is not assigned a helicopter
1153.75,511,evacuee,,Evacuee;469;in triage state;R;is at the evacuation site
1155.82,3,evacueeManager,,OFF SHIP: White;0;Green;327;Yellow;50;Red;6;Black;117;ON SHIP: White;0;Green;0;Yellow;0;Red;0;Evacuees to Transfer;
1155.82,844,evacuee,outES,Evacuee 89 in triage category Y is not assigned a helicopter
1155.82,844,evacuee,,Evacuee;89;in triage state;R;is at the evacuation site
1158.24,3,evacueeManager,,OFF SHIP: White;0;Green;327;Yellow;49;Red;7;Black;117;ON SHIP: White;0;Green;0;Yellow;0;Red;0;Evacuees to Transfer;
1158.24,769,evacuee,outES,Evacuee 5 in triage category Y is not assigned a helicopter
1158.24,769,evacuee,,Evacuee;5;in triage state;R;is at the evacuation site
1163.32,3,evacueeManager,,OFF SHIP: White;0;Green;327;Yellow;48;Red;8;Black;117;ON SHIP: White;0;Green;0;Yellow;0;Red;0;Evacuees to Transfer;
1163.32,568,evacuee,outES,Evacuee 111 in triage category Y is not assigned a helicopter
1163.32,568,evacuee,,Evacuee;111;in triage state;R;is at the evacuation site
1165.18,3,evacueeManager,,OFF SHIP: White;0;Green;327;Yellow;48;Red;7;Black;118;ON SHIP: White;0;Green;0;Yellow;0;Red;0;Evacuees to Transfer;
1165.18,511,evacuee,outES,Evacuee 469 in triage category R is not assigned a helicopter
1165.18,511,evacuee,,Evacuee;469;in triage state;B;is at the evacuation site
1175.77,3,evacueeManager,,OFF SHIP: White;0;Green;327;Yellow;48;Red;6;Black;119;ON SHIP: White;0;Green;0;Yellow;0;Red;0;Evacuees to Transfer;
1175.77,850,evacuee,outES,Evacuee 240 in triage category R is not assigned a helicopter
1175.77,850,evacuee,,Evacuee;240;in triage state;B;is at the evacuation site
1181.37,3,evacueeManager,,OFF SHIP: White;0;Green;327;Yellow;47;Red;7;Black;119;ON SHIP: White;0;Green;0;Yellow;0;Red;0;Evacuees to Transfer;
1181.37,1200,evacuee,outES,Evacuee 265 in triage category Y is not assigned a helicopter
1181.37,1200,evacuee,,Evacuee;265;in triage state;R;is at the evacuation site
1181.82,3,evacueeManager,,OFF SHIP: White;0;Green;327;Yellow;46;Red;8;Black;119;ON SHIP: White;0;Green;0;Yellow;0;Red;0;Evacuees to Transfer;
1181.82,781,evacuee,outES,Evacuee 110 in triage category Y is not assigned a helicopter
1181.82,781,evacuee,,Evacuee;110;in triage state;R;is at the evacuation site
1183.88,3,evacueeManager,,OFF SHIP: White;0;Green;326;Yellow;47;Red;8;Black;119;ON SHIP: White;0;Green;0;Yellow;0;Red;0;Evacuees to Transfer;
1183.88,649,evacuee,outES,Evacuee 115 in triage category G is not assigned a helicopter
1183.88,649,evacuee,,Evacuee;115;in triage state;Y;is at the evacuation site
1184.57,3,evacueeManager,,OFF SHIP: White;0;Green;326;Yellow;47;Red;7;Black;120;ON SHIP: White;0;Green;0;Yellow;0;Red;0;Evacuees to Transfer;
1184.57,772,evacuee,outES,Evacuee 250 in triage category R is not assigned a helicopter
1184.57,772,evacuee,,Evacuee;250;in triage state;B;is at the evacuation site
1187.82,3,evacueeManager,,OFF SHIP: White;0;Green;326;Yellow;47;Red;6;Black;121;ON SHIP: White;0;Green;0;Yellow;0;Red;0;Evacuees to Transfer;
1187.82,568,evacuee,outES,Evacuee 111 in triage category R is not assigned a helicopter
1187.82,568,evacuee,,Evacuee;111;in triage state;B;is at the evacuation site
1190.27,3,evacueeManager,,OFF SHIP: White;0;Green;325;Yellow;48;Red;6;Black;121;ON SHIP: White;0;Green;0;Yellow;0;Red;0;Evacuees to Transfer;
1190.27,1130,evacuee,outES,Evacuee 175 in triage category G is not assigned a helicopter
1190.27,1130,evacuee,,Evacuee;175;in triage state;Y;is at the evacuation site
1192.99,3,evacueeManager,,OFF SHIP: White;0;Green;325;Yellow;47;Red;7;Black;121;ON SHIP: White;0;Green;0;Yellow;0;Red;0;Evacuees to Transfer;
1192.99,910,evacuee,outES,Evacuee 157 in triage category Y is not assigned a helicopter
1192.99,910,evacuee,,Evacuee;157;in triage state;R;is at the evacuation site
1193.62,3,evacueeManager,,OFF SHIP: White;0;Green;325;Yellow;47;Red;6;Black;122;ON SHIP: White;0;Green;0;Yellow;0;Red;0;Evacuees to Transfer;
1193.62,910,evacuee,outES,Evacuee 157 in triage category R is not assigned a helicopter
1193.62,910,evacuee,,Evacuee;157;in triage state;B;is at the evacuation site
1196.6,3,evacueeManager,,OFF SHIP: White;0;Green;324;Yellow;48;Red;6;Black;122;ON SHIP: White;0;Green;0;Yellow;0;Red;0;Evacuees to Transfer;
1196.6,580,evacuee,outES,Evacuee 101 in triage category G is not assigned a helicopter
1196.6,580,evacuee,,Evacuee;101;in triage state;Y;is at the evacuation site
1196.85,3,evacueeManager,,OFF SHIP: White;0;Green;323;Yellow;49;Red;6;Black;122;ON SHIP: White;0;Green;0;Yellow;0;Red;0;Evacuees to Transfer;
1196.85,853,evacuee,outES,Evacuee 8 in triage category G is not assigned a helicopter
1196.85,853,evacuee,,Evacuee;8;in triage state;Y;is at the evacuation site
1201.79,3,evacueeManager,,OFF SHIP: White;0;Green;323;Yellow;48;Red;7;Black;122;ON SHIP: White;0;Green;0;Yellow;0;Red;0;Evacuees to Transfer;
1201.79,337,evacuee,outES,Evacuee 443 in triage category Y is not assigned a helicopter
1201.79,337,evacuee,,Evacuee;443;in triage state;R;is at the evacuation site
1209.62,3,evacueeManager,,OFF SHIP: White;0;Green;322;Yellow;49;Red;7;Black;122;ON SHIP: White;0;Green;0;Yellow;0;Red;0;Evacuees to Transfer;
1209.62,784,evacuee,outES,Evacuee 141 in triage category G is not assigned a helicopter
1209.62,784,evacuee,,Evacuee;141;in triage state;Y;is at the evacuation site
1209.69,3,evacueeManager,,OFF SHIP: White;0;Green;322;Yellow;48;Red;8;Black;122;ON SHIP: White;0;Green;0;Yellow;0;Red;0;Evacuees to Transfer;
1209.69,1191,evacuee,outES,Evacuee 131 in triage category Y is not assigned a helicopter
1209.69,1191,evacuee,,Evacuee;131;in triage state;R;is at the evacuation site
1210.46,3,evacueeManager,,OFF SHIP: White;0;Green;322;Yellow;48;Red;7;Black;123;ON SHIP: White;0;Green;0;Yellow;0;Red;0;Evacuees to Transfer;
1210.46,1200,evacuee,outES,Evacuee 265 in triage category R is not assigned a helicopter
1210.46,1200,evacuee,,Evacuee;265;in triage state;B;is at the evacuation site
1218.32,3,evacueeManager,,OFF SHIP: White;0;Green;322;Yellow;47;Red;8;Black;123;ON SHIP: White;0;Green;0;Yellow;0;Red;0;Evacuees to Transfer;
1218.32,967,evacuee,outES,Evacuee 320 in triage category Y is not assigned a helicopter
1218.32,967,evacuee,,Evacuee;320;in triage state;R;is at the evacuation site
1218.59,3,evacueeManager,,OFF SHIP: White;0;Green;321;Yellow;48;Red;8;Black;123;ON SHIP: White;0;Green;0;Yellow;0;Red;0;Evacuees to Transfer;
1218.59,1203,evacuee,outES,Evacuee 139 in triage category G is not assigned a helicopter
1218.59,1203,evacuee,,Evacuee;139;in triage state;Y;is at the evacuation site
1222.28,3,evacueeManager,,OFF SHIP: White;0;Green;320;Yellow;49;Red;8;Black;123;ON SHIP: White;0;Green;0;Yellow;0;Red;0;Evacuees to Transfer;
1222.28,1479,evacuee,outES,Evacuee 113 in triage category G is not assigned a helicopter
1222.28,1479,evacuee,,Evacuee;113;in triage state;Y;is at the evacuation site
1225.84,3,evacueeManager,,OFF SHIP: White;0;Green;320;Yellow;49;Red;7;Black;124;ON SHIP: White;0;Green;0;Yellow;0;Red;0;Evacuees to Transfer;
1225.84,769,evacuee,outES,Evacuee 5 in triage category R is not assigned a helicopter
1225.84,769,evacuee,,Evacuee;5;in triage state;B;is at the evacuation site
1228.16,3,evacueeManager,,OFF SHIP: White;0;Green;320;Yellow;48;Red;8;Black;124;ON SHIP: White;0;Green;0;Yellow;0;Red;0;Evacuees to Transfer;
1228.16,1407,evacuee,outES,Evacuee 69 in triage category Y is not assigned a helicopter
1228.16,1407,evacuee,,Evacuee;69;in triage state;R;is at the evacuation site
1233.24,3,evacueeManager,,OFF SHIP: White;0;Green;320;Yellow;48;Red;7;Black;125;ON SHIP: White;0;Green;0;Yellow;0;Red;0;Evacuees to Transfer;
1233.24,844,evacuee,outES,Evacuee 89 in triage category R is not assigned a helicopter
1233.24,844,evacuee,,Evacuee;89;in triage state;B;is at the evacuation site
1233.9,3,evacueeManager,,OFF SHIP: White;0;Green;319;Yellow;49;Red;7;Black;125;ON SHIP: White;0;Green;0;Yellow;0;Red;0;Evacuees to Transfer;
1233.9,114,evacuee,outES,Evacuee 428 in triage category G is not assigned a helicopter
1233.9,114,evacuee,,Evacuee;428;in triage state;Y;is at the evacuation site
1236.03,3,evacueeManager,,OFF SHIP: White;0;Green;319;Yellow;48;Red;8;Black;125;ON SHIP: White;0;Green;0;Yellow;0;Red;0;Evacuees to Transfer;
1236.03,640,evacuee,outES,Evacuee 444 in triage category Y is not assigned a helicopter
1236.03,640,evacuee,,Evacuee;444;in triage state;R;is at the evacuation site
1241.17,3,evacueeManager,,OFF SHIP: White;0;Green;318;Yellow;49;Red;8;Black;125;ON SHIP: White;0;Green;0;Yellow;0;Red;0;Evacuees to Transfer;
1241.17,1341,evacuee,outES,Evacuee 189 in triage category G is not assigned a helicopter
1241.17,1341,evacuee,,Evacuee;189;in triage state;Y;is at the evacuation site
1243.62,3,evacueeManager,,OFF SHIP: White;0;Green;318;Yellow;49;Red;7;Black;126;ON SHIP: White;0;Green;0;Yellow;0;Red;0;Evacuees to Transfer;
1243.62,907,evacuee,outES,Evacuee 173 in triage category R is not assigned a helicopter
1243.62,907,evacuee,,Evacuee;173;in triage state;B;is at the evacuation site
1245.08,3,evacueeManager,,OFF SHIP: White;0;Green;318;Yellow;48;Red;8;Black;126;ON SHIP: White;0;Green;0;Yellow;0;Red;0;Evacuees to Transfer;
1245.08,1203,evacuee,outES,Evacuee 139 in triage category Y is not assigned a helicopter
1245.08,1203,evacuee,,Evacuee;139;in triage state;R;is at the evacuation site
1246,3,evacueeManager,,OFF SHIP: White;0;Green;317;Yellow;49;Red;8;Black;126;ON SHIP: White;0;Green;0;Yellow;0;Red;0;Evacuees to Transfer;
1246,922,evacuee,outES,Evacuee 196 in triage category G is not assigned a helicopter
1246,922,evacuee,,Evacuee;196;in triage state;Y;is at the evacuation site
1246.9,3,evacueeManager,,OFF SHIP: White;0;Green;317;Yellow;48;Red;9;Black;126;ON SHIP: White;0;Green;0;Yellow;0;Red;0;Evacuees to Transfer;
1246.9,562,evacuee,outES,Evacuee 103 in triage category Y is not assigned a helicopter
1246.9,562,evacuee,,Evacuee;103;in triage state;R;is at the evacuation site
1247.12,3,evacueeManager,,OFF SHIP: White;0;Green;317;Yellow;47;Red;10;Black;126;ON SHIP: White;0;Green;0;Yellow;0;Red;0;Evacuees to Transfer;
1247.12,340,evacuee,outES,Evacuee 312 in triage category Y is not assigned a helicopter
1247.12,340,evacuee,,Evacuee;312;in triage state;R;is at the evacuation site
1247.18,3,evacueeManager,,OFF SHIP: White;0;Green;316;Yellow;48;Red;10;Black;126;ON SHIP: White;0;Green;0;Yellow;0;Red;0;Evacuees to Transfer;
1247.18,1272,evacuee,outES,Evacuee 178 in triage category G is not assigned a helicopter
1247.18,1272,evacuee,,Evacuee;178;in triage state;Y;is at the evacuation site
1247.35,3,evacueeManager,,OFF SHIP: White;0;Green;315;Yellow;49;Red;10;Black;126;ON SHIP: White;0;Green;0;Yellow;0;Red;0;Evacuees to Transfer;
1247.35,514,evacuee,outES,Evacuee 215 in triage category G is not assigned a helicopter
1247.35,514,evacuee,,Evacuee;215;in triage state;Y;is at the evacuation site
1248.33,3,evacueeManager,,OFF SHIP: White;0;Green;315;Yellow;49;Red;9;Black;127;ON SHIP: White;0;Green;0;Yellow;0;Red;0;Evacuees to Transfer;
1248.33,1203,evacuee,outES,Evacuee 139 in triage category R is not assigned a helicopter
1248.33,1203,evacuee,,Evacuee;139;in triage state;B;is at the evacuation site
1252.39,3,evacueeManager,,OFF SHIP: White;0;Green;315;Yellow;49;Red;8;Black;128;ON SHIP: White;0;Green;0;Yellow;0;Red;0;Evacuees to Transfer;
1252.39,280,evacuee,outES,Evacuee 331 in triage category R is not assigned a helicopter
1252.39,280,evacuee,,Evacuee;331;in triage state;B;is at the evacuation site
1258.48,3,evacueeManager,,OFF SHIP: White;0;Green;314;Yellow;50;Red;8;Black;128;ON SHIP: White;0;Green;0;Yellow;0;Red;0;Evacuees to Transfer;
1258.48,343,evacuee,outES,Evacuee 309 in triage category G is not assigned a helicopter
1258.48,343,evacuee,,Evacuee;309;in triage state;Y;is at the evacuation site
1260.35,3,evacueeManager,,OFF SHIP: White;0;Green;313;Yellow;51;Red;8;Black;128;ON SHIP: White;0;Green;0;Yellow;0;Red;0;Evacuees to Transfer;
1260.35,457,evacuee,outES,Evacuee 114 in triage category G is not assigned a helicopter
1260.35,457,evacuee,,Evacuee;114;in triage state;Y;is at the evacuation site
1261.03,3,evacueeManager,,OFF SHIP: White;0;Green;312;Yellow;52;Red;8;Black;128;ON SHIP: White;0;Green;0;Yellow;0;Red;0;Evacuees to Transfer;
1261.03,286,evacuee,outES,Evacuee 330 in triage category G is not assigned a helicopter
1261.03,286,evacuee,,Evacuee;330;in triage state;Y;is at the evacuation site
1261.09,3,evacueeManager,,OFF SHIP: White;0;Green;312;Yellow;52;Red;7;Black;129;ON SHIP: White;0;Green;0;Yellow;0;Red;0;Evacuees to Transfer;
1261.09,562,evacuee,outES,Evacuee 103 in triage category R is not assigned a helicopter
1261.09,562,evacuee,,Evacuee;103;in triage state;B;is at the evacuation site
1264.41,3,evacueeManager,,OFF SHIP: White;0;Green;312;Yellow;51;Red;8;Black;129;ON SHIP: White;0;Green;0;Yellow;0;Red;0;Evacuees to Transfer;
1264.41,913,evacuee,outES,Evacuee 451 in triage category Y is not assigned a helicopter
1264.41,913,evacuee,,Evacuee;451;in triage state;R;is at the evacuation site
1265.85,3,evacueeManager,,OFF SHIP: White;0;Green;312;Yellow;51;Red;7;Black;130;ON SHIP: White;0;Green;0;Yellow;0;Red;0;Evacuees to Transfer;
1265.85,340,evacuee,outES,Evacuee 312 in triage category R is not assigned a helicopter
1265.85,340,evacuee,,Evacuee;312;in triage state;B;is at the evacuation site
1271.13,3,evacueeManager,,OFF SHIP: White;0;Green;312;Yellow;50;Red;8;Black;130;ON SHIP: White;0;Green;0;Yellow;0;Red;0;Evacuees to Transfer;
1271.13,454,evacuee,outES,Evacuee 125 in triage category Y is not assigned a helicopter
1271.13,454,evacuee,,Evacuee;125;in triage state;R;is at the evacuation site
1272.62,3,evacueeManager,,OFF SHIP: White;0;Green;312;Yellow;49;Red;9;Black;130;ON SHIP: White;0;Green;0;Yellow;0;Red;0;Evacuees to Transfer;
1272.62,1266,evacuee,outES,Evacuee 16 in triage category Y is not assigned a helicopter
1272.62,1266,evacuee,,Evacuee;16;in triage state;R;is at the evacuation site
1272.9,3,evacueeManager,,OFF SHIP: White;0;Green;312;Yellow;48;Red;10;Black;130;ON SHIP: White;0;Green;0;Yellow;0;Red;0;Evacuees to Transfer;
1272.9,328,evacuee,outES,Evacuee 316 in triage category Y is not assigned a helicopter
1272.9,328,evacuee,,Evacuee;316;in triage state;R;is at the evacuation site
1274.45,3,evacueeManager,,OFF SHIP: White;0;Green;312;Yellow;47;Red;11;Black;130;ON SHIP: White;0;Green;0;Yellow;0;Red;0;Evacuees to Transfer;
1274.45,168,evacuee,outES,Evacuee 395 in triage category Y is not assigned a helicopter
1274.45,168,evacuee,,Evacuee;395;in triage state;R;is at the evacuation site
1275.03,3,evacueeManager,,OFF SHIP: White;0;Green;312;Yellow;47;Red;10;Black;131;ON SHIP: White;0;Green;0;Yellow;0;Red;0;Evacuees to Transfer;
1275.03,1407,evacuee,outES,Evacuee 69 in triage category R is not assigned a helicopter
1275.03,1407,evacuee,,Evacuee;69;in triage state;B;is at the evacuation site
1277.23,3,evacueeManager,,OFF SHIP: White;0;Green;312;Yellow;46;Red;11;Black;131;ON SHIP: White;0;Green;0;Yellow;0;Red;0;Evacuees to Transfer;
1277.23,835,evacuee,outES,Evacuee 97 in triage category Y is not assigned a helicopter
1277.23,835,evacuee,,Evacuee;97;in triage state;R;is at the evacuation site
1278.38,3,evacueeManager,,OFF SHIP: White;0;Green;311;Yellow;47;Red;11;Black;131;ON SHIP: White;0;Green;0;Yellow;0;Red;0;Evacuees to Transfer;
1278.38,991,evacuee,outES,Evacuee 405 in triage category G is not assigned a helicopter
1278.38,991,evacuee,,Evacuee;405;in triage state;Y;is at the evacuation site
1278.63,3,evacueeManager,,OFF SHIP: White;0;Green;311;Yellow;47;Red;10;Black;132;ON SHIP: White;0;Green;0;Yellow;0;Red;0;Evacuees to Transfer;
1278.63,328,evacuee,outES,Evacuee 316 in triage category R is not assigned a helicopter
1278.63,328,evacuee,,Evacuee;316;in triage state;B;is at the evacuation site
1279.31,3,evacueeManager,,OFF SHIP: White;0;Green;311;Yellow;47;Red;9;Black;133;ON SHIP: White;0;Green;0;Yellow;0;Red;0;Evacuees to Transfer;
1279.31,781,evacuee,outES,Evacuee 110 in triage category R is not assigned a helicopter
1279.31,781,evacuee,,Evacuee;110;in triage state;B;is at the evacuation site
1288.94,3,evacueeManager,,OFF SHIP: White;0;Green;311;Yellow;47;Red;8;Black;134;ON SHIP: White;0;Green;0;Yellow;0;Red;0;Evacuees to Transfer;
1288.94,640,evacuee,outES,Evacuee 444 in triage category R is not assigned a helicopter
1288.94,640,evacuee,,Evacuee;444;in triage state;B;is at the evacuation site
1294.53,3,evacueeManager,,OFF SHIP: White;0;Green;310;Yellow;48;Red;8;Black;134;ON SHIP: White;0;Green;0;Yellow;0;Red;0;Evacuees to Transfer;
1294.53,400,evacuee,outES,Evacuee 282 in triage category G is not assigned a helicopter
1294.53,400,evacuee,,Evacuee;282;in triage state;Y;is at the evacuation site
1294.62,3,evacueeManager,,OFF SHIP: White;0;Green;309;Yellow;49;Red;8;Black;134;ON SHIP: White;0;Green;0;Yellow;0;Red;0;Evacuees to Transfer;
1294.62,1410,evacuee,outES,Evacuee 207 in triage category G is not assigned a helicopter
1294.62,1410,evacuee,,Evacuee;207;in triage state;Y;is at the evacuation site
1295.22,3,evacueeManager,,OFF SHIP: White;0;Green;308;Yellow;50;Red;8;Black;134;ON SHIP: White;0;Green;0;Yellow;0;Red;0;Evacuees to Transfer;
1295.22,229,evacuee,outES,Evacuee 457 in triage category G is not assigned a helicopter
1295.22,229,evacuee,,Evacuee;457;in triage state;Y;is at the evacuation site
1297.81,3,evacueeManager,,OFF SHIP: White;0;Green;307;Yellow;51;Red;8;Black;134;ON SHIP: White;0;Green;0;Yellow;0;Red;0;Evacuees to Transfer;
1297.81,171,evacuee,outES,Evacuee 393 in triage category G is not assigned a helicopter
1297.81,171,evacuee,,Evacuee;393;in triage state;Y;is at the evacuation site
1300.99,3,evacueeManager,,OFF SHIP: White;0;Green;307;Yellow;50;Red;9;Black;134;ON SHIP: White;0;Green;0;Yellow;0;Red;0;Evacuees to Transfer;
1300.99,343,evacuee,outES,Evacuee 309 in triage category Y is not assigned a helicopter
1300.99,343,evacuee,,Evacuee;309;in triage state;R;is at the evacuation site
1306.53,3,evacueeManager,,OFF SHIP: White;0;Green;307;Yellow;49;Red;10;Black;134;ON SHIP: White;0;Green;0;Yellow;0;Red;0;Evacuees to Transfer;
1306.53,1054,evacuee,outES,Evacuee 155 in triage category Y is not assigned a helicopter
1306.53,1054,evacuee,,Evacuee;155;in triage state;R;is at the evacuation site
1313.47,3,evacueeManager,,OFF SHIP: White;0;Green;306;Yellow;50;Red;10;Black;134;ON SHIP: White;0;Green;0;Yellow;0;Red;0;Evacuees to Transfer;
1313.47,718,evacuee,outES,Evacuee 135 in triage category G is not assigned a helicopter
1313.47,718,evacuee,,Evacuee;135;in triage state;Y;is at the evacuation site
1322.35,3,evacueeManager,,OFF SHIP: White;0;Green;306;Yellow;50;Red;9;Black;135;ON SHIP: White;0;Green;0;Yellow;0;Red;0;Evacuees to Transfer;
1322.35,1266,evacuee,outES,Evacuee 16 in triage category R is not assigned a helicopter
1322.35,1266,evacuee,,Evacuee;16;in triage state;B;is at the evacuation site
1329.52,3,evacueeManager,,OFF SHIP: White;0;Green;306;Yellow;50;Red;8;Black;136;ON SHIP: White;0;Green;0;Yellow;0;Red;0;Evacuees to Transfer;
1329.52,337,evacuee,outES,Evacuee 443 in triage category R is not assigned a helicopter
1329.52,337,evacuee,,Evacuee;443;in triage state;B;is at the evacuation site
1329.97,3,evacueeManager,,OFF SHIP: White;0;Green;306;Yellow;50;Red;7;Black;137;ON SHIP: White;0;Green;0;Yellow;0;Red;0;Evacuees to Transfer;
1329.97,454,evacuee,outES,Evacuee 125 in triage category R is not assigned a helicopter
1329.97,454,evacuee,,Evacuee;125;in triage state;B;is at the evacuation site
1330.33,3,evacueeManager,,OFF SHIP: White;0;Green;306;Yellow;50;Red;6;Black;138;ON SHIP: White;0;Green;0;Yellow;0;Red;0;Evacuees to Transfer;
1330.33,967,evacuee,outES,Evacuee 320 in triage category R is not assigned a helicopter
1330.33,967,evacuee,,Evacuee;320;in triage state;B;is at the evacuation site
1332.53,3,evacueeManager,,OFF SHIP: White;0;Green;305;Yellow;51;Red;6;Black;138;ON SHIP: White;0;Green;0;Yellow;0;Red;0;Evacuees to Transfer;
1332.53,1060,evacuee,outES,Evacuee 198 in triage category G is not assigned a helicopter
1332.53,1060,evacuee,,Evacuee;198;in triage state;Y;is at the evacuation site
1333.71,3,evacueeManager,,OFF SHIP: White;0;Green;305;Yellow;51;Red;5;Black;139;ON SHIP: White;0;Green;0;Yellow;0;Red;0;Evacuees to Transfer;
1333.71,1054,evacuee,outES,Evacuee 155 in triage category R is not assigned a helicopter
1333.71,1054,evacuee,,Evacuee;155;in triage state;B;is at the evacuation site
1340.52,3,evacueeManager,,OFF SHIP: White;0;Green;305;Yellow;50;Red;6;Black;139;ON SHIP: White;0;Green;0;Yellow;0;Red;0;Evacuees to Transfer;
1340.52,1473,evacuee,outES,Evacuee 237 in triage category Y is not assigned a helicopter
1340.52,1473,evacuee,,Evacuee;237;in triage state;R;is at the evacuation site
1375.18,3,evacueeManager,,OFF SHIP: White;0;Green;305;Yellow;49;Red;7;Black;139;ON SHIP: White;0;Green;0;Yellow;0;Red;0;Evacuees to Transfer;
1375.18,991,evacuee,outES,Evacuee 405 in triage category Y is not assigned a helicopter
1375.18,991,evacuee,,Evacuee;405;in triage state;R;is at the evacuation site
1381.21,3,evacueeManager,,OFF SHIP: White;0;Green;305;Yellow;48;Red;8;Black;139;ON SHIP: White;0;Green;0;Yellow;0;Red;0;Evacuees to Transfer;
1381.21,637,evacuee,outES,Evacuee 51 in triage category Y is not assigned a helicopter
1381.21,637,evacuee,,Evacuee;51;in triage state;R;is at the evacuation site
1384.07,3,evacueeManager,,OFF SHIP: White;0;Green;304;Yellow;49;Red;8;Black;139;ON SHIP: White;0;Green;0;Yellow;0;Red;0;Evacuees to Transfer;
1384.07,1133,evacuee,outES,Evacuee 47 in triage category G is not assigned a helicopter
1384.07,1133,evacuee,,Evacuee;47;in triage state;Y;is at the evacuation site
1384.51,3,evacueeManager,,OFF SHIP: White;0;Green;303;Yellow;50;Red;8;Black;139;ON SHIP: White;0;Green;0;Yellow;0;Red;0;Evacuees to Transfer;
1384.51,652,evacuee,outES,Evacuee 98 in triage category G is not assigned a helicopter
1384.51,652,evacuee,,Evacuee;98;in triage state;Y;is at the evacuation site
1387.18,3,evacueeManager,,OFF SHIP: White;0;Green;302;Yellow;51;Red;8;Black;139;ON SHIP: White;0;Green;0;Yellow;0;Red;0;Evacuees to Transfer;
1387.18,583,evacuee,outES,Evacuee 142 in triage category G is not assigned a helicopter
1387.18,583,evacuee,,Evacuee;142;in triage state;Y;is at the evacuation site
1387.45,3,evacueeManager,,OFF SHIP: White;0;Green;301;Yellow;52;Red;8;Black;139;ON SHIP: White;0;Green;0;Yellow;0;Red;0;Evacuees to Transfer;
1387.45,856,evacuee,outES,Evacuee 3 in triage category G is not assigned a helicopter
1387.45,856,evacuee,,Evacuee;3;in triage state;Y;is at the evacuation site
1388.78,3,evacueeManager,,OFF SHIP: White;0;Green;301;Yellow;51;Red;9;Black;139;ON SHIP: White;0;Green;0;Yellow;0;Red;0;Evacuees to Transfer;
1388.78,226,evacuee,outES,Evacuee 370 in triage category Y is not assigned a helicopter
1388.78,226,evacuee,,Evacuee;370;in triage state;R;is at the evacuation site
1391.56,3,evacueeManager,,OFF SHIP: White;0;Green;301;Yellow;50;Red;10;Black;139;ON SHIP: White;0;Green;0;Yellow;0;Red;0;Evacuees to Transfer;
1391.56,715,evacuee,outES,Evacuee 223 in triage category Y is not assigned a helicopter
1391.56,715,evacuee,,Evacuee;223;in triage state;R;is at the evacuation site
1392.92,3,evacueeManager,,OFF SHIP: White;0;Green;301;Yellow;50;Red;9;Black;140;ON SHIP: White;0;Green;0;Yellow;0;Red;0;Evacuees to Transfer;
1392.92,835,evacuee,outES,Evacuee 97 in triage category R is not assigned a helicopter
1392.92,835,evacuee,,Evacuee;97;in triage state;B;is at the evacuation site
1396.92,3,evacueeManager,,OFF SHIP: White;0;Green;301;Yellow;49;Red;10;Black;140;ON SHIP: White;0;Green;0;Yellow;0;Red;0;Evacuees to Transfer;
1396.92,1060,evacuee,outES,Evacuee 198 in triage category Y is not assigned a helicopter
1396.92,1060,evacuee,,Evacuee;198;in triage state;R;is at the evacuation site
1398.74,3,evacueeManager,,OFF SHIP: White;0;Green;301;Yellow;48;Red;11;Black;140;ON SHIP: White;0;Green;0;Yellow;0;Red;0;Evacuees to Transfer;
1398.74,1127,evacuee,outES,Evacuee 63 in triage category Y is not assigned a helicopter
1398.74,1127,evacuee,,Evacuee;63;in triage state;R;is at the evacuation site
1404.76,3,evacueeManager,,OFF SHIP: White;0;Green;300;Yellow;49;Red;11;Black;140;ON SHIP: White;0;Green;0;Yellow;0;Red;0;Evacuees to Transfer;
1404.76,787,evacuee,outES,Evacuee 133 in triage category G is not assigned a helicopter
1404.76,787,evacuee,,Evacuee;133;in triage state;Y;is at the evacuation site
1405.07,3,evacueeManager,,OFF SHIP: White;0;Green;300;Yellow;49;Red;10;Black;141;ON SHIP: White;0;Green;0;Yellow;0;Red;0;Evacuees to Transfer;
1405.07,226,evacuee,outES,Evacuee 370 in triage category R is not assigned a helicopter
1405.07,226,evacuee,,Evacuee;370;in triage state;B;is at the evacuation site
1412.53,3,evacueeManager,,OFF SHIP: White;0;Green;300;Yellow;49;Red;9;Black;142;ON SHIP: White;0;Green;0;Yellow;0;Red;0;Evacuees to Transfer;
1412.53,168,evacuee,outES,Evacuee 395 in triage category R is not assigned a helicopter
1412.53,168,evacuee,,Evacuee;395;in triage state;B;is at the evacuation site
1414,3,evacueeManager,,OFF SHIP: White;0;Green;300;Yellow;49;Red;8;Black;143;ON SHIP: White;0;Green;0;Yellow;0;Red;0;Evacuees to Transfer;
1414,913,evacuee,outES,Evacuee 451 in triage category R is not assigned a helicopter
1414,913,evacuee,,Evacuee;451;in triage state;B;is at the evacuation site
1414.63,3,evacueeManager,,OFF SHIP: White;0;Green;299;Yellow;50;Red;8;Black;143;ON SHIP: White;0;Green;0;Yellow;0;Red;0;Evacuees to Transfer;
1414.63,1482,evacuee,outES,Evacuee 239 in triage category G is not assigned a helicopter
1414.63,1482,evacuee,,Evacuee;239;in triage state;Y;is at the evacuation site
1419.73,3,evacueeManager,,OFF SHIP: White;0;Green;299;Yellow;50;Red;7;Black;144;ON SHIP: White;0;Green;0;Yellow;0;Red;0;Evacuees to Transfer;
1419.73,637,evacuee,outES,Evacuee 51 in triage category R is not assigned a helicopter
1419.73,637,evacuee,,Evacuee;51;in triage state;B;is at the evacuation site
1421.74,3,evacueeManager,,OFF SHIP: White;0;Green;298;Yellow;51;Red;7;Black;144;ON SHIP: White;0;Green;0;Yellow;0;Red;0;Evacuees to Transfer;
1421.74,1206,evacuee,outES,Evacuee 194 in triage category G is not assigned a helicopter
1421.74,1206,evacuee,,Evacuee;194;in triage state;Y;is at the evacuation site
1421.8,3,evacueeManager,,OFF SHIP: White;0;Green;298;Yellow;50;Red;8;Black;144;ON SHIP: White;0;Green;0;Yellow;0;Red;0;Evacuees to Transfer;
1421.8,286,evacuee,outES,Evacuee 330 in triage category Y is not assigned a helicopter
1421.8,286,evacuee,,Evacuee;330;in triage state;R;is at the evacuation site
1423.78,3,evacueeManager,,OFF SHIP: White;0;Green;298;Yellow;49;Red;9;Black;144;ON SHIP: White;0;Green;0;Yellow;0;Red;0;Evacuees to Transfer;
1423.78,856,evacuee,outES,Evacuee 3 in triage category Y is not assigned a helicopter
1423.78,856,evacuee,,Evacuee;3;in triage state;R;is at the evacuation site
1423.81,3,evacueeManager,,OFF SHIP: White;0;Green;298;Yellow;48;Red;10;Black;144;ON SHIP: White;0;Green;0;Yellow;0;Red;0;Evacuees to Transfer;
1423.81,1130,evacuee,outES,Evacuee 175 in triage category Y is not assigned a helicopter
1423.81,1130,evacuee,,Evacuee;175;in triage state;R;is at the evacuation site
1426.06,3,evacueeManager,,OFF SHIP: White;0;Green;297;Yellow;49;Red;10;Black;144;ON SHIP: White;0;Green;0;Yellow;0;Red;0;Evacuees to Transfer;
1426.06,62,evacuee,outES,Evacuee 462 in triage category G is not assigned a helicopter
1426.06,62,evacuee,,Evacuee;462;in triage state;Y;is at the evacuation site
1430.11,3,evacueeManager,,OFF SHIP: White;0;Green;297;Yellow;48;Red;11;Black;144;ON SHIP: White;0;Green;0;Yellow;0;Red;0;Evacuees to Transfer;
1430.11,784,evacuee,outES,Evacuee 141 in triage category Y is not assigned a helicopter
1430.11,784,evacuee,,Evacuee;141;in triage state;R;is at the evacuation site
1437.92,3,evacueeManager,,OFF SHIP: White;0;Green;297;Yellow;48;Red;10;Black;145;ON SHIP: White;0;Green;0;Yellow;0;Red;0;Evacuees to Transfer;
1437.92,1473,evacuee,outES,Evacuee 237 in triage category R is not assigned a helicopter
1437.92,1473,evacuee,,Evacuee;237;in triage state;B;is at the evacuation site
1442.25,3,evacueeManager,,OFF SHIP: White;0;Green;296;Yellow;49;Red;10;Black;145;ON SHIP: White;0;Green;0;Yellow;0;Red;0;Evacuees to Transfer;
1442.25,1344,evacuee,outES,Evacuee 253 in triage category G is not assigned a helicopter
1442.25,1344,evacuee,,Evacuee;253;in triage state;Y;is at the evacuation site
1443.26,3,evacueeManager,,OFF SHIP: White;0;Green;296;Yellow;49;Red;9;Black;146;ON SHIP: White;0;Green;0;Yellow;0;Red;0;Evacuees to Transfer;
1443.26,1060,evacuee,outES,Evacuee 198 in triage category R is not assigned a helicopter
1443.26,1060,evacuee,,Evacuee;198;in triage state;B;is at the evacuation site
1443.41,3,evacueeManager,,OFF SHIP: White;0;Green;296;Yellow;48;Red;10;Black;146;ON SHIP: White;0;Green;0;Yellow;0;Red;0;Evacuees to Transfer;
1443.41,694,evacuee,outES,Evacuee 363 in triage category Y is not assigned a helicopter
1443.41,694,evacuee,,Evacuee;363;in triage state;R;is at the evacuation site
1443.47,3,evacueeManager,,OFF SHIP: White;0;Green;296;Yellow;47;Red;11;Black;146;ON SHIP: White;0;Green;0;Yellow;0;Red;0;Evacuees to Transfer;
1443.47,114,evacuee,outES,Evacuee 428 in triage category Y is not assigned a helicopter
1443.47,114,evacuee,,Evacuee;428;in triage state;R;is at the evacuation site
1443.71,3,evacueeManager,,OFF SHIP: White;0;Green;295;Yellow;48;Red;11;Black;146;ON SHIP: White;0;Green;0;Yellow;0;Red;0;Evacuees to Transfer;
1443.71,925,evacuee,outES,Evacuee 407 in triage category G is not assigned a helicopter
1443.71,925,evacuee,,Evacuee;407;in triage state;Y;is at the evacuation site
1444.79,3,evacueeManager,,OFF SHIP: White;0;Green;295;Yellow;47;Red;12;Black;146;ON SHIP: White;0;Green;0;Yellow;0;Red;0;Evacuees to Transfer;
1444.79,1133,evacuee,outES,Evacuee 47 in triage category Y is not assigned a helicopter
1444.79,1133,evacuee,,Evacuee;47;in triage state;R;is at the evacuation site
1445.63,3,evacueeManager,,OFF SHIP: White;0;Green;295;Yellow;47;Red;11;Black;147;ON SHIP: White;0;Green;0;Yellow;0;Red;0;Evacuees to Transfer;
1445.63,1127,evacuee,outES,Evacuee 63 in triage category R is not assigned a helicopter
1445.63,1127,evacuee,,Evacuee;63;in triage state;B;is at the evacuation site
1448.7,3,evacueeManager,,OFF SHIP: White;0;Green;294;Yellow;48;Red;11;Black;147;ON SHIP: White;0;Green;0;Yellow;0;Red;0;Evacuees to Transfer;
1448.7,1275,evacuee,outES,Evacuee 438 in triage category G is not assigned a helicopter
1448.7,1275,evacuee,,Evacuee;438;in triage state;Y;is at the evacuation site
1449.07,3,evacueeManager,,OFF SHIP: White;0;Green;294;Yellow;48;Red;10;Black;148;ON SHIP: White;0;Green;0;Yellow;0;Red;0;Evacuees to Transfer;
1449.07,856,evacuee,outES,Evacuee 3 in triage category R is not assigned a helicopter
1449.07,856,evacuee,,Evacuee;3;in triage state;B;is at the evacuation site
1449.74,3,evacueeManager,,OFF SHIP: White;0;Green;294;Yellow;47;Red;11;Black;148;ON SHIP: White;0;Green;0;Yellow;0;Red;0;Evacuees to Transfer;
1449.74,1269,evacuee,outES,Evacuee 242 in triage category Y is not assigned a helicopter
1449.74,1269,evacuee,,Evacuee;242;in triage state;R;is at the evacuation site
1457.34,3,evacueeManager,,OFF SHIP: White;0;Green;294;Yellow;46;Red;12;Black;148;ON SHIP: White;0;Green;0;Yellow;0;Red;0;Evacuees to Transfer;
1457.34,649,evacuee,outES,Evacuee 115 in triage category Y is not assigned a helicopter
1457.34,649,evacuee,,Evacuee;115;in triage state;R;is at the evacuation site
1459.28,3,evacueeManager,,OFF SHIP: White;0;Green;294;Yellow;45;Red;13;Black;148;ON SHIP: White;0;Green;0;Yellow;0;Red;0;Evacuees to Transfer;
1459.28,1410,evacuee,outES,Evacuee 207 in triage category Y is not assigned a helicopter
1459.28,1410,evacuee,,Evacuee;207;in triage state;R;is at the evacuation site
1463.16,3,evacueeManager,,OFF SHIP: White;0;Green;294;Yellow;45;Red;12;Black;149;ON SHIP: White;0;Green;0;Yellow;0;Red;0;Evacuees to Transfer;
1463.16,1191,evacuee,outES,Evacuee 131 in triage category R is not assigned a helicopter
1463.16,1191,evacuee,,Evacuee;131;in triage state;B;is at the evacuation site
1469.02,3,evacueeManager,,OFF SHIP: White;0;Green;294;Yellow;45;Red;11;Black;150;ON SHIP: White;0;Green;0;Yellow;0;Red;0;Evacuees to Transfer;
1469.02,1133,evacuee,outES,Evacuee 47 in triage category R is not assigned a helicopter
1469.02,1133,evacuee,,Evacuee;47;in triage state;B;is at the evacuation site
1473.53,3,evacueeManager,,OFF SHIP: White;0;Green;294;Yellow;44;Red;12;Black;150;ON SHIP: White;0;Green;0;Yellow;0;Red;0;Evacuees to Transfer;
1473.53,397,evacuee,outES,Evacuee 283 in triage category Y is not assigned a helicopter
1473.53,397,evacuee,,Evacuee;283;in triage state;R;is at the evacuation site
1475.55,3,evacueeManager,,OFF SHIP: White;0;Green;293;Yellow;45;Red;12;Black;150;ON SHIP: White;0;Green;0;Yellow;0;Red;0;Evacuees to Transfer;
1475.55,117,evacuee,outES,Evacuee 426 in triage category G is not assigned a helicopter
1475.55,117,evacuee,,Evacuee;426;in triage state;Y;is at the evacuation site
1477.41,3,evacueeManager,,OFF SHIP: White;0;Green;293;Yellow;45;Red;11;Black;151;ON SHIP: White;0;Green;0;Yellow;0;Red;0;Evacuees to Transfer;
1477.41,784,evacuee,outES,Evacuee 141 in triage category R is not assigned a helicopter
1477.41,784,evacuee,,Evacuee;141;in triage state;B;is at the evacuation site
1477.78,3,evacueeManager,,OFF SHIP: White;0;Green;293;Yellow;44;Red;12;Black;151;ON SHIP: White;0;Green;0;Yellow;0;Red;0;Evacuees to Transfer;
1477.78,1482,evacuee,outES,Evacuee 239 in triage category Y is not assigned a helicopter
1477.78,1482,evacuee,,Evacuee;239;in triage state;R;is at the evacuation site
1483.23,3,evacueeManager,,OFF SHIP: White;0;Green;293;Yellow;44;Red;11;Black;152;ON SHIP: White;0;Green;0;Yellow;0;Red;0;Evacuees to Transfer;
1483.23,286,evacuee,outES,Evacuee 330 in triage category R is not assigned a helicopter
1483.23,286,evacuee,,Evacuee;330;in triage state;B;is at the evacuation site
1483.36,3,evacueeManager,,OFF SHIP: White;0;Green;293;Yellow;44;Red;10;Black;153;ON SHIP: White;0;Green;0;Yellow;0;Red;0;Evacuees to Transfer;
1483.36,694,evacuee,outES,Evacuee 363 in triage category R is not assigned a helicopter
1483.36,694,evacuee,,Evacuee;363;in triage state;B;is at the evacuation site
1483.52,3,evacueeManager,,OFF SHIP: White;0;Green;293;Yellow;43;Red;11;Black;153;ON SHIP: White;0;Green;0;Yellow;0;Red;0;Evacuees to Transfer;
1483.52,1479,evacuee,outES,Evacuee 113 in triage category Y is not assigned a helicopter
1483.52,1479,evacuee,,Evacuee;113;in triage state;R;is at the evacuation site
1485.16,3,evacueeManager,,OFF SHIP: White;0;Green;293;Yellow;42;Red;12;Black;153;ON SHIP: White;0;Green;0;Yellow;0;Red;0;Evacuees to Transfer;
1485.16,1323,evacuee,outES,Evacuee 183 in triage category Y is not assigned a helicopter
1485.16,1323,evacuee,,Evacuee;183;in triage state;R;is at the evacuation site
1485.19,3,evacueeManager,,OFF SHIP: White;0;Green;293;Yellow;41;Red;13;Black;153;ON SHIP: White;0;Green;0;Yellow;0;Red;0;Evacuees to Transfer;
1485.19,1188,evacuee,outES,Evacuee 308 in triage category Y is not assigned a helicopter
1485.19,1188,evacuee,,Evacuee;308;in triage state;R;is at the evacuation site
1489.72,3,evacueeManager,,OFF SHIP: White;0;Green;292;Yellow;42;Red;13;Black;153;ON SHIP: White;0;Green;0;Yellow;0;Red;0;Evacuees to Transfer;
1489.72,994,evacuee,outES,Evacuee 21 in triage category G is not assigned a helicopter
1489.72,994,evacuee,,Evacuee;21;in triage state;Y;is at the evacuation site
1495.81,3,evacueeManager,,OFF SHIP: White;0;Green;291;Yellow;43;Red;13;Black;153;ON SHIP: White;0;Green;0;Yellow;0;Red;0;Evacuees to Transfer;
1495.81,1413,evacuee,outES,Evacuee 27 in triage category G is not assigned a helicopter
1495.81,1413,evacuee,,Evacuee;27;in triage state;Y;is at the evacuation site
1500.53,3,evacueeManager,,OFF SHIP: White;0;Green;290;Yellow;44;Red;13;Black;153;ON SHIP: White;0;Green;0;Yellow;0;Red;0;Evacuees to Transfer;
1500.53,460,evacuee,outES,Evacuee 289 in triage category G is not assigned a helicopter
1500.53,460,evacuee,,Evacuee;289;in triage state;Y;is at the evacuation site
1503.66,3,evacueeManager,,OFF SHIP: White;0;Green;290;Yellow;43;Red;14;Black;153;ON SHIP: White;0;Green;0;Yellow;0;Red;0;Evacuees to Transfer;
1503.66,1338,evacuee,outES,Evacuee 217 in triage category Y is not assigned a helicopter
1503.66,1338,evacuee,,Evacuee;217;in triage state;R;is at the evacuation site
1505.07,3,evacueeManager,,OFF SHIP: White;0;Green;289;Yellow;44;Red;14;Black;153;ON SHIP: White;0;Green;0;Yellow;0;Red;0;Evacuees to Transfer;
1505.07,289,evacuee,outES,Evacuee 328 in triage category G is not assigned a helicopter
1505.07,289,evacuee,,Evacuee;328;in triage state;Y;is at the evacuation site
1506.36,3,evacueeManager,,OFF SHIP: White;0;Green;289;Yellow;44;Red;13;Black;154;ON SHIP: White;0;Green;0;Yellow;0;Red;0;Evacuees to Transfer;
1506.36,114,evacuee,outES,Evacuee 428 in triage category R is not assigned a helicopter
1506.36,114,evacuee,,Evacuee;428;in triage state;B;is at the evacuation site
1510.66,3,evacueeManager,,OFF SHIP: White;0;Green;289;Yellow;43;Red;14;Black;154;ON SHIP: White;0;Green;0;Yellow;0;Red;0;Evacuees to Transfer;
1510.66,1341,evacuee,outES,Evacuee 189 in triage category Y is not assigned a helicopter
1510.66,1341,evacuee,,Evacuee;189;in triage state;R;is at the evacuation site
1516.03,3,evacueeManager,,OFF SHIP: White;0;Green;288;Yellow;44;Red;14;Black;154;ON SHIP: White;0;Green;0;Yellow;0;Red;0;Evacuees to Transfer;
1516.03,721,evacuee,outES,Evacuee 15 in triage category G is not assigned a helicopter
1516.03,721,evacuee,,Evacuee;15;in triage state;Y;is at the evacuation site
1517.41,3,evacueeManager,,OFF SHIP: White;0;Green;288;Yellow;44;Red;13;Black;155;ON SHIP: White;0;Green;0;Yellow;0;Red;0;Evacuees to Transfer;
1517.41,1269,evacuee,outES,Evacuee 242 in triage category R is not assigned a helicopter
1517.41,1269,evacuee,,Evacuee;242;in triage state;B;is at the evacuation site
1521.51,3,evacueeManager,,OFF SHIP: White;0;Green;288;Yellow;44;Red;12;Black;156;ON SHIP: White;0;Green;0;Yellow;0;Red;0;Evacuees to Transfer;
1521.51,397,evacuee,outES,Evacuee 283 in triage category R is not assigned a helicopter
1521.51,397,evacuee,,Evacuee;283;in triage state;B;is at the evacuation site
1529.06,3,evacueeManager,,OFF SHIP: White;0;Green;288;Yellow;44;Red;11;Black;157;ON SHIP: White;0;Green;0;Yellow;0;Red;0;Evacuees to Transfer;
1529.06,1410,evacuee,outES,Evacuee 207 in triage category R is not assigned a helicopter
1529.06,1410,evacuee,,Evacuee;207;in triage state;B;is at the evacuation site
1529.09,3,evacueeManager,,OFF SHIP: White;0;Green;288;Yellow;43;Red;12;Black;157;ON SHIP: White;0;Green;0;Yellow;0;Red;0;Evacuees to Transfer;
1529.09,853,evacuee,outES,Evacuee 8 in triage category Y is not assigned a helicopter
1529.09,853,evacuee,,Evacuee;8;in triage state;R;is at the evacuation site
1531.1,3,evacueeManager,,OFF SHIP: White;0;Green;288;Yellow;43;Red;11;Black;158;ON SHIP: White;0;Green;0;Yellow;0;Red;0;Evacuees to Transfer;
1531.1,649,evacuee,outES,Evacuee 115 in triage category R is not assigned a helicopter
1531.1,649,evacuee,,Evacuee;115;in triage state;B;is at the evacuation site
1533.08,3,evacueeManager,,OFF SHIP: White;0;Green;288;Yellow;42;Red;12;Black;158;ON SHIP: White;0;Green;0;Yellow;0;Red;0;Evacuees to Transfer;
1533.08,1335,evacuee,outES,Evacuee 417 in triage category Y is not assigned a helicopter
1533.08,1335,evacuee,,Evacuee;417;in triage state;R;is at the evacuation site
1536.67,3,evacueeManager,,OFF SHIP: White;0;Green;287;Yellow;43;Red;12;Black;158;ON SHIP: White;0;Green;0;Yellow;0;Red;0;Evacuees to Transfer;
1536.67,346,evacuee,outES,Evacuee 306 in triage category G is not assigned a helicopter
1536.67,346,evacuee,,Evacuee;306;in triage state;Y;is at the evacuation site
1539.77,3,evacueeManager,,OFF SHIP: White;0;Green;286;Yellow;44;Red;12;Black;158;ON SHIP: White;0;Green;0;Yellow;0;Red;0;Evacuees to Transfer;
1539.77,517,evacuee,outES,Evacuee 345 in triage category G is not assigned a helicopter
1539.77,517,evacuee,,Evacuee;345;in triage state;Y;is at the evacuation site
1540.33,3,evacueeManager,,OFF SHIP: White;0;Green;285;Yellow;45;Red;12;Black;158;ON SHIP: White;0;Green;0;Yellow;0;Red;0;Evacuees to Transfer;
1540.33,1063,evacuee,outES,Evacuee 84 in triage category G is not assigned a helicopter
1540.33,1063,evacuee,,Evacuee;84;in triage state;Y;is at the evacuation site
1541.55,3,evacueeManager,,OFF SHIP: White;0;Green;284;Yellow;46;Red;12;Black;158;ON SHIP: White;0;Green;0;Yellow;0;Red;0;Evacuees to Transfer;
1541.55,403,evacuee,outES,Evacuee 281 in triage category G is not assigned a helicopter
1541.55,403,evacuee,,Evacuee;281;in triage state;Y;is at the evacuation site
1542.08,3,evacueeManager,,OFF SHIP: White;0;Green;284;Yellow;45;Red;13;Black;158;ON SHIP: White;0;Green;0;Yellow;0;Red;0;Evacuees to Transfer;
1542.08,1063,evacuee,outES,Evacuee 84 in triage category Y is not assigned a helicopter
1542.08,1063,evacuee,,Evacuee;84;in triage state;R;is at the evacuation site
1542.3,3,evacueeManager,,OFF SHIP: White;0;Green;283;Yellow;46;Red;13;Black;158;ON SHIP: White;0;Green;0;Yellow;0;Red;0;Evacuees to Transfer;
1542.3,232,evacuee,outES,Evacuee 369 in triage category G is not assigned a helicopter
1542.3,232,evacuee,,Evacuee;369;in triage state;Y;is at the evacuation site
1542.64,3,evacueeManager,,OFF SHIP: White;0;Green;283;Yellow;46;Red;12;Black;159;ON SHIP: White;0;Green;0;Yellow;0;Red;0;Evacuees to Transfer;
1542.64,343,evacuee,outES,Evacuee 309 in triage category R is not assigned a helicopter
1542.64,343,evacuee,,Evacuee;309;in triage state;B;is at the evacuation site
1543.23,3,evacueeManager,,OFF SHIP: White;0;Green;283;Yellow;45;Red;13;Black;159;ON SHIP: White;0;Green;0;Yellow;0;Red;0;Evacuees to Transfer;
1543.23,457,evacuee,outES,Evacuee 114 in triage category Y is not assigned a helicopter
1543.23,457,evacuee,,Evacuee;114;in triage state;R;is at the evacuation site
1543.73,3,evacueeManager,,OFF SHIP: White;0;Green;283;Yellow;45;Red;12;Black;160;ON SHIP: White;0;Green;0;Yellow;0;Red;0;Evacuees to Transfer;
1543.73,1335,evacuee,outES,Evacuee 417 in triage category R is not assigned a helicopter
1543.73,1335,evacuee,,Evacuee;417;in triage state;B;is at the evacuation site
1544.73,3,evacueeManager,,OFF SHIP: White;0;Green;283;Yellow;45;Red;11;Black;161;ON SHIP: White;0;Green;0;Yellow;0;Red;0;Evacuees to Transfer;
1544.73,457,evacuee,outES,Evacuee 114 in triage category R is not assigned a helicopter
1544.73,457,evacuee,,Evacuee;114;in triage state;B;is at the evacuation site
1545.12,3,evacueeManager,,OFF SHIP: White;0;Green;282;Yellow;46;Red;11;Black;161;ON SHIP: White;0;Green;0;Yellow;0;Red;0;Evacuees to Transfer;
1545.12,174,evacuee,outES,Evacuee 392 in triage category G is not assigned a helicopter
1545.12,174,evacuee,,Evacuee;392;in triage state;Y;is at the evacuation site
1547.63,3,evacueeManager,,OFF SHIP: White;0;Green;282;Yellow;46;Red;10;Black;162;ON SHIP: White;0;Green;0;Yellow;0;Red;0;Evacuees to Transfer;
1547.63,1130,evacuee,outES,Evacuee 175 in triage category R is not assigned a helicopter
1547.63,1130,evacuee,,Evacuee;175;in triage state;B;is at the evacuation site
1555.64,3,evacueeManager,,OFF SHIP: White;0;Green;282;Yellow;45;Red;11;Black;162;ON SHIP: White;0;Green;0;Yellow;0;Red;0;Evacuees to Transfer;
1555.64,448,evacuee,outES,Evacuee 260 in triage category Y is not assigned a helicopter
1555.64,448,evacuee,,Evacuee;260;in triage state;R;is at the evacuation site
1562.06,3,evacueeManager,,OFF SHIP: White;0;Green;282;Yellow;44;Red;12;Black;162;ON SHIP: White;0;Green;0;Yellow;0;Red;0;Evacuees to Transfer;
1562.06,117,evacuee,outES,Evacuee 426 in triage category Y is not assigned a helicopter
1562.06,117,evacuee,,Evacuee;426;in triage state;R;is at the evacuation site
1562.31,3,evacueeManager,,OFF SHIP: White;0;Green;282;Yellow;44;Red;11;Black;163;ON SHIP: White;0;Green;0;Yellow;0;Red;0;Evacuees to Transfer;
1562.31,117,evacuee,outES,Evacuee 426 in triage category R is not assigned a helicopter
1562.31,117,evacuee,,Evacuee;426;in triage state;B;is at the evacuation site
1570.59,3,evacueeManager,,OFF SHIP: White;0;Green;282;Yellow;44;Red;10;Black;164;ON SHIP: White;0;Green;0;Yellow;0;Red;0;Evacuees to Transfer;
1570.59,1188,evacuee,outES,Evacuee 308 in triage category R is not assigned a helicopter
1570.59,1188,evacuee,,Evacuee;308;in triage state;B;is at the evacuation site
1577.75,3,evacueeManager,,OFF SHIP: White;0;Green;282;Yellow;43;Red;11;Black;164;ON SHIP: White;0;Green;0;Yellow;0;Red;0;Evacuees to Transfer;
1577.75,1401,evacuee,outES,Evacuee 180 in triage category Y is not assigned a helicopter
1577.75,1401,evacuee,,Evacuee;180;in triage state;R;is at the evacuation site
1586.5,3,evacueeManager,,OFF SHIP: White;0;Green;282;Yellow;43;Red;10;Black;165;ON SHIP: White;0;Green;0;Yellow;0;Red;0;Evacuees to Transfer;
1586.5,715,evacuee,outES,Evacuee 223 in triage category R is not assigned a helicopter
1586.5,715,evacuee,,Evacuee;223;in triage state;B;is at the evacuation site
1587.93,3,evacueeManager,,OFF SHIP: White;0;Green;281;Yellow;44;Red;10;Black;165;ON SHIP: White;0;Green;0;Yellow;0;Red;0;Evacuees to Transfer;
1587.93,1136,evacuee,outES,Evacuee 56 in triage category G is not assigned a helicopter
1587.93,1136,evacuee,,Evacuee;56;in triage state;Y;is at the evacuation site
1589.7,3,evacueeManager,,OFF SHIP: White;0;Green;281;Yellow;43;Red;11;Black;165;ON SHIP: White;0;Green;0;Yellow;0;Red;0;Evacuees to Transfer;
1589.7,1344,evacuee,outES,Evacuee 253 in triage category Y is not assigned a helicopter
1589.7,1344,evacuee,,Evacuee;253;in triage state;R;is at the evacuation site
1592.62,3,evacueeManager,,OFF SHIP: White;0;Green;281;Yellow;43;Red;10;Black;166;ON SHIP: White;0;Green;0;Yellow;0;Red;0;Evacuees to Transfer;
1592.62,1063,evacuee,outES,Evacuee 84 in triage category R is not assigned a helicopter
1592.62,1063,evacuee,,Evacuee;84;in triage state;B;is at the evacuation site
1592.98,3,evacueeManager,,OFF SHIP: White;0;Green;281;Yellow;43;Red;9;Black;167;ON SHIP: White;0;Green;0;Yellow;0;Red;0;Evacuees to Transfer;
1592.98,1341,evacuee,outES,Evacuee 189 in triage category R is not assigned a helicopter
1592.98,1341,evacuee,,Evacuee;189;in triage state;B;is at the evacuation site
1593.95,3,evacueeManager,,OFF SHIP: White;0;Green;281;Yellow;42;Red;10;Black;167;ON SHIP: White;0;Green;0;Yellow;0;Red;0;Evacuees to Transfer;
1593.95,646,evacuee,outES,Evacuee 79 in triage category Y is not assigned a helicopter
1593.95,646,evacuee,,Evacuee;79;in triage state;R;is at the evacuation site
1596.24,3,evacueeManager,,OFF SHIP: White;0;Green;280;Yellow;43;Red;10;Black;167;ON SHIP: White;0;Green;0;Yellow;0;Red;0;Evacuees to Transfer;
1596.24,655,evacuee,outES,Evacuee 356 in triage category G is not assigned a helicopter
1596.24,655,evacuee,,Evacuee;356;in triage state;Y;is at the evacuation site
1596.52,3,evacueeManager,,OFF SHIP: White;0;Green;280;Yellow;43;Red;9;Black;168;ON SHIP: White;0;Green;0;Yellow;0;Red;0;Evacuees to Transfer;
1596.52,1401,evacuee,outES,Evacuee 180 in triage category R is not assigned a helicopter
1596.52,1401,evacuee,,Evacuee;180;in triage state;B;is at the evacuation site
1598.18,3,evacueeManager,,OFF SHIP: White;0;Green;280;Yellow;43;Red;8;Black;169;ON SHIP: White;0;Green;0;Yellow;0;Red;0;Evacuees to Transfer;
1598.18,646,evacuee,outES,Evacuee 79 in triage category R is not assigned a helicopter
1598.18,646,evacuee,,Evacuee;79;in triage state;B;is at the evacuation site
1601.1,3,evacueeManager,,OFF SHIP: White;0;Green;280;Yellow;42;Red;9;Black;169;ON SHIP: White;0;Green;0;Yellow;0;Red;0;Evacuees to Transfer;
1601.1,92,evacuee,outES,Evacuee 441 in triage category Y is not assigned a helicopter
1601.1,92,evacuee,,Evacuee;441;in triage state;R;is at the evacuation site
1602.64,3,evacueeManager,,OFF SHIP: White;0;Green;280;Yellow;42;Red;8;Black;170;ON SHIP: White;0;Green;0;Yellow;0;Red;0;Evacuees to Transfer;
1602.64,1323,evacuee,outES,Evacuee 183 in triage category R is not assigned a helicopter
1602.64,1323,evacuee,,Evacuee;183;in triage state;B;is at the evacuation site
1603.04,3,evacueeManager,,OFF SHIP: White;0;Green;279;Yellow;43;Red;8;Black;170;ON SHIP: White;0;Green;0;Yellow;0;Red;0;Evacuees to Transfer;
1603.04,586,evacuee,outES,Evacuee 99 in triage category G is not assigned a helicopter
1603.04,586,evacuee,,Evacuee;99;in triage state;Y;is at the evacuation site
1607.27,3,evacueeManager,,OFF SHIP: White;0;Green;278;Yellow;44;Red;8;Black;170;ON SHIP: White;0;Green;0;Yellow;0;Red;0;Evacuees to Transfer;
1607.27,859,evacuee,outES,Evacuee 172 in triage category G is not assigned a helicopter
1607.27,859,evacuee,,Evacuee;172;in triage state;Y;is at the evacuation site
1607.62,3,evacueeManager,,OFF SHIP: White;0;Green;278;Yellow;44;Red;7;Black;171;ON SHIP: White;0;Green;0;Yellow;0;Red;0;Evacuees to Transfer;
1607.62,1344,evacuee,outES,Evacuee 253 in triage category R is not assigned a helicopter
1607.62,1344,evacuee,,Evacuee;253;in triage state;B;is at the evacuation site
1608.27,3,evacueeManager,,OFF SHIP: White;0;Green;278;Yellow;43;Red;8;Black;171;ON SHIP: White;0;Green;0;Yellow;0;Red;0;Evacuees to Transfer;
1608.27,289,evacuee,outES,Evacuee 328 in triage category Y is not assigned a helicopter
1608.27,289,evacuee,,Evacuee;328;in triage state;R;is at the evacuation site
1610.91,3,evacueeManager,,OFF SHIP: White;0;Green;278;Yellow;43;Red;7;Black;172;ON SHIP: White;0;Green;0;Yellow;0;Red;0;Evacuees to Transfer;
1610.91,1482,evacuee,outES,Evacuee 239 in triage category R is not assigned a helicopter
1610.91,1482,evacuee,,Evacuee;239;in triage state;B;is at the evacuation site
1611.44,3,evacueeManager,,OFF SHIP: White;0;Green;278;Yellow;43;Red;6;Black;173;ON SHIP: White;0;Green;0;Yellow;0;Red;0;Evacuees to Transfer;
1611.44,853,evacuee,outES,Evacuee 8 in triage category R is not assigned a helicopter
1611.44,853,evacuee,,Evacuee;8;in triage state;B;is at the evacuation site
1616.07,3,evacueeManager,,OFF SHIP: White;0;Green;278;Yellow;42;Red;7;Black;173;ON SHIP: White;0;Green;0;Yellow;0;Red;0;Evacuees to Transfer;
1616.07,922,evacuee,outES,Evacuee 196 in triage category Y is not assigned a helicopter
1616.07,922,evacuee,,Evacuee;196;in triage state;R;is at the evacuation site
1617.74,3,evacueeManager,,OFF SHIP: White;0;Green;278;Yellow;42;Red;6;Black;174;ON SHIP: White;0;Green;0;Yellow;0;Red;0;Evacuees to Transfer;
1617.74,922,evacuee,outES,Evacuee 196 in triage category R is not assigned a helicopter
1617.74,922,evacuee,,Evacuee;196;in triage state;B;is at the evacuation site
1620.47,3,evacueeManager,,OFF SHIP: White;0;Green;278;Yellow;42;Red;5;Black;175;ON SHIP: White;0;Green;0;Yellow;0;Red;0;Evacuees to Transfer;
1620.47,1338,evacuee,outES,Evacuee 217 in triage category R is not assigned a helicopter
1620.47,1338,evacuee,,Evacuee;217;in triage state;B;is at the evacuation site
1620.75,3,evacueeManager,,OFF SHIP: White;0;Green;277;Yellow;43;Red;5;Black;175;ON SHIP: White;0;Green;0;Yellow;0;Red;0;Evacuees to Transfer;
1620.75,1485,evacuee,outES,Evacuee 243 in triage category G is not assigned a helicopter
1620.75,1485,evacuee,,Evacuee;243;in triage state;Y;is at the evacuation site
1622.26,3,evacueeManager,,OFF SHIP: White;0;Green;277;Yellow;43;Red;4;Black;176;ON SHIP: White;0;Green;0;Yellow;0;Red;0;Evacuees to Transfer;
1622.26,92,evacuee,outES,Evacuee 441 in triage category R is not assigned a helicopter
1622.26,92,evacuee,,Evacuee;441;in triage state;B;is at the evacuation site
1626.23,3,evacueeManager,,OFF SHIP: White;0;Green;277;Yellow;43;Red;3;Black;177;ON SHIP: White;0;Green;0;Yellow;0;Red;0;Evacuees to Transfer;
1626.23,991,evacuee,outES,Evacuee 405 in triage category R is not assigned a helicopter
1626.23,991,evacuee,,Evacuee;405;in triage state;B;is at the evacuation site
1636.33,3,evacueeManager,,OFF SHIP: White;0;Green;276;Yellow;44;Red;3;Black;177;ON SHIP: White;0;Green;0;Yellow;0;Red;0;Evacuees to Transfer;
1636.33,1209,evacuee,outES,Evacuee 140 in triage category G is not assigned a helicopter
1636.33,1209,evacuee,,Evacuee;140;in triage state;Y;is at the evacuation site
1658.44,3,evacueeManager,,OFF SHIP: White;0;Green;275;Yellow;45;Red;3;Black;177;ON SHIP: White;0;Green;0;Yellow;0;Red;0;Evacuees to Transfer;
1658.44,1347,evacuee,outES,Evacuee 191 in triage category G is not assigned a helicopter
1658.44,1347,evacuee,,Evacuee;191;in triage state;Y;is at the evacuation site
1660,3,evacueeManager,,OFF SHIP: White;0;Green;274;Yellow;46;Red;3;Black;177;ON SHIP: White;0;Green;0;Yellow;0;Red;0;Evacuees to Transfer;
1660,928,evacuee,outES,Evacuee 132 in triage category G is not assigned a helicopter
1660,928,evacuee,,Evacuee;132;in triage state;Y;is at the evacuation site
1665.39,3,evacueeManager,,OFF SHIP: White;0;Green;273;Yellow;47;Red;3;Black;177;ON SHIP: White;0;Green;0;Yellow;0;Red;0;Evacuees to Transfer;
1665.39,1278,evacuee,outES,Evacuee 146 in triage category G is not assigned a helicopter
1665.39,1278,evacuee,,Evacuee;146;in triage state;Y;is at the evacuation site
1666.12,3,evacueeManager,,OFF SHIP: White;0;Green;273;Yellow;47;Red;2;Black;178;ON SHIP: White;0;Green;0;Yellow;0;Red;0;Evacuees to Transfer;
1666.12,289,evacuee,outES,Evacuee 328 in triage category R is not assigned a helicopter
1666.12,289,evacuee,,Evacuee;328;in triage state;B;is at the evacuation site
1669.26,3,evacueeManager,,OFF SHIP: White;0;Green;273;Yellow;46;Red;3;Black;178;ON SHIP: White;0;Green;0;Yellow;0;Red;0;Evacuees to Transfer;
1669.26,994,evacuee,outES,Evacuee 21 in triage category Y is not assigned a helicopter
1669.26,994,evacuee,,Evacuee;21;in triage state;R;is at the evacuation site
1669.61,3,evacueeManager,,OFF SHIP: White;0;Green;273;Yellow;45;Red;4;Black;178;ON SHIP: White;0;Green;0;Yellow;0;Red;0;Evacuees to Transfer;
1669.61,652,evacuee,outES,Evacuee 98 in triage category Y is not assigned a helicopter
1669.61,652,evacuee,,Evacuee;98;in triage state;R;is at the evacuation site
1674.91,3,evacueeManager,,OFF SHIP: White;0;Green;273;Yellow;44;Red;5;Black;178;ON SHIP: White;0;Green;0;Yellow;0;Red;0;Evacuees to Transfer;
1674.91,232,evacuee,outES,Evacuee 369 in triage category Y is not assigned a helicopter
1674.91,232,evacuee,,Evacuee;369;in triage state;R;is at the evacuation site
1675.51,3,evacueeManager,,OFF SHIP: White;0;Green;273;Yellow;43;Red;6;Black;178;ON SHIP: White;0;Green;0;Yellow;0;Red;0;Evacuees to Transfer;
1675.51,718,evacuee,outES,Evacuee 135 in triage category Y is not assigned a helicopter
1675.51,718,evacuee,,Evacuee;135;in triage state;R;is at the evacuation site
1677.73,3,evacueeManager,,OFF SHIP: White;0;Green;273;Yellow;42;Red;7;Black;178;ON SHIP: White;0;Green;0;Yellow;0;Red;0;Evacuees to Transfer;
1677.73,62,evacuee,outES,Evacuee 462 in triage category Y is not assigned a helicopter
1677.73,62,evacuee,,Evacuee;462;in triage state;R;is at the evacuation site
1677.77,3,evacueeManager,,OFF SHIP: White;0;Green;273;Yellow;41;Red;8;Black;178;ON SHIP: White;0;Green;0;Yellow;0;Red;0;Evacuees to Transfer;
1677.77,988,evacuee,outES,Evacuee 421 in triage category Y is not assigned a helicopter
1677.77,988,evacuee,,Evacuee;421;in triage state;R;is at the evacuation site
1697.84,3,evacueeManager,,OFF SHIP: White;0;Green;273;Yellow;41;Red;7;Black;179;ON SHIP: White;0;Green;0;Yellow;0;Red;0;Evacuees to Transfer;
1697.84,232,evacuee,outES,Evacuee 369 in triage category R is not assigned a helicopter
1697.84,232,evacuee,,Evacuee;369;in triage state;B;is at the evacuation site
1698.71,3,evacueeManager,,OFF SHIP: White;0;Green;273;Yellow;41;Red;6;Black;180;ON SHIP: White;0;Green;0;Yellow;0;Red;0;Evacuees to Transfer;
1698.71,62,evacuee,outES,Evacuee 462 in triage category R is not assigned a helicopter
1698.71,62,evacuee,,Evacuee;462;in triage state;B;is at the evacuation site
1699.93,3,evacueeManager,,OFF SHIP: White;0;Green;273;Yellow;40;Red;7;Black;180;ON SHIP: White;0;Green;0;Yellow;0;Red;0;Evacuees to Transfer;
1699.93,171,evacuee,outES,Evacuee 393 in triage category Y is not assigned a helicopter
1699.93,171,evacuee,,Evacuee;393;in triage state;R;is at the evacuation site
1703.97,3,evacueeManager,,OFF SHIP: White;0;Green;272;Yellow;41;Red;7;Black;180;ON SHIP: White;0;Green;0;Yellow;0;Red;0;Evacuees to Transfer;
1703.97,1416,evacuee,outES,Evacuee 211 in triage category G is not assigned a helicopter
1703.97,1416,evacuee,,Evacuee;211;in triage state;Y;is at the evacuation site
1705.04,3,evacueeManager,,OFF SHIP: White;0;Green;272;Yellow;40;Red;8;Black;180;ON SHIP: White;0;Green;0;Yellow;0;Red;0;Evacuees to Transfer;
1705.04,1485,evacuee,outES,Evacuee 243 in triage category Y is not assigned a helicopter
1705.04,1485,evacuee,,Evacuee;243;in triage state;R;is at the evacuation site
1706.96,3,evacueeManager,,OFF SHIP: White;0;Green;272;Yellow;40;Red;7;Black;181;ON SHIP: White;0;Green;0;Yellow;0;Red;0;Evacuees to Transfer;
1706.96,994,evacuee,outES,Evacuee 21 in triage category R is not assigned a helicopter
1706.96,994,evacuee,,Evacuee;21;in triage state;B;is at the evacuation site
1711.46,3,evacueeManager,,OFF SHIP: White;0;Green;272;Yellow;39;Red;8;Black;181;ON SHIP: White;0;Green;0;Yellow;0;Red;0;Evacuees to Transfer;
1711.46,1272,evacuee,outES,Evacuee 178 in triage category Y is not assigned a helicopter
1711.46,1272,evacuee,,Evacuee;178;in triage state;R;is at the evacuation site
1717.81,3,evacueeManager,,OFF SHIP: White;0;Green;271;Yellow;40;Red;8;Black;181;ON SHIP: White;0;Green;0;Yellow;0;Red;0;Evacuees to Transfer;
1717.81,997,evacuee,outES,Evacuee 68 in triage category G is not assigned a helicopter
1717.81,997,evacuee,,Evacuee;68;in triage state;Y;is at the evacuation site
1728.75,3,evacueeManager,,OFF SHIP: White;0;Green;271;Yellow;39;Red;9;Black;181;ON SHIP: White;0;Green;0;Yellow;0;Red;0;Evacuees to Transfer;
1728.75,775,evacuee,outES,Evacuee 107 in triage category Y is not assigned a helicopter
1728.75,775,evacuee,,Evacuee;107;in triage state;R;is at the evacuation site
1730.78,3,evacueeManager,,OFF SHIP: White;0;Green;271;Yellow;38;Red;10;Black;181;ON SHIP: White;0;Green;0;Yellow;0;Red;0;Evacuees to Transfer;
1730.78,583,evacuee,outES,Evacuee 142 in triage category Y is not assigned a helicopter
1730.78,583,evacuee,,Evacuee;142;in triage state;R;is at the evacuation site
1735.23,3,evacueeManager,,OFF SHIP: White;0;Green;270;Yellow;39;Red;10;Black;181;ON SHIP: White;0;Green;0;Yellow;0;Red;0;Evacuees to Transfer;
1735.23,120,evacuee,outES,Evacuee 423 in triage category G is not assigned a helicopter
1735.23,120,evacuee,,Evacuee;423;in triage state;Y;is at the evacuation site
1743.15,3,evacueeManager,,OFF SHIP: White;0;Green;270;Yellow;38;Red;11;Black;181;ON SHIP: White;0;Green;0;Yellow;0;Red;0;Evacuees to Transfer;
1743.15,229,evacuee,outES,Evacuee 457 in triage category Y is not assigned a helicopter
1743.15,229,evacuee,,Evacuee;457;in triage state;R;is at the evacuation site
1746.3,3,evacueeManager,,OFF SHIP: White;0;Green;269;Yellow;39;Red;11;Black;181;ON SHIP: White;0;Green;0;Yellow;0;Red;0;Evacuees to Transfer;
1746.3,724,evacuee,outES,Evacuee 474 in triage category G is not assigned a helicopter
1746.3,724,evacuee,,Evacuee;474;in triage state;Y;is at the evacuation site
1746.39,3,evacueeManager,,OFF SHIP: White;0;Green;269;Yellow;39;Red;10;Black;182;ON SHIP: White;0;Green;0;Yellow;0;Red;0;Evacuees to Transfer;
1746.39,988,evacuee,outES,Evacuee 421 in triage category R is not assigned a helicopter
1746.39,988,evacuee,,Evacuee;421;in triage state;B;is at the evacuation site
1748.4,3,evacueeManager,,OFF SHIP: White;0;Green;269;Yellow;39;Red;9;Black;183;ON SHIP: White;0;Green;0;Yellow;0;Red;0;Evacuees to Transfer;
1748.4,229,evacuee,outES,Evacuee 457 in triage category R is not assigned a helicopter
1748.4,229,evacuee,,Evacuee;457;in triage state;B;is at the evacuation site
1762.58,3,evacueeManager,,OFF SHIP: White;0;Green;268;Yellow;40;Red;9;Black;183;ON SHIP: White;0;Green;0;Yellow;0;Red;0;Evacuees to Transfer;
1762.58,463,evacuee,outES,Evacuee 88 in triage category G is not assigned a helicopter
1762.58,463,evacuee,,Evacuee;88;in triage state;Y;is at the evacuation site
1763.95,3,evacueeManager,,OFF SHIP: White;0;Green;268;Yellow;40;Red;8;Black;184;ON SHIP: White;0;Green;0;Yellow;0;Red;0;Evacuees to Transfer;
1763.95,448,evacuee,outES,Evacuee 260 in triage category R is not assigned a helicopter
1763.95,448,evacuee,,Evacuee;260;in triage state;B;is at the evacuation site
1765.55,3,evacueeManager,,OFF SHIP: White;0;Green;268;Yellow;40;Red;7;Black;185;ON SHIP: White;0;Green;0;Yellow;0;Red;0;Evacuees to Transfer;
1765.55,171,evacuee,outES,Evacuee 393 in triage category R is not assigned a helicopter
1765.55,171,evacuee,,Evacuee;393;in triage state;B;is at the evacuation site
1771.72,3,evacueeManager,,OFF SHIP: White;0;Green;267;Yellow;41;Red;7;Black;185;ON SHIP: White;0;Green;0;Yellow;0;Red;0;Evacuees to Transfer;
1771.72,292,evacuee,outES,Evacuee 327 in triage category G is not assigned a helicopter
1771.72,292,evacuee,,Evacuee;327;in triage state;Y;is at the evacuation site
1772.63,3,evacueeManager,,OFF SHIP: White;0;Green;266;Yellow;42;Red;7;Black;185;ON SHIP: White;0;Green;0;Yellow;0;Red;0;Evacuees to Transfer;
1772.63,1066,evacuee,outES,Evacuee 42 in triage category G is not assigned a helicopter
1772.63,1066,evacuee,,Evacuee;42;in triage state;Y;is at the evacuation site
1774.98,3,evacueeManager,,OFF SHIP: White;0;Green;266;Yellow;41;Red;8;Black;185;ON SHIP: White;0;Green;0;Yellow;0;Red;0;Evacuees to Transfer;
1774.98,859,evacuee,outES,Evacuee 172 in triage category Y is not assigned a helicopter
1774.98,859,evacuee,,Evacuee;172;in triage state;R;is at the evacuation site
1777.96,3,evacueeManager,,OFF SHIP: White;0;Green;266;Yellow;40;Red;9;Black;185;ON SHIP: White;0;Green;0;Yellow;0;Red;0;Evacuees to Transfer;
1777.96,162,evacuee,outES,Evacuee 452 in triage category Y is not assigned a helicopter
1777.96,162,evacuee,,Evacuee;452;in triage state;R;is at the evacuation site
1780.38,3,evacueeManager,,OFF SHIP: White;0;Green;265;Yellow;41;Red;9;Black;185;ON SHIP: White;0;Green;0;Yellow;0;Red;0;Evacuees to Transfer;
1780.38,520,evacuee,outES,Evacuee 302 in triage category G is not assigned a helicopter
1780.38,520,evacuee,,Evacuee;302;in triage state;Y;is at the evacuation site
1781.66,3,evacueeManager,,OFF SHIP: White;0;Green;265;Yellow;41;Red;8;Black;186;ON SHIP: White;0;Green;0;Yellow;0;Red;0;Evacuees to Transfer;
1781.66,1485,evacuee,outES,Evacuee 243 in triage category R is not assigned a helicopter
1781.66,1485,evacuee,,Evacuee;243;in triage state;B;is at the evacuation site
1782.29,3,evacueeManager,,OFF SHIP: White;0;Green;265;Yellow;40;Red;9;Black;186;ON SHIP: White;0;Green;0;Yellow;0;Red;0;Evacuees to Transfer;
1782.29,463,evacuee,outES,Evacuee 88 in triage category Y is not assigned a helicopter
1782.29,463,evacuee,,Evacuee;88;in triage state;R;is at the evacuation site
1788.65,3,evacueeManager,,OFF SHIP: White;0;Green;265;Yellow;40;Red;8;Black;187;ON SHIP: White;0;Green;0;Yellow;0;Red;0;Evacuees to Transfer;
1788.65,1479,evacuee,outES,Evacuee 113 in triage category R is not assigned a helicopter
1788.65,1479,evacuee,,Evacuee;113;in triage state;B;is at the evacuation site
1804.14,3,evacueeManager,,OFF SHIP: White;0;Green;264;Yellow;41;Red;8;Black;187;ON SHIP: White;0;Green;0;Yellow;0;Red;0;Evacuees to Transfer;
1804.14,235,evacuee,outES,Evacuee 366 in triage category G is not assigned a helicopter
1804.14,235,evacuee,,Evacuee;366;in triage state;Y;is at the evacuation site
1806.18,3,evacueeManager,,OFF SHIP: White;0;Green;264;Yellow;40;Red;9;Black;187;ON SHIP: White;0;Green;0;Yellow;0;Red;0;Evacuees to Transfer;
1806.18,1347,evacuee,outES,Evacuee 191 in triage category Y is not assigned a helicopter
1806.18,1347,evacuee,,Evacuee;191;in triage state;R;is at the evacuation site
1807.23,3,evacueeManager,,OFF SHIP: White;0;Green;263;Yellow;41;Red;9;Black;187;ON SHIP: White;0;Green;0;Yellow;0;Red;0;Evacuees to Transfer;
1807.23,177,evacuee,outES,Evacuee 389 in triage category G is not assigned a helicopter
1807.23,177,evacuee,,Evacuee;389;in triage state;Y;is at the evacuation site
1807.54,3,evacueeManager,,OFF SHIP: White;0;Green;262;Yellow;42;Red;9;Black;187;ON SHIP: White;0;Green;0;Yellow;0;Red;0;Evacuees to Transfer;
1807.54,406,evacuee,outES,Evacuee 280 in triage category G is not assigned a helicopter
1807.54,406,evacuee,,Evacuee;280;in triage state;Y;is at the evacuation site
1810.38,3,evacueeManager,,OFF SHIP: White;0;Green;262;Yellow;41;Red;10;Black;187;ON SHIP: White;0;Green;0;Yellow;0;Red;0;Evacuees to Transfer;
1810.38,580,evacuee,outES,Evacuee 101 in triage category Y is not assigned a helicopter
1810.38,580,evacuee,,Evacuee;101;in triage state;R;is at the evacuation site
1810.63,3,evacueeManager,,OFF SHIP: White;0;Green;261;Yellow;42;Red;10;Black;187;ON SHIP: White;0;Green;0;Yellow;0;Red;0;Evacuees to Transfer;
1810.63,349,evacuee,outES,Evacuee 305 in triage category G is not assigned a helicopter
1810.63,349,evacuee,,Evacuee;305;in triage state;Y;is at the evacuation site
1815.23,3,evacueeManager,,OFF SHIP: White;0;Green;261;Yellow;42;Red;9;Black;188;ON SHIP: White;0;Green;0;Yellow;0;Red;0;Evacuees to Transfer;
1815.23,1347,evacuee,outES,Evacuee 191 in triage category R is not assigned a helicopter
1815.23,1347,evacuee,,Evacuee;191;in triage state;B;is at the evacuation site
1815.38,3,evacueeManager,,OFF SHIP: White;0;Green;261;Yellow;41;Red;10;Black;188;ON SHIP: White;0;Green;0;Yellow;0;Red;0;Evacuees to Transfer;
1815.38,514,evacuee,outES,Evacuee 215 in triage category Y is not assigned a helicopter
1815.38,514,evacuee,,Evacuee;215;in triage state;R;is at the evacuation site
1820.02,3,evacueeManager,,OFF SHIP: White;0;Green;260;Yellow;42;Red;10;Black;188;ON SHIP: White;0;Green;0;Yellow;0;Red;0;Evacuees to Transfer;
1820.02,1139,evacuee,outES,Evacuee 367 in triage category G is not assigned a helicopter
1820.02,1139,evacuee,,Evacuee;367;in triage state;Y;is at the evacuation site
1820.54,3,evacueeManager,,OFF SHIP: White;0;Green;259;Yellow;43;Red;10;Black;188;ON SHIP: White;0;Green;0;Yellow;0;Red;0;Evacuees to Transfer;
1820.54,658,evacuee,outES,Evacuee 78 in triage category G is not assigned a helicopter
1820.54,658,evacuee,,Evacuee;78;in triage state;Y;is at the evacuation site
1820.84,3,evacueeManager,,OFF SHIP: White;0;Green;259;Yellow;43;Red;9;Black;189;ON SHIP: White;0;Green;0;Yellow;0;Red;0;Evacuees to Transfer;
1820.84,652,evacuee,outES,Evacuee 98 in triage category R is not assigned a helicopter
1820.84,652,evacuee,,Evacuee;98;in triage state;B;is at the evacuation site
1825.17,3,evacueeManager,,OFF SHIP: White;0;Green;259;Yellow;42;Red;10;Black;189;ON SHIP: White;0;Green;0;Yellow;0;Red;0;Evacuees to Transfer;
1825.17,403,evacuee,outES,Evacuee 281 in triage category Y is not assigned a helicopter
1825.17,403,evacuee,,Evacuee;281;in triage state;R;is at the evacuation site
1829.18,3,evacueeManager,,OFF SHIP: White;0;Green;259;Yellow;42;Red;9;Black;190;ON SHIP: White;0;Green;0;Yellow;0;Red;0;Evacuees to Transfer;
1829.18,859,evacuee,outES,Evacuee 172 in triage category R is not assigned a helicopter
1829.18,859,evacuee,,Evacuee;172;in triage state;B;is at the evacuation site
1836.72,3,evacueeManager,,OFF SHIP: White;0;Green;258;Yellow;43;Red;9;Black;190;ON SHIP: White;0;Green;0;Yellow;0;Red;0;Evacuees to Transfer;
1836.72,862,evacuee,outES,Evacuee 256 in triage category G is not assigned a helicopter
1836.72,862,evacuee,,Evacuee;256;in triage state;Y;is at the evacuation site
1838.82,3,evacueeManager,,OFF SHIP: White;0;Green;258;Yellow;43;Red;8;Black;191;ON SHIP: White;0;Green;0;Yellow;0;Red;0;Evacuees to Transfer;
1838.82,514,evacuee,outES,Evacuee 215 in triage category R is not assigned a helicopter
1838.82,514,evacuee,,Evacuee;215;in triage state;B;is at the evacuation site
1840.26,3,evacueeManager,,OFF SHIP: White;0;Green;258;Yellow;42;Red;9;Black;191;ON SHIP: White;0;Green;0;Yellow;0;Red;0;Evacuees to Transfer;
1840.26,400,evacuee,outES,Evacuee 282 in triage category Y is not assigned a helicopter
1840.26,400,evacuee,,Evacuee;282;in triage state;R;is at the evacuation site
1842.76,3,evacueeManager,,OFF SHIP: White;0;Green;257;Yellow;43;Red;9;Black;191;ON SHIP: White;0;Green;0;Yellow;0;Red;0;Evacuees to Transfer;
1842.76,1488,evacuee,outES,Evacuee 96 in triage category G is not assigned a helicopter
1842.76,1488,evacuee,,Evacuee;96;in triage state;Y;is at the evacuation site
1844.12,3,evacueeManager,,OFF SHIP: White;0;Green;256;Yellow;44;Red;9;Black;191;ON SHIP: White;0;Green;0;Yellow;0;Red;0;Evacuees to Transfer;
1844.12,793,evacuee,outES,Evacuee 473 in triage category G is not assigned a helicopter
1844.12,793,evacuee,,Evacuee;473;in triage state;Y;is at the evacuation site
1857.46,3,evacueeManager,,OFF SHIP: White;0;Green;256;Yellow;44;Red;8;Black;192;ON SHIP: White;0;Green;0;Yellow;0;Red;0;Evacuees to Transfer;
1857.46,162,evacuee,outES,Evacuee 452 in triage category R is not assigned a helicopter
1857.46,162,evacuee,,Evacuee;452;in triage state;B;is at the evacuation site
1863.9,3,evacueeManager,,OFF SHIP: White;0;Green;255;Yellow;45;Red;8;Black;192;ON SHIP: White;0;Green;0;Yellow;0;Red;0;Evacuees to Transfer;
1863.9,1212,evacuee,outES,Evacuee 130 in triage category G is not assigned a helicopter
1863.9,1212,evacuee,,Evacuee;130;in triage state;Y;is at the evacuation site
1864.03,3,evacueeManager,,OFF SHIP: White;0;Green;255;Yellow;44;Red;9;Black;192;ON SHIP: White;0;Green;0;Yellow;0;Red;0;Evacuees to Transfer;
1864.03,655,evacuee,outES,Evacuee 356 in triage category Y is not assigned a helicopter
1864.03,655,evacuee,,Evacuee;356;in triage state;R;is at the evacuation site
1871.51,3,evacueeManager,,OFF SHIP: White;0;Green;255;Yellow;43;Red;10;Black;192;ON SHIP: White;0;Green;0;Yellow;0;Red;0;Evacuees to Transfer;
1871.51,460,evacuee,outES,Evacuee 289 in triage category Y is not assigned a helicopter
1871.51,460,evacuee,,Evacuee;289;in triage state;R;is at the evacuation site
1871.85,3,evacueeManager,,OFF SHIP: White;0;Green;255;Yellow;43;Red;9;Black;193;ON SHIP: White;0;Green;0;Yellow;0;Red;0;Evacuees to Transfer;
1871.85,1272,evacuee,outES,Evacuee 178 in triage category R is not assigned a helicopter
1871.85,1272,evacuee,,Evacuee;178;in triage state;B;is at the evacuation site
1878.26,3,evacueeManager,,OFF SHIP: White;0;Green;255;Yellow;43;Red;8;Black;194;ON SHIP: White;0;Green;0;Yellow;0;Red;0;Evacuees to Transfer;
1878.26,775,evacuee,outES,Evacuee 107 in triage category R is not assigned a helicopter
1878.26,775,evacuee,,Evacuee;107;in triage state;B;is at the evacuation site
1878.62,3,evacueeManager,,OFF SHIP: White;0;Green;255;Yellow;42;Red;9;Black;194;ON SHIP: White;0;Green;0;Yellow;0;Red;0;Evacuees to Transfer;
1878.62,1275,evacuee,outES,Evacuee 438 in triage category Y is not assigned a helicopter
1878.62,1275,evacuee,,Evacuee;438;in triage state;R;is at the evacuation site
1891.01,3,evacueeManager,,OFF SHIP: White;0;Green;255;Yellow;42;Red;8;Black;195;ON SHIP: White;0;Green;0;Yellow;0;Red;0;Evacuees to Transfer;
1891.01,1275,evacuee,outES,Evacuee 438 in triage category R is not assigned a helicopter
1891.01,1275,evacuee,,Evacuee;438;in triage state;B;is at the evacuation site
1893.26,3,evacueeManager,,OFF SHIP: White;0;Green;255;Yellow;42;Red;7;Black;196;ON SHIP: White;0;Green;0;Yellow;0;Red;0;Evacuees to Transfer;
1893.26,580,evacuee,outES,Evacuee 101 in triage category R is not assigned a helicopter
1893.26,580,evacuee,,Evacuee;101;in triage state;B;is at the evacuation site
1893.88,3,evacueeManager,,OFF SHIP: White;0;Green;254;Yellow;43;Red;7;Black;196;ON SHIP: White;0;Green;0;Yellow;0;Red;0;Evacuees to Transfer;
1893.88,931,evacuee,outES,Evacuee 31 in triage category G is not assigned a helicopter
1893.88,931,evacuee,,Evacuee;31;in triage state;Y;is at the evacuation site
1894.83,3,evacueeManager,,OFF SHIP: White;0;Green;254;Yellow;42;Red;8;Black;196;ON SHIP: White;0;Green;0;Yellow;0;Red;0;Evacuees to Transfer;
1894.83,658,evacuee,outES,Evacuee 78 in triage category Y is not assigned a helicopter
1894.83,658,evacuee,,Evacuee;78;in triage state;R;is at the evacuation site
1900.89,3,evacueeManager,,OFF SHIP: White;0;Green;253;Yellow;43;Red;8;Black;196;ON SHIP: White;0;Green;0;Yellow;0;Red;0;Evacuees to Transfer;
1900.89,1350,evacuee,outES,Evacuee 314 in triage category G is not assigned a helicopter
1900.89,1350,evacuee,,Evacuee;314;in triage state;Y;is at the evacuation site
1902.59,3,evacueeManager,,OFF SHIP: White;0;Green;253;Yellow;43;Red;7;Black;197;ON SHIP: White;0;Green;0;Yellow;0;Red;0;Evacuees to Transfer;
1902.59,655,evacuee,outES,Evacuee 356 in triage category R is not assigned a helicopter
1902.59,655,evacuee,,Evacuee;356;in triage state;B;is at the evacuation site
1902.99,3,evacueeManager,,OFF SHIP: White;0;Green;253;Yellow;42;Red;8;Black;197;ON SHIP: White;0;Green;0;Yellow;0;Red;0;Evacuees to Transfer;
1902.99,1416,evacuee,outES,Evacuee 211 in triage category Y is not assigned a helicopter
1902.99,1416,evacuee,,Evacuee;211;in triage state;R;is at the evacuation site
1904.08,3,evacueeManager,,OFF SHIP: White;0;Green;252;Yellow;43;Red;8;Black;197;ON SHIP: White;0;Green;0;Yellow;0;Red;0;Evacuees to Transfer;
1904.08,1281,evacuee,outES,Evacuee 167 in triage category G is not assigned a helicopter
1904.08,1281,evacuee,,Evacuee;167;in triage state;Y;is at the evacuation site
1909.42,3,evacueeManager,,OFF SHIP: White;0;Green;252;Yellow;42;Red;9;Black;197;ON SHIP: White;0;Green;0;Yellow;0;Red;0;Evacuees to Transfer;
1909.42,586,evacuee,outES,Evacuee 99 in triage category Y is not assigned a helicopter
1909.42,586,evacuee,,Evacuee;99;in triage state;R;is at the evacuation site
1921.09,3,evacueeManager,,OFF SHIP: White;0;Green;252;Yellow;42;Red;8;Black;198;ON SHIP: White;0;Green;0;Yellow;0;Red;0;Evacuees to Transfer;
1921.09,586,evacuee,outES,Evacuee 99 in triage category R is not assigned a helicopter
1921.09,586,evacuee,,Evacuee;99;in triage state;B;is at the evacuation site
1923.95,3,evacueeManager,,OFF SHIP: White;0;Green;252;Yellow;41;Red;9;Black;198;ON SHIP: White;0;Green;0;Yellow;0;Red;0;Evacuees to Transfer;
1923.95,1350,evacuee,outES,Evacuee 314 in triage category Y is not assigned a helicopter
1923.95,1350,evacuee,,Evacuee;314;in triage state;R;is at the evacuation site
1924.89,3,evacueeManager,,OFF SHIP: White;0;Green;252;Yellow;40;Red;10;Black;198;ON SHIP: White;0;Green;0;Yellow;0;Red;0;Evacuees to Transfer;
1924.89,349,evacuee,outES,Evacuee 305 in triage category Y is not assigned a helicopter
1924.89,349,evacuee,,Evacuee;305;in triage state;R;is at the evacuation site
1925.83,3,evacueeManager,,OFF SHIP: White;0;Green;252;Yellow;39;Red;11;Black;198;ON SHIP: White;0;Green;0;Yellow;0;Red;0;Evacuees to Transfer;
1925.83,346,evacuee,outES,Evacuee 306 in triage category Y is not assigned a helicopter
1925.83,346,evacuee,,Evacuee;306;in triage state;R;is at the evacuation site
1926.03,3,evacueeManager,,OFF SHIP: White;0;Green;252;Yellow;39;Red;10;Black;199;ON SHIP: White;0;Green;0;Yellow;0;Red;0;Evacuees to Transfer;
1926.03,583,evacuee,outES,Evacuee 142 in triage category R is not assigned a helicopter
1926.03,583,evacuee,,Evacuee;142;in triage state;B;is at the evacuation site
1926.97,3,evacueeManager,,OFF SHIP: White;0;Green;252;Yellow;39;Red;9;Black;200;ON SHIP: White;0;Green;0;Yellow;0;Red;0;Evacuees to Transfer;
1926.97,658,evacuee,outES,Evacuee 78 in triage category R is not assigned a helicopter
1926.97,658,evacuee,,Evacuee;78;in triage state;B;is at the evacuation site
1937.18,3,evacueeManager,,OFF SHIP: White;0;Green;251;Yellow;40;Red;9;Black;200;ON SHIP: White;0;Green;0;Yellow;0;Red;0;Evacuees to Transfer;
1937.18,1419,evacuee,outES,Evacuee 294 in triage category G is not assigned a helicopter
1937.18,1419,evacuee,,Evacuee;294;in triage state;Y;is at the evacuation site
1938.58,3,evacueeManager,,OFF SHIP: White;0;Green;251;Yellow;40;Red;8;Black;201;ON SHIP: White;0;Green;0;Yellow;0;Red;0;Evacuees to Transfer;
1938.58,718,evacuee,outES,Evacuee 135 in triage category R is not assigned a helicopter
1938.58,718,evacuee,,Evacuee;135;in triage state;B;is at the evacuation site
1939.31,3,evacueeManager,,OFF SHIP: White;0;Green;251;Yellow;39;Red;9;Black;201;ON SHIP: White;0;Green;0;Yellow;0;Red;0;Evacuees to Transfer;
1939.31,1467,evacuee,outES,Evacuee 236 in triage category Y is not assigned a helicopter
1939.31,1467,evacuee,,Evacuee;236;in triage state;R;is at the evacuation site
1942.19,3,evacueeManager,,OFF SHIP: White;0;Green;251;Yellow;39;Red;8;Black;202;ON SHIP: White;0;Green;0;Yellow;0;Red;0;Evacuees to Transfer;
1942.19,400,evacuee,outES,Evacuee 282 in triage category R is not assigned a helicopter
1942.19,400,evacuee,,Evacuee;282;in triage state;B;is at the evacuation site
1942.2,3,evacueeManager,,OFF SHIP: White;0;Green;251;Yellow;39;Red;7;Black;203;ON SHIP: White;0;Green;0;Yellow;0;Red;0;Evacuees to Transfer;
1942.2,1416,evacuee,outES,Evacuee 211 in triage category R is not assigned a helicopter
1942.2,1416,evacuee,,Evacuee;211;in triage state;B;is at the evacuation site
1953.09,3,evacueeManager,,OFF SHIP: White;0;Green;251;Yellow;39;Red;6;Black;204;ON SHIP: White;0;Green;0;Yellow;0;Red;0;Evacuees to Transfer;
1953.09,403,evacuee,outES,Evacuee 281 in triage category R is not assigned a helicopter
1953.09,403,evacuee,,Evacuee;281;in triage state;B;is at the evacuation site
1961.08,3,evacueeManager,,OFF SHIP: White;0;Green;250;Yellow;40;Red;6;Black;204;ON SHIP: White;0;Green;0;Yellow;0;Red;0;Evacuees to Transfer;
1961.08,1000,evacuee,outES,Evacuee 72 in triage category G is not assigned a helicopter
1961.08,1000,evacuee,,Evacuee;72;in triage state;Y;is at the evacuation site
1962.6,3,evacueeManager,,OFF SHIP: White;0;Green;250;Yellow;40;Red;5;Black;205;ON SHIP: White;0;Green;0;Yellow;0;Red;0;Evacuees to Transfer;
1962.6,1350,evacuee,outES,Evacuee 314 in triage category R is not assigned a helicopter
1962.6,1350,evacuee,,Evacuee;314;in triage state;B;is at the evacuation site
1975.22,3,evacueeManager,,OFF SHIP: White;0;Green;250;Yellow;39;Red;6;Black;205;ON SHIP: White;0;Green;0;Yellow;0;Red;0;Evacuees to Transfer;
1975.22,1281,evacuee,outES,Evacuee 167 in triage category Y is not assigned a helicopter
1975.22,1281,evacuee,,Evacuee;167;in triage state;R;is at the evacuation site
1975.26,3,evacueeManager,,OFF SHIP: White;0;Green;250;Yellow;39;Red;5;Black;206;ON SHIP: White;0;Green;0;Yellow;0;Red;0;Evacuees to Transfer;
1975.26,1467,evacuee,outES,Evacuee 236 in triage category R is not assigned a helicopter
1975.26,1467,evacuee,,Evacuee;236;in triage state;B;is at the evacuation site
1975.99,3,evacueeManager,,OFF SHIP: White;0;Green;250;Yellow;39;Red;4;Black;207;ON SHIP: White;0;Green;0;Yellow;0;Red;0;Evacuees to Transfer;
1975.99,1281,evacuee,outES,Evacuee 167 in triage category R is not assigned a helicopter
1975.99,1281,evacuee,,Evacuee;167;in triage state;B;is at the evacuation site
1987.59,3,evacueeManager,,OFF SHIP: White;0;Green;249;Yellow;40;Red;4;Black;207;ON SHIP: White;0;Green;0;Yellow;0;Red;0;Evacuees to Transfer;
1987.59,727,evacuee,outES,Evacuee 17 in triage category G is not assigned a helicopter
1987.59,727,evacuee,,Evacuee;17;in triage state;Y;is at the evacuation site
1995.46,3,evacueeManager,,OFF SHIP: White;0;Green;249;Yellow;39;Red;5;Black;207;ON SHIP: White;0;Green;0;Yellow;0;Red;0;Evacuees to Transfer;
1995.46,1212,evacuee,outES,Evacuee 130 in triage category Y is not assigned a helicopter
1995.46,1212,evacuee,,Evacuee;130;in triage state;R;is at the evacuation site
1997.11,3,evacueeManager,,OFF SHIP: White;0;Green;249;Yellow;38;Red;6;Black;207;ON SHIP: White;0;Green;0;Yellow;0;Red;0;Evacuees to Transfer;
1997.11,862,evacuee,outES,Evacuee 256 in triage category Y is not assigned a helicopter
1997.11,862,evacuee,,Evacuee;256;in triage state;R;is at the evacuation site
2005.42,3,evacueeManager,,OFF SHIP: White;0;Green;249;Yellow;37;Red;7;Black;207;ON SHIP: White;0;Green;0;Yellow;0;Red;0;Evacuees to Transfer;
2005.42,1488,evacuee,outES,Evacuee 96 in triage category Y is not assigned a helicopter
2005.42,1488,evacuee,,Evacuee;96;in triage state;R;is at the evacuation site
2013.37,3,evacueeManager,,OFF SHIP: White;0;Green;249;Yellow;36;Red;8;Black;207;ON SHIP: White;0;Green;0;Yellow;0;Red;0;Evacuees to Transfer;
2013.37,793,evacuee,outES,Evacuee 473 in triage category Y is not assigned a helicopter
2013.37,793,evacuee,,Evacuee;473;in triage state;R;is at the evacuation site
2020.12,3,evacueeManager,,OFF SHIP: White;0;Green;248;Yellow;37;Red;8;Black;207;ON SHIP: White;0;Green;0;Yellow;0;Red;0;Evacuees to Transfer;
2020.12,523,evacuee,outES,Evacuee 112 in triage category G is not assigned a helicopter
2020.12,523,evacuee,,Evacuee;112;in triage state;Y;is at the evacuation site
2020.67,3,evacueeManager,,OFF SHIP: White;0;Green;247;Yellow;38;Red;8;Black;207;ON SHIP: White;0;Green;0;Yellow;0;Red;0;Evacuees to Transfer;
2020.67,123,evacuee,outES,Evacuee 420 in triage category G is not assigned a helicopter
2020.67,123,evacuee,,Evacuee;420;in triage state;Y;is at the evacuation site
2025.33,3,evacueeManager,,OFF SHIP: White;0;Green;246;Yellow;39;Red;8;Black;207;ON SHIP: White;0;Green;0;Yellow;0;Red;0;Evacuees to Transfer;
2025.33,1069,evacuee,outES,Evacuee 91 in triage category G is not assigned a helicopter
2025.33,1069,evacuee,,Evacuee;91;in triage state;Y;is at the evacuation site
2041.33,3,evacueeManager,,OFF SHIP: White;0;Green;246;Yellow;38;Red;9;Black;207;ON SHIP: White;0;Green;0;Yellow;0;Red;0;Evacuees to Transfer;
2041.33,1278,evacuee,outES,Evacuee 146 in triage category Y is not assigned a helicopter
2041.33,1278,evacuee,,Evacuee;146;in triage state;R;is at the evacuation site
2042.73,3,evacueeManager,,OFF SHIP: White;0;Green;246;Yellow;37;Red;10;Black;207;ON SHIP: White;0;Green;0;Yellow;0;Red;0;Evacuees to Transfer;
2042.73,919,evacuee,outES,Evacuee 286 in triage category Y is not assigned a helicopter
2042.73,919,evacuee,,Evacuee;286;in triage state;R;is at the evacuation site
2046.2,3,evacueeManager,,OFF SHIP: White;0;Green;246;Yellow;37;Red;9;Black;208;ON SHIP: White;0;Green;0;Yellow;0;Red;0;Evacuees to Transfer;
2046.2,862,evacuee,outES,Evacuee 256 in triage category R is not assigned a helicopter
2046.2,862,evacuee,,Evacuee;256;in triage state;B;is at the evacuation site
2050.85,3,evacueeManager,,OFF SHIP: White;0;Green;246;Yellow;37;Red;8;Black;209;ON SHIP: White;0;Green;0;Yellow;0;Red;0;Evacuees to Transfer;
2050.85,1278,evacuee,outES,Evacuee 146 in triage category R is not assigned a helicopter
2050.85,1278,evacuee,,Evacuee;146;in triage state;B;is at the evacuation site
2055.48,3,evacueeManager,,OFF SHIP: White;0;Green;245;Yellow;38;Red;8;Black;209;ON SHIP: White;0;Green;0;Yellow;0;Red;0;Evacuees to Transfer;
2055.48,466,evacuee,outES,Evacuee 449 in triage category G is not assigned a helicopter
2055.48,466,evacuee,,Evacuee;449;in triage state;Y;is at the evacuation site
2057.72,3,evacueeManager,,OFF SHIP: White;0;Green;245;Yellow;38;Red;7;Black;210;ON SHIP: White;0;Green;0;Yellow;0;Red;0;Evacuees to Transfer;
2057.72,1488,evacuee,outES,Evacuee 96 in triage category R is not assigned a helicopter
2057.72,1488,evacuee,,Evacuee;96;in triage state;B;is at the evacuation site
2060.98,3,evacueeManager,,OFF SHIP: White;0;Green;244;Yellow;39;Red;7;Black;210;ON SHIP: White;0;Green;0;Yellow;0;Red;0;Evacuees to Transfer;
2060.98,295,evacuee,outES,Evacuee 410 in triage category G is not assigned a helicopter
2060.98,295,evacuee,,Evacuee;410;in triage state;Y;is at the evacuation site
2067.17,3,evacueeManager,,OFF SHIP: White;0;Green;243;Yellow;40;Red;7;Black;210;ON SHIP: White;0;Green;0;Yellow;0;Red;0;Evacuees to Transfer;
2067.17,592,evacuee,outES,Evacuee 324 in triage category G is not assigned a helicopter
2067.17,592,evacuee,,Evacuee;324;in triage state;Y;is at the evacuation site
2072.47,3,evacueeManager,,OFF SHIP: White;0;Green;242;Yellow;41;Red;7;Black;210;ON SHIP: White;0;Green;0;Yellow;0;Red;0;Evacuees to Transfer;
2072.47,1142,evacuee,outES,Evacuee 364 in triage category G is not assigned a helicopter
2072.47,1142,evacuee,,Evacuee;364;in triage state;Y;is at the evacuation site
2077.84,3,evacueeManager,,OFF SHIP: White;0;Green;242;Yellow;41;Red;6;Black;211;ON SHIP: White;0;Green;0;Yellow;0;Red;0;Evacuees to Transfer;
2077.84,349,evacuee,outES,Evacuee 305 in triage category R is not assigned a helicopter
2077.84,349,evacuee,,Evacuee;305;in triage state;B;is at the evacuation site
2082.31,3,evacueeManager,,OFF SHIP: White;0;Green;241;Yellow;42;Red;6;Black;211;ON SHIP: White;0;Green;0;Yellow;0;Red;0;Evacuees to Transfer;
2082.31,661,evacuee,outES,Evacuee 213 in triage category G is not assigned a helicopter
2082.31,661,evacuee,,Evacuee;213;in triage state;Y;is at the evacuation site
2084.44,3,evacueeManager,,OFF SHIP: White;0;Green;241;Yellow;41;Red;7;Black;211;ON SHIP: White;0;Green;0;Yellow;0;Red;0;Evacuees to Transfer;
2084.44,1404,evacuee,outES,Evacuee 206 in triage category Y is not assigned a helicopter
2084.44,1404,evacuee,,Evacuee;206;in triage state;R;is at the evacuation site
2086.43,3,evacueeManager,,OFF SHIP: White;0;Green;241;Yellow;40;Red;8;Black;211;ON SHIP: White;0;Green;0;Yellow;0;Red;0;Evacuees to Transfer;
2086.43,727,evacuee,outES,Evacuee 17 in triage category Y is not assigned a helicopter
2086.43,727,evacuee,,Evacuee;17;in triage state;R;is at the evacuation site
2087.98,3,evacueeManager,,OFF SHIP: White;0;Green;240;Yellow;41;Red;8;Black;211;ON SHIP: White;0;Green;0;Yellow;0;Red;0;Evacuees to Transfer;
2087.98,1491,evacuee,outES,Evacuee 244 in triage category G is not assigned a helicopter
2087.98,1491,evacuee,,Evacuee;244;in triage state;Y;is at the evacuation site
2089.91,3,evacueeManager,,OFF SHIP: White;0;Green;240;Yellow;41;Red;7;Black;212;ON SHIP: White;0;Green;0;Yellow;0;Red;0;Evacuees to Transfer;
2089.91,727,evacuee,outES,Evacuee 17 in triage category R is not assigned a helicopter
2089.91,727,evacuee,,Evacuee;17;in triage state;B;is at the evacuation site
2094.12,3,evacueeManager,,OFF SHIP: White;0;Green;239;Yellow;42;Red;7;Black;212;ON SHIP: White;0;Green;0;Yellow;0;Red;0;Evacuees to Transfer;
2094.12,796,evacuee,outES,Evacuee 400 in triage category G is not assigned a helicopter
2094.12,796,evacuee,,Evacuee;400;in triage state;Y;is at the evacuation site
2096.85,3,evacueeManager,,OFF SHIP: White;0;Green;238;Yellow;43;Red;7;Black;212;ON SHIP: White;0;Green;0;Yellow;0;Red;0;Evacuees to Transfer;
2096.85,238,evacuee,outES,Evacuee 362 in triage category G is not assigned a helicopter
2096.85,238,evacuee,,Evacuee;362;in triage state;Y;is at the evacuation site
2104.94,3,evacueeManager,,OFF SHIP: White;0;Green;237;Yellow;44;Red;7;Black;212;ON SHIP: White;0;Green;0;Yellow;0;Red;0;Evacuees to Transfer;
2104.94,180,evacuee,outES,Evacuee 384 in triage category G is not assigned a helicopter
2104.94,180,evacuee,,Evacuee;384;in triage state;Y;is at the evacuation site
2106.32,3,evacueeManager,,OFF SHIP: White;0;Green;236;Yellow;45;Red;7;Black;212;ON SHIP: White;0;Green;0;Yellow;0;Red;0;Evacuees to Transfer;
2106.32,1215,evacuee,outES,Evacuee 143 in triage category G is not assigned a helicopter
2106.32,1215,evacuee,,Evacuee;143;in triage state;Y;is at the evacuation site
2110.27,3,evacueeManager,,OFF SHIP: White;0;Green;236;Yellow;44;Red;8;Black;212;ON SHIP: White;0;Green;0;Yellow;0;Red;0;Evacuees to Transfer;
2110.27,721,evacuee,outES,Evacuee 15 in triage category Y is not assigned a helicopter
2110.27,721,evacuee,,Evacuee;15;in triage state;R;is at the evacuation site
2113.41,3,evacueeManager,,OFF SHIP: White;0;Green;235;Yellow;45;Red;8;Black;212;ON SHIP: White;0;Green;0;Yellow;0;Red;0;Evacuees to Transfer;
2113.41,352,evacuee,outES,Evacuee 303 in triage category G is not assigned a helicopter
2113.41,352,evacuee,,Evacuee;303;in triage state;Y;is at the evacuation site
2118.79,3,evacueeManager,,OFF SHIP: White;0;Green;234;Yellow;46;Red;8;Black;212;ON SHIP: White;0;Green;0;Yellow;0;Red;0;Evacuees to Transfer;
2118.79,865,evacuee,outES,Evacuee 347 in triage category G is not assigned a helicopter
2118.79,865,evacuee,,Evacuee;347;in triage state;Y;is at the evacuation site
2119.93,3,evacueeManager,,OFF SHIP: White;0;Green;234;Yellow;45;Red;9;Black;212;ON SHIP: White;0;Green;0;Yellow;0;Red;0;Evacuees to Transfer;
2119.93,120,evacuee,outES,Evacuee 423 in triage category Y is not assigned a helicopter
2119.93,120,evacuee,,Evacuee;423;in triage state;R;is at the evacuation site
2120.65,3,evacueeManager,,OFF SHIP: White;0;Green;234;Yellow;44;Red;10;Black;212;ON SHIP: White;0;Green;0;Yellow;0;Red;0;Evacuees to Transfer;
2120.65,865,evacuee,outES,Evacuee 347 in triage category Y is not assigned a helicopter
2120.65,865,evacuee,,Evacuee;347;in triage state;R;is at the evacuation site
2124.08,3,evacueeManager,,OFF SHIP: White;0;Green;233;Yellow;45;Red;10;Black;212;ON SHIP: White;0;Green;0;Yellow;0;Red;0;Evacuees to Transfer;
2124.08,409,evacuee,outES,Evacuee 333 in triage category G is not assigned a helicopter
2124.08,409,evacuee,,Evacuee;333;in triage state;Y;is at the evacuation site
2125.58,3,evacueeManager,,OFF SHIP: White;0;Green;233;Yellow;45;Red;9;Black;213;ON SHIP: White;0;Green;0;Yellow;0;Red;0;Evacuees to Transfer;
2125.58,346,evacuee,outES,Evacuee 306 in triage category R is not assigned a helicopter
2125.58,346,evacuee,,Evacuee;306;in triage state;B;is at the evacuation site
2133.51,3,evacueeManager,,OFF SHIP: White;0;Green;233;Yellow;45;Red;8;Black;214;ON SHIP: White;0;Green;0;Yellow;0;Red;0;Evacuees to Transfer;
2133.51,919,evacuee,outES,Evacuee 286 in triage category R is not assigned a helicopter
2133.51,919,evacuee,,Evacuee;286;in triage state;B;is at the evacuation site
2143.68,3,evacueeManager,,OFF SHIP: White;0;Green;232;Yellow;46;Red;8;Black;214;ON SHIP: White;0;Green;0;Yellow;0;Red;0;Evacuees to Transfer;
2143.68,934,evacuee,outES,Evacuee 38 in triage category G is not assigned a helicopter
2143.68,934,evacuee,,Evacuee;38;in triage state;Y;is at the evacuation site
2151.33,3,evacueeManager,,OFF SHIP: White;0;Green;231;Yellow;47;Red;8;Black;214;ON SHIP: White;0;Green;0;Yellow;0;Red;0;Evacuees to Transfer;
2151.33,1353,evacuee,outES,Evacuee 249 in triage category G is not assigned a helicopter
2151.33,1353,evacuee,,Evacuee;249;in triage state;Y;is at the evacuation site
2159.11,3,evacueeManager,,OFF SHIP: White;0;Green;230;Yellow;48;Red;8;Black;214;ON SHIP: White;0;Green;0;Yellow;0;Red;0;Evacuees to Transfer;
2159.11,65,evacuee,outES,Evacuee 461 in triage category G is not assigned a helicopter
2159.11,65,evacuee,,Evacuee;461;in triage state;Y;is at the evacuation site
2164.36,3,evacueeManager,,OFF SHIP: White;0;Green;229;Yellow;49;Red;8;Black;214;ON SHIP: White;0;Green;0;Yellow;0;Red;0;Evacuees to Transfer;
2164.36,1284,evacuee,outES,Evacuee 145 in triage category G is not assigned a helicopter
2164.36,1284,evacuee,,Evacuee;145;in triage state;Y;is at the evacuation site
2165.37,3,evacueeManager,,OFF SHIP: White;0;Green;229;Yellow;48;Red;9;Black;214;ON SHIP: White;0;Green;0;Yellow;0;Red;0;Evacuees to Transfer;
2165.37,1419,evacuee,outES,Evacuee 294 in triage category Y is not assigned a helicopter
2165.37,1419,evacuee,,Evacuee;294;in triage state;R;is at the evacuation site
2168.61,3,evacueeManager,,OFF SHIP: White;0;Green;229;Yellow;48;Red;8;Black;215;ON SHIP: White;0;Green;0;Yellow;0;Red;0;Evacuees to Transfer;
2168.61,793,evacuee,outES,Evacuee 473 in triage category R is not assigned a helicopter
2168.61,793,evacuee,,Evacuee;473;in triage state;B;is at the evacuation site
2170.47,3,evacueeManager,,OFF SHIP: White;0;Green;229;Yellow;48;Red;7;Black;216;ON SHIP: White;0;Green;0;Yellow;0;Red;0;Evacuees to Transfer;
2170.47,463,evacuee,outES,Evacuee 88 in triage category R is not assigned a helicopter
2170.47,463,evacuee,,Evacuee;88;in triage state;B;is at the evacuation site
2174.57,3,evacueeManager,,OFF SHIP: White;0;Green;229;Yellow;48;Red;6;Black;217;ON SHIP: White;0;Green;0;Yellow;0;Red;0;Evacuees to Transfer;
2174.57,721,evacuee,outES,Evacuee 15 in triage category R is not assigned a helicopter
2174.57,721,evacuee,,Evacuee;15;in triage state;B;is at the evacuation site
2190.13,3,evacueeManager,,OFF SHIP: White;0;Green;229;Yellow;47;Red;7;Black;217;ON SHIP: White;0;Green;0;Yellow;0;Red;0;Evacuees to Transfer;
2190.13,712,evacuee,outES,Evacuee 62 in triage category Y is not assigned a helicopter
2190.13,712,evacuee,,Evacuee;62;in triage state;R;is at the evacuation site
2190.94,3,evacueeManager,,OFF SHIP: White;0;Green;228;Yellow;48;Red;7;Black;217;ON SHIP: White;0;Green;0;Yellow;0;Red;0;Evacuees to Transfer;
2190.94,1422,evacuee,outES,Evacuee 214 in triage category G is not assigned a helicopter
2190.94,1422,evacuee,,Evacuee;214;in triage state;Y;is at the evacuation site
2195.14,3,evacueeManager,,OFF SHIP: White;0;Green;228;Yellow;48;Red;6;Black;218;ON SHIP: White;0;Green;0;Yellow;0;Red;0;Evacuees to Transfer;
2195.14,460,evacuee,outES,Evacuee 289 in triage category R is not assigned a helicopter
2195.14,460,evacuee,,Evacuee;289;in triage state;B;is at the evacuation site
2196.44,3,evacueeManager,,OFF SHIP: White;0;Green;228;Yellow;47;Red;7;Black;218;ON SHIP: White;0;Green;0;Yellow;0;Red;0;Evacuees to Transfer;
2196.44,352,evacuee,outES,Evacuee 303 in triage category Y is not assigned a helicopter
2196.44,352,evacuee,,Evacuee;303;in triage state;R;is at the evacuation site
2198.78,3,evacueeManager,,OFF SHIP: White;0;Green;228;Yellow;46;Red;8;Black;218;ON SHIP: White;0;Green;0;Yellow;0;Red;0;Evacuees to Transfer;
2198.78,1215,evacuee,outES,Evacuee 143 in triage category Y is not assigned a helicopter
2198.78,1215,evacuee,,Evacuee;143;in triage state;R;is at the evacuation site
2200.48,3,evacueeManager,,OFF SHIP: White;0;Green;228;Yellow;45;Red;9;Black;218;ON SHIP: White;0;Green;0;Yellow;0;Red;0;Evacuees to Transfer;
2200.48,847,evacuee,outES,Evacuee 394 in triage category Y is not assigned a helicopter
2200.48,847,evacuee,,Evacuee;394;in triage state;R;is at the evacuation site
2200.9,3,evacueeManager,,OFF SHIP: White;0;Green;228;Yellow;45;Red;8;Black;219;ON SHIP: White;0;Green;0;Yellow;0;Red;0;Evacuees to Transfer;
2200.9,1419,evacuee,outES,Evacuee 294 in triage category R is not assigned a helicopter
2200.9,1419,evacuee,,Evacuee;294;in triage state;B;is at the evacuation site
2204.62,3,evacueeManager,,OFF SHIP: White;0;Green;228;Yellow;44;Red;9;Black;219;ON SHIP: White;0;Green;0;Yellow;0;Red;0;Evacuees to Transfer;
2204.62,235,evacuee,outES,Evacuee 366 in triage category Y is not assigned a helicopter
2204.62,235,evacuee,,Evacuee;366;in triage state;R;is at the evacuation site
2205.07,3,evacueeManager,,OFF SHIP: White;0;Green;228;Yellow;44;Red;8;Black;220;ON SHIP: White;0;Green;0;Yellow;0;Red;0;Evacuees to Transfer;
2205.07,1215,evacuee,outES,Evacuee 143 in triage category R is not assigned a helicopter
2205.07,1215,evacuee,,Evacuee;143;in triage state;B;is at the evacuation site
2207.16,3,evacueeManager,,OFF SHIP: White;0;Green;228;Yellow;43;Red;9;Black;220;ON SHIP: White;0;Green;0;Yellow;0;Red;0;Evacuees to Transfer;
2207.16,177,evacuee,outES,Evacuee 389 in triage category Y is not assigned a helicopter
2207.16,177,evacuee,,Evacuee;389;in triage state;R;is at the evacuation site
2207.39,3,evacueeManager,,OFF SHIP: White;0;Green;228;Yellow;43;Red;8;Black;221;ON SHIP: White;0;Green;0;Yellow;0;Red;0;Evacuees to Transfer;
2207.39,1212,evacuee,outES,Evacuee 130 in triage category R is not assigned a helicopter
2207.39,1212,evacuee,,Evacuee;130;in triage state;B;is at the evacuation site
2212.41,3,evacueeManager,,OFF SHIP: White;0;Green;228;Yellow;43;Red;7;Black;222;ON SHIP: White;0;Green;0;Yellow;0;Red;0;Evacuees to Transfer;
2212.41,712,evacuee,outES,Evacuee 62 in triage category R is not assigned a helicopter
2212.41,712,evacuee,,Evacuee;62;in triage state;B;is at the evacuation site
2221.93,3,evacueeManager,,OFF SHIP: White;0;Green;227;Yellow;44;Red;7;Black;222;ON SHIP: White;0;Green;0;Yellow;0;Red;0;Evacuees to Transfer;
2221.93,1003,evacuee,outES,Evacuee 46 in triage category G is not assigned a helicopter
2221.93,1003,evacuee,,Evacuee;46;in triage state;Y;is at the evacuation site
2226.85,3,evacueeManager,,OFF SHIP: White;0;Green;227;Yellow;43;Red;8;Black;222;ON SHIP: White;0;Green;0;Yellow;0;Red;0;Evacuees to Transfer;
2226.85,787,evacuee,outES,Evacuee 133 in triage category Y is not assigned a helicopter
2226.85,787,evacuee,,Evacuee;133;in triage state;R;is at the evacuation site
2228.14,3,evacueeManager,,OFF SHIP: White;0;Green;227;Yellow;42;Red;9;Black;222;ON SHIP: White;0;Green;0;Yellow;0;Red;0;Evacuees to Transfer;
2228.14,123,evacuee,outES,Evacuee 420 in triage category Y is not assigned a helicopter
2228.14,123,evacuee,,Evacuee;420;in triage state;R;is at the evacuation site
2243.93,3,evacueeManager,,OFF SHIP: White;0;Green;227;Yellow;41;Red;10;Black;222;ON SHIP: White;0;Green;0;Yellow;0;Red;0;Evacuees to Transfer;
2243.93,838,evacuee,outES,Evacuee 453 in triage category Y is not assigned a helicopter
2243.93,838,evacuee,,Evacuee;453;in triage state;R;is at the evacuation site
2244.03,3,evacueeManager,,OFF SHIP: White;0;Green;227;Yellow;40;Red;11;Black;222;ON SHIP: White;0;Green;0;Yellow;0;Red;0;Evacuees to Transfer;
2244.03,1139,evacuee,outES,Evacuee 367 in triage category Y is not assigned a helicopter
2244.03,1139,evacuee,,Evacuee;367;in triage state;R;is at the evacuation site
2245.54,3,evacueeManager,,OFF SHIP: White;0;Green;227;Yellow;39;Red;12;Black;222;ON SHIP: White;0;Green;0;Yellow;0;Red;0;Evacuees to Transfer;
2245.54,466,evacuee,outES,Evacuee 449 in triage category Y is not assigned a helicopter
2245.54,466,evacuee,,Evacuee;449;in triage state;R;is at the evacuation site
2249.58,3,evacueeManager,,OFF SHIP: White;0;Green;227;Yellow;38;Red;13;Black;222;ON SHIP: White;0;Green;0;Yellow;0;Red;0;Evacuees to Transfer;
2249.58,295,evacuee,outES,Evacuee 410 in triage category Y is not assigned a helicopter
2249.58,295,evacuee,,Evacuee;410;in triage state;R;is at the evacuation site
2253.76,3,evacueeManager,,OFF SHIP: White;0;Green;227;Yellow;37;Red;14;Black;222;ON SHIP: White;0;Green;0;Yellow;0;Red;0;Evacuees to Transfer;
2253.76,997,evacuee,outES,Evacuee 68 in triage category Y is not assigned a helicopter
2253.76,997,evacuee,,Evacuee;68;in triage state;R;is at the evacuation site
2258.48,3,evacueeManager,,OFF SHIP: White;0;Green;227;Yellow;36;Red;15;Black;222;ON SHIP: White;0;Green;0;Yellow;0;Red;0;Evacuees to Transfer;
2258.48,1003,evacuee,outES,Evacuee 46 in triage category Y is not assigned a helicopter
2258.48,1003,evacuee,,Evacuee;46;in triage state;R;is at the evacuation site
2270.47,3,evacueeManager,,OFF SHIP: White;0;Green;227;Yellow;36;Red;14;Black;223;ON SHIP: White;0;Green;0;Yellow;0;Red;0;Evacuees to Transfer;
2270.47,847,evacuee,outES,Evacuee 394 in triage category R is not assigned a helicopter
2270.47,847,evacuee,,Evacuee;394;in triage state;B;is at the evacuation site
2276.45,3,evacueeManager,,OFF SHIP: White;0;Green;227;Yellow;35;Red;15;Black;223;ON SHIP: White;0;Green;0;Yellow;0;Red;0;Evacuees to Transfer;
2276.45,1000,evacuee,outES,Evacuee 72 in triage category Y is not assigned a helicopter
2276.45,1000,evacuee,,Evacuee;72;in triage state;R;is at the evacuation site
2276.67,3,evacueeManager,,OFF SHIP: White;0;Green;226;Yellow;36;Red;15;Black;223;ON SHIP: White;0;Green;0;Yellow;0;Red;0;Evacuees to Transfer;
2276.67,526,evacuee,outES,Evacuee 299 in triage category G is not assigned a helicopter
2276.67,526,evacuee,,Evacuee;299;in triage state;Y;is at the evacuation site
2277.62,3,evacueeManager,,OFF SHIP: White;0;Green;226;Yellow;35;Red;16;Black;223;ON SHIP: White;0;Green;0;Yellow;0;Red;0;Evacuees to Transfer;
2277.62,1057,evacuee,outES,Evacuee 36 in triage category Y is not assigned a helicopter
2277.62,1057,evacuee,,Evacuee;36;in triage state;R;is at the evacuation site
2278.34,3,evacueeManager,,OFF SHIP: White;0;Green;226;Yellow;34;Red;17;Black;223;ON SHIP: White;0;Green;0;Yellow;0;Red;0;Evacuees to Transfer;
2278.34,1284,evacuee,outES,Evacuee 145 in triage category Y is not assigned a helicopter
2278.34,1284,evacuee,,Evacuee;145;in triage state;R;is at the evacuation site
2285.31,3,evacueeManager,,OFF SHIP: White;0;Green;226;Yellow;33;Red;18;Black;223;ON SHIP: White;0;Green;0;Yellow;0;Red;0;Evacuees to Transfer;
2285.31,292,evacuee,outES,Evacuee 327 in triage category Y is not assigned a helicopter
2285.31,292,evacuee,,Evacuee;327;in triage state;R;is at the evacuation site
2287.35,3,evacueeManager,,OFF SHIP: White;0;Green;225;Yellow;34;Red;18;Black;223;ON SHIP: White;0;Green;0;Yellow;0;Red;0;Evacuees to Transfer;
2287.35,1072,evacuee,outES,Evacuee 43 in triage category G is not assigned a helicopter
2287.35,1072,evacuee,,Evacuee;43;in triage state;Y;is at the evacuation site
2288.06,3,evacueeManager,,OFF SHIP: White;0;Green;225;Yellow;34;Red;17;Black;224;ON SHIP: White;0;Green;0;Yellow;0;Red;0;Evacuees to Transfer;
2288.06,295,evacuee,outES,Evacuee 410 in triage category R is not assigned a helicopter
2288.06,295,evacuee,,Evacuee;410;in triage state;B;is at the evacuation site
2294.23,3,evacueeManager,,OFF SHIP: White;0;Green;225;Yellow;34;Red;16;Black;225;ON SHIP: White;0;Green;0;Yellow;0;Red;0;Evacuees to Transfer;
2294.23,865,evacuee,outES,Evacuee 347 in triage category R is not assigned a helicopter
2294.23,865,evacuee,,Evacuee;347;in triage state;B;is at the evacuation site
2294.42,3,evacueeManager,,OFF SHIP: White;0;Green;225;Yellow;34;Red;15;Black;226;ON SHIP: White;0;Green;0;Yellow;0;Red;0;Evacuees to Transfer;
2294.42,997,evacuee,outES,Evacuee 68 in triage category R is not assigned a helicopter
2294.42,997,evacuee,,Evacuee;68;in triage state;B;is at the evacuation site
2297.51,3,evacueeManager,,OFF SHIP: White;0;Green;225;Yellow;34;Red;14;Black;227;ON SHIP: White;0;Green;0;Yellow;0;Red;0;Evacuees to Transfer;
2297.51,1139,evacuee,outES,Evacuee 367 in triage category R is not assigned a helicopter
2297.51,1139,evacuee,,Evacuee;367;in triage state;B;is at the evacuation site
2300.71,3,evacueeManager,,OFF SHIP: White;0;Green;225;Yellow;33;Red;15;Black;227;ON SHIP: White;0;Green;0;Yellow;0;Red;0;Evacuees to Transfer;
2300.71,1353,evacuee,outES,Evacuee 249 in triage category Y is not assigned a helicopter
2300.71,1353,evacuee,,Evacuee;249;in triage state;R;is at the evacuation site
2305.55,3,evacueeManager,,OFF SHIP: White;0;Green;225;Yellow;33;Red;14;Black;228;ON SHIP: White;0;Green;0;Yellow;0;Red;0;Evacuees to Transfer;
2305.55,466,evacuee,outES,Evacuee 449 in triage category R is not assigned a helicopter
2305.55,466,evacuee,,Evacuee;449;in triage state;B;is at the evacuation site
2305.98,3,evacueeManager,,OFF SHIP: White;0;Green;225;Yellow;33;Red;13;Black;229;ON SHIP: White;0;Green;0;Yellow;0;Red;0;Evacuees to Transfer;
2305.98,1284,evacuee,outES,Evacuee 145 in triage category R is not assigned a helicopter
2305.98,1284,evacuee,,Evacuee;145;in triage state;B;is at the evacuation site
2307.93,3,evacueeManager,,OFF SHIP: White;0;Green;225;Yellow;33;Red;12;Black;230;ON SHIP: White;0;Green;0;Yellow;0;Red;0;Evacuees to Transfer;
2307.93,1003,evacuee,outES,Evacuee 46 in triage category R is not assigned a helicopter
2307.93,1003,evacuee,,Evacuee;46;in triage state;B;is at the evacuation site
2328.15,3,evacueeManager,,OFF SHIP: White;0;Green;224;Yellow;34;Red;12;Black;230;ON SHIP: White;0;Green;0;Yellow;0;Red;0;Evacuees to Transfer;
2328.15,595,evacuee,outES,Evacuee 95 in triage category G is not assigned a helicopter
2328.15,595,evacuee,,Evacuee;95;in triage state;Y;is at the evacuation site
2330.85,3,evacueeManager,,OFF SHIP: White;0;Green;224;Yellow;34;Red;11;Black;231;ON SHIP: White;0;Green;0;Yellow;0;Red;0;Evacuees to Transfer;
2330.85,120,evacuee,outES,Evacuee 423 in triage category R is not assigned a helicopter
2330.85,120,evacuee,,Evacuee;423;in triage state;B;is at the evacuation site
2335.47,3,evacueeManager,,OFF SHIP: White;0;Green;224;Yellow;34;Red;10;Black;232;ON SHIP: White;0;Green;0;Yellow;0;Red;0;Evacuees to Transfer;
2335.47,1000,evacuee,outES,Evacuee 72 in triage category R is not assigned a helicopter
2335.47,1000,evacuee,,Evacuee;72;in triage state;B;is at the evacuation site
2339.03,3,evacueeManager,,OFF SHIP: White;0;Green;223;Yellow;35;Red;10;Black;232;ON SHIP: White;0;Green;0;Yellow;0;Red;0;Evacuees to Transfer;
2339.03,1145,evacuee,outES,Evacuee 208 in triage category G is not assigned a helicopter
2339.03,1145,evacuee,,Evacuee;208;in triage state;Y;is at the evacuation site
2341.04,3,evacueeManager,,OFF SHIP: White;0;Green;223;Yellow;34;Red;11;Black;232;ON SHIP: White;0;Green;0;Yellow;0;Red;0;Evacuees to Transfer;
2341.04,1072,evacuee,outES,Evacuee 43 in triage category Y is not assigned a helicopter
2341.04,1072,evacuee,,Evacuee;43;in triage state;R;is at the evacuation site
2341.66,3,evacueeManager,,OFF SHIP: White;0;Green;223;Yellow;33;Red;12;Black;232;ON SHIP: White;0;Green;0;Yellow;0;Red;0;Evacuees to Transfer;
2341.66,565,evacuee,outES,Evacuee 124 in triage category Y is not assigned a helicopter
2341.66,565,evacuee,,Evacuee;124;in triage state;R;is at the evacuation site
2343.55,3,evacueeManager,,OFF SHIP: White;0;Green;223;Yellow;32;Red;13;Black;232;ON SHIP: White;0;Green;0;Yellow;0;Red;0;Evacuees to Transfer;
2343.55,595,evacuee,outES,Evacuee 95 in triage category Y is not assigned a helicopter
2343.55,595,evacuee,,Evacuee;95;in triage state;R;is at the evacuation site
2344.78,3,evacueeManager,,OFF SHIP: White;0;Green;223;Yellow;31;Red;14;Black;232;ON SHIP: White;0;Green;0;Yellow;0;Red;0;Evacuees to Transfer;
2344.78,65,evacuee,outES,Evacuee 461 in triage category Y is not assigned a helicopter
2344.78,65,evacuee,,Evacuee;461;in triage state;R;is at the evacuation site
2345.84,3,evacueeManager,,OFF SHIP: White;0;Green;222;Yellow;32;Red;14;Black;232;ON SHIP: White;0;Green;0;Yellow;0;Red;0;Evacuees to Transfer;
2345.84,1494,evacuee,outES,Evacuee 247 in triage category G is not assigned a helicopter
2345.84,1494,evacuee,,Evacuee;247;in triage state;Y;is at the evacuation site
2350.73,3,evacueeManager,,OFF SHIP: White;0;Green;222;Yellow;31;Red;15;Black;232;ON SHIP: White;0;Green;0;Yellow;0;Red;0;Evacuees to Transfer;
2350.73,1476,evacuee,outES,Evacuee 238 in triage category Y is not assigned a helicopter
2350.73,1476,evacuee,,Evacuee;238;in triage state;R;is at the evacuation site
2351.82,3,evacueeManager,,OFF SHIP: White;0;Green;222;Yellow;30;Red;16;Black;232;ON SHIP: White;0;Green;0;Yellow;0;Red;0;Evacuees to Transfer;
2351.82,409,evacuee,outES,Evacuee 333 in triage category Y is not assigned a helicopter
2351.82,409,evacuee,,Evacuee;333;in triage state;R;is at the evacuation site
2352.8,3,evacueeManager,,OFF SHIP: White;0;Green;221;Yellow;31;Red;16;Black;232;ON SHIP: White;0;Green;0;Yellow;0;Red;0;Evacuees to Transfer;
2352.8,126,evacuee,outES,Evacuee 419 in triage category G is not assigned a helicopter
2352.8,126,evacuee,,Evacuee;419;in triage state;Y;is at the evacuation site
2354.92,3,evacueeManager,,OFF SHIP: White;0;Green;220;Yellow;32;Red;16;Black;232;ON SHIP: White;0;Green;0;Yellow;0;Red;0;Evacuees to Transfer;
2354.92,664,evacuee,outES,Evacuee 344 in triage category G is not assigned a helicopter
2354.92,664,evacuee,,Evacuee;344;in triage state;Y;is at the evacuation site
2356.2,3,evacueeManager,,OFF SHIP: White;0;Green;220;Yellow;31;Red;17;Black;232;ON SHIP: White;0;Green;0;Yellow;0;Red;0;Evacuees to Transfer;
2356.2,1422,evacuee,outES,Evacuee 214 in triage category Y is not assigned a helicopter
2356.2,1422,evacuee,,Evacuee;214;in triage state;R;is at the evacuation site
2356.85,3,evacueeManager,,OFF SHIP: White;0;Green;220;Yellow;31;Red;16;Black;233;ON SHIP: White;0;Green;0;Yellow;0;Red;0;Evacuees to Transfer;
2356.85,1476,evacuee,outES,Evacuee 238 in triage category R is not assigned a helicopter
2356.85,1476,evacuee,,Evacuee;238;in triage state;B;is at the evacuation site
2358.36,3,evacueeManager,,OFF SHIP: White;0;Green;220;Yellow;31;Red;15;Black;234;ON SHIP: White;0;Green;0;Yellow;0;Red;0;Evacuees to Transfer;
2358.36,1404,evacuee,outES,Evacuee 206 in triage category R is not assigned a helicopter
2358.36,1404,evacuee,,Evacuee;206;in triage state;B;is at the evacuation site
2359.94,3,evacueeManager,,OFF SHIP: White;0;Green;220;Yellow;30;Red;16;Black;234;ON SHIP: White;0;Green;0;Yellow;0;Red;0;Evacuees to Transfer;
2359.94,126,evacuee,outES,Evacuee 419 in triage category Y is not assigned a helicopter
2359.94,126,evacuee,,Evacuee;419;in triage state;R;is at the evacuation site
2362.58,3,evacueeManager,,OFF SHIP: White;0;Green;220;Yellow;30;Red;15;Black;235;ON SHIP: White;0;Green;0;Yellow;0;Red;0;Evacuees to Transfer;
2362.58,352,evacuee,outES,Evacuee 303 in triage category R is not assigned a helicopter
2362.58,352,evacuee,,Evacuee;303;in triage state;B;is at the evacuation site
2367.54,3,evacueeManager,,OFF SHIP: White;0;Green;220;Yellow;29;Red;16;Black;235;ON SHIP: White;0;Green;0;Yellow;0;Red;0;Evacuees to Transfer;
2367.54,1206,evacuee,outES,Evacuee 194 in triage category Y is not assigned a helicopter
2367.54,1206,evacuee,,Evacuee;194;in triage state;R;is at the evacuation site
2367.9,3,evacueeManager,,OFF SHIP: White;0;Green;219;Yellow;30;Red;16;Black;235;ON SHIP: White;0;Green;0;Yellow;0;Red;0;Evacuees to Transfer;
2367.9,799,evacuee,outES,Evacuee 268 in triage category G is not assigned a helicopter
2367.9,799,evacuee,,Evacuee;268;in triage state;Y;is at the evacuation site
2369.31,3,evacueeManager,,OFF SHIP: White;0;Green;219;Yellow;30;Red;15;Black;236;ON SHIP: White;0;Green;0;Yellow;0;Red;0;Evacuees to Transfer;
2369.31,235,evacuee,outES,Evacuee 366 in triage category R is not assigned a helicopter
2369.31,235,evacuee,,Evacuee;366;in triage state;B;is at the evacuation site
2369.47,3,evacueeManager,,OFF SHIP: White;0;Green;219;Yellow;30;Red;14;Black;237;ON SHIP: White;0;Green;0;Yellow;0;Red;0;Evacuees to Transfer;
2369.47,126,evacuee,outES,Evacuee 419 in triage category R is not assigned a helicopter
2369.47,126,evacuee,,Evacuee;419;in triage state;B;is at the evacuation site
2372.38,3,evacueeManager,,OFF SHIP: White;0;Green;219;Yellow;30;Red;13;Black;238;ON SHIP: White;0;Green;0;Yellow;0;Red;0;Evacuees to Transfer;
2372.38,787,evacuee,outES,Evacuee 133 in triage category R is not assigned a helicopter
2372.38,787,evacuee,,Evacuee;133;in triage state;B;is at the evacuation site
2372.48,3,evacueeManager,,OFF SHIP: White;0;Green;219;Yellow;29;Red;14;Black;238;ON SHIP: White;0;Green;0;Yellow;0;Red;0;Evacuees to Transfer;
2372.48,1182,evacuee,outES,Evacuee 416 in triage category Y is not assigned a helicopter
2372.48,1182,evacuee,,Evacuee;416;in triage state;R;is at the evacuation site
2375.23,3,evacueeManager,,OFF SHIP: White;0;Green;219;Yellow;29;Red;13;Black;239;ON SHIP: White;0;Green;0;Yellow;0;Red;0;Evacuees to Transfer;
2375.23,565,evacuee,outES,Evacuee 124 in triage category R is not assigned a helicopter
2375.23,565,evacuee,,Evacuee;124;in triage state;B;is at the evacuation site
2376.42,3,evacueeManager,,OFF SHIP: White;0;Green;218;Yellow;30;Red;13;Black;239;ON SHIP: White;0;Green;0;Yellow;0;Red;0;Evacuees to Transfer;
2376.42,469,evacuee,outES,Evacuee 122 in triage category G is not assigned a helicopter
2376.42,469,evacuee,,Evacuee;122;in triage state;Y;is at the evacuation site
2382.57,3,evacueeManager,,OFF SHIP: White;0;Green;217;Yellow;31;Red;13;Black;239;ON SHIP: White;0;Green;0;Yellow;0;Red;0;Evacuees to Transfer;
2382.57,298,evacuee,outES,Evacuee 326 in triage category G is not assigned a helicopter
2382.57,298,evacuee,,Evacuee;326;in triage state;Y;is at the evacuation site
2383.81,3,evacueeManager,,OFF SHIP: White;0;Green;217;Yellow;30;Red;14;Black;239;ON SHIP: White;0;Green;0;Yellow;0;Red;0;Evacuees to Transfer;
2383.81,1142,evacuee,outES,Evacuee 364 in triage category Y is not assigned a helicopter
2383.81,1142,evacuee,,Evacuee;364;in triage state;R;is at the evacuation site
2389.85,3,evacueeManager,,OFF SHIP: White;0;Green;217;Yellow;29;Red;15;Black;239;ON SHIP: White;0;Green;0;Yellow;0;Red;0;Evacuees to Transfer;
2389.85,1491,evacuee,outES,Evacuee 244 in triage category Y is not assigned a helicopter
2389.85,1491,evacuee,,Evacuee;244;in triage state;R;is at the evacuation site
2398.45,3,evacueeManager,,OFF SHIP: White;0;Green;217;Yellow;29;Red;14;Black;240;ON SHIP: White;0;Green;0;Yellow;0;Red;0;Evacuees to Transfer;
2398.45,595,evacuee,outES,Evacuee 95 in triage category R is not assigned a helicopter
2398.45,595,evacuee,,Evacuee;95;in triage state;B;is at the evacuation site
2407.99,3,evacueeManager,,OFF SHIP: White;0;Green;217;Yellow;29;Red;13;Black;241;ON SHIP: White;0;Green;0;Yellow;0;Red;0;Evacuees to Transfer;
2407.99,123,evacuee,outES,Evacuee 420 in triage category R is not assigned a helicopter
2407.99,123,evacuee,,Evacuee;420;in triage state;B;is at the evacuation site
2410.52,3,evacueeManager,,OFF SHIP: White;0;Green;217;Yellow;29;Red;12;Black;242;ON SHIP: White;0;Green;0;Yellow;0;Red;0;Evacuees to Transfer;
2410.52,409,evacuee,outES,Evacuee 333 in triage category R is not assigned a helicopter
2410.52,409,evacuee,,Evacuee;333;in triage state;B;is at the evacuation site
2410.86,3,evacueeManager,,OFF SHIP: White;0;Green;217;Yellow;28;Red;13;Black;242;ON SHIP: White;0;Green;0;Yellow;0;Red;0;Evacuees to Transfer;
2410.86,1136,evacuee,outES,Evacuee 56 in triage category Y is not assigned a helicopter
2410.86,1136,evacuee,,Evacuee;56;in triage state;R;is at the evacuation site
2415.64,3,evacueeManager,,OFF SHIP: White;0;Green;217;Yellow;28;Red;12;Black;243;ON SHIP: White;0;Green;0;Yellow;0;Red;0;Evacuees to Transfer;
2415.64,1142,evacuee,outES,Evacuee 364 in triage category R is not assigned a helicopter
2415.64,1142,evacuee,,Evacuee;364;in triage state;B;is at the evacuation site
2415.83,3,evacueeManager,,OFF SHIP: White;0;Green;216;Yellow;29;Red;12;Black;243;ON SHIP: White;0;Green;0;Yellow;0;Red;0;Evacuees to Transfer;
2415.83,868,evacuee,outES,Evacuee 82 in triage category G is not assigned a helicopter
2415.83,868,evacuee,,Evacuee;82;in triage state;Y;is at the evacuation site
2421.07,3,evacueeManager,,OFF SHIP: White;0;Green;216;Yellow;29;Red;11;Black;244;ON SHIP: White;0;Green;0;Yellow;0;Red;0;Evacuees to Transfer;
2421.07,177,evacuee,outES,Evacuee 389 in triage category R is not assigned a helicopter
2421.07,177,evacuee,,Evacuee;389;in triage state;B;is at the evacuation site
2422.46,3,evacueeManager,,OFF SHIP: White;0;Green;215;Yellow;30;Red;11;Black;244;ON SHIP: White;0;Green;0;Yellow;0;Red;0;Evacuees to Transfer;
2422.46,937,evacuee,outES,Evacuee 10 in triage category G is not assigned a helicopter
2422.46,937,evacuee,,Evacuee;10;in triage state;Y;is at the evacuation site
2422.84,3,evacueeManager,,OFF SHIP: White;0;Green;214;Yellow;31;Red;11;Black;244;ON SHIP: White;0;Green;0;Yellow;0;Red;0;Evacuees to Transfer;
2422.84,1218,evacuee,outES,Evacuee 149 in triage category G is not assigned a helicopter
2422.84,1218,evacuee,,Evacuee;149;in triage state;Y;is at the evacuation site
2422.88,3,evacueeManager,,OFF SHIP: White;0;Green;214;Yellow;31;Red;10;Black;245;ON SHIP: White;0;Green;0;Yellow;0;Red;0;Evacuees to Transfer;
2422.88,1182,evacuee,outES,Evacuee 416 in triage category R is not assigned a helicopter
2422.88,1182,evacuee,,Evacuee;416;in triage state;B;is at the evacuation site
2427.94,3,evacueeManager,,OFF SHIP: White;0;Green;213;Yellow;32;Red;10;Black;245;ON SHIP: White;0;Green;0;Yellow;0;Red;0;Evacuees to Transfer;
2427.94,241,evacuee,outES,Evacuee 425 in triage category G is not assigned a helicopter
2427.94,241,evacuee,,Evacuee;425;in triage state;Y;is at the evacuation site
2430.88,3,evacueeManager,,OFF SHIP: White;0;Green;212;Yellow;33;Red;10;Black;245;ON SHIP: White;0;Green;0;Yellow;0;Red;0;Evacuees to Transfer;
2430.88,1356,evacuee,outES,Evacuee 193 in triage category G is not assigned a helicopter
2430.88,1356,evacuee,,Evacuee;193;in triage state;Y;is at the evacuation site
2431.78,3,evacueeManager,,OFF SHIP: White;0;Green;211;Yellow;34;Red;10;Black;245;ON SHIP: White;0;Green;0;Yellow;0;Red;0;Evacuees to Transfer;
2431.78,183,evacuee,outES,Evacuee 430 in triage category G is not assigned a helicopter
2431.78,183,evacuee,,Evacuee;430;in triage state;Y;is at the evacuation site
2438.77,3,evacueeManager,,OFF SHIP: White;0;Green;211;Yellow;33;Red;11;Black;245;ON SHIP: White;0;Green;0;Yellow;0;Red;0;Evacuees to Transfer;
2438.77,796,evacuee,outES,Evacuee 400 in triage category Y is not assigned a helicopter
2438.77,796,evacuee,,Evacuee;400;in triage state;R;is at the evacuation site
2439.98,3,evacueeManager,,OFF SHIP: White;0;Green;210;Yellow;34;Red;11;Black;245;ON SHIP: White;0;Green;0;Yellow;0;Red;0;Evacuees to Transfer;
2439.98,1287,evacuee,outES,Evacuee 168 in triage category G is not assigned a helicopter
2439.98,1287,evacuee,,Evacuee;168;in triage state;Y;is at the evacuation site
2452.86,3,evacueeManager,,OFF SHIP: White;0;Green;210;Yellow;33;Red;12;Black;245;ON SHIP: White;0;Green;0;Yellow;0;Red;0;Evacuees to Transfer;
2452.86,1494,evacuee,outES,Evacuee 247 in triage category Y is not assigned a helicopter
2452.86,1494,evacuee,,Evacuee;247;in triage state;R;is at the evacuation site
2457.08,3,evacueeManager,,OFF SHIP: White;0;Green;209;Yellow;34;Red;12;Black;245;ON SHIP: White;0;Green;0;Yellow;0;Red;0;Evacuees to Transfer;
2457.08,355,evacuee,outES,Evacuee 295 in triage category G is not assigned a helicopter
2457.08,355,evacuee,,Evacuee;295;in triage state;Y;is at the evacuation site
2457.94,3,evacueeManager,,OFF SHIP: White;0;Green;209;Yellow;33;Red;13;Black;245;ON SHIP: White;0;Green;0;Yellow;0;Red;0;Evacuees to Transfer;
2457.94,298,evacuee,outES,Evacuee 326 in triage category Y is not assigned a helicopter
2457.94,298,evacuee,,Evacuee;326;in triage state;R;is at the evacuation site
2458.63,3,evacueeManager,,OFF SHIP: White;0;Green;208;Yellow;34;Red;13;Black;245;ON SHIP: White;0;Green;0;Yellow;0;Red;0;Evacuees to Transfer;
2458.63,1425,evacuee,outES,Evacuee 12 in triage category G is not assigned a helicopter
2458.63,1425,evacuee,,Evacuee;12;in triage state;Y;is at the evacuation site
2458.88,3,evacueeManager,,OFF SHIP: White;0;Green;208;Yellow;33;Red;14;Black;245;ON SHIP: White;0;Green;0;Yellow;0;Red;0;Evacuees to Transfer;
2458.88,799,evacuee,outES,Evacuee 268 in triage category Y is not assigned a helicopter
2458.88,799,evacuee,,Evacuee;268;in triage state;R;is at the evacuation site
2463.8,3,evacueeManager,,OFF SHIP: White;0;Green;207;Yellow;34;Red;14;Black;245;ON SHIP: White;0;Green;0;Yellow;0;Red;0;Evacuees to Transfer;
2463.8,412,evacuee,outES,Evacuee 279 in triage category G is not assigned a helicopter
2463.8,412,evacuee,,Evacuee;279;in triage state;Y;is at the evacuation site
2466.2,3,evacueeManager,,OFF SHIP: White;0;Green;207;Yellow;34;Red;13;Black;246;ON SHIP: White;0;Green;0;Yellow;0;Red;0;Evacuees to Transfer;
2466.2,796,evacuee,outES,Evacuee 400 in triage category R is not assigned a helicopter
2466.2,796,evacuee,,Evacuee;400;in triage state;B;is at the evacuation site
2468.17,3,evacueeManager,,OFF SHIP: White;0;Green;207;Yellow;34;Red;12;Black;247;ON SHIP: White;0;Green;0;Yellow;0;Red;0;Evacuees to Transfer;
2468.17,1422,evacuee,outES,Evacuee 214 in triage category R is not assigned a helicopter
2468.17,1422,evacuee,,Evacuee;214;in triage state;B;is at the evacuation site
2470.12,3,evacueeManager,,OFF SHIP: White;0;Green;207;Yellow;34;Red;11;Black;248;ON SHIP: White;0;Green;0;Yellow;0;Red;0;Evacuees to Transfer;
2470.12,1136,evacuee,outES,Evacuee 56 in triage category R is not assigned a helicopter
2470.12,1136,evacuee,,Evacuee;56;in triage state;B;is at the evacuation site
2479.34,3,evacueeManager,,OFF SHIP: White;0;Green;207;Yellow;34;Red;10;Black;249;ON SHIP: White;0;Green;0;Yellow;0;Red;0;Evacuees to Transfer;
2479.34,1057,evacuee,outES,Evacuee 36 in triage category R is not assigned a helicopter
2479.34,1057,evacuee,,Evacuee;36;in triage state;B;is at the evacuation site
2480.29,3,evacueeManager,,OFF SHIP: White;0;Green;207;Yellow;33;Red;11;Black;249;ON SHIP: White;0;Green;0;Yellow;0;Red;0;Evacuees to Transfer;
2480.29,1413,evacuee,outES,Evacuee 27 in triage category Y is not assigned a helicopter
2480.29,1413,evacuee,,Evacuee;27;in triage state;R;is at the evacuation site
2491.78,3,evacueeManager,,OFF SHIP: White;0;Green;207;Yellow;33;Red;10;Black;250;ON SHIP: White;0;Green;0;Yellow;0;Red;0;Evacuees to Transfer;
2491.78,799,evacuee,outES,Evacuee 268 in triage category R is not assigned a helicopter
2491.78,799,evacuee,,Evacuee;268;in triage state;B;is at the evacuation site
2499.04,3,evacueeManager,,OFF SHIP: White;0;Green;207;Yellow;33;Red;9;Black;251;ON SHIP: White;0;Green;0;Yellow;0;Red;0;Evacuees to Transfer;
2499.04,1494,evacuee,outES,Evacuee 247 in triage category R is not assigned a helicopter
2499.04,1494,evacuee,,Evacuee;247;in triage state;B;is at the evacuation site
2505.84,3,evacueeManager,,OFF SHIP: White;0;Green;207;Yellow;32;Red;10;Black;251;ON SHIP: White;0;Green;0;Yellow;0;Red;0;Evacuees to Transfer;
2505.84,469,evacuee,outES,Evacuee 122 in triage category Y is not assigned a helicopter
2505.84,469,evacuee,,Evacuee;122;in triage state;R;is at the evacuation site
2516.71,3,evacueeManager,,OFF SHIP: White;0;Green;207;Yellow;32;Red;9;Black;252;ON SHIP: White;0;Green;0;Yellow;0;Red;0;Evacuees to Transfer;
2516.71,1413,evacuee,outES,Evacuee 27 in triage category R is not assigned a helicopter
2516.71,1413,evacuee,,Evacuee;27;in triage state;B;is at the evacuation site
2518.87,3,evacueeManager,,OFF SHIP: White;0;Green;207;Yellow;32;Red;8;Black;253;ON SHIP: White;0;Green;0;Yellow;0;Red;0;Evacuees to Transfer;
2518.87,1206,evacuee,outES,Evacuee 194 in triage category R is not assigned a helicopter
2518.87,1206,evacuee,,Evacuee;194;in triage state;B;is at the evacuation site
2519.56,3,evacueeManager,,OFF SHIP: White;0;Green;206;Yellow;33;Red;8;Black;253;ON SHIP: White;0;Green;0;Yellow;0;Red;0;Evacuees to Transfer;
2519.56,1006,evacuee,outES,Evacuee 53 in triage category G is not assigned a helicopter
2519.56,1006,evacuee,,Evacuee;53;in triage state;Y;is at the evacuation site
2523.65,3,evacueeManager,,OFF SHIP: White;0;Green;206;Yellow;32;Red;9;Black;253;ON SHIP: White;0;Green;0;Yellow;0;Red;0;Evacuees to Transfer;
2523.65,1006,evacuee,outES,Evacuee 53 in triage category Y is not assigned a helicopter
2523.65,1006,evacuee,,Evacuee;53;in triage state;R;is at the evacuation site
2526.4,3,evacueeManager,,OFF SHIP: White;0;Green;206;Yellow;31;Red;10;Black;253;ON SHIP: White;0;Green;0;Yellow;0;Red;0;Evacuees to Transfer;
2526.4,523,evacuee,outES,Evacuee 112 in triage category Y is not assigned a helicopter
2526.4,523,evacuee,,Evacuee;112;in triage state;R;is at the evacuation site
2526.45,3,evacueeManager,,OFF SHIP: White;0;Green;206;Yellow;31;Red;9;Black;254;ON SHIP: White;0;Green;0;Yellow;0;Red;0;Evacuees to Transfer;
2526.45,469,evacuee,outES,Evacuee 122 in triage category R is not assigned a helicopter
2526.45,469,evacuee,,Evacuee;122;in triage state;B;is at the evacuation site
2527.5,3,evacueeManager,,OFF SHIP: White;0;Green;206;Yellow;30;Red;10;Black;254;ON SHIP: White;0;Green;0;Yellow;0;Red;0;Evacuees to Transfer;
2527.5,241,evacuee,outES,Evacuee 425 in triage category Y is not assigned a helicopter
2527.5,241,evacuee,,Evacuee;425;in triage state;R;is at the evacuation site
2528.24,3,evacueeManager,,OFF SHIP: White;0;Green;206;Yellow;30;Red;9;Black;255;ON SHIP: White;0;Green;0;Yellow;0;Red;0;Evacuees to Transfer;
2528.24,838,evacuee,outES,Evacuee 453 in triage category R is not assigned a helicopter
2528.24,838,evacuee,,Evacuee;453;in triage state;B;is at the evacuation site
2530.11,3,evacueeManager,,OFF SHIP: White;0;Green;206;Yellow;30;Red;8;Black;256;ON SHIP: White;0;Green;0;Yellow;0;Red;0;Evacuees to Transfer;
2530.11,1006,evacuee,outES,Evacuee 53 in triage category R is not assigned a helicopter
2530.11,1006,evacuee,,Evacuee;53;in triage state;B;is at the evacuation site
2530.23,3,evacueeManager,,OFF SHIP: White;0;Green;206;Yellow;30;Red;7;Black;257;ON SHIP: White;0;Green;0;Yellow;0;Red;0;Evacuees to Transfer;
2530.23,523,evacuee,outES,Evacuee 112 in triage category R is not assigned a helicopter
2530.23,523,evacuee,,Evacuee;112;in triage state;B;is at the evacuation site
2530.26,3,evacueeManager,,OFF SHIP: White;0;Green;206;Yellow;30;Red;6;Black;258;ON SHIP: White;0;Green;0;Yellow;0;Red;0;Evacuees to Transfer;
2530.26,298,evacuee,outES,Evacuee 326 in triage category R is not assigned a helicopter
2530.26,298,evacuee,,Evacuee;326;in triage state;B;is at the evacuation site
2530.76,3,evacueeManager,,OFF SHIP: White;0;Green;206;Yellow;29;Red;7;Black;258;ON SHIP: White;0;Green;0;Yellow;0;Red;0;Evacuees to Transfer;
2530.76,1066,evacuee,outES,Evacuee 42 in triage category Y is not assigned a helicopter
2530.76,1066,evacuee,,Evacuee;42;in triage state;R;is at the evacuation site
2539.78,3,evacueeManager,,OFF SHIP: White;0;Green;206;Yellow;28;Red;8;Black;258;ON SHIP: White;0;Green;0;Yellow;0;Red;0;Evacuees to Transfer;
2539.78,931,evacuee,outES,Evacuee 31 in triage category Y is not assigned a helicopter
2539.78,931,evacuee,,Evacuee;31;in triage state;R;is at the evacuation site
2540.87,3,evacueeManager,,OFF SHIP: White;0;Green;205;Yellow;29;Red;8;Black;258;ON SHIP: White;0;Green;0;Yellow;0;Red;0;Evacuees to Transfer;
2540.87,733,evacuee,outES,Evacuee 179 in triage category G is not assigned a helicopter
2540.87,733,evacuee,,Evacuee;179;in triage state;Y;is at the evacuation site
2541.89,3,evacueeManager,,OFF SHIP: White;0;Green;205;Yellow;29;Red;7;Black;259;ON SHIP: White;0;Green;0;Yellow;0;Red;0;Evacuees to Transfer;
2541.89,241,evacuee,outES,Evacuee 425 in triage category R is not assigned a helicopter
2541.89,241,evacuee,,Evacuee;425;in triage state;B;is at the evacuation site
2543.61,3,evacueeManager,,OFF SHIP: White;0;Green;205;Yellow;28;Red;8;Black;259;ON SHIP: White;0;Green;0;Yellow;0;Red;0;Evacuees to Transfer;
2543.61,937,evacuee,outES,Evacuee 10 in triage category Y is not assigned a helicopter
2543.61,937,evacuee,,Evacuee;10;in triage state;R;is at the evacuation site
2543.85,3,evacueeManager,,OFF SHIP: White;0;Green;205;Yellow;28;Red;7;Black;260;ON SHIP: White;0;Green;0;Yellow;0;Red;0;Evacuees to Transfer;
2543.85,1066,evacuee,outES,Evacuee 42 in triage category R is not assigned a helicopter
2543.85,1066,evacuee,,Evacuee;42;in triage state;B;is at the evacuation site
2549.78,3,evacueeManager,,OFF SHIP: White;0;Green;205;Yellow;28;Red;6;Black;261;ON SHIP: White;0;Green;0;Yellow;0;Red;0;Evacuees to Transfer;
2549.78,1072,evacuee,outES,Evacuee 43 in triage category R is not assigned a helicopter
2549.78,1072,evacuee,,Evacuee;43;in triage state;B;is at the evacuation site
2553.13,3,evacueeManager,,OFF SHIP: White;0;Green;205;Yellow;28;Red;5;Black;262;ON SHIP: White;0;Green;0;Yellow;0;Red;0;Evacuees to Transfer;
2553.13,937,evacuee,outES,Evacuee 10 in triage category R is not assigned a helicopter
2553.13,937,evacuee,,Evacuee;10;in triage state;B;is at the evacuation site
2556.61,3,evacueeManager,,OFF SHIP: White;0;Green;205;Yellow;27;Red;6;Black;262;ON SHIP: White;0;Green;0;Yellow;0;Red;0;Evacuees to Transfer;
2556.61,592,evacuee,outES,Evacuee 324 in triage category Y is not assigned a helicopter
2556.61,592,evacuee,,Evacuee;324;in triage state;R;is at the evacuation site
2561.02,3,evacueeManager,,OFF SHIP: White;0;Green;205;Yellow;26;Red;7;Black;262;ON SHIP: White;0;Green;0;Yellow;0;Red;0;Evacuees to Transfer;
2561.02,180,evacuee,outES,Evacuee 384 in triage category Y is not assigned a helicopter
2561.02,180,evacuee,,Evacuee;384;in triage state;R;is at the evacuation site
2564.61,3,evacueeManager,,OFF SHIP: White;0;Green;204;Yellow;27;Red;7;Black;262;ON SHIP: White;0;Green;0;Yellow;0;Red;0;Evacuees to Transfer;
2564.61,1075,evacuee,outES,Evacuee 30 in triage category G is not assigned a helicopter
2564.61,1075,evacuee,,Evacuee;30;in triage state;Y;is at the evacuation site
2566.98,3,evacueeManager,,OFF SHIP: White;0;Green;204;Yellow;26;Red;8;Black;262;ON SHIP: White;0;Green;0;Yellow;0;Red;0;Evacuees to Transfer;
2566.98,733,evacuee,outES,Evacuee 179 in triage category Y is not assigned a helicopter
2566.98,733,evacuee,,Evacuee;179;in triage state;R;is at the evacuation site
2573.89,3,evacueeManager,,OFF SHIP: White;0;Green;204;Yellow;26;Red;7;Black;263;ON SHIP: White;0;Green;0;Yellow;0;Red;0;Evacuees to Transfer;
2573.89,292,evacuee,outES,Evacuee 327 in triage category R is not assigned a helicopter
2573.89,292,evacuee,,Evacuee;327;in triage state;B;is at the evacuation site
2575.1,3,evacueeManager,,OFF SHIP: White;0;Green;204;Yellow;26;Red;6;Black;264;ON SHIP: White;0;Green;0;Yellow;0;Red;0;Evacuees to Transfer;
2575.1,65,evacuee,outES,Evacuee 461 in triage category R is not assigned a helicopter
2575.1,65,evacuee,,Evacuee;461;in triage state;B;is at the evacuation site
2580.33,3,evacueeManager,,OFF SHIP: White;0;Green;203;Yellow;27;Red;6;Black;264;ON SHIP: White;0;Green;0;Yellow;0;Red;0;Evacuees to Transfer;
2580.33,529,evacuee,outES,Evacuee 109 in triage category G is not assigned a helicopter
2580.33,529,evacuee,,Evacuee;109;in triage state;Y;is at the evacuation site
2594.53,3,evacueeManager,,OFF SHIP: White;0;Green;203;Yellow;27;Red;5;Black;265;ON SHIP: White;0;Green;0;Yellow;0;Red;0;Evacuees to Transfer;
2594.53,1491,evacuee,outES,Evacuee 244 in triage category R is not assigned a helicopter
2594.53,1491,evacuee,,Evacuee;244;in triage state;B;is at the evacuation site
2596.13,3,evacueeManager,,OFF SHIP: White;0;Green;202;Yellow;28;Red;5;Black;265;ON SHIP: White;0;Green;0;Yellow;0;Red;0;Evacuees to Transfer;
2596.13,68,evacuee,outES,Evacuee 459 in triage category G is not assigned a helicopter
2596.13,68,evacuee,,Evacuee;459;in triage state;Y;is at the evacuation site
2599.28,3,evacueeManager,,OFF SHIP: White;0;Green;202;Yellow;27;Red;6;Black;265;ON SHIP: White;0;Green;0;Yellow;0;Red;0;Evacuees to Transfer;
2599.28,520,evacuee,outES,Evacuee 302 in triage category Y is not assigned a helicopter
2599.28,520,evacuee,,Evacuee;302;in triage state;R;is at the evacuation site
2608.1,3,evacueeManager,,OFF SHIP: White;0;Green;202;Yellow;26;Red;7;Black;265;ON SHIP: White;0;Green;0;Yellow;0;Red;0;Evacuees to Transfer;
2608.1,1425,evacuee,outES,Evacuee 12 in triage category Y is not assigned a helicopter
2608.1,1425,evacuee,,Evacuee;12;in triage state;R;is at the evacuation site
2612.11,3,evacueeManager,,OFF SHIP: White;0;Green;202;Yellow;25;Red;8;Black;265;ON SHIP: White;0;Green;0;Yellow;0;Red;0;Evacuees to Transfer;
2612.11,1075,evacuee,outES,Evacuee 30 in triage category Y is not assigned a helicopter
2612.11,1075,evacuee,,Evacuee;30;in triage state;R;is at the evacuation site
2614.17,3,evacueeManager,,OFF SHIP: White;0;Green;202;Yellow;25;Red;7;Black;266;ON SHIP: White;0;Green;0;Yellow;0;Red;0;Evacuees to Transfer;
2614.17,592,evacuee,outES,Evacuee 324 in triage category R is not assigned a helicopter
2614.17,592,evacuee,,Evacuee;324;in triage state;B;is at the evacuation site
2615.45,3,evacueeManager,,OFF SHIP: White;0;Green;202;Yellow;24;Red;8;Black;266;ON SHIP: White;0;Green;0;Yellow;0;Red;0;Evacuees to Transfer;
2615.45,1209,evacuee,outES,Evacuee 140 in triage category Y is not assigned a helicopter
2615.45,1209,evacuee,,Evacuee;140;in triage state;R;is at the evacuation site
2620.74,3,evacueeManager,,OFF SHIP: White;0;Green;201;Yellow;25;Red;8;Black;266;ON SHIP: White;0;Green;0;Yellow;0;Red;0;Evacuees to Transfer;
2620.74,598,evacuee,outES,Evacuee 447 in triage category G is not assigned a helicopter
2620.74,598,evacuee,,Evacuee;447;in triage state;Y;is at the evacuation site
2633.84,3,evacueeManager,,OFF SHIP: White;0;Green;201;Yellow;24;Red;9;Black;266;ON SHIP: White;0;Green;0;Yellow;0;Red;0;Evacuees to Transfer;
2633.84,925,evacuee,outES,Evacuee 407 in triage category Y is not assigned a helicopter
2633.84,925,evacuee,,Evacuee;407;in triage state;R;is at the evacuation site
2635.16,3,evacueeManager,,OFF SHIP: White;0;Green;201;Yellow;24;Red;8;Black;267;ON SHIP: White;0;Green;0;Yellow;0;Red;0;Evacuees to Transfer;
2635.16,925,evacuee,outES,Evacuee 407 in triage category R is not assigned a helicopter
2635.16,925,evacuee,,Evacuee;407;in triage state;B;is at the evacuation site
2635.76,3,evacueeManager,,OFF SHIP: White;0;Green;201;Yellow;23;Red;9;Black;267;ON SHIP: White;0;Green;0;Yellow;0;Red;0;Evacuees to Transfer;
2635.76,868,evacuee,outES,Evacuee 82 in triage category Y is not assigned a helicopter
2635.76,868,evacuee,,Evacuee;82;in triage state;R;is at the evacuation site
2640.75,3,evacueeManager,,OFF SHIP: White;0;Green;201;Yellow;23;Red;8;Black;268;ON SHIP: White;0;Green;0;Yellow;0;Red;0;Evacuees to Transfer;
2640.75,733,evacuee,outES,Evacuee 179 in triage category R is not assigned a helicopter
2640.75,733,evacuee,,Evacuee;179;in triage state;B;is at the evacuation site
2644.05,3,evacueeManager,,OFF SHIP: White;0;Green;200;Yellow;24;Red;8;Black;268;ON SHIP: White;0;Green;0;Yellow;0;Red;0;Evacuees to Transfer;
2644.05,1148,evacuee,outES,Evacuee 57 in triage category G is not assigned a helicopter
2644.05,1148,evacuee,,Evacuee;57;in triage state;Y;is at the evacuation site
2645.98,3,evacueeManager,,OFF SHIP: White;0;Green;199;Yellow;25;Red;8;Black;268;ON SHIP: White;0;Green;0;Yellow;0;Red;0;Evacuees to Transfer;
2645.98,1497,evacuee,outES,Evacuee 59 in triage category G is not assigned a helicopter
2645.98,1497,evacuee,,Evacuee;59;in triage state;Y;is at the evacuation site
2647.48,3,evacueeManager,,OFF SHIP: White;0;Green;199;Yellow;25;Red;7;Black;269;ON SHIP: White;0;Green;0;Yellow;0;Red;0;Evacuees to Transfer;
2647.48,1353,evacuee,outES,Evacuee 249 in triage category R is not assigned a helicopter
2647.48,1353,evacuee,,Evacuee;249;in triage state;B;is at the evacuation site
2650.87,3,evacueeManager,,OFF SHIP: White;0;Green;199;Yellow;25;Red;6;Black;270;ON SHIP: White;0;Green;0;Yellow;0;Red;0;Evacuees to Transfer;
2650.87,1425,evacuee,outES,Evacuee 12 in triage category R is not assigned a helicopter
2650.87,1425,evacuee,,Evacuee;12;in triage state;B;is at the evacuation site
2652.21,3,evacueeManager,,OFF SHIP: White;0;Green;199;Yellow;24;Red;7;Black;270;ON SHIP: White;0;Green;0;Yellow;0;Red;0;Evacuees to Transfer;
2652.21,238,evacuee,outES,Evacuee 362 in triage category Y is not assigned a helicopter
2652.21,238,evacuee,,Evacuee;362;in triage state;R;is at the evacuation site
2661.73,3,evacueeManager,,OFF SHIP: White;0;Green;198;Yellow;25;Red;7;Black;270;ON SHIP: White;0;Green;0;Yellow;0;Red;0;Evacuees to Transfer;
2661.73,667,evacuee,outES,Evacuee 77 in triage category G is not assigned a helicopter
2661.73,667,evacuee,,Evacuee;77;in triage state;Y;is at the evacuation site
2667.07,3,evacueeManager,,OFF SHIP: White;0;Green;198;Yellow;24;Red;8;Black;270;ON SHIP: White;0;Green;0;Yellow;0;Red;0;Evacuees to Transfer;
2667.07,724,evacuee,outES,Evacuee 474 in triage category Y is not assigned a helicopter
2667.07,724,evacuee,,Evacuee;474;in triage state;R;is at the evacuation site
2676.17,3,evacueeManager,,OFF SHIP: White;0;Green;197;Yellow;25;Red;8;Black;270;ON SHIP: White;0;Green;0;Yellow;0;Red;0;Evacuees to Transfer;
2676.17,802,evacuee,outES,Evacuee 100 in triage category G is not assigned a helicopter
2676.17,802,evacuee,,Evacuee;100;in triage state;Y;is at the evacuation site
2676.24,3,evacueeManager,,OFF SHIP: White;0;Green;197;Yellow;24;Red;9;Black;270;ON SHIP: White;0;Green;0;Yellow;0;Red;0;Evacuees to Transfer;
2676.24,1148,evacuee,outES,Evacuee 57 in triage category Y is not assigned a helicopter
2676.24,1148,evacuee,,Evacuee;57;in triage state;R;is at the evacuation site
2681.13,3,evacueeManager,,OFF SHIP: White;0;Green;197;Yellow;23;Red;10;Black;270;ON SHIP: White;0;Green;0;Yellow;0;Red;0;Evacuees to Transfer;
2681.13,183,evacuee,outES,Evacuee 430 in triage category Y is not assigned a helicopter
2681.13,183,evacuee,,Evacuee;430;in triage state;R;is at the evacuation site
2702.83,3,evacueeManager,,OFF SHIP: White;0;Green;197;Yellow;22;Red;11;Black;270;ON SHIP: White;0;Green;0;Yellow;0;Red;0;Evacuees to Transfer;
2702.83,1051,evacuee,outES,Evacuee 35 in triage category Y is not assigned a helicopter
2702.83,1051,evacuee,,Evacuee;35;in triage state;R;is at the evacuation site
2713.73,3,evacueeManager,,OFF SHIP: White;0;Green;196;Yellow;23;Red;11;Black;270;ON SHIP: White;0;Green;0;Yellow;0;Red;0;Evacuees to Transfer;
2713.73,940,evacuee,outES,Evacuee 26 in triage category G is not assigned a helicopter
2713.73,940,evacuee,,Evacuee;26;in triage state;Y;is at the evacuation site
2716.64,3,evacueeManager,,OFF SHIP: White;0;Green;196;Yellow;23;Red;10;Black;271;ON SHIP: White;0;Green;0;Yellow;0;Red;0;Evacuees to Transfer;
2716.64,183,evacuee,outES,Evacuee 430 in triage category R is not assigned a helicopter
2716.64,183,evacuee,,Evacuee;430;in triage state;B;is at the evacuation site
2716.69,3,evacueeManager,,OFF SHIP: White;0;Green;195;Yellow;24;Red;10;Black;271;ON SHIP: White;0;Green;0;Yellow;0;Red;0;Evacuees to Transfer;
2716.69,129,evacuee,outES,Evacuee 414 in triage category G is not assigned a helicopter
2716.69,129,evacuee,,Evacuee;414;in triage state;Y;is at the evacuation site
2719.87,3,evacueeManager,,OFF SHIP: White;0;Green;195;Yellow;24;Red;9;Black;272;ON SHIP: White;0;Green;0;Yellow;0;Red;0;Evacuees to Transfer;
2719.87,520,evacuee,outES,Evacuee 302 in triage category R is not assigned a helicopter
2719.87,520,evacuee,,Evacuee;302;in triage state;B;is at the evacuation site
2725.36,3,evacueeManager,,OFF SHIP: White;0;Green;195;Yellow;24;Red;8;Black;273;ON SHIP: White;0;Green;0;Yellow;0;Red;0;Evacuees to Transfer;
2725.36,1209,evacuee,outES,Evacuee 140 in triage category R is not assigned a helicopter
2725.36,1209,evacuee,,Evacuee;140;in triage state;B;is at the evacuation site
2730,1161,helicopter,,Helicopter;1;Is going to the evacuation site;;and has;0;spots taken
2731.84,3,evacueeManager,,OFF SHIP: White;0;Green;194;Yellow;25;Red;8;Black;273;ON SHIP: White;0;Green;0;Yellow;0;Red;0;Evacuees to Transfer;
2731.84,472,evacuee,outES,Evacuee 108 in triage category G is not assigned a helicopter
2731.84,472,evacuee,,Evacuee;108;in triage state;Y;is at the evacuation site
2738.01,3,evacueeManager,,OFF SHIP: White;0;Green;194;Yellow;24;Red;9;Black;273;ON SHIP: White;0;Green;0;Yellow;0;Red;0;Evacuees to Transfer;
2738.01,802,evacuee,outES,Evacuee 100 in triage category Y is not assigned a helicopter
2738.01,802,evacuee,,Evacuee;100;in triage state;R;is at the evacuation site
2746.04,3,evacueeManager,,OFF SHIP: White;0;Green;194;Yellow;23;Red;10;Black;273;ON SHIP: White;0;Green;0;Yellow;0;Red;0;Evacuees to Transfer;
2746.04,667,evacuee,outES,Evacuee 77 in triage category Y is not assigned a helicopter
2746.04,667,evacuee,,Evacuee;77;in triage state;R;is at the evacuation site
2746.36,3,evacueeManager,,OFF SHIP: White;0;Green;193;Yellow;24;Red;10;Black;273;ON SHIP: White;0;Green;0;Yellow;0;Red;0;Evacuees to Transfer;
2746.36,1359,evacuee,outES,Evacuee 195 in triage category G is not assigned a helicopter
2746.36,1359,evacuee,,Evacuee;195;in triage state;Y;is at the evacuation site
2747.07,3,evacueeManager,,OFF SHIP: White;0;Green;192;Yellow;25;Red;10;Black;273;ON SHIP: White;0;Green;0;Yellow;0;Red;0;Evacuees to Transfer;
2747.07,871,evacuee,outES,Evacuee 54 in triage category G is not assigned a helicopter
2747.07,871,evacuee,,Evacuee;54;in triage state;Y;is at the evacuation site
2750.5,3,evacueeManager,,OFF SHIP: White;0;Green;191;Yellow;26;Red;10;Black;273;ON SHIP: White;0;Green;0;Yellow;0;Red;0;Evacuees to Transfer;
2750.5,301,evacuee,outES,Evacuee 466 in triage category G is not assigned a helicopter
2750.5,301,evacuee,,Evacuee;466;in triage state;Y;is at the evacuation site
2750.64,3,evacueeManager,,OFF SHIP: White;0;Green;190;Yellow;27;Red;10;Black;273;ON SHIP: White;0;Green;0;Yellow;0;Red;0;Evacuees to Transfer;
2750.64,1290,evacuee,outES,Evacuee 176 in triage category G is not assigned a helicopter
2750.64,1290,evacuee,,Evacuee;176;in triage state;Y;is at the evacuation site
2754.93,3,evacueeManager,,OFF SHIP: White;0;Green;189;Yellow;28;Red;10;Black;273;ON SHIP: White;0;Green;0;Yellow;0;Red;0;Evacuees to Transfer;
2754.93,1221,evacuee,outES,Evacuee 296 in triage category G is not assigned a helicopter
2754.93,1221,evacuee,,Evacuee;296;in triage state;Y;is at the evacuation site
2759.66,3,evacueeManager,,OFF SHIP: White;0;Green;188;Yellow;29;Red;10;Black;273;ON SHIP: White;0;Green;0;Yellow;0;Red;0;Evacuees to Transfer;
2759.66,1428,evacuee,outES,Evacuee 216 in triage category G is not assigned a helicopter
2759.66,1428,evacuee,,Evacuee;216;in triage state;Y;is at the evacuation site
2764.53,3,evacueeManager,,OFF SHIP: White;0;Green;188;Yellow;28;Red;11;Black;273;ON SHIP: White;0;Green;0;Yellow;0;Red;0;Evacuees to Transfer;
2764.53,1218,evacuee,outES,Evacuee 149 in triage category Y is not assigned a helicopter
2764.53,1218,evacuee,,Evacuee;149;in triage state;R;is at the evacuation site
2765.75,3,evacueeManager,,OFF SHIP: White;0;Green;188;Yellow;28;Red;10;Black;274;ON SHIP: White;0;Green;0;Yellow;0;Red;0;Evacuees to Transfer;
2765.75,1148,evacuee,outES,Evacuee 57 in triage category R is not assigned a helicopter
2765.75,1148,evacuee,,Evacuee;57;in triage state;B;is at the evacuation site
2770.53,3,evacueeManager,,OFF SHIP: White;0;Green;188;Yellow;28;Red;9;Black;275;ON SHIP: White;0;Green;0;Yellow;0;Red;0;Evacuees to Transfer;
2770.53,180,evacuee,outES,Evacuee 384 in triage category R is not assigned a helicopter
2770.53,180,evacuee,,Evacuee;384;in triage state;B;is at the evacuation site
2771.31,3,evacueeManager,,OFF SHIP: White;0;Green;188;Yellow;28;Red;8;Black;276;ON SHIP: White;0;Green;0;Yellow;0;Red;0;Evacuees to Transfer;
2771.31,724,evacuee,outES,Evacuee 474 in triage category R is not assigned a helicopter
2771.31,724,evacuee,,Evacuee;474;in triage state;B;is at the evacuation site
2784.78,3,evacueeManager,,OFF SHIP: White;0;Green;188;Yellow;28;Red;7;Black;277;ON SHIP: White;0;Green;0;Yellow;0;Red;0;Evacuees to Transfer;
2784.78,1218,evacuee,outES,Evacuee 149 in triage category R is not assigned a helicopter
2784.78,1218,evacuee,,Evacuee;149;in triage state;B;is at the evacuation site
2790,1121,helicopter,,Helicopter;2;Is going to the evacuation site;;and has;0;spots taken
2790.2,3,evacueeManager,,OFF SHIP: White;0;Green;187;Yellow;29;Red;7;Black;277;ON SHIP: White;0;Green;0;Yellow;0;Red;0;Evacuees to Transfer;
2790.2,244,evacuee,outES,Evacuee 360 in triage category G is not assigned a helicopter
2790.2,244,evacuee,,Evacuee;360;in triage state;Y;is at the evacuation site
2794.55,3,evacueeManager,,OFF SHIP: White;0;Green;186;Yellow;30;Red;7;Black;277;ON SHIP: White;0;Green;0;Yellow;0;Red;0;Evacuees to Transfer;
2794.55,186,evacuee,outES,Evacuee 383 in triage category G is not assigned a helicopter
2794.55,186,evacuee,,Evacuee;383;in triage state;Y;is at the evacuation site
2798.38,3,evacueeManager,,OFF SHIP: White;0;Green;186;Yellow;30;Red;6;Black;278;ON SHIP: White;0;Green;0;Yellow;0;Red;0;Evacuees to Transfer;
2798.38,868,evacuee,outES,Evacuee 82 in triage category R is not assigned a helicopter
2798.38,868,evacuee,,Evacuee;82;in triage state;B;is at the evacuation site
2816.63,3,evacueeManager,,OFF SHIP: White;0;Green;186;Yellow;29;Red;7;Black;278;ON SHIP: White;0;Green;0;Yellow;0;Red;0;Evacuees to Transfer;
2816.63,928,evacuee,outES,Evacuee 132 in triage category Y is not assigned a helicopter
2816.63,928,evacuee,,Evacuee;132;in triage state;R;is at the evacuation site
2819.21,3,evacueeManager,,OFF SHIP: White;0;Green;186;Yellow;28;Red;8;Black;278;ON SHIP: White;0;Green;0;Yellow;0;Red;0;Evacuees to Transfer;
2819.21,1221,evacuee,outES,Evacuee 296 in triage category Y is not assigned a helicopter
2819.21,1221,evacuee,,Evacuee;296;in triage state;R;is at the evacuation site
2822.59,3,evacueeManager,,OFF SHIP: White;0;Green;186;Yellow;27;Red;9;Black;278;ON SHIP: White;0;Green;0;Yellow;0;Red;0;Evacuees to Transfer;
2822.59,598,evacuee,outES,Evacuee 447 in triage category Y is not assigned a helicopter
2822.59,598,evacuee,,Evacuee;447;in triage state;R;is at the evacuation site
2835.31,3,evacueeManager,,OFF SHIP: White;0;Green;185;Yellow;28;Red;9;Black;278;ON SHIP: White;0;Green;0;Yellow;0;Red;0;Evacuees to Transfer;
2835.31,358,evacuee,outES,Evacuee 352 in triage category G is not assigned a helicopter
2835.31,358,evacuee,,Evacuee;352;in triage state;Y;is at the evacuation site
2836.93,3,evacueeManager,,OFF SHIP: White;0;Green;184;Yellow;29;Red;9;Black;278;ON SHIP: White;0;Green;0;Yellow;0;Red;0;Evacuees to Transfer;
2836.93,415,evacuee,outES,Evacuee 278 in triage category G is not assigned a helicopter
2836.93,415,evacuee,,Evacuee;278;in triage state;Y;is at the evacuation site
2838.74,3,evacueeManager,,OFF SHIP: White;0;Green;184;Yellow;29;Red;8;Black;279;ON SHIP: White;0;Green;0;Yellow;0;Red;0;Evacuees to Transfer;
2838.74,1051,evacuee,outES,Evacuee 35 in triage category R is not assigned a helicopter
2838.74,1051,evacuee,,Evacuee;35;in triage state;B;is at the evacuation site
2839.44,3,evacueeManager,,OFF SHIP: White;0;Green;183;Yellow;30;Red;8;Black;279;ON SHIP: White;0;Green;0;Yellow;0;Red;0;Evacuees to Transfer;
2839.44,1009,evacuee,outES,Evacuee 220 in triage category G is not assigned a helicopter
2839.44,1009,evacuee,,Evacuee;220;in triage state;Y;is at the evacuation site
2841.87,3,evacueeManager,,OFF SHIP: White;0;Green;183;Yellow;30;Red;7;Black;280;ON SHIP: White;0;Green;0;Yellow;0;Red;0;Evacuees to Transfer;
2841.87,667,evacuee,outES,Evacuee 77 in triage category R is not assigned a helicopter
2841.87,667,evacuee,,Evacuee;77;in triage state;B;is at the evacuation site
2844.77,3,evacueeManager,,OFF SHIP: White;0;Green;183;Yellow;30;Red;6;Black;281;ON SHIP: White;0;Green;0;Yellow;0;Red;0;Evacuees to Transfer;
2844.77,238,evacuee,outES,Evacuee 362 in triage category R is not assigned a helicopter
2844.77,238,evacuee,,Evacuee;362;in triage state;B;is at the evacuation site
2847.03,3,evacueeManager,,OFF SHIP: White;0;Green;183;Yellow;29;Red;7;Black;281;ON SHIP: White;0;Green;0;Yellow;0;Red;0;Evacuees to Transfer;
2847.03,1290,evacuee,outES,Evacuee 176 in triage category Y is not assigned a helicopter
2847.03,1290,evacuee,,Evacuee;176;in triage state;R;is at the evacuation site
2850,105,helicopter,,Helicopter;3;Is going to the evacuation site;;and has;0;spots taken
2852.39,3,evacueeManager,,OFF SHIP: White;0;Green;183;Yellow;28;Red;8;Black;281;ON SHIP: White;0;Green;0;Yellow;0;Red;0;Evacuees to Transfer;
2852.39,661,evacuee,outES,Evacuee 213 in triage category Y is not assigned a helicopter
2852.39,661,evacuee,,Evacuee;213;in triage state;R;is at the evacuation site
2853.08,3,evacueeManager,,OFF SHIP: White;0;Green;183;Yellow;27;Red;9;Black;281;ON SHIP: White;0;Green;0;Yellow;0;Red;0;Evacuees to Transfer;
2853.08,406,evacuee,outES,Evacuee 280 in triage category Y is not assigned a helicopter
2853.08,406,evacuee,,Evacuee;280;in triage state;R;is at the evacuation site
2856.78,3,evacueeManager,,OFF SHIP: White;0;Green;183;Yellow;26;Red;10;Black;281;ON SHIP: White;0;Green;0;Yellow;0;Red;0;Evacuees to Transfer;
2856.78,472,evacuee,outES,Evacuee 108 in triage category Y is not assigned a helicopter
2856.78,472,evacuee,,Evacuee;108;in triage state;R;is at the evacuation site
2857.17,3,evacueeManager,,OFF SHIP: White;0;Green;182;Yellow;27;Red;10;Black;281;ON SHIP: White;0;Green;0;Yellow;0;Red;0;Evacuees to Transfer;
2857.17,736,evacuee,outES,Evacuee 147 in triage category G is not assigned a helicopter
2857.17,736,evacuee,,Evacuee;147;in triage state;Y;is at the evacuation site
2859.55,3,evacueeManager,,OFF SHIP: White;0;Green;182;Yellow;27;Red;9;Black;282;ON SHIP: White;0;Green;0;Yellow;0;Red;0;Evacuees to Transfer;
2859.55,1290,evacuee,outES,Evacuee 176 in triage category R is not assigned a helicopter
2859.55,1290,evacuee,,Evacuee;176;in triage state;B;is at the evacuation site
2872.29,3,evacueeManager,,OFF SHIP: White;0;Green;182;Yellow;27;Red;8;Black;283;ON SHIP: White;0;Green;0;Yellow;0;Red;0;Evacuees to Transfer;
2872.29,1075,evacuee,outES,Evacuee 30 in triage category R is not assigned a helicopter
2872.29,1075,evacuee,,Evacuee;30;in triage state;B;is at the evacuation site
2873.33,3,evacueeManager,,OFF SHIP: White;0;Green;182;Yellow;26;Red;9;Black;283;ON SHIP: White;0;Green;0;Yellow;0;Red;0;Evacuees to Transfer;
2873.33,1069,evacuee,outES,Evacuee 91 in triage category Y is not assigned a helicopter
2873.33,1069,evacuee,,Evacuee;91;in triage state;R;is at the evacuation site
2875.43,3,evacueeManager,,OFF SHIP: White;0;Green;182;Yellow;25;Red;10;Black;283;ON SHIP: White;0;Green;0;Yellow;0;Red;0;Evacuees to Transfer;
2875.43,244,evacuee,outES,Evacuee 360 in triage category Y is not assigned a helicopter
2875.43,244,evacuee,,Evacuee;360;in triage state;R;is at the evacuation site
2877.17,3,evacueeManager,,OFF SHIP: White;0;Green;182;Yellow;25;Red;9;Black;284;ON SHIP: White;0;Green;0;Yellow;0;Red;0;Evacuees to Transfer;
2877.17,802,evacuee,outES,Evacuee 100 in triage category R is not assigned a helicopter
2877.17,802,evacuee,,Evacuee;100;in triage state;B;is at the evacuation site
2880,5,helicopterQueue,,1;Helos are waiting to land;HeloID;1
2880,1161,helicopter,outES,Helicopter 1 is evacuating people1
2880,1161,helicopter,,Helicopter;1;is waiting to land at the evacuation site;;and has;0;spots taken
2880,4,helipadManager,,;No helos are at ES
2880,5,helicopterQueue,outHM,Helicopter 1 is evacuating people1
2880,5,helicopterQueue,outHelo,Helicopter 1 is evacuating people1
2880,5,helicopterQueue,,;No helos are waiting to land
2880,104,filterES,,
2880,1120,filterES,,
2880,1160,filterES,,Helicopter;1;is evacuating people
2880,3,evacueeManager,,OFF SHIP: White;0;Green;172;Yellow;25;Red;9;Black;284;ON SHIP: White;0;Green;0;Yellow;0;Red;0;Evacuees to Transfer;;EvacueeID;2;HeloID;1;OnShip;0;Triage Status;G;EvacueeID;4;HeloID;1;OnShip;0;Triage Status;G;EvacueeID;9;HeloID;1;OnShip;0;Triage Status;G;EvacueeID;11;HeloID;1;OnShip;0;Triage Status;G;EvacueeID;13;HeloID;1;OnShip;0;Triage Status;G;EvacueeID;14;HeloID;1;OnShip;0;Triage Status;G;EvacueeID;18;HeloID;1;OnShip;0;Triage Status;G;EvacueeID;22;HeloID;1;OnShip;0;Triage Status;G;EvacueeID;23;HeloID;1;OnShip;0;Triage Status;G;EvacueeID;24;HeloID;1;OnShip;0;Triage Status;G
2880,4,helipadManager,outEM,Helicopter 1 is evacuating people1
2880,4,helipadManager,,Helo;1;is at the ES
2880,1160,filterES,out,Helicopter 1 is evacuating people1
2880,1160,filterES,,
2880,1161,helicopter,,Helicopter;1;is waiting to land at the evacuation site;;and has;0;spots taken
2880,3,evacueeManager,outEvac,Evacuee 2 in triage category G is assigned helicopter 1
2880,3,evacueeManager,outEvac,Evacuee 4 in triage category G is assigned helicopter 1
2880,3,evacueeManager,outEvac,Evacuee 9 in triage category G is assigned helicopter 1
2880,3,evacueeManager,outEvac,Evacuee 11 in triage category G is assigned helicopter 1
2880,3,evacueeManager,outEvac,Evacuee 13 in triage category G is assigned helicopter 1
2880,3,evacueeManager,outEvac,Evacuee 14 in triage category G is assigned helicopter 1
2880,3,evacueeManager,outEvac,Evacuee 18 in triage category G is assigned helicopter 1
2880,3,evacueeManager,outEvac,Evacuee 22 in triage category G is assigned helicopter 1
2880,3,evacueeManager,outEvac,Evacuee 23 in triage category G is assigned helicopter 1
2880,3,evacueeManager,outEvac,Evacuee 24 in triage category G is assigned helicopter 1
2880,3,evacueeManager,,OFF SHIP: White;0;Green;172;Yellow;25;Red;9;Black;284;ON SHIP: White;0;Green;0;Yellow;0;Red;0;Evacuees to Transfer;
2880,7,filterLoc,,
2880,10,filterLoc,,
2880,13,filterLoc,,
2880,16,filterLoc,,
2880,19,filterLoc,,
2880,22,filterLoc,,
2880,25,filterLoc,,
2880,28,filterLoc,,
2880,31,filterLoc,,
2880,34,filterLoc,,
2880,37,filterLoc,,
2880,40,filterLoc,,
2880,43,filterLoc,,
2880,46,filterLoc,,
2880,49,filterLoc,,
2880,52,filterLoc,,
2880,55,filterLoc,,
2880,58,filterLoc,,
2880,61,filterLoc,,
2880,64,filterLoc,,
2880,67,filterLoc,,
2880,70,filterLoc,,
2880,73,filterLoc,,
2880,76,filterLoc,,
2880,79,filterLoc,,
2880,82,filterLoc,,
2880,85,filterLoc,,
2880,88,filterLoc,,
2880,91,filterLoc,,
2880,94,filterLoc,,
2880,97,filterLoc,,
2880,100,filterLoc,,
2880,107,filterLoc,,
2880,110,filterLoc,,
2880,113,filterLoc,,
2880,116,filterLoc,,
2880,119,filterLoc,,
2880,122,filterLoc,,
2880,125,filterLoc,,
2880,128,filterLoc,,
2880,131,filterLoc,,
2880,134,filterLoc,,
2880,137,filterLoc,,
2880,140,filterLoc,,
2880,143,filterLoc,,
2880,146,filterLoc,,
2880,149,filterLoc,,
2880,152,filterLoc,,
2880,155,filterLoc,,
2880,158,filterLoc,,
2880,161,filterLoc,,
2880,164,filterLoc,,
2880,167,filterLoc,,
2880,170,filterLoc,,
2880,173,filterLoc,,
2880,176,filterLoc,,
2880,179,filterLoc,,
2880,182,filterLoc,,
2880,185,filterLoc,,
2880,188,filterLoc,,
2880,191,filterLoc,,
2880,194,filterLoc,,
2880,197,filterLoc,,
2880,200,filterLoc,,
2880,203,filterLoc,,
2880,206,filterLoc,,
2880,209,filterLoc,,
2880,212,filterLoc,,
2880,215,filterLoc,,
2880,218,filterLoc,,
2880,221,filterLoc,,
2880,225,filterLoc,,
2880,228,filterLoc,,
2880,231,filterLoc,,
2880,234,filterLoc,,
2880,237,filterLoc,,
2880,240,filterLoc,,
2880,243,filterLoc,,
2880,246,filterLoc,,
2880,249,filterLoc,,
2880,252,filterLoc,,
2880,255,filterLoc,,
2880,258,filterLoc,,
2880,261,filterLoc,,
2880,264,filterLoc,,
2880,267,filterLoc,,
2880,270,filterLoc,,
2880,273,filterLoc,,
2880,276,filterLoc,,
2880,279,filterLoc,,
2880,282,filterLoc,,
2880,285,filterLoc,,
2880,288,filterLoc,,
2880,291,filterLoc,,
2880,294,filterLoc,,
2880,297,filterLoc,,
2880,300,filterLoc,,
2880,303,filterLoc,,
2880,306,filterLoc,,
2880,309,filterLoc,,
2880,312,filterLoc,,
2880,315,filterLoc,,
2880,318,filterLoc,,
2880,321,filterLoc,,
2880,324,filterLoc,,
2880,327,filterLoc,,
2880,330,filterLoc,,
2880,333,filterLoc,,
2880,336,filterLoc,,
2880,339,filterLoc,,
2880,342,filterLoc,,
2880,345,filterLoc,,
2880,348,filterLoc,,
2880,351,filterLoc,,
2880,354,filterLoc,,
2880,357,filterLoc,,
2880,360,filterLoc,,
2880,363,filterLoc,,
2880,366,filterLoc,,
2880,369,filterLoc,,
2880,372,filterLoc,,
2880,375,filterLoc,,
2880,378,filterLoc,,
2880,381,filterLoc,,
2880,384,filterLoc,,
2880,387,filterLoc,,
2880,390,filterLoc,,
2880,393,filterLoc,,
2880,396,filterLoc,,
2880,399,filterLoc,,
2880,402,filterLoc,,
2880,405,filterLoc,,
2880,408,filterLoc,,
2880,411,filterLoc,,
2880,414,filterLoc,,
2880,417,filterLoc,,
2880,420,filterLoc,,
2880,423,filterLoc,,
2880,426,filterLoc,,
2880,429,filterLoc,,
2880,432,filterLoc,,
2880,435,filterLoc,,
2880,438,filterLoc,,
2880,441,filterLoc,,
2880,444,filterLoc,,
2880,447,filterLoc,,
2880,450,filterLoc,,
2880,453,filterLoc,,
2880,456,filterLoc,,
2880,459,filterLoc,,
2880,462,filterLoc,,
2880,465,filterLoc,,
2880,468,filterLoc,,
2880,471,filterLoc,,
2880,474,filterLoc,,
2880,477,filterLoc,,
2880,480,filterLoc,,
2880,483,filterLoc,,
2880,486,filterLoc,,
2880,489,filterLoc,,
2880,492,filterLoc,,
2880,495,filterLoc,,
2880,498,filterLoc,,
2880,501,filterLoc,,
2880,504,filterLoc,,
2880,507,filterLoc,,
2880,510,filterLoc,,
2880,513,filterLoc,,
2880,516,filterLoc,,
2880,519,filterLoc,,
2880,522,filterLoc,,
2880,525,filterLoc,,
2880,528,filterLoc,,
2880,531,filterLoc,,
2880,534,filterLoc,,
2880,537,filterLoc,,
2880,540,filterLoc,,
2880,543,filterLoc,,
2880,546,filterLoc,,
2880,549,filterLoc,,
2880,552,filterLoc,,
2880,555,filterLoc,,
2880,558,filterLoc,,
2880,561,filterLoc,,
2880,564,filterLoc,,
2880,567,filterLoc,,
2880,570,filterLoc,,
2880,573,filterLoc,,
2880,576,filterLoc,,
2880,579,filterLoc,,
2880,582,filterLoc,,
2880,585,filterLoc,,
2880,588,filterLoc,,
2880,591,filterLoc,,
2880,594,filterLoc,,
2880,597,filterLoc,,
2880,600,filterLoc,,
2880,603,filterLoc,,
2880,606,filterLoc,,
2880,609,filterLoc,,
2880,612,filterLoc,,
2880,615,filterLoc,,
2880,618,filterLoc,,
2880,621,filterLoc,,
2880,624,filterLoc,,
2880,627,filterLoc,,
2880,630,filterLoc,,
2880,633,filterLoc,,
2880,636,filterLoc,,
2880,639,filterLoc,,
2880,642,filterLoc,,
2880,645,filterLoc,,
2880,648,filterLoc,,
2880,651,filterLoc,,
2880,654,filterLoc,,
2880,657,filterLoc,,
2880,660,filterLoc,,
2880,663,filterLoc,,
2880,666,filterLoc,,
2880,669,filterLoc,,
2880,672,filterLoc,,
2880,675,filterLoc,,
2880,678,filterLoc,,
2880,681,filterLoc,,
2880,684,filterLoc,,
2880,687,filterLoc,,
2880,690,filterLoc,,
2880,693,filterLoc,,
2880,696,filterLoc,,
2880,699,filterLoc,,
2880,702,filterLoc,,
2880,705,filterLoc,,
2880,708,filterLoc,,
2880,711,filterLoc,,
2880,714,filterLoc,,
2880,717,filterLoc,,
2880,720,filterLoc,,
2880,723,filterLoc,,
2880,726,filterLoc,,
2880,729,filterLoc,,
2880,732,filterLoc,,
2880,735,filterLoc,,
2880,738,filterLoc,,
2880,741,filterLoc,,;Evacuee;14;in triage category;G;is entering helicopter;1
2880,744,filterLoc,,
2880,747,filterLoc,,;Evacuee;2;in triage category;G;is entering helicopter;1
2880,750,filterLoc,,
2880,753,filterLoc,,
2880,756,filterLoc,,;Evacuee;9;in triage category;G;is entering helicopter;1
2880,759,filterLoc,,
2880,762,filterLoc,,
2880,765,filterLoc,,
2880,768,filterLoc,,
2880,771,filterLoc,,
2880,774,filterLoc,,
2880,777,filterLoc,,
2880,780,filterLoc,,
2880,783,filterLoc,,
2880,786,filterLoc,,
2880,789,filterLoc,,
2880,792,filterLoc,,
2880,795,filterLoc,,
2880,798,filterLoc,,
2880,801,filterLoc,,
2880,804,filterLoc,,
2880,807,filterLoc,,
2880,810,filterLoc,,
2880,813,filterLoc,,
2880,816,filterLoc,,
2880,819,filterLoc,,
2880,822,filterLoc,,
2880,825,filterLoc,,
2880,828,filterLoc,,
2880,831,filterLoc,,
2880,834,filterLoc,,
2880,837,filterLoc,,
2880,840,filterLoc,,
2880,843,filterLoc,,
2880,846,filterLoc,,
2880,849,filterLoc,,
2880,852,filterLoc,,
2880,855,filterLoc,,
2880,858,filterLoc,,
2880,861,filterLoc,,
2880,864,filterLoc,,
2880,867,filterLoc,,
2880,870,filterLoc,,
2880,873,filterLoc,,
2880,876,filterLoc,,;Evacuee;4;in triage category;G;is entering helicopter;1
2880,879,filterLoc,,;Evacuee;18;in triage category;G;is entering helicopter;1
2880,882,filterLoc,,
2880,885,filterLoc,,
2880,888,filterLoc,,;Evacuee;22;in triage category;G;is entering helicopter;1
2880,891,filterLoc,,
2880,894,filterLoc,,
2880,897,filterLoc,,
2880,900,filterLoc,,
2880,903,filterLoc,,
2880,906,filterLoc,,
2880,909,filterLoc,,
2880,912,filterLoc,,
2880,915,filterLoc,,
2880,918,filterLoc,,
2880,921,filterLoc,,
2880,924,filterLoc,,
2880,927,filterLoc,,
2880,930,filterLoc,,
2880,933,filterLoc,,
2880,936,filterLoc,,
2880,939,filterLoc,,
2880,942,filterLoc,,
2880,945,filterLoc,,
2880,948,filterLoc,,
2880,951,filterLoc,,
2880,954,filterLoc,,
2880,957,filterLoc,,
2880,960,filterLoc,,
2880,963,filterLoc,,
2880,966,filterLoc,,
2880,969,filterLoc,,
2880,972,filterLoc,,
2880,975,filterLoc,,
2880,978,filterLoc,,
2880,981,filterLoc,,
2880,984,filterLoc,,
2880,987,filterLoc,,
2880,990,filterLoc,,
2880,993,filterLoc,,
2880,996,filterLoc,,
2880,999,filterLoc,,
2880,1002,filterLoc,,
2880,1005,filterLoc,,
2880,1008,filterLoc,,
2880,1011,filterLoc,,
2880,1014,filterLoc,,;Evacuee;23;in triage category;G;is entering helicopter;1
2880,1017,filterLoc,,
2880,1020,filterLoc,,
2880,1023,filterLoc,,;Evacuee;13;in triage category;G;is entering helicopter;1
2880,1026,filterLoc,,;Evacuee;24;in triage category;G;is entering helicopter;1
2880,1029,filterLoc,,
2880,1032,filterLoc,,
2880,1035,filterLoc,,
2880,1038,filterLoc,,
2880,1041,filterLoc,,
2880,1044,filterLoc,,
2880,1047,filterLoc,,
2880,1050,filterLoc,,
2880,1053,filterLoc,,
2880,1056,filterLoc,,
2880,1059,filterLoc,,
2880,1062,filterLoc,,
2880,1065,filterLoc,,
2880,1068,filterLoc,,
2880,1071,filterLoc,,
2880,1074,filterLoc,,
2880,1077,filterLoc,,
2880,1080,filterLoc,,
2880,1083,filterLoc,,
2880,1086,filterLoc,,
2880,1089,filterLoc,,
2880,1092,filterLoc,,
2880,1095,filterLoc,,
2880,1098,filterLoc,,
2880,1101,filterLoc,,
2880,1104,filterLoc,,
2880,1107,filterLoc,,
2880,1110,filterLoc,,
2880,1113,filterLoc,,
2880,1116,filterLoc,,
2880,1123,filterLoc,,
2880,1126,filterLoc,,
2880,1129,filterLoc,,
2880,1132,filterLoc,,
2880,1135,filterLoc,,
2880,1138,filterLoc,,
2880,1141,filterLoc,,
2880,1144,filterLoc,,
2880,1147,filterLoc,,
2880,1150,filterLoc,,
2880,1153,filterLoc,,
2880,1156,filterLoc,,
2880,1161,helicopter,,Helicopter;1;is loading people at the evacuation site;;and has;0;spots taken
2880,1163,filterLoc,,
2880,1166,filterLoc,,
2880,1169,filterLoc,,
2880,1172,filterLoc,,
2880,1175,filterLoc,,
2880,1178,filterLoc,,
2880,1181,filterLoc,,
2880,1184,filterLoc,,
2880,1187,filterLoc,,
2880,1190,filterLoc,,
2880,1193,filterLoc,,
2880,1196,filterLoc,,
2880,1199,filterLoc,,
2880,1202,filterLoc,,
2880,1205,filterLoc,,
2880,1208,filterLoc,,
2880,1211,filterLoc,,
2880,1214,filterLoc,,
2880,1217,filterLoc,,
2880,1220,filterLoc,,
2880,1223,filterLoc,,
2880,1226,filterLoc,,
2880,1229,filterLoc,,
2880,1232,filterLoc,,
2880,1235,filterLoc,,
2880,1238,filterLoc,,
2880,1241,filterLoc,,
2880,1244,filterLoc,,
2880,1247,filterLoc,,
2880,1250,filterLoc,,
2880,1253,filterLoc,,
2880,1256,filterLoc,,
2880,1259,filterLoc,,
2880,1262,filterLoc,,
2880,1265,filterLoc,,
2880,1268,filterLoc,,
2880,1271,filterLoc,,
2880,1274,filterLoc,,
2880,1277,filterLoc,,
2880,1280,filterLoc,,
2880,1283,filterLoc,,
2880,1286,filterLoc,,
2880,1289,filterLoc,,
2880,1292,filterLoc,,
2880,1295,filterLoc,,
2880,1298,filterLoc,,
2880,1301,filterLoc,,
2880,1304,filterLoc,,
2880,1307,filterLoc,,
2880,1310,filterLoc,,
2880,1313,filterLoc,,
2880,1316,filterLoc,,
2880,1319,filterLoc,,
2880,1322,filterLoc,,
2880,1325,filterLoc,,
2880,1328,filterLoc,,
2880,1331,filterLoc,,
2880,1334,filterLoc,,
2880,1337,filterLoc,,
2880,1340,filterLoc,,
2880,1343,filterLoc,,
2880,1346,filterLoc,,
2880,1349,filterLoc,,
2880,1352,filterLoc,,
2880,1355,filterLoc,,
2880,1358,filterLoc,,
2880,1361,filterLoc,,
2880,1364,filterLoc,,
2880,1367,filterLoc,,
2880,1370,filterLoc,,
2880,1373,filterLoc,,
2880,1376,filterLoc,,
2880,1379,filterLoc,,;Evacuee;11;in triage category;G;is entering helicopter;1
2880,1382,filterLoc,,
2880,1385,filterLoc,,
2880,1388,filterLoc,,
2880,1391,filterLoc,,
2880,1394,filterLoc,,
2880,1397,filterLoc,,
2880,1400,filterLoc,,
2880,1403,filterLoc,,
2880,1406,filterLoc,,
2880,1409,filterLoc,,
2880,1412,filterLoc,,
2880,1415,filterLoc,,
2880,1418,filterLoc,,
2880,1421,filterLoc,,
2880,1424,filterLoc,,
2880,1427,filterLoc,,
2880,1430,filterLoc,,
2880,1433,filterLoc,,
2880,1436,filterLoc,,
2880,1439,filterLoc,,
2880,1442,filterLoc,,
2880,1445,filterLoc,,
2880,1448,filterLoc,,
2880,1451,filterLoc,,
2880,1454,filterLoc,,
2880,1457,filterLoc,,
2880,1460,filterLoc,,
2880,1463,filterLoc,,
2880,1466,filterLoc,,
2880,1469,filterLoc,,
2880,1472,filterLoc,,
2880,1475,filterLoc,,
2880,1478,filterLoc,,
2880,1481,filterLoc,,
2880,1484,filterLoc,,
2880,1487,filterLoc,,
2880,1490,filterLoc,,
2880,1493,filterLoc,,
2880,1496,filterLoc,,
2880,1499,filterLoc,,
2880,1502,filterLoc,,
2880,1505,filterLoc,,
2880,1508,filterLoc,,
2880,1511,filterLoc,,
2880,1514,filterLoc,,
2880,1517,filterLoc,,
2880,741,filterLoc,out,Evacuee 14 in triage category G is assigned helicopter 1
2880,741,filterLoc,,
2880,742,evacuee,,Evacuee;14;in triage state;G;is entering helicopter;1
2880,747,filterLoc,out,Evacuee 2 in triage category G is assigned helicopter 1
2880,747,filterLoc,,
2880,748,evacuee,,Evacuee;2;in triage state;G;is entering helicopter;1
2880,756,filterLoc,out,Evacuee 9 in triage category G is assigned helicopter 1
2880,756,filterLoc,,
2880,757,evacuee,,Evacuee;9;in triage state;G;is entering helicopter;1
2880,876,filterLoc,out,Evacuee 4 in triage category G is assigned helicopter 1
2880,876,filterLoc,,
2880,877,evacuee,,Evacuee;4;in triage state;G;is entering helicopter;1
2880,879,filterLoc,out,Evacuee 18 in triage category G is assigned helicopter 1
2880,879,filterLoc,,
2880,880,evacuee,,Evacuee;18;in triage state;G;is entering helicopter;1
2880,888,filterLoc,out,Evacuee 22 in triage category G is assigned helicopter 1
2880,888,filterLoc,,
2880,889,evacuee,,Evacuee;22;in triage state;G;is entering helicopter;1
2880,1014,filterLoc,out,Evacuee 23 in triage category G is assigned helicopter 1
2880,1014,filterLoc,,
2880,1015,evacuee,,Evacuee;23;in triage state;G;is entering helicopter;1
2880,1023,filterLoc,out,Evacuee 13 in triage category G is assigned helicopter 1
2880,1023,filterLoc,,
2880,1024,evacuee,,Evacuee;13;in triage state;G;is entering helicopter;1
2880,1026,filterLoc,out,Evacuee 24 in triage category G is assigned helicopter 1
2880,1026,filterLoc,,
2880,1027,evacuee,,Evacuee;24;in triage state;G;is entering helicopter;1
2880,1379,filterLoc,out,Evacuee 11 in triage category G is assigned helicopter 1
2880,1379,filterLoc,,
2880,1380,evacuee,,Evacuee;11;in triage state;G;is entering helicopter;1
2880,103,filterEvac,,
2880,742,evacuee,outHelo,Evacuee 14 in triage category G is assigned helicopter 1
2880,742,evacuee,,Evacuee;14;in triage state;G;is in helicopter;1
2880,748,evacuee,outHelo,Evacuee 2 in triage category G is assigned helicopter 1
2880,748,evacuee,,Evacuee;2;in triage state;G;is in helicopter;1
2880,757,evacuee,outHelo,Evacuee 9 in triage category G is assigned helicopter 1
2880,757,evacuee,,Evacuee;9;in triage state;G;is in helicopter;1
2880,877,evacuee,outHelo,Evacuee 4 in triage category G is assigned helicopter 1
2880,877,evacuee,,Evacuee;4;in triage state;G;is in helicopter;1
2880,880,evacuee,outHelo,Evacuee 18 in triage category G is assigned helicopter 1
2880,880,evacuee,,Evacuee;18;in triage state;G;is in helicopter;1
2880,889,evacuee,outHelo,Evacuee 22 in triage category G is assigned helicopter 1
2880,889,evacuee,,Evacuee;22;in triage state;G;is in helicopter;1
2880,1015,evacuee,outHelo,Evacuee 23 in triage category G is assigned helicopter 1
2880,1015,evacuee,,Evacuee;23;in triage state;G;is in helicopter;1
2880,1024,evacuee,outHelo,Evacuee 13 in triage category G is assigned helicopter 1
2880,1024,evacuee,,Evacuee;13;in triage state;G;is in helicopter;1
2880,1027,evacuee,outHelo,Evacuee 24 in triage category G is assigned helicopter 1
2880,1027,evacuee,,Evacuee;24;in triage state;G;is in helicopter;1
2880,1119,filterEvac,,
2880,1159,filterEvac,,;Evacuee;2;in triage category;G;is entering helicopter;1;Evacuee;4;in triage category;G;is entering helicopter;1;Evacuee;9;in triage category;G;is entering helicopter;1;Evacuee;11;in triage category;G;is entering helicopter;1;Evacuee;13;in triage category;G;is entering helicopter;1;Evacuee;14;in triage category;G;is entering helicopter;1;Evacuee;18;in triage category;G;is entering helicopter;1;Evacuee;22;in triage category;G;is entering helicopter;1;Evacuee;23;in triage category;G;is entering helicopter;1;Evacuee;24;in triage category;G;is entering helicopter;1
2880,1380,evacuee,outHelo,Evacuee 11 in triage category G is assigned helicopter 1
2880,1380,evacuee,,Evacuee;11;in triage state;G;is in helicopter;1
2880,1159,filterEvac,out,Evacuee 2 in triage category G is assigned helicopter 1
2880,1159,filterEvac,out,Evacuee 4 in triage category G is assigned helicopter 1
2880,1159,filterEvac,out,Evacuee 9 in triage category G is assigned helicopter 1
2880,1159,filterEvac,out,Evacuee 11 in triage category G is assigned helicopter 1
2880,1159,filterEvac,out,Evacuee 13 in triage category G is assigned helicopter 1
2880,1159,filterEvac,out,Evacuee 14 in triage category G is assigned helicopter 1
2880,1159,filterEvac,out,Evacuee 18 in triage category G is assigned helicopter 1
2880,1159,filterEvac,out,Evacuee 22 in triage category G is assigned helicopter 1
2880,1159,filterEvac,out,Evacuee 23 in triage category G is assigned helicopter 1
2880,1159,filterEvac,out,Evacuee 24 in triage category G is assigned helicopter 1
2880,1159,filterEvac,,
2880,1161,helicopter,,Helicopter;1;is loading people at the evacuation site;;and has;10;spots taken
2884.48,3,evacueeManager,,OFF SHIP: White;0;Green;172;Yellow;24;Red;10;Black;284;ON SHIP: White;0;Green;0;Yellow;0;Red;0;Evacuees to Transfer;
2884.48,1287,evacuee,outES,Evacuee 168 in triage category Y is not assigned a helicopter
2884.48,1287,evacuee,,Evacuee;168;in triage state;R;is at the evacuation site
2892.71,3,evacueeManager,,OFF SHIP: White;0;Green;172;Yellow;24;Red;9;Black;285;ON SHIP: White;0;Green;0;Yellow;0;Red;0;Evacuees to Transfer;
2892.71,931,evacuee,outES,Evacuee 31 in triage category R is not assigned a helicopter
2892.71,931,evacuee,,Evacuee;31;in triage state;B;is at the evacuation site
2894.55,3,evacueeManager,,OFF SHIP: White;0;Green;172;Yellow;24;Red;8;Black;286;ON SHIP: White;0;Green;0;Yellow;0;Red;0;Evacuees to Transfer;
2894.55,406,evacuee,outES,Evacuee 280 in triage category R is not assigned a helicopter
2894.55,406,evacuee,,Evacuee;280;in triage state;B;is at the evacuation site
2895,4,helipadManager,outHelo,Helicopter 1 is evacuating people1
2895,4,helipadManager,,;No helos are at ES
2895,104,filterES,,
2895,1120,filterES,,
2895,1160,filterES,,Helicopter;1;is evacuating people
2895,4,helipadManager,outHQ,0
2895,4,helipadManager,,;No helos are at ES
2895,5,helicopterQueue,,;No helos are waiting to land
2895,1160,filterES,out,Helicopter 1 is evacuating people1
2895,1160,filterES,,
2895,1161,helicopter,,Helicopter;1;is loading people at the evacuation site;;and has;10;spots taken
2895,5,helicopterQueue,,;No helos are waiting to land
2895,1161,helicopter,,Helicopter;1;is returning to the FOL;;and has;10;spots taken
2895.98,3,evacueeManager,,OFF SHIP: White;0;Green;171;Yellow;25;Red;8;Black;286;ON SHIP: White;0;Green;0;Yellow;0;Red;0;Evacuees to Transfer;
2895.98,1078,evacuee,outES,Evacuee 336 in triage category G is not assigned a helicopter
2895.98,1078,evacuee,,Evacuee;336;in triage state;Y;is at the evacuation site
2907.33,3,evacueeManager,,OFF SHIP: White;0;Green;171;Yellow;24;Red;9;Black;286;ON SHIP: White;0;Green;0;Yellow;0;Red;0;Evacuees to Transfer;
2907.33,186,evacuee,outES,Evacuee 383 in triage category Y is not assigned a helicopter
2907.33,186,evacuee,,Evacuee;383;in triage state;R;is at the evacuation site
2908.41,3,evacueeManager,,OFF SHIP: White;0;Green;171;Yellow;24;Red;8;Black;287;ON SHIP: White;0;Green;0;Yellow;0;Red;0;Evacuees to Transfer;
2908.41,1287,evacuee,outES,Evacuee 168 in triage category R is not assigned a helicopter
2908.41,1287,evacuee,,Evacuee;168;in triage state;B;is at the evacuation site
2913.61,3,evacueeManager,,OFF SHIP: White;0;Green;170;Yellow;25;Red;8;Black;287;ON SHIP: White;0;Green;0;Yellow;0;Red;0;Evacuees to Transfer;
2913.61,532,evacuee,outES,Evacuee 373 in triage category G is not assigned a helicopter
2913.61,532,evacuee,,Evacuee;373;in triage state;Y;is at the evacuation site
2916.34,3,evacueeManager,,OFF SHIP: White;0;Green;170;Yellow;25;Red;7;Black;288;ON SHIP: White;0;Green;0;Yellow;0;Red;0;Evacuees to Transfer;
2916.34,472,evacuee,outES,Evacuee 108 in triage category R is not assigned a helicopter
2916.34,472,evacuee,,Evacuee;108;in triage state;B;is at the evacuation site
2923.85,3,evacueeManager,,OFF SHIP: White;0;Green;170;Yellow;25;Red;6;Black;289;ON SHIP: White;0;Green;0;Yellow;0;Red;0;Evacuees to Transfer;
2923.85,661,evacuee,outES,Evacuee 213 in triage category R is not assigned a helicopter
2923.85,661,evacuee,,Evacuee;213;in triage state;B;is at the evacuation site
2926.77,3,evacueeManager,,OFF SHIP: White;0;Green;170;Yellow;25;Red;5;Black;290;ON SHIP: White;0;Green;0;Yellow;0;Red;0;Evacuees to Transfer;
2926.77,1221,evacuee,outES,Evacuee 296 in triage category R is not assigned a helicopter
2926.77,1221,evacuee,,Evacuee;296;in triage state;B;is at the evacuation site
2928.99,3,evacueeManager,,OFF SHIP: White;0;Green;170;Yellow;25;Red;4;Black;291;ON SHIP: White;0;Green;0;Yellow;0;Red;0;Evacuees to Transfer;
2928.99,928,evacuee,outES,Evacuee 132 in triage category R is not assigned a helicopter
2928.99,928,evacuee,,Evacuee;132;in triage state;B;is at the evacuation site
2940,5,helicopterQueue,,1;Helos are waiting to land;HeloID;2
2940,1121,helicopter,outES,Helicopter 2 is evacuating people2
2940,1121,helicopter,,Helicopter;2;is waiting to land at the evacuation site;;and has;0;spots taken
2940,4,helipadManager,,;No helos are at ES
2940,5,helicopterQueue,outHM,Helicopter 2 is evacuating people2
2940,5,helicopterQueue,outHelo,Helicopter 2 is evacuating people2
2940,5,helicopterQueue,,;No helos are waiting to land
2940,104,filterES,,
2940,1120,filterES,,Helicopter;2;is evacuating people
2940,1160,filterES,,
2940,3,evacueeManager,,OFF SHIP: White;0;Green;160;Yellow;25;Red;4;Black;291;ON SHIP: White;0;Green;0;Yellow;0;Red;0;Evacuees to Transfer;;EvacueeID;25;HeloID;2;OnShip;0;Triage Status;G;EvacueeID;29;HeloID;2;OnShip;0;Triage Status;G;EvacueeID;32;HeloID;2;OnShip;0;Triage Status;G;EvacueeID;33;HeloID;2;OnShip;0;Triage Status;G;EvacueeID;34;HeloID;2;OnShip;0;Triage Status;G;EvacueeID;37;HeloID;2;OnShip;0;Triage Status;G;EvacueeID;44;HeloID;2;OnShip;0;Triage Status;G;EvacueeID;45;HeloID;2;OnShip;0;Triage Status;G;EvacueeID;48;HeloID;2;OnShip;0;Triage Status;G;EvacueeID;49;HeloID;2;OnShip;0;Triage Status;G
2940,4,helipadManager,outEM,Helicopter 2 is evacuating people2
2940,4,helipadManager,,Helo;2;is at the ES
2940,1120,filterES,out,Helicopter 2 is evacuating people2
2940,1120,filterES,,
2940,1121,helicopter,,Helicopter;2;is waiting to land at the evacuation site;;and has;0;spots taken
2940,3,evacueeManager,outEvac,Evacuee 25 in triage category G is assigned helicopter 2
2940,3,evacueeManager,outEvac,Evacuee 29 in triage category G is assigned helicopter 2
2940,3,evacueeManager,outEvac,Evacuee 32 in triage category G is assigned helicopter 2
2940,3,evacueeManager,outEvac,Evacuee 33 in triage category G is assigned helicopter 2
2940,3,evacueeManager,outEvac,Evacuee 34 in triage category G is assigned helicopter 2
2940,3,evacueeManager,outEvac,Evacuee 37 in triage category G is assigned helicopter 2
2940,3,evacueeManager,outEvac,Evacuee 44 in triage category G is assigned helicopter 2
2940,3,evacueeManager,outEvac,Evacuee 45 in triage category G is assigned helicopter 2
2940,3,evacueeManager,outEvac,Evacuee 48 in triage category G is assigned helicopter 2
2940,3,evacueeManager,outEvac,Evacuee 49 in triage category G is assigned helicopter 2
2940,3,evacueeManager,,OFF SHIP: White;0;Green;160;Yellow;25;Red;4;Black;291;ON SHIP: White;0;Green;0;Yellow;0;Red;0;Evacuees to Transfer;
2940,7,filterLoc,,
2940,10,filterLoc,,
2940,13,filterLoc,,
2940,16,filterLoc,,
2940,19,filterLoc,,
2940,22,filterLoc,,
2940,25,filterLoc,,
2940,28,filterLoc,,
2940,31,filterLoc,,
2940,34,filterLoc,,
2940,37,filterLoc,,
2940,40,filterLoc,,
2940,43,filterLoc,,
2940,46,filterLoc,,
2940,49,filterLoc,,
2940,52,filterLoc,,
2940,55,filterLoc,,
2940,58,filterLoc,,
2940,61,filterLoc,,
2940,64,filterLoc,,
2940,67,filterLoc,,
2940,70,filterLoc,,
2940,73,filterLoc,,
2940,76,filterLoc,,
2940,79,filterLoc,,
2940,82,filterLoc,,
2940,85,filterLoc,,
2940,88,filterLoc,,
2940,91,filterLoc,,
2940,94,filterLoc,,
2940,97,filterLoc,,
2940,100,filterLoc,,
2940,107,filterLoc,,
2940,110,filterLoc,,
2940,113,filterLoc,,
2940,116,filterLoc,,
2940,119,filterLoc,,
2940,122,filterLoc,,
2940,125,filterLoc,,
2940,128,filterLoc,,
2940,131,filterLoc,,
2940,134,filterLoc,,
2940,137,filterLoc,,
2940,140,filterLoc,,
2940,143,filterLoc,,
2940,146,filterLoc,,
2940,149,filterLoc,,
2940,152,filterLoc,,
2940,155,filterLoc,,
2940,158,filterLoc,,
2940,161,filterLoc,,
2940,164,filterLoc,,
2940,167,filterLoc,,
2940,170,filterLoc,,
2940,173,filterLoc,,
2940,176,filterLoc,,
2940,179,filterLoc,,
2940,182,filterLoc,,
2940,185,filterLoc,,
2940,188,filterLoc,,
2940,191,filterLoc,,
2940,194,filterLoc,,
2940,197,filterLoc,,
2940,200,filterLoc,,
2940,203,filterLoc,,
2940,206,filterLoc,,
2940,209,filterLoc,,
2940,212,filterLoc,,
2940,215,filterLoc,,
2940,218,filterLoc,,
2940,221,filterLoc,,
2940,225,filterLoc,,
2940,228,filterLoc,,
2940,231,filterLoc,,
2940,234,filterLoc,,
2940,237,filterLoc,,
2940,240,filterLoc,,
2940,243,filterLoc,,
2940,246,filterLoc,,
2940,249,filterLoc,,
2940,252,filterLoc,,
2940,255,filterLoc,,
2940,258,filterLoc,,
2940,261,filterLoc,,
2940,264,filterLoc,,
2940,267,filterLoc,,
2940,270,filterLoc,,
2940,273,filterLoc,,
2940,276,filterLoc,,
2940,279,filterLoc,,
2940,282,filterLoc,,
2940,285,filterLoc,,
2940,288,filterLoc,,
2940,291,filterLoc,,
2940,294,filterLoc,,
2940,297,filterLoc,,
2940,300,filterLoc,,
2940,303,filterLoc,,
2940,306,filterLoc,,
2940,309,filterLoc,,
2940,312,filterLoc,,
2940,315,filterLoc,,
2940,318,filterLoc,,
2940,321,filterLoc,,
2940,324,filterLoc,,
2940,327,filterLoc,,
2940,330,filterLoc,,
2940,333,filterLoc,,
2940,336,filterLoc,,
2940,339,filterLoc,,
2940,342,filterLoc,,
2940,345,filterLoc,,
2940,348,filterLoc,,
2940,351,filterLoc,,
2940,354,filterLoc,,
2940,357,filterLoc,,
2940,360,filterLoc,,
2940,363,filterLoc,,
2940,366,filterLoc,,
2940,369,filterLoc,,
2940,372,filterLoc,,
2940,375,filterLoc,,
2940,378,filterLoc,,
2940,381,filterLoc,,
2940,384,filterLoc,,
2940,387,filterLoc,,
2940,390,filterLoc,,
2940,393,filterLoc,,
2940,396,filterLoc,,
2940,399,filterLoc,,
2940,402,filterLoc,,
2940,405,filterLoc,,
2940,408,filterLoc,,
2940,411,filterLoc,,
2940,414,filterLoc,,
2940,417,filterLoc,,
2940,420,filterLoc,,
2940,423,filterLoc,,
2940,426,filterLoc,,
2940,429,filterLoc,,
2940,432,filterLoc,,
2940,435,filterLoc,,
2940,438,filterLoc,,
2940,441,filterLoc,,
2940,444,filterLoc,,
2940,447,filterLoc,,
2940,450,filterLoc,,
2940,453,filterLoc,,
2940,456,filterLoc,,
2940,459,filterLoc,,
2940,462,filterLoc,,
2940,465,filterLoc,,
2940,468,filterLoc,,
2940,471,filterLoc,,
2940,474,filterLoc,,
2940,477,filterLoc,,
2940,480,filterLoc,,
2940,483,filterLoc,,
2940,486,filterLoc,,
2940,489,filterLoc,,
2940,492,filterLoc,,
2940,495,filterLoc,,
2940,498,filterLoc,,
2940,501,filterLoc,,
2940,504,filterLoc,,
2940,507,filterLoc,,
2940,510,filterLoc,,
2940,513,filterLoc,,
2940,516,filterLoc,,
2940,519,filterLoc,,
2940,522,filterLoc,,
2940,525,filterLoc,,
2940,528,filterLoc,,
2940,531,filterLoc,,
2940,534,filterLoc,,
2940,537,filterLoc,,
2940,540,filterLoc,,
2940,543,filterLoc,,
2940,546,filterLoc,,
2940,549,filterLoc,,
2940,552,filterLoc,,
2940,555,filterLoc,,
2940,558,filterLoc,,
2940,561,filterLoc,,
2940,564,filterLoc,,
2940,567,filterLoc,,
2940,570,filterLoc,,
2940,573,filterLoc,,
2940,576,filterLoc,,
2940,579,filterLoc,,
2940,582,filterLoc,,
2940,585,filterLoc,,
2940,588,filterLoc,,
2940,591,filterLoc,,
2940,594,filterLoc,,
2940,597,filterLoc,,
2940,600,filterLoc,,
2940,603,filterLoc,,
2940,606,filterLoc,,
2940,609,filterLoc,,
2940,612,filterLoc,,
2940,615,filterLoc,,
2940,618,filterLoc,,
2940,621,filterLoc,,
2940,624,filterLoc,,;Evacuee;49;in triage category;G;is entering helicopter;2
2940,627,filterLoc,,
2940,630,filterLoc,,
2940,633,filterLoc,,
2940,636,filterLoc,,
2940,639,filterLoc,,
2940,642,filterLoc,,
2940,645,filterLoc,,
2940,648,filterLoc,,
2940,651,filterLoc,,
2940,654,filterLoc,,
2940,657,filterLoc,,
2940,660,filterLoc,,
2940,663,filterLoc,,
2940,666,filterLoc,,
2940,669,filterLoc,,
2940,672,filterLoc,,
2940,675,filterLoc,,
2940,678,filterLoc,,
2940,681,filterLoc,,
2940,684,filterLoc,,
2940,687,filterLoc,,
2940,690,filterLoc,,
2940,693,filterLoc,,
2940,696,filterLoc,,
2940,699,filterLoc,,
2940,702,filterLoc,,
2940,705,filterLoc,,
2940,708,filterLoc,,
2940,711,filterLoc,,
2940,714,filterLoc,,
2940,717,filterLoc,,
2940,720,filterLoc,,
2940,723,filterLoc,,
2940,726,filterLoc,,
2940,729,filterLoc,,
2940,732,filterLoc,,
2940,735,filterLoc,,
2940,738,filterLoc,,
2940,741,filterLoc,,
2940,744,filterLoc,,
2940,747,filterLoc,,
2940,750,filterLoc,,;Evacuee;33;in triage category;G;is entering helicopter;2
2940,753,filterLoc,,
2940,756,filterLoc,,
2940,759,filterLoc,,;Evacuee;25;in triage category;G;is entering helicopter;2
2940,762,filterLoc,,
2940,765,filterLoc,,
2940,768,filterLoc,,
2940,771,filterLoc,,
2940,774,filterLoc,,
2940,777,filterLoc,,
2940,780,filterLoc,,
2940,783,filterLoc,,
2940,786,filterLoc,,
2940,789,filterLoc,,
2940,792,filterLoc,,
2940,795,filterLoc,,
2940,798,filterLoc,,
2940,801,filterLoc,,
2940,804,filterLoc,,;Evacuee;29;in triage category;G;is entering helicopter;2
2940,807,filterLoc,,
2940,810,filterLoc,,
2940,813,filterLoc,,
2940,816,filterLoc,,
2940,819,filterLoc,,
2940,822,filterLoc,,
2940,825,filterLoc,,
2940,828,filterLoc,,
2940,831,filterLoc,,
2940,834,filterLoc,,
2940,837,filterLoc,,
2940,840,filterLoc,,
2940,843,filterLoc,,
2940,846,filterLoc,,
2940,849,filterLoc,,
2940,852,filterLoc,,
2940,855,filterLoc,,
2940,858,filterLoc,,
2940,861,filterLoc,,
2940,864,filterLoc,,
2940,867,filterLoc,,
2940,870,filterLoc,,
2940,873,filterLoc,,
2940,876,filterLoc,,
2940,879,filterLoc,,
2940,882,filterLoc,,
2940,885,filterLoc,,
2940,888,filterLoc,,
2940,891,filterLoc,,
2940,894,filterLoc,,;Evacuee;44;in triage category;G;is entering helicopter;2
2940,897,filterLoc,,
2940,900,filterLoc,,
2940,903,filterLoc,,
2940,906,filterLoc,,
2940,909,filterLoc,,
2940,912,filterLoc,,
2940,915,filterLoc,,
2940,918,filterLoc,,
2940,921,filterLoc,,
2940,924,filterLoc,,
2940,927,filterLoc,,
2940,930,filterLoc,,
2940,933,filterLoc,,
2940,936,filterLoc,,
2940,939,filterLoc,,
2940,942,filterLoc,,
2940,945,filterLoc,,
2940,948,filterLoc,,
2940,951,filterLoc,,
2940,954,filterLoc,,;Evacuee;37;in triage category;G;is entering helicopter;2
2940,957,filterLoc,,
2940,960,filterLoc,,
2940,963,filterLoc,,
2940,966,filterLoc,,
2940,969,filterLoc,,
2940,972,filterLoc,,
2940,975,filterLoc,,
2940,978,filterLoc,,
2940,981,filterLoc,,
2940,984,filterLoc,,
2940,987,filterLoc,,
2940,990,filterLoc,,
2940,993,filterLoc,,
2940,996,filterLoc,,
2940,999,filterLoc,,
2940,1002,filterLoc,,
2940,1005,filterLoc,,
2940,1008,filterLoc,,
2940,1011,filterLoc,,
2940,1014,filterLoc,,
2940,1017,filterLoc,,
2940,1020,filterLoc,,
2940,1023,filterLoc,,
2940,1026,filterLoc,,
2940,1029,filterLoc,,;Evacuee;32;in triage category;G;is entering helicopter;2
2940,1032,filterLoc,,;Evacuee;34;in triage category;G;is entering helicopter;2
2940,1035,filterLoc,,
2940,1038,filterLoc,,
2940,1041,filterLoc,,
2940,1044,filterLoc,,
2940,1047,filterLoc,,
2940,1050,filterLoc,,
2940,1053,filterLoc,,
2940,1056,filterLoc,,
2940,1059,filterLoc,,
2940,1062,filterLoc,,
2940,1065,filterLoc,,
2940,1068,filterLoc,,
2940,1071,filterLoc,,
2940,1074,filterLoc,,
2940,1077,filterLoc,,
2940,1080,filterLoc,,
2940,1083,filterLoc,,
2940,1086,filterLoc,,
2940,1089,filterLoc,,
2940,1092,filterLoc,,
2940,1095,filterLoc,,;Evacuee;48;in triage category;G;is entering helicopter;2
2940,1098,filterLoc,,
2940,1101,filterLoc,,
2940,1104,filterLoc,,
2940,1107,filterLoc,,
2940,1110,filterLoc,,
2940,1113,filterLoc,,
2940,1116,filterLoc,,
2940,1121,helicopter,,Helicopter;2;is loading people at the evacuation site;;and has;0;spots taken
2940,1123,filterLoc,,
2940,1126,filterLoc,,
2940,1129,filterLoc,,
2940,1132,filterLoc,,
2940,1135,filterLoc,,
2940,1138,filterLoc,,
2940,1141,filterLoc,,
2940,1144,filterLoc,,
2940,1147,filterLoc,,
2940,1150,filterLoc,,
2940,1153,filterLoc,,
2940,1156,filterLoc,,;Evacuee;45;in triage category;G;is entering helicopter;2
2940,1163,filterLoc,,
2940,1166,filterLoc,,
2940,1169,filterLoc,,
2940,1172,filterLoc,,
2940,1175,filterLoc,,
2940,1178,filterLoc,,
2940,1181,filterLoc,,
2940,1184,filterLoc,,
2940,1187,filterLoc,,
2940,1190,filterLoc,,
2940,1193,filterLoc,,
2940,1196,filterLoc,,
2940,1199,filterLoc,,
2940,1202,filterLoc,,
2940,1205,filterLoc,,
2940,1208,filterLoc,,
2940,1211,filterLoc,,
2940,1214,filterLoc,,
2940,1217,filterLoc,,
2940,1220,filterLoc,,
2940,1223,filterLoc,,
2940,1226,filterLoc,,
2940,1229,filterLoc,,
2940,1232,filterLoc,,
2940,1235,filterLoc,,
2940,1238,filterLoc,,
2940,1241,filterLoc,,
2940,1244,filterLoc,,
2940,1247,filterLoc,,
2940,1250,filterLoc,,
2940,1253,filterLoc,,
2940,1256,filterLoc,,
2940,1259,filterLoc,,
2940,1262,filterLoc,,
2940,1265,filterLoc,,
2940,1268,filterLoc,,
2940,1271,filterLoc,,
2940,1274,filterLoc,,
2940,1277,filterLoc,,
2940,1280,filterLoc,,
2940,1283,filterLoc,,
2940,1286,filterLoc,,
2940,1289,filterLoc,,
2940,1292,filterLoc,,
2940,1295,filterLoc,,
2940,1298,filterLoc,,
2940,1301,filterLoc,,
2940,1304,filterLoc,,
2940,1307,filterLoc,,
2940,1310,filterLoc,,
2940,1313,filterLoc,,
2940,1316,filterLoc,,
2940,1319,filterLoc,,
2940,1322,filterLoc,,
2940,1325,filterLoc,,
2940,1328,filterLoc,,
2940,1331,filterLoc,,
2940,1334,filterLoc,,
2940,1337,filterLoc,,
2940,1340,filterLoc,,
2940,1343,filterLoc,,
2940,1346,filterLoc,,
2940,1349,filterLoc,,
2940,1352,filterLoc,,
2940,1355,filterLoc,,
2940,1358,filterLoc,,
2940,1361,filterLoc,,
2940,1364,filterLoc,,
2940,1367,filterLoc,,
2940,1370,filterLoc,,
2940,1373,filterLoc,,
2940,1376,filterLoc,,
2940,1379,filterLoc,,
2940,1382,filterLoc,,
2940,1385,filterLoc,,
2940,1388,filterLoc,,
2940,1391,filterLoc,,
2940,1394,filterLoc,,
2940,1397,filterLoc,,
2940,1400,filterLoc,,
2940,1403,filterLoc,,
2940,1406,filterLoc,,
2940,1409,filterLoc,,
2940,1412,filterLoc,,
2940,1415,filterLoc,,
2940,1418,filterLoc,,
2940,1421,filterLoc,,
2940,1424,filterLoc,,
2940,1427,filterLoc,,
2940,1430,filterLoc,,
2940,1433,filterLoc,,
2940,1436,filterLoc,,
2940,1439,filterLoc,,
2940,1442,filterLoc,,
2940,1445,filterLoc,,
2940,1448,filterLoc,,
2940,1451,filterLoc,,
2940,1454,filterLoc,,
2940,1457,filterLoc,,
2940,1460,filterLoc,,
2940,1463,filterLoc,,
2940,1466,filterLoc,,
2940,1469,filterLoc,,
2940,1472,filterLoc,,
2940,1475,filterLoc,,
2940,1478,filterLoc,,
2940,1481,filterLoc,,
2940,1484,filterLoc,,
2940,1487,filterLoc,,
2940,1490,filterLoc,,
2940,1493,filterLoc,,
2940,1496,filterLoc,,
2940,1499,filterLoc,,
2940,1502,filterLoc,,
2940,1505,filterLoc,,
2940,1508,filterLoc,,
2940,1511,filterLoc,,
2940,1514,filterLoc,,
2940,1517,filterLoc,,
2940,624,filterLoc,out,Evacuee 49 in triage category G is assigned helicopter 2
2940,624,filterLoc,,
2940,625,evacuee,,Evacuee;49;in triage state;G;is entering helicopter;2
2940,750,filterLoc,out,Evacuee 33 in triage category G is assigned helicopter 2
2940,750,filterLoc,,
2940,751,evacuee,,Evacuee;33;in triage state;G;is entering helicopter;2
2940,759,filterLoc,out,Evacuee 25 in triage category G is assigned helicopter 2
2940,759,filterLoc,,
2940,760,evacuee,,Evacuee;25;in triage state;G;is entering helicopter;2
2940,804,filterLoc,out,Evacuee 29 in triage category G is assigned helicopter 2
2940,804,filterLoc,,
2940,805,evacuee,,Evacuee;29;in triage state;G;is entering helicopter;2
2940,894,filterLoc,out,Evacuee 44 in triage category G is assigned helicopter 2
2940,894,filterLoc,,
2940,895,evacuee,,Evacuee;44;in triage state;G;is entering helicopter;2
2940,954,filterLoc,out,Evacuee 37 in triage category G is assigned helicopter 2
2940,954,filterLoc,,
2940,955,evacuee,,Evacuee;37;in triage state;G;is entering helicopter;2
2940,1029,filterLoc,out,Evacuee 32 in triage category G is assigned helicopter 2
2940,1029,filterLoc,,
2940,1030,evacuee,,Evacuee;32;in triage state;G;is entering helicopter;2
2940,1032,filterLoc,out,Evacuee 34 in triage category G is assigned helicopter 2
2940,1032,filterLoc,,
2940,1033,evacuee,,Evacuee;34;in triage state;G;is entering helicopter;2
2940,1095,filterLoc,out,Evacuee 48 in triage category G is assigned helicopter 2
2940,1095,filterLoc,,
2940,1096,evacuee,,Evacuee;48;in triage state;G;is entering helicopter;2
2940,1156,filterLoc,out,Evacuee 45 in triage category G is assigned helicopter 2
2940,1156,filterLoc,,
2940,1157,evacuee,,Evacuee;45;in triage state;G;is entering helicopter;2
2940,103,filterEvac,,
2940,625,evacuee,outHelo,Evacuee 49 in triage category G is assigned helicopter 2
2940,625,evacuee,,Evacuee;49;in triage state;G;is in helicopter;2
2940,751,evacuee,outHelo,Evacuee 33 in triage category G is assigned helicopter 2
2940,751,evacuee,,Evacuee;33;in triage state;G;is in helicopter;2
2940,760,evacuee,outHelo,Evacuee 25 in triage category G is assigned helicopter 2
2940,760,evacuee,,Evacuee;25;in triage state;G;is in helicopter;2
2940,805,evacuee,outHelo,Evacuee 29 in triage category G is assigned helicopter 2
2940,805,evacuee,,Evacuee;29;in triage state;G;is in helicopter;2
2940,895,evacuee,outHelo,Evacuee 44 in triage category G is assigned helicopter 2
2940,895,evacuee,,Evacuee;44;in triage state;G;is in helicopter;2
2940,955,evacuee,outHelo,Evacuee 37 in triage category G is assigned helicopter 2
2940,955,evacuee,,Evacuee;37;in triage state;G;is in helicopter;2
2940,1030,evacuee,outHelo,Evacuee 32 in triage category G is assigned helicopter 2
2940,1030,evacuee,,Evacuee;32;in triage state;G;is in helicopter;2
2940,1033,evacuee,outHelo,Evacuee 34 in triage category G is assigned helicopter 2
2940,1033,evacuee,,Evacuee;34;in triage state;G;is in helicopter;2
2940,1096,evacuee,outHelo,Evacuee 48 in triage category G is assigned helicopter 2
2940,1096,evacuee,,Evacuee;48;in triage state;G;is in helicopter;2
2940,1119,filterEvac,,;Evacuee;25;in triage category;G;is entering helicopter;2;Evacuee;29;in triage category;G;is entering helicopter;2;Evacuee;32;in triage category;G;is entering helicopter;2;Evacuee;33;in triage category;G;is entering helicopter;2;Evacuee;34;in triage category;G;is entering helicopter;2;Evacuee;37;in triage category;G;is entering helicopter;2;Evacuee;44;in triage category;G;is entering helicopter;2;Evacuee;45;in triage category;G;is entering helicopter;2;Evacuee;48;in triage category;G;is entering helicopter;2;Evacuee;49;in triage category;G;is entering helicopter;2
2940,1157,evacuee,outHelo,Evacuee 45 in triage category G is assigned helicopter 2
2940,1157,evacuee,,Evacuee;45;in triage state;G;is in helicopter;2
2940,1159,filterEvac,,
2940,1119,filterEvac,out,Evacuee 25 in triage category G is assigned helicopter 2
2940,1119,filterEvac,out,Evacuee 29 in triage category G is assigned helicopter 2
2940,1119,filterEvac,out,Evacuee 32 in triage category G is assigned helicopter 2
2940,1119,filterEvac,out,Evacuee 33 in triage category G is assigned helicopter 2
2940,1119,filterEvac,out,Evacuee 34 in triage category G is assigned helicopter 2
2940,1119,filterEvac,out,Evacuee 37 in triage category G is assigned helicopter 2
2940,1119,filterEvac,out,Evacuee 44 in triage category G is assigned helicopter 2
2940,1119,filterEvac,out,Evacuee 45 in triage category G is assigned helicopter 2
2940,1119,filterEvac,out,Evacuee 48 in triage category G is assigned helicopter 2
2940,1119,filterEvac,out,Evacuee 49 in triage category G is assigned helicopter 2
2940,1119,filterEvac,,
2940,1121,helicopter,,Helicopter;2;is loading people at the evacuation site;;and has;10;spots taken
2941.43,3,evacueeManager,,OFF SHIP: White;0;Green;160;Yellow;25;Red;3;Black;292;ON SHIP: White;0;Green;0;Yellow;0;Red;0;Evacuees to Transfer;
2941.43,186,evacuee,outES,Evacuee 383 in triage category R is not assigned a helicopter
2941.43,186,evacuee,,Evacuee;383;in triage state;B;is at the evacuation site
2946.46,3,evacueeManager,,OFF SHIP: White;0;Green;159;Yellow;26;Red;3;Black;292;ON SHIP: White;0;Green;0;Yellow;0;Red;0;Evacuees to Transfer;
2946.46,601,evacuee,outES,Evacuee 361 in triage category G is not assigned a helicopter
2946.46,601,evacuee,,Evacuee;361;in triage state;Y;is at the evacuation site
2955,4,helipadManager,outHelo,Helicopter 2 is evacuating people2
2955,4,helipadManager,,;No helos are at ES
2955,104,filterES,,
2955,1120,filterES,,Helicopter;2;is evacuating people
2955,1160,filterES,,
2955,4,helipadManager,outHQ,0
2955,4,helipadManager,,;No helos are at ES
2955,5,helicopterQueue,,;No helos are waiting to land
2955,1120,filterES,out,Helicopter 2 is evacuating people2
2955,1120,filterES,,
2955,1121,helicopter,,Helicopter;2;is loading people at the evacuation site;;and has;10;spots taken
2955,5,helicopterQueue,,;No helos are waiting to land
2955,1121,helicopter,,Helicopter;2;is returning to the FOL;;and has;10;spots taken
2955.45,3,evacueeManager,,OFF SHIP: White;0;Green;159;Yellow;25;Red;4;Black;292;ON SHIP: White;0;Green;0;Yellow;0;Red;0;Evacuees to Transfer;
2955.45,532,evacuee,outES,Evacuee 373 in triage category Y is not assigned a helicopter
2955.45,532,evacuee,,Evacuee;373;in triage state;R;is at the evacuation site
2972.58,3,evacueeManager,,OFF SHIP: White;0;Green;158;Yellow;26;Red;4;Black;292;ON SHIP: White;0;Green;0;Yellow;0;Red;0;Evacuees to Transfer;
2972.58,1151,evacuee,outES,Evacuee 231 in triage category G is not assigned a helicopter
2972.58,1151,evacuee,,Evacuee;231;in triage state;Y;is at the evacuation site
2981.08,3,evacueeManager,,OFF SHIP: White;0;Green;157;Yellow;27;Red;4;Black;292;ON SHIP: White;0;Green;0;Yellow;0;Red;0;Evacuees to Transfer;
2981.08,1500,evacuee,outES,Evacuee 248 in triage category G is not assigned a helicopter
2981.08,1500,evacuee,,Evacuee;248;in triage state;Y;is at the evacuation site
2981.18,3,evacueeManager,,OFF SHIP: White;0;Green;157;Yellow;26;Red;5;Black;292;ON SHIP: White;0;Green;0;Yellow;0;Red;0;Evacuees to Transfer;
2981.18,1009,evacuee,outES,Evacuee 220 in triage category Y is not assigned a helicopter
2981.18,1009,evacuee,,Evacuee;220;in triage state;R;is at the evacuation site
2982.18,3,evacueeManager,,OFF SHIP: White;0;Green;157;Yellow;25;Red;6;Black;292;ON SHIP: White;0;Green;0;Yellow;0;Red;0;Evacuees to Transfer;
2982.18,871,evacuee,outES,Evacuee 54 in triage category Y is not assigned a helicopter
2982.18,871,evacuee,,Evacuee;54;in triage state;R;is at the evacuation site
3000,5,helicopterQueue,,1;Helos are waiting to land;HeloID;3
3000,105,helicopter,outES,Helicopter 3 is evacuating people3
3000,105,helicopter,,Helicopter;3;is waiting to land at the evacuation site;;and has;0;spots taken
3000,4,helipadManager,,;No helos are at ES
3000,5,helicopterQueue,outHM,Helicopter 3 is evacuating people3
3000,5,helicopterQueue,outHelo,Helicopter 3 is evacuating people3
3000,5,helicopterQueue,,;No helos are waiting to land
3000,104,filterES,,Helicopter;3;is evacuating people
3000,1120,filterES,,
3000,1160,filterES,,
3000,3,evacueeManager,,OFF SHIP: White;0;Green;147;Yellow;25;Red;6;Black;292;ON SHIP: White;0;Green;0;Yellow;0;Red;0;Evacuees to Transfer;;EvacueeID;50;HeloID;3;OnShip;0;Triage Status;G;EvacueeID;55;HeloID;3;OnShip;0;Triage Status;G;EvacueeID;58;HeloID;3;OnShip;0;Triage Status;G;EvacueeID;60;HeloID;3;OnShip;0;Triage Status;G;EvacueeID;65;HeloID;3;OnShip;0;Triage Status;G;EvacueeID;67;HeloID;3;OnShip;0;Triage Status;G;EvacueeID;71;HeloID;3;OnShip;0;Triage Status;G;EvacueeID;74;HeloID;3;OnShip;0;Triage Status;G;EvacueeID;75;HeloID;3;OnShip;0;Triage Status;G;EvacueeID;76;HeloID;3;OnShip;0;Triage Status;G
3000,4,helipadManager,outEM,Helicopter 3 is evacuating people3
3000,4,helipadManager,,Helo;3;is at the ES
3000,104,filterES,out,Helicopter 3 is evacuating people3
3000,104,filterES,,
3000,105,helicopter,,Helicopter;3;is waiting to land at the evacuation site;;and has;0;spots taken
3000,3,evacueeManager,outEvac,Evacuee 50 in triage category G is assigned helicopter 3
3000,3,evacueeManager,outEvac,Evacuee 55 in triage category G is assigned helicopter 3
3000,3,evacueeManager,outEvac,Evacuee 58 in triage category G is assigned helicopter 3
3000,3,evacueeManager,outEvac,Evacuee 60 in triage category G is assigned helicopter 3
3000,3,evacueeManager,outEvac,Evacuee 65 in triage category G is assigned helicopter 3
3000,3,evacueeManager,outEvac,Evacuee 67 in triage category G is assigned helicopter 3
3000,3,evacueeManager,outEvac,Evacuee 71 in triage category G is assigned helicopter 3
3000,3,evacueeManager,outEvac,Evacuee 74 in triage category G is assigned helicopter 3
3000,3,evacueeManager,outEvac,Evacuee 75 in triage category G is assigned helicopter 3
3000,3,evacueeManager,outEvac,Evacuee 76 in triage category G is assigned helicopter 3
3000,3,evacueeManager,,OFF SHIP: White;0;Green;147;Yellow;25;Red;6;Black;292;ON SHIP: White;0;Green;0;Yellow;0;Red;0;Evacuees to Transfer;
3000,7,filterLoc,,
3000,10,filterLoc,,
3000,13,filterLoc,,
3000,16,filterLoc,,
3000,19,filterLoc,,
3000,22,filterLoc,,
3000,25,filterLoc,,
3000,28,filterLoc,,
3000,31,filterLoc,,
3000,34,filterLoc,,
3000,37,filterLoc,,
3000,40,filterLoc,,
3000,43,filterLoc,,
3000,46,filterLoc,,
3000,49,filterLoc,,
3000,52,filterLoc,,
3000,55,filterLoc,,
3000,58,filterLoc,,
3000,61,filterLoc,,
3000,64,filterLoc,,
3000,67,filterLoc,,
3000,70,filterLoc,,
3000,73,filterLoc,,
3000,76,filterLoc,,
3000,79,filterLoc,,
3000,82,filterLoc,,
3000,85,filterLoc,,
3000,88,filterLoc,,
3000,91,filterLoc,,
3000,94,filterLoc,,
3000,97,filterLoc,,
3000,100,filterLoc,,
3000,105,helicopter,,Helicopter;3;is loading people at the evacuation site;;and has;0;spots taken
3000,107,filterLoc,,
3000,110,filterLoc,,
3000,113,filterLoc,,
3000,116,filterLoc,,
3000,119,filterLoc,,
3000,122,filterLoc,,
3000,125,filterLoc,,
3000,128,filterLoc,,
3000,131,filterLoc,,
3000,134,filterLoc,,
3000,137,filterLoc,,
3000,140,filterLoc,,
3000,143,filterLoc,,
3000,146,filterLoc,,
3000,149,filterLoc,,
3000,152,filterLoc,,
3000,155,filterLoc,,
3000,158,filterLoc,,
3000,161,filterLoc,,
3000,164,filterLoc,,
3000,167,filterLoc,,
3000,170,filterLoc,,
3000,173,filterLoc,,
3000,176,filterLoc,,
3000,179,filterLoc,,
3000,182,filterLoc,,
3000,185,filterLoc,,
3000,188,filterLoc,,
3000,191,filterLoc,,
3000,194,filterLoc,,
3000,197,filterLoc,,
3000,200,filterLoc,,
3000,203,filterLoc,,
3000,206,filterLoc,,
3000,209,filterLoc,,
3000,212,filterLoc,,
3000,215,filterLoc,,
3000,218,filterLoc,,
3000,221,filterLoc,,
3000,225,filterLoc,,
3000,228,filterLoc,,
3000,231,filterLoc,,
3000,234,filterLoc,,
3000,237,filterLoc,,
3000,240,filterLoc,,
3000,243,filterLoc,,
3000,246,filterLoc,,
3000,249,filterLoc,,
3000,252,filterLoc,,
3000,255,filterLoc,,
3000,258,filterLoc,,
3000,261,filterLoc,,
3000,264,filterLoc,,
3000,267,filterLoc,,
3000,270,filterLoc,,
3000,273,filterLoc,,
3000,276,filterLoc,,
3000,279,filterLoc,,
3000,282,filterLoc,,
3000,285,filterLoc,,
3000,288,filterLoc,,
3000,291,filterLoc,,
3000,294,filterLoc,,
3000,297,filterLoc,,
3000,300,filterLoc,,
3000,303,filterLoc,,
3000,306,filterLoc,,
3000,309,filterLoc,,
3000,312,filterLoc,,
3000,315,filterLoc,,
3000,318,filterLoc,,
3000,321,filterLoc,,
3000,324,filterLoc,,
3000,327,filterLoc,,
3000,330,filterLoc,,
3000,333,filterLoc,,
3000,336,filterLoc,,
3000,339,filterLoc,,
3000,342,filterLoc,,
3000,345,filterLoc,,
3000,348,filterLoc,,
3000,351,filterLoc,,
3000,354,filterLoc,,
3000,357,filterLoc,,
3000,360,filterLoc,,
3000,363,filterLoc,,
3000,366,filterLoc,,
3000,369,filterLoc,,
3000,372,filterLoc,,
3000,375,filterLoc,,
3000,378,filterLoc,,
3000,381,filterLoc,,
3000,384,filterLoc,,
3000,387,filterLoc,,
3000,390,filterLoc,,
3000,393,filterLoc,,
3000,396,filterLoc,,
3000,399,filterLoc,,
3000,402,filterLoc,,
3000,405,filterLoc,,
3000,408,filterLoc,,
3000,411,filterLoc,,
3000,414,filterLoc,,
3000,417,filterLoc,,
3000,420,filterLoc,,
3000,423,filterLoc,,
3000,426,filterLoc,,
3000,429,filterLoc,,
3000,432,filterLoc,,
3000,435,filterLoc,,
3000,438,filterLoc,,
3000,441,filterLoc,,
3000,444,filterLoc,,
3000,447,filterLoc,,
3000,450,filterLoc,,
3000,453,filterLoc,,
3000,456,filterLoc,,
3000,459,filterLoc,,
3000,462,filterLoc,,
3000,465,filterLoc,,
3000,468,filterLoc,,
3000,471,filterLoc,,
3000,474,filterLoc,,
3000,477,filterLoc,,
3000,480,filterLoc,,
3000,483,filterLoc,,
3000,486,filterLoc,,
3000,489,filterLoc,,
3000,492,filterLoc,,
3000,495,filterLoc,,
3000,498,filterLoc,,
3000,501,filterLoc,,
3000,504,filterLoc,,
3000,507,filterLoc,,
3000,510,filterLoc,,
3000,513,filterLoc,,
3000,516,filterLoc,,
3000,519,filterLoc,,
3000,522,filterLoc,,
3000,525,filterLoc,,
3000,528,filterLoc,,
3000,531,filterLoc,,
3000,534,filterLoc,,
3000,537,filterLoc,,
3000,540,filterLoc,,
3000,543,filterLoc,,
3000,546,filterLoc,,
3000,549,filterLoc,,
3000,552,filterLoc,,
3000,555,filterLoc,,
3000,558,filterLoc,,
3000,561,filterLoc,,
3000,564,filterLoc,,
3000,567,filterLoc,,
3000,570,filterLoc,,
3000,573,filterLoc,,
3000,576,filterLoc,,
3000,579,filterLoc,,
3000,582,filterLoc,,
3000,585,filterLoc,,
3000,588,filterLoc,,
3000,591,filterLoc,,
3000,594,filterLoc,,
3000,597,filterLoc,,
3000,600,filterLoc,,
3000,603,filterLoc,,
3000,606,filterLoc,,
3000,609,filterLoc,,
3000,612,filterLoc,,
3000,615,filterLoc,,
3000,618,filterLoc,,
3000,621,filterLoc,,
3000,624,filterLoc,,
3000,627,filterLoc,,
3000,630,filterLoc,,
3000,633,filterLoc,,
3000,636,filterLoc,,
3000,639,filterLoc,,
3000,642,filterLoc,,
3000,645,filterLoc,,
3000,648,filterLoc,,
3000,651,filterLoc,,
3000,654,filterLoc,,
3000,657,filterLoc,,
3000,660,filterLoc,,
3000,663,filterLoc,,
3000,666,filterLoc,,
3000,669,filterLoc,,
3000,672,filterLoc,,
3000,675,filterLoc,,
3000,678,filterLoc,,
3000,681,filterLoc,,
3000,684,filterLoc,,;Evacuee;76;in triage category;G;is entering helicopter;3
3000,687,filterLoc,,
3000,690,filterLoc,,;Evacuee;74;in triage category;G;is entering helicopter;3
3000,693,filterLoc,,
3000,696,filterLoc,,
3000,699,filterLoc,,
3000,702,filterLoc,,
3000,705,filterLoc,,
3000,708,filterLoc,,
3000,711,filterLoc,,
3000,714,filterLoc,,
3000,717,filterLoc,,
3000,720,filterLoc,,
3000,723,filterLoc,,
3000,726,filterLoc,,
3000,729,filterLoc,,
3000,732,filterLoc,,
3000,735,filterLoc,,
3000,738,filterLoc,,;Evacuee;65;in triage category;G;is entering helicopter;3
3000,741,filterLoc,,
3000,744,filterLoc,,
3000,747,filterLoc,,
3000,750,filterLoc,,
3000,753,filterLoc,,
3000,756,filterLoc,,
3000,759,filterLoc,,
3000,762,filterLoc,,
3000,765,filterLoc,,
3000,768,filterLoc,,
3000,771,filterLoc,,
3000,774,filterLoc,,
3000,777,filterLoc,,
3000,780,filterLoc,,
3000,783,filterLoc,,
3000,786,filterLoc,,
3000,789,filterLoc,,
3000,792,filterLoc,,
3000,795,filterLoc,,
3000,798,filterLoc,,
3000,801,filterLoc,,
3000,804,filterLoc,,
3000,807,filterLoc,,
3000,810,filterLoc,,
3000,813,filterLoc,,
3000,816,filterLoc,,
3000,819,filterLoc,,;Evacuee;71;in triage category;G;is entering helicopter;3
3000,822,filterLoc,,
3000,825,filterLoc,,
3000,828,filterLoc,,
3000,831,filterLoc,,
3000,834,filterLoc,,
3000,837,filterLoc,,
3000,840,filterLoc,,
3000,843,filterLoc,,
3000,846,filterLoc,,
3000,849,filterLoc,,
3000,852,filterLoc,,
3000,855,filterLoc,,
3000,858,filterLoc,,
3000,861,filterLoc,,
3000,864,filterLoc,,
3000,867,filterLoc,,
3000,870,filterLoc,,
3000,873,filterLoc,,
3000,876,filterLoc,,
3000,879,filterLoc,,
3000,882,filterLoc,,
3000,885,filterLoc,,
3000,888,filterLoc,,
3000,891,filterLoc,,
3000,894,filterLoc,,
3000,897,filterLoc,,
3000,900,filterLoc,,
3000,903,filterLoc,,
3000,906,filterLoc,,
3000,909,filterLoc,,
3000,912,filterLoc,,
3000,915,filterLoc,,
3000,918,filterLoc,,
3000,921,filterLoc,,
3000,924,filterLoc,,
3000,927,filterLoc,,
3000,930,filterLoc,,
3000,933,filterLoc,,
3000,936,filterLoc,,
3000,939,filterLoc,,
3000,942,filterLoc,,
3000,945,filterLoc,,
3000,948,filterLoc,,
3000,951,filterLoc,,;Evacuee;75;in triage category;G;is entering helicopter;3
3000,954,filterLoc,,
3000,957,filterLoc,,
3000,960,filterLoc,,
3000,963,filterLoc,,
3000,966,filterLoc,,
3000,969,filterLoc,,
3000,972,filterLoc,,
3000,975,filterLoc,,
3000,978,filterLoc,,
3000,981,filterLoc,,
3000,984,filterLoc,,
3000,987,filterLoc,,
3000,990,filterLoc,,
3000,993,filterLoc,,
3000,996,filterLoc,,
3000,999,filterLoc,,
3000,1002,filterLoc,,
3000,1005,filterLoc,,
3000,1008,filterLoc,,
3000,1011,filterLoc,,
3000,1014,filterLoc,,
3000,1017,filterLoc,,
3000,1020,filterLoc,,
3000,1023,filterLoc,,
3000,1026,filterLoc,,
3000,1029,filterLoc,,
3000,1032,filterLoc,,
3000,1035,filterLoc,,
3000,1038,filterLoc,,
3000,1041,filterLoc,,
3000,1044,filterLoc,,
3000,1047,filterLoc,,
3000,1050,filterLoc,,
3000,1053,filterLoc,,
3000,1056,filterLoc,,
3000,1059,filterLoc,,
3000,1062,filterLoc,,
3000,1065,filterLoc,,
3000,1068,filterLoc,,
3000,1071,filterLoc,,
3000,1074,filterLoc,,
3000,1077,filterLoc,,
3000,1080,filterLoc,,
3000,1083,filterLoc,,
3000,1086,filterLoc,,
3000,1089,filterLoc,,
3000,1092,filterLoc,,;Evacuee;55;in triage category;G;is entering helicopter;3
3000,1095,filterLoc,,
3000,1098,filterLoc,,
3000,1101,filterLoc,,;Evacuee;50;in triage category;G;is entering helicopter;3
3000,1104,filterLoc,,
3000,1107,filterLoc,,
3000,1110,filterLoc,,
3000,1113,filterLoc,,
3000,1116,filterLoc,,
3000,1123,filterLoc,,
3000,1126,filterLoc,,
3000,1129,filterLoc,,
3000,1132,filterLoc,,
3000,1135,filterLoc,,
3000,1138,filterLoc,,
3000,1141,filterLoc,,
3000,1144,filterLoc,,
3000,1147,filterLoc,,
3000,1150,filterLoc,,
3000,1153,filterLoc,,
3000,1156,filterLoc,,
3000,1163,filterLoc,,
3000,1166,filterLoc,,
3000,1169,filterLoc,,
3000,1172,filterLoc,,;Evacuee;60;in triage category;G;is entering helicopter;3
3000,1175,filterLoc,,
3000,1178,filterLoc,,
3000,1181,filterLoc,,
3000,1184,filterLoc,,
3000,1187,filterLoc,,
3000,1190,filterLoc,,
3000,1193,filterLoc,,
3000,1196,filterLoc,,
3000,1199,filterLoc,,
3000,1202,filterLoc,,
3000,1205,filterLoc,,
3000,1208,filterLoc,,
3000,1211,filterLoc,,
3000,1214,filterLoc,,
3000,1217,filterLoc,,
3000,1220,filterLoc,,
3000,1223,filterLoc,,
3000,1226,filterLoc,,
3000,1229,filterLoc,,
3000,1232,filterLoc,,
3000,1235,filterLoc,,;Evacuee;67;in triage category;G;is entering helicopter;3
3000,1238,filterLoc,,
3000,1241,filterLoc,,
3000,1244,filterLoc,,
3000,1247,filterLoc,,
3000,1250,filterLoc,,
3000,1253,filterLoc,,
3000,1256,filterLoc,,
3000,1259,filterLoc,,
3000,1262,filterLoc,,
3000,1265,filterLoc,,
3000,1268,filterLoc,,
3000,1271,filterLoc,,
3000,1274,filterLoc,,
3000,1277,filterLoc,,
3000,1280,filterLoc,,
3000,1283,filterLoc,,
3000,1286,filterLoc,,
3000,1289,filterLoc,,
3000,1292,filterLoc,,
3000,1295,filterLoc,,
3000,1298,filterLoc,,
3000,1301,filterLoc,,
3000,1304,filterLoc,,
3000,1307,filterLoc,,
3000,1310,filterLoc,,
3000,1313,filterLoc,,;Evacuee;58;in triage category;G;is entering helicopter;3
3000,1316,filterLoc,,
3000,1319,filterLoc,,
3000,1322,filterLoc,,
3000,1325,filterLoc,,
3000,1328,filterLoc,,
3000,1331,filterLoc,,
3000,1334,filterLoc,,
3000,1337,filterLoc,,
3000,1340,filterLoc,,
3000,1343,filterLoc,,
3000,1346,filterLoc,,
3000,1349,filterLoc,,
3000,1352,filterLoc,,
3000,1355,filterLoc,,
3000,1358,filterLoc,,
3000,1361,filterLoc,,
3000,1364,filterLoc,,
3000,1367,filterLoc,,
3000,1370,filterLoc,,
3000,1373,filterLoc,,
3000,1376,filterLoc,,
3000,1379,filterLoc,,
3000,1382,filterLoc,,
3000,1385,filterLoc,,
3000,1388,filterLoc,,
3000,1391,filterLoc,,
3000,1394,filterLoc,,
3000,1397,filterLoc,,
3000,1400,filterLoc,,
3000,1403,filterLoc,,
3000,1406,filterLoc,,
3000,1409,filterLoc,,
3000,1412,filterLoc,,
3000,1415,filterLoc,,
3000,1418,filterLoc,,
3000,1421,filterLoc,,
3000,1424,filterLoc,,
3000,1427,filterLoc,,
3000,1430,filterLoc,,
3000,1433,filterLoc,,
3000,1436,filterLoc,,
3000,1439,filterLoc,,
3000,1442,filterLoc,,
3000,1445,filterLoc,,
3000,1448,filterLoc,,
3000,1451,filterLoc,,
3000,1454,filterLoc,,
3000,1457,filterLoc,,
3000,1460,filterLoc,,
3000,1463,filterLoc,,
3000,1466,filterLoc,,
3000,1469,filterLoc,,
3000,1472,filterLoc,,
3000,1475,filterLoc,,
3000,1478,filterLoc,,
3000,1481,filterLoc,,
3000,1484,filterLoc,,
3000,1487,filterLoc,,
3000,1490,filterLoc,,
3000,1493,filterLoc,,
3000,1496,filterLoc,,
3000,1499,filterLoc,,
3000,1502,filterLoc,,
3000,1505,filterLoc,,
3000,1508,filterLoc,,
3000,1511,filterLoc,,
3000,1514,filterLoc,,
3000,1517,filterLoc,,
3000,684,filterLoc,out,Evacuee 76 in triage category G is assigned helicopter 3
3000,684,filterLoc,,
3000,685,evacuee,,Evacuee;76;in triage state;G;is entering helicopter;3
3000,690,filterLoc,out,Evacuee 74 in triage category G is assigned helicopter 3
3000,690,filterLoc,,
3000,691,evacuee,,Evacuee;74;in triage state;G;is entering helicopter;3
3000,738,filterLoc,out,Evacuee 65 in triage category G is assigned helicopter 3
3000,738,filterLoc,,
3000,739,evacuee,,Evacuee;65;in triage state;G;is entering helicopter;3
3000,819,filterLoc,out,Evacuee 71 in triage category G is assigned helicopter 3
3000,819,filterLoc,,
3000,820,evacuee,,Evacuee;71;in triage state;G;is entering helicopter;3
3000,951,filterLoc,out,Evacuee 75 in triage category G is assigned helicopter 3
3000,951,filterLoc,,
3000,952,evacuee,,Evacuee;75;in triage state;G;is entering helicopter;3
3000,1092,filterLoc,out,Evacuee 55 in triage category G is assigned helicopter 3
3000,1092,filterLoc,,
3000,1093,evacuee,,Evacuee;55;in triage state;G;is entering helicopter;3
3000,1101,filterLoc,out,Evacuee 50 in triage category G is assigned helicopter 3
3000,1101,filterLoc,,
3000,1102,evacuee,,Evacuee;50;in triage state;G;is entering helicopter;3
3000,1172,filterLoc,out,Evacuee 60 in triage category G is assigned helicopter 3
3000,1172,filterLoc,,
3000,1173,evacuee,,Evacuee;60;in triage state;G;is entering helicopter;3
3000,1235,filterLoc,out,Evacuee 67 in triage category G is assigned helicopter 3
3000,1235,filterLoc,,
3000,1236,evacuee,,Evacuee;67;in triage state;G;is entering helicopter;3
3000,1313,filterLoc,out,Evacuee 58 in triage category G is assigned helicopter 3
3000,1313,filterLoc,,
3000,1314,evacuee,,Evacuee;58;in triage state;G;is entering helicopter;3
3000,103,filterEvac,,;Evacuee;50;in triage category;G;is entering helicopter;3;Evacuee;55;in triage category;G;is entering helicopter;3;Evacuee;58;in triage category;G;is entering helicopter;3;Evacuee;60;in triage category;G;is entering helicopter;3;Evacuee;65;in triage category;G;is entering helicopter;3;Evacuee;67;in triage category;G;is entering helicopter;3;Evacuee;71;in triage category;G;is entering helicopter;3;Evacuee;74;in triage category;G;is entering helicopter;3;Evacuee;75;in triage category;G;is entering helicopter;3;Evacuee;76;in triage category;G;is entering helicopter;3
3000,685,evacuee,outHelo,Evacuee 76 in triage category G is assigned helicopter 3
3000,685,evacuee,,Evacuee;76;in triage state;G;is in helicopter;3
3000,691,evacuee,outHelo,Evacuee 74 in triage category G is assigned helicopter 3
3000,691,evacuee,,Evacuee;74;in triage state;G;is in helicopter;3
3000,739,evacuee,outHelo,Evacuee 65 in triage category G is assigned helicopter 3
3000,739,evacuee,,Evacuee;65;in triage state;G;is in helicopter;3
3000,820,evacuee,outHelo,Evacuee 71 in triage category G is assigned helicopter 3
3000,820,evacuee,,Evacuee;71;in triage state;G;is in helicopter;3
3000,952,evacuee,outHelo,Evacuee 75 in triage category G is assigned helicopter 3
3000,952,evacuee,,Evacuee;75;in triage state;G;is in helicopter;3
3000,1093,evacuee,outHelo,Evacuee 55 in triage category G is assigned helicopter 3
3000,1093,evacuee,,Evacuee;55;in triage state;G;is in helicopter;3
3000,1102,evacuee,outHelo,Evacuee 50 in triage category G is assigned helicopter 3
3000,1102,evacuee,,Evacuee;50;in triage state;G;is in helicopter;3
3000,1119,filterEvac,,
3000,1159,filterEvac,,
3000,1173,evacuee,outHelo,Evacuee 60 in triage category G is assigned helicopter 3
3000,1173,evacuee,,Evacuee;60;in triage state;G;is in helicopter;3
3000,1236,evacuee,outHelo,Evacuee 67 in triage category G is assigned helicopter 3
3000,1236,evacuee,,Evacuee;67;in triage state;G;is in helicopter;3
3000,1314,evacuee,outHelo,Evacuee 58 in triage category G is assigned helicopter 3
3000,1314,evacuee,,Evacuee;58;in triage state;G;is in helicopter;3
3000,103,filterEvac,out,Evacuee 50 in triage category G is assigned helicopter 3
3000,103,filterEvac,out,Evacuee 55 in triage category G is assigned helicopter 3
3000,103,filterEvac,out,Evacuee 58 in triage category G is assigned helicopter 3
3000,103,filterEvac,out,Evacuee 60 in triage category G is assigned helicopter 3
3000,103,filterEvac,out,Evacuee 65 in triage category G is assigned helicopter 3
3000,103,filterEvac,out,Evacuee 67 in triage category G is assigned helicopter 3
3000,103,filterEvac,out,Evacuee 71 in triage category G is assigned helicopter 3
3000,103,filterEvac,out,Evacuee 74 in triage category G is assigned helicopter 3
3000,103,filterEvac,out,Evacuee 75 in triage category G is assigned helicopter 3
3000,103,filterEvac,out,Evacuee 76 in triage category G is assigned helicopter 3
3000,103,filterEvac,,
3000,105,helicopter,,Helicopter;3;is loading people at the evacuation site;;and has;10;spots taken
3015,4,helipadManager,outHelo,Helicopter 3 is evacuating people3
3015,4,helipadManager,,;No helos are at ES
3015,104,filterES,,Helicopter;3;is evacuating people
3015,1120,filterES,,
3015,1160,filterES,,
3015,4,helipadManager,outHQ,0
3015,4,helipadManager,,;No helos are at ES
3015,5,helicopterQueue,,;No helos are waiting to land
3015,104,filterES,out,Helicopter 3 is evacuating people3
3015,104,filterES,,
3015,105,helicopter,,Helicopter;3;is loading people at the evacuation site;;and has;10;spots taken
3015,5,helicopterQueue,,;No helos are waiting to land
3015,105,helicopter,,Helicopter;3;is returning to the FOL;;and has;10;spots taken
3017.99,3,evacueeManager,,OFF SHIP: White;0;Green;146;Yellow;26;Red;6;Black;292;ON SHIP: White;0;Green;0;Yellow;0;Red;0;Evacuees to Transfer;
3017.99,670,evacuee,outES,Evacuee 156 in triage category G is not assigned a helicopter
3017.99,670,evacuee,,Evacuee;156;in triage state;Y;is at the evacuation site
3032.79,3,evacueeManager,,OFF SHIP: White;0;Green;146;Yellow;26;Red;5;Black;293;ON SHIP: White;0;Green;0;Yellow;0;Red;0;Evacuees to Transfer;
3032.79,1069,evacuee,outES,Evacuee 91 in triage category R is not assigned a helicopter
3032.79,1069,evacuee,,Evacuee;91;in triage state;B;is at the evacuation site
3032.91,3,evacueeManager,,OFF SHIP: White;0;Green;146;Yellow;25;Red;6;Black;293;ON SHIP: White;0;Green;0;Yellow;0;Red;0;Evacuees to Transfer;
3032.91,664,evacuee,outES,Evacuee 344 in triage category Y is not assigned a helicopter
3032.91,664,evacuee,,Evacuee;344;in triage state;R;is at the evacuation site
3034.05,3,evacueeManager,,OFF SHIP: White;0;Green;146;Yellow;24;Red;7;Black;293;ON SHIP: White;0;Green;0;Yellow;0;Red;0;Evacuees to Transfer;
3034.05,1145,evacuee,outES,Evacuee 208 in triage category Y is not assigned a helicopter
3034.05,1145,evacuee,,Evacuee;208;in triage state;R;is at the evacuation site
3043.41,3,evacueeManager,,OFF SHIP: White;0;Green;146;Yellow;24;Red;6;Black;294;ON SHIP: White;0;Green;0;Yellow;0;Red;0;Evacuees to Transfer;
3043.41,1145,evacuee,outES,Evacuee 208 in triage category R is not assigned a helicopter
3043.41,1145,evacuee,,Evacuee;208;in triage state;B;is at the evacuation site
3044.29,3,evacueeManager,,OFF SHIP: White;0;Green;145;Yellow;25;Red;6;Black;294;ON SHIP: White;0;Green;0;Yellow;0;Red;0;Evacuees to Transfer;
3044.29,943,evacuee,outES,Evacuee 343 in triage category G is not assigned a helicopter
3044.29,943,evacuee,,Evacuee;343;in triage state;Y;is at the evacuation site
3045,7,filterLoc,,
3045,10,filterLoc,,
3045,13,filterLoc,,
3045,16,filterLoc,,
3045,19,filterLoc,,
3045,22,filterLoc,,
3045,25,filterLoc,,
3045,28,filterLoc,,
3045,31,filterLoc,,
3045,34,filterLoc,,
3045,37,filterLoc,,
3045,40,filterLoc,,
3045,43,filterLoc,,
3045,46,filterLoc,,
3045,49,filterLoc,,
3045,52,filterLoc,,
3045,55,filterLoc,,
3045,58,filterLoc,,
3045,61,filterLoc,,
3045,64,filterLoc,,
3045,67,filterLoc,,
3045,70,filterLoc,,
3045,73,filterLoc,,
3045,76,filterLoc,,
3045,79,filterLoc,,
3045,82,filterLoc,,
3045,85,filterLoc,,
3045,88,filterLoc,,
3045,91,filterLoc,,
3045,94,filterLoc,,
3045,97,filterLoc,,
3045,100,filterLoc,,
3045,107,filterLoc,,
3045,110,filterLoc,,
3045,113,filterLoc,,
3045,116,filterLoc,,
3045,119,filterLoc,,
3045,122,filterLoc,,
3045,125,filterLoc,,
3045,128,filterLoc,,
3045,131,filterLoc,,
3045,134,filterLoc,,
3045,137,filterLoc,,
3045,140,filterLoc,,
3045,143,filterLoc,,
3045,146,filterLoc,,
3045,149,filterLoc,,
3045,152,filterLoc,,
3045,155,filterLoc,,
3045,158,filterLoc,,
3045,161,filterLoc,,
3045,164,filterLoc,,
3045,167,filterLoc,,
3045,170,filterLoc,,
3045,173,filterLoc,,
3045,176,filterLoc,,
3045,179,filterLoc,,
3045,182,filterLoc,,
3045,185,filterLoc,,
3045,188,filterLoc,,
3045,191,filterLoc,,
3045,194,filterLoc,,
3045,197,filterLoc,,
3045,200,filterLoc,,
3045,203,filterLoc,,
3045,206,filterLoc,,
3045,209,filterLoc,,
3045,212,filterLoc,,
3045,215,filterLoc,,
3045,218,filterLoc,,
3045,221,filterLoc,,
3045,225,filterLoc,,
3045,228,filterLoc,,
3045,231,filterLoc,,
3045,234,filterLoc,,
3045,237,filterLoc,,
3045,240,filterLoc,,
3045,243,filterLoc,,
3045,246,filterLoc,,
3045,249,filterLoc,,
3045,252,filterLoc,,
3045,255,filterLoc,,
3045,258,filterLoc,,
3045,261,filterLoc,,
3045,264,filterLoc,,
3045,267,filterLoc,,
3045,270,filterLoc,,
3045,273,filterLoc,,
3045,276,filterLoc,,
3045,279,filterLoc,,
3045,282,filterLoc,,
3045,285,filterLoc,,
3045,288,filterLoc,,
3045,291,filterLoc,,
3045,294,filterLoc,,
3045,297,filterLoc,,
3045,300,filterLoc,,
3045,303,filterLoc,,
3045,306,filterLoc,,
3045,309,filterLoc,,
3045,312,filterLoc,,
3045,315,filterLoc,,
3045,318,filterLoc,,
3045,321,filterLoc,,
3045,324,filterLoc,,
3045,327,filterLoc,,
3045,330,filterLoc,,
3045,333,filterLoc,,
3045,336,filterLoc,,
3045,339,filterLoc,,
3045,342,filterLoc,,
3045,345,filterLoc,,
3045,348,filterLoc,,
3045,351,filterLoc,,
3045,354,filterLoc,,
3045,357,filterLoc,,
3045,360,filterLoc,,
3045,363,filterLoc,,
3045,366,filterLoc,,
3045,369,filterLoc,,
3045,372,filterLoc,,
3045,375,filterLoc,,
3045,378,filterLoc,,
3045,381,filterLoc,,
3045,384,filterLoc,,
3045,387,filterLoc,,
3045,390,filterLoc,,
3045,393,filterLoc,,
3045,396,filterLoc,,
3045,399,filterLoc,,
3045,402,filterLoc,,
3045,405,filterLoc,,
3045,408,filterLoc,,
3045,411,filterLoc,,
3045,414,filterLoc,,
3045,417,filterLoc,,
3045,420,filterLoc,,
3045,423,filterLoc,,
3045,426,filterLoc,,
3045,429,filterLoc,,
3045,432,filterLoc,,
3045,435,filterLoc,,
3045,438,filterLoc,,
3045,441,filterLoc,,
3045,444,filterLoc,,
3045,447,filterLoc,,
3045,450,filterLoc,,
3045,453,filterLoc,,
3045,456,filterLoc,,
3045,459,filterLoc,,
3045,462,filterLoc,,
3045,465,filterLoc,,
3045,468,filterLoc,,
3045,471,filterLoc,,
3045,474,filterLoc,,
3045,477,filterLoc,,
3045,480,filterLoc,,
3045,483,filterLoc,,
3045,486,filterLoc,,
3045,489,filterLoc,,
3045,492,filterLoc,,
3045,495,filterLoc,,
3045,498,filterLoc,,
3045,501,filterLoc,,
3045,504,filterLoc,,
3045,507,filterLoc,,
3045,510,filterLoc,,
3045,513,filterLoc,,
3045,516,filterLoc,,
3045,519,filterLoc,,
3045,522,filterLoc,,
3045,525,filterLoc,,
3045,528,filterLoc,,
3045,531,filterLoc,,
3045,534,filterLoc,,
3045,537,filterLoc,,
3045,540,filterLoc,,
3045,543,filterLoc,,
3045,546,filterLoc,,
3045,549,filterLoc,,
3045,552,filterLoc,,
3045,555,filterLoc,,
3045,558,filterLoc,,
3045,561,filterLoc,,
3045,564,filterLoc,,
3045,567,filterLoc,,
3045,570,filterLoc,,
3045,573,filterLoc,,
3045,576,filterLoc,,
3045,579,filterLoc,,
3045,582,filterLoc,,
3045,585,filterLoc,,
3045,588,filterLoc,,
3045,591,filterLoc,,
3045,594,filterLoc,,
3045,597,filterLoc,,
3045,600,filterLoc,,
3045,603,filterLoc,,
3045,606,filterLoc,,
3045,609,filterLoc,,
3045,612,filterLoc,,
3045,615,filterLoc,,
3045,618,filterLoc,,
3045,621,filterLoc,,
3045,624,filterLoc,,
3045,627,filterLoc,,
3045,630,filterLoc,,
3045,633,filterLoc,,
3045,636,filterLoc,,
3045,639,filterLoc,,
3045,642,filterLoc,,
3045,645,filterLoc,,
3045,648,filterLoc,,
3045,651,filterLoc,,
3045,654,filterLoc,,
3045,657,filterLoc,,
3045,660,filterLoc,,
3045,663,filterLoc,,
3045,666,filterLoc,,
3045,669,filterLoc,,
3045,672,filterLoc,,
3045,675,filterLoc,,
3045,678,filterLoc,,
3045,681,filterLoc,,
3045,684,filterLoc,,
3045,687,filterLoc,,
3045,690,filterLoc,,
3045,693,filterLoc,,
3045,696,filterLoc,,
3045,699,filterLoc,,
3045,702,filterLoc,,
3045,705,filterLoc,,
3045,708,filterLoc,,
3045,711,filterLoc,,
3045,714,filterLoc,,
3045,717,filterLoc,,
3045,720,filterLoc,,
3045,723,filterLoc,,
3045,726,filterLoc,,
3045,729,filterLoc,,
3045,732,filterLoc,,
3045,735,filterLoc,,
3045,738,filterLoc,,
3045,741,filterLoc,,;Evacuee;14;in triage category;G;is leaving helicopter;1
3045,744,filterLoc,,
3045,747,filterLoc,,;Evacuee;2;in triage category;G;is leaving helicopter;1
3045,750,filterLoc,,
3045,753,filterLoc,,
3045,756,filterLoc,,;Evacuee;9;in triage category;G;is leaving helicopter;1
3045,759,filterLoc,,
3045,762,filterLoc,,
3045,765,filterLoc,,
3045,768,filterLoc,,
3045,771,filterLoc,,
3045,774,filterLoc,,
3045,777,filterLoc,,
3045,780,filterLoc,,
3045,783,filterLoc,,
3045,786,filterLoc,,
3045,789,filterLoc,,
3045,792,filterLoc,,
3045,795,filterLoc,,
3045,798,filterLoc,,
3045,801,filterLoc,,
3045,804,filterLoc,,
3045,807,filterLoc,,
3045,810,filterLoc,,
3045,813,filterLoc,,
3045,816,filterLoc,,
3045,819,filterLoc,,
3045,822,filterLoc,,
3045,825,filterLoc,,
3045,828,filterLoc,,
3045,831,filterLoc,,
3045,834,filterLoc,,
3045,837,filterLoc,,
3045,840,filterLoc,,
3045,843,filterLoc,,
3045,846,filterLoc,,
3045,849,filterLoc,,
3045,852,filterLoc,,
3045,855,filterLoc,,
3045,858,filterLoc,,
3045,861,filterLoc,,
3045,864,filterLoc,,
3045,867,filterLoc,,
3045,870,filterLoc,,
3045,873,filterLoc,,
3045,876,filterLoc,,;Evacuee;4;in triage category;G;is leaving helicopter;1
3045,879,filterLoc,,;Evacuee;18;in triage category;G;is leaving helicopter;1
3045,882,filterLoc,,
3045,885,filterLoc,,
3045,888,filterLoc,,;Evacuee;22;in triage category;G;is leaving helicopter;1
3045,891,filterLoc,,
3045,894,filterLoc,,
3045,897,filterLoc,,
3045,900,filterLoc,,
3045,903,filterLoc,,
3045,906,filterLoc,,
3045,909,filterLoc,,
3045,912,filterLoc,,
3045,915,filterLoc,,
3045,918,filterLoc,,
3045,921,filterLoc,,
3045,924,filterLoc,,
3045,927,filterLoc,,
3045,930,filterLoc,,
3045,933,filterLoc,,
3045,936,filterLoc,,
3045,939,filterLoc,,
3045,942,filterLoc,,
3045,945,filterLoc,,
3045,948,filterLoc,,
3045,951,filterLoc,,
3045,954,filterLoc,,
3045,957,filterLoc,,
3045,960,filterLoc,,
3045,963,filterLoc,,
3045,966,filterLoc,,
3045,969,filterLoc,,
3045,972,filterLoc,,
3045,975,filterLoc,,
3045,978,filterLoc,,
3045,981,filterLoc,,
3045,984,filterLoc,,
3045,987,filterLoc,,
3045,990,filterLoc,,
3045,993,filterLoc,,
3045,996,filterLoc,,
3045,999,filterLoc,,
3045,1002,filterLoc,,
3045,1005,filterLoc,,
3045,1008,filterLoc,,
3045,1011,filterLoc,,
3045,1014,filterLoc,,;Evacuee;23;in triage category;G;is leaving helicopter;1
3045,1017,filterLoc,,
3045,1020,filterLoc,,
3045,1023,filterLoc,,;Evacuee;13;in triage category;G;is leaving helicopter;1
3045,1026,filterLoc,,;Evacuee;24;in triage category;G;is leaving helicopter;1
3045,1029,filterLoc,,
3045,1032,filterLoc,,
3045,1035,filterLoc,,
3045,1038,filterLoc,,
3045,1041,filterLoc,,
3045,1044,filterLoc,,
3045,1047,filterLoc,,
3045,1050,filterLoc,,
3045,1053,filterLoc,,
3045,1056,filterLoc,,
3045,1059,filterLoc,,
3045,1062,filterLoc,,
3045,1065,filterLoc,,
3045,1068,filterLoc,,
3045,1071,filterLoc,,
3045,1074,filterLoc,,
3045,1077,filterLoc,,
3045,1080,filterLoc,,
3045,1083,filterLoc,,
3045,1086,filterLoc,,
3045,1089,filterLoc,,
3045,1092,filterLoc,,
3045,1095,filterLoc,,
3045,1098,filterLoc,,
3045,1101,filterLoc,,
3045,1104,filterLoc,,
3045,1107,filterLoc,,
3045,1110,filterLoc,,
3045,1113,filterLoc,,
3045,1116,filterLoc,,
3045,1123,filterLoc,,
3045,1126,filterLoc,,
3045,1129,filterLoc,,
3045,1132,filterLoc,,
3045,1135,filterLoc,,
3045,1138,filterLoc,,
3045,1141,filterLoc,,
3045,1144,filterLoc,,
3045,1147,filterLoc,,
3045,1150,filterLoc,,
3045,1153,filterLoc,,
3045,1156,filterLoc,,
3045,1161,helicopter,outEvac,Evacuee 2 in triage category G is not assigned a helicopter
3045,1161,helicopter,outEvac,Evacuee 4 in triage category G is not assigned a helicopter
3045,1161,helicopter,outEvac,Evacuee 9 in triage category G is not assigned a helicopter
3045,1161,helicopter,outEvac,Evacuee 11 in triage category G is not assigned a helicopter
3045,1161,helicopter,outEvac,Evacuee 13 in triage category G is not assigned a helicopter
3045,1161,helicopter,outEvac,Evacuee 14 in triage category G is not assigned a helicopter
3045,1161,helicopter,outEvac,Evacuee 18 in triage category G is not assigned a helicopter
3045,1161,helicopter,outEvac,Evacuee 22 in triage category G is not assigned a helicopter
3045,1161,helicopter,outEvac,Evacuee 23 in triage category G is not assigned a helicopter
3045,1161,helicopter,outEvac,Evacuee 24 in triage category G is not assigned a helicopter
3045,1161,helicopter,,Helicopter;1;is unloading people at the FOL;;and has;0;spots taken
3045,1163,filterLoc,,
3045,1166,filterLoc,,
3045,1169,filterLoc,,
3045,1172,filterLoc,,
3045,1175,filterLoc,,
3045,1178,filterLoc,,
3045,1181,filterLoc,,
3045,1184,filterLoc,,
3045,1187,filterLoc,,
3045,1190,filterLoc,,
3045,1193,filterLoc,,
3045,1196,filterLoc,,
3045,1199,filterLoc,,
3045,1202,filterLoc,,
3045,1205,filterLoc,,
3045,1208,filterLoc,,
3045,1211,filterLoc,,
3045,1214,filterLoc,,
3045,1217,filterLoc,,
3045,1220,filterLoc,,
3045,1223,filterLoc,,
3045,1226,filterLoc,,
3045,1229,filterLoc,,
3045,1232,filterLoc,,
3045,1235,filterLoc,,
3045,1238,filterLoc,,
3045,1241,filterLoc,,
3045,1244,filterLoc,,
3045,1247,filterLoc,,
3045,1250,filterLoc,,
3045,1253,filterLoc,,
3045,1256,filterLoc,,
3045,1259,filterLoc,,
3045,1262,filterLoc,,
3045,1265,filterLoc,,
3045,1268,filterLoc,,
3045,1271,filterLoc,,
3045,1274,filterLoc,,
3045,1277,filterLoc,,
3045,1280,filterLoc,,
3045,1283,filterLoc,,
3045,1286,filterLoc,,
3045,1289,filterLoc,,
3045,1292,filterLoc,,
3045,1295,filterLoc,,
3045,1298,filterLoc,,
3045,1301,filterLoc,,
3045,1304,filterLoc,,
3045,1307,filterLoc,,
3045,1310,filterLoc,,
3045,1313,filterLoc,,
3045,1316,filterLoc,,
3045,1319,filterLoc,,
3045,1322,filterLoc,,
3045,1325,filterLoc,,
3045,1328,filterLoc,,
3045,1331,filterLoc,,
3045,1334,filterLoc,,
3045,1337,filterLoc,,
3045,1340,filterLoc,,
3045,1343,filterLoc,,
3045,1346,filterLoc,,
3045,1349,filterLoc,,
3045,1352,filterLoc,,
3045,1355,filterLoc,,
3045,1358,filterLoc,,
3045,1361,filterLoc,,
3045,1364,filterLoc,,
3045,1367,filterLoc,,
3045,1370,filterLoc,,
3045,1373,filterLoc,,
3045,1376,filterLoc,,
3045,1379,filterLoc,,;Evacuee;11;in triage category;G;is leaving helicopter;1
3045,1382,filterLoc,,
3045,1385,filterLoc,,
3045,1388,filterLoc,,
3045,1391,filterLoc,,
3045,1394,filterLoc,,
3045,1397,filterLoc,,
3045,1400,filterLoc,,
3045,1403,filterLoc,,
3045,1406,filterLoc,,
3045,1409,filterLoc,,
3045,1412,filterLoc,,
3045,1415,filterLoc,,
3045,1418,filterLoc,,
3045,1421,filterLoc,,
3045,1424,filterLoc,,
3045,1427,filterLoc,,
3045,1430,filterLoc,,
3045,1433,filterLoc,,
3045,1436,filterLoc,,
3045,1439,filterLoc,,
3045,1442,filterLoc,,
3045,1445,filterLoc,,
3045,1448,filterLoc,,
3045,1451,filterLoc,,
3045,1454,filterLoc,,
3045,1457,filterLoc,,
3045,1460,filterLoc,,
3045,1463,filterLoc,,
3045,1466,filterLoc,,
3045,1469,filterLoc,,
3045,1472,filterLoc,,
3045,1475,filterLoc,,
3045,1478,filterLoc,,
3045,1481,filterLoc,,
3045,1484,filterLoc,,
3045,1487,filterLoc,,
3045,1490,filterLoc,,
3045,1493,filterLoc,,
3045,1496,filterLoc,,
3045,1499,filterLoc,,
3045,1502,filterLoc,,
3045,1505,filterLoc,,
3045,1508,filterLoc,,
3045,1511,filterLoc,,
3045,1514,filterLoc,,
3045,1517,filterLoc,,
3045,741,filterLoc,out,Evacuee 14 in triage category G is not assigned a helicopter
3045,741,filterLoc,,
3045,742,evacuee,,Evacuee;14;in triage state;G;is entering the FOL
3045,747,filterLoc,out,Evacuee 2 in triage category G is not assigned a helicopter
3045,747,filterLoc,,
3045,748,evacuee,,Evacuee;2;in triage state;G;is entering the FOL
3045,756,filterLoc,out,Evacuee 9 in triage category G is not assigned a helicopter
3045,756,filterLoc,,
3045,757,evacuee,,Evacuee;9;in triage state;G;is entering the FOL
3045,876,filterLoc,out,Evacuee 4 in triage category G is not assigned a helicopter
3045,876,filterLoc,,
3045,877,evacuee,,Evacuee;4;in triage state;G;is entering the FOL
3045,879,filterLoc,out,Evacuee 18 in triage category G is not assigned a helicopter
3045,879,filterLoc,,
3045,880,evacuee,,Evacuee;18;in triage state;G;is entering the FOL
3045,888,filterLoc,out,Evacuee 22 in triage category G is not assigned a helicopter
3045,888,filterLoc,,
3045,889,evacuee,,Evacuee;22;in triage state;G;is entering the FOL
3045,1014,filterLoc,out,Evacuee 23 in triage category G is not assigned a helicopter
3045,1014,filterLoc,,
3045,1015,evacuee,,Evacuee;23;in triage state;G;is entering the FOL
3045,1023,filterLoc,out,Evacuee 13 in triage category G is not assigned a helicopter
3045,1023,filterLoc,,
3045,1024,evacuee,,Evacuee;13;in triage state;G;is entering the FOL
3045,1026,filterLoc,out,Evacuee 24 in triage category G is not assigned a helicopter
3045,1026,filterLoc,,
3045,1027,evacuee,,Evacuee;24;in triage state;G;is entering the FOL
3045,1379,filterLoc,out,Evacuee 11 in triage category G is not assigned a helicopter
3045,1379,filterLoc,,
3045,1380,evacuee,,Evacuee;11;in triage state;G;is entering the FOL
3045,223,FOL,,;EvacueeID;2;Triage Status;G;EvacueeID;4;Triage Status;G;EvacueeID;9;Triage Status;G;EvacueeID;11;Triage Status;G;EvacueeID;13;Triage Status;G;EvacueeID;14;Triage Status;G;EvacueeID;18;Triage Status;G;EvacueeID;22;Triage Status;G;EvacueeID;23;Triage Status;G;EvacueeID;24;Triage Status;G;Lives Saved;10
3045,742,evacuee,outFOL,Evacuee 14 in triage category G is not assigned a helicopter
3045,742,evacuee,,Evacuee;14;in triage state;G;is at the FOL
3045,748,evacuee,outFOL,Evacuee 2 in triage category G is not assigned a helicopter
3045,748,evacuee,,Evacuee;2;in triage state;G;is at the FOL
3045,757,evacuee,outFOL,Evacuee 9 in triage category G is not assigned a helicopter
3045,757,evacuee,,Evacuee;9;in triage state;G;is at the FOL
3045,877,evacuee,outFOL,Evacuee 4 in triage category G is not assigned a helicopter
3045,877,evacuee,,Evacuee;4;in triage state;G;is at the FOL
3045,880,evacuee,outFOL,Evacuee 18 in triage category G is not assigned a helicopter
3045,880,evacuee,,Evacuee;18;in triage state;G;is at the FOL
3045,889,evacuee,outFOL,Evacuee 22 in triage category G is not assigned a helicopter
3045,889,evacuee,,Evacuee;22;in triage state;G;is at the FOL
3045,1015,evacuee,outFOL,Evacuee 23 in triage category G is not assigned a helicopter
3045,1015,evacuee,,Evacuee;23;in triage state;G;is at the FOL
3045,1024,evacuee,outFOL,Evacuee 13 in triage category G is not assigned a helicopter
3045,1024,evacuee,,Evacuee;13;in triage state;G;is at the FOL
3045,1027,evacuee,outFOL,Evacuee 24 in triage category G is not assigned a helicopter
3045,1027,evacuee,,Evacuee;24;in triage state;G;is at the FOL
3045,1380,evacuee,outFOL,Evacuee 11 in triage category G is not assigned a helicopter
3045,1380,evacuee,,Evacuee;11;in triage state;G;is at the FOL
3045,223,FOL,,;EvacueeID;2;Triage Status;G;EvacueeID;4;Triage Status;G;EvacueeID;9;Triage Status;G;EvacueeID;11;Triage Status;G;EvacueeID;13;Triage Status;G;EvacueeID;14;Triage Status;G;EvacueeID;18;Triage Status;G;EvacueeID;22;Triage Status;G;EvacueeID;23;Triage Status;G;EvacueeID;24;Triage Status;G;Lives Saved;10
3046.51,3,evacueeManager,,OFF SHIP: White;0;Green;145;Yellow;24;Red;7;Black;294;ON SHIP: White;0;Green;0;Yellow;0;Red;0;Evacuees to Transfer;
3046.51,1428,evacuee,outES,Evacuee 216 in triage category Y is not assigned a helicopter
3046.51,1428,evacuee,,Evacuee;216;in triage state;R;is at the evacuation site
3060,1161,helicopter,,Helicopter;1;Is going to the evacuation site;;and has;0;spots taken
3061.34,3,evacueeManager,,OFF SHIP: White;0;Green;145;Yellow;24;Red;6;Black;295;ON SHIP: White;0;Green;0;Yellow;0;Red;0;Evacuees to Transfer;
3061.34,871,evacuee,outES,Evacuee 54 in triage category R is not assigned a helicopter
3061.34,871,evacuee,,Evacuee;54;in triage state;B;is at the evacuation site
3063.66,3,evacueeManager,,OFF SHIP: White;0;Green;144;Yellow;25;Red;6;Black;295;ON SHIP: White;0;Green;0;Yellow;0;Red;0;Evacuees to Transfer;
3063.66,44,evacuee,outES,Evacuee 476 in triage category G is not assigned a helicopter
3063.66,44,evacuee,,Evacuee;476;in triage state;Y;is at the evacuation site
3068.23,3,evacueeManager,,OFF SHIP: White;0;Green;144;Yellow;24;Red;7;Black;295;ON SHIP: White;0;Green;0;Yellow;0;Red;0;Evacuees to Transfer;
3068.23,44,evacuee,outES,Evacuee 476 in triage category Y is not assigned a helicopter
3068.23,44,evacuee,,Evacuee;476;in triage state;R;is at the evacuation site
3068.32,3,evacueeManager,,OFF SHIP: White;0;Green;144;Yellow;23;Red;8;Black;295;ON SHIP: White;0;Green;0;Yellow;0;Red;0;Evacuees to Transfer;
3068.32,129,evacuee,outES,Evacuee 414 in triage category Y is not assigned a helicopter
3068.32,129,evacuee,,Evacuee;414;in triage state;R;is at the evacuation site
3068.71,3,evacueeManager,,OFF SHIP: White;0;Green;144;Yellow;23;Red;7;Black;296;ON SHIP: White;0;Green;0;Yellow;0;Red;0;Evacuees to Transfer;
3068.71,44,evacuee,outES,Evacuee 476 in triage category R is not assigned a helicopter
3068.71,44,evacuee,,Evacuee;476;in triage state;B;is at the evacuation site
3073.65,3,evacueeManager,,OFF SHIP: White;0;Green;144;Yellow;23;Red;6;Black;297;ON SHIP: White;0;Green;0;Yellow;0;Red;0;Evacuees to Transfer;
3073.65,1428,evacuee,outES,Evacuee 216 in triage category R is not assigned a helicopter
3073.65,1428,evacuee,,Evacuee;216;in triage state;B;is at the evacuation site
3075.84,3,evacueeManager,,OFF SHIP: White;0;Green;144;Yellow;23;Red;5;Black;298;ON SHIP: White;0;Green;0;Yellow;0;Red;0;Evacuees to Transfer;
3075.84,129,evacuee,outES,Evacuee 414 in triage category R is not assigned a helicopter
3075.84,129,evacuee,,Evacuee;414;in triage state;B;is at the evacuation site
3077.6,3,evacueeManager,,OFF SHIP: White;0;Green;144;Yellow;22;Red;6;Black;298;ON SHIP: White;0;Green;0;Yellow;0;Red;0;Evacuees to Transfer;
3077.6,355,evacuee,outES,Evacuee 295 in triage category Y is not assigned a helicopter
3077.6,355,evacuee,,Evacuee;295;in triage state;R;is at the evacuation site
3079.15,3,evacueeManager,,OFF SHIP: White;0;Green;143;Yellow;23;Red;6;Black;298;ON SHIP: White;0;Green;0;Yellow;0;Red;0;Evacuees to Transfer;
3079.15,1293,evacuee,outES,Evacuee 230 in triage category G is not assigned a helicopter
3079.15,1293,evacuee,,Evacuee;230;in triage state;Y;is at the evacuation site
3080.89,3,evacueeManager,,OFF SHIP: White;0;Green;143;Yellow;23;Red;5;Black;299;ON SHIP: White;0;Green;0;Yellow;0;Red;0;Evacuees to Transfer;
3080.89,532,evacuee,outES,Evacuee 373 in triage category R is not assigned a helicopter
3080.89,532,evacuee,,Evacuee;373;in triage state;B;is at the evacuation site
3080.92,3,evacueeManager,,OFF SHIP: White;0;Green;142;Yellow;24;Red;5;Black;299;ON SHIP: White;0;Green;0;Yellow;0;Red;0;Evacuees to Transfer;
3080.92,1362,evacuee,outES,Evacuee 399 in triage category G is not assigned a helicopter
3080.92,1362,evacuee,,Evacuee;399;in triage state;Y;is at the evacuation site
3084.5,3,evacueeManager,,OFF SHIP: White;0;Green;142;Yellow;23;Red;6;Black;299;ON SHIP: White;0;Green;0;Yellow;0;Red;0;Evacuees to Transfer;
3084.5,934,evacuee,outES,Evacuee 38 in triage category Y is not assigned a helicopter
3084.5,934,evacuee,,Evacuee;38;in triage state;R;is at the evacuation site
3088.69,3,evacueeManager,,OFF SHIP: White;0;Green;142;Yellow;23;Red;5;Black;300;ON SHIP: White;0;Green;0;Yellow;0;Red;0;Evacuees to Transfer;
3088.69,664,evacuee,outES,Evacuee 344 in triage category R is not assigned a helicopter
3088.69,664,evacuee,,Evacuee;344;in triage state;B;is at the evacuation site
3089.26,3,evacueeManager,,OFF SHIP: White;0;Green;141;Yellow;24;Red;5;Black;300;ON SHIP: White;0;Green;0;Yellow;0;Red;0;Evacuees to Transfer;
3089.26,1431,evacuee,outES,Evacuee 219 in triage category G is not assigned a helicopter
3089.26,1431,evacuee,,Evacuee;219;in triage state;Y;is at the evacuation site
3094.89,3,evacueeManager,,OFF SHIP: White;0;Green;140;Yellow;25;Red;5;Black;300;ON SHIP: White;0;Green;0;Yellow;0;Red;0;Evacuees to Transfer;
3094.89,874,evacuee,outES,Evacuee 368 in triage category G is not assigned a helicopter
3094.89,874,evacuee,,Evacuee;368;in triage state;Y;is at the evacuation site
3098.76,3,evacueeManager,,OFF SHIP: White;0;Green;140;Yellow;24;Red;6;Black;300;ON SHIP: White;0;Green;0;Yellow;0;Red;0;Evacuees to Transfer;
3098.76,601,evacuee,outES,Evacuee 361 in triage category Y is not assigned a helicopter
3098.76,601,evacuee,,Evacuee;361;in triage state;R;is at the evacuation site
3105,7,filterLoc,,
3105,10,filterLoc,,
3105,13,filterLoc,,
3105,16,filterLoc,,
3105,19,filterLoc,,
3105,22,filterLoc,,
3105,25,filterLoc,,
3105,28,filterLoc,,
3105,31,filterLoc,,
3105,34,filterLoc,,
3105,37,filterLoc,,
3105,40,filterLoc,,
3105,43,filterLoc,,
3105,46,filterLoc,,
3105,49,filterLoc,,
3105,52,filterLoc,,
3105,55,filterLoc,,
3105,58,filterLoc,,
3105,61,filterLoc,,
3105,64,filterLoc,,
3105,67,filterLoc,,
3105,70,filterLoc,,
3105,73,filterLoc,,
3105,76,filterLoc,,
3105,79,filterLoc,,
3105,82,filterLoc,,
3105,85,filterLoc,,
3105,88,filterLoc,,
3105,91,filterLoc,,
3105,94,filterLoc,,
3105,97,filterLoc,,
3105,100,filterLoc,,
3105,107,filterLoc,,
3105,110,filterLoc,,
3105,113,filterLoc,,
3105,116,filterLoc,,
3105,119,filterLoc,,
3105,122,filterLoc,,
3105,125,filterLoc,,
3105,128,filterLoc,,
3105,131,filterLoc,,
3105,134,filterLoc,,
3105,137,filterLoc,,
3105,140,filterLoc,,
3105,143,filterLoc,,
3105,146,filterLoc,,
3105,149,filterLoc,,
3105,152,filterLoc,,
3105,155,filterLoc,,
3105,158,filterLoc,,
3105,161,filterLoc,,
3105,164,filterLoc,,
3105,167,filterLoc,,
3105,170,filterLoc,,
3105,173,filterLoc,,
3105,176,filterLoc,,
3105,179,filterLoc,,
3105,182,filterLoc,,
3105,185,filterLoc,,
3105,188,filterLoc,,
3105,191,filterLoc,,
3105,194,filterLoc,,
3105,197,filterLoc,,
3105,200,filterLoc,,
3105,203,filterLoc,,
3105,206,filterLoc,,
3105,209,filterLoc,,
3105,212,filterLoc,,
3105,215,filterLoc,,
3105,218,filterLoc,,
3105,221,filterLoc,,
3105,225,filterLoc,,
3105,228,filterLoc,,
3105,231,filterLoc,,
3105,234,filterLoc,,
3105,237,filterLoc,,
3105,240,filterLoc,,
3105,243,filterLoc,,
3105,246,filterLoc,,
3105,249,filterLoc,,
3105,252,filterLoc,,
3105,255,filterLoc,,
3105,258,filterLoc,,
3105,261,filterLoc,,
3105,264,filterLoc,,
3105,267,filterLoc,,
3105,270,filterLoc,,
3105,273,filterLoc,,
3105,276,filterLoc,,
3105,279,filterLoc,,
3105,282,filterLoc,,
3105,285,filterLoc,,
3105,288,filterLoc,,
3105,291,filterLoc,,
3105,294,filterLoc,,
3105,297,filterLoc,,
3105,300,filterLoc,,
3105,303,filterLoc,,
3105,306,filterLoc,,
3105,309,filterLoc,,
3105,312,filterLoc,,
3105,315,filterLoc,,
3105,318,filterLoc,,
3105,321,filterLoc,,
3105,324,filterLoc,,
3105,327,filterLoc,,
3105,330,filterLoc,,
3105,333,filterLoc,,
3105,336,filterLoc,,
3105,339,filterLoc,,
3105,342,filterLoc,,
3105,345,filterLoc,,
3105,348,filterLoc,,
3105,351,filterLoc,,
3105,354,filterLoc,,
3105,357,filterLoc,,
3105,360,filterLoc,,
3105,363,filterLoc,,
3105,366,filterLoc,,
3105,369,filterLoc,,
3105,372,filterLoc,,
3105,375,filterLoc,,
3105,378,filterLoc,,
3105,381,filterLoc,,
3105,384,filterLoc,,
3105,387,filterLoc,,
3105,390,filterLoc,,
3105,393,filterLoc,,
3105,396,filterLoc,,
3105,399,filterLoc,,
3105,402,filterLoc,,
3105,405,filterLoc,,
3105,408,filterLoc,,
3105,411,filterLoc,,
3105,414,filterLoc,,
3105,417,filterLoc,,
3105,420,filterLoc,,
3105,423,filterLoc,,
3105,426,filterLoc,,
3105,429,filterLoc,,
3105,432,filterLoc,,
3105,435,filterLoc,,
3105,438,filterLoc,,
3105,441,filterLoc,,
3105,444,filterLoc,,
3105,447,filterLoc,,
3105,450,filterLoc,,
3105,453,filterLoc,,
3105,456,filterLoc,,
3105,459,filterLoc,,
3105,462,filterLoc,,
3105,465,filterLoc,,
3105,468,filterLoc,,
3105,471,filterLoc,,
3105,474,filterLoc,,
3105,477,filterLoc,,
3105,480,filterLoc,,
3105,483,filterLoc,,
3105,486,filterLoc,,
3105,489,filterLoc,,
3105,492,filterLoc,,
3105,495,filterLoc,,
3105,498,filterLoc,,
3105,501,filterLoc,,
3105,504,filterLoc,,
3105,507,filterLoc,,
3105,510,filterLoc,,
3105,513,filterLoc,,
3105,516,filterLoc,,
3105,519,filterLoc,,
3105,522,filterLoc,,
3105,525,filterLoc,,
3105,528,filterLoc,,
3105,531,filterLoc,,
3105,534,filterLoc,,
3105,537,filterLoc,,
3105,540,filterLoc,,
3105,543,filterLoc,,
3105,546,filterLoc,,
3105,549,filterLoc,,
3105,552,filterLoc,,
3105,555,filterLoc,,
3105,558,filterLoc,,
3105,561,filterLoc,,
3105,564,filterLoc,,
3105,567,filterLoc,,
3105,570,filterLoc,,
3105,573,filterLoc,,
3105,576,filterLoc,,
3105,579,filterLoc,,
3105,582,filterLoc,,
3105,585,filterLoc,,
3105,588,filterLoc,,
3105,591,filterLoc,,
3105,594,filterLoc,,
3105,597,filterLoc,,
3105,600,filterLoc,,
3105,603,filterLoc,,
3105,606,filterLoc,,
3105,609,filterLoc,,
3105,612,filterLoc,,
3105,615,filterLoc,,
3105,618,filterLoc,,
3105,621,filterLoc,,
3105,624,filterLoc,,;Evacuee;49;in triage category;G;is leaving helicopter;2
3105,627,filterLoc,,
3105,630,filterLoc,,
3105,633,filterLoc,,
3105,636,filterLoc,,
3105,639,filterLoc,,
3105,642,filterLoc,,
3105,645,filterLoc,,
3105,648,filterLoc,,
3105,651,filterLoc,,
3105,654,filterLoc,,
3105,657,filterLoc,,
3105,660,filterLoc,,
3105,663,filterLoc,,
3105,666,filterLoc,,
3105,669,filterLoc,,
3105,672,filterLoc,,
3105,675,filterLoc,,
3105,678,filterLoc,,
3105,681,filterLoc,,
3105,684,filterLoc,,
3105,687,filterLoc,,
3105,690,filterLoc,,
3105,693,filterLoc,,
3105,696,filterLoc,,
3105,699,filterLoc,,
3105,702,filterLoc,,
3105,705,filterLoc,,
3105,708,filterLoc,,
3105,711,filterLoc,,
3105,714,filterLoc,,
3105,717,filterLoc,,
3105,720,filterLoc,,
3105,723,filterLoc,,
3105,726,filterLoc,,
3105,729,filterLoc,,
3105,732,filterLoc,,
3105,735,filterLoc,,
3105,738,filterLoc,,
3105,741,filterLoc,,
3105,744,filterLoc,,
3105,747,filterLoc,,
3105,750,filterLoc,,;Evacuee;33;in triage category;G;is leaving helicopter;2
3105,753,filterLoc,,
3105,756,filterLoc,,
3105,759,filterLoc,,;Evacuee;25;in triage category;G;is leaving helicopter;2
3105,762,filterLoc,,
3105,765,filterLoc,,
3105,768,filterLoc,,
3105,771,filterLoc,,
3105,774,filterLoc,,
3105,777,filterLoc,,
3105,780,filterLoc,,
3105,783,filterLoc,,
3105,786,filterLoc,,
3105,789,filterLoc,,
3105,792,filterLoc,,
3105,795,filterLoc,,
3105,798,filterLoc,,
3105,801,filterLoc,,
3105,804,filterLoc,,;Evacuee;29;in triage category;G;is leaving helicopter;2
3105,807,filterLoc,,
3105,810,filterLoc,,
3105,813,filterLoc,,
3105,816,filterLoc,,
3105,819,filterLoc,,
3105,822,filterLoc,,
3105,825,filterLoc,,
3105,828,filterLoc,,
3105,831,filterLoc,,
3105,834,filterLoc,,
3105,837,filterLoc,,
3105,840,filterLoc,,
3105,843,filterLoc,,
3105,846,filterLoc,,
3105,849,filterLoc,,
3105,852,filterLoc,,
3105,855,filterLoc,,
3105,858,filterLoc,,
3105,861,filterLoc,,
3105,864,filterLoc,,
3105,867,filterLoc,,
3105,870,filterLoc,,
3105,873,filterLoc,,
3105,876,filterLoc,,
3105,879,filterLoc,,
3105,882,filterLoc,,
3105,885,filterLoc,,
3105,888,filterLoc,,
3105,891,filterLoc,,
3105,894,filterLoc,,;Evacuee;44;in triage category;G;is leaving helicopter;2
3105,897,filterLoc,,
3105,900,filterLoc,,
3105,903,filterLoc,,
3105,906,filterLoc,,
3105,909,filterLoc,,
3105,912,filterLoc,,
3105,915,filterLoc,,
3105,918,filterLoc,,
3105,921,filterLoc,,
3105,924,filterLoc,,
3105,927,filterLoc,,
3105,930,filterLoc,,
3105,933,filterLoc,,
3105,936,filterLoc,,
3105,939,filterLoc,,
3105,942,filterLoc,,
3105,945,filterLoc,,
3105,948,filterLoc,,
3105,951,filterLoc,,
3105,954,filterLoc,,;Evacuee;37;in triage category;G;is leaving helicopter;2
3105,957,filterLoc,,
3105,960,filterLoc,,
3105,963,filterLoc,,
3105,966,filterLoc,,
3105,969,filterLoc,,
3105,972,filterLoc,,
3105,975,filterLoc,,
3105,978,filterLoc,,
3105,981,filterLoc,,
3105,984,filterLoc,,
3105,987,filterLoc,,
3105,990,filterLoc,,
3105,993,filterLoc,,
3105,996,filterLoc,,
3105,999,filterLoc,,
3105,1002,filterLoc,,
3105,1005,filterLoc,,
3105,1008,filterLoc,,
3105,1011,filterLoc,,
3105,1014,filterLoc,,
3105,1017,filterLoc,,
3105,1020,filterLoc,,
3105,1023,filterLoc,,
3105,1026,filterLoc,,
3105,1029,filterLoc,,;Evacuee;32;in triage category;G;is leaving helicopter;2
3105,1032,filterLoc,,;Evacuee;34;in triage category;G;is leaving helicopter;2
3105,1035,filterLoc,,
3105,1038,filterLoc,,
3105,1041,filterLoc,,
3105,1044,filterLoc,,
3105,1047,filterLoc,,
3105,1050,filterLoc,,
3105,1053,filterLoc,,
3105,1056,filterLoc,,
3105,1059,filterLoc,,
3105,1062,filterLoc,,
3105,1065,filterLoc,,
3105,1068,filterLoc,,
3105,1071,filterLoc,,
3105,1074,filterLoc,,
3105,1077,filterLoc,,
3105,1080,filterLoc,,
3105,1083,filterLoc,,
3105,1086,filterLoc,,
3105,1089,filterLoc,,
3105,1092,filterLoc,,
3105,1095,filterLoc,,;Evacuee;48;in triage category;G;is leaving helicopter;2
3105,1098,filterLoc,,
3105,1101,filterLoc,,
3105,1104,filterLoc,,
3105,1107,filterLoc,,
3105,1110,filterLoc,,
3105,1113,filterLoc,,
3105,1116,filterLoc,,
3105,1121,helicopter,outEvac,Evacuee 25 in triage category G is not assigned a helicopter
3105,1121,helicopter,outEvac,Evacuee 29 in triage category G is not assigned a helicopter
3105,1121,helicopter,outEvac,Evacuee 32 in triage category G is not assigned a helicopter
3105,1121,helicopter,outEvac,Evacuee 33 in triage category G is not assigned a helicopter
3105,1121,helicopter,outEvac,Evacuee 34 in triage category G is not assigned a helicopter
3105,1121,helicopter,outEvac,Evacuee 37 in triage category G is not assigned a helicopter
3105,1121,helicopter,outEvac,Evacuee 44 in triage category G is not assigned a helicopter
3105,1121,helicopter,outEvac,Evacuee 45 in triage category G is not assigned a helicopter
3105,1121,helicopter,outEvac,Evacuee 48 in triage category G is not assigned a helicopter
3105,1121,helicopter,outEvac,Evacuee 49 in triage category G is not assigned a helicopter
3105,1121,helicopter,,Helicopter;2;is unloading people at the FOL;;and has;0;spots taken
3105,1123,filterLoc,,
3105,1126,filterLoc,,
3105,1129,filterLoc,,
3105,1132,filterLoc,,
3105,1135,filterLoc,,
3105,1138,filterLoc,,
3105,1141,filterLoc,,
3105,1144,filterLoc,,
3105,1147,filterLoc,,
3105,1150,filterLoc,,
3105,1153,filterLoc,,
3105,1156,filterLoc,,;Evacuee;45;in triage category;G;is leaving helicopter;2
3105,1163,filterLoc,,
3105,1166,filterLoc,,
3105,1169,filterLoc,,
3105,1172,filterLoc,,
3105,1175,filterLoc,,
3105,1178,filterLoc,,
3105,1181,filterLoc,,
3105,1184,filterLoc,,
3105,1187,filterLoc,,
3105,1190,filterLoc,,
3105,1193,filterLoc,,
3105,1196,filterLoc,,
3105,1199,filterLoc,,
3105,1202,filterLoc,,
3105,1205,filterLoc,,
3105,1208,filterLoc,,
3105,1211,filterLoc,,
3105,1214,filterLoc,,
3105,1217,filterLoc,,
3105,1220,filterLoc,,
3105,1223,filterLoc,,
3105,1226,filterLoc,,
3105,1229,filterLoc,,
3105,1232,filterLoc,,
3105,1235,filterLoc,,
3105,1238,filterLoc,,
3105,1241,filterLoc,,
3105,1244,filterLoc,,
3105,1247,filterLoc,,
3105,1250,filterLoc,,
3105,1253,filterLoc,,
3105,1256,filterLoc,,
3105,1259,filterLoc,,
3105,1262,filterLoc,,
3105,1265,filterLoc,,
3105,1268,filterLoc,,
3105,1271,filterLoc,,
3105,1274,filterLoc,,
3105,1277,filterLoc,,
3105,1280,filterLoc,,
3105,1283,filterLoc,,
3105,1286,filterLoc,,
3105,1289,filterLoc,,
3105,1292,filterLoc,,
3105,1295,filterLoc,,
3105,1298,filterLoc,,
3105,1301,filterLoc,,
3105,1304,filterLoc,,
3105,1307,filterLoc,,
3105,1310,filterLoc,,
3105,1313,filterLoc,,
3105,1316,filterLoc,,
3105,1319,filterLoc,,
3105,1322,filterLoc,,
3105,1325,filterLoc,,
3105,1328,filterLoc,,
3105,1331,filterLoc,,
3105,1334,filterLoc,,
3105,1337,filterLoc,,
3105,1340,filterLoc,,
3105,1343,filterLoc,,
3105,1346,filterLoc,,
3105,1349,filterLoc,,
3105,1352,filterLoc,,
3105,1355,filterLoc,,
3105,1358,filterLoc,,
3105,1361,filterLoc,,
3105,1364,filterLoc,,
3105,1367,filterLoc,,
3105,1370,filterLoc,,
3105,1373,filterLoc,,
3105,1376,filterLoc,,
3105,1379,filterLoc,,
3105,1382,filterLoc,,
3105,1385,filterLoc,,
3105,1388,filterLoc,,
3105,1391,filterLoc,,
3105,1394,filterLoc,,
3105,1397,filterLoc,,
3105,1400,filterLoc,,
3105,1403,filterLoc,,
3105,1406,filterLoc,,
3105,1409,filterLoc,,
3105,1412,filterLoc,,
3105,1415,filterLoc,,
3105,1418,filterLoc,,
3105,1421,filterLoc,,
3105,1424,filterLoc,,
3105,1427,filterLoc,,
3105,1430,filterLoc,,
3105,1433,filterLoc,,
3105,1436,filterLoc,,
3105,1439,filterLoc,,
3105,1442,filterLoc,,
3105,1445,filterLoc,,
3105,1448,filterLoc,,
3105,1451,filterLoc,,
3105,1454,filterLoc,,
3105,1457,filterLoc,,
3105,1460,filterLoc,,
3105,1463,filterLoc,,
3105,1466,filterLoc,,
3105,1469,filterLoc,,
3105,1472,filterLoc,,
3105,1475,filterLoc,,
3105,1478,filterLoc,,
3105,1481,filterLoc,,
3105,1484,filterLoc,,
3105,1487,filterLoc,,
3105,1490,filterLoc,,
3105,1493,filterLoc,,
3105,1496,filterLoc,,
3105,1499,filterLoc,,
3105,1502,filterLoc,,
3105,1505,filterLoc,,
3105,1508,filterLoc,,
3105,1511,filterLoc,,
3105,1514,filterLoc,,
3105,1517,filterLoc,,
3105,624,filterLoc,out,Evacuee 49 in triage category G is not assigned a helicopter
3105,624,filterLoc,,
3105,625,evacuee,,Evacuee;49;in triage state;G;is entering the FOL
3105,750,filterLoc,out,Evacuee 33 in triage category G is not assigned a helicopter
3105,750,filterLoc,,
3105,751,evacuee,,Evacuee;33;in triage state;G;is entering the FOL
3105,759,filterLoc,out,Evacuee 25 in triage category G is not assigned a helicopter
3105,759,filterLoc,,
3105,760,evacuee,,Evacuee;25;in triage state;G;is entering the FOL
3105,804,filterLoc,out,Evacuee 29 in triage category G is not assigned a helicopter
3105,804,filterLoc,,
3105,805,evacuee,,Evacuee;29;in triage state;G;is entering the FOL
3105,894,filterLoc,out,Evacuee 44 in triage category G is not assigned a helicopter
3105,894,filterLoc,,
3105,895,evacuee,,Evacuee;44;in triage state;G;is entering the FOL
3105,954,filterLoc,out,Evacuee 37 in triage category G is not assigned a helicopter
3105,954,filterLoc,,
3105,955,evacuee,,Evacuee;37;in triage state;G;is entering the FOL
3105,1029,filterLoc,out,Evacuee 32 in triage category G is not assigned a helicopter
3105,1029,filterLoc,,
3105,1030,evacuee,,Evacuee;32;in triage state;G;is entering the FOL
3105,1032,filterLoc,out,Evacuee 34 in triage category G is not assigned a helicopter
3105,1032,filterLoc,,
3105,1033,evacuee,,Evacuee;34;in triage state;G;is entering the FOL
3105,1095,filterLoc,out,Evacuee 48 in triage category G is not assigned a helicopter
3105,1095,filterLoc,,
3105,1096,evacuee,,Evacuee;48;in triage state;G;is entering the FOL
3105,1156,filterLoc,out,Evacuee 45 in triage category G is not assigned a helicopter
3105,1156,filterLoc,,
3105,1157,evacuee,,Evacuee;45;in triage state;G;is entering the FOL
3105,223,FOL,,;EvacueeID;2;Triage Status;G;EvacueeID;4;Triage Status;G;EvacueeID;9;Triage Status;G;EvacueeID;11;Triage Status;G;EvacueeID;13;Triage Status;G;EvacueeID;14;Triage Status;G;EvacueeID;18;Triage Status;G;EvacueeID;22;Triage Status;G;EvacueeID;23;Triage Status;G;EvacueeID;24;Triage Status;G;EvacueeID;25;Triage Status;G;EvacueeID;29;Triage Status;G;EvacueeID;32;Triage Status;G;EvacueeID;33;Triage Status;G;EvacueeID;34;Triage Status;G;EvacueeID;37;Triage Status;G;EvacueeID;44;Triage Status;G;EvacueeID;45;Triage Status;G;EvacueeID;48;Triage Status;G;EvacueeID;49;Triage Status;G;Lives Saved;20
3105,625,evacuee,outFOL,Evacuee 49 in triage category G is not assigned a helicopter
3105,625,evacuee,,Evacuee;49;in triage state;G;is at the FOL
3105,751,evacuee,outFOL,Evacuee 33 in triage category G is not assigned a helicopter
3105,751,evacuee,,Evacuee;33;in triage state;G;is at the FOL
3105,760,evacuee,outFOL,Evacuee 25 in triage category G is not assigned a helicopter
3105,760,evacuee,,Evacuee;25;in triage state;G;is at the FOL
3105,805,evacuee,outFOL,Evacuee 29 in triage category G is not assigned a helicopter
3105,805,evacuee,,Evacuee;29;in triage state;G;is at the FOL
3105,895,evacuee,outFOL,Evacuee 44 in triage category G is not assigned a helicopter
3105,895,evacuee,,Evacuee;44;in triage state;G;is at the FOL
3105,955,evacuee,outFOL,Evacuee 37 in triage category G is not assigned a helicopter
3105,955,evacuee,,Evacuee;37;in triage state;G;is at the FOL
3105,1030,evacuee,outFOL,Evacuee 32 in triage category G is not assigned a helicopter
3105,1030,evacuee,,Evacuee;32;in triage state;G;is at the FOL
3105,1033,evacuee,outFOL,Evacuee 34 in triage category G is not assigned a helicopter
3105,1033,evacuee,,Evacuee;34;in triage state;G;is at the FOL
3105,1096,evacuee,outFOL,Evacuee 48 in triage category G is not assigned a helicopter
3105,1096,evacuee,,Evacuee;48;in triage state;G;is at the FOL
3105,1157,evacuee,outFOL,Evacuee 45 in triage category G is not assigned a helicopter
3105,1157,evacuee,,Evacuee;45;in triage state;G;is at the FOL
3105,223,FOL,,;EvacueeID;2;Triage Status;G;EvacueeID;4;Triage Status;G;EvacueeID;9;Triage Status;G;EvacueeID;11;Triage Status;G;EvacueeID;13;Triage Status;G;EvacueeID;14;Triage Status;G;EvacueeID;18;Triage Status;G;EvacueeID;22;Triage Status;G;EvacueeID;23;Triage Status;G;EvacueeID;24;Triage Status;G;EvacueeID;25;Triage Status;G;EvacueeID;29;Triage Status;G;EvacueeID;32;Triage Status;G;EvacueeID;33;Triage Status;G;EvacueeID;34;Triage Status;G;EvacueeID;37;Triage Status;G;EvacueeID;44;Triage Status;G;EvacueeID;45;Triage Status;G;EvacueeID;48;Triage Status;G;EvacueeID;49;Triage Status;G;Lives Saved;20
3112.28,3,evacueeManager,,OFF SHIP: White;0;Green;140;Yellow;24;Red;5;Black;301;ON SHIP: White;0;Green;0;Yellow;0;Red;0;Evacuees to Transfer;
3112.28,601,evacuee,outES,Evacuee 361 in triage category R is not assigned a helicopter
3112.28,601,evacuee,,Evacuee;361;in triage state;B;is at the evacuation site
3114.69,3,evacueeManager,,OFF SHIP: White;0;Green;140;Yellow;23;Red;6;Black;301;ON SHIP: White;0;Green;0;Yellow;0;Red;0;Evacuees to Transfer;
3114.69,1078,evacuee,outES,Evacuee 336 in triage category Y is not assigned a helicopter
3114.69,1078,evacuee,,Evacuee;336;in triage state;R;is at the evacuation site
3120,1121,helicopter,,Helicopter;2;Is going to the evacuation site;;and has;0;spots taken
3123.69,3,evacueeManager,,OFF SHIP: White;0;Green;139;Yellow;24;Red;6;Black;301;ON SHIP: White;0;Green;0;Yellow;0;Red;0;Evacuees to Transfer;
3123.69,1224,evacuee,outES,Evacuee 151 in triage category G is not assigned a helicopter
3123.69,1224,evacuee,,Evacuee;151;in triage state;Y;is at the evacuation site
3133.3,3,evacueeManager,,OFF SHIP: White;0;Green;138;Yellow;25;Red;6;Black;301;ON SHIP: White;0;Green;0;Yellow;0;Red;0;Evacuees to Transfer;
3133.3,132,evacuee,outES,Evacuee 411 in triage category G is not assigned a helicopter
3133.3,132,evacuee,,Evacuee;411;in triage state;Y;is at the evacuation site
3140.48,3,evacueeManager,,OFF SHIP: White;0;Green;138;Yellow;24;Red;7;Black;301;ON SHIP: White;0;Green;0;Yellow;0;Red;0;Evacuees to Transfer;
3140.48,412,evacuee,outES,Evacuee 279 in triage category Y is not assigned a helicopter
3140.48,412,evacuee,,Evacuee;279;in triage state;R;is at the evacuation site
3157.56,3,evacueeManager,,OFF SHIP: White;0;Green;137;Yellow;25;Red;7;Black;301;ON SHIP: White;0;Green;0;Yellow;0;Red;0;Evacuees to Transfer;
3157.56,475,evacuee,outES,Evacuee 276 in triage category G is not assigned a helicopter
3157.56,475,evacuee,,Evacuee;276;in triage state;Y;is at the evacuation site
3162.21,3,evacueeManager,,OFF SHIP: White;0;Green;137;Yellow;24;Red;8;Black;301;ON SHIP: White;0;Green;0;Yellow;0;Red;0;Evacuees to Transfer;
3162.21,132,evacuee,outES,Evacuee 411 in triage category Y is not assigned a helicopter
3162.21,132,evacuee,,Evacuee;411;in triage state;R;is at the evacuation site
3163.86,3,evacueeManager,,OFF SHIP: White;0;Green;137;Yellow;24;Red;7;Black;302;ON SHIP: White;0;Green;0;Yellow;0;Red;0;Evacuees to Transfer;
3163.86,244,evacuee,outES,Evacuee 360 in triage category R is not assigned a helicopter
3163.86,244,evacuee,,Evacuee;360;in triage state;B;is at the evacuation site
3165,7,filterLoc,,
3165,10,filterLoc,,
3165,13,filterLoc,,
3165,16,filterLoc,,
3165,19,filterLoc,,
3165,22,filterLoc,,
3165,25,filterLoc,,
3165,28,filterLoc,,
3165,31,filterLoc,,
3165,34,filterLoc,,
3165,37,filterLoc,,
3165,40,filterLoc,,
3165,43,filterLoc,,
3165,46,filterLoc,,
3165,49,filterLoc,,
3165,52,filterLoc,,
3165,55,filterLoc,,
3165,58,filterLoc,,
3165,61,filterLoc,,
3165,64,filterLoc,,
3165,67,filterLoc,,
3165,70,filterLoc,,
3165,73,filterLoc,,
3165,76,filterLoc,,
3165,79,filterLoc,,
3165,82,filterLoc,,
3165,85,filterLoc,,
3165,88,filterLoc,,
3165,91,filterLoc,,
3165,94,filterLoc,,
3165,97,filterLoc,,
3165,100,filterLoc,,
3165,105,helicopter,outEvac,Evacuee 50 in triage category G is not assigned a helicopter
3165,105,helicopter,outEvac,Evacuee 55 in triage category G is not assigned a helicopter
3165,105,helicopter,outEvac,Evacuee 58 in triage category G is not assigned a helicopter
3165,105,helicopter,outEvac,Evacuee 60 in triage category G is not assigned a helicopter
3165,105,helicopter,outEvac,Evacuee 65 in triage category G is not assigned a helicopter
3165,105,helicopter,outEvac,Evacuee 67 in triage category G is not assigned a helicopter
3165,105,helicopter,outEvac,Evacuee 71 in triage category G is not assigned a helicopter
3165,105,helicopter,outEvac,Evacuee 74 in triage category G is not assigned a helicopter
3165,105,helicopter,outEvac,Evacuee 75 in triage category G is not assigned a helicopter
3165,105,helicopter,outEvac,Evacuee 76 in triage category G is not assigned a helicopter
3165,105,helicopter,,Helicopter;3;is unloading people at the FOL;;and has;0;spots taken
3165,107,filterLoc,,
3165,110,filterLoc,,
3165,113,filterLoc,,
3165,116,filterLoc,,
3165,119,filterLoc,,
3165,122,filterLoc,,
3165,125,filterLoc,,
3165,128,filterLoc,,
3165,131,filterLoc,,
3165,134,filterLoc,,
3165,137,filterLoc,,
3165,140,filterLoc,,
3165,143,filterLoc,,
3165,146,filterLoc,,
3165,149,filterLoc,,
3165,152,filterLoc,,
3165,155,filterLoc,,
3165,158,filterLoc,,
3165,161,filterLoc,,
3165,164,filterLoc,,
3165,167,filterLoc,,
3165,170,filterLoc,,
3165,173,filterLoc,,
3165,176,filterLoc,,
3165,179,filterLoc,,
3165,182,filterLoc,,
3165,185,filterLoc,,
3165,188,filterLoc,,
3165,191,filterLoc,,
3165,194,filterLoc,,
3165,197,filterLoc,,
3165,200,filterLoc,,
3165,203,filterLoc,,
3165,206,filterLoc,,
3165,209,filterLoc,,
3165,212,filterLoc,,
3165,215,filterLoc,,
3165,218,filterLoc,,
3165,221,filterLoc,,
3165,225,filterLoc,,
3165,228,filterLoc,,
3165,231,filterLoc,,
3165,234,filterLoc,,
3165,237,filterLoc,,
3165,240,filterLoc,,
3165,243,filterLoc,,
3165,246,filterLoc,,
3165,249,filterLoc,,
3165,252,filterLoc,,
3165,255,filterLoc,,
3165,258,filterLoc,,
3165,261,filterLoc,,
3165,264,filterLoc,,
3165,267,filterLoc,,
3165,270,filterLoc,,
3165,273,filterLoc,,
3165,276,filterLoc,,
3165,279,filterLoc,,
3165,282,filterLoc,,
3165,285,filterLoc,,
3165,288,filterLoc,,
3165,291,filterLoc,,
3165,294,filterLoc,,
3165,297,filterLoc,,
3165,300,filterLoc,,
3165,303,filterLoc,,
3165,306,filterLoc,,
3165,309,filterLoc,,
3165,312,filterLoc,,
3165,315,filterLoc,,
3165,318,filterLoc,,
3165,321,filterLoc,,
3165,324,filterLoc,,
3165,327,filterLoc,,
3165,330,filterLoc,,
3165,333,filterLoc,,
3165,336,filterLoc,,
3165,339,filterLoc,,
3165,342,filterLoc,,
3165,345,filterLoc,,
3165,348,filterLoc,,
3165,351,filterLoc,,
3165,354,filterLoc,,
3165,357,filterLoc,,
3165,360,filterLoc,,
3165,363,filterLoc,,
3165,366,filterLoc,,
3165,369,filterLoc,,
3165,372,filterLoc,,
3165,375,filterLoc,,
3165,378,filterLoc,,
3165,381,filterLoc,,
3165,384,filterLoc,,
3165,387,filterLoc,,
3165,390,filterLoc,,
3165,393,filterLoc,,
3165,396,filterLoc,,
3165,399,filterLoc,,
3165,402,filterLoc,,
3165,405,filterLoc,,
3165,408,filterLoc,,
3165,411,filterLoc,,
3165,414,filterLoc,,
3165,417,filterLoc,,
3165,420,filterLoc,,
3165,423,filterLoc,,
3165,426,filterLoc,,
3165,429,filterLoc,,
3165,432,filterLoc,,
3165,435,filterLoc,,
3165,438,filterLoc,,
3165,441,filterLoc,,
3165,444,filterLoc,,
3165,447,filterLoc,,
3165,450,filterLoc,,
3165,453,filterLoc,,
3165,456,filterLoc,,
3165,459,filterLoc,,
3165,462,filterLoc,,
3165,465,filterLoc,,
3165,468,filterLoc,,
3165,471,filterLoc,,
3165,474,filterLoc,,
3165,477,filterLoc,,
3165,480,filterLoc,,
3165,483,filterLoc,,
3165,486,filterLoc,,
3165,489,filterLoc,,
3165,492,filterLoc,,
3165,495,filterLoc,,
3165,498,filterLoc,,
3165,501,filterLoc,,
3165,504,filterLoc,,
3165,507,filterLoc,,
3165,510,filterLoc,,
3165,513,filterLoc,,
3165,516,filterLoc,,
3165,519,filterLoc,,
3165,522,filterLoc,,
3165,525,filterLoc,,
3165,528,filterLoc,,
3165,531,filterLoc,,
3165,534,filterLoc,,
3165,537,filterLoc,,
3165,540,filterLoc,,
3165,543,filterLoc,,
3165,546,filterLoc,,
3165,549,filterLoc,,
3165,552,filterLoc,,
3165,555,filterLoc,,
3165,558,filterLoc,,
3165,561,filterLoc,,
3165,564,filterLoc,,
3165,567,filterLoc,,
3165,570,filterLoc,,
3165,573,filterLoc,,
3165,576,filterLoc,,
3165,579,filterLoc,,
3165,582,filterLoc,,
3165,585,filterLoc,,
3165,588,filterLoc,,
3165,591,filterLoc,,
3165,594,filterLoc,,
3165,597,filterLoc,,
3165,600,filterLoc,,
3165,603,filterLoc,,
3165,606,filterLoc,,
3165,609,filterLoc,,
3165,612,filterLoc,,
3165,615,filterLoc,,
3165,618,filterLoc,,
3165,621,filterLoc,,
3165,624,filterLoc,,
3165,627,filterLoc,,
3165,630,filterLoc,,
3165,633,filterLoc,,
3165,636,filterLoc,,
3165,639,filterLoc,,
3165,642,filterLoc,,
3165,645,filterLoc,,
3165,648,filterLoc,,
3165,651,filterLoc,,
3165,654,filterLoc,,
3165,657,filterLoc,,
3165,660,filterLoc,,
3165,663,filterLoc,,
3165,666,filterLoc,,
3165,669,filterLoc,,
3165,672,filterLoc,,
3165,675,filterLoc,,
3165,678,filterLoc,,
3165,681,filterLoc,,
3165,684,filterLoc,,;Evacuee;76;in triage category;G;is leaving helicopter;3
3165,687,filterLoc,,
3165,690,filterLoc,,;Evacuee;74;in triage category;G;is leaving helicopter;3
3165,693,filterLoc,,
3165,696,filterLoc,,
3165,699,filterLoc,,
3165,702,filterLoc,,
3165,705,filterLoc,,
3165,708,filterLoc,,
3165,711,filterLoc,,
3165,714,filterLoc,,
3165,717,filterLoc,,
3165,720,filterLoc,,
3165,723,filterLoc,,
3165,726,filterLoc,,
3165,729,filterLoc,,
3165,732,filterLoc,,
3165,735,filterLoc,,
3165,738,filterLoc,,;Evacuee;65;in triage category;G;is leaving helicopter;3
3165,741,filterLoc,,
3165,744,filterLoc,,
3165,747,filterLoc,,
3165,750,filterLoc,,
3165,753,filterLoc,,
3165,756,filterLoc,,
3165,759,filterLoc,,
3165,762,filterLoc,,
3165,765,filterLoc,,
3165,768,filterLoc,,
3165,771,filterLoc,,
3165,774,filterLoc,,
3165,777,filterLoc,,
3165,780,filterLoc,,
3165,783,filterLoc,,
3165,786,filterLoc,,
3165,789,filterLoc,,
3165,792,filterLoc,,
3165,795,filterLoc,,
3165,798,filterLoc,,
3165,801,filterLoc,,
3165,804,filterLoc,,
3165,807,filterLoc,,
3165,810,filterLoc,,
3165,813,filterLoc,,
3165,816,filterLoc,,
3165,819,filterLoc,,;Evacuee;71;in triage category;G;is leaving helicopter;3
3165,822,filterLoc,,
3165,825,filterLoc,,
3165,828,filterLoc,,
3165,831,filterLoc,,
3165,834,filterLoc,,
3165,837,filterLoc,,
3165,840,filterLoc,,
3165,843,filterLoc,,
3165,846,filterLoc,,
3165,849,filterLoc,,
3165,852,filterLoc,,
3165,855,filterLoc,,
3165,858,filterLoc,,
3165,861,filterLoc,,
3165,864,filterLoc,,
3165,867,filterLoc,,
3165,870,filterLoc,,
3165,873,filterLoc,,
3165,876,filterLoc,,
3165,879,filterLoc,,
3165,882,filterLoc,,
3165,885,filterLoc,,
3165,888,filterLoc,,
3165,891,filterLoc,,
3165,894,filterLoc,,
3165,897,filterLoc,,
3165,900,filterLoc,,
3165,903,filterLoc,,
3165,906,filterLoc,,
3165,909,filterLoc,,
3165,912,filterLoc,,
3165,915,filterLoc,,
3165,918,filterLoc,,
3165,921,filterLoc,,
3165,924,filterLoc,,
3165,927,filterLoc,,
3165,930,filterLoc,,
3165,933,filterLoc,,
3165,936,filterLoc,,
3165,939,filterLoc,,
3165,942,filterLoc,,
3165,945,filterLoc,,
3165,948,filterLoc,,
3165,951,filterLoc,,;Evacuee;75;in triage category;G;is leaving helicopter;3
3165,954,filterLoc,,
3165,957,filterLoc,,
3165,960,filterLoc,,
3165,963,filterLoc,,
3165,966,filterLoc,,
3165,969,filterLoc,,
3165,972,filterLoc,,
3165,975,filterLoc,,
3165,978,filterLoc,,
3165,981,filterLoc,,
3165,984,filterLoc,,
3165,987,filterLoc,,
3165,990,filterLoc,,
3165,993,filterLoc,,
3165,996,filterLoc,,
3165,999,filterLoc,,
3165,1002,filterLoc,,
3165,1005,filterLoc,,
3165,1008,filterLoc,,
3165,1011,filterLoc,,
3165,1014,filterLoc,,
3165,1017,filterLoc,,
3165,1020,filterLoc,,
3165,1023,filterLoc,,
3165,1026,filterLoc,,
3165,1029,filterLoc,,
3165,1032,filterLoc,,
3165,1035,filterLoc,,
3165,1038,filterLoc,,
3165,1041,filterLoc,,
3165,1044,filterLoc,,
3165,1047,filterLoc,,
3165,1050,filterLoc,,
3165,1053,filterLoc,,
3165,1056,filterLoc,,
3165,1059,filterLoc,,
3165,1062,filterLoc,,
3165,1065,filterLoc,,
3165,1068,filterLoc,,
3165,1071,filterLoc,,
3165,1074,filterLoc,,
3165,1077,filterLoc,,
3165,1080,filterLoc,,
3165,1083,filterLoc,,
3165,1086,filterLoc,,
3165,1089,filterLoc,,
3165,1092,filterLoc,,;Evacuee;55;in triage category;G;is leaving helicopter;3
3165,1095,filterLoc,,
3165,1098,filterLoc,,
3165,1101,filterLoc,,;Evacuee;50;in triage category;G;is leaving helicopter;3
3165,1104,filterLoc,,
3165,1107,filterLoc,,
3165,1110,filterLoc,,
3165,1113,filterLoc,,
3165,1116,filterLoc,,
3165,1123,filterLoc,,
3165,1126,filterLoc,,
3165,1129,filterLoc,,
3165,1132,filterLoc,,
3165,1135,filterLoc,,
3165,1138,filterLoc,,
3165,1141,filterLoc,,
3165,1144,filterLoc,,
3165,1147,filterLoc,,
3165,1150,filterLoc,,
3165,1153,filterLoc,,
3165,1156,filterLoc,,
3165,1163,filterLoc,,
3165,1166,filterLoc,,
3165,1169,filterLoc,,
3165,1172,filterLoc,,;Evacuee;60;in triage category;G;is leaving helicopter;3
3165,1175,filterLoc,,
3165,1178,filterLoc,,
3165,1181,filterLoc,,
3165,1184,filterLoc,,
3165,1187,filterLoc,,
3165,1190,filterLoc,,
3165,1193,filterLoc,,
3165,1196,filterLoc,,
3165,1199,filterLoc,,
3165,1202,filterLoc,,
3165,1205,filterLoc,,
3165,1208,filterLoc,,
3165,1211,filterLoc,,
3165,1214,filterLoc,,
3165,1217,filterLoc,,
3165,1220,filterLoc,,
3165,1223,filterLoc,,
3165,1226,filterLoc,,
3165,1229,filterLoc,,
3165,1232,filterLoc,,
3165,1235,filterLoc,,;Evacuee;67;in triage category;G;is leaving helicopter;3
3165,1238,filterLoc,,
3165,1241,filterLoc,,
3165,1244,filterLoc,,
3165,1247,filterLoc,,
3165,1250,filterLoc,,
3165,1253,filterLoc,,
3165,1256,filterLoc,,
3165,1259,filterLoc,,
3165,1262,filterLoc,,
3165,1265,filterLoc,,
3165,1268,filterLoc,,
3165,1271,filterLoc,,
3165,1274,filterLoc,,
3165,1277,filterLoc,,
3165,1280,filterLoc,,
3165,1283,filterLoc,,
3165,1286,filterLoc,,
3165,1289,filterLoc,,
3165,1292,filterLoc,,
3165,1295,filterLoc,,
3165,1298,filterLoc,,
3165,1301,filterLoc,,
3165,1304,filterLoc,,
3165,1307,filterLoc,,
3165,1310,filterLoc,,
3165,1313,filterLoc,,;Evacuee;58;in triage category;G;is leaving helicopter;3
3165,1316,filterLoc,,
3165,1319,filterLoc,,
3165,1322,filterLoc,,
3165,1325,filterLoc,,
3165,1328,filterLoc,,
3165,1331,filterLoc,,
3165,1334,filterLoc,,
3165,1337,filterLoc,,
3165,1340,filterLoc,,
3165,1343,filterLoc,,
3165,1346,filterLoc,,
3165,1349,filterLoc,,
3165,1352,filterLoc,,
3165,1355,filterLoc,,
3165,1358,filterLoc,,
3165,1361,filterLoc,,
3165,1364,filterLoc,,
3165,1367,filterLoc,,
3165,1370,filterLoc,,
3165,1373,filterLoc,,
3165,1376,filterLoc,,
3165,1379,filterLoc,,
3165,1382,filterLoc,,
3165,1385,filterLoc,,
3165,1388,filterLoc,,
3165,1391,filterLoc,,
3165,1394,filterLoc,,
3165,1397,filterLoc,,
3165,1400,filterLoc,,
3165,1403,filterLoc,,
3165,1406,filterLoc,,
3165,1409,filterLoc,,
3165,1412,filterLoc,,
3165,1415,filterLoc,,
3165,1418,filterLoc,,
3165,1421,filterLoc,,
3165,1424,filterLoc,,
3165,1427,filterLoc,,
3165,1430,filterLoc,,
3165,1433,filterLoc,,
3165,1436,filterLoc,,
3165,1439,filterLoc,,
3165,1442,filterLoc,,
3165,1445,filterLoc,,
3165,1448,filterLoc,,
3165,1451,filterLoc,,
3165,1454,filterLoc,,
3165,1457,filterLoc,,
3165,1460,filterLoc,,
3165,1463,filterLoc,,
3165,1466,filterLoc,,
3165,1469,filterLoc,,
3165,1472,filterLoc,,
3165,1475,filterLoc,,
3165,1478,filterLoc,,
3165,1481,filterLoc,,
3165,1484,filterLoc,,
3165,1487,filterLoc,,
3165,1490,filterLoc,,
3165,1493,filterLoc,,
3165,1496,filterLoc,,
3165,1499,filterLoc,,
3165,1502,filterLoc,,
3165,1505,filterLoc,,
3165,1508,filterLoc,,
3165,1511,filterLoc,,
3165,1514,filterLoc,,
3165,1517,filterLoc,,
3165,684,filterLoc,out,Evacuee 76 in triage category G is not assigned a helicopter
3165,684,filterLoc,,
3165,685,evacuee,,Evacuee;76;in triage state;G;is entering the FOL
3165,690,filterLoc,out,Evacuee 74 in triage category G is not assigned a helicopter
3165,690,filterLoc,,
3165,691,evacuee,,Evacuee;74;in triage state;G;is entering the FOL
3165,738,filterLoc,out,Evacuee 65 in triage category G is not assigned a helicopter
3165,738,filterLoc,,
3165,739,evacuee,,Evacuee;65;in triage state;G;is entering the FOL
3165,819,filterLoc,out,Evacuee 71 in triage category G is not assigned a helicopter
3165,819,filterLoc,,
3165,820,evacuee,,Evacuee;71;in triage state;G;is entering the FOL
3165,951,filterLoc,out,Evacuee 75 in triage category G is not assigned a helicopter
3165,951,filterLoc,,
3165,952,evacuee,,Evacuee;75;in triage state;G;is entering the FOL
3165,1092,filterLoc,out,Evacuee 55 in triage category G is not assigned a helicopter
3165,1092,filterLoc,,
3165,1093,evacuee,,Evacuee;55;in triage state;G;is entering the FOL
3165,1101,filterLoc,out,Evacuee 50 in triage category G is not assigned a helicopter
3165,1101,filterLoc,,
3165,1102,evacuee,,Evacuee;50;in triage state;G;is entering the FOL
3165,1172,filterLoc,out,Evacuee 60 in triage category G is not assigned a helicopter
3165,1172,filterLoc,,
3165,1173,evacuee,,Evacuee;60;in triage state;G;is entering the FOL
3165,1235,filterLoc,out,Evacuee 67 in triage category G is not assigned a helicopter
3165,1235,filterLoc,,
3165,1236,evacuee,,Evacuee;67;in triage state;G;is entering the FOL
3165,1313,filterLoc,out,Evacuee 58 in triage category G is not assigned a helicopter
3165,1313,filterLoc,,
3165,1314,evacuee,,Evacuee;58;in triage state;G;is entering the FOL
3165,223,FOL,,;EvacueeID;2;Triage Status;G;EvacueeID;4;Triage Status;G;EvacueeID;9;Triage Status;G;EvacueeID;11;Triage Status;G;EvacueeID;13;Triage Status;G;EvacueeID;14;Triage Status;G;EvacueeID;18;Triage Status;G;EvacueeID;22;Triage Status;G;EvacueeID;23;Triage Status;G;EvacueeID;24;Triage Status;G;EvacueeID;25;Triage Status;G;EvacueeID;29;Triage Status;G;EvacueeID;32;Triage Status;G;EvacueeID;33;Triage Status;G;EvacueeID;34;Triage Status;G;EvacueeID;37;Triage Status;G;EvacueeID;44;Triage Status;G;EvacueeID;45;Triage Status;G;EvacueeID;48;Triage Status;G;EvacueeID;49;Triage Status;G;EvacueeID;50;Triage Status;G;EvacueeID;55;Triage Status;G;EvacueeID;58;Triage Status;G;EvacueeID;60;Triage Status;G;EvacueeID;65;Triage Status;G;EvacueeID;67;Triage Status;G;EvacueeID;71;Triage Status;G;EvacueeID;74;Triage Status;G;EvacueeID;75;Triage Status;G;EvacueeID;76;Triage Status;G;Lives Saved;30
3165,685,evacuee,outFOL,Evacuee 76 in triage category G is not assigned a helicopter
3165,685,evacuee,,Evacuee;76;in triage state;G;is at the FOL
3165,691,evacuee,outFOL,Evacuee 74 in triage category G is not assigned a helicopter
3165,691,evacuee,,Evacuee;74;in triage state;G;is at the FOL
3165,739,evacuee,outFOL,Evacuee 65 in triage category G is not assigned a helicopter
3165,739,evacuee,,Evacuee;65;in triage state;G;is at the FOL
3165,820,evacuee,outFOL,Evacuee 71 in triage category G is not assigned a helicopter
3165,820,evacuee,,Evacuee;71;in triage state;G;is at the FOL
3165,952,evacuee,outFOL,Evacuee 75 in triage category G is not assigned a helicopter
3165,952,evacuee,,Evacuee;75;in triage state;G;is at the FOL
3165,1093,evacuee,outFOL,Evacuee 55 in triage category G is not assigned a helicopter
3165,1093,evacuee,,Evacuee;55;in triage state;G;is at the FOL
3165,1102,evacuee,outFOL,Evacuee 50 in triage category G is not assigned a helicopter
3165,1102,evacuee,,Evacuee;50;in triage state;G;is at the FOL
3165,1173,evacuee,outFOL,Evacuee 60 in triage category G is not assigned a helicopter
3165,1173,evacuee,,Evacuee;60;in triage state;G;is at the FOL
3165,1236,evacuee,outFOL,Evacuee 67 in triage category G is not assigned a helicopter
3165,1236,evacuee,,Evacuee;67;in triage state;G;is at the FOL
3165,1314,evacuee,outFOL,Evacuee 58 in triage category G is not assigned a helicopter
3165,1314,evacuee,,Evacuee;58;in triage state;G;is at the FOL
3165,223,FOL,,;EvacueeID;2;Triage Status;G;EvacueeID;4;Triage Status;G;EvacueeID;9;Triage Status;G;EvacueeID;11;Triage Status;G;EvacueeID;13;Triage Status;G;EvacueeID;14;Triage Status;G;EvacueeID;18;Triage Status;G;EvacueeID;22;Triage Status;G;EvacueeID;23;Triage Status;G;EvacueeID;24;Triage Status;G;EvacueeID;25;Triage Status;G;EvacueeID;29;Triage Status;G;EvacueeID;32;Triage Status;G;EvacueeID;33;Triage Status;G;EvacueeID;34;Triage Status;G;EvacueeID;37;Triage Status;G;EvacueeID;44;Triage Status;G;EvacueeID;45;Triage Status;G;EvacueeID;48;Triage Status;G;EvacueeID;49;Triage Status;G;EvacueeID;50;Triage Status;G;EvacueeID;55;Triage Status;G;EvacueeID;58;Triage Status;G;EvacueeID;60;Triage Status;G;EvacueeID;65;Triage Status;G;EvacueeID;67;Triage Status;G;EvacueeID;71;Triage Status;G;EvacueeID;74;Triage Status;G;EvacueeID;75;Triage Status;G;EvacueeID;76;Triage Status;G;Lives Saved;30
3165.63,3,evacueeManager,,OFF SHIP: White;0;Green;136;Yellow;25;Red;7;Black;302;ON SHIP: White;0;Green;0;Yellow;0;Red;0;Evacuees to Transfer;
3165.63,304,evacuee,outES,Evacuee 325 in triage category G is not assigned a helicopter
3165.63,304,evacuee,,Evacuee;325;in triage state;Y;is at the evacuation site
3175.57,3,evacueeManager,,OFF SHIP: White;0;Green;136;Yellow;25;Red;6;Black;303;ON SHIP: White;0;Green;0;Yellow;0;Red;0;Evacuees to Transfer;
3175.57,598,evacuee,outES,Evacuee 447 in triage category R is not assigned a helicopter
3175.57,598,evacuee,,Evacuee;447;in triage state;B;is at the evacuation site
3180,105,helicopter,,Helicopter;3;Is going to the evacuation site;;and has;0;spots taken
3181.13,3,evacueeManager,,OFF SHIP: White;0;Green;136;Yellow;25;Red;5;Black;304;ON SHIP: White;0;Green;0;Yellow;0;Red;0;Evacuees to Transfer;
3181.13,412,evacuee,outES,Evacuee 279 in triage category R is not assigned a helicopter
3181.13,412,evacuee,,Evacuee;279;in triage state;B;is at the evacuation site
3185.44,3,evacueeManager,,OFF SHIP: White;0;Green;136;Yellow;25;Red;4;Black;305;ON SHIP: White;0;Green;0;Yellow;0;Red;0;Evacuees to Transfer;
3185.44,934,evacuee,outES,Evacuee 38 in triage category R is not assigned a helicopter
3185.44,934,evacuee,,Evacuee;38;in triage state;B;is at the evacuation site
3198.22,3,evacueeManager,,OFF SHIP: White;0;Green;136;Yellow;24;Red;5;Black;305;ON SHIP: White;0;Green;0;Yellow;0;Red;0;Evacuees to Transfer;
3198.22,1293,evacuee,outES,Evacuee 230 in triage category Y is not assigned a helicopter
3198.22,1293,evacuee,,Evacuee;230;in triage state;R;is at the evacuation site
3198.92,3,evacueeManager,,OFF SHIP: White;0;Green;136;Yellow;23;Red;6;Black;305;ON SHIP: White;0;Green;0;Yellow;0;Red;0;Evacuees to Transfer;
3198.92,517,evacuee,outES,Evacuee 345 in triage category Y is not assigned a helicopter
3198.92,517,evacuee,,Evacuee;345;in triage state;R;is at the evacuation site
3206.18,3,evacueeManager,,OFF SHIP: White;0;Green;135;Yellow;24;Red;6;Black;305;ON SHIP: White;0;Green;0;Yellow;0;Red;0;Evacuees to Transfer;
3206.18,1012,evacuee,outES,Evacuee 355 in triage category G is not assigned a helicopter
3206.18,1012,evacuee,,Evacuee;355;in triage state;Y;is at the evacuation site
3208.16,3,evacueeManager,,OFF SHIP: White;0;Green;135;Yellow;23;Red;7;Black;305;ON SHIP: White;0;Green;0;Yellow;0;Red;0;Evacuees to Transfer;
3208.16,1012,evacuee,outES,Evacuee 355 in triage category Y is not assigned a helicopter
3208.16,1012,evacuee,,Evacuee;355;in triage state;R;is at the evacuation site
3210,5,helicopterQueue,,1;Helos are waiting to land;HeloID;1
3210,1161,helicopter,outES,Helicopter 1 is evacuating people1
3210,1161,helicopter,,Helicopter;1;is waiting to land at the evacuation site;;and has;0;spots taken
3210,4,helipadManager,,;No helos are at ES
3210,5,helicopterQueue,outHM,Helicopter 1 is evacuating people1
3210,5,helicopterQueue,outHelo,Helicopter 1 is evacuating people1
3210,5,helicopterQueue,,;No helos are waiting to land
3210,104,filterES,,
3210,1120,filterES,,
3210,1160,filterES,,Helicopter;1;is evacuating people
3210,3,evacueeManager,,OFF SHIP: White;0;Green;125;Yellow;23;Red;7;Black;305;ON SHIP: White;0;Green;0;Yellow;0;Red;0;Evacuees to Transfer;;EvacueeID;81;HeloID;1;OnShip;0;Triage Status;G;EvacueeID;83;HeloID;1;OnShip;0;Triage Status;G;EvacueeID;85;HeloID;1;OnShip;0;Triage Status;G;EvacueeID;90;HeloID;1;OnShip;0;Triage Status;G;EvacueeID;92;HeloID;1;OnShip;0;Triage Status;G;EvacueeID;93;HeloID;1;OnShip;0;Triage Status;G;EvacueeID;104;HeloID;1;OnShip;0;Triage Status;G;EvacueeID;105;HeloID;1;OnShip;0;Triage Status;G;EvacueeID;106;HeloID;1;OnShip;0;Triage Status;G;EvacueeID;117;HeloID;1;OnShip;0;Triage Status;G
3210,4,helipadManager,outEM,Helicopter 1 is evacuating people1
3210,4,helipadManager,,Helo;1;is at the ES
3210,1160,filterES,out,Helicopter 1 is evacuating people1
3210,1160,filterES,,
3210,1161,helicopter,,Helicopter;1;is waiting to land at the evacuation site;;and has;0;spots taken
3210,3,evacueeManager,outEvac,Evacuee 81 in triage category G is assigned helicopter 1
3210,3,evacueeManager,outEvac,Evacuee 83 in triage category G is assigned helicopter 1
3210,3,evacueeManager,outEvac,Evacuee 85 in triage category G is assigned helicopter 1
3210,3,evacueeManager,outEvac,Evacuee 90 in triage category G is assigned helicopter 1
3210,3,evacueeManager,outEvac,Evacuee 92 in triage category G is assigned helicopter 1
3210,3,evacueeManager,outEvac,Evacuee 93 in triage category G is assigned helicopter 1
3210,3,evacueeManager,outEvac,Evacuee 104 in triage category G is assigned helicopter 1
3210,3,evacueeManager,outEvac,Evacuee 105 in triage category G is assigned helicopter 1
3210,3,evacueeManager,outEvac,Evacuee 106 in triage category G is assigned helicopter 1
3210,3,evacueeManager,outEvac,Evacuee 117 in triage category G is assigned helicopter 1
3210,3,evacueeManager,,OFF SHIP: White;0;Green;125;Yellow;23;Red;7;Black;305;ON SHIP: White;0;Green;0;Yellow;0;Red;0;Evacuees to Transfer;
3210,7,filterLoc,,
3210,10,filterLoc,,
3210,13,filterLoc,,
3210,16,filterLoc,,
3210,19,filterLoc,,
3210,22,filterLoc,,
3210,25,filterLoc,,
3210,28,filterLoc,,
3210,31,filterLoc,,
3210,34,filterLoc,,
3210,37,filterLoc,,
3210,40,filterLoc,,
3210,43,filterLoc,,
3210,46,filterLoc,,
3210,49,filterLoc,,
3210,52,filterLoc,,
3210,55,filterLoc,,
3210,58,filterLoc,,
3210,61,filterLoc,,
3210,64,filterLoc,,
3210,67,filterLoc,,
3210,70,filterLoc,,
3210,73,filterLoc,,
3210,76,filterLoc,,
3210,79,filterLoc,,
3210,82,filterLoc,,
3210,85,filterLoc,,
3210,88,filterLoc,,
3210,91,filterLoc,,
3210,94,filterLoc,,
3210,97,filterLoc,,
3210,100,filterLoc,,
3210,107,filterLoc,,
3210,110,filterLoc,,
3210,113,filterLoc,,
3210,116,filterLoc,,
3210,119,filterLoc,,
3210,122,filterLoc,,
3210,125,filterLoc,,
3210,128,filterLoc,,
3210,131,filterLoc,,
3210,134,filterLoc,,
3210,137,filterLoc,,
3210,140,filterLoc,,
3210,143,filterLoc,,
3210,146,filterLoc,,
3210,149,filterLoc,,
3210,152,filterLoc,,
3210,155,filterLoc,,
3210,158,filterLoc,,
3210,161,filterLoc,,
3210,164,filterLoc,,
3210,167,filterLoc,,
3210,170,filterLoc,,
3210,173,filterLoc,,
3210,176,filterLoc,,
3210,179,filterLoc,,
3210,182,filterLoc,,
3210,185,filterLoc,,
3210,188,filterLoc,,
3210,191,filterLoc,,
3210,194,filterLoc,,
3210,197,filterLoc,,
3210,200,filterLoc,,
3210,203,filterLoc,,
3210,206,filterLoc,,
3210,209,filterLoc,,
3210,212,filterLoc,,
3210,215,filterLoc,,
3210,218,filterLoc,,
3210,221,filterLoc,,
3210,225,filterLoc,,
3210,228,filterLoc,,
3210,231,filterLoc,,
3210,234,filterLoc,,
3210,237,filterLoc,,
3210,240,filterLoc,,
3210,243,filterLoc,,
3210,246,filterLoc,,
3210,249,filterLoc,,
3210,252,filterLoc,,
3210,255,filterLoc,,
3210,258,filterLoc,,
3210,261,filterLoc,,
3210,264,filterLoc,,
3210,267,filterLoc,,
3210,270,filterLoc,,
3210,273,filterLoc,,
3210,276,filterLoc,,
3210,279,filterLoc,,
3210,282,filterLoc,,
3210,285,filterLoc,,
3210,288,filterLoc,,
3210,291,filterLoc,,
3210,294,filterLoc,,
3210,297,filterLoc,,
3210,300,filterLoc,,
3210,303,filterLoc,,
3210,306,filterLoc,,
3210,309,filterLoc,,
3210,312,filterLoc,,
3210,315,filterLoc,,
3210,318,filterLoc,,
3210,321,filterLoc,,
3210,324,filterLoc,,
3210,327,filterLoc,,
3210,330,filterLoc,,
3210,333,filterLoc,,
3210,336,filterLoc,,
3210,339,filterLoc,,
3210,342,filterLoc,,
3210,345,filterLoc,,
3210,348,filterLoc,,
3210,351,filterLoc,,
3210,354,filterLoc,,
3210,357,filterLoc,,
3210,360,filterLoc,,
3210,363,filterLoc,,
3210,366,filterLoc,,
3210,369,filterLoc,,
3210,372,filterLoc,,
3210,375,filterLoc,,
3210,378,filterLoc,,
3210,381,filterLoc,,
3210,384,filterLoc,,
3210,387,filterLoc,,
3210,390,filterLoc,,
3210,393,filterLoc,,
3210,396,filterLoc,,
3210,399,filterLoc,,
3210,402,filterLoc,,
3210,405,filterLoc,,
3210,408,filterLoc,,
3210,411,filterLoc,,
3210,414,filterLoc,,
3210,417,filterLoc,,
3210,420,filterLoc,,
3210,423,filterLoc,,
3210,426,filterLoc,,
3210,429,filterLoc,,
3210,432,filterLoc,,
3210,435,filterLoc,,
3210,438,filterLoc,,
3210,441,filterLoc,,
3210,444,filterLoc,,
3210,447,filterLoc,,
3210,450,filterLoc,,
3210,453,filterLoc,,
3210,456,filterLoc,,
3210,459,filterLoc,,
3210,462,filterLoc,,
3210,465,filterLoc,,
3210,468,filterLoc,,
3210,471,filterLoc,,
3210,474,filterLoc,,
3210,477,filterLoc,,
3210,480,filterLoc,,
3210,483,filterLoc,,;Evacuee;117;in triage category;G;is entering helicopter;1
3210,486,filterLoc,,
3210,489,filterLoc,,
3210,492,filterLoc,,
3210,495,filterLoc,,
3210,498,filterLoc,,
3210,501,filterLoc,,
3210,504,filterLoc,,
3210,507,filterLoc,,
3210,510,filterLoc,,
3210,513,filterLoc,,
3210,516,filterLoc,,
3210,519,filterLoc,,
3210,522,filterLoc,,
3210,525,filterLoc,,
3210,528,filterLoc,,
3210,531,filterLoc,,
3210,534,filterLoc,,
3210,537,filterLoc,,
3210,540,filterLoc,,;Evacuee;106;in triage category;G;is entering helicopter;1
3210,543,filterLoc,,
3210,546,filterLoc,,
3210,549,filterLoc,,
3210,552,filterLoc,,;Evacuee;105;in triage category;G;is entering helicopter;1
3210,555,filterLoc,,
3210,558,filterLoc,,
3210,561,filterLoc,,
3210,564,filterLoc,,
3210,567,filterLoc,,
3210,570,filterLoc,,
3210,573,filterLoc,,
3210,576,filterLoc,,
3210,579,filterLoc,,
3210,582,filterLoc,,
3210,585,filterLoc,,
3210,588,filterLoc,,
3210,591,filterLoc,,
3210,594,filterLoc,,
3210,597,filterLoc,,
3210,600,filterLoc,,
3210,603,filterLoc,,
3210,606,filterLoc,,;Evacuee;93;in triage category;G;is entering helicopter;1
3210,609,filterLoc,,
3210,612,filterLoc,,
3210,615,filterLoc,,;Evacuee;90;in triage category;G;is entering helicopter;1
3210,618,filterLoc,,;Evacuee;83;in triage category;G;is entering helicopter;1
3210,621,filterLoc,,
3210,624,filterLoc,,
3210,627,filterLoc,,
3210,630,filterLoc,,
3210,633,filterLoc,,
3210,636,filterLoc,,
3210,639,filterLoc,,
3210,642,filterLoc,,
3210,645,filterLoc,,
3210,648,filterLoc,,
3210,651,filterLoc,,
3210,654,filterLoc,,
3210,657,filterLoc,,
3210,660,filterLoc,,
3210,663,filterLoc,,
3210,666,filterLoc,,
3210,669,filterLoc,,
3210,672,filterLoc,,
3210,675,filterLoc,,
3210,678,filterLoc,,
3210,681,filterLoc,,
3210,684,filterLoc,,
3210,687,filterLoc,,
3210,690,filterLoc,,
3210,693,filterLoc,,
3210,696,filterLoc,,
3210,699,filterLoc,,
3210,702,filterLoc,,
3210,705,filterLoc,,
3210,708,filterLoc,,
3210,711,filterLoc,,
3210,714,filterLoc,,
3210,717,filterLoc,,
3210,720,filterLoc,,
3210,723,filterLoc,,
3210,726,filterLoc,,
3210,729,filterLoc,,
3210,732,filterLoc,,
3210,735,filterLoc,,
3210,738,filterLoc,,
3210,741,filterLoc,,
3210,744,filterLoc,,
3210,747,filterLoc,,
3210,750,filterLoc,,
3210,753,filterLoc,,
3210,756,filterLoc,,
3210,759,filterLoc,,
3210,762,filterLoc,,
3210,765,filterLoc,,
3210,768,filterLoc,,
3210,771,filterLoc,,
3210,774,filterLoc,,
3210,777,filterLoc,,
3210,780,filterLoc,,
3210,783,filterLoc,,
3210,786,filterLoc,,
3210,789,filterLoc,,
3210,792,filterLoc,,
3210,795,filterLoc,,
3210,798,filterLoc,,
3210,801,filterLoc,,
3210,804,filterLoc,,
3210,807,filterLoc,,
3210,810,filterLoc,,
3210,813,filterLoc,,;Evacuee;85;in triage category;G;is entering helicopter;1
3210,816,filterLoc,,
3210,819,filterLoc,,
3210,822,filterLoc,,
3210,825,filterLoc,,;Evacuee;81;in triage category;G;is entering helicopter;1
3210,828,filterLoc,,;Evacuee;104;in triage category;G;is entering helicopter;1
3210,831,filterLoc,,
3210,834,filterLoc,,
3210,837,filterLoc,,
3210,840,filterLoc,,
3210,843,filterLoc,,
3210,846,filterLoc,,
3210,849,filterLoc,,
3210,852,filterLoc,,
3210,855,filterLoc,,
3210,858,filterLoc,,
3210,861,filterLoc,,
3210,864,filterLoc,,
3210,867,filterLoc,,
3210,870,filterLoc,,
3210,873,filterLoc,,
3210,876,filterLoc,,
3210,879,filterLoc,,
3210,882,filterLoc,,
3210,885,filterLoc,,
3210,888,filterLoc,,
3210,891,filterLoc,,;Evacuee;92;in triage category;G;is entering helicopter;1
3210,894,filterLoc,,
3210,897,filterLoc,,
3210,900,filterLoc,,
3210,903,filterLoc,,
3210,906,filterLoc,,
3210,909,filterLoc,,
3210,912,filterLoc,,
3210,915,filterLoc,,
3210,918,filterLoc,,
3210,921,filterLoc,,
3210,924,filterLoc,,
3210,927,filterLoc,,
3210,930,filterLoc,,
3210,933,filterLoc,,
3210,936,filterLoc,,
3210,939,filterLoc,,
3210,942,filterLoc,,
3210,945,filterLoc,,
3210,948,filterLoc,,
3210,951,filterLoc,,
3210,954,filterLoc,,
3210,957,filterLoc,,
3210,960,filterLoc,,
3210,963,filterLoc,,
3210,966,filterLoc,,
3210,969,filterLoc,,
3210,972,filterLoc,,
3210,975,filterLoc,,
3210,978,filterLoc,,
3210,981,filterLoc,,
3210,984,filterLoc,,
3210,987,filterLoc,,
3210,990,filterLoc,,
3210,993,filterLoc,,
3210,996,filterLoc,,
3210,999,filterLoc,,
3210,1002,filterLoc,,
3210,1005,filterLoc,,
3210,1008,filterLoc,,
3210,1011,filterLoc,,
3210,1014,filterLoc,,
3210,1017,filterLoc,,
3210,1020,filterLoc,,
3210,1023,filterLoc,,
3210,1026,filterLoc,,
3210,1029,filterLoc,,
3210,1032,filterLoc,,
3210,1035,filterLoc,,
3210,1038,filterLoc,,
3210,1041,filterLoc,,
3210,1044,filterLoc,,
3210,1047,filterLoc,,
3210,1050,filterLoc,,
3210,1053,filterLoc,,
3210,1056,filterLoc,,
3210,1059,filterLoc,,
3210,1062,filterLoc,,
3210,1065,filterLoc,,
3210,1068,filterLoc,,
3210,1071,filterLoc,,
3210,1074,filterLoc,,
3210,1077,filterLoc,,
3210,1080,filterLoc,,
3210,1083,filterLoc,,
3210,1086,filterLoc,,
3210,1089,filterLoc,,
3210,1092,filterLoc,,
3210,1095,filterLoc,,
3210,1098,filterLoc,,
3210,1101,filterLoc,,
3210,1104,filterLoc,,
3210,1107,filterLoc,,
3210,1110,filterLoc,,
3210,1113,filterLoc,,
3210,1116,filterLoc,,
3210,1123,filterLoc,,
3210,1126,filterLoc,,
3210,1129,filterLoc,,
3210,1132,filterLoc,,
3210,1135,filterLoc,,
3210,1138,filterLoc,,
3210,1141,filterLoc,,
3210,1144,filterLoc,,
3210,1147,filterLoc,,
3210,1150,filterLoc,,
3210,1153,filterLoc,,
3210,1156,filterLoc,,
3210,1161,helicopter,,Helicopter;1;is loading people at the evacuation site;;and has;0;spots taken
3210,1163,filterLoc,,
3210,1166,filterLoc,,
3210,1169,filterLoc,,
3210,1172,filterLoc,,
3210,1175,filterLoc,,
3210,1178,filterLoc,,
3210,1181,filterLoc,,
3210,1184,filterLoc,,
3210,1187,filterLoc,,
3210,1190,filterLoc,,
3210,1193,filterLoc,,
3210,1196,filterLoc,,
3210,1199,filterLoc,,
3210,1202,filterLoc,,
3210,1205,filterLoc,,
3210,1208,filterLoc,,
3210,1211,filterLoc,,
3210,1214,filterLoc,,
3210,1217,filterLoc,,
3210,1220,filterLoc,,
3210,1223,filterLoc,,
3210,1226,filterLoc,,
3210,1229,filterLoc,,
3210,1232,filterLoc,,
3210,1235,filterLoc,,
3210,1238,filterLoc,,
3210,1241,filterLoc,,
3210,1244,filterLoc,,
3210,1247,filterLoc,,
3210,1250,filterLoc,,
3210,1253,filterLoc,,
3210,1256,filterLoc,,
3210,1259,filterLoc,,
3210,1262,filterLoc,,
3210,1265,filterLoc,,
3210,1268,filterLoc,,
3210,1271,filterLoc,,
3210,1274,filterLoc,,
3210,1277,filterLoc,,
3210,1280,filterLoc,,
3210,1283,filterLoc,,
3210,1286,filterLoc,,
3210,1289,filterLoc,,
3210,1292,filterLoc,,
3210,1295,filterLoc,,
3210,1298,filterLoc,,
3210,1301,filterLoc,,
3210,1304,filterLoc,,
3210,1307,filterLoc,,
3210,1310,filterLoc,,
3210,1313,filterLoc,,
3210,1316,filterLoc,,
3210,1319,filterLoc,,
3210,1322,filterLoc,,
3210,1325,filterLoc,,
3210,1328,filterLoc,,
3210,1331,filterLoc,,
3210,1334,filterLoc,,
3210,1337,filterLoc,,
3210,1340,filterLoc,,
3210,1343,filterLoc,,
3210,1346,filterLoc,,
3210,1349,filterLoc,,
3210,1352,filterLoc,,
3210,1355,filterLoc,,
3210,1358,filterLoc,,
3210,1361,filterLoc,,
3210,1364,filterLoc,,
3210,1367,filterLoc,,
3210,1370,filterLoc,,
3210,1373,filterLoc,,
3210,1376,filterLoc,,
3210,1379,filterLoc,,
3210,1382,filterLoc,,
3210,1385,filterLoc,,
3210,1388,filterLoc,,
3210,1391,filterLoc,,
3210,1394,filterLoc,,
3210,1397,filterLoc,,
3210,1400,filterLoc,,
3210,1403,filterLoc,,
3210,1406,filterLoc,,
3210,1409,filterLoc,,
3210,1412,filterLoc,,
3210,1415,filterLoc,,
3210,1418,filterLoc,,
3210,1421,filterLoc,,
3210,1424,filterLoc,,
3210,1427,filterLoc,,
3210,1430,filterLoc,,
3210,1433,filterLoc,,
3210,1436,filterLoc,,
3210,1439,filterLoc,,
3210,1442,filterLoc,,
3210,1445,filterLoc,,
3210,1448,filterLoc,,
3210,1451,filterLoc,,
3210,1454,filterLoc,,
3210,1457,filterLoc,,
3210,1460,filterLoc,,
3210,1463,filterLoc,,
3210,1466,filterLoc,,
3210,1469,filterLoc,,
3210,1472,filterLoc,,
3210,1475,filterLoc,,
3210,1478,filterLoc,,
3210,1481,filterLoc,,
3210,1484,filterLoc,,
3210,1487,filterLoc,,
3210,1490,filterLoc,,
3210,1493,filterLoc,,
3210,1496,filterLoc,,
3210,1499,filterLoc,,
3210,1502,filterLoc,,
3210,1505,filterLoc,,
3210,1508,filterLoc,,
3210,1511,filterLoc,,
3210,1514,filterLoc,,
3210,1517,filterLoc,,
3210,483,filterLoc,out,Evacuee 117 in triage category G is assigned helicopter 1
3210,483,filterLoc,,
3210,484,evacuee,,Evacuee;117;in triage state;G;is entering helicopter;1
3210,540,filterLoc,out,Evacuee 106 in triage category G is assigned helicopter 1
3210,540,filterLoc,,
3210,541,evacuee,,Evacuee;106;in triage state;G;is entering helicopter;1
3210,552,filterLoc,out,Evacuee 105 in triage category G is assigned helicopter 1
3210,552,filterLoc,,
3210,553,evacuee,,Evacuee;105;in triage state;G;is entering helicopter;1
3210,606,filterLoc,out,Evacuee 93 in triage category G is assigned helicopter 1
3210,606,filterLoc,,
3210,607,evacuee,,Evacuee;93;in triage state;G;is entering helicopter;1
3210,615,filterLoc,out,Evacuee 90 in triage category G is assigned helicopter 1
3210,615,filterLoc,,
3210,616,evacuee,,Evacuee;90;in triage state;G;is entering helicopter;1
3210,618,filterLoc,out,Evacuee 83 in triage category G is assigned helicopter 1
3210,618,filterLoc,,
3210,619,evacuee,,Evacuee;83;in triage state;G;is entering helicopter;1
3210,813,filterLoc,out,Evacuee 85 in triage category G is assigned helicopter 1
3210,813,filterLoc,,
3210,814,evacuee,,Evacuee;85;in triage state;G;is entering helicopter;1
3210,825,filterLoc,out,Evacuee 81 in triage category G is assigned helicopter 1
3210,825,filterLoc,,
3210,826,evacuee,,Evacuee;81;in triage state;G;is entering helicopter;1
3210,828,filterLoc,out,Evacuee 104 in triage category G is assigned helicopter 1
3210,828,filterLoc,,
3210,829,evacuee,,Evacuee;104;in triage state;G;is entering helicopter;1
3210,891,filterLoc,out,Evacuee 92 in triage category G is assigned helicopter 1
3210,891,filterLoc,,
3210,892,evacuee,,Evacuee;92;in triage state;G;is entering helicopter;1
3210,103,filterEvac,,
3210,484,evacuee,outHelo,Evacuee 117 in triage category G is assigned helicopter 1
3210,484,evacuee,,Evacuee;117;in triage state;G;is in helicopter;1
3210,541,evacuee,outHelo,Evacuee 106 in triage category G is assigned helicopter 1
3210,541,evacuee,,Evacuee;106;in triage state;G;is in helicopter;1
3210,553,evacuee,outHelo,Evacuee 105 in triage category G is assigned helicopter 1
3210,553,evacuee,,Evacuee;105;in triage state;G;is in helicopter;1
3210,607,evacuee,outHelo,Evacuee 93 in triage category G is assigned helicopter 1
3210,607,evacuee,,Evacuee;93;in triage state;G;is in helicopter;1
3210,616,evacuee,outHelo,Evacuee 90 in triage category G is assigned helicopter 1
3210,616,evacuee,,Evacuee;90;in triage state;G;is in helicopter;1
3210,619,evacuee,outHelo,Evacuee 83 in triage category G is assigned helicopter 1
3210,619,evacuee,,Evacuee;83;in triage state;G;is in helicopter;1
3210,814,evacuee,outHelo,Evacuee 85 in triage category G is assigned helicopter 1
3210,814,evacuee,,Evacuee;85;in triage state;G;is in helicopter;1
3210,826,evacuee,outHelo,Evacuee 81 in triage category G is assigned helicopter 1
3210,826,evacuee,,Evacuee;81;in triage state;G;is in helicopter;1
3210,829,evacuee,outHelo,Evacuee 104 in triage category G is assigned helicopter 1
3210,829,evacuee,,Evacuee;104;in triage state;G;is in helicopter;1
3210,892,evacuee,outHelo,Evacuee 92 in triage category G is assigned helicopter 1
3210,892,evacuee,,Evacuee;92;in triage state;G;is in helicopter;1
3210,1119,filterEvac,,
3210,1159,filterEvac,,;Evacuee;81;in triage category;G;is entering helicopter;1;Evacuee;83;in triage category;G;is entering helicopter;1;Evacuee;85;in triage category;G;is entering helicopter;1;Evacuee;90;in triage category;G;is entering helicopter;1;Evacuee;92;in triage category;G;is entering helicopter;1;Evacuee;93;in triage category;G;is entering helicopter;1;Evacuee;104;in triage category;G;is entering helicopter;1;Evacuee;105;in triage category;G;is entering helicopter;1;Evacuee;106;in triage category;G;is entering helicopter;1;Evacuee;117;in triage category;G;is entering helicopter;1
3210,1159,filterEvac,out,Evacuee 81 in triage category G is assigned helicopter 1
3210,1159,filterEvac,out,Evacuee 83 in triage category G is assigned helicopter 1
3210,1159,filterEvac,out,Evacuee 85 in triage category G is assigned helicopter 1
3210,1159,filterEvac,out,Evacuee 90 in triage category G is assigned helicopter 1
3210,1159,filterEvac,out,Evacuee 92 in triage category G is assigned helicopter 1
3210,1159,filterEvac,out,Evacuee 93 in triage category G is assigned helicopter 1
3210,1159,filterEvac,out,Evacuee 104 in triage category G is assigned helicopter 1
3210,1159,filterEvac,out,Evacuee 105 in triage category G is assigned helicopter 1
3210,1159,filterEvac,out,Evacuee 106 in triage category G is assigned helicopter 1
3210,1159,filterEvac,out,Evacuee 117 in triage category G is assigned helicopter 1
3210,1159,filterEvac,,
3210,1161,helicopter,,Helicopter;1;is loading people at the evacuation site;;and has;10;spots taken
3211.72,3,evacueeManager,,OFF SHIP: White;0;Green;125;Yellow;22;Red;8;Black;305;ON SHIP: White;0;Green;0;Yellow;0;Red;0;Evacuees to Transfer;
3211.72,529,evacuee,outES,Evacuee 109 in triage category Y is not assigned a helicopter
3211.72,529,evacuee,,Evacuee;109;in triage state;R;is at the evacuation site
3218.42,3,evacueeManager,,OFF SHIP: White;0;Green;124;Yellow;23;Red;8;Black;305;ON SHIP: White;0;Green;0;Yellow;0;Red;0;Evacuees to Transfer;
3218.42,247,evacuee,outES,Evacuee 357 in triage category G is not assigned a helicopter
3218.42,247,evacuee,,Evacuee;357;in triage state;Y;is at the evacuation site
3220.2,3,evacueeManager,,OFF SHIP: White;0;Green;124;Yellow;23;Red;7;Black;306;ON SHIP: White;0;Green;0;Yellow;0;Red;0;Evacuees to Transfer;
3220.2,1009,evacuee,outES,Evacuee 220 in triage category R is not assigned a helicopter
3220.2,1009,evacuee,,Evacuee;220;in triage state;B;is at the evacuation site
3225,4,helipadManager,outHelo,Helicopter 1 is evacuating people1
3225,4,helipadManager,,;No helos are at ES
3225,104,filterES,,
3225,1120,filterES,,
3225,1160,filterES,,Helicopter;1;is evacuating people
3225,4,helipadManager,outHQ,0
3225,4,helipadManager,,;No helos are at ES
3225,5,helicopterQueue,,;No helos are waiting to land
3225,1160,filterES,out,Helicopter 1 is evacuating people1
3225,1160,filterES,,
3225,1161,helicopter,,Helicopter;1;is loading people at the evacuation site;;and has;10;spots taken
3225,5,helicopterQueue,,;No helos are waiting to land
3225,1161,helicopter,,Helicopter;1;is returning to the FOL;;and has;10;spots taken
3229.52,3,evacueeManager,,OFF SHIP: White;0;Green;124;Yellow;23;Red;6;Black;307;ON SHIP: White;0;Green;0;Yellow;0;Red;0;Evacuees to Transfer;
3229.52,517,evacuee,outES,Evacuee 345 in triage category R is not assigned a helicopter
3229.52,517,evacuee,,Evacuee;345;in triage state;B;is at the evacuation site
3232.01,3,evacueeManager,,OFF SHIP: White;0;Green;124;Yellow;22;Red;7;Black;307;ON SHIP: White;0;Green;0;Yellow;0;Red;0;Evacuees to Transfer;
3232.01,1362,evacuee,outES,Evacuee 399 in triage category Y is not assigned a helicopter
3232.01,1362,evacuee,,Evacuee;399;in triage state;R;is at the evacuation site
3233.76,3,evacueeManager,,OFF SHIP: White;0;Green;124;Yellow;22;Red;6;Black;308;ON SHIP: White;0;Green;0;Yellow;0;Red;0;Evacuees to Transfer;
3233.76,1293,evacuee,outES,Evacuee 230 in triage category R is not assigned a helicopter
3233.76,1293,evacuee,,Evacuee;230;in triage state;B;is at the evacuation site
3235.22,3,evacueeManager,,OFF SHIP: White;0;Green;124;Yellow;22;Red;5;Black;309;ON SHIP: White;0;Green;0;Yellow;0;Red;0;Evacuees to Transfer;
3235.22,1078,evacuee,outES,Evacuee 336 in triage category R is not assigned a helicopter
3235.22,1078,evacuee,,Evacuee;336;in triage state;B;is at the evacuation site
3263.48,3,evacueeManager,,OFF SHIP: White;0;Green;123;Yellow;23;Red;5;Black;309;ON SHIP: White;0;Green;0;Yellow;0;Red;0;Evacuees to Transfer;
3263.48,1081,evacuee,outES,Evacuee 307 in triage category G is not assigned a helicopter
3263.48,1081,evacuee,,Evacuee;307;in triage state;Y;is at the evacuation site
3270,5,helicopterQueue,,1;Helos are waiting to land;HeloID;2
3270,1121,helicopter,outES,Helicopter 2 is evacuating people2
3270,1121,helicopter,,Helicopter;2;is waiting to land at the evacuation site;;and has;0;spots taken
3270,4,helipadManager,,;No helos are at ES
3270,5,helicopterQueue,outHM,Helicopter 2 is evacuating people2
3270,5,helicopterQueue,outHelo,Helicopter 2 is evacuating people2
3270,5,helicopterQueue,,;No helos are waiting to land
3270,104,filterES,,
3270,1120,filterES,,Helicopter;2;is evacuating people
3270,1160,filterES,,
3270,3,evacueeManager,,OFF SHIP: White;0;Green;113;Yellow;23;Red;5;Black;309;ON SHIP: White;0;Green;0;Yellow;0;Red;0;Evacuees to Transfer;;EvacueeID;121;HeloID;2;OnShip;0;Triage Status;G;EvacueeID;123;HeloID;2;OnShip;0;Triage Status;G;EvacueeID;127;HeloID;2;OnShip;0;Triage Status;G;EvacueeID;136;HeloID;2;OnShip;0;Triage Status;G;EvacueeID;144;HeloID;2;OnShip;0;Triage Status;G;EvacueeID;148;HeloID;2;OnShip;0;Triage Status;G;EvacueeID;152;HeloID;2;OnShip;0;Triage Status;G;EvacueeID;153;HeloID;2;OnShip;0;Triage Status;G;EvacueeID;158;HeloID;2;OnShip;0;Triage Status;G;EvacueeID;159;HeloID;2;OnShip;0;Triage Status;G
3270,4,helipadManager,outEM,Helicopter 2 is evacuating people2
3270,4,helipadManager,,Helo;2;is at the ES
3270,1120,filterES,out,Helicopter 2 is evacuating people2
3270,1120,filterES,,
3270,1121,helicopter,,Helicopter;2;is waiting to land at the evacuation site;;and has;0;spots taken
3270,3,evacueeManager,outEvac,Evacuee 121 in triage category G is assigned helicopter 2
3270,3,evacueeManager,outEvac,Evacuee 123 in triage category G is assigned helicopter 2
3270,3,evacueeManager,outEvac,Evacuee 127 in triage category G is assigned helicopter 2
3270,3,evacueeManager,outEvac,Evacuee 136 in triage category G is assigned helicopter 2
3270,3,evacueeManager,outEvac,Evacuee 144 in triage category G is assigned helicopter 2
3270,3,evacueeManager,outEvac,Evacuee 148 in triage category G is assigned helicopter 2
3270,3,evacueeManager,outEvac,Evacuee 152 in triage category G is assigned helicopter 2
3270,3,evacueeManager,outEvac,Evacuee 153 in triage category G is assigned helicopter 2
3270,3,evacueeManager,outEvac,Evacuee 158 in triage category G is assigned helicopter 2
3270,3,evacueeManager,outEvac,Evacuee 159 in triage category G is assigned helicopter 2
3270,3,evacueeManager,,OFF SHIP: White;0;Green;113;Yellow;23;Red;5;Black;309;ON SHIP: White;0;Green;0;Yellow;0;Red;0;Evacuees to Transfer;
3270,7,filterLoc,,
3270,10,filterLoc,,
3270,13,filterLoc,,
3270,16,filterLoc,,
3270,19,filterLoc,,
3270,22,filterLoc,,
3270,25,filterLoc,,
3270,28,filterLoc,,
3270,31,filterLoc,,
3270,34,filterLoc,,
3270,37,filterLoc,,
3270,40,filterLoc,,
3270,43,filterLoc,,
3270,46,filterLoc,,
3270,49,filterLoc,,
3270,52,filterLoc,,
3270,55,filterLoc,,
3270,58,filterLoc,,
3270,61,filterLoc,,
3270,64,filterLoc,,
3270,67,filterLoc,,
3270,70,filterLoc,,
3270,73,filterLoc,,
3270,76,filterLoc,,
3270,79,filterLoc,,
3270,82,filterLoc,,
3270,85,filterLoc,,
3270,88,filterLoc,,
3270,91,filterLoc,,
3270,94,filterLoc,,
3270,97,filterLoc,,
3270,100,filterLoc,,
3270,107,filterLoc,,
3270,110,filterLoc,,
3270,113,filterLoc,,
3270,116,filterLoc,,
3270,119,filterLoc,,
3270,122,filterLoc,,
3270,125,filterLoc,,
3270,128,filterLoc,,
3270,131,filterLoc,,
3270,134,filterLoc,,
3270,137,filterLoc,,
3270,140,filterLoc,,
3270,143,filterLoc,,
3270,146,filterLoc,,
3270,149,filterLoc,,
3270,152,filterLoc,,
3270,155,filterLoc,,
3270,158,filterLoc,,
3270,161,filterLoc,,
3270,164,filterLoc,,
3270,167,filterLoc,,
3270,170,filterLoc,,
3270,173,filterLoc,,
3270,176,filterLoc,,
3270,179,filterLoc,,
3270,182,filterLoc,,
3270,185,filterLoc,,
3270,188,filterLoc,,
3270,191,filterLoc,,
3270,194,filterLoc,,
3270,197,filterLoc,,
3270,200,filterLoc,,
3270,203,filterLoc,,
3270,206,filterLoc,,
3270,209,filterLoc,,
3270,212,filterLoc,,
3270,215,filterLoc,,
3270,218,filterLoc,,
3270,221,filterLoc,,
3270,225,filterLoc,,
3270,228,filterLoc,,
3270,231,filterLoc,,
3270,234,filterLoc,,
3270,237,filterLoc,,
3270,240,filterLoc,,
3270,243,filterLoc,,
3270,246,filterLoc,,
3270,249,filterLoc,,
3270,252,filterLoc,,
3270,255,filterLoc,,
3270,258,filterLoc,,
3270,261,filterLoc,,
3270,264,filterLoc,,
3270,267,filterLoc,,
3270,270,filterLoc,,
3270,273,filterLoc,,
3270,276,filterLoc,,
3270,279,filterLoc,,
3270,282,filterLoc,,
3270,285,filterLoc,,
3270,288,filterLoc,,
3270,291,filterLoc,,
3270,294,filterLoc,,
3270,297,filterLoc,,
3270,300,filterLoc,,
3270,303,filterLoc,,
3270,306,filterLoc,,
3270,309,filterLoc,,
3270,312,filterLoc,,
3270,315,filterLoc,,
3270,318,filterLoc,,
3270,321,filterLoc,,
3270,324,filterLoc,,
3270,327,filterLoc,,
3270,330,filterLoc,,
3270,333,filterLoc,,
3270,336,filterLoc,,
3270,339,filterLoc,,
3270,342,filterLoc,,
3270,345,filterLoc,,
3270,348,filterLoc,,
3270,351,filterLoc,,
3270,354,filterLoc,,
3270,357,filterLoc,,
3270,360,filterLoc,,
3270,363,filterLoc,,
3270,366,filterLoc,,
3270,369,filterLoc,,
3270,372,filterLoc,,
3270,375,filterLoc,,
3270,378,filterLoc,,
3270,381,filterLoc,,
3270,384,filterLoc,,
3270,387,filterLoc,,
3270,390,filterLoc,,
3270,393,filterLoc,,
3270,396,filterLoc,,
3270,399,filterLoc,,
3270,402,filterLoc,,
3270,405,filterLoc,,
3270,408,filterLoc,,
3270,411,filterLoc,,
3270,414,filterLoc,,
3270,417,filterLoc,,
3270,420,filterLoc,,
3270,423,filterLoc,,
3270,426,filterLoc,,
3270,429,filterLoc,,
3270,432,filterLoc,,
3270,435,filterLoc,,
3270,438,filterLoc,,
3270,441,filterLoc,,
3270,444,filterLoc,,
3270,447,filterLoc,,
3270,450,filterLoc,,
3270,453,filterLoc,,
3270,456,filterLoc,,
3270,459,filterLoc,,
3270,462,filterLoc,,
3270,465,filterLoc,,
3270,468,filterLoc,,
3270,471,filterLoc,,
3270,474,filterLoc,,
3270,477,filterLoc,,;Evacuee;121;in triage category;G;is entering helicopter;2
3270,480,filterLoc,,
3270,483,filterLoc,,
3270,486,filterLoc,,
3270,489,filterLoc,,
3270,492,filterLoc,,
3270,495,filterLoc,,
3270,498,filterLoc,,
3270,501,filterLoc,,
3270,504,filterLoc,,
3270,507,filterLoc,,
3270,510,filterLoc,,
3270,513,filterLoc,,
3270,516,filterLoc,,
3270,519,filterLoc,,
3270,522,filterLoc,,
3270,525,filterLoc,,
3270,528,filterLoc,,
3270,531,filterLoc,,
3270,534,filterLoc,,
3270,537,filterLoc,,
3270,540,filterLoc,,
3270,543,filterLoc,,
3270,546,filterLoc,,;Evacuee;148;in triage category;G;is entering helicopter;2
3270,549,filterLoc,,
3270,552,filterLoc,,
3270,555,filterLoc,,
3270,558,filterLoc,,
3270,561,filterLoc,,
3270,564,filterLoc,,
3270,567,filterLoc,,
3270,570,filterLoc,,
3270,573,filterLoc,,
3270,576,filterLoc,,
3270,579,filterLoc,,
3270,582,filterLoc,,
3270,585,filterLoc,,
3270,588,filterLoc,,
3270,591,filterLoc,,
3270,594,filterLoc,,
3270,597,filterLoc,,
3270,600,filterLoc,,
3270,603,filterLoc,,
3270,606,filterLoc,,
3270,609,filterLoc,,;Evacuee;136;in triage category;G;is entering helicopter;2
3270,612,filterLoc,,
3270,615,filterLoc,,
3270,618,filterLoc,,
3270,621,filterLoc,,;Evacuee;127;in triage category;G;is entering helicopter;2
3270,624,filterLoc,,
3270,627,filterLoc,,
3270,630,filterLoc,,
3270,633,filterLoc,,
3270,636,filterLoc,,
3270,639,filterLoc,,
3270,642,filterLoc,,
3270,645,filterLoc,,
3270,648,filterLoc,,
3270,651,filterLoc,,
3270,654,filterLoc,,
3270,657,filterLoc,,
3270,660,filterLoc,,
3270,663,filterLoc,,
3270,666,filterLoc,,
3270,669,filterLoc,,
3270,672,filterLoc,,
3270,675,filterLoc,,
3270,678,filterLoc,,
3270,681,filterLoc,,
3270,684,filterLoc,,
3270,687,filterLoc,,
3270,690,filterLoc,,
3270,693,filterLoc,,
3270,696,filterLoc,,
3270,699,filterLoc,,
3270,702,filterLoc,,
3270,705,filterLoc,,
3270,708,filterLoc,,
3270,711,filterLoc,,
3270,714,filterLoc,,
3270,717,filterLoc,,
3270,720,filterLoc,,
3270,723,filterLoc,,
3270,726,filterLoc,,
3270,729,filterLoc,,
3270,732,filterLoc,,
3270,735,filterLoc,,
3270,738,filterLoc,,
3270,741,filterLoc,,
3270,744,filterLoc,,
3270,747,filterLoc,,
3270,750,filterLoc,,
3270,753,filterLoc,,
3270,756,filterLoc,,
3270,759,filterLoc,,
3270,762,filterLoc,,
3270,765,filterLoc,,
3270,768,filterLoc,,
3270,771,filterLoc,,
3270,774,filterLoc,,
3270,777,filterLoc,,
3270,780,filterLoc,,
3270,783,filterLoc,,
3270,786,filterLoc,,
3270,789,filterLoc,,
3270,792,filterLoc,,
3270,795,filterLoc,,
3270,798,filterLoc,,
3270,801,filterLoc,,
3270,804,filterLoc,,
3270,807,filterLoc,,;Evacuee;158;in triage category;G;is entering helicopter;2
3270,810,filterLoc,,
3270,813,filterLoc,,
3270,816,filterLoc,,
3270,819,filterLoc,,
3270,822,filterLoc,,
3270,825,filterLoc,,
3270,828,filterLoc,,
3270,831,filterLoc,,
3270,834,filterLoc,,
3270,837,filterLoc,,
3270,840,filterLoc,,
3270,843,filterLoc,,
3270,846,filterLoc,,
3270,849,filterLoc,,
3270,852,filterLoc,,
3270,855,filterLoc,,
3270,858,filterLoc,,
3270,861,filterLoc,,
3270,864,filterLoc,,
3270,867,filterLoc,,
3270,870,filterLoc,,
3270,873,filterLoc,,
3270,876,filterLoc,,
3270,879,filterLoc,,
3270,882,filterLoc,,
3270,885,filterLoc,,
3270,888,filterLoc,,
3270,891,filterLoc,,
3270,894,filterLoc,,
3270,897,filterLoc,,
3270,900,filterLoc,,
3270,903,filterLoc,,
3270,906,filterLoc,,
3270,909,filterLoc,,
3270,912,filterLoc,,
3270,915,filterLoc,,
3270,918,filterLoc,,
3270,921,filterLoc,,
3270,924,filterLoc,,
3270,927,filterLoc,,
3270,930,filterLoc,,
3270,933,filterLoc,,
3270,936,filterLoc,,
3270,939,filterLoc,,
3270,942,filterLoc,,
3270,945,filterLoc,,
3270,948,filterLoc,,
3270,951,filterLoc,,
3270,954,filterLoc,,
3270,957,filterLoc,,
3270,960,filterLoc,,
3270,963,filterLoc,,
3270,966,filterLoc,,
3270,969,filterLoc,,
3270,972,filterLoc,,
3270,975,filterLoc,,
3270,978,filterLoc,,
3270,981,filterLoc,,
3270,984,filterLoc,,
3270,987,filterLoc,,
3270,990,filterLoc,,
3270,993,filterLoc,,
3270,996,filterLoc,,
3270,999,filterLoc,,
3270,1002,filterLoc,,
3270,1005,filterLoc,,
3270,1008,filterLoc,,
3270,1011,filterLoc,,
3270,1014,filterLoc,,
3270,1017,filterLoc,,
3270,1020,filterLoc,,
3270,1023,filterLoc,,
3270,1026,filterLoc,,
3270,1029,filterLoc,,
3270,1032,filterLoc,,
3270,1035,filterLoc,,
3270,1038,filterLoc,,
3270,1041,filterLoc,,
3270,1044,filterLoc,,
3270,1047,filterLoc,,
3270,1050,filterLoc,,
3270,1053,filterLoc,,
3270,1056,filterLoc,,
3270,1059,filterLoc,,
3270,1062,filterLoc,,
3270,1065,filterLoc,,
3270,1068,filterLoc,,
3270,1071,filterLoc,,
3270,1074,filterLoc,,
3270,1077,filterLoc,,
3270,1080,filterLoc,,
3270,1083,filterLoc,,
3270,1086,filterLoc,,
3270,1089,filterLoc,,
3270,1092,filterLoc,,
3270,1095,filterLoc,,
3270,1098,filterLoc,,;Evacuee;144;in triage category;G;is entering helicopter;2
3270,1101,filterLoc,,
3270,1104,filterLoc,,
3270,1107,filterLoc,,
3270,1110,filterLoc,,
3270,1113,filterLoc,,
3270,1116,filterLoc,,
3270,1121,helicopter,,Helicopter;2;is loading people at the evacuation site;;and has;0;spots taken
3270,1123,filterLoc,,
3270,1126,filterLoc,,
3270,1129,filterLoc,,
3270,1132,filterLoc,,
3270,1135,filterLoc,,
3270,1138,filterLoc,,
3270,1141,filterLoc,,
3270,1144,filterLoc,,
3270,1147,filterLoc,,
3270,1150,filterLoc,,
3270,1153,filterLoc,,
3270,1156,filterLoc,,
3270,1163,filterLoc,,
3270,1166,filterLoc,,
3270,1169,filterLoc,,
3270,1172,filterLoc,,
3270,1175,filterLoc,,
3270,1178,filterLoc,,
3270,1181,filterLoc,,
3270,1184,filterLoc,,
3270,1187,filterLoc,,
3270,1190,filterLoc,,
3270,1193,filterLoc,,
3270,1196,filterLoc,,
3270,1199,filterLoc,,
3270,1202,filterLoc,,
3270,1205,filterLoc,,
3270,1208,filterLoc,,
3270,1211,filterLoc,,
3270,1214,filterLoc,,
3270,1217,filterLoc,,
3270,1220,filterLoc,,
3270,1223,filterLoc,,
3270,1226,filterLoc,,
3270,1229,filterLoc,,;Evacuee;152;in triage category;G;is entering helicopter;2
3270,1232,filterLoc,,;Evacuee;153;in triage category;G;is entering helicopter;2
3270,1235,filterLoc,,
3270,1238,filterLoc,,;Evacuee;123;in triage category;G;is entering helicopter;2
3270,1241,filterLoc,,;Evacuee;159;in triage category;G;is entering helicopter;2
3270,1244,filterLoc,,
3270,1247,filterLoc,,
3270,1250,filterLoc,,
3270,1253,filterLoc,,
3270,1256,filterLoc,,
3270,1259,filterLoc,,
3270,1262,filterLoc,,
3270,1265,filterLoc,,
3270,1268,filterLoc,,
3270,1271,filterLoc,,
3270,1274,filterLoc,,
3270,1277,filterLoc,,
3270,1280,filterLoc,,
3270,1283,filterLoc,,
3270,1286,filterLoc,,
3270,1289,filterLoc,,
3270,1292,filterLoc,,
3270,1295,filterLoc,,
3270,1298,filterLoc,,
3270,1301,filterLoc,,
3270,1304,filterLoc,,
3270,1307,filterLoc,,
3270,1310,filterLoc,,
3270,1313,filterLoc,,
3270,1316,filterLoc,,
3270,1319,filterLoc,,
3270,1322,filterLoc,,
3270,1325,filterLoc,,
3270,1328,filterLoc,,
3270,1331,filterLoc,,
3270,1334,filterLoc,,
3270,1337,filterLoc,,
3270,1340,filterLoc,,
3270,1343,filterLoc,,
3270,1346,filterLoc,,
3270,1349,filterLoc,,
3270,1352,filterLoc,,
3270,1355,filterLoc,,
3270,1358,filterLoc,,
3270,1361,filterLoc,,
3270,1364,filterLoc,,
3270,1367,filterLoc,,
3270,1370,filterLoc,,
3270,1373,filterLoc,,
3270,1376,filterLoc,,
3270,1379,filterLoc,,
3270,1382,filterLoc,,
3270,1385,filterLoc,,
3270,1388,filterLoc,,
3270,1391,filterLoc,,
3270,1394,filterLoc,,
3270,1397,filterLoc,,
3270,1400,filterLoc,,
3270,1403,filterLoc,,
3270,1406,filterLoc,,
3270,1409,filterLoc,,
3270,1412,filterLoc,,
3270,1415,filterLoc,,
3270,1418,filterLoc,,
3270,1421,filterLoc,,
3270,1424,filterLoc,,
3270,1427,filterLoc,,
3270,1430,filterLoc,,
3270,1433,filterLoc,,
3270,1436,filterLoc,,
3270,1439,filterLoc,,
3270,1442,filterLoc,,
3270,1445,filterLoc,,
3270,1448,filterLoc,,
3270,1451,filterLoc,,
3270,1454,filterLoc,,
3270,1457,filterLoc,,
3270,1460,filterLoc,,
3270,1463,filterLoc,,
3270,1466,filterLoc,,
3270,1469,filterLoc,,
3270,1472,filterLoc,,
3270,1475,filterLoc,,
3270,1478,filterLoc,,
3270,1481,filterLoc,,
3270,1484,filterLoc,,
3270,1487,filterLoc,,
3270,1490,filterLoc,,
3270,1493,filterLoc,,
3270,1496,filterLoc,,
3270,1499,filterLoc,,
3270,1502,filterLoc,,
3270,1505,filterLoc,,
3270,1508,filterLoc,,
3270,1511,filterLoc,,
3270,1514,filterLoc,,
3270,1517,filterLoc,,
3270,477,filterLoc,out,Evacuee 121 in triage category G is assigned helicopter 2
3270,477,filterLoc,,
3270,478,evacuee,,Evacuee;121;in triage state;G;is entering helicopter;2
3270,546,filterLoc,out,Evacuee 148 in triage category G is assigned helicopter 2
3270,546,filterLoc,,
3270,547,evacuee,,Evacuee;148;in triage state;G;is entering helicopter;2
3270,609,filterLoc,out,Evacuee 136 in triage category G is assigned helicopter 2
3270,609,filterLoc,,
3270,610,evacuee,,Evacuee;136;in triage state;G;is entering helicopter;2
3270,621,filterLoc,out,Evacuee 127 in triage category G is assigned helicopter 2
3270,621,filterLoc,,
3270,622,evacuee,,Evacuee;127;in triage state;G;is entering helicopter;2
3270,807,filterLoc,out,Evacuee 158 in triage category G is assigned helicopter 2
3270,807,filterLoc,,
3270,808,evacuee,,Evacuee;158;in triage state;G;is entering helicopter;2
3270,1098,filterLoc,out,Evacuee 144 in triage category G is assigned helicopter 2
3270,1098,filterLoc,,
3270,1099,evacuee,,Evacuee;144;in triage state;G;is entering helicopter;2
3270,1229,filterLoc,out,Evacuee 152 in triage category G is assigned helicopter 2
3270,1229,filterLoc,,
3270,1230,evacuee,,Evacuee;152;in triage state;G;is entering helicopter;2
3270,1232,filterLoc,out,Evacuee 153 in triage category G is assigned helicopter 2
3270,1232,filterLoc,,
3270,1233,evacuee,,Evacuee;153;in triage state;G;is entering helicopter;2
3270,1238,filterLoc,out,Evacuee 123 in triage category G is assigned helicopter 2
3270,1238,filterLoc,,
3270,1239,evacuee,,Evacuee;123;in triage state;G;is entering helicopter;2
3270,1241,filterLoc,out,Evacuee 159 in triage category G is assigned helicopter 2
3270,1241,filterLoc,,
3270,1242,evacuee,,Evacuee;159;in triage state;G;is entering helicopter;2
3270,103,filterEvac,,
3270,478,evacuee,outHelo,Evacuee 121 in triage category G is assigned helicopter 2
3270,478,evacuee,,Evacuee;121;in triage state;G;is in helicopter;2
3270,547,evacuee,outHelo,Evacuee 148 in triage category G is assigned helicopter 2
3270,547,evacuee,,Evacuee;148;in triage state;G;is in helicopter;2
3270,610,evacuee,outHelo,Evacuee 136 in triage category G is assigned helicopter 2
3270,610,evacuee,,Evacuee;136;in triage state;G;is in helicopter;2
3270,622,evacuee,outHelo,Evacuee 127 in triage category G is assigned helicopter 2
3270,622,evacuee,,Evacuee;127;in triage state;G;is in helicopter;2
3270,808,evacuee,outHelo,Evacuee 158 in triage category G is assigned helicopter 2
3270,808,evacuee,,Evacuee;158;in triage state;G;is in helicopter;2
3270,1099,evacuee,outHelo,Evacuee 144 in triage category G is assigned helicopter 2
3270,1099,evacuee,,Evacuee;144;in triage state;G;is in helicopter;2
3270,1119,filterEvac,,;Evacuee;121;in triage category;G;is entering helicopter;2;Evacuee;123;in triage category;G;is entering helicopter;2;Evacuee;127;in triage category;G;is entering helicopter;2;Evacuee;136;in triage category;G;is entering helicopter;2;Evacuee;144;in triage category;G;is entering helicopter;2;Evacuee;148;in triage category;G;is entering helicopter;2;Evacuee;152;in triage category;G;is entering helicopter;2;Evacuee;153;in triage category;G;is entering helicopter;2;Evacuee;158;in triage category;G;is entering helicopter;2;Evacuee;159;in triage category;G;is entering helicopter;2
3270,1159,filterEvac,,
3270,1230,evacuee,outHelo,Evacuee 152 in triage category G is assigned helicopter 2
3270,1230,evacuee,,Evacuee;152;in triage state;G;is in helicopter;2
3270,1233,evacuee,outHelo,Evacuee 153 in triage category G is assigned helicopter 2
3270,1233,evacuee,,Evacuee;153;in triage state;G;is in helicopter;2
3270,1239,evacuee,outHelo,Evacuee 123 in triage category G is assigned helicopter 2
3270,1239,evacuee,,Evacuee;123;in triage state;G;is in helicopter;2
3270,1242,evacuee,outHelo,Evacuee 159 in triage category G is assigned helicopter 2
3270,1242,evacuee,,Evacuee;159;in triage state;G;is in helicopter;2
3270,1119,filterEvac,out,Evacuee 121 in triage category G is assigned helicopter 2
3270,1119,filterEvac,out,Evacuee 123 in triage category G is assigned helicopter 2
3270,1119,filterEvac,out,Evacuee 127 in triage category G is assigned helicopter 2
3270,1119,filterEvac,out,Evacuee 136 in triage category G is assigned helicopter 2
3270,1119,filterEvac,out,Evacuee 144 in triage category G is assigned helicopter 2
3270,1119,filterEvac,out,Evacuee 148 in triage category G is assigned helicopter 2
3270,1119,filterEvac,out,Evacuee 152 in triage category G is assigned helicopter 2
3270,1119,filterEvac,out,Evacuee 153 in triage category G is assigned helicopter 2
3270,1119,filterEvac,out,Evacuee 158 in triage category G is assigned helicopter 2
3270,1119,filterEvac,out,Evacuee 159 in triage category G is assigned helicopter 2
3270,1119,filterEvac,,
3270,1121,helicopter,,Helicopter;2;is loading people at the evacuation site;;and has;10;spots taken
3272.71,3,evacueeManager,,OFF SHIP: White;0;Green;112;Yellow;24;Red;5;Black;309;ON SHIP: White;0;Green;0;Yellow;0;Red;0;Evacuees to Transfer;
3272.71,418,evacuee,outES,Evacuee 277 in triage category G is not assigned a helicopter
3272.71,418,evacuee,,Evacuee;277;in triage state;Y;is at the evacuation site
3274.97,3,evacueeManager,,OFF SHIP: White;0;Green;112;Yellow;24;Red;4;Black;310;ON SHIP: White;0;Green;0;Yellow;0;Red;0;Evacuees to Transfer;
3274.97,132,evacuee,outES,Evacuee 411 in triage category R is not assigned a helicopter
3274.97,132,evacuee,,Evacuee;411;in triage state;B;is at the evacuation site
3277.86,3,evacueeManager,,OFF SHIP: White;0;Green;111;Yellow;25;Red;4;Black;310;ON SHIP: White;0;Green;0;Yellow;0;Red;0;Evacuees to Transfer;
3277.86,361,evacuee,outES,Evacuee 293 in triage category G is not assigned a helicopter
3277.86,361,evacuee,,Evacuee;293;in triage state;Y;is at the evacuation site
3283.52,3,evacueeManager,,OFF SHIP: White;0;Green;110;Yellow;26;Red;4;Black;310;ON SHIP: White;0;Green;0;Yellow;0;Red;0;Evacuees to Transfer;
3283.52,535,evacuee,outES,Evacuee 358 in triage category G is not assigned a helicopter
3283.52,535,evacuee,,Evacuee;358;in triage state;Y;is at the evacuation site
3285,4,helipadManager,outHelo,Helicopter 2 is evacuating people2
3285,4,helipadManager,,;No helos are at ES
3285,104,filterES,,
3285,1120,filterES,,Helicopter;2;is evacuating people
3285,1160,filterES,,
3285,4,helipadManager,outHQ,0
3285,4,helipadManager,,;No helos are at ES
3285,5,helicopterQueue,,;No helos are waiting to land
3285,1120,filterES,out,Helicopter 2 is evacuating people2
3285,1120,filterES,,
3285,1121,helicopter,,Helicopter;2;is loading people at the evacuation site;;and has;10;spots taken
3285,5,helicopterQueue,,;No helos are waiting to land
3285,1121,helicopter,,Helicopter;2;is returning to the FOL;;and has;10;spots taken
3288.56,3,evacueeManager,,OFF SHIP: White;0;Green;110;Yellow;25;Red;5;Black;310;ON SHIP: White;0;Green;0;Yellow;0;Red;0;Evacuees to Transfer;
3288.56,301,evacuee,outES,Evacuee 466 in triage category Y is not assigned a helicopter
3288.56,301,evacuee,,Evacuee;466;in triage state;R;is at the evacuation site
3288.58,3,evacueeManager,,OFF SHIP: White;0;Green;110;Yellow;25;Red;4;Black;311;ON SHIP: White;0;Green;0;Yellow;0;Red;0;Evacuees to Transfer;
3288.58,301,evacuee,outES,Evacuee 466 in triage category R is not assigned a helicopter
3288.58,301,evacuee,,Evacuee;466;in triage state;B;is at the evacuation site
3289.54,3,evacueeManager,,OFF SHIP: White;0;Green;110;Yellow;25;Red;3;Black;312;ON SHIP: White;0;Green;0;Yellow;0;Red;0;Evacuees to Transfer;
3289.54,355,evacuee,outES,Evacuee 295 in triage category R is not assigned a helicopter
3289.54,355,evacuee,,Evacuee;295;in triage state;B;is at the evacuation site
3304.14,3,evacueeManager,,OFF SHIP: White;0;Green;110;Yellow;24;Red;4;Black;312;ON SHIP: White;0;Green;0;Yellow;0;Red;0;Evacuees to Transfer;
3304.14,1431,evacuee,outES,Evacuee 219 in triage category Y is not assigned a helicopter
3304.14,1431,evacuee,,Evacuee;219;in triage state;R;is at the evacuation site
3305.28,3,evacueeManager,,OFF SHIP: White;0;Green;110;Yellow;23;Red;5;Black;312;ON SHIP: White;0;Green;0;Yellow;0;Red;0;Evacuees to Transfer;
3305.28,535,evacuee,outES,Evacuee 358 in triage category Y is not assigned a helicopter
3305.28,535,evacuee,,Evacuee;358;in triage state;R;is at the evacuation site
3318.57,3,evacueeManager,,OFF SHIP: White;0;Green;110;Yellow;22;Red;6;Black;312;ON SHIP: White;0;Green;0;Yellow;0;Red;0;Evacuees to Transfer;
3318.57,526,evacuee,outES,Evacuee 299 in triage category Y is not assigned a helicopter
3318.57,526,evacuee,,Evacuee;299;in triage state;R;is at the evacuation site
3319.35,3,evacueeManager,,OFF SHIP: White;0;Green;110;Yellow;21;Red;7;Black;312;ON SHIP: White;0;Green;0;Yellow;0;Red;0;Evacuees to Transfer;
3319.35,1497,evacuee,outES,Evacuee 59 in triage category Y is not assigned a helicopter
3319.35,1497,evacuee,,Evacuee;59;in triage state;R;is at the evacuation site
3320.9,3,evacueeManager,,OFF SHIP: White;0;Green;109;Yellow;22;Red;7;Black;312;ON SHIP: White;0;Green;0;Yellow;0;Red;0;Evacuees to Transfer;
3320.9,604,evacuee,outES,Evacuee 342 in triage category G is not assigned a helicopter
3320.9,604,evacuee,,Evacuee;342;in triage state;Y;is at the evacuation site
3328.01,3,evacueeManager,,OFF SHIP: White;0;Green;109;Yellow;21;Red;8;Black;312;ON SHIP: White;0;Green;0;Yellow;0;Red;0;Evacuees to Transfer;
3328.01,418,evacuee,outES,Evacuee 277 in triage category Y is not assigned a helicopter
3328.01,418,evacuee,,Evacuee;277;in triage state;R;is at the evacuation site
3329.36,3,evacueeManager,,OFF SHIP: White;0;Green;109;Yellow;21;Red;7;Black;313;ON SHIP: White;0;Green;0;Yellow;0;Red;0;Evacuees to Transfer;
3329.36,1497,evacuee,outES,Evacuee 59 in triage category R is not assigned a helicopter
3329.36,1497,evacuee,,Evacuee;59;in triage state;B;is at the evacuation site
3330,5,helicopterQueue,,1;Helos are waiting to land;HeloID;3
3330,105,helicopter,outES,Helicopter 3 is evacuating people3
3330,105,helicopter,,Helicopter;3;is waiting to land at the evacuation site;;and has;0;spots taken
3330,4,helipadManager,,;No helos are at ES
3330,5,helicopterQueue,outHM,Helicopter 3 is evacuating people3
3330,5,helicopterQueue,outHelo,Helicopter 3 is evacuating people3
3330,5,helicopterQueue,,;No helos are waiting to land
3330,104,filterES,,Helicopter;3;is evacuating people
3330,1120,filterES,,
3330,1160,filterES,,
3330,3,evacueeManager,,OFF SHIP: White;0;Green;99;Yellow;21;Red;7;Black;313;ON SHIP: White;0;Green;0;Yellow;0;Red;0;Evacuees to Transfer;;EvacueeID;161;HeloID;3;OnShip;0;Triage Status;G;EvacueeID;164;HeloID;3;OnShip;0;Triage Status;G;EvacueeID;165;HeloID;3;OnShip;0;Triage Status;G;EvacueeID;169;HeloID;3;OnShip;0;Triage Status;G;EvacueeID;170;HeloID;3;OnShip;0;Triage Status;G;EvacueeID;171;HeloID;3;OnShip;0;Triage Status;G;EvacueeID;174;HeloID;3;OnShip;0;Triage Status;G;EvacueeID;177;HeloID;3;OnShip;0;Triage Status;G;EvacueeID;181;HeloID;3;OnShip;0;Triage Status;G;EvacueeID;187;HeloID;3;OnShip;0;Triage Status;G
3330,4,helipadManager,outEM,Helicopter 3 is evacuating people3
3330,4,helipadManager,,Helo;3;is at the ES
3330,104,filterES,out,Helicopter 3 is evacuating people3
3330,104,filterES,,
3330,105,helicopter,,Helicopter;3;is waiting to land at the evacuation site;;and has;0;spots taken
3330,3,evacueeManager,outEvac,Evacuee 161 in triage category G is assigned helicopter 3
3330,3,evacueeManager,outEvac,Evacuee 164 in triage category G is assigned helicopter 3
3330,3,evacueeManager,outEvac,Evacuee 165 in triage category G is assigned helicopter 3
3330,3,evacueeManager,outEvac,Evacuee 169 in triage category G is assigned helicopter 3
3330,3,evacueeManager,outEvac,Evacuee 170 in triage category G is assigned helicopter 3
3330,3,evacueeManager,outEvac,Evacuee 171 in triage category G is assigned helicopter 3
3330,3,evacueeManager,outEvac,Evacuee 174 in triage category G is assigned helicopter 3
3330,3,evacueeManager,outEvac,Evacuee 177 in triage category G is assigned helicopter 3
3330,3,evacueeManager,outEvac,Evacuee 181 in triage category G is assigned helicopter 3
3330,3,evacueeManager,outEvac,Evacuee 187 in triage category G is assigned helicopter 3
3330,3,evacueeManager,,OFF SHIP: White;0;Green;99;Yellow;21;Red;7;Black;313;ON SHIP: White;0;Green;0;Yellow;0;Red;0;Evacuees to Transfer;
3330,7,filterLoc,,
3330,10,filterLoc,,
3330,13,filterLoc,,
3330,16,filterLoc,,
3330,19,filterLoc,,
3330,22,filterLoc,,
3330,25,filterLoc,,
3330,28,filterLoc,,
3330,31,filterLoc,,
3330,34,filterLoc,,
3330,37,filterLoc,,
3330,40,filterLoc,,
3330,43,filterLoc,,
3330,46,filterLoc,,
3330,49,filterLoc,,
3330,52,filterLoc,,
3330,55,filterLoc,,
3330,58,filterLoc,,
3330,61,filterLoc,,
3330,64,filterLoc,,
3330,67,filterLoc,,
3330,70,filterLoc,,
3330,73,filterLoc,,
3330,76,filterLoc,,
3330,79,filterLoc,,
3330,82,filterLoc,,
3330,85,filterLoc,,
3330,88,filterLoc,,
3330,91,filterLoc,,
3330,94,filterLoc,,
3330,97,filterLoc,,
3330,100,filterLoc,,
3330,105,helicopter,,Helicopter;3;is loading people at the evacuation site;;and has;0;spots taken
3330,107,filterLoc,,
3330,110,filterLoc,,
3330,113,filterLoc,,
3330,116,filterLoc,,
3330,119,filterLoc,,
3330,122,filterLoc,,
3330,125,filterLoc,,
3330,128,filterLoc,,
3330,131,filterLoc,,
3330,134,filterLoc,,
3330,137,filterLoc,,
3330,140,filterLoc,,
3330,143,filterLoc,,
3330,146,filterLoc,,
3330,149,filterLoc,,
3330,152,filterLoc,,
3330,155,filterLoc,,
3330,158,filterLoc,,
3330,161,filterLoc,,
3330,164,filterLoc,,
3330,167,filterLoc,,
3330,170,filterLoc,,
3330,173,filterLoc,,
3330,176,filterLoc,,
3330,179,filterLoc,,
3330,182,filterLoc,,
3330,185,filterLoc,,
3330,188,filterLoc,,
3330,191,filterLoc,,
3330,194,filterLoc,,
3330,197,filterLoc,,
3330,200,filterLoc,,
3330,203,filterLoc,,
3330,206,filterLoc,,
3330,209,filterLoc,,
3330,212,filterLoc,,
3330,215,filterLoc,,
3330,218,filterLoc,,
3330,221,filterLoc,,
3330,225,filterLoc,,
3330,228,filterLoc,,
3330,231,filterLoc,,
3330,234,filterLoc,,
3330,237,filterLoc,,
3330,240,filterLoc,,
3330,243,filterLoc,,
3330,246,filterLoc,,
3330,249,filterLoc,,
3330,252,filterLoc,,
3330,255,filterLoc,,
3330,258,filterLoc,,
3330,261,filterLoc,,
3330,264,filterLoc,,
3330,267,filterLoc,,
3330,270,filterLoc,,
3330,273,filterLoc,,
3330,276,filterLoc,,
3330,279,filterLoc,,
3330,282,filterLoc,,
3330,285,filterLoc,,
3330,288,filterLoc,,
3330,291,filterLoc,,
3330,294,filterLoc,,
3330,297,filterLoc,,
3330,300,filterLoc,,
3330,303,filterLoc,,
3330,306,filterLoc,,
3330,309,filterLoc,,
3330,312,filterLoc,,
3330,315,filterLoc,,
3330,318,filterLoc,,
3330,321,filterLoc,,
3330,324,filterLoc,,
3330,327,filterLoc,,
3330,330,filterLoc,,
3330,333,filterLoc,,
3330,336,filterLoc,,
3330,339,filterLoc,,
3330,342,filterLoc,,
3330,345,filterLoc,,
3330,348,filterLoc,,
3330,351,filterLoc,,
3330,354,filterLoc,,
3330,357,filterLoc,,
3330,360,filterLoc,,
3330,363,filterLoc,,
3330,366,filterLoc,,
3330,369,filterLoc,,
3330,372,filterLoc,,
3330,375,filterLoc,,
3330,378,filterLoc,,
3330,381,filterLoc,,
3330,384,filterLoc,,
3330,387,filterLoc,,
3330,390,filterLoc,,
3330,393,filterLoc,,
3330,396,filterLoc,,
3330,399,filterLoc,,
3330,402,filterLoc,,
3330,405,filterLoc,,
3330,408,filterLoc,,
3330,411,filterLoc,,
3330,414,filterLoc,,
3330,417,filterLoc,,
3330,420,filterLoc,,
3330,423,filterLoc,,
3330,426,filterLoc,,
3330,429,filterLoc,,
3330,432,filterLoc,,
3330,435,filterLoc,,
3330,438,filterLoc,,
3330,441,filterLoc,,
3330,444,filterLoc,,
3330,447,filterLoc,,
3330,450,filterLoc,,
3330,453,filterLoc,,
3330,456,filterLoc,,
3330,459,filterLoc,,
3330,462,filterLoc,,
3330,465,filterLoc,,
3330,468,filterLoc,,
3330,471,filterLoc,,
3330,474,filterLoc,,
3330,477,filterLoc,,
3330,480,filterLoc,,
3330,483,filterLoc,,
3330,486,filterLoc,,
3330,489,filterLoc,,
3330,492,filterLoc,,
3330,495,filterLoc,,
3330,498,filterLoc,,
3330,501,filterLoc,,
3330,504,filterLoc,,
3330,507,filterLoc,,
3330,510,filterLoc,,
3330,513,filterLoc,,
3330,516,filterLoc,,
3330,519,filterLoc,,
3330,522,filterLoc,,
3330,525,filterLoc,,
3330,528,filterLoc,,
3330,531,filterLoc,,
3330,534,filterLoc,,
3330,537,filterLoc,,
3330,540,filterLoc,,
3330,543,filterLoc,,
3330,546,filterLoc,,
3330,549,filterLoc,,
3330,552,filterLoc,,
3330,555,filterLoc,,
3330,558,filterLoc,,
3330,561,filterLoc,,
3330,564,filterLoc,,
3330,567,filterLoc,,
3330,570,filterLoc,,
3330,573,filterLoc,,
3330,576,filterLoc,,
3330,579,filterLoc,,
3330,582,filterLoc,,
3330,585,filterLoc,,
3330,588,filterLoc,,
3330,591,filterLoc,,
3330,594,filterLoc,,
3330,597,filterLoc,,
3330,600,filterLoc,,
3330,603,filterLoc,,
3330,606,filterLoc,,
3330,609,filterLoc,,
3330,612,filterLoc,,
3330,615,filterLoc,,
3330,618,filterLoc,,
3330,621,filterLoc,,
3330,624,filterLoc,,
3330,627,filterLoc,,
3330,630,filterLoc,,
3330,633,filterLoc,,
3330,636,filterLoc,,
3330,639,filterLoc,,
3330,642,filterLoc,,
3330,645,filterLoc,,
3330,648,filterLoc,,
3330,651,filterLoc,,
3330,654,filterLoc,,
3330,657,filterLoc,,
3330,660,filterLoc,,
3330,663,filterLoc,,
3330,666,filterLoc,,
3330,669,filterLoc,,
3330,672,filterLoc,,
3330,675,filterLoc,,;Evacuee;165;in triage category;G;is entering helicopter;3
3330,678,filterLoc,,
3330,681,filterLoc,,
3330,684,filterLoc,,
3330,687,filterLoc,,
3330,690,filterLoc,,
3330,693,filterLoc,,
3330,696,filterLoc,,
3330,699,filterLoc,,
3330,702,filterLoc,,
3330,705,filterLoc,,
3330,708,filterLoc,,
3330,711,filterLoc,,
3330,714,filterLoc,,
3330,717,filterLoc,,
3330,720,filterLoc,,
3330,723,filterLoc,,
3330,726,filterLoc,,
3330,729,filterLoc,,
3330,732,filterLoc,,
3330,735,filterLoc,,
3330,738,filterLoc,,
3330,741,filterLoc,,
3330,744,filterLoc,,
3330,747,filterLoc,,
3330,750,filterLoc,,
3330,753,filterLoc,,
3330,756,filterLoc,,
3330,759,filterLoc,,
3330,762,filterLoc,,
3330,765,filterLoc,,
3330,768,filterLoc,,
3330,771,filterLoc,,
3330,774,filterLoc,,
3330,777,filterLoc,,
3330,780,filterLoc,,
3330,783,filterLoc,,
3330,786,filterLoc,,
3330,789,filterLoc,,
3330,792,filterLoc,,
3330,795,filterLoc,,
3330,798,filterLoc,,
3330,801,filterLoc,,
3330,804,filterLoc,,
3330,807,filterLoc,,
3330,810,filterLoc,,;Evacuee;187;in triage category;G;is entering helicopter;3
3330,813,filterLoc,,
3330,816,filterLoc,,
3330,819,filterLoc,,
3330,822,filterLoc,,
3330,825,filterLoc,,
3330,828,filterLoc,,
3330,831,filterLoc,,
3330,834,filterLoc,,
3330,837,filterLoc,,
3330,840,filterLoc,,
3330,843,filterLoc,,
3330,846,filterLoc,,
3330,849,filterLoc,,
3330,852,filterLoc,,
3330,855,filterLoc,,
3330,858,filterLoc,,
3330,861,filterLoc,,
3330,864,filterLoc,,
3330,867,filterLoc,,
3330,870,filterLoc,,
3330,873,filterLoc,,
3330,876,filterLoc,,
3330,879,filterLoc,,
3330,882,filterLoc,,
3330,885,filterLoc,,
3330,888,filterLoc,,
3330,891,filterLoc,,
3330,894,filterLoc,,
3330,897,filterLoc,,
3330,900,filterLoc,,
3330,903,filterLoc,,
3330,906,filterLoc,,
3330,909,filterLoc,,
3330,912,filterLoc,,
3330,915,filterLoc,,
3330,918,filterLoc,,
3330,921,filterLoc,,
3330,924,filterLoc,,
3330,927,filterLoc,,
3330,930,filterLoc,,
3330,933,filterLoc,,
3330,936,filterLoc,,
3330,939,filterLoc,,
3330,942,filterLoc,,
3330,945,filterLoc,,
3330,948,filterLoc,,
3330,951,filterLoc,,
3330,954,filterLoc,,
3330,957,filterLoc,,
3330,960,filterLoc,,
3330,963,filterLoc,,
3330,966,filterLoc,,
3330,969,filterLoc,,
3330,972,filterLoc,,
3330,975,filterLoc,,
3330,978,filterLoc,,
3330,981,filterLoc,,
3330,984,filterLoc,,
3330,987,filterLoc,,
3330,990,filterLoc,,
3330,993,filterLoc,,
3330,996,filterLoc,,
3330,999,filterLoc,,
3330,1002,filterLoc,,
3330,1005,filterLoc,,
3330,1008,filterLoc,,
3330,1011,filterLoc,,
3330,1014,filterLoc,,
3330,1017,filterLoc,,
3330,1020,filterLoc,,
3330,1023,filterLoc,,
3330,1026,filterLoc,,
3330,1029,filterLoc,,
3330,1032,filterLoc,,
3330,1035,filterLoc,,
3330,1038,filterLoc,,
3330,1041,filterLoc,,
3330,1044,filterLoc,,
3330,1047,filterLoc,,
3330,1050,filterLoc,,
3330,1053,filterLoc,,
3330,1056,filterLoc,,
3330,1059,filterLoc,,
3330,1062,filterLoc,,
3330,1065,filterLoc,,
3330,1068,filterLoc,,
3330,1071,filterLoc,,
3330,1074,filterLoc,,
3330,1077,filterLoc,,
3330,1080,filterLoc,,
3330,1083,filterLoc,,
3330,1086,filterLoc,,
3330,1089,filterLoc,,
3330,1092,filterLoc,,
3330,1095,filterLoc,,
3330,1098,filterLoc,,
3330,1101,filterLoc,,
3330,1104,filterLoc,,
3330,1107,filterLoc,,
3330,1110,filterLoc,,
3330,1113,filterLoc,,
3330,1116,filterLoc,,
3330,1123,filterLoc,,
3330,1126,filterLoc,,
3330,1129,filterLoc,,
3330,1132,filterLoc,,
3330,1135,filterLoc,,
3330,1138,filterLoc,,
3330,1141,filterLoc,,
3330,1144,filterLoc,,
3330,1147,filterLoc,,
3330,1150,filterLoc,,
3330,1153,filterLoc,,
3330,1156,filterLoc,,
3330,1163,filterLoc,,
3330,1166,filterLoc,,
3330,1169,filterLoc,,
3330,1172,filterLoc,,
3330,1175,filterLoc,,
3330,1178,filterLoc,,;Evacuee;181;in triage category;G;is entering helicopter;3
3330,1181,filterLoc,,
3330,1184,filterLoc,,
3330,1187,filterLoc,,
3330,1190,filterLoc,,
3330,1193,filterLoc,,
3330,1196,filterLoc,,
3330,1199,filterLoc,,
3330,1202,filterLoc,,
3330,1205,filterLoc,,
3330,1208,filterLoc,,
3330,1211,filterLoc,,
3330,1214,filterLoc,,
3330,1217,filterLoc,,
3330,1220,filterLoc,,
3330,1223,filterLoc,,
3330,1226,filterLoc,,
3330,1229,filterLoc,,
3330,1232,filterLoc,,
3330,1235,filterLoc,,
3330,1238,filterLoc,,
3330,1241,filterLoc,,
3330,1244,filterLoc,,;Evacuee;161;in triage category;G;is entering helicopter;3
3330,1247,filterLoc,,
3330,1250,filterLoc,,
3330,1253,filterLoc,,
3330,1256,filterLoc,,
3330,1259,filterLoc,,
3330,1262,filterLoc,,
3330,1265,filterLoc,,
3330,1268,filterLoc,,
3330,1271,filterLoc,,
3330,1274,filterLoc,,
3330,1277,filterLoc,,
3330,1280,filterLoc,,
3330,1283,filterLoc,,
3330,1286,filterLoc,,
3330,1289,filterLoc,,
3330,1292,filterLoc,,
3330,1295,filterLoc,,;Evacuee;169;in triage category;G;is entering helicopter;3
3330,1298,filterLoc,,;Evacuee;170;in triage category;G;is entering helicopter;3
3330,1301,filterLoc,,;Evacuee;171;in triage category;G;is entering helicopter;3
3330,1304,filterLoc,,;Evacuee;174;in triage category;G;is entering helicopter;3
3330,1307,filterLoc,,;Evacuee;177;in triage category;G;is entering helicopter;3
3330,1310,filterLoc,,
3330,1313,filterLoc,,
3330,1316,filterLoc,,
3330,1319,filterLoc,,
3330,1322,filterLoc,,
3330,1325,filterLoc,,
3330,1328,filterLoc,,
3330,1331,filterLoc,,
3330,1334,filterLoc,,
3330,1337,filterLoc,,
3330,1340,filterLoc,,
3330,1343,filterLoc,,
3330,1346,filterLoc,,
3330,1349,filterLoc,,
3330,1352,filterLoc,,
3330,1355,filterLoc,,
3330,1358,filterLoc,,
3330,1361,filterLoc,,
3330,1364,filterLoc,,
3330,1367,filterLoc,,
3330,1370,filterLoc,,
3330,1373,filterLoc,,
3330,1376,filterLoc,,
3330,1379,filterLoc,,
3330,1382,filterLoc,,
3330,1385,filterLoc,,
3330,1388,filterLoc,,
3330,1391,filterLoc,,
3330,1394,filterLoc,,
3330,1397,filterLoc,,
3330,1400,filterLoc,,
3330,1403,filterLoc,,
3330,1406,filterLoc,,
3330,1409,filterLoc,,
3330,1412,filterLoc,,
3330,1415,filterLoc,,
3330,1418,filterLoc,,
3330,1421,filterLoc,,
3330,1424,filterLoc,,
3330,1427,filterLoc,,
3330,1430,filterLoc,,
3330,1433,filterLoc,,
3330,1436,filterLoc,,
3330,1439,filterLoc,,
3330,1442,filterLoc,,
3330,1445,filterLoc,,;Evacuee;164;in triage category;G;is entering helicopter;3
3330,1448,filterLoc,,
3330,1451,filterLoc,,
3330,1454,filterLoc,,
3330,1457,filterLoc,,
3330,1460,filterLoc,,
3330,1463,filterLoc,,
3330,1466,filterLoc,,
3330,1469,filterLoc,,
3330,1472,filterLoc,,
3330,1475,filterLoc,,
3330,1478,filterLoc,,
3330,1481,filterLoc,,
3330,1484,filterLoc,,
3330,1487,filterLoc,,
3330,1490,filterLoc,,
3330,1493,filterLoc,,
3330,1496,filterLoc,,
3330,1499,filterLoc,,
3330,1502,filterLoc,,
3330,1505,filterLoc,,
3330,1508,filterLoc,,
3330,1511,filterLoc,,
3330,1514,filterLoc,,
3330,1517,filterLoc,,
3330,675,filterLoc,out,Evacuee 165 in triage category G is assigned helicopter 3
3330,675,filterLoc,,
3330,676,evacuee,,Evacuee;165;in triage state;G;is entering helicopter;3
3330,810,filterLoc,out,Evacuee 187 in triage category G is assigned helicopter 3
3330,810,filterLoc,,
3330,811,evacuee,,Evacuee;187;in triage state;G;is entering helicopter;3
3330,1178,filterLoc,out,Evacuee 181 in triage category G is assigned helicopter 3
3330,1178,filterLoc,,
3330,1179,evacuee,,Evacuee;181;in triage state;G;is entering helicopter;3
3330,1244,filterLoc,out,Evacuee 161 in triage category G is assigned helicopter 3
3330,1244,filterLoc,,
3330,1245,evacuee,,Evacuee;161;in triage state;G;is entering helicopter;3
3330,1295,filterLoc,out,Evacuee 169 in triage category G is assigned helicopter 3
3330,1295,filterLoc,,
3330,1296,evacuee,,Evacuee;169;in triage state;G;is entering helicopter;3
3330,1298,filterLoc,out,Evacuee 170 in triage category G is assigned helicopter 3
3330,1298,filterLoc,,
3330,1299,evacuee,,Evacuee;170;in triage state;G;is entering helicopter;3
3330,1301,filterLoc,out,Evacuee 171 in triage category G is assigned helicopter 3
3330,1301,filterLoc,,
3330,1302,evacuee,,Evacuee;171;in triage state;G;is entering helicopter;3
3330,1304,filterLoc,out,Evacuee 174 in triage category G is assigned helicopter 3
3330,1304,filterLoc,,
3330,1305,evacuee,,Evacuee;174;in triage state;G;is entering helicopter;3
3330,1307,filterLoc,out,Evacuee 177 in triage category G is assigned helicopter 3
3330,1307,filterLoc,,
3330,1308,evacuee,,Evacuee;177;in triage state;G;is entering helicopter;3
3330,1445,filterLoc,out,Evacuee 164 in triage category G is assigned helicopter 3
3330,1445,filterLoc,,
3330,1446,evacuee,,Evacuee;164;in triage state;G;is entering helicopter;3
3330,103,filterEvac,,;Evacuee;161;in triage category;G;is entering helicopter;3;Evacuee;164;in triage category;G;is entering helicopter;3;Evacuee;165;in triage category;G;is entering helicopter;3;Evacuee;169;in triage category;G;is entering helicopter;3;Evacuee;170;in triage category;G;is entering helicopter;3;Evacuee;171;in triage category;G;is entering helicopter;3;Evacuee;174;in triage category;G;is entering helicopter;3;Evacuee;177;in triage category;G;is entering helicopter;3;Evacuee;181;in triage category;G;is entering helicopter;3;Evacuee;187;in triage category;G;is entering helicopter;3
3330,676,evacuee,outHelo,Evacuee 165 in triage category G is assigned helicopter 3
3330,676,evacuee,,Evacuee;165;in triage state;G;is in helicopter;3
3330,811,evacuee,outHelo,Evacuee 187 in triage category G is assigned helicopter 3
3330,811,evacuee,,Evacuee;187;in triage state;G;is in helicopter;3
3330,1119,filterEvac,,
3330,1159,filterEvac,,
3330,1179,evacuee,outHelo,Evacuee 181 in triage category G is assigned helicopter 3
3330,1179,evacuee,,Evacuee;181;in triage state;G;is in helicopter;3
3330,1245,evacuee,outHelo,Evacuee 161 in triage category G is assigned helicopter 3
3330,1245,evacuee,,Evacuee;161;in triage state;G;is in helicopter;3
3330,1296,evacuee,outHelo,Evacuee 169 in triage category G is assigned helicopter 3
3330,1296,evacuee,,Evacuee;169;in triage state;G;is in helicopter;3
3330,1299,evacuee,outHelo,Evacuee 170 in triage category G is assigned helicopter 3
3330,1299,evacuee,,Evacuee;170;in triage state;G;is in helicopter;3
3330,1302,evacuee,outHelo,Evacuee 171 in triage category G is assigned helicopter 3
3330,1302,evacuee,,Evacuee;171;in triage state;G;is in helicopter;3
3330,1305,evacuee,outHelo,Evacuee 174 in triage category G is assigned helicopter 3
3330,1305,evacuee,,Evacuee;174;in triage state;G;is in helicopter;3
3330,1308,evacuee,outHelo,Evacuee 177 in triage category G is assigned helicopter 3
3330,1308,evacuee,,Evacuee;177;in triage state;G;is in helicopter;3
3330,1446,evacuee,outHelo,Evacuee 164 in triage category G is assigned helicopter 3
3330,1446,evacuee,,Evacuee;164;in triage state;G;is in helicopter;3
3330,103,filterEvac,out,Evacuee 161 in triage category G is assigned helicopter 3
3330,103,filterEvac,out,Evacuee 164 in triage category G is assigned helicopter 3
3330,103,filterEvac,out,Evacuee 165 in triage category G is assigned helicopter 3
3330,103,filterEvac,out,Evacuee 169 in triage category G is assigned helicopter 3
3330,103,filterEvac,out,Evacuee 170 in triage category G is assigned helicopter 3
3330,103,filterEvac,out,Evacuee 171 in triage category G is assigned helicopter 3
3330,103,filterEvac,out,Evacuee 174 in triage category G is assigned helicopter 3
3330,103,filterEvac,out,Evacuee 177 in triage category G is assigned helicopter 3
3330,103,filterEvac,out,Evacuee 181 in triage category G is assigned helicopter 3
3330,103,filterEvac,out,Evacuee 187 in triage category G is assigned helicopter 3
3330,103,filterEvac,,
3330,105,helicopter,,Helicopter;3;is loading people at the evacuation site;;and has;10;spots taken
3331.49,3,evacueeManager,,OFF SHIP: White;0;Green;99;Yellow;20;Red;8;Black;313;ON SHIP: White;0;Green;0;Yellow;0;Red;0;Evacuees to Transfer;
3331.49,1359,evacuee,outES,Evacuee 195 in triage category Y is not assigned a helicopter
3331.49,1359,evacuee,,Evacuee;195;in triage state;R;is at the evacuation site
3336.27,3,evacueeManager,,OFF SHIP: White;0;Green;98;Yellow;21;Red;8;Black;313;ON SHIP: White;0;Green;0;Yellow;0;Red;0;Evacuees to Transfer;
3336.27,1154,evacuee,outES,Evacuee 261 in triage category G is not assigned a helicopter
3336.27,1154,evacuee,,Evacuee;261;in triage state;Y;is at the evacuation site
3338.76,3,evacueeManager,,OFF SHIP: White;0;Green;98;Yellow;21;Red;7;Black;314;ON SHIP: White;0;Green;0;Yellow;0;Red;0;Evacuees to Transfer;
3338.76,529,evacuee,outES,Evacuee 109 in triage category R is not assigned a helicopter
3338.76,529,evacuee,,Evacuee;109;in triage state;B;is at the evacuation site
3345,4,helipadManager,outHelo,Helicopter 3 is evacuating people3
3345,4,helipadManager,,;No helos are at ES
3345,104,filterES,,Helicopter;3;is evacuating people
3345,1120,filterES,,
3345,1160,filterES,,
3345,4,helipadManager,outHQ,0
3345,4,helipadManager,,;No helos are at ES
3345,5,helicopterQueue,,;No helos are waiting to land
3345,104,filterES,out,Helicopter 3 is evacuating people3
3345,104,filterES,,
3345,105,helicopter,,Helicopter;3;is loading people at the evacuation site;;and has;10;spots taken
3345,5,helicopterQueue,,;No helos are waiting to land
3345,105,helicopter,,Helicopter;3;is returning to the FOL;;and has;10;spots taken
3345.92,3,evacueeManager,,OFF SHIP: White;0;Green;97;Yellow;22;Red;7;Black;314;ON SHIP: White;0;Green;0;Yellow;0;Red;0;Evacuees to Transfer;
3345.92,1503,evacuee,outES,Evacuee 467 in triage category G is not assigned a helicopter
3345.92,1503,evacuee,,Evacuee;467;in triage state;Y;is at the evacuation site
3355.89,3,evacueeManager,,OFF SHIP: White;0;Green;97;Yellow;21;Red;8;Black;314;ON SHIP: White;0;Green;0;Yellow;0;Red;0;Evacuees to Transfer;
3355.89,1154,evacuee,outES,Evacuee 261 in triage category Y is not assigned a helicopter
3355.89,1154,evacuee,,Evacuee;261;in triage state;R;is at the evacuation site
3368.04,3,evacueeManager,,OFF SHIP: White;0;Green;97;Yellow;21;Red;7;Black;315;ON SHIP: White;0;Green;0;Yellow;0;Red;0;Evacuees to Transfer;
3368.04,1359,evacuee,outES,Evacuee 195 in triage category R is not assigned a helicopter
3368.04,1359,evacuee,,Evacuee;195;in triage state;B;is at the evacuation site
3375,7,filterLoc,,
3375,10,filterLoc,,
3375,13,filterLoc,,
3375,16,filterLoc,,
3375,19,filterLoc,,
3375,22,filterLoc,,
3375,25,filterLoc,,
3375,28,filterLoc,,
3375,31,filterLoc,,
3375,34,filterLoc,,
3375,37,filterLoc,,
3375,40,filterLoc,,
3375,43,filterLoc,,
3375,46,filterLoc,,
3375,49,filterLoc,,
3375,52,filterLoc,,
3375,55,filterLoc,,
3375,58,filterLoc,,
3375,61,filterLoc,,
3375,64,filterLoc,,
3375,67,filterLoc,,
3375,70,filterLoc,,
3375,73,filterLoc,,
3375,76,filterLoc,,
3375,79,filterLoc,,
3375,82,filterLoc,,
3375,85,filterLoc,,
3375,88,filterLoc,,
3375,91,filterLoc,,
3375,94,filterLoc,,
3375,97,filterLoc,,
3375,100,filterLoc,,
3375,107,filterLoc,,
3375,110,filterLoc,,
3375,113,filterLoc,,
3375,116,filterLoc,,
3375,119,filterLoc,,
3375,122,filterLoc,,
3375,125,filterLoc,,
3375,128,filterLoc,,
3375,131,filterLoc,,
3375,134,filterLoc,,
3375,137,filterLoc,,
3375,140,filterLoc,,
3375,143,filterLoc,,
3375,146,filterLoc,,
3375,149,filterLoc,,
3375,152,filterLoc,,
3375,155,filterLoc,,
3375,158,filterLoc,,
3375,161,filterLoc,,
3375,164,filterLoc,,
3375,167,filterLoc,,
3375,170,filterLoc,,
3375,173,filterLoc,,
3375,176,filterLoc,,
3375,179,filterLoc,,
3375,182,filterLoc,,
3375,185,filterLoc,,
3375,188,filterLoc,,
3375,191,filterLoc,,
3375,194,filterLoc,,
3375,197,filterLoc,,
3375,200,filterLoc,,
3375,203,filterLoc,,
3375,206,filterLoc,,
3375,209,filterLoc,,
3375,212,filterLoc,,
3375,215,filterLoc,,
3375,218,filterLoc,,
3375,221,filterLoc,,
3375,225,filterLoc,,
3375,228,filterLoc,,
3375,231,filterLoc,,
3375,234,filterLoc,,
3375,237,filterLoc,,
3375,240,filterLoc,,
3375,243,filterLoc,,
3375,246,filterLoc,,
3375,249,filterLoc,,
3375,252,filterLoc,,
3375,255,filterLoc,,
3375,258,filterLoc,,
3375,261,filterLoc,,
3375,264,filterLoc,,
3375,267,filterLoc,,
3375,270,filterLoc,,
3375,273,filterLoc,,
3375,276,filterLoc,,
3375,279,filterLoc,,
3375,282,filterLoc,,
3375,285,filterLoc,,
3375,288,filterLoc,,
3375,291,filterLoc,,
3375,294,filterLoc,,
3375,297,filterLoc,,
3375,300,filterLoc,,
3375,303,filterLoc,,
3375,306,filterLoc,,
3375,309,filterLoc,,
3375,312,filterLoc,,
3375,315,filterLoc,,
3375,318,filterLoc,,
3375,321,filterLoc,,
3375,324,filterLoc,,
3375,327,filterLoc,,
3375,330,filterLoc,,
3375,333,filterLoc,,
3375,336,filterLoc,,
3375,339,filterLoc,,
3375,342,filterLoc,,
3375,345,filterLoc,,
3375,348,filterLoc,,
3375,351,filterLoc,,
3375,354,filterLoc,,
3375,357,filterLoc,,
3375,360,filterLoc,,
3375,363,filterLoc,,
3375,366,filterLoc,,
3375,369,filterLoc,,
3375,372,filterLoc,,
3375,375,filterLoc,,
3375,378,filterLoc,,
3375,381,filterLoc,,
3375,384,filterLoc,,
3375,387,filterLoc,,
3375,390,filterLoc,,
3375,393,filterLoc,,
3375,396,filterLoc,,
3375,399,filterLoc,,
3375,402,filterLoc,,
3375,405,filterLoc,,
3375,408,filterLoc,,
3375,411,filterLoc,,
3375,414,filterLoc,,
3375,417,filterLoc,,
3375,420,filterLoc,,
3375,423,filterLoc,,
3375,426,filterLoc,,
3375,429,filterLoc,,
3375,432,filterLoc,,
3375,435,filterLoc,,
3375,438,filterLoc,,
3375,441,filterLoc,,
3375,444,filterLoc,,
3375,447,filterLoc,,
3375,450,filterLoc,,
3375,453,filterLoc,,
3375,456,filterLoc,,
3375,459,filterLoc,,
3375,462,filterLoc,,
3375,465,filterLoc,,
3375,468,filterLoc,,
3375,471,filterLoc,,
3375,474,filterLoc,,
3375,477,filterLoc,,
3375,480,filterLoc,,
3375,483,filterLoc,,;Evacuee;117;in triage category;G;is leaving helicopter;1
3375,486,filterLoc,,
3375,489,filterLoc,,
3375,492,filterLoc,,
3375,495,filterLoc,,
3375,498,filterLoc,,
3375,501,filterLoc,,
3375,504,filterLoc,,
3375,507,filterLoc,,
3375,510,filterLoc,,
3375,513,filterLoc,,
3375,516,filterLoc,,
3375,519,filterLoc,,
3375,522,filterLoc,,
3375,525,filterLoc,,
3375,528,filterLoc,,
3375,531,filterLoc,,
3375,534,filterLoc,,
3375,537,filterLoc,,
3375,540,filterLoc,,;Evacuee;106;in triage category;G;is leaving helicopter;1
3375,543,filterLoc,,
3375,546,filterLoc,,
3375,549,filterLoc,,
3375,552,filterLoc,,;Evacuee;105;in triage category;G;is leaving helicopter;1
3375,555,filterLoc,,
3375,558,filterLoc,,
3375,561,filterLoc,,
3375,564,filterLoc,,
3375,567,filterLoc,,
3375,570,filterLoc,,
3375,573,filterLoc,,
3375,576,filterLoc,,
3375,579,filterLoc,,
3375,582,filterLoc,,
3375,585,filterLoc,,
3375,588,filterLoc,,
3375,591,filterLoc,,
3375,594,filterLoc,,
3375,597,filterLoc,,
3375,600,filterLoc,,
3375,603,filterLoc,,
3375,606,filterLoc,,;Evacuee;93;in triage category;G;is leaving helicopter;1
3375,609,filterLoc,,
3375,612,filterLoc,,
3375,615,filterLoc,,;Evacuee;90;in triage category;G;is leaving helicopter;1
3375,618,filterLoc,,;Evacuee;83;in triage category;G;is leaving helicopter;1
3375,621,filterLoc,,
3375,624,filterLoc,,
3375,627,filterLoc,,
3375,630,filterLoc,,
3375,633,filterLoc,,
3375,636,filterLoc,,
3375,639,filterLoc,,
3375,642,filterLoc,,
3375,645,filterLoc,,
3375,648,filterLoc,,
3375,651,filterLoc,,
3375,654,filterLoc,,
3375,657,filterLoc,,
3375,660,filterLoc,,
3375,663,filterLoc,,
3375,666,filterLoc,,
3375,669,filterLoc,,
3375,672,filterLoc,,
3375,675,filterLoc,,
3375,678,filterLoc,,
3375,681,filterLoc,,
3375,684,filterLoc,,
3375,687,filterLoc,,
3375,690,filterLoc,,
3375,693,filterLoc,,
3375,696,filterLoc,,
3375,699,filterLoc,,
3375,702,filterLoc,,
3375,705,filterLoc,,
3375,708,filterLoc,,
3375,711,filterLoc,,
3375,714,filterLoc,,
3375,717,filterLoc,,
3375,720,filterLoc,,
3375,723,filterLoc,,
3375,726,filterLoc,,
3375,729,filterLoc,,
3375,732,filterLoc,,
3375,735,filterLoc,,
3375,738,filterLoc,,
3375,741,filterLoc,,
3375,744,filterLoc,,
3375,747,filterLoc,,
3375,750,filterLoc,,
3375,753,filterLoc,,
3375,756,filterLoc,,
3375,759,filterLoc,,
3375,762,filterLoc,,
3375,765,filterLoc,,
3375,768,filterLoc,,
3375,771,filterLoc,,
3375,774,filterLoc,,
3375,777,filterLoc,,
3375,780,filterLoc,,
3375,783,filterLoc,,
3375,786,filterLoc,,
3375,789,filterLoc,,
3375,792,filterLoc,,
3375,795,filterLoc,,
3375,798,filterLoc,,
3375,801,filterLoc,,
3375,804,filterLoc,,
3375,807,filterLoc,,
3375,810,filterLoc,,
3375,813,filterLoc,,;Evacuee;85;in triage category;G;is leaving helicopter;1
3375,816,filterLoc,,
3375,819,filterLoc,,
3375,822,filterLoc,,
3375,825,filterLoc,,;Evacuee;81;in triage category;G;is leaving helicopter;1
3375,828,filterLoc,,;Evacuee;104;in triage category;G;is leaving helicopter;1
3375,831,filterLoc,,
3375,834,filterLoc,,
3375,837,filterLoc,,
3375,840,filterLoc,,
3375,843,filterLoc,,
3375,846,filterLoc,,
3375,849,filterLoc,,
3375,852,filterLoc,,
3375,855,filterLoc,,
3375,858,filterLoc,,
3375,861,filterLoc,,
3375,864,filterLoc,,
3375,867,filterLoc,,
3375,870,filterLoc,,
3375,873,filterLoc,,
3375,876,filterLoc,,
3375,879,filterLoc,,
3375,882,filterLoc,,
3375,885,filterLoc,,
3375,888,filterLoc,,
3375,891,filterLoc,,;Evacuee;92;in triage category;G;is leaving helicopter;1
3375,894,filterLoc,,
3375,897,filterLoc,,
3375,900,filterLoc,,
3375,903,filterLoc,,
3375,906,filterLoc,,
3375,909,filterLoc,,
3375,912,filterLoc,,
3375,915,filterLoc,,
3375,918,filterLoc,,
3375,921,filterLoc,,
3375,924,filterLoc,,
3375,927,filterLoc,,
3375,930,filterLoc,,
3375,933,filterLoc,,
3375,936,filterLoc,,
3375,939,filterLoc,,
3375,942,filterLoc,,
3375,945,filterLoc,,
3375,948,filterLoc,,
3375,951,filterLoc,,
3375,954,filterLoc,,
3375,957,filterLoc,,
3375,960,filterLoc,,
3375,963,filterLoc,,
3375,966,filterLoc,,
3375,969,filterLoc,,
3375,972,filterLoc,,
3375,975,filterLoc,,
3375,978,filterLoc,,
3375,981,filterLoc,,
3375,984,filterLoc,,
3375,987,filterLoc,,
3375,990,filterLoc,,
3375,993,filterLoc,,
3375,996,filterLoc,,
3375,999,filterLoc,,
3375,1002,filterLoc,,
3375,1005,filterLoc,,
3375,1008,filterLoc,,
3375,1011,filterLoc,,
3375,1014,filterLoc,,
3375,1017,filterLoc,,
3375,1020,filterLoc,,
3375,1023,filterLoc,,
3375,1026,filterLoc,,
3375,1029,filterLoc,,
3375,1032,filterLoc,,
3375,1035,filterLoc,,
3375,1038,filterLoc,,
3375,1041,filterLoc,,
3375,1044,filterLoc,,
3375,1047,filterLoc,,
3375,1050,filterLoc,,
3375,1053,filterLoc,,
3375,1056,filterLoc,,
3375,1059,filterLoc,,
3375,1062,filterLoc,,
3375,1065,filterLoc,,
3375,1068,filterLoc,,
3375,1071,filterLoc,,
3375,1074,filterLoc,,
3375,1077,filterLoc,,
3375,1080,filterLoc,,
3375,1083,filterLoc,,
3375,1086,filterLoc,,
3375,1089,filterLoc,,
3375,1092,filterLoc,,
3375,1095,filterLoc,,
3375,1098,filterLoc,,
3375,1101,filterLoc,,
3375,1104,filterLoc,,
3375,1107,filterLoc,,
3375,1110,filterLoc,,
3375,1113,filterLoc,,
3375,1116,filterLoc,,
3375,1123,filterLoc,,
3375,1126,filterLoc,,
3375,1129,filterLoc,,
3375,1132,filterLoc,,
3375,1135,filterLoc,,
3375,1138,filterLoc,,
3375,1141,filterLoc,,
3375,1144,filterLoc,,
3375,1147,filterLoc,,
3375,1150,filterLoc,,
3375,1153,filterLoc,,
3375,1156,filterLoc,,
3375,1161,helicopter,outEvac,Evacuee 81 in triage category G is not assigned a helicopter
3375,1161,helicopter,outEvac,Evacuee 83 in triage category G is not assigned a helicopter
3375,1161,helicopter,outEvac,Evacuee 85 in triage category G is not assigned a helicopter
3375,1161,helicopter,outEvac,Evacuee 90 in triage category G is not assigned a helicopter
3375,1161,helicopter,outEvac,Evacuee 92 in triage category G is not assigned a helicopter
3375,1161,helicopter,outEvac,Evacuee 93 in triage category G is not assigned a helicopter
3375,1161,helicopter,outEvac,Evacuee 104 in triage category G is not assigned a helicopter
3375,1161,helicopter,outEvac,Evacuee 105 in triage category G is not assigned a helicopter
3375,1161,helicopter,outEvac,Evacuee 106 in triage category G is not assigned a helicopter
3375,1161,helicopter,outEvac,Evacuee 117 in triage category G is not assigned a helicopter
3375,1161,helicopter,,Helicopter;1;is unloading people at the FOL;;and has;0;spots taken
3375,1163,filterLoc,,
3375,1166,filterLoc,,
3375,1169,filterLoc,,
3375,1172,filterLoc,,
3375,1175,filterLoc,,
3375,1178,filterLoc,,
3375,1181,filterLoc,,
3375,1184,filterLoc,,
3375,1187,filterLoc,,
3375,1190,filterLoc,,
3375,1193,filterLoc,,
3375,1196,filterLoc,,
3375,1199,filterLoc,,
3375,1202,filterLoc,,
3375,1205,filterLoc,,
3375,1208,filterLoc,,
3375,1211,filterLoc,,
3375,1214,filterLoc,,
3375,1217,filterLoc,,
3375,1220,filterLoc,,
3375,1223,filterLoc,,
3375,1226,filterLoc,,
3375,1229,filterLoc,,
3375,1232,filterLoc,,
3375,1235,filterLoc,,
3375,1238,filterLoc,,
3375,1241,filterLoc,,
3375,1244,filterLoc,,
3375,1247,filterLoc,,
3375,1250,filterLoc,,
3375,1253,filterLoc,,
3375,1256,filterLoc,,
3375,1259,filterLoc,,
3375,1262,filterLoc,,
3375,1265,filterLoc,,
3375,1268,filterLoc,,
3375,1271,filterLoc,,
3375,1274,filterLoc,,
3375,1277,filterLoc,,
3375,1280,filterLoc,,
3375,1283,filterLoc,,
3375,1286,filterLoc,,
3375,1289,filterLoc,,
3375,1292,filterLoc,,
3375,1295,filterLoc,,
3375,1298,filterLoc,,
3375,1301,filterLoc,,
3375,1304,filterLoc,,
3375,1307,filterLoc,,
3375,1310,filterLoc,,
3375,1313,filterLoc,,
3375,1316,filterLoc,,
3375,1319,filterLoc,,
3375,1322,filterLoc,,
3375,1325,filterLoc,,
3375,1328,filterLoc,,
3375,1331,filterLoc,,
3375,1334,filterLoc,,
3375,1337,filterLoc,,
3375,1340,filterLoc,,
3375,1343,filterLoc,,
3375,1346,filterLoc,,
3375,1349,filterLoc,,
3375,1352,filterLoc,,
3375,1355,filterLoc,,
3375,1358,filterLoc,,
3375,1361,filterLoc,,
3375,1364,filterLoc,,
3375,1367,filterLoc,,
3375,1370,filterLoc,,
3375,1373,filterLoc,,
3375,1376,filterLoc,,
3375,1379,filterLoc,,
3375,1382,filterLoc,,
3375,1385,filterLoc,,
3375,1388,filterLoc,,
3375,1391,filterLoc,,
3375,1394,filterLoc,,
3375,1397,filterLoc,,
3375,1400,filterLoc,,
3375,1403,filterLoc,,
3375,1406,filterLoc,,
3375,1409,filterLoc,,
3375,1412,filterLoc,,
3375,1415,filterLoc,,
3375,1418,filterLoc,,
3375,1421,filterLoc,,
3375,1424,filterLoc,,
3375,1427,filterLoc,,
3375,1430,filterLoc,,
3375,1433,filterLoc,,
3375,1436,filterLoc,,
3375,1439,filterLoc,,
3375,1442,filterLoc,,
3375,1445,filterLoc,,
3375,1448,filterLoc,,
3375,1451,filterLoc,,
3375,1454,filterLoc,,
3375,1457,filterLoc,,
3375,1460,filterLoc,,
3375,1463,filterLoc,,
3375,1466,filterLoc,,
3375,1469,filterLoc,,
3375,1472,filterLoc,,
3375,1475,filterLoc,,
3375,1478,filterLoc,,
3375,1481,filterLoc,,
3375,1484,filterLoc,,
3375,1487,filterLoc,,
3375,1490,filterLoc,,
3375,1493,filterLoc,,
3375,1496,filterLoc,,
3375,1499,filterLoc,,
3375,1502,filterLoc,,
3375,1505,filterLoc,,
3375,1508,filterLoc,,
3375,1511,filterLoc,,
3375,1514,filterLoc,,
3375,1517,filterLoc,,
3375,483,filterLoc,out,Evacuee 117 in triage category G is not assigned a helicopter
3375,483,filterLoc,,
3375,484,evacuee,,Evacuee;117;in triage state;G;is entering the FOL
3375,540,filterLoc,out,Evacuee 106 in triage category G is not assigned a helicopter
3375,540,filterLoc,,
3375,541,evacuee,,Evacuee;106;in triage state;G;is entering the FOL
3375,552,filterLoc,out,Evacuee 105 in triage category G is not assigned a helicopter
3375,552,filterLoc,,
3375,553,evacuee,,Evacuee;105;in triage state;G;is entering the FOL
3375,606,filterLoc,out,Evacuee 93 in triage category G is not assigned a helicopter
3375,606,filterLoc,,
3375,607,evacuee,,Evacuee;93;in triage state;G;is entering the FOL
3375,615,filterLoc,out,Evacuee 90 in triage category G is not assigned a helicopter
3375,615,filterLoc,,
3375,616,evacuee,,Evacuee;90;in triage state;G;is entering the FOL
3375,618,filterLoc,out,Evacuee 83 in triage category G is not assigned a helicopter
3375,618,filterLoc,,
3375,619,evacuee,,Evacuee;83;in triage state;G;is entering the FOL
3375,813,filterLoc,out,Evacuee 85 in triage category G is not assigned a helicopter
3375,813,filterLoc,,
3375,814,evacuee,,Evacuee;85;in triage state;G;is entering the FOL
3375,825,filterLoc,out,Evacuee 81 in triage category G is not assigned a helicopter
3375,825,filterLoc,,
3375,826,evacuee,,Evacuee;81;in triage state;G;is entering the FOL
3375,828,filterLoc,out,Evacuee 104 in triage category G is not assigned a helicopter
3375,828,filterLoc,,
3375,829,evacuee,,Evacuee;104;in triage state;G;is entering the FOL
3375,891,filterLoc,out,Evacuee 92 in triage category G is not assigned a helicopter
3375,891,filterLoc,,
3375,892,evacuee,,Evacuee;92;in triage state;G;is entering the FOL
3375,223,FOL,,;EvacueeID;2;Triage Status;G;EvacueeID;4;Triage Status;G;EvacueeID;9;Triage Status;G;EvacueeID;11;Triage Status;G;EvacueeID;13;Triage Status;G;EvacueeID;14;Triage Status;G;EvacueeID;18;Triage Status;G;EvacueeID;22;Triage Status;G;EvacueeID;23;Triage Status;G;EvacueeID;24;Triage Status;G;EvacueeID;25;Triage Status;G;EvacueeID;29;Triage Status;G;EvacueeID;32;Triage Status;G;EvacueeID;33;Triage Status;G;EvacueeID;34;Triage Status;G;EvacueeID;37;Triage Status;G;EvacueeID;44;Triage Status;G;EvacueeID;45;Triage Status;G;EvacueeID;48;Triage Status;G;EvacueeID;49;Triage Status;G;EvacueeID;50;Triage Status;G;EvacueeID;55;Triage Status;G;EvacueeID;58;Triage Status;G;EvacueeID;60;Triage Status;G;EvacueeID;65;Triage Status;G;EvacueeID;67;Triage Status;G;EvacueeID;71;Triage Status;G;EvacueeID;74;Triage Status;G;EvacueeID;75;Triage Status;G;EvacueeID;76;Triage Status;G;EvacueeID;81;Triage Status;G;EvacueeID;83;Triage Status;G;EvacueeID;85;Triage Status;G;EvacueeID;90;Triage Status;G;EvacueeID;92;Triage Status;G;EvacueeID;93;Triage Status;G;EvacueeID;104;Triage Status;G;EvacueeID;105;Triage Status;G;EvacueeID;106;Triage Status;G;EvacueeID;117;Triage Status;G;Lives Saved;40
3375,484,evacuee,outFOL,Evacuee 117 in triage category G is not assigned a helicopter
3375,484,evacuee,,Evacuee;117;in triage state;G;is at the FOL
3375,541,evacuee,outFOL,Evacuee 106 in triage category G is not assigned a helicopter
3375,541,evacuee,,Evacuee;106;in triage state;G;is at the FOL
3375,553,evacuee,outFOL,Evacuee 105 in triage category G is not assigned a helicopter
3375,553,evacuee,,Evacuee;105;in triage state;G;is at the FOL
3375,607,evacuee,outFOL,Evacuee 93 in triage category G is not assigned a helicopter
3375,607,evacuee,,Evacuee;93;in triage state;G;is at the FOL
3375,616,evacuee,outFOL,Evacuee 90 in triage category G is not assigned a helicopter
3375,616,evacuee,,Evacuee;90;in triage state;G;is at the FOL
3375,619,evacuee,outFOL,Evacuee 83 in triage category G is not assigned a helicopter
3375,619,evacuee,,Evacuee;83;in triage state;G;is at the FOL
3375,814,evacuee,outFOL,Evacuee 85 in triage category G is not assigned a helicopter
3375,814,evacuee,,Evacuee;85;in triage state;G;is at the FOL
3375,826,evacuee,outFOL,Evacuee 81 in triage category G is not assigned a helicopter
3375,826,evacuee,,Evacuee;81;in triage state;G;is at the FOL
3375,829,evacuee,outFOL,Evacuee 104 in triage category G is not assigned a helicopter
3375,829,evacuee,,Evacuee;104;in triage state;G;is at the FOL
3375,892,evacuee,outFOL,Evacuee 92 in triage category G is not assigned a helicopter
3375,892,evacuee,,Evacuee;92;in triage state;G;is at the FOL
3375,223,FOL,,;EvacueeID;2;Triage Status;G;EvacueeID;4;Triage Status;G;EvacueeID;9;Triage Status;G;EvacueeID;11;Triage Status;G;EvacueeID;13;Triage Status;G;EvacueeID;14;Triage Status;G;EvacueeID;18;Triage Status;G;EvacueeID;22;Triage Status;G;EvacueeID;23;Triage Status;G;EvacueeID;24;Triage Status;G;EvacueeID;25;Triage Status;G;EvacueeID;29;Triage Status;G;EvacueeID;32;Triage Status;G;EvacueeID;33;Triage Status;G;EvacueeID;34;Triage Status;G;EvacueeID;37;Triage Status;G;EvacueeID;44;Triage Status;G;EvacueeID;45;Triage Status;G;EvacueeID;48;Triage Status;G;EvacueeID;49;Triage Status;G;EvacueeID;50;Triage Status;G;EvacueeID;55;Triage Status;G;EvacueeID;58;Triage Status;G;EvacueeID;60;Triage Status;G;EvacueeID;65;Triage Status;G;EvacueeID;67;Triage Status;G;EvacueeID;71;Triage Status;G;EvacueeID;74;Triage Status;G;EvacueeID;75;Triage Status;G;EvacueeID;76;Triage Status;G;EvacueeID;81;Triage Status;G;EvacueeID;83;Triage Status;G;EvacueeID;85;Triage Status;G;EvacueeID;90;Triage Status;G;EvacueeID;92;Triage Status;G;EvacueeID;93;Triage Status;G;EvacueeID;104;Triage Status;G;EvacueeID;105;Triage Status;G;EvacueeID;106;Triage Status;G;EvacueeID;117;Triage Status;G;Lives Saved;40
3377.75,3,evacueeManager,,OFF SHIP: White;0;Green;97;Yellow;21;Red;6;Black;316;ON SHIP: White;0;Green;0;Yellow;0;Red;0;Evacuees to Transfer;
3377.75,535,evacuee,outES,Evacuee 358 in triage category R is not assigned a helicopter
3377.75,535,evacuee,,Evacuee;358;in triage state;B;is at the evacuation site
3390,1161,helicopter,,Helicopter;1;Is going to the evacuation site;;and has;0;spots taken
3402.51,3,evacueeManager,,OFF SHIP: White;0;Green;96;Yellow;22;Red;6;Black;316;ON SHIP: White;0;Green;0;Yellow;0;Red;0;Evacuees to Transfer;
3402.51,673,evacuee,outES,Evacuee 300 in triage category G is not assigned a helicopter
3402.51,673,evacuee,,Evacuee;300;in triage state;Y;is at the evacuation site
3403.35,3,evacueeManager,,OFF SHIP: White;0;Green;96;Yellow;21;Red;7;Black;316;ON SHIP: White;0;Green;0;Yellow;0;Red;0;Evacuees to Transfer;
3403.35,475,evacuee,outES,Evacuee 276 in triage category Y is not assigned a helicopter
3403.35,475,evacuee,,Evacuee;276;in triage state;R;is at the evacuation site
3407.74,3,evacueeManager,,OFF SHIP: White;0;Green;96;Yellow;21;Red;6;Black;317;ON SHIP: White;0;Green;0;Yellow;0;Red;0;Evacuees to Transfer;
3407.74,526,evacuee,outES,Evacuee 299 in triage category R is not assigned a helicopter
3407.74,526,evacuee,,Evacuee;299;in triage state;B;is at the evacuation site
3421.36,3,evacueeManager,,OFF SHIP: White;0;Green;96;Yellow;21;Red;5;Black;318;ON SHIP: White;0;Green;0;Yellow;0;Red;0;Evacuees to Transfer;
3421.36,418,evacuee,outES,Evacuee 277 in triage category R is not assigned a helicopter
3421.36,418,evacuee,,Evacuee;277;in triage state;B;is at the evacuation site
3435,7,filterLoc,,
3435,10,filterLoc,,
3435,13,filterLoc,,
3435,16,filterLoc,,
3435,19,filterLoc,,
3435,22,filterLoc,,
3435,25,filterLoc,,
3435,28,filterLoc,,
3435,31,filterLoc,,
3435,34,filterLoc,,
3435,37,filterLoc,,
3435,40,filterLoc,,
3435,43,filterLoc,,
3435,46,filterLoc,,
3435,49,filterLoc,,
3435,52,filterLoc,,
3435,55,filterLoc,,
3435,58,filterLoc,,
3435,61,filterLoc,,
3435,64,filterLoc,,
3435,67,filterLoc,,
3435,70,filterLoc,,
3435,73,filterLoc,,
3435,76,filterLoc,,
3435,79,filterLoc,,
3435,82,filterLoc,,
3435,85,filterLoc,,
3435,88,filterLoc,,
3435,91,filterLoc,,
3435,94,filterLoc,,
3435,97,filterLoc,,
3435,100,filterLoc,,
3435,107,filterLoc,,
3435,110,filterLoc,,
3435,113,filterLoc,,
3435,116,filterLoc,,
3435,119,filterLoc,,
3435,122,filterLoc,,
3435,125,filterLoc,,
3435,128,filterLoc,,
3435,131,filterLoc,,
3435,134,filterLoc,,
3435,137,filterLoc,,
3435,140,filterLoc,,
3435,143,filterLoc,,
3435,146,filterLoc,,
3435,149,filterLoc,,
3435,152,filterLoc,,
3435,155,filterLoc,,
3435,158,filterLoc,,
3435,161,filterLoc,,
3435,164,filterLoc,,
3435,167,filterLoc,,
3435,170,filterLoc,,
3435,173,filterLoc,,
3435,176,filterLoc,,
3435,179,filterLoc,,
3435,182,filterLoc,,
3435,185,filterLoc,,
3435,188,filterLoc,,
3435,191,filterLoc,,
3435,194,filterLoc,,
3435,197,filterLoc,,
3435,200,filterLoc,,
3435,203,filterLoc,,
3435,206,filterLoc,,
3435,209,filterLoc,,
3435,212,filterLoc,,
3435,215,filterLoc,,
3435,218,filterLoc,,
3435,221,filterLoc,,
3435,225,filterLoc,,
3435,228,filterLoc,,
3435,231,filterLoc,,
3435,234,filterLoc,,
3435,237,filterLoc,,
3435,240,filterLoc,,
3435,243,filterLoc,,
3435,246,filterLoc,,
3435,249,filterLoc,,
3435,252,filterLoc,,
3435,255,filterLoc,,
3435,258,filterLoc,,
3435,261,filterLoc,,
3435,264,filterLoc,,
3435,267,filterLoc,,
3435,270,filterLoc,,
3435,273,filterLoc,,
3435,276,filterLoc,,
3435,279,filterLoc,,
3435,282,filterLoc,,
3435,285,filterLoc,,
3435,288,filterLoc,,
3435,291,filterLoc,,
3435,294,filterLoc,,
3435,297,filterLoc,,
3435,300,filterLoc,,
3435,303,filterLoc,,
3435,306,filterLoc,,
3435,309,filterLoc,,
3435,312,filterLoc,,
3435,315,filterLoc,,
3435,318,filterLoc,,
3435,321,filterLoc,,
3435,324,filterLoc,,
3435,327,filterLoc,,
3435,330,filterLoc,,
3435,333,filterLoc,,
3435,336,filterLoc,,
3435,339,filterLoc,,
3435,342,filterLoc,,
3435,345,filterLoc,,
3435,348,filterLoc,,
3435,351,filterLoc,,
3435,354,filterLoc,,
3435,357,filterLoc,,
3435,360,filterLoc,,
3435,363,filterLoc,,
3435,366,filterLoc,,
3435,369,filterLoc,,
3435,372,filterLoc,,
3435,375,filterLoc,,
3435,378,filterLoc,,
3435,381,filterLoc,,
3435,384,filterLoc,,
3435,387,filterLoc,,
3435,390,filterLoc,,
3435,393,filterLoc,,
3435,396,filterLoc,,
3435,399,filterLoc,,
3435,402,filterLoc,,
3435,405,filterLoc,,
3435,408,filterLoc,,
3435,411,filterLoc,,
3435,414,filterLoc,,
3435,417,filterLoc,,
3435,420,filterLoc,,
3435,423,filterLoc,,
3435,426,filterLoc,,
3435,429,filterLoc,,
3435,432,filterLoc,,
3435,435,filterLoc,,
3435,438,filterLoc,,
3435,441,filterLoc,,
3435,444,filterLoc,,
3435,447,filterLoc,,
3435,450,filterLoc,,
3435,453,filterLoc,,
3435,456,filterLoc,,
3435,459,filterLoc,,
3435,462,filterLoc,,
3435,465,filterLoc,,
3435,468,filterLoc,,
3435,471,filterLoc,,
3435,474,filterLoc,,
3435,477,filterLoc,,;Evacuee;121;in triage category;G;is leaving helicopter;2
3435,480,filterLoc,,
3435,483,filterLoc,,
3435,486,filterLoc,,
3435,489,filterLoc,,
3435,492,filterLoc,,
3435,495,filterLoc,,
3435,498,filterLoc,,
3435,501,filterLoc,,
3435,504,filterLoc,,
3435,507,filterLoc,,
3435,510,filterLoc,,
3435,513,filterLoc,,
3435,516,filterLoc,,
3435,519,filterLoc,,
3435,522,filterLoc,,
3435,525,filterLoc,,
3435,528,filterLoc,,
3435,531,filterLoc,,
3435,534,filterLoc,,
3435,537,filterLoc,,
3435,540,filterLoc,,
3435,543,filterLoc,,
3435,546,filterLoc,,;Evacuee;148;in triage category;G;is leaving helicopter;2
3435,549,filterLoc,,
3435,552,filterLoc,,
3435,555,filterLoc,,
3435,558,filterLoc,,
3435,561,filterLoc,,
3435,564,filterLoc,,
3435,567,filterLoc,,
3435,570,filterLoc,,
3435,573,filterLoc,,
3435,576,filterLoc,,
3435,579,filterLoc,,
3435,582,filterLoc,,
3435,585,filterLoc,,
3435,588,filterLoc,,
3435,591,filterLoc,,
3435,594,filterLoc,,
3435,597,filterLoc,,
3435,600,filterLoc,,
3435,603,filterLoc,,
3435,606,filterLoc,,
3435,609,filterLoc,,;Evacuee;136;in triage category;G;is leaving helicopter;2
3435,612,filterLoc,,
3435,615,filterLoc,,
3435,618,filterLoc,,
3435,621,filterLoc,,;Evacuee;127;in triage category;G;is leaving helicopter;2
3435,624,filterLoc,,
3435,627,filterLoc,,
3435,630,filterLoc,,
3435,633,filterLoc,,
3435,636,filterLoc,,
3435,639,filterLoc,,
3435,642,filterLoc,,
3435,645,filterLoc,,
3435,648,filterLoc,,
3435,651,filterLoc,,
3435,654,filterLoc,,
3435,657,filterLoc,,
3435,660,filterLoc,,
3435,663,filterLoc,,
3435,666,filterLoc,,
3435,669,filterLoc,,
3435,672,filterLoc,,
3435,675,filterLoc,,
3435,678,filterLoc,,
3435,681,filterLoc,,
3435,684,filterLoc,,
3435,687,filterLoc,,
3435,690,filterLoc,,
3435,693,filterLoc,,
3435,696,filterLoc,,
3435,699,filterLoc,,
3435,702,filterLoc,,
3435,705,filterLoc,,
3435,708,filterLoc,,
3435,711,filterLoc,,
3435,714,filterLoc,,
3435,717,filterLoc,,
3435,720,filterLoc,,
3435,723,filterLoc,,
3435,726,filterLoc,,
3435,729,filterLoc,,
3435,732,filterLoc,,
3435,735,filterLoc,,
3435,738,filterLoc,,
3435,741,filterLoc,,
3435,744,filterLoc,,
3435,747,filterLoc,,
3435,750,filterLoc,,
3435,753,filterLoc,,
3435,756,filterLoc,,
3435,759,filterLoc,,
3435,762,filterLoc,,
3435,765,filterLoc,,
3435,768,filterLoc,,
3435,771,filterLoc,,
3435,774,filterLoc,,
3435,777,filterLoc,,
3435,780,filterLoc,,
3435,783,filterLoc,,
3435,786,filterLoc,,
3435,789,filterLoc,,
3435,792,filterLoc,,
3435,795,filterLoc,,
3435,798,filterLoc,,
3435,801,filterLoc,,
3435,804,filterLoc,,
3435,807,filterLoc,,;Evacuee;158;in triage category;G;is leaving helicopter;2
3435,810,filterLoc,,
3435,813,filterLoc,,
3435,816,filterLoc,,
3435,819,filterLoc,,
3435,822,filterLoc,,
3435,825,filterLoc,,
3435,828,filterLoc,,
3435,831,filterLoc,,
3435,834,filterLoc,,
3435,837,filterLoc,,
3435,840,filterLoc,,
3435,843,filterLoc,,
3435,846,filterLoc,,
3435,849,filterLoc,,
3435,852,filterLoc,,
3435,855,filterLoc,,
3435,858,filterLoc,,
3435,861,filterLoc,,
3435,864,filterLoc,,
3435,867,filterLoc,,
3435,870,filterLoc,,
3435,873,filterLoc,,
3435,876,filterLoc,,
3435,879,filterLoc,,
3435,882,filterLoc,,
3435,885,filterLoc,,
3435,888,filterLoc,,
3435,891,filterLoc,,
3435,894,filterLoc,,
3435,897,filterLoc,,
3435,900,filterLoc,,
3435,903,filterLoc,,
3435,906,filterLoc,,
3435,909,filterLoc,,
3435,912,filterLoc,,
3435,915,filterLoc,,
3435,918,filterLoc,,
3435,921,filterLoc,,
3435,924,filterLoc,,
3435,927,filterLoc,,
3435,930,filterLoc,,
3435,933,filterLoc,,
3435,936,filterLoc,,
3435,939,filterLoc,,
3435,942,filterLoc,,
3435,945,filterLoc,,
3435,948,filterLoc,,
3435,951,filterLoc,,
3435,954,filterLoc,,
3435,957,filterLoc,,
3435,960,filterLoc,,
3435,963,filterLoc,,
3435,966,filterLoc,,
3435,969,filterLoc,,
3435,972,filterLoc,,
3435,975,filterLoc,,
3435,978,filterLoc,,
3435,981,filterLoc,,
3435,984,filterLoc,,
3435,987,filterLoc,,
3435,990,filterLoc,,
3435,993,filterLoc,,
3435,996,filterLoc,,
3435,999,filterLoc,,
3435,1002,filterLoc,,
3435,1005,filterLoc,,
3435,1008,filterLoc,,
3435,1011,filterLoc,,
3435,1014,filterLoc,,
3435,1017,filterLoc,,
3435,1020,filterLoc,,
3435,1023,filterLoc,,
3435,1026,filterLoc,,
3435,1029,filterLoc,,
3435,1032,filterLoc,,
3435,1035,filterLoc,,
3435,1038,filterLoc,,
3435,1041,filterLoc,,
3435,1044,filterLoc,,
3435,1047,filterLoc,,
3435,1050,filterLoc,,
3435,1053,filterLoc,,
3435,1056,filterLoc,,
3435,1059,filterLoc,,
3435,1062,filterLoc,,
3435,1065,filterLoc,,
3435,1068,filterLoc,,
3435,1071,filterLoc,,
3435,1074,filterLoc,,
3435,1077,filterLoc,,
3435,1080,filterLoc,,
3435,1083,filterLoc,,
3435,1086,filterLoc,,
3435,1089,filterLoc,,
3435,1092,filterLoc,,
3435,1095,filterLoc,,
3435,1098,filterLoc,,;Evacuee;144;in triage category;G;is leaving helicopter;2
3435,1101,filterLoc,,
3435,1104,filterLoc,,
3435,1107,filterLoc,,
3435,1110,filterLoc,,
3435,1113,filterLoc,,
3435,1116,filterLoc,,
3435,1121,helicopter,outEvac,Evacuee 121 in triage category G is not assigned a helicopter
3435,1121,helicopter,outEvac,Evacuee 123 in triage category G is not assigned a helicopter
3435,1121,helicopter,outEvac,Evacuee 127 in triage category G is not assigned a helicopter
3435,1121,helicopter,outEvac,Evacuee 136 in triage category G is not assigned a helicopter
3435,1121,helicopter,outEvac,Evacuee 144 in triage category G is not assigned a helicopter
3435,1121,helicopter,outEvac,Evacuee 148 in triage category G is not assigned a helicopter
3435,1121,helicopter,outEvac,Evacuee 152 in triage category G is not assigned a helicopter
3435,1121,helicopter,outEvac,Evacuee 153 in triage category G is not assigned a helicopter
3435,1121,helicopter,outEvac,Evacuee 158 in triage category G is not assigned a helicopter
3435,1121,helicopter,outEvac,Evacuee 159 in triage category G is not assigned a helicopter
3435,1121,helicopter,,Helicopter;2;is unloading people at the FOL;;and has;0;spots taken
3435,1123,filterLoc,,
3435,1126,filterLoc,,
3435,1129,filterLoc,,
3435,1132,filterLoc,,
3435,1135,filterLoc,,
3435,1138,filterLoc,,
3435,1141,filterLoc,,
3435,1144,filterLoc,,
3435,1147,filterLoc,,
3435,1150,filterLoc,,
3435,1153,filterLoc,,
3435,1156,filterLoc,,
3435,1163,filterLoc,,
3435,1166,filterLoc,,
3435,1169,filterLoc,,
3435,1172,filterLoc,,
3435,1175,filterLoc,,
3435,1178,filterLoc,,
3435,1181,filterLoc,,
3435,1184,filterLoc,,
3435,1187,filterLoc,,
3435,1190,filterLoc,,
3435,1193,filterLoc,,
3435,1196,filterLoc,,
3435,1199,filterLoc,,
3435,1202,filterLoc,,
3435,1205,filterLoc,,
3435,1208,filterLoc,,
3435,1211,filterLoc,,
3435,1214,filterLoc,,
3435,1217,filterLoc,,
3435,1220,filterLoc,,
3435,1223,filterLoc,,
3435,1226,filterLoc,,
3435,1229,filterLoc,,;Evacuee;152;in triage category;G;is leaving helicopter;2
3435,1232,filterLoc,,;Evacuee;153;in triage category;G;is leaving helicopter;2
3435,1235,filterLoc,,
3435,1238,filterLoc,,;Evacuee;123;in triage category;G;is leaving helicopter;2
3435,1241,filterLoc,,;Evacuee;159;in triage category;G;is leaving helicopter;2
3435,1244,filterLoc,,
3435,1247,filterLoc,,
3435,1250,filterLoc,,
3435,1253,filterLoc,,
3435,1256,filterLoc,,
3435,1259,filterLoc,,
3435,1262,filterLoc,,
3435,1265,filterLoc,,
3435,1268,filterLoc,,
3435,1271,filterLoc,,
3435,1274,filterLoc,,
3435,1277,filterLoc,,
3435,1280,filterLoc,,
3435,1283,filterLoc,,
3435,1286,filterLoc,,
3435,1289,filterLoc,,
3435,1292,filterLoc,,
3435,1295,filterLoc,,
3435,1298,filterLoc,,
3435,1301,filterLoc,,
3435,1304,filterLoc,,
3435,1307,filterLoc,,
3435,1310,filterLoc,,
3435,1313,filterLoc,,
3435,1316,filterLoc,,
3435,1319,filterLoc,,
3435,1322,filterLoc,,
3435,1325,filterLoc,,
3435,1328,filterLoc,,
3435,1331,filterLoc,,
3435,1334,filterLoc,,
3435,1337,filterLoc,,
3435,1340,filterLoc,,
3435,1343,filterLoc,,
3435,1346,filterLoc,,
3435,1349,filterLoc,,
3435,1352,filterLoc,,
3435,1355,filterLoc,,
3435,1358,filterLoc,,
3435,1361,filterLoc,,
3435,1364,filterLoc,,
3435,1367,filterLoc,,
3435,1370,filterLoc,,
3435,1373,filterLoc,,
3435,1376,filterLoc,,
3435,1379,filterLoc,,
3435,1382,filterLoc,,
3435,1385,filterLoc,,
3435,1388,filterLoc,,
3435,1391,filterLoc,,
3435,1394,filterLoc,,
3435,1397,filterLoc,,
3435,1400,filterLoc,,
3435,1403,filterLoc,,
3435,1406,filterLoc,,
3435,1409,filterLoc,,
3435,1412,filterLoc,,
3435,1415,filterLoc,,
3435,1418,filterLoc,,
3435,1421,filterLoc,,
3435,1424,filterLoc,,
3435,1427,filterLoc,,
3435,1430,filterLoc,,
3435,1433,filterLoc,,
3435,1436,filterLoc,,
3435,1439,filterLoc,,
3435,1442,filterLoc,,
3435,1445,filterLoc,,
3435,1448,filterLoc,,
3435,1451,filterLoc,,
3435,1454,filterLoc,,
3435,1457,filterLoc,,
3435,1460,filterLoc,,
3435,1463,filterLoc,,
3435,1466,filterLoc,,
3435,1469,filterLoc,,
3435,1472,filterLoc,,
3435,1475,filterLoc,,
3435,1478,filterLoc,,
3435,1481,filterLoc,,
3435,1484,filterLoc,,
3435,1487,filterLoc,,
3435,1490,filterLoc,,
3435,1493,filterLoc,,
3435,1496,filterLoc,,
3435,1499,filterLoc,,
3435,1502,filterLoc,,
3435,1505,filterLoc,,
3435,1508,filterLoc,,
3435,1511,filterLoc,,
3435,1514,filterLoc,,
3435,1517,filterLoc,,
3435,477,filterLoc,out,Evacuee 121 in triage category G is not assigned a helicopter
3435,477,filterLoc,,
3435,478,evacuee,,Evacuee;121;in triage state;G;is entering the FOL
3435,546,filterLoc,out,Evacuee 148 in triage category G is not assigned a helicopter
3435,546,filterLoc,,
3435,547,evacuee,,Evacuee;148;in triage state;G;is entering the FOL
3435,609,filterLoc,out,Evacuee 136 in triage category G is not assigned a helicopter
3435,609,filterLoc,,
3435,610,evacuee,,Evacuee;136;in triage state;G;is entering the FOL
3435,621,filterLoc,out,Evacuee 127 in triage category G is not assigned a helicopter
3435,621,filterLoc,,
3435,622,evacuee,,Evacuee;127;in triage state;G;is entering the FOL
3435,807,filterLoc,out,Evacuee 158 in triage category G is not assigned a helicopter
3435,807,filterLoc,,
3435,808,evacuee,,Evacuee;158;in triage state;G;is entering the FOL
3435,1098,filterLoc,out,Evacuee 144 in triage category G is not assigned a helicopter
3435,1098,filterLoc,,
3435,1099,evacuee,,Evacuee;144;in triage state;G;is entering the FOL
3435,1229,filterLoc,out,Evacuee 152 in triage category G is not assigned a helicopter
3435,1229,filterLoc,,
3435,1230,evacuee,,Evacuee;152;in triage state;G;is entering the FOL
3435,1232,filterLoc,out,Evacuee 153 in triage category G is not assigned a helicopter
3435,1232,filterLoc,,
3435,1233,evacuee,,Evacuee;153;in triage state;G;is entering the FOL
3435,1238,filterLoc,out,Evacuee 123 in triage category G is not assigned a helicopter
3435,1238,filterLoc,,
3435,1239,evacuee,,Evacuee;123;in triage state;G;is entering the FOL
3435,1241,filterLoc,out,Evacuee 159 in triage category G is not assigned a helicopter
3435,1241,filterLoc,,
3435,1242,evacuee,,Evacuee;159;in triage state;G;is entering the FOL
3435,223,FOL,,;EvacueeID;2;Triage Status;G;EvacueeID;4;Triage Status;G;EvacueeID;9;Triage Status;G;EvacueeID;11;Triage Status;G;EvacueeID;13;Triage Status;G;EvacueeID;14;Triage Status;G;EvacueeID;18;Triage Status;G;EvacueeID;22;Triage Status;G;EvacueeID;23;Triage Status;G;EvacueeID;24;Triage Status;G;EvacueeID;25;Triage Status;G;EvacueeID;29;Triage Status;G;EvacueeID;32;Triage Status;G;EvacueeID;33;Triage Status;G;EvacueeID;34;Triage Status;G;EvacueeID;37;Triage Status;G;EvacueeID;44;Triage Status;G;EvacueeID;45;Triage Status;G;EvacueeID;48;Triage Status;G;EvacueeID;49;Triage Status;G;EvacueeID;50;Triage Status;G;EvacueeID;55;Triage Status;G;EvacueeID;58;Triage Status;G;EvacueeID;60;Triage Status;G;EvacueeID;65;Triage Status;G;EvacueeID;67;Triage Status;G;EvacueeID;71;Triage Status;G;EvacueeID;74;Triage Status;G;EvacueeID;75;Triage Status;G;EvacueeID;76;Triage Status;G;EvacueeID;81;Triage Status;G;EvacueeID;83;Triage Status;G;EvacueeID;85;Triage Status;G;EvacueeID;90;Triage Status;G;EvacueeID;92;Triage Status;G;EvacueeID;93;Triage Status;G;EvacueeID;104;Triage Status;G;EvacueeID;105;Triage Status;G;EvacueeID;106;Triage Status;G;EvacueeID;117;Triage Status;G;EvacueeID;121;Triage Status;G;EvacueeID;123;Triage Status;G;EvacueeID;127;Triage Status;G;EvacueeID;136;Triage Status;G;EvacueeID;144;Triage Status;G;EvacueeID;148;Triage Status;G;EvacueeID;152;Triage Status;G;EvacueeID;153;Triage Status;G;EvacueeID;158;Triage Status;G;EvacueeID;159;Triage Status;G;Lives Saved;50
3435,478,evacuee,outFOL,Evacuee 121 in triage category G is not assigned a helicopter
3435,478,evacuee,,Evacuee;121;in triage state;G;is at the FOL
3435,547,evacuee,outFOL,Evacuee 148 in triage category G is not assigned a helicopter
3435,547,evacuee,,Evacuee;148;in triage state;G;is at the FOL
3435,610,evacuee,outFOL,Evacuee 136 in triage category G is not assigned a helicopter
3435,610,evacuee,,Evacuee;136;in triage state;G;is at the FOL
3435,622,evacuee,outFOL,Evacuee 127 in triage category G is not assigned a helicopter
3435,622,evacuee,,Evacuee;127;in triage state;G;is at the FOL
3435,808,evacuee,outFOL,Evacuee 158 in triage category G is not assigned a helicopter
3435,808,evacuee,,Evacuee;158;in triage state;G;is at the FOL
3435,1099,evacuee,outFOL,Evacuee 144 in triage category G is not assigned a helicopter
3435,1099,evacuee,,Evacuee;144;in triage state;G;is at the FOL
3435,1230,evacuee,outFOL,Evacuee 152 in triage category G is not assigned a helicopter
3435,1230,evacuee,,Evacuee;152;in triage state;G;is at the FOL
3435,1233,evacuee,outFOL,Evacuee 153 in triage category G is not assigned a helicopter
3435,1233,evacuee,,Evacuee;153;in triage state;G;is at the FOL
3435,1239,evacuee,outFOL,Evacuee 123 in triage category G is not assigned a helicopter
3435,1239,evacuee,,Evacuee;123;in triage state;G;is at the FOL
3435,1242,evacuee,outFOL,Evacuee 159 in triage category G is not assigned a helicopter
3435,1242,evacuee,,Evacuee;159;in triage state;G;is at the FOL
3435,223,FOL,,;EvacueeID;2;Triage Status;G;EvacueeID;4;Triage Status;G;EvacueeID;9;Triage Status;G;EvacueeID;11;Triage Status;G;EvacueeID;13;Triage Status;G;EvacueeID;14;Triage Status;G;EvacueeID;18;Triage Status;G;EvacueeID;22;Triage Status;G;EvacueeID;23;Triage Status;G;EvacueeID;24;Triage Status;G;EvacueeID;25;Triage Status;G;EvacueeID;29;Triage Status;G;EvacueeID;32;Triage Status;G;EvacueeID;33;Triage Status;G;EvacueeID;34;Triage Status;G;EvacueeID;37;Triage Status;G;EvacueeID;44;Triage Status;G;EvacueeID;45;Triage Status;G;EvacueeID;48;Triage Status;G;EvacueeID;49;Triage Status;G;EvacueeID;50;Triage Status;G;EvacueeID;55;Triage Status;G;EvacueeID;58;Triage Status;G;EvacueeID;60;Triage Status;G;EvacueeID;65;Triage Status;G;EvacueeID;67;Triage Status;G;EvacueeID;71;Triage Status;G;EvacueeID;74;Triage Status;G;EvacueeID;75;Triage Status;G;EvacueeID;76;Triage Status;G;EvacueeID;81;Triage Status;G;EvacueeID;83;Triage Status;G;EvacueeID;85;Triage Status;G;EvacueeID;90;Triage Status;G;EvacueeID;92;Triage Status;G;EvacueeID;93;Triage Status;G;EvacueeID;104;Triage Status;G;EvacueeID;105;Triage Status;G;EvacueeID;106;Triage Status;G;EvacueeID;117;Triage Status;G;EvacueeID;121;Triage Status;G;EvacueeID;123;Triage Status;G;EvacueeID;127;Triage Status;G;EvacueeID;136;Triage Status;G;EvacueeID;144;Triage Status;G;EvacueeID;148;Triage Status;G;EvacueeID;152;Triage Status;G;EvacueeID;153;Triage Status;G;EvacueeID;158;Triage Status;G;EvacueeID;159;Triage Status;G;Lives Saved;50
3439.83,3,evacueeManager,,OFF SHIP: White;0;Green;95;Yellow;22;Red;5;Black;318;ON SHIP: White;0;Green;0;Yellow;0;Red;0;Evacuees to Transfer;
3439.83,47,evacuee,outES,Evacuee 475 in triage category G is not assigned a helicopter
3439.83,47,evacuee,,Evacuee;475;in triage state;Y;is at the evacuation site
3450,1121,helicopter,,Helicopter;2;Is going to the evacuation site;;and has;0;spots taken
3454.94,3,evacueeManager,,OFF SHIP: White;0;Green;94;Yellow;23;Red;5;Black;318;ON SHIP: White;0;Green;0;Yellow;0;Red;0;Evacuees to Transfer;
3454.94,946,evacuee,outES,Evacuee 241 in triage category G is not assigned a helicopter
3454.94,946,evacuee,,Evacuee;241;in triage state;Y;is at the evacuation site
3466.02,3,evacueeManager,,OFF SHIP: White;0;Green;94;Yellow;22;Red;6;Black;318;ON SHIP: White;0;Green;0;Yellow;0;Red;0;Evacuees to Transfer;
3466.02,940,evacuee,outES,Evacuee 26 in triage category Y is not assigned a helicopter
3466.02,940,evacuee,,Evacuee;26;in triage state;R;is at the evacuation site
3473.21,3,evacueeManager,,OFF SHIP: White;0;Green;94;Yellow;22;Red;5;Black;319;ON SHIP: White;0;Green;0;Yellow;0;Red;0;Evacuees to Transfer;
3473.21,1362,evacuee,outES,Evacuee 399 in triage category R is not assigned a helicopter
3473.21,1362,evacuee,,Evacuee;399;in triage state;B;is at the evacuation site
3476.55,3,evacueeManager,,OFF SHIP: White;0;Green;93;Yellow;23;Red;5;Black;319;ON SHIP: White;0;Green;0;Yellow;0;Red;0;Evacuees to Transfer;
3476.55,1434,evacuee,outES,Evacuee 221 in triage category G is not assigned a helicopter
3476.55,1434,evacuee,,Evacuee;221;in triage state;Y;is at the evacuation site
3482.07,3,evacueeManager,,OFF SHIP: White;0;Green;92;Yellow;24;Red;5;Black;319;ON SHIP: White;0;Green;0;Yellow;0;Red;0;Evacuees to Transfer;
3482.07,1365,evacuee,outES,Evacuee 197 in triage category G is not assigned a helicopter
3482.07,1365,evacuee,,Evacuee;197;in triage state;Y;is at the evacuation site
3495,7,filterLoc,,
3495,10,filterLoc,,
3495,13,filterLoc,,
3495,16,filterLoc,,
3495,19,filterLoc,,
3495,22,filterLoc,,
3495,25,filterLoc,,
3495,28,filterLoc,,
3495,31,filterLoc,,
3495,34,filterLoc,,
3495,37,filterLoc,,
3495,40,filterLoc,,
3495,43,filterLoc,,
3495,46,filterLoc,,
3495,49,filterLoc,,
3495,52,filterLoc,,
3495,55,filterLoc,,
3495,58,filterLoc,,
3495,61,filterLoc,,
3495,64,filterLoc,,
3495,67,filterLoc,,
3495,70,filterLoc,,
3495,73,filterLoc,,
3495,76,filterLoc,,
3495,79,filterLoc,,
3495,82,filterLoc,,
3495,85,filterLoc,,
3495,88,filterLoc,,
3495,91,filterLoc,,
3495,94,filterLoc,,
3495,97,filterLoc,,
3495,100,filterLoc,,
3495,105,helicopter,outEvac,Evacuee 161 in triage category G is not assigned a helicopter
3495,105,helicopter,outEvac,Evacuee 164 in triage category G is not assigned a helicopter
3495,105,helicopter,outEvac,Evacuee 165 in triage category G is not assigned a helicopter
3495,105,helicopter,outEvac,Evacuee 169 in triage category G is not assigned a helicopter
3495,105,helicopter,outEvac,Evacuee 170 in triage category G is not assigned a helicopter
3495,105,helicopter,outEvac,Evacuee 171 in triage category G is not assigned a helicopter
3495,105,helicopter,outEvac,Evacuee 174 in triage category G is not assigned a helicopter
3495,105,helicopter,outEvac,Evacuee 177 in triage category G is not assigned a helicopter
3495,105,helicopter,outEvac,Evacuee 181 in triage category G is not assigned a helicopter
3495,105,helicopter,outEvac,Evacuee 187 in triage category G is not assigned a helicopter
3495,105,helicopter,,Helicopter;3;is unloading people at the FOL;;and has;0;spots taken
3495,107,filterLoc,,
3495,110,filterLoc,,
3495,113,filterLoc,,
3495,116,filterLoc,,
3495,119,filterLoc,,
3495,122,filterLoc,,
3495,125,filterLoc,,
3495,128,filterLoc,,
3495,131,filterLoc,,
3495,134,filterLoc,,
3495,137,filterLoc,,
3495,140,filterLoc,,
3495,143,filterLoc,,
3495,146,filterLoc,,
3495,149,filterLoc,,
3495,152,filterLoc,,
3495,155,filterLoc,,
3495,158,filterLoc,,
3495,161,filterLoc,,
3495,164,filterLoc,,
3495,167,filterLoc,,
3495,170,filterLoc,,
3495,173,filterLoc,,
3495,176,filterLoc,,
3495,179,filterLoc,,
3495,182,filterLoc,,
3495,185,filterLoc,,
3495,188,filterLoc,,
3495,191,filterLoc,,
3495,194,filterLoc,,
3495,197,filterLoc,,
3495,200,filterLoc,,
3495,203,filterLoc,,
3495,206,filterLoc,,
3495,209,filterLoc,,
3495,212,filterLoc,,
3495,215,filterLoc,,
3495,218,filterLoc,,
3495,221,filterLoc,,
3495,225,filterLoc,,
3495,228,filterLoc,,
3495,231,filterLoc,,
3495,234,filterLoc,,
3495,237,filterLoc,,
3495,240,filterLoc,,
3495,243,filterLoc,,
3495,246,filterLoc,,
3495,249,filterLoc,,
3495,252,filterLoc,,
3495,255,filterLoc,,
3495,258,filterLoc,,
3495,261,filterLoc,,
3495,264,filterLoc,,
3495,267,filterLoc,,
3495,270,filterLoc,,
3495,273,filterLoc,,
3495,276,filterLoc,,
3495,279,filterLoc,,
3495,282,filterLoc,,
3495,285,filterLoc,,
3495,288,filterLoc,,
3495,291,filterLoc,,
3495,294,filterLoc,,
3495,297,filterLoc,,
3495,300,filterLoc,,
3495,303,filterLoc,,
3495,306,filterLoc,,
3495,309,filterLoc,,
3495,312,filterLoc,,
3495,315,filterLoc,,
3495,318,filterLoc,,
3495,321,filterLoc,,
3495,324,filterLoc,,
3495,327,filterLoc,,
3495,330,filterLoc,,
3495,333,filterLoc,,
3495,336,filterLoc,,
3495,339,filterLoc,,
3495,342,filterLoc,,
3495,345,filterLoc,,
3495,348,filterLoc,,
3495,351,filterLoc,,
3495,354,filterLoc,,
3495,357,filterLoc,,
3495,360,filterLoc,,
3495,363,filterLoc,,
3495,366,filterLoc,,
3495,369,filterLoc,,
3495,372,filterLoc,,
3495,375,filterLoc,,
3495,378,filterLoc,,
3495,381,filterLoc,,
3495,384,filterLoc,,
3495,387,filterLoc,,
3495,390,filterLoc,,
3495,393,filterLoc,,
3495,396,filterLoc,,
3495,399,filterLoc,,
3495,402,filterLoc,,
3495,405,filterLoc,,
3495,408,filterLoc,,
3495,411,filterLoc,,
3495,414,filterLoc,,
3495,417,filterLoc,,
3495,420,filterLoc,,
3495,423,filterLoc,,
3495,426,filterLoc,,
3495,429,filterLoc,,
3495,432,filterLoc,,
3495,435,filterLoc,,
3495,438,filterLoc,,
3495,441,filterLoc,,
3495,444,filterLoc,,
3495,447,filterLoc,,
3495,450,filterLoc,,
3495,453,filterLoc,,
3495,456,filterLoc,,
3495,459,filterLoc,,
3495,462,filterLoc,,
3495,465,filterLoc,,
3495,468,filterLoc,,
3495,471,filterLoc,,
3495,474,filterLoc,,
3495,477,filterLoc,,
3495,480,filterLoc,,
3495,483,filterLoc,,
3495,486,filterLoc,,
3495,489,filterLoc,,
3495,492,filterLoc,,
3495,495,filterLoc,,
3495,498,filterLoc,,
3495,501,filterLoc,,
3495,504,filterLoc,,
3495,507,filterLoc,,
3495,510,filterLoc,,
3495,513,filterLoc,,
3495,516,filterLoc,,
3495,519,filterLoc,,
3495,522,filterLoc,,
3495,525,filterLoc,,
3495,528,filterLoc,,
3495,531,filterLoc,,
3495,534,filterLoc,,
3495,537,filterLoc,,
3495,540,filterLoc,,
3495,543,filterLoc,,
3495,546,filterLoc,,
3495,549,filterLoc,,
3495,552,filterLoc,,
3495,555,filterLoc,,
3495,558,filterLoc,,
3495,561,filterLoc,,
3495,564,filterLoc,,
3495,567,filterLoc,,
3495,570,filterLoc,,
3495,573,filterLoc,,
3495,576,filterLoc,,
3495,579,filterLoc,,
3495,582,filterLoc,,
3495,585,filterLoc,,
3495,588,filterLoc,,
3495,591,filterLoc,,
3495,594,filterLoc,,
3495,597,filterLoc,,
3495,600,filterLoc,,
3495,603,filterLoc,,
3495,606,filterLoc,,
3495,609,filterLoc,,
3495,612,filterLoc,,
3495,615,filterLoc,,
3495,618,filterLoc,,
3495,621,filterLoc,,
3495,624,filterLoc,,
3495,627,filterLoc,,
3495,630,filterLoc,,
3495,633,filterLoc,,
3495,636,filterLoc,,
3495,639,filterLoc,,
3495,642,filterLoc,,
3495,645,filterLoc,,
3495,648,filterLoc,,
3495,651,filterLoc,,
3495,654,filterLoc,,
3495,657,filterLoc,,
3495,660,filterLoc,,
3495,663,filterLoc,,
3495,666,filterLoc,,
3495,669,filterLoc,,
3495,672,filterLoc,,
3495,675,filterLoc,,;Evacuee;165;in triage category;G;is leaving helicopter;3
3495,678,filterLoc,,
3495,681,filterLoc,,
3495,684,filterLoc,,
3495,687,filterLoc,,
3495,690,filterLoc,,
3495,693,filterLoc,,
3495,696,filterLoc,,
3495,699,filterLoc,,
3495,702,filterLoc,,
3495,705,filterLoc,,
3495,708,filterLoc,,
3495,711,filterLoc,,
3495,714,filterLoc,,
3495,717,filterLoc,,
3495,720,filterLoc,,
3495,723,filterLoc,,
3495,726,filterLoc,,
3495,729,filterLoc,,
3495,732,filterLoc,,
3495,735,filterLoc,,
3495,738,filterLoc,,
3495,741,filterLoc,,
3495,744,filterLoc,,
3495,747,filterLoc,,
3495,750,filterLoc,,
3495,753,filterLoc,,
3495,756,filterLoc,,
3495,759,filterLoc,,
3495,762,filterLoc,,
3495,765,filterLoc,,
3495,768,filterLoc,,
3495,771,filterLoc,,
3495,774,filterLoc,,
3495,777,filterLoc,,
3495,780,filterLoc,,
3495,783,filterLoc,,
3495,786,filterLoc,,
3495,789,filterLoc,,
3495,792,filterLoc,,
3495,795,filterLoc,,
3495,798,filterLoc,,
3495,801,filterLoc,,
3495,804,filterLoc,,
3495,807,filterLoc,,
3495,810,filterLoc,,;Evacuee;187;in triage category;G;is leaving helicopter;3
3495,813,filterLoc,,
3495,816,filterLoc,,
3495,819,filterLoc,,
3495,822,filterLoc,,
3495,825,filterLoc,,
3495,828,filterLoc,,
3495,831,filterLoc,,
3495,834,filterLoc,,
3495,837,filterLoc,,
3495,840,filterLoc,,
3495,843,filterLoc,,
3495,846,filterLoc,,
3495,849,filterLoc,,
3495,852,filterLoc,,
3495,855,filterLoc,,
3495,858,filterLoc,,
3495,861,filterLoc,,
3495,864,filterLoc,,
3495,867,filterLoc,,
3495,870,filterLoc,,
3495,873,filterLoc,,
3495,876,filterLoc,,
3495,879,filterLoc,,
3495,882,filterLoc,,
3495,885,filterLoc,,
3495,888,filterLoc,,
3495,891,filterLoc,,
3495,894,filterLoc,,
3495,897,filterLoc,,
3495,900,filterLoc,,
3495,903,filterLoc,,
3495,906,filterLoc,,
3495,909,filterLoc,,
3495,912,filterLoc,,
3495,915,filterLoc,,
3495,918,filterLoc,,
3495,921,filterLoc,,
3495,924,filterLoc,,
3495,927,filterLoc,,
3495,930,filterLoc,,
3495,933,filterLoc,,
3495,936,filterLoc,,
3495,939,filterLoc,,
3495,942,filterLoc,,
3495,945,filterLoc,,
3495,948,filterLoc,,
3495,951,filterLoc,,
3495,954,filterLoc,,
3495,957,filterLoc,,
3495,960,filterLoc,,
3495,963,filterLoc,,
3495,966,filterLoc,,
3495,969,filterLoc,,
3495,972,filterLoc,,
3495,975,filterLoc,,
3495,978,filterLoc,,
3495,981,filterLoc,,
3495,984,filterLoc,,
3495,987,filterLoc,,
3495,990,filterLoc,,
3495,993,filterLoc,,
3495,996,filterLoc,,
3495,999,filterLoc,,
3495,1002,filterLoc,,
3495,1005,filterLoc,,
3495,1008,filterLoc,,
3495,1011,filterLoc,,
3495,1014,filterLoc,,
3495,1017,filterLoc,,
3495,1020,filterLoc,,
3495,1023,filterLoc,,
3495,1026,filterLoc,,
3495,1029,filterLoc,,
3495,1032,filterLoc,,
3495,1035,filterLoc,,
3495,1038,filterLoc,,
3495,1041,filterLoc,,
3495,1044,filterLoc,,
3495,1047,filterLoc,,
3495,1050,filterLoc,,
3495,1053,filterLoc,,
3495,1056,filterLoc,,
3495,1059,filterLoc,,
3495,1062,filterLoc,,
3495,1065,filterLoc,,
3495,1068,filterLoc,,
3495,1071,filterLoc,,
3495,1074,filterLoc,,
3495,1077,filterLoc,,
3495,1080,filterLoc,,
3495,1083,filterLoc,,
3495,1086,filterLoc,,
3495,1089,filterLoc,,
3495,1092,filterLoc,,
3495,1095,filterLoc,,
3495,1098,filterLoc,,
3495,1101,filterLoc,,
3495,1104,filterLoc,,
3495,1107,filterLoc,,
3495,1110,filterLoc,,
3495,1113,filterLoc,,
3495,1116,filterLoc,,
3495,1123,filterLoc,,
3495,1126,filterLoc,,
3495,1129,filterLoc,,
3495,1132,filterLoc,,
3495,1135,filterLoc,,
3495,1138,filterLoc,,
3495,1141,filterLoc,,
3495,1144,filterLoc,,
3495,1147,filterLoc,,
3495,1150,filterLoc,,
3495,1153,filterLoc,,
3495,1156,filterLoc,,
3495,1163,filterLoc,,
3495,1166,filterLoc,,
3495,1169,filterLoc,,
3495,1172,filterLoc,,
3495,1175,filterLoc,,
3495,1178,filterLoc,,;Evacuee;181;in triage category;G;is leaving helicopter;3
3495,1181,filterLoc,,
3495,1184,filterLoc,,
3495,1187,filterLoc,,
3495,1190,filterLoc,,
3495,1193,filterLoc,,
3495,1196,filterLoc,,
3495,1199,filterLoc,,
3495,1202,filterLoc,,
3495,1205,filterLoc,,
3495,1208,filterLoc,,
3495,1211,filterLoc,,
3495,1214,filterLoc,,
3495,1217,filterLoc,,
3495,1220,filterLoc,,
3495,1223,filterLoc,,
3495,1226,filterLoc,,
3495,1229,filterLoc,,
3495,1232,filterLoc,,
3495,1235,filterLoc,,
3495,1238,filterLoc,,
3495,1241,filterLoc,,
3495,1244,filterLoc,,;Evacuee;161;in triage category;G;is leaving helicopter;3
3495,1247,filterLoc,,
3495,1250,filterLoc,,
3495,1253,filterLoc,,
3495,1256,filterLoc,,
3495,1259,filterLoc,,
3495,1262,filterLoc,,
3495,1265,filterLoc,,
3495,1268,filterLoc,,
3495,1271,filterLoc,,
3495,1274,filterLoc,,
3495,1277,filterLoc,,
3495,1280,filterLoc,,
3495,1283,filterLoc,,
3495,1286,filterLoc,,
3495,1289,filterLoc,,
3495,1292,filterLoc,,
3495,1295,filterLoc,,;Evacuee;169;in triage category;G;is leaving helicopter;3
3495,1298,filterLoc,,;Evacuee;170;in triage category;G;is leaving helicopter;3
3495,1301,filterLoc,,;Evacuee;171;in triage category;G;is leaving helicopter;3
3495,1304,filterLoc,,;Evacuee;174;in triage category;G;is leaving helicopter;3
3495,1307,filterLoc,,;Evacuee;177;in triage category;G;is leaving helicopter;3
3495,1310,filterLoc,,
3495,1313,filterLoc,,
3495,1316,filterLoc,,
3495,1319,filterLoc,,
3495,1322,filterLoc,,
3495,1325,filterLoc,,
3495,1328,filterLoc,,
3495,1331,filterLoc,,
3495,1334,filterLoc,,
3495,1337,filterLoc,,
3495,1340,filterLoc,,
3495,1343,filterLoc,,
3495,1346,filterLoc,,
3495,1349,filterLoc,,
3495,1352,filterLoc,,
3495,1355,filterLoc,,
3495,1358,filterLoc,,
3495,1361,filterLoc,,
3495,1364,filterLoc,,
3495,1367,filterLoc,,
3495,1370,filterLoc,,
3495,1373,filterLoc,,
3495,1376,filterLoc,,
3495,1379,filterLoc,,
3495,1382,filterLoc,,
3495,1385,filterLoc,,
3495,1388,filterLoc,,
3495,1391,filterLoc,,
3495,1394,filterLoc,,
3495,1397,filterLoc,,
3495,1400,filterLoc,,
3495,1403,filterLoc,,
3495,1406,filterLoc,,
3495,1409,filterLoc,,
3495,1412,filterLoc,,
3495,1415,filterLoc,,
3495,1418,filterLoc,,
3495,1421,filterLoc,,
3495,1424,filterLoc,,
3495,1427,filterLoc,,
3495,1430,filterLoc,,
3495,1433,filterLoc,,
3495,1436,filterLoc,,
3495,1439,filterLoc,,
3495,1442,filterLoc,,
3495,1445,filterLoc,,;Evacuee;164;in triage category;G;is leaving helicopter;3
3495,1448,filterLoc,,
3495,1451,filterLoc,,
3495,1454,filterLoc,,
3495,1457,filterLoc,,
3495,1460,filterLoc,,
3495,1463,filterLoc,,
3495,1466,filterLoc,,
3495,1469,filterLoc,,
3495,1472,filterLoc,,
3495,1475,filterLoc,,
3495,1478,filterLoc,,
3495,1481,filterLoc,,
3495,1484,filterLoc,,
3495,1487,filterLoc,,
3495,1490,filterLoc,,
3495,1493,filterLoc,,
3495,1496,filterLoc,,
3495,1499,filterLoc,,
3495,1502,filterLoc,,
3495,1505,filterLoc,,
3495,1508,filterLoc,,
3495,1511,filterLoc,,
3495,1514,filterLoc,,
3495,1517,filterLoc,,
3495,675,filterLoc,out,Evacuee 165 in triage category G is not assigned a helicopter
3495,675,filterLoc,,
3495,676,evacuee,,Evacuee;165;in triage state;G;is entering the FOL
3495,810,filterLoc,out,Evacuee 187 in triage category G is not assigned a helicopter
3495,810,filterLoc,,
3495,811,evacuee,,Evacuee;187;in triage state;G;is entering the FOL
3495,1178,filterLoc,out,Evacuee 181 in triage category G is not assigned a helicopter
3495,1178,filterLoc,,
3495,1179,evacuee,,Evacuee;181;in triage state;G;is entering the FOL
3495,1244,filterLoc,out,Evacuee 161 in triage category G is not assigned a helicopter
3495,1244,filterLoc,,
3495,1245,evacuee,,Evacuee;161;in triage state;G;is entering the FOL
3495,1295,filterLoc,out,Evacuee 169 in triage category G is not assigned a helicopter
3495,1295,filterLoc,,
3495,1296,evacuee,,Evacuee;169;in triage state;G;is entering the FOL
3495,1298,filterLoc,out,Evacuee 170 in triage category G is not assigned a helicopter
3495,1298,filterLoc,,
3495,1299,evacuee,,Evacuee;170;in triage state;G;is entering the FOL
3495,1301,filterLoc,out,Evacuee 171 in triage category G is not assigned a helicopter
3495,1301,filterLoc,,
3495,1302,evacuee,,Evacuee;171;in triage state;G;is entering the FOL
3495,1304,filterLoc,out,Evacuee 174 in triage category G is not assigned a helicopter
3495,1304,filterLoc,,
3495,1305,evacuee,,Evacuee;174;in triage state;G;is entering the FOL
3495,1307,filterLoc,out,Evacuee 177 in triage category G is not assigned a helicopter
3495,1307,filterLoc,,
3495,1308,evacuee,,Evacuee;177;in triage state;G;is entering the FOL
3495,1445,filterLoc,out,Evacuee 164 in triage category G is not assigned a helicopter
3495,1445,filterLoc,,
3495,1446,evacuee,,Evacuee;164;in triage state;G;is entering the FOL
3495,223,FOL,,;EvacueeID;2;Triage Status;G;EvacueeID;4;Triage Status;G;EvacueeID;9;Triage Status;G;EvacueeID;11;Triage Status;G;EvacueeID;13;Triage Status;G;EvacueeID;14;Triage Status;G;EvacueeID;18;Triage Status;G;EvacueeID;22;Triage Status;G;EvacueeID;23;Triage Status;G;EvacueeID;24;Triage Status;G;EvacueeID;25;Triage Status;G;EvacueeID;29;Triage Status;G;EvacueeID;32;Triage Status;G;EvacueeID;33;Triage Status;G;EvacueeID;34;Triage Status;G;EvacueeID;37;Triage Status;G;EvacueeID;44;Triage Status;G;EvacueeID;45;Triage Status;G;EvacueeID;48;Triage Status;G;EvacueeID;49;Triage Status;G;EvacueeID;50;Triage Status;G;EvacueeID;55;Triage Status;G;EvacueeID;58;Triage Status;G;EvacueeID;60;Triage Status;G;EvacueeID;65;Triage Status;G;EvacueeID;67;Triage Status;G;EvacueeID;71;Triage Status;G;EvacueeID;74;Triage Status;G;EvacueeID;75;Triage Status;G;EvacueeID;76;Triage Status;G;EvacueeID;81;Triage Status;G;EvacueeID;83;Triage Status;G;EvacueeID;85;Triage Status;G;EvacueeID;90;Triage Status;G;EvacueeID;92;Triage Status;G;EvacueeID;93;Triage Status;G;EvacueeID;104;Triage Status;G;EvacueeID;105;Triage Status;G;EvacueeID;106;Triage Status;G;EvacueeID;117;Triage Status;G;EvacueeID;121;Triage Status;G;EvacueeID;123;Triage Status;G;EvacueeID;127;Triage Status;G;EvacueeID;136;Triage Status;G;EvacueeID;144;Triage Status;G;EvacueeID;148;Triage Status;G;EvacueeID;152;Triage Status;G;EvacueeID;153;Triage Status;G;EvacueeID;158;Triage Status;G;EvacueeID;159;Triage Status;G;EvacueeID;161;Triage Status;G;EvacueeID;164;Triage Status;G;EvacueeID;165;Triage Status;G;EvacueeID;169;Triage Status;G;EvacueeID;170;Triage Status;G;EvacueeID;171;Triage Status;G;EvacueeID;174;Triage Status;G;EvacueeID;177;Triage Status;G;EvacueeID;181;Triage Status;G;EvacueeID;187;Triage Status;G;Lives Saved;60
3495,676,evacuee,outFOL,Evacuee 165 in triage category G is not assigned a helicopter
3495,676,evacuee,,Evacuee;165;in triage state;G;is at the FOL
3495,811,evacuee,outFOL,Evacuee 187 in triage category G is not assigned a helicopter
3495,811,evacuee,,Evacuee;187;in triage state;G;is at the FOL
3495,1179,evacuee,outFOL,Evacuee 181 in triage category G is not assigned a helicopter
3495,1179,evacuee,,Evacuee;181;in triage state;G;is at the FOL
3495,1245,evacuee,outFOL,Evacuee 161 in triage category G is not assigned a helicopter
3495,1245,evacuee,,Evacuee;161;in triage state;G;is at the FOL
3495,1296,evacuee,outFOL,Evacuee 169 in triage category G is not assigned a helicopter
3495,1296,evacuee,,Evacuee;169;in triage state;G;is at the FOL
3495,1299,evacuee,outFOL,Evacuee 170 in triage category G is not assigned a helicopter
3495,1299,evacuee,,Evacuee;170;in triage state;G;is at the FOL
3495,1302,evacuee,outFOL,Evacuee 171 in triage category G is not assigned a helicopter
3495,1302,evacuee,,Evacuee;171;in triage state;G;is at the FOL
3495,1305,evacuee,outFOL,Evacuee 174 in triage category G is not assigned a helicopter
3495,1305,evacuee,,Evacuee;174;in triage state;G;is at the FOL
3495,1308,evacuee,outFOL,Evacuee 177 in triage category G is not assigned a helicopter
3495,1308,evacuee,,Evacuee;177;in triage state;G;is at the FOL
3495,1446,evacuee,outFOL,Evacuee 164 in triage category G is not assigned a helicopter
3495,1446,evacuee,,Evacuee;164;in triage state;G;is at the FOL
3495,223,FOL,,;EvacueeID;2;Triage Status;G;EvacueeID;4;Triage Status;G;EvacueeID;9;Triage Status;G;EvacueeID;11;Triage Status;G;EvacueeID;13;Triage Status;G;EvacueeID;14;Triage Status;G;EvacueeID;18;Triage Status;G;EvacueeID;22;Triage Status;G;EvacueeID;23;Triage Status;G;EvacueeID;24;Triage Status;G;EvacueeID;25;Triage Status;G;EvacueeID;29;Triage Status;G;EvacueeID;32;Triage Status;G;EvacueeID;33;Triage Status;G;EvacueeID;34;Triage Status;G;EvacueeID;37;Triage Status;G;EvacueeID;44;Triage Status;G;EvacueeID;45;Triage Status;G;EvacueeID;48;Triage Status;G;EvacueeID;49;Triage Status;G;EvacueeID;50;Triage Status;G;EvacueeID;55;Triage Status;G;EvacueeID;58;Triage Status;G;EvacueeID;60;Triage Status;G;EvacueeID;65;Triage Status;G;EvacueeID;67;Triage Status;G;EvacueeID;71;Triage Status;G;EvacueeID;74;Triage Status;G;EvacueeID;75;Triage Status;G;EvacueeID;76;Triage Status;G;EvacueeID;81;Triage Status;G;EvacueeID;83;Triage Status;G;EvacueeID;85;Triage Status;G;EvacueeID;90;Triage Status;G;EvacueeID;92;Triage Status;G;EvacueeID;93;Triage Status;G;EvacueeID;104;Triage Status;G;EvacueeID;105;Triage Status;G;EvacueeID;106;Triage Status;G;EvacueeID;117;Triage Status;G;EvacueeID;121;Triage Status;G;EvacueeID;123;Triage Status;G;EvacueeID;127;Triage Status;G;EvacueeID;136;Triage Status;G;EvacueeID;144;Triage Status;G;EvacueeID;148;Triage Status;G;EvacueeID;152;Triage Status;G;EvacueeID;153;Triage Status;G;EvacueeID;158;Triage Status;G;EvacueeID;159;Triage Status;G;EvacueeID;161;Triage Status;G;EvacueeID;164;Triage Status;G;EvacueeID;165;Triage Status;G;EvacueeID;169;Triage Status;G;EvacueeID;170;Triage Status;G;EvacueeID;171;Triage Status;G;EvacueeID;174;Triage Status;G;EvacueeID;177;Triage Status;G;EvacueeID;181;Triage Status;G;EvacueeID;187;Triage Status;G;Lives Saved;60
3500.3,3,evacueeManager,,OFF SHIP: White;0;Green;92;Yellow;23;Red;6;Black;319;ON SHIP: White;0;Green;0;Yellow;0;Red;0;Evacuees to Transfer;
3500.3,1500,evacuee,outES,Evacuee 248 in triage category Y is not assigned a helicopter
3500.3,1500,evacuee,,Evacuee;248;in triage state;R;is at the evacuation site
3508.12,3,evacueeManager,,OFF SHIP: White;0;Green;92;Yellow;22;Red;7;Black;319;ON SHIP: White;0;Green;0;Yellow;0;Red;0;Evacuees to Transfer;
3508.12,874,evacuee,outES,Evacuee 368 in triage category Y is not assigned a helicopter
3508.12,874,evacuee,,Evacuee;368;in triage state;R;is at the evacuation site
3508.35,3,evacueeManager,,OFF SHIP: White;0;Green;91;Yellow;23;Red;7;Black;319;ON SHIP: White;0;Green;0;Yellow;0;Red;0;Evacuees to Transfer;
3508.35,1227,evacuee,outES,Evacuee 222 in triage category G is not assigned a helicopter
3508.35,1227,evacuee,,Evacuee;222;in triage state;Y;is at the evacuation site
3509.47,3,evacueeManager,,OFF SHIP: White;0;Green;91;Yellow;23;Red;6;Black;320;ON SHIP: White;0;Green;0;Yellow;0;Red;0;Evacuees to Transfer;
3509.47,1500,evacuee,outES,Evacuee 248 in triage category R is not assigned a helicopter
3509.47,1500,evacuee,,Evacuee;248;in triage state;B;is at the evacuation site
3510,105,helicopter,,Helicopter;3;Is going to the evacuation site;;and has;0;spots taken
3510.15,3,evacueeManager,,OFF SHIP: White;0;Green;91;Yellow;22;Red;7;Black;320;ON SHIP: White;0;Green;0;Yellow;0;Red;0;Evacuees to Transfer;
3510.15,1081,evacuee,outES,Evacuee 307 in triage category Y is not assigned a helicopter
3510.15,1081,evacuee,,Evacuee;307;in triage state;R;is at the evacuation site
3513.96,3,evacueeManager,,OFF SHIP: White;0;Green;91;Yellow;22;Red;6;Black;321;ON SHIP: White;0;Green;0;Yellow;0;Red;0;Evacuees to Transfer;
3513.96,475,evacuee,outES,Evacuee 276 in triage category R is not assigned a helicopter
3513.96,475,evacuee,,Evacuee;276;in triage state;B;is at the evacuation site
3519.12,3,evacueeManager,,OFF SHIP: White;0;Green;91;Yellow;22;Red;5;Black;322;ON SHIP: White;0;Green;0;Yellow;0;Red;0;Evacuees to Transfer;
3519.12,940,evacuee,outES,Evacuee 26 in triage category R is not assigned a helicopter
3519.12,940,evacuee,,Evacuee;26;in triage state;B;is at the evacuation site
3519.66,3,evacueeManager,,OFF SHIP: White;0;Green;91;Yellow;22;Red;4;Black;323;ON SHIP: White;0;Green;0;Yellow;0;Red;0;Evacuees to Transfer;
3519.66,1431,evacuee,outES,Evacuee 219 in triage category R is not assigned a helicopter
3519.66,1431,evacuee,,Evacuee;219;in triage state;B;is at the evacuation site
3524.03,3,evacueeManager,,OFF SHIP: White;0;Green;91;Yellow;22;Red;3;Black;324;ON SHIP: White;0;Green;0;Yellow;0;Red;0;Evacuees to Transfer;
3524.03,874,evacuee,outES,Evacuee 368 in triage category R is not assigned a helicopter
3524.03,874,evacuee,,Evacuee;368;in triage state;B;is at the evacuation site
3524.93,3,evacueeManager,,OFF SHIP: White;0;Green;90;Yellow;23;Red;3;Black;324;ON SHIP: White;0;Green;0;Yellow;0;Red;0;Evacuees to Transfer;
3524.93,74,evacuee,outES,Evacuee 458 in triage category G is not assigned a helicopter
3524.93,74,evacuee,,Evacuee;458;in triage state;Y;is at the evacuation site
3529.85,3,evacueeManager,,OFF SHIP: White;0;Green;90;Yellow;23;Red;2;Black;325;ON SHIP: White;0;Green;0;Yellow;0;Red;0;Evacuees to Transfer;
3529.85,1154,evacuee,outES,Evacuee 261 in triage category R is not assigned a helicopter
3529.85,1154,evacuee,,Evacuee;261;in triage state;B;is at the evacuation site
3540,5,helicopterQueue,,1;Helos are waiting to land;HeloID;1
3540,1161,helicopter,outES,Helicopter 1 is evacuating people1
3540,1161,helicopter,,Helicopter;1;is waiting to land at the evacuation site;;and has;0;spots taken
3540,4,helipadManager,,;No helos are at ES
3540,5,helicopterQueue,outHM,Helicopter 1 is evacuating people1
3540,5,helicopterQueue,outHelo,Helicopter 1 is evacuating people1
3540,5,helicopterQueue,,;No helos are waiting to land
3540,104,filterES,,
3540,1120,filterES,,
3540,1160,filterES,,Helicopter;1;is evacuating people
3540,3,evacueeManager,,OFF SHIP: White;0;Green;80;Yellow;23;Red;2;Black;325;ON SHIP: White;0;Green;0;Yellow;0;Red;0;Evacuees to Transfer;;EvacueeID;188;HeloID;1;OnShip;0;Triage Status;G;EvacueeID;190;HeloID;1;OnShip;0;Triage Status;G;EvacueeID;192;HeloID;1;OnShip;0;Triage Status;G;EvacueeID;200;HeloID;1;OnShip;0;Triage Status;G;EvacueeID;201;HeloID;1;OnShip;0;Triage Status;G;EvacueeID;202;HeloID;1;OnShip;0;Triage Status;G;EvacueeID;209;HeloID;1;OnShip;0;Triage Status;G;EvacueeID;210;HeloID;1;OnShip;0;Triage Status;G;EvacueeID;212;HeloID;1;OnShip;0;Triage Status;G;EvacueeID;218;HeloID;1;OnShip;0;Triage Status;G
3540,4,helipadManager,outEM,Helicopter 1 is evacuating people1
3540,4,helipadManager,,Helo;1;is at the ES
3540,1160,filterES,out,Helicopter 1 is evacuating people1
3540,1160,filterES,,
3540,1161,helicopter,,Helicopter;1;is waiting to land at the evacuation site;;and has;0;spots taken
3540,3,evacueeManager,outEvac,Evacuee 188 in triage category G is assigned helicopter 1
3540,3,evacueeManager,outEvac,Evacuee 190 in triage category G is assigned helicopter 1
3540,3,evacueeManager,outEvac,Evacuee 192 in triage category G is assigned helicopter 1
3540,3,evacueeManager,outEvac,Evacuee 200 in triage category G is assigned helicopter 1
3540,3,evacueeManager,outEvac,Evacuee 201 in triage category G is assigned helicopter 1
3540,3,evacueeManager,outEvac,Evacuee 202 in triage category G is assigned helicopter 1
3540,3,evacueeManager,outEvac,Evacuee 209 in triage category G is assigned helicopter 1
3540,3,evacueeManager,outEvac,Evacuee 210 in triage category G is assigned helicopter 1
3540,3,evacueeManager,outEvac,Evacuee 212 in triage category G is assigned helicopter 1
3540,3,evacueeManager,outEvac,Evacuee 218 in triage category G is assigned helicopter 1
3540,3,evacueeManager,,OFF SHIP: White;0;Green;80;Yellow;23;Red;2;Black;325;ON SHIP: White;0;Green;0;Yellow;0;Red;0;Evacuees to Transfer;
3540,7,filterLoc,,
3540,10,filterLoc,,
3540,13,filterLoc,,
3540,16,filterLoc,,
3540,19,filterLoc,,
3540,22,filterLoc,,
3540,25,filterLoc,,
3540,28,filterLoc,,
3540,31,filterLoc,,
3540,34,filterLoc,,
3540,37,filterLoc,,
3540,40,filterLoc,,
3540,43,filterLoc,,
3540,46,filterLoc,,
3540,49,filterLoc,,
3540,52,filterLoc,,
3540,55,filterLoc,,
3540,58,filterLoc,,
3540,61,filterLoc,,
3540,64,filterLoc,,
3540,67,filterLoc,,
3540,70,filterLoc,,
3540,73,filterLoc,,
3540,76,filterLoc,,
3540,79,filterLoc,,
3540,82,filterLoc,,
3540,85,filterLoc,,
3540,88,filterLoc,,
3540,91,filterLoc,,
3540,94,filterLoc,,
3540,97,filterLoc,,
3540,100,filterLoc,,
3540,107,filterLoc,,
3540,110,filterLoc,,
3540,113,filterLoc,,
3540,116,filterLoc,,
3540,119,filterLoc,,
3540,122,filterLoc,,
3540,125,filterLoc,,
3540,128,filterLoc,,
3540,131,filterLoc,,
3540,134,filterLoc,,
3540,137,filterLoc,,
3540,140,filterLoc,,
3540,143,filterLoc,,
3540,146,filterLoc,,
3540,149,filterLoc,,
3540,152,filterLoc,,
3540,155,filterLoc,,
3540,158,filterLoc,,
3540,161,filterLoc,,
3540,164,filterLoc,,
3540,167,filterLoc,,
3540,170,filterLoc,,
3540,173,filterLoc,,
3540,176,filterLoc,,
3540,179,filterLoc,,
3540,182,filterLoc,,
3540,185,filterLoc,,
3540,188,filterLoc,,
3540,191,filterLoc,,
3540,194,filterLoc,,
3540,197,filterLoc,,
3540,200,filterLoc,,
3540,203,filterLoc,,
3540,206,filterLoc,,
3540,209,filterLoc,,
3540,212,filterLoc,,
3540,215,filterLoc,,
3540,218,filterLoc,,
3540,221,filterLoc,,
3540,225,filterLoc,,
3540,228,filterLoc,,
3540,231,filterLoc,,
3540,234,filterLoc,,
3540,237,filterLoc,,
3540,240,filterLoc,,
3540,243,filterLoc,,
3540,246,filterLoc,,
3540,249,filterLoc,,
3540,252,filterLoc,,
3540,255,filterLoc,,
3540,258,filterLoc,,
3540,261,filterLoc,,
3540,264,filterLoc,,
3540,267,filterLoc,,
3540,270,filterLoc,,
3540,273,filterLoc,,
3540,276,filterLoc,,
3540,279,filterLoc,,
3540,282,filterLoc,,
3540,285,filterLoc,,
3540,288,filterLoc,,
3540,291,filterLoc,,
3540,294,filterLoc,,
3540,297,filterLoc,,
3540,300,filterLoc,,
3540,303,filterLoc,,
3540,306,filterLoc,,
3540,309,filterLoc,,
3540,312,filterLoc,,
3540,315,filterLoc,,
3540,318,filterLoc,,
3540,321,filterLoc,,
3540,324,filterLoc,,
3540,327,filterLoc,,
3540,330,filterLoc,,
3540,333,filterLoc,,
3540,336,filterLoc,,
3540,339,filterLoc,,
3540,342,filterLoc,,
3540,345,filterLoc,,
3540,348,filterLoc,,
3540,351,filterLoc,,
3540,354,filterLoc,,
3540,357,filterLoc,,
3540,360,filterLoc,,
3540,363,filterLoc,,
3540,366,filterLoc,,
3540,369,filterLoc,,
3540,372,filterLoc,,
3540,375,filterLoc,,
3540,378,filterLoc,,
3540,381,filterLoc,,
3540,384,filterLoc,,
3540,387,filterLoc,,
3540,390,filterLoc,,
3540,393,filterLoc,,
3540,396,filterLoc,,
3540,399,filterLoc,,
3540,402,filterLoc,,
3540,405,filterLoc,,
3540,408,filterLoc,,
3540,411,filterLoc,,
3540,414,filterLoc,,
3540,417,filterLoc,,
3540,420,filterLoc,,
3540,423,filterLoc,,
3540,426,filterLoc,,
3540,429,filterLoc,,
3540,432,filterLoc,,
3540,435,filterLoc,,
3540,438,filterLoc,,
3540,441,filterLoc,,
3540,444,filterLoc,,
3540,447,filterLoc,,
3540,450,filterLoc,,
3540,453,filterLoc,,
3540,456,filterLoc,,
3540,459,filterLoc,,
3540,462,filterLoc,,
3540,465,filterLoc,,
3540,468,filterLoc,,
3540,471,filterLoc,,
3540,474,filterLoc,,
3540,477,filterLoc,,
3540,480,filterLoc,,
3540,483,filterLoc,,
3540,486,filterLoc,,;Evacuee;192;in triage category;G;is entering helicopter;1
3540,489,filterLoc,,
3540,492,filterLoc,,
3540,495,filterLoc,,
3540,498,filterLoc,,
3540,501,filterLoc,,
3540,504,filterLoc,,
3540,507,filterLoc,,
3540,510,filterLoc,,
3540,513,filterLoc,,
3540,516,filterLoc,,
3540,519,filterLoc,,
3540,522,filterLoc,,
3540,525,filterLoc,,
3540,528,filterLoc,,
3540,531,filterLoc,,
3540,534,filterLoc,,
3540,537,filterLoc,,;Evacuee;188;in triage category;G;is entering helicopter;1
3540,540,filterLoc,,
3540,543,filterLoc,,
3540,546,filterLoc,,
3540,549,filterLoc,,
3540,552,filterLoc,,
3540,555,filterLoc,,
3540,558,filterLoc,,
3540,561,filterLoc,,
3540,564,filterLoc,,
3540,567,filterLoc,,
3540,570,filterLoc,,
3540,573,filterLoc,,
3540,576,filterLoc,,
3540,579,filterLoc,,
3540,582,filterLoc,,
3540,585,filterLoc,,
3540,588,filterLoc,,
3540,591,filterLoc,,
3540,594,filterLoc,,
3540,597,filterLoc,,
3540,600,filterLoc,,
3540,603,filterLoc,,
3540,606,filterLoc,,
3540,609,filterLoc,,
3540,612,filterLoc,,
3540,615,filterLoc,,
3540,618,filterLoc,,
3540,621,filterLoc,,
3540,624,filterLoc,,
3540,627,filterLoc,,
3540,630,filterLoc,,
3540,633,filterLoc,,
3540,636,filterLoc,,
3540,639,filterLoc,,
3540,642,filterLoc,,
3540,645,filterLoc,,
3540,648,filterLoc,,
3540,651,filterLoc,,
3540,654,filterLoc,,
3540,657,filterLoc,,
3540,660,filterLoc,,
3540,663,filterLoc,,
3540,666,filterLoc,,
3540,669,filterLoc,,
3540,672,filterLoc,,
3540,675,filterLoc,,
3540,678,filterLoc,,
3540,681,filterLoc,,
3540,684,filterLoc,,
3540,687,filterLoc,,
3540,690,filterLoc,,
3540,693,filterLoc,,
3540,696,filterLoc,,
3540,699,filterLoc,,
3540,702,filterLoc,,
3540,705,filterLoc,,
3540,708,filterLoc,,
3540,711,filterLoc,,
3540,714,filterLoc,,
3540,717,filterLoc,,
3540,720,filterLoc,,
3540,723,filterLoc,,
3540,726,filterLoc,,
3540,729,filterLoc,,
3540,732,filterLoc,,
3540,735,filterLoc,,
3540,738,filterLoc,,
3540,741,filterLoc,,
3540,744,filterLoc,,;Evacuee;218;in triage category;G;is entering helicopter;1
3540,747,filterLoc,,
3540,750,filterLoc,,
3540,753,filterLoc,,
3540,756,filterLoc,,
3540,759,filterLoc,,
3540,762,filterLoc,,
3540,765,filterLoc,,
3540,768,filterLoc,,
3540,771,filterLoc,,
3540,774,filterLoc,,
3540,777,filterLoc,,
3540,780,filterLoc,,
3540,783,filterLoc,,
3540,786,filterLoc,,
3540,789,filterLoc,,
3540,792,filterLoc,,
3540,795,filterLoc,,
3540,798,filterLoc,,
3540,801,filterLoc,,
3540,804,filterLoc,,
3540,807,filterLoc,,
3540,810,filterLoc,,
3540,813,filterLoc,,
3540,816,filterLoc,,
3540,819,filterLoc,,
3540,822,filterLoc,,
3540,825,filterLoc,,
3540,828,filterLoc,,
3540,831,filterLoc,,
3540,834,filterLoc,,
3540,837,filterLoc,,
3540,840,filterLoc,,
3540,843,filterLoc,,
3540,846,filterLoc,,
3540,849,filterLoc,,
3540,852,filterLoc,,
3540,855,filterLoc,,
3540,858,filterLoc,,
3540,861,filterLoc,,
3540,864,filterLoc,,
3540,867,filterLoc,,
3540,870,filterLoc,,
3540,873,filterLoc,,
3540,876,filterLoc,,
3540,879,filterLoc,,
3540,882,filterLoc,,
3540,885,filterLoc,,
3540,888,filterLoc,,
3540,891,filterLoc,,
3540,894,filterLoc,,
3540,897,filterLoc,,
3540,900,filterLoc,,
3540,903,filterLoc,,
3540,906,filterLoc,,
3540,909,filterLoc,,
3540,912,filterLoc,,
3540,915,filterLoc,,
3540,918,filterLoc,,
3540,921,filterLoc,,
3540,924,filterLoc,,
3540,927,filterLoc,,
3540,930,filterLoc,,
3540,933,filterLoc,,
3540,936,filterLoc,,
3540,939,filterLoc,,
3540,942,filterLoc,,
3540,945,filterLoc,,
3540,948,filterLoc,,
3540,951,filterLoc,,
3540,954,filterLoc,,
3540,957,filterLoc,,
3540,960,filterLoc,,;Evacuee;209;in triage category;G;is entering helicopter;1
3540,963,filterLoc,,
3540,966,filterLoc,,
3540,969,filterLoc,,
3540,972,filterLoc,,
3540,975,filterLoc,,
3540,978,filterLoc,,
3540,981,filterLoc,,
3540,984,filterLoc,,
3540,987,filterLoc,,
3540,990,filterLoc,,
3540,993,filterLoc,,
3540,996,filterLoc,,
3540,999,filterLoc,,
3540,1002,filterLoc,,
3540,1005,filterLoc,,
3540,1008,filterLoc,,
3540,1011,filterLoc,,
3540,1014,filterLoc,,
3540,1017,filterLoc,,;Evacuee;200;in triage category;G;is entering helicopter;1
3540,1020,filterLoc,,
3540,1023,filterLoc,,
3540,1026,filterLoc,,
3540,1029,filterLoc,,
3540,1032,filterLoc,,
3540,1035,filterLoc,,
3540,1038,filterLoc,,
3540,1041,filterLoc,,
3540,1044,filterLoc,,
3540,1047,filterLoc,,
3540,1050,filterLoc,,
3540,1053,filterLoc,,
3540,1056,filterLoc,,
3540,1059,filterLoc,,
3540,1062,filterLoc,,
3540,1065,filterLoc,,
3540,1068,filterLoc,,
3540,1071,filterLoc,,
3540,1074,filterLoc,,
3540,1077,filterLoc,,
3540,1080,filterLoc,,
3540,1083,filterLoc,,;Evacuee;212;in triage category;G;is entering helicopter;1
3540,1086,filterLoc,,
3540,1089,filterLoc,,
3540,1092,filterLoc,,
3540,1095,filterLoc,,
3540,1098,filterLoc,,
3540,1101,filterLoc,,
3540,1104,filterLoc,,
3540,1107,filterLoc,,
3540,1110,filterLoc,,
3540,1113,filterLoc,,
3540,1116,filterLoc,,
3540,1123,filterLoc,,
3540,1126,filterLoc,,
3540,1129,filterLoc,,
3540,1132,filterLoc,,
3540,1135,filterLoc,,
3540,1138,filterLoc,,
3540,1141,filterLoc,,
3540,1144,filterLoc,,
3540,1147,filterLoc,,
3540,1150,filterLoc,,
3540,1153,filterLoc,,
3540,1156,filterLoc,,
3540,1161,helicopter,,Helicopter;1;is loading people at the evacuation site;;and has;0;spots taken
3540,1163,filterLoc,,
3540,1166,filterLoc,,;Evacuee;190;in triage category;G;is entering helicopter;1
3540,1169,filterLoc,,
3540,1172,filterLoc,,
3540,1175,filterLoc,,
3540,1178,filterLoc,,
3540,1181,filterLoc,,
3540,1184,filterLoc,,
3540,1187,filterLoc,,
3540,1190,filterLoc,,
3540,1193,filterLoc,,
3540,1196,filterLoc,,
3540,1199,filterLoc,,
3540,1202,filterLoc,,
3540,1205,filterLoc,,
3540,1208,filterLoc,,
3540,1211,filterLoc,,
3540,1214,filterLoc,,
3540,1217,filterLoc,,
3540,1220,filterLoc,,
3540,1223,filterLoc,,
3540,1226,filterLoc,,
3540,1229,filterLoc,,
3540,1232,filterLoc,,
3540,1235,filterLoc,,
3540,1238,filterLoc,,
3540,1241,filterLoc,,
3540,1244,filterLoc,,
3540,1247,filterLoc,,
3540,1250,filterLoc,,
3540,1253,filterLoc,,
3540,1256,filterLoc,,
3540,1259,filterLoc,,
3540,1262,filterLoc,,
3540,1265,filterLoc,,
3540,1268,filterLoc,,
3540,1271,filterLoc,,
3540,1274,filterLoc,,
3540,1277,filterLoc,,
3540,1280,filterLoc,,
3540,1283,filterLoc,,
3540,1286,filterLoc,,
3540,1289,filterLoc,,
3540,1292,filterLoc,,
3540,1295,filterLoc,,
3540,1298,filterLoc,,
3540,1301,filterLoc,,
3540,1304,filterLoc,,
3540,1307,filterLoc,,
3540,1310,filterLoc,,
3540,1313,filterLoc,,
3540,1316,filterLoc,,
3540,1319,filterLoc,,
3540,1322,filterLoc,,
3540,1325,filterLoc,,
3540,1328,filterLoc,,
3540,1331,filterLoc,,
3540,1334,filterLoc,,
3540,1337,filterLoc,,
3540,1340,filterLoc,,
3540,1343,filterLoc,,
3540,1346,filterLoc,,
3540,1349,filterLoc,,
3540,1352,filterLoc,,
3540,1355,filterLoc,,
3540,1358,filterLoc,,
3540,1361,filterLoc,,
3540,1364,filterLoc,,
3540,1367,filterLoc,,
3540,1370,filterLoc,,
3540,1373,filterLoc,,
3540,1376,filterLoc,,;Evacuee;201;in triage category;G;is entering helicopter;1
3540,1379,filterLoc,,
3540,1382,filterLoc,,;Evacuee;202;in triage category;G;is entering helicopter;1
3540,1385,filterLoc,,
3540,1388,filterLoc,,
3540,1391,filterLoc,,
3540,1394,filterLoc,,
3540,1397,filterLoc,,
3540,1400,filterLoc,,
3540,1403,filterLoc,,
3540,1406,filterLoc,,
3540,1409,filterLoc,,
3540,1412,filterLoc,,
3540,1415,filterLoc,,
3540,1418,filterLoc,,
3540,1421,filterLoc,,
3540,1424,filterLoc,,
3540,1427,filterLoc,,
3540,1430,filterLoc,,
3540,1433,filterLoc,,
3540,1436,filterLoc,,
3540,1439,filterLoc,,
3540,1442,filterLoc,,
3540,1445,filterLoc,,
3540,1448,filterLoc,,
3540,1451,filterLoc,,
3540,1454,filterLoc,,
3540,1457,filterLoc,,
3540,1460,filterLoc,,
3540,1463,filterLoc,,
3540,1466,filterLoc,,
3540,1469,filterLoc,,
3540,1472,filterLoc,,
3540,1475,filterLoc,,
3540,1478,filterLoc,,
3540,1481,filterLoc,,
3540,1484,filterLoc,,
3540,1487,filterLoc,,
3540,1490,filterLoc,,
3540,1493,filterLoc,,
3540,1496,filterLoc,,
3540,1499,filterLoc,,
3540,1502,filterLoc,,
3540,1505,filterLoc,,
3540,1508,filterLoc,,
3540,1511,filterLoc,,
3540,1514,filterLoc,,;Evacuee;210;in triage category;G;is entering helicopter;1
3540,1517,filterLoc,,
3540,486,filterLoc,out,Evacuee 192 in triage category G is assigned helicopter 1
3540,486,filterLoc,,
3540,487,evacuee,,Evacuee;192;in triage state;G;is entering helicopter;1
3540,537,filterLoc,out,Evacuee 188 in triage category G is assigned helicopter 1
3540,537,filterLoc,,
3540,538,evacuee,,Evacuee;188;in triage state;G;is entering helicopter;1
3540,744,filterLoc,out,Evacuee 218 in triage category G is assigned helicopter 1
3540,744,filterLoc,,
3540,745,evacuee,,Evacuee;218;in triage state;G;is entering helicopter;1
3540,960,filterLoc,out,Evacuee 209 in triage category G is assigned helicopter 1
3540,960,filterLoc,,
3540,961,evacuee,,Evacuee;209;in triage state;G;is entering helicopter;1
3540,1017,filterLoc,out,Evacuee 200 in triage category G is assigned helicopter 1
3540,1017,filterLoc,,
3540,1018,evacuee,,Evacuee;200;in triage state;G;is entering helicopter;1
3540,1083,filterLoc,out,Evacuee 212 in triage category G is assigned helicopter 1
3540,1083,filterLoc,,
3540,1084,evacuee,,Evacuee;212;in triage state;G;is entering helicopter;1
3540,1166,filterLoc,out,Evacuee 190 in triage category G is assigned helicopter 1
3540,1166,filterLoc,,
3540,1167,evacuee,,Evacuee;190;in triage state;G;is entering helicopter;1
3540,1376,filterLoc,out,Evacuee 201 in triage category G is assigned helicopter 1
3540,1376,filterLoc,,
3540,1377,evacuee,,Evacuee;201;in triage state;G;is entering helicopter;1
3540,1382,filterLoc,out,Evacuee 202 in triage category G is assigned helicopter 1
3540,1382,filterLoc,,
3540,1383,evacuee,,Evacuee;202;in triage state;G;is entering helicopter;1
3540,1514,filterLoc,out,Evacuee 210 in triage category G is assigned helicopter 1
3540,1514,filterLoc,,
3540,1515,evacuee,,Evacuee;210;in triage state;G;is entering helicopter;1
3540,103,filterEvac,,
3540,487,evacuee,outHelo,Evacuee 192 in triage category G is assigned helicopter 1
3540,487,evacuee,,Evacuee;192;in triage state;G;is in helicopter;1
3540,538,evacuee,outHelo,Evacuee 188 in triage category G is assigned helicopter 1
3540,538,evacuee,,Evacuee;188;in triage state;G;is in helicopter;1
3540,745,evacuee,outHelo,Evacuee 218 in triage category G is assigned helicopter 1
3540,745,evacuee,,Evacuee;218;in triage state;G;is in helicopter;1
3540,961,evacuee,outHelo,Evacuee 209 in triage category G is assigned helicopter 1
3540,961,evacuee,,Evacuee;209;in triage state;G;is in helicopter;1
3540,1018,evacuee,outHelo,Evacuee 200 in triage category G is assigned helicopter 1
3540,1018,evacuee,,Evacuee;200;in triage state;G;is in helicopter;1
3540,1084,evacuee,outHelo,Evacuee 212 in triage category G is assigned helicopter 1
3540,1084,evacuee,,Evacuee;212;in triage state;G;is in helicopter;1
3540,1119,filterEvac,,
3540,1159,filterEvac,,;Evacuee;188;in triage category;G;is entering helicopter;1;Evacuee;190;in triage category;G;is entering helicopter;1;Evacuee;192;in triage category;G;is entering helicopter;1;Evacuee;200;in triage category;G;is entering helicopter;1;Evacuee;201;in triage category;G;is entering helicopter;1;Evacuee;202;in triage category;G;is entering helicopter;1;Evacuee;209;in triage category;G;is entering helicopter;1;Evacuee;210;in triage category;G;is entering helicopter;1;Evacuee;212;in triage category;G;is entering helicopter;1;Evacuee;218;in triage category;G;is entering helicopter;1
3540,1167,evacuee,outHelo,Evacuee 190 in triage category G is assigned helicopter 1
3540,1167,evacuee,,Evacuee;190;in triage state;G;is in helicopter;1
3540,1377,evacuee,outHelo,Evacuee 201 in triage category G is assigned helicopter 1
3540,1377,evacuee,,Evacuee;201;in triage state;G;is in helicopter;1
3540,1383,evacuee,outHelo,Evacuee 202 in triage category G is assigned helicopter 1
3540,1383,evacuee,,Evacuee;202;in triage state;G;is in helicopter;1
3540,1515,evacuee,outHelo,Evacuee 210 in triage category G is assigned helicopter 1
3540,1515,evacuee,,Evacuee;210;in triage state;G;is in helicopter;1
3540,1159,filterEvac,out,Evacuee 188 in triage category G is assigned helicopter 1
3540,1159,filterEvac,out,Evacuee 190 in triage category G is assigned helicopter 1
3540,1159,filterEvac,out,Evacuee 192 in triage category G is assigned helicopter 1
3540,1159,filterEvac,out,Evacuee 200 in triage category G is assigned helicopter 1
3540,1159,filterEvac,out,Evacuee 201 in triage category G is assigned helicopter 1
3540,1159,filterEvac,out,Evacuee 202 in triage category G is assigned helicopter 1
3540,1159,filterEvac,out,Evacuee 209 in triage category G is assigned helicopter 1
3540,1159,filterEvac,out,Evacuee 210 in triage category G is assigned helicopter 1
3540,1159,filterEvac,out,Evacuee 212 in triage category G is assigned helicopter 1
3540,1159,filterEvac,out,Evacuee 218 in triage category G is assigned helicopter 1
3540,1159,filterEvac,,
3540,1161,helicopter,,Helicopter;1;is loading people at the evacuation site;;and has;10;spots taken
3545.69,3,evacueeManager,,OFF SHIP: White;0;Green;80;Yellow;23;Red;1;Black;326;ON SHIP: White;0;Green;0;Yellow;0;Red;0;Evacuees to Transfer;
3545.69,1081,evacuee,outES,Evacuee 307 in triage category R is not assigned a helicopter
3545.69,1081,evacuee,,Evacuee;307;in triage state;B;is at the evacuation site
3547.77,3,evacueeManager,,OFF SHIP: White;0;Green;80;Yellow;22;Red;2;Black;326;ON SHIP: White;0;Green;0;Yellow;0;Red;0;Evacuees to Transfer;
3547.77,358,evacuee,outES,Evacuee 352 in triage category Y is not assigned a helicopter
3547.77,358,evacuee,,Evacuee;352;in triage state;R;is at the evacuation site
3555,4,helipadManager,outHelo,Helicopter 1 is evacuating people1
3555,4,helipadManager,,;No helos are at ES
3555,104,filterES,,
3555,1120,filterES,,
3555,1160,filterES,,Helicopter;1;is evacuating people
3555,4,helipadManager,outHQ,0
3555,4,helipadManager,,;No helos are at ES
3555,5,helicopterQueue,,;No helos are waiting to land
3555,1160,filterES,out,Helicopter 1 is evacuating people1
3555,1160,filterES,,
3555,1161,helicopter,,Helicopter;1;is loading people at the evacuation site;;and has;10;spots taken
3555,5,helicopterQueue,,;No helos are waiting to land
3555,1161,helicopter,,Helicopter;1;is returning to the FOL;;and has;10;spots taken
3571.44,3,evacueeManager,,OFF SHIP: White;0;Green;80;Yellow;21;Red;3;Black;326;ON SHIP: White;0;Green;0;Yellow;0;Red;0;Evacuees to Transfer;
3571.44,670,evacuee,outES,Evacuee 156 in triage category Y is not assigned a helicopter
3571.44,670,evacuee,,Evacuee;156;in triage state;R;is at the evacuation site
3576.44,3,evacueeManager,,OFF SHIP: White;0;Green;80;Yellow;20;Red;4;Black;326;ON SHIP: White;0;Green;0;Yellow;0;Red;0;Evacuees to Transfer;
3576.44,1124,evacuee,outES,Evacuee 94 in triage category Y is not assigned a helicopter
3576.44,1124,evacuee,,Evacuee;94;in triage state;R;is at the evacuation site
3586.67,3,evacueeManager,,OFF SHIP: White;0;Green;80;Yellow;20;Red;3;Black;327;ON SHIP: White;0;Green;0;Yellow;0;Red;0;Evacuees to Transfer;
3586.67,1012,evacuee,outES,Evacuee 355 in triage category R is not assigned a helicopter
3586.67,1012,evacuee,,Evacuee;355;in triage state;B;is at the evacuation site
3600,5,helicopterQueue,,1;Helos are waiting to land;HeloID;2
3600,1121,helicopter,outES,Helicopter 2 is evacuating people2
3600,1121,helicopter,,Helicopter;2;is waiting to land at the evacuation site;;and has;0;spots taken
3600,4,helipadManager,,;No helos are at ES
3600,5,helicopterQueue,outHM,Helicopter 2 is evacuating people2
3600,5,helicopterQueue,outHelo,Helicopter 2 is evacuating people2
3600,5,helicopterQueue,,;No helos are waiting to land
3600,104,filterES,,
3600,1120,filterES,,Helicopter;2;is evacuating people
3600,1160,filterES,,
3600,3,evacueeManager,,OFF SHIP: White;0;Green;70;Yellow;20;Red;3;Black;327;ON SHIP: White;0;Green;0;Yellow;0;Red;0;Evacuees to Transfer;;EvacueeID;224;HeloID;2;OnShip;0;Triage Status;G;EvacueeID;225;HeloID;2;OnShip;0;Triage Status;G;EvacueeID;226;HeloID;2;OnShip;0;Triage Status;G;EvacueeID;227;HeloID;2;OnShip;0;Triage Status;G;EvacueeID;235;HeloID;2;OnShip;0;Triage Status;G;EvacueeID;245;HeloID;2;OnShip;0;Triage Status;G;EvacueeID;246;HeloID;2;OnShip;0;Triage Status;G;EvacueeID;252;HeloID;2;OnShip;0;Triage Status;G;EvacueeID;254;HeloID;2;OnShip;0;Triage Status;G;EvacueeID;255;HeloID;2;OnShip;0;Triage Status;G
3600,4,helipadManager,outEM,Helicopter 2 is evacuating people2
3600,4,helipadManager,,Helo;2;is at the ES
3600,1120,filterES,out,Helicopter 2 is evacuating people2
3600,1120,filterES,,
3600,1121,helicopter,,Helicopter;2;is waiting to land at the evacuation site;;and has;0;spots taken
3600,3,evacueeManager,outEvac,Evacuee 224 in triage category G is assigned helicopter 2
3600,3,evacueeManager,outEvac,Evacuee 225 in triage category G is assigned helicopter 2
3600,3,evacueeManager,outEvac,Evacuee 226 in triage category G is assigned helicopter 2
3600,3,evacueeManager,outEvac,Evacuee 227 in triage category G is assigned helicopter 2
3600,3,evacueeManager,outEvac,Evacuee 235 in triage category G is assigned helicopter 2
3600,3,evacueeManager,outEvac,Evacuee 245 in triage category G is assigned helicopter 2
3600,3,evacueeManager,outEvac,Evacuee 246 in triage category G is assigned helicopter 2
3600,3,evacueeManager,outEvac,Evacuee 252 in triage category G is assigned helicopter 2
3600,3,evacueeManager,outEvac,Evacuee 254 in triage category G is assigned helicopter 2
3600,3,evacueeManager,outEvac,Evacuee 255 in triage category G is assigned helicopter 2
3600,3,evacueeManager,,OFF SHIP: White;0;Green;70;Yellow;20;Red;3;Black;327;ON SHIP: White;0;Green;0;Yellow;0;Red;0;Evacuees to Transfer;
3600,7,filterLoc,,
3600,10,filterLoc,,
3600,13,filterLoc,,
3600,16,filterLoc,,
3600,19,filterLoc,,
3600,22,filterLoc,,
3600,25,filterLoc,,
3600,28,filterLoc,,
3600,31,filterLoc,,
3600,34,filterLoc,,
3600,37,filterLoc,,
3600,40,filterLoc,,
3600,43,filterLoc,,
3600,46,filterLoc,,
3600,49,filterLoc,,
3600,52,filterLoc,,
3600,55,filterLoc,,
3600,58,filterLoc,,
3600,61,filterLoc,,
3600,64,filterLoc,,
3600,67,filterLoc,,
3600,70,filterLoc,,
3600,73,filterLoc,,
3600,76,filterLoc,,
3600,79,filterLoc,,
3600,82,filterLoc,,
3600,85,filterLoc,,
3600,88,filterLoc,,
3600,91,filterLoc,,
3600,94,filterLoc,,
3600,97,filterLoc,,
3600,100,filterLoc,,
3600,107,filterLoc,,
3600,110,filterLoc,,
3600,113,filterLoc,,
3600,116,filterLoc,,
3600,119,filterLoc,,
3600,122,filterLoc,,
3600,125,filterLoc,,
3600,128,filterLoc,,
3600,131,filterLoc,,
3600,134,filterLoc,,
3600,137,filterLoc,,
3600,140,filterLoc,,
3600,143,filterLoc,,
3600,146,filterLoc,,
3600,149,filterLoc,,
3600,152,filterLoc,,
3600,155,filterLoc,,
3600,158,filterLoc,,
3600,161,filterLoc,,
3600,164,filterLoc,,
3600,167,filterLoc,,
3600,170,filterLoc,,
3600,173,filterLoc,,
3600,176,filterLoc,,
3600,179,filterLoc,,
3600,182,filterLoc,,
3600,185,filterLoc,,
3600,188,filterLoc,,
3600,191,filterLoc,,
3600,194,filterLoc,,
3600,197,filterLoc,,
3600,200,filterLoc,,
3600,203,filterLoc,,
3600,206,filterLoc,,
3600,209,filterLoc,,
3600,212,filterLoc,,
3600,215,filterLoc,,
3600,218,filterLoc,,
3600,221,filterLoc,,
3600,225,filterLoc,,
3600,228,filterLoc,,
3600,231,filterLoc,,
3600,234,filterLoc,,
3600,237,filterLoc,,
3600,240,filterLoc,,
3600,243,filterLoc,,
3600,246,filterLoc,,
3600,249,filterLoc,,
3600,252,filterLoc,,
3600,255,filterLoc,,
3600,258,filterLoc,,
3600,261,filterLoc,,
3600,264,filterLoc,,
3600,267,filterLoc,,
3600,270,filterLoc,,
3600,273,filterLoc,,
3600,276,filterLoc,,
3600,279,filterLoc,,
3600,282,filterLoc,,
3600,285,filterLoc,,
3600,288,filterLoc,,
3600,291,filterLoc,,
3600,294,filterLoc,,
3600,297,filterLoc,,
3600,300,filterLoc,,
3600,303,filterLoc,,
3600,306,filterLoc,,
3600,309,filterLoc,,
3600,312,filterLoc,,
3600,315,filterLoc,,
3600,318,filterLoc,,
3600,321,filterLoc,,
3600,324,filterLoc,,
3600,327,filterLoc,,
3600,330,filterLoc,,
3600,333,filterLoc,,
3600,336,filterLoc,,
3600,339,filterLoc,,
3600,342,filterLoc,,
3600,345,filterLoc,,
3600,348,filterLoc,,
3600,351,filterLoc,,
3600,354,filterLoc,,
3600,357,filterLoc,,
3600,360,filterLoc,,
3600,363,filterLoc,,
3600,366,filterLoc,,
3600,369,filterLoc,,
3600,372,filterLoc,,
3600,375,filterLoc,,
3600,378,filterLoc,,
3600,381,filterLoc,,
3600,384,filterLoc,,
3600,387,filterLoc,,
3600,390,filterLoc,,
3600,393,filterLoc,,
3600,396,filterLoc,,
3600,399,filterLoc,,
3600,402,filterLoc,,
3600,405,filterLoc,,
3600,408,filterLoc,,
3600,411,filterLoc,,
3600,414,filterLoc,,
3600,417,filterLoc,,
3600,420,filterLoc,,
3600,423,filterLoc,,
3600,426,filterLoc,,
3600,429,filterLoc,,
3600,432,filterLoc,,
3600,435,filterLoc,,
3600,438,filterLoc,,
3600,441,filterLoc,,
3600,444,filterLoc,,
3600,447,filterLoc,,
3600,450,filterLoc,,
3600,453,filterLoc,,
3600,456,filterLoc,,
3600,459,filterLoc,,
3600,462,filterLoc,,
3600,465,filterLoc,,
3600,468,filterLoc,,
3600,471,filterLoc,,
3600,474,filterLoc,,
3600,477,filterLoc,,
3600,480,filterLoc,,
3600,483,filterLoc,,
3600,486,filterLoc,,
3600,489,filterLoc,,
3600,492,filterLoc,,;Evacuee;245;in triage category;G;is entering helicopter;2
3600,495,filterLoc,,
3600,498,filterLoc,,
3600,501,filterLoc,,
3600,504,filterLoc,,
3600,507,filterLoc,,
3600,510,filterLoc,,
3600,513,filterLoc,,
3600,516,filterLoc,,
3600,519,filterLoc,,
3600,522,filterLoc,,
3600,525,filterLoc,,
3600,528,filterLoc,,
3600,531,filterLoc,,
3600,534,filterLoc,,
3600,537,filterLoc,,
3600,540,filterLoc,,
3600,543,filterLoc,,
3600,546,filterLoc,,
3600,549,filterLoc,,;Evacuee;235;in triage category;G;is entering helicopter;2
3600,552,filterLoc,,
3600,555,filterLoc,,
3600,558,filterLoc,,
3600,561,filterLoc,,
3600,564,filterLoc,,
3600,567,filterLoc,,
3600,570,filterLoc,,
3600,573,filterLoc,,
3600,576,filterLoc,,
3600,579,filterLoc,,
3600,582,filterLoc,,
3600,585,filterLoc,,
3600,588,filterLoc,,
3600,591,filterLoc,,
3600,594,filterLoc,,
3600,597,filterLoc,,
3600,600,filterLoc,,
3600,603,filterLoc,,
3600,606,filterLoc,,
3600,609,filterLoc,,
3600,612,filterLoc,,
3600,615,filterLoc,,
3600,618,filterLoc,,
3600,621,filterLoc,,
3600,624,filterLoc,,
3600,627,filterLoc,,
3600,630,filterLoc,,
3600,633,filterLoc,,
3600,636,filterLoc,,
3600,639,filterLoc,,
3600,642,filterLoc,,
3600,645,filterLoc,,
3600,648,filterLoc,,
3600,651,filterLoc,,
3600,654,filterLoc,,
3600,657,filterLoc,,
3600,660,filterLoc,,
3600,663,filterLoc,,
3600,666,filterLoc,,
3600,669,filterLoc,,
3600,672,filterLoc,,
3600,675,filterLoc,,
3600,678,filterLoc,,
3600,681,filterLoc,,
3600,684,filterLoc,,
3600,687,filterLoc,,
3600,690,filterLoc,,
3600,693,filterLoc,,
3600,696,filterLoc,,
3600,699,filterLoc,,
3600,702,filterLoc,,
3600,705,filterLoc,,
3600,708,filterLoc,,
3600,711,filterLoc,,
3600,714,filterLoc,,
3600,717,filterLoc,,
3600,720,filterLoc,,
3600,723,filterLoc,,
3600,726,filterLoc,,
3600,729,filterLoc,,
3600,732,filterLoc,,
3600,735,filterLoc,,
3600,738,filterLoc,,
3600,741,filterLoc,,
3600,744,filterLoc,,
3600,747,filterLoc,,
3600,750,filterLoc,,
3600,753,filterLoc,,
3600,756,filterLoc,,
3600,759,filterLoc,,
3600,762,filterLoc,,
3600,765,filterLoc,,
3600,768,filterLoc,,
3600,771,filterLoc,,
3600,774,filterLoc,,
3600,777,filterLoc,,
3600,780,filterLoc,,
3600,783,filterLoc,,
3600,786,filterLoc,,
3600,789,filterLoc,,
3600,792,filterLoc,,
3600,795,filterLoc,,
3600,798,filterLoc,,
3600,801,filterLoc,,
3600,804,filterLoc,,
3600,807,filterLoc,,
3600,810,filterLoc,,
3600,813,filterLoc,,
3600,816,filterLoc,,
3600,819,filterLoc,,
3600,822,filterLoc,,
3600,825,filterLoc,,
3600,828,filterLoc,,
3600,831,filterLoc,,
3600,834,filterLoc,,
3600,837,filterLoc,,
3600,840,filterLoc,,
3600,843,filterLoc,,
3600,846,filterLoc,,
3600,849,filterLoc,,
3600,852,filterLoc,,
3600,855,filterLoc,,
3600,858,filterLoc,,
3600,861,filterLoc,,
3600,864,filterLoc,,
3600,867,filterLoc,,
3600,870,filterLoc,,
3600,873,filterLoc,,
3600,876,filterLoc,,
3600,879,filterLoc,,
3600,882,filterLoc,,
3600,885,filterLoc,,;Evacuee;246;in triage category;G;is entering helicopter;2
3600,888,filterLoc,,
3600,891,filterLoc,,
3600,894,filterLoc,,
3600,897,filterLoc,,
3600,900,filterLoc,,
3600,903,filterLoc,,
3600,906,filterLoc,,
3600,909,filterLoc,,
3600,912,filterLoc,,
3600,915,filterLoc,,
3600,918,filterLoc,,
3600,921,filterLoc,,
3600,924,filterLoc,,
3600,927,filterLoc,,
3600,930,filterLoc,,
3600,933,filterLoc,,
3600,936,filterLoc,,
3600,939,filterLoc,,
3600,942,filterLoc,,
3600,945,filterLoc,,
3600,948,filterLoc,,
3600,951,filterLoc,,
3600,954,filterLoc,,
3600,957,filterLoc,,
3600,960,filterLoc,,
3600,963,filterLoc,,
3600,966,filterLoc,,
3600,969,filterLoc,,
3600,972,filterLoc,,
3600,975,filterLoc,,
3600,978,filterLoc,,
3600,981,filterLoc,,
3600,984,filterLoc,,
3600,987,filterLoc,,
3600,990,filterLoc,,
3600,993,filterLoc,,
3600,996,filterLoc,,
3600,999,filterLoc,,
3600,1002,filterLoc,,
3600,1005,filterLoc,,
3600,1008,filterLoc,,
3600,1011,filterLoc,,
3600,1014,filterLoc,,
3600,1017,filterLoc,,
3600,1020,filterLoc,,;Evacuee;255;in triage category;G;is entering helicopter;2
3600,1023,filterLoc,,
3600,1026,filterLoc,,
3600,1029,filterLoc,,
3600,1032,filterLoc,,
3600,1035,filterLoc,,
3600,1038,filterLoc,,
3600,1041,filterLoc,,
3600,1044,filterLoc,,
3600,1047,filterLoc,,
3600,1050,filterLoc,,
3600,1053,filterLoc,,
3600,1056,filterLoc,,
3600,1059,filterLoc,,
3600,1062,filterLoc,,
3600,1065,filterLoc,,
3600,1068,filterLoc,,
3600,1071,filterLoc,,
3600,1074,filterLoc,,
3600,1077,filterLoc,,
3600,1080,filterLoc,,
3600,1083,filterLoc,,
3600,1086,filterLoc,,
3600,1089,filterLoc,,
3600,1092,filterLoc,,
3600,1095,filterLoc,,
3600,1098,filterLoc,,
3600,1101,filterLoc,,
3600,1104,filterLoc,,
3600,1107,filterLoc,,
3600,1110,filterLoc,,
3600,1113,filterLoc,,
3600,1116,filterLoc,,
3600,1121,helicopter,,Helicopter;2;is loading people at the evacuation site;;and has;0;spots taken
3600,1123,filterLoc,,
3600,1126,filterLoc,,
3600,1129,filterLoc,,
3600,1132,filterLoc,,
3600,1135,filterLoc,,
3600,1138,filterLoc,,
3600,1141,filterLoc,,
3600,1144,filterLoc,,
3600,1147,filterLoc,,
3600,1150,filterLoc,,
3600,1153,filterLoc,,
3600,1156,filterLoc,,
3600,1163,filterLoc,,
3600,1166,filterLoc,,
3600,1169,filterLoc,,
3600,1172,filterLoc,,
3600,1175,filterLoc,,
3600,1178,filterLoc,,
3600,1181,filterLoc,,
3600,1184,filterLoc,,
3600,1187,filterLoc,,
3600,1190,filterLoc,,
3600,1193,filterLoc,,
3600,1196,filterLoc,,
3600,1199,filterLoc,,
3600,1202,filterLoc,,
3600,1205,filterLoc,,
3600,1208,filterLoc,,
3600,1211,filterLoc,,
3600,1214,filterLoc,,
3600,1217,filterLoc,,
3600,1220,filterLoc,,
3600,1223,filterLoc,,
3600,1226,filterLoc,,
3600,1229,filterLoc,,
3600,1232,filterLoc,,
3600,1235,filterLoc,,
3600,1238,filterLoc,,
3600,1241,filterLoc,,
3600,1244,filterLoc,,
3600,1247,filterLoc,,
3600,1250,filterLoc,,
3600,1253,filterLoc,,
3600,1256,filterLoc,,
3600,1259,filterLoc,,
3600,1262,filterLoc,,
3600,1265,filterLoc,,
3600,1268,filterLoc,,
3600,1271,filterLoc,,
3600,1274,filterLoc,,
3600,1277,filterLoc,,
3600,1280,filterLoc,,
3600,1283,filterLoc,,
3600,1286,filterLoc,,
3600,1289,filterLoc,,
3600,1292,filterLoc,,
3600,1295,filterLoc,,
3600,1298,filterLoc,,
3600,1301,filterLoc,,
3600,1304,filterLoc,,
3600,1307,filterLoc,,
3600,1310,filterLoc,,
3600,1313,filterLoc,,
3600,1316,filterLoc,,
3600,1319,filterLoc,,
3600,1322,filterLoc,,
3600,1325,filterLoc,,
3600,1328,filterLoc,,
3600,1331,filterLoc,,
3600,1334,filterLoc,,
3600,1337,filterLoc,,
3600,1340,filterLoc,,
3600,1343,filterLoc,,
3600,1346,filterLoc,,
3600,1349,filterLoc,,
3600,1352,filterLoc,,
3600,1355,filterLoc,,
3600,1358,filterLoc,,
3600,1361,filterLoc,,
3600,1364,filterLoc,,
3600,1367,filterLoc,,
3600,1370,filterLoc,,;Evacuee;252;in triage category;G;is entering helicopter;2
3600,1373,filterLoc,,
3600,1376,filterLoc,,
3600,1379,filterLoc,,
3600,1382,filterLoc,,
3600,1385,filterLoc,,
3600,1388,filterLoc,,
3600,1391,filterLoc,,
3600,1394,filterLoc,,
3600,1397,filterLoc,,
3600,1400,filterLoc,,
3600,1403,filterLoc,,
3600,1406,filterLoc,,
3600,1409,filterLoc,,
3600,1412,filterLoc,,
3600,1415,filterLoc,,
3600,1418,filterLoc,,
3600,1421,filterLoc,,
3600,1424,filterLoc,,
3600,1427,filterLoc,,
3600,1430,filterLoc,,
3600,1433,filterLoc,,
3600,1436,filterLoc,,;Evacuee;224;in triage category;G;is entering helicopter;2
3600,1439,filterLoc,,
3600,1442,filterLoc,,;Evacuee;225;in triage category;G;is entering helicopter;2
3600,1445,filterLoc,,
3600,1448,filterLoc,,;Evacuee;226;in triage category;G;is entering helicopter;2
3600,1451,filterLoc,,
3600,1454,filterLoc,,;Evacuee;227;in triage category;G;is entering helicopter;2
3600,1457,filterLoc,,
3600,1460,filterLoc,,
3600,1463,filterLoc,,
3600,1466,filterLoc,,
3600,1469,filterLoc,,
3600,1472,filterLoc,,
3600,1475,filterLoc,,
3600,1478,filterLoc,,
3600,1481,filterLoc,,
3600,1484,filterLoc,,
3600,1487,filterLoc,,
3600,1490,filterLoc,,
3600,1493,filterLoc,,
3600,1496,filterLoc,,
3600,1499,filterLoc,,
3600,1502,filterLoc,,
3600,1505,filterLoc,,
3600,1508,filterLoc,,;Evacuee;254;in triage category;G;is entering helicopter;2
3600,1511,filterLoc,,
3600,1514,filterLoc,,
3600,1517,filterLoc,,
3600,492,filterLoc,out,Evacuee 245 in triage category G is assigned helicopter 2
3600,492,filterLoc,,
3600,493,evacuee,,Evacuee;245;in triage state;G;is entering helicopter;2
3600,549,filterLoc,out,Evacuee 235 in triage category G is assigned helicopter 2
3600,549,filterLoc,,
3600,550,evacuee,,Evacuee;235;in triage state;G;is entering helicopter;2
3600,885,filterLoc,out,Evacuee 246 in triage category G is assigned helicopter 2
3600,885,filterLoc,,
3600,886,evacuee,,Evacuee;246;in triage state;G;is entering helicopter;2
3600,1020,filterLoc,out,Evacuee 255 in triage category G is assigned helicopter 2
3600,1020,filterLoc,,
3600,1021,evacuee,,Evacuee;255;in triage state;G;is entering helicopter;2
3600,1370,filterLoc,out,Evacuee 252 in triage category G is assigned helicopter 2
3600,1370,filterLoc,,
3600,1371,evacuee,,Evacuee;252;in triage state;G;is entering helicopter;2
3600,1436,filterLoc,out,Evacuee 224 in triage category G is assigned helicopter 2
3600,1436,filterLoc,,
3600,1437,evacuee,,Evacuee;224;in triage state;G;is entering helicopter;2
3600,1442,filterLoc,out,Evacuee 225 in triage category G is assigned helicopter 2
3600,1442,filterLoc,,
3600,1443,evacuee,,Evacuee;225;in triage state;G;is entering helicopter;2
3600,1448,filterLoc,out,Evacuee 226 in triage category G is assigned helicopter 2
3600,1448,filterLoc,,
3600,1449,evacuee,,Evacuee;226;in triage state;G;is entering helicopter;2
3600,1454,filterLoc,out,Evacuee 227 in triage category G is assigned helicopter 2
3600,1454,filterLoc,,
3600,1455,evacuee,,Evacuee;227;in triage state;G;is entering helicopter;2
3600,1508,filterLoc,out,Evacuee 254 in triage category G is assigned helicopter 2
3600,1508,filterLoc,,
3600,1509,evacuee,,Evacuee;254;in triage state;G;is entering helicopter;2
3600,103,filterEvac,,
3600,493,evacuee,outHelo,Evacuee 245 in triage category G is assigned helicopter 2
3600,493,evacuee,,Evacuee;245;in triage state;G;is in helicopter;2
3600,550,evacuee,outHelo,Evacuee 235 in triage category G is assigned helicopter 2
3600,550,evacuee,,Evacuee;235;in triage state;G;is in helicopter;2
3600,886,evacuee,outHelo,Evacuee 246 in triage category G is assigned helicopter 2
3600,886,evacuee,,Evacuee;246;in triage state;G;is in helicopter;2
3600,1021,evacuee,outHelo,Evacuee 255 in triage category G is assigned helicopter 2
3600,1021,evacuee,,Evacuee;255;in triage state;G;is in helicopter;2
3600,1119,filterEvac,,;Evacuee;224;in triage category;G;is entering helicopter;2;Evacuee;225;in triage category;G;is entering helicopter;2;Evacuee;226;in triage category;G;is entering helicopter;2;Evacuee;227;in triage category;G;is entering helicopter;2;Evacuee;235;in triage category;G;is entering helicopter;2;Evacuee;245;in triage category;G;is entering helicopter;2;Evacuee;246;in triage category;G;is entering helicopter;2;Evacuee;252;in triage category;G;is entering helicopter;2;Evacuee;254;in triage category;G;is entering helicopter;2;Evacuee;255;in triage category;G;is entering helicopter;2
3600,1159,filterEvac,,
3600,1371,evacuee,outHelo,Evacuee 252 in triage category G is assigned helicopter 2
3600,1371,evacuee,,Evacuee;252;in triage state;G;is in helicopter;2
3600,1437,evacuee,outHelo,Evacuee 224 in triage category G is assigned helicopter 2
3600,1437,evacuee,,Evacuee;224;in triage state;G;is in helicopter;2
3600,1443,evacuee,outHelo,Evacuee 225 in triage category G is assigned helicopter 2
3600,1443,evacuee,,Evacuee;225;in triage state;G;is in helicopter;2
3600,1449,evacuee,outHelo,Evacuee 226 in triage category G is assigned helicopter 2
3600,1449,evacuee,,Evacuee;226;in triage state;G;is in helicopter;2
3600,1455,evacuee,outHelo,Evacuee 227 in triage category G is assigned helicopter 2
3600,1455,evacuee,,Evacuee;227;in triage state;G;is in helicopter;2
3600,1509,evacuee,outHelo,Evacuee 254 in triage category G is assigned helicopter 2
3600,1509,evacuee,,Evacuee;254;in triage state;G;is in helicopter;2
3600,1119,filterEvac,out,Evacuee 224 in triage category G is assigned helicopter 2
3600,1119,filterEvac,out,Evacuee 225 in triage category G is assigned helicopter 2
3600,1119,filterEvac,out,Evacuee 226 in triage category G is assigned helicopter 2
3600,1119,filterEvac,out,Evacuee 227 in triage category G is assigned helicopter 2
3600,1119,filterEvac,out,Evacuee 235 in triage category G is assigned helicopter 2
3600,1119,filterEvac,out,Evacuee 245 in triage category G is assigned helicopter 2
3600,1119,filterEvac,out,Evacuee 246 in triage category G is assigned helicopter 2
3600,1119,filterEvac,out,Evacuee 252 in triage category G is assigned helicopter 2
3600,1119,filterEvac,out,Evacuee 254 in triage category G is assigned helicopter 2
3600,1119,filterEvac,out,Evacuee 255 in triage category G is assigned helicopter 2
3600,1119,filterEvac,,
3600,1121,helicopter,,Helicopter;2;is loading people at the evacuation site;;and has;10;spots taken
3612.63,3,evacueeManager,,OFF SHIP: White;0;Green;69;Yellow;21;Red;3;Black;327;ON SHIP: White;0;Green;0;Yellow;0;Red;0;Evacuees to Transfer;
3612.63,135,evacuee,outES,Evacuee 422 in triage category G is not assigned a helicopter
3612.63,135,evacuee,,Evacuee;422;in triage state;Y;is at the evacuation site
3613.2,3,evacueeManager,,OFF SHIP: White;0;Green;69;Yellow;21;Red;2;Black;328;ON SHIP: White;0;Green;0;Yellow;0;Red;0;Evacuees to Transfer;
3613.2,1124,evacuee,outES,Evacuee 94 in triage category R is not assigned a helicopter
3613.2,1124,evacuee,,Evacuee;94;in triage state;B;is at the evacuation site
3615,4,helipadManager,outHelo,Helicopter 2 is evacuating people2
3615,4,helipadManager,,;No helos are at ES
3615,104,filterES,,
3615,1120,filterES,,Helicopter;2;is evacuating people
3615,1160,filterES,,
3615,4,helipadManager,outHQ,0
3615,4,helipadManager,,;No helos are at ES
3615,5,helicopterQueue,,;No helos are waiting to land
3615,1120,filterES,out,Helicopter 2 is evacuating people2
3615,1120,filterES,,
3615,1121,helicopter,,Helicopter;2;is loading people at the evacuation site;;and has;10;spots taken
3615,5,helicopterQueue,,;No helos are waiting to land
3615,1121,helicopter,,Helicopter;2;is returning to the FOL;;and has;10;spots taken
3615.7,3,evacueeManager,,OFF SHIP: White;0;Green;69;Yellow;20;Red;3;Black;328;ON SHIP: White;0;Green;0;Yellow;0;Red;0;Evacuees to Transfer;
3615.7,361,evacuee,outES,Evacuee 293 in triage category Y is not assigned a helicopter
3615.7,361,evacuee,,Evacuee;293;in triage state;R;is at the evacuation site
3639.35,3,evacueeManager,,OFF SHIP: White;0;Green;69;Yellow;19;Red;4;Black;328;ON SHIP: White;0;Green;0;Yellow;0;Red;0;Evacuees to Transfer;
3639.35,1503,evacuee,outES,Evacuee 467 in triage category Y is not assigned a helicopter
3639.35,1503,evacuee,,Evacuee;467;in triage state;R;is at the evacuation site
3642.85,3,evacueeManager,,OFF SHIP: White;0;Green;68;Yellow;20;Red;4;Black;328;ON SHIP: White;0;Green;0;Yellow;0;Red;0;Evacuees to Transfer;
3642.85,307,evacuee,outES,Evacuee 365 in triage category G is not assigned a helicopter
3642.85,307,evacuee,,Evacuee;365;in triage state;Y;is at the evacuation site
3644.56,3,evacueeManager,,OFF SHIP: White;0;Green;68;Yellow;20;Red;3;Black;329;ON SHIP: White;0;Green;0;Yellow;0;Red;0;Evacuees to Transfer;
3644.56,1503,evacuee,outES,Evacuee 467 in triage category R is not assigned a helicopter
3644.56,1503,evacuee,,Evacuee;467;in triage state;B;is at the evacuation site
3649.46,3,evacueeManager,,OFF SHIP: White;0;Green;68;Yellow;20;Red;2;Black;330;ON SHIP: White;0;Green;0;Yellow;0;Red;0;Evacuees to Transfer;
3649.46,358,evacuee,outES,Evacuee 352 in triage category R is not assigned a helicopter
3649.46,358,evacuee,,Evacuee;352;in triage state;B;is at the evacuation site
3658.49,3,evacueeManager,,OFF SHIP: White;0;Green;68;Yellow;19;Red;3;Black;330;ON SHIP: White;0;Green;0;Yellow;0;Red;0;Evacuees to Transfer;
3658.49,943,evacuee,outES,Evacuee 343 in triage category Y is not assigned a helicopter
3658.49,943,evacuee,,Evacuee;343;in triage state;R;is at the evacuation site
3660,5,helicopterQueue,,1;Helos are waiting to land;HeloID;3
3660,105,helicopter,outES,Helicopter 3 is evacuating people3
3660,105,helicopter,,Helicopter;3;is waiting to land at the evacuation site;;and has;0;spots taken
3660,4,helipadManager,,;No helos are at ES
3660,5,helicopterQueue,outHM,Helicopter 3 is evacuating people3
3660,5,helicopterQueue,outHelo,Helicopter 3 is evacuating people3
3660,5,helicopterQueue,,;No helos are waiting to land
3660,104,filterES,,Helicopter;3;is evacuating people
3660,1120,filterES,,
3660,1160,filterES,,
3660,3,evacueeManager,,OFF SHIP: White;0;Green;58;Yellow;19;Red;3;Black;330;ON SHIP: White;0;Green;0;Yellow;0;Red;0;Evacuees to Transfer;;EvacueeID;257;HeloID;3;OnShip;0;Triage Status;G;EvacueeID;258;HeloID;3;OnShip;0;Triage Status;G;EvacueeID;263;HeloID;3;OnShip;0;Triage Status;G;EvacueeID;271;HeloID;3;OnShip;0;Triage Status;G;EvacueeID;272;HeloID;3;OnShip;0;Triage Status;G;EvacueeID;273;HeloID;3;OnShip;0;Triage Status;G;EvacueeID;274;HeloID;3;OnShip;0;Triage Status;G;EvacueeID;290;HeloID;3;OnShip;0;Triage Status;G;EvacueeID;291;HeloID;3;OnShip;0;Triage Status;G;EvacueeID;292;HeloID;3;OnShip;0;Triage Status;G
3660,4,helipadManager,outEM,Helicopter 3 is evacuating people3
3660,4,helipadManager,,Helo;3;is at the ES
3660,104,filterES,out,Helicopter 3 is evacuating people3
3660,104,filterES,,
3660,105,helicopter,,Helicopter;3;is waiting to land at the evacuation site;;and has;0;spots taken
3660,3,evacueeManager,outEvac,Evacuee 257 in triage category G is assigned helicopter 3
3660,3,evacueeManager,outEvac,Evacuee 258 in triage category G is assigned helicopter 3
3660,3,evacueeManager,outEvac,Evacuee 263 in triage category G is assigned helicopter 3
3660,3,evacueeManager,outEvac,Evacuee 271 in triage category G is assigned helicopter 3
3660,3,evacueeManager,outEvac,Evacuee 272 in triage category G is assigned helicopter 3
3660,3,evacueeManager,outEvac,Evacuee 273 in triage category G is assigned helicopter 3
3660,3,evacueeManager,outEvac,Evacuee 274 in triage category G is assigned helicopter 3
3660,3,evacueeManager,outEvac,Evacuee 290 in triage category G is assigned helicopter 3
3660,3,evacueeManager,outEvac,Evacuee 291 in triage category G is assigned helicopter 3
3660,3,evacueeManager,outEvac,Evacuee 292 in triage category G is assigned helicopter 3
3660,3,evacueeManager,,OFF SHIP: White;0;Green;58;Yellow;19;Red;3;Black;330;ON SHIP: White;0;Green;0;Yellow;0;Red;0;Evacuees to Transfer;
3660,7,filterLoc,,
3660,10,filterLoc,,
3660,13,filterLoc,,
3660,16,filterLoc,,
3660,19,filterLoc,,
3660,22,filterLoc,,
3660,25,filterLoc,,
3660,28,filterLoc,,
3660,31,filterLoc,,
3660,34,filterLoc,,
3660,37,filterLoc,,
3660,40,filterLoc,,
3660,43,filterLoc,,
3660,46,filterLoc,,
3660,49,filterLoc,,
3660,52,filterLoc,,
3660,55,filterLoc,,
3660,58,filterLoc,,
3660,61,filterLoc,,
3660,64,filterLoc,,
3660,67,filterLoc,,
3660,70,filterLoc,,
3660,73,filterLoc,,
3660,76,filterLoc,,
3660,79,filterLoc,,
3660,82,filterLoc,,
3660,85,filterLoc,,
3660,88,filterLoc,,
3660,91,filterLoc,,
3660,94,filterLoc,,
3660,97,filterLoc,,
3660,100,filterLoc,,
3660,105,helicopter,,Helicopter;3;is loading people at the evacuation site;;and has;0;spots taken
3660,107,filterLoc,,
3660,110,filterLoc,,
3660,113,filterLoc,,
3660,116,filterLoc,,
3660,119,filterLoc,,
3660,122,filterLoc,,
3660,125,filterLoc,,
3660,128,filterLoc,,
3660,131,filterLoc,,
3660,134,filterLoc,,
3660,137,filterLoc,,
3660,140,filterLoc,,
3660,143,filterLoc,,
3660,146,filterLoc,,
3660,149,filterLoc,,
3660,152,filterLoc,,
3660,155,filterLoc,,
3660,158,filterLoc,,
3660,161,filterLoc,,
3660,164,filterLoc,,
3660,167,filterLoc,,
3660,170,filterLoc,,
3660,173,filterLoc,,
3660,176,filterLoc,,
3660,179,filterLoc,,
3660,182,filterLoc,,
3660,185,filterLoc,,
3660,188,filterLoc,,
3660,191,filterLoc,,
3660,194,filterLoc,,
3660,197,filterLoc,,
3660,200,filterLoc,,
3660,203,filterLoc,,
3660,206,filterLoc,,
3660,209,filterLoc,,
3660,212,filterLoc,,
3660,215,filterLoc,,
3660,218,filterLoc,,
3660,221,filterLoc,,
3660,225,filterLoc,,
3660,228,filterLoc,,
3660,231,filterLoc,,
3660,234,filterLoc,,
3660,237,filterLoc,,
3660,240,filterLoc,,
3660,243,filterLoc,,
3660,246,filterLoc,,
3660,249,filterLoc,,
3660,252,filterLoc,,
3660,255,filterLoc,,
3660,258,filterLoc,,
3660,261,filterLoc,,
3660,264,filterLoc,,
3660,267,filterLoc,,
3660,270,filterLoc,,
3660,273,filterLoc,,
3660,276,filterLoc,,
3660,279,filterLoc,,
3660,282,filterLoc,,
3660,285,filterLoc,,
3660,288,filterLoc,,
3660,291,filterLoc,,
3660,294,filterLoc,,
3660,297,filterLoc,,
3660,300,filterLoc,,
3660,303,filterLoc,,
3660,306,filterLoc,,
3660,309,filterLoc,,
3660,312,filterLoc,,
3660,315,filterLoc,,
3660,318,filterLoc,,
3660,321,filterLoc,,
3660,324,filterLoc,,
3660,327,filterLoc,,
3660,330,filterLoc,,
3660,333,filterLoc,,
3660,336,filterLoc,,
3660,339,filterLoc,,
3660,342,filterLoc,,
3660,345,filterLoc,,
3660,348,filterLoc,,
3660,351,filterLoc,,
3660,354,filterLoc,,
3660,357,filterLoc,,
3660,360,filterLoc,,
3660,363,filterLoc,,
3660,366,filterLoc,,
3660,369,filterLoc,,;Evacuee;292;in triage category;G;is entering helicopter;3
3660,372,filterLoc,,;Evacuee;291;in triage category;G;is entering helicopter;3
3660,375,filterLoc,,;Evacuee;290;in triage category;G;is entering helicopter;3
3660,378,filterLoc,,
3660,381,filterLoc,,
3660,384,filterLoc,,
3660,387,filterLoc,,
3660,390,filterLoc,,
3660,393,filterLoc,,
3660,396,filterLoc,,
3660,399,filterLoc,,
3660,402,filterLoc,,
3660,405,filterLoc,,
3660,408,filterLoc,,
3660,411,filterLoc,,
3660,414,filterLoc,,
3660,417,filterLoc,,
3660,420,filterLoc,,
3660,423,filterLoc,,;Evacuee;274;in triage category;G;is entering helicopter;3
3660,426,filterLoc,,;Evacuee;273;in triage category;G;is entering helicopter;3
3660,429,filterLoc,,
3660,432,filterLoc,,
3660,435,filterLoc,,;Evacuee;272;in triage category;G;is entering helicopter;3
3660,438,filterLoc,,
3660,441,filterLoc,,
3660,444,filterLoc,,
3660,447,filterLoc,,
3660,450,filterLoc,,
3660,453,filterLoc,,
3660,456,filterLoc,,
3660,459,filterLoc,,
3660,462,filterLoc,,
3660,465,filterLoc,,
3660,468,filterLoc,,
3660,471,filterLoc,,
3660,474,filterLoc,,
3660,477,filterLoc,,
3660,480,filterLoc,,
3660,483,filterLoc,,
3660,486,filterLoc,,
3660,489,filterLoc,,
3660,492,filterLoc,,
3660,495,filterLoc,,
3660,498,filterLoc,,
3660,501,filterLoc,,
3660,504,filterLoc,,
3660,507,filterLoc,,
3660,510,filterLoc,,
3660,513,filterLoc,,
3660,516,filterLoc,,
3660,519,filterLoc,,
3660,522,filterLoc,,
3660,525,filterLoc,,
3660,528,filterLoc,,
3660,531,filterLoc,,
3660,534,filterLoc,,
3660,537,filterLoc,,
3660,540,filterLoc,,
3660,543,filterLoc,,
3660,546,filterLoc,,
3660,549,filterLoc,,
3660,552,filterLoc,,
3660,555,filterLoc,,
3660,558,filterLoc,,
3660,561,filterLoc,,
3660,564,filterLoc,,
3660,567,filterLoc,,
3660,570,filterLoc,,
3660,573,filterLoc,,
3660,576,filterLoc,,
3660,579,filterLoc,,
3660,582,filterLoc,,
3660,585,filterLoc,,
3660,588,filterLoc,,
3660,591,filterLoc,,
3660,594,filterLoc,,
3660,597,filterLoc,,
3660,600,filterLoc,,
3660,603,filterLoc,,
3660,606,filterLoc,,
3660,609,filterLoc,,
3660,612,filterLoc,,
3660,615,filterLoc,,
3660,618,filterLoc,,
3660,621,filterLoc,,
3660,624,filterLoc,,
3660,627,filterLoc,,
3660,630,filterLoc,,
3660,633,filterLoc,,
3660,636,filterLoc,,
3660,639,filterLoc,,
3660,642,filterLoc,,
3660,645,filterLoc,,
3660,648,filterLoc,,
3660,651,filterLoc,,
3660,654,filterLoc,,
3660,657,filterLoc,,
3660,660,filterLoc,,
3660,663,filterLoc,,
3660,666,filterLoc,,
3660,669,filterLoc,,
3660,672,filterLoc,,
3660,675,filterLoc,,
3660,678,filterLoc,,
3660,681,filterLoc,,
3660,684,filterLoc,,
3660,687,filterLoc,,
3660,690,filterLoc,,
3660,693,filterLoc,,
3660,696,filterLoc,,
3660,699,filterLoc,,
3660,702,filterLoc,,
3660,705,filterLoc,,
3660,708,filterLoc,,
3660,711,filterLoc,,
3660,714,filterLoc,,
3660,717,filterLoc,,
3660,720,filterLoc,,
3660,723,filterLoc,,
3660,726,filterLoc,,
3660,729,filterLoc,,
3660,732,filterLoc,,
3660,735,filterLoc,,
3660,738,filterLoc,,
3660,741,filterLoc,,
3660,744,filterLoc,,
3660,747,filterLoc,,
3660,750,filterLoc,,
3660,753,filterLoc,,;Evacuee;271;in triage category;G;is entering helicopter;3
3660,756,filterLoc,,
3660,759,filterLoc,,
3660,762,filterLoc,,
3660,765,filterLoc,,
3660,768,filterLoc,,
3660,771,filterLoc,,
3660,774,filterLoc,,
3660,777,filterLoc,,
3660,780,filterLoc,,
3660,783,filterLoc,,
3660,786,filterLoc,,
3660,789,filterLoc,,
3660,792,filterLoc,,
3660,795,filterLoc,,
3660,798,filterLoc,,
3660,801,filterLoc,,
3660,804,filterLoc,,
3660,807,filterLoc,,
3660,810,filterLoc,,
3660,813,filterLoc,,
3660,816,filterLoc,,
3660,819,filterLoc,,
3660,822,filterLoc,,
3660,825,filterLoc,,
3660,828,filterLoc,,
3660,831,filterLoc,,
3660,834,filterLoc,,
3660,837,filterLoc,,
3660,840,filterLoc,,
3660,843,filterLoc,,
3660,846,filterLoc,,
3660,849,filterLoc,,
3660,852,filterLoc,,
3660,855,filterLoc,,
3660,858,filterLoc,,
3660,861,filterLoc,,
3660,864,filterLoc,,
3660,867,filterLoc,,
3660,870,filterLoc,,
3660,873,filterLoc,,
3660,876,filterLoc,,
3660,879,filterLoc,,
3660,882,filterLoc,,
3660,885,filterLoc,,
3660,888,filterLoc,,
3660,891,filterLoc,,
3660,894,filterLoc,,
3660,897,filterLoc,,
3660,900,filterLoc,,
3660,903,filterLoc,,
3660,906,filterLoc,,
3660,909,filterLoc,,
3660,912,filterLoc,,
3660,915,filterLoc,,
3660,918,filterLoc,,
3660,921,filterLoc,,
3660,924,filterLoc,,
3660,927,filterLoc,,
3660,930,filterLoc,,
3660,933,filterLoc,,
3660,936,filterLoc,,
3660,939,filterLoc,,
3660,942,filterLoc,,
3660,945,filterLoc,,
3660,948,filterLoc,,
3660,951,filterLoc,,
3660,954,filterLoc,,
3660,957,filterLoc,,
3660,960,filterLoc,,
3660,963,filterLoc,,
3660,966,filterLoc,,
3660,969,filterLoc,,
3660,972,filterLoc,,
3660,975,filterLoc,,
3660,978,filterLoc,,
3660,981,filterLoc,,
3660,984,filterLoc,,
3660,987,filterLoc,,
3660,990,filterLoc,,
3660,993,filterLoc,,
3660,996,filterLoc,,
3660,999,filterLoc,,
3660,1002,filterLoc,,
3660,1005,filterLoc,,
3660,1008,filterLoc,,
3660,1011,filterLoc,,
3660,1014,filterLoc,,
3660,1017,filterLoc,,
3660,1020,filterLoc,,
3660,1023,filterLoc,,
3660,1026,filterLoc,,
3660,1029,filterLoc,,
3660,1032,filterLoc,,
3660,1035,filterLoc,,
3660,1038,filterLoc,,
3660,1041,filterLoc,,
3660,1044,filterLoc,,
3660,1047,filterLoc,,
3660,1050,filterLoc,,
3660,1053,filterLoc,,
3660,1056,filterLoc,,
3660,1059,filterLoc,,
3660,1062,filterLoc,,
3660,1065,filterLoc,,
3660,1068,filterLoc,,
3660,1071,filterLoc,,
3660,1074,filterLoc,,
3660,1077,filterLoc,,
3660,1080,filterLoc,,
3660,1083,filterLoc,,
3660,1086,filterLoc,,
3660,1089,filterLoc,,
3660,1092,filterLoc,,
3660,1095,filterLoc,,
3660,1098,filterLoc,,
3660,1101,filterLoc,,
3660,1104,filterLoc,,
3660,1107,filterLoc,,
3660,1110,filterLoc,,
3660,1113,filterLoc,,
3660,1116,filterLoc,,
3660,1123,filterLoc,,
3660,1126,filterLoc,,
3660,1129,filterLoc,,
3660,1132,filterLoc,,
3660,1135,filterLoc,,
3660,1138,filterLoc,,
3660,1141,filterLoc,,
3660,1144,filterLoc,,
3660,1147,filterLoc,,
3660,1150,filterLoc,,
3660,1153,filterLoc,,
3660,1156,filterLoc,,
3660,1163,filterLoc,,;Evacuee;263;in triage category;G;is entering helicopter;3
3660,1166,filterLoc,,
3660,1169,filterLoc,,
3660,1172,filterLoc,,
3660,1175,filterLoc,,
3660,1178,filterLoc,,
3660,1181,filterLoc,,
3660,1184,filterLoc,,
3660,1187,filterLoc,,
3660,1190,filterLoc,,
3660,1193,filterLoc,,
3660,1196,filterLoc,,
3660,1199,filterLoc,,
3660,1202,filterLoc,,
3660,1205,filterLoc,,
3660,1208,filterLoc,,
3660,1211,filterLoc,,
3660,1214,filterLoc,,
3660,1217,filterLoc,,
3660,1220,filterLoc,,
3660,1223,filterLoc,,
3660,1226,filterLoc,,
3660,1229,filterLoc,,
3660,1232,filterLoc,,
3660,1235,filterLoc,,
3660,1238,filterLoc,,
3660,1241,filterLoc,,
3660,1244,filterLoc,,
3660,1247,filterLoc,,
3660,1250,filterLoc,,
3660,1253,filterLoc,,
3660,1256,filterLoc,,
3660,1259,filterLoc,,
3660,1262,filterLoc,,
3660,1265,filterLoc,,
3660,1268,filterLoc,,
3660,1271,filterLoc,,
3660,1274,filterLoc,,
3660,1277,filterLoc,,
3660,1280,filterLoc,,
3660,1283,filterLoc,,
3660,1286,filterLoc,,
3660,1289,filterLoc,,
3660,1292,filterLoc,,
3660,1295,filterLoc,,
3660,1298,filterLoc,,
3660,1301,filterLoc,,
3660,1304,filterLoc,,
3660,1307,filterLoc,,
3660,1310,filterLoc,,
3660,1313,filterLoc,,
3660,1316,filterLoc,,
3660,1319,filterLoc,,
3660,1322,filterLoc,,
3660,1325,filterLoc,,
3660,1328,filterLoc,,
3660,1331,filterLoc,,
3660,1334,filterLoc,,
3660,1337,filterLoc,,
3660,1340,filterLoc,,
3660,1343,filterLoc,,
3660,1346,filterLoc,,
3660,1349,filterLoc,,
3660,1352,filterLoc,,
3660,1355,filterLoc,,
3660,1358,filterLoc,,
3660,1361,filterLoc,,
3660,1364,filterLoc,,
3660,1367,filterLoc,,
3660,1370,filterLoc,,
3660,1373,filterLoc,,
3660,1376,filterLoc,,
3660,1379,filterLoc,,
3660,1382,filterLoc,,
3660,1385,filterLoc,,
3660,1388,filterLoc,,
3660,1391,filterLoc,,
3660,1394,filterLoc,,
3660,1397,filterLoc,,
3660,1400,filterLoc,,
3660,1403,filterLoc,,
3660,1406,filterLoc,,
3660,1409,filterLoc,,
3660,1412,filterLoc,,
3660,1415,filterLoc,,
3660,1418,filterLoc,,
3660,1421,filterLoc,,
3660,1424,filterLoc,,
3660,1427,filterLoc,,
3660,1430,filterLoc,,
3660,1433,filterLoc,,
3660,1436,filterLoc,,
3660,1439,filterLoc,,
3660,1442,filterLoc,,
3660,1445,filterLoc,,
3660,1448,filterLoc,,
3660,1451,filterLoc,,
3660,1454,filterLoc,,
3660,1457,filterLoc,,
3660,1460,filterLoc,,
3660,1463,filterLoc,,
3660,1466,filterLoc,,
3660,1469,filterLoc,,
3660,1472,filterLoc,,
3660,1475,filterLoc,,
3660,1478,filterLoc,,
3660,1481,filterLoc,,
3660,1484,filterLoc,,
3660,1487,filterLoc,,
3660,1490,filterLoc,,
3660,1493,filterLoc,,
3660,1496,filterLoc,,
3660,1499,filterLoc,,
3660,1502,filterLoc,,
3660,1505,filterLoc,,
3660,1508,filterLoc,,
3660,1511,filterLoc,,;Evacuee;257;in triage category;G;is entering helicopter;3
3660,1514,filterLoc,,
3660,1517,filterLoc,,;Evacuee;258;in triage category;G;is entering helicopter;3
3660,369,filterLoc,out,Evacuee 292 in triage category G is assigned helicopter 3
3660,369,filterLoc,,
3660,370,evacuee,,Evacuee;292;in triage state;G;is entering helicopter;3
3660,372,filterLoc,out,Evacuee 291 in triage category G is assigned helicopter 3
3660,372,filterLoc,,
3660,373,evacuee,,Evacuee;291;in triage state;G;is entering helicopter;3
3660,375,filterLoc,out,Evacuee 290 in triage category G is assigned helicopter 3
3660,375,filterLoc,,
3660,376,evacuee,,Evacuee;290;in triage state;G;is entering helicopter;3
3660,423,filterLoc,out,Evacuee 274 in triage category G is assigned helicopter 3
3660,423,filterLoc,,
3660,424,evacuee,,Evacuee;274;in triage state;G;is entering helicopter;3
3660,426,filterLoc,out,Evacuee 273 in triage category G is assigned helicopter 3
3660,426,filterLoc,,
3660,427,evacuee,,Evacuee;273;in triage state;G;is entering helicopter;3
3660,435,filterLoc,out,Evacuee 272 in triage category G is assigned helicopter 3
3660,435,filterLoc,,
3660,436,evacuee,,Evacuee;272;in triage state;G;is entering helicopter;3
3660,753,filterLoc,out,Evacuee 271 in triage category G is assigned helicopter 3
3660,753,filterLoc,,
3660,754,evacuee,,Evacuee;271;in triage state;G;is entering helicopter;3
3660,1163,filterLoc,out,Evacuee 263 in triage category G is assigned helicopter 3
3660,1163,filterLoc,,
3660,1164,evacuee,,Evacuee;263;in triage state;G;is entering helicopter;3
3660,1511,filterLoc,out,Evacuee 257 in triage category G is assigned helicopter 3
3660,1511,filterLoc,,
3660,1512,evacuee,,Evacuee;257;in triage state;G;is entering helicopter;3
3660,1517,filterLoc,out,Evacuee 258 in triage category G is assigned helicopter 3
3660,1517,filterLoc,,
3660,1518,evacuee,,Evacuee;258;in triage state;G;is entering helicopter;3
3660,103,filterEvac,,;Evacuee;257;in triage category;G;is entering helicopter;3;Evacuee;258;in triage category;G;is entering helicopter;3;Evacuee;263;in triage category;G;is entering helicopter;3;Evacuee;271;in triage category;G;is entering helicopter;3;Evacuee;272;in triage category;G;is entering helicopter;3;Evacuee;273;in triage category;G;is entering helicopter;3;Evacuee;274;in triage category;G;is entering helicopter;3;Evacuee;290;in triage category;G;is entering helicopter;3;Evacuee;291;in triage category;G;is entering helicopter;3;Evacuee;292;in triage category;G;is entering helicopter;3
3660,370,evacuee,outHelo,Evacuee 292 in triage category G is assigned helicopter 3
3660,370,evacuee,,Evacuee;292;in triage state;G;is in helicopter;3
3660,373,evacuee,outHelo,Evacuee 291 in triage category G is assigned helicopter 3
3660,373,evacuee,,Evacuee;291;in triage state;G;is in helicopter;3
3660,376,evacuee,outHelo,Evacuee 290 in triage category G is assigned helicopter 3
3660,376,evacuee,,Evacuee;290;in triage state;G;is in helicopter;3
3660,424,evacuee,outHelo,Evacuee 274 in triage category G is assigned helicopter 3
3660,424,evacuee,,Evacuee;274;in triage state;G;is in helicopter;3
3660,427,evacuee,outHelo,Evacuee 273 in triage category G is assigned helicopter 3
3660,427,evacuee,,Evacuee;273;in triage state;G;is in helicopter;3
3660,436,evacuee,outHelo,Evacuee 272 in triage category G is assigned helicopter 3
3660,436,evacuee,,Evacuee;272;in triage state;G;is in helicopter;3
3660,754,evacuee,outHelo,Evacuee 271 in triage category G is assigned helicopter 3
3660,754,evacuee,,Evacuee;271;in triage state;G;is in helicopter;3
3660,1119,filterEvac,,
3660,1159,filterEvac,,
3660,1164,evacuee,outHelo,Evacuee 263 in triage category G is assigned helicopter 3
3660,1164,evacuee,,Evacuee;263;in triage state;G;is in helicopter;3
3660,1512,evacuee,outHelo,Evacuee 257 in triage category G is assigned helicopter 3
3660,1512,evacuee,,Evacuee;257;in triage state;G;is in helicopter;3
3660,1518,evacuee,outHelo,Evacuee 258 in triage category G is assigned helicopter 3
3660,1518,evacuee,,Evacuee;258;in triage state;G;is in helicopter;3
3660,103,filterEvac,out,Evacuee 257 in triage category G is assigned helicopter 3
3660,103,filterEvac,out,Evacuee 258 in triage category G is assigned helicopter 3
3660,103,filterEvac,out,Evacuee 263 in triage category G is assigned helicopter 3
3660,103,filterEvac,out,Evacuee 271 in triage category G is assigned helicopter 3
3660,103,filterEvac,out,Evacuee 272 in triage category G is assigned helicopter 3
3660,103,filterEvac,out,Evacuee 273 in triage category G is assigned helicopter 3
3660,103,filterEvac,out,Evacuee 274 in triage category G is assigned helicopter 3
3660,103,filterEvac,out,Evacuee 290 in triage category G is assigned helicopter 3
3660,103,filterEvac,out,Evacuee 291 in triage category G is assigned helicopter 3
3660,103,filterEvac,out,Evacuee 292 in triage category G is assigned helicopter 3
3660,103,filterEvac,,
3660,105,helicopter,,Helicopter;3;is loading people at the evacuation site;;and has;10;spots taken
3660.57,3,evacueeManager,,OFF SHIP: White;0;Green;58;Yellow;19;Red;2;Black;331;ON SHIP: White;0;Green;0;Yellow;0;Red;0;Evacuees to Transfer;
3660.57,361,evacuee,outES,Evacuee 293 in triage category R is not assigned a helicopter
3660.57,361,evacuee,,Evacuee;293;in triage state;B;is at the evacuation site
3661.98,3,evacueeManager,,OFF SHIP: White;0;Green;58;Yellow;19;Red;1;Black;332;ON SHIP: White;0;Green;0;Yellow;0;Red;0;Evacuees to Transfer;
3661.98,670,evacuee,outES,Evacuee 156 in triage category R is not assigned a helicopter
3661.98,670,evacuee,,Evacuee;156;in triage state;B;is at the evacuation site
3672.65,3,evacueeManager,,OFF SHIP: White;0;Green;58;Yellow;18;Red;2;Black;332;ON SHIP: White;0;Green;0;Yellow;0;Red;0;Evacuees to Transfer;
3672.65,47,evacuee,outES,Evacuee 475 in triage category Y is not assigned a helicopter
3672.65,47,evacuee,,Evacuee;475;in triage state;R;is at the evacuation site
3675,4,helipadManager,outHelo,Helicopter 3 is evacuating people3
3675,4,helipadManager,,;No helos are at ES
3675,104,filterES,,Helicopter;3;is evacuating people
3675,1120,filterES,,
3675,1160,filterES,,
3675,4,helipadManager,outHQ,0
3675,4,helipadManager,,;No helos are at ES
3675,5,helicopterQueue,,;No helos are waiting to land
3675,104,filterES,out,Helicopter 3 is evacuating people3
3675,104,filterES,,
3675,105,helicopter,,Helicopter;3;is loading people at the evacuation site;;and has;10;spots taken
3675,5,helicopterQueue,,;No helos are waiting to land
3675,105,helicopter,,Helicopter;3;is returning to the FOL;;and has;10;spots taken
3693.04,3,evacueeManager,,OFF SHIP: White;0;Green;58;Yellow;18;Red;1;Black;333;ON SHIP: White;0;Green;0;Yellow;0;Red;0;Evacuees to Transfer;
3693.04,943,evacuee,outES,Evacuee 343 in triage category R is not assigned a helicopter
3693.04,943,evacuee,,Evacuee;343;in triage state;B;is at the evacuation site
3695.19,3,evacueeManager,,OFF SHIP: White;0;Green;58;Yellow;17;Red;2;Black;333;ON SHIP: White;0;Green;0;Yellow;0;Red;0;Evacuees to Transfer;
3695.19,1224,evacuee,outES,Evacuee 151 in triage category Y is not assigned a helicopter
3695.19,1224,evacuee,,Evacuee;151;in triage state;R;is at the evacuation site
3705,7,filterLoc,,
3705,10,filterLoc,,
3705,13,filterLoc,,
3705,16,filterLoc,,
3705,19,filterLoc,,
3705,22,filterLoc,,
3705,25,filterLoc,,
3705,28,filterLoc,,
3705,31,filterLoc,,
3705,34,filterLoc,,
3705,37,filterLoc,,
3705,40,filterLoc,,
3705,43,filterLoc,,
3705,46,filterLoc,,
3705,49,filterLoc,,
3705,52,filterLoc,,
3705,55,filterLoc,,
3705,58,filterLoc,,
3705,61,filterLoc,,
3705,64,filterLoc,,
3705,67,filterLoc,,
3705,70,filterLoc,,
3705,73,filterLoc,,
3705,76,filterLoc,,
3705,79,filterLoc,,
3705,82,filterLoc,,
3705,85,filterLoc,,
3705,88,filterLoc,,
3705,91,filterLoc,,
3705,94,filterLoc,,
3705,97,filterLoc,,
3705,100,filterLoc,,
3705,107,filterLoc,,
3705,110,filterLoc,,
3705,113,filterLoc,,
3705,116,filterLoc,,
3705,119,filterLoc,,
3705,122,filterLoc,,
3705,125,filterLoc,,
3705,128,filterLoc,,
3705,131,filterLoc,,
3705,134,filterLoc,,
3705,137,filterLoc,,
3705,140,filterLoc,,
3705,143,filterLoc,,
3705,146,filterLoc,,
3705,149,filterLoc,,
3705,152,filterLoc,,
3705,155,filterLoc,,
3705,158,filterLoc,,
3705,161,filterLoc,,
3705,164,filterLoc,,
3705,167,filterLoc,,
3705,170,filterLoc,,
3705,173,filterLoc,,
3705,176,filterLoc,,
3705,179,filterLoc,,
3705,182,filterLoc,,
3705,185,filterLoc,,
3705,188,filterLoc,,
3705,191,filterLoc,,
3705,194,filterLoc,,
3705,197,filterLoc,,
3705,200,filterLoc,,
3705,203,filterLoc,,
3705,206,filterLoc,,
3705,209,filterLoc,,
3705,212,filterLoc,,
3705,215,filterLoc,,
3705,218,filterLoc,,
3705,221,filterLoc,,
3705,225,filterLoc,,
3705,228,filterLoc,,
3705,231,filterLoc,,
3705,234,filterLoc,,
3705,237,filterLoc,,
3705,240,filterLoc,,
3705,243,filterLoc,,
3705,246,filterLoc,,
3705,249,filterLoc,,
3705,252,filterLoc,,
3705,255,filterLoc,,
3705,258,filterLoc,,
3705,261,filterLoc,,
3705,264,filterLoc,,
3705,267,filterLoc,,
3705,270,filterLoc,,
3705,273,filterLoc,,
3705,276,filterLoc,,
3705,279,filterLoc,,
3705,282,filterLoc,,
3705,285,filterLoc,,
3705,288,filterLoc,,
3705,291,filterLoc,,
3705,294,filterLoc,,
3705,297,filterLoc,,
3705,300,filterLoc,,
3705,303,filterLoc,,
3705,306,filterLoc,,
3705,309,filterLoc,,
3705,312,filterLoc,,
3705,315,filterLoc,,
3705,318,filterLoc,,
3705,321,filterLoc,,
3705,324,filterLoc,,
3705,327,filterLoc,,
3705,330,filterLoc,,
3705,333,filterLoc,,
3705,336,filterLoc,,
3705,339,filterLoc,,
3705,342,filterLoc,,
3705,345,filterLoc,,
3705,348,filterLoc,,
3705,351,filterLoc,,
3705,354,filterLoc,,
3705,357,filterLoc,,
3705,360,filterLoc,,
3705,363,filterLoc,,
3705,366,filterLoc,,
3705,369,filterLoc,,
3705,372,filterLoc,,
3705,375,filterLoc,,
3705,378,filterLoc,,
3705,381,filterLoc,,
3705,384,filterLoc,,
3705,387,filterLoc,,
3705,390,filterLoc,,
3705,393,filterLoc,,
3705,396,filterLoc,,
3705,399,filterLoc,,
3705,402,filterLoc,,
3705,405,filterLoc,,
3705,408,filterLoc,,
3705,411,filterLoc,,
3705,414,filterLoc,,
3705,417,filterLoc,,
3705,420,filterLoc,,
3705,423,filterLoc,,
3705,426,filterLoc,,
3705,429,filterLoc,,
3705,432,filterLoc,,
3705,435,filterLoc,,
3705,438,filterLoc,,
3705,441,filterLoc,,
3705,444,filterLoc,,
3705,447,filterLoc,,
3705,450,filterLoc,,
3705,453,filterLoc,,
3705,456,filterLoc,,
3705,459,filterLoc,,
3705,462,filterLoc,,
3705,465,filterLoc,,
3705,468,filterLoc,,
3705,471,filterLoc,,
3705,474,filterLoc,,
3705,477,filterLoc,,
3705,480,filterLoc,,
3705,483,filterLoc,,
3705,486,filterLoc,,;Evacuee;192;in triage category;G;is leaving helicopter;1
3705,489,filterLoc,,
3705,492,filterLoc,,
3705,495,filterLoc,,
3705,498,filterLoc,,
3705,501,filterLoc,,
3705,504,filterLoc,,
3705,507,filterLoc,,
3705,510,filterLoc,,
3705,513,filterLoc,,
3705,516,filterLoc,,
3705,519,filterLoc,,
3705,522,filterLoc,,
3705,525,filterLoc,,
3705,528,filterLoc,,
3705,531,filterLoc,,
3705,534,filterLoc,,
3705,537,filterLoc,,;Evacuee;188;in triage category;G;is leaving helicopter;1
3705,540,filterLoc,,
3705,543,filterLoc,,
3705,546,filterLoc,,
3705,549,filterLoc,,
3705,552,filterLoc,,
3705,555,filterLoc,,
3705,558,filterLoc,,
3705,561,filterLoc,,
3705,564,filterLoc,,
3705,567,filterLoc,,
3705,570,filterLoc,,
3705,573,filterLoc,,
3705,576,filterLoc,,
3705,579,filterLoc,,
3705,582,filterLoc,,
3705,585,filterLoc,,
3705,588,filterLoc,,
3705,591,filterLoc,,
3705,594,filterLoc,,
3705,597,filterLoc,,
3705,600,filterLoc,,
3705,603,filterLoc,,
3705,606,filterLoc,,
3705,609,filterLoc,,
3705,612,filterLoc,,
3705,615,filterLoc,,
3705,618,filterLoc,,
3705,621,filterLoc,,
3705,624,filterLoc,,
3705,627,filterLoc,,
3705,630,filterLoc,,
3705,633,filterLoc,,
3705,636,filterLoc,,
3705,639,filterLoc,,
3705,642,filterLoc,,
3705,645,filterLoc,,
3705,648,filterLoc,,
3705,651,filterLoc,,
3705,654,filterLoc,,
3705,657,filterLoc,,
3705,660,filterLoc,,
3705,663,filterLoc,,
3705,666,filterLoc,,
3705,669,filterLoc,,
3705,672,filterLoc,,
3705,675,filterLoc,,
3705,678,filterLoc,,
3705,681,filterLoc,,
3705,684,filterLoc,,
3705,687,filterLoc,,
3705,690,filterLoc,,
3705,693,filterLoc,,
3705,696,filterLoc,,
3705,699,filterLoc,,
3705,702,filterLoc,,
3705,705,filterLoc,,
3705,708,filterLoc,,
3705,711,filterLoc,,
3705,714,filterLoc,,
3705,717,filterLoc,,
3705,720,filterLoc,,
3705,723,filterLoc,,
3705,726,filterLoc,,
3705,729,filterLoc,,
3705,732,filterLoc,,
3705,735,filterLoc,,
3705,738,filterLoc,,
3705,741,filterLoc,,
3705,744,filterLoc,,;Evacuee;218;in triage category;G;is leaving helicopter;1
3705,747,filterLoc,,
3705,750,filterLoc,,
3705,753,filterLoc,,
3705,756,filterLoc,,
3705,759,filterLoc,,
3705,762,filterLoc,,
3705,765,filterLoc,,
3705,768,filterLoc,,
3705,771,filterLoc,,
3705,774,filterLoc,,
3705,777,filterLoc,,
3705,780,filterLoc,,
3705,783,filterLoc,,
3705,786,filterLoc,,
3705,789,filterLoc,,
3705,792,filterLoc,,
3705,795,filterLoc,,
3705,798,filterLoc,,
3705,801,filterLoc,,
3705,804,filterLoc,,
3705,807,filterLoc,,
3705,810,filterLoc,,
3705,813,filterLoc,,
3705,816,filterLoc,,
3705,819,filterLoc,,
3705,822,filterLoc,,
3705,825,filterLoc,,
3705,828,filterLoc,,
3705,831,filterLoc,,
3705,834,filterLoc,,
3705,837,filterLoc,,
3705,840,filterLoc,,
3705,843,filterLoc,,
3705,846,filterLoc,,
3705,849,filterLoc,,
3705,852,filterLoc,,
3705,855,filterLoc,,
3705,858,filterLoc,,
3705,861,filterLoc,,
3705,864,filterLoc,,
3705,867,filterLoc,,
3705,870,filterLoc,,
3705,873,filterLoc,,
3705,876,filterLoc,,
3705,879,filterLoc,,
3705,882,filterLoc,,
3705,885,filterLoc,,
3705,888,filterLoc,,
3705,891,filterLoc,,
3705,894,filterLoc,,
3705,897,filterLoc,,
3705,900,filterLoc,,
3705,903,filterLoc,,
3705,906,filterLoc,,
3705,909,filterLoc,,
3705,912,filterLoc,,
3705,915,filterLoc,,
3705,918,filterLoc,,
3705,921,filterLoc,,
3705,924,filterLoc,,
3705,927,filterLoc,,
3705,930,filterLoc,,
3705,933,filterLoc,,
3705,936,filterLoc,,
3705,939,filterLoc,,
3705,942,filterLoc,,
3705,945,filterLoc,,
3705,948,filterLoc,,
3705,951,filterLoc,,
3705,954,filterLoc,,
3705,957,filterLoc,,
3705,960,filterLoc,,;Evacuee;209;in triage category;G;is leaving helicopter;1
3705,963,filterLoc,,
3705,966,filterLoc,,
3705,969,filterLoc,,
3705,972,filterLoc,,
3705,975,filterLoc,,
3705,978,filterLoc,,
3705,981,filterLoc,,
3705,984,filterLoc,,
3705,987,filterLoc,,
3705,990,filterLoc,,
3705,993,filterLoc,,
3705,996,filterLoc,,
3705,999,filterLoc,,
3705,1002,filterLoc,,
3705,1005,filterLoc,,
3705,1008,filterLoc,,
3705,1011,filterLoc,,
3705,1014,filterLoc,,
3705,1017,filterLoc,,;Evacuee;200;in triage category;G;is leaving helicopter;1
3705,1020,filterLoc,,
3705,1023,filterLoc,,
3705,1026,filterLoc,,
3705,1029,filterLoc,,
3705,1032,filterLoc,,
3705,1035,filterLoc,,
3705,1038,filterLoc,,
3705,1041,filterLoc,,
3705,1044,filterLoc,,
3705,1047,filterLoc,,
3705,1050,filterLoc,,
3705,1053,filterLoc,,
3705,1056,filterLoc,,
3705,1059,filterLoc,,
3705,1062,filterLoc,,
3705,1065,filterLoc,,
3705,1068,filterLoc,,
3705,1071,filterLoc,,
3705,1074,filterLoc,,
3705,1077,filterLoc,,
3705,1080,filterLoc,,
3705,1083,filterLoc,,;Evacuee;212;in triage category;G;is leaving helicopter;1
3705,1086,filterLoc,,
3705,1089,filterLoc,,
3705,1092,filterLoc,,
3705,1095,filterLoc,,
3705,1098,filterLoc,,
3705,1101,filterLoc,,
3705,1104,filterLoc,,
3705,1107,filterLoc,,
3705,1110,filterLoc,,
3705,1113,filterLoc,,
3705,1116,filterLoc,,
3705,1123,filterLoc,,
3705,1126,filterLoc,,
3705,1129,filterLoc,,
3705,1132,filterLoc,,
3705,1135,filterLoc,,
3705,1138,filterLoc,,
3705,1141,filterLoc,,
3705,1144,filterLoc,,
3705,1147,filterLoc,,
3705,1150,filterLoc,,
3705,1153,filterLoc,,
3705,1156,filterLoc,,
3705,1161,helicopter,outEvac,Evacuee 188 in triage category G is not assigned a helicopter
3705,1161,helicopter,outEvac,Evacuee 190 in triage category G is not assigned a helicopter
3705,1161,helicopter,outEvac,Evacuee 192 in triage category G is not assigned a helicopter
3705,1161,helicopter,outEvac,Evacuee 200 in triage category G is not assigned a helicopter
3705,1161,helicopter,outEvac,Evacuee 201 in triage category G is not assigned a helicopter
3705,1161,helicopter,outEvac,Evacuee 202 in triage category G is not assigned a helicopter
3705,1161,helicopter,outEvac,Evacuee 209 in triage category G is not assigned a helicopter
3705,1161,helicopter,outEvac,Evacuee 210 in triage category G is not assigned a helicopter
3705,1161,helicopter,outEvac,Evacuee 212 in triage category G is not assigned a helicopter
3705,1161,helicopter,outEvac,Evacuee 218 in triage category G is not assigned a helicopter
3705,1161,helicopter,,Helicopter;1;is unloading people at the FOL;;and has;0;spots taken
3705,1163,filterLoc,,
3705,1166,filterLoc,,;Evacuee;190;in triage category;G;is leaving helicopter;1
3705,1169,filterLoc,,
3705,1172,filterLoc,,
3705,1175,filterLoc,,
3705,1178,filterLoc,,
3705,1181,filterLoc,,
3705,1184,filterLoc,,
3705,1187,filterLoc,,
3705,1190,filterLoc,,
3705,1193,filterLoc,,
3705,1196,filterLoc,,
3705,1199,filterLoc,,
3705,1202,filterLoc,,
3705,1205,filterLoc,,
3705,1208,filterLoc,,
3705,1211,filterLoc,,
3705,1214,filterLoc,,
3705,1217,filterLoc,,
3705,1220,filterLoc,,
3705,1223,filterLoc,,
3705,1226,filterLoc,,
3705,1229,filterLoc,,
3705,1232,filterLoc,,
3705,1235,filterLoc,,
3705,1238,filterLoc,,
3705,1241,filterLoc,,
3705,1244,filterLoc,,
3705,1247,filterLoc,,
3705,1250,filterLoc,,
3705,1253,filterLoc,,
3705,1256,filterLoc,,
3705,1259,filterLoc,,
3705,1262,filterLoc,,
3705,1265,filterLoc,,
3705,1268,filterLoc,,
3705,1271,filterLoc,,
3705,1274,filterLoc,,
3705,1277,filterLoc,,
3705,1280,filterLoc,,
3705,1283,filterLoc,,
3705,1286,filterLoc,,
3705,1289,filterLoc,,
3705,1292,filterLoc,,
3705,1295,filterLoc,,
3705,1298,filterLoc,,
3705,1301,filterLoc,,
3705,1304,filterLoc,,
3705,1307,filterLoc,,
3705,1310,filterLoc,,
3705,1313,filterLoc,,
3705,1316,filterLoc,,
3705,1319,filterLoc,,
3705,1322,filterLoc,,
3705,1325,filterLoc,,
3705,1328,filterLoc,,
3705,1331,filterLoc,,
3705,1334,filterLoc,,
3705,1337,filterLoc,,
3705,1340,filterLoc,,
3705,1343,filterLoc,,
3705,1346,filterLoc,,
3705,1349,filterLoc,,
3705,1352,filterLoc,,
3705,1355,filterLoc,,
3705,1358,filterLoc,,
3705,1361,filterLoc,,
3705,1364,filterLoc,,
3705,1367,filterLoc,,
3705,1370,filterLoc,,
3705,1373,filterLoc,,
3705,1376,filterLoc,,;Evacuee;201;in triage category;G;is leaving helicopter;1
3705,1379,filterLoc,,
3705,1382,filterLoc,,;Evacuee;202;in triage category;G;is leaving helicopter;1
3705,1385,filterLoc,,
3705,1388,filterLoc,,
3705,1391,filterLoc,,
3705,1394,filterLoc,,
3705,1397,filterLoc,,
3705,1400,filterLoc,,
3705,1403,filterLoc,,
3705,1406,filterLoc,,
3705,1409,filterLoc,,
3705,1412,filterLoc,,
3705,1415,filterLoc,,
3705,1418,filterLoc,,
3705,1421,filterLoc,,
3705,1424,filterLoc,,
3705,1427,filterLoc,,
3705,1430,filterLoc,,
3705,1433,filterLoc,,
3705,1436,filterLoc,,
3705,1439,filterLoc,,
3705,1442,filterLoc,,
3705,1445,filterLoc,,
3705,1448,filterLoc,,
3705,1451,filterLoc,,
3705,1454,filterLoc,,
3705,1457,filterLoc,,
3705,1460,filterLoc,,
3705,1463,filterLoc,,
3705,1466,filterLoc,,
3705,1469,filterLoc,,
3705,1472,filterLoc,,
3705,1475,filterLoc,,
3705,1478,filterLoc,,
3705,1481,filterLoc,,
3705,1484,filterLoc,,
3705,1487,filterLoc,,
3705,1490,filterLoc,,
3705,1493,filterLoc,,
3705,1496,filterLoc,,
3705,1499,filterLoc,,
3705,1502,filterLoc,,
3705,1505,filterLoc,,
3705,1508,filterLoc,,
3705,1511,filterLoc,,
3705,1514,filterLoc,,;Evacuee;210;in triage category;G;is leaving helicopter;1
3705,1517,filterLoc,,
3705,486,filterLoc,out,Evacuee 192 in triage category G is not assigned a helicopter
3705,486,filterLoc,,
3705,487,evacuee,,Evacuee;192;in triage state;G;is entering the FOL
3705,537,filterLoc,out,Evacuee 188 in triage category G is not assigned a helicopter
3705,537,filterLoc,,
3705,538,evacuee,,Evacuee;188;in triage state;G;is entering the FOL
3705,744,filterLoc,out,Evacuee 218 in triage category G is not assigned a helicopter
3705,744,filterLoc,,
3705,745,evacuee,,Evacuee;218;in triage state;G;is entering the FOL
3705,960,filterLoc,out,Evacuee 209 in triage category G is not assigned a helicopter
3705,960,filterLoc,,
3705,961,evacuee,,Evacuee;209;in triage state;G;is entering the FOL
3705,1017,filterLoc,out,Evacuee 200 in triage category G is not assigned a helicopter
3705,1017,filterLoc,,
3705,1018,evacuee,,Evacuee;200;in triage state;G;is entering the FOL
3705,1083,filterLoc,out,Evacuee 212 in triage category G is not assigned a helicopter
3705,1083,filterLoc,,
3705,1084,evacuee,,Evacuee;212;in triage state;G;is entering the FOL
3705,1166,filterLoc,out,Evacuee 190 in triage category G is not assigned a helicopter
3705,1166,filterLoc,,
3705,1167,evacuee,,Evacuee;190;in triage state;G;is entering the FOL
3705,1376,filterLoc,out,Evacuee 201 in triage category G is not assigned a helicopter
3705,1376,filterLoc,,
3705,1377,evacuee,,Evacuee;201;in triage state;G;is entering the FOL
3705,1382,filterLoc,out,Evacuee 202 in triage category G is not assigned a helicopter
3705,1382,filterLoc,,
3705,1383,evacuee,,Evacuee;202;in triage state;G;is entering the FOL
3705,1514,filterLoc,out,Evacuee 210 in triage category G is not assigned a helicopter
3705,1514,filterLoc,,
3705,1515,evacuee,,Evacuee;210;in triage state;G;is entering the FOL
3705,223,FOL,,;EvacueeID;2;Triage Status;G;EvacueeID;4;Triage Status;G;EvacueeID;9;Triage Status;G;EvacueeID;11;Triage Status;G;EvacueeID;13;Triage Status;G;EvacueeID;14;Triage Status;G;EvacueeID;18;Triage Status;G;EvacueeID;22;Triage Status;G;EvacueeID;23;Triage Status;G;EvacueeID;24;Triage Status;G;EvacueeID;25;Triage Status;G;EvacueeID;29;Triage Status;G;EvacueeID;32;Triage Status;G;EvacueeID;33;Triage Status;G;EvacueeID;34;Triage Status;G;EvacueeID;37;Triage Status;G;EvacueeID;44;Triage Status;G;EvacueeID;45;Triage Status;G;EvacueeID;48;Triage Status;G;EvacueeID;49;Triage Status;G;EvacueeID;50;Triage Status;G;EvacueeID;55;Triage Status;G;EvacueeID;58;Triage Status;G;EvacueeID;60;Triage Status;G;EvacueeID;65;Triage Status;G;EvacueeID;67;Triage Status;G;EvacueeID;71;Triage Status;G;EvacueeID;74;Triage Status;G;EvacueeID;75;Triage Status;G;EvacueeID;76;Triage Status;G;EvacueeID;81;Triage Status;G;EvacueeID;83;Triage Status;G;EvacueeID;85;Triage Status;G;EvacueeID;90;Triage Status;G;EvacueeID;92;Triage Status;G;EvacueeID;93;Triage Status;G;EvacueeID;104;Triage Status;G;EvacueeID;105;Triage Status;G;EvacueeID;106;Triage Status;G;EvacueeID;117;Triage Status;G;EvacueeID;121;Triage Status;G;EvacueeID;123;Triage Status;G;EvacueeID;127;Triage Status;G;EvacueeID;136;Triage Status;G;EvacueeID;144;Triage Status;G;EvacueeID;148;Triage Status;G;EvacueeID;152;Triage Status;G;EvacueeID;153;Triage Status;G;EvacueeID;158;Triage Status;G;EvacueeID;159;Triage Status;G;EvacueeID;161;Triage Status;G;EvacueeID;164;Triage Status;G;EvacueeID;165;Triage Status;G;EvacueeID;169;Triage Status;G;EvacueeID;170;Triage Status;G;EvacueeID;171;Triage Status;G;EvacueeID;174;Triage Status;G;EvacueeID;177;Triage Status;G;EvacueeID;181;Triage Status;G;EvacueeID;187;Triage Status;G;EvacueeID;188;Triage Status;G;EvacueeID;190;Triage Status;G;EvacueeID;192;Triage Status;G;EvacueeID;200;Triage Status;G;EvacueeID;201;Triage Status;G;EvacueeID;202;Triage Status;G;EvacueeID;209;Triage Status;G;EvacueeID;210;Triage Status;G;EvacueeID;212;Triage Status;G;EvacueeID;218;Triage Status;G;Lives Saved;70
3705,487,evacuee,outFOL,Evacuee 192 in triage category G is not assigned a helicopter
3705,487,evacuee,,Evacuee;192;in triage state;G;is at the FOL
3705,538,evacuee,outFOL,Evacuee 188 in triage category G is not assigned a helicopter
3705,538,evacuee,,Evacuee;188;in triage state;G;is at the FOL
3705,745,evacuee,outFOL,Evacuee 218 in triage category G is not assigned a helicopter
3705,745,evacuee,,Evacuee;218;in triage state;G;is at the FOL
3705,961,evacuee,outFOL,Evacuee 209 in triage category G is not assigned a helicopter
3705,961,evacuee,,Evacuee;209;in triage state;G;is at the FOL
3705,1018,evacuee,outFOL,Evacuee 200 in triage category G is not assigned a helicopter
3705,1018,evacuee,,Evacuee;200;in triage state;G;is at the FOL
3705,1084,evacuee,outFOL,Evacuee 212 in triage category G is not assigned a helicopter
3705,1084,evacuee,,Evacuee;212;in triage state;G;is at the FOL
3705,1167,evacuee,outFOL,Evacuee 190 in triage category G is not assigned a helicopter
3705,1167,evacuee,,Evacuee;190;in triage state;G;is at the FOL
3705,1377,evacuee,outFOL,Evacuee 201 in triage category G is not assigned a helicopter
3705,1377,evacuee,,Evacuee;201;in triage state;G;is at the FOL
3705,1383,evacuee,outFOL,Evacuee 202 in triage category G is not assigned a helicopter
3705,1383,evacuee,,Evacuee;202;in triage state;G;is at the FOL
3705,1515,evacuee,outFOL,Evacuee 210 in triage category G is not assigned a helicopter
3705,1515,evacuee,,Evacuee;210;in triage state;G;is at the FOL
3705,223,FOL,,;EvacueeID;2;Triage Status;G;EvacueeID;4;Triage Status;G;EvacueeID;9;Triage Status;G;EvacueeID;11;Triage Status;G;EvacueeID;13;Triage Status;G;EvacueeID;14;Triage Status;G;EvacueeID;18;Triage Status;G;EvacueeID;22;Triage Status;G;EvacueeID;23;Triage Status;G;EvacueeID;24;Triage Status;G;EvacueeID;25;Triage Status;G;EvacueeID;29;Triage Status;G;EvacueeID;32;Triage Status;G;EvacueeID;33;Triage Status;G;EvacueeID;34;Triage Status;G;EvacueeID;37;Triage Status;G;EvacueeID;44;Triage Status;G;EvacueeID;45;Triage Status;G;EvacueeID;48;Triage Status;G;EvacueeID;49;Triage Status;G;EvacueeID;50;Triage Status;G;EvacueeID;55;Triage Status;G;EvacueeID;58;Triage Status;G;EvacueeID;60;Triage Status;G;EvacueeID;65;Triage Status;G;EvacueeID;67;Triage Status;G;EvacueeID;71;Triage Status;G;EvacueeID;74;Triage Status;G;EvacueeID;75;Triage Status;G;EvacueeID;76;Triage Status;G;EvacueeID;81;Triage Status;G;EvacueeID;83;Triage Status;G;EvacueeID;85;Triage Status;G;EvacueeID;90;Triage Status;G;EvacueeID;92;Triage Status;G;EvacueeID;93;Triage Status;G;EvacueeID;104;Triage Status;G;EvacueeID;105;Triage Status;G;EvacueeID;106;Triage Status;G;EvacueeID;117;Triage Status;G;EvacueeID;121;Triage Status;G;EvacueeID;123;Triage Status;G;EvacueeID;127;Triage Status;G;EvacueeID;136;Triage Status;G;EvacueeID;144;Triage Status;G;EvacueeID;148;Triage Status;G;EvacueeID;152;Triage Status;G;EvacueeID;153;Triage Status;G;EvacueeID;158;Triage Status;G;EvacueeID;159;Triage Status;G;EvacueeID;161;Triage Status;G;EvacueeID;164;Triage Status;G;EvacueeID;165;Triage Status;G;EvacueeID;169;Triage Status;G;EvacueeID;170;Triage Status;G;EvacueeID;171;Triage Status;G;EvacueeID;174;Triage Status;G;EvacueeID;177;Triage Status;G;EvacueeID;181;Triage Status;G;EvacueeID;187;Triage Status;G;EvacueeID;188;Triage Status;G;EvacueeID;190;Triage Status;G;EvacueeID;192;Triage Status;G;EvacueeID;200;Triage Status;G;EvacueeID;201;Triage Status;G;EvacueeID;202;Triage Status;G;EvacueeID;209;Triage Status;G;EvacueeID;210;Triage Status;G;EvacueeID;212;Triage Status;G;EvacueeID;218;Triage Status;G;Lives Saved;70
3713.43,3,evacueeManager,,OFF SHIP: White;0;Green;57;Yellow;18;Red;2;Black;333;ON SHIP: White;0;Green;0;Yellow;0;Red;0;Evacuees to Transfer;
3713.43,250,evacuee,outES,Evacuee 354 in triage category G is not assigned a helicopter
3713.43,250,evacuee,,Evacuee;354;in triage state;Y;is at the evacuation site
3720,1161,helicopter,,Helicopter;1;Is going to the evacuation site;;and has;0;spots taken
3727.64,3,evacueeManager,,OFF SHIP: White;0;Green;56;Yellow;19;Red;2;Black;333;ON SHIP: White;0;Green;0;Yellow;0;Red;0;Evacuees to Transfer;
3727.64,192,evacuee,outES,Evacuee 382 in triage category G is not assigned a helicopter
3727.64,192,evacuee,,Evacuee;382;in triage state;Y;is at the evacuation site
3728.13,3,evacueeManager,,OFF SHIP: White;0;Green;56;Yellow;18;Red;3;Black;333;ON SHIP: White;0;Green;0;Yellow;0;Red;0;Evacuees to Transfer;
3728.13,74,evacuee,outES,Evacuee 458 in triage category Y is not assigned a helicopter
3728.13,74,evacuee,,Evacuee;458;in triage state;R;is at the evacuation site
3737.56,3,evacueeManager,,OFF SHIP: White;0;Green;56;Yellow;18;Red;2;Black;334;ON SHIP: White;0;Green;0;Yellow;0;Red;0;Evacuees to Transfer;
3737.56,74,evacuee,outES,Evacuee 458 in triage category R is not assigned a helicopter
3737.56,74,evacuee,,Evacuee;458;in triage state;B;is at the evacuation site
3752.15,3,evacueeManager,,OFF SHIP: White;0;Green;56;Yellow;18;Red;1;Black;335;ON SHIP: White;0;Green;0;Yellow;0;Red;0;Evacuees to Transfer;
3752.15,47,evacuee,outES,Evacuee 475 in triage category R is not assigned a helicopter
3752.15,47,evacuee,,Evacuee;475;in triage state;B;is at the evacuation site
3753.06,3,evacueeManager,,OFF SHIP: White;0;Green;56;Yellow;18;Red;0;Black;336;ON SHIP: White;0;Green;0;Yellow;0;Red;0;Evacuees to Transfer;
3753.06,1224,evacuee,outES,Evacuee 151 in triage category R is not assigned a helicopter
3753.06,1224,evacuee,,Evacuee;151;in triage state;B;is at the evacuation site
3763.77,3,evacueeManager,,OFF SHIP: White;0;Green;55;Yellow;19;Red;0;Black;336;ON SHIP: White;0;Green;0;Yellow;0;Red;0;Evacuees to Transfer;
3763.77,1506,evacuee,outES,Evacuee 298 in triage category G is not assigned a helicopter
3763.77,1506,evacuee,,Evacuee;298;in triage state;Y;is at the evacuation site
3765,7,filterLoc,,
3765,10,filterLoc,,
3765,13,filterLoc,,
3765,16,filterLoc,,
3765,19,filterLoc,,
3765,22,filterLoc,,
3765,25,filterLoc,,
3765,28,filterLoc,,
3765,31,filterLoc,,
3765,34,filterLoc,,
3765,37,filterLoc,,
3765,40,filterLoc,,
3765,43,filterLoc,,
3765,46,filterLoc,,
3765,49,filterLoc,,
3765,52,filterLoc,,
3765,55,filterLoc,,
3765,58,filterLoc,,
3765,61,filterLoc,,
3765,64,filterLoc,,
3765,67,filterLoc,,
3765,70,filterLoc,,
3765,73,filterLoc,,
3765,76,filterLoc,,
3765,79,filterLoc,,
3765,82,filterLoc,,
3765,85,filterLoc,,
3765,88,filterLoc,,
3765,91,filterLoc,,
3765,94,filterLoc,,
3765,97,filterLoc,,
3765,100,filterLoc,,
3765,107,filterLoc,,
3765,110,filterLoc,,
3765,113,filterLoc,,
3765,116,filterLoc,,
3765,119,filterLoc,,
3765,122,filterLoc,,
3765,125,filterLoc,,
3765,128,filterLoc,,
3765,131,filterLoc,,
3765,134,filterLoc,,
3765,137,filterLoc,,
3765,140,filterLoc,,
3765,143,filterLoc,,
3765,146,filterLoc,,
3765,149,filterLoc,,
3765,152,filterLoc,,
3765,155,filterLoc,,
3765,158,filterLoc,,
3765,161,filterLoc,,
3765,164,filterLoc,,
3765,167,filterLoc,,
3765,170,filterLoc,,
3765,173,filterLoc,,
3765,176,filterLoc,,
3765,179,filterLoc,,
3765,182,filterLoc,,
3765,185,filterLoc,,
3765,188,filterLoc,,
3765,191,filterLoc,,
3765,194,filterLoc,,
3765,197,filterLoc,,
3765,200,filterLoc,,
3765,203,filterLoc,,
3765,206,filterLoc,,
3765,209,filterLoc,,
3765,212,filterLoc,,
3765,215,filterLoc,,
3765,218,filterLoc,,
3765,221,filterLoc,,
3765,225,filterLoc,,
3765,228,filterLoc,,
3765,231,filterLoc,,
3765,234,filterLoc,,
3765,237,filterLoc,,
3765,240,filterLoc,,
3765,243,filterLoc,,
3765,246,filterLoc,,
3765,249,filterLoc,,
3765,252,filterLoc,,
3765,255,filterLoc,,
3765,258,filterLoc,,
3765,261,filterLoc,,
3765,264,filterLoc,,
3765,267,filterLoc,,
3765,270,filterLoc,,
3765,273,filterLoc,,
3765,276,filterLoc,,
3765,279,filterLoc,,
3765,282,filterLoc,,
3765,285,filterLoc,,
3765,288,filterLoc,,
3765,291,filterLoc,,
3765,294,filterLoc,,
3765,297,filterLoc,,
3765,300,filterLoc,,
3765,303,filterLoc,,
3765,306,filterLoc,,
3765,309,filterLoc,,
3765,312,filterLoc,,
3765,315,filterLoc,,
3765,318,filterLoc,,
3765,321,filterLoc,,
3765,324,filterLoc,,
3765,327,filterLoc,,
3765,330,filterLoc,,
3765,333,filterLoc,,
3765,336,filterLoc,,
3765,339,filterLoc,,
3765,342,filterLoc,,
3765,345,filterLoc,,
3765,348,filterLoc,,
3765,351,filterLoc,,
3765,354,filterLoc,,
3765,357,filterLoc,,
3765,360,filterLoc,,
3765,363,filterLoc,,
3765,366,filterLoc,,
3765,369,filterLoc,,
3765,372,filterLoc,,
3765,375,filterLoc,,
3765,378,filterLoc,,
3765,381,filterLoc,,
3765,384,filterLoc,,
3765,387,filterLoc,,
3765,390,filterLoc,,
3765,393,filterLoc,,
3765,396,filterLoc,,
3765,399,filterLoc,,
3765,402,filterLoc,,
3765,405,filterLoc,,
3765,408,filterLoc,,
3765,411,filterLoc,,
3765,414,filterLoc,,
3765,417,filterLoc,,
3765,420,filterLoc,,
3765,423,filterLoc,,
3765,426,filterLoc,,
3765,429,filterLoc,,
3765,432,filterLoc,,
3765,435,filterLoc,,
3765,438,filterLoc,,
3765,441,filterLoc,,
3765,444,filterLoc,,
3765,447,filterLoc,,
3765,450,filterLoc,,
3765,453,filterLoc,,
3765,456,filterLoc,,
3765,459,filterLoc,,
3765,462,filterLoc,,
3765,465,filterLoc,,
3765,468,filterLoc,,
3765,471,filterLoc,,
3765,474,filterLoc,,
3765,477,filterLoc,,
3765,480,filterLoc,,
3765,483,filterLoc,,
3765,486,filterLoc,,
3765,489,filterLoc,,
3765,492,filterLoc,,;Evacuee;245;in triage category;G;is leaving helicopter;2
3765,495,filterLoc,,
3765,498,filterLoc,,
3765,501,filterLoc,,
3765,504,filterLoc,,
3765,507,filterLoc,,
3765,510,filterLoc,,
3765,513,filterLoc,,
3765,516,filterLoc,,
3765,519,filterLoc,,
3765,522,filterLoc,,
3765,525,filterLoc,,
3765,528,filterLoc,,
3765,531,filterLoc,,
3765,534,filterLoc,,
3765,537,filterLoc,,
3765,540,filterLoc,,
3765,543,filterLoc,,
3765,546,filterLoc,,
3765,549,filterLoc,,;Evacuee;235;in triage category;G;is leaving helicopter;2
3765,552,filterLoc,,
3765,555,filterLoc,,
3765,558,filterLoc,,
3765,561,filterLoc,,
3765,564,filterLoc,,
3765,567,filterLoc,,
3765,570,filterLoc,,
3765,573,filterLoc,,
3765,576,filterLoc,,
3765,579,filterLoc,,
3765,582,filterLoc,,
3765,585,filterLoc,,
3765,588,filterLoc,,
3765,591,filterLoc,,
3765,594,filterLoc,,
3765,597,filterLoc,,
3765,600,filterLoc,,
3765,603,filterLoc,,
3765,606,filterLoc,,
3765,609,filterLoc,,
3765,612,filterLoc,,
3765,615,filterLoc,,
3765,618,filterLoc,,
3765,621,filterLoc,,
3765,624,filterLoc,,
3765,627,filterLoc,,
3765,630,filterLoc,,
3765,633,filterLoc,,
3765,636,filterLoc,,
3765,639,filterLoc,,
3765,642,filterLoc,,
3765,645,filterLoc,,
3765,648,filterLoc,,
3765,651,filterLoc,,
3765,654,filterLoc,,
3765,657,filterLoc,,
3765,660,filterLoc,,
3765,663,filterLoc,,
3765,666,filterLoc,,
3765,669,filterLoc,,
3765,672,filterLoc,,
3765,675,filterLoc,,
3765,678,filterLoc,,
3765,681,filterLoc,,
3765,684,filterLoc,,
3765,687,filterLoc,,
3765,690,filterLoc,,
3765,693,filterLoc,,
3765,696,filterLoc,,
3765,699,filterLoc,,
3765,702,filterLoc,,
3765,705,filterLoc,,
3765,708,filterLoc,,
3765,711,filterLoc,,
3765,714,filterLoc,,
3765,717,filterLoc,,
3765,720,filterLoc,,
3765,723,filterLoc,,
3765,726,filterLoc,,
3765,729,filterLoc,,
3765,732,filterLoc,,
3765,735,filterLoc,,
3765,738,filterLoc,,
3765,741,filterLoc,,
3765,744,filterLoc,,
3765,747,filterLoc,,
3765,750,filterLoc,,
3765,753,filterLoc,,
3765,756,filterLoc,,
3765,759,filterLoc,,
3765,762,filterLoc,,
3765,765,filterLoc,,
3765,768,filterLoc,,
3765,771,filterLoc,,
3765,774,filterLoc,,
3765,777,filterLoc,,
3765,780,filterLoc,,
3765,783,filterLoc,,
3765,786,filterLoc,,
3765,789,filterLoc,,
3765,792,filterLoc,,
3765,795,filterLoc,,
3765,798,filterLoc,,
3765,801,filterLoc,,
3765,804,filterLoc,,
3765,807,filterLoc,,
3765,810,filterLoc,,
3765,813,filterLoc,,
3765,816,filterLoc,,
3765,819,filterLoc,,
3765,822,filterLoc,,
3765,825,filterLoc,,
3765,828,filterLoc,,
3765,831,filterLoc,,
3765,834,filterLoc,,
3765,837,filterLoc,,
3765,840,filterLoc,,
3765,843,filterLoc,,
3765,846,filterLoc,,
3765,849,filterLoc,,
3765,852,filterLoc,,
3765,855,filterLoc,,
3765,858,filterLoc,,
3765,861,filterLoc,,
3765,864,filterLoc,,
3765,867,filterLoc,,
3765,870,filterLoc,,
3765,873,filterLoc,,
3765,876,filterLoc,,
3765,879,filterLoc,,
3765,882,filterLoc,,
3765,885,filterLoc,,;Evacuee;246;in triage category;G;is leaving helicopter;2
3765,888,filterLoc,,
3765,891,filterLoc,,
3765,894,filterLoc,,
3765,897,filterLoc,,
3765,900,filterLoc,,
3765,903,filterLoc,,
3765,906,filterLoc,,
3765,909,filterLoc,,
3765,912,filterLoc,,
3765,915,filterLoc,,
3765,918,filterLoc,,
3765,921,filterLoc,,
3765,924,filterLoc,,
3765,927,filterLoc,,
3765,930,filterLoc,,
3765,933,filterLoc,,
3765,936,filterLoc,,
3765,939,filterLoc,,
3765,942,filterLoc,,
3765,945,filterLoc,,
3765,948,filterLoc,,
3765,951,filterLoc,,
3765,954,filterLoc,,
3765,957,filterLoc,,
3765,960,filterLoc,,
3765,963,filterLoc,,
3765,966,filterLoc,,
3765,969,filterLoc,,
3765,972,filterLoc,,
3765,975,filterLoc,,
3765,978,filterLoc,,
3765,981,filterLoc,,
3765,984,filterLoc,,
3765,987,filterLoc,,
3765,990,filterLoc,,
3765,993,filterLoc,,
3765,996,filterLoc,,
3765,999,filterLoc,,
3765,1002,filterLoc,,
3765,1005,filterLoc,,
3765,1008,filterLoc,,
3765,1011,filterLoc,,
3765,1014,filterLoc,,
3765,1017,filterLoc,,
3765,1020,filterLoc,,;Evacuee;255;in triage category;G;is leaving helicopter;2
3765,1023,filterLoc,,
3765,1026,filterLoc,,
3765,1029,filterLoc,,
3765,1032,filterLoc,,
3765,1035,filterLoc,,
3765,1038,filterLoc,,
3765,1041,filterLoc,,
3765,1044,filterLoc,,
3765,1047,filterLoc,,
3765,1050,filterLoc,,
3765,1053,filterLoc,,
3765,1056,filterLoc,,
3765,1059,filterLoc,,
3765,1062,filterLoc,,
3765,1065,filterLoc,,
3765,1068,filterLoc,,
3765,1071,filterLoc,,
3765,1074,filterLoc,,
3765,1077,filterLoc,,
3765,1080,filterLoc,,
3765,1083,filterLoc,,
3765,1086,filterLoc,,
3765,1089,filterLoc,,
3765,1092,filterLoc,,
3765,1095,filterLoc,,
3765,1098,filterLoc,,
3765,1101,filterLoc,,
3765,1104,filterLoc,,
3765,1107,filterLoc,,
3765,1110,filterLoc,,
3765,1113,filterLoc,,
3765,1116,filterLoc,,
3765,1121,helicopter,outEvac,Evacuee 224 in triage category G is not assigned a helicopter
3765,1121,helicopter,outEvac,Evacuee 225 in triage category G is not assigned a helicopter
3765,1121,helicopter,outEvac,Evacuee 226 in triage category G is not assigned a helicopter
3765,1121,helicopter,outEvac,Evacuee 227 in triage category G is not assigned a helicopter
3765,1121,helicopter,outEvac,Evacuee 235 in triage category G is not assigned a helicopter
3765,1121,helicopter,outEvac,Evacuee 245 in triage category G is not assigned a helicopter
3765,1121,helicopter,outEvac,Evacuee 246 in triage category G is not assigned a helicopter
3765,1121,helicopter,outEvac,Evacuee 252 in triage category G is not assigned a helicopter
3765,1121,helicopter,outEvac,Evacuee 254 in triage category G is not assigned a helicopter
3765,1121,helicopter,outEvac,Evacuee 255 in triage category G is not assigned a helicopter
3765,1121,helicopter,,Helicopter;2;is unloading people at the FOL;;and has;0;spots taken
3765,1123,filterLoc,,
3765,1126,filterLoc,,
3765,1129,filterLoc,,
3765,1132,filterLoc,,
3765,1135,filterLoc,,
3765,1138,filterLoc,,
3765,1141,filterLoc,,
3765,1144,filterLoc,,
3765,1147,filterLoc,,
3765,1150,filterLoc,,
3765,1153,filterLoc,,
3765,1156,filterLoc,,
3765,1163,filterLoc,,
3765,1166,filterLoc,,
3765,1169,filterLoc,,
3765,1172,filterLoc,,
3765,1175,filterLoc,,
3765,1178,filterLoc,,
3765,1181,filterLoc,,
3765,1184,filterLoc,,
3765,1187,filterLoc,,
3765,1190,filterLoc,,
3765,1193,filterLoc,,
3765,1196,filterLoc,,
3765,1199,filterLoc,,
3765,1202,filterLoc,,
3765,1205,filterLoc,,
3765,1208,filterLoc,,
3765,1211,filterLoc,,
3765,1214,filterLoc,,
3765,1217,filterLoc,,
3765,1220,filterLoc,,
3765,1223,filterLoc,,
3765,1226,filterLoc,,
3765,1229,filterLoc,,
3765,1232,filterLoc,,
3765,1235,filterLoc,,
3765,1238,filterLoc,,
3765,1241,filterLoc,,
3765,1244,filterLoc,,
3765,1247,filterLoc,,
3765,1250,filterLoc,,
3765,1253,filterLoc,,
3765,1256,filterLoc,,
3765,1259,filterLoc,,
3765,1262,filterLoc,,
3765,1265,filterLoc,,
3765,1268,filterLoc,,
3765,1271,filterLoc,,
3765,1274,filterLoc,,
3765,1277,filterLoc,,
3765,1280,filterLoc,,
3765,1283,filterLoc,,
3765,1286,filterLoc,,
3765,1289,filterLoc,,
3765,1292,filterLoc,,
3765,1295,filterLoc,,
3765,1298,filterLoc,,
3765,1301,filterLoc,,
3765,1304,filterLoc,,
3765,1307,filterLoc,,
3765,1310,filterLoc,,
3765,1313,filterLoc,,
3765,1316,filterLoc,,
3765,1319,filterLoc,,
3765,1322,filterLoc,,
3765,1325,filterLoc,,
3765,1328,filterLoc,,
3765,1331,filterLoc,,
3765,1334,filterLoc,,
3765,1337,filterLoc,,
3765,1340,filterLoc,,
3765,1343,filterLoc,,
3765,1346,filterLoc,,
3765,1349,filterLoc,,
3765,1352,filterLoc,,
3765,1355,filterLoc,,
3765,1358,filterLoc,,
3765,1361,filterLoc,,
3765,1364,filterLoc,,
3765,1367,filterLoc,,
3765,1370,filterLoc,,;Evacuee;252;in triage category;G;is leaving helicopter;2
3765,1373,filterLoc,,
3765,1376,filterLoc,,
3765,1379,filterLoc,,
3765,1382,filterLoc,,
3765,1385,filterLoc,,
3765,1388,filterLoc,,
3765,1391,filterLoc,,
3765,1394,filterLoc,,
3765,1397,filterLoc,,
3765,1400,filterLoc,,
3765,1403,filterLoc,,
3765,1406,filterLoc,,
3765,1409,filterLoc,,
3765,1412,filterLoc,,
3765,1415,filterLoc,,
3765,1418,filterLoc,,
3765,1421,filterLoc,,
3765,1424,filterLoc,,
3765,1427,filterLoc,,
3765,1430,filterLoc,,
3765,1433,filterLoc,,
3765,1436,filterLoc,,;Evacuee;224;in triage category;G;is leaving helicopter;2
3765,1439,filterLoc,,
3765,1442,filterLoc,,;Evacuee;225;in triage category;G;is leaving helicopter;2
3765,1445,filterLoc,,
3765,1448,filterLoc,,;Evacuee;226;in triage category;G;is leaving helicopter;2
3765,1451,filterLoc,,
3765,1454,filterLoc,,;Evacuee;227;in triage category;G;is leaving helicopter;2
3765,1457,filterLoc,,
3765,1460,filterLoc,,
3765,1463,filterLoc,,
3765,1466,filterLoc,,
3765,1469,filterLoc,,
3765,1472,filterLoc,,
3765,1475,filterLoc,,
3765,1478,filterLoc,,
3765,1481,filterLoc,,
3765,1484,filterLoc,,
3765,1487,filterLoc,,
3765,1490,filterLoc,,
3765,1493,filterLoc,,
3765,1496,filterLoc,,
3765,1499,filterLoc,,
3765,1502,filterLoc,,
3765,1505,filterLoc,,
3765,1508,filterLoc,,;Evacuee;254;in triage category;G;is leaving helicopter;2
3765,1511,filterLoc,,
3765,1514,filterLoc,,
3765,1517,filterLoc,,
3765,492,filterLoc,out,Evacuee 245 in triage category G is not assigned a helicopter
3765,492,filterLoc,,
3765,493,evacuee,,Evacuee;245;in triage state;G;is entering the FOL
3765,549,filterLoc,out,Evacuee 235 in triage category G is not assigned a helicopter
3765,549,filterLoc,,
3765,550,evacuee,,Evacuee;235;in triage state;G;is entering the FOL
3765,885,filterLoc,out,Evacuee 246 in triage category G is not assigned a helicopter
3765,885,filterLoc,,
3765,886,evacuee,,Evacuee;246;in triage state;G;is entering the FOL
3765,1020,filterLoc,out,Evacuee 255 in triage category G is not assigned a helicopter
3765,1020,filterLoc,,
3765,1021,evacuee,,Evacuee;255;in triage state;G;is entering the FOL
3765,1370,filterLoc,out,Evacuee 252 in triage category G is not assigned a helicopter
3765,1370,filterLoc,,
3765,1371,evacuee,,Evacuee;252;in triage state;G;is entering the FOL
3765,1436,filterLoc,out,Evacuee 224 in triage category G is not assigned a helicopter
3765,1436,filterLoc,,
3765,1437,evacuee,,Evacuee;224;in triage state;G;is entering the FOL
3765,1442,filterLoc,out,Evacuee 225 in triage category G is not assigned a helicopter
3765,1442,filterLoc,,
3765,1443,evacuee,,Evacuee;225;in triage state;G;is entering the FOL
3765,1448,filterLoc,out,Evacuee 226 in triage category G is not assigned a helicopter
3765,1448,filterLoc,,
3765,1449,evacuee,,Evacuee;226;in triage state;G;is entering the FOL
3765,1454,filterLoc,out,Evacuee 227 in triage category G is not assigned a helicopter
3765,1454,filterLoc,,
3765,1455,evacuee,,Evacuee;227;in triage state;G;is entering the FOL
3765,1508,filterLoc,out,Evacuee 254 in triage category G is not assigned a helicopter
3765,1508,filterLoc,,
3765,1509,evacuee,,Evacuee;254;in triage state;G;is entering the FOL
3765,223,FOL,,;EvacueeID;2;Triage Status;G;EvacueeID;4;Triage Status;G;EvacueeID;9;Triage Status;G;EvacueeID;11;Triage Status;G;EvacueeID;13;Triage Status;G;EvacueeID;14;Triage Status;G;EvacueeID;18;Triage Status;G;EvacueeID;22;Triage Status;G;EvacueeID;23;Triage Status;G;EvacueeID;24;Triage Status;G;EvacueeID;25;Triage Status;G;EvacueeID;29;Triage Status;G;EvacueeID;32;Triage Status;G;EvacueeID;33;Triage Status;G;EvacueeID;34;Triage Status;G;EvacueeID;37;Triage Status;G;EvacueeID;44;Triage Status;G;EvacueeID;45;Triage Status;G;EvacueeID;48;Triage Status;G;EvacueeID;49;Triage Status;G;EvacueeID;50;Triage Status;G;EvacueeID;55;Triage Status;G;EvacueeID;58;Triage Status;G;EvacueeID;60;Triage Status;G;EvacueeID;65;Triage Status;G;EvacueeID;67;Triage Status;G;EvacueeID;71;Triage Status;G;EvacueeID;74;Triage Status;G;EvacueeID;75;Triage Status;G;EvacueeID;76;Triage Status;G;EvacueeID;81;Triage Status;G;EvacueeID;83;Triage Status;G;EvacueeID;85;Triage Status;G;EvacueeID;90;Triage Status;G;EvacueeID;92;Triage Status;G;EvacueeID;93;Triage Status;G;EvacueeID;104;Triage Status;G;EvacueeID;105;Triage Status;G;EvacueeID;106;Triage Status;G;EvacueeID;117;Triage Status;G;EvacueeID;121;Triage Status;G;EvacueeID;123;Triage Status;G;EvacueeID;127;Triage Status;G;EvacueeID;136;Triage Status;G;EvacueeID;144;Triage Status;G;EvacueeID;148;Triage Status;G;EvacueeID;152;Triage Status;G;EvacueeID;153;Triage Status;G;EvacueeID;158;Triage Status;G;EvacueeID;159;Triage Status;G;EvacueeID;161;Triage Status;G;EvacueeID;164;Triage Status;G;EvacueeID;165;Triage Status;G;EvacueeID;169;Triage Status;G;EvacueeID;170;Triage Status;G;EvacueeID;171;Triage Status;G;EvacueeID;174;Triage Status;G;EvacueeID;177;Triage Status;G;EvacueeID;181;Triage Status;G;EvacueeID;187;Triage Status;G;EvacueeID;188;Triage Status;G;EvacueeID;190;Triage Status;G;EvacueeID;192;Triage Status;G;EvacueeID;200;Triage Status;G;EvacueeID;201;Triage Status;G;EvacueeID;202;Triage Status;G;EvacueeID;209;Triage Status;G;EvacueeID;210;Triage Status;G;EvacueeID;212;Triage Status;G;EvacueeID;218;Triage Status;G;EvacueeID;224;Triage Status;G;EvacueeID;225;Triage Status;G;EvacueeID;226;Triage Status;G;EvacueeID;227;Triage Status;G;EvacueeID;235;Triage Status;G;EvacueeID;245;Triage Status;G;EvacueeID;246;Triage Status;G;EvacueeID;252;Triage Status;G;EvacueeID;254;Triage Status;G;EvacueeID;255;Triage Status;G;Lives Saved;80
3765,493,evacuee,outFOL,Evacuee 245 in triage category G is not assigned a helicopter
3765,493,evacuee,,Evacuee;245;in triage state;G;is at the FOL
3765,550,evacuee,outFOL,Evacuee 235 in triage category G is not assigned a helicopter
3765,550,evacuee,,Evacuee;235;in triage state;G;is at the FOL
3765,886,evacuee,outFOL,Evacuee 246 in triage category G is not assigned a helicopter
3765,886,evacuee,,Evacuee;246;in triage state;G;is at the FOL
3765,1021,evacuee,outFOL,Evacuee 255 in triage category G is not assigned a helicopter
3765,1021,evacuee,,Evacuee;255;in triage state;G;is at the FOL
3765,1371,evacuee,outFOL,Evacuee 252 in triage category G is not assigned a helicopter
3765,1371,evacuee,,Evacuee;252;in triage state;G;is at the FOL
3765,1437,evacuee,outFOL,Evacuee 224 in triage category G is not assigned a helicopter
3765,1437,evacuee,,Evacuee;224;in triage state;G;is at the FOL
3765,1443,evacuee,outFOL,Evacuee 225 in triage category G is not assigned a helicopter
3765,1443,evacuee,,Evacuee;225;in triage state;G;is at the FOL
3765,1449,evacuee,outFOL,Evacuee 226 in triage category G is not assigned a helicopter
3765,1449,evacuee,,Evacuee;226;in triage state;G;is at the FOL
3765,1455,evacuee,outFOL,Evacuee 227 in triage category G is not assigned a helicopter
3765,1455,evacuee,,Evacuee;227;in triage state;G;is at the FOL
3765,1509,evacuee,outFOL,Evacuee 254 in triage category G is not assigned a helicopter
3765,1509,evacuee,,Evacuee;254;in triage state;G;is at the FOL
3765,223,FOL,,;EvacueeID;2;Triage Status;G;EvacueeID;4;Triage Status;G;EvacueeID;9;Triage Status;G;EvacueeID;11;Triage Status;G;EvacueeID;13;Triage Status;G;EvacueeID;14;Triage Status;G;EvacueeID;18;Triage Status;G;EvacueeID;22;Triage Status;G;EvacueeID;23;Triage Status;G;EvacueeID;24;Triage Status;G;EvacueeID;25;Triage Status;G;EvacueeID;29;Triage Status;G;EvacueeID;32;Triage Status;G;EvacueeID;33;Triage Status;G;EvacueeID;34;Triage Status;G;EvacueeID;37;Triage Status;G;EvacueeID;44;Triage Status;G;EvacueeID;45;Triage Status;G;EvacueeID;48;Triage Status;G;EvacueeID;49;Triage Status;G;EvacueeID;50;Triage Status;G;EvacueeID;55;Triage Status;G;EvacueeID;58;Triage Status;G;EvacueeID;60;Triage Status;G;EvacueeID;65;Triage Status;G;EvacueeID;67;Triage Status;G;EvacueeID;71;Triage Status;G;EvacueeID;74;Triage Status;G;EvacueeID;75;Triage Status;G;EvacueeID;76;Triage Status;G;EvacueeID;81;Triage Status;G;EvacueeID;83;Triage Status;G;EvacueeID;85;Triage Status;G;EvacueeID;90;Triage Status;G;EvacueeID;92;Triage Status;G;EvacueeID;93;Triage Status;G;EvacueeID;104;Triage Status;G;EvacueeID;105;Triage Status;G;EvacueeID;106;Triage Status;G;EvacueeID;117;Triage Status;G;EvacueeID;121;Triage Status;G;EvacueeID;123;Triage Status;G;EvacueeID;127;Triage Status;G;EvacueeID;136;Triage Status;G;EvacueeID;144;Triage Status;G;EvacueeID;148;Triage Status;G;EvacueeID;152;Triage Status;G;EvacueeID;153;Triage Status;G;EvacueeID;158;Triage Status;G;EvacueeID;159;Triage Status;G;EvacueeID;161;Triage Status;G;EvacueeID;164;Triage Status;G;EvacueeID;165;Triage Status;G;EvacueeID;169;Triage Status;G;EvacueeID;170;Triage Status;G;EvacueeID;171;Triage Status;G;EvacueeID;174;Triage Status;G;EvacueeID;177;Triage Status;G;EvacueeID;181;Triage Status;G;EvacueeID;187;Triage Status;G;EvacueeID;188;Triage Status;G;EvacueeID;190;Triage Status;G;EvacueeID;192;Triage Status;G;EvacueeID;200;Triage Status;G;EvacueeID;201;Triage Status;G;EvacueeID;202;Triage Status;G;EvacueeID;209;Triage Status;G;EvacueeID;210;Triage Status;G;EvacueeID;212;Triage Status;G;EvacueeID;218;Triage Status;G;EvacueeID;224;Triage Status;G;EvacueeID;225;Triage Status;G;EvacueeID;226;Triage Status;G;EvacueeID;227;Triage Status;G;EvacueeID;235;Triage Status;G;EvacueeID;245;Triage Status;G;EvacueeID;246;Triage Status;G;EvacueeID;252;Triage Status;G;EvacueeID;254;Triage Status;G;EvacueeID;255;Triage Status;G;Lives Saved;80
3778.02,3,evacueeManager,,OFF SHIP: White;0;Green;54;Yellow;20;Red;0;Black;336;ON SHIP: White;0;Green;0;Yellow;0;Red;0;Evacuees to Transfer;
3778.02,421,evacuee,outES,Evacuee 315 in triage category G is not assigned a helicopter
3778.02,421,evacuee,,Evacuee;315;in triage state;Y;is at the evacuation site
3779.33,3,evacueeManager,,OFF SHIP: White;0;Green;54;Yellow;19;Red;1;Black;336;ON SHIP: White;0;Green;0;Yellow;0;Red;0;Evacuees to Transfer;
3779.33,946,evacuee,outES,Evacuee 241 in triage category Y is not assigned a helicopter
3779.33,946,evacuee,,Evacuee;241;in triage state;R;is at the evacuation site
3780,1121,helicopter,,Helicopter;2;Is going to the evacuation site;;and has;0;spots taken
3810.12,3,evacueeManager,,OFF SHIP: White;0;Green;54;Yellow;18;Red;2;Black;336;ON SHIP: White;0;Green;0;Yellow;0;Red;0;Evacuees to Transfer;
3810.12,307,evacuee,outES,Evacuee 365 in triage category Y is not assigned a helicopter
3810.12,307,evacuee,,Evacuee;365;in triage state;R;is at the evacuation site
3825,7,filterLoc,,
3825,10,filterLoc,,
3825,13,filterLoc,,
3825,16,filterLoc,,
3825,19,filterLoc,,
3825,22,filterLoc,,
3825,25,filterLoc,,
3825,28,filterLoc,,
3825,31,filterLoc,,
3825,34,filterLoc,,
3825,37,filterLoc,,
3825,40,filterLoc,,
3825,43,filterLoc,,
3825,46,filterLoc,,
3825,49,filterLoc,,
3825,52,filterLoc,,
3825,55,filterLoc,,
3825,58,filterLoc,,
3825,61,filterLoc,,
3825,64,filterLoc,,
3825,67,filterLoc,,
3825,70,filterLoc,,
3825,73,filterLoc,,
3825,76,filterLoc,,
3825,79,filterLoc,,
3825,82,filterLoc,,
3825,85,filterLoc,,
3825,88,filterLoc,,
3825,91,filterLoc,,
3825,94,filterLoc,,
3825,97,filterLoc,,
3825,100,filterLoc,,
3825,105,helicopter,outEvac,Evacuee 257 in triage category G is not assigned a helicopter
3825,105,helicopter,outEvac,Evacuee 258 in triage category G is not assigned a helicopter
3825,105,helicopter,outEvac,Evacuee 263 in triage category G is not assigned a helicopter
3825,105,helicopter,outEvac,Evacuee 271 in triage category G is not assigned a helicopter
3825,105,helicopter,outEvac,Evacuee 272 in triage category G is not assigned a helicopter
3825,105,helicopter,outEvac,Evacuee 273 in triage category G is not assigned a helicopter
3825,105,helicopter,outEvac,Evacuee 274 in triage category G is not assigned a helicopter
3825,105,helicopter,outEvac,Evacuee 290 in triage category G is not assigned a helicopter
3825,105,helicopter,outEvac,Evacuee 291 in triage category G is not assigned a helicopter
3825,105,helicopter,outEvac,Evacuee 292 in triage category G is not assigned a helicopter
3825,105,helicopter,,Helicopter;3;is unloading people at the FOL;;and has;0;spots taken
3825,107,filterLoc,,
3825,110,filterLoc,,
3825,113,filterLoc,,
3825,116,filterLoc,,
3825,119,filterLoc,,
3825,122,filterLoc,,
3825,125,filterLoc,,
3825,128,filterLoc,,
3825,131,filterLoc,,
3825,134,filterLoc,,
3825,137,filterLoc,,
3825,140,filterLoc,,
3825,143,filterLoc,,
3825,146,filterLoc,,
3825,149,filterLoc,,
3825,152,filterLoc,,
3825,155,filterLoc,,
3825,158,filterLoc,,
3825,161,filterLoc,,
3825,164,filterLoc,,
3825,167,filterLoc,,
3825,170,filterLoc,,
3825,173,filterLoc,,
3825,176,filterLoc,,
3825,179,filterLoc,,
3825,182,filterLoc,,
3825,185,filterLoc,,
3825,188,filterLoc,,
3825,191,filterLoc,,
3825,194,filterLoc,,
3825,197,filterLoc,,
3825,200,filterLoc,,
3825,203,filterLoc,,
3825,206,filterLoc,,
3825,209,filterLoc,,
3825,212,filterLoc,,
3825,215,filterLoc,,
3825,218,filterLoc,,
3825,221,filterLoc,,
3825,225,filterLoc,,
3825,228,filterLoc,,
3825,231,filterLoc,,
3825,234,filterLoc,,
3825,237,filterLoc,,
3825,240,filterLoc,,
3825,243,filterLoc,,
3825,246,filterLoc,,
3825,249,filterLoc,,
3825,252,filterLoc,,
3825,255,filterLoc,,
3825,258,filterLoc,,
3825,261,filterLoc,,
3825,264,filterLoc,,
3825,267,filterLoc,,
3825,270,filterLoc,,
3825,273,filterLoc,,
3825,276,filterLoc,,
3825,279,filterLoc,,
3825,282,filterLoc,,
3825,285,filterLoc,,
3825,288,filterLoc,,
3825,291,filterLoc,,
3825,294,filterLoc,,
3825,297,filterLoc,,
3825,300,filterLoc,,
3825,303,filterLoc,,
3825,306,filterLoc,,
3825,309,filterLoc,,
3825,312,filterLoc,,
3825,315,filterLoc,,
3825,318,filterLoc,,
3825,321,filterLoc,,
3825,324,filterLoc,,
3825,327,filterLoc,,
3825,330,filterLoc,,
3825,333,filterLoc,,
3825,336,filterLoc,,
3825,339,filterLoc,,
3825,342,filterLoc,,
3825,345,filterLoc,,
3825,348,filterLoc,,
3825,351,filterLoc,,
3825,354,filterLoc,,
3825,357,filterLoc,,
3825,360,filterLoc,,
3825,363,filterLoc,,
3825,366,filterLoc,,
3825,369,filterLoc,,;Evacuee;292;in triage category;G;is leaving helicopter;3
3825,372,filterLoc,,;Evacuee;291;in triage category;G;is leaving helicopter;3
3825,375,filterLoc,,;Evacuee;290;in triage category;G;is leaving helicopter;3
3825,378,filterLoc,,
3825,381,filterLoc,,
3825,384,filterLoc,,
3825,387,filterLoc,,
3825,390,filterLoc,,
3825,393,filterLoc,,
3825,396,filterLoc,,
3825,399,filterLoc,,
3825,402,filterLoc,,
3825,405,filterLoc,,
3825,408,filterLoc,,
3825,411,filterLoc,,
3825,414,filterLoc,,
3825,417,filterLoc,,
3825,420,filterLoc,,
3825,423,filterLoc,,;Evacuee;274;in triage category;G;is leaving helicopter;3
3825,426,filterLoc,,;Evacuee;273;in triage category;G;is leaving helicopter;3
3825,429,filterLoc,,
3825,432,filterLoc,,
3825,435,filterLoc,,;Evacuee;272;in triage category;G;is leaving helicopter;3
3825,438,filterLoc,,
3825,441,filterLoc,,
3825,444,filterLoc,,
3825,447,filterLoc,,
3825,450,filterLoc,,
3825,453,filterLoc,,
3825,456,filterLoc,,
3825,459,filterLoc,,
3825,462,filterLoc,,
3825,465,filterLoc,,
3825,468,filterLoc,,
3825,471,filterLoc,,
3825,474,filterLoc,,
3825,477,filterLoc,,
3825,480,filterLoc,,
3825,483,filterLoc,,
3825,486,filterLoc,,
3825,489,filterLoc,,
3825,492,filterLoc,,
3825,495,filterLoc,,
3825,498,filterLoc,,
3825,501,filterLoc,,
3825,504,filterLoc,,
3825,507,filterLoc,,
3825,510,filterLoc,,
3825,513,filterLoc,,
3825,516,filterLoc,,
3825,519,filterLoc,,
3825,522,filterLoc,,
3825,525,filterLoc,,
3825,528,filterLoc,,
3825,531,filterLoc,,
3825,534,filterLoc,,
3825,537,filterLoc,,
3825,540,filterLoc,,
3825,543,filterLoc,,
3825,546,filterLoc,,
3825,549,filterLoc,,
3825,552,filterLoc,,
3825,555,filterLoc,,
3825,558,filterLoc,,
3825,561,filterLoc,,
3825,564,filterLoc,,
3825,567,filterLoc,,
3825,570,filterLoc,,
3825,573,filterLoc,,
3825,576,filterLoc,,
3825,579,filterLoc,,
3825,582,filterLoc,,
3825,585,filterLoc,,
3825,588,filterLoc,,
3825,591,filterLoc,,
3825,594,filterLoc,,
3825,597,filterLoc,,
3825,600,filterLoc,,
3825,603,filterLoc,,
3825,606,filterLoc,,
3825,609,filterLoc,,
3825,612,filterLoc,,
3825,615,filterLoc,,
3825,618,filterLoc,,
3825,621,filterLoc,,
3825,624,filterLoc,,
3825,627,filterLoc,,
3825,630,filterLoc,,
3825,633,filterLoc,,
3825,636,filterLoc,,
3825,639,filterLoc,,
3825,642,filterLoc,,
3825,645,filterLoc,,
3825,648,filterLoc,,
3825,651,filterLoc,,
3825,654,filterLoc,,
3825,657,filterLoc,,
3825,660,filterLoc,,
3825,663,filterLoc,,
3825,666,filterLoc,,
3825,669,filterLoc,,
3825,672,filterLoc,,
3825,675,filterLoc,,
3825,678,filterLoc,,
3825,681,filterLoc,,
3825,684,filterLoc,,
3825,687,filterLoc,,
3825,690,filterLoc,,
3825,693,filterLoc,,
3825,696,filterLoc,,
3825,699,filterLoc,,
3825,702,filterLoc,,
3825,705,filterLoc,,
3825,708,filterLoc,,
3825,711,filterLoc,,
3825,714,filterLoc,,
3825,717,filterLoc,,
3825,720,filterLoc,,
3825,723,filterLoc,,
3825,726,filterLoc,,
3825,729,filterLoc,,
3825,732,filterLoc,,
3825,735,filterLoc,,
3825,738,filterLoc,,
3825,741,filterLoc,,
3825,744,filterLoc,,
3825,747,filterLoc,,
3825,750,filterLoc,,
3825,753,filterLoc,,;Evacuee;271;in triage category;G;is leaving helicopter;3
3825,756,filterLoc,,
3825,759,filterLoc,,
3825,762,filterLoc,,
3825,765,filterLoc,,
3825,768,filterLoc,,
3825,771,filterLoc,,
3825,774,filterLoc,,
3825,777,filterLoc,,
3825,780,filterLoc,,
3825,783,filterLoc,,
3825,786,filterLoc,,
3825,789,filterLoc,,
3825,792,filterLoc,,
3825,795,filterLoc,,
3825,798,filterLoc,,
3825,801,filterLoc,,
3825,804,filterLoc,,
3825,807,filterLoc,,
3825,810,filterLoc,,
3825,813,filterLoc,,
3825,816,filterLoc,,
3825,819,filterLoc,,
3825,822,filterLoc,,
3825,825,filterLoc,,
3825,828,filterLoc,,
3825,831,filterLoc,,
3825,834,filterLoc,,
3825,837,filterLoc,,
3825,840,filterLoc,,
3825,843,filterLoc,,
3825,846,filterLoc,,
3825,849,filterLoc,,
3825,852,filterLoc,,
3825,855,filterLoc,,
3825,858,filterLoc,,
3825,861,filterLoc,,
3825,864,filterLoc,,
3825,867,filterLoc,,
3825,870,filterLoc,,
3825,873,filterLoc,,
3825,876,filterLoc,,
3825,879,filterLoc,,
3825,882,filterLoc,,
3825,885,filterLoc,,
3825,888,filterLoc,,
3825,891,filterLoc,,
3825,894,filterLoc,,
3825,897,filterLoc,,
3825,900,filterLoc,,
3825,903,filterLoc,,
3825,906,filterLoc,,
3825,909,filterLoc,,
3825,912,filterLoc,,
3825,915,filterLoc,,
3825,918,filterLoc,,
3825,921,filterLoc,,
3825,924,filterLoc,,
3825,927,filterLoc,,
3825,930,filterLoc,,
3825,933,filterLoc,,
3825,936,filterLoc,,
3825,939,filterLoc,,
3825,942,filterLoc,,
3825,945,filterLoc,,
3825,948,filterLoc,,
3825,951,filterLoc,,
3825,954,filterLoc,,
3825,957,filterLoc,,
3825,960,filterLoc,,
3825,963,filterLoc,,
3825,966,filterLoc,,
3825,969,filterLoc,,
3825,972,filterLoc,,
3825,975,filterLoc,,
3825,978,filterLoc,,
3825,981,filterLoc,,
3825,984,filterLoc,,
3825,987,filterLoc,,
3825,990,filterLoc,,
3825,993,filterLoc,,
3825,996,filterLoc,,
3825,999,filterLoc,,
3825,1002,filterLoc,,
3825,1005,filterLoc,,
3825,1008,filterLoc,,
3825,1011,filterLoc,,
3825,1014,filterLoc,,
3825,1017,filterLoc,,
3825,1020,filterLoc,,
3825,1023,filterLoc,,
3825,1026,filterLoc,,
3825,1029,filterLoc,,
3825,1032,filterLoc,,
3825,1035,filterLoc,,
3825,1038,filterLoc,,
3825,1041,filterLoc,,
3825,1044,filterLoc,,
3825,1047,filterLoc,,
3825,1050,filterLoc,,
3825,1053,filterLoc,,
3825,1056,filterLoc,,
3825,1059,filterLoc,,
3825,1062,filterLoc,,
3825,1065,filterLoc,,
3825,1068,filterLoc,,
3825,1071,filterLoc,,
3825,1074,filterLoc,,
3825,1077,filterLoc,,
3825,1080,filterLoc,,
3825,1083,filterLoc,,
3825,1086,filterLoc,,
3825,1089,filterLoc,,
3825,1092,filterLoc,,
3825,1095,filterLoc,,
3825,1098,filterLoc,,
3825,1101,filterLoc,,
3825,1104,filterLoc,,
3825,1107,filterLoc,,
3825,1110,filterLoc,,
3825,1113,filterLoc,,
3825,1116,filterLoc,,
3825,1123,filterLoc,,
3825,1126,filterLoc,,
3825,1129,filterLoc,,
3825,1132,filterLoc,,
3825,1135,filterLoc,,
3825,1138,filterLoc,,
3825,1141,filterLoc,,
3825,1144,filterLoc,,
3825,1147,filterLoc,,
3825,1150,filterLoc,,
3825,1153,filterLoc,,
3825,1156,filterLoc,,
3825,1163,filterLoc,,;Evacuee;263;in triage category;G;is leaving helicopter;3
3825,1166,filterLoc,,
3825,1169,filterLoc,,
3825,1172,filterLoc,,
3825,1175,filterLoc,,
3825,1178,filterLoc,,
3825,1181,filterLoc,,
3825,1184,filterLoc,,
3825,1187,filterLoc,,
3825,1190,filterLoc,,
3825,1193,filterLoc,,
3825,1196,filterLoc,,
3825,1199,filterLoc,,
3825,1202,filterLoc,,
3825,1205,filterLoc,,
3825,1208,filterLoc,,
3825,1211,filterLoc,,
3825,1214,filterLoc,,
3825,1217,filterLoc,,
3825,1220,filterLoc,,
3825,1223,filterLoc,,
3825,1226,filterLoc,,
3825,1229,filterLoc,,
3825,1232,filterLoc,,
3825,1235,filterLoc,,
3825,1238,filterLoc,,
3825,1241,filterLoc,,
3825,1244,filterLoc,,
3825,1247,filterLoc,,
3825,1250,filterLoc,,
3825,1253,filterLoc,,
3825,1256,filterLoc,,
3825,1259,filterLoc,,
3825,1262,filterLoc,,
3825,1265,filterLoc,,
3825,1268,filterLoc,,
3825,1271,filterLoc,,
3825,1274,filterLoc,,
3825,1277,filterLoc,,
3825,1280,filterLoc,,
3825,1283,filterLoc,,
3825,1286,filterLoc,,
3825,1289,filterLoc,,
3825,1292,filterLoc,,
3825,1295,filterLoc,,
3825,1298,filterLoc,,
3825,1301,filterLoc,,
3825,1304,filterLoc,,
3825,1307,filterLoc,,
3825,1310,filterLoc,,
3825,1313,filterLoc,,
3825,1316,filterLoc,,
3825,1319,filterLoc,,
3825,1322,filterLoc,,
3825,1325,filterLoc,,
3825,1328,filterLoc,,
3825,1331,filterLoc,,
3825,1334,filterLoc,,
3825,1337,filterLoc,,
3825,1340,filterLoc,,
3825,1343,filterLoc,,
3825,1346,filterLoc,,
3825,1349,filterLoc,,
3825,1352,filterLoc,,
3825,1355,filterLoc,,
3825,1358,filterLoc,,
3825,1361,filterLoc,,
3825,1364,filterLoc,,
3825,1367,filterLoc,,
3825,1370,filterLoc,,
3825,1373,filterLoc,,
3825,1376,filterLoc,,
3825,1379,filterLoc,,
3825,1382,filterLoc,,
3825,1385,filterLoc,,
3825,1388,filterLoc,,
3825,1391,filterLoc,,
3825,1394,filterLoc,,
3825,1397,filterLoc,,
3825,1400,filterLoc,,
3825,1403,filterLoc,,
3825,1406,filterLoc,,
3825,1409,filterLoc,,
3825,1412,filterLoc,,
3825,1415,filterLoc,,
3825,1418,filterLoc,,
3825,1421,filterLoc,,
3825,1424,filterLoc,,
3825,1427,filterLoc,,
3825,1430,filterLoc,,
3825,1433,filterLoc,,
3825,1436,filterLoc,,
3825,1439,filterLoc,,
3825,1442,filterLoc,,
3825,1445,filterLoc,,
3825,1448,filterLoc,,
3825,1451,filterLoc,,
3825,1454,filterLoc,,
3825,1457,filterLoc,,
3825,1460,filterLoc,,
3825,1463,filterLoc,,
3825,1466,filterLoc,,
3825,1469,filterLoc,,
3825,1472,filterLoc,,
3825,1475,filterLoc,,
3825,1478,filterLoc,,
3825,1481,filterLoc,,
3825,1484,filterLoc,,
3825,1487,filterLoc,,
3825,1490,filterLoc,,
3825,1493,filterLoc,,
3825,1496,filterLoc,,
3825,1499,filterLoc,,
3825,1502,filterLoc,,
3825,1505,filterLoc,,
3825,1508,filterLoc,,
3825,1511,filterLoc,,;Evacuee;257;in triage category;G;is leaving helicopter;3
3825,1514,filterLoc,,
3825,1517,filterLoc,,;Evacuee;258;in triage category;G;is leaving helicopter;3
3825,369,filterLoc,out,Evacuee 292 in triage category G is not assigned a helicopter
3825,369,filterLoc,,
3825,370,evacuee,,Evacuee;292;in triage state;G;is entering the FOL
3825,372,filterLoc,out,Evacuee 291 in triage category G is not assigned a helicopter
3825,372,filterLoc,,
3825,373,evacuee,,Evacuee;291;in triage state;G;is entering the FOL
3825,375,filterLoc,out,Evacuee 290 in triage category G is not assigned a helicopter
3825,375,filterLoc,,
3825,376,evacuee,,Evacuee;290;in triage state;G;is entering the FOL
3825,423,filterLoc,out,Evacuee 274 in triage category G is not assigned a helicopter
3825,423,filterLoc,,
3825,424,evacuee,,Evacuee;274;in triage state;G;is entering the FOL
3825,426,filterLoc,out,Evacuee 273 in triage category G is not assigned a helicopter
3825,426,filterLoc,,
3825,427,evacuee,,Evacuee;273;in triage state;G;is entering the FOL
3825,435,filterLoc,out,Evacuee 272 in triage category G is not assigned a helicopter
3825,435,filterLoc,,
3825,436,evacuee,,Evacuee;272;in triage state;G;is entering the FOL
3825,753,filterLoc,out,Evacuee 271 in triage category G is not assigned a helicopter
3825,753,filterLoc,,
3825,754,evacuee,,Evacuee;271;in triage state;G;is entering the FOL
3825,1163,filterLoc,out,Evacuee 263 in triage category G is not assigned a helicopter
3825,1163,filterLoc,,
3825,1164,evacuee,,Evacuee;263;in triage state;G;is entering the FOL
3825,1511,filterLoc,out,Evacuee 257 in triage category G is not assigned a helicopter
3825,1511,filterLoc,,
3825,1512,evacuee,,Evacuee;257;in triage state;G;is entering the FOL
3825,1517,filterLoc,out,Evacuee 258 in triage category G is not assigned a helicopter
3825,1517,filterLoc,,
3825,1518,evacuee,,Evacuee;258;in triage state;G;is entering the FOL
3825,223,FOL,,;EvacueeID;2;Triage Status;G;EvacueeID;4;Triage Status;G;EvacueeID;9;Triage Status;G;EvacueeID;11;Triage Status;G;EvacueeID;13;Triage Status;G;EvacueeID;14;Triage Status;G;EvacueeID;18;Triage Status;G;EvacueeID;22;Triage Status;G;EvacueeID;23;Triage Status;G;EvacueeID;24;Triage Status;G;EvacueeID;25;Triage Status;G;EvacueeID;29;Triage Status;G;EvacueeID;32;Triage Status;G;EvacueeID;33;Triage Status;G;EvacueeID;34;Triage Status;G;EvacueeID;37;Triage Status;G;EvacueeID;44;Triage Status;G;EvacueeID;45;Triage Status;G;EvacueeID;48;Triage Status;G;EvacueeID;49;Triage Status;G;EvacueeID;50;Triage Status;G;EvacueeID;55;Triage Status;G;EvacueeID;58;Triage Status;G;EvacueeID;60;Triage Status;G;EvacueeID;65;Triage Status;G;EvacueeID;67;Triage Status;G;EvacueeID;71;Triage Status;G;EvacueeID;74;Triage Status;G;EvacueeID;75;Triage Status;G;EvacueeID;76;Triage Status;G;EvacueeID;81;Triage Status;G;EvacueeID;83;Triage Status;G;EvacueeID;85;Triage Status;G;EvacueeID;90;Triage Status;G;EvacueeID;92;Triage Status;G;EvacueeID;93;Triage Status;G;EvacueeID;104;Triage Status;G;EvacueeID;105;Triage Status;G;EvacueeID;106;Triage Status;G;EvacueeID;117;Triage Status;G;EvacueeID;121;Triage Status;G;EvacueeID;123;Triage Status;G;EvacueeID;127;Triage Status;G;EvacueeID;136;Triage Status;G;EvacueeID;144;Triage Status;G;EvacueeID;148;Triage Status;G;EvacueeID;152;Triage Status;G;EvacueeID;153;Triage Status;G;EvacueeID;158;Triage Status;G;EvacueeID;159;Triage Status;G;EvacueeID;161;Triage Status;G;EvacueeID;164;Triage Status;G;EvacueeID;165;Triage Status;G;EvacueeID;169;Triage Status;G;EvacueeID;170;Triage Status;G;EvacueeID;171;Triage Status;G;EvacueeID;174;Triage Status;G;EvacueeID;177;Triage Status;G;EvacueeID;181;Triage Status;G;EvacueeID;187;Triage Status;G;EvacueeID;188;Triage Status;G;EvacueeID;190;Triage Status;G;EvacueeID;192;Triage Status;G;EvacueeID;200;Triage Status;G;EvacueeID;201;Triage Status;G;EvacueeID;202;Triage Status;G;EvacueeID;209;Triage Status;G;EvacueeID;210;Triage Status;G;EvacueeID;212;Triage Status;G;EvacueeID;218;Triage Status;G;EvacueeID;224;Triage Status;G;EvacueeID;225;Triage Status;G;EvacueeID;226;Triage Status;G;EvacueeID;227;Triage Status;G;EvacueeID;235;Triage Status;G;EvacueeID;245;Triage Status;G;EvacueeID;246;Triage Status;G;EvacueeID;252;Triage Status;G;EvacueeID;254;Triage Status;G;EvacueeID;255;Triage Status;G;EvacueeID;257;Triage Status;G;EvacueeID;258;Triage Status;G;EvacueeID;263;Triage Status;G;EvacueeID;271;Triage Status;G;EvacueeID;272;Triage Status;G;EvacueeID;273;Triage Status;G;EvacueeID;274;Triage Status;G;EvacueeID;290;Triage Status;G;EvacueeID;291;Triage Status;G;EvacueeID;292;Triage Status;G;Lives Saved;90
3825,370,evacuee,outFOL,Evacuee 292 in triage category G is not assigned a helicopter
3825,370,evacuee,,Evacuee;292;in triage state;G;is at the FOL
3825,373,evacuee,outFOL,Evacuee 291 in triage category G is not assigned a helicopter
3825,373,evacuee,,Evacuee;291;in triage state;G;is at the FOL
3825,376,evacuee,outFOL,Evacuee 290 in triage category G is not assigned a helicopter
3825,376,evacuee,,Evacuee;290;in triage state;G;is at the FOL
3825,424,evacuee,outFOL,Evacuee 274 in triage category G is not assigned a helicopter
3825,424,evacuee,,Evacuee;274;in triage state;G;is at the FOL
3825,427,evacuee,outFOL,Evacuee 273 in triage category G is not assigned a helicopter
3825,427,evacuee,,Evacuee;273;in triage state;G;is at the FOL
3825,436,evacuee,outFOL,Evacuee 272 in triage category G is not assigned a helicopter
3825,436,evacuee,,Evacuee;272;in triage state;G;is at the FOL
3825,754,evacuee,outFOL,Evacuee 271 in triage category G is not assigned a helicopter
3825,754,evacuee,,Evacuee;271;in triage state;G;is at the FOL
3825,1164,evacuee,outFOL,Evacuee 263 in triage category G is not assigned a helicopter
3825,1164,evacuee,,Evacuee;263;in triage state;G;is at the FOL
3825,1512,evacuee,outFOL,Evacuee 257 in triage category G is not assigned a helicopter
3825,1512,evacuee,,Evacuee;257;in triage state;G;is at the FOL
3825,1518,evacuee,outFOL,Evacuee 258 in triage category G is not assigned a helicopter
3825,1518,evacuee,,Evacuee;258;in triage state;G;is at the FOL
3825,223,FOL,,;EvacueeID;2;Triage Status;G;EvacueeID;4;Triage Status;G;EvacueeID;9;Triage Status;G;EvacueeID;11;Triage Status;G;EvacueeID;13;Triage Status;G;EvacueeID;14;Triage Status;G;EvacueeID;18;Triage Status;G;EvacueeID;22;Triage Status;G;EvacueeID;23;Triage Status;G;EvacueeID;24;Triage Status;G;EvacueeID;25;Triage Status;G;EvacueeID;29;Triage Status;G;EvacueeID;32;Triage Status;G;EvacueeID;33;Triage Status;G;EvacueeID;34;Triage Status;G;EvacueeID;37;Triage Status;G;EvacueeID;44;Triage Status;G;EvacueeID;45;Triage Status;G;EvacueeID;48;Triage Status;G;EvacueeID;49;Triage Status;G;EvacueeID;50;Triage Status;G;EvacueeID;55;Triage Status;G;EvacueeID;58;Triage Status;G;EvacueeID;60;Triage Status;G;EvacueeID;65;Triage Status;G;EvacueeID;67;Triage Status;G;EvacueeID;71;Triage Status;G;EvacueeID;74;Triage Status;G;EvacueeID;75;Triage Status;G;EvacueeID;76;Triage Status;G;EvacueeID;81;Triage Status;G;EvacueeID;83;Triage Status;G;EvacueeID;85;Triage Status;G;EvacueeID;90;Triage Status;G;EvacueeID;92;Triage Status;G;EvacueeID;93;Triage Status;G;EvacueeID;104;Triage Status;G;EvacueeID;105;Triage Status;G;EvacueeID;106;Triage Status;G;EvacueeID;117;Triage Status;G;EvacueeID;121;Triage Status;G;EvacueeID;123;Triage Status;G;EvacueeID;127;Triage Status;G;EvacueeID;136;Triage Status;G;EvacueeID;144;Triage Status;G;EvacueeID;148;Triage Status;G;EvacueeID;152;Triage Status;G;EvacueeID;153;Triage Status;G;EvacueeID;158;Triage Status;G;EvacueeID;159;Triage Status;G;EvacueeID;161;Triage Status;G;EvacueeID;164;Triage Status;G;EvacueeID;165;Triage Status;G;EvacueeID;169;Triage Status;G;EvacueeID;170;Triage Status;G;EvacueeID;171;Triage Status;G;EvacueeID;174;Triage Status;G;EvacueeID;177;Triage Status;G;EvacueeID;181;Triage Status;G;EvacueeID;187;Triage Status;G;EvacueeID;188;Triage Status;G;EvacueeID;190;Triage Status;G;EvacueeID;192;Triage Status;G;EvacueeID;200;Triage Status;G;EvacueeID;201;Triage Status;G;EvacueeID;202;Triage Status;G;EvacueeID;209;Triage Status;G;EvacueeID;210;Triage Status;G;EvacueeID;212;Triage Status;G;EvacueeID;218;Triage Status;G;EvacueeID;224;Triage Status;G;EvacueeID;225;Triage Status;G;EvacueeID;226;Triage Status;G;EvacueeID;227;Triage Status;G;EvacueeID;235;Triage Status;G;EvacueeID;245;Triage Status;G;EvacueeID;246;Triage Status;G;EvacueeID;252;Triage Status;G;EvacueeID;254;Triage Status;G;EvacueeID;255;Triage Status;G;EvacueeID;257;Triage Status;G;EvacueeID;258;Triage Status;G;EvacueeID;263;Triage Status;G;EvacueeID;271;Triage Status;G;EvacueeID;272;Triage Status;G;EvacueeID;273;Triage Status;G;EvacueeID;274;Triage Status;G;EvacueeID;290;Triage Status;G;EvacueeID;291;Triage Status;G;EvacueeID;292;Triage Status;G;Lives Saved;90
3840,105,helicopter,,Helicopter;3;Is going to the evacuation site;;and has;0;spots taken
3855.01,3,evacueeManager,,OFF SHIP: White;0;Green;54;Yellow;17;Red;3;Black;336;ON SHIP: White;0;Green;0;Yellow;0;Red;0;Evacuees to Transfer;
3855.01,192,evacuee,outES,Evacuee 382 in triage category Y is not assigned a helicopter
3855.01,192,evacuee,,Evacuee;382;in triage state;R;is at the evacuation site
3857.1,3,evacueeManager,,OFF SHIP: White;0;Green;54;Yellow;17;Red;2;Black;337;ON SHIP: White;0;Green;0;Yellow;0;Red;0;Evacuees to Transfer;
3857.1,946,evacuee,outES,Evacuee 241 in triage category R is not assigned a helicopter
3857.1,946,evacuee,,Evacuee;241;in triage state;B;is at the evacuation site
3859.64,3,evacueeManager,,OFF SHIP: White;0;Green;54;Yellow;17;Red;1;Black;338;ON SHIP: White;0;Green;0;Yellow;0;Red;0;Evacuees to Transfer;
3859.64,192,evacuee,outES,Evacuee 382 in triage category R is not assigned a helicopter
3859.64,192,evacuee,,Evacuee;382;in triage state;B;is at the evacuation site
3864,3,evacueeManager,,OFF SHIP: White;0;Green;53;Yellow;18;Red;1;Black;338;ON SHIP: White;0;Green;0;Yellow;0;Red;0;Evacuees to Transfer;
3864,50,evacuee,outES,Evacuee 472 in triage category G is not assigned a helicopter
3864,50,evacuee,,Evacuee;472;in triage state;Y;is at the evacuation site
3870,5,helicopterQueue,,1;Helos are waiting to land;HeloID;1
3870,1161,helicopter,outES,Helicopter 1 is evacuating people1
3870,1161,helicopter,,Helicopter;1;is waiting to land at the evacuation site;;and has;0;spots taken
3870,4,helipadManager,,;No helos are at ES
3870,5,helicopterQueue,outHM,Helicopter 1 is evacuating people1
3870,5,helicopterQueue,outHelo,Helicopter 1 is evacuating people1
3870,5,helicopterQueue,,;No helos are waiting to land
3870,104,filterES,,
3870,1120,filterES,,
3870,1160,filterES,,Helicopter;1;is evacuating people
3870,3,evacueeManager,,OFF SHIP: White;0;Green;43;Yellow;18;Red;1;Black;338;ON SHIP: White;0;Green;0;Yellow;0;Red;0;Evacuees to Transfer;;EvacueeID;301;HeloID;1;OnShip;0;Triage Status;G;EvacueeID;311;HeloID;1;OnShip;0;Triage Status;G;EvacueeID;317;HeloID;1;OnShip;0;Triage Status;G;EvacueeID;318;HeloID;1;OnShip;0;Triage Status;G;EvacueeID;319;HeloID;1;OnShip;0;Triage Status;G;EvacueeID;321;HeloID;1;OnShip;0;Triage Status;G;EvacueeID;322;HeloID;1;OnShip;0;Triage Status;G;EvacueeID;329;HeloID;1;OnShip;0;Triage Status;G;EvacueeID;332;HeloID;1;OnShip;0;Triage Status;G;EvacueeID;337;HeloID;1;OnShip;0;Triage Status;G
3870,4,helipadManager,outEM,Helicopter 1 is evacuating people1
3870,4,helipadManager,,Helo;1;is at the ES
3870,1160,filterES,out,Helicopter 1 is evacuating people1
3870,1160,filterES,,
3870,1161,helicopter,,Helicopter;1;is waiting to land at the evacuation site;;and has;0;spots taken
3870,3,evacueeManager,outEvac,Evacuee 301 in triage category G is assigned helicopter 1
3870,3,evacueeManager,outEvac,Evacuee 311 in triage category G is assigned helicopter 1
3870,3,evacueeManager,outEvac,Evacuee 317 in triage category G is assigned helicopter 1
3870,3,evacueeManager,outEvac,Evacuee 318 in triage category G is assigned helicopter 1
3870,3,evacueeManager,outEvac,Evacuee 319 in triage category G is assigned helicopter 1
3870,3,evacueeManager,outEvac,Evacuee 321 in triage category G is assigned helicopter 1
3870,3,evacueeManager,outEvac,Evacuee 322 in triage category G is assigned helicopter 1
3870,3,evacueeManager,outEvac,Evacuee 329 in triage category G is assigned helicopter 1
3870,3,evacueeManager,outEvac,Evacuee 332 in triage category G is assigned helicopter 1
3870,3,evacueeManager,outEvac,Evacuee 337 in triage category G is assigned helicopter 1
3870,3,evacueeManager,,OFF SHIP: White;0;Green;43;Yellow;18;Red;1;Black;338;ON SHIP: White;0;Green;0;Yellow;0;Red;0;Evacuees to Transfer;
3870,7,filterLoc,,
3870,10,filterLoc,,
3870,13,filterLoc,,
3870,16,filterLoc,,
3870,19,filterLoc,,
3870,22,filterLoc,,
3870,25,filterLoc,,
3870,28,filterLoc,,
3870,31,filterLoc,,
3870,34,filterLoc,,
3870,37,filterLoc,,
3870,40,filterLoc,,
3870,43,filterLoc,,
3870,46,filterLoc,,
3870,49,filterLoc,,
3870,52,filterLoc,,
3870,55,filterLoc,,
3870,58,filterLoc,,
3870,61,filterLoc,,
3870,64,filterLoc,,
3870,67,filterLoc,,
3870,70,filterLoc,,
3870,73,filterLoc,,
3870,76,filterLoc,,
3870,79,filterLoc,,
3870,82,filterLoc,,
3870,85,filterLoc,,
3870,88,filterLoc,,
3870,91,filterLoc,,
3870,94,filterLoc,,
3870,97,filterLoc,,
3870,100,filterLoc,,
3870,107,filterLoc,,
3870,110,filterLoc,,
3870,113,filterLoc,,
3870,116,filterLoc,,
3870,119,filterLoc,,
3870,122,filterLoc,,
3870,125,filterLoc,,
3870,128,filterLoc,,
3870,131,filterLoc,,
3870,134,filterLoc,,
3870,137,filterLoc,,
3870,140,filterLoc,,
3870,143,filterLoc,,
3870,146,filterLoc,,
3870,149,filterLoc,,
3870,152,filterLoc,,
3870,155,filterLoc,,
3870,158,filterLoc,,
3870,161,filterLoc,,
3870,164,filterLoc,,
3870,167,filterLoc,,
3870,170,filterLoc,,
3870,173,filterLoc,,
3870,176,filterLoc,,
3870,179,filterLoc,,
3870,182,filterLoc,,
3870,185,filterLoc,,
3870,188,filterLoc,,
3870,191,filterLoc,,
3870,194,filterLoc,,
3870,197,filterLoc,,
3870,200,filterLoc,,
3870,203,filterLoc,,
3870,206,filterLoc,,
3870,209,filterLoc,,
3870,212,filterLoc,,
3870,215,filterLoc,,
3870,218,filterLoc,,
3870,221,filterLoc,,
3870,225,filterLoc,,
3870,228,filterLoc,,
3870,231,filterLoc,,
3870,234,filterLoc,,
3870,237,filterLoc,,
3870,240,filterLoc,,
3870,243,filterLoc,,
3870,246,filterLoc,,
3870,249,filterLoc,,
3870,252,filterLoc,,
3870,255,filterLoc,,
3870,258,filterLoc,,
3870,261,filterLoc,,
3870,264,filterLoc,,
3870,267,filterLoc,,
3870,270,filterLoc,,
3870,273,filterLoc,,
3870,276,filterLoc,,
3870,279,filterLoc,,
3870,282,filterLoc,,
3870,285,filterLoc,,
3870,288,filterLoc,,
3870,291,filterLoc,,
3870,294,filterLoc,,
3870,297,filterLoc,,
3870,300,filterLoc,,
3870,303,filterLoc,,
3870,306,filterLoc,,
3870,309,filterLoc,,;Evacuee;322;in triage category;G;is entering helicopter;1
3870,312,filterLoc,,;Evacuee;321;in triage category;G;is entering helicopter;1
3870,315,filterLoc,,;Evacuee;319;in triage category;G;is entering helicopter;1
3870,318,filterLoc,,;Evacuee;318;in triage category;G;is entering helicopter;1
3870,321,filterLoc,,;Evacuee;317;in triage category;G;is entering helicopter;1
3870,324,filterLoc,,
3870,327,filterLoc,,
3870,330,filterLoc,,
3870,333,filterLoc,,
3870,336,filterLoc,,
3870,339,filterLoc,,
3870,342,filterLoc,,
3870,345,filterLoc,,
3870,348,filterLoc,,
3870,351,filterLoc,,
3870,354,filterLoc,,
3870,357,filterLoc,,
3870,360,filterLoc,,
3870,363,filterLoc,,
3870,366,filterLoc,,
3870,369,filterLoc,,
3870,372,filterLoc,,
3870,375,filterLoc,,
3870,378,filterLoc,,
3870,381,filterLoc,,
3870,384,filterLoc,,
3870,387,filterLoc,,
3870,390,filterLoc,,
3870,393,filterLoc,,
3870,396,filterLoc,,
3870,399,filterLoc,,
3870,402,filterLoc,,
3870,405,filterLoc,,
3870,408,filterLoc,,
3870,411,filterLoc,,
3870,414,filterLoc,,
3870,417,filterLoc,,
3870,420,filterLoc,,
3870,423,filterLoc,,
3870,426,filterLoc,,
3870,429,filterLoc,,;Evacuee;337;in triage category;G;is entering helicopter;1
3870,432,filterLoc,,;Evacuee;301;in triage category;G;is entering helicopter;1
3870,435,filterLoc,,
3870,438,filterLoc,,
3870,441,filterLoc,,
3870,444,filterLoc,,
3870,447,filterLoc,,
3870,450,filterLoc,,
3870,453,filterLoc,,
3870,456,filterLoc,,
3870,459,filterLoc,,
3870,462,filterLoc,,
3870,465,filterLoc,,
3870,468,filterLoc,,
3870,471,filterLoc,,
3870,474,filterLoc,,
3870,477,filterLoc,,
3870,480,filterLoc,,
3870,483,filterLoc,,
3870,486,filterLoc,,
3870,489,filterLoc,,
3870,492,filterLoc,,
3870,495,filterLoc,,
3870,498,filterLoc,,
3870,501,filterLoc,,
3870,504,filterLoc,,
3870,507,filterLoc,,
3870,510,filterLoc,,
3870,513,filterLoc,,
3870,516,filterLoc,,
3870,519,filterLoc,,
3870,522,filterLoc,,
3870,525,filterLoc,,
3870,528,filterLoc,,
3870,531,filterLoc,,
3870,534,filterLoc,,
3870,537,filterLoc,,
3870,540,filterLoc,,
3870,543,filterLoc,,;Evacuee;311;in triage category;G;is entering helicopter;1
3870,546,filterLoc,,
3870,549,filterLoc,,
3870,552,filterLoc,,
3870,555,filterLoc,,
3870,558,filterLoc,,
3870,561,filterLoc,,
3870,564,filterLoc,,
3870,567,filterLoc,,
3870,570,filterLoc,,
3870,573,filterLoc,,
3870,576,filterLoc,,
3870,579,filterLoc,,
3870,582,filterLoc,,
3870,585,filterLoc,,
3870,588,filterLoc,,
3870,591,filterLoc,,
3870,594,filterLoc,,
3870,597,filterLoc,,
3870,600,filterLoc,,
3870,603,filterLoc,,
3870,606,filterLoc,,
3870,609,filterLoc,,
3870,612,filterLoc,,
3870,615,filterLoc,,
3870,618,filterLoc,,
3870,621,filterLoc,,
3870,624,filterLoc,,
3870,627,filterLoc,,
3870,630,filterLoc,,
3870,633,filterLoc,,
3870,636,filterLoc,,
3870,639,filterLoc,,
3870,642,filterLoc,,
3870,645,filterLoc,,
3870,648,filterLoc,,
3870,651,filterLoc,,
3870,654,filterLoc,,
3870,657,filterLoc,,
3870,660,filterLoc,,
3870,663,filterLoc,,
3870,666,filterLoc,,
3870,669,filterLoc,,
3870,672,filterLoc,,
3870,675,filterLoc,,
3870,678,filterLoc,,
3870,681,filterLoc,,
3870,684,filterLoc,,
3870,687,filterLoc,,
3870,690,filterLoc,,
3870,693,filterLoc,,
3870,696,filterLoc,,
3870,699,filterLoc,,
3870,702,filterLoc,,
3870,705,filterLoc,,
3870,708,filterLoc,,
3870,711,filterLoc,,
3870,714,filterLoc,,
3870,717,filterLoc,,
3870,720,filterLoc,,
3870,723,filterLoc,,
3870,726,filterLoc,,
3870,729,filterLoc,,
3870,732,filterLoc,,
3870,735,filterLoc,,
3870,738,filterLoc,,
3870,741,filterLoc,,
3870,744,filterLoc,,
3870,747,filterLoc,,
3870,750,filterLoc,,
3870,753,filterLoc,,
3870,756,filterLoc,,
3870,759,filterLoc,,
3870,762,filterLoc,,
3870,765,filterLoc,,
3870,768,filterLoc,,
3870,771,filterLoc,,
3870,774,filterLoc,,
3870,777,filterLoc,,
3870,780,filterLoc,,
3870,783,filterLoc,,
3870,786,filterLoc,,
3870,789,filterLoc,,
3870,792,filterLoc,,
3870,795,filterLoc,,
3870,798,filterLoc,,
3870,801,filterLoc,,
3870,804,filterLoc,,
3870,807,filterLoc,,
3870,810,filterLoc,,
3870,813,filterLoc,,
3870,816,filterLoc,,
3870,819,filterLoc,,
3870,822,filterLoc,,;Evacuee;332;in triage category;G;is entering helicopter;1
3870,825,filterLoc,,
3870,828,filterLoc,,
3870,831,filterLoc,,
3870,834,filterLoc,,
3870,837,filterLoc,,
3870,840,filterLoc,,
3870,843,filterLoc,,
3870,846,filterLoc,,
3870,849,filterLoc,,
3870,852,filterLoc,,
3870,855,filterLoc,,
3870,858,filterLoc,,
3870,861,filterLoc,,
3870,864,filterLoc,,
3870,867,filterLoc,,
3870,870,filterLoc,,
3870,873,filterLoc,,
3870,876,filterLoc,,
3870,879,filterLoc,,
3870,882,filterLoc,,
3870,885,filterLoc,,
3870,888,filterLoc,,
3870,891,filterLoc,,
3870,894,filterLoc,,
3870,897,filterLoc,,
3870,900,filterLoc,,
3870,903,filterLoc,,
3870,906,filterLoc,,
3870,909,filterLoc,,
3870,912,filterLoc,,
3870,915,filterLoc,,
3870,918,filterLoc,,
3870,921,filterLoc,,
3870,924,filterLoc,,
3870,927,filterLoc,,
3870,930,filterLoc,,
3870,933,filterLoc,,
3870,936,filterLoc,,
3870,939,filterLoc,,
3870,942,filterLoc,,
3870,945,filterLoc,,
3870,948,filterLoc,,
3870,951,filterLoc,,
3870,954,filterLoc,,
3870,957,filterLoc,,
3870,960,filterLoc,,
3870,963,filterLoc,,
3870,966,filterLoc,,
3870,969,filterLoc,,
3870,972,filterLoc,,
3870,975,filterLoc,,
3870,978,filterLoc,,
3870,981,filterLoc,,
3870,984,filterLoc,,
3870,987,filterLoc,,
3870,990,filterLoc,,
3870,993,filterLoc,,
3870,996,filterLoc,,
3870,999,filterLoc,,
3870,1002,filterLoc,,
3870,1005,filterLoc,,
3870,1008,filterLoc,,
3870,1011,filterLoc,,
3870,1014,filterLoc,,
3870,1017,filterLoc,,
3870,1020,filterLoc,,
3870,1023,filterLoc,,
3870,1026,filterLoc,,
3870,1029,filterLoc,,
3870,1032,filterLoc,,
3870,1035,filterLoc,,
3870,1038,filterLoc,,
3870,1041,filterLoc,,
3870,1044,filterLoc,,
3870,1047,filterLoc,,
3870,1050,filterLoc,,
3870,1053,filterLoc,,
3870,1056,filterLoc,,
3870,1059,filterLoc,,
3870,1062,filterLoc,,
3870,1065,filterLoc,,
3870,1068,filterLoc,,
3870,1071,filterLoc,,
3870,1074,filterLoc,,
3870,1077,filterLoc,,
3870,1080,filterLoc,,
3870,1083,filterLoc,,
3870,1086,filterLoc,,
3870,1089,filterLoc,,
3870,1092,filterLoc,,
3870,1095,filterLoc,,
3870,1098,filterLoc,,
3870,1101,filterLoc,,
3870,1104,filterLoc,,
3870,1107,filterLoc,,
3870,1110,filterLoc,,
3870,1113,filterLoc,,
3870,1116,filterLoc,,
3870,1123,filterLoc,,
3870,1126,filterLoc,,
3870,1129,filterLoc,,
3870,1132,filterLoc,,
3870,1135,filterLoc,,
3870,1138,filterLoc,,
3870,1141,filterLoc,,
3870,1144,filterLoc,,
3870,1147,filterLoc,,
3870,1150,filterLoc,,
3870,1153,filterLoc,,
3870,1156,filterLoc,,
3870,1161,helicopter,,Helicopter;1;is loading people at the evacuation site;;and has;0;spots taken
3870,1163,filterLoc,,
3870,1166,filterLoc,,
3870,1169,filterLoc,,
3870,1172,filterLoc,,
3870,1175,filterLoc,,
3870,1178,filterLoc,,
3870,1181,filterLoc,,
3870,1184,filterLoc,,
3870,1187,filterLoc,,
3870,1190,filterLoc,,
3870,1193,filterLoc,,
3870,1196,filterLoc,,
3870,1199,filterLoc,,
3870,1202,filterLoc,,
3870,1205,filterLoc,,
3870,1208,filterLoc,,
3870,1211,filterLoc,,
3870,1214,filterLoc,,
3870,1217,filterLoc,,
3870,1220,filterLoc,,
3870,1223,filterLoc,,
3870,1226,filterLoc,,
3870,1229,filterLoc,,
3870,1232,filterLoc,,
3870,1235,filterLoc,,
3870,1238,filterLoc,,
3870,1241,filterLoc,,
3870,1244,filterLoc,,
3870,1247,filterLoc,,
3870,1250,filterLoc,,
3870,1253,filterLoc,,
3870,1256,filterLoc,,
3870,1259,filterLoc,,
3870,1262,filterLoc,,
3870,1265,filterLoc,,
3870,1268,filterLoc,,
3870,1271,filterLoc,,
3870,1274,filterLoc,,
3870,1277,filterLoc,,
3870,1280,filterLoc,,
3870,1283,filterLoc,,
3870,1286,filterLoc,,
3870,1289,filterLoc,,
3870,1292,filterLoc,,
3870,1295,filterLoc,,
3870,1298,filterLoc,,
3870,1301,filterLoc,,
3870,1304,filterLoc,,
3870,1307,filterLoc,,
3870,1310,filterLoc,,
3870,1313,filterLoc,,
3870,1316,filterLoc,,
3870,1319,filterLoc,,
3870,1322,filterLoc,,
3870,1325,filterLoc,,
3870,1328,filterLoc,,
3870,1331,filterLoc,,
3870,1334,filterLoc,,
3870,1337,filterLoc,,
3870,1340,filterLoc,,
3870,1343,filterLoc,,
3870,1346,filterLoc,,
3870,1349,filterLoc,,
3870,1352,filterLoc,,
3870,1355,filterLoc,,
3870,1358,filterLoc,,
3870,1361,filterLoc,,
3870,1364,filterLoc,,
3870,1367,filterLoc,,
3870,1370,filterLoc,,
3870,1373,filterLoc,,;Evacuee;329;in triage category;G;is entering helicopter;1
3870,1376,filterLoc,,
3870,1379,filterLoc,,
3870,1382,filterLoc,,
3870,1385,filterLoc,,
3870,1388,filterLoc,,
3870,1391,filterLoc,,
3870,1394,filterLoc,,
3870,1397,filterLoc,,
3870,1400,filterLoc,,
3870,1403,filterLoc,,
3870,1406,filterLoc,,
3870,1409,filterLoc,,
3870,1412,filterLoc,,
3870,1415,filterLoc,,
3870,1418,filterLoc,,
3870,1421,filterLoc,,
3870,1424,filterLoc,,
3870,1427,filterLoc,,
3870,1430,filterLoc,,
3870,1433,filterLoc,,
3870,1436,filterLoc,,
3870,1439,filterLoc,,
3870,1442,filterLoc,,
3870,1445,filterLoc,,
3870,1448,filterLoc,,
3870,1451,filterLoc,,
3870,1454,filterLoc,,
3870,1457,filterLoc,,
3870,1460,filterLoc,,
3870,1463,filterLoc,,
3870,1466,filterLoc,,
3870,1469,filterLoc,,
3870,1472,filterLoc,,
3870,1475,filterLoc,,
3870,1478,filterLoc,,
3870,1481,filterLoc,,
3870,1484,filterLoc,,
3870,1487,filterLoc,,
3870,1490,filterLoc,,
3870,1493,filterLoc,,
3870,1496,filterLoc,,
3870,1499,filterLoc,,
3870,1502,filterLoc,,
3870,1505,filterLoc,,
3870,1508,filterLoc,,
3870,1511,filterLoc,,
3870,1514,filterLoc,,
3870,1517,filterLoc,,
3870,309,filterLoc,out,Evacuee 322 in triage category G is assigned helicopter 1
3870,309,filterLoc,,
3870,310,evacuee,,Evacuee;322;in triage state;G;is entering helicopter;1
3870,312,filterLoc,out,Evacuee 321 in triage category G is assigned helicopter 1
3870,312,filterLoc,,
3870,313,evacuee,,Evacuee;321;in triage state;G;is entering helicopter;1
3870,315,filterLoc,out,Evacuee 319 in triage category G is assigned helicopter 1
3870,315,filterLoc,,
3870,316,evacuee,,Evacuee;319;in triage state;G;is entering helicopter;1
3870,318,filterLoc,out,Evacuee 318 in triage category G is assigned helicopter 1
3870,318,filterLoc,,
3870,319,evacuee,,Evacuee;318;in triage state;G;is entering helicopter;1
3870,321,filterLoc,out,Evacuee 317 in triage category G is assigned helicopter 1
3870,321,filterLoc,,
3870,322,evacuee,,Evacuee;317;in triage state;G;is entering helicopter;1
3870,429,filterLoc,out,Evacuee 337 in triage category G is assigned helicopter 1
3870,429,filterLoc,,
3870,430,evacuee,,Evacuee;337;in triage state;G;is entering helicopter;1
3870,432,filterLoc,out,Evacuee 301 in triage category G is assigned helicopter 1
3870,432,filterLoc,,
3870,433,evacuee,,Evacuee;301;in triage state;G;is entering helicopter;1
3870,543,filterLoc,out,Evacuee 311 in triage category G is assigned helicopter 1
3870,543,filterLoc,,
3870,544,evacuee,,Evacuee;311;in triage state;G;is entering helicopter;1
3870,822,filterLoc,out,Evacuee 332 in triage category G is assigned helicopter 1
3870,822,filterLoc,,
3870,823,evacuee,,Evacuee;332;in triage state;G;is entering helicopter;1
3870,1373,filterLoc,out,Evacuee 329 in triage category G is assigned helicopter 1
3870,1373,filterLoc,,
3870,1374,evacuee,,Evacuee;329;in triage state;G;is entering helicopter;1
3870,103,filterEvac,,
3870,310,evacuee,outHelo,Evacuee 322 in triage category G is assigned helicopter 1
3870,310,evacuee,,Evacuee;322;in triage state;G;is in helicopter;1
3870,313,evacuee,outHelo,Evacuee 321 in triage category G is assigned helicopter 1
3870,313,evacuee,,Evacuee;321;in triage state;G;is in helicopter;1
3870,316,evacuee,outHelo,Evacuee 319 in triage category G is assigned helicopter 1
3870,316,evacuee,,Evacuee;319;in triage state;G;is in helicopter;1
3870,319,evacuee,outHelo,Evacuee 318 in triage category G is assigned helicopter 1
3870,319,evacuee,,Evacuee;318;in triage state;G;is in helicopter;1
3870,322,evacuee,outHelo,Evacuee 317 in triage category G is assigned helicopter 1
3870,322,evacuee,,Evacuee;317;in triage state;G;is in helicopter;1
3870,430,evacuee,outHelo,Evacuee 337 in triage category G is assigned helicopter 1
3870,430,evacuee,,Evacuee;337;in triage state;G;is in helicopter;1
3870,433,evacuee,outHelo,Evacuee 301 in triage category G is assigned helicopter 1
3870,433,evacuee,,Evacuee;301;in triage state;G;is in helicopter;1
3870,544,evacuee,outHelo,Evacuee 311 in triage category G is assigned helicopter 1
3870,544,evacuee,,Evacuee;311;in triage state;G;is in helicopter;1
3870,823,evacuee,outHelo,Evacuee 332 in triage category G is assigned helicopter 1
3870,823,evacuee,,Evacuee;332;in triage state;G;is in helicopter;1
3870,1119,filterEvac,,
3870,1159,filterEvac,,;Evacuee;301;in triage category;G;is entering helicopter;1;Evacuee;311;in triage category;G;is entering helicopter;1;Evacuee;317;in triage category;G;is entering helicopter;1;Evacuee;318;in triage category;G;is entering helicopter;1;Evacuee;319;in triage category;G;is entering helicopter;1;Evacuee;321;in triage category;G;is entering helicopter;1;Evacuee;322;in triage category;G;is entering helicopter;1;Evacuee;329;in triage category;G;is entering helicopter;1;Evacuee;332;in triage category;G;is entering helicopter;1;Evacuee;337;in triage category;G;is entering helicopter;1
3870,1374,evacuee,outHelo,Evacuee 329 in triage category G is assigned helicopter 1
3870,1374,evacuee,,Evacuee;329;in triage state;G;is in helicopter;1
3870,1159,filterEvac,out,Evacuee 301 in triage category G is assigned helicopter 1
3870,1159,filterEvac,out,Evacuee 311 in triage category G is assigned helicopter 1
3870,1159,filterEvac,out,Evacuee 317 in triage category G is assigned helicopter 1
3870,1159,filterEvac,out,Evacuee 318 in triage category G is assigned helicopter 1
3870,1159,filterEvac,out,Evacuee 319 in triage category G is assigned helicopter 1
3870,1159,filterEvac,out,Evacuee 321 in triage category G is assigned helicopter 1
3870,1159,filterEvac,out,Evacuee 322 in triage category G is assigned helicopter 1
3870,1159,filterEvac,out,Evacuee 329 in triage category G is assigned helicopter 1
3870,1159,filterEvac,out,Evacuee 332 in triage category G is assigned helicopter 1
3870,1159,filterEvac,out,Evacuee 337 in triage category G is assigned helicopter 1
3870,1159,filterEvac,,
3870,1161,helicopter,,Helicopter;1;is loading people at the evacuation site;;and has;10;spots taken
3884.97,3,evacueeManager,,OFF SHIP: White;0;Green;43;Yellow;17;Red;2;Black;338;ON SHIP: White;0;Green;0;Yellow;0;Red;0;Evacuees to Transfer;
3884.97,604,evacuee,outES,Evacuee 342 in triage category Y is not assigned a helicopter
3884.97,604,evacuee,,Evacuee;342;in triage state;R;is at the evacuation site
3885,4,helipadManager,outHelo,Helicopter 1 is evacuating people1
3885,4,helipadManager,,;No helos are at ES
3885,104,filterES,,
3885,1120,filterES,,
3885,1160,filterES,,Helicopter;1;is evacuating people
3885,4,helipadManager,outHQ,0
3885,4,helipadManager,,;No helos are at ES
3885,5,helicopterQueue,,;No helos are waiting to land
3885,1160,filterES,out,Helicopter 1 is evacuating people1
3885,1160,filterES,,
3885,1161,helicopter,,Helicopter;1;is loading people at the evacuation site;;and has;10;spots taken
3885,5,helicopterQueue,,;No helos are waiting to land
3885,1161,helicopter,,Helicopter;1;is returning to the FOL;;and has;10;spots taken
3889.56,3,evacueeManager,,OFF SHIP: White;0;Green;43;Yellow;16;Red;3;Black;338;ON SHIP: White;0;Green;0;Yellow;0;Red;0;Evacuees to Transfer;
3889.56,250,evacuee,outES,Evacuee 354 in triage category Y is not assigned a helicopter
3889.56,250,evacuee,,Evacuee;354;in triage state;R;is at the evacuation site
3898.91,3,evacueeManager,,OFF SHIP: White;0;Green;42;Yellow;17;Red;3;Black;338;ON SHIP: White;0;Green;0;Yellow;0;Red;0;Evacuees to Transfer;
3898.91,949,evacuee,outES,Evacuee 418 in triage category G is not assigned a helicopter
3898.91,949,evacuee,,Evacuee;418;in triage state;Y;is at the evacuation site
3918.89,3,evacueeManager,,OFF SHIP: White;0;Green;42;Yellow;16;Red;4;Black;338;ON SHIP: White;0;Green;0;Yellow;0;Red;0;Evacuees to Transfer;
3918.89,1365,evacuee,outES,Evacuee 197 in triage category Y is not assigned a helicopter
3918.89,1365,evacuee,,Evacuee;197;in triage state;R;is at the evacuation site
3923.76,3,evacueeManager,,OFF SHIP: White;0;Green;42;Yellow;16;Red;3;Black;339;ON SHIP: White;0;Green;0;Yellow;0;Red;0;Evacuees to Transfer;
3923.76,604,evacuee,outES,Evacuee 342 in triage category R is not assigned a helicopter
3923.76,604,evacuee,,Evacuee;342;in triage state;B;is at the evacuation site
3923.78,3,evacueeManager,,OFF SHIP: White;0;Green;42;Yellow;16;Red;2;Black;340;ON SHIP: White;0;Green;0;Yellow;0;Red;0;Evacuees to Transfer;
3923.78,307,evacuee,outES,Evacuee 365 in triage category R is not assigned a helicopter
3923.78,307,evacuee,,Evacuee;365;in triage state;B;is at the evacuation site
3930,5,helicopterQueue,,1;Helos are waiting to land;HeloID;2
3930,1121,helicopter,outES,Helicopter 2 is evacuating people2
3930,1121,helicopter,,Helicopter;2;is waiting to land at the evacuation site;;and has;0;spots taken
3930,4,helipadManager,,;No helos are at ES
3930,5,helicopterQueue,outHM,Helicopter 2 is evacuating people2
3930,5,helicopterQueue,outHelo,Helicopter 2 is evacuating people2
3930,5,helicopterQueue,,;No helos are waiting to land
3930,104,filterES,,
3930,1120,filterES,,Helicopter;2;is evacuating people
3930,1160,filterES,,
3930,3,evacueeManager,,OFF SHIP: White;0;Green;32;Yellow;16;Red;2;Black;340;ON SHIP: White;0;Green;0;Yellow;0;Red;0;Evacuees to Transfer;;EvacueeID;339;HeloID;2;OnShip;0;Triage Status;G;EvacueeID;346;HeloID;2;OnShip;0;Triage Status;G;EvacueeID;348;HeloID;2;OnShip;0;Triage Status;G;EvacueeID;349;HeloID;2;OnShip;0;Triage Status;G;EvacueeID;350;HeloID;2;OnShip;0;Triage Status;G;EvacueeID;351;HeloID;2;OnShip;0;Triage Status;G;EvacueeID;353;HeloID;2;OnShip;0;Triage Status;G;EvacueeID;378;HeloID;2;OnShip;0;Triage Status;G;EvacueeID;379;HeloID;2;OnShip;0;Triage Status;G;EvacueeID;380;HeloID;2;OnShip;0;Triage Status;G
3930,4,helipadManager,outEM,Helicopter 2 is evacuating people2
3930,4,helipadManager,,Helo;2;is at the ES
3930,1120,filterES,out,Helicopter 2 is evacuating people2
3930,1120,filterES,,
3930,1121,helicopter,,Helicopter;2;is waiting to land at the evacuation site;;and has;0;spots taken
3930,3,evacueeManager,outEvac,Evacuee 339 in triage category G is assigned helicopter 2
3930,3,evacueeManager,outEvac,Evacuee 346 in triage category G is assigned helicopter 2
3930,3,evacueeManager,outEvac,Evacuee 348 in triage category G is assigned helicopter 2
3930,3,evacueeManager,outEvac,Evacuee 349 in triage category G is assigned helicopter 2
3930,3,evacueeManager,outEvac,Evacuee 350 in triage category G is assigned helicopter 2
3930,3,evacueeManager,outEvac,Evacuee 351 in triage category G is assigned helicopter 2
3930,3,evacueeManager,outEvac,Evacuee 353 in triage category G is assigned helicopter 2
3930,3,evacueeManager,outEvac,Evacuee 378 in triage category G is assigned helicopter 2
3930,3,evacueeManager,outEvac,Evacuee 379 in triage category G is assigned helicopter 2
3930,3,evacueeManager,outEvac,Evacuee 380 in triage category G is assigned helicopter 2
3930,3,evacueeManager,,OFF SHIP: White;0;Green;32;Yellow;16;Red;2;Black;340;ON SHIP: White;0;Green;0;Yellow;0;Red;0;Evacuees to Transfer;
3930,7,filterLoc,,
3930,10,filterLoc,,
3930,13,filterLoc,,
3930,16,filterLoc,,
3930,19,filterLoc,,
3930,22,filterLoc,,
3930,25,filterLoc,,
3930,28,filterLoc,,
3930,31,filterLoc,,
3930,34,filterLoc,,
3930,37,filterLoc,,
3930,40,filterLoc,,
3930,43,filterLoc,,
3930,46,filterLoc,,
3930,49,filterLoc,,
3930,52,filterLoc,,
3930,55,filterLoc,,
3930,58,filterLoc,,
3930,61,filterLoc,,
3930,64,filterLoc,,
3930,67,filterLoc,,
3930,70,filterLoc,,
3930,73,filterLoc,,
3930,76,filterLoc,,
3930,79,filterLoc,,
3930,82,filterLoc,,
3930,85,filterLoc,,
3930,88,filterLoc,,
3930,91,filterLoc,,
3930,94,filterLoc,,
3930,97,filterLoc,,
3930,100,filterLoc,,
3930,107,filterLoc,,
3930,110,filterLoc,,
3930,113,filterLoc,,
3930,116,filterLoc,,
3930,119,filterLoc,,
3930,122,filterLoc,,
3930,125,filterLoc,,
3930,128,filterLoc,,
3930,131,filterLoc,,
3930,134,filterLoc,,
3930,137,filterLoc,,
3930,140,filterLoc,,
3930,143,filterLoc,,
3930,146,filterLoc,,
3930,149,filterLoc,,
3930,152,filterLoc,,
3930,155,filterLoc,,
3930,158,filterLoc,,
3930,161,filterLoc,,
3930,164,filterLoc,,
3930,167,filterLoc,,
3930,170,filterLoc,,
3930,173,filterLoc,,
3930,176,filterLoc,,
3930,179,filterLoc,,
3930,182,filterLoc,,
3930,185,filterLoc,,
3930,188,filterLoc,,
3930,191,filterLoc,,
3930,194,filterLoc,,
3930,197,filterLoc,,
3930,200,filterLoc,,;Evacuee;380;in triage category;G;is entering helicopter;2
3930,203,filterLoc,,;Evacuee;379;in triage category;G;is entering helicopter;2
3930,206,filterLoc,,;Evacuee;378;in triage category;G;is entering helicopter;2
3930,209,filterLoc,,
3930,212,filterLoc,,
3930,215,filterLoc,,
3930,218,filterLoc,,
3930,221,filterLoc,,
3930,225,filterLoc,,
3930,228,filterLoc,,
3930,231,filterLoc,,
3930,234,filterLoc,,
3930,237,filterLoc,,
3930,240,filterLoc,,
3930,243,filterLoc,,
3930,246,filterLoc,,
3930,249,filterLoc,,
3930,252,filterLoc,,;Evacuee;353;in triage category;G;is entering helicopter;2
3930,255,filterLoc,,;Evacuee;351;in triage category;G;is entering helicopter;2
3930,258,filterLoc,,;Evacuee;349;in triage category;G;is entering helicopter;2
3930,261,filterLoc,,;Evacuee;348;in triage category;G;is entering helicopter;2
3930,264,filterLoc,,;Evacuee;346;in triage category;G;is entering helicopter;2
3930,267,filterLoc,,
3930,270,filterLoc,,
3930,273,filterLoc,,
3930,276,filterLoc,,
3930,279,filterLoc,,
3930,282,filterLoc,,
3930,285,filterLoc,,
3930,288,filterLoc,,
3930,291,filterLoc,,
3930,294,filterLoc,,
3930,297,filterLoc,,
3930,300,filterLoc,,
3930,303,filterLoc,,
3930,306,filterLoc,,
3930,309,filterLoc,,
3930,312,filterLoc,,
3930,315,filterLoc,,
3930,318,filterLoc,,
3930,321,filterLoc,,
3930,324,filterLoc,,
3930,327,filterLoc,,
3930,330,filterLoc,,
3930,333,filterLoc,,
3930,336,filterLoc,,
3930,339,filterLoc,,
3930,342,filterLoc,,
3930,345,filterLoc,,
3930,348,filterLoc,,
3930,351,filterLoc,,
3930,354,filterLoc,,
3930,357,filterLoc,,
3930,360,filterLoc,,
3930,363,filterLoc,,
3930,366,filterLoc,,
3930,369,filterLoc,,
3930,372,filterLoc,,
3930,375,filterLoc,,
3930,378,filterLoc,,;Evacuee;350;in triage category;G;is entering helicopter;2
3930,381,filterLoc,,
3930,384,filterLoc,,
3930,387,filterLoc,,
3930,390,filterLoc,,
3930,393,filterLoc,,
3930,396,filterLoc,,
3930,399,filterLoc,,
3930,402,filterLoc,,
3930,405,filterLoc,,
3930,408,filterLoc,,
3930,411,filterLoc,,
3930,414,filterLoc,,
3930,417,filterLoc,,
3930,420,filterLoc,,
3930,423,filterLoc,,
3930,426,filterLoc,,
3930,429,filterLoc,,
3930,432,filterLoc,,
3930,435,filterLoc,,
3930,438,filterLoc,,
3930,441,filterLoc,,
3930,444,filterLoc,,
3930,447,filterLoc,,
3930,450,filterLoc,,
3930,453,filterLoc,,
3930,456,filterLoc,,
3930,459,filterLoc,,
3930,462,filterLoc,,
3930,465,filterLoc,,
3930,468,filterLoc,,
3930,471,filterLoc,,
3930,474,filterLoc,,
3930,477,filterLoc,,
3930,480,filterLoc,,
3930,483,filterLoc,,
3930,486,filterLoc,,
3930,489,filterLoc,,
3930,492,filterLoc,,
3930,495,filterLoc,,
3930,498,filterLoc,,
3930,501,filterLoc,,
3930,504,filterLoc,,
3930,507,filterLoc,,
3930,510,filterLoc,,
3930,513,filterLoc,,
3930,516,filterLoc,,
3930,519,filterLoc,,
3930,522,filterLoc,,
3930,525,filterLoc,,
3930,528,filterLoc,,
3930,531,filterLoc,,
3930,534,filterLoc,,
3930,537,filterLoc,,
3930,540,filterLoc,,
3930,543,filterLoc,,
3930,546,filterLoc,,
3930,549,filterLoc,,
3930,552,filterLoc,,
3930,555,filterLoc,,
3930,558,filterLoc,,
3930,561,filterLoc,,
3930,564,filterLoc,,
3930,567,filterLoc,,
3930,570,filterLoc,,
3930,573,filterLoc,,
3930,576,filterLoc,,
3930,579,filterLoc,,
3930,582,filterLoc,,
3930,585,filterLoc,,
3930,588,filterLoc,,
3930,591,filterLoc,,
3930,594,filterLoc,,
3930,597,filterLoc,,
3930,600,filterLoc,,
3930,603,filterLoc,,
3930,606,filterLoc,,
3930,609,filterLoc,,
3930,612,filterLoc,,
3930,615,filterLoc,,
3930,618,filterLoc,,
3930,621,filterLoc,,
3930,624,filterLoc,,
3930,627,filterLoc,,
3930,630,filterLoc,,
3930,633,filterLoc,,
3930,636,filterLoc,,
3930,639,filterLoc,,
3930,642,filterLoc,,
3930,645,filterLoc,,
3930,648,filterLoc,,
3930,651,filterLoc,,
3930,654,filterLoc,,
3930,657,filterLoc,,
3930,660,filterLoc,,
3930,663,filterLoc,,
3930,666,filterLoc,,
3930,669,filterLoc,,
3930,672,filterLoc,,
3930,675,filterLoc,,
3930,678,filterLoc,,
3930,681,filterLoc,,
3930,684,filterLoc,,
3930,687,filterLoc,,
3930,690,filterLoc,,
3930,693,filterLoc,,
3930,696,filterLoc,,
3930,699,filterLoc,,
3930,702,filterLoc,,
3930,705,filterLoc,,
3930,708,filterLoc,,
3930,711,filterLoc,,
3930,714,filterLoc,,
3930,717,filterLoc,,
3930,720,filterLoc,,
3930,723,filterLoc,,
3930,726,filterLoc,,
3930,729,filterLoc,,
3930,732,filterLoc,,
3930,735,filterLoc,,
3930,738,filterLoc,,
3930,741,filterLoc,,
3930,744,filterLoc,,
3930,747,filterLoc,,
3930,750,filterLoc,,
3930,753,filterLoc,,
3930,756,filterLoc,,
3930,759,filterLoc,,
3930,762,filterLoc,,
3930,765,filterLoc,,
3930,768,filterLoc,,
3930,771,filterLoc,,
3930,774,filterLoc,,
3930,777,filterLoc,,
3930,780,filterLoc,,
3930,783,filterLoc,,
3930,786,filterLoc,,
3930,789,filterLoc,,
3930,792,filterLoc,,
3930,795,filterLoc,,
3930,798,filterLoc,,
3930,801,filterLoc,,
3930,804,filterLoc,,
3930,807,filterLoc,,
3930,810,filterLoc,,
3930,813,filterLoc,,
3930,816,filterLoc,,
3930,819,filterLoc,,
3930,822,filterLoc,,
3930,825,filterLoc,,
3930,828,filterLoc,,
3930,831,filterLoc,,
3930,834,filterLoc,,
3930,837,filterLoc,,
3930,840,filterLoc,,
3930,843,filterLoc,,
3930,846,filterLoc,,
3930,849,filterLoc,,
3930,852,filterLoc,,
3930,855,filterLoc,,
3930,858,filterLoc,,
3930,861,filterLoc,,
3930,864,filterLoc,,
3930,867,filterLoc,,
3930,870,filterLoc,,
3930,873,filterLoc,,
3930,876,filterLoc,,
3930,879,filterLoc,,
3930,882,filterLoc,,
3930,885,filterLoc,,
3930,888,filterLoc,,
3930,891,filterLoc,,
3930,894,filterLoc,,
3930,897,filterLoc,,
3930,900,filterLoc,,
3930,903,filterLoc,,
3930,906,filterLoc,,
3930,909,filterLoc,,
3930,912,filterLoc,,
3930,915,filterLoc,,
3930,918,filterLoc,,
3930,921,filterLoc,,
3930,924,filterLoc,,
3930,927,filterLoc,,
3930,930,filterLoc,,
3930,933,filterLoc,,
3930,936,filterLoc,,
3930,939,filterLoc,,
3930,942,filterLoc,,
3930,945,filterLoc,,
3930,948,filterLoc,,
3930,951,filterLoc,,
3930,954,filterLoc,,
3930,957,filterLoc,,
3930,960,filterLoc,,
3930,963,filterLoc,,
3930,966,filterLoc,,
3930,969,filterLoc,,
3930,972,filterLoc,,
3930,975,filterLoc,,
3930,978,filterLoc,,
3930,981,filterLoc,,
3930,984,filterLoc,,
3930,987,filterLoc,,
3930,990,filterLoc,,
3930,993,filterLoc,,
3930,996,filterLoc,,
3930,999,filterLoc,,
3930,1002,filterLoc,,
3930,1005,filterLoc,,
3930,1008,filterLoc,,
3930,1011,filterLoc,,
3930,1014,filterLoc,,
3930,1017,filterLoc,,
3930,1020,filterLoc,,
3930,1023,filterLoc,,
3930,1026,filterLoc,,
3930,1029,filterLoc,,
3930,1032,filterLoc,,
3930,1035,filterLoc,,
3930,1038,filterLoc,,
3930,1041,filterLoc,,
3930,1044,filterLoc,,
3930,1047,filterLoc,,
3930,1050,filterLoc,,
3930,1053,filterLoc,,
3930,1056,filterLoc,,
3930,1059,filterLoc,,
3930,1062,filterLoc,,
3930,1065,filterLoc,,
3930,1068,filterLoc,,
3930,1071,filterLoc,,
3930,1074,filterLoc,,
3930,1077,filterLoc,,
3930,1080,filterLoc,,
3930,1083,filterLoc,,
3930,1086,filterLoc,,
3930,1089,filterLoc,,
3930,1092,filterLoc,,
3930,1095,filterLoc,,
3930,1098,filterLoc,,
3930,1101,filterLoc,,
3930,1104,filterLoc,,
3930,1107,filterLoc,,
3930,1110,filterLoc,,
3930,1113,filterLoc,,
3930,1116,filterLoc,,
3930,1121,helicopter,,Helicopter;2;is loading people at the evacuation site;;and has;0;spots taken
3930,1123,filterLoc,,
3930,1126,filterLoc,,
3930,1129,filterLoc,,
3930,1132,filterLoc,,
3930,1135,filterLoc,,
3930,1138,filterLoc,,
3930,1141,filterLoc,,
3930,1144,filterLoc,,
3930,1147,filterLoc,,
3930,1150,filterLoc,,
3930,1153,filterLoc,,
3930,1156,filterLoc,,
3930,1163,filterLoc,,
3930,1166,filterLoc,,
3930,1169,filterLoc,,
3930,1172,filterLoc,,
3930,1175,filterLoc,,
3930,1178,filterLoc,,
3930,1181,filterLoc,,
3930,1184,filterLoc,,
3930,1187,filterLoc,,
3930,1190,filterLoc,,
3930,1193,filterLoc,,
3930,1196,filterLoc,,
3930,1199,filterLoc,,
3930,1202,filterLoc,,
3930,1205,filterLoc,,
3930,1208,filterLoc,,
3930,1211,filterLoc,,
3930,1214,filterLoc,,
3930,1217,filterLoc,,
3930,1220,filterLoc,,
3930,1223,filterLoc,,
3930,1226,filterLoc,,
3930,1229,filterLoc,,
3930,1232,filterLoc,,
3930,1235,filterLoc,,
3930,1238,filterLoc,,
3930,1241,filterLoc,,
3930,1244,filterLoc,,
3930,1247,filterLoc,,
3930,1250,filterLoc,,
3930,1253,filterLoc,,
3930,1256,filterLoc,,
3930,1259,filterLoc,,
3930,1262,filterLoc,,
3930,1265,filterLoc,,
3930,1268,filterLoc,,
3930,1271,filterLoc,,
3930,1274,filterLoc,,
3930,1277,filterLoc,,
3930,1280,filterLoc,,
3930,1283,filterLoc,,
3930,1286,filterLoc,,
3930,1289,filterLoc,,
3930,1292,filterLoc,,
3930,1295,filterLoc,,
3930,1298,filterLoc,,
3930,1301,filterLoc,,
3930,1304,filterLoc,,
3930,1307,filterLoc,,
3930,1310,filterLoc,,
3930,1313,filterLoc,,
3930,1316,filterLoc,,
3930,1319,filterLoc,,
3930,1322,filterLoc,,
3930,1325,filterLoc,,
3930,1328,filterLoc,,
3930,1331,filterLoc,,
3930,1334,filterLoc,,
3930,1337,filterLoc,,
3930,1340,filterLoc,,
3930,1343,filterLoc,,
3930,1346,filterLoc,,
3930,1349,filterLoc,,
3930,1352,filterLoc,,
3930,1355,filterLoc,,
3930,1358,filterLoc,,
3930,1361,filterLoc,,
3930,1364,filterLoc,,
3930,1367,filterLoc,,
3930,1370,filterLoc,,
3930,1373,filterLoc,,
3930,1376,filterLoc,,
3930,1379,filterLoc,,
3930,1382,filterLoc,,
3930,1385,filterLoc,,
3930,1388,filterLoc,,
3930,1391,filterLoc,,
3930,1394,filterLoc,,
3930,1397,filterLoc,,
3930,1400,filterLoc,,
3930,1403,filterLoc,,
3930,1406,filterLoc,,
3930,1409,filterLoc,,
3930,1412,filterLoc,,
3930,1415,filterLoc,,
3930,1418,filterLoc,,
3930,1421,filterLoc,,
3930,1424,filterLoc,,
3930,1427,filterLoc,,
3930,1430,filterLoc,,
3930,1433,filterLoc,,
3930,1436,filterLoc,,
3930,1439,filterLoc,,;Evacuee;339;in triage category;G;is entering helicopter;2
3930,1442,filterLoc,,
3930,1445,filterLoc,,
3930,1448,filterLoc,,
3930,1451,filterLoc,,
3930,1454,filterLoc,,
3930,1457,filterLoc,,
3930,1460,filterLoc,,
3930,1463,filterLoc,,
3930,1466,filterLoc,,
3930,1469,filterLoc,,
3930,1472,filterLoc,,
3930,1475,filterLoc,,
3930,1478,filterLoc,,
3930,1481,filterLoc,,
3930,1484,filterLoc,,
3930,1487,filterLoc,,
3930,1490,filterLoc,,
3930,1493,filterLoc,,
3930,1496,filterLoc,,
3930,1499,filterLoc,,
3930,1502,filterLoc,,
3930,1505,filterLoc,,
3930,1508,filterLoc,,
3930,1511,filterLoc,,
3930,1514,filterLoc,,
3930,1517,filterLoc,,
3930,200,filterLoc,out,Evacuee 380 in triage category G is assigned helicopter 2
3930,200,filterLoc,,
3930,201,evacuee,,Evacuee;380;in triage state;G;is entering helicopter;2
3930,203,filterLoc,out,Evacuee 379 in triage category G is assigned helicopter 2
3930,203,filterLoc,,
3930,204,evacuee,,Evacuee;379;in triage state;G;is entering helicopter;2
3930,206,filterLoc,out,Evacuee 378 in triage category G is assigned helicopter 2
3930,206,filterLoc,,
3930,207,evacuee,,Evacuee;378;in triage state;G;is entering helicopter;2
3930,252,filterLoc,out,Evacuee 353 in triage category G is assigned helicopter 2
3930,252,filterLoc,,
3930,253,evacuee,,Evacuee;353;in triage state;G;is entering helicopter;2
3930,255,filterLoc,out,Evacuee 351 in triage category G is assigned helicopter 2
3930,255,filterLoc,,
3930,256,evacuee,,Evacuee;351;in triage state;G;is entering helicopter;2
3930,258,filterLoc,out,Evacuee 349 in triage category G is assigned helicopter 2
3930,258,filterLoc,,
3930,259,evacuee,,Evacuee;349;in triage state;G;is entering helicopter;2
3930,261,filterLoc,out,Evacuee 348 in triage category G is assigned helicopter 2
3930,261,filterLoc,,
3930,262,evacuee,,Evacuee;348;in triage state;G;is entering helicopter;2
3930,264,filterLoc,out,Evacuee 346 in triage category G is assigned helicopter 2
3930,264,filterLoc,,
3930,265,evacuee,,Evacuee;346;in triage state;G;is entering helicopter;2
3930,378,filterLoc,out,Evacuee 350 in triage category G is assigned helicopter 2
3930,378,filterLoc,,
3930,379,evacuee,,Evacuee;350;in triage state;G;is entering helicopter;2
3930,1439,filterLoc,out,Evacuee 339 in triage category G is assigned helicopter 2
3930,1439,filterLoc,,
3930,1440,evacuee,,Evacuee;339;in triage state;G;is entering helicopter;2
3930,103,filterEvac,,
3930,201,evacuee,outHelo,Evacuee 380 in triage category G is assigned helicopter 2
3930,201,evacuee,,Evacuee;380;in triage state;G;is in helicopter;2
3930,204,evacuee,outHelo,Evacuee 379 in triage category G is assigned helicopter 2
3930,204,evacuee,,Evacuee;379;in triage state;G;is in helicopter;2
3930,207,evacuee,outHelo,Evacuee 378 in triage category G is assigned helicopter 2
3930,207,evacuee,,Evacuee;378;in triage state;G;is in helicopter;2
3930,253,evacuee,outHelo,Evacuee 353 in triage category G is assigned helicopter 2
3930,253,evacuee,,Evacuee;353;in triage state;G;is in helicopter;2
3930,256,evacuee,outHelo,Evacuee 351 in triage category G is assigned helicopter 2
3930,256,evacuee,,Evacuee;351;in triage state;G;is in helicopter;2
3930,259,evacuee,outHelo,Evacuee 349 in triage category G is assigned helicopter 2
3930,259,evacuee,,Evacuee;349;in triage state;G;is in helicopter;2
3930,262,evacuee,outHelo,Evacuee 348 in triage category G is assigned helicopter 2
3930,262,evacuee,,Evacuee;348;in triage state;G;is in helicopter;2
3930,265,evacuee,outHelo,Evacuee 346 in triage category G is assigned helicopter 2
3930,265,evacuee,,Evacuee;346;in triage state;G;is in helicopter;2
3930,379,evacuee,outHelo,Evacuee 350 in triage category G is assigned helicopter 2
3930,379,evacuee,,Evacuee;350;in triage state;G;is in helicopter;2
3930,1119,filterEvac,,;Evacuee;339;in triage category;G;is entering helicopter;2;Evacuee;346;in triage category;G;is entering helicopter;2;Evacuee;348;in triage category;G;is entering helicopter;2;Evacuee;349;in triage category;G;is entering helicopter;2;Evacuee;350;in triage category;G;is entering helicopter;2;Evacuee;351;in triage category;G;is entering helicopter;2;Evacuee;353;in triage category;G;is entering helicopter;2;Evacuee;378;in triage category;G;is entering helicopter;2;Evacuee;379;in triage category;G;is entering helicopter;2;Evacuee;380;in triage category;G;is entering helicopter;2
3930,1159,filterEvac,,
3930,1440,evacuee,outHelo,Evacuee 339 in triage category G is assigned helicopter 2
3930,1440,evacuee,,Evacuee;339;in triage state;G;is in helicopter;2
3930,1119,filterEvac,out,Evacuee 339 in triage category G is assigned helicopter 2
3930,1119,filterEvac,out,Evacuee 346 in triage category G is assigned helicopter 2
3930,1119,filterEvac,out,Evacuee 348 in triage category G is assigned helicopter 2
3930,1119,filterEvac,out,Evacuee 349 in triage category G is assigned helicopter 2
3930,1119,filterEvac,out,Evacuee 350 in triage category G is assigned helicopter 2
3930,1119,filterEvac,out,Evacuee 351 in triage category G is assigned helicopter 2
3930,1119,filterEvac,out,Evacuee 353 in triage category G is assigned helicopter 2
3930,1119,filterEvac,out,Evacuee 378 in triage category G is assigned helicopter 2
3930,1119,filterEvac,out,Evacuee 379 in triage category G is assigned helicopter 2
3930,1119,filterEvac,out,Evacuee 380 in triage category G is assigned helicopter 2
3930,1119,filterEvac,,
3930,1121,helicopter,,Helicopter;2;is loading people at the evacuation site;;and has;10;spots taken
3930.59,3,evacueeManager,,OFF SHIP: White;0;Green;31;Yellow;17;Red;2;Black;340;ON SHIP: White;0;Green;0;Yellow;0;Red;0;Evacuees to Transfer;
3930.59,1368,evacuee,outES,Evacuee 450 in triage category G is not assigned a helicopter
3930.59,1368,evacuee,,Evacuee;450;in triage state;Y;is at the evacuation site
3945,4,helipadManager,outHelo,Helicopter 2 is evacuating people2
3945,4,helipadManager,,;No helos are at ES
3945,104,filterES,,
3945,1120,filterES,,Helicopter;2;is evacuating people
3945,1160,filterES,,
3945,4,helipadManager,outHQ,0
3945,4,helipadManager,,;No helos are at ES
3945,5,helicopterQueue,,;No helos are waiting to land
3945,1120,filterES,out,Helicopter 2 is evacuating people2
3945,1120,filterES,,
3945,1121,helicopter,,Helicopter;2;is loading people at the evacuation site;;and has;10;spots taken
3945,5,helicopterQueue,,;No helos are waiting to land
3945,1121,helicopter,,Helicopter;2;is returning to the FOL;;and has;10;spots taken
3971.14,3,evacueeManager,,OFF SHIP: White;0;Green;31;Yellow;17;Red;1;Black;341;ON SHIP: White;0;Green;0;Yellow;0;Red;0;Evacuees to Transfer;
3971.14,1365,evacuee,outES,Evacuee 197 in triage category R is not assigned a helicopter
3971.14,1365,evacuee,,Evacuee;197;in triage state;B;is at the evacuation site
3990,5,helicopterQueue,,1;Helos are waiting to land;HeloID;3
3990,105,helicopter,outES,Helicopter 3 is evacuating people3
3990,105,helicopter,,Helicopter;3;is waiting to land at the evacuation site;;and has;0;spots taken
3990,4,helipadManager,,;No helos are at ES
3990,5,helicopterQueue,outHM,Helicopter 3 is evacuating people3
3990,5,helicopterQueue,outHelo,Helicopter 3 is evacuating people3
3990,5,helicopterQueue,,;No helos are waiting to land
3990,104,filterES,,Helicopter;3;is evacuating people
3990,1120,filterES,,
3990,1160,filterES,,
3990,3,evacueeManager,,OFF SHIP: White;0;Green;21;Yellow;17;Red;1;Black;341;ON SHIP: White;0;Green;0;Yellow;0;Red;0;Evacuees to Transfer;;EvacueeID;381;HeloID;3;OnShip;0;Triage Status;G;EvacueeID;385;HeloID;3;OnShip;0;Triage Status;G;EvacueeID;386;HeloID;3;OnShip;0;Triage Status;G;EvacueeID;387;HeloID;3;OnShip;0;Triage Status;G;EvacueeID;388;HeloID;3;OnShip;0;Triage Status;G;EvacueeID;391;HeloID;3;OnShip;0;Triage Status;G;EvacueeID;402;HeloID;3;OnShip;0;Triage Status;G;EvacueeID;403;HeloID;3;OnShip;0;Triage Status;G;EvacueeID;404;HeloID;3;OnShip;0;Triage Status;G;EvacueeID;406;HeloID;3;OnShip;0;Triage Status;G
3990,4,helipadManager,outEM,Helicopter 3 is evacuating people3
3990,4,helipadManager,,Helo;3;is at the ES
3990,104,filterES,out,Helicopter 3 is evacuating people3
3990,104,filterES,,
3990,105,helicopter,,Helicopter;3;is waiting to land at the evacuation site;;and has;0;spots taken
3990,3,evacueeManager,outEvac,Evacuee 381 in triage category G is assigned helicopter 3
3990,3,evacueeManager,outEvac,Evacuee 385 in triage category G is assigned helicopter 3
3990,3,evacueeManager,outEvac,Evacuee 386 in triage category G is assigned helicopter 3
3990,3,evacueeManager,outEvac,Evacuee 387 in triage category G is assigned helicopter 3
3990,3,evacueeManager,outEvac,Evacuee 388 in triage category G is assigned helicopter 3
3990,3,evacueeManager,outEvac,Evacuee 391 in triage category G is assigned helicopter 3
3990,3,evacueeManager,outEvac,Evacuee 402 in triage category G is assigned helicopter 3
3990,3,evacueeManager,outEvac,Evacuee 403 in triage category G is assigned helicopter 3
3990,3,evacueeManager,outEvac,Evacuee 404 in triage category G is assigned helicopter 3
3990,3,evacueeManager,outEvac,Evacuee 406 in triage category G is assigned helicopter 3
3990,3,evacueeManager,,OFF SHIP: White;0;Green;21;Yellow;17;Red;1;Black;341;ON SHIP: White;0;Green;0;Yellow;0;Red;0;Evacuees to Transfer;
3990,7,filterLoc,,
3990,10,filterLoc,,
3990,13,filterLoc,,
3990,16,filterLoc,,
3990,19,filterLoc,,
3990,22,filterLoc,,
3990,25,filterLoc,,
3990,28,filterLoc,,
3990,31,filterLoc,,
3990,34,filterLoc,,
3990,37,filterLoc,,
3990,40,filterLoc,,
3990,43,filterLoc,,
3990,46,filterLoc,,
3990,49,filterLoc,,
3990,52,filterLoc,,
3990,55,filterLoc,,
3990,58,filterLoc,,
3990,61,filterLoc,,
3990,64,filterLoc,,
3990,67,filterLoc,,
3990,70,filterLoc,,
3990,73,filterLoc,,
3990,76,filterLoc,,
3990,79,filterLoc,,
3990,82,filterLoc,,
3990,85,filterLoc,,
3990,88,filterLoc,,
3990,91,filterLoc,,
3990,94,filterLoc,,
3990,97,filterLoc,,
3990,100,filterLoc,,
3990,105,helicopter,,Helicopter;3;is loading people at the evacuation site;;and has;0;spots taken
3990,107,filterLoc,,
3990,110,filterLoc,,
3990,113,filterLoc,,
3990,116,filterLoc,,
3990,119,filterLoc,,
3990,122,filterLoc,,
3990,125,filterLoc,,
3990,128,filterLoc,,
3990,131,filterLoc,,
3990,134,filterLoc,,
3990,137,filterLoc,,
3990,140,filterLoc,,
3990,143,filterLoc,,;Evacuee;406;in triage category;G;is entering helicopter;3
3990,146,filterLoc,,;Evacuee;404;in triage category;G;is entering helicopter;3
3990,149,filterLoc,,;Evacuee;403;in triage category;G;is entering helicopter;3
3990,152,filterLoc,,
3990,155,filterLoc,,
3990,158,filterLoc,,
3990,161,filterLoc,,
3990,164,filterLoc,,
3990,167,filterLoc,,
3990,170,filterLoc,,
3990,173,filterLoc,,
3990,176,filterLoc,,
3990,179,filterLoc,,
3990,182,filterLoc,,
3990,185,filterLoc,,
3990,188,filterLoc,,
3990,191,filterLoc,,
3990,194,filterLoc,,;Evacuee;381;in triage category;G;is entering helicopter;3
3990,197,filterLoc,,
3990,200,filterLoc,,
3990,203,filterLoc,,
3990,206,filterLoc,,
3990,209,filterLoc,,
3990,212,filterLoc,,
3990,215,filterLoc,,
3990,218,filterLoc,,
3990,221,filterLoc,,
3990,225,filterLoc,,
3990,228,filterLoc,,
3990,231,filterLoc,,
3990,234,filterLoc,,
3990,237,filterLoc,,
3990,240,filterLoc,,
3990,243,filterLoc,,
3990,246,filterLoc,,
3990,249,filterLoc,,
3990,252,filterLoc,,
3990,255,filterLoc,,
3990,258,filterLoc,,
3990,261,filterLoc,,
3990,264,filterLoc,,
3990,267,filterLoc,,
3990,270,filterLoc,,
3990,273,filterLoc,,
3990,276,filterLoc,,
3990,279,filterLoc,,
3990,282,filterLoc,,
3990,285,filterLoc,,
3990,288,filterLoc,,
3990,291,filterLoc,,
3990,294,filterLoc,,
3990,297,filterLoc,,
3990,300,filterLoc,,
3990,303,filterLoc,,
3990,306,filterLoc,,
3990,309,filterLoc,,
3990,312,filterLoc,,
3990,315,filterLoc,,
3990,318,filterLoc,,
3990,321,filterLoc,,
3990,324,filterLoc,,
3990,327,filterLoc,,
3990,330,filterLoc,,
3990,333,filterLoc,,
3990,336,filterLoc,,
3990,339,filterLoc,,
3990,342,filterLoc,,
3990,345,filterLoc,,
3990,348,filterLoc,,
3990,351,filterLoc,,
3990,354,filterLoc,,
3990,357,filterLoc,,
3990,360,filterLoc,,
3990,363,filterLoc,,
3990,366,filterLoc,,
3990,369,filterLoc,,
3990,372,filterLoc,,
3990,375,filterLoc,,
3990,378,filterLoc,,
3990,381,filterLoc,,
3990,384,filterLoc,,
3990,387,filterLoc,,
3990,390,filterLoc,,
3990,393,filterLoc,,
3990,396,filterLoc,,
3990,399,filterLoc,,
3990,402,filterLoc,,
3990,405,filterLoc,,
3990,408,filterLoc,,
3990,411,filterLoc,,
3990,414,filterLoc,,
3990,417,filterLoc,,
3990,420,filterLoc,,
3990,423,filterLoc,,
3990,426,filterLoc,,
3990,429,filterLoc,,
3990,432,filterLoc,,
3990,435,filterLoc,,
3990,438,filterLoc,,
3990,441,filterLoc,,
3990,444,filterLoc,,
3990,447,filterLoc,,
3990,450,filterLoc,,
3990,453,filterLoc,,
3990,456,filterLoc,,
3990,459,filterLoc,,
3990,462,filterLoc,,
3990,465,filterLoc,,
3990,468,filterLoc,,
3990,471,filterLoc,,
3990,474,filterLoc,,
3990,477,filterLoc,,
3990,480,filterLoc,,;Evacuee;386;in triage category;G;is entering helicopter;3
3990,483,filterLoc,,
3990,486,filterLoc,,
3990,489,filterLoc,,
3990,492,filterLoc,,
3990,495,filterLoc,,
3990,498,filterLoc,,
3990,501,filterLoc,,
3990,504,filterLoc,,
3990,507,filterLoc,,
3990,510,filterLoc,,
3990,513,filterLoc,,
3990,516,filterLoc,,
3990,519,filterLoc,,
3990,522,filterLoc,,
3990,525,filterLoc,,
3990,528,filterLoc,,
3990,531,filterLoc,,
3990,534,filterLoc,,
3990,537,filterLoc,,
3990,540,filterLoc,,
3990,543,filterLoc,,
3990,546,filterLoc,,
3990,549,filterLoc,,
3990,552,filterLoc,,
3990,555,filterLoc,,
3990,558,filterLoc,,
3990,561,filterLoc,,
3990,564,filterLoc,,
3990,567,filterLoc,,
3990,570,filterLoc,,
3990,573,filterLoc,,
3990,576,filterLoc,,
3990,579,filterLoc,,
3990,582,filterLoc,,
3990,585,filterLoc,,
3990,588,filterLoc,,
3990,591,filterLoc,,
3990,594,filterLoc,,
3990,597,filterLoc,,
3990,600,filterLoc,,
3990,603,filterLoc,,
3990,606,filterLoc,,
3990,609,filterLoc,,
3990,612,filterLoc,,
3990,615,filterLoc,,
3990,618,filterLoc,,
3990,621,filterLoc,,
3990,624,filterLoc,,
3990,627,filterLoc,,
3990,630,filterLoc,,
3990,633,filterLoc,,
3990,636,filterLoc,,
3990,639,filterLoc,,
3990,642,filterLoc,,
3990,645,filterLoc,,
3990,648,filterLoc,,
3990,651,filterLoc,,
3990,654,filterLoc,,
3990,657,filterLoc,,
3990,660,filterLoc,,
3990,663,filterLoc,,
3990,666,filterLoc,,
3990,669,filterLoc,,
3990,672,filterLoc,,
3990,675,filterLoc,,
3990,678,filterLoc,,
3990,681,filterLoc,,
3990,684,filterLoc,,
3990,687,filterLoc,,
3990,690,filterLoc,,
3990,693,filterLoc,,
3990,696,filterLoc,,
3990,699,filterLoc,,
3990,702,filterLoc,,
3990,705,filterLoc,,
3990,708,filterLoc,,
3990,711,filterLoc,,
3990,714,filterLoc,,
3990,717,filterLoc,,
3990,720,filterLoc,,
3990,723,filterLoc,,
3990,726,filterLoc,,
3990,729,filterLoc,,
3990,732,filterLoc,,
3990,735,filterLoc,,
3990,738,filterLoc,,
3990,741,filterLoc,,
3990,744,filterLoc,,
3990,747,filterLoc,,
3990,750,filterLoc,,
3990,753,filterLoc,,
3990,756,filterLoc,,
3990,759,filterLoc,,
3990,762,filterLoc,,
3990,765,filterLoc,,
3990,768,filterLoc,,
3990,771,filterLoc,,
3990,774,filterLoc,,
3990,777,filterLoc,,
3990,780,filterLoc,,
3990,783,filterLoc,,
3990,786,filterLoc,,
3990,789,filterLoc,,
3990,792,filterLoc,,
3990,795,filterLoc,,
3990,798,filterLoc,,
3990,801,filterLoc,,
3990,804,filterLoc,,
3990,807,filterLoc,,
3990,810,filterLoc,,
3990,813,filterLoc,,
3990,816,filterLoc,,
3990,819,filterLoc,,
3990,822,filterLoc,,
3990,825,filterLoc,,
3990,828,filterLoc,,
3990,831,filterLoc,,
3990,834,filterLoc,,
3990,837,filterLoc,,
3990,840,filterLoc,,
3990,843,filterLoc,,
3990,846,filterLoc,,
3990,849,filterLoc,,
3990,852,filterLoc,,
3990,855,filterLoc,,
3990,858,filterLoc,,
3990,861,filterLoc,,
3990,864,filterLoc,,
3990,867,filterLoc,,
3990,870,filterLoc,,
3990,873,filterLoc,,
3990,876,filterLoc,,
3990,879,filterLoc,,
3990,882,filterLoc,,;Evacuee;387;in triage category;G;is entering helicopter;3
3990,885,filterLoc,,
3990,888,filterLoc,,
3990,891,filterLoc,,
3990,894,filterLoc,,
3990,897,filterLoc,,
3990,900,filterLoc,,
3990,903,filterLoc,,
3990,906,filterLoc,,
3990,909,filterLoc,,
3990,912,filterLoc,,
3990,915,filterLoc,,
3990,918,filterLoc,,
3990,921,filterLoc,,
3990,924,filterLoc,,
3990,927,filterLoc,,
3990,930,filterLoc,,
3990,933,filterLoc,,
3990,936,filterLoc,,
3990,939,filterLoc,,
3990,942,filterLoc,,
3990,945,filterLoc,,
3990,948,filterLoc,,
3990,951,filterLoc,,
3990,954,filterLoc,,
3990,957,filterLoc,,
3990,960,filterLoc,,
3990,963,filterLoc,,;Evacuee;402;in triage category;G;is entering helicopter;3
3990,966,filterLoc,,
3990,969,filterLoc,,
3990,972,filterLoc,,
3990,975,filterLoc,,
3990,978,filterLoc,,
3990,981,filterLoc,,
3990,984,filterLoc,,
3990,987,filterLoc,,
3990,990,filterLoc,,
3990,993,filterLoc,,
3990,996,filterLoc,,
3990,999,filterLoc,,
3990,1002,filterLoc,,
3990,1005,filterLoc,,
3990,1008,filterLoc,,
3990,1011,filterLoc,,
3990,1014,filterLoc,,
3990,1017,filterLoc,,
3990,1020,filterLoc,,
3990,1023,filterLoc,,
3990,1026,filterLoc,,
3990,1029,filterLoc,,
3990,1032,filterLoc,,
3990,1035,filterLoc,,
3990,1038,filterLoc,,
3990,1041,filterLoc,,
3990,1044,filterLoc,,
3990,1047,filterLoc,,
3990,1050,filterLoc,,
3990,1053,filterLoc,,
3990,1056,filterLoc,,
3990,1059,filterLoc,,
3990,1062,filterLoc,,
3990,1065,filterLoc,,
3990,1068,filterLoc,,
3990,1071,filterLoc,,
3990,1074,filterLoc,,
3990,1077,filterLoc,,
3990,1080,filterLoc,,
3990,1083,filterLoc,,
3990,1086,filterLoc,,;Evacuee;391;in triage category;G;is entering helicopter;3
3990,1089,filterLoc,,;Evacuee;388;in triage category;G;is entering helicopter;3
3990,1092,filterLoc,,
3990,1095,filterLoc,,
3990,1098,filterLoc,,
3990,1101,filterLoc,,
3990,1104,filterLoc,,
3990,1107,filterLoc,,
3990,1110,filterLoc,,
3990,1113,filterLoc,,
3990,1116,filterLoc,,
3990,1123,filterLoc,,
3990,1126,filterLoc,,
3990,1129,filterLoc,,
3990,1132,filterLoc,,
3990,1135,filterLoc,,
3990,1138,filterLoc,,
3990,1141,filterLoc,,
3990,1144,filterLoc,,
3990,1147,filterLoc,,
3990,1150,filterLoc,,
3990,1153,filterLoc,,
3990,1156,filterLoc,,
3990,1163,filterLoc,,
3990,1166,filterLoc,,
3990,1169,filterLoc,,
3990,1172,filterLoc,,
3990,1175,filterLoc,,;Evacuee;385;in triage category;G;is entering helicopter;3
3990,1178,filterLoc,,
3990,1181,filterLoc,,
3990,1184,filterLoc,,
3990,1187,filterLoc,,
3990,1190,filterLoc,,
3990,1193,filterLoc,,
3990,1196,filterLoc,,
3990,1199,filterLoc,,
3990,1202,filterLoc,,
3990,1205,filterLoc,,
3990,1208,filterLoc,,
3990,1211,filterLoc,,
3990,1214,filterLoc,,
3990,1217,filterLoc,,
3990,1220,filterLoc,,
3990,1223,filterLoc,,
3990,1226,filterLoc,,
3990,1229,filterLoc,,
3990,1232,filterLoc,,
3990,1235,filterLoc,,
3990,1238,filterLoc,,
3990,1241,filterLoc,,
3990,1244,filterLoc,,
3990,1247,filterLoc,,
3990,1250,filterLoc,,
3990,1253,filterLoc,,
3990,1256,filterLoc,,
3990,1259,filterLoc,,
3990,1262,filterLoc,,
3990,1265,filterLoc,,
3990,1268,filterLoc,,
3990,1271,filterLoc,,
3990,1274,filterLoc,,
3990,1277,filterLoc,,
3990,1280,filterLoc,,
3990,1283,filterLoc,,
3990,1286,filterLoc,,
3990,1289,filterLoc,,
3990,1292,filterLoc,,
3990,1295,filterLoc,,
3990,1298,filterLoc,,
3990,1301,filterLoc,,
3990,1304,filterLoc,,
3990,1307,filterLoc,,
3990,1310,filterLoc,,
3990,1313,filterLoc,,
3990,1316,filterLoc,,
3990,1319,filterLoc,,
3990,1322,filterLoc,,
3990,1325,filterLoc,,
3990,1328,filterLoc,,
3990,1331,filterLoc,,
3990,1334,filterLoc,,
3990,1337,filterLoc,,
3990,1340,filterLoc,,
3990,1343,filterLoc,,
3990,1346,filterLoc,,
3990,1349,filterLoc,,
3990,1352,filterLoc,,
3990,1355,filterLoc,,
3990,1358,filterLoc,,
3990,1361,filterLoc,,
3990,1364,filterLoc,,
3990,1367,filterLoc,,
3990,1370,filterLoc,,
3990,1373,filterLoc,,
3990,1376,filterLoc,,
3990,1379,filterLoc,,
3990,1382,filterLoc,,
3990,1385,filterLoc,,
3990,1388,filterLoc,,
3990,1391,filterLoc,,
3990,1394,filterLoc,,
3990,1397,filterLoc,,
3990,1400,filterLoc,,
3990,1403,filterLoc,,
3990,1406,filterLoc,,
3990,1409,filterLoc,,
3990,1412,filterLoc,,
3990,1415,filterLoc,,
3990,1418,filterLoc,,
3990,1421,filterLoc,,
3990,1424,filterLoc,,
3990,1427,filterLoc,,
3990,1430,filterLoc,,
3990,1433,filterLoc,,
3990,1436,filterLoc,,
3990,1439,filterLoc,,
3990,1442,filterLoc,,
3990,1445,filterLoc,,
3990,1448,filterLoc,,
3990,1451,filterLoc,,
3990,1454,filterLoc,,
3990,1457,filterLoc,,
3990,1460,filterLoc,,
3990,1463,filterLoc,,
3990,1466,filterLoc,,
3990,1469,filterLoc,,
3990,1472,filterLoc,,
3990,1475,filterLoc,,
3990,1478,filterLoc,,
3990,1481,filterLoc,,
3990,1484,filterLoc,,
3990,1487,filterLoc,,
3990,1490,filterLoc,,
3990,1493,filterLoc,,
3990,1496,filterLoc,,
3990,1499,filterLoc,,
3990,1502,filterLoc,,
3990,1505,filterLoc,,
3990,1508,filterLoc,,
3990,1511,filterLoc,,
3990,1514,filterLoc,,
3990,1517,filterLoc,,
3990,143,filterLoc,out,Evacuee 406 in triage category G is assigned helicopter 3
3990,143,filterLoc,,
3990,144,evacuee,,Evacuee;406;in triage state;G;is entering helicopter;3
3990,146,filterLoc,out,Evacuee 404 in triage category G is assigned helicopter 3
3990,146,filterLoc,,
3990,147,evacuee,,Evacuee;404;in triage state;G;is entering helicopter;3
3990,149,filterLoc,out,Evacuee 403 in triage category G is assigned helicopter 3
3990,149,filterLoc,,
3990,150,evacuee,,Evacuee;403;in triage state;G;is entering helicopter;3
3990,194,filterLoc,out,Evacuee 381 in triage category G is assigned helicopter 3
3990,194,filterLoc,,
3990,195,evacuee,,Evacuee;381;in triage state;G;is entering helicopter;3
3990,480,filterLoc,out,Evacuee 386 in triage category G is assigned helicopter 3
3990,480,filterLoc,,
3990,481,evacuee,,Evacuee;386;in triage state;G;is entering helicopter;3
3990,882,filterLoc,out,Evacuee 387 in triage category G is assigned helicopter 3
3990,882,filterLoc,,
3990,883,evacuee,,Evacuee;387;in triage state;G;is entering helicopter;3
3990,963,filterLoc,out,Evacuee 402 in triage category G is assigned helicopter 3
3990,963,filterLoc,,
3990,964,evacuee,,Evacuee;402;in triage state;G;is entering helicopter;3
3990,1086,filterLoc,out,Evacuee 391 in triage category G is assigned helicopter 3
3990,1086,filterLoc,,
3990,1087,evacuee,,Evacuee;391;in triage state;G;is entering helicopter;3
3990,1089,filterLoc,out,Evacuee 388 in triage category G is assigned helicopter 3
3990,1089,filterLoc,,
3990,1090,evacuee,,Evacuee;388;in triage state;G;is entering helicopter;3
3990,1175,filterLoc,out,Evacuee 385 in triage category G is assigned helicopter 3
3990,1175,filterLoc,,
3990,1176,evacuee,,Evacuee;385;in triage state;G;is entering helicopter;3
3990,103,filterEvac,,;Evacuee;381;in triage category;G;is entering helicopter;3;Evacuee;385;in triage category;G;is entering helicopter;3;Evacuee;386;in triage category;G;is entering helicopter;3;Evacuee;387;in triage category;G;is entering helicopter;3;Evacuee;388;in triage category;G;is entering helicopter;3;Evacuee;391;in triage category;G;is entering helicopter;3;Evacuee;402;in triage category;G;is entering helicopter;3;Evacuee;403;in triage category;G;is entering helicopter;3;Evacuee;404;in triage category;G;is entering helicopter;3;Evacuee;406;in triage category;G;is entering helicopter;3
3990,144,evacuee,outHelo,Evacuee 406 in triage category G is assigned helicopter 3
3990,144,evacuee,,Evacuee;406;in triage state;G;is in helicopter;3
3990,147,evacuee,outHelo,Evacuee 404 in triage category G is assigned helicopter 3
3990,147,evacuee,,Evacuee;404;in triage state;G;is in helicopter;3
3990,150,evacuee,outHelo,Evacuee 403 in triage category G is assigned helicopter 3
3990,150,evacuee,,Evacuee;403;in triage state;G;is in helicopter;3
3990,195,evacuee,outHelo,Evacuee 381 in triage category G is assigned helicopter 3
3990,195,evacuee,,Evacuee;381;in triage state;G;is in helicopter;3
3990,481,evacuee,outHelo,Evacuee 386 in triage category G is assigned helicopter 3
3990,481,evacuee,,Evacuee;386;in triage state;G;is in helicopter;3
3990,883,evacuee,outHelo,Evacuee 387 in triage category G is assigned helicopter 3
3990,883,evacuee,,Evacuee;387;in triage state;G;is in helicopter;3
3990,964,evacuee,outHelo,Evacuee 402 in triage category G is assigned helicopter 3
3990,964,evacuee,,Evacuee;402;in triage state;G;is in helicopter;3
3990,1087,evacuee,outHelo,Evacuee 391 in triage category G is assigned helicopter 3
3990,1087,evacuee,,Evacuee;391;in triage state;G;is in helicopter;3
3990,1090,evacuee,outHelo,Evacuee 388 in triage category G is assigned helicopter 3
3990,1090,evacuee,,Evacuee;388;in triage state;G;is in helicopter;3
3990,1119,filterEvac,,
3990,1159,filterEvac,,
3990,1176,evacuee,outHelo,Evacuee 385 in triage category G is assigned helicopter 3
3990,1176,evacuee,,Evacuee;385;in triage state;G;is in helicopter;3
3990,103,filterEvac,out,Evacuee 381 in triage category G is assigned helicopter 3
3990,103,filterEvac,out,Evacuee 385 in triage category G is assigned helicopter 3
3990,103,filterEvac,out,Evacuee 386 in triage category G is assigned helicopter 3
3990,103,filterEvac,out,Evacuee 387 in triage category G is assigned helicopter 3
3990,103,filterEvac,out,Evacuee 388 in triage category G is assigned helicopter 3
3990,103,filterEvac,out,Evacuee 391 in triage category G is assigned helicopter 3
3990,103,filterEvac,out,Evacuee 402 in triage category G is assigned helicopter 3
3990,103,filterEvac,out,Evacuee 403 in triage category G is assigned helicopter 3
3990,103,filterEvac,out,Evacuee 404 in triage category G is assigned helicopter 3
3990,103,filterEvac,out,Evacuee 406 in triage category G is assigned helicopter 3
3990,103,filterEvac,,
3990,105,helicopter,,Helicopter;3;is loading people at the evacuation site;;and has;10;spots taken
4005,4,helipadManager,outHelo,Helicopter 3 is evacuating people3
4005,4,helipadManager,,;No helos are at ES
4005,104,filterES,,Helicopter;3;is evacuating people
4005,1120,filterES,,
4005,1160,filterES,,
4005,4,helipadManager,outHQ,0
4005,4,helipadManager,,;No helos are at ES
4005,5,helicopterQueue,,;No helos are waiting to land
4005,104,filterES,out,Helicopter 3 is evacuating people3
4005,104,filterES,,
4005,105,helicopter,,Helicopter;3;is loading people at the evacuation site;;and has;10;spots taken
4005,5,helicopterQueue,,;No helos are waiting to land
4005,105,helicopter,,Helicopter;3;is returning to the FOL;;and has;10;spots taken
4006.16,3,evacueeManager,,OFF SHIP: White;0;Green;21;Yellow;16;Red;2;Black;341;ON SHIP: White;0;Green;0;Yellow;0;Red;0;Evacuees to Transfer;
4006.16,135,evacuee,outES,Evacuee 422 in triage category Y is not assigned a helicopter
4006.16,135,evacuee,,Evacuee;422;in triage state;R;is at the evacuation site
4035,7,filterLoc,,
4035,10,filterLoc,,
4035,13,filterLoc,,
4035,16,filterLoc,,
4035,19,filterLoc,,
4035,22,filterLoc,,
4035,25,filterLoc,,
4035,28,filterLoc,,
4035,31,filterLoc,,
4035,34,filterLoc,,
4035,37,filterLoc,,
4035,40,filterLoc,,
4035,43,filterLoc,,
4035,46,filterLoc,,
4035,49,filterLoc,,
4035,52,filterLoc,,
4035,55,filterLoc,,
4035,58,filterLoc,,
4035,61,filterLoc,,
4035,64,filterLoc,,
4035,67,filterLoc,,
4035,70,filterLoc,,
4035,73,filterLoc,,
4035,76,filterLoc,,
4035,79,filterLoc,,
4035,82,filterLoc,,
4035,85,filterLoc,,
4035,88,filterLoc,,
4035,91,filterLoc,,
4035,94,filterLoc,,
4035,97,filterLoc,,
4035,100,filterLoc,,
4035,107,filterLoc,,
4035,110,filterLoc,,
4035,113,filterLoc,,
4035,116,filterLoc,,
4035,119,filterLoc,,
4035,122,filterLoc,,
4035,125,filterLoc,,
4035,128,filterLoc,,
4035,131,filterLoc,,
4035,134,filterLoc,,
4035,137,filterLoc,,
4035,140,filterLoc,,
4035,143,filterLoc,,
4035,146,filterLoc,,
4035,149,filterLoc,,
4035,152,filterLoc,,
4035,155,filterLoc,,
4035,158,filterLoc,,
4035,161,filterLoc,,
4035,164,filterLoc,,
4035,167,filterLoc,,
4035,170,filterLoc,,
4035,173,filterLoc,,
4035,176,filterLoc,,
4035,179,filterLoc,,
4035,182,filterLoc,,
4035,185,filterLoc,,
4035,188,filterLoc,,
4035,191,filterLoc,,
4035,194,filterLoc,,
4035,197,filterLoc,,
4035,200,filterLoc,,
4035,203,filterLoc,,
4035,206,filterLoc,,
4035,209,filterLoc,,
4035,212,filterLoc,,
4035,215,filterLoc,,
4035,218,filterLoc,,
4035,221,filterLoc,,
4035,225,filterLoc,,
4035,228,filterLoc,,
4035,231,filterLoc,,
4035,234,filterLoc,,
4035,237,filterLoc,,
4035,240,filterLoc,,
4035,243,filterLoc,,
4035,246,filterLoc,,
4035,249,filterLoc,,
4035,252,filterLoc,,
4035,255,filterLoc,,
4035,258,filterLoc,,
4035,261,filterLoc,,
4035,264,filterLoc,,
4035,267,filterLoc,,
4035,270,filterLoc,,
4035,273,filterLoc,,
4035,276,filterLoc,,
4035,279,filterLoc,,
4035,282,filterLoc,,
4035,285,filterLoc,,
4035,288,filterLoc,,
4035,291,filterLoc,,
4035,294,filterLoc,,
4035,297,filterLoc,,
4035,300,filterLoc,,
4035,303,filterLoc,,
4035,306,filterLoc,,
4035,309,filterLoc,,;Evacuee;322;in triage category;G;is leaving helicopter;1
4035,312,filterLoc,,;Evacuee;321;in triage category;G;is leaving helicopter;1
4035,315,filterLoc,,;Evacuee;319;in triage category;G;is leaving helicopter;1
4035,318,filterLoc,,;Evacuee;318;in triage category;G;is leaving helicopter;1
4035,321,filterLoc,,;Evacuee;317;in triage category;G;is leaving helicopter;1
4035,324,filterLoc,,
4035,327,filterLoc,,
4035,330,filterLoc,,
4035,333,filterLoc,,
4035,336,filterLoc,,
4035,339,filterLoc,,
4035,342,filterLoc,,
4035,345,filterLoc,,
4035,348,filterLoc,,
4035,351,filterLoc,,
4035,354,filterLoc,,
4035,357,filterLoc,,
4035,360,filterLoc,,
4035,363,filterLoc,,
4035,366,filterLoc,,
4035,369,filterLoc,,
4035,372,filterLoc,,
4035,375,filterLoc,,
4035,378,filterLoc,,
4035,381,filterLoc,,
4035,384,filterLoc,,
4035,387,filterLoc,,
4035,390,filterLoc,,
4035,393,filterLoc,,
4035,396,filterLoc,,
4035,399,filterLoc,,
4035,402,filterLoc,,
4035,405,filterLoc,,
4035,408,filterLoc,,
4035,411,filterLoc,,
4035,414,filterLoc,,
4035,417,filterLoc,,
4035,420,filterLoc,,
4035,423,filterLoc,,
4035,426,filterLoc,,
4035,429,filterLoc,,;Evacuee;337;in triage category;G;is leaving helicopter;1
4035,432,filterLoc,,;Evacuee;301;in triage category;G;is leaving helicopter;1
4035,435,filterLoc,,
4035,438,filterLoc,,
4035,441,filterLoc,,
4035,444,filterLoc,,
4035,447,filterLoc,,
4035,450,filterLoc,,
4035,453,filterLoc,,
4035,456,filterLoc,,
4035,459,filterLoc,,
4035,462,filterLoc,,
4035,465,filterLoc,,
4035,468,filterLoc,,
4035,471,filterLoc,,
4035,474,filterLoc,,
4035,477,filterLoc,,
4035,480,filterLoc,,
4035,483,filterLoc,,
4035,486,filterLoc,,
4035,489,filterLoc,,
4035,492,filterLoc,,
4035,495,filterLoc,,
4035,498,filterLoc,,
4035,501,filterLoc,,
4035,504,filterLoc,,
4035,507,filterLoc,,
4035,510,filterLoc,,
4035,513,filterLoc,,
4035,516,filterLoc,,
4035,519,filterLoc,,
4035,522,filterLoc,,
4035,525,filterLoc,,
4035,528,filterLoc,,
4035,531,filterLoc,,
4035,534,filterLoc,,
4035,537,filterLoc,,
4035,540,filterLoc,,
4035,543,filterLoc,,;Evacuee;311;in triage category;G;is leaving helicopter;1
4035,546,filterLoc,,
4035,549,filterLoc,,
4035,552,filterLoc,,
4035,555,filterLoc,,
4035,558,filterLoc,,
4035,561,filterLoc,,
4035,564,filterLoc,,
4035,567,filterLoc,,
4035,570,filterLoc,,
4035,573,filterLoc,,
4035,576,filterLoc,,
4035,579,filterLoc,,
4035,582,filterLoc,,
4035,585,filterLoc,,
4035,588,filterLoc,,
4035,591,filterLoc,,
4035,594,filterLoc,,
4035,597,filterLoc,,
4035,600,filterLoc,,
4035,603,filterLoc,,
4035,606,filterLoc,,
4035,609,filterLoc,,
4035,612,filterLoc,,
4035,615,filterLoc,,
4035,618,filterLoc,,
4035,621,filterLoc,,
4035,624,filterLoc,,
4035,627,filterLoc,,
4035,630,filterLoc,,
4035,633,filterLoc,,
4035,636,filterLoc,,
4035,639,filterLoc,,
4035,642,filterLoc,,
4035,645,filterLoc,,
4035,648,filterLoc,,
4035,651,filterLoc,,
4035,654,filterLoc,,
4035,657,filterLoc,,
4035,660,filterLoc,,
4035,663,filterLoc,,
4035,666,filterLoc,,
4035,669,filterLoc,,
4035,672,filterLoc,,
4035,675,filterLoc,,
4035,678,filterLoc,,
4035,681,filterLoc,,
4035,684,filterLoc,,
4035,687,filterLoc,,
4035,690,filterLoc,,
4035,693,filterLoc,,
4035,696,filterLoc,,
4035,699,filterLoc,,
4035,702,filterLoc,,
4035,705,filterLoc,,
4035,708,filterLoc,,
4035,711,filterLoc,,
4035,714,filterLoc,,
4035,717,filterLoc,,
4035,720,filterLoc,,
4035,723,filterLoc,,
4035,726,filterLoc,,
4035,729,filterLoc,,
4035,732,filterLoc,,
4035,735,filterLoc,,
4035,738,filterLoc,,
4035,741,filterLoc,,
4035,744,filterLoc,,
4035,747,filterLoc,,
4035,750,filterLoc,,
4035,753,filterLoc,,
4035,756,filterLoc,,
4035,759,filterLoc,,
4035,762,filterLoc,,
4035,765,filterLoc,,
4035,768,filterLoc,,
4035,771,filterLoc,,
4035,774,filterLoc,,
4035,777,filterLoc,,
4035,780,filterLoc,,
4035,783,filterLoc,,
4035,786,filterLoc,,
4035,789,filterLoc,,
4035,792,filterLoc,,
4035,795,filterLoc,,
4035,798,filterLoc,,
4035,801,filterLoc,,
4035,804,filterLoc,,
4035,807,filterLoc,,
4035,810,filterLoc,,
4035,813,filterLoc,,
4035,816,filterLoc,,
4035,819,filterLoc,,
4035,822,filterLoc,,;Evacuee;332;in triage category;G;is leaving helicopter;1
4035,825,filterLoc,,
4035,828,filterLoc,,
4035,831,filterLoc,,
4035,834,filterLoc,,
4035,837,filterLoc,,
4035,840,filterLoc,,
4035,843,filterLoc,,
4035,846,filterLoc,,
4035,849,filterLoc,,
4035,852,filterLoc,,
4035,855,filterLoc,,
4035,858,filterLoc,,
4035,861,filterLoc,,
4035,864,filterLoc,,
4035,867,filterLoc,,
4035,870,filterLoc,,
4035,873,filterLoc,,
4035,876,filterLoc,,
4035,879,filterLoc,,
4035,882,filterLoc,,
4035,885,filterLoc,,
4035,888,filterLoc,,
4035,891,filterLoc,,
4035,894,filterLoc,,
4035,897,filterLoc,,
4035,900,filterLoc,,
4035,903,filterLoc,,
4035,906,filterLoc,,
4035,909,filterLoc,,
4035,912,filterLoc,,
4035,915,filterLoc,,
4035,918,filterLoc,,
4035,921,filterLoc,,
4035,924,filterLoc,,
4035,927,filterLoc,,
4035,930,filterLoc,,
4035,933,filterLoc,,
4035,936,filterLoc,,
4035,939,filterLoc,,
4035,942,filterLoc,,
4035,945,filterLoc,,
4035,948,filterLoc,,
4035,951,filterLoc,,
4035,954,filterLoc,,
4035,957,filterLoc,,
4035,960,filterLoc,,
4035,963,filterLoc,,
4035,966,filterLoc,,
4035,969,filterLoc,,
4035,972,filterLoc,,
4035,975,filterLoc,,
4035,978,filterLoc,,
4035,981,filterLoc,,
4035,984,filterLoc,,
4035,987,filterLoc,,
4035,990,filterLoc,,
4035,993,filterLoc,,
4035,996,filterLoc,,
4035,999,filterLoc,,
4035,1002,filterLoc,,
4035,1005,filterLoc,,
4035,1008,filterLoc,,
4035,1011,filterLoc,,
4035,1014,filterLoc,,
4035,1017,filterLoc,,
4035,1020,filterLoc,,
4035,1023,filterLoc,,
4035,1026,filterLoc,,
4035,1029,filterLoc,,
4035,1032,filterLoc,,
4035,1035,filterLoc,,
4035,1038,filterLoc,,
4035,1041,filterLoc,,
4035,1044,filterLoc,,
4035,1047,filterLoc,,
4035,1050,filterLoc,,
4035,1053,filterLoc,,
4035,1056,filterLoc,,
4035,1059,filterLoc,,
4035,1062,filterLoc,,
4035,1065,filterLoc,,
4035,1068,filterLoc,,
4035,1071,filterLoc,,
4035,1074,filterLoc,,
4035,1077,filterLoc,,
4035,1080,filterLoc,,
4035,1083,filterLoc,,
4035,1086,filterLoc,,
4035,1089,filterLoc,,
4035,1092,filterLoc,,
4035,1095,filterLoc,,
4035,1098,filterLoc,,
4035,1101,filterLoc,,
4035,1104,filterLoc,,
4035,1107,filterLoc,,
4035,1110,filterLoc,,
4035,1113,filterLoc,,
4035,1116,filterLoc,,
4035,1123,filterLoc,,
4035,1126,filterLoc,,
4035,1129,filterLoc,,
4035,1132,filterLoc,,
4035,1135,filterLoc,,
4035,1138,filterLoc,,
4035,1141,filterLoc,,
4035,1144,filterLoc,,
4035,1147,filterLoc,,
4035,1150,filterLoc,,
4035,1153,filterLoc,,
4035,1156,filterLoc,,
4035,1161,helicopter,outEvac,Evacuee 301 in triage category G is not assigned a helicopter
4035,1161,helicopter,outEvac,Evacuee 311 in triage category G is not assigned a helicopter
4035,1161,helicopter,outEvac,Evacuee 317 in triage category G is not assigned a helicopter
4035,1161,helicopter,outEvac,Evacuee 318 in triage category G is not assigned a helicopter
4035,1161,helicopter,outEvac,Evacuee 319 in triage category G is not assigned a helicopter
4035,1161,helicopter,outEvac,Evacuee 321 in triage category G is not assigned a helicopter
4035,1161,helicopter,outEvac,Evacuee 322 in triage category G is not assigned a helicopter
4035,1161,helicopter,outEvac,Evacuee 329 in triage category G is not assigned a helicopter
4035,1161,helicopter,outEvac,Evacuee 332 in triage category G is not assigned a helicopter
4035,1161,helicopter,outEvac,Evacuee 337 in triage category G is not assigned a helicopter
4035,1161,helicopter,,Helicopter;1;is unloading people at the FOL;;and has;0;spots taken
4035,1163,filterLoc,,
4035,1166,filterLoc,,
4035,1169,filterLoc,,
4035,1172,filterLoc,,
4035,1175,filterLoc,,
4035,1178,filterLoc,,
4035,1181,filterLoc,,
4035,1184,filterLoc,,
4035,1187,filterLoc,,
4035,1190,filterLoc,,
4035,1193,filterLoc,,
4035,1196,filterLoc,,
4035,1199,filterLoc,,
4035,1202,filterLoc,,
4035,1205,filterLoc,,
4035,1208,filterLoc,,
4035,1211,filterLoc,,
4035,1214,filterLoc,,
4035,1217,filterLoc,,
4035,1220,filterLoc,,
4035,1223,filterLoc,,
4035,1226,filterLoc,,
4035,1229,filterLoc,,
4035,1232,filterLoc,,
4035,1235,filterLoc,,
4035,1238,filterLoc,,
4035,1241,filterLoc,,
4035,1244,filterLoc,,
4035,1247,filterLoc,,
4035,1250,filterLoc,,
4035,1253,filterLoc,,
4035,1256,filterLoc,,
4035,1259,filterLoc,,
4035,1262,filterLoc,,
4035,1265,filterLoc,,
4035,1268,filterLoc,,
4035,1271,filterLoc,,
4035,1274,filterLoc,,
4035,1277,filterLoc,,
4035,1280,filterLoc,,
4035,1283,filterLoc,,
4035,1286,filterLoc,,
4035,1289,filterLoc,,
4035,1292,filterLoc,,
4035,1295,filterLoc,,
4035,1298,filterLoc,,
4035,1301,filterLoc,,
4035,1304,filterLoc,,
4035,1307,filterLoc,,
4035,1310,filterLoc,,
4035,1313,filterLoc,,
4035,1316,filterLoc,,
4035,1319,filterLoc,,
4035,1322,filterLoc,,
4035,1325,filterLoc,,
4035,1328,filterLoc,,
4035,1331,filterLoc,,
4035,1334,filterLoc,,
4035,1337,filterLoc,,
4035,1340,filterLoc,,
4035,1343,filterLoc,,
4035,1346,filterLoc,,
4035,1349,filterLoc,,
4035,1352,filterLoc,,
4035,1355,filterLoc,,
4035,1358,filterLoc,,
4035,1361,filterLoc,,
4035,1364,filterLoc,,
4035,1367,filterLoc,,
4035,1370,filterLoc,,
4035,1373,filterLoc,,;Evacuee;329;in triage category;G;is leaving helicopter;1
4035,1376,filterLoc,,
4035,1379,filterLoc,,
4035,1382,filterLoc,,
4035,1385,filterLoc,,
4035,1388,filterLoc,,
4035,1391,filterLoc,,
4035,1394,filterLoc,,
4035,1397,filterLoc,,
4035,1400,filterLoc,,
4035,1403,filterLoc,,
4035,1406,filterLoc,,
4035,1409,filterLoc,,
4035,1412,filterLoc,,
4035,1415,filterLoc,,
4035,1418,filterLoc,,
4035,1421,filterLoc,,
4035,1424,filterLoc,,
4035,1427,filterLoc,,
4035,1430,filterLoc,,
4035,1433,filterLoc,,
4035,1436,filterLoc,,
4035,1439,filterLoc,,
4035,1442,filterLoc,,
4035,1445,filterLoc,,
4035,1448,filterLoc,,
4035,1451,filterLoc,,
4035,1454,filterLoc,,
4035,1457,filterLoc,,
4035,1460,filterLoc,,
4035,1463,filterLoc,,
4035,1466,filterLoc,,
4035,1469,filterLoc,,
4035,1472,filterLoc,,
4035,1475,filterLoc,,
4035,1478,filterLoc,,
4035,1481,filterLoc,,
4035,1484,filterLoc,,
4035,1487,filterLoc,,
4035,1490,filterLoc,,
4035,1493,filterLoc,,
4035,1496,filterLoc,,
4035,1499,filterLoc,,
4035,1502,filterLoc,,
4035,1505,filterLoc,,
4035,1508,filterLoc,,
4035,1511,filterLoc,,
4035,1514,filterLoc,,
4035,1517,filterLoc,,
4035,309,filterLoc,out,Evacuee 322 in triage category G is not assigned a helicopter
4035,309,filterLoc,,
4035,310,evacuee,,Evacuee;322;in triage state;G;is entering the FOL
4035,312,filterLoc,out,Evacuee 321 in triage category G is not assigned a helicopter
4035,312,filterLoc,,
4035,313,evacuee,,Evacuee;321;in triage state;G;is entering the FOL
4035,315,filterLoc,out,Evacuee 319 in triage category G is not assigned a helicopter
4035,315,filterLoc,,
4035,316,evacuee,,Evacuee;319;in triage state;G;is entering the FOL
4035,318,filterLoc,out,Evacuee 318 in triage category G is not assigned a helicopter
4035,318,filterLoc,,
4035,319,evacuee,,Evacuee;318;in triage state;G;is entering the FOL
4035,321,filterLoc,out,Evacuee 317 in triage category G is not assigned a helicopter
4035,321,filterLoc,,
4035,322,evacuee,,Evacuee;317;in triage state;G;is entering the FOL
4035,429,filterLoc,out,Evacuee 337 in triage category G is not assigned a helicopter
4035,429,filterLoc,,
4035,430,evacuee,,Evacuee;337;in triage state;G;is entering the FOL
4035,432,filterLoc,out,Evacuee 301 in triage category G is not assigned a helicopter
4035,432,filterLoc,,
4035,433,evacuee,,Evacuee;301;in triage state;G;is entering the FOL
4035,543,filterLoc,out,Evacuee 311 in triage category G is not assigned a helicopter
4035,543,filterLoc,,
4035,544,evacuee,,Evacuee;311;in triage state;G;is entering the FOL
4035,822,filterLoc,out,Evacuee 332 in triage category G is not assigned a helicopter
4035,822,filterLoc,,
4035,823,evacuee,,Evacuee;332;in triage state;G;is entering the FOL
4035,1373,filterLoc,out,Evacuee 329 in triage category G is not assigned a helicopter
4035,1373,filterLoc,,
4035,1374,evacuee,,Evacuee;329;in triage state;G;is entering the FOL
4035,223,FOL,,;EvacueeID;2;Triage Status;G;EvacueeID;4;Triage Status;G;EvacueeID;9;Triage Status;G;EvacueeID;11;Triage Status;G;EvacueeID;13;Triage Status;G;EvacueeID;14;Triage Status;G;EvacueeID;18;Triage Status;G;EvacueeID;22;Triage Status;G;EvacueeID;23;Triage Status;G;EvacueeID;24;Triage Status;G;EvacueeID;25;Triage Status;G;EvacueeID;29;Triage Status;G;EvacueeID;32;Triage Status;G;EvacueeID;33;Triage Status;G;EvacueeID;34;Triage Status;G;EvacueeID;37;Triage Status;G;EvacueeID;44;Triage Status;G;EvacueeID;45;Triage Status;G;EvacueeID;48;Triage Status;G;EvacueeID;49;Triage Status;G;EvacueeID;50;Triage Status;G;EvacueeID;55;Triage Status;G;EvacueeID;58;Triage Status;G;EvacueeID;60;Triage Status;G;EvacueeID;65;Triage Status;G;EvacueeID;67;Triage Status;G;EvacueeID;71;Triage Status;G;EvacueeID;74;Triage Status;G;EvacueeID;75;Triage Status;G;EvacueeID;76;Triage Status;G;EvacueeID;81;Triage Status;G;EvacueeID;83;Triage Status;G;EvacueeID;85;Triage Status;G;EvacueeID;90;Triage Status;G;EvacueeID;92;Triage Status;G;EvacueeID;93;Triage Status;G;EvacueeID;104;Triage Status;G;EvacueeID;105;Triage Status;G;EvacueeID;106;Triage Status;G;EvacueeID;117;Triage Status;G;EvacueeID;121;Triage Status;G;EvacueeID;123;Triage Status;G;EvacueeID;127;Triage Status;G;EvacueeID;136;Triage Status;G;EvacueeID;144;Triage Status;G;EvacueeID;148;Triage Status;G;EvacueeID;152;Triage Status;G;EvacueeID;153;Triage Status;G;EvacueeID;158;Triage Status;G;EvacueeID;159;Triage Status;G;EvacueeID;161;Triage Status;G;EvacueeID;164;Triage Status;G;EvacueeID;165;Triage Status;G;EvacueeID;169;Triage Status;G;EvacueeID;170;Triage Status;G;EvacueeID;171;Triage Status;G;EvacueeID;174;Triage Status;G;EvacueeID;177;Triage Status;G;EvacueeID;181;Triage Status;G;EvacueeID;187;Triage Status;G;EvacueeID;188;Triage Status;G;EvacueeID;190;Triage Status;G;EvacueeID;192;Triage Status;G;EvacueeID;200;Triage Status;G;EvacueeID;201;Triage Status;G;EvacueeID;202;Triage Status;G;EvacueeID;209;Triage Status;G;EvacueeID;210;Triage Status;G;EvacueeID;212;Triage Status;G;EvacueeID;218;Triage Status;G;EvacueeID;224;Triage Status;G;EvacueeID;225;Triage Status;G;EvacueeID;226;Triage Status;G;EvacueeID;227;Triage Status;G;EvacueeID;235;Triage Status;G;EvacueeID;245;Triage Status;G;EvacueeID;246;Triage Status;G;EvacueeID;252;Triage Status;G;EvacueeID;254;Triage Status;G;EvacueeID;255;Triage Status;G;EvacueeID;257;Triage Status;G;EvacueeID;258;Triage Status;G;EvacueeID;263;Triage Status;G;EvacueeID;271;Triage Status;G;EvacueeID;272;Triage Status;G;EvacueeID;273;Triage Status;G;EvacueeID;274;Triage Status;G;EvacueeID;290;Triage Status;G;EvacueeID;291;Triage Status;G;EvacueeID;292;Triage Status;G;EvacueeID;301;Triage Status;G;EvacueeID;311;Triage Status;G;EvacueeID;317;Triage Status;G;EvacueeID;318;Triage Status;G;EvacueeID;319;Triage Status;G;EvacueeID;321;Triage Status;G;EvacueeID;322;Triage Status;G;EvacueeID;329;Triage Status;G;EvacueeID;332;Triage Status;G;EvacueeID;337;Triage Status;G;Lives Saved;100
4035,310,evacuee,outFOL,Evacuee 322 in triage category G is not assigned a helicopter
4035,310,evacuee,,Evacuee;322;in triage state;G;is at the FOL
4035,313,evacuee,outFOL,Evacuee 321 in triage category G is not assigned a helicopter
4035,313,evacuee,,Evacuee;321;in triage state;G;is at the FOL
4035,316,evacuee,outFOL,Evacuee 319 in triage category G is not assigned a helicopter
4035,316,evacuee,,Evacuee;319;in triage state;G;is at the FOL
4035,319,evacuee,outFOL,Evacuee 318 in triage category G is not assigned a helicopter
4035,319,evacuee,,Evacuee;318;in triage state;G;is at the FOL
4035,322,evacuee,outFOL,Evacuee 317 in triage category G is not assigned a helicopter
4035,322,evacuee,,Evacuee;317;in triage state;G;is at the FOL
4035,430,evacuee,outFOL,Evacuee 337 in triage category G is not assigned a helicopter
4035,430,evacuee,,Evacuee;337;in triage state;G;is at the FOL
4035,433,evacuee,outFOL,Evacuee 301 in triage category G is not assigned a helicopter
4035,433,evacuee,,Evacuee;301;in triage state;G;is at the FOL
4035,544,evacuee,outFOL,Evacuee 311 in triage category G is not assigned a helicopter
4035,544,evacuee,,Evacuee;311;in triage state;G;is at the FOL
4035,823,evacuee,outFOL,Evacuee 332 in triage category G is not assigned a helicopter
4035,823,evacuee,,Evacuee;332;in triage state;G;is at the FOL
4035,1374,evacuee,outFOL,Evacuee 329 in triage category G is not assigned a helicopter
4035,1374,evacuee,,Evacuee;329;in triage state;G;is at the FOL
4035,223,FOL,,;EvacueeID;2;Triage Status;G;EvacueeID;4;Triage Status;G;EvacueeID;9;Triage Status;G;EvacueeID;11;Triage Status;G;EvacueeID;13;Triage Status;G;EvacueeID;14;Triage Status;G;EvacueeID;18;Triage Status;G;EvacueeID;22;Triage Status;G;EvacueeID;23;Triage Status;G;EvacueeID;24;Triage Status;G;EvacueeID;25;Triage Status;G;EvacueeID;29;Triage Status;G;EvacueeID;32;Triage Status;G;EvacueeID;33;Triage Status;G;EvacueeID;34;Triage Status;G;EvacueeID;37;Triage Status;G;EvacueeID;44;Triage Status;G;EvacueeID;45;Triage Status;G;EvacueeID;48;Triage Status;G;EvacueeID;49;Triage Status;G;EvacueeID;50;Triage Status;G;EvacueeID;55;Triage Status;G;EvacueeID;58;Triage Status;G;EvacueeID;60;Triage Status;G;EvacueeID;65;Triage Status;G;EvacueeID;67;Triage Status;G;EvacueeID;71;Triage Status;G;EvacueeID;74;Triage Status;G;EvacueeID;75;Triage Status;G;EvacueeID;76;Triage Status;G;EvacueeID;81;Triage Status;G;EvacueeID;83;Triage Status;G;EvacueeID;85;Triage Status;G;EvacueeID;90;Triage Status;G;EvacueeID;92;Triage Status;G;EvacueeID;93;Triage Status;G;EvacueeID;104;Triage Status;G;EvacueeID;105;Triage Status;G;EvacueeID;106;Triage Status;G;EvacueeID;117;Triage Status;G;EvacueeID;121;Triage Status;G;EvacueeID;123;Triage Status;G;EvacueeID;127;Triage Status;G;EvacueeID;136;Triage Status;G;EvacueeID;144;Triage Status;G;EvacueeID;148;Triage Status;G;EvacueeID;152;Triage Status;G;EvacueeID;153;Triage Status;G;EvacueeID;158;Triage Status;G;EvacueeID;159;Triage Status;G;EvacueeID;161;Triage Status;G;EvacueeID;164;Triage Status;G;EvacueeID;165;Triage Status;G;EvacueeID;169;Triage Status;G;EvacueeID;170;Triage Status;G;EvacueeID;171;Triage Status;G;EvacueeID;174;Triage Status;G;EvacueeID;177;Triage Status;G;EvacueeID;181;Triage Status;G;EvacueeID;187;Triage Status;G;EvacueeID;188;Triage Status;G;EvacueeID;190;Triage Status;G;EvacueeID;192;Triage Status;G;EvacueeID;200;Triage Status;G;EvacueeID;201;Triage Status;G;EvacueeID;202;Triage Status;G;EvacueeID;209;Triage Status;G;EvacueeID;210;Triage Status;G;EvacueeID;212;Triage Status;G;EvacueeID;218;Triage Status;G;EvacueeID;224;Triage Status;G;EvacueeID;225;Triage Status;G;EvacueeID;226;Triage Status;G;EvacueeID;227;Triage Status;G;EvacueeID;235;Triage Status;G;EvacueeID;245;Triage Status;G;EvacueeID;246;Triage Status;G;EvacueeID;252;Triage Status;G;EvacueeID;254;Triage Status;G;EvacueeID;255;Triage Status;G;EvacueeID;257;Triage Status;G;EvacueeID;258;Triage Status;G;EvacueeID;263;Triage Status;G;EvacueeID;271;Triage Status;G;EvacueeID;272;Triage Status;G;EvacueeID;273;Triage Status;G;EvacueeID;274;Triage Status;G;EvacueeID;290;Triage Status;G;EvacueeID;291;Triage Status;G;EvacueeID;292;Triage Status;G;EvacueeID;301;Triage Status;G;EvacueeID;311;Triage Status;G;EvacueeID;317;Triage Status;G;EvacueeID;318;Triage Status;G;EvacueeID;319;Triage Status;G;EvacueeID;321;Triage Status;G;EvacueeID;322;Triage Status;G;EvacueeID;329;Triage Status;G;EvacueeID;332;Triage Status;G;EvacueeID;337;Triage Status;G;Lives Saved;100
4050,1161,helicopter,,Helicopter;1;Is going to the evacuation site;;and has;0;spots taken
4063.06,3,evacueeManager,,OFF SHIP: White;0;Green;21;Yellow;16;Red;1;Black;342;ON SHIP: White;0;Green;0;Yellow;0;Red;0;Evacuees to Transfer;
4063.06,250,evacuee,outES,Evacuee 354 in triage category R is not assigned a helicopter
4063.06,250,evacuee,,Evacuee;354;in triage state;B;is at the evacuation site
4095,7,filterLoc,,
4095,10,filterLoc,,
4095,13,filterLoc,,
4095,16,filterLoc,,
4095,19,filterLoc,,
4095,22,filterLoc,,
4095,25,filterLoc,,
4095,28,filterLoc,,
4095,31,filterLoc,,
4095,34,filterLoc,,
4095,37,filterLoc,,
4095,40,filterLoc,,
4095,43,filterLoc,,
4095,46,filterLoc,,
4095,49,filterLoc,,
4095,52,filterLoc,,
4095,55,filterLoc,,
4095,58,filterLoc,,
4095,61,filterLoc,,
4095,64,filterLoc,,
4095,67,filterLoc,,
4095,70,filterLoc,,
4095,73,filterLoc,,
4095,76,filterLoc,,
4095,79,filterLoc,,
4095,82,filterLoc,,
4095,85,filterLoc,,
4095,88,filterLoc,,
4095,91,filterLoc,,
4095,94,filterLoc,,
4095,97,filterLoc,,
4095,100,filterLoc,,
4095,107,filterLoc,,
4095,110,filterLoc,,
4095,113,filterLoc,,
4095,116,filterLoc,,
4095,119,filterLoc,,
4095,122,filterLoc,,
4095,125,filterLoc,,
4095,128,filterLoc,,
4095,131,filterLoc,,
4095,134,filterLoc,,
4095,137,filterLoc,,
4095,140,filterLoc,,
4095,143,filterLoc,,
4095,146,filterLoc,,
4095,149,filterLoc,,
4095,152,filterLoc,,
4095,155,filterLoc,,
4095,158,filterLoc,,
4095,161,filterLoc,,
4095,164,filterLoc,,
4095,167,filterLoc,,
4095,170,filterLoc,,
4095,173,filterLoc,,
4095,176,filterLoc,,
4095,179,filterLoc,,
4095,182,filterLoc,,
4095,185,filterLoc,,
4095,188,filterLoc,,
4095,191,filterLoc,,
4095,194,filterLoc,,
4095,197,filterLoc,,
4095,200,filterLoc,,;Evacuee;380;in triage category;G;is leaving helicopter;2
4095,203,filterLoc,,;Evacuee;379;in triage category;G;is leaving helicopter;2
4095,206,filterLoc,,;Evacuee;378;in triage category;G;is leaving helicopter;2
4095,209,filterLoc,,
4095,212,filterLoc,,
4095,215,filterLoc,,
4095,218,filterLoc,,
4095,221,filterLoc,,
4095,225,filterLoc,,
4095,228,filterLoc,,
4095,231,filterLoc,,
4095,234,filterLoc,,
4095,237,filterLoc,,
4095,240,filterLoc,,
4095,243,filterLoc,,
4095,246,filterLoc,,
4095,249,filterLoc,,
4095,252,filterLoc,,;Evacuee;353;in triage category;G;is leaving helicopter;2
4095,255,filterLoc,,;Evacuee;351;in triage category;G;is leaving helicopter;2
4095,258,filterLoc,,;Evacuee;349;in triage category;G;is leaving helicopter;2
4095,261,filterLoc,,;Evacuee;348;in triage category;G;is leaving helicopter;2
4095,264,filterLoc,,;Evacuee;346;in triage category;G;is leaving helicopter;2
4095,267,filterLoc,,
4095,270,filterLoc,,
4095,273,filterLoc,,
4095,276,filterLoc,,
4095,279,filterLoc,,
4095,282,filterLoc,,
4095,285,filterLoc,,
4095,288,filterLoc,,
4095,291,filterLoc,,
4095,294,filterLoc,,
4095,297,filterLoc,,
4095,300,filterLoc,,
4095,303,filterLoc,,
4095,306,filterLoc,,
4095,309,filterLoc,,
4095,312,filterLoc,,
4095,315,filterLoc,,
4095,318,filterLoc,,
4095,321,filterLoc,,
4095,324,filterLoc,,
4095,327,filterLoc,,
4095,330,filterLoc,,
4095,333,filterLoc,,
4095,336,filterLoc,,
4095,339,filterLoc,,
4095,342,filterLoc,,
4095,345,filterLoc,,
4095,348,filterLoc,,
4095,351,filterLoc,,
4095,354,filterLoc,,
4095,357,filterLoc,,
4095,360,filterLoc,,
4095,363,filterLoc,,
4095,366,filterLoc,,
4095,369,filterLoc,,
4095,372,filterLoc,,
4095,375,filterLoc,,
4095,378,filterLoc,,;Evacuee;350;in triage category;G;is leaving helicopter;2
4095,381,filterLoc,,
4095,384,filterLoc,,
4095,387,filterLoc,,
4095,390,filterLoc,,
4095,393,filterLoc,,
4095,396,filterLoc,,
4095,399,filterLoc,,
4095,402,filterLoc,,
4095,405,filterLoc,,
4095,408,filterLoc,,
4095,411,filterLoc,,
4095,414,filterLoc,,
4095,417,filterLoc,,
4095,420,filterLoc,,
4095,423,filterLoc,,
4095,426,filterLoc,,
4095,429,filterLoc,,
4095,432,filterLoc,,
4095,435,filterLoc,,
4095,438,filterLoc,,
4095,441,filterLoc,,
4095,444,filterLoc,,
4095,447,filterLoc,,
4095,450,filterLoc,,
4095,453,filterLoc,,
4095,456,filterLoc,,
4095,459,filterLoc,,
4095,462,filterLoc,,
4095,465,filterLoc,,
4095,468,filterLoc,,
4095,471,filterLoc,,
4095,474,filterLoc,,
4095,477,filterLoc,,
4095,480,filterLoc,,
4095,483,filterLoc,,
4095,486,filterLoc,,
4095,489,filterLoc,,
4095,492,filterLoc,,
4095,495,filterLoc,,
4095,498,filterLoc,,
4095,501,filterLoc,,
4095,504,filterLoc,,
4095,507,filterLoc,,
4095,510,filterLoc,,
4095,513,filterLoc,,
4095,516,filterLoc,,
4095,519,filterLoc,,
4095,522,filterLoc,,
4095,525,filterLoc,,
4095,528,filterLoc,,
4095,531,filterLoc,,
4095,534,filterLoc,,
4095,537,filterLoc,,
4095,540,filterLoc,,
4095,543,filterLoc,,
4095,546,filterLoc,,
4095,549,filterLoc,,
4095,552,filterLoc,,
4095,555,filterLoc,,
4095,558,filterLoc,,
4095,561,filterLoc,,
4095,564,filterLoc,,
4095,567,filterLoc,,
4095,570,filterLoc,,
4095,573,filterLoc,,
4095,576,filterLoc,,
4095,579,filterLoc,,
4095,582,filterLoc,,
4095,585,filterLoc,,
4095,588,filterLoc,,
4095,591,filterLoc,,
4095,594,filterLoc,,
4095,597,filterLoc,,
4095,600,filterLoc,,
4095,603,filterLoc,,
4095,606,filterLoc,,
4095,609,filterLoc,,
4095,612,filterLoc,,
4095,615,filterLoc,,
4095,618,filterLoc,,
4095,621,filterLoc,,
4095,624,filterLoc,,
4095,627,filterLoc,,
4095,630,filterLoc,,
4095,633,filterLoc,,
4095,636,filterLoc,,
4095,639,filterLoc,,
4095,642,filterLoc,,
4095,645,filterLoc,,
4095,648,filterLoc,,
4095,651,filterLoc,,
4095,654,filterLoc,,
4095,657,filterLoc,,
4095,660,filterLoc,,
4095,663,filterLoc,,
4095,666,filterLoc,,
4095,669,filterLoc,,
4095,672,filterLoc,,
4095,675,filterLoc,,
4095,678,filterLoc,,
4095,681,filterLoc,,
4095,684,filterLoc,,
4095,687,filterLoc,,
4095,690,filterLoc,,
4095,693,filterLoc,,
4095,696,filterLoc,,
4095,699,filterLoc,,
4095,702,filterLoc,,
4095,705,filterLoc,,
4095,708,filterLoc,,
4095,711,filterLoc,,
4095,714,filterLoc,,
4095,717,filterLoc,,
4095,720,filterLoc,,
4095,723,filterLoc,,
4095,726,filterLoc,,
4095,729,filterLoc,,
4095,732,filterLoc,,
4095,735,filterLoc,,
4095,738,filterLoc,,
4095,741,filterLoc,,
4095,744,filterLoc,,
4095,747,filterLoc,,
4095,750,filterLoc,,
4095,753,filterLoc,,
4095,756,filterLoc,,
4095,759,filterLoc,,
4095,762,filterLoc,,
4095,765,filterLoc,,
4095,768,filterLoc,,
4095,771,filterLoc,,
4095,774,filterLoc,,
4095,777,filterLoc,,
4095,780,filterLoc,,
4095,783,filterLoc,,
4095,786,filterLoc,,
4095,789,filterLoc,,
4095,792,filterLoc,,
4095,795,filterLoc,,
4095,798,filterLoc,,
4095,801,filterLoc,,
4095,804,filterLoc,,
4095,807,filterLoc,,
4095,810,filterLoc,,
4095,813,filterLoc,,
4095,816,filterLoc,,
4095,819,filterLoc,,
4095,822,filterLoc,,
4095,825,filterLoc,,
4095,828,filterLoc,,
4095,831,filterLoc,,
4095,834,filterLoc,,
4095,837,filterLoc,,
4095,840,filterLoc,,
4095,843,filterLoc,,
4095,846,filterLoc,,
4095,849,filterLoc,,
4095,852,filterLoc,,
4095,855,filterLoc,,
4095,858,filterLoc,,
4095,861,filterLoc,,
4095,864,filterLoc,,
4095,867,filterLoc,,
4095,870,filterLoc,,
4095,873,filterLoc,,
4095,876,filterLoc,,
4095,879,filterLoc,,
4095,882,filterLoc,,
4095,885,filterLoc,,
4095,888,filterLoc,,
4095,891,filterLoc,,
4095,894,filterLoc,,
4095,897,filterLoc,,
4095,900,filterLoc,,
4095,903,filterLoc,,
4095,906,filterLoc,,
4095,909,filterLoc,,
4095,912,filterLoc,,
4095,915,filterLoc,,
4095,918,filterLoc,,
4095,921,filterLoc,,
4095,924,filterLoc,,
4095,927,filterLoc,,
4095,930,filterLoc,,
4095,933,filterLoc,,
4095,936,filterLoc,,
4095,939,filterLoc,,
4095,942,filterLoc,,
4095,945,filterLoc,,
4095,948,filterLoc,,
4095,951,filterLoc,,
4095,954,filterLoc,,
4095,957,filterLoc,,
4095,960,filterLoc,,
4095,963,filterLoc,,
4095,966,filterLoc,,
4095,969,filterLoc,,
4095,972,filterLoc,,
4095,975,filterLoc,,
4095,978,filterLoc,,
4095,981,filterLoc,,
4095,984,filterLoc,,
4095,987,filterLoc,,
4095,990,filterLoc,,
4095,993,filterLoc,,
4095,996,filterLoc,,
4095,999,filterLoc,,
4095,1002,filterLoc,,
4095,1005,filterLoc,,
4095,1008,filterLoc,,
4095,1011,filterLoc,,
4095,1014,filterLoc,,
4095,1017,filterLoc,,
4095,1020,filterLoc,,
4095,1023,filterLoc,,
4095,1026,filterLoc,,
4095,1029,filterLoc,,
4095,1032,filterLoc,,
4095,1035,filterLoc,,
4095,1038,filterLoc,,
4095,1041,filterLoc,,
4095,1044,filterLoc,,
4095,1047,filterLoc,,
4095,1050,filterLoc,,
4095,1053,filterLoc,,
4095,1056,filterLoc,,
4095,1059,filterLoc,,
4095,1062,filterLoc,,
4095,1065,filterLoc,,
4095,1068,filterLoc,,
4095,1071,filterLoc,,
4095,1074,filterLoc,,
4095,1077,filterLoc,,
4095,1080,filterLoc,,
4095,1083,filterLoc,,
4095,1086,filterLoc,,
4095,1089,filterLoc,,
4095,1092,filterLoc,,
4095,1095,filterLoc,,
4095,1098,filterLoc,,
4095,1101,filterLoc,,
4095,1104,filterLoc,,
4095,1107,filterLoc,,
4095,1110,filterLoc,,
4095,1113,filterLoc,,
4095,1116,filterLoc,,
4095,1121,helicopter,outEvac,Evacuee 339 in triage category G is not assigned a helicopter
4095,1121,helicopter,outEvac,Evacuee 346 in triage category G is not assigned a helicopter
4095,1121,helicopter,outEvac,Evacuee 348 in triage category G is not assigned a helicopter
4095,1121,helicopter,outEvac,Evacuee 349 in triage category G is not assigned a helicopter
4095,1121,helicopter,outEvac,Evacuee 350 in triage category G is not assigned a helicopter
4095,1121,helicopter,outEvac,Evacuee 351 in triage category G is not assigned a helicopter
4095,1121,helicopter,outEvac,Evacuee 353 in triage category G is not assigned a helicopter
4095,1121,helicopter,outEvac,Evacuee 378 in triage category G is not assigned a helicopter
4095,1121,helicopter,outEvac,Evacuee 379 in triage category G is not assigned a helicopter
4095,1121,helicopter,outEvac,Evacuee 380 in triage category G is not assigned a helicopter
4095,1121,helicopter,,Helicopter;2;is unloading people at the FOL;;and has;0;spots taken
4095,1123,filterLoc,,
4095,1126,filterLoc,,
4095,1129,filterLoc,,
4095,1132,filterLoc,,
4095,1135,filterLoc,,
4095,1138,filterLoc,,
4095,1141,filterLoc,,
4095,1144,filterLoc,,
4095,1147,filterLoc,,
4095,1150,filterLoc,,
4095,1153,filterLoc,,
4095,1156,filterLoc,,
4095,1163,filterLoc,,
4095,1166,filterLoc,,
4095,1169,filterLoc,,
4095,1172,filterLoc,,
4095,1175,filterLoc,,
4095,1178,filterLoc,,
4095,1181,filterLoc,,
4095,1184,filterLoc,,
4095,1187,filterLoc,,
4095,1190,filterLoc,,
4095,1193,filterLoc,,
4095,1196,filterLoc,,
4095,1199,filterLoc,,
4095,1202,filterLoc,,
4095,1205,filterLoc,,
4095,1208,filterLoc,,
4095,1211,filterLoc,,
4095,1214,filterLoc,,
4095,1217,filterLoc,,
4095,1220,filterLoc,,
4095,1223,filterLoc,,
4095,1226,filterLoc,,
4095,1229,filterLoc,,
4095,1232,filterLoc,,
4095,1235,filterLoc,,
4095,1238,filterLoc,,
4095,1241,filterLoc,,
4095,1244,filterLoc,,
4095,1247,filterLoc,,
4095,1250,filterLoc,,
4095,1253,filterLoc,,
4095,1256,filterLoc,,
4095,1259,filterLoc,,
4095,1262,filterLoc,,
4095,1265,filterLoc,,
4095,1268,filterLoc,,
4095,1271,filterLoc,,
4095,1274,filterLoc,,
4095,1277,filterLoc,,
4095,1280,filterLoc,,
4095,1283,filterLoc,,
4095,1286,filterLoc,,
4095,1289,filterLoc,,
4095,1292,filterLoc,,
4095,1295,filterLoc,,
4095,1298,filterLoc,,
4095,1301,filterLoc,,
4095,1304,filterLoc,,
4095,1307,filterLoc,,
4095,1310,filterLoc,,
4095,1313,filterLoc,,
4095,1316,filterLoc,,
4095,1319,filterLoc,,
4095,1322,filterLoc,,
4095,1325,filterLoc,,
4095,1328,filterLoc,,
4095,1331,filterLoc,,
4095,1334,filterLoc,,
4095,1337,filterLoc,,
4095,1340,filterLoc,,
4095,1343,filterLoc,,
4095,1346,filterLoc,,
4095,1349,filterLoc,,
4095,1352,filterLoc,,
4095,1355,filterLoc,,
4095,1358,filterLoc,,
4095,1361,filterLoc,,
4095,1364,filterLoc,,
4095,1367,filterLoc,,
4095,1370,filterLoc,,
4095,1373,filterLoc,,
4095,1376,filterLoc,,
4095,1379,filterLoc,,
4095,1382,filterLoc,,
4095,1385,filterLoc,,
4095,1388,filterLoc,,
4095,1391,filterLoc,,
4095,1394,filterLoc,,
4095,1397,filterLoc,,
4095,1400,filterLoc,,
4095,1403,filterLoc,,
4095,1406,filterLoc,,
4095,1409,filterLoc,,
4095,1412,filterLoc,,
4095,1415,filterLoc,,
4095,1418,filterLoc,,
4095,1421,filterLoc,,
4095,1424,filterLoc,,
4095,1427,filterLoc,,
4095,1430,filterLoc,,
4095,1433,filterLoc,,
4095,1436,filterLoc,,
4095,1439,filterLoc,,;Evacuee;339;in triage category;G;is leaving helicopter;2
4095,1442,filterLoc,,
4095,1445,filterLoc,,
4095,1448,filterLoc,,
4095,1451,filterLoc,,
4095,1454,filterLoc,,
4095,1457,filterLoc,,
4095,1460,filterLoc,,
4095,1463,filterLoc,,
4095,1466,filterLoc,,
4095,1469,filterLoc,,
4095,1472,filterLoc,,
4095,1475,filterLoc,,
4095,1478,filterLoc,,
4095,1481,filterLoc,,
4095,1484,filterLoc,,
4095,1487,filterLoc,,
4095,1490,filterLoc,,
4095,1493,filterLoc,,
4095,1496,filterLoc,,
4095,1499,filterLoc,,
4095,1502,filterLoc,,
4095,1505,filterLoc,,
4095,1508,filterLoc,,
4095,1511,filterLoc,,
4095,1514,filterLoc,,
4095,1517,filterLoc,,
4095,200,filterLoc,out,Evacuee 380 in triage category G is not assigned a helicopter
4095,200,filterLoc,,
4095,201,evacuee,,Evacuee;380;in triage state;G;is entering the FOL
4095,203,filterLoc,out,Evacuee 379 in triage category G is not assigned a helicopter
4095,203,filterLoc,,
4095,204,evacuee,,Evacuee;379;in triage state;G;is entering the FOL
4095,206,filterLoc,out,Evacuee 378 in triage category G is not assigned a helicopter
4095,206,filterLoc,,
4095,207,evacuee,,Evacuee;378;in triage state;G;is entering the FOL
4095,252,filterLoc,out,Evacuee 353 in triage category G is not assigned a helicopter
4095,252,filterLoc,,
4095,253,evacuee,,Evacuee;353;in triage state;G;is entering the FOL
4095,255,filterLoc,out,Evacuee 351 in triage category G is not assigned a helicopter
4095,255,filterLoc,,
4095,256,evacuee,,Evacuee;351;in triage state;G;is entering the FOL
4095,258,filterLoc,out,Evacuee 349 in triage category G is not assigned a helicopter
4095,258,filterLoc,,
4095,259,evacuee,,Evacuee;349;in triage state;G;is entering the FOL
4095,261,filterLoc,out,Evacuee 348 in triage category G is not assigned a helicopter
4095,261,filterLoc,,
4095,262,evacuee,,Evacuee;348;in triage state;G;is entering the FOL
4095,264,filterLoc,out,Evacuee 346 in triage category G is not assigned a helicopter
4095,264,filterLoc,,
4095,265,evacuee,,Evacuee;346;in triage state;G;is entering the FOL
4095,378,filterLoc,out,Evacuee 350 in triage category G is not assigned a helicopter
4095,378,filterLoc,,
4095,379,evacuee,,Evacuee;350;in triage state;G;is entering the FOL
4095,1439,filterLoc,out,Evacuee 339 in triage category G is not assigned a helicopter
4095,1439,filterLoc,,
4095,1440,evacuee,,Evacuee;339;in triage state;G;is entering the FOL
4095,201,evacuee,outFOL,Evacuee 380 in triage category G is not assigned a helicopter
4095,201,evacuee,,Evacuee;380;in triage state;G;is at the FOL
4095,204,evacuee,outFOL,Evacuee 379 in triage category G is not assigned a helicopter
4095,204,evacuee,,Evacuee;379;in triage state;G;is at the FOL
4095,207,evacuee,outFOL,Evacuee 378 in triage category G is not assigned a helicopter
4095,207,evacuee,,Evacuee;378;in triage state;G;is at the FOL
4095,223,FOL,,;EvacueeID;2;Triage Status;G;EvacueeID;4;Triage Status;G;EvacueeID;9;Triage Status;G;EvacueeID;11;Triage Status;G;EvacueeID;13;Triage Status;G;EvacueeID;14;Triage Status;G;EvacueeID;18;Triage Status;G;EvacueeID;22;Triage Status;G;EvacueeID;23;Triage Status;G;EvacueeID;24;Triage Status;G;EvacueeID;25;Triage Status;G;EvacueeID;29;Triage Status;G;EvacueeID;32;Triage Status;G;EvacueeID;33;Triage Status;G;EvacueeID;34;Triage Status;G;EvacueeID;37;Triage Status;G;EvacueeID;44;Triage Status;G;EvacueeID;45;Triage Status;G;EvacueeID;48;Triage Status;G;EvacueeID;49;Triage Status;G;EvacueeID;50;Triage Status;G;EvacueeID;55;Triage Status;G;EvacueeID;58;Triage Status;G;EvacueeID;60;Triage Status;G;EvacueeID;65;Triage Status;G;EvacueeID;67;Triage Status;G;EvacueeID;71;Triage Status;G;EvacueeID;74;Triage Status;G;EvacueeID;75;Triage Status;G;EvacueeID;76;Triage Status;G;EvacueeID;81;Triage Status;G;EvacueeID;83;Triage Status;G;EvacueeID;85;Triage Status;G;EvacueeID;90;Triage Status;G;EvacueeID;92;Triage Status;G;EvacueeID;93;Triage Status;G;EvacueeID;104;Triage Status;G;EvacueeID;105;Triage Status;G;EvacueeID;106;Triage Status;G;EvacueeID;117;Triage Status;G;EvacueeID;121;Triage Status;G;EvacueeID;123;Triage Status;G;EvacueeID;127;Triage Status;G;EvacueeID;136;Triage Status;G;EvacueeID;144;Triage Status;G;EvacueeID;148;Triage Status;G;EvacueeID;152;Triage Status;G;EvacueeID;153;Triage Status;G;EvacueeID;158;Triage Status;G;EvacueeID;159;Triage Status;G;EvacueeID;161;Triage Status;G;EvacueeID;164;Triage Status;G;EvacueeID;165;Triage Status;G;EvacueeID;169;Triage Status;G;EvacueeID;170;Triage Status;G;EvacueeID;171;Triage Status;G;EvacueeID;174;Triage Status;G;EvacueeID;177;Triage Status;G;EvacueeID;181;Triage Status;G;EvacueeID;187;Triage Status;G;EvacueeID;188;Triage Status;G;EvacueeID;190;Triage Status;G;EvacueeID;192;Triage Status;G;EvacueeID;200;Triage Status;G;EvacueeID;201;Triage Status;G;EvacueeID;202;Triage Status;G;EvacueeID;209;Triage Status;G;EvacueeID;210;Triage Status;G;EvacueeID;212;Triage Status;G;EvacueeID;218;Triage Status;G;EvacueeID;224;Triage Status;G;EvacueeID;225;Triage Status;G;EvacueeID;226;Triage Status;G;EvacueeID;227;Triage Status;G;EvacueeID;235;Triage Status;G;EvacueeID;245;Triage Status;G;EvacueeID;246;Triage Status;G;EvacueeID;252;Triage Status;G;EvacueeID;254;Triage Status;G;EvacueeID;255;Triage Status;G;EvacueeID;257;Triage Status;G;EvacueeID;258;Triage Status;G;EvacueeID;263;Triage Status;G;EvacueeID;271;Triage Status;G;EvacueeID;272;Triage Status;G;EvacueeID;273;Triage Status;G;EvacueeID;274;Triage Status;G;EvacueeID;290;Triage Status;G;EvacueeID;291;Triage Status;G;EvacueeID;292;Triage Status;G;EvacueeID;301;Triage Status;G;EvacueeID;311;Triage Status;G;EvacueeID;317;Triage Status;G;EvacueeID;318;Triage Status;G;EvacueeID;319;Triage Status;G;EvacueeID;321;Triage Status;G;EvacueeID;322;Triage Status;G;EvacueeID;329;Triage Status;G;EvacueeID;332;Triage Status;G;EvacueeID;337;Triage Status;G;EvacueeID;339;Triage Status;G;EvacueeID;346;Triage Status;G;EvacueeID;348;Triage Status;G;EvacueeID;349;Triage Status;G;EvacueeID;350;Triage Status;G;EvacueeID;351;Triage Status;G;EvacueeID;353;Triage Status;G;EvacueeID;378;Triage Status;G;EvacueeID;379;Triage Status;G;EvacueeID;380;Triage Status;G;Lives Saved;110
4095,253,evacuee,outFOL,Evacuee 353 in triage category G is not assigned a helicopter
4095,253,evacuee,,Evacuee;353;in triage state;G;is at the FOL
4095,256,evacuee,outFOL,Evacuee 351 in triage category G is not assigned a helicopter
4095,256,evacuee,,Evacuee;351;in triage state;G;is at the FOL
4095,259,evacuee,outFOL,Evacuee 349 in triage category G is not assigned a helicopter
4095,259,evacuee,,Evacuee;349;in triage state;G;is at the FOL
4095,262,evacuee,outFOL,Evacuee 348 in triage category G is not assigned a helicopter
4095,262,evacuee,,Evacuee;348;in triage state;G;is at the FOL
4095,265,evacuee,outFOL,Evacuee 346 in triage category G is not assigned a helicopter
4095,265,evacuee,,Evacuee;346;in triage state;G;is at the FOL
4095,379,evacuee,outFOL,Evacuee 350 in triage category G is not assigned a helicopter
4095,379,evacuee,,Evacuee;350;in triage state;G;is at the FOL
4095,1440,evacuee,outFOL,Evacuee 339 in triage category G is not assigned a helicopter
4095,1440,evacuee,,Evacuee;339;in triage state;G;is at the FOL
4095,223,FOL,,;EvacueeID;2;Triage Status;G;EvacueeID;4;Triage Status;G;EvacueeID;9;Triage Status;G;EvacueeID;11;Triage Status;G;EvacueeID;13;Triage Status;G;EvacueeID;14;Triage Status;G;EvacueeID;18;Triage Status;G;EvacueeID;22;Triage Status;G;EvacueeID;23;Triage Status;G;EvacueeID;24;Triage Status;G;EvacueeID;25;Triage Status;G;EvacueeID;29;Triage Status;G;EvacueeID;32;Triage Status;G;EvacueeID;33;Triage Status;G;EvacueeID;34;Triage Status;G;EvacueeID;37;Triage Status;G;EvacueeID;44;Triage Status;G;EvacueeID;45;Triage Status;G;EvacueeID;48;Triage Status;G;EvacueeID;49;Triage Status;G;EvacueeID;50;Triage Status;G;EvacueeID;55;Triage Status;G;EvacueeID;58;Triage Status;G;EvacueeID;60;Triage Status;G;EvacueeID;65;Triage Status;G;EvacueeID;67;Triage Status;G;EvacueeID;71;Triage Status;G;EvacueeID;74;Triage Status;G;EvacueeID;75;Triage Status;G;EvacueeID;76;Triage Status;G;EvacueeID;81;Triage Status;G;EvacueeID;83;Triage Status;G;EvacueeID;85;Triage Status;G;EvacueeID;90;Triage Status;G;EvacueeID;92;Triage Status;G;EvacueeID;93;Triage Status;G;EvacueeID;104;Triage Status;G;EvacueeID;105;Triage Status;G;EvacueeID;106;Triage Status;G;EvacueeID;117;Triage Status;G;EvacueeID;121;Triage Status;G;EvacueeID;123;Triage Status;G;EvacueeID;127;Triage Status;G;EvacueeID;136;Triage Status;G;EvacueeID;144;Triage Status;G;EvacueeID;148;Triage Status;G;EvacueeID;152;Triage Status;G;EvacueeID;153;Triage Status;G;EvacueeID;158;Triage Status;G;EvacueeID;159;Triage Status;G;EvacueeID;161;Triage Status;G;EvacueeID;164;Triage Status;G;EvacueeID;165;Triage Status;G;EvacueeID;169;Triage Status;G;EvacueeID;170;Triage Status;G;EvacueeID;171;Triage Status;G;EvacueeID;174;Triage Status;G;EvacueeID;177;Triage Status;G;EvacueeID;181;Triage Status;G;EvacueeID;187;Triage Status;G;EvacueeID;188;Triage Status;G;EvacueeID;190;Triage Status;G;EvacueeID;192;Triage Status;G;EvacueeID;200;Triage Status;G;EvacueeID;201;Triage Status;G;EvacueeID;202;Triage Status;G;EvacueeID;209;Triage Status;G;EvacueeID;210;Triage Status;G;EvacueeID;212;Triage Status;G;EvacueeID;218;Triage Status;G;EvacueeID;224;Triage Status;G;EvacueeID;225;Triage Status;G;EvacueeID;226;Triage Status;G;EvacueeID;227;Triage Status;G;EvacueeID;235;Triage Status;G;EvacueeID;245;Triage Status;G;EvacueeID;246;Triage Status;G;EvacueeID;252;Triage Status;G;EvacueeID;254;Triage Status;G;EvacueeID;255;Triage Status;G;EvacueeID;257;Triage Status;G;EvacueeID;258;Triage Status;G;EvacueeID;263;Triage Status;G;EvacueeID;271;Triage Status;G;EvacueeID;272;Triage Status;G;EvacueeID;273;Triage Status;G;EvacueeID;274;Triage Status;G;EvacueeID;290;Triage Status;G;EvacueeID;291;Triage Status;G;EvacueeID;292;Triage Status;G;EvacueeID;301;Triage Status;G;EvacueeID;311;Triage Status;G;EvacueeID;317;Triage Status;G;EvacueeID;318;Triage Status;G;EvacueeID;319;Triage Status;G;EvacueeID;321;Triage Status;G;EvacueeID;322;Triage Status;G;EvacueeID;329;Triage Status;G;EvacueeID;332;Triage Status;G;EvacueeID;337;Triage Status;G;EvacueeID;339;Triage Status;G;EvacueeID;346;Triage Status;G;EvacueeID;348;Triage Status;G;EvacueeID;349;Triage Status;G;EvacueeID;350;Triage Status;G;EvacueeID;351;Triage Status;G;EvacueeID;353;Triage Status;G;EvacueeID;378;Triage Status;G;EvacueeID;379;Triage Status;G;EvacueeID;380;Triage Status;G;Lives Saved;110
4109.27,3,evacueeManager,,OFF SHIP: White;0;Green;20;Yellow;17;Red;1;Black;342;ON SHIP: White;0;Green;0;Yellow;0;Red;0;Evacuees to Transfer;
4109.27,77,evacuee,outES,Evacuee 456 in triage category G is not assigned a helicopter
4109.27,77,evacuee,,Evacuee;456;in triage state;Y;is at the evacuation site
4110,1121,helicopter,,Helicopter;2;Is going to the evacuation site;;and has;0;spots taken
4123.08,3,evacueeManager,,OFF SHIP: White;0;Green;20;Yellow;16;Red;2;Black;342;ON SHIP: White;0;Green;0;Yellow;0;Red;0;Evacuees to Transfer;
4123.08,1506,evacuee,outES,Evacuee 298 in triage category Y is not assigned a helicopter
4123.08,1506,evacuee,,Evacuee;298;in triage state;R;is at the evacuation site
4136.08,3,evacueeManager,,OFF SHIP: White;0;Green;20;Yellow;16;Red;1;Black;343;ON SHIP: White;0;Green;0;Yellow;0;Red;0;Evacuees to Transfer;
4136.08,1506,evacuee,outES,Evacuee 298 in triage category R is not assigned a helicopter
4136.08,1506,evacuee,,Evacuee;298;in triage state;B;is at the evacuation site
4155,7,filterLoc,,
4155,10,filterLoc,,
4155,13,filterLoc,,
4155,16,filterLoc,,
4155,19,filterLoc,,
4155,22,filterLoc,,
4155,25,filterLoc,,
4155,28,filterLoc,,
4155,31,filterLoc,,
4155,34,filterLoc,,
4155,37,filterLoc,,
4155,40,filterLoc,,
4155,43,filterLoc,,
4155,46,filterLoc,,
4155,49,filterLoc,,
4155,52,filterLoc,,
4155,55,filterLoc,,
4155,58,filterLoc,,
4155,61,filterLoc,,
4155,64,filterLoc,,
4155,67,filterLoc,,
4155,70,filterLoc,,
4155,73,filterLoc,,
4155,76,filterLoc,,
4155,79,filterLoc,,
4155,82,filterLoc,,
4155,85,filterLoc,,
4155,88,filterLoc,,
4155,91,filterLoc,,
4155,94,filterLoc,,
4155,97,filterLoc,,
4155,100,filterLoc,,
4155,105,helicopter,outEvac,Evacuee 381 in triage category G is not assigned a helicopter
4155,105,helicopter,outEvac,Evacuee 385 in triage category G is not assigned a helicopter
4155,105,helicopter,outEvac,Evacuee 386 in triage category G is not assigned a helicopter
4155,105,helicopter,outEvac,Evacuee 387 in triage category G is not assigned a helicopter
4155,105,helicopter,outEvac,Evacuee 388 in triage category G is not assigned a helicopter
4155,105,helicopter,outEvac,Evacuee 391 in triage category G is not assigned a helicopter
4155,105,helicopter,outEvac,Evacuee 402 in triage category G is not assigned a helicopter
4155,105,helicopter,outEvac,Evacuee 403 in triage category G is not assigned a helicopter
4155,105,helicopter,outEvac,Evacuee 404 in triage category G is not assigned a helicopter
4155,105,helicopter,outEvac,Evacuee 406 in triage category G is not assigned a helicopter
4155,105,helicopter,,Helicopter;3;is unloading people at the FOL;;and has;0;spots taken
4155,107,filterLoc,,
4155,110,filterLoc,,
4155,113,filterLoc,,
4155,116,filterLoc,,
4155,119,filterLoc,,
4155,122,filterLoc,,
4155,125,filterLoc,,
4155,128,filterLoc,,
4155,131,filterLoc,,
4155,134,filterLoc,,
4155,137,filterLoc,,
4155,140,filterLoc,,
4155,143,filterLoc,,;Evacuee;406;in triage category;G;is leaving helicopter;3
4155,146,filterLoc,,;Evacuee;404;in triage category;G;is leaving helicopter;3
4155,149,filterLoc,,;Evacuee;403;in triage category;G;is leaving helicopter;3
4155,152,filterLoc,,
4155,155,filterLoc,,
4155,158,filterLoc,,
4155,161,filterLoc,,
4155,164,filterLoc,,
4155,167,filterLoc,,
4155,170,filterLoc,,
4155,173,filterLoc,,
4155,176,filterLoc,,
4155,179,filterLoc,,
4155,182,filterLoc,,
4155,185,filterLoc,,
4155,188,filterLoc,,
4155,191,filterLoc,,
4155,194,filterLoc,,;Evacuee;381;in triage category;G;is leaving helicopter;3
4155,197,filterLoc,,
4155,200,filterLoc,,
4155,203,filterLoc,,
4155,206,filterLoc,,
4155,209,filterLoc,,
4155,212,filterLoc,,
4155,215,filterLoc,,
4155,218,filterLoc,,
4155,221,filterLoc,,
4155,225,filterLoc,,
4155,228,filterLoc,,
4155,231,filterLoc,,
4155,234,filterLoc,,
4155,237,filterLoc,,
4155,240,filterLoc,,
4155,243,filterLoc,,
4155,246,filterLoc,,
4155,249,filterLoc,,
4155,252,filterLoc,,
4155,255,filterLoc,,
4155,258,filterLoc,,
4155,261,filterLoc,,
4155,264,filterLoc,,
4155,267,filterLoc,,
4155,270,filterLoc,,
4155,273,filterLoc,,
4155,276,filterLoc,,
4155,279,filterLoc,,
4155,282,filterLoc,,
4155,285,filterLoc,,
4155,288,filterLoc,,
4155,291,filterLoc,,
4155,294,filterLoc,,
4155,297,filterLoc,,
4155,300,filterLoc,,
4155,303,filterLoc,,
4155,306,filterLoc,,
4155,309,filterLoc,,
4155,312,filterLoc,,
4155,315,filterLoc,,
4155,318,filterLoc,,
4155,321,filterLoc,,
4155,324,filterLoc,,
4155,327,filterLoc,,
4155,330,filterLoc,,
4155,333,filterLoc,,
4155,336,filterLoc,,
4155,339,filterLoc,,
4155,342,filterLoc,,
4155,345,filterLoc,,
4155,348,filterLoc,,
4155,351,filterLoc,,
4155,354,filterLoc,,
4155,357,filterLoc,,
4155,360,filterLoc,,
4155,363,filterLoc,,
4155,366,filterLoc,,
4155,369,filterLoc,,
4155,372,filterLoc,,
4155,375,filterLoc,,
4155,378,filterLoc,,
4155,381,filterLoc,,
4155,384,filterLoc,,
4155,387,filterLoc,,
4155,390,filterLoc,,
4155,393,filterLoc,,
4155,396,filterLoc,,
4155,399,filterLoc,,
4155,402,filterLoc,,
4155,405,filterLoc,,
4155,408,filterLoc,,
4155,411,filterLoc,,
4155,414,filterLoc,,
4155,417,filterLoc,,
4155,420,filterLoc,,
4155,423,filterLoc,,
4155,426,filterLoc,,
4155,429,filterLoc,,
4155,432,filterLoc,,
4155,435,filterLoc,,
4155,438,filterLoc,,
4155,441,filterLoc,,
4155,444,filterLoc,,
4155,447,filterLoc,,
4155,450,filterLoc,,
4155,453,filterLoc,,
4155,456,filterLoc,,
4155,459,filterLoc,,
4155,462,filterLoc,,
4155,465,filterLoc,,
4155,468,filterLoc,,
4155,471,filterLoc,,
4155,474,filterLoc,,
4155,477,filterLoc,,
4155,480,filterLoc,,;Evacuee;386;in triage category;G;is leaving helicopter;3
4155,483,filterLoc,,
4155,486,filterLoc,,
4155,489,filterLoc,,
4155,492,filterLoc,,
4155,495,filterLoc,,
4155,498,filterLoc,,
4155,501,filterLoc,,
4155,504,filterLoc,,
4155,507,filterLoc,,
4155,510,filterLoc,,
4155,513,filterLoc,,
4155,516,filterLoc,,
4155,519,filterLoc,,
4155,522,filterLoc,,
4155,525,filterLoc,,
4155,528,filterLoc,,
4155,531,filterLoc,,
4155,534,filterLoc,,
4155,537,filterLoc,,
4155,540,filterLoc,,
4155,543,filterLoc,,
4155,546,filterLoc,,
4155,549,filterLoc,,
4155,552,filterLoc,,
4155,555,filterLoc,,
4155,558,filterLoc,,
4155,561,filterLoc,,
4155,564,filterLoc,,
4155,567,filterLoc,,
4155,570,filterLoc,,
4155,573,filterLoc,,
4155,576,filterLoc,,
4155,579,filterLoc,,
4155,582,filterLoc,,
4155,585,filterLoc,,
4155,588,filterLoc,,
4155,591,filterLoc,,
4155,594,filterLoc,,
4155,597,filterLoc,,
4155,600,filterLoc,,
4155,603,filterLoc,,
4155,606,filterLoc,,
4155,609,filterLoc,,
4155,612,filterLoc,,
4155,615,filterLoc,,
4155,618,filterLoc,,
4155,621,filterLoc,,
4155,624,filterLoc,,
4155,627,filterLoc,,
4155,630,filterLoc,,
4155,633,filterLoc,,
4155,636,filterLoc,,
4155,639,filterLoc,,
4155,642,filterLoc,,
4155,645,filterLoc,,
4155,648,filterLoc,,
4155,651,filterLoc,,
4155,654,filterLoc,,
4155,657,filterLoc,,
4155,660,filterLoc,,
4155,663,filterLoc,,
4155,666,filterLoc,,
4155,669,filterLoc,,
4155,672,filterLoc,,
4155,675,filterLoc,,
4155,678,filterLoc,,
4155,681,filterLoc,,
4155,684,filterLoc,,
4155,687,filterLoc,,
4155,690,filterLoc,,
4155,693,filterLoc,,
4155,696,filterLoc,,
4155,699,filterLoc,,
4155,702,filterLoc,,
4155,705,filterLoc,,
4155,708,filterLoc,,
4155,711,filterLoc,,
4155,714,filterLoc,,
4155,717,filterLoc,,
4155,720,filterLoc,,
4155,723,filterLoc,,
4155,726,filterLoc,,
4155,729,filterLoc,,
4155,732,filterLoc,,
4155,735,filterLoc,,
4155,738,filterLoc,,
4155,741,filterLoc,,
4155,744,filterLoc,,
4155,747,filterLoc,,
4155,750,filterLoc,,
4155,753,filterLoc,,
4155,756,filterLoc,,
4155,759,filterLoc,,
4155,762,filterLoc,,
4155,765,filterLoc,,
4155,768,filterLoc,,
4155,771,filterLoc,,
4155,774,filterLoc,,
4155,777,filterLoc,,
4155,780,filterLoc,,
4155,783,filterLoc,,
4155,786,filterLoc,,
4155,789,filterLoc,,
4155,792,filterLoc,,
4155,795,filterLoc,,
4155,798,filterLoc,,
4155,801,filterLoc,,
4155,804,filterLoc,,
4155,807,filterLoc,,
4155,810,filterLoc,,
4155,813,filterLoc,,
4155,816,filterLoc,,
4155,819,filterLoc,,
4155,822,filterLoc,,
4155,825,filterLoc,,
4155,828,filterLoc,,
4155,831,filterLoc,,
4155,834,filterLoc,,
4155,837,filterLoc,,
4155,840,filterLoc,,
4155,843,filterLoc,,
4155,846,filterLoc,,
4155,849,filterLoc,,
4155,852,filterLoc,,
4155,855,filterLoc,,
4155,858,filterLoc,,
4155,861,filterLoc,,
4155,864,filterLoc,,
4155,867,filterLoc,,
4155,870,filterLoc,,
4155,873,filterLoc,,
4155,876,filterLoc,,
4155,879,filterLoc,,
4155,882,filterLoc,,;Evacuee;387;in triage category;G;is leaving helicopter;3
4155,885,filterLoc,,
4155,888,filterLoc,,
4155,891,filterLoc,,
4155,894,filterLoc,,
4155,897,filterLoc,,
4155,900,filterLoc,,
4155,903,filterLoc,,
4155,906,filterLoc,,
4155,909,filterLoc,,
4155,912,filterLoc,,
4155,915,filterLoc,,
4155,918,filterLoc,,
4155,921,filterLoc,,
4155,924,filterLoc,,
4155,927,filterLoc,,
4155,930,filterLoc,,
4155,933,filterLoc,,
4155,936,filterLoc,,
4155,939,filterLoc,,
4155,942,filterLoc,,
4155,945,filterLoc,,
4155,948,filterLoc,,
4155,951,filterLoc,,
4155,954,filterLoc,,
4155,957,filterLoc,,
4155,960,filterLoc,,
4155,963,filterLoc,,;Evacuee;402;in triage category;G;is leaving helicopter;3
4155,966,filterLoc,,
4155,969,filterLoc,,
4155,972,filterLoc,,
4155,975,filterLoc,,
4155,978,filterLoc,,
4155,981,filterLoc,,
4155,984,filterLoc,,
4155,987,filterLoc,,
4155,990,filterLoc,,
4155,993,filterLoc,,
4155,996,filterLoc,,
4155,999,filterLoc,,
4155,1002,filterLoc,,
4155,1005,filterLoc,,
4155,1008,filterLoc,,
4155,1011,filterLoc,,
4155,1014,filterLoc,,
4155,1017,filterLoc,,
4155,1020,filterLoc,,
4155,1023,filterLoc,,
4155,1026,filterLoc,,
4155,1029,filterLoc,,
4155,1032,filterLoc,,
4155,1035,filterLoc,,
4155,1038,filterLoc,,
4155,1041,filterLoc,,
4155,1044,filterLoc,,
4155,1047,filterLoc,,
4155,1050,filterLoc,,
4155,1053,filterLoc,,
4155,1056,filterLoc,,
4155,1059,filterLoc,,
4155,1062,filterLoc,,
4155,1065,filterLoc,,
4155,1068,filterLoc,,
4155,1071,filterLoc,,
4155,1074,filterLoc,,
4155,1077,filterLoc,,
4155,1080,filterLoc,,
4155,1083,filterLoc,,
4155,1086,filterLoc,,;Evacuee;391;in triage category;G;is leaving helicopter;3
4155,1089,filterLoc,,;Evacuee;388;in triage category;G;is leaving helicopter;3
4155,1092,filterLoc,,
4155,1095,filterLoc,,
4155,1098,filterLoc,,
4155,1101,filterLoc,,
4155,1104,filterLoc,,
4155,1107,filterLoc,,
4155,1110,filterLoc,,
4155,1113,filterLoc,,
4155,1116,filterLoc,,
4155,1123,filterLoc,,
4155,1126,filterLoc,,
4155,1129,filterLoc,,
4155,1132,filterLoc,,
4155,1135,filterLoc,,
4155,1138,filterLoc,,
4155,1141,filterLoc,,
4155,1144,filterLoc,,
4155,1147,filterLoc,,
4155,1150,filterLoc,,
4155,1153,filterLoc,,
4155,1156,filterLoc,,
4155,1163,filterLoc,,
4155,1166,filterLoc,,
4155,1169,filterLoc,,
4155,1172,filterLoc,,
4155,1175,filterLoc,,;Evacuee;385;in triage category;G;is leaving helicopter;3
4155,1178,filterLoc,,
4155,1181,filterLoc,,
4155,1184,filterLoc,,
4155,1187,filterLoc,,
4155,1190,filterLoc,,
4155,1193,filterLoc,,
4155,1196,filterLoc,,
4155,1199,filterLoc,,
4155,1202,filterLoc,,
4155,1205,filterLoc,,
4155,1208,filterLoc,,
4155,1211,filterLoc,,
4155,1214,filterLoc,,
4155,1217,filterLoc,,
4155,1220,filterLoc,,
4155,1223,filterLoc,,
4155,1226,filterLoc,,
4155,1229,filterLoc,,
4155,1232,filterLoc,,
4155,1235,filterLoc,,
4155,1238,filterLoc,,
4155,1241,filterLoc,,
4155,1244,filterLoc,,
4155,1247,filterLoc,,
4155,1250,filterLoc,,
4155,1253,filterLoc,,
4155,1256,filterLoc,,
4155,1259,filterLoc,,
4155,1262,filterLoc,,
4155,1265,filterLoc,,
4155,1268,filterLoc,,
4155,1271,filterLoc,,
4155,1274,filterLoc,,
4155,1277,filterLoc,,
4155,1280,filterLoc,,
4155,1283,filterLoc,,
4155,1286,filterLoc,,
4155,1289,filterLoc,,
4155,1292,filterLoc,,
4155,1295,filterLoc,,
4155,1298,filterLoc,,
4155,1301,filterLoc,,
4155,1304,filterLoc,,
4155,1307,filterLoc,,
4155,1310,filterLoc,,
4155,1313,filterLoc,,
4155,1316,filterLoc,,
4155,1319,filterLoc,,
4155,1322,filterLoc,,
4155,1325,filterLoc,,
4155,1328,filterLoc,,
4155,1331,filterLoc,,
4155,1334,filterLoc,,
4155,1337,filterLoc,,
4155,1340,filterLoc,,
4155,1343,filterLoc,,
4155,1346,filterLoc,,
4155,1349,filterLoc,,
4155,1352,filterLoc,,
4155,1355,filterLoc,,
4155,1358,filterLoc,,
4155,1361,filterLoc,,
4155,1364,filterLoc,,
4155,1367,filterLoc,,
4155,1370,filterLoc,,
4155,1373,filterLoc,,
4155,1376,filterLoc,,
4155,1379,filterLoc,,
4155,1382,filterLoc,,
4155,1385,filterLoc,,
4155,1388,filterLoc,,
4155,1391,filterLoc,,
4155,1394,filterLoc,,
4155,1397,filterLoc,,
4155,1400,filterLoc,,
4155,1403,filterLoc,,
4155,1406,filterLoc,,
4155,1409,filterLoc,,
4155,1412,filterLoc,,
4155,1415,filterLoc,,
4155,1418,filterLoc,,
4155,1421,filterLoc,,
4155,1424,filterLoc,,
4155,1427,filterLoc,,
4155,1430,filterLoc,,
4155,1433,filterLoc,,
4155,1436,filterLoc,,
4155,1439,filterLoc,,
4155,1442,filterLoc,,
4155,1445,filterLoc,,
4155,1448,filterLoc,,
4155,1451,filterLoc,,
4155,1454,filterLoc,,
4155,1457,filterLoc,,
4155,1460,filterLoc,,
4155,1463,filterLoc,,
4155,1466,filterLoc,,
4155,1469,filterLoc,,
4155,1472,filterLoc,,
4155,1475,filterLoc,,
4155,1478,filterLoc,,
4155,1481,filterLoc,,
4155,1484,filterLoc,,
4155,1487,filterLoc,,
4155,1490,filterLoc,,
4155,1493,filterLoc,,
4155,1496,filterLoc,,
4155,1499,filterLoc,,
4155,1502,filterLoc,,
4155,1505,filterLoc,,
4155,1508,filterLoc,,
4155,1511,filterLoc,,
4155,1514,filterLoc,,
4155,1517,filterLoc,,
4155,143,filterLoc,out,Evacuee 406 in triage category G is not assigned a helicopter
4155,143,filterLoc,,
4155,144,evacuee,,Evacuee;406;in triage state;G;is entering the FOL
4155,146,filterLoc,out,Evacuee 404 in triage category G is not assigned a helicopter
4155,146,filterLoc,,
4155,147,evacuee,,Evacuee;404;in triage state;G;is entering the FOL
4155,149,filterLoc,out,Evacuee 403 in triage category G is not assigned a helicopter
4155,149,filterLoc,,
4155,150,evacuee,,Evacuee;403;in triage state;G;is entering the FOL
4155,194,filterLoc,out,Evacuee 381 in triage category G is not assigned a helicopter
4155,194,filterLoc,,
4155,195,evacuee,,Evacuee;381;in triage state;G;is entering the FOL
4155,480,filterLoc,out,Evacuee 386 in triage category G is not assigned a helicopter
4155,480,filterLoc,,
4155,481,evacuee,,Evacuee;386;in triage state;G;is entering the FOL
4155,882,filterLoc,out,Evacuee 387 in triage category G is not assigned a helicopter
4155,882,filterLoc,,
4155,883,evacuee,,Evacuee;387;in triage state;G;is entering the FOL
4155,963,filterLoc,out,Evacuee 402 in triage category G is not assigned a helicopter
4155,963,filterLoc,,
4155,964,evacuee,,Evacuee;402;in triage state;G;is entering the FOL
4155,1086,filterLoc,out,Evacuee 391 in triage category G is not assigned a helicopter
4155,1086,filterLoc,,
4155,1087,evacuee,,Evacuee;391;in triage state;G;is entering the FOL
4155,1089,filterLoc,out,Evacuee 388 in triage category G is not assigned a helicopter
4155,1089,filterLoc,,
4155,1090,evacuee,,Evacuee;388;in triage state;G;is entering the FOL
4155,1175,filterLoc,out,Evacuee 385 in triage category G is not assigned a helicopter
4155,1175,filterLoc,,
4155,1176,evacuee,,Evacuee;385;in triage state;G;is entering the FOL
4155,144,evacuee,outFOL,Evacuee 406 in triage category G is not assigned a helicopter
4155,144,evacuee,,Evacuee;406;in triage state;G;is at the FOL
4155,147,evacuee,outFOL,Evacuee 404 in triage category G is not assigned a helicopter
4155,147,evacuee,,Evacuee;404;in triage state;G;is at the FOL
4155,150,evacuee,outFOL,Evacuee 403 in triage category G is not assigned a helicopter
4155,150,evacuee,,Evacuee;403;in triage state;G;is at the FOL
4155,195,evacuee,outFOL,Evacuee 381 in triage category G is not assigned a helicopter
4155,195,evacuee,,Evacuee;381;in triage state;G;is at the FOL
4155,223,FOL,,;EvacueeID;2;Triage Status;G;EvacueeID;4;Triage Status;G;EvacueeID;9;Triage Status;G;EvacueeID;11;Triage Status;G;EvacueeID;13;Triage Status;G;EvacueeID;14;Triage Status;G;EvacueeID;18;Triage Status;G;EvacueeID;22;Triage Status;G;EvacueeID;23;Triage Status;G;EvacueeID;24;Triage Status;G;EvacueeID;25;Triage Status;G;EvacueeID;29;Triage Status;G;EvacueeID;32;Triage Status;G;EvacueeID;33;Triage Status;G;EvacueeID;34;Triage Status;G;EvacueeID;37;Triage Status;G;EvacueeID;44;Triage Status;G;EvacueeID;45;Triage Status;G;EvacueeID;48;Triage Status;G;EvacueeID;49;Triage Status;G;EvacueeID;50;Triage Status;G;EvacueeID;55;Triage Status;G;EvacueeID;58;Triage Status;G;EvacueeID;60;Triage Status;G;EvacueeID;65;Triage Status;G;EvacueeID;67;Triage Status;G;EvacueeID;71;Triage Status;G;EvacueeID;74;Triage Status;G;EvacueeID;75;Triage Status;G;EvacueeID;76;Triage Status;G;EvacueeID;81;Triage Status;G;EvacueeID;83;Triage Status;G;EvacueeID;85;Triage Status;G;EvacueeID;90;Triage Status;G;EvacueeID;92;Triage Status;G;EvacueeID;93;Triage Status;G;EvacueeID;104;Triage Status;G;EvacueeID;105;Triage Status;G;EvacueeID;106;Triage Status;G;EvacueeID;117;Triage Status;G;EvacueeID;121;Triage Status;G;EvacueeID;123;Triage Status;G;EvacueeID;127;Triage Status;G;EvacueeID;136;Triage Status;G;EvacueeID;144;Triage Status;G;EvacueeID;148;Triage Status;G;EvacueeID;152;Triage Status;G;EvacueeID;153;Triage Status;G;EvacueeID;158;Triage Status;G;EvacueeID;159;Triage Status;G;EvacueeID;161;Triage Status;G;EvacueeID;164;Triage Status;G;EvacueeID;165;Triage Status;G;EvacueeID;169;Triage Status;G;EvacueeID;170;Triage Status;G;EvacueeID;171;Triage Status;G;EvacueeID;174;Triage Status;G;EvacueeID;177;Triage Status;G;EvacueeID;181;Triage Status;G;EvacueeID;187;Triage Status;G;EvacueeID;188;Triage Status;G;EvacueeID;190;Triage Status;G;EvacueeID;192;Triage Status;G;EvacueeID;200;Triage Status;G;EvacueeID;201;Triage Status;G;EvacueeID;202;Triage Status;G;EvacueeID;209;Triage Status;G;EvacueeID;210;Triage Status;G;EvacueeID;212;Triage Status;G;EvacueeID;218;Triage Status;G;EvacueeID;224;Triage Status;G;EvacueeID;225;Triage Status;G;EvacueeID;226;Triage Status;G;EvacueeID;227;Triage Status;G;EvacueeID;235;Triage Status;G;EvacueeID;245;Triage Status;G;EvacueeID;246;Triage Status;G;EvacueeID;252;Triage Status;G;EvacueeID;254;Triage Status;G;EvacueeID;255;Triage Status;G;EvacueeID;257;Triage Status;G;EvacueeID;258;Triage Status;G;EvacueeID;263;Triage Status;G;EvacueeID;271;Triage Status;G;EvacueeID;272;Triage Status;G;EvacueeID;273;Triage Status;G;EvacueeID;274;Triage Status;G;EvacueeID;290;Triage Status;G;EvacueeID;291;Triage Status;G;EvacueeID;292;Triage Status;G;EvacueeID;301;Triage Status;G;EvacueeID;311;Triage Status;G;EvacueeID;317;Triage Status;G;EvacueeID;318;Triage Status;G;EvacueeID;319;Triage Status;G;EvacueeID;321;Triage Status;G;EvacueeID;322;Triage Status;G;EvacueeID;329;Triage Status;G;EvacueeID;332;Triage Status;G;EvacueeID;337;Triage Status;G;EvacueeID;339;Triage Status;G;EvacueeID;346;Triage Status;G;EvacueeID;348;Triage Status;G;EvacueeID;349;Triage Status;G;EvacueeID;350;Triage Status;G;EvacueeID;351;Triage Status;G;EvacueeID;353;Triage Status;G;EvacueeID;378;Triage Status;G;EvacueeID;379;Triage Status;G;EvacueeID;380;Triage Status;G;EvacueeID;381;Triage Status;G;EvacueeID;385;Triage Status;G;EvacueeID;386;Triage Status;G;EvacueeID;387;Triage Status;G;EvacueeID;388;Triage Status;G;EvacueeID;391;Triage Status;G;EvacueeID;402;Triage Status;G;EvacueeID;403;Triage Status;G;EvacueeID;404;Triage Status;G;EvacueeID;406;Triage Status;G;Lives Saved;120
4155,481,evacuee,outFOL,Evacuee 386 in triage category G is not assigned a helicopter
4155,481,evacuee,,Evacuee;386;in triage state;G;is at the FOL
4155,883,evacuee,outFOL,Evacuee 387 in triage category G is not assigned a helicopter
4155,883,evacuee,,Evacuee;387;in triage state;G;is at the FOL
4155,964,evacuee,outFOL,Evacuee 402 in triage category G is not assigned a helicopter
4155,964,evacuee,,Evacuee;402;in triage state;G;is at the FOL
4155,1087,evacuee,outFOL,Evacuee 391 in triage category G is not assigned a helicopter
4155,1087,evacuee,,Evacuee;391;in triage state;G;is at the FOL
4155,1090,evacuee,outFOL,Evacuee 388 in triage category G is not assigned a helicopter
4155,1090,evacuee,,Evacuee;388;in triage state;G;is at the FOL
4155,1176,evacuee,outFOL,Evacuee 385 in triage category G is not assigned a helicopter
4155,1176,evacuee,,Evacuee;385;in triage state;G;is at the FOL
4155,223,FOL,,;EvacueeID;2;Triage Status;G;EvacueeID;4;Triage Status;G;EvacueeID;9;Triage Status;G;EvacueeID;11;Triage Status;G;EvacueeID;13;Triage Status;G;EvacueeID;14;Triage Status;G;EvacueeID;18;Triage Status;G;EvacueeID;22;Triage Status;G;EvacueeID;23;Triage Status;G;EvacueeID;24;Triage Status;G;EvacueeID;25;Triage Status;G;EvacueeID;29;Triage Status;G;EvacueeID;32;Triage Status;G;EvacueeID;33;Triage Status;G;EvacueeID;34;Triage Status;G;EvacueeID;37;Triage Status;G;EvacueeID;44;Triage Status;G;EvacueeID;45;Triage Status;G;EvacueeID;48;Triage Status;G;EvacueeID;49;Triage Status;G;EvacueeID;50;Triage Status;G;EvacueeID;55;Triage Status;G;EvacueeID;58;Triage Status;G;EvacueeID;60;Triage Status;G;EvacueeID;65;Triage Status;G;EvacueeID;67;Triage Status;G;EvacueeID;71;Triage Status;G;EvacueeID;74;Triage Status;G;EvacueeID;75;Triage Status;G;EvacueeID;76;Triage Status;G;EvacueeID;81;Triage Status;G;EvacueeID;83;Triage Status;G;EvacueeID;85;Triage Status;G;EvacueeID;90;Triage Status;G;EvacueeID;92;Triage Status;G;EvacueeID;93;Triage Status;G;EvacueeID;104;Triage Status;G;EvacueeID;105;Triage Status;G;EvacueeID;106;Triage Status;G;EvacueeID;117;Triage Status;G;EvacueeID;121;Triage Status;G;EvacueeID;123;Triage Status;G;EvacueeID;127;Triage Status;G;EvacueeID;136;Triage Status;G;EvacueeID;144;Triage Status;G;EvacueeID;148;Triage Status;G;EvacueeID;152;Triage Status;G;EvacueeID;153;Triage Status;G;EvacueeID;158;Triage Status;G;EvacueeID;159;Triage Status;G;EvacueeID;161;Triage Status;G;EvacueeID;164;Triage Status;G;EvacueeID;165;Triage Status;G;EvacueeID;169;Triage Status;G;EvacueeID;170;Triage Status;G;EvacueeID;171;Triage Status;G;EvacueeID;174;Triage Status;G;EvacueeID;177;Triage Status;G;EvacueeID;181;Triage Status;G;EvacueeID;187;Triage Status;G;EvacueeID;188;Triage Status;G;EvacueeID;190;Triage Status;G;EvacueeID;192;Triage Status;G;EvacueeID;200;Triage Status;G;EvacueeID;201;Triage Status;G;EvacueeID;202;Triage Status;G;EvacueeID;209;Triage Status;G;EvacueeID;210;Triage Status;G;EvacueeID;212;Triage Status;G;EvacueeID;218;Triage Status;G;EvacueeID;224;Triage Status;G;EvacueeID;225;Triage Status;G;EvacueeID;226;Triage Status;G;EvacueeID;227;Triage Status;G;EvacueeID;235;Triage Status;G;EvacueeID;245;Triage Status;G;EvacueeID;246;Triage Status;G;EvacueeID;252;Triage Status;G;EvacueeID;254;Triage Status;G;EvacueeID;255;Triage Status;G;EvacueeID;257;Triage Status;G;EvacueeID;258;Triage Status;G;EvacueeID;263;Triage Status;G;EvacueeID;271;Triage Status;G;EvacueeID;272;Triage Status;G;EvacueeID;273;Triage Status;G;EvacueeID;274;Triage Status;G;EvacueeID;290;Triage Status;G;EvacueeID;291;Triage Status;G;EvacueeID;292;Triage Status;G;EvacueeID;301;Triage Status;G;EvacueeID;311;Triage Status;G;EvacueeID;317;Triage Status;G;EvacueeID;318;Triage Status;G;EvacueeID;319;Triage Status;G;EvacueeID;321;Triage Status;G;EvacueeID;322;Triage Status;G;EvacueeID;329;Triage Status;G;EvacueeID;332;Triage Status;G;EvacueeID;337;Triage Status;G;EvacueeID;339;Triage Status;G;EvacueeID;346;Triage Status;G;EvacueeID;348;Triage Status;G;EvacueeID;349;Triage Status;G;EvacueeID;350;Triage Status;G;EvacueeID;351;Triage Status;G;EvacueeID;353;Triage Status;G;EvacueeID;378;Triage Status;G;EvacueeID;379;Triage Status;G;EvacueeID;380;Triage Status;G;EvacueeID;381;Triage Status;G;EvacueeID;385;Triage Status;G;EvacueeID;386;Triage Status;G;EvacueeID;387;Triage Status;G;EvacueeID;388;Triage Status;G;EvacueeID;391;Triage Status;G;EvacueeID;402;Triage Status;G;EvacueeID;403;Triage Status;G;EvacueeID;404;Triage Status;G;EvacueeID;406;Triage Status;G;Lives Saved;120
4158.69,3,evacueeManager,,OFF SHIP: White;0;Green;20;Yellow;16;Red;0;Black;344;ON SHIP: White;0;Green;0;Yellow;0;Red;0;Evacuees to Transfer;
4158.69,135,evacuee,outES,Evacuee 422 in triage category R is not assigned a helicopter
4158.69,135,evacuee,,Evacuee;422;in triage state;B;is at the evacuation site
4170,105,helicopter,,Helicopter;3;Is going to the evacuation site;;and has;0;spots taken
4196.67,3,evacueeManager,,OFF SHIP: White;0;Green;20;Yellow;15;Red;1;Black;344;ON SHIP: White;0;Green;0;Yellow;0;Red;0;Evacuees to Transfer;
4196.67,50,evacuee,outES,Evacuee 472 in triage category Y is not assigned a helicopter
4196.67,50,evacuee,,Evacuee;472;in triage state;R;is at the evacuation site
4197.64,3,evacueeManager,,OFF SHIP: White;0;Green;20;Yellow;14;Red;2;Black;344;ON SHIP: White;0;Green;0;Yellow;0;Red;0;Evacuees to Transfer;
4197.64,1227,evacuee,outES,Evacuee 222 in triage category Y is not assigned a helicopter
4197.64,1227,evacuee,,Evacuee;222;in triage state;R;is at the evacuation site
4200,5,helicopterQueue,,1;Helos are waiting to land;HeloID;1
4200,1161,helicopter,outES,Helicopter 1 is evacuating people1
4200,1161,helicopter,,Helicopter;1;is waiting to land at the evacuation site;;and has;0;spots taken
4200,4,helipadManager,,;No helos are at ES
4200,5,helicopterQueue,outHM,Helicopter 1 is evacuating people1
4200,5,helicopterQueue,outHelo,Helicopter 1 is evacuating people1
4200,5,helicopterQueue,,;No helos are waiting to land
4200,104,filterES,,
4200,1120,filterES,,
4200,1160,filterES,,Helicopter;1;is evacuating people
4200,3,evacueeManager,,OFF SHIP: White;0;Green;10;Yellow;14;Red;2;Black;344;ON SHIP: White;0;Green;0;Yellow;0;Red;0;Evacuees to Transfer;;EvacueeID;408;HeloID;1;OnShip;0;Triage Status;G;EvacueeID;409;HeloID;1;OnShip;0;Triage Status;G;EvacueeID;412;HeloID;1;OnShip;0;Triage Status;G;EvacueeID;413;HeloID;1;OnShip;0;Triage Status;G;EvacueeID;424;HeloID;1;OnShip;0;Triage Status;G;EvacueeID;427;HeloID;1;OnShip;0;Triage Status;G;EvacueeID;431;HeloID;1;OnShip;0;Triage Status;G;EvacueeID;432;HeloID;1;OnShip;0;Triage Status;G;EvacueeID;435;HeloID;1;OnShip;0;Triage Status;G;EvacueeID;440;HeloID;1;OnShip;0;Triage Status;G
4200,4,helipadManager,outEM,Helicopter 1 is evacuating people1
4200,4,helipadManager,,Helo;1;is at the ES
4200,1160,filterES,out,Helicopter 1 is evacuating people1
4200,1160,filterES,,
4200,1161,helicopter,,Helicopter;1;is waiting to land at the evacuation site;;and has;0;spots taken
4200,3,evacueeManager,outEvac,Evacuee 408 in triage category G is assigned helicopter 1
4200,3,evacueeManager,outEvac,Evacuee 409 in triage category G is assigned helicopter 1
4200,3,evacueeManager,outEvac,Evacuee 412 in triage category G is assigned helicopter 1
4200,3,evacueeManager,outEvac,Evacuee 413 in triage category G is assigned helicopter 1
4200,3,evacueeManager,outEvac,Evacuee 424 in triage category G is assigned helicopter 1
4200,3,evacueeManager,outEvac,Evacuee 427 in triage category G is assigned helicopter 1
4200,3,evacueeManager,outEvac,Evacuee 431 in triage category G is assigned helicopter 1
4200,3,evacueeManager,outEvac,Evacuee 432 in triage category G is assigned helicopter 1
4200,3,evacueeManager,outEvac,Evacuee 435 in triage category G is assigned helicopter 1
4200,3,evacueeManager,outEvac,Evacuee 440 in triage category G is assigned helicopter 1
4200,3,evacueeManager,,OFF SHIP: White;0;Green;10;Yellow;14;Red;2;Black;344;ON SHIP: White;0;Green;0;Yellow;0;Red;0;Evacuees to Transfer;
4200,7,filterLoc,,
4200,10,filterLoc,,
4200,13,filterLoc,,
4200,16,filterLoc,,
4200,19,filterLoc,,
4200,22,filterLoc,,
4200,25,filterLoc,,
4200,28,filterLoc,,
4200,31,filterLoc,,
4200,34,filterLoc,,
4200,37,filterLoc,,
4200,40,filterLoc,,
4200,43,filterLoc,,
4200,46,filterLoc,,
4200,49,filterLoc,,
4200,52,filterLoc,,
4200,55,filterLoc,,
4200,58,filterLoc,,
4200,61,filterLoc,,
4200,64,filterLoc,,
4200,67,filterLoc,,
4200,70,filterLoc,,
4200,73,filterLoc,,
4200,76,filterLoc,,
4200,79,filterLoc,,
4200,82,filterLoc,,
4200,85,filterLoc,,
4200,88,filterLoc,,
4200,91,filterLoc,,
4200,94,filterLoc,,
4200,97,filterLoc,,
4200,100,filterLoc,,
4200,107,filterLoc,,
4200,110,filterLoc,,
4200,113,filterLoc,,
4200,116,filterLoc,,
4200,119,filterLoc,,
4200,122,filterLoc,,
4200,125,filterLoc,,
4200,128,filterLoc,,
4200,131,filterLoc,,
4200,134,filterLoc,,
4200,137,filterLoc,,;Evacuee;409;in triage category;G;is entering helicopter;1
4200,140,filterLoc,,;Evacuee;408;in triage category;G;is entering helicopter;1
4200,143,filterLoc,,
4200,146,filterLoc,,
4200,149,filterLoc,,
4200,152,filterLoc,,
4200,155,filterLoc,,
4200,158,filterLoc,,
4200,161,filterLoc,,
4200,164,filterLoc,,
4200,167,filterLoc,,
4200,170,filterLoc,,
4200,173,filterLoc,,
4200,176,filterLoc,,
4200,179,filterLoc,,
4200,182,filterLoc,,
4200,185,filterLoc,,
4200,188,filterLoc,,
4200,191,filterLoc,,
4200,194,filterLoc,,
4200,197,filterLoc,,;Evacuee;427;in triage category;G;is entering helicopter;1
4200,200,filterLoc,,
4200,203,filterLoc,,
4200,206,filterLoc,,
4200,209,filterLoc,,
4200,212,filterLoc,,
4200,215,filterLoc,,
4200,218,filterLoc,,
4200,221,filterLoc,,
4200,225,filterLoc,,
4200,228,filterLoc,,
4200,231,filterLoc,,
4200,234,filterLoc,,
4200,237,filterLoc,,
4200,240,filterLoc,,
4200,243,filterLoc,,
4200,246,filterLoc,,
4200,249,filterLoc,,
4200,252,filterLoc,,
4200,255,filterLoc,,
4200,258,filterLoc,,
4200,261,filterLoc,,
4200,264,filterLoc,,
4200,267,filterLoc,,
4200,270,filterLoc,,
4200,273,filterLoc,,
4200,276,filterLoc,,
4200,279,filterLoc,,
4200,282,filterLoc,,
4200,285,filterLoc,,
4200,288,filterLoc,,
4200,291,filterLoc,,
4200,294,filterLoc,,
4200,297,filterLoc,,
4200,300,filterLoc,,
4200,303,filterLoc,,
4200,306,filterLoc,,
4200,309,filterLoc,,
4200,312,filterLoc,,
4200,315,filterLoc,,
4200,318,filterLoc,,
4200,321,filterLoc,,
4200,324,filterLoc,,
4200,327,filterLoc,,
4200,330,filterLoc,,
4200,333,filterLoc,,
4200,336,filterLoc,,
4200,339,filterLoc,,
4200,342,filterLoc,,
4200,345,filterLoc,,
4200,348,filterLoc,,
4200,351,filterLoc,,
4200,354,filterLoc,,
4200,357,filterLoc,,
4200,360,filterLoc,,
4200,363,filterLoc,,
4200,366,filterLoc,,;Evacuee;413;in triage category;G;is entering helicopter;1
4200,369,filterLoc,,
4200,372,filterLoc,,
4200,375,filterLoc,,
4200,378,filterLoc,,
4200,381,filterLoc,,
4200,384,filterLoc,,
4200,387,filterLoc,,
4200,390,filterLoc,,
4200,393,filterLoc,,
4200,396,filterLoc,,
4200,399,filterLoc,,
4200,402,filterLoc,,
4200,405,filterLoc,,
4200,408,filterLoc,,
4200,411,filterLoc,,
4200,414,filterLoc,,
4200,417,filterLoc,,
4200,420,filterLoc,,
4200,423,filterLoc,,
4200,426,filterLoc,,
4200,429,filterLoc,,
4200,432,filterLoc,,
4200,435,filterLoc,,
4200,438,filterLoc,,
4200,441,filterLoc,,
4200,444,filterLoc,,
4200,447,filterLoc,,
4200,450,filterLoc,,
4200,453,filterLoc,,
4200,456,filterLoc,,
4200,459,filterLoc,,
4200,462,filterLoc,,
4200,465,filterLoc,,
4200,468,filterLoc,,
4200,471,filterLoc,,
4200,474,filterLoc,,
4200,477,filterLoc,,
4200,480,filterLoc,,
4200,483,filterLoc,,
4200,486,filterLoc,,
4200,489,filterLoc,,;Evacuee;432;in triage category;G;is entering helicopter;1
4200,492,filterLoc,,
4200,495,filterLoc,,
4200,498,filterLoc,,
4200,501,filterLoc,,
4200,504,filterLoc,,
4200,507,filterLoc,,
4200,510,filterLoc,,
4200,513,filterLoc,,
4200,516,filterLoc,,
4200,519,filterLoc,,
4200,522,filterLoc,,
4200,525,filterLoc,,
4200,528,filterLoc,,
4200,531,filterLoc,,
4200,534,filterLoc,,
4200,537,filterLoc,,
4200,540,filterLoc,,
4200,543,filterLoc,,
4200,546,filterLoc,,
4200,549,filterLoc,,
4200,552,filterLoc,,
4200,555,filterLoc,,;Evacuee;424;in triage category;G;is entering helicopter;1
4200,558,filterLoc,,
4200,561,filterLoc,,
4200,564,filterLoc,,
4200,567,filterLoc,,
4200,570,filterLoc,,
4200,573,filterLoc,,
4200,576,filterLoc,,
4200,579,filterLoc,,
4200,582,filterLoc,,
4200,585,filterLoc,,
4200,588,filterLoc,,
4200,591,filterLoc,,
4200,594,filterLoc,,
4200,597,filterLoc,,
4200,600,filterLoc,,
4200,603,filterLoc,,
4200,606,filterLoc,,
4200,609,filterLoc,,
4200,612,filterLoc,,;Evacuee;412;in triage category;G;is entering helicopter;1
4200,615,filterLoc,,
4200,618,filterLoc,,
4200,621,filterLoc,,
4200,624,filterLoc,,
4200,627,filterLoc,,
4200,630,filterLoc,,
4200,633,filterLoc,,
4200,636,filterLoc,,
4200,639,filterLoc,,
4200,642,filterLoc,,
4200,645,filterLoc,,
4200,648,filterLoc,,
4200,651,filterLoc,,
4200,654,filterLoc,,
4200,657,filterLoc,,
4200,660,filterLoc,,
4200,663,filterLoc,,
4200,666,filterLoc,,
4200,669,filterLoc,,
4200,672,filterLoc,,
4200,675,filterLoc,,
4200,678,filterLoc,,
4200,681,filterLoc,,;Evacuee;440;in triage category;G;is entering helicopter;1
4200,684,filterLoc,,
4200,687,filterLoc,,;Evacuee;431;in triage category;G;is entering helicopter;1
4200,690,filterLoc,,
4200,693,filterLoc,,
4200,696,filterLoc,,
4200,699,filterLoc,,
4200,702,filterLoc,,
4200,705,filterLoc,,
4200,708,filterLoc,,
4200,711,filterLoc,,
4200,714,filterLoc,,
4200,717,filterLoc,,
4200,720,filterLoc,,
4200,723,filterLoc,,
4200,726,filterLoc,,
4200,729,filterLoc,,
4200,732,filterLoc,,
4200,735,filterLoc,,
4200,738,filterLoc,,
4200,741,filterLoc,,
4200,744,filterLoc,,
4200,747,filterLoc,,
4200,750,filterLoc,,
4200,753,filterLoc,,
4200,756,filterLoc,,
4200,759,filterLoc,,
4200,762,filterLoc,,
4200,765,filterLoc,,
4200,768,filterLoc,,
4200,771,filterLoc,,
4200,774,filterLoc,,
4200,777,filterLoc,,
4200,780,filterLoc,,
4200,783,filterLoc,,
4200,786,filterLoc,,
4200,789,filterLoc,,
4200,792,filterLoc,,
4200,795,filterLoc,,
4200,798,filterLoc,,
4200,801,filterLoc,,
4200,804,filterLoc,,
4200,807,filterLoc,,
4200,810,filterLoc,,
4200,813,filterLoc,,
4200,816,filterLoc,,
4200,819,filterLoc,,
4200,822,filterLoc,,
4200,825,filterLoc,,
4200,828,filterLoc,,
4200,831,filterLoc,,
4200,834,filterLoc,,
4200,837,filterLoc,,
4200,840,filterLoc,,
4200,843,filterLoc,,
4200,846,filterLoc,,
4200,849,filterLoc,,
4200,852,filterLoc,,
4200,855,filterLoc,,
4200,858,filterLoc,,
4200,861,filterLoc,,
4200,864,filterLoc,,
4200,867,filterLoc,,
4200,870,filterLoc,,
4200,873,filterLoc,,
4200,876,filterLoc,,
4200,879,filterLoc,,
4200,882,filterLoc,,
4200,885,filterLoc,,
4200,888,filterLoc,,
4200,891,filterLoc,,
4200,894,filterLoc,,
4200,897,filterLoc,,
4200,900,filterLoc,,
4200,903,filterLoc,,
4200,906,filterLoc,,
4200,909,filterLoc,,
4200,912,filterLoc,,
4200,915,filterLoc,,
4200,918,filterLoc,,
4200,921,filterLoc,,
4200,924,filterLoc,,
4200,927,filterLoc,,
4200,930,filterLoc,,
4200,933,filterLoc,,
4200,936,filterLoc,,
4200,939,filterLoc,,
4200,942,filterLoc,,
4200,945,filterLoc,,
4200,948,filterLoc,,
4200,951,filterLoc,,
4200,954,filterLoc,,
4200,957,filterLoc,,
4200,960,filterLoc,,
4200,963,filterLoc,,
4200,966,filterLoc,,
4200,969,filterLoc,,
4200,972,filterLoc,,
4200,975,filterLoc,,
4200,978,filterLoc,,
4200,981,filterLoc,,
4200,984,filterLoc,,
4200,987,filterLoc,,
4200,990,filterLoc,,
4200,993,filterLoc,,
4200,996,filterLoc,,
4200,999,filterLoc,,
4200,1002,filterLoc,,
4200,1005,filterLoc,,
4200,1008,filterLoc,,
4200,1011,filterLoc,,
4200,1014,filterLoc,,
4200,1017,filterLoc,,
4200,1020,filterLoc,,
4200,1023,filterLoc,,
4200,1026,filterLoc,,
4200,1029,filterLoc,,
4200,1032,filterLoc,,
4200,1035,filterLoc,,
4200,1038,filterLoc,,
4200,1041,filterLoc,,
4200,1044,filterLoc,,
4200,1047,filterLoc,,
4200,1050,filterLoc,,
4200,1053,filterLoc,,
4200,1056,filterLoc,,
4200,1059,filterLoc,,
4200,1062,filterLoc,,
4200,1065,filterLoc,,
4200,1068,filterLoc,,
4200,1071,filterLoc,,
4200,1074,filterLoc,,
4200,1077,filterLoc,,
4200,1080,filterLoc,,
4200,1083,filterLoc,,
4200,1086,filterLoc,,
4200,1089,filterLoc,,
4200,1092,filterLoc,,
4200,1095,filterLoc,,
4200,1098,filterLoc,,
4200,1101,filterLoc,,
4200,1104,filterLoc,,
4200,1107,filterLoc,,
4200,1110,filterLoc,,
4200,1113,filterLoc,,
4200,1116,filterLoc,,
4200,1123,filterLoc,,
4200,1126,filterLoc,,
4200,1129,filterLoc,,
4200,1132,filterLoc,,
4200,1135,filterLoc,,
4200,1138,filterLoc,,
4200,1141,filterLoc,,
4200,1144,filterLoc,,
4200,1147,filterLoc,,
4200,1150,filterLoc,,
4200,1153,filterLoc,,
4200,1156,filterLoc,,
4200,1161,helicopter,,Helicopter;1;is loading people at the evacuation site;;and has;0;spots taken
4200,1163,filterLoc,,
4200,1166,filterLoc,,
4200,1169,filterLoc,,
4200,1172,filterLoc,,
4200,1175,filterLoc,,
4200,1178,filterLoc,,
4200,1181,filterLoc,,
4200,1184,filterLoc,,
4200,1187,filterLoc,,
4200,1190,filterLoc,,
4200,1193,filterLoc,,
4200,1196,filterLoc,,
4200,1199,filterLoc,,
4200,1202,filterLoc,,
4200,1205,filterLoc,,
4200,1208,filterLoc,,
4200,1211,filterLoc,,
4200,1214,filterLoc,,
4200,1217,filterLoc,,
4200,1220,filterLoc,,
4200,1223,filterLoc,,
4200,1226,filterLoc,,
4200,1229,filterLoc,,
4200,1232,filterLoc,,
4200,1235,filterLoc,,
4200,1238,filterLoc,,
4200,1241,filterLoc,,
4200,1244,filterLoc,,
4200,1247,filterLoc,,
4200,1250,filterLoc,,
4200,1253,filterLoc,,
4200,1256,filterLoc,,
4200,1259,filterLoc,,
4200,1262,filterLoc,,
4200,1265,filterLoc,,
4200,1268,filterLoc,,
4200,1271,filterLoc,,
4200,1274,filterLoc,,
4200,1277,filterLoc,,
4200,1280,filterLoc,,
4200,1283,filterLoc,,
4200,1286,filterLoc,,
4200,1289,filterLoc,,
4200,1292,filterLoc,,
4200,1295,filterLoc,,
4200,1298,filterLoc,,
4200,1301,filterLoc,,
4200,1304,filterLoc,,
4200,1307,filterLoc,,
4200,1310,filterLoc,,;Evacuee;435;in triage category;G;is entering helicopter;1
4200,1313,filterLoc,,
4200,1316,filterLoc,,
4200,1319,filterLoc,,
4200,1322,filterLoc,,
4200,1325,filterLoc,,
4200,1328,filterLoc,,
4200,1331,filterLoc,,
4200,1334,filterLoc,,
4200,1337,filterLoc,,
4200,1340,filterLoc,,
4200,1343,filterLoc,,
4200,1346,filterLoc,,
4200,1349,filterLoc,,
4200,1352,filterLoc,,
4200,1355,filterLoc,,
4200,1358,filterLoc,,
4200,1361,filterLoc,,
4200,1364,filterLoc,,
4200,1367,filterLoc,,
4200,1370,filterLoc,,
4200,1373,filterLoc,,
4200,1376,filterLoc,,
4200,1379,filterLoc,,
4200,1382,filterLoc,,
4200,1385,filterLoc,,
4200,1388,filterLoc,,
4200,1391,filterLoc,,
4200,1394,filterLoc,,
4200,1397,filterLoc,,
4200,1400,filterLoc,,
4200,1403,filterLoc,,
4200,1406,filterLoc,,
4200,1409,filterLoc,,
4200,1412,filterLoc,,
4200,1415,filterLoc,,
4200,1418,filterLoc,,
4200,1421,filterLoc,,
4200,1424,filterLoc,,
4200,1427,filterLoc,,
4200,1430,filterLoc,,
4200,1433,filterLoc,,
4200,1436,filterLoc,,
4200,1439,filterLoc,,
4200,1442,filterLoc,,
4200,1445,filterLoc,,
4200,1448,filterLoc,,
4200,1451,filterLoc,,
4200,1454,filterLoc,,
4200,1457,filterLoc,,
4200,1460,filterLoc,,
4200,1463,filterLoc,,
4200,1466,filterLoc,,
4200,1469,filterLoc,,
4200,1472,filterLoc,,
4200,1475,filterLoc,,
4200,1478,filterLoc,,
4200,1481,filterLoc,,
4200,1484,filterLoc,,
4200,1487,filterLoc,,
4200,1490,filterLoc,,
4200,1493,filterLoc,,
4200,1496,filterLoc,,
4200,1499,filterLoc,,
4200,1502,filterLoc,,
4200,1505,filterLoc,,
4200,1508,filterLoc,,
4200,1511,filterLoc,,
4200,1514,filterLoc,,
4200,1517,filterLoc,,
4200,137,filterLoc,out,Evacuee 409 in triage category G is assigned helicopter 1
4200,137,filterLoc,,
4200,138,evacuee,,Evacuee;409;in triage state;G;is entering helicopter;1
4200,140,filterLoc,out,Evacuee 408 in triage category G is assigned helicopter 1
4200,140,filterLoc,,
4200,141,evacuee,,Evacuee;408;in triage state;G;is entering helicopter;1
4200,197,filterLoc,out,Evacuee 427 in triage category G is assigned helicopter 1
4200,197,filterLoc,,
4200,198,evacuee,,Evacuee;427;in triage state;G;is entering helicopter;1
4200,366,filterLoc,out,Evacuee 413 in triage category G is assigned helicopter 1
4200,366,filterLoc,,
4200,367,evacuee,,Evacuee;413;in triage state;G;is entering helicopter;1
4200,489,filterLoc,out,Evacuee 432 in triage category G is assigned helicopter 1
4200,489,filterLoc,,
4200,490,evacuee,,Evacuee;432;in triage state;G;is entering helicopter;1
4200,555,filterLoc,out,Evacuee 424 in triage category G is assigned helicopter 1
4200,555,filterLoc,,
4200,556,evacuee,,Evacuee;424;in triage state;G;is entering helicopter;1
4200,612,filterLoc,out,Evacuee 412 in triage category G is assigned helicopter 1
4200,612,filterLoc,,
4200,613,evacuee,,Evacuee;412;in triage state;G;is entering helicopter;1
4200,681,filterLoc,out,Evacuee 440 in triage category G is assigned helicopter 1
4200,681,filterLoc,,
4200,682,evacuee,,Evacuee;440;in triage state;G;is entering helicopter;1
4200,687,filterLoc,out,Evacuee 431 in triage category G is assigned helicopter 1
4200,687,filterLoc,,
4200,688,evacuee,,Evacuee;431;in triage state;G;is entering helicopter;1
4200,1310,filterLoc,out,Evacuee 435 in triage category G is assigned helicopter 1
4200,1310,filterLoc,,
4200,1311,evacuee,,Evacuee;435;in triage state;G;is entering helicopter;1
4200,103,filterEvac,,
4200,138,evacuee,outHelo,Evacuee 409 in triage category G is assigned helicopter 1
4200,138,evacuee,,Evacuee;409;in triage state;G;is in helicopter;1
4200,141,evacuee,outHelo,Evacuee 408 in triage category G is assigned helicopter 1
4200,141,evacuee,,Evacuee;408;in triage state;G;is in helicopter;1
4200,198,evacuee,outHelo,Evacuee 427 in triage category G is assigned helicopter 1
4200,198,evacuee,,Evacuee;427;in triage state;G;is in helicopter;1
4200,367,evacuee,outHelo,Evacuee 413 in triage category G is assigned helicopter 1
4200,367,evacuee,,Evacuee;413;in triage state;G;is in helicopter;1
4200,490,evacuee,outHelo,Evacuee 432 in triage category G is assigned helicopter 1
4200,490,evacuee,,Evacuee;432;in triage state;G;is in helicopter;1
4200,556,evacuee,outHelo,Evacuee 424 in triage category G is assigned helicopter 1
4200,556,evacuee,,Evacuee;424;in triage state;G;is in helicopter;1
4200,613,evacuee,outHelo,Evacuee 412 in triage category G is assigned helicopter 1
4200,613,evacuee,,Evacuee;412;in triage state;G;is in helicopter;1
4200,682,evacuee,outHelo,Evacuee 440 in triage category G is assigned helicopter 1
4200,682,evacuee,,Evacuee;440;in triage state;G;is in helicopter;1
4200,688,evacuee,outHelo,Evacuee 431 in triage category G is assigned helicopter 1
4200,688,evacuee,,Evacuee;431;in triage state;G;is in helicopter;1
4200,1119,filterEvac,,
4200,1159,filterEvac,,;Evacuee;408;in triage category;G;is entering helicopter;1;Evacuee;409;in triage category;G;is entering helicopter;1;Evacuee;412;in triage category;G;is entering helicopter;1;Evacuee;413;in triage category;G;is entering helicopter;1;Evacuee;424;in triage category;G;is entering helicopter;1;Evacuee;427;in triage category;G;is entering helicopter;1;Evacuee;431;in triage category;G;is entering helicopter;1;Evacuee;432;in triage category;G;is entering helicopter;1;Evacuee;435;in triage category;G;is entering helicopter;1;Evacuee;440;in triage category;G;is entering helicopter;1
4200,1311,evacuee,outHelo,Evacuee 435 in triage category G is assigned helicopter 1
4200,1311,evacuee,,Evacuee;435;in triage state;G;is in helicopter;1
4200,1159,filterEvac,out,Evacuee 408 in triage category G is assigned helicopter 1
4200,1159,filterEvac,out,Evacuee 409 in triage category G is assigned helicopter 1
4200,1159,filterEvac,out,Evacuee 412 in triage category G is assigned helicopter 1
4200,1159,filterEvac,out,Evacuee 413 in triage category G is assigned helicopter 1
4200,1159,filterEvac,out,Evacuee 424 in triage category G is assigned helicopter 1
4200,1159,filterEvac,out,Evacuee 427 in triage category G is assigned helicopter 1
4200,1159,filterEvac,out,Evacuee 431 in triage category G is assigned helicopter 1
4200,1159,filterEvac,out,Evacuee 432 in triage category G is assigned helicopter 1
4200,1159,filterEvac,out,Evacuee 435 in triage category G is assigned helicopter 1
4200,1159,filterEvac,out,Evacuee 440 in triage category G is assigned helicopter 1
4200,1159,filterEvac,,
4200,1161,helicopter,,Helicopter;1;is loading people at the evacuation site;;and has;10;spots taken
4201.21,3,evacueeManager,,OFF SHIP: White;0;Green;10;Yellow;14;Red;1;Black;345;ON SHIP: White;0;Green;0;Yellow;0;Red;0;Evacuees to Transfer;
4201.21,1227,evacuee,outES,Evacuee 222 in triage category R is not assigned a helicopter
4201.21,1227,evacuee,,Evacuee;222;in triage state;B;is at the evacuation site
4215,4,helipadManager,outHelo,Helicopter 1 is evacuating people1
4215,4,helipadManager,,;No helos are at ES
4215,104,filterES,,
4215,1120,filterES,,
4215,1160,filterES,,Helicopter;1;is evacuating people
4215,4,helipadManager,outHQ,0
4215,4,helipadManager,,;No helos are at ES
4215,5,helicopterQueue,,;No helos are waiting to land
4215,1160,filterES,out,Helicopter 1 is evacuating people1
4215,1160,filterES,,
4215,1161,helicopter,,Helicopter;1;is loading people at the evacuation site;;and has;10;spots taken
4215,5,helicopterQueue,,;No helos are waiting to land
4215,1161,helicopter,,Helicopter;1;is returning to the FOL;;and has;10;spots taken
4222.38,3,evacueeManager,,OFF SHIP: White;0;Green;10;Yellow;14;Red;0;Black;346;ON SHIP: White;0;Green;0;Yellow;0;Red;0;Evacuees to Transfer;
4222.38,50,evacuee,outES,Evacuee 472 in triage category R is not assigned a helicopter
4222.38,50,evacuee,,Evacuee;472;in triage state;B;is at the evacuation site
4260,5,helicopterQueue,,1;Helos are waiting to land;HeloID;2
4260,1121,helicopter,outES,Helicopter 2 is evacuating people2
4260,1121,helicopter,,Helicopter;2;is waiting to land at the evacuation site;;and has;0;spots taken
4260,4,helipadManager,,;No helos are at ES
4260,5,helicopterQueue,outHM,Helicopter 2 is evacuating people2
4260,5,helicopterQueue,outHelo,Helicopter 2 is evacuating people2
4260,5,helicopterQueue,,;No helos are waiting to land
4260,104,filterES,,
4260,1120,filterES,,Helicopter;2;is evacuating people
4260,1160,filterES,,
4260,3,evacueeManager,,OFF SHIP: White;0;Green;0;Yellow;14;Red;0;Black;346;ON SHIP: White;0;Green;0;Yellow;0;Red;0;Evacuees to Transfer;;EvacueeID;442;HeloID;2;OnShip;0;Triage Status;G;EvacueeID;445;HeloID;2;OnShip;0;Triage Status;G;EvacueeID;448;HeloID;2;OnShip;0;Triage Status;G;EvacueeID;454;HeloID;2;OnShip;0;Triage Status;G;EvacueeID;455;HeloID;2;OnShip;0;Triage Status;G;EvacueeID;463;HeloID;2;OnShip;0;Triage Status;G;EvacueeID;464;HeloID;2;OnShip;0;Triage Status;G;EvacueeID;465;HeloID;2;OnShip;0;Triage Status;G;EvacueeID;468;HeloID;2;OnShip;0;Triage Status;G;EvacueeID;471;HeloID;2;OnShip;0;Triage Status;G
4260,4,helipadManager,outEM,Helicopter 2 is evacuating people2
4260,4,helipadManager,,Helo;2;is at the ES
4260,1120,filterES,out,Helicopter 2 is evacuating people2
4260,1120,filterES,,
4260,1121,helicopter,,Helicopter;2;is waiting to land at the evacuation site;;and has;0;spots taken
4260,3,evacueeManager,outEvac,Evacuee 442 in triage category G is assigned helicopter 2
4260,3,evacueeManager,outEvac,Evacuee 445 in triage category G is assigned helicopter 2
4260,3,evacueeManager,outEvac,Evacuee 448 in triage category G is assigned helicopter 2
4260,3,evacueeManager,outEvac,Evacuee 454 in triage category G is assigned helicopter 2
4260,3,evacueeManager,outEvac,Evacuee 455 in triage category G is assigned helicopter 2
4260,3,evacueeManager,outEvac,Evacuee 463 in triage category G is assigned helicopter 2
4260,3,evacueeManager,outEvac,Evacuee 464 in triage category G is assigned helicopter 2
4260,3,evacueeManager,outEvac,Evacuee 465 in triage category G is assigned helicopter 2
4260,3,evacueeManager,outEvac,Evacuee 468 in triage category G is assigned helicopter 2
4260,3,evacueeManager,outEvac,Evacuee 471 in triage category G is assigned helicopter 2
4260,3,evacueeManager,,OFF SHIP: White;0;Green;0;Yellow;14;Red;0;Black;346;ON SHIP: White;0;Green;0;Yellow;0;Red;0;Evacuees to Transfer;
4260,7,filterLoc,,
4260,10,filterLoc,,
4260,13,filterLoc,,
4260,16,filterLoc,,
4260,19,filterLoc,,
4260,22,filterLoc,,
4260,25,filterLoc,,
4260,28,filterLoc,,
4260,31,filterLoc,,
4260,34,filterLoc,,
4260,37,filterLoc,,
4260,40,filterLoc,,
4260,43,filterLoc,,
4260,46,filterLoc,,
4260,49,filterLoc,,
4260,52,filterLoc,,;Evacuee;471;in triage category;G;is entering helicopter;2
4260,55,filterLoc,,;Evacuee;468;in triage category;G;is entering helicopter;2
4260,58,filterLoc,,;Evacuee;463;in triage category;G;is entering helicopter;2
4260,61,filterLoc,,
4260,64,filterLoc,,
4260,67,filterLoc,,
4260,70,filterLoc,,
4260,73,filterLoc,,
4260,76,filterLoc,,
4260,79,filterLoc,,;Evacuee;455;in triage category;G;is entering helicopter;2
4260,82,filterLoc,,;Evacuee;448;in triage category;G;is entering helicopter;2
4260,85,filterLoc,,;Evacuee;445;in triage category;G;is entering helicopter;2
4260,88,filterLoc,,;Evacuee;442;in triage category;G;is entering helicopter;2
4260,91,filterLoc,,
4260,94,filterLoc,,
4260,97,filterLoc,,
4260,100,filterLoc,,
4260,107,filterLoc,,
4260,110,filterLoc,,
4260,113,filterLoc,,
4260,116,filterLoc,,
4260,119,filterLoc,,
4260,122,filterLoc,,
4260,125,filterLoc,,
4260,128,filterLoc,,
4260,131,filterLoc,,
4260,134,filterLoc,,
4260,137,filterLoc,,
4260,140,filterLoc,,
4260,143,filterLoc,,
4260,146,filterLoc,,
4260,149,filterLoc,,
4260,152,filterLoc,,
4260,155,filterLoc,,
4260,158,filterLoc,,
4260,161,filterLoc,,
4260,164,filterLoc,,
4260,167,filterLoc,,
4260,170,filterLoc,,
4260,173,filterLoc,,
4260,176,filterLoc,,
4260,179,filterLoc,,
4260,182,filterLoc,,
4260,185,filterLoc,,
4260,188,filterLoc,,
4260,191,filterLoc,,
4260,194,filterLoc,,
4260,197,filterLoc,,
4260,200,filterLoc,,
4260,203,filterLoc,,
4260,206,filterLoc,,
4260,209,filterLoc,,
4260,212,filterLoc,,
4260,215,filterLoc,,
4260,218,filterLoc,,
4260,221,filterLoc,,
4260,225,filterLoc,,
4260,228,filterLoc,,
4260,231,filterLoc,,
4260,234,filterLoc,,
4260,237,filterLoc,,
4260,240,filterLoc,,
4260,243,filterLoc,,
4260,246,filterLoc,,
4260,249,filterLoc,,
4260,252,filterLoc,,
4260,255,filterLoc,,
4260,258,filterLoc,,
4260,261,filterLoc,,
4260,264,filterLoc,,
4260,267,filterLoc,,
4260,270,filterLoc,,
4260,273,filterLoc,,
4260,276,filterLoc,,
4260,279,filterLoc,,
4260,282,filterLoc,,
4260,285,filterLoc,,
4260,288,filterLoc,,
4260,291,filterLoc,,
4260,294,filterLoc,,
4260,297,filterLoc,,
4260,300,filterLoc,,
4260,303,filterLoc,,
4260,306,filterLoc,,
4260,309,filterLoc,,
4260,312,filterLoc,,
4260,315,filterLoc,,
4260,318,filterLoc,,
4260,321,filterLoc,,
4260,324,filterLoc,,
4260,327,filterLoc,,
4260,330,filterLoc,,
4260,333,filterLoc,,
4260,336,filterLoc,,
4260,339,filterLoc,,
4260,342,filterLoc,,
4260,345,filterLoc,,
4260,348,filterLoc,,
4260,351,filterLoc,,
4260,354,filterLoc,,
4260,357,filterLoc,,
4260,360,filterLoc,,
4260,363,filterLoc,,
4260,366,filterLoc,,
4260,369,filterLoc,,
4260,372,filterLoc,,
4260,375,filterLoc,,
4260,378,filterLoc,,
4260,381,filterLoc,,
4260,384,filterLoc,,
4260,387,filterLoc,,
4260,390,filterLoc,,
4260,393,filterLoc,,
4260,396,filterLoc,,
4260,399,filterLoc,,
4260,402,filterLoc,,
4260,405,filterLoc,,
4260,408,filterLoc,,
4260,411,filterLoc,,
4260,414,filterLoc,,
4260,417,filterLoc,,
4260,420,filterLoc,,
4260,423,filterLoc,,
4260,426,filterLoc,,
4260,429,filterLoc,,
4260,432,filterLoc,,
4260,435,filterLoc,,
4260,438,filterLoc,,
4260,441,filterLoc,,
4260,444,filterLoc,,
4260,447,filterLoc,,
4260,450,filterLoc,,
4260,453,filterLoc,,
4260,456,filterLoc,,
4260,459,filterLoc,,
4260,462,filterLoc,,
4260,465,filterLoc,,
4260,468,filterLoc,,
4260,471,filterLoc,,
4260,474,filterLoc,,
4260,477,filterLoc,,
4260,480,filterLoc,,
4260,483,filterLoc,,
4260,486,filterLoc,,
4260,489,filterLoc,,
4260,492,filterLoc,,
4260,495,filterLoc,,
4260,498,filterLoc,,
4260,501,filterLoc,,
4260,504,filterLoc,,
4260,507,filterLoc,,
4260,510,filterLoc,,
4260,513,filterLoc,,
4260,516,filterLoc,,
4260,519,filterLoc,,
4260,522,filterLoc,,
4260,525,filterLoc,,
4260,528,filterLoc,,
4260,531,filterLoc,,
4260,534,filterLoc,,
4260,537,filterLoc,,
4260,540,filterLoc,,
4260,543,filterLoc,,
4260,546,filterLoc,,
4260,549,filterLoc,,
4260,552,filterLoc,,
4260,555,filterLoc,,
4260,558,filterLoc,,
4260,561,filterLoc,,
4260,564,filterLoc,,
4260,567,filterLoc,,
4260,570,filterLoc,,
4260,573,filterLoc,,
4260,576,filterLoc,,
4260,579,filterLoc,,
4260,582,filterLoc,,
4260,585,filterLoc,,
4260,588,filterLoc,,
4260,591,filterLoc,,
4260,594,filterLoc,,
4260,597,filterLoc,,
4260,600,filterLoc,,
4260,603,filterLoc,,
4260,606,filterLoc,,
4260,609,filterLoc,,
4260,612,filterLoc,,
4260,615,filterLoc,,
4260,618,filterLoc,,
4260,621,filterLoc,,
4260,624,filterLoc,,
4260,627,filterLoc,,
4260,630,filterLoc,,
4260,633,filterLoc,,
4260,636,filterLoc,,
4260,639,filterLoc,,
4260,642,filterLoc,,
4260,645,filterLoc,,
4260,648,filterLoc,,
4260,651,filterLoc,,
4260,654,filterLoc,,
4260,657,filterLoc,,
4260,660,filterLoc,,
4260,663,filterLoc,,
4260,666,filterLoc,,
4260,669,filterLoc,,
4260,672,filterLoc,,
4260,675,filterLoc,,
4260,678,filterLoc,,;Evacuee;454;in triage category;G;is entering helicopter;2
4260,681,filterLoc,,
4260,684,filterLoc,,
4260,687,filterLoc,,
4260,690,filterLoc,,
4260,693,filterLoc,,
4260,696,filterLoc,,
4260,699,filterLoc,,
4260,702,filterLoc,,
4260,705,filterLoc,,
4260,708,filterLoc,,
4260,711,filterLoc,,
4260,714,filterLoc,,
4260,717,filterLoc,,
4260,720,filterLoc,,
4260,723,filterLoc,,
4260,726,filterLoc,,
4260,729,filterLoc,,
4260,732,filterLoc,,
4260,735,filterLoc,,
4260,738,filterLoc,,
4260,741,filterLoc,,
4260,744,filterLoc,,
4260,747,filterLoc,,
4260,750,filterLoc,,
4260,753,filterLoc,,
4260,756,filterLoc,,
4260,759,filterLoc,,
4260,762,filterLoc,,
4260,765,filterLoc,,
4260,768,filterLoc,,
4260,771,filterLoc,,
4260,774,filterLoc,,
4260,777,filterLoc,,
4260,780,filterLoc,,
4260,783,filterLoc,,
4260,786,filterLoc,,
4260,789,filterLoc,,
4260,792,filterLoc,,
4260,795,filterLoc,,
4260,798,filterLoc,,
4260,801,filterLoc,,
4260,804,filterLoc,,
4260,807,filterLoc,,
4260,810,filterLoc,,
4260,813,filterLoc,,
4260,816,filterLoc,,
4260,819,filterLoc,,
4260,822,filterLoc,,
4260,825,filterLoc,,
4260,828,filterLoc,,
4260,831,filterLoc,,
4260,834,filterLoc,,
4260,837,filterLoc,,
4260,840,filterLoc,,
4260,843,filterLoc,,
4260,846,filterLoc,,
4260,849,filterLoc,,
4260,852,filterLoc,,
4260,855,filterLoc,,
4260,858,filterLoc,,
4260,861,filterLoc,,
4260,864,filterLoc,,
4260,867,filterLoc,,
4260,870,filterLoc,,
4260,873,filterLoc,,
4260,876,filterLoc,,
4260,879,filterLoc,,
4260,882,filterLoc,,
4260,885,filterLoc,,
4260,888,filterLoc,,
4260,891,filterLoc,,
4260,894,filterLoc,,
4260,897,filterLoc,,
4260,900,filterLoc,,
4260,903,filterLoc,,
4260,906,filterLoc,,
4260,909,filterLoc,,
4260,912,filterLoc,,
4260,915,filterLoc,,
4260,918,filterLoc,,
4260,921,filterLoc,,
4260,924,filterLoc,,
4260,927,filterLoc,,
4260,930,filterLoc,,
4260,933,filterLoc,,
4260,936,filterLoc,,
4260,939,filterLoc,,
4260,942,filterLoc,,
4260,945,filterLoc,,
4260,948,filterLoc,,
4260,951,filterLoc,,
4260,954,filterLoc,,
4260,957,filterLoc,,
4260,960,filterLoc,,
4260,963,filterLoc,,
4260,966,filterLoc,,
4260,969,filterLoc,,
4260,972,filterLoc,,
4260,975,filterLoc,,
4260,978,filterLoc,,
4260,981,filterLoc,,
4260,984,filterLoc,,
4260,987,filterLoc,,
4260,990,filterLoc,,
4260,993,filterLoc,,
4260,996,filterLoc,,
4260,999,filterLoc,,
4260,1002,filterLoc,,
4260,1005,filterLoc,,
4260,1008,filterLoc,,
4260,1011,filterLoc,,
4260,1014,filterLoc,,
4260,1017,filterLoc,,
4260,1020,filterLoc,,
4260,1023,filterLoc,,
4260,1026,filterLoc,,
4260,1029,filterLoc,,
4260,1032,filterLoc,,
4260,1035,filterLoc,,
4260,1038,filterLoc,,
4260,1041,filterLoc,,
4260,1044,filterLoc,,
4260,1047,filterLoc,,
4260,1050,filterLoc,,
4260,1053,filterLoc,,
4260,1056,filterLoc,,
4260,1059,filterLoc,,
4260,1062,filterLoc,,
4260,1065,filterLoc,,
4260,1068,filterLoc,,
4260,1071,filterLoc,,
4260,1074,filterLoc,,
4260,1077,filterLoc,,
4260,1080,filterLoc,,
4260,1083,filterLoc,,
4260,1086,filterLoc,,
4260,1089,filterLoc,,
4260,1092,filterLoc,,
4260,1095,filterLoc,,
4260,1098,filterLoc,,
4260,1101,filterLoc,,
4260,1104,filterLoc,,
4260,1107,filterLoc,,
4260,1110,filterLoc,,
4260,1113,filterLoc,,
4260,1116,filterLoc,,
4260,1121,helicopter,,Helicopter;2;is loading people at the evacuation site;;and has;0;spots taken
4260,1123,filterLoc,,
4260,1126,filterLoc,,
4260,1129,filterLoc,,
4260,1132,filterLoc,,
4260,1135,filterLoc,,
4260,1138,filterLoc,,
4260,1141,filterLoc,,
4260,1144,filterLoc,,
4260,1147,filterLoc,,
4260,1150,filterLoc,,
4260,1153,filterLoc,,
4260,1156,filterLoc,,
4260,1163,filterLoc,,
4260,1166,filterLoc,,
4260,1169,filterLoc,,;Evacuee;465;in triage category;G;is entering helicopter;2
4260,1172,filterLoc,,
4260,1175,filterLoc,,
4260,1178,filterLoc,,
4260,1181,filterLoc,,
4260,1184,filterLoc,,
4260,1187,filterLoc,,
4260,1190,filterLoc,,
4260,1193,filterLoc,,
4260,1196,filterLoc,,
4260,1199,filterLoc,,
4260,1202,filterLoc,,
4260,1205,filterLoc,,
4260,1208,filterLoc,,
4260,1211,filterLoc,,
4260,1214,filterLoc,,
4260,1217,filterLoc,,
4260,1220,filterLoc,,
4260,1223,filterLoc,,
4260,1226,filterLoc,,
4260,1229,filterLoc,,
4260,1232,filterLoc,,
4260,1235,filterLoc,,
4260,1238,filterLoc,,
4260,1241,filterLoc,,
4260,1244,filterLoc,,
4260,1247,filterLoc,,
4260,1250,filterLoc,,
4260,1253,filterLoc,,
4260,1256,filterLoc,,
4260,1259,filterLoc,,
4260,1262,filterLoc,,
4260,1265,filterLoc,,
4260,1268,filterLoc,,
4260,1271,filterLoc,,
4260,1274,filterLoc,,
4260,1277,filterLoc,,
4260,1280,filterLoc,,
4260,1283,filterLoc,,
4260,1286,filterLoc,,
4260,1289,filterLoc,,
4260,1292,filterLoc,,
4260,1295,filterLoc,,
4260,1298,filterLoc,,
4260,1301,filterLoc,,
4260,1304,filterLoc,,
4260,1307,filterLoc,,
4260,1310,filterLoc,,
4260,1313,filterLoc,,
4260,1316,filterLoc,,
4260,1319,filterLoc,,
4260,1322,filterLoc,,
4260,1325,filterLoc,,
4260,1328,filterLoc,,
4260,1331,filterLoc,,
4260,1334,filterLoc,,
4260,1337,filterLoc,,
4260,1340,filterLoc,,
4260,1343,filterLoc,,
4260,1346,filterLoc,,
4260,1349,filterLoc,,
4260,1352,filterLoc,,
4260,1355,filterLoc,,
4260,1358,filterLoc,,
4260,1361,filterLoc,,
4260,1364,filterLoc,,
4260,1367,filterLoc,,
4260,1370,filterLoc,,
4260,1373,filterLoc,,
4260,1376,filterLoc,,
4260,1379,filterLoc,,
4260,1382,filterLoc,,
4260,1385,filterLoc,,
4260,1388,filterLoc,,
4260,1391,filterLoc,,
4260,1394,filterLoc,,
4260,1397,filterLoc,,
4260,1400,filterLoc,,
4260,1403,filterLoc,,
4260,1406,filterLoc,,
4260,1409,filterLoc,,
4260,1412,filterLoc,,
4260,1415,filterLoc,,
4260,1418,filterLoc,,
4260,1421,filterLoc,,
4260,1424,filterLoc,,
4260,1427,filterLoc,,
4260,1430,filterLoc,,
4260,1433,filterLoc,,
4260,1436,filterLoc,,
4260,1439,filterLoc,,
4260,1442,filterLoc,,
4260,1445,filterLoc,,
4260,1448,filterLoc,,
4260,1451,filterLoc,,;Evacuee;464;in triage category;G;is entering helicopter;2
4260,1454,filterLoc,,
4260,1457,filterLoc,,
4260,1460,filterLoc,,
4260,1463,filterLoc,,
4260,1466,filterLoc,,
4260,1469,filterLoc,,
4260,1472,filterLoc,,
4260,1475,filterLoc,,
4260,1478,filterLoc,,
4260,1481,filterLoc,,
4260,1484,filterLoc,,
4260,1487,filterLoc,,
4260,1490,filterLoc,,
4260,1493,filterLoc,,
4260,1496,filterLoc,,
4260,1499,filterLoc,,
4260,1502,filterLoc,,
4260,1505,filterLoc,,
4260,1508,filterLoc,,
4260,1511,filterLoc,,
4260,1514,filterLoc,,
4260,1517,filterLoc,,
4260,52,filterLoc,out,Evacuee 471 in triage category G is assigned helicopter 2
4260,52,filterLoc,,
4260,53,evacuee,,Evacuee;471;in triage state;G;is entering helicopter;2
4260,55,filterLoc,out,Evacuee 468 in triage category G is assigned helicopter 2
4260,55,filterLoc,,
4260,56,evacuee,,Evacuee;468;in triage state;G;is entering helicopter;2
4260,58,filterLoc,out,Evacuee 463 in triage category G is assigned helicopter 2
4260,58,filterLoc,,
4260,59,evacuee,,Evacuee;463;in triage state;G;is entering helicopter;2
4260,79,filterLoc,out,Evacuee 455 in triage category G is assigned helicopter 2
4260,79,filterLoc,,
4260,80,evacuee,,Evacuee;455;in triage state;G;is entering helicopter;2
4260,82,filterLoc,out,Evacuee 448 in triage category G is assigned helicopter 2
4260,82,filterLoc,,
4260,83,evacuee,,Evacuee;448;in triage state;G;is entering helicopter;2
4260,85,filterLoc,out,Evacuee 445 in triage category G is assigned helicopter 2
4260,85,filterLoc,,
4260,86,evacuee,,Evacuee;445;in triage state;G;is entering helicopter;2
4260,88,filterLoc,out,Evacuee 442 in triage category G is assigned helicopter 2
4260,88,filterLoc,,
4260,89,evacuee,,Evacuee;442;in triage state;G;is entering helicopter;2
4260,678,filterLoc,out,Evacuee 454 in triage category G is assigned helicopter 2
4260,678,filterLoc,,
4260,679,evacuee,,Evacuee;454;in triage state;G;is entering helicopter;2
4260,1169,filterLoc,out,Evacuee 465 in triage category G is assigned helicopter 2
4260,1169,filterLoc,,
4260,1170,evacuee,,Evacuee;465;in triage state;G;is entering helicopter;2
4260,1451,filterLoc,out,Evacuee 464 in triage category G is assigned helicopter 2
4260,1451,filterLoc,,
4260,1452,evacuee,,Evacuee;464;in triage state;G;is entering helicopter;2
4260,53,evacuee,outHelo,Evacuee 471 in triage category G is assigned helicopter 2
4260,53,evacuee,,Evacuee;471;in triage state;G;is in helicopter;2
4260,56,evacuee,outHelo,Evacuee 468 in triage category G is assigned helicopter 2
4260,56,evacuee,,Evacuee;468;in triage state;G;is in helicopter;2
4260,59,evacuee,outHelo,Evacuee 463 in triage category G is assigned helicopter 2
4260,59,evacuee,,Evacuee;463;in triage state;G;is in helicopter;2
4260,80,evacuee,outHelo,Evacuee 455 in triage category G is assigned helicopter 2
4260,80,evacuee,,Evacuee;455;in triage state;G;is in helicopter;2
4260,83,evacuee,outHelo,Evacuee 448 in triage category G is assigned helicopter 2
4260,83,evacuee,,Evacuee;448;in triage state;G;is in helicopter;2
4260,86,evacuee,outHelo,Evacuee 445 in triage category G is assigned helicopter 2
4260,86,evacuee,,Evacuee;445;in triage state;G;is in helicopter;2
4260,89,evacuee,outHelo,Evacuee 442 in triage category G is assigned helicopter 2
4260,89,evacuee,,Evacuee;442;in triage state;G;is in helicopter;2
4260,103,filterEvac,,
4260,679,evacuee,outHelo,Evacuee 454 in triage category G is assigned helicopter 2
4260,679,evacuee,,Evacuee;454;in triage state;G;is in helicopter;2
4260,1119,filterEvac,,;Evacuee;442;in triage category;G;is entering helicopter;2;Evacuee;445;in triage category;G;is entering helicopter;2;Evacuee;448;in triage category;G;is entering helicopter;2;Evacuee;454;in triage category;G;is entering helicopter;2;Evacuee;455;in triage category;G;is entering helicopter;2;Evacuee;463;in triage category;G;is entering helicopter;2;Evacuee;464;in triage category;G;is entering helicopter;2;Evacuee;465;in triage category;G;is entering helicopter;2;Evacuee;468;in triage category;G;is entering helicopter;2;Evacuee;471;in triage category;G;is entering helicopter;2
4260,1159,filterEvac,,
4260,1170,evacuee,outHelo,Evacuee 465 in triage category G is assigned helicopter 2
4260,1170,evacuee,,Evacuee;465;in triage state;G;is in helicopter;2
4260,1452,evacuee,outHelo,Evacuee 464 in triage category G is assigned helicopter 2
4260,1452,evacuee,,Evacuee;464;in triage state;G;is in helicopter;2
4260,1119,filterEvac,out,Evacuee 442 in triage category G is assigned helicopter 2
4260,1119,filterEvac,out,Evacuee 445 in triage category G is assigned helicopter 2
4260,1119,filterEvac,out,Evacuee 448 in triage category G is assigned helicopter 2
4260,1119,filterEvac,out,Evacuee 454 in triage category G is assigned helicopter 2
4260,1119,filterEvac,out,Evacuee 455 in triage category G is assigned helicopter 2
4260,1119,filterEvac,out,Evacuee 463 in triage category G is assigned helicopter 2
4260,1119,filterEvac,out,Evacuee 464 in triage category G is assigned helicopter 2
4260,1119,filterEvac,out,Evacuee 465 in triage category G is assigned helicopter 2
4260,1119,filterEvac,out,Evacuee 468 in triage category G is assigned helicopter 2
4260,1119,filterEvac,out,Evacuee 471 in triage category G is assigned helicopter 2
4260,1119,filterEvac,,
4260,1121,helicopter,,Helicopter;2;is loading people at the evacuation site;;and has;10;spots taken
4275,4,helipadManager,outHelo,Helicopter 2 is evacuating people2
4275,4,helipadManager,,;No helos are at ES
4275,104,filterES,,
4275,1120,filterES,,Helicopter;2;is evacuating people
4275,1160,filterES,,
4275,4,helipadManager,outHQ,0
4275,4,helipadManager,,;No helos are at ES
4275,5,helicopterQueue,,;No helos are waiting to land
4275,1120,filterES,out,Helicopter 2 is evacuating people2
4275,1120,filterES,,
4275,1121,helicopter,,Helicopter;2;is loading people at the evacuation site;;and has;10;spots taken
4275,5,helicopterQueue,,;No helos are waiting to land
4275,1121,helicopter,,Helicopter;2;is returning to the FOL;;and has;10;spots taken
4302.57,3,evacueeManager,,OFF SHIP: White;0;Green;0;Yellow;13;Red;1;Black;346;ON SHIP: White;0;Green;0;Yellow;0;Red;0;Evacuees to Transfer;
4302.57,247,evacuee,outES,Evacuee 357 in triage category Y is not assigned a helicopter
4302.57,247,evacuee,,Evacuee;357;in triage state;R;is at the evacuation site
4320,5,helicopterQueue,,1;Helos are waiting to land;HeloID;3
4320,105,helicopter,outES,Helicopter 3 is evacuating people3
4320,105,helicopter,,Helicopter;3;is waiting to land at the evacuation site;;and has;0;spots taken
4320,4,helipadManager,,;No helos are at ES
4320,5,helicopterQueue,outHM,Helicopter 3 is evacuating people3
4320,5,helicopterQueue,outHelo,Helicopter 3 is evacuating people3
4320,5,helicopterQueue,,;No helos are waiting to land
4320,104,filterES,,Helicopter;3;is evacuating people
4320,1120,filterES,,
4320,1160,filterES,,
4320,3,evacueeManager,,OFF SHIP: White;0;Green;0;Yellow;11;Red;0;Black;346;ON SHIP: White;0;Green;0;Yellow;0;Red;0;Evacuees to Transfer;;EvacueeID;357;HeloID;3;OnShip;0;Triage Status;R;EvacueeID;392;HeloID;3;OnShip;0;Triage Status;Y;EvacueeID;193;HeloID;3;OnShip;0;Triage Status;Y
4320,4,helipadManager,outEM,Helicopter 3 is evacuating people3
4320,4,helipadManager,,Helo;3;is at the ES
4320,104,filterES,out,Helicopter 3 is evacuating people3
4320,104,filterES,,
4320,105,helicopter,,Helicopter;3;is waiting to land at the evacuation site;;and has;0;spots taken
4320,3,evacueeManager,outEvac,Evacuee 357 in triage category R is assigned helicopter 3
4320,3,evacueeManager,outEvac,Evacuee 392 in triage category Y is assigned helicopter 3
4320,3,evacueeManager,outEvac,Evacuee 193 in triage category Y is assigned helicopter 3
4320,3,evacueeManager,,OFF SHIP: White;0;Green;0;Yellow;11;Red;0;Black;346;ON SHIP: White;0;Green;0;Yellow;0;Red;0;Evacuees to Transfer;
4320,7,filterLoc,,
4320,10,filterLoc,,
4320,13,filterLoc,,
4320,16,filterLoc,,
4320,19,filterLoc,,
4320,22,filterLoc,,
4320,25,filterLoc,,
4320,28,filterLoc,,
4320,31,filterLoc,,
4320,34,filterLoc,,
4320,37,filterLoc,,
4320,40,filterLoc,,
4320,43,filterLoc,,
4320,46,filterLoc,,
4320,49,filterLoc,,
4320,52,filterLoc,,
4320,55,filterLoc,,
4320,58,filterLoc,,
4320,61,filterLoc,,
4320,64,filterLoc,,
4320,67,filterLoc,,
4320,70,filterLoc,,
4320,73,filterLoc,,
4320,76,filterLoc,,
4320,79,filterLoc,,
4320,82,filterLoc,,
4320,85,filterLoc,,
4320,88,filterLoc,,
4320,91,filterLoc,,
4320,94,filterLoc,,
4320,97,filterLoc,,
4320,100,filterLoc,,
4320,105,helicopter,,Helicopter;3;is loading people at the evacuation site;;and has;0;spots taken
4320,107,filterLoc,,
4320,110,filterLoc,,
4320,113,filterLoc,,
4320,116,filterLoc,,
4320,119,filterLoc,,
4320,122,filterLoc,,
4320,125,filterLoc,,
4320,128,filterLoc,,
4320,131,filterLoc,,
4320,134,filterLoc,,
4320,137,filterLoc,,
4320,140,filterLoc,,
4320,143,filterLoc,,
4320,146,filterLoc,,
4320,149,filterLoc,,
4320,152,filterLoc,,
4320,155,filterLoc,,
4320,158,filterLoc,,
4320,161,filterLoc,,
4320,164,filterLoc,,
4320,167,filterLoc,,
4320,170,filterLoc,,
4320,173,filterLoc,,;Evacuee;392;in triage category;Y;is entering helicopter;3
4320,176,filterLoc,,
4320,179,filterLoc,,
4320,182,filterLoc,,
4320,185,filterLoc,,
4320,188,filterLoc,,
4320,191,filterLoc,,
4320,194,filterLoc,,
4320,197,filterLoc,,
4320,200,filterLoc,,
4320,203,filterLoc,,
4320,206,filterLoc,,
4320,209,filterLoc,,
4320,212,filterLoc,,
4320,215,filterLoc,,
4320,218,filterLoc,,
4320,221,filterLoc,,
4320,225,filterLoc,,
4320,228,filterLoc,,
4320,231,filterLoc,,
4320,234,filterLoc,,
4320,237,filterLoc,,
4320,240,filterLoc,,
4320,243,filterLoc,,
4320,246,filterLoc,,;Evacuee;357;in triage category;R;is entering helicopter;3
4320,249,filterLoc,,
4320,252,filterLoc,,
4320,255,filterLoc,,
4320,258,filterLoc,,
4320,261,filterLoc,,
4320,264,filterLoc,,
4320,267,filterLoc,,
4320,270,filterLoc,,
4320,273,filterLoc,,
4320,276,filterLoc,,
4320,279,filterLoc,,
4320,282,filterLoc,,
4320,285,filterLoc,,
4320,288,filterLoc,,
4320,291,filterLoc,,
4320,294,filterLoc,,
4320,297,filterLoc,,
4320,300,filterLoc,,
4320,303,filterLoc,,
4320,306,filterLoc,,
4320,309,filterLoc,,
4320,312,filterLoc,,
4320,315,filterLoc,,
4320,318,filterLoc,,
4320,321,filterLoc,,
4320,324,filterLoc,,
4320,327,filterLoc,,
4320,330,filterLoc,,
4320,333,filterLoc,,
4320,336,filterLoc,,
4320,339,filterLoc,,
4320,342,filterLoc,,
4320,345,filterLoc,,
4320,348,filterLoc,,
4320,351,filterLoc,,
4320,354,filterLoc,,
4320,357,filterLoc,,
4320,360,filterLoc,,
4320,363,filterLoc,,
4320,366,filterLoc,,
4320,369,filterLoc,,
4320,372,filterLoc,,
4320,375,filterLoc,,
4320,378,filterLoc,,
4320,381,filterLoc,,
4320,384,filterLoc,,
4320,387,filterLoc,,
4320,390,filterLoc,,
4320,393,filterLoc,,
4320,396,filterLoc,,
4320,399,filterLoc,,
4320,402,filterLoc,,
4320,405,filterLoc,,
4320,408,filterLoc,,
4320,411,filterLoc,,
4320,414,filterLoc,,
4320,417,filterLoc,,
4320,420,filterLoc,,
4320,423,filterLoc,,
4320,426,filterLoc,,
4320,429,filterLoc,,
4320,432,filterLoc,,
4320,435,filterLoc,,
4320,438,filterLoc,,
4320,441,filterLoc,,
4320,444,filterLoc,,
4320,447,filterLoc,,
4320,450,filterLoc,,
4320,453,filterLoc,,
4320,456,filterLoc,,
4320,459,filterLoc,,
4320,462,filterLoc,,
4320,465,filterLoc,,
4320,468,filterLoc,,
4320,471,filterLoc,,
4320,474,filterLoc,,
4320,477,filterLoc,,
4320,480,filterLoc,,
4320,483,filterLoc,,
4320,486,filterLoc,,
4320,489,filterLoc,,
4320,492,filterLoc,,
4320,495,filterLoc,,
4320,498,filterLoc,,
4320,501,filterLoc,,
4320,504,filterLoc,,
4320,507,filterLoc,,
4320,510,filterLoc,,
4320,513,filterLoc,,
4320,516,filterLoc,,
4320,519,filterLoc,,
4320,522,filterLoc,,
4320,525,filterLoc,,
4320,528,filterLoc,,
4320,531,filterLoc,,
4320,534,filterLoc,,
4320,537,filterLoc,,
4320,540,filterLoc,,
4320,543,filterLoc,,
4320,546,filterLoc,,
4320,549,filterLoc,,
4320,552,filterLoc,,
4320,555,filterLoc,,
4320,558,filterLoc,,
4320,561,filterLoc,,
4320,564,filterLoc,,
4320,567,filterLoc,,
4320,570,filterLoc,,
4320,573,filterLoc,,
4320,576,filterLoc,,
4320,579,filterLoc,,
4320,582,filterLoc,,
4320,585,filterLoc,,
4320,588,filterLoc,,
4320,591,filterLoc,,
4320,594,filterLoc,,
4320,597,filterLoc,,
4320,600,filterLoc,,
4320,603,filterLoc,,
4320,606,filterLoc,,
4320,609,filterLoc,,
4320,612,filterLoc,,
4320,615,filterLoc,,
4320,618,filterLoc,,
4320,621,filterLoc,,
4320,624,filterLoc,,
4320,627,filterLoc,,
4320,630,filterLoc,,
4320,633,filterLoc,,
4320,636,filterLoc,,
4320,639,filterLoc,,
4320,642,filterLoc,,
4320,645,filterLoc,,
4320,648,filterLoc,,
4320,651,filterLoc,,
4320,654,filterLoc,,
4320,657,filterLoc,,
4320,660,filterLoc,,
4320,663,filterLoc,,
4320,666,filterLoc,,
4320,669,filterLoc,,
4320,672,filterLoc,,
4320,675,filterLoc,,
4320,678,filterLoc,,
4320,681,filterLoc,,
4320,684,filterLoc,,
4320,687,filterLoc,,
4320,690,filterLoc,,
4320,693,filterLoc,,
4320,696,filterLoc,,
4320,699,filterLoc,,
4320,702,filterLoc,,
4320,705,filterLoc,,
4320,708,filterLoc,,
4320,711,filterLoc,,
4320,714,filterLoc,,
4320,717,filterLoc,,
4320,720,filterLoc,,
4320,723,filterLoc,,
4320,726,filterLoc,,
4320,729,filterLoc,,
4320,732,filterLoc,,
4320,735,filterLoc,,
4320,738,filterLoc,,
4320,741,filterLoc,,
4320,744,filterLoc,,
4320,747,filterLoc,,
4320,750,filterLoc,,
4320,753,filterLoc,,
4320,756,filterLoc,,
4320,759,filterLoc,,
4320,762,filterLoc,,
4320,765,filterLoc,,
4320,768,filterLoc,,
4320,771,filterLoc,,
4320,774,filterLoc,,
4320,777,filterLoc,,
4320,780,filterLoc,,
4320,783,filterLoc,,
4320,786,filterLoc,,
4320,789,filterLoc,,
4320,792,filterLoc,,
4320,795,filterLoc,,
4320,798,filterLoc,,
4320,801,filterLoc,,
4320,804,filterLoc,,
4320,807,filterLoc,,
4320,810,filterLoc,,
4320,813,filterLoc,,
4320,816,filterLoc,,
4320,819,filterLoc,,
4320,822,filterLoc,,
4320,825,filterLoc,,
4320,828,filterLoc,,
4320,831,filterLoc,,
4320,834,filterLoc,,
4320,837,filterLoc,,
4320,840,filterLoc,,
4320,843,filterLoc,,
4320,846,filterLoc,,
4320,849,filterLoc,,
4320,852,filterLoc,,
4320,855,filterLoc,,
4320,858,filterLoc,,
4320,861,filterLoc,,
4320,864,filterLoc,,
4320,867,filterLoc,,
4320,870,filterLoc,,
4320,873,filterLoc,,
4320,876,filterLoc,,
4320,879,filterLoc,,
4320,882,filterLoc,,
4320,885,filterLoc,,
4320,888,filterLoc,,
4320,891,filterLoc,,
4320,894,filterLoc,,
4320,897,filterLoc,,
4320,900,filterLoc,,
4320,903,filterLoc,,
4320,906,filterLoc,,
4320,909,filterLoc,,
4320,912,filterLoc,,
4320,915,filterLoc,,
4320,918,filterLoc,,
4320,921,filterLoc,,
4320,924,filterLoc,,
4320,927,filterLoc,,
4320,930,filterLoc,,
4320,933,filterLoc,,
4320,936,filterLoc,,
4320,939,filterLoc,,
4320,942,filterLoc,,
4320,945,filterLoc,,
4320,948,filterLoc,,
4320,951,filterLoc,,
4320,954,filterLoc,,
4320,957,filterLoc,,
4320,960,filterLoc,,
4320,963,filterLoc,,
4320,966,filterLoc,,
4320,969,filterLoc,,
4320,972,filterLoc,,
4320,975,filterLoc,,
4320,978,filterLoc,,
4320,981,filterLoc,,
4320,984,filterLoc,,
4320,987,filterLoc,,
4320,990,filterLoc,,
4320,993,filterLoc,,
4320,996,filterLoc,,
4320,999,filterLoc,,
4320,1002,filterLoc,,
4320,1005,filterLoc,,
4320,1008,filterLoc,,
4320,1011,filterLoc,,
4320,1014,filterLoc,,
4320,1017,filterLoc,,
4320,1020,filterLoc,,
4320,1023,filterLoc,,
4320,1026,filterLoc,,
4320,1029,filterLoc,,
4320,1032,filterLoc,,
4320,1035,filterLoc,,
4320,1038,filterLoc,,
4320,1041,filterLoc,,
4320,1044,filterLoc,,
4320,1047,filterLoc,,
4320,1050,filterLoc,,
4320,1053,filterLoc,,
4320,1056,filterLoc,,
4320,1059,filterLoc,,
4320,1062,filterLoc,,
4320,1065,filterLoc,,
4320,1068,filterLoc,,
4320,1071,filterLoc,,
4320,1074,filterLoc,,
4320,1077,filterLoc,,
4320,1080,filterLoc,,
4320,1083,filterLoc,,
4320,1086,filterLoc,,
4320,1089,filterLoc,,
4320,1092,filterLoc,,
4320,1095,filterLoc,,
4320,1098,filterLoc,,
4320,1101,filterLoc,,
4320,1104,filterLoc,,
4320,1107,filterLoc,,
4320,1110,filterLoc,,
4320,1113,filterLoc,,
4320,1116,filterLoc,,
4320,1123,filterLoc,,
4320,1126,filterLoc,,
4320,1129,filterLoc,,
4320,1132,filterLoc,,
4320,1135,filterLoc,,
4320,1138,filterLoc,,
4320,1141,filterLoc,,
4320,1144,filterLoc,,
4320,1147,filterLoc,,
4320,1150,filterLoc,,
4320,1153,filterLoc,,
4320,1156,filterLoc,,
4320,1163,filterLoc,,
4320,1166,filterLoc,,
4320,1169,filterLoc,,
4320,1172,filterLoc,,
4320,1175,filterLoc,,
4320,1178,filterLoc,,
4320,1181,filterLoc,,
4320,1184,filterLoc,,
4320,1187,filterLoc,,
4320,1190,filterLoc,,
4320,1193,filterLoc,,
4320,1196,filterLoc,,
4320,1199,filterLoc,,
4320,1202,filterLoc,,
4320,1205,filterLoc,,
4320,1208,filterLoc,,
4320,1211,filterLoc,,
4320,1214,filterLoc,,
4320,1217,filterLoc,,
4320,1220,filterLoc,,
4320,1223,filterLoc,,
4320,1226,filterLoc,,
4320,1229,filterLoc,,
4320,1232,filterLoc,,
4320,1235,filterLoc,,
4320,1238,filterLoc,,
4320,1241,filterLoc,,
4320,1244,filterLoc,,
4320,1247,filterLoc,,
4320,1250,filterLoc,,
4320,1253,filterLoc,,
4320,1256,filterLoc,,
4320,1259,filterLoc,,
4320,1262,filterLoc,,
4320,1265,filterLoc,,
4320,1268,filterLoc,,
4320,1271,filterLoc,,
4320,1274,filterLoc,,
4320,1277,filterLoc,,
4320,1280,filterLoc,,
4320,1283,filterLoc,,
4320,1286,filterLoc,,
4320,1289,filterLoc,,
4320,1292,filterLoc,,
4320,1295,filterLoc,,
4320,1298,filterLoc,,
4320,1301,filterLoc,,
4320,1304,filterLoc,,
4320,1307,filterLoc,,
4320,1310,filterLoc,,
4320,1313,filterLoc,,
4320,1316,filterLoc,,
4320,1319,filterLoc,,
4320,1322,filterLoc,,
4320,1325,filterLoc,,
4320,1328,filterLoc,,
4320,1331,filterLoc,,
4320,1334,filterLoc,,
4320,1337,filterLoc,,
4320,1340,filterLoc,,
4320,1343,filterLoc,,
4320,1346,filterLoc,,
4320,1349,filterLoc,,
4320,1352,filterLoc,,
4320,1355,filterLoc,,;Evacuee;193;in triage category;Y;is entering helicopter;3
4320,1358,filterLoc,,
4320,1361,filterLoc,,
4320,1364,filterLoc,,
4320,1367,filterLoc,,
4320,1370,filterLoc,,
4320,1373,filterLoc,,
4320,1376,filterLoc,,
4320,1379,filterLoc,,
4320,1382,filterLoc,,
4320,1385,filterLoc,,
4320,1388,filterLoc,,
4320,1391,filterLoc,,
4320,1394,filterLoc,,
4320,1397,filterLoc,,
4320,1400,filterLoc,,
4320,1403,filterLoc,,
4320,1406,filterLoc,,
4320,1409,filterLoc,,
4320,1412,filterLoc,,
4320,1415,filterLoc,,
4320,1418,filterLoc,,
4320,1421,filterLoc,,
4320,1424,filterLoc,,
4320,1427,filterLoc,,
4320,1430,filterLoc,,
4320,1433,filterLoc,,
4320,1436,filterLoc,,
4320,1439,filterLoc,,
4320,1442,filterLoc,,
4320,1445,filterLoc,,
4320,1448,filterLoc,,
4320,1451,filterLoc,,
4320,1454,filterLoc,,
4320,1457,filterLoc,,
4320,1460,filterLoc,,
4320,1463,filterLoc,,
4320,1466,filterLoc,,
4320,1469,filterLoc,,
4320,1472,filterLoc,,
4320,1475,filterLoc,,
4320,1478,filterLoc,,
4320,1481,filterLoc,,
4320,1484,filterLoc,,
4320,1487,filterLoc,,
4320,1490,filterLoc,,
4320,1493,filterLoc,,
4320,1496,filterLoc,,
4320,1499,filterLoc,,
4320,1502,filterLoc,,
4320,1505,filterLoc,,
4320,1508,filterLoc,,
4320,1511,filterLoc,,
4320,1514,filterLoc,,
4320,1517,filterLoc,,
4320,173,filterLoc,out,Evacuee 392 in triage category Y is assigned helicopter 3
4320,173,filterLoc,,
4320,174,evacuee,,Evacuee;392;in triage state;Y;is entering helicopter;3
4320,246,filterLoc,out,Evacuee 357 in triage category R is assigned helicopter 3
4320,246,filterLoc,,
4320,247,evacuee,,Evacuee;357;in triage state;R;is entering helicopter;3
4320,1355,filterLoc,out,Evacuee 193 in triage category Y is assigned helicopter 3
4320,1355,filterLoc,,
4320,1356,evacuee,,Evacuee;193;in triage state;Y;is entering helicopter;3
4320,103,filterEvac,,;Evacuee;193;in triage category;Y;is entering helicopter;3;Evacuee;357;in triage category;R;is entering helicopter;3;Evacuee;392;in triage category;Y;is entering helicopter;3
4320,174,evacuee,outHelo,Evacuee 392 in triage category Y is assigned helicopter 3
4320,174,evacuee,,Evacuee;392;in triage state;Y;is in helicopter;3
4320,247,evacuee,outHelo,Evacuee 357 in triage category R is assigned helicopter 3
4320,247,evacuee,,Evacuee;357;in triage state;R;is in helicopter;3
4320,1119,filterEvac,,
4320,1159,filterEvac,,
4320,1356,evacuee,outHelo,Evacuee 193 in triage category Y is assigned helicopter 3
4320,1356,evacuee,,Evacuee;193;in triage state;Y;is in helicopter;3
4320,103,filterEvac,out,Evacuee 193 in triage category Y is assigned helicopter 3
4320,103,filterEvac,out,Evacuee 357 in triage category R is assigned helicopter 3
4320,103,filterEvac,out,Evacuee 392 in triage category Y is assigned helicopter 3
4320,103,filterEvac,,
4320,105,helicopter,,Helicopter;3;is loading people at the evacuation site;;and has;9;spots taken
4329.4,3,evacueeManager,,OFF SHIP: White;0;Green;0;Yellow;10;Red;1;Black;346;ON SHIP: White;0;Green;0;Yellow;0;Red;0;Evacuees to Transfer;
4329.4,68,evacuee,outES,Evacuee 459 in triage category Y is not assigned a helicopter
4329.4,68,evacuee,,Evacuee;459;in triage state;R;is at the evacuation site
4335,4,helipadManager,outHelo,Helicopter 3 is evacuating people3
4335,4,helipadManager,,;No helos are at ES
4335,104,filterES,,Helicopter;3;is evacuating people
4335,1120,filterES,,
4335,1160,filterES,,
4335,4,helipadManager,outHQ,0
4335,4,helipadManager,,;No helos are at ES
4335,5,helicopterQueue,,;No helos are waiting to land
4335,104,filterES,out,Helicopter 3 is evacuating people3
4335,104,filterES,,
4335,105,helicopter,,Helicopter;3;is loading people at the evacuation site;;and has;9;spots taken
4335,5,helicopterQueue,,;No helos are waiting to land
4335,105,helicopter,,Helicopter;3;is returning to the FOL;;and has;9;spots taken
4344.53,3,evacueeManager,,OFF SHIP: White;0;Green;0;Yellow;9;Red;2;Black;346;ON SHIP: White;0;Green;0;Yellow;0;Red;0;Evacuees to Transfer;
4344.53,77,evacuee,outES,Evacuee 456 in triage category Y is not assigned a helicopter
4344.53,77,evacuee,,Evacuee;456;in triage state;R;is at the evacuation site
4360.13,3,evacueeManager,,OFF SHIP: White;0;Green;0;Yellow;9;Red;1;Black;347;ON SHIP: White;0;Green;0;Yellow;0;Red;0;Evacuees to Transfer;
4360.13,68,evacuee,outES,Evacuee 459 in triage category R is not assigned a helicopter
4360.13,68,evacuee,,Evacuee;459;in triage state;B;is at the evacuation site
4365,7,filterLoc,,
4365,10,filterLoc,,
4365,13,filterLoc,,
4365,16,filterLoc,,
4365,19,filterLoc,,
4365,22,filterLoc,,
4365,25,filterLoc,,
4365,28,filterLoc,,
4365,31,filterLoc,,
4365,34,filterLoc,,
4365,37,filterLoc,,
4365,40,filterLoc,,
4365,43,filterLoc,,
4365,46,filterLoc,,
4365,49,filterLoc,,
4365,52,filterLoc,,
4365,55,filterLoc,,
4365,58,filterLoc,,
4365,61,filterLoc,,
4365,64,filterLoc,,
4365,67,filterLoc,,
4365,70,filterLoc,,
4365,73,filterLoc,,
4365,76,filterLoc,,
4365,79,filterLoc,,
4365,82,filterLoc,,
4365,85,filterLoc,,
4365,88,filterLoc,,
4365,91,filterLoc,,
4365,94,filterLoc,,
4365,97,filterLoc,,
4365,100,filterLoc,,
4365,107,filterLoc,,
4365,110,filterLoc,,
4365,113,filterLoc,,
4365,116,filterLoc,,
4365,119,filterLoc,,
4365,122,filterLoc,,
4365,125,filterLoc,,
4365,128,filterLoc,,
4365,131,filterLoc,,
4365,134,filterLoc,,
4365,137,filterLoc,,;Evacuee;409;in triage category;G;is leaving helicopter;1
4365,140,filterLoc,,;Evacuee;408;in triage category;G;is leaving helicopter;1
4365,143,filterLoc,,
4365,146,filterLoc,,
4365,149,filterLoc,,
4365,152,filterLoc,,
4365,155,filterLoc,,
4365,158,filterLoc,,
4365,161,filterLoc,,
4365,164,filterLoc,,
4365,167,filterLoc,,
4365,170,filterLoc,,
4365,173,filterLoc,,
4365,176,filterLoc,,
4365,179,filterLoc,,
4365,182,filterLoc,,
4365,185,filterLoc,,
4365,188,filterLoc,,
4365,191,filterLoc,,
4365,194,filterLoc,,
4365,197,filterLoc,,;Evacuee;427;in triage category;G;is leaving helicopter;1
4365,200,filterLoc,,
4365,203,filterLoc,,
4365,206,filterLoc,,
4365,209,filterLoc,,
4365,212,filterLoc,,
4365,215,filterLoc,,
4365,218,filterLoc,,
4365,221,filterLoc,,
4365,225,filterLoc,,
4365,228,filterLoc,,
4365,231,filterLoc,,
4365,234,filterLoc,,
4365,237,filterLoc,,
4365,240,filterLoc,,
4365,243,filterLoc,,
4365,246,filterLoc,,
4365,249,filterLoc,,
4365,252,filterLoc,,
4365,255,filterLoc,,
4365,258,filterLoc,,
4365,261,filterLoc,,
4365,264,filterLoc,,
4365,267,filterLoc,,
4365,270,filterLoc,,
4365,273,filterLoc,,
4365,276,filterLoc,,
4365,279,filterLoc,,
4365,282,filterLoc,,
4365,285,filterLoc,,
4365,288,filterLoc,,
4365,291,filterLoc,,
4365,294,filterLoc,,
4365,297,filterLoc,,
4365,300,filterLoc,,
4365,303,filterLoc,,
4365,306,filterLoc,,
4365,309,filterLoc,,
4365,312,filterLoc,,
4365,315,filterLoc,,
4365,318,filterLoc,,
4365,321,filterLoc,,
4365,324,filterLoc,,
4365,327,filterLoc,,
4365,330,filterLoc,,
4365,333,filterLoc,,
4365,336,filterLoc,,
4365,339,filterLoc,,
4365,342,filterLoc,,
4365,345,filterLoc,,
4365,348,filterLoc,,
4365,351,filterLoc,,
4365,354,filterLoc,,
4365,357,filterLoc,,
4365,360,filterLoc,,
4365,363,filterLoc,,
4365,366,filterLoc,,;Evacuee;413;in triage category;G;is leaving helicopter;1
4365,369,filterLoc,,
4365,372,filterLoc,,
4365,375,filterLoc,,
4365,378,filterLoc,,
4365,381,filterLoc,,
4365,384,filterLoc,,
4365,387,filterLoc,,
4365,390,filterLoc,,
4365,393,filterLoc,,
4365,396,filterLoc,,
4365,399,filterLoc,,
4365,402,filterLoc,,
4365,405,filterLoc,,
4365,408,filterLoc,,
4365,411,filterLoc,,
4365,414,filterLoc,,
4365,417,filterLoc,,
4365,420,filterLoc,,
4365,423,filterLoc,,
4365,426,filterLoc,,
4365,429,filterLoc,,
4365,432,filterLoc,,
4365,435,filterLoc,,
4365,438,filterLoc,,
4365,441,filterLoc,,
4365,444,filterLoc,,
4365,447,filterLoc,,
4365,450,filterLoc,,
4365,453,filterLoc,,
4365,456,filterLoc,,
4365,459,filterLoc,,
4365,462,filterLoc,,
4365,465,filterLoc,,
4365,468,filterLoc,,
4365,471,filterLoc,,
4365,474,filterLoc,,
4365,477,filterLoc,,
4365,480,filterLoc,,
4365,483,filterLoc,,
4365,486,filterLoc,,
4365,489,filterLoc,,;Evacuee;432;in triage category;G;is leaving helicopter;1
4365,492,filterLoc,,
4365,495,filterLoc,,
4365,498,filterLoc,,
4365,501,filterLoc,,
4365,504,filterLoc,,
4365,507,filterLoc,,
4365,510,filterLoc,,
4365,513,filterLoc,,
4365,516,filterLoc,,
4365,519,filterLoc,,
4365,522,filterLoc,,
4365,525,filterLoc,,
4365,528,filterLoc,,
4365,531,filterLoc,,
4365,534,filterLoc,,
4365,537,filterLoc,,
4365,540,filterLoc,,
4365,543,filterLoc,,
4365,546,filterLoc,,
4365,549,filterLoc,,
4365,552,filterLoc,,
4365,555,filterLoc,,;Evacuee;424;in triage category;G;is leaving helicopter;1
4365,558,filterLoc,,
4365,561,filterLoc,,
4365,564,filterLoc,,
4365,567,filterLoc,,
4365,570,filterLoc,,
4365,573,filterLoc,,
4365,576,filterLoc,,
4365,579,filterLoc,,
4365,582,filterLoc,,
4365,585,filterLoc,,
4365,588,filterLoc,,
4365,591,filterLoc,,
4365,594,filterLoc,,
4365,597,filterLoc,,
4365,600,filterLoc,,
4365,603,filterLoc,,
4365,606,filterLoc,,
4365,609,filterLoc,,
4365,612,filterLoc,,;Evacuee;412;in triage category;G;is leaving helicopter;1
4365,615,filterLoc,,
4365,618,filterLoc,,
4365,621,filterLoc,,
4365,624,filterLoc,,
4365,627,filterLoc,,
4365,630,filterLoc,,
4365,633,filterLoc,,
4365,636,filterLoc,,
4365,639,filterLoc,,
4365,642,filterLoc,,
4365,645,filterLoc,,
4365,648,filterLoc,,
4365,651,filterLoc,,
4365,654,filterLoc,,
4365,657,filterLoc,,
4365,660,filterLoc,,
4365,663,filterLoc,,
4365,666,filterLoc,,
4365,669,filterLoc,,
4365,672,filterLoc,,
4365,675,filterLoc,,
4365,678,filterLoc,,
4365,681,filterLoc,,;Evacuee;440;in triage category;G;is leaving helicopter;1
4365,684,filterLoc,,
4365,687,filterLoc,,;Evacuee;431;in triage category;G;is leaving helicopter;1
4365,690,filterLoc,,
4365,693,filterLoc,,
4365,696,filterLoc,,
4365,699,filterLoc,,
4365,702,filterLoc,,
4365,705,filterLoc,,
4365,708,filterLoc,,
4365,711,filterLoc,,
4365,714,filterLoc,,
4365,717,filterLoc,,
4365,720,filterLoc,,
4365,723,filterLoc,,
4365,726,filterLoc,,
4365,729,filterLoc,,
4365,732,filterLoc,,
4365,735,filterLoc,,
4365,738,filterLoc,,
4365,741,filterLoc,,
4365,744,filterLoc,,
4365,747,filterLoc,,
4365,750,filterLoc,,
4365,753,filterLoc,,
4365,756,filterLoc,,
4365,759,filterLoc,,
4365,762,filterLoc,,
4365,765,filterLoc,,
4365,768,filterLoc,,
4365,771,filterLoc,,
4365,774,filterLoc,,
4365,777,filterLoc,,
4365,780,filterLoc,,
4365,783,filterLoc,,
4365,786,filterLoc,,
4365,789,filterLoc,,
4365,792,filterLoc,,
4365,795,filterLoc,,
4365,798,filterLoc,,
4365,801,filterLoc,,
4365,804,filterLoc,,
4365,807,filterLoc,,
4365,810,filterLoc,,
4365,813,filterLoc,,
4365,816,filterLoc,,
4365,819,filterLoc,,
4365,822,filterLoc,,
4365,825,filterLoc,,
4365,828,filterLoc,,
4365,831,filterLoc,,
4365,834,filterLoc,,
4365,837,filterLoc,,
4365,840,filterLoc,,
4365,843,filterLoc,,
4365,846,filterLoc,,
4365,849,filterLoc,,
4365,852,filterLoc,,
4365,855,filterLoc,,
4365,858,filterLoc,,
4365,861,filterLoc,,
4365,864,filterLoc,,
4365,867,filterLoc,,
4365,870,filterLoc,,
4365,873,filterLoc,,
4365,876,filterLoc,,
4365,879,filterLoc,,
4365,882,filterLoc,,
4365,885,filterLoc,,
4365,888,filterLoc,,
4365,891,filterLoc,,
4365,894,filterLoc,,
4365,897,filterLoc,,
4365,900,filterLoc,,
4365,903,filterLoc,,
4365,906,filterLoc,,
4365,909,filterLoc,,
4365,912,filterLoc,,
4365,915,filterLoc,,
4365,918,filterLoc,,
4365,921,filterLoc,,
4365,924,filterLoc,,
4365,927,filterLoc,,
4365,930,filterLoc,,
4365,933,filterLoc,,
4365,936,filterLoc,,
4365,939,filterLoc,,
4365,942,filterLoc,,
4365,945,filterLoc,,
4365,948,filterLoc,,
4365,951,filterLoc,,
4365,954,filterLoc,,
4365,957,filterLoc,,
4365,960,filterLoc,,
4365,963,filterLoc,,
4365,966,filterLoc,,
4365,969,filterLoc,,
4365,972,filterLoc,,
4365,975,filterLoc,,
4365,978,filterLoc,,
4365,981,filterLoc,,
4365,984,filterLoc,,
4365,987,filterLoc,,
4365,990,filterLoc,,
4365,993,filterLoc,,
4365,996,filterLoc,,
4365,999,filterLoc,,
4365,1002,filterLoc,,
4365,1005,filterLoc,,
4365,1008,filterLoc,,
4365,1011,filterLoc,,
4365,1014,filterLoc,,
4365,1017,filterLoc,,
4365,1020,filterLoc,,
4365,1023,filterLoc,,
4365,1026,filterLoc,,
4365,1029,filterLoc,,
4365,1032,filterLoc,,
4365,1035,filterLoc,,
4365,1038,filterLoc,,
4365,1041,filterLoc,,
4365,1044,filterLoc,,
4365,1047,filterLoc,,
4365,1050,filterLoc,,
4365,1053,filterLoc,,
4365,1056,filterLoc,,
4365,1059,filterLoc,,
4365,1062,filterLoc,,
4365,1065,filterLoc,,
4365,1068,filterLoc,,
4365,1071,filterLoc,,
4365,1074,filterLoc,,
4365,1077,filterLoc,,
4365,1080,filterLoc,,
4365,1083,filterLoc,,
4365,1086,filterLoc,,
4365,1089,filterLoc,,
4365,1092,filterLoc,,
4365,1095,filterLoc,,
4365,1098,filterLoc,,
4365,1101,filterLoc,,
4365,1104,filterLoc,,
4365,1107,filterLoc,,
4365,1110,filterLoc,,
4365,1113,filterLoc,,
4365,1116,filterLoc,,
4365,1123,filterLoc,,
4365,1126,filterLoc,,
4365,1129,filterLoc,,
4365,1132,filterLoc,,
4365,1135,filterLoc,,
4365,1138,filterLoc,,
4365,1141,filterLoc,,
4365,1144,filterLoc,,
4365,1147,filterLoc,,
4365,1150,filterLoc,,
4365,1153,filterLoc,,
4365,1156,filterLoc,,
4365,1161,helicopter,outEvac,Evacuee 408 in triage category G is not assigned a helicopter
4365,1161,helicopter,outEvac,Evacuee 409 in triage category G is not assigned a helicopter
4365,1161,helicopter,outEvac,Evacuee 412 in triage category G is not assigned a helicopter
4365,1161,helicopter,outEvac,Evacuee 413 in triage category G is not assigned a helicopter
4365,1161,helicopter,outEvac,Evacuee 424 in triage category G is not assigned a helicopter
4365,1161,helicopter,outEvac,Evacuee 427 in triage category G is not assigned a helicopter
4365,1161,helicopter,outEvac,Evacuee 431 in triage category G is not assigned a helicopter
4365,1161,helicopter,outEvac,Evacuee 432 in triage category G is not assigned a helicopter
4365,1161,helicopter,outEvac,Evacuee 435 in triage category G is not assigned a helicopter
4365,1161,helicopter,outEvac,Evacuee 440 in triage category G is not assigned a helicopter
4365,1161,helicopter,,Helicopter;1;is unloading people at the FOL;;and has;0;spots taken
4365,1163,filterLoc,,
4365,1166,filterLoc,,
4365,1169,filterLoc,,
4365,1172,filterLoc,,
4365,1175,filterLoc,,
4365,1178,filterLoc,,
4365,1181,filterLoc,,
4365,1184,filterLoc,,
4365,1187,filterLoc,,
4365,1190,filterLoc,,
4365,1193,filterLoc,,
4365,1196,filterLoc,,
4365,1199,filterLoc,,
4365,1202,filterLoc,,
4365,1205,filterLoc,,
4365,1208,filterLoc,,
4365,1211,filterLoc,,
4365,1214,filterLoc,,
4365,1217,filterLoc,,
4365,1220,filterLoc,,
4365,1223,filterLoc,,
4365,1226,filterLoc,,
4365,1229,filterLoc,,
4365,1232,filterLoc,,
4365,1235,filterLoc,,
4365,1238,filterLoc,,
4365,1241,filterLoc,,
4365,1244,filterLoc,,
4365,1247,filterLoc,,
4365,1250,filterLoc,,
4365,1253,filterLoc,,
4365,1256,filterLoc,,
4365,1259,filterLoc,,
4365,1262,filterLoc,,
4365,1265,filterLoc,,
4365,1268,filterLoc,,
4365,1271,filterLoc,,
4365,1274,filterLoc,,
4365,1277,filterLoc,,
4365,1280,filterLoc,,
4365,1283,filterLoc,,
4365,1286,filterLoc,,
4365,1289,filterLoc,,
4365,1292,filterLoc,,
4365,1295,filterLoc,,
4365,1298,filterLoc,,
4365,1301,filterLoc,,
4365,1304,filterLoc,,
4365,1307,filterLoc,,
4365,1310,filterLoc,,;Evacuee;435;in triage category;G;is leaving helicopter;1
4365,1313,filterLoc,,
4365,1316,filterLoc,,
4365,1319,filterLoc,,
4365,1322,filterLoc,,
4365,1325,filterLoc,,
4365,1328,filterLoc,,
4365,1331,filterLoc,,
4365,1334,filterLoc,,
4365,1337,filterLoc,,
4365,1340,filterLoc,,
4365,1343,filterLoc,,
4365,1346,filterLoc,,
4365,1349,filterLoc,,
4365,1352,filterLoc,,
4365,1355,filterLoc,,
4365,1358,filterLoc,,
4365,1361,filterLoc,,
4365,1364,filterLoc,,
4365,1367,filterLoc,,
4365,1370,filterLoc,,
4365,1373,filterLoc,,
4365,1376,filterLoc,,
4365,1379,filterLoc,,
4365,1382,filterLoc,,
4365,1385,filterLoc,,
4365,1388,filterLoc,,
4365,1391,filterLoc,,
4365,1394,filterLoc,,
4365,1397,filterLoc,,
4365,1400,filterLoc,,
4365,1403,filterLoc,,
4365,1406,filterLoc,,
4365,1409,filterLoc,,
4365,1412,filterLoc,,
4365,1415,filterLoc,,
4365,1418,filterLoc,,
4365,1421,filterLoc,,
4365,1424,filterLoc,,
4365,1427,filterLoc,,
4365,1430,filterLoc,,
4365,1433,filterLoc,,
4365,1436,filterLoc,,
4365,1439,filterLoc,,
4365,1442,filterLoc,,
4365,1445,filterLoc,,
4365,1448,filterLoc,,
4365,1451,filterLoc,,
4365,1454,filterLoc,,
4365,1457,filterLoc,,
4365,1460,filterLoc,,
4365,1463,filterLoc,,
4365,1466,filterLoc,,
4365,1469,filterLoc,,
4365,1472,filterLoc,,
4365,1475,filterLoc,,
4365,1478,filterLoc,,
4365,1481,filterLoc,,
4365,1484,filterLoc,,
4365,1487,filterLoc,,
4365,1490,filterLoc,,
4365,1493,filterLoc,,
4365,1496,filterLoc,,
4365,1499,filterLoc,,
4365,1502,filterLoc,,
4365,1505,filterLoc,,
4365,1508,filterLoc,,
4365,1511,filterLoc,,
4365,1514,filterLoc,,
4365,1517,filterLoc,,
4365,137,filterLoc,out,Evacuee 409 in triage category G is not assigned a helicopter
4365,137,filterLoc,,
4365,138,evacuee,,Evacuee;409;in triage state;G;is entering the FOL
4365,140,filterLoc,out,Evacuee 408 in triage category G is not assigned a helicopter
4365,140,filterLoc,,
4365,141,evacuee,,Evacuee;408;in triage state;G;is entering the FOL
4365,197,filterLoc,out,Evacuee 427 in triage category G is not assigned a helicopter
4365,197,filterLoc,,
4365,198,evacuee,,Evacuee;427;in triage state;G;is entering the FOL
4365,366,filterLoc,out,Evacuee 413 in triage category G is not assigned a helicopter
4365,366,filterLoc,,
4365,367,evacuee,,Evacuee;413;in triage state;G;is entering the FOL
4365,489,filterLoc,out,Evacuee 432 in triage category G is not assigned a helicopter
4365,489,filterLoc,,
4365,490,evacuee,,Evacuee;432;in triage state;G;is entering the FOL
4365,555,filterLoc,out,Evacuee 424 in triage category G is not assigned a helicopter
4365,555,filterLoc,,
4365,556,evacuee,,Evacuee;424;in triage state;G;is entering the FOL
4365,612,filterLoc,out,Evacuee 412 in triage category G is not assigned a helicopter
4365,612,filterLoc,,
4365,613,evacuee,,Evacuee;412;in triage state;G;is entering the FOL
4365,681,filterLoc,out,Evacuee 440 in triage category G is not assigned a helicopter
4365,681,filterLoc,,
4365,682,evacuee,,Evacuee;440;in triage state;G;is entering the FOL
4365,687,filterLoc,out,Evacuee 431 in triage category G is not assigned a helicopter
4365,687,filterLoc,,
4365,688,evacuee,,Evacuee;431;in triage state;G;is entering the FOL
4365,1310,filterLoc,out,Evacuee 435 in triage category G is not assigned a helicopter
4365,1310,filterLoc,,
4365,1311,evacuee,,Evacuee;435;in triage state;G;is entering the FOL
4365,138,evacuee,outFOL,Evacuee 409 in triage category G is not assigned a helicopter
4365,138,evacuee,,Evacuee;409;in triage state;G;is at the FOL
4365,141,evacuee,outFOL,Evacuee 408 in triage category G is not assigned a helicopter
4365,141,evacuee,,Evacuee;408;in triage state;G;is at the FOL
4365,198,evacuee,outFOL,Evacuee 427 in triage category G is not assigned a helicopter
4365,198,evacuee,,Evacuee;427;in triage state;G;is at the FOL
4365,223,FOL,,;EvacueeID;2;Triage Status;G;EvacueeID;4;Triage Status;G;EvacueeID;9;Triage Status;G;EvacueeID;11;Triage Status;G;EvacueeID;13;Triage Status;G;EvacueeID;14;Triage Status;G;EvacueeID;18;Triage Status;G;EvacueeID;22;Triage Status;G;EvacueeID;23;Triage Status;G;EvacueeID;24;Triage Status;G;EvacueeID;25;Triage Status;G;EvacueeID;29;Triage Status;G;EvacueeID;32;Triage Status;G;EvacueeID;33;Triage Status;G;EvacueeID;34;Triage Status;G;EvacueeID;37;Triage Status;G;EvacueeID;44;Triage Status;G;EvacueeID;45;Triage Status;G;EvacueeID;48;Triage Status;G;EvacueeID;49;Triage Status;G;EvacueeID;50;Triage Status;G;EvacueeID;55;Triage Status;G;EvacueeID;58;Triage Status;G;EvacueeID;60;Triage Status;G;EvacueeID;65;Triage Status;G;EvacueeID;67;Triage Status;G;EvacueeID;71;Triage Status;G;EvacueeID;74;Triage Status;G;EvacueeID;75;Triage Status;G;EvacueeID;76;Triage Status;G;EvacueeID;81;Triage Status;G;EvacueeID;83;Triage Status;G;EvacueeID;85;Triage Status;G;EvacueeID;90;Triage Status;G;EvacueeID;92;Triage Status;G;EvacueeID;93;Triage Status;G;EvacueeID;104;Triage Status;G;EvacueeID;105;Triage Status;G;EvacueeID;106;Triage Status;G;EvacueeID;117;Triage Status;G;EvacueeID;121;Triage Status;G;EvacueeID;123;Triage Status;G;EvacueeID;127;Triage Status;G;EvacueeID;136;Triage Status;G;EvacueeID;144;Triage Status;G;EvacueeID;148;Triage Status;G;EvacueeID;152;Triage Status;G;EvacueeID;153;Triage Status;G;EvacueeID;158;Triage Status;G;EvacueeID;159;Triage Status;G;EvacueeID;161;Triage Status;G;EvacueeID;164;Triage Status;G;EvacueeID;165;Triage Status;G;EvacueeID;169;Triage Status;G;EvacueeID;170;Triage Status;G;EvacueeID;171;Triage Status;G;EvacueeID;174;Triage Status;G;EvacueeID;177;Triage Status;G;EvacueeID;181;Triage Status;G;EvacueeID;187;Triage Status;G;EvacueeID;188;Triage Status;G;EvacueeID;190;Triage Status;G;EvacueeID;192;Triage Status;G;EvacueeID;200;Triage Status;G;EvacueeID;201;Triage Status;G;EvacueeID;202;Triage Status;G;EvacueeID;209;Triage Status;G;EvacueeID;210;Triage Status;G;EvacueeID;212;Triage Status;G;EvacueeID;218;Triage Status;G;EvacueeID;224;Triage Status;G;EvacueeID;225;Triage Status;G;EvacueeID;226;Triage Status;G;EvacueeID;227;Triage Status;G;EvacueeID;235;Triage Status;G;EvacueeID;245;Triage Status;G;EvacueeID;246;Triage Status;G;EvacueeID;252;Triage Status;G;EvacueeID;254;Triage Status;G;EvacueeID;255;Triage Status;G;EvacueeID;257;Triage Status;G;EvacueeID;258;Triage Status;G;EvacueeID;263;Triage Status;G;EvacueeID;271;Triage Status;G;EvacueeID;272;Triage Status;G;EvacueeID;273;Triage Status;G;EvacueeID;274;Triage Status;G;EvacueeID;290;Triage Status;G;EvacueeID;291;Triage Status;G;EvacueeID;292;Triage Status;G;EvacueeID;301;Triage Status;G;EvacueeID;311;Triage Status;G;EvacueeID;317;Triage Status;G;EvacueeID;318;Triage Status;G;EvacueeID;319;Triage Status;G;EvacueeID;321;Triage Status;G;EvacueeID;322;Triage Status;G;EvacueeID;329;Triage Status;G;EvacueeID;332;Triage Status;G;EvacueeID;337;Triage Status;G;EvacueeID;339;Triage Status;G;EvacueeID;346;Triage Status;G;EvacueeID;348;Triage Status;G;EvacueeID;349;Triage Status;G;EvacueeID;350;Triage Status;G;EvacueeID;351;Triage Status;G;EvacueeID;353;Triage Status;G;EvacueeID;378;Triage Status;G;EvacueeID;379;Triage Status;G;EvacueeID;380;Triage Status;G;EvacueeID;381;Triage Status;G;EvacueeID;385;Triage Status;G;EvacueeID;386;Triage Status;G;EvacueeID;387;Triage Status;G;EvacueeID;388;Triage Status;G;EvacueeID;391;Triage Status;G;EvacueeID;402;Triage Status;G;EvacueeID;403;Triage Status;G;EvacueeID;404;Triage Status;G;EvacueeID;406;Triage Status;G;EvacueeID;408;Triage Status;G;EvacueeID;409;Triage Status;G;EvacueeID;412;Triage Status;G;EvacueeID;413;Triage Status;G;EvacueeID;424;Triage Status;G;EvacueeID;427;Triage Status;G;EvacueeID;431;Triage Status;G;EvacueeID;432;Triage Status;G;EvacueeID;435;Triage Status;G;EvacueeID;440;Triage Status;G;Lives Saved;130
4365,367,evacuee,outFOL,Evacuee 413 in triage category G is not assigned a helicopter
4365,367,evacuee,,Evacuee;413;in triage state;G;is at the FOL
4365,490,evacuee,outFOL,Evacuee 432 in triage category G is not assigned a helicopter
4365,490,evacuee,,Evacuee;432;in triage state;G;is at the FOL
4365,556,evacuee,outFOL,Evacuee 424 in triage category G is not assigned a helicopter
4365,556,evacuee,,Evacuee;424;in triage state;G;is at the FOL
4365,613,evacuee,outFOL,Evacuee 412 in triage category G is not assigned a helicopter
4365,613,evacuee,,Evacuee;412;in triage state;G;is at the FOL
4365,682,evacuee,outFOL,Evacuee 440 in triage category G is not assigned a helicopter
4365,682,evacuee,,Evacuee;440;in triage state;G;is at the FOL
4365,688,evacuee,outFOL,Evacuee 431 in triage category G is not assigned a helicopter
4365,688,evacuee,,Evacuee;431;in triage state;G;is at the FOL
4365,1311,evacuee,outFOL,Evacuee 435 in triage category G is not assigned a helicopter
4365,1311,evacuee,,Evacuee;435;in triage state;G;is at the FOL
4365,223,FOL,,;EvacueeID;2;Triage Status;G;EvacueeID;4;Triage Status;G;EvacueeID;9;Triage Status;G;EvacueeID;11;Triage Status;G;EvacueeID;13;Triage Status;G;EvacueeID;14;Triage Status;G;EvacueeID;18;Triage Status;G;EvacueeID;22;Triage Status;G;EvacueeID;23;Triage Status;G;EvacueeID;24;Triage Status;G;EvacueeID;25;Triage Status;G;EvacueeID;29;Triage Status;G;EvacueeID;32;Triage Status;G;EvacueeID;33;Triage Status;G;EvacueeID;34;Triage Status;G;EvacueeID;37;Triage Status;G;EvacueeID;44;Triage Status;G;EvacueeID;45;Triage Status;G;EvacueeID;48;Triage Status;G;EvacueeID;49;Triage Status;G;EvacueeID;50;Triage Status;G;EvacueeID;55;Triage Status;G;EvacueeID;58;Triage Status;G;EvacueeID;60;Triage Status;G;EvacueeID;65;Triage Status;G;EvacueeID;67;Triage Status;G;EvacueeID;71;Triage Status;G;EvacueeID;74;Triage Status;G;EvacueeID;75;Triage Status;G;EvacueeID;76;Triage Status;G;EvacueeID;81;Triage Status;G;EvacueeID;83;Triage Status;G;EvacueeID;85;Triage Status;G;EvacueeID;90;Triage Status;G;EvacueeID;92;Triage Status;G;EvacueeID;93;Triage Status;G;EvacueeID;104;Triage Status;G;EvacueeID;105;Triage Status;G;EvacueeID;106;Triage Status;G;EvacueeID;117;Triage Status;G;EvacueeID;121;Triage Status;G;EvacueeID;123;Triage Status;G;EvacueeID;127;Triage Status;G;EvacueeID;136;Triage Status;G;EvacueeID;144;Triage Status;G;EvacueeID;148;Triage Status;G;EvacueeID;152;Triage Status;G;EvacueeID;153;Triage Status;G;EvacueeID;158;Triage Status;G;EvacueeID;159;Triage Status;G;EvacueeID;161;Triage Status;G;EvacueeID;164;Triage Status;G;EvacueeID;165;Triage Status;G;EvacueeID;169;Triage Status;G;EvacueeID;170;Triage Status;G;EvacueeID;171;Triage Status;G;EvacueeID;174;Triage Status;G;EvacueeID;177;Triage Status;G;EvacueeID;181;Triage Status;G;EvacueeID;187;Triage Status;G;EvacueeID;188;Triage Status;G;EvacueeID;190;Triage Status;G;EvacueeID;192;Triage Status;G;EvacueeID;200;Triage Status;G;EvacueeID;201;Triage Status;G;EvacueeID;202;Triage Status;G;EvacueeID;209;Triage Status;G;EvacueeID;210;Triage Status;G;EvacueeID;212;Triage Status;G;EvacueeID;218;Triage Status;G;EvacueeID;224;Triage Status;G;EvacueeID;225;Triage Status;G;EvacueeID;226;Triage Status;G;EvacueeID;227;Triage Status;G;EvacueeID;235;Triage Status;G;EvacueeID;245;Triage Status;G;EvacueeID;246;Triage Status;G;EvacueeID;252;Triage Status;G;EvacueeID;254;Triage Status;G;EvacueeID;255;Triage Status;G;EvacueeID;257;Triage Status;G;EvacueeID;258;Triage Status;G;EvacueeID;263;Triage Status;G;EvacueeID;271;Triage Status;G;EvacueeID;272;Triage Status;G;EvacueeID;273;Triage Status;G;EvacueeID;274;Triage Status;G;EvacueeID;290;Triage Status;G;EvacueeID;291;Triage Status;G;EvacueeID;292;Triage Status;G;EvacueeID;301;Triage Status;G;EvacueeID;311;Triage Status;G;EvacueeID;317;Triage Status;G;EvacueeID;318;Triage Status;G;EvacueeID;319;Triage Status;G;EvacueeID;321;Triage Status;G;EvacueeID;322;Triage Status;G;EvacueeID;329;Triage Status;G;EvacueeID;332;Triage Status;G;EvacueeID;337;Triage Status;G;EvacueeID;339;Triage Status;G;EvacueeID;346;Triage Status;G;EvacueeID;348;Triage Status;G;EvacueeID;349;Triage Status;G;EvacueeID;350;Triage Status;G;EvacueeID;351;Triage Status;G;EvacueeID;353;Triage Status;G;EvacueeID;378;Triage Status;G;EvacueeID;379;Triage Status;G;EvacueeID;380;Triage Status;G;EvacueeID;381;Triage Status;G;EvacueeID;385;Triage Status;G;EvacueeID;386;Triage Status;G;EvacueeID;387;Triage Status;G;EvacueeID;388;Triage Status;G;EvacueeID;391;Triage Status;G;EvacueeID;402;Triage Status;G;EvacueeID;403;Triage Status;G;EvacueeID;404;Triage Status;G;EvacueeID;406;Triage Status;G;EvacueeID;408;Triage Status;G;EvacueeID;409;Triage Status;G;EvacueeID;412;Triage Status;G;EvacueeID;413;Triage Status;G;EvacueeID;424;Triage Status;G;EvacueeID;427;Triage Status;G;EvacueeID;431;Triage Status;G;EvacueeID;432;Triage Status;G;EvacueeID;435;Triage Status;G;EvacueeID;440;Triage Status;G;Lives Saved;130
4380,1161,helicopter,,Helicopter;1;Is going to the evacuation site;;and has;0;spots taken
4417.73,3,evacueeManager,,OFF SHIP: White;0;Green;0;Yellow;9;Red;0;Black;348;ON SHIP: White;0;Green;0;Yellow;0;Red;0;Evacuees to Transfer;
4417.73,77,evacuee,outES,Evacuee 456 in triage category R is not assigned a helicopter
4417.73,77,evacuee,,Evacuee;456;in triage state;B;is at the evacuation site
4425,7,filterLoc,,
4425,10,filterLoc,,
4425,13,filterLoc,,
4425,16,filterLoc,,
4425,19,filterLoc,,
4425,22,filterLoc,,
4425,25,filterLoc,,
4425,28,filterLoc,,
4425,31,filterLoc,,
4425,34,filterLoc,,
4425,37,filterLoc,,
4425,40,filterLoc,,
4425,43,filterLoc,,
4425,46,filterLoc,,
4425,49,filterLoc,,
4425,52,filterLoc,,;Evacuee;471;in triage category;G;is leaving helicopter;2
4425,55,filterLoc,,;Evacuee;468;in triage category;G;is leaving helicopter;2
4425,58,filterLoc,,;Evacuee;463;in triage category;G;is leaving helicopter;2
4425,61,filterLoc,,
4425,64,filterLoc,,
4425,67,filterLoc,,
4425,70,filterLoc,,
4425,73,filterLoc,,
4425,76,filterLoc,,
4425,79,filterLoc,,;Evacuee;455;in triage category;G;is leaving helicopter;2
4425,82,filterLoc,,;Evacuee;448;in triage category;G;is leaving helicopter;2
4425,85,filterLoc,,;Evacuee;445;in triage category;G;is leaving helicopter;2
4425,88,filterLoc,,;Evacuee;442;in triage category;G;is leaving helicopter;2
4425,91,filterLoc,,
4425,94,filterLoc,,
4425,97,filterLoc,,
4425,100,filterLoc,,
4425,107,filterLoc,,
4425,110,filterLoc,,
4425,113,filterLoc,,
4425,116,filterLoc,,
4425,119,filterLoc,,
4425,122,filterLoc,,
4425,125,filterLoc,,
4425,128,filterLoc,,
4425,131,filterLoc,,
4425,134,filterLoc,,
4425,137,filterLoc,,
4425,140,filterLoc,,
4425,143,filterLoc,,
4425,146,filterLoc,,
4425,149,filterLoc,,
4425,152,filterLoc,,
4425,155,filterLoc,,
4425,158,filterLoc,,
4425,161,filterLoc,,
4425,164,filterLoc,,
4425,167,filterLoc,,
4425,170,filterLoc,,
4425,173,filterLoc,,
4425,176,filterLoc,,
4425,179,filterLoc,,
4425,182,filterLoc,,
4425,185,filterLoc,,
4425,188,filterLoc,,
4425,191,filterLoc,,
4425,194,filterLoc,,
4425,197,filterLoc,,
4425,200,filterLoc,,
4425,203,filterLoc,,
4425,206,filterLoc,,
4425,209,filterLoc,,
4425,212,filterLoc,,
4425,215,filterLoc,,
4425,218,filterLoc,,
4425,221,filterLoc,,
4425,225,filterLoc,,
4425,228,filterLoc,,
4425,231,filterLoc,,
4425,234,filterLoc,,
4425,237,filterLoc,,
4425,240,filterLoc,,
4425,243,filterLoc,,
4425,246,filterLoc,,
4425,249,filterLoc,,
4425,252,filterLoc,,
4425,255,filterLoc,,
4425,258,filterLoc,,
4425,261,filterLoc,,
4425,264,filterLoc,,
4425,267,filterLoc,,
4425,270,filterLoc,,
4425,273,filterLoc,,
4425,276,filterLoc,,
4425,279,filterLoc,,
4425,282,filterLoc,,
4425,285,filterLoc,,
4425,288,filterLoc,,
4425,291,filterLoc,,
4425,294,filterLoc,,
4425,297,filterLoc,,
4425,300,filterLoc,,
4425,303,filterLoc,,
4425,306,filterLoc,,
4425,309,filterLoc,,
4425,312,filterLoc,,
4425,315,filterLoc,,
4425,318,filterLoc,,
4425,321,filterLoc,,
4425,324,filterLoc,,
4425,327,filterLoc,,
4425,330,filterLoc,,
4425,333,filterLoc,,
4425,336,filterLoc,,
4425,339,filterLoc,,
4425,342,filterLoc,,
4425,345,filterLoc,,
4425,348,filterLoc,,
4425,351,filterLoc,,
4425,354,filterLoc,,
4425,357,filterLoc,,
4425,360,filterLoc,,
4425,363,filterLoc,,
4425,366,filterLoc,,
4425,369,filterLoc,,
4425,372,filterLoc,,
4425,375,filterLoc,,
4425,378,filterLoc,,
4425,381,filterLoc,,
4425,384,filterLoc,,
4425,387,filterLoc,,
4425,390,filterLoc,,
4425,393,filterLoc,,
4425,396,filterLoc,,
4425,399,filterLoc,,
4425,402,filterLoc,,
4425,405,filterLoc,,
4425,408,filterLoc,,
4425,411,filterLoc,,
4425,414,filterLoc,,
4425,417,filterLoc,,
4425,420,filterLoc,,
4425,423,filterLoc,,
4425,426,filterLoc,,
4425,429,filterLoc,,
4425,432,filterLoc,,
4425,435,filterLoc,,
4425,438,filterLoc,,
4425,441,filterLoc,,
4425,444,filterLoc,,
4425,447,filterLoc,,
4425,450,filterLoc,,
4425,453,filterLoc,,
4425,456,filterLoc,,
4425,459,filterLoc,,
4425,462,filterLoc,,
4425,465,filterLoc,,
4425,468,filterLoc,,
4425,471,filterLoc,,
4425,474,filterLoc,,
4425,477,filterLoc,,
4425,480,filterLoc,,
4425,483,filterLoc,,
4425,486,filterLoc,,
4425,489,filterLoc,,
4425,492,filterLoc,,
4425,495,filterLoc,,
4425,498,filterLoc,,
4425,501,filterLoc,,
4425,504,filterLoc,,
4425,507,filterLoc,,
4425,510,filterLoc,,
4425,513,filterLoc,,
4425,516,filterLoc,,
4425,519,filterLoc,,
4425,522,filterLoc,,
4425,525,filterLoc,,
4425,528,filterLoc,,
4425,531,filterLoc,,
4425,534,filterLoc,,
4425,537,filterLoc,,
4425,540,filterLoc,,
4425,543,filterLoc,,
4425,546,filterLoc,,
4425,549,filterLoc,,
4425,552,filterLoc,,
4425,555,filterLoc,,
4425,558,filterLoc,,
4425,561,filterLoc,,
4425,564,filterLoc,,
4425,567,filterLoc,,
4425,570,filterLoc,,
4425,573,filterLoc,,
4425,576,filterLoc,,
4425,579,filterLoc,,
4425,582,filterLoc,,
4425,585,filterLoc,,
4425,588,filterLoc,,
4425,591,filterLoc,,
4425,594,filterLoc,,
4425,597,filterLoc,,
4425,600,filterLoc,,
4425,603,filterLoc,,
4425,606,filterLoc,,
4425,609,filterLoc,,
4425,612,filterLoc,,
4425,615,filterLoc,,
4425,618,filterLoc,,
4425,621,filterLoc,,
4425,624,filterLoc,,
4425,627,filterLoc,,
4425,630,filterLoc,,
4425,633,filterLoc,,
4425,636,filterLoc,,
4425,639,filterLoc,,
4425,642,filterLoc,,
4425,645,filterLoc,,
4425,648,filterLoc,,
4425,651,filterLoc,,
4425,654,filterLoc,,
4425,657,filterLoc,,
4425,660,filterLoc,,
4425,663,filterLoc,,
4425,666,filterLoc,,
4425,669,filterLoc,,
4425,672,filterLoc,,
4425,675,filterLoc,,
4425,678,filterLoc,,;Evacuee;454;in triage category;G;is leaving helicopter;2
4425,681,filterLoc,,
4425,684,filterLoc,,
4425,687,filterLoc,,
4425,690,filterLoc,,
4425,693,filterLoc,,
4425,696,filterLoc,,
4425,699,filterLoc,,
4425,702,filterLoc,,
4425,705,filterLoc,,
4425,708,filterLoc,,
4425,711,filterLoc,,
4425,714,filterLoc,,
4425,717,filterLoc,,
4425,720,filterLoc,,
4425,723,filterLoc,,
4425,726,filterLoc,,
4425,729,filterLoc,,
4425,732,filterLoc,,
4425,735,filterLoc,,
4425,738,filterLoc,,
4425,741,filterLoc,,
4425,744,filterLoc,,
4425,747,filterLoc,,
4425,750,filterLoc,,
4425,753,filterLoc,,
4425,756,filterLoc,,
4425,759,filterLoc,,
4425,762,filterLoc,,
4425,765,filterLoc,,
4425,768,filterLoc,,
4425,771,filterLoc,,
4425,774,filterLoc,,
4425,777,filterLoc,,
4425,780,filterLoc,,
4425,783,filterLoc,,
4425,786,filterLoc,,
4425,789,filterLoc,,
4425,792,filterLoc,,
4425,795,filterLoc,,
4425,798,filterLoc,,
4425,801,filterLoc,,
4425,804,filterLoc,,
4425,807,filterLoc,,
4425,810,filterLoc,,
4425,813,filterLoc,,
4425,816,filterLoc,,
4425,819,filterLoc,,
4425,822,filterLoc,,
4425,825,filterLoc,,
4425,828,filterLoc,,
4425,831,filterLoc,,
4425,834,filterLoc,,
4425,837,filterLoc,,
4425,840,filterLoc,,
4425,843,filterLoc,,
4425,846,filterLoc,,
4425,849,filterLoc,,
4425,852,filterLoc,,
4425,855,filterLoc,,
4425,858,filterLoc,,
4425,861,filterLoc,,
4425,864,filterLoc,,
4425,867,filterLoc,,
4425,870,filterLoc,,
4425,873,filterLoc,,
4425,876,filterLoc,,
4425,879,filterLoc,,
4425,882,filterLoc,,
4425,885,filterLoc,,
4425,888,filterLoc,,
4425,891,filterLoc,,
4425,894,filterLoc,,
4425,897,filterLoc,,
4425,900,filterLoc,,
4425,903,filterLoc,,
4425,906,filterLoc,,
4425,909,filterLoc,,
4425,912,filterLoc,,
4425,915,filterLoc,,
4425,918,filterLoc,,
4425,921,filterLoc,,
4425,924,filterLoc,,
4425,927,filterLoc,,
4425,930,filterLoc,,
4425,933,filterLoc,,
4425,936,filterLoc,,
4425,939,filterLoc,,
4425,942,filterLoc,,
4425,945,filterLoc,,
4425,948,filterLoc,,
4425,951,filterLoc,,
4425,954,filterLoc,,
4425,957,filterLoc,,
4425,960,filterLoc,,
4425,963,filterLoc,,
4425,966,filterLoc,,
4425,969,filterLoc,,
4425,972,filterLoc,,
4425,975,filterLoc,,
4425,978,filterLoc,,
4425,981,filterLoc,,
4425,984,filterLoc,,
4425,987,filterLoc,,
4425,990,filterLoc,,
4425,993,filterLoc,,
4425,996,filterLoc,,
4425,999,filterLoc,,
4425,1002,filterLoc,,
4425,1005,filterLoc,,
4425,1008,filterLoc,,
4425,1011,filterLoc,,
4425,1014,filterLoc,,
4425,1017,filterLoc,,
4425,1020,filterLoc,,
4425,1023,filterLoc,,
4425,1026,filterLoc,,
4425,1029,filterLoc,,
4425,1032,filterLoc,,
4425,1035,filterLoc,,
4425,1038,filterLoc,,
4425,1041,filterLoc,,
4425,1044,filterLoc,,
4425,1047,filterLoc,,
4425,1050,filterLoc,,
4425,1053,filterLoc,,
4425,1056,filterLoc,,
4425,1059,filterLoc,,
4425,1062,filterLoc,,
4425,1065,filterLoc,,
4425,1068,filterLoc,,
4425,1071,filterLoc,,
4425,1074,filterLoc,,
4425,1077,filterLoc,,
4425,1080,filterLoc,,
4425,1083,filterLoc,,
4425,1086,filterLoc,,
4425,1089,filterLoc,,
4425,1092,filterLoc,,
4425,1095,filterLoc,,
4425,1098,filterLoc,,
4425,1101,filterLoc,,
4425,1104,filterLoc,,
4425,1107,filterLoc,,
4425,1110,filterLoc,,
4425,1113,filterLoc,,
4425,1116,filterLoc,,
4425,1121,helicopter,outEvac,Evacuee 442 in triage category G is not assigned a helicopter
4425,1121,helicopter,outEvac,Evacuee 445 in triage category G is not assigned a helicopter
4425,1121,helicopter,outEvac,Evacuee 448 in triage category G is not assigned a helicopter
4425,1121,helicopter,outEvac,Evacuee 454 in triage category G is not assigned a helicopter
4425,1121,helicopter,outEvac,Evacuee 455 in triage category G is not assigned a helicopter
4425,1121,helicopter,outEvac,Evacuee 463 in triage category G is not assigned a helicopter
4425,1121,helicopter,outEvac,Evacuee 464 in triage category G is not assigned a helicopter
4425,1121,helicopter,outEvac,Evacuee 465 in triage category G is not assigned a helicopter
4425,1121,helicopter,outEvac,Evacuee 468 in triage category G is not assigned a helicopter
4425,1121,helicopter,outEvac,Evacuee 471 in triage category G is not assigned a helicopter
4425,1121,helicopter,,Helicopter;2;is unloading people at the FOL;;and has;0;spots taken
4425,1123,filterLoc,,
4425,1126,filterLoc,,
4425,1129,filterLoc,,
4425,1132,filterLoc,,
4425,1135,filterLoc,,
4425,1138,filterLoc,,
4425,1141,filterLoc,,
4425,1144,filterLoc,,
4425,1147,filterLoc,,
4425,1150,filterLoc,,
4425,1153,filterLoc,,
4425,1156,filterLoc,,
4425,1163,filterLoc,,
4425,1166,filterLoc,,
4425,1169,filterLoc,,;Evacuee;465;in triage category;G;is leaving helicopter;2
4425,1172,filterLoc,,
4425,1175,filterLoc,,
4425,1178,filterLoc,,
4425,1181,filterLoc,,
4425,1184,filterLoc,,
4425,1187,filterLoc,,
4425,1190,filterLoc,,
4425,1193,filterLoc,,
4425,1196,filterLoc,,
4425,1199,filterLoc,,
4425,1202,filterLoc,,
4425,1205,filterLoc,,
4425,1208,filterLoc,,
4425,1211,filterLoc,,
4425,1214,filterLoc,,
4425,1217,filterLoc,,
4425,1220,filterLoc,,
4425,1223,filterLoc,,
4425,1226,filterLoc,,
4425,1229,filterLoc,,
4425,1232,filterLoc,,
4425,1235,filterLoc,,
4425,1238,filterLoc,,
4425,1241,filterLoc,,
4425,1244,filterLoc,,
4425,1247,filterLoc,,
4425,1250,filterLoc,,
4425,1253,filterLoc,,
4425,1256,filterLoc,,
4425,1259,filterLoc,,
4425,1262,filterLoc,,
4425,1265,filterLoc,,
4425,1268,filterLoc,,
4425,1271,filterLoc,,
4425,1274,filterLoc,,
4425,1277,filterLoc,,
4425,1280,filterLoc,,
4425,1283,filterLoc,,
4425,1286,filterLoc,,
4425,1289,filterLoc,,
4425,1292,filterLoc,,
4425,1295,filterLoc,,
4425,1298,filterLoc,,
4425,1301,filterLoc,,
4425,1304,filterLoc,,
4425,1307,filterLoc,,
4425,1310,filterLoc,,
4425,1313,filterLoc,,
4425,1316,filterLoc,,
4425,1319,filterLoc,,
4425,1322,filterLoc,,
4425,1325,filterLoc,,
4425,1328,filterLoc,,
4425,1331,filterLoc,,
4425,1334,filterLoc,,
4425,1337,filterLoc,,
4425,1340,filterLoc,,
4425,1343,filterLoc,,
4425,1346,filterLoc,,
4425,1349,filterLoc,,
4425,1352,filterLoc,,
4425,1355,filterLoc,,
4425,1358,filterLoc,,
4425,1361,filterLoc,,
4425,1364,filterLoc,,
4425,1367,filterLoc,,
4425,1370,filterLoc,,
4425,1373,filterLoc,,
4425,1376,filterLoc,,
4425,1379,filterLoc,,
4425,1382,filterLoc,,
4425,1385,filterLoc,,
4425,1388,filterLoc,,
4425,1391,filterLoc,,
4425,1394,filterLoc,,
4425,1397,filterLoc,,
4425,1400,filterLoc,,
4425,1403,filterLoc,,
4425,1406,filterLoc,,
4425,1409,filterLoc,,
4425,1412,filterLoc,,
4425,1415,filterLoc,,
4425,1418,filterLoc,,
4425,1421,filterLoc,,
4425,1424,filterLoc,,
4425,1427,filterLoc,,
4425,1430,filterLoc,,
4425,1433,filterLoc,,
4425,1436,filterLoc,,
4425,1439,filterLoc,,
4425,1442,filterLoc,,
4425,1445,filterLoc,,
4425,1448,filterLoc,,
4425,1451,filterLoc,,;Evacuee;464;in triage category;G;is leaving helicopter;2
4425,1454,filterLoc,,
4425,1457,filterLoc,,
4425,1460,filterLoc,,
4425,1463,filterLoc,,
4425,1466,filterLoc,,
4425,1469,filterLoc,,
4425,1472,filterLoc,,
4425,1475,filterLoc,,
4425,1478,filterLoc,,
4425,1481,filterLoc,,
4425,1484,filterLoc,,
4425,1487,filterLoc,,
4425,1490,filterLoc,,
4425,1493,filterLoc,,
4425,1496,filterLoc,,
4425,1499,filterLoc,,
4425,1502,filterLoc,,
4425,1505,filterLoc,,
4425,1508,filterLoc,,
4425,1511,filterLoc,,
4425,1514,filterLoc,,
4425,1517,filterLoc,,
4425,52,filterLoc,out,Evacuee 471 in triage category G is not assigned a helicopter
4425,52,filterLoc,,
4425,53,evacuee,,Evacuee;471;in triage state;G;is entering the FOL
4425,55,filterLoc,out,Evacuee 468 in triage category G is not assigned a helicopter
4425,55,filterLoc,,
4425,56,evacuee,,Evacuee;468;in triage state;G;is entering the FOL
4425,58,filterLoc,out,Evacuee 463 in triage category G is not assigned a helicopter
4425,58,filterLoc,,
4425,59,evacuee,,Evacuee;463;in triage state;G;is entering the FOL
4425,79,filterLoc,out,Evacuee 455 in triage category G is not assigned a helicopter
4425,79,filterLoc,,
4425,80,evacuee,,Evacuee;455;in triage state;G;is entering the FOL
4425,82,filterLoc,out,Evacuee 448 in triage category G is not assigned a helicopter
4425,82,filterLoc,,
4425,83,evacuee,,Evacuee;448;in triage state;G;is entering the FOL
4425,85,filterLoc,out,Evacuee 445 in triage category G is not assigned a helicopter
4425,85,filterLoc,,
4425,86,evacuee,,Evacuee;445;in triage state;G;is entering the FOL
4425,88,filterLoc,out,Evacuee 442 in triage category G is not assigned a helicopter
4425,88,filterLoc,,
4425,89,evacuee,,Evacuee;442;in triage state;G;is entering the FOL
4425,678,filterLoc,out,Evacuee 454 in triage category G is not assigned a helicopter
4425,678,filterLoc,,
4425,679,evacuee,,Evacuee;454;in triage state;G;is entering the FOL
4425,1169,filterLoc,out,Evacuee 465 in triage category G is not assigned a helicopter
4425,1169,filterLoc,,
4425,1170,evacuee,,Evacuee;465;in triage state;G;is entering the FOL
4425,1451,filterLoc,out,Evacuee 464 in triage category G is not assigned a helicopter
4425,1451,filterLoc,,
4425,1452,evacuee,,Evacuee;464;in triage state;G;is entering the FOL
4425,53,evacuee,outFOL,Evacuee 471 in triage category G is not assigned a helicopter
4425,53,evacuee,,Evacuee;471;in triage state;G;is at the FOL
4425,56,evacuee,outFOL,Evacuee 468 in triage category G is not assigned a helicopter
4425,56,evacuee,,Evacuee;468;in triage state;G;is at the FOL
4425,59,evacuee,outFOL,Evacuee 463 in triage category G is not assigned a helicopter
4425,59,evacuee,,Evacuee;463;in triage state;G;is at the FOL
4425,80,evacuee,outFOL,Evacuee 455 in triage category G is not assigned a helicopter
4425,80,evacuee,,Evacuee;455;in triage state;G;is at the FOL
4425,83,evacuee,outFOL,Evacuee 448 in triage category G is not assigned a helicopter
4425,83,evacuee,,Evacuee;448;in triage state;G;is at the FOL
4425,86,evacuee,outFOL,Evacuee 445 in triage category G is not assigned a helicopter
4425,86,evacuee,,Evacuee;445;in triage state;G;is at the FOL
4425,89,evacuee,outFOL,Evacuee 442 in triage category G is not assigned a helicopter
4425,89,evacuee,,Evacuee;442;in triage state;G;is at the FOL
4425,223,FOL,,;EvacueeID;2;Triage Status;G;EvacueeID;4;Triage Status;G;EvacueeID;9;Triage Status;G;EvacueeID;11;Triage Status;G;EvacueeID;13;Triage Status;G;EvacueeID;14;Triage Status;G;EvacueeID;18;Triage Status;G;EvacueeID;22;Triage Status;G;EvacueeID;23;Triage Status;G;EvacueeID;24;Triage Status;G;EvacueeID;25;Triage Status;G;EvacueeID;29;Triage Status;G;EvacueeID;32;Triage Status;G;EvacueeID;33;Triage Status;G;EvacueeID;34;Triage Status;G;EvacueeID;37;Triage Status;G;EvacueeID;44;Triage Status;G;EvacueeID;45;Triage Status;G;EvacueeID;48;Triage Status;G;EvacueeID;49;Triage Status;G;EvacueeID;50;Triage Status;G;EvacueeID;55;Triage Status;G;EvacueeID;58;Triage Status;G;EvacueeID;60;Triage Status;G;EvacueeID;65;Triage Status;G;EvacueeID;67;Triage Status;G;EvacueeID;71;Triage Status;G;EvacueeID;74;Triage Status;G;EvacueeID;75;Triage Status;G;EvacueeID;76;Triage Status;G;EvacueeID;81;Triage Status;G;EvacueeID;83;Triage Status;G;EvacueeID;85;Triage Status;G;EvacueeID;90;Triage Status;G;EvacueeID;92;Triage Status;G;EvacueeID;93;Triage Status;G;EvacueeID;104;Triage Status;G;EvacueeID;105;Triage Status;G;EvacueeID;106;Triage Status;G;EvacueeID;117;Triage Status;G;EvacueeID;121;Triage Status;G;EvacueeID;123;Triage Status;G;EvacueeID;127;Triage Status;G;EvacueeID;136;Triage Status;G;EvacueeID;144;Triage Status;G;EvacueeID;148;Triage Status;G;EvacueeID;152;Triage Status;G;EvacueeID;153;Triage Status;G;EvacueeID;158;Triage Status;G;EvacueeID;159;Triage Status;G;EvacueeID;161;Triage Status;G;EvacueeID;164;Triage Status;G;EvacueeID;165;Triage Status;G;EvacueeID;169;Triage Status;G;EvacueeID;170;Triage Status;G;EvacueeID;171;Triage Status;G;EvacueeID;174;Triage Status;G;EvacueeID;177;Triage Status;G;EvacueeID;181;Triage Status;G;EvacueeID;187;Triage Status;G;EvacueeID;188;Triage Status;G;EvacueeID;190;Triage Status;G;EvacueeID;192;Triage Status;G;EvacueeID;200;Triage Status;G;EvacueeID;201;Triage Status;G;EvacueeID;202;Triage Status;G;EvacueeID;209;Triage Status;G;EvacueeID;210;Triage Status;G;EvacueeID;212;Triage Status;G;EvacueeID;218;Triage Status;G;EvacueeID;224;Triage Status;G;EvacueeID;225;Triage Status;G;EvacueeID;226;Triage Status;G;EvacueeID;227;Triage Status;G;EvacueeID;235;Triage Status;G;EvacueeID;245;Triage Status;G;EvacueeID;246;Triage Status;G;EvacueeID;252;Triage Status;G;EvacueeID;254;Triage Status;G;EvacueeID;255;Triage Status;G;EvacueeID;257;Triage Status;G;EvacueeID;258;Triage Status;G;EvacueeID;263;Triage Status;G;EvacueeID;271;Triage Status;G;EvacueeID;272;Triage Status;G;EvacueeID;273;Triage Status;G;EvacueeID;274;Triage Status;G;EvacueeID;290;Triage Status;G;EvacueeID;291;Triage Status;G;EvacueeID;292;Triage Status;G;EvacueeID;301;Triage Status;G;EvacueeID;311;Triage Status;G;EvacueeID;317;Triage Status;G;EvacueeID;318;Triage Status;G;EvacueeID;319;Triage Status;G;EvacueeID;321;Triage Status;G;EvacueeID;322;Triage Status;G;EvacueeID;329;Triage Status;G;EvacueeID;332;Triage Status;G;EvacueeID;337;Triage Status;G;EvacueeID;339;Triage Status;G;EvacueeID;346;Triage Status;G;EvacueeID;348;Triage Status;G;EvacueeID;349;Triage Status;G;EvacueeID;350;Triage Status;G;EvacueeID;351;Triage Status;G;EvacueeID;353;Triage Status;G;EvacueeID;378;Triage Status;G;EvacueeID;379;Triage Status;G;EvacueeID;380;Triage Status;G;EvacueeID;381;Triage Status;G;EvacueeID;385;Triage Status;G;EvacueeID;386;Triage Status;G;EvacueeID;387;Triage Status;G;EvacueeID;388;Triage Status;G;EvacueeID;391;Triage Status;G;EvacueeID;402;Triage Status;G;EvacueeID;403;Triage Status;G;EvacueeID;404;Triage Status;G;EvacueeID;406;Triage Status;G;EvacueeID;408;Triage Status;G;EvacueeID;409;Triage Status;G;EvacueeID;412;Triage Status;G;EvacueeID;413;Triage Status;G;EvacueeID;424;Triage Status;G;EvacueeID;427;Triage Status;G;EvacueeID;431;Triage Status;G;EvacueeID;432;Triage Status;G;EvacueeID;435;Triage Status;G;EvacueeID;440;Triage Status;G;EvacueeID;442;Triage Status;G;EvacueeID;445;Triage Status;G;EvacueeID;448;Triage Status;G;EvacueeID;454;Triage Status;G;EvacueeID;455;Triage Status;G;EvacueeID;463;Triage Status;G;EvacueeID;464;Triage Status;G;EvacueeID;465;Triage Status;G;EvacueeID;468;Triage Status;G;EvacueeID;471;Triage Status;G;Lives Saved;140
4425,679,evacuee,outFOL,Evacuee 454 in triage category G is not assigned a helicopter
4425,679,evacuee,,Evacuee;454;in triage state;G;is at the FOL
4425,1170,evacuee,outFOL,Evacuee 465 in triage category G is not assigned a helicopter
4425,1170,evacuee,,Evacuee;465;in triage state;G;is at the FOL
4425,1452,evacuee,outFOL,Evacuee 464 in triage category G is not assigned a helicopter
4425,1452,evacuee,,Evacuee;464;in triage state;G;is at the FOL
4425,223,FOL,,;EvacueeID;2;Triage Status;G;EvacueeID;4;Triage Status;G;EvacueeID;9;Triage Status;G;EvacueeID;11;Triage Status;G;EvacueeID;13;Triage Status;G;EvacueeID;14;Triage Status;G;EvacueeID;18;Triage Status;G;EvacueeID;22;Triage Status;G;EvacueeID;23;Triage Status;G;EvacueeID;24;Triage Status;G;EvacueeID;25;Triage Status;G;EvacueeID;29;Triage Status;G;EvacueeID;32;Triage Status;G;EvacueeID;33;Triage Status;G;EvacueeID;34;Triage Status;G;EvacueeID;37;Triage Status;G;EvacueeID;44;Triage Status;G;EvacueeID;45;Triage Status;G;EvacueeID;48;Triage Status;G;EvacueeID;49;Triage Status;G;EvacueeID;50;Triage Status;G;EvacueeID;55;Triage Status;G;EvacueeID;58;Triage Status;G;EvacueeID;60;Triage Status;G;EvacueeID;65;Triage Status;G;EvacueeID;67;Triage Status;G;EvacueeID;71;Triage Status;G;EvacueeID;74;Triage Status;G;EvacueeID;75;Triage Status;G;EvacueeID;76;Triage Status;G;EvacueeID;81;Triage Status;G;EvacueeID;83;Triage Status;G;EvacueeID;85;Triage Status;G;EvacueeID;90;Triage Status;G;EvacueeID;92;Triage Status;G;EvacueeID;93;Triage Status;G;EvacueeID;104;Triage Status;G;EvacueeID;105;Triage Status;G;EvacueeID;106;Triage Status;G;EvacueeID;117;Triage Status;G;EvacueeID;121;Triage Status;G;EvacueeID;123;Triage Status;G;EvacueeID;127;Triage Status;G;EvacueeID;136;Triage Status;G;EvacueeID;144;Triage Status;G;EvacueeID;148;Triage Status;G;EvacueeID;152;Triage Status;G;EvacueeID;153;Triage Status;G;EvacueeID;158;Triage Status;G;EvacueeID;159;Triage Status;G;EvacueeID;161;Triage Status;G;EvacueeID;164;Triage Status;G;EvacueeID;165;Triage Status;G;EvacueeID;169;Triage Status;G;EvacueeID;170;Triage Status;G;EvacueeID;171;Triage Status;G;EvacueeID;174;Triage Status;G;EvacueeID;177;Triage Status;G;EvacueeID;181;Triage Status;G;EvacueeID;187;Triage Status;G;EvacueeID;188;Triage Status;G;EvacueeID;190;Triage Status;G;EvacueeID;192;Triage Status;G;EvacueeID;200;Triage Status;G;EvacueeID;201;Triage Status;G;EvacueeID;202;Triage Status;G;EvacueeID;209;Triage Status;G;EvacueeID;210;Triage Status;G;EvacueeID;212;Triage Status;G;EvacueeID;218;Triage Status;G;EvacueeID;224;Triage Status;G;EvacueeID;225;Triage Status;G;EvacueeID;226;Triage Status;G;EvacueeID;227;Triage Status;G;EvacueeID;235;Triage Status;G;EvacueeID;245;Triage Status;G;EvacueeID;246;Triage Status;G;EvacueeID;252;Triage Status;G;EvacueeID;254;Triage Status;G;EvacueeID;255;Triage Status;G;EvacueeID;257;Triage Status;G;EvacueeID;258;Triage Status;G;EvacueeID;263;Triage Status;G;EvacueeID;271;Triage Status;G;EvacueeID;272;Triage Status;G;EvacueeID;273;Triage Status;G;EvacueeID;274;Triage Status;G;EvacueeID;290;Triage Status;G;EvacueeID;291;Triage Status;G;EvacueeID;292;Triage Status;G;EvacueeID;301;Triage Status;G;EvacueeID;311;Triage Status;G;EvacueeID;317;Triage Status;G;EvacueeID;318;Triage Status;G;EvacueeID;319;Triage Status;G;EvacueeID;321;Triage Status;G;EvacueeID;322;Triage Status;G;EvacueeID;329;Triage Status;G;EvacueeID;332;Triage Status;G;EvacueeID;337;Triage Status;G;EvacueeID;339;Triage Status;G;EvacueeID;346;Triage Status;G;EvacueeID;348;Triage Status;G;EvacueeID;349;Triage Status;G;EvacueeID;350;Triage Status;G;EvacueeID;351;Triage Status;G;EvacueeID;353;Triage Status;G;EvacueeID;378;Triage Status;G;EvacueeID;379;Triage Status;G;EvacueeID;380;Triage Status;G;EvacueeID;381;Triage Status;G;EvacueeID;385;Triage Status;G;EvacueeID;386;Triage Status;G;EvacueeID;387;Triage Status;G;EvacueeID;388;Triage Status;G;EvacueeID;391;Triage Status;G;EvacueeID;402;Triage Status;G;EvacueeID;403;Triage Status;G;EvacueeID;404;Triage Status;G;EvacueeID;406;Triage Status;G;EvacueeID;408;Triage Status;G;EvacueeID;409;Triage Status;G;EvacueeID;412;Triage Status;G;EvacueeID;413;Triage Status;G;EvacueeID;424;Triage Status;G;EvacueeID;427;Triage Status;G;EvacueeID;431;Triage Status;G;EvacueeID;432;Triage Status;G;EvacueeID;435;Triage Status;G;EvacueeID;440;Triage Status;G;EvacueeID;442;Triage Status;G;EvacueeID;445;Triage Status;G;EvacueeID;448;Triage Status;G;EvacueeID;454;Triage Status;G;EvacueeID;455;Triage Status;G;EvacueeID;463;Triage Status;G;EvacueeID;464;Triage Status;G;EvacueeID;465;Triage Status;G;EvacueeID;468;Triage Status;G;EvacueeID;471;Triage Status;G;Lives Saved;140
4440,1121,helicopter,,Helicopter;2;Is going to the evacuation site;;and has;0;spots taken
4473.23,3,evacueeManager,,OFF SHIP: White;0;Green;0;Yellow;8;Red;1;Black;348;ON SHIP: White;0;Green;0;Yellow;0;Red;0;Evacuees to Transfer;
4473.23,1368,evacuee,outES,Evacuee 450 in triage category Y is not assigned a helicopter
4473.23,1368,evacuee,,Evacuee;450;in triage state;R;is at the evacuation site
4485,7,filterLoc,,
4485,10,filterLoc,,
4485,13,filterLoc,,
4485,16,filterLoc,,
4485,19,filterLoc,,
4485,22,filterLoc,,
4485,25,filterLoc,,
4485,28,filterLoc,,
4485,31,filterLoc,,
4485,34,filterLoc,,
4485,37,filterLoc,,
4485,40,filterLoc,,
4485,43,filterLoc,,
4485,46,filterLoc,,
4485,49,filterLoc,,
4485,52,filterLoc,,
4485,55,filterLoc,,
4485,58,filterLoc,,
4485,61,filterLoc,,
4485,64,filterLoc,,
4485,67,filterLoc,,
4485,70,filterLoc,,
4485,73,filterLoc,,
4485,76,filterLoc,,
4485,79,filterLoc,,
4485,82,filterLoc,,
4485,85,filterLoc,,
4485,88,filterLoc,,
4485,91,filterLoc,,
4485,94,filterLoc,,
4485,97,filterLoc,,
4485,100,filterLoc,,
4485,105,helicopter,outEvac,Evacuee 193 in triage category Y is not assigned a helicopter
4485,105,helicopter,outEvac,Evacuee 357 in triage category R is not assigned a helicopter
4485,105,helicopter,outEvac,Evacuee 392 in triage category Y is not assigned a helicopter
4485,105,helicopter,,Helicopter;3;is unloading people at the FOL;;and has;0;spots taken
4485,107,filterLoc,,
4485,110,filterLoc,,
4485,113,filterLoc,,
4485,116,filterLoc,,
4485,119,filterLoc,,
4485,122,filterLoc,,
4485,125,filterLoc,,
4485,128,filterLoc,,
4485,131,filterLoc,,
4485,134,filterLoc,,
4485,137,filterLoc,,
4485,140,filterLoc,,
4485,143,filterLoc,,
4485,146,filterLoc,,
4485,149,filterLoc,,
4485,152,filterLoc,,
4485,155,filterLoc,,
4485,158,filterLoc,,
4485,161,filterLoc,,
4485,164,filterLoc,,
4485,167,filterLoc,,
4485,170,filterLoc,,
4485,173,filterLoc,,;Evacuee;392;in triage category;Y;is leaving helicopter;3
4485,176,filterLoc,,
4485,179,filterLoc,,
4485,182,filterLoc,,
4485,185,filterLoc,,
4485,188,filterLoc,,
4485,191,filterLoc,,
4485,194,filterLoc,,
4485,197,filterLoc,,
4485,200,filterLoc,,
4485,203,filterLoc,,
4485,206,filterLoc,,
4485,209,filterLoc,,
4485,212,filterLoc,,
4485,215,filterLoc,,
4485,218,filterLoc,,
4485,221,filterLoc,,
4485,225,filterLoc,,
4485,228,filterLoc,,
4485,231,filterLoc,,
4485,234,filterLoc,,
4485,237,filterLoc,,
4485,240,filterLoc,,
4485,243,filterLoc,,
4485,246,filterLoc,,;Evacuee;357;in triage category;R;is leaving helicopter;3
4485,249,filterLoc,,
4485,252,filterLoc,,
4485,255,filterLoc,,
4485,258,filterLoc,,
4485,261,filterLoc,,
4485,264,filterLoc,,
4485,267,filterLoc,,
4485,270,filterLoc,,
4485,273,filterLoc,,
4485,276,filterLoc,,
4485,279,filterLoc,,
4485,282,filterLoc,,
4485,285,filterLoc,,
4485,288,filterLoc,,
4485,291,filterLoc,,
4485,294,filterLoc,,
4485,297,filterLoc,,
4485,300,filterLoc,,
4485,303,filterLoc,,
4485,306,filterLoc,,
4485,309,filterLoc,,
4485,312,filterLoc,,
4485,315,filterLoc,,
4485,318,filterLoc,,
4485,321,filterLoc,,
4485,324,filterLoc,,
4485,327,filterLoc,,
4485,330,filterLoc,,
4485,333,filterLoc,,
4485,336,filterLoc,,
4485,339,filterLoc,,
4485,342,filterLoc,,
4485,345,filterLoc,,
4485,348,filterLoc,,
4485,351,filterLoc,,
4485,354,filterLoc,,
4485,357,filterLoc,,
4485,360,filterLoc,,
4485,363,filterLoc,,
4485,366,filterLoc,,
4485,369,filterLoc,,
4485,372,filterLoc,,
4485,375,filterLoc,,
4485,378,filterLoc,,
4485,381,filterLoc,,
4485,384,filterLoc,,
4485,387,filterLoc,,
4485,390,filterLoc,,
4485,393,filterLoc,,
4485,396,filterLoc,,
4485,399,filterLoc,,
4485,402,filterLoc,,
4485,405,filterLoc,,
4485,408,filterLoc,,
4485,411,filterLoc,,
4485,414,filterLoc,,
4485,417,filterLoc,,
4485,420,filterLoc,,
4485,423,filterLoc,,
4485,426,filterLoc,,
4485,429,filterLoc,,
4485,432,filterLoc,,
4485,435,filterLoc,,
4485,438,filterLoc,,
4485,441,filterLoc,,
4485,444,filterLoc,,
4485,447,filterLoc,,
4485,450,filterLoc,,
4485,453,filterLoc,,
4485,456,filterLoc,,
4485,459,filterLoc,,
4485,462,filterLoc,,
4485,465,filterLoc,,
4485,468,filterLoc,,
4485,471,filterLoc,,
4485,474,filterLoc,,
4485,477,filterLoc,,
4485,480,filterLoc,,
4485,483,filterLoc,,
4485,486,filterLoc,,
4485,489,filterLoc,,
4485,492,filterLoc,,
4485,495,filterLoc,,
4485,498,filterLoc,,
4485,501,filterLoc,,
4485,504,filterLoc,,
4485,507,filterLoc,,
4485,510,filterLoc,,
4485,513,filterLoc,,
4485,516,filterLoc,,
4485,519,filterLoc,,
4485,522,filterLoc,,
4485,525,filterLoc,,
4485,528,filterLoc,,
4485,531,filterLoc,,
4485,534,filterLoc,,
4485,537,filterLoc,,
4485,540,filterLoc,,
4485,543,filterLoc,,
4485,546,filterLoc,,
4485,549,filterLoc,,
4485,552,filterLoc,,
4485,555,filterLoc,,
4485,558,filterLoc,,
4485,561,filterLoc,,
4485,564,filterLoc,,
4485,567,filterLoc,,
4485,570,filterLoc,,
4485,573,filterLoc,,
4485,576,filterLoc,,
4485,579,filterLoc,,
4485,582,filterLoc,,
4485,585,filterLoc,,
4485,588,filterLoc,,
4485,591,filterLoc,,
4485,594,filterLoc,,
4485,597,filterLoc,,
4485,600,filterLoc,,
4485,603,filterLoc,,
4485,606,filterLoc,,
4485,609,filterLoc,,
4485,612,filterLoc,,
4485,615,filterLoc,,
4485,618,filterLoc,,
4485,621,filterLoc,,
4485,624,filterLoc,,
4485,627,filterLoc,,
4485,630,filterLoc,,
4485,633,filterLoc,,
4485,636,filterLoc,,
4485,639,filterLoc,,
4485,642,filterLoc,,
4485,645,filterLoc,,
4485,648,filterLoc,,
4485,651,filterLoc,,
4485,654,filterLoc,,
4485,657,filterLoc,,
4485,660,filterLoc,,
4485,663,filterLoc,,
4485,666,filterLoc,,
4485,669,filterLoc,,
4485,672,filterLoc,,
4485,675,filterLoc,,
4485,678,filterLoc,,
4485,681,filterLoc,,
4485,684,filterLoc,,
4485,687,filterLoc,,
4485,690,filterLoc,,
4485,693,filterLoc,,
4485,696,filterLoc,,
4485,699,filterLoc,,
4485,702,filterLoc,,
4485,705,filterLoc,,
4485,708,filterLoc,,
4485,711,filterLoc,,
4485,714,filterLoc,,
4485,717,filterLoc,,
4485,720,filterLoc,,
4485,723,filterLoc,,
4485,726,filterLoc,,
4485,729,filterLoc,,
4485,732,filterLoc,,
4485,735,filterLoc,,
4485,738,filterLoc,,
4485,741,filterLoc,,
4485,744,filterLoc,,
4485,747,filterLoc,,
4485,750,filterLoc,,
4485,753,filterLoc,,
4485,756,filterLoc,,
4485,759,filterLoc,,
4485,762,filterLoc,,
4485,765,filterLoc,,
4485,768,filterLoc,,
4485,771,filterLoc,,
4485,774,filterLoc,,
4485,777,filterLoc,,
4485,780,filterLoc,,
4485,783,filterLoc,,
4485,786,filterLoc,,
4485,789,filterLoc,,
4485,792,filterLoc,,
4485,795,filterLoc,,
4485,798,filterLoc,,
4485,801,filterLoc,,
4485,804,filterLoc,,
4485,807,filterLoc,,
4485,810,filterLoc,,
4485,813,filterLoc,,
4485,816,filterLoc,,
4485,819,filterLoc,,
4485,822,filterLoc,,
4485,825,filterLoc,,
4485,828,filterLoc,,
4485,831,filterLoc,,
4485,834,filterLoc,,
4485,837,filterLoc,,
4485,840,filterLoc,,
4485,843,filterLoc,,
4485,846,filterLoc,,
4485,849,filterLoc,,
4485,852,filterLoc,,
4485,855,filterLoc,,
4485,858,filterLoc,,
4485,861,filterLoc,,
4485,864,filterLoc,,
4485,867,filterLoc,,
4485,870,filterLoc,,
4485,873,filterLoc,,
4485,876,filterLoc,,
4485,879,filterLoc,,
4485,882,filterLoc,,
4485,885,filterLoc,,
4485,888,filterLoc,,
4485,891,filterLoc,,
4485,894,filterLoc,,
4485,897,filterLoc,,
4485,900,filterLoc,,
4485,903,filterLoc,,
4485,906,filterLoc,,
4485,909,filterLoc,,
4485,912,filterLoc,,
4485,915,filterLoc,,
4485,918,filterLoc,,
4485,921,filterLoc,,
4485,924,filterLoc,,
4485,927,filterLoc,,
4485,930,filterLoc,,
4485,933,filterLoc,,
4485,936,filterLoc,,
4485,939,filterLoc,,
4485,942,filterLoc,,
4485,945,filterLoc,,
4485,948,filterLoc,,
4485,951,filterLoc,,
4485,954,filterLoc,,
4485,957,filterLoc,,
4485,960,filterLoc,,
4485,963,filterLoc,,
4485,966,filterLoc,,
4485,969,filterLoc,,
4485,972,filterLoc,,
4485,975,filterLoc,,
4485,978,filterLoc,,
4485,981,filterLoc,,
4485,984,filterLoc,,
4485,987,filterLoc,,
4485,990,filterLoc,,
4485,993,filterLoc,,
4485,996,filterLoc,,
4485,999,filterLoc,,
4485,1002,filterLoc,,
4485,1005,filterLoc,,
4485,1008,filterLoc,,
4485,1011,filterLoc,,
4485,1014,filterLoc,,
4485,1017,filterLoc,,
4485,1020,filterLoc,,
4485,1023,filterLoc,,
4485,1026,filterLoc,,
4485,1029,filterLoc,,
4485,1032,filterLoc,,
4485,1035,filterLoc,,
4485,1038,filterLoc,,
4485,1041,filterLoc,,
4485,1044,filterLoc,,
4485,1047,filterLoc,,
4485,1050,filterLoc,,
4485,1053,filterLoc,,
4485,1056,filterLoc,,
4485,1059,filterLoc,,
4485,1062,filterLoc,,
4485,1065,filterLoc,,
4485,1068,filterLoc,,
4485,1071,filterLoc,,
4485,1074,filterLoc,,
4485,1077,filterLoc,,
4485,1080,filterLoc,,
4485,1083,filterLoc,,
4485,1086,filterLoc,,
4485,1089,filterLoc,,
4485,1092,filterLoc,,
4485,1095,filterLoc,,
4485,1098,filterLoc,,
4485,1101,filterLoc,,
4485,1104,filterLoc,,
4485,1107,filterLoc,,
4485,1110,filterLoc,,
4485,1113,filterLoc,,
4485,1116,filterLoc,,
4485,1123,filterLoc,,
4485,1126,filterLoc,,
4485,1129,filterLoc,,
4485,1132,filterLoc,,
4485,1135,filterLoc,,
4485,1138,filterLoc,,
4485,1141,filterLoc,,
4485,1144,filterLoc,,
4485,1147,filterLoc,,
4485,1150,filterLoc,,
4485,1153,filterLoc,,
4485,1156,filterLoc,,
4485,1163,filterLoc,,
4485,1166,filterLoc,,
4485,1169,filterLoc,,
4485,1172,filterLoc,,
4485,1175,filterLoc,,
4485,1178,filterLoc,,
4485,1181,filterLoc,,
4485,1184,filterLoc,,
4485,1187,filterLoc,,
4485,1190,filterLoc,,
4485,1193,filterLoc,,
4485,1196,filterLoc,,
4485,1199,filterLoc,,
4485,1202,filterLoc,,
4485,1205,filterLoc,,
4485,1208,filterLoc,,
4485,1211,filterLoc,,
4485,1214,filterLoc,,
4485,1217,filterLoc,,
4485,1220,filterLoc,,
4485,1223,filterLoc,,
4485,1226,filterLoc,,
4485,1229,filterLoc,,
4485,1232,filterLoc,,
4485,1235,filterLoc,,
4485,1238,filterLoc,,
4485,1241,filterLoc,,
4485,1244,filterLoc,,
4485,1247,filterLoc,,
4485,1250,filterLoc,,
4485,1253,filterLoc,,
4485,1256,filterLoc,,
4485,1259,filterLoc,,
4485,1262,filterLoc,,
4485,1265,filterLoc,,
4485,1268,filterLoc,,
4485,1271,filterLoc,,
4485,1274,filterLoc,,
4485,1277,filterLoc,,
4485,1280,filterLoc,,
4485,1283,filterLoc,,
4485,1286,filterLoc,,
4485,1289,filterLoc,,
4485,1292,filterLoc,,
4485,1295,filterLoc,,
4485,1298,filterLoc,,
4485,1301,filterLoc,,
4485,1304,filterLoc,,
4485,1307,filterLoc,,
4485,1310,filterLoc,,
4485,1313,filterLoc,,
4485,1316,filterLoc,,
4485,1319,filterLoc,,
4485,1322,filterLoc,,
4485,1325,filterLoc,,
4485,1328,filterLoc,,
4485,1331,filterLoc,,
4485,1334,filterLoc,,
4485,1337,filterLoc,,
4485,1340,filterLoc,,
4485,1343,filterLoc,,
4485,1346,filterLoc,,
4485,1349,filterLoc,,
4485,1352,filterLoc,,
4485,1355,filterLoc,,;Evacuee;193;in triage category;Y;is leaving helicopter;3
4485,1358,filterLoc,,
4485,1361,filterLoc,,
4485,1364,filterLoc,,
4485,1367,filterLoc,,
4485,1370,filterLoc,,
4485,1373,filterLoc,,
4485,1376,filterLoc,,
4485,1379,filterLoc,,
4485,1382,filterLoc,,
4485,1385,filterLoc,,
4485,1388,filterLoc,,
4485,1391,filterLoc,,
4485,1394,filterLoc,,
4485,1397,filterLoc,,
4485,1400,filterLoc,,
4485,1403,filterLoc,,
4485,1406,filterLoc,,
4485,1409,filterLoc,,
4485,1412,filterLoc,,
4485,1415,filterLoc,,
4485,1418,filterLoc,,
4485,1421,filterLoc,,
4485,1424,filterLoc,,
4485,1427,filterLoc,,
4485,1430,filterLoc,,
4485,1433,filterLoc,,
4485,1436,filterLoc,,
4485,1439,filterLoc,,
4485,1442,filterLoc,,
4485,1445,filterLoc,,
4485,1448,filterLoc,,
4485,1451,filterLoc,,
4485,1454,filterLoc,,
4485,1457,filterLoc,,
4485,1460,filterLoc,,
4485,1463,filterLoc,,
4485,1466,filterLoc,,
4485,1469,filterLoc,,
4485,1472,filterLoc,,
4485,1475,filterLoc,,
4485,1478,filterLoc,,
4485,1481,filterLoc,,
4485,1484,filterLoc,,
4485,1487,filterLoc,,
4485,1490,filterLoc,,
4485,1493,filterLoc,,
4485,1496,filterLoc,,
4485,1499,filterLoc,,
4485,1502,filterLoc,,
4485,1505,filterLoc,,
4485,1508,filterLoc,,
4485,1511,filterLoc,,
4485,1514,filterLoc,,
4485,1517,filterLoc,,
4485,173,filterLoc,out,Evacuee 392 in triage category Y is not assigned a helicopter
4485,173,filterLoc,,
4485,174,evacuee,,Evacuee;392;in triage state;Y;is entering the FOL
4485,246,filterLoc,out,Evacuee 357 in triage category R is not assigned a helicopter
4485,246,filterLoc,,
4485,247,evacuee,,Evacuee;357;in triage state;R;is entering the FOL
4485,1355,filterLoc,out,Evacuee 193 in triage category Y is not assigned a helicopter
4485,1355,filterLoc,,
4485,1356,evacuee,,Evacuee;193;in triage state;Y;is entering the FOL
4485,174,evacuee,outFOL,Evacuee 392 in triage category Y is not assigned a helicopter
4485,174,evacuee,,Evacuee;392;in triage state;Y;is at the FOL
4485,223,FOL,,;EvacueeID;2;Triage Status;G;EvacueeID;4;Triage Status;G;EvacueeID;9;Triage Status;G;EvacueeID;11;Triage Status;G;EvacueeID;13;Triage Status;G;EvacueeID;14;Triage Status;G;EvacueeID;18;Triage Status;G;EvacueeID;22;Triage Status;G;EvacueeID;23;Triage Status;G;EvacueeID;24;Triage Status;G;EvacueeID;25;Triage Status;G;EvacueeID;29;Triage Status;G;EvacueeID;32;Triage Status;G;EvacueeID;33;Triage Status;G;EvacueeID;34;Triage Status;G;EvacueeID;37;Triage Status;G;EvacueeID;44;Triage Status;G;EvacueeID;45;Triage Status;G;EvacueeID;48;Triage Status;G;EvacueeID;49;Triage Status;G;EvacueeID;50;Triage Status;G;EvacueeID;55;Triage Status;G;EvacueeID;58;Triage Status;G;EvacueeID;60;Triage Status;G;EvacueeID;65;Triage Status;G;EvacueeID;67;Triage Status;G;EvacueeID;71;Triage Status;G;EvacueeID;74;Triage Status;G;EvacueeID;75;Triage Status;G;EvacueeID;76;Triage Status;G;EvacueeID;81;Triage Status;G;EvacueeID;83;Triage Status;G;EvacueeID;85;Triage Status;G;EvacueeID;90;Triage Status;G;EvacueeID;92;Triage Status;G;EvacueeID;93;Triage Status;G;EvacueeID;104;Triage Status;G;EvacueeID;105;Triage Status;G;EvacueeID;106;Triage Status;G;EvacueeID;117;Triage Status;G;EvacueeID;121;Triage Status;G;EvacueeID;123;Triage Status;G;EvacueeID;127;Triage Status;G;EvacueeID;136;Triage Status;G;EvacueeID;144;Triage Status;G;EvacueeID;148;Triage Status;G;EvacueeID;152;Triage Status;G;EvacueeID;153;Triage Status;G;EvacueeID;158;Triage Status;G;EvacueeID;159;Triage Status;G;EvacueeID;161;Triage Status;G;EvacueeID;164;Triage Status;G;EvacueeID;165;Triage Status;G;EvacueeID;169;Triage Status;G;EvacueeID;170;Triage Status;G;EvacueeID;171;Triage Status;G;EvacueeID;174;Triage Status;G;EvacueeID;177;Triage Status;G;EvacueeID;181;Triage Status;G;EvacueeID;187;Triage Status;G;EvacueeID;188;Triage Status;G;EvacueeID;190;Triage Status;G;EvacueeID;192;Triage Status;G;EvacueeID;200;Triage Status;G;EvacueeID;201;Triage Status;G;EvacueeID;202;Triage Status;G;EvacueeID;209;Triage Status;G;EvacueeID;210;Triage Status;G;EvacueeID;212;Triage Status;G;EvacueeID;218;Triage Status;G;EvacueeID;224;Triage Status;G;EvacueeID;225;Triage Status;G;EvacueeID;226;Triage Status;G;EvacueeID;227;Triage Status;G;EvacueeID;235;Triage Status;G;EvacueeID;245;Triage Status;G;EvacueeID;246;Triage Status;G;EvacueeID;252;Triage Status;G;EvacueeID;254;Triage Status;G;EvacueeID;255;Triage Status;G;EvacueeID;257;Triage Status;G;EvacueeID;258;Triage Status;G;EvacueeID;263;Triage Status;G;EvacueeID;271;Triage Status;G;EvacueeID;272;Triage Status;G;EvacueeID;273;Triage Status;G;EvacueeID;274;Triage Status;G;EvacueeID;290;Triage Status;G;EvacueeID;291;Triage Status;G;EvacueeID;292;Triage Status;G;EvacueeID;301;Triage Status;G;EvacueeID;311;Triage Status;G;EvacueeID;317;Triage Status;G;EvacueeID;318;Triage Status;G;EvacueeID;319;Triage Status;G;EvacueeID;321;Triage Status;G;EvacueeID;322;Triage Status;G;EvacueeID;329;Triage Status;G;EvacueeID;332;Triage Status;G;EvacueeID;337;Triage Status;G;EvacueeID;339;Triage Status;G;EvacueeID;346;Triage Status;G;EvacueeID;348;Triage Status;G;EvacueeID;349;Triage Status;G;EvacueeID;350;Triage Status;G;EvacueeID;351;Triage Status;G;EvacueeID;353;Triage Status;G;EvacueeID;378;Triage Status;G;EvacueeID;379;Triage Status;G;EvacueeID;380;Triage Status;G;EvacueeID;381;Triage Status;G;EvacueeID;385;Triage Status;G;EvacueeID;386;Triage Status;G;EvacueeID;387;Triage Status;G;EvacueeID;388;Triage Status;G;EvacueeID;391;Triage Status;G;EvacueeID;402;Triage Status;G;EvacueeID;403;Triage Status;G;EvacueeID;404;Triage Status;G;EvacueeID;406;Triage Status;G;EvacueeID;408;Triage Status;G;EvacueeID;409;Triage Status;G;EvacueeID;412;Triage Status;G;EvacueeID;413;Triage Status;G;EvacueeID;424;Triage Status;G;EvacueeID;427;Triage Status;G;EvacueeID;431;Triage Status;G;EvacueeID;432;Triage Status;G;EvacueeID;435;Triage Status;G;EvacueeID;440;Triage Status;G;EvacueeID;442;Triage Status;G;EvacueeID;445;Triage Status;G;EvacueeID;448;Triage Status;G;EvacueeID;454;Triage Status;G;EvacueeID;455;Triage Status;G;EvacueeID;463;Triage Status;G;EvacueeID;464;Triage Status;G;EvacueeID;465;Triage Status;G;EvacueeID;468;Triage Status;G;EvacueeID;471;Triage Status;G;EvacueeID;193;Triage Status;Y;EvacueeID;357;Triage Status;R;EvacueeID;392;Triage Status;Y;Lives Saved;143
4485,247,evacuee,outFOL,Evacuee 357 in triage category R is not assigned a helicopter
4485,247,evacuee,,Evacuee;357;in triage state;R;is at the FOL
4485,1356,evacuee,outFOL,Evacuee 193 in triage category Y is not assigned a helicopter
4485,1356,evacuee,,Evacuee;193;in triage state;Y;is at the FOL
4485,223,FOL,,;EvacueeID;2;Triage Status;G;EvacueeID;4;Triage Status;G;EvacueeID;9;Triage Status;G;EvacueeID;11;Triage Status;G;EvacueeID;13;Triage Status;G;EvacueeID;14;Triage Status;G;EvacueeID;18;Triage Status;G;EvacueeID;22;Triage Status;G;EvacueeID;23;Triage Status;G;EvacueeID;24;Triage Status;G;EvacueeID;25;Triage Status;G;EvacueeID;29;Triage Status;G;EvacueeID;32;Triage Status;G;EvacueeID;33;Triage Status;G;EvacueeID;34;Triage Status;G;EvacueeID;37;Triage Status;G;EvacueeID;44;Triage Status;G;EvacueeID;45;Triage Status;G;EvacueeID;48;Triage Status;G;EvacueeID;49;Triage Status;G;EvacueeID;50;Triage Status;G;EvacueeID;55;Triage Status;G;EvacueeID;58;Triage Status;G;EvacueeID;60;Triage Status;G;EvacueeID;65;Triage Status;G;EvacueeID;67;Triage Status;G;EvacueeID;71;Triage Status;G;EvacueeID;74;Triage Status;G;EvacueeID;75;Triage Status;G;EvacueeID;76;Triage Status;G;EvacueeID;81;Triage Status;G;EvacueeID;83;Triage Status;G;EvacueeID;85;Triage Status;G;EvacueeID;90;Triage Status;G;EvacueeID;92;Triage Status;G;EvacueeID;93;Triage Status;G;EvacueeID;104;Triage Status;G;EvacueeID;105;Triage Status;G;EvacueeID;106;Triage Status;G;EvacueeID;117;Triage Status;G;EvacueeID;121;Triage Status;G;EvacueeID;123;Triage Status;G;EvacueeID;127;Triage Status;G;EvacueeID;136;Triage Status;G;EvacueeID;144;Triage Status;G;EvacueeID;148;Triage Status;G;EvacueeID;152;Triage Status;G;EvacueeID;153;Triage Status;G;EvacueeID;158;Triage Status;G;EvacueeID;159;Triage Status;G;EvacueeID;161;Triage Status;G;EvacueeID;164;Triage Status;G;EvacueeID;165;Triage Status;G;EvacueeID;169;Triage Status;G;EvacueeID;170;Triage Status;G;EvacueeID;171;Triage Status;G;EvacueeID;174;Triage Status;G;EvacueeID;177;Triage Status;G;EvacueeID;181;Triage Status;G;EvacueeID;187;Triage Status;G;EvacueeID;188;Triage Status;G;EvacueeID;190;Triage Status;G;EvacueeID;192;Triage Status;G;EvacueeID;200;Triage Status;G;EvacueeID;201;Triage Status;G;EvacueeID;202;Triage Status;G;EvacueeID;209;Triage Status;G;EvacueeID;210;Triage Status;G;EvacueeID;212;Triage Status;G;EvacueeID;218;Triage Status;G;EvacueeID;224;Triage Status;G;EvacueeID;225;Triage Status;G;EvacueeID;226;Triage Status;G;EvacueeID;227;Triage Status;G;EvacueeID;235;Triage Status;G;EvacueeID;245;Triage Status;G;EvacueeID;246;Triage Status;G;EvacueeID;252;Triage Status;G;EvacueeID;254;Triage Status;G;EvacueeID;255;Triage Status;G;EvacueeID;257;Triage Status;G;EvacueeID;258;Triage Status;G;EvacueeID;263;Triage Status;G;EvacueeID;271;Triage Status;G;EvacueeID;272;Triage Status;G;EvacueeID;273;Triage Status;G;EvacueeID;274;Triage Status;G;EvacueeID;290;Triage Status;G;EvacueeID;291;Triage Status;G;EvacueeID;292;Triage Status;G;EvacueeID;301;Triage Status;G;EvacueeID;311;Triage Status;G;EvacueeID;317;Triage Status;G;EvacueeID;318;Triage Status;G;EvacueeID;319;Triage Status;G;EvacueeID;321;Triage Status;G;EvacueeID;322;Triage Status;G;EvacueeID;329;Triage Status;G;EvacueeID;332;Triage Status;G;EvacueeID;337;Triage Status;G;EvacueeID;339;Triage Status;G;EvacueeID;346;Triage Status;G;EvacueeID;348;Triage Status;G;EvacueeID;349;Triage Status;G;EvacueeID;350;Triage Status;G;EvacueeID;351;Triage Status;G;EvacueeID;353;Triage Status;G;EvacueeID;378;Triage Status;G;EvacueeID;379;Triage Status;G;EvacueeID;380;Triage Status;G;EvacueeID;381;Triage Status;G;EvacueeID;385;Triage Status;G;EvacueeID;386;Triage Status;G;EvacueeID;387;Triage Status;G;EvacueeID;388;Triage Status;G;EvacueeID;391;Triage Status;G;EvacueeID;402;Triage Status;G;EvacueeID;403;Triage Status;G;EvacueeID;404;Triage Status;G;EvacueeID;406;Triage Status;G;EvacueeID;408;Triage Status;G;EvacueeID;409;Triage Status;G;EvacueeID;412;Triage Status;G;EvacueeID;413;Triage Status;G;EvacueeID;424;Triage Status;G;EvacueeID;427;Triage Status;G;EvacueeID;431;Triage Status;G;EvacueeID;432;Triage Status;G;EvacueeID;435;Triage Status;G;EvacueeID;440;Triage Status;G;EvacueeID;442;Triage Status;G;EvacueeID;445;Triage Status;G;EvacueeID;448;Triage Status;G;EvacueeID;454;Triage Status;G;EvacueeID;455;Triage Status;G;EvacueeID;463;Triage Status;G;EvacueeID;464;Triage Status;G;EvacueeID;465;Triage Status;G;EvacueeID;468;Triage Status;G;EvacueeID;471;Triage Status;G;EvacueeID;193;Triage Status;Y;EvacueeID;357;Triage Status;R;EvacueeID;392;Triage Status;Y;Lives Saved;143
4500,105,helicopter,,Helicopter;3;Is going to the evacuation site;;and has;0;spots taken
4511.94,3,evacueeManager,,OFF SHIP: White;0;Green;0;Yellow;8;Red;0;Black;349;ON SHIP: White;0;Green;0;Yellow;0;Red;0;Evacuees to Transfer;
4511.94,1368,evacuee,outES,Evacuee 450 in triage category R is not assigned a helicopter
4511.94,1368,evacuee,,Evacuee;450;in triage state;B;is at the evacuation site
4530,5,helicopterQueue,,1;Helos are waiting to land;HeloID;1
4530,1161,helicopter,outES,Helicopter 1 is evacuating people1
4530,1161,helicopter,,Helicopter;1;is waiting to land at the evacuation site;;and has;0;spots taken
4530,4,helipadManager,,;No helos are at ES
4530,5,helicopterQueue,outHM,Helicopter 1 is evacuating people1
4530,5,helicopterQueue,outHelo,Helicopter 1 is evacuating people1
4530,5,helicopterQueue,,;No helos are waiting to land
4530,104,filterES,,
4530,1120,filterES,,
4530,1160,filterES,,Helicopter;1;is evacuating people
4530,3,evacueeManager,,OFF SHIP: White;0;Green;0;Yellow;5;Red;0;Black;349;ON SHIP: White;0;Green;0;Yellow;0;Red;0;Evacuees to Transfer;;EvacueeID;278;HeloID;1;OnShip;0;Triage Status;Y;EvacueeID;147;HeloID;1;OnShip;0;Triage Status;Y;EvacueeID;231;HeloID;1;OnShip;0;Triage Status;Y
4530,4,helipadManager,outEM,Helicopter 1 is evacuating people1
4530,4,helipadManager,,Helo;1;is at the ES
4530,1160,filterES,out,Helicopter 1 is evacuating people1
4530,1160,filterES,,
4530,1161,helicopter,,Helicopter;1;is waiting to land at the evacuation site;;and has;0;spots taken
4530,3,evacueeManager,outEvac,Evacuee 278 in triage category Y is assigned helicopter 1
4530,3,evacueeManager,outEvac,Evacuee 147 in triage category Y is assigned helicopter 1
4530,3,evacueeManager,outEvac,Evacuee 231 in triage category Y is assigned helicopter 1
4530,3,evacueeManager,,OFF SHIP: White;0;Green;0;Yellow;5;Red;0;Black;349;ON SHIP: White;0;Green;0;Yellow;0;Red;0;Evacuees to Transfer;
4530,7,filterLoc,,
4530,10,filterLoc,,
4530,13,filterLoc,,
4530,16,filterLoc,,
4530,19,filterLoc,,
4530,22,filterLoc,,
4530,25,filterLoc,,
4530,28,filterLoc,,
4530,31,filterLoc,,
4530,34,filterLoc,,
4530,37,filterLoc,,
4530,40,filterLoc,,
4530,43,filterLoc,,
4530,46,filterLoc,,
4530,49,filterLoc,,
4530,52,filterLoc,,
4530,55,filterLoc,,
4530,58,filterLoc,,
4530,61,filterLoc,,
4530,64,filterLoc,,
4530,67,filterLoc,,
4530,70,filterLoc,,
4530,73,filterLoc,,
4530,76,filterLoc,,
4530,79,filterLoc,,
4530,82,filterLoc,,
4530,85,filterLoc,,
4530,88,filterLoc,,
4530,91,filterLoc,,
4530,94,filterLoc,,
4530,97,filterLoc,,
4530,100,filterLoc,,
4530,107,filterLoc,,
4530,110,filterLoc,,
4530,113,filterLoc,,
4530,116,filterLoc,,
4530,119,filterLoc,,
4530,122,filterLoc,,
4530,125,filterLoc,,
4530,128,filterLoc,,
4530,131,filterLoc,,
4530,134,filterLoc,,
4530,137,filterLoc,,
4530,140,filterLoc,,
4530,143,filterLoc,,
4530,146,filterLoc,,
4530,149,filterLoc,,
4530,152,filterLoc,,
4530,155,filterLoc,,
4530,158,filterLoc,,
4530,161,filterLoc,,
4530,164,filterLoc,,
4530,167,filterLoc,,
4530,170,filterLoc,,
4530,173,filterLoc,,
4530,176,filterLoc,,
4530,179,filterLoc,,
4530,182,filterLoc,,
4530,185,filterLoc,,
4530,188,filterLoc,,
4530,191,filterLoc,,
4530,194,filterLoc,,
4530,197,filterLoc,,
4530,200,filterLoc,,
4530,203,filterLoc,,
4530,206,filterLoc,,
4530,209,filterLoc,,
4530,212,filterLoc,,
4530,215,filterLoc,,
4530,218,filterLoc,,
4530,221,filterLoc,,
4530,225,filterLoc,,
4530,228,filterLoc,,
4530,231,filterLoc,,
4530,234,filterLoc,,
4530,237,filterLoc,,
4530,240,filterLoc,,
4530,243,filterLoc,,
4530,246,filterLoc,,
4530,249,filterLoc,,
4530,252,filterLoc,,
4530,255,filterLoc,,
4530,258,filterLoc,,
4530,261,filterLoc,,
4530,264,filterLoc,,
4530,267,filterLoc,,
4530,270,filterLoc,,
4530,273,filterLoc,,
4530,276,filterLoc,,
4530,279,filterLoc,,
4530,282,filterLoc,,
4530,285,filterLoc,,
4530,288,filterLoc,,
4530,291,filterLoc,,
4530,294,filterLoc,,
4530,297,filterLoc,,
4530,300,filterLoc,,
4530,303,filterLoc,,
4530,306,filterLoc,,
4530,309,filterLoc,,
4530,312,filterLoc,,
4530,315,filterLoc,,
4530,318,filterLoc,,
4530,321,filterLoc,,
4530,324,filterLoc,,
4530,327,filterLoc,,
4530,330,filterLoc,,
4530,333,filterLoc,,
4530,336,filterLoc,,
4530,339,filterLoc,,
4530,342,filterLoc,,
4530,345,filterLoc,,
4530,348,filterLoc,,
4530,351,filterLoc,,
4530,354,filterLoc,,
4530,357,filterLoc,,
4530,360,filterLoc,,
4530,363,filterLoc,,
4530,366,filterLoc,,
4530,369,filterLoc,,
4530,372,filterLoc,,
4530,375,filterLoc,,
4530,378,filterLoc,,
4530,381,filterLoc,,
4530,384,filterLoc,,
4530,387,filterLoc,,
4530,390,filterLoc,,
4530,393,filterLoc,,
4530,396,filterLoc,,
4530,399,filterLoc,,
4530,402,filterLoc,,
4530,405,filterLoc,,
4530,408,filterLoc,,
4530,411,filterLoc,,
4530,414,filterLoc,,;Evacuee;278;in triage category;Y;is entering helicopter;1
4530,417,filterLoc,,
4530,420,filterLoc,,
4530,423,filterLoc,,
4530,426,filterLoc,,
4530,429,filterLoc,,
4530,432,filterLoc,,
4530,435,filterLoc,,
4530,438,filterLoc,,
4530,441,filterLoc,,
4530,444,filterLoc,,
4530,447,filterLoc,,
4530,450,filterLoc,,
4530,453,filterLoc,,
4530,456,filterLoc,,
4530,459,filterLoc,,
4530,462,filterLoc,,
4530,465,filterLoc,,
4530,468,filterLoc,,
4530,471,filterLoc,,
4530,474,filterLoc,,
4530,477,filterLoc,,
4530,480,filterLoc,,
4530,483,filterLoc,,
4530,486,filterLoc,,
4530,489,filterLoc,,
4530,492,filterLoc,,
4530,495,filterLoc,,
4530,498,filterLoc,,
4530,501,filterLoc,,
4530,504,filterLoc,,
4530,507,filterLoc,,
4530,510,filterLoc,,
4530,513,filterLoc,,
4530,516,filterLoc,,
4530,519,filterLoc,,
4530,522,filterLoc,,
4530,525,filterLoc,,
4530,528,filterLoc,,
4530,531,filterLoc,,
4530,534,filterLoc,,
4530,537,filterLoc,,
4530,540,filterLoc,,
4530,543,filterLoc,,
4530,546,filterLoc,,
4530,549,filterLoc,,
4530,552,filterLoc,,
4530,555,filterLoc,,
4530,558,filterLoc,,
4530,561,filterLoc,,
4530,564,filterLoc,,
4530,567,filterLoc,,
4530,570,filterLoc,,
4530,573,filterLoc,,
4530,576,filterLoc,,
4530,579,filterLoc,,
4530,582,filterLoc,,
4530,585,filterLoc,,
4530,588,filterLoc,,
4530,591,filterLoc,,
4530,594,filterLoc,,
4530,597,filterLoc,,
4530,600,filterLoc,,
4530,603,filterLoc,,
4530,606,filterLoc,,
4530,609,filterLoc,,
4530,612,filterLoc,,
4530,615,filterLoc,,
4530,618,filterLoc,,
4530,621,filterLoc,,
4530,624,filterLoc,,
4530,627,filterLoc,,
4530,630,filterLoc,,
4530,633,filterLoc,,
4530,636,filterLoc,,
4530,639,filterLoc,,
4530,642,filterLoc,,
4530,645,filterLoc,,
4530,648,filterLoc,,
4530,651,filterLoc,,
4530,654,filterLoc,,
4530,657,filterLoc,,
4530,660,filterLoc,,
4530,663,filterLoc,,
4530,666,filterLoc,,
4530,669,filterLoc,,
4530,672,filterLoc,,
4530,675,filterLoc,,
4530,678,filterLoc,,
4530,681,filterLoc,,
4530,684,filterLoc,,
4530,687,filterLoc,,
4530,690,filterLoc,,
4530,693,filterLoc,,
4530,696,filterLoc,,
4530,699,filterLoc,,
4530,702,filterLoc,,
4530,705,filterLoc,,
4530,708,filterLoc,,
4530,711,filterLoc,,
4530,714,filterLoc,,
4530,717,filterLoc,,
4530,720,filterLoc,,
4530,723,filterLoc,,
4530,726,filterLoc,,
4530,729,filterLoc,,
4530,732,filterLoc,,
4530,735,filterLoc,,;Evacuee;147;in triage category;Y;is entering helicopter;1
4530,738,filterLoc,,
4530,741,filterLoc,,
4530,744,filterLoc,,
4530,747,filterLoc,,
4530,750,filterLoc,,
4530,753,filterLoc,,
4530,756,filterLoc,,
4530,759,filterLoc,,
4530,762,filterLoc,,
4530,765,filterLoc,,
4530,768,filterLoc,,
4530,771,filterLoc,,
4530,774,filterLoc,,
4530,777,filterLoc,,
4530,780,filterLoc,,
4530,783,filterLoc,,
4530,786,filterLoc,,
4530,789,filterLoc,,
4530,792,filterLoc,,
4530,795,filterLoc,,
4530,798,filterLoc,,
4530,801,filterLoc,,
4530,804,filterLoc,,
4530,807,filterLoc,,
4530,810,filterLoc,,
4530,813,filterLoc,,
4530,816,filterLoc,,
4530,819,filterLoc,,
4530,822,filterLoc,,
4530,825,filterLoc,,
4530,828,filterLoc,,
4530,831,filterLoc,,
4530,834,filterLoc,,
4530,837,filterLoc,,
4530,840,filterLoc,,
4530,843,filterLoc,,
4530,846,filterLoc,,
4530,849,filterLoc,,
4530,852,filterLoc,,
4530,855,filterLoc,,
4530,858,filterLoc,,
4530,861,filterLoc,,
4530,864,filterLoc,,
4530,867,filterLoc,,
4530,870,filterLoc,,
4530,873,filterLoc,,
4530,876,filterLoc,,
4530,879,filterLoc,,
4530,882,filterLoc,,
4530,885,filterLoc,,
4530,888,filterLoc,,
4530,891,filterLoc,,
4530,894,filterLoc,,
4530,897,filterLoc,,
4530,900,filterLoc,,
4530,903,filterLoc,,
4530,906,filterLoc,,
4530,909,filterLoc,,
4530,912,filterLoc,,
4530,915,filterLoc,,
4530,918,filterLoc,,
4530,921,filterLoc,,
4530,924,filterLoc,,
4530,927,filterLoc,,
4530,930,filterLoc,,
4530,933,filterLoc,,
4530,936,filterLoc,,
4530,939,filterLoc,,
4530,942,filterLoc,,
4530,945,filterLoc,,
4530,948,filterLoc,,
4530,951,filterLoc,,
4530,954,filterLoc,,
4530,957,filterLoc,,
4530,960,filterLoc,,
4530,963,filterLoc,,
4530,966,filterLoc,,
4530,969,filterLoc,,
4530,972,filterLoc,,
4530,975,filterLoc,,
4530,978,filterLoc,,
4530,981,filterLoc,,
4530,984,filterLoc,,
4530,987,filterLoc,,
4530,990,filterLoc,,
4530,993,filterLoc,,
4530,996,filterLoc,,
4530,999,filterLoc,,
4530,1002,filterLoc,,
4530,1005,filterLoc,,
4530,1008,filterLoc,,
4530,1011,filterLoc,,
4530,1014,filterLoc,,
4530,1017,filterLoc,,
4530,1020,filterLoc,,
4530,1023,filterLoc,,
4530,1026,filterLoc,,
4530,1029,filterLoc,,
4530,1032,filterLoc,,
4530,1035,filterLoc,,
4530,1038,filterLoc,,
4530,1041,filterLoc,,
4530,1044,filterLoc,,
4530,1047,filterLoc,,
4530,1050,filterLoc,,
4530,1053,filterLoc,,
4530,1056,filterLoc,,
4530,1059,filterLoc,,
4530,1062,filterLoc,,
4530,1065,filterLoc,,
4530,1068,filterLoc,,
4530,1071,filterLoc,,
4530,1074,filterLoc,,
4530,1077,filterLoc,,
4530,1080,filterLoc,,
4530,1083,filterLoc,,
4530,1086,filterLoc,,
4530,1089,filterLoc,,
4530,1092,filterLoc,,
4530,1095,filterLoc,,
4530,1098,filterLoc,,
4530,1101,filterLoc,,
4530,1104,filterLoc,,
4530,1107,filterLoc,,
4530,1110,filterLoc,,
4530,1113,filterLoc,,
4530,1116,filterLoc,,
4530,1123,filterLoc,,
4530,1126,filterLoc,,
4530,1129,filterLoc,,
4530,1132,filterLoc,,
4530,1135,filterLoc,,
4530,1138,filterLoc,,
4530,1141,filterLoc,,
4530,1144,filterLoc,,
4530,1147,filterLoc,,
4530,1150,filterLoc,,;Evacuee;231;in triage category;Y;is entering helicopter;1
4530,1153,filterLoc,,
4530,1156,filterLoc,,
4530,1161,helicopter,,Helicopter;1;is loading people at the evacuation site;;and has;0;spots taken
4530,1163,filterLoc,,
4530,1166,filterLoc,,
4530,1169,filterLoc,,
4530,1172,filterLoc,,
4530,1175,filterLoc,,
4530,1178,filterLoc,,
4530,1181,filterLoc,,
4530,1184,filterLoc,,
4530,1187,filterLoc,,
4530,1190,filterLoc,,
4530,1193,filterLoc,,
4530,1196,filterLoc,,
4530,1199,filterLoc,,
4530,1202,filterLoc,,
4530,1205,filterLoc,,
4530,1208,filterLoc,,
4530,1211,filterLoc,,
4530,1214,filterLoc,,
4530,1217,filterLoc,,
4530,1220,filterLoc,,
4530,1223,filterLoc,,
4530,1226,filterLoc,,
4530,1229,filterLoc,,
4530,1232,filterLoc,,
4530,1235,filterLoc,,
4530,1238,filterLoc,,
4530,1241,filterLoc,,
4530,1244,filterLoc,,
4530,1247,filterLoc,,
4530,1250,filterLoc,,
4530,1253,filterLoc,,
4530,1256,filterLoc,,
4530,1259,filterLoc,,
4530,1262,filterLoc,,
4530,1265,filterLoc,,
4530,1268,filterLoc,,
4530,1271,filterLoc,,
4530,1274,filterLoc,,
4530,1277,filterLoc,,
4530,1280,filterLoc,,
4530,1283,filterLoc,,
4530,1286,filterLoc,,
4530,1289,filterLoc,,
4530,1292,filterLoc,,
4530,1295,filterLoc,,
4530,1298,filterLoc,,
4530,1301,filterLoc,,
4530,1304,filterLoc,,
4530,1307,filterLoc,,
4530,1310,filterLoc,,
4530,1313,filterLoc,,
4530,1316,filterLoc,,
4530,1319,filterLoc,,
4530,1322,filterLoc,,
4530,1325,filterLoc,,
4530,1328,filterLoc,,
4530,1331,filterLoc,,
4530,1334,filterLoc,,
4530,1337,filterLoc,,
4530,1340,filterLoc,,
4530,1343,filterLoc,,
4530,1346,filterLoc,,
4530,1349,filterLoc,,
4530,1352,filterLoc,,
4530,1355,filterLoc,,
4530,1358,filterLoc,,
4530,1361,filterLoc,,
4530,1364,filterLoc,,
4530,1367,filterLoc,,
4530,1370,filterLoc,,
4530,1373,filterLoc,,
4530,1376,filterLoc,,
4530,1379,filterLoc,,
4530,1382,filterLoc,,
4530,1385,filterLoc,,
4530,1388,filterLoc,,
4530,1391,filterLoc,,
4530,1394,filterLoc,,
4530,1397,filterLoc,,
4530,1400,filterLoc,,
4530,1403,filterLoc,,
4530,1406,filterLoc,,
4530,1409,filterLoc,,
4530,1412,filterLoc,,
4530,1415,filterLoc,,
4530,1418,filterLoc,,
4530,1421,filterLoc,,
4530,1424,filterLoc,,
4530,1427,filterLoc,,
4530,1430,filterLoc,,
4530,1433,filterLoc,,
4530,1436,filterLoc,,
4530,1439,filterLoc,,
4530,1442,filterLoc,,
4530,1445,filterLoc,,
4530,1448,filterLoc,,
4530,1451,filterLoc,,
4530,1454,filterLoc,,
4530,1457,filterLoc,,
4530,1460,filterLoc,,
4530,1463,filterLoc,,
4530,1466,filterLoc,,
4530,1469,filterLoc,,
4530,1472,filterLoc,,
4530,1475,filterLoc,,
4530,1478,filterLoc,,
4530,1481,filterLoc,,
4530,1484,filterLoc,,
4530,1487,filterLoc,,
4530,1490,filterLoc,,
4530,1493,filterLoc,,
4530,1496,filterLoc,,
4530,1499,filterLoc,,
4530,1502,filterLoc,,
4530,1505,filterLoc,,
4530,1508,filterLoc,,
4530,1511,filterLoc,,
4530,1514,filterLoc,,
4530,1517,filterLoc,,
4530,414,filterLoc,out,Evacuee 278 in triage category Y is assigned helicopter 1
4530,414,filterLoc,,
4530,415,evacuee,,Evacuee;278;in triage state;Y;is entering helicopter;1
4530,735,filterLoc,out,Evacuee 147 in triage category Y is assigned helicopter 1
4530,735,filterLoc,,
4530,736,evacuee,,Evacuee;147;in triage state;Y;is entering helicopter;1
4530,1150,filterLoc,out,Evacuee 231 in triage category Y is assigned helicopter 1
4530,1150,filterLoc,,
4530,1151,evacuee,,Evacuee;231;in triage state;Y;is entering helicopter;1
4530,103,filterEvac,,
4530,415,evacuee,outHelo,Evacuee 278 in triage category Y is assigned helicopter 1
4530,415,evacuee,,Evacuee;278;in triage state;Y;is in helicopter;1
4530,736,evacuee,outHelo,Evacuee 147 in triage category Y is assigned helicopter 1
4530,736,evacuee,,Evacuee;147;in triage state;Y;is in helicopter;1
4530,1119,filterEvac,,
4530,1151,evacuee,outHelo,Evacuee 231 in triage category Y is assigned helicopter 1
4530,1151,evacuee,,Evacuee;231;in triage state;Y;is in helicopter;1
4530,1159,filterEvac,,;Evacuee;147;in triage category;Y;is entering helicopter;1;Evacuee;231;in triage category;Y;is entering helicopter;1;Evacuee;278;in triage category;Y;is entering helicopter;1
4530,1159,filterEvac,out,Evacuee 147 in triage category Y is assigned helicopter 1
4530,1159,filterEvac,out,Evacuee 231 in triage category Y is assigned helicopter 1
4530,1159,filterEvac,out,Evacuee 278 in triage category Y is assigned helicopter 1
4530,1159,filterEvac,,
4530,1161,helicopter,,Helicopter;1;is loading people at the evacuation site;;and has;9;spots taken
4545,4,helipadManager,outHelo,Helicopter 1 is evacuating people1
4545,4,helipadManager,,;No helos are at ES
4545,104,filterES,,
4545,1120,filterES,,
4545,1160,filterES,,Helicopter;1;is evacuating people
4545,4,helipadManager,outHQ,0
4545,4,helipadManager,,;No helos are at ES
4545,5,helicopterQueue,,;No helos are waiting to land
4545,1160,filterES,out,Helicopter 1 is evacuating people1
4545,1160,filterES,,
4545,1161,helicopter,,Helicopter;1;is loading people at the evacuation site;;and has;9;spots taken
4545,5,helicopterQueue,,;No helos are waiting to land
4545,1161,helicopter,,Helicopter;1;is returning to the FOL;;and has;9;spots taken
4590,5,helicopterQueue,,1;Helos are waiting to land;HeloID;2
4590,1121,helicopter,outES,Helicopter 2 is evacuating people2
4590,1121,helicopter,,Helicopter;2;is waiting to land at the evacuation site;;and has;0;spots taken
4590,4,helipadManager,,;No helos are at ES
4590,5,helicopterQueue,outHM,Helicopter 2 is evacuating people2
4590,5,helicopterQueue,outHelo,Helicopter 2 is evacuating people2
4590,5,helicopterQueue,,;No helos are waiting to land
4590,104,filterES,,
4590,1120,filterES,,Helicopter;2;is evacuating people
4590,1160,filterES,,
4590,3,evacueeManager,,OFF SHIP: White;0;Green;0;Yellow;2;Red;0;Black;349;ON SHIP: White;0;Green;0;Yellow;0;Red;0;Evacuees to Transfer;;EvacueeID;325;HeloID;2;OnShip;0;Triage Status;Y;EvacueeID;300;HeloID;2;OnShip;0;Triage Status;Y;EvacueeID;221;HeloID;2;OnShip;0;Triage Status;Y
4590,4,helipadManager,outEM,Helicopter 2 is evacuating people2
4590,4,helipadManager,,Helo;2;is at the ES
4590,1120,filterES,out,Helicopter 2 is evacuating people2
4590,1120,filterES,,
4590,1121,helicopter,,Helicopter;2;is waiting to land at the evacuation site;;and has;0;spots taken
4590,3,evacueeManager,outEvac,Evacuee 325 in triage category Y is assigned helicopter 2
4590,3,evacueeManager,outEvac,Evacuee 300 in triage category Y is assigned helicopter 2
4590,3,evacueeManager,outEvac,Evacuee 221 in triage category Y is assigned helicopter 2
4590,3,evacueeManager,,OFF SHIP: White;0;Green;0;Yellow;2;Red;0;Black;349;ON SHIP: White;0;Green;0;Yellow;0;Red;0;Evacuees to Transfer;
4590,7,filterLoc,,
4590,10,filterLoc,,
4590,13,filterLoc,,
4590,16,filterLoc,,
4590,19,filterLoc,,
4590,22,filterLoc,,
4590,25,filterLoc,,
4590,28,filterLoc,,
4590,31,filterLoc,,
4590,34,filterLoc,,
4590,37,filterLoc,,
4590,40,filterLoc,,
4590,43,filterLoc,,
4590,46,filterLoc,,
4590,49,filterLoc,,
4590,52,filterLoc,,
4590,55,filterLoc,,
4590,58,filterLoc,,
4590,61,filterLoc,,
4590,64,filterLoc,,
4590,67,filterLoc,,
4590,70,filterLoc,,
4590,73,filterLoc,,
4590,76,filterLoc,,
4590,79,filterLoc,,
4590,82,filterLoc,,
4590,85,filterLoc,,
4590,88,filterLoc,,
4590,91,filterLoc,,
4590,94,filterLoc,,
4590,97,filterLoc,,
4590,100,filterLoc,,
4590,107,filterLoc,,
4590,110,filterLoc,,
4590,113,filterLoc,,
4590,116,filterLoc,,
4590,119,filterLoc,,
4590,122,filterLoc,,
4590,125,filterLoc,,
4590,128,filterLoc,,
4590,131,filterLoc,,
4590,134,filterLoc,,
4590,137,filterLoc,,
4590,140,filterLoc,,
4590,143,filterLoc,,
4590,146,filterLoc,,
4590,149,filterLoc,,
4590,152,filterLoc,,
4590,155,filterLoc,,
4590,158,filterLoc,,
4590,161,filterLoc,,
4590,164,filterLoc,,
4590,167,filterLoc,,
4590,170,filterLoc,,
4590,173,filterLoc,,
4590,176,filterLoc,,
4590,179,filterLoc,,
4590,182,filterLoc,,
4590,185,filterLoc,,
4590,188,filterLoc,,
4590,191,filterLoc,,
4590,194,filterLoc,,
4590,197,filterLoc,,
4590,200,filterLoc,,
4590,203,filterLoc,,
4590,206,filterLoc,,
4590,209,filterLoc,,
4590,212,filterLoc,,
4590,215,filterLoc,,
4590,218,filterLoc,,
4590,221,filterLoc,,
4590,225,filterLoc,,
4590,228,filterLoc,,
4590,231,filterLoc,,
4590,234,filterLoc,,
4590,237,filterLoc,,
4590,240,filterLoc,,
4590,243,filterLoc,,
4590,246,filterLoc,,
4590,249,filterLoc,,
4590,252,filterLoc,,
4590,255,filterLoc,,
4590,258,filterLoc,,
4590,261,filterLoc,,
4590,264,filterLoc,,
4590,267,filterLoc,,
4590,270,filterLoc,,
4590,273,filterLoc,,
4590,276,filterLoc,,
4590,279,filterLoc,,
4590,282,filterLoc,,
4590,285,filterLoc,,
4590,288,filterLoc,,
4590,291,filterLoc,,
4590,294,filterLoc,,
4590,297,filterLoc,,
4590,300,filterLoc,,
4590,303,filterLoc,,;Evacuee;325;in triage category;Y;is entering helicopter;2
4590,306,filterLoc,,
4590,309,filterLoc,,
4590,312,filterLoc,,
4590,315,filterLoc,,
4590,318,filterLoc,,
4590,321,filterLoc,,
4590,324,filterLoc,,
4590,327,filterLoc,,
4590,330,filterLoc,,
4590,333,filterLoc,,
4590,336,filterLoc,,
4590,339,filterLoc,,
4590,342,filterLoc,,
4590,345,filterLoc,,
4590,348,filterLoc,,
4590,351,filterLoc,,
4590,354,filterLoc,,
4590,357,filterLoc,,
4590,360,filterLoc,,
4590,363,filterLoc,,
4590,366,filterLoc,,
4590,369,filterLoc,,
4590,372,filterLoc,,
4590,375,filterLoc,,
4590,378,filterLoc,,
4590,381,filterLoc,,
4590,384,filterLoc,,
4590,387,filterLoc,,
4590,390,filterLoc,,
4590,393,filterLoc,,
4590,396,filterLoc,,
4590,399,filterLoc,,
4590,402,filterLoc,,
4590,405,filterLoc,,
4590,408,filterLoc,,
4590,411,filterLoc,,
4590,414,filterLoc,,
4590,417,filterLoc,,
4590,420,filterLoc,,
4590,423,filterLoc,,
4590,426,filterLoc,,
4590,429,filterLoc,,
4590,432,filterLoc,,
4590,435,filterLoc,,
4590,438,filterLoc,,
4590,441,filterLoc,,
4590,444,filterLoc,,
4590,447,filterLoc,,
4590,450,filterLoc,,
4590,453,filterLoc,,
4590,456,filterLoc,,
4590,459,filterLoc,,
4590,462,filterLoc,,
4590,465,filterLoc,,
4590,468,filterLoc,,
4590,471,filterLoc,,
4590,474,filterLoc,,
4590,477,filterLoc,,
4590,480,filterLoc,,
4590,483,filterLoc,,
4590,486,filterLoc,,
4590,489,filterLoc,,
4590,492,filterLoc,,
4590,495,filterLoc,,
4590,498,filterLoc,,
4590,501,filterLoc,,
4590,504,filterLoc,,
4590,507,filterLoc,,
4590,510,filterLoc,,
4590,513,filterLoc,,
4590,516,filterLoc,,
4590,519,filterLoc,,
4590,522,filterLoc,,
4590,525,filterLoc,,
4590,528,filterLoc,,
4590,531,filterLoc,,
4590,534,filterLoc,,
4590,537,filterLoc,,
4590,540,filterLoc,,
4590,543,filterLoc,,
4590,546,filterLoc,,
4590,549,filterLoc,,
4590,552,filterLoc,,
4590,555,filterLoc,,
4590,558,filterLoc,,
4590,561,filterLoc,,
4590,564,filterLoc,,
4590,567,filterLoc,,
4590,570,filterLoc,,
4590,573,filterLoc,,
4590,576,filterLoc,,
4590,579,filterLoc,,
4590,582,filterLoc,,
4590,585,filterLoc,,
4590,588,filterLoc,,
4590,591,filterLoc,,
4590,594,filterLoc,,
4590,597,filterLoc,,
4590,600,filterLoc,,
4590,603,filterLoc,,
4590,606,filterLoc,,
4590,609,filterLoc,,
4590,612,filterLoc,,
4590,615,filterLoc,,
4590,618,filterLoc,,
4590,621,filterLoc,,
4590,624,filterLoc,,
4590,627,filterLoc,,
4590,630,filterLoc,,
4590,633,filterLoc,,
4590,636,filterLoc,,
4590,639,filterLoc,,
4590,642,filterLoc,,
4590,645,filterLoc,,
4590,648,filterLoc,,
4590,651,filterLoc,,
4590,654,filterLoc,,
4590,657,filterLoc,,
4590,660,filterLoc,,
4590,663,filterLoc,,
4590,666,filterLoc,,
4590,669,filterLoc,,
4590,672,filterLoc,,;Evacuee;300;in triage category;Y;is entering helicopter;2
4590,675,filterLoc,,
4590,678,filterLoc,,
4590,681,filterLoc,,
4590,684,filterLoc,,
4590,687,filterLoc,,
4590,690,filterLoc,,
4590,693,filterLoc,,
4590,696,filterLoc,,
4590,699,filterLoc,,
4590,702,filterLoc,,
4590,705,filterLoc,,
4590,708,filterLoc,,
4590,711,filterLoc,,
4590,714,filterLoc,,
4590,717,filterLoc,,
4590,720,filterLoc,,
4590,723,filterLoc,,
4590,726,filterLoc,,
4590,729,filterLoc,,
4590,732,filterLoc,,
4590,735,filterLoc,,
4590,738,filterLoc,,
4590,741,filterLoc,,
4590,744,filterLoc,,
4590,747,filterLoc,,
4590,750,filterLoc,,
4590,753,filterLoc,,
4590,756,filterLoc,,
4590,759,filterLoc,,
4590,762,filterLoc,,
4590,765,filterLoc,,
4590,768,filterLoc,,
4590,771,filterLoc,,
4590,774,filterLoc,,
4590,777,filterLoc,,
4590,780,filterLoc,,
4590,783,filterLoc,,
4590,786,filterLoc,,
4590,789,filterLoc,,
4590,792,filterLoc,,
4590,795,filterLoc,,
4590,798,filterLoc,,
4590,801,filterLoc,,
4590,804,filterLoc,,
4590,807,filterLoc,,
4590,810,filterLoc,,
4590,813,filterLoc,,
4590,816,filterLoc,,
4590,819,filterLoc,,
4590,822,filterLoc,,
4590,825,filterLoc,,
4590,828,filterLoc,,
4590,831,filterLoc,,
4590,834,filterLoc,,
4590,837,filterLoc,,
4590,840,filterLoc,,
4590,843,filterLoc,,
4590,846,filterLoc,,
4590,849,filterLoc,,
4590,852,filterLoc,,
4590,855,filterLoc,,
4590,858,filterLoc,,
4590,861,filterLoc,,
4590,864,filterLoc,,
4590,867,filterLoc,,
4590,870,filterLoc,,
4590,873,filterLoc,,
4590,876,filterLoc,,
4590,879,filterLoc,,
4590,882,filterLoc,,
4590,885,filterLoc,,
4590,888,filterLoc,,
4590,891,filterLoc,,
4590,894,filterLoc,,
4590,897,filterLoc,,
4590,900,filterLoc,,
4590,903,filterLoc,,
4590,906,filterLoc,,
4590,909,filterLoc,,
4590,912,filterLoc,,
4590,915,filterLoc,,
4590,918,filterLoc,,
4590,921,filterLoc,,
4590,924,filterLoc,,
4590,927,filterLoc,,
4590,930,filterLoc,,
4590,933,filterLoc,,
4590,936,filterLoc,,
4590,939,filterLoc,,
4590,942,filterLoc,,
4590,945,filterLoc,,
4590,948,filterLoc,,
4590,951,filterLoc,,
4590,954,filterLoc,,
4590,957,filterLoc,,
4590,960,filterLoc,,
4590,963,filterLoc,,
4590,966,filterLoc,,
4590,969,filterLoc,,
4590,972,filterLoc,,
4590,975,filterLoc,,
4590,978,filterLoc,,
4590,981,filterLoc,,
4590,984,filterLoc,,
4590,987,filterLoc,,
4590,990,filterLoc,,
4590,993,filterLoc,,
4590,996,filterLoc,,
4590,999,filterLoc,,
4590,1002,filterLoc,,
4590,1005,filterLoc,,
4590,1008,filterLoc,,
4590,1011,filterLoc,,
4590,1014,filterLoc,,
4590,1017,filterLoc,,
4590,1020,filterLoc,,
4590,1023,filterLoc,,
4590,1026,filterLoc,,
4590,1029,filterLoc,,
4590,1032,filterLoc,,
4590,1035,filterLoc,,
4590,1038,filterLoc,,
4590,1041,filterLoc,,
4590,1044,filterLoc,,
4590,1047,filterLoc,,
4590,1050,filterLoc,,
4590,1053,filterLoc,,
4590,1056,filterLoc,,
4590,1059,filterLoc,,
4590,1062,filterLoc,,
4590,1065,filterLoc,,
4590,1068,filterLoc,,
4590,1071,filterLoc,,
4590,1074,filterLoc,,
4590,1077,filterLoc,,
4590,1080,filterLoc,,
4590,1083,filterLoc,,
4590,1086,filterLoc,,
4590,1089,filterLoc,,
4590,1092,filterLoc,,
4590,1095,filterLoc,,
4590,1098,filterLoc,,
4590,1101,filterLoc,,
4590,1104,filterLoc,,
4590,1107,filterLoc,,
4590,1110,filterLoc,,
4590,1113,filterLoc,,
4590,1116,filterLoc,,
4590,1121,helicopter,,Helicopter;2;is loading people at the evacuation site;;and has;0;spots taken
4590,1123,filterLoc,,
4590,1126,filterLoc,,
4590,1129,filterLoc,,
4590,1132,filterLoc,,
4590,1135,filterLoc,,
4590,1138,filterLoc,,
4590,1141,filterLoc,,
4590,1144,filterLoc,,
4590,1147,filterLoc,,
4590,1150,filterLoc,,
4590,1153,filterLoc,,
4590,1156,filterLoc,,
4590,1163,filterLoc,,
4590,1166,filterLoc,,
4590,1169,filterLoc,,
4590,1172,filterLoc,,
4590,1175,filterLoc,,
4590,1178,filterLoc,,
4590,1181,filterLoc,,
4590,1184,filterLoc,,
4590,1187,filterLoc,,
4590,1190,filterLoc,,
4590,1193,filterLoc,,
4590,1196,filterLoc,,
4590,1199,filterLoc,,
4590,1202,filterLoc,,
4590,1205,filterLoc,,
4590,1208,filterLoc,,
4590,1211,filterLoc,,
4590,1214,filterLoc,,
4590,1217,filterLoc,,
4590,1220,filterLoc,,
4590,1223,filterLoc,,
4590,1226,filterLoc,,
4590,1229,filterLoc,,
4590,1232,filterLoc,,
4590,1235,filterLoc,,
4590,1238,filterLoc,,
4590,1241,filterLoc,,
4590,1244,filterLoc,,
4590,1247,filterLoc,,
4590,1250,filterLoc,,
4590,1253,filterLoc,,
4590,1256,filterLoc,,
4590,1259,filterLoc,,
4590,1262,filterLoc,,
4590,1265,filterLoc,,
4590,1268,filterLoc,,
4590,1271,filterLoc,,
4590,1274,filterLoc,,
4590,1277,filterLoc,,
4590,1280,filterLoc,,
4590,1283,filterLoc,,
4590,1286,filterLoc,,
4590,1289,filterLoc,,
4590,1292,filterLoc,,
4590,1295,filterLoc,,
4590,1298,filterLoc,,
4590,1301,filterLoc,,
4590,1304,filterLoc,,
4590,1307,filterLoc,,
4590,1310,filterLoc,,
4590,1313,filterLoc,,
4590,1316,filterLoc,,
4590,1319,filterLoc,,
4590,1322,filterLoc,,
4590,1325,filterLoc,,
4590,1328,filterLoc,,
4590,1331,filterLoc,,
4590,1334,filterLoc,,
4590,1337,filterLoc,,
4590,1340,filterLoc,,
4590,1343,filterLoc,,
4590,1346,filterLoc,,
4590,1349,filterLoc,,
4590,1352,filterLoc,,
4590,1355,filterLoc,,
4590,1358,filterLoc,,
4590,1361,filterLoc,,
4590,1364,filterLoc,,
4590,1367,filterLoc,,
4590,1370,filterLoc,,
4590,1373,filterLoc,,
4590,1376,filterLoc,,
4590,1379,filterLoc,,
4590,1382,filterLoc,,
4590,1385,filterLoc,,
4590,1388,filterLoc,,
4590,1391,filterLoc,,
4590,1394,filterLoc,,
4590,1397,filterLoc,,
4590,1400,filterLoc,,
4590,1403,filterLoc,,
4590,1406,filterLoc,,
4590,1409,filterLoc,,
4590,1412,filterLoc,,
4590,1415,filterLoc,,
4590,1418,filterLoc,,
4590,1421,filterLoc,,
4590,1424,filterLoc,,
4590,1427,filterLoc,,
4590,1430,filterLoc,,
4590,1433,filterLoc,,;Evacuee;221;in triage category;Y;is entering helicopter;2
4590,1436,filterLoc,,
4590,1439,filterLoc,,
4590,1442,filterLoc,,
4590,1445,filterLoc,,
4590,1448,filterLoc,,
4590,1451,filterLoc,,
4590,1454,filterLoc,,
4590,1457,filterLoc,,
4590,1460,filterLoc,,
4590,1463,filterLoc,,
4590,1466,filterLoc,,
4590,1469,filterLoc,,
4590,1472,filterLoc,,
4590,1475,filterLoc,,
4590,1478,filterLoc,,
4590,1481,filterLoc,,
4590,1484,filterLoc,,
4590,1487,filterLoc,,
4590,1490,filterLoc,,
4590,1493,filterLoc,,
4590,1496,filterLoc,,
4590,1499,filterLoc,,
4590,1502,filterLoc,,
4590,1505,filterLoc,,
4590,1508,filterLoc,,
4590,1511,filterLoc,,
4590,1514,filterLoc,,
4590,1517,filterLoc,,
4590,303,filterLoc,out,Evacuee 325 in triage category Y is assigned helicopter 2
4590,303,filterLoc,,
4590,304,evacuee,,Evacuee;325;in triage state;Y;is entering helicopter;2
4590,672,filterLoc,out,Evacuee 300 in triage category Y is assigned helicopter 2
4590,672,filterLoc,,
4590,673,evacuee,,Evacuee;300;in triage state;Y;is entering helicopter;2
4590,1433,filterLoc,out,Evacuee 221 in triage category Y is assigned helicopter 2
4590,1433,filterLoc,,
4590,1434,evacuee,,Evacuee;221;in triage state;Y;is entering helicopter;2
4590,103,filterEvac,,
4590,304,evacuee,outHelo,Evacuee 325 in triage category Y is assigned helicopter 2
4590,304,evacuee,,Evacuee;325;in triage state;Y;is in helicopter;2
4590,673,evacuee,outHelo,Evacuee 300 in triage category Y is assigned helicopter 2
4590,673,evacuee,,Evacuee;300;in triage state;Y;is in helicopter;2
4590,1119,filterEvac,,;Evacuee;221;in triage category;Y;is entering helicopter;2;Evacuee;300;in triage category;Y;is entering helicopter;2;Evacuee;325;in triage category;Y;is entering helicopter;2
4590,1159,filterEvac,,
4590,1434,evacuee,outHelo,Evacuee 221 in triage category Y is assigned helicopter 2
4590,1434,evacuee,,Evacuee;221;in triage state;Y;is in helicopter;2
4590,1119,filterEvac,out,Evacuee 221 in triage category Y is assigned helicopter 2
4590,1119,filterEvac,out,Evacuee 300 in triage category Y is assigned helicopter 2
4590,1119,filterEvac,out,Evacuee 325 in triage category Y is assigned helicopter 2
4590,1119,filterEvac,,
4590,1121,helicopter,,Helicopter;2;is loading people at the evacuation site;;and has;9;spots taken
4605,4,helipadManager,outHelo,Helicopter 2 is evacuating people2
4605,4,helipadManager,,;No helos are at ES
4605,104,filterES,,
4605,1120,filterES,,Helicopter;2;is evacuating people
4605,1160,filterES,,
4605,4,helipadManager,outHQ,0
4605,4,helipadManager,,;No helos are at ES
4605,5,helicopterQueue,,;No helos are waiting to land
4605,1120,filterES,out,Helicopter 2 is evacuating people2
4605,1120,filterES,,
4605,1121,helicopter,,Helicopter;2;is loading people at the evacuation site;;and has;9;spots taken
4605,5,helicopterQueue,,;No helos are waiting to land
4605,1121,helicopter,,Helicopter;2;is returning to the FOL;;and has;9;spots taken
4650,5,helicopterQueue,,1;Helos are waiting to land;HeloID;3
4650,105,helicopter,outES,Helicopter 3 is evacuating people3
4650,105,helicopter,,Helicopter;3;is waiting to land at the evacuation site;;and has;0;spots taken
4650,4,helipadManager,,;No helos are at ES
4650,5,helicopterQueue,outHM,Helicopter 3 is evacuating people3
4650,5,helicopterQueue,outHelo,Helicopter 3 is evacuating people3
4650,5,helicopterQueue,,;No helos are waiting to land
4650,104,filterES,,Helicopter;3;is evacuating people
4650,1120,filterES,,
4650,1160,filterES,,
4650,3,evacueeManager,,OFF SHIP: White;0;Green;0;Yellow;0;Red;0;Black;349;ON SHIP: White;0;Green;0;Yellow;0;Red;0;Evacuees to Transfer;;EvacueeID;315;HeloID;3;OnShip;0;Triage Status;Y;EvacueeID;418;HeloID;3;OnShip;0;Triage Status;Y
4650,4,helipadManager,outEM,Helicopter 3 is evacuating people3
4650,4,helipadManager,,Helo;3;is at the ES
4650,104,filterES,out,Helicopter 3 is evacuating people3
4650,104,filterES,,
4650,105,helicopter,,Helicopter;3;is waiting to land at the evacuation site;;and has;0;spots taken
4650,2,coastGuardShip,,The ship will arrive in 96 hours.
4650,3,evacueeManager,outEvac,Evacuee 315 in triage category Y is assigned helicopter 3
4650,3,evacueeManager,outEvac,Evacuee 418 in triage category Y is assigned helicopter 3
4650,3,evacueeManager,outHM,1
4650,3,evacueeManager,outCGS,1
4650,3,evacueeManager,,OFF SHIP: White;0;Green;0;Yellow;0;Red;0;Black;349;ON SHIP: White;0;Green;0;Yellow;0;Red;0;Evacuees to Transfer;
4650,4,helipadManager,,Helo;3;is at the ES;Stopped evacuating people
4650,7,filterLoc,,
4650,10,filterLoc,,
4650,13,filterLoc,,
4650,16,filterLoc,,
4650,19,filterLoc,,
4650,22,filterLoc,,
4650,25,filterLoc,,
4650,28,filterLoc,,
4650,31,filterLoc,,
4650,34,filterLoc,,
4650,37,filterLoc,,
4650,40,filterLoc,,
4650,43,filterLoc,,
4650,46,filterLoc,,
4650,49,filterLoc,,
4650,52,filterLoc,,
4650,55,filterLoc,,
4650,58,filterLoc,,
4650,61,filterLoc,,
4650,64,filterLoc,,
4650,67,filterLoc,,
4650,70,filterLoc,,
4650,73,filterLoc,,
4650,76,filterLoc,,
4650,79,filterLoc,,
4650,82,filterLoc,,
4650,85,filterLoc,,
4650,88,filterLoc,,
4650,91,filterLoc,,
4650,94,filterLoc,,
4650,97,filterLoc,,
4650,100,filterLoc,,
4650,105,helicopter,,Helicopter;3;is loading people at the evacuation site;;and has;0;spots taken
4650,107,filterLoc,,
4650,110,filterLoc,,
4650,113,filterLoc,,
4650,116,filterLoc,,
4650,119,filterLoc,,
4650,122,filterLoc,,
4650,125,filterLoc,,
4650,128,filterLoc,,
4650,131,filterLoc,,
4650,134,filterLoc,,
4650,137,filterLoc,,
4650,140,filterLoc,,
4650,143,filterLoc,,
4650,146,filterLoc,,
4650,149,filterLoc,,
4650,152,filterLoc,,
4650,155,filterLoc,,
4650,158,filterLoc,,
4650,161,filterLoc,,
4650,164,filterLoc,,
4650,167,filterLoc,,
4650,170,filterLoc,,
4650,173,filterLoc,,
4650,176,filterLoc,,
4650,179,filterLoc,,
4650,182,filterLoc,,
4650,185,filterLoc,,
4650,188,filterLoc,,
4650,191,filterLoc,,
4650,194,filterLoc,,
4650,197,filterLoc,,
4650,200,filterLoc,,
4650,203,filterLoc,,
4650,206,filterLoc,,
4650,209,filterLoc,,
4650,212,filterLoc,,
4650,215,filterLoc,,
4650,218,filterLoc,,
4650,221,filterLoc,,
4650,225,filterLoc,,
4650,228,filterLoc,,
4650,231,filterLoc,,
4650,234,filterLoc,,
4650,237,filterLoc,,
4650,240,filterLoc,,
4650,243,filterLoc,,
4650,246,filterLoc,,
4650,249,filterLoc,,
4650,252,filterLoc,,
4650,255,filterLoc,,
4650,258,filterLoc,,
4650,261,filterLoc,,
4650,264,filterLoc,,
4650,267,filterLoc,,
4650,270,filterLoc,,
4650,273,filterLoc,,
4650,276,filterLoc,,
4650,279,filterLoc,,
4650,282,filterLoc,,
4650,285,filterLoc,,
4650,288,filterLoc,,
4650,291,filterLoc,,
4650,294,filterLoc,,
4650,297,filterLoc,,
4650,300,filterLoc,,
4650,303,filterLoc,,
4650,306,filterLoc,,
4650,309,filterLoc,,
4650,312,filterLoc,,
4650,315,filterLoc,,
4650,318,filterLoc,,
4650,321,filterLoc,,
4650,324,filterLoc,,
4650,327,filterLoc,,
4650,330,filterLoc,,
4650,333,filterLoc,,
4650,336,filterLoc,,
4650,339,filterLoc,,
4650,342,filterLoc,,
4650,345,filterLoc,,
4650,348,filterLoc,,
4650,351,filterLoc,,
4650,354,filterLoc,,
4650,357,filterLoc,,
4650,360,filterLoc,,
4650,363,filterLoc,,
4650,366,filterLoc,,
4650,369,filterLoc,,
4650,372,filterLoc,,
4650,375,filterLoc,,
4650,378,filterLoc,,
4650,381,filterLoc,,
4650,384,filterLoc,,
4650,387,filterLoc,,
4650,390,filterLoc,,
4650,393,filterLoc,,
4650,396,filterLoc,,
4650,399,filterLoc,,
4650,402,filterLoc,,
4650,405,filterLoc,,
4650,408,filterLoc,,
4650,411,filterLoc,,
4650,414,filterLoc,,
4650,417,filterLoc,,
4650,420,filterLoc,,;Evacuee;315;in triage category;Y;is entering helicopter;3
4650,423,filterLoc,,
4650,426,filterLoc,,
4650,429,filterLoc,,
4650,432,filterLoc,,
4650,435,filterLoc,,
4650,438,filterLoc,,
4650,441,filterLoc,,
4650,444,filterLoc,,
4650,447,filterLoc,,
4650,450,filterLoc,,
4650,453,filterLoc,,
4650,456,filterLoc,,
4650,459,filterLoc,,
4650,462,filterLoc,,
4650,465,filterLoc,,
4650,468,filterLoc,,
4650,471,filterLoc,,
4650,474,filterLoc,,
4650,477,filterLoc,,
4650,480,filterLoc,,
4650,483,filterLoc,,
4650,486,filterLoc,,
4650,489,filterLoc,,
4650,492,filterLoc,,
4650,495,filterLoc,,
4650,498,filterLoc,,
4650,501,filterLoc,,
4650,504,filterLoc,,
4650,507,filterLoc,,
4650,510,filterLoc,,
4650,513,filterLoc,,
4650,516,filterLoc,,
4650,519,filterLoc,,
4650,522,filterLoc,,
4650,525,filterLoc,,
4650,528,filterLoc,,
4650,531,filterLoc,,
4650,534,filterLoc,,
4650,537,filterLoc,,
4650,540,filterLoc,,
4650,543,filterLoc,,
4650,546,filterLoc,,
4650,549,filterLoc,,
4650,552,filterLoc,,
4650,555,filterLoc,,
4650,558,filterLoc,,
4650,561,filterLoc,,
4650,564,filterLoc,,
4650,567,filterLoc,,
4650,570,filterLoc,,
4650,573,filterLoc,,
4650,576,filterLoc,,
4650,579,filterLoc,,
4650,582,filterLoc,,
4650,585,filterLoc,,
4650,588,filterLoc,,
4650,591,filterLoc,,
4650,594,filterLoc,,
4650,597,filterLoc,,
4650,600,filterLoc,,
4650,603,filterLoc,,
4650,606,filterLoc,,
4650,609,filterLoc,,
4650,612,filterLoc,,
4650,615,filterLoc,,
4650,618,filterLoc,,
4650,621,filterLoc,,
4650,624,filterLoc,,
4650,627,filterLoc,,
4650,630,filterLoc,,
4650,633,filterLoc,,
4650,636,filterLoc,,
4650,639,filterLoc,,
4650,642,filterLoc,,
4650,645,filterLoc,,
4650,648,filterLoc,,
4650,651,filterLoc,,
4650,654,filterLoc,,
4650,657,filterLoc,,
4650,660,filterLoc,,
4650,663,filterLoc,,
4650,666,filterLoc,,
4650,669,filterLoc,,
4650,672,filterLoc,,
4650,675,filterLoc,,
4650,678,filterLoc,,
4650,681,filterLoc,,
4650,684,filterLoc,,
4650,687,filterLoc,,
4650,690,filterLoc,,
4650,693,filterLoc,,
4650,696,filterLoc,,
4650,699,filterLoc,,
4650,702,filterLoc,,
4650,705,filterLoc,,
4650,708,filterLoc,,
4650,711,filterLoc,,
4650,714,filterLoc,,
4650,717,filterLoc,,
4650,720,filterLoc,,
4650,723,filterLoc,,
4650,726,filterLoc,,
4650,729,filterLoc,,
4650,732,filterLoc,,
4650,735,filterLoc,,
4650,738,filterLoc,,
4650,741,filterLoc,,
4650,744,filterLoc,,
4650,747,filterLoc,,
4650,750,filterLoc,,
4650,753,filterLoc,,
4650,756,filterLoc,,
4650,759,filterLoc,,
4650,762,filterLoc,,
4650,765,filterLoc,,
4650,768,filterLoc,,
4650,771,filterLoc,,
4650,774,filterLoc,,
4650,777,filterLoc,,
4650,780,filterLoc,,
4650,783,filterLoc,,
4650,786,filterLoc,,
4650,789,filterLoc,,
4650,792,filterLoc,,
4650,795,filterLoc,,
4650,798,filterLoc,,
4650,801,filterLoc,,
4650,804,filterLoc,,
4650,807,filterLoc,,
4650,810,filterLoc,,
4650,813,filterLoc,,
4650,816,filterLoc,,
4650,819,filterLoc,,
4650,822,filterLoc,,
4650,825,filterLoc,,
4650,828,filterLoc,,
4650,831,filterLoc,,
4650,834,filterLoc,,
4650,837,filterLoc,,
4650,840,filterLoc,,
4650,843,filterLoc,,
4650,846,filterLoc,,
4650,849,filterLoc,,
4650,852,filterLoc,,
4650,855,filterLoc,,
4650,858,filterLoc,,
4650,861,filterLoc,,
4650,864,filterLoc,,
4650,867,filterLoc,,
4650,870,filterLoc,,
4650,873,filterLoc,,
4650,876,filterLoc,,
4650,879,filterLoc,,
4650,882,filterLoc,,
4650,885,filterLoc,,
4650,888,filterLoc,,
4650,891,filterLoc,,
4650,894,filterLoc,,
4650,897,filterLoc,,
4650,900,filterLoc,,
4650,903,filterLoc,,
4650,906,filterLoc,,
4650,909,filterLoc,,
4650,912,filterLoc,,
4650,915,filterLoc,,
4650,918,filterLoc,,
4650,921,filterLoc,,
4650,924,filterLoc,,
4650,927,filterLoc,,
4650,930,filterLoc,,
4650,933,filterLoc,,
4650,936,filterLoc,,
4650,939,filterLoc,,
4650,942,filterLoc,,
4650,945,filterLoc,,
4650,948,filterLoc,,;Evacuee;418;in triage category;Y;is entering helicopter;3
4650,951,filterLoc,,
4650,954,filterLoc,,
4650,957,filterLoc,,
4650,960,filterLoc,,
4650,963,filterLoc,,
4650,966,filterLoc,,
4650,969,filterLoc,,
4650,972,filterLoc,,
4650,975,filterLoc,,
4650,978,filterLoc,,
4650,981,filterLoc,,
4650,984,filterLoc,,
4650,987,filterLoc,,
4650,990,filterLoc,,
4650,993,filterLoc,,
4650,996,filterLoc,,
4650,999,filterLoc,,
4650,1002,filterLoc,,
4650,1005,filterLoc,,
4650,1008,filterLoc,,
4650,1011,filterLoc,,
4650,1014,filterLoc,,
4650,1017,filterLoc,,
4650,1020,filterLoc,,
4650,1023,filterLoc,,
4650,1026,filterLoc,,
4650,1029,filterLoc,,
4650,1032,filterLoc,,
4650,1035,filterLoc,,
4650,1038,filterLoc,,
4650,1041,filterLoc,,
4650,1044,filterLoc,,
4650,1047,filterLoc,,
4650,1050,filterLoc,,
4650,1053,filterLoc,,
4650,1056,filterLoc,,
4650,1059,filterLoc,,
4650,1062,filterLoc,,
4650,1065,filterLoc,,
4650,1068,filterLoc,,
4650,1071,filterLoc,,
4650,1074,filterLoc,,
4650,1077,filterLoc,,
4650,1080,filterLoc,,
4650,1083,filterLoc,,
4650,1086,filterLoc,,
4650,1089,filterLoc,,
4650,1092,filterLoc,,
4650,1095,filterLoc,,
4650,1098,filterLoc,,
4650,1101,filterLoc,,
4650,1104,filterLoc,,
4650,1107,filterLoc,,
4650,1110,filterLoc,,
4650,1113,filterLoc,,
4650,1116,filterLoc,,
4650,1123,filterLoc,,
4650,1126,filterLoc,,
4650,1129,filterLoc,,
4650,1132,filterLoc,,
4650,1135,filterLoc,,
4650,1138,filterLoc,,
4650,1141,filterLoc,,
4650,1144,filterLoc,,
4650,1147,filterLoc,,
4650,1150,filterLoc,,
4650,1153,filterLoc,,
4650,1156,filterLoc,,
4650,1163,filterLoc,,
4650,1166,filterLoc,,
4650,1169,filterLoc,,
4650,1172,filterLoc,,
4650,1175,filterLoc,,
4650,1178,filterLoc,,
4650,1181,filterLoc,,
4650,1184,filterLoc,,
4650,1187,filterLoc,,
4650,1190,filterLoc,,
4650,1193,filterLoc,,
4650,1196,filterLoc,,
4650,1199,filterLoc,,
4650,1202,filterLoc,,
4650,1205,filterLoc,,
4650,1208,filterLoc,,
4650,1211,filterLoc,,
4650,1214,filterLoc,,
4650,1217,filterLoc,,
4650,1220,filterLoc,,
4650,1223,filterLoc,,
4650,1226,filterLoc,,
4650,1229,filterLoc,,
4650,1232,filterLoc,,
4650,1235,filterLoc,,
4650,1238,filterLoc,,
4650,1241,filterLoc,,
4650,1244,filterLoc,,
4650,1247,filterLoc,,
4650,1250,filterLoc,,
4650,1253,filterLoc,,
4650,1256,filterLoc,,
4650,1259,filterLoc,,
4650,1262,filterLoc,,
4650,1265,filterLoc,,
4650,1268,filterLoc,,
4650,1271,filterLoc,,
4650,1274,filterLoc,,
4650,1277,filterLoc,,
4650,1280,filterLoc,,
4650,1283,filterLoc,,
4650,1286,filterLoc,,
4650,1289,filterLoc,,
4650,1292,filterLoc,,
4650,1295,filterLoc,,
4650,1298,filterLoc,,
4650,1301,filterLoc,,
4650,1304,filterLoc,,
4650,1307,filterLoc,,
4650,1310,filterLoc,,
4650,1313,filterLoc,,
4650,1316,filterLoc,,
4650,1319,filterLoc,,
4650,1322,filterLoc,,
4650,1325,filterLoc,,
4650,1328,filterLoc,,
4650,1331,filterLoc,,
4650,1334,filterLoc,,
4650,1337,filterLoc,,
4650,1340,filterLoc,,
4650,1343,filterLoc,,
4650,1346,filterLoc,,
4650,1349,filterLoc,,
4650,1352,filterLoc,,
4650,1355,filterLoc,,
4650,1358,filterLoc,,
4650,1361,filterLoc,,
4650,1364,filterLoc,,
4650,1367,filterLoc,,
4650,1370,filterLoc,,
4650,1373,filterLoc,,
4650,1376,filterLoc,,
4650,1379,filterLoc,,
4650,1382,filterLoc,,
4650,1385,filterLoc,,
4650,1388,filterLoc,,
4650,1391,filterLoc,,
4650,1394,filterLoc,,
4650,1397,filterLoc,,
4650,1400,filterLoc,,
4650,1403,filterLoc,,
4650,1406,filterLoc,,
4650,1409,filterLoc,,
4650,1412,filterLoc,,
4650,1415,filterLoc,,
4650,1418,filterLoc,,
4650,1421,filterLoc,,
4650,1424,filterLoc,,
4650,1427,filterLoc,,
4650,1430,filterLoc,,
4650,1433,filterLoc,,
4650,1436,filterLoc,,
4650,1439,filterLoc,,
4650,1442,filterLoc,,
4650,1445,filterLoc,,
4650,1448,filterLoc,,
4650,1451,filterLoc,,
4650,1454,filterLoc,,
4650,1457,filterLoc,,
4650,1460,filterLoc,,
4650,1463,filterLoc,,
4650,1466,filterLoc,,
4650,1469,filterLoc,,
4650,1472,filterLoc,,
4650,1475,filterLoc,,
4650,1478,filterLoc,,
4650,1481,filterLoc,,
4650,1484,filterLoc,,
4650,1487,filterLoc,,
4650,1490,filterLoc,,
4650,1493,filterLoc,,
4650,1496,filterLoc,,
4650,1499,filterLoc,,
4650,1502,filterLoc,,
4650,1505,filterLoc,,
4650,1508,filterLoc,,
4650,1511,filterLoc,,
4650,1514,filterLoc,,
4650,1517,filterLoc,,
4650,420,filterLoc,out,Evacuee 315 in triage category Y is assigned helicopter 3
4650,420,filterLoc,,
4650,421,evacuee,,Evacuee;315;in triage state;Y;is entering helicopter;3
4650,948,filterLoc,out,Evacuee 418 in triage category Y is assigned helicopter 3
4650,948,filterLoc,,
4650,949,evacuee,,Evacuee;418;in triage state;Y;is entering helicopter;3
4650,103,filterEvac,,;Evacuee;315;in triage category;Y;is entering helicopter;3;Evacuee;418;in triage category;Y;is entering helicopter;3
4650,421,evacuee,outHelo,Evacuee 315 in triage category Y is assigned helicopter 3
4650,421,evacuee,,Evacuee;315;in triage state;Y;is in helicopter;3
4650,949,evacuee,outHelo,Evacuee 418 in triage category Y is assigned helicopter 3
4650,949,evacuee,,Evacuee;418;in triage state;Y;is in helicopter;3
4650,1119,filterEvac,,
4650,1159,filterEvac,,
4650,103,filterEvac,out,Evacuee 315 in triage category Y is assigned helicopter 3
4650,103,filterEvac,out,Evacuee 418 in triage category Y is assigned helicopter 3
4650,103,filterEvac,,
4650,105,helicopter,,Helicopter;3;is loading people at the evacuation site;;and has;6;spots taken
4665,4,helipadManager,outHelo,Helicopter 3 has stopped
4665,4,helipadManager,outHQ,1
4665,4,helipadManager,,;No helos are at ES;Stopped evacuating people
4665,5,helicopterQueue,,;No helos are waiting to land
4665,104,filterES,,Helicopter;3;has stopped
4665,1120,filterES,,
4665,1160,filterES,,
4665,5,helicopterQueue,,;No helos are waiting to land
4665,104,filterES,out,Helicopter 3 has stopped
4665,104,filterES,,
4665,105,helicopter,,Helicopter;3;is loading people at the evacuation site;;and has;6;spots taken
4665,105,helicopter,,Helicopter;3;is returning to the FOL;;and has;6;spots taken
4695,7,filterLoc,,
4695,10,filterLoc,,
4695,13,filterLoc,,
4695,16,filterLoc,,
4695,19,filterLoc,,
4695,22,filterLoc,,
4695,25,filterLoc,,
4695,28,filterLoc,,
4695,31,filterLoc,,
4695,34,filterLoc,,
4695,37,filterLoc,,
4695,40,filterLoc,,
4695,43,filterLoc,,
4695,46,filterLoc,,
4695,49,filterLoc,,
4695,52,filterLoc,,
4695,55,filterLoc,,
4695,58,filterLoc,,
4695,61,filterLoc,,
4695,64,filterLoc,,
4695,67,filterLoc,,
4695,70,filterLoc,,
4695,73,filterLoc,,
4695,76,filterLoc,,
4695,79,filterLoc,,
4695,82,filterLoc,,
4695,85,filterLoc,,
4695,88,filterLoc,,
4695,91,filterLoc,,
4695,94,filterLoc,,
4695,97,filterLoc,,
4695,100,filterLoc,,
4695,107,filterLoc,,
4695,110,filterLoc,,
4695,113,filterLoc,,
4695,116,filterLoc,,
4695,119,filterLoc,,
4695,122,filterLoc,,
4695,125,filterLoc,,
4695,128,filterLoc,,
4695,131,filterLoc,,
4695,134,filterLoc,,
4695,137,filterLoc,,
4695,140,filterLoc,,
4695,143,filterLoc,,
4695,146,filterLoc,,
4695,149,filterLoc,,
4695,152,filterLoc,,
4695,155,filterLoc,,
4695,158,filterLoc,,
4695,161,filterLoc,,
4695,164,filterLoc,,
4695,167,filterLoc,,
4695,170,filterLoc,,
4695,173,filterLoc,,
4695,176,filterLoc,,
4695,179,filterLoc,,
4695,182,filterLoc,,
4695,185,filterLoc,,
4695,188,filterLoc,,
4695,191,filterLoc,,
4695,194,filterLoc,,
4695,197,filterLoc,,
4695,200,filterLoc,,
4695,203,filterLoc,,
4695,206,filterLoc,,
4695,209,filterLoc,,
4695,212,filterLoc,,
4695,215,filterLoc,,
4695,218,filterLoc,,
4695,221,filterLoc,,
4695,225,filterLoc,,
4695,228,filterLoc,,
4695,231,filterLoc,,
4695,234,filterLoc,,
4695,237,filterLoc,,
4695,240,filterLoc,,
4695,243,filterLoc,,
4695,246,filterLoc,,
4695,249,filterLoc,,
4695,252,filterLoc,,
4695,255,filterLoc,,
4695,258,filterLoc,,
4695,261,filterLoc,,
4695,264,filterLoc,,
4695,267,filterLoc,,
4695,270,filterLoc,,
4695,273,filterLoc,,
4695,276,filterLoc,,
4695,279,filterLoc,,
4695,282,filterLoc,,
4695,285,filterLoc,,
4695,288,filterLoc,,
4695,291,filterLoc,,
4695,294,filterLoc,,
4695,297,filterLoc,,
4695,300,filterLoc,,
4695,303,filterLoc,,
4695,306,filterLoc,,
4695,309,filterLoc,,
4695,312,filterLoc,,
4695,315,filterLoc,,
4695,318,filterLoc,,
4695,321,filterLoc,,
4695,324,filterLoc,,
4695,327,filterLoc,,
4695,330,filterLoc,,
4695,333,filterLoc,,
4695,336,filterLoc,,
4695,339,filterLoc,,
4695,342,filterLoc,,
4695,345,filterLoc,,
4695,348,filterLoc,,
4695,351,filterLoc,,
4695,354,filterLoc,,
4695,357,filterLoc,,
4695,360,filterLoc,,
4695,363,filterLoc,,
4695,366,filterLoc,,
4695,369,filterLoc,,
4695,372,filterLoc,,
4695,375,filterLoc,,
4695,378,filterLoc,,
4695,381,filterLoc,,
4695,384,filterLoc,,
4695,387,filterLoc,,
4695,390,filterLoc,,
4695,393,filterLoc,,
4695,396,filterLoc,,
4695,399,filterLoc,,
4695,402,filterLoc,,
4695,405,filterLoc,,
4695,408,filterLoc,,
4695,411,filterLoc,,
4695,414,filterLoc,,;Evacuee;278;in triage category;Y;is leaving helicopter;1
4695,417,filterLoc,,
4695,420,filterLoc,,
4695,423,filterLoc,,
4695,426,filterLoc,,
4695,429,filterLoc,,
4695,432,filterLoc,,
4695,435,filterLoc,,
4695,438,filterLoc,,
4695,441,filterLoc,,
4695,444,filterLoc,,
4695,447,filterLoc,,
4695,450,filterLoc,,
4695,453,filterLoc,,
4695,456,filterLoc,,
4695,459,filterLoc,,
4695,462,filterLoc,,
4695,465,filterLoc,,
4695,468,filterLoc,,
4695,471,filterLoc,,
4695,474,filterLoc,,
4695,477,filterLoc,,
4695,480,filterLoc,,
4695,483,filterLoc,,
4695,486,filterLoc,,
4695,489,filterLoc,,
4695,492,filterLoc,,
4695,495,filterLoc,,
4695,498,filterLoc,,
4695,501,filterLoc,,
4695,504,filterLoc,,
4695,507,filterLoc,,
4695,510,filterLoc,,
4695,513,filterLoc,,
4695,516,filterLoc,,
4695,519,filterLoc,,
4695,522,filterLoc,,
4695,525,filterLoc,,
4695,528,filterLoc,,
4695,531,filterLoc,,
4695,534,filterLoc,,
4695,537,filterLoc,,
4695,540,filterLoc,,
4695,543,filterLoc,,
4695,546,filterLoc,,
4695,549,filterLoc,,
4695,552,filterLoc,,
4695,555,filterLoc,,
4695,558,filterLoc,,
4695,561,filterLoc,,
4695,564,filterLoc,,
4695,567,filterLoc,,
4695,570,filterLoc,,
4695,573,filterLoc,,
4695,576,filterLoc,,
4695,579,filterLoc,,
4695,582,filterLoc,,
4695,585,filterLoc,,
4695,588,filterLoc,,
4695,591,filterLoc,,
4695,594,filterLoc,,
4695,597,filterLoc,,
4695,600,filterLoc,,
4695,603,filterLoc,,
4695,606,filterLoc,,
4695,609,filterLoc,,
4695,612,filterLoc,,
4695,615,filterLoc,,
4695,618,filterLoc,,
4695,621,filterLoc,,
4695,624,filterLoc,,
4695,627,filterLoc,,
4695,630,filterLoc,,
4695,633,filterLoc,,
4695,636,filterLoc,,
4695,639,filterLoc,,
4695,642,filterLoc,,
4695,645,filterLoc,,
4695,648,filterLoc,,
4695,651,filterLoc,,
4695,654,filterLoc,,
4695,657,filterLoc,,
4695,660,filterLoc,,
4695,663,filterLoc,,
4695,666,filterLoc,,
4695,669,filterLoc,,
4695,672,filterLoc,,
4695,675,filterLoc,,
4695,678,filterLoc,,
4695,681,filterLoc,,
4695,684,filterLoc,,
4695,687,filterLoc,,
4695,690,filterLoc,,
4695,693,filterLoc,,
4695,696,filterLoc,,
4695,699,filterLoc,,
4695,702,filterLoc,,
4695,705,filterLoc,,
4695,708,filterLoc,,
4695,711,filterLoc,,
4695,714,filterLoc,,
4695,717,filterLoc,,
4695,720,filterLoc,,
4695,723,filterLoc,,
4695,726,filterLoc,,
4695,729,filterLoc,,
4695,732,filterLoc,,
4695,735,filterLoc,,;Evacuee;147;in triage category;Y;is leaving helicopter;1
4695,738,filterLoc,,
4695,741,filterLoc,,
4695,744,filterLoc,,
4695,747,filterLoc,,
4695,750,filterLoc,,
4695,753,filterLoc,,
4695,756,filterLoc,,
4695,759,filterLoc,,
4695,762,filterLoc,,
4695,765,filterLoc,,
4695,768,filterLoc,,
4695,771,filterLoc,,
4695,774,filterLoc,,
4695,777,filterLoc,,
4695,780,filterLoc,,
4695,783,filterLoc,,
4695,786,filterLoc,,
4695,789,filterLoc,,
4695,792,filterLoc,,
4695,795,filterLoc,,
4695,798,filterLoc,,
4695,801,filterLoc,,
4695,804,filterLoc,,
4695,807,filterLoc,,
4695,810,filterLoc,,
4695,813,filterLoc,,
4695,816,filterLoc,,
4695,819,filterLoc,,
4695,822,filterLoc,,
4695,825,filterLoc,,
4695,828,filterLoc,,
4695,831,filterLoc,,
4695,834,filterLoc,,
4695,837,filterLoc,,
4695,840,filterLoc,,
4695,843,filterLoc,,
4695,846,filterLoc,,
4695,849,filterLoc,,
4695,852,filterLoc,,
4695,855,filterLoc,,
4695,858,filterLoc,,
4695,861,filterLoc,,
4695,864,filterLoc,,
4695,867,filterLoc,,
4695,870,filterLoc,,
4695,873,filterLoc,,
4695,876,filterLoc,,
4695,879,filterLoc,,
4695,882,filterLoc,,
4695,885,filterLoc,,
4695,888,filterLoc,,
4695,891,filterLoc,,
4695,894,filterLoc,,
4695,897,filterLoc,,
4695,900,filterLoc,,
4695,903,filterLoc,,
4695,906,filterLoc,,
4695,909,filterLoc,,
4695,912,filterLoc,,
4695,915,filterLoc,,
4695,918,filterLoc,,
4695,921,filterLoc,,
4695,924,filterLoc,,
4695,927,filterLoc,,
4695,930,filterLoc,,
4695,933,filterLoc,,
4695,936,filterLoc,,
4695,939,filterLoc,,
4695,942,filterLoc,,
4695,945,filterLoc,,
4695,948,filterLoc,,
4695,951,filterLoc,,
4695,954,filterLoc,,
4695,957,filterLoc,,
4695,960,filterLoc,,
4695,963,filterLoc,,
4695,966,filterLoc,,
4695,969,filterLoc,,
4695,972,filterLoc,,
4695,975,filterLoc,,
4695,978,filterLoc,,
4695,981,filterLoc,,
4695,984,filterLoc,,
4695,987,filterLoc,,
4695,990,filterLoc,,
4695,993,filterLoc,,
4695,996,filterLoc,,
4695,999,filterLoc,,
4695,1002,filterLoc,,
4695,1005,filterLoc,,
4695,1008,filterLoc,,
4695,1011,filterLoc,,
4695,1014,filterLoc,,
4695,1017,filterLoc,,
4695,1020,filterLoc,,
4695,1023,filterLoc,,
4695,1026,filterLoc,,
4695,1029,filterLoc,,
4695,1032,filterLoc,,
4695,1035,filterLoc,,
4695,1038,filterLoc,,
4695,1041,filterLoc,,
4695,1044,filterLoc,,
4695,1047,filterLoc,,
4695,1050,filterLoc,,
4695,1053,filterLoc,,
4695,1056,filterLoc,,
4695,1059,filterLoc,,
4695,1062,filterLoc,,
4695,1065,filterLoc,,
4695,1068,filterLoc,,
4695,1071,filterLoc,,
4695,1074,filterLoc,,
4695,1077,filterLoc,,
4695,1080,filterLoc,,
4695,1083,filterLoc,,
4695,1086,filterLoc,,
4695,1089,filterLoc,,
4695,1092,filterLoc,,
4695,1095,filterLoc,,
4695,1098,filterLoc,,
4695,1101,filterLoc,,
4695,1104,filterLoc,,
4695,1107,filterLoc,,
4695,1110,filterLoc,,
4695,1113,filterLoc,,
4695,1116,filterLoc,,
4695,1123,filterLoc,,
4695,1126,filterLoc,,
4695,1129,filterLoc,,
4695,1132,filterLoc,,
4695,1135,filterLoc,,
4695,1138,filterLoc,,
4695,1141,filterLoc,,
4695,1144,filterLoc,,
4695,1147,filterLoc,,
4695,1150,filterLoc,,;Evacuee;231;in triage category;Y;is leaving helicopter;1
4695,1153,filterLoc,,
4695,1156,filterLoc,,
4695,1161,helicopter,outEvac,Evacuee 147 in triage category Y is not assigned a helicopter
4695,1161,helicopter,outEvac,Evacuee 231 in triage category Y is not assigned a helicopter
4695,1161,helicopter,outEvac,Evacuee 278 in triage category Y is not assigned a helicopter
4695,1161,helicopter,,Helicopter;1;is unloading people at the FOL;;and has;0;spots taken
4695,1163,filterLoc,,
4695,1166,filterLoc,,
4695,1169,filterLoc,,
4695,1172,filterLoc,,
4695,1175,filterLoc,,
4695,1178,filterLoc,,
4695,1181,filterLoc,,
4695,1184,filterLoc,,
4695,1187,filterLoc,,
4695,1190,filterLoc,,
4695,1193,filterLoc,,
4695,1196,filterLoc,,
4695,1199,filterLoc,,
4695,1202,filterLoc,,
4695,1205,filterLoc,,
4695,1208,filterLoc,,
4695,1211,filterLoc,,
4695,1214,filterLoc,,
4695,1217,filterLoc,,
4695,1220,filterLoc,,
4695,1223,filterLoc,,
4695,1226,filterLoc,,
4695,1229,filterLoc,,
4695,1232,filterLoc,,
4695,1235,filterLoc,,
4695,1238,filterLoc,,
4695,1241,filterLoc,,
4695,1244,filterLoc,,
4695,1247,filterLoc,,
4695,1250,filterLoc,,
4695,1253,filterLoc,,
4695,1256,filterLoc,,
4695,1259,filterLoc,,
4695,1262,filterLoc,,
4695,1265,filterLoc,,
4695,1268,filterLoc,,
4695,1271,filterLoc,,
4695,1274,filterLoc,,
4695,1277,filterLoc,,
4695,1280,filterLoc,,
4695,1283,filterLoc,,
4695,1286,filterLoc,,
4695,1289,filterLoc,,
4695,1292,filterLoc,,
4695,1295,filterLoc,,
4695,1298,filterLoc,,
4695,1301,filterLoc,,
4695,1304,filterLoc,,
4695,1307,filterLoc,,
4695,1310,filterLoc,,
4695,1313,filterLoc,,
4695,1316,filterLoc,,
4695,1319,filterLoc,,
4695,1322,filterLoc,,
4695,1325,filterLoc,,
4695,1328,filterLoc,,
4695,1331,filterLoc,,
4695,1334,filterLoc,,
4695,1337,filterLoc,,
4695,1340,filterLoc,,
4695,1343,filterLoc,,
4695,1346,filterLoc,,
4695,1349,filterLoc,,
4695,1352,filterLoc,,
4695,1355,filterLoc,,
4695,1358,filterLoc,,
4695,1361,filterLoc,,
4695,1364,filterLoc,,
4695,1367,filterLoc,,
4695,1370,filterLoc,,
4695,1373,filterLoc,,
4695,1376,filterLoc,,
4695,1379,filterLoc,,
4695,1382,filterLoc,,
4695,1385,filterLoc,,
4695,1388,filterLoc,,
4695,1391,filterLoc,,
4695,1394,filterLoc,,
4695,1397,filterLoc,,
4695,1400,filterLoc,,
4695,1403,filterLoc,,
4695,1406,filterLoc,,
4695,1409,filterLoc,,
4695,1412,filterLoc,,
4695,1415,filterLoc,,
4695,1418,filterLoc,,
4695,1421,filterLoc,,
4695,1424,filterLoc,,
4695,1427,filterLoc,,
4695,1430,filterLoc,,
4695,1433,filterLoc,,
4695,1436,filterLoc,,
4695,1439,filterLoc,,
4695,1442,filterLoc,,
4695,1445,filterLoc,,
4695,1448,filterLoc,,
4695,1451,filterLoc,,
4695,1454,filterLoc,,
4695,1457,filterLoc,,
4695,1460,filterLoc,,
4695,1463,filterLoc,,
4695,1466,filterLoc,,
4695,1469,filterLoc,,
4695,1472,filterLoc,,
4695,1475,filterLoc,,
4695,1478,filterLoc,,
4695,1481,filterLoc,,
4695,1484,filterLoc,,
4695,1487,filterLoc,,
4695,1490,filterLoc,,
4695,1493,filterLoc,,
4695,1496,filterLoc,,
4695,1499,filterLoc,,
4695,1502,filterLoc,,
4695,1505,filterLoc,,
4695,1508,filterLoc,,
4695,1511,filterLoc,,
4695,1514,filterLoc,,
4695,1517,filterLoc,,
4695,414,filterLoc,out,Evacuee 278 in triage category Y is not assigned a helicopter
4695,414,filterLoc,,
4695,415,evacuee,,Evacuee;278;in triage state;Y;is entering the FOL
4695,735,filterLoc,out,Evacuee 147 in triage category Y is not assigned a helicopter
4695,735,filterLoc,,
4695,736,evacuee,,Evacuee;147;in triage state;Y;is entering the FOL
4695,1150,filterLoc,out,Evacuee 231 in triage category Y is not assigned a helicopter
4695,1150,filterLoc,,
4695,1151,evacuee,,Evacuee;231;in triage state;Y;is entering the FOL
4695,223,FOL,,;EvacueeID;2;Triage Status;G;EvacueeID;4;Triage Status;G;EvacueeID;9;Triage Status;G;EvacueeID;11;Triage Status;G;EvacueeID;13;Triage Status;G;EvacueeID;14;Triage Status;G;EvacueeID;18;Triage Status;G;EvacueeID;22;Triage Status;G;EvacueeID;23;Triage Status;G;EvacueeID;24;Triage Status;G;EvacueeID;25;Triage Status;G;EvacueeID;29;Triage Status;G;EvacueeID;32;Triage Status;G;EvacueeID;33;Triage Status;G;EvacueeID;34;Triage Status;G;EvacueeID;37;Triage Status;G;EvacueeID;44;Triage Status;G;EvacueeID;45;Triage Status;G;EvacueeID;48;Triage Status;G;EvacueeID;49;Triage Status;G;EvacueeID;50;Triage Status;G;EvacueeID;55;Triage Status;G;EvacueeID;58;Triage Status;G;EvacueeID;60;Triage Status;G;EvacueeID;65;Triage Status;G;EvacueeID;67;Triage Status;G;EvacueeID;71;Triage Status;G;EvacueeID;74;Triage Status;G;EvacueeID;75;Triage Status;G;EvacueeID;76;Triage Status;G;EvacueeID;81;Triage Status;G;EvacueeID;83;Triage Status;G;EvacueeID;85;Triage Status;G;EvacueeID;90;Triage Status;G;EvacueeID;92;Triage Status;G;EvacueeID;93;Triage Status;G;EvacueeID;104;Triage Status;G;EvacueeID;105;Triage Status;G;EvacueeID;106;Triage Status;G;EvacueeID;117;Triage Status;G;EvacueeID;121;Triage Status;G;EvacueeID;123;Triage Status;G;EvacueeID;127;Triage Status;G;EvacueeID;136;Triage Status;G;EvacueeID;144;Triage Status;G;EvacueeID;148;Triage Status;G;EvacueeID;152;Triage Status;G;EvacueeID;153;Triage Status;G;EvacueeID;158;Triage Status;G;EvacueeID;159;Triage Status;G;EvacueeID;161;Triage Status;G;EvacueeID;164;Triage Status;G;EvacueeID;165;Triage Status;G;EvacueeID;169;Triage Status;G;EvacueeID;170;Triage Status;G;EvacueeID;171;Triage Status;G;EvacueeID;174;Triage Status;G;EvacueeID;177;Triage Status;G;EvacueeID;181;Triage Status;G;EvacueeID;187;Triage Status;G;EvacueeID;188;Triage Status;G;EvacueeID;190;Triage Status;G;EvacueeID;192;Triage Status;G;EvacueeID;200;Triage Status;G;EvacueeID;201;Triage Status;G;EvacueeID;202;Triage Status;G;EvacueeID;209;Triage Status;G;EvacueeID;210;Triage Status;G;EvacueeID;212;Triage Status;G;EvacueeID;218;Triage Status;G;EvacueeID;224;Triage Status;G;EvacueeID;225;Triage Status;G;EvacueeID;226;Triage Status;G;EvacueeID;227;Triage Status;G;EvacueeID;235;Triage Status;G;EvacueeID;245;Triage Status;G;EvacueeID;246;Triage Status;G;EvacueeID;252;Triage Status;G;EvacueeID;254;Triage Status;G;EvacueeID;255;Triage Status;G;EvacueeID;257;Triage Status;G;EvacueeID;258;Triage Status;G;EvacueeID;263;Triage Status;G;EvacueeID;271;Triage Status;G;EvacueeID;272;Triage Status;G;EvacueeID;273;Triage Status;G;EvacueeID;274;Triage Status;G;EvacueeID;290;Triage Status;G;EvacueeID;291;Triage Status;G;EvacueeID;292;Triage Status;G;EvacueeID;301;Triage Status;G;EvacueeID;311;Triage Status;G;EvacueeID;317;Triage Status;G;EvacueeID;318;Triage Status;G;EvacueeID;319;Triage Status;G;EvacueeID;321;Triage Status;G;EvacueeID;322;Triage Status;G;EvacueeID;329;Triage Status;G;EvacueeID;332;Triage Status;G;EvacueeID;337;Triage Status;G;EvacueeID;339;Triage Status;G;EvacueeID;346;Triage Status;G;EvacueeID;348;Triage Status;G;EvacueeID;349;Triage Status;G;EvacueeID;350;Triage Status;G;EvacueeID;351;Triage Status;G;EvacueeID;353;Triage Status;G;EvacueeID;378;Triage Status;G;EvacueeID;379;Triage Status;G;EvacueeID;380;Triage Status;G;EvacueeID;381;Triage Status;G;EvacueeID;385;Triage Status;G;EvacueeID;386;Triage Status;G;EvacueeID;387;Triage Status;G;EvacueeID;388;Triage Status;G;EvacueeID;391;Triage Status;G;EvacueeID;402;Triage Status;G;EvacueeID;403;Triage Status;G;EvacueeID;404;Triage Status;G;EvacueeID;406;Triage Status;G;EvacueeID;408;Triage Status;G;EvacueeID;409;Triage Status;G;EvacueeID;412;Triage Status;G;EvacueeID;413;Triage Status;G;EvacueeID;424;Triage Status;G;EvacueeID;427;Triage Status;G;EvacueeID;431;Triage Status;G;EvacueeID;432;Triage Status;G;EvacueeID;435;Triage Status;G;EvacueeID;440;Triage Status;G;EvacueeID;442;Triage Status;G;EvacueeID;445;Triage Status;G;EvacueeID;448;Triage Status;G;EvacueeID;454;Triage Status;G;EvacueeID;455;Triage Status;G;EvacueeID;463;Triage Status;G;EvacueeID;464;Triage Status;G;EvacueeID;465;Triage Status;G;EvacueeID;468;Triage Status;G;EvacueeID;471;Triage Status;G;EvacueeID;193;Triage Status;Y;EvacueeID;357;Triage Status;R;EvacueeID;392;Triage Status;Y;EvacueeID;147;Triage Status;Y;EvacueeID;231;Triage Status;Y;EvacueeID;278;Triage Status;Y;Lives Saved;146
4695,415,evacuee,outFOL,Evacuee 278 in triage category Y is not assigned a helicopter
4695,415,evacuee,,Evacuee;278;in triage state;Y;is at the FOL
4695,736,evacuee,outFOL,Evacuee 147 in triage category Y is not assigned a helicopter
4695,736,evacuee,,Evacuee;147;in triage state;Y;is at the FOL
4695,1151,evacuee,outFOL,Evacuee 231 in triage category Y is not assigned a helicopter
4695,1151,evacuee,,Evacuee;231;in triage state;Y;is at the FOL
4695,223,FOL,,;EvacueeID;2;Triage Status;G;EvacueeID;4;Triage Status;G;EvacueeID;9;Triage Status;G;EvacueeID;11;Triage Status;G;EvacueeID;13;Triage Status;G;EvacueeID;14;Triage Status;G;EvacueeID;18;Triage Status;G;EvacueeID;22;Triage Status;G;EvacueeID;23;Triage Status;G;EvacueeID;24;Triage Status;G;EvacueeID;25;Triage Status;G;EvacueeID;29;Triage Status;G;EvacueeID;32;Triage Status;G;EvacueeID;33;Triage Status;G;EvacueeID;34;Triage Status;G;EvacueeID;37;Triage Status;G;EvacueeID;44;Triage Status;G;EvacueeID;45;Triage Status;G;EvacueeID;48;Triage Status;G;EvacueeID;49;Triage Status;G;EvacueeID;50;Triage Status;G;EvacueeID;55;Triage Status;G;EvacueeID;58;Triage Status;G;EvacueeID;60;Triage Status;G;EvacueeID;65;Triage Status;G;EvacueeID;67;Triage Status;G;EvacueeID;71;Triage Status;G;EvacueeID;74;Triage Status;G;EvacueeID;75;Triage Status;G;EvacueeID;76;Triage Status;G;EvacueeID;81;Triage Status;G;EvacueeID;83;Triage Status;G;EvacueeID;85;Triage Status;G;EvacueeID;90;Triage Status;G;EvacueeID;92;Triage Status;G;EvacueeID;93;Triage Status;G;EvacueeID;104;Triage Status;G;EvacueeID;105;Triage Status;G;EvacueeID;106;Triage Status;G;EvacueeID;117;Triage Status;G;EvacueeID;121;Triage Status;G;EvacueeID;123;Triage Status;G;EvacueeID;127;Triage Status;G;EvacueeID;136;Triage Status;G;EvacueeID;144;Triage Status;G;EvacueeID;148;Triage Status;G;EvacueeID;152;Triage Status;G;EvacueeID;153;Triage Status;G;EvacueeID;158;Triage Status;G;EvacueeID;159;Triage Status;G;EvacueeID;161;Triage Status;G;EvacueeID;164;Triage Status;G;EvacueeID;165;Triage Status;G;EvacueeID;169;Triage Status;G;EvacueeID;170;Triage Status;G;EvacueeID;171;Triage Status;G;EvacueeID;174;Triage Status;G;EvacueeID;177;Triage Status;G;EvacueeID;181;Triage Status;G;EvacueeID;187;Triage Status;G;EvacueeID;188;Triage Status;G;EvacueeID;190;Triage Status;G;EvacueeID;192;Triage Status;G;EvacueeID;200;Triage Status;G;EvacueeID;201;Triage Status;G;EvacueeID;202;Triage Status;G;EvacueeID;209;Triage Status;G;EvacueeID;210;Triage Status;G;EvacueeID;212;Triage Status;G;EvacueeID;218;Triage Status;G;EvacueeID;224;Triage Status;G;EvacueeID;225;Triage Status;G;EvacueeID;226;Triage Status;G;EvacueeID;227;Triage Status;G;EvacueeID;235;Triage Status;G;EvacueeID;245;Triage Status;G;EvacueeID;246;Triage Status;G;EvacueeID;252;Triage Status;G;EvacueeID;254;Triage Status;G;EvacueeID;255;Triage Status;G;EvacueeID;257;Triage Status;G;EvacueeID;258;Triage Status;G;EvacueeID;263;Triage Status;G;EvacueeID;271;Triage Status;G;EvacueeID;272;Triage Status;G;EvacueeID;273;Triage Status;G;EvacueeID;274;Triage Status;G;EvacueeID;290;Triage Status;G;EvacueeID;291;Triage Status;G;EvacueeID;292;Triage Status;G;EvacueeID;301;Triage Status;G;EvacueeID;311;Triage Status;G;EvacueeID;317;Triage Status;G;EvacueeID;318;Triage Status;G;EvacueeID;319;Triage Status;G;EvacueeID;321;Triage Status;G;EvacueeID;322;Triage Status;G;EvacueeID;329;Triage Status;G;EvacueeID;332;Triage Status;G;EvacueeID;337;Triage Status;G;EvacueeID;339;Triage Status;G;EvacueeID;346;Triage Status;G;EvacueeID;348;Triage Status;G;EvacueeID;349;Triage Status;G;EvacueeID;350;Triage Status;G;EvacueeID;351;Triage Status;G;EvacueeID;353;Triage Status;G;EvacueeID;378;Triage Status;G;EvacueeID;379;Triage Status;G;EvacueeID;380;Triage Status;G;EvacueeID;381;Triage Status;G;EvacueeID;385;Triage Status;G;EvacueeID;386;Triage Status;G;EvacueeID;387;Triage Status;G;EvacueeID;388;Triage Status;G;EvacueeID;391;Triage Status;G;EvacueeID;402;Triage Status;G;EvacueeID;403;Triage Status;G;EvacueeID;404;Triage Status;G;EvacueeID;406;Triage Status;G;EvacueeID;408;Triage Status;G;EvacueeID;409;Triage Status;G;EvacueeID;412;Triage Status;G;EvacueeID;413;Triage Status;G;EvacueeID;424;Triage Status;G;EvacueeID;427;Triage Status;G;EvacueeID;431;Triage Status;G;EvacueeID;432;Triage Status;G;EvacueeID;435;Triage Status;G;EvacueeID;440;Triage Status;G;EvacueeID;442;Triage Status;G;EvacueeID;445;Triage Status;G;EvacueeID;448;Triage Status;G;EvacueeID;454;Triage Status;G;EvacueeID;455;Triage Status;G;EvacueeID;463;Triage Status;G;EvacueeID;464;Triage Status;G;EvacueeID;465;Triage Status;G;EvacueeID;468;Triage Status;G;EvacueeID;471;Triage Status;G;EvacueeID;193;Triage Status;Y;EvacueeID;357;Triage Status;R;EvacueeID;392;Triage Status;Y;EvacueeID;147;Triage Status;Y;EvacueeID;231;Triage Status;Y;EvacueeID;278;Triage Status;Y;Lives Saved;146
4710,1161,helicopter,,Helicopter;1;Is going to the evacuation site;;and has;0;spots taken
4755,7,filterLoc,,
4755,10,filterLoc,,
4755,13,filterLoc,,
4755,16,filterLoc,,
4755,19,filterLoc,,
4755,22,filterLoc,,
4755,25,filterLoc,,
4755,28,filterLoc,,
4755,31,filterLoc,,
4755,34,filterLoc,,
4755,37,filterLoc,,
4755,40,filterLoc,,
4755,43,filterLoc,,
4755,46,filterLoc,,
4755,49,filterLoc,,
4755,52,filterLoc,,
4755,55,filterLoc,,
4755,58,filterLoc,,
4755,61,filterLoc,,
4755,64,filterLoc,,
4755,67,filterLoc,,
4755,70,filterLoc,,
4755,73,filterLoc,,
4755,76,filterLoc,,
4755,79,filterLoc,,
4755,82,filterLoc,,
4755,85,filterLoc,,
4755,88,filterLoc,,
4755,91,filterLoc,,
4755,94,filterLoc,,
4755,97,filterLoc,,
4755,100,filterLoc,,
4755,107,filterLoc,,
4755,110,filterLoc,,
4755,113,filterLoc,,
4755,116,filterLoc,,
4755,119,filterLoc,,
4755,122,filterLoc,,
4755,125,filterLoc,,
4755,128,filterLoc,,
4755,131,filterLoc,,
4755,134,filterLoc,,
4755,137,filterLoc,,
4755,140,filterLoc,,
4755,143,filterLoc,,
4755,146,filterLoc,,
4755,149,filterLoc,,
4755,152,filterLoc,,
4755,155,filterLoc,,
4755,158,filterLoc,,
4755,161,filterLoc,,
4755,164,filterLoc,,
4755,167,filterLoc,,
4755,170,filterLoc,,
4755,173,filterLoc,,
4755,176,filterLoc,,
4755,179,filterLoc,,
4755,182,filterLoc,,
4755,185,filterLoc,,
4755,188,filterLoc,,
4755,191,filterLoc,,
4755,194,filterLoc,,
4755,197,filterLoc,,
4755,200,filterLoc,,
4755,203,filterLoc,,
4755,206,filterLoc,,
4755,209,filterLoc,,
4755,212,filterLoc,,
4755,215,filterLoc,,
4755,218,filterLoc,,
4755,221,filterLoc,,
4755,225,filterLoc,,
4755,228,filterLoc,,
4755,231,filterLoc,,
4755,234,filterLoc,,
4755,237,filterLoc,,
4755,240,filterLoc,,
4755,243,filterLoc,,
4755,246,filterLoc,,
4755,249,filterLoc,,
4755,252,filterLoc,,
4755,255,filterLoc,,
4755,258,filterLoc,,
4755,261,filterLoc,,
4755,264,filterLoc,,
4755,267,filterLoc,,
4755,270,filterLoc,,
4755,273,filterLoc,,
4755,276,filterLoc,,
4755,279,filterLoc,,
4755,282,filterLoc,,
4755,285,filterLoc,,
4755,288,filterLoc,,
4755,291,filterLoc,,
4755,294,filterLoc,,
4755,297,filterLoc,,
4755,300,filterLoc,,
4755,303,filterLoc,,;Evacuee;325;in triage category;Y;is leaving helicopter;2
4755,306,filterLoc,,
4755,309,filterLoc,,
4755,312,filterLoc,,
4755,315,filterLoc,,
4755,318,filterLoc,,
4755,321,filterLoc,,
4755,324,filterLoc,,
4755,327,filterLoc,,
4755,330,filterLoc,,
4755,333,filterLoc,,
4755,336,filterLoc,,
4755,339,filterLoc,,
4755,342,filterLoc,,
4755,345,filterLoc,,
4755,348,filterLoc,,
4755,351,filterLoc,,
4755,354,filterLoc,,
4755,357,filterLoc,,
4755,360,filterLoc,,
4755,363,filterLoc,,
4755,366,filterLoc,,
4755,369,filterLoc,,
4755,372,filterLoc,,
4755,375,filterLoc,,
4755,378,filterLoc,,
4755,381,filterLoc,,
4755,384,filterLoc,,
4755,387,filterLoc,,
4755,390,filterLoc,,
4755,393,filterLoc,,
4755,396,filterLoc,,
4755,399,filterLoc,,
4755,402,filterLoc,,
4755,405,filterLoc,,
4755,408,filterLoc,,
4755,411,filterLoc,,
4755,414,filterLoc,,
4755,417,filterLoc,,
4755,420,filterLoc,,
4755,423,filterLoc,,
4755,426,filterLoc,,
4755,429,filterLoc,,
4755,432,filterLoc,,
4755,435,filterLoc,,
4755,438,filterLoc,,
4755,441,filterLoc,,
4755,444,filterLoc,,
4755,447,filterLoc,,
4755,450,filterLoc,,
4755,453,filterLoc,,
4755,456,filterLoc,,
4755,459,filterLoc,,
4755,462,filterLoc,,
4755,465,filterLoc,,
4755,468,filterLoc,,
4755,471,filterLoc,,
4755,474,filterLoc,,
4755,477,filterLoc,,
4755,480,filterLoc,,
4755,483,filterLoc,,
4755,486,filterLoc,,
4755,489,filterLoc,,
4755,492,filterLoc,,
4755,495,filterLoc,,
4755,498,filterLoc,,
4755,501,filterLoc,,
4755,504,filterLoc,,
4755,507,filterLoc,,
4755,510,filterLoc,,
4755,513,filterLoc,,
4755,516,filterLoc,,
4755,519,filterLoc,,
4755,522,filterLoc,,
4755,525,filterLoc,,
4755,528,filterLoc,,
4755,531,filterLoc,,
4755,534,filterLoc,,
4755,537,filterLoc,,
4755,540,filterLoc,,
4755,543,filterLoc,,
4755,546,filterLoc,,
4755,549,filterLoc,,
4755,552,filterLoc,,
4755,555,filterLoc,,
4755,558,filterLoc,,
4755,561,filterLoc,,
4755,564,filterLoc,,
4755,567,filterLoc,,
4755,570,filterLoc,,
4755,573,filterLoc,,
4755,576,filterLoc,,
4755,579,filterLoc,,
4755,582,filterLoc,,
4755,585,filterLoc,,
4755,588,filterLoc,,
4755,591,filterLoc,,
4755,594,filterLoc,,
4755,597,filterLoc,,
4755,600,filterLoc,,
4755,603,filterLoc,,
4755,606,filterLoc,,
4755,609,filterLoc,,
4755,612,filterLoc,,
4755,615,filterLoc,,
4755,618,filterLoc,,
4755,621,filterLoc,,
4755,624,filterLoc,,
4755,627,filterLoc,,
4755,630,filterLoc,,
4755,633,filterLoc,,
4755,636,filterLoc,,
4755,639,filterLoc,,
4755,642,filterLoc,,
4755,645,filterLoc,,
4755,648,filterLoc,,
4755,651,filterLoc,,
4755,654,filterLoc,,
4755,657,filterLoc,,
4755,660,filterLoc,,
4755,663,filterLoc,,
4755,666,filterLoc,,
4755,669,filterLoc,,
4755,672,filterLoc,,;Evacuee;300;in triage category;Y;is leaving helicopter;2
4755,675,filterLoc,,
4755,678,filterLoc,,
4755,681,filterLoc,,
4755,684,filterLoc,,
4755,687,filterLoc,,
4755,690,filterLoc,,
4755,693,filterLoc,,
4755,696,filterLoc,,
4755,699,filterLoc,,
4755,702,filterLoc,,
4755,705,filterLoc,,
4755,708,filterLoc,,
4755,711,filterLoc,,
4755,714,filterLoc,,
4755,717,filterLoc,,
4755,720,filterLoc,,
4755,723,filterLoc,,
4755,726,filterLoc,,
4755,729,filterLoc,,
4755,732,filterLoc,,
4755,735,filterLoc,,
4755,738,filterLoc,,
4755,741,filterLoc,,
4755,744,filterLoc,,
4755,747,filterLoc,,
4755,750,filterLoc,,
4755,753,filterLoc,,
4755,756,filterLoc,,
4755,759,filterLoc,,
4755,762,filterLoc,,
4755,765,filterLoc,,
4755,768,filterLoc,,
4755,771,filterLoc,,
4755,774,filterLoc,,
4755,777,filterLoc,,
4755,780,filterLoc,,
4755,783,filterLoc,,
4755,786,filterLoc,,
4755,789,filterLoc,,
4755,792,filterLoc,,
4755,795,filterLoc,,
4755,798,filterLoc,,
4755,801,filterLoc,,
4755,804,filterLoc,,
4755,807,filterLoc,,
4755,810,filterLoc,,
4755,813,filterLoc,,
4755,816,filterLoc,,
4755,819,filterLoc,,
4755,822,filterLoc,,
4755,825,filterLoc,,
4755,828,filterLoc,,
4755,831,filterLoc,,
4755,834,filterLoc,,
4755,837,filterLoc,,
4755,840,filterLoc,,
4755,843,filterLoc,,
4755,846,filterLoc,,
4755,849,filterLoc,,
4755,852,filterLoc,,
4755,855,filterLoc,,
4755,858,filterLoc,,
4755,861,filterLoc,,
4755,864,filterLoc,,
4755,867,filterLoc,,
4755,870,filterLoc,,
4755,873,filterLoc,,
4755,876,filterLoc,,
4755,879,filterLoc,,
4755,882,filterLoc,,
4755,885,filterLoc,,
4755,888,filterLoc,,
4755,891,filterLoc,,
4755,894,filterLoc,,
4755,897,filterLoc,,
4755,900,filterLoc,,
4755,903,filterLoc,,
4755,906,filterLoc,,
4755,909,filterLoc,,
4755,912,filterLoc,,
4755,915,filterLoc,,
4755,918,filterLoc,,
4755,921,filterLoc,,
4755,924,filterLoc,,
4755,927,filterLoc,,
4755,930,filterLoc,,
4755,933,filterLoc,,
4755,936,filterLoc,,
4755,939,filterLoc,,
4755,942,filterLoc,,
4755,945,filterLoc,,
4755,948,filterLoc,,
4755,951,filterLoc,,
4755,954,filterLoc,,
4755,957,filterLoc,,
4755,960,filterLoc,,
4755,963,filterLoc,,
4755,966,filterLoc,,
4755,969,filterLoc,,
4755,972,filterLoc,,
4755,975,filterLoc,,
4755,978,filterLoc,,
4755,981,filterLoc,,
4755,984,filterLoc,,
4755,987,filterLoc,,
4755,990,filterLoc,,
4755,993,filterLoc,,
4755,996,filterLoc,,
4755,999,filterLoc,,
4755,1002,filterLoc,,
4755,1005,filterLoc,,
4755,1008,filterLoc,,
4755,1011,filterLoc,,
4755,1014,filterLoc,,
4755,1017,filterLoc,,
4755,1020,filterLoc,,
4755,1023,filterLoc,,
4755,1026,filterLoc,,
4755,1029,filterLoc,,
4755,1032,filterLoc,,
4755,1035,filterLoc,,
4755,1038,filterLoc,,
4755,1041,filterLoc,,
4755,1044,filterLoc,,
4755,1047,filterLoc,,
4755,1050,filterLoc,,
4755,1053,filterLoc,,
4755,1056,filterLoc,,
4755,1059,filterLoc,,
4755,1062,filterLoc,,
4755,1065,filterLoc,,
4755,1068,filterLoc,,
4755,1071,filterLoc,,
4755,1074,filterLoc,,
4755,1077,filterLoc,,
4755,1080,filterLoc,,
4755,1083,filterLoc,,
4755,1086,filterLoc,,
4755,1089,filterLoc,,
4755,1092,filterLoc,,
4755,1095,filterLoc,,
4755,1098,filterLoc,,
4755,1101,filterLoc,,
4755,1104,filterLoc,,
4755,1107,filterLoc,,
4755,1110,filterLoc,,
4755,1113,filterLoc,,
4755,1116,filterLoc,,
4755,1121,helicopter,outEvac,Evacuee 221 in triage category Y is not assigned a helicopter
4755,1121,helicopter,outEvac,Evacuee 300 in triage category Y is not assigned a helicopter
4755,1121,helicopter,outEvac,Evacuee 325 in triage category Y is not assigned a helicopter
4755,1121,helicopter,,Helicopter;2;is unloading people at the FOL;;and has;0;spots taken
4755,1123,filterLoc,,
4755,1126,filterLoc,,
4755,1129,filterLoc,,
4755,1132,filterLoc,,
4755,1135,filterLoc,,
4755,1138,filterLoc,,
4755,1141,filterLoc,,
4755,1144,filterLoc,,
4755,1147,filterLoc,,
4755,1150,filterLoc,,
4755,1153,filterLoc,,
4755,1156,filterLoc,,
4755,1163,filterLoc,,
4755,1166,filterLoc,,
4755,1169,filterLoc,,
4755,1172,filterLoc,,
4755,1175,filterLoc,,
4755,1178,filterLoc,,
4755,1181,filterLoc,,
4755,1184,filterLoc,,
4755,1187,filterLoc,,
4755,1190,filterLoc,,
4755,1193,filterLoc,,
4755,1196,filterLoc,,
4755,1199,filterLoc,,
4755,1202,filterLoc,,
4755,1205,filterLoc,,
4755,1208,filterLoc,,
4755,1211,filterLoc,,
4755,1214,filterLoc,,
4755,1217,filterLoc,,
4755,1220,filterLoc,,
4755,1223,filterLoc,,
4755,1226,filterLoc,,
4755,1229,filterLoc,,
4755,1232,filterLoc,,
4755,1235,filterLoc,,
4755,1238,filterLoc,,
4755,1241,filterLoc,,
4755,1244,filterLoc,,
4755,1247,filterLoc,,
4755,1250,filterLoc,,
4755,1253,filterLoc,,
4755,1256,filterLoc,,
4755,1259,filterLoc,,
4755,1262,filterLoc,,
4755,1265,filterLoc,,
4755,1268,filterLoc,,
4755,1271,filterLoc,,
4755,1274,filterLoc,,
4755,1277,filterLoc,,
4755,1280,filterLoc,,
4755,1283,filterLoc,,
4755,1286,filterLoc,,
4755,1289,filterLoc,,
4755,1292,filterLoc,,
4755,1295,filterLoc,,
4755,1298,filterLoc,,
4755,1301,filterLoc,,
4755,1304,filterLoc,,
4755,1307,filterLoc,,
4755,1310,filterLoc,,
4755,1313,filterLoc,,
4755,1316,filterLoc,,
4755,1319,filterLoc,,
4755,1322,filterLoc,,
4755,1325,filterLoc,,
4755,1328,filterLoc,,
4755,1331,filterLoc,,
4755,1334,filterLoc,,
4755,1337,filterLoc,,
4755,1340,filterLoc,,
4755,1343,filterLoc,,
4755,1346,filterLoc,,
4755,1349,filterLoc,,
4755,1352,filterLoc,,
4755,1355,filterLoc,,
4755,1358,filterLoc,,
4755,1361,filterLoc,,
4755,1364,filterLoc,,
4755,1367,filterLoc,,
4755,1370,filterLoc,,
4755,1373,filterLoc,,
4755,1376,filterLoc,,
4755,1379,filterLoc,,
4755,1382,filterLoc,,
4755,1385,filterLoc,,
4755,1388,filterLoc,,
4755,1391,filterLoc,,
4755,1394,filterLoc,,
4755,1397,filterLoc,,
4755,1400,filterLoc,,
4755,1403,filterLoc,,
4755,1406,filterLoc,,
4755,1409,filterLoc,,
4755,1412,filterLoc,,
4755,1415,filterLoc,,
4755,1418,filterLoc,,
4755,1421,filterLoc,,
4755,1424,filterLoc,,
4755,1427,filterLoc,,
4755,1430,filterLoc,,
4755,1433,filterLoc,,;Evacuee;221;in triage category;Y;is leaving helicopter;2
4755,1436,filterLoc,,
4755,1439,filterLoc,,
4755,1442,filterLoc,,
4755,1445,filterLoc,,
4755,1448,filterLoc,,
4755,1451,filterLoc,,
4755,1454,filterLoc,,
4755,1457,filterLoc,,
4755,1460,filterLoc,,
4755,1463,filterLoc,,
4755,1466,filterLoc,,
4755,1469,filterLoc,,
4755,1472,filterLoc,,
4755,1475,filterLoc,,
4755,1478,filterLoc,,
4755,1481,filterLoc,,
4755,1484,filterLoc,,
4755,1487,filterLoc,,
4755,1490,filterLoc,,
4755,1493,filterLoc,,
4755,1496,filterLoc,,
4755,1499,filterLoc,,
4755,1502,filterLoc,,
4755,1505,filterLoc,,
4755,1508,filterLoc,,
4755,1511,filterLoc,,
4755,1514,filterLoc,,
4755,1517,filterLoc,,
4755,303,filterLoc,out,Evacuee 325 in triage category Y is not assigned a helicopter
4755,303,filterLoc,,
4755,304,evacuee,,Evacuee;325;in triage state;Y;is entering the FOL
4755,672,filterLoc,out,Evacuee 300 in triage category Y is not assigned a helicopter
4755,672,filterLoc,,
4755,673,evacuee,,Evacuee;300;in triage state;Y;is entering the FOL
4755,1433,filterLoc,out,Evacuee 221 in triage category Y is not assigned a helicopter
4755,1433,filterLoc,,
4755,1434,evacuee,,Evacuee;221;in triage state;Y;is entering the FOL
4755,223,FOL,,;EvacueeID;2;Triage Status;G;EvacueeID;4;Triage Status;G;EvacueeID;9;Triage Status;G;EvacueeID;11;Triage Status;G;EvacueeID;13;Triage Status;G;EvacueeID;14;Triage Status;G;EvacueeID;18;Triage Status;G;EvacueeID;22;Triage Status;G;EvacueeID;23;Triage Status;G;EvacueeID;24;Triage Status;G;EvacueeID;25;Triage Status;G;EvacueeID;29;Triage Status;G;EvacueeID;32;Triage Status;G;EvacueeID;33;Triage Status;G;EvacueeID;34;Triage Status;G;EvacueeID;37;Triage Status;G;EvacueeID;44;Triage Status;G;EvacueeID;45;Triage Status;G;EvacueeID;48;Triage Status;G;EvacueeID;49;Triage Status;G;EvacueeID;50;Triage Status;G;EvacueeID;55;Triage Status;G;EvacueeID;58;Triage Status;G;EvacueeID;60;Triage Status;G;EvacueeID;65;Triage Status;G;EvacueeID;67;Triage Status;G;EvacueeID;71;Triage Status;G;EvacueeID;74;Triage Status;G;EvacueeID;75;Triage Status;G;EvacueeID;76;Triage Status;G;EvacueeID;81;Triage Status;G;EvacueeID;83;Triage Status;G;EvacueeID;85;Triage Status;G;EvacueeID;90;Triage Status;G;EvacueeID;92;Triage Status;G;EvacueeID;93;Triage Status;G;EvacueeID;104;Triage Status;G;EvacueeID;105;Triage Status;G;EvacueeID;106;Triage Status;G;EvacueeID;117;Triage Status;G;EvacueeID;121;Triage Status;G;EvacueeID;123;Triage Status;G;EvacueeID;127;Triage Status;G;EvacueeID;136;Triage Status;G;EvacueeID;144;Triage Status;G;EvacueeID;148;Triage Status;G;EvacueeID;152;Triage Status;G;EvacueeID;153;Triage Status;G;EvacueeID;158;Triage Status;G;EvacueeID;159;Triage Status;G;EvacueeID;161;Triage Status;G;EvacueeID;164;Triage Status;G;EvacueeID;165;Triage Status;G;EvacueeID;169;Triage Status;G;EvacueeID;170;Triage Status;G;EvacueeID;171;Triage Status;G;EvacueeID;174;Triage Status;G;EvacueeID;177;Triage Status;G;EvacueeID;181;Triage Status;G;EvacueeID;187;Triage Status;G;EvacueeID;188;Triage Status;G;EvacueeID;190;Triage Status;G;EvacueeID;192;Triage Status;G;EvacueeID;200;Triage Status;G;EvacueeID;201;Triage Status;G;EvacueeID;202;Triage Status;G;EvacueeID;209;Triage Status;G;EvacueeID;210;Triage Status;G;EvacueeID;212;Triage Status;G;EvacueeID;218;Triage Status;G;EvacueeID;224;Triage Status;G;EvacueeID;225;Triage Status;G;EvacueeID;226;Triage Status;G;EvacueeID;227;Triage Status;G;EvacueeID;235;Triage Status;G;EvacueeID;245;Triage Status;G;EvacueeID;246;Triage Status;G;EvacueeID;252;Triage Status;G;EvacueeID;254;Triage Status;G;EvacueeID;255;Triage Status;G;EvacueeID;257;Triage Status;G;EvacueeID;258;Triage Status;G;EvacueeID;263;Triage Status;G;EvacueeID;271;Triage Status;G;EvacueeID;272;Triage Status;G;EvacueeID;273;Triage Status;G;EvacueeID;274;Triage Status;G;EvacueeID;290;Triage Status;G;EvacueeID;291;Triage Status;G;EvacueeID;292;Triage Status;G;EvacueeID;301;Triage Status;G;EvacueeID;311;Triage Status;G;EvacueeID;317;Triage Status;G;EvacueeID;318;Triage Status;G;EvacueeID;319;Triage Status;G;EvacueeID;321;Triage Status;G;EvacueeID;322;Triage Status;G;EvacueeID;329;Triage Status;G;EvacueeID;332;Triage Status;G;EvacueeID;337;Triage Status;G;EvacueeID;339;Triage Status;G;EvacueeID;346;Triage Status;G;EvacueeID;348;Triage Status;G;EvacueeID;349;Triage Status;G;EvacueeID;350;Triage Status;G;EvacueeID;351;Triage Status;G;EvacueeID;353;Triage Status;G;EvacueeID;378;Triage Status;G;EvacueeID;379;Triage Status;G;EvacueeID;380;Triage Status;G;EvacueeID;381;Triage Status;G;EvacueeID;385;Triage Status;G;EvacueeID;386;Triage Status;G;EvacueeID;387;Triage Status;G;EvacueeID;388;Triage Status;G;EvacueeID;391;Triage Status;G;EvacueeID;402;Triage Status;G;EvacueeID;403;Triage Status;G;EvacueeID;404;Triage Status;G;EvacueeID;406;Triage Status;G;EvacueeID;408;Triage Status;G;EvacueeID;409;Triage Status;G;EvacueeID;412;Triage Status;G;EvacueeID;413;Triage Status;G;EvacueeID;424;Triage Status;G;EvacueeID;427;Triage Status;G;EvacueeID;431;Triage Status;G;EvacueeID;432;Triage Status;G;EvacueeID;435;Triage Status;G;EvacueeID;440;Triage Status;G;EvacueeID;442;Triage Status;G;EvacueeID;445;Triage Status;G;EvacueeID;448;Triage Status;G;EvacueeID;454;Triage Status;G;EvacueeID;455;Triage Status;G;EvacueeID;463;Triage Status;G;EvacueeID;464;Triage Status;G;EvacueeID;465;Triage Status;G;EvacueeID;468;Triage Status;G;EvacueeID;471;Triage Status;G;EvacueeID;193;Triage Status;Y;EvacueeID;357;Triage Status;R;EvacueeID;392;Triage Status;Y;EvacueeID;147;Triage Status;Y;EvacueeID;231;Triage Status;Y;EvacueeID;278;Triage Status;Y;EvacueeID;221;Triage Status;Y;EvacueeID;300;Triage Status;Y;EvacueeID;325;Triage Status;Y;Lives Saved;149
4755,304,evacuee,outFOL,Evacuee 325 in triage category Y is not assigned a helicopter
4755,304,evacuee,,Evacuee;325;in triage state;Y;is at the FOL
4755,673,evacuee,outFOL,Evacuee 300 in triage category Y is not assigned a helicopter
4755,673,evacuee,,Evacuee;300;in triage state;Y;is at the FOL
4755,1434,evacuee,outFOL,Evacuee 221 in triage category Y is not assigned a helicopter
4755,1434,evacuee,,Evacuee;221;in triage state;Y;is at the FOL
4755,223,FOL,,;EvacueeID;2;Triage Status;G;EvacueeID;4;Triage Status;G;EvacueeID;9;Triage Status;G;EvacueeID;11;Triage Status;G;EvacueeID;13;Triage Status;G;EvacueeID;14;Triage Status;G;EvacueeID;18;Triage Status;G;EvacueeID;22;Triage Status;G;EvacueeID;23;Triage Status;G;EvacueeID;24;Triage Status;G;EvacueeID;25;Triage Status;G;EvacueeID;29;Triage Status;G;EvacueeID;32;Triage Status;G;EvacueeID;33;Triage Status;G;EvacueeID;34;Triage Status;G;EvacueeID;37;Triage Status;G;EvacueeID;44;Triage Status;G;EvacueeID;45;Triage Status;G;EvacueeID;48;Triage Status;G;EvacueeID;49;Triage Status;G;EvacueeID;50;Triage Status;G;EvacueeID;55;Triage Status;G;EvacueeID;58;Triage Status;G;EvacueeID;60;Triage Status;G;EvacueeID;65;Triage Status;G;EvacueeID;67;Triage Status;G;EvacueeID;71;Triage Status;G;EvacueeID;74;Triage Status;G;EvacueeID;75;Triage Status;G;EvacueeID;76;Triage Status;G;EvacueeID;81;Triage Status;G;EvacueeID;83;Triage Status;G;EvacueeID;85;Triage Status;G;EvacueeID;90;Triage Status;G;EvacueeID;92;Triage Status;G;EvacueeID;93;Triage Status;G;EvacueeID;104;Triage Status;G;EvacueeID;105;Triage Status;G;EvacueeID;106;Triage Status;G;EvacueeID;117;Triage Status;G;EvacueeID;121;Triage Status;G;EvacueeID;123;Triage Status;G;EvacueeID;127;Triage Status;G;EvacueeID;136;Triage Status;G;EvacueeID;144;Triage Status;G;EvacueeID;148;Triage Status;G;EvacueeID;152;Triage Status;G;EvacueeID;153;Triage Status;G;EvacueeID;158;Triage Status;G;EvacueeID;159;Triage Status;G;EvacueeID;161;Triage Status;G;EvacueeID;164;Triage Status;G;EvacueeID;165;Triage Status;G;EvacueeID;169;Triage Status;G;EvacueeID;170;Triage Status;G;EvacueeID;171;Triage Status;G;EvacueeID;174;Triage Status;G;EvacueeID;177;Triage Status;G;EvacueeID;181;Triage Status;G;EvacueeID;187;Triage Status;G;EvacueeID;188;Triage Status;G;EvacueeID;190;Triage Status;G;EvacueeID;192;Triage Status;G;EvacueeID;200;Triage Status;G;EvacueeID;201;Triage Status;G;EvacueeID;202;Triage Status;G;EvacueeID;209;Triage Status;G;EvacueeID;210;Triage Status;G;EvacueeID;212;Triage Status;G;EvacueeID;218;Triage Status;G;EvacueeID;224;Triage Status;G;EvacueeID;225;Triage Status;G;EvacueeID;226;Triage Status;G;EvacueeID;227;Triage Status;G;EvacueeID;235;Triage Status;G;EvacueeID;245;Triage Status;G;EvacueeID;246;Triage Status;G;EvacueeID;252;Triage Status;G;EvacueeID;254;Triage Status;G;EvacueeID;255;Triage Status;G;EvacueeID;257;Triage Status;G;EvacueeID;258;Triage Status;G;EvacueeID;263;Triage Status;G;EvacueeID;271;Triage Status;G;EvacueeID;272;Triage Status;G;EvacueeID;273;Triage Status;G;EvacueeID;274;Triage Status;G;EvacueeID;290;Triage Status;G;EvacueeID;291;Triage Status;G;EvacueeID;292;Triage Status;G;EvacueeID;301;Triage Status;G;EvacueeID;311;Triage Status;G;EvacueeID;317;Triage Status;G;EvacueeID;318;Triage Status;G;EvacueeID;319;Triage Status;G;EvacueeID;321;Triage Status;G;EvacueeID;322;Triage Status;G;EvacueeID;329;Triage Status;G;EvacueeID;332;Triage Status;G;EvacueeID;337;Triage Status;G;EvacueeID;339;Triage Status;G;EvacueeID;346;Triage Status;G;EvacueeID;348;Triage Status;G;EvacueeID;349;Triage Status;G;EvacueeID;350;Triage Status;G;EvacueeID;351;Triage Status;G;EvacueeID;353;Triage Status;G;EvacueeID;378;Triage Status;G;EvacueeID;379;Triage Status;G;EvacueeID;380;Triage Status;G;EvacueeID;381;Triage Status;G;EvacueeID;385;Triage Status;G;EvacueeID;386;Triage Status;G;EvacueeID;387;Triage Status;G;EvacueeID;388;Triage Status;G;EvacueeID;391;Triage Status;G;EvacueeID;402;Triage Status;G;EvacueeID;403;Triage Status;G;EvacueeID;404;Triage Status;G;EvacueeID;406;Triage Status;G;EvacueeID;408;Triage Status;G;EvacueeID;409;Triage Status;G;EvacueeID;412;Triage Status;G;EvacueeID;413;Triage Status;G;EvacueeID;424;Triage Status;G;EvacueeID;427;Triage Status;G;EvacueeID;431;Triage Status;G;EvacueeID;432;Triage Status;G;EvacueeID;435;Triage Status;G;EvacueeID;440;Triage Status;G;EvacueeID;442;Triage Status;G;EvacueeID;445;Triage Status;G;EvacueeID;448;Triage Status;G;EvacueeID;454;Triage Status;G;EvacueeID;455;Triage Status;G;EvacueeID;463;Triage Status;G;EvacueeID;464;Triage Status;G;EvacueeID;465;Triage Status;G;EvacueeID;468;Triage Status;G;EvacueeID;471;Triage Status;G;EvacueeID;193;Triage Status;Y;EvacueeID;357;Triage Status;R;EvacueeID;392;Triage Status;Y;EvacueeID;147;Triage Status;Y;EvacueeID;231;Triage Status;Y;EvacueeID;278;Triage Status;Y;EvacueeID;221;Triage Status;Y;EvacueeID;300;Triage Status;Y;EvacueeID;325;Triage Status;Y;Lives Saved;149
4770,1121,helicopter,,Helicopter;2;Is going to the evacuation site;;and has;0;spots taken
4815,7,filterLoc,,
4815,10,filterLoc,,
4815,13,filterLoc,,
4815,16,filterLoc,,
4815,19,filterLoc,,
4815,22,filterLoc,,
4815,25,filterLoc,,
4815,28,filterLoc,,
4815,31,filterLoc,,
4815,34,filterLoc,,
4815,37,filterLoc,,
4815,40,filterLoc,,
4815,43,filterLoc,,
4815,46,filterLoc,,
4815,49,filterLoc,,
4815,52,filterLoc,,
4815,55,filterLoc,,
4815,58,filterLoc,,
4815,61,filterLoc,,
4815,64,filterLoc,,
4815,67,filterLoc,,
4815,70,filterLoc,,
4815,73,filterLoc,,
4815,76,filterLoc,,
4815,79,filterLoc,,
4815,82,filterLoc,,
4815,85,filterLoc,,
4815,88,filterLoc,,
4815,91,filterLoc,,
4815,94,filterLoc,,
4815,97,filterLoc,,
4815,100,filterLoc,,
4815,105,helicopter,outEvac,Evacuee 315 in triage category Y is not assigned a helicopter
4815,105,helicopter,outEvac,Evacuee 418 in triage category Y is not assigned a helicopter
4815,105,helicopter,,Helicopter;3;is unloading people at the FOL;;and has;0;spots taken
4815,107,filterLoc,,
4815,110,filterLoc,,
4815,113,filterLoc,,
4815,116,filterLoc,,
4815,119,filterLoc,,
4815,122,filterLoc,,
4815,125,filterLoc,,
4815,128,filterLoc,,
4815,131,filterLoc,,
4815,134,filterLoc,,
4815,137,filterLoc,,
4815,140,filterLoc,,
4815,143,filterLoc,,
4815,146,filterLoc,,
4815,149,filterLoc,,
4815,152,filterLoc,,
4815,155,filterLoc,,
4815,158,filterLoc,,
4815,161,filterLoc,,
4815,164,filterLoc,,
4815,167,filterLoc,,
4815,170,filterLoc,,
4815,173,filterLoc,,
4815,176,filterLoc,,
4815,179,filterLoc,,
4815,182,filterLoc,,
4815,185,filterLoc,,
4815,188,filterLoc,,
4815,191,filterLoc,,
4815,194,filterLoc,,
4815,197,filterLoc,,
4815,200,filterLoc,,
4815,203,filterLoc,,
4815,206,filterLoc,,
4815,209,filterLoc,,
4815,212,filterLoc,,
4815,215,filterLoc,,
4815,218,filterLoc,,
4815,221,filterLoc,,
4815,225,filterLoc,,
4815,228,filterLoc,,
4815,231,filterLoc,,
4815,234,filterLoc,,
4815,237,filterLoc,,
4815,240,filterLoc,,
4815,243,filterLoc,,
4815,246,filterLoc,,
4815,249,filterLoc,,
4815,252,filterLoc,,
4815,255,filterLoc,,
4815,258,filterLoc,,
4815,261,filterLoc,,
4815,264,filterLoc,,
4815,267,filterLoc,,
4815,270,filterLoc,,
4815,273,filterLoc,,
4815,276,filterLoc,,
4815,279,filterLoc,,
4815,282,filterLoc,,
4815,285,filterLoc,,
4815,288,filterLoc,,
4815,291,filterLoc,,
4815,294,filterLoc,,
4815,297,filterLoc,,
4815,300,filterLoc,,
4815,303,filterLoc,,
4815,306,filterLoc,,
4815,309,filterLoc,,
4815,312,filterLoc,,
4815,315,filterLoc,,
4815,318,filterLoc,,
4815,321,filterLoc,,
4815,324,filterLoc,,
4815,327,filterLoc,,
4815,330,filterLoc,,
4815,333,filterLoc,,
4815,336,filterLoc,,
4815,339,filterLoc,,
4815,342,filterLoc,,
4815,345,filterLoc,,
4815,348,filterLoc,,
4815,351,filterLoc,,
4815,354,filterLoc,,
4815,357,filterLoc,,
4815,360,filterLoc,,
4815,363,filterLoc,,
4815,366,filterLoc,,
4815,369,filterLoc,,
4815,372,filterLoc,,
4815,375,filterLoc,,
4815,378,filterLoc,,
4815,381,filterLoc,,
4815,384,filterLoc,,
4815,387,filterLoc,,
4815,390,filterLoc,,
4815,393,filterLoc,,
4815,396,filterLoc,,
4815,399,filterLoc,,
4815,402,filterLoc,,
4815,405,filterLoc,,
4815,408,filterLoc,,
4815,411,filterLoc,,
4815,414,filterLoc,,
4815,417,filterLoc,,
4815,420,filterLoc,,;Evacuee;315;in triage category;Y;is leaving helicopter;3
4815,423,filterLoc,,
4815,426,filterLoc,,
4815,429,filterLoc,,
4815,432,filterLoc,,
4815,435,filterLoc,,
4815,438,filterLoc,,
4815,441,filterLoc,,
4815,444,filterLoc,,
4815,447,filterLoc,,
4815,450,filterLoc,,
4815,453,filterLoc,,
4815,456,filterLoc,,
4815,459,filterLoc,,
4815,462,filterLoc,,
4815,465,filterLoc,,
4815,468,filterLoc,,
4815,471,filterLoc,,
4815,474,filterLoc,,
4815,477,filterLoc,,
4815,480,filterLoc,,
4815,483,filterLoc,,
4815,486,filterLoc,,
4815,489,filterLoc,,
4815,492,filterLoc,,
4815,495,filterLoc,,
4815,498,filterLoc,,
4815,501,filterLoc,,
4815,504,filterLoc,,
4815,507,filterLoc,,
4815,510,filterLoc,,
4815,513,filterLoc,,
4815,516,filterLoc,,
4815,519,filterLoc,,
4815,522,filterLoc,,
4815,525,filterLoc,,
4815,528,filterLoc,,
4815,531,filterLoc,,
4815,534,filterLoc,,
4815,537,filterLoc,,
4815,540,filterLoc,,
4815,543,filterLoc,,
4815,546,filterLoc,,
4815,549,filterLoc,,
4815,552,filterLoc,,
4815,555,filterLoc,,
4815,558,filterLoc,,
4815,561,filterLoc,,
4815,564,filterLoc,,
4815,567,filterLoc,,
4815,570,filterLoc,,
4815,573,filterLoc,,
4815,576,filterLoc,,
4815,579,filterLoc,,
4815,582,filterLoc,,
4815,585,filterLoc,,
4815,588,filterLoc,,
4815,591,filterLoc,,
4815,594,filterLoc,,
4815,597,filterLoc,,
4815,600,filterLoc,,
4815,603,filterLoc,,
4815,606,filterLoc,,
4815,609,filterLoc,,
4815,612,filterLoc,,
4815,615,filterLoc,,
4815,618,filterLoc,,
4815,621,filterLoc,,
4815,624,filterLoc,,
4815,627,filterLoc,,
4815,630,filterLoc,,
4815,633,filterLoc,,
4815,636,filterLoc,,
4815,639,filterLoc,,
4815,642,filterLoc,,
4815,645,filterLoc,,
4815,648,filterLoc,,
4815,651,filterLoc,,
4815,654,filterLoc,,
4815,657,filterLoc,,
4815,660,filterLoc,,
4815,663,filterLoc,,
4815,666,filterLoc,,
4815,669,filterLoc,,
4815,672,filterLoc,,
4815,675,filterLoc,,
4815,678,filterLoc,,
4815,681,filterLoc,,
4815,684,filterLoc,,
4815,687,filterLoc,,
4815,690,filterLoc,,
4815,693,filterLoc,,
4815,696,filterLoc,,
4815,699,filterLoc,,
4815,702,filterLoc,,
4815,705,filterLoc,,
4815,708,filterLoc,,
4815,711,filterLoc,,
4815,714,filterLoc,,
4815,717,filterLoc,,
4815,720,filterLoc,,
4815,723,filterLoc,,
4815,726,filterLoc,,
4815,729,filterLoc,,
4815,732,filterLoc,,
4815,735,filterLoc,,
4815,738,filterLoc,,
4815,741,filterLoc,,
4815,744,filterLoc,,
4815,747,filterLoc,,
4815,750,filterLoc,,
4815,753,filterLoc,,
4815,756,filterLoc,,
4815,759,filterLoc,,
4815,762,filterLoc,,
4815,765,filterLoc,,
4815,768,filterLoc,,
4815,771,filterLoc,,
4815,774,filterLoc,,
4815,777,filterLoc,,
4815,780,filterLoc,,
4815,783,filterLoc,,
4815,786,filterLoc,,
4815,789,filterLoc,,
4815,792,filterLoc,,
4815,795,filterLoc,,
4815,798,filterLoc,,
4815,801,filterLoc,,
4815,804,filterLoc,,
4815,807,filterLoc,,
4815,810,filterLoc,,
4815,813,filterLoc,,
4815,816,filterLoc,,
4815,819,filterLoc,,
4815,822,filterLoc,,
4815,825,filterLoc,,
4815,828,filterLoc,,
4815,831,filterLoc,,
4815,834,filterLoc,,
4815,837,filterLoc,,
4815,840,filterLoc,,
4815,843,filterLoc,,
4815,846,filterLoc,,
4815,849,filterLoc,,
4815,852,filterLoc,,
4815,855,filterLoc,,
4815,858,filterLoc,,
4815,861,filterLoc,,
4815,864,filterLoc,,
4815,867,filterLoc,,
4815,870,filterLoc,,
4815,873,filterLoc,,
4815,876,filterLoc,,
4815,879,filterLoc,,
4815,882,filterLoc,,
4815,885,filterLoc,,
4815,888,filterLoc,,
4815,891,filterLoc,,
4815,894,filterLoc,,
4815,897,filterLoc,,
4815,900,filterLoc,,
4815,903,filterLoc,,
4815,906,filterLoc,,
4815,909,filterLoc,,
4815,912,filterLoc,,
4815,915,filterLoc,,
4815,918,filterLoc,,
4815,921,filterLoc,,
4815,924,filterLoc,,
4815,927,filterLoc,,
4815,930,filterLoc,,
4815,933,filterLoc,,
4815,936,filterLoc,,
4815,939,filterLoc,,
4815,942,filterLoc,,
4815,945,filterLoc,,
4815,948,filterLoc,,;Evacuee;418;in triage category;Y;is leaving helicopter;3
4815,951,filterLoc,,
4815,954,filterLoc,,
4815,957,filterLoc,,
4815,960,filterLoc,,
4815,963,filterLoc,,
4815,966,filterLoc,,
4815,969,filterLoc,,
4815,972,filterLoc,,
4815,975,filterLoc,,
4815,978,filterLoc,,
4815,981,filterLoc,,
4815,984,filterLoc,,
4815,987,filterLoc,,
4815,990,filterLoc,,
4815,993,filterLoc,,
4815,996,filterLoc,,
4815,999,filterLoc,,
4815,1002,filterLoc,,
4815,1005,filterLoc,,
4815,1008,filterLoc,,
4815,1011,filterLoc,,
4815,1014,filterLoc,,
4815,1017,filterLoc,,
4815,1020,filterLoc,,
4815,1023,filterLoc,,
4815,1026,filterLoc,,
4815,1029,filterLoc,,
4815,1032,filterLoc,,
4815,1035,filterLoc,,
4815,1038,filterLoc,,
4815,1041,filterLoc,,
4815,1044,filterLoc,,
4815,1047,filterLoc,,
4815,1050,filterLoc,,
4815,1053,filterLoc,,
4815,1056,filterLoc,,
4815,1059,filterLoc,,
4815,1062,filterLoc,,
4815,1065,filterLoc,,
4815,1068,filterLoc,,
4815,1071,filterLoc,,
4815,1074,filterLoc,,
4815,1077,filterLoc,,
4815,1080,filterLoc,,
4815,1083,filterLoc,,
4815,1086,filterLoc,,
4815,1089,filterLoc,,
4815,1092,filterLoc,,
4815,1095,filterLoc,,
4815,1098,filterLoc,,
4815,1101,filterLoc,,
4815,1104,filterLoc,,
4815,1107,filterLoc,,
4815,1110,filterLoc,,
4815,1113,filterLoc,,
4815,1116,filterLoc,,
4815,1123,filterLoc,,
4815,1126,filterLoc,,
4815,1129,filterLoc,,
4815,1132,filterLoc,,
4815,1135,filterLoc,,
4815,1138,filterLoc,,
4815,1141,filterLoc,,
4815,1144,filterLoc,,
4815,1147,filterLoc,,
4815,1150,filterLoc,,
4815,1153,filterLoc,,
4815,1156,filterLoc,,
4815,1163,filterLoc,,
4815,1166,filterLoc,,
4815,1169,filterLoc,,
4815,1172,filterLoc,,
4815,1175,filterLoc,,
4815,1178,filterLoc,,
4815,1181,filterLoc,,
4815,1184,filterLoc,,
4815,1187,filterLoc,,
4815,1190,filterLoc,,
4815,1193,filterLoc,,
4815,1196,filterLoc,,
4815,1199,filterLoc,,
4815,1202,filterLoc,,
4815,1205,filterLoc,,
4815,1208,filterLoc,,
4815,1211,filterLoc,,
4815,1214,filterLoc,,
4815,1217,filterLoc,,
4815,1220,filterLoc,,
4815,1223,filterLoc,,
4815,1226,filterLoc,,
4815,1229,filterLoc,,
4815,1232,filterLoc,,
4815,1235,filterLoc,,
4815,1238,filterLoc,,
4815,1241,filterLoc,,
4815,1244,filterLoc,,
4815,1247,filterLoc,,
4815,1250,filterLoc,,
4815,1253,filterLoc,,
4815,1256,filterLoc,,
4815,1259,filterLoc,,
4815,1262,filterLoc,,
4815,1265,filterLoc,,
4815,1268,filterLoc,,
4815,1271,filterLoc,,
4815,1274,filterLoc,,
4815,1277,filterLoc,,
4815,1280,filterLoc,,
4815,1283,filterLoc,,
4815,1286,filterLoc,,
4815,1289,filterLoc,,
4815,1292,filterLoc,,
4815,1295,filterLoc,,
4815,1298,filterLoc,,
4815,1301,filterLoc,,
4815,1304,filterLoc,,
4815,1307,filterLoc,,
4815,1310,filterLoc,,
4815,1313,filterLoc,,
4815,1316,filterLoc,,
4815,1319,filterLoc,,
4815,1322,filterLoc,,
4815,1325,filterLoc,,
4815,1328,filterLoc,,
4815,1331,filterLoc,,
4815,1334,filterLoc,,
4815,1337,filterLoc,,
4815,1340,filterLoc,,
4815,1343,filterLoc,,
4815,1346,filterLoc,,
4815,1349,filterLoc,,
4815,1352,filterLoc,,
4815,1355,filterLoc,,
4815,1358,filterLoc,,
4815,1361,filterLoc,,
4815,1364,filterLoc,,
4815,1367,filterLoc,,
4815,1370,filterLoc,,
4815,1373,filterLoc,,
4815,1376,filterLoc,,
4815,1379,filterLoc,,
4815,1382,filterLoc,,
4815,1385,filterLoc,,
4815,1388,filterLoc,,
4815,1391,filterLoc,,
4815,1394,filterLoc,,
4815,1397,filterLoc,,
4815,1400,filterLoc,,
4815,1403,filterLoc,,
4815,1406,filterLoc,,
4815,1409,filterLoc,,
4815,1412,filterLoc,,
4815,1415,filterLoc,,
4815,1418,filterLoc,,
4815,1421,filterLoc,,
4815,1424,filterLoc,,
4815,1427,filterLoc,,
4815,1430,filterLoc,,
4815,1433,filterLoc,,
4815,1436,filterLoc,,
4815,1439,filterLoc,,
4815,1442,filterLoc,,
4815,1445,filterLoc,,
4815,1448,filterLoc,,
4815,1451,filterLoc,,
4815,1454,filterLoc,,
4815,1457,filterLoc,,
4815,1460,filterLoc,,
4815,1463,filterLoc,,
4815,1466,filterLoc,,
4815,1469,filterLoc,,
4815,1472,filterLoc,,
4815,1475,filterLoc,,
4815,1478,filterLoc,,
4815,1481,filterLoc,,
4815,1484,filterLoc,,
4815,1487,filterLoc,,
4815,1490,filterLoc,,
4815,1493,filterLoc,,
4815,1496,filterLoc,,
4815,1499,filterLoc,,
4815,1502,filterLoc,,
4815,1505,filterLoc,,
4815,1508,filterLoc,,
4815,1511,filterLoc,,
4815,1514,filterLoc,,
4815,1517,filterLoc,,
4815,420,filterLoc,out,Evacuee 315 in triage category Y is not assigned a helicopter
4815,420,filterLoc,,
4815,421,evacuee,,Evacuee;315;in triage state;Y;is entering the FOL
4815,948,filterLoc,out,Evacuee 418 in triage category Y is not assigned a helicopter
4815,948,filterLoc,,
4815,949,evacuee,,Evacuee;418;in triage state;Y;is entering the FOL
4815,223,FOL,,;EvacueeID;2;Triage Status;G;EvacueeID;4;Triage Status;G;EvacueeID;9;Triage Status;G;EvacueeID;11;Triage Status;G;EvacueeID;13;Triage Status;G;EvacueeID;14;Triage Status;G;EvacueeID;18;Triage Status;G;EvacueeID;22;Triage Status;G;EvacueeID;23;Triage Status;G;EvacueeID;24;Triage Status;G;EvacueeID;25;Triage Status;G;EvacueeID;29;Triage Status;G;EvacueeID;32;Triage Status;G;EvacueeID;33;Triage Status;G;EvacueeID;34;Triage Status;G;EvacueeID;37;Triage Status;G;EvacueeID;44;Triage Status;G;EvacueeID;45;Triage Status;G;EvacueeID;48;Triage Status;G;EvacueeID;49;Triage Status;G;EvacueeID;50;Triage Status;G;EvacueeID;55;Triage Status;G;EvacueeID;58;Triage Status;G;EvacueeID;60;Triage Status;G;EvacueeID;65;Triage Status;G;EvacueeID;67;Triage Status;G;EvacueeID;71;Triage Status;G;EvacueeID;74;Triage Status;G;EvacueeID;75;Triage Status;G;EvacueeID;76;Triage Status;G;EvacueeID;81;Triage Status;G;EvacueeID;83;Triage Status;G;EvacueeID;85;Triage Status;G;EvacueeID;90;Triage Status;G;EvacueeID;92;Triage Status;G;EvacueeID;93;Triage Status;G;EvacueeID;104;Triage Status;G;EvacueeID;105;Triage Status;G;EvacueeID;106;Triage Status;G;EvacueeID;117;Triage Status;G;EvacueeID;121;Triage Status;G;EvacueeID;123;Triage Status;G;EvacueeID;127;Triage Status;G;EvacueeID;136;Triage Status;G;EvacueeID;144;Triage Status;G;EvacueeID;148;Triage Status;G;EvacueeID;152;Triage Status;G;EvacueeID;153;Triage Status;G;EvacueeID;158;Triage Status;G;EvacueeID;159;Triage Status;G;EvacueeID;161;Triage Status;G;EvacueeID;164;Triage Status;G;EvacueeID;165;Triage Status;G;EvacueeID;169;Triage Status;G;EvacueeID;170;Triage Status;G;EvacueeID;171;Triage Status;G;EvacueeID;174;Triage Status;G;EvacueeID;177;Triage Status;G;EvacueeID;181;Triage Status;G;EvacueeID;187;Triage Status;G;EvacueeID;188;Triage Status;G;EvacueeID;190;Triage Status;G;EvacueeID;192;Triage Status;G;EvacueeID;200;Triage Status;G;EvacueeID;201;Triage Status;G;EvacueeID;202;Triage Status;G;EvacueeID;209;Triage Status;G;EvacueeID;210;Triage Status;G;EvacueeID;212;Triage Status;G;EvacueeID;218;Triage Status;G;EvacueeID;224;Triage Status;G;EvacueeID;225;Triage Status;G;EvacueeID;226;Triage Status;G;EvacueeID;227;Triage Status;G;EvacueeID;235;Triage Status;G;EvacueeID;245;Triage Status;G;EvacueeID;246;Triage Status;G;EvacueeID;252;Triage Status;G;EvacueeID;254;Triage Status;G;EvacueeID;255;Triage Status;G;EvacueeID;257;Triage Status;G;EvacueeID;258;Triage Status;G;EvacueeID;263;Triage Status;G;EvacueeID;271;Triage Status;G;EvacueeID;272;Triage Status;G;EvacueeID;273;Triage Status;G;EvacueeID;274;Triage Status;G;EvacueeID;290;Triage Status;G;EvacueeID;291;Triage Status;G;EvacueeID;292;Triage Status;G;EvacueeID;301;Triage Status;G;EvacueeID;311;Triage Status;G;EvacueeID;317;Triage Status;G;EvacueeID;318;Triage Status;G;EvacueeID;319;Triage Status;G;EvacueeID;321;Triage Status;G;EvacueeID;322;Triage Status;G;EvacueeID;329;Triage Status;G;EvacueeID;332;Triage Status;G;EvacueeID;337;Triage Status;G;EvacueeID;339;Triage Status;G;EvacueeID;346;Triage Status;G;EvacueeID;348;Triage Status;G;EvacueeID;349;Triage Status;G;EvacueeID;350;Triage Status;G;EvacueeID;351;Triage Status;G;EvacueeID;353;Triage Status;G;EvacueeID;378;Triage Status;G;EvacueeID;379;Triage Status;G;EvacueeID;380;Triage Status;G;EvacueeID;381;Triage Status;G;EvacueeID;385;Triage Status;G;EvacueeID;386;Triage Status;G;EvacueeID;387;Triage Status;G;EvacueeID;388;Triage Status;G;EvacueeID;391;Triage Status;G;EvacueeID;402;Triage Status;G;EvacueeID;403;Triage Status;G;EvacueeID;404;Triage Status;G;EvacueeID;406;Triage Status;G;EvacueeID;408;Triage Status;G;EvacueeID;409;Triage Status;G;EvacueeID;412;Triage Status;G;EvacueeID;413;Triage Status;G;EvacueeID;424;Triage Status;G;EvacueeID;427;Triage Status;G;EvacueeID;431;Triage Status;G;EvacueeID;432;Triage Status;G;EvacueeID;435;Triage Status;G;EvacueeID;440;Triage Status;G;EvacueeID;442;Triage Status;G;EvacueeID;445;Triage Status;G;EvacueeID;448;Triage Status;G;EvacueeID;454;Triage Status;G;EvacueeID;455;Triage Status;G;EvacueeID;463;Triage Status;G;EvacueeID;464;Triage Status;G;EvacueeID;465;Triage Status;G;EvacueeID;468;Triage Status;G;EvacueeID;471;Triage Status;G;EvacueeID;193;Triage Status;Y;EvacueeID;357;Triage Status;R;EvacueeID;392;Triage Status;Y;EvacueeID;147;Triage Status;Y;EvacueeID;231;Triage Status;Y;EvacueeID;278;Triage Status;Y;EvacueeID;221;Triage Status;Y;EvacueeID;300;Triage Status;Y;EvacueeID;325;Triage Status;Y;EvacueeID;315;Triage Status;Y;EvacueeID;418;Triage Status;Y;Lives Saved;151
4815,421,evacuee,outFOL,Evacuee 315 in triage category Y is not assigned a helicopter
4815,421,evacuee,,Evacuee;315;in triage state;Y;is at the FOL
4815,949,evacuee,outFOL,Evacuee 418 in triage category Y is not assigned a helicopter
4815,949,evacuee,,Evacuee;418;in triage state;Y;is at the FOL
4815,223,FOL,,;EvacueeID;2;Triage Status;G;EvacueeID;4;Triage Status;G;EvacueeID;9;Triage Status;G;EvacueeID;11;Triage Status;G;EvacueeID;13;Triage Status;G;EvacueeID;14;Triage Status;G;EvacueeID;18;Triage Status;G;EvacueeID;22;Triage Status;G;EvacueeID;23;Triage Status;G;EvacueeID;24;Triage Status;G;EvacueeID;25;Triage Status;G;EvacueeID;29;Triage Status;G;EvacueeID;32;Triage Status;G;EvacueeID;33;Triage Status;G;EvacueeID;34;Triage Status;G;EvacueeID;37;Triage Status;G;EvacueeID;44;Triage Status;G;EvacueeID;45;Triage Status;G;EvacueeID;48;Triage Status;G;EvacueeID;49;Triage Status;G;EvacueeID;50;Triage Status;G;EvacueeID;55;Triage Status;G;EvacueeID;58;Triage Status;G;EvacueeID;60;Triage Status;G;EvacueeID;65;Triage Status;G;EvacueeID;67;Triage Status;G;EvacueeID;71;Triage Status;G;EvacueeID;74;Triage Status;G;EvacueeID;75;Triage Status;G;EvacueeID;76;Triage Status;G;EvacueeID;81;Triage Status;G;EvacueeID;83;Triage Status;G;EvacueeID;85;Triage Status;G;EvacueeID;90;Triage Status;G;EvacueeID;92;Triage Status;G;EvacueeID;93;Triage Status;G;EvacueeID;104;Triage Status;G;EvacueeID;105;Triage Status;G;EvacueeID;106;Triage Status;G;EvacueeID;117;Triage Status;G;EvacueeID;121;Triage Status;G;EvacueeID;123;Triage Status;G;EvacueeID;127;Triage Status;G;EvacueeID;136;Triage Status;G;EvacueeID;144;Triage Status;G;EvacueeID;148;Triage Status;G;EvacueeID;152;Triage Status;G;EvacueeID;153;Triage Status;G;EvacueeID;158;Triage Status;G;EvacueeID;159;Triage Status;G;EvacueeID;161;Triage Status;G;EvacueeID;164;Triage Status;G;EvacueeID;165;Triage Status;G;EvacueeID;169;Triage Status;G;EvacueeID;170;Triage Status;G;EvacueeID;171;Triage Status;G;EvacueeID;174;Triage Status;G;EvacueeID;177;Triage Status;G;EvacueeID;181;Triage Status;G;EvacueeID;187;Triage Status;G;EvacueeID;188;Triage Status;G;EvacueeID;190;Triage Status;G;EvacueeID;192;Triage Status;G;EvacueeID;200;Triage Status;G;EvacueeID;201;Triage Status;G;EvacueeID;202;Triage Status;G;EvacueeID;209;Triage Status;G;EvacueeID;210;Triage Status;G;EvacueeID;212;Triage Status;G;EvacueeID;218;Triage Status;G;EvacueeID;224;Triage Status;G;EvacueeID;225;Triage Status;G;EvacueeID;226;Triage Status;G;EvacueeID;227;Triage Status;G;EvacueeID;235;Triage Status;G;EvacueeID;245;Triage Status;G;EvacueeID;246;Triage Status;G;EvacueeID;252;Triage Status;G;EvacueeID;254;Triage Status;G;EvacueeID;255;Triage Status;G;EvacueeID;257;Triage Status;G;EvacueeID;258;Triage Status;G;EvacueeID;263;Triage Status;G;EvacueeID;271;Triage Status;G;EvacueeID;272;Triage Status;G;EvacueeID;273;Triage Status;G;EvacueeID;274;Triage Status;G;EvacueeID;290;Triage Status;G;EvacueeID;291;Triage Status;G;EvacueeID;292;Triage Status;G;EvacueeID;301;Triage Status;G;EvacueeID;311;Triage Status;G;EvacueeID;317;Triage Status;G;EvacueeID;318;Triage Status;G;EvacueeID;319;Triage Status;G;EvacueeID;321;Triage Status;G;EvacueeID;322;Triage Status;G;EvacueeID;329;Triage Status;G;EvacueeID;332;Triage Status;G;EvacueeID;337;Triage Status;G;EvacueeID;339;Triage Status;G;EvacueeID;346;Triage Status;G;EvacueeID;348;Triage Status;G;EvacueeID;349;Triage Status;G;EvacueeID;350;Triage Status;G;EvacueeID;351;Triage Status;G;EvacueeID;353;Triage Status;G;EvacueeID;378;Triage Status;G;EvacueeID;379;Triage Status;G;EvacueeID;380;Triage Status;G;EvacueeID;381;Triage Status;G;EvacueeID;385;Triage Status;G;EvacueeID;386;Triage Status;G;EvacueeID;387;Triage Status;G;EvacueeID;388;Triage Status;G;EvacueeID;391;Triage Status;G;EvacueeID;402;Triage Status;G;EvacueeID;403;Triage Status;G;EvacueeID;404;Triage Status;G;EvacueeID;406;Triage Status;G;EvacueeID;408;Triage Status;G;EvacueeID;409;Triage Status;G;EvacueeID;412;Triage Status;G;EvacueeID;413;Triage Status;G;EvacueeID;424;Triage Status;G;EvacueeID;427;Triage Status;G;EvacueeID;431;Triage Status;G;EvacueeID;432;Triage Status;G;EvacueeID;435;Triage Status;G;EvacueeID;440;Triage Status;G;EvacueeID;442;Triage Status;G;EvacueeID;445;Triage Status;G;EvacueeID;448;Triage Status;G;EvacueeID;454;Triage Status;G;EvacueeID;455;Triage Status;G;EvacueeID;463;Triage Status;G;EvacueeID;464;Triage Status;G;EvacueeID;465;Triage Status;G;EvacueeID;468;Triage Status;G;EvacueeID;471;Triage Status;G;EvacueeID;193;Triage Status;Y;EvacueeID;357;Triage Status;R;EvacueeID;392;Triage Status;Y;EvacueeID;147;Triage Status;Y;EvacueeID;231;Triage Status;Y;EvacueeID;278;Triage Status;Y;EvacueeID;221;Triage Status;Y;EvacueeID;300;Triage Status;Y;EvacueeID;325;Triage Status;Y;EvacueeID;315;Triage Status;Y;EvacueeID;418;Triage Status;Y;Lives Saved;151
4860,5,helicopterQueue,,1;Helos are waiting to land;HeloID;1
4860,1161,helicopter,outES,Helicopter 1 is evacuating people1
4860,1161,helicopter,,Helicopter;1;is waiting to land at the evacuation site;;and has;0;spots taken
4860,5,helicopterQueue,outHelo,Helicopter 1 has stopped
4860,5,helicopterQueue,,;No helos are waiting to land
4860,104,filterES,,
4860,1120,filterES,,
4860,1160,filterES,,Helicopter;1;has stopped
4860,1160,filterES,out,Helicopter 1 has stopped
4860,1160,filterES,,
4860,1161,helicopter,,Helicopter;1;is waiting to land at the evacuation site;;and has;0;spots taken
4860,1161,helicopter,,Helicopter;1;is returning to the FOL;;and has;0;spots taken
4920,5,helicopterQueue,,1;Helos are waiting to land;HeloID;2
4920,1121,helicopter,outES,Helicopter 2 is evacuating people2
4920,1121,helicopter,,Helicopter;2;is waiting to land at the evacuation site;;and has;0;spots taken
4920,5,helicopterQueue,outHelo,Helicopter 2 has stopped
4920,5,helicopterQueue,,;No helos are waiting to land
4920,104,filterES,,
4920,1120,filterES,,Helicopter;2;has stopped
4920,1160,filterES,,
4920,1120,filterES,out,Helicopter 2 has stopped
4920,1120,filterES,,
4920,1121,helicopter,,Helicopter;2;is waiting to land at the evacuation site;;and has;0;spots taken
4920,1121,helicopter,,Helicopter;2;is returning to the FOL;;and has;0;spots taken
5010,1161,helicopter,,Helicopter;1;is unloading people at the FOL;;and has;0;spots taken
5070,1121,helicopter,,Helicopter;2;is unloading people at the FOL;;and has;0;spots taken
10410,2,coastGuardShip,,There are no more evacuees.
10410,2,coastGuardShip,,There are no more evacuees.
10410,3,evacueeManager,,OFF SHIP: White;0;Green;0;Yellow;0;Red;0;Black;349;ON SHIP: White;0;Green;0;Yellow;0;Red;0;Evacuees to Transfer;
10410,4,helipadManager,,;No helos are at ES;Stopped evacuating people
10410,5,helicopterQueue,,;No helos are waiting to land
10410,7,filterLoc,,
10410,8,evacuee,,Evacuee;501;in triage state;B;is at the evacuation site
10410,10,filterLoc,,
10410,11,evacuee,,Evacuee;500;in triage state;B;is at the evacuation site
10410,13,filterLoc,,
10410,14,evacuee,,Evacuee;494;in triage state;B;is at the evacuation site
10410,16,filterLoc,,
10410,17,evacuee,,Evacuee;492;in triage state;B;is at the evacuation site
10410,19,filterLoc,,
10410,20,evacuee,,Evacuee;489;in triage state;B;is at the evacuation site
10410,22,filterLoc,,
10410,23,evacuee,,Evacuee;486;in triage state;B;is at the evacuation site
10410,25,filterLoc,,
10410,26,evacuee,,Evacuee;484;in triage state;B;is at the evacuation site
10410,28,filterLoc,,
10410,29,evacuee,,Evacuee;483;in triage state;B;is at the evacuation site
10410,31,filterLoc,,
10410,32,evacuee,,Evacuee;482;in triage state;B;is at the evacuation site
10410,34,filterLoc,,
10410,35,evacuee,,Evacuee;499;in triage state;B;is at the evacuation site
10410,37,filterLoc,,
10410,38,evacuee,,Evacuee;479;in triage state;B;is at the evacuation site
10410,40,filterLoc,,
10410,41,evacuee,,Evacuee;478;in triage state;B;is at the evacuation site
10410,43,filterLoc,,
10410,44,evacuee,,Evacuee;476;in triage state;B;is at the evacuation site
10410,46,filterLoc,,
10410,47,evacuee,,Evacuee;475;in triage state;B;is at the evacuation site
10410,49,filterLoc,,
10410,50,evacuee,,Evacuee;472;in triage state;B;is at the evacuation site
10410,52,filterLoc,,
10410,53,evacuee,,Evacuee;471;in triage state;G;is at the FOL
10410,55,filterLoc,,
10410,56,evacuee,,Evacuee;468;in triage state;G;is at the FOL
10410,58,filterLoc,,
10410,59,evacuee,,Evacuee;463;in triage state;G;is at the FOL
10410,61,filterLoc,,
10410,62,evacuee,,Evacuee;462;in triage state;B;is at the evacuation site
10410,64,filterLoc,,
10410,65,evacuee,,Evacuee;461;in triage state;B;is at the evacuation site
10410,67,filterLoc,,
10410,68,evacuee,,Evacuee;459;in triage state;B;is at the evacuation site
10410,70,filterLoc,,
10410,71,evacuee,,Evacuee;495;in triage state;B;is at the evacuation site
10410,73,filterLoc,,
10410,74,evacuee,,Evacuee;458;in triage state;B;is at the evacuation site
10410,76,filterLoc,,
10410,77,evacuee,,Evacuee;456;in triage state;B;is at the evacuation site
10410,79,filterLoc,,
10410,80,evacuee,,Evacuee;455;in triage state;G;is at the FOL
10410,82,filterLoc,,
10410,83,evacuee,,Evacuee;448;in triage state;G;is at the FOL
10410,85,filterLoc,,
10410,86,evacuee,,Evacuee;445;in triage state;G;is at the FOL
10410,88,filterLoc,,
10410,89,evacuee,,Evacuee;442;in triage state;G;is at the FOL
10410,91,filterLoc,,
10410,92,evacuee,,Evacuee;441;in triage state;B;is at the evacuation site
10410,94,filterLoc,,
10410,95,evacuee,,Evacuee;439;in triage state;B;is at the evacuation site
10410,97,filterLoc,,
10410,98,evacuee,,Evacuee;437;in triage state;B;is at the evacuation site
10410,100,filterLoc,,
10410,101,evacuee,,Evacuee;436;in triage state;B;is at the evacuation site
10410,103,filterEvac,,
10410,104,filterES,,
10410,105,helicopter,,Helicopter;3;is unloading people at the FOL;;and has;0;spots taken
10410,107,filterLoc,,
10410,108,evacuee,,Evacuee;434;in triage state;B;is at the evacuation site
10410,110,filterLoc,,
10410,111,evacuee,,Evacuee;433;in triage state;B;is at the evacuation site
10410,113,filterLoc,,
10410,114,evacuee,,Evacuee;428;in triage state;B;is at the evacuation site
10410,116,filterLoc,,
10410,117,evacuee,,Evacuee;426;in triage state;B;is at the evacuation site
10410,119,filterLoc,,
10410,120,evacuee,,Evacuee;423;in triage state;B;is at the evacuation site
10410,122,filterLoc,,
10410,123,evacuee,,Evacuee;420;in triage state;B;is at the evacuation site
10410,125,filterLoc,,
10410,126,evacuee,,Evacuee;419;in triage state;B;is at the evacuation site
10410,128,filterLoc,,
10410,129,evacuee,,Evacuee;414;in triage state;B;is at the evacuation site
10410,131,filterLoc,,
10410,132,evacuee,,Evacuee;411;in triage state;B;is at the evacuation site
10410,134,filterLoc,,
10410,135,evacuee,,Evacuee;422;in triage state;B;is at the evacuation site
10410,137,filterLoc,,
10410,138,evacuee,,Evacuee;409;in triage state;G;is at the FOL
10410,140,filterLoc,,
10410,141,evacuee,,Evacuee;408;in triage state;G;is at the FOL
10410,143,filterLoc,,
10410,144,evacuee,,Evacuee;406;in triage state;G;is at the FOL
10410,146,filterLoc,,
10410,147,evacuee,,Evacuee;404;in triage state;G;is at the FOL
10410,149,filterLoc,,
10410,150,evacuee,,Evacuee;403;in triage state;G;is at the FOL
10410,152,filterLoc,,
10410,153,evacuee,,Evacuee;401;in triage state;B;is at the evacuation site
10410,155,filterLoc,,
10410,156,evacuee,,Evacuee;398;in triage state;B;is at the evacuation site
10410,158,filterLoc,,
10410,159,evacuee,,Evacuee;397;in triage state;B;is at the evacuation site
10410,161,filterLoc,,
10410,162,evacuee,,Evacuee;452;in triage state;B;is at the evacuation site
10410,164,filterLoc,,
10410,165,evacuee,,Evacuee;396;in triage state;B;is at the evacuation site
10410,167,filterLoc,,
10410,168,evacuee,,Evacuee;395;in triage state;B;is at the evacuation site
10410,170,filterLoc,,
10410,171,evacuee,,Evacuee;393;in triage state;B;is at the evacuation site
10410,173,filterLoc,,
10410,174,evacuee,,Evacuee;392;in triage state;Y;is at the FOL
10410,176,filterLoc,,
10410,177,evacuee,,Evacuee;389;in triage state;B;is at the evacuation site
10410,179,filterLoc,,
10410,180,evacuee,,Evacuee;384;in triage state;B;is at the evacuation site
10410,182,filterLoc,,
10410,183,evacuee,,Evacuee;430;in triage state;B;is at the evacuation site
10410,185,filterLoc,,
10410,186,evacuee,,Evacuee;383;in triage state;B;is at the evacuation site
10410,188,filterLoc,,
10410,189,evacuee,,Evacuee;480;in triage state;B;is at the evacuation site
10410,191,filterLoc,,
10410,192,evacuee,,Evacuee;382;in triage state;B;is at the evacuation site
10410,194,filterLoc,,
10410,195,evacuee,,Evacuee;381;in triage state;G;is at the FOL
10410,197,filterLoc,,
10410,198,evacuee,,Evacuee;427;in triage state;G;is at the FOL
10410,200,filterLoc,,
10410,201,evacuee,,Evacuee;380;in triage state;G;is at the FOL
10410,203,filterLoc,,
10410,204,evacuee,,Evacuee;379;in triage state;G;is at the FOL
10410,206,filterLoc,,
10410,207,evacuee,,Evacuee;378;in triage state;G;is at the FOL
10410,209,filterLoc,,
10410,210,evacuee,,Evacuee;377;in triage state;B;is at the evacuation site
10410,212,filterLoc,,
10410,213,evacuee,,Evacuee;375;in triage state;B;is at the evacuation site
10410,215,filterLoc,,
10410,216,evacuee,,Evacuee;374;in triage state;B;is at the evacuation site
10410,218,filterLoc,,
10410,219,evacuee,,Evacuee;372;in triage state;B;is at the evacuation site
10410,221,filterLoc,,
10410,222,evacuee,,Evacuee;371;in triage state;B;is at the evacuation site
10410,223,FOL,,;EvacueeID;2;Triage Status;G;EvacueeID;4;Triage Status;G;EvacueeID;9;Triage Status;G;EvacueeID;11;Triage Status;G;EvacueeID;13;Triage Status;G;EvacueeID;14;Triage Status;G;EvacueeID;18;Triage Status;G;EvacueeID;22;Triage Status;G;EvacueeID;23;Triage Status;G;EvacueeID;24;Triage Status;G;EvacueeID;25;Triage Status;G;EvacueeID;29;Triage Status;G;EvacueeID;32;Triage Status;G;EvacueeID;33;Triage Status;G;EvacueeID;34;Triage Status;G;EvacueeID;37;Triage Status;G;EvacueeID;44;Triage Status;G;EvacueeID;45;Triage Status;G;EvacueeID;48;Triage Status;G;EvacueeID;49;Triage Status;G;EvacueeID;50;Triage Status;G;EvacueeID;55;Triage Status;G;EvacueeID;58;Triage Status;G;EvacueeID;60;Triage Status;G;EvacueeID;65;Triage Status;G;EvacueeID;67;Triage Status;G;EvacueeID;71;Triage Status;G;EvacueeID;74;Triage Status;G;EvacueeID;75;Triage Status;G;EvacueeID;76;Triage Status;G;EvacueeID;81;Triage Status;G;EvacueeID;83;Triage Status;G;EvacueeID;85;Triage Status;G;EvacueeID;90;Triage Status;G;EvacueeID;92;Triage Status;G;EvacueeID;93;Triage Status;G;EvacueeID;104;Triage Status;G;EvacueeID;105;Triage Status;G;EvacueeID;106;Triage Status;G;EvacueeID;117;Triage Status;G;EvacueeID;121;Triage Status;G;EvacueeID;123;Triage Status;G;EvacueeID;127;Triage Status;G;EvacueeID;136;Triage Status;G;EvacueeID;144;Triage Status;G;EvacueeID;148;Triage Status;G;EvacueeID;152;Triage Status;G;EvacueeID;153;Triage Status;G;EvacueeID;158;Triage Status;G;EvacueeID;159;Triage Status;G;EvacueeID;161;Triage Status;G;EvacueeID;164;Triage Status;G;EvacueeID;165;Triage Status;G;EvacueeID;169;Triage Status;G;EvacueeID;170;Triage Status;G;EvacueeID;171;Triage Status;G;EvacueeID;174;Triage Status;G;EvacueeID;177;Triage Status;G;EvacueeID;181;Triage Status;G;EvacueeID;187;Triage Status;G;EvacueeID;188;Triage Status;G;EvacueeID;190;Triage Status;G;EvacueeID;192;Triage Status;G;EvacueeID;200;Triage Status;G;EvacueeID;201;Triage Status;G;EvacueeID;202;Triage Status;G;EvacueeID;209;Triage Status;G;EvacueeID;210;Triage Status;G;EvacueeID;212;Triage Status;G;EvacueeID;218;Triage Status;G;EvacueeID;224;Triage Status;G;EvacueeID;225;Triage Status;G;EvacueeID;226;Triage Status;G;EvacueeID;227;Triage Status;G;EvacueeID;235;Triage Status;G;EvacueeID;245;Triage Status;G;EvacueeID;246;Triage Status;G;EvacueeID;252;Triage Status;G;EvacueeID;254;Triage Status;G;EvacueeID;255;Triage Status;G;EvacueeID;257;Triage Status;G;EvacueeID;258;Triage Status;G;EvacueeID;263;Triage Status;G;EvacueeID;271;Triage Status;G;EvacueeID;272;Triage Status;G;EvacueeID;273;Triage Status;G;EvacueeID;274;Triage Status;G;EvacueeID;290;Triage Status;G;EvacueeID;291;Triage Status;G;EvacueeID;292;Triage Status;G;EvacueeID;301;Triage Status;G;EvacueeID;311;Triage Status;G;EvacueeID;317;Triage Status;G;EvacueeID;318;Triage Status;G;EvacueeID;319;Triage Status;G;EvacueeID;321;Triage Status;G;EvacueeID;322;Triage Status;G;EvacueeID;329;Triage Status;G;EvacueeID;332;Triage Status;G;EvacueeID;337;Triage Status;G;EvacueeID;339;Triage Status;G;EvacueeID;346;Triage Status;G;EvacueeID;348;Triage Status;G;EvacueeID;349;Triage Status;G;EvacueeID;350;Triage Status;G;EvacueeID;351;Triage Status;G;EvacueeID;353;Triage Status;G;EvacueeID;378;Triage Status;G;EvacueeID;379;Triage Status;G;EvacueeID;380;Triage Status;G;EvacueeID;381;Triage Status;G;EvacueeID;385;Triage Status;G;EvacueeID;386;Triage Status;G;EvacueeID;387;Triage Status;G;EvacueeID;388;Triage Status;G;EvacueeID;391;Triage Status;G;EvacueeID;402;Triage Status;G;EvacueeID;403;Triage Status;G;EvacueeID;404;Triage Status;G;EvacueeID;406;Triage Status;G;EvacueeID;408;Triage Status;G;EvacueeID;409;Triage Status;G;EvacueeID;412;Triage Status;G;EvacueeID;413;Triage Status;G;EvacueeID;424;Triage Status;G;EvacueeID;427;Triage Status;G;EvacueeID;431;Triage Status;G;EvacueeID;432;Triage Status;G;EvacueeID;435;Triage Status;G;EvacueeID;440;Triage Status;G;EvacueeID;442;Triage Status;G;EvacueeID;445;Triage Status;G;EvacueeID;448;Triage Status;G;EvacueeID;454;Triage Status;G;EvacueeID;455;Triage Status;G;EvacueeID;463;Triage Status;G;EvacueeID;464;Triage Status;G;EvacueeID;465;Triage Status;G;EvacueeID;468;Triage Status;G;EvacueeID;471;Triage Status;G;EvacueeID;193;Triage Status;Y;EvacueeID;357;Triage Status;R;EvacueeID;392;Triage Status;Y;EvacueeID;147;Triage Status;Y;EvacueeID;231;Triage Status;Y;EvacueeID;278;Triage Status;Y;EvacueeID;221;Triage Status;Y;EvacueeID;300;Triage Status;Y;EvacueeID;325;Triage Status;Y;EvacueeID;315;Triage Status;Y;EvacueeID;418;Triage Status;Y;Lives Saved;151
10410,225,filterLoc,,
10410,226,evacuee,,Evacuee;370;in triage state;B;is at the evacuation site
10410,228,filterLoc,,
10410,229,evacuee,,Evacuee;457;in triage state;B;is at the evacuation site
10410,231,filterLoc,,
10410,232,evacuee,,Evacuee;369;in triage state;B;is at the evacuation site
10410,234,filterLoc,,
10410,235,evacuee,,Evacuee;366;in triage state;B;is at the evacuation site
10410,237,filterLoc,,
10410,238,evacuee,,Evacuee;362;in triage state;B;is at the evacuation site
10410,240,filterLoc,,
10410,241,evacuee,,Evacuee;425;in triage state;B;is at the evacuation site
10410,243,filterLoc,,
10410,244,evacuee,,Evacuee;360;in triage state;B;is at the evacuation site
10410,246,filterLoc,,
10410,247,evacuee,,Evacuee;357;in triage state;R;is at the FOL
10410,249,filterLoc,,
10410,250,evacuee,,Evacuee;354;in triage state;B;is at the evacuation site
10410,252,filterLoc,,
10410,253,evacuee,,Evacuee;353;in triage state;G;is at the FOL
10410,255,filterLoc,,
10410,256,evacuee,,Evacuee;351;in triage state;G;is at the FOL
10410,258,filterLoc,,
10410,259,evacuee,,Evacuee;349;in triage state;G;is at the FOL
10410,261,filterLoc,,
10410,262,evacuee,,Evacuee;348;in triage state;G;is at the FOL
10410,264,filterLoc,,
10410,265,evacuee,,Evacuee;346;in triage state;G;is at the FOL
10410,267,filterLoc,,
10410,268,evacuee,,Evacuee;341;in triage state;B;is at the evacuation site
10410,270,filterLoc,,
10410,271,evacuee,,Evacuee;340;in triage state;B;is at the evacuation site
10410,273,filterLoc,,
10410,274,evacuee,,Evacuee;338;in triage state;B;is at the evacuation site
10410,276,filterLoc,,
10410,277,evacuee,,Evacuee;335;in triage state;B;is at the evacuation site
10410,279,filterLoc,,
10410,280,evacuee,,Evacuee;331;in triage state;B;is at the evacuation site
10410,282,filterLoc,,
10410,283,evacuee,,Evacuee;503;in triage state;B;is at the evacuation site
10410,285,filterLoc,,
10410,286,evacuee,,Evacuee;330;in triage state;B;is at the evacuation site
10410,288,filterLoc,,
10410,289,evacuee,,Evacuee;328;in triage state;B;is at the evacuation site
10410,291,filterLoc,,
10410,292,evacuee,,Evacuee;327;in triage state;B;is at the evacuation site
10410,294,filterLoc,,
10410,295,evacuee,,Evacuee;410;in triage state;B;is at the evacuation site
10410,297,filterLoc,,
10410,298,evacuee,,Evacuee;326;in triage state;B;is at the evacuation site
10410,300,filterLoc,,
10410,301,evacuee,,Evacuee;466;in triage state;B;is at the evacuation site
10410,303,filterLoc,,
10410,304,evacuee,,Evacuee;325;in triage state;Y;is at the FOL
10410,306,filterLoc,,
10410,307,evacuee,,Evacuee;365;in triage state;B;is at the evacuation site
10410,309,filterLoc,,
10410,310,evacuee,,Evacuee;322;in triage state;G;is at the FOL
10410,312,filterLoc,,
10410,313,evacuee,,Evacuee;321;in triage state;G;is at the FOL
10410,315,filterLoc,,
10410,316,evacuee,,Evacuee;319;in triage state;G;is at the FOL
10410,318,filterLoc,,
10410,319,evacuee,,Evacuee;318;in triage state;G;is at the FOL
10410,321,filterLoc,,
10410,322,evacuee,,Evacuee;317;in triage state;G;is at the FOL
10410,324,filterLoc,,
10410,325,evacuee,,Evacuee;460;in triage state;B;is at the evacuation site
10410,327,filterLoc,,
10410,328,evacuee,,Evacuee;316;in triage state;B;is at the evacuation site
10410,330,filterLoc,,
10410,331,evacuee,,Evacuee;446;in triage state;B;is at the evacuation site
10410,333,filterLoc,,
10410,334,evacuee,,Evacuee;313;in triage state;B;is at the evacuation site
10410,336,filterLoc,,
10410,337,evacuee,,Evacuee;443;in triage state;B;is at the evacuation site
10410,339,filterLoc,,
10410,340,evacuee,,Evacuee;312;in triage state;B;is at the evacuation site
10410,342,filterLoc,,
10410,343,evacuee,,Evacuee;309;in triage state;B;is at the evacuation site
10410,345,filterLoc,,
10410,346,evacuee,,Evacuee;306;in triage state;B;is at the evacuation site
10410,348,filterLoc,,
10410,349,evacuee,,Evacuee;305;in triage state;B;is at the evacuation site
10410,351,filterLoc,,
10410,352,evacuee,,Evacuee;303;in triage state;B;is at the evacuation site
10410,354,filterLoc,,
10410,355,evacuee,,Evacuee;295;in triage state;B;is at the evacuation site
10410,357,filterLoc,,
10410,358,evacuee,,Evacuee;352;in triage state;B;is at the evacuation site
10410,360,filterLoc,,
10410,361,evacuee,,Evacuee;293;in triage state;B;is at the evacuation site
10410,363,filterLoc,,
10410,364,evacuee,,Evacuee;488;in triage state;B;is at the evacuation site
10410,366,filterLoc,,
10410,367,evacuee,,Evacuee;413;in triage state;G;is at the FOL
10410,369,filterLoc,,
10410,370,evacuee,,Evacuee;292;in triage state;G;is at the FOL
10410,372,filterLoc,,
10410,373,evacuee,,Evacuee;291;in triage state;G;is at the FOL
10410,375,filterLoc,,
10410,376,evacuee,,Evacuee;290;in triage state;G;is at the FOL
10410,378,filterLoc,,
10410,379,evacuee,,Evacuee;350;in triage state;G;is at the FOL
10410,381,filterLoc,,
10410,382,evacuee,,Evacuee;288;in triage state;B;is at the evacuation site
10410,384,filterLoc,,
10410,385,evacuee,,Evacuee;287;in triage state;B;is at the evacuation site
10410,387,filterLoc,,
10410,388,evacuee,,Evacuee;415;in triage state;B;is at the evacuation site
10410,390,filterLoc,,
10410,391,evacuee,,Evacuee;376;in triage state;B;is at the evacuation site
10410,393,filterLoc,,
10410,394,evacuee,,Evacuee;284;in triage state;B;is at the evacuation site
10410,396,filterLoc,,
10410,397,evacuee,,Evacuee;283;in triage state;B;is at the evacuation site
10410,399,filterLoc,,
10410,400,evacuee,,Evacuee;282;in triage state;B;is at the evacuation site
10410,402,filterLoc,,
10410,403,evacuee,,Evacuee;281;in triage state;B;is at the evacuation site
10410,405,filterLoc,,
10410,406,evacuee,,Evacuee;280;in triage state;B;is at the evacuation site
10410,408,filterLoc,,
10410,409,evacuee,,Evacuee;333;in triage state;B;is at the evacuation site
10410,411,filterLoc,,
10410,412,evacuee,,Evacuee;279;in triage state;B;is at the evacuation site
10410,414,filterLoc,,
10410,415,evacuee,,Evacuee;278;in triage state;Y;is at the FOL
10410,417,filterLoc,,
10410,418,evacuee,,Evacuee;277;in triage state;B;is at the evacuation site
10410,420,filterLoc,,
10410,421,evacuee,,Evacuee;315;in triage state;Y;is at the FOL
10410,423,filterLoc,,
10410,424,evacuee,,Evacuee;274;in triage state;G;is at the FOL
10410,426,filterLoc,,
10410,427,evacuee,,Evacuee;273;in triage state;G;is at the FOL
10410,429,filterLoc,,
10410,430,evacuee,,Evacuee;337;in triage state;G;is at the FOL
10410,432,filterLoc,,
10410,433,evacuee,,Evacuee;301;in triage state;G;is at the FOL
10410,435,filterLoc,,
10410,436,evacuee,,Evacuee;272;in triage state;G;is at the FOL
10410,438,filterLoc,,
10410,439,evacuee,,Evacuee;270;in triage state;B;is at the evacuation site
10410,441,filterLoc,,
10410,442,evacuee,,Evacuee;264;in triage state;B;is at the evacuation site
10410,444,filterLoc,,
10410,445,evacuee,,Evacuee;262;in triage state;B;is at the evacuation site
10410,447,filterLoc,,
10410,448,evacuee,,Evacuee;260;in triage state;B;is at the evacuation site
10410,450,filterLoc,,
10410,451,evacuee,,Evacuee;259;in triage state;B;is at the evacuation site
10410,453,filterLoc,,
10410,454,evacuee,,Evacuee;125;in triage state;B;is at the evacuation site
10410,456,filterLoc,,
10410,457,evacuee,,Evacuee;114;in triage state;B;is at the evacuation site
10410,459,filterLoc,,
10410,460,evacuee,,Evacuee;289;in triage state;B;is at the evacuation site
10410,462,filterLoc,,
10410,463,evacuee,,Evacuee;88;in triage state;B;is at the evacuation site
10410,465,filterLoc,,
10410,466,evacuee,,Evacuee;449;in triage state;B;is at the evacuation site
10410,468,filterLoc,,
10410,469,evacuee,,Evacuee;122;in triage state;B;is at the evacuation site
10410,471,filterLoc,,
10410,472,evacuee,,Evacuee;108;in triage state;B;is at the evacuation site
10410,474,filterLoc,,
10410,475,evacuee,,Evacuee;276;in triage state;B;is at the evacuation site
10410,477,filterLoc,,
10410,478,evacuee,,Evacuee;121;in triage state;G;is at the FOL
10410,480,filterLoc,,
10410,481,evacuee,,Evacuee;386;in triage state;G;is at the FOL
10410,483,filterLoc,,
10410,484,evacuee,,Evacuee;117;in triage state;G;is at the FOL
10410,486,filterLoc,,
10410,487,evacuee,,Evacuee;192;in triage state;G;is at the FOL
10410,489,filterLoc,,
10410,490,evacuee,,Evacuee;432;in triage state;G;is at the FOL
10410,492,filterLoc,,
10410,493,evacuee,,Evacuee;245;in triage state;G;is at the FOL
10410,495,filterLoc,,
10410,496,evacuee,,Evacuee;310;in triage state;B;is at the evacuation site
10410,498,filterLoc,,
10410,499,evacuee,,Evacuee;118;in triage state;B;is at the evacuation site
10410,501,filterLoc,,
10410,502,evacuee,,Evacuee;502;in triage state;B;is at the evacuation site
10410,504,filterLoc,,
10410,505,evacuee,,Evacuee;491;in triage state;B;is at the evacuation site
10410,507,filterLoc,,
10410,508,evacuee,,Evacuee;470;in triage state;B;is at the evacuation site
10410,510,filterLoc,,
10410,511,evacuee,,Evacuee;469;in triage state;B;is at the evacuation site
10410,513,filterLoc,,
10410,514,evacuee,,Evacuee;215;in triage state;B;is at the evacuation site
10410,516,filterLoc,,
10410,517,evacuee,,Evacuee;345;in triage state;B;is at the evacuation site
10410,519,filterLoc,,
10410,520,evacuee,,Evacuee;302;in triage state;B;is at the evacuation site
10410,522,filterLoc,,
10410,523,evacuee,,Evacuee;112;in triage state;B;is at the evacuation site
10410,525,filterLoc,,
10410,526,evacuee,,Evacuee;299;in triage state;B;is at the evacuation site
10410,528,filterLoc,,
10410,529,evacuee,,Evacuee;109;in triage state;B;is at the evacuation site
10410,531,filterLoc,,
10410,532,evacuee,,Evacuee;373;in triage state;B;is at the evacuation site
10410,534,filterLoc,,
10410,535,evacuee,,Evacuee;358;in triage state;B;is at the evacuation site
10410,537,filterLoc,,
10410,538,evacuee,,Evacuee;188;in triage state;G;is at the FOL
10410,540,filterLoc,,
10410,541,evacuee,,Evacuee;106;in triage state;G;is at the FOL
10410,543,filterLoc,,
10410,544,evacuee,,Evacuee;311;in triage state;G;is at the FOL
10410,546,filterLoc,,
10410,547,evacuee,,Evacuee;148;in triage state;G;is at the FOL
10410,549,filterLoc,,
10410,550,evacuee,,Evacuee;235;in triage state;G;is at the FOL
10410,552,filterLoc,,
10410,553,evacuee,,Evacuee;105;in triage state;G;is at the FOL
10410,555,filterLoc,,
10410,556,evacuee,,Evacuee;424;in triage state;G;is at the FOL
10410,558,filterLoc,,
10410,559,evacuee,,Evacuee;269;in triage state;B;is at the evacuation site
10410,561,filterLoc,,
10410,562,evacuee,,Evacuee;103;in triage state;B;is at the evacuation site
10410,564,filterLoc,,
10410,565,evacuee,,Evacuee;124;in triage state;B;is at the evacuation site
10410,567,filterLoc,,
10410,568,evacuee,,Evacuee;111;in triage state;B;is at the evacuation site
10410,570,filterLoc,,
10410,571,evacuee,,Evacuee;39;in triage state;B;is at the evacuation site
10410,573,filterLoc,,
10410,574,evacuee,,Evacuee;228;in triage state;B;is at the evacuation site
10410,576,filterLoc,,
10410,577,evacuee,,Evacuee;497;in triage state;B;is at the evacuation site
10410,579,filterLoc,,
10410,580,evacuee,,Evacuee;101;in triage state;B;is at the evacuation site
10410,582,filterLoc,,
10410,583,evacuee,,Evacuee;142;in triage state;B;is at the evacuation site
10410,585,filterLoc,,
10410,586,evacuee,,Evacuee;99;in triage state;B;is at the evacuation site
10410,588,filterLoc,,
10410,589,evacuee,,Evacuee;485;in triage state;B;is at the evacuation site
10410,591,filterLoc,,
10410,592,evacuee,,Evacuee;324;in triage state;B;is at the evacuation site
10410,594,filterLoc,,
10410,595,evacuee,,Evacuee;95;in triage state;B;is at the evacuation site
10410,597,filterLoc,,
10410,598,evacuee,,Evacuee;447;in triage state;B;is at the evacuation site
10410,600,filterLoc,,
10410,601,evacuee,,Evacuee;361;in triage state;B;is at the evacuation site
10410,603,filterLoc,,
10410,604,evacuee,,Evacuee;342;in triage state;B;is at the evacuation site
10410,606,filterLoc,,
10410,607,evacuee,,Evacuee;93;in triage state;G;is at the FOL
10410,609,filterLoc,,
10410,610,evacuee,,Evacuee;136;in triage state;G;is at the FOL
10410,612,filterLoc,,
10410,613,evacuee,,Evacuee;412;in triage state;G;is at the FOL
10410,615,filterLoc,,
10410,616,evacuee,,Evacuee;90;in triage state;G;is at the FOL
10410,618,filterLoc,,
10410,619,evacuee,,Evacuee;83;in triage state;G;is at the FOL
10410,621,filterLoc,,
10410,622,evacuee,,Evacuee;127;in triage state;G;is at the FOL
10410,624,filterLoc,,
10410,625,evacuee,,Evacuee;49;in triage state;G;is at the FOL
10410,627,filterLoc,,
10410,628,evacuee,,Evacuee;87;in triage state;B;is at the evacuation site
10410,630,filterLoc,,
10410,631,evacuee,,Evacuee;297;in triage state;B;is at the evacuation site
10410,633,filterLoc,,
10410,634,evacuee,,Evacuee;86;in triage state;B;is at the evacuation site
10410,636,filterLoc,,
10410,637,evacuee,,Evacuee;51;in triage state;B;is at the evacuation site
10410,639,filterLoc,,
10410,640,evacuee,,Evacuee;444;in triage state;B;is at the evacuation site
10410,642,filterLoc,,
10410,643,evacuee,,Evacuee;80;in triage state;B;is at the evacuation site
10410,645,filterLoc,,
10410,646,evacuee,,Evacuee;79;in triage state;B;is at the evacuation site
10410,648,filterLoc,,
10410,649,evacuee,,Evacuee;115;in triage state;B;is at the evacuation site
10410,651,filterLoc,,
10410,652,evacuee,,Evacuee;98;in triage state;B;is at the evacuation site
10410,654,filterLoc,,
10410,655,evacuee,,Evacuee;356;in triage state;B;is at the evacuation site
10410,657,filterLoc,,
10410,658,evacuee,,Evacuee;78;in triage state;B;is at the evacuation site
10410,660,filterLoc,,
10410,661,evacuee,,Evacuee;213;in triage state;B;is at the evacuation site
10410,663,filterLoc,,
10410,664,evacuee,,Evacuee;344;in triage state;B;is at the evacuation site
10410,666,filterLoc,,
10410,667,evacuee,,Evacuee;77;in triage state;B;is at the evacuation site
10410,669,filterLoc,,
10410,670,evacuee,,Evacuee;156;in triage state;B;is at the evacuation site
10410,672,filterLoc,,
10410,673,evacuee,,Evacuee;300;in triage state;Y;is at the FOL
10410,675,filterLoc,,
10410,676,evacuee,,Evacuee;165;in triage state;G;is at the FOL
10410,678,filterLoc,,
10410,679,evacuee,,Evacuee;454;in triage state;G;is at the FOL
10410,681,filterLoc,,
10410,682,evacuee,,Evacuee;440;in triage state;G;is at the FOL
10410,684,filterLoc,,
10410,685,evacuee,,Evacuee;76;in triage state;G;is at the FOL
10410,687,filterLoc,,
10410,688,evacuee,,Evacuee;431;in triage state;G;is at the FOL
10410,690,filterLoc,,
10410,691,evacuee,,Evacuee;74;in triage state;G;is at the FOL
10410,693,filterLoc,,
10410,694,evacuee,,Evacuee;363;in triage state;B;is at the evacuation site
10410,696,filterLoc,,
10410,697,evacuee,,Evacuee;251;in triage state;B;is at the evacuation site
10410,699,filterLoc,,
10410,700,evacuee,,Evacuee;128;in triage state;B;is at the evacuation site
10410,702,filterLoc,,
10410,703,evacuee,,Evacuee;134;in triage state;B;is at the evacuation site
10410,705,filterLoc,,
10410,706,evacuee,,Evacuee;199;in triage state;B;is at the evacuation site
10410,708,filterLoc,,
10410,709,evacuee,,Evacuee;66;in triage state;B;is at the evacuation site
10410,711,filterLoc,,
10410,712,evacuee,,Evacuee;62;in triage state;B;is at the evacuation site
10410,714,filterLoc,,
10410,715,evacuee,,Evacuee;223;in triage state;B;is at the evacuation site
10410,717,filterLoc,,
10410,718,evacuee,,Evacuee;135;in triage state;B;is at the evacuation site
10410,720,filterLoc,,
10410,721,evacuee,,Evacuee;15;in triage state;B;is at the evacuation site
10410,723,filterLoc,,
10410,724,evacuee,,Evacuee;474;in triage state;B;is at the evacuation site
10410,726,filterLoc,,
10410,727,evacuee,,Evacuee;17;in triage state;B;is at the evacuation site
10410,729,filterLoc,,
10410,730,evacuee,,Evacuee;481;in triage state;B;is at the evacuation site
10410,732,filterLoc,,
10410,733,evacuee,,Evacuee;179;in triage state;B;is at the evacuation site
10410,735,filterLoc,,
10410,736,evacuee,,Evacuee;147;in triage state;Y;is at the FOL
10410,738,filterLoc,,
10410,739,evacuee,,Evacuee;65;in triage state;G;is at the FOL
10410,741,filterLoc,,
10410,742,evacuee,,Evacuee;14;in triage state;G;is at the FOL
10410,744,filterLoc,,
10410,745,evacuee,,Evacuee;218;in triage state;G;is at the FOL
10410,747,filterLoc,,
10410,748,evacuee,,Evacuee;2;in triage state;G;is at the FOL
10410,750,filterLoc,,
10410,751,evacuee,,Evacuee;33;in triage state;G;is at the FOL
10410,753,filterLoc,,
10410,754,evacuee,,Evacuee;271;in triage state;G;is at the FOL
10410,756,filterLoc,,
10410,757,evacuee,,Evacuee;9;in triage state;G;is at the FOL
10410,759,filterLoc,,
10410,760,evacuee,,Evacuee;25;in triage state;G;is at the FOL
10410,762,filterLoc,,
10410,763,evacuee,,Evacuee;334;in triage state;B;is at the evacuation site
10410,765,filterLoc,,
10410,766,evacuee,,Evacuee;70;in triage state;B;is at the evacuation site
10410,768,filterLoc,,
10410,769,evacuee,,Evacuee;5;in triage state;B;is at the evacuation site
10410,771,filterLoc,,
10410,772,evacuee,,Evacuee;250;in triage state;B;is at the evacuation site
10410,774,filterLoc,,
10410,775,evacuee,,Evacuee;107;in triage state;B;is at the evacuation site
10410,777,filterLoc,,
10410,778,evacuee,,Evacuee;229;in triage state;B;is at the evacuation site
10410,780,filterLoc,,
10410,781,evacuee,,Evacuee;110;in triage state;B;is at the evacuation site
10410,783,filterLoc,,
10410,784,evacuee,,Evacuee;141;in triage state;B;is at the evacuation site
10410,786,filterLoc,,
10410,787,evacuee,,Evacuee;133;in triage state;B;is at the evacuation site
10410,789,filterLoc,,
10410,790,evacuee,,Evacuee;493;in triage state;B;is at the evacuation site
10410,792,filterLoc,,
10410,793,evacuee,,Evacuee;473;in triage state;B;is at the evacuation site
10410,795,filterLoc,,
10410,796,evacuee,,Evacuee;400;in triage state;B;is at the evacuation site
10410,798,filterLoc,,
10410,799,evacuee,,Evacuee;268;in triage state;B;is at the evacuation site
10410,801,filterLoc,,
10410,802,evacuee,,Evacuee;100;in triage state;B;is at the evacuation site
10410,804,filterLoc,,
10410,805,evacuee,,Evacuee;29;in triage state;G;is at the FOL
10410,807,filterLoc,,
10410,808,evacuee,,Evacuee;158;in triage state;G;is at the FOL
10410,810,filterLoc,,
10410,811,evacuee,,Evacuee;187;in triage state;G;is at the FOL
10410,813,filterLoc,,
10410,814,evacuee,,Evacuee;85;in triage state;G;is at the FOL
10410,816,filterLoc,,
10410,817,evacuee,,Evacuee;487;in triage state;B;is at the evacuation site
10410,819,filterLoc,,
10410,820,evacuee,,Evacuee;71;in triage state;G;is at the FOL
10410,822,filterLoc,,
10410,823,evacuee,,Evacuee;332;in triage state;G;is at the FOL
10410,825,filterLoc,,
10410,826,evacuee,,Evacuee;81;in triage state;G;is at the FOL
10410,828,filterLoc,,
10410,829,evacuee,,Evacuee;104;in triage state;G;is at the FOL
10410,831,filterLoc,,
10410,832,evacuee,,Evacuee;40;in triage state;B;is at the evacuation site
10410,834,filterLoc,,
10410,835,evacuee,,Evacuee;97;in triage state;B;is at the evacuation site
10410,837,filterLoc,,
10410,838,evacuee,,Evacuee;453;in triage state;B;is at the evacuation site
10410,840,filterLoc,,
10410,841,evacuee,,Evacuee;285;in triage state;B;is at the evacuation site
10410,843,filterLoc,,
10410,844,evacuee,,Evacuee;89;in triage state;B;is at the evacuation site
10410,846,filterLoc,,
10410,847,evacuee,,Evacuee;394;in triage state;B;is at the evacuation site
10410,849,filterLoc,,
10410,850,evacuee,,Evacuee;240;in triage state;B;is at the evacuation site
10410,852,filterLoc,,
10410,853,evacuee,,Evacuee;8;in triage state;B;is at the evacuation site
10410,855,filterLoc,,
10410,856,evacuee,,Evacuee;3;in triage state;B;is at the evacuation site
10410,858,filterLoc,,
10410,859,evacuee,,Evacuee;172;in triage state;B;is at the evacuation site
10410,861,filterLoc,,
10410,862,evacuee,,Evacuee;256;in triage state;B;is at the evacuation site
10410,864,filterLoc,,
10410,865,evacuee,,Evacuee;347;in triage state;B;is at the evacuation site
10410,867,filterLoc,,
10410,868,evacuee,,Evacuee;82;in triage state;B;is at the evacuation site
10410,870,filterLoc,,
10410,871,evacuee,,Evacuee;54;in triage state;B;is at the evacuation site
10410,873,filterLoc,,
10410,874,evacuee,,Evacuee;368;in triage state;B;is at the evacuation site
10410,876,filterLoc,,
10410,877,evacuee,,Evacuee;4;in triage state;G;is at the FOL
10410,879,filterLoc,,
10410,880,evacuee,,Evacuee;18;in triage state;G;is at the FOL
10410,882,filterLoc,,
10410,883,evacuee,,Evacuee;387;in triage state;G;is at the FOL
10410,885,filterLoc,,
10410,886,evacuee,,Evacuee;246;in triage state;G;is at the FOL
10410,888,filterLoc,,
10410,889,evacuee,,Evacuee;22;in triage state;G;is at the FOL
10410,891,filterLoc,,
10410,892,evacuee,,Evacuee;92;in triage state;G;is at the FOL
10410,894,filterLoc,,
10410,895,evacuee,,Evacuee;44;in triage state;G;is at the FOL
10410,897,filterLoc,,
10410,898,evacuee,,Evacuee;150;in triage state;B;is at the evacuation site
10410,900,filterLoc,,
10410,901,evacuee,,Evacuee;119;in triage state;B;is at the evacuation site
10410,903,filterLoc,,
10410,904,evacuee,,Evacuee;6;in triage state;B;is at the evacuation site
10410,906,filterLoc,,
10410,907,evacuee,,Evacuee;173;in triage state;B;is at the evacuation site
10410,909,filterLoc,,
10410,910,evacuee,,Evacuee;157;in triage state;B;is at the evacuation site
10410,912,filterLoc,,
10410,913,evacuee,,Evacuee;451;in triage state;B;is at the evacuation site
10410,915,filterLoc,,
10410,916,evacuee,,Evacuee;359;in triage state;B;is at the evacuation site
10410,918,filterLoc,,
10410,919,evacuee,,Evacuee;286;in triage state;B;is at the evacuation site
10410,921,filterLoc,,
10410,922,evacuee,,Evacuee;196;in triage state;B;is at the evacuation site
10410,924,filterLoc,,
10410,925,evacuee,,Evacuee;407;in triage state;B;is at the evacuation site
10410,927,filterLoc,,
10410,928,evacuee,,Evacuee;132;in triage state;B;is at the evacuation site
10410,930,filterLoc,,
10410,931,evacuee,,Evacuee;31;in triage state;B;is at the evacuation site
10410,933,filterLoc,,
10410,934,evacuee,,Evacuee;38;in triage state;B;is at the evacuation site
10410,936,filterLoc,,
10410,937,evacuee,,Evacuee;10;in triage state;B;is at the evacuation site
10410,939,filterLoc,,
10410,940,evacuee,,Evacuee;26;in triage state;B;is at the evacuation site
10410,942,filterLoc,,
10410,943,evacuee,,Evacuee;343;in triage state;B;is at the evacuation site
10410,945,filterLoc,,
10410,946,evacuee,,Evacuee;241;in triage state;B;is at the evacuation site
10410,948,filterLoc,,
10410,949,evacuee,,Evacuee;418;in triage state;Y;is at the FOL
10410,951,filterLoc,,
10410,952,evacuee,,Evacuee;75;in triage state;G;is at the FOL
10410,954,filterLoc,,
10410,955,evacuee,,Evacuee;37;in triage state;G;is at the FOL
10410,957,filterLoc,,
10410,958,evacuee,,Evacuee;496;in triage state;B;is at the evacuation site
10410,960,filterLoc,,
10410,961,evacuee,,Evacuee;209;in triage state;G;is at the FOL
10410,963,filterLoc,,
10410,964,evacuee,,Evacuee;402;in triage state;G;is at the FOL
10410,966,filterLoc,,
10410,967,evacuee,,Evacuee;320;in triage state;B;is at the evacuation site
10410,969,filterLoc,,
10410,970,evacuee,,Evacuee;116;in triage state;B;is at the evacuation site
10410,972,filterLoc,,
10410,973,evacuee,,Evacuee;61;in triage state;B;is at the evacuation site
10410,975,filterLoc,,
10410,976,evacuee,,Evacuee;52;in triage state;B;is at the evacuation site
10410,978,filterLoc,,
10410,979,evacuee,,Evacuee;41;in triage state;B;is at the evacuation site
10410,981,filterLoc,,
10410,982,evacuee,,Evacuee;304;in triage state;B;is at the evacuation site
10410,984,filterLoc,,
10410,985,evacuee,,Evacuee;154;in triage state;B;is at the evacuation site
10410,987,filterLoc,,
10410,988,evacuee,,Evacuee;421;in triage state;B;is at the evacuation site
10410,990,filterLoc,,
10410,991,evacuee,,Evacuee;405;in triage state;B;is at the evacuation site
10410,993,filterLoc,,
10410,994,evacuee,,Evacuee;21;in triage state;B;is at the evacuation site
10410,996,filterLoc,,
10410,997,evacuee,,Evacuee;68;in triage state;B;is at the evacuation site
10410,999,filterLoc,,
10410,1000,evacuee,,Evacuee;72;in triage state;B;is at the evacuation site
10410,1002,filterLoc,,
10410,1003,evacuee,,Evacuee;46;in triage state;B;is at the evacuation site
10410,1005,filterLoc,,
10410,1006,evacuee,,Evacuee;53;in triage state;B;is at the evacuation site
10410,1008,filterLoc,,
10410,1009,evacuee,,Evacuee;220;in triage state;B;is at the evacuation site
10410,1011,filterLoc,,
10410,1012,evacuee,,Evacuee;355;in triage state;B;is at the evacuation site
10410,1014,filterLoc,,
10410,1015,evacuee,,Evacuee;23;in triage state;G;is at the FOL
10410,1017,filterLoc,,
10410,1018,evacuee,,Evacuee;200;in triage state;G;is at the FOL
10410,1020,filterLoc,,
10410,1021,evacuee,,Evacuee;255;in triage state;G;is at the FOL
10410,1023,filterLoc,,
10410,1024,evacuee,,Evacuee;13;in triage state;G;is at the FOL
10410,1026,filterLoc,,
10410,1027,evacuee,,Evacuee;24;in triage state;G;is at the FOL
10410,1029,filterLoc,,
10410,1030,evacuee,,Evacuee;32;in triage state;G;is at the FOL
10410,1032,filterLoc,,
10410,1033,evacuee,,Evacuee;34;in triage state;G;is at the FOL
10410,1035,filterLoc,,
10410,1036,evacuee,,Evacuee;64;in triage state;B;is at the evacuation site
10410,1038,filterLoc,,
10410,1039,evacuee,,Evacuee;429;in triage state;B;is at the evacuation site
10410,1041,filterLoc,,
10410,1042,evacuee,,Evacuee;102;in triage state;B;is at the evacuation site
10410,1044,filterLoc,,
10410,1045,evacuee,,Evacuee;160;in triage state;B;is at the evacuation site
10410,1047,filterLoc,,
10410,1048,evacuee,,Evacuee;20;in triage state;B;is at the evacuation site
10410,1050,filterLoc,,
10410,1051,evacuee,,Evacuee;35;in triage state;B;is at the evacuation site
10410,1053,filterLoc,,
10410,1054,evacuee,,Evacuee;155;in triage state;B;is at the evacuation site
10410,1056,filterLoc,,
10410,1057,evacuee,,Evacuee;36;in triage state;B;is at the evacuation site
10410,1059,filterLoc,,
10410,1060,evacuee,,Evacuee;198;in triage state;B;is at the evacuation site
10410,1062,filterLoc,,
10410,1063,evacuee,,Evacuee;84;in triage state;B;is at the evacuation site
10410,1065,filterLoc,,
10410,1066,evacuee,,Evacuee;42;in triage state;B;is at the evacuation site
10410,1068,filterLoc,,
10410,1069,evacuee,,Evacuee;91;in triage state;B;is at the evacuation site
10410,1071,filterLoc,,
10410,1072,evacuee,,Evacuee;43;in triage state;B;is at the evacuation site
10410,1074,filterLoc,,
10410,1075,evacuee,,Evacuee;30;in triage state;B;is at the evacuation site
10410,1077,filterLoc,,
10410,1078,evacuee,,Evacuee;336;in triage state;B;is at the evacuation site
10410,1080,filterLoc,,
10410,1081,evacuee,,Evacuee;307;in triage state;B;is at the evacuation site
10410,1083,filterLoc,,
10410,1084,evacuee,,Evacuee;212;in triage state;G;is at the FOL
10410,1086,filterLoc,,
10410,1087,evacuee,,Evacuee;391;in triage state;G;is at the FOL
10410,1089,filterLoc,,
10410,1090,evacuee,,Evacuee;388;in triage state;G;is at the FOL
10410,1092,filterLoc,,
10410,1093,evacuee,,Evacuee;55;in triage state;G;is at the FOL
10410,1095,filterLoc,,
10410,1096,evacuee,,Evacuee;48;in triage state;G;is at the FOL
10410,1098,filterLoc,,
10410,1099,evacuee,,Evacuee;144;in triage state;G;is at the FOL
10410,1101,filterLoc,,
10410,1102,evacuee,,Evacuee;50;in triage state;G;is at the FOL
10410,1104,filterLoc,,
10410,1105,evacuee,,Evacuee;19;in triage state;B;is at the evacuation site
10410,1107,filterLoc,,
10410,1108,evacuee,,Evacuee;182;in triage state;B;is at the evacuation site
10410,1110,filterLoc,,
10410,1111,evacuee,,Evacuee;490;in triage state;B;is at the evacuation site
10410,1113,filterLoc,,
10410,1114,evacuee,,Evacuee;266;in triage state;B;is at the evacuation site
10410,1116,filterLoc,,
10410,1117,evacuee,,Evacuee;120;in triage state;B;is at the evacuation site
10410,1119,filterEvac,,
10410,1120,filterES,,
10410,1121,helicopter,,Helicopter;2;is unloading people at the FOL;;and has;0;spots taken
10410,1123,filterLoc,,
10410,1124,evacuee,,Evacuee;94;in triage state;B;is at the evacuation site
10410,1126,filterLoc,,
10410,1127,evacuee,,Evacuee;63;in triage state;B;is at the evacuation site
10410,1129,filterLoc,,
10410,1130,evacuee,,Evacuee;175;in triage state;B;is at the evacuation site
10410,1132,filterLoc,,
10410,1133,evacuee,,Evacuee;47;in triage state;B;is at the evacuation site
10410,1135,filterLoc,,
10410,1136,evacuee,,Evacuee;56;in triage state;B;is at the evacuation site
10410,1138,filterLoc,,
10410,1139,evacuee,,Evacuee;367;in triage state;B;is at the evacuation site
10410,1141,filterLoc,,
10410,1142,evacuee,,Evacuee;364;in triage state;B;is at the evacuation site
10410,1144,filterLoc,,
10410,1145,evacuee,,Evacuee;208;in triage state;B;is at the evacuation site
10410,1147,filterLoc,,
10410,1148,evacuee,,Evacuee;57;in triage state;B;is at the evacuation site
10410,1150,filterLoc,,
10410,1151,evacuee,,Evacuee;231;in triage state;Y;is at the FOL
10410,1153,filterLoc,,
10410,1154,evacuee,,Evacuee;261;in triage state;B;is at the evacuation site
10410,1156,filterLoc,,
10410,1157,evacuee,,Evacuee;45;in triage state;G;is at the FOL
10410,1159,filterEvac,,
10410,1160,filterES,,
10410,1161,helicopter,,Helicopter;1;is unloading people at the FOL;;and has;0;spots taken
10410,1163,filterLoc,,
10410,1164,evacuee,,Evacuee;263;in triage state;G;is at the FOL
10410,1166,filterLoc,,
10410,1167,evacuee,,Evacuee;190;in triage state;G;is at the FOL
10410,1169,filterLoc,,
10410,1170,evacuee,,Evacuee;465;in triage state;G;is at the FOL
10410,1172,filterLoc,,
10410,1173,evacuee,,Evacuee;60;in triage state;G;is at the FOL
10410,1175,filterLoc,,
10410,1176,evacuee,,Evacuee;385;in triage state;G;is at the FOL
10410,1178,filterLoc,,
10410,1179,evacuee,,Evacuee;181;in triage state;G;is at the FOL
10410,1181,filterLoc,,
10410,1182,evacuee,,Evacuee;416;in triage state;B;is at the evacuation site
10410,1184,filterLoc,,
10410,1185,evacuee,,Evacuee;129;in triage state;B;is at the evacuation site
10410,1187,filterLoc,,
10410,1188,evacuee,,Evacuee;308;in triage state;B;is at the evacuation site
10410,1190,filterLoc,,
10410,1191,evacuee,,Evacuee;131;in triage state;B;is at the evacuation site
10410,1193,filterLoc,,
10410,1194,evacuee,,Evacuee;137;in triage state;B;is at the evacuation site
10410,1196,filterLoc,,
10410,1197,evacuee,,Evacuee;138;in triage state;B;is at the evacuation site
10410,1199,filterLoc,,
10410,1200,evacuee,,Evacuee;265;in triage state;B;is at the evacuation site
10410,1202,filterLoc,,
10410,1203,evacuee,,Evacuee;139;in triage state;B;is at the evacuation site
10410,1205,filterLoc,,
10410,1206,evacuee,,Evacuee;194;in triage state;B;is at the evacuation site
10410,1208,filterLoc,,
10410,1209,evacuee,,Evacuee;140;in triage state;B;is at the evacuation site
10410,1211,filterLoc,,
10410,1212,evacuee,,Evacuee;130;in triage state;B;is at the evacuation site
10410,1214,filterLoc,,
10410,1215,evacuee,,Evacuee;143;in triage state;B;is at the evacuation site
10410,1217,filterLoc,,
10410,1218,evacuee,,Evacuee;149;in triage state;B;is at the evacuation site
10410,1220,filterLoc,,
10410,1221,evacuee,,Evacuee;296;in triage state;B;is at the evacuation site
10410,1223,filterLoc,,
10410,1224,evacuee,,Evacuee;151;in triage state;B;is at the evacuation site
10410,1226,filterLoc,,
10410,1227,evacuee,,Evacuee;222;in triage state;B;is at the evacuation site
10410,1229,filterLoc,,
10410,1230,evacuee,,Evacuee;152;in triage state;G;is at the FOL
10410,1232,filterLoc,,
10410,1233,evacuee,,Evacuee;153;in triage state;G;is at the FOL
10410,1235,filterLoc,,
10410,1236,evacuee,,Evacuee;67;in triage state;G;is at the FOL
10410,1238,filterLoc,,
10410,1239,evacuee,,Evacuee;123;in triage state;G;is at the FOL
10410,1241,filterLoc,,
10410,1242,evacuee,,Evacuee;159;in triage state;G;is at the FOL
10410,1244,filterLoc,,
10410,1245,evacuee,,Evacuee;161;in triage state;G;is at the FOL
10410,1247,filterLoc,,
10410,1248,evacuee,,Evacuee;28;in triage state;B;is at the evacuation site
10410,1250,filterLoc,,
10410,1251,evacuee,,Evacuee;126;in triage state;B;is at the evacuation site
10410,1253,filterLoc,,
10410,1254,evacuee,,Evacuee;234;in triage state;B;is at the evacuation site
10410,1256,filterLoc,,
10410,1257,evacuee,,Evacuee;162;in triage state;B;is at the evacuation site
10410,1259,filterLoc,,
10410,1260,evacuee,,Evacuee;163;in triage state;B;is at the evacuation site
10410,1262,filterLoc,,
10410,1263,evacuee,,Evacuee;166;in triage state;B;is at the evacuation site
10410,1265,filterLoc,,
10410,1266,evacuee,,Evacuee;16;in triage state;B;is at the evacuation site
10410,1268,filterLoc,,
10410,1269,evacuee,,Evacuee;242;in triage state;B;is at the evacuation site
10410,1271,filterLoc,,
10410,1272,evacuee,,Evacuee;178;in triage state;B;is at the evacuation site
10410,1274,filterLoc,,
10410,1275,evacuee,,Evacuee;438;in triage state;B;is at the evacuation site
10410,1277,filterLoc,,
10410,1278,evacuee,,Evacuee;146;in triage state;B;is at the evacuation site
10410,1280,filterLoc,,
10410,1281,evacuee,,Evacuee;167;in triage state;B;is at the evacuation site
10410,1283,filterLoc,,
10410,1284,evacuee,,Evacuee;145;in triage state;B;is at the evacuation site
10410,1286,filterLoc,,
10410,1287,evacuee,,Evacuee;168;in triage state;B;is at the evacuation site
10410,1289,filterLoc,,
10410,1290,evacuee,,Evacuee;176;in triage state;B;is at the evacuation site
10410,1292,filterLoc,,
10410,1293,evacuee,,Evacuee;230;in triage state;B;is at the evacuation site
10410,1295,filterLoc,,
10410,1296,evacuee,,Evacuee;169;in triage state;G;is at the FOL
10410,1298,filterLoc,,
10410,1299,evacuee,,Evacuee;170;in triage state;G;is at the FOL
10410,1301,filterLoc,,
10410,1302,evacuee,,Evacuee;171;in triage state;G;is at the FOL
10410,1304,filterLoc,,
10410,1305,evacuee,,Evacuee;174;in triage state;G;is at the FOL
10410,1307,filterLoc,,
10410,1308,evacuee,,Evacuee;177;in triage state;G;is at the FOL
10410,1310,filterLoc,,
10410,1311,evacuee,,Evacuee;435;in triage state;G;is at the FOL
10410,1313,filterLoc,,
10410,1314,evacuee,,Evacuee;58;in triage state;G;is at the FOL
10410,1316,filterLoc,,
10410,1317,evacuee,,Evacuee;203;in triage state;B;is at the evacuation site
10410,1319,filterLoc,,
10410,1320,evacuee,,Evacuee;232;in triage state;B;is at the evacuation site
10410,1322,filterLoc,,
10410,1323,evacuee,,Evacuee;183;in triage state;B;is at the evacuation site
10410,1325,filterLoc,,
10410,1326,evacuee,,Evacuee;184;in triage state;B;is at the evacuation site
10410,1328,filterLoc,,
10410,1329,evacuee,,Evacuee;185;in triage state;B;is at the evacuation site
10410,1331,filterLoc,,
10410,1332,evacuee,,Evacuee;186;in triage state;B;is at the evacuation site
10410,1334,filterLoc,,
10410,1335,evacuee,,Evacuee;417;in triage state;B;is at the evacuation site
10410,1337,filterLoc,,
10410,1338,evacuee,,Evacuee;217;in triage state;B;is at the evacuation site
10410,1340,filterLoc,,
10410,1341,evacuee,,Evacuee;189;in triage state;B;is at the evacuation site
10410,1343,filterLoc,,
10410,1344,evacuee,,Evacuee;253;in triage state;B;is at the evacuation site
10410,1346,filterLoc,,
10410,1347,evacuee,,Evacuee;191;in triage state;B;is at the evacuation site
10410,1349,filterLoc,,
10410,1350,evacuee,,Evacuee;314;in triage state;B;is at the evacuation site
10410,1352,filterLoc,,
10410,1353,evacuee,,Evacuee;249;in triage state;B;is at the evacuation site
10410,1355,filterLoc,,
10410,1356,evacuee,,Evacuee;193;in triage state;Y;is at the FOL
10410,1358,filterLoc,,
10410,1359,evacuee,,Evacuee;195;in triage state;B;is at the evacuation site
10410,1361,filterLoc,,
10410,1362,evacuee,,Evacuee;399;in triage state;B;is at the evacuation site
10410,1364,filterLoc,,
10410,1365,evacuee,,Evacuee;197;in triage state;B;is at the evacuation site
10410,1367,filterLoc,,
10410,1368,evacuee,,Evacuee;450;in triage state;B;is at the evacuation site
10410,1370,filterLoc,,
10410,1371,evacuee,,Evacuee;252;in triage state;G;is at the FOL
10410,1373,filterLoc,,
10410,1374,evacuee,,Evacuee;329;in triage state;G;is at the FOL
10410,1376,filterLoc,,
10410,1377,evacuee,,Evacuee;201;in triage state;G;is at the FOL
10410,1379,filterLoc,,
10410,1380,evacuee,,Evacuee;11;in triage state;G;is at the FOL
10410,1382,filterLoc,,
10410,1383,evacuee,,Evacuee;202;in triage state;G;is at the FOL
10410,1385,filterLoc,,
10410,1386,evacuee,,Evacuee;390;in triage state;B;is at the evacuation site
10410,1388,filterLoc,,
10410,1389,evacuee,,Evacuee;204;in triage state;B;is at the evacuation site
10410,1391,filterLoc,,
10410,1392,evacuee,,Evacuee;275;in triage state;B;is at the evacuation site
10410,1394,filterLoc,,
10410,1395,evacuee,,Evacuee;205;in triage state;B;is at the evacuation site
10410,1397,filterLoc,,
10410,1398,evacuee,,Evacuee;323;in triage state;B;is at the evacuation site
10410,1400,filterLoc,,
10410,1401,evacuee,,Evacuee;180;in triage state;B;is at the evacuation site
10410,1403,filterLoc,,
10410,1404,evacuee,,Evacuee;206;in triage state;B;is at the evacuation site
10410,1406,filterLoc,,
10410,1407,evacuee,,Evacuee;69;in triage state;B;is at the evacuation site
10410,1409,filterLoc,,
10410,1410,evacuee,,Evacuee;207;in triage state;B;is at the evacuation site
10410,1412,filterLoc,,
10410,1413,evacuee,,Evacuee;27;in triage state;B;is at the evacuation site
10410,1415,filterLoc,,
10410,1416,evacuee,,Evacuee;211;in triage state;B;is at the evacuation site
10410,1418,filterLoc,,
10410,1419,evacuee,,Evacuee;294;in triage state;B;is at the evacuation site
10410,1421,filterLoc,,
10410,1422,evacuee,,Evacuee;214;in triage state;B;is at the evacuation site
10410,1424,filterLoc,,
10410,1425,evacuee,,Evacuee;12;in triage state;B;is at the evacuation site
10410,1427,filterLoc,,
10410,1428,evacuee,,Evacuee;216;in triage state;B;is at the evacuation site
10410,1430,filterLoc,,
10410,1431,evacuee,,Evacuee;219;in triage state;B;is at the evacuation site
10410,1433,filterLoc,,
10410,1434,evacuee,,Evacuee;221;in triage state;Y;is at the FOL
10410,1436,filterLoc,,
10410,1437,evacuee,,Evacuee;224;in triage state;G;is at the FOL
10410,1439,filterLoc,,
10410,1440,evacuee,,Evacuee;339;in triage state;G;is at the FOL
10410,1442,filterLoc,,
10410,1443,evacuee,,Evacuee;225;in triage state;G;is at the FOL
10410,1445,filterLoc,,
10410,1446,evacuee,,Evacuee;164;in triage state;G;is at the FOL
10410,1448,filterLoc,,
10410,1449,evacuee,,Evacuee;226;in triage state;G;is at the FOL
10410,1451,filterLoc,,
10410,1452,evacuee,,Evacuee;464;in triage state;G;is at the FOL
10410,1454,filterLoc,,
10410,1455,evacuee,,Evacuee;227;in triage state;G;is at the FOL
10410,1457,filterLoc,,
10410,1458,evacuee,,Evacuee;267;in triage state;B;is at the evacuation site
10410,1460,filterLoc,,
10410,1461,evacuee,,Evacuee;73;in triage state;B;is at the evacuation site
10410,1463,filterLoc,,
10410,1464,evacuee,,Evacuee;233;in triage state;B;is at the evacuation site
10410,1466,filterLoc,,
10410,1467,evacuee,,Evacuee;236;in triage state;B;is at the evacuation site
10410,1469,filterLoc,,
10410,1470,evacuee,,Evacuee;7;in triage state;B;is at the evacuation site
10410,1472,filterLoc,,
10410,1473,evacuee,,Evacuee;237;in triage state;B;is at the evacuation site
10410,1475,filterLoc,,
10410,1476,evacuee,,Evacuee;238;in triage state;B;is at the evacuation site
10410,1478,filterLoc,,
10410,1479,evacuee,,Evacuee;113;in triage state;B;is at the evacuation site
10410,1481,filterLoc,,
10410,1482,evacuee,,Evacuee;239;in triage state;B;is at the evacuation site
10410,1484,filterLoc,,
10410,1485,evacuee,,Evacuee;243;in triage state;B;is at the evacuation site
10410,1487,filterLoc,,
10410,1488,evacuee,,Evacuee;96;in triage state;B;is at the evacuation site
10410,1490,filterLoc,,
10410,1491,evacuee,,Evacuee;244;in triage state;B;is at the evacuation site
10410,1493,filterLoc,,
10410,1494,evacuee,,Evacuee;247;in triage state;B;is at the evacuation site
10410,1496,filterLoc,,
10410,1497,evacuee,,Evacuee;59;in triage state;B;is at the evacuation site
10410,1499,filterLoc,,
10410,1500,evacuee,,Evacuee;248;in triage state;B;is at the evacuation site
10410,1502,filterLoc,,
10410,1503,evacuee,,Evacuee;467;in triage state;B;is at the evacuation site
10410,1505,filterLoc,,
10410,1506,evacuee,,Evacuee;298;in triage state;B;is at the evacuation site
10410,1508,filterLoc,,
10410,1509,evacuee,,Evacuee;254;in triage state;G;is at the FOL
10410,1511,filterLoc,,
10410,1512,evacuee,,Evacuee;257;in triage state;G;is at the FOL
10410,1514,filterLoc,,
10410,1515,evacuee,,Evacuee;210;in triage state;G;is at the FOL
10410,1517,filterLoc,,
10410,1518,evacuee,,Evacuee;258;in triage state;G;is at the FOL
