time,model_id,model_name,port_name,data
0,2,coastGuardShip,,The ship will arrive in 84 hours.
0,3,evacueeManager,,OFF SHIP: White;0;Green;475;Yellow;20;Red;5;Black;0;ON SHIP: White;0;Green;0;Yellow;0;Red;0;Evacuees to Transfer;
0,4,helipadManager,,;No helos are at ES
0,5,helicopterQueue,,;No helos are waiting to land
0,7,filterEvac,,
0,8,filterES,,
0,9,helicopter,,Helicopter;6;is unloading people at the FOL;;and has;0;spots taken
0,11,filterLoc,,
0,12,evacuee,,Evacuee;501;in triage state;R;is at the evacuation site
0,14,filterLoc,,
0,15,evacuee,,Evacuee;500;in triage state;R;is at the evacuation site
0,17,filterLoc,,
0,18,evacuee,,Evacuee;494;in triage state;Y;is at the evacuation site
0,20,filterLoc,,
0,21,evacuee,,Evacuee;492;in triage state;Y;is at the evacuation site
0,23,filterLoc,,
0,24,evacuee,,Evacuee;489;in triage state;Y;is at the evacuation site
0,26,filterLoc,,
0,27,evacuee,,Evacuee;486;in triage state;Y;is at the evacuation site
0,29,filterLoc,,
0,30,evacuee,,Evacuee;484;in triage state;Y;is at the evacuation site
0,32,filterLoc,,
0,33,evacuee,,Evacuee;483;in triage state;Y;is at the evacuation site
0,35,filterLoc,,
0,36,evacuee,,Evacuee;482;in triage state;Y;is at the evacuation site
0,38,filterLoc,,
0,39,evacuee,,Evacuee;499;in triage state;R;is at the evacuation site
0,41,filterLoc,,
0,42,evacuee,,Evacuee;479;in triage state;Y;is at the evacuation site
0,44,filterLoc,,
0,45,evacuee,,Evacuee;478;in triage state;Y;is at the evacuation site
0,47,filterLoc,,
0,48,evacuee,,Evacuee;476;in triage state;G;is at the evacuation site
0,50,filterLoc,,
0,51,evacuee,,Evacuee;475;in triage state;G;is at the evacuation site
0,53,filterLoc,,
0,54,evacuee,,Evacuee;472;in triage state;G;is at the evacuation site
0,56,filterLoc,,
0,57,evacuee,,Evacuee;471;in triage state;G;is at the evacuation site
0,59,filterLoc,,
0,60,evacuee,,Evacuee;468;in triage state;G;is at the evacuation site
0,62,filterLoc,,
0,63,evacuee,,Evacuee;463;in triage state;G;is at the evacuation site
0,65,filterLoc,,
0,66,evacuee,,Evacuee;462;in triage state;G;is at the evacuation site
0,68,filterLoc,,
0,69,evacuee,,Evacuee;461;in triage state;G;is at the evacuation site
0,71,filterLoc,,
0,72,evacuee,,Evacuee;459;in triage state;G;is at the evacuation site
0,74,filterLoc,,
0,75,evacuee,,Evacuee;495;in triage state;Y;is at the evacuation site
0,77,filterLoc,,
0,78,evacuee,,Evacuee;458;in triage state;G;is at the evacuation site
0,80,filterLoc,,
0,81,evacuee,,Evacuee;456;in triage state;G;is at the evacuation site
0,83,filterLoc,,
0,84,evacuee,,Evacuee;455;in triage state;G;is at the evacuation site
0,86,filterLoc,,
0,87,evacuee,,Evacuee;448;in triage state;G;is at the evacuation site
0,89,filterLoc,,
0,90,evacuee,,Evacuee;445;in triage state;G;is at the evacuation site
0,92,filterLoc,,
0,93,evacuee,,Evacuee;442;in triage state;G;is at the evacuation site
0,95,filterLoc,,
0,96,evacuee,,Evacuee;441;in triage state;G;is at the evacuation site
0,98,filterLoc,,
0,99,evacuee,,Evacuee;439;in triage state;G;is at the evacuation site
0,101,filterLoc,,
0,102,evacuee,,Evacuee;437;in triage state;G;is at the evacuation site
0,104,filterLoc,,
0,105,evacuee,,Evacuee;436;in triage state;G;is at the evacuation site
0,107,filterEvac,,
0,108,filterES,,
0,109,helicopter,,Helicopter;3;is unloading people at the FOL;;and has;0;spots taken
0,111,filterLoc,,
0,112,evacuee,,Evacuee;434;in triage state;G;is at the evacuation site
0,114,filterLoc,,
0,115,evacuee,,Evacuee;433;in triage state;G;is at the evacuation site
0,117,filterLoc,,
0,118,evacuee,,Evacuee;428;in triage state;G;is at the evacuation site
0,120,filterLoc,,
0,121,evacuee,,Evacuee;426;in triage state;G;is at the evacuation site
0,123,filterLoc,,
0,124,evacuee,,Evacuee;423;in triage state;G;is at the evacuation site
0,126,filterLoc,,
0,127,evacuee,,Evacuee;420;in triage state;G;is at the evacuation site
0,129,filterLoc,,
0,130,evacuee,,Evacuee;419;in triage state;G;is at the evacuation site
0,132,filterLoc,,
0,133,evacuee,,Evacuee;414;in triage state;G;is at the evacuation site
0,135,filterLoc,,
0,136,evacuee,,Evacuee;411;in triage state;G;is at the evacuation site
0,138,filterLoc,,
0,139,evacuee,,Evacuee;422;in triage state;G;is at the evacuation site
0,141,filterLoc,,
0,142,evacuee,,Evacuee;409;in triage state;G;is at the evacuation site
0,144,filterLoc,,
0,145,evacuee,,Evacuee;408;in triage state;G;is at the evacuation site
0,147,filterLoc,,
0,148,evacuee,,Evacuee;406;in triage state;G;is at the evacuation site
0,150,filterLoc,,
0,151,evacuee,,Evacuee;404;in triage state;G;is at the evacuation site
0,153,filterLoc,,
0,154,evacuee,,Evacuee;403;in triage state;G;is at the evacuation site
0,156,filterLoc,,
0,157,evacuee,,Evacuee;401;in triage state;G;is at the evacuation site
0,159,filterLoc,,
0,160,evacuee,,Evacuee;398;in triage state;G;is at the evacuation site
0,162,filterLoc,,
0,163,evacuee,,Evacuee;397;in triage state;G;is at the evacuation site
0,165,filterLoc,,
0,166,evacuee,,Evacuee;452;in triage state;G;is at the evacuation site
0,168,filterLoc,,
0,169,evacuee,,Evacuee;396;in triage state;G;is at the evacuation site
0,171,filterLoc,,
0,172,evacuee,,Evacuee;395;in triage state;G;is at the evacuation site
0,174,filterLoc,,
0,175,evacuee,,Evacuee;393;in triage state;G;is at the evacuation site
0,177,filterLoc,,
0,178,evacuee,,Evacuee;392;in triage state;G;is at the evacuation site
0,180,filterLoc,,
0,181,evacuee,,Evacuee;389;in triage state;G;is at the evacuation site
0,183,filterLoc,,
0,184,evacuee,,Evacuee;384;in triage state;G;is at the evacuation site
0,186,filterLoc,,
0,187,evacuee,,Evacuee;430;in triage state;G;is at the evacuation site
0,189,filterLoc,,
0,190,evacuee,,Evacuee;383;in triage state;G;is at the evacuation site
0,192,filterLoc,,
0,193,evacuee,,Evacuee;480;in triage state;Y;is at the evacuation site
0,195,filterLoc,,
0,196,evacuee,,Evacuee;382;in triage state;G;is at the evacuation site
0,198,filterLoc,,
0,199,evacuee,,Evacuee;381;in triage state;G;is at the evacuation site
0,201,filterLoc,,
0,202,evacuee,,Evacuee;427;in triage state;G;is at the evacuation site
0,204,filterLoc,,
0,205,evacuee,,Evacuee;380;in triage state;G;is at the evacuation site
0,207,filterLoc,,
0,208,evacuee,,Evacuee;379;in triage state;G;is at the evacuation site
0,210,filterLoc,,
0,211,evacuee,,Evacuee;378;in triage state;G;is at the evacuation site
0,213,filterLoc,,
0,214,evacuee,,Evacuee;377;in triage state;G;is at the evacuation site
0,216,filterLoc,,
0,217,evacuee,,Evacuee;375;in triage state;G;is at the evacuation site
0,219,filterLoc,,
0,220,evacuee,,Evacuee;374;in triage state;G;is at the evacuation site
0,222,filterLoc,,
0,223,evacuee,,Evacuee;372;in triage state;G;is at the evacuation site
0,225,filterLoc,,
0,226,evacuee,,Evacuee;371;in triage state;G;is at the evacuation site
0,227,FOL,,;Lives Saved;0
0,229,filterLoc,,
0,230,evacuee,,Evacuee;370;in triage state;G;is at the evacuation site
0,232,filterLoc,,
0,233,evacuee,,Evacuee;457;in triage state;G;is at the evacuation site
0,235,filterLoc,,
0,236,evacuee,,Evacuee;369;in triage state;G;is at the evacuation site
0,238,filterLoc,,
0,239,evacuee,,Evacuee;366;in triage state;G;is at the evacuation site
0,241,filterLoc,,
0,242,evacuee,,Evacuee;362;in triage state;G;is at the evacuation site
0,244,filterLoc,,
0,245,evacuee,,Evacuee;425;in triage state;G;is at the evacuation site
0,247,filterLoc,,
0,248,evacuee,,Evacuee;360;in triage state;G;is at the evacuation site
0,250,filterLoc,,
0,251,evacuee,,Evacuee;357;in triage state;G;is at the evacuation site
0,253,filterLoc,,
0,254,evacuee,,Evacuee;354;in triage state;G;is at the evacuation site
0,256,filterLoc,,
0,257,evacuee,,Evacuee;353;in triage state;G;is at the evacuation site
0,259,filterLoc,,
0,260,evacuee,,Evacuee;351;in triage state;G;is at the evacuation site
0,262,filterLoc,,
0,263,evacuee,,Evacuee;349;in triage state;G;is at the evacuation site
0,265,filterLoc,,
0,266,evacuee,,Evacuee;348;in triage state;G;is at the evacuation site
0,268,filterLoc,,
0,269,evacuee,,Evacuee;346;in triage state;G;is at the evacuation site
0,271,filterLoc,,
0,272,evacuee,,Evacuee;341;in triage state;G;is at the evacuation site
0,274,filterLoc,,
0,275,evacuee,,Evacuee;340;in triage state;G;is at the evacuation site
0,277,filterLoc,,
0,278,evacuee,,Evacuee;338;in triage state;G;is at the evacuation site
0,280,filterLoc,,
0,281,evacuee,,Evacuee;335;in triage state;G;is at the evacuation site
0,283,filterLoc,,
0,284,evacuee,,Evacuee;331;in triage state;G;is at the evacuation site
0,286,filterLoc,,
0,287,evacuee,,Evacuee;503;in triage state;R;is at the evacuation site
0,289,filterLoc,,
0,290,evacuee,,Evacuee;330;in triage state;G;is at the evacuation site
0,292,filterEvac,,
0,293,filterES,,
0,294,helicopter,,Helicopter;4;is unloading people at the FOL;;and has;0;spots taken
0,296,filterLoc,,
0,297,evacuee,,Evacuee;328;in triage state;G;is at the evacuation site
0,299,filterLoc,,
0,300,evacuee,,Evacuee;327;in triage state;G;is at the evacuation site
0,302,filterLoc,,
0,303,evacuee,,Evacuee;410;in triage state;G;is at the evacuation site
0,305,filterLoc,,
0,306,evacuee,,Evacuee;326;in triage state;G;is at the evacuation site
0,308,filterLoc,,
0,309,evacuee,,Evacuee;466;in triage state;G;is at the evacuation site
0,311,filterLoc,,
0,312,evacuee,,Evacuee;325;in triage state;G;is at the evacuation site
0,314,filterLoc,,
0,315,evacuee,,Evacuee;365;in triage state;G;is at the evacuation site
0,317,filterLoc,,
0,318,evacuee,,Evacuee;322;in triage state;G;is at the evacuation site
0,320,filterLoc,,
0,321,evacuee,,Evacuee;321;in triage state;G;is at the evacuation site
0,323,filterLoc,,
0,324,evacuee,,Evacuee;319;in triage state;G;is at the evacuation site
0,326,filterLoc,,
0,327,evacuee,,Evacuee;318;in triage state;G;is at the evacuation site
0,329,filterLoc,,
0,330,evacuee,,Evacuee;317;in triage state;G;is at the evacuation site
0,332,filterLoc,,
0,333,evacuee,,Evacuee;460;in triage state;G;is at the evacuation site
0,335,filterLoc,,
0,336,evacuee,,Evacuee;316;in triage state;G;is at the evacuation site
0,338,filterLoc,,
0,339,evacuee,,Evacuee;446;in triage state;G;is at the evacuation site
0,341,filterLoc,,
0,342,evacuee,,Evacuee;313;in triage state;G;is at the evacuation site
0,344,filterLoc,,
0,345,evacuee,,Evacuee;443;in triage state;G;is at the evacuation site
0,347,filterLoc,,
0,348,evacuee,,Evacuee;312;in triage state;G;is at the evacuation site
0,350,filterLoc,,
0,351,evacuee,,Evacuee;309;in triage state;G;is at the evacuation site
0,353,filterLoc,,
0,354,evacuee,,Evacuee;306;in triage state;G;is at the evacuation site
0,356,filterLoc,,
0,357,evacuee,,Evacuee;305;in triage state;G;is at the evacuation site
0,359,filterLoc,,
0,360,evacuee,,Evacuee;303;in triage state;G;is at the evacuation site
0,362,filterLoc,,
0,363,evacuee,,Evacuee;295;in triage state;G;is at the evacuation site
0,365,filterLoc,,
0,366,evacuee,,Evacuee;352;in triage state;G;is at the evacuation site
0,368,filterLoc,,
0,369,evacuee,,Evacuee;293;in triage state;G;is at the evacuation site
0,371,filterLoc,,
0,372,evacuee,,Evacuee;488;in triage state;Y;is at the evacuation site
0,374,filterLoc,,
0,375,evacuee,,Evacuee;413;in triage state;G;is at the evacuation site
0,377,filterLoc,,
0,378,evacuee,,Evacuee;292;in triage state;G;is at the evacuation site
0,380,filterLoc,,
0,381,evacuee,,Evacuee;291;in triage state;G;is at the evacuation site
0,383,filterLoc,,
0,384,evacuee,,Evacuee;290;in triage state;G;is at the evacuation site
0,386,filterLoc,,
0,387,evacuee,,Evacuee;350;in triage state;G;is at the evacuation site
0,389,filterLoc,,
0,390,evacuee,,Evacuee;288;in triage state;G;is at the evacuation site
0,392,filterLoc,,
0,393,evacuee,,Evacuee;287;in triage state;G;is at the evacuation site
0,395,filterLoc,,
0,396,evacuee,,Evacuee;415;in triage state;G;is at the evacuation site
0,398,filterLoc,,
0,399,evacuee,,Evacuee;376;in triage state;G;is at the evacuation site
0,401,filterLoc,,
0,402,evacuee,,Evacuee;284;in triage state;G;is at the evacuation site
0,404,filterLoc,,
0,405,evacuee,,Evacuee;283;in triage state;G;is at the evacuation site
0,407,filterLoc,,
0,408,evacuee,,Evacuee;282;in triage state;G;is at the evacuation site
0,410,filterLoc,,
0,411,evacuee,,Evacuee;281;in triage state;G;is at the evacuation site
0,413,filterLoc,,
0,414,evacuee,,Evacuee;280;in triage state;G;is at the evacuation site
0,416,filterLoc,,
0,417,evacuee,,Evacuee;333;in triage state;G;is at the evacuation site
0,419,filterLoc,,
0,420,evacuee,,Evacuee;279;in triage state;G;is at the evacuation site
0,422,filterLoc,,
0,423,evacuee,,Evacuee;278;in triage state;G;is at the evacuation site
0,425,filterLoc,,
0,426,evacuee,,Evacuee;277;in triage state;G;is at the evacuation site
0,428,filterLoc,,
0,429,evacuee,,Evacuee;315;in triage state;G;is at the evacuation site
0,431,filterLoc,,
0,432,evacuee,,Evacuee;274;in triage state;G;is at the evacuation site
0,434,filterLoc,,
0,435,evacuee,,Evacuee;273;in triage state;G;is at the evacuation site
0,437,filterLoc,,
0,438,evacuee,,Evacuee;337;in triage state;G;is at the evacuation site
0,440,filterLoc,,
0,441,evacuee,,Evacuee;301;in triage state;G;is at the evacuation site
0,443,filterLoc,,
0,444,evacuee,,Evacuee;272;in triage state;G;is at the evacuation site
0,446,filterLoc,,
0,447,evacuee,,Evacuee;270;in triage state;G;is at the evacuation site
0,449,filterLoc,,
0,450,evacuee,,Evacuee;264;in triage state;G;is at the evacuation site
0,452,filterLoc,,
0,453,evacuee,,Evacuee;262;in triage state;G;is at the evacuation site
0,455,filterLoc,,
0,456,evacuee,,Evacuee;260;in triage state;G;is at the evacuation site
0,458,filterLoc,,
0,459,evacuee,,Evacuee;259;in triage state;G;is at the evacuation site
0,461,filterLoc,,
0,462,evacuee,,Evacuee;125;in triage state;G;is at the evacuation site
0,464,filterLoc,,
0,465,evacuee,,Evacuee;114;in triage state;G;is at the evacuation site
0,467,filterLoc,,
0,468,evacuee,,Evacuee;289;in triage state;G;is at the evacuation site
0,470,filterLoc,,
0,471,evacuee,,Evacuee;88;in triage state;G;is at the evacuation site
0,473,filterLoc,,
0,474,evacuee,,Evacuee;449;in triage state;G;is at the evacuation site
0,476,filterLoc,,
0,477,evacuee,,Evacuee;122;in triage state;G;is at the evacuation site
0,479,filterLoc,,
0,480,evacuee,,Evacuee;108;in triage state;G;is at the evacuation site
0,482,filterLoc,,
0,483,evacuee,,Evacuee;276;in triage state;G;is at the evacuation site
0,485,filterLoc,,
0,486,evacuee,,Evacuee;121;in triage state;G;is at the evacuation site
0,488,filterLoc,,
0,489,evacuee,,Evacuee;386;in triage state;G;is at the evacuation site
0,491,filterLoc,,
0,492,evacuee,,Evacuee;117;in triage state;G;is at the evacuation site
0,494,filterLoc,,
0,495,evacuee,,Evacuee;192;in triage state;G;is at the evacuation site
0,497,filterLoc,,
0,498,evacuee,,Evacuee;432;in triage state;G;is at the evacuation site
0,500,filterLoc,,
0,501,evacuee,,Evacuee;245;in triage state;G;is at the evacuation site
0,503,filterLoc,,
0,504,evacuee,,Evacuee;310;in triage state;G;is at the evacuation site
0,506,filterLoc,,
0,507,evacuee,,Evacuee;118;in triage state;G;is at the evacuation site
0,509,filterLoc,,
0,510,evacuee,,Evacuee;502;in triage state;R;is at the evacuation site
0,512,filterLoc,,
0,513,evacuee,,Evacuee;491;in triage state;Y;is at the evacuation site
0,515,filterLoc,,
0,516,evacuee,,Evacuee;470;in triage state;G;is at the evacuation site
0,518,filterLoc,,
0,519,evacuee,,Evacuee;469;in triage state;G;is at the evacuation site
0,521,filterLoc,,
0,522,evacuee,,Evacuee;215;in triage state;G;is at the evacuation site
0,524,filterLoc,,
0,525,evacuee,,Evacuee;345;in triage state;G;is at the evacuation site
0,527,filterLoc,,
0,528,evacuee,,Evacuee;302;in triage state;G;is at the evacuation site
0,530,filterLoc,,
0,531,evacuee,,Evacuee;112;in triage state;G;is at the evacuation site
0,533,filterLoc,,
0,534,evacuee,,Evacuee;299;in triage state;G;is at the evacuation site
0,536,filterLoc,,
0,537,evacuee,,Evacuee;109;in triage state;G;is at the evacuation site
0,539,filterLoc,,
0,540,evacuee,,Evacuee;373;in triage state;G;is at the evacuation site
0,542,filterLoc,,
0,543,evacuee,,Evacuee;358;in triage state;G;is at the evacuation site
0,545,filterLoc,,
0,546,evacuee,,Evacuee;188;in triage state;G;is at the evacuation site
0,548,filterLoc,,
0,549,evacuee,,Evacuee;106;in triage state;G;is at the evacuation site
0,551,filterLoc,,
0,552,evacuee,,Evacuee;311;in triage state;G;is at the evacuation site
0,554,filterLoc,,
0,555,evacuee,,Evacuee;148;in triage state;G;is at the evacuation site
0,557,filterLoc,,
0,558,evacuee,,Evacuee;235;in triage state;G;is at the evacuation site
0,560,filterLoc,,
0,561,evacuee,,Evacuee;105;in triage state;G;is at the evacuation site
0,563,filterLoc,,
0,564,evacuee,,Evacuee;424;in triage state;G;is at the evacuation site
0,566,filterLoc,,
0,567,evacuee,,Evacuee;269;in triage state;G;is at the evacuation site
0,569,filterLoc,,
0,570,evacuee,,Evacuee;103;in triage state;G;is at the evacuation site
0,572,filterEvac,,
0,573,filterES,,
0,574,helicopter,,Helicopter;5;is unloading people at the FOL;;and has;0;spots taken
0,576,filterLoc,,
0,577,evacuee,,Evacuee;124;in triage state;G;is at the evacuation site
0,579,filterLoc,,
0,580,evacuee,,Evacuee;111;in triage state;G;is at the evacuation site
0,582,filterLoc,,
0,583,evacuee,,Evacuee;39;in triage state;G;is at the evacuation site
0,585,filterLoc,,
0,586,evacuee,,Evacuee;228;in triage state;G;is at the evacuation site
0,588,filterLoc,,
0,589,evacuee,,Evacuee;497;in triage state;Y;is at the evacuation site
0,591,filterLoc,,
0,592,evacuee,,Evacuee;101;in triage state;G;is at the evacuation site
0,594,filterLoc,,
0,595,evacuee,,Evacuee;142;in triage state;G;is at the evacuation site
0,597,filterLoc,,
0,598,evacuee,,Evacuee;99;in triage state;G;is at the evacuation site
0,600,filterLoc,,
0,601,evacuee,,Evacuee;485;in triage state;Y;is at the evacuation site
0,603,filterLoc,,
0,604,evacuee,,Evacuee;324;in triage state;G;is at the evacuation site
0,606,filterLoc,,
0,607,evacuee,,Evacuee;95;in triage state;G;is at the evacuation site
0,609,filterLoc,,
0,610,evacuee,,Evacuee;447;in triage state;G;is at the evacuation site
0,612,filterLoc,,
0,613,evacuee,,Evacuee;361;in triage state;G;is at the evacuation site
0,615,filterLoc,,
0,616,evacuee,,Evacuee;342;in triage state;G;is at the evacuation site
0,618,filterLoc,,
0,619,evacuee,,Evacuee;93;in triage state;G;is at the evacuation site
0,621,filterLoc,,
0,622,evacuee,,Evacuee;136;in triage state;G;is at the evacuation site
0,624,filterLoc,,
0,625,evacuee,,Evacuee;412;in triage state;G;is at the evacuation site
0,627,filterLoc,,
0,628,evacuee,,Evacuee;90;in triage state;G;is at the evacuation site
0,630,filterLoc,,
0,631,evacuee,,Evacuee;83;in triage state;G;is at the evacuation site
0,633,filterLoc,,
0,634,evacuee,,Evacuee;127;in triage state;G;is at the evacuation site
0,636,filterLoc,,
0,637,evacuee,,Evacuee;49;in triage state;G;is at the evacuation site
0,639,filterLoc,,
0,640,evacuee,,Evacuee;87;in triage state;G;is at the evacuation site
0,642,filterLoc,,
0,643,evacuee,,Evacuee;297;in triage state;G;is at the evacuation site
0,645,filterLoc,,
0,646,evacuee,,Evacuee;86;in triage state;G;is at the evacuation site
0,648,filterLoc,,
0,649,evacuee,,Evacuee;51;in triage state;G;is at the evacuation site
0,651,filterLoc,,
0,652,evacuee,,Evacuee;444;in triage state;G;is at the evacuation site
0,654,filterLoc,,
0,655,evacuee,,Evacuee;80;in triage state;G;is at the evacuation site
0,657,filterLoc,,
0,658,evacuee,,Evacuee;79;in triage state;G;is at the evacuation site
0,660,filterLoc,,
0,661,evacuee,,Evacuee;115;in triage state;G;is at the evacuation site
0,663,filterLoc,,
0,664,evacuee,,Evacuee;98;in triage state;G;is at the evacuation site
0,666,filterLoc,,
0,667,evacuee,,Evacuee;356;in triage state;G;is at the evacuation site
0,669,filterLoc,,
0,670,evacuee,,Evacuee;78;in triage state;G;is at the evacuation site
0,672,filterLoc,,
0,673,evacuee,,Evacuee;213;in triage state;G;is at the evacuation site
0,675,filterLoc,,
0,676,evacuee,,Evacuee;344;in triage state;G;is at the evacuation site
0,678,filterLoc,,
0,679,evacuee,,Evacuee;77;in triage state;G;is at the evacuation site
0,681,filterLoc,,
0,682,evacuee,,Evacuee;156;in triage state;G;is at the evacuation site
0,684,filterLoc,,
0,685,evacuee,,Evacuee;300;in triage state;G;is at the evacuation site
0,687,filterLoc,,
0,688,evacuee,,Evacuee;165;in triage state;G;is at the evacuation site
0,690,filterLoc,,
0,691,evacuee,,Evacuee;454;in triage state;G;is at the evacuation site
0,693,filterLoc,,
0,694,evacuee,,Evacuee;440;in triage state;G;is at the evacuation site
0,696,filterLoc,,
0,697,evacuee,,Evacuee;76;in triage state;G;is at the evacuation site
0,699,filterLoc,,
0,700,evacuee,,Evacuee;431;in triage state;G;is at the evacuation site
0,702,filterLoc,,
0,703,evacuee,,Evacuee;74;in triage state;G;is at the evacuation site
0,705,filterLoc,,
0,706,evacuee,,Evacuee;363;in triage state;G;is at the evacuation site
0,708,filterLoc,,
0,709,evacuee,,Evacuee;251;in triage state;G;is at the evacuation site
0,711,filterLoc,,
0,712,evacuee,,Evacuee;128;in triage state;G;is at the evacuation site
0,714,filterLoc,,
0,715,evacuee,,Evacuee;134;in triage state;G;is at the evacuation site
0,717,filterLoc,,
0,718,evacuee,,Evacuee;199;in triage state;G;is at the evacuation site
0,720,filterLoc,,
0,721,evacuee,,Evacuee;66;in triage state;G;is at the evacuation site
0,723,filterLoc,,
0,724,evacuee,,Evacuee;62;in triage state;G;is at the evacuation site
0,726,filterLoc,,
0,727,evacuee,,Evacuee;223;in triage state;G;is at the evacuation site
0,729,filterLoc,,
0,730,evacuee,,Evacuee;135;in triage state;G;is at the evacuation site
0,732,filterLoc,,
0,733,evacuee,,Evacuee;15;in triage state;G;is at the evacuation site
0,735,filterLoc,,
0,736,evacuee,,Evacuee;474;in triage state;G;is at the evacuation site
0,738,filterLoc,,
0,739,evacuee,,Evacuee;17;in triage state;G;is at the evacuation site
0,741,filterLoc,,
0,742,evacuee,,Evacuee;481;in triage state;Y;is at the evacuation site
0,744,filterLoc,,
0,745,evacuee,,Evacuee;179;in triage state;G;is at the evacuation site
0,747,filterLoc,,
0,748,evacuee,,Evacuee;147;in triage state;G;is at the evacuation site
0,750,filterLoc,,
0,751,evacuee,,Evacuee;65;in triage state;G;is at the evacuation site
0,753,filterLoc,,
0,754,evacuee,,Evacuee;14;in triage state;G;is at the evacuation site
0,756,filterLoc,,
0,757,evacuee,,Evacuee;218;in triage state;G;is at the evacuation site
0,759,filterLoc,,
0,760,evacuee,,Evacuee;2;in triage state;G;is at the evacuation site
0,762,filterLoc,,
0,763,evacuee,,Evacuee;33;in triage state;G;is at the evacuation site
0,765,filterLoc,,
0,766,evacuee,,Evacuee;271;in triage state;G;is at the evacuation site
0,768,filterLoc,,
0,769,evacuee,,Evacuee;9;in triage state;G;is at the evacuation site
0,771,filterLoc,,
0,772,evacuee,,Evacuee;25;in triage state;G;is at the evacuation site
0,774,filterLoc,,
0,775,evacuee,,Evacuee;334;in triage state;G;is at the evacuation site
0,777,filterLoc,,
0,778,evacuee,,Evacuee;70;in triage state;G;is at the evacuation site
0,780,filterLoc,,
0,781,evacuee,,Evacuee;5;in triage state;G;is at the evacuation site
0,783,filterLoc,,
0,784,evacuee,,Evacuee;250;in triage state;G;is at the evacuation site
0,786,filterLoc,,
0,787,evacuee,,Evacuee;107;in triage state;G;is at the evacuation site
0,789,filterLoc,,
0,790,evacuee,,Evacuee;229;in triage state;G;is at the evacuation site
0,792,filterLoc,,
0,793,evacuee,,Evacuee;110;in triage state;G;is at the evacuation site
0,795,filterLoc,,
0,796,evacuee,,Evacuee;141;in triage state;G;is at the evacuation site
0,798,filterLoc,,
0,799,evacuee,,Evacuee;133;in triage state;G;is at the evacuation site
0,801,filterLoc,,
0,802,evacuee,,Evacuee;493;in triage state;Y;is at the evacuation site
0,804,filterLoc,,
0,805,evacuee,,Evacuee;473;in triage state;G;is at the evacuation site
0,807,filterLoc,,
0,808,evacuee,,Evacuee;400;in triage state;G;is at the evacuation site
0,810,filterLoc,,
0,811,evacuee,,Evacuee;268;in triage state;G;is at the evacuation site
0,813,filterLoc,,
0,814,evacuee,,Evacuee;100;in triage state;G;is at the evacuation site
0,816,filterLoc,,
0,817,evacuee,,Evacuee;29;in triage state;G;is at the evacuation site
0,819,filterLoc,,
0,820,evacuee,,Evacuee;158;in triage state;G;is at the evacuation site
0,822,filterLoc,,
0,823,evacuee,,Evacuee;187;in triage state;G;is at the evacuation site
0,825,filterLoc,,
0,826,evacuee,,Evacuee;85;in triage state;G;is at the evacuation site
0,828,filterLoc,,
0,829,evacuee,,Evacuee;487;in triage state;Y;is at the evacuation site
0,831,filterLoc,,
0,832,evacuee,,Evacuee;71;in triage state;G;is at the evacuation site
0,834,filterLoc,,
0,835,evacuee,,Evacuee;332;in triage state;G;is at the evacuation site
0,837,filterLoc,,
0,838,evacuee,,Evacuee;81;in triage state;G;is at the evacuation site
0,840,filterLoc,,
0,841,evacuee,,Evacuee;104;in triage state;G;is at the evacuation site
0,843,filterLoc,,
0,844,evacuee,,Evacuee;40;in triage state;G;is at the evacuation site
0,846,filterLoc,,
0,847,evacuee,,Evacuee;97;in triage state;G;is at the evacuation site
0,849,filterLoc,,
0,850,evacuee,,Evacuee;453;in triage state;G;is at the evacuation site
0,852,filterLoc,,
0,853,evacuee,,Evacuee;285;in triage state;G;is at the evacuation site
0,855,filterLoc,,
0,856,evacuee,,Evacuee;89;in triage state;G;is at the evacuation site
0,858,filterLoc,,
0,859,evacuee,,Evacuee;394;in triage state;G;is at the evacuation site
0,861,filterLoc,,
0,862,evacuee,,Evacuee;240;in triage state;G;is at the evacuation site
0,864,filterLoc,,
0,865,evacuee,,Evacuee;8;in triage state;G;is at the evacuation site
0,867,filterLoc,,
0,868,evacuee,,Evacuee;3;in triage state;G;is at the evacuation site
0,870,filterLoc,,
0,871,evacuee,,Evacuee;172;in triage state;G;is at the evacuation site
0,873,filterLoc,,
0,874,evacuee,,Evacuee;256;in triage state;G;is at the evacuation site
0,876,filterLoc,,
0,877,evacuee,,Evacuee;347;in triage state;G;is at the evacuation site
0,879,filterLoc,,
0,880,evacuee,,Evacuee;82;in triage state;G;is at the evacuation site
0,882,filterLoc,,
0,883,evacuee,,Evacuee;54;in triage state;G;is at the evacuation site
0,885,filterLoc,,
0,886,evacuee,,Evacuee;368;in triage state;G;is at the evacuation site
0,888,filterLoc,,
0,889,evacuee,,Evacuee;4;in triage state;G;is at the evacuation site
0,891,filterLoc,,
0,892,evacuee,,Evacuee;18;in triage state;G;is at the evacuation site
0,894,filterLoc,,
0,895,evacuee,,Evacuee;387;in triage state;G;is at the evacuation site
0,897,filterLoc,,
0,898,evacuee,,Evacuee;246;in triage state;G;is at the evacuation site
0,900,filterLoc,,
0,901,evacuee,,Evacuee;22;in triage state;G;is at the evacuation site
0,903,filterLoc,,
0,904,evacuee,,Evacuee;92;in triage state;G;is at the evacuation site
0,906,filterLoc,,
0,907,evacuee,,Evacuee;44;in triage state;G;is at the evacuation site
0,909,filterLoc,,
0,910,evacuee,,Evacuee;150;in triage state;G;is at the evacuation site
0,912,filterLoc,,
0,913,evacuee,,Evacuee;119;in triage state;G;is at the evacuation site
0,915,filterLoc,,
0,916,evacuee,,Evacuee;6;in triage state;G;is at the evacuation site
0,918,filterLoc,,
0,919,evacuee,,Evacuee;173;in triage state;G;is at the evacuation site
0,921,filterLoc,,
0,922,evacuee,,Evacuee;157;in triage state;G;is at the evacuation site
0,924,filterLoc,,
0,925,evacuee,,Evacuee;451;in triage state;G;is at the evacuation site
0,927,filterLoc,,
0,928,evacuee,,Evacuee;359;in triage state;G;is at the evacuation site
0,930,filterLoc,,
0,931,evacuee,,Evacuee;286;in triage state;G;is at the evacuation site
0,933,filterLoc,,
0,934,evacuee,,Evacuee;196;in triage state;G;is at the evacuation site
0,936,filterLoc,,
0,937,evacuee,,Evacuee;407;in triage state;G;is at the evacuation site
0,939,filterLoc,,
0,940,evacuee,,Evacuee;132;in triage state;G;is at the evacuation site
0,942,filterLoc,,
0,943,evacuee,,Evacuee;31;in triage state;G;is at the evacuation site
0,945,filterLoc,,
0,946,evacuee,,Evacuee;38;in triage state;G;is at the evacuation site
0,948,filterLoc,,
0,949,evacuee,,Evacuee;10;in triage state;G;is at the evacuation site
0,951,filterLoc,,
0,952,evacuee,,Evacuee;26;in triage state;G;is at the evacuation site
0,954,filterLoc,,
0,955,evacuee,,Evacuee;343;in triage state;G;is at the evacuation site
0,957,filterLoc,,
0,958,evacuee,,Evacuee;241;in triage state;G;is at the evacuation site
0,960,filterLoc,,
0,961,evacuee,,Evacuee;418;in triage state;G;is at the evacuation site
0,963,filterLoc,,
0,964,evacuee,,Evacuee;75;in triage state;G;is at the evacuation site
0,966,filterLoc,,
0,967,evacuee,,Evacuee;37;in triage state;G;is at the evacuation site
0,969,filterLoc,,
0,970,evacuee,,Evacuee;496;in triage state;Y;is at the evacuation site
0,972,filterLoc,,
0,973,evacuee,,Evacuee;209;in triage state;G;is at the evacuation site
0,975,filterLoc,,
0,976,evacuee,,Evacuee;402;in triage state;G;is at the evacuation site
0,978,filterLoc,,
0,979,evacuee,,Evacuee;320;in triage state;G;is at the evacuation site
0,981,filterLoc,,
0,982,evacuee,,Evacuee;116;in triage state;G;is at the evacuation site
0,984,filterLoc,,
0,985,evacuee,,Evacuee;61;in triage state;G;is at the evacuation site
0,987,filterLoc,,
0,988,evacuee,,Evacuee;52;in triage state;G;is at the evacuation site
0,990,filterLoc,,
0,991,evacuee,,Evacuee;41;in triage state;G;is at the evacuation site
0,993,filterLoc,,
0,994,evacuee,,Evacuee;304;in triage state;G;is at the evacuation site
0,996,filterLoc,,
0,997,evacuee,,Evacuee;154;in triage state;G;is at the evacuation site
0,999,filterLoc,,
0,1000,evacuee,,Evacuee;421;in triage state;G;is at the evacuation site
0,1002,filterLoc,,
0,1003,evacuee,,Evacuee;405;in triage state;G;is at the evacuation site
0,1005,filterLoc,,
0,1006,evacuee,,Evacuee;21;in triage state;G;is at the evacuation site
0,1008,filterLoc,,
0,1009,evacuee,,Evacuee;68;in triage state;G;is at the evacuation site
0,1011,filterLoc,,
0,1012,evacuee,,Evacuee;72;in triage state;G;is at the evacuation site
0,1014,filterLoc,,
0,1015,evacuee,,Evacuee;46;in triage state;G;is at the evacuation site
0,1017,filterLoc,,
0,1018,evacuee,,Evacuee;53;in triage state;G;is at the evacuation site
0,1020,filterLoc,,
0,1021,evacuee,,Evacuee;220;in triage state;G;is at the evacuation site
0,1023,filterLoc,,
0,1024,evacuee,,Evacuee;355;in triage state;G;is at the evacuation site
0,1026,filterLoc,,
0,1027,evacuee,,Evacuee;23;in triage state;G;is at the evacuation site
0,1029,filterLoc,,
0,1030,evacuee,,Evacuee;200;in triage state;G;is at the evacuation site
0,1032,filterLoc,,
0,1033,evacuee,,Evacuee;255;in triage state;G;is at the evacuation site
0,1035,filterLoc,,
0,1036,evacuee,,Evacuee;13;in triage state;G;is at the evacuation site
0,1038,filterLoc,,
0,1039,evacuee,,Evacuee;24;in triage state;G;is at the evacuation site
0,1041,filterLoc,,
0,1042,evacuee,,Evacuee;32;in triage state;G;is at the evacuation site
0,1044,filterLoc,,
0,1045,evacuee,,Evacuee;34;in triage state;G;is at the evacuation site
0,1047,filterLoc,,
0,1048,evacuee,,Evacuee;64;in triage state;G;is at the evacuation site
0,1050,filterLoc,,
0,1051,evacuee,,Evacuee;429;in triage state;G;is at the evacuation site
0,1053,filterLoc,,
0,1054,evacuee,,Evacuee;102;in triage state;G;is at the evacuation site
0,1056,filterLoc,,
0,1057,evacuee,,Evacuee;160;in triage state;G;is at the evacuation site
0,1059,filterLoc,,
0,1060,evacuee,,Evacuee;20;in triage state;G;is at the evacuation site
0,1062,filterLoc,,
0,1063,evacuee,,Evacuee;35;in triage state;G;is at the evacuation site
0,1065,filterLoc,,
0,1066,evacuee,,Evacuee;155;in triage state;G;is at the evacuation site
0,1068,filterLoc,,
0,1069,evacuee,,Evacuee;36;in triage state;G;is at the evacuation site
0,1071,filterLoc,,
0,1072,evacuee,,Evacuee;198;in triage state;G;is at the evacuation site
0,1074,filterLoc,,
0,1075,evacuee,,Evacuee;84;in triage state;G;is at the evacuation site
0,1077,filterLoc,,
0,1078,evacuee,,Evacuee;42;in triage state;G;is at the evacuation site
0,1080,filterLoc,,
0,1081,evacuee,,Evacuee;91;in triage state;G;is at the evacuation site
0,1083,filterLoc,,
0,1084,evacuee,,Evacuee;43;in triage state;G;is at the evacuation site
0,1086,filterLoc,,
0,1087,evacuee,,Evacuee;30;in triage state;G;is at the evacuation site
0,1089,filterLoc,,
0,1090,evacuee,,Evacuee;336;in triage state;G;is at the evacuation site
0,1092,filterLoc,,
0,1093,evacuee,,Evacuee;307;in triage state;G;is at the evacuation site
0,1095,filterLoc,,
0,1096,evacuee,,Evacuee;212;in triage state;G;is at the evacuation site
0,1098,filterLoc,,
0,1099,evacuee,,Evacuee;391;in triage state;G;is at the evacuation site
0,1101,filterLoc,,
0,1102,evacuee,,Evacuee;388;in triage state;G;is at the evacuation site
0,1104,filterLoc,,
0,1105,evacuee,,Evacuee;55;in triage state;G;is at the evacuation site
0,1107,filterLoc,,
0,1108,evacuee,,Evacuee;48;in triage state;G;is at the evacuation site
0,1110,filterLoc,,
0,1111,evacuee,,Evacuee;144;in triage state;G;is at the evacuation site
0,1113,filterLoc,,
0,1114,evacuee,,Evacuee;50;in triage state;G;is at the evacuation site
0,1116,filterLoc,,
0,1117,evacuee,,Evacuee;19;in triage state;G;is at the evacuation site
0,1119,filterLoc,,
0,1120,evacuee,,Evacuee;182;in triage state;G;is at the evacuation site
0,1122,filterLoc,,
0,1123,evacuee,,Evacuee;490;in triage state;Y;is at the evacuation site
0,1125,filterLoc,,
0,1126,evacuee,,Evacuee;266;in triage state;G;is at the evacuation site
0,1128,filterLoc,,
0,1129,evacuee,,Evacuee;120;in triage state;G;is at the evacuation site
0,1131,filterEvac,,
0,1132,filterES,,
0,1133,helicopter,,Helicopter;2;is unloading people at the FOL;;and has;0;spots taken
0,1135,filterLoc,,
0,1136,evacuee,,Evacuee;94;in triage state;G;is at the evacuation site
0,1138,filterLoc,,
0,1139,evacuee,,Evacuee;63;in triage state;G;is at the evacuation site
0,1141,filterLoc,,
0,1142,evacuee,,Evacuee;175;in triage state;G;is at the evacuation site
0,1144,filterLoc,,
0,1145,evacuee,,Evacuee;47;in triage state;G;is at the evacuation site
0,1147,filterLoc,,
0,1148,evacuee,,Evacuee;56;in triage state;G;is at the evacuation site
0,1150,filterLoc,,
0,1151,evacuee,,Evacuee;367;in triage state;G;is at the evacuation site
0,1153,filterLoc,,
0,1154,evacuee,,Evacuee;364;in triage state;G;is at the evacuation site
0,1156,filterLoc,,
0,1157,evacuee,,Evacuee;208;in triage state;G;is at the evacuation site
0,1159,filterLoc,,
0,1160,evacuee,,Evacuee;57;in triage state;G;is at the evacuation site
0,1162,filterLoc,,
0,1163,evacuee,,Evacuee;231;in triage state;G;is at the evacuation site
0,1165,filterLoc,,
0,1166,evacuee,,Evacuee;261;in triage state;G;is at the evacuation site
0,1168,filterLoc,,
0,1169,evacuee,,Evacuee;45;in triage state;G;is at the evacuation site
0,1171,filterEvac,,
0,1172,filterES,,
0,1173,helicopter,,Helicopter;1;is unloading people at the FOL;;and has;0;spots taken
0,1175,filterLoc,,
0,1176,evacuee,,Evacuee;263;in triage state;G;is at the evacuation site
0,1178,filterLoc,,
0,1179,evacuee,,Evacuee;190;in triage state;G;is at the evacuation site
0,1181,filterLoc,,
0,1182,evacuee,,Evacuee;465;in triage state;G;is at the evacuation site
0,1184,filterLoc,,
0,1185,evacuee,,Evacuee;60;in triage state;G;is at the evacuation site
0,1187,filterLoc,,
0,1188,evacuee,,Evacuee;385;in triage state;G;is at the evacuation site
0,1190,filterLoc,,
0,1191,evacuee,,Evacuee;181;in triage state;G;is at the evacuation site
0,1193,filterLoc,,
0,1194,evacuee,,Evacuee;416;in triage state;G;is at the evacuation site
0,1196,filterLoc,,
0,1197,evacuee,,Evacuee;129;in triage state;G;is at the evacuation site
0,1199,filterLoc,,
0,1200,evacuee,,Evacuee;308;in triage state;G;is at the evacuation site
0,1202,filterLoc,,
0,1203,evacuee,,Evacuee;131;in triage state;G;is at the evacuation site
0,1205,filterLoc,,
0,1206,evacuee,,Evacuee;137;in triage state;G;is at the evacuation site
0,1208,filterLoc,,
0,1209,evacuee,,Evacuee;138;in triage state;G;is at the evacuation site
0,1211,filterLoc,,
0,1212,evacuee,,Evacuee;265;in triage state;G;is at the evacuation site
0,1214,filterLoc,,
0,1215,evacuee,,Evacuee;139;in triage state;G;is at the evacuation site
0,1217,filterLoc,,
0,1218,evacuee,,Evacuee;194;in triage state;G;is at the evacuation site
0,1220,filterLoc,,
0,1221,evacuee,,Evacuee;140;in triage state;G;is at the evacuation site
0,1223,filterLoc,,
0,1224,evacuee,,Evacuee;130;in triage state;G;is at the evacuation site
0,1226,filterLoc,,
0,1227,evacuee,,Evacuee;143;in triage state;G;is at the evacuation site
0,1229,filterLoc,,
0,1230,evacuee,,Evacuee;149;in triage state;G;is at the evacuation site
0,1232,filterLoc,,
0,1233,evacuee,,Evacuee;296;in triage state;G;is at the evacuation site
0,1235,filterLoc,,
0,1236,evacuee,,Evacuee;151;in triage state;G;is at the evacuation site
0,1238,filterLoc,,
0,1239,evacuee,,Evacuee;222;in triage state;G;is at the evacuation site
0,1241,filterLoc,,
0,1242,evacuee,,Evacuee;152;in triage state;G;is at the evacuation site
0,1244,filterLoc,,
0,1245,evacuee,,Evacuee;153;in triage state;G;is at the evacuation site
0,1247,filterLoc,,
0,1248,evacuee,,Evacuee;67;in triage state;G;is at the evacuation site
0,1250,filterLoc,,
0,1251,evacuee,,Evacuee;123;in triage state;G;is at the evacuation site
0,1253,filterLoc,,
0,1254,evacuee,,Evacuee;159;in triage state;G;is at the evacuation site
0,1256,filterLoc,,
0,1257,evacuee,,Evacuee;161;in triage state;G;is at the evacuation site
0,1259,filterLoc,,
0,1260,evacuee,,Evacuee;28;in triage state;G;is at the evacuation site
0,1262,filterLoc,,
0,1263,evacuee,,Evacuee;126;in triage state;G;is at the evacuation site
0,1265,filterLoc,,
0,1266,evacuee,,Evacuee;234;in triage state;G;is at the evacuation site
0,1268,filterLoc,,
0,1269,evacuee,,Evacuee;162;in triage state;G;is at the evacuation site
0,1271,filterLoc,,
0,1272,evacuee,,Evacuee;163;in triage state;G;is at the evacuation site
0,1274,filterLoc,,
0,1275,evacuee,,Evacuee;166;in triage state;G;is at the evacuation site
0,1277,filterLoc,,
0,1278,evacuee,,Evacuee;16;in triage state;G;is at the evacuation site
0,1280,filterLoc,,
0,1281,evacuee,,Evacuee;242;in triage state;G;is at the evacuation site
0,1283,filterLoc,,
0,1284,evacuee,,Evacuee;178;in triage state;G;is at the evacuation site
0,1286,filterLoc,,
0,1287,evacuee,,Evacuee;438;in triage state;G;is at the evacuation site
0,1289,filterLoc,,
0,1290,evacuee,,Evacuee;146;in triage state;G;is at the evacuation site
0,1292,filterLoc,,
0,1293,evacuee,,Evacuee;167;in triage state;G;is at the evacuation site
0,1295,filterLoc,,
0,1296,evacuee,,Evacuee;145;in triage state;G;is at the evacuation site
0,1298,filterLoc,,
0,1299,evacuee,,Evacuee;168;in triage state;G;is at the evacuation site
0,1301,filterLoc,,
0,1302,evacuee,,Evacuee;176;in triage state;G;is at the evacuation site
0,1304,filterLoc,,
0,1305,evacuee,,Evacuee;230;in triage state;G;is at the evacuation site
0,1307,filterLoc,,
0,1308,evacuee,,Evacuee;169;in triage state;G;is at the evacuation site
0,1310,filterLoc,,
0,1311,evacuee,,Evacuee;170;in triage state;G;is at the evacuation site
0,1313,filterLoc,,
0,1314,evacuee,,Evacuee;171;in triage state;G;is at the evacuation site
0,1316,filterLoc,,
0,1317,evacuee,,Evacuee;174;in triage state;G;is at the evacuation site
0,1319,filterLoc,,
0,1320,evacuee,,Evacuee;177;in triage state;G;is at the evacuation site
0,1322,filterLoc,,
0,1323,evacuee,,Evacuee;435;in triage state;G;is at the evacuation site
0,1325,filterLoc,,
0,1326,evacuee,,Evacuee;58;in triage state;G;is at the evacuation site
0,1328,filterLoc,,
0,1329,evacuee,,Evacuee;203;in triage state;G;is at the evacuation site
0,1331,filterLoc,,
0,1332,evacuee,,Evacuee;232;in triage state;G;is at the evacuation site
0,1334,filterLoc,,
0,1335,evacuee,,Evacuee;183;in triage state;G;is at the evacuation site
0,1337,filterLoc,,
0,1338,evacuee,,Evacuee;184;in triage state;G;is at the evacuation site
0,1340,filterLoc,,
0,1341,evacuee,,Evacuee;185;in triage state;G;is at the evacuation site
0,1343,filterLoc,,
0,1344,evacuee,,Evacuee;186;in triage state;G;is at the evacuation site
0,1346,filterLoc,,
0,1347,evacuee,,Evacuee;417;in triage state;G;is at the evacuation site
0,1349,filterLoc,,
0,1350,evacuee,,Evacuee;217;in triage state;G;is at the evacuation site
0,1352,filterLoc,,
0,1353,evacuee,,Evacuee;189;in triage state;G;is at the evacuation site
0,1355,filterLoc,,
0,1356,evacuee,,Evacuee;253;in triage state;G;is at the evacuation site
0,1358,filterLoc,,
0,1359,evacuee,,Evacuee;191;in triage state;G;is at the evacuation site
0,1361,filterLoc,,
0,1362,evacuee,,Evacuee;314;in triage state;G;is at the evacuation site
0,1364,filterLoc,,
0,1365,evacuee,,Evacuee;249;in triage state;G;is at the evacuation site
0,1367,filterLoc,,
0,1368,evacuee,,Evacuee;193;in triage state;G;is at the evacuation site
0,1370,filterLoc,,
0,1371,evacuee,,Evacuee;195;in triage state;G;is at the evacuation site
0,1373,filterLoc,,
0,1374,evacuee,,Evacuee;399;in triage state;G;is at the evacuation site
0,1376,filterLoc,,
0,1377,evacuee,,Evacuee;197;in triage state;G;is at the evacuation site
0,1379,filterLoc,,
0,1380,evacuee,,Evacuee;450;in triage state;G;is at the evacuation site
0,1382,filterLoc,,
0,1383,evacuee,,Evacuee;252;in triage state;G;is at the evacuation site
0,1385,filterLoc,,
0,1386,evacuee,,Evacuee;329;in triage state;G;is at the evacuation site
0,1388,filterLoc,,
0,1389,evacuee,,Evacuee;201;in triage state;G;is at the evacuation site
0,1391,filterLoc,,
0,1392,evacuee,,Evacuee;11;in triage state;G;is at the evacuation site
0,1394,filterLoc,,
0,1395,evacuee,,Evacuee;202;in triage state;G;is at the evacuation site
0,1397,filterLoc,,
0,1398,evacuee,,Evacuee;390;in triage state;G;is at the evacuation site
0,1400,filterLoc,,
0,1401,evacuee,,Evacuee;204;in triage state;G;is at the evacuation site
0,1403,filterLoc,,
0,1404,evacuee,,Evacuee;275;in triage state;G;is at the evacuation site
0,1406,filterLoc,,
0,1407,evacuee,,Evacuee;205;in triage state;G;is at the evacuation site
0,1409,filterLoc,,
0,1410,evacuee,,Evacuee;323;in triage state;G;is at the evacuation site
0,1412,filterLoc,,
0,1413,evacuee,,Evacuee;180;in triage state;G;is at the evacuation site
0,1415,filterLoc,,
0,1416,evacuee,,Evacuee;206;in triage state;G;is at the evacuation site
0,1418,filterLoc,,
0,1419,evacuee,,Evacuee;69;in triage state;G;is at the evacuation site
0,1421,filterLoc,,
0,1422,evacuee,,Evacuee;207;in triage state;G;is at the evacuation site
0,1424,filterLoc,,
0,1425,evacuee,,Evacuee;27;in triage state;G;is at the evacuation site
0,1427,filterLoc,,
0,1428,evacuee,,Evacuee;211;in triage state;G;is at the evacuation site
0,1430,filterLoc,,
0,1431,evacuee,,Evacuee;294;in triage state;G;is at the evacuation site
0,1433,filterLoc,,
0,1434,evacuee,,Evacuee;214;in triage state;G;is at the evacuation site
0,1436,filterLoc,,
0,1437,evacuee,,Evacuee;12;in triage state;G;is at the evacuation site
0,1439,filterLoc,,
0,1440,evacuee,,Evacuee;216;in triage state;G;is at the evacuation site
0,1442,filterLoc,,
0,1443,evacuee,,Evacuee;219;in triage state;G;is at the evacuation site
0,1445,filterLoc,,
0,1446,evacuee,,Evacuee;221;in triage state;G;is at the evacuation site
0,1448,filterLoc,,
0,1449,evacuee,,Evacuee;224;in triage state;G;is at the evacuation site
0,1451,filterLoc,,
0,1452,evacuee,,Evacuee;339;in triage state;G;is at the evacuation site
0,1454,filterLoc,,
0,1455,evacuee,,Evacuee;225;in triage state;G;is at the evacuation site
0,1457,filterLoc,,
0,1458,evacuee,,Evacuee;164;in triage state;G;is at the evacuation site
0,1460,filterLoc,,
0,1461,evacuee,,Evacuee;226;in triage state;G;is at the evacuation site
0,1463,filterLoc,,
0,1464,evacuee,,Evacuee;464;in triage state;G;is at the evacuation site
0,1466,filterLoc,,
0,1467,evacuee,,Evacuee;227;in triage state;G;is at the evacuation site
0,1469,filterLoc,,
0,1470,evacuee,,Evacuee;267;in triage state;G;is at the evacuation site
0,1472,filterLoc,,
0,1473,evacuee,,Evacuee;73;in triage state;G;is at the evacuation site
0,1475,filterLoc,,
0,1476,evacuee,,Evacuee;233;in triage state;G;is at the evacuation site
0,1478,filterLoc,,
0,1479,evacuee,,Evacuee;236;in triage state;G;is at the evacuation site
0,1481,filterLoc,,
0,1482,evacuee,,Evacuee;7;in triage state;G;is at the evacuation site
0,1484,filterLoc,,
0,1485,evacuee,,Evacuee;237;in triage state;G;is at the evacuation site
0,1487,filterLoc,,
0,1488,evacuee,,Evacuee;238;in triage state;G;is at the evacuation site
0,1490,filterLoc,,
0,1491,evacuee,,Evacuee;113;in triage state;G;is at the evacuation site
0,1493,filterLoc,,
0,1494,evacuee,,Evacuee;239;in triage state;G;is at the evacuation site
0,1496,filterLoc,,
0,1497,evacuee,,Evacuee;243;in triage state;G;is at the evacuation site
0,1499,filterLoc,,
0,1500,evacuee,,Evacuee;96;in triage state;G;is at the evacuation site
0,1502,filterLoc,,
0,1503,evacuee,,Evacuee;244;in triage state;G;is at the evacuation site
0,1505,filterLoc,,
0,1506,evacuee,,Evacuee;247;in triage state;G;is at the evacuation site
0,1508,filterLoc,,
0,1509,evacuee,,Evacuee;59;in triage state;G;is at the evacuation site
0,1511,filterLoc,,
0,1512,evacuee,,Evacuee;248;in triage state;G;is at the evacuation site
0,1514,filterLoc,,
0,1515,evacuee,,Evacuee;467;in triage state;G;is at the evacuation site
0,1517,filterLoc,,
0,1518,evacuee,,Evacuee;298;in triage state;G;is at the evacuation site
0,1520,filterLoc,,
0,1521,evacuee,,Evacuee;254;in triage state;G;is at the evacuation site
0,1523,filterLoc,,
0,1524,evacuee,,Evacuee;257;in triage state;G;is at the evacuation site
0,1526,filterLoc,,
0,1527,evacuee,,Evacuee;210;in triage state;G;is at the evacuation site
0,1529,filterLoc,,
0,1530,evacuee,,Evacuee;258;in triage state;G;is at the evacuation site
0,4,helipadManager,outHQ,0
0,4,helipadManager,,;No helos are at ES
0,5,helicopterQueue,,;No helos are waiting to land
0,12,evacuee,,Evacuee;501;in triage state;R;is at the evacuation site
0,15,evacuee,,Evacuee;500;in triage state;R;is at the evacuation site
0,18,evacuee,,Evacuee;494;in triage state;Y;is at the evacuation site
0,21,evacuee,,Evacuee;492;in triage state;Y;is at the evacuation site
0,24,evacuee,,Evacuee;489;in triage state;Y;is at the evacuation site
0,27,evacuee,,Evacuee;486;in triage state;Y;is at the evacuation site
0,30,evacuee,,Evacuee;484;in triage state;Y;is at the evacuation site
0,33,evacuee,,Evacuee;483;in triage state;Y;is at the evacuation site
0,36,evacuee,,Evacuee;482;in triage state;Y;is at the evacuation site
0,39,evacuee,,Evacuee;499;in triage state;R;is at the evacuation site
0,42,evacuee,,Evacuee;479;in triage state;Y;is at the evacuation site
0,45,evacuee,,Evacuee;478;in triage state;Y;is at the evacuation site
0,48,evacuee,,Evacuee;476;in triage state;G;is at the evacuation site
0,51,evacuee,,Evacuee;475;in triage state;G;is at the evacuation site
0,54,evacuee,,Evacuee;472;in triage state;G;is at the evacuation site
0,57,evacuee,,Evacuee;471;in triage state;G;is at the evacuation site
0,60,evacuee,,Evacuee;468;in triage state;G;is at the evacuation site
0,63,evacuee,,Evacuee;463;in triage state;G;is at the evacuation site
0,66,evacuee,,Evacuee;462;in triage state;G;is at the evacuation site
0,69,evacuee,,Evacuee;461;in triage state;G;is at the evacuation site
0,72,evacuee,,Evacuee;459;in triage state;G;is at the evacuation site
0,75,evacuee,,Evacuee;495;in triage state;Y;is at the evacuation site
0,78,evacuee,,Evacuee;458;in triage state;G;is at the evacuation site
0,81,evacuee,,Evacuee;456;in triage state;G;is at the evacuation site
0,84,evacuee,,Evacuee;455;in triage state;G;is at the evacuation site
0,87,evacuee,,Evacuee;448;in triage state;G;is at the evacuation site
0,90,evacuee,,Evacuee;445;in triage state;G;is at the evacuation site
0,93,evacuee,,Evacuee;442;in triage state;G;is at the evacuation site
0,96,evacuee,,Evacuee;441;in triage state;G;is at the evacuation site
0,99,evacuee,,Evacuee;439;in triage state;G;is at the evacuation site
0,102,evacuee,,Evacuee;437;in triage state;G;is at the evacuation site
0,105,evacuee,,Evacuee;436;in triage state;G;is at the evacuation site
0,112,evacuee,,Evacuee;434;in triage state;G;is at the evacuation site
0,115,evacuee,,Evacuee;433;in triage state;G;is at the evacuation site
0,118,evacuee,,Evacuee;428;in triage state;G;is at the evacuation site
0,121,evacuee,,Evacuee;426;in triage state;G;is at the evacuation site
0,124,evacuee,,Evacuee;423;in triage state;G;is at the evacuation site
0,127,evacuee,,Evacuee;420;in triage state;G;is at the evacuation site
0,130,evacuee,,Evacuee;419;in triage state;G;is at the evacuation site
0,133,evacuee,,Evacuee;414;in triage state;G;is at the evacuation site
0,136,evacuee,,Evacuee;411;in triage state;G;is at the evacuation site
0,139,evacuee,,Evacuee;422;in triage state;G;is at the evacuation site
0,142,evacuee,,Evacuee;409;in triage state;G;is at the evacuation site
0,145,evacuee,,Evacuee;408;in triage state;G;is at the evacuation site
0,148,evacuee,,Evacuee;406;in triage state;G;is at the evacuation site
0,151,evacuee,,Evacuee;404;in triage state;G;is at the evacuation site
0,154,evacuee,,Evacuee;403;in triage state;G;is at the evacuation site
0,157,evacuee,,Evacuee;401;in triage state;G;is at the evacuation site
0,160,evacuee,,Evacuee;398;in triage state;G;is at the evacuation site
0,163,evacuee,,Evacuee;397;in triage state;G;is at the evacuation site
0,166,evacuee,,Evacuee;452;in triage state;G;is at the evacuation site
0,169,evacuee,,Evacuee;396;in triage state;G;is at the evacuation site
0,172,evacuee,,Evacuee;395;in triage state;G;is at the evacuation site
0,175,evacuee,,Evacuee;393;in triage state;G;is at the evacuation site
0,178,evacuee,,Evacuee;392;in triage state;G;is at the evacuation site
0,181,evacuee,,Evacuee;389;in triage state;G;is at the evacuation site
0,184,evacuee,,Evacuee;384;in triage state;G;is at the evacuation site
0,187,evacuee,,Evacuee;430;in triage state;G;is at the evacuation site
0,190,evacuee,,Evacuee;383;in triage state;G;is at the evacuation site
0,193,evacuee,,Evacuee;480;in triage state;Y;is at the evacuation site
0,196,evacuee,,Evacuee;382;in triage state;G;is at the evacuation site
0,199,evacuee,,Evacuee;381;in triage state;G;is at the evacuation site
0,202,evacuee,,Evacuee;427;in triage state;G;is at the evacuation site
0,205,evacuee,,Evacuee;380;in triage state;G;is at the evacuation site
0,208,evacuee,,Evacuee;379;in triage state;G;is at the evacuation site
0,211,evacuee,,Evacuee;378;in triage state;G;is at the evacuation site
0,214,evacuee,,Evacuee;377;in triage state;G;is at the evacuation site
0,217,evacuee,,Evacuee;375;in triage state;G;is at the evacuation site
0,220,evacuee,,Evacuee;374;in triage state;G;is at the evacuation site
0,223,evacuee,,Evacuee;372;in triage state;G;is at the evacuation site
0,226,evacuee,,Evacuee;371;in triage state;G;is at the evacuation site
0,230,evacuee,,Evacuee;370;in triage state;G;is at the evacuation site
0,233,evacuee,,Evacuee;457;in triage state;G;is at the evacuation site
0,236,evacuee,,Evacuee;369;in triage state;G;is at the evacuation site
0,239,evacuee,,Evacuee;366;in triage state;G;is at the evacuation site
0,242,evacuee,,Evacuee;362;in triage state;G;is at the evacuation site
0,245,evacuee,,Evacuee;425;in triage state;G;is at the evacuation site
0,248,evacuee,,Evacuee;360;in triage state;G;is at the evacuation site
0,251,evacuee,,Evacuee;357;in triage state;G;is at the evacuation site
0,254,evacuee,,Evacuee;354;in triage state;G;is at the evacuation site
0,257,evacuee,,Evacuee;353;in triage state;G;is at the evacuation site
0,260,evacuee,,Evacuee;351;in triage state;G;is at the evacuation site
0,263,evacuee,,Evacuee;349;in triage state;G;is at the evacuation site
0,266,evacuee,,Evacuee;348;in triage state;G;is at the evacuation site
0,269,evacuee,,Evacuee;346;in triage state;G;is at the evacuation site
0,272,evacuee,,Evacuee;341;in triage state;G;is at the evacuation site
0,275,evacuee,,Evacuee;340;in triage state;G;is at the evacuation site
0,278,evacuee,,Evacuee;338;in triage state;G;is at the evacuation site
0,281,evacuee,,Evacuee;335;in triage state;G;is at the evacuation site
0,284,evacuee,,Evacuee;331;in triage state;G;is at the evacuation site
0,287,evacuee,,Evacuee;503;in triage state;R;is at the evacuation site
0,290,evacuee,,Evacuee;330;in triage state;G;is at the evacuation site
0,297,evacuee,,Evacuee;328;in triage state;G;is at the evacuation site
0,300,evacuee,,Evacuee;327;in triage state;G;is at the evacuation site
0,303,evacuee,,Evacuee;410;in triage state;G;is at the evacuation site
0,306,evacuee,,Evacuee;326;in triage state;G;is at the evacuation site
0,309,evacuee,,Evacuee;466;in triage state;G;is at the evacuation site
0,312,evacuee,,Evacuee;325;in triage state;G;is at the evacuation site
0,315,evacuee,,Evacuee;365;in triage state;G;is at the evacuation site
0,318,evacuee,,Evacuee;322;in triage state;G;is at the evacuation site
0,321,evacuee,,Evacuee;321;in triage state;G;is at the evacuation site
0,324,evacuee,,Evacuee;319;in triage state;G;is at the evacuation site
0,327,evacuee,,Evacuee;318;in triage state;G;is at the evacuation site
0,330,evacuee,,Evacuee;317;in triage state;G;is at the evacuation site
0,333,evacuee,,Evacuee;460;in triage state;G;is at the evacuation site
0,336,evacuee,,Evacuee;316;in triage state;G;is at the evacuation site
0,339,evacuee,,Evacuee;446;in triage state;G;is at the evacuation site
0,342,evacuee,,Evacuee;313;in triage state;G;is at the evacuation site
0,345,evacuee,,Evacuee;443;in triage state;G;is at the evacuation site
0,348,evacuee,,Evacuee;312;in triage state;G;is at the evacuation site
0,351,evacuee,,Evacuee;309;in triage state;G;is at the evacuation site
0,354,evacuee,,Evacuee;306;in triage state;G;is at the evacuation site
0,357,evacuee,,Evacuee;305;in triage state;G;is at the evacuation site
0,360,evacuee,,Evacuee;303;in triage state;G;is at the evacuation site
0,363,evacuee,,Evacuee;295;in triage state;G;is at the evacuation site
0,366,evacuee,,Evacuee;352;in triage state;G;is at the evacuation site
0,369,evacuee,,Evacuee;293;in triage state;G;is at the evacuation site
0,372,evacuee,,Evacuee;488;in triage state;Y;is at the evacuation site
0,375,evacuee,,Evacuee;413;in triage state;G;is at the evacuation site
0,378,evacuee,,Evacuee;292;in triage state;G;is at the evacuation site
0,381,evacuee,,Evacuee;291;in triage state;G;is at the evacuation site
0,384,evacuee,,Evacuee;290;in triage state;G;is at the evacuation site
0,387,evacuee,,Evacuee;350;in triage state;G;is at the evacuation site
0,390,evacuee,,Evacuee;288;in triage state;G;is at the evacuation site
0,393,evacuee,,Evacuee;287;in triage state;G;is at the evacuation site
0,396,evacuee,,Evacuee;415;in triage state;G;is at the evacuation site
0,399,evacuee,,Evacuee;376;in triage state;G;is at the evacuation site
0,402,evacuee,,Evacuee;284;in triage state;G;is at the evacuation site
0,405,evacuee,,Evacuee;283;in triage state;G;is at the evacuation site
0,408,evacuee,,Evacuee;282;in triage state;G;is at the evacuation site
0,411,evacuee,,Evacuee;281;in triage state;G;is at the evacuation site
0,414,evacuee,,Evacuee;280;in triage state;G;is at the evacuation site
0,417,evacuee,,Evacuee;333;in triage state;G;is at the evacuation site
0,420,evacuee,,Evacuee;279;in triage state;G;is at the evacuation site
0,423,evacuee,,Evacuee;278;in triage state;G;is at the evacuation site
0,426,evacuee,,Evacuee;277;in triage state;G;is at the evacuation site
0,429,evacuee,,Evacuee;315;in triage state;G;is at the evacuation site
0,432,evacuee,,Evacuee;274;in triage state;G;is at the evacuation site
0,435,evacuee,,Evacuee;273;in triage state;G;is at the evacuation site
0,438,evacuee,,Evacuee;337;in triage state;G;is at the evacuation site
0,441,evacuee,,Evacuee;301;in triage state;G;is at the evacuation site
0,444,evacuee,,Evacuee;272;in triage state;G;is at the evacuation site
0,447,evacuee,,Evacuee;270;in triage state;G;is at the evacuation site
0,450,evacuee,,Evacuee;264;in triage state;G;is at the evacuation site
0,453,evacuee,,Evacuee;262;in triage state;G;is at the evacuation site
0,456,evacuee,,Evacuee;260;in triage state;G;is at the evacuation site
0,459,evacuee,,Evacuee;259;in triage state;G;is at the evacuation site
0,462,evacuee,,Evacuee;125;in triage state;G;is at the evacuation site
0,465,evacuee,,Evacuee;114;in triage state;G;is at the evacuation site
0,468,evacuee,,Evacuee;289;in triage state;G;is at the evacuation site
0,471,evacuee,,Evacuee;88;in triage state;G;is at the evacuation site
0,474,evacuee,,Evacuee;449;in triage state;G;is at the evacuation site
0,477,evacuee,,Evacuee;122;in triage state;G;is at the evacuation site
0,480,evacuee,,Evacuee;108;in triage state;G;is at the evacuation site
0,483,evacuee,,Evacuee;276;in triage state;G;is at the evacuation site
0,486,evacuee,,Evacuee;121;in triage state;G;is at the evacuation site
0,489,evacuee,,Evacuee;386;in triage state;G;is at the evacuation site
0,492,evacuee,,Evacuee;117;in triage state;G;is at the evacuation site
0,495,evacuee,,Evacuee;192;in triage state;G;is at the evacuation site
0,498,evacuee,,Evacuee;432;in triage state;G;is at the evacuation site
0,501,evacuee,,Evacuee;245;in triage state;G;is at the evacuation site
0,504,evacuee,,Evacuee;310;in triage state;G;is at the evacuation site
0,507,evacuee,,Evacuee;118;in triage state;G;is at the evacuation site
0,510,evacuee,,Evacuee;502;in triage state;R;is at the evacuation site
0,513,evacuee,,Evacuee;491;in triage state;Y;is at the evacuation site
0,516,evacuee,,Evacuee;470;in triage state;G;is at the evacuation site
0,519,evacuee,,Evacuee;469;in triage state;G;is at the evacuation site
0,522,evacuee,,Evacuee;215;in triage state;G;is at the evacuation site
0,525,evacuee,,Evacuee;345;in triage state;G;is at the evacuation site
0,528,evacuee,,Evacuee;302;in triage state;G;is at the evacuation site
0,531,evacuee,,Evacuee;112;in triage state;G;is at the evacuation site
0,534,evacuee,,Evacuee;299;in triage state;G;is at the evacuation site
0,537,evacuee,,Evacuee;109;in triage state;G;is at the evacuation site
0,540,evacuee,,Evacuee;373;in triage state;G;is at the evacuation site
0,543,evacuee,,Evacuee;358;in triage state;G;is at the evacuation site
0,546,evacuee,,Evacuee;188;in triage state;G;is at the evacuation site
0,549,evacuee,,Evacuee;106;in triage state;G;is at the evacuation site
0,552,evacuee,,Evacuee;311;in triage state;G;is at the evacuation site
0,555,evacuee,,Evacuee;148;in triage state;G;is at the evacuation site
0,558,evacuee,,Evacuee;235;in triage state;G;is at the evacuation site
0,561,evacuee,,Evacuee;105;in triage state;G;is at the evacuation site
0,564,evacuee,,Evacuee;424;in triage state;G;is at the evacuation site
0,567,evacuee,,Evacuee;269;in triage state;G;is at the evacuation site
0,570,evacuee,,Evacuee;103;in triage state;G;is at the evacuation site
0,577,evacuee,,Evacuee;124;in triage state;G;is at the evacuation site
0,580,evacuee,,Evacuee;111;in triage state;G;is at the evacuation site
0,583,evacuee,,Evacuee;39;in triage state;G;is at the evacuation site
0,586,evacuee,,Evacuee;228;in triage state;G;is at the evacuation site
0,589,evacuee,,Evacuee;497;in triage state;Y;is at the evacuation site
0,592,evacuee,,Evacuee;101;in triage state;G;is at the evacuation site
0,595,evacuee,,Evacuee;142;in triage state;G;is at the evacuation site
0,598,evacuee,,Evacuee;99;in triage state;G;is at the evacuation site
0,601,evacuee,,Evacuee;485;in triage state;Y;is at the evacuation site
0,604,evacuee,,Evacuee;324;in triage state;G;is at the evacuation site
0,607,evacuee,,Evacuee;95;in triage state;G;is at the evacuation site
0,610,evacuee,,Evacuee;447;in triage state;G;is at the evacuation site
0,613,evacuee,,Evacuee;361;in triage state;G;is at the evacuation site
0,616,evacuee,,Evacuee;342;in triage state;G;is at the evacuation site
0,619,evacuee,,Evacuee;93;in triage state;G;is at the evacuation site
0,622,evacuee,,Evacuee;136;in triage state;G;is at the evacuation site
0,625,evacuee,,Evacuee;412;in triage state;G;is at the evacuation site
0,628,evacuee,,Evacuee;90;in triage state;G;is at the evacuation site
0,631,evacuee,,Evacuee;83;in triage state;G;is at the evacuation site
0,634,evacuee,,Evacuee;127;in triage state;G;is at the evacuation site
0,637,evacuee,,Evacuee;49;in triage state;G;is at the evacuation site
0,640,evacuee,,Evacuee;87;in triage state;G;is at the evacuation site
0,643,evacuee,,Evacuee;297;in triage state;G;is at the evacuation site
0,646,evacuee,,Evacuee;86;in triage state;G;is at the evacuation site
0,649,evacuee,,Evacuee;51;in triage state;G;is at the evacuation site
0,652,evacuee,,Evacuee;444;in triage state;G;is at the evacuation site
0,655,evacuee,,Evacuee;80;in triage state;G;is at the evacuation site
0,658,evacuee,,Evacuee;79;in triage state;G;is at the evacuation site
0,661,evacuee,,Evacuee;115;in triage state;G;is at the evacuation site
0,664,evacuee,,Evacuee;98;in triage state;G;is at the evacuation site
0,667,evacuee,,Evacuee;356;in triage state;G;is at the evacuation site
0,670,evacuee,,Evacuee;78;in triage state;G;is at the evacuation site
0,673,evacuee,,Evacuee;213;in triage state;G;is at the evacuation site
0,676,evacuee,,Evacuee;344;in triage state;G;is at the evacuation site
0,679,evacuee,,Evacuee;77;in triage state;G;is at the evacuation site
0,682,evacuee,,Evacuee;156;in triage state;G;is at the evacuation site
0,685,evacuee,,Evacuee;300;in triage state;G;is at the evacuation site
0,688,evacuee,,Evacuee;165;in triage state;G;is at the evacuation site
0,691,evacuee,,Evacuee;454;in triage state;G;is at the evacuation site
0,694,evacuee,,Evacuee;440;in triage state;G;is at the evacuation site
0,697,evacuee,,Evacuee;76;in triage state;G;is at the evacuation site
0,700,evacuee,,Evacuee;431;in triage state;G;is at the evacuation site
0,703,evacuee,,Evacuee;74;in triage state;G;is at the evacuation site
0,706,evacuee,,Evacuee;363;in triage state;G;is at the evacuation site
0,709,evacuee,,Evacuee;251;in triage state;G;is at the evacuation site
0,712,evacuee,,Evacuee;128;in triage state;G;is at the evacuation site
0,715,evacuee,,Evacuee;134;in triage state;G;is at the evacuation site
0,718,evacuee,,Evacuee;199;in triage state;G;is at the evacuation site
0,721,evacuee,,Evacuee;66;in triage state;G;is at the evacuation site
0,724,evacuee,,Evacuee;62;in triage state;G;is at the evacuation site
0,727,evacuee,,Evacuee;223;in triage state;G;is at the evacuation site
0,730,evacuee,,Evacuee;135;in triage state;G;is at the evacuation site
0,733,evacuee,,Evacuee;15;in triage state;G;is at the evacuation site
0,736,evacuee,,Evacuee;474;in triage state;G;is at the evacuation site
0,739,evacuee,,Evacuee;17;in triage state;G;is at the evacuation site
0,742,evacuee,,Evacuee;481;in triage state;Y;is at the evacuation site
0,745,evacuee,,Evacuee;179;in triage state;G;is at the evacuation site
0,748,evacuee,,Evacuee;147;in triage state;G;is at the evacuation site
0,751,evacuee,,Evacuee;65;in triage state;G;is at the evacuation site
0,754,evacuee,,Evacuee;14;in triage state;G;is at the evacuation site
0,757,evacuee,,Evacuee;218;in triage state;G;is at the evacuation site
0,760,evacuee,,Evacuee;2;in triage state;G;is at the evacuation site
0,763,evacuee,,Evacuee;33;in triage state;G;is at the evacuation site
0,766,evacuee,,Evacuee;271;in triage state;G;is at the evacuation site
0,769,evacuee,,Evacuee;9;in triage state;G;is at the evacuation site
0,772,evacuee,,Evacuee;25;in triage state;G;is at the evacuation site
0,775,evacuee,,Evacuee;334;in triage state;G;is at the evacuation site
0,778,evacuee,,Evacuee;70;in triage state;G;is at the evacuation site
0,781,evacuee,,Evacuee;5;in triage state;G;is at the evacuation site
0,784,evacuee,,Evacuee;250;in triage state;G;is at the evacuation site
0,787,evacuee,,Evacuee;107;in triage state;G;is at the evacuation site
0,790,evacuee,,Evacuee;229;in triage state;G;is at the evacuation site
0,793,evacuee,,Evacuee;110;in triage state;G;is at the evacuation site
0,796,evacuee,,Evacuee;141;in triage state;G;is at the evacuation site
0,799,evacuee,,Evacuee;133;in triage state;G;is at the evacuation site
0,802,evacuee,,Evacuee;493;in triage state;Y;is at the evacuation site
0,805,evacuee,,Evacuee;473;in triage state;G;is at the evacuation site
0,808,evacuee,,Evacuee;400;in triage state;G;is at the evacuation site
0,811,evacuee,,Evacuee;268;in triage state;G;is at the evacuation site
0,814,evacuee,,Evacuee;100;in triage state;G;is at the evacuation site
0,817,evacuee,,Evacuee;29;in triage state;G;is at the evacuation site
0,820,evacuee,,Evacuee;158;in triage state;G;is at the evacuation site
0,823,evacuee,,Evacuee;187;in triage state;G;is at the evacuation site
0,826,evacuee,,Evacuee;85;in triage state;G;is at the evacuation site
0,829,evacuee,,Evacuee;487;in triage state;Y;is at the evacuation site
0,832,evacuee,,Evacuee;71;in triage state;G;is at the evacuation site
0,835,evacuee,,Evacuee;332;in triage state;G;is at the evacuation site
0,838,evacuee,,Evacuee;81;in triage state;G;is at the evacuation site
0,841,evacuee,,Evacuee;104;in triage state;G;is at the evacuation site
0,844,evacuee,,Evacuee;40;in triage state;G;is at the evacuation site
0,847,evacuee,,Evacuee;97;in triage state;G;is at the evacuation site
0,850,evacuee,,Evacuee;453;in triage state;G;is at the evacuation site
0,853,evacuee,,Evacuee;285;in triage state;G;is at the evacuation site
0,856,evacuee,,Evacuee;89;in triage state;G;is at the evacuation site
0,859,evacuee,,Evacuee;394;in triage state;G;is at the evacuation site
0,862,evacuee,,Evacuee;240;in triage state;G;is at the evacuation site
0,865,evacuee,,Evacuee;8;in triage state;G;is at the evacuation site
0,868,evacuee,,Evacuee;3;in triage state;G;is at the evacuation site
0,871,evacuee,,Evacuee;172;in triage state;G;is at the evacuation site
0,874,evacuee,,Evacuee;256;in triage state;G;is at the evacuation site
0,877,evacuee,,Evacuee;347;in triage state;G;is at the evacuation site
0,880,evacuee,,Evacuee;82;in triage state;G;is at the evacuation site
0,883,evacuee,,Evacuee;54;in triage state;G;is at the evacuation site
0,886,evacuee,,Evacuee;368;in triage state;G;is at the evacuation site
0,889,evacuee,,Evacuee;4;in triage state;G;is at the evacuation site
0,892,evacuee,,Evacuee;18;in triage state;G;is at the evacuation site
0,895,evacuee,,Evacuee;387;in triage state;G;is at the evacuation site
0,898,evacuee,,Evacuee;246;in triage state;G;is at the evacuation site
0,901,evacuee,,Evacuee;22;in triage state;G;is at the evacuation site
0,904,evacuee,,Evacuee;92;in triage state;G;is at the evacuation site
0,907,evacuee,,Evacuee;44;in triage state;G;is at the evacuation site
0,910,evacuee,,Evacuee;150;in triage state;G;is at the evacuation site
0,913,evacuee,,Evacuee;119;in triage state;G;is at the evacuation site
0,916,evacuee,,Evacuee;6;in triage state;G;is at the evacuation site
0,919,evacuee,,Evacuee;173;in triage state;G;is at the evacuation site
0,922,evacuee,,Evacuee;157;in triage state;G;is at the evacuation site
0,925,evacuee,,Evacuee;451;in triage state;G;is at the evacuation site
0,928,evacuee,,Evacuee;359;in triage state;G;is at the evacuation site
0,931,evacuee,,Evacuee;286;in triage state;G;is at the evacuation site
0,934,evacuee,,Evacuee;196;in triage state;G;is at the evacuation site
0,937,evacuee,,Evacuee;407;in triage state;G;is at the evacuation site
0,940,evacuee,,Evacuee;132;in triage state;G;is at the evacuation site
0,943,evacuee,,Evacuee;31;in triage state;G;is at the evacuation site
0,946,evacuee,,Evacuee;38;in triage state;G;is at the evacuation site
0,949,evacuee,,Evacuee;10;in triage state;G;is at the evacuation site
0,952,evacuee,,Evacuee;26;in triage state;G;is at the evacuation site
0,955,evacuee,,Evacuee;343;in triage state;G;is at the evacuation site
0,958,evacuee,,Evacuee;241;in triage state;G;is at the evacuation site
0,961,evacuee,,Evacuee;418;in triage state;G;is at the evacuation site
0,964,evacuee,,Evacuee;75;in triage state;G;is at the evacuation site
0,967,evacuee,,Evacuee;37;in triage state;G;is at the evacuation site
0,970,evacuee,,Evacuee;496;in triage state;Y;is at the evacuation site
0,973,evacuee,,Evacuee;209;in triage state;G;is at the evacuation site
0,976,evacuee,,Evacuee;402;in triage state;G;is at the evacuation site
0,979,evacuee,,Evacuee;320;in triage state;G;is at the evacuation site
0,982,evacuee,,Evacuee;116;in triage state;G;is at the evacuation site
0,985,evacuee,,Evacuee;61;in triage state;G;is at the evacuation site
0,988,evacuee,,Evacuee;52;in triage state;G;is at the evacuation site
0,991,evacuee,,Evacuee;41;in triage state;G;is at the evacuation site
0,994,evacuee,,Evacuee;304;in triage state;G;is at the evacuation site
0,997,evacuee,,Evacuee;154;in triage state;G;is at the evacuation site
0,1000,evacuee,,Evacuee;421;in triage state;G;is at the evacuation site
0,1003,evacuee,,Evacuee;405;in triage state;G;is at the evacuation site
0,1006,evacuee,,Evacuee;21;in triage state;G;is at the evacuation site
0,1009,evacuee,,Evacuee;68;in triage state;G;is at the evacuation site
0,1012,evacuee,,Evacuee;72;in triage state;G;is at the evacuation site
0,1015,evacuee,,Evacuee;46;in triage state;G;is at the evacuation site
0,1018,evacuee,,Evacuee;53;in triage state;G;is at the evacuation site
0,1021,evacuee,,Evacuee;220;in triage state;G;is at the evacuation site
0,1024,evacuee,,Evacuee;355;in triage state;G;is at the evacuation site
0,1027,evacuee,,Evacuee;23;in triage state;G;is at the evacuation site
0,1030,evacuee,,Evacuee;200;in triage state;G;is at the evacuation site
0,1033,evacuee,,Evacuee;255;in triage state;G;is at the evacuation site
0,1036,evacuee,,Evacuee;13;in triage state;G;is at the evacuation site
0,1039,evacuee,,Evacuee;24;in triage state;G;is at the evacuation site
0,1042,evacuee,,Evacuee;32;in triage state;G;is at the evacuation site
0,1045,evacuee,,Evacuee;34;in triage state;G;is at the evacuation site
0,1048,evacuee,,Evacuee;64;in triage state;G;is at the evacuation site
0,1051,evacuee,,Evacuee;429;in triage state;G;is at the evacuation site
0,1054,evacuee,,Evacuee;102;in triage state;G;is at the evacuation site
0,1057,evacuee,,Evacuee;160;in triage state;G;is at the evacuation site
0,1060,evacuee,,Evacuee;20;in triage state;G;is at the evacuation site
0,1063,evacuee,,Evacuee;35;in triage state;G;is at the evacuation site
0,1066,evacuee,,Evacuee;155;in triage state;G;is at the evacuation site
0,1069,evacuee,,Evacuee;36;in triage state;G;is at the evacuation site
0,1072,evacuee,,Evacuee;198;in triage state;G;is at the evacuation site
0,1075,evacuee,,Evacuee;84;in triage state;G;is at the evacuation site
0,1078,evacuee,,Evacuee;42;in triage state;G;is at the evacuation site
0,1081,evacuee,,Evacuee;91;in triage state;G;is at the evacuation site
0,1084,evacuee,,Evacuee;43;in triage state;G;is at the evacuation site
0,1087,evacuee,,Evacuee;30;in triage state;G;is at the evacuation site
0,1090,evacuee,,Evacuee;336;in triage state;G;is at the evacuation site
0,1093,evacuee,,Evacuee;307;in triage state;G;is at the evacuation site
0,1096,evacuee,,Evacuee;212;in triage state;G;is at the evacuation site
0,1099,evacuee,,Evacuee;391;in triage state;G;is at the evacuation site
0,1102,evacuee,,Evacuee;388;in triage state;G;is at the evacuation site
0,1105,evacuee,,Evacuee;55;in triage state;G;is at the evacuation site
0,1108,evacuee,,Evacuee;48;in triage state;G;is at the evacuation site
0,1111,evacuee,,Evacuee;144;in triage state;G;is at the evacuation site
0,1114,evacuee,,Evacuee;50;in triage state;G;is at the evacuation site
0,1117,evacuee,,Evacuee;19;in triage state;G;is at the evacuation site
0,1120,evacuee,,Evacuee;182;in triage state;G;is at the evacuation site
0,1123,evacuee,,Evacuee;490;in triage state;Y;is at the evacuation site
0,1126,evacuee,,Evacuee;266;in triage state;G;is at the evacuation site
0,1129,evacuee,,Evacuee;120;in triage state;G;is at the evacuation site
0,1136,evacuee,,Evacuee;94;in triage state;G;is at the evacuation site
0,1139,evacuee,,Evacuee;63;in triage state;G;is at the evacuation site
0,1142,evacuee,,Evacuee;175;in triage state;G;is at the evacuation site
0,1145,evacuee,,Evacuee;47;in triage state;G;is at the evacuation site
0,1148,evacuee,,Evacuee;56;in triage state;G;is at the evacuation site
0,1151,evacuee,,Evacuee;367;in triage state;G;is at the evacuation site
0,1154,evacuee,,Evacuee;364;in triage state;G;is at the evacuation site
0,1157,evacuee,,Evacuee;208;in triage state;G;is at the evacuation site
0,1160,evacuee,,Evacuee;57;in triage state;G;is at the evacuation site
0,1163,evacuee,,Evacuee;231;in triage state;G;is at the evacuation site
0,1166,evacuee,,Evacuee;261;in triage state;G;is at the evacuation site
0,1169,evacuee,,Evacuee;45;in triage state;G;is at the evacuation site
0,1176,evacuee,,Evacuee;263;in triage state;G;is at the evacuation site
0,1179,evacuee,,Evacuee;190;in triage state;G;is at the evacuation site
0,1182,evacuee,,Evacuee;465;in triage state;G;is at the evacuation site
0,1185,evacuee,,Evacuee;60;in triage state;G;is at the evacuation site
0,1188,evacuee,,Evacuee;385;in triage state;G;is at the evacuation site
0,1191,evacuee,,Evacuee;181;in triage state;G;is at the evacuation site
0,1194,evacuee,,Evacuee;416;in triage state;G;is at the evacuation site
0,1197,evacuee,,Evacuee;129;in triage state;G;is at the evacuation site
0,1200,evacuee,,Evacuee;308;in triage state;G;is at the evacuation site
0,1203,evacuee,,Evacuee;131;in triage state;G;is at the evacuation site
0,1206,evacuee,,Evacuee;137;in triage state;G;is at the evacuation site
0,1209,evacuee,,Evacuee;138;in triage state;G;is at the evacuation site
0,1212,evacuee,,Evacuee;265;in triage state;G;is at the evacuation site
0,1215,evacuee,,Evacuee;139;in triage state;G;is at the evacuation site
0,1218,evacuee,,Evacuee;194;in triage state;G;is at the evacuation site
0,1221,evacuee,,Evacuee;140;in triage state;G;is at the evacuation site
0,1224,evacuee,,Evacuee;130;in triage state;G;is at the evacuation site
0,1227,evacuee,,Evacuee;143;in triage state;G;is at the evacuation site
0,1230,evacuee,,Evacuee;149;in triage state;G;is at the evacuation site
0,1233,evacuee,,Evacuee;296;in triage state;G;is at the evacuation site
0,1236,evacuee,,Evacuee;151;in triage state;G;is at the evacuation site
0,1239,evacuee,,Evacuee;222;in triage state;G;is at the evacuation site
0,1242,evacuee,,Evacuee;152;in triage state;G;is at the evacuation site
0,1245,evacuee,,Evacuee;153;in triage state;G;is at the evacuation site
0,1248,evacuee,,Evacuee;67;in triage state;G;is at the evacuation site
0,1251,evacuee,,Evacuee;123;in triage state;G;is at the evacuation site
0,1254,evacuee,,Evacuee;159;in triage state;G;is at the evacuation site
0,1257,evacuee,,Evacuee;161;in triage state;G;is at the evacuation site
0,1260,evacuee,,Evacuee;28;in triage state;G;is at the evacuation site
0,1263,evacuee,,Evacuee;126;in triage state;G;is at the evacuation site
0,1266,evacuee,,Evacuee;234;in triage state;G;is at the evacuation site
0,1269,evacuee,,Evacuee;162;in triage state;G;is at the evacuation site
0,1272,evacuee,,Evacuee;163;in triage state;G;is at the evacuation site
0,1275,evacuee,,Evacuee;166;in triage state;G;is at the evacuation site
0,1278,evacuee,,Evacuee;16;in triage state;G;is at the evacuation site
0,1281,evacuee,,Evacuee;242;in triage state;G;is at the evacuation site
0,1284,evacuee,,Evacuee;178;in triage state;G;is at the evacuation site
0,1287,evacuee,,Evacuee;438;in triage state;G;is at the evacuation site
0,1290,evacuee,,Evacuee;146;in triage state;G;is at the evacuation site
0,1293,evacuee,,Evacuee;167;in triage state;G;is at the evacuation site
0,1296,evacuee,,Evacuee;145;in triage state;G;is at the evacuation site
0,1299,evacuee,,Evacuee;168;in triage state;G;is at the evacuation site
0,1302,evacuee,,Evacuee;176;in triage state;G;is at the evacuation site
0,1305,evacuee,,Evacuee;230;in triage state;G;is at the evacuation site
0,1308,evacuee,,Evacuee;169;in triage state;G;is at the evacuation site
0,1311,evacuee,,Evacuee;170;in triage state;G;is at the evacuation site
0,1314,evacuee,,Evacuee;171;in triage state;G;is at the evacuation site
0,1317,evacuee,,Evacuee;174;in triage state;G;is at the evacuation site
0,1320,evacuee,,Evacuee;177;in triage state;G;is at the evacuation site
0,1323,evacuee,,Evacuee;435;in triage state;G;is at the evacuation site
0,1326,evacuee,,Evacuee;58;in triage state;G;is at the evacuation site
0,1329,evacuee,,Evacuee;203;in triage state;G;is at the evacuation site
0,1332,evacuee,,Evacuee;232;in triage state;G;is at the evacuation site
0,1335,evacuee,,Evacuee;183;in triage state;G;is at the evacuation site
0,1338,evacuee,,Evacuee;184;in triage state;G;is at the evacuation site
0,1341,evacuee,,Evacuee;185;in triage state;G;is at the evacuation site
0,1344,evacuee,,Evacuee;186;in triage state;G;is at the evacuation site
0,1347,evacuee,,Evacuee;417;in triage state;G;is at the evacuation site
0,1350,evacuee,,Evacuee;217;in triage state;G;is at the evacuation site
0,1353,evacuee,,Evacuee;189;in triage state;G;is at the evacuation site
0,1356,evacuee,,Evacuee;253;in triage state;G;is at the evacuation site
0,1359,evacuee,,Evacuee;191;in triage state;G;is at the evacuation site
0,1362,evacuee,,Evacuee;314;in triage state;G;is at the evacuation site
0,1365,evacuee,,Evacuee;249;in triage state;G;is at the evacuation site
0,1368,evacuee,,Evacuee;193;in triage state;G;is at the evacuation site
0,1371,evacuee,,Evacuee;195;in triage state;G;is at the evacuation site
0,1374,evacuee,,Evacuee;399;in triage state;G;is at the evacuation site
0,1377,evacuee,,Evacuee;197;in triage state;G;is at the evacuation site
0,1380,evacuee,,Evacuee;450;in triage state;G;is at the evacuation site
0,1383,evacuee,,Evacuee;252;in triage state;G;is at the evacuation site
0,1386,evacuee,,Evacuee;329;in triage state;G;is at the evacuation site
0,1389,evacuee,,Evacuee;201;in triage state;G;is at the evacuation site
0,1392,evacuee,,Evacuee;11;in triage state;G;is at the evacuation site
0,1395,evacuee,,Evacuee;202;in triage state;G;is at the evacuation site
0,1398,evacuee,,Evacuee;390;in triage state;G;is at the evacuation site
0,1401,evacuee,,Evacuee;204;in triage state;G;is at the evacuation site
0,1404,evacuee,,Evacuee;275;in triage state;G;is at the evacuation site
0,1407,evacuee,,Evacuee;205;in triage state;G;is at the evacuation site
0,1410,evacuee,,Evacuee;323;in triage state;G;is at the evacuation site
0,1413,evacuee,,Evacuee;180;in triage state;G;is at the evacuation site
0,1416,evacuee,,Evacuee;206;in triage state;G;is at the evacuation site
0,1419,evacuee,,Evacuee;69;in triage state;G;is at the evacuation site
0,1422,evacuee,,Evacuee;207;in triage state;G;is at the evacuation site
0,1425,evacuee,,Evacuee;27;in triage state;G;is at the evacuation site
0,1428,evacuee,,Evacuee;211;in triage state;G;is at the evacuation site
0,1431,evacuee,,Evacuee;294;in triage state;G;is at the evacuation site
0,1434,evacuee,,Evacuee;214;in triage state;G;is at the evacuation site
0,1437,evacuee,,Evacuee;12;in triage state;G;is at the evacuation site
0,1440,evacuee,,Evacuee;216;in triage state;G;is at the evacuation site
0,1443,evacuee,,Evacuee;219;in triage state;G;is at the evacuation site
0,1446,evacuee,,Evacuee;221;in triage state;G;is at the evacuation site
0,1449,evacuee,,Evacuee;224;in triage state;G;is at the evacuation site
0,1452,evacuee,,Evacuee;339;in triage state;G;is at the evacuation site
0,1455,evacuee,,Evacuee;225;in triage state;G;is at the evacuation site
0,1458,evacuee,,Evacuee;164;in triage state;G;is at the evacuation site
0,1461,evacuee,,Evacuee;226;in triage state;G;is at the evacuation site
0,1464,evacuee,,Evacuee;464;in triage state;G;is at the evacuation site
0,1467,evacuee,,Evacuee;227;in triage state;G;is at the evacuation site
0,1470,evacuee,,Evacuee;267;in triage state;G;is at the evacuation site
0,1473,evacuee,,Evacuee;73;in triage state;G;is at the evacuation site
0,1476,evacuee,,Evacuee;233;in triage state;G;is at the evacuation site
0,1479,evacuee,,Evacuee;236;in triage state;G;is at the evacuation site
0,1482,evacuee,,Evacuee;7;in triage state;G;is at the evacuation site
0,1485,evacuee,,Evacuee;237;in triage state;G;is at the evacuation site
0,1488,evacuee,,Evacuee;238;in triage state;G;is at the evacuation site
0,1491,evacuee,,Evacuee;113;in triage state;G;is at the evacuation site
0,1494,evacuee,,Evacuee;239;in triage state;G;is at the evacuation site
0,1497,evacuee,,Evacuee;243;in triage state;G;is at the evacuation site
0,1500,evacuee,,Evacuee;96;in triage state;G;is at the evacuation site
0,1503,evacuee,,Evacuee;244;in triage state;G;is at the evacuation site
0,1506,evacuee,,Evacuee;247;in triage state;G;is at the evacuation site
0,1509,evacuee,,Evacuee;59;in triage state;G;is at the evacuation site
0,1512,evacuee,,Evacuee;248;in triage state;G;is at the evacuation site
0,1515,evacuee,,Evacuee;467;in triage state;G;is at the evacuation site
0,1518,evacuee,,Evacuee;298;in triage state;G;is at the evacuation site
0,1521,evacuee,,Evacuee;254;in triage state;G;is at the evacuation site
0,1524,evacuee,,Evacuee;257;in triage state;G;is at the evacuation site
0,1527,evacuee,,Evacuee;210;in triage state;G;is at the evacuation site
0,1530,evacuee,,Evacuee;258;in triage state;G;is at the evacuation site
0,5,helicopterQueue,,;No helos are waiting to land
0.0244624,3,evacueeManager,,OFF SHIP: White;0;Green;475;Yellow;19;Red;6;Black;0;ON SHIP: White;0;Green;0;Yellow;0;Red;0;Evacuees to Transfer;
0.0244624,829,evacuee,outES,Evacuee 487 in triage category Y is not assigned a helicopter
0.0244624,829,evacuee,,Evacuee;487;in triage state;R;is at the evacuation site
1.46619,3,evacueeManager,,OFF SHIP: White;0;Green;474;Yellow;20;Red;6;Black;0;ON SHIP: White;0;Green;0;Yellow;0;Red;0;Evacuees to Transfer;
1.46619,172,evacuee,outES,Evacuee 395 in triage category G is not assigned a helicopter
1.46619,172,evacuee,,Evacuee;395;in triage state;Y;is at the evacuation site
4.32774,3,evacueeManager,,OFF SHIP: White;0;Green;473;Yellow;21;Red;6;Black;0;ON SHIP: White;0;Green;0;Yellow;0;Red;0;Evacuees to Transfer;
4.32774,245,evacuee,outES,Evacuee 425 in triage category G is not assigned a helicopter
4.32774,245,evacuee,,Evacuee;425;in triage state;Y;is at the evacuation site
6.31083,3,evacueeManager,,OFF SHIP: White;0;Green;472;Yellow;22;Red;6;Black;0;ON SHIP: White;0;Green;0;Yellow;0;Red;0;Evacuees to Transfer;
6.31083,757,evacuee,outES,Evacuee 218 in triage category G is not assigned a helicopter
6.31083,757,evacuee,,Evacuee;218;in triage state;Y;is at the evacuation site
9.45275,3,evacueeManager,,OFF SHIP: White;0;Green;471;Yellow;23;Red;6;Black;0;ON SHIP: White;0;Green;0;Yellow;0;Red;0;Evacuees to Transfer;
9.45275,321,evacuee,outES,Evacuee 321 in triage category G is not assigned a helicopter
9.45275,321,evacuee,,Evacuee;321;in triage state;Y;is at the evacuation site
9.78413,3,evacueeManager,,OFF SHIP: White;0;Green;470;Yellow;24;Red;6;Black;0;ON SHIP: White;0;Green;0;Yellow;0;Red;0;Evacuees to Transfer;
9.78413,901,evacuee,outES,Evacuee 22 in triage category G is not assigned a helicopter
9.78413,901,evacuee,,Evacuee;22;in triage state;Y;is at the evacuation site
10.0596,3,evacueeManager,,OFF SHIP: White;0;Green;469;Yellow;25;Red;6;Black;0;ON SHIP: White;0;Green;0;Yellow;0;Red;0;Evacuees to Transfer;
10.0596,393,evacuee,outES,Evacuee 287 in triage category G is not assigned a helicopter
10.0596,393,evacuee,,Evacuee;287;in triage state;Y;is at the evacuation site
14.1488,3,evacueeManager,,OFF SHIP: White;0;Green;469;Yellow;24;Red;7;Black;0;ON SHIP: White;0;Green;0;Yellow;0;Red;0;Evacuees to Transfer;
14.1488,27,evacuee,outES,Evacuee 486 in triage category Y is not assigned a helicopter
14.1488,27,evacuee,,Evacuee;486;in triage state;R;is at the evacuation site
15.4864,3,evacueeManager,,OFF SHIP: White;0;Green;469;Yellow;23;Red;8;Black;0;ON SHIP: White;0;Green;0;Yellow;0;Red;0;Evacuees to Transfer;
15.4864,393,evacuee,outES,Evacuee 287 in triage category Y is not assigned a helicopter
15.4864,393,evacuee,,Evacuee;287;in triage state;R;is at the evacuation site
18.442,3,evacueeManager,,OFF SHIP: White;0;Green;469;Yellow;23;Red;7;Black;1;ON SHIP: White;0;Green;0;Yellow;0;Red;0;Evacuees to Transfer;
18.442,829,evacuee,outES,Evacuee 487 in triage category R is not assigned a helicopter
18.442,829,evacuee,,Evacuee;487;in triage state;B;is at the evacuation site
19.0819,3,evacueeManager,,OFF SHIP: White;0;Green;469;Yellow;23;Red;6;Black;2;ON SHIP: White;0;Green;0;Yellow;0;Red;0;Evacuees to Transfer;
19.0819,39,evacuee,outES,Evacuee 499 in triage category R is not assigned a helicopter
19.0819,39,evacuee,,Evacuee;499;in triage state;B;is at the evacuation site
23.5527,3,evacueeManager,,OFF SHIP: White;0;Green;468;Yellow;24;Red;6;Black;2;ON SHIP: White;0;Green;0;Yellow;0;Red;0;Evacuees to Transfer;
23.5527,1197,evacuee,outES,Evacuee 129 in triage category G is not assigned a helicopter
23.5527,1197,evacuee,,Evacuee;129;in triage state;Y;is at the evacuation site
27.0467,3,evacueeManager,,OFF SHIP: White;0;Green;467;Yellow;25;Red;6;Black;2;ON SHIP: White;0;Green;0;Yellow;0;Red;0;Evacuees to Transfer;
27.0467,1341,evacuee,outES,Evacuee 185 in triage category G is not assigned a helicopter
27.0467,1341,evacuee,,Evacuee;185;in triage state;Y;is at the evacuation site
33.2688,3,evacueeManager,,OFF SHIP: White;0;Green;466;Yellow;26;Red;6;Black;2;ON SHIP: White;0;Green;0;Yellow;0;Red;0;Evacuees to Transfer;
33.2688,1269,evacuee,outES,Evacuee 162 in triage category G is not assigned a helicopter
33.2688,1269,evacuee,,Evacuee;162;in triage state;Y;is at the evacuation site
33.7136,3,evacueeManager,,OFF SHIP: White;0;Green;465;Yellow;27;Red;6;Black;2;ON SHIP: White;0;Green;0;Yellow;0;Red;0;Evacuees to Transfer;
33.7136,1045,evacuee,outES,Evacuee 34 in triage category G is not assigned a helicopter
33.7136,1045,evacuee,,Evacuee;34;in triage state;Y;is at the evacuation site
34.0393,3,evacueeManager,,OFF SHIP: White;0;Green;465;Yellow;26;Red;7;Black;2;ON SHIP: White;0;Green;0;Yellow;0;Red;0;Evacuees to Transfer;
34.0393,1269,evacuee,outES,Evacuee 162 in triage category Y is not assigned a helicopter
34.0393,1269,evacuee,,Evacuee;162;in triage state;R;is at the evacuation site
34.298,3,evacueeManager,,OFF SHIP: White;0;Green;465;Yellow;25;Red;8;Black;2;ON SHIP: White;0;Green;0;Yellow;0;Red;0;Evacuees to Transfer;
34.298,30,evacuee,outES,Evacuee 484 in triage category Y is not assigned a helicopter
34.298,30,evacuee,,Evacuee;484;in triage state;R;is at the evacuation site
36.0353,3,evacueeManager,,OFF SHIP: White;0;Green;465;Yellow;25;Red;7;Black;3;ON SHIP: White;0;Green;0;Yellow;0;Red;0;Evacuees to Transfer;
36.0353,1269,evacuee,outES,Evacuee 162 in triage category R is not assigned a helicopter
36.0353,1269,evacuee,,Evacuee;162;in triage state;B;is at the evacuation site
40.3989,3,evacueeManager,,OFF SHIP: White;0;Green;465;Yellow;24;Red;8;Black;3;ON SHIP: White;0;Green;0;Yellow;0;Red;0;Evacuees to Transfer;
40.3989,1123,evacuee,outES,Evacuee 490 in triage category Y is not assigned a helicopter
40.3989,1123,evacuee,,Evacuee;490;in triage state;R;is at the evacuation site
56.174,3,evacueeManager,,OFF SHIP: White;0;Green;465;Yellow;23;Red;9;Black;3;ON SHIP: White;0;Green;0;Yellow;0;Red;0;Evacuees to Transfer;
56.174,33,evacuee,outES,Evacuee 483 in triage category Y is not assigned a helicopter
56.174,33,evacuee,,Evacuee;483;in triage state;R;is at the evacuation site
63.1666,3,evacueeManager,,OFF SHIP: White;0;Green;465;Yellow;23;Red;8;Black;4;ON SHIP: White;0;Green;0;Yellow;0;Red;0;Evacuees to Transfer;
63.1666,27,evacuee,outES,Evacuee 486 in triage category R is not assigned a helicopter
63.1666,27,evacuee,,Evacuee;486;in triage state;B;is at the evacuation site
69.3082,3,evacueeManager,,OFF SHIP: White;0;Green;464;Yellow;24;Red;8;Black;4;ON SHIP: White;0;Green;0;Yellow;0;Red;0;Evacuees to Transfer;
69.3082,99,evacuee,outES,Evacuee 439 in triage category G is not assigned a helicopter
69.3082,99,evacuee,,Evacuee;439;in triage state;Y;is at the evacuation site
70.0602,3,evacueeManager,,OFF SHIP: White;0;Green;464;Yellow;24;Red;7;Black;5;ON SHIP: White;0;Green;0;Yellow;0;Red;0;Evacuees to Transfer;
70.0602,30,evacuee,outES,Evacuee 484 in triage category R is not assigned a helicopter
70.0602,30,evacuee,,Evacuee;484;in triage state;B;is at the evacuation site
77.8798,3,evacueeManager,,OFF SHIP: White;0;Green;464;Yellow;24;Red;6;Black;6;ON SHIP: White;0;Green;0;Yellow;0;Red;0;Evacuees to Transfer;
77.8798,287,evacuee,outES,Evacuee 503 in triage category R is not assigned a helicopter
77.8798,287,evacuee,,Evacuee;503;in triage state;B;is at the evacuation site
78.6521,3,evacueeManager,,OFF SHIP: White;0;Green;464;Yellow;23;Red;7;Black;6;ON SHIP: White;0;Green;0;Yellow;0;Red;0;Evacuees to Transfer;
78.6521,36,evacuee,outES,Evacuee 482 in triage category Y is not assigned a helicopter
78.6521,36,evacuee,,Evacuee;482;in triage state;R;is at the evacuation site
83.9874,3,evacueeManager,,OFF SHIP: White;0;Green;463;Yellow;24;Red;7;Black;6;ON SHIP: White;0;Green;0;Yellow;0;Red;0;Evacuees to Transfer;
83.9874,468,evacuee,outES,Evacuee 289 in triage category G is not assigned a helicopter
83.9874,468,evacuee,,Evacuee;289;in triage state;Y;is at the evacuation site
85.5261,3,evacueeManager,,OFF SHIP: White;0;Green;463;Yellow;24;Red;6;Black;7;ON SHIP: White;0;Green;0;Yellow;0;Red;0;Evacuees to Transfer;
85.5261,510,evacuee,outES,Evacuee 502 in triage category R is not assigned a helicopter
85.5261,510,evacuee,,Evacuee;502;in triage state;B;is at the evacuation site
87.4428,3,evacueeManager,,OFF SHIP: White;0;Green;462;Yellow;25;Red;6;Black;7;ON SHIP: White;0;Green;0;Yellow;0;Red;0;Evacuees to Transfer;
87.4428,1413,evacuee,outES,Evacuee 180 in triage category G is not assigned a helicopter
87.4428,1413,evacuee,,Evacuee;180;in triage state;Y;is at the evacuation site
87.6532,3,evacueeManager,,OFF SHIP: White;0;Green;462;Yellow;24;Red;7;Black;7;ON SHIP: White;0;Green;0;Yellow;0;Red;0;Evacuees to Transfer;
87.6532,1341,evacuee,outES,Evacuee 185 in triage category Y is not assigned a helicopter
87.6532,1341,evacuee,,Evacuee;185;in triage state;R;is at the evacuation site
88.6904,3,evacueeManager,,OFF SHIP: White;0;Green;462;Yellow;24;Red;6;Black;8;ON SHIP: White;0;Green;0;Yellow;0;Red;0;Evacuees to Transfer;
88.6904,33,evacuee,outES,Evacuee 483 in triage category R is not assigned a helicopter
88.6904,33,evacuee,,Evacuee;483;in triage state;B;is at the evacuation site
93.9099,3,evacueeManager,,OFF SHIP: White;0;Green;461;Yellow;25;Red;6;Black;8;ON SHIP: White;0;Green;0;Yellow;0;Red;0;Evacuees to Transfer;
93.9099,540,evacuee,outES,Evacuee 373 in triage category G is not assigned a helicopter
93.9099,540,evacuee,,Evacuee;373;in triage state;Y;is at the evacuation site
99.7098,3,evacueeManager,,OFF SHIP: White;0;Green;460;Yellow;26;Red;6;Black;8;ON SHIP: White;0;Green;0;Yellow;0;Red;0;Evacuees to Transfer;
99.7098,1485,evacuee,outES,Evacuee 237 in triage category G is not assigned a helicopter
99.7098,1485,evacuee,,Evacuee;237;in triage state;Y;is at the evacuation site
101.531,3,evacueeManager,,OFF SHIP: White;0;Green;459;Yellow;27;Red;6;Black;8;ON SHIP: White;0;Green;0;Yellow;0;Red;0;Evacuees to Transfer;
101.531,616,evacuee,outES,Evacuee 342 in triage category G is not assigned a helicopter
101.531,616,evacuee,,Evacuee;342;in triage state;Y;is at the evacuation site
118.552,3,evacueeManager,,OFF SHIP: White;0;Green;458;Yellow;28;Red;6;Black;8;ON SHIP: White;0;Green;0;Yellow;0;Red;0;Evacuees to Transfer;
118.552,688,evacuee,outES,Evacuee 165 in triage category G is not assigned a helicopter
118.552,688,evacuee,,Evacuee;165;in triage state;Y;is at the evacuation site
118.724,3,evacueeManager,,OFF SHIP: White;0;Green;457;Yellow;29;Red;6;Black;8;ON SHIP: White;0;Green;0;Yellow;0;Red;0;Evacuees to Transfer;
118.724,976,evacuee,outES,Evacuee 402 in triage category G is not assigned a helicopter
118.724,976,evacuee,,Evacuee;402;in triage state;Y;is at the evacuation site
119.812,3,evacueeManager,,OFF SHIP: White;0;Green;456;Yellow;30;Red;6;Black;8;ON SHIP: White;0;Green;0;Yellow;0;Red;0;Evacuees to Transfer;
119.812,832,evacuee,outES,Evacuee 71 in triage category G is not assigned a helicopter
119.812,832,evacuee,,Evacuee;71;in triage state;Y;is at the evacuation site
119.985,3,evacueeManager,,OFF SHIP: White;0;Green;455;Yellow;31;Red;6;Black;8;ON SHIP: White;0;Green;0;Yellow;0;Red;0;Evacuees to Transfer;
119.985,1120,evacuee,outES,Evacuee 182 in triage category G is not assigned a helicopter
119.985,1120,evacuee,,Evacuee;182;in triage state;Y;is at the evacuation site
123.54,3,evacueeManager,,OFF SHIP: White;0;Green;454;Yellow;32;Red;6;Black;8;ON SHIP: White;0;Green;0;Yellow;0;Red;0;Evacuees to Transfer;
123.54,175,evacuee,outES,Evacuee 393 in triage category G is not assigned a helicopter
123.54,175,evacuee,,Evacuee;393;in triage state;Y;is at the evacuation site
124.171,3,evacueeManager,,OFF SHIP: White;0;Green;453;Yellow;33;Red;6;Black;8;ON SHIP: White;0;Green;0;Yellow;0;Red;0;Evacuees to Transfer;
124.171,248,evacuee,outES,Evacuee 360 in triage category G is not assigned a helicopter
124.171,248,evacuee,,Evacuee;360;in triage state;Y;is at the evacuation site
127.157,3,evacueeManager,,OFF SHIP: White;0;Green;452;Yellow;34;Red;6;Black;8;ON SHIP: White;0;Green;0;Yellow;0;Red;0;Evacuees to Transfer;
127.157,324,evacuee,outES,Evacuee 319 in triage category G is not assigned a helicopter
127.157,324,evacuee,,Evacuee;319;in triage state;Y;is at the evacuation site
127.526,3,evacueeManager,,OFF SHIP: White;0;Green;452;Yellow;33;Red;7;Black;8;ON SHIP: White;0;Green;0;Yellow;0;Red;0;Evacuees to Transfer;
127.526,42,evacuee,outES,Evacuee 479 in triage category Y is not assigned a helicopter
127.526,42,evacuee,,Evacuee;479;in triage state;R;is at the evacuation site
128.594,3,evacueeManager,,OFF SHIP: White;0;Green;451;Yellow;34;Red;7;Black;8;ON SHIP: White;0;Green;0;Yellow;0;Red;0;Evacuees to Transfer;
128.594,760,evacuee,outES,Evacuee 2 in triage category G is not assigned a helicopter
128.594,760,evacuee,,Evacuee;2;in triage state;Y;is at the evacuation site
132.506,3,evacueeManager,,OFF SHIP: White;0;Green;450;Yellow;35;Red;7;Black;8;ON SHIP: White;0;Green;0;Yellow;0;Red;0;Evacuees to Transfer;
132.506,396,evacuee,outES,Evacuee 415 in triage category G is not assigned a helicopter
132.506,396,evacuee,,Evacuee;415;in triage state;Y;is at the evacuation site
134.579,3,evacueeManager,,OFF SHIP: White;0;Green;449;Yellow;36;Red;7;Black;8;ON SHIP: White;0;Green;0;Yellow;0;Red;0;Evacuees to Transfer;
134.579,904,evacuee,outES,Evacuee 92 in triage category G is not assigned a helicopter
134.579,904,evacuee,,Evacuee;92;in triage state;Y;is at the evacuation site
138.612,3,evacueeManager,,OFF SHIP: White;0;Green;449;Yellow;36;Red;6;Black;9;ON SHIP: White;0;Green;0;Yellow;0;Red;0;Evacuees to Transfer;
138.612,12,evacuee,outES,Evacuee 501 in triage category R is not assigned a helicopter
138.612,12,evacuee,,Evacuee;501;in triage state;B;is at the evacuation site
146.586,3,evacueeManager,,OFF SHIP: White;0;Green;448;Yellow;37;Red;6;Black;9;ON SHIP: White;0;Green;0;Yellow;0;Red;0;Evacuees to Transfer;
146.586,1200,evacuee,outES,Evacuee 308 in triage category G is not assigned a helicopter
146.586,1200,evacuee,,Evacuee;308;in triage state;Y;is at the evacuation site
152.609,3,evacueeManager,,OFF SHIP: White;0;Green;447;Yellow;38;Red;6;Black;9;ON SHIP: White;0;Green;0;Yellow;0;Red;0;Evacuees to Transfer;
152.609,1344,evacuee,outES,Evacuee 186 in triage category G is not assigned a helicopter
152.609,1344,evacuee,,Evacuee;186;in triage state;Y;is at the evacuation site
154.224,3,evacueeManager,,OFF SHIP: White;0;Green;447;Yellow;37;Red;7;Black;9;ON SHIP: White;0;Green;0;Yellow;0;Red;0;Evacuees to Transfer;
154.224,45,evacuee,outES,Evacuee 478 in triage category Y is not assigned a helicopter
154.224,45,evacuee,,Evacuee;478;in triage state;R;is at the evacuation site
154.812,3,evacueeManager,,OFF SHIP: White;0;Green;446;Yellow;38;Red;7;Black;9;ON SHIP: White;0;Green;0;Yellow;0;Red;0;Evacuees to Transfer;
154.812,1048,evacuee,outES,Evacuee 64 in triage category G is not assigned a helicopter
154.812,1048,evacuee,,Evacuee;64;in triage state;Y;is at the evacuation site
156.727,3,evacueeManager,,OFF SHIP: White;0;Green;445;Yellow;39;Red;7;Black;9;ON SHIP: White;0;Green;0;Yellow;0;Red;0;Evacuees to Transfer;
156.727,1272,evacuee,outES,Evacuee 163 in triage category G is not assigned a helicopter
156.727,1272,evacuee,,Evacuee;163;in triage state;Y;is at the evacuation site
164.453,3,evacueeManager,,OFF SHIP: White;0;Green;445;Yellow;38;Red;8;Black;9;ON SHIP: White;0;Green;0;Yellow;0;Red;0;Evacuees to Transfer;
164.453,193,evacuee,outES,Evacuee 480 in triage category Y is not assigned a helicopter
164.453,193,evacuee,,Evacuee;480;in triage state;R;is at the evacuation site
164.616,3,evacueeManager,,OFF SHIP: White;0;Green;445;Yellow;37;Red;9;Black;9;ON SHIP: White;0;Green;0;Yellow;0;Red;0;Evacuees to Transfer;
164.616,248,evacuee,outES,Evacuee 360 in triage category Y is not assigned a helicopter
164.616,248,evacuee,,Evacuee;360;in triage state;R;is at the evacuation site
173.707,3,evacueeManager,,OFF SHIP: White;0;Green;445;Yellow;37;Red;8;Black;10;ON SHIP: White;0;Green;0;Yellow;0;Red;0;Evacuees to Transfer;
173.707,1123,evacuee,outES,Evacuee 490 in triage category R is not assigned a helicopter
173.707,1123,evacuee,,Evacuee;490;in triage state;B;is at the evacuation site
175.451,3,evacueeManager,,OFF SHIP: White;0;Green;445;Yellow;37;Red;7;Black;11;ON SHIP: White;0;Green;0;Yellow;0;Red;0;Evacuees to Transfer;
175.451,15,evacuee,outES,Evacuee 500 in triage category R is not assigned a helicopter
175.451,15,evacuee,,Evacuee;500;in triage state;B;is at the evacuation site
178.238,3,evacueeManager,,OFF SHIP: White;0;Green;445;Yellow;36;Red;8;Black;11;ON SHIP: White;0;Green;0;Yellow;0;Red;0;Evacuees to Transfer;
178.238,99,evacuee,outES,Evacuee 439 in triage category Y is not assigned a helicopter
178.238,99,evacuee,,Evacuee;439;in triage state;R;is at the evacuation site
179.467,3,evacueeManager,,OFF SHIP: White;0;Green;445;Yellow;36;Red;7;Black;12;ON SHIP: White;0;Green;0;Yellow;0;Red;0;Evacuees to Transfer;
179.467,99,evacuee,outES,Evacuee 439 in triage category R is not assigned a helicopter
179.467,99,evacuee,,Evacuee;439;in triage state;B;is at the evacuation site
180.055,3,evacueeManager,,OFF SHIP: White;0;Green;445;Yellow;35;Red;8;Black;12;ON SHIP: White;0;Green;0;Yellow;0;Red;0;Evacuees to Transfer;
180.055,904,evacuee,outES,Evacuee 92 in triage category Y is not assigned a helicopter
180.055,904,evacuee,,Evacuee;92;in triage state;R;is at the evacuation site
190.465,3,evacueeManager,,OFF SHIP: White;0;Green;445;Yellow;35;Red;7;Black;13;ON SHIP: White;0;Green;0;Yellow;0;Red;0;Evacuees to Transfer;
190.465,904,evacuee,outES,Evacuee 92 in triage category R is not assigned a helicopter
190.465,904,evacuee,,Evacuee;92;in triage state;B;is at the evacuation site
190.891,3,evacueeManager,,OFF SHIP: White;0;Green;445;Yellow;34;Red;8;Black;13;ON SHIP: White;0;Green;0;Yellow;0;Red;0;Evacuees to Transfer;
190.891,760,evacuee,outES,Evacuee 2 in triage category Y is not assigned a helicopter
190.891,760,evacuee,,Evacuee;2;in triage state;R;is at the evacuation site
191.945,3,evacueeManager,,OFF SHIP: White;0;Green;444;Yellow;35;Red;8;Black;13;ON SHIP: White;0;Green;0;Yellow;0;Red;0;Evacuees to Transfer;
191.945,102,evacuee,outES,Evacuee 437 in triage category G is not assigned a helicopter
191.945,102,evacuee,,Evacuee;437;in triage state;Y;is at the evacuation site
205.532,3,evacueeManager,,OFF SHIP: White;0;Green;444;Yellow;35;Red;7;Black;14;ON SHIP: White;0;Green;0;Yellow;0;Red;0;Evacuees to Transfer;
205.532,393,evacuee,outES,Evacuee 287 in triage category R is not assigned a helicopter
205.532,393,evacuee,,Evacuee;287;in triage state;B;is at the evacuation site
207.265,3,evacueeManager,,OFF SHIP: White;0;Green;443;Yellow;36;Red;7;Black;14;ON SHIP: White;0;Green;0;Yellow;0;Red;0;Evacuees to Transfer;
207.265,471,evacuee,outES,Evacuee 88 in triage category G is not assigned a helicopter
207.265,471,evacuee,,Evacuee;88;in triage state;Y;is at the evacuation site
211.546,3,evacueeManager,,OFF SHIP: White;0;Green;443;Yellow;36;Red;6;Black;15;ON SHIP: White;0;Green;0;Yellow;0;Red;0;Evacuees to Transfer;
211.546,36,evacuee,outES,Evacuee 482 in triage category R is not assigned a helicopter
211.546,36,evacuee,,Evacuee;482;in triage state;B;is at the evacuation site
215.726,3,evacueeManager,,OFF SHIP: White;0;Green;442;Yellow;37;Red;6;Black;15;ON SHIP: White;0;Green;0;Yellow;0;Red;0;Evacuees to Transfer;
215.726,1416,evacuee,outES,Evacuee 206 in triage category G is not assigned a helicopter
215.726,1416,evacuee,,Evacuee;206;in triage state;Y;is at the evacuation site
217.286,3,evacueeManager,,OFF SHIP: White;0;Green;442;Yellow;36;Red;7;Black;15;ON SHIP: White;0;Green;0;Yellow;0;Red;0;Evacuees to Transfer;
217.286,324,evacuee,outES,Evacuee 319 in triage category Y is not assigned a helicopter
217.286,324,evacuee,,Evacuee;319;in triage state;R;is at the evacuation site
222.488,3,evacueeManager,,OFF SHIP: White;0;Green;441;Yellow;37;Red;7;Black;15;ON SHIP: White;0;Green;0;Yellow;0;Red;0;Evacuees to Transfer;
222.488,543,evacuee,outES,Evacuee 358 in triage category G is not assigned a helicopter
222.488,543,evacuee,,Evacuee;358;in triage state;Y;is at the evacuation site
223.677,3,evacueeManager,,OFF SHIP: White;0;Green;440;Yellow;38;Red;7;Black;15;ON SHIP: White;0;Green;0;Yellow;0;Red;0;Evacuees to Transfer;
223.677,1488,evacuee,outES,Evacuee 238 in triage category G is not assigned a helicopter
223.677,1488,evacuee,,Evacuee;238;in triage state;Y;is at the evacuation site
228.017,3,evacueeManager,,OFF SHIP: White;0;Green;439;Yellow;39;Red;7;Black;15;ON SHIP: White;0;Green;0;Yellow;0;Red;0;Evacuees to Transfer;
228.017,619,evacuee,outES,Evacuee 93 in triage category G is not assigned a helicopter
228.017,619,evacuee,,Evacuee;93;in triage state;Y;is at the evacuation site
231.772,3,evacueeManager,,OFF SHIP: White;0;Green;439;Yellow;39;Red;6;Black;16;ON SHIP: White;0;Green;0;Yellow;0;Red;0;Evacuees to Transfer;
231.772,1341,evacuee,outES,Evacuee 185 in triage category R is not assigned a helicopter
231.772,1341,evacuee,,Evacuee;185;in triage state;B;is at the evacuation site
232.326,3,evacueeManager,,OFF SHIP: White;0;Green;439;Yellow;39;Red;5;Black;17;ON SHIP: White;0;Green;0;Yellow;0;Red;0;Evacuees to Transfer;
232.326,42,evacuee,outES,Evacuee 479 in triage category R is not assigned a helicopter
232.326,42,evacuee,,Evacuee;479;in triage state;B;is at the evacuation site
235.268,3,evacueeManager,,OFF SHIP: White;0;Green;439;Yellow;38;Red;6;Black;17;ON SHIP: White;0;Green;0;Yellow;0;Red;0;Evacuees to Transfer;
235.268,172,evacuee,outES,Evacuee 395 in triage category Y is not assigned a helicopter
235.268,172,evacuee,,Evacuee;395;in triage state;R;is at the evacuation site
239.543,3,evacueeManager,,OFF SHIP: White;0;Green;439;Yellow;38;Red;5;Black;18;ON SHIP: White;0;Green;0;Yellow;0;Red;0;Evacuees to Transfer;
239.543,324,evacuee,outES,Evacuee 319 in triage category R is not assigned a helicopter
239.543,324,evacuee,,Evacuee;319;in triage state;B;is at the evacuation site
241.078,3,evacueeManager,,OFF SHIP: White;0;Green;438;Yellow;39;Red;5;Black;18;ON SHIP: White;0;Green;0;Yellow;0;Red;0;Evacuees to Transfer;
241.078,979,evacuee,outES,Evacuee 320 in triage category G is not assigned a helicopter
241.078,979,evacuee,,Evacuee;320;in triage state;Y;is at the evacuation site
247.122,3,evacueeManager,,OFF SHIP: White;0;Green;437;Yellow;40;Red;5;Black;18;ON SHIP: White;0;Green;0;Yellow;0;Red;0;Evacuees to Transfer;
247.122,835,evacuee,outES,Evacuee 332 in triage category G is not assigned a helicopter
247.122,835,evacuee,,Evacuee;332;in triage state;Y;is at the evacuation site
248.26,3,evacueeManager,,OFF SHIP: White;0;Green;436;Yellow;41;Red;5;Black;18;ON SHIP: White;0;Green;0;Yellow;0;Red;0;Evacuees to Transfer;
248.26,691,evacuee,outES,Evacuee 454 in triage category G is not assigned a helicopter
248.26,691,evacuee,,Evacuee;454;in triage state;Y;is at the evacuation site
248.559,3,evacueeManager,,OFF SHIP: White;0;Green;435;Yellow;42;Red;5;Black;18;ON SHIP: White;0;Green;0;Yellow;0;Red;0;Evacuees to Transfer;
248.559,178,evacuee,outES,Evacuee 392 in triage category G is not assigned a helicopter
248.559,178,evacuee,,Evacuee;392;in triage state;Y;is at the evacuation site
251.378,3,evacueeManager,,OFF SHIP: White;0;Green;434;Yellow;43;Red;5;Black;18;ON SHIP: White;0;Green;0;Yellow;0;Red;0;Evacuees to Transfer;
251.378,763,evacuee,outES,Evacuee 33 in triage category G is not assigned a helicopter
251.378,763,evacuee,,Evacuee;33;in triage state;Y;is at the evacuation site
251.677,3,evacueeManager,,OFF SHIP: White;0;Green;433;Yellow;44;Red;5;Black;18;ON SHIP: White;0;Green;0;Yellow;0;Red;0;Evacuees to Transfer;
251.677,251,evacuee,outES,Evacuee 357 in triage category G is not assigned a helicopter
251.677,251,evacuee,,Evacuee;357;in triage state;Y;is at the evacuation site
252.998,3,evacueeManager,,OFF SHIP: White;0;Green;432;Yellow;45;Red;5;Black;18;ON SHIP: White;0;Green;0;Yellow;0;Red;0;Evacuees to Transfer;
252.998,399,evacuee,outES,Evacuee 376 in triage category G is not assigned a helicopter
252.998,399,evacuee,,Evacuee;376;in triage state;Y;is at the evacuation site
254.799,3,evacueeManager,,OFF SHIP: White;0;Green;431;Yellow;46;Red;5;Black;18;ON SHIP: White;0;Green;0;Yellow;0;Red;0;Evacuees to Transfer;
254.799,327,evacuee,outES,Evacuee 318 in triage category G is not assigned a helicopter
254.799,327,evacuee,,Evacuee;318;in triage state;Y;is at the evacuation site
257.623,3,evacueeManager,,OFF SHIP: White;0;Green;430;Yellow;47;Red;5;Black;18;ON SHIP: White;0;Green;0;Yellow;0;Red;0;Evacuees to Transfer;
257.623,907,evacuee,outES,Evacuee 44 in triage category G is not assigned a helicopter
257.623,907,evacuee,,Evacuee;44;in triage state;Y;is at the evacuation site
259.24,3,evacueeManager,,OFF SHIP: White;0;Green;430;Yellow;47;Red;4;Black;19;ON SHIP: White;0;Green;0;Yellow;0;Red;0;Evacuees to Transfer;
259.24,45,evacuee,outES,Evacuee 478 in triage category R is not assigned a helicopter
259.24,45,evacuee,,Evacuee;478;in triage state;B;is at the evacuation site
268.497,3,evacueeManager,,OFF SHIP: White;0;Green;430;Yellow;46;Red;5;Black;19;ON SHIP: White;0;Green;0;Yellow;0;Red;0;Evacuees to Transfer;
268.497,1272,evacuee,outES,Evacuee 163 in triage category Y is not assigned a helicopter
268.497,1272,evacuee,,Evacuee;163;in triage state;R;is at the evacuation site
270.156,3,evacueeManager,,OFF SHIP: White;0;Green;429;Yellow;47;Red;5;Black;19;ON SHIP: White;0;Green;0;Yellow;0;Red;0;Evacuees to Transfer;
270.156,1203,evacuee,outES,Evacuee 131 in triage category G is not assigned a helicopter
270.156,1203,evacuee,,Evacuee;131;in triage state;Y;is at the evacuation site
279.1,3,evacueeManager,,OFF SHIP: White;0;Green;429;Yellow;46;Red;6;Black;19;ON SHIP: White;0;Green;0;Yellow;0;Red;0;Evacuees to Transfer;
279.1,757,evacuee,outES,Evacuee 218 in triage category Y is not assigned a helicopter
279.1,757,evacuee,,Evacuee;218;in triage state;R;is at the evacuation site
279.109,3,evacueeManager,,OFF SHIP: White;0;Green;429;Yellow;46;Red;5;Black;20;ON SHIP: White;0;Green;0;Yellow;0;Red;0;Evacuees to Transfer;
279.109,760,evacuee,outES,Evacuee 2 in triage category R is not assigned a helicopter
279.109,760,evacuee,,Evacuee;2;in triage state;B;is at the evacuation site
279.915,3,evacueeManager,,OFF SHIP: White;0;Green;429;Yellow;46;Red;4;Black;21;ON SHIP: White;0;Green;0;Yellow;0;Red;0;Evacuees to Transfer;
279.915,248,evacuee,outES,Evacuee 360 in triage category R is not assigned a helicopter
279.915,248,evacuee,,Evacuee;360;in triage state;B;is at the evacuation site
281.227,3,evacueeManager,,OFF SHIP: White;0;Green;428;Yellow;47;Red;4;Black;21;ON SHIP: White;0;Green;0;Yellow;0;Red;0;Evacuees to Transfer;
281.227,1051,evacuee,outES,Evacuee 429 in triage category G is not assigned a helicopter
281.227,1051,evacuee,,Evacuee;429;in triage state;Y;is at the evacuation site
283.228,3,evacueeManager,,OFF SHIP: White;0;Green;427;Yellow;48;Red;4;Black;21;ON SHIP: White;0;Green;0;Yellow;0;Red;0;Evacuees to Transfer;
283.228,1275,evacuee,outES,Evacuee 166 in triage category G is not assigned a helicopter
283.228,1275,evacuee,,Evacuee;166;in triage state;Y;is at the evacuation site
288.875,3,evacueeManager,,OFF SHIP: White;0;Green;426;Yellow;49;Red;4;Black;21;ON SHIP: White;0;Green;0;Yellow;0;Red;0;Evacuees to Transfer;
288.875,1347,evacuee,outES,Evacuee 417 in triage category G is not assigned a helicopter
288.875,1347,evacuee,,Evacuee;417;in triage state;Y;is at the evacuation site
288.938,3,evacueeManager,,OFF SHIP: White;0;Green;426;Yellow;48;Red;5;Black;21;ON SHIP: White;0;Green;0;Yellow;0;Red;0;Evacuees to Transfer;
288.938,691,evacuee,outES,Evacuee 454 in triage category Y is not assigned a helicopter
288.938,691,evacuee,,Evacuee;454;in triage state;R;is at the evacuation site
293.275,3,evacueeManager,,OFF SHIP: White;0;Green;426;Yellow;48;Red;4;Black;22;ON SHIP: White;0;Green;0;Yellow;0;Red;0;Evacuees to Transfer;
293.275,193,evacuee,outES,Evacuee 480 in triage category R is not assigned a helicopter
293.275,193,evacuee,,Evacuee;480;in triage state;B;is at the evacuation site
315.672,3,evacueeManager,,OFF SHIP: White;0;Green;426;Yellow;48;Red;3;Black;23;ON SHIP: White;0;Green;0;Yellow;0;Red;0;Evacuees to Transfer;
315.672,691,evacuee,outES,Evacuee 454 in triage category R is not assigned a helicopter
315.672,691,evacuee,,Evacuee;454;in triage state;B;is at the evacuation site
317.52,3,evacueeManager,,OFF SHIP: White;0;Green;425;Yellow;49;Red;3;Black;23;ON SHIP: White;0;Green;0;Yellow;0;Red;0;Evacuees to Transfer;
317.52,105,evacuee,outES,Evacuee 436 in triage category G is not assigned a helicopter
317.52,105,evacuee,,Evacuee;436;in triage state;Y;is at the evacuation site
319.553,3,evacueeManager,,OFF SHIP: White;0;Green;425;Yellow;48;Red;4;Black;23;ON SHIP: White;0;Green;0;Yellow;0;Red;0;Evacuees to Transfer;
319.553,245,evacuee,outES,Evacuee 425 in triage category Y is not assigned a helicopter
319.553,245,evacuee,,Evacuee;425;in triage state;R;is at the evacuation site
332.071,3,evacueeManager,,OFF SHIP: White;0;Green;425;Yellow;47;Red;5;Black;23;ON SHIP: White;0;Green;0;Yellow;0;Red;0;Evacuees to Transfer;
332.071,616,evacuee,outES,Evacuee 342 in triage category Y is not assigned a helicopter
332.071,616,evacuee,,Evacuee;342;in triage state;R;is at the evacuation site
333.048,3,evacueeManager,,OFF SHIP: White;0;Green;425;Yellow;47;Red;4;Black;24;ON SHIP: White;0;Green;0;Yellow;0;Red;0;Evacuees to Transfer;
333.048,616,evacuee,outES,Evacuee 342 in triage category R is not assigned a helicopter
333.048,616,evacuee,,Evacuee;342;in triage state;B;is at the evacuation site
338.59,3,evacueeManager,,OFF SHIP: White;0;Green;424;Yellow;48;Red;4;Black;24;ON SHIP: White;0;Green;0;Yellow;0;Red;0;Evacuees to Transfer;
338.59,474,evacuee,outES,Evacuee 449 in triage category G is not assigned a helicopter
338.59,474,evacuee,,Evacuee;449;in triage state;Y;is at the evacuation site
349.431,3,evacueeManager,,OFF SHIP: White;0;Green;423;Yellow;49;Red;4;Black;24;ON SHIP: White;0;Green;0;Yellow;0;Red;0;Evacuees to Transfer;
349.431,546,evacuee,outES,Evacuee 188 in triage category G is not assigned a helicopter
349.431,546,evacuee,,Evacuee;188;in triage state;Y;is at the evacuation site
350.102,3,evacueeManager,,OFF SHIP: White;0;Green;423;Yellow;49;Red;3;Black;25;ON SHIP: White;0;Green;0;Yellow;0;Red;0;Evacuees to Transfer;
350.102,1272,evacuee,outES,Evacuee 163 in triage category R is not assigned a helicopter
350.102,1272,evacuee,,Evacuee;163;in triage state;B;is at the evacuation site
350.673,3,evacueeManager,,OFF SHIP: White;0;Green;422;Yellow;50;Red;3;Black;25;ON SHIP: White;0;Green;0;Yellow;0;Red;0;Evacuees to Transfer;
350.673,1491,evacuee,outES,Evacuee 113 in triage category G is not assigned a helicopter
350.673,1491,evacuee,,Evacuee;113;in triage state;Y;is at the evacuation site
354.105,3,evacueeManager,,OFF SHIP: White;0;Green;422;Yellow;49;Red;4;Black;25;ON SHIP: White;0;Green;0;Yellow;0;Red;0;Evacuees to Transfer;
354.105,543,evacuee,outES,Evacuee 358 in triage category Y is not assigned a helicopter
354.105,543,evacuee,,Evacuee;358;in triage state;R;is at the evacuation site
355.264,3,evacueeManager,,OFF SHIP: White;0;Green;422;Yellow;48;Red;5;Black;25;ON SHIP: White;0;Green;0;Yellow;0;Red;0;Evacuees to Transfer;
355.264,251,evacuee,outES,Evacuee 357 in triage category Y is not assigned a helicopter
355.264,251,evacuee,,Evacuee;357;in triage state;R;is at the evacuation site
360.313,3,evacueeManager,,OFF SHIP: White;0;Green;421;Yellow;49;Red;5;Black;25;ON SHIP: White;0;Green;0;Yellow;0;Red;0;Evacuees to Transfer;
360.313,622,evacuee,outES,Evacuee 136 in triage category G is not assigned a helicopter
360.313,622,evacuee,,Evacuee;136;in triage state;Y;is at the evacuation site
362.115,3,evacueeManager,,OFF SHIP: White;0;Green;421;Yellow;49;Red;4;Black;26;ON SHIP: White;0;Green;0;Yellow;0;Red;0;Evacuees to Transfer;
362.115,172,evacuee,outES,Evacuee 395 in triage category R is not assigned a helicopter
362.115,172,evacuee,,Evacuee;395;in triage state;B;is at the evacuation site
362.745,3,evacueeManager,,OFF SHIP: White;0;Green;420;Yellow;50;Red;4;Black;26;ON SHIP: White;0;Green;0;Yellow;0;Red;0;Evacuees to Transfer;
362.745,1419,evacuee,outES,Evacuee 69 in triage category G is not assigned a helicopter
362.745,1419,evacuee,,Evacuee;69;in triage state;Y;is at the evacuation site
376.558,3,evacueeManager,,OFF SHIP: White;0;Green;419;Yellow;51;Red;4;Black;26;ON SHIP: White;0;Green;0;Yellow;0;Red;0;Evacuees to Transfer;
376.558,982,evacuee,outES,Evacuee 116 in triage category G is not assigned a helicopter
376.558,982,evacuee,,Evacuee;116;in triage state;Y;is at the evacuation site
377.499,3,evacueeManager,,OFF SHIP: White;0;Green;419;Yellow;51;Red;3;Black;27;ON SHIP: White;0;Green;0;Yellow;0;Red;0;Evacuees to Transfer;
377.499,543,evacuee,outES,Evacuee 358 in triage category R is not assigned a helicopter
377.499,543,evacuee,,Evacuee;358;in triage state;B;is at the evacuation site
378.94,3,evacueeManager,,OFF SHIP: White;0;Green;418;Yellow;52;Red;3;Black;27;ON SHIP: White;0;Green;0;Yellow;0;Red;0;Evacuees to Transfer;
378.94,694,evacuee,outES,Evacuee 440 in triage category G is not assigned a helicopter
378.94,694,evacuee,,Evacuee;440;in triage state;Y;is at the evacuation site
382.202,3,evacueeManager,,OFF SHIP: White;0;Green;417;Yellow;53;Red;3;Black;27;ON SHIP: White;0;Green;0;Yellow;0;Red;0;Evacuees to Transfer;
382.202,766,evacuee,outES,Evacuee 271 in triage category G is not assigned a helicopter
382.202,766,evacuee,,Evacuee;271;in triage state;Y;is at the evacuation site
382.516,3,evacueeManager,,OFF SHIP: White;0;Green;416;Yellow;54;Red;3;Black;27;ON SHIP: White;0;Green;0;Yellow;0;Red;0;Evacuees to Transfer;
382.516,254,evacuee,outES,Evacuee 354 in triage category G is not assigned a helicopter
382.516,254,evacuee,,Evacuee;354;in triage state;Y;is at the evacuation site
382.725,3,evacueeManager,,OFF SHIP: White;0;Green;416;Yellow;53;Red;4;Black;27;ON SHIP: White;0;Green;0;Yellow;0;Red;0;Evacuees to Transfer;
382.725,688,evacuee,outES,Evacuee 165 in triage category Y is not assigned a helicopter
382.725,688,evacuee,,Evacuee;165;in triage state;R;is at the evacuation site
382.893,3,evacueeManager,,OFF SHIP: White;0;Green;415;Yellow;54;Red;4;Black;27;ON SHIP: White;0;Green;0;Yellow;0;Red;0;Evacuees to Transfer;
382.893,838,evacuee,outES,Evacuee 81 in triage category G is not assigned a helicopter
382.893,838,evacuee,,Evacuee;81;in triage state;Y;is at the evacuation site
383.082,3,evacueeManager,,OFF SHIP: White;0;Green;414;Yellow;55;Red;4;Black;27;ON SHIP: White;0;Green;0;Yellow;0;Red;0;Evacuees to Transfer;
383.082,1126,evacuee,outES,Evacuee 266 in triage category G is not assigned a helicopter
383.082,1126,evacuee,,Evacuee;266;in triage state;Y;is at the evacuation site
384.4,3,evacueeManager,,OFF SHIP: White;0;Green;413;Yellow;56;Red;4;Black;27;ON SHIP: White;0;Green;0;Yellow;0;Red;0;Evacuees to Transfer;
384.4,181,evacuee,outES,Evacuee 389 in triage category G is not assigned a helicopter
384.4,181,evacuee,,Evacuee;389;in triage state;Y;is at the evacuation site
386.474,3,evacueeManager,,OFF SHIP: White;0;Green;412;Yellow;57;Red;4;Black;27;ON SHIP: White;0;Green;0;Yellow;0;Red;0;Evacuees to Transfer;
386.474,402,evacuee,outES,Evacuee 284 in triage category G is not assigned a helicopter
386.474,402,evacuee,,Evacuee;284;in triage state;Y;is at the evacuation site
388.361,3,evacueeManager,,OFF SHIP: White;0;Green;411;Yellow;58;Red;4;Black;27;ON SHIP: White;0;Green;0;Yellow;0;Red;0;Evacuees to Transfer;
388.361,330,evacuee,outES,Evacuee 317 in triage category G is not assigned a helicopter
388.361,330,evacuee,,Evacuee;317;in triage state;Y;is at the evacuation site
388.739,3,evacueeManager,,OFF SHIP: White;0;Green;410;Yellow;59;Red;4;Black;27;ON SHIP: White;0;Green;0;Yellow;0;Red;0;Evacuees to Transfer;
388.739,910,evacuee,outES,Evacuee 150 in triage category G is not assigned a helicopter
388.739,910,evacuee,,Evacuee;150;in triage state;Y;is at the evacuation site
394.611,3,evacueeManager,,OFF SHIP: White;0;Green;410;Yellow;58;Red;5;Black;27;ON SHIP: White;0;Green;0;Yellow;0;Red;0;Evacuees to Transfer;
394.611,540,evacuee,outES,Evacuee 373 in triage category Y is not assigned a helicopter
394.611,540,evacuee,,Evacuee;373;in triage state;R;is at the evacuation site
398.89,3,evacueeManager,,OFF SHIP: White;0;Green;410;Yellow;57;Red;6;Black;27;ON SHIP: White;0;Green;0;Yellow;0;Red;0;Evacuees to Transfer;
398.89,1419,evacuee,outES,Evacuee 69 in triage category Y is not assigned a helicopter
398.89,1419,evacuee,,Evacuee;69;in triage state;R;is at the evacuation site
399.124,3,evacueeManager,,OFF SHIP: White;0;Green;410;Yellow;57;Red;5;Black;28;ON SHIP: White;0;Green;0;Yellow;0;Red;0;Evacuees to Transfer;
399.124,540,evacuee,outES,Evacuee 373 in triage category R is not assigned a helicopter
399.124,540,evacuee,,Evacuee;373;in triage state;B;is at the evacuation site
400.042,3,evacueeManager,,OFF SHIP: White;0;Green;410;Yellow;57;Red;4;Black;29;ON SHIP: White;0;Green;0;Yellow;0;Red;0;Evacuees to Transfer;
400.042,757,evacuee,outES,Evacuee 218 in triage category R is not assigned a helicopter
400.042,757,evacuee,,Evacuee;218;in triage state;B;is at the evacuation site
402.267,3,evacueeManager,,OFF SHIP: White;0;Green;410;Yellow;57;Red;3;Black;30;ON SHIP: White;0;Green;0;Yellow;0;Red;0;Evacuees to Transfer;
402.267,245,evacuee,outES,Evacuee 425 in triage category R is not assigned a helicopter
402.267,245,evacuee,,Evacuee;425;in triage state;B;is at the evacuation site
407.044,3,evacueeManager,,OFF SHIP: White;0;Green;409;Yellow;58;Red;3;Black;30;ON SHIP: White;0;Green;0;Yellow;0;Red;0;Evacuees to Transfer;
407.044,1206,evacuee,outES,Evacuee 137 in triage category G is not assigned a helicopter
407.044,1206,evacuee,,Evacuee;137;in triage state;Y;is at the evacuation site
407.43,3,evacueeManager,,OFF SHIP: White;0;Green;409;Yellow;57;Red;4;Black;30;ON SHIP: White;0;Green;0;Yellow;0;Red;0;Evacuees to Transfer;
407.43,178,evacuee,outES,Evacuee 392 in triage category Y is not assigned a helicopter
407.43,178,evacuee,,Evacuee;392;in triage state;R;is at the evacuation site
408.247,3,evacueeManager,,OFF SHIP: White;0;Green;408;Yellow;58;Red;4;Black;30;ON SHIP: White;0;Green;0;Yellow;0;Red;0;Evacuees to Transfer;
408.247,1054,evacuee,outES,Evacuee 102 in triage category G is not assigned a helicopter
408.247,1054,evacuee,,Evacuee;102;in triage state;Y;is at the evacuation site
411.089,3,evacueeManager,,OFF SHIP: White;0;Green;408;Yellow;57;Red;5;Black;30;ON SHIP: White;0;Green;0;Yellow;0;Red;0;Evacuees to Transfer;
411.089,1485,evacuee,outES,Evacuee 237 in triage category Y is not assigned a helicopter
411.089,1485,evacuee,,Evacuee;237;in triage state;R;is at the evacuation site
411.509,3,evacueeManager,,OFF SHIP: White;0;Green;408;Yellow;56;Red;6;Black;30;ON SHIP: White;0;Green;0;Yellow;0;Red;0;Evacuees to Transfer;
411.509,1275,evacuee,outES,Evacuee 166 in triage category Y is not assigned a helicopter
411.509,1275,evacuee,,Evacuee;166;in triage state;R;is at the evacuation site
411.843,3,evacueeManager,,OFF SHIP: White;0;Green;408;Yellow;55;Red;7;Black;30;ON SHIP: White;0;Green;0;Yellow;0;Red;0;Evacuees to Transfer;
411.843,1200,evacuee,outES,Evacuee 308 in triage category Y is not assigned a helicopter
411.843,1200,evacuee,,Evacuee;308;in triage state;R;is at the evacuation site
415.541,3,evacueeManager,,OFF SHIP: White;0;Green;407;Yellow;56;Red;7;Black;30;ON SHIP: White;0;Green;0;Yellow;0;Red;0;Evacuees to Transfer;
415.541,1278,evacuee,outES,Evacuee 16 in triage category G is not assigned a helicopter
415.541,1278,evacuee,,Evacuee;16;in triage state;Y;is at the evacuation site
418.42,3,evacueeManager,,OFF SHIP: White;0;Green;407;Yellow;56;Red;6;Black;31;ON SHIP: White;0;Green;0;Yellow;0;Red;0;Evacuees to Transfer;
418.42,1419,evacuee,outES,Evacuee 69 in triage category R is not assigned a helicopter
418.42,1419,evacuee,,Evacuee;69;in triage state;B;is at the evacuation site
423.098,3,evacueeManager,,OFF SHIP: White;0;Green;407;Yellow;55;Red;7;Black;31;ON SHIP: White;0;Green;0;Yellow;0;Red;0;Evacuees to Transfer;
423.098,254,evacuee,outES,Evacuee 354 in triage category Y is not assigned a helicopter
423.098,254,evacuee,,Evacuee;354;in triage state;R;is at the evacuation site
429.292,3,evacueeManager,,OFF SHIP: White;0;Green;406;Yellow;56;Red;7;Black;31;ON SHIP: White;0;Green;0;Yellow;0;Red;0;Evacuees to Transfer;
429.292,1350,evacuee,outES,Evacuee 217 in triage category G is not assigned a helicopter
429.292,1350,evacuee,,Evacuee;217;in triage state;Y;is at the evacuation site
430.133,3,evacueeManager,,OFF SHIP: White;0;Green;406;Yellow;55;Red;8;Black;31;ON SHIP: White;0;Green;0;Yellow;0;Red;0;Evacuees to Transfer;
430.133,907,evacuee,outES,Evacuee 44 in triage category Y is not assigned a helicopter
430.133,907,evacuee,,Evacuee;44;in triage state;R;is at the evacuation site
430.786,3,evacueeManager,,OFF SHIP: White;0;Green;406;Yellow;54;Red;9;Black;31;ON SHIP: White;0;Green;0;Yellow;0;Red;0;Evacuees to Transfer;
430.786,399,evacuee,outES,Evacuee 376 in triage category Y is not assigned a helicopter
430.786,399,evacuee,,Evacuee;376;in triage state;R;is at the evacuation site
437.449,3,evacueeManager,,OFF SHIP: White;0;Green;406;Yellow;53;Red;10;Black;31;ON SHIP: White;0;Green;0;Yellow;0;Red;0;Evacuees to Transfer;
437.449,1347,evacuee,outES,Evacuee 417 in triage category Y is not assigned a helicopter
437.449,1347,evacuee,,Evacuee;417;in triage state;R;is at the evacuation site
442.06,3,evacueeManager,,OFF SHIP: White;0;Green;406;Yellow;52;Red;11;Black;31;ON SHIP: White;0;Green;0;Yellow;0;Red;0;Evacuees to Transfer;
442.06,832,evacuee,outES,Evacuee 71 in triage category Y is not assigned a helicopter
442.06,832,evacuee,,Evacuee;71;in triage state;R;is at the evacuation site
451.204,3,evacueeManager,,OFF SHIP: White;0;Green;406;Yellow;52;Red;10;Black;32;ON SHIP: White;0;Green;0;Yellow;0;Red;0;Evacuees to Transfer;
451.204,1200,evacuee,outES,Evacuee 308 in triage category R is not assigned a helicopter
451.204,1200,evacuee,,Evacuee;308;in triage state;B;is at the evacuation site
454.824,3,evacueeManager,,OFF SHIP: White;0;Green;406;Yellow;51;Red;11;Black;32;ON SHIP: White;0;Green;0;Yellow;0;Red;0;Evacuees to Transfer;
454.824,1344,evacuee,outES,Evacuee 186 in triage category Y is not assigned a helicopter
454.824,1344,evacuee,,Evacuee;186;in triage state;R;is at the evacuation site
458.789,3,evacueeManager,,OFF SHIP: White;0;Green;406;Yellow;50;Red;12;Black;32;ON SHIP: White;0;Green;0;Yellow;0;Red;0;Evacuees to Transfer;
458.789,1203,evacuee,outES,Evacuee 131 in triage category Y is not assigned a helicopter
458.789,1203,evacuee,,Evacuee;131;in triage state;R;is at the evacuation site
470.012,3,evacueeManager,,OFF SHIP: White;0;Green;406;Yellow;49;Red;13;Black;32;ON SHIP: White;0;Green;0;Yellow;0;Red;0;Evacuees to Transfer;
470.012,802,evacuee,outES,Evacuee 493 in triage category Y is not assigned a helicopter
470.012,802,evacuee,,Evacuee;493;in triage state;R;is at the evacuation site
473.284,3,evacueeManager,,OFF SHIP: White;0;Green;406;Yellow;48;Red;14;Black;32;ON SHIP: White;0;Green;0;Yellow;0;Red;0;Evacuees to Transfer;
473.284,1054,evacuee,outES,Evacuee 102 in triage category Y is not assigned a helicopter
473.284,1054,evacuee,,Evacuee;102;in triage state;R;is at the evacuation site
473.57,3,evacueeManager,,OFF SHIP: White;0;Green;406;Yellow;48;Red;13;Black;33;ON SHIP: White;0;Green;0;Yellow;0;Red;0;Evacuees to Transfer;
473.57,688,evacuee,outES,Evacuee 165 in triage category R is not assigned a helicopter
473.57,688,evacuee,,Evacuee;165;in triage state;B;is at the evacuation site
475.92,3,evacueeManager,,OFF SHIP: White;0;Green;406;Yellow;47;Red;14;Black;33;ON SHIP: White;0;Green;0;Yellow;0;Red;0;Evacuees to Transfer;
475.92,619,evacuee,outES,Evacuee 93 in triage category Y is not assigned a helicopter
475.92,619,evacuee,,Evacuee;93;in triage state;R;is at the evacuation site
476.191,3,evacueeManager,,OFF SHIP: White;0;Green;405;Yellow;48;Red;14;Black;33;ON SHIP: White;0;Green;0;Yellow;0;Red;0;Evacuees to Transfer;
476.191,477,evacuee,outES,Evacuee 122 in triage category G is not assigned a helicopter
476.191,477,evacuee,,Evacuee;122;in triage state;Y;is at the evacuation site
481.517,3,evacueeManager,,OFF SHIP: White;0;Green;405;Yellow;48;Red;13;Black;34;ON SHIP: White;0;Green;0;Yellow;0;Red;0;Evacuees to Transfer;
481.517,907,evacuee,outES,Evacuee 44 in triage category R is not assigned a helicopter
481.517,907,evacuee,,Evacuee;44;in triage state;B;is at the evacuation site
482.229,3,evacueeManager,,OFF SHIP: White;0;Green;404;Yellow;49;Red;13;Black;34;ON SHIP: White;0;Green;0;Yellow;0;Red;0;Evacuees to Transfer;
482.229,549,evacuee,outES,Evacuee 106 in triage category G is not assigned a helicopter
482.229,549,evacuee,,Evacuee;106;in triage state;Y;is at the evacuation site
484.576,3,evacueeManager,,OFF SHIP: White;0;Green;404;Yellow;48;Red;14;Black;34;ON SHIP: White;0;Green;0;Yellow;0;Red;0;Evacuees to Transfer;
484.576,105,evacuee,outES,Evacuee 436 in triage category Y is not assigned a helicopter
484.576,105,evacuee,,Evacuee;436;in triage state;R;is at the evacuation site
485.061,3,evacueeManager,,OFF SHIP: White;0;Green;404;Yellow;47;Red;15;Black;34;ON SHIP: White;0;Green;0;Yellow;0;Red;0;Evacuees to Transfer;
485.061,396,evacuee,outES,Evacuee 415 in triage category Y is not assigned a helicopter
485.061,396,evacuee,,Evacuee;415;in triage state;R;is at the evacuation site
485.497,3,evacueeManager,,OFF SHIP: White;0;Green;404;Yellow;47;Red;14;Black;35;ON SHIP: White;0;Green;0;Yellow;0;Red;0;Evacuees to Transfer;
485.497,1275,evacuee,outES,Evacuee 166 in triage category R is not assigned a helicopter
485.497,1275,evacuee,,Evacuee;166;in triage state;B;is at the evacuation site
488.867,3,evacueeManager,,OFF SHIP: White;0;Green;403;Yellow;48;Red;14;Black;35;ON SHIP: White;0;Green;0;Yellow;0;Red;0;Evacuees to Transfer;
488.867,1494,evacuee,outES,Evacuee 239 in triage category G is not assigned a helicopter
488.867,1494,evacuee,,Evacuee;239;in triage state;Y;is at the evacuation site
491.277,3,evacueeManager,,OFF SHIP: White;0;Green;402;Yellow;49;Red;14;Black;35;ON SHIP: White;0;Green;0;Yellow;0;Red;0;Evacuees to Transfer;
491.277,112,evacuee,outES,Evacuee 434 in triage category G is not assigned a helicopter
491.277,112,evacuee,,Evacuee;434;in triage state;Y;is at the evacuation site
492.559,3,evacueeManager,,OFF SHIP: White;0;Green;402;Yellow;49;Red;13;Black;36;ON SHIP: White;0;Green;0;Yellow;0;Red;0;Evacuees to Transfer;
492.559,396,evacuee,outES,Evacuee 415 in triage category R is not assigned a helicopter
492.559,396,evacuee,,Evacuee;415;in triage state;B;is at the evacuation site
495.274,3,evacueeManager,,OFF SHIP: White;0;Green;402;Yellow;49;Red;12;Black;37;ON SHIP: White;0;Green;0;Yellow;0;Red;0;Evacuees to Transfer;
495.274,1054,evacuee,outES,Evacuee 102 in triage category R is not assigned a helicopter
495.274,1054,evacuee,,Evacuee;102;in triage state;B;is at the evacuation site
495.916,3,evacueeManager,,OFF SHIP: White;0;Green;402;Yellow;48;Red;13;Black;37;ON SHIP: White;0;Green;0;Yellow;0;Red;0;Evacuees to Transfer;
495.916,1350,evacuee,outES,Evacuee 217 in triage category Y is not assigned a helicopter
495.916,1350,evacuee,,Evacuee;217;in triage state;R;is at the evacuation site
497.944,3,evacueeManager,,OFF SHIP: White;0;Green;402;Yellow;48;Red;12;Black;38;ON SHIP: White;0;Green;0;Yellow;0;Red;0;Evacuees to Transfer;
497.944,1347,evacuee,outES,Evacuee 417 in triage category R is not assigned a helicopter
497.944,1347,evacuee,,Evacuee;417;in triage state;B;is at the evacuation site
501.355,3,evacueeManager,,OFF SHIP: White;0;Green;402;Yellow;47;Red;13;Black;38;ON SHIP: White;0;Green;0;Yellow;0;Red;0;Evacuees to Transfer;
501.355,901,evacuee,outES,Evacuee 22 in triage category Y is not assigned a helicopter
501.355,901,evacuee,,Evacuee;22;in triage state;R;is at the evacuation site
504.347,3,evacueeManager,,OFF SHIP: White;0;Green;401;Yellow;48;Red;13;Black;38;ON SHIP: White;0;Green;0;Yellow;0;Red;0;Evacuees to Transfer;
504.347,625,evacuee,outES,Evacuee 412 in triage category G is not assigned a helicopter
504.347,625,evacuee,,Evacuee;412;in triage state;Y;is at the evacuation site
509.592,3,evacueeManager,,OFF SHIP: White;0;Green;400;Yellow;49;Red;13;Black;38;ON SHIP: White;0;Green;0;Yellow;0;Red;0;Evacuees to Transfer;
509.592,1422,evacuee,outES,Evacuee 207 in triage category G is not assigned a helicopter
509.592,1422,evacuee,,Evacuee;207;in triage state;Y;is at the evacuation site
510.25,3,evacueeManager,,OFF SHIP: White;0;Green;400;Yellow;49;Red;12;Black;39;ON SHIP: White;0;Green;0;Yellow;0;Red;0;Evacuees to Transfer;
510.25,254,evacuee,outES,Evacuee 354 in triage category R is not assigned a helicopter
510.25,254,evacuee,,Evacuee;354;in triage state;B;is at the evacuation site
510.642,3,evacueeManager,,OFF SHIP: White;0;Green;399;Yellow;50;Red;12;Black;39;ON SHIP: White;0;Green;0;Yellow;0;Red;0;Evacuees to Transfer;
510.642,985,evacuee,outES,Evacuee 61 in triage category G is not assigned a helicopter
510.642,985,evacuee,,Evacuee;61;in triage state;Y;is at the evacuation site
510.754,3,evacueeManager,,OFF SHIP: White;0;Green;399;Yellow;50;Red;11;Black;40;ON SHIP: White;0;Green;0;Yellow;0;Red;0;Evacuees to Transfer;
510.754,251,evacuee,outES,Evacuee 357 in triage category R is not assigned a helicopter
510.754,251,evacuee,,Evacuee;357;in triage state;B;is at the evacuation site
514.987,3,evacueeManager,,OFF SHIP: White;0;Green;399;Yellow;49;Red;12;Black;40;ON SHIP: White;0;Green;0;Yellow;0;Red;0;Evacuees to Transfer;
514.987,513,evacuee,outES,Evacuee 491 in triage category Y is not assigned a helicopter
514.987,513,evacuee,,Evacuee;491;in triage state;R;is at the evacuation site
515.562,3,evacueeManager,,OFF SHIP: White;0;Green;399;Yellow;48;Red;13;Black;40;ON SHIP: White;0;Green;0;Yellow;0;Red;0;Evacuees to Transfer;
515.562,835,evacuee,outES,Evacuee 332 in triage category Y is not assigned a helicopter
515.562,835,evacuee,,Evacuee;332;in triage state;R;is at the evacuation site
518.53,3,evacueeManager,,OFF SHIP: White;0;Green;398;Yellow;49;Red;13;Black;40;ON SHIP: White;0;Green;0;Yellow;0;Red;0;Evacuees to Transfer;
518.53,697,evacuee,outES,Evacuee 76 in triage category G is not assigned a helicopter
518.53,697,evacuee,,Evacuee;76;in triage state;Y;is at the evacuation site
520.211,3,evacueeManager,,OFF SHIP: White;0;Green;398;Yellow;49;Red;12;Black;41;ON SHIP: White;0;Green;0;Yellow;0;Red;0;Evacuees to Transfer;
520.211,1203,evacuee,outES,Evacuee 131 in triage category R is not assigned a helicopter
520.211,1203,evacuee,,Evacuee;131;in triage state;B;is at the evacuation site
521.559,3,evacueeManager,,OFF SHIP: White;0;Green;397;Yellow;50;Red;12;Black;41;ON SHIP: White;0;Green;0;Yellow;0;Red;0;Evacuees to Transfer;
521.559,184,evacuee,outES,Evacuee 384 in triage category G is not assigned a helicopter
521.559,184,evacuee,,Evacuee;384;in triage state;Y;is at the evacuation site
522.679,3,evacueeManager,,OFF SHIP: White;0;Green;396;Yellow;51;Red;12;Black;41;ON SHIP: White;0;Green;0;Yellow;0;Red;0;Evacuees to Transfer;
522.679,841,evacuee,outES,Evacuee 104 in triage category G is not assigned a helicopter
522.679,841,evacuee,,Evacuee;104;in triage state;Y;is at the evacuation site
524.657,3,evacueeManager,,OFF SHIP: White;0;Green;395;Yellow;52;Red;12;Black;41;ON SHIP: White;0;Green;0;Yellow;0;Red;0;Evacuees to Transfer;
524.657,769,evacuee,outES,Evacuee 9 in triage category G is not assigned a helicopter
524.657,769,evacuee,,Evacuee;9;in triage state;Y;is at the evacuation site
526.287,3,evacueeManager,,OFF SHIP: White;0;Green;395;Yellow;52;Red;11;Black;42;ON SHIP: White;0;Green;0;Yellow;0;Red;0;Evacuees to Transfer;
526.287,832,evacuee,outES,Evacuee 71 in triage category R is not assigned a helicopter
526.287,832,evacuee,,Evacuee;71;in triage state;B;is at the evacuation site
526.439,3,evacueeManager,,OFF SHIP: White;0;Green;394;Yellow;53;Red;11;Black;42;ON SHIP: White;0;Green;0;Yellow;0;Red;0;Evacuees to Transfer;
526.439,405,evacuee,outES,Evacuee 283 in triage category G is not assigned a helicopter
526.439,405,evacuee,,Evacuee;283;in triage state;Y;is at the evacuation site
527.526,3,evacueeManager,,OFF SHIP: White;0;Green;394;Yellow;52;Red;12;Black;42;ON SHIP: White;0;Green;0;Yellow;0;Red;0;Evacuees to Transfer;
527.526,589,evacuee,outES,Evacuee 497 in triage category Y is not assigned a helicopter
527.526,589,evacuee,,Evacuee;497;in triage state;R;is at the evacuation site
527.693,3,evacueeManager,,OFF SHIP: White;0;Green;393;Yellow;53;Red;12;Black;42;ON SHIP: White;0;Green;0;Yellow;0;Red;0;Evacuees to Transfer;
527.693,257,evacuee,outES,Evacuee 353 in triage category G is not assigned a helicopter
527.693,257,evacuee,,Evacuee;353;in triage state;Y;is at the evacuation site
528.288,3,evacueeManager,,OFF SHIP: White;0;Green;392;Yellow;54;Red;12;Black;42;ON SHIP: White;0;Green;0;Yellow;0;Red;0;Evacuees to Transfer;
528.288,1129,evacuee,outES,Evacuee 120 in triage category G is not assigned a helicopter
528.288,1129,evacuee,,Evacuee;120;in triage state;Y;is at the evacuation site
528.419,3,evacueeManager,,OFF SHIP: White;0;Green;391;Yellow;55;Red;12;Black;42;ON SHIP: White;0;Green;0;Yellow;0;Red;0;Evacuees to Transfer;
528.419,333,evacuee,outES,Evacuee 460 in triage category G is not assigned a helicopter
528.419,333,evacuee,,Evacuee;460;in triage state;Y;is at the evacuation site
528.75,3,evacueeManager,,OFF SHIP: White;0;Green;391;Yellow;55;Red;11;Black;43;ON SHIP: White;0;Green;0;Yellow;0;Red;0;Evacuees to Transfer;
528.75,901,evacuee,outES,Evacuee 22 in triage category R is not assigned a helicopter
528.75,901,evacuee,,Evacuee;22;in triage state;B;is at the evacuation site
529.902,3,evacueeManager,,OFF SHIP: White;0;Green;391;Yellow;54;Red;12;Black;43;ON SHIP: White;0;Green;0;Yellow;0;Red;0;Evacuees to Transfer;
529.902,1045,evacuee,outES,Evacuee 34 in triage category Y is not assigned a helicopter
529.902,1045,evacuee,,Evacuee;34;in triage state;R;is at the evacuation site
530.509,3,evacueeManager,,OFF SHIP: White;0;Green;391;Yellow;53;Red;13;Black;43;ON SHIP: White;0;Green;0;Yellow;0;Red;0;Evacuees to Transfer;
530.509,622,evacuee,outES,Evacuee 136 in triage category Y is not assigned a helicopter
530.509,622,evacuee,,Evacuee;136;in triage state;R;is at the evacuation site
534.238,3,evacueeManager,,OFF SHIP: White;0;Green;390;Yellow;54;Red;13;Black;43;ON SHIP: White;0;Green;0;Yellow;0;Red;0;Evacuees to Transfer;
534.238,913,evacuee,outES,Evacuee 119 in triage category G is not assigned a helicopter
534.238,913,evacuee,,Evacuee;119;in triage state;Y;is at the evacuation site
545.311,3,evacueeManager,,OFF SHIP: White;0;Green;389;Yellow;55;Red;13;Black;43;ON SHIP: White;0;Green;0;Yellow;0;Red;0;Evacuees to Transfer;
545.311,1209,evacuee,outES,Evacuee 138 in triage category G is not assigned a helicopter
545.311,1209,evacuee,,Evacuee;138;in triage state;Y;is at the evacuation site
549.3,3,evacueeManager,,OFF SHIP: White;0;Green;388;Yellow;56;Red;13;Black;43;ON SHIP: White;0;Green;0;Yellow;0;Red;0;Evacuees to Transfer;
549.3,1057,evacuee,outES,Evacuee 160 in triage category G is not assigned a helicopter
549.3,1057,evacuee,,Evacuee;160;in triage state;Y;is at the evacuation site
554.228,3,evacueeManager,,OFF SHIP: White;0;Green;387;Yellow;57;Red;13;Black;43;ON SHIP: White;0;Green;0;Yellow;0;Red;0;Evacuees to Transfer;
554.228,1281,evacuee,outES,Evacuee 242 in triage category G is not assigned a helicopter
554.228,1281,evacuee,,Evacuee;242;in triage state;Y;is at the evacuation site
556.72,3,evacueeManager,,OFF SHIP: White;0;Green;387;Yellow;56;Red;14;Black;43;ON SHIP: White;0;Green;0;Yellow;0;Red;0;Evacuees to Transfer;
556.72,75,evacuee,outES,Evacuee 495 in triage category Y is not assigned a helicopter
556.72,75,evacuee,,Evacuee;495;in triage state;R;is at the evacuation site
558.858,3,evacueeManager,,OFF SHIP: White;0;Green;387;Yellow;56;Red;13;Black;44;ON SHIP: White;0;Green;0;Yellow;0;Red;0;Evacuees to Transfer;
558.858,513,evacuee,outES,Evacuee 491 in triage category R is not assigned a helicopter
558.858,513,evacuee,,Evacuee;491;in triage state;B;is at the evacuation site
561.077,3,evacueeManager,,OFF SHIP: White;0;Green;387;Yellow;56;Red;12;Black;45;ON SHIP: White;0;Green;0;Yellow;0;Red;0;Evacuees to Transfer;
561.077,619,evacuee,outES,Evacuee 93 in triage category R is not assigned a helicopter
561.077,619,evacuee,,Evacuee;93;in triage state;B;is at the evacuation site
562.806,3,evacueeManager,,OFF SHIP: White;0;Green;387;Yellow;56;Red;11;Black;46;ON SHIP: White;0;Green;0;Yellow;0;Red;0;Evacuees to Transfer;
562.806,399,evacuee,outES,Evacuee 376 in triage category R is not assigned a helicopter
562.806,399,evacuee,,Evacuee;376;in triage state;B;is at the evacuation site
563.426,3,evacueeManager,,OFF SHIP: White;0;Green;387;Yellow;55;Red;12;Black;46;ON SHIP: White;0;Green;0;Yellow;0;Red;0;Evacuees to Transfer;
563.426,327,evacuee,outES,Evacuee 318 in triage category Y is not assigned a helicopter
563.426,327,evacuee,,Evacuee;318;in triage state;R;is at the evacuation site
563.756,3,evacueeManager,,OFF SHIP: White;0;Green;387;Yellow;55;Red;11;Black;47;ON SHIP: White;0;Green;0;Yellow;0;Red;0;Evacuees to Transfer;
563.756,327,evacuee,outES,Evacuee 318 in triage category R is not assigned a helicopter
563.756,327,evacuee,,Evacuee;318;in triage state;B;is at the evacuation site
568.658,3,evacueeManager,,OFF SHIP: White;0;Green;386;Yellow;56;Red;11;Black;47;ON SHIP: White;0;Green;0;Yellow;0;Red;0;Evacuees to Transfer;
568.658,1353,evacuee,outES,Evacuee 189 in triage category G is not assigned a helicopter
568.658,1353,evacuee,,Evacuee;189;in triage state;Y;is at the evacuation site
570.037,3,evacueeManager,,OFF SHIP: White;0;Green;386;Yellow;55;Red;12;Black;47;ON SHIP: White;0;Green;0;Yellow;0;Red;0;Evacuees to Transfer;
570.037,102,evacuee,outES,Evacuee 437 in triage category Y is not assigned a helicopter
570.037,102,evacuee,,Evacuee;437;in triage state;R;is at the evacuation site
583.736,3,evacueeManager,,OFF SHIP: White;0;Green;386;Yellow;54;Red;13;Black;47;ON SHIP: White;0;Green;0;Yellow;0;Red;0;Evacuees to Transfer;
583.736,982,evacuee,outES,Evacuee 116 in triage category Y is not assigned a helicopter
583.736,982,evacuee,,Evacuee;116;in triage state;R;is at the evacuation site
596.493,3,evacueeManager,,OFF SHIP: White;0;Green;386;Yellow;53;Red;14;Black;47;ON SHIP: White;0;Green;0;Yellow;0;Red;0;Evacuees to Transfer;
596.493,985,evacuee,outES,Evacuee 61 in triage category Y is not assigned a helicopter
596.493,985,evacuee,,Evacuee;61;in triage state;R;is at the evacuation site
600.145,3,evacueeManager,,OFF SHIP: White;0;Green;386;Yellow;53;Red;13;Black;48;ON SHIP: White;0;Green;0;Yellow;0;Red;0;Evacuees to Transfer;
600.145,1344,evacuee,outES,Evacuee 186 in triage category R is not assigned a helicopter
600.145,1344,evacuee,,Evacuee;186;in triage state;B;is at the evacuation site
602.012,3,evacueeManager,,OFF SHIP: White;0;Green;386;Yellow;52;Red;14;Black;48;ON SHIP: White;0;Green;0;Yellow;0;Red;0;Evacuees to Transfer;
602.012,372,evacuee,outES,Evacuee 488 in triage category Y is not assigned a helicopter
602.012,372,evacuee,,Evacuee;488;in triage state;R;is at the evacuation site
608.771,3,evacueeManager,,OFF SHIP: White;0;Green;386;Yellow;52;Red;13;Black;49;ON SHIP: White;0;Green;0;Yellow;0;Red;0;Evacuees to Transfer;
608.771,1045,evacuee,outES,Evacuee 34 in triage category R is not assigned a helicopter
608.771,1045,evacuee,,Evacuee;34;in triage state;B;is at the evacuation site
608.832,3,evacueeManager,,OFF SHIP: White;0;Green;386;Yellow;52;Red;12;Black;50;ON SHIP: White;0;Green;0;Yellow;0;Red;0;Evacuees to Transfer;
608.832,835,evacuee,outES,Evacuee 332 in triage category R is not assigned a helicopter
608.832,835,evacuee,,Evacuee;332;in triage state;B;is at the evacuation site
613.105,3,evacueeManager,,OFF SHIP: White;0;Green;386;Yellow;52;Red;11;Black;51;ON SHIP: White;0;Green;0;Yellow;0;Red;0;Evacuees to Transfer;
613.105,105,evacuee,outES,Evacuee 436 in triage category R is not assigned a helicopter
613.105,105,evacuee,,Evacuee;436;in triage state;B;is at the evacuation site
615.11,3,evacueeManager,,OFF SHIP: White;0;Green;385;Yellow;53;Red;11;Black;51;ON SHIP: White;0;Green;0;Yellow;0;Red;0;Evacuees to Transfer;
615.11,480,evacuee,outES,Evacuee 108 in triage category G is not assigned a helicopter
615.11,480,evacuee,,Evacuee;108;in triage state;Y;is at the evacuation site
615.709,3,evacueeManager,,OFF SHIP: White;0;Green;385;Yellow;53;Red;10;Black;52;ON SHIP: White;0;Green;0;Yellow;0;Red;0;Evacuees to Transfer;
615.709,589,evacuee,outES,Evacuee 497 in triage category R is not assigned a helicopter
615.709,589,evacuee,,Evacuee;497;in triage state;B;is at the evacuation site
617.927,3,evacueeManager,,OFF SHIP: White;0;Green;385;Yellow;53;Red;9;Black;53;ON SHIP: White;0;Green;0;Yellow;0;Red;0;Evacuees to Transfer;
617.927,75,evacuee,outES,Evacuee 495 in triage category R is not assigned a helicopter
617.927,75,evacuee,,Evacuee;495;in triage state;B;is at the evacuation site
619.806,3,evacueeManager,,OFF SHIP: White;0;Green;385;Yellow;53;Red;8;Black;54;ON SHIP: White;0;Green;0;Yellow;0;Red;0;Evacuees to Transfer;
619.806,982,evacuee,outES,Evacuee 116 in triage category R is not assigned a helicopter
619.806,982,evacuee,,Evacuee;116;in triage state;B;is at the evacuation site
621.201,3,evacueeManager,,OFF SHIP: White;0;Green;385;Yellow;52;Red;9;Black;54;ON SHIP: White;0;Green;0;Yellow;0;Red;0;Evacuees to Transfer;
621.201,1057,evacuee,outES,Evacuee 160 in triage category Y is not assigned a helicopter
621.201,1057,evacuee,,Evacuee;160;in triage state;R;is at the evacuation site
624.96,3,evacueeManager,,OFF SHIP: White;0;Green;385;Yellow;52;Red;8;Black;55;ON SHIP: White;0;Green;0;Yellow;0;Red;0;Evacuees to Transfer;
624.96,1057,evacuee,outES,Evacuee 160 in triage category R is not assigned a helicopter
624.96,1057,evacuee,,Evacuee;160;in triage state;B;is at the evacuation site
627.046,3,evacueeManager,,OFF SHIP: White;0;Green;384;Yellow;53;Red;8;Black;55;ON SHIP: White;0;Green;0;Yellow;0;Red;0;Evacuees to Transfer;
627.046,552,evacuee,outES,Evacuee 311 in triage category G is not assigned a helicopter
627.046,552,evacuee,,Evacuee;311;in triage state;Y;is at the evacuation site
629.59,3,evacueeManager,,OFF SHIP: White;0;Green;384;Yellow;52;Red;9;Black;55;ON SHIP: White;0;Green;0;Yellow;0;Red;0;Evacuees to Transfer;
629.59,333,evacuee,outES,Evacuee 460 in triage category Y is not assigned a helicopter
629.59,333,evacuee,,Evacuee;460;in triage state;R;is at the evacuation site
629.679,3,evacueeManager,,OFF SHIP: White;0;Green;384;Yellow;51;Red;10;Black;55;ON SHIP: White;0;Green;0;Yellow;0;Red;0;Evacuees to Transfer;
629.679,257,evacuee,outES,Evacuee 353 in triage category Y is not assigned a helicopter
629.679,257,evacuee,,Evacuee;353;in triage state;R;is at the evacuation site
629.964,3,evacueeManager,,OFF SHIP: White;0;Green;384;Yellow;50;Red;11;Black;55;ON SHIP: White;0;Green;0;Yellow;0;Red;0;Evacuees to Transfer;
629.964,976,evacuee,outES,Evacuee 402 in triage category Y is not assigned a helicopter
629.964,976,evacuee,,Evacuee;402;in triage state;R;is at the evacuation site
632.788,3,evacueeManager,,OFF SHIP: White;0;Green;384;Yellow;49;Red;12;Black;55;ON SHIP: White;0;Green;0;Yellow;0;Red;0;Evacuees to Transfer;
632.788,1278,evacuee,outES,Evacuee 16 in triage category Y is not assigned a helicopter
632.788,1278,evacuee,,Evacuee;16;in triage state;R;is at the evacuation site
633.752,3,evacueeManager,,OFF SHIP: White;0;Green;383;Yellow;50;Red;12;Black;55;ON SHIP: White;0;Green;0;Yellow;0;Red;0;Evacuees to Transfer;
633.752,115,evacuee,outES,Evacuee 433 in triage category G is not assigned a helicopter
633.752,115,evacuee,,Evacuee;433;in triage state;Y;is at the evacuation site
639.65,3,evacueeManager,,OFF SHIP: White;0;Green;382;Yellow;51;Red;12;Black;55;ON SHIP: White;0;Green;0;Yellow;0;Red;0;Evacuees to Transfer;
639.65,1497,evacuee,outES,Evacuee 243 in triage category G is not assigned a helicopter
639.65,1497,evacuee,,Evacuee;243;in triage state;Y;is at the evacuation site
641.267,3,evacueeManager,,OFF SHIP: White;0;Green;382;Yellow;51;Red;11;Black;56;ON SHIP: White;0;Green;0;Yellow;0;Red;0;Evacuees to Transfer;
641.267,333,evacuee,outES,Evacuee 460 in triage category R is not assigned a helicopter
641.267,333,evacuee,,Evacuee;460;in triage state;B;is at the evacuation site
643.398,3,evacueeManager,,OFF SHIP: White;0;Green;382;Yellow;51;Red;10;Black;57;ON SHIP: White;0;Green;0;Yellow;0;Red;0;Evacuees to Transfer;
643.398,178,evacuee,outES,Evacuee 392 in triage category R is not assigned a helicopter
643.398,178,evacuee,,Evacuee;392;in triage state;B;is at the evacuation site
646.717,3,evacueeManager,,OFF SHIP: White;0;Green;382;Yellow;51;Red;9;Black;58;ON SHIP: White;0;Green;0;Yellow;0;Red;0;Evacuees to Transfer;
646.717,1278,evacuee,outES,Evacuee 16 in triage category R is not assigned a helicopter
646.717,1278,evacuee,,Evacuee;16;in triage state;B;is at the evacuation site
647.486,3,evacueeManager,,OFF SHIP: White;0;Green;381;Yellow;52;Red;9;Black;58;ON SHIP: White;0;Green;0;Yellow;0;Red;0;Evacuees to Transfer;
647.486,628,evacuee,outES,Evacuee 90 in triage category G is not assigned a helicopter
647.486,628,evacuee,,Evacuee;90;in triage state;Y;is at the evacuation site
648.859,3,evacueeManager,,OFF SHIP: White;0;Green;381;Yellow;52;Red;8;Black;59;ON SHIP: White;0;Green;0;Yellow;0;Red;0;Evacuees to Transfer;
648.859,985,evacuee,outES,Evacuee 61 in triage category R is not assigned a helicopter
648.859,985,evacuee,,Evacuee;61;in triage state;B;is at the evacuation site
651.275,3,evacueeManager,,OFF SHIP: White;0;Green;380;Yellow;53;Red;8;Black;59;ON SHIP: White;0;Green;0;Yellow;0;Red;0;Evacuees to Transfer;
651.275,988,evacuee,outES,Evacuee 52 in triage category G is not assigned a helicopter
651.275,988,evacuee,,Evacuee;52;in triage state;Y;is at the evacuation site
652.999,3,evacueeManager,,OFF SHIP: White;0;Green;379;Yellow;54;Red;8;Black;59;ON SHIP: White;0;Green;0;Yellow;0;Red;0;Evacuees to Transfer;
652.999,1425,evacuee,outES,Evacuee 27 in triage category G is not assigned a helicopter
652.999,1425,evacuee,,Evacuee;27;in triage state;Y;is at the evacuation site
661.176,3,evacueeManager,,OFF SHIP: White;0;Green;379;Yellow;53;Red;9;Black;59;ON SHIP: White;0;Green;0;Yellow;0;Red;0;Evacuees to Transfer;
661.176,1494,evacuee,outES,Evacuee 239 in triage category Y is not assigned a helicopter
661.176,1494,evacuee,,Evacuee;239;in triage state;R;is at the evacuation site
663.754,3,evacueeManager,,OFF SHIP: White;0;Green;379;Yellow;53;Red;8;Black;60;ON SHIP: White;0;Green;0;Yellow;0;Red;0;Evacuees to Transfer;
663.754,622,evacuee,outES,Evacuee 136 in triage category R is not assigned a helicopter
663.754,622,evacuee,,Evacuee;136;in triage state;B;is at the evacuation site
664.325,3,evacueeManager,,OFF SHIP: White;0;Green;379;Yellow;53;Red;7;Black;61;ON SHIP: White;0;Green;0;Yellow;0;Red;0;Evacuees to Transfer;
664.325,372,evacuee,outES,Evacuee 488 in triage category R is not assigned a helicopter
664.325,372,evacuee,,Evacuee;488;in triage state;B;is at the evacuation site
665.231,3,evacueeManager,,OFF SHIP: White;0;Green;378;Yellow;54;Red;7;Black;61;ON SHIP: White;0;Green;0;Yellow;0;Red;0;Evacuees to Transfer;
665.231,700,evacuee,outES,Evacuee 431 in triage category G is not assigned a helicopter
665.231,700,evacuee,,Evacuee;431;in triage state;Y;is at the evacuation site
666.756,3,evacueeManager,,OFF SHIP: White;0;Green;377;Yellow;55;Red;7;Black;61;ON SHIP: White;0;Green;0;Yellow;0;Red;0;Evacuees to Transfer;
666.756,844,evacuee,outES,Evacuee 40 in triage category G is not assigned a helicopter
666.756,844,evacuee,,Evacuee;40;in triage state;Y;is at the evacuation site
668.156,3,evacueeManager,,OFF SHIP: White;0;Green;377;Yellow;54;Red;8;Black;61;ON SHIP: White;0;Green;0;Yellow;0;Red;0;Evacuees to Transfer;
668.156,477,evacuee,outES,Evacuee 122 in triage category Y is not assigned a helicopter
668.156,477,evacuee,,Evacuee;122;in triage state;R;is at the evacuation site
668.419,3,evacueeManager,,OFF SHIP: White;0;Green;376;Yellow;55;Red;8;Black;61;ON SHIP: White;0;Green;0;Yellow;0;Red;0;Evacuees to Transfer;
668.419,187,evacuee,outES,Evacuee 430 in triage category G is not assigned a helicopter
668.419,187,evacuee,,Evacuee;430;in triage state;Y;is at the evacuation site
669.182,3,evacueeManager,,OFF SHIP: White;0;Green;375;Yellow;56;Red;8;Black;61;ON SHIP: White;0;Green;0;Yellow;0;Red;0;Evacuees to Transfer;
669.182,260,evacuee,outES,Evacuee 351 in triage category G is not assigned a helicopter
669.182,260,evacuee,,Evacuee;351;in triage state;Y;is at the evacuation site
673.554,3,evacueeManager,,OFF SHIP: White;0;Green;374;Yellow;57;Red;8;Black;61;ON SHIP: White;0;Green;0;Yellow;0;Red;0;Evacuees to Transfer;
673.554,408,evacuee,outES,Evacuee 282 in triage category G is not assigned a helicopter
673.554,408,evacuee,,Evacuee;282;in triage state;Y;is at the evacuation site
674.527,3,evacueeManager,,OFF SHIP: White;0;Green;373;Yellow;58;Red;8;Black;61;ON SHIP: White;0;Green;0;Yellow;0;Red;0;Evacuees to Transfer;
674.527,772,evacuee,outES,Evacuee 25 in triage category G is not assigned a helicopter
674.527,772,evacuee,,Evacuee;25;in triage state;Y;is at the evacuation site
678.323,3,evacueeManager,,OFF SHIP: White;0;Green;373;Yellow;57;Red;9;Black;61;ON SHIP: White;0;Green;0;Yellow;0;Red;0;Evacuees to Transfer;
678.323,1488,evacuee,outES,Evacuee 238 in triage category Y is not assigned a helicopter
678.323,1488,evacuee,,Evacuee;238;in triage state;R;is at the evacuation site
681.763,3,evacueeManager,,OFF SHIP: White;0;Green;372;Yellow;58;Red;9;Black;61;ON SHIP: White;0;Green;0;Yellow;0;Red;0;Evacuees to Transfer;
681.763,916,evacuee,outES,Evacuee 6 in triage category G is not assigned a helicopter
681.763,916,evacuee,,Evacuee;6;in triage state;Y;is at the evacuation site
687.265,3,evacueeManager,,OFF SHIP: White;0;Green;372;Yellow;57;Red;10;Black;61;ON SHIP: White;0;Green;0;Yellow;0;Red;0;Evacuees to Transfer;
687.265,112,evacuee,outES,Evacuee 434 in triage category Y is not assigned a helicopter
687.265,112,evacuee,,Evacuee;434;in triage state;R;is at the evacuation site
688.699,3,evacueeManager,,OFF SHIP: White;0;Green;372;Yellow;57;Red;9;Black;62;ON SHIP: White;0;Green;0;Yellow;0;Red;0;Evacuees to Transfer;
688.699,802,evacuee,outES,Evacuee 493 in triage category R is not assigned a helicopter
688.699,802,evacuee,,Evacuee;493;in triage state;B;is at the evacuation site
689.924,3,evacueeManager,,OFF SHIP: White;0;Green;371;Yellow;58;Red;9;Black;62;ON SHIP: White;0;Green;0;Yellow;0;Red;0;Evacuees to Transfer;
689.924,336,evacuee,outES,Evacuee 316 in triage category G is not assigned a helicopter
689.924,336,evacuee,,Evacuee;316;in triage state;Y;is at the evacuation site
693.42,3,evacueeManager,,OFF SHIP: White;0;Green;370;Yellow;59;Red;9;Black;62;ON SHIP: White;0;Green;0;Yellow;0;Red;0;Evacuees to Transfer;
693.42,1212,evacuee,outES,Evacuee 265 in triage category G is not assigned a helicopter
693.42,1212,evacuee,,Evacuee;265;in triage state;Y;is at the evacuation site
697.619,3,evacueeManager,,OFF SHIP: White;0;Green;369;Yellow;60;Red;9;Black;62;ON SHIP: White;0;Green;0;Yellow;0;Red;0;Evacuees to Transfer;
697.619,1060,evacuee,outES,Evacuee 20 in triage category G is not assigned a helicopter
697.619,1060,evacuee,,Evacuee;20;in triage state;Y;is at the evacuation site
700.719,3,evacueeManager,,OFF SHIP: White;0;Green;369;Yellow;59;Red;10;Black;62;ON SHIP: White;0;Green;0;Yellow;0;Red;0;Evacuees to Transfer;
700.719,1129,evacuee,outES,Evacuee 120 in triage category Y is not assigned a helicopter
700.719,1129,evacuee,,Evacuee;120;in triage state;R;is at the evacuation site
702.807,3,evacueeManager,,OFF SHIP: White;0;Green;368;Yellow;60;Red;10;Black;62;ON SHIP: White;0;Green;0;Yellow;0;Red;0;Evacuees to Transfer;
702.807,1284,evacuee,outES,Evacuee 178 in triage category G is not assigned a helicopter
702.807,1284,evacuee,,Evacuee;178;in triage state;Y;is at the evacuation site
704.141,3,evacueeManager,,OFF SHIP: White;0;Green;367;Yellow;61;Red;10;Black;62;ON SHIP: White;0;Green;0;Yellow;0;Red;0;Evacuees to Transfer;
704.141,1136,evacuee,outES,Evacuee 94 in triage category G is not assigned a helicopter
704.141,1136,evacuee,,Evacuee;94;in triage state;Y;is at the evacuation site
718.004,3,evacueeManager,,OFF SHIP: White;0;Green;366;Yellow;62;Red;10;Black;62;ON SHIP: White;0;Green;0;Yellow;0;Red;0;Evacuees to Transfer;
718.004,1356,evacuee,outES,Evacuee 253 in triage category G is not assigned a helicopter
718.004,1356,evacuee,,Evacuee;253;in triage state;Y;is at the evacuation site
721.368,3,evacueeManager,,OFF SHIP: White;0;Green;366;Yellow;61;Red;11;Black;62;ON SHIP: White;0;Green;0;Yellow;0;Red;0;Evacuees to Transfer;
721.368,546,evacuee,outES,Evacuee 188 in triage category Y is not assigned a helicopter
721.368,546,evacuee,,Evacuee;188;in triage state;R;is at the evacuation site
729.597,3,evacueeManager,,OFF SHIP: White;0;Green;366;Yellow;60;Red;12;Black;62;ON SHIP: White;0;Green;0;Yellow;0;Red;0;Evacuees to Transfer;
729.597,181,evacuee,outES,Evacuee 389 in triage category Y is not assigned a helicopter
729.597,181,evacuee,,Evacuee;389;in triage state;R;is at the evacuation site
735.675,3,evacueeManager,,OFF SHIP: White;0;Green;366;Yellow;59;Red;13;Black;62;ON SHIP: White;0;Green;0;Yellow;0;Red;0;Evacuees to Transfer;
735.675,549,evacuee,outES,Evacuee 106 in triage category Y is not assigned a helicopter
735.675,549,evacuee,,Evacuee;106;in triage state;R;is at the evacuation site
736.479,3,evacueeManager,,OFF SHIP: White;0;Green;366;Yellow;58;Red;14;Black;62;ON SHIP: White;0;Green;0;Yellow;0;Red;0;Evacuees to Transfer;
736.479,336,evacuee,outES,Evacuee 316 in triage category Y is not assigned a helicopter
736.479,336,evacuee,,Evacuee;316;in triage state;R;is at the evacuation site
736.792,3,evacueeManager,,OFF SHIP: White;0;Green;366;Yellow;57;Red;15;Black;62;ON SHIP: White;0;Green;0;Yellow;0;Red;0;Evacuees to Transfer;
736.792,1281,evacuee,outES,Evacuee 242 in triage category Y is not assigned a helicopter
736.792,1281,evacuee,,Evacuee;242;in triage state;R;is at the evacuation site
741.613,3,evacueeManager,,OFF SHIP: White;0;Green;366;Yellow;56;Red;16;Black;62;ON SHIP: White;0;Green;0;Yellow;0;Red;0;Evacuees to Transfer;
741.613,838,evacuee,outES,Evacuee 81 in triage category Y is not assigned a helicopter
741.613,838,evacuee,,Evacuee;81;in triage state;R;is at the evacuation site
741.752,3,evacueeManager,,OFF SHIP: White;0;Green;366;Yellow;56;Red;15;Black;63;ON SHIP: White;0;Green;0;Yellow;0;Red;0;Evacuees to Transfer;
741.752,838,evacuee,outES,Evacuee 81 in triage category R is not assigned a helicopter
741.752,838,evacuee,,Evacuee;81;in triage state;B;is at the evacuation site
747.54,3,evacueeManager,,OFF SHIP: White;0;Green;366;Yellow;55;Red;16;Black;63;ON SHIP: White;0;Green;0;Yellow;0;Red;0;Evacuees to Transfer;
747.54,742,evacuee,outES,Evacuee 481 in triage category Y is not assigned a helicopter
747.54,742,evacuee,,Evacuee;481;in triage state;R;is at the evacuation site
748.307,3,evacueeManager,,OFF SHIP: White;0;Green;366;Yellow;54;Red;17;Black;63;ON SHIP: White;0;Green;0;Yellow;0;Red;0;Evacuees to Transfer;
748.307,769,evacuee,outES,Evacuee 9 in triage category Y is not assigned a helicopter
748.307,769,evacuee,,Evacuee;9;in triage state;R;is at the evacuation site
749.676,3,evacueeManager,,OFF SHIP: White;0;Green;366;Yellow;53;Red;18;Black;63;ON SHIP: White;0;Green;0;Yellow;0;Red;0;Evacuees to Transfer;
749.676,988,evacuee,outES,Evacuee 52 in triage category Y is not assigned a helicopter
749.676,988,evacuee,,Evacuee;52;in triage state;R;is at the evacuation site
750.994,3,evacueeManager,,OFF SHIP: White;0;Green;366;Yellow;52;Red;19;Black;63;ON SHIP: White;0;Green;0;Yellow;0;Red;0;Evacuees to Transfer;
750.994,910,evacuee,outES,Evacuee 150 in triage category Y is not assigned a helicopter
750.994,910,evacuee,,Evacuee;150;in triage state;R;is at the evacuation site
751.824,3,evacueeManager,,OFF SHIP: White;0;Green;366;Yellow;51;Red;20;Black;63;ON SHIP: White;0;Green;0;Yellow;0;Red;0;Evacuees to Transfer;
751.824,979,evacuee,outES,Evacuee 320 in triage category Y is not assigned a helicopter
751.824,979,evacuee,,Evacuee;320;in triage state;R;is at the evacuation site
754.297,3,evacueeManager,,OFF SHIP: White;0;Green;366;Yellow;50;Red;21;Black;63;ON SHIP: White;0;Green;0;Yellow;0;Red;0;Evacuees to Transfer;
754.297,1206,evacuee,outES,Evacuee 137 in triage category Y is not assigned a helicopter
754.297,1206,evacuee,,Evacuee;137;in triage state;R;is at the evacuation site
758.491,3,evacueeManager,,OFF SHIP: White;0;Green;366;Yellow;50;Red;20;Black;64;ON SHIP: White;0;Green;0;Yellow;0;Red;0;Evacuees to Transfer;
758.491,1488,evacuee,outES,Evacuee 238 in triage category R is not assigned a helicopter
758.491,1488,evacuee,,Evacuee;238;in triage state;B;is at the evacuation site
760.494,3,evacueeManager,,OFF SHIP: White;0;Green;366;Yellow;49;Red;21;Black;64;ON SHIP: White;0;Green;0;Yellow;0;Red;0;Evacuees to Transfer;
760.494,700,evacuee,outES,Evacuee 431 in triage category Y is not assigned a helicopter
760.494,700,evacuee,,Evacuee;431;in triage state;R;is at the evacuation site
767.463,3,evacueeManager,,OFF SHIP: White;0;Green;366;Yellow;49;Red;20;Black;65;ON SHIP: White;0;Green;0;Yellow;0;Red;0;Evacuees to Transfer;
767.463,976,evacuee,outES,Evacuee 402 in triage category R is not assigned a helicopter
767.463,976,evacuee,,Evacuee;402;in triage state;B;is at the evacuation site
769.102,3,evacueeManager,,OFF SHIP: White;0;Green;366;Yellow;49;Red;19;Black;66;ON SHIP: White;0;Green;0;Yellow;0;Red;0;Evacuees to Transfer;
769.102,1350,evacuee,outES,Evacuee 217 in triage category R is not assigned a helicopter
769.102,1350,evacuee,,Evacuee;217;in triage state;B;is at the evacuation site
771.402,3,evacueeManager,,OFF SHIP: White;0;Green;366;Yellow;49;Red;18;Black;67;ON SHIP: White;0;Green;0;Yellow;0;Red;0;Evacuees to Transfer;
771.402,181,evacuee,outES,Evacuee 389 in triage category R is not assigned a helicopter
771.402,181,evacuee,,Evacuee;389;in triage state;B;is at the evacuation site
775.788,3,evacueeManager,,OFF SHIP: White;0;Green;365;Yellow;50;Red;18;Black;67;ON SHIP: White;0;Green;0;Yellow;0;Red;0;Evacuees to Transfer;
775.788,483,evacuee,outES,Evacuee 276 in triage category G is not assigned a helicopter
775.788,483,evacuee,,Evacuee;276;in triage state;Y;is at the evacuation site
786.603,3,evacueeManager,,OFF SHIP: White;0;Green;364;Yellow;51;Red;18;Black;67;ON SHIP: White;0;Green;0;Yellow;0;Red;0;Evacuees to Transfer;
786.603,118,evacuee,outES,Evacuee 428 in triage category G is not assigned a helicopter
786.603,118,evacuee,,Evacuee;428;in triage state;Y;is at the evacuation site
787.218,3,evacueeManager,,OFF SHIP: White;0;Green;364;Yellow;50;Red;19;Black;67;ON SHIP: White;0;Green;0;Yellow;0;Red;0;Evacuees to Transfer;
787.218,1497,evacuee,outES,Evacuee 243 in triage category Y is not assigned a helicopter
787.218,1497,evacuee,,Evacuee;243;in triage state;R;is at the evacuation site
789.857,3,evacueeManager,,OFF SHIP: White;0;Green;363;Yellow;51;Red;19;Black;67;ON SHIP: White;0;Green;0;Yellow;0;Red;0;Evacuees to Transfer;
789.857,1500,evacuee,outES,Evacuee 96 in triage category G is not assigned a helicopter
789.857,1500,evacuee,,Evacuee;96;in triage state;Y;is at the evacuation site
791.375,3,evacueeManager,,OFF SHIP: White;0;Green;362;Yellow;52;Red;19;Black;67;ON SHIP: White;0;Green;0;Yellow;0;Red;0;Evacuees to Transfer;
791.375,555,evacuee,outES,Evacuee 148 in triage category G is not assigned a helicopter
791.375,555,evacuee,,Evacuee;148;in triage state;Y;is at the evacuation site
803.498,3,evacueeManager,,OFF SHIP: White;0;Green;362;Yellow;52;Red;18;Black;68;ON SHIP: White;0;Green;0;Yellow;0;Red;0;Evacuees to Transfer;
803.498,477,evacuee,outES,Evacuee 122 in triage category R is not assigned a helicopter
803.498,477,evacuee,,Evacuee;122;in triage state;B;is at the evacuation site
804.067,3,evacueeManager,,OFF SHIP: White;0;Green;361;Yellow;53;Red;18;Black;68;ON SHIP: White;0;Green;0;Yellow;0;Red;0;Evacuees to Transfer;
804.067,631,evacuee,outES,Evacuee 83 in triage category G is not assigned a helicopter
804.067,631,evacuee,,Evacuee;83;in triage state;Y;is at the evacuation site
805.085,3,evacueeManager,,OFF SHIP: White;0;Green;360;Yellow;54;Red;18;Black;68;ON SHIP: White;0;Green;0;Yellow;0;Red;0;Evacuees to Transfer;
805.085,991,evacuee,outES,Evacuee 41 in triage category G is not assigned a helicopter
805.085,991,evacuee,,Evacuee;41;in triage state;Y;is at the evacuation site
806.489,3,evacueeManager,,OFF SHIP: White;0;Green;360;Yellow;54;Red;17;Black;69;ON SHIP: White;0;Green;0;Yellow;0;Red;0;Evacuees to Transfer;
806.489,1497,evacuee,outES,Evacuee 243 in triage category R is not assigned a helicopter
806.489,1497,evacuee,,Evacuee;243;in triage state;B;is at the evacuation site
808.315,3,evacueeManager,,OFF SHIP: White;0;Green;360;Yellow;53;Red;18;Black;69;ON SHIP: White;0;Green;0;Yellow;0;Red;0;Evacuees to Transfer;
808.315,474,evacuee,outES,Evacuee 449 in triage category Y is not assigned a helicopter
808.315,474,evacuee,,Evacuee;449;in triage state;R;is at the evacuation site
809.888,3,evacueeManager,,OFF SHIP: White;0;Green;359;Yellow;54;Red;18;Black;69;ON SHIP: White;0;Green;0;Yellow;0;Red;0;Evacuees to Transfer;
809.888,1428,evacuee,outES,Evacuee 211 in triage category G is not assigned a helicopter
809.888,1428,evacuee,,Evacuee;211;in triage state;Y;is at the evacuation site
813.326,3,evacueeManager,,OFF SHIP: White;0;Green;359;Yellow;54;Red;17;Black;70;ON SHIP: White;0;Green;0;Yellow;0;Red;0;Evacuees to Transfer;
813.326,112,evacuee,outES,Evacuee 434 in triage category R is not assigned a helicopter
813.326,112,evacuee,,Evacuee;434;in triage state;B;is at the evacuation site
813.822,3,evacueeManager,,OFF SHIP: White;0;Green;358;Yellow;55;Red;17;Black;70;ON SHIP: White;0;Green;0;Yellow;0;Red;0;Evacuees to Transfer;
813.822,703,evacuee,outES,Evacuee 74 in triage category G is not assigned a helicopter
813.822,703,evacuee,,Evacuee;74;in triage state;Y;is at the evacuation site
815.681,3,evacueeManager,,OFF SHIP: White;0;Green;358;Yellow;54;Red;18;Black;70;ON SHIP: White;0;Green;0;Yellow;0;Red;0;Evacuees to Transfer;
815.681,1209,evacuee,outES,Evacuee 138 in triage category Y is not assigned a helicopter
815.681,1209,evacuee,,Evacuee;138;in triage state;R;is at the evacuation site
817.219,3,evacueeManager,,OFF SHIP: White;0;Green;358;Yellow;54;Red;17;Black;71;ON SHIP: White;0;Green;0;Yellow;0;Red;0;Evacuees to Transfer;
817.219,979,evacuee,outES,Evacuee 320 in triage category R is not assigned a helicopter
817.219,979,evacuee,,Evacuee;320;in triage state;B;is at the evacuation site
817.982,3,evacueeManager,,OFF SHIP: White;0;Green;357;Yellow;55;Red;17;Black;71;ON SHIP: White;0;Green;0;Yellow;0;Red;0;Evacuees to Transfer;
817.982,263,evacuee,outES,Evacuee 349 in triage category G is not assigned a helicopter
817.982,263,evacuee,,Evacuee;349;in triage state;Y;is at the evacuation site
818.421,3,evacueeManager,,OFF SHIP: White;0;Green;356;Yellow;56;Red;17;Black;71;ON SHIP: White;0;Green;0;Yellow;0;Red;0;Evacuees to Transfer;
818.421,847,evacuee,outES,Evacuee 97 in triage category G is not assigned a helicopter
818.421,847,evacuee,,Evacuee;97;in triage state;Y;is at the evacuation site
820.174,3,evacueeManager,,OFF SHIP: White;0;Green;355;Yellow;57;Red;17;Black;71;ON SHIP: White;0;Green;0;Yellow;0;Red;0;Evacuees to Transfer;
820.174,190,evacuee,outES,Evacuee 383 in triage category G is not assigned a helicopter
820.174,190,evacuee,,Evacuee;383;in triage state;Y;is at the evacuation site
822.805,3,evacueeManager,,OFF SHIP: White;0;Green;355;Yellow;57;Red;16;Black;72;ON SHIP: White;0;Green;0;Yellow;0;Red;0;Evacuees to Transfer;
822.805,910,evacuee,outES,Evacuee 150 in triage category R is not assigned a helicopter
822.805,910,evacuee,,Evacuee;150;in triage state;B;is at the evacuation site
825.155,3,evacueeManager,,OFF SHIP: White;0;Green;355;Yellow;57;Red;15;Black;73;ON SHIP: White;0;Green;0;Yellow;0;Red;0;Evacuees to Transfer;
825.155,336,evacuee,outES,Evacuee 316 in triage category R is not assigned a helicopter
825.155,336,evacuee,,Evacuee;316;in triage state;B;is at the evacuation site
825.587,3,evacueeManager,,OFF SHIP: White;0;Green;354;Yellow;58;Red;15;Black;73;ON SHIP: White;0;Green;0;Yellow;0;Red;0;Evacuees to Transfer;
825.587,411,evacuee,outES,Evacuee 281 in triage category G is not assigned a helicopter
825.587,411,evacuee,,Evacuee;281;in triage state;Y;is at the evacuation site
832.234,3,evacueeManager,,OFF SHIP: White;0;Green;354;Yellow;58;Red;14;Black;74;ON SHIP: White;0;Green;0;Yellow;0;Red;0;Evacuees to Transfer;
832.234,1209,evacuee,outES,Evacuee 138 in triage category R is not assigned a helicopter
832.234,1209,evacuee,,Evacuee;138;in triage state;B;is at the evacuation site
832.626,3,evacueeManager,,OFF SHIP: White;0;Green;353;Yellow;59;Red;14;Black;74;ON SHIP: White;0;Green;0;Yellow;0;Red;0;Evacuees to Transfer;
832.626,775,evacuee,outES,Evacuee 334 in triage category G is not assigned a helicopter
832.626,775,evacuee,,Evacuee;334;in triage state;Y;is at the evacuation site
834.156,3,evacueeManager,,OFF SHIP: White;0;Green;353;Yellow;59;Red;13;Black;75;ON SHIP: White;0;Green;0;Yellow;0;Red;0;Evacuees to Transfer;
834.156,742,evacuee,outES,Evacuee 481 in triage category R is not assigned a helicopter
834.156,742,evacuee,,Evacuee;481;in triage state;B;is at the evacuation site
834.209,3,evacueeManager,,OFF SHIP: White;0;Green;353;Yellow;58;Red;14;Black;75;ON SHIP: White;0;Green;0;Yellow;0;Red;0;Evacuees to Transfer;
834.209,1500,evacuee,outES,Evacuee 96 in triage category Y is not assigned a helicopter
834.209,1500,evacuee,,Evacuee;96;in triage state;R;is at the evacuation site
839.298,3,evacueeManager,,OFF SHIP: White;0;Green;353;Yellow;57;Red;15;Black;75;ON SHIP: White;0;Green;0;Yellow;0;Red;0;Evacuees to Transfer;
839.298,1212,evacuee,outES,Evacuee 265 in triage category Y is not assigned a helicopter
839.298,1212,evacuee,,Evacuee;265;in triage state;R;is at the evacuation site
840.271,3,evacueeManager,,OFF SHIP: White;0;Green;352;Yellow;58;Red;15;Black;75;ON SHIP: White;0;Green;0;Yellow;0;Red;0;Evacuees to Transfer;
840.271,919,evacuee,outES,Evacuee 173 in triage category G is not assigned a helicopter
840.271,919,evacuee,,Evacuee;173;in triage state;Y;is at the evacuation site
841.582,3,evacueeManager,,OFF SHIP: White;0;Green;352;Yellow;57;Red;16;Black;75;ON SHIP: White;0;Green;0;Yellow;0;Red;0;Evacuees to Transfer;
841.582,1491,evacuee,outES,Evacuee 113 in triage category Y is not assigned a helicopter
841.582,1491,evacuee,,Evacuee;113;in triage state;R;is at the evacuation site
844.991,3,evacueeManager,,OFF SHIP: White;0;Green;352;Yellow;56;Red;17;Black;75;ON SHIP: White;0;Green;0;Yellow;0;Red;0;Evacuees to Transfer;
844.991,601,evacuee,outES,Evacuee 485 in triage category Y is not assigned a helicopter
844.991,601,evacuee,,Evacuee;485;in triage state;R;is at the evacuation site
845.518,3,evacueeManager,,OFF SHIP: White;0;Green;352;Yellow;56;Red;16;Black;76;ON SHIP: White;0;Green;0;Yellow;0;Red;0;Evacuees to Transfer;
845.518,102,evacuee,outES,Evacuee 437 in triage category R is not assigned a helicopter
845.518,102,evacuee,,Evacuee;437;in triage state;B;is at the evacuation site
847.253,3,evacueeManager,,OFF SHIP: White;0;Green;352;Yellow;56;Red;15;Black;77;ON SHIP: White;0;Green;0;Yellow;0;Red;0;Evacuees to Transfer;
847.253,769,evacuee,outES,Evacuee 9 in triage category R is not assigned a helicopter
847.253,769,evacuee,,Evacuee;9;in triage state;B;is at the evacuation site
848.322,3,evacueeManager,,OFF SHIP: White;0;Green;352;Yellow;56;Red;14;Black;78;ON SHIP: White;0;Green;0;Yellow;0;Red;0;Evacuees to Transfer;
848.322,601,evacuee,outES,Evacuee 485 in triage category R is not assigned a helicopter
848.322,601,evacuee,,Evacuee;485;in triage state;B;is at the evacuation site
849.818,3,evacueeManager,,OFF SHIP: White;0;Green;352;Yellow;55;Red;15;Black;78;ON SHIP: White;0;Green;0;Yellow;0;Red;0;Evacuees to Transfer;
849.818,841,evacuee,outES,Evacuee 104 in triage category Y is not assigned a helicopter
849.818,841,evacuee,,Evacuee;104;in triage state;R;is at the evacuation site
852.239,3,evacueeManager,,OFF SHIP: White;0;Green;352;Yellow;54;Red;16;Black;78;ON SHIP: White;0;Green;0;Yellow;0;Red;0;Evacuees to Transfer;
852.239,405,evacuee,outES,Evacuee 283 in triage category Y is not assigned a helicopter
852.239,405,evacuee,,Evacuee;283;in triage state;R;is at the evacuation site
852.84,3,evacueeManager,,OFF SHIP: White;0;Green;352;Yellow;54;Red;15;Black;79;ON SHIP: White;0;Green;0;Yellow;0;Red;0;Evacuees to Transfer;
852.84,257,evacuee,outES,Evacuee 353 in triage category R is not assigned a helicopter
852.84,257,evacuee,,Evacuee;353;in triage state;B;is at the evacuation site
854.288,3,evacueeManager,,OFF SHIP: White;0;Green;352;Yellow;54;Red;14;Black;80;ON SHIP: White;0;Green;0;Yellow;0;Red;0;Evacuees to Transfer;
854.288,700,evacuee,outES,Evacuee 431 in triage category R is not assigned a helicopter
854.288,700,evacuee,,Evacuee;431;in triage state;B;is at the evacuation site
854.38,3,evacueeManager,,OFF SHIP: White;0;Green;352;Yellow;53;Red;15;Black;80;ON SHIP: White;0;Green;0;Yellow;0;Red;0;Evacuees to Transfer;
854.38,118,evacuee,outES,Evacuee 428 in triage category Y is not assigned a helicopter
854.38,118,evacuee,,Evacuee;428;in triage state;R;is at the evacuation site
854.806,3,evacueeManager,,OFF SHIP: White;0;Green;351;Yellow;54;Red;15;Black;80;ON SHIP: White;0;Green;0;Yellow;0;Red;0;Evacuees to Transfer;
854.806,1139,evacuee,outES,Evacuee 63 in triage category G is not assigned a helicopter
854.806,1139,evacuee,,Evacuee;63;in triage state;Y;is at the evacuation site
855.236,3,evacueeManager,,OFF SHIP: White;0;Green;351;Yellow;53;Red;16;Black;80;ON SHIP: White;0;Green;0;Yellow;0;Red;0;Evacuees to Transfer;
855.236,175,evacuee,outES,Evacuee 393 in triage category Y is not assigned a helicopter
855.236,175,evacuee,,Evacuee;393;in triage state;R;is at the evacuation site
856.434,3,evacueeManager,,OFF SHIP: White;0;Green;350;Yellow;54;Red;16;Black;80;ON SHIP: White;0;Green;0;Yellow;0;Red;0;Evacuees to Transfer;
856.434,1287,evacuee,outES,Evacuee 438 in triage category G is not assigned a helicopter
856.434,1287,evacuee,,Evacuee;438;in triage state;Y;is at the evacuation site
858.957,3,evacueeManager,,OFF SHIP: White;0;Green;350;Yellow;54;Red;15;Black;81;ON SHIP: White;0;Green;0;Yellow;0;Red;0;Evacuees to Transfer;
858.957,1494,evacuee,outES,Evacuee 239 in triage category R is not assigned a helicopter
858.957,1494,evacuee,,Evacuee;239;in triage state;B;is at the evacuation site
859.727,3,evacueeManager,,OFF SHIP: White;0;Green;350;Yellow;53;Red;16;Black;81;ON SHIP: White;0;Green;0;Yellow;0;Red;0;Evacuees to Transfer;
859.727,190,evacuee,outES,Evacuee 383 in triage category Y is not assigned a helicopter
859.727,190,evacuee,,Evacuee;383;in triage state;R;is at the evacuation site
860.063,3,evacueeManager,,OFF SHIP: White;0;Green;349;Yellow;54;Red;16;Black;81;ON SHIP: White;0;Green;0;Yellow;0;Red;0;Evacuees to Transfer;
860.063,1063,evacuee,outES,Evacuee 35 in triage category G is not assigned a helicopter
860.063,1063,evacuee,,Evacuee;35;in triage state;Y;is at the evacuation site
864.736,3,evacueeManager,,OFF SHIP: White;0;Green;348;Yellow;55;Red;16;Black;81;ON SHIP: White;0;Green;0;Yellow;0;Red;0;Evacuees to Transfer;
864.736,1215,evacuee,outES,Evacuee 139 in triage category G is not assigned a helicopter
864.736,1215,evacuee,,Evacuee;139;in triage state;Y;is at the evacuation site
865.835,3,evacueeManager,,OFF SHIP: White;0;Green;348;Yellow;55;Red;15;Black;82;ON SHIP: White;0;Green;0;Yellow;0;Red;0;Evacuees to Transfer;
865.835,405,evacuee,outES,Evacuee 283 in triage category R is not assigned a helicopter
865.835,405,evacuee,,Evacuee;283;in triage state;B;is at the evacuation site
869.447,3,evacueeManager,,OFF SHIP: White;0;Green;348;Yellow;54;Red;16;Black;82;ON SHIP: White;0;Green;0;Yellow;0;Red;0;Evacuees to Transfer;
869.447,187,evacuee,outES,Evacuee 430 in triage category Y is not assigned a helicopter
869.447,187,evacuee,,Evacuee;430;in triage state;R;is at the evacuation site
870.272,3,evacueeManager,,OFF SHIP: White;0;Green;348;Yellow;53;Red;17;Black;82;ON SHIP: White;0;Green;0;Yellow;0;Red;0;Evacuees to Transfer;
870.272,321,evacuee,outES,Evacuee 321 in triage category Y is not assigned a helicopter
870.272,321,evacuee,,Evacuee;321;in triage state;R;is at the evacuation site
870.801,3,evacueeManager,,OFF SHIP: White;0;Green;348;Yellow;53;Red;16;Black;83;ON SHIP: White;0;Green;0;Yellow;0;Red;0;Evacuees to Transfer;
870.801,1281,evacuee,outES,Evacuee 242 in triage category R is not assigned a helicopter
870.801,1281,evacuee,,Evacuee;242;in triage state;B;is at the evacuation site
873.21,3,evacueeManager,,OFF SHIP: White;0;Green;347;Yellow;54;Red;16;Black;83;ON SHIP: White;0;Green;0;Yellow;0;Red;0;Evacuees to Transfer;
873.21,339,evacuee,outES,Evacuee 446 in triage category G is not assigned a helicopter
873.21,339,evacuee,,Evacuee;446;in triage state;Y;is at the evacuation site
875.39,3,evacueeManager,,OFF SHIP: White;0;Green;347;Yellow;54;Red;15;Black;84;ON SHIP: White;0;Green;0;Yellow;0;Red;0;Evacuees to Transfer;
875.39,988,evacuee,outES,Evacuee 52 in triage category R is not assigned a helicopter
875.39,988,evacuee,,Evacuee;52;in triage state;B;is at the evacuation site
875.751,3,evacueeManager,,OFF SHIP: White;0;Green;347;Yellow;53;Red;16;Black;84;ON SHIP: White;0;Green;0;Yellow;0;Red;0;Evacuees to Transfer;
875.751,847,evacuee,outES,Evacuee 97 in triage category Y is not assigned a helicopter
875.751,847,evacuee,,Evacuee;97;in triage state;R;is at the evacuation site
877.688,3,evacueeManager,,OFF SHIP: White;0;Green;347;Yellow;53;Red;15;Black;85;ON SHIP: White;0;Green;0;Yellow;0;Red;0;Evacuees to Transfer;
877.688,1206,evacuee,outES,Evacuee 137 in triage category R is not assigned a helicopter
877.688,1206,evacuee,,Evacuee;137;in triage state;B;is at the evacuation site
879.274,3,evacueeManager,,OFF SHIP: White;0;Green;347;Yellow;52;Red;16;Black;85;ON SHIP: White;0;Green;0;Yellow;0;Red;0;Evacuees to Transfer;
879.274,330,evacuee,outES,Evacuee 317 in triage category Y is not assigned a helicopter
879.274,330,evacuee,,Evacuee;317;in triage state;R;is at the evacuation site
880.542,3,evacueeManager,,OFF SHIP: White;0;Green;347;Yellow;52;Red;15;Black;86;ON SHIP: White;0;Green;0;Yellow;0;Red;0;Evacuees to Transfer;
880.542,330,evacuee,outES,Evacuee 317 in triage category R is not assigned a helicopter
880.542,330,evacuee,,Evacuee;317;in triage state;B;is at the evacuation site
881.031,3,evacueeManager,,OFF SHIP: White;0;Green;347;Yellow;52;Red;14;Black;87;ON SHIP: White;0;Green;0;Yellow;0;Red;0;Evacuees to Transfer;
881.031,474,evacuee,outES,Evacuee 449 in triage category R is not assigned a helicopter
881.031,474,evacuee,,Evacuee;449;in triage state;B;is at the evacuation site
881.636,3,evacueeManager,,OFF SHIP: White;0;Green;346;Yellow;53;Red;14;Black;87;ON SHIP: White;0;Green;0;Yellow;0;Red;0;Evacuees to Transfer;
881.636,1359,evacuee,outES,Evacuee 191 in triage category G is not assigned a helicopter
881.636,1359,evacuee,,Evacuee;191;in triage state;Y;is at the evacuation site
882.449,3,evacueeManager,,OFF SHIP: White;0;Green;346;Yellow;52;Red;15;Black;87;ON SHIP: White;0;Green;0;Yellow;0;Red;0;Evacuees to Transfer;
882.449,844,evacuee,outES,Evacuee 40 in triage category Y is not assigned a helicopter
882.449,844,evacuee,,Evacuee;40;in triage state;R;is at the evacuation site
882.792,3,evacueeManager,,OFF SHIP: White;0;Green;346;Yellow;51;Red;16;Black;87;ON SHIP: White;0;Green;0;Yellow;0;Red;0;Evacuees to Transfer;
882.792,1139,evacuee,outES,Evacuee 63 in triage category Y is not assigned a helicopter
882.792,1139,evacuee,,Evacuee;63;in triage state;R;is at the evacuation site
883.227,3,evacueeManager,,OFF SHIP: White;0;Green;346;Yellow;50;Red;17;Black;87;ON SHIP: White;0;Green;0;Yellow;0;Red;0;Evacuees to Transfer;
883.227,260,evacuee,outES,Evacuee 351 in triage category Y is not assigned a helicopter
883.227,260,evacuee,,Evacuee;351;in triage state;R;is at the evacuation site
883.252,3,evacueeManager,,OFF SHIP: White;0;Green;346;Yellow;50;Red;16;Black;88;ON SHIP: White;0;Green;0;Yellow;0;Red;0;Evacuees to Transfer;
883.252,847,evacuee,outES,Evacuee 97 in triage category R is not assigned a helicopter
883.252,847,evacuee,,Evacuee;97;in triage state;B;is at the evacuation site
886.636,3,evacueeManager,,OFF SHIP: White;0;Green;346;Yellow;50;Red;15;Black;89;ON SHIP: White;0;Green;0;Yellow;0;Red;0;Evacuees to Transfer;
886.636,1491,evacuee,outES,Evacuee 113 in triage category R is not assigned a helicopter
886.636,1491,evacuee,,Evacuee;113;in triage state;B;is at the evacuation site
887.347,3,evacueeManager,,OFF SHIP: White;0;Green;346;Yellow;50;Red;14;Black;90;ON SHIP: White;0;Green;0;Yellow;0;Red;0;Evacuees to Transfer;
887.347,1500,evacuee,outES,Evacuee 96 in triage category R is not assigned a helicopter
887.347,1500,evacuee,,Evacuee;96;in triage state;B;is at the evacuation site
889.417,3,evacueeManager,,OFF SHIP: White;0;Green;346;Yellow;50;Red;13;Black;91;ON SHIP: White;0;Green;0;Yellow;0;Red;0;Evacuees to Transfer;
889.417,546,evacuee,outES,Evacuee 188 in triage category R is not assigned a helicopter
889.417,546,evacuee,,Evacuee;188;in triage state;B;is at the evacuation site
890.461,3,evacueeManager,,OFF SHIP: White;0;Green;346;Yellow;50;Red;12;Black;92;ON SHIP: White;0;Green;0;Yellow;0;Red;0;Evacuees to Transfer;
890.461,844,evacuee,outES,Evacuee 40 in triage category R is not assigned a helicopter
890.461,844,evacuee,,Evacuee;40;in triage state;B;is at the evacuation site
892.177,3,evacueeManager,,OFF SHIP: White;0;Green;346;Yellow;50;Red;11;Black;93;ON SHIP: White;0;Green;0;Yellow;0;Red;0;Evacuees to Transfer;
892.177,190,evacuee,outES,Evacuee 383 in triage category R is not assigned a helicopter
892.177,190,evacuee,,Evacuee;383;in triage state;B;is at the evacuation site
892.574,3,evacueeManager,,OFF SHIP: White;0;Green;346;Yellow;50;Red;10;Black;94;ON SHIP: White;0;Green;0;Yellow;0;Red;0;Evacuees to Transfer;
892.574,1485,evacuee,outES,Evacuee 237 in triage category R is not assigned a helicopter
892.574,1485,evacuee,,Evacuee;237;in triage state;B;is at the evacuation site
897.101,3,evacueeManager,,OFF SHIP: White;0;Green;346;Yellow;50;Red;9;Black;95;ON SHIP: White;0;Green;0;Yellow;0;Red;0;Evacuees to Transfer;
897.101,260,evacuee,outES,Evacuee 351 in triage category R is not assigned a helicopter
897.101,260,evacuee,,Evacuee;351;in triage state;B;is at the evacuation site
902.892,3,evacueeManager,,OFF SHIP: White;0;Green;346;Yellow;50;Red;8;Black;96;ON SHIP: White;0;Green;0;Yellow;0;Red;0;Evacuees to Transfer;
902.892,1129,evacuee,outES,Evacuee 120 in triage category R is not assigned a helicopter
902.892,1129,evacuee,,Evacuee;120;in triage state;B;is at the evacuation site
907.224,3,evacueeManager,,OFF SHIP: White;0;Green;346;Yellow;49;Red;9;Black;96;ON SHIP: White;0;Green;0;Yellow;0;Red;0;Evacuees to Transfer;
907.224,552,evacuee,outES,Evacuee 311 in triage category Y is not assigned a helicopter
907.224,552,evacuee,,Evacuee;311;in triage state;R;is at the evacuation site
911.358,3,evacueeManager,,OFF SHIP: White;0;Green;346;Yellow;48;Red;10;Black;96;ON SHIP: White;0;Green;0;Yellow;0;Red;0;Evacuees to Transfer;
911.358,115,evacuee,outES,Evacuee 433 in triage category Y is not assigned a helicopter
911.358,115,evacuee,,Evacuee;433;in triage state;R;is at the evacuation site
918.349,3,evacueeManager,,OFF SHIP: White;0;Green;346;Yellow;47;Red;11;Black;96;ON SHIP: White;0;Green;0;Yellow;0;Red;0;Evacuees to Transfer;
918.349,411,evacuee,outES,Evacuee 281 in triage category Y is not assigned a helicopter
918.349,411,evacuee,,Evacuee;281;in triage state;R;is at the evacuation site
918.971,3,evacueeManager,,OFF SHIP: White;0;Green;346;Yellow;46;Red;12;Black;96;ON SHIP: White;0;Green;0;Yellow;0;Red;0;Evacuees to Transfer;
918.971,697,evacuee,outES,Evacuee 76 in triage category Y is not assigned a helicopter
918.971,697,evacuee,,Evacuee;76;in triage state;R;is at the evacuation site
921.538,3,evacueeManager,,OFF SHIP: White;0;Green;346;Yellow;46;Red;11;Black;97;ON SHIP: White;0;Green;0;Yellow;0;Red;0;Evacuees to Transfer;
921.538,115,evacuee,outES,Evacuee 433 in triage category R is not assigned a helicopter
921.538,115,evacuee,,Evacuee;433;in triage state;B;is at the evacuation site
926.278,3,evacueeManager,,OFF SHIP: White;0;Green;346;Yellow;46;Red;10;Black;98;ON SHIP: White;0;Green;0;Yellow;0;Red;0;Evacuees to Transfer;
926.278,321,evacuee,outES,Evacuee 321 in triage category R is not assigned a helicopter
926.278,321,evacuee,,Evacuee;321;in triage state;B;is at the evacuation site
931.492,3,evacueeManager,,OFF SHIP: White;0;Green;346;Yellow;46;Red;9;Black;99;ON SHIP: White;0;Green;0;Yellow;0;Red;0;Evacuees to Transfer;
931.492,187,evacuee,outES,Evacuee 430 in triage category R is not assigned a helicopter
931.492,187,evacuee,,Evacuee;430;in triage state;B;is at the evacuation site
935.187,3,evacueeManager,,OFF SHIP: White;0;Green;346;Yellow;45;Red;10;Black;99;ON SHIP: White;0;Green;0;Yellow;0;Red;0;Evacuees to Transfer;
935.187,1287,evacuee,outES,Evacuee 438 in triage category Y is not assigned a helicopter
935.187,1287,evacuee,,Evacuee;438;in triage state;R;is at the evacuation site
940.436,3,evacueeManager,,OFF SHIP: White;0;Green;346;Yellow;45;Red;9;Black;100;ON SHIP: White;0;Green;0;Yellow;0;Red;0;Evacuees to Transfer;
940.436,1139,evacuee,outES,Evacuee 63 in triage category R is not assigned a helicopter
940.436,1139,evacuee,,Evacuee;63;in triage state;B;is at the evacuation site
942.637,3,evacueeManager,,OFF SHIP: White;0;Green;346;Yellow;44;Red;10;Black;100;ON SHIP: White;0;Green;0;Yellow;0;Red;0;Evacuees to Transfer;
942.637,1413,evacuee,outES,Evacuee 180 in triage category Y is not assigned a helicopter
942.637,1413,evacuee,,Evacuee;180;in triage state;R;is at the evacuation site
942.834,3,evacueeManager,,OFF SHIP: White;0;Green;345;Yellow;45;Red;10;Black;100;ON SHIP: White;0;Green;0;Yellow;0;Red;0;Evacuees to Transfer;
942.834,486,evacuee,outES,Evacuee 121 in triage category G is not assigned a helicopter
942.834,486,evacuee,,Evacuee;121;in triage state;Y;is at the evacuation site
947.296,3,evacueeManager,,OFF SHIP: White;0;Green;345;Yellow;45;Red;9;Black;101;ON SHIP: White;0;Green;0;Yellow;0;Red;0;Evacuees to Transfer;
947.296,1287,evacuee,outES,Evacuee 438 in triage category R is not assigned a helicopter
947.296,1287,evacuee,,Evacuee;438;in triage state;B;is at the evacuation site
948.024,3,evacueeManager,,OFF SHIP: White;0;Green;344;Yellow;46;Red;9;Black;101;ON SHIP: White;0;Green;0;Yellow;0;Red;0;Evacuees to Transfer;
948.024,121,evacuee,outES,Evacuee 426 in triage category G is not assigned a helicopter
948.024,121,evacuee,,Evacuee;426;in triage state;Y;is at the evacuation site
951.466,3,evacueeManager,,OFF SHIP: White;0;Green;343;Yellow;47;Red;9;Black;101;ON SHIP: White;0;Green;0;Yellow;0;Red;0;Evacuees to Transfer;
951.466,1503,evacuee,outES,Evacuee 244 in triage category G is not assigned a helicopter
951.466,1503,evacuee,,Evacuee;244;in triage state;Y;is at the evacuation site
952.442,3,evacueeManager,,OFF SHIP: White;0;Green;343;Yellow;46;Red;10;Black;101;ON SHIP: White;0;Green;0;Yellow;0;Red;0;Evacuees to Transfer;
952.442,402,evacuee,outES,Evacuee 284 in triage category Y is not assigned a helicopter
952.442,402,evacuee,,Evacuee;284;in triage state;R;is at the evacuation site
953.072,3,evacueeManager,,OFF SHIP: White;0;Green;342;Yellow;47;Red;10;Black;101;ON SHIP: White;0;Green;0;Yellow;0;Red;0;Evacuees to Transfer;
953.072,558,evacuee,outES,Evacuee 235 in triage category G is not assigned a helicopter
953.072,558,evacuee,,Evacuee;235;in triage state;Y;is at the evacuation site
957.055,3,evacueeManager,,OFF SHIP: White;0;Green;341;Yellow;48;Red;10;Black;101;ON SHIP: White;0;Green;0;Yellow;0;Red;0;Evacuees to Transfer;
957.055,634,evacuee,outES,Evacuee 127 in triage category G is not assigned a helicopter
957.055,634,evacuee,,Evacuee;127;in triage state;Y;is at the evacuation site
963.428,3,evacueeManager,,OFF SHIP: White;0;Green;341;Yellow;48;Red;9;Black;102;ON SHIP: White;0;Green;0;Yellow;0;Red;0;Evacuees to Transfer;
963.428,118,evacuee,outES,Evacuee 428 in triage category R is not assigned a helicopter
963.428,118,evacuee,,Evacuee;428;in triage state;B;is at the evacuation site
963.805,3,evacueeManager,,OFF SHIP: White;0;Green;341;Yellow;48;Red;8;Black;103;ON SHIP: White;0;Green;0;Yellow;0;Red;0;Evacuees to Transfer;
963.805,841,evacuee,outES,Evacuee 104 in triage category R is not assigned a helicopter
963.805,841,evacuee,,Evacuee;104;in triage state;B;is at the evacuation site
963.859,3,evacueeManager,,OFF SHIP: White;0;Green;341;Yellow;48;Red;7;Black;104;ON SHIP: White;0;Green;0;Yellow;0;Red;0;Evacuees to Transfer;
963.859,411,evacuee,outES,Evacuee 281 in triage category R is not assigned a helicopter
963.859,411,evacuee,,Evacuee;281;in triage state;B;is at the evacuation site
967.344,3,evacueeManager,,OFF SHIP: White;0;Green;340;Yellow;49;Red;7;Black;104;ON SHIP: White;0;Green;0;Yellow;0;Red;0;Evacuees to Transfer;
967.344,706,evacuee,outES,Evacuee 363 in triage category G is not assigned a helicopter
967.344,706,evacuee,,Evacuee;363;in triage state;Y;is at the evacuation site
970.73,3,evacueeManager,,OFF SHIP: White;0;Green;339;Yellow;50;Red;7;Black;104;ON SHIP: White;0;Green;0;Yellow;0;Red;0;Evacuees to Transfer;
970.73,994,evacuee,outES,Evacuee 304 in triage category G is not assigned a helicopter
970.73,994,evacuee,,Evacuee;304;in triage state;Y;is at the evacuation site
974.542,3,evacueeManager,,OFF SHIP: White;0;Green;339;Yellow;50;Red;6;Black;105;ON SHIP: White;0;Green;0;Yellow;0;Red;0;Evacuees to Transfer;
974.542,175,evacuee,outES,Evacuee 393 in triage category R is not assigned a helicopter
974.542,175,evacuee,,Evacuee;393;in triage state;B;is at the evacuation site
978.055,3,evacueeManager,,OFF SHIP: White;0;Green;338;Yellow;51;Red;6;Black;105;ON SHIP: White;0;Green;0;Yellow;0;Red;0;Evacuees to Transfer;
978.055,266,evacuee,outES,Evacuee 348 in triage category G is not assigned a helicopter
978.055,266,evacuee,,Evacuee;348;in triage state;Y;is at the evacuation site
978.983,3,evacueeManager,,OFF SHIP: White;0;Green;337;Yellow;52;Red;6;Black;105;ON SHIP: White;0;Green;0;Yellow;0;Red;0;Evacuees to Transfer;
978.983,1431,evacuee,outES,Evacuee 294 in triage category G is not assigned a helicopter
978.983,1431,evacuee,,Evacuee;294;in triage state;Y;is at the evacuation site
981.687,3,evacueeManager,,OFF SHIP: White;0;Green;336;Yellow;53;Red;6;Black;105;ON SHIP: White;0;Green;0;Yellow;0;Red;0;Evacuees to Transfer;
981.687,850,evacuee,outES,Evacuee 453 in triage category G is not assigned a helicopter
981.687,850,evacuee,,Evacuee;453;in triage state;Y;is at the evacuation site
981.759,3,evacueeManager,,OFF SHIP: White;0;Green;336;Yellow;52;Red;7;Black;105;ON SHIP: White;0;Green;0;Yellow;0;Red;0;Evacuees to Transfer;
981.759,991,evacuee,outES,Evacuee 41 in triage category Y is not assigned a helicopter
981.759,991,evacuee,,Evacuee;41;in triage state;R;is at the evacuation site
985.595,3,evacueeManager,,OFF SHIP: White;0;Green;336;Yellow;52;Red;6;Black;106;ON SHIP: White;0;Green;0;Yellow;0;Red;0;Evacuees to Transfer;
985.595,402,evacuee,outES,Evacuee 284 in triage category R is not assigned a helicopter
985.595,402,evacuee,,Evacuee;284;in triage state;B;is at the evacuation site
986.096,3,evacueeManager,,OFF SHIP: White;0;Green;335;Yellow;53;Red;6;Black;106;ON SHIP: White;0;Green;0;Yellow;0;Red;0;Evacuees to Transfer;
986.096,414,evacuee,outES,Evacuee 280 in triage category G is not assigned a helicopter
986.096,414,evacuee,,Evacuee;280;in triage state;Y;is at the evacuation site
986.232,3,evacueeManager,,OFF SHIP: White;0;Green;335;Yellow;52;Red;7;Black;106;ON SHIP: White;0;Green;0;Yellow;0;Red;0;Evacuees to Transfer;
986.232,1126,evacuee,outES,Evacuee 266 in triage category Y is not assigned a helicopter
986.232,1126,evacuee,,Evacuee;266;in triage state;R;is at the evacuation site
986.62,3,evacueeManager,,OFF SHIP: White;0;Green;335;Yellow;51;Red;8;Black;106;ON SHIP: White;0;Green;0;Yellow;0;Red;0;Evacuees to Transfer;
986.62,408,evacuee,outES,Evacuee 282 in triage category Y is not assigned a helicopter
986.62,408,evacuee,,Evacuee;282;in triage state;R;is at the evacuation site
989.324,3,evacueeManager,,OFF SHIP: White;0;Green;335;Yellow;50;Red;9;Black;106;ON SHIP: White;0;Green;0;Yellow;0;Red;0;Evacuees to Transfer;
989.324,266,evacuee,outES,Evacuee 348 in triage category Y is not assigned a helicopter
989.324,266,evacuee,,Evacuee;348;in triage state;R;is at the evacuation site
993.539,3,evacueeManager,,OFF SHIP: White;0;Green;334;Yellow;51;Red;9;Black;106;ON SHIP: White;0;Green;0;Yellow;0;Red;0;Evacuees to Transfer;
993.539,778,evacuee,outES,Evacuee 70 in triage category G is not assigned a helicopter
993.539,778,evacuee,,Evacuee;70;in triage state;Y;is at the evacuation site
1003.93,3,evacueeManager,,OFF SHIP: White;0;Green;334;Yellow;51;Red;8;Black;107;ON SHIP: White;0;Green;0;Yellow;0;Red;0;Evacuees to Transfer;
1003.93,408,evacuee,outES,Evacuee 282 in triage category R is not assigned a helicopter
1003.93,408,evacuee,,Evacuee;282;in triage state;B;is at the evacuation site
1011.21,3,evacueeManager,,OFF SHIP: White;0;Green;333;Yellow;52;Red;8;Black;107;ON SHIP: White;0;Green;0;Yellow;0;Red;0;Evacuees to Transfer;
1011.21,922,evacuee,outES,Evacuee 157 in triage category G is not assigned a helicopter
1011.21,922,evacuee,,Evacuee;157;in triage state;Y;is at the evacuation site
1013.79,3,evacueeManager,,OFF SHIP: White;0;Green;332;Yellow;53;Red;8;Black;107;ON SHIP: White;0;Green;0;Yellow;0;Red;0;Evacuees to Transfer;
1013.79,1142,evacuee,outES,Evacuee 175 in triage category G is not assigned a helicopter
1013.79,1142,evacuee,,Evacuee;175;in triage state;Y;is at the evacuation site
1019.72,3,evacueeManager,,OFF SHIP: White;0;Green;332;Yellow;53;Red;7;Black;108;ON SHIP: White;0;Green;0;Yellow;0;Red;0;Evacuees to Transfer;
1019.72,697,evacuee,outES,Evacuee 76 in triage category R is not assigned a helicopter
1019.72,697,evacuee,,Evacuee;76;in triage state;B;is at the evacuation site
1022.56,3,evacueeManager,,OFF SHIP: White;0;Green;331;Yellow;54;Red;7;Black;108;ON SHIP: White;0;Green;0;Yellow;0;Red;0;Evacuees to Transfer;
1022.56,1066,evacuee,outES,Evacuee 155 in triage category G is not assigned a helicopter
1022.56,1066,evacuee,,Evacuee;155;in triage state;Y;is at the evacuation site
1025.15,3,evacueeManager,,OFF SHIP: White;0;Green;330;Yellow;55;Red;7;Black;108;ON SHIP: White;0;Green;0;Yellow;0;Red;0;Evacuees to Transfer;
1025.15,1290,evacuee,outES,Evacuee 146 in triage category G is not assigned a helicopter
1025.15,1290,evacuee,,Evacuee;146;in triage state;Y;is at the evacuation site
1025.17,3,evacueeManager,,OFF SHIP: White;0;Green;330;Yellow;55;Red;6;Black;109;ON SHIP: White;0;Green;0;Yellow;0;Red;0;Evacuees to Transfer;
1025.17,552,evacuee,outES,Evacuee 311 in triage category R is not assigned a helicopter
1025.17,552,evacuee,,Evacuee;311;in triage state;B;is at the evacuation site
1027.63,3,evacueeManager,,OFF SHIP: White;0;Green;330;Yellow;54;Red;7;Black;109;ON SHIP: White;0;Green;0;Yellow;0;Red;0;Evacuees to Transfer;
1027.63,1142,evacuee,outES,Evacuee 175 in triage category Y is not assigned a helicopter
1027.63,1142,evacuee,,Evacuee;175;in triage state;R;is at the evacuation site
1027.8,3,evacueeManager,,OFF SHIP: White;0;Green;330;Yellow;53;Red;8;Black;109;ON SHIP: White;0;Green;0;Yellow;0;Red;0;Evacuees to Transfer;
1027.8,1215,evacuee,outES,Evacuee 139 in triage category Y is not assigned a helicopter
1027.8,1215,evacuee,,Evacuee;139;in triage state;R;is at the evacuation site
1032.57,3,evacueeManager,,OFF SHIP: White;0;Green;330;Yellow;52;Red;9;Black;109;ON SHIP: White;0;Green;0;Yellow;0;Red;0;Evacuees to Transfer;
1032.57,1416,evacuee,outES,Evacuee 206 in triage category Y is not assigned a helicopter
1032.57,1416,evacuee,,Evacuee;206;in triage state;R;is at the evacuation site
1035.81,3,evacueeManager,,OFF SHIP: White;0;Green;330;Yellow;51;Red;10;Black;109;ON SHIP: White;0;Green;0;Yellow;0;Red;0;Evacuees to Transfer;
1035.81,1353,evacuee,outES,Evacuee 189 in triage category Y is not assigned a helicopter
1035.81,1353,evacuee,,Evacuee;189;in triage state;R;is at the evacuation site
1036.08,3,evacueeManager,,OFF SHIP: White;0;Green;330;Yellow;51;Red;9;Black;110;ON SHIP: White;0;Green;0;Yellow;0;Red;0;Evacuees to Transfer;
1036.08,1126,evacuee,outES,Evacuee 266 in triage category R is not assigned a helicopter
1036.08,1126,evacuee,,Evacuee;266;in triage state;B;is at the evacuation site
1038.61,3,evacueeManager,,OFF SHIP: White;0;Green;330;Yellow;50;Red;10;Black;110;ON SHIP: White;0;Green;0;Yellow;0;Red;0;Evacuees to Transfer;
1038.61,850,evacuee,outES,Evacuee 453 in triage category Y is not assigned a helicopter
1038.61,850,evacuee,,Evacuee;453;in triage state;R;is at the evacuation site
1042.34,3,evacueeManager,,OFF SHIP: White;0;Green;330;Yellow;50;Red;9;Black;111;ON SHIP: White;0;Green;0;Yellow;0;Red;0;Evacuees to Transfer;
1042.34,1353,evacuee,outES,Evacuee 189 in triage category R is not assigned a helicopter
1042.34,1353,evacuee,,Evacuee;189;in triage state;B;is at the evacuation site
1042.94,3,evacueeManager,,OFF SHIP: White;0;Green;329;Yellow;51;Red;9;Black;111;ON SHIP: White;0;Green;0;Yellow;0;Red;0;Evacuees to Transfer;
1042.94,342,evacuee,outES,Evacuee 313 in triage category G is not assigned a helicopter
1042.94,342,evacuee,,Evacuee;313;in triage state;Y;is at the evacuation site
1043.65,3,evacueeManager,,OFF SHIP: White;0;Green;328;Yellow;52;Red;9;Black;111;ON SHIP: White;0;Green;0;Yellow;0;Red;0;Evacuees to Transfer;
1043.65,1218,evacuee,outES,Evacuee 194 in triage category G is not assigned a helicopter
1043.65,1218,evacuee,,Evacuee;194;in triage state;Y;is at the evacuation site
1044.44,3,evacueeManager,,OFF SHIP: White;0;Green;328;Yellow;51;Red;10;Black;111;ON SHIP: White;0;Green;0;Yellow;0;Red;0;Evacuees to Transfer;
1044.44,1063,evacuee,outES,Evacuee 35 in triage category Y is not assigned a helicopter
1044.44,1063,evacuee,,Evacuee;35;in triage state;R;is at the evacuation site
1046.05,3,evacueeManager,,OFF SHIP: White;0;Green;328;Yellow;51;Red;9;Black;112;ON SHIP: White;0;Green;0;Yellow;0;Red;0;Evacuees to Transfer;
1046.05,1215,evacuee,outES,Evacuee 139 in triage category R is not assigned a helicopter
1046.05,1215,evacuee,,Evacuee;139;in triage state;B;is at the evacuation site
1046.79,3,evacueeManager,,OFF SHIP: White;0;Green;328;Yellow;51;Red;8;Black;113;ON SHIP: White;0;Green;0;Yellow;0;Red;0;Evacuees to Transfer;
1046.79,991,evacuee,outES,Evacuee 41 in triage category R is not assigned a helicopter
1046.79,991,evacuee,,Evacuee;41;in triage state;B;is at the evacuation site
1048.63,3,evacueeManager,,OFF SHIP: White;0;Green;327;Yellow;52;Red;8;Black;113;ON SHIP: White;0;Green;0;Yellow;0;Red;0;Evacuees to Transfer;
1048.63,1362,evacuee,outES,Evacuee 314 in triage category G is not assigned a helicopter
1048.63,1362,evacuee,,Evacuee;314;in triage state;Y;is at the evacuation site
1055,3,evacueeManager,,OFF SHIP: White;0;Green;327;Yellow;52;Red;7;Black;114;ON SHIP: White;0;Green;0;Yellow;0;Red;0;Evacuees to Transfer;
1055,1142,evacuee,outES,Evacuee 175 in triage category R is not assigned a helicopter
1055,1142,evacuee,,Evacuee;175;in triage state;B;is at the evacuation site
1055.76,3,evacueeManager,,OFF SHIP: White;0;Green;327;Yellow;52;Red;6;Black;115;ON SHIP: White;0;Green;0;Yellow;0;Red;0;Evacuees to Transfer;
1055.76,1063,evacuee,outES,Evacuee 35 in triage category R is not assigned a helicopter
1055.76,1063,evacuee,,Evacuee;35;in triage state;B;is at the evacuation site
1060.99,3,evacueeManager,,OFF SHIP: White;0;Green;327;Yellow;52;Red;5;Black;116;ON SHIP: White;0;Green;0;Yellow;0;Red;0;Evacuees to Transfer;
1060.99,1416,evacuee,outES,Evacuee 206 in triage category R is not assigned a helicopter
1060.99,1416,evacuee,,Evacuee;206;in triage state;B;is at the evacuation site
1063.36,3,evacueeManager,,OFF SHIP: White;0;Green;327;Yellow;51;Red;6;Black;116;ON SHIP: White;0;Green;0;Yellow;0;Red;0;Evacuees to Transfer;
1063.36,339,evacuee,outES,Evacuee 446 in triage category Y is not assigned a helicopter
1063.36,339,evacuee,,Evacuee;446;in triage state;R;is at the evacuation site
1063.39,3,evacueeManager,,OFF SHIP: White;0;Green;327;Yellow;51;Red;5;Black;117;ON SHIP: White;0;Green;0;Yellow;0;Red;0;Evacuees to Transfer;
1063.39,549,evacuee,outES,Evacuee 106 in triage category R is not assigned a helicopter
1063.39,549,evacuee,,Evacuee;106;in triage state;B;is at the evacuation site
1064.95,3,evacueeManager,,OFF SHIP: White;0;Green;327;Yellow;51;Red;4;Black;118;ON SHIP: White;0;Green;0;Yellow;0;Red;0;Evacuees to Transfer;
1064.95,850,evacuee,outES,Evacuee 453 in triage category R is not assigned a helicopter
1064.95,850,evacuee,,Evacuee;453;in triage state;B;is at the evacuation site
1085.27,3,evacueeManager,,OFF SHIP: White;0;Green;327;Yellow;50;Red;5;Black;118;ON SHIP: White;0;Green;0;Yellow;0;Red;0;Evacuees to Transfer;
1085.27,703,evacuee,outES,Evacuee 74 in triage category Y is not assigned a helicopter
1085.27,703,evacuee,,Evacuee;74;in triage state;R;is at the evacuation site
1097.7,3,evacueeManager,,OFF SHIP: White;0;Green;327;Yellow;49;Red;6;Black;118;ON SHIP: White;0;Green;0;Yellow;0;Red;0;Evacuees to Transfer;
1097.7,628,evacuee,outES,Evacuee 90 in triage category Y is not assigned a helicopter
1097.7,628,evacuee,,Evacuee;90;in triage state;R;is at the evacuation site
1098.27,3,evacueeManager,,OFF SHIP: White;0;Green;326;Yellow;50;Red;6;Black;118;ON SHIP: White;0;Green;0;Yellow;0;Red;0;Evacuees to Transfer;
1098.27,48,evacuee,outES,Evacuee 476 in triage category G is not assigned a helicopter
1098.27,48,evacuee,,Evacuee;476;in triage state;Y;is at the evacuation site
1111.36,3,evacueeManager,,OFF SHIP: White;0;Green;326;Yellow;49;Red;7;Black;118;ON SHIP: White;0;Green;0;Yellow;0;Red;0;Evacuees to Transfer;
1111.36,916,evacuee,outES,Evacuee 6 in triage category Y is not assigned a helicopter
1111.36,916,evacuee,,Evacuee;6;in triage state;R;is at the evacuation site
1112.38,3,evacueeManager,,OFF SHIP: White;0;Green;326;Yellow;48;Red;8;Black;118;ON SHIP: White;0;Green;0;Yellow;0;Red;0;Evacuees to Transfer;
1112.38,18,evacuee,outES,Evacuee 494 in triage category Y is not assigned a helicopter
1112.38,18,evacuee,,Evacuee;494;in triage state;R;is at the evacuation site
1115.71,3,evacueeManager,,OFF SHIP: White;0;Green;325;Yellow;49;Red;8;Black;118;ON SHIP: White;0;Green;0;Yellow;0;Red;0;Evacuees to Transfer;
1115.71,124,evacuee,outES,Evacuee 423 in triage category G is not assigned a helicopter
1115.71,124,evacuee,,Evacuee;423;in triage state;Y;is at the evacuation site
1116.84,3,evacueeManager,,OFF SHIP: White;0;Green;324;Yellow;50;Red;8;Black;118;ON SHIP: White;0;Green;0;Yellow;0;Red;0;Evacuees to Transfer;
1116.84,489,evacuee,outES,Evacuee 386 in triage category G is not assigned a helicopter
1116.84,489,evacuee,,Evacuee;386;in triage state;Y;is at the evacuation site
1121.03,3,evacueeManager,,OFF SHIP: White;0;Green;324;Yellow;50;Red;7;Black;119;ON SHIP: White;0;Green;0;Yellow;0;Red;0;Evacuees to Transfer;
1121.03,18,evacuee,outES,Evacuee 494 in triage category R is not assigned a helicopter
1121.03,18,evacuee,,Evacuee;494;in triage state;B;is at the evacuation site
1124.39,3,evacueeManager,,OFF SHIP: White;0;Green;323;Yellow;51;Red;7;Black;119;ON SHIP: White;0;Green;0;Yellow;0;Red;0;Evacuees to Transfer;
1124.39,561,evacuee,outES,Evacuee 105 in triage category G is not assigned a helicopter
1124.39,561,evacuee,,Evacuee;105;in triage state;Y;is at the evacuation site
1126.02,3,evacueeManager,,OFF SHIP: White;0;Green;322;Yellow;52;Red;7;Black;119;ON SHIP: White;0;Green;0;Yellow;0;Red;0;Evacuees to Transfer;
1126.02,1506,evacuee,outES,Evacuee 247 in triage category G is not assigned a helicopter
1126.02,1506,evacuee,,Evacuee;247;in triage state;Y;is at the evacuation site
1130.61,3,evacueeManager,,OFF SHIP: White;0;Green;322;Yellow;51;Red;8;Black;119;ON SHIP: White;0;Green;0;Yellow;0;Red;0;Evacuees to Transfer;
1130.61,1066,evacuee,outES,Evacuee 155 in triage category Y is not assigned a helicopter
1130.61,1066,evacuee,,Evacuee;155;in triage state;R;is at the evacuation site
1131.95,3,evacueeManager,,OFF SHIP: White;0;Green;321;Yellow;52;Red;8;Black;119;ON SHIP: White;0;Green;0;Yellow;0;Red;0;Evacuees to Transfer;
1131.95,637,evacuee,outES,Evacuee 49 in triage category G is not assigned a helicopter
1131.95,637,evacuee,,Evacuee;49;in triage state;Y;is at the evacuation site
1133.93,3,evacueeManager,,OFF SHIP: White;0;Green;321;Yellow;52;Red;7;Black;120;ON SHIP: White;0;Green;0;Yellow;0;Red;0;Evacuees to Transfer;
1133.93,1066,evacuee,outES,Evacuee 155 in triage category R is not assigned a helicopter
1133.93,1066,evacuee,,Evacuee;155;in triage state;B;is at the evacuation site
1134.45,3,evacueeManager,,OFF SHIP: White;0;Green;321;Yellow;51;Red;8;Black;120;ON SHIP: White;0;Green;0;Yellow;0;Red;0;Evacuees to Transfer;
1134.45,342,evacuee,outES,Evacuee 313 in triage category Y is not assigned a helicopter
1134.45,342,evacuee,,Evacuee;313;in triage state;R;is at the evacuation site
1139.54,3,evacueeManager,,OFF SHIP: White;0;Green;320;Yellow;52;Red;8;Black;120;ON SHIP: White;0;Green;0;Yellow;0;Red;0;Evacuees to Transfer;
1139.54,709,evacuee,outES,Evacuee 251 in triage category G is not assigned a helicopter
1139.54,709,evacuee,,Evacuee;251;in triage state;Y;is at the evacuation site
1145.18,3,evacueeManager,,OFF SHIP: White;0;Green;319;Yellow;53;Red;8;Black;120;ON SHIP: White;0;Green;0;Yellow;0;Red;0;Evacuees to Transfer;
1145.18,1434,evacuee,outES,Evacuee 214 in triage category G is not assigned a helicopter
1145.18,1434,evacuee,,Evacuee;214;in triage state;Y;is at the evacuation site
1145.46,3,evacueeManager,,OFF SHIP: White;0;Green;319;Yellow;53;Red;7;Black;121;ON SHIP: White;0;Green;0;Yellow;0;Red;0;Evacuees to Transfer;
1145.46,1413,evacuee,outES,Evacuee 180 in triage category R is not assigned a helicopter
1145.46,1413,evacuee,,Evacuee;180;in triage state;B;is at the evacuation site
1150.91,3,evacueeManager,,OFF SHIP: White;0;Green;318;Yellow;54;Red;7;Black;121;ON SHIP: White;0;Green;0;Yellow;0;Red;0;Evacuees to Transfer;
1150.91,269,evacuee,outES,Evacuee 346 in triage category G is not assigned a helicopter
1150.91,269,evacuee,,Evacuee;346;in triage state;Y;is at the evacuation site
1153.21,3,evacueeManager,,OFF SHIP: White;0;Green;317;Yellow;55;Red;7;Black;121;ON SHIP: White;0;Green;0;Yellow;0;Red;0;Evacuees to Transfer;
1153.21,997,evacuee,outES,Evacuee 154 in triage category G is not assigned a helicopter
1153.21,997,evacuee,,Evacuee;154;in triage state;Y;is at the evacuation site
1153.37,3,evacueeManager,,OFF SHIP: White;0;Green;316;Yellow;56;Red;7;Black;121;ON SHIP: White;0;Green;0;Yellow;0;Red;0;Evacuees to Transfer;
1153.37,196,evacuee,outES,Evacuee 382 in triage category G is not assigned a helicopter
1153.37,196,evacuee,,Evacuee;382;in triage state;Y;is at the evacuation site
1154.77,3,evacueeManager,,OFF SHIP: White;0;Green;315;Yellow;57;Red;7;Black;121;ON SHIP: White;0;Green;0;Yellow;0;Red;0;Evacuees to Transfer;
1154.77,853,evacuee,outES,Evacuee 285 in triage category G is not assigned a helicopter
1154.77,853,evacuee,,Evacuee;285;in triage state;Y;is at the evacuation site
1156.08,3,evacueeManager,,OFF SHIP: White;0;Green;314;Yellow;58;Red;7;Black;121;ON SHIP: White;0;Green;0;Yellow;0;Red;0;Evacuees to Transfer;
1156.08,417,evacuee,outES,Evacuee 333 in triage category G is not assigned a helicopter
1156.08,417,evacuee,,Evacuee;333;in triage state;Y;is at the evacuation site
1158.13,3,evacueeManager,,OFF SHIP: White;0;Green;314;Yellow;58;Red;6;Black;122;ON SHIP: White;0;Green;0;Yellow;0;Red;0;Evacuees to Transfer;
1158.13,628,evacuee,outES,Evacuee 90 in triage category R is not assigned a helicopter
1158.13,628,evacuee,,Evacuee;90;in triage state;B;is at the evacuation site
1167.35,3,evacueeManager,,OFF SHIP: White;0;Green;313;Yellow;59;Red;6;Black;122;ON SHIP: White;0;Green;0;Yellow;0;Red;0;Evacuees to Transfer;
1167.35,781,evacuee,outES,Evacuee 5 in triage category G is not assigned a helicopter
1167.35,781,evacuee,,Evacuee;5;in triage state;Y;is at the evacuation site
1169.03,3,evacueeManager,,OFF SHIP: White;0;Green;313;Yellow;59;Red;5;Black;123;ON SHIP: White;0;Green;0;Yellow;0;Red;0;Evacuees to Transfer;
1169.03,1212,evacuee,outES,Evacuee 265 in triage category R is not assigned a helicopter
1169.03,1212,evacuee,,Evacuee;265;in triage state;B;is at the evacuation site
1172.38,3,evacueeManager,,OFF SHIP: White;0;Green;313;Yellow;58;Red;6;Black;123;ON SHIP: White;0;Green;0;Yellow;0;Red;0;Evacuees to Transfer;
1172.38,263,evacuee,outES,Evacuee 349 in triage category Y is not assigned a helicopter
1172.38,263,evacuee,,Evacuee;349;in triage state;R;is at the evacuation site
1174.73,3,evacueeManager,,OFF SHIP: White;0;Green;313;Yellow;58;Red;5;Black;124;ON SHIP: White;0;Green;0;Yellow;0;Red;0;Evacuees to Transfer;
1174.73,916,evacuee,outES,Evacuee 6 in triage category R is not assigned a helicopter
1174.73,916,evacuee,,Evacuee;6;in triage state;B;is at the evacuation site
1182.73,3,evacueeManager,,OFF SHIP: White;0;Green;312;Yellow;59;Red;5;Black;124;ON SHIP: White;0;Green;0;Yellow;0;Red;0;Evacuees to Transfer;
1182.73,925,evacuee,outES,Evacuee 451 in triage category G is not assigned a helicopter
1182.73,925,evacuee,,Evacuee;451;in triage state;Y;is at the evacuation site
1185.47,3,evacueeManager,,OFF SHIP: White;0;Green;311;Yellow;60;Red;5;Black;124;ON SHIP: White;0;Green;0;Yellow;0;Red;0;Evacuees to Transfer;
1185.47,1145,evacuee,outES,Evacuee 47 in triage category G is not assigned a helicopter
1185.47,1145,evacuee,,Evacuee;47;in triage state;Y;is at the evacuation site
1190.53,3,evacueeManager,,OFF SHIP: White;0;Green;311;Yellow;59;Red;6;Black;124;ON SHIP: White;0;Green;0;Yellow;0;Red;0;Evacuees to Transfer;
1190.53,184,evacuee,outES,Evacuee 384 in triage category Y is not assigned a helicopter
1190.53,184,evacuee,,Evacuee;384;in triage state;R;is at the evacuation site
1194.37,3,evacueeManager,,OFF SHIP: White;0;Green;311;Yellow;59;Red;5;Black;125;ON SHIP: White;0;Green;0;Yellow;0;Red;0;Evacuees to Transfer;
1194.37,266,evacuee,outES,Evacuee 348 in triage category R is not assigned a helicopter
1194.37,266,evacuee,,Evacuee;348;in triage state;B;is at the evacuation site
1198.19,3,evacueeManager,,OFF SHIP: White;0;Green;310;Yellow;60;Red;5;Black;125;ON SHIP: White;0;Green;0;Yellow;0;Red;0;Evacuees to Transfer;
1198.19,1069,evacuee,outES,Evacuee 36 in triage category G is not assigned a helicopter
1198.19,1069,evacuee,,Evacuee;36;in triage state;Y;is at the evacuation site
1198.92,3,evacueeManager,,OFF SHIP: White;0;Green;310;Yellow;59;Red;6;Black;125;ON SHIP: White;0;Green;0;Yellow;0;Red;0;Evacuees to Transfer;
1198.92,781,evacuee,outES,Evacuee 5 in triage category Y is not assigned a helicopter
1198.92,781,evacuee,,Evacuee;5;in triage state;R;is at the evacuation site
1199.01,3,evacueeManager,,OFF SHIP: White;0;Green;310;Yellow;59;Red;5;Black;126;ON SHIP: White;0;Green;0;Yellow;0;Red;0;Evacuees to Transfer;
1199.01,184,evacuee,outES,Evacuee 384 in triage category R is not assigned a helicopter
1199.01,184,evacuee,,Evacuee;384;in triage state;B;is at the evacuation site
1204.37,3,evacueeManager,,OFF SHIP: White;0;Green;309;Yellow;60;Red;5;Black;126;ON SHIP: White;0;Green;0;Yellow;0;Red;0;Evacuees to Transfer;
1204.37,1293,evacuee,outES,Evacuee 167 in triage category G is not assigned a helicopter
1204.37,1293,evacuee,,Evacuee;167;in triage state;Y;is at the evacuation site
1208.89,3,evacueeManager,,OFF SHIP: White;0;Green;309;Yellow;60;Red;4;Black;127;ON SHIP: White;0;Green;0;Yellow;0;Red;0;Evacuees to Transfer;
1208.89,263,evacuee,outES,Evacuee 349 in triage category R is not assigned a helicopter
1208.89,263,evacuee,,Evacuee;349;in triage state;B;is at the evacuation site
1223.3,3,evacueeManager,,OFF SHIP: White;0;Green;308;Yellow;61;Red;4;Black;127;ON SHIP: White;0;Green;0;Yellow;0;Red;0;Evacuees to Transfer;
1223.3,345,evacuee,outES,Evacuee 443 in triage category G is not assigned a helicopter
1223.3,345,evacuee,,Evacuee;443;in triage state;Y;is at the evacuation site
1224.06,3,evacueeManager,,OFF SHIP: White;0;Green;307;Yellow;62;Red;4;Black;127;ON SHIP: White;0;Green;0;Yellow;0;Red;0;Evacuees to Transfer;
1224.06,1221,evacuee,outES,Evacuee 140 in triage category G is not assigned a helicopter
1224.06,1221,evacuee,,Evacuee;140;in triage state;Y;is at the evacuation site
1225.91,3,evacueeManager,,OFF SHIP: White;0;Green;306;Yellow;63;Red;4;Black;127;ON SHIP: White;0;Green;0;Yellow;0;Red;0;Evacuees to Transfer;
1225.91,1365,evacuee,outES,Evacuee 249 in triage category G is not assigned a helicopter
1225.91,1365,evacuee,,Evacuee;249;in triage state;Y;is at the evacuation site
1231.7,3,evacueeManager,,OFF SHIP: White;0;Green;306;Yellow;63;Red;3;Black;128;ON SHIP: White;0;Green;0;Yellow;0;Red;0;Evacuees to Transfer;
1231.7,339,evacuee,outES,Evacuee 446 in triage category R is not assigned a helicopter
1231.7,339,evacuee,,Evacuee;446;in triage state;B;is at the evacuation site
1233.74,3,evacueeManager,,OFF SHIP: White;0;Green;306;Yellow;62;Red;4;Black;128;ON SHIP: White;0;Green;0;Yellow;0;Red;0;Evacuees to Transfer;
1233.74,124,evacuee,outES,Evacuee 423 in triage category Y is not assigned a helicopter
1233.74,124,evacuee,,Evacuee;423;in triage state;R;is at the evacuation site
1237.22,3,evacueeManager,,OFF SHIP: White;0;Green;306;Yellow;61;Red;5;Black;128;ON SHIP: White;0;Green;0;Yellow;0;Red;0;Evacuees to Transfer;
1237.22,486,evacuee,outES,Evacuee 121 in triage category Y is not assigned a helicopter
1237.22,486,evacuee,,Evacuee;121;in triage state;R;is at the evacuation site
1238.57,3,evacueeManager,,OFF SHIP: White;0;Green;306;Yellow;60;Red;6;Black;128;ON SHIP: White;0;Green;0;Yellow;0;Red;0;Evacuees to Transfer;
1238.57,414,evacuee,outES,Evacuee 280 in triage category Y is not assigned a helicopter
1238.57,414,evacuee,,Evacuee;280;in triage state;R;is at the evacuation site
1242.56,3,evacueeManager,,OFF SHIP: White;0;Green;306;Yellow;60;Red;5;Black;129;ON SHIP: White;0;Green;0;Yellow;0;Red;0;Evacuees to Transfer;
1242.56,124,evacuee,outES,Evacuee 423 in triage category R is not assigned a helicopter
1242.56,124,evacuee,,Evacuee;423;in triage state;B;is at the evacuation site
1253.86,3,evacueeManager,,OFF SHIP: White;0;Green;306;Yellow;59;Red;6;Black;129;ON SHIP: White;0;Green;0;Yellow;0;Red;0;Evacuees to Transfer;
1253.86,480,evacuee,outES,Evacuee 108 in triage category Y is not assigned a helicopter
1253.86,480,evacuee,,Evacuee;108;in triage state;R;is at the evacuation site
1262.58,3,evacueeManager,,OFF SHIP: White;0;Green;306;Yellow;58;Red;7;Black;129;ON SHIP: White;0;Green;0;Yellow;0;Red;0;Evacuees to Transfer;
1262.58,1136,evacuee,outES,Evacuee 94 in triage category Y is not assigned a helicopter
1262.58,1136,evacuee,,Evacuee;94;in triage state;R;is at the evacuation site
1265.13,3,evacueeManager,,OFF SHIP: White;0;Green;306;Yellow;57;Red;8;Black;129;ON SHIP: White;0;Green;0;Yellow;0;Red;0;Evacuees to Transfer;
1265.13,919,evacuee,outES,Evacuee 173 in triage category Y is not assigned a helicopter
1265.13,919,evacuee,,Evacuee;173;in triage state;R;is at the evacuation site
1266.2,3,evacueeManager,,OFF SHIP: White;0;Green;306;Yellow;56;Red;9;Black;129;ON SHIP: White;0;Green;0;Yellow;0;Red;0;Evacuees to Transfer;
1266.2,483,evacuee,outES,Evacuee 276 in triage category Y is not assigned a helicopter
1266.2,483,evacuee,,Evacuee;276;in triage state;R;is at the evacuation site
1272.62,3,evacueeManager,,OFF SHIP: White;0;Green;306;Yellow;56;Red;8;Black;130;ON SHIP: White;0;Green;0;Yellow;0;Red;0;Evacuees to Transfer;
1272.62,703,evacuee,outES,Evacuee 74 in triage category R is not assigned a helicopter
1272.62,703,evacuee,,Evacuee;74;in triage state;B;is at the evacuation site
1273.53,3,evacueeManager,,OFF SHIP: White;0;Green;306;Yellow;56;Red;7;Black;131;ON SHIP: White;0;Green;0;Yellow;0;Red;0;Evacuees to Transfer;
1273.53,414,evacuee,outES,Evacuee 280 in triage category R is not assigned a helicopter
1273.53,414,evacuee,,Evacuee;280;in triage state;B;is at the evacuation site
1276.86,3,evacueeManager,,OFF SHIP: White;0;Green;306;Yellow;56;Red;6;Black;132;ON SHIP: White;0;Green;0;Yellow;0;Red;0;Evacuees to Transfer;
1276.86,342,evacuee,outES,Evacuee 313 in triage category R is not assigned a helicopter
1276.86,342,evacuee,,Evacuee;313;in triage state;B;is at the evacuation site
1278.73,3,evacueeManager,,OFF SHIP: White;0;Green;305;Yellow;57;Red;6;Black;132;ON SHIP: White;0;Green;0;Yellow;0;Red;0;Evacuees to Transfer;
1278.73,51,evacuee,outES,Evacuee 475 in triage category G is not assigned a helicopter
1278.73,51,evacuee,,Evacuee;475;in triage state;Y;is at the evacuation site
1287.91,3,evacueeManager,,OFF SHIP: White;0;Green;304;Yellow;58;Red;6;Black;132;ON SHIP: White;0;Green;0;Yellow;0;Red;0;Evacuees to Transfer;
1287.91,492,evacuee,outES,Evacuee 117 in triage category G is not assigned a helicopter
1287.91,492,evacuee,,Evacuee;117;in triage state;Y;is at the evacuation site
1289.87,3,evacueeManager,,OFF SHIP: White;0;Green;304;Yellow;58;Red;5;Black;133;ON SHIP: White;0;Green;0;Yellow;0;Red;0;Evacuees to Transfer;
1289.87,480,evacuee,outES,Evacuee 108 in triage category R is not assigned a helicopter
1289.87,480,evacuee,,Evacuee;108;in triage state;B;is at the evacuation site
1290.91,3,evacueeManager,,OFF SHIP: White;0;Green;304;Yellow;57;Red;6;Black;133;ON SHIP: White;0;Green;0;Yellow;0;Red;0;Evacuees to Transfer;
1290.91,694,evacuee,outES,Evacuee 440 in triage category Y is not assigned a helicopter
1290.91,694,evacuee,,Evacuee;440;in triage state;R;is at the evacuation site
1292.63,3,evacueeManager,,OFF SHIP: White;0;Green;304;Yellow;56;Red;7;Black;133;ON SHIP: White;0;Green;0;Yellow;0;Red;0;Evacuees to Transfer;
1292.63,709,evacuee,outES,Evacuee 251 in triage category Y is not assigned a helicopter
1292.63,709,evacuee,,Evacuee;251;in triage state;R;is at the evacuation site
1292.79,3,evacueeManager,,OFF SHIP: White;0;Green;304;Yellow;56;Red;6;Black;134;ON SHIP: White;0;Green;0;Yellow;0;Red;0;Evacuees to Transfer;
1292.79,483,evacuee,outES,Evacuee 276 in triage category R is not assigned a helicopter
1292.79,483,evacuee,,Evacuee;276;in triage state;B;is at the evacuation site
1295.36,3,evacueeManager,,OFF SHIP: White;0;Green;304;Yellow;56;Red;5;Black;135;ON SHIP: White;0;Green;0;Yellow;0;Red;0;Evacuees to Transfer;
1295.36,1136,evacuee,outES,Evacuee 94 in triage category R is not assigned a helicopter
1295.36,1136,evacuee,,Evacuee;94;in triage state;B;is at the evacuation site
1296.08,3,evacueeManager,,OFF SHIP: White;0;Green;304;Yellow;55;Red;6;Black;135;ON SHIP: White;0;Green;0;Yellow;0;Red;0;Evacuees to Transfer;
1296.08,1434,evacuee,outES,Evacuee 214 in triage category Y is not assigned a helicopter
1296.08,1434,evacuee,,Evacuee;214;in triage state;R;is at the evacuation site
1297.3,3,evacueeManager,,OFF SHIP: White;0;Green;303;Yellow;56;Red;6;Black;135;ON SHIP: White;0;Green;0;Yellow;0;Red;0;Evacuees to Transfer;
1297.3,127,evacuee,outES,Evacuee 420 in triage category G is not assigned a helicopter
1297.3,127,evacuee,,Evacuee;420;in triage state;Y;is at the evacuation site
1304.73,3,evacueeManager,,OFF SHIP: White;0;Green;302;Yellow;57;Red;6;Black;135;ON SHIP: White;0;Green;0;Yellow;0;Red;0;Evacuees to Transfer;
1304.73,1509,evacuee,outES,Evacuee 59 in triage category G is not assigned a helicopter
1304.73,1509,evacuee,,Evacuee;59;in triage state;Y;is at the evacuation site
1310.1,3,evacueeManager,,OFF SHIP: White;0;Green;301;Yellow;58;Red;6;Black;135;ON SHIP: White;0;Green;0;Yellow;0;Red;0;Evacuees to Transfer;
1310.1,564,evacuee,outES,Evacuee 424 in triage category G is not assigned a helicopter
1310.1,564,evacuee,,Evacuee;424;in triage state;Y;is at the evacuation site
1310.55,3,evacueeManager,,OFF SHIP: White;0;Green;301;Yellow;58;Red;5;Black;136;ON SHIP: White;0;Green;0;Yellow;0;Red;0;Evacuees to Transfer;
1310.55,709,evacuee,outES,Evacuee 251 in triage category R is not assigned a helicopter
1310.55,709,evacuee,,Evacuee;251;in triage state;B;is at the evacuation site
1311.49,3,evacueeManager,,OFF SHIP: White;0;Green;301;Yellow;58;Red;4;Black;137;ON SHIP: White;0;Green;0;Yellow;0;Red;0;Evacuees to Transfer;
1311.49,694,evacuee,outES,Evacuee 440 in triage category R is not assigned a helicopter
1311.49,694,evacuee,,Evacuee;440;in triage state;B;is at the evacuation site
1313.24,3,evacueeManager,,OFF SHIP: White;0;Green;301;Yellow;57;Red;5;Black;137;ON SHIP: White;0;Green;0;Yellow;0;Red;0;Evacuees to Transfer;
1313.24,1362,evacuee,outES,Evacuee 314 in triage category Y is not assigned a helicopter
1313.24,1362,evacuee,,Evacuee;314;in triage state;R;is at the evacuation site
1315.56,3,evacueeManager,,OFF SHIP: White;0;Green;300;Yellow;58;Red;5;Black;137;ON SHIP: White;0;Green;0;Yellow;0;Red;0;Evacuees to Transfer;
1315.56,712,evacuee,outES,Evacuee 128 in triage category G is not assigned a helicopter
1315.56,712,evacuee,,Evacuee;128;in triage state;Y;is at the evacuation site
1317.04,3,evacueeManager,,OFF SHIP: White;0;Green;300;Yellow;58;Red;4;Black;138;ON SHIP: White;0;Green;0;Yellow;0;Red;0;Evacuees to Transfer;
1317.04,1434,evacuee,outES,Evacuee 214 in triage category R is not assigned a helicopter
1317.04,1434,evacuee,,Evacuee;214;in triage state;B;is at the evacuation site
1318.17,3,evacueeManager,,OFF SHIP: White;0;Green;299;Yellow;59;Red;4;Black;138;ON SHIP: White;0;Green;0;Yellow;0;Red;0;Evacuees to Transfer;
1318.17,640,evacuee,outES,Evacuee 87 in triage category G is not assigned a helicopter
1318.17,640,evacuee,,Evacuee;87;in triage state;Y;is at the evacuation site
1319.66,3,evacueeManager,,OFF SHIP: White;0;Green;299;Yellow;58;Red;5;Black;138;ON SHIP: White;0;Green;0;Yellow;0;Red;0;Evacuees to Transfer;
1319.66,345,evacuee,outES,Evacuee 443 in triage category Y is not assigned a helicopter
1319.66,345,evacuee,,Evacuee;443;in triage state;R;is at the evacuation site
1320.07,3,evacueeManager,,OFF SHIP: White;0;Green;299;Yellow;58;Red;4;Black;139;ON SHIP: White;0;Green;0;Yellow;0;Red;0;Evacuees to Transfer;
1320.07,486,evacuee,outES,Evacuee 121 in triage category R is not assigned a helicopter
1320.07,486,evacuee,,Evacuee;121;in triage state;B;is at the evacuation site
1328.7,3,evacueeManager,,OFF SHIP: White;0;Green;298;Yellow;59;Red;4;Black;139;ON SHIP: White;0;Green;0;Yellow;0;Red;0;Evacuees to Transfer;
1328.7,1437,evacuee,outES,Evacuee 12 in triage category G is not assigned a helicopter
1328.7,1437,evacuee,,Evacuee;12;in triage state;Y;is at the evacuation site
1329.35,3,evacueeManager,,OFF SHIP: White;0;Green;298;Yellow;59;Red;3;Black;140;ON SHIP: White;0;Green;0;Yellow;0;Red;0;Evacuees to Transfer;
1329.35,1362,evacuee,outES,Evacuee 314 in triage category R is not assigned a helicopter
1329.35,1362,evacuee,,Evacuee;314;in triage state;B;is at the evacuation site
1330.12,3,evacueeManager,,OFF SHIP: White;0;Green;298;Yellow;58;Red;4;Black;140;ON SHIP: White;0;Green;0;Yellow;0;Red;0;Evacuees to Transfer;
1330.12,775,evacuee,outES,Evacuee 334 in triage category Y is not assigned a helicopter
1330.12,775,evacuee,,Evacuee;334;in triage state;R;is at the evacuation site
1331.75,3,evacueeManager,,OFF SHIP: White;0;Green;297;Yellow;59;Red;4;Black;140;ON SHIP: White;0;Green;0;Yellow;0;Red;0;Evacuees to Transfer;
1331.75,856,evacuee,outES,Evacuee 89 in triage category G is not assigned a helicopter
1331.75,856,evacuee,,Evacuee;89;in triage state;Y;is at the evacuation site
1332.15,3,evacueeManager,,OFF SHIP: White;0;Green;297;Yellow;58;Red;5;Black;140;ON SHIP: White;0;Green;0;Yellow;0;Red;0;Evacuees to Transfer;
1332.15,706,evacuee,outES,Evacuee 363 in triage category Y is not assigned a helicopter
1332.15,706,evacuee,,Evacuee;363;in triage state;R;is at the evacuation site
1334.05,3,evacueeManager,,OFF SHIP: White;0;Green;297;Yellow;58;Red;4;Black;141;ON SHIP: White;0;Green;0;Yellow;0;Red;0;Evacuees to Transfer;
1334.05,345,evacuee,outES,Evacuee 443 in triage category R is not assigned a helicopter
1334.05,345,evacuee,,Evacuee;443;in triage state;B;is at the evacuation site
1334.81,3,evacueeManager,,OFF SHIP: White;0;Green;296;Yellow;59;Red;4;Black;141;ON SHIP: White;0;Green;0;Yellow;0;Red;0;Evacuees to Transfer;
1334.81,272,evacuee,outES,Evacuee 341 in triage category G is not assigned a helicopter
1334.81,272,evacuee,,Evacuee;341;in triage state;Y;is at the evacuation site
1336.73,3,evacueeManager,,OFF SHIP: White;0;Green;295;Yellow;60;Red;4;Black;141;ON SHIP: White;0;Green;0;Yellow;0;Red;0;Evacuees to Transfer;
1336.73,420,evacuee,outES,Evacuee 279 in triage category G is not assigned a helicopter
1336.73,420,evacuee,,Evacuee;279;in triage state;Y;is at the evacuation site
1336.73,3,evacueeManager,,OFF SHIP: White;0;Green;295;Yellow;59;Red;5;Black;141;ON SHIP: White;0;Green;0;Yellow;0;Red;0;Evacuees to Transfer;
1336.73,558,evacuee,outES,Evacuee 235 in triage category Y is not assigned a helicopter
1336.73,558,evacuee,,Evacuee;235;in triage state;R;is at the evacuation site
1337.43,3,evacueeManager,,OFF SHIP: White;0;Green;294;Yellow;60;Red;5;Black;141;ON SHIP: White;0;Green;0;Yellow;0;Red;0;Evacuees to Transfer;
1337.43,199,evacuee,outES,Evacuee 381 in triage category G is not assigned a helicopter
1337.43,199,evacuee,,Evacuee;381;in triage state;Y;is at the evacuation site
1342.96,3,evacueeManager,,OFF SHIP: White;0;Green;294;Yellow;60;Red;4;Black;142;ON SHIP: White;0;Green;0;Yellow;0;Red;0;Evacuees to Transfer;
1342.96,706,evacuee,outES,Evacuee 363 in triage category R is not assigned a helicopter
1342.96,706,evacuee,,Evacuee;363;in triage state;B;is at the evacuation site
1347.86,3,evacueeManager,,OFF SHIP: White;0;Green;294;Yellow;59;Red;5;Black;142;ON SHIP: White;0;Green;0;Yellow;0;Red;0;Evacuees to Transfer;
1347.86,634,evacuee,outES,Evacuee 127 in triage category Y is not assigned a helicopter
1347.86,634,evacuee,,Evacuee;127;in triage state;R;is at the evacuation site
1348.03,3,evacueeManager,,OFF SHIP: White;0;Green;293;Yellow;60;Red;5;Black;142;ON SHIP: White;0;Green;0;Yellow;0;Red;0;Evacuees to Transfer;
1348.03,1000,evacuee,outES,Evacuee 421 in triage category G is not assigned a helicopter
1348.03,1000,evacuee,,Evacuee;421;in triage state;Y;is at the evacuation site
1349.4,3,evacueeManager,,OFF SHIP: White;0;Green;293;Yellow;59;Red;6;Black;142;ON SHIP: White;0;Green;0;Yellow;0;Red;0;Evacuees to Transfer;
1349.4,637,evacuee,outES,Evacuee 49 in triage category Y is not assigned a helicopter
1349.4,637,evacuee,,Evacuee;49;in triage state;R;is at the evacuation site
1352.27,3,evacueeManager,,OFF SHIP: White;0;Green;293;Yellow;58;Red;7;Black;142;ON SHIP: White;0;Green;0;Yellow;0;Red;0;Evacuees to Transfer;
1352.27,778,evacuee,outES,Evacuee 70 in triage category Y is not assigned a helicopter
1352.27,778,evacuee,,Evacuee;70;in triage state;R;is at the evacuation site
1352.34,3,evacueeManager,,OFF SHIP: White;0;Green;292;Yellow;59;Red;7;Black;142;ON SHIP: White;0;Green;0;Yellow;0;Red;0;Evacuees to Transfer;
1352.34,784,evacuee,outES,Evacuee 250 in triage category G is not assigned a helicopter
1352.34,784,evacuee,,Evacuee;250;in triage state;Y;is at the evacuation site
1360.79,3,evacueeManager,,OFF SHIP: White;0;Green;291;Yellow;60;Red;7;Black;142;ON SHIP: White;0;Green;0;Yellow;0;Red;0;Evacuees to Transfer;
1360.79,1148,evacuee,outES,Evacuee 56 in triage category G is not assigned a helicopter
1360.79,1148,evacuee,,Evacuee;56;in triage state;Y;is at the evacuation site
1363.98,3,evacueeManager,,OFF SHIP: White;0;Green;291;Yellow;59;Red;8;Black;142;ON SHIP: White;0;Green;0;Yellow;0;Red;0;Evacuees to Transfer;
1363.98,1509,evacuee,outES,Evacuee 59 in triage category Y is not assigned a helicopter
1363.98,1509,evacuee,,Evacuee;59;in triage state;R;is at the evacuation site
1366.26,3,evacueeManager,,OFF SHIP: White;0;Green;291;Yellow;58;Red;9;Black;142;ON SHIP: White;0;Green;0;Yellow;0;Red;0;Evacuees to Transfer;
1366.26,468,evacuee,outES,Evacuee 289 in triage category Y is not assigned a helicopter
1366.26,468,evacuee,,Evacuee;289;in triage state;R;is at the evacuation site
1367.66,3,evacueeManager,,OFF SHIP: White;0;Green;291;Yellow;58;Red;8;Black;143;ON SHIP: White;0;Green;0;Yellow;0;Red;0;Evacuees to Transfer;
1367.66,775,evacuee,outES,Evacuee 334 in triage category R is not assigned a helicopter
1367.66,775,evacuee,,Evacuee;334;in triage state;B;is at the evacuation site
1368.16,3,evacueeManager,,OFF SHIP: White;0;Green;291;Yellow;58;Red;7;Black;144;ON SHIP: White;0;Green;0;Yellow;0;Red;0;Evacuees to Transfer;
1368.16,468,evacuee,outES,Evacuee 289 in triage category R is not assigned a helicopter
1368.16,468,evacuee,,Evacuee;289;in triage state;B;is at the evacuation site
1368.39,3,evacueeManager,,OFF SHIP: White;0;Green;291;Yellow;57;Red;8;Black;144;ON SHIP: White;0;Green;0;Yellow;0;Red;0;Evacuees to Transfer;
1368.39,1148,evacuee,outES,Evacuee 56 in triage category Y is not assigned a helicopter
1368.39,1148,evacuee,,Evacuee;56;in triage state;R;is at the evacuation site
1368.61,3,evacueeManager,,OFF SHIP: White;0;Green;291;Yellow;57;Red;7;Black;145;ON SHIP: White;0;Green;0;Yellow;0;Red;0;Evacuees to Transfer;
1368.61,634,evacuee,outES,Evacuee 127 in triage category R is not assigned a helicopter
1368.61,634,evacuee,,Evacuee;127;in triage state;B;is at the evacuation site
1368.74,3,evacueeManager,,OFF SHIP: White;0;Green;290;Yellow;58;Red;7;Black;145;ON SHIP: White;0;Green;0;Yellow;0;Red;0;Evacuees to Transfer;
1368.74,928,evacuee,outES,Evacuee 359 in triage category G is not assigned a helicopter
1368.74,928,evacuee,,Evacuee;359;in triage state;Y;is at the evacuation site
1370.22,3,evacueeManager,,OFF SHIP: White;0;Green;290;Yellow;57;Red;8;Black;145;ON SHIP: White;0;Green;0;Yellow;0;Red;0;Evacuees to Transfer;
1370.22,763,evacuee,outES,Evacuee 33 in triage category Y is not assigned a helicopter
1370.22,763,evacuee,,Evacuee;33;in triage state;R;is at the evacuation site
1381.32,3,evacueeManager,,OFF SHIP: White;0;Green;290;Yellow;56;Red;9;Black;145;ON SHIP: White;0;Green;0;Yellow;0;Red;0;Evacuees to Transfer;
1381.32,21,evacuee,outES,Evacuee 492 in triage category Y is not assigned a helicopter
1381.32,21,evacuee,,Evacuee;492;in triage state;R;is at the evacuation site
1385.23,3,evacueeManager,,OFF SHIP: White;0;Green;289;Yellow;57;Red;9;Black;145;ON SHIP: White;0;Green;0;Yellow;0;Red;0;Evacuees to Transfer;
1385.23,1072,evacuee,outES,Evacuee 198 in triage category G is not assigned a helicopter
1385.23,1072,evacuee,,Evacuee;198;in triage state;Y;is at the evacuation site
1388.68,3,evacueeManager,,OFF SHIP: White;0;Green;289;Yellow;56;Red;10;Black;145;ON SHIP: White;0;Green;0;Yellow;0;Red;0;Evacuees to Transfer;
1388.68,712,evacuee,outES,Evacuee 128 in triage category Y is not assigned a helicopter
1388.68,712,evacuee,,Evacuee;128;in triage state;R;is at the evacuation site
1390.34,3,evacueeManager,,OFF SHIP: White;0;Green;289;Yellow;56;Red;9;Black;146;ON SHIP: White;0;Green;0;Yellow;0;Red;0;Evacuees to Transfer;
1390.34,1148,evacuee,outES,Evacuee 56 in triage category R is not assigned a helicopter
1390.34,1148,evacuee,,Evacuee;56;in triage state;B;is at the evacuation site
1390.34,3,evacueeManager,,OFF SHIP: White;0;Green;289;Yellow;55;Red;10;Black;146;ON SHIP: White;0;Green;0;Yellow;0;Red;0;Evacuees to Transfer;
1390.34,1437,evacuee,outES,Evacuee 12 in triage category Y is not assigned a helicopter
1390.34,1437,evacuee,,Evacuee;12;in triage state;R;is at the evacuation site
1395.48,3,evacueeManager,,OFF SHIP: White;0;Green;288;Yellow;56;Red;10;Black;146;ON SHIP: White;0;Green;0;Yellow;0;Red;0;Evacuees to Transfer;
1395.48,1296,evacuee,outES,Evacuee 145 in triage category G is not assigned a helicopter
1395.48,1296,evacuee,,Evacuee;145;in triage state;Y;is at the evacuation site
1397.19,3,evacueeManager,,OFF SHIP: White;0;Green;288;Yellow;56;Red;9;Black;147;ON SHIP: White;0;Green;0;Yellow;0;Red;0;Evacuees to Transfer;
1397.19,712,evacuee,outES,Evacuee 128 in triage category R is not assigned a helicopter
1397.19,712,evacuee,,Evacuee;128;in triage state;B;is at the evacuation site
1398.3,3,evacueeManager,,OFF SHIP: White;0;Green;288;Yellow;55;Red;10;Black;147;ON SHIP: White;0;Green;0;Yellow;0;Red;0;Evacuees to Transfer;
1398.3,925,evacuee,outES,Evacuee 451 in triage category Y is not assigned a helicopter
1398.3,925,evacuee,,Evacuee;451;in triage state;R;is at the evacuation site
1401.02,3,evacueeManager,,OFF SHIP: White;0;Green;287;Yellow;56;Red;10;Black;147;ON SHIP: White;0;Green;0;Yellow;0;Red;0;Evacuees to Transfer;
1401.02,348,evacuee,outES,Evacuee 312 in triage category G is not assigned a helicopter
1401.02,348,evacuee,,Evacuee;312;in triage state;Y;is at the evacuation site
1402.11,3,evacueeManager,,OFF SHIP: White;0;Green;287;Yellow;55;Red;11;Black;147;ON SHIP: White;0;Green;0;Yellow;0;Red;0;Evacuees to Transfer;
1402.11,766,evacuee,outES,Evacuee 271 in triage category Y is not assigned a helicopter
1402.11,766,evacuee,,Evacuee;271;in triage state;R;is at the evacuation site
1403.86,3,evacueeManager,,OFF SHIP: White;0;Green;287;Yellow;55;Red;10;Black;148;ON SHIP: White;0;Green;0;Yellow;0;Red;0;Evacuees to Transfer;
1403.86,925,evacuee,outES,Evacuee 451 in triage category R is not assigned a helicopter
1403.86,925,evacuee,,Evacuee;451;in triage state;B;is at the evacuation site
1407.46,3,evacueeManager,,OFF SHIP: White;0;Green;286;Yellow;56;Red;10;Black;148;ON SHIP: White;0;Green;0;Yellow;0;Red;0;Evacuees to Transfer;
1407.46,1368,evacuee,outES,Evacuee 193 in triage category G is not assigned a helicopter
1407.46,1368,evacuee,,Evacuee;193;in triage state;Y;is at the evacuation site
1407.92,3,evacueeManager,,OFF SHIP: White;0;Green;286;Yellow;56;Red;9;Black;149;ON SHIP: White;0;Green;0;Yellow;0;Red;0;Evacuees to Transfer;
1407.92,781,evacuee,outES,Evacuee 5 in triage category R is not assigned a helicopter
1407.92,781,evacuee,,Evacuee;5;in triage state;B;is at the evacuation site
1409.17,3,evacueeManager,,OFF SHIP: White;0;Green;285;Yellow;57;Red;9;Black;149;ON SHIP: White;0;Green;0;Yellow;0;Red;0;Evacuees to Transfer;
1409.17,1224,evacuee,outES,Evacuee 130 in triage category G is not assigned a helicopter
1409.17,1224,evacuee,,Evacuee;130;in triage state;Y;is at the evacuation site
1410.81,3,evacueeManager,,OFF SHIP: White;0;Green;285;Yellow;56;Red;10;Black;149;ON SHIP: White;0;Green;0;Yellow;0;Red;0;Evacuees to Transfer;
1410.81,1422,evacuee,outES,Evacuee 207 in triage category Y is not assigned a helicopter
1410.81,1422,evacuee,,Evacuee;207;in triage state;R;is at the evacuation site
1414.33,3,evacueeManager,,OFF SHIP: White;0;Green;285;Yellow;56;Red;9;Black;150;ON SHIP: White;0;Green;0;Yellow;0;Red;0;Evacuees to Transfer;
1414.33,1422,evacuee,outES,Evacuee 207 in triage category R is not assigned a helicopter
1414.33,1422,evacuee,,Evacuee;207;in triage state;B;is at the evacuation site
1420.53,3,evacueeManager,,OFF SHIP: White;0;Green;285;Yellow;55;Red;10;Black;150;ON SHIP: White;0;Green;0;Yellow;0;Red;0;Evacuees to Transfer;
1420.53,772,evacuee,outES,Evacuee 25 in triage category Y is not assigned a helicopter
1420.53,772,evacuee,,Evacuee;25;in triage state;R;is at the evacuation site
1420.73,3,evacueeManager,,OFF SHIP: White;0;Green;285;Yellow;55;Red;9;Black;151;ON SHIP: White;0;Green;0;Yellow;0;Red;0;Evacuees to Transfer;
1420.73,637,evacuee,outES,Evacuee 49 in triage category R is not assigned a helicopter
1420.73,637,evacuee,,Evacuee;49;in triage state;B;is at the evacuation site
1421.83,3,evacueeManager,,OFF SHIP: White;0;Green;285;Yellow;55;Red;8;Black;152;ON SHIP: White;0;Green;0;Yellow;0;Red;0;Evacuees to Transfer;
1421.83,772,evacuee,outES,Evacuee 25 in triage category R is not assigned a helicopter
1421.83,772,evacuee,,Evacuee;25;in triage state;B;is at the evacuation site
1423.25,3,evacueeManager,,OFF SHIP: White;0;Green;285;Yellow;54;Red;9;Black;152;ON SHIP: White;0;Green;0;Yellow;0;Red;0;Evacuees to Transfer;
1423.25,348,evacuee,outES,Evacuee 312 in triage category Y is not assigned a helicopter
1423.25,348,evacuee,,Evacuee;312;in triage state;R;is at the evacuation site
1428.7,3,evacueeManager,,OFF SHIP: White;0;Green;285;Yellow;54;Red;8;Black;153;ON SHIP: White;0;Green;0;Yellow;0;Red;0;Evacuees to Transfer;
1428.7,21,evacuee,outES,Evacuee 492 in triage category R is not assigned a helicopter
1428.7,21,evacuee,,Evacuee;492;in triage state;B;is at the evacuation site
1432.07,3,evacueeManager,,OFF SHIP: White;0;Green;285;Yellow;53;Red;9;Black;153;ON SHIP: White;0;Green;0;Yellow;0;Red;0;Evacuees to Transfer;
1432.07,1197,evacuee,outES,Evacuee 129 in triage category Y is not assigned a helicopter
1432.07,1197,evacuee,,Evacuee;129;in triage state;R;is at the evacuation site
1432.48,3,evacueeManager,,OFF SHIP: White;0;Green;285;Yellow;52;Red;10;Black;153;ON SHIP: White;0;Green;0;Yellow;0;Red;0;Evacuees to Transfer;
1432.48,1000,evacuee,outES,Evacuee 421 in triage category Y is not assigned a helicopter
1432.48,1000,evacuee,,Evacuee;421;in triage state;R;is at the evacuation site
1436.02,3,evacueeManager,,OFF SHIP: White;0;Green;285;Yellow;51;Red;11;Black;153;ON SHIP: White;0;Green;0;Yellow;0;Red;0;Evacuees to Transfer;
1436.02,1218,evacuee,outES,Evacuee 194 in triage category Y is not assigned a helicopter
1436.02,1218,evacuee,,Evacuee;194;in triage state;R;is at the evacuation site
1444.09,3,evacueeManager,,OFF SHIP: White;0;Green;285;Yellow;50;Red;12;Black;153;ON SHIP: White;0;Green;0;Yellow;0;Red;0;Evacuees to Transfer;
1444.09,48,evacuee,outES,Evacuee 476 in triage category Y is not assigned a helicopter
1444.09,48,evacuee,,Evacuee;476;in triage state;R;is at the evacuation site
1444.46,3,evacueeManager,,OFF SHIP: White;0;Green;285;Yellow;50;Red;11;Black;154;ON SHIP: White;0;Green;0;Yellow;0;Red;0;Evacuees to Transfer;
1444.46,763,evacuee,outES,Evacuee 33 in triage category R is not assigned a helicopter
1444.46,763,evacuee,,Evacuee;33;in triage state;B;is at the evacuation site
1445.5,3,evacueeManager,,OFF SHIP: White;0;Green;285;Yellow;50;Red;10;Black;155;ON SHIP: White;0;Green;0;Yellow;0;Red;0;Evacuees to Transfer;
1445.5,1000,evacuee,outES,Evacuee 421 in triage category R is not assigned a helicopter
1445.5,1000,evacuee,,Evacuee;421;in triage state;B;is at the evacuation site
1451.36,3,evacueeManager,,OFF SHIP: White;0;Green;285;Yellow;50;Red;9;Black;156;ON SHIP: White;0;Green;0;Yellow;0;Red;0;Evacuees to Transfer;
1451.36,778,evacuee,outES,Evacuee 70 in triage category R is not assigned a helicopter
1451.36,778,evacuee,,Evacuee;70;in triage state;B;is at the evacuation site
1452.7,3,evacueeManager,,OFF SHIP: White;0;Green;285;Yellow;49;Red;10;Black;156;ON SHIP: White;0;Green;0;Yellow;0;Red;0;Evacuees to Transfer;
1452.7,853,evacuee,outES,Evacuee 285 in triage category Y is not assigned a helicopter
1452.7,853,evacuee,,Evacuee;285;in triage state;R;is at the evacuation site
1453.2,3,evacueeManager,,OFF SHIP: White;0;Green;285;Yellow;49;Red;9;Black;157;ON SHIP: White;0;Green;0;Yellow;0;Red;0;Evacuees to Transfer;
1453.2,1509,evacuee,outES,Evacuee 59 in triage category R is not assigned a helicopter
1453.2,1509,evacuee,,Evacuee;59;in triage state;B;is at the evacuation site
1458.15,3,evacueeManager,,OFF SHIP: White;0;Green;285;Yellow;48;Red;10;Black;157;ON SHIP: White;0;Green;0;Yellow;0;Red;0;Evacuees to Transfer;
1458.15,1293,evacuee,outES,Evacuee 167 in triage category Y is not assigned a helicopter
1458.15,1293,evacuee,,Evacuee;167;in triage state;R;is at the evacuation site
1458.26,3,evacueeManager,,OFF SHIP: White;0;Green;285;Yellow;48;Red;9;Black;158;ON SHIP: White;0;Green;0;Yellow;0;Red;0;Evacuees to Transfer;
1458.26,919,evacuee,outES,Evacuee 173 in triage category R is not assigned a helicopter
1458.26,919,evacuee,,Evacuee;173;in triage state;B;is at the evacuation site
1460.33,3,evacueeManager,,OFF SHIP: White;0;Green;285;Yellow;48;Red;8;Black;159;ON SHIP: White;0;Green;0;Yellow;0;Red;0;Evacuees to Transfer;
1460.33,348,evacuee,outES,Evacuee 312 in triage category R is not assigned a helicopter
1460.33,348,evacuee,,Evacuee;312;in triage state;B;is at the evacuation site
1460.46,3,evacueeManager,,OFF SHIP: White;0;Green;285;Yellow;48;Red;7;Black;160;ON SHIP: White;0;Green;0;Yellow;0;Red;0;Evacuees to Transfer;
1460.46,1197,evacuee,outES,Evacuee 129 in triage category R is not assigned a helicopter
1460.46,1197,evacuee,,Evacuee;129;in triage state;B;is at the evacuation site
1463.75,3,evacueeManager,,OFF SHIP: White;0;Green;284;Yellow;49;Red;7;Black;160;ON SHIP: White;0;Green;0;Yellow;0;Red;0;Evacuees to Transfer;
1463.75,54,evacuee,outES,Evacuee 472 in triage category G is not assigned a helicopter
1463.75,54,evacuee,,Evacuee;472;in triage state;Y;is at the evacuation site
1463.94,3,evacueeManager,,OFF SHIP: White;0;Green;284;Yellow;48;Red;8;Black;160;ON SHIP: White;0;Green;0;Yellow;0;Red;0;Evacuees to Transfer;
1463.94,1069,evacuee,outES,Evacuee 36 in triage category Y is not assigned a helicopter
1463.94,1069,evacuee,,Evacuee;36;in triage state;R;is at the evacuation site
1477.31,3,evacueeManager,,OFF SHIP: White;0;Green;283;Yellow;49;Red;8;Black;160;ON SHIP: White;0;Green;0;Yellow;0;Red;0;Evacuees to Transfer;
1477.31,495,evacuee,outES,Evacuee 192 in triage category G is not assigned a helicopter
1477.31,495,evacuee,,Evacuee;192;in triage state;Y;is at the evacuation site
1480.43,3,evacueeManager,,OFF SHIP: White;0;Green;283;Yellow;49;Red;7;Black;161;ON SHIP: White;0;Green;0;Yellow;0;Red;0;Evacuees to Transfer;
1480.43,1218,evacuee,outES,Evacuee 194 in triage category R is not assigned a helicopter
1480.43,1218,evacuee,,Evacuee;194;in triage state;B;is at the evacuation site
1489.17,3,evacueeManager,,OFF SHIP: White;0;Green;283;Yellow;48;Red;8;Black;161;ON SHIP: White;0;Green;0;Yellow;0;Red;0;Evacuees to Transfer;
1489.17,625,evacuee,outES,Evacuee 412 in triage category Y is not assigned a helicopter
1489.17,625,evacuee,,Evacuee;412;in triage state;R;is at the evacuation site
1491.12,3,evacueeManager,,OFF SHIP: White;0;Green;282;Yellow;49;Red;8;Black;161;ON SHIP: White;0;Green;0;Yellow;0;Red;0;Evacuees to Transfer;
1491.12,130,evacuee,outES,Evacuee 419 in triage category G is not assigned a helicopter
1491.12,130,evacuee,,Evacuee;419;in triage state;Y;is at the evacuation site
1499.06,3,evacueeManager,,OFF SHIP: White;0;Green;281;Yellow;50;Red;8;Black;161;ON SHIP: White;0;Green;0;Yellow;0;Red;0;Evacuees to Transfer;
1499.06,1512,evacuee,outES,Evacuee 248 in triage category G is not assigned a helicopter
1499.06,1512,evacuee,,Evacuee;248;in triage state;Y;is at the evacuation site
1504.8,3,evacueeManager,,OFF SHIP: White;0;Green;280;Yellow;51;Red;8;Black;161;ON SHIP: White;0;Green;0;Yellow;0;Red;0;Evacuees to Transfer;
1504.8,567,evacuee,outES,Evacuee 269 in triage category G is not assigned a helicopter
1504.8,567,evacuee,,Evacuee;269;in triage state;Y;is at the evacuation site
1504.98,3,evacueeManager,,OFF SHIP: White;0;Green;280;Yellow;51;Red;7;Black;162;ON SHIP: White;0;Green;0;Yellow;0;Red;0;Evacuees to Transfer;
1504.98,766,evacuee,outES,Evacuee 271 in triage category R is not assigned a helicopter
1504.98,766,evacuee,,Evacuee;271;in triage state;B;is at the evacuation site
1506.01,3,evacueeManager,,OFF SHIP: White;0;Green;280;Yellow;51;Red;6;Black;163;ON SHIP: White;0;Green;0;Yellow;0;Red;0;Evacuees to Transfer;
1506.01,853,evacuee,outES,Evacuee 285 in triage category R is not assigned a helicopter
1506.01,853,evacuee,,Evacuee;285;in triage state;B;is at the evacuation site
1510.65,3,evacueeManager,,OFF SHIP: White;0;Green;279;Yellow;52;Red;6;Black;163;ON SHIP: White;0;Green;0;Yellow;0;Red;0;Evacuees to Transfer;
1510.65,715,evacuee,outES,Evacuee 134 in triage category G is not assigned a helicopter
1510.65,715,evacuee,,Evacuee;134;in triage state;Y;is at the evacuation site
1515.12,3,evacueeManager,,OFF SHIP: White;0;Green;279;Yellow;51;Red;7;Black;163;ON SHIP: White;0;Green;0;Yellow;0;Red;0;Evacuees to Transfer;
1515.12,970,evacuee,outES,Evacuee 496 in triage category Y is not assigned a helicopter
1515.12,970,evacuee,,Evacuee;496;in triage state;R;is at the evacuation site
1517.25,3,evacueeManager,,OFF SHIP: White;0;Green;278;Yellow;52;Red;7;Black;163;ON SHIP: White;0;Green;0;Yellow;0;Red;0;Evacuees to Transfer;
1517.25,643,evacuee,outES,Evacuee 297 in triage category G is not assigned a helicopter
1517.25,643,evacuee,,Evacuee;297;in triage state;Y;is at the evacuation site
1519.47,3,evacueeManager,,OFF SHIP: White;0;Green;278;Yellow;51;Red;8;Black;163;ON SHIP: White;0;Green;0;Yellow;0;Red;0;Evacuees to Transfer;
1519.47,922,evacuee,outES,Evacuee 157 in triage category Y is not assigned a helicopter
1519.47,922,evacuee,,Evacuee;157;in triage state;R;is at the evacuation site
1521.98,3,evacueeManager,,OFF SHIP: White;0;Green;278;Yellow;50;Red;9;Black;163;ON SHIP: White;0;Green;0;Yellow;0;Red;0;Evacuees to Transfer;
1521.98,199,evacuee,outES,Evacuee 381 in triage category Y is not assigned a helicopter
1521.98,199,evacuee,,Evacuee;381;in triage state;R;is at the evacuation site
1524.78,3,evacueeManager,,OFF SHIP: White;0;Green;278;Yellow;49;Red;10;Black;163;ON SHIP: White;0;Green;0;Yellow;0;Red;0;Evacuees to Transfer;
1524.78,51,evacuee,outES,Evacuee 475 in triage category Y is not assigned a helicopter
1524.78,51,evacuee,,Evacuee;475;in triage state;R;is at the evacuation site
1532.38,3,evacueeManager,,OFF SHIP: White;0;Green;277;Yellow;50;Red;10;Black;163;ON SHIP: White;0;Green;0;Yellow;0;Red;0;Evacuees to Transfer;
1532.38,1440,evacuee,outES,Evacuee 216 in triage category G is not assigned a helicopter
1532.38,1440,evacuee,,Evacuee;216;in triage state;Y;is at the evacuation site
1533.66,3,evacueeManager,,OFF SHIP: White;0;Green;277;Yellow;49;Red;11;Black;163;ON SHIP: White;0;Green;0;Yellow;0;Red;0;Evacuees to Transfer;
1533.66,1431,evacuee,outES,Evacuee 294 in triage category Y is not assigned a helicopter
1533.66,1431,evacuee,,Evacuee;294;in triage state;R;is at the evacuation site
1536.11,3,evacueeManager,,OFF SHIP: White;0;Green;277;Yellow;49;Red;10;Black;164;ON SHIP: White;0;Green;0;Yellow;0;Red;0;Evacuees to Transfer;
1536.11,1431,evacuee,outES,Evacuee 294 in triage category R is not assigned a helicopter
1536.11,1431,evacuee,,Evacuee;294;in triage state;B;is at the evacuation site
1537.15,3,evacueeManager,,OFF SHIP: White;0;Green;276;Yellow;50;Red;10;Black;164;ON SHIP: White;0;Green;0;Yellow;0;Red;0;Evacuees to Transfer;
1537.15,423,evacuee,outES,Evacuee 278 in triage category G is not assigned a helicopter
1537.15,423,evacuee,,Evacuee;278;in triage state;Y;is at the evacuation site
1537.9,3,evacueeManager,,OFF SHIP: White;0;Green;275;Yellow;51;Red;10;Black;164;ON SHIP: White;0;Green;0;Yellow;0;Red;0;Evacuees to Transfer;
1537.9,202,evacuee,outES,Evacuee 427 in triage category G is not assigned a helicopter
1537.9,202,evacuee,,Evacuee;427;in triage state;Y;is at the evacuation site
1538.65,3,evacueeManager,,OFF SHIP: White;0;Green;275;Yellow;50;Red;11;Black;164;ON SHIP: White;0;Green;0;Yellow;0;Red;0;Evacuees to Transfer;
1538.65,1368,evacuee,outES,Evacuee 193 in triage category Y is not assigned a helicopter
1538.65,1368,evacuee,,Evacuee;193;in triage state;R;is at the evacuation site
1538.92,3,evacueeManager,,OFF SHIP: White;0;Green;275;Yellow;49;Red;12;Black;164;ON SHIP: White;0;Green;0;Yellow;0;Red;0;Evacuees to Transfer;
1538.92,127,evacuee,outES,Evacuee 420 in triage category Y is not assigned a helicopter
1538.92,127,evacuee,,Evacuee;420;in triage state;R;is at the evacuation site
1538.93,3,evacueeManager,,OFF SHIP: White;0;Green;274;Yellow;50;Red;12;Black;164;ON SHIP: White;0;Green;0;Yellow;0;Red;0;Evacuees to Transfer;
1538.93,275,evacuee,outES,Evacuee 340 in triage category G is not assigned a helicopter
1538.93,275,evacuee,,Evacuee;340;in triage state;Y;is at the evacuation site
1542.83,3,evacueeManager,,OFF SHIP: White;0;Green;274;Yellow;49;Red;13;Black;164;ON SHIP: White;0;Green;0;Yellow;0;Red;0;Evacuees to Transfer;
1542.83,196,evacuee,outES,Evacuee 382 in triage category Y is not assigned a helicopter
1542.83,196,evacuee,,Evacuee;382;in triage state;R;is at the evacuation site
1545.02,3,evacueeManager,,OFF SHIP: White;0;Green;274;Yellow;49;Red;12;Black;165;ON SHIP: White;0;Green;0;Yellow;0;Red;0;Evacuees to Transfer;
1545.02,1368,evacuee,outES,Evacuee 193 in triage category R is not assigned a helicopter
1545.02,1368,evacuee,,Evacuee;193;in triage state;B;is at the evacuation site
1549.95,3,evacueeManager,,OFF SHIP: White;0;Green;274;Yellow;49;Red;11;Black;166;ON SHIP: White;0;Green;0;Yellow;0;Red;0;Evacuees to Transfer;
1549.95,196,evacuee,outES,Evacuee 382 in triage category R is not assigned a helicopter
1549.95,196,evacuee,,Evacuee;382;in triage state;B;is at the evacuation site
1550.03,3,evacueeManager,,OFF SHIP: White;0;Green;273;Yellow;50;Red;11;Black;166;ON SHIP: White;0;Green;0;Yellow;0;Red;0;Evacuees to Transfer;
1550.03,787,evacuee,outES,Evacuee 107 in triage category G is not assigned a helicopter
1550.03,787,evacuee,,Evacuee;107;in triage state;Y;is at the evacuation site
1558.8,3,evacueeManager,,OFF SHIP: White;0;Green;272;Yellow;51;Red;11;Black;166;ON SHIP: White;0;Green;0;Yellow;0;Red;0;Evacuees to Transfer;
1558.8,859,evacuee,outES,Evacuee 394 in triage category G is not assigned a helicopter
1558.8,859,evacuee,,Evacuee;394;in triage state;Y;is at the evacuation site
1558.97,3,evacueeManager,,OFF SHIP: White;0;Green;272;Yellow;51;Red;10;Black;167;ON SHIP: White;0;Green;0;Yellow;0;Red;0;Evacuees to Transfer;
1558.97,51,evacuee,outES,Evacuee 475 in triage category R is not assigned a helicopter
1558.97,51,evacuee,,Evacuee;475;in triage state;B;is at the evacuation site
1560.76,3,evacueeManager,,OFF SHIP: White;0;Green;272;Yellow;50;Red;11;Black;167;ON SHIP: White;0;Green;0;Yellow;0;Red;0;Evacuees to Transfer;
1560.76,1221,evacuee,outES,Evacuee 140 in triage category Y is not assigned a helicopter
1560.76,1221,evacuee,,Evacuee;140;in triage state;R;is at the evacuation site
1562.96,3,evacueeManager,,OFF SHIP: White;0;Green;271;Yellow;51;Red;11;Black;167;ON SHIP: White;0;Green;0;Yellow;0;Red;0;Evacuees to Transfer;
1562.96,1151,evacuee,outES,Evacuee 367 in triage category G is not assigned a helicopter
1562.96,1151,evacuee,,Evacuee;367;in triage state;Y;is at the evacuation site
1563.71,3,evacueeManager,,OFF SHIP: White;0;Green;270;Yellow;52;Red;11;Black;167;ON SHIP: White;0;Green;0;Yellow;0;Red;0;Evacuees to Transfer;
1563.71,931,evacuee,outES,Evacuee 286 in triage category G is not assigned a helicopter
1563.71,931,evacuee,,Evacuee;286;in triage state;Y;is at the evacuation site
1565.76,3,evacueeManager,,OFF SHIP: White;0;Green;270;Yellow;52;Red;10;Black;168;ON SHIP: White;0;Green;0;Yellow;0;Red;0;Evacuees to Transfer;
1565.76,1069,evacuee,outES,Evacuee 36 in triage category R is not assigned a helicopter
1565.76,1069,evacuee,,Evacuee;36;in triage state;B;is at the evacuation site
1567.56,3,evacueeManager,,OFF SHIP: White;0;Green;270;Yellow;52;Red;9;Black;169;ON SHIP: White;0;Green;0;Yellow;0;Red;0;Evacuees to Transfer;
1567.56,127,evacuee,outES,Evacuee 420 in triage category R is not assigned a helicopter
1567.56,127,evacuee,,Evacuee;420;in triage state;B;is at the evacuation site
1568.64,3,evacueeManager,,OFF SHIP: White;0;Green;269;Yellow;53;Red;9;Black;169;ON SHIP: White;0;Green;0;Yellow;0;Red;0;Evacuees to Transfer;
1568.64,1003,evacuee,outES,Evacuee 405 in triage category G is not assigned a helicopter
1568.64,1003,evacuee,,Evacuee;405;in triage state;Y;is at the evacuation site
1581.37,3,evacueeManager,,OFF SHIP: White;0;Green;268;Yellow;54;Red;9;Black;169;ON SHIP: White;0;Green;0;Yellow;0;Red;0;Evacuees to Transfer;
1581.37,1075,evacuee,outES,Evacuee 84 in triage category G is not assigned a helicopter
1581.37,1075,evacuee,,Evacuee;84;in triage state;Y;is at the evacuation site
1581.74,3,evacueeManager,,OFF SHIP: White;0;Green;268;Yellow;54;Red;8;Black;170;ON SHIP: White;0;Green;0;Yellow;0;Red;0;Evacuees to Transfer;
1581.74,48,evacuee,outES,Evacuee 476 in triage category R is not assigned a helicopter
1581.74,48,evacuee,,Evacuee;476;in triage state;B;is at the evacuation site
1583.7,3,evacueeManager,,OFF SHIP: White;0;Green;268;Yellow;54;Red;7;Black;171;ON SHIP: White;0;Green;0;Yellow;0;Red;0;Evacuees to Transfer;
1583.7,625,evacuee,outES,Evacuee 412 in triage category R is not assigned a helicopter
1583.7,625,evacuee,,Evacuee;412;in triage state;B;is at the evacuation site
1585.69,3,evacueeManager,,OFF SHIP: White;0;Green;268;Yellow;54;Red;6;Black;172;ON SHIP: White;0;Green;0;Yellow;0;Red;0;Evacuees to Transfer;
1585.69,558,evacuee,outES,Evacuee 235 in triage category R is not assigned a helicopter
1585.69,558,evacuee,,Evacuee;235;in triage state;B;is at the evacuation site
1592.33,3,evacueeManager,,OFF SHIP: White;0;Green;267;Yellow;55;Red;6;Black;172;ON SHIP: White;0;Green;0;Yellow;0;Red;0;Evacuees to Transfer;
1592.33,1299,evacuee,outES,Evacuee 168 in triage category G is not assigned a helicopter
1592.33,1299,evacuee,,Evacuee;168;in triage state;Y;is at the evacuation site
1592.66,3,evacueeManager,,OFF SHIP: White;0;Green;267;Yellow;55;Red;5;Black;173;ON SHIP: White;0;Green;0;Yellow;0;Red;0;Evacuees to Transfer;
1592.66,922,evacuee,outES,Evacuee 157 in triage category R is not assigned a helicopter
1592.66,922,evacuee,,Evacuee;157;in triage state;B;is at the evacuation site
1596.32,3,evacueeManager,,OFF SHIP: White;0;Green;267;Yellow;55;Red;4;Black;174;ON SHIP: White;0;Green;0;Yellow;0;Red;0;Evacuees to Transfer;
1596.32,199,evacuee,outES,Evacuee 381 in triage category R is not assigned a helicopter
1596.32,199,evacuee,,Evacuee;381;in triage state;B;is at the evacuation site
1598.26,3,evacueeManager,,OFF SHIP: White;0;Green;266;Yellow;56;Red;4;Black;174;ON SHIP: White;0;Green;0;Yellow;0;Red;0;Evacuees to Transfer;
1598.26,351,evacuee,outES,Evacuee 309 in triage category G is not assigned a helicopter
1598.26,351,evacuee,,Evacuee;309;in triage state;Y;is at the evacuation site
1601.97,3,evacueeManager,,OFF SHIP: White;0;Green;266;Yellow;55;Red;5;Black;174;ON SHIP: White;0;Green;0;Yellow;0;Red;0;Evacuees to Transfer;
1601.97,272,evacuee,outES,Evacuee 341 in triage category Y is not assigned a helicopter
1601.97,272,evacuee,,Evacuee;341;in triage state;R;is at the evacuation site
1602.68,3,evacueeManager,,OFF SHIP: White;0;Green;266;Yellow;54;Red;6;Black;174;ON SHIP: White;0;Green;0;Yellow;0;Red;0;Evacuees to Transfer;
1602.68,561,evacuee,outES,Evacuee 105 in triage category Y is not assigned a helicopter
1602.68,561,evacuee,,Evacuee;105;in triage state;R;is at the evacuation site
1605.17,3,evacueeManager,,OFF SHIP: White;0;Green;265;Yellow;55;Red;6;Black;174;ON SHIP: White;0;Green;0;Yellow;0;Red;0;Evacuees to Transfer;
1605.17,1371,evacuee,outES,Evacuee 195 in triage category G is not assigned a helicopter
1605.17,1371,evacuee,,Evacuee;195;in triage state;Y;is at the evacuation site
1610.93,3,evacueeManager,,OFF SHIP: White;0;Green;264;Yellow;56;Red;6;Black;174;ON SHIP: White;0;Green;0;Yellow;0;Red;0;Evacuees to Transfer;
1610.93,1227,evacuee,outES,Evacuee 143 in triage category G is not assigned a helicopter
1610.93,1227,evacuee,,Evacuee;143;in triage state;Y;is at the evacuation site
1611.98,3,evacueeManager,,OFF SHIP: White;0;Green;264;Yellow;56;Red;5;Black;175;ON SHIP: White;0;Green;0;Yellow;0;Red;0;Evacuees to Transfer;
1611.98,970,evacuee,outES,Evacuee 496 in triage category R is not assigned a helicopter
1611.98,970,evacuee,,Evacuee;496;in triage state;B;is at the evacuation site
1621.72,3,evacueeManager,,OFF SHIP: White;0;Green;264;Yellow;55;Red;6;Black;175;ON SHIP: White;0;Green;0;Yellow;0;Red;0;Evacuees to Transfer;
1621.72,1503,evacuee,outES,Evacuee 244 in triage category Y is not assigned a helicopter
1621.72,1503,evacuee,,Evacuee;244;in triage state;R;is at the evacuation site
1622.38,3,evacueeManager,,OFF SHIP: White;0;Green;264;Yellow;54;Red;7;Black;175;ON SHIP: White;0;Green;0;Yellow;0;Red;0;Evacuees to Transfer;
1622.38,1048,evacuee,outES,Evacuee 64 in triage category Y is not assigned a helicopter
1622.38,1048,evacuee,,Evacuee;64;in triage state;R;is at the evacuation site
1627.97,3,evacueeManager,,OFF SHIP: White;0;Green;264;Yellow;54;Red;6;Black;176;ON SHIP: White;0;Green;0;Yellow;0;Red;0;Evacuees to Transfer;
1627.97,1293,evacuee,outES,Evacuee 167 in triage category R is not assigned a helicopter
1627.97,1293,evacuee,,Evacuee;167;in triage state;B;is at the evacuation site
1634.31,3,evacueeManager,,OFF SHIP: White;0;Green;264;Yellow;54;Red;5;Black;177;ON SHIP: White;0;Green;0;Yellow;0;Red;0;Evacuees to Transfer;
1634.31,272,evacuee,outES,Evacuee 341 in triage category R is not assigned a helicopter
1634.31,272,evacuee,,Evacuee;341;in triage state;B;is at the evacuation site
1635.03,3,evacueeManager,,OFF SHIP: White;0;Green;264;Yellow;53;Red;6;Black;177;ON SHIP: White;0;Green;0;Yellow;0;Red;0;Evacuees to Transfer;
1635.03,715,evacuee,outES,Evacuee 134 in triage category Y is not assigned a helicopter
1635.03,715,evacuee,,Evacuee;134;in triage state;R;is at the evacuation site
1637.52,3,evacueeManager,,OFF SHIP: White;0;Green;264;Yellow;52;Red;7;Black;177;ON SHIP: White;0;Green;0;Yellow;0;Red;0;Evacuees to Transfer;
1637.52,997,evacuee,outES,Evacuee 154 in triage category Y is not assigned a helicopter
1637.52,997,evacuee,,Evacuee;154;in triage state;R;is at the evacuation site
1637.64,3,evacueeManager,,OFF SHIP: White;0;Green;264;Yellow;51;Red;8;Black;177;ON SHIP: White;0;Green;0;Yellow;0;Red;0;Evacuees to Transfer;
1637.64,1075,evacuee,outES,Evacuee 84 in triage category Y is not assigned a helicopter
1637.64,1075,evacuee,,Evacuee;84;in triage state;R;is at the evacuation site
1638.41,3,evacueeManager,,OFF SHIP: White;0;Green;264;Yellow;50;Red;9;Black;177;ON SHIP: White;0;Green;0;Yellow;0;Red;0;Evacuees to Transfer;
1638.41,1003,evacuee,outES,Evacuee 405 in triage category Y is not assigned a helicopter
1638.41,1003,evacuee,,Evacuee;405;in triage state;R;is at the evacuation site
1639.4,3,evacueeManager,,OFF SHIP: White;0;Green;264;Yellow;50;Red;8;Black;178;ON SHIP: White;0;Green;0;Yellow;0;Red;0;Evacuees to Transfer;
1639.4,1221,evacuee,outES,Evacuee 140 in triage category R is not assigned a helicopter
1639.4,1221,evacuee,,Evacuee;140;in triage state;B;is at the evacuation site
1641.13,3,evacueeManager,,OFF SHIP: White;0;Green;264;Yellow;49;Red;9;Black;178;ON SHIP: White;0;Green;0;Yellow;0;Red;0;Evacuees to Transfer;
1641.13,643,evacuee,outES,Evacuee 297 in triage category Y is not assigned a helicopter
1641.13,643,evacuee,,Evacuee;297;in triage state;R;is at the evacuation site
1646.18,3,evacueeManager,,OFF SHIP: White;0;Green;264;Yellow;49;Red;8;Black;179;ON SHIP: White;0;Green;0;Yellow;0;Red;0;Evacuees to Transfer;
1646.18,1048,evacuee,outES,Evacuee 64 in triage category R is not assigned a helicopter
1646.18,1048,evacuee,,Evacuee;64;in triage state;B;is at the evacuation site
1646.21,3,evacueeManager,,OFF SHIP: White;0;Green;264;Yellow;49;Red;7;Black;180;ON SHIP: White;0;Green;0;Yellow;0;Red;0;Evacuees to Transfer;
1646.21,643,evacuee,outES,Evacuee 297 in triage category R is not assigned a helicopter
1646.21,643,evacuee,,Evacuee;297;in triage state;B;is at the evacuation site
1650.35,3,evacueeManager,,OFF SHIP: White;0;Green;264;Yellow;48;Red;8;Black;180;ON SHIP: White;0;Green;0;Yellow;0;Red;0;Evacuees to Transfer;
1650.35,567,evacuee,outES,Evacuee 269 in triage category Y is not assigned a helicopter
1650.35,567,evacuee,,Evacuee;269;in triage state;R;is at the evacuation site
1651.85,3,evacueeManager,,OFF SHIP: White;0;Green;264;Yellow;47;Red;9;Black;180;ON SHIP: White;0;Green;0;Yellow;0;Red;0;Evacuees to Transfer;
1651.85,1365,evacuee,outES,Evacuee 249 in triage category Y is not assigned a helicopter
1651.85,1365,evacuee,,Evacuee;249;in triage state;R;is at the evacuation site
1652.15,3,evacueeManager,,OFF SHIP: White;0;Green;264;Yellow;46;Red;10;Black;180;ON SHIP: White;0;Green;0;Yellow;0;Red;0;Evacuees to Transfer;
1652.15,54,evacuee,outES,Evacuee 472 in triage category Y is not assigned a helicopter
1652.15,54,evacuee,,Evacuee;472;in triage state;R;is at the evacuation site
1653.16,3,evacueeManager,,OFF SHIP: White;0;Green;264;Yellow;46;Red;9;Black;181;ON SHIP: White;0;Green;0;Yellow;0;Red;0;Evacuees to Transfer;
1653.16,54,evacuee,outES,Evacuee 472 in triage category R is not assigned a helicopter
1653.16,54,evacuee,,Evacuee;472;in triage state;B;is at the evacuation site
1654.89,3,evacueeManager,,OFF SHIP: White;0;Green;264;Yellow;46;Red;8;Black;182;ON SHIP: White;0;Green;0;Yellow;0;Red;0;Evacuees to Transfer;
1654.89,1437,evacuee,outES,Evacuee 12 in triage category R is not assigned a helicopter
1654.89,1437,evacuee,,Evacuee;12;in triage state;B;is at the evacuation site
1655.77,3,evacueeManager,,OFF SHIP: White;0;Green;264;Yellow;45;Red;9;Black;182;ON SHIP: White;0;Green;0;Yellow;0;Red;0;Evacuees to Transfer;
1655.77,856,evacuee,outES,Evacuee 89 in triage category Y is not assigned a helicopter
1655.77,856,evacuee,,Evacuee;89;in triage state;R;is at the evacuation site
1665.5,3,evacueeManager,,OFF SHIP: White;0;Green;263;Yellow;46;Red;9;Black;182;ON SHIP: White;0;Green;0;Yellow;0;Red;0;Evacuees to Transfer;
1665.5,57,evacuee,outES,Evacuee 471 in triage category G is not assigned a helicopter
1665.5,57,evacuee,,Evacuee;471;in triage state;Y;is at the evacuation site
1667.27,3,evacueeManager,,OFF SHIP: White;0;Green;263;Yellow;46;Red;8;Black;183;ON SHIP: White;0;Green;0;Yellow;0;Red;0;Evacuees to Transfer;
1667.27,856,evacuee,outES,Evacuee 89 in triage category R is not assigned a helicopter
1667.27,856,evacuee,,Evacuee;89;in triage state;B;is at the evacuation site
1668.54,3,evacueeManager,,OFF SHIP: White;0;Green;263;Yellow;45;Red;9;Black;183;ON SHIP: White;0;Green;0;Yellow;0;Red;0;Evacuees to Transfer;
1668.54,269,evacuee,outES,Evacuee 346 in triage category Y is not assigned a helicopter
1668.54,269,evacuee,,Evacuee;346;in triage state;R;is at the evacuation site
1669.82,3,evacueeManager,,OFF SHIP: White;0;Green;263;Yellow;44;Red;10;Black;183;ON SHIP: White;0;Green;0;Yellow;0;Red;0;Evacuees to Transfer;
1669.82,931,evacuee,outES,Evacuee 286 in triage category Y is not assigned a helicopter
1669.82,931,evacuee,,Evacuee;286;in triage state;R;is at the evacuation site
1688.13,3,evacueeManager,,OFF SHIP: White;0;Green;262;Yellow;45;Red;10;Black;183;ON SHIP: White;0;Green;0;Yellow;0;Red;0;Evacuees to Transfer;
1688.13,498,evacuee,outES,Evacuee 432 in triage category G is not assigned a helicopter
1688.13,498,evacuee,,Evacuee;432;in triage state;Y;is at the evacuation site
1698.92,3,evacueeManager,,OFF SHIP: White;0;Green;261;Yellow;46;Red;10;Black;183;ON SHIP: White;0;Green;0;Yellow;0;Red;0;Evacuees to Transfer;
1698.92,133,evacuee,outES,Evacuee 414 in triage category G is not assigned a helicopter
1698.92,133,evacuee,,Evacuee;414;in triage state;Y;is at the evacuation site
1699.29,3,evacueeManager,,OFF SHIP: White;0;Green;261;Yellow;45;Red;11;Black;183;ON SHIP: White;0;Green;0;Yellow;0;Red;0;Evacuees to Transfer;
1699.29,994,evacuee,outES,Evacuee 304 in triage category Y is not assigned a helicopter
1699.29,994,evacuee,,Evacuee;304;in triage state;R;is at the evacuation site
1699.4,3,evacueeManager,,OFF SHIP: White;0;Green;261;Yellow;44;Red;12;Black;183;ON SHIP: White;0;Green;0;Yellow;0;Red;0;Evacuees to Transfer;
1699.4,1145,evacuee,outES,Evacuee 47 in triage category Y is not assigned a helicopter
1699.4,1145,evacuee,,Evacuee;47;in triage state;R;is at the evacuation site
1705.48,3,evacueeManager,,OFF SHIP: White;0;Green;260;Yellow;45;Red;12;Black;183;ON SHIP: White;0;Green;0;Yellow;0;Red;0;Evacuees to Transfer;
1705.48,570,evacuee,outES,Evacuee 103 in triage category G is not assigned a helicopter
1705.48,570,evacuee,,Evacuee;103;in triage state;Y;is at the evacuation site
1707.47,3,evacueeManager,,OFF SHIP: White;0;Green;259;Yellow;46;Red;12;Black;183;ON SHIP: White;0;Green;0;Yellow;0;Red;0;Evacuees to Transfer;
1707.47,1515,evacuee,outES,Evacuee 467 in triage category G is not assigned a helicopter
1707.47,1515,evacuee,,Evacuee;467;in triage state;Y;is at the evacuation site
1707.56,3,evacueeManager,,OFF SHIP: White;0;Green;259;Yellow;46;Red;11;Black;184;ON SHIP: White;0;Green;0;Yellow;0;Red;0;Evacuees to Transfer;
1707.56,1003,evacuee,outES,Evacuee 405 in triage category R is not assigned a helicopter
1707.56,1003,evacuee,,Evacuee;405;in triage state;B;is at the evacuation site
1708.19,3,evacueeManager,,OFF SHIP: White;0;Green;259;Yellow;45;Red;12;Black;184;ON SHIP: White;0;Green;0;Yellow;0;Red;0;Evacuees to Transfer;
1708.19,1440,evacuee,outES,Evacuee 216 in triage category Y is not assigned a helicopter
1708.19,1440,evacuee,,Evacuee;216;in triage state;R;is at the evacuation site
1715.66,3,evacueeManager,,OFF SHIP: White;0;Green;259;Yellow;45;Red;11;Black;185;ON SHIP: White;0;Green;0;Yellow;0;Red;0;Evacuees to Transfer;
1715.66,715,evacuee,outES,Evacuee 134 in triage category R is not assigned a helicopter
1715.66,715,evacuee,,Evacuee;134;in triage state;B;is at the evacuation site
1721.23,3,evacueeManager,,OFF SHIP: White;0;Green;259;Yellow;44;Red;12;Black;185;ON SHIP: White;0;Green;0;Yellow;0;Red;0;Evacuees to Transfer;
1721.23,275,evacuee,outES,Evacuee 340 in triage category Y is not assigned a helicopter
1721.23,275,evacuee,,Evacuee;340;in triage state;R;is at the evacuation site
1724.88,3,evacueeManager,,OFF SHIP: White;0;Green;259;Yellow;43;Red;13;Black;185;ON SHIP: White;0;Green;0;Yellow;0;Red;0;Evacuees to Transfer;
1724.88,1299,evacuee,outES,Evacuee 168 in triage category Y is not assigned a helicopter
1724.88,1299,evacuee,,Evacuee;168;in triage state;R;is at the evacuation site
1727.14,3,evacueeManager,,OFF SHIP: White;0;Green;259;Yellow;43;Red;12;Black;186;ON SHIP: White;0;Green;0;Yellow;0;Red;0;Evacuees to Transfer;
1727.14,561,evacuee,outES,Evacuee 105 in triage category R is not assigned a helicopter
1727.14,561,evacuee,,Evacuee;105;in triage state;B;is at the evacuation site
1728.13,3,evacueeManager,,OFF SHIP: White;0;Green;258;Yellow;44;Red;12;Black;186;ON SHIP: White;0;Green;0;Yellow;0;Red;0;Evacuees to Transfer;
1728.13,718,evacuee,outES,Evacuee 199 in triage category G is not assigned a helicopter
1728.13,718,evacuee,,Evacuee;199;in triage state;Y;is at the evacuation site
1730.9,3,evacueeManager,,OFF SHIP: White;0;Green;258;Yellow;43;Red;13;Black;186;ON SHIP: White;0;Green;0;Yellow;0;Red;0;Evacuees to Transfer;
1730.9,1290,evacuee,outES,Evacuee 146 in triage category Y is not assigned a helicopter
1730.9,1290,evacuee,,Evacuee;146;in triage state;R;is at the evacuation site
1731.13,3,evacueeManager,,OFF SHIP: White;0;Green;257;Yellow;44;Red;13;Black;186;ON SHIP: White;0;Green;0;Yellow;0;Red;0;Evacuees to Transfer;
1731.13,646,evacuee,outES,Evacuee 86 in triage category G is not assigned a helicopter
1731.13,646,evacuee,,Evacuee;86;in triage state;Y;is at the evacuation site
1743.29,3,evacueeManager,,OFF SHIP: White;0;Green;256;Yellow;45;Red;13;Black;186;ON SHIP: White;0;Green;0;Yellow;0;Red;0;Evacuees to Transfer;
1743.29,1443,evacuee,outES,Evacuee 219 in triage category G is not assigned a helicopter
1743.29,1443,evacuee,,Evacuee;219;in triage state;Y;is at the evacuation site
1746.61,3,evacueeManager,,OFF SHIP: White;0;Green;256;Yellow;45;Red;12;Black;187;ON SHIP: White;0;Green;0;Yellow;0;Red;0;Evacuees to Transfer;
1746.61,567,evacuee,outES,Evacuee 269 in triage category R is not assigned a helicopter
1746.61,567,evacuee,,Evacuee;269;in triage state;B;is at the evacuation site
1750.35,3,evacueeManager,,OFF SHIP: White;0;Green;255;Yellow;46;Red;12;Black;187;ON SHIP: White;0;Green;0;Yellow;0;Red;0;Evacuees to Transfer;
1750.35,278,evacuee,outES,Evacuee 338 in triage category G is not assigned a helicopter
1750.35,278,evacuee,,Evacuee;338;in triage state;Y;is at the evacuation site
1757.53,3,evacueeManager,,OFF SHIP: White;0;Green;254;Yellow;47;Red;12;Black;187;ON SHIP: White;0;Green;0;Yellow;0;Red;0;Evacuees to Transfer;
1757.53,205,evacuee,outES,Evacuee 380 in triage category G is not assigned a helicopter
1757.53,205,evacuee,,Evacuee;380;in triage state;Y;is at the evacuation site
1760.57,3,evacueeManager,,OFF SHIP: White;0;Green;254;Yellow;46;Red;13;Black;187;ON SHIP: White;0;Green;0;Yellow;0;Red;0;Evacuees to Transfer;
1760.57,646,evacuee,outES,Evacuee 86 in triage category Y is not assigned a helicopter
1760.57,646,evacuee,,Evacuee;86;in triage state;R;is at the evacuation site
1760.87,3,evacueeManager,,OFF SHIP: White;0;Green;253;Yellow;47;Red;13;Black;187;ON SHIP: White;0;Green;0;Yellow;0;Red;0;Evacuees to Transfer;
1760.87,426,evacuee,outES,Evacuee 277 in triage category G is not assigned a helicopter
1760.87,426,evacuee,,Evacuee;277;in triage state;Y;is at the evacuation site
1760.99,3,evacueeManager,,OFF SHIP: White;0;Green;253;Yellow;46;Red;14;Black;187;ON SHIP: White;0;Green;0;Yellow;0;Red;0;Evacuees to Transfer;
1760.99,631,evacuee,outES,Evacuee 83 in triage category Y is not assigned a helicopter
1760.99,631,evacuee,,Evacuee;83;in triage state;R;is at the evacuation site
1762.29,3,evacueeManager,,OFF SHIP: White;0;Green;252;Yellow;47;Red;14;Black;187;ON SHIP: White;0;Green;0;Yellow;0;Red;0;Evacuees to Transfer;
1762.29,790,evacuee,outES,Evacuee 229 in triage category G is not assigned a helicopter
1762.29,790,evacuee,,Evacuee;229;in triage state;Y;is at the evacuation site
1762.36,3,evacueeManager,,OFF SHIP: White;0;Green;252;Yellow;46;Red;15;Black;187;ON SHIP: White;0;Green;0;Yellow;0;Red;0;Evacuees to Transfer;
1762.36,555,evacuee,outES,Evacuee 148 in triage category Y is not assigned a helicopter
1762.36,555,evacuee,,Evacuee;148;in triage state;R;is at the evacuation site
1762.52,3,evacueeManager,,OFF SHIP: White;0;Green;252;Yellow;45;Red;16;Black;187;ON SHIP: White;0;Green;0;Yellow;0;Red;0;Evacuees to Transfer;
1762.52,498,evacuee,outES,Evacuee 432 in triage category Y is not assigned a helicopter
1762.52,498,evacuee,,Evacuee;432;in triage state;R;is at the evacuation site
1771.53,3,evacueeManager,,OFF SHIP: White;0;Green;252;Yellow;45;Red;15;Black;188;ON SHIP: White;0;Green;0;Yellow;0;Red;0;Evacuees to Transfer;
1771.53,1075,evacuee,outES,Evacuee 84 in triage category R is not assigned a helicopter
1771.53,1075,evacuee,,Evacuee;84;in triage state;B;is at the evacuation site
1772.04,3,evacueeManager,,OFF SHIP: White;0;Green;251;Yellow;46;Red;15;Black;188;ON SHIP: White;0;Green;0;Yellow;0;Red;0;Evacuees to Transfer;
1772.04,1154,evacuee,outES,Evacuee 364 in triage category G is not assigned a helicopter
1772.04,1154,evacuee,,Evacuee;364;in triage state;Y;is at the evacuation site
1772.85,3,evacueeManager,,OFF SHIP: White;0;Green;250;Yellow;47;Red;15;Black;188;ON SHIP: White;0;Green;0;Yellow;0;Red;0;Evacuees to Transfer;
1772.85,934,evacuee,outES,Evacuee 196 in triage category G is not assigned a helicopter
1772.85,934,evacuee,,Evacuee;196;in triage state;Y;is at the evacuation site
1773.97,3,evacueeManager,,OFF SHIP: White;0;Green;249;Yellow;48;Red;15;Black;188;ON SHIP: White;0;Green;0;Yellow;0;Red;0;Evacuees to Transfer;
1773.97,1006,evacuee,outES,Evacuee 21 in triage category G is not assigned a helicopter
1773.97,1006,evacuee,,Evacuee;21;in triage state;Y;is at the evacuation site
1787.6,3,evacueeManager,,OFF SHIP: White;0;Green;249;Yellow;48;Red;14;Black;189;ON SHIP: White;0;Green;0;Yellow;0;Red;0;Evacuees to Transfer;
1787.6,1503,evacuee,outES,Evacuee 244 in triage category R is not assigned a helicopter
1787.6,1503,evacuee,,Evacuee;244;in triage state;B;is at the evacuation site
1787.63,3,evacueeManager,,OFF SHIP: White;0;Green;249;Yellow;47;Red;15;Black;189;ON SHIP: White;0;Green;0;Yellow;0;Red;0;Evacuees to Transfer;
1787.63,1506,evacuee,outES,Evacuee 247 in triage category Y is not assigned a helicopter
1787.63,1506,evacuee,,Evacuee;247;in triage state;R;is at the evacuation site
1787.9,3,evacueeManager,,OFF SHIP: White;0;Green;249;Yellow;46;Red;16;Black;189;ON SHIP: White;0;Green;0;Yellow;0;Red;0;Evacuees to Transfer;
1787.9,489,evacuee,outES,Evacuee 386 in triage category Y is not assigned a helicopter
1787.9,489,evacuee,,Evacuee;386;in triage state;R;is at the evacuation site
1791.84,3,evacueeManager,,OFF SHIP: White;0;Green;248;Yellow;47;Red;16;Black;189;ON SHIP: White;0;Green;0;Yellow;0;Red;0;Evacuees to Transfer;
1791.84,1078,evacuee,outES,Evacuee 42 in triage category G is not assigned a helicopter
1791.84,1078,evacuee,,Evacuee;42;in triage state;Y;is at the evacuation site
1795.38,3,evacueeManager,,OFF SHIP: White;0;Green;248;Yellow;47;Red;15;Black;190;ON SHIP: White;0;Green;0;Yellow;0;Red;0;Evacuees to Transfer;
1795.38,994,evacuee,outES,Evacuee 304 in triage category R is not assigned a helicopter
1795.38,994,evacuee,,Evacuee;304;in triage state;B;is at the evacuation site
1796.86,3,evacueeManager,,OFF SHIP: White;0;Green;247;Yellow;48;Red;15;Black;190;ON SHIP: White;0;Green;0;Yellow;0;Red;0;Evacuees to Transfer;
1796.86,862,evacuee,outES,Evacuee 240 in triage category G is not assigned a helicopter
1796.86,862,evacuee,,Evacuee;240;in triage state;Y;is at the evacuation site
1802.43,3,evacueeManager,,OFF SHIP: White;0;Green;247;Yellow;48;Red;14;Black;191;ON SHIP: White;0;Green;0;Yellow;0;Red;0;Evacuees to Transfer;
1802.43,498,evacuee,outES,Evacuee 432 in triage category R is not assigned a helicopter
1802.43,498,evacuee,,Evacuee;432;in triage state;B;is at the evacuation site
1803.1,3,evacueeManager,,OFF SHIP: White;0;Green;247;Yellow;48;Red;13;Black;192;ON SHIP: White;0;Green;0;Yellow;0;Red;0;Evacuees to Transfer;
1803.1,555,evacuee,outES,Evacuee 148 in triage category R is not assigned a helicopter
1803.1,555,evacuee,,Evacuee;148;in triage state;B;is at the evacuation site
1803.64,3,evacueeManager,,OFF SHIP: White;0;Green;246;Yellow;49;Red;13;Black;192;ON SHIP: White;0;Green;0;Yellow;0;Red;0;Evacuees to Transfer;
1803.64,1302,evacuee,outES,Evacuee 176 in triage category G is not assigned a helicopter
1803.64,1302,evacuee,,Evacuee;176;in triage state;Y;is at the evacuation site
1805.8,3,evacueeManager,,OFF SHIP: White;0;Green;245;Yellow;50;Red;13;Black;192;ON SHIP: White;0;Green;0;Yellow;0;Red;0;Evacuees to Transfer;
1805.8,354,evacuee,outES,Evacuee 306 in triage category G is not assigned a helicopter
1805.8,354,evacuee,,Evacuee;306;in triage state;Y;is at the evacuation site
1806.3,3,evacueeManager,,OFF SHIP: White;0;Green;245;Yellow;50;Red;12;Black;193;ON SHIP: White;0;Green;0;Yellow;0;Red;0;Evacuees to Transfer;
1806.3,1365,evacuee,outES,Evacuee 249 in triage category R is not assigned a helicopter
1806.3,1365,evacuee,,Evacuee;249;in triage state;B;is at the evacuation site
1809.07,3,evacueeManager,,OFF SHIP: White;0;Green;245;Yellow;50;Red;11;Black;194;ON SHIP: White;0;Green;0;Yellow;0;Red;0;Evacuees to Transfer;
1809.07,1506,evacuee,outES,Evacuee 247 in triage category R is not assigned a helicopter
1809.07,1506,evacuee,,Evacuee;247;in triage state;B;is at the evacuation site
1811.02,3,evacueeManager,,OFF SHIP: White;0;Green;245;Yellow;50;Red;10;Black;195;ON SHIP: White;0;Green;0;Yellow;0;Red;0;Evacuees to Transfer;
1811.02,1440,evacuee,outES,Evacuee 216 in triage category R is not assigned a helicopter
1811.02,1440,evacuee,,Evacuee;216;in triage state;B;is at the evacuation site
1812.92,3,evacueeManager,,OFF SHIP: White;0;Green;245;Yellow;50;Red;9;Black;196;ON SHIP: White;0;Green;0;Yellow;0;Red;0;Evacuees to Transfer;
1812.92,1299,evacuee,outES,Evacuee 168 in triage category R is not assigned a helicopter
1812.92,1299,evacuee,,Evacuee;168;in triage state;B;is at the evacuation site
1813.53,3,evacueeManager,,OFF SHIP: White;0;Green;245;Yellow;50;Red;8;Black;197;ON SHIP: White;0;Green;0;Yellow;0;Red;0;Evacuees to Transfer;
1813.53,275,evacuee,outES,Evacuee 340 in triage category R is not assigned a helicopter
1813.53,275,evacuee,,Evacuee;340;in triage state;B;is at the evacuation site
1814.59,3,evacueeManager,,OFF SHIP: White;0;Green;245;Yellow;50;Red;7;Black;198;ON SHIP: White;0;Green;0;Yellow;0;Red;0;Evacuees to Transfer;
1814.59,931,evacuee,outES,Evacuee 286 in triage category R is not assigned a helicopter
1814.59,931,evacuee,,Evacuee;286;in triage state;B;is at the evacuation site
1818.08,3,evacueeManager,,OFF SHIP: White;0;Green;245;Yellow;50;Red;6;Black;199;ON SHIP: White;0;Green;0;Yellow;0;Red;0;Evacuees to Transfer;
1818.08,631,evacuee,outES,Evacuee 83 in triage category R is not assigned a helicopter
1818.08,631,evacuee,,Evacuee;83;in triage state;B;is at the evacuation site
1820.46,3,evacueeManager,,OFF SHIP: White;0;Green;245;Yellow;49;Red;7;Black;199;ON SHIP: White;0;Green;0;Yellow;0;Red;0;Evacuees to Transfer;
1820.46,1443,evacuee,outES,Evacuee 219 in triage category Y is not assigned a helicopter
1820.46,1443,evacuee,,Evacuee;219;in triage state;R;is at the evacuation site
1825.94,3,evacueeManager,,OFF SHIP: White;0;Green;244;Yellow;50;Red;7;Black;199;ON SHIP: White;0;Green;0;Yellow;0;Red;0;Evacuees to Transfer;
1825.94,1374,evacuee,outES,Evacuee 399 in triage category G is not assigned a helicopter
1825.94,1374,evacuee,,Evacuee;399;in triage state;Y;is at the evacuation site
1827.87,3,evacueeManager,,OFF SHIP: White;0;Green;244;Yellow;50;Red;6;Black;200;ON SHIP: White;0;Green;0;Yellow;0;Red;0;Evacuees to Transfer;
1827.87,997,evacuee,outES,Evacuee 154 in triage category R is not assigned a helicopter
1827.87,997,evacuee,,Evacuee;154;in triage state;B;is at the evacuation site
1836.42,3,evacueeManager,,OFF SHIP: White;0;Green;243;Yellow;51;Red;6;Black;200;ON SHIP: White;0;Green;0;Yellow;0;Red;0;Evacuees to Transfer;
1836.42,1230,evacuee,outES,Evacuee 149 in triage category G is not assigned a helicopter
1836.42,1230,evacuee,,Evacuee;149;in triage state;Y;is at the evacuation site
1841.24,3,evacueeManager,,OFF SHIP: White;0;Green;243;Yellow;51;Red;5;Black;201;ON SHIP: White;0;Green;0;Yellow;0;Red;0;Evacuees to Transfer;
1841.24,269,evacuee,outES,Evacuee 346 in triage category R is not assigned a helicopter
1841.24,269,evacuee,,Evacuee;346;in triage state;B;is at the evacuation site
1843.99,3,evacueeManager,,OFF SHIP: White;0;Green;243;Yellow;50;Red;6;Black;201;ON SHIP: White;0;Green;0;Yellow;0;Red;0;Evacuees to Transfer;
1843.99,1154,evacuee,outES,Evacuee 364 in triage category Y is not assigned a helicopter
1843.99,1154,evacuee,,Evacuee;364;in triage state;R;is at the evacuation site
1844.41,3,evacueeManager,,OFF SHIP: White;0;Green;243;Yellow;49;Red;7;Black;201;ON SHIP: White;0;Green;0;Yellow;0;Red;0;Evacuees to Transfer;
1844.41,862,evacuee,outES,Evacuee 240 in triage category Y is not assigned a helicopter
1844.41,862,evacuee,,Evacuee;240;in triage state;R;is at the evacuation site
1846.29,3,evacueeManager,,OFF SHIP: White;0;Green;243;Yellow;49;Red;6;Black;202;ON SHIP: White;0;Green;0;Yellow;0;Red;0;Evacuees to Transfer;
1846.29,1145,evacuee,outES,Evacuee 47 in triage category R is not assigned a helicopter
1846.29,1145,evacuee,,Evacuee;47;in triage state;B;is at the evacuation site
1863.03,3,evacueeManager,,OFF SHIP: White;0;Green;243;Yellow;48;Red;7;Black;202;ON SHIP: White;0;Green;0;Yellow;0;Red;0;Evacuees to Transfer;
1863.03,1151,evacuee,outES,Evacuee 367 in triage category Y is not assigned a helicopter
1863.03,1151,evacuee,,Evacuee;367;in triage state;R;is at the evacuation site
1868.95,3,evacueeManager,,OFF SHIP: White;0;Green;243;Yellow;47;Red;8;Black;202;ON SHIP: White;0;Green;0;Yellow;0;Red;0;Evacuees to Transfer;
1868.95,205,evacuee,outES,Evacuee 380 in triage category Y is not assigned a helicopter
1868.95,205,evacuee,,Evacuee;380;in triage state;R;is at the evacuation site
1869.16,3,evacueeManager,,OFF SHIP: White;0;Green;243;Yellow;46;Red;9;Black;202;ON SHIP: White;0;Green;0;Yellow;0;Red;0;Evacuees to Transfer;
1869.16,1425,evacuee,outES,Evacuee 27 in triage category Y is not assigned a helicopter
1869.16,1425,evacuee,,Evacuee;27;in triage state;R;is at the evacuation site
1872.22,3,evacueeManager,,OFF SHIP: White;0;Green;243;Yellow;46;Red;8;Black;203;ON SHIP: White;0;Green;0;Yellow;0;Red;0;Evacuees to Transfer;
1872.22,646,evacuee,outES,Evacuee 86 in triage category R is not assigned a helicopter
1872.22,646,evacuee,,Evacuee;86;in triage state;B;is at the evacuation site
1873.58,3,evacueeManager,,OFF SHIP: White;0;Green;243;Yellow;45;Red;9;Black;203;ON SHIP: White;0;Green;0;Yellow;0;Red;0;Evacuees to Transfer;
1873.58,718,evacuee,outES,Evacuee 199 in triage category Y is not assigned a helicopter
1873.58,718,evacuee,,Evacuee;199;in triage state;R;is at the evacuation site
1878.3,3,evacueeManager,,OFF SHIP: White;0;Green;243;Yellow;45;Red;8;Black;204;ON SHIP: White;0;Green;0;Yellow;0;Red;0;Evacuees to Transfer;
1878.3,489,evacuee,outES,Evacuee 386 in triage category R is not assigned a helicopter
1878.3,489,evacuee,,Evacuee;386;in triage state;B;is at the evacuation site
1879.65,3,evacueeManager,,OFF SHIP: White;0;Green;243;Yellow;45;Red;7;Black;205;ON SHIP: White;0;Green;0;Yellow;0;Red;0;Evacuees to Transfer;
1879.65,205,evacuee,outES,Evacuee 380 in triage category R is not assigned a helicopter
1879.65,205,evacuee,,Evacuee;380;in triage state;B;is at the evacuation site
1886.2,3,evacueeManager,,OFF SHIP: White;0;Green;243;Yellow;44;Red;8;Black;205;ON SHIP: White;0;Green;0;Yellow;0;Red;0;Evacuees to Transfer;
1886.2,202,evacuee,outES,Evacuee 427 in triage category Y is not assigned a helicopter
1886.2,202,evacuee,,Evacuee;427;in triage state;R;is at the evacuation site
1886.79,3,evacueeManager,,OFF SHIP: White;0;Green;242;Yellow;45;Red;8;Black;205;ON SHIP: White;0;Green;0;Yellow;0;Red;0;Evacuees to Transfer;
1886.79,60,evacuee,outES,Evacuee 468 in triage category G is not assigned a helicopter
1886.79,60,evacuee,,Evacuee;468;in triage state;Y;is at the evacuation site
1887.35,3,evacueeManager,,OFF SHIP: White;0;Green;242;Yellow;45;Red;7;Black;206;ON SHIP: White;0;Green;0;Yellow;0;Red;0;Evacuees to Transfer;
1887.35,1154,evacuee,outES,Evacuee 364 in triage category R is not assigned a helicopter
1887.35,1154,evacuee,,Evacuee;364;in triage state;B;is at the evacuation site
1888.67,3,evacueeManager,,OFF SHIP: White;0;Green;242;Yellow;44;Red;8;Black;206;ON SHIP: White;0;Green;0;Yellow;0;Red;0;Evacuees to Transfer;
1888.67,570,evacuee,outES,Evacuee 103 in triage category Y is not assigned a helicopter
1888.67,570,evacuee,,Evacuee;103;in triage state;R;is at the evacuation site
1890.52,3,evacueeManager,,OFF SHIP: White;0;Green;242;Yellow;43;Red;9;Black;206;ON SHIP: White;0;Green;0;Yellow;0;Red;0;Evacuees to Transfer;
1890.52,417,evacuee,outES,Evacuee 333 in triage category Y is not assigned a helicopter
1890.52,417,evacuee,,Evacuee;333;in triage state;R;is at the evacuation site
1892.07,3,evacueeManager,,OFF SHIP: White;0;Green;242;Yellow;42;Red;10;Black;206;ON SHIP: White;0;Green;0;Yellow;0;Red;0;Evacuees to Transfer;
1892.07,354,evacuee,outES,Evacuee 306 in triage category Y is not assigned a helicopter
1892.07,354,evacuee,,Evacuee;306;in triage state;R;is at the evacuation site
1905.09,3,evacueeManager,,OFF SHIP: White;0;Green;242;Yellow;42;Red;9;Black;207;ON SHIP: White;0;Green;0;Yellow;0;Red;0;Evacuees to Transfer;
1905.09,1151,evacuee,outES,Evacuee 367 in triage category R is not assigned a helicopter
1905.09,1151,evacuee,,Evacuee;367;in triage state;B;is at the evacuation site
1910.5,3,evacueeManager,,OFF SHIP: White;0;Green;242;Yellow;41;Red;10;Black;207;ON SHIP: White;0;Green;0;Yellow;0;Red;0;Evacuees to Transfer;
1910.5,784,evacuee,outES,Evacuee 250 in triage category Y is not assigned a helicopter
1910.5,784,evacuee,,Evacuee;250;in triage state;R;is at the evacuation site
1914.98,3,evacueeManager,,OFF SHIP: White;0;Green;242;Yellow;40;Red;11;Black;207;ON SHIP: White;0;Green;0;Yellow;0;Red;0;Evacuees to Transfer;
1914.98,1428,evacuee,outES,Evacuee 211 in triage category Y is not assigned a helicopter
1914.98,1428,evacuee,,Evacuee;211;in triage state;R;is at the evacuation site
1915.62,3,evacueeManager,,OFF SHIP: White;0;Green;241;Yellow;41;Red;11;Black;207;ON SHIP: White;0;Green;0;Yellow;0;Red;0;Evacuees to Transfer;
1915.62,501,evacuee,outES,Evacuee 245 in triage category G is not assigned a helicopter
1915.62,501,evacuee,,Evacuee;245;in triage state;Y;is at the evacuation site
1918.51,3,evacueeManager,,OFF SHIP: White;0;Green;240;Yellow;42;Red;11;Black;207;ON SHIP: White;0;Green;0;Yellow;0;Red;0;Evacuees to Transfer;
1918.51,136,evacuee,outES,Evacuee 411 in triage category G is not assigned a helicopter
1918.51,136,evacuee,,Evacuee;411;in triage state;Y;is at the evacuation site
1918.7,3,evacueeManager,,OFF SHIP: White;0;Green;240;Yellow;42;Red;10;Black;208;ON SHIP: White;0;Green;0;Yellow;0;Red;0;Evacuees to Transfer;
1918.7,354,evacuee,outES,Evacuee 306 in triage category R is not assigned a helicopter
1918.7,354,evacuee,,Evacuee;306;in triage state;B;is at the evacuation site
1933.1,3,evacueeManager,,OFF SHIP: White;0;Green;240;Yellow;41;Red;11;Black;208;ON SHIP: White;0;Green;0;Yellow;0;Red;0;Evacuees to Transfer;
1933.1,420,evacuee,outES,Evacuee 279 in triage category Y is not assigned a helicopter
1933.1,420,evacuee,,Evacuee;279;in triage state;R;is at the evacuation site
1936.54,3,evacueeManager,,OFF SHIP: White;0;Green;239;Yellow;42;Red;11;Black;208;ON SHIP: White;0;Green;0;Yellow;0;Red;0;Evacuees to Transfer;
1936.54,1518,evacuee,outES,Evacuee 298 in triage category G is not assigned a helicopter
1936.54,1518,evacuee,,Evacuee;298;in triage state;Y;is at the evacuation site
1952.97,3,evacueeManager,,OFF SHIP: White;0;Green;239;Yellow;41;Red;12;Black;208;ON SHIP: White;0;Green;0;Yellow;0;Red;0;Evacuees to Transfer;
1952.97,640,evacuee,outES,Evacuee 87 in triage category Y is not assigned a helicopter
1952.97,640,evacuee,,Evacuee;87;in triage state;R;is at the evacuation site
1959.11,3,evacueeManager,,OFF SHIP: White;0;Green;239;Yellow;40;Red;13;Black;208;ON SHIP: White;0;Green;0;Yellow;0;Red;0;Evacuees to Transfer;
1959.11,351,evacuee,outES,Evacuee 309 in triage category Y is not assigned a helicopter
1959.11,351,evacuee,,Evacuee;309;in triage state;R;is at the evacuation site
1961.92,3,evacueeManager,,OFF SHIP: White;0;Green;239;Yellow;40;Red;12;Black;209;ON SHIP: White;0;Green;0;Yellow;0;Red;0;Evacuees to Transfer;
1961.92,417,evacuee,outES,Evacuee 333 in triage category R is not assigned a helicopter
1961.92,417,evacuee,,Evacuee;333;in triage state;B;is at the evacuation site
1962.18,3,evacueeManager,,OFF SHIP: White;0;Green;238;Yellow;41;Red;12;Black;209;ON SHIP: White;0;Green;0;Yellow;0;Red;0;Evacuees to Transfer;
1962.18,649,evacuee,outES,Evacuee 51 in triage category G is not assigned a helicopter
1962.18,649,evacuee,,Evacuee;51;in triage state;Y;is at the evacuation site
1963.38,3,evacueeManager,,OFF SHIP: White;0;Green;237;Yellow;42;Red;12;Black;209;ON SHIP: White;0;Green;0;Yellow;0;Red;0;Evacuees to Transfer;
1963.38,721,evacuee,outES,Evacuee 66 in triage category G is not assigned a helicopter
1963.38,721,evacuee,,Evacuee;66;in triage state;Y;is at the evacuation site
1964.45,3,evacueeManager,,OFF SHIP: White;0;Green;237;Yellow;41;Red;13;Black;209;ON SHIP: White;0;Green;0;Yellow;0;Red;0;Evacuees to Transfer;
1964.45,426,evacuee,outES,Evacuee 277 in triage category Y is not assigned a helicopter
1964.45,426,evacuee,,Evacuee;277;in triage state;R;is at the evacuation site
1970.89,3,evacueeManager,,OFF SHIP: White;0;Green;236;Yellow;42;Red;13;Black;209;ON SHIP: White;0;Green;0;Yellow;0;Red;0;Evacuees to Transfer;
1970.89,1446,evacuee,outES,Evacuee 221 in triage category G is not assigned a helicopter
1970.89,1446,evacuee,,Evacuee;221;in triage state;Y;is at the evacuation site
1976.86,3,evacueeManager,,OFF SHIP: White;0;Green;236;Yellow;42;Red;12;Black;210;ON SHIP: White;0;Green;0;Yellow;0;Red;0;Evacuees to Transfer;
1976.86,420,evacuee,outES,Evacuee 279 in triage category R is not assigned a helicopter
1976.86,420,evacuee,,Evacuee;279;in triage state;B;is at the evacuation site
1978.52,3,evacueeManager,,OFF SHIP: White;0;Green;235;Yellow;43;Red;12;Black;210;ON SHIP: White;0;Green;0;Yellow;0;Red;0;Evacuees to Transfer;
1978.52,281,evacuee,outES,Evacuee 335 in triage category G is not assigned a helicopter
1978.52,281,evacuee,,Evacuee;335;in triage state;Y;is at the evacuation site
1980.14,3,evacueeManager,,OFF SHIP: White;0;Green;235;Yellow;43;Red;11;Black;211;ON SHIP: White;0;Green;0;Yellow;0;Red;0;Evacuees to Transfer;
1980.14,640,evacuee,outES,Evacuee 87 in triage category R is not assigned a helicopter
1980.14,640,evacuee,,Evacuee;87;in triage state;B;is at the evacuation site
1980.86,3,evacueeManager,,OFF SHIP: White;0;Green;235;Yellow;42;Red;12;Black;211;ON SHIP: White;0;Green;0;Yellow;0;Red;0;Evacuees to Transfer;
1980.86,1359,evacuee,outES,Evacuee 191 in triage category Y is not assigned a helicopter
1980.86,1359,evacuee,,Evacuee;191;in triage state;R;is at the evacuation site
1982.46,3,evacueeManager,,OFF SHIP: White;0;Green;234;Yellow;43;Red;12;Black;211;ON SHIP: White;0;Green;0;Yellow;0;Red;0;Evacuees to Transfer;
1982.46,793,evacuee,outES,Evacuee 110 in triage category G is not assigned a helicopter
1982.46,793,evacuee,,Evacuee;110;in triage state;Y;is at the evacuation site
1982.47,3,evacueeManager,,OFF SHIP: White;0;Green;234;Yellow;43;Red;11;Black;212;ON SHIP: White;0;Green;0;Yellow;0;Red;0;Evacuees to Transfer;
1982.47,718,evacuee,outES,Evacuee 199 in triage category R is not assigned a helicopter
1982.47,718,evacuee,,Evacuee;199;in triage state;B;is at the evacuation site
1983.34,3,evacueeManager,,OFF SHIP: White;0;Green;233;Yellow;44;Red;11;Black;212;ON SHIP: White;0;Green;0;Yellow;0;Red;0;Evacuees to Transfer;
1983.34,577,evacuee,outES,Evacuee 124 in triage category G is not assigned a helicopter
1983.34,577,evacuee,,Evacuee;124;in triage state;Y;is at the evacuation site
1987.75,3,evacueeManager,,OFF SHIP: White;0;Green;233;Yellow;43;Red;12;Black;212;ON SHIP: White;0;Green;0;Yellow;0;Red;0;Evacuees to Transfer;
1987.75,1356,evacuee,outES,Evacuee 253 in triage category Y is not assigned a helicopter
1987.75,1356,evacuee,,Evacuee;253;in triage state;R;is at the evacuation site
1988.38,3,evacueeManager,,OFF SHIP: White;0;Green;233;Yellow;42;Red;13;Black;212;ON SHIP: White;0;Green;0;Yellow;0;Red;0;Evacuees to Transfer;
1988.38,471,evacuee,outES,Evacuee 88 in triage category Y is not assigned a helicopter
1988.38,471,evacuee,,Evacuee;88;in triage state;R;is at the evacuation site
1993.86,3,evacueeManager,,OFF SHIP: White;0;Green;232;Yellow;43;Red;13;Black;212;ON SHIP: White;0;Green;0;Yellow;0;Red;0;Evacuees to Transfer;
1993.86,937,evacuee,outES,Evacuee 407 in triage category G is not assigned a helicopter
1993.86,937,evacuee,,Evacuee;407;in triage state;Y;is at the evacuation site
1994.41,3,evacueeManager,,OFF SHIP: White;0;Green;231;Yellow;44;Red;13;Black;212;ON SHIP: White;0;Green;0;Yellow;0;Red;0;Evacuees to Transfer;
1994.41,429,evacuee,outES,Evacuee 315 in triage category G is not assigned a helicopter
1994.41,429,evacuee,,Evacuee;315;in triage state;Y;is at the evacuation site
1994.54,3,evacueeManager,,OFF SHIP: White;0;Green;231;Yellow;43;Red;14;Black;212;ON SHIP: White;0;Green;0;Yellow;0;Red;0;Evacuees to Transfer;
1994.54,1072,evacuee,outES,Evacuee 198 in triage category Y is not assigned a helicopter
1994.54,1072,evacuee,,Evacuee;198;in triage state;R;is at the evacuation site
1995.29,3,evacueeManager,,OFF SHIP: White;0;Green;230;Yellow;44;Red;14;Black;212;ON SHIP: White;0;Green;0;Yellow;0;Red;0;Evacuees to Transfer;
1995.29,208,evacuee,outES,Evacuee 379 in triage category G is not assigned a helicopter
1995.29,208,evacuee,,Evacuee;379;in triage state;Y;is at the evacuation site
1996.67,3,evacueeManager,,OFF SHIP: White;0;Green;230;Yellow;43;Red;15;Black;212;ON SHIP: White;0;Green;0;Yellow;0;Red;0;Evacuees to Transfer;
1996.67,136,evacuee,outES,Evacuee 411 in triage category Y is not assigned a helicopter
1996.67,136,evacuee,,Evacuee;411;in triage state;R;is at the evacuation site
1997.49,3,evacueeManager,,OFF SHIP: White;0;Green;229;Yellow;44;Red;15;Black;212;ON SHIP: White;0;Green;0;Yellow;0;Red;0;Evacuees to Transfer;
1997.49,1157,evacuee,outES,Evacuee 208 in triage category G is not assigned a helicopter
1997.49,1157,evacuee,,Evacuee;208;in triage state;Y;is at the evacuation site
1999.84,3,evacueeManager,,OFF SHIP: White;0;Green;229;Yellow;43;Red;16;Black;212;ON SHIP: White;0;Green;0;Yellow;0;Red;0;Evacuees to Transfer;
1999.84,721,evacuee,outES,Evacuee 66 in triage category Y is not assigned a helicopter
1999.84,721,evacuee,,Evacuee;66;in triage state;R;is at the evacuation site
2000.2,3,evacueeManager,,OFF SHIP: White;0;Green;229;Yellow;43;Red;15;Black;213;ON SHIP: White;0;Green;0;Yellow;0;Red;0;Evacuees to Transfer;
2000.2,1428,evacuee,outES,Evacuee 211 in triage category R is not assigned a helicopter
2000.2,1428,evacuee,,Evacuee;211;in triage state;B;is at the evacuation site
2008.56,3,evacueeManager,,OFF SHIP: White;0;Green;229;Yellow;42;Red;16;Black;213;ON SHIP: White;0;Green;0;Yellow;0;Red;0;Evacuees to Transfer;
2008.56,793,evacuee,outES,Evacuee 110 in triage category Y is not assigned a helicopter
2008.56,793,evacuee,,Evacuee;110;in triage state;R;is at the evacuation site
2011.61,3,evacueeManager,,OFF SHIP: White;0;Green;229;Yellow;42;Red;15;Black;214;ON SHIP: White;0;Green;0;Yellow;0;Red;0;Evacuees to Transfer;
2011.61,721,evacuee,outES,Evacuee 66 in triage category R is not assigned a helicopter
2011.61,721,evacuee,,Evacuee;66;in triage state;B;is at the evacuation site
2015.83,3,evacueeManager,,OFF SHIP: White;0;Green;229;Yellow;42;Red;14;Black;215;ON SHIP: White;0;Green;0;Yellow;0;Red;0;Evacuees to Transfer;
2015.83,784,evacuee,outES,Evacuee 250 in triage category R is not assigned a helicopter
2015.83,784,evacuee,,Evacuee;250;in triage state;B;is at the evacuation site
2018.91,3,evacueeManager,,OFF SHIP: White;0;Green;228;Yellow;43;Red;14;Black;215;ON SHIP: White;0;Green;0;Yellow;0;Red;0;Evacuees to Transfer;
2018.91,1081,evacuee,outES,Evacuee 91 in triage category G is not assigned a helicopter
2018.91,1081,evacuee,,Evacuee;91;in triage state;Y;is at the evacuation site
2022.19,3,evacueeManager,,OFF SHIP: White;0;Green;228;Yellow;43;Red;13;Black;216;ON SHIP: White;0;Green;0;Yellow;0;Red;0;Evacuees to Transfer;
2022.19,1290,evacuee,outES,Evacuee 146 in triage category R is not assigned a helicopter
2022.19,1290,evacuee,,Evacuee;146;in triage state;B;is at the evacuation site
2022.24,3,evacueeManager,,OFF SHIP: White;0;Green;227;Yellow;44;Red;13;Black;216;ON SHIP: White;0;Green;0;Yellow;0;Red;0;Evacuees to Transfer;
2022.24,1009,evacuee,outES,Evacuee 68 in triage category G is not assigned a helicopter
2022.24,1009,evacuee,,Evacuee;68;in triage state;Y;is at the evacuation site
2030.7,3,evacueeManager,,OFF SHIP: White;0;Green;227;Yellow;44;Red;12;Black;217;ON SHIP: White;0;Green;0;Yellow;0;Red;0;Evacuees to Transfer;
2030.7,793,evacuee,outES,Evacuee 110 in triage category R is not assigned a helicopter
2030.7,793,evacuee,,Evacuee;110;in triage state;B;is at the evacuation site
2030.92,3,evacueeManager,,OFF SHIP: White;0;Green;227;Yellow;44;Red;11;Black;218;ON SHIP: White;0;Green;0;Yellow;0;Red;0;Evacuees to Transfer;
2030.92,1425,evacuee,outES,Evacuee 27 in triage category R is not assigned a helicopter
2030.92,1425,evacuee,,Evacuee;27;in triage state;B;is at the evacuation site
2033.47,3,evacueeManager,,OFF SHIP: White;0;Green;226;Yellow;45;Red;11;Black;218;ON SHIP: White;0;Green;0;Yellow;0;Red;0;Evacuees to Transfer;
2033.47,865,evacuee,outES,Evacuee 8 in triage category G is not assigned a helicopter
2033.47,865,evacuee,,Evacuee;8;in triage state;Y;is at the evacuation site
2034.02,3,evacueeManager,,OFF SHIP: White;0;Green;225;Yellow;46;Red;11;Black;218;ON SHIP: White;0;Green;0;Yellow;0;Red;0;Evacuees to Transfer;
2034.02,357,evacuee,outES,Evacuee 305 in triage category G is not assigned a helicopter
2034.02,357,evacuee,,Evacuee;305;in triage state;Y;is at the evacuation site
2034.73,3,evacueeManager,,OFF SHIP: White;0;Green;225;Yellow;46;Red;10;Black;219;ON SHIP: White;0;Green;0;Yellow;0;Red;0;Evacuees to Transfer;
2034.73,471,evacuee,outES,Evacuee 88 in triage category R is not assigned a helicopter
2034.73,471,evacuee,,Evacuee;88;in triage state;B;is at the evacuation site
2036.67,3,evacueeManager,,OFF SHIP: White;0;Green;225;Yellow;46;Red;9;Black;220;ON SHIP: White;0;Green;0;Yellow;0;Red;0;Evacuees to Transfer;
2036.67,1443,evacuee,outES,Evacuee 219 in triage category R is not assigned a helicopter
2036.67,1443,evacuee,,Evacuee;219;in triage state;B;is at the evacuation site
2037.46,3,evacueeManager,,OFF SHIP: White;0;Green;225;Yellow;45;Red;10;Black;220;ON SHIP: White;0;Green;0;Yellow;0;Red;0;Evacuees to Transfer;
2037.46,278,evacuee,outES,Evacuee 338 in triage category Y is not assigned a helicopter
2037.46,278,evacuee,,Evacuee;338;in triage state;R;is at the evacuation site
2037.73,3,evacueeManager,,OFF SHIP: White;0;Green;225;Yellow;45;Red;9;Black;221;ON SHIP: White;0;Green;0;Yellow;0;Red;0;Evacuees to Transfer;
2037.73,426,evacuee,outES,Evacuee 277 in triage category R is not assigned a helicopter
2037.73,426,evacuee,,Evacuee;277;in triage state;B;is at the evacuation site
2040.83,3,evacueeManager,,OFF SHIP: White;0;Green;224;Yellow;46;Red;9;Black;221;ON SHIP: White;0;Green;0;Yellow;0;Red;0;Evacuees to Transfer;
2040.83,1305,evacuee,outES,Evacuee 230 in triage category G is not assigned a helicopter
2040.83,1305,evacuee,,Evacuee;230;in triage state;Y;is at the evacuation site
2043.53,3,evacueeManager,,OFF SHIP: White;0;Green;224;Yellow;45;Red;10;Black;221;ON SHIP: White;0;Green;0;Yellow;0;Red;0;Evacuees to Transfer;
2043.53,429,evacuee,outES,Evacuee 315 in triage category Y is not assigned a helicopter
2043.53,429,evacuee,,Evacuee;315;in triage state;R;is at the evacuation site
2044.07,3,evacueeManager,,OFF SHIP: White;0;Green;224;Yellow;45;Red;9;Black;222;ON SHIP: White;0;Green;0;Yellow;0;Red;0;Evacuees to Transfer;
2044.07,862,evacuee,outES,Evacuee 240 in triage category R is not assigned a helicopter
2044.07,862,evacuee,,Evacuee;240;in triage state;B;is at the evacuation site
2044.59,3,evacueeManager,,OFF SHIP: White;0;Green;224;Yellow;45;Red;8;Black;223;ON SHIP: White;0;Green;0;Yellow;0;Red;0;Evacuees to Transfer;
2044.59,136,evacuee,outES,Evacuee 411 in triage category R is not assigned a helicopter
2044.59,136,evacuee,,Evacuee;411;in triage state;B;is at the evacuation site
2048.01,3,evacueeManager,,OFF SHIP: White;0;Green;224;Yellow;44;Red;9;Black;223;ON SHIP: White;0;Green;0;Yellow;0;Red;0;Evacuees to Transfer;
2048.01,1081,evacuee,outES,Evacuee 91 in triage category Y is not assigned a helicopter
2048.01,1081,evacuee,,Evacuee;91;in triage state;R;is at the evacuation site
2060.48,3,evacueeManager,,OFF SHIP: White;0;Green;224;Yellow;44;Red;8;Black;224;ON SHIP: White;0;Green;0;Yellow;0;Red;0;Evacuees to Transfer;
2060.48,570,evacuee,outES,Evacuee 103 in triage category R is not assigned a helicopter
2060.48,570,evacuee,,Evacuee;103;in triage state;B;is at the evacuation site
2064.69,3,evacueeManager,,OFF SHIP: White;0;Green;224;Yellow;44;Red;7;Black;225;ON SHIP: White;0;Green;0;Yellow;0;Red;0;Evacuees to Transfer;
2064.69,202,evacuee,outES,Evacuee 427 in triage category R is not assigned a helicopter
2064.69,202,evacuee,,Evacuee;427;in triage state;B;is at the evacuation site
2065.05,3,evacueeManager,,OFF SHIP: White;0;Green;223;Yellow;45;Red;7;Black;225;ON SHIP: White;0;Green;0;Yellow;0;Red;0;Evacuees to Transfer;
2065.05,1377,evacuee,outES,Evacuee 197 in triage category G is not assigned a helicopter
2065.05,1377,evacuee,,Evacuee;197;in triage state;Y;is at the evacuation site
2071.4,3,evacueeManager,,OFF SHIP: White;0;Green;223;Yellow;44;Red;8;Black;225;ON SHIP: White;0;Green;0;Yellow;0;Red;0;Evacuees to Transfer;
2071.4,133,evacuee,outES,Evacuee 414 in triage category Y is not assigned a helicopter
2071.4,133,evacuee,,Evacuee;414;in triage state;R;is at the evacuation site
2071.81,3,evacueeManager,,OFF SHIP: White;0;Green;222;Yellow;45;Red;8;Black;225;ON SHIP: White;0;Green;0;Yellow;0;Red;0;Evacuees to Transfer;
2071.81,1233,evacuee,outES,Evacuee 296 in triage category G is not assigned a helicopter
2071.81,1233,evacuee,,Evacuee;296;in triage state;Y;is at the evacuation site
2071.99,3,evacueeManager,,OFF SHIP: White;0;Green;222;Yellow;44;Red;9;Black;225;ON SHIP: White;0;Green;0;Yellow;0;Red;0;Evacuees to Transfer;
2071.99,1230,evacuee,outES,Evacuee 149 in triage category Y is not assigned a helicopter
2071.99,1230,evacuee,,Evacuee;149;in triage state;R;is at the evacuation site
2076.64,3,evacueeManager,,OFF SHIP: White;0;Green;222;Yellow;43;Red;10;Black;225;ON SHIP: White;0;Green;0;Yellow;0;Red;0;Evacuees to Transfer;
2076.64,24,evacuee,outES,Evacuee 489 in triage category Y is not assigned a helicopter
2076.64,24,evacuee,,Evacuee;489;in triage state;R;is at the evacuation site
2084.67,3,evacueeManager,,OFF SHIP: White;0;Green;222;Yellow;42;Red;11;Black;225;ON SHIP: White;0;Green;0;Yellow;0;Red;0;Evacuees to Transfer;
2084.67,1078,evacuee,outES,Evacuee 42 in triage category Y is not assigned a helicopter
2084.67,1078,evacuee,,Evacuee;42;in triage state;R;is at the evacuation site
2091.19,3,evacueeManager,,OFF SHIP: White;0;Green;222;Yellow;42;Red;10;Black;226;ON SHIP: White;0;Green;0;Yellow;0;Red;0;Evacuees to Transfer;
2091.19,1081,evacuee,outES,Evacuee 91 in triage category R is not assigned a helicopter
2091.19,1081,evacuee,,Evacuee;91;in triage state;B;is at the evacuation site
2098.6,3,evacueeManager,,OFF SHIP: White;0;Green;222;Yellow;41;Red;11;Black;226;ON SHIP: White;0;Green;0;Yellow;0;Red;0;Evacuees to Transfer;
2098.6,121,evacuee,outES,Evacuee 426 in triage category Y is not assigned a helicopter
2098.6,121,evacuee,,Evacuee;426;in triage state;R;is at the evacuation site
2106.07,3,evacueeManager,,OFF SHIP: White;0;Green;222;Yellow;40;Red;12;Black;226;ON SHIP: White;0;Green;0;Yellow;0;Red;0;Evacuees to Transfer;
2106.07,1284,evacuee,outES,Evacuee 178 in triage category Y is not assigned a helicopter
2106.07,1284,evacuee,,Evacuee;178;in triage state;R;is at the evacuation site
2106.51,3,evacueeManager,,OFF SHIP: White;0;Green;222;Yellow;40;Red;11;Black;227;ON SHIP: White;0;Green;0;Yellow;0;Red;0;Evacuees to Transfer;
2106.51,24,evacuee,outES,Evacuee 489 in triage category R is not assigned a helicopter
2106.51,24,evacuee,,Evacuee;489;in triage state;B;is at the evacuation site
2106.73,3,evacueeManager,,OFF SHIP: White;0;Green;222;Yellow;40;Red;10;Black;228;ON SHIP: White;0;Green;0;Yellow;0;Red;0;Evacuees to Transfer;
2106.73,1356,evacuee,outES,Evacuee 253 in triage category R is not assigned a helicopter
2106.73,1356,evacuee,,Evacuee;253;in triage state;B;is at the evacuation site
2108.55,3,evacueeManager,,OFF SHIP: White;0;Green;222;Yellow;40;Red;9;Black;229;ON SHIP: White;0;Green;0;Yellow;0;Red;0;Evacuees to Transfer;
2108.55,278,evacuee,outES,Evacuee 338 in triage category R is not assigned a helicopter
2108.55,278,evacuee,,Evacuee;338;in triage state;B;is at the evacuation site
2110.82,3,evacueeManager,,OFF SHIP: White;0;Green;222;Yellow;40;Red;8;Black;230;ON SHIP: White;0;Green;0;Yellow;0;Red;0;Evacuees to Transfer;
2110.82,121,evacuee,outES,Evacuee 426 in triage category R is not assigned a helicopter
2110.82,121,evacuee,,Evacuee;426;in triage state;B;is at the evacuation site
2121.79,3,evacueeManager,,OFF SHIP: White;0;Green;221;Yellow;41;Red;8;Black;230;ON SHIP: White;0;Green;0;Yellow;0;Red;0;Evacuees to Transfer;
2121.79,63,evacuee,outES,Evacuee 463 in triage category G is not assigned a helicopter
2121.79,63,evacuee,,Evacuee;463;in triage state;Y;is at the evacuation site
2122.6,3,evacueeManager,,OFF SHIP: White;0;Green;221;Yellow;41;Red;7;Black;231;ON SHIP: White;0;Green;0;Yellow;0;Red;0;Evacuees to Transfer;
2122.6,133,evacuee,outES,Evacuee 414 in triage category R is not assigned a helicopter
2122.6,133,evacuee,,Evacuee;414;in triage state;B;is at the evacuation site
2125.63,3,evacueeManager,,OFF SHIP: White;0;Green;221;Yellow;40;Red;8;Black;231;ON SHIP: White;0;Green;0;Yellow;0;Red;0;Evacuees to Transfer;
2125.63,1227,evacuee,outES,Evacuee 143 in triage category Y is not assigned a helicopter
2125.63,1227,evacuee,,Evacuee;143;in triage state;R;is at the evacuation site
2155.67,3,evacueeManager,,OFF SHIP: White;0;Green;221;Yellow;40;Red;7;Black;232;ON SHIP: White;0;Green;0;Yellow;0;Red;0;Evacuees to Transfer;
2155.67,429,evacuee,outES,Evacuee 315 in triage category R is not assigned a helicopter
2155.67,429,evacuee,,Evacuee;315;in triage state;B;is at the evacuation site
2157.37,3,evacueeManager,,OFF SHIP: White;0;Green;221;Yellow;39;Red;8;Black;232;ON SHIP: White;0;Green;0;Yellow;0;Red;0;Evacuees to Transfer;
2157.37,357,evacuee,outES,Evacuee 305 in triage category Y is not assigned a helicopter
2157.37,357,evacuee,,Evacuee;305;in triage state;R;is at the evacuation site
2157.69,3,evacueeManager,,OFF SHIP: White;0;Green;221;Yellow;38;Red;9;Black;232;ON SHIP: White;0;Green;0;Yellow;0;Red;0;Evacuees to Transfer;
2157.69,1296,evacuee,outES,Evacuee 145 in triage category Y is not assigned a helicopter
2157.69,1296,evacuee,,Evacuee;145;in triage state;R;is at the evacuation site
2157.85,3,evacueeManager,,OFF SHIP: White;0;Green;220;Yellow;39;Red;9;Black;232;ON SHIP: White;0;Green;0;Yellow;0;Red;0;Evacuees to Transfer;
2157.85,504,evacuee,outES,Evacuee 310 in triage category G is not assigned a helicopter
2157.85,504,evacuee,,Evacuee;310;in triage state;Y;is at the evacuation site
2161.05,3,evacueeManager,,OFF SHIP: White;0;Green;220;Yellow;39;Red;8;Black;233;ON SHIP: White;0;Green;0;Yellow;0;Red;0;Evacuees to Transfer;
2161.05,1284,evacuee,outES,Evacuee 178 in triage category R is not assigned a helicopter
2161.05,1284,evacuee,,Evacuee;178;in triage state;B;is at the evacuation site
2168.65,3,evacueeManager,,OFF SHIP: White;0;Green;220;Yellow;39;Red;7;Black;234;ON SHIP: White;0;Green;0;Yellow;0;Red;0;Evacuees to Transfer;
2168.65,351,evacuee,outES,Evacuee 309 in triage category R is not assigned a helicopter
2168.65,351,evacuee,,Evacuee;309;in triage state;B;is at the evacuation site
2170.56,3,evacueeManager,,OFF SHIP: White;0;Green;219;Yellow;40;Red;7;Black;234;ON SHIP: White;0;Green;0;Yellow;0;Red;0;Evacuees to Transfer;
2170.56,139,evacuee,outES,Evacuee 422 in triage category G is not assigned a helicopter
2170.56,139,evacuee,,Evacuee;422;in triage state;Y;is at the evacuation site
2175.67,3,evacueeManager,,OFF SHIP: White;0;Green;219;Yellow;39;Red;8;Black;234;ON SHIP: White;0;Green;0;Yellow;0;Red;0;Evacuees to Transfer;
2175.67,787,evacuee,outES,Evacuee 107 in triage category Y is not assigned a helicopter
2175.67,787,evacuee,,Evacuee;107;in triage state;R;is at the evacuation site
2175.82,3,evacueeManager,,OFF SHIP: White;0;Green;218;Yellow;40;Red;8;Black;234;ON SHIP: White;0;Green;0;Yellow;0;Red;0;Evacuees to Transfer;
2175.82,1521,evacuee,outES,Evacuee 254 in triage category G is not assigned a helicopter
2175.82,1521,evacuee,,Evacuee;254;in triage state;Y;is at the evacuation site
2182.65,3,evacueeManager,,OFF SHIP: White;0;Green;218;Yellow;40;Red;7;Black;235;ON SHIP: White;0;Green;0;Yellow;0;Red;0;Evacuees to Transfer;
2182.65,1078,evacuee,outES,Evacuee 42 in triage category R is not assigned a helicopter
2182.65,1078,evacuee,,Evacuee;42;in triage state;B;is at the evacuation site
2188.58,3,evacueeManager,,OFF SHIP: White;0;Green;218;Yellow;39;Red;8;Black;235;ON SHIP: White;0;Green;0;Yellow;0;Red;0;Evacuees to Transfer;
2188.58,60,evacuee,outES,Evacuee 468 in triage category Y is not assigned a helicopter
2188.58,60,evacuee,,Evacuee;468;in triage state;R;is at the evacuation site
2196.37,3,evacueeManager,,OFF SHIP: White;0;Green;218;Yellow;38;Red;9;Black;235;ON SHIP: White;0;Green;0;Yellow;0;Red;0;Evacuees to Transfer;
2196.37,1302,evacuee,outES,Evacuee 176 in triage category Y is not assigned a helicopter
2196.37,1302,evacuee,,Evacuee;176;in triage state;R;is at the evacuation site
2198.2,3,evacueeManager,,OFF SHIP: White;0;Green;218;Yellow;37;Red;10;Black;235;ON SHIP: White;0;Green;0;Yellow;0;Red;0;Evacuees to Transfer;
2198.2,492,evacuee,outES,Evacuee 117 in triage category Y is not assigned a helicopter
2198.2,492,evacuee,,Evacuee;117;in triage state;R;is at the evacuation site
2199.84,3,evacueeManager,,OFF SHIP: White;0;Green;218;Yellow;36;Red;11;Black;235;ON SHIP: White;0;Green;0;Yellow;0;Red;0;Evacuees to Transfer;
2199.84,1006,evacuee,outES,Evacuee 21 in triage category Y is not assigned a helicopter
2199.84,1006,evacuee,,Evacuee;21;in triage state;R;is at the evacuation site
2200.14,3,evacueeManager,,OFF SHIP: White;0;Green;217;Yellow;37;Red;11;Black;235;ON SHIP: White;0;Green;0;Yellow;0;Red;0;Evacuees to Transfer;
2200.14,724,evacuee,outES,Evacuee 62 in triage category G is not assigned a helicopter
2200.14,724,evacuee,,Evacuee;62;in triage state;Y;is at the evacuation site
2203.12,3,evacueeManager,,OFF SHIP: White;0;Green;217;Yellow;37;Red;10;Black;236;ON SHIP: White;0;Green;0;Yellow;0;Red;0;Evacuees to Transfer;
2203.12,1302,evacuee,outES,Evacuee 176 in triage category R is not assigned a helicopter
2203.12,1302,evacuee,,Evacuee;176;in triage state;B;is at the evacuation site
2203.69,3,evacueeManager,,OFF SHIP: White;0;Green;216;Yellow;38;Red;10;Black;236;ON SHIP: White;0;Green;0;Yellow;0;Red;0;Evacuees to Transfer;
2203.69,652,evacuee,outES,Evacuee 444 in triage category G is not assigned a helicopter
2203.69,652,evacuee,,Evacuee;444;in triage state;Y;is at the evacuation site
2204.72,3,evacueeManager,,OFF SHIP: White;0;Green;216;Yellow;37;Red;11;Black;236;ON SHIP: White;0;Green;0;Yellow;0;Red;0;Evacuees to Transfer;
2204.72,1512,evacuee,outES,Evacuee 248 in triage category Y is not assigned a helicopter
2204.72,1512,evacuee,,Evacuee;248;in triage state;R;is at the evacuation site
2208.3,3,evacueeManager,,OFF SHIP: White;0;Green;215;Yellow;38;Red;11;Black;236;ON SHIP: White;0;Green;0;Yellow;0;Red;0;Evacuees to Transfer;
2208.3,1449,evacuee,outES,Evacuee 224 in triage category G is not assigned a helicopter
2208.3,1449,evacuee,,Evacuee;224;in triage state;Y;is at the evacuation site
2217.06,3,evacueeManager,,OFF SHIP: White;0;Green;215;Yellow;38;Red;10;Black;237;ON SHIP: White;0;Green;0;Yellow;0;Red;0;Evacuees to Transfer;
2217.06,1359,evacuee,outES,Evacuee 191 in triage category R is not assigned a helicopter
2217.06,1359,evacuee,,Evacuee;191;in triage state;B;is at the evacuation site
2221.82,3,evacueeManager,,OFF SHIP: White;0;Green;214;Yellow;39;Red;10;Black;237;ON SHIP: White;0;Green;0;Yellow;0;Red;0;Evacuees to Transfer;
2221.82,580,evacuee,outES,Evacuee 111 in triage category G is not assigned a helicopter
2221.82,580,evacuee,,Evacuee;111;in triage state;Y;is at the evacuation site
2226.34,3,evacueeManager,,OFF SHIP: White;0;Green;213;Yellow;40;Red;10;Black;237;ON SHIP: White;0;Green;0;Yellow;0;Red;0;Evacuees to Transfer;
2226.34,284,evacuee,outES,Evacuee 331 in triage category G is not assigned a helicopter
2226.34,284,evacuee,,Evacuee;331;in triage state;Y;is at the evacuation site
2228.16,3,evacueeManager,,OFF SHIP: White;0;Green;213;Yellow;39;Red;11;Black;237;ON SHIP: White;0;Green;0;Yellow;0;Red;0;Evacuees to Transfer;
2228.16,790,evacuee,outES,Evacuee 229 in triage category Y is not assigned a helicopter
2228.16,790,evacuee,,Evacuee;229;in triage state;R;is at the evacuation site
2233.86,3,evacueeManager,,OFF SHIP: White;0;Green;212;Yellow;40;Red;11;Black;237;ON SHIP: White;0;Green;0;Yellow;0;Red;0;Evacuees to Transfer;
2233.86,432,evacuee,outES,Evacuee 274 in triage category G is not assigned a helicopter
2233.86,432,evacuee,,Evacuee;274;in triage state;Y;is at the evacuation site
2237.63,3,evacueeManager,,OFF SHIP: White;0;Green;212;Yellow;39;Red;12;Black;237;ON SHIP: White;0;Green;0;Yellow;0;Red;0;Evacuees to Transfer;
2237.63,1060,evacuee,outES,Evacuee 20 in triage category Y is not assigned a helicopter
2237.63,1060,evacuee,,Evacuee;20;in triage state;R;is at the evacuation site
2240.43,3,evacueeManager,,OFF SHIP: White;0;Green;211;Yellow;40;Red;12;Black;237;ON SHIP: White;0;Green;0;Yellow;0;Red;0;Evacuees to Transfer;
2240.43,796,evacuee,outES,Evacuee 141 in triage category G is not assigned a helicopter
2240.43,796,evacuee,,Evacuee;141;in triage state;Y;is at the evacuation site
2243.6,3,evacueeManager,,OFF SHIP: White;0;Green;211;Yellow;40;Red;11;Black;238;ON SHIP: White;0;Green;0;Yellow;0;Red;0;Evacuees to Transfer;
2243.6,1006,evacuee,outES,Evacuee 21 in triage category R is not assigned a helicopter
2243.6,1006,evacuee,,Evacuee;21;in triage state;B;is at the evacuation site
2244.28,3,evacueeManager,,OFF SHIP: White;0;Green;211;Yellow;39;Red;12;Black;238;ON SHIP: White;0;Green;0;Yellow;0;Red;0;Evacuees to Transfer;
2244.28,1515,evacuee,outES,Evacuee 467 in triage category Y is not assigned a helicopter
2244.28,1515,evacuee,,Evacuee;467;in triage state;R;is at the evacuation site
2247.98,3,evacueeManager,,OFF SHIP: White;0;Green;210;Yellow;40;Red;12;Black;238;ON SHIP: White;0;Green;0;Yellow;0;Red;0;Evacuees to Transfer;
2247.98,940,evacuee,outES,Evacuee 132 in triage category G is not assigned a helicopter
2247.98,940,evacuee,,Evacuee;132;in triage state;Y;is at the evacuation site
2249.54,3,evacueeManager,,OFF SHIP: White;0;Green;209;Yellow;41;Red;12;Black;238;ON SHIP: White;0;Green;0;Yellow;0;Red;0;Evacuees to Transfer;
2249.54,211,evacuee,outES,Evacuee 378 in triage category G is not assigned a helicopter
2249.54,211,evacuee,,Evacuee;378;in triage state;Y;is at the evacuation site
2251.94,3,evacueeManager,,OFF SHIP: White;0;Green;208;Yellow;42;Red;12;Black;238;ON SHIP: White;0;Green;0;Yellow;0;Red;0;Evacuees to Transfer;
2251.94,1160,evacuee,outES,Evacuee 57 in triage category G is not assigned a helicopter
2251.94,1160,evacuee,,Evacuee;57;in triage state;Y;is at the evacuation site
2254.62,3,evacueeManager,,OFF SHIP: White;0;Green;208;Yellow;42;Red;11;Black;239;ON SHIP: White;0;Green;0;Yellow;0;Red;0;Evacuees to Transfer;
2254.62,60,evacuee,outES,Evacuee 468 in triage category R is not assigned a helicopter
2254.62,60,evacuee,,Evacuee;468;in triage state;B;is at the evacuation site
2254.79,3,evacueeManager,,OFF SHIP: White;0;Green;208;Yellow;42;Red;10;Black;240;ON SHIP: White;0;Green;0;Yellow;0;Red;0;Evacuees to Transfer;
2254.79,357,evacuee,outES,Evacuee 305 in triage category R is not assigned a helicopter
2254.79,357,evacuee,,Evacuee;305;in triage state;B;is at the evacuation site
2258.9,3,evacueeManager,,OFF SHIP: White;0;Green;208;Yellow;42;Red;9;Black;241;ON SHIP: White;0;Green;0;Yellow;0;Red;0;Evacuees to Transfer;
2258.9,1230,evacuee,outES,Evacuee 149 in triage category R is not assigned a helicopter
2258.9,1230,evacuee,,Evacuee;149;in triage state;B;is at the evacuation site
2261.95,3,evacueeManager,,OFF SHIP: White;0;Green;208;Yellow;41;Red;10;Black;241;ON SHIP: White;0;Green;0;Yellow;0;Red;0;Evacuees to Transfer;
2261.95,432,evacuee,outES,Evacuee 274 in triage category Y is not assigned a helicopter
2261.95,432,evacuee,,Evacuee;274;in triage state;R;is at the evacuation site
2266.89,3,evacueeManager,,OFF SHIP: White;0;Green;208;Yellow;41;Red;9;Black;242;ON SHIP: White;0;Green;0;Yellow;0;Red;0;Evacuees to Transfer;
2266.89,1072,evacuee,outES,Evacuee 198 in triage category R is not assigned a helicopter
2266.89,1072,evacuee,,Evacuee;198;in triage state;B;is at the evacuation site
2275.22,3,evacueeManager,,OFF SHIP: White;0;Green;208;Yellow;40;Red;10;Black;242;ON SHIP: White;0;Green;0;Yellow;0;Red;0;Evacuees to Transfer;
2275.22,934,evacuee,outES,Evacuee 196 in triage category Y is not assigned a helicopter
2275.22,934,evacuee,,Evacuee;196;in triage state;R;is at the evacuation site
2275.35,3,evacueeManager,,OFF SHIP: White;0;Green;207;Yellow;41;Red;10;Black;242;ON SHIP: White;0;Green;0;Yellow;0;Red;0;Evacuees to Transfer;
2275.35,1084,evacuee,outES,Evacuee 43 in triage category G is not assigned a helicopter
2275.35,1084,evacuee,,Evacuee;43;in triage state;Y;is at the evacuation site
2277.43,3,evacueeManager,,OFF SHIP: White;0;Green;207;Yellow;41;Red;9;Black;243;ON SHIP: White;0;Green;0;Yellow;0;Red;0;Evacuees to Transfer;
2277.43,934,evacuee,outES,Evacuee 196 in triage category R is not assigned a helicopter
2277.43,934,evacuee,,Evacuee;196;in triage state;B;is at the evacuation site
2278.21,3,evacueeManager,,OFF SHIP: White;0;Green;207;Yellow;41;Red;8;Black;244;ON SHIP: White;0;Green;0;Yellow;0;Red;0;Evacuees to Transfer;
2278.21,787,evacuee,outES,Evacuee 107 in triage category R is not assigned a helicopter
2278.21,787,evacuee,,Evacuee;107;in triage state;B;is at the evacuation site
2278.99,3,evacueeManager,,OFF SHIP: White;0;Green;206;Yellow;42;Red;8;Black;244;ON SHIP: White;0;Green;0;Yellow;0;Red;0;Evacuees to Transfer;
2278.99,1012,evacuee,outES,Evacuee 72 in triage category G is not assigned a helicopter
2278.99,1012,evacuee,,Evacuee;72;in triage state;Y;is at the evacuation site
2286.27,3,evacueeManager,,OFF SHIP: White;0;Green;205;Yellow;43;Red;8;Black;244;ON SHIP: White;0;Green;0;Yellow;0;Red;0;Evacuees to Transfer;
2286.27,868,evacuee,outES,Evacuee 3 in triage category G is not assigned a helicopter
2286.27,868,evacuee,,Evacuee;3;in triage state;Y;is at the evacuation site
2289.32,3,evacueeManager,,OFF SHIP: White;0;Green;204;Yellow;44;Red;8;Black;244;ON SHIP: White;0;Green;0;Yellow;0;Red;0;Evacuees to Transfer;
2289.32,1308,evacuee,outES,Evacuee 169 in triage category G is not assigned a helicopter
2289.32,1308,evacuee,,Evacuee;169;in triage state;Y;is at the evacuation site
2293.21,3,evacueeManager,,OFF SHIP: White;0;Green;204;Yellow;43;Red;9;Black;244;ON SHIP: White;0;Green;0;Yellow;0;Red;0;Evacuees to Transfer;
2293.21,1377,evacuee,outES,Evacuee 197 in triage category Y is not assigned a helicopter
2293.21,1377,evacuee,,Evacuee;197;in triage state;R;is at the evacuation site
2294.55,3,evacueeManager,,OFF SHIP: White;0;Green;204;Yellow;43;Red;8;Black;245;ON SHIP: White;0;Green;0;Yellow;0;Red;0;Evacuees to Transfer;
2294.55,1515,evacuee,outES,Evacuee 467 in triage category R is not assigned a helicopter
2294.55,1515,evacuee,,Evacuee;467;in triage state;B;is at the evacuation site
2296.87,3,evacueeManager,,OFF SHIP: White;0;Green;203;Yellow;44;Red;8;Black;245;ON SHIP: White;0;Green;0;Yellow;0;Red;0;Evacuees to Transfer;
2296.87,360,evacuee,outES,Evacuee 303 in triage category G is not assigned a helicopter
2296.87,360,evacuee,,Evacuee;303;in triage state;Y;is at the evacuation site
2301.03,3,evacueeManager,,OFF SHIP: White;0;Green;203;Yellow;44;Red;7;Black;246;ON SHIP: White;0;Green;0;Yellow;0;Red;0;Evacuees to Transfer;
2301.03,790,evacuee,outES,Evacuee 229 in triage category R is not assigned a helicopter
2301.03,790,evacuee,,Evacuee;229;in triage state;B;is at the evacuation site
2301.31,3,evacueeManager,,OFF SHIP: White;0;Green;203;Yellow;44;Red;6;Black;247;ON SHIP: White;0;Green;0;Yellow;0;Red;0;Evacuees to Transfer;
2301.31,1296,evacuee,outES,Evacuee 145 in triage category R is not assigned a helicopter
2301.31,1296,evacuee,,Evacuee;145;in triage state;B;is at the evacuation site
2305.04,3,evacueeManager,,OFF SHIP: White;0;Green;203;Yellow;44;Red;5;Black;248;ON SHIP: White;0;Green;0;Yellow;0;Red;0;Evacuees to Transfer;
2305.04,1377,evacuee,outES,Evacuee 197 in triage category R is not assigned a helicopter
2305.04,1377,evacuee,,Evacuee;197;in triage state;B;is at the evacuation site
2305.96,3,evacueeManager,,OFF SHIP: White;0;Green;203;Yellow;43;Red;6;Black;248;ON SHIP: White;0;Green;0;Yellow;0;Red;0;Evacuees to Transfer;
2305.96,649,evacuee,outES,Evacuee 51 in triage category Y is not assigned a helicopter
2305.96,649,evacuee,,Evacuee;51;in triage state;R;is at the evacuation site
2318.06,3,evacueeManager,,OFF SHIP: White;0;Green;202;Yellow;44;Red;6;Black;248;ON SHIP: White;0;Green;0;Yellow;0;Red;0;Evacuees to Transfer;
2318.06,1236,evacuee,outES,Evacuee 151 in triage category G is not assigned a helicopter
2318.06,1236,evacuee,,Evacuee;151;in triage state;Y;is at the evacuation site
2322.91,3,evacueeManager,,OFF SHIP: White;0;Green;202;Yellow;44;Red;5;Black;249;ON SHIP: White;0;Green;0;Yellow;0;Red;0;Evacuees to Transfer;
2322.91,432,evacuee,outES,Evacuee 274 in triage category R is not assigned a helicopter
2322.91,432,evacuee,,Evacuee;274;in triage state;B;is at the evacuation site
2341.02,3,evacueeManager,,OFF SHIP: White;0;Green;201;Yellow;45;Red;5;Black;249;ON SHIP: White;0;Green;0;Yellow;0;Red;0;Evacuees to Transfer;
2341.02,1380,evacuee,outES,Evacuee 450 in triage category G is not assigned a helicopter
2341.02,1380,evacuee,,Evacuee;450;in triage state;Y;is at the evacuation site
2356.34,3,evacueeManager,,OFF SHIP: White;0;Green;201;Yellow;45;Red;4;Black;250;ON SHIP: White;0;Green;0;Yellow;0;Red;0;Evacuees to Transfer;
2356.34,492,evacuee,outES,Evacuee 117 in triage category R is not assigned a helicopter
2356.34,492,evacuee,,Evacuee;117;in triage state;B;is at the evacuation site
2363.96,3,evacueeManager,,OFF SHIP: White;0;Green;201;Yellow;44;Red;5;Black;250;ON SHIP: White;0;Green;0;Yellow;0;Red;0;Evacuees to Transfer;
2363.96,208,evacuee,outES,Evacuee 379 in triage category Y is not assigned a helicopter
2363.96,208,evacuee,,Evacuee;379;in triage state;R;is at the evacuation site
2370.6,3,evacueeManager,,OFF SHIP: White;0;Green;201;Yellow;43;Red;6;Black;250;ON SHIP: White;0;Green;0;Yellow;0;Red;0;Evacuees to Transfer;
2370.6,501,evacuee,outES,Evacuee 245 in triage category Y is not assigned a helicopter
2370.6,501,evacuee,,Evacuee;245;in triage state;R;is at the evacuation site
2378.68,3,evacueeManager,,OFF SHIP: White;0;Green;201;Yellow;42;Red;7;Black;250;ON SHIP: White;0;Green;0;Yellow;0;Red;0;Evacuees to Transfer;
2378.68,1084,evacuee,outES,Evacuee 43 in triage category Y is not assigned a helicopter
2378.68,1084,evacuee,,Evacuee;43;in triage state;R;is at the evacuation site
2379.72,3,evacueeManager,,OFF SHIP: White;0;Green;201;Yellow;41;Red;8;Black;250;ON SHIP: White;0;Green;0;Yellow;0;Red;0;Evacuees to Transfer;
2379.72,495,evacuee,outES,Evacuee 192 in triage category Y is not assigned a helicopter
2379.72,495,evacuee,,Evacuee;192;in triage state;R;is at the evacuation site
2382.8,3,evacueeManager,,OFF SHIP: White;0;Green;201;Yellow;40;Red;9;Black;250;ON SHIP: White;0;Green;0;Yellow;0;Red;0;Evacuees to Transfer;
2382.8,63,evacuee,outES,Evacuee 463 in triage category Y is not assigned a helicopter
2382.8,63,evacuee,,Evacuee;463;in triage state;R;is at the evacuation site
2388,3,evacueeManager,,OFF SHIP: White;0;Green;200;Yellow;41;Red;9;Black;250;ON SHIP: White;0;Green;0;Yellow;0;Red;0;Evacuees to Transfer;
2388,66,evacuee,outES,Evacuee 462 in triage category G is not assigned a helicopter
2388,66,evacuee,,Evacuee;462;in triage state;Y;is at the evacuation site
2405.96,3,evacueeManager,,OFF SHIP: White;0;Green;200;Yellow;41;Red;8;Black;251;ON SHIP: White;0;Green;0;Yellow;0;Red;0;Evacuees to Transfer;
2405.96,63,evacuee,outES,Evacuee 463 in triage category R is not assigned a helicopter
2405.96,63,evacuee,,Evacuee;463;in triage state;B;is at the evacuation site
2411.91,3,evacueeManager,,OFF SHIP: White;0;Green;199;Yellow;42;Red;8;Black;251;ON SHIP: White;0;Green;0;Yellow;0;Red;0;Evacuees to Transfer;
2411.91,507,evacuee,outES,Evacuee 118 in triage category G is not assigned a helicopter
2411.91,507,evacuee,,Evacuee;118;in triage state;Y;is at the evacuation site
2417.76,3,evacueeManager,,OFF SHIP: White;0;Green;199;Yellow;42;Red;7;Black;252;ON SHIP: White;0;Green;0;Yellow;0;Red;0;Evacuees to Transfer;
2417.76,649,evacuee,outES,Evacuee 51 in triage category R is not assigned a helicopter
2417.76,649,evacuee,,Evacuee;51;in triage state;B;is at the evacuation site
2417.96,3,evacueeManager,,OFF SHIP: White;0;Green;199;Yellow;41;Red;8;Black;252;ON SHIP: White;0;Green;0;Yellow;0;Red;0;Evacuees to Transfer;
2417.96,423,evacuee,outES,Evacuee 278 in triage category Y is not assigned a helicopter
2417.96,423,evacuee,,Evacuee;278;in triage state;R;is at the evacuation site
2421.51,3,evacueeManager,,OFF SHIP: White;0;Green;199;Yellow;41;Red;7;Black;253;ON SHIP: White;0;Green;0;Yellow;0;Red;0;Evacuees to Transfer;
2421.51,1060,evacuee,outES,Evacuee 20 in triage category R is not assigned a helicopter
2421.51,1060,evacuee,,Evacuee;20;in triage state;B;is at the evacuation site
2436.27,3,evacueeManager,,OFF SHIP: White;0;Green;198;Yellow;42;Red;7;Black;253;ON SHIP: White;0;Green;0;Yellow;0;Red;0;Evacuees to Transfer;
2436.27,142,evacuee,outES,Evacuee 409 in triage category G is not assigned a helicopter
2436.27,142,evacuee,,Evacuee;409;in triage state;Y;is at the evacuation site
2442.85,3,evacueeManager,,OFF SHIP: White;0;Green;198;Yellow;41;Red;8;Black;253;ON SHIP: White;0;Green;0;Yellow;0;Red;0;Evacuees to Transfer;
2442.85,1518,evacuee,outES,Evacuee 298 in triage category Y is not assigned a helicopter
2442.85,1518,evacuee,,Evacuee;298;in triage state;R;is at the evacuation site
2442.98,3,evacueeManager,,OFF SHIP: White;0;Green;198;Yellow;40;Red;9;Black;253;ON SHIP: White;0;Green;0;Yellow;0;Red;0;Evacuees to Transfer;
2442.98,577,evacuee,outES,Evacuee 124 in triage category Y is not assigned a helicopter
2442.98,577,evacuee,,Evacuee;124;in triage state;R;is at the evacuation site
2445.99,3,evacueeManager,,OFF SHIP: White;0;Green;198;Yellow;39;Red;10;Black;253;ON SHIP: White;0;Green;0;Yellow;0;Red;0;Evacuees to Transfer;
2445.99,66,evacuee,outES,Evacuee 462 in triage category Y is not assigned a helicopter
2445.99,66,evacuee,,Evacuee;462;in triage state;R;is at the evacuation site
2446.03,3,evacueeManager,,OFF SHIP: White;0;Green;198;Yellow;38;Red;11;Black;253;ON SHIP: White;0;Green;0;Yellow;0;Red;0;Evacuees to Transfer;
2446.03,1308,evacuee,outES,Evacuee 169 in triage category Y is not assigned a helicopter
2446.03,1308,evacuee,,Evacuee;169;in triage state;R;is at the evacuation site
2447.31,3,evacueeManager,,OFF SHIP: White;0;Green;197;Yellow;39;Red;11;Black;253;ON SHIP: White;0;Green;0;Yellow;0;Red;0;Evacuees to Transfer;
2447.31,1524,evacuee,outES,Evacuee 257 in triage category G is not assigned a helicopter
2447.31,1524,evacuee,,Evacuee;257;in triage state;Y;is at the evacuation site
2461.08,3,evacueeManager,,OFF SHIP: White;0;Green;197;Yellow;39;Red;10;Black;254;ON SHIP: White;0;Green;0;Yellow;0;Red;0;Evacuees to Transfer;
2461.08,423,evacuee,outES,Evacuee 278 in triage category R is not assigned a helicopter
2461.08,423,evacuee,,Evacuee;278;in triage state;B;is at the evacuation site
2462.01,3,evacueeManager,,OFF SHIP: White;0;Green;196;Yellow;40;Red;10;Black;254;ON SHIP: White;0;Green;0;Yellow;0;Red;0;Evacuees to Transfer;
2462.01,655,evacuee,outES,Evacuee 80 in triage category G is not assigned a helicopter
2462.01,655,evacuee,,Evacuee;80;in triage state;Y;is at the evacuation site
2469.21,3,evacueeManager,,OFF SHIP: White;0;Green;196;Yellow;40;Red;9;Black;255;ON SHIP: White;0;Green;0;Yellow;0;Red;0;Evacuees to Transfer;
2469.21,208,evacuee,outES,Evacuee 379 in triage category R is not assigned a helicopter
2469.21,208,evacuee,,Evacuee;379;in triage state;B;is at the evacuation site
2474.05,3,evacueeManager,,OFF SHIP: White;0;Green;195;Yellow;41;Red;9;Black;255;ON SHIP: White;0;Green;0;Yellow;0;Red;0;Evacuees to Transfer;
2474.05,727,evacuee,outES,Evacuee 223 in triage category G is not assigned a helicopter
2474.05,727,evacuee,,Evacuee;223;in triage state;Y;is at the evacuation site
2477.69,3,evacueeManager,,OFF SHIP: White;0;Green;194;Yellow;42;Red;9;Black;255;ON SHIP: White;0;Green;0;Yellow;0;Red;0;Evacuees to Transfer;
2477.69,1452,evacuee,outES,Evacuee 339 in triage category G is not assigned a helicopter
2477.69,1452,evacuee,,Evacuee;339;in triage state;Y;is at the evacuation site
2485.57,3,evacueeManager,,OFF SHIP: White;0;Green;194;Yellow;41;Red;10;Black;255;ON SHIP: White;0;Green;0;Yellow;0;Red;0;Evacuees to Transfer;
2485.57,580,evacuee,outES,Evacuee 111 in triage category Y is not assigned a helicopter
2485.57,580,evacuee,,Evacuee;111;in triage state;R;is at the evacuation site
2486.58,3,evacueeManager,,OFF SHIP: White;0;Green;194;Yellow;41;Red;9;Black;256;ON SHIP: White;0;Green;0;Yellow;0;Red;0;Evacuees to Transfer;
2486.58,1308,evacuee,outES,Evacuee 169 in triage category R is not assigned a helicopter
2486.58,1308,evacuee,,Evacuee;169;in triage state;B;is at the evacuation site
2487.19,3,evacueeManager,,OFF SHIP: White;0;Green;193;Yellow;42;Red;9;Black;256;ON SHIP: White;0;Green;0;Yellow;0;Red;0;Evacuees to Transfer;
2487.19,583,evacuee,outES,Evacuee 39 in triage category G is not assigned a helicopter
2487.19,583,evacuee,,Evacuee;39;in triage state;Y;is at the evacuation site
2492.19,3,evacueeManager,,OFF SHIP: White;0;Green;193;Yellow;41;Red;10;Black;256;ON SHIP: White;0;Green;0;Yellow;0;Red;0;Evacuees to Transfer;
2492.19,1446,evacuee,outES,Evacuee 221 in triage category Y is not assigned a helicopter
2492.19,1446,evacuee,,Evacuee;221;in triage state;R;is at the evacuation site
2497.73,3,evacueeManager,,OFF SHIP: White;0;Green;193;Yellow;41;Red;9;Black;257;ON SHIP: White;0;Green;0;Yellow;0;Red;0;Evacuees to Transfer;
2497.73,577,evacuee,outES,Evacuee 124 in triage category R is not assigned a helicopter
2497.73,577,evacuee,,Evacuee;124;in triage state;B;is at the evacuation site
2501.11,3,evacueeManager,,OFF SHIP: White;0;Green;193;Yellow;40;Red;10;Black;257;ON SHIP: White;0;Green;0;Yellow;0;Red;0;Evacuees to Transfer;
2501.11,913,evacuee,outES,Evacuee 119 in triage category Y is not assigned a helicopter
2501.11,913,evacuee,,Evacuee;119;in triage state;R;is at the evacuation site
2505.77,3,evacueeManager,,OFF SHIP: White;0;Green;192;Yellow;41;Red;10;Black;257;ON SHIP: White;0;Green;0;Yellow;0;Red;0;Evacuees to Transfer;
2505.77,435,evacuee,outES,Evacuee 273 in triage category G is not assigned a helicopter
2505.77,435,evacuee,,Evacuee;273;in triage state;Y;is at the evacuation site
2509.23,3,evacueeManager,,OFF SHIP: White;0;Green;192;Yellow;41;Red;9;Black;258;ON SHIP: White;0;Green;0;Yellow;0;Red;0;Evacuees to Transfer;
2509.23,1084,evacuee,outES,Evacuee 43 in triage category R is not assigned a helicopter
2509.23,1084,evacuee,,Evacuee;43;in triage state;B;is at the evacuation site
2510.5,3,evacueeManager,,OFF SHIP: White;0;Green;191;Yellow;42;Red;9;Black;258;ON SHIP: White;0;Green;0;Yellow;0;Red;0;Evacuees to Transfer;
2510.5,943,evacuee,outES,Evacuee 31 in triage category G is not assigned a helicopter
2510.5,943,evacuee,,Evacuee;31;in triage state;Y;is at the evacuation site
2518.39,3,evacueeManager,,OFF SHIP: White;0;Green;190;Yellow;43;Red;9;Black;258;ON SHIP: White;0;Green;0;Yellow;0;Red;0;Evacuees to Transfer;
2518.39,799,evacuee,outES,Evacuee 133 in triage category G is not assigned a helicopter
2518.39,799,evacuee,,Evacuee;133;in triage state;Y;is at the evacuation site
2523.01,3,evacueeManager,,OFF SHIP: White;0;Green;189;Yellow;44;Red;9;Black;258;ON SHIP: White;0;Green;0;Yellow;0;Red;0;Evacuees to Transfer;
2523.01,214,evacuee,outES,Evacuee 377 in triage category G is not assigned a helicopter
2523.01,214,evacuee,,Evacuee;377;in triage state;Y;is at the evacuation site
2526.55,3,evacueeManager,,OFF SHIP: White;0;Green;189;Yellow;44;Red;8;Black;259;ON SHIP: White;0;Green;0;Yellow;0;Red;0;Evacuees to Transfer;
2526.55,1512,evacuee,outES,Evacuee 248 in triage category R is not assigned a helicopter
2526.55,1512,evacuee,,Evacuee;248;in triage state;B;is at the evacuation site
2526.57,3,evacueeManager,,OFF SHIP: White;0;Green;189;Yellow;43;Red;9;Black;259;ON SHIP: White;0;Green;0;Yellow;0;Red;0;Evacuees to Transfer;
2526.57,211,evacuee,outES,Evacuee 378 in triage category Y is not assigned a helicopter
2526.57,211,evacuee,,Evacuee;378;in triage state;R;is at the evacuation site
2529.32,3,evacueeManager,,OFF SHIP: White;0;Green;189;Yellow;43;Red;8;Black;260;ON SHIP: White;0;Green;0;Yellow;0;Red;0;Evacuees to Transfer;
2529.32,66,evacuee,outES,Evacuee 462 in triage category R is not assigned a helicopter
2529.32,66,evacuee,,Evacuee;462;in triage state;B;is at the evacuation site
2533.32,3,evacueeManager,,OFF SHIP: White;0;Green;189;Yellow;42;Red;9;Black;260;ON SHIP: White;0;Green;0;Yellow;0;Red;0;Evacuees to Transfer;
2533.32,796,evacuee,outES,Evacuee 141 in triage category Y is not assigned a helicopter
2533.32,796,evacuee,,Evacuee;141;in triage state;R;is at the evacuation site
2534.54,3,evacueeManager,,OFF SHIP: White;0;Green;189;Yellow;41;Red;10;Black;260;ON SHIP: White;0;Green;0;Yellow;0;Red;0;Evacuees to Transfer;
2534.54,435,evacuee,outES,Evacuee 273 in triage category Y is not assigned a helicopter
2534.54,435,evacuee,,Evacuee;273;in triage state;R;is at the evacuation site
2535.05,3,evacueeManager,,OFF SHIP: White;0;Green;188;Yellow;42;Red;10;Black;260;ON SHIP: White;0;Green;0;Yellow;0;Red;0;Evacuees to Transfer;
2535.05,1087,evacuee,outES,Evacuee 30 in triage category G is not assigned a helicopter
2535.05,1087,evacuee,,Evacuee;30;in triage state;Y;is at the evacuation site
2536.51,3,evacueeManager,,OFF SHIP: White;0;Green;187;Yellow;43;Red;10;Black;260;ON SHIP: White;0;Green;0;Yellow;0;Red;0;Evacuees to Transfer;
2536.51,1163,evacuee,outES,Evacuee 231 in triage category G is not assigned a helicopter
2536.51,1163,evacuee,,Evacuee;231;in triage state;Y;is at the evacuation site
2538.73,3,evacueeManager,,OFF SHIP: White;0;Green;187;Yellow;42;Red;11;Black;260;ON SHIP: White;0;Green;0;Yellow;0;Red;0;Evacuees to Transfer;
2538.73,1224,evacuee,outES,Evacuee 130 in triage category Y is not assigned a helicopter
2538.73,1224,evacuee,,Evacuee;130;in triage state;R;is at the evacuation site
2540.82,3,evacueeManager,,OFF SHIP: White;0;Green;187;Yellow;41;Red;12;Black;260;ON SHIP: White;0;Green;0;Yellow;0;Red;0;Evacuees to Transfer;
2540.82,1452,evacuee,outES,Evacuee 339 in triage category Y is not assigned a helicopter
2540.82,1452,evacuee,,Evacuee;339;in triage state;R;is at the evacuation site
2543.06,3,evacueeManager,,OFF SHIP: White;0;Green;187;Yellow;41;Red;11;Black;261;ON SHIP: White;0;Green;0;Yellow;0;Red;0;Evacuees to Transfer;
2543.06,1518,evacuee,outES,Evacuee 298 in triage category R is not assigned a helicopter
2543.06,1518,evacuee,,Evacuee;298;in triage state;B;is at the evacuation site
2547.05,3,evacueeManager,,OFF SHIP: White;0;Green;187;Yellow;41;Red;10;Black;262;ON SHIP: White;0;Green;0;Yellow;0;Red;0;Evacuees to Transfer;
2547.05,435,evacuee,outES,Evacuee 273 in triage category R is not assigned a helicopter
2547.05,435,evacuee,,Evacuee;273;in triage state;B;is at the evacuation site
2549.62,3,evacueeManager,,OFF SHIP: White;0;Green;187;Yellow;41;Red;9;Black;263;ON SHIP: White;0;Green;0;Yellow;0;Red;0;Evacuees to Transfer;
2549.62,1452,evacuee,outES,Evacuee 339 in triage category R is not assigned a helicopter
2549.62,1452,evacuee,,Evacuee;339;in triage state;B;is at the evacuation site
2549.95,3,evacueeManager,,OFF SHIP: White;0;Green;187;Yellow;41;Red;8;Black;264;ON SHIP: White;0;Green;0;Yellow;0;Red;0;Evacuees to Transfer;
2549.95,211,evacuee,outES,Evacuee 378 in triage category R is not assigned a helicopter
2549.95,211,evacuee,,Evacuee;378;in triage state;B;is at the evacuation site
2553.86,3,evacueeManager,,OFF SHIP: White;0;Green;187;Yellow;40;Red;9;Black;264;ON SHIP: White;0;Green;0;Yellow;0;Red;0;Evacuees to Transfer;
2553.86,727,evacuee,outES,Evacuee 223 in triage category Y is not assigned a helicopter
2553.86,727,evacuee,,Evacuee;223;in triage state;R;is at the evacuation site
2560.88,3,evacueeManager,,OFF SHIP: White;0;Green;186;Yellow;41;Red;9;Black;264;ON SHIP: White;0;Green;0;Yellow;0;Red;0;Evacuees to Transfer;
2560.88,1015,evacuee,outES,Evacuee 46 in triage category G is not assigned a helicopter
2560.88,1015,evacuee,,Evacuee;46;in triage state;Y;is at the evacuation site
2561.02,3,evacueeManager,,OFF SHIP: White;0;Green;186;Yellow;40;Red;10;Black;264;ON SHIP: White;0;Green;0;Yellow;0;Red;0;Evacuees to Transfer;
2561.02,1009,evacuee,outES,Evacuee 68 in triage category Y is not assigned a helicopter
2561.02,1009,evacuee,,Evacuee;68;in triage state;R;is at the evacuation site
2561.29,3,evacueeManager,,OFF SHIP: White;0;Green;185;Yellow;41;Red;10;Black;264;ON SHIP: White;0;Green;0;Yellow;0;Red;0;Evacuees to Transfer;
2561.29,1311,evacuee,outES,Evacuee 170 in triage category G is not assigned a helicopter
2561.29,1311,evacuee,,Evacuee;170;in triage state;Y;is at the evacuation site
2568.92,3,evacueeManager,,OFF SHIP: White;0;Green;184;Yellow;42;Red;10;Black;264;ON SHIP: White;0;Green;0;Yellow;0;Red;0;Evacuees to Transfer;
2568.92,871,evacuee,outES,Evacuee 172 in triage category G is not assigned a helicopter
2568.92,871,evacuee,,Evacuee;172;in triage state;Y;is at the evacuation site
2569.38,3,evacueeManager,,OFF SHIP: White;0;Green;184;Yellow;42;Red;9;Black;265;ON SHIP: White;0;Green;0;Yellow;0;Red;0;Evacuees to Transfer;
2569.38,495,evacuee,outES,Evacuee 192 in triage category R is not assigned a helicopter
2569.38,495,evacuee,,Evacuee;192;in triage state;B;is at the evacuation site
2580.61,3,evacueeManager,,OFF SHIP: White;0;Green;183;Yellow;43;Red;9;Black;265;ON SHIP: White;0;Green;0;Yellow;0;Red;0;Evacuees to Transfer;
2580.61,363,evacuee,outES,Evacuee 295 in triage category G is not assigned a helicopter
2580.61,363,evacuee,,Evacuee;295;in triage state;Y;is at the evacuation site
2582.54,3,evacueeManager,,OFF SHIP: White;0;Green;183;Yellow;42;Red;10;Black;265;ON SHIP: White;0;Green;0;Yellow;0;Red;0;Evacuees to Transfer;
2582.54,655,evacuee,outES,Evacuee 80 in triage category Y is not assigned a helicopter
2582.54,655,evacuee,,Evacuee;80;in triage state;R;is at the evacuation site
2586.22,3,evacueeManager,,OFF SHIP: White;0;Green;183;Yellow;42;Red;9;Black;266;ON SHIP: White;0;Green;0;Yellow;0;Red;0;Evacuees to Transfer;
2586.22,1009,evacuee,outES,Evacuee 68 in triage category R is not assigned a helicopter
2586.22,1009,evacuee,,Evacuee;68;in triage state;B;is at the evacuation site
2589.5,3,evacueeManager,,OFF SHIP: White;0;Green;183;Yellow;41;Red;10;Black;266;ON SHIP: White;0;Green;0;Yellow;0;Red;0;Evacuees to Transfer;
2589.5,504,evacuee,outES,Evacuee 310 in triage category Y is not assigned a helicopter
2589.5,504,evacuee,,Evacuee;310;in triage state;R;is at the evacuation site
2607.6,3,evacueeManager,,OFF SHIP: White;0;Green;183;Yellow;41;Red;9;Black;267;ON SHIP: White;0;Green;0;Yellow;0;Red;0;Evacuees to Transfer;
2607.6,580,evacuee,outES,Evacuee 111 in triage category R is not assigned a helicopter
2607.6,580,evacuee,,Evacuee;111;in triage state;B;is at the evacuation site
2615.17,3,evacueeManager,,OFF SHIP: White;0;Green;182;Yellow;42;Red;9;Black;267;ON SHIP: White;0;Green;0;Yellow;0;Red;0;Evacuees to Transfer;
2615.17,1239,evacuee,outES,Evacuee 222 in triage category G is not assigned a helicopter
2615.17,1239,evacuee,,Evacuee;222;in triage state;Y;is at the evacuation site
2615.65,3,evacueeManager,,OFF SHIP: White;0;Green;182;Yellow;42;Red;8;Black;268;ON SHIP: White;0;Green;0;Yellow;0;Red;0;Evacuees to Transfer;
2615.65,913,evacuee,outES,Evacuee 119 in triage category R is not assigned a helicopter
2615.65,913,evacuee,,Evacuee;119;in triage state;B;is at the evacuation site
2618.62,3,evacueeManager,,OFF SHIP: White;0;Green;182;Yellow;42;Red;7;Black;269;ON SHIP: White;0;Green;0;Yellow;0;Red;0;Evacuees to Transfer;
2618.62,1446,evacuee,outES,Evacuee 221 in triage category R is not assigned a helicopter
2618.62,1446,evacuee,,Evacuee;221;in triage state;B;is at the evacuation site
2628.28,3,evacueeManager,,OFF SHIP: White;0;Green;182;Yellow;41;Red;8;Black;269;ON SHIP: White;0;Green;0;Yellow;0;Red;0;Evacuees to Transfer;
2628.28,1374,evacuee,outES,Evacuee 399 in triage category Y is not assigned a helicopter
2628.28,1374,evacuee,,Evacuee;399;in triage state;R;is at the evacuation site
2644,3,evacueeManager,,OFF SHIP: White;0;Green;182;Yellow;41;Red;7;Black;270;ON SHIP: White;0;Green;0;Yellow;0;Red;0;Evacuees to Transfer;
2644,655,evacuee,outES,Evacuee 80 in triage category R is not assigned a helicopter
2644,655,evacuee,,Evacuee;80;in triage state;B;is at the evacuation site
2651.93,3,evacueeManager,,OFF SHIP: White;0;Green;181;Yellow;42;Red;7;Black;270;ON SHIP: White;0;Green;0;Yellow;0;Red;0;Evacuees to Transfer;
2651.93,1383,evacuee,outES,Evacuee 252 in triage category G is not assigned a helicopter
2651.93,1383,evacuee,,Evacuee;252;in triage state;Y;is at the evacuation site
2658.36,3,evacueeManager,,OFF SHIP: White;0;Green;181;Yellow;42;Red;6;Black;271;ON SHIP: White;0;Green;0;Yellow;0;Red;0;Evacuees to Transfer;
2658.36,796,evacuee,outES,Evacuee 141 in triage category R is not assigned a helicopter
2658.36,796,evacuee,,Evacuee;141;in triage state;B;is at the evacuation site
2669.21,3,evacueeManager,,OFF SHIP: White;0;Green;181;Yellow;42;Red;5;Black;272;ON SHIP: White;0;Green;0;Yellow;0;Red;0;Evacuees to Transfer;
2669.21,501,evacuee,outES,Evacuee 245 in triage category R is not assigned a helicopter
2669.21,501,evacuee,,Evacuee;245;in triage state;B;is at the evacuation site
2675.64,3,evacueeManager,,OFF SHIP: White;0;Green;180;Yellow;43;Red;5;Black;272;ON SHIP: White;0;Green;0;Yellow;0;Red;0;Evacuees to Transfer;
2675.64,69,evacuee,outES,Evacuee 461 in triage category G is not assigned a helicopter
2675.64,69,evacuee,,Evacuee;461;in triage state;Y;is at the evacuation site
2698.12,3,evacueeManager,,OFF SHIP: White;0;Green;180;Yellow;42;Red;6;Black;272;ON SHIP: White;0;Green;0;Yellow;0;Red;0;Evacuees to Transfer;
2698.12,1380,evacuee,outES,Evacuee 450 in triage category Y is not assigned a helicopter
2698.12,1380,evacuee,,Evacuee;450;in triage state;R;is at the evacuation site
2706.12,3,evacueeManager,,OFF SHIP: White;0;Green;180;Yellow;42;Red;5;Black;273;ON SHIP: White;0;Green;0;Yellow;0;Red;0;Evacuees to Transfer;
2706.12,1380,evacuee,outES,Evacuee 450 in triage category R is not assigned a helicopter
2706.12,1380,evacuee,,Evacuee;450;in triage state;B;is at the evacuation site
2713.37,3,evacueeManager,,OFF SHIP: White;0;Green;180;Yellow;42;Red;4;Black;274;ON SHIP: White;0;Green;0;Yellow;0;Red;0;Evacuees to Transfer;
2713.37,1224,evacuee,outES,Evacuee 130 in triage category R is not assigned a helicopter
2713.37,1224,evacuee,,Evacuee;130;in triage state;B;is at the evacuation site
2715.28,3,evacueeManager,,OFF SHIP: White;0;Green;180;Yellow;41;Red;5;Black;274;ON SHIP: White;0;Green;0;Yellow;0;Red;0;Evacuees to Transfer;
2715.28,564,evacuee,outES,Evacuee 424 in triage category Y is not assigned a helicopter
2715.28,564,evacuee,,Evacuee;424;in triage state;R;is at the evacuation site
2717.38,3,evacueeManager,,OFF SHIP: White;0;Green;180;Yellow;40;Red;6;Black;274;ON SHIP: White;0;Green;0;Yellow;0;Red;0;Evacuees to Transfer;
2717.38,363,evacuee,outES,Evacuee 295 in triage category Y is not assigned a helicopter
2717.38,363,evacuee,,Evacuee;295;in triage state;R;is at the evacuation site
2722.52,3,evacueeManager,,OFF SHIP: White;0;Green;180;Yellow;40;Red;5;Black;275;ON SHIP: White;0;Green;0;Yellow;0;Red;0;Evacuees to Transfer;
2722.52,564,evacuee,outES,Evacuee 424 in triage category R is not assigned a helicopter
2722.52,564,evacuee,,Evacuee;424;in triage state;B;is at the evacuation site
2723.22,3,evacueeManager,,OFF SHIP: White;0;Green;179;Yellow;41;Red;5;Black;275;ON SHIP: White;0;Green;0;Yellow;0;Red;0;Evacuees to Transfer;
2723.22,145,evacuee,outES,Evacuee 408 in triage category G is not assigned a helicopter
2723.22,145,evacuee,,Evacuee;408;in triage state;Y;is at the evacuation site
2723.58,3,evacueeManager,,OFF SHIP: White;0;Green;179;Yellow;40;Red;6;Black;275;ON SHIP: White;0;Green;0;Yellow;0;Red;0;Evacuees to Transfer;
2723.58,1157,evacuee,outES,Evacuee 208 in triage category Y is not assigned a helicopter
2723.58,1157,evacuee,,Evacuee;208;in triage state;R;is at the evacuation site
2725.32,3,evacueeManager,,OFF SHIP: White;0;Green;179;Yellow;39;Red;7;Black;275;ON SHIP: White;0;Green;0;Yellow;0;Red;0;Evacuees to Transfer;
2725.32,940,evacuee,outES,Evacuee 132 in triage category Y is not assigned a helicopter
2725.32,940,evacuee,,Evacuee;132;in triage state;R;is at the evacuation site
2729.59,3,evacueeManager,,OFF SHIP: White;0;Green;178;Yellow;40;Red;7;Black;275;ON SHIP: White;0;Green;0;Yellow;0;Red;0;Evacuees to Transfer;
2729.59,1527,evacuee,outES,Evacuee 210 in triage category G is not assigned a helicopter
2729.59,1527,evacuee,,Evacuee;210;in triage state;Y;is at the evacuation site
2738.99,3,evacueeManager,,OFF SHIP: White;0;Green;178;Yellow;39;Red;8;Black;275;ON SHIP: White;0;Green;0;Yellow;0;Red;0;Evacuees to Transfer;
2738.99,57,evacuee,outES,Evacuee 471 in triage category Y is not assigned a helicopter
2738.99,57,evacuee,,Evacuee;471;in triage state;R;is at the evacuation site
2740.33,3,evacueeManager,,OFF SHIP: White;0;Green;178;Yellow;39;Red;7;Black;276;ON SHIP: White;0;Green;0;Yellow;0;Red;0;Evacuees to Transfer;
2740.33,57,evacuee,outES,Evacuee 471 in triage category R is not assigned a helicopter
2740.33,57,evacuee,,Evacuee;471;in triage state;B;is at the evacuation site
2741.78,3,evacueeManager,,OFF SHIP: White;0;Green;178;Yellow;38;Red;8;Black;276;ON SHIP: White;0;Green;0;Yellow;0;Red;0;Evacuees to Transfer;
2741.78,1527,evacuee,outES,Evacuee 210 in triage category Y is not assigned a helicopter
2741.78,1527,evacuee,,Evacuee;210;in triage state;R;is at the evacuation site
2748.28,3,evacueeManager,,OFF SHIP: White;0;Green;178;Yellow;37;Red;9;Black;276;ON SHIP: White;0;Green;0;Yellow;0;Red;0;Evacuees to Transfer;
2748.28,360,evacuee,outES,Evacuee 303 in triage category Y is not assigned a helicopter
2748.28,360,evacuee,,Evacuee;303;in triage state;R;is at the evacuation site
2748.31,3,evacueeManager,,OFF SHIP: White;0;Green;178;Yellow;37;Red;8;Black;277;ON SHIP: White;0;Green;0;Yellow;0;Red;0;Evacuees to Transfer;
2748.31,1527,evacuee,outES,Evacuee 210 in triage category R is not assigned a helicopter
2748.31,1527,evacuee,,Evacuee;210;in triage state;B;is at the evacuation site
2751.66,3,evacueeManager,,OFF SHIP: White;0;Green;177;Yellow;38;Red;8;Black;277;ON SHIP: White;0;Green;0;Yellow;0;Red;0;Evacuees to Transfer;
2751.66,658,evacuee,outES,Evacuee 79 in triage category G is not assigned a helicopter
2751.66,658,evacuee,,Evacuee;79;in triage state;Y;is at the evacuation site
2753.6,3,evacueeManager,,OFF SHIP: White;0;Green;177;Yellow;38;Red;7;Black;278;ON SHIP: White;0;Green;0;Yellow;0;Red;0;Evacuees to Transfer;
2753.6,727,evacuee,outES,Evacuee 223 in triage category R is not assigned a helicopter
2753.6,727,evacuee,,Evacuee;223;in triage state;B;is at the evacuation site
2757.73,3,evacueeManager,,OFF SHIP: White;0;Green;177;Yellow;38;Red;6;Black;279;ON SHIP: White;0;Green;0;Yellow;0;Red;0;Evacuees to Transfer;
2757.73,360,evacuee,outES,Evacuee 303 in triage category R is not assigned a helicopter
2757.73,360,evacuee,,Evacuee;303;in triage state;B;is at the evacuation site
2762.15,3,evacueeManager,,OFF SHIP: White;0;Green;177;Yellow;37;Red;7;Black;279;ON SHIP: White;0;Green;0;Yellow;0;Red;0;Evacuees to Transfer;
2762.15,1015,evacuee,outES,Evacuee 46 in triage category Y is not assigned a helicopter
2762.15,1015,evacuee,,Evacuee;46;in triage state;R;is at the evacuation site
2764.42,3,evacueeManager,,OFF SHIP: White;0;Green;177;Yellow;37;Red;6;Black;280;ON SHIP: White;0;Green;0;Yellow;0;Red;0;Evacuees to Transfer;
2764.42,940,evacuee,outES,Evacuee 132 in triage category R is not assigned a helicopter
2764.42,940,evacuee,,Evacuee;132;in triage state;B;is at the evacuation site
2770.88,3,evacueeManager,,OFF SHIP: White;0;Green;176;Yellow;38;Red;6;Black;280;ON SHIP: White;0;Green;0;Yellow;0;Red;0;Evacuees to Transfer;
2770.88,730,evacuee,outES,Evacuee 135 in triage category G is not assigned a helicopter
2770.88,730,evacuee,,Evacuee;135;in triage state;Y;is at the evacuation site
2773.96,3,evacueeManager,,OFF SHIP: White;0;Green;176;Yellow;37;Red;7;Black;280;ON SHIP: White;0;Green;0;Yellow;0;Red;0;Evacuees to Transfer;
2773.96,868,evacuee,outES,Evacuee 3 in triage category Y is not assigned a helicopter
2773.96,868,evacuee,,Evacuee;3;in triage state;R;is at the evacuation site
2774.02,3,evacueeManager,,OFF SHIP: White;0;Green;176;Yellow;36;Red;8;Black;280;ON SHIP: White;0;Green;0;Yellow;0;Red;0;Evacuees to Transfer;
2774.02,1236,evacuee,outES,Evacuee 151 in triage category Y is not assigned a helicopter
2774.02,1236,evacuee,,Evacuee;151;in triage state;R;is at the evacuation site
2780.82,3,evacueeManager,,OFF SHIP: White;0;Green;175;Yellow;37;Red;8;Black;280;ON SHIP: White;0;Green;0;Yellow;0;Red;0;Evacuees to Transfer;
2780.82,1455,evacuee,outES,Evacuee 225 in triage category G is not assigned a helicopter
2780.82,1455,evacuee,,Evacuee;225;in triage state;Y;is at the evacuation site
2781.28,3,evacueeManager,,OFF SHIP: White;0;Green;175;Yellow;36;Red;9;Black;280;ON SHIP: White;0;Green;0;Yellow;0;Red;0;Evacuees to Transfer;
2781.28,1449,evacuee,outES,Evacuee 224 in triage category Y is not assigned a helicopter
2781.28,1449,evacuee,,Evacuee;224;in triage state;R;is at the evacuation site
2781.78,3,evacueeManager,,OFF SHIP: White;0;Green;175;Yellow;36;Red;8;Black;281;ON SHIP: White;0;Green;0;Yellow;0;Red;0;Evacuees to Transfer;
2781.78,868,evacuee,outES,Evacuee 3 in triage category R is not assigned a helicopter
2781.78,868,evacuee,,Evacuee;3;in triage state;B;is at the evacuation site
2782.56,3,evacueeManager,,OFF SHIP: White;0;Green;175;Yellow;36;Red;7;Black;282;ON SHIP: White;0;Green;0;Yellow;0;Red;0;Evacuees to Transfer;
2782.56,1449,evacuee,outES,Evacuee 224 in triage category R is not assigned a helicopter
2782.56,1449,evacuee,,Evacuee;224;in triage state;B;is at the evacuation site
2790.95,3,evacueeManager,,OFF SHIP: White;0;Green;174;Yellow;37;Red;7;Black;282;ON SHIP: White;0;Green;0;Yellow;0;Red;0;Evacuees to Transfer;
2790.95,290,evacuee,outES,Evacuee 330 in triage category G is not assigned a helicopter
2790.95,290,evacuee,,Evacuee;330;in triage state;Y;is at the evacuation site
2791.21,3,evacueeManager,,OFF SHIP: White;0;Green;174;Yellow;37;Red;6;Black;283;ON SHIP: White;0;Green;0;Yellow;0;Red;0;Evacuees to Transfer;
2791.21,1374,evacuee,outES,Evacuee 399 in triage category R is not assigned a helicopter
2791.21,1374,evacuee,,Evacuee;399;in triage state;B;is at the evacuation site
2800.09,3,evacueeManager,,OFF SHIP: White;0;Green;173;Yellow;38;Red;6;Black;283;ON SHIP: White;0;Green;0;Yellow;0;Red;0;Evacuees to Transfer;
2800.09,438,evacuee,outES,Evacuee 337 in triage category G is not assigned a helicopter
2800.09,438,evacuee,,Evacuee;337;in triage state;Y;is at the evacuation site
2805,1173,helicopter,,Helicopter;1;Is going to the evacuation site;;and has;0;spots taken
2819.19,3,evacueeManager,,OFF SHIP: White;0;Green;172;Yellow;39;Red;6;Black;283;ON SHIP: White;0;Green;0;Yellow;0;Red;0;Evacuees to Transfer;
2819.19,217,evacuee,outES,Evacuee 375 in triage category G is not assigned a helicopter
2819.19,217,evacuee,,Evacuee;375;in triage state;Y;is at the evacuation site
2819.87,3,evacueeManager,,OFF SHIP: White;0;Green;172;Yellow;39;Red;5;Black;284;ON SHIP: White;0;Green;0;Yellow;0;Red;0;Evacuees to Transfer;
2819.87,1015,evacuee,outES,Evacuee 46 in triage category R is not assigned a helicopter
2819.87,1015,evacuee,,Evacuee;46;in triage state;B;is at the evacuation site
2821.05,3,evacueeManager,,OFF SHIP: White;0;Green;172;Yellow;38;Red;6;Black;284;ON SHIP: White;0;Green;0;Yellow;0;Red;0;Evacuees to Transfer;
2821.05,1521,evacuee,outES,Evacuee 254 in triage category Y is not assigned a helicopter
2821.05,1521,evacuee,,Evacuee;254;in triage state;R;is at the evacuation site
2821.24,3,evacueeManager,,OFF SHIP: White;0;Green;171;Yellow;39;Red;6;Black;284;ON SHIP: White;0;Green;0;Yellow;0;Red;0;Evacuees to Transfer;
2821.24,586,evacuee,outES,Evacuee 228 in triage category G is not assigned a helicopter
2821.24,586,evacuee,,Evacuee;228;in triage state;Y;is at the evacuation site
2823.29,3,evacueeManager,,OFF SHIP: White;0;Green;170;Yellow;40;Red;6;Black;284;ON SHIP: White;0;Green;0;Yellow;0;Red;0;Evacuees to Transfer;
2823.29,946,evacuee,outES,Evacuee 38 in triage category G is not assigned a helicopter
2823.29,946,evacuee,,Evacuee;38;in triage state;Y;is at the evacuation site
2823.38,3,evacueeManager,,OFF SHIP: White;0;Green;170;Yellow;40;Red;5;Black;285;ON SHIP: White;0;Green;0;Yellow;0;Red;0;Evacuees to Transfer;
2823.38,1227,evacuee,outES,Evacuee 143 in triage category R is not assigned a helicopter
2823.38,1227,evacuee,,Evacuee;143;in triage state;B;is at the evacuation site
2835.87,3,evacueeManager,,OFF SHIP: White;0;Green;170;Yellow;39;Red;6;Black;285;ON SHIP: White;0;Green;0;Yellow;0;Red;0;Evacuees to Transfer;
2835.87,1524,evacuee,outES,Evacuee 257 in triage category Y is not assigned a helicopter
2835.87,1524,evacuee,,Evacuee;257;in triage state;R;is at the evacuation site
2838.57,3,evacueeManager,,OFF SHIP: White;0;Green;169;Yellow;40;Red;6;Black;285;ON SHIP: White;0;Green;0;Yellow;0;Red;0;Evacuees to Transfer;
2838.57,1090,evacuee,outES,Evacuee 336 in triage category G is not assigned a helicopter
2838.57,1090,evacuee,,Evacuee;336;in triage state;Y;is at the evacuation site
2839.5,3,evacueeManager,,OFF SHIP: White;0;Green;169;Yellow;39;Red;7;Black;285;ON SHIP: White;0;Green;0;Yellow;0;Red;0;Evacuees to Transfer;
2839.5,586,evacuee,outES,Evacuee 228 in triage category Y is not assigned a helicopter
2839.5,586,evacuee,,Evacuee;228;in triage state;R;is at the evacuation site
2839.62,3,evacueeManager,,OFF SHIP: White;0;Green;169;Yellow;39;Red;6;Black;286;ON SHIP: White;0;Green;0;Yellow;0;Red;0;Evacuees to Transfer;
2839.62,1157,evacuee,outES,Evacuee 208 in triage category R is not assigned a helicopter
2839.62,1157,evacuee,,Evacuee;208;in triage state;B;is at the evacuation site
2840.19,3,evacueeManager,,OFF SHIP: White;0;Green;168;Yellow;40;Red;6;Black;286;ON SHIP: White;0;Green;0;Yellow;0;Red;0;Evacuees to Transfer;
2840.19,1166,evacuee,outES,Evacuee 261 in triage category G is not assigned a helicopter
2840.19,1166,evacuee,,Evacuee;261;in triage state;Y;is at the evacuation site
2850.99,3,evacueeManager,,OFF SHIP: White;0;Green;168;Yellow;39;Red;7;Black;286;ON SHIP: White;0;Green;0;Yellow;0;Red;0;Evacuees to Transfer;
2850.99,865,evacuee,outES,Evacuee 8 in triage category Y is not assigned a helicopter
2850.99,865,evacuee,,Evacuee;8;in triage state;R;is at the evacuation site
2854.95,3,evacueeManager,,OFF SHIP: White;0;Green;168;Yellow;39;Red;6;Black;287;ON SHIP: White;0;Green;0;Yellow;0;Red;0;Evacuees to Transfer;
2854.95,1236,evacuee,outES,Evacuee 151 in triage category R is not assigned a helicopter
2854.95,1236,evacuee,,Evacuee;151;in triage state;B;is at the evacuation site
2855.12,3,evacueeManager,,OFF SHIP: White;0;Green;167;Yellow;40;Red;6;Black;287;ON SHIP: White;0;Green;0;Yellow;0;Red;0;Evacuees to Transfer;
2855.12,1018,evacuee,outES,Evacuee 53 in triage category G is not assigned a helicopter
2855.12,1018,evacuee,,Evacuee;53;in triage state;Y;is at the evacuation site
2856.83,3,evacueeManager,,OFF SHIP: White;0;Green;167;Yellow;39;Red;7;Black;287;ON SHIP: White;0;Green;0;Yellow;0;Red;0;Evacuees to Transfer;
2856.83,658,evacuee,outES,Evacuee 79 in triage category Y is not assigned a helicopter
2856.83,658,evacuee,,Evacuee;79;in triage state;R;is at the evacuation site
2865,1133,helicopter,,Helicopter;2;Is going to the evacuation site;;and has;0;spots taken
2868.01,3,evacueeManager,,OFF SHIP: White;0;Green;167;Yellow;38;Red;8;Black;287;ON SHIP: White;0;Green;0;Yellow;0;Red;0;Evacuees to Transfer;
2868.01,1051,evacuee,outES,Evacuee 429 in triage category Y is not assigned a helicopter
2868.01,1051,evacuee,,Evacuee;429;in triage state;R;is at the evacuation site
2872.51,3,evacueeManager,,OFF SHIP: White;0;Green;167;Yellow;38;Red;7;Black;288;ON SHIP: White;0;Green;0;Yellow;0;Red;0;Evacuees to Transfer;
2872.51,1521,evacuee,outES,Evacuee 254 in triage category R is not assigned a helicopter
2872.51,1521,evacuee,,Evacuee;254;in triage state;B;is at the evacuation site
2873.85,3,evacueeManager,,OFF SHIP: White;0;Green;166;Yellow;39;Red;7;Black;288;ON SHIP: White;0;Green;0;Yellow;0;Red;0;Evacuees to Transfer;
2873.85,1314,evacuee,outES,Evacuee 171 in triage category G is not assigned a helicopter
2873.85,1314,evacuee,,Evacuee;171;in triage state;Y;is at the evacuation site
2876.52,3,evacueeManager,,OFF SHIP: White;0;Green;166;Yellow;38;Red;8;Black;288;ON SHIP: White;0;Green;0;Yellow;0;Red;0;Evacuees to Transfer;
2876.52,507,evacuee,outES,Evacuee 118 in triage category Y is not assigned a helicopter
2876.52,507,evacuee,,Evacuee;118;in triage state;R;is at the evacuation site
2879.12,3,evacueeManager,,OFF SHIP: White;0;Green;166;Yellow;37;Red;9;Black;288;ON SHIP: White;0;Green;0;Yellow;0;Red;0;Evacuees to Transfer;
2879.12,799,evacuee,outES,Evacuee 133 in triage category Y is not assigned a helicopter
2879.12,799,evacuee,,Evacuee;133;in triage state;R;is at the evacuation site
2880,5,helicopterQueue,,1;Helos are waiting to land;HeloID;1
2880,1173,helicopter,outES,Helicopter 1 is evacuating people1
2880,1173,helicopter,,Helicopter;1;is waiting to land at the evacuation site;;and has;0;spots taken
2880,4,helipadManager,,;No helos are at ES
2880,5,helicopterQueue,outHM,Helicopter 1 is evacuating people1
2880,5,helicopterQueue,outHelo,Helicopter 1 is evacuating people1
2880,5,helicopterQueue,,;No helos are waiting to land
2880,8,filterES,,
2880,108,filterES,,
2880,293,filterES,,
2880,573,filterES,,
2880,1132,filterES,,
2880,1172,filterES,,Helicopter;1;is evacuating people
2880,3,evacueeManager,,OFF SHIP: White;0;Green;156;Yellow;37;Red;9;Black;288;ON SHIP: White;0;Green;0;Yellow;0;Red;0;Evacuees to Transfer;;EvacueeID;4;HeloID;1;OnShip;0;Triage Status;G;EvacueeID;7;HeloID;1;OnShip;0;Triage Status;G;EvacueeID;10;HeloID;1;OnShip;0;Triage Status;G;EvacueeID;11;HeloID;1;OnShip;0;Triage Status;G;EvacueeID;13;HeloID;1;OnShip;0;Triage Status;G;EvacueeID;14;HeloID;1;OnShip;0;Triage Status;G;EvacueeID;15;HeloID;1;OnShip;0;Triage Status;G;EvacueeID;17;HeloID;1;OnShip;0;Triage Status;G;EvacueeID;18;HeloID;1;OnShip;0;Triage Status;G;EvacueeID;19;HeloID;1;OnShip;0;Triage Status;G
2880,4,helipadManager,outEM,Helicopter 1 is evacuating people1
2880,4,helipadManager,,Helo;1;is at the ES
2880,1172,filterES,out,Helicopter 1 is evacuating people1
2880,1172,filterES,,
2880,1173,helicopter,,Helicopter;1;is waiting to land at the evacuation site;;and has;0;spots taken
2880,3,evacueeManager,outEvac,Evacuee 4 in triage category G is assigned helicopter 1
2880,3,evacueeManager,outEvac,Evacuee 7 in triage category G is assigned helicopter 1
2880,3,evacueeManager,outEvac,Evacuee 10 in triage category G is assigned helicopter 1
2880,3,evacueeManager,outEvac,Evacuee 11 in triage category G is assigned helicopter 1
2880,3,evacueeManager,outEvac,Evacuee 13 in triage category G is assigned helicopter 1
2880,3,evacueeManager,outEvac,Evacuee 14 in triage category G is assigned helicopter 1
2880,3,evacueeManager,outEvac,Evacuee 15 in triage category G is assigned helicopter 1
2880,3,evacueeManager,outEvac,Evacuee 17 in triage category G is assigned helicopter 1
2880,3,evacueeManager,outEvac,Evacuee 18 in triage category G is assigned helicopter 1
2880,3,evacueeManager,outEvac,Evacuee 19 in triage category G is assigned helicopter 1
2880,3,evacueeManager,,OFF SHIP: White;0;Green;156;Yellow;37;Red;9;Black;288;ON SHIP: White;0;Green;0;Yellow;0;Red;0;Evacuees to Transfer;
2880,11,filterLoc,,
2880,14,filterLoc,,
2880,17,filterLoc,,
2880,20,filterLoc,,
2880,23,filterLoc,,
2880,26,filterLoc,,
2880,29,filterLoc,,
2880,32,filterLoc,,
2880,35,filterLoc,,
2880,38,filterLoc,,
2880,41,filterLoc,,
2880,44,filterLoc,,
2880,47,filterLoc,,
2880,50,filterLoc,,
2880,53,filterLoc,,
2880,56,filterLoc,,
2880,59,filterLoc,,
2880,62,filterLoc,,
2880,65,filterLoc,,
2880,68,filterLoc,,
2880,71,filterLoc,,
2880,74,filterLoc,,
2880,77,filterLoc,,
2880,80,filterLoc,,
2880,83,filterLoc,,
2880,86,filterLoc,,
2880,89,filterLoc,,
2880,92,filterLoc,,
2880,95,filterLoc,,
2880,98,filterLoc,,
2880,101,filterLoc,,
2880,104,filterLoc,,
2880,111,filterLoc,,
2880,114,filterLoc,,
2880,117,filterLoc,,
2880,120,filterLoc,,
2880,123,filterLoc,,
2880,126,filterLoc,,
2880,129,filterLoc,,
2880,132,filterLoc,,
2880,135,filterLoc,,
2880,138,filterLoc,,
2880,141,filterLoc,,
2880,144,filterLoc,,
2880,147,filterLoc,,
2880,150,filterLoc,,
2880,153,filterLoc,,
2880,156,filterLoc,,
2880,159,filterLoc,,
2880,162,filterLoc,,
2880,165,filterLoc,,
2880,168,filterLoc,,
2880,171,filterLoc,,
2880,174,filterLoc,,
2880,177,filterLoc,,
2880,180,filterLoc,,
2880,183,filterLoc,,
2880,186,filterLoc,,
2880,189,filterLoc,,
2880,192,filterLoc,,
2880,195,filterLoc,,
2880,198,filterLoc,,
2880,201,filterLoc,,
2880,204,filterLoc,,
2880,207,filterLoc,,
2880,210,filterLoc,,
2880,213,filterLoc,,
2880,216,filterLoc,,
2880,219,filterLoc,,
2880,222,filterLoc,,
2880,225,filterLoc,,
2880,229,filterLoc,,
2880,232,filterLoc,,
2880,235,filterLoc,,
2880,238,filterLoc,,
2880,241,filterLoc,,
2880,244,filterLoc,,
2880,247,filterLoc,,
2880,250,filterLoc,,
2880,253,filterLoc,,
2880,256,filterLoc,,
2880,259,filterLoc,,
2880,262,filterLoc,,
2880,265,filterLoc,,
2880,268,filterLoc,,
2880,271,filterLoc,,
2880,274,filterLoc,,
2880,277,filterLoc,,
2880,280,filterLoc,,
2880,283,filterLoc,,
2880,286,filterLoc,,
2880,289,filterLoc,,
2880,296,filterLoc,,
2880,299,filterLoc,,
2880,302,filterLoc,,
2880,305,filterLoc,,
2880,308,filterLoc,,
2880,311,filterLoc,,
2880,314,filterLoc,,
2880,317,filterLoc,,
2880,320,filterLoc,,
2880,323,filterLoc,,
2880,326,filterLoc,,
2880,329,filterLoc,,
2880,332,filterLoc,,
2880,335,filterLoc,,
2880,338,filterLoc,,
2880,341,filterLoc,,
2880,344,filterLoc,,
2880,347,filterLoc,,
2880,350,filterLoc,,
2880,353,filterLoc,,
2880,356,filterLoc,,
2880,359,filterLoc,,
2880,362,filterLoc,,
2880,365,filterLoc,,
2880,368,filterLoc,,
2880,371,filterLoc,,
2880,374,filterLoc,,
2880,377,filterLoc,,
2880,380,filterLoc,,
2880,383,filterLoc,,
2880,386,filterLoc,,
2880,389,filterLoc,,
2880,392,filterLoc,,
2880,395,filterLoc,,
2880,398,filterLoc,,
2880,401,filterLoc,,
2880,404,filterLoc,,
2880,407,filterLoc,,
2880,410,filterLoc,,
2880,413,filterLoc,,
2880,416,filterLoc,,
2880,419,filterLoc,,
2880,422,filterLoc,,
2880,425,filterLoc,,
2880,428,filterLoc,,
2880,431,filterLoc,,
2880,434,filterLoc,,
2880,437,filterLoc,,
2880,440,filterLoc,,
2880,443,filterLoc,,
2880,446,filterLoc,,
2880,449,filterLoc,,
2880,452,filterLoc,,
2880,455,filterLoc,,
2880,458,filterLoc,,
2880,461,filterLoc,,
2880,464,filterLoc,,
2880,467,filterLoc,,
2880,470,filterLoc,,
2880,473,filterLoc,,
2880,476,filterLoc,,
2880,479,filterLoc,,
2880,482,filterLoc,,
2880,485,filterLoc,,
2880,488,filterLoc,,
2880,491,filterLoc,,
2880,494,filterLoc,,
2880,497,filterLoc,,
2880,500,filterLoc,,
2880,503,filterLoc,,
2880,506,filterLoc,,
2880,509,filterLoc,,
2880,512,filterLoc,,
2880,515,filterLoc,,
2880,518,filterLoc,,
2880,521,filterLoc,,
2880,524,filterLoc,,
2880,527,filterLoc,,
2880,530,filterLoc,,
2880,533,filterLoc,,
2880,536,filterLoc,,
2880,539,filterLoc,,
2880,542,filterLoc,,
2880,545,filterLoc,,
2880,548,filterLoc,,
2880,551,filterLoc,,
2880,554,filterLoc,,
2880,557,filterLoc,,
2880,560,filterLoc,,
2880,563,filterLoc,,
2880,566,filterLoc,,
2880,569,filterLoc,,
2880,576,filterLoc,,
2880,579,filterLoc,,
2880,582,filterLoc,,
2880,585,filterLoc,,
2880,588,filterLoc,,
2880,591,filterLoc,,
2880,594,filterLoc,,
2880,597,filterLoc,,
2880,600,filterLoc,,
2880,603,filterLoc,,
2880,606,filterLoc,,
2880,609,filterLoc,,
2880,612,filterLoc,,
2880,615,filterLoc,,
2880,618,filterLoc,,
2880,621,filterLoc,,
2880,624,filterLoc,,
2880,627,filterLoc,,
2880,630,filterLoc,,
2880,633,filterLoc,,
2880,636,filterLoc,,
2880,639,filterLoc,,
2880,642,filterLoc,,
2880,645,filterLoc,,
2880,648,filterLoc,,
2880,651,filterLoc,,
2880,654,filterLoc,,
2880,657,filterLoc,,
2880,660,filterLoc,,
2880,663,filterLoc,,
2880,666,filterLoc,,
2880,669,filterLoc,,
2880,672,filterLoc,,
2880,675,filterLoc,,
2880,678,filterLoc,,
2880,681,filterLoc,,
2880,684,filterLoc,,
2880,687,filterLoc,,
2880,690,filterLoc,,
2880,693,filterLoc,,
2880,696,filterLoc,,
2880,699,filterLoc,,
2880,702,filterLoc,,
2880,705,filterLoc,,
2880,708,filterLoc,,
2880,711,filterLoc,,
2880,714,filterLoc,,
2880,717,filterLoc,,
2880,720,filterLoc,,
2880,723,filterLoc,,
2880,726,filterLoc,,
2880,729,filterLoc,,
2880,732,filterLoc,,;Evacuee;15;in triage category;G;is entering helicopter;1
2880,735,filterLoc,,
2880,738,filterLoc,,;Evacuee;17;in triage category;G;is entering helicopter;1
2880,741,filterLoc,,
2880,744,filterLoc,,
2880,747,filterLoc,,
2880,750,filterLoc,,
2880,753,filterLoc,,;Evacuee;14;in triage category;G;is entering helicopter;1
2880,756,filterLoc,,
2880,759,filterLoc,,
2880,762,filterLoc,,
2880,765,filterLoc,,
2880,768,filterLoc,,
2880,771,filterLoc,,
2880,774,filterLoc,,
2880,777,filterLoc,,
2880,780,filterLoc,,
2880,783,filterLoc,,
2880,786,filterLoc,,
2880,789,filterLoc,,
2880,792,filterLoc,,
2880,795,filterLoc,,
2880,798,filterLoc,,
2880,801,filterLoc,,
2880,804,filterLoc,,
2880,807,filterLoc,,
2880,810,filterLoc,,
2880,813,filterLoc,,
2880,816,filterLoc,,
2880,819,filterLoc,,
2880,822,filterLoc,,
2880,825,filterLoc,,
2880,828,filterLoc,,
2880,831,filterLoc,,
2880,834,filterLoc,,
2880,837,filterLoc,,
2880,840,filterLoc,,
2880,843,filterLoc,,
2880,846,filterLoc,,
2880,849,filterLoc,,
2880,852,filterLoc,,
2880,855,filterLoc,,
2880,858,filterLoc,,
2880,861,filterLoc,,
2880,864,filterLoc,,
2880,867,filterLoc,,
2880,870,filterLoc,,
2880,873,filterLoc,,
2880,876,filterLoc,,
2880,879,filterLoc,,
2880,882,filterLoc,,
2880,885,filterLoc,,
2880,888,filterLoc,,;Evacuee;4;in triage category;G;is entering helicopter;1
2880,891,filterLoc,,;Evacuee;18;in triage category;G;is entering helicopter;1
2880,894,filterLoc,,
2880,897,filterLoc,,
2880,900,filterLoc,,
2880,903,filterLoc,,
2880,906,filterLoc,,
2880,909,filterLoc,,
2880,912,filterLoc,,
2880,915,filterLoc,,
2880,918,filterLoc,,
2880,921,filterLoc,,
2880,924,filterLoc,,
2880,927,filterLoc,,
2880,930,filterLoc,,
2880,933,filterLoc,,
2880,936,filterLoc,,
2880,939,filterLoc,,
2880,942,filterLoc,,
2880,945,filterLoc,,
2880,948,filterLoc,,;Evacuee;10;in triage category;G;is entering helicopter;1
2880,951,filterLoc,,
2880,954,filterLoc,,
2880,957,filterLoc,,
2880,960,filterLoc,,
2880,963,filterLoc,,
2880,966,filterLoc,,
2880,969,filterLoc,,
2880,972,filterLoc,,
2880,975,filterLoc,,
2880,978,filterLoc,,
2880,981,filterLoc,,
2880,984,filterLoc,,
2880,987,filterLoc,,
2880,990,filterLoc,,
2880,993,filterLoc,,
2880,996,filterLoc,,
2880,999,filterLoc,,
2880,1002,filterLoc,,
2880,1005,filterLoc,,
2880,1008,filterLoc,,
2880,1011,filterLoc,,
2880,1014,filterLoc,,
2880,1017,filterLoc,,
2880,1020,filterLoc,,
2880,1023,filterLoc,,
2880,1026,filterLoc,,
2880,1029,filterLoc,,
2880,1032,filterLoc,,
2880,1035,filterLoc,,;Evacuee;13;in triage category;G;is entering helicopter;1
2880,1038,filterLoc,,
2880,1041,filterLoc,,
2880,1044,filterLoc,,
2880,1047,filterLoc,,
2880,1050,filterLoc,,
2880,1053,filterLoc,,
2880,1056,filterLoc,,
2880,1059,filterLoc,,
2880,1062,filterLoc,,
2880,1065,filterLoc,,
2880,1068,filterLoc,,
2880,1071,filterLoc,,
2880,1074,filterLoc,,
2880,1077,filterLoc,,
2880,1080,filterLoc,,
2880,1083,filterLoc,,
2880,1086,filterLoc,,
2880,1089,filterLoc,,
2880,1092,filterLoc,,
2880,1095,filterLoc,,
2880,1098,filterLoc,,
2880,1101,filterLoc,,
2880,1104,filterLoc,,
2880,1107,filterLoc,,
2880,1110,filterLoc,,
2880,1113,filterLoc,,
2880,1116,filterLoc,,;Evacuee;19;in triage category;G;is entering helicopter;1
2880,1119,filterLoc,,
2880,1122,filterLoc,,
2880,1125,filterLoc,,
2880,1128,filterLoc,,
2880,1135,filterLoc,,
2880,1138,filterLoc,,
2880,1141,filterLoc,,
2880,1144,filterLoc,,
2880,1147,filterLoc,,
2880,1150,filterLoc,,
2880,1153,filterLoc,,
2880,1156,filterLoc,,
2880,1159,filterLoc,,
2880,1162,filterLoc,,
2880,1165,filterLoc,,
2880,1168,filterLoc,,
2880,1173,helicopter,,Helicopter;1;is loading people at the evacuation site;;and has;0;spots taken
2880,1175,filterLoc,,
2880,1178,filterLoc,,
2880,1181,filterLoc,,
2880,1184,filterLoc,,
2880,1187,filterLoc,,
2880,1190,filterLoc,,
2880,1193,filterLoc,,
2880,1196,filterLoc,,
2880,1199,filterLoc,,
2880,1202,filterLoc,,
2880,1205,filterLoc,,
2880,1208,filterLoc,,
2880,1211,filterLoc,,
2880,1214,filterLoc,,
2880,1217,filterLoc,,
2880,1220,filterLoc,,
2880,1223,filterLoc,,
2880,1226,filterLoc,,
2880,1229,filterLoc,,
2880,1232,filterLoc,,
2880,1235,filterLoc,,
2880,1238,filterLoc,,
2880,1241,filterLoc,,
2880,1244,filterLoc,,
2880,1247,filterLoc,,
2880,1250,filterLoc,,
2880,1253,filterLoc,,
2880,1256,filterLoc,,
2880,1259,filterLoc,,
2880,1262,filterLoc,,
2880,1265,filterLoc,,
2880,1268,filterLoc,,
2880,1271,filterLoc,,
2880,1274,filterLoc,,
2880,1277,filterLoc,,
2880,1280,filterLoc,,
2880,1283,filterLoc,,
2880,1286,filterLoc,,
2880,1289,filterLoc,,
2880,1292,filterLoc,,
2880,1295,filterLoc,,
2880,1298,filterLoc,,
2880,1301,filterLoc,,
2880,1304,filterLoc,,
2880,1307,filterLoc,,
2880,1310,filterLoc,,
2880,1313,filterLoc,,
2880,1316,filterLoc,,
2880,1319,filterLoc,,
2880,1322,filterLoc,,
2880,1325,filterLoc,,
2880,1328,filterLoc,,
2880,1331,filterLoc,,
2880,1334,filterLoc,,
2880,1337,filterLoc,,
2880,1340,filterLoc,,
2880,1343,filterLoc,,
2880,1346,filterLoc,,
2880,1349,filterLoc,,
2880,1352,filterLoc,,
2880,1355,filterLoc,,
2880,1358,filterLoc,,
2880,1361,filterLoc,,
2880,1364,filterLoc,,
2880,1367,filterLoc,,
2880,1370,filterLoc,,
2880,1373,filterLoc,,
2880,1376,filterLoc,,
2880,1379,filterLoc,,
2880,1382,filterLoc,,
2880,1385,filterLoc,,
2880,1388,filterLoc,,
2880,1391,filterLoc,,;Evacuee;11;in triage category;G;is entering helicopter;1
2880,1394,filterLoc,,
2880,1397,filterLoc,,
2880,1400,filterLoc,,
2880,1403,filterLoc,,
2880,1406,filterLoc,,
2880,1409,filterLoc,,
2880,1412,filterLoc,,
2880,1415,filterLoc,,
2880,1418,filterLoc,,
2880,1421,filterLoc,,
2880,1424,filterLoc,,
2880,1427,filterLoc,,
2880,1430,filterLoc,,
2880,1433,filterLoc,,
2880,1436,filterLoc,,
2880,1439,filterLoc,,
2880,1442,filterLoc,,
2880,1445,filterLoc,,
2880,1448,filterLoc,,
2880,1451,filterLoc,,
2880,1454,filterLoc,,
2880,1457,filterLoc,,
2880,1460,filterLoc,,
2880,1463,filterLoc,,
2880,1466,filterLoc,,
2880,1469,filterLoc,,
2880,1472,filterLoc,,
2880,1475,filterLoc,,
2880,1478,filterLoc,,
2880,1481,filterLoc,,;Evacuee;7;in triage category;G;is entering helicopter;1
2880,1484,filterLoc,,
2880,1487,filterLoc,,
2880,1490,filterLoc,,
2880,1493,filterLoc,,
2880,1496,filterLoc,,
2880,1499,filterLoc,,
2880,1502,filterLoc,,
2880,1505,filterLoc,,
2880,1508,filterLoc,,
2880,1511,filterLoc,,
2880,1514,filterLoc,,
2880,1517,filterLoc,,
2880,1520,filterLoc,,
2880,1523,filterLoc,,
2880,1526,filterLoc,,
2880,1529,filterLoc,,
2880,732,filterLoc,out,Evacuee 15 in triage category G is assigned helicopter 1
2880,732,filterLoc,,
2880,733,evacuee,,Evacuee;15;in triage state;G;is entering helicopter;1
2880,738,filterLoc,out,Evacuee 17 in triage category G is assigned helicopter 1
2880,738,filterLoc,,
2880,739,evacuee,,Evacuee;17;in triage state;G;is entering helicopter;1
2880,753,filterLoc,out,Evacuee 14 in triage category G is assigned helicopter 1
2880,753,filterLoc,,
2880,754,evacuee,,Evacuee;14;in triage state;G;is entering helicopter;1
2880,888,filterLoc,out,Evacuee 4 in triage category G is assigned helicopter 1
2880,888,filterLoc,,
2880,889,evacuee,,Evacuee;4;in triage state;G;is entering helicopter;1
2880,891,filterLoc,out,Evacuee 18 in triage category G is assigned helicopter 1
2880,891,filterLoc,,
2880,892,evacuee,,Evacuee;18;in triage state;G;is entering helicopter;1
2880,948,filterLoc,out,Evacuee 10 in triage category G is assigned helicopter 1
2880,948,filterLoc,,
2880,949,evacuee,,Evacuee;10;in triage state;G;is entering helicopter;1
2880,1035,filterLoc,out,Evacuee 13 in triage category G is assigned helicopter 1
2880,1035,filterLoc,,
2880,1036,evacuee,,Evacuee;13;in triage state;G;is entering helicopter;1
2880,1116,filterLoc,out,Evacuee 19 in triage category G is assigned helicopter 1
2880,1116,filterLoc,,
2880,1117,evacuee,,Evacuee;19;in triage state;G;is entering helicopter;1
2880,1391,filterLoc,out,Evacuee 11 in triage category G is assigned helicopter 1
2880,1391,filterLoc,,
2880,1392,evacuee,,Evacuee;11;in triage state;G;is entering helicopter;1
2880,1481,filterLoc,out,Evacuee 7 in triage category G is assigned helicopter 1
2880,1481,filterLoc,,
2880,1482,evacuee,,Evacuee;7;in triage state;G;is entering helicopter;1
2880,7,filterEvac,,
2880,107,filterEvac,,
2880,292,filterEvac,,
2880,572,filterEvac,,
2880,733,evacuee,outHelo,Evacuee 15 in triage category G is assigned helicopter 1
2880,733,evacuee,,Evacuee;15;in triage state;G;is in helicopter;1
2880,739,evacuee,outHelo,Evacuee 17 in triage category G is assigned helicopter 1
2880,739,evacuee,,Evacuee;17;in triage state;G;is in helicopter;1
2880,754,evacuee,outHelo,Evacuee 14 in triage category G is assigned helicopter 1
2880,754,evacuee,,Evacuee;14;in triage state;G;is in helicopter;1
2880,889,evacuee,outHelo,Evacuee 4 in triage category G is assigned helicopter 1
2880,889,evacuee,,Evacuee;4;in triage state;G;is in helicopter;1
2880,892,evacuee,outHelo,Evacuee 18 in triage category G is assigned helicopter 1
2880,892,evacuee,,Evacuee;18;in triage state;G;is in helicopter;1
2880,949,evacuee,outHelo,Evacuee 10 in triage category G is assigned helicopter 1
2880,949,evacuee,,Evacuee;10;in triage state;G;is in helicopter;1
2880,1036,evacuee,outHelo,Evacuee 13 in triage category G is assigned helicopter 1
2880,1036,evacuee,,Evacuee;13;in triage state;G;is in helicopter;1
2880,1117,evacuee,outHelo,Evacuee 19 in triage category G is assigned helicopter 1
2880,1117,evacuee,,Evacuee;19;in triage state;G;is in helicopter;1
2880,1131,filterEvac,,
2880,1171,filterEvac,,;Evacuee;4;in triage category;G;is entering helicopter;1;Evacuee;7;in triage category;G;is entering helicopter;1;Evacuee;10;in triage category;G;is entering helicopter;1;Evacuee;11;in triage category;G;is entering helicopter;1;Evacuee;13;in triage category;G;is entering helicopter;1;Evacuee;14;in triage category;G;is entering helicopter;1;Evacuee;15;in triage category;G;is entering helicopter;1;Evacuee;17;in triage category;G;is entering helicopter;1;Evacuee;18;in triage category;G;is entering helicopter;1;Evacuee;19;in triage category;G;is entering helicopter;1
2880,1392,evacuee,outHelo,Evacuee 11 in triage category G is assigned helicopter 1
2880,1392,evacuee,,Evacuee;11;in triage state;G;is in helicopter;1
2880,1482,evacuee,outHelo,Evacuee 7 in triage category G is assigned helicopter 1
2880,1482,evacuee,,Evacuee;7;in triage state;G;is in helicopter;1
2880,1171,filterEvac,out,Evacuee 4 in triage category G is assigned helicopter 1
2880,1171,filterEvac,out,Evacuee 7 in triage category G is assigned helicopter 1
2880,1171,filterEvac,out,Evacuee 10 in triage category G is assigned helicopter 1
2880,1171,filterEvac,out,Evacuee 11 in triage category G is assigned helicopter 1
2880,1171,filterEvac,out,Evacuee 13 in triage category G is assigned helicopter 1
2880,1171,filterEvac,out,Evacuee 14 in triage category G is assigned helicopter 1
2880,1171,filterEvac,out,Evacuee 15 in triage category G is assigned helicopter 1
2880,1171,filterEvac,out,Evacuee 17 in triage category G is assigned helicopter 1
2880,1171,filterEvac,out,Evacuee 18 in triage category G is assigned helicopter 1
2880,1171,filterEvac,out,Evacuee 19 in triage category G is assigned helicopter 1
2880,1171,filterEvac,,
2880,1173,helicopter,,Helicopter;1;is loading people at the evacuation site;;and has;10;spots taken
2882.36,3,evacueeManager,,OFF SHIP: White;0;Green;155;Yellow;38;Red;9;Black;288;ON SHIP: White;0;Green;0;Yellow;0;Red;0;Evacuees to Transfer;
2882.36,874,evacuee,outES,Evacuee 256 in triage category G is not assigned a helicopter
2882.36,874,evacuee,,Evacuee;256;in triage state;Y;is at the evacuation site
2885.25,3,evacueeManager,,OFF SHIP: White;0;Green;155;Yellow;38;Red;8;Black;289;ON SHIP: White;0;Green;0;Yellow;0;Red;0;Evacuees to Transfer;
2885.25,865,evacuee,outES,Evacuee 8 in triage category R is not assigned a helicopter
2885.25,865,evacuee,,Evacuee;8;in triage state;B;is at the evacuation site
2889.24,3,evacueeManager,,OFF SHIP: White;0;Green;154;Yellow;39;Red;8;Black;289;ON SHIP: White;0;Green;0;Yellow;0;Red;0;Evacuees to Transfer;
2889.24,366,evacuee,outES,Evacuee 352 in triage category G is not assigned a helicopter
2889.24,366,evacuee,,Evacuee;352;in triage state;Y;is at the evacuation site
2892.38,3,evacueeManager,,OFF SHIP: White;0;Green;154;Yellow;38;Red;9;Black;289;ON SHIP: White;0;Green;0;Yellow;0;Red;0;Evacuees to Transfer;
2892.38,583,evacuee,outES,Evacuee 39 in triage category Y is not assigned a helicopter
2892.38,583,evacuee,,Evacuee;39;in triage state;R;is at the evacuation site
2895,4,helipadManager,outHelo,Helicopter 1 is evacuating people1
2895,4,helipadManager,,;No helos are at ES
2895,8,filterES,,
2895,108,filterES,,
2895,293,filterES,,
2895,573,filterES,,
2895,1132,filterES,,
2895,1172,filterES,,Helicopter;1;is evacuating people
2895,4,helipadManager,outHQ,0
2895,4,helipadManager,,;No helos are at ES
2895,5,helicopterQueue,,;No helos are waiting to land
2895,1172,filterES,out,Helicopter 1 is evacuating people1
2895,1172,filterES,,
2895,1173,helicopter,,Helicopter;1;is loading people at the evacuation site;;and has;10;spots taken
2895,5,helicopterQueue,,;No helos are waiting to land
2895,1173,helicopter,,Helicopter;1;is returning to the FOL;;and has;10;spots taken
2896.98,3,evacueeManager,,OFF SHIP: White;0;Green;154;Yellow;38;Red;8;Black;290;ON SHIP: White;0;Green;0;Yellow;0;Red;0;Evacuees to Transfer;
2896.98,363,evacuee,outES,Evacuee 295 in triage category R is not assigned a helicopter
2896.98,363,evacuee,,Evacuee;295;in triage state;B;is at the evacuation site
2897.37,3,evacueeManager,,OFF SHIP: White;0;Green;154;Yellow;38;Red;7;Black;291;ON SHIP: White;0;Green;0;Yellow;0;Red;0;Evacuees to Transfer;
2897.37,799,evacuee,outES,Evacuee 133 in triage category R is not assigned a helicopter
2897.37,799,evacuee,,Evacuee;133;in triage state;B;is at the evacuation site
2897.71,3,evacueeManager,,OFF SHIP: White;0;Green;154;Yellow;38;Red;6;Black;292;ON SHIP: White;0;Green;0;Yellow;0;Red;0;Evacuees to Transfer;
2897.71,583,evacuee,outES,Evacuee 39 in triage category R is not assigned a helicopter
2897.71,583,evacuee,,Evacuee;39;in triage state;B;is at the evacuation site
2906.21,3,evacueeManager,,OFF SHIP: White;0;Green;154;Yellow;38;Red;5;Black;293;ON SHIP: White;0;Green;0;Yellow;0;Red;0;Evacuees to Transfer;
2906.21,586,evacuee,outES,Evacuee 228 in triage category R is not assigned a helicopter
2906.21,586,evacuee,,Evacuee;228;in triage state;B;is at the evacuation site
2925,109,helicopter,,Helicopter;3;Is going to the evacuation site;;and has;0;spots taken
2927.73,3,evacueeManager,,OFF SHIP: White;0;Green;153;Yellow;39;Red;5;Black;293;ON SHIP: White;0;Green;0;Yellow;0;Red;0;Evacuees to Transfer;
2927.73,1242,evacuee,outES,Evacuee 152 in triage category G is not assigned a helicopter
2927.73,1242,evacuee,,Evacuee;152;in triage state;Y;is at the evacuation site
2936.6,3,evacueeManager,,OFF SHIP: White;0;Green;153;Yellow;38;Red;6;Black;293;ON SHIP: White;0;Green;0;Yellow;0;Red;0;Evacuees to Transfer;
2936.6,1371,evacuee,outES,Evacuee 195 in triage category Y is not assigned a helicopter
2936.6,1371,evacuee,,Evacuee;195;in triage state;R;is at the evacuation site
2940,5,helicopterQueue,,1;Helos are waiting to land;HeloID;2
2940,1133,helicopter,outES,Helicopter 2 is evacuating people2
2940,1133,helicopter,,Helicopter;2;is waiting to land at the evacuation site;;and has;0;spots taken
2940,4,helipadManager,,;No helos are at ES
2940,5,helicopterQueue,outHM,Helicopter 2 is evacuating people2
2940,5,helicopterQueue,outHelo,Helicopter 2 is evacuating people2
2940,5,helicopterQueue,,;No helos are waiting to land
2940,8,filterES,,
2940,108,filterES,,
2940,293,filterES,,
2940,573,filterES,,
2940,1132,filterES,,Helicopter;2;is evacuating people
2940,1172,filterES,,
2940,3,evacueeManager,,OFF SHIP: White;0;Green;143;Yellow;38;Red;6;Black;293;ON SHIP: White;0;Green;0;Yellow;0;Red;0;Evacuees to Transfer;;EvacueeID;23;HeloID;2;OnShip;0;Triage Status;G;EvacueeID;24;HeloID;2;OnShip;0;Triage Status;G;EvacueeID;26;HeloID;2;OnShip;0;Triage Status;G;EvacueeID;28;HeloID;2;OnShip;0;Triage Status;G;EvacueeID;29;HeloID;2;OnShip;0;Triage Status;G;EvacueeID;32;HeloID;2;OnShip;0;Triage Status;G;EvacueeID;37;HeloID;2;OnShip;0;Triage Status;G;EvacueeID;45;HeloID;2;OnShip;0;Triage Status;G;EvacueeID;48;HeloID;2;OnShip;0;Triage Status;G;EvacueeID;50;HeloID;2;OnShip;0;Triage Status;G
2940,4,helipadManager,outEM,Helicopter 2 is evacuating people2
2940,4,helipadManager,,Helo;2;is at the ES
2940,1132,filterES,out,Helicopter 2 is evacuating people2
2940,1132,filterES,,
2940,1133,helicopter,,Helicopter;2;is waiting to land at the evacuation site;;and has;0;spots taken
2940,3,evacueeManager,outEvac,Evacuee 23 in triage category G is assigned helicopter 2
2940,3,evacueeManager,outEvac,Evacuee 24 in triage category G is assigned helicopter 2
2940,3,evacueeManager,outEvac,Evacuee 26 in triage category G is assigned helicopter 2
2940,3,evacueeManager,outEvac,Evacuee 28 in triage category G is assigned helicopter 2
2940,3,evacueeManager,outEvac,Evacuee 29 in triage category G is assigned helicopter 2
2940,3,evacueeManager,outEvac,Evacuee 32 in triage category G is assigned helicopter 2
2940,3,evacueeManager,outEvac,Evacuee 37 in triage category G is assigned helicopter 2
2940,3,evacueeManager,outEvac,Evacuee 45 in triage category G is assigned helicopter 2
2940,3,evacueeManager,outEvac,Evacuee 48 in triage category G is assigned helicopter 2
2940,3,evacueeManager,outEvac,Evacuee 50 in triage category G is assigned helicopter 2
2940,3,evacueeManager,,OFF SHIP: White;0;Green;143;Yellow;38;Red;6;Black;293;ON SHIP: White;0;Green;0;Yellow;0;Red;0;Evacuees to Transfer;
2940,11,filterLoc,,
2940,14,filterLoc,,
2940,17,filterLoc,,
2940,20,filterLoc,,
2940,23,filterLoc,,
2940,26,filterLoc,,
2940,29,filterLoc,,
2940,32,filterLoc,,
2940,35,filterLoc,,
2940,38,filterLoc,,
2940,41,filterLoc,,
2940,44,filterLoc,,
2940,47,filterLoc,,
2940,50,filterLoc,,
2940,53,filterLoc,,
2940,56,filterLoc,,
2940,59,filterLoc,,
2940,62,filterLoc,,
2940,65,filterLoc,,
2940,68,filterLoc,,
2940,71,filterLoc,,
2940,74,filterLoc,,
2940,77,filterLoc,,
2940,80,filterLoc,,
2940,83,filterLoc,,
2940,86,filterLoc,,
2940,89,filterLoc,,
2940,92,filterLoc,,
2940,95,filterLoc,,
2940,98,filterLoc,,
2940,101,filterLoc,,
2940,104,filterLoc,,
2940,111,filterLoc,,
2940,114,filterLoc,,
2940,117,filterLoc,,
2940,120,filterLoc,,
2940,123,filterLoc,,
2940,126,filterLoc,,
2940,129,filterLoc,,
2940,132,filterLoc,,
2940,135,filterLoc,,
2940,138,filterLoc,,
2940,141,filterLoc,,
2940,144,filterLoc,,
2940,147,filterLoc,,
2940,150,filterLoc,,
2940,153,filterLoc,,
2940,156,filterLoc,,
2940,159,filterLoc,,
2940,162,filterLoc,,
2940,165,filterLoc,,
2940,168,filterLoc,,
2940,171,filterLoc,,
2940,174,filterLoc,,
2940,177,filterLoc,,
2940,180,filterLoc,,
2940,183,filterLoc,,
2940,186,filterLoc,,
2940,189,filterLoc,,
2940,192,filterLoc,,
2940,195,filterLoc,,
2940,198,filterLoc,,
2940,201,filterLoc,,
2940,204,filterLoc,,
2940,207,filterLoc,,
2940,210,filterLoc,,
2940,213,filterLoc,,
2940,216,filterLoc,,
2940,219,filterLoc,,
2940,222,filterLoc,,
2940,225,filterLoc,,
2940,229,filterLoc,,
2940,232,filterLoc,,
2940,235,filterLoc,,
2940,238,filterLoc,,
2940,241,filterLoc,,
2940,244,filterLoc,,
2940,247,filterLoc,,
2940,250,filterLoc,,
2940,253,filterLoc,,
2940,256,filterLoc,,
2940,259,filterLoc,,
2940,262,filterLoc,,
2940,265,filterLoc,,
2940,268,filterLoc,,
2940,271,filterLoc,,
2940,274,filterLoc,,
2940,277,filterLoc,,
2940,280,filterLoc,,
2940,283,filterLoc,,
2940,286,filterLoc,,
2940,289,filterLoc,,
2940,296,filterLoc,,
2940,299,filterLoc,,
2940,302,filterLoc,,
2940,305,filterLoc,,
2940,308,filterLoc,,
2940,311,filterLoc,,
2940,314,filterLoc,,
2940,317,filterLoc,,
2940,320,filterLoc,,
2940,323,filterLoc,,
2940,326,filterLoc,,
2940,329,filterLoc,,
2940,332,filterLoc,,
2940,335,filterLoc,,
2940,338,filterLoc,,
2940,341,filterLoc,,
2940,344,filterLoc,,
2940,347,filterLoc,,
2940,350,filterLoc,,
2940,353,filterLoc,,
2940,356,filterLoc,,
2940,359,filterLoc,,
2940,362,filterLoc,,
2940,365,filterLoc,,
2940,368,filterLoc,,
2940,371,filterLoc,,
2940,374,filterLoc,,
2940,377,filterLoc,,
2940,380,filterLoc,,
2940,383,filterLoc,,
2940,386,filterLoc,,
2940,389,filterLoc,,
2940,392,filterLoc,,
2940,395,filterLoc,,
2940,398,filterLoc,,
2940,401,filterLoc,,
2940,404,filterLoc,,
2940,407,filterLoc,,
2940,410,filterLoc,,
2940,413,filterLoc,,
2940,416,filterLoc,,
2940,419,filterLoc,,
2940,422,filterLoc,,
2940,425,filterLoc,,
2940,428,filterLoc,,
2940,431,filterLoc,,
2940,434,filterLoc,,
2940,437,filterLoc,,
2940,440,filterLoc,,
2940,443,filterLoc,,
2940,446,filterLoc,,
2940,449,filterLoc,,
2940,452,filterLoc,,
2940,455,filterLoc,,
2940,458,filterLoc,,
2940,461,filterLoc,,
2940,464,filterLoc,,
2940,467,filterLoc,,
2940,470,filterLoc,,
2940,473,filterLoc,,
2940,476,filterLoc,,
2940,479,filterLoc,,
2940,482,filterLoc,,
2940,485,filterLoc,,
2940,488,filterLoc,,
2940,491,filterLoc,,
2940,494,filterLoc,,
2940,497,filterLoc,,
2940,500,filterLoc,,
2940,503,filterLoc,,
2940,506,filterLoc,,
2940,509,filterLoc,,
2940,512,filterLoc,,
2940,515,filterLoc,,
2940,518,filterLoc,,
2940,521,filterLoc,,
2940,524,filterLoc,,
2940,527,filterLoc,,
2940,530,filterLoc,,
2940,533,filterLoc,,
2940,536,filterLoc,,
2940,539,filterLoc,,
2940,542,filterLoc,,
2940,545,filterLoc,,
2940,548,filterLoc,,
2940,551,filterLoc,,
2940,554,filterLoc,,
2940,557,filterLoc,,
2940,560,filterLoc,,
2940,563,filterLoc,,
2940,566,filterLoc,,
2940,569,filterLoc,,
2940,576,filterLoc,,
2940,579,filterLoc,,
2940,582,filterLoc,,
2940,585,filterLoc,,
2940,588,filterLoc,,
2940,591,filterLoc,,
2940,594,filterLoc,,
2940,597,filterLoc,,
2940,600,filterLoc,,
2940,603,filterLoc,,
2940,606,filterLoc,,
2940,609,filterLoc,,
2940,612,filterLoc,,
2940,615,filterLoc,,
2940,618,filterLoc,,
2940,621,filterLoc,,
2940,624,filterLoc,,
2940,627,filterLoc,,
2940,630,filterLoc,,
2940,633,filterLoc,,
2940,636,filterLoc,,
2940,639,filterLoc,,
2940,642,filterLoc,,
2940,645,filterLoc,,
2940,648,filterLoc,,
2940,651,filterLoc,,
2940,654,filterLoc,,
2940,657,filterLoc,,
2940,660,filterLoc,,
2940,663,filterLoc,,
2940,666,filterLoc,,
2940,669,filterLoc,,
2940,672,filterLoc,,
2940,675,filterLoc,,
2940,678,filterLoc,,
2940,681,filterLoc,,
2940,684,filterLoc,,
2940,687,filterLoc,,
2940,690,filterLoc,,
2940,693,filterLoc,,
2940,696,filterLoc,,
2940,699,filterLoc,,
2940,702,filterLoc,,
2940,705,filterLoc,,
2940,708,filterLoc,,
2940,711,filterLoc,,
2940,714,filterLoc,,
2940,717,filterLoc,,
2940,720,filterLoc,,
2940,723,filterLoc,,
2940,726,filterLoc,,
2940,729,filterLoc,,
2940,732,filterLoc,,
2940,735,filterLoc,,
2940,738,filterLoc,,
2940,741,filterLoc,,
2940,744,filterLoc,,
2940,747,filterLoc,,
2940,750,filterLoc,,
2940,753,filterLoc,,
2940,756,filterLoc,,
2940,759,filterLoc,,
2940,762,filterLoc,,
2940,765,filterLoc,,
2940,768,filterLoc,,
2940,771,filterLoc,,
2940,774,filterLoc,,
2940,777,filterLoc,,
2940,780,filterLoc,,
2940,783,filterLoc,,
2940,786,filterLoc,,
2940,789,filterLoc,,
2940,792,filterLoc,,
2940,795,filterLoc,,
2940,798,filterLoc,,
2940,801,filterLoc,,
2940,804,filterLoc,,
2940,807,filterLoc,,
2940,810,filterLoc,,
2940,813,filterLoc,,
2940,816,filterLoc,,;Evacuee;29;in triage category;G;is entering helicopter;2
2940,819,filterLoc,,
2940,822,filterLoc,,
2940,825,filterLoc,,
2940,828,filterLoc,,
2940,831,filterLoc,,
2940,834,filterLoc,,
2940,837,filterLoc,,
2940,840,filterLoc,,
2940,843,filterLoc,,
2940,846,filterLoc,,
2940,849,filterLoc,,
2940,852,filterLoc,,
2940,855,filterLoc,,
2940,858,filterLoc,,
2940,861,filterLoc,,
2940,864,filterLoc,,
2940,867,filterLoc,,
2940,870,filterLoc,,
2940,873,filterLoc,,
2940,876,filterLoc,,
2940,879,filterLoc,,
2940,882,filterLoc,,
2940,885,filterLoc,,
2940,888,filterLoc,,
2940,891,filterLoc,,
2940,894,filterLoc,,
2940,897,filterLoc,,
2940,900,filterLoc,,
2940,903,filterLoc,,
2940,906,filterLoc,,
2940,909,filterLoc,,
2940,912,filterLoc,,
2940,915,filterLoc,,
2940,918,filterLoc,,
2940,921,filterLoc,,
2940,924,filterLoc,,
2940,927,filterLoc,,
2940,930,filterLoc,,
2940,933,filterLoc,,
2940,936,filterLoc,,
2940,939,filterLoc,,
2940,942,filterLoc,,
2940,945,filterLoc,,
2940,948,filterLoc,,
2940,951,filterLoc,,;Evacuee;26;in triage category;G;is entering helicopter;2
2940,954,filterLoc,,
2940,957,filterLoc,,
2940,960,filterLoc,,
2940,963,filterLoc,,
2940,966,filterLoc,,;Evacuee;37;in triage category;G;is entering helicopter;2
2940,969,filterLoc,,
2940,972,filterLoc,,
2940,975,filterLoc,,
2940,978,filterLoc,,
2940,981,filterLoc,,
2940,984,filterLoc,,
2940,987,filterLoc,,
2940,990,filterLoc,,
2940,993,filterLoc,,
2940,996,filterLoc,,
2940,999,filterLoc,,
2940,1002,filterLoc,,
2940,1005,filterLoc,,
2940,1008,filterLoc,,
2940,1011,filterLoc,,
2940,1014,filterLoc,,
2940,1017,filterLoc,,
2940,1020,filterLoc,,
2940,1023,filterLoc,,
2940,1026,filterLoc,,;Evacuee;23;in triage category;G;is entering helicopter;2
2940,1029,filterLoc,,
2940,1032,filterLoc,,
2940,1035,filterLoc,,
2940,1038,filterLoc,,;Evacuee;24;in triage category;G;is entering helicopter;2
2940,1041,filterLoc,,;Evacuee;32;in triage category;G;is entering helicopter;2
2940,1044,filterLoc,,
2940,1047,filterLoc,,
2940,1050,filterLoc,,
2940,1053,filterLoc,,
2940,1056,filterLoc,,
2940,1059,filterLoc,,
2940,1062,filterLoc,,
2940,1065,filterLoc,,
2940,1068,filterLoc,,
2940,1071,filterLoc,,
2940,1074,filterLoc,,
2940,1077,filterLoc,,
2940,1080,filterLoc,,
2940,1083,filterLoc,,
2940,1086,filterLoc,,
2940,1089,filterLoc,,
2940,1092,filterLoc,,
2940,1095,filterLoc,,
2940,1098,filterLoc,,
2940,1101,filterLoc,,
2940,1104,filterLoc,,
2940,1107,filterLoc,,;Evacuee;48;in triage category;G;is entering helicopter;2
2940,1110,filterLoc,,
2940,1113,filterLoc,,;Evacuee;50;in triage category;G;is entering helicopter;2
2940,1116,filterLoc,,
2940,1119,filterLoc,,
2940,1122,filterLoc,,
2940,1125,filterLoc,,
2940,1128,filterLoc,,
2940,1133,helicopter,,Helicopter;2;is loading people at the evacuation site;;and has;0;spots taken
2940,1135,filterLoc,,
2940,1138,filterLoc,,
2940,1141,filterLoc,,
2940,1144,filterLoc,,
2940,1147,filterLoc,,
2940,1150,filterLoc,,
2940,1153,filterLoc,,
2940,1156,filterLoc,,
2940,1159,filterLoc,,
2940,1162,filterLoc,,
2940,1165,filterLoc,,
2940,1168,filterLoc,,;Evacuee;45;in triage category;G;is entering helicopter;2
2940,1175,filterLoc,,
2940,1178,filterLoc,,
2940,1181,filterLoc,,
2940,1184,filterLoc,,
2940,1187,filterLoc,,
2940,1190,filterLoc,,
2940,1193,filterLoc,,
2940,1196,filterLoc,,
2940,1199,filterLoc,,
2940,1202,filterLoc,,
2940,1205,filterLoc,,
2940,1208,filterLoc,,
2940,1211,filterLoc,,
2940,1214,filterLoc,,
2940,1217,filterLoc,,
2940,1220,filterLoc,,
2940,1223,filterLoc,,
2940,1226,filterLoc,,
2940,1229,filterLoc,,
2940,1232,filterLoc,,
2940,1235,filterLoc,,
2940,1238,filterLoc,,
2940,1241,filterLoc,,
2940,1244,filterLoc,,
2940,1247,filterLoc,,
2940,1250,filterLoc,,
2940,1253,filterLoc,,
2940,1256,filterLoc,,
2940,1259,filterLoc,,;Evacuee;28;in triage category;G;is entering helicopter;2
2940,1262,filterLoc,,
2940,1265,filterLoc,,
2940,1268,filterLoc,,
2940,1271,filterLoc,,
2940,1274,filterLoc,,
2940,1277,filterLoc,,
2940,1280,filterLoc,,
2940,1283,filterLoc,,
2940,1286,filterLoc,,
2940,1289,filterLoc,,
2940,1292,filterLoc,,
2940,1295,filterLoc,,
2940,1298,filterLoc,,
2940,1301,filterLoc,,
2940,1304,filterLoc,,
2940,1307,filterLoc,,
2940,1310,filterLoc,,
2940,1313,filterLoc,,
2940,1316,filterLoc,,
2940,1319,filterLoc,,
2940,1322,filterLoc,,
2940,1325,filterLoc,,
2940,1328,filterLoc,,
2940,1331,filterLoc,,
2940,1334,filterLoc,,
2940,1337,filterLoc,,
2940,1340,filterLoc,,
2940,1343,filterLoc,,
2940,1346,filterLoc,,
2940,1349,filterLoc,,
2940,1352,filterLoc,,
2940,1355,filterLoc,,
2940,1358,filterLoc,,
2940,1361,filterLoc,,
2940,1364,filterLoc,,
2940,1367,filterLoc,,
2940,1370,filterLoc,,
2940,1373,filterLoc,,
2940,1376,filterLoc,,
2940,1379,filterLoc,,
2940,1382,filterLoc,,
2940,1385,filterLoc,,
2940,1388,filterLoc,,
2940,1391,filterLoc,,
2940,1394,filterLoc,,
2940,1397,filterLoc,,
2940,1400,filterLoc,,
2940,1403,filterLoc,,
2940,1406,filterLoc,,
2940,1409,filterLoc,,
2940,1412,filterLoc,,
2940,1415,filterLoc,,
2940,1418,filterLoc,,
2940,1421,filterLoc,,
2940,1424,filterLoc,,
2940,1427,filterLoc,,
2940,1430,filterLoc,,
2940,1433,filterLoc,,
2940,1436,filterLoc,,
2940,1439,filterLoc,,
2940,1442,filterLoc,,
2940,1445,filterLoc,,
2940,1448,filterLoc,,
2940,1451,filterLoc,,
2940,1454,filterLoc,,
2940,1457,filterLoc,,
2940,1460,filterLoc,,
2940,1463,filterLoc,,
2940,1466,filterLoc,,
2940,1469,filterLoc,,
2940,1472,filterLoc,,
2940,1475,filterLoc,,
2940,1478,filterLoc,,
2940,1481,filterLoc,,
2940,1484,filterLoc,,
2940,1487,filterLoc,,
2940,1490,filterLoc,,
2940,1493,filterLoc,,
2940,1496,filterLoc,,
2940,1499,filterLoc,,
2940,1502,filterLoc,,
2940,1505,filterLoc,,
2940,1508,filterLoc,,
2940,1511,filterLoc,,
2940,1514,filterLoc,,
2940,1517,filterLoc,,
2940,1520,filterLoc,,
2940,1523,filterLoc,,
2940,1526,filterLoc,,
2940,1529,filterLoc,,
2940,816,filterLoc,out,Evacuee 29 in triage category G is assigned helicopter 2
2940,816,filterLoc,,
2940,817,evacuee,,Evacuee;29;in triage state;G;is entering helicopter;2
2940,951,filterLoc,out,Evacuee 26 in triage category G is assigned helicopter 2
2940,951,filterLoc,,
2940,952,evacuee,,Evacuee;26;in triage state;G;is entering helicopter;2
2940,966,filterLoc,out,Evacuee 37 in triage category G is assigned helicopter 2
2940,966,filterLoc,,
2940,967,evacuee,,Evacuee;37;in triage state;G;is entering helicopter;2
2940,1026,filterLoc,out,Evacuee 23 in triage category G is assigned helicopter 2
2940,1026,filterLoc,,
2940,1027,evacuee,,Evacuee;23;in triage state;G;is entering helicopter;2
2940,1038,filterLoc,out,Evacuee 24 in triage category G is assigned helicopter 2
2940,1038,filterLoc,,
2940,1039,evacuee,,Evacuee;24;in triage state;G;is entering helicopter;2
2940,1041,filterLoc,out,Evacuee 32 in triage category G is assigned helicopter 2
2940,1041,filterLoc,,
2940,1042,evacuee,,Evacuee;32;in triage state;G;is entering helicopter;2
2940,1107,filterLoc,out,Evacuee 48 in triage category G is assigned helicopter 2
2940,1107,filterLoc,,
2940,1108,evacuee,,Evacuee;48;in triage state;G;is entering helicopter;2
2940,1113,filterLoc,out,Evacuee 50 in triage category G is assigned helicopter 2
2940,1113,filterLoc,,
2940,1114,evacuee,,Evacuee;50;in triage state;G;is entering helicopter;2
2940,1168,filterLoc,out,Evacuee 45 in triage category G is assigned helicopter 2
2940,1168,filterLoc,,
2940,1169,evacuee,,Evacuee;45;in triage state;G;is entering helicopter;2
2940,1259,filterLoc,out,Evacuee 28 in triage category G is assigned helicopter 2
2940,1259,filterLoc,,
2940,1260,evacuee,,Evacuee;28;in triage state;G;is entering helicopter;2
2940,7,filterEvac,,
2940,107,filterEvac,,
2940,292,filterEvac,,
2940,572,filterEvac,,
2940,817,evacuee,outHelo,Evacuee 29 in triage category G is assigned helicopter 2
2940,817,evacuee,,Evacuee;29;in triage state;G;is in helicopter;2
2940,952,evacuee,outHelo,Evacuee 26 in triage category G is assigned helicopter 2
2940,952,evacuee,,Evacuee;26;in triage state;G;is in helicopter;2
2940,967,evacuee,outHelo,Evacuee 37 in triage category G is assigned helicopter 2
2940,967,evacuee,,Evacuee;37;in triage state;G;is in helicopter;2
2940,1027,evacuee,outHelo,Evacuee 23 in triage category G is assigned helicopter 2
2940,1027,evacuee,,Evacuee;23;in triage state;G;is in helicopter;2
2940,1039,evacuee,outHelo,Evacuee 24 in triage category G is assigned helicopter 2
2940,1039,evacuee,,Evacuee;24;in triage state;G;is in helicopter;2
2940,1042,evacuee,outHelo,Evacuee 32 in triage category G is assigned helicopter 2
2940,1042,evacuee,,Evacuee;32;in triage state;G;is in helicopter;2
2940,1108,evacuee,outHelo,Evacuee 48 in triage category G is assigned helicopter 2
2940,1108,evacuee,,Evacuee;48;in triage state;G;is in helicopter;2
2940,1114,evacuee,outHelo,Evacuee 50 in triage category G is assigned helicopter 2
2940,1114,evacuee,,Evacuee;50;in triage state;G;is in helicopter;2
2940,1131,filterEvac,,;Evacuee;23;in triage category;G;is entering helicopter;2;Evacuee;24;in triage category;G;is entering helicopter;2;Evacuee;26;in triage category;G;is entering helicopter;2;Evacuee;28;in triage category;G;is entering helicopter;2;Evacuee;29;in triage category;G;is entering helicopter;2;Evacuee;32;in triage category;G;is entering helicopter;2;Evacuee;37;in triage category;G;is entering helicopter;2;Evacuee;45;in triage category;G;is entering helicopter;2;Evacuee;48;in triage category;G;is entering helicopter;2;Evacuee;50;in triage category;G;is entering helicopter;2
2940,1169,evacuee,outHelo,Evacuee 45 in triage category G is assigned helicopter 2
2940,1169,evacuee,,Evacuee;45;in triage state;G;is in helicopter;2
2940,1171,filterEvac,,
2940,1260,evacuee,outHelo,Evacuee 28 in triage category G is assigned helicopter 2
2940,1260,evacuee,,Evacuee;28;in triage state;G;is in helicopter;2
2940,1131,filterEvac,out,Evacuee 23 in triage category G is assigned helicopter 2
2940,1131,filterEvac,out,Evacuee 24 in triage category G is assigned helicopter 2
2940,1131,filterEvac,out,Evacuee 26 in triage category G is assigned helicopter 2
2940,1131,filterEvac,out,Evacuee 28 in triage category G is assigned helicopter 2
2940,1131,filterEvac,out,Evacuee 29 in triage category G is assigned helicopter 2
2940,1131,filterEvac,out,Evacuee 32 in triage category G is assigned helicopter 2
2940,1131,filterEvac,out,Evacuee 37 in triage category G is assigned helicopter 2
2940,1131,filterEvac,out,Evacuee 45 in triage category G is assigned helicopter 2
2940,1131,filterEvac,out,Evacuee 48 in triage category G is assigned helicopter 2
2940,1131,filterEvac,out,Evacuee 50 in triage category G is assigned helicopter 2
2940,1131,filterEvac,,
2940,1133,helicopter,,Helicopter;2;is loading people at the evacuation site;;and has;10;spots taken
2942.53,3,evacueeManager,,OFF SHIP: White;0;Green;143;Yellow;38;Red;5;Black;294;ON SHIP: White;0;Green;0;Yellow;0;Red;0;Evacuees to Transfer;
2942.53,658,evacuee,outES,Evacuee 79 in triage category R is not assigned a helicopter
2942.53,658,evacuee,,Evacuee;79;in triage state;B;is at the evacuation site
2955,4,helipadManager,outHelo,Helicopter 2 is evacuating people2
2955,4,helipadManager,,;No helos are at ES
2955,8,filterES,,
2955,108,filterES,,
2955,293,filterES,,
2955,573,filterES,,
2955,1132,filterES,,Helicopter;2;is evacuating people
2955,1172,filterES,,
2955,4,helipadManager,outHQ,0
2955,4,helipadManager,,;No helos are at ES
2955,5,helicopterQueue,,;No helos are waiting to land
2955,1132,filterES,out,Helicopter 2 is evacuating people2
2955,1132,filterES,,
2955,1133,helicopter,,Helicopter;2;is loading people at the evacuation site;;and has;10;spots taken
2955,5,helicopterQueue,,;No helos are waiting to land
2955,1133,helicopter,,Helicopter;2;is returning to the FOL;;and has;10;spots taken
2955.42,3,evacueeManager,,OFF SHIP: White;0;Green;143;Yellow;37;Red;6;Black;294;ON SHIP: White;0;Green;0;Yellow;0;Red;0;Evacuees to Transfer;
2955.42,1311,evacuee,outES,Evacuee 170 in triage category Y is not assigned a helicopter
2955.42,1311,evacuee,,Evacuee;170;in triage state;R;is at the evacuation site
2970,11,filterLoc,,
2970,14,filterLoc,,
2970,17,filterLoc,,
2970,20,filterLoc,,
2970,23,filterLoc,,
2970,26,filterLoc,,
2970,29,filterLoc,,
2970,32,filterLoc,,
2970,35,filterLoc,,
2970,38,filterLoc,,
2970,41,filterLoc,,
2970,44,filterLoc,,
2970,47,filterLoc,,
2970,50,filterLoc,,
2970,53,filterLoc,,
2970,56,filterLoc,,
2970,59,filterLoc,,
2970,62,filterLoc,,
2970,65,filterLoc,,
2970,68,filterLoc,,
2970,71,filterLoc,,
2970,74,filterLoc,,
2970,77,filterLoc,,
2970,80,filterLoc,,
2970,83,filterLoc,,
2970,86,filterLoc,,
2970,89,filterLoc,,
2970,92,filterLoc,,
2970,95,filterLoc,,
2970,98,filterLoc,,
2970,101,filterLoc,,
2970,104,filterLoc,,
2970,111,filterLoc,,
2970,114,filterLoc,,
2970,117,filterLoc,,
2970,120,filterLoc,,
2970,123,filterLoc,,
2970,126,filterLoc,,
2970,129,filterLoc,,
2970,132,filterLoc,,
2970,135,filterLoc,,
2970,138,filterLoc,,
2970,141,filterLoc,,
2970,144,filterLoc,,
2970,147,filterLoc,,
2970,150,filterLoc,,
2970,153,filterLoc,,
2970,156,filterLoc,,
2970,159,filterLoc,,
2970,162,filterLoc,,
2970,165,filterLoc,,
2970,168,filterLoc,,
2970,171,filterLoc,,
2970,174,filterLoc,,
2970,177,filterLoc,,
2970,180,filterLoc,,
2970,183,filterLoc,,
2970,186,filterLoc,,
2970,189,filterLoc,,
2970,192,filterLoc,,
2970,195,filterLoc,,
2970,198,filterLoc,,
2970,201,filterLoc,,
2970,204,filterLoc,,
2970,207,filterLoc,,
2970,210,filterLoc,,
2970,213,filterLoc,,
2970,216,filterLoc,,
2970,219,filterLoc,,
2970,222,filterLoc,,
2970,225,filterLoc,,
2970,229,filterLoc,,
2970,232,filterLoc,,
2970,235,filterLoc,,
2970,238,filterLoc,,
2970,241,filterLoc,,
2970,244,filterLoc,,
2970,247,filterLoc,,
2970,250,filterLoc,,
2970,253,filterLoc,,
2970,256,filterLoc,,
2970,259,filterLoc,,
2970,262,filterLoc,,
2970,265,filterLoc,,
2970,268,filterLoc,,
2970,271,filterLoc,,
2970,274,filterLoc,,
2970,277,filterLoc,,
2970,280,filterLoc,,
2970,283,filterLoc,,
2970,286,filterLoc,,
2970,289,filterLoc,,
2970,296,filterLoc,,
2970,299,filterLoc,,
2970,302,filterLoc,,
2970,305,filterLoc,,
2970,308,filterLoc,,
2970,311,filterLoc,,
2970,314,filterLoc,,
2970,317,filterLoc,,
2970,320,filterLoc,,
2970,323,filterLoc,,
2970,326,filterLoc,,
2970,329,filterLoc,,
2970,332,filterLoc,,
2970,335,filterLoc,,
2970,338,filterLoc,,
2970,341,filterLoc,,
2970,344,filterLoc,,
2970,347,filterLoc,,
2970,350,filterLoc,,
2970,353,filterLoc,,
2970,356,filterLoc,,
2970,359,filterLoc,,
2970,362,filterLoc,,
2970,365,filterLoc,,
2970,368,filterLoc,,
2970,371,filterLoc,,
2970,374,filterLoc,,
2970,377,filterLoc,,
2970,380,filterLoc,,
2970,383,filterLoc,,
2970,386,filterLoc,,
2970,389,filterLoc,,
2970,392,filterLoc,,
2970,395,filterLoc,,
2970,398,filterLoc,,
2970,401,filterLoc,,
2970,404,filterLoc,,
2970,407,filterLoc,,
2970,410,filterLoc,,
2970,413,filterLoc,,
2970,416,filterLoc,,
2970,419,filterLoc,,
2970,422,filterLoc,,
2970,425,filterLoc,,
2970,428,filterLoc,,
2970,431,filterLoc,,
2970,434,filterLoc,,
2970,437,filterLoc,,
2970,440,filterLoc,,
2970,443,filterLoc,,
2970,446,filterLoc,,
2970,449,filterLoc,,
2970,452,filterLoc,,
2970,455,filterLoc,,
2970,458,filterLoc,,
2970,461,filterLoc,,
2970,464,filterLoc,,
2970,467,filterLoc,,
2970,470,filterLoc,,
2970,473,filterLoc,,
2970,476,filterLoc,,
2970,479,filterLoc,,
2970,482,filterLoc,,
2970,485,filterLoc,,
2970,488,filterLoc,,
2970,491,filterLoc,,
2970,494,filterLoc,,
2970,497,filterLoc,,
2970,500,filterLoc,,
2970,503,filterLoc,,
2970,506,filterLoc,,
2970,509,filterLoc,,
2970,512,filterLoc,,
2970,515,filterLoc,,
2970,518,filterLoc,,
2970,521,filterLoc,,
2970,524,filterLoc,,
2970,527,filterLoc,,
2970,530,filterLoc,,
2970,533,filterLoc,,
2970,536,filterLoc,,
2970,539,filterLoc,,
2970,542,filterLoc,,
2970,545,filterLoc,,
2970,548,filterLoc,,
2970,551,filterLoc,,
2970,554,filterLoc,,
2970,557,filterLoc,,
2970,560,filterLoc,,
2970,563,filterLoc,,
2970,566,filterLoc,,
2970,569,filterLoc,,
2970,576,filterLoc,,
2970,579,filterLoc,,
2970,582,filterLoc,,
2970,585,filterLoc,,
2970,588,filterLoc,,
2970,591,filterLoc,,
2970,594,filterLoc,,
2970,597,filterLoc,,
2970,600,filterLoc,,
2970,603,filterLoc,,
2970,606,filterLoc,,
2970,609,filterLoc,,
2970,612,filterLoc,,
2970,615,filterLoc,,
2970,618,filterLoc,,
2970,621,filterLoc,,
2970,624,filterLoc,,
2970,627,filterLoc,,
2970,630,filterLoc,,
2970,633,filterLoc,,
2970,636,filterLoc,,
2970,639,filterLoc,,
2970,642,filterLoc,,
2970,645,filterLoc,,
2970,648,filterLoc,,
2970,651,filterLoc,,
2970,654,filterLoc,,
2970,657,filterLoc,,
2970,660,filterLoc,,
2970,663,filterLoc,,
2970,666,filterLoc,,
2970,669,filterLoc,,
2970,672,filterLoc,,
2970,675,filterLoc,,
2970,678,filterLoc,,
2970,681,filterLoc,,
2970,684,filterLoc,,
2970,687,filterLoc,,
2970,690,filterLoc,,
2970,693,filterLoc,,
2970,696,filterLoc,,
2970,699,filterLoc,,
2970,702,filterLoc,,
2970,705,filterLoc,,
2970,708,filterLoc,,
2970,711,filterLoc,,
2970,714,filterLoc,,
2970,717,filterLoc,,
2970,720,filterLoc,,
2970,723,filterLoc,,
2970,726,filterLoc,,
2970,729,filterLoc,,
2970,732,filterLoc,,;Evacuee;15;in triage category;G;is leaving helicopter;1
2970,735,filterLoc,,
2970,738,filterLoc,,;Evacuee;17;in triage category;G;is leaving helicopter;1
2970,741,filterLoc,,
2970,744,filterLoc,,
2970,747,filterLoc,,
2970,750,filterLoc,,
2970,753,filterLoc,,;Evacuee;14;in triage category;G;is leaving helicopter;1
2970,756,filterLoc,,
2970,759,filterLoc,,
2970,762,filterLoc,,
2970,765,filterLoc,,
2970,768,filterLoc,,
2970,771,filterLoc,,
2970,774,filterLoc,,
2970,777,filterLoc,,
2970,780,filterLoc,,
2970,783,filterLoc,,
2970,786,filterLoc,,
2970,789,filterLoc,,
2970,792,filterLoc,,
2970,795,filterLoc,,
2970,798,filterLoc,,
2970,801,filterLoc,,
2970,804,filterLoc,,
2970,807,filterLoc,,
2970,810,filterLoc,,
2970,813,filterLoc,,
2970,816,filterLoc,,
2970,819,filterLoc,,
2970,822,filterLoc,,
2970,825,filterLoc,,
2970,828,filterLoc,,
2970,831,filterLoc,,
2970,834,filterLoc,,
2970,837,filterLoc,,
2970,840,filterLoc,,
2970,843,filterLoc,,
2970,846,filterLoc,,
2970,849,filterLoc,,
2970,852,filterLoc,,
2970,855,filterLoc,,
2970,858,filterLoc,,
2970,861,filterLoc,,
2970,864,filterLoc,,
2970,867,filterLoc,,
2970,870,filterLoc,,
2970,873,filterLoc,,
2970,876,filterLoc,,
2970,879,filterLoc,,
2970,882,filterLoc,,
2970,885,filterLoc,,
2970,888,filterLoc,,;Evacuee;4;in triage category;G;is leaving helicopter;1
2970,891,filterLoc,,;Evacuee;18;in triage category;G;is leaving helicopter;1
2970,894,filterLoc,,
2970,897,filterLoc,,
2970,900,filterLoc,,
2970,903,filterLoc,,
2970,906,filterLoc,,
2970,909,filterLoc,,
2970,912,filterLoc,,
2970,915,filterLoc,,
2970,918,filterLoc,,
2970,921,filterLoc,,
2970,924,filterLoc,,
2970,927,filterLoc,,
2970,930,filterLoc,,
2970,933,filterLoc,,
2970,936,filterLoc,,
2970,939,filterLoc,,
2970,942,filterLoc,,
2970,945,filterLoc,,
2970,948,filterLoc,,;Evacuee;10;in triage category;G;is leaving helicopter;1
2970,951,filterLoc,,
2970,954,filterLoc,,
2970,957,filterLoc,,
2970,960,filterLoc,,
2970,963,filterLoc,,
2970,966,filterLoc,,
2970,969,filterLoc,,
2970,972,filterLoc,,
2970,975,filterLoc,,
2970,978,filterLoc,,
2970,981,filterLoc,,
2970,984,filterLoc,,
2970,987,filterLoc,,
2970,990,filterLoc,,
2970,993,filterLoc,,
2970,996,filterLoc,,
2970,999,filterLoc,,
2970,1002,filterLoc,,
2970,1005,filterLoc,,
2970,1008,filterLoc,,
2970,1011,filterLoc,,
2970,1014,filterLoc,,
2970,1017,filterLoc,,
2970,1020,filterLoc,,
2970,1023,filterLoc,,
2970,1026,filterLoc,,
2970,1029,filterLoc,,
2970,1032,filterLoc,,
2970,1035,filterLoc,,;Evacuee;13;in triage category;G;is leaving helicopter;1
2970,1038,filterLoc,,
2970,1041,filterLoc,,
2970,1044,filterLoc,,
2970,1047,filterLoc,,
2970,1050,filterLoc,,
2970,1053,filterLoc,,
2970,1056,filterLoc,,
2970,1059,filterLoc,,
2970,1062,filterLoc,,
2970,1065,filterLoc,,
2970,1068,filterLoc,,
2970,1071,filterLoc,,
2970,1074,filterLoc,,
2970,1077,filterLoc,,
2970,1080,filterLoc,,
2970,1083,filterLoc,,
2970,1086,filterLoc,,
2970,1089,filterLoc,,
2970,1092,filterLoc,,
2970,1095,filterLoc,,
2970,1098,filterLoc,,
2970,1101,filterLoc,,
2970,1104,filterLoc,,
2970,1107,filterLoc,,
2970,1110,filterLoc,,
2970,1113,filterLoc,,
2970,1116,filterLoc,,;Evacuee;19;in triage category;G;is leaving helicopter;1
2970,1119,filterLoc,,
2970,1122,filterLoc,,
2970,1125,filterLoc,,
2970,1128,filterLoc,,
2970,1135,filterLoc,,
2970,1138,filterLoc,,
2970,1141,filterLoc,,
2970,1144,filterLoc,,
2970,1147,filterLoc,,
2970,1150,filterLoc,,
2970,1153,filterLoc,,
2970,1156,filterLoc,,
2970,1159,filterLoc,,
2970,1162,filterLoc,,
2970,1165,filterLoc,,
2970,1168,filterLoc,,
2970,1173,helicopter,outEvac,Evacuee 4 in triage category G is not assigned a helicopter
2970,1173,helicopter,outEvac,Evacuee 7 in triage category G is not assigned a helicopter
2970,1173,helicopter,outEvac,Evacuee 10 in triage category G is not assigned a helicopter
2970,1173,helicopter,outEvac,Evacuee 11 in triage category G is not assigned a helicopter
2970,1173,helicopter,outEvac,Evacuee 13 in triage category G is not assigned a helicopter
2970,1173,helicopter,outEvac,Evacuee 14 in triage category G is not assigned a helicopter
2970,1173,helicopter,outEvac,Evacuee 15 in triage category G is not assigned a helicopter
2970,1173,helicopter,outEvac,Evacuee 17 in triage category G is not assigned a helicopter
2970,1173,helicopter,outEvac,Evacuee 18 in triage category G is not assigned a helicopter
2970,1173,helicopter,outEvac,Evacuee 19 in triage category G is not assigned a helicopter
2970,1173,helicopter,,Helicopter;1;is unloading people at the FOL;;and has;0;spots taken
2970,1175,filterLoc,,
2970,1178,filterLoc,,
2970,1181,filterLoc,,
2970,1184,filterLoc,,
2970,1187,filterLoc,,
2970,1190,filterLoc,,
2970,1193,filterLoc,,
2970,1196,filterLoc,,
2970,1199,filterLoc,,
2970,1202,filterLoc,,
2970,1205,filterLoc,,
2970,1208,filterLoc,,
2970,1211,filterLoc,,
2970,1214,filterLoc,,
2970,1217,filterLoc,,
2970,1220,filterLoc,,
2970,1223,filterLoc,,
2970,1226,filterLoc,,
2970,1229,filterLoc,,
2970,1232,filterLoc,,
2970,1235,filterLoc,,
2970,1238,filterLoc,,
2970,1241,filterLoc,,
2970,1244,filterLoc,,
2970,1247,filterLoc,,
2970,1250,filterLoc,,
2970,1253,filterLoc,,
2970,1256,filterLoc,,
2970,1259,filterLoc,,
2970,1262,filterLoc,,
2970,1265,filterLoc,,
2970,1268,filterLoc,,
2970,1271,filterLoc,,
2970,1274,filterLoc,,
2970,1277,filterLoc,,
2970,1280,filterLoc,,
2970,1283,filterLoc,,
2970,1286,filterLoc,,
2970,1289,filterLoc,,
2970,1292,filterLoc,,
2970,1295,filterLoc,,
2970,1298,filterLoc,,
2970,1301,filterLoc,,
2970,1304,filterLoc,,
2970,1307,filterLoc,,
2970,1310,filterLoc,,
2970,1313,filterLoc,,
2970,1316,filterLoc,,
2970,1319,filterLoc,,
2970,1322,filterLoc,,
2970,1325,filterLoc,,
2970,1328,filterLoc,,
2970,1331,filterLoc,,
2970,1334,filterLoc,,
2970,1337,filterLoc,,
2970,1340,filterLoc,,
2970,1343,filterLoc,,
2970,1346,filterLoc,,
2970,1349,filterLoc,,
2970,1352,filterLoc,,
2970,1355,filterLoc,,
2970,1358,filterLoc,,
2970,1361,filterLoc,,
2970,1364,filterLoc,,
2970,1367,filterLoc,,
2970,1370,filterLoc,,
2970,1373,filterLoc,,
2970,1376,filterLoc,,
2970,1379,filterLoc,,
2970,1382,filterLoc,,
2970,1385,filterLoc,,
2970,1388,filterLoc,,
2970,1391,filterLoc,,;Evacuee;11;in triage category;G;is leaving helicopter;1
2970,1394,filterLoc,,
2970,1397,filterLoc,,
2970,1400,filterLoc,,
2970,1403,filterLoc,,
2970,1406,filterLoc,,
2970,1409,filterLoc,,
2970,1412,filterLoc,,
2970,1415,filterLoc,,
2970,1418,filterLoc,,
2970,1421,filterLoc,,
2970,1424,filterLoc,,
2970,1427,filterLoc,,
2970,1430,filterLoc,,
2970,1433,filterLoc,,
2970,1436,filterLoc,,
2970,1439,filterLoc,,
2970,1442,filterLoc,,
2970,1445,filterLoc,,
2970,1448,filterLoc,,
2970,1451,filterLoc,,
2970,1454,filterLoc,,
2970,1457,filterLoc,,
2970,1460,filterLoc,,
2970,1463,filterLoc,,
2970,1466,filterLoc,,
2970,1469,filterLoc,,
2970,1472,filterLoc,,
2970,1475,filterLoc,,
2970,1478,filterLoc,,
2970,1481,filterLoc,,;Evacuee;7;in triage category;G;is leaving helicopter;1
2970,1484,filterLoc,,
2970,1487,filterLoc,,
2970,1490,filterLoc,,
2970,1493,filterLoc,,
2970,1496,filterLoc,,
2970,1499,filterLoc,,
2970,1502,filterLoc,,
2970,1505,filterLoc,,
2970,1508,filterLoc,,
2970,1511,filterLoc,,
2970,1514,filterLoc,,
2970,1517,filterLoc,,
2970,1520,filterLoc,,
2970,1523,filterLoc,,
2970,1526,filterLoc,,
2970,1529,filterLoc,,
2970,732,filterLoc,out,Evacuee 15 in triage category G is not assigned a helicopter
2970,732,filterLoc,,
2970,733,evacuee,,Evacuee;15;in triage state;G;is entering the FOL
2970,738,filterLoc,out,Evacuee 17 in triage category G is not assigned a helicopter
2970,738,filterLoc,,
2970,739,evacuee,,Evacuee;17;in triage state;G;is entering the FOL
2970,753,filterLoc,out,Evacuee 14 in triage category G is not assigned a helicopter
2970,753,filterLoc,,
2970,754,evacuee,,Evacuee;14;in triage state;G;is entering the FOL
2970,888,filterLoc,out,Evacuee 4 in triage category G is not assigned a helicopter
2970,888,filterLoc,,
2970,889,evacuee,,Evacuee;4;in triage state;G;is entering the FOL
2970,891,filterLoc,out,Evacuee 18 in triage category G is not assigned a helicopter
2970,891,filterLoc,,
2970,892,evacuee,,Evacuee;18;in triage state;G;is entering the FOL
2970,948,filterLoc,out,Evacuee 10 in triage category G is not assigned a helicopter
2970,948,filterLoc,,
2970,949,evacuee,,Evacuee;10;in triage state;G;is entering the FOL
2970,1035,filterLoc,out,Evacuee 13 in triage category G is not assigned a helicopter
2970,1035,filterLoc,,
2970,1036,evacuee,,Evacuee;13;in triage state;G;is entering the FOL
2970,1116,filterLoc,out,Evacuee 19 in triage category G is not assigned a helicopter
2970,1116,filterLoc,,
2970,1117,evacuee,,Evacuee;19;in triage state;G;is entering the FOL
2970,1391,filterLoc,out,Evacuee 11 in triage category G is not assigned a helicopter
2970,1391,filterLoc,,
2970,1392,evacuee,,Evacuee;11;in triage state;G;is entering the FOL
2970,1481,filterLoc,out,Evacuee 7 in triage category G is not assigned a helicopter
2970,1481,filterLoc,,
2970,1482,evacuee,,Evacuee;7;in triage state;G;is entering the FOL
2970,227,FOL,,;EvacueeID;4;Triage Status;G;EvacueeID;7;Triage Status;G;EvacueeID;10;Triage Status;G;EvacueeID;11;Triage Status;G;EvacueeID;13;Triage Status;G;EvacueeID;14;Triage Status;G;EvacueeID;15;Triage Status;G;EvacueeID;17;Triage Status;G;EvacueeID;18;Triage Status;G;EvacueeID;19;Triage Status;G;Lives Saved;10
2970,733,evacuee,outFOL,Evacuee 15 in triage category G is not assigned a helicopter
2970,733,evacuee,,Evacuee;15;in triage state;G;is at the FOL
2970,739,evacuee,outFOL,Evacuee 17 in triage category G is not assigned a helicopter
2970,739,evacuee,,Evacuee;17;in triage state;G;is at the FOL
2970,754,evacuee,outFOL,Evacuee 14 in triage category G is not assigned a helicopter
2970,754,evacuee,,Evacuee;14;in triage state;G;is at the FOL
2970,889,evacuee,outFOL,Evacuee 4 in triage category G is not assigned a helicopter
2970,889,evacuee,,Evacuee;4;in triage state;G;is at the FOL
2970,892,evacuee,outFOL,Evacuee 18 in triage category G is not assigned a helicopter
2970,892,evacuee,,Evacuee;18;in triage state;G;is at the FOL
2970,949,evacuee,outFOL,Evacuee 10 in triage category G is not assigned a helicopter
2970,949,evacuee,,Evacuee;10;in triage state;G;is at the FOL
2970,1036,evacuee,outFOL,Evacuee 13 in triage category G is not assigned a helicopter
2970,1036,evacuee,,Evacuee;13;in triage state;G;is at the FOL
2970,1117,evacuee,outFOL,Evacuee 19 in triage category G is not assigned a helicopter
2970,1117,evacuee,,Evacuee;19;in triage state;G;is at the FOL
2970,1392,evacuee,outFOL,Evacuee 11 in triage category G is not assigned a helicopter
2970,1392,evacuee,,Evacuee;11;in triage state;G;is at the FOL
2970,1482,evacuee,outFOL,Evacuee 7 in triage category G is not assigned a helicopter
2970,1482,evacuee,,Evacuee;7;in triage state;G;is at the FOL
2970,227,FOL,,;EvacueeID;4;Triage Status;G;EvacueeID;7;Triage Status;G;EvacueeID;10;Triage Status;G;EvacueeID;11;Triage Status;G;EvacueeID;13;Triage Status;G;EvacueeID;14;Triage Status;G;EvacueeID;15;Triage Status;G;EvacueeID;17;Triage Status;G;EvacueeID;18;Triage Status;G;EvacueeID;19;Triage Status;G;Lives Saved;10
2972.6,3,evacueeManager,,OFF SHIP: White;0;Green;143;Yellow;36;Red;7;Black;294;ON SHIP: White;0;Green;0;Yellow;0;Red;0;Evacuees to Transfer;
2972.6,1233,evacuee,outES,Evacuee 296 in triage category Y is not assigned a helicopter
2972.6,1233,evacuee,,Evacuee;296;in triage state;R;is at the evacuation site
2972.64,3,evacueeManager,,OFF SHIP: White;0;Green;143;Yellow;35;Red;8;Black;294;ON SHIP: White;0;Green;0;Yellow;0;Red;0;Evacuees to Transfer;
2972.64,1160,evacuee,outES,Evacuee 57 in triage category Y is not assigned a helicopter
2972.64,1160,evacuee,,Evacuee;57;in triage state;R;is at the evacuation site
2974.53,3,evacueeManager,,OFF SHIP: White;0;Green;143;Yellow;35;Red;7;Black;295;ON SHIP: White;0;Green;0;Yellow;0;Red;0;Evacuees to Transfer;
2974.53,1233,evacuee,outES,Evacuee 296 in triage category R is not assigned a helicopter
2974.53,1233,evacuee,,Evacuee;296;in triage state;B;is at the evacuation site
2979.46,3,evacueeManager,,OFF SHIP: White;0;Green;143;Yellow;34;Red;8;Black;295;ON SHIP: White;0;Green;0;Yellow;0;Red;0;Evacuees to Transfer;
2979.46,290,evacuee,outES,Evacuee 330 in triage category Y is not assigned a helicopter
2979.46,290,evacuee,,Evacuee;330;in triage state;R;is at the evacuation site
2981.51,3,evacueeManager,,OFF SHIP: White;0;Green;143;Yellow;34;Red;7;Black;296;ON SHIP: White;0;Green;0;Yellow;0;Red;0;Evacuees to Transfer;
2981.51,1371,evacuee,outES,Evacuee 195 in triage category R is not assigned a helicopter
2981.51,1371,evacuee,,Evacuee;195;in triage state;B;is at the evacuation site
2983.84,3,evacueeManager,,OFF SHIP: White;0;Green;143;Yellow;33;Red;8;Black;296;ON SHIP: White;0;Green;0;Yellow;0;Red;0;Evacuees to Transfer;
2983.84,652,evacuee,outES,Evacuee 444 in triage category Y is not assigned a helicopter
2983.84,652,evacuee,,Evacuee;444;in triage state;R;is at the evacuation site
2985,294,helicopter,,Helicopter;4;Is going to the evacuation site;;and has;0;spots taken
2985,1173,helicopter,,Helicopter;1;Is going to the evacuation site;;and has;0;spots taken
2987.4,3,evacueeManager,,OFF SHIP: White;0;Green;143;Yellow;32;Red;9;Black;296;ON SHIP: White;0;Green;0;Yellow;0;Red;0;Evacuees to Transfer;
2987.4,1090,evacuee,outES,Evacuee 336 in triage category Y is not assigned a helicopter
2987.4,1090,evacuee,,Evacuee;336;in triage state;R;is at the evacuation site
2988.84,3,evacueeManager,,OFF SHIP: White;0;Green;142;Yellow;33;Red;9;Black;296;ON SHIP: White;0;Green;0;Yellow;0;Red;0;Evacuees to Transfer;
2988.84,72,evacuee,outES,Evacuee 459 in triage category G is not assigned a helicopter
2988.84,72,evacuee,,Evacuee;459;in triage state;Y;is at the evacuation site
2999.35,3,evacueeManager,,OFF SHIP: White;0;Green;142;Yellow;33;Red;8;Black;297;ON SHIP: White;0;Green;0;Yellow;0;Red;0;Evacuees to Transfer;
2999.35,1090,evacuee,outES,Evacuee 336 in triage category R is not assigned a helicopter
2999.35,1090,evacuee,,Evacuee;336;in triage state;B;is at the evacuation site
3000,5,helicopterQueue,,1;Helos are waiting to land;HeloID;3
3000,109,helicopter,outES,Helicopter 3 is evacuating people3
3000,109,helicopter,,Helicopter;3;is waiting to land at the evacuation site;;and has;0;spots taken
3000,4,helipadManager,,;No helos are at ES
3000,5,helicopterQueue,outHM,Helicopter 3 is evacuating people3
3000,5,helicopterQueue,outHelo,Helicopter 3 is evacuating people3
3000,5,helicopterQueue,,;No helos are waiting to land
3000,8,filterES,,
3000,108,filterES,,Helicopter;3;is evacuating people
3000,293,filterES,,
3000,573,filterES,,
3000,1132,filterES,,
3000,1172,filterES,,
3000,3,evacueeManager,,OFF SHIP: White;0;Green;132;Yellow;33;Red;8;Black;297;ON SHIP: White;0;Green;0;Yellow;0;Red;0;Evacuees to Transfer;;EvacueeID;54;HeloID;3;OnShip;0;Triage Status;G;EvacueeID;55;HeloID;3;OnShip;0;Triage Status;G;EvacueeID;58;HeloID;3;OnShip;0;Triage Status;G;EvacueeID;60;HeloID;3;OnShip;0;Triage Status;G;EvacueeID;65;HeloID;3;OnShip;0;Triage Status;G;EvacueeID;67;HeloID;3;OnShip;0;Triage Status;G;EvacueeID;73;HeloID;3;OnShip;0;Triage Status;G;EvacueeID;75;HeloID;3;OnShip;0;Triage Status;G;EvacueeID;77;HeloID;3;OnShip;0;Triage Status;G;EvacueeID;78;HeloID;3;OnShip;0;Triage Status;G
3000,4,helipadManager,outEM,Helicopter 3 is evacuating people3
3000,4,helipadManager,,Helo;3;is at the ES
3000,108,filterES,out,Helicopter 3 is evacuating people3
3000,108,filterES,,
3000,109,helicopter,,Helicopter;3;is waiting to land at the evacuation site;;and has;0;spots taken
3000,3,evacueeManager,outEvac,Evacuee 54 in triage category G is assigned helicopter 3
3000,3,evacueeManager,outEvac,Evacuee 55 in triage category G is assigned helicopter 3
3000,3,evacueeManager,outEvac,Evacuee 58 in triage category G is assigned helicopter 3
3000,3,evacueeManager,outEvac,Evacuee 60 in triage category G is assigned helicopter 3
3000,3,evacueeManager,outEvac,Evacuee 65 in triage category G is assigned helicopter 3
3000,3,evacueeManager,outEvac,Evacuee 67 in triage category G is assigned helicopter 3
3000,3,evacueeManager,outEvac,Evacuee 73 in triage category G is assigned helicopter 3
3000,3,evacueeManager,outEvac,Evacuee 75 in triage category G is assigned helicopter 3
3000,3,evacueeManager,outEvac,Evacuee 77 in triage category G is assigned helicopter 3
3000,3,evacueeManager,outEvac,Evacuee 78 in triage category G is assigned helicopter 3
3000,3,evacueeManager,,OFF SHIP: White;0;Green;132;Yellow;33;Red;8;Black;297;ON SHIP: White;0;Green;0;Yellow;0;Red;0;Evacuees to Transfer;
3000,11,filterLoc,,
3000,14,filterLoc,,
3000,17,filterLoc,,
3000,20,filterLoc,,
3000,23,filterLoc,,
3000,26,filterLoc,,
3000,29,filterLoc,,
3000,32,filterLoc,,
3000,35,filterLoc,,
3000,38,filterLoc,,
3000,41,filterLoc,,
3000,44,filterLoc,,
3000,47,filterLoc,,
3000,50,filterLoc,,
3000,53,filterLoc,,
3000,56,filterLoc,,
3000,59,filterLoc,,
3000,62,filterLoc,,
3000,65,filterLoc,,
3000,68,filterLoc,,
3000,71,filterLoc,,
3000,74,filterLoc,,
3000,77,filterLoc,,
3000,80,filterLoc,,
3000,83,filterLoc,,
3000,86,filterLoc,,
3000,89,filterLoc,,
3000,92,filterLoc,,
3000,95,filterLoc,,
3000,98,filterLoc,,
3000,101,filterLoc,,
3000,104,filterLoc,,
3000,109,helicopter,,Helicopter;3;is loading people at the evacuation site;;and has;0;spots taken
3000,111,filterLoc,,
3000,114,filterLoc,,
3000,117,filterLoc,,
3000,120,filterLoc,,
3000,123,filterLoc,,
3000,126,filterLoc,,
3000,129,filterLoc,,
3000,132,filterLoc,,
3000,135,filterLoc,,
3000,138,filterLoc,,
3000,141,filterLoc,,
3000,144,filterLoc,,
3000,147,filterLoc,,
3000,150,filterLoc,,
3000,153,filterLoc,,
3000,156,filterLoc,,
3000,159,filterLoc,,
3000,162,filterLoc,,
3000,165,filterLoc,,
3000,168,filterLoc,,
3000,171,filterLoc,,
3000,174,filterLoc,,
3000,177,filterLoc,,
3000,180,filterLoc,,
3000,183,filterLoc,,
3000,186,filterLoc,,
3000,189,filterLoc,,
3000,192,filterLoc,,
3000,195,filterLoc,,
3000,198,filterLoc,,
3000,201,filterLoc,,
3000,204,filterLoc,,
3000,207,filterLoc,,
3000,210,filterLoc,,
3000,213,filterLoc,,
3000,216,filterLoc,,
3000,219,filterLoc,,
3000,222,filterLoc,,
3000,225,filterLoc,,
3000,229,filterLoc,,
3000,232,filterLoc,,
3000,235,filterLoc,,
3000,238,filterLoc,,
3000,241,filterLoc,,
3000,244,filterLoc,,
3000,247,filterLoc,,
3000,250,filterLoc,,
3000,253,filterLoc,,
3000,256,filterLoc,,
3000,259,filterLoc,,
3000,262,filterLoc,,
3000,265,filterLoc,,
3000,268,filterLoc,,
3000,271,filterLoc,,
3000,274,filterLoc,,
3000,277,filterLoc,,
3000,280,filterLoc,,
3000,283,filterLoc,,
3000,286,filterLoc,,
3000,289,filterLoc,,
3000,296,filterLoc,,
3000,299,filterLoc,,
3000,302,filterLoc,,
3000,305,filterLoc,,
3000,308,filterLoc,,
3000,311,filterLoc,,
3000,314,filterLoc,,
3000,317,filterLoc,,
3000,320,filterLoc,,
3000,323,filterLoc,,
3000,326,filterLoc,,
3000,329,filterLoc,,
3000,332,filterLoc,,
3000,335,filterLoc,,
3000,338,filterLoc,,
3000,341,filterLoc,,
3000,344,filterLoc,,
3000,347,filterLoc,,
3000,350,filterLoc,,
3000,353,filterLoc,,
3000,356,filterLoc,,
3000,359,filterLoc,,
3000,362,filterLoc,,
3000,365,filterLoc,,
3000,368,filterLoc,,
3000,371,filterLoc,,
3000,374,filterLoc,,
3000,377,filterLoc,,
3000,380,filterLoc,,
3000,383,filterLoc,,
3000,386,filterLoc,,
3000,389,filterLoc,,
3000,392,filterLoc,,
3000,395,filterLoc,,
3000,398,filterLoc,,
3000,401,filterLoc,,
3000,404,filterLoc,,
3000,407,filterLoc,,
3000,410,filterLoc,,
3000,413,filterLoc,,
3000,416,filterLoc,,
3000,419,filterLoc,,
3000,422,filterLoc,,
3000,425,filterLoc,,
3000,428,filterLoc,,
3000,431,filterLoc,,
3000,434,filterLoc,,
3000,437,filterLoc,,
3000,440,filterLoc,,
3000,443,filterLoc,,
3000,446,filterLoc,,
3000,449,filterLoc,,
3000,452,filterLoc,,
3000,455,filterLoc,,
3000,458,filterLoc,,
3000,461,filterLoc,,
3000,464,filterLoc,,
3000,467,filterLoc,,
3000,470,filterLoc,,
3000,473,filterLoc,,
3000,476,filterLoc,,
3000,479,filterLoc,,
3000,482,filterLoc,,
3000,485,filterLoc,,
3000,488,filterLoc,,
3000,491,filterLoc,,
3000,494,filterLoc,,
3000,497,filterLoc,,
3000,500,filterLoc,,
3000,503,filterLoc,,
3000,506,filterLoc,,
3000,509,filterLoc,,
3000,512,filterLoc,,
3000,515,filterLoc,,
3000,518,filterLoc,,
3000,521,filterLoc,,
3000,524,filterLoc,,
3000,527,filterLoc,,
3000,530,filterLoc,,
3000,533,filterLoc,,
3000,536,filterLoc,,
3000,539,filterLoc,,
3000,542,filterLoc,,
3000,545,filterLoc,,
3000,548,filterLoc,,
3000,551,filterLoc,,
3000,554,filterLoc,,
3000,557,filterLoc,,
3000,560,filterLoc,,
3000,563,filterLoc,,
3000,566,filterLoc,,
3000,569,filterLoc,,
3000,576,filterLoc,,
3000,579,filterLoc,,
3000,582,filterLoc,,
3000,585,filterLoc,,
3000,588,filterLoc,,
3000,591,filterLoc,,
3000,594,filterLoc,,
3000,597,filterLoc,,
3000,600,filterLoc,,
3000,603,filterLoc,,
3000,606,filterLoc,,
3000,609,filterLoc,,
3000,612,filterLoc,,
3000,615,filterLoc,,
3000,618,filterLoc,,
3000,621,filterLoc,,
3000,624,filterLoc,,
3000,627,filterLoc,,
3000,630,filterLoc,,
3000,633,filterLoc,,
3000,636,filterLoc,,
3000,639,filterLoc,,
3000,642,filterLoc,,
3000,645,filterLoc,,
3000,648,filterLoc,,
3000,651,filterLoc,,
3000,654,filterLoc,,
3000,657,filterLoc,,
3000,660,filterLoc,,
3000,663,filterLoc,,
3000,666,filterLoc,,
3000,669,filterLoc,,;Evacuee;78;in triage category;G;is entering helicopter;3
3000,672,filterLoc,,
3000,675,filterLoc,,
3000,678,filterLoc,,;Evacuee;77;in triage category;G;is entering helicopter;3
3000,681,filterLoc,,
3000,684,filterLoc,,
3000,687,filterLoc,,
3000,690,filterLoc,,
3000,693,filterLoc,,
3000,696,filterLoc,,
3000,699,filterLoc,,
3000,702,filterLoc,,
3000,705,filterLoc,,
3000,708,filterLoc,,
3000,711,filterLoc,,
3000,714,filterLoc,,
3000,717,filterLoc,,
3000,720,filterLoc,,
3000,723,filterLoc,,
3000,726,filterLoc,,
3000,729,filterLoc,,
3000,732,filterLoc,,
3000,735,filterLoc,,
3000,738,filterLoc,,
3000,741,filterLoc,,
3000,744,filterLoc,,
3000,747,filterLoc,,
3000,750,filterLoc,,;Evacuee;65;in triage category;G;is entering helicopter;3
3000,753,filterLoc,,
3000,756,filterLoc,,
3000,759,filterLoc,,
3000,762,filterLoc,,
3000,765,filterLoc,,
3000,768,filterLoc,,
3000,771,filterLoc,,
3000,774,filterLoc,,
3000,777,filterLoc,,
3000,780,filterLoc,,
3000,783,filterLoc,,
3000,786,filterLoc,,
3000,789,filterLoc,,
3000,792,filterLoc,,
3000,795,filterLoc,,
3000,798,filterLoc,,
3000,801,filterLoc,,
3000,804,filterLoc,,
3000,807,filterLoc,,
3000,810,filterLoc,,
3000,813,filterLoc,,
3000,816,filterLoc,,
3000,819,filterLoc,,
3000,822,filterLoc,,
3000,825,filterLoc,,
3000,828,filterLoc,,
3000,831,filterLoc,,
3000,834,filterLoc,,
3000,837,filterLoc,,
3000,840,filterLoc,,
3000,843,filterLoc,,
3000,846,filterLoc,,
3000,849,filterLoc,,
3000,852,filterLoc,,
3000,855,filterLoc,,
3000,858,filterLoc,,
3000,861,filterLoc,,
3000,864,filterLoc,,
3000,867,filterLoc,,
3000,870,filterLoc,,
3000,873,filterLoc,,
3000,876,filterLoc,,
3000,879,filterLoc,,
3000,882,filterLoc,,;Evacuee;54;in triage category;G;is entering helicopter;3
3000,885,filterLoc,,
3000,888,filterLoc,,
3000,891,filterLoc,,
3000,894,filterLoc,,
3000,897,filterLoc,,
3000,900,filterLoc,,
3000,903,filterLoc,,
3000,906,filterLoc,,
3000,909,filterLoc,,
3000,912,filterLoc,,
3000,915,filterLoc,,
3000,918,filterLoc,,
3000,921,filterLoc,,
3000,924,filterLoc,,
3000,927,filterLoc,,
3000,930,filterLoc,,
3000,933,filterLoc,,
3000,936,filterLoc,,
3000,939,filterLoc,,
3000,942,filterLoc,,
3000,945,filterLoc,,
3000,948,filterLoc,,
3000,951,filterLoc,,
3000,954,filterLoc,,
3000,957,filterLoc,,
3000,960,filterLoc,,
3000,963,filterLoc,,;Evacuee;75;in triage category;G;is entering helicopter;3
3000,966,filterLoc,,
3000,969,filterLoc,,
3000,972,filterLoc,,
3000,975,filterLoc,,
3000,978,filterLoc,,
3000,981,filterLoc,,
3000,984,filterLoc,,
3000,987,filterLoc,,
3000,990,filterLoc,,
3000,993,filterLoc,,
3000,996,filterLoc,,
3000,999,filterLoc,,
3000,1002,filterLoc,,
3000,1005,filterLoc,,
3000,1008,filterLoc,,
3000,1011,filterLoc,,
3000,1014,filterLoc,,
3000,1017,filterLoc,,
3000,1020,filterLoc,,
3000,1023,filterLoc,,
3000,1026,filterLoc,,
3000,1029,filterLoc,,
3000,1032,filterLoc,,
3000,1035,filterLoc,,
3000,1038,filterLoc,,
3000,1041,filterLoc,,
3000,1044,filterLoc,,
3000,1047,filterLoc,,
3000,1050,filterLoc,,
3000,1053,filterLoc,,
3000,1056,filterLoc,,
3000,1059,filterLoc,,
3000,1062,filterLoc,,
3000,1065,filterLoc,,
3000,1068,filterLoc,,
3000,1071,filterLoc,,
3000,1074,filterLoc,,
3000,1077,filterLoc,,
3000,1080,filterLoc,,
3000,1083,filterLoc,,
3000,1086,filterLoc,,
3000,1089,filterLoc,,
3000,1092,filterLoc,,
3000,1095,filterLoc,,
3000,1098,filterLoc,,
3000,1101,filterLoc,,
3000,1104,filterLoc,,;Evacuee;55;in triage category;G;is entering helicopter;3
3000,1107,filterLoc,,
3000,1110,filterLoc,,
3000,1113,filterLoc,,
3000,1116,filterLoc,,
3000,1119,filterLoc,,
3000,1122,filterLoc,,
3000,1125,filterLoc,,
3000,1128,filterLoc,,
3000,1135,filterLoc,,
3000,1138,filterLoc,,
3000,1141,filterLoc,,
3000,1144,filterLoc,,
3000,1147,filterLoc,,
3000,1150,filterLoc,,
3000,1153,filterLoc,,
3000,1156,filterLoc,,
3000,1159,filterLoc,,
3000,1162,filterLoc,,
3000,1165,filterLoc,,
3000,1168,filterLoc,,
3000,1175,filterLoc,,
3000,1178,filterLoc,,
3000,1181,filterLoc,,
3000,1184,filterLoc,,;Evacuee;60;in triage category;G;is entering helicopter;3
3000,1187,filterLoc,,
3000,1190,filterLoc,,
3000,1193,filterLoc,,
3000,1196,filterLoc,,
3000,1199,filterLoc,,
3000,1202,filterLoc,,
3000,1205,filterLoc,,
3000,1208,filterLoc,,
3000,1211,filterLoc,,
3000,1214,filterLoc,,
3000,1217,filterLoc,,
3000,1220,filterLoc,,
3000,1223,filterLoc,,
3000,1226,filterLoc,,
3000,1229,filterLoc,,
3000,1232,filterLoc,,
3000,1235,filterLoc,,
3000,1238,filterLoc,,
3000,1241,filterLoc,,
3000,1244,filterLoc,,
3000,1247,filterLoc,,;Evacuee;67;in triage category;G;is entering helicopter;3
3000,1250,filterLoc,,
3000,1253,filterLoc,,
3000,1256,filterLoc,,
3000,1259,filterLoc,,
3000,1262,filterLoc,,
3000,1265,filterLoc,,
3000,1268,filterLoc,,
3000,1271,filterLoc,,
3000,1274,filterLoc,,
3000,1277,filterLoc,,
3000,1280,filterLoc,,
3000,1283,filterLoc,,
3000,1286,filterLoc,,
3000,1289,filterLoc,,
3000,1292,filterLoc,,
3000,1295,filterLoc,,
3000,1298,filterLoc,,
3000,1301,filterLoc,,
3000,1304,filterLoc,,
3000,1307,filterLoc,,
3000,1310,filterLoc,,
3000,1313,filterLoc,,
3000,1316,filterLoc,,
3000,1319,filterLoc,,
3000,1322,filterLoc,,
3000,1325,filterLoc,,;Evacuee;58;in triage category;G;is entering helicopter;3
3000,1328,filterLoc,,
3000,1331,filterLoc,,
3000,1334,filterLoc,,
3000,1337,filterLoc,,
3000,1340,filterLoc,,
3000,1343,filterLoc,,
3000,1346,filterLoc,,
3000,1349,filterLoc,,
3000,1352,filterLoc,,
3000,1355,filterLoc,,
3000,1358,filterLoc,,
3000,1361,filterLoc,,
3000,1364,filterLoc,,
3000,1367,filterLoc,,
3000,1370,filterLoc,,
3000,1373,filterLoc,,
3000,1376,filterLoc,,
3000,1379,filterLoc,,
3000,1382,filterLoc,,
3000,1385,filterLoc,,
3000,1388,filterLoc,,
3000,1391,filterLoc,,
3000,1394,filterLoc,,
3000,1397,filterLoc,,
3000,1400,filterLoc,,
3000,1403,filterLoc,,
3000,1406,filterLoc,,
3000,1409,filterLoc,,
3000,1412,filterLoc,,
3000,1415,filterLoc,,
3000,1418,filterLoc,,
3000,1421,filterLoc,,
3000,1424,filterLoc,,
3000,1427,filterLoc,,
3000,1430,filterLoc,,
3000,1433,filterLoc,,
3000,1436,filterLoc,,
3000,1439,filterLoc,,
3000,1442,filterLoc,,
3000,1445,filterLoc,,
3000,1448,filterLoc,,
3000,1451,filterLoc,,
3000,1454,filterLoc,,
3000,1457,filterLoc,,
3000,1460,filterLoc,,
3000,1463,filterLoc,,
3000,1466,filterLoc,,
3000,1469,filterLoc,,
3000,1472,filterLoc,,;Evacuee;73;in triage category;G;is entering helicopter;3
3000,1475,filterLoc,,
3000,1478,filterLoc,,
3000,1481,filterLoc,,
3000,1484,filterLoc,,
3000,1487,filterLoc,,
3000,1490,filterLoc,,
3000,1493,filterLoc,,
3000,1496,filterLoc,,
3000,1499,filterLoc,,
3000,1502,filterLoc,,
3000,1505,filterLoc,,
3000,1508,filterLoc,,
3000,1511,filterLoc,,
3000,1514,filterLoc,,
3000,1517,filterLoc,,
3000,1520,filterLoc,,
3000,1523,filterLoc,,
3000,1526,filterLoc,,
3000,1529,filterLoc,,
3000,669,filterLoc,out,Evacuee 78 in triage category G is assigned helicopter 3
3000,669,filterLoc,,
3000,670,evacuee,,Evacuee;78;in triage state;G;is entering helicopter;3
3000,678,filterLoc,out,Evacuee 77 in triage category G is assigned helicopter 3
3000,678,filterLoc,,
3000,679,evacuee,,Evacuee;77;in triage state;G;is entering helicopter;3
3000,750,filterLoc,out,Evacuee 65 in triage category G is assigned helicopter 3
3000,750,filterLoc,,
3000,751,evacuee,,Evacuee;65;in triage state;G;is entering helicopter;3
3000,882,filterLoc,out,Evacuee 54 in triage category G is assigned helicopter 3
3000,882,filterLoc,,
3000,883,evacuee,,Evacuee;54;in triage state;G;is entering helicopter;3
3000,963,filterLoc,out,Evacuee 75 in triage category G is assigned helicopter 3
3000,963,filterLoc,,
3000,964,evacuee,,Evacuee;75;in triage state;G;is entering helicopter;3
3000,1104,filterLoc,out,Evacuee 55 in triage category G is assigned helicopter 3
3000,1104,filterLoc,,
3000,1105,evacuee,,Evacuee;55;in triage state;G;is entering helicopter;3
3000,1184,filterLoc,out,Evacuee 60 in triage category G is assigned helicopter 3
3000,1184,filterLoc,,
3000,1185,evacuee,,Evacuee;60;in triage state;G;is entering helicopter;3
3000,1247,filterLoc,out,Evacuee 67 in triage category G is assigned helicopter 3
3000,1247,filterLoc,,
3000,1248,evacuee,,Evacuee;67;in triage state;G;is entering helicopter;3
3000,1325,filterLoc,out,Evacuee 58 in triage category G is assigned helicopter 3
3000,1325,filterLoc,,
3000,1326,evacuee,,Evacuee;58;in triage state;G;is entering helicopter;3
3000,1472,filterLoc,out,Evacuee 73 in triage category G is assigned helicopter 3
3000,1472,filterLoc,,
3000,1473,evacuee,,Evacuee;73;in triage state;G;is entering helicopter;3
3000,7,filterEvac,,
3000,107,filterEvac,,;Evacuee;54;in triage category;G;is entering helicopter;3;Evacuee;55;in triage category;G;is entering helicopter;3;Evacuee;58;in triage category;G;is entering helicopter;3;Evacuee;60;in triage category;G;is entering helicopter;3;Evacuee;65;in triage category;G;is entering helicopter;3;Evacuee;67;in triage category;G;is entering helicopter;3;Evacuee;73;in triage category;G;is entering helicopter;3;Evacuee;75;in triage category;G;is entering helicopter;3;Evacuee;77;in triage category;G;is entering helicopter;3;Evacuee;78;in triage category;G;is entering helicopter;3
3000,292,filterEvac,,
3000,572,filterEvac,,
3000,670,evacuee,outHelo,Evacuee 78 in triage category G is assigned helicopter 3
3000,670,evacuee,,Evacuee;78;in triage state;G;is in helicopter;3
3000,679,evacuee,outHelo,Evacuee 77 in triage category G is assigned helicopter 3
3000,679,evacuee,,Evacuee;77;in triage state;G;is in helicopter;3
3000,751,evacuee,outHelo,Evacuee 65 in triage category G is assigned helicopter 3
3000,751,evacuee,,Evacuee;65;in triage state;G;is in helicopter;3
3000,883,evacuee,outHelo,Evacuee 54 in triage category G is assigned helicopter 3
3000,883,evacuee,,Evacuee;54;in triage state;G;is in helicopter;3
3000,964,evacuee,outHelo,Evacuee 75 in triage category G is assigned helicopter 3
3000,964,evacuee,,Evacuee;75;in triage state;G;is in helicopter;3
3000,1105,evacuee,outHelo,Evacuee 55 in triage category G is assigned helicopter 3
3000,1105,evacuee,,Evacuee;55;in triage state;G;is in helicopter;3
3000,1131,filterEvac,,
3000,1171,filterEvac,,
3000,1185,evacuee,outHelo,Evacuee 60 in triage category G is assigned helicopter 3
3000,1185,evacuee,,Evacuee;60;in triage state;G;is in helicopter;3
3000,1248,evacuee,outHelo,Evacuee 67 in triage category G is assigned helicopter 3
3000,1248,evacuee,,Evacuee;67;in triage state;G;is in helicopter;3
3000,1326,evacuee,outHelo,Evacuee 58 in triage category G is assigned helicopter 3
3000,1326,evacuee,,Evacuee;58;in triage state;G;is in helicopter;3
3000,1473,evacuee,outHelo,Evacuee 73 in triage category G is assigned helicopter 3
3000,1473,evacuee,,Evacuee;73;in triage state;G;is in helicopter;3
3000,107,filterEvac,out,Evacuee 54 in triage category G is assigned helicopter 3
3000,107,filterEvac,out,Evacuee 55 in triage category G is assigned helicopter 3
3000,107,filterEvac,out,Evacuee 58 in triage category G is assigned helicopter 3
3000,107,filterEvac,out,Evacuee 60 in triage category G is assigned helicopter 3
3000,107,filterEvac,out,Evacuee 65 in triage category G is assigned helicopter 3
3000,107,filterEvac,out,Evacuee 67 in triage category G is assigned helicopter 3
3000,107,filterEvac,out,Evacuee 73 in triage category G is assigned helicopter 3
3000,107,filterEvac,out,Evacuee 75 in triage category G is assigned helicopter 3
3000,107,filterEvac,out,Evacuee 77 in triage category G is assigned helicopter 3
3000,107,filterEvac,out,Evacuee 78 in triage category G is assigned helicopter 3
3000,107,filterEvac,,
3000,109,helicopter,,Helicopter;3;is loading people at the evacuation site;;and has;10;spots taken
3000.07,3,evacueeManager,,OFF SHIP: White;0;Green;132;Yellow;32;Red;9;Black;297;ON SHIP: White;0;Green;0;Yellow;0;Red;0;Evacuees to Transfer;
3000.07,145,evacuee,outES,Evacuee 408 in triage category Y is not assigned a helicopter
3000.07,145,evacuee,,Evacuee;408;in triage state;R;is at the evacuation site
3004.23,3,evacueeManager,,OFF SHIP: White;0;Green;132;Yellow;32;Red;8;Black;298;ON SHIP: White;0;Green;0;Yellow;0;Red;0;Evacuees to Transfer;
3004.23,504,evacuee,outES,Evacuee 310 in triage category R is not assigned a helicopter
3004.23,504,evacuee,,Evacuee;310;in triage state;B;is at the evacuation site
3007.21,3,evacueeManager,,OFF SHIP: White;0;Green;132;Yellow;32;Red;7;Black;299;ON SHIP: White;0;Green;0;Yellow;0;Red;0;Evacuees to Transfer;
3007.21,1051,evacuee,outES,Evacuee 429 in triage category R is not assigned a helicopter
3007.21,1051,evacuee,,Evacuee;429;in triage state;B;is at the evacuation site
3013.47,3,evacueeManager,,OFF SHIP: White;0;Green;132;Yellow;32;Red;6;Black;300;ON SHIP: White;0;Green;0;Yellow;0;Red;0;Evacuees to Transfer;
3013.47,1311,evacuee,outES,Evacuee 170 in triage category R is not assigned a helicopter
3013.47,1311,evacuee,,Evacuee;170;in triage state;B;is at the evacuation site
3015,4,helipadManager,outHelo,Helicopter 3 is evacuating people3
3015,4,helipadManager,,;No helos are at ES
3015,8,filterES,,
3015,108,filterES,,Helicopter;3;is evacuating people
3015,293,filterES,,
3015,573,filterES,,
3015,1132,filterES,,
3015,1172,filterES,,
3015,4,helipadManager,outHQ,0
3015,4,helipadManager,,;No helos are at ES
3015,5,helicopterQueue,,;No helos are waiting to land
3015,108,filterES,out,Helicopter 3 is evacuating people3
3015,108,filterES,,
3015,109,helicopter,,Helicopter;3;is loading people at the evacuation site;;and has;10;spots taken
3015,5,helicopterQueue,,;No helos are waiting to land
3015,109,helicopter,,Helicopter;3;is returning to the FOL;;and has;10;spots taken
3019.74,3,evacueeManager,,OFF SHIP: White;0;Green;131;Yellow;33;Red;6;Black;300;ON SHIP: White;0;Green;0;Yellow;0;Red;0;Evacuees to Transfer;
3019.74,1386,evacuee,outES,Evacuee 329 in triage category G is not assigned a helicopter
3019.74,1386,evacuee,,Evacuee;329;in triage state;Y;is at the evacuation site
3025.24,3,evacueeManager,,OFF SHIP: White;0;Green;131;Yellow;32;Red;7;Black;300;ON SHIP: White;0;Green;0;Yellow;0;Red;0;Evacuees to Transfer;
3025.24,1383,evacuee,outES,Evacuee 252 in triage category Y is not assigned a helicopter
3025.24,1383,evacuee,,Evacuee;252;in triage state;R;is at the evacuation site
3030,11,filterLoc,,
3030,14,filterLoc,,
3030,17,filterLoc,,
3030,20,filterLoc,,
3030,23,filterLoc,,
3030,26,filterLoc,,
3030,29,filterLoc,,
3030,32,filterLoc,,
3030,35,filterLoc,,
3030,38,filterLoc,,
3030,41,filterLoc,,
3030,44,filterLoc,,
3030,47,filterLoc,,
3030,50,filterLoc,,
3030,53,filterLoc,,
3030,56,filterLoc,,
3030,59,filterLoc,,
3030,62,filterLoc,,
3030,65,filterLoc,,
3030,68,filterLoc,,
3030,71,filterLoc,,
3030,74,filterLoc,,
3030,77,filterLoc,,
3030,80,filterLoc,,
3030,83,filterLoc,,
3030,86,filterLoc,,
3030,89,filterLoc,,
3030,92,filterLoc,,
3030,95,filterLoc,,
3030,98,filterLoc,,
3030,101,filterLoc,,
3030,104,filterLoc,,
3030,111,filterLoc,,
3030,114,filterLoc,,
3030,117,filterLoc,,
3030,120,filterLoc,,
3030,123,filterLoc,,
3030,126,filterLoc,,
3030,129,filterLoc,,
3030,132,filterLoc,,
3030,135,filterLoc,,
3030,138,filterLoc,,
3030,141,filterLoc,,
3030,144,filterLoc,,
3030,147,filterLoc,,
3030,150,filterLoc,,
3030,153,filterLoc,,
3030,156,filterLoc,,
3030,159,filterLoc,,
3030,162,filterLoc,,
3030,165,filterLoc,,
3030,168,filterLoc,,
3030,171,filterLoc,,
3030,174,filterLoc,,
3030,177,filterLoc,,
3030,180,filterLoc,,
3030,183,filterLoc,,
3030,186,filterLoc,,
3030,189,filterLoc,,
3030,192,filterLoc,,
3030,195,filterLoc,,
3030,198,filterLoc,,
3030,201,filterLoc,,
3030,204,filterLoc,,
3030,207,filterLoc,,
3030,210,filterLoc,,
3030,213,filterLoc,,
3030,216,filterLoc,,
3030,219,filterLoc,,
3030,222,filterLoc,,
3030,225,filterLoc,,
3030,229,filterLoc,,
3030,232,filterLoc,,
3030,235,filterLoc,,
3030,238,filterLoc,,
3030,241,filterLoc,,
3030,244,filterLoc,,
3030,247,filterLoc,,
3030,250,filterLoc,,
3030,253,filterLoc,,
3030,256,filterLoc,,
3030,259,filterLoc,,
3030,262,filterLoc,,
3030,265,filterLoc,,
3030,268,filterLoc,,
3030,271,filterLoc,,
3030,274,filterLoc,,
3030,277,filterLoc,,
3030,280,filterLoc,,
3030,283,filterLoc,,
3030,286,filterLoc,,
3030,289,filterLoc,,
3030,296,filterLoc,,
3030,299,filterLoc,,
3030,302,filterLoc,,
3030,305,filterLoc,,
3030,308,filterLoc,,
3030,311,filterLoc,,
3030,314,filterLoc,,
3030,317,filterLoc,,
3030,320,filterLoc,,
3030,323,filterLoc,,
3030,326,filterLoc,,
3030,329,filterLoc,,
3030,332,filterLoc,,
3030,335,filterLoc,,
3030,338,filterLoc,,
3030,341,filterLoc,,
3030,344,filterLoc,,
3030,347,filterLoc,,
3030,350,filterLoc,,
3030,353,filterLoc,,
3030,356,filterLoc,,
3030,359,filterLoc,,
3030,362,filterLoc,,
3030,365,filterLoc,,
3030,368,filterLoc,,
3030,371,filterLoc,,
3030,374,filterLoc,,
3030,377,filterLoc,,
3030,380,filterLoc,,
3030,383,filterLoc,,
3030,386,filterLoc,,
3030,389,filterLoc,,
3030,392,filterLoc,,
3030,395,filterLoc,,
3030,398,filterLoc,,
3030,401,filterLoc,,
3030,404,filterLoc,,
3030,407,filterLoc,,
3030,410,filterLoc,,
3030,413,filterLoc,,
3030,416,filterLoc,,
3030,419,filterLoc,,
3030,422,filterLoc,,
3030,425,filterLoc,,
3030,428,filterLoc,,
3030,431,filterLoc,,
3030,434,filterLoc,,
3030,437,filterLoc,,
3030,440,filterLoc,,
3030,443,filterLoc,,
3030,446,filterLoc,,
3030,449,filterLoc,,
3030,452,filterLoc,,
3030,455,filterLoc,,
3030,458,filterLoc,,
3030,461,filterLoc,,
3030,464,filterLoc,,
3030,467,filterLoc,,
3030,470,filterLoc,,
3030,473,filterLoc,,
3030,476,filterLoc,,
3030,479,filterLoc,,
3030,482,filterLoc,,
3030,485,filterLoc,,
3030,488,filterLoc,,
3030,491,filterLoc,,
3030,494,filterLoc,,
3030,497,filterLoc,,
3030,500,filterLoc,,
3030,503,filterLoc,,
3030,506,filterLoc,,
3030,509,filterLoc,,
3030,512,filterLoc,,
3030,515,filterLoc,,
3030,518,filterLoc,,
3030,521,filterLoc,,
3030,524,filterLoc,,
3030,527,filterLoc,,
3030,530,filterLoc,,
3030,533,filterLoc,,
3030,536,filterLoc,,
3030,539,filterLoc,,
3030,542,filterLoc,,
3030,545,filterLoc,,
3030,548,filterLoc,,
3030,551,filterLoc,,
3030,554,filterLoc,,
3030,557,filterLoc,,
3030,560,filterLoc,,
3030,563,filterLoc,,
3030,566,filterLoc,,
3030,569,filterLoc,,
3030,576,filterLoc,,
3030,579,filterLoc,,
3030,582,filterLoc,,
3030,585,filterLoc,,
3030,588,filterLoc,,
3030,591,filterLoc,,
3030,594,filterLoc,,
3030,597,filterLoc,,
3030,600,filterLoc,,
3030,603,filterLoc,,
3030,606,filterLoc,,
3030,609,filterLoc,,
3030,612,filterLoc,,
3030,615,filterLoc,,
3030,618,filterLoc,,
3030,621,filterLoc,,
3030,624,filterLoc,,
3030,627,filterLoc,,
3030,630,filterLoc,,
3030,633,filterLoc,,
3030,636,filterLoc,,
3030,639,filterLoc,,
3030,642,filterLoc,,
3030,645,filterLoc,,
3030,648,filterLoc,,
3030,651,filterLoc,,
3030,654,filterLoc,,
3030,657,filterLoc,,
3030,660,filterLoc,,
3030,663,filterLoc,,
3030,666,filterLoc,,
3030,669,filterLoc,,
3030,672,filterLoc,,
3030,675,filterLoc,,
3030,678,filterLoc,,
3030,681,filterLoc,,
3030,684,filterLoc,,
3030,687,filterLoc,,
3030,690,filterLoc,,
3030,693,filterLoc,,
3030,696,filterLoc,,
3030,699,filterLoc,,
3030,702,filterLoc,,
3030,705,filterLoc,,
3030,708,filterLoc,,
3030,711,filterLoc,,
3030,714,filterLoc,,
3030,717,filterLoc,,
3030,720,filterLoc,,
3030,723,filterLoc,,
3030,726,filterLoc,,
3030,729,filterLoc,,
3030,732,filterLoc,,
3030,735,filterLoc,,
3030,738,filterLoc,,
3030,741,filterLoc,,
3030,744,filterLoc,,
3030,747,filterLoc,,
3030,750,filterLoc,,
3030,753,filterLoc,,
3030,756,filterLoc,,
3030,759,filterLoc,,
3030,762,filterLoc,,
3030,765,filterLoc,,
3030,768,filterLoc,,
3030,771,filterLoc,,
3030,774,filterLoc,,
3030,777,filterLoc,,
3030,780,filterLoc,,
3030,783,filterLoc,,
3030,786,filterLoc,,
3030,789,filterLoc,,
3030,792,filterLoc,,
3030,795,filterLoc,,
3030,798,filterLoc,,
3030,801,filterLoc,,
3030,804,filterLoc,,
3030,807,filterLoc,,
3030,810,filterLoc,,
3030,813,filterLoc,,
3030,816,filterLoc,,;Evacuee;29;in triage category;G;is leaving helicopter;2
3030,819,filterLoc,,
3030,822,filterLoc,,
3030,825,filterLoc,,
3030,828,filterLoc,,
3030,831,filterLoc,,
3030,834,filterLoc,,
3030,837,filterLoc,,
3030,840,filterLoc,,
3030,843,filterLoc,,
3030,846,filterLoc,,
3030,849,filterLoc,,
3030,852,filterLoc,,
3030,855,filterLoc,,
3030,858,filterLoc,,
3030,861,filterLoc,,
3030,864,filterLoc,,
3030,867,filterLoc,,
3030,870,filterLoc,,
3030,873,filterLoc,,
3030,876,filterLoc,,
3030,879,filterLoc,,
3030,882,filterLoc,,
3030,885,filterLoc,,
3030,888,filterLoc,,
3030,891,filterLoc,,
3030,894,filterLoc,,
3030,897,filterLoc,,
3030,900,filterLoc,,
3030,903,filterLoc,,
3030,906,filterLoc,,
3030,909,filterLoc,,
3030,912,filterLoc,,
3030,915,filterLoc,,
3030,918,filterLoc,,
3030,921,filterLoc,,
3030,924,filterLoc,,
3030,927,filterLoc,,
3030,930,filterLoc,,
3030,933,filterLoc,,
3030,936,filterLoc,,
3030,939,filterLoc,,
3030,942,filterLoc,,
3030,945,filterLoc,,
3030,948,filterLoc,,
3030,951,filterLoc,,;Evacuee;26;in triage category;G;is leaving helicopter;2
3030,954,filterLoc,,
3030,957,filterLoc,,
3030,960,filterLoc,,
3030,963,filterLoc,,
3030,966,filterLoc,,;Evacuee;37;in triage category;G;is leaving helicopter;2
3030,969,filterLoc,,
3030,972,filterLoc,,
3030,975,filterLoc,,
3030,978,filterLoc,,
3030,981,filterLoc,,
3030,984,filterLoc,,
3030,987,filterLoc,,
3030,990,filterLoc,,
3030,993,filterLoc,,
3030,996,filterLoc,,
3030,999,filterLoc,,
3030,1002,filterLoc,,
3030,1005,filterLoc,,
3030,1008,filterLoc,,
3030,1011,filterLoc,,
3030,1014,filterLoc,,
3030,1017,filterLoc,,
3030,1020,filterLoc,,
3030,1023,filterLoc,,
3030,1026,filterLoc,,;Evacuee;23;in triage category;G;is leaving helicopter;2
3030,1029,filterLoc,,
3030,1032,filterLoc,,
3030,1035,filterLoc,,
3030,1038,filterLoc,,;Evacuee;24;in triage category;G;is leaving helicopter;2
3030,1041,filterLoc,,;Evacuee;32;in triage category;G;is leaving helicopter;2
3030,1044,filterLoc,,
3030,1047,filterLoc,,
3030,1050,filterLoc,,
3030,1053,filterLoc,,
3030,1056,filterLoc,,
3030,1059,filterLoc,,
3030,1062,filterLoc,,
3030,1065,filterLoc,,
3030,1068,filterLoc,,
3030,1071,filterLoc,,
3030,1074,filterLoc,,
3030,1077,filterLoc,,
3030,1080,filterLoc,,
3030,1083,filterLoc,,
3030,1086,filterLoc,,
3030,1089,filterLoc,,
3030,1092,filterLoc,,
3030,1095,filterLoc,,
3030,1098,filterLoc,,
3030,1101,filterLoc,,
3030,1104,filterLoc,,
3030,1107,filterLoc,,;Evacuee;48;in triage category;G;is leaving helicopter;2
3030,1110,filterLoc,,
3030,1113,filterLoc,,;Evacuee;50;in triage category;G;is leaving helicopter;2
3030,1116,filterLoc,,
3030,1119,filterLoc,,
3030,1122,filterLoc,,
3030,1125,filterLoc,,
3030,1128,filterLoc,,
3030,1133,helicopter,outEvac,Evacuee 23 in triage category G is not assigned a helicopter
3030,1133,helicopter,outEvac,Evacuee 24 in triage category G is not assigned a helicopter
3030,1133,helicopter,outEvac,Evacuee 26 in triage category G is not assigned a helicopter
3030,1133,helicopter,outEvac,Evacuee 28 in triage category G is not assigned a helicopter
3030,1133,helicopter,outEvac,Evacuee 29 in triage category G is not assigned a helicopter
3030,1133,helicopter,outEvac,Evacuee 32 in triage category G is not assigned a helicopter
3030,1133,helicopter,outEvac,Evacuee 37 in triage category G is not assigned a helicopter
3030,1133,helicopter,outEvac,Evacuee 45 in triage category G is not assigned a helicopter
3030,1133,helicopter,outEvac,Evacuee 48 in triage category G is not assigned a helicopter
3030,1133,helicopter,outEvac,Evacuee 50 in triage category G is not assigned a helicopter
3030,1133,helicopter,,Helicopter;2;is unloading people at the FOL;;and has;0;spots taken
3030,1135,filterLoc,,
3030,1138,filterLoc,,
3030,1141,filterLoc,,
3030,1144,filterLoc,,
3030,1147,filterLoc,,
3030,1150,filterLoc,,
3030,1153,filterLoc,,
3030,1156,filterLoc,,
3030,1159,filterLoc,,
3030,1162,filterLoc,,
3030,1165,filterLoc,,
3030,1168,filterLoc,,;Evacuee;45;in triage category;G;is leaving helicopter;2
3030,1175,filterLoc,,
3030,1178,filterLoc,,
3030,1181,filterLoc,,
3030,1184,filterLoc,,
3030,1187,filterLoc,,
3030,1190,filterLoc,,
3030,1193,filterLoc,,
3030,1196,filterLoc,,
3030,1199,filterLoc,,
3030,1202,filterLoc,,
3030,1205,filterLoc,,
3030,1208,filterLoc,,
3030,1211,filterLoc,,
3030,1214,filterLoc,,
3030,1217,filterLoc,,
3030,1220,filterLoc,,
3030,1223,filterLoc,,
3030,1226,filterLoc,,
3030,1229,filterLoc,,
3030,1232,filterLoc,,
3030,1235,filterLoc,,
3030,1238,filterLoc,,
3030,1241,filterLoc,,
3030,1244,filterLoc,,
3030,1247,filterLoc,,
3030,1250,filterLoc,,
3030,1253,filterLoc,,
3030,1256,filterLoc,,
3030,1259,filterLoc,,;Evacuee;28;in triage category;G;is leaving helicopter;2
3030,1262,filterLoc,,
3030,1265,filterLoc,,
3030,1268,filterLoc,,
3030,1271,filterLoc,,
3030,1274,filterLoc,,
3030,1277,filterLoc,,
3030,1280,filterLoc,,
3030,1283,filterLoc,,
3030,1286,filterLoc,,
3030,1289,filterLoc,,
3030,1292,filterLoc,,
3030,1295,filterLoc,,
3030,1298,filterLoc,,
3030,1301,filterLoc,,
3030,1304,filterLoc,,
3030,1307,filterLoc,,
3030,1310,filterLoc,,
3030,1313,filterLoc,,
3030,1316,filterLoc,,
3030,1319,filterLoc,,
3030,1322,filterLoc,,
3030,1325,filterLoc,,
3030,1328,filterLoc,,
3030,1331,filterLoc,,
3030,1334,filterLoc,,
3030,1337,filterLoc,,
3030,1340,filterLoc,,
3030,1343,filterLoc,,
3030,1346,filterLoc,,
3030,1349,filterLoc,,
3030,1352,filterLoc,,
3030,1355,filterLoc,,
3030,1358,filterLoc,,
3030,1361,filterLoc,,
3030,1364,filterLoc,,
3030,1367,filterLoc,,
3030,1370,filterLoc,,
3030,1373,filterLoc,,
3030,1376,filterLoc,,
3030,1379,filterLoc,,
3030,1382,filterLoc,,
3030,1385,filterLoc,,
3030,1388,filterLoc,,
3030,1391,filterLoc,,
3030,1394,filterLoc,,
3030,1397,filterLoc,,
3030,1400,filterLoc,,
3030,1403,filterLoc,,
3030,1406,filterLoc,,
3030,1409,filterLoc,,
3030,1412,filterLoc,,
3030,1415,filterLoc,,
3030,1418,filterLoc,,
3030,1421,filterLoc,,
3030,1424,filterLoc,,
3030,1427,filterLoc,,
3030,1430,filterLoc,,
3030,1433,filterLoc,,
3030,1436,filterLoc,,
3030,1439,filterLoc,,
3030,1442,filterLoc,,
3030,1445,filterLoc,,
3030,1448,filterLoc,,
3030,1451,filterLoc,,
3030,1454,filterLoc,,
3030,1457,filterLoc,,
3030,1460,filterLoc,,
3030,1463,filterLoc,,
3030,1466,filterLoc,,
3030,1469,filterLoc,,
3030,1472,filterLoc,,
3030,1475,filterLoc,,
3030,1478,filterLoc,,
3030,1481,filterLoc,,
3030,1484,filterLoc,,
3030,1487,filterLoc,,
3030,1490,filterLoc,,
3030,1493,filterLoc,,
3030,1496,filterLoc,,
3030,1499,filterLoc,,
3030,1502,filterLoc,,
3030,1505,filterLoc,,
3030,1508,filterLoc,,
3030,1511,filterLoc,,
3030,1514,filterLoc,,
3030,1517,filterLoc,,
3030,1520,filterLoc,,
3030,1523,filterLoc,,
3030,1526,filterLoc,,
3030,1529,filterLoc,,
3030,816,filterLoc,out,Evacuee 29 in triage category G is not assigned a helicopter
3030,816,filterLoc,,
3030,817,evacuee,,Evacuee;29;in triage state;G;is entering the FOL
3030,951,filterLoc,out,Evacuee 26 in triage category G is not assigned a helicopter
3030,951,filterLoc,,
3030,952,evacuee,,Evacuee;26;in triage state;G;is entering the FOL
3030,966,filterLoc,out,Evacuee 37 in triage category G is not assigned a helicopter
3030,966,filterLoc,,
3030,967,evacuee,,Evacuee;37;in triage state;G;is entering the FOL
3030,1026,filterLoc,out,Evacuee 23 in triage category G is not assigned a helicopter
3030,1026,filterLoc,,
3030,1027,evacuee,,Evacuee;23;in triage state;G;is entering the FOL
3030,1038,filterLoc,out,Evacuee 24 in triage category G is not assigned a helicopter
3030,1038,filterLoc,,
3030,1039,evacuee,,Evacuee;24;in triage state;G;is entering the FOL
3030,1041,filterLoc,out,Evacuee 32 in triage category G is not assigned a helicopter
3030,1041,filterLoc,,
3030,1042,evacuee,,Evacuee;32;in triage state;G;is entering the FOL
3030,1107,filterLoc,out,Evacuee 48 in triage category G is not assigned a helicopter
3030,1107,filterLoc,,
3030,1108,evacuee,,Evacuee;48;in triage state;G;is entering the FOL
3030,1113,filterLoc,out,Evacuee 50 in triage category G is not assigned a helicopter
3030,1113,filterLoc,,
3030,1114,evacuee,,Evacuee;50;in triage state;G;is entering the FOL
3030,1168,filterLoc,out,Evacuee 45 in triage category G is not assigned a helicopter
3030,1168,filterLoc,,
3030,1169,evacuee,,Evacuee;45;in triage state;G;is entering the FOL
3030,1259,filterLoc,out,Evacuee 28 in triage category G is not assigned a helicopter
3030,1259,filterLoc,,
3030,1260,evacuee,,Evacuee;28;in triage state;G;is entering the FOL
3030,227,FOL,,;EvacueeID;4;Triage Status;G;EvacueeID;7;Triage Status;G;EvacueeID;10;Triage Status;G;EvacueeID;11;Triage Status;G;EvacueeID;13;Triage Status;G;EvacueeID;14;Triage Status;G;EvacueeID;15;Triage Status;G;EvacueeID;17;Triage Status;G;EvacueeID;18;Triage Status;G;EvacueeID;19;Triage Status;G;EvacueeID;23;Triage Status;G;EvacueeID;24;Triage Status;G;EvacueeID;26;Triage Status;G;EvacueeID;28;Triage Status;G;EvacueeID;29;Triage Status;G;EvacueeID;32;Triage Status;G;EvacueeID;37;Triage Status;G;EvacueeID;45;Triage Status;G;EvacueeID;48;Triage Status;G;EvacueeID;50;Triage Status;G;Lives Saved;20
3030,817,evacuee,outFOL,Evacuee 29 in triage category G is not assigned a helicopter
3030,817,evacuee,,Evacuee;29;in triage state;G;is at the FOL
3030,952,evacuee,outFOL,Evacuee 26 in triage category G is not assigned a helicopter
3030,952,evacuee,,Evacuee;26;in triage state;G;is at the FOL
3030,967,evacuee,outFOL,Evacuee 37 in triage category G is not assigned a helicopter
3030,967,evacuee,,Evacuee;37;in triage state;G;is at the FOL
3030,1027,evacuee,outFOL,Evacuee 23 in triage category G is not assigned a helicopter
3030,1027,evacuee,,Evacuee;23;in triage state;G;is at the FOL
3030,1039,evacuee,outFOL,Evacuee 24 in triage category G is not assigned a helicopter
3030,1039,evacuee,,Evacuee;24;in triage state;G;is at the FOL
3030,1042,evacuee,outFOL,Evacuee 32 in triage category G is not assigned a helicopter
3030,1042,evacuee,,Evacuee;32;in triage state;G;is at the FOL
3030,1108,evacuee,outFOL,Evacuee 48 in triage category G is not assigned a helicopter
3030,1108,evacuee,,Evacuee;48;in triage state;G;is at the FOL
3030,1114,evacuee,outFOL,Evacuee 50 in triage category G is not assigned a helicopter
3030,1114,evacuee,,Evacuee;50;in triage state;G;is at the FOL
3030,1169,evacuee,outFOL,Evacuee 45 in triage category G is not assigned a helicopter
3030,1169,evacuee,,Evacuee;45;in triage state;G;is at the FOL
3030,1260,evacuee,outFOL,Evacuee 28 in triage category G is not assigned a helicopter
3030,1260,evacuee,,Evacuee;28;in triage state;G;is at the FOL
3030,227,FOL,,;EvacueeID;4;Triage Status;G;EvacueeID;7;Triage Status;G;EvacueeID;10;Triage Status;G;EvacueeID;11;Triage Status;G;EvacueeID;13;Triage Status;G;EvacueeID;14;Triage Status;G;EvacueeID;15;Triage Status;G;EvacueeID;17;Triage Status;G;EvacueeID;18;Triage Status;G;EvacueeID;19;Triage Status;G;EvacueeID;23;Triage Status;G;EvacueeID;24;Triage Status;G;EvacueeID;26;Triage Status;G;EvacueeID;28;Triage Status;G;EvacueeID;29;Triage Status;G;EvacueeID;32;Triage Status;G;EvacueeID;37;Triage Status;G;EvacueeID;45;Triage Status;G;EvacueeID;48;Triage Status;G;EvacueeID;50;Triage Status;G;Lives Saved;20
3032.72,3,evacueeManager,,OFF SHIP: White;0;Green;131;Yellow;31;Red;8;Black;300;ON SHIP: White;0;Green;0;Yellow;0;Red;0;Evacuees to Transfer;
3032.72,724,evacuee,outES,Evacuee 62 in triage category Y is not assigned a helicopter
3032.72,724,evacuee,,Evacuee;62;in triage state;R;is at the evacuation site
3038.8,3,evacueeManager,,OFF SHIP: White;0;Green;131;Yellow;30;Red;9;Black;300;ON SHIP: White;0;Green;0;Yellow;0;Red;0;Evacuees to Transfer;
3038.8,946,evacuee,outES,Evacuee 38 in triage category Y is not assigned a helicopter
3038.8,946,evacuee,,Evacuee;38;in triage state;R;is at the evacuation site
3041.94,3,evacueeManager,,OFF SHIP: White;0;Green;130;Yellow;31;Red;9;Black;300;ON SHIP: White;0;Green;0;Yellow;0;Red;0;Evacuees to Transfer;
3041.94,148,evacuee,outES,Evacuee 406 in triage category G is not assigned a helicopter
3041.94,148,evacuee,,Evacuee;406;in triage state;Y;is at the evacuation site
3043.84,3,evacueeManager,,OFF SHIP: White;0;Green;130;Yellow;30;Red;10;Black;300;ON SHIP: White;0;Green;0;Yellow;0;Red;0;Evacuees to Transfer;
3043.84,281,evacuee,outES,Evacuee 335 in triage category Y is not assigned a helicopter
3043.84,281,evacuee,,Evacuee;335;in triage state;R;is at the evacuation site
3045,574,helicopter,,Helicopter;5;Is going to the evacuation site;;and has;0;spots taken
3045,1133,helicopter,,Helicopter;2;Is going to the evacuation site;;and has;0;spots taken
3045.3,3,evacueeManager,,OFF SHIP: White;0;Green;130;Yellow;30;Red;9;Black;301;ON SHIP: White;0;Green;0;Yellow;0;Red;0;Evacuees to Transfer;
3045.3,507,evacuee,outES,Evacuee 118 in triage category R is not assigned a helicopter
3045.3,507,evacuee,,Evacuee;118;in triage state;B;is at the evacuation site
3046.21,3,evacueeManager,,OFF SHIP: White;0;Green;130;Yellow;30;Red;8;Black;302;ON SHIP: White;0;Green;0;Yellow;0;Red;0;Evacuees to Transfer;
3046.21,290,evacuee,outES,Evacuee 330 in triage category R is not assigned a helicopter
3046.21,290,evacuee,,Evacuee;330;in triage state;B;is at the evacuation site
3048.88,3,evacueeManager,,OFF SHIP: White;0;Green;130;Yellow;29;Red;9;Black;302;ON SHIP: White;0;Green;0;Yellow;0;Red;0;Evacuees to Transfer;
3048.88,69,evacuee,outES,Evacuee 461 in triage category Y is not assigned a helicopter
3048.88,69,evacuee,,Evacuee;461;in triage state;R;is at the evacuation site
3050.58,3,evacueeManager,,OFF SHIP: White;0;Green;130;Yellow;29;Red;8;Black;303;ON SHIP: White;0;Green;0;Yellow;0;Red;0;Evacuees to Transfer;
3050.58,1524,evacuee,outES,Evacuee 257 in triage category R is not assigned a helicopter
3050.58,1524,evacuee,,Evacuee;257;in triage state;B;is at the evacuation site
3055.57,3,evacueeManager,,OFF SHIP: White;0;Green;129;Yellow;30;Red;8;Black;303;ON SHIP: White;0;Green;0;Yellow;0;Red;0;Evacuees to Transfer;
3055.57,1530,evacuee,outES,Evacuee 258 in triage category G is not assigned a helicopter
3055.57,1530,evacuee,,Evacuee;258;in triage state;Y;is at the evacuation site
3060,5,helicopterQueue,,2;Helos are waiting to land;HeloID;1;HeloID;4
3060,294,helicopter,outES,Helicopter 4 is evacuating people4
3060,294,helicopter,,Helicopter;4;is waiting to land at the evacuation site;;and has;0;spots taken
3060,1173,helicopter,outES,Helicopter 1 is evacuating people1
3060,1173,helicopter,,Helicopter;1;is waiting to land at the evacuation site;;and has;0;spots taken
3060,4,helipadManager,,;No helos are at ES
3060,5,helicopterQueue,outHM,Helicopter 1 is evacuating people1
3060,5,helicopterQueue,outHelo,Helicopter 1 is evacuating people1
3060,5,helicopterQueue,,1;Helos are waiting to land;HeloID;4
3060,8,filterES,,
3060,108,filterES,,
3060,293,filterES,,
3060,573,filterES,,
3060,1132,filterES,,
3060,1172,filterES,,Helicopter;1;is evacuating people
3060,3,evacueeManager,,OFF SHIP: White;0;Green;119;Yellow;30;Red;8;Black;303;ON SHIP: White;0;Green;0;Yellow;0;Red;0;Evacuees to Transfer;;EvacueeID;82;HeloID;1;OnShip;0;Triage Status;G;EvacueeID;85;HeloID;1;OnShip;0;Triage Status;G;EvacueeID;95;HeloID;1;OnShip;0;Triage Status;G;EvacueeID;98;HeloID;1;OnShip;0;Triage Status;G;EvacueeID;99;HeloID;1;OnShip;0;Triage Status;G;EvacueeID;100;HeloID;1;OnShip;0;Triage Status;G;EvacueeID;101;HeloID;1;OnShip;0;Triage Status;G;EvacueeID;109;HeloID;1;OnShip;0;Triage Status;G;EvacueeID;112;HeloID;1;OnShip;0;Triage Status;G;EvacueeID;114;HeloID;1;OnShip;0;Triage Status;G
3060,4,helipadManager,outEM,Helicopter 1 is evacuating people1
3060,4,helipadManager,,Helo;1;is at the ES
3060,1172,filterES,out,Helicopter 1 is evacuating people1
3060,1172,filterES,,
3060,1173,helicopter,,Helicopter;1;is waiting to land at the evacuation site;;and has;0;spots taken
3060,3,evacueeManager,outEvac,Evacuee 82 in triage category G is assigned helicopter 1
3060,3,evacueeManager,outEvac,Evacuee 85 in triage category G is assigned helicopter 1
3060,3,evacueeManager,outEvac,Evacuee 95 in triage category G is assigned helicopter 1
3060,3,evacueeManager,outEvac,Evacuee 98 in triage category G is assigned helicopter 1
3060,3,evacueeManager,outEvac,Evacuee 99 in triage category G is assigned helicopter 1
3060,3,evacueeManager,outEvac,Evacuee 100 in triage category G is assigned helicopter 1
3060,3,evacueeManager,outEvac,Evacuee 101 in triage category G is assigned helicopter 1
3060,3,evacueeManager,outEvac,Evacuee 109 in triage category G is assigned helicopter 1
3060,3,evacueeManager,outEvac,Evacuee 112 in triage category G is assigned helicopter 1
3060,3,evacueeManager,outEvac,Evacuee 114 in triage category G is assigned helicopter 1
3060,3,evacueeManager,,OFF SHIP: White;0;Green;119;Yellow;30;Red;8;Black;303;ON SHIP: White;0;Green;0;Yellow;0;Red;0;Evacuees to Transfer;
3060,11,filterLoc,,
3060,14,filterLoc,,
3060,17,filterLoc,,
3060,20,filterLoc,,
3060,23,filterLoc,,
3060,26,filterLoc,,
3060,29,filterLoc,,
3060,32,filterLoc,,
3060,35,filterLoc,,
3060,38,filterLoc,,
3060,41,filterLoc,,
3060,44,filterLoc,,
3060,47,filterLoc,,
3060,50,filterLoc,,
3060,53,filterLoc,,
3060,56,filterLoc,,
3060,59,filterLoc,,
3060,62,filterLoc,,
3060,65,filterLoc,,
3060,68,filterLoc,,
3060,71,filterLoc,,
3060,74,filterLoc,,
3060,77,filterLoc,,
3060,80,filterLoc,,
3060,83,filterLoc,,
3060,86,filterLoc,,
3060,89,filterLoc,,
3060,92,filterLoc,,
3060,95,filterLoc,,
3060,98,filterLoc,,
3060,101,filterLoc,,
3060,104,filterLoc,,
3060,111,filterLoc,,
3060,114,filterLoc,,
3060,117,filterLoc,,
3060,120,filterLoc,,
3060,123,filterLoc,,
3060,126,filterLoc,,
3060,129,filterLoc,,
3060,132,filterLoc,,
3060,135,filterLoc,,
3060,138,filterLoc,,
3060,141,filterLoc,,
3060,144,filterLoc,,
3060,147,filterLoc,,
3060,150,filterLoc,,
3060,153,filterLoc,,
3060,156,filterLoc,,
3060,159,filterLoc,,
3060,162,filterLoc,,
3060,165,filterLoc,,
3060,168,filterLoc,,
3060,171,filterLoc,,
3060,174,filterLoc,,
3060,177,filterLoc,,
3060,180,filterLoc,,
3060,183,filterLoc,,
3060,186,filterLoc,,
3060,189,filterLoc,,
3060,192,filterLoc,,
3060,195,filterLoc,,
3060,198,filterLoc,,
3060,201,filterLoc,,
3060,204,filterLoc,,
3060,207,filterLoc,,
3060,210,filterLoc,,
3060,213,filterLoc,,
3060,216,filterLoc,,
3060,219,filterLoc,,
3060,222,filterLoc,,
3060,225,filterLoc,,
3060,229,filterLoc,,
3060,232,filterLoc,,
3060,235,filterLoc,,
3060,238,filterLoc,,
3060,241,filterLoc,,
3060,244,filterLoc,,
3060,247,filterLoc,,
3060,250,filterLoc,,
3060,253,filterLoc,,
3060,256,filterLoc,,
3060,259,filterLoc,,
3060,262,filterLoc,,
3060,265,filterLoc,,
3060,268,filterLoc,,
3060,271,filterLoc,,
3060,274,filterLoc,,
3060,277,filterLoc,,
3060,280,filterLoc,,
3060,283,filterLoc,,
3060,286,filterLoc,,
3060,289,filterLoc,,
3060,296,filterLoc,,
3060,299,filterLoc,,
3060,302,filterLoc,,
3060,305,filterLoc,,
3060,308,filterLoc,,
3060,311,filterLoc,,
3060,314,filterLoc,,
3060,317,filterLoc,,
3060,320,filterLoc,,
3060,323,filterLoc,,
3060,326,filterLoc,,
3060,329,filterLoc,,
3060,332,filterLoc,,
3060,335,filterLoc,,
3060,338,filterLoc,,
3060,341,filterLoc,,
3060,344,filterLoc,,
3060,347,filterLoc,,
3060,350,filterLoc,,
3060,353,filterLoc,,
3060,356,filterLoc,,
3060,359,filterLoc,,
3060,362,filterLoc,,
3060,365,filterLoc,,
3060,368,filterLoc,,
3060,371,filterLoc,,
3060,374,filterLoc,,
3060,377,filterLoc,,
3060,380,filterLoc,,
3060,383,filterLoc,,
3060,386,filterLoc,,
3060,389,filterLoc,,
3060,392,filterLoc,,
3060,395,filterLoc,,
3060,398,filterLoc,,
3060,401,filterLoc,,
3060,404,filterLoc,,
3060,407,filterLoc,,
3060,410,filterLoc,,
3060,413,filterLoc,,
3060,416,filterLoc,,
3060,419,filterLoc,,
3060,422,filterLoc,,
3060,425,filterLoc,,
3060,428,filterLoc,,
3060,431,filterLoc,,
3060,434,filterLoc,,
3060,437,filterLoc,,
3060,440,filterLoc,,
3060,443,filterLoc,,
3060,446,filterLoc,,
3060,449,filterLoc,,
3060,452,filterLoc,,
3060,455,filterLoc,,
3060,458,filterLoc,,
3060,461,filterLoc,,
3060,464,filterLoc,,;Evacuee;114;in triage category;G;is entering helicopter;1
3060,467,filterLoc,,
3060,470,filterLoc,,
3060,473,filterLoc,,
3060,476,filterLoc,,
3060,479,filterLoc,,
3060,482,filterLoc,,
3060,485,filterLoc,,
3060,488,filterLoc,,
3060,491,filterLoc,,
3060,494,filterLoc,,
3060,497,filterLoc,,
3060,500,filterLoc,,
3060,503,filterLoc,,
3060,506,filterLoc,,
3060,509,filterLoc,,
3060,512,filterLoc,,
3060,515,filterLoc,,
3060,518,filterLoc,,
3060,521,filterLoc,,
3060,524,filterLoc,,
3060,527,filterLoc,,
3060,530,filterLoc,,;Evacuee;112;in triage category;G;is entering helicopter;1
3060,533,filterLoc,,
3060,536,filterLoc,,;Evacuee;109;in triage category;G;is entering helicopter;1
3060,539,filterLoc,,
3060,542,filterLoc,,
3060,545,filterLoc,,
3060,548,filterLoc,,
3060,551,filterLoc,,
3060,554,filterLoc,,
3060,557,filterLoc,,
3060,560,filterLoc,,
3060,563,filterLoc,,
3060,566,filterLoc,,
3060,569,filterLoc,,
3060,576,filterLoc,,
3060,579,filterLoc,,
3060,582,filterLoc,,
3060,585,filterLoc,,
3060,588,filterLoc,,
3060,591,filterLoc,,;Evacuee;101;in triage category;G;is entering helicopter;1
3060,594,filterLoc,,
3060,597,filterLoc,,;Evacuee;99;in triage category;G;is entering helicopter;1
3060,600,filterLoc,,
3060,603,filterLoc,,
3060,606,filterLoc,,;Evacuee;95;in triage category;G;is entering helicopter;1
3060,609,filterLoc,,
3060,612,filterLoc,,
3060,615,filterLoc,,
3060,618,filterLoc,,
3060,621,filterLoc,,
3060,624,filterLoc,,
3060,627,filterLoc,,
3060,630,filterLoc,,
3060,633,filterLoc,,
3060,636,filterLoc,,
3060,639,filterLoc,,
3060,642,filterLoc,,
3060,645,filterLoc,,
3060,648,filterLoc,,
3060,651,filterLoc,,
3060,654,filterLoc,,
3060,657,filterLoc,,
3060,660,filterLoc,,
3060,663,filterLoc,,;Evacuee;98;in triage category;G;is entering helicopter;1
3060,666,filterLoc,,
3060,669,filterLoc,,
3060,672,filterLoc,,
3060,675,filterLoc,,
3060,678,filterLoc,,
3060,681,filterLoc,,
3060,684,filterLoc,,
3060,687,filterLoc,,
3060,690,filterLoc,,
3060,693,filterLoc,,
3060,696,filterLoc,,
3060,699,filterLoc,,
3060,702,filterLoc,,
3060,705,filterLoc,,
3060,708,filterLoc,,
3060,711,filterLoc,,
3060,714,filterLoc,,
3060,717,filterLoc,,
3060,720,filterLoc,,
3060,723,filterLoc,,
3060,726,filterLoc,,
3060,729,filterLoc,,
3060,732,filterLoc,,
3060,735,filterLoc,,
3060,738,filterLoc,,
3060,741,filterLoc,,
3060,744,filterLoc,,
3060,747,filterLoc,,
3060,750,filterLoc,,
3060,753,filterLoc,,
3060,756,filterLoc,,
3060,759,filterLoc,,
3060,762,filterLoc,,
3060,765,filterLoc,,
3060,768,filterLoc,,
3060,771,filterLoc,,
3060,774,filterLoc,,
3060,777,filterLoc,,
3060,780,filterLoc,,
3060,783,filterLoc,,
3060,786,filterLoc,,
3060,789,filterLoc,,
3060,792,filterLoc,,
3060,795,filterLoc,,
3060,798,filterLoc,,
3060,801,filterLoc,,
3060,804,filterLoc,,
3060,807,filterLoc,,
3060,810,filterLoc,,
3060,813,filterLoc,,;Evacuee;100;in triage category;G;is entering helicopter;1
3060,816,filterLoc,,
3060,819,filterLoc,,
3060,822,filterLoc,,
3060,825,filterLoc,,;Evacuee;85;in triage category;G;is entering helicopter;1
3060,828,filterLoc,,
3060,831,filterLoc,,
3060,834,filterLoc,,
3060,837,filterLoc,,
3060,840,filterLoc,,
3060,843,filterLoc,,
3060,846,filterLoc,,
3060,849,filterLoc,,
3060,852,filterLoc,,
3060,855,filterLoc,,
3060,858,filterLoc,,
3060,861,filterLoc,,
3060,864,filterLoc,,
3060,867,filterLoc,,
3060,870,filterLoc,,
3060,873,filterLoc,,
3060,876,filterLoc,,
3060,879,filterLoc,,;Evacuee;82;in triage category;G;is entering helicopter;1
3060,882,filterLoc,,
3060,885,filterLoc,,
3060,888,filterLoc,,
3060,891,filterLoc,,
3060,894,filterLoc,,
3060,897,filterLoc,,
3060,900,filterLoc,,
3060,903,filterLoc,,
3060,906,filterLoc,,
3060,909,filterLoc,,
3060,912,filterLoc,,
3060,915,filterLoc,,
3060,918,filterLoc,,
3060,921,filterLoc,,
3060,924,filterLoc,,
3060,927,filterLoc,,
3060,930,filterLoc,,
3060,933,filterLoc,,
3060,936,filterLoc,,
3060,939,filterLoc,,
3060,942,filterLoc,,
3060,945,filterLoc,,
3060,948,filterLoc,,
3060,951,filterLoc,,
3060,954,filterLoc,,
3060,957,filterLoc,,
3060,960,filterLoc,,
3060,963,filterLoc,,
3060,966,filterLoc,,
3060,969,filterLoc,,
3060,972,filterLoc,,
3060,975,filterLoc,,
3060,978,filterLoc,,
3060,981,filterLoc,,
3060,984,filterLoc,,
3060,987,filterLoc,,
3060,990,filterLoc,,
3060,993,filterLoc,,
3060,996,filterLoc,,
3060,999,filterLoc,,
3060,1002,filterLoc,,
3060,1005,filterLoc,,
3060,1008,filterLoc,,
3060,1011,filterLoc,,
3060,1014,filterLoc,,
3060,1017,filterLoc,,
3060,1020,filterLoc,,
3060,1023,filterLoc,,
3060,1026,filterLoc,,
3060,1029,filterLoc,,
3060,1032,filterLoc,,
3060,1035,filterLoc,,
3060,1038,filterLoc,,
3060,1041,filterLoc,,
3060,1044,filterLoc,,
3060,1047,filterLoc,,
3060,1050,filterLoc,,
3060,1053,filterLoc,,
3060,1056,filterLoc,,
3060,1059,filterLoc,,
3060,1062,filterLoc,,
3060,1065,filterLoc,,
3060,1068,filterLoc,,
3060,1071,filterLoc,,
3060,1074,filterLoc,,
3060,1077,filterLoc,,
3060,1080,filterLoc,,
3060,1083,filterLoc,,
3060,1086,filterLoc,,
3060,1089,filterLoc,,
3060,1092,filterLoc,,
3060,1095,filterLoc,,
3060,1098,filterLoc,,
3060,1101,filterLoc,,
3060,1104,filterLoc,,
3060,1107,filterLoc,,
3060,1110,filterLoc,,
3060,1113,filterLoc,,
3060,1116,filterLoc,,
3060,1119,filterLoc,,
3060,1122,filterLoc,,
3060,1125,filterLoc,,
3060,1128,filterLoc,,
3060,1135,filterLoc,,
3060,1138,filterLoc,,
3060,1141,filterLoc,,
3060,1144,filterLoc,,
3060,1147,filterLoc,,
3060,1150,filterLoc,,
3060,1153,filterLoc,,
3060,1156,filterLoc,,
3060,1159,filterLoc,,
3060,1162,filterLoc,,
3060,1165,filterLoc,,
3060,1168,filterLoc,,
3060,1173,helicopter,,Helicopter;1;is loading people at the evacuation site;;and has;0;spots taken
3060,1175,filterLoc,,
3060,1178,filterLoc,,
3060,1181,filterLoc,,
3060,1184,filterLoc,,
3060,1187,filterLoc,,
3060,1190,filterLoc,,
3060,1193,filterLoc,,
3060,1196,filterLoc,,
3060,1199,filterLoc,,
3060,1202,filterLoc,,
3060,1205,filterLoc,,
3060,1208,filterLoc,,
3060,1211,filterLoc,,
3060,1214,filterLoc,,
3060,1217,filterLoc,,
3060,1220,filterLoc,,
3060,1223,filterLoc,,
3060,1226,filterLoc,,
3060,1229,filterLoc,,
3060,1232,filterLoc,,
3060,1235,filterLoc,,
3060,1238,filterLoc,,
3060,1241,filterLoc,,
3060,1244,filterLoc,,
3060,1247,filterLoc,,
3060,1250,filterLoc,,
3060,1253,filterLoc,,
3060,1256,filterLoc,,
3060,1259,filterLoc,,
3060,1262,filterLoc,,
3060,1265,filterLoc,,
3060,1268,filterLoc,,
3060,1271,filterLoc,,
3060,1274,filterLoc,,
3060,1277,filterLoc,,
3060,1280,filterLoc,,
3060,1283,filterLoc,,
3060,1286,filterLoc,,
3060,1289,filterLoc,,
3060,1292,filterLoc,,
3060,1295,filterLoc,,
3060,1298,filterLoc,,
3060,1301,filterLoc,,
3060,1304,filterLoc,,
3060,1307,filterLoc,,
3060,1310,filterLoc,,
3060,1313,filterLoc,,
3060,1316,filterLoc,,
3060,1319,filterLoc,,
3060,1322,filterLoc,,
3060,1325,filterLoc,,
3060,1328,filterLoc,,
3060,1331,filterLoc,,
3060,1334,filterLoc,,
3060,1337,filterLoc,,
3060,1340,filterLoc,,
3060,1343,filterLoc,,
3060,1346,filterLoc,,
3060,1349,filterLoc,,
3060,1352,filterLoc,,
3060,1355,filterLoc,,
3060,1358,filterLoc,,
3060,1361,filterLoc,,
3060,1364,filterLoc,,
3060,1367,filterLoc,,
3060,1370,filterLoc,,
3060,1373,filterLoc,,
3060,1376,filterLoc,,
3060,1379,filterLoc,,
3060,1382,filterLoc,,
3060,1385,filterLoc,,
3060,1388,filterLoc,,
3060,1391,filterLoc,,
3060,1394,filterLoc,,
3060,1397,filterLoc,,
3060,1400,filterLoc,,
3060,1403,filterLoc,,
3060,1406,filterLoc,,
3060,1409,filterLoc,,
3060,1412,filterLoc,,
3060,1415,filterLoc,,
3060,1418,filterLoc,,
3060,1421,filterLoc,,
3060,1424,filterLoc,,
3060,1427,filterLoc,,
3060,1430,filterLoc,,
3060,1433,filterLoc,,
3060,1436,filterLoc,,
3060,1439,filterLoc,,
3060,1442,filterLoc,,
3060,1445,filterLoc,,
3060,1448,filterLoc,,
3060,1451,filterLoc,,
3060,1454,filterLoc,,
3060,1457,filterLoc,,
3060,1460,filterLoc,,
3060,1463,filterLoc,,
3060,1466,filterLoc,,
3060,1469,filterLoc,,
3060,1472,filterLoc,,
3060,1475,filterLoc,,
3060,1478,filterLoc,,
3060,1481,filterLoc,,
3060,1484,filterLoc,,
3060,1487,filterLoc,,
3060,1490,filterLoc,,
3060,1493,filterLoc,,
3060,1496,filterLoc,,
3060,1499,filterLoc,,
3060,1502,filterLoc,,
3060,1505,filterLoc,,
3060,1508,filterLoc,,
3060,1511,filterLoc,,
3060,1514,filterLoc,,
3060,1517,filterLoc,,
3060,1520,filterLoc,,
3060,1523,filterLoc,,
3060,1526,filterLoc,,
3060,1529,filterLoc,,
3060,464,filterLoc,out,Evacuee 114 in triage category G is assigned helicopter 1
3060,464,filterLoc,,
3060,465,evacuee,,Evacuee;114;in triage state;G;is entering helicopter;1
3060,530,filterLoc,out,Evacuee 112 in triage category G is assigned helicopter 1
3060,530,filterLoc,,
3060,531,evacuee,,Evacuee;112;in triage state;G;is entering helicopter;1
3060,536,filterLoc,out,Evacuee 109 in triage category G is assigned helicopter 1
3060,536,filterLoc,,
3060,537,evacuee,,Evacuee;109;in triage state;G;is entering helicopter;1
3060,591,filterLoc,out,Evacuee 101 in triage category G is assigned helicopter 1
3060,591,filterLoc,,
3060,592,evacuee,,Evacuee;101;in triage state;G;is entering helicopter;1
3060,597,filterLoc,out,Evacuee 99 in triage category G is assigned helicopter 1
3060,597,filterLoc,,
3060,598,evacuee,,Evacuee;99;in triage state;G;is entering helicopter;1
3060,606,filterLoc,out,Evacuee 95 in triage category G is assigned helicopter 1
3060,606,filterLoc,,
3060,607,evacuee,,Evacuee;95;in triage state;G;is entering helicopter;1
3060,663,filterLoc,out,Evacuee 98 in triage category G is assigned helicopter 1
3060,663,filterLoc,,
3060,664,evacuee,,Evacuee;98;in triage state;G;is entering helicopter;1
3060,813,filterLoc,out,Evacuee 100 in triage category G is assigned helicopter 1
3060,813,filterLoc,,
3060,814,evacuee,,Evacuee;100;in triage state;G;is entering helicopter;1
3060,825,filterLoc,out,Evacuee 85 in triage category G is assigned helicopter 1
3060,825,filterLoc,,
3060,826,evacuee,,Evacuee;85;in triage state;G;is entering helicopter;1
3060,879,filterLoc,out,Evacuee 82 in triage category G is assigned helicopter 1
3060,879,filterLoc,,
3060,880,evacuee,,Evacuee;82;in triage state;G;is entering helicopter;1
3060,7,filterEvac,,
3060,107,filterEvac,,
3060,292,filterEvac,,
3060,465,evacuee,outHelo,Evacuee 114 in triage category G is assigned helicopter 1
3060,465,evacuee,,Evacuee;114;in triage state;G;is in helicopter;1
3060,531,evacuee,outHelo,Evacuee 112 in triage category G is assigned helicopter 1
3060,531,evacuee,,Evacuee;112;in triage state;G;is in helicopter;1
3060,537,evacuee,outHelo,Evacuee 109 in triage category G is assigned helicopter 1
3060,537,evacuee,,Evacuee;109;in triage state;G;is in helicopter;1
3060,572,filterEvac,,
3060,592,evacuee,outHelo,Evacuee 101 in triage category G is assigned helicopter 1
3060,592,evacuee,,Evacuee;101;in triage state;G;is in helicopter;1
3060,598,evacuee,outHelo,Evacuee 99 in triage category G is assigned helicopter 1
3060,598,evacuee,,Evacuee;99;in triage state;G;is in helicopter;1
3060,607,evacuee,outHelo,Evacuee 95 in triage category G is assigned helicopter 1
3060,607,evacuee,,Evacuee;95;in triage state;G;is in helicopter;1
3060,664,evacuee,outHelo,Evacuee 98 in triage category G is assigned helicopter 1
3060,664,evacuee,,Evacuee;98;in triage state;G;is in helicopter;1
3060,814,evacuee,outHelo,Evacuee 100 in triage category G is assigned helicopter 1
3060,814,evacuee,,Evacuee;100;in triage state;G;is in helicopter;1
3060,826,evacuee,outHelo,Evacuee 85 in triage category G is assigned helicopter 1
3060,826,evacuee,,Evacuee;85;in triage state;G;is in helicopter;1
3060,880,evacuee,outHelo,Evacuee 82 in triage category G is assigned helicopter 1
3060,880,evacuee,,Evacuee;82;in triage state;G;is in helicopter;1
3060,1131,filterEvac,,
3060,1171,filterEvac,,;Evacuee;82;in triage category;G;is entering helicopter;1;Evacuee;85;in triage category;G;is entering helicopter;1;Evacuee;95;in triage category;G;is entering helicopter;1;Evacuee;98;in triage category;G;is entering helicopter;1;Evacuee;99;in triage category;G;is entering helicopter;1;Evacuee;100;in triage category;G;is entering helicopter;1;Evacuee;101;in triage category;G;is entering helicopter;1;Evacuee;109;in triage category;G;is entering helicopter;1;Evacuee;112;in triage category;G;is entering helicopter;1;Evacuee;114;in triage category;G;is entering helicopter;1
3060,1171,filterEvac,out,Evacuee 82 in triage category G is assigned helicopter 1
3060,1171,filterEvac,out,Evacuee 85 in triage category G is assigned helicopter 1
3060,1171,filterEvac,out,Evacuee 95 in triage category G is assigned helicopter 1
3060,1171,filterEvac,out,Evacuee 98 in triage category G is assigned helicopter 1
3060,1171,filterEvac,out,Evacuee 99 in triage category G is assigned helicopter 1
3060,1171,filterEvac,out,Evacuee 100 in triage category G is assigned helicopter 1
3060,1171,filterEvac,out,Evacuee 101 in triage category G is assigned helicopter 1
3060,1171,filterEvac,out,Evacuee 109 in triage category G is assigned helicopter 1
3060,1171,filterEvac,out,Evacuee 112 in triage category G is assigned helicopter 1
3060,1171,filterEvac,out,Evacuee 114 in triage category G is assigned helicopter 1
3060,1171,filterEvac,,
3060,1173,helicopter,,Helicopter;1;is loading people at the evacuation site;;and has;10;spots taken
3070.44,3,evacueeManager,,OFF SHIP: White;0;Green;119;Yellow;30;Red;7;Black;304;ON SHIP: White;0;Green;0;Yellow;0;Red;0;Evacuees to Transfer;
3070.44,69,evacuee,outES,Evacuee 461 in triage category R is not assigned a helicopter
3070.44,69,evacuee,,Evacuee;461;in triage state;B;is at the evacuation site
3070.51,3,evacueeManager,,OFF SHIP: White;0;Green;119;Yellow;30;Red;6;Black;305;ON SHIP: White;0;Green;0;Yellow;0;Red;0;Evacuees to Transfer;
3070.51,724,evacuee,outES,Evacuee 62 in triage category R is not assigned a helicopter
3070.51,724,evacuee,,Evacuee;62;in triage state;B;is at the evacuation site
3072.19,3,evacueeManager,,OFF SHIP: White;0;Green;119;Yellow;29;Red;7;Black;305;ON SHIP: White;0;Green;0;Yellow;0;Red;0;Evacuees to Transfer;
3072.19,1166,evacuee,outES,Evacuee 261 in triage category Y is not assigned a helicopter
3072.19,1166,evacuee,,Evacuee;261;in triage state;R;is at the evacuation site
3073.73,3,evacueeManager,,OFF SHIP: White;0;Green;118;Yellow;30;Red;7;Black;305;ON SHIP: White;0;Green;0;Yellow;0;Red;0;Evacuees to Transfer;
3073.73,661,evacuee,outES,Evacuee 115 in triage category G is not assigned a helicopter
3073.73,661,evacuee,,Evacuee;115;in triage state;Y;is at the evacuation site
3075,4,helipadManager,outHelo,Helicopter 1 is evacuating people1
3075,4,helipadManager,,;No helos are at ES
3075,8,filterES,,
3075,108,filterES,,
3075,293,filterES,,
3075,573,filterES,,
3075,1132,filterES,,
3075,1172,filterES,,Helicopter;1;is evacuating people
3075,4,helipadManager,outHQ,0
3075,4,helipadManager,,;No helos are at ES
3075,5,helicopterQueue,,1;Helos are waiting to land;HeloID;4
3075,1172,filterES,out,Helicopter 1 is evacuating people1
3075,1172,filterES,,
3075,1173,helicopter,,Helicopter;1;is loading people at the evacuation site;;and has;10;spots taken
3075,4,helipadManager,,;No helos are at ES
3075,5,helicopterQueue,outHM,Helicopter 4 is evacuating people4
3075,5,helicopterQueue,outHelo,Helicopter 4 is evacuating people4
3075,5,helicopterQueue,,;No helos are waiting to land
3075,8,filterES,,
3075,108,filterES,,
3075,293,filterES,,Helicopter;4;is evacuating people
3075,573,filterES,,
3075,1132,filterES,,
3075,1172,filterES,,
3075,1173,helicopter,,Helicopter;1;is returning to the FOL;;and has;10;spots taken
3075,3,evacueeManager,,OFF SHIP: White;0;Green;108;Yellow;30;Red;7;Black;305;ON SHIP: White;0;Green;0;Yellow;0;Red;0;Evacuees to Transfer;;EvacueeID;123;HeloID;4;OnShip;0;Triage Status;G;EvacueeID;125;HeloID;4;OnShip;0;Triage Status;G;EvacueeID;126;HeloID;4;OnShip;0;Triage Status;G;EvacueeID;142;HeloID;4;OnShip;0;Triage Status;G;EvacueeID;144;HeloID;4;OnShip;0;Triage Status;G;EvacueeID;147;HeloID;4;OnShip;0;Triage Status;G;EvacueeID;153;HeloID;4;OnShip;0;Triage Status;G;EvacueeID;156;HeloID;4;OnShip;0;Triage Status;G;EvacueeID;158;HeloID;4;OnShip;0;Triage Status;G;EvacueeID;159;HeloID;4;OnShip;0;Triage Status;G
3075,4,helipadManager,outEM,Helicopter 4 is evacuating people4
3075,4,helipadManager,,Helo;4;is at the ES
3075,293,filterES,out,Helicopter 4 is evacuating people4
3075,293,filterES,,
3075,294,helicopter,,Helicopter;4;is waiting to land at the evacuation site;;and has;0;spots taken
3075,3,evacueeManager,outEvac,Evacuee 123 in triage category G is assigned helicopter 4
3075,3,evacueeManager,outEvac,Evacuee 125 in triage category G is assigned helicopter 4
3075,3,evacueeManager,outEvac,Evacuee 126 in triage category G is assigned helicopter 4
3075,3,evacueeManager,outEvac,Evacuee 142 in triage category G is assigned helicopter 4
3075,3,evacueeManager,outEvac,Evacuee 144 in triage category G is assigned helicopter 4
3075,3,evacueeManager,outEvac,Evacuee 147 in triage category G is assigned helicopter 4
3075,3,evacueeManager,outEvac,Evacuee 153 in triage category G is assigned helicopter 4
3075,3,evacueeManager,outEvac,Evacuee 156 in triage category G is assigned helicopter 4
3075,3,evacueeManager,outEvac,Evacuee 158 in triage category G is assigned helicopter 4
3075,3,evacueeManager,outEvac,Evacuee 159 in triage category G is assigned helicopter 4
3075,3,evacueeManager,,OFF SHIP: White;0;Green;108;Yellow;30;Red;7;Black;305;ON SHIP: White;0;Green;0;Yellow;0;Red;0;Evacuees to Transfer;
3075,11,filterLoc,,
3075,14,filterLoc,,
3075,17,filterLoc,,
3075,20,filterLoc,,
3075,23,filterLoc,,
3075,26,filterLoc,,
3075,29,filterLoc,,
3075,32,filterLoc,,
3075,35,filterLoc,,
3075,38,filterLoc,,
3075,41,filterLoc,,
3075,44,filterLoc,,
3075,47,filterLoc,,
3075,50,filterLoc,,
3075,53,filterLoc,,
3075,56,filterLoc,,
3075,59,filterLoc,,
3075,62,filterLoc,,
3075,65,filterLoc,,
3075,68,filterLoc,,
3075,71,filterLoc,,
3075,74,filterLoc,,
3075,77,filterLoc,,
3075,80,filterLoc,,
3075,83,filterLoc,,
3075,86,filterLoc,,
3075,89,filterLoc,,
3075,92,filterLoc,,
3075,95,filterLoc,,
3075,98,filterLoc,,
3075,101,filterLoc,,
3075,104,filterLoc,,
3075,111,filterLoc,,
3075,114,filterLoc,,
3075,117,filterLoc,,
3075,120,filterLoc,,
3075,123,filterLoc,,
3075,126,filterLoc,,
3075,129,filterLoc,,
3075,132,filterLoc,,
3075,135,filterLoc,,
3075,138,filterLoc,,
3075,141,filterLoc,,
3075,144,filterLoc,,
3075,147,filterLoc,,
3075,150,filterLoc,,
3075,153,filterLoc,,
3075,156,filterLoc,,
3075,159,filterLoc,,
3075,162,filterLoc,,
3075,165,filterLoc,,
3075,168,filterLoc,,
3075,171,filterLoc,,
3075,174,filterLoc,,
3075,177,filterLoc,,
3075,180,filterLoc,,
3075,183,filterLoc,,
3075,186,filterLoc,,
3075,189,filterLoc,,
3075,192,filterLoc,,
3075,195,filterLoc,,
3075,198,filterLoc,,
3075,201,filterLoc,,
3075,204,filterLoc,,
3075,207,filterLoc,,
3075,210,filterLoc,,
3075,213,filterLoc,,
3075,216,filterLoc,,
3075,219,filterLoc,,
3075,222,filterLoc,,
3075,225,filterLoc,,
3075,229,filterLoc,,
3075,232,filterLoc,,
3075,235,filterLoc,,
3075,238,filterLoc,,
3075,241,filterLoc,,
3075,244,filterLoc,,
3075,247,filterLoc,,
3075,250,filterLoc,,
3075,253,filterLoc,,
3075,256,filterLoc,,
3075,259,filterLoc,,
3075,262,filterLoc,,
3075,265,filterLoc,,
3075,268,filterLoc,,
3075,271,filterLoc,,
3075,274,filterLoc,,
3075,277,filterLoc,,
3075,280,filterLoc,,
3075,283,filterLoc,,
3075,286,filterLoc,,
3075,289,filterLoc,,
3075,294,helicopter,,Helicopter;4;is loading people at the evacuation site;;and has;0;spots taken
3075,296,filterLoc,,
3075,299,filterLoc,,
3075,302,filterLoc,,
3075,305,filterLoc,,
3075,308,filterLoc,,
3075,311,filterLoc,,
3075,314,filterLoc,,
3075,317,filterLoc,,
3075,320,filterLoc,,
3075,323,filterLoc,,
3075,326,filterLoc,,
3075,329,filterLoc,,
3075,332,filterLoc,,
3075,335,filterLoc,,
3075,338,filterLoc,,
3075,341,filterLoc,,
3075,344,filterLoc,,
3075,347,filterLoc,,
3075,350,filterLoc,,
3075,353,filterLoc,,
3075,356,filterLoc,,
3075,359,filterLoc,,
3075,362,filterLoc,,
3075,365,filterLoc,,
3075,368,filterLoc,,
3075,371,filterLoc,,
3075,374,filterLoc,,
3075,377,filterLoc,,
3075,380,filterLoc,,
3075,383,filterLoc,,
3075,386,filterLoc,,
3075,389,filterLoc,,
3075,392,filterLoc,,
3075,395,filterLoc,,
3075,398,filterLoc,,
3075,401,filterLoc,,
3075,404,filterLoc,,
3075,407,filterLoc,,
3075,410,filterLoc,,
3075,413,filterLoc,,
3075,416,filterLoc,,
3075,419,filterLoc,,
3075,422,filterLoc,,
3075,425,filterLoc,,
3075,428,filterLoc,,
3075,431,filterLoc,,
3075,434,filterLoc,,
3075,437,filterLoc,,
3075,440,filterLoc,,
3075,443,filterLoc,,
3075,446,filterLoc,,
3075,449,filterLoc,,
3075,452,filterLoc,,
3075,455,filterLoc,,
3075,458,filterLoc,,
3075,461,filterLoc,,;Evacuee;125;in triage category;G;is entering helicopter;4
3075,464,filterLoc,,
3075,467,filterLoc,,
3075,470,filterLoc,,
3075,473,filterLoc,,
3075,476,filterLoc,,
3075,479,filterLoc,,
3075,482,filterLoc,,
3075,485,filterLoc,,
3075,488,filterLoc,,
3075,491,filterLoc,,
3075,494,filterLoc,,
3075,497,filterLoc,,
3075,500,filterLoc,,
3075,503,filterLoc,,
3075,506,filterLoc,,
3075,509,filterLoc,,
3075,512,filterLoc,,
3075,515,filterLoc,,
3075,518,filterLoc,,
3075,521,filterLoc,,
3075,524,filterLoc,,
3075,527,filterLoc,,
3075,530,filterLoc,,
3075,533,filterLoc,,
3075,536,filterLoc,,
3075,539,filterLoc,,
3075,542,filterLoc,,
3075,545,filterLoc,,
3075,548,filterLoc,,
3075,551,filterLoc,,
3075,554,filterLoc,,
3075,557,filterLoc,,
3075,560,filterLoc,,
3075,563,filterLoc,,
3075,566,filterLoc,,
3075,569,filterLoc,,
3075,576,filterLoc,,
3075,579,filterLoc,,
3075,582,filterLoc,,
3075,585,filterLoc,,
3075,588,filterLoc,,
3075,591,filterLoc,,
3075,594,filterLoc,,;Evacuee;142;in triage category;G;is entering helicopter;4
3075,597,filterLoc,,
3075,600,filterLoc,,
3075,603,filterLoc,,
3075,606,filterLoc,,
3075,609,filterLoc,,
3075,612,filterLoc,,
3075,615,filterLoc,,
3075,618,filterLoc,,
3075,621,filterLoc,,
3075,624,filterLoc,,
3075,627,filterLoc,,
3075,630,filterLoc,,
3075,633,filterLoc,,
3075,636,filterLoc,,
3075,639,filterLoc,,
3075,642,filterLoc,,
3075,645,filterLoc,,
3075,648,filterLoc,,
3075,651,filterLoc,,
3075,654,filterLoc,,
3075,657,filterLoc,,
3075,660,filterLoc,,
3075,663,filterLoc,,
3075,666,filterLoc,,
3075,669,filterLoc,,
3075,672,filterLoc,,
3075,675,filterLoc,,
3075,678,filterLoc,,
3075,681,filterLoc,,;Evacuee;156;in triage category;G;is entering helicopter;4
3075,684,filterLoc,,
3075,687,filterLoc,,
3075,690,filterLoc,,
3075,693,filterLoc,,
3075,696,filterLoc,,
3075,699,filterLoc,,
3075,702,filterLoc,,
3075,705,filterLoc,,
3075,708,filterLoc,,
3075,711,filterLoc,,
3075,714,filterLoc,,
3075,717,filterLoc,,
3075,720,filterLoc,,
3075,723,filterLoc,,
3075,726,filterLoc,,
3075,729,filterLoc,,
3075,732,filterLoc,,
3075,735,filterLoc,,
3075,738,filterLoc,,
3075,741,filterLoc,,
3075,744,filterLoc,,
3075,747,filterLoc,,;Evacuee;147;in triage category;G;is entering helicopter;4
3075,750,filterLoc,,
3075,753,filterLoc,,
3075,756,filterLoc,,
3075,759,filterLoc,,
3075,762,filterLoc,,
3075,765,filterLoc,,
3075,768,filterLoc,,
3075,771,filterLoc,,
3075,774,filterLoc,,
3075,777,filterLoc,,
3075,780,filterLoc,,
3075,783,filterLoc,,
3075,786,filterLoc,,
3075,789,filterLoc,,
3075,792,filterLoc,,
3075,795,filterLoc,,
3075,798,filterLoc,,
3075,801,filterLoc,,
3075,804,filterLoc,,
3075,807,filterLoc,,
3075,810,filterLoc,,
3075,813,filterLoc,,
3075,816,filterLoc,,
3075,819,filterLoc,,;Evacuee;158;in triage category;G;is entering helicopter;4
3075,822,filterLoc,,
3075,825,filterLoc,,
3075,828,filterLoc,,
3075,831,filterLoc,,
3075,834,filterLoc,,
3075,837,filterLoc,,
3075,840,filterLoc,,
3075,843,filterLoc,,
3075,846,filterLoc,,
3075,849,filterLoc,,
3075,852,filterLoc,,
3075,855,filterLoc,,
3075,858,filterLoc,,
3075,861,filterLoc,,
3075,864,filterLoc,,
3075,867,filterLoc,,
3075,870,filterLoc,,
3075,873,filterLoc,,
3075,876,filterLoc,,
3075,879,filterLoc,,
3075,882,filterLoc,,
3075,885,filterLoc,,
3075,888,filterLoc,,
3075,891,filterLoc,,
3075,894,filterLoc,,
3075,897,filterLoc,,
3075,900,filterLoc,,
3075,903,filterLoc,,
3075,906,filterLoc,,
3075,909,filterLoc,,
3075,912,filterLoc,,
3075,915,filterLoc,,
3075,918,filterLoc,,
3075,921,filterLoc,,
3075,924,filterLoc,,
3075,927,filterLoc,,
3075,930,filterLoc,,
3075,933,filterLoc,,
3075,936,filterLoc,,
3075,939,filterLoc,,
3075,942,filterLoc,,
3075,945,filterLoc,,
3075,948,filterLoc,,
3075,951,filterLoc,,
3075,954,filterLoc,,
3075,957,filterLoc,,
3075,960,filterLoc,,
3075,963,filterLoc,,
3075,966,filterLoc,,
3075,969,filterLoc,,
3075,972,filterLoc,,
3075,975,filterLoc,,
3075,978,filterLoc,,
3075,981,filterLoc,,
3075,984,filterLoc,,
3075,987,filterLoc,,
3075,990,filterLoc,,
3075,993,filterLoc,,
3075,996,filterLoc,,
3075,999,filterLoc,,
3075,1002,filterLoc,,
3075,1005,filterLoc,,
3075,1008,filterLoc,,
3075,1011,filterLoc,,
3075,1014,filterLoc,,
3075,1017,filterLoc,,
3075,1020,filterLoc,,
3075,1023,filterLoc,,
3075,1026,filterLoc,,
3075,1029,filterLoc,,
3075,1032,filterLoc,,
3075,1035,filterLoc,,
3075,1038,filterLoc,,
3075,1041,filterLoc,,
3075,1044,filterLoc,,
3075,1047,filterLoc,,
3075,1050,filterLoc,,
3075,1053,filterLoc,,
3075,1056,filterLoc,,
3075,1059,filterLoc,,
3075,1062,filterLoc,,
3075,1065,filterLoc,,
3075,1068,filterLoc,,
3075,1071,filterLoc,,
3075,1074,filterLoc,,
3075,1077,filterLoc,,
3075,1080,filterLoc,,
3075,1083,filterLoc,,
3075,1086,filterLoc,,
3075,1089,filterLoc,,
3075,1092,filterLoc,,
3075,1095,filterLoc,,
3075,1098,filterLoc,,
3075,1101,filterLoc,,
3075,1104,filterLoc,,
3075,1107,filterLoc,,
3075,1110,filterLoc,,;Evacuee;144;in triage category;G;is entering helicopter;4
3075,1113,filterLoc,,
3075,1116,filterLoc,,
3075,1119,filterLoc,,
3075,1122,filterLoc,,
3075,1125,filterLoc,,
3075,1128,filterLoc,,
3075,1135,filterLoc,,
3075,1138,filterLoc,,
3075,1141,filterLoc,,
3075,1144,filterLoc,,
3075,1147,filterLoc,,
3075,1150,filterLoc,,
3075,1153,filterLoc,,
3075,1156,filterLoc,,
3075,1159,filterLoc,,
3075,1162,filterLoc,,
3075,1165,filterLoc,,
3075,1168,filterLoc,,
3075,1175,filterLoc,,
3075,1178,filterLoc,,
3075,1181,filterLoc,,
3075,1184,filterLoc,,
3075,1187,filterLoc,,
3075,1190,filterLoc,,
3075,1193,filterLoc,,
3075,1196,filterLoc,,
3075,1199,filterLoc,,
3075,1202,filterLoc,,
3075,1205,filterLoc,,
3075,1208,filterLoc,,
3075,1211,filterLoc,,
3075,1214,filterLoc,,
3075,1217,filterLoc,,
3075,1220,filterLoc,,
3075,1223,filterLoc,,
3075,1226,filterLoc,,
3075,1229,filterLoc,,
3075,1232,filterLoc,,
3075,1235,filterLoc,,
3075,1238,filterLoc,,
3075,1241,filterLoc,,
3075,1244,filterLoc,,;Evacuee;153;in triage category;G;is entering helicopter;4
3075,1247,filterLoc,,
3075,1250,filterLoc,,;Evacuee;123;in triage category;G;is entering helicopter;4
3075,1253,filterLoc,,;Evacuee;159;in triage category;G;is entering helicopter;4
3075,1256,filterLoc,,
3075,1259,filterLoc,,
3075,1262,filterLoc,,;Evacuee;126;in triage category;G;is entering helicopter;4
3075,1265,filterLoc,,
3075,1268,filterLoc,,
3075,1271,filterLoc,,
3075,1274,filterLoc,,
3075,1277,filterLoc,,
3075,1280,filterLoc,,
3075,1283,filterLoc,,
3075,1286,filterLoc,,
3075,1289,filterLoc,,
3075,1292,filterLoc,,
3075,1295,filterLoc,,
3075,1298,filterLoc,,
3075,1301,filterLoc,,
3075,1304,filterLoc,,
3075,1307,filterLoc,,
3075,1310,filterLoc,,
3075,1313,filterLoc,,
3075,1316,filterLoc,,
3075,1319,filterLoc,,
3075,1322,filterLoc,,
3075,1325,filterLoc,,
3075,1328,filterLoc,,
3075,1331,filterLoc,,
3075,1334,filterLoc,,
3075,1337,filterLoc,,
3075,1340,filterLoc,,
3075,1343,filterLoc,,
3075,1346,filterLoc,,
3075,1349,filterLoc,,
3075,1352,filterLoc,,
3075,1355,filterLoc,,
3075,1358,filterLoc,,
3075,1361,filterLoc,,
3075,1364,filterLoc,,
3075,1367,filterLoc,,
3075,1370,filterLoc,,
3075,1373,filterLoc,,
3075,1376,filterLoc,,
3075,1379,filterLoc,,
3075,1382,filterLoc,,
3075,1385,filterLoc,,
3075,1388,filterLoc,,
3075,1391,filterLoc,,
3075,1394,filterLoc,,
3075,1397,filterLoc,,
3075,1400,filterLoc,,
3075,1403,filterLoc,,
3075,1406,filterLoc,,
3075,1409,filterLoc,,
3075,1412,filterLoc,,
3075,1415,filterLoc,,
3075,1418,filterLoc,,
3075,1421,filterLoc,,
3075,1424,filterLoc,,
3075,1427,filterLoc,,
3075,1430,filterLoc,,
3075,1433,filterLoc,,
3075,1436,filterLoc,,
3075,1439,filterLoc,,
3075,1442,filterLoc,,
3075,1445,filterLoc,,
3075,1448,filterLoc,,
3075,1451,filterLoc,,
3075,1454,filterLoc,,
3075,1457,filterLoc,,
3075,1460,filterLoc,,
3075,1463,filterLoc,,
3075,1466,filterLoc,,
3075,1469,filterLoc,,
3075,1472,filterLoc,,
3075,1475,filterLoc,,
3075,1478,filterLoc,,
3075,1481,filterLoc,,
3075,1484,filterLoc,,
3075,1487,filterLoc,,
3075,1490,filterLoc,,
3075,1493,filterLoc,,
3075,1496,filterLoc,,
3075,1499,filterLoc,,
3075,1502,filterLoc,,
3075,1505,filterLoc,,
3075,1508,filterLoc,,
3075,1511,filterLoc,,
3075,1514,filterLoc,,
3075,1517,filterLoc,,
3075,1520,filterLoc,,
3075,1523,filterLoc,,
3075,1526,filterLoc,,
3075,1529,filterLoc,,
3075,461,filterLoc,out,Evacuee 125 in triage category G is assigned helicopter 4
3075,461,filterLoc,,
3075,462,evacuee,,Evacuee;125;in triage state;G;is entering helicopter;4
3075,594,filterLoc,out,Evacuee 142 in triage category G is assigned helicopter 4
3075,594,filterLoc,,
3075,595,evacuee,,Evacuee;142;in triage state;G;is entering helicopter;4
3075,681,filterLoc,out,Evacuee 156 in triage category G is assigned helicopter 4
3075,681,filterLoc,,
3075,682,evacuee,,Evacuee;156;in triage state;G;is entering helicopter;4
3075,747,filterLoc,out,Evacuee 147 in triage category G is assigned helicopter 4
3075,747,filterLoc,,
3075,748,evacuee,,Evacuee;147;in triage state;G;is entering helicopter;4
3075,819,filterLoc,out,Evacuee 158 in triage category G is assigned helicopter 4
3075,819,filterLoc,,
3075,820,evacuee,,Evacuee;158;in triage state;G;is entering helicopter;4
3075,1110,filterLoc,out,Evacuee 144 in triage category G is assigned helicopter 4
3075,1110,filterLoc,,
3075,1111,evacuee,,Evacuee;144;in triage state;G;is entering helicopter;4
3075,1244,filterLoc,out,Evacuee 153 in triage category G is assigned helicopter 4
3075,1244,filterLoc,,
3075,1245,evacuee,,Evacuee;153;in triage state;G;is entering helicopter;4
3075,1250,filterLoc,out,Evacuee 123 in triage category G is assigned helicopter 4
3075,1250,filterLoc,,
3075,1251,evacuee,,Evacuee;123;in triage state;G;is entering helicopter;4
3075,1253,filterLoc,out,Evacuee 159 in triage category G is assigned helicopter 4
3075,1253,filterLoc,,
3075,1254,evacuee,,Evacuee;159;in triage state;G;is entering helicopter;4
3075,1262,filterLoc,out,Evacuee 126 in triage category G is assigned helicopter 4
3075,1262,filterLoc,,
3075,1263,evacuee,,Evacuee;126;in triage state;G;is entering helicopter;4
3075,7,filterEvac,,
3075,107,filterEvac,,
3075,292,filterEvac,,;Evacuee;123;in triage category;G;is entering helicopter;4;Evacuee;125;in triage category;G;is entering helicopter;4;Evacuee;126;in triage category;G;is entering helicopter;4;Evacuee;142;in triage category;G;is entering helicopter;4;Evacuee;144;in triage category;G;is entering helicopter;4;Evacuee;147;in triage category;G;is entering helicopter;4;Evacuee;153;in triage category;G;is entering helicopter;4;Evacuee;156;in triage category;G;is entering helicopter;4;Evacuee;158;in triage category;G;is entering helicopter;4;Evacuee;159;in triage category;G;is entering helicopter;4
3075,462,evacuee,outHelo,Evacuee 125 in triage category G is assigned helicopter 4
3075,462,evacuee,,Evacuee;125;in triage state;G;is in helicopter;4
3075,572,filterEvac,,
3075,595,evacuee,outHelo,Evacuee 142 in triage category G is assigned helicopter 4
3075,595,evacuee,,Evacuee;142;in triage state;G;is in helicopter;4
3075,682,evacuee,outHelo,Evacuee 156 in triage category G is assigned helicopter 4
3075,682,evacuee,,Evacuee;156;in triage state;G;is in helicopter;4
3075,748,evacuee,outHelo,Evacuee 147 in triage category G is assigned helicopter 4
3075,748,evacuee,,Evacuee;147;in triage state;G;is in helicopter;4
3075,820,evacuee,outHelo,Evacuee 158 in triage category G is assigned helicopter 4
3075,820,evacuee,,Evacuee;158;in triage state;G;is in helicopter;4
3075,1111,evacuee,outHelo,Evacuee 144 in triage category G is assigned helicopter 4
3075,1111,evacuee,,Evacuee;144;in triage state;G;is in helicopter;4
3075,1131,filterEvac,,
3075,1171,filterEvac,,
3075,1245,evacuee,outHelo,Evacuee 153 in triage category G is assigned helicopter 4
3075,1245,evacuee,,Evacuee;153;in triage state;G;is in helicopter;4
3075,1251,evacuee,outHelo,Evacuee 123 in triage category G is assigned helicopter 4
3075,1251,evacuee,,Evacuee;123;in triage state;G;is in helicopter;4
3075,1254,evacuee,outHelo,Evacuee 159 in triage category G is assigned helicopter 4
3075,1254,evacuee,,Evacuee;159;in triage state;G;is in helicopter;4
3075,1263,evacuee,outHelo,Evacuee 126 in triage category G is assigned helicopter 4
3075,1263,evacuee,,Evacuee;126;in triage state;G;is in helicopter;4
3075,292,filterEvac,out,Evacuee 123 in triage category G is assigned helicopter 4
3075,292,filterEvac,out,Evacuee 125 in triage category G is assigned helicopter 4
3075,292,filterEvac,out,Evacuee 126 in triage category G is assigned helicopter 4
3075,292,filterEvac,out,Evacuee 142 in triage category G is assigned helicopter 4
3075,292,filterEvac,out,Evacuee 144 in triage category G is assigned helicopter 4
3075,292,filterEvac,out,Evacuee 147 in triage category G is assigned helicopter 4
3075,292,filterEvac,out,Evacuee 153 in triage category G is assigned helicopter 4
3075,292,filterEvac,out,Evacuee 156 in triage category G is assigned helicopter 4
3075,292,filterEvac,out,Evacuee 158 in triage category G is assigned helicopter 4
3075,292,filterEvac,out,Evacuee 159 in triage category G is assigned helicopter 4
3075,292,filterEvac,,
3075,294,helicopter,,Helicopter;4;is loading people at the evacuation site;;and has;10;spots taken
3077.3,3,evacueeManager,,OFF SHIP: White;0;Green;108;Yellow;29;Red;8;Black;305;ON SHIP: White;0;Green;0;Yellow;0;Red;0;Evacuees to Transfer;
3077.3,1018,evacuee,outES,Evacuee 53 in triage category Y is not assigned a helicopter
3077.3,1018,evacuee,,Evacuee;53;in triage state;R;is at the evacuation site
3085.21,3,evacueeManager,,OFF SHIP: White;0;Green;108;Yellow;29;Red;7;Black;306;ON SHIP: White;0;Green;0;Yellow;0;Red;0;Evacuees to Transfer;
3085.21,1383,evacuee,outES,Evacuee 252 in triage category R is not assigned a helicopter
3085.21,1383,evacuee,,Evacuee;252;in triage state;B;is at the evacuation site
3088.54,3,evacueeManager,,OFF SHIP: White;0;Green;108;Yellow;28;Red;8;Black;306;ON SHIP: White;0;Green;0;Yellow;0;Red;0;Evacuees to Transfer;
3088.54,928,evacuee,outES,Evacuee 359 in triage category Y is not assigned a helicopter
3088.54,928,evacuee,,Evacuee;359;in triage state;R;is at the evacuation site
3090,4,helipadManager,outHelo,Helicopter 4 is evacuating people4
3090,4,helipadManager,,;No helos are at ES
3090,8,filterES,,
3090,11,filterLoc,,
3090,14,filterLoc,,
3090,17,filterLoc,,
3090,20,filterLoc,,
3090,23,filterLoc,,
3090,26,filterLoc,,
3090,29,filterLoc,,
3090,32,filterLoc,,
3090,35,filterLoc,,
3090,38,filterLoc,,
3090,41,filterLoc,,
3090,44,filterLoc,,
3090,47,filterLoc,,
3090,50,filterLoc,,
3090,53,filterLoc,,
3090,56,filterLoc,,
3090,59,filterLoc,,
3090,62,filterLoc,,
3090,65,filterLoc,,
3090,68,filterLoc,,
3090,71,filterLoc,,
3090,74,filterLoc,,
3090,77,filterLoc,,
3090,80,filterLoc,,
3090,83,filterLoc,,
3090,86,filterLoc,,
3090,89,filterLoc,,
3090,92,filterLoc,,
3090,95,filterLoc,,
3090,98,filterLoc,,
3090,101,filterLoc,,
3090,104,filterLoc,,
3090,108,filterES,,
3090,109,helicopter,outEvac,Evacuee 54 in triage category G is not assigned a helicopter
3090,109,helicopter,outEvac,Evacuee 55 in triage category G is not assigned a helicopter
3090,109,helicopter,outEvac,Evacuee 58 in triage category G is not assigned a helicopter
3090,109,helicopter,outEvac,Evacuee 60 in triage category G is not assigned a helicopter
3090,109,helicopter,outEvac,Evacuee 65 in triage category G is not assigned a helicopter
3090,109,helicopter,outEvac,Evacuee 67 in triage category G is not assigned a helicopter
3090,109,helicopter,outEvac,Evacuee 73 in triage category G is not assigned a helicopter
3090,109,helicopter,outEvac,Evacuee 75 in triage category G is not assigned a helicopter
3090,109,helicopter,outEvac,Evacuee 77 in triage category G is not assigned a helicopter
3090,109,helicopter,outEvac,Evacuee 78 in triage category G is not assigned a helicopter
3090,109,helicopter,,Helicopter;3;is unloading people at the FOL;;and has;0;spots taken
3090,111,filterLoc,,
3090,114,filterLoc,,
3090,117,filterLoc,,
3090,120,filterLoc,,
3090,123,filterLoc,,
3090,126,filterLoc,,
3090,129,filterLoc,,
3090,132,filterLoc,,
3090,135,filterLoc,,
3090,138,filterLoc,,
3090,141,filterLoc,,
3090,144,filterLoc,,
3090,147,filterLoc,,
3090,150,filterLoc,,
3090,153,filterLoc,,
3090,156,filterLoc,,
3090,159,filterLoc,,
3090,162,filterLoc,,
3090,165,filterLoc,,
3090,168,filterLoc,,
3090,171,filterLoc,,
3090,174,filterLoc,,
3090,177,filterLoc,,
3090,180,filterLoc,,
3090,183,filterLoc,,
3090,186,filterLoc,,
3090,189,filterLoc,,
3090,192,filterLoc,,
3090,195,filterLoc,,
3090,198,filterLoc,,
3090,201,filterLoc,,
3090,204,filterLoc,,
3090,207,filterLoc,,
3090,210,filterLoc,,
3090,213,filterLoc,,
3090,216,filterLoc,,
3090,219,filterLoc,,
3090,222,filterLoc,,
3090,225,filterLoc,,
3090,229,filterLoc,,
3090,232,filterLoc,,
3090,235,filterLoc,,
3090,238,filterLoc,,
3090,241,filterLoc,,
3090,244,filterLoc,,
3090,247,filterLoc,,
3090,250,filterLoc,,
3090,253,filterLoc,,
3090,256,filterLoc,,
3090,259,filterLoc,,
3090,262,filterLoc,,
3090,265,filterLoc,,
3090,268,filterLoc,,
3090,271,filterLoc,,
3090,274,filterLoc,,
3090,277,filterLoc,,
3090,280,filterLoc,,
3090,283,filterLoc,,
3090,286,filterLoc,,
3090,289,filterLoc,,
3090,293,filterES,,Helicopter;4;is evacuating people
3090,296,filterLoc,,
3090,299,filterLoc,,
3090,302,filterLoc,,
3090,305,filterLoc,,
3090,308,filterLoc,,
3090,311,filterLoc,,
3090,314,filterLoc,,
3090,317,filterLoc,,
3090,320,filterLoc,,
3090,323,filterLoc,,
3090,326,filterLoc,,
3090,329,filterLoc,,
3090,332,filterLoc,,
3090,335,filterLoc,,
3090,338,filterLoc,,
3090,341,filterLoc,,
3090,344,filterLoc,,
3090,347,filterLoc,,
3090,350,filterLoc,,
3090,353,filterLoc,,
3090,356,filterLoc,,
3090,359,filterLoc,,
3090,362,filterLoc,,
3090,365,filterLoc,,
3090,368,filterLoc,,
3090,371,filterLoc,,
3090,374,filterLoc,,
3090,377,filterLoc,,
3090,380,filterLoc,,
3090,383,filterLoc,,
3090,386,filterLoc,,
3090,389,filterLoc,,
3090,392,filterLoc,,
3090,395,filterLoc,,
3090,398,filterLoc,,
3090,401,filterLoc,,
3090,404,filterLoc,,
3090,407,filterLoc,,
3090,410,filterLoc,,
3090,413,filterLoc,,
3090,416,filterLoc,,
3090,419,filterLoc,,
3090,422,filterLoc,,
3090,425,filterLoc,,
3090,428,filterLoc,,
3090,431,filterLoc,,
3090,434,filterLoc,,
3090,437,filterLoc,,
3090,440,filterLoc,,
3090,443,filterLoc,,
3090,446,filterLoc,,
3090,449,filterLoc,,
3090,452,filterLoc,,
3090,455,filterLoc,,
3090,458,filterLoc,,
3090,461,filterLoc,,
3090,464,filterLoc,,
3090,467,filterLoc,,
3090,470,filterLoc,,
3090,473,filterLoc,,
3090,476,filterLoc,,
3090,479,filterLoc,,
3090,482,filterLoc,,
3090,485,filterLoc,,
3090,488,filterLoc,,
3090,491,filterLoc,,
3090,494,filterLoc,,
3090,497,filterLoc,,
3090,500,filterLoc,,
3090,503,filterLoc,,
3090,506,filterLoc,,
3090,509,filterLoc,,
3090,512,filterLoc,,
3090,515,filterLoc,,
3090,518,filterLoc,,
3090,521,filterLoc,,
3090,524,filterLoc,,
3090,527,filterLoc,,
3090,530,filterLoc,,
3090,533,filterLoc,,
3090,536,filterLoc,,
3090,539,filterLoc,,
3090,542,filterLoc,,
3090,545,filterLoc,,
3090,548,filterLoc,,
3090,551,filterLoc,,
3090,554,filterLoc,,
3090,557,filterLoc,,
3090,560,filterLoc,,
3090,563,filterLoc,,
3090,566,filterLoc,,
3090,569,filterLoc,,
3090,573,filterES,,
3090,576,filterLoc,,
3090,579,filterLoc,,
3090,582,filterLoc,,
3090,585,filterLoc,,
3090,588,filterLoc,,
3090,591,filterLoc,,
3090,594,filterLoc,,
3090,597,filterLoc,,
3090,600,filterLoc,,
3090,603,filterLoc,,
3090,606,filterLoc,,
3090,609,filterLoc,,
3090,612,filterLoc,,
3090,615,filterLoc,,
3090,618,filterLoc,,
3090,621,filterLoc,,
3090,624,filterLoc,,
3090,627,filterLoc,,
3090,630,filterLoc,,
3090,633,filterLoc,,
3090,636,filterLoc,,
3090,639,filterLoc,,
3090,642,filterLoc,,
3090,645,filterLoc,,
3090,648,filterLoc,,
3090,651,filterLoc,,
3090,654,filterLoc,,
3090,657,filterLoc,,
3090,660,filterLoc,,
3090,663,filterLoc,,
3090,666,filterLoc,,
3090,669,filterLoc,,;Evacuee;78;in triage category;G;is leaving helicopter;3
3090,672,filterLoc,,
3090,675,filterLoc,,
3090,678,filterLoc,,;Evacuee;77;in triage category;G;is leaving helicopter;3
3090,681,filterLoc,,
3090,684,filterLoc,,
3090,687,filterLoc,,
3090,690,filterLoc,,
3090,693,filterLoc,,
3090,696,filterLoc,,
3090,699,filterLoc,,
3090,702,filterLoc,,
3090,705,filterLoc,,
3090,708,filterLoc,,
3090,711,filterLoc,,
3090,714,filterLoc,,
3090,717,filterLoc,,
3090,720,filterLoc,,
3090,723,filterLoc,,
3090,726,filterLoc,,
3090,729,filterLoc,,
3090,732,filterLoc,,
3090,735,filterLoc,,
3090,738,filterLoc,,
3090,741,filterLoc,,
3090,744,filterLoc,,
3090,747,filterLoc,,
3090,750,filterLoc,,;Evacuee;65;in triage category;G;is leaving helicopter;3
3090,753,filterLoc,,
3090,756,filterLoc,,
3090,759,filterLoc,,
3090,762,filterLoc,,
3090,765,filterLoc,,
3090,768,filterLoc,,
3090,771,filterLoc,,
3090,774,filterLoc,,
3090,777,filterLoc,,
3090,780,filterLoc,,
3090,783,filterLoc,,
3090,786,filterLoc,,
3090,789,filterLoc,,
3090,792,filterLoc,,
3090,795,filterLoc,,
3090,798,filterLoc,,
3090,801,filterLoc,,
3090,804,filterLoc,,
3090,807,filterLoc,,
3090,810,filterLoc,,
3090,813,filterLoc,,
3090,816,filterLoc,,
3090,819,filterLoc,,
3090,822,filterLoc,,
3090,825,filterLoc,,
3090,828,filterLoc,,
3090,831,filterLoc,,
3090,834,filterLoc,,
3090,837,filterLoc,,
3090,840,filterLoc,,
3090,843,filterLoc,,
3090,846,filterLoc,,
3090,849,filterLoc,,
3090,852,filterLoc,,
3090,855,filterLoc,,
3090,858,filterLoc,,
3090,861,filterLoc,,
3090,864,filterLoc,,
3090,867,filterLoc,,
3090,870,filterLoc,,
3090,873,filterLoc,,
3090,876,filterLoc,,
3090,879,filterLoc,,
3090,882,filterLoc,,;Evacuee;54;in triage category;G;is leaving helicopter;3
3090,885,filterLoc,,
3090,888,filterLoc,,
3090,891,filterLoc,,
3090,894,filterLoc,,
3090,897,filterLoc,,
3090,900,filterLoc,,
3090,903,filterLoc,,
3090,906,filterLoc,,
3090,909,filterLoc,,
3090,912,filterLoc,,
3090,915,filterLoc,,
3090,918,filterLoc,,
3090,921,filterLoc,,
3090,924,filterLoc,,
3090,927,filterLoc,,
3090,930,filterLoc,,
3090,933,filterLoc,,
3090,936,filterLoc,,
3090,939,filterLoc,,
3090,942,filterLoc,,
3090,945,filterLoc,,
3090,948,filterLoc,,
3090,951,filterLoc,,
3090,954,filterLoc,,
3090,957,filterLoc,,
3090,960,filterLoc,,
3090,963,filterLoc,,;Evacuee;75;in triage category;G;is leaving helicopter;3
3090,966,filterLoc,,
3090,969,filterLoc,,
3090,972,filterLoc,,
3090,975,filterLoc,,
3090,978,filterLoc,,
3090,981,filterLoc,,
3090,984,filterLoc,,
3090,987,filterLoc,,
3090,990,filterLoc,,
3090,993,filterLoc,,
3090,996,filterLoc,,
3090,999,filterLoc,,
3090,1002,filterLoc,,
3090,1005,filterLoc,,
3090,1008,filterLoc,,
3090,1011,filterLoc,,
3090,1014,filterLoc,,
3090,1017,filterLoc,,
3090,1020,filterLoc,,
3090,1023,filterLoc,,
3090,1026,filterLoc,,
3090,1029,filterLoc,,
3090,1032,filterLoc,,
3090,1035,filterLoc,,
3090,1038,filterLoc,,
3090,1041,filterLoc,,
3090,1044,filterLoc,,
3090,1047,filterLoc,,
3090,1050,filterLoc,,
3090,1053,filterLoc,,
3090,1056,filterLoc,,
3090,1059,filterLoc,,
3090,1062,filterLoc,,
3090,1065,filterLoc,,
3090,1068,filterLoc,,
3090,1071,filterLoc,,
3090,1074,filterLoc,,
3090,1077,filterLoc,,
3090,1080,filterLoc,,
3090,1083,filterLoc,,
3090,1086,filterLoc,,
3090,1089,filterLoc,,
3090,1092,filterLoc,,
3090,1095,filterLoc,,
3090,1098,filterLoc,,
3090,1101,filterLoc,,
3090,1104,filterLoc,,;Evacuee;55;in triage category;G;is leaving helicopter;3
3090,1107,filterLoc,,
3090,1110,filterLoc,,
3090,1113,filterLoc,,
3090,1116,filterLoc,,
3090,1119,filterLoc,,
3090,1122,filterLoc,,
3090,1125,filterLoc,,
3090,1128,filterLoc,,
3090,1132,filterES,,
3090,1135,filterLoc,,
3090,1138,filterLoc,,
3090,1141,filterLoc,,
3090,1144,filterLoc,,
3090,1147,filterLoc,,
3090,1150,filterLoc,,
3090,1153,filterLoc,,
3090,1156,filterLoc,,
3090,1159,filterLoc,,
3090,1162,filterLoc,,
3090,1165,filterLoc,,
3090,1168,filterLoc,,
3090,1172,filterES,,
3090,1175,filterLoc,,
3090,1178,filterLoc,,
3090,1181,filterLoc,,
3090,1184,filterLoc,,;Evacuee;60;in triage category;G;is leaving helicopter;3
3090,1187,filterLoc,,
3090,1190,filterLoc,,
3090,1193,filterLoc,,
3090,1196,filterLoc,,
3090,1199,filterLoc,,
3090,1202,filterLoc,,
3090,1205,filterLoc,,
3090,1208,filterLoc,,
3090,1211,filterLoc,,
3090,1214,filterLoc,,
3090,1217,filterLoc,,
3090,1220,filterLoc,,
3090,1223,filterLoc,,
3090,1226,filterLoc,,
3090,1229,filterLoc,,
3090,1232,filterLoc,,
3090,1235,filterLoc,,
3090,1238,filterLoc,,
3090,1241,filterLoc,,
3090,1244,filterLoc,,
3090,1247,filterLoc,,;Evacuee;67;in triage category;G;is leaving helicopter;3
3090,1250,filterLoc,,
3090,1253,filterLoc,,
3090,1256,filterLoc,,
3090,1259,filterLoc,,
3090,1262,filterLoc,,
3090,1265,filterLoc,,
3090,1268,filterLoc,,
3090,1271,filterLoc,,
3090,1274,filterLoc,,
3090,1277,filterLoc,,
3090,1280,filterLoc,,
3090,1283,filterLoc,,
3090,1286,filterLoc,,
3090,1289,filterLoc,,
3090,1292,filterLoc,,
3090,1295,filterLoc,,
3090,1298,filterLoc,,
3090,1301,filterLoc,,
3090,1304,filterLoc,,
3090,1307,filterLoc,,
3090,1310,filterLoc,,
3090,1313,filterLoc,,
3090,1316,filterLoc,,
3090,1319,filterLoc,,
3090,1322,filterLoc,,
3090,1325,filterLoc,,;Evacuee;58;in triage category;G;is leaving helicopter;3
3090,1328,filterLoc,,
3090,1331,filterLoc,,
3090,1334,filterLoc,,
3090,1337,filterLoc,,
3090,1340,filterLoc,,
3090,1343,filterLoc,,
3090,1346,filterLoc,,
3090,1349,filterLoc,,
3090,1352,filterLoc,,
3090,1355,filterLoc,,
3090,1358,filterLoc,,
3090,1361,filterLoc,,
3090,1364,filterLoc,,
3090,1367,filterLoc,,
3090,1370,filterLoc,,
3090,1373,filterLoc,,
3090,1376,filterLoc,,
3090,1379,filterLoc,,
3090,1382,filterLoc,,
3090,1385,filterLoc,,
3090,1388,filterLoc,,
3090,1391,filterLoc,,
3090,1394,filterLoc,,
3090,1397,filterLoc,,
3090,1400,filterLoc,,
3090,1403,filterLoc,,
3090,1406,filterLoc,,
3090,1409,filterLoc,,
3090,1412,filterLoc,,
3090,1415,filterLoc,,
3090,1418,filterLoc,,
3090,1421,filterLoc,,
3090,1424,filterLoc,,
3090,1427,filterLoc,,
3090,1430,filterLoc,,
3090,1433,filterLoc,,
3090,1436,filterLoc,,
3090,1439,filterLoc,,
3090,1442,filterLoc,,
3090,1445,filterLoc,,
3090,1448,filterLoc,,
3090,1451,filterLoc,,
3090,1454,filterLoc,,
3090,1457,filterLoc,,
3090,1460,filterLoc,,
3090,1463,filterLoc,,
3090,1466,filterLoc,,
3090,1469,filterLoc,,
3090,1472,filterLoc,,;Evacuee;73;in triage category;G;is leaving helicopter;3
3090,1475,filterLoc,,
3090,1478,filterLoc,,
3090,1481,filterLoc,,
3090,1484,filterLoc,,
3090,1487,filterLoc,,
3090,1490,filterLoc,,
3090,1493,filterLoc,,
3090,1496,filterLoc,,
3090,1499,filterLoc,,
3090,1502,filterLoc,,
3090,1505,filterLoc,,
3090,1508,filterLoc,,
3090,1511,filterLoc,,
3090,1514,filterLoc,,
3090,1517,filterLoc,,
3090,1520,filterLoc,,
3090,1523,filterLoc,,
3090,1526,filterLoc,,
3090,1529,filterLoc,,
3090,4,helipadManager,outHQ,0
3090,4,helipadManager,,;No helos are at ES
3090,5,helicopterQueue,,;No helos are waiting to land
3090,293,filterES,out,Helicopter 4 is evacuating people4
3090,293,filterES,,
3090,294,helicopter,,Helicopter;4;is loading people at the evacuation site;;and has;10;spots taken
3090,669,filterLoc,out,Evacuee 78 in triage category G is not assigned a helicopter
3090,669,filterLoc,,
3090,670,evacuee,,Evacuee;78;in triage state;G;is entering the FOL
3090,678,filterLoc,out,Evacuee 77 in triage category G is not assigned a helicopter
3090,678,filterLoc,,
3090,679,evacuee,,Evacuee;77;in triage state;G;is entering the FOL
3090,750,filterLoc,out,Evacuee 65 in triage category G is not assigned a helicopter
3090,750,filterLoc,,
3090,751,evacuee,,Evacuee;65;in triage state;G;is entering the FOL
3090,882,filterLoc,out,Evacuee 54 in triage category G is not assigned a helicopter
3090,882,filterLoc,,
3090,883,evacuee,,Evacuee;54;in triage state;G;is entering the FOL
3090,963,filterLoc,out,Evacuee 75 in triage category G is not assigned a helicopter
3090,963,filterLoc,,
3090,964,evacuee,,Evacuee;75;in triage state;G;is entering the FOL
3090,1104,filterLoc,out,Evacuee 55 in triage category G is not assigned a helicopter
3090,1104,filterLoc,,
3090,1105,evacuee,,Evacuee;55;in triage state;G;is entering the FOL
3090,1184,filterLoc,out,Evacuee 60 in triage category G is not assigned a helicopter
3090,1184,filterLoc,,
3090,1185,evacuee,,Evacuee;60;in triage state;G;is entering the FOL
3090,1247,filterLoc,out,Evacuee 67 in triage category G is not assigned a helicopter
3090,1247,filterLoc,,
3090,1248,evacuee,,Evacuee;67;in triage state;G;is entering the FOL
3090,1325,filterLoc,out,Evacuee 58 in triage category G is not assigned a helicopter
3090,1325,filterLoc,,
3090,1326,evacuee,,Evacuee;58;in triage state;G;is entering the FOL
3090,1472,filterLoc,out,Evacuee 73 in triage category G is not assigned a helicopter
3090,1472,filterLoc,,
3090,1473,evacuee,,Evacuee;73;in triage state;G;is entering the FOL
3090,5,helicopterQueue,,;No helos are waiting to land
3090,227,FOL,,;EvacueeID;4;Triage Status;G;EvacueeID;7;Triage Status;G;EvacueeID;10;Triage Status;G;EvacueeID;11;Triage Status;G;EvacueeID;13;Triage Status;G;EvacueeID;14;Triage Status;G;EvacueeID;15;Triage Status;G;EvacueeID;17;Triage Status;G;EvacueeID;18;Triage Status;G;EvacueeID;19;Triage Status;G;EvacueeID;23;Triage Status;G;EvacueeID;24;Triage Status;G;EvacueeID;26;Triage Status;G;EvacueeID;28;Triage Status;G;EvacueeID;29;Triage Status;G;EvacueeID;32;Triage Status;G;EvacueeID;37;Triage Status;G;EvacueeID;45;Triage Status;G;EvacueeID;48;Triage Status;G;EvacueeID;50;Triage Status;G;EvacueeID;54;Triage Status;G;EvacueeID;55;Triage Status;G;EvacueeID;58;Triage Status;G;EvacueeID;60;Triage Status;G;EvacueeID;65;Triage Status;G;EvacueeID;67;Triage Status;G;EvacueeID;73;Triage Status;G;EvacueeID;75;Triage Status;G;EvacueeID;77;Triage Status;G;EvacueeID;78;Triage Status;G;Lives Saved;30
3090,294,helicopter,,Helicopter;4;is returning to the FOL;;and has;10;spots taken
3090,670,evacuee,outFOL,Evacuee 78 in triage category G is not assigned a helicopter
3090,670,evacuee,,Evacuee;78;in triage state;G;is at the FOL
3090,679,evacuee,outFOL,Evacuee 77 in triage category G is not assigned a helicopter
3090,679,evacuee,,Evacuee;77;in triage state;G;is at the FOL
3090,751,evacuee,outFOL,Evacuee 65 in triage category G is not assigned a helicopter
3090,751,evacuee,,Evacuee;65;in triage state;G;is at the FOL
3090,883,evacuee,outFOL,Evacuee 54 in triage category G is not assigned a helicopter
3090,883,evacuee,,Evacuee;54;in triage state;G;is at the FOL
3090,964,evacuee,outFOL,Evacuee 75 in triage category G is not assigned a helicopter
3090,964,evacuee,,Evacuee;75;in triage state;G;is at the FOL
3090,1105,evacuee,outFOL,Evacuee 55 in triage category G is not assigned a helicopter
3090,1105,evacuee,,Evacuee;55;in triage state;G;is at the FOL
3090,1185,evacuee,outFOL,Evacuee 60 in triage category G is not assigned a helicopter
3090,1185,evacuee,,Evacuee;60;in triage state;G;is at the FOL
3090,1248,evacuee,outFOL,Evacuee 67 in triage category G is not assigned a helicopter
3090,1248,evacuee,,Evacuee;67;in triage state;G;is at the FOL
3090,1326,evacuee,outFOL,Evacuee 58 in triage category G is not assigned a helicopter
3090,1326,evacuee,,Evacuee;58;in triage state;G;is at the FOL
3090,1473,evacuee,outFOL,Evacuee 73 in triage category G is not assigned a helicopter
3090,1473,evacuee,,Evacuee;73;in triage state;G;is at the FOL
3090,227,FOL,,;EvacueeID;4;Triage Status;G;EvacueeID;7;Triage Status;G;EvacueeID;10;Triage Status;G;EvacueeID;11;Triage Status;G;EvacueeID;13;Triage Status;G;EvacueeID;14;Triage Status;G;EvacueeID;15;Triage Status;G;EvacueeID;17;Triage Status;G;EvacueeID;18;Triage Status;G;EvacueeID;19;Triage Status;G;EvacueeID;23;Triage Status;G;EvacueeID;24;Triage Status;G;EvacueeID;26;Triage Status;G;EvacueeID;28;Triage Status;G;EvacueeID;29;Triage Status;G;EvacueeID;32;Triage Status;G;EvacueeID;37;Triage Status;G;EvacueeID;45;Triage Status;G;EvacueeID;48;Triage Status;G;EvacueeID;50;Triage Status;G;EvacueeID;54;Triage Status;G;EvacueeID;55;Triage Status;G;EvacueeID;58;Triage Status;G;EvacueeID;60;Triage Status;G;EvacueeID;65;Triage Status;G;EvacueeID;67;Triage Status;G;EvacueeID;73;Triage Status;G;EvacueeID;75;Triage Status;G;EvacueeID;77;Triage Status;G;EvacueeID;78;Triage Status;G;Lives Saved;30
3102.28,3,evacueeManager,,OFF SHIP: White;0;Green;108;Yellow;28;Red;7;Black;307;ON SHIP: White;0;Green;0;Yellow;0;Red;0;Evacuees to Transfer;
3102.28,1166,evacuee,outES,Evacuee 261 in triage category R is not assigned a helicopter
3102.28,1166,evacuee,,Evacuee;261;in triage state;B;is at the evacuation site
3105,9,helicopter,,Helicopter;6;Is going to the evacuation site;;and has;0;spots taken
3105,109,helicopter,,Helicopter;3;Is going to the evacuation site;;and has;0;spots taken
3106.37,3,evacueeManager,,OFF SHIP: White;0;Green;107;Yellow;29;Red;7;Black;307;ON SHIP: White;0;Green;0;Yellow;0;Red;0;Evacuees to Transfer;
3106.37,1458,evacuee,outES,Evacuee 164 in triage category G is not assigned a helicopter
3106.37,1458,evacuee,,Evacuee;164;in triage state;Y;is at the evacuation site
3120,5,helicopterQueue,,2;Helos are waiting to land;HeloID;2;HeloID;5
3120,574,helicopter,outES,Helicopter 5 is evacuating people5
3120,574,helicopter,,Helicopter;5;is waiting to land at the evacuation site;;and has;0;spots taken
3120,1133,helicopter,outES,Helicopter 2 is evacuating people2
3120,1133,helicopter,,Helicopter;2;is waiting to land at the evacuation site;;and has;0;spots taken
3120,4,helipadManager,,;No helos are at ES
3120,5,helicopterQueue,outHM,Helicopter 2 is evacuating people2
3120,5,helicopterQueue,outHelo,Helicopter 2 is evacuating people2
3120,5,helicopterQueue,,1;Helos are waiting to land;HeloID;5
3120,8,filterES,,
3120,108,filterES,,
3120,293,filterES,,
3120,573,filterES,,
3120,1132,filterES,,Helicopter;2;is evacuating people
3120,1172,filterES,,
3120,3,evacueeManager,,OFF SHIP: White;0;Green;97;Yellow;29;Red;7;Black;307;ON SHIP: White;0;Green;0;Yellow;0;Red;0;Evacuees to Transfer;;EvacueeID;161;HeloID;2;OnShip;0;Triage Status;G;EvacueeID;174;HeloID;2;OnShip;0;Triage Status;G;EvacueeID;177;HeloID;2;OnShip;0;Triage Status;G;EvacueeID;179;HeloID;2;OnShip;0;Triage Status;G;EvacueeID;181;HeloID;2;OnShip;0;Triage Status;G;EvacueeID;183;HeloID;2;OnShip;0;Triage Status;G;EvacueeID;184;HeloID;2;OnShip;0;Triage Status;G;EvacueeID;187;HeloID;2;OnShip;0;Triage Status;G;EvacueeID;190;HeloID;2;OnShip;0;Triage Status;G;EvacueeID;200;HeloID;2;OnShip;0;Triage Status;G
3120,4,helipadManager,outEM,Helicopter 2 is evacuating people2
3120,4,helipadManager,,Helo;2;is at the ES
3120,1132,filterES,out,Helicopter 2 is evacuating people2
3120,1132,filterES,,
3120,1133,helicopter,,Helicopter;2;is waiting to land at the evacuation site;;and has;0;spots taken
3120,3,evacueeManager,outEvac,Evacuee 161 in triage category G is assigned helicopter 2
3120,3,evacueeManager,outEvac,Evacuee 174 in triage category G is assigned helicopter 2
3120,3,evacueeManager,outEvac,Evacuee 177 in triage category G is assigned helicopter 2
3120,3,evacueeManager,outEvac,Evacuee 179 in triage category G is assigned helicopter 2
3120,3,evacueeManager,outEvac,Evacuee 181 in triage category G is assigned helicopter 2
3120,3,evacueeManager,outEvac,Evacuee 183 in triage category G is assigned helicopter 2
3120,3,evacueeManager,outEvac,Evacuee 184 in triage category G is assigned helicopter 2
3120,3,evacueeManager,outEvac,Evacuee 187 in triage category G is assigned helicopter 2
3120,3,evacueeManager,outEvac,Evacuee 190 in triage category G is assigned helicopter 2
3120,3,evacueeManager,outEvac,Evacuee 200 in triage category G is assigned helicopter 2
3120,3,evacueeManager,,OFF SHIP: White;0;Green;97;Yellow;29;Red;7;Black;307;ON SHIP: White;0;Green;0;Yellow;0;Red;0;Evacuees to Transfer;
3120,11,filterLoc,,
3120,14,filterLoc,,
3120,17,filterLoc,,
3120,20,filterLoc,,
3120,23,filterLoc,,
3120,26,filterLoc,,
3120,29,filterLoc,,
3120,32,filterLoc,,
3120,35,filterLoc,,
3120,38,filterLoc,,
3120,41,filterLoc,,
3120,44,filterLoc,,
3120,47,filterLoc,,
3120,50,filterLoc,,
3120,53,filterLoc,,
3120,56,filterLoc,,
3120,59,filterLoc,,
3120,62,filterLoc,,
3120,65,filterLoc,,
3120,68,filterLoc,,
3120,71,filterLoc,,
3120,74,filterLoc,,
3120,77,filterLoc,,
3120,80,filterLoc,,
3120,83,filterLoc,,
3120,86,filterLoc,,
3120,89,filterLoc,,
3120,92,filterLoc,,
3120,95,filterLoc,,
3120,98,filterLoc,,
3120,101,filterLoc,,
3120,104,filterLoc,,
3120,111,filterLoc,,
3120,114,filterLoc,,
3120,117,filterLoc,,
3120,120,filterLoc,,
3120,123,filterLoc,,
3120,126,filterLoc,,
3120,129,filterLoc,,
3120,132,filterLoc,,
3120,135,filterLoc,,
3120,138,filterLoc,,
3120,141,filterLoc,,
3120,144,filterLoc,,
3120,147,filterLoc,,
3120,150,filterLoc,,
3120,153,filterLoc,,
3120,156,filterLoc,,
3120,159,filterLoc,,
3120,162,filterLoc,,
3120,165,filterLoc,,
3120,168,filterLoc,,
3120,171,filterLoc,,
3120,174,filterLoc,,
3120,177,filterLoc,,
3120,180,filterLoc,,
3120,183,filterLoc,,
3120,186,filterLoc,,
3120,189,filterLoc,,
3120,192,filterLoc,,
3120,195,filterLoc,,
3120,198,filterLoc,,
3120,201,filterLoc,,
3120,204,filterLoc,,
3120,207,filterLoc,,
3120,210,filterLoc,,
3120,213,filterLoc,,
3120,216,filterLoc,,
3120,219,filterLoc,,
3120,222,filterLoc,,
3120,225,filterLoc,,
3120,229,filterLoc,,
3120,232,filterLoc,,
3120,235,filterLoc,,
3120,238,filterLoc,,
3120,241,filterLoc,,
3120,244,filterLoc,,
3120,247,filterLoc,,
3120,250,filterLoc,,
3120,253,filterLoc,,
3120,256,filterLoc,,
3120,259,filterLoc,,
3120,262,filterLoc,,
3120,265,filterLoc,,
3120,268,filterLoc,,
3120,271,filterLoc,,
3120,274,filterLoc,,
3120,277,filterLoc,,
3120,280,filterLoc,,
3120,283,filterLoc,,
3120,286,filterLoc,,
3120,289,filterLoc,,
3120,296,filterLoc,,
3120,299,filterLoc,,
3120,302,filterLoc,,
3120,305,filterLoc,,
3120,308,filterLoc,,
3120,311,filterLoc,,
3120,314,filterLoc,,
3120,317,filterLoc,,
3120,320,filterLoc,,
3120,323,filterLoc,,
3120,326,filterLoc,,
3120,329,filterLoc,,
3120,332,filterLoc,,
3120,335,filterLoc,,
3120,338,filterLoc,,
3120,341,filterLoc,,
3120,344,filterLoc,,
3120,347,filterLoc,,
3120,350,filterLoc,,
3120,353,filterLoc,,
3120,356,filterLoc,,
3120,359,filterLoc,,
3120,362,filterLoc,,
3120,365,filterLoc,,
3120,368,filterLoc,,
3120,371,filterLoc,,
3120,374,filterLoc,,
3120,377,filterLoc,,
3120,380,filterLoc,,
3120,383,filterLoc,,
3120,386,filterLoc,,
3120,389,filterLoc,,
3120,392,filterLoc,,
3120,395,filterLoc,,
3120,398,filterLoc,,
3120,401,filterLoc,,
3120,404,filterLoc,,
3120,407,filterLoc,,
3120,410,filterLoc,,
3120,413,filterLoc,,
3120,416,filterLoc,,
3120,419,filterLoc,,
3120,422,filterLoc,,
3120,425,filterLoc,,
3120,428,filterLoc,,
3120,431,filterLoc,,
3120,434,filterLoc,,
3120,437,filterLoc,,
3120,440,filterLoc,,
3120,443,filterLoc,,
3120,446,filterLoc,,
3120,449,filterLoc,,
3120,452,filterLoc,,
3120,455,filterLoc,,
3120,458,filterLoc,,
3120,461,filterLoc,,
3120,464,filterLoc,,
3120,467,filterLoc,,
3120,470,filterLoc,,
3120,473,filterLoc,,
3120,476,filterLoc,,
3120,479,filterLoc,,
3120,482,filterLoc,,
3120,485,filterLoc,,
3120,488,filterLoc,,
3120,491,filterLoc,,
3120,494,filterLoc,,
3120,497,filterLoc,,
3120,500,filterLoc,,
3120,503,filterLoc,,
3120,506,filterLoc,,
3120,509,filterLoc,,
3120,512,filterLoc,,
3120,515,filterLoc,,
3120,518,filterLoc,,
3120,521,filterLoc,,
3120,524,filterLoc,,
3120,527,filterLoc,,
3120,530,filterLoc,,
3120,533,filterLoc,,
3120,536,filterLoc,,
3120,539,filterLoc,,
3120,542,filterLoc,,
3120,545,filterLoc,,
3120,548,filterLoc,,
3120,551,filterLoc,,
3120,554,filterLoc,,
3120,557,filterLoc,,
3120,560,filterLoc,,
3120,563,filterLoc,,
3120,566,filterLoc,,
3120,569,filterLoc,,
3120,576,filterLoc,,
3120,579,filterLoc,,
3120,582,filterLoc,,
3120,585,filterLoc,,
3120,588,filterLoc,,
3120,591,filterLoc,,
3120,594,filterLoc,,
3120,597,filterLoc,,
3120,600,filterLoc,,
3120,603,filterLoc,,
3120,606,filterLoc,,
3120,609,filterLoc,,
3120,612,filterLoc,,
3120,615,filterLoc,,
3120,618,filterLoc,,
3120,621,filterLoc,,
3120,624,filterLoc,,
3120,627,filterLoc,,
3120,630,filterLoc,,
3120,633,filterLoc,,
3120,636,filterLoc,,
3120,639,filterLoc,,
3120,642,filterLoc,,
3120,645,filterLoc,,
3120,648,filterLoc,,
3120,651,filterLoc,,
3120,654,filterLoc,,
3120,657,filterLoc,,
3120,660,filterLoc,,
3120,663,filterLoc,,
3120,666,filterLoc,,
3120,669,filterLoc,,
3120,672,filterLoc,,
3120,675,filterLoc,,
3120,678,filterLoc,,
3120,681,filterLoc,,
3120,684,filterLoc,,
3120,687,filterLoc,,
3120,690,filterLoc,,
3120,693,filterLoc,,
3120,696,filterLoc,,
3120,699,filterLoc,,
3120,702,filterLoc,,
3120,705,filterLoc,,
3120,708,filterLoc,,
3120,711,filterLoc,,
3120,714,filterLoc,,
3120,717,filterLoc,,
3120,720,filterLoc,,
3120,723,filterLoc,,
3120,726,filterLoc,,
3120,729,filterLoc,,
3120,732,filterLoc,,
3120,735,filterLoc,,
3120,738,filterLoc,,
3120,741,filterLoc,,
3120,744,filterLoc,,;Evacuee;179;in triage category;G;is entering helicopter;2
3120,747,filterLoc,,
3120,750,filterLoc,,
3120,753,filterLoc,,
3120,756,filterLoc,,
3120,759,filterLoc,,
3120,762,filterLoc,,
3120,765,filterLoc,,
3120,768,filterLoc,,
3120,771,filterLoc,,
3120,774,filterLoc,,
3120,777,filterLoc,,
3120,780,filterLoc,,
3120,783,filterLoc,,
3120,786,filterLoc,,
3120,789,filterLoc,,
3120,792,filterLoc,,
3120,795,filterLoc,,
3120,798,filterLoc,,
3120,801,filterLoc,,
3120,804,filterLoc,,
3120,807,filterLoc,,
3120,810,filterLoc,,
3120,813,filterLoc,,
3120,816,filterLoc,,
3120,819,filterLoc,,
3120,822,filterLoc,,;Evacuee;187;in triage category;G;is entering helicopter;2
3120,825,filterLoc,,
3120,828,filterLoc,,
3120,831,filterLoc,,
3120,834,filterLoc,,
3120,837,filterLoc,,
3120,840,filterLoc,,
3120,843,filterLoc,,
3120,846,filterLoc,,
3120,849,filterLoc,,
3120,852,filterLoc,,
3120,855,filterLoc,,
3120,858,filterLoc,,
3120,861,filterLoc,,
3120,864,filterLoc,,
3120,867,filterLoc,,
3120,870,filterLoc,,
3120,873,filterLoc,,
3120,876,filterLoc,,
3120,879,filterLoc,,
3120,882,filterLoc,,
3120,885,filterLoc,,
3120,888,filterLoc,,
3120,891,filterLoc,,
3120,894,filterLoc,,
3120,897,filterLoc,,
3120,900,filterLoc,,
3120,903,filterLoc,,
3120,906,filterLoc,,
3120,909,filterLoc,,
3120,912,filterLoc,,
3120,915,filterLoc,,
3120,918,filterLoc,,
3120,921,filterLoc,,
3120,924,filterLoc,,
3120,927,filterLoc,,
3120,930,filterLoc,,
3120,933,filterLoc,,
3120,936,filterLoc,,
3120,939,filterLoc,,
3120,942,filterLoc,,
3120,945,filterLoc,,
3120,948,filterLoc,,
3120,951,filterLoc,,
3120,954,filterLoc,,
3120,957,filterLoc,,
3120,960,filterLoc,,
3120,963,filterLoc,,
3120,966,filterLoc,,
3120,969,filterLoc,,
3120,972,filterLoc,,
3120,975,filterLoc,,
3120,978,filterLoc,,
3120,981,filterLoc,,
3120,984,filterLoc,,
3120,987,filterLoc,,
3120,990,filterLoc,,
3120,993,filterLoc,,
3120,996,filterLoc,,
3120,999,filterLoc,,
3120,1002,filterLoc,,
3120,1005,filterLoc,,
3120,1008,filterLoc,,
3120,1011,filterLoc,,
3120,1014,filterLoc,,
3120,1017,filterLoc,,
3120,1020,filterLoc,,
3120,1023,filterLoc,,
3120,1026,filterLoc,,
3120,1029,filterLoc,,;Evacuee;200;in triage category;G;is entering helicopter;2
3120,1032,filterLoc,,
3120,1035,filterLoc,,
3120,1038,filterLoc,,
3120,1041,filterLoc,,
3120,1044,filterLoc,,
3120,1047,filterLoc,,
3120,1050,filterLoc,,
3120,1053,filterLoc,,
3120,1056,filterLoc,,
3120,1059,filterLoc,,
3120,1062,filterLoc,,
3120,1065,filterLoc,,
3120,1068,filterLoc,,
3120,1071,filterLoc,,
3120,1074,filterLoc,,
3120,1077,filterLoc,,
3120,1080,filterLoc,,
3120,1083,filterLoc,,
3120,1086,filterLoc,,
3120,1089,filterLoc,,
3120,1092,filterLoc,,
3120,1095,filterLoc,,
3120,1098,filterLoc,,
3120,1101,filterLoc,,
3120,1104,filterLoc,,
3120,1107,filterLoc,,
3120,1110,filterLoc,,
3120,1113,filterLoc,,
3120,1116,filterLoc,,
3120,1119,filterLoc,,
3120,1122,filterLoc,,
3120,1125,filterLoc,,
3120,1128,filterLoc,,
3120,1133,helicopter,,Helicopter;2;is loading people at the evacuation site;;and has;0;spots taken
3120,1135,filterLoc,,
3120,1138,filterLoc,,
3120,1141,filterLoc,,
3120,1144,filterLoc,,
3120,1147,filterLoc,,
3120,1150,filterLoc,,
3120,1153,filterLoc,,
3120,1156,filterLoc,,
3120,1159,filterLoc,,
3120,1162,filterLoc,,
3120,1165,filterLoc,,
3120,1168,filterLoc,,
3120,1175,filterLoc,,
3120,1178,filterLoc,,;Evacuee;190;in triage category;G;is entering helicopter;2
3120,1181,filterLoc,,
3120,1184,filterLoc,,
3120,1187,filterLoc,,
3120,1190,filterLoc,,;Evacuee;181;in triage category;G;is entering helicopter;2
3120,1193,filterLoc,,
3120,1196,filterLoc,,
3120,1199,filterLoc,,
3120,1202,filterLoc,,
3120,1205,filterLoc,,
3120,1208,filterLoc,,
3120,1211,filterLoc,,
3120,1214,filterLoc,,
3120,1217,filterLoc,,
3120,1220,filterLoc,,
3120,1223,filterLoc,,
3120,1226,filterLoc,,
3120,1229,filterLoc,,
3120,1232,filterLoc,,
3120,1235,filterLoc,,
3120,1238,filterLoc,,
3120,1241,filterLoc,,
3120,1244,filterLoc,,
3120,1247,filterLoc,,
3120,1250,filterLoc,,
3120,1253,filterLoc,,
3120,1256,filterLoc,,;Evacuee;161;in triage category;G;is entering helicopter;2
3120,1259,filterLoc,,
3120,1262,filterLoc,,
3120,1265,filterLoc,,
3120,1268,filterLoc,,
3120,1271,filterLoc,,
3120,1274,filterLoc,,
3120,1277,filterLoc,,
3120,1280,filterLoc,,
3120,1283,filterLoc,,
3120,1286,filterLoc,,
3120,1289,filterLoc,,
3120,1292,filterLoc,,
3120,1295,filterLoc,,
3120,1298,filterLoc,,
3120,1301,filterLoc,,
3120,1304,filterLoc,,
3120,1307,filterLoc,,
3120,1310,filterLoc,,
3120,1313,filterLoc,,
3120,1316,filterLoc,,;Evacuee;174;in triage category;G;is entering helicopter;2
3120,1319,filterLoc,,;Evacuee;177;in triage category;G;is entering helicopter;2
3120,1322,filterLoc,,
3120,1325,filterLoc,,
3120,1328,filterLoc,,
3120,1331,filterLoc,,
3120,1334,filterLoc,,;Evacuee;183;in triage category;G;is entering helicopter;2
3120,1337,filterLoc,,;Evacuee;184;in triage category;G;is entering helicopter;2
3120,1340,filterLoc,,
3120,1343,filterLoc,,
3120,1346,filterLoc,,
3120,1349,filterLoc,,
3120,1352,filterLoc,,
3120,1355,filterLoc,,
3120,1358,filterLoc,,
3120,1361,filterLoc,,
3120,1364,filterLoc,,
3120,1367,filterLoc,,
3120,1370,filterLoc,,
3120,1373,filterLoc,,
3120,1376,filterLoc,,
3120,1379,filterLoc,,
3120,1382,filterLoc,,
3120,1385,filterLoc,,
3120,1388,filterLoc,,
3120,1391,filterLoc,,
3120,1394,filterLoc,,
3120,1397,filterLoc,,
3120,1400,filterLoc,,
3120,1403,filterLoc,,
3120,1406,filterLoc,,
3120,1409,filterLoc,,
3120,1412,filterLoc,,
3120,1415,filterLoc,,
3120,1418,filterLoc,,
3120,1421,filterLoc,,
3120,1424,filterLoc,,
3120,1427,filterLoc,,
3120,1430,filterLoc,,
3120,1433,filterLoc,,
3120,1436,filterLoc,,
3120,1439,filterLoc,,
3120,1442,filterLoc,,
3120,1445,filterLoc,,
3120,1448,filterLoc,,
3120,1451,filterLoc,,
3120,1454,filterLoc,,
3120,1457,filterLoc,,
3120,1460,filterLoc,,
3120,1463,filterLoc,,
3120,1466,filterLoc,,
3120,1469,filterLoc,,
3120,1472,filterLoc,,
3120,1475,filterLoc,,
3120,1478,filterLoc,,
3120,1481,filterLoc,,
3120,1484,filterLoc,,
3120,1487,filterLoc,,
3120,1490,filterLoc,,
3120,1493,filterLoc,,
3120,1496,filterLoc,,
3120,1499,filterLoc,,
3120,1502,filterLoc,,
3120,1505,filterLoc,,
3120,1508,filterLoc,,
3120,1511,filterLoc,,
3120,1514,filterLoc,,
3120,1517,filterLoc,,
3120,1520,filterLoc,,
3120,1523,filterLoc,,
3120,1526,filterLoc,,
3120,1529,filterLoc,,
3120,744,filterLoc,out,Evacuee 179 in triage category G is assigned helicopter 2
3120,744,filterLoc,,
3120,745,evacuee,,Evacuee;179;in triage state;G;is entering helicopter;2
3120,822,filterLoc,out,Evacuee 187 in triage category G is assigned helicopter 2
3120,822,filterLoc,,
3120,823,evacuee,,Evacuee;187;in triage state;G;is entering helicopter;2
3120,1029,filterLoc,out,Evacuee 200 in triage category G is assigned helicopter 2
3120,1029,filterLoc,,
3120,1030,evacuee,,Evacuee;200;in triage state;G;is entering helicopter;2
3120,1178,filterLoc,out,Evacuee 190 in triage category G is assigned helicopter 2
3120,1178,filterLoc,,
3120,1179,evacuee,,Evacuee;190;in triage state;G;is entering helicopter;2
3120,1190,filterLoc,out,Evacuee 181 in triage category G is assigned helicopter 2
3120,1190,filterLoc,,
3120,1191,evacuee,,Evacuee;181;in triage state;G;is entering helicopter;2
3120,1256,filterLoc,out,Evacuee 161 in triage category G is assigned helicopter 2
3120,1256,filterLoc,,
3120,1257,evacuee,,Evacuee;161;in triage state;G;is entering helicopter;2
3120,1316,filterLoc,out,Evacuee 174 in triage category G is assigned helicopter 2
3120,1316,filterLoc,,
3120,1317,evacuee,,Evacuee;174;in triage state;G;is entering helicopter;2
3120,1319,filterLoc,out,Evacuee 177 in triage category G is assigned helicopter 2
3120,1319,filterLoc,,
3120,1320,evacuee,,Evacuee;177;in triage state;G;is entering helicopter;2
3120,1334,filterLoc,out,Evacuee 183 in triage category G is assigned helicopter 2
3120,1334,filterLoc,,
3120,1335,evacuee,,Evacuee;183;in triage state;G;is entering helicopter;2
3120,1337,filterLoc,out,Evacuee 184 in triage category G is assigned helicopter 2
3120,1337,filterLoc,,
3120,1338,evacuee,,Evacuee;184;in triage state;G;is entering helicopter;2
3120,7,filterEvac,,
3120,107,filterEvac,,
3120,292,filterEvac,,
3120,572,filterEvac,,
3120,745,evacuee,outHelo,Evacuee 179 in triage category G is assigned helicopter 2
3120,745,evacuee,,Evacuee;179;in triage state;G;is in helicopter;2
3120,823,evacuee,outHelo,Evacuee 187 in triage category G is assigned helicopter 2
3120,823,evacuee,,Evacuee;187;in triage state;G;is in helicopter;2
3120,1030,evacuee,outHelo,Evacuee 200 in triage category G is assigned helicopter 2
3120,1030,evacuee,,Evacuee;200;in triage state;G;is in helicopter;2
3120,1131,filterEvac,,;Evacuee;161;in triage category;G;is entering helicopter;2;Evacuee;174;in triage category;G;is entering helicopter;2;Evacuee;177;in triage category;G;is entering helicopter;2;Evacuee;179;in triage category;G;is entering helicopter;2;Evacuee;181;in triage category;G;is entering helicopter;2;Evacuee;183;in triage category;G;is entering helicopter;2;Evacuee;184;in triage category;G;is entering helicopter;2;Evacuee;187;in triage category;G;is entering helicopter;2;Evacuee;190;in triage category;G;is entering helicopter;2;Evacuee;200;in triage category;G;is entering helicopter;2
3120,1171,filterEvac,,
3120,1179,evacuee,outHelo,Evacuee 190 in triage category G is assigned helicopter 2
3120,1179,evacuee,,Evacuee;190;in triage state;G;is in helicopter;2
3120,1191,evacuee,outHelo,Evacuee 181 in triage category G is assigned helicopter 2
3120,1191,evacuee,,Evacuee;181;in triage state;G;is in helicopter;2
3120,1257,evacuee,outHelo,Evacuee 161 in triage category G is assigned helicopter 2
3120,1257,evacuee,,Evacuee;161;in triage state;G;is in helicopter;2
3120,1317,evacuee,outHelo,Evacuee 174 in triage category G is assigned helicopter 2
3120,1317,evacuee,,Evacuee;174;in triage state;G;is in helicopter;2
3120,1320,evacuee,outHelo,Evacuee 177 in triage category G is assigned helicopter 2
3120,1320,evacuee,,Evacuee;177;in triage state;G;is in helicopter;2
3120,1335,evacuee,outHelo,Evacuee 183 in triage category G is assigned helicopter 2
3120,1335,evacuee,,Evacuee;183;in triage state;G;is in helicopter;2
3120,1338,evacuee,outHelo,Evacuee 184 in triage category G is assigned helicopter 2
3120,1338,evacuee,,Evacuee;184;in triage state;G;is in helicopter;2
3120,1131,filterEvac,out,Evacuee 161 in triage category G is assigned helicopter 2
3120,1131,filterEvac,out,Evacuee 174 in triage category G is assigned helicopter 2
3120,1131,filterEvac,out,Evacuee 177 in triage category G is assigned helicopter 2
3120,1131,filterEvac,out,Evacuee 179 in triage category G is assigned helicopter 2
3120,1131,filterEvac,out,Evacuee 181 in triage category G is assigned helicopter 2
3120,1131,filterEvac,out,Evacuee 183 in triage category G is assigned helicopter 2
3120,1131,filterEvac,out,Evacuee 184 in triage category G is assigned helicopter 2
3120,1131,filterEvac,out,Evacuee 187 in triage category G is assigned helicopter 2
3120,1131,filterEvac,out,Evacuee 190 in triage category G is assigned helicopter 2
3120,1131,filterEvac,out,Evacuee 200 in triage category G is assigned helicopter 2
3120,1131,filterEvac,,
3120,1133,helicopter,,Helicopter;2;is loading people at the evacuation site;;and has;10;spots taken
3123.21,3,evacueeManager,,OFF SHIP: White;0;Green;97;Yellow;28;Red;8;Black;307;ON SHIP: White;0;Green;0;Yellow;0;Red;0;Evacuees to Transfer;
3123.21,438,evacuee,outES,Evacuee 337 in triage category Y is not assigned a helicopter
3123.21,438,evacuee,,Evacuee;337;in triage state;R;is at the evacuation site
3126.06,3,evacueeManager,,OFF SHIP: White;0;Green;97;Yellow;28;Red;7;Black;308;ON SHIP: White;0;Green;0;Yellow;0;Red;0;Evacuees to Transfer;
3126.06,1160,evacuee,outES,Evacuee 57 in triage category R is not assigned a helicopter
3126.06,1160,evacuee,,Evacuee;57;in triage state;B;is at the evacuation site
3127.22,3,evacueeManager,,OFF SHIP: White;0;Green;97;Yellow;28;Red;6;Black;309;ON SHIP: White;0;Green;0;Yellow;0;Red;0;Evacuees to Transfer;
3127.22,1018,evacuee,outES,Evacuee 53 in triage category R is not assigned a helicopter
3127.22,1018,evacuee,,Evacuee;53;in triage state;B;is at the evacuation site
3127.63,3,evacueeManager,,OFF SHIP: White;0;Green;97;Yellow;27;Red;7;Black;309;ON SHIP: White;0;Green;0;Yellow;0;Red;0;Evacuees to Transfer;
3127.63,1012,evacuee,outES,Evacuee 72 in triage category Y is not assigned a helicopter
3127.63,1012,evacuee,,Evacuee;72;in triage state;R;is at the evacuation site
3127.95,3,evacueeManager,,OFF SHIP: White;0;Green;96;Yellow;28;Red;7;Black;309;ON SHIP: White;0;Green;0;Yellow;0;Red;0;Evacuees to Transfer;
3127.95,441,evacuee,outES,Evacuee 301 in triage category G is not assigned a helicopter
3127.95,441,evacuee,,Evacuee;301;in triage state;Y;is at the evacuation site
3131.4,3,evacueeManager,,OFF SHIP: White;0;Green;96;Yellow;28;Red;6;Black;310;ON SHIP: White;0;Green;0;Yellow;0;Red;0;Evacuees to Transfer;
3131.4,438,evacuee,outES,Evacuee 337 in triage category R is not assigned a helicopter
3131.4,438,evacuee,,Evacuee;337;in triage state;B;is at the evacuation site
3131.4,3,evacueeManager,,OFF SHIP: White;0;Green;96;Yellow;28;Red;5;Black;311;ON SHIP: White;0;Green;0;Yellow;0;Red;0;Evacuees to Transfer;
3131.4,145,evacuee,outES,Evacuee 408 in triage category R is not assigned a helicopter
3131.4,145,evacuee,,Evacuee;408;in triage state;B;is at the evacuation site
3135,4,helipadManager,outHelo,Helicopter 2 is evacuating people2
3135,4,helipadManager,,;No helos are at ES
3135,8,filterES,,
3135,108,filterES,,
3135,293,filterES,,
3135,573,filterES,,
3135,1132,filterES,,Helicopter;2;is evacuating people
3135,1172,filterES,,
3135,4,helipadManager,outHQ,0
3135,4,helipadManager,,;No helos are at ES
3135,5,helicopterQueue,,1;Helos are waiting to land;HeloID;5
3135,1132,filterES,out,Helicopter 2 is evacuating people2
3135,1132,filterES,,
3135,1133,helicopter,,Helicopter;2;is loading people at the evacuation site;;and has;10;spots taken
3135,4,helipadManager,,;No helos are at ES
3135,5,helicopterQueue,outHM,Helicopter 5 is evacuating people5
3135,5,helicopterQueue,outHelo,Helicopter 5 is evacuating people5
3135,5,helicopterQueue,,;No helos are waiting to land
3135,8,filterES,,
3135,108,filterES,,
3135,293,filterES,,
3135,573,filterES,,Helicopter;5;is evacuating people
3135,1132,filterES,,
3135,1133,helicopter,,Helicopter;2;is returning to the FOL;;and has;10;spots taken
3135,1172,filterES,,
3135,3,evacueeManager,,OFF SHIP: White;0;Green;86;Yellow;28;Red;5;Black;311;ON SHIP: White;0;Green;0;Yellow;0;Red;0;Evacuees to Transfer;;EvacueeID;201;HeloID;5;OnShip;0;Triage Status;G;EvacueeID;202;HeloID;5;OnShip;0;Triage Status;G;EvacueeID;203;HeloID;5;OnShip;0;Triage Status;G;EvacueeID;204;HeloID;5;OnShip;0;Triage Status;G;EvacueeID;205;HeloID;5;OnShip;0;Triage Status;G;EvacueeID;209;HeloID;5;OnShip;0;Triage Status;G;EvacueeID;212;HeloID;5;OnShip;0;Triage Status;G;EvacueeID;213;HeloID;5;OnShip;0;Triage Status;G;EvacueeID;215;HeloID;5;OnShip;0;Triage Status;G;EvacueeID;220;HeloID;5;OnShip;0;Triage Status;G
3135,4,helipadManager,outEM,Helicopter 5 is evacuating people5
3135,4,helipadManager,,Helo;5;is at the ES
3135,573,filterES,out,Helicopter 5 is evacuating people5
3135,573,filterES,,
3135,574,helicopter,,Helicopter;5;is waiting to land at the evacuation site;;and has;0;spots taken
3135,3,evacueeManager,outEvac,Evacuee 201 in triage category G is assigned helicopter 5
3135,3,evacueeManager,outEvac,Evacuee 202 in triage category G is assigned helicopter 5
3135,3,evacueeManager,outEvac,Evacuee 203 in triage category G is assigned helicopter 5
3135,3,evacueeManager,outEvac,Evacuee 204 in triage category G is assigned helicopter 5
3135,3,evacueeManager,outEvac,Evacuee 205 in triage category G is assigned helicopter 5
3135,3,evacueeManager,outEvac,Evacuee 209 in triage category G is assigned helicopter 5
3135,3,evacueeManager,outEvac,Evacuee 212 in triage category G is assigned helicopter 5
3135,3,evacueeManager,outEvac,Evacuee 213 in triage category G is assigned helicopter 5
3135,3,evacueeManager,outEvac,Evacuee 215 in triage category G is assigned helicopter 5
3135,3,evacueeManager,outEvac,Evacuee 220 in triage category G is assigned helicopter 5
3135,3,evacueeManager,,OFF SHIP: White;0;Green;86;Yellow;28;Red;5;Black;311;ON SHIP: White;0;Green;0;Yellow;0;Red;0;Evacuees to Transfer;
3135,11,filterLoc,,
3135,14,filterLoc,,
3135,17,filterLoc,,
3135,20,filterLoc,,
3135,23,filterLoc,,
3135,26,filterLoc,,
3135,29,filterLoc,,
3135,32,filterLoc,,
3135,35,filterLoc,,
3135,38,filterLoc,,
3135,41,filterLoc,,
3135,44,filterLoc,,
3135,47,filterLoc,,
3135,50,filterLoc,,
3135,53,filterLoc,,
3135,56,filterLoc,,
3135,59,filterLoc,,
3135,62,filterLoc,,
3135,65,filterLoc,,
3135,68,filterLoc,,
3135,71,filterLoc,,
3135,74,filterLoc,,
3135,77,filterLoc,,
3135,80,filterLoc,,
3135,83,filterLoc,,
3135,86,filterLoc,,
3135,89,filterLoc,,
3135,92,filterLoc,,
3135,95,filterLoc,,
3135,98,filterLoc,,
3135,101,filterLoc,,
3135,104,filterLoc,,
3135,111,filterLoc,,
3135,114,filterLoc,,
3135,117,filterLoc,,
3135,120,filterLoc,,
3135,123,filterLoc,,
3135,126,filterLoc,,
3135,129,filterLoc,,
3135,132,filterLoc,,
3135,135,filterLoc,,
3135,138,filterLoc,,
3135,141,filterLoc,,
3135,144,filterLoc,,
3135,147,filterLoc,,
3135,150,filterLoc,,
3135,153,filterLoc,,
3135,156,filterLoc,,
3135,159,filterLoc,,
3135,162,filterLoc,,
3135,165,filterLoc,,
3135,168,filterLoc,,
3135,171,filterLoc,,
3135,174,filterLoc,,
3135,177,filterLoc,,
3135,180,filterLoc,,
3135,183,filterLoc,,
3135,186,filterLoc,,
3135,189,filterLoc,,
3135,192,filterLoc,,
3135,195,filterLoc,,
3135,198,filterLoc,,
3135,201,filterLoc,,
3135,204,filterLoc,,
3135,207,filterLoc,,
3135,210,filterLoc,,
3135,213,filterLoc,,
3135,216,filterLoc,,
3135,219,filterLoc,,
3135,222,filterLoc,,
3135,225,filterLoc,,
3135,229,filterLoc,,
3135,232,filterLoc,,
3135,235,filterLoc,,
3135,238,filterLoc,,
3135,241,filterLoc,,
3135,244,filterLoc,,
3135,247,filterLoc,,
3135,250,filterLoc,,
3135,253,filterLoc,,
3135,256,filterLoc,,
3135,259,filterLoc,,
3135,262,filterLoc,,
3135,265,filterLoc,,
3135,268,filterLoc,,
3135,271,filterLoc,,
3135,274,filterLoc,,
3135,277,filterLoc,,
3135,280,filterLoc,,
3135,283,filterLoc,,
3135,286,filterLoc,,
3135,289,filterLoc,,
3135,296,filterLoc,,
3135,299,filterLoc,,
3135,302,filterLoc,,
3135,305,filterLoc,,
3135,308,filterLoc,,
3135,311,filterLoc,,
3135,314,filterLoc,,
3135,317,filterLoc,,
3135,320,filterLoc,,
3135,323,filterLoc,,
3135,326,filterLoc,,
3135,329,filterLoc,,
3135,332,filterLoc,,
3135,335,filterLoc,,
3135,338,filterLoc,,
3135,341,filterLoc,,
3135,344,filterLoc,,
3135,347,filterLoc,,
3135,350,filterLoc,,
3135,353,filterLoc,,
3135,356,filterLoc,,
3135,359,filterLoc,,
3135,362,filterLoc,,
3135,365,filterLoc,,
3135,368,filterLoc,,
3135,371,filterLoc,,
3135,374,filterLoc,,
3135,377,filterLoc,,
3135,380,filterLoc,,
3135,383,filterLoc,,
3135,386,filterLoc,,
3135,389,filterLoc,,
3135,392,filterLoc,,
3135,395,filterLoc,,
3135,398,filterLoc,,
3135,401,filterLoc,,
3135,404,filterLoc,,
3135,407,filterLoc,,
3135,410,filterLoc,,
3135,413,filterLoc,,
3135,416,filterLoc,,
3135,419,filterLoc,,
3135,422,filterLoc,,
3135,425,filterLoc,,
3135,428,filterLoc,,
3135,431,filterLoc,,
3135,434,filterLoc,,
3135,437,filterLoc,,
3135,440,filterLoc,,
3135,443,filterLoc,,
3135,446,filterLoc,,
3135,449,filterLoc,,
3135,452,filterLoc,,
3135,455,filterLoc,,
3135,458,filterLoc,,
3135,461,filterLoc,,
3135,464,filterLoc,,
3135,467,filterLoc,,
3135,470,filterLoc,,
3135,473,filterLoc,,
3135,476,filterLoc,,
3135,479,filterLoc,,
3135,482,filterLoc,,
3135,485,filterLoc,,
3135,488,filterLoc,,
3135,491,filterLoc,,
3135,494,filterLoc,,
3135,497,filterLoc,,
3135,500,filterLoc,,
3135,503,filterLoc,,
3135,506,filterLoc,,
3135,509,filterLoc,,
3135,512,filterLoc,,
3135,515,filterLoc,,
3135,518,filterLoc,,
3135,521,filterLoc,,;Evacuee;215;in triage category;G;is entering helicopter;5
3135,524,filterLoc,,
3135,527,filterLoc,,
3135,530,filterLoc,,
3135,533,filterLoc,,
3135,536,filterLoc,,
3135,539,filterLoc,,
3135,542,filterLoc,,
3135,545,filterLoc,,
3135,548,filterLoc,,
3135,551,filterLoc,,
3135,554,filterLoc,,
3135,557,filterLoc,,
3135,560,filterLoc,,
3135,563,filterLoc,,
3135,566,filterLoc,,
3135,569,filterLoc,,
3135,574,helicopter,,Helicopter;5;is loading people at the evacuation site;;and has;0;spots taken
3135,576,filterLoc,,
3135,579,filterLoc,,
3135,582,filterLoc,,
3135,585,filterLoc,,
3135,588,filterLoc,,
3135,591,filterLoc,,
3135,594,filterLoc,,
3135,597,filterLoc,,
3135,600,filterLoc,,
3135,603,filterLoc,,
3135,606,filterLoc,,
3135,609,filterLoc,,
3135,612,filterLoc,,
3135,615,filterLoc,,
3135,618,filterLoc,,
3135,621,filterLoc,,
3135,624,filterLoc,,
3135,627,filterLoc,,
3135,630,filterLoc,,
3135,633,filterLoc,,
3135,636,filterLoc,,
3135,639,filterLoc,,
3135,642,filterLoc,,
3135,645,filterLoc,,
3135,648,filterLoc,,
3135,651,filterLoc,,
3135,654,filterLoc,,
3135,657,filterLoc,,
3135,660,filterLoc,,
3135,663,filterLoc,,
3135,666,filterLoc,,
3135,669,filterLoc,,
3135,672,filterLoc,,;Evacuee;213;in triage category;G;is entering helicopter;5
3135,675,filterLoc,,
3135,678,filterLoc,,
3135,681,filterLoc,,
3135,684,filterLoc,,
3135,687,filterLoc,,
3135,690,filterLoc,,
3135,693,filterLoc,,
3135,696,filterLoc,,
3135,699,filterLoc,,
3135,702,filterLoc,,
3135,705,filterLoc,,
3135,708,filterLoc,,
3135,711,filterLoc,,
3135,714,filterLoc,,
3135,717,filterLoc,,
3135,720,filterLoc,,
3135,723,filterLoc,,
3135,726,filterLoc,,
3135,729,filterLoc,,
3135,732,filterLoc,,
3135,735,filterLoc,,
3135,738,filterLoc,,
3135,741,filterLoc,,
3135,744,filterLoc,,
3135,747,filterLoc,,
3135,750,filterLoc,,
3135,753,filterLoc,,
3135,756,filterLoc,,
3135,759,filterLoc,,
3135,762,filterLoc,,
3135,765,filterLoc,,
3135,768,filterLoc,,
3135,771,filterLoc,,
3135,774,filterLoc,,
3135,777,filterLoc,,
3135,780,filterLoc,,
3135,783,filterLoc,,
3135,786,filterLoc,,
3135,789,filterLoc,,
3135,792,filterLoc,,
3135,795,filterLoc,,
3135,798,filterLoc,,
3135,801,filterLoc,,
3135,804,filterLoc,,
3135,807,filterLoc,,
3135,810,filterLoc,,
3135,813,filterLoc,,
3135,816,filterLoc,,
3135,819,filterLoc,,
3135,822,filterLoc,,
3135,825,filterLoc,,
3135,828,filterLoc,,
3135,831,filterLoc,,
3135,834,filterLoc,,
3135,837,filterLoc,,
3135,840,filterLoc,,
3135,843,filterLoc,,
3135,846,filterLoc,,
3135,849,filterLoc,,
3135,852,filterLoc,,
3135,855,filterLoc,,
3135,858,filterLoc,,
3135,861,filterLoc,,
3135,864,filterLoc,,
3135,867,filterLoc,,
3135,870,filterLoc,,
3135,873,filterLoc,,
3135,876,filterLoc,,
3135,879,filterLoc,,
3135,882,filterLoc,,
3135,885,filterLoc,,
3135,888,filterLoc,,
3135,891,filterLoc,,
3135,894,filterLoc,,
3135,897,filterLoc,,
3135,900,filterLoc,,
3135,903,filterLoc,,
3135,906,filterLoc,,
3135,909,filterLoc,,
3135,912,filterLoc,,
3135,915,filterLoc,,
3135,918,filterLoc,,
3135,921,filterLoc,,
3135,924,filterLoc,,
3135,927,filterLoc,,
3135,930,filterLoc,,
3135,933,filterLoc,,
3135,936,filterLoc,,
3135,939,filterLoc,,
3135,942,filterLoc,,
3135,945,filterLoc,,
3135,948,filterLoc,,
3135,951,filterLoc,,
3135,954,filterLoc,,
3135,957,filterLoc,,
3135,960,filterLoc,,
3135,963,filterLoc,,
3135,966,filterLoc,,
3135,969,filterLoc,,
3135,972,filterLoc,,;Evacuee;209;in triage category;G;is entering helicopter;5
3135,975,filterLoc,,
3135,978,filterLoc,,
3135,981,filterLoc,,
3135,984,filterLoc,,
3135,987,filterLoc,,
3135,990,filterLoc,,
3135,993,filterLoc,,
3135,996,filterLoc,,
3135,999,filterLoc,,
3135,1002,filterLoc,,
3135,1005,filterLoc,,
3135,1008,filterLoc,,
3135,1011,filterLoc,,
3135,1014,filterLoc,,
3135,1017,filterLoc,,
3135,1020,filterLoc,,;Evacuee;220;in triage category;G;is entering helicopter;5
3135,1023,filterLoc,,
3135,1026,filterLoc,,
3135,1029,filterLoc,,
3135,1032,filterLoc,,
3135,1035,filterLoc,,
3135,1038,filterLoc,,
3135,1041,filterLoc,,
3135,1044,filterLoc,,
3135,1047,filterLoc,,
3135,1050,filterLoc,,
3135,1053,filterLoc,,
3135,1056,filterLoc,,
3135,1059,filterLoc,,
3135,1062,filterLoc,,
3135,1065,filterLoc,,
3135,1068,filterLoc,,
3135,1071,filterLoc,,
3135,1074,filterLoc,,
3135,1077,filterLoc,,
3135,1080,filterLoc,,
3135,1083,filterLoc,,
3135,1086,filterLoc,,
3135,1089,filterLoc,,
3135,1092,filterLoc,,
3135,1095,filterLoc,,;Evacuee;212;in triage category;G;is entering helicopter;5
3135,1098,filterLoc,,
3135,1101,filterLoc,,
3135,1104,filterLoc,,
3135,1107,filterLoc,,
3135,1110,filterLoc,,
3135,1113,filterLoc,,
3135,1116,filterLoc,,
3135,1119,filterLoc,,
3135,1122,filterLoc,,
3135,1125,filterLoc,,
3135,1128,filterLoc,,
3135,1135,filterLoc,,
3135,1138,filterLoc,,
3135,1141,filterLoc,,
3135,1144,filterLoc,,
3135,1147,filterLoc,,
3135,1150,filterLoc,,
3135,1153,filterLoc,,
3135,1156,filterLoc,,
3135,1159,filterLoc,,
3135,1162,filterLoc,,
3135,1165,filterLoc,,
3135,1168,filterLoc,,
3135,1175,filterLoc,,
3135,1178,filterLoc,,
3135,1181,filterLoc,,
3135,1184,filterLoc,,
3135,1187,filterLoc,,
3135,1190,filterLoc,,
3135,1193,filterLoc,,
3135,1196,filterLoc,,
3135,1199,filterLoc,,
3135,1202,filterLoc,,
3135,1205,filterLoc,,
3135,1208,filterLoc,,
3135,1211,filterLoc,,
3135,1214,filterLoc,,
3135,1217,filterLoc,,
3135,1220,filterLoc,,
3135,1223,filterLoc,,
3135,1226,filterLoc,,
3135,1229,filterLoc,,
3135,1232,filterLoc,,
3135,1235,filterLoc,,
3135,1238,filterLoc,,
3135,1241,filterLoc,,
3135,1244,filterLoc,,
3135,1247,filterLoc,,
3135,1250,filterLoc,,
3135,1253,filterLoc,,
3135,1256,filterLoc,,
3135,1259,filterLoc,,
3135,1262,filterLoc,,
3135,1265,filterLoc,,
3135,1268,filterLoc,,
3135,1271,filterLoc,,
3135,1274,filterLoc,,
3135,1277,filterLoc,,
3135,1280,filterLoc,,
3135,1283,filterLoc,,
3135,1286,filterLoc,,
3135,1289,filterLoc,,
3135,1292,filterLoc,,
3135,1295,filterLoc,,
3135,1298,filterLoc,,
3135,1301,filterLoc,,
3135,1304,filterLoc,,
3135,1307,filterLoc,,
3135,1310,filterLoc,,
3135,1313,filterLoc,,
3135,1316,filterLoc,,
3135,1319,filterLoc,,
3135,1322,filterLoc,,
3135,1325,filterLoc,,
3135,1328,filterLoc,,;Evacuee;203;in triage category;G;is entering helicopter;5
3135,1331,filterLoc,,
3135,1334,filterLoc,,
3135,1337,filterLoc,,
3135,1340,filterLoc,,
3135,1343,filterLoc,,
3135,1346,filterLoc,,
3135,1349,filterLoc,,
3135,1352,filterLoc,,
3135,1355,filterLoc,,
3135,1358,filterLoc,,
3135,1361,filterLoc,,
3135,1364,filterLoc,,
3135,1367,filterLoc,,
3135,1370,filterLoc,,
3135,1373,filterLoc,,
3135,1376,filterLoc,,
3135,1379,filterLoc,,
3135,1382,filterLoc,,
3135,1385,filterLoc,,
3135,1388,filterLoc,,;Evacuee;201;in triage category;G;is entering helicopter;5
3135,1391,filterLoc,,
3135,1394,filterLoc,,;Evacuee;202;in triage category;G;is entering helicopter;5
3135,1397,filterLoc,,
3135,1400,filterLoc,,;Evacuee;204;in triage category;G;is entering helicopter;5
3135,1403,filterLoc,,
3135,1406,filterLoc,,;Evacuee;205;in triage category;G;is entering helicopter;5
3135,1409,filterLoc,,
3135,1412,filterLoc,,
3135,1415,filterLoc,,
3135,1418,filterLoc,,
3135,1421,filterLoc,,
3135,1424,filterLoc,,
3135,1427,filterLoc,,
3135,1430,filterLoc,,
3135,1433,filterLoc,,
3135,1436,filterLoc,,
3135,1439,filterLoc,,
3135,1442,filterLoc,,
3135,1445,filterLoc,,
3135,1448,filterLoc,,
3135,1451,filterLoc,,
3135,1454,filterLoc,,
3135,1457,filterLoc,,
3135,1460,filterLoc,,
3135,1463,filterLoc,,
3135,1466,filterLoc,,
3135,1469,filterLoc,,
3135,1472,filterLoc,,
3135,1475,filterLoc,,
3135,1478,filterLoc,,
3135,1481,filterLoc,,
3135,1484,filterLoc,,
3135,1487,filterLoc,,
3135,1490,filterLoc,,
3135,1493,filterLoc,,
3135,1496,filterLoc,,
3135,1499,filterLoc,,
3135,1502,filterLoc,,
3135,1505,filterLoc,,
3135,1508,filterLoc,,
3135,1511,filterLoc,,
3135,1514,filterLoc,,
3135,1517,filterLoc,,
3135,1520,filterLoc,,
3135,1523,filterLoc,,
3135,1526,filterLoc,,
3135,1529,filterLoc,,
3135,521,filterLoc,out,Evacuee 215 in triage category G is assigned helicopter 5
3135,521,filterLoc,,
3135,522,evacuee,,Evacuee;215;in triage state;G;is entering helicopter;5
3135,672,filterLoc,out,Evacuee 213 in triage category G is assigned helicopter 5
3135,672,filterLoc,,
3135,673,evacuee,,Evacuee;213;in triage state;G;is entering helicopter;5
3135,972,filterLoc,out,Evacuee 209 in triage category G is assigned helicopter 5
3135,972,filterLoc,,
3135,973,evacuee,,Evacuee;209;in triage state;G;is entering helicopter;5
3135,1020,filterLoc,out,Evacuee 220 in triage category G is assigned helicopter 5
3135,1020,filterLoc,,
3135,1021,evacuee,,Evacuee;220;in triage state;G;is entering helicopter;5
3135,1095,filterLoc,out,Evacuee 212 in triage category G is assigned helicopter 5
3135,1095,filterLoc,,
3135,1096,evacuee,,Evacuee;212;in triage state;G;is entering helicopter;5
3135,1328,filterLoc,out,Evacuee 203 in triage category G is assigned helicopter 5
3135,1328,filterLoc,,
3135,1329,evacuee,,Evacuee;203;in triage state;G;is entering helicopter;5
3135,1388,filterLoc,out,Evacuee 201 in triage category G is assigned helicopter 5
3135,1388,filterLoc,,
3135,1389,evacuee,,Evacuee;201;in triage state;G;is entering helicopter;5
3135,1394,filterLoc,out,Evacuee 202 in triage category G is assigned helicopter 5
3135,1394,filterLoc,,
3135,1395,evacuee,,Evacuee;202;in triage state;G;is entering helicopter;5
3135,1400,filterLoc,out,Evacuee 204 in triage category G is assigned helicopter 5
3135,1400,filterLoc,,
3135,1401,evacuee,,Evacuee;204;in triage state;G;is entering helicopter;5
3135,1406,filterLoc,out,Evacuee 205 in triage category G is assigned helicopter 5
3135,1406,filterLoc,,
3135,1407,evacuee,,Evacuee;205;in triage state;G;is entering helicopter;5
3135,7,filterEvac,,
3135,107,filterEvac,,
3135,292,filterEvac,,
3135,522,evacuee,outHelo,Evacuee 215 in triage category G is assigned helicopter 5
3135,522,evacuee,,Evacuee;215;in triage state;G;is in helicopter;5
3135,572,filterEvac,,;Evacuee;201;in triage category;G;is entering helicopter;5;Evacuee;202;in triage category;G;is entering helicopter;5;Evacuee;203;in triage category;G;is entering helicopter;5;Evacuee;204;in triage category;G;is entering helicopter;5;Evacuee;205;in triage category;G;is entering helicopter;5;Evacuee;209;in triage category;G;is entering helicopter;5;Evacuee;212;in triage category;G;is entering helicopter;5;Evacuee;213;in triage category;G;is entering helicopter;5;Evacuee;215;in triage category;G;is entering helicopter;5;Evacuee;220;in triage category;G;is entering helicopter;5
3135,673,evacuee,outHelo,Evacuee 213 in triage category G is assigned helicopter 5
3135,673,evacuee,,Evacuee;213;in triage state;G;is in helicopter;5
3135,973,evacuee,outHelo,Evacuee 209 in triage category G is assigned helicopter 5
3135,973,evacuee,,Evacuee;209;in triage state;G;is in helicopter;5
3135,1021,evacuee,outHelo,Evacuee 220 in triage category G is assigned helicopter 5
3135,1021,evacuee,,Evacuee;220;in triage state;G;is in helicopter;5
3135,1096,evacuee,outHelo,Evacuee 212 in triage category G is assigned helicopter 5
3135,1096,evacuee,,Evacuee;212;in triage state;G;is in helicopter;5
3135,1131,filterEvac,,
3135,1171,filterEvac,,
3135,1329,evacuee,outHelo,Evacuee 203 in triage category G is assigned helicopter 5
3135,1329,evacuee,,Evacuee;203;in triage state;G;is in helicopter;5
3135,1389,evacuee,outHelo,Evacuee 201 in triage category G is assigned helicopter 5
3135,1389,evacuee,,Evacuee;201;in triage state;G;is in helicopter;5
3135,1395,evacuee,outHelo,Evacuee 202 in triage category G is assigned helicopter 5
3135,1395,evacuee,,Evacuee;202;in triage state;G;is in helicopter;5
3135,1401,evacuee,outHelo,Evacuee 204 in triage category G is assigned helicopter 5
3135,1401,evacuee,,Evacuee;204;in triage state;G;is in helicopter;5
3135,1407,evacuee,outHelo,Evacuee 205 in triage category G is assigned helicopter 5
3135,1407,evacuee,,Evacuee;205;in triage state;G;is in helicopter;5
3135,572,filterEvac,out,Evacuee 201 in triage category G is assigned helicopter 5
3135,572,filterEvac,out,Evacuee 202 in triage category G is assigned helicopter 5
3135,572,filterEvac,out,Evacuee 203 in triage category G is assigned helicopter 5
3135,572,filterEvac,out,Evacuee 204 in triage category G is assigned helicopter 5
3135,572,filterEvac,out,Evacuee 205 in triage category G is assigned helicopter 5
3135,572,filterEvac,out,Evacuee 209 in triage category G is assigned helicopter 5
3135,572,filterEvac,out,Evacuee 212 in triage category G is assigned helicopter 5
3135,572,filterEvac,out,Evacuee 213 in triage category G is assigned helicopter 5
3135,572,filterEvac,out,Evacuee 215 in triage category G is assigned helicopter 5
3135,572,filterEvac,out,Evacuee 220 in triage category G is assigned helicopter 5
3135,572,filterEvac,,
3135,574,helicopter,,Helicopter;5;is loading people at the evacuation site;;and has;10;spots taken
3143.73,3,evacueeManager,,OFF SHIP: White;0;Green;86;Yellow;28;Red;4;Black;312;ON SHIP: White;0;Green;0;Yellow;0;Red;0;Evacuees to Transfer;
3143.73,946,evacuee,outES,Evacuee 38 in triage category R is not assigned a helicopter
3143.73,946,evacuee,,Evacuee;38;in triage state;B;is at the evacuation site
3148.75,3,evacueeManager,,OFF SHIP: White;0;Green;86;Yellow;27;Red;5;Black;312;ON SHIP: White;0;Green;0;Yellow;0;Red;0;Evacuees to Transfer;
3148.75,859,evacuee,outES,Evacuee 394 in triage category Y is not assigned a helicopter
3148.75,859,evacuee,,Evacuee;394;in triage state;R;is at the evacuation site
3150,4,helipadManager,outHelo,Helicopter 5 is evacuating people5
3150,4,helipadManager,,;No helos are at ES
3150,8,filterES,,
3150,11,filterLoc,,
3150,14,filterLoc,,
3150,17,filterLoc,,
3150,20,filterLoc,,
3150,23,filterLoc,,
3150,26,filterLoc,,
3150,29,filterLoc,,
3150,32,filterLoc,,
3150,35,filterLoc,,
3150,38,filterLoc,,
3150,41,filterLoc,,
3150,44,filterLoc,,
3150,47,filterLoc,,
3150,50,filterLoc,,
3150,53,filterLoc,,
3150,56,filterLoc,,
3150,59,filterLoc,,
3150,62,filterLoc,,
3150,65,filterLoc,,
3150,68,filterLoc,,
3150,71,filterLoc,,
3150,74,filterLoc,,
3150,77,filterLoc,,
3150,80,filterLoc,,
3150,83,filterLoc,,
3150,86,filterLoc,,
3150,89,filterLoc,,
3150,92,filterLoc,,
3150,95,filterLoc,,
3150,98,filterLoc,,
3150,101,filterLoc,,
3150,104,filterLoc,,
3150,108,filterES,,
3150,111,filterLoc,,
3150,114,filterLoc,,
3150,117,filterLoc,,
3150,120,filterLoc,,
3150,123,filterLoc,,
3150,126,filterLoc,,
3150,129,filterLoc,,
3150,132,filterLoc,,
3150,135,filterLoc,,
3150,138,filterLoc,,
3150,141,filterLoc,,
3150,144,filterLoc,,
3150,147,filterLoc,,
3150,150,filterLoc,,
3150,153,filterLoc,,
3150,156,filterLoc,,
3150,159,filterLoc,,
3150,162,filterLoc,,
3150,165,filterLoc,,
3150,168,filterLoc,,
3150,171,filterLoc,,
3150,174,filterLoc,,
3150,177,filterLoc,,
3150,180,filterLoc,,
3150,183,filterLoc,,
3150,186,filterLoc,,
3150,189,filterLoc,,
3150,192,filterLoc,,
3150,195,filterLoc,,
3150,198,filterLoc,,
3150,201,filterLoc,,
3150,204,filterLoc,,
3150,207,filterLoc,,
3150,210,filterLoc,,
3150,213,filterLoc,,
3150,216,filterLoc,,
3150,219,filterLoc,,
3150,222,filterLoc,,
3150,225,filterLoc,,
3150,229,filterLoc,,
3150,232,filterLoc,,
3150,235,filterLoc,,
3150,238,filterLoc,,
3150,241,filterLoc,,
3150,244,filterLoc,,
3150,247,filterLoc,,
3150,250,filterLoc,,
3150,253,filterLoc,,
3150,256,filterLoc,,
3150,259,filterLoc,,
3150,262,filterLoc,,
3150,265,filterLoc,,
3150,268,filterLoc,,
3150,271,filterLoc,,
3150,274,filterLoc,,
3150,277,filterLoc,,
3150,280,filterLoc,,
3150,283,filterLoc,,
3150,286,filterLoc,,
3150,289,filterLoc,,
3150,293,filterES,,
3150,296,filterLoc,,
3150,299,filterLoc,,
3150,302,filterLoc,,
3150,305,filterLoc,,
3150,308,filterLoc,,
3150,311,filterLoc,,
3150,314,filterLoc,,
3150,317,filterLoc,,
3150,320,filterLoc,,
3150,323,filterLoc,,
3150,326,filterLoc,,
3150,329,filterLoc,,
3150,332,filterLoc,,
3150,335,filterLoc,,
3150,338,filterLoc,,
3150,341,filterLoc,,
3150,344,filterLoc,,
3150,347,filterLoc,,
3150,350,filterLoc,,
3150,353,filterLoc,,
3150,356,filterLoc,,
3150,359,filterLoc,,
3150,362,filterLoc,,
3150,365,filterLoc,,
3150,368,filterLoc,,
3150,371,filterLoc,,
3150,374,filterLoc,,
3150,377,filterLoc,,
3150,380,filterLoc,,
3150,383,filterLoc,,
3150,386,filterLoc,,
3150,389,filterLoc,,
3150,392,filterLoc,,
3150,395,filterLoc,,
3150,398,filterLoc,,
3150,401,filterLoc,,
3150,404,filterLoc,,
3150,407,filterLoc,,
3150,410,filterLoc,,
3150,413,filterLoc,,
3150,416,filterLoc,,
3150,419,filterLoc,,
3150,422,filterLoc,,
3150,425,filterLoc,,
3150,428,filterLoc,,
3150,431,filterLoc,,
3150,434,filterLoc,,
3150,437,filterLoc,,
3150,440,filterLoc,,
3150,443,filterLoc,,
3150,446,filterLoc,,
3150,449,filterLoc,,
3150,452,filterLoc,,
3150,455,filterLoc,,
3150,458,filterLoc,,
3150,461,filterLoc,,
3150,464,filterLoc,,;Evacuee;114;in triage category;G;is leaving helicopter;1
3150,467,filterLoc,,
3150,470,filterLoc,,
3150,473,filterLoc,,
3150,476,filterLoc,,
3150,479,filterLoc,,
3150,482,filterLoc,,
3150,485,filterLoc,,
3150,488,filterLoc,,
3150,491,filterLoc,,
3150,494,filterLoc,,
3150,497,filterLoc,,
3150,500,filterLoc,,
3150,503,filterLoc,,
3150,506,filterLoc,,
3150,509,filterLoc,,
3150,512,filterLoc,,
3150,515,filterLoc,,
3150,518,filterLoc,,
3150,521,filterLoc,,
3150,524,filterLoc,,
3150,527,filterLoc,,
3150,530,filterLoc,,;Evacuee;112;in triage category;G;is leaving helicopter;1
3150,533,filterLoc,,
3150,536,filterLoc,,;Evacuee;109;in triage category;G;is leaving helicopter;1
3150,539,filterLoc,,
3150,542,filterLoc,,
3150,545,filterLoc,,
3150,548,filterLoc,,
3150,551,filterLoc,,
3150,554,filterLoc,,
3150,557,filterLoc,,
3150,560,filterLoc,,
3150,563,filterLoc,,
3150,566,filterLoc,,
3150,569,filterLoc,,
3150,573,filterES,,Helicopter;5;is evacuating people
3150,576,filterLoc,,
3150,579,filterLoc,,
3150,582,filterLoc,,
3150,585,filterLoc,,
3150,588,filterLoc,,
3150,591,filterLoc,,;Evacuee;101;in triage category;G;is leaving helicopter;1
3150,594,filterLoc,,
3150,597,filterLoc,,;Evacuee;99;in triage category;G;is leaving helicopter;1
3150,600,filterLoc,,
3150,603,filterLoc,,
3150,606,filterLoc,,;Evacuee;95;in triage category;G;is leaving helicopter;1
3150,609,filterLoc,,
3150,612,filterLoc,,
3150,615,filterLoc,,
3150,618,filterLoc,,
3150,621,filterLoc,,
3150,624,filterLoc,,
3150,627,filterLoc,,
3150,630,filterLoc,,
3150,633,filterLoc,,
3150,636,filterLoc,,
3150,639,filterLoc,,
3150,642,filterLoc,,
3150,645,filterLoc,,
3150,648,filterLoc,,
3150,651,filterLoc,,
3150,654,filterLoc,,
3150,657,filterLoc,,
3150,660,filterLoc,,
3150,663,filterLoc,,;Evacuee;98;in triage category;G;is leaving helicopter;1
3150,666,filterLoc,,
3150,669,filterLoc,,
3150,672,filterLoc,,
3150,675,filterLoc,,
3150,678,filterLoc,,
3150,681,filterLoc,,
3150,684,filterLoc,,
3150,687,filterLoc,,
3150,690,filterLoc,,
3150,693,filterLoc,,
3150,696,filterLoc,,
3150,699,filterLoc,,
3150,702,filterLoc,,
3150,705,filterLoc,,
3150,708,filterLoc,,
3150,711,filterLoc,,
3150,714,filterLoc,,
3150,717,filterLoc,,
3150,720,filterLoc,,
3150,723,filterLoc,,
3150,726,filterLoc,,
3150,729,filterLoc,,
3150,732,filterLoc,,
3150,735,filterLoc,,
3150,738,filterLoc,,
3150,741,filterLoc,,
3150,744,filterLoc,,
3150,747,filterLoc,,
3150,750,filterLoc,,
3150,753,filterLoc,,
3150,756,filterLoc,,
3150,759,filterLoc,,
3150,762,filterLoc,,
3150,765,filterLoc,,
3150,768,filterLoc,,
3150,771,filterLoc,,
3150,774,filterLoc,,
3150,777,filterLoc,,
3150,780,filterLoc,,
3150,783,filterLoc,,
3150,786,filterLoc,,
3150,789,filterLoc,,
3150,792,filterLoc,,
3150,795,filterLoc,,
3150,798,filterLoc,,
3150,801,filterLoc,,
3150,804,filterLoc,,
3150,807,filterLoc,,
3150,810,filterLoc,,
3150,813,filterLoc,,;Evacuee;100;in triage category;G;is leaving helicopter;1
3150,816,filterLoc,,
3150,819,filterLoc,,
3150,822,filterLoc,,
3150,825,filterLoc,,;Evacuee;85;in triage category;G;is leaving helicopter;1
3150,828,filterLoc,,
3150,831,filterLoc,,
3150,834,filterLoc,,
3150,837,filterLoc,,
3150,840,filterLoc,,
3150,843,filterLoc,,
3150,846,filterLoc,,
3150,849,filterLoc,,
3150,852,filterLoc,,
3150,855,filterLoc,,
3150,858,filterLoc,,
3150,861,filterLoc,,
3150,864,filterLoc,,
3150,867,filterLoc,,
3150,870,filterLoc,,
3150,873,filterLoc,,
3150,876,filterLoc,,
3150,879,filterLoc,,;Evacuee;82;in triage category;G;is leaving helicopter;1
3150,882,filterLoc,,
3150,885,filterLoc,,
3150,888,filterLoc,,
3150,891,filterLoc,,
3150,894,filterLoc,,
3150,897,filterLoc,,
3150,900,filterLoc,,
3150,903,filterLoc,,
3150,906,filterLoc,,
3150,909,filterLoc,,
3150,912,filterLoc,,
3150,915,filterLoc,,
3150,918,filterLoc,,
3150,921,filterLoc,,
3150,924,filterLoc,,
3150,927,filterLoc,,
3150,930,filterLoc,,
3150,933,filterLoc,,
3150,936,filterLoc,,
3150,939,filterLoc,,
3150,942,filterLoc,,
3150,945,filterLoc,,
3150,948,filterLoc,,
3150,951,filterLoc,,
3150,954,filterLoc,,
3150,957,filterLoc,,
3150,960,filterLoc,,
3150,963,filterLoc,,
3150,966,filterLoc,,
3150,969,filterLoc,,
3150,972,filterLoc,,
3150,975,filterLoc,,
3150,978,filterLoc,,
3150,981,filterLoc,,
3150,984,filterLoc,,
3150,987,filterLoc,,
3150,990,filterLoc,,
3150,993,filterLoc,,
3150,996,filterLoc,,
3150,999,filterLoc,,
3150,1002,filterLoc,,
3150,1005,filterLoc,,
3150,1008,filterLoc,,
3150,1011,filterLoc,,
3150,1014,filterLoc,,
3150,1017,filterLoc,,
3150,1020,filterLoc,,
3150,1023,filterLoc,,
3150,1026,filterLoc,,
3150,1029,filterLoc,,
3150,1032,filterLoc,,
3150,1035,filterLoc,,
3150,1038,filterLoc,,
3150,1041,filterLoc,,
3150,1044,filterLoc,,
3150,1047,filterLoc,,
3150,1050,filterLoc,,
3150,1053,filterLoc,,
3150,1056,filterLoc,,
3150,1059,filterLoc,,
3150,1062,filterLoc,,
3150,1065,filterLoc,,
3150,1068,filterLoc,,
3150,1071,filterLoc,,
3150,1074,filterLoc,,
3150,1077,filterLoc,,
3150,1080,filterLoc,,
3150,1083,filterLoc,,
3150,1086,filterLoc,,
3150,1089,filterLoc,,
3150,1092,filterLoc,,
3150,1095,filterLoc,,
3150,1098,filterLoc,,
3150,1101,filterLoc,,
3150,1104,filterLoc,,
3150,1107,filterLoc,,
3150,1110,filterLoc,,
3150,1113,filterLoc,,
3150,1116,filterLoc,,
3150,1119,filterLoc,,
3150,1122,filterLoc,,
3150,1125,filterLoc,,
3150,1128,filterLoc,,
3150,1132,filterES,,
3150,1135,filterLoc,,
3150,1138,filterLoc,,
3150,1141,filterLoc,,
3150,1144,filterLoc,,
3150,1147,filterLoc,,
3150,1150,filterLoc,,
3150,1153,filterLoc,,
3150,1156,filterLoc,,
3150,1159,filterLoc,,
3150,1162,filterLoc,,
3150,1165,filterLoc,,
3150,1168,filterLoc,,
3150,1172,filterES,,
3150,1173,helicopter,outEvac,Evacuee 82 in triage category G is not assigned a helicopter
3150,1173,helicopter,outEvac,Evacuee 85 in triage category G is not assigned a helicopter
3150,1173,helicopter,outEvac,Evacuee 95 in triage category G is not assigned a helicopter
3150,1173,helicopter,outEvac,Evacuee 98 in triage category G is not assigned a helicopter
3150,1173,helicopter,outEvac,Evacuee 99 in triage category G is not assigned a helicopter
3150,1173,helicopter,outEvac,Evacuee 100 in triage category G is not assigned a helicopter
3150,1173,helicopter,outEvac,Evacuee 101 in triage category G is not assigned a helicopter
3150,1173,helicopter,outEvac,Evacuee 109 in triage category G is not assigned a helicopter
3150,1173,helicopter,outEvac,Evacuee 112 in triage category G is not assigned a helicopter
3150,1173,helicopter,outEvac,Evacuee 114 in triage category G is not assigned a helicopter
3150,1173,helicopter,,Helicopter;1;is unloading people at the FOL;;and has;0;spots taken
3150,1175,filterLoc,,
3150,1178,filterLoc,,
3150,1181,filterLoc,,
3150,1184,filterLoc,,
3150,1187,filterLoc,,
3150,1190,filterLoc,,
3150,1193,filterLoc,,
3150,1196,filterLoc,,
3150,1199,filterLoc,,
3150,1202,filterLoc,,
3150,1205,filterLoc,,
3150,1208,filterLoc,,
3150,1211,filterLoc,,
3150,1214,filterLoc,,
3150,1217,filterLoc,,
3150,1220,filterLoc,,
3150,1223,filterLoc,,
3150,1226,filterLoc,,
3150,1229,filterLoc,,
3150,1232,filterLoc,,
3150,1235,filterLoc,,
3150,1238,filterLoc,,
3150,1241,filterLoc,,
3150,1244,filterLoc,,
3150,1247,filterLoc,,
3150,1250,filterLoc,,
3150,1253,filterLoc,,
3150,1256,filterLoc,,
3150,1259,filterLoc,,
3150,1262,filterLoc,,
3150,1265,filterLoc,,
3150,1268,filterLoc,,
3150,1271,filterLoc,,
3150,1274,filterLoc,,
3150,1277,filterLoc,,
3150,1280,filterLoc,,
3150,1283,filterLoc,,
3150,1286,filterLoc,,
3150,1289,filterLoc,,
3150,1292,filterLoc,,
3150,1295,filterLoc,,
3150,1298,filterLoc,,
3150,1301,filterLoc,,
3150,1304,filterLoc,,
3150,1307,filterLoc,,
3150,1310,filterLoc,,
3150,1313,filterLoc,,
3150,1316,filterLoc,,
3150,1319,filterLoc,,
3150,1322,filterLoc,,
3150,1325,filterLoc,,
3150,1328,filterLoc,,
3150,1331,filterLoc,,
3150,1334,filterLoc,,
3150,1337,filterLoc,,
3150,1340,filterLoc,,
3150,1343,filterLoc,,
3150,1346,filterLoc,,
3150,1349,filterLoc,,
3150,1352,filterLoc,,
3150,1355,filterLoc,,
3150,1358,filterLoc,,
3150,1361,filterLoc,,
3150,1364,filterLoc,,
3150,1367,filterLoc,,
3150,1370,filterLoc,,
3150,1373,filterLoc,,
3150,1376,filterLoc,,
3150,1379,filterLoc,,
3150,1382,filterLoc,,
3150,1385,filterLoc,,
3150,1388,filterLoc,,
3150,1391,filterLoc,,
3150,1394,filterLoc,,
3150,1397,filterLoc,,
3150,1400,filterLoc,,
3150,1403,filterLoc,,
3150,1406,filterLoc,,
3150,1409,filterLoc,,
3150,1412,filterLoc,,
3150,1415,filterLoc,,
3150,1418,filterLoc,,
3150,1421,filterLoc,,
3150,1424,filterLoc,,
3150,1427,filterLoc,,
3150,1430,filterLoc,,
3150,1433,filterLoc,,
3150,1436,filterLoc,,
3150,1439,filterLoc,,
3150,1442,filterLoc,,
3150,1445,filterLoc,,
3150,1448,filterLoc,,
3150,1451,filterLoc,,
3150,1454,filterLoc,,
3150,1457,filterLoc,,
3150,1460,filterLoc,,
3150,1463,filterLoc,,
3150,1466,filterLoc,,
3150,1469,filterLoc,,
3150,1472,filterLoc,,
3150,1475,filterLoc,,
3150,1478,filterLoc,,
3150,1481,filterLoc,,
3150,1484,filterLoc,,
3150,1487,filterLoc,,
3150,1490,filterLoc,,
3150,1493,filterLoc,,
3150,1496,filterLoc,,
3150,1499,filterLoc,,
3150,1502,filterLoc,,
3150,1505,filterLoc,,
3150,1508,filterLoc,,
3150,1511,filterLoc,,
3150,1514,filterLoc,,
3150,1517,filterLoc,,
3150,1520,filterLoc,,
3150,1523,filterLoc,,
3150,1526,filterLoc,,
3150,1529,filterLoc,,
3150,4,helipadManager,outHQ,0
3150,4,helipadManager,,;No helos are at ES
3150,5,helicopterQueue,,;No helos are waiting to land
3150,464,filterLoc,out,Evacuee 114 in triage category G is not assigned a helicopter
3150,464,filterLoc,,
3150,465,evacuee,,Evacuee;114;in triage state;G;is entering the FOL
3150,530,filterLoc,out,Evacuee 112 in triage category G is not assigned a helicopter
3150,530,filterLoc,,
3150,531,evacuee,,Evacuee;112;in triage state;G;is entering the FOL
3150,536,filterLoc,out,Evacuee 109 in triage category G is not assigned a helicopter
3150,536,filterLoc,,
3150,537,evacuee,,Evacuee;109;in triage state;G;is entering the FOL
3150,573,filterES,out,Helicopter 5 is evacuating people5
3150,573,filterES,,
3150,574,helicopter,,Helicopter;5;is loading people at the evacuation site;;and has;10;spots taken
3150,591,filterLoc,out,Evacuee 101 in triage category G is not assigned a helicopter
3150,591,filterLoc,,
3150,592,evacuee,,Evacuee;101;in triage state;G;is entering the FOL
3150,597,filterLoc,out,Evacuee 99 in triage category G is not assigned a helicopter
3150,597,filterLoc,,
3150,598,evacuee,,Evacuee;99;in triage state;G;is entering the FOL
3150,606,filterLoc,out,Evacuee 95 in triage category G is not assigned a helicopter
3150,606,filterLoc,,
3150,607,evacuee,,Evacuee;95;in triage state;G;is entering the FOL
3150,663,filterLoc,out,Evacuee 98 in triage category G is not assigned a helicopter
3150,663,filterLoc,,
3150,664,evacuee,,Evacuee;98;in triage state;G;is entering the FOL
3150,813,filterLoc,out,Evacuee 100 in triage category G is not assigned a helicopter
3150,813,filterLoc,,
3150,814,evacuee,,Evacuee;100;in triage state;G;is entering the FOL
3150,825,filterLoc,out,Evacuee 85 in triage category G is not assigned a helicopter
3150,825,filterLoc,,
3150,826,evacuee,,Evacuee;85;in triage state;G;is entering the FOL
3150,879,filterLoc,out,Evacuee 82 in triage category G is not assigned a helicopter
3150,879,filterLoc,,
3150,880,evacuee,,Evacuee;82;in triage state;G;is entering the FOL
3150,5,helicopterQueue,,;No helos are waiting to land
3150,227,FOL,,;EvacueeID;4;Triage Status;G;EvacueeID;7;Triage Status;G;EvacueeID;10;Triage Status;G;EvacueeID;11;Triage Status;G;EvacueeID;13;Triage Status;G;EvacueeID;14;Triage Status;G;EvacueeID;15;Triage Status;G;EvacueeID;17;Triage Status;G;EvacueeID;18;Triage Status;G;EvacueeID;19;Triage Status;G;EvacueeID;23;Triage Status;G;EvacueeID;24;Triage Status;G;EvacueeID;26;Triage Status;G;EvacueeID;28;Triage Status;G;EvacueeID;29;Triage Status;G;EvacueeID;32;Triage Status;G;EvacueeID;37;Triage Status;G;EvacueeID;45;Triage Status;G;EvacueeID;48;Triage Status;G;EvacueeID;50;Triage Status;G;EvacueeID;54;Triage Status;G;EvacueeID;55;Triage Status;G;EvacueeID;58;Triage Status;G;EvacueeID;60;Triage Status;G;EvacueeID;65;Triage Status;G;EvacueeID;67;Triage Status;G;EvacueeID;73;Triage Status;G;EvacueeID;75;Triage Status;G;EvacueeID;77;Triage Status;G;EvacueeID;78;Triage Status;G;EvacueeID;82;Triage Status;G;EvacueeID;85;Triage Status;G;EvacueeID;95;Triage Status;G;EvacueeID;98;Triage Status;G;EvacueeID;99;Triage Status;G;EvacueeID;100;Triage Status;G;EvacueeID;101;Triage Status;G;EvacueeID;109;Triage Status;G;EvacueeID;112;Triage Status;G;EvacueeID;114;Triage Status;G;Lives Saved;40
3150,465,evacuee,outFOL,Evacuee 114 in triage category G is not assigned a helicopter
3150,465,evacuee,,Evacuee;114;in triage state;G;is at the FOL
3150,531,evacuee,outFOL,Evacuee 112 in triage category G is not assigned a helicopter
3150,531,evacuee,,Evacuee;112;in triage state;G;is at the FOL
3150,537,evacuee,outFOL,Evacuee 109 in triage category G is not assigned a helicopter
3150,537,evacuee,,Evacuee;109;in triage state;G;is at the FOL
3150,574,helicopter,,Helicopter;5;is returning to the FOL;;and has;10;spots taken
3150,592,evacuee,outFOL,Evacuee 101 in triage category G is not assigned a helicopter
3150,592,evacuee,,Evacuee;101;in triage state;G;is at the FOL
3150,598,evacuee,outFOL,Evacuee 99 in triage category G is not assigned a helicopter
3150,598,evacuee,,Evacuee;99;in triage state;G;is at the FOL
3150,607,evacuee,outFOL,Evacuee 95 in triage category G is not assigned a helicopter
3150,607,evacuee,,Evacuee;95;in triage state;G;is at the FOL
3150,664,evacuee,outFOL,Evacuee 98 in triage category G is not assigned a helicopter
3150,664,evacuee,,Evacuee;98;in triage state;G;is at the FOL
3150,814,evacuee,outFOL,Evacuee 100 in triage category G is not assigned a helicopter
3150,814,evacuee,,Evacuee;100;in triage state;G;is at the FOL
3150,826,evacuee,outFOL,Evacuee 85 in triage category G is not assigned a helicopter
3150,826,evacuee,,Evacuee;85;in triage state;G;is at the FOL
3150,880,evacuee,outFOL,Evacuee 82 in triage category G is not assigned a helicopter
3150,880,evacuee,,Evacuee;82;in triage state;G;is at the FOL
3150,227,FOL,,;EvacueeID;4;Triage Status;G;EvacueeID;7;Triage Status;G;EvacueeID;10;Triage Status;G;EvacueeID;11;Triage Status;G;EvacueeID;13;Triage Status;G;EvacueeID;14;Triage Status;G;EvacueeID;15;Triage Status;G;EvacueeID;17;Triage Status;G;EvacueeID;18;Triage Status;G;EvacueeID;19;Triage Status;G;EvacueeID;23;Triage Status;G;EvacueeID;24;Triage Status;G;EvacueeID;26;Triage Status;G;EvacueeID;28;Triage Status;G;EvacueeID;29;Triage Status;G;EvacueeID;32;Triage Status;G;EvacueeID;37;Triage Status;G;EvacueeID;45;Triage Status;G;EvacueeID;48;Triage Status;G;EvacueeID;50;Triage Status;G;EvacueeID;54;Triage Status;G;EvacueeID;55;Triage Status;G;EvacueeID;58;Triage Status;G;EvacueeID;60;Triage Status;G;EvacueeID;65;Triage Status;G;EvacueeID;67;Triage Status;G;EvacueeID;73;Triage Status;G;EvacueeID;75;Triage Status;G;EvacueeID;77;Triage Status;G;EvacueeID;78;Triage Status;G;EvacueeID;82;Triage Status;G;EvacueeID;85;Triage Status;G;EvacueeID;95;Triage Status;G;EvacueeID;98;Triage Status;G;EvacueeID;99;Triage Status;G;EvacueeID;100;Triage Status;G;EvacueeID;101;Triage Status;G;EvacueeID;109;Triage Status;G;EvacueeID;112;Triage Status;G;EvacueeID;114;Triage Status;G;Lives Saved;40
3150.84,3,evacueeManager,,OFF SHIP: White;0;Green;85;Yellow;28;Red;5;Black;312;ON SHIP: White;0;Green;0;Yellow;0;Red;0;Evacuees to Transfer;
3150.84,1093,evacuee,outES,Evacuee 307 in triage category G is not assigned a helicopter
3150.84,1093,evacuee,,Evacuee;307;in triage state;Y;is at the evacuation site
3156.1,3,evacueeManager,,OFF SHIP: White;0;Green;84;Yellow;29;Red;5;Black;312;ON SHIP: White;0;Green;0;Yellow;0;Red;0;Evacuees to Transfer;
3156.1,220,evacuee,outES,Evacuee 374 in triage category G is not assigned a helicopter
3156.1,220,evacuee,,Evacuee;374;in triage state;Y;is at the evacuation site
3163.84,3,evacueeManager,,OFF SHIP: White;0;Green;83;Yellow;30;Red;5;Black;312;ON SHIP: White;0;Green;0;Yellow;0;Red;0;Evacuees to Transfer;
3163.84,805,evacuee,outES,Evacuee 473 in triage category G is not assigned a helicopter
3163.84,805,evacuee,,Evacuee;473;in triage state;Y;is at the evacuation site
3164.73,3,evacueeManager,,OFF SHIP: White;0;Green;83;Yellow;30;Red;4;Black;313;ON SHIP: White;0;Green;0;Yellow;0;Red;0;Evacuees to Transfer;
3164.73,281,evacuee,outES,Evacuee 335 in triage category R is not assigned a helicopter
3164.73,281,evacuee,,Evacuee;335;in triage state;B;is at the evacuation site
3165,11,filterLoc,,
3165,14,filterLoc,,
3165,17,filterLoc,,
3165,20,filterLoc,,
3165,23,filterLoc,,
3165,26,filterLoc,,
3165,29,filterLoc,,
3165,32,filterLoc,,
3165,35,filterLoc,,
3165,38,filterLoc,,
3165,41,filterLoc,,
3165,44,filterLoc,,
3165,47,filterLoc,,
3165,50,filterLoc,,
3165,53,filterLoc,,
3165,56,filterLoc,,
3165,59,filterLoc,,
3165,62,filterLoc,,
3165,65,filterLoc,,
3165,68,filterLoc,,
3165,71,filterLoc,,
3165,74,filterLoc,,
3165,77,filterLoc,,
3165,80,filterLoc,,
3165,83,filterLoc,,
3165,86,filterLoc,,
3165,89,filterLoc,,
3165,92,filterLoc,,
3165,95,filterLoc,,
3165,98,filterLoc,,
3165,101,filterLoc,,
3165,104,filterLoc,,
3165,111,filterLoc,,
3165,114,filterLoc,,
3165,117,filterLoc,,
3165,120,filterLoc,,
3165,123,filterLoc,,
3165,126,filterLoc,,
3165,129,filterLoc,,
3165,132,filterLoc,,
3165,135,filterLoc,,
3165,138,filterLoc,,
3165,141,filterLoc,,
3165,144,filterLoc,,
3165,147,filterLoc,,
3165,150,filterLoc,,
3165,153,filterLoc,,
3165,156,filterLoc,,
3165,159,filterLoc,,
3165,162,filterLoc,,
3165,165,filterLoc,,
3165,168,filterLoc,,
3165,171,filterLoc,,
3165,174,filterLoc,,
3165,177,filterLoc,,
3165,180,filterLoc,,
3165,183,filterLoc,,
3165,186,filterLoc,,
3165,189,filterLoc,,
3165,192,filterLoc,,
3165,195,filterLoc,,
3165,198,filterLoc,,
3165,201,filterLoc,,
3165,204,filterLoc,,
3165,207,filterLoc,,
3165,210,filterLoc,,
3165,213,filterLoc,,
3165,216,filterLoc,,
3165,219,filterLoc,,
3165,222,filterLoc,,
3165,225,filterLoc,,
3165,229,filterLoc,,
3165,232,filterLoc,,
3165,235,filterLoc,,
3165,238,filterLoc,,
3165,241,filterLoc,,
3165,244,filterLoc,,
3165,247,filterLoc,,
3165,250,filterLoc,,
3165,253,filterLoc,,
3165,256,filterLoc,,
3165,259,filterLoc,,
3165,262,filterLoc,,
3165,265,filterLoc,,
3165,268,filterLoc,,
3165,271,filterLoc,,
3165,274,filterLoc,,
3165,277,filterLoc,,
3165,280,filterLoc,,
3165,283,filterLoc,,
3165,286,filterLoc,,
3165,289,filterLoc,,
3165,294,helicopter,outEvac,Evacuee 123 in triage category G is not assigned a helicopter
3165,294,helicopter,outEvac,Evacuee 125 in triage category G is not assigned a helicopter
3165,294,helicopter,outEvac,Evacuee 126 in triage category G is not assigned a helicopter
3165,294,helicopter,outEvac,Evacuee 142 in triage category G is not assigned a helicopter
3165,294,helicopter,outEvac,Evacuee 144 in triage category G is not assigned a helicopter
3165,294,helicopter,outEvac,Evacuee 147 in triage category G is not assigned a helicopter
3165,294,helicopter,outEvac,Evacuee 153 in triage category G is not assigned a helicopter
3165,294,helicopter,outEvac,Evacuee 156 in triage category G is not assigned a helicopter
3165,294,helicopter,outEvac,Evacuee 158 in triage category G is not assigned a helicopter
3165,294,helicopter,outEvac,Evacuee 159 in triage category G is not assigned a helicopter
3165,294,helicopter,,Helicopter;4;is unloading people at the FOL;;and has;0;spots taken
3165,296,filterLoc,,
3165,299,filterLoc,,
3165,302,filterLoc,,
3165,305,filterLoc,,
3165,308,filterLoc,,
3165,311,filterLoc,,
3165,314,filterLoc,,
3165,317,filterLoc,,
3165,320,filterLoc,,
3165,323,filterLoc,,
3165,326,filterLoc,,
3165,329,filterLoc,,
3165,332,filterLoc,,
3165,335,filterLoc,,
3165,338,filterLoc,,
3165,341,filterLoc,,
3165,344,filterLoc,,
3165,347,filterLoc,,
3165,350,filterLoc,,
3165,353,filterLoc,,
3165,356,filterLoc,,
3165,359,filterLoc,,
3165,362,filterLoc,,
3165,365,filterLoc,,
3165,368,filterLoc,,
3165,371,filterLoc,,
3165,374,filterLoc,,
3165,377,filterLoc,,
3165,380,filterLoc,,
3165,383,filterLoc,,
3165,386,filterLoc,,
3165,389,filterLoc,,
3165,392,filterLoc,,
3165,395,filterLoc,,
3165,398,filterLoc,,
3165,401,filterLoc,,
3165,404,filterLoc,,
3165,407,filterLoc,,
3165,410,filterLoc,,
3165,413,filterLoc,,
3165,416,filterLoc,,
3165,419,filterLoc,,
3165,422,filterLoc,,
3165,425,filterLoc,,
3165,428,filterLoc,,
3165,431,filterLoc,,
3165,434,filterLoc,,
3165,437,filterLoc,,
3165,440,filterLoc,,
3165,443,filterLoc,,
3165,446,filterLoc,,
3165,449,filterLoc,,
3165,452,filterLoc,,
3165,455,filterLoc,,
3165,458,filterLoc,,
3165,461,filterLoc,,;Evacuee;125;in triage category;G;is leaving helicopter;4
3165,464,filterLoc,,
3165,467,filterLoc,,
3165,470,filterLoc,,
3165,473,filterLoc,,
3165,476,filterLoc,,
3165,479,filterLoc,,
3165,482,filterLoc,,
3165,485,filterLoc,,
3165,488,filterLoc,,
3165,491,filterLoc,,
3165,494,filterLoc,,
3165,497,filterLoc,,
3165,500,filterLoc,,
3165,503,filterLoc,,
3165,506,filterLoc,,
3165,509,filterLoc,,
3165,512,filterLoc,,
3165,515,filterLoc,,
3165,518,filterLoc,,
3165,521,filterLoc,,
3165,524,filterLoc,,
3165,527,filterLoc,,
3165,530,filterLoc,,
3165,533,filterLoc,,
3165,536,filterLoc,,
3165,539,filterLoc,,
3165,542,filterLoc,,
3165,545,filterLoc,,
3165,548,filterLoc,,
3165,551,filterLoc,,
3165,554,filterLoc,,
3165,557,filterLoc,,
3165,560,filterLoc,,
3165,563,filterLoc,,
3165,566,filterLoc,,
3165,569,filterLoc,,
3165,576,filterLoc,,
3165,579,filterLoc,,
3165,582,filterLoc,,
3165,585,filterLoc,,
3165,588,filterLoc,,
3165,591,filterLoc,,
3165,594,filterLoc,,;Evacuee;142;in triage category;G;is leaving helicopter;4
3165,597,filterLoc,,
3165,600,filterLoc,,
3165,603,filterLoc,,
3165,606,filterLoc,,
3165,609,filterLoc,,
3165,612,filterLoc,,
3165,615,filterLoc,,
3165,618,filterLoc,,
3165,621,filterLoc,,
3165,624,filterLoc,,
3165,627,filterLoc,,
3165,630,filterLoc,,
3165,633,filterLoc,,
3165,636,filterLoc,,
3165,639,filterLoc,,
3165,642,filterLoc,,
3165,645,filterLoc,,
3165,648,filterLoc,,
3165,651,filterLoc,,
3165,654,filterLoc,,
3165,657,filterLoc,,
3165,660,filterLoc,,
3165,663,filterLoc,,
3165,666,filterLoc,,
3165,669,filterLoc,,
3165,672,filterLoc,,
3165,675,filterLoc,,
3165,678,filterLoc,,
3165,681,filterLoc,,;Evacuee;156;in triage category;G;is leaving helicopter;4
3165,684,filterLoc,,
3165,687,filterLoc,,
3165,690,filterLoc,,
3165,693,filterLoc,,
3165,696,filterLoc,,
3165,699,filterLoc,,
3165,702,filterLoc,,
3165,705,filterLoc,,
3165,708,filterLoc,,
3165,711,filterLoc,,
3165,714,filterLoc,,
3165,717,filterLoc,,
3165,720,filterLoc,,
3165,723,filterLoc,,
3165,726,filterLoc,,
3165,729,filterLoc,,
3165,732,filterLoc,,
3165,735,filterLoc,,
3165,738,filterLoc,,
3165,741,filterLoc,,
3165,744,filterLoc,,
3165,747,filterLoc,,;Evacuee;147;in triage category;G;is leaving helicopter;4
3165,750,filterLoc,,
3165,753,filterLoc,,
3165,756,filterLoc,,
3165,759,filterLoc,,
3165,762,filterLoc,,
3165,765,filterLoc,,
3165,768,filterLoc,,
3165,771,filterLoc,,
3165,774,filterLoc,,
3165,777,filterLoc,,
3165,780,filterLoc,,
3165,783,filterLoc,,
3165,786,filterLoc,,
3165,789,filterLoc,,
3165,792,filterLoc,,
3165,795,filterLoc,,
3165,798,filterLoc,,
3165,801,filterLoc,,
3165,804,filterLoc,,
3165,807,filterLoc,,
3165,810,filterLoc,,
3165,813,filterLoc,,
3165,816,filterLoc,,
3165,819,filterLoc,,;Evacuee;158;in triage category;G;is leaving helicopter;4
3165,822,filterLoc,,
3165,825,filterLoc,,
3165,828,filterLoc,,
3165,831,filterLoc,,
3165,834,filterLoc,,
3165,837,filterLoc,,
3165,840,filterLoc,,
3165,843,filterLoc,,
3165,846,filterLoc,,
3165,849,filterLoc,,
3165,852,filterLoc,,
3165,855,filterLoc,,
3165,858,filterLoc,,
3165,861,filterLoc,,
3165,864,filterLoc,,
3165,867,filterLoc,,
3165,870,filterLoc,,
3165,873,filterLoc,,
3165,876,filterLoc,,
3165,879,filterLoc,,
3165,882,filterLoc,,
3165,885,filterLoc,,
3165,888,filterLoc,,
3165,891,filterLoc,,
3165,894,filterLoc,,
3165,897,filterLoc,,
3165,900,filterLoc,,
3165,903,filterLoc,,
3165,906,filterLoc,,
3165,909,filterLoc,,
3165,912,filterLoc,,
3165,915,filterLoc,,
3165,918,filterLoc,,
3165,921,filterLoc,,
3165,924,filterLoc,,
3165,927,filterLoc,,
3165,930,filterLoc,,
3165,933,filterLoc,,
3165,936,filterLoc,,
3165,939,filterLoc,,
3165,942,filterLoc,,
3165,945,filterLoc,,
3165,948,filterLoc,,
3165,951,filterLoc,,
3165,954,filterLoc,,
3165,957,filterLoc,,
3165,960,filterLoc,,
3165,963,filterLoc,,
3165,966,filterLoc,,
3165,969,filterLoc,,
3165,972,filterLoc,,
3165,975,filterLoc,,
3165,978,filterLoc,,
3165,981,filterLoc,,
3165,984,filterLoc,,
3165,987,filterLoc,,
3165,990,filterLoc,,
3165,993,filterLoc,,
3165,996,filterLoc,,
3165,999,filterLoc,,
3165,1002,filterLoc,,
3165,1005,filterLoc,,
3165,1008,filterLoc,,
3165,1011,filterLoc,,
3165,1014,filterLoc,,
3165,1017,filterLoc,,
3165,1020,filterLoc,,
3165,1023,filterLoc,,
3165,1026,filterLoc,,
3165,1029,filterLoc,,
3165,1032,filterLoc,,
3165,1035,filterLoc,,
3165,1038,filterLoc,,
3165,1041,filterLoc,,
3165,1044,filterLoc,,
3165,1047,filterLoc,,
3165,1050,filterLoc,,
3165,1053,filterLoc,,
3165,1056,filterLoc,,
3165,1059,filterLoc,,
3165,1062,filterLoc,,
3165,1065,filterLoc,,
3165,1068,filterLoc,,
3165,1071,filterLoc,,
3165,1074,filterLoc,,
3165,1077,filterLoc,,
3165,1080,filterLoc,,
3165,1083,filterLoc,,
3165,1086,filterLoc,,
3165,1089,filterLoc,,
3165,1092,filterLoc,,
3165,1095,filterLoc,,
3165,1098,filterLoc,,
3165,1101,filterLoc,,
3165,1104,filterLoc,,
3165,1107,filterLoc,,
3165,1110,filterLoc,,;Evacuee;144;in triage category;G;is leaving helicopter;4
3165,1113,filterLoc,,
3165,1116,filterLoc,,
3165,1119,filterLoc,,
3165,1122,filterLoc,,
3165,1125,filterLoc,,
3165,1128,filterLoc,,
3165,1135,filterLoc,,
3165,1138,filterLoc,,
3165,1141,filterLoc,,
3165,1144,filterLoc,,
3165,1147,filterLoc,,
3165,1150,filterLoc,,
3165,1153,filterLoc,,
3165,1156,filterLoc,,
3165,1159,filterLoc,,
3165,1162,filterLoc,,
3165,1165,filterLoc,,
3165,1168,filterLoc,,
3165,1173,helicopter,,Helicopter;1;Is going to the evacuation site;;and has;0;spots taken
3165,1175,filterLoc,,
3165,1178,filterLoc,,
3165,1181,filterLoc,,
3165,1184,filterLoc,,
3165,1187,filterLoc,,
3165,1190,filterLoc,,
3165,1193,filterLoc,,
3165,1196,filterLoc,,
3165,1199,filterLoc,,
3165,1202,filterLoc,,
3165,1205,filterLoc,,
3165,1208,filterLoc,,
3165,1211,filterLoc,,
3165,1214,filterLoc,,
3165,1217,filterLoc,,
3165,1220,filterLoc,,
3165,1223,filterLoc,,
3165,1226,filterLoc,,
3165,1229,filterLoc,,
3165,1232,filterLoc,,
3165,1235,filterLoc,,
3165,1238,filterLoc,,
3165,1241,filterLoc,,
3165,1244,filterLoc,,;Evacuee;153;in triage category;G;is leaving helicopter;4
3165,1247,filterLoc,,
3165,1250,filterLoc,,;Evacuee;123;in triage category;G;is leaving helicopter;4
3165,1253,filterLoc,,;Evacuee;159;in triage category;G;is leaving helicopter;4
3165,1256,filterLoc,,
3165,1259,filterLoc,,
3165,1262,filterLoc,,;Evacuee;126;in triage category;G;is leaving helicopter;4
3165,1265,filterLoc,,
3165,1268,filterLoc,,
3165,1271,filterLoc,,
3165,1274,filterLoc,,
3165,1277,filterLoc,,
3165,1280,filterLoc,,
3165,1283,filterLoc,,
3165,1286,filterLoc,,
3165,1289,filterLoc,,
3165,1292,filterLoc,,
3165,1295,filterLoc,,
3165,1298,filterLoc,,
3165,1301,filterLoc,,
3165,1304,filterLoc,,
3165,1307,filterLoc,,
3165,1310,filterLoc,,
3165,1313,filterLoc,,
3165,1316,filterLoc,,
3165,1319,filterLoc,,
3165,1322,filterLoc,,
3165,1325,filterLoc,,
3165,1328,filterLoc,,
3165,1331,filterLoc,,
3165,1334,filterLoc,,
3165,1337,filterLoc,,
3165,1340,filterLoc,,
3165,1343,filterLoc,,
3165,1346,filterLoc,,
3165,1349,filterLoc,,
3165,1352,filterLoc,,
3165,1355,filterLoc,,
3165,1358,filterLoc,,
3165,1361,filterLoc,,
3165,1364,filterLoc,,
3165,1367,filterLoc,,
3165,1370,filterLoc,,
3165,1373,filterLoc,,
3165,1376,filterLoc,,
3165,1379,filterLoc,,
3165,1382,filterLoc,,
3165,1385,filterLoc,,
3165,1388,filterLoc,,
3165,1391,filterLoc,,
3165,1394,filterLoc,,
3165,1397,filterLoc,,
3165,1400,filterLoc,,
3165,1403,filterLoc,,
3165,1406,filterLoc,,
3165,1409,filterLoc,,
3165,1412,filterLoc,,
3165,1415,filterLoc,,
3165,1418,filterLoc,,
3165,1421,filterLoc,,
3165,1424,filterLoc,,
3165,1427,filterLoc,,
3165,1430,filterLoc,,
3165,1433,filterLoc,,
3165,1436,filterLoc,,
3165,1439,filterLoc,,
3165,1442,filterLoc,,
3165,1445,filterLoc,,
3165,1448,filterLoc,,
3165,1451,filterLoc,,
3165,1454,filterLoc,,
3165,1457,filterLoc,,
3165,1460,filterLoc,,
3165,1463,filterLoc,,
3165,1466,filterLoc,,
3165,1469,filterLoc,,
3165,1472,filterLoc,,
3165,1475,filterLoc,,
3165,1478,filterLoc,,
3165,1481,filterLoc,,
3165,1484,filterLoc,,
3165,1487,filterLoc,,
3165,1490,filterLoc,,
3165,1493,filterLoc,,
3165,1496,filterLoc,,
3165,1499,filterLoc,,
3165,1502,filterLoc,,
3165,1505,filterLoc,,
3165,1508,filterLoc,,
3165,1511,filterLoc,,
3165,1514,filterLoc,,
3165,1517,filterLoc,,
3165,1520,filterLoc,,
3165,1523,filterLoc,,
3165,1526,filterLoc,,
3165,1529,filterLoc,,
3165,461,filterLoc,out,Evacuee 125 in triage category G is not assigned a helicopter
3165,461,filterLoc,,
3165,462,evacuee,,Evacuee;125;in triage state;G;is entering the FOL
3165,594,filterLoc,out,Evacuee 142 in triage category G is not assigned a helicopter
3165,594,filterLoc,,
3165,595,evacuee,,Evacuee;142;in triage state;G;is entering the FOL
3165,681,filterLoc,out,Evacuee 156 in triage category G is not assigned a helicopter
3165,681,filterLoc,,
3165,682,evacuee,,Evacuee;156;in triage state;G;is entering the FOL
3165,747,filterLoc,out,Evacuee 147 in triage category G is not assigned a helicopter
3165,747,filterLoc,,
3165,748,evacuee,,Evacuee;147;in triage state;G;is entering the FOL
3165,819,filterLoc,out,Evacuee 158 in triage category G is not assigned a helicopter
3165,819,filterLoc,,
3165,820,evacuee,,Evacuee;158;in triage state;G;is entering the FOL
3165,1110,filterLoc,out,Evacuee 144 in triage category G is not assigned a helicopter
3165,1110,filterLoc,,
3165,1111,evacuee,,Evacuee;144;in triage state;G;is entering the FOL
3165,1244,filterLoc,out,Evacuee 153 in triage category G is not assigned a helicopter
3165,1244,filterLoc,,
3165,1245,evacuee,,Evacuee;153;in triage state;G;is entering the FOL
3165,1250,filterLoc,out,Evacuee 123 in triage category G is not assigned a helicopter
3165,1250,filterLoc,,
3165,1251,evacuee,,Evacuee;123;in triage state;G;is entering the FOL
3165,1253,filterLoc,out,Evacuee 159 in triage category G is not assigned a helicopter
3165,1253,filterLoc,,
3165,1254,evacuee,,Evacuee;159;in triage state;G;is entering the FOL
3165,1262,filterLoc,out,Evacuee 126 in triage category G is not assigned a helicopter
3165,1262,filterLoc,,
3165,1263,evacuee,,Evacuee;126;in triage state;G;is entering the FOL
3165,227,FOL,,;EvacueeID;4;Triage Status;G;EvacueeID;7;Triage Status;G;EvacueeID;10;Triage Status;G;EvacueeID;11;Triage Status;G;EvacueeID;13;Triage Status;G;EvacueeID;14;Triage Status;G;EvacueeID;15;Triage Status;G;EvacueeID;17;Triage Status;G;EvacueeID;18;Triage Status;G;EvacueeID;19;Triage Status;G;EvacueeID;23;Triage Status;G;EvacueeID;24;Triage Status;G;EvacueeID;26;Triage Status;G;EvacueeID;28;Triage Status;G;EvacueeID;29;Triage Status;G;EvacueeID;32;Triage Status;G;EvacueeID;37;Triage Status;G;EvacueeID;45;Triage Status;G;EvacueeID;48;Triage Status;G;EvacueeID;50;Triage Status;G;EvacueeID;54;Triage Status;G;EvacueeID;55;Triage Status;G;EvacueeID;58;Triage Status;G;EvacueeID;60;Triage Status;G;EvacueeID;65;Triage Status;G;EvacueeID;67;Triage Status;G;EvacueeID;73;Triage Status;G;EvacueeID;75;Triage Status;G;EvacueeID;77;Triage Status;G;EvacueeID;78;Triage Status;G;EvacueeID;82;Triage Status;G;EvacueeID;85;Triage Status;G;EvacueeID;95;Triage Status;G;EvacueeID;98;Triage Status;G;EvacueeID;99;Triage Status;G;EvacueeID;100;Triage Status;G;EvacueeID;101;Triage Status;G;EvacueeID;109;Triage Status;G;EvacueeID;112;Triage Status;G;EvacueeID;114;Triage Status;G;EvacueeID;123;Triage Status;G;EvacueeID;125;Triage Status;G;EvacueeID;126;Triage Status;G;EvacueeID;142;Triage Status;G;EvacueeID;144;Triage Status;G;EvacueeID;147;Triage Status;G;EvacueeID;153;Triage Status;G;EvacueeID;156;Triage Status;G;EvacueeID;158;Triage Status;G;EvacueeID;159;Triage Status;G;Lives Saved;50
3165,462,evacuee,outFOL,Evacuee 125 in triage category G is not assigned a helicopter
3165,462,evacuee,,Evacuee;125;in triage state;G;is at the FOL
3165,595,evacuee,outFOL,Evacuee 142 in triage category G is not assigned a helicopter
3165,595,evacuee,,Evacuee;142;in triage state;G;is at the FOL
3165,682,evacuee,outFOL,Evacuee 156 in triage category G is not assigned a helicopter
3165,682,evacuee,,Evacuee;156;in triage state;G;is at the FOL
3165,748,evacuee,outFOL,Evacuee 147 in triage category G is not assigned a helicopter
3165,748,evacuee,,Evacuee;147;in triage state;G;is at the FOL
3165,820,evacuee,outFOL,Evacuee 158 in triage category G is not assigned a helicopter
3165,820,evacuee,,Evacuee;158;in triage state;G;is at the FOL
3165,1111,evacuee,outFOL,Evacuee 144 in triage category G is not assigned a helicopter
3165,1111,evacuee,,Evacuee;144;in triage state;G;is at the FOL
3165,1245,evacuee,outFOL,Evacuee 153 in triage category G is not assigned a helicopter
3165,1245,evacuee,,Evacuee;153;in triage state;G;is at the FOL
3165,1251,evacuee,outFOL,Evacuee 123 in triage category G is not assigned a helicopter
3165,1251,evacuee,,Evacuee;123;in triage state;G;is at the FOL
3165,1254,evacuee,outFOL,Evacuee 159 in triage category G is not assigned a helicopter
3165,1254,evacuee,,Evacuee;159;in triage state;G;is at the FOL
3165,1263,evacuee,outFOL,Evacuee 126 in triage category G is not assigned a helicopter
3165,1263,evacuee,,Evacuee;126;in triage state;G;is at the FOL
3165,227,FOL,,;EvacueeID;4;Triage Status;G;EvacueeID;7;Triage Status;G;EvacueeID;10;Triage Status;G;EvacueeID;11;Triage Status;G;EvacueeID;13;Triage Status;G;EvacueeID;14;Triage Status;G;EvacueeID;15;Triage Status;G;EvacueeID;17;Triage Status;G;EvacueeID;18;Triage Status;G;EvacueeID;19;Triage Status;G;EvacueeID;23;Triage Status;G;EvacueeID;24;Triage Status;G;EvacueeID;26;Triage Status;G;EvacueeID;28;Triage Status;G;EvacueeID;29;Triage Status;G;EvacueeID;32;Triage Status;G;EvacueeID;37;Triage Status;G;EvacueeID;45;Triage Status;G;EvacueeID;48;Triage Status;G;EvacueeID;50;Triage Status;G;EvacueeID;54;Triage Status;G;EvacueeID;55;Triage Status;G;EvacueeID;58;Triage Status;G;EvacueeID;60;Triage Status;G;EvacueeID;65;Triage Status;G;EvacueeID;67;Triage Status;G;EvacueeID;73;Triage Status;G;EvacueeID;75;Triage Status;G;EvacueeID;77;Triage Status;G;EvacueeID;78;Triage Status;G;EvacueeID;82;Triage Status;G;EvacueeID;85;Triage Status;G;EvacueeID;95;Triage Status;G;EvacueeID;98;Triage Status;G;EvacueeID;99;Triage Status;G;EvacueeID;100;Triage Status;G;EvacueeID;101;Triage Status;G;EvacueeID;109;Triage Status;G;EvacueeID;112;Triage Status;G;EvacueeID;114;Triage Status;G;EvacueeID;123;Triage Status;G;EvacueeID;125;Triage Status;G;EvacueeID;126;Triage Status;G;EvacueeID;142;Triage Status;G;EvacueeID;144;Triage Status;G;EvacueeID;147;Triage Status;G;EvacueeID;153;Triage Status;G;EvacueeID;156;Triage Status;G;EvacueeID;158;Triage Status;G;EvacueeID;159;Triage Status;G;Lives Saved;50
3166.41,3,evacueeManager,,OFF SHIP: White;0;Green;83;Yellow;29;Red;5;Black;313;ON SHIP: White;0;Green;0;Yellow;0;Red;0;Evacuees to Transfer;
3166.41,214,evacuee,outES,Evacuee 377 in triage category Y is not assigned a helicopter
3166.41,214,evacuee,,Evacuee;377;in triage state;R;is at the evacuation site
3180,5,helicopterQueue,,2;Helos are waiting to land;HeloID;3;HeloID;6
3180,9,helicopter,outES,Helicopter 6 is evacuating people6
3180,9,helicopter,,Helicopter;6;is waiting to land at the evacuation site;;and has;0;spots taken
3180,109,helicopter,outES,Helicopter 3 is evacuating people3
3180,109,helicopter,,Helicopter;3;is waiting to land at the evacuation site;;and has;0;spots taken
3180,294,helicopter,,Helicopter;4;Is going to the evacuation site;;and has;0;spots taken
3180,4,helipadManager,,;No helos are at ES
3180,5,helicopterQueue,outHM,Helicopter 3 is evacuating people3
3180,5,helicopterQueue,outHelo,Helicopter 3 is evacuating people3
3180,5,helicopterQueue,,1;Helos are waiting to land;HeloID;6
3180,8,filterES,,
3180,108,filterES,,Helicopter;3;is evacuating people
3180,293,filterES,,
3180,573,filterES,,
3180,1132,filterES,,
3180,1172,filterES,,
3180,3,evacueeManager,,OFF SHIP: White;0;Green;73;Yellow;29;Red;5;Black;313;ON SHIP: White;0;Green;0;Yellow;0;Red;0;Evacuees to Transfer;;EvacueeID;226;HeloID;3;OnShip;0;Triage Status;G;EvacueeID;227;HeloID;3;OnShip;0;Triage Status;G;EvacueeID;232;HeloID;3;OnShip;0;Triage Status;G;EvacueeID;233;HeloID;3;OnShip;0;Triage Status;G;EvacueeID;234;HeloID;3;OnShip;0;Triage Status;G;EvacueeID;236;HeloID;3;OnShip;0;Triage Status;G;EvacueeID;241;HeloID;3;OnShip;0;Triage Status;G;EvacueeID;246;HeloID;3;OnShip;0;Triage Status;G;EvacueeID;255;HeloID;3;OnShip;0;Triage Status;G;EvacueeID;259;HeloID;3;OnShip;0;Triage Status;G
3180,4,helipadManager,outEM,Helicopter 3 is evacuating people3
3180,4,helipadManager,,Helo;3;is at the ES
3180,108,filterES,out,Helicopter 3 is evacuating people3
3180,108,filterES,,
3180,109,helicopter,,Helicopter;3;is waiting to land at the evacuation site;;and has;0;spots taken
3180,3,evacueeManager,outEvac,Evacuee 226 in triage category G is assigned helicopter 3
3180,3,evacueeManager,outEvac,Evacuee 227 in triage category G is assigned helicopter 3
3180,3,evacueeManager,outEvac,Evacuee 232 in triage category G is assigned helicopter 3
3180,3,evacueeManager,outEvac,Evacuee 233 in triage category G is assigned helicopter 3
3180,3,evacueeManager,outEvac,Evacuee 234 in triage category G is assigned helicopter 3
3180,3,evacueeManager,outEvac,Evacuee 236 in triage category G is assigned helicopter 3
3180,3,evacueeManager,outEvac,Evacuee 241 in triage category G is assigned helicopter 3
3180,3,evacueeManager,outEvac,Evacuee 246 in triage category G is assigned helicopter 3
3180,3,evacueeManager,outEvac,Evacuee 255 in triage category G is assigned helicopter 3
3180,3,evacueeManager,outEvac,Evacuee 259 in triage category G is assigned helicopter 3
3180,3,evacueeManager,,OFF SHIP: White;0;Green;73;Yellow;29;Red;5;Black;313;ON SHIP: White;0;Green;0;Yellow;0;Red;0;Evacuees to Transfer;
3180,11,filterLoc,,
3180,14,filterLoc,,
3180,17,filterLoc,,
3180,20,filterLoc,,
3180,23,filterLoc,,
3180,26,filterLoc,,
3180,29,filterLoc,,
3180,32,filterLoc,,
3180,35,filterLoc,,
3180,38,filterLoc,,
3180,41,filterLoc,,
3180,44,filterLoc,,
3180,47,filterLoc,,
3180,50,filterLoc,,
3180,53,filterLoc,,
3180,56,filterLoc,,
3180,59,filterLoc,,
3180,62,filterLoc,,
3180,65,filterLoc,,
3180,68,filterLoc,,
3180,71,filterLoc,,
3180,74,filterLoc,,
3180,77,filterLoc,,
3180,80,filterLoc,,
3180,83,filterLoc,,
3180,86,filterLoc,,
3180,89,filterLoc,,
3180,92,filterLoc,,
3180,95,filterLoc,,
3180,98,filterLoc,,
3180,101,filterLoc,,
3180,104,filterLoc,,
3180,109,helicopter,,Helicopter;3;is loading people at the evacuation site;;and has;0;spots taken
3180,111,filterLoc,,
3180,114,filterLoc,,
3180,117,filterLoc,,
3180,120,filterLoc,,
3180,123,filterLoc,,
3180,126,filterLoc,,
3180,129,filterLoc,,
3180,132,filterLoc,,
3180,135,filterLoc,,
3180,138,filterLoc,,
3180,141,filterLoc,,
3180,144,filterLoc,,
3180,147,filterLoc,,
3180,150,filterLoc,,
3180,153,filterLoc,,
3180,156,filterLoc,,
3180,159,filterLoc,,
3180,162,filterLoc,,
3180,165,filterLoc,,
3180,168,filterLoc,,
3180,171,filterLoc,,
3180,174,filterLoc,,
3180,177,filterLoc,,
3180,180,filterLoc,,
3180,183,filterLoc,,
3180,186,filterLoc,,
3180,189,filterLoc,,
3180,192,filterLoc,,
3180,195,filterLoc,,
3180,198,filterLoc,,
3180,201,filterLoc,,
3180,204,filterLoc,,
3180,207,filterLoc,,
3180,210,filterLoc,,
3180,213,filterLoc,,
3180,216,filterLoc,,
3180,219,filterLoc,,
3180,222,filterLoc,,
3180,225,filterLoc,,
3180,229,filterLoc,,
3180,232,filterLoc,,
3180,235,filterLoc,,
3180,238,filterLoc,,
3180,241,filterLoc,,
3180,244,filterLoc,,
3180,247,filterLoc,,
3180,250,filterLoc,,
3180,253,filterLoc,,
3180,256,filterLoc,,
3180,259,filterLoc,,
3180,262,filterLoc,,
3180,265,filterLoc,,
3180,268,filterLoc,,
3180,271,filterLoc,,
3180,274,filterLoc,,
3180,277,filterLoc,,
3180,280,filterLoc,,
3180,283,filterLoc,,
3180,286,filterLoc,,
3180,289,filterLoc,,
3180,296,filterLoc,,
3180,299,filterLoc,,
3180,302,filterLoc,,
3180,305,filterLoc,,
3180,308,filterLoc,,
3180,311,filterLoc,,
3180,314,filterLoc,,
3180,317,filterLoc,,
3180,320,filterLoc,,
3180,323,filterLoc,,
3180,326,filterLoc,,
3180,329,filterLoc,,
3180,332,filterLoc,,
3180,335,filterLoc,,
3180,338,filterLoc,,
3180,341,filterLoc,,
3180,344,filterLoc,,
3180,347,filterLoc,,
3180,350,filterLoc,,
3180,353,filterLoc,,
3180,356,filterLoc,,
3180,359,filterLoc,,
3180,362,filterLoc,,
3180,365,filterLoc,,
3180,368,filterLoc,,
3180,371,filterLoc,,
3180,374,filterLoc,,
3180,377,filterLoc,,
3180,380,filterLoc,,
3180,383,filterLoc,,
3180,386,filterLoc,,
3180,389,filterLoc,,
3180,392,filterLoc,,
3180,395,filterLoc,,
3180,398,filterLoc,,
3180,401,filterLoc,,
3180,404,filterLoc,,
3180,407,filterLoc,,
3180,410,filterLoc,,
3180,413,filterLoc,,
3180,416,filterLoc,,
3180,419,filterLoc,,
3180,422,filterLoc,,
3180,425,filterLoc,,
3180,428,filterLoc,,
3180,431,filterLoc,,
3180,434,filterLoc,,
3180,437,filterLoc,,
3180,440,filterLoc,,
3180,443,filterLoc,,
3180,446,filterLoc,,
3180,449,filterLoc,,
3180,452,filterLoc,,
3180,455,filterLoc,,
3180,458,filterLoc,,;Evacuee;259;in triage category;G;is entering helicopter;3
3180,461,filterLoc,,
3180,464,filterLoc,,
3180,467,filterLoc,,
3180,470,filterLoc,,
3180,473,filterLoc,,
3180,476,filterLoc,,
3180,479,filterLoc,,
3180,482,filterLoc,,
3180,485,filterLoc,,
3180,488,filterLoc,,
3180,491,filterLoc,,
3180,494,filterLoc,,
3180,497,filterLoc,,
3180,500,filterLoc,,
3180,503,filterLoc,,
3180,506,filterLoc,,
3180,509,filterLoc,,
3180,512,filterLoc,,
3180,515,filterLoc,,
3180,518,filterLoc,,
3180,521,filterLoc,,
3180,524,filterLoc,,
3180,527,filterLoc,,
3180,530,filterLoc,,
3180,533,filterLoc,,
3180,536,filterLoc,,
3180,539,filterLoc,,
3180,542,filterLoc,,
3180,545,filterLoc,,
3180,548,filterLoc,,
3180,551,filterLoc,,
3180,554,filterLoc,,
3180,557,filterLoc,,
3180,560,filterLoc,,
3180,563,filterLoc,,
3180,566,filterLoc,,
3180,569,filterLoc,,
3180,576,filterLoc,,
3180,579,filterLoc,,
3180,582,filterLoc,,
3180,585,filterLoc,,
3180,588,filterLoc,,
3180,591,filterLoc,,
3180,594,filterLoc,,
3180,597,filterLoc,,
3180,600,filterLoc,,
3180,603,filterLoc,,
3180,606,filterLoc,,
3180,609,filterLoc,,
3180,612,filterLoc,,
3180,615,filterLoc,,
3180,618,filterLoc,,
3180,621,filterLoc,,
3180,624,filterLoc,,
3180,627,filterLoc,,
3180,630,filterLoc,,
3180,633,filterLoc,,
3180,636,filterLoc,,
3180,639,filterLoc,,
3180,642,filterLoc,,
3180,645,filterLoc,,
3180,648,filterLoc,,
3180,651,filterLoc,,
3180,654,filterLoc,,
3180,657,filterLoc,,
3180,660,filterLoc,,
3180,663,filterLoc,,
3180,666,filterLoc,,
3180,669,filterLoc,,
3180,672,filterLoc,,
3180,675,filterLoc,,
3180,678,filterLoc,,
3180,681,filterLoc,,
3180,684,filterLoc,,
3180,687,filterLoc,,
3180,690,filterLoc,,
3180,693,filterLoc,,
3180,696,filterLoc,,
3180,699,filterLoc,,
3180,702,filterLoc,,
3180,705,filterLoc,,
3180,708,filterLoc,,
3180,711,filterLoc,,
3180,714,filterLoc,,
3180,717,filterLoc,,
3180,720,filterLoc,,
3180,723,filterLoc,,
3180,726,filterLoc,,
3180,729,filterLoc,,
3180,732,filterLoc,,
3180,735,filterLoc,,
3180,738,filterLoc,,
3180,741,filterLoc,,
3180,744,filterLoc,,
3180,747,filterLoc,,
3180,750,filterLoc,,
3180,753,filterLoc,,
3180,756,filterLoc,,
3180,759,filterLoc,,
3180,762,filterLoc,,
3180,765,filterLoc,,
3180,768,filterLoc,,
3180,771,filterLoc,,
3180,774,filterLoc,,
3180,777,filterLoc,,
3180,780,filterLoc,,
3180,783,filterLoc,,
3180,786,filterLoc,,
3180,789,filterLoc,,
3180,792,filterLoc,,
3180,795,filterLoc,,
3180,798,filterLoc,,
3180,801,filterLoc,,
3180,804,filterLoc,,
3180,807,filterLoc,,
3180,810,filterLoc,,
3180,813,filterLoc,,
3180,816,filterLoc,,
3180,819,filterLoc,,
3180,822,filterLoc,,
3180,825,filterLoc,,
3180,828,filterLoc,,
3180,831,filterLoc,,
3180,834,filterLoc,,
3180,837,filterLoc,,
3180,840,filterLoc,,
3180,843,filterLoc,,
3180,846,filterLoc,,
3180,849,filterLoc,,
3180,852,filterLoc,,
3180,855,filterLoc,,
3180,858,filterLoc,,
3180,861,filterLoc,,
3180,864,filterLoc,,
3180,867,filterLoc,,
3180,870,filterLoc,,
3180,873,filterLoc,,
3180,876,filterLoc,,
3180,879,filterLoc,,
3180,882,filterLoc,,
3180,885,filterLoc,,
3180,888,filterLoc,,
3180,891,filterLoc,,
3180,894,filterLoc,,
3180,897,filterLoc,,;Evacuee;246;in triage category;G;is entering helicopter;3
3180,900,filterLoc,,
3180,903,filterLoc,,
3180,906,filterLoc,,
3180,909,filterLoc,,
3180,912,filterLoc,,
3180,915,filterLoc,,
3180,918,filterLoc,,
3180,921,filterLoc,,
3180,924,filterLoc,,
3180,927,filterLoc,,
3180,930,filterLoc,,
3180,933,filterLoc,,
3180,936,filterLoc,,
3180,939,filterLoc,,
3180,942,filterLoc,,
3180,945,filterLoc,,
3180,948,filterLoc,,
3180,951,filterLoc,,
3180,954,filterLoc,,
3180,957,filterLoc,,;Evacuee;241;in triage category;G;is entering helicopter;3
3180,960,filterLoc,,
3180,963,filterLoc,,
3180,966,filterLoc,,
3180,969,filterLoc,,
3180,972,filterLoc,,
3180,975,filterLoc,,
3180,978,filterLoc,,
3180,981,filterLoc,,
3180,984,filterLoc,,
3180,987,filterLoc,,
3180,990,filterLoc,,
3180,993,filterLoc,,
3180,996,filterLoc,,
3180,999,filterLoc,,
3180,1002,filterLoc,,
3180,1005,filterLoc,,
3180,1008,filterLoc,,
3180,1011,filterLoc,,
3180,1014,filterLoc,,
3180,1017,filterLoc,,
3180,1020,filterLoc,,
3180,1023,filterLoc,,
3180,1026,filterLoc,,
3180,1029,filterLoc,,
3180,1032,filterLoc,,;Evacuee;255;in triage category;G;is entering helicopter;3
3180,1035,filterLoc,,
3180,1038,filterLoc,,
3180,1041,filterLoc,,
3180,1044,filterLoc,,
3180,1047,filterLoc,,
3180,1050,filterLoc,,
3180,1053,filterLoc,,
3180,1056,filterLoc,,
3180,1059,filterLoc,,
3180,1062,filterLoc,,
3180,1065,filterLoc,,
3180,1068,filterLoc,,
3180,1071,filterLoc,,
3180,1074,filterLoc,,
3180,1077,filterLoc,,
3180,1080,filterLoc,,
3180,1083,filterLoc,,
3180,1086,filterLoc,,
3180,1089,filterLoc,,
3180,1092,filterLoc,,
3180,1095,filterLoc,,
3180,1098,filterLoc,,
3180,1101,filterLoc,,
3180,1104,filterLoc,,
3180,1107,filterLoc,,
3180,1110,filterLoc,,
3180,1113,filterLoc,,
3180,1116,filterLoc,,
3180,1119,filterLoc,,
3180,1122,filterLoc,,
3180,1125,filterLoc,,
3180,1128,filterLoc,,
3180,1135,filterLoc,,
3180,1138,filterLoc,,
3180,1141,filterLoc,,
3180,1144,filterLoc,,
3180,1147,filterLoc,,
3180,1150,filterLoc,,
3180,1153,filterLoc,,
3180,1156,filterLoc,,
3180,1159,filterLoc,,
3180,1162,filterLoc,,
3180,1165,filterLoc,,
3180,1168,filterLoc,,
3180,1175,filterLoc,,
3180,1178,filterLoc,,
3180,1181,filterLoc,,
3180,1184,filterLoc,,
3180,1187,filterLoc,,
3180,1190,filterLoc,,
3180,1193,filterLoc,,
3180,1196,filterLoc,,
3180,1199,filterLoc,,
3180,1202,filterLoc,,
3180,1205,filterLoc,,
3180,1208,filterLoc,,
3180,1211,filterLoc,,
3180,1214,filterLoc,,
3180,1217,filterLoc,,
3180,1220,filterLoc,,
3180,1223,filterLoc,,
3180,1226,filterLoc,,
3180,1229,filterLoc,,
3180,1232,filterLoc,,
3180,1235,filterLoc,,
3180,1238,filterLoc,,
3180,1241,filterLoc,,
3180,1244,filterLoc,,
3180,1247,filterLoc,,
3180,1250,filterLoc,,
3180,1253,filterLoc,,
3180,1256,filterLoc,,
3180,1259,filterLoc,,
3180,1262,filterLoc,,
3180,1265,filterLoc,,;Evacuee;234;in triage category;G;is entering helicopter;3
3180,1268,filterLoc,,
3180,1271,filterLoc,,
3180,1274,filterLoc,,
3180,1277,filterLoc,,
3180,1280,filterLoc,,
3180,1283,filterLoc,,
3180,1286,filterLoc,,
3180,1289,filterLoc,,
3180,1292,filterLoc,,
3180,1295,filterLoc,,
3180,1298,filterLoc,,
3180,1301,filterLoc,,
3180,1304,filterLoc,,
3180,1307,filterLoc,,
3180,1310,filterLoc,,
3180,1313,filterLoc,,
3180,1316,filterLoc,,
3180,1319,filterLoc,,
3180,1322,filterLoc,,
3180,1325,filterLoc,,
3180,1328,filterLoc,,
3180,1331,filterLoc,,;Evacuee;232;in triage category;G;is entering helicopter;3
3180,1334,filterLoc,,
3180,1337,filterLoc,,
3180,1340,filterLoc,,
3180,1343,filterLoc,,
3180,1346,filterLoc,,
3180,1349,filterLoc,,
3180,1352,filterLoc,,
3180,1355,filterLoc,,
3180,1358,filterLoc,,
3180,1361,filterLoc,,
3180,1364,filterLoc,,
3180,1367,filterLoc,,
3180,1370,filterLoc,,
3180,1373,filterLoc,,
3180,1376,filterLoc,,
3180,1379,filterLoc,,
3180,1382,filterLoc,,
3180,1385,filterLoc,,
3180,1388,filterLoc,,
3180,1391,filterLoc,,
3180,1394,filterLoc,,
3180,1397,filterLoc,,
3180,1400,filterLoc,,
3180,1403,filterLoc,,
3180,1406,filterLoc,,
3180,1409,filterLoc,,
3180,1412,filterLoc,,
3180,1415,filterLoc,,
3180,1418,filterLoc,,
3180,1421,filterLoc,,
3180,1424,filterLoc,,
3180,1427,filterLoc,,
3180,1430,filterLoc,,
3180,1433,filterLoc,,
3180,1436,filterLoc,,
3180,1439,filterLoc,,
3180,1442,filterLoc,,
3180,1445,filterLoc,,
3180,1448,filterLoc,,
3180,1451,filterLoc,,
3180,1454,filterLoc,,
3180,1457,filterLoc,,
3180,1460,filterLoc,,;Evacuee;226;in triage category;G;is entering helicopter;3
3180,1463,filterLoc,,
3180,1466,filterLoc,,;Evacuee;227;in triage category;G;is entering helicopter;3
3180,1469,filterLoc,,
3180,1472,filterLoc,,
3180,1475,filterLoc,,;Evacuee;233;in triage category;G;is entering helicopter;3
3180,1478,filterLoc,,;Evacuee;236;in triage category;G;is entering helicopter;3
3180,1481,filterLoc,,
3180,1484,filterLoc,,
3180,1487,filterLoc,,
3180,1490,filterLoc,,
3180,1493,filterLoc,,
3180,1496,filterLoc,,
3180,1499,filterLoc,,
3180,1502,filterLoc,,
3180,1505,filterLoc,,
3180,1508,filterLoc,,
3180,1511,filterLoc,,
3180,1514,filterLoc,,
3180,1517,filterLoc,,
3180,1520,filterLoc,,
3180,1523,filterLoc,,
3180,1526,filterLoc,,
3180,1529,filterLoc,,
3180,458,filterLoc,out,Evacuee 259 in triage category G is assigned helicopter 3
3180,458,filterLoc,,
3180,459,evacuee,,Evacuee;259;in triage state;G;is entering helicopter;3
3180,897,filterLoc,out,Evacuee 246 in triage category G is assigned helicopter 3
3180,897,filterLoc,,
3180,898,evacuee,,Evacuee;246;in triage state;G;is entering helicopter;3
3180,957,filterLoc,out,Evacuee 241 in triage category G is assigned helicopter 3
3180,957,filterLoc,,
3180,958,evacuee,,Evacuee;241;in triage state;G;is entering helicopter;3
3180,1032,filterLoc,out,Evacuee 255 in triage category G is assigned helicopter 3
3180,1032,filterLoc,,
3180,1033,evacuee,,Evacuee;255;in triage state;G;is entering helicopter;3
3180,1265,filterLoc,out,Evacuee 234 in triage category G is assigned helicopter 3
3180,1265,filterLoc,,
3180,1266,evacuee,,Evacuee;234;in triage state;G;is entering helicopter;3
3180,1331,filterLoc,out,Evacuee 232 in triage category G is assigned helicopter 3
3180,1331,filterLoc,,
3180,1332,evacuee,,Evacuee;232;in triage state;G;is entering helicopter;3
3180,1460,filterLoc,out,Evacuee 226 in triage category G is assigned helicopter 3
3180,1460,filterLoc,,
3180,1461,evacuee,,Evacuee;226;in triage state;G;is entering helicopter;3
3180,1466,filterLoc,out,Evacuee 227 in triage category G is assigned helicopter 3
3180,1466,filterLoc,,
3180,1467,evacuee,,Evacuee;227;in triage state;G;is entering helicopter;3
3180,1475,filterLoc,out,Evacuee 233 in triage category G is assigned helicopter 3
3180,1475,filterLoc,,
3180,1476,evacuee,,Evacuee;233;in triage state;G;is entering helicopter;3
3180,1478,filterLoc,out,Evacuee 236 in triage category G is assigned helicopter 3
3180,1478,filterLoc,,
3180,1479,evacuee,,Evacuee;236;in triage state;G;is entering helicopter;3
3180,7,filterEvac,,
3180,107,filterEvac,,;Evacuee;226;in triage category;G;is entering helicopter;3;Evacuee;227;in triage category;G;is entering helicopter;3;Evacuee;232;in triage category;G;is entering helicopter;3;Evacuee;233;in triage category;G;is entering helicopter;3;Evacuee;234;in triage category;G;is entering helicopter;3;Evacuee;236;in triage category;G;is entering helicopter;3;Evacuee;241;in triage category;G;is entering helicopter;3;Evacuee;246;in triage category;G;is entering helicopter;3;Evacuee;255;in triage category;G;is entering helicopter;3;Evacuee;259;in triage category;G;is entering helicopter;3
3180,292,filterEvac,,
3180,459,evacuee,outHelo,Evacuee 259 in triage category G is assigned helicopter 3
3180,459,evacuee,,Evacuee;259;in triage state;G;is in helicopter;3
3180,572,filterEvac,,
3180,898,evacuee,outHelo,Evacuee 246 in triage category G is assigned helicopter 3
3180,898,evacuee,,Evacuee;246;in triage state;G;is in helicopter;3
3180,958,evacuee,outHelo,Evacuee 241 in triage category G is assigned helicopter 3
3180,958,evacuee,,Evacuee;241;in triage state;G;is in helicopter;3
3180,1033,evacuee,outHelo,Evacuee 255 in triage category G is assigned helicopter 3
3180,1033,evacuee,,Evacuee;255;in triage state;G;is in helicopter;3
3180,1131,filterEvac,,
3180,1171,filterEvac,,
3180,1266,evacuee,outHelo,Evacuee 234 in triage category G is assigned helicopter 3
3180,1266,evacuee,,Evacuee;234;in triage state;G;is in helicopter;3
3180,1332,evacuee,outHelo,Evacuee 232 in triage category G is assigned helicopter 3
3180,1332,evacuee,,Evacuee;232;in triage state;G;is in helicopter;3
3180,1461,evacuee,outHelo,Evacuee 226 in triage category G is assigned helicopter 3
3180,1461,evacuee,,Evacuee;226;in triage state;G;is in helicopter;3
3180,1467,evacuee,outHelo,Evacuee 227 in triage category G is assigned helicopter 3
3180,1467,evacuee,,Evacuee;227;in triage state;G;is in helicopter;3
3180,1476,evacuee,outHelo,Evacuee 233 in triage category G is assigned helicopter 3
3180,1476,evacuee,,Evacuee;233;in triage state;G;is in helicopter;3
3180,1479,evacuee,outHelo,Evacuee 236 in triage category G is assigned helicopter 3
3180,1479,evacuee,,Evacuee;236;in triage state;G;is in helicopter;3
3180,107,filterEvac,out,Evacuee 226 in triage category G is assigned helicopter 3
3180,107,filterEvac,out,Evacuee 227 in triage category G is assigned helicopter 3
3180,107,filterEvac,out,Evacuee 232 in triage category G is assigned helicopter 3
3180,107,filterEvac,out,Evacuee 233 in triage category G is assigned helicopter 3
3180,107,filterEvac,out,Evacuee 234 in triage category G is assigned helicopter 3
3180,107,filterEvac,out,Evacuee 236 in triage category G is assigned helicopter 3
3180,107,filterEvac,out,Evacuee 241 in triage category G is assigned helicopter 3
3180,107,filterEvac,out,Evacuee 246 in triage category G is assigned helicopter 3
3180,107,filterEvac,out,Evacuee 255 in triage category G is assigned helicopter 3
3180,107,filterEvac,out,Evacuee 259 in triage category G is assigned helicopter 3
3180,107,filterEvac,,
3180,109,helicopter,,Helicopter;3;is loading people at the evacuation site;;and has;10;spots taken
3190.35,3,evacueeManager,,OFF SHIP: White;0;Green;73;Yellow;28;Red;6;Black;313;ON SHIP: White;0;Green;0;Yellow;0;Red;0;Evacuees to Transfer;
3190.35,139,evacuee,outES,Evacuee 422 in triage category Y is not assigned a helicopter
3190.35,139,evacuee,,Evacuee;422;in triage state;R;is at the evacuation site
3191.09,3,evacueeManager,,OFF SHIP: White;0;Green;73;Yellow;27;Red;7;Black;313;ON SHIP: White;0;Green;0;Yellow;0;Red;0;Evacuees to Transfer;
3191.09,217,evacuee,outES,Evacuee 375 in triage category Y is not assigned a helicopter
3191.09,217,evacuee,,Evacuee;375;in triage state;R;is at the evacuation site
3191.84,3,evacueeManager,,OFF SHIP: White;0;Green;72;Yellow;28;Red;7;Black;313;ON SHIP: White;0;Green;0;Yellow;0;Red;0;Evacuees to Transfer;
3191.84,297,evacuee,outES,Evacuee 328 in triage category G is not assigned a helicopter
3191.84,297,evacuee,,Evacuee;328;in triage state;Y;is at the evacuation site
3195,4,helipadManager,outHelo,Helicopter 3 is evacuating people3
3195,4,helipadManager,,;No helos are at ES
3195,8,filterES,,
3195,108,filterES,,Helicopter;3;is evacuating people
3195,293,filterES,,
3195,573,filterES,,
3195,1132,filterES,,
3195,1172,filterES,,
3195,4,helipadManager,outHQ,0
3195,4,helipadManager,,;No helos are at ES
3195,5,helicopterQueue,,1;Helos are waiting to land;HeloID;6
3195,108,filterES,out,Helicopter 3 is evacuating people3
3195,108,filterES,,
3195,109,helicopter,,Helicopter;3;is loading people at the evacuation site;;and has;10;spots taken
3195,4,helipadManager,,;No helos are at ES
3195,5,helicopterQueue,outHM,Helicopter 6 is evacuating people6
3195,5,helicopterQueue,outHelo,Helicopter 6 is evacuating people6
3195,5,helicopterQueue,,;No helos are waiting to land
3195,8,filterES,,Helicopter;6;is evacuating people
3195,108,filterES,,
3195,109,helicopter,,Helicopter;3;is returning to the FOL;;and has;10;spots taken
3195,293,filterES,,
3195,573,filterES,,
3195,1132,filterES,,
3195,1172,filterES,,
3195,3,evacueeManager,,OFF SHIP: White;0;Green;62;Yellow;28;Red;7;Black;313;ON SHIP: White;0;Green;0;Yellow;0;Red;0;Evacuees to Transfer;;EvacueeID;260;HeloID;6;OnShip;0;Triage Status;G;EvacueeID;262;HeloID;6;OnShip;0;Triage Status;G;EvacueeID;263;HeloID;6;OnShip;0;Triage Status;G;EvacueeID;264;HeloID;6;OnShip;0;Triage Status;G;EvacueeID;267;HeloID;6;OnShip;0;Triage Status;G;EvacueeID;268;HeloID;6;OnShip;0;Triage Status;G;EvacueeID;270;HeloID;6;OnShip;0;Triage Status;G;EvacueeID;272;HeloID;6;OnShip;0;Triage Status;G;EvacueeID;275;HeloID;6;OnShip;0;Triage Status;G;EvacueeID;288;HeloID;6;OnShip;0;Triage Status;G
3195,4,helipadManager,outEM,Helicopter 6 is evacuating people6
3195,4,helipadManager,,Helo;6;is at the ES
3195,8,filterES,out,Helicopter 6 is evacuating people6
3195,8,filterES,,
3195,9,helicopter,,Helicopter;6;is waiting to land at the evacuation site;;and has;0;spots taken
3195,3,evacueeManager,outEvac,Evacuee 260 in triage category G is assigned helicopter 6
3195,3,evacueeManager,outEvac,Evacuee 262 in triage category G is assigned helicopter 6
3195,3,evacueeManager,outEvac,Evacuee 263 in triage category G is assigned helicopter 6
3195,3,evacueeManager,outEvac,Evacuee 264 in triage category G is assigned helicopter 6
3195,3,evacueeManager,outEvac,Evacuee 267 in triage category G is assigned helicopter 6
3195,3,evacueeManager,outEvac,Evacuee 268 in triage category G is assigned helicopter 6
3195,3,evacueeManager,outEvac,Evacuee 270 in triage category G is assigned helicopter 6
3195,3,evacueeManager,outEvac,Evacuee 272 in triage category G is assigned helicopter 6
3195,3,evacueeManager,outEvac,Evacuee 275 in triage category G is assigned helicopter 6
3195,3,evacueeManager,outEvac,Evacuee 288 in triage category G is assigned helicopter 6
3195,3,evacueeManager,,OFF SHIP: White;0;Green;62;Yellow;28;Red;7;Black;313;ON SHIP: White;0;Green;0;Yellow;0;Red;0;Evacuees to Transfer;
3195,9,helicopter,,Helicopter;6;is loading people at the evacuation site;;and has;0;spots taken
3195,11,filterLoc,,
3195,14,filterLoc,,
3195,17,filterLoc,,
3195,20,filterLoc,,
3195,23,filterLoc,,
3195,26,filterLoc,,
3195,29,filterLoc,,
3195,32,filterLoc,,
3195,35,filterLoc,,
3195,38,filterLoc,,
3195,41,filterLoc,,
3195,44,filterLoc,,
3195,47,filterLoc,,
3195,50,filterLoc,,
3195,53,filterLoc,,
3195,56,filterLoc,,
3195,59,filterLoc,,
3195,62,filterLoc,,
3195,65,filterLoc,,
3195,68,filterLoc,,
3195,71,filterLoc,,
3195,74,filterLoc,,
3195,77,filterLoc,,
3195,80,filterLoc,,
3195,83,filterLoc,,
3195,86,filterLoc,,
3195,89,filterLoc,,
3195,92,filterLoc,,
3195,95,filterLoc,,
3195,98,filterLoc,,
3195,101,filterLoc,,
3195,104,filterLoc,,
3195,111,filterLoc,,
3195,114,filterLoc,,
3195,117,filterLoc,,
3195,120,filterLoc,,
3195,123,filterLoc,,
3195,126,filterLoc,,
3195,129,filterLoc,,
3195,132,filterLoc,,
3195,135,filterLoc,,
3195,138,filterLoc,,
3195,141,filterLoc,,
3195,144,filterLoc,,
3195,147,filterLoc,,
3195,150,filterLoc,,
3195,153,filterLoc,,
3195,156,filterLoc,,
3195,159,filterLoc,,
3195,162,filterLoc,,
3195,165,filterLoc,,
3195,168,filterLoc,,
3195,171,filterLoc,,
3195,174,filterLoc,,
3195,177,filterLoc,,
3195,180,filterLoc,,
3195,183,filterLoc,,
3195,186,filterLoc,,
3195,189,filterLoc,,
3195,192,filterLoc,,
3195,195,filterLoc,,
3195,198,filterLoc,,
3195,201,filterLoc,,
3195,204,filterLoc,,
3195,207,filterLoc,,
3195,210,filterLoc,,
3195,213,filterLoc,,
3195,216,filterLoc,,
3195,219,filterLoc,,
3195,222,filterLoc,,
3195,225,filterLoc,,
3195,229,filterLoc,,
3195,232,filterLoc,,
3195,235,filterLoc,,
3195,238,filterLoc,,
3195,241,filterLoc,,
3195,244,filterLoc,,
3195,247,filterLoc,,
3195,250,filterLoc,,
3195,253,filterLoc,,
3195,256,filterLoc,,
3195,259,filterLoc,,
3195,262,filterLoc,,
3195,265,filterLoc,,
3195,268,filterLoc,,
3195,271,filterLoc,,
3195,274,filterLoc,,
3195,277,filterLoc,,
3195,280,filterLoc,,
3195,283,filterLoc,,
3195,286,filterLoc,,
3195,289,filterLoc,,
3195,296,filterLoc,,
3195,299,filterLoc,,
3195,302,filterLoc,,
3195,305,filterLoc,,
3195,308,filterLoc,,
3195,311,filterLoc,,
3195,314,filterLoc,,
3195,317,filterLoc,,
3195,320,filterLoc,,
3195,323,filterLoc,,
3195,326,filterLoc,,
3195,329,filterLoc,,
3195,332,filterLoc,,
3195,335,filterLoc,,
3195,338,filterLoc,,
3195,341,filterLoc,,
3195,344,filterLoc,,
3195,347,filterLoc,,
3195,350,filterLoc,,
3195,353,filterLoc,,
3195,356,filterLoc,,
3195,359,filterLoc,,
3195,362,filterLoc,,
3195,365,filterLoc,,
3195,368,filterLoc,,
3195,371,filterLoc,,
3195,374,filterLoc,,
3195,377,filterLoc,,
3195,380,filterLoc,,
3195,383,filterLoc,,
3195,386,filterLoc,,
3195,389,filterLoc,,;Evacuee;288;in triage category;G;is entering helicopter;6
3195,392,filterLoc,,
3195,395,filterLoc,,
3195,398,filterLoc,,
3195,401,filterLoc,,
3195,404,filterLoc,,
3195,407,filterLoc,,
3195,410,filterLoc,,
3195,413,filterLoc,,
3195,416,filterLoc,,
3195,419,filterLoc,,
3195,422,filterLoc,,
3195,425,filterLoc,,
3195,428,filterLoc,,
3195,431,filterLoc,,
3195,434,filterLoc,,
3195,437,filterLoc,,
3195,440,filterLoc,,
3195,443,filterLoc,,;Evacuee;272;in triage category;G;is entering helicopter;6
3195,446,filterLoc,,;Evacuee;270;in triage category;G;is entering helicopter;6
3195,449,filterLoc,,;Evacuee;264;in triage category;G;is entering helicopter;6
3195,452,filterLoc,,;Evacuee;262;in triage category;G;is entering helicopter;6
3195,455,filterLoc,,;Evacuee;260;in triage category;G;is entering helicopter;6
3195,458,filterLoc,,
3195,461,filterLoc,,
3195,464,filterLoc,,
3195,467,filterLoc,,
3195,470,filterLoc,,
3195,473,filterLoc,,
3195,476,filterLoc,,
3195,479,filterLoc,,
3195,482,filterLoc,,
3195,485,filterLoc,,
3195,488,filterLoc,,
3195,491,filterLoc,,
3195,494,filterLoc,,
3195,497,filterLoc,,
3195,500,filterLoc,,
3195,503,filterLoc,,
3195,506,filterLoc,,
3195,509,filterLoc,,
3195,512,filterLoc,,
3195,515,filterLoc,,
3195,518,filterLoc,,
3195,521,filterLoc,,
3195,524,filterLoc,,
3195,527,filterLoc,,
3195,530,filterLoc,,
3195,533,filterLoc,,
3195,536,filterLoc,,
3195,539,filterLoc,,
3195,542,filterLoc,,
3195,545,filterLoc,,
3195,548,filterLoc,,
3195,551,filterLoc,,
3195,554,filterLoc,,
3195,557,filterLoc,,
3195,560,filterLoc,,
3195,563,filterLoc,,
3195,566,filterLoc,,
3195,569,filterLoc,,
3195,576,filterLoc,,
3195,579,filterLoc,,
3195,582,filterLoc,,
3195,585,filterLoc,,
3195,588,filterLoc,,
3195,591,filterLoc,,
3195,594,filterLoc,,
3195,597,filterLoc,,
3195,600,filterLoc,,
3195,603,filterLoc,,
3195,606,filterLoc,,
3195,609,filterLoc,,
3195,612,filterLoc,,
3195,615,filterLoc,,
3195,618,filterLoc,,
3195,621,filterLoc,,
3195,624,filterLoc,,
3195,627,filterLoc,,
3195,630,filterLoc,,
3195,633,filterLoc,,
3195,636,filterLoc,,
3195,639,filterLoc,,
3195,642,filterLoc,,
3195,645,filterLoc,,
3195,648,filterLoc,,
3195,651,filterLoc,,
3195,654,filterLoc,,
3195,657,filterLoc,,
3195,660,filterLoc,,
3195,663,filterLoc,,
3195,666,filterLoc,,
3195,669,filterLoc,,
3195,672,filterLoc,,
3195,675,filterLoc,,
3195,678,filterLoc,,
3195,681,filterLoc,,
3195,684,filterLoc,,
3195,687,filterLoc,,
3195,690,filterLoc,,
3195,693,filterLoc,,
3195,696,filterLoc,,
3195,699,filterLoc,,
3195,702,filterLoc,,
3195,705,filterLoc,,
3195,708,filterLoc,,
3195,711,filterLoc,,
3195,714,filterLoc,,
3195,717,filterLoc,,
3195,720,filterLoc,,
3195,723,filterLoc,,
3195,726,filterLoc,,
3195,729,filterLoc,,
3195,732,filterLoc,,
3195,735,filterLoc,,
3195,738,filterLoc,,
3195,741,filterLoc,,
3195,744,filterLoc,,
3195,747,filterLoc,,
3195,750,filterLoc,,
3195,753,filterLoc,,
3195,756,filterLoc,,
3195,759,filterLoc,,
3195,762,filterLoc,,
3195,765,filterLoc,,
3195,768,filterLoc,,
3195,771,filterLoc,,
3195,774,filterLoc,,
3195,777,filterLoc,,
3195,780,filterLoc,,
3195,783,filterLoc,,
3195,786,filterLoc,,
3195,789,filterLoc,,
3195,792,filterLoc,,
3195,795,filterLoc,,
3195,798,filterLoc,,
3195,801,filterLoc,,
3195,804,filterLoc,,
3195,807,filterLoc,,
3195,810,filterLoc,,;Evacuee;268;in triage category;G;is entering helicopter;6
3195,813,filterLoc,,
3195,816,filterLoc,,
3195,819,filterLoc,,
3195,822,filterLoc,,
3195,825,filterLoc,,
3195,828,filterLoc,,
3195,831,filterLoc,,
3195,834,filterLoc,,
3195,837,filterLoc,,
3195,840,filterLoc,,
3195,843,filterLoc,,
3195,846,filterLoc,,
3195,849,filterLoc,,
3195,852,filterLoc,,
3195,855,filterLoc,,
3195,858,filterLoc,,
3195,861,filterLoc,,
3195,864,filterLoc,,
3195,867,filterLoc,,
3195,870,filterLoc,,
3195,873,filterLoc,,
3195,876,filterLoc,,
3195,879,filterLoc,,
3195,882,filterLoc,,
3195,885,filterLoc,,
3195,888,filterLoc,,
3195,891,filterLoc,,
3195,894,filterLoc,,
3195,897,filterLoc,,
3195,900,filterLoc,,
3195,903,filterLoc,,
3195,906,filterLoc,,
3195,909,filterLoc,,
3195,912,filterLoc,,
3195,915,filterLoc,,
3195,918,filterLoc,,
3195,921,filterLoc,,
3195,924,filterLoc,,
3195,927,filterLoc,,
3195,930,filterLoc,,
3195,933,filterLoc,,
3195,936,filterLoc,,
3195,939,filterLoc,,
3195,942,filterLoc,,
3195,945,filterLoc,,
3195,948,filterLoc,,
3195,951,filterLoc,,
3195,954,filterLoc,,
3195,957,filterLoc,,
3195,960,filterLoc,,
3195,963,filterLoc,,
3195,966,filterLoc,,
3195,969,filterLoc,,
3195,972,filterLoc,,
3195,975,filterLoc,,
3195,978,filterLoc,,
3195,981,filterLoc,,
3195,984,filterLoc,,
3195,987,filterLoc,,
3195,990,filterLoc,,
3195,993,filterLoc,,
3195,996,filterLoc,,
3195,999,filterLoc,,
3195,1002,filterLoc,,
3195,1005,filterLoc,,
3195,1008,filterLoc,,
3195,1011,filterLoc,,
3195,1014,filterLoc,,
3195,1017,filterLoc,,
3195,1020,filterLoc,,
3195,1023,filterLoc,,
3195,1026,filterLoc,,
3195,1029,filterLoc,,
3195,1032,filterLoc,,
3195,1035,filterLoc,,
3195,1038,filterLoc,,
3195,1041,filterLoc,,
3195,1044,filterLoc,,
3195,1047,filterLoc,,
3195,1050,filterLoc,,
3195,1053,filterLoc,,
3195,1056,filterLoc,,
3195,1059,filterLoc,,
3195,1062,filterLoc,,
3195,1065,filterLoc,,
3195,1068,filterLoc,,
3195,1071,filterLoc,,
3195,1074,filterLoc,,
3195,1077,filterLoc,,
3195,1080,filterLoc,,
3195,1083,filterLoc,,
3195,1086,filterLoc,,
3195,1089,filterLoc,,
3195,1092,filterLoc,,
3195,1095,filterLoc,,
3195,1098,filterLoc,,
3195,1101,filterLoc,,
3195,1104,filterLoc,,
3195,1107,filterLoc,,
3195,1110,filterLoc,,
3195,1113,filterLoc,,
3195,1116,filterLoc,,
3195,1119,filterLoc,,
3195,1122,filterLoc,,
3195,1125,filterLoc,,
3195,1128,filterLoc,,
3195,1135,filterLoc,,
3195,1138,filterLoc,,
3195,1141,filterLoc,,
3195,1144,filterLoc,,
3195,1147,filterLoc,,
3195,1150,filterLoc,,
3195,1153,filterLoc,,
3195,1156,filterLoc,,
3195,1159,filterLoc,,
3195,1162,filterLoc,,
3195,1165,filterLoc,,
3195,1168,filterLoc,,
3195,1175,filterLoc,,;Evacuee;263;in triage category;G;is entering helicopter;6
3195,1178,filterLoc,,
3195,1181,filterLoc,,
3195,1184,filterLoc,,
3195,1187,filterLoc,,
3195,1190,filterLoc,,
3195,1193,filterLoc,,
3195,1196,filterLoc,,
3195,1199,filterLoc,,
3195,1202,filterLoc,,
3195,1205,filterLoc,,
3195,1208,filterLoc,,
3195,1211,filterLoc,,
3195,1214,filterLoc,,
3195,1217,filterLoc,,
3195,1220,filterLoc,,
3195,1223,filterLoc,,
3195,1226,filterLoc,,
3195,1229,filterLoc,,
3195,1232,filterLoc,,
3195,1235,filterLoc,,
3195,1238,filterLoc,,
3195,1241,filterLoc,,
3195,1244,filterLoc,,
3195,1247,filterLoc,,
3195,1250,filterLoc,,
3195,1253,filterLoc,,
3195,1256,filterLoc,,
3195,1259,filterLoc,,
3195,1262,filterLoc,,
3195,1265,filterLoc,,
3195,1268,filterLoc,,
3195,1271,filterLoc,,
3195,1274,filterLoc,,
3195,1277,filterLoc,,
3195,1280,filterLoc,,
3195,1283,filterLoc,,
3195,1286,filterLoc,,
3195,1289,filterLoc,,
3195,1292,filterLoc,,
3195,1295,filterLoc,,
3195,1298,filterLoc,,
3195,1301,filterLoc,,
3195,1304,filterLoc,,
3195,1307,filterLoc,,
3195,1310,filterLoc,,
3195,1313,filterLoc,,
3195,1316,filterLoc,,
3195,1319,filterLoc,,
3195,1322,filterLoc,,
3195,1325,filterLoc,,
3195,1328,filterLoc,,
3195,1331,filterLoc,,
3195,1334,filterLoc,,
3195,1337,filterLoc,,
3195,1340,filterLoc,,
3195,1343,filterLoc,,
3195,1346,filterLoc,,
3195,1349,filterLoc,,
3195,1352,filterLoc,,
3195,1355,filterLoc,,
3195,1358,filterLoc,,
3195,1361,filterLoc,,
3195,1364,filterLoc,,
3195,1367,filterLoc,,
3195,1370,filterLoc,,
3195,1373,filterLoc,,
3195,1376,filterLoc,,
3195,1379,filterLoc,,
3195,1382,filterLoc,,
3195,1385,filterLoc,,
3195,1388,filterLoc,,
3195,1391,filterLoc,,
3195,1394,filterLoc,,
3195,1397,filterLoc,,
3195,1400,filterLoc,,
3195,1403,filterLoc,,;Evacuee;275;in triage category;G;is entering helicopter;6
3195,1406,filterLoc,,
3195,1409,filterLoc,,
3195,1412,filterLoc,,
3195,1415,filterLoc,,
3195,1418,filterLoc,,
3195,1421,filterLoc,,
3195,1424,filterLoc,,
3195,1427,filterLoc,,
3195,1430,filterLoc,,
3195,1433,filterLoc,,
3195,1436,filterLoc,,
3195,1439,filterLoc,,
3195,1442,filterLoc,,
3195,1445,filterLoc,,
3195,1448,filterLoc,,
3195,1451,filterLoc,,
3195,1454,filterLoc,,
3195,1457,filterLoc,,
3195,1460,filterLoc,,
3195,1463,filterLoc,,
3195,1466,filterLoc,,
3195,1469,filterLoc,,;Evacuee;267;in triage category;G;is entering helicopter;6
3195,1472,filterLoc,,
3195,1475,filterLoc,,
3195,1478,filterLoc,,
3195,1481,filterLoc,,
3195,1484,filterLoc,,
3195,1487,filterLoc,,
3195,1490,filterLoc,,
3195,1493,filterLoc,,
3195,1496,filterLoc,,
3195,1499,filterLoc,,
3195,1502,filterLoc,,
3195,1505,filterLoc,,
3195,1508,filterLoc,,
3195,1511,filterLoc,,
3195,1514,filterLoc,,
3195,1517,filterLoc,,
3195,1520,filterLoc,,
3195,1523,filterLoc,,
3195,1526,filterLoc,,
3195,1529,filterLoc,,
3195,389,filterLoc,out,Evacuee 288 in triage category G is assigned helicopter 6
3195,389,filterLoc,,
3195,390,evacuee,,Evacuee;288;in triage state;G;is entering helicopter;6
3195,443,filterLoc,out,Evacuee 272 in triage category G is assigned helicopter 6
3195,443,filterLoc,,
3195,444,evacuee,,Evacuee;272;in triage state;G;is entering helicopter;6
3195,446,filterLoc,out,Evacuee 270 in triage category G is assigned helicopter 6
3195,446,filterLoc,,
3195,447,evacuee,,Evacuee;270;in triage state;G;is entering helicopter;6
3195,449,filterLoc,out,Evacuee 264 in triage category G is assigned helicopter 6
3195,449,filterLoc,,
3195,450,evacuee,,Evacuee;264;in triage state;G;is entering helicopter;6
3195,452,filterLoc,out,Evacuee 262 in triage category G is assigned helicopter 6
3195,452,filterLoc,,
3195,453,evacuee,,Evacuee;262;in triage state;G;is entering helicopter;6
3195,455,filterLoc,out,Evacuee 260 in triage category G is assigned helicopter 6
3195,455,filterLoc,,
3195,456,evacuee,,Evacuee;260;in triage state;G;is entering helicopter;6
3195,810,filterLoc,out,Evacuee 268 in triage category G is assigned helicopter 6
3195,810,filterLoc,,
3195,811,evacuee,,Evacuee;268;in triage state;G;is entering helicopter;6
3195,1175,filterLoc,out,Evacuee 263 in triage category G is assigned helicopter 6
3195,1175,filterLoc,,
3195,1176,evacuee,,Evacuee;263;in triage state;G;is entering helicopter;6
3195,1403,filterLoc,out,Evacuee 275 in triage category G is assigned helicopter 6
3195,1403,filterLoc,,
3195,1404,evacuee,,Evacuee;275;in triage state;G;is entering helicopter;6
3195,1469,filterLoc,out,Evacuee 267 in triage category G is assigned helicopter 6
3195,1469,filterLoc,,
3195,1470,evacuee,,Evacuee;267;in triage state;G;is entering helicopter;6
3195,7,filterEvac,,;Evacuee;260;in triage category;G;is entering helicopter;6;Evacuee;262;in triage category;G;is entering helicopter;6;Evacuee;263;in triage category;G;is entering helicopter;6;Evacuee;264;in triage category;G;is entering helicopter;6;Evacuee;267;in triage category;G;is entering helicopter;6;Evacuee;268;in triage category;G;is entering helicopter;6;Evacuee;270;in triage category;G;is entering helicopter;6;Evacuee;272;in triage category;G;is entering helicopter;6;Evacuee;275;in triage category;G;is entering helicopter;6;Evacuee;288;in triage category;G;is entering helicopter;6
3195,107,filterEvac,,
3195,292,filterEvac,,
3195,390,evacuee,outHelo,Evacuee 288 in triage category G is assigned helicopter 6
3195,390,evacuee,,Evacuee;288;in triage state;G;is in helicopter;6
3195,444,evacuee,outHelo,Evacuee 272 in triage category G is assigned helicopter 6
3195,444,evacuee,,Evacuee;272;in triage state;G;is in helicopter;6
3195,447,evacuee,outHelo,Evacuee 270 in triage category G is assigned helicopter 6
3195,447,evacuee,,Evacuee;270;in triage state;G;is in helicopter;6
3195,450,evacuee,outHelo,Evacuee 264 in triage category G is assigned helicopter 6
3195,450,evacuee,,Evacuee;264;in triage state;G;is in helicopter;6
3195,453,evacuee,outHelo,Evacuee 262 in triage category G is assigned helicopter 6
3195,453,evacuee,,Evacuee;262;in triage state;G;is in helicopter;6
3195,456,evacuee,outHelo,Evacuee 260 in triage category G is assigned helicopter 6
3195,456,evacuee,,Evacuee;260;in triage state;G;is in helicopter;6
3195,572,filterEvac,,
3195,811,evacuee,outHelo,Evacuee 268 in triage category G is assigned helicopter 6
3195,811,evacuee,,Evacuee;268;in triage state;G;is in helicopter;6
3195,1131,filterEvac,,
3195,1171,filterEvac,,
3195,1176,evacuee,outHelo,Evacuee 263 in triage category G is assigned helicopter 6
3195,1176,evacuee,,Evacuee;263;in triage state;G;is in helicopter;6
3195,1404,evacuee,outHelo,Evacuee 275 in triage category G is assigned helicopter 6
3195,1404,evacuee,,Evacuee;275;in triage state;G;is in helicopter;6
3195,1470,evacuee,outHelo,Evacuee 267 in triage category G is assigned helicopter 6
3195,1470,evacuee,,Evacuee;267;in triage state;G;is in helicopter;6
3195,7,filterEvac,out,Evacuee 260 in triage category G is assigned helicopter 6
3195,7,filterEvac,out,Evacuee 262 in triage category G is assigned helicopter 6
3195,7,filterEvac,out,Evacuee 263 in triage category G is assigned helicopter 6
3195,7,filterEvac,out,Evacuee 264 in triage category G is assigned helicopter 6
3195,7,filterEvac,out,Evacuee 267 in triage category G is assigned helicopter 6
3195,7,filterEvac,out,Evacuee 268 in triage category G is assigned helicopter 6
3195,7,filterEvac,out,Evacuee 270 in triage category G is assigned helicopter 6
3195,7,filterEvac,out,Evacuee 272 in triage category G is assigned helicopter 6
3195,7,filterEvac,out,Evacuee 275 in triage category G is assigned helicopter 6
3195,7,filterEvac,out,Evacuee 288 in triage category G is assigned helicopter 6
3195,7,filterEvac,,
3195,9,helicopter,,Helicopter;6;is loading people at the evacuation site;;and has;10;spots taken
3199.15,3,evacueeManager,,OFF SHIP: White;0;Green;62;Yellow;27;Red;8;Black;313;ON SHIP: White;0;Green;0;Yellow;0;Red;0;Evacuees to Transfer;
3199.15,1239,evacuee,outES,Evacuee 222 in triage category Y is not assigned a helicopter
3199.15,1239,evacuee,,Evacuee;222;in triage state;R;is at the evacuation site
3206.54,3,evacueeManager,,OFF SHIP: White;0;Green;61;Yellow;28;Red;8;Black;313;ON SHIP: White;0;Green;0;Yellow;0;Red;0;Evacuees to Transfer;
3206.54,877,evacuee,outES,Evacuee 347 in triage category G is not assigned a helicopter
3206.54,877,evacuee,,Evacuee;347;in triage state;Y;is at the evacuation site
3210,4,helipadManager,outHelo,Helicopter 6 is evacuating people6
3210,4,helipadManager,,;No helos are at ES
3210,8,filterES,,Helicopter;6;is evacuating people
3210,11,filterLoc,,
3210,14,filterLoc,,
3210,17,filterLoc,,
3210,20,filterLoc,,
3210,23,filterLoc,,
3210,26,filterLoc,,
3210,29,filterLoc,,
3210,32,filterLoc,,
3210,35,filterLoc,,
3210,38,filterLoc,,
3210,41,filterLoc,,
3210,44,filterLoc,,
3210,47,filterLoc,,
3210,50,filterLoc,,
3210,53,filterLoc,,
3210,56,filterLoc,,
3210,59,filterLoc,,
3210,62,filterLoc,,
3210,65,filterLoc,,
3210,68,filterLoc,,
3210,71,filterLoc,,
3210,74,filterLoc,,
3210,77,filterLoc,,
3210,80,filterLoc,,
3210,83,filterLoc,,
3210,86,filterLoc,,
3210,89,filterLoc,,
3210,92,filterLoc,,
3210,95,filterLoc,,
3210,98,filterLoc,,
3210,101,filterLoc,,
3210,104,filterLoc,,
3210,108,filterES,,
3210,111,filterLoc,,
3210,114,filterLoc,,
3210,117,filterLoc,,
3210,120,filterLoc,,
3210,123,filterLoc,,
3210,126,filterLoc,,
3210,129,filterLoc,,
3210,132,filterLoc,,
3210,135,filterLoc,,
3210,138,filterLoc,,
3210,141,filterLoc,,
3210,144,filterLoc,,
3210,147,filterLoc,,
3210,150,filterLoc,,
3210,153,filterLoc,,
3210,156,filterLoc,,
3210,159,filterLoc,,
3210,162,filterLoc,,
3210,165,filterLoc,,
3210,168,filterLoc,,
3210,171,filterLoc,,
3210,174,filterLoc,,
3210,177,filterLoc,,
3210,180,filterLoc,,
3210,183,filterLoc,,
3210,186,filterLoc,,
3210,189,filterLoc,,
3210,192,filterLoc,,
3210,195,filterLoc,,
3210,198,filterLoc,,
3210,201,filterLoc,,
3210,204,filterLoc,,
3210,207,filterLoc,,
3210,210,filterLoc,,
3210,213,filterLoc,,
3210,216,filterLoc,,
3210,219,filterLoc,,
3210,222,filterLoc,,
3210,225,filterLoc,,
3210,229,filterLoc,,
3210,232,filterLoc,,
3210,235,filterLoc,,
3210,238,filterLoc,,
3210,241,filterLoc,,
3210,244,filterLoc,,
3210,247,filterLoc,,
3210,250,filterLoc,,
3210,253,filterLoc,,
3210,256,filterLoc,,
3210,259,filterLoc,,
3210,262,filterLoc,,
3210,265,filterLoc,,
3210,268,filterLoc,,
3210,271,filterLoc,,
3210,274,filterLoc,,
3210,277,filterLoc,,
3210,280,filterLoc,,
3210,283,filterLoc,,
3210,286,filterLoc,,
3210,289,filterLoc,,
3210,293,filterES,,
3210,296,filterLoc,,
3210,299,filterLoc,,
3210,302,filterLoc,,
3210,305,filterLoc,,
3210,308,filterLoc,,
3210,311,filterLoc,,
3210,314,filterLoc,,
3210,317,filterLoc,,
3210,320,filterLoc,,
3210,323,filterLoc,,
3210,326,filterLoc,,
3210,329,filterLoc,,
3210,332,filterLoc,,
3210,335,filterLoc,,
3210,338,filterLoc,,
3210,341,filterLoc,,
3210,344,filterLoc,,
3210,347,filterLoc,,
3210,350,filterLoc,,
3210,353,filterLoc,,
3210,356,filterLoc,,
3210,359,filterLoc,,
3210,362,filterLoc,,
3210,365,filterLoc,,
3210,368,filterLoc,,
3210,371,filterLoc,,
3210,374,filterLoc,,
3210,377,filterLoc,,
3210,380,filterLoc,,
3210,383,filterLoc,,
3210,386,filterLoc,,
3210,389,filterLoc,,
3210,392,filterLoc,,
3210,395,filterLoc,,
3210,398,filterLoc,,
3210,401,filterLoc,,
3210,404,filterLoc,,
3210,407,filterLoc,,
3210,410,filterLoc,,
3210,413,filterLoc,,
3210,416,filterLoc,,
3210,419,filterLoc,,
3210,422,filterLoc,,
3210,425,filterLoc,,
3210,428,filterLoc,,
3210,431,filterLoc,,
3210,434,filterLoc,,
3210,437,filterLoc,,
3210,440,filterLoc,,
3210,443,filterLoc,,
3210,446,filterLoc,,
3210,449,filterLoc,,
3210,452,filterLoc,,
3210,455,filterLoc,,
3210,458,filterLoc,,
3210,461,filterLoc,,
3210,464,filterLoc,,
3210,467,filterLoc,,
3210,470,filterLoc,,
3210,473,filterLoc,,
3210,476,filterLoc,,
3210,479,filterLoc,,
3210,482,filterLoc,,
3210,485,filterLoc,,
3210,488,filterLoc,,
3210,491,filterLoc,,
3210,494,filterLoc,,
3210,497,filterLoc,,
3210,500,filterLoc,,
3210,503,filterLoc,,
3210,506,filterLoc,,
3210,509,filterLoc,,
3210,512,filterLoc,,
3210,515,filterLoc,,
3210,518,filterLoc,,
3210,521,filterLoc,,
3210,524,filterLoc,,
3210,527,filterLoc,,
3210,530,filterLoc,,
3210,533,filterLoc,,
3210,536,filterLoc,,
3210,539,filterLoc,,
3210,542,filterLoc,,
3210,545,filterLoc,,
3210,548,filterLoc,,
3210,551,filterLoc,,
3210,554,filterLoc,,
3210,557,filterLoc,,
3210,560,filterLoc,,
3210,563,filterLoc,,
3210,566,filterLoc,,
3210,569,filterLoc,,
3210,573,filterES,,
3210,576,filterLoc,,
3210,579,filterLoc,,
3210,582,filterLoc,,
3210,585,filterLoc,,
3210,588,filterLoc,,
3210,591,filterLoc,,
3210,594,filterLoc,,
3210,597,filterLoc,,
3210,600,filterLoc,,
3210,603,filterLoc,,
3210,606,filterLoc,,
3210,609,filterLoc,,
3210,612,filterLoc,,
3210,615,filterLoc,,
3210,618,filterLoc,,
3210,621,filterLoc,,
3210,624,filterLoc,,
3210,627,filterLoc,,
3210,630,filterLoc,,
3210,633,filterLoc,,
3210,636,filterLoc,,
3210,639,filterLoc,,
3210,642,filterLoc,,
3210,645,filterLoc,,
3210,648,filterLoc,,
3210,651,filterLoc,,
3210,654,filterLoc,,
3210,657,filterLoc,,
3210,660,filterLoc,,
3210,663,filterLoc,,
3210,666,filterLoc,,
3210,669,filterLoc,,
3210,672,filterLoc,,
3210,675,filterLoc,,
3210,678,filterLoc,,
3210,681,filterLoc,,
3210,684,filterLoc,,
3210,687,filterLoc,,
3210,690,filterLoc,,
3210,693,filterLoc,,
3210,696,filterLoc,,
3210,699,filterLoc,,
3210,702,filterLoc,,
3210,705,filterLoc,,
3210,708,filterLoc,,
3210,711,filterLoc,,
3210,714,filterLoc,,
3210,717,filterLoc,,
3210,720,filterLoc,,
3210,723,filterLoc,,
3210,726,filterLoc,,
3210,729,filterLoc,,
3210,732,filterLoc,,
3210,735,filterLoc,,
3210,738,filterLoc,,
3210,741,filterLoc,,
3210,744,filterLoc,,;Evacuee;179;in triage category;G;is leaving helicopter;2
3210,747,filterLoc,,
3210,750,filterLoc,,
3210,753,filterLoc,,
3210,756,filterLoc,,
3210,759,filterLoc,,
3210,762,filterLoc,,
3210,765,filterLoc,,
3210,768,filterLoc,,
3210,771,filterLoc,,
3210,774,filterLoc,,
3210,777,filterLoc,,
3210,780,filterLoc,,
3210,783,filterLoc,,
3210,786,filterLoc,,
3210,789,filterLoc,,
3210,792,filterLoc,,
3210,795,filterLoc,,
3210,798,filterLoc,,
3210,801,filterLoc,,
3210,804,filterLoc,,
3210,807,filterLoc,,
3210,810,filterLoc,,
3210,813,filterLoc,,
3210,816,filterLoc,,
3210,819,filterLoc,,
3210,822,filterLoc,,;Evacuee;187;in triage category;G;is leaving helicopter;2
3210,825,filterLoc,,
3210,828,filterLoc,,
3210,831,filterLoc,,
3210,834,filterLoc,,
3210,837,filterLoc,,
3210,840,filterLoc,,
3210,843,filterLoc,,
3210,846,filterLoc,,
3210,849,filterLoc,,
3210,852,filterLoc,,
3210,855,filterLoc,,
3210,858,filterLoc,,
3210,861,filterLoc,,
3210,864,filterLoc,,
3210,867,filterLoc,,
3210,870,filterLoc,,
3210,873,filterLoc,,
3210,876,filterLoc,,
3210,879,filterLoc,,
3210,882,filterLoc,,
3210,885,filterLoc,,
3210,888,filterLoc,,
3210,891,filterLoc,,
3210,894,filterLoc,,
3210,897,filterLoc,,
3210,900,filterLoc,,
3210,903,filterLoc,,
3210,906,filterLoc,,
3210,909,filterLoc,,
3210,912,filterLoc,,
3210,915,filterLoc,,
3210,918,filterLoc,,
3210,921,filterLoc,,
3210,924,filterLoc,,
3210,927,filterLoc,,
3210,930,filterLoc,,
3210,933,filterLoc,,
3210,936,filterLoc,,
3210,939,filterLoc,,
3210,942,filterLoc,,
3210,945,filterLoc,,
3210,948,filterLoc,,
3210,951,filterLoc,,
3210,954,filterLoc,,
3210,957,filterLoc,,
3210,960,filterLoc,,
3210,963,filterLoc,,
3210,966,filterLoc,,
3210,969,filterLoc,,
3210,972,filterLoc,,
3210,975,filterLoc,,
3210,978,filterLoc,,
3210,981,filterLoc,,
3210,984,filterLoc,,
3210,987,filterLoc,,
3210,990,filterLoc,,
3210,993,filterLoc,,
3210,996,filterLoc,,
3210,999,filterLoc,,
3210,1002,filterLoc,,
3210,1005,filterLoc,,
3210,1008,filterLoc,,
3210,1011,filterLoc,,
3210,1014,filterLoc,,
3210,1017,filterLoc,,
3210,1020,filterLoc,,
3210,1023,filterLoc,,
3210,1026,filterLoc,,
3210,1029,filterLoc,,;Evacuee;200;in triage category;G;is leaving helicopter;2
3210,1032,filterLoc,,
3210,1035,filterLoc,,
3210,1038,filterLoc,,
3210,1041,filterLoc,,
3210,1044,filterLoc,,
3210,1047,filterLoc,,
3210,1050,filterLoc,,
3210,1053,filterLoc,,
3210,1056,filterLoc,,
3210,1059,filterLoc,,
3210,1062,filterLoc,,
3210,1065,filterLoc,,
3210,1068,filterLoc,,
3210,1071,filterLoc,,
3210,1074,filterLoc,,
3210,1077,filterLoc,,
3210,1080,filterLoc,,
3210,1083,filterLoc,,
3210,1086,filterLoc,,
3210,1089,filterLoc,,
3210,1092,filterLoc,,
3210,1095,filterLoc,,
3210,1098,filterLoc,,
3210,1101,filterLoc,,
3210,1104,filterLoc,,
3210,1107,filterLoc,,
3210,1110,filterLoc,,
3210,1113,filterLoc,,
3210,1116,filterLoc,,
3210,1119,filterLoc,,
3210,1122,filterLoc,,
3210,1125,filterLoc,,
3210,1128,filterLoc,,
3210,1132,filterES,,
3210,1133,helicopter,outEvac,Evacuee 161 in triage category G is not assigned a helicopter
3210,1133,helicopter,outEvac,Evacuee 174 in triage category G is not assigned a helicopter
3210,1133,helicopter,outEvac,Evacuee 177 in triage category G is not assigned a helicopter
3210,1133,helicopter,outEvac,Evacuee 179 in triage category G is not assigned a helicopter
3210,1133,helicopter,outEvac,Evacuee 181 in triage category G is not assigned a helicopter
3210,1133,helicopter,outEvac,Evacuee 183 in triage category G is not assigned a helicopter
3210,1133,helicopter,outEvac,Evacuee 184 in triage category G is not assigned a helicopter
3210,1133,helicopter,outEvac,Evacuee 187 in triage category G is not assigned a helicopter
3210,1133,helicopter,outEvac,Evacuee 190 in triage category G is not assigned a helicopter
3210,1133,helicopter,outEvac,Evacuee 200 in triage category G is not assigned a helicopter
3210,1133,helicopter,,Helicopter;2;is unloading people at the FOL;;and has;0;spots taken
3210,1135,filterLoc,,
3210,1138,filterLoc,,
3210,1141,filterLoc,,
3210,1144,filterLoc,,
3210,1147,filterLoc,,
3210,1150,filterLoc,,
3210,1153,filterLoc,,
3210,1156,filterLoc,,
3210,1159,filterLoc,,
3210,1162,filterLoc,,
3210,1165,filterLoc,,
3210,1168,filterLoc,,
3210,1172,filterES,,
3210,1175,filterLoc,,
3210,1178,filterLoc,,;Evacuee;190;in triage category;G;is leaving helicopter;2
3210,1181,filterLoc,,
3210,1184,filterLoc,,
3210,1187,filterLoc,,
3210,1190,filterLoc,,;Evacuee;181;in triage category;G;is leaving helicopter;2
3210,1193,filterLoc,,
3210,1196,filterLoc,,
3210,1199,filterLoc,,
3210,1202,filterLoc,,
3210,1205,filterLoc,,
3210,1208,filterLoc,,
3210,1211,filterLoc,,
3210,1214,filterLoc,,
3210,1217,filterLoc,,
3210,1220,filterLoc,,
3210,1223,filterLoc,,
3210,1226,filterLoc,,
3210,1229,filterLoc,,
3210,1232,filterLoc,,
3210,1235,filterLoc,,
3210,1238,filterLoc,,
3210,1241,filterLoc,,
3210,1244,filterLoc,,
3210,1247,filterLoc,,
3210,1250,filterLoc,,
3210,1253,filterLoc,,
3210,1256,filterLoc,,;Evacuee;161;in triage category;G;is leaving helicopter;2
3210,1259,filterLoc,,
3210,1262,filterLoc,,
3210,1265,filterLoc,,
3210,1268,filterLoc,,
3210,1271,filterLoc,,
3210,1274,filterLoc,,
3210,1277,filterLoc,,
3210,1280,filterLoc,,
3210,1283,filterLoc,,
3210,1286,filterLoc,,
3210,1289,filterLoc,,
3210,1292,filterLoc,,
3210,1295,filterLoc,,
3210,1298,filterLoc,,
3210,1301,filterLoc,,
3210,1304,filterLoc,,
3210,1307,filterLoc,,
3210,1310,filterLoc,,
3210,1313,filterLoc,,
3210,1316,filterLoc,,;Evacuee;174;in triage category;G;is leaving helicopter;2
3210,1319,filterLoc,,;Evacuee;177;in triage category;G;is leaving helicopter;2
3210,1322,filterLoc,,
3210,1325,filterLoc,,
3210,1328,filterLoc,,
3210,1331,filterLoc,,
3210,1334,filterLoc,,;Evacuee;183;in triage category;G;is leaving helicopter;2
3210,1337,filterLoc,,;Evacuee;184;in triage category;G;is leaving helicopter;2
3210,1340,filterLoc,,
3210,1343,filterLoc,,
3210,1346,filterLoc,,
3210,1349,filterLoc,,
3210,1352,filterLoc,,
3210,1355,filterLoc,,
3210,1358,filterLoc,,
3210,1361,filterLoc,,
3210,1364,filterLoc,,
3210,1367,filterLoc,,
3210,1370,filterLoc,,
3210,1373,filterLoc,,
3210,1376,filterLoc,,
3210,1379,filterLoc,,
3210,1382,filterLoc,,
3210,1385,filterLoc,,
3210,1388,filterLoc,,
3210,1391,filterLoc,,
3210,1394,filterLoc,,
3210,1397,filterLoc,,
3210,1400,filterLoc,,
3210,1403,filterLoc,,
3210,1406,filterLoc,,
3210,1409,filterLoc,,
3210,1412,filterLoc,,
3210,1415,filterLoc,,
3210,1418,filterLoc,,
3210,1421,filterLoc,,
3210,1424,filterLoc,,
3210,1427,filterLoc,,
3210,1430,filterLoc,,
3210,1433,filterLoc,,
3210,1436,filterLoc,,
3210,1439,filterLoc,,
3210,1442,filterLoc,,
3210,1445,filterLoc,,
3210,1448,filterLoc,,
3210,1451,filterLoc,,
3210,1454,filterLoc,,
3210,1457,filterLoc,,
3210,1460,filterLoc,,
3210,1463,filterLoc,,
3210,1466,filterLoc,,
3210,1469,filterLoc,,
3210,1472,filterLoc,,
3210,1475,filterLoc,,
3210,1478,filterLoc,,
3210,1481,filterLoc,,
3210,1484,filterLoc,,
3210,1487,filterLoc,,
3210,1490,filterLoc,,
3210,1493,filterLoc,,
3210,1496,filterLoc,,
3210,1499,filterLoc,,
3210,1502,filterLoc,,
3210,1505,filterLoc,,
3210,1508,filterLoc,,
3210,1511,filterLoc,,
3210,1514,filterLoc,,
3210,1517,filterLoc,,
3210,1520,filterLoc,,
3210,1523,filterLoc,,
3210,1526,filterLoc,,
3210,1529,filterLoc,,
3210,4,helipadManager,outHQ,0
3210,4,helipadManager,,;No helos are at ES
3210,5,helicopterQueue,,;No helos are waiting to land
3210,8,filterES,out,Helicopter 6 is evacuating people6
3210,8,filterES,,
3210,9,helicopter,,Helicopter;6;is loading people at the evacuation site;;and has;10;spots taken
3210,744,filterLoc,out,Evacuee 179 in triage category G is not assigned a helicopter
3210,744,filterLoc,,
3210,745,evacuee,,Evacuee;179;in triage state;G;is entering the FOL
3210,822,filterLoc,out,Evacuee 187 in triage category G is not assigned a helicopter
3210,822,filterLoc,,
3210,823,evacuee,,Evacuee;187;in triage state;G;is entering the FOL
3210,1029,filterLoc,out,Evacuee 200 in triage category G is not assigned a helicopter
3210,1029,filterLoc,,
3210,1030,evacuee,,Evacuee;200;in triage state;G;is entering the FOL
3210,1178,filterLoc,out,Evacuee 190 in triage category G is not assigned a helicopter
3210,1178,filterLoc,,
3210,1179,evacuee,,Evacuee;190;in triage state;G;is entering the FOL
3210,1190,filterLoc,out,Evacuee 181 in triage category G is not assigned a helicopter
3210,1190,filterLoc,,
3210,1191,evacuee,,Evacuee;181;in triage state;G;is entering the FOL
3210,1256,filterLoc,out,Evacuee 161 in triage category G is not assigned a helicopter
3210,1256,filterLoc,,
3210,1257,evacuee,,Evacuee;161;in triage state;G;is entering the FOL
3210,1316,filterLoc,out,Evacuee 174 in triage category G is not assigned a helicopter
3210,1316,filterLoc,,
3210,1317,evacuee,,Evacuee;174;in triage state;G;is entering the FOL
3210,1319,filterLoc,out,Evacuee 177 in triage category G is not assigned a helicopter
3210,1319,filterLoc,,
3210,1320,evacuee,,Evacuee;177;in triage state;G;is entering the FOL
3210,1334,filterLoc,out,Evacuee 183 in triage category G is not assigned a helicopter
3210,1334,filterLoc,,
3210,1335,evacuee,,Evacuee;183;in triage state;G;is entering the FOL
3210,1337,filterLoc,out,Evacuee 184 in triage category G is not assigned a helicopter
3210,1337,filterLoc,,
3210,1338,evacuee,,Evacuee;184;in triage state;G;is entering the FOL
3210,5,helicopterQueue,,;No helos are waiting to land
3210,9,helicopter,,Helicopter;6;is returning to the FOL;;and has;10;spots taken
3210,227,FOL,,;EvacueeID;4;Triage Status;G;EvacueeID;7;Triage Status;G;EvacueeID;10;Triage Status;G;EvacueeID;11;Triage Status;G;EvacueeID;13;Triage Status;G;EvacueeID;14;Triage Status;G;EvacueeID;15;Triage Status;G;EvacueeID;17;Triage Status;G;EvacueeID;18;Triage Status;G;EvacueeID;19;Triage Status;G;EvacueeID;23;Triage Status;G;EvacueeID;24;Triage Status;G;EvacueeID;26;Triage Status;G;EvacueeID;28;Triage Status;G;EvacueeID;29;Triage Status;G;EvacueeID;32;Triage Status;G;EvacueeID;37;Triage Status;G;EvacueeID;45;Triage Status;G;EvacueeID;48;Triage Status;G;EvacueeID;50;Triage Status;G;EvacueeID;54;Triage Status;G;EvacueeID;55;Triage Status;G;EvacueeID;58;Triage Status;G;EvacueeID;60;Triage Status;G;EvacueeID;65;Triage Status;G;EvacueeID;67;Triage Status;G;EvacueeID;73;Triage Status;G;EvacueeID;75;Triage Status;G;EvacueeID;77;Triage Status;G;EvacueeID;78;Triage Status;G;EvacueeID;82;Triage Status;G;EvacueeID;85;Triage Status;G;EvacueeID;95;Triage Status;G;EvacueeID;98;Triage Status;G;EvacueeID;99;Triage Status;G;EvacueeID;100;Triage Status;G;EvacueeID;101;Triage Status;G;EvacueeID;109;Triage Status;G;EvacueeID;112;Triage Status;G;EvacueeID;114;Triage Status;G;EvacueeID;123;Triage Status;G;EvacueeID;125;Triage Status;G;EvacueeID;126;Triage Status;G;EvacueeID;142;Triage Status;G;EvacueeID;144;Triage Status;G;EvacueeID;147;Triage Status;G;EvacueeID;153;Triage Status;G;EvacueeID;156;Triage Status;G;EvacueeID;158;Triage Status;G;EvacueeID;159;Triage Status;G;EvacueeID;161;Triage Status;G;EvacueeID;174;Triage Status;G;EvacueeID;177;Triage Status;G;EvacueeID;179;Triage Status;G;EvacueeID;181;Triage Status;G;EvacueeID;183;Triage Status;G;EvacueeID;184;Triage Status;G;EvacueeID;187;Triage Status;G;EvacueeID;190;Triage Status;G;EvacueeID;200;Triage Status;G;Lives Saved;60
3210,745,evacuee,outFOL,Evacuee 179 in triage category G is not assigned a helicopter
3210,745,evacuee,,Evacuee;179;in triage state;G;is at the FOL
3210,823,evacuee,outFOL,Evacuee 187 in triage category G is not assigned a helicopter
3210,823,evacuee,,Evacuee;187;in triage state;G;is at the FOL
3210,1030,evacuee,outFOL,Evacuee 200 in triage category G is not assigned a helicopter
3210,1030,evacuee,,Evacuee;200;in triage state;G;is at the FOL
3210,1179,evacuee,outFOL,Evacuee 190 in triage category G is not assigned a helicopter
3210,1179,evacuee,,Evacuee;190;in triage state;G;is at the FOL
3210,1191,evacuee,outFOL,Evacuee 181 in triage category G is not assigned a helicopter
3210,1191,evacuee,,Evacuee;181;in triage state;G;is at the FOL
3210,1257,evacuee,outFOL,Evacuee 161 in triage category G is not assigned a helicopter
3210,1257,evacuee,,Evacuee;161;in triage state;G;is at the FOL
3210,1317,evacuee,outFOL,Evacuee 174 in triage category G is not assigned a helicopter
3210,1317,evacuee,,Evacuee;174;in triage state;G;is at the FOL
3210,1320,evacuee,outFOL,Evacuee 177 in triage category G is not assigned a helicopter
3210,1320,evacuee,,Evacuee;177;in triage state;G;is at the FOL
3210,1335,evacuee,outFOL,Evacuee 183 in triage category G is not assigned a helicopter
3210,1335,evacuee,,Evacuee;183;in triage state;G;is at the FOL
3210,1338,evacuee,outFOL,Evacuee 184 in triage category G is not assigned a helicopter
3210,1338,evacuee,,Evacuee;184;in triage state;G;is at the FOL
3210,227,FOL,,;EvacueeID;4;Triage Status;G;EvacueeID;7;Triage Status;G;EvacueeID;10;Triage Status;G;EvacueeID;11;Triage Status;G;EvacueeID;13;Triage Status;G;EvacueeID;14;Triage Status;G;EvacueeID;15;Triage Status;G;EvacueeID;17;Triage Status;G;EvacueeID;18;Triage Status;G;EvacueeID;19;Triage Status;G;EvacueeID;23;Triage Status;G;EvacueeID;24;Triage Status;G;EvacueeID;26;Triage Status;G;EvacueeID;28;Triage Status;G;EvacueeID;29;Triage Status;G;EvacueeID;32;Triage Status;G;EvacueeID;37;Triage Status;G;EvacueeID;45;Triage Status;G;EvacueeID;48;Triage Status;G;EvacueeID;50;Triage Status;G;EvacueeID;54;Triage Status;G;EvacueeID;55;Triage Status;G;EvacueeID;58;Triage Status;G;EvacueeID;60;Triage Status;G;EvacueeID;65;Triage Status;G;EvacueeID;67;Triage Status;G;EvacueeID;73;Triage Status;G;EvacueeID;75;Triage Status;G;EvacueeID;77;Triage Status;G;EvacueeID;78;Triage Status;G;EvacueeID;82;Triage Status;G;EvacueeID;85;Triage Status;G;EvacueeID;95;Triage Status;G;EvacueeID;98;Triage Status;G;EvacueeID;99;Triage Status;G;EvacueeID;100;Triage Status;G;EvacueeID;101;Triage Status;G;EvacueeID;109;Triage Status;G;EvacueeID;112;Triage Status;G;EvacueeID;114;Triage Status;G;EvacueeID;123;Triage Status;G;EvacueeID;125;Triage Status;G;EvacueeID;126;Triage Status;G;EvacueeID;142;Triage Status;G;EvacueeID;144;Triage Status;G;EvacueeID;147;Triage Status;G;EvacueeID;153;Triage Status;G;EvacueeID;156;Triage Status;G;EvacueeID;158;Triage Status;G;EvacueeID;159;Triage Status;G;EvacueeID;161;Triage Status;G;EvacueeID;174;Triage Status;G;EvacueeID;177;Triage Status;G;EvacueeID;179;Triage Status;G;EvacueeID;181;Triage Status;G;EvacueeID;183;Triage Status;G;EvacueeID;184;Triage Status;G;EvacueeID;187;Triage Status;G;EvacueeID;190;Triage Status;G;EvacueeID;200;Triage Status;G;Lives Saved;60
3219.15,3,evacueeManager,,OFF SHIP: White;0;Green;61;Yellow;27;Red;9;Black;313;ON SHIP: White;0;Green;0;Yellow;0;Red;0;Evacuees to Transfer;
3219.15,220,evacuee,outES,Evacuee 374 in triage category Y is not assigned a helicopter
3219.15,220,evacuee,,Evacuee;374;in triage state;R;is at the evacuation site
3225,11,filterLoc,,
3225,14,filterLoc,,
3225,17,filterLoc,,
3225,20,filterLoc,,
3225,23,filterLoc,,
3225,26,filterLoc,,
3225,29,filterLoc,,
3225,32,filterLoc,,
3225,35,filterLoc,,
3225,38,filterLoc,,
3225,41,filterLoc,,
3225,44,filterLoc,,
3225,47,filterLoc,,
3225,50,filterLoc,,
3225,53,filterLoc,,
3225,56,filterLoc,,
3225,59,filterLoc,,
3225,62,filterLoc,,
3225,65,filterLoc,,
3225,68,filterLoc,,
3225,71,filterLoc,,
3225,74,filterLoc,,
3225,77,filterLoc,,
3225,80,filterLoc,,
3225,83,filterLoc,,
3225,86,filterLoc,,
3225,89,filterLoc,,
3225,92,filterLoc,,
3225,95,filterLoc,,
3225,98,filterLoc,,
3225,101,filterLoc,,
3225,104,filterLoc,,
3225,111,filterLoc,,
3225,114,filterLoc,,
3225,117,filterLoc,,
3225,120,filterLoc,,
3225,123,filterLoc,,
3225,126,filterLoc,,
3225,129,filterLoc,,
3225,132,filterLoc,,
3225,135,filterLoc,,
3225,138,filterLoc,,
3225,141,filterLoc,,
3225,144,filterLoc,,
3225,147,filterLoc,,
3225,150,filterLoc,,
3225,153,filterLoc,,
3225,156,filterLoc,,
3225,159,filterLoc,,
3225,162,filterLoc,,
3225,165,filterLoc,,
3225,168,filterLoc,,
3225,171,filterLoc,,
3225,174,filterLoc,,
3225,177,filterLoc,,
3225,180,filterLoc,,
3225,183,filterLoc,,
3225,186,filterLoc,,
3225,189,filterLoc,,
3225,192,filterLoc,,
3225,195,filterLoc,,
3225,198,filterLoc,,
3225,201,filterLoc,,
3225,204,filterLoc,,
3225,207,filterLoc,,
3225,210,filterLoc,,
3225,213,filterLoc,,
3225,216,filterLoc,,
3225,219,filterLoc,,
3225,222,filterLoc,,
3225,225,filterLoc,,
3225,229,filterLoc,,
3225,232,filterLoc,,
3225,235,filterLoc,,
3225,238,filterLoc,,
3225,241,filterLoc,,
3225,244,filterLoc,,
3225,247,filterLoc,,
3225,250,filterLoc,,
3225,253,filterLoc,,
3225,256,filterLoc,,
3225,259,filterLoc,,
3225,262,filterLoc,,
3225,265,filterLoc,,
3225,268,filterLoc,,
3225,271,filterLoc,,
3225,274,filterLoc,,
3225,277,filterLoc,,
3225,280,filterLoc,,
3225,283,filterLoc,,
3225,286,filterLoc,,
3225,289,filterLoc,,
3225,296,filterLoc,,
3225,299,filterLoc,,
3225,302,filterLoc,,
3225,305,filterLoc,,
3225,308,filterLoc,,
3225,311,filterLoc,,
3225,314,filterLoc,,
3225,317,filterLoc,,
3225,320,filterLoc,,
3225,323,filterLoc,,
3225,326,filterLoc,,
3225,329,filterLoc,,
3225,332,filterLoc,,
3225,335,filterLoc,,
3225,338,filterLoc,,
3225,341,filterLoc,,
3225,344,filterLoc,,
3225,347,filterLoc,,
3225,350,filterLoc,,
3225,353,filterLoc,,
3225,356,filterLoc,,
3225,359,filterLoc,,
3225,362,filterLoc,,
3225,365,filterLoc,,
3225,368,filterLoc,,
3225,371,filterLoc,,
3225,374,filterLoc,,
3225,377,filterLoc,,
3225,380,filterLoc,,
3225,383,filterLoc,,
3225,386,filterLoc,,
3225,389,filterLoc,,
3225,392,filterLoc,,
3225,395,filterLoc,,
3225,398,filterLoc,,
3225,401,filterLoc,,
3225,404,filterLoc,,
3225,407,filterLoc,,
3225,410,filterLoc,,
3225,413,filterLoc,,
3225,416,filterLoc,,
3225,419,filterLoc,,
3225,422,filterLoc,,
3225,425,filterLoc,,
3225,428,filterLoc,,
3225,431,filterLoc,,
3225,434,filterLoc,,
3225,437,filterLoc,,
3225,440,filterLoc,,
3225,443,filterLoc,,
3225,446,filterLoc,,
3225,449,filterLoc,,
3225,452,filterLoc,,
3225,455,filterLoc,,
3225,458,filterLoc,,
3225,461,filterLoc,,
3225,464,filterLoc,,
3225,467,filterLoc,,
3225,470,filterLoc,,
3225,473,filterLoc,,
3225,476,filterLoc,,
3225,479,filterLoc,,
3225,482,filterLoc,,
3225,485,filterLoc,,
3225,488,filterLoc,,
3225,491,filterLoc,,
3225,494,filterLoc,,
3225,497,filterLoc,,
3225,500,filterLoc,,
3225,503,filterLoc,,
3225,506,filterLoc,,
3225,509,filterLoc,,
3225,512,filterLoc,,
3225,515,filterLoc,,
3225,518,filterLoc,,
3225,521,filterLoc,,;Evacuee;215;in triage category;G;is leaving helicopter;5
3225,524,filterLoc,,
3225,527,filterLoc,,
3225,530,filterLoc,,
3225,533,filterLoc,,
3225,536,filterLoc,,
3225,539,filterLoc,,
3225,542,filterLoc,,
3225,545,filterLoc,,
3225,548,filterLoc,,
3225,551,filterLoc,,
3225,554,filterLoc,,
3225,557,filterLoc,,
3225,560,filterLoc,,
3225,563,filterLoc,,
3225,566,filterLoc,,
3225,569,filterLoc,,
3225,574,helicopter,outEvac,Evacuee 201 in triage category G is not assigned a helicopter
3225,574,helicopter,outEvac,Evacuee 202 in triage category G is not assigned a helicopter
3225,574,helicopter,outEvac,Evacuee 203 in triage category G is not assigned a helicopter
3225,574,helicopter,outEvac,Evacuee 204 in triage category G is not assigned a helicopter
3225,574,helicopter,outEvac,Evacuee 205 in triage category G is not assigned a helicopter
3225,574,helicopter,outEvac,Evacuee 209 in triage category G is not assigned a helicopter
3225,574,helicopter,outEvac,Evacuee 212 in triage category G is not assigned a helicopter
3225,574,helicopter,outEvac,Evacuee 213 in triage category G is not assigned a helicopter
3225,574,helicopter,outEvac,Evacuee 215 in triage category G is not assigned a helicopter
3225,574,helicopter,outEvac,Evacuee 220 in triage category G is not assigned a helicopter
3225,574,helicopter,,Helicopter;5;is unloading people at the FOL;;and has;0;spots taken
3225,576,filterLoc,,
3225,579,filterLoc,,
3225,582,filterLoc,,
3225,585,filterLoc,,
3225,588,filterLoc,,
3225,591,filterLoc,,
3225,594,filterLoc,,
3225,597,filterLoc,,
3225,600,filterLoc,,
3225,603,filterLoc,,
3225,606,filterLoc,,
3225,609,filterLoc,,
3225,612,filterLoc,,
3225,615,filterLoc,,
3225,618,filterLoc,,
3225,621,filterLoc,,
3225,624,filterLoc,,
3225,627,filterLoc,,
3225,630,filterLoc,,
3225,633,filterLoc,,
3225,636,filterLoc,,
3225,639,filterLoc,,
3225,642,filterLoc,,
3225,645,filterLoc,,
3225,648,filterLoc,,
3225,651,filterLoc,,
3225,654,filterLoc,,
3225,657,filterLoc,,
3225,660,filterLoc,,
3225,663,filterLoc,,
3225,666,filterLoc,,
3225,669,filterLoc,,
3225,672,filterLoc,,;Evacuee;213;in triage category;G;is leaving helicopter;5
3225,675,filterLoc,,
3225,678,filterLoc,,
3225,681,filterLoc,,
3225,684,filterLoc,,
3225,687,filterLoc,,
3225,690,filterLoc,,
3225,693,filterLoc,,
3225,696,filterLoc,,
3225,699,filterLoc,,
3225,702,filterLoc,,
3225,705,filterLoc,,
3225,708,filterLoc,,
3225,711,filterLoc,,
3225,714,filterLoc,,
3225,717,filterLoc,,
3225,720,filterLoc,,
3225,723,filterLoc,,
3225,726,filterLoc,,
3225,729,filterLoc,,
3225,732,filterLoc,,
3225,735,filterLoc,,
3225,738,filterLoc,,
3225,741,filterLoc,,
3225,744,filterLoc,,
3225,747,filterLoc,,
3225,750,filterLoc,,
3225,753,filterLoc,,
3225,756,filterLoc,,
3225,759,filterLoc,,
3225,762,filterLoc,,
3225,765,filterLoc,,
3225,768,filterLoc,,
3225,771,filterLoc,,
3225,774,filterLoc,,
3225,777,filterLoc,,
3225,780,filterLoc,,
3225,783,filterLoc,,
3225,786,filterLoc,,
3225,789,filterLoc,,
3225,792,filterLoc,,
3225,795,filterLoc,,
3225,798,filterLoc,,
3225,801,filterLoc,,
3225,804,filterLoc,,
3225,807,filterLoc,,
3225,810,filterLoc,,
3225,813,filterLoc,,
3225,816,filterLoc,,
3225,819,filterLoc,,
3225,822,filterLoc,,
3225,825,filterLoc,,
3225,828,filterLoc,,
3225,831,filterLoc,,
3225,834,filterLoc,,
3225,837,filterLoc,,
3225,840,filterLoc,,
3225,843,filterLoc,,
3225,846,filterLoc,,
3225,849,filterLoc,,
3225,852,filterLoc,,
3225,855,filterLoc,,
3225,858,filterLoc,,
3225,861,filterLoc,,
3225,864,filterLoc,,
3225,867,filterLoc,,
3225,870,filterLoc,,
3225,873,filterLoc,,
3225,876,filterLoc,,
3225,879,filterLoc,,
3225,882,filterLoc,,
3225,885,filterLoc,,
3225,888,filterLoc,,
3225,891,filterLoc,,
3225,894,filterLoc,,
3225,897,filterLoc,,
3225,900,filterLoc,,
3225,903,filterLoc,,
3225,906,filterLoc,,
3225,909,filterLoc,,
3225,912,filterLoc,,
3225,915,filterLoc,,
3225,918,filterLoc,,
3225,921,filterLoc,,
3225,924,filterLoc,,
3225,927,filterLoc,,
3225,930,filterLoc,,
3225,933,filterLoc,,
3225,936,filterLoc,,
3225,939,filterLoc,,
3225,942,filterLoc,,
3225,945,filterLoc,,
3225,948,filterLoc,,
3225,951,filterLoc,,
3225,954,filterLoc,,
3225,957,filterLoc,,
3225,960,filterLoc,,
3225,963,filterLoc,,
3225,966,filterLoc,,
3225,969,filterLoc,,
3225,972,filterLoc,,;Evacuee;209;in triage category;G;is leaving helicopter;5
3225,975,filterLoc,,
3225,978,filterLoc,,
3225,981,filterLoc,,
3225,984,filterLoc,,
3225,987,filterLoc,,
3225,990,filterLoc,,
3225,993,filterLoc,,
3225,996,filterLoc,,
3225,999,filterLoc,,
3225,1002,filterLoc,,
3225,1005,filterLoc,,
3225,1008,filterLoc,,
3225,1011,filterLoc,,
3225,1014,filterLoc,,
3225,1017,filterLoc,,
3225,1020,filterLoc,,;Evacuee;220;in triage category;G;is leaving helicopter;5
3225,1023,filterLoc,,
3225,1026,filterLoc,,
3225,1029,filterLoc,,
3225,1032,filterLoc,,
3225,1035,filterLoc,,
3225,1038,filterLoc,,
3225,1041,filterLoc,,
3225,1044,filterLoc,,
3225,1047,filterLoc,,
3225,1050,filterLoc,,
3225,1053,filterLoc,,
3225,1056,filterLoc,,
3225,1059,filterLoc,,
3225,1062,filterLoc,,
3225,1065,filterLoc,,
3225,1068,filterLoc,,
3225,1071,filterLoc,,
3225,1074,filterLoc,,
3225,1077,filterLoc,,
3225,1080,filterLoc,,
3225,1083,filterLoc,,
3225,1086,filterLoc,,
3225,1089,filterLoc,,
3225,1092,filterLoc,,
3225,1095,filterLoc,,;Evacuee;212;in triage category;G;is leaving helicopter;5
3225,1098,filterLoc,,
3225,1101,filterLoc,,
3225,1104,filterLoc,,
3225,1107,filterLoc,,
3225,1110,filterLoc,,
3225,1113,filterLoc,,
3225,1116,filterLoc,,
3225,1119,filterLoc,,
3225,1122,filterLoc,,
3225,1125,filterLoc,,
3225,1128,filterLoc,,
3225,1133,helicopter,,Helicopter;2;Is going to the evacuation site;;and has;0;spots taken
3225,1135,filterLoc,,
3225,1138,filterLoc,,
3225,1141,filterLoc,,
3225,1144,filterLoc,,
3225,1147,filterLoc,,
3225,1150,filterLoc,,
3225,1153,filterLoc,,
3225,1156,filterLoc,,
3225,1159,filterLoc,,
3225,1162,filterLoc,,
3225,1165,filterLoc,,
3225,1168,filterLoc,,
3225,1175,filterLoc,,
3225,1178,filterLoc,,
3225,1181,filterLoc,,
3225,1184,filterLoc,,
3225,1187,filterLoc,,
3225,1190,filterLoc,,
3225,1193,filterLoc,,
3225,1196,filterLoc,,
3225,1199,filterLoc,,
3225,1202,filterLoc,,
3225,1205,filterLoc,,
3225,1208,filterLoc,,
3225,1211,filterLoc,,
3225,1214,filterLoc,,
3225,1217,filterLoc,,
3225,1220,filterLoc,,
3225,1223,filterLoc,,
3225,1226,filterLoc,,
3225,1229,filterLoc,,
3225,1232,filterLoc,,
3225,1235,filterLoc,,
3225,1238,filterLoc,,
3225,1241,filterLoc,,
3225,1244,filterLoc,,
3225,1247,filterLoc,,
3225,1250,filterLoc,,
3225,1253,filterLoc,,
3225,1256,filterLoc,,
3225,1259,filterLoc,,
3225,1262,filterLoc,,
3225,1265,filterLoc,,
3225,1268,filterLoc,,
3225,1271,filterLoc,,
3225,1274,filterLoc,,
3225,1277,filterLoc,,
3225,1280,filterLoc,,
3225,1283,filterLoc,,
3225,1286,filterLoc,,
3225,1289,filterLoc,,
3225,1292,filterLoc,,
3225,1295,filterLoc,,
3225,1298,filterLoc,,
3225,1301,filterLoc,,
3225,1304,filterLoc,,
3225,1307,filterLoc,,
3225,1310,filterLoc,,
3225,1313,filterLoc,,
3225,1316,filterLoc,,
3225,1319,filterLoc,,
3225,1322,filterLoc,,
3225,1325,filterLoc,,
3225,1328,filterLoc,,;Evacuee;203;in triage category;G;is leaving helicopter;5
3225,1331,filterLoc,,
3225,1334,filterLoc,,
3225,1337,filterLoc,,
3225,1340,filterLoc,,
3225,1343,filterLoc,,
3225,1346,filterLoc,,
3225,1349,filterLoc,,
3225,1352,filterLoc,,
3225,1355,filterLoc,,
3225,1358,filterLoc,,
3225,1361,filterLoc,,
3225,1364,filterLoc,,
3225,1367,filterLoc,,
3225,1370,filterLoc,,
3225,1373,filterLoc,,
3225,1376,filterLoc,,
3225,1379,filterLoc,,
3225,1382,filterLoc,,
3225,1385,filterLoc,,
3225,1388,filterLoc,,;Evacuee;201;in triage category;G;is leaving helicopter;5
3225,1391,filterLoc,,
3225,1394,filterLoc,,;Evacuee;202;in triage category;G;is leaving helicopter;5
3225,1397,filterLoc,,
3225,1400,filterLoc,,;Evacuee;204;in triage category;G;is leaving helicopter;5
3225,1403,filterLoc,,
3225,1406,filterLoc,,;Evacuee;205;in triage category;G;is leaving helicopter;5
3225,1409,filterLoc,,
3225,1412,filterLoc,,
3225,1415,filterLoc,,
3225,1418,filterLoc,,
3225,1421,filterLoc,,
3225,1424,filterLoc,,
3225,1427,filterLoc,,
3225,1430,filterLoc,,
3225,1433,filterLoc,,
3225,1436,filterLoc,,
3225,1439,filterLoc,,
3225,1442,filterLoc,,
3225,1445,filterLoc,,
3225,1448,filterLoc,,
3225,1451,filterLoc,,
3225,1454,filterLoc,,
3225,1457,filterLoc,,
3225,1460,filterLoc,,
3225,1463,filterLoc,,
3225,1466,filterLoc,,
3225,1469,filterLoc,,
3225,1472,filterLoc,,
3225,1475,filterLoc,,
3225,1478,filterLoc,,
3225,1481,filterLoc,,
3225,1484,filterLoc,,
3225,1487,filterLoc,,
3225,1490,filterLoc,,
3225,1493,filterLoc,,
3225,1496,filterLoc,,
3225,1499,filterLoc,,
3225,1502,filterLoc,,
3225,1505,filterLoc,,
3225,1508,filterLoc,,
3225,1511,filterLoc,,
3225,1514,filterLoc,,
3225,1517,filterLoc,,
3225,1520,filterLoc,,
3225,1523,filterLoc,,
3225,1526,filterLoc,,
3225,1529,filterLoc,,
3225,521,filterLoc,out,Evacuee 215 in triage category G is not assigned a helicopter
3225,521,filterLoc,,
3225,522,evacuee,,Evacuee;215;in triage state;G;is entering the FOL
3225,672,filterLoc,out,Evacuee 213 in triage category G is not assigned a helicopter
3225,672,filterLoc,,
3225,673,evacuee,,Evacuee;213;in triage state;G;is entering the FOL
3225,972,filterLoc,out,Evacuee 209 in triage category G is not assigned a helicopter
3225,972,filterLoc,,
3225,973,evacuee,,Evacuee;209;in triage state;G;is entering the FOL
3225,1020,filterLoc,out,Evacuee 220 in triage category G is not assigned a helicopter
3225,1020,filterLoc,,
3225,1021,evacuee,,Evacuee;220;in triage state;G;is entering the FOL
3225,1095,filterLoc,out,Evacuee 212 in triage category G is not assigned a helicopter
3225,1095,filterLoc,,
3225,1096,evacuee,,Evacuee;212;in triage state;G;is entering the FOL
3225,1328,filterLoc,out,Evacuee 203 in triage category G is not assigned a helicopter
3225,1328,filterLoc,,
3225,1329,evacuee,,Evacuee;203;in triage state;G;is entering the FOL
3225,1388,filterLoc,out,Evacuee 201 in triage category G is not assigned a helicopter
3225,1388,filterLoc,,
3225,1389,evacuee,,Evacuee;201;in triage state;G;is entering the FOL
3225,1394,filterLoc,out,Evacuee 202 in triage category G is not assigned a helicopter
3225,1394,filterLoc,,
3225,1395,evacuee,,Evacuee;202;in triage state;G;is entering the FOL
3225,1400,filterLoc,out,Evacuee 204 in triage category G is not assigned a helicopter
3225,1400,filterLoc,,
3225,1401,evacuee,,Evacuee;204;in triage state;G;is entering the FOL
3225,1406,filterLoc,out,Evacuee 205 in triage category G is not assigned a helicopter
3225,1406,filterLoc,,
3225,1407,evacuee,,Evacuee;205;in triage state;G;is entering the FOL
3225,227,FOL,,;EvacueeID;4;Triage Status;G;EvacueeID;7;Triage Status;G;EvacueeID;10;Triage Status;G;EvacueeID;11;Triage Status;G;EvacueeID;13;Triage Status;G;EvacueeID;14;Triage Status;G;EvacueeID;15;Triage Status;G;EvacueeID;17;Triage Status;G;EvacueeID;18;Triage Status;G;EvacueeID;19;Triage Status;G;EvacueeID;23;Triage Status;G;EvacueeID;24;Triage Status;G;EvacueeID;26;Triage Status;G;EvacueeID;28;Triage Status;G;EvacueeID;29;Triage Status;G;EvacueeID;32;Triage Status;G;EvacueeID;37;Triage Status;G;EvacueeID;45;Triage Status;G;EvacueeID;48;Triage Status;G;EvacueeID;50;Triage Status;G;EvacueeID;54;Triage Status;G;EvacueeID;55;Triage Status;G;EvacueeID;58;Triage Status;G;EvacueeID;60;Triage Status;G;EvacueeID;65;Triage Status;G;EvacueeID;67;Triage Status;G;EvacueeID;73;Triage Status;G;EvacueeID;75;Triage Status;G;EvacueeID;77;Triage Status;G;EvacueeID;78;Triage Status;G;EvacueeID;82;Triage Status;G;EvacueeID;85;Triage Status;G;EvacueeID;95;Triage Status;G;EvacueeID;98;Triage Status;G;EvacueeID;99;Triage Status;G;EvacueeID;100;Triage Status;G;EvacueeID;101;Triage Status;G;EvacueeID;109;Triage Status;G;EvacueeID;112;Triage Status;G;EvacueeID;114;Triage Status;G;EvacueeID;123;Triage Status;G;EvacueeID;125;Triage Status;G;EvacueeID;126;Triage Status;G;EvacueeID;142;Triage Status;G;EvacueeID;144;Triage Status;G;EvacueeID;147;Triage Status;G;EvacueeID;153;Triage Status;G;EvacueeID;156;Triage Status;G;EvacueeID;158;Triage Status;G;EvacueeID;159;Triage Status;G;EvacueeID;161;Triage Status;G;EvacueeID;174;Triage Status;G;EvacueeID;177;Triage Status;G;EvacueeID;179;Triage Status;G;EvacueeID;181;Triage Status;G;EvacueeID;183;Triage Status;G;EvacueeID;184;Triage Status;G;EvacueeID;187;Triage Status;G;EvacueeID;190;Triage Status;G;EvacueeID;200;Triage Status;G;EvacueeID;201;Triage Status;G;EvacueeID;202;Triage Status;G;EvacueeID;203;Triage Status;G;EvacueeID;204;Triage Status;G;EvacueeID;205;Triage Status;G;EvacueeID;209;Triage Status;G;EvacueeID;212;Triage Status;G;EvacueeID;213;Triage Status;G;EvacueeID;215;Triage Status;G;EvacueeID;220;Triage Status;G;Lives Saved;70
3225,522,evacuee,outFOL,Evacuee 215 in triage category G is not assigned a helicopter
3225,522,evacuee,,Evacuee;215;in triage state;G;is at the FOL
3225,673,evacuee,outFOL,Evacuee 213 in triage category G is not assigned a helicopter
3225,673,evacuee,,Evacuee;213;in triage state;G;is at the FOL
3225,973,evacuee,outFOL,Evacuee 209 in triage category G is not assigned a helicopter
3225,973,evacuee,,Evacuee;209;in triage state;G;is at the FOL
3225,1021,evacuee,outFOL,Evacuee 220 in triage category G is not assigned a helicopter
3225,1021,evacuee,,Evacuee;220;in triage state;G;is at the FOL
3225,1096,evacuee,outFOL,Evacuee 212 in triage category G is not assigned a helicopter
3225,1096,evacuee,,Evacuee;212;in triage state;G;is at the FOL
3225,1329,evacuee,outFOL,Evacuee 203 in triage category G is not assigned a helicopter
3225,1329,evacuee,,Evacuee;203;in triage state;G;is at the FOL
3225,1389,evacuee,outFOL,Evacuee 201 in triage category G is not assigned a helicopter
3225,1389,evacuee,,Evacuee;201;in triage state;G;is at the FOL
3225,1395,evacuee,outFOL,Evacuee 202 in triage category G is not assigned a helicopter
3225,1395,evacuee,,Evacuee;202;in triage state;G;is at the FOL
3225,1401,evacuee,outFOL,Evacuee 204 in triage category G is not assigned a helicopter
3225,1401,evacuee,,Evacuee;204;in triage state;G;is at the FOL
3225,1407,evacuee,outFOL,Evacuee 205 in triage category G is not assigned a helicopter
3225,1407,evacuee,,Evacuee;205;in triage state;G;is at the FOL
3225,227,FOL,,;EvacueeID;4;Triage Status;G;EvacueeID;7;Triage Status;G;EvacueeID;10;Triage Status;G;EvacueeID;11;Triage Status;G;EvacueeID;13;Triage Status;G;EvacueeID;14;Triage Status;G;EvacueeID;15;Triage Status;G;EvacueeID;17;Triage Status;G;EvacueeID;18;Triage Status;G;EvacueeID;19;Triage Status;G;EvacueeID;23;Triage Status;G;EvacueeID;24;Triage Status;G;EvacueeID;26;Triage Status;G;EvacueeID;28;Triage Status;G;EvacueeID;29;Triage Status;G;EvacueeID;32;Triage Status;G;EvacueeID;37;Triage Status;G;EvacueeID;45;Triage Status;G;EvacueeID;48;Triage Status;G;EvacueeID;50;Triage Status;G;EvacueeID;54;Triage Status;G;EvacueeID;55;Triage Status;G;EvacueeID;58;Triage Status;G;EvacueeID;60;Triage Status;G;EvacueeID;65;Triage Status;G;EvacueeID;67;Triage Status;G;EvacueeID;73;Triage Status;G;EvacueeID;75;Triage Status;G;EvacueeID;77;Triage Status;G;EvacueeID;78;Triage Status;G;EvacueeID;82;Triage Status;G;EvacueeID;85;Triage Status;G;EvacueeID;95;Triage Status;G;EvacueeID;98;Triage Status;G;EvacueeID;99;Triage Status;G;EvacueeID;100;Triage Status;G;EvacueeID;101;Triage Status;G;EvacueeID;109;Triage Status;G;EvacueeID;112;Triage Status;G;EvacueeID;114;Triage Status;G;EvacueeID;123;Triage Status;G;EvacueeID;125;Triage Status;G;EvacueeID;126;Triage Status;G;EvacueeID;142;Triage Status;G;EvacueeID;144;Triage Status;G;EvacueeID;147;Triage Status;G;EvacueeID;153;Triage Status;G;EvacueeID;156;Triage Status;G;EvacueeID;158;Triage Status;G;EvacueeID;159;Triage Status;G;EvacueeID;161;Triage Status;G;EvacueeID;174;Triage Status;G;EvacueeID;177;Triage Status;G;EvacueeID;179;Triage Status;G;EvacueeID;181;Triage Status;G;EvacueeID;183;Triage Status;G;EvacueeID;184;Triage Status;G;EvacueeID;187;Triage Status;G;EvacueeID;190;Triage Status;G;EvacueeID;200;Triage Status;G;EvacueeID;201;Triage Status;G;EvacueeID;202;Triage Status;G;EvacueeID;203;Triage Status;G;EvacueeID;204;Triage Status;G;EvacueeID;205;Triage Status;G;EvacueeID;209;Triage Status;G;EvacueeID;212;Triage Status;G;EvacueeID;213;Triage Status;G;EvacueeID;215;Triage Status;G;EvacueeID;220;Triage Status;G;Lives Saved;70
3225.19,3,evacueeManager,,OFF SHIP: White;0;Green;61;Yellow;27;Red;8;Black;314;ON SHIP: White;0;Green;0;Yellow;0;Red;0;Evacuees to Transfer;
3225.19,1012,evacuee,outES,Evacuee 72 in triage category R is not assigned a helicopter
3225.19,1012,evacuee,,Evacuee;72;in triage state;B;is at the evacuation site
3234.96,3,evacueeManager,,OFF SHIP: White;0;Green;60;Yellow;28;Red;8;Black;314;ON SHIP: White;0;Green;0;Yellow;0;Red;0;Evacuees to Transfer;
3234.96,369,evacuee,outES,Evacuee 293 in triage category G is not assigned a helicopter
3234.96,369,evacuee,,Evacuee;293;in triage state;Y;is at the evacuation site
3240,5,helicopterQueue,,1;Helos are waiting to land;HeloID;1
3240,574,helicopter,,Helicopter;5;Is going to the evacuation site;;and has;0;spots taken
3240,1173,helicopter,outES,Helicopter 1 is evacuating people1
3240,1173,helicopter,,Helicopter;1;is waiting to land at the evacuation site;;and has;0;spots taken
3240,4,helipadManager,,;No helos are at ES
3240,5,helicopterQueue,outHM,Helicopter 1 is evacuating people1
3240,5,helicopterQueue,outHelo,Helicopter 1 is evacuating people1
3240,5,helicopterQueue,,;No helos are waiting to land
3240,8,filterES,,
3240,108,filterES,,
3240,293,filterES,,
3240,573,filterES,,
3240,1132,filterES,,
3240,1172,filterES,,Helicopter;1;is evacuating people
3240,3,evacueeManager,,OFF SHIP: White;0;Green;50;Yellow;28;Red;8;Black;314;ON SHIP: White;0;Green;0;Yellow;0;Red;0;Evacuees to Transfer;;EvacueeID;290;HeloID;1;OnShip;0;Triage Status;G;EvacueeID;291;HeloID;1;OnShip;0;Triage Status;G;EvacueeID;292;HeloID;1;OnShip;0;Triage Status;G;EvacueeID;299;HeloID;1;OnShip;0;Triage Status;G;EvacueeID;300;HeloID;1;OnShip;0;Triage Status;G;EvacueeID;302;HeloID;1;OnShip;0;Triage Status;G;EvacueeID;322;HeloID;1;OnShip;0;Triage Status;G;EvacueeID;323;HeloID;1;OnShip;0;Triage Status;G;EvacueeID;324;HeloID;1;OnShip;0;Triage Status;G;EvacueeID;325;HeloID;1;OnShip;0;Triage Status;G
3240,4,helipadManager,outEM,Helicopter 1 is evacuating people1
3240,4,helipadManager,,Helo;1;is at the ES
3240,1172,filterES,out,Helicopter 1 is evacuating people1
3240,1172,filterES,,
3240,1173,helicopter,,Helicopter;1;is waiting to land at the evacuation site;;and has;0;spots taken
3240,3,evacueeManager,outEvac,Evacuee 290 in triage category G is assigned helicopter 1
3240,3,evacueeManager,outEvac,Evacuee 291 in triage category G is assigned helicopter 1
3240,3,evacueeManager,outEvac,Evacuee 292 in triage category G is assigned helicopter 1
3240,3,evacueeManager,outEvac,Evacuee 299 in triage category G is assigned helicopter 1
3240,3,evacueeManager,outEvac,Evacuee 300 in triage category G is assigned helicopter 1
3240,3,evacueeManager,outEvac,Evacuee 302 in triage category G is assigned helicopter 1
3240,3,evacueeManager,outEvac,Evacuee 322 in triage category G is assigned helicopter 1
3240,3,evacueeManager,outEvac,Evacuee 323 in triage category G is assigned helicopter 1
3240,3,evacueeManager,outEvac,Evacuee 324 in triage category G is assigned helicopter 1
3240,3,evacueeManager,outEvac,Evacuee 325 in triage category G is assigned helicopter 1
3240,3,evacueeManager,,OFF SHIP: White;0;Green;50;Yellow;28;Red;8;Black;314;ON SHIP: White;0;Green;0;Yellow;0;Red;0;Evacuees to Transfer;
3240,11,filterLoc,,
3240,14,filterLoc,,
3240,17,filterLoc,,
3240,20,filterLoc,,
3240,23,filterLoc,,
3240,26,filterLoc,,
3240,29,filterLoc,,
3240,32,filterLoc,,
3240,35,filterLoc,,
3240,38,filterLoc,,
3240,41,filterLoc,,
3240,44,filterLoc,,
3240,47,filterLoc,,
3240,50,filterLoc,,
3240,53,filterLoc,,
3240,56,filterLoc,,
3240,59,filterLoc,,
3240,62,filterLoc,,
3240,65,filterLoc,,
3240,68,filterLoc,,
3240,71,filterLoc,,
3240,74,filterLoc,,
3240,77,filterLoc,,
3240,80,filterLoc,,
3240,83,filterLoc,,
3240,86,filterLoc,,
3240,89,filterLoc,,
3240,92,filterLoc,,
3240,95,filterLoc,,
3240,98,filterLoc,,
3240,101,filterLoc,,
3240,104,filterLoc,,
3240,111,filterLoc,,
3240,114,filterLoc,,
3240,117,filterLoc,,
3240,120,filterLoc,,
3240,123,filterLoc,,
3240,126,filterLoc,,
3240,129,filterLoc,,
3240,132,filterLoc,,
3240,135,filterLoc,,
3240,138,filterLoc,,
3240,141,filterLoc,,
3240,144,filterLoc,,
3240,147,filterLoc,,
3240,150,filterLoc,,
3240,153,filterLoc,,
3240,156,filterLoc,,
3240,159,filterLoc,,
3240,162,filterLoc,,
3240,165,filterLoc,,
3240,168,filterLoc,,
3240,171,filterLoc,,
3240,174,filterLoc,,
3240,177,filterLoc,,
3240,180,filterLoc,,
3240,183,filterLoc,,
3240,186,filterLoc,,
3240,189,filterLoc,,
3240,192,filterLoc,,
3240,195,filterLoc,,
3240,198,filterLoc,,
3240,201,filterLoc,,
3240,204,filterLoc,,
3240,207,filterLoc,,
3240,210,filterLoc,,
3240,213,filterLoc,,
3240,216,filterLoc,,
3240,219,filterLoc,,
3240,222,filterLoc,,
3240,225,filterLoc,,
3240,229,filterLoc,,
3240,232,filterLoc,,
3240,235,filterLoc,,
3240,238,filterLoc,,
3240,241,filterLoc,,
3240,244,filterLoc,,
3240,247,filterLoc,,
3240,250,filterLoc,,
3240,253,filterLoc,,
3240,256,filterLoc,,
3240,259,filterLoc,,
3240,262,filterLoc,,
3240,265,filterLoc,,
3240,268,filterLoc,,
3240,271,filterLoc,,
3240,274,filterLoc,,
3240,277,filterLoc,,
3240,280,filterLoc,,
3240,283,filterLoc,,
3240,286,filterLoc,,
3240,289,filterLoc,,
3240,296,filterLoc,,
3240,299,filterLoc,,
3240,302,filterLoc,,
3240,305,filterLoc,,
3240,308,filterLoc,,
3240,311,filterLoc,,;Evacuee;325;in triage category;G;is entering helicopter;1
3240,314,filterLoc,,
3240,317,filterLoc,,;Evacuee;322;in triage category;G;is entering helicopter;1
3240,320,filterLoc,,
3240,323,filterLoc,,
3240,326,filterLoc,,
3240,329,filterLoc,,
3240,332,filterLoc,,
3240,335,filterLoc,,
3240,338,filterLoc,,
3240,341,filterLoc,,
3240,344,filterLoc,,
3240,347,filterLoc,,
3240,350,filterLoc,,
3240,353,filterLoc,,
3240,356,filterLoc,,
3240,359,filterLoc,,
3240,362,filterLoc,,
3240,365,filterLoc,,
3240,368,filterLoc,,
3240,371,filterLoc,,
3240,374,filterLoc,,
3240,377,filterLoc,,;Evacuee;292;in triage category;G;is entering helicopter;1
3240,380,filterLoc,,;Evacuee;291;in triage category;G;is entering helicopter;1
3240,383,filterLoc,,;Evacuee;290;in triage category;G;is entering helicopter;1
3240,386,filterLoc,,
3240,389,filterLoc,,
3240,392,filterLoc,,
3240,395,filterLoc,,
3240,398,filterLoc,,
3240,401,filterLoc,,
3240,404,filterLoc,,
3240,407,filterLoc,,
3240,410,filterLoc,,
3240,413,filterLoc,,
3240,416,filterLoc,,
3240,419,filterLoc,,
3240,422,filterLoc,,
3240,425,filterLoc,,
3240,428,filterLoc,,
3240,431,filterLoc,,
3240,434,filterLoc,,
3240,437,filterLoc,,
3240,440,filterLoc,,
3240,443,filterLoc,,
3240,446,filterLoc,,
3240,449,filterLoc,,
3240,452,filterLoc,,
3240,455,filterLoc,,
3240,458,filterLoc,,
3240,461,filterLoc,,
3240,464,filterLoc,,
3240,467,filterLoc,,
3240,470,filterLoc,,
3240,473,filterLoc,,
3240,476,filterLoc,,
3240,479,filterLoc,,
3240,482,filterLoc,,
3240,485,filterLoc,,
3240,488,filterLoc,,
3240,491,filterLoc,,
3240,494,filterLoc,,
3240,497,filterLoc,,
3240,500,filterLoc,,
3240,503,filterLoc,,
3240,506,filterLoc,,
3240,509,filterLoc,,
3240,512,filterLoc,,
3240,515,filterLoc,,
3240,518,filterLoc,,
3240,521,filterLoc,,
3240,524,filterLoc,,
3240,527,filterLoc,,;Evacuee;302;in triage category;G;is entering helicopter;1
3240,530,filterLoc,,
3240,533,filterLoc,,;Evacuee;299;in triage category;G;is entering helicopter;1
3240,536,filterLoc,,
3240,539,filterLoc,,
3240,542,filterLoc,,
3240,545,filterLoc,,
3240,548,filterLoc,,
3240,551,filterLoc,,
3240,554,filterLoc,,
3240,557,filterLoc,,
3240,560,filterLoc,,
3240,563,filterLoc,,
3240,566,filterLoc,,
3240,569,filterLoc,,
3240,576,filterLoc,,
3240,579,filterLoc,,
3240,582,filterLoc,,
3240,585,filterLoc,,
3240,588,filterLoc,,
3240,591,filterLoc,,
3240,594,filterLoc,,
3240,597,filterLoc,,
3240,600,filterLoc,,
3240,603,filterLoc,,;Evacuee;324;in triage category;G;is entering helicopter;1
3240,606,filterLoc,,
3240,609,filterLoc,,
3240,612,filterLoc,,
3240,615,filterLoc,,
3240,618,filterLoc,,
3240,621,filterLoc,,
3240,624,filterLoc,,
3240,627,filterLoc,,
3240,630,filterLoc,,
3240,633,filterLoc,,
3240,636,filterLoc,,
3240,639,filterLoc,,
3240,642,filterLoc,,
3240,645,filterLoc,,
3240,648,filterLoc,,
3240,651,filterLoc,,
3240,654,filterLoc,,
3240,657,filterLoc,,
3240,660,filterLoc,,
3240,663,filterLoc,,
3240,666,filterLoc,,
3240,669,filterLoc,,
3240,672,filterLoc,,
3240,675,filterLoc,,
3240,678,filterLoc,,
3240,681,filterLoc,,
3240,684,filterLoc,,;Evacuee;300;in triage category;G;is entering helicopter;1
3240,687,filterLoc,,
3240,690,filterLoc,,
3240,693,filterLoc,,
3240,696,filterLoc,,
3240,699,filterLoc,,
3240,702,filterLoc,,
3240,705,filterLoc,,
3240,708,filterLoc,,
3240,711,filterLoc,,
3240,714,filterLoc,,
3240,717,filterLoc,,
3240,720,filterLoc,,
3240,723,filterLoc,,
3240,726,filterLoc,,
3240,729,filterLoc,,
3240,732,filterLoc,,
3240,735,filterLoc,,
3240,738,filterLoc,,
3240,741,filterLoc,,
3240,744,filterLoc,,
3240,747,filterLoc,,
3240,750,filterLoc,,
3240,753,filterLoc,,
3240,756,filterLoc,,
3240,759,filterLoc,,
3240,762,filterLoc,,
3240,765,filterLoc,,
3240,768,filterLoc,,
3240,771,filterLoc,,
3240,774,filterLoc,,
3240,777,filterLoc,,
3240,780,filterLoc,,
3240,783,filterLoc,,
3240,786,filterLoc,,
3240,789,filterLoc,,
3240,792,filterLoc,,
3240,795,filterLoc,,
3240,798,filterLoc,,
3240,801,filterLoc,,
3240,804,filterLoc,,
3240,807,filterLoc,,
3240,810,filterLoc,,
3240,813,filterLoc,,
3240,816,filterLoc,,
3240,819,filterLoc,,
3240,822,filterLoc,,
3240,825,filterLoc,,
3240,828,filterLoc,,
3240,831,filterLoc,,
3240,834,filterLoc,,
3240,837,filterLoc,,
3240,840,filterLoc,,
3240,843,filterLoc,,
3240,846,filterLoc,,
3240,849,filterLoc,,
3240,852,filterLoc,,
3240,855,filterLoc,,
3240,858,filterLoc,,
3240,861,filterLoc,,
3240,864,filterLoc,,
3240,867,filterLoc,,
3240,870,filterLoc,,
3240,873,filterLoc,,
3240,876,filterLoc,,
3240,879,filterLoc,,
3240,882,filterLoc,,
3240,885,filterLoc,,
3240,888,filterLoc,,
3240,891,filterLoc,,
3240,894,filterLoc,,
3240,897,filterLoc,,
3240,900,filterLoc,,
3240,903,filterLoc,,
3240,906,filterLoc,,
3240,909,filterLoc,,
3240,912,filterLoc,,
3240,915,filterLoc,,
3240,918,filterLoc,,
3240,921,filterLoc,,
3240,924,filterLoc,,
3240,927,filterLoc,,
3240,930,filterLoc,,
3240,933,filterLoc,,
3240,936,filterLoc,,
3240,939,filterLoc,,
3240,942,filterLoc,,
3240,945,filterLoc,,
3240,948,filterLoc,,
3240,951,filterLoc,,
3240,954,filterLoc,,
3240,957,filterLoc,,
3240,960,filterLoc,,
3240,963,filterLoc,,
3240,966,filterLoc,,
3240,969,filterLoc,,
3240,972,filterLoc,,
3240,975,filterLoc,,
3240,978,filterLoc,,
3240,981,filterLoc,,
3240,984,filterLoc,,
3240,987,filterLoc,,
3240,990,filterLoc,,
3240,993,filterLoc,,
3240,996,filterLoc,,
3240,999,filterLoc,,
3240,1002,filterLoc,,
3240,1005,filterLoc,,
3240,1008,filterLoc,,
3240,1011,filterLoc,,
3240,1014,filterLoc,,
3240,1017,filterLoc,,
3240,1020,filterLoc,,
3240,1023,filterLoc,,
3240,1026,filterLoc,,
3240,1029,filterLoc,,
3240,1032,filterLoc,,
3240,1035,filterLoc,,
3240,1038,filterLoc,,
3240,1041,filterLoc,,
3240,1044,filterLoc,,
3240,1047,filterLoc,,
3240,1050,filterLoc,,
3240,1053,filterLoc,,
3240,1056,filterLoc,,
3240,1059,filterLoc,,
3240,1062,filterLoc,,
3240,1065,filterLoc,,
3240,1068,filterLoc,,
3240,1071,filterLoc,,
3240,1074,filterLoc,,
3240,1077,filterLoc,,
3240,1080,filterLoc,,
3240,1083,filterLoc,,
3240,1086,filterLoc,,
3240,1089,filterLoc,,
3240,1092,filterLoc,,
3240,1095,filterLoc,,
3240,1098,filterLoc,,
3240,1101,filterLoc,,
3240,1104,filterLoc,,
3240,1107,filterLoc,,
3240,1110,filterLoc,,
3240,1113,filterLoc,,
3240,1116,filterLoc,,
3240,1119,filterLoc,,
3240,1122,filterLoc,,
3240,1125,filterLoc,,
3240,1128,filterLoc,,
3240,1135,filterLoc,,
3240,1138,filterLoc,,
3240,1141,filterLoc,,
3240,1144,filterLoc,,
3240,1147,filterLoc,,
3240,1150,filterLoc,,
3240,1153,filterLoc,,
3240,1156,filterLoc,,
3240,1159,filterLoc,,
3240,1162,filterLoc,,
3240,1165,filterLoc,,
3240,1168,filterLoc,,
3240,1173,helicopter,,Helicopter;1;is loading people at the evacuation site;;and has;0;spots taken
3240,1175,filterLoc,,
3240,1178,filterLoc,,
3240,1181,filterLoc,,
3240,1184,filterLoc,,
3240,1187,filterLoc,,
3240,1190,filterLoc,,
3240,1193,filterLoc,,
3240,1196,filterLoc,,
3240,1199,filterLoc,,
3240,1202,filterLoc,,
3240,1205,filterLoc,,
3240,1208,filterLoc,,
3240,1211,filterLoc,,
3240,1214,filterLoc,,
3240,1217,filterLoc,,
3240,1220,filterLoc,,
3240,1223,filterLoc,,
3240,1226,filterLoc,,
3240,1229,filterLoc,,
3240,1232,filterLoc,,
3240,1235,filterLoc,,
3240,1238,filterLoc,,
3240,1241,filterLoc,,
3240,1244,filterLoc,,
3240,1247,filterLoc,,
3240,1250,filterLoc,,
3240,1253,filterLoc,,
3240,1256,filterLoc,,
3240,1259,filterLoc,,
3240,1262,filterLoc,,
3240,1265,filterLoc,,
3240,1268,filterLoc,,
3240,1271,filterLoc,,
3240,1274,filterLoc,,
3240,1277,filterLoc,,
3240,1280,filterLoc,,
3240,1283,filterLoc,,
3240,1286,filterLoc,,
3240,1289,filterLoc,,
3240,1292,filterLoc,,
3240,1295,filterLoc,,
3240,1298,filterLoc,,
3240,1301,filterLoc,,
3240,1304,filterLoc,,
3240,1307,filterLoc,,
3240,1310,filterLoc,,
3240,1313,filterLoc,,
3240,1316,filterLoc,,
3240,1319,filterLoc,,
3240,1322,filterLoc,,
3240,1325,filterLoc,,
3240,1328,filterLoc,,
3240,1331,filterLoc,,
3240,1334,filterLoc,,
3240,1337,filterLoc,,
3240,1340,filterLoc,,
3240,1343,filterLoc,,
3240,1346,filterLoc,,
3240,1349,filterLoc,,
3240,1352,filterLoc,,
3240,1355,filterLoc,,
3240,1358,filterLoc,,
3240,1361,filterLoc,,
3240,1364,filterLoc,,
3240,1367,filterLoc,,
3240,1370,filterLoc,,
3240,1373,filterLoc,,
3240,1376,filterLoc,,
3240,1379,filterLoc,,
3240,1382,filterLoc,,
3240,1385,filterLoc,,
3240,1388,filterLoc,,
3240,1391,filterLoc,,
3240,1394,filterLoc,,
3240,1397,filterLoc,,
3240,1400,filterLoc,,
3240,1403,filterLoc,,
3240,1406,filterLoc,,
3240,1409,filterLoc,,;Evacuee;323;in triage category;G;is entering helicopter;1
3240,1412,filterLoc,,
3240,1415,filterLoc,,
3240,1418,filterLoc,,
3240,1421,filterLoc,,
3240,1424,filterLoc,,
3240,1427,filterLoc,,
3240,1430,filterLoc,,
3240,1433,filterLoc,,
3240,1436,filterLoc,,
3240,1439,filterLoc,,
3240,1442,filterLoc,,
3240,1445,filterLoc,,
3240,1448,filterLoc,,
3240,1451,filterLoc,,
3240,1454,filterLoc,,
3240,1457,filterLoc,,
3240,1460,filterLoc,,
3240,1463,filterLoc,,
3240,1466,filterLoc,,
3240,1469,filterLoc,,
3240,1472,filterLoc,,
3240,1475,filterLoc,,
3240,1478,filterLoc,,
3240,1481,filterLoc,,
3240,1484,filterLoc,,
3240,1487,filterLoc,,
3240,1490,filterLoc,,
3240,1493,filterLoc,,
3240,1496,filterLoc,,
3240,1499,filterLoc,,
3240,1502,filterLoc,,
3240,1505,filterLoc,,
3240,1508,filterLoc,,
3240,1511,filterLoc,,
3240,1514,filterLoc,,
3240,1517,filterLoc,,
3240,1520,filterLoc,,
3240,1523,filterLoc,,
3240,1526,filterLoc,,
3240,1529,filterLoc,,
3240,311,filterLoc,out,Evacuee 325 in triage category G is assigned helicopter 1
3240,311,filterLoc,,
3240,312,evacuee,,Evacuee;325;in triage state;G;is entering helicopter;1
3240,317,filterLoc,out,Evacuee 322 in triage category G is assigned helicopter 1
3240,317,filterLoc,,
3240,318,evacuee,,Evacuee;322;in triage state;G;is entering helicopter;1
3240,377,filterLoc,out,Evacuee 292 in triage category G is assigned helicopter 1
3240,377,filterLoc,,
3240,378,evacuee,,Evacuee;292;in triage state;G;is entering helicopter;1
3240,380,filterLoc,out,Evacuee 291 in triage category G is assigned helicopter 1
3240,380,filterLoc,,
3240,381,evacuee,,Evacuee;291;in triage state;G;is entering helicopter;1
3240,383,filterLoc,out,Evacuee 290 in triage category G is assigned helicopter 1
3240,383,filterLoc,,
3240,384,evacuee,,Evacuee;290;in triage state;G;is entering helicopter;1
3240,527,filterLoc,out,Evacuee 302 in triage category G is assigned helicopter 1
3240,527,filterLoc,,
3240,528,evacuee,,Evacuee;302;in triage state;G;is entering helicopter;1
3240,533,filterLoc,out,Evacuee 299 in triage category G is assigned helicopter 1
3240,533,filterLoc,,
3240,534,evacuee,,Evacuee;299;in triage state;G;is entering helicopter;1
3240,603,filterLoc,out,Evacuee 324 in triage category G is assigned helicopter 1
3240,603,filterLoc,,
3240,604,evacuee,,Evacuee;324;in triage state;G;is entering helicopter;1
3240,684,filterLoc,out,Evacuee 300 in triage category G is assigned helicopter 1
3240,684,filterLoc,,
3240,685,evacuee,,Evacuee;300;in triage state;G;is entering helicopter;1
3240,1409,filterLoc,out,Evacuee 323 in triage category G is assigned helicopter 1
3240,1409,filterLoc,,
3240,1410,evacuee,,Evacuee;323;in triage state;G;is entering helicopter;1
3240,7,filterEvac,,
3240,107,filterEvac,,
3240,292,filterEvac,,
3240,312,evacuee,outHelo,Evacuee 325 in triage category G is assigned helicopter 1
3240,312,evacuee,,Evacuee;325;in triage state;G;is in helicopter;1
3240,318,evacuee,outHelo,Evacuee 322 in triage category G is assigned helicopter 1
3240,318,evacuee,,Evacuee;322;in triage state;G;is in helicopter;1
3240,378,evacuee,outHelo,Evacuee 292 in triage category G is assigned helicopter 1
3240,378,evacuee,,Evacuee;292;in triage state;G;is in helicopter;1
3240,381,evacuee,outHelo,Evacuee 291 in triage category G is assigned helicopter 1
3240,381,evacuee,,Evacuee;291;in triage state;G;is in helicopter;1
3240,384,evacuee,outHelo,Evacuee 290 in triage category G is assigned helicopter 1
3240,384,evacuee,,Evacuee;290;in triage state;G;is in helicopter;1
3240,528,evacuee,outHelo,Evacuee 302 in triage category G is assigned helicopter 1
3240,528,evacuee,,Evacuee;302;in triage state;G;is in helicopter;1
3240,534,evacuee,outHelo,Evacuee 299 in triage category G is assigned helicopter 1
3240,534,evacuee,,Evacuee;299;in triage state;G;is in helicopter;1
3240,572,filterEvac,,
3240,604,evacuee,outHelo,Evacuee 324 in triage category G is assigned helicopter 1
3240,604,evacuee,,Evacuee;324;in triage state;G;is in helicopter;1
3240,685,evacuee,outHelo,Evacuee 300 in triage category G is assigned helicopter 1
3240,685,evacuee,,Evacuee;300;in triage state;G;is in helicopter;1
3240,1131,filterEvac,,
3240,1171,filterEvac,,;Evacuee;290;in triage category;G;is entering helicopter;1;Evacuee;291;in triage category;G;is entering helicopter;1;Evacuee;292;in triage category;G;is entering helicopter;1;Evacuee;299;in triage category;G;is entering helicopter;1;Evacuee;300;in triage category;G;is entering helicopter;1;Evacuee;302;in triage category;G;is entering helicopter;1;Evacuee;322;in triage category;G;is entering helicopter;1;Evacuee;323;in triage category;G;is entering helicopter;1;Evacuee;324;in triage category;G;is entering helicopter;1;Evacuee;325;in triage category;G;is entering helicopter;1
3240,1410,evacuee,outHelo,Evacuee 323 in triage category G is assigned helicopter 1
3240,1410,evacuee,,Evacuee;323;in triage state;G;is in helicopter;1
3240,1171,filterEvac,out,Evacuee 290 in triage category G is assigned helicopter 1
3240,1171,filterEvac,out,Evacuee 291 in triage category G is assigned helicopter 1
3240,1171,filterEvac,out,Evacuee 292 in triage category G is assigned helicopter 1
3240,1171,filterEvac,out,Evacuee 299 in triage category G is assigned helicopter 1
3240,1171,filterEvac,out,Evacuee 300 in triage category G is assigned helicopter 1
3240,1171,filterEvac,out,Evacuee 302 in triage category G is assigned helicopter 1
3240,1171,filterEvac,out,Evacuee 322 in triage category G is assigned helicopter 1
3240,1171,filterEvac,out,Evacuee 323 in triage category G is assigned helicopter 1
3240,1171,filterEvac,out,Evacuee 324 in triage category G is assigned helicopter 1
3240,1171,filterEvac,out,Evacuee 325 in triage category G is assigned helicopter 1
3240,1171,filterEvac,,
3240,1173,helicopter,,Helicopter;1;is loading people at the evacuation site;;and has;10;spots taken
3240.18,3,evacueeManager,,OFF SHIP: White;0;Green;50;Yellow;27;Red;9;Black;314;ON SHIP: White;0;Green;0;Yellow;0;Red;0;Evacuees to Transfer;
3240.18,943,evacuee,outES,Evacuee 31 in triage category Y is not assigned a helicopter
3240.18,943,evacuee,,Evacuee;31;in triage state;R;is at the evacuation site
3242.39,3,evacueeManager,,OFF SHIP: White;0;Green;50;Yellow;27;Red;8;Black;315;ON SHIP: White;0;Green;0;Yellow;0;Red;0;Evacuees to Transfer;
3242.39,139,evacuee,outES,Evacuee 422 in triage category R is not assigned a helicopter
3242.39,139,evacuee,,Evacuee;422;in triage state;B;is at the evacuation site
3255,4,helipadManager,outHelo,Helicopter 1 is evacuating people1
3255,4,helipadManager,,;No helos are at ES
3255,5,helicopterQueue,,1;Helos are waiting to land;HeloID;4
3255,8,filterES,,
3255,108,filterES,,
3255,293,filterES,,
3255,294,helicopter,outES,Helicopter 4 is evacuating people4
3255,294,helicopter,,Helicopter;4;is waiting to land at the evacuation site;;and has;0;spots taken
3255,573,filterES,,
3255,1132,filterES,,
3255,1172,filterES,,Helicopter;1;is evacuating people
3255,4,helipadManager,outHQ,0
3255,4,helipadManager,,;No helos are at ES
3255,5,helicopterQueue,,1;Helos are waiting to land;HeloID;4
3255,1172,filterES,out,Helicopter 1 is evacuating people1
3255,1172,filterES,,
3255,1173,helicopter,,Helicopter;1;is loading people at the evacuation site;;and has;10;spots taken
3255,4,helipadManager,,;No helos are at ES
3255,5,helicopterQueue,outHM,Helicopter 4 is evacuating people4
3255,5,helicopterQueue,outHelo,Helicopter 4 is evacuating people4
3255,5,helicopterQueue,,;No helos are waiting to land
3255,8,filterES,,
3255,108,filterES,,
3255,293,filterES,,Helicopter;4;is evacuating people
3255,573,filterES,,
3255,1132,filterES,,
3255,1172,filterES,,
3255,1173,helicopter,,Helicopter;1;is returning to the FOL;;and has;10;spots taken
3255,3,evacueeManager,,OFF SHIP: White;0;Green;40;Yellow;27;Red;8;Black;315;ON SHIP: White;0;Green;0;Yellow;0;Red;0;Evacuees to Transfer;;EvacueeID;326;HeloID;4;OnShip;0;Triage Status;G;EvacueeID;327;HeloID;4;OnShip;0;Triage Status;G;EvacueeID;343;HeloID;4;OnShip;0;Triage Status;G;EvacueeID;344;HeloID;4;OnShip;0;Triage Status;G;EvacueeID;345;HeloID;4;OnShip;0;Triage Status;G;EvacueeID;350;HeloID;4;OnShip;0;Triage Status;G;EvacueeID;355;HeloID;4;OnShip;0;Triage Status;G;EvacueeID;356;HeloID;4;OnShip;0;Triage Status;G;EvacueeID;361;HeloID;4;OnShip;0;Triage Status;G;EvacueeID;362;HeloID;4;OnShip;0;Triage Status;G
3255,4,helipadManager,outEM,Helicopter 4 is evacuating people4
3255,4,helipadManager,,Helo;4;is at the ES
3255,293,filterES,out,Helicopter 4 is evacuating people4
3255,293,filterES,,
3255,294,helicopter,,Helicopter;4;is waiting to land at the evacuation site;;and has;0;spots taken
3255,3,evacueeManager,outEvac,Evacuee 326 in triage category G is assigned helicopter 4
3255,3,evacueeManager,outEvac,Evacuee 327 in triage category G is assigned helicopter 4
3255,3,evacueeManager,outEvac,Evacuee 343 in triage category G is assigned helicopter 4
3255,3,evacueeManager,outEvac,Evacuee 344 in triage category G is assigned helicopter 4
3255,3,evacueeManager,outEvac,Evacuee 345 in triage category G is assigned helicopter 4
3255,3,evacueeManager,outEvac,Evacuee 350 in triage category G is assigned helicopter 4
3255,3,evacueeManager,outEvac,Evacuee 355 in triage category G is assigned helicopter 4
3255,3,evacueeManager,outEvac,Evacuee 356 in triage category G is assigned helicopter 4
3255,3,evacueeManager,outEvac,Evacuee 361 in triage category G is assigned helicopter 4
3255,3,evacueeManager,outEvac,Evacuee 362 in triage category G is assigned helicopter 4
3255,3,evacueeManager,,OFF SHIP: White;0;Green;40;Yellow;27;Red;8;Black;315;ON SHIP: White;0;Green;0;Yellow;0;Red;0;Evacuees to Transfer;
3255,11,filterLoc,,
3255,14,filterLoc,,
3255,17,filterLoc,,
3255,20,filterLoc,,
3255,23,filterLoc,,
3255,26,filterLoc,,
3255,29,filterLoc,,
3255,32,filterLoc,,
3255,35,filterLoc,,
3255,38,filterLoc,,
3255,41,filterLoc,,
3255,44,filterLoc,,
3255,47,filterLoc,,
3255,50,filterLoc,,
3255,53,filterLoc,,
3255,56,filterLoc,,
3255,59,filterLoc,,
3255,62,filterLoc,,
3255,65,filterLoc,,
3255,68,filterLoc,,
3255,71,filterLoc,,
3255,74,filterLoc,,
3255,77,filterLoc,,
3255,80,filterLoc,,
3255,83,filterLoc,,
3255,86,filterLoc,,
3255,89,filterLoc,,
3255,92,filterLoc,,
3255,95,filterLoc,,
3255,98,filterLoc,,
3255,101,filterLoc,,
3255,104,filterLoc,,
3255,111,filterLoc,,
3255,114,filterLoc,,
3255,117,filterLoc,,
3255,120,filterLoc,,
3255,123,filterLoc,,
3255,126,filterLoc,,
3255,129,filterLoc,,
3255,132,filterLoc,,
3255,135,filterLoc,,
3255,138,filterLoc,,
3255,141,filterLoc,,
3255,144,filterLoc,,
3255,147,filterLoc,,
3255,150,filterLoc,,
3255,153,filterLoc,,
3255,156,filterLoc,,
3255,159,filterLoc,,
3255,162,filterLoc,,
3255,165,filterLoc,,
3255,168,filterLoc,,
3255,171,filterLoc,,
3255,174,filterLoc,,
3255,177,filterLoc,,
3255,180,filterLoc,,
3255,183,filterLoc,,
3255,186,filterLoc,,
3255,189,filterLoc,,
3255,192,filterLoc,,
3255,195,filterLoc,,
3255,198,filterLoc,,
3255,201,filterLoc,,
3255,204,filterLoc,,
3255,207,filterLoc,,
3255,210,filterLoc,,
3255,213,filterLoc,,
3255,216,filterLoc,,
3255,219,filterLoc,,
3255,222,filterLoc,,
3255,225,filterLoc,,
3255,229,filterLoc,,
3255,232,filterLoc,,
3255,235,filterLoc,,
3255,238,filterLoc,,
3255,241,filterLoc,,;Evacuee;362;in triage category;G;is entering helicopter;4
3255,244,filterLoc,,
3255,247,filterLoc,,
3255,250,filterLoc,,
3255,253,filterLoc,,
3255,256,filterLoc,,
3255,259,filterLoc,,
3255,262,filterLoc,,
3255,265,filterLoc,,
3255,268,filterLoc,,
3255,271,filterLoc,,
3255,274,filterLoc,,
3255,277,filterLoc,,
3255,280,filterLoc,,
3255,283,filterLoc,,
3255,286,filterLoc,,
3255,289,filterLoc,,
3255,294,helicopter,,Helicopter;4;is loading people at the evacuation site;;and has;0;spots taken
3255,296,filterLoc,,
3255,299,filterLoc,,;Evacuee;327;in triage category;G;is entering helicopter;4
3255,302,filterLoc,,
3255,305,filterLoc,,;Evacuee;326;in triage category;G;is entering helicopter;4
3255,308,filterLoc,,
3255,311,filterLoc,,
3255,314,filterLoc,,
3255,317,filterLoc,,
3255,320,filterLoc,,
3255,323,filterLoc,,
3255,326,filterLoc,,
3255,329,filterLoc,,
3255,332,filterLoc,,
3255,335,filterLoc,,
3255,338,filterLoc,,
3255,341,filterLoc,,
3255,344,filterLoc,,
3255,347,filterLoc,,
3255,350,filterLoc,,
3255,353,filterLoc,,
3255,356,filterLoc,,
3255,359,filterLoc,,
3255,362,filterLoc,,
3255,365,filterLoc,,
3255,368,filterLoc,,
3255,371,filterLoc,,
3255,374,filterLoc,,
3255,377,filterLoc,,
3255,380,filterLoc,,
3255,383,filterLoc,,
3255,386,filterLoc,,;Evacuee;350;in triage category;G;is entering helicopter;4
3255,389,filterLoc,,
3255,392,filterLoc,,
3255,395,filterLoc,,
3255,398,filterLoc,,
3255,401,filterLoc,,
3255,404,filterLoc,,
3255,407,filterLoc,,
3255,410,filterLoc,,
3255,413,filterLoc,,
3255,416,filterLoc,,
3255,419,filterLoc,,
3255,422,filterLoc,,
3255,425,filterLoc,,
3255,428,filterLoc,,
3255,431,filterLoc,,
3255,434,filterLoc,,
3255,437,filterLoc,,
3255,440,filterLoc,,
3255,443,filterLoc,,
3255,446,filterLoc,,
3255,449,filterLoc,,
3255,452,filterLoc,,
3255,455,filterLoc,,
3255,458,filterLoc,,
3255,461,filterLoc,,
3255,464,filterLoc,,
3255,467,filterLoc,,
3255,470,filterLoc,,
3255,473,filterLoc,,
3255,476,filterLoc,,
3255,479,filterLoc,,
3255,482,filterLoc,,
3255,485,filterLoc,,
3255,488,filterLoc,,
3255,491,filterLoc,,
3255,494,filterLoc,,
3255,497,filterLoc,,
3255,500,filterLoc,,
3255,503,filterLoc,,
3255,506,filterLoc,,
3255,509,filterLoc,,
3255,512,filterLoc,,
3255,515,filterLoc,,
3255,518,filterLoc,,
3255,521,filterLoc,,
3255,524,filterLoc,,;Evacuee;345;in triage category;G;is entering helicopter;4
3255,527,filterLoc,,
3255,530,filterLoc,,
3255,533,filterLoc,,
3255,536,filterLoc,,
3255,539,filterLoc,,
3255,542,filterLoc,,
3255,545,filterLoc,,
3255,548,filterLoc,,
3255,551,filterLoc,,
3255,554,filterLoc,,
3255,557,filterLoc,,
3255,560,filterLoc,,
3255,563,filterLoc,,
3255,566,filterLoc,,
3255,569,filterLoc,,
3255,576,filterLoc,,
3255,579,filterLoc,,
3255,582,filterLoc,,
3255,585,filterLoc,,
3255,588,filterLoc,,
3255,591,filterLoc,,
3255,594,filterLoc,,
3255,597,filterLoc,,
3255,600,filterLoc,,
3255,603,filterLoc,,
3255,606,filterLoc,,
3255,609,filterLoc,,
3255,612,filterLoc,,;Evacuee;361;in triage category;G;is entering helicopter;4
3255,615,filterLoc,,
3255,618,filterLoc,,
3255,621,filterLoc,,
3255,624,filterLoc,,
3255,627,filterLoc,,
3255,630,filterLoc,,
3255,633,filterLoc,,
3255,636,filterLoc,,
3255,639,filterLoc,,
3255,642,filterLoc,,
3255,645,filterLoc,,
3255,648,filterLoc,,
3255,651,filterLoc,,
3255,654,filterLoc,,
3255,657,filterLoc,,
3255,660,filterLoc,,
3255,663,filterLoc,,
3255,666,filterLoc,,;Evacuee;356;in triage category;G;is entering helicopter;4
3255,669,filterLoc,,
3255,672,filterLoc,,
3255,675,filterLoc,,;Evacuee;344;in triage category;G;is entering helicopter;4
3255,678,filterLoc,,
3255,681,filterLoc,,
3255,684,filterLoc,,
3255,687,filterLoc,,
3255,690,filterLoc,,
3255,693,filterLoc,,
3255,696,filterLoc,,
3255,699,filterLoc,,
3255,702,filterLoc,,
3255,705,filterLoc,,
3255,708,filterLoc,,
3255,711,filterLoc,,
3255,714,filterLoc,,
3255,717,filterLoc,,
3255,720,filterLoc,,
3255,723,filterLoc,,
3255,726,filterLoc,,
3255,729,filterLoc,,
3255,732,filterLoc,,
3255,735,filterLoc,,
3255,738,filterLoc,,
3255,741,filterLoc,,
3255,744,filterLoc,,
3255,747,filterLoc,,
3255,750,filterLoc,,
3255,753,filterLoc,,
3255,756,filterLoc,,
3255,759,filterLoc,,
3255,762,filterLoc,,
3255,765,filterLoc,,
3255,768,filterLoc,,
3255,771,filterLoc,,
3255,774,filterLoc,,
3255,777,filterLoc,,
3255,780,filterLoc,,
3255,783,filterLoc,,
3255,786,filterLoc,,
3255,789,filterLoc,,
3255,792,filterLoc,,
3255,795,filterLoc,,
3255,798,filterLoc,,
3255,801,filterLoc,,
3255,804,filterLoc,,
3255,807,filterLoc,,
3255,810,filterLoc,,
3255,813,filterLoc,,
3255,816,filterLoc,,
3255,819,filterLoc,,
3255,822,filterLoc,,
3255,825,filterLoc,,
3255,828,filterLoc,,
3255,831,filterLoc,,
3255,834,filterLoc,,
3255,837,filterLoc,,
3255,840,filterLoc,,
3255,843,filterLoc,,
3255,846,filterLoc,,
3255,849,filterLoc,,
3255,852,filterLoc,,
3255,855,filterLoc,,
3255,858,filterLoc,,
3255,861,filterLoc,,
3255,864,filterLoc,,
3255,867,filterLoc,,
3255,870,filterLoc,,
3255,873,filterLoc,,
3255,876,filterLoc,,
3255,879,filterLoc,,
3255,882,filterLoc,,
3255,885,filterLoc,,
3255,888,filterLoc,,
3255,891,filterLoc,,
3255,894,filterLoc,,
3255,897,filterLoc,,
3255,900,filterLoc,,
3255,903,filterLoc,,
3255,906,filterLoc,,
3255,909,filterLoc,,
3255,912,filterLoc,,
3255,915,filterLoc,,
3255,918,filterLoc,,
3255,921,filterLoc,,
3255,924,filterLoc,,
3255,927,filterLoc,,
3255,930,filterLoc,,
3255,933,filterLoc,,
3255,936,filterLoc,,
3255,939,filterLoc,,
3255,942,filterLoc,,
3255,945,filterLoc,,
3255,948,filterLoc,,
3255,951,filterLoc,,
3255,954,filterLoc,,;Evacuee;343;in triage category;G;is entering helicopter;4
3255,957,filterLoc,,
3255,960,filterLoc,,
3255,963,filterLoc,,
3255,966,filterLoc,,
3255,969,filterLoc,,
3255,972,filterLoc,,
3255,975,filterLoc,,
3255,978,filterLoc,,
3255,981,filterLoc,,
3255,984,filterLoc,,
3255,987,filterLoc,,
3255,990,filterLoc,,
3255,993,filterLoc,,
3255,996,filterLoc,,
3255,999,filterLoc,,
3255,1002,filterLoc,,
3255,1005,filterLoc,,
3255,1008,filterLoc,,
3255,1011,filterLoc,,
3255,1014,filterLoc,,
3255,1017,filterLoc,,
3255,1020,filterLoc,,
3255,1023,filterLoc,,;Evacuee;355;in triage category;G;is entering helicopter;4
3255,1026,filterLoc,,
3255,1029,filterLoc,,
3255,1032,filterLoc,,
3255,1035,filterLoc,,
3255,1038,filterLoc,,
3255,1041,filterLoc,,
3255,1044,filterLoc,,
3255,1047,filterLoc,,
3255,1050,filterLoc,,
3255,1053,filterLoc,,
3255,1056,filterLoc,,
3255,1059,filterLoc,,
3255,1062,filterLoc,,
3255,1065,filterLoc,,
3255,1068,filterLoc,,
3255,1071,filterLoc,,
3255,1074,filterLoc,,
3255,1077,filterLoc,,
3255,1080,filterLoc,,
3255,1083,filterLoc,,
3255,1086,filterLoc,,
3255,1089,filterLoc,,
3255,1092,filterLoc,,
3255,1095,filterLoc,,
3255,1098,filterLoc,,
3255,1101,filterLoc,,
3255,1104,filterLoc,,
3255,1107,filterLoc,,
3255,1110,filterLoc,,
3255,1113,filterLoc,,
3255,1116,filterLoc,,
3255,1119,filterLoc,,
3255,1122,filterLoc,,
3255,1125,filterLoc,,
3255,1128,filterLoc,,
3255,1135,filterLoc,,
3255,1138,filterLoc,,
3255,1141,filterLoc,,
3255,1144,filterLoc,,
3255,1147,filterLoc,,
3255,1150,filterLoc,,
3255,1153,filterLoc,,
3255,1156,filterLoc,,
3255,1159,filterLoc,,
3255,1162,filterLoc,,
3255,1165,filterLoc,,
3255,1168,filterLoc,,
3255,1175,filterLoc,,
3255,1178,filterLoc,,
3255,1181,filterLoc,,
3255,1184,filterLoc,,
3255,1187,filterLoc,,
3255,1190,filterLoc,,
3255,1193,filterLoc,,
3255,1196,filterLoc,,
3255,1199,filterLoc,,
3255,1202,filterLoc,,
3255,1205,filterLoc,,
3255,1208,filterLoc,,
3255,1211,filterLoc,,
3255,1214,filterLoc,,
3255,1217,filterLoc,,
3255,1220,filterLoc,,
3255,1223,filterLoc,,
3255,1226,filterLoc,,
3255,1229,filterLoc,,
3255,1232,filterLoc,,
3255,1235,filterLoc,,
3255,1238,filterLoc,,
3255,1241,filterLoc,,
3255,1244,filterLoc,,
3255,1247,filterLoc,,
3255,1250,filterLoc,,
3255,1253,filterLoc,,
3255,1256,filterLoc,,
3255,1259,filterLoc,,
3255,1262,filterLoc,,
3255,1265,filterLoc,,
3255,1268,filterLoc,,
3255,1271,filterLoc,,
3255,1274,filterLoc,,
3255,1277,filterLoc,,
3255,1280,filterLoc,,
3255,1283,filterLoc,,
3255,1286,filterLoc,,
3255,1289,filterLoc,,
3255,1292,filterLoc,,
3255,1295,filterLoc,,
3255,1298,filterLoc,,
3255,1301,filterLoc,,
3255,1304,filterLoc,,
3255,1307,filterLoc,,
3255,1310,filterLoc,,
3255,1313,filterLoc,,
3255,1316,filterLoc,,
3255,1319,filterLoc,,
3255,1322,filterLoc,,
3255,1325,filterLoc,,
3255,1328,filterLoc,,
3255,1331,filterLoc,,
3255,1334,filterLoc,,
3255,1337,filterLoc,,
3255,1340,filterLoc,,
3255,1343,filterLoc,,
3255,1346,filterLoc,,
3255,1349,filterLoc,,
3255,1352,filterLoc,,
3255,1355,filterLoc,,
3255,1358,filterLoc,,
3255,1361,filterLoc,,
3255,1364,filterLoc,,
3255,1367,filterLoc,,
3255,1370,filterLoc,,
3255,1373,filterLoc,,
3255,1376,filterLoc,,
3255,1379,filterLoc,,
3255,1382,filterLoc,,
3255,1385,filterLoc,,
3255,1388,filterLoc,,
3255,1391,filterLoc,,
3255,1394,filterLoc,,
3255,1397,filterLoc,,
3255,1400,filterLoc,,
3255,1403,filterLoc,,
3255,1406,filterLoc,,
3255,1409,filterLoc,,
3255,1412,filterLoc,,
3255,1415,filterLoc,,
3255,1418,filterLoc,,
3255,1421,filterLoc,,
3255,1424,filterLoc,,
3255,1427,filterLoc,,
3255,1430,filterLoc,,
3255,1433,filterLoc,,
3255,1436,filterLoc,,
3255,1439,filterLoc,,
3255,1442,filterLoc,,
3255,1445,filterLoc,,
3255,1448,filterLoc,,
3255,1451,filterLoc,,
3255,1454,filterLoc,,
3255,1457,filterLoc,,
3255,1460,filterLoc,,
3255,1463,filterLoc,,
3255,1466,filterLoc,,
3255,1469,filterLoc,,
3255,1472,filterLoc,,
3255,1475,filterLoc,,
3255,1478,filterLoc,,
3255,1481,filterLoc,,
3255,1484,filterLoc,,
3255,1487,filterLoc,,
3255,1490,filterLoc,,
3255,1493,filterLoc,,
3255,1496,filterLoc,,
3255,1499,filterLoc,,
3255,1502,filterLoc,,
3255,1505,filterLoc,,
3255,1508,filterLoc,,
3255,1511,filterLoc,,
3255,1514,filterLoc,,
3255,1517,filterLoc,,
3255,1520,filterLoc,,
3255,1523,filterLoc,,
3255,1526,filterLoc,,
3255,1529,filterLoc,,
3255,241,filterLoc,out,Evacuee 362 in triage category G is assigned helicopter 4
3255,241,filterLoc,,
3255,242,evacuee,,Evacuee;362;in triage state;G;is entering helicopter;4
3255,299,filterLoc,out,Evacuee 327 in triage category G is assigned helicopter 4
3255,299,filterLoc,,
3255,300,evacuee,,Evacuee;327;in triage state;G;is entering helicopter;4
3255,305,filterLoc,out,Evacuee 326 in triage category G is assigned helicopter 4
3255,305,filterLoc,,
3255,306,evacuee,,Evacuee;326;in triage state;G;is entering helicopter;4
3255,386,filterLoc,out,Evacuee 350 in triage category G is assigned helicopter 4
3255,386,filterLoc,,
3255,387,evacuee,,Evacuee;350;in triage state;G;is entering helicopter;4
3255,524,filterLoc,out,Evacuee 345 in triage category G is assigned helicopter 4
3255,524,filterLoc,,
3255,525,evacuee,,Evacuee;345;in triage state;G;is entering helicopter;4
3255,612,filterLoc,out,Evacuee 361 in triage category G is assigned helicopter 4
3255,612,filterLoc,,
3255,613,evacuee,,Evacuee;361;in triage state;G;is entering helicopter;4
3255,666,filterLoc,out,Evacuee 356 in triage category G is assigned helicopter 4
3255,666,filterLoc,,
3255,667,evacuee,,Evacuee;356;in triage state;G;is entering helicopter;4
3255,675,filterLoc,out,Evacuee 344 in triage category G is assigned helicopter 4
3255,675,filterLoc,,
3255,676,evacuee,,Evacuee;344;in triage state;G;is entering helicopter;4
3255,954,filterLoc,out,Evacuee 343 in triage category G is assigned helicopter 4
3255,954,filterLoc,,
3255,955,evacuee,,Evacuee;343;in triage state;G;is entering helicopter;4
3255,1023,filterLoc,out,Evacuee 355 in triage category G is assigned helicopter 4
3255,1023,filterLoc,,
3255,1024,evacuee,,Evacuee;355;in triage state;G;is entering helicopter;4
3255,7,filterEvac,,
3255,107,filterEvac,,
3255,242,evacuee,outHelo,Evacuee 362 in triage category G is assigned helicopter 4
3255,242,evacuee,,Evacuee;362;in triage state;G;is in helicopter;4
3255,292,filterEvac,,;Evacuee;326;in triage category;G;is entering helicopter;4;Evacuee;327;in triage category;G;is entering helicopter;4;Evacuee;343;in triage category;G;is entering helicopter;4;Evacuee;344;in triage category;G;is entering helicopter;4;Evacuee;345;in triage category;G;is entering helicopter;4;Evacuee;350;in triage category;G;is entering helicopter;4;Evacuee;355;in triage category;G;is entering helicopter;4;Evacuee;356;in triage category;G;is entering helicopter;4;Evacuee;361;in triage category;G;is entering helicopter;4;Evacuee;362;in triage category;G;is entering helicopter;4
3255,300,evacuee,outHelo,Evacuee 327 in triage category G is assigned helicopter 4
3255,300,evacuee,,Evacuee;327;in triage state;G;is in helicopter;4
3255,306,evacuee,outHelo,Evacuee 326 in triage category G is assigned helicopter 4
3255,306,evacuee,,Evacuee;326;in triage state;G;is in helicopter;4
3255,387,evacuee,outHelo,Evacuee 350 in triage category G is assigned helicopter 4
3255,387,evacuee,,Evacuee;350;in triage state;G;is in helicopter;4
3255,525,evacuee,outHelo,Evacuee 345 in triage category G is assigned helicopter 4
3255,525,evacuee,,Evacuee;345;in triage state;G;is in helicopter;4
3255,572,filterEvac,,
3255,613,evacuee,outHelo,Evacuee 361 in triage category G is assigned helicopter 4
3255,613,evacuee,,Evacuee;361;in triage state;G;is in helicopter;4
3255,667,evacuee,outHelo,Evacuee 356 in triage category G is assigned helicopter 4
3255,667,evacuee,,Evacuee;356;in triage state;G;is in helicopter;4
3255,676,evacuee,outHelo,Evacuee 344 in triage category G is assigned helicopter 4
3255,676,evacuee,,Evacuee;344;in triage state;G;is in helicopter;4
3255,955,evacuee,outHelo,Evacuee 343 in triage category G is assigned helicopter 4
3255,955,evacuee,,Evacuee;343;in triage state;G;is in helicopter;4
3255,1024,evacuee,outHelo,Evacuee 355 in triage category G is assigned helicopter 4
3255,1024,evacuee,,Evacuee;355;in triage state;G;is in helicopter;4
3255,1131,filterEvac,,
3255,1171,filterEvac,,
3255,292,filterEvac,out,Evacuee 326 in triage category G is assigned helicopter 4
3255,292,filterEvac,out,Evacuee 327 in triage category G is assigned helicopter 4
3255,292,filterEvac,out,Evacuee 343 in triage category G is assigned helicopter 4
3255,292,filterEvac,out,Evacuee 344 in triage category G is assigned helicopter 4
3255,292,filterEvac,out,Evacuee 345 in triage category G is assigned helicopter 4
3255,292,filterEvac,out,Evacuee 350 in triage category G is assigned helicopter 4
3255,292,filterEvac,out,Evacuee 355 in triage category G is assigned helicopter 4
3255,292,filterEvac,out,Evacuee 356 in triage category G is assigned helicopter 4
3255,292,filterEvac,out,Evacuee 361 in triage category G is assigned helicopter 4
3255,292,filterEvac,out,Evacuee 362 in triage category G is assigned helicopter 4
3255,292,filterEvac,,
3255,294,helicopter,,Helicopter;4;is loading people at the evacuation site;;and has;10;spots taken
3270,4,helipadManager,outHelo,Helicopter 4 is evacuating people4
3270,4,helipadManager,,;No helos are at ES
3270,8,filterES,,
3270,11,filterLoc,,
3270,14,filterLoc,,
3270,17,filterLoc,,
3270,20,filterLoc,,
3270,23,filterLoc,,
3270,26,filterLoc,,
3270,29,filterLoc,,
3270,32,filterLoc,,
3270,35,filterLoc,,
3270,38,filterLoc,,
3270,41,filterLoc,,
3270,44,filterLoc,,
3270,47,filterLoc,,
3270,50,filterLoc,,
3270,53,filterLoc,,
3270,56,filterLoc,,
3270,59,filterLoc,,
3270,62,filterLoc,,
3270,65,filterLoc,,
3270,68,filterLoc,,
3270,71,filterLoc,,
3270,74,filterLoc,,
3270,77,filterLoc,,
3270,80,filterLoc,,
3270,83,filterLoc,,
3270,86,filterLoc,,
3270,89,filterLoc,,
3270,92,filterLoc,,
3270,95,filterLoc,,
3270,98,filterLoc,,
3270,101,filterLoc,,
3270,104,filterLoc,,
3270,108,filterES,,
3270,109,helicopter,outEvac,Evacuee 226 in triage category G is not assigned a helicopter
3270,109,helicopter,outEvac,Evacuee 227 in triage category G is not assigned a helicopter
3270,109,helicopter,outEvac,Evacuee 232 in triage category G is not assigned a helicopter
3270,109,helicopter,outEvac,Evacuee 233 in triage category G is not assigned a helicopter
3270,109,helicopter,outEvac,Evacuee 234 in triage category G is not assigned a helicopter
3270,109,helicopter,outEvac,Evacuee 236 in triage category G is not assigned a helicopter
3270,109,helicopter,outEvac,Evacuee 241 in triage category G is not assigned a helicopter
3270,109,helicopter,outEvac,Evacuee 246 in triage category G is not assigned a helicopter
3270,109,helicopter,outEvac,Evacuee 255 in triage category G is not assigned a helicopter
3270,109,helicopter,outEvac,Evacuee 259 in triage category G is not assigned a helicopter
3270,109,helicopter,,Helicopter;3;is unloading people at the FOL;;and has;0;spots taken
3270,111,filterLoc,,
3270,114,filterLoc,,
3270,117,filterLoc,,
3270,120,filterLoc,,
3270,123,filterLoc,,
3270,126,filterLoc,,
3270,129,filterLoc,,
3270,132,filterLoc,,
3270,135,filterLoc,,
3270,138,filterLoc,,
3270,141,filterLoc,,
3270,144,filterLoc,,
3270,147,filterLoc,,
3270,150,filterLoc,,
3270,153,filterLoc,,
3270,156,filterLoc,,
3270,159,filterLoc,,
3270,162,filterLoc,,
3270,165,filterLoc,,
3270,168,filterLoc,,
3270,171,filterLoc,,
3270,174,filterLoc,,
3270,177,filterLoc,,
3270,180,filterLoc,,
3270,183,filterLoc,,
3270,186,filterLoc,,
3270,189,filterLoc,,
3270,192,filterLoc,,
3270,195,filterLoc,,
3270,198,filterLoc,,
3270,201,filterLoc,,
3270,204,filterLoc,,
3270,207,filterLoc,,
3270,210,filterLoc,,
3270,213,filterLoc,,
3270,216,filterLoc,,
3270,219,filterLoc,,
3270,222,filterLoc,,
3270,225,filterLoc,,
3270,229,filterLoc,,
3270,232,filterLoc,,
3270,235,filterLoc,,
3270,238,filterLoc,,
3270,241,filterLoc,,
3270,244,filterLoc,,
3270,247,filterLoc,,
3270,250,filterLoc,,
3270,253,filterLoc,,
3270,256,filterLoc,,
3270,259,filterLoc,,
3270,262,filterLoc,,
3270,265,filterLoc,,
3270,268,filterLoc,,
3270,271,filterLoc,,
3270,274,filterLoc,,
3270,277,filterLoc,,
3270,280,filterLoc,,
3270,283,filterLoc,,
3270,286,filterLoc,,
3270,289,filterLoc,,
3270,293,filterES,,Helicopter;4;is evacuating people
3270,296,filterLoc,,
3270,299,filterLoc,,
3270,302,filterLoc,,
3270,305,filterLoc,,
3270,308,filterLoc,,
3270,311,filterLoc,,
3270,314,filterLoc,,
3270,317,filterLoc,,
3270,320,filterLoc,,
3270,323,filterLoc,,
3270,326,filterLoc,,
3270,329,filterLoc,,
3270,332,filterLoc,,
3270,335,filterLoc,,
3270,338,filterLoc,,
3270,341,filterLoc,,
3270,344,filterLoc,,
3270,347,filterLoc,,
3270,350,filterLoc,,
3270,353,filterLoc,,
3270,356,filterLoc,,
3270,359,filterLoc,,
3270,362,filterLoc,,
3270,365,filterLoc,,
3270,368,filterLoc,,
3270,371,filterLoc,,
3270,374,filterLoc,,
3270,377,filterLoc,,
3270,380,filterLoc,,
3270,383,filterLoc,,
3270,386,filterLoc,,
3270,389,filterLoc,,
3270,392,filterLoc,,
3270,395,filterLoc,,
3270,398,filterLoc,,
3270,401,filterLoc,,
3270,404,filterLoc,,
3270,407,filterLoc,,
3270,410,filterLoc,,
3270,413,filterLoc,,
3270,416,filterLoc,,
3270,419,filterLoc,,
3270,422,filterLoc,,
3270,425,filterLoc,,
3270,428,filterLoc,,
3270,431,filterLoc,,
3270,434,filterLoc,,
3270,437,filterLoc,,
3270,440,filterLoc,,
3270,443,filterLoc,,
3270,446,filterLoc,,
3270,449,filterLoc,,
3270,452,filterLoc,,
3270,455,filterLoc,,
3270,458,filterLoc,,;Evacuee;259;in triage category;G;is leaving helicopter;3
3270,461,filterLoc,,
3270,464,filterLoc,,
3270,467,filterLoc,,
3270,470,filterLoc,,
3270,473,filterLoc,,
3270,476,filterLoc,,
3270,479,filterLoc,,
3270,482,filterLoc,,
3270,485,filterLoc,,
3270,488,filterLoc,,
3270,491,filterLoc,,
3270,494,filterLoc,,
3270,497,filterLoc,,
3270,500,filterLoc,,
3270,503,filterLoc,,
3270,506,filterLoc,,
3270,509,filterLoc,,
3270,512,filterLoc,,
3270,515,filterLoc,,
3270,518,filterLoc,,
3270,521,filterLoc,,
3270,524,filterLoc,,
3270,527,filterLoc,,
3270,530,filterLoc,,
3270,533,filterLoc,,
3270,536,filterLoc,,
3270,539,filterLoc,,
3270,542,filterLoc,,
3270,545,filterLoc,,
3270,548,filterLoc,,
3270,551,filterLoc,,
3270,554,filterLoc,,
3270,557,filterLoc,,
3270,560,filterLoc,,
3270,563,filterLoc,,
3270,566,filterLoc,,
3270,569,filterLoc,,
3270,573,filterES,,
3270,576,filterLoc,,
3270,579,filterLoc,,
3270,582,filterLoc,,
3270,585,filterLoc,,
3270,588,filterLoc,,
3270,591,filterLoc,,
3270,594,filterLoc,,
3270,597,filterLoc,,
3270,600,filterLoc,,
3270,603,filterLoc,,
3270,606,filterLoc,,
3270,609,filterLoc,,
3270,612,filterLoc,,
3270,615,filterLoc,,
3270,618,filterLoc,,
3270,621,filterLoc,,
3270,624,filterLoc,,
3270,627,filterLoc,,
3270,630,filterLoc,,
3270,633,filterLoc,,
3270,636,filterLoc,,
3270,639,filterLoc,,
3270,642,filterLoc,,
3270,645,filterLoc,,
3270,648,filterLoc,,
3270,651,filterLoc,,
3270,654,filterLoc,,
3270,657,filterLoc,,
3270,660,filterLoc,,
3270,663,filterLoc,,
3270,666,filterLoc,,
3270,669,filterLoc,,
3270,672,filterLoc,,
3270,675,filterLoc,,
3270,678,filterLoc,,
3270,681,filterLoc,,
3270,684,filterLoc,,
3270,687,filterLoc,,
3270,690,filterLoc,,
3270,693,filterLoc,,
3270,696,filterLoc,,
3270,699,filterLoc,,
3270,702,filterLoc,,
3270,705,filterLoc,,
3270,708,filterLoc,,
3270,711,filterLoc,,
3270,714,filterLoc,,
3270,717,filterLoc,,
3270,720,filterLoc,,
3270,723,filterLoc,,
3270,726,filterLoc,,
3270,729,filterLoc,,
3270,732,filterLoc,,
3270,735,filterLoc,,
3270,738,filterLoc,,
3270,741,filterLoc,,
3270,744,filterLoc,,
3270,747,filterLoc,,
3270,750,filterLoc,,
3270,753,filterLoc,,
3270,756,filterLoc,,
3270,759,filterLoc,,
3270,762,filterLoc,,
3270,765,filterLoc,,
3270,768,filterLoc,,
3270,771,filterLoc,,
3270,774,filterLoc,,
3270,777,filterLoc,,
3270,780,filterLoc,,
3270,783,filterLoc,,
3270,786,filterLoc,,
3270,789,filterLoc,,
3270,792,filterLoc,,
3270,795,filterLoc,,
3270,798,filterLoc,,
3270,801,filterLoc,,
3270,804,filterLoc,,
3270,807,filterLoc,,
3270,810,filterLoc,,
3270,813,filterLoc,,
3270,816,filterLoc,,
3270,819,filterLoc,,
3270,822,filterLoc,,
3270,825,filterLoc,,
3270,828,filterLoc,,
3270,831,filterLoc,,
3270,834,filterLoc,,
3270,837,filterLoc,,
3270,840,filterLoc,,
3270,843,filterLoc,,
3270,846,filterLoc,,
3270,849,filterLoc,,
3270,852,filterLoc,,
3270,855,filterLoc,,
3270,858,filterLoc,,
3270,861,filterLoc,,
3270,864,filterLoc,,
3270,867,filterLoc,,
3270,870,filterLoc,,
3270,873,filterLoc,,
3270,876,filterLoc,,
3270,879,filterLoc,,
3270,882,filterLoc,,
3270,885,filterLoc,,
3270,888,filterLoc,,
3270,891,filterLoc,,
3270,894,filterLoc,,
3270,897,filterLoc,,;Evacuee;246;in triage category;G;is leaving helicopter;3
3270,900,filterLoc,,
3270,903,filterLoc,,
3270,906,filterLoc,,
3270,909,filterLoc,,
3270,912,filterLoc,,
3270,915,filterLoc,,
3270,918,filterLoc,,
3270,921,filterLoc,,
3270,924,filterLoc,,
3270,927,filterLoc,,
3270,930,filterLoc,,
3270,933,filterLoc,,
3270,936,filterLoc,,
3270,939,filterLoc,,
3270,942,filterLoc,,
3270,945,filterLoc,,
3270,948,filterLoc,,
3270,951,filterLoc,,
3270,954,filterLoc,,
3270,957,filterLoc,,;Evacuee;241;in triage category;G;is leaving helicopter;3
3270,960,filterLoc,,
3270,963,filterLoc,,
3270,966,filterLoc,,
3270,969,filterLoc,,
3270,972,filterLoc,,
3270,975,filterLoc,,
3270,978,filterLoc,,
3270,981,filterLoc,,
3270,984,filterLoc,,
3270,987,filterLoc,,
3270,990,filterLoc,,
3270,993,filterLoc,,
3270,996,filterLoc,,
3270,999,filterLoc,,
3270,1002,filterLoc,,
3270,1005,filterLoc,,
3270,1008,filterLoc,,
3270,1011,filterLoc,,
3270,1014,filterLoc,,
3270,1017,filterLoc,,
3270,1020,filterLoc,,
3270,1023,filterLoc,,
3270,1026,filterLoc,,
3270,1029,filterLoc,,
3270,1032,filterLoc,,;Evacuee;255;in triage category;G;is leaving helicopter;3
3270,1035,filterLoc,,
3270,1038,filterLoc,,
3270,1041,filterLoc,,
3270,1044,filterLoc,,
3270,1047,filterLoc,,
3270,1050,filterLoc,,
3270,1053,filterLoc,,
3270,1056,filterLoc,,
3270,1059,filterLoc,,
3270,1062,filterLoc,,
3270,1065,filterLoc,,
3270,1068,filterLoc,,
3270,1071,filterLoc,,
3270,1074,filterLoc,,
3270,1077,filterLoc,,
3270,1080,filterLoc,,
3270,1083,filterLoc,,
3270,1086,filterLoc,,
3270,1089,filterLoc,,
3270,1092,filterLoc,,
3270,1095,filterLoc,,
3270,1098,filterLoc,,
3270,1101,filterLoc,,
3270,1104,filterLoc,,
3270,1107,filterLoc,,
3270,1110,filterLoc,,
3270,1113,filterLoc,,
3270,1116,filterLoc,,
3270,1119,filterLoc,,
3270,1122,filterLoc,,
3270,1125,filterLoc,,
3270,1128,filterLoc,,
3270,1132,filterES,,
3270,1135,filterLoc,,
3270,1138,filterLoc,,
3270,1141,filterLoc,,
3270,1144,filterLoc,,
3270,1147,filterLoc,,
3270,1150,filterLoc,,
3270,1153,filterLoc,,
3270,1156,filterLoc,,
3270,1159,filterLoc,,
3270,1162,filterLoc,,
3270,1165,filterLoc,,
3270,1168,filterLoc,,
3270,1172,filterES,,
3270,1175,filterLoc,,
3270,1178,filterLoc,,
3270,1181,filterLoc,,
3270,1184,filterLoc,,
3270,1187,filterLoc,,
3270,1190,filterLoc,,
3270,1193,filterLoc,,
3270,1196,filterLoc,,
3270,1199,filterLoc,,
3270,1202,filterLoc,,
3270,1205,filterLoc,,
3270,1208,filterLoc,,
3270,1211,filterLoc,,
3270,1214,filterLoc,,
3270,1217,filterLoc,,
3270,1220,filterLoc,,
3270,1223,filterLoc,,
3270,1226,filterLoc,,
3270,1229,filterLoc,,
3270,1232,filterLoc,,
3270,1235,filterLoc,,
3270,1238,filterLoc,,
3270,1241,filterLoc,,
3270,1244,filterLoc,,
3270,1247,filterLoc,,
3270,1250,filterLoc,,
3270,1253,filterLoc,,
3270,1256,filterLoc,,
3270,1259,filterLoc,,
3270,1262,filterLoc,,
3270,1265,filterLoc,,;Evacuee;234;in triage category;G;is leaving helicopter;3
3270,1268,filterLoc,,
3270,1271,filterLoc,,
3270,1274,filterLoc,,
3270,1277,filterLoc,,
3270,1280,filterLoc,,
3270,1283,filterLoc,,
3270,1286,filterLoc,,
3270,1289,filterLoc,,
3270,1292,filterLoc,,
3270,1295,filterLoc,,
3270,1298,filterLoc,,
3270,1301,filterLoc,,
3270,1304,filterLoc,,
3270,1307,filterLoc,,
3270,1310,filterLoc,,
3270,1313,filterLoc,,
3270,1316,filterLoc,,
3270,1319,filterLoc,,
3270,1322,filterLoc,,
3270,1325,filterLoc,,
3270,1328,filterLoc,,
3270,1331,filterLoc,,;Evacuee;232;in triage category;G;is leaving helicopter;3
3270,1334,filterLoc,,
3270,1337,filterLoc,,
3270,1340,filterLoc,,
3270,1343,filterLoc,,
3270,1346,filterLoc,,
3270,1349,filterLoc,,
3270,1352,filterLoc,,
3270,1355,filterLoc,,
3270,1358,filterLoc,,
3270,1361,filterLoc,,
3270,1364,filterLoc,,
3270,1367,filterLoc,,
3270,1370,filterLoc,,
3270,1373,filterLoc,,
3270,1376,filterLoc,,
3270,1379,filterLoc,,
3270,1382,filterLoc,,
3270,1385,filterLoc,,
3270,1388,filterLoc,,
3270,1391,filterLoc,,
3270,1394,filterLoc,,
3270,1397,filterLoc,,
3270,1400,filterLoc,,
3270,1403,filterLoc,,
3270,1406,filterLoc,,
3270,1409,filterLoc,,
3270,1412,filterLoc,,
3270,1415,filterLoc,,
3270,1418,filterLoc,,
3270,1421,filterLoc,,
3270,1424,filterLoc,,
3270,1427,filterLoc,,
3270,1430,filterLoc,,
3270,1433,filterLoc,,
3270,1436,filterLoc,,
3270,1439,filterLoc,,
3270,1442,filterLoc,,
3270,1445,filterLoc,,
3270,1448,filterLoc,,
3270,1451,filterLoc,,
3270,1454,filterLoc,,
3270,1457,filterLoc,,
3270,1460,filterLoc,,;Evacuee;226;in triage category;G;is leaving helicopter;3
3270,1463,filterLoc,,
3270,1466,filterLoc,,;Evacuee;227;in triage category;G;is leaving helicopter;3
3270,1469,filterLoc,,
3270,1472,filterLoc,,
3270,1475,filterLoc,,;Evacuee;233;in triage category;G;is leaving helicopter;3
3270,1478,filterLoc,,;Evacuee;236;in triage category;G;is leaving helicopter;3
3270,1481,filterLoc,,
3270,1484,filterLoc,,
3270,1487,filterLoc,,
3270,1490,filterLoc,,
3270,1493,filterLoc,,
3270,1496,filterLoc,,
3270,1499,filterLoc,,
3270,1502,filterLoc,,
3270,1505,filterLoc,,
3270,1508,filterLoc,,
3270,1511,filterLoc,,
3270,1514,filterLoc,,
3270,1517,filterLoc,,
3270,1520,filterLoc,,
3270,1523,filterLoc,,
3270,1526,filterLoc,,
3270,1529,filterLoc,,
3270,4,helipadManager,outHQ,0
3270,4,helipadManager,,;No helos are at ES
3270,5,helicopterQueue,,;No helos are waiting to land
3270,293,filterES,out,Helicopter 4 is evacuating people4
3270,293,filterES,,
3270,294,helicopter,,Helicopter;4;is loading people at the evacuation site;;and has;10;spots taken
3270,458,filterLoc,out,Evacuee 259 in triage category G is not assigned a helicopter
3270,458,filterLoc,,
3270,459,evacuee,,Evacuee;259;in triage state;G;is entering the FOL
3270,897,filterLoc,out,Evacuee 246 in triage category G is not assigned a helicopter
3270,897,filterLoc,,
3270,898,evacuee,,Evacuee;246;in triage state;G;is entering the FOL
3270,957,filterLoc,out,Evacuee 241 in triage category G is not assigned a helicopter
3270,957,filterLoc,,
3270,958,evacuee,,Evacuee;241;in triage state;G;is entering the FOL
3270,1032,filterLoc,out,Evacuee 255 in triage category G is not assigned a helicopter
3270,1032,filterLoc,,
3270,1033,evacuee,,Evacuee;255;in triage state;G;is entering the FOL
3270,1265,filterLoc,out,Evacuee 234 in triage category G is not assigned a helicopter
3270,1265,filterLoc,,
3270,1266,evacuee,,Evacuee;234;in triage state;G;is entering the FOL
3270,1331,filterLoc,out,Evacuee 232 in triage category G is not assigned a helicopter
3270,1331,filterLoc,,
3270,1332,evacuee,,Evacuee;232;in triage state;G;is entering the FOL
3270,1460,filterLoc,out,Evacuee 226 in triage category G is not assigned a helicopter
3270,1460,filterLoc,,
3270,1461,evacuee,,Evacuee;226;in triage state;G;is entering the FOL
3270,1466,filterLoc,out,Evacuee 227 in triage category G is not assigned a helicopter
3270,1466,filterLoc,,
3270,1467,evacuee,,Evacuee;227;in triage state;G;is entering the FOL
3270,1475,filterLoc,out,Evacuee 233 in triage category G is not assigned a helicopter
3270,1475,filterLoc,,
3270,1476,evacuee,,Evacuee;233;in triage state;G;is entering the FOL
3270,1478,filterLoc,out,Evacuee 236 in triage category G is not assigned a helicopter
3270,1478,filterLoc,,
3270,1479,evacuee,,Evacuee;236;in triage state;G;is entering the FOL
3270,5,helicopterQueue,,;No helos are waiting to land
3270,227,FOL,,;EvacueeID;4;Triage Status;G;EvacueeID;7;Triage Status;G;EvacueeID;10;Triage Status;G;EvacueeID;11;Triage Status;G;EvacueeID;13;Triage Status;G;EvacueeID;14;Triage Status;G;EvacueeID;15;Triage Status;G;EvacueeID;17;Triage Status;G;EvacueeID;18;Triage Status;G;EvacueeID;19;Triage Status;G;EvacueeID;23;Triage Status;G;EvacueeID;24;Triage Status;G;EvacueeID;26;Triage Status;G;EvacueeID;28;Triage Status;G;EvacueeID;29;Triage Status;G;EvacueeID;32;Triage Status;G;EvacueeID;37;Triage Status;G;EvacueeID;45;Triage Status;G;EvacueeID;48;Triage Status;G;EvacueeID;50;Triage Status;G;EvacueeID;54;Triage Status;G;EvacueeID;55;Triage Status;G;EvacueeID;58;Triage Status;G;EvacueeID;60;Triage Status;G;EvacueeID;65;Triage Status;G;EvacueeID;67;Triage Status;G;EvacueeID;73;Triage Status;G;EvacueeID;75;Triage Status;G;EvacueeID;77;Triage Status;G;EvacueeID;78;Triage Status;G;EvacueeID;82;Triage Status;G;EvacueeID;85;Triage Status;G;EvacueeID;95;Triage Status;G;EvacueeID;98;Triage Status;G;EvacueeID;99;Triage Status;G;EvacueeID;100;Triage Status;G;EvacueeID;101;Triage Status;G;EvacueeID;109;Triage Status;G;EvacueeID;112;Triage Status;G;EvacueeID;114;Triage Status;G;EvacueeID;123;Triage Status;G;EvacueeID;125;Triage Status;G;EvacueeID;126;Triage Status;G;EvacueeID;142;Triage Status;G;EvacueeID;144;Triage Status;G;EvacueeID;147;Triage Status;G;EvacueeID;153;Triage Status;G;EvacueeID;156;Triage Status;G;EvacueeID;158;Triage Status;G;EvacueeID;159;Triage Status;G;EvacueeID;161;Triage Status;G;EvacueeID;174;Triage Status;G;EvacueeID;177;Triage Status;G;EvacueeID;179;Triage Status;G;EvacueeID;181;Triage Status;G;EvacueeID;183;Triage Status;G;EvacueeID;184;Triage Status;G;EvacueeID;187;Triage Status;G;EvacueeID;190;Triage Status;G;EvacueeID;200;Triage Status;G;EvacueeID;201;Triage Status;G;EvacueeID;202;Triage Status;G;EvacueeID;203;Triage Status;G;EvacueeID;204;Triage Status;G;EvacueeID;205;Triage Status;G;EvacueeID;209;Triage Status;G;EvacueeID;212;Triage Status;G;EvacueeID;213;Triage Status;G;EvacueeID;215;Triage Status;G;EvacueeID;220;Triage Status;G;EvacueeID;226;Triage Status;G;EvacueeID;227;Triage Status;G;EvacueeID;232;Triage Status;G;EvacueeID;233;Triage Status;G;EvacueeID;234;Triage Status;G;EvacueeID;236;Triage Status;G;EvacueeID;241;Triage Status;G;EvacueeID;246;Triage Status;G;EvacueeID;255;Triage Status;G;EvacueeID;259;Triage Status;G;Lives Saved;80
3270,294,helicopter,,Helicopter;4;is returning to the FOL;;and has;10;spots taken
3270,459,evacuee,outFOL,Evacuee 259 in triage category G is not assigned a helicopter
3270,459,evacuee,,Evacuee;259;in triage state;G;is at the FOL
3270,898,evacuee,outFOL,Evacuee 246 in triage category G is not assigned a helicopter
3270,898,evacuee,,Evacuee;246;in triage state;G;is at the FOL
3270,958,evacuee,outFOL,Evacuee 241 in triage category G is not assigned a helicopter
3270,958,evacuee,,Evacuee;241;in triage state;G;is at the FOL
3270,1033,evacuee,outFOL,Evacuee 255 in triage category G is not assigned a helicopter
3270,1033,evacuee,,Evacuee;255;in triage state;G;is at the FOL
3270,1266,evacuee,outFOL,Evacuee 234 in triage category G is not assigned a helicopter
3270,1266,evacuee,,Evacuee;234;in triage state;G;is at the FOL
3270,1332,evacuee,outFOL,Evacuee 232 in triage category G is not assigned a helicopter
3270,1332,evacuee,,Evacuee;232;in triage state;G;is at the FOL
3270,1461,evacuee,outFOL,Evacuee 226 in triage category G is not assigned a helicopter
3270,1461,evacuee,,Evacuee;226;in triage state;G;is at the FOL
3270,1467,evacuee,outFOL,Evacuee 227 in triage category G is not assigned a helicopter
3270,1467,evacuee,,Evacuee;227;in triage state;G;is at the FOL
3270,1476,evacuee,outFOL,Evacuee 233 in triage category G is not assigned a helicopter
3270,1476,evacuee,,Evacuee;233;in triage state;G;is at the FOL
3270,1479,evacuee,outFOL,Evacuee 236 in triage category G is not assigned a helicopter
3270,1479,evacuee,,Evacuee;236;in triage state;G;is at the FOL
3270,227,FOL,,;EvacueeID;4;Triage Status;G;EvacueeID;7;Triage Status;G;EvacueeID;10;Triage Status;G;EvacueeID;11;Triage Status;G;EvacueeID;13;Triage Status;G;EvacueeID;14;Triage Status;G;EvacueeID;15;Triage Status;G;EvacueeID;17;Triage Status;G;EvacueeID;18;Triage Status;G;EvacueeID;19;Triage Status;G;EvacueeID;23;Triage Status;G;EvacueeID;24;Triage Status;G;EvacueeID;26;Triage Status;G;EvacueeID;28;Triage Status;G;EvacueeID;29;Triage Status;G;EvacueeID;32;Triage Status;G;EvacueeID;37;Triage Status;G;EvacueeID;45;Triage Status;G;EvacueeID;48;Triage Status;G;EvacueeID;50;Triage Status;G;EvacueeID;54;Triage Status;G;EvacueeID;55;Triage Status;G;EvacueeID;58;Triage Status;G;EvacueeID;60;Triage Status;G;EvacueeID;65;Triage Status;G;EvacueeID;67;Triage Status;G;EvacueeID;73;Triage Status;G;EvacueeID;75;Triage Status;G;EvacueeID;77;Triage Status;G;EvacueeID;78;Triage Status;G;EvacueeID;82;Triage Status;G;EvacueeID;85;Triage Status;G;EvacueeID;95;Triage Status;G;EvacueeID;98;Triage Status;G;EvacueeID;99;Triage Status;G;EvacueeID;100;Triage Status;G;EvacueeID;101;Triage Status;G;EvacueeID;109;Triage Status;G;EvacueeID;112;Triage Status;G;EvacueeID;114;Triage Status;G;EvacueeID;123;Triage Status;G;EvacueeID;125;Triage Status;G;EvacueeID;126;Triage Status;G;EvacueeID;142;Triage Status;G;EvacueeID;144;Triage Status;G;EvacueeID;147;Triage Status;G;EvacueeID;153;Triage Status;G;EvacueeID;156;Triage Status;G;EvacueeID;158;Triage Status;G;EvacueeID;159;Triage Status;G;EvacueeID;161;Triage Status;G;EvacueeID;174;Triage Status;G;EvacueeID;177;Triage Status;G;EvacueeID;179;Triage Status;G;EvacueeID;181;Triage Status;G;EvacueeID;183;Triage Status;G;EvacueeID;184;Triage Status;G;EvacueeID;187;Triage Status;G;EvacueeID;190;Triage Status;G;EvacueeID;200;Triage Status;G;EvacueeID;201;Triage Status;G;EvacueeID;202;Triage Status;G;EvacueeID;203;Triage Status;G;EvacueeID;204;Triage Status;G;EvacueeID;205;Triage Status;G;EvacueeID;209;Triage Status;G;EvacueeID;212;Triage Status;G;EvacueeID;213;Triage Status;G;EvacueeID;215;Triage Status;G;EvacueeID;220;Triage Status;G;EvacueeID;226;Triage Status;G;EvacueeID;227;Triage Status;G;EvacueeID;232;Triage Status;G;EvacueeID;233;Triage Status;G;EvacueeID;234;Triage Status;G;EvacueeID;236;Triage Status;G;EvacueeID;241;Triage Status;G;EvacueeID;246;Triage Status;G;EvacueeID;255;Triage Status;G;EvacueeID;259;Triage Status;G;Lives Saved;80
3275.55,3,evacueeManager,,OFF SHIP: White;0;Green;40;Yellow;26;Red;9;Black;315;ON SHIP: White;0;Green;0;Yellow;0;Red;0;Evacuees to Transfer;
3275.55,1163,evacuee,outES,Evacuee 231 in triage category Y is not assigned a helicopter
3275.55,1163,evacuee,,Evacuee;231;in triage state;R;is at the evacuation site
3285,9,helicopter,outEvac,Evacuee 260 in triage category G is not assigned a helicopter
3285,9,helicopter,outEvac,Evacuee 262 in triage category G is not assigned a helicopter
3285,9,helicopter,outEvac,Evacuee 263 in triage category G is not assigned a helicopter
3285,9,helicopter,outEvac,Evacuee 264 in triage category G is not assigned a helicopter
3285,9,helicopter,outEvac,Evacuee 267 in triage category G is not assigned a helicopter
3285,9,helicopter,outEvac,Evacuee 268 in triage category G is not assigned a helicopter
3285,9,helicopter,outEvac,Evacuee 270 in triage category G is not assigned a helicopter
3285,9,helicopter,outEvac,Evacuee 272 in triage category G is not assigned a helicopter
3285,9,helicopter,outEvac,Evacuee 275 in triage category G is not assigned a helicopter
3285,9,helicopter,outEvac,Evacuee 288 in triage category G is not assigned a helicopter
3285,9,helicopter,,Helicopter;6;is unloading people at the FOL;;and has;0;spots taken
3285,11,filterLoc,,
3285,14,filterLoc,,
3285,17,filterLoc,,
3285,20,filterLoc,,
3285,23,filterLoc,,
3285,26,filterLoc,,
3285,29,filterLoc,,
3285,32,filterLoc,,
3285,35,filterLoc,,
3285,38,filterLoc,,
3285,41,filterLoc,,
3285,44,filterLoc,,
3285,47,filterLoc,,
3285,50,filterLoc,,
3285,53,filterLoc,,
3285,56,filterLoc,,
3285,59,filterLoc,,
3285,62,filterLoc,,
3285,65,filterLoc,,
3285,68,filterLoc,,
3285,71,filterLoc,,
3285,74,filterLoc,,
3285,77,filterLoc,,
3285,80,filterLoc,,
3285,83,filterLoc,,
3285,86,filterLoc,,
3285,89,filterLoc,,
3285,92,filterLoc,,
3285,95,filterLoc,,
3285,98,filterLoc,,
3285,101,filterLoc,,
3285,104,filterLoc,,
3285,109,helicopter,,Helicopter;3;Is going to the evacuation site;;and has;0;spots taken
3285,111,filterLoc,,
3285,114,filterLoc,,
3285,117,filterLoc,,
3285,120,filterLoc,,
3285,123,filterLoc,,
3285,126,filterLoc,,
3285,129,filterLoc,,
3285,132,filterLoc,,
3285,135,filterLoc,,
3285,138,filterLoc,,
3285,141,filterLoc,,
3285,144,filterLoc,,
3285,147,filterLoc,,
3285,150,filterLoc,,
3285,153,filterLoc,,
3285,156,filterLoc,,
3285,159,filterLoc,,
3285,162,filterLoc,,
3285,165,filterLoc,,
3285,168,filterLoc,,
3285,171,filterLoc,,
3285,174,filterLoc,,
3285,177,filterLoc,,
3285,180,filterLoc,,
3285,183,filterLoc,,
3285,186,filterLoc,,
3285,189,filterLoc,,
3285,192,filterLoc,,
3285,195,filterLoc,,
3285,198,filterLoc,,
3285,201,filterLoc,,
3285,204,filterLoc,,
3285,207,filterLoc,,
3285,210,filterLoc,,
3285,213,filterLoc,,
3285,216,filterLoc,,
3285,219,filterLoc,,
3285,222,filterLoc,,
3285,225,filterLoc,,
3285,229,filterLoc,,
3285,232,filterLoc,,
3285,235,filterLoc,,
3285,238,filterLoc,,
3285,241,filterLoc,,
3285,244,filterLoc,,
3285,247,filterLoc,,
3285,250,filterLoc,,
3285,253,filterLoc,,
3285,256,filterLoc,,
3285,259,filterLoc,,
3285,262,filterLoc,,
3285,265,filterLoc,,
3285,268,filterLoc,,
3285,271,filterLoc,,
3285,274,filterLoc,,
3285,277,filterLoc,,
3285,280,filterLoc,,
3285,283,filterLoc,,
3285,286,filterLoc,,
3285,289,filterLoc,,
3285,296,filterLoc,,
3285,299,filterLoc,,
3285,302,filterLoc,,
3285,305,filterLoc,,
3285,308,filterLoc,,
3285,311,filterLoc,,
3285,314,filterLoc,,
3285,317,filterLoc,,
3285,320,filterLoc,,
3285,323,filterLoc,,
3285,326,filterLoc,,
3285,329,filterLoc,,
3285,332,filterLoc,,
3285,335,filterLoc,,
3285,338,filterLoc,,
3285,341,filterLoc,,
3285,344,filterLoc,,
3285,347,filterLoc,,
3285,350,filterLoc,,
3285,353,filterLoc,,
3285,356,filterLoc,,
3285,359,filterLoc,,
3285,362,filterLoc,,
3285,365,filterLoc,,
3285,368,filterLoc,,
3285,371,filterLoc,,
3285,374,filterLoc,,
3285,377,filterLoc,,
3285,380,filterLoc,,
3285,383,filterLoc,,
3285,386,filterLoc,,
3285,389,filterLoc,,;Evacuee;288;in triage category;G;is leaving helicopter;6
3285,392,filterLoc,,
3285,395,filterLoc,,
3285,398,filterLoc,,
3285,401,filterLoc,,
3285,404,filterLoc,,
3285,407,filterLoc,,
3285,410,filterLoc,,
3285,413,filterLoc,,
3285,416,filterLoc,,
3285,419,filterLoc,,
3285,422,filterLoc,,
3285,425,filterLoc,,
3285,428,filterLoc,,
3285,431,filterLoc,,
3285,434,filterLoc,,
3285,437,filterLoc,,
3285,440,filterLoc,,
3285,443,filterLoc,,;Evacuee;272;in triage category;G;is leaving helicopter;6
3285,446,filterLoc,,;Evacuee;270;in triage category;G;is leaving helicopter;6
3285,449,filterLoc,,;Evacuee;264;in triage category;G;is leaving helicopter;6
3285,452,filterLoc,,;Evacuee;262;in triage category;G;is leaving helicopter;6
3285,455,filterLoc,,;Evacuee;260;in triage category;G;is leaving helicopter;6
3285,458,filterLoc,,
3285,461,filterLoc,,
3285,464,filterLoc,,
3285,467,filterLoc,,
3285,470,filterLoc,,
3285,473,filterLoc,,
3285,476,filterLoc,,
3285,479,filterLoc,,
3285,482,filterLoc,,
3285,485,filterLoc,,
3285,488,filterLoc,,
3285,491,filterLoc,,
3285,494,filterLoc,,
3285,497,filterLoc,,
3285,500,filterLoc,,
3285,503,filterLoc,,
3285,506,filterLoc,,
3285,509,filterLoc,,
3285,512,filterLoc,,
3285,515,filterLoc,,
3285,518,filterLoc,,
3285,521,filterLoc,,
3285,524,filterLoc,,
3285,527,filterLoc,,
3285,530,filterLoc,,
3285,533,filterLoc,,
3285,536,filterLoc,,
3285,539,filterLoc,,
3285,542,filterLoc,,
3285,545,filterLoc,,
3285,548,filterLoc,,
3285,551,filterLoc,,
3285,554,filterLoc,,
3285,557,filterLoc,,
3285,560,filterLoc,,
3285,563,filterLoc,,
3285,566,filterLoc,,
3285,569,filterLoc,,
3285,576,filterLoc,,
3285,579,filterLoc,,
3285,582,filterLoc,,
3285,585,filterLoc,,
3285,588,filterLoc,,
3285,591,filterLoc,,
3285,594,filterLoc,,
3285,597,filterLoc,,
3285,600,filterLoc,,
3285,603,filterLoc,,
3285,606,filterLoc,,
3285,609,filterLoc,,
3285,612,filterLoc,,
3285,615,filterLoc,,
3285,618,filterLoc,,
3285,621,filterLoc,,
3285,624,filterLoc,,
3285,627,filterLoc,,
3285,630,filterLoc,,
3285,633,filterLoc,,
3285,636,filterLoc,,
3285,639,filterLoc,,
3285,642,filterLoc,,
3285,645,filterLoc,,
3285,648,filterLoc,,
3285,651,filterLoc,,
3285,654,filterLoc,,
3285,657,filterLoc,,
3285,660,filterLoc,,
3285,663,filterLoc,,
3285,666,filterLoc,,
3285,669,filterLoc,,
3285,672,filterLoc,,
3285,675,filterLoc,,
3285,678,filterLoc,,
3285,681,filterLoc,,
3285,684,filterLoc,,
3285,687,filterLoc,,
3285,690,filterLoc,,
3285,693,filterLoc,,
3285,696,filterLoc,,
3285,699,filterLoc,,
3285,702,filterLoc,,
3285,705,filterLoc,,
3285,708,filterLoc,,
3285,711,filterLoc,,
3285,714,filterLoc,,
3285,717,filterLoc,,
3285,720,filterLoc,,
3285,723,filterLoc,,
3285,726,filterLoc,,
3285,729,filterLoc,,
3285,732,filterLoc,,
3285,735,filterLoc,,
3285,738,filterLoc,,
3285,741,filterLoc,,
3285,744,filterLoc,,
3285,747,filterLoc,,
3285,750,filterLoc,,
3285,753,filterLoc,,
3285,756,filterLoc,,
3285,759,filterLoc,,
3285,762,filterLoc,,
3285,765,filterLoc,,
3285,768,filterLoc,,
3285,771,filterLoc,,
3285,774,filterLoc,,
3285,777,filterLoc,,
3285,780,filterLoc,,
3285,783,filterLoc,,
3285,786,filterLoc,,
3285,789,filterLoc,,
3285,792,filterLoc,,
3285,795,filterLoc,,
3285,798,filterLoc,,
3285,801,filterLoc,,
3285,804,filterLoc,,
3285,807,filterLoc,,
3285,810,filterLoc,,;Evacuee;268;in triage category;G;is leaving helicopter;6
3285,813,filterLoc,,
3285,816,filterLoc,,
3285,819,filterLoc,,
3285,822,filterLoc,,
3285,825,filterLoc,,
3285,828,filterLoc,,
3285,831,filterLoc,,
3285,834,filterLoc,,
3285,837,filterLoc,,
3285,840,filterLoc,,
3285,843,filterLoc,,
3285,846,filterLoc,,
3285,849,filterLoc,,
3285,852,filterLoc,,
3285,855,filterLoc,,
3285,858,filterLoc,,
3285,861,filterLoc,,
3285,864,filterLoc,,
3285,867,filterLoc,,
3285,870,filterLoc,,
3285,873,filterLoc,,
3285,876,filterLoc,,
3285,879,filterLoc,,
3285,882,filterLoc,,
3285,885,filterLoc,,
3285,888,filterLoc,,
3285,891,filterLoc,,
3285,894,filterLoc,,
3285,897,filterLoc,,
3285,900,filterLoc,,
3285,903,filterLoc,,
3285,906,filterLoc,,
3285,909,filterLoc,,
3285,912,filterLoc,,
3285,915,filterLoc,,
3285,918,filterLoc,,
3285,921,filterLoc,,
3285,924,filterLoc,,
3285,927,filterLoc,,
3285,930,filterLoc,,
3285,933,filterLoc,,
3285,936,filterLoc,,
3285,939,filterLoc,,
3285,942,filterLoc,,
3285,945,filterLoc,,
3285,948,filterLoc,,
3285,951,filterLoc,,
3285,954,filterLoc,,
3285,957,filterLoc,,
3285,960,filterLoc,,
3285,963,filterLoc,,
3285,966,filterLoc,,
3285,969,filterLoc,,
3285,972,filterLoc,,
3285,975,filterLoc,,
3285,978,filterLoc,,
3285,981,filterLoc,,
3285,984,filterLoc,,
3285,987,filterLoc,,
3285,990,filterLoc,,
3285,993,filterLoc,,
3285,996,filterLoc,,
3285,999,filterLoc,,
3285,1002,filterLoc,,
3285,1005,filterLoc,,
3285,1008,filterLoc,,
3285,1011,filterLoc,,
3285,1014,filterLoc,,
3285,1017,filterLoc,,
3285,1020,filterLoc,,
3285,1023,filterLoc,,
3285,1026,filterLoc,,
3285,1029,filterLoc,,
3285,1032,filterLoc,,
3285,1035,filterLoc,,
3285,1038,filterLoc,,
3285,1041,filterLoc,,
3285,1044,filterLoc,,
3285,1047,filterLoc,,
3285,1050,filterLoc,,
3285,1053,filterLoc,,
3285,1056,filterLoc,,
3285,1059,filterLoc,,
3285,1062,filterLoc,,
3285,1065,filterLoc,,
3285,1068,filterLoc,,
3285,1071,filterLoc,,
3285,1074,filterLoc,,
3285,1077,filterLoc,,
3285,1080,filterLoc,,
3285,1083,filterLoc,,
3285,1086,filterLoc,,
3285,1089,filterLoc,,
3285,1092,filterLoc,,
3285,1095,filterLoc,,
3285,1098,filterLoc,,
3285,1101,filterLoc,,
3285,1104,filterLoc,,
3285,1107,filterLoc,,
3285,1110,filterLoc,,
3285,1113,filterLoc,,
3285,1116,filterLoc,,
3285,1119,filterLoc,,
3285,1122,filterLoc,,
3285,1125,filterLoc,,
3285,1128,filterLoc,,
3285,1135,filterLoc,,
3285,1138,filterLoc,,
3285,1141,filterLoc,,
3285,1144,filterLoc,,
3285,1147,filterLoc,,
3285,1150,filterLoc,,
3285,1153,filterLoc,,
3285,1156,filterLoc,,
3285,1159,filterLoc,,
3285,1162,filterLoc,,
3285,1165,filterLoc,,
3285,1168,filterLoc,,
3285,1175,filterLoc,,;Evacuee;263;in triage category;G;is leaving helicopter;6
3285,1178,filterLoc,,
3285,1181,filterLoc,,
3285,1184,filterLoc,,
3285,1187,filterLoc,,
3285,1190,filterLoc,,
3285,1193,filterLoc,,
3285,1196,filterLoc,,
3285,1199,filterLoc,,
3285,1202,filterLoc,,
3285,1205,filterLoc,,
3285,1208,filterLoc,,
3285,1211,filterLoc,,
3285,1214,filterLoc,,
3285,1217,filterLoc,,
3285,1220,filterLoc,,
3285,1223,filterLoc,,
3285,1226,filterLoc,,
3285,1229,filterLoc,,
3285,1232,filterLoc,,
3285,1235,filterLoc,,
3285,1238,filterLoc,,
3285,1241,filterLoc,,
3285,1244,filterLoc,,
3285,1247,filterLoc,,
3285,1250,filterLoc,,
3285,1253,filterLoc,,
3285,1256,filterLoc,,
3285,1259,filterLoc,,
3285,1262,filterLoc,,
3285,1265,filterLoc,,
3285,1268,filterLoc,,
3285,1271,filterLoc,,
3285,1274,filterLoc,,
3285,1277,filterLoc,,
3285,1280,filterLoc,,
3285,1283,filterLoc,,
3285,1286,filterLoc,,
3285,1289,filterLoc,,
3285,1292,filterLoc,,
3285,1295,filterLoc,,
3285,1298,filterLoc,,
3285,1301,filterLoc,,
3285,1304,filterLoc,,
3285,1307,filterLoc,,
3285,1310,filterLoc,,
3285,1313,filterLoc,,
3285,1316,filterLoc,,
3285,1319,filterLoc,,
3285,1322,filterLoc,,
3285,1325,filterLoc,,
3285,1328,filterLoc,,
3285,1331,filterLoc,,
3285,1334,filterLoc,,
3285,1337,filterLoc,,
3285,1340,filterLoc,,
3285,1343,filterLoc,,
3285,1346,filterLoc,,
3285,1349,filterLoc,,
3285,1352,filterLoc,,
3285,1355,filterLoc,,
3285,1358,filterLoc,,
3285,1361,filterLoc,,
3285,1364,filterLoc,,
3285,1367,filterLoc,,
3285,1370,filterLoc,,
3285,1373,filterLoc,,
3285,1376,filterLoc,,
3285,1379,filterLoc,,
3285,1382,filterLoc,,
3285,1385,filterLoc,,
3285,1388,filterLoc,,
3285,1391,filterLoc,,
3285,1394,filterLoc,,
3285,1397,filterLoc,,
3285,1400,filterLoc,,
3285,1403,filterLoc,,;Evacuee;275;in triage category;G;is leaving helicopter;6
3285,1406,filterLoc,,
3285,1409,filterLoc,,
3285,1412,filterLoc,,
3285,1415,filterLoc,,
3285,1418,filterLoc,,
3285,1421,filterLoc,,
3285,1424,filterLoc,,
3285,1427,filterLoc,,
3285,1430,filterLoc,,
3285,1433,filterLoc,,
3285,1436,filterLoc,,
3285,1439,filterLoc,,
3285,1442,filterLoc,,
3285,1445,filterLoc,,
3285,1448,filterLoc,,
3285,1451,filterLoc,,
3285,1454,filterLoc,,
3285,1457,filterLoc,,
3285,1460,filterLoc,,
3285,1463,filterLoc,,
3285,1466,filterLoc,,
3285,1469,filterLoc,,;Evacuee;267;in triage category;G;is leaving helicopter;6
3285,1472,filterLoc,,
3285,1475,filterLoc,,
3285,1478,filterLoc,,
3285,1481,filterLoc,,
3285,1484,filterLoc,,
3285,1487,filterLoc,,
3285,1490,filterLoc,,
3285,1493,filterLoc,,
3285,1496,filterLoc,,
3285,1499,filterLoc,,
3285,1502,filterLoc,,
3285,1505,filterLoc,,
3285,1508,filterLoc,,
3285,1511,filterLoc,,
3285,1514,filterLoc,,
3285,1517,filterLoc,,
3285,1520,filterLoc,,
3285,1523,filterLoc,,
3285,1526,filterLoc,,
3285,1529,filterLoc,,
3285,389,filterLoc,out,Evacuee 288 in triage category G is not assigned a helicopter
3285,389,filterLoc,,
3285,390,evacuee,,Evacuee;288;in triage state;G;is entering the FOL
3285,443,filterLoc,out,Evacuee 272 in triage category G is not assigned a helicopter
3285,443,filterLoc,,
3285,444,evacuee,,Evacuee;272;in triage state;G;is entering the FOL
3285,446,filterLoc,out,Evacuee 270 in triage category G is not assigned a helicopter
3285,446,filterLoc,,
3285,447,evacuee,,Evacuee;270;in triage state;G;is entering the FOL
3285,449,filterLoc,out,Evacuee 264 in triage category G is not assigned a helicopter
3285,449,filterLoc,,
3285,450,evacuee,,Evacuee;264;in triage state;G;is entering the FOL
3285,452,filterLoc,out,Evacuee 262 in triage category G is not assigned a helicopter
3285,452,filterLoc,,
3285,453,evacuee,,Evacuee;262;in triage state;G;is entering the FOL
3285,455,filterLoc,out,Evacuee 260 in triage category G is not assigned a helicopter
3285,455,filterLoc,,
3285,456,evacuee,,Evacuee;260;in triage state;G;is entering the FOL
3285,810,filterLoc,out,Evacuee 268 in triage category G is not assigned a helicopter
3285,810,filterLoc,,
3285,811,evacuee,,Evacuee;268;in triage state;G;is entering the FOL
3285,1175,filterLoc,out,Evacuee 263 in triage category G is not assigned a helicopter
3285,1175,filterLoc,,
3285,1176,evacuee,,Evacuee;263;in triage state;G;is entering the FOL
3285,1403,filterLoc,out,Evacuee 275 in triage category G is not assigned a helicopter
3285,1403,filterLoc,,
3285,1404,evacuee,,Evacuee;275;in triage state;G;is entering the FOL
3285,1469,filterLoc,out,Evacuee 267 in triage category G is not assigned a helicopter
3285,1469,filterLoc,,
3285,1470,evacuee,,Evacuee;267;in triage state;G;is entering the FOL
3285,227,FOL,,;EvacueeID;4;Triage Status;G;EvacueeID;7;Triage Status;G;EvacueeID;10;Triage Status;G;EvacueeID;11;Triage Status;G;EvacueeID;13;Triage Status;G;EvacueeID;14;Triage Status;G;EvacueeID;15;Triage Status;G;EvacueeID;17;Triage Status;G;EvacueeID;18;Triage Status;G;EvacueeID;19;Triage Status;G;EvacueeID;23;Triage Status;G;EvacueeID;24;Triage Status;G;EvacueeID;26;Triage Status;G;EvacueeID;28;Triage Status;G;EvacueeID;29;Triage Status;G;EvacueeID;32;Triage Status;G;EvacueeID;37;Triage Status;G;EvacueeID;45;Triage Status;G;EvacueeID;48;Triage Status;G;EvacueeID;50;Triage Status;G;EvacueeID;54;Triage Status;G;EvacueeID;55;Triage Status;G;EvacueeID;58;Triage Status;G;EvacueeID;60;Triage Status;G;EvacueeID;65;Triage Status;G;EvacueeID;67;Triage Status;G;EvacueeID;73;Triage Status;G;EvacueeID;75;Triage Status;G;EvacueeID;77;Triage Status;G;EvacueeID;78;Triage Status;G;EvacueeID;82;Triage Status;G;EvacueeID;85;Triage Status;G;EvacueeID;95;Triage Status;G;EvacueeID;98;Triage Status;G;EvacueeID;99;Triage Status;G;EvacueeID;100;Triage Status;G;EvacueeID;101;Triage Status;G;EvacueeID;109;Triage Status;G;EvacueeID;112;Triage Status;G;EvacueeID;114;Triage Status;G;EvacueeID;123;Triage Status;G;EvacueeID;125;Triage Status;G;EvacueeID;126;Triage Status;G;EvacueeID;142;Triage Status;G;EvacueeID;144;Triage Status;G;EvacueeID;147;Triage Status;G;EvacueeID;153;Triage Status;G;EvacueeID;156;Triage Status;G;EvacueeID;158;Triage Status;G;EvacueeID;159;Triage Status;G;EvacueeID;161;Triage Status;G;EvacueeID;174;Triage Status;G;EvacueeID;177;Triage Status;G;EvacueeID;179;Triage Status;G;EvacueeID;181;Triage Status;G;EvacueeID;183;Triage Status;G;EvacueeID;184;Triage Status;G;EvacueeID;187;Triage Status;G;EvacueeID;190;Triage Status;G;EvacueeID;200;Triage Status;G;EvacueeID;201;Triage Status;G;EvacueeID;202;Triage Status;G;EvacueeID;203;Triage Status;G;EvacueeID;204;Triage Status;G;EvacueeID;205;Triage Status;G;EvacueeID;209;Triage Status;G;EvacueeID;212;Triage Status;G;EvacueeID;213;Triage Status;G;EvacueeID;215;Triage Status;G;EvacueeID;220;Triage Status;G;EvacueeID;226;Triage Status;G;EvacueeID;227;Triage Status;G;EvacueeID;232;Triage Status;G;EvacueeID;233;Triage Status;G;EvacueeID;234;Triage Status;G;EvacueeID;236;Triage Status;G;EvacueeID;241;Triage Status;G;EvacueeID;246;Triage Status;G;EvacueeID;255;Triage Status;G;EvacueeID;259;Triage Status;G;EvacueeID;260;Triage Status;G;EvacueeID;262;Triage Status;G;EvacueeID;263;Triage Status;G;EvacueeID;264;Triage Status;G;EvacueeID;267;Triage Status;G;EvacueeID;268;Triage Status;G;EvacueeID;270;Triage Status;G;EvacueeID;272;Triage Status;G;EvacueeID;275;Triage Status;G;EvacueeID;288;Triage Status;G;Lives Saved;90
3285,390,evacuee,outFOL,Evacuee 288 in triage category G is not assigned a helicopter
3285,390,evacuee,,Evacuee;288;in triage state;G;is at the FOL
3285,444,evacuee,outFOL,Evacuee 272 in triage category G is not assigned a helicopter
3285,444,evacuee,,Evacuee;272;in triage state;G;is at the FOL
3285,447,evacuee,outFOL,Evacuee 270 in triage category G is not assigned a helicopter
3285,447,evacuee,,Evacuee;270;in triage state;G;is at the FOL
3285,450,evacuee,outFOL,Evacuee 264 in triage category G is not assigned a helicopter
3285,450,evacuee,,Evacuee;264;in triage state;G;is at the FOL
3285,453,evacuee,outFOL,Evacuee 262 in triage category G is not assigned a helicopter
3285,453,evacuee,,Evacuee;262;in triage state;G;is at the FOL
3285,456,evacuee,outFOL,Evacuee 260 in triage category G is not assigned a helicopter
3285,456,evacuee,,Evacuee;260;in triage state;G;is at the FOL
3285,811,evacuee,outFOL,Evacuee 268 in triage category G is not assigned a helicopter
3285,811,evacuee,,Evacuee;268;in triage state;G;is at the FOL
3285,1176,evacuee,outFOL,Evacuee 263 in triage category G is not assigned a helicopter
3285,1176,evacuee,,Evacuee;263;in triage state;G;is at the FOL
3285,1404,evacuee,outFOL,Evacuee 275 in triage category G is not assigned a helicopter
3285,1404,evacuee,,Evacuee;275;in triage state;G;is at the FOL
3285,1470,evacuee,outFOL,Evacuee 267 in triage category G is not assigned a helicopter
3285,1470,evacuee,,Evacuee;267;in triage state;G;is at the FOL
3285,227,FOL,,;EvacueeID;4;Triage Status;G;EvacueeID;7;Triage Status;G;EvacueeID;10;Triage Status;G;EvacueeID;11;Triage Status;G;EvacueeID;13;Triage Status;G;EvacueeID;14;Triage Status;G;EvacueeID;15;Triage Status;G;EvacueeID;17;Triage Status;G;EvacueeID;18;Triage Status;G;EvacueeID;19;Triage Status;G;EvacueeID;23;Triage Status;G;EvacueeID;24;Triage Status;G;EvacueeID;26;Triage Status;G;EvacueeID;28;Triage Status;G;EvacueeID;29;Triage Status;G;EvacueeID;32;Triage Status;G;EvacueeID;37;Triage Status;G;EvacueeID;45;Triage Status;G;EvacueeID;48;Triage Status;G;EvacueeID;50;Triage Status;G;EvacueeID;54;Triage Status;G;EvacueeID;55;Triage Status;G;EvacueeID;58;Triage Status;G;EvacueeID;60;Triage Status;G;EvacueeID;65;Triage Status;G;EvacueeID;67;Triage Status;G;EvacueeID;73;Triage Status;G;EvacueeID;75;Triage Status;G;EvacueeID;77;Triage Status;G;EvacueeID;78;Triage Status;G;EvacueeID;82;Triage Status;G;EvacueeID;85;Triage Status;G;EvacueeID;95;Triage Status;G;EvacueeID;98;Triage Status;G;EvacueeID;99;Triage Status;G;EvacueeID;100;Triage Status;G;EvacueeID;101;Triage Status;G;EvacueeID;109;Triage Status;G;EvacueeID;112;Triage Status;G;EvacueeID;114;Triage Status;G;EvacueeID;123;Triage Status;G;EvacueeID;125;Triage Status;G;EvacueeID;126;Triage Status;G;EvacueeID;142;Triage Status;G;EvacueeID;144;Triage Status;G;EvacueeID;147;Triage Status;G;EvacueeID;153;Triage Status;G;EvacueeID;156;Triage Status;G;EvacueeID;158;Triage Status;G;EvacueeID;159;Triage Status;G;EvacueeID;161;Triage Status;G;EvacueeID;174;Triage Status;G;EvacueeID;177;Triage Status;G;EvacueeID;179;Triage Status;G;EvacueeID;181;Triage Status;G;EvacueeID;183;Triage Status;G;EvacueeID;184;Triage Status;G;EvacueeID;187;Triage Status;G;EvacueeID;190;Triage Status;G;EvacueeID;200;Triage Status;G;EvacueeID;201;Triage Status;G;EvacueeID;202;Triage Status;G;EvacueeID;203;Triage Status;G;EvacueeID;204;Triage Status;G;EvacueeID;205;Triage Status;G;EvacueeID;209;Triage Status;G;EvacueeID;212;Triage Status;G;EvacueeID;213;Triage Status;G;EvacueeID;215;Triage Status;G;EvacueeID;220;Triage Status;G;EvacueeID;226;Triage Status;G;EvacueeID;227;Triage Status;G;EvacueeID;232;Triage Status;G;EvacueeID;233;Triage Status;G;EvacueeID;234;Triage Status;G;EvacueeID;236;Triage Status;G;EvacueeID;241;Triage Status;G;EvacueeID;246;Triage Status;G;EvacueeID;255;Triage Status;G;EvacueeID;259;Triage Status;G;EvacueeID;260;Triage Status;G;EvacueeID;262;Triage Status;G;EvacueeID;263;Triage Status;G;EvacueeID;264;Triage Status;G;EvacueeID;267;Triage Status;G;EvacueeID;268;Triage Status;G;EvacueeID;270;Triage Status;G;EvacueeID;272;Triage Status;G;EvacueeID;275;Triage Status;G;EvacueeID;288;Triage Status;G;Lives Saved;90
3285.36,3,evacueeManager,,OFF SHIP: White;0;Green;40;Yellow;26;Red;8;Black;316;ON SHIP: White;0;Green;0;Yellow;0;Red;0;Evacuees to Transfer;
3285.36,1163,evacuee,outES,Evacuee 231 in triage category R is not assigned a helicopter
3285.36,1163,evacuee,,Evacuee;231;in triage state;B;is at the evacuation site
3290.54,3,evacueeManager,,OFF SHIP: White;0;Green;40;Yellow;26;Red;7;Black;317;ON SHIP: White;0;Green;0;Yellow;0;Red;0;Evacuees to Transfer;
3290.54,214,evacuee,outES,Evacuee 377 in triage category R is not assigned a helicopter
3290.54,214,evacuee,,Evacuee;377;in triage state;B;is at the evacuation site
3292.59,3,evacueeManager,,OFF SHIP: White;0;Green;40;Yellow;26;Red;6;Black;318;ON SHIP: White;0;Green;0;Yellow;0;Red;0;Evacuees to Transfer;
3292.59,943,evacuee,outES,Evacuee 31 in triage category R is not assigned a helicopter
3292.59,943,evacuee,,Evacuee;31;in triage state;B;is at the evacuation site
3296.34,3,evacueeManager,,OFF SHIP: White;0;Green;40;Yellow;25;Red;7;Black;318;ON SHIP: White;0;Green;0;Yellow;0;Red;0;Evacuees to Transfer;
3296.34,1458,evacuee,outES,Evacuee 164 in triage category Y is not assigned a helicopter
3296.34,1458,evacuee,,Evacuee;164;in triage state;R;is at the evacuation site
3300,5,helicopterQueue,,1;Helos are waiting to land;HeloID;2
3300,9,helicopter,,Helicopter;6;Is going to the evacuation site;;and has;0;spots taken
3300,1133,helicopter,outES,Helicopter 2 is evacuating people2
3300,1133,helicopter,,Helicopter;2;is waiting to land at the evacuation site;;and has;0;spots taken
3300,4,helipadManager,,;No helos are at ES
3300,5,helicopterQueue,outHM,Helicopter 2 is evacuating people2
3300,5,helicopterQueue,outHelo,Helicopter 2 is evacuating people2
3300,5,helicopterQueue,,;No helos are waiting to land
3300,8,filterES,,
3300,108,filterES,,
3300,293,filterES,,
3300,573,filterES,,
3300,1132,filterES,,Helicopter;2;is evacuating people
3300,1172,filterES,,
3300,3,evacueeManager,,OFF SHIP: White;0;Green;30;Yellow;25;Red;7;Black;318;ON SHIP: White;0;Green;0;Yellow;0;Red;0;Evacuees to Transfer;;EvacueeID;365;HeloID;2;OnShip;0;Triage Status;G;EvacueeID;366;HeloID;2;OnShip;0;Triage Status;G;EvacueeID;368;HeloID;2;OnShip;0;Triage Status;G;EvacueeID;369;HeloID;2;OnShip;0;Triage Status;G;EvacueeID;370;HeloID;2;OnShip;0;Triage Status;G;EvacueeID;371;HeloID;2;OnShip;0;Triage Status;G;EvacueeID;372;HeloID;2;OnShip;0;Triage Status;G;EvacueeID;385;HeloID;2;OnShip;0;Triage Status;G;EvacueeID;387;HeloID;2;OnShip;0;Triage Status;G;EvacueeID;388;HeloID;2;OnShip;0;Triage Status;G
3300,4,helipadManager,outEM,Helicopter 2 is evacuating people2
3300,4,helipadManager,,Helo;2;is at the ES
3300,1132,filterES,out,Helicopter 2 is evacuating people2
3300,1132,filterES,,
3300,1133,helicopter,,Helicopter;2;is waiting to land at the evacuation site;;and has;0;spots taken
3300,3,evacueeManager,outEvac,Evacuee 365 in triage category G is assigned helicopter 2
3300,3,evacueeManager,outEvac,Evacuee 366 in triage category G is assigned helicopter 2
3300,3,evacueeManager,outEvac,Evacuee 368 in triage category G is assigned helicopter 2
3300,3,evacueeManager,outEvac,Evacuee 369 in triage category G is assigned helicopter 2
3300,3,evacueeManager,outEvac,Evacuee 370 in triage category G is assigned helicopter 2
3300,3,evacueeManager,outEvac,Evacuee 371 in triage category G is assigned helicopter 2
3300,3,evacueeManager,outEvac,Evacuee 372 in triage category G is assigned helicopter 2
3300,3,evacueeManager,outEvac,Evacuee 385 in triage category G is assigned helicopter 2
3300,3,evacueeManager,outEvac,Evacuee 387 in triage category G is assigned helicopter 2
3300,3,evacueeManager,outEvac,Evacuee 388 in triage category G is assigned helicopter 2
3300,3,evacueeManager,,OFF SHIP: White;0;Green;30;Yellow;25;Red;7;Black;318;ON SHIP: White;0;Green;0;Yellow;0;Red;0;Evacuees to Transfer;
3300,11,filterLoc,,
3300,14,filterLoc,,
3300,17,filterLoc,,
3300,20,filterLoc,,
3300,23,filterLoc,,
3300,26,filterLoc,,
3300,29,filterLoc,,
3300,32,filterLoc,,
3300,35,filterLoc,,
3300,38,filterLoc,,
3300,41,filterLoc,,
3300,44,filterLoc,,
3300,47,filterLoc,,
3300,50,filterLoc,,
3300,53,filterLoc,,
3300,56,filterLoc,,
3300,59,filterLoc,,
3300,62,filterLoc,,
3300,65,filterLoc,,
3300,68,filterLoc,,
3300,71,filterLoc,,
3300,74,filterLoc,,
3300,77,filterLoc,,
3300,80,filterLoc,,
3300,83,filterLoc,,
3300,86,filterLoc,,
3300,89,filterLoc,,
3300,92,filterLoc,,
3300,95,filterLoc,,
3300,98,filterLoc,,
3300,101,filterLoc,,
3300,104,filterLoc,,
3300,111,filterLoc,,
3300,114,filterLoc,,
3300,117,filterLoc,,
3300,120,filterLoc,,
3300,123,filterLoc,,
3300,126,filterLoc,,
3300,129,filterLoc,,
3300,132,filterLoc,,
3300,135,filterLoc,,
3300,138,filterLoc,,
3300,141,filterLoc,,
3300,144,filterLoc,,
3300,147,filterLoc,,
3300,150,filterLoc,,
3300,153,filterLoc,,
3300,156,filterLoc,,
3300,159,filterLoc,,
3300,162,filterLoc,,
3300,165,filterLoc,,
3300,168,filterLoc,,
3300,171,filterLoc,,
3300,174,filterLoc,,
3300,177,filterLoc,,
3300,180,filterLoc,,
3300,183,filterLoc,,
3300,186,filterLoc,,
3300,189,filterLoc,,
3300,192,filterLoc,,
3300,195,filterLoc,,
3300,198,filterLoc,,
3300,201,filterLoc,,
3300,204,filterLoc,,
3300,207,filterLoc,,
3300,210,filterLoc,,
3300,213,filterLoc,,
3300,216,filterLoc,,
3300,219,filterLoc,,
3300,222,filterLoc,,;Evacuee;372;in triage category;G;is entering helicopter;2
3300,225,filterLoc,,;Evacuee;371;in triage category;G;is entering helicopter;2
3300,229,filterLoc,,;Evacuee;370;in triage category;G;is entering helicopter;2
3300,232,filterLoc,,
3300,235,filterLoc,,;Evacuee;369;in triage category;G;is entering helicopter;2
3300,238,filterLoc,,;Evacuee;366;in triage category;G;is entering helicopter;2
3300,241,filterLoc,,
3300,244,filterLoc,,
3300,247,filterLoc,,
3300,250,filterLoc,,
3300,253,filterLoc,,
3300,256,filterLoc,,
3300,259,filterLoc,,
3300,262,filterLoc,,
3300,265,filterLoc,,
3300,268,filterLoc,,
3300,271,filterLoc,,
3300,274,filterLoc,,
3300,277,filterLoc,,
3300,280,filterLoc,,
3300,283,filterLoc,,
3300,286,filterLoc,,
3300,289,filterLoc,,
3300,296,filterLoc,,
3300,299,filterLoc,,
3300,302,filterLoc,,
3300,305,filterLoc,,
3300,308,filterLoc,,
3300,311,filterLoc,,
3300,314,filterLoc,,;Evacuee;365;in triage category;G;is entering helicopter;2
3300,317,filterLoc,,
3300,320,filterLoc,,
3300,323,filterLoc,,
3300,326,filterLoc,,
3300,329,filterLoc,,
3300,332,filterLoc,,
3300,335,filterLoc,,
3300,338,filterLoc,,
3300,341,filterLoc,,
3300,344,filterLoc,,
3300,347,filterLoc,,
3300,350,filterLoc,,
3300,353,filterLoc,,
3300,356,filterLoc,,
3300,359,filterLoc,,
3300,362,filterLoc,,
3300,365,filterLoc,,
3300,368,filterLoc,,
3300,371,filterLoc,,
3300,374,filterLoc,,
3300,377,filterLoc,,
3300,380,filterLoc,,
3300,383,filterLoc,,
3300,386,filterLoc,,
3300,389,filterLoc,,
3300,392,filterLoc,,
3300,395,filterLoc,,
3300,398,filterLoc,,
3300,401,filterLoc,,
3300,404,filterLoc,,
3300,407,filterLoc,,
3300,410,filterLoc,,
3300,413,filterLoc,,
3300,416,filterLoc,,
3300,419,filterLoc,,
3300,422,filterLoc,,
3300,425,filterLoc,,
3300,428,filterLoc,,
3300,431,filterLoc,,
3300,434,filterLoc,,
3300,437,filterLoc,,
3300,440,filterLoc,,
3300,443,filterLoc,,
3300,446,filterLoc,,
3300,449,filterLoc,,
3300,452,filterLoc,,
3300,455,filterLoc,,
3300,458,filterLoc,,
3300,461,filterLoc,,
3300,464,filterLoc,,
3300,467,filterLoc,,
3300,470,filterLoc,,
3300,473,filterLoc,,
3300,476,filterLoc,,
3300,479,filterLoc,,
3300,482,filterLoc,,
3300,485,filterLoc,,
3300,488,filterLoc,,
3300,491,filterLoc,,
3300,494,filterLoc,,
3300,497,filterLoc,,
3300,500,filterLoc,,
3300,503,filterLoc,,
3300,506,filterLoc,,
3300,509,filterLoc,,
3300,512,filterLoc,,
3300,515,filterLoc,,
3300,518,filterLoc,,
3300,521,filterLoc,,
3300,524,filterLoc,,
3300,527,filterLoc,,
3300,530,filterLoc,,
3300,533,filterLoc,,
3300,536,filterLoc,,
3300,539,filterLoc,,
3300,542,filterLoc,,
3300,545,filterLoc,,
3300,548,filterLoc,,
3300,551,filterLoc,,
3300,554,filterLoc,,
3300,557,filterLoc,,
3300,560,filterLoc,,
3300,563,filterLoc,,
3300,566,filterLoc,,
3300,569,filterLoc,,
3300,576,filterLoc,,
3300,579,filterLoc,,
3300,582,filterLoc,,
3300,585,filterLoc,,
3300,588,filterLoc,,
3300,591,filterLoc,,
3300,594,filterLoc,,
3300,597,filterLoc,,
3300,600,filterLoc,,
3300,603,filterLoc,,
3300,606,filterLoc,,
3300,609,filterLoc,,
3300,612,filterLoc,,
3300,615,filterLoc,,
3300,618,filterLoc,,
3300,621,filterLoc,,
3300,624,filterLoc,,
3300,627,filterLoc,,
3300,630,filterLoc,,
3300,633,filterLoc,,
3300,636,filterLoc,,
3300,639,filterLoc,,
3300,642,filterLoc,,
3300,645,filterLoc,,
3300,648,filterLoc,,
3300,651,filterLoc,,
3300,654,filterLoc,,
3300,657,filterLoc,,
3300,660,filterLoc,,
3300,663,filterLoc,,
3300,666,filterLoc,,
3300,669,filterLoc,,
3300,672,filterLoc,,
3300,675,filterLoc,,
3300,678,filterLoc,,
3300,681,filterLoc,,
3300,684,filterLoc,,
3300,687,filterLoc,,
3300,690,filterLoc,,
3300,693,filterLoc,,
3300,696,filterLoc,,
3300,699,filterLoc,,
3300,702,filterLoc,,
3300,705,filterLoc,,
3300,708,filterLoc,,
3300,711,filterLoc,,
3300,714,filterLoc,,
3300,717,filterLoc,,
3300,720,filterLoc,,
3300,723,filterLoc,,
3300,726,filterLoc,,
3300,729,filterLoc,,
3300,732,filterLoc,,
3300,735,filterLoc,,
3300,738,filterLoc,,
3300,741,filterLoc,,
3300,744,filterLoc,,
3300,747,filterLoc,,
3300,750,filterLoc,,
3300,753,filterLoc,,
3300,756,filterLoc,,
3300,759,filterLoc,,
3300,762,filterLoc,,
3300,765,filterLoc,,
3300,768,filterLoc,,
3300,771,filterLoc,,
3300,774,filterLoc,,
3300,777,filterLoc,,
3300,780,filterLoc,,
3300,783,filterLoc,,
3300,786,filterLoc,,
3300,789,filterLoc,,
3300,792,filterLoc,,
3300,795,filterLoc,,
3300,798,filterLoc,,
3300,801,filterLoc,,
3300,804,filterLoc,,
3300,807,filterLoc,,
3300,810,filterLoc,,
3300,813,filterLoc,,
3300,816,filterLoc,,
3300,819,filterLoc,,
3300,822,filterLoc,,
3300,825,filterLoc,,
3300,828,filterLoc,,
3300,831,filterLoc,,
3300,834,filterLoc,,
3300,837,filterLoc,,
3300,840,filterLoc,,
3300,843,filterLoc,,
3300,846,filterLoc,,
3300,849,filterLoc,,
3300,852,filterLoc,,
3300,855,filterLoc,,
3300,858,filterLoc,,
3300,861,filterLoc,,
3300,864,filterLoc,,
3300,867,filterLoc,,
3300,870,filterLoc,,
3300,873,filterLoc,,
3300,876,filterLoc,,
3300,879,filterLoc,,
3300,882,filterLoc,,
3300,885,filterLoc,,;Evacuee;368;in triage category;G;is entering helicopter;2
3300,888,filterLoc,,
3300,891,filterLoc,,
3300,894,filterLoc,,;Evacuee;387;in triage category;G;is entering helicopter;2
3300,897,filterLoc,,
3300,900,filterLoc,,
3300,903,filterLoc,,
3300,906,filterLoc,,
3300,909,filterLoc,,
3300,912,filterLoc,,
3300,915,filterLoc,,
3300,918,filterLoc,,
3300,921,filterLoc,,
3300,924,filterLoc,,
3300,927,filterLoc,,
3300,930,filterLoc,,
3300,933,filterLoc,,
3300,936,filterLoc,,
3300,939,filterLoc,,
3300,942,filterLoc,,
3300,945,filterLoc,,
3300,948,filterLoc,,
3300,951,filterLoc,,
3300,954,filterLoc,,
3300,957,filterLoc,,
3300,960,filterLoc,,
3300,963,filterLoc,,
3300,966,filterLoc,,
3300,969,filterLoc,,
3300,972,filterLoc,,
3300,975,filterLoc,,
3300,978,filterLoc,,
3300,981,filterLoc,,
3300,984,filterLoc,,
3300,987,filterLoc,,
3300,990,filterLoc,,
3300,993,filterLoc,,
3300,996,filterLoc,,
3300,999,filterLoc,,
3300,1002,filterLoc,,
3300,1005,filterLoc,,
3300,1008,filterLoc,,
3300,1011,filterLoc,,
3300,1014,filterLoc,,
3300,1017,filterLoc,,
3300,1020,filterLoc,,
3300,1023,filterLoc,,
3300,1026,filterLoc,,
3300,1029,filterLoc,,
3300,1032,filterLoc,,
3300,1035,filterLoc,,
3300,1038,filterLoc,,
3300,1041,filterLoc,,
3300,1044,filterLoc,,
3300,1047,filterLoc,,
3300,1050,filterLoc,,
3300,1053,filterLoc,,
3300,1056,filterLoc,,
3300,1059,filterLoc,,
3300,1062,filterLoc,,
3300,1065,filterLoc,,
3300,1068,filterLoc,,
3300,1071,filterLoc,,
3300,1074,filterLoc,,
3300,1077,filterLoc,,
3300,1080,filterLoc,,
3300,1083,filterLoc,,
3300,1086,filterLoc,,
3300,1089,filterLoc,,
3300,1092,filterLoc,,
3300,1095,filterLoc,,
3300,1098,filterLoc,,
3300,1101,filterLoc,,;Evacuee;388;in triage category;G;is entering helicopter;2
3300,1104,filterLoc,,
3300,1107,filterLoc,,
3300,1110,filterLoc,,
3300,1113,filterLoc,,
3300,1116,filterLoc,,
3300,1119,filterLoc,,
3300,1122,filterLoc,,
3300,1125,filterLoc,,
3300,1128,filterLoc,,
3300,1133,helicopter,,Helicopter;2;is loading people at the evacuation site;;and has;0;spots taken
3300,1135,filterLoc,,
3300,1138,filterLoc,,
3300,1141,filterLoc,,
3300,1144,filterLoc,,
3300,1147,filterLoc,,
3300,1150,filterLoc,,
3300,1153,filterLoc,,
3300,1156,filterLoc,,
3300,1159,filterLoc,,
3300,1162,filterLoc,,
3300,1165,filterLoc,,
3300,1168,filterLoc,,
3300,1175,filterLoc,,
3300,1178,filterLoc,,
3300,1181,filterLoc,,
3300,1184,filterLoc,,
3300,1187,filterLoc,,;Evacuee;385;in triage category;G;is entering helicopter;2
3300,1190,filterLoc,,
3300,1193,filterLoc,,
3300,1196,filterLoc,,
3300,1199,filterLoc,,
3300,1202,filterLoc,,
3300,1205,filterLoc,,
3300,1208,filterLoc,,
3300,1211,filterLoc,,
3300,1214,filterLoc,,
3300,1217,filterLoc,,
3300,1220,filterLoc,,
3300,1223,filterLoc,,
3300,1226,filterLoc,,
3300,1229,filterLoc,,
3300,1232,filterLoc,,
3300,1235,filterLoc,,
3300,1238,filterLoc,,
3300,1241,filterLoc,,
3300,1244,filterLoc,,
3300,1247,filterLoc,,
3300,1250,filterLoc,,
3300,1253,filterLoc,,
3300,1256,filterLoc,,
3300,1259,filterLoc,,
3300,1262,filterLoc,,
3300,1265,filterLoc,,
3300,1268,filterLoc,,
3300,1271,filterLoc,,
3300,1274,filterLoc,,
3300,1277,filterLoc,,
3300,1280,filterLoc,,
3300,1283,filterLoc,,
3300,1286,filterLoc,,
3300,1289,filterLoc,,
3300,1292,filterLoc,,
3300,1295,filterLoc,,
3300,1298,filterLoc,,
3300,1301,filterLoc,,
3300,1304,filterLoc,,
3300,1307,filterLoc,,
3300,1310,filterLoc,,
3300,1313,filterLoc,,
3300,1316,filterLoc,,
3300,1319,filterLoc,,
3300,1322,filterLoc,,
3300,1325,filterLoc,,
3300,1328,filterLoc,,
3300,1331,filterLoc,,
3300,1334,filterLoc,,
3300,1337,filterLoc,,
3300,1340,filterLoc,,
3300,1343,filterLoc,,
3300,1346,filterLoc,,
3300,1349,filterLoc,,
3300,1352,filterLoc,,
3300,1355,filterLoc,,
3300,1358,filterLoc,,
3300,1361,filterLoc,,
3300,1364,filterLoc,,
3300,1367,filterLoc,,
3300,1370,filterLoc,,
3300,1373,filterLoc,,
3300,1376,filterLoc,,
3300,1379,filterLoc,,
3300,1382,filterLoc,,
3300,1385,filterLoc,,
3300,1388,filterLoc,,
3300,1391,filterLoc,,
3300,1394,filterLoc,,
3300,1397,filterLoc,,
3300,1400,filterLoc,,
3300,1403,filterLoc,,
3300,1406,filterLoc,,
3300,1409,filterLoc,,
3300,1412,filterLoc,,
3300,1415,filterLoc,,
3300,1418,filterLoc,,
3300,1421,filterLoc,,
3300,1424,filterLoc,,
3300,1427,filterLoc,,
3300,1430,filterLoc,,
3300,1433,filterLoc,,
3300,1436,filterLoc,,
3300,1439,filterLoc,,
3300,1442,filterLoc,,
3300,1445,filterLoc,,
3300,1448,filterLoc,,
3300,1451,filterLoc,,
3300,1454,filterLoc,,
3300,1457,filterLoc,,
3300,1460,filterLoc,,
3300,1463,filterLoc,,
3300,1466,filterLoc,,
3300,1469,filterLoc,,
3300,1472,filterLoc,,
3300,1475,filterLoc,,
3300,1478,filterLoc,,
3300,1481,filterLoc,,
3300,1484,filterLoc,,
3300,1487,filterLoc,,
3300,1490,filterLoc,,
3300,1493,filterLoc,,
3300,1496,filterLoc,,
3300,1499,filterLoc,,
3300,1502,filterLoc,,
3300,1505,filterLoc,,
3300,1508,filterLoc,,
3300,1511,filterLoc,,
3300,1514,filterLoc,,
3300,1517,filterLoc,,
3300,1520,filterLoc,,
3300,1523,filterLoc,,
3300,1526,filterLoc,,
3300,1529,filterLoc,,
3300,222,filterLoc,out,Evacuee 372 in triage category G is assigned helicopter 2
3300,222,filterLoc,,
3300,223,evacuee,,Evacuee;372;in triage state;G;is entering helicopter;2
3300,225,filterLoc,out,Evacuee 371 in triage category G is assigned helicopter 2
3300,225,filterLoc,,
3300,226,evacuee,,Evacuee;371;in triage state;G;is entering helicopter;2
3300,229,filterLoc,out,Evacuee 370 in triage category G is assigned helicopter 2
3300,229,filterLoc,,
3300,230,evacuee,,Evacuee;370;in triage state;G;is entering helicopter;2
3300,235,filterLoc,out,Evacuee 369 in triage category G is assigned helicopter 2
3300,235,filterLoc,,
3300,236,evacuee,,Evacuee;369;in triage state;G;is entering helicopter;2
3300,238,filterLoc,out,Evacuee 366 in triage category G is assigned helicopter 2
3300,238,filterLoc,,
3300,239,evacuee,,Evacuee;366;in triage state;G;is entering helicopter;2
3300,314,filterLoc,out,Evacuee 365 in triage category G is assigned helicopter 2
3300,314,filterLoc,,
3300,315,evacuee,,Evacuee;365;in triage state;G;is entering helicopter;2
3300,885,filterLoc,out,Evacuee 368 in triage category G is assigned helicopter 2
3300,885,filterLoc,,
3300,886,evacuee,,Evacuee;368;in triage state;G;is entering helicopter;2
3300,894,filterLoc,out,Evacuee 387 in triage category G is assigned helicopter 2
3300,894,filterLoc,,
3300,895,evacuee,,Evacuee;387;in triage state;G;is entering helicopter;2
3300,1101,filterLoc,out,Evacuee 388 in triage category G is assigned helicopter 2
3300,1101,filterLoc,,
3300,1102,evacuee,,Evacuee;388;in triage state;G;is entering helicopter;2
3300,1187,filterLoc,out,Evacuee 385 in triage category G is assigned helicopter 2
3300,1187,filterLoc,,
3300,1188,evacuee,,Evacuee;385;in triage state;G;is entering helicopter;2
3300,7,filterEvac,,
3300,107,filterEvac,,
3300,223,evacuee,outHelo,Evacuee 372 in triage category G is assigned helicopter 2
3300,223,evacuee,,Evacuee;372;in triage state;G;is in helicopter;2
3300,226,evacuee,outHelo,Evacuee 371 in triage category G is assigned helicopter 2
3300,226,evacuee,,Evacuee;371;in triage state;G;is in helicopter;2
3300,230,evacuee,outHelo,Evacuee 370 in triage category G is assigned helicopter 2
3300,230,evacuee,,Evacuee;370;in triage state;G;is in helicopter;2
3300,236,evacuee,outHelo,Evacuee 369 in triage category G is assigned helicopter 2
3300,236,evacuee,,Evacuee;369;in triage state;G;is in helicopter;2
3300,239,evacuee,outHelo,Evacuee 366 in triage category G is assigned helicopter 2
3300,239,evacuee,,Evacuee;366;in triage state;G;is in helicopter;2
3300,292,filterEvac,,
3300,315,evacuee,outHelo,Evacuee 365 in triage category G is assigned helicopter 2
3300,315,evacuee,,Evacuee;365;in triage state;G;is in helicopter;2
3300,572,filterEvac,,
3300,886,evacuee,outHelo,Evacuee 368 in triage category G is assigned helicopter 2
3300,886,evacuee,,Evacuee;368;in triage state;G;is in helicopter;2
3300,895,evacuee,outHelo,Evacuee 387 in triage category G is assigned helicopter 2
3300,895,evacuee,,Evacuee;387;in triage state;G;is in helicopter;2
3300,1102,evacuee,outHelo,Evacuee 388 in triage category G is assigned helicopter 2
3300,1102,evacuee,,Evacuee;388;in triage state;G;is in helicopter;2
3300,1131,filterEvac,,;Evacuee;365;in triage category;G;is entering helicopter;2;Evacuee;366;in triage category;G;is entering helicopter;2;Evacuee;368;in triage category;G;is entering helicopter;2;Evacuee;369;in triage category;G;is entering helicopter;2;Evacuee;370;in triage category;G;is entering helicopter;2;Evacuee;371;in triage category;G;is entering helicopter;2;Evacuee;372;in triage category;G;is entering helicopter;2;Evacuee;385;in triage category;G;is entering helicopter;2;Evacuee;387;in triage category;G;is entering helicopter;2;Evacuee;388;in triage category;G;is entering helicopter;2
3300,1171,filterEvac,,
3300,1188,evacuee,outHelo,Evacuee 385 in triage category G is assigned helicopter 2
3300,1188,evacuee,,Evacuee;385;in triage state;G;is in helicopter;2
3300,1131,filterEvac,out,Evacuee 365 in triage category G is assigned helicopter 2
3300,1131,filterEvac,out,Evacuee 366 in triage category G is assigned helicopter 2
3300,1131,filterEvac,out,Evacuee 368 in triage category G is assigned helicopter 2
3300,1131,filterEvac,out,Evacuee 369 in triage category G is assigned helicopter 2
3300,1131,filterEvac,out,Evacuee 370 in triage category G is assigned helicopter 2
3300,1131,filterEvac,out,Evacuee 371 in triage category G is assigned helicopter 2
3300,1131,filterEvac,out,Evacuee 372 in triage category G is assigned helicopter 2
3300,1131,filterEvac,out,Evacuee 385 in triage category G is assigned helicopter 2
3300,1131,filterEvac,out,Evacuee 387 in triage category G is assigned helicopter 2
3300,1131,filterEvac,out,Evacuee 388 in triage category G is assigned helicopter 2
3300,1131,filterEvac,,
3300,1133,helicopter,,Helicopter;2;is loading people at the evacuation site;;and has;10;spots taken
3308.39,3,evacueeManager,,OFF SHIP: White;0;Green;30;Yellow;24;Red;8;Black;318;ON SHIP: White;0;Green;0;Yellow;0;Red;0;Evacuees to Transfer;
3308.39,369,evacuee,outES,Evacuee 293 in triage category Y is not assigned a helicopter
3308.39,369,evacuee,,Evacuee;293;in triage state;R;is at the evacuation site
3312.88,3,evacueeManager,,OFF SHIP: White;0;Green;30;Yellow;24;Red;7;Black;319;ON SHIP: White;0;Green;0;Yellow;0;Red;0;Evacuees to Transfer;
3312.88,217,evacuee,outES,Evacuee 375 in triage category R is not assigned a helicopter
3312.88,217,evacuee,,Evacuee;375;in triage state;B;is at the evacuation site
3315,4,helipadManager,outHelo,Helicopter 2 is evacuating people2
3315,4,helipadManager,,;No helos are at ES
3315,5,helicopterQueue,,1;Helos are waiting to land;HeloID;5
3315,8,filterES,,
3315,108,filterES,,
3315,293,filterES,,
3315,573,filterES,,
3315,574,helicopter,outES,Helicopter 5 is evacuating people5
3315,574,helicopter,,Helicopter;5;is waiting to land at the evacuation site;;and has;0;spots taken
3315,1132,filterES,,Helicopter;2;is evacuating people
3315,1172,filterES,,
3315,4,helipadManager,outHQ,0
3315,4,helipadManager,,;No helos are at ES
3315,5,helicopterQueue,,1;Helos are waiting to land;HeloID;5
3315,1132,filterES,out,Helicopter 2 is evacuating people2
3315,1132,filterES,,
3315,1133,helicopter,,Helicopter;2;is loading people at the evacuation site;;and has;10;spots taken
3315,4,helipadManager,,;No helos are at ES
3315,5,helicopterQueue,outHM,Helicopter 5 is evacuating people5
3315,5,helicopterQueue,outHelo,Helicopter 5 is evacuating people5
3315,5,helicopterQueue,,;No helos are waiting to land
3315,8,filterES,,
3315,108,filterES,,
3315,293,filterES,,
3315,573,filterES,,Helicopter;5;is evacuating people
3315,1132,filterES,,
3315,1133,helicopter,,Helicopter;2;is returning to the FOL;;and has;10;spots taken
3315,1172,filterES,,
3315,3,evacueeManager,,OFF SHIP: White;0;Green;20;Yellow;24;Red;7;Black;319;ON SHIP: White;0;Green;0;Yellow;0;Red;0;Evacuees to Transfer;;EvacueeID;390;HeloID;5;OnShip;0;Triage Status;G;EvacueeID;391;HeloID;5;OnShip;0;Triage Status;G;EvacueeID;396;HeloID;5;OnShip;0;Triage Status;G;EvacueeID;397;HeloID;5;OnShip;0;Triage Status;G;EvacueeID;398;HeloID;5;OnShip;0;Triage Status;G;EvacueeID;400;HeloID;5;OnShip;0;Triage Status;G;EvacueeID;401;HeloID;5;OnShip;0;Triage Status;G;EvacueeID;403;HeloID;5;OnShip;0;Triage Status;G;EvacueeID;404;HeloID;5;OnShip;0;Triage Status;G;EvacueeID;410;HeloID;5;OnShip;0;Triage Status;G
3315,4,helipadManager,outEM,Helicopter 5 is evacuating people5
3315,4,helipadManager,,Helo;5;is at the ES
3315,573,filterES,out,Helicopter 5 is evacuating people5
3315,573,filterES,,
3315,574,helicopter,,Helicopter;5;is waiting to land at the evacuation site;;and has;0;spots taken
3315,3,evacueeManager,outEvac,Evacuee 390 in triage category G is assigned helicopter 5
3315,3,evacueeManager,outEvac,Evacuee 391 in triage category G is assigned helicopter 5
3315,3,evacueeManager,outEvac,Evacuee 396 in triage category G is assigned helicopter 5
3315,3,evacueeManager,outEvac,Evacuee 397 in triage category G is assigned helicopter 5
3315,3,evacueeManager,outEvac,Evacuee 398 in triage category G is assigned helicopter 5
3315,3,evacueeManager,outEvac,Evacuee 400 in triage category G is assigned helicopter 5
3315,3,evacueeManager,outEvac,Evacuee 401 in triage category G is assigned helicopter 5
3315,3,evacueeManager,outEvac,Evacuee 403 in triage category G is assigned helicopter 5
3315,3,evacueeManager,outEvac,Evacuee 404 in triage category G is assigned helicopter 5
3315,3,evacueeManager,outEvac,Evacuee 410 in triage category G is assigned helicopter 5
3315,3,evacueeManager,,OFF SHIP: White;0;Green;20;Yellow;24;Red;7;Black;319;ON SHIP: White;0;Green;0;Yellow;0;Red;0;Evacuees to Transfer;
3315,11,filterLoc,,
3315,14,filterLoc,,
3315,17,filterLoc,,
3315,20,filterLoc,,
3315,23,filterLoc,,
3315,26,filterLoc,,
3315,29,filterLoc,,
3315,32,filterLoc,,
3315,35,filterLoc,,
3315,38,filterLoc,,
3315,41,filterLoc,,
3315,44,filterLoc,,
3315,47,filterLoc,,
3315,50,filterLoc,,
3315,53,filterLoc,,
3315,56,filterLoc,,
3315,59,filterLoc,,
3315,62,filterLoc,,
3315,65,filterLoc,,
3315,68,filterLoc,,
3315,71,filterLoc,,
3315,74,filterLoc,,
3315,77,filterLoc,,
3315,80,filterLoc,,
3315,83,filterLoc,,
3315,86,filterLoc,,
3315,89,filterLoc,,
3315,92,filterLoc,,
3315,95,filterLoc,,
3315,98,filterLoc,,
3315,101,filterLoc,,
3315,104,filterLoc,,
3315,111,filterLoc,,
3315,114,filterLoc,,
3315,117,filterLoc,,
3315,120,filterLoc,,
3315,123,filterLoc,,
3315,126,filterLoc,,
3315,129,filterLoc,,
3315,132,filterLoc,,
3315,135,filterLoc,,
3315,138,filterLoc,,
3315,141,filterLoc,,
3315,144,filterLoc,,
3315,147,filterLoc,,
3315,150,filterLoc,,;Evacuee;404;in triage category;G;is entering helicopter;5
3315,153,filterLoc,,;Evacuee;403;in triage category;G;is entering helicopter;5
3315,156,filterLoc,,;Evacuee;401;in triage category;G;is entering helicopter;5
3315,159,filterLoc,,;Evacuee;398;in triage category;G;is entering helicopter;5
3315,162,filterLoc,,;Evacuee;397;in triage category;G;is entering helicopter;5
3315,165,filterLoc,,
3315,168,filterLoc,,;Evacuee;396;in triage category;G;is entering helicopter;5
3315,171,filterLoc,,
3315,174,filterLoc,,
3315,177,filterLoc,,
3315,180,filterLoc,,
3315,183,filterLoc,,
3315,186,filterLoc,,
3315,189,filterLoc,,
3315,192,filterLoc,,
3315,195,filterLoc,,
3315,198,filterLoc,,
3315,201,filterLoc,,
3315,204,filterLoc,,
3315,207,filterLoc,,
3315,210,filterLoc,,
3315,213,filterLoc,,
3315,216,filterLoc,,
3315,219,filterLoc,,
3315,222,filterLoc,,
3315,225,filterLoc,,
3315,229,filterLoc,,
3315,232,filterLoc,,
3315,235,filterLoc,,
3315,238,filterLoc,,
3315,241,filterLoc,,
3315,244,filterLoc,,
3315,247,filterLoc,,
3315,250,filterLoc,,
3315,253,filterLoc,,
3315,256,filterLoc,,
3315,259,filterLoc,,
3315,262,filterLoc,,
3315,265,filterLoc,,
3315,268,filterLoc,,
3315,271,filterLoc,,
3315,274,filterLoc,,
3315,277,filterLoc,,
3315,280,filterLoc,,
3315,283,filterLoc,,
3315,286,filterLoc,,
3315,289,filterLoc,,
3315,296,filterLoc,,
3315,299,filterLoc,,
3315,302,filterLoc,,;Evacuee;410;in triage category;G;is entering helicopter;5
3315,305,filterLoc,,
3315,308,filterLoc,,
3315,311,filterLoc,,
3315,314,filterLoc,,
3315,317,filterLoc,,
3315,320,filterLoc,,
3315,323,filterLoc,,
3315,326,filterLoc,,
3315,329,filterLoc,,
3315,332,filterLoc,,
3315,335,filterLoc,,
3315,338,filterLoc,,
3315,341,filterLoc,,
3315,344,filterLoc,,
3315,347,filterLoc,,
3315,350,filterLoc,,
3315,353,filterLoc,,
3315,356,filterLoc,,
3315,359,filterLoc,,
3315,362,filterLoc,,
3315,365,filterLoc,,
3315,368,filterLoc,,
3315,371,filterLoc,,
3315,374,filterLoc,,
3315,377,filterLoc,,
3315,380,filterLoc,,
3315,383,filterLoc,,
3315,386,filterLoc,,
3315,389,filterLoc,,
3315,392,filterLoc,,
3315,395,filterLoc,,
3315,398,filterLoc,,
3315,401,filterLoc,,
3315,404,filterLoc,,
3315,407,filterLoc,,
3315,410,filterLoc,,
3315,413,filterLoc,,
3315,416,filterLoc,,
3315,419,filterLoc,,
3315,422,filterLoc,,
3315,425,filterLoc,,
3315,428,filterLoc,,
3315,431,filterLoc,,
3315,434,filterLoc,,
3315,437,filterLoc,,
3315,440,filterLoc,,
3315,443,filterLoc,,
3315,446,filterLoc,,
3315,449,filterLoc,,
3315,452,filterLoc,,
3315,455,filterLoc,,
3315,458,filterLoc,,
3315,461,filterLoc,,
3315,464,filterLoc,,
3315,467,filterLoc,,
3315,470,filterLoc,,
3315,473,filterLoc,,
3315,476,filterLoc,,
3315,479,filterLoc,,
3315,482,filterLoc,,
3315,485,filterLoc,,
3315,488,filterLoc,,
3315,491,filterLoc,,
3315,494,filterLoc,,
3315,497,filterLoc,,
3315,500,filterLoc,,
3315,503,filterLoc,,
3315,506,filterLoc,,
3315,509,filterLoc,,
3315,512,filterLoc,,
3315,515,filterLoc,,
3315,518,filterLoc,,
3315,521,filterLoc,,
3315,524,filterLoc,,
3315,527,filterLoc,,
3315,530,filterLoc,,
3315,533,filterLoc,,
3315,536,filterLoc,,
3315,539,filterLoc,,
3315,542,filterLoc,,
3315,545,filterLoc,,
3315,548,filterLoc,,
3315,551,filterLoc,,
3315,554,filterLoc,,
3315,557,filterLoc,,
3315,560,filterLoc,,
3315,563,filterLoc,,
3315,566,filterLoc,,
3315,569,filterLoc,,
3315,574,helicopter,,Helicopter;5;is loading people at the evacuation site;;and has;0;spots taken
3315,576,filterLoc,,
3315,579,filterLoc,,
3315,582,filterLoc,,
3315,585,filterLoc,,
3315,588,filterLoc,,
3315,591,filterLoc,,
3315,594,filterLoc,,
3315,597,filterLoc,,
3315,600,filterLoc,,
3315,603,filterLoc,,
3315,606,filterLoc,,
3315,609,filterLoc,,
3315,612,filterLoc,,
3315,615,filterLoc,,
3315,618,filterLoc,,
3315,621,filterLoc,,
3315,624,filterLoc,,
3315,627,filterLoc,,
3315,630,filterLoc,,
3315,633,filterLoc,,
3315,636,filterLoc,,
3315,639,filterLoc,,
3315,642,filterLoc,,
3315,645,filterLoc,,
3315,648,filterLoc,,
3315,651,filterLoc,,
3315,654,filterLoc,,
3315,657,filterLoc,,
3315,660,filterLoc,,
3315,663,filterLoc,,
3315,666,filterLoc,,
3315,669,filterLoc,,
3315,672,filterLoc,,
3315,675,filterLoc,,
3315,678,filterLoc,,
3315,681,filterLoc,,
3315,684,filterLoc,,
3315,687,filterLoc,,
3315,690,filterLoc,,
3315,693,filterLoc,,
3315,696,filterLoc,,
3315,699,filterLoc,,
3315,702,filterLoc,,
3315,705,filterLoc,,
3315,708,filterLoc,,
3315,711,filterLoc,,
3315,714,filterLoc,,
3315,717,filterLoc,,
3315,720,filterLoc,,
3315,723,filterLoc,,
3315,726,filterLoc,,
3315,729,filterLoc,,
3315,732,filterLoc,,
3315,735,filterLoc,,
3315,738,filterLoc,,
3315,741,filterLoc,,
3315,744,filterLoc,,
3315,747,filterLoc,,
3315,750,filterLoc,,
3315,753,filterLoc,,
3315,756,filterLoc,,
3315,759,filterLoc,,
3315,762,filterLoc,,
3315,765,filterLoc,,
3315,768,filterLoc,,
3315,771,filterLoc,,
3315,774,filterLoc,,
3315,777,filterLoc,,
3315,780,filterLoc,,
3315,783,filterLoc,,
3315,786,filterLoc,,
3315,789,filterLoc,,
3315,792,filterLoc,,
3315,795,filterLoc,,
3315,798,filterLoc,,
3315,801,filterLoc,,
3315,804,filterLoc,,
3315,807,filterLoc,,;Evacuee;400;in triage category;G;is entering helicopter;5
3315,810,filterLoc,,
3315,813,filterLoc,,
3315,816,filterLoc,,
3315,819,filterLoc,,
3315,822,filterLoc,,
3315,825,filterLoc,,
3315,828,filterLoc,,
3315,831,filterLoc,,
3315,834,filterLoc,,
3315,837,filterLoc,,
3315,840,filterLoc,,
3315,843,filterLoc,,
3315,846,filterLoc,,
3315,849,filterLoc,,
3315,852,filterLoc,,
3315,855,filterLoc,,
3315,858,filterLoc,,
3315,861,filterLoc,,
3315,864,filterLoc,,
3315,867,filterLoc,,
3315,870,filterLoc,,
3315,873,filterLoc,,
3315,876,filterLoc,,
3315,879,filterLoc,,
3315,882,filterLoc,,
3315,885,filterLoc,,
3315,888,filterLoc,,
3315,891,filterLoc,,
3315,894,filterLoc,,
3315,897,filterLoc,,
3315,900,filterLoc,,
3315,903,filterLoc,,
3315,906,filterLoc,,
3315,909,filterLoc,,
3315,912,filterLoc,,
3315,915,filterLoc,,
3315,918,filterLoc,,
3315,921,filterLoc,,
3315,924,filterLoc,,
3315,927,filterLoc,,
3315,930,filterLoc,,
3315,933,filterLoc,,
3315,936,filterLoc,,
3315,939,filterLoc,,
3315,942,filterLoc,,
3315,945,filterLoc,,
3315,948,filterLoc,,
3315,951,filterLoc,,
3315,954,filterLoc,,
3315,957,filterLoc,,
3315,960,filterLoc,,
3315,963,filterLoc,,
3315,966,filterLoc,,
3315,969,filterLoc,,
3315,972,filterLoc,,
3315,975,filterLoc,,
3315,978,filterLoc,,
3315,981,filterLoc,,
3315,984,filterLoc,,
3315,987,filterLoc,,
3315,990,filterLoc,,
3315,993,filterLoc,,
3315,996,filterLoc,,
3315,999,filterLoc,,
3315,1002,filterLoc,,
3315,1005,filterLoc,,
3315,1008,filterLoc,,
3315,1011,filterLoc,,
3315,1014,filterLoc,,
3315,1017,filterLoc,,
3315,1020,filterLoc,,
3315,1023,filterLoc,,
3315,1026,filterLoc,,
3315,1029,filterLoc,,
3315,1032,filterLoc,,
3315,1035,filterLoc,,
3315,1038,filterLoc,,
3315,1041,filterLoc,,
3315,1044,filterLoc,,
3315,1047,filterLoc,,
3315,1050,filterLoc,,
3315,1053,filterLoc,,
3315,1056,filterLoc,,
3315,1059,filterLoc,,
3315,1062,filterLoc,,
3315,1065,filterLoc,,
3315,1068,filterLoc,,
3315,1071,filterLoc,,
3315,1074,filterLoc,,
3315,1077,filterLoc,,
3315,1080,filterLoc,,
3315,1083,filterLoc,,
3315,1086,filterLoc,,
3315,1089,filterLoc,,
3315,1092,filterLoc,,
3315,1095,filterLoc,,
3315,1098,filterLoc,,;Evacuee;391;in triage category;G;is entering helicopter;5
3315,1101,filterLoc,,
3315,1104,filterLoc,,
3315,1107,filterLoc,,
3315,1110,filterLoc,,
3315,1113,filterLoc,,
3315,1116,filterLoc,,
3315,1119,filterLoc,,
3315,1122,filterLoc,,
3315,1125,filterLoc,,
3315,1128,filterLoc,,
3315,1135,filterLoc,,
3315,1138,filterLoc,,
3315,1141,filterLoc,,
3315,1144,filterLoc,,
3315,1147,filterLoc,,
3315,1150,filterLoc,,
3315,1153,filterLoc,,
3315,1156,filterLoc,,
3315,1159,filterLoc,,
3315,1162,filterLoc,,
3315,1165,filterLoc,,
3315,1168,filterLoc,,
3315,1175,filterLoc,,
3315,1178,filterLoc,,
3315,1181,filterLoc,,
3315,1184,filterLoc,,
3315,1187,filterLoc,,
3315,1190,filterLoc,,
3315,1193,filterLoc,,
3315,1196,filterLoc,,
3315,1199,filterLoc,,
3315,1202,filterLoc,,
3315,1205,filterLoc,,
3315,1208,filterLoc,,
3315,1211,filterLoc,,
3315,1214,filterLoc,,
3315,1217,filterLoc,,
3315,1220,filterLoc,,
3315,1223,filterLoc,,
3315,1226,filterLoc,,
3315,1229,filterLoc,,
3315,1232,filterLoc,,
3315,1235,filterLoc,,
3315,1238,filterLoc,,
3315,1241,filterLoc,,
3315,1244,filterLoc,,
3315,1247,filterLoc,,
3315,1250,filterLoc,,
3315,1253,filterLoc,,
3315,1256,filterLoc,,
3315,1259,filterLoc,,
3315,1262,filterLoc,,
3315,1265,filterLoc,,
3315,1268,filterLoc,,
3315,1271,filterLoc,,
3315,1274,filterLoc,,
3315,1277,filterLoc,,
3315,1280,filterLoc,,
3315,1283,filterLoc,,
3315,1286,filterLoc,,
3315,1289,filterLoc,,
3315,1292,filterLoc,,
3315,1295,filterLoc,,
3315,1298,filterLoc,,
3315,1301,filterLoc,,
3315,1304,filterLoc,,
3315,1307,filterLoc,,
3315,1310,filterLoc,,
3315,1313,filterLoc,,
3315,1316,filterLoc,,
3315,1319,filterLoc,,
3315,1322,filterLoc,,
3315,1325,filterLoc,,
3315,1328,filterLoc,,
3315,1331,filterLoc,,
3315,1334,filterLoc,,
3315,1337,filterLoc,,
3315,1340,filterLoc,,
3315,1343,filterLoc,,
3315,1346,filterLoc,,
3315,1349,filterLoc,,
3315,1352,filterLoc,,
3315,1355,filterLoc,,
3315,1358,filterLoc,,
3315,1361,filterLoc,,
3315,1364,filterLoc,,
3315,1367,filterLoc,,
3315,1370,filterLoc,,
3315,1373,filterLoc,,
3315,1376,filterLoc,,
3315,1379,filterLoc,,
3315,1382,filterLoc,,
3315,1385,filterLoc,,
3315,1388,filterLoc,,
3315,1391,filterLoc,,
3315,1394,filterLoc,,
3315,1397,filterLoc,,;Evacuee;390;in triage category;G;is entering helicopter;5
3315,1400,filterLoc,,
3315,1403,filterLoc,,
3315,1406,filterLoc,,
3315,1409,filterLoc,,
3315,1412,filterLoc,,
3315,1415,filterLoc,,
3315,1418,filterLoc,,
3315,1421,filterLoc,,
3315,1424,filterLoc,,
3315,1427,filterLoc,,
3315,1430,filterLoc,,
3315,1433,filterLoc,,
3315,1436,filterLoc,,
3315,1439,filterLoc,,
3315,1442,filterLoc,,
3315,1445,filterLoc,,
3315,1448,filterLoc,,
3315,1451,filterLoc,,
3315,1454,filterLoc,,
3315,1457,filterLoc,,
3315,1460,filterLoc,,
3315,1463,filterLoc,,
3315,1466,filterLoc,,
3315,1469,filterLoc,,
3315,1472,filterLoc,,
3315,1475,filterLoc,,
3315,1478,filterLoc,,
3315,1481,filterLoc,,
3315,1484,filterLoc,,
3315,1487,filterLoc,,
3315,1490,filterLoc,,
3315,1493,filterLoc,,
3315,1496,filterLoc,,
3315,1499,filterLoc,,
3315,1502,filterLoc,,
3315,1505,filterLoc,,
3315,1508,filterLoc,,
3315,1511,filterLoc,,
3315,1514,filterLoc,,
3315,1517,filterLoc,,
3315,1520,filterLoc,,
3315,1523,filterLoc,,
3315,1526,filterLoc,,
3315,1529,filterLoc,,
3315,150,filterLoc,out,Evacuee 404 in triage category G is assigned helicopter 5
3315,150,filterLoc,,
3315,151,evacuee,,Evacuee;404;in triage state;G;is entering helicopter;5
3315,153,filterLoc,out,Evacuee 403 in triage category G is assigned helicopter 5
3315,153,filterLoc,,
3315,154,evacuee,,Evacuee;403;in triage state;G;is entering helicopter;5
3315,156,filterLoc,out,Evacuee 401 in triage category G is assigned helicopter 5
3315,156,filterLoc,,
3315,157,evacuee,,Evacuee;401;in triage state;G;is entering helicopter;5
3315,159,filterLoc,out,Evacuee 398 in triage category G is assigned helicopter 5
3315,159,filterLoc,,
3315,160,evacuee,,Evacuee;398;in triage state;G;is entering helicopter;5
3315,162,filterLoc,out,Evacuee 397 in triage category G is assigned helicopter 5
3315,162,filterLoc,,
3315,163,evacuee,,Evacuee;397;in triage state;G;is entering helicopter;5
3315,168,filterLoc,out,Evacuee 396 in triage category G is assigned helicopter 5
3315,168,filterLoc,,
3315,169,evacuee,,Evacuee;396;in triage state;G;is entering helicopter;5
3315,302,filterLoc,out,Evacuee 410 in triage category G is assigned helicopter 5
3315,302,filterLoc,,
3315,303,evacuee,,Evacuee;410;in triage state;G;is entering helicopter;5
3315,807,filterLoc,out,Evacuee 400 in triage category G is assigned helicopter 5
3315,807,filterLoc,,
3315,808,evacuee,,Evacuee;400;in triage state;G;is entering helicopter;5
3315,1098,filterLoc,out,Evacuee 391 in triage category G is assigned helicopter 5
3315,1098,filterLoc,,
3315,1099,evacuee,,Evacuee;391;in triage state;G;is entering helicopter;5
3315,1397,filterLoc,out,Evacuee 390 in triage category G is assigned helicopter 5
3315,1397,filterLoc,,
3315,1398,evacuee,,Evacuee;390;in triage state;G;is entering helicopter;5
3315,7,filterEvac,,
3315,107,filterEvac,,
3315,151,evacuee,outHelo,Evacuee 404 in triage category G is assigned helicopter 5
3315,151,evacuee,,Evacuee;404;in triage state;G;is in helicopter;5
3315,154,evacuee,outHelo,Evacuee 403 in triage category G is assigned helicopter 5
3315,154,evacuee,,Evacuee;403;in triage state;G;is in helicopter;5
3315,157,evacuee,outHelo,Evacuee 401 in triage category G is assigned helicopter 5
3315,157,evacuee,,Evacuee;401;in triage state;G;is in helicopter;5
3315,160,evacuee,outHelo,Evacuee 398 in triage category G is assigned helicopter 5
3315,160,evacuee,,Evacuee;398;in triage state;G;is in helicopter;5
3315,163,evacuee,outHelo,Evacuee 397 in triage category G is assigned helicopter 5
3315,163,evacuee,,Evacuee;397;in triage state;G;is in helicopter;5
3315,169,evacuee,outHelo,Evacuee 396 in triage category G is assigned helicopter 5
3315,169,evacuee,,Evacuee;396;in triage state;G;is in helicopter;5
3315,292,filterEvac,,
3315,303,evacuee,outHelo,Evacuee 410 in triage category G is assigned helicopter 5
3315,303,evacuee,,Evacuee;410;in triage state;G;is in helicopter;5
3315,572,filterEvac,,;Evacuee;390;in triage category;G;is entering helicopter;5;Evacuee;391;in triage category;G;is entering helicopter;5;Evacuee;396;in triage category;G;is entering helicopter;5;Evacuee;397;in triage category;G;is entering helicopter;5;Evacuee;398;in triage category;G;is entering helicopter;5;Evacuee;400;in triage category;G;is entering helicopter;5;Evacuee;401;in triage category;G;is entering helicopter;5;Evacuee;403;in triage category;G;is entering helicopter;5;Evacuee;404;in triage category;G;is entering helicopter;5;Evacuee;410;in triage category;G;is entering helicopter;5
3315,808,evacuee,outHelo,Evacuee 400 in triage category G is assigned helicopter 5
3315,808,evacuee,,Evacuee;400;in triage state;G;is in helicopter;5
3315,1099,evacuee,outHelo,Evacuee 391 in triage category G is assigned helicopter 5
3315,1099,evacuee,,Evacuee;391;in triage state;G;is in helicopter;5
3315,1131,filterEvac,,
3315,1171,filterEvac,,
3315,1398,evacuee,outHelo,Evacuee 390 in triage category G is assigned helicopter 5
3315,1398,evacuee,,Evacuee;390;in triage state;G;is in helicopter;5
3315,572,filterEvac,out,Evacuee 390 in triage category G is assigned helicopter 5
3315,572,filterEvac,out,Evacuee 391 in triage category G is assigned helicopter 5
3315,572,filterEvac,out,Evacuee 396 in triage category G is assigned helicopter 5
3315,572,filterEvac,out,Evacuee 397 in triage category G is assigned helicopter 5
3315,572,filterEvac,out,Evacuee 398 in triage category G is assigned helicopter 5
3315,572,filterEvac,out,Evacuee 400 in triage category G is assigned helicopter 5
3315,572,filterEvac,out,Evacuee 401 in triage category G is assigned helicopter 5
3315,572,filterEvac,out,Evacuee 403 in triage category G is assigned helicopter 5
3315,572,filterEvac,out,Evacuee 404 in triage category G is assigned helicopter 5
3315,572,filterEvac,out,Evacuee 410 in triage category G is assigned helicopter 5
3315,572,filterEvac,,
3315,574,helicopter,,Helicopter;5;is loading people at the evacuation site;;and has;10;spots taken
3330,4,helipadManager,outHelo,Helicopter 5 is evacuating people5
3330,4,helipadManager,,;No helos are at ES
3330,8,filterES,,
3330,11,filterLoc,,
3330,14,filterLoc,,
3330,17,filterLoc,,
3330,20,filterLoc,,
3330,23,filterLoc,,
3330,26,filterLoc,,
3330,29,filterLoc,,
3330,32,filterLoc,,
3330,35,filterLoc,,
3330,38,filterLoc,,
3330,41,filterLoc,,
3330,44,filterLoc,,
3330,47,filterLoc,,
3330,50,filterLoc,,
3330,53,filterLoc,,
3330,56,filterLoc,,
3330,59,filterLoc,,
3330,62,filterLoc,,
3330,65,filterLoc,,
3330,68,filterLoc,,
3330,71,filterLoc,,
3330,74,filterLoc,,
3330,77,filterLoc,,
3330,80,filterLoc,,
3330,83,filterLoc,,
3330,86,filterLoc,,
3330,89,filterLoc,,
3330,92,filterLoc,,
3330,95,filterLoc,,
3330,98,filterLoc,,
3330,101,filterLoc,,
3330,104,filterLoc,,
3330,108,filterES,,
3330,111,filterLoc,,
3330,114,filterLoc,,
3330,117,filterLoc,,
3330,120,filterLoc,,
3330,123,filterLoc,,
3330,126,filterLoc,,
3330,129,filterLoc,,
3330,132,filterLoc,,
3330,135,filterLoc,,
3330,138,filterLoc,,
3330,141,filterLoc,,
3330,144,filterLoc,,
3330,147,filterLoc,,
3330,150,filterLoc,,
3330,153,filterLoc,,
3330,156,filterLoc,,
3330,159,filterLoc,,
3330,162,filterLoc,,
3330,165,filterLoc,,
3330,168,filterLoc,,
3330,171,filterLoc,,
3330,174,filterLoc,,
3330,177,filterLoc,,
3330,180,filterLoc,,
3330,183,filterLoc,,
3330,186,filterLoc,,
3330,189,filterLoc,,
3330,192,filterLoc,,
3330,195,filterLoc,,
3330,198,filterLoc,,
3330,201,filterLoc,,
3330,204,filterLoc,,
3330,207,filterLoc,,
3330,210,filterLoc,,
3330,213,filterLoc,,
3330,216,filterLoc,,
3330,219,filterLoc,,
3330,222,filterLoc,,
3330,225,filterLoc,,
3330,229,filterLoc,,
3330,232,filterLoc,,
3330,235,filterLoc,,
3330,238,filterLoc,,
3330,241,filterLoc,,
3330,244,filterLoc,,
3330,247,filterLoc,,
3330,250,filterLoc,,
3330,253,filterLoc,,
3330,256,filterLoc,,
3330,259,filterLoc,,
3330,262,filterLoc,,
3330,265,filterLoc,,
3330,268,filterLoc,,
3330,271,filterLoc,,
3330,274,filterLoc,,
3330,277,filterLoc,,
3330,280,filterLoc,,
3330,283,filterLoc,,
3330,286,filterLoc,,
3330,289,filterLoc,,
3330,293,filterES,,
3330,296,filterLoc,,
3330,299,filterLoc,,
3330,302,filterLoc,,
3330,305,filterLoc,,
3330,308,filterLoc,,
3330,311,filterLoc,,;Evacuee;325;in triage category;G;is leaving helicopter;1
3330,314,filterLoc,,
3330,317,filterLoc,,;Evacuee;322;in triage category;G;is leaving helicopter;1
3330,320,filterLoc,,
3330,323,filterLoc,,
3330,326,filterLoc,,
3330,329,filterLoc,,
3330,332,filterLoc,,
3330,335,filterLoc,,
3330,338,filterLoc,,
3330,341,filterLoc,,
3330,344,filterLoc,,
3330,347,filterLoc,,
3330,350,filterLoc,,
3330,353,filterLoc,,
3330,356,filterLoc,,
3330,359,filterLoc,,
3330,362,filterLoc,,
3330,365,filterLoc,,
3330,368,filterLoc,,
3330,371,filterLoc,,
3330,374,filterLoc,,
3330,377,filterLoc,,;Evacuee;292;in triage category;G;is leaving helicopter;1
3330,380,filterLoc,,;Evacuee;291;in triage category;G;is leaving helicopter;1
3330,383,filterLoc,,;Evacuee;290;in triage category;G;is leaving helicopter;1
3330,386,filterLoc,,
3330,389,filterLoc,,
3330,392,filterLoc,,
3330,395,filterLoc,,
3330,398,filterLoc,,
3330,401,filterLoc,,
3330,404,filterLoc,,
3330,407,filterLoc,,
3330,410,filterLoc,,
3330,413,filterLoc,,
3330,416,filterLoc,,
3330,419,filterLoc,,
3330,422,filterLoc,,
3330,425,filterLoc,,
3330,428,filterLoc,,
3330,431,filterLoc,,
3330,434,filterLoc,,
3330,437,filterLoc,,
3330,440,filterLoc,,
3330,443,filterLoc,,
3330,446,filterLoc,,
3330,449,filterLoc,,
3330,452,filterLoc,,
3330,455,filterLoc,,
3330,458,filterLoc,,
3330,461,filterLoc,,
3330,464,filterLoc,,
3330,467,filterLoc,,
3330,470,filterLoc,,
3330,473,filterLoc,,
3330,476,filterLoc,,
3330,479,filterLoc,,
3330,482,filterLoc,,
3330,485,filterLoc,,
3330,488,filterLoc,,
3330,491,filterLoc,,
3330,494,filterLoc,,
3330,497,filterLoc,,
3330,500,filterLoc,,
3330,503,filterLoc,,
3330,506,filterLoc,,
3330,509,filterLoc,,
3330,512,filterLoc,,
3330,515,filterLoc,,
3330,518,filterLoc,,
3330,521,filterLoc,,
3330,524,filterLoc,,
3330,527,filterLoc,,;Evacuee;302;in triage category;G;is leaving helicopter;1
3330,530,filterLoc,,
3330,533,filterLoc,,;Evacuee;299;in triage category;G;is leaving helicopter;1
3330,536,filterLoc,,
3330,539,filterLoc,,
3330,542,filterLoc,,
3330,545,filterLoc,,
3330,548,filterLoc,,
3330,551,filterLoc,,
3330,554,filterLoc,,
3330,557,filterLoc,,
3330,560,filterLoc,,
3330,563,filterLoc,,
3330,566,filterLoc,,
3330,569,filterLoc,,
3330,573,filterES,,Helicopter;5;is evacuating people
3330,576,filterLoc,,
3330,579,filterLoc,,
3330,582,filterLoc,,
3330,585,filterLoc,,
3330,588,filterLoc,,
3330,591,filterLoc,,
3330,594,filterLoc,,
3330,597,filterLoc,,
3330,600,filterLoc,,
3330,603,filterLoc,,;Evacuee;324;in triage category;G;is leaving helicopter;1
3330,606,filterLoc,,
3330,609,filterLoc,,
3330,612,filterLoc,,
3330,615,filterLoc,,
3330,618,filterLoc,,
3330,621,filterLoc,,
3330,624,filterLoc,,
3330,627,filterLoc,,
3330,630,filterLoc,,
3330,633,filterLoc,,
3330,636,filterLoc,,
3330,639,filterLoc,,
3330,642,filterLoc,,
3330,645,filterLoc,,
3330,648,filterLoc,,
3330,651,filterLoc,,
3330,654,filterLoc,,
3330,657,filterLoc,,
3330,660,filterLoc,,
3330,663,filterLoc,,
3330,666,filterLoc,,
3330,669,filterLoc,,
3330,672,filterLoc,,
3330,675,filterLoc,,
3330,678,filterLoc,,
3330,681,filterLoc,,
3330,684,filterLoc,,;Evacuee;300;in triage category;G;is leaving helicopter;1
3330,687,filterLoc,,
3330,690,filterLoc,,
3330,693,filterLoc,,
3330,696,filterLoc,,
3330,699,filterLoc,,
3330,702,filterLoc,,
3330,705,filterLoc,,
3330,708,filterLoc,,
3330,711,filterLoc,,
3330,714,filterLoc,,
3330,717,filterLoc,,
3330,720,filterLoc,,
3330,723,filterLoc,,
3330,726,filterLoc,,
3330,729,filterLoc,,
3330,732,filterLoc,,
3330,735,filterLoc,,
3330,738,filterLoc,,
3330,741,filterLoc,,
3330,744,filterLoc,,
3330,747,filterLoc,,
3330,750,filterLoc,,
3330,753,filterLoc,,
3330,756,filterLoc,,
3330,759,filterLoc,,
3330,762,filterLoc,,
3330,765,filterLoc,,
3330,768,filterLoc,,
3330,771,filterLoc,,
3330,774,filterLoc,,
3330,777,filterLoc,,
3330,780,filterLoc,,
3330,783,filterLoc,,
3330,786,filterLoc,,
3330,789,filterLoc,,
3330,792,filterLoc,,
3330,795,filterLoc,,
3330,798,filterLoc,,
3330,801,filterLoc,,
3330,804,filterLoc,,
3330,807,filterLoc,,
3330,810,filterLoc,,
3330,813,filterLoc,,
3330,816,filterLoc,,
3330,819,filterLoc,,
3330,822,filterLoc,,
3330,825,filterLoc,,
3330,828,filterLoc,,
3330,831,filterLoc,,
3330,834,filterLoc,,
3330,837,filterLoc,,
3330,840,filterLoc,,
3330,843,filterLoc,,
3330,846,filterLoc,,
3330,849,filterLoc,,
3330,852,filterLoc,,
3330,855,filterLoc,,
3330,858,filterLoc,,
3330,861,filterLoc,,
3330,864,filterLoc,,
3330,867,filterLoc,,
3330,870,filterLoc,,
3330,873,filterLoc,,
3330,876,filterLoc,,
3330,879,filterLoc,,
3330,882,filterLoc,,
3330,885,filterLoc,,
3330,888,filterLoc,,
3330,891,filterLoc,,
3330,894,filterLoc,,
3330,897,filterLoc,,
3330,900,filterLoc,,
3330,903,filterLoc,,
3330,906,filterLoc,,
3330,909,filterLoc,,
3330,912,filterLoc,,
3330,915,filterLoc,,
3330,918,filterLoc,,
3330,921,filterLoc,,
3330,924,filterLoc,,
3330,927,filterLoc,,
3330,930,filterLoc,,
3330,933,filterLoc,,
3330,936,filterLoc,,
3330,939,filterLoc,,
3330,942,filterLoc,,
3330,945,filterLoc,,
3330,948,filterLoc,,
3330,951,filterLoc,,
3330,954,filterLoc,,
3330,957,filterLoc,,
3330,960,filterLoc,,
3330,963,filterLoc,,
3330,966,filterLoc,,
3330,969,filterLoc,,
3330,972,filterLoc,,
3330,975,filterLoc,,
3330,978,filterLoc,,
3330,981,filterLoc,,
3330,984,filterLoc,,
3330,987,filterLoc,,
3330,990,filterLoc,,
3330,993,filterLoc,,
3330,996,filterLoc,,
3330,999,filterLoc,,
3330,1002,filterLoc,,
3330,1005,filterLoc,,
3330,1008,filterLoc,,
3330,1011,filterLoc,,
3330,1014,filterLoc,,
3330,1017,filterLoc,,
3330,1020,filterLoc,,
3330,1023,filterLoc,,
3330,1026,filterLoc,,
3330,1029,filterLoc,,
3330,1032,filterLoc,,
3330,1035,filterLoc,,
3330,1038,filterLoc,,
3330,1041,filterLoc,,
3330,1044,filterLoc,,
3330,1047,filterLoc,,
3330,1050,filterLoc,,
3330,1053,filterLoc,,
3330,1056,filterLoc,,
3330,1059,filterLoc,,
3330,1062,filterLoc,,
3330,1065,filterLoc,,
3330,1068,filterLoc,,
3330,1071,filterLoc,,
3330,1074,filterLoc,,
3330,1077,filterLoc,,
3330,1080,filterLoc,,
3330,1083,filterLoc,,
3330,1086,filterLoc,,
3330,1089,filterLoc,,
3330,1092,filterLoc,,
3330,1095,filterLoc,,
3330,1098,filterLoc,,
3330,1101,filterLoc,,
3330,1104,filterLoc,,
3330,1107,filterLoc,,
3330,1110,filterLoc,,
3330,1113,filterLoc,,
3330,1116,filterLoc,,
3330,1119,filterLoc,,
3330,1122,filterLoc,,
3330,1125,filterLoc,,
3330,1128,filterLoc,,
3330,1132,filterES,,
3330,1135,filterLoc,,
3330,1138,filterLoc,,
3330,1141,filterLoc,,
3330,1144,filterLoc,,
3330,1147,filterLoc,,
3330,1150,filterLoc,,
3330,1153,filterLoc,,
3330,1156,filterLoc,,
3330,1159,filterLoc,,
3330,1162,filterLoc,,
3330,1165,filterLoc,,
3330,1168,filterLoc,,
3330,1172,filterES,,
3330,1173,helicopter,outEvac,Evacuee 290 in triage category G is not assigned a helicopter
3330,1173,helicopter,outEvac,Evacuee 291 in triage category G is not assigned a helicopter
3330,1173,helicopter,outEvac,Evacuee 292 in triage category G is not assigned a helicopter
3330,1173,helicopter,outEvac,Evacuee 299 in triage category G is not assigned a helicopter
3330,1173,helicopter,outEvac,Evacuee 300 in triage category G is not assigned a helicopter
3330,1173,helicopter,outEvac,Evacuee 302 in triage category G is not assigned a helicopter
3330,1173,helicopter,outEvac,Evacuee 322 in triage category G is not assigned a helicopter
3330,1173,helicopter,outEvac,Evacuee 323 in triage category G is not assigned a helicopter
3330,1173,helicopter,outEvac,Evacuee 324 in triage category G is not assigned a helicopter
3330,1173,helicopter,outEvac,Evacuee 325 in triage category G is not assigned a helicopter
3330,1173,helicopter,,Helicopter;1;is unloading people at the FOL;;and has;0;spots taken
3330,1175,filterLoc,,
3330,1178,filterLoc,,
3330,1181,filterLoc,,
3330,1184,filterLoc,,
3330,1187,filterLoc,,
3330,1190,filterLoc,,
3330,1193,filterLoc,,
3330,1196,filterLoc,,
3330,1199,filterLoc,,
3330,1202,filterLoc,,
3330,1205,filterLoc,,
3330,1208,filterLoc,,
3330,1211,filterLoc,,
3330,1214,filterLoc,,
3330,1217,filterLoc,,
3330,1220,filterLoc,,
3330,1223,filterLoc,,
3330,1226,filterLoc,,
3330,1229,filterLoc,,
3330,1232,filterLoc,,
3330,1235,filterLoc,,
3330,1238,filterLoc,,
3330,1241,filterLoc,,
3330,1244,filterLoc,,
3330,1247,filterLoc,,
3330,1250,filterLoc,,
3330,1253,filterLoc,,
3330,1256,filterLoc,,
3330,1259,filterLoc,,
3330,1262,filterLoc,,
3330,1265,filterLoc,,
3330,1268,filterLoc,,
3330,1271,filterLoc,,
3330,1274,filterLoc,,
3330,1277,filterLoc,,
3330,1280,filterLoc,,
3330,1283,filterLoc,,
3330,1286,filterLoc,,
3330,1289,filterLoc,,
3330,1292,filterLoc,,
3330,1295,filterLoc,,
3330,1298,filterLoc,,
3330,1301,filterLoc,,
3330,1304,filterLoc,,
3330,1307,filterLoc,,
3330,1310,filterLoc,,
3330,1313,filterLoc,,
3330,1316,filterLoc,,
3330,1319,filterLoc,,
3330,1322,filterLoc,,
3330,1325,filterLoc,,
3330,1328,filterLoc,,
3330,1331,filterLoc,,
3330,1334,filterLoc,,
3330,1337,filterLoc,,
3330,1340,filterLoc,,
3330,1343,filterLoc,,
3330,1346,filterLoc,,
3330,1349,filterLoc,,
3330,1352,filterLoc,,
3330,1355,filterLoc,,
3330,1358,filterLoc,,
3330,1361,filterLoc,,
3330,1364,filterLoc,,
3330,1367,filterLoc,,
3330,1370,filterLoc,,
3330,1373,filterLoc,,
3330,1376,filterLoc,,
3330,1379,filterLoc,,
3330,1382,filterLoc,,
3330,1385,filterLoc,,
3330,1388,filterLoc,,
3330,1391,filterLoc,,
3330,1394,filterLoc,,
3330,1397,filterLoc,,
3330,1400,filterLoc,,
3330,1403,filterLoc,,
3330,1406,filterLoc,,
3330,1409,filterLoc,,;Evacuee;323;in triage category;G;is leaving helicopter;1
3330,1412,filterLoc,,
3330,1415,filterLoc,,
3330,1418,filterLoc,,
3330,1421,filterLoc,,
3330,1424,filterLoc,,
3330,1427,filterLoc,,
3330,1430,filterLoc,,
3330,1433,filterLoc,,
3330,1436,filterLoc,,
3330,1439,filterLoc,,
3330,1442,filterLoc,,
3330,1445,filterLoc,,
3330,1448,filterLoc,,
3330,1451,filterLoc,,
3330,1454,filterLoc,,
3330,1457,filterLoc,,
3330,1460,filterLoc,,
3330,1463,filterLoc,,
3330,1466,filterLoc,,
3330,1469,filterLoc,,
3330,1472,filterLoc,,
3330,1475,filterLoc,,
3330,1478,filterLoc,,
3330,1481,filterLoc,,
3330,1484,filterLoc,,
3330,1487,filterLoc,,
3330,1490,filterLoc,,
3330,1493,filterLoc,,
3330,1496,filterLoc,,
3330,1499,filterLoc,,
3330,1502,filterLoc,,
3330,1505,filterLoc,,
3330,1508,filterLoc,,
3330,1511,filterLoc,,
3330,1514,filterLoc,,
3330,1517,filterLoc,,
3330,1520,filterLoc,,
3330,1523,filterLoc,,
3330,1526,filterLoc,,
3330,1529,filterLoc,,
3330,4,helipadManager,outHQ,0
3330,4,helipadManager,,;No helos are at ES
3330,5,helicopterQueue,,;No helos are waiting to land
3330,311,filterLoc,out,Evacuee 325 in triage category G is not assigned a helicopter
3330,311,filterLoc,,
3330,312,evacuee,,Evacuee;325;in triage state;G;is entering the FOL
3330,317,filterLoc,out,Evacuee 322 in triage category G is not assigned a helicopter
3330,317,filterLoc,,
3330,318,evacuee,,Evacuee;322;in triage state;G;is entering the FOL
3330,377,filterLoc,out,Evacuee 292 in triage category G is not assigned a helicopter
3330,377,filterLoc,,
3330,378,evacuee,,Evacuee;292;in triage state;G;is entering the FOL
3330,380,filterLoc,out,Evacuee 291 in triage category G is not assigned a helicopter
3330,380,filterLoc,,
3330,381,evacuee,,Evacuee;291;in triage state;G;is entering the FOL
3330,383,filterLoc,out,Evacuee 290 in triage category G is not assigned a helicopter
3330,383,filterLoc,,
3330,384,evacuee,,Evacuee;290;in triage state;G;is entering the FOL
3330,527,filterLoc,out,Evacuee 302 in triage category G is not assigned a helicopter
3330,527,filterLoc,,
3330,528,evacuee,,Evacuee;302;in triage state;G;is entering the FOL
3330,533,filterLoc,out,Evacuee 299 in triage category G is not assigned a helicopter
3330,533,filterLoc,,
3330,534,evacuee,,Evacuee;299;in triage state;G;is entering the FOL
3330,573,filterES,out,Helicopter 5 is evacuating people5
3330,573,filterES,,
3330,574,helicopter,,Helicopter;5;is loading people at the evacuation site;;and has;10;spots taken
3330,603,filterLoc,out,Evacuee 324 in triage category G is not assigned a helicopter
3330,603,filterLoc,,
3330,604,evacuee,,Evacuee;324;in triage state;G;is entering the FOL
3330,684,filterLoc,out,Evacuee 300 in triage category G is not assigned a helicopter
3330,684,filterLoc,,
3330,685,evacuee,,Evacuee;300;in triage state;G;is entering the FOL
3330,1409,filterLoc,out,Evacuee 323 in triage category G is not assigned a helicopter
3330,1409,filterLoc,,
3330,1410,evacuee,,Evacuee;323;in triage state;G;is entering the FOL
3330,5,helicopterQueue,,;No helos are waiting to land
3330,227,FOL,,;EvacueeID;4;Triage Status;G;EvacueeID;7;Triage Status;G;EvacueeID;10;Triage Status;G;EvacueeID;11;Triage Status;G;EvacueeID;13;Triage Status;G;EvacueeID;14;Triage Status;G;EvacueeID;15;Triage Status;G;EvacueeID;17;Triage Status;G;EvacueeID;18;Triage Status;G;EvacueeID;19;Triage Status;G;EvacueeID;23;Triage Status;G;EvacueeID;24;Triage Status;G;EvacueeID;26;Triage Status;G;EvacueeID;28;Triage Status;G;EvacueeID;29;Triage Status;G;EvacueeID;32;Triage Status;G;EvacueeID;37;Triage Status;G;EvacueeID;45;Triage Status;G;EvacueeID;48;Triage Status;G;EvacueeID;50;Triage Status;G;EvacueeID;54;Triage Status;G;EvacueeID;55;Triage Status;G;EvacueeID;58;Triage Status;G;EvacueeID;60;Triage Status;G;EvacueeID;65;Triage Status;G;EvacueeID;67;Triage Status;G;EvacueeID;73;Triage Status;G;EvacueeID;75;Triage Status;G;EvacueeID;77;Triage Status;G;EvacueeID;78;Triage Status;G;EvacueeID;82;Triage Status;G;EvacueeID;85;Triage Status;G;EvacueeID;95;Triage Status;G;EvacueeID;98;Triage Status;G;EvacueeID;99;Triage Status;G;EvacueeID;100;Triage Status;G;EvacueeID;101;Triage Status;G;EvacueeID;109;Triage Status;G;EvacueeID;112;Triage Status;G;EvacueeID;114;Triage Status;G;EvacueeID;123;Triage Status;G;EvacueeID;125;Triage Status;G;EvacueeID;126;Triage Status;G;EvacueeID;142;Triage Status;G;EvacueeID;144;Triage Status;G;EvacueeID;147;Triage Status;G;EvacueeID;153;Triage Status;G;EvacueeID;156;Triage Status;G;EvacueeID;158;Triage Status;G;EvacueeID;159;Triage Status;G;EvacueeID;161;Triage Status;G;EvacueeID;174;Triage Status;G;EvacueeID;177;Triage Status;G;EvacueeID;179;Triage Status;G;EvacueeID;181;Triage Status;G;EvacueeID;183;Triage Status;G;EvacueeID;184;Triage Status;G;EvacueeID;187;Triage Status;G;EvacueeID;190;Triage Status;G;EvacueeID;200;Triage Status;G;EvacueeID;201;Triage Status;G;EvacueeID;202;Triage Status;G;EvacueeID;203;Triage Status;G;EvacueeID;204;Triage Status;G;EvacueeID;205;Triage Status;G;EvacueeID;209;Triage Status;G;EvacueeID;212;Triage Status;G;EvacueeID;213;Triage Status;G;EvacueeID;215;Triage Status;G;EvacueeID;220;Triage Status;G;EvacueeID;226;Triage Status;G;EvacueeID;227;Triage Status;G;EvacueeID;232;Triage Status;G;EvacueeID;233;Triage Status;G;EvacueeID;234;Triage Status;G;EvacueeID;236;Triage Status;G;EvacueeID;241;Triage Status;G;EvacueeID;246;Triage Status;G;EvacueeID;255;Triage Status;G;EvacueeID;259;Triage Status;G;EvacueeID;260;Triage Status;G;EvacueeID;262;Triage Status;G;EvacueeID;263;Triage Status;G;EvacueeID;264;Triage Status;G;EvacueeID;267;Triage Status;G;EvacueeID;268;Triage Status;G;EvacueeID;270;Triage Status;G;EvacueeID;272;Triage Status;G;EvacueeID;275;Triage Status;G;EvacueeID;288;Triage Status;G;EvacueeID;290;Triage Status;G;EvacueeID;291;Triage Status;G;EvacueeID;292;Triage Status;G;EvacueeID;299;Triage Status;G;EvacueeID;300;Triage Status;G;EvacueeID;302;Triage Status;G;EvacueeID;322;Triage Status;G;EvacueeID;323;Triage Status;G;EvacueeID;324;Triage Status;G;EvacueeID;325;Triage Status;G;Lives Saved;100
3330,312,evacuee,outFOL,Evacuee 325 in triage category G is not assigned a helicopter
3330,312,evacuee,,Evacuee;325;in triage state;G;is at the FOL
3330,318,evacuee,outFOL,Evacuee 322 in triage category G is not assigned a helicopter
3330,318,evacuee,,Evacuee;322;in triage state;G;is at the FOL
3330,378,evacuee,outFOL,Evacuee 292 in triage category G is not assigned a helicopter
3330,378,evacuee,,Evacuee;292;in triage state;G;is at the FOL
3330,381,evacuee,outFOL,Evacuee 291 in triage category G is not assigned a helicopter
3330,381,evacuee,,Evacuee;291;in triage state;G;is at the FOL
3330,384,evacuee,outFOL,Evacuee 290 in triage category G is not assigned a helicopter
3330,384,evacuee,,Evacuee;290;in triage state;G;is at the FOL
3330,528,evacuee,outFOL,Evacuee 302 in triage category G is not assigned a helicopter
3330,528,evacuee,,Evacuee;302;in triage state;G;is at the FOL
3330,534,evacuee,outFOL,Evacuee 299 in triage category G is not assigned a helicopter
3330,534,evacuee,,Evacuee;299;in triage state;G;is at the FOL
3330,574,helicopter,,Helicopter;5;is returning to the FOL;;and has;10;spots taken
3330,604,evacuee,outFOL,Evacuee 324 in triage category G is not assigned a helicopter
3330,604,evacuee,,Evacuee;324;in triage state;G;is at the FOL
3330,685,evacuee,outFOL,Evacuee 300 in triage category G is not assigned a helicopter
3330,685,evacuee,,Evacuee;300;in triage state;G;is at the FOL
3330,1410,evacuee,outFOL,Evacuee 323 in triage category G is not assigned a helicopter
3330,1410,evacuee,,Evacuee;323;in triage state;G;is at the FOL
3330,227,FOL,,;EvacueeID;4;Triage Status;G;EvacueeID;7;Triage Status;G;EvacueeID;10;Triage Status;G;EvacueeID;11;Triage Status;G;EvacueeID;13;Triage Status;G;EvacueeID;14;Triage Status;G;EvacueeID;15;Triage Status;G;EvacueeID;17;Triage Status;G;EvacueeID;18;Triage Status;G;EvacueeID;19;Triage Status;G;EvacueeID;23;Triage Status;G;EvacueeID;24;Triage Status;G;EvacueeID;26;Triage Status;G;EvacueeID;28;Triage Status;G;EvacueeID;29;Triage Status;G;EvacueeID;32;Triage Status;G;EvacueeID;37;Triage Status;G;EvacueeID;45;Triage Status;G;EvacueeID;48;Triage Status;G;EvacueeID;50;Triage Status;G;EvacueeID;54;Triage Status;G;EvacueeID;55;Triage Status;G;EvacueeID;58;Triage Status;G;EvacueeID;60;Triage Status;G;EvacueeID;65;Triage Status;G;EvacueeID;67;Triage Status;G;EvacueeID;73;Triage Status;G;EvacueeID;75;Triage Status;G;EvacueeID;77;Triage Status;G;EvacueeID;78;Triage Status;G;EvacueeID;82;Triage Status;G;EvacueeID;85;Triage Status;G;EvacueeID;95;Triage Status;G;EvacueeID;98;Triage Status;G;EvacueeID;99;Triage Status;G;EvacueeID;100;Triage Status;G;EvacueeID;101;Triage Status;G;EvacueeID;109;Triage Status;G;EvacueeID;112;Triage Status;G;EvacueeID;114;Triage Status;G;EvacueeID;123;Triage Status;G;EvacueeID;125;Triage Status;G;EvacueeID;126;Triage Status;G;EvacueeID;142;Triage Status;G;EvacueeID;144;Triage Status;G;EvacueeID;147;Triage Status;G;EvacueeID;153;Triage Status;G;EvacueeID;156;Triage Status;G;EvacueeID;158;Triage Status;G;EvacueeID;159;Triage Status;G;EvacueeID;161;Triage Status;G;EvacueeID;174;Triage Status;G;EvacueeID;177;Triage Status;G;EvacueeID;179;Triage Status;G;EvacueeID;181;Triage Status;G;EvacueeID;183;Triage Status;G;EvacueeID;184;Triage Status;G;EvacueeID;187;Triage Status;G;EvacueeID;190;Triage Status;G;EvacueeID;200;Triage Status;G;EvacueeID;201;Triage Status;G;EvacueeID;202;Triage Status;G;EvacueeID;203;Triage Status;G;EvacueeID;204;Triage Status;G;EvacueeID;205;Triage Status;G;EvacueeID;209;Triage Status;G;EvacueeID;212;Triage Status;G;EvacueeID;213;Triage Status;G;EvacueeID;215;Triage Status;G;EvacueeID;220;Triage Status;G;EvacueeID;226;Triage Status;G;EvacueeID;227;Triage Status;G;EvacueeID;232;Triage Status;G;EvacueeID;233;Triage Status;G;EvacueeID;234;Triage Status;G;EvacueeID;236;Triage Status;G;EvacueeID;241;Triage Status;G;EvacueeID;246;Triage Status;G;EvacueeID;255;Triage Status;G;EvacueeID;259;Triage Status;G;EvacueeID;260;Triage Status;G;EvacueeID;262;Triage Status;G;EvacueeID;263;Triage Status;G;EvacueeID;264;Triage Status;G;EvacueeID;267;Triage Status;G;EvacueeID;268;Triage Status;G;EvacueeID;270;Triage Status;G;EvacueeID;272;Triage Status;G;EvacueeID;275;Triage Status;G;EvacueeID;288;Triage Status;G;EvacueeID;290;Triage Status;G;EvacueeID;291;Triage Status;G;EvacueeID;292;Triage Status;G;EvacueeID;299;Triage Status;G;EvacueeID;300;Triage Status;G;EvacueeID;302;Triage Status;G;EvacueeID;322;Triage Status;G;EvacueeID;323;Triage Status;G;EvacueeID;324;Triage Status;G;EvacueeID;325;Triage Status;G;Lives Saved;100
3344.35,3,evacueeManager,,OFF SHIP: White;0;Green;20;Yellow;23;Red;8;Black;319;ON SHIP: White;0;Green;0;Yellow;0;Red;0;Evacuees to Transfer;
3344.35,142,evacuee,outES,Evacuee 409 in triage category Y is not assigned a helicopter
3344.35,142,evacuee,,Evacuee;409;in triage state;R;is at the evacuation site
3345,11,filterLoc,,
3345,14,filterLoc,,
3345,17,filterLoc,,
3345,20,filterLoc,,
3345,23,filterLoc,,
3345,26,filterLoc,,
3345,29,filterLoc,,
3345,32,filterLoc,,
3345,35,filterLoc,,
3345,38,filterLoc,,
3345,41,filterLoc,,
3345,44,filterLoc,,
3345,47,filterLoc,,
3345,50,filterLoc,,
3345,53,filterLoc,,
3345,56,filterLoc,,
3345,59,filterLoc,,
3345,62,filterLoc,,
3345,65,filterLoc,,
3345,68,filterLoc,,
3345,71,filterLoc,,
3345,74,filterLoc,,
3345,77,filterLoc,,
3345,80,filterLoc,,
3345,83,filterLoc,,
3345,86,filterLoc,,
3345,89,filterLoc,,
3345,92,filterLoc,,
3345,95,filterLoc,,
3345,98,filterLoc,,
3345,101,filterLoc,,
3345,104,filterLoc,,
3345,111,filterLoc,,
3345,114,filterLoc,,
3345,117,filterLoc,,
3345,120,filterLoc,,
3345,123,filterLoc,,
3345,126,filterLoc,,
3345,129,filterLoc,,
3345,132,filterLoc,,
3345,135,filterLoc,,
3345,138,filterLoc,,
3345,141,filterLoc,,
3345,144,filterLoc,,
3345,147,filterLoc,,
3345,150,filterLoc,,
3345,153,filterLoc,,
3345,156,filterLoc,,
3345,159,filterLoc,,
3345,162,filterLoc,,
3345,165,filterLoc,,
3345,168,filterLoc,,
3345,171,filterLoc,,
3345,174,filterLoc,,
3345,177,filterLoc,,
3345,180,filterLoc,,
3345,183,filterLoc,,
3345,186,filterLoc,,
3345,189,filterLoc,,
3345,192,filterLoc,,
3345,195,filterLoc,,
3345,198,filterLoc,,
3345,201,filterLoc,,
3345,204,filterLoc,,
3345,207,filterLoc,,
3345,210,filterLoc,,
3345,213,filterLoc,,
3345,216,filterLoc,,
3345,219,filterLoc,,
3345,222,filterLoc,,
3345,225,filterLoc,,
3345,229,filterLoc,,
3345,232,filterLoc,,
3345,235,filterLoc,,
3345,238,filterLoc,,
3345,241,filterLoc,,;Evacuee;362;in triage category;G;is leaving helicopter;4
3345,244,filterLoc,,
3345,247,filterLoc,,
3345,250,filterLoc,,
3345,253,filterLoc,,
3345,256,filterLoc,,
3345,259,filterLoc,,
3345,262,filterLoc,,
3345,265,filterLoc,,
3345,268,filterLoc,,
3345,271,filterLoc,,
3345,274,filterLoc,,
3345,277,filterLoc,,
3345,280,filterLoc,,
3345,283,filterLoc,,
3345,286,filterLoc,,
3345,289,filterLoc,,
3345,294,helicopter,outEvac,Evacuee 326 in triage category G is not assigned a helicopter
3345,294,helicopter,outEvac,Evacuee 327 in triage category G is not assigned a helicopter
3345,294,helicopter,outEvac,Evacuee 343 in triage category G is not assigned a helicopter
3345,294,helicopter,outEvac,Evacuee 344 in triage category G is not assigned a helicopter
3345,294,helicopter,outEvac,Evacuee 345 in triage category G is not assigned a helicopter
3345,294,helicopter,outEvac,Evacuee 350 in triage category G is not assigned a helicopter
3345,294,helicopter,outEvac,Evacuee 355 in triage category G is not assigned a helicopter
3345,294,helicopter,outEvac,Evacuee 356 in triage category G is not assigned a helicopter
3345,294,helicopter,outEvac,Evacuee 361 in triage category G is not assigned a helicopter
3345,294,helicopter,outEvac,Evacuee 362 in triage category G is not assigned a helicopter
3345,294,helicopter,,Helicopter;4;is unloading people at the FOL;;and has;0;spots taken
3345,296,filterLoc,,
3345,299,filterLoc,,;Evacuee;327;in triage category;G;is leaving helicopter;4
3345,302,filterLoc,,
3345,305,filterLoc,,;Evacuee;326;in triage category;G;is leaving helicopter;4
3345,308,filterLoc,,
3345,311,filterLoc,,
3345,314,filterLoc,,
3345,317,filterLoc,,
3345,320,filterLoc,,
3345,323,filterLoc,,
3345,326,filterLoc,,
3345,329,filterLoc,,
3345,332,filterLoc,,
3345,335,filterLoc,,
3345,338,filterLoc,,
3345,341,filterLoc,,
3345,344,filterLoc,,
3345,347,filterLoc,,
3345,350,filterLoc,,
3345,353,filterLoc,,
3345,356,filterLoc,,
3345,359,filterLoc,,
3345,362,filterLoc,,
3345,365,filterLoc,,
3345,368,filterLoc,,
3345,371,filterLoc,,
3345,374,filterLoc,,
3345,377,filterLoc,,
3345,380,filterLoc,,
3345,383,filterLoc,,
3345,386,filterLoc,,;Evacuee;350;in triage category;G;is leaving helicopter;4
3345,389,filterLoc,,
3345,392,filterLoc,,
3345,395,filterLoc,,
3345,398,filterLoc,,
3345,401,filterLoc,,
3345,404,filterLoc,,
3345,407,filterLoc,,
3345,410,filterLoc,,
3345,413,filterLoc,,
3345,416,filterLoc,,
3345,419,filterLoc,,
3345,422,filterLoc,,
3345,425,filterLoc,,
3345,428,filterLoc,,
3345,431,filterLoc,,
3345,434,filterLoc,,
3345,437,filterLoc,,
3345,440,filterLoc,,
3345,443,filterLoc,,
3345,446,filterLoc,,
3345,449,filterLoc,,
3345,452,filterLoc,,
3345,455,filterLoc,,
3345,458,filterLoc,,
3345,461,filterLoc,,
3345,464,filterLoc,,
3345,467,filterLoc,,
3345,470,filterLoc,,
3345,473,filterLoc,,
3345,476,filterLoc,,
3345,479,filterLoc,,
3345,482,filterLoc,,
3345,485,filterLoc,,
3345,488,filterLoc,,
3345,491,filterLoc,,
3345,494,filterLoc,,
3345,497,filterLoc,,
3345,500,filterLoc,,
3345,503,filterLoc,,
3345,506,filterLoc,,
3345,509,filterLoc,,
3345,512,filterLoc,,
3345,515,filterLoc,,
3345,518,filterLoc,,
3345,521,filterLoc,,
3345,524,filterLoc,,;Evacuee;345;in triage category;G;is leaving helicopter;4
3345,527,filterLoc,,
3345,530,filterLoc,,
3345,533,filterLoc,,
3345,536,filterLoc,,
3345,539,filterLoc,,
3345,542,filterLoc,,
3345,545,filterLoc,,
3345,548,filterLoc,,
3345,551,filterLoc,,
3345,554,filterLoc,,
3345,557,filterLoc,,
3345,560,filterLoc,,
3345,563,filterLoc,,
3345,566,filterLoc,,
3345,569,filterLoc,,
3345,576,filterLoc,,
3345,579,filterLoc,,
3345,582,filterLoc,,
3345,585,filterLoc,,
3345,588,filterLoc,,
3345,591,filterLoc,,
3345,594,filterLoc,,
3345,597,filterLoc,,
3345,600,filterLoc,,
3345,603,filterLoc,,
3345,606,filterLoc,,
3345,609,filterLoc,,
3345,612,filterLoc,,;Evacuee;361;in triage category;G;is leaving helicopter;4
3345,615,filterLoc,,
3345,618,filterLoc,,
3345,621,filterLoc,,
3345,624,filterLoc,,
3345,627,filterLoc,,
3345,630,filterLoc,,
3345,633,filterLoc,,
3345,636,filterLoc,,
3345,639,filterLoc,,
3345,642,filterLoc,,
3345,645,filterLoc,,
3345,648,filterLoc,,
3345,651,filterLoc,,
3345,654,filterLoc,,
3345,657,filterLoc,,
3345,660,filterLoc,,
3345,663,filterLoc,,
3345,666,filterLoc,,;Evacuee;356;in triage category;G;is leaving helicopter;4
3345,669,filterLoc,,
3345,672,filterLoc,,
3345,675,filterLoc,,;Evacuee;344;in triage category;G;is leaving helicopter;4
3345,678,filterLoc,,
3345,681,filterLoc,,
3345,684,filterLoc,,
3345,687,filterLoc,,
3345,690,filterLoc,,
3345,693,filterLoc,,
3345,696,filterLoc,,
3345,699,filterLoc,,
3345,702,filterLoc,,
3345,705,filterLoc,,
3345,708,filterLoc,,
3345,711,filterLoc,,
3345,714,filterLoc,,
3345,717,filterLoc,,
3345,720,filterLoc,,
3345,723,filterLoc,,
3345,726,filterLoc,,
3345,729,filterLoc,,
3345,732,filterLoc,,
3345,735,filterLoc,,
3345,738,filterLoc,,
3345,741,filterLoc,,
3345,744,filterLoc,,
3345,747,filterLoc,,
3345,750,filterLoc,,
3345,753,filterLoc,,
3345,756,filterLoc,,
3345,759,filterLoc,,
3345,762,filterLoc,,
3345,765,filterLoc,,
3345,768,filterLoc,,
3345,771,filterLoc,,
3345,774,filterLoc,,
3345,777,filterLoc,,
3345,780,filterLoc,,
3345,783,filterLoc,,
3345,786,filterLoc,,
3345,789,filterLoc,,
3345,792,filterLoc,,
3345,795,filterLoc,,
3345,798,filterLoc,,
3345,801,filterLoc,,
3345,804,filterLoc,,
3345,807,filterLoc,,
3345,810,filterLoc,,
3345,813,filterLoc,,
3345,816,filterLoc,,
3345,819,filterLoc,,
3345,822,filterLoc,,
3345,825,filterLoc,,
3345,828,filterLoc,,
3345,831,filterLoc,,
3345,834,filterLoc,,
3345,837,filterLoc,,
3345,840,filterLoc,,
3345,843,filterLoc,,
3345,846,filterLoc,,
3345,849,filterLoc,,
3345,852,filterLoc,,
3345,855,filterLoc,,
3345,858,filterLoc,,
3345,861,filterLoc,,
3345,864,filterLoc,,
3345,867,filterLoc,,
3345,870,filterLoc,,
3345,873,filterLoc,,
3345,876,filterLoc,,
3345,879,filterLoc,,
3345,882,filterLoc,,
3345,885,filterLoc,,
3345,888,filterLoc,,
3345,891,filterLoc,,
3345,894,filterLoc,,
3345,897,filterLoc,,
3345,900,filterLoc,,
3345,903,filterLoc,,
3345,906,filterLoc,,
3345,909,filterLoc,,
3345,912,filterLoc,,
3345,915,filterLoc,,
3345,918,filterLoc,,
3345,921,filterLoc,,
3345,924,filterLoc,,
3345,927,filterLoc,,
3345,930,filterLoc,,
3345,933,filterLoc,,
3345,936,filterLoc,,
3345,939,filterLoc,,
3345,942,filterLoc,,
3345,945,filterLoc,,
3345,948,filterLoc,,
3345,951,filterLoc,,
3345,954,filterLoc,,;Evacuee;343;in triage category;G;is leaving helicopter;4
3345,957,filterLoc,,
3345,960,filterLoc,,
3345,963,filterLoc,,
3345,966,filterLoc,,
3345,969,filterLoc,,
3345,972,filterLoc,,
3345,975,filterLoc,,
3345,978,filterLoc,,
3345,981,filterLoc,,
3345,984,filterLoc,,
3345,987,filterLoc,,
3345,990,filterLoc,,
3345,993,filterLoc,,
3345,996,filterLoc,,
3345,999,filterLoc,,
3345,1002,filterLoc,,
3345,1005,filterLoc,,
3345,1008,filterLoc,,
3345,1011,filterLoc,,
3345,1014,filterLoc,,
3345,1017,filterLoc,,
3345,1020,filterLoc,,
3345,1023,filterLoc,,;Evacuee;355;in triage category;G;is leaving helicopter;4
3345,1026,filterLoc,,
3345,1029,filterLoc,,
3345,1032,filterLoc,,
3345,1035,filterLoc,,
3345,1038,filterLoc,,
3345,1041,filterLoc,,
3345,1044,filterLoc,,
3345,1047,filterLoc,,
3345,1050,filterLoc,,
3345,1053,filterLoc,,
3345,1056,filterLoc,,
3345,1059,filterLoc,,
3345,1062,filterLoc,,
3345,1065,filterLoc,,
3345,1068,filterLoc,,
3345,1071,filterLoc,,
3345,1074,filterLoc,,
3345,1077,filterLoc,,
3345,1080,filterLoc,,
3345,1083,filterLoc,,
3345,1086,filterLoc,,
3345,1089,filterLoc,,
3345,1092,filterLoc,,
3345,1095,filterLoc,,
3345,1098,filterLoc,,
3345,1101,filterLoc,,
3345,1104,filterLoc,,
3345,1107,filterLoc,,
3345,1110,filterLoc,,
3345,1113,filterLoc,,
3345,1116,filterLoc,,
3345,1119,filterLoc,,
3345,1122,filterLoc,,
3345,1125,filterLoc,,
3345,1128,filterLoc,,
3345,1135,filterLoc,,
3345,1138,filterLoc,,
3345,1141,filterLoc,,
3345,1144,filterLoc,,
3345,1147,filterLoc,,
3345,1150,filterLoc,,
3345,1153,filterLoc,,
3345,1156,filterLoc,,
3345,1159,filterLoc,,
3345,1162,filterLoc,,
3345,1165,filterLoc,,
3345,1168,filterLoc,,
3345,1173,helicopter,,Helicopter;1;Is going to the evacuation site;;and has;0;spots taken
3345,1175,filterLoc,,
3345,1178,filterLoc,,
3345,1181,filterLoc,,
3345,1184,filterLoc,,
3345,1187,filterLoc,,
3345,1190,filterLoc,,
3345,1193,filterLoc,,
3345,1196,filterLoc,,
3345,1199,filterLoc,,
3345,1202,filterLoc,,
3345,1205,filterLoc,,
3345,1208,filterLoc,,
3345,1211,filterLoc,,
3345,1214,filterLoc,,
3345,1217,filterLoc,,
3345,1220,filterLoc,,
3345,1223,filterLoc,,
3345,1226,filterLoc,,
3345,1229,filterLoc,,
3345,1232,filterLoc,,
3345,1235,filterLoc,,
3345,1238,filterLoc,,
3345,1241,filterLoc,,
3345,1244,filterLoc,,
3345,1247,filterLoc,,
3345,1250,filterLoc,,
3345,1253,filterLoc,,
3345,1256,filterLoc,,
3345,1259,filterLoc,,
3345,1262,filterLoc,,
3345,1265,filterLoc,,
3345,1268,filterLoc,,
3345,1271,filterLoc,,
3345,1274,filterLoc,,
3345,1277,filterLoc,,
3345,1280,filterLoc,,
3345,1283,filterLoc,,
3345,1286,filterLoc,,
3345,1289,filterLoc,,
3345,1292,filterLoc,,
3345,1295,filterLoc,,
3345,1298,filterLoc,,
3345,1301,filterLoc,,
3345,1304,filterLoc,,
3345,1307,filterLoc,,
3345,1310,filterLoc,,
3345,1313,filterLoc,,
3345,1316,filterLoc,,
3345,1319,filterLoc,,
3345,1322,filterLoc,,
3345,1325,filterLoc,,
3345,1328,filterLoc,,
3345,1331,filterLoc,,
3345,1334,filterLoc,,
3345,1337,filterLoc,,
3345,1340,filterLoc,,
3345,1343,filterLoc,,
3345,1346,filterLoc,,
3345,1349,filterLoc,,
3345,1352,filterLoc,,
3345,1355,filterLoc,,
3345,1358,filterLoc,,
3345,1361,filterLoc,,
3345,1364,filterLoc,,
3345,1367,filterLoc,,
3345,1370,filterLoc,,
3345,1373,filterLoc,,
3345,1376,filterLoc,,
3345,1379,filterLoc,,
3345,1382,filterLoc,,
3345,1385,filterLoc,,
3345,1388,filterLoc,,
3345,1391,filterLoc,,
3345,1394,filterLoc,,
3345,1397,filterLoc,,
3345,1400,filterLoc,,
3345,1403,filterLoc,,
3345,1406,filterLoc,,
3345,1409,filterLoc,,
3345,1412,filterLoc,,
3345,1415,filterLoc,,
3345,1418,filterLoc,,
3345,1421,filterLoc,,
3345,1424,filterLoc,,
3345,1427,filterLoc,,
3345,1430,filterLoc,,
3345,1433,filterLoc,,
3345,1436,filterLoc,,
3345,1439,filterLoc,,
3345,1442,filterLoc,,
3345,1445,filterLoc,,
3345,1448,filterLoc,,
3345,1451,filterLoc,,
3345,1454,filterLoc,,
3345,1457,filterLoc,,
3345,1460,filterLoc,,
3345,1463,filterLoc,,
3345,1466,filterLoc,,
3345,1469,filterLoc,,
3345,1472,filterLoc,,
3345,1475,filterLoc,,
3345,1478,filterLoc,,
3345,1481,filterLoc,,
3345,1484,filterLoc,,
3345,1487,filterLoc,,
3345,1490,filterLoc,,
3345,1493,filterLoc,,
3345,1496,filterLoc,,
3345,1499,filterLoc,,
3345,1502,filterLoc,,
3345,1505,filterLoc,,
3345,1508,filterLoc,,
3345,1511,filterLoc,,
3345,1514,filterLoc,,
3345,1517,filterLoc,,
3345,1520,filterLoc,,
3345,1523,filterLoc,,
3345,1526,filterLoc,,
3345,1529,filterLoc,,
3345,241,filterLoc,out,Evacuee 362 in triage category G is not assigned a helicopter
3345,241,filterLoc,,
3345,242,evacuee,,Evacuee;362;in triage state;G;is entering the FOL
3345,299,filterLoc,out,Evacuee 327 in triage category G is not assigned a helicopter
3345,299,filterLoc,,
3345,300,evacuee,,Evacuee;327;in triage state;G;is entering the FOL
3345,305,filterLoc,out,Evacuee 326 in triage category G is not assigned a helicopter
3345,305,filterLoc,,
3345,306,evacuee,,Evacuee;326;in triage state;G;is entering the FOL
3345,386,filterLoc,out,Evacuee 350 in triage category G is not assigned a helicopter
3345,386,filterLoc,,
3345,387,evacuee,,Evacuee;350;in triage state;G;is entering the FOL
3345,524,filterLoc,out,Evacuee 345 in triage category G is not assigned a helicopter
3345,524,filterLoc,,
3345,525,evacuee,,Evacuee;345;in triage state;G;is entering the FOL
3345,612,filterLoc,out,Evacuee 361 in triage category G is not assigned a helicopter
3345,612,filterLoc,,
3345,613,evacuee,,Evacuee;361;in triage state;G;is entering the FOL
3345,666,filterLoc,out,Evacuee 356 in triage category G is not assigned a helicopter
3345,666,filterLoc,,
3345,667,evacuee,,Evacuee;356;in triage state;G;is entering the FOL
3345,675,filterLoc,out,Evacuee 344 in triage category G is not assigned a helicopter
3345,675,filterLoc,,
3345,676,evacuee,,Evacuee;344;in triage state;G;is entering the FOL
3345,954,filterLoc,out,Evacuee 343 in triage category G is not assigned a helicopter
3345,954,filterLoc,,
3345,955,evacuee,,Evacuee;343;in triage state;G;is entering the FOL
3345,1023,filterLoc,out,Evacuee 355 in triage category G is not assigned a helicopter
3345,1023,filterLoc,,
3345,1024,evacuee,,Evacuee;355;in triage state;G;is entering the FOL
3345,227,FOL,,;EvacueeID;4;Triage Status;G;EvacueeID;7;Triage Status;G;EvacueeID;10;Triage Status;G;EvacueeID;11;Triage Status;G;EvacueeID;13;Triage Status;G;EvacueeID;14;Triage Status;G;EvacueeID;15;Triage Status;G;EvacueeID;17;Triage Status;G;EvacueeID;18;Triage Status;G;EvacueeID;19;Triage Status;G;EvacueeID;23;Triage Status;G;EvacueeID;24;Triage Status;G;EvacueeID;26;Triage Status;G;EvacueeID;28;Triage Status;G;EvacueeID;29;Triage Status;G;EvacueeID;32;Triage Status;G;EvacueeID;37;Triage Status;G;EvacueeID;45;Triage Status;G;EvacueeID;48;Triage Status;G;EvacueeID;50;Triage Status;G;EvacueeID;54;Triage Status;G;EvacueeID;55;Triage Status;G;EvacueeID;58;Triage Status;G;EvacueeID;60;Triage Status;G;EvacueeID;65;Triage Status;G;EvacueeID;67;Triage Status;G;EvacueeID;73;Triage Status;G;EvacueeID;75;Triage Status;G;EvacueeID;77;Triage Status;G;EvacueeID;78;Triage Status;G;EvacueeID;82;Triage Status;G;EvacueeID;85;Triage Status;G;EvacueeID;95;Triage Status;G;EvacueeID;98;Triage Status;G;EvacueeID;99;Triage Status;G;EvacueeID;100;Triage Status;G;EvacueeID;101;Triage Status;G;EvacueeID;109;Triage Status;G;EvacueeID;112;Triage Status;G;EvacueeID;114;Triage Status;G;EvacueeID;123;Triage Status;G;EvacueeID;125;Triage Status;G;EvacueeID;126;Triage Status;G;EvacueeID;142;Triage Status;G;EvacueeID;144;Triage Status;G;EvacueeID;147;Triage Status;G;EvacueeID;153;Triage Status;G;EvacueeID;156;Triage Status;G;EvacueeID;158;Triage Status;G;EvacueeID;159;Triage Status;G;EvacueeID;161;Triage Status;G;EvacueeID;174;Triage Status;G;EvacueeID;177;Triage Status;G;EvacueeID;179;Triage Status;G;EvacueeID;181;Triage Status;G;EvacueeID;183;Triage Status;G;EvacueeID;184;Triage Status;G;EvacueeID;187;Triage Status;G;EvacueeID;190;Triage Status;G;EvacueeID;200;Triage Status;G;EvacueeID;201;Triage Status;G;EvacueeID;202;Triage Status;G;EvacueeID;203;Triage Status;G;EvacueeID;204;Triage Status;G;EvacueeID;205;Triage Status;G;EvacueeID;209;Triage Status;G;EvacueeID;212;Triage Status;G;EvacueeID;213;Triage Status;G;EvacueeID;215;Triage Status;G;EvacueeID;220;Triage Status;G;EvacueeID;226;Triage Status;G;EvacueeID;227;Triage Status;G;EvacueeID;232;Triage Status;G;EvacueeID;233;Triage Status;G;EvacueeID;234;Triage Status;G;EvacueeID;236;Triage Status;G;EvacueeID;241;Triage Status;G;EvacueeID;246;Triage Status;G;EvacueeID;255;Triage Status;G;EvacueeID;259;Triage Status;G;EvacueeID;260;Triage Status;G;EvacueeID;262;Triage Status;G;EvacueeID;263;Triage Status;G;EvacueeID;264;Triage Status;G;EvacueeID;267;Triage Status;G;EvacueeID;268;Triage Status;G;EvacueeID;270;Triage Status;G;EvacueeID;272;Triage Status;G;EvacueeID;275;Triage Status;G;EvacueeID;288;Triage Status;G;EvacueeID;290;Triage Status;G;EvacueeID;291;Triage Status;G;EvacueeID;292;Triage Status;G;EvacueeID;299;Triage Status;G;EvacueeID;300;Triage Status;G;EvacueeID;302;Triage Status;G;EvacueeID;322;Triage Status;G;EvacueeID;323;Triage Status;G;EvacueeID;324;Triage Status;G;EvacueeID;325;Triage Status;G;EvacueeID;326;Triage Status;G;EvacueeID;327;Triage Status;G;EvacueeID;343;Triage Status;G;EvacueeID;344;Triage Status;G;EvacueeID;345;Triage Status;G;EvacueeID;350;Triage Status;G;EvacueeID;355;Triage Status;G;EvacueeID;356;Triage Status;G;EvacueeID;361;Triage Status;G;EvacueeID;362;Triage Status;G;Lives Saved;110
3345,242,evacuee,outFOL,Evacuee 362 in triage category G is not assigned a helicopter
3345,242,evacuee,,Evacuee;362;in triage state;G;is at the FOL
3345,300,evacuee,outFOL,Evacuee 327 in triage category G is not assigned a helicopter
3345,300,evacuee,,Evacuee;327;in triage state;G;is at the FOL
3345,306,evacuee,outFOL,Evacuee 326 in triage category G is not assigned a helicopter
3345,306,evacuee,,Evacuee;326;in triage state;G;is at the FOL
3345,387,evacuee,outFOL,Evacuee 350 in triage category G is not assigned a helicopter
3345,387,evacuee,,Evacuee;350;in triage state;G;is at the FOL
3345,525,evacuee,outFOL,Evacuee 345 in triage category G is not assigned a helicopter
3345,525,evacuee,,Evacuee;345;in triage state;G;is at the FOL
3345,613,evacuee,outFOL,Evacuee 361 in triage category G is not assigned a helicopter
3345,613,evacuee,,Evacuee;361;in triage state;G;is at the FOL
3345,667,evacuee,outFOL,Evacuee 356 in triage category G is not assigned a helicopter
3345,667,evacuee,,Evacuee;356;in triage state;G;is at the FOL
3345,676,evacuee,outFOL,Evacuee 344 in triage category G is not assigned a helicopter
3345,676,evacuee,,Evacuee;344;in triage state;G;is at the FOL
3345,955,evacuee,outFOL,Evacuee 343 in triage category G is not assigned a helicopter
3345,955,evacuee,,Evacuee;343;in triage state;G;is at the FOL
3345,1024,evacuee,outFOL,Evacuee 355 in triage category G is not assigned a helicopter
3345,1024,evacuee,,Evacuee;355;in triage state;G;is at the FOL
3345,227,FOL,,;EvacueeID;4;Triage Status;G;EvacueeID;7;Triage Status;G;EvacueeID;10;Triage Status;G;EvacueeID;11;Triage Status;G;EvacueeID;13;Triage Status;G;EvacueeID;14;Triage Status;G;EvacueeID;15;Triage Status;G;EvacueeID;17;Triage Status;G;EvacueeID;18;Triage Status;G;EvacueeID;19;Triage Status;G;EvacueeID;23;Triage Status;G;EvacueeID;24;Triage Status;G;EvacueeID;26;Triage Status;G;EvacueeID;28;Triage Status;G;EvacueeID;29;Triage Status;G;EvacueeID;32;Triage Status;G;EvacueeID;37;Triage Status;G;EvacueeID;45;Triage Status;G;EvacueeID;48;Triage Status;G;EvacueeID;50;Triage Status;G;EvacueeID;54;Triage Status;G;EvacueeID;55;Triage Status;G;EvacueeID;58;Triage Status;G;EvacueeID;60;Triage Status;G;EvacueeID;65;Triage Status;G;EvacueeID;67;Triage Status;G;EvacueeID;73;Triage Status;G;EvacueeID;75;Triage Status;G;EvacueeID;77;Triage Status;G;EvacueeID;78;Triage Status;G;EvacueeID;82;Triage Status;G;EvacueeID;85;Triage Status;G;EvacueeID;95;Triage Status;G;EvacueeID;98;Triage Status;G;EvacueeID;99;Triage Status;G;EvacueeID;100;Triage Status;G;EvacueeID;101;Triage Status;G;EvacueeID;109;Triage Status;G;EvacueeID;112;Triage Status;G;EvacueeID;114;Triage Status;G;EvacueeID;123;Triage Status;G;EvacueeID;125;Triage Status;G;EvacueeID;126;Triage Status;G;EvacueeID;142;Triage Status;G;EvacueeID;144;Triage Status;G;EvacueeID;147;Triage Status;G;EvacueeID;153;Triage Status;G;EvacueeID;156;Triage Status;G;EvacueeID;158;Triage Status;G;EvacueeID;159;Triage Status;G;EvacueeID;161;Triage Status;G;EvacueeID;174;Triage Status;G;EvacueeID;177;Triage Status;G;EvacueeID;179;Triage Status;G;EvacueeID;181;Triage Status;G;EvacueeID;183;Triage Status;G;EvacueeID;184;Triage Status;G;EvacueeID;187;Triage Status;G;EvacueeID;190;Triage Status;G;EvacueeID;200;Triage Status;G;EvacueeID;201;Triage Status;G;EvacueeID;202;Triage Status;G;EvacueeID;203;Triage Status;G;EvacueeID;204;Triage Status;G;EvacueeID;205;Triage Status;G;EvacueeID;209;Triage Status;G;EvacueeID;212;Triage Status;G;EvacueeID;213;Triage Status;G;EvacueeID;215;Triage Status;G;EvacueeID;220;Triage Status;G;EvacueeID;226;Triage Status;G;EvacueeID;227;Triage Status;G;EvacueeID;232;Triage Status;G;EvacueeID;233;Triage Status;G;EvacueeID;234;Triage Status;G;EvacueeID;236;Triage Status;G;EvacueeID;241;Triage Status;G;EvacueeID;246;Triage Status;G;EvacueeID;255;Triage Status;G;EvacueeID;259;Triage Status;G;EvacueeID;260;Triage Status;G;EvacueeID;262;Triage Status;G;EvacueeID;263;Triage Status;G;EvacueeID;264;Triage Status;G;EvacueeID;267;Triage Status;G;EvacueeID;268;Triage Status;G;EvacueeID;270;Triage Status;G;EvacueeID;272;Triage Status;G;EvacueeID;275;Triage Status;G;EvacueeID;288;Triage Status;G;EvacueeID;290;Triage Status;G;EvacueeID;291;Triage Status;G;EvacueeID;292;Triage Status;G;EvacueeID;299;Triage Status;G;EvacueeID;300;Triage Status;G;EvacueeID;302;Triage Status;G;EvacueeID;322;Triage Status;G;EvacueeID;323;Triage Status;G;EvacueeID;324;Triage Status;G;EvacueeID;325;Triage Status;G;EvacueeID;326;Triage Status;G;EvacueeID;327;Triage Status;G;EvacueeID;343;Triage Status;G;EvacueeID;344;Triage Status;G;EvacueeID;345;Triage Status;G;EvacueeID;350;Triage Status;G;EvacueeID;355;Triage Status;G;EvacueeID;356;Triage Status;G;EvacueeID;361;Triage Status;G;EvacueeID;362;Triage Status;G;Lives Saved;110
3359.78,3,evacueeManager,,OFF SHIP: White;0;Green;20;Yellow;23;Red;7;Black;320;ON SHIP: White;0;Green;0;Yellow;0;Red;0;Evacuees to Transfer;
3359.78,1239,evacuee,outES,Evacuee 222 in triage category R is not assigned a helicopter
3359.78,1239,evacuee,,Evacuee;222;in triage state;B;is at the evacuation site
3360,5,helicopterQueue,,1;Helos are waiting to land;HeloID;3
3360,109,helicopter,outES,Helicopter 3 is evacuating people3
3360,109,helicopter,,Helicopter;3;is waiting to land at the evacuation site;;and has;0;spots taken
3360,294,helicopter,,Helicopter;4;Is going to the evacuation site;;and has;0;spots taken
3360,4,helipadManager,,;No helos are at ES
3360,5,helicopterQueue,outHM,Helicopter 3 is evacuating people3
3360,5,helicopterQueue,outHelo,Helicopter 3 is evacuating people3
3360,5,helicopterQueue,,;No helos are waiting to land
3360,8,filterES,,
3360,108,filterES,,Helicopter;3;is evacuating people
3360,293,filterES,,
3360,573,filterES,,
3360,1132,filterES,,
3360,1172,filterES,,
3360,3,evacueeManager,,OFF SHIP: White;0;Green;10;Yellow;23;Red;7;Black;320;ON SHIP: White;0;Green;0;Yellow;0;Red;0;Evacuees to Transfer;;EvacueeID;413;HeloID;3;OnShip;0;Triage Status;G;EvacueeID;416;HeloID;3;OnShip;0;Triage Status;G;EvacueeID;418;HeloID;3;OnShip;0;Triage Status;G;EvacueeID;435;HeloID;3;OnShip;0;Triage Status;G;EvacueeID;441;HeloID;3;OnShip;0;Triage Status;G;EvacueeID;442;HeloID;3;OnShip;0;Triage Status;G;EvacueeID;445;HeloID;3;OnShip;0;Triage Status;G;EvacueeID;447;HeloID;3;OnShip;0;Triage Status;G;EvacueeID;448;HeloID;3;OnShip;0;Triage Status;G;EvacueeID;452;HeloID;3;OnShip;0;Triage Status;G
3360,4,helipadManager,outEM,Helicopter 3 is evacuating people3
3360,4,helipadManager,,Helo;3;is at the ES
3360,108,filterES,out,Helicopter 3 is evacuating people3
3360,108,filterES,,
3360,109,helicopter,,Helicopter;3;is waiting to land at the evacuation site;;and has;0;spots taken
3360,3,evacueeManager,outEvac,Evacuee 413 in triage category G is assigned helicopter 3
3360,3,evacueeManager,outEvac,Evacuee 416 in triage category G is assigned helicopter 3
3360,3,evacueeManager,outEvac,Evacuee 418 in triage category G is assigned helicopter 3
3360,3,evacueeManager,outEvac,Evacuee 435 in triage category G is assigned helicopter 3
3360,3,evacueeManager,outEvac,Evacuee 441 in triage category G is assigned helicopter 3
3360,3,evacueeManager,outEvac,Evacuee 442 in triage category G is assigned helicopter 3
3360,3,evacueeManager,outEvac,Evacuee 445 in triage category G is assigned helicopter 3
3360,3,evacueeManager,outEvac,Evacuee 447 in triage category G is assigned helicopter 3
3360,3,evacueeManager,outEvac,Evacuee 448 in triage category G is assigned helicopter 3
3360,3,evacueeManager,outEvac,Evacuee 452 in triage category G is assigned helicopter 3
3360,3,evacueeManager,,OFF SHIP: White;0;Green;10;Yellow;23;Red;7;Black;320;ON SHIP: White;0;Green;0;Yellow;0;Red;0;Evacuees to Transfer;
3360,11,filterLoc,,
3360,14,filterLoc,,
3360,17,filterLoc,,
3360,20,filterLoc,,
3360,23,filterLoc,,
3360,26,filterLoc,,
3360,29,filterLoc,,
3360,32,filterLoc,,
3360,35,filterLoc,,
3360,38,filterLoc,,
3360,41,filterLoc,,
3360,44,filterLoc,,
3360,47,filterLoc,,
3360,50,filterLoc,,
3360,53,filterLoc,,
3360,56,filterLoc,,
3360,59,filterLoc,,
3360,62,filterLoc,,
3360,65,filterLoc,,
3360,68,filterLoc,,
3360,71,filterLoc,,
3360,74,filterLoc,,
3360,77,filterLoc,,
3360,80,filterLoc,,
3360,83,filterLoc,,
3360,86,filterLoc,,;Evacuee;448;in triage category;G;is entering helicopter;3
3360,89,filterLoc,,;Evacuee;445;in triage category;G;is entering helicopter;3
3360,92,filterLoc,,;Evacuee;442;in triage category;G;is entering helicopter;3
3360,95,filterLoc,,;Evacuee;441;in triage category;G;is entering helicopter;3
3360,98,filterLoc,,
3360,101,filterLoc,,
3360,104,filterLoc,,
3360,109,helicopter,,Helicopter;3;is loading people at the evacuation site;;and has;0;spots taken
3360,111,filterLoc,,
3360,114,filterLoc,,
3360,117,filterLoc,,
3360,120,filterLoc,,
3360,123,filterLoc,,
3360,126,filterLoc,,
3360,129,filterLoc,,
3360,132,filterLoc,,
3360,135,filterLoc,,
3360,138,filterLoc,,
3360,141,filterLoc,,
3360,144,filterLoc,,
3360,147,filterLoc,,
3360,150,filterLoc,,
3360,153,filterLoc,,
3360,156,filterLoc,,
3360,159,filterLoc,,
3360,162,filterLoc,,
3360,165,filterLoc,,;Evacuee;452;in triage category;G;is entering helicopter;3
3360,168,filterLoc,,
3360,171,filterLoc,,
3360,174,filterLoc,,
3360,177,filterLoc,,
3360,180,filterLoc,,
3360,183,filterLoc,,
3360,186,filterLoc,,
3360,189,filterLoc,,
3360,192,filterLoc,,
3360,195,filterLoc,,
3360,198,filterLoc,,
3360,201,filterLoc,,
3360,204,filterLoc,,
3360,207,filterLoc,,
3360,210,filterLoc,,
3360,213,filterLoc,,
3360,216,filterLoc,,
3360,219,filterLoc,,
3360,222,filterLoc,,
3360,225,filterLoc,,
3360,229,filterLoc,,
3360,232,filterLoc,,
3360,235,filterLoc,,
3360,238,filterLoc,,
3360,241,filterLoc,,
3360,244,filterLoc,,
3360,247,filterLoc,,
3360,250,filterLoc,,
3360,253,filterLoc,,
3360,256,filterLoc,,
3360,259,filterLoc,,
3360,262,filterLoc,,
3360,265,filterLoc,,
3360,268,filterLoc,,
3360,271,filterLoc,,
3360,274,filterLoc,,
3360,277,filterLoc,,
3360,280,filterLoc,,
3360,283,filterLoc,,
3360,286,filterLoc,,
3360,289,filterLoc,,
3360,296,filterLoc,,
3360,299,filterLoc,,
3360,302,filterLoc,,
3360,305,filterLoc,,
3360,308,filterLoc,,
3360,311,filterLoc,,
3360,314,filterLoc,,
3360,317,filterLoc,,
3360,320,filterLoc,,
3360,323,filterLoc,,
3360,326,filterLoc,,
3360,329,filterLoc,,
3360,332,filterLoc,,
3360,335,filterLoc,,
3360,338,filterLoc,,
3360,341,filterLoc,,
3360,344,filterLoc,,
3360,347,filterLoc,,
3360,350,filterLoc,,
3360,353,filterLoc,,
3360,356,filterLoc,,
3360,359,filterLoc,,
3360,362,filterLoc,,
3360,365,filterLoc,,
3360,368,filterLoc,,
3360,371,filterLoc,,
3360,374,filterLoc,,;Evacuee;413;in triage category;G;is entering helicopter;3
3360,377,filterLoc,,
3360,380,filterLoc,,
3360,383,filterLoc,,
3360,386,filterLoc,,
3360,389,filterLoc,,
3360,392,filterLoc,,
3360,395,filterLoc,,
3360,398,filterLoc,,
3360,401,filterLoc,,
3360,404,filterLoc,,
3360,407,filterLoc,,
3360,410,filterLoc,,
3360,413,filterLoc,,
3360,416,filterLoc,,
3360,419,filterLoc,,
3360,422,filterLoc,,
3360,425,filterLoc,,
3360,428,filterLoc,,
3360,431,filterLoc,,
3360,434,filterLoc,,
3360,437,filterLoc,,
3360,440,filterLoc,,
3360,443,filterLoc,,
3360,446,filterLoc,,
3360,449,filterLoc,,
3360,452,filterLoc,,
3360,455,filterLoc,,
3360,458,filterLoc,,
3360,461,filterLoc,,
3360,464,filterLoc,,
3360,467,filterLoc,,
3360,470,filterLoc,,
3360,473,filterLoc,,
3360,476,filterLoc,,
3360,479,filterLoc,,
3360,482,filterLoc,,
3360,485,filterLoc,,
3360,488,filterLoc,,
3360,491,filterLoc,,
3360,494,filterLoc,,
3360,497,filterLoc,,
3360,500,filterLoc,,
3360,503,filterLoc,,
3360,506,filterLoc,,
3360,509,filterLoc,,
3360,512,filterLoc,,
3360,515,filterLoc,,
3360,518,filterLoc,,
3360,521,filterLoc,,
3360,524,filterLoc,,
3360,527,filterLoc,,
3360,530,filterLoc,,
3360,533,filterLoc,,
3360,536,filterLoc,,
3360,539,filterLoc,,
3360,542,filterLoc,,
3360,545,filterLoc,,
3360,548,filterLoc,,
3360,551,filterLoc,,
3360,554,filterLoc,,
3360,557,filterLoc,,
3360,560,filterLoc,,
3360,563,filterLoc,,
3360,566,filterLoc,,
3360,569,filterLoc,,
3360,576,filterLoc,,
3360,579,filterLoc,,
3360,582,filterLoc,,
3360,585,filterLoc,,
3360,588,filterLoc,,
3360,591,filterLoc,,
3360,594,filterLoc,,
3360,597,filterLoc,,
3360,600,filterLoc,,
3360,603,filterLoc,,
3360,606,filterLoc,,
3360,609,filterLoc,,;Evacuee;447;in triage category;G;is entering helicopter;3
3360,612,filterLoc,,
3360,615,filterLoc,,
3360,618,filterLoc,,
3360,621,filterLoc,,
3360,624,filterLoc,,
3360,627,filterLoc,,
3360,630,filterLoc,,
3360,633,filterLoc,,
3360,636,filterLoc,,
3360,639,filterLoc,,
3360,642,filterLoc,,
3360,645,filterLoc,,
3360,648,filterLoc,,
3360,651,filterLoc,,
3360,654,filterLoc,,
3360,657,filterLoc,,
3360,660,filterLoc,,
3360,663,filterLoc,,
3360,666,filterLoc,,
3360,669,filterLoc,,
3360,672,filterLoc,,
3360,675,filterLoc,,
3360,678,filterLoc,,
3360,681,filterLoc,,
3360,684,filterLoc,,
3360,687,filterLoc,,
3360,690,filterLoc,,
3360,693,filterLoc,,
3360,696,filterLoc,,
3360,699,filterLoc,,
3360,702,filterLoc,,
3360,705,filterLoc,,
3360,708,filterLoc,,
3360,711,filterLoc,,
3360,714,filterLoc,,
3360,717,filterLoc,,
3360,720,filterLoc,,
3360,723,filterLoc,,
3360,726,filterLoc,,
3360,729,filterLoc,,
3360,732,filterLoc,,
3360,735,filterLoc,,
3360,738,filterLoc,,
3360,741,filterLoc,,
3360,744,filterLoc,,
3360,747,filterLoc,,
3360,750,filterLoc,,
3360,753,filterLoc,,
3360,756,filterLoc,,
3360,759,filterLoc,,
3360,762,filterLoc,,
3360,765,filterLoc,,
3360,768,filterLoc,,
3360,771,filterLoc,,
3360,774,filterLoc,,
3360,777,filterLoc,,
3360,780,filterLoc,,
3360,783,filterLoc,,
3360,786,filterLoc,,
3360,789,filterLoc,,
3360,792,filterLoc,,
3360,795,filterLoc,,
3360,798,filterLoc,,
3360,801,filterLoc,,
3360,804,filterLoc,,
3360,807,filterLoc,,
3360,810,filterLoc,,
3360,813,filterLoc,,
3360,816,filterLoc,,
3360,819,filterLoc,,
3360,822,filterLoc,,
3360,825,filterLoc,,
3360,828,filterLoc,,
3360,831,filterLoc,,
3360,834,filterLoc,,
3360,837,filterLoc,,
3360,840,filterLoc,,
3360,843,filterLoc,,
3360,846,filterLoc,,
3360,849,filterLoc,,
3360,852,filterLoc,,
3360,855,filterLoc,,
3360,858,filterLoc,,
3360,861,filterLoc,,
3360,864,filterLoc,,
3360,867,filterLoc,,
3360,870,filterLoc,,
3360,873,filterLoc,,
3360,876,filterLoc,,
3360,879,filterLoc,,
3360,882,filterLoc,,
3360,885,filterLoc,,
3360,888,filterLoc,,
3360,891,filterLoc,,
3360,894,filterLoc,,
3360,897,filterLoc,,
3360,900,filterLoc,,
3360,903,filterLoc,,
3360,906,filterLoc,,
3360,909,filterLoc,,
3360,912,filterLoc,,
3360,915,filterLoc,,
3360,918,filterLoc,,
3360,921,filterLoc,,
3360,924,filterLoc,,
3360,927,filterLoc,,
3360,930,filterLoc,,
3360,933,filterLoc,,
3360,936,filterLoc,,
3360,939,filterLoc,,
3360,942,filterLoc,,
3360,945,filterLoc,,
3360,948,filterLoc,,
3360,951,filterLoc,,
3360,954,filterLoc,,
3360,957,filterLoc,,
3360,960,filterLoc,,;Evacuee;418;in triage category;G;is entering helicopter;3
3360,963,filterLoc,,
3360,966,filterLoc,,
3360,969,filterLoc,,
3360,972,filterLoc,,
3360,975,filterLoc,,
3360,978,filterLoc,,
3360,981,filterLoc,,
3360,984,filterLoc,,
3360,987,filterLoc,,
3360,990,filterLoc,,
3360,993,filterLoc,,
3360,996,filterLoc,,
3360,999,filterLoc,,
3360,1002,filterLoc,,
3360,1005,filterLoc,,
3360,1008,filterLoc,,
3360,1011,filterLoc,,
3360,1014,filterLoc,,
3360,1017,filterLoc,,
3360,1020,filterLoc,,
3360,1023,filterLoc,,
3360,1026,filterLoc,,
3360,1029,filterLoc,,
3360,1032,filterLoc,,
3360,1035,filterLoc,,
3360,1038,filterLoc,,
3360,1041,filterLoc,,
3360,1044,filterLoc,,
3360,1047,filterLoc,,
3360,1050,filterLoc,,
3360,1053,filterLoc,,
3360,1056,filterLoc,,
3360,1059,filterLoc,,
3360,1062,filterLoc,,
3360,1065,filterLoc,,
3360,1068,filterLoc,,
3360,1071,filterLoc,,
3360,1074,filterLoc,,
3360,1077,filterLoc,,
3360,1080,filterLoc,,
3360,1083,filterLoc,,
3360,1086,filterLoc,,
3360,1089,filterLoc,,
3360,1092,filterLoc,,
3360,1095,filterLoc,,
3360,1098,filterLoc,,
3360,1101,filterLoc,,
3360,1104,filterLoc,,
3360,1107,filterLoc,,
3360,1110,filterLoc,,
3360,1113,filterLoc,,
3360,1116,filterLoc,,
3360,1119,filterLoc,,
3360,1122,filterLoc,,
3360,1125,filterLoc,,
3360,1128,filterLoc,,
3360,1135,filterLoc,,
3360,1138,filterLoc,,
3360,1141,filterLoc,,
3360,1144,filterLoc,,
3360,1147,filterLoc,,
3360,1150,filterLoc,,
3360,1153,filterLoc,,
3360,1156,filterLoc,,
3360,1159,filterLoc,,
3360,1162,filterLoc,,
3360,1165,filterLoc,,
3360,1168,filterLoc,,
3360,1175,filterLoc,,
3360,1178,filterLoc,,
3360,1181,filterLoc,,
3360,1184,filterLoc,,
3360,1187,filterLoc,,
3360,1190,filterLoc,,
3360,1193,filterLoc,,;Evacuee;416;in triage category;G;is entering helicopter;3
3360,1196,filterLoc,,
3360,1199,filterLoc,,
3360,1202,filterLoc,,
3360,1205,filterLoc,,
3360,1208,filterLoc,,
3360,1211,filterLoc,,
3360,1214,filterLoc,,
3360,1217,filterLoc,,
3360,1220,filterLoc,,
3360,1223,filterLoc,,
3360,1226,filterLoc,,
3360,1229,filterLoc,,
3360,1232,filterLoc,,
3360,1235,filterLoc,,
3360,1238,filterLoc,,
3360,1241,filterLoc,,
3360,1244,filterLoc,,
3360,1247,filterLoc,,
3360,1250,filterLoc,,
3360,1253,filterLoc,,
3360,1256,filterLoc,,
3360,1259,filterLoc,,
3360,1262,filterLoc,,
3360,1265,filterLoc,,
3360,1268,filterLoc,,
3360,1271,filterLoc,,
3360,1274,filterLoc,,
3360,1277,filterLoc,,
3360,1280,filterLoc,,
3360,1283,filterLoc,,
3360,1286,filterLoc,,
3360,1289,filterLoc,,
3360,1292,filterLoc,,
3360,1295,filterLoc,,
3360,1298,filterLoc,,
3360,1301,filterLoc,,
3360,1304,filterLoc,,
3360,1307,filterLoc,,
3360,1310,filterLoc,,
3360,1313,filterLoc,,
3360,1316,filterLoc,,
3360,1319,filterLoc,,
3360,1322,filterLoc,,;Evacuee;435;in triage category;G;is entering helicopter;3
3360,1325,filterLoc,,
3360,1328,filterLoc,,
3360,1331,filterLoc,,
3360,1334,filterLoc,,
3360,1337,filterLoc,,
3360,1340,filterLoc,,
3360,1343,filterLoc,,
3360,1346,filterLoc,,
3360,1349,filterLoc,,
3360,1352,filterLoc,,
3360,1355,filterLoc,,
3360,1358,filterLoc,,
3360,1361,filterLoc,,
3360,1364,filterLoc,,
3360,1367,filterLoc,,
3360,1370,filterLoc,,
3360,1373,filterLoc,,
3360,1376,filterLoc,,
3360,1379,filterLoc,,
3360,1382,filterLoc,,
3360,1385,filterLoc,,
3360,1388,filterLoc,,
3360,1391,filterLoc,,
3360,1394,filterLoc,,
3360,1397,filterLoc,,
3360,1400,filterLoc,,
3360,1403,filterLoc,,
3360,1406,filterLoc,,
3360,1409,filterLoc,,
3360,1412,filterLoc,,
3360,1415,filterLoc,,
3360,1418,filterLoc,,
3360,1421,filterLoc,,
3360,1424,filterLoc,,
3360,1427,filterLoc,,
3360,1430,filterLoc,,
3360,1433,filterLoc,,
3360,1436,filterLoc,,
3360,1439,filterLoc,,
3360,1442,filterLoc,,
3360,1445,filterLoc,,
3360,1448,filterLoc,,
3360,1451,filterLoc,,
3360,1454,filterLoc,,
3360,1457,filterLoc,,
3360,1460,filterLoc,,
3360,1463,filterLoc,,
3360,1466,filterLoc,,
3360,1469,filterLoc,,
3360,1472,filterLoc,,
3360,1475,filterLoc,,
3360,1478,filterLoc,,
3360,1481,filterLoc,,
3360,1484,filterLoc,,
3360,1487,filterLoc,,
3360,1490,filterLoc,,
3360,1493,filterLoc,,
3360,1496,filterLoc,,
3360,1499,filterLoc,,
3360,1502,filterLoc,,
3360,1505,filterLoc,,
3360,1508,filterLoc,,
3360,1511,filterLoc,,
3360,1514,filterLoc,,
3360,1517,filterLoc,,
3360,1520,filterLoc,,
3360,1523,filterLoc,,
3360,1526,filterLoc,,
3360,1529,filterLoc,,
3360,86,filterLoc,out,Evacuee 448 in triage category G is assigned helicopter 3
3360,86,filterLoc,,
3360,87,evacuee,,Evacuee;448;in triage state;G;is entering helicopter;3
3360,89,filterLoc,out,Evacuee 445 in triage category G is assigned helicopter 3
3360,89,filterLoc,,
3360,90,evacuee,,Evacuee;445;in triage state;G;is entering helicopter;3
3360,92,filterLoc,out,Evacuee 442 in triage category G is assigned helicopter 3
3360,92,filterLoc,,
3360,93,evacuee,,Evacuee;442;in triage state;G;is entering helicopter;3
3360,95,filterLoc,out,Evacuee 441 in triage category G is assigned helicopter 3
3360,95,filterLoc,,
3360,96,evacuee,,Evacuee;441;in triage state;G;is entering helicopter;3
3360,165,filterLoc,out,Evacuee 452 in triage category G is assigned helicopter 3
3360,165,filterLoc,,
3360,166,evacuee,,Evacuee;452;in triage state;G;is entering helicopter;3
3360,374,filterLoc,out,Evacuee 413 in triage category G is assigned helicopter 3
3360,374,filterLoc,,
3360,375,evacuee,,Evacuee;413;in triage state;G;is entering helicopter;3
3360,609,filterLoc,out,Evacuee 447 in triage category G is assigned helicopter 3
3360,609,filterLoc,,
3360,610,evacuee,,Evacuee;447;in triage state;G;is entering helicopter;3
3360,960,filterLoc,out,Evacuee 418 in triage category G is assigned helicopter 3
3360,960,filterLoc,,
3360,961,evacuee,,Evacuee;418;in triage state;G;is entering helicopter;3
3360,1193,filterLoc,out,Evacuee 416 in triage category G is assigned helicopter 3
3360,1193,filterLoc,,
3360,1194,evacuee,,Evacuee;416;in triage state;G;is entering helicopter;3
3360,1322,filterLoc,out,Evacuee 435 in triage category G is assigned helicopter 3
3360,1322,filterLoc,,
3360,1323,evacuee,,Evacuee;435;in triage state;G;is entering helicopter;3
3360,7,filterEvac,,
3360,87,evacuee,outHelo,Evacuee 448 in triage category G is assigned helicopter 3
3360,87,evacuee,,Evacuee;448;in triage state;G;is in helicopter;3
3360,90,evacuee,outHelo,Evacuee 445 in triage category G is assigned helicopter 3
3360,90,evacuee,,Evacuee;445;in triage state;G;is in helicopter;3
3360,93,evacuee,outHelo,Evacuee 442 in triage category G is assigned helicopter 3
3360,93,evacuee,,Evacuee;442;in triage state;G;is in helicopter;3
3360,96,evacuee,outHelo,Evacuee 441 in triage category G is assigned helicopter 3
3360,96,evacuee,,Evacuee;441;in triage state;G;is in helicopter;3
3360,107,filterEvac,,;Evacuee;413;in triage category;G;is entering helicopter;3;Evacuee;416;in triage category;G;is entering helicopter;3;Evacuee;418;in triage category;G;is entering helicopter;3;Evacuee;435;in triage category;G;is entering helicopter;3;Evacuee;441;in triage category;G;is entering helicopter;3;Evacuee;442;in triage category;G;is entering helicopter;3;Evacuee;445;in triage category;G;is entering helicopter;3;Evacuee;447;in triage category;G;is entering helicopter;3;Evacuee;448;in triage category;G;is entering helicopter;3;Evacuee;452;in triage category;G;is entering helicopter;3
3360,166,evacuee,outHelo,Evacuee 452 in triage category G is assigned helicopter 3
3360,166,evacuee,,Evacuee;452;in triage state;G;is in helicopter;3
3360,292,filterEvac,,
3360,375,evacuee,outHelo,Evacuee 413 in triage category G is assigned helicopter 3
3360,375,evacuee,,Evacuee;413;in triage state;G;is in helicopter;3
3360,572,filterEvac,,
3360,610,evacuee,outHelo,Evacuee 447 in triage category G is assigned helicopter 3
3360,610,evacuee,,Evacuee;447;in triage state;G;is in helicopter;3
3360,961,evacuee,outHelo,Evacuee 418 in triage category G is assigned helicopter 3
3360,961,evacuee,,Evacuee;418;in triage state;G;is in helicopter;3
3360,1131,filterEvac,,
3360,1171,filterEvac,,
3360,1194,evacuee,outHelo,Evacuee 416 in triage category G is assigned helicopter 3
3360,1194,evacuee,,Evacuee;416;in triage state;G;is in helicopter;3
3360,1323,evacuee,outHelo,Evacuee 435 in triage category G is assigned helicopter 3
3360,1323,evacuee,,Evacuee;435;in triage state;G;is in helicopter;3
3360,107,filterEvac,out,Evacuee 413 in triage category G is assigned helicopter 3
3360,107,filterEvac,out,Evacuee 416 in triage category G is assigned helicopter 3
3360,107,filterEvac,out,Evacuee 418 in triage category G is assigned helicopter 3
3360,107,filterEvac,out,Evacuee 435 in triage category G is assigned helicopter 3
3360,107,filterEvac,out,Evacuee 441 in triage category G is assigned helicopter 3
3360,107,filterEvac,out,Evacuee 442 in triage category G is assigned helicopter 3
3360,107,filterEvac,out,Evacuee 445 in triage category G is assigned helicopter 3
3360,107,filterEvac,out,Evacuee 447 in triage category G is assigned helicopter 3
3360,107,filterEvac,out,Evacuee 448 in triage category G is assigned helicopter 3
3360,107,filterEvac,out,Evacuee 452 in triage category G is assigned helicopter 3
3360,107,filterEvac,,
3360,109,helicopter,,Helicopter;3;is loading people at the evacuation site;;and has;10;spots taken
3368.13,3,evacueeManager,,OFF SHIP: White;0;Green;10;Yellow;22;Red;8;Black;320;ON SHIP: White;0;Green;0;Yellow;0;Red;0;Evacuees to Transfer;
3368.13,937,evacuee,outES,Evacuee 407 in triage category Y is not assigned a helicopter
3368.13,937,evacuee,,Evacuee;407;in triage state;R;is at the evacuation site
3375,4,helipadManager,outHelo,Helicopter 3 is evacuating people3
3375,4,helipadManager,,;No helos are at ES
3375,5,helicopterQueue,,1;Helos are waiting to land;HeloID;6
3375,8,filterES,,
3375,9,helicopter,outES,Helicopter 6 is evacuating people6
3375,9,helicopter,,Helicopter;6;is waiting to land at the evacuation site;;and has;0;spots taken
3375,108,filterES,,Helicopter;3;is evacuating people
3375,293,filterES,,
3375,573,filterES,,
3375,1132,filterES,,
3375,1172,filterES,,
3375,4,helipadManager,outHQ,0
3375,4,helipadManager,,;No helos are at ES
3375,5,helicopterQueue,,1;Helos are waiting to land;HeloID;6
3375,108,filterES,out,Helicopter 3 is evacuating people3
3375,108,filterES,,
3375,109,helicopter,,Helicopter;3;is loading people at the evacuation site;;and has;10;spots taken
3375,4,helipadManager,,;No helos are at ES
3375,5,helicopterQueue,outHM,Helicopter 6 is evacuating people6
3375,5,helicopterQueue,outHelo,Helicopter 6 is evacuating people6
3375,5,helicopterQueue,,;No helos are waiting to land
3375,8,filterES,,Helicopter;6;is evacuating people
3375,108,filterES,,
3375,109,helicopter,,Helicopter;3;is returning to the FOL;;and has;10;spots taken
3375,293,filterES,,
3375,573,filterES,,
3375,1132,filterES,,
3375,1172,filterES,,
3375,3,evacueeManager,,OFF SHIP: White;0;Green;0;Yellow;22;Red;8;Black;320;ON SHIP: White;0;Green;0;Yellow;0;Red;0;Evacuees to Transfer;;EvacueeID;455;HeloID;6;OnShip;0;Triage Status;G;EvacueeID;456;HeloID;6;OnShip;0;Triage Status;G;EvacueeID;457;HeloID;6;OnShip;0;Triage Status;G;EvacueeID;458;HeloID;6;OnShip;0;Triage Status;G;EvacueeID;464;HeloID;6;OnShip;0;Triage Status;G;EvacueeID;465;HeloID;6;OnShip;0;Triage Status;G;EvacueeID;466;HeloID;6;OnShip;0;Triage Status;G;EvacueeID;469;HeloID;6;OnShip;0;Triage Status;G;EvacueeID;470;HeloID;6;OnShip;0;Triage Status;G;EvacueeID;474;HeloID;6;OnShip;0;Triage Status;G
3375,4,helipadManager,outEM,Helicopter 6 is evacuating people6
3375,4,helipadManager,,Helo;6;is at the ES
3375,8,filterES,out,Helicopter 6 is evacuating people6
3375,8,filterES,,
3375,9,helicopter,,Helicopter;6;is waiting to land at the evacuation site;;and has;0;spots taken
3375,3,evacueeManager,outEvac,Evacuee 455 in triage category G is assigned helicopter 6
3375,3,evacueeManager,outEvac,Evacuee 456 in triage category G is assigned helicopter 6
3375,3,evacueeManager,outEvac,Evacuee 457 in triage category G is assigned helicopter 6
3375,3,evacueeManager,outEvac,Evacuee 458 in triage category G is assigned helicopter 6
3375,3,evacueeManager,outEvac,Evacuee 464 in triage category G is assigned helicopter 6
3375,3,evacueeManager,outEvac,Evacuee 465 in triage category G is assigned helicopter 6
3375,3,evacueeManager,outEvac,Evacuee 466 in triage category G is assigned helicopter 6
3375,3,evacueeManager,outEvac,Evacuee 469 in triage category G is assigned helicopter 6
3375,3,evacueeManager,outEvac,Evacuee 470 in triage category G is assigned helicopter 6
3375,3,evacueeManager,outEvac,Evacuee 474 in triage category G is assigned helicopter 6
3375,3,evacueeManager,,OFF SHIP: White;0;Green;0;Yellow;22;Red;8;Black;320;ON SHIP: White;0;Green;0;Yellow;0;Red;0;Evacuees to Transfer;
3375,9,helicopter,,Helicopter;6;is loading people at the evacuation site;;and has;0;spots taken
3375,11,filterLoc,,
3375,14,filterLoc,,
3375,17,filterLoc,,
3375,20,filterLoc,,
3375,23,filterLoc,,
3375,26,filterLoc,,
3375,29,filterLoc,,
3375,32,filterLoc,,
3375,35,filterLoc,,
3375,38,filterLoc,,
3375,41,filterLoc,,
3375,44,filterLoc,,
3375,47,filterLoc,,
3375,50,filterLoc,,
3375,53,filterLoc,,
3375,56,filterLoc,,
3375,59,filterLoc,,
3375,62,filterLoc,,
3375,65,filterLoc,,
3375,68,filterLoc,,
3375,71,filterLoc,,
3375,74,filterLoc,,
3375,77,filterLoc,,;Evacuee;458;in triage category;G;is entering helicopter;6
3375,80,filterLoc,,;Evacuee;456;in triage category;G;is entering helicopter;6
3375,83,filterLoc,,;Evacuee;455;in triage category;G;is entering helicopter;6
3375,86,filterLoc,,
3375,89,filterLoc,,
3375,92,filterLoc,,
3375,95,filterLoc,,
3375,98,filterLoc,,
3375,101,filterLoc,,
3375,104,filterLoc,,
3375,111,filterLoc,,
3375,114,filterLoc,,
3375,117,filterLoc,,
3375,120,filterLoc,,
3375,123,filterLoc,,
3375,126,filterLoc,,
3375,129,filterLoc,,
3375,132,filterLoc,,
3375,135,filterLoc,,
3375,138,filterLoc,,
3375,141,filterLoc,,
3375,144,filterLoc,,
3375,147,filterLoc,,
3375,150,filterLoc,,
3375,153,filterLoc,,
3375,156,filterLoc,,
3375,159,filterLoc,,
3375,162,filterLoc,,
3375,165,filterLoc,,
3375,168,filterLoc,,
3375,171,filterLoc,,
3375,174,filterLoc,,
3375,177,filterLoc,,
3375,180,filterLoc,,
3375,183,filterLoc,,
3375,186,filterLoc,,
3375,189,filterLoc,,
3375,192,filterLoc,,
3375,195,filterLoc,,
3375,198,filterLoc,,
3375,201,filterLoc,,
3375,204,filterLoc,,
3375,207,filterLoc,,
3375,210,filterLoc,,
3375,213,filterLoc,,
3375,216,filterLoc,,
3375,219,filterLoc,,
3375,222,filterLoc,,
3375,225,filterLoc,,
3375,229,filterLoc,,
3375,232,filterLoc,,;Evacuee;457;in triage category;G;is entering helicopter;6
3375,235,filterLoc,,
3375,238,filterLoc,,
3375,241,filterLoc,,
3375,244,filterLoc,,
3375,247,filterLoc,,
3375,250,filterLoc,,
3375,253,filterLoc,,
3375,256,filterLoc,,
3375,259,filterLoc,,
3375,262,filterLoc,,
3375,265,filterLoc,,
3375,268,filterLoc,,
3375,271,filterLoc,,
3375,274,filterLoc,,
3375,277,filterLoc,,
3375,280,filterLoc,,
3375,283,filterLoc,,
3375,286,filterLoc,,
3375,289,filterLoc,,
3375,296,filterLoc,,
3375,299,filterLoc,,
3375,302,filterLoc,,
3375,305,filterLoc,,
3375,308,filterLoc,,;Evacuee;466;in triage category;G;is entering helicopter;6
3375,311,filterLoc,,
3375,314,filterLoc,,
3375,317,filterLoc,,
3375,320,filterLoc,,
3375,323,filterLoc,,
3375,326,filterLoc,,
3375,329,filterLoc,,
3375,332,filterLoc,,
3375,335,filterLoc,,
3375,338,filterLoc,,
3375,341,filterLoc,,
3375,344,filterLoc,,
3375,347,filterLoc,,
3375,350,filterLoc,,
3375,353,filterLoc,,
3375,356,filterLoc,,
3375,359,filterLoc,,
3375,362,filterLoc,,
3375,365,filterLoc,,
3375,368,filterLoc,,
3375,371,filterLoc,,
3375,374,filterLoc,,
3375,377,filterLoc,,
3375,380,filterLoc,,
3375,383,filterLoc,,
3375,386,filterLoc,,
3375,389,filterLoc,,
3375,392,filterLoc,,
3375,395,filterLoc,,
3375,398,filterLoc,,
3375,401,filterLoc,,
3375,404,filterLoc,,
3375,407,filterLoc,,
3375,410,filterLoc,,
3375,413,filterLoc,,
3375,416,filterLoc,,
3375,419,filterLoc,,
3375,422,filterLoc,,
3375,425,filterLoc,,
3375,428,filterLoc,,
3375,431,filterLoc,,
3375,434,filterLoc,,
3375,437,filterLoc,,
3375,440,filterLoc,,
3375,443,filterLoc,,
3375,446,filterLoc,,
3375,449,filterLoc,,
3375,452,filterLoc,,
3375,455,filterLoc,,
3375,458,filterLoc,,
3375,461,filterLoc,,
3375,464,filterLoc,,
3375,467,filterLoc,,
3375,470,filterLoc,,
3375,473,filterLoc,,
3375,476,filterLoc,,
3375,479,filterLoc,,
3375,482,filterLoc,,
3375,485,filterLoc,,
3375,488,filterLoc,,
3375,491,filterLoc,,
3375,494,filterLoc,,
3375,497,filterLoc,,
3375,500,filterLoc,,
3375,503,filterLoc,,
3375,506,filterLoc,,
3375,509,filterLoc,,
3375,512,filterLoc,,
3375,515,filterLoc,,;Evacuee;470;in triage category;G;is entering helicopter;6
3375,518,filterLoc,,;Evacuee;469;in triage category;G;is entering helicopter;6
3375,521,filterLoc,,
3375,524,filterLoc,,
3375,527,filterLoc,,
3375,530,filterLoc,,
3375,533,filterLoc,,
3375,536,filterLoc,,
3375,539,filterLoc,,
3375,542,filterLoc,,
3375,545,filterLoc,,
3375,548,filterLoc,,
3375,551,filterLoc,,
3375,554,filterLoc,,
3375,557,filterLoc,,
3375,560,filterLoc,,
3375,563,filterLoc,,
3375,566,filterLoc,,
3375,569,filterLoc,,
3375,576,filterLoc,,
3375,579,filterLoc,,
3375,582,filterLoc,,
3375,585,filterLoc,,
3375,588,filterLoc,,
3375,591,filterLoc,,
3375,594,filterLoc,,
3375,597,filterLoc,,
3375,600,filterLoc,,
3375,603,filterLoc,,
3375,606,filterLoc,,
3375,609,filterLoc,,
3375,612,filterLoc,,
3375,615,filterLoc,,
3375,618,filterLoc,,
3375,621,filterLoc,,
3375,624,filterLoc,,
3375,627,filterLoc,,
3375,630,filterLoc,,
3375,633,filterLoc,,
3375,636,filterLoc,,
3375,639,filterLoc,,
3375,642,filterLoc,,
3375,645,filterLoc,,
3375,648,filterLoc,,
3375,651,filterLoc,,
3375,654,filterLoc,,
3375,657,filterLoc,,
3375,660,filterLoc,,
3375,663,filterLoc,,
3375,666,filterLoc,,
3375,669,filterLoc,,
3375,672,filterLoc,,
3375,675,filterLoc,,
3375,678,filterLoc,,
3375,681,filterLoc,,
3375,684,filterLoc,,
3375,687,filterLoc,,
3375,690,filterLoc,,
3375,693,filterLoc,,
3375,696,filterLoc,,
3375,699,filterLoc,,
3375,702,filterLoc,,
3375,705,filterLoc,,
3375,708,filterLoc,,
3375,711,filterLoc,,
3375,714,filterLoc,,
3375,717,filterLoc,,
3375,720,filterLoc,,
3375,723,filterLoc,,
3375,726,filterLoc,,
3375,729,filterLoc,,
3375,732,filterLoc,,
3375,735,filterLoc,,;Evacuee;474;in triage category;G;is entering helicopter;6
3375,738,filterLoc,,
3375,741,filterLoc,,
3375,744,filterLoc,,
3375,747,filterLoc,,
3375,750,filterLoc,,
3375,753,filterLoc,,
3375,756,filterLoc,,
3375,759,filterLoc,,
3375,762,filterLoc,,
3375,765,filterLoc,,
3375,768,filterLoc,,
3375,771,filterLoc,,
3375,774,filterLoc,,
3375,777,filterLoc,,
3375,780,filterLoc,,
3375,783,filterLoc,,
3375,786,filterLoc,,
3375,789,filterLoc,,
3375,792,filterLoc,,
3375,795,filterLoc,,
3375,798,filterLoc,,
3375,801,filterLoc,,
3375,804,filterLoc,,
3375,807,filterLoc,,
3375,810,filterLoc,,
3375,813,filterLoc,,
3375,816,filterLoc,,
3375,819,filterLoc,,
3375,822,filterLoc,,
3375,825,filterLoc,,
3375,828,filterLoc,,
3375,831,filterLoc,,
3375,834,filterLoc,,
3375,837,filterLoc,,
3375,840,filterLoc,,
3375,843,filterLoc,,
3375,846,filterLoc,,
3375,849,filterLoc,,
3375,852,filterLoc,,
3375,855,filterLoc,,
3375,858,filterLoc,,
3375,861,filterLoc,,
3375,864,filterLoc,,
3375,867,filterLoc,,
3375,870,filterLoc,,
3375,873,filterLoc,,
3375,876,filterLoc,,
3375,879,filterLoc,,
3375,882,filterLoc,,
3375,885,filterLoc,,
3375,888,filterLoc,,
3375,891,filterLoc,,
3375,894,filterLoc,,
3375,897,filterLoc,,
3375,900,filterLoc,,
3375,903,filterLoc,,
3375,906,filterLoc,,
3375,909,filterLoc,,
3375,912,filterLoc,,
3375,915,filterLoc,,
3375,918,filterLoc,,
3375,921,filterLoc,,
3375,924,filterLoc,,
3375,927,filterLoc,,
3375,930,filterLoc,,
3375,933,filterLoc,,
3375,936,filterLoc,,
3375,939,filterLoc,,
3375,942,filterLoc,,
3375,945,filterLoc,,
3375,948,filterLoc,,
3375,951,filterLoc,,
3375,954,filterLoc,,
3375,957,filterLoc,,
3375,960,filterLoc,,
3375,963,filterLoc,,
3375,966,filterLoc,,
3375,969,filterLoc,,
3375,972,filterLoc,,
3375,975,filterLoc,,
3375,978,filterLoc,,
3375,981,filterLoc,,
3375,984,filterLoc,,
3375,987,filterLoc,,
3375,990,filterLoc,,
3375,993,filterLoc,,
3375,996,filterLoc,,
3375,999,filterLoc,,
3375,1002,filterLoc,,
3375,1005,filterLoc,,
3375,1008,filterLoc,,
3375,1011,filterLoc,,
3375,1014,filterLoc,,
3375,1017,filterLoc,,
3375,1020,filterLoc,,
3375,1023,filterLoc,,
3375,1026,filterLoc,,
3375,1029,filterLoc,,
3375,1032,filterLoc,,
3375,1035,filterLoc,,
3375,1038,filterLoc,,
3375,1041,filterLoc,,
3375,1044,filterLoc,,
3375,1047,filterLoc,,
3375,1050,filterLoc,,
3375,1053,filterLoc,,
3375,1056,filterLoc,,
3375,1059,filterLoc,,
3375,1062,filterLoc,,
3375,1065,filterLoc,,
3375,1068,filterLoc,,
3375,1071,filterLoc,,
3375,1074,filterLoc,,
3375,1077,filterLoc,,
3375,1080,filterLoc,,
3375,1083,filterLoc,,
3375,1086,filterLoc,,
3375,1089,filterLoc,,
3375,1092,filterLoc,,
3375,1095,filterLoc,,
3375,1098,filterLoc,,
3375,1101,filterLoc,,
3375,1104,filterLoc,,
3375,1107,filterLoc,,
3375,1110,filterLoc,,
3375,1113,filterLoc,,
3375,1116,filterLoc,,
3375,1119,filterLoc,,
3375,1122,filterLoc,,
3375,1125,filterLoc,,
3375,1128,filterLoc,,
3375,1135,filterLoc,,
3375,1138,filterLoc,,
3375,1141,filterLoc,,
3375,1144,filterLoc,,
3375,1147,filterLoc,,
3375,1150,filterLoc,,
3375,1153,filterLoc,,
3375,1156,filterLoc,,
3375,1159,filterLoc,,
3375,1162,filterLoc,,
3375,1165,filterLoc,,
3375,1168,filterLoc,,
3375,1175,filterLoc,,
3375,1178,filterLoc,,
3375,1181,filterLoc,,;Evacuee;465;in triage category;G;is entering helicopter;6
3375,1184,filterLoc,,
3375,1187,filterLoc,,
3375,1190,filterLoc,,
3375,1193,filterLoc,,
3375,1196,filterLoc,,
3375,1199,filterLoc,,
3375,1202,filterLoc,,
3375,1205,filterLoc,,
3375,1208,filterLoc,,
3375,1211,filterLoc,,
3375,1214,filterLoc,,
3375,1217,filterLoc,,
3375,1220,filterLoc,,
3375,1223,filterLoc,,
3375,1226,filterLoc,,
3375,1229,filterLoc,,
3375,1232,filterLoc,,
3375,1235,filterLoc,,
3375,1238,filterLoc,,
3375,1241,filterLoc,,
3375,1244,filterLoc,,
3375,1247,filterLoc,,
3375,1250,filterLoc,,
3375,1253,filterLoc,,
3375,1256,filterLoc,,
3375,1259,filterLoc,,
3375,1262,filterLoc,,
3375,1265,filterLoc,,
3375,1268,filterLoc,,
3375,1271,filterLoc,,
3375,1274,filterLoc,,
3375,1277,filterLoc,,
3375,1280,filterLoc,,
3375,1283,filterLoc,,
3375,1286,filterLoc,,
3375,1289,filterLoc,,
3375,1292,filterLoc,,
3375,1295,filterLoc,,
3375,1298,filterLoc,,
3375,1301,filterLoc,,
3375,1304,filterLoc,,
3375,1307,filterLoc,,
3375,1310,filterLoc,,
3375,1313,filterLoc,,
3375,1316,filterLoc,,
3375,1319,filterLoc,,
3375,1322,filterLoc,,
3375,1325,filterLoc,,
3375,1328,filterLoc,,
3375,1331,filterLoc,,
3375,1334,filterLoc,,
3375,1337,filterLoc,,
3375,1340,filterLoc,,
3375,1343,filterLoc,,
3375,1346,filterLoc,,
3375,1349,filterLoc,,
3375,1352,filterLoc,,
3375,1355,filterLoc,,
3375,1358,filterLoc,,
3375,1361,filterLoc,,
3375,1364,filterLoc,,
3375,1367,filterLoc,,
3375,1370,filterLoc,,
3375,1373,filterLoc,,
3375,1376,filterLoc,,
3375,1379,filterLoc,,
3375,1382,filterLoc,,
3375,1385,filterLoc,,
3375,1388,filterLoc,,
3375,1391,filterLoc,,
3375,1394,filterLoc,,
3375,1397,filterLoc,,
3375,1400,filterLoc,,
3375,1403,filterLoc,,
3375,1406,filterLoc,,
3375,1409,filterLoc,,
3375,1412,filterLoc,,
3375,1415,filterLoc,,
3375,1418,filterLoc,,
3375,1421,filterLoc,,
3375,1424,filterLoc,,
3375,1427,filterLoc,,
3375,1430,filterLoc,,
3375,1433,filterLoc,,
3375,1436,filterLoc,,
3375,1439,filterLoc,,
3375,1442,filterLoc,,
3375,1445,filterLoc,,
3375,1448,filterLoc,,
3375,1451,filterLoc,,
3375,1454,filterLoc,,
3375,1457,filterLoc,,
3375,1460,filterLoc,,
3375,1463,filterLoc,,;Evacuee;464;in triage category;G;is entering helicopter;6
3375,1466,filterLoc,,
3375,1469,filterLoc,,
3375,1472,filterLoc,,
3375,1475,filterLoc,,
3375,1478,filterLoc,,
3375,1481,filterLoc,,
3375,1484,filterLoc,,
3375,1487,filterLoc,,
3375,1490,filterLoc,,
3375,1493,filterLoc,,
3375,1496,filterLoc,,
3375,1499,filterLoc,,
3375,1502,filterLoc,,
3375,1505,filterLoc,,
3375,1508,filterLoc,,
3375,1511,filterLoc,,
3375,1514,filterLoc,,
3375,1517,filterLoc,,
3375,1520,filterLoc,,
3375,1523,filterLoc,,
3375,1526,filterLoc,,
3375,1529,filterLoc,,
3375,77,filterLoc,out,Evacuee 458 in triage category G is assigned helicopter 6
3375,77,filterLoc,,
3375,78,evacuee,,Evacuee;458;in triage state;G;is entering helicopter;6
3375,80,filterLoc,out,Evacuee 456 in triage category G is assigned helicopter 6
3375,80,filterLoc,,
3375,81,evacuee,,Evacuee;456;in triage state;G;is entering helicopter;6
3375,83,filterLoc,out,Evacuee 455 in triage category G is assigned helicopter 6
3375,83,filterLoc,,
3375,84,evacuee,,Evacuee;455;in triage state;G;is entering helicopter;6
3375,232,filterLoc,out,Evacuee 457 in triage category G is assigned helicopter 6
3375,232,filterLoc,,
3375,233,evacuee,,Evacuee;457;in triage state;G;is entering helicopter;6
3375,308,filterLoc,out,Evacuee 466 in triage category G is assigned helicopter 6
3375,308,filterLoc,,
3375,309,evacuee,,Evacuee;466;in triage state;G;is entering helicopter;6
3375,515,filterLoc,out,Evacuee 470 in triage category G is assigned helicopter 6
3375,515,filterLoc,,
3375,516,evacuee,,Evacuee;470;in triage state;G;is entering helicopter;6
3375,518,filterLoc,out,Evacuee 469 in triage category G is assigned helicopter 6
3375,518,filterLoc,,
3375,519,evacuee,,Evacuee;469;in triage state;G;is entering helicopter;6
3375,735,filterLoc,out,Evacuee 474 in triage category G is assigned helicopter 6
3375,735,filterLoc,,
3375,736,evacuee,,Evacuee;474;in triage state;G;is entering helicopter;6
3375,1181,filterLoc,out,Evacuee 465 in triage category G is assigned helicopter 6
3375,1181,filterLoc,,
3375,1182,evacuee,,Evacuee;465;in triage state;G;is entering helicopter;6
3375,1463,filterLoc,out,Evacuee 464 in triage category G is assigned helicopter 6
3375,1463,filterLoc,,
3375,1464,evacuee,,Evacuee;464;in triage state;G;is entering helicopter;6
3375,7,filterEvac,,;Evacuee;455;in triage category;G;is entering helicopter;6;Evacuee;456;in triage category;G;is entering helicopter;6;Evacuee;457;in triage category;G;is entering helicopter;6;Evacuee;458;in triage category;G;is entering helicopter;6;Evacuee;464;in triage category;G;is entering helicopter;6;Evacuee;465;in triage category;G;is entering helicopter;6;Evacuee;466;in triage category;G;is entering helicopter;6;Evacuee;469;in triage category;G;is entering helicopter;6;Evacuee;470;in triage category;G;is entering helicopter;6;Evacuee;474;in triage category;G;is entering helicopter;6
3375,78,evacuee,outHelo,Evacuee 458 in triage category G is assigned helicopter 6
3375,78,evacuee,,Evacuee;458;in triage state;G;is in helicopter;6
3375,81,evacuee,outHelo,Evacuee 456 in triage category G is assigned helicopter 6
3375,81,evacuee,,Evacuee;456;in triage state;G;is in helicopter;6
3375,84,evacuee,outHelo,Evacuee 455 in triage category G is assigned helicopter 6
3375,84,evacuee,,Evacuee;455;in triage state;G;is in helicopter;6
3375,107,filterEvac,,
3375,233,evacuee,outHelo,Evacuee 457 in triage category G is assigned helicopter 6
3375,233,evacuee,,Evacuee;457;in triage state;G;is in helicopter;6
3375,292,filterEvac,,
3375,309,evacuee,outHelo,Evacuee 466 in triage category G is assigned helicopter 6
3375,309,evacuee,,Evacuee;466;in triage state;G;is in helicopter;6
3375,516,evacuee,outHelo,Evacuee 470 in triage category G is assigned helicopter 6
3375,516,evacuee,,Evacuee;470;in triage state;G;is in helicopter;6
3375,519,evacuee,outHelo,Evacuee 469 in triage category G is assigned helicopter 6
3375,519,evacuee,,Evacuee;469;in triage state;G;is in helicopter;6
3375,572,filterEvac,,
3375,736,evacuee,outHelo,Evacuee 474 in triage category G is assigned helicopter 6
3375,736,evacuee,,Evacuee;474;in triage state;G;is in helicopter;6
3375,1131,filterEvac,,
3375,1171,filterEvac,,
3375,1182,evacuee,outHelo,Evacuee 465 in triage category G is assigned helicopter 6
3375,1182,evacuee,,Evacuee;465;in triage state;G;is in helicopter;6
3375,1464,evacuee,outHelo,Evacuee 464 in triage category G is assigned helicopter 6
3375,1464,evacuee,,Evacuee;464;in triage state;G;is in helicopter;6
3375,7,filterEvac,out,Evacuee 455 in triage category G is assigned helicopter 6
3375,7,filterEvac,out,Evacuee 456 in triage category G is assigned helicopter 6
3375,7,filterEvac,out,Evacuee 457 in triage category G is assigned helicopter 6
3375,7,filterEvac,out,Evacuee 458 in triage category G is assigned helicopter 6
3375,7,filterEvac,out,Evacuee 464 in triage category G is assigned helicopter 6
3375,7,filterEvac,out,Evacuee 465 in triage category G is assigned helicopter 6
3375,7,filterEvac,out,Evacuee 466 in triage category G is assigned helicopter 6
3375,7,filterEvac,out,Evacuee 469 in triage category G is assigned helicopter 6
3375,7,filterEvac,out,Evacuee 470 in triage category G is assigned helicopter 6
3375,7,filterEvac,out,Evacuee 474 in triage category G is assigned helicopter 6
3375,7,filterEvac,,
3375,9,helicopter,,Helicopter;6;is loading people at the evacuation site;;and has;10;spots taken
3390,4,helipadManager,outHelo,Helicopter 6 is evacuating people6
3390,4,helipadManager,,;No helos are at ES
3390,8,filterES,,Helicopter;6;is evacuating people
3390,11,filterLoc,,
3390,14,filterLoc,,
3390,17,filterLoc,,
3390,20,filterLoc,,
3390,23,filterLoc,,
3390,26,filterLoc,,
3390,29,filterLoc,,
3390,32,filterLoc,,
3390,35,filterLoc,,
3390,38,filterLoc,,
3390,41,filterLoc,,
3390,44,filterLoc,,
3390,47,filterLoc,,
3390,50,filterLoc,,
3390,53,filterLoc,,
3390,56,filterLoc,,
3390,59,filterLoc,,
3390,62,filterLoc,,
3390,65,filterLoc,,
3390,68,filterLoc,,
3390,71,filterLoc,,
3390,74,filterLoc,,
3390,77,filterLoc,,
3390,80,filterLoc,,
3390,83,filterLoc,,
3390,86,filterLoc,,
3390,89,filterLoc,,
3390,92,filterLoc,,
3390,95,filterLoc,,
3390,98,filterLoc,,
3390,101,filterLoc,,
3390,104,filterLoc,,
3390,108,filterES,,
3390,111,filterLoc,,
3390,114,filterLoc,,
3390,117,filterLoc,,
3390,120,filterLoc,,
3390,123,filterLoc,,
3390,126,filterLoc,,
3390,129,filterLoc,,
3390,132,filterLoc,,
3390,135,filterLoc,,
3390,138,filterLoc,,
3390,141,filterLoc,,
3390,144,filterLoc,,
3390,147,filterLoc,,
3390,150,filterLoc,,
3390,153,filterLoc,,
3390,156,filterLoc,,
3390,159,filterLoc,,
3390,162,filterLoc,,
3390,165,filterLoc,,
3390,168,filterLoc,,
3390,171,filterLoc,,
3390,174,filterLoc,,
3390,177,filterLoc,,
3390,180,filterLoc,,
3390,183,filterLoc,,
3390,186,filterLoc,,
3390,189,filterLoc,,
3390,192,filterLoc,,
3390,195,filterLoc,,
3390,198,filterLoc,,
3390,201,filterLoc,,
3390,204,filterLoc,,
3390,207,filterLoc,,
3390,210,filterLoc,,
3390,213,filterLoc,,
3390,216,filterLoc,,
3390,219,filterLoc,,
3390,222,filterLoc,,;Evacuee;372;in triage category;G;is leaving helicopter;2
3390,225,filterLoc,,;Evacuee;371;in triage category;G;is leaving helicopter;2
3390,229,filterLoc,,;Evacuee;370;in triage category;G;is leaving helicopter;2
3390,232,filterLoc,,
3390,235,filterLoc,,;Evacuee;369;in triage category;G;is leaving helicopter;2
3390,238,filterLoc,,;Evacuee;366;in triage category;G;is leaving helicopter;2
3390,241,filterLoc,,
3390,244,filterLoc,,
3390,247,filterLoc,,
3390,250,filterLoc,,
3390,253,filterLoc,,
3390,256,filterLoc,,
3390,259,filterLoc,,
3390,262,filterLoc,,
3390,265,filterLoc,,
3390,268,filterLoc,,
3390,271,filterLoc,,
3390,274,filterLoc,,
3390,277,filterLoc,,
3390,280,filterLoc,,
3390,283,filterLoc,,
3390,286,filterLoc,,
3390,289,filterLoc,,
3390,293,filterES,,
3390,296,filterLoc,,
3390,299,filterLoc,,
3390,302,filterLoc,,
3390,305,filterLoc,,
3390,308,filterLoc,,
3390,311,filterLoc,,
3390,314,filterLoc,,;Evacuee;365;in triage category;G;is leaving helicopter;2
3390,317,filterLoc,,
3390,320,filterLoc,,
3390,323,filterLoc,,
3390,326,filterLoc,,
3390,329,filterLoc,,
3390,332,filterLoc,,
3390,335,filterLoc,,
3390,338,filterLoc,,
3390,341,filterLoc,,
3390,344,filterLoc,,
3390,347,filterLoc,,
3390,350,filterLoc,,
3390,353,filterLoc,,
3390,356,filterLoc,,
3390,359,filterLoc,,
3390,362,filterLoc,,
3390,365,filterLoc,,
3390,368,filterLoc,,
3390,371,filterLoc,,
3390,374,filterLoc,,
3390,377,filterLoc,,
3390,380,filterLoc,,
3390,383,filterLoc,,
3390,386,filterLoc,,
3390,389,filterLoc,,
3390,392,filterLoc,,
3390,395,filterLoc,,
3390,398,filterLoc,,
3390,401,filterLoc,,
3390,404,filterLoc,,
3390,407,filterLoc,,
3390,410,filterLoc,,
3390,413,filterLoc,,
3390,416,filterLoc,,
3390,419,filterLoc,,
3390,422,filterLoc,,
3390,425,filterLoc,,
3390,428,filterLoc,,
3390,431,filterLoc,,
3390,434,filterLoc,,
3390,437,filterLoc,,
3390,440,filterLoc,,
3390,443,filterLoc,,
3390,446,filterLoc,,
3390,449,filterLoc,,
3390,452,filterLoc,,
3390,455,filterLoc,,
3390,458,filterLoc,,
3390,461,filterLoc,,
3390,464,filterLoc,,
3390,467,filterLoc,,
3390,470,filterLoc,,
3390,473,filterLoc,,
3390,476,filterLoc,,
3390,479,filterLoc,,
3390,482,filterLoc,,
3390,485,filterLoc,,
3390,488,filterLoc,,
3390,491,filterLoc,,
3390,494,filterLoc,,
3390,497,filterLoc,,
3390,500,filterLoc,,
3390,503,filterLoc,,
3390,506,filterLoc,,
3390,509,filterLoc,,
3390,512,filterLoc,,
3390,515,filterLoc,,
3390,518,filterLoc,,
3390,521,filterLoc,,
3390,524,filterLoc,,
3390,527,filterLoc,,
3390,530,filterLoc,,
3390,533,filterLoc,,
3390,536,filterLoc,,
3390,539,filterLoc,,
3390,542,filterLoc,,
3390,545,filterLoc,,
3390,548,filterLoc,,
3390,551,filterLoc,,
3390,554,filterLoc,,
3390,557,filterLoc,,
3390,560,filterLoc,,
3390,563,filterLoc,,
3390,566,filterLoc,,
3390,569,filterLoc,,
3390,573,filterES,,
3390,576,filterLoc,,
3390,579,filterLoc,,
3390,582,filterLoc,,
3390,585,filterLoc,,
3390,588,filterLoc,,
3390,591,filterLoc,,
3390,594,filterLoc,,
3390,597,filterLoc,,
3390,600,filterLoc,,
3390,603,filterLoc,,
3390,606,filterLoc,,
3390,609,filterLoc,,
3390,612,filterLoc,,
3390,615,filterLoc,,
3390,618,filterLoc,,
3390,621,filterLoc,,
3390,624,filterLoc,,
3390,627,filterLoc,,
3390,630,filterLoc,,
3390,633,filterLoc,,
3390,636,filterLoc,,
3390,639,filterLoc,,
3390,642,filterLoc,,
3390,645,filterLoc,,
3390,648,filterLoc,,
3390,651,filterLoc,,
3390,654,filterLoc,,
3390,657,filterLoc,,
3390,660,filterLoc,,
3390,663,filterLoc,,
3390,666,filterLoc,,
3390,669,filterLoc,,
3390,672,filterLoc,,
3390,675,filterLoc,,
3390,678,filterLoc,,
3390,681,filterLoc,,
3390,684,filterLoc,,
3390,687,filterLoc,,
3390,690,filterLoc,,
3390,693,filterLoc,,
3390,696,filterLoc,,
3390,699,filterLoc,,
3390,702,filterLoc,,
3390,705,filterLoc,,
3390,708,filterLoc,,
3390,711,filterLoc,,
3390,714,filterLoc,,
3390,717,filterLoc,,
3390,720,filterLoc,,
3390,723,filterLoc,,
3390,726,filterLoc,,
3390,729,filterLoc,,
3390,732,filterLoc,,
3390,735,filterLoc,,
3390,738,filterLoc,,
3390,741,filterLoc,,
3390,744,filterLoc,,
3390,747,filterLoc,,
3390,750,filterLoc,,
3390,753,filterLoc,,
3390,756,filterLoc,,
3390,759,filterLoc,,
3390,762,filterLoc,,
3390,765,filterLoc,,
3390,768,filterLoc,,
3390,771,filterLoc,,
3390,774,filterLoc,,
3390,777,filterLoc,,
3390,780,filterLoc,,
3390,783,filterLoc,,
3390,786,filterLoc,,
3390,789,filterLoc,,
3390,792,filterLoc,,
3390,795,filterLoc,,
3390,798,filterLoc,,
3390,801,filterLoc,,
3390,804,filterLoc,,
3390,807,filterLoc,,
3390,810,filterLoc,,
3390,813,filterLoc,,
3390,816,filterLoc,,
3390,819,filterLoc,,
3390,822,filterLoc,,
3390,825,filterLoc,,
3390,828,filterLoc,,
3390,831,filterLoc,,
3390,834,filterLoc,,
3390,837,filterLoc,,
3390,840,filterLoc,,
3390,843,filterLoc,,
3390,846,filterLoc,,
3390,849,filterLoc,,
3390,852,filterLoc,,
3390,855,filterLoc,,
3390,858,filterLoc,,
3390,861,filterLoc,,
3390,864,filterLoc,,
3390,867,filterLoc,,
3390,870,filterLoc,,
3390,873,filterLoc,,
3390,876,filterLoc,,
3390,879,filterLoc,,
3390,882,filterLoc,,
3390,885,filterLoc,,;Evacuee;368;in triage category;G;is leaving helicopter;2
3390,888,filterLoc,,
3390,891,filterLoc,,
3390,894,filterLoc,,;Evacuee;387;in triage category;G;is leaving helicopter;2
3390,897,filterLoc,,
3390,900,filterLoc,,
3390,903,filterLoc,,
3390,906,filterLoc,,
3390,909,filterLoc,,
3390,912,filterLoc,,
3390,915,filterLoc,,
3390,918,filterLoc,,
3390,921,filterLoc,,
3390,924,filterLoc,,
3390,927,filterLoc,,
3390,930,filterLoc,,
3390,933,filterLoc,,
3390,936,filterLoc,,
3390,939,filterLoc,,
3390,942,filterLoc,,
3390,945,filterLoc,,
3390,948,filterLoc,,
3390,951,filterLoc,,
3390,954,filterLoc,,
3390,957,filterLoc,,
3390,960,filterLoc,,
3390,963,filterLoc,,
3390,966,filterLoc,,
3390,969,filterLoc,,
3390,972,filterLoc,,
3390,975,filterLoc,,
3390,978,filterLoc,,
3390,981,filterLoc,,
3390,984,filterLoc,,
3390,987,filterLoc,,
3390,990,filterLoc,,
3390,993,filterLoc,,
3390,996,filterLoc,,
3390,999,filterLoc,,
3390,1002,filterLoc,,
3390,1005,filterLoc,,
3390,1008,filterLoc,,
3390,1011,filterLoc,,
3390,1014,filterLoc,,
3390,1017,filterLoc,,
3390,1020,filterLoc,,
3390,1023,filterLoc,,
3390,1026,filterLoc,,
3390,1029,filterLoc,,
3390,1032,filterLoc,,
3390,1035,filterLoc,,
3390,1038,filterLoc,,
3390,1041,filterLoc,,
3390,1044,filterLoc,,
3390,1047,filterLoc,,
3390,1050,filterLoc,,
3390,1053,filterLoc,,
3390,1056,filterLoc,,
3390,1059,filterLoc,,
3390,1062,filterLoc,,
3390,1065,filterLoc,,
3390,1068,filterLoc,,
3390,1071,filterLoc,,
3390,1074,filterLoc,,
3390,1077,filterLoc,,
3390,1080,filterLoc,,
3390,1083,filterLoc,,
3390,1086,filterLoc,,
3390,1089,filterLoc,,
3390,1092,filterLoc,,
3390,1095,filterLoc,,
3390,1098,filterLoc,,
3390,1101,filterLoc,,;Evacuee;388;in triage category;G;is leaving helicopter;2
3390,1104,filterLoc,,
3390,1107,filterLoc,,
3390,1110,filterLoc,,
3390,1113,filterLoc,,
3390,1116,filterLoc,,
3390,1119,filterLoc,,
3390,1122,filterLoc,,
3390,1125,filterLoc,,
3390,1128,filterLoc,,
3390,1132,filterES,,
3390,1133,helicopter,outEvac,Evacuee 365 in triage category G is not assigned a helicopter
3390,1133,helicopter,outEvac,Evacuee 366 in triage category G is not assigned a helicopter
3390,1133,helicopter,outEvac,Evacuee 368 in triage category G is not assigned a helicopter
3390,1133,helicopter,outEvac,Evacuee 369 in triage category G is not assigned a helicopter
3390,1133,helicopter,outEvac,Evacuee 370 in triage category G is not assigned a helicopter
3390,1133,helicopter,outEvac,Evacuee 371 in triage category G is not assigned a helicopter
3390,1133,helicopter,outEvac,Evacuee 372 in triage category G is not assigned a helicopter
3390,1133,helicopter,outEvac,Evacuee 385 in triage category G is not assigned a helicopter
3390,1133,helicopter,outEvac,Evacuee 387 in triage category G is not assigned a helicopter
3390,1133,helicopter,outEvac,Evacuee 388 in triage category G is not assigned a helicopter
3390,1133,helicopter,,Helicopter;2;is unloading people at the FOL;;and has;0;spots taken
3390,1135,filterLoc,,
3390,1138,filterLoc,,
3390,1141,filterLoc,,
3390,1144,filterLoc,,
3390,1147,filterLoc,,
3390,1150,filterLoc,,
3390,1153,filterLoc,,
3390,1156,filterLoc,,
3390,1159,filterLoc,,
3390,1162,filterLoc,,
3390,1165,filterLoc,,
3390,1168,filterLoc,,
3390,1172,filterES,,
3390,1175,filterLoc,,
3390,1178,filterLoc,,
3390,1181,filterLoc,,
3390,1184,filterLoc,,
3390,1187,filterLoc,,;Evacuee;385;in triage category;G;is leaving helicopter;2
3390,1190,filterLoc,,
3390,1193,filterLoc,,
3390,1196,filterLoc,,
3390,1199,filterLoc,,
3390,1202,filterLoc,,
3390,1205,filterLoc,,
3390,1208,filterLoc,,
3390,1211,filterLoc,,
3390,1214,filterLoc,,
3390,1217,filterLoc,,
3390,1220,filterLoc,,
3390,1223,filterLoc,,
3390,1226,filterLoc,,
3390,1229,filterLoc,,
3390,1232,filterLoc,,
3390,1235,filterLoc,,
3390,1238,filterLoc,,
3390,1241,filterLoc,,
3390,1244,filterLoc,,
3390,1247,filterLoc,,
3390,1250,filterLoc,,
3390,1253,filterLoc,,
3390,1256,filterLoc,,
3390,1259,filterLoc,,
3390,1262,filterLoc,,
3390,1265,filterLoc,,
3390,1268,filterLoc,,
3390,1271,filterLoc,,
3390,1274,filterLoc,,
3390,1277,filterLoc,,
3390,1280,filterLoc,,
3390,1283,filterLoc,,
3390,1286,filterLoc,,
3390,1289,filterLoc,,
3390,1292,filterLoc,,
3390,1295,filterLoc,,
3390,1298,filterLoc,,
3390,1301,filterLoc,,
3390,1304,filterLoc,,
3390,1307,filterLoc,,
3390,1310,filterLoc,,
3390,1313,filterLoc,,
3390,1316,filterLoc,,
3390,1319,filterLoc,,
3390,1322,filterLoc,,
3390,1325,filterLoc,,
3390,1328,filterLoc,,
3390,1331,filterLoc,,
3390,1334,filterLoc,,
3390,1337,filterLoc,,
3390,1340,filterLoc,,
3390,1343,filterLoc,,
3390,1346,filterLoc,,
3390,1349,filterLoc,,
3390,1352,filterLoc,,
3390,1355,filterLoc,,
3390,1358,filterLoc,,
3390,1361,filterLoc,,
3390,1364,filterLoc,,
3390,1367,filterLoc,,
3390,1370,filterLoc,,
3390,1373,filterLoc,,
3390,1376,filterLoc,,
3390,1379,filterLoc,,
3390,1382,filterLoc,,
3390,1385,filterLoc,,
3390,1388,filterLoc,,
3390,1391,filterLoc,,
3390,1394,filterLoc,,
3390,1397,filterLoc,,
3390,1400,filterLoc,,
3390,1403,filterLoc,,
3390,1406,filterLoc,,
3390,1409,filterLoc,,
3390,1412,filterLoc,,
3390,1415,filterLoc,,
3390,1418,filterLoc,,
3390,1421,filterLoc,,
3390,1424,filterLoc,,
3390,1427,filterLoc,,
3390,1430,filterLoc,,
3390,1433,filterLoc,,
3390,1436,filterLoc,,
3390,1439,filterLoc,,
3390,1442,filterLoc,,
3390,1445,filterLoc,,
3390,1448,filterLoc,,
3390,1451,filterLoc,,
3390,1454,filterLoc,,
3390,1457,filterLoc,,
3390,1460,filterLoc,,
3390,1463,filterLoc,,
3390,1466,filterLoc,,
3390,1469,filterLoc,,
3390,1472,filterLoc,,
3390,1475,filterLoc,,
3390,1478,filterLoc,,
3390,1481,filterLoc,,
3390,1484,filterLoc,,
3390,1487,filterLoc,,
3390,1490,filterLoc,,
3390,1493,filterLoc,,
3390,1496,filterLoc,,
3390,1499,filterLoc,,
3390,1502,filterLoc,,
3390,1505,filterLoc,,
3390,1508,filterLoc,,
3390,1511,filterLoc,,
3390,1514,filterLoc,,
3390,1517,filterLoc,,
3390,1520,filterLoc,,
3390,1523,filterLoc,,
3390,1526,filterLoc,,
3390,1529,filterLoc,,
3390,4,helipadManager,outHQ,0
3390,4,helipadManager,,;No helos are at ES
3390,5,helicopterQueue,,;No helos are waiting to land
3390,8,filterES,out,Helicopter 6 is evacuating people6
3390,8,filterES,,
3390,9,helicopter,,Helicopter;6;is loading people at the evacuation site;;and has;10;spots taken
3390,222,filterLoc,out,Evacuee 372 in triage category G is not assigned a helicopter
3390,222,filterLoc,,
3390,223,evacuee,,Evacuee;372;in triage state;G;is entering the FOL
3390,225,filterLoc,out,Evacuee 371 in triage category G is not assigned a helicopter
3390,225,filterLoc,,
3390,226,evacuee,,Evacuee;371;in triage state;G;is entering the FOL
3390,229,filterLoc,out,Evacuee 370 in triage category G is not assigned a helicopter
3390,229,filterLoc,,
3390,230,evacuee,,Evacuee;370;in triage state;G;is entering the FOL
3390,235,filterLoc,out,Evacuee 369 in triage category G is not assigned a helicopter
3390,235,filterLoc,,
3390,236,evacuee,,Evacuee;369;in triage state;G;is entering the FOL
3390,238,filterLoc,out,Evacuee 366 in triage category G is not assigned a helicopter
3390,238,filterLoc,,
3390,239,evacuee,,Evacuee;366;in triage state;G;is entering the FOL
3390,314,filterLoc,out,Evacuee 365 in triage category G is not assigned a helicopter
3390,314,filterLoc,,
3390,315,evacuee,,Evacuee;365;in triage state;G;is entering the FOL
3390,885,filterLoc,out,Evacuee 368 in triage category G is not assigned a helicopter
3390,885,filterLoc,,
3390,886,evacuee,,Evacuee;368;in triage state;G;is entering the FOL
3390,894,filterLoc,out,Evacuee 387 in triage category G is not assigned a helicopter
3390,894,filterLoc,,
3390,895,evacuee,,Evacuee;387;in triage state;G;is entering the FOL
3390,1101,filterLoc,out,Evacuee 388 in triage category G is not assigned a helicopter
3390,1101,filterLoc,,
3390,1102,evacuee,,Evacuee;388;in triage state;G;is entering the FOL
3390,1187,filterLoc,out,Evacuee 385 in triage category G is not assigned a helicopter
3390,1187,filterLoc,,
3390,1188,evacuee,,Evacuee;385;in triage state;G;is entering the FOL
3390,5,helicopterQueue,,;No helos are waiting to land
3390,9,helicopter,,Helicopter;6;is returning to the FOL;;and has;10;spots taken
3390,223,evacuee,outFOL,Evacuee 372 in triage category G is not assigned a helicopter
3390,223,evacuee,,Evacuee;372;in triage state;G;is at the FOL
3390,226,evacuee,outFOL,Evacuee 371 in triage category G is not assigned a helicopter
3390,226,evacuee,,Evacuee;371;in triage state;G;is at the FOL
3390,227,FOL,,;EvacueeID;4;Triage Status;G;EvacueeID;7;Triage Status;G;EvacueeID;10;Triage Status;G;EvacueeID;11;Triage Status;G;EvacueeID;13;Triage Status;G;EvacueeID;14;Triage Status;G;EvacueeID;15;Triage Status;G;EvacueeID;17;Triage Status;G;EvacueeID;18;Triage Status;G;EvacueeID;19;Triage Status;G;EvacueeID;23;Triage Status;G;EvacueeID;24;Triage Status;G;EvacueeID;26;Triage Status;G;EvacueeID;28;Triage Status;G;EvacueeID;29;Triage Status;G;EvacueeID;32;Triage Status;G;EvacueeID;37;Triage Status;G;EvacueeID;45;Triage Status;G;EvacueeID;48;Triage Status;G;EvacueeID;50;Triage Status;G;EvacueeID;54;Triage Status;G;EvacueeID;55;Triage Status;G;EvacueeID;58;Triage Status;G;EvacueeID;60;Triage Status;G;EvacueeID;65;Triage Status;G;EvacueeID;67;Triage Status;G;EvacueeID;73;Triage Status;G;EvacueeID;75;Triage Status;G;EvacueeID;77;Triage Status;G;EvacueeID;78;Triage Status;G;EvacueeID;82;Triage Status;G;EvacueeID;85;Triage Status;G;EvacueeID;95;Triage Status;G;EvacueeID;98;Triage Status;G;EvacueeID;99;Triage Status;G;EvacueeID;100;Triage Status;G;EvacueeID;101;Triage Status;G;EvacueeID;109;Triage Status;G;EvacueeID;112;Triage Status;G;EvacueeID;114;Triage Status;G;EvacueeID;123;Triage Status;G;EvacueeID;125;Triage Status;G;EvacueeID;126;Triage Status;G;EvacueeID;142;Triage Status;G;EvacueeID;144;Triage Status;G;EvacueeID;147;Triage Status;G;EvacueeID;153;Triage Status;G;EvacueeID;156;Triage Status;G;EvacueeID;158;Triage Status;G;EvacueeID;159;Triage Status;G;EvacueeID;161;Triage Status;G;EvacueeID;174;Triage Status;G;EvacueeID;177;Triage Status;G;EvacueeID;179;Triage Status;G;EvacueeID;181;Triage Status;G;EvacueeID;183;Triage Status;G;EvacueeID;184;Triage Status;G;EvacueeID;187;Triage Status;G;EvacueeID;190;Triage Status;G;EvacueeID;200;Triage Status;G;EvacueeID;201;Triage Status;G;EvacueeID;202;Triage Status;G;EvacueeID;203;Triage Status;G;EvacueeID;204;Triage Status;G;EvacueeID;205;Triage Status;G;EvacueeID;209;Triage Status;G;EvacueeID;212;Triage Status;G;EvacueeID;213;Triage Status;G;EvacueeID;215;Triage Status;G;EvacueeID;220;Triage Status;G;EvacueeID;226;Triage Status;G;EvacueeID;227;Triage Status;G;EvacueeID;232;Triage Status;G;EvacueeID;233;Triage Status;G;EvacueeID;234;Triage Status;G;EvacueeID;236;Triage Status;G;EvacueeID;241;Triage Status;G;EvacueeID;246;Triage Status;G;EvacueeID;255;Triage Status;G;EvacueeID;259;Triage Status;G;EvacueeID;260;Triage Status;G;EvacueeID;262;Triage Status;G;EvacueeID;263;Triage Status;G;EvacueeID;264;Triage Status;G;EvacueeID;267;Triage Status;G;EvacueeID;268;Triage Status;G;EvacueeID;270;Triage Status;G;EvacueeID;272;Triage Status;G;EvacueeID;275;Triage Status;G;EvacueeID;288;Triage Status;G;EvacueeID;290;Triage Status;G;EvacueeID;291;Triage Status;G;EvacueeID;292;Triage Status;G;EvacueeID;299;Triage Status;G;EvacueeID;300;Triage Status;G;EvacueeID;302;Triage Status;G;EvacueeID;322;Triage Status;G;EvacueeID;323;Triage Status;G;EvacueeID;324;Triage Status;G;EvacueeID;325;Triage Status;G;EvacueeID;326;Triage Status;G;EvacueeID;327;Triage Status;G;EvacueeID;343;Triage Status;G;EvacueeID;344;Triage Status;G;EvacueeID;345;Triage Status;G;EvacueeID;350;Triage Status;G;EvacueeID;355;Triage Status;G;EvacueeID;356;Triage Status;G;EvacueeID;361;Triage Status;G;EvacueeID;362;Triage Status;G;EvacueeID;365;Triage Status;G;EvacueeID;366;Triage Status;G;EvacueeID;368;Triage Status;G;EvacueeID;369;Triage Status;G;EvacueeID;370;Triage Status;G;EvacueeID;371;Triage Status;G;EvacueeID;372;Triage Status;G;EvacueeID;385;Triage Status;G;EvacueeID;387;Triage Status;G;EvacueeID;388;Triage Status;G;Lives Saved;120
3390,230,evacuee,outFOL,Evacuee 370 in triage category G is not assigned a helicopter
3390,230,evacuee,,Evacuee;370;in triage state;G;is at the FOL
3390,236,evacuee,outFOL,Evacuee 369 in triage category G is not assigned a helicopter
3390,236,evacuee,,Evacuee;369;in triage state;G;is at the FOL
3390,239,evacuee,outFOL,Evacuee 366 in triage category G is not assigned a helicopter
3390,239,evacuee,,Evacuee;366;in triage state;G;is at the FOL
3390,315,evacuee,outFOL,Evacuee 365 in triage category G is not assigned a helicopter
3390,315,evacuee,,Evacuee;365;in triage state;G;is at the FOL
3390,886,evacuee,outFOL,Evacuee 368 in triage category G is not assigned a helicopter
3390,886,evacuee,,Evacuee;368;in triage state;G;is at the FOL
3390,895,evacuee,outFOL,Evacuee 387 in triage category G is not assigned a helicopter
3390,895,evacuee,,Evacuee;387;in triage state;G;is at the FOL
3390,1102,evacuee,outFOL,Evacuee 388 in triage category G is not assigned a helicopter
3390,1102,evacuee,,Evacuee;388;in triage state;G;is at the FOL
3390,1188,evacuee,outFOL,Evacuee 385 in triage category G is not assigned a helicopter
3390,1188,evacuee,,Evacuee;385;in triage state;G;is at the FOL
3390,227,FOL,,;EvacueeID;4;Triage Status;G;EvacueeID;7;Triage Status;G;EvacueeID;10;Triage Status;G;EvacueeID;11;Triage Status;G;EvacueeID;13;Triage Status;G;EvacueeID;14;Triage Status;G;EvacueeID;15;Triage Status;G;EvacueeID;17;Triage Status;G;EvacueeID;18;Triage Status;G;EvacueeID;19;Triage Status;G;EvacueeID;23;Triage Status;G;EvacueeID;24;Triage Status;G;EvacueeID;26;Triage Status;G;EvacueeID;28;Triage Status;G;EvacueeID;29;Triage Status;G;EvacueeID;32;Triage Status;G;EvacueeID;37;Triage Status;G;EvacueeID;45;Triage Status;G;EvacueeID;48;Triage Status;G;EvacueeID;50;Triage Status;G;EvacueeID;54;Triage Status;G;EvacueeID;55;Triage Status;G;EvacueeID;58;Triage Status;G;EvacueeID;60;Triage Status;G;EvacueeID;65;Triage Status;G;EvacueeID;67;Triage Status;G;EvacueeID;73;Triage Status;G;EvacueeID;75;Triage Status;G;EvacueeID;77;Triage Status;G;EvacueeID;78;Triage Status;G;EvacueeID;82;Triage Status;G;EvacueeID;85;Triage Status;G;EvacueeID;95;Triage Status;G;EvacueeID;98;Triage Status;G;EvacueeID;99;Triage Status;G;EvacueeID;100;Triage Status;G;EvacueeID;101;Triage Status;G;EvacueeID;109;Triage Status;G;EvacueeID;112;Triage Status;G;EvacueeID;114;Triage Status;G;EvacueeID;123;Triage Status;G;EvacueeID;125;Triage Status;G;EvacueeID;126;Triage Status;G;EvacueeID;142;Triage Status;G;EvacueeID;144;Triage Status;G;EvacueeID;147;Triage Status;G;EvacueeID;153;Triage Status;G;EvacueeID;156;Triage Status;G;EvacueeID;158;Triage Status;G;EvacueeID;159;Triage Status;G;EvacueeID;161;Triage Status;G;EvacueeID;174;Triage Status;G;EvacueeID;177;Triage Status;G;EvacueeID;179;Triage Status;G;EvacueeID;181;Triage Status;G;EvacueeID;183;Triage Status;G;EvacueeID;184;Triage Status;G;EvacueeID;187;Triage Status;G;EvacueeID;190;Triage Status;G;EvacueeID;200;Triage Status;G;EvacueeID;201;Triage Status;G;EvacueeID;202;Triage Status;G;EvacueeID;203;Triage Status;G;EvacueeID;204;Triage Status;G;EvacueeID;205;Triage Status;G;EvacueeID;209;Triage Status;G;EvacueeID;212;Triage Status;G;EvacueeID;213;Triage Status;G;EvacueeID;215;Triage Status;G;EvacueeID;220;Triage Status;G;EvacueeID;226;Triage Status;G;EvacueeID;227;Triage Status;G;EvacueeID;232;Triage Status;G;EvacueeID;233;Triage Status;G;EvacueeID;234;Triage Status;G;EvacueeID;236;Triage Status;G;EvacueeID;241;Triage Status;G;EvacueeID;246;Triage Status;G;EvacueeID;255;Triage Status;G;EvacueeID;259;Triage Status;G;EvacueeID;260;Triage Status;G;EvacueeID;262;Triage Status;G;EvacueeID;263;Triage Status;G;EvacueeID;264;Triage Status;G;EvacueeID;267;Triage Status;G;EvacueeID;268;Triage Status;G;EvacueeID;270;Triage Status;G;EvacueeID;272;Triage Status;G;EvacueeID;275;Triage Status;G;EvacueeID;288;Triage Status;G;EvacueeID;290;Triage Status;G;EvacueeID;291;Triage Status;G;EvacueeID;292;Triage Status;G;EvacueeID;299;Triage Status;G;EvacueeID;300;Triage Status;G;EvacueeID;302;Triage Status;G;EvacueeID;322;Triage Status;G;EvacueeID;323;Triage Status;G;EvacueeID;324;Triage Status;G;EvacueeID;325;Triage Status;G;EvacueeID;326;Triage Status;G;EvacueeID;327;Triage Status;G;EvacueeID;343;Triage Status;G;EvacueeID;344;Triage Status;G;EvacueeID;345;Triage Status;G;EvacueeID;350;Triage Status;G;EvacueeID;355;Triage Status;G;EvacueeID;356;Triage Status;G;EvacueeID;361;Triage Status;G;EvacueeID;362;Triage Status;G;EvacueeID;365;Triage Status;G;EvacueeID;366;Triage Status;G;EvacueeID;368;Triage Status;G;EvacueeID;369;Triage Status;G;EvacueeID;370;Triage Status;G;EvacueeID;371;Triage Status;G;EvacueeID;372;Triage Status;G;EvacueeID;385;Triage Status;G;EvacueeID;387;Triage Status;G;EvacueeID;388;Triage Status;G;Lives Saved;120
3392.91,3,evacueeManager,,OFF SHIP: White;0;Green;0;Yellow;21;Red;9;Black;320;ON SHIP: White;0;Green;0;Yellow;0;Red;0;Evacuees to Transfer;
3392.91,1093,evacuee,outES,Evacuee 307 in triage category Y is not assigned a helicopter
3392.91,1093,evacuee,,Evacuee;307;in triage state;R;is at the evacuation site
3401.57,3,evacueeManager,,OFF SHIP: White;0;Green;0;Yellow;20;Red;10;Black;320;ON SHIP: White;0;Green;0;Yellow;0;Red;0;Evacuees to Transfer;
3401.57,1386,evacuee,outES,Evacuee 329 in triage category Y is not assigned a helicopter
3401.57,1386,evacuee,,Evacuee;329;in triage state;R;is at the evacuation site
3405,11,filterLoc,,
3405,14,filterLoc,,
3405,17,filterLoc,,
3405,20,filterLoc,,
3405,23,filterLoc,,
3405,26,filterLoc,,
3405,29,filterLoc,,
3405,32,filterLoc,,
3405,35,filterLoc,,
3405,38,filterLoc,,
3405,41,filterLoc,,
3405,44,filterLoc,,
3405,47,filterLoc,,
3405,50,filterLoc,,
3405,53,filterLoc,,
3405,56,filterLoc,,
3405,59,filterLoc,,
3405,62,filterLoc,,
3405,65,filterLoc,,
3405,68,filterLoc,,
3405,71,filterLoc,,
3405,74,filterLoc,,
3405,77,filterLoc,,
3405,80,filterLoc,,
3405,83,filterLoc,,
3405,86,filterLoc,,
3405,89,filterLoc,,
3405,92,filterLoc,,
3405,95,filterLoc,,
3405,98,filterLoc,,
3405,101,filterLoc,,
3405,104,filterLoc,,
3405,111,filterLoc,,
3405,114,filterLoc,,
3405,117,filterLoc,,
3405,120,filterLoc,,
3405,123,filterLoc,,
3405,126,filterLoc,,
3405,129,filterLoc,,
3405,132,filterLoc,,
3405,135,filterLoc,,
3405,138,filterLoc,,
3405,141,filterLoc,,
3405,144,filterLoc,,
3405,147,filterLoc,,
3405,150,filterLoc,,;Evacuee;404;in triage category;G;is leaving helicopter;5
3405,153,filterLoc,,;Evacuee;403;in triage category;G;is leaving helicopter;5
3405,156,filterLoc,,;Evacuee;401;in triage category;G;is leaving helicopter;5
3405,159,filterLoc,,;Evacuee;398;in triage category;G;is leaving helicopter;5
3405,162,filterLoc,,;Evacuee;397;in triage category;G;is leaving helicopter;5
3405,165,filterLoc,,
3405,168,filterLoc,,;Evacuee;396;in triage category;G;is leaving helicopter;5
3405,171,filterLoc,,
3405,174,filterLoc,,
3405,177,filterLoc,,
3405,180,filterLoc,,
3405,183,filterLoc,,
3405,186,filterLoc,,
3405,189,filterLoc,,
3405,192,filterLoc,,
3405,195,filterLoc,,
3405,198,filterLoc,,
3405,201,filterLoc,,
3405,204,filterLoc,,
3405,207,filterLoc,,
3405,210,filterLoc,,
3405,213,filterLoc,,
3405,216,filterLoc,,
3405,219,filterLoc,,
3405,222,filterLoc,,
3405,225,filterLoc,,
3405,229,filterLoc,,
3405,232,filterLoc,,
3405,235,filterLoc,,
3405,238,filterLoc,,
3405,241,filterLoc,,
3405,244,filterLoc,,
3405,247,filterLoc,,
3405,250,filterLoc,,
3405,253,filterLoc,,
3405,256,filterLoc,,
3405,259,filterLoc,,
3405,262,filterLoc,,
3405,265,filterLoc,,
3405,268,filterLoc,,
3405,271,filterLoc,,
3405,274,filterLoc,,
3405,277,filterLoc,,
3405,280,filterLoc,,
3405,283,filterLoc,,
3405,286,filterLoc,,
3405,289,filterLoc,,
3405,296,filterLoc,,
3405,299,filterLoc,,
3405,302,filterLoc,,;Evacuee;410;in triage category;G;is leaving helicopter;5
3405,305,filterLoc,,
3405,308,filterLoc,,
3405,311,filterLoc,,
3405,314,filterLoc,,
3405,317,filterLoc,,
3405,320,filterLoc,,
3405,323,filterLoc,,
3405,326,filterLoc,,
3405,329,filterLoc,,
3405,332,filterLoc,,
3405,335,filterLoc,,
3405,338,filterLoc,,
3405,341,filterLoc,,
3405,344,filterLoc,,
3405,347,filterLoc,,
3405,350,filterLoc,,
3405,353,filterLoc,,
3405,356,filterLoc,,
3405,359,filterLoc,,
3405,362,filterLoc,,
3405,365,filterLoc,,
3405,368,filterLoc,,
3405,371,filterLoc,,
3405,374,filterLoc,,
3405,377,filterLoc,,
3405,380,filterLoc,,
3405,383,filterLoc,,
3405,386,filterLoc,,
3405,389,filterLoc,,
3405,392,filterLoc,,
3405,395,filterLoc,,
3405,398,filterLoc,,
3405,401,filterLoc,,
3405,404,filterLoc,,
3405,407,filterLoc,,
3405,410,filterLoc,,
3405,413,filterLoc,,
3405,416,filterLoc,,
3405,419,filterLoc,,
3405,422,filterLoc,,
3405,425,filterLoc,,
3405,428,filterLoc,,
3405,431,filterLoc,,
3405,434,filterLoc,,
3405,437,filterLoc,,
3405,440,filterLoc,,
3405,443,filterLoc,,
3405,446,filterLoc,,
3405,449,filterLoc,,
3405,452,filterLoc,,
3405,455,filterLoc,,
3405,458,filterLoc,,
3405,461,filterLoc,,
3405,464,filterLoc,,
3405,467,filterLoc,,
3405,470,filterLoc,,
3405,473,filterLoc,,
3405,476,filterLoc,,
3405,479,filterLoc,,
3405,482,filterLoc,,
3405,485,filterLoc,,
3405,488,filterLoc,,
3405,491,filterLoc,,
3405,494,filterLoc,,
3405,497,filterLoc,,
3405,500,filterLoc,,
3405,503,filterLoc,,
3405,506,filterLoc,,
3405,509,filterLoc,,
3405,512,filterLoc,,
3405,515,filterLoc,,
3405,518,filterLoc,,
3405,521,filterLoc,,
3405,524,filterLoc,,
3405,527,filterLoc,,
3405,530,filterLoc,,
3405,533,filterLoc,,
3405,536,filterLoc,,
3405,539,filterLoc,,
3405,542,filterLoc,,
3405,545,filterLoc,,
3405,548,filterLoc,,
3405,551,filterLoc,,
3405,554,filterLoc,,
3405,557,filterLoc,,
3405,560,filterLoc,,
3405,563,filterLoc,,
3405,566,filterLoc,,
3405,569,filterLoc,,
3405,574,helicopter,outEvac,Evacuee 390 in triage category G is not assigned a helicopter
3405,574,helicopter,outEvac,Evacuee 391 in triage category G is not assigned a helicopter
3405,574,helicopter,outEvac,Evacuee 396 in triage category G is not assigned a helicopter
3405,574,helicopter,outEvac,Evacuee 397 in triage category G is not assigned a helicopter
3405,574,helicopter,outEvac,Evacuee 398 in triage category G is not assigned a helicopter
3405,574,helicopter,outEvac,Evacuee 400 in triage category G is not assigned a helicopter
3405,574,helicopter,outEvac,Evacuee 401 in triage category G is not assigned a helicopter
3405,574,helicopter,outEvac,Evacuee 403 in triage category G is not assigned a helicopter
3405,574,helicopter,outEvac,Evacuee 404 in triage category G is not assigned a helicopter
3405,574,helicopter,outEvac,Evacuee 410 in triage category G is not assigned a helicopter
3405,574,helicopter,,Helicopter;5;is unloading people at the FOL;;and has;0;spots taken
3405,576,filterLoc,,
3405,579,filterLoc,,
3405,582,filterLoc,,
3405,585,filterLoc,,
3405,588,filterLoc,,
3405,591,filterLoc,,
3405,594,filterLoc,,
3405,597,filterLoc,,
3405,600,filterLoc,,
3405,603,filterLoc,,
3405,606,filterLoc,,
3405,609,filterLoc,,
3405,612,filterLoc,,
3405,615,filterLoc,,
3405,618,filterLoc,,
3405,621,filterLoc,,
3405,624,filterLoc,,
3405,627,filterLoc,,
3405,630,filterLoc,,
3405,633,filterLoc,,
3405,636,filterLoc,,
3405,639,filterLoc,,
3405,642,filterLoc,,
3405,645,filterLoc,,
3405,648,filterLoc,,
3405,651,filterLoc,,
3405,654,filterLoc,,
3405,657,filterLoc,,
3405,660,filterLoc,,
3405,663,filterLoc,,
3405,666,filterLoc,,
3405,669,filterLoc,,
3405,672,filterLoc,,
3405,675,filterLoc,,
3405,678,filterLoc,,
3405,681,filterLoc,,
3405,684,filterLoc,,
3405,687,filterLoc,,
3405,690,filterLoc,,
3405,693,filterLoc,,
3405,696,filterLoc,,
3405,699,filterLoc,,
3405,702,filterLoc,,
3405,705,filterLoc,,
3405,708,filterLoc,,
3405,711,filterLoc,,
3405,714,filterLoc,,
3405,717,filterLoc,,
3405,720,filterLoc,,
3405,723,filterLoc,,
3405,726,filterLoc,,
3405,729,filterLoc,,
3405,732,filterLoc,,
3405,735,filterLoc,,
3405,738,filterLoc,,
3405,741,filterLoc,,
3405,744,filterLoc,,
3405,747,filterLoc,,
3405,750,filterLoc,,
3405,753,filterLoc,,
3405,756,filterLoc,,
3405,759,filterLoc,,
3405,762,filterLoc,,
3405,765,filterLoc,,
3405,768,filterLoc,,
3405,771,filterLoc,,
3405,774,filterLoc,,
3405,777,filterLoc,,
3405,780,filterLoc,,
3405,783,filterLoc,,
3405,786,filterLoc,,
3405,789,filterLoc,,
3405,792,filterLoc,,
3405,795,filterLoc,,
3405,798,filterLoc,,
3405,801,filterLoc,,
3405,804,filterLoc,,
3405,807,filterLoc,,;Evacuee;400;in triage category;G;is leaving helicopter;5
3405,810,filterLoc,,
3405,813,filterLoc,,
3405,816,filterLoc,,
3405,819,filterLoc,,
3405,822,filterLoc,,
3405,825,filterLoc,,
3405,828,filterLoc,,
3405,831,filterLoc,,
3405,834,filterLoc,,
3405,837,filterLoc,,
3405,840,filterLoc,,
3405,843,filterLoc,,
3405,846,filterLoc,,
3405,849,filterLoc,,
3405,852,filterLoc,,
3405,855,filterLoc,,
3405,858,filterLoc,,
3405,861,filterLoc,,
3405,864,filterLoc,,
3405,867,filterLoc,,
3405,870,filterLoc,,
3405,873,filterLoc,,
3405,876,filterLoc,,
3405,879,filterLoc,,
3405,882,filterLoc,,
3405,885,filterLoc,,
3405,888,filterLoc,,
3405,891,filterLoc,,
3405,894,filterLoc,,
3405,897,filterLoc,,
3405,900,filterLoc,,
3405,903,filterLoc,,
3405,906,filterLoc,,
3405,909,filterLoc,,
3405,912,filterLoc,,
3405,915,filterLoc,,
3405,918,filterLoc,,
3405,921,filterLoc,,
3405,924,filterLoc,,
3405,927,filterLoc,,
3405,930,filterLoc,,
3405,933,filterLoc,,
3405,936,filterLoc,,
3405,939,filterLoc,,
3405,942,filterLoc,,
3405,945,filterLoc,,
3405,948,filterLoc,,
3405,951,filterLoc,,
3405,954,filterLoc,,
3405,957,filterLoc,,
3405,960,filterLoc,,
3405,963,filterLoc,,
3405,966,filterLoc,,
3405,969,filterLoc,,
3405,972,filterLoc,,
3405,975,filterLoc,,
3405,978,filterLoc,,
3405,981,filterLoc,,
3405,984,filterLoc,,
3405,987,filterLoc,,
3405,990,filterLoc,,
3405,993,filterLoc,,
3405,996,filterLoc,,
3405,999,filterLoc,,
3405,1002,filterLoc,,
3405,1005,filterLoc,,
3405,1008,filterLoc,,
3405,1011,filterLoc,,
3405,1014,filterLoc,,
3405,1017,filterLoc,,
3405,1020,filterLoc,,
3405,1023,filterLoc,,
3405,1026,filterLoc,,
3405,1029,filterLoc,,
3405,1032,filterLoc,,
3405,1035,filterLoc,,
3405,1038,filterLoc,,
3405,1041,filterLoc,,
3405,1044,filterLoc,,
3405,1047,filterLoc,,
3405,1050,filterLoc,,
3405,1053,filterLoc,,
3405,1056,filterLoc,,
3405,1059,filterLoc,,
3405,1062,filterLoc,,
3405,1065,filterLoc,,
3405,1068,filterLoc,,
3405,1071,filterLoc,,
3405,1074,filterLoc,,
3405,1077,filterLoc,,
3405,1080,filterLoc,,
3405,1083,filterLoc,,
3405,1086,filterLoc,,
3405,1089,filterLoc,,
3405,1092,filterLoc,,
3405,1095,filterLoc,,
3405,1098,filterLoc,,;Evacuee;391;in triage category;G;is leaving helicopter;5
3405,1101,filterLoc,,
3405,1104,filterLoc,,
3405,1107,filterLoc,,
3405,1110,filterLoc,,
3405,1113,filterLoc,,
3405,1116,filterLoc,,
3405,1119,filterLoc,,
3405,1122,filterLoc,,
3405,1125,filterLoc,,
3405,1128,filterLoc,,
3405,1133,helicopter,,Helicopter;2;Is going to the evacuation site;;and has;0;spots taken
3405,1135,filterLoc,,
3405,1138,filterLoc,,
3405,1141,filterLoc,,
3405,1144,filterLoc,,
3405,1147,filterLoc,,
3405,1150,filterLoc,,
3405,1153,filterLoc,,
3405,1156,filterLoc,,
3405,1159,filterLoc,,
3405,1162,filterLoc,,
3405,1165,filterLoc,,
3405,1168,filterLoc,,
3405,1175,filterLoc,,
3405,1178,filterLoc,,
3405,1181,filterLoc,,
3405,1184,filterLoc,,
3405,1187,filterLoc,,
3405,1190,filterLoc,,
3405,1193,filterLoc,,
3405,1196,filterLoc,,
3405,1199,filterLoc,,
3405,1202,filterLoc,,
3405,1205,filterLoc,,
3405,1208,filterLoc,,
3405,1211,filterLoc,,
3405,1214,filterLoc,,
3405,1217,filterLoc,,
3405,1220,filterLoc,,
3405,1223,filterLoc,,
3405,1226,filterLoc,,
3405,1229,filterLoc,,
3405,1232,filterLoc,,
3405,1235,filterLoc,,
3405,1238,filterLoc,,
3405,1241,filterLoc,,
3405,1244,filterLoc,,
3405,1247,filterLoc,,
3405,1250,filterLoc,,
3405,1253,filterLoc,,
3405,1256,filterLoc,,
3405,1259,filterLoc,,
3405,1262,filterLoc,,
3405,1265,filterLoc,,
3405,1268,filterLoc,,
3405,1271,filterLoc,,
3405,1274,filterLoc,,
3405,1277,filterLoc,,
3405,1280,filterLoc,,
3405,1283,filterLoc,,
3405,1286,filterLoc,,
3405,1289,filterLoc,,
3405,1292,filterLoc,,
3405,1295,filterLoc,,
3405,1298,filterLoc,,
3405,1301,filterLoc,,
3405,1304,filterLoc,,
3405,1307,filterLoc,,
3405,1310,filterLoc,,
3405,1313,filterLoc,,
3405,1316,filterLoc,,
3405,1319,filterLoc,,
3405,1322,filterLoc,,
3405,1325,filterLoc,,
3405,1328,filterLoc,,
3405,1331,filterLoc,,
3405,1334,filterLoc,,
3405,1337,filterLoc,,
3405,1340,filterLoc,,
3405,1343,filterLoc,,
3405,1346,filterLoc,,
3405,1349,filterLoc,,
3405,1352,filterLoc,,
3405,1355,filterLoc,,
3405,1358,filterLoc,,
3405,1361,filterLoc,,
3405,1364,filterLoc,,
3405,1367,filterLoc,,
3405,1370,filterLoc,,
3405,1373,filterLoc,,
3405,1376,filterLoc,,
3405,1379,filterLoc,,
3405,1382,filterLoc,,
3405,1385,filterLoc,,
3405,1388,filterLoc,,
3405,1391,filterLoc,,
3405,1394,filterLoc,,
3405,1397,filterLoc,,;Evacuee;390;in triage category;G;is leaving helicopter;5
3405,1400,filterLoc,,
3405,1403,filterLoc,,
3405,1406,filterLoc,,
3405,1409,filterLoc,,
3405,1412,filterLoc,,
3405,1415,filterLoc,,
3405,1418,filterLoc,,
3405,1421,filterLoc,,
3405,1424,filterLoc,,
3405,1427,filterLoc,,
3405,1430,filterLoc,,
3405,1433,filterLoc,,
3405,1436,filterLoc,,
3405,1439,filterLoc,,
3405,1442,filterLoc,,
3405,1445,filterLoc,,
3405,1448,filterLoc,,
3405,1451,filterLoc,,
3405,1454,filterLoc,,
3405,1457,filterLoc,,
3405,1460,filterLoc,,
3405,1463,filterLoc,,
3405,1466,filterLoc,,
3405,1469,filterLoc,,
3405,1472,filterLoc,,
3405,1475,filterLoc,,
3405,1478,filterLoc,,
3405,1481,filterLoc,,
3405,1484,filterLoc,,
3405,1487,filterLoc,,
3405,1490,filterLoc,,
3405,1493,filterLoc,,
3405,1496,filterLoc,,
3405,1499,filterLoc,,
3405,1502,filterLoc,,
3405,1505,filterLoc,,
3405,1508,filterLoc,,
3405,1511,filterLoc,,
3405,1514,filterLoc,,
3405,1517,filterLoc,,
3405,1520,filterLoc,,
3405,1523,filterLoc,,
3405,1526,filterLoc,,
3405,1529,filterLoc,,
3405,150,filterLoc,out,Evacuee 404 in triage category G is not assigned a helicopter
3405,150,filterLoc,,
3405,151,evacuee,,Evacuee;404;in triage state;G;is entering the FOL
3405,153,filterLoc,out,Evacuee 403 in triage category G is not assigned a helicopter
3405,153,filterLoc,,
3405,154,evacuee,,Evacuee;403;in triage state;G;is entering the FOL
3405,156,filterLoc,out,Evacuee 401 in triage category G is not assigned a helicopter
3405,156,filterLoc,,
3405,157,evacuee,,Evacuee;401;in triage state;G;is entering the FOL
3405,159,filterLoc,out,Evacuee 398 in triage category G is not assigned a helicopter
3405,159,filterLoc,,
3405,160,evacuee,,Evacuee;398;in triage state;G;is entering the FOL
3405,162,filterLoc,out,Evacuee 397 in triage category G is not assigned a helicopter
3405,162,filterLoc,,
3405,163,evacuee,,Evacuee;397;in triage state;G;is entering the FOL
3405,168,filterLoc,out,Evacuee 396 in triage category G is not assigned a helicopter
3405,168,filterLoc,,
3405,169,evacuee,,Evacuee;396;in triage state;G;is entering the FOL
3405,302,filterLoc,out,Evacuee 410 in triage category G is not assigned a helicopter
3405,302,filterLoc,,
3405,303,evacuee,,Evacuee;410;in triage state;G;is entering the FOL
3405,807,filterLoc,out,Evacuee 400 in triage category G is not assigned a helicopter
3405,807,filterLoc,,
3405,808,evacuee,,Evacuee;400;in triage state;G;is entering the FOL
3405,1098,filterLoc,out,Evacuee 391 in triage category G is not assigned a helicopter
3405,1098,filterLoc,,
3405,1099,evacuee,,Evacuee;391;in triage state;G;is entering the FOL
3405,1397,filterLoc,out,Evacuee 390 in triage category G is not assigned a helicopter
3405,1397,filterLoc,,
3405,1398,evacuee,,Evacuee;390;in triage state;G;is entering the FOL
3405,151,evacuee,outFOL,Evacuee 404 in triage category G is not assigned a helicopter
3405,151,evacuee,,Evacuee;404;in triage state;G;is at the FOL
3405,154,evacuee,outFOL,Evacuee 403 in triage category G is not assigned a helicopter
3405,154,evacuee,,Evacuee;403;in triage state;G;is at the FOL
3405,157,evacuee,outFOL,Evacuee 401 in triage category G is not assigned a helicopter
3405,157,evacuee,,Evacuee;401;in triage state;G;is at the FOL
3405,160,evacuee,outFOL,Evacuee 398 in triage category G is not assigned a helicopter
3405,160,evacuee,,Evacuee;398;in triage state;G;is at the FOL
3405,163,evacuee,outFOL,Evacuee 397 in triage category G is not assigned a helicopter
3405,163,evacuee,,Evacuee;397;in triage state;G;is at the FOL
3405,169,evacuee,outFOL,Evacuee 396 in triage category G is not assigned a helicopter
3405,169,evacuee,,Evacuee;396;in triage state;G;is at the FOL
3405,227,FOL,,;EvacueeID;4;Triage Status;G;EvacueeID;7;Triage Status;G;EvacueeID;10;Triage Status;G;EvacueeID;11;Triage Status;G;EvacueeID;13;Triage Status;G;EvacueeID;14;Triage Status;G;EvacueeID;15;Triage Status;G;EvacueeID;17;Triage Status;G;EvacueeID;18;Triage Status;G;EvacueeID;19;Triage Status;G;EvacueeID;23;Triage Status;G;EvacueeID;24;Triage Status;G;EvacueeID;26;Triage Status;G;EvacueeID;28;Triage Status;G;EvacueeID;29;Triage Status;G;EvacueeID;32;Triage Status;G;EvacueeID;37;Triage Status;G;EvacueeID;45;Triage Status;G;EvacueeID;48;Triage Status;G;EvacueeID;50;Triage Status;G;EvacueeID;54;Triage Status;G;EvacueeID;55;Triage Status;G;EvacueeID;58;Triage Status;G;EvacueeID;60;Triage Status;G;EvacueeID;65;Triage Status;G;EvacueeID;67;Triage Status;G;EvacueeID;73;Triage Status;G;EvacueeID;75;Triage Status;G;EvacueeID;77;Triage Status;G;EvacueeID;78;Triage Status;G;EvacueeID;82;Triage Status;G;EvacueeID;85;Triage Status;G;EvacueeID;95;Triage Status;G;EvacueeID;98;Triage Status;G;EvacueeID;99;Triage Status;G;EvacueeID;100;Triage Status;G;EvacueeID;101;Triage Status;G;EvacueeID;109;Triage Status;G;EvacueeID;112;Triage Status;G;EvacueeID;114;Triage Status;G;EvacueeID;123;Triage Status;G;EvacueeID;125;Triage Status;G;EvacueeID;126;Triage Status;G;EvacueeID;142;Triage Status;G;EvacueeID;144;Triage Status;G;EvacueeID;147;Triage Status;G;EvacueeID;153;Triage Status;G;EvacueeID;156;Triage Status;G;EvacueeID;158;Triage Status;G;EvacueeID;159;Triage Status;G;EvacueeID;161;Triage Status;G;EvacueeID;174;Triage Status;G;EvacueeID;177;Triage Status;G;EvacueeID;179;Triage Status;G;EvacueeID;181;Triage Status;G;EvacueeID;183;Triage Status;G;EvacueeID;184;Triage Status;G;EvacueeID;187;Triage Status;G;EvacueeID;190;Triage Status;G;EvacueeID;200;Triage Status;G;EvacueeID;201;Triage Status;G;EvacueeID;202;Triage Status;G;EvacueeID;203;Triage Status;G;EvacueeID;204;Triage Status;G;EvacueeID;205;Triage Status;G;EvacueeID;209;Triage Status;G;EvacueeID;212;Triage Status;G;EvacueeID;213;Triage Status;G;EvacueeID;215;Triage Status;G;EvacueeID;220;Triage Status;G;EvacueeID;226;Triage Status;G;EvacueeID;227;Triage Status;G;EvacueeID;232;Triage Status;G;EvacueeID;233;Triage Status;G;EvacueeID;234;Triage Status;G;EvacueeID;236;Triage Status;G;EvacueeID;241;Triage Status;G;EvacueeID;246;Triage Status;G;EvacueeID;255;Triage Status;G;EvacueeID;259;Triage Status;G;EvacueeID;260;Triage Status;G;EvacueeID;262;Triage Status;G;EvacueeID;263;Triage Status;G;EvacueeID;264;Triage Status;G;EvacueeID;267;Triage Status;G;EvacueeID;268;Triage Status;G;EvacueeID;270;Triage Status;G;EvacueeID;272;Triage Status;G;EvacueeID;275;Triage Status;G;EvacueeID;288;Triage Status;G;EvacueeID;290;Triage Status;G;EvacueeID;291;Triage Status;G;EvacueeID;292;Triage Status;G;EvacueeID;299;Triage Status;G;EvacueeID;300;Triage Status;G;EvacueeID;302;Triage Status;G;EvacueeID;322;Triage Status;G;EvacueeID;323;Triage Status;G;EvacueeID;324;Triage Status;G;EvacueeID;325;Triage Status;G;EvacueeID;326;Triage Status;G;EvacueeID;327;Triage Status;G;EvacueeID;343;Triage Status;G;EvacueeID;344;Triage Status;G;EvacueeID;345;Triage Status;G;EvacueeID;350;Triage Status;G;EvacueeID;355;Triage Status;G;EvacueeID;356;Triage Status;G;EvacueeID;361;Triage Status;G;EvacueeID;362;Triage Status;G;EvacueeID;365;Triage Status;G;EvacueeID;366;Triage Status;G;EvacueeID;368;Triage Status;G;EvacueeID;369;Triage Status;G;EvacueeID;370;Triage Status;G;EvacueeID;371;Triage Status;G;EvacueeID;372;Triage Status;G;EvacueeID;385;Triage Status;G;EvacueeID;387;Triage Status;G;EvacueeID;388;Triage Status;G;EvacueeID;390;Triage Status;G;EvacueeID;391;Triage Status;G;EvacueeID;396;Triage Status;G;EvacueeID;397;Triage Status;G;EvacueeID;398;Triage Status;G;EvacueeID;400;Triage Status;G;EvacueeID;401;Triage Status;G;EvacueeID;403;Triage Status;G;EvacueeID;404;Triage Status;G;EvacueeID;410;Triage Status;G;Lives Saved;130
3405,303,evacuee,outFOL,Evacuee 410 in triage category G is not assigned a helicopter
3405,303,evacuee,,Evacuee;410;in triage state;G;is at the FOL
3405,808,evacuee,outFOL,Evacuee 400 in triage category G is not assigned a helicopter
3405,808,evacuee,,Evacuee;400;in triage state;G;is at the FOL
3405,1099,evacuee,outFOL,Evacuee 391 in triage category G is not assigned a helicopter
3405,1099,evacuee,,Evacuee;391;in triage state;G;is at the FOL
3405,1398,evacuee,outFOL,Evacuee 390 in triage category G is not assigned a helicopter
3405,1398,evacuee,,Evacuee;390;in triage state;G;is at the FOL
3405,227,FOL,,;EvacueeID;4;Triage Status;G;EvacueeID;7;Triage Status;G;EvacueeID;10;Triage Status;G;EvacueeID;11;Triage Status;G;EvacueeID;13;Triage Status;G;EvacueeID;14;Triage Status;G;EvacueeID;15;Triage Status;G;EvacueeID;17;Triage Status;G;EvacueeID;18;Triage Status;G;EvacueeID;19;Triage Status;G;EvacueeID;23;Triage Status;G;EvacueeID;24;Triage Status;G;EvacueeID;26;Triage Status;G;EvacueeID;28;Triage Status;G;EvacueeID;29;Triage Status;G;EvacueeID;32;Triage Status;G;EvacueeID;37;Triage Status;G;EvacueeID;45;Triage Status;G;EvacueeID;48;Triage Status;G;EvacueeID;50;Triage Status;G;EvacueeID;54;Triage Status;G;EvacueeID;55;Triage Status;G;EvacueeID;58;Triage Status;G;EvacueeID;60;Triage Status;G;EvacueeID;65;Triage Status;G;EvacueeID;67;Triage Status;G;EvacueeID;73;Triage Status;G;EvacueeID;75;Triage Status;G;EvacueeID;77;Triage Status;G;EvacueeID;78;Triage Status;G;EvacueeID;82;Triage Status;G;EvacueeID;85;Triage Status;G;EvacueeID;95;Triage Status;G;EvacueeID;98;Triage Status;G;EvacueeID;99;Triage Status;G;EvacueeID;100;Triage Status;G;EvacueeID;101;Triage Status;G;EvacueeID;109;Triage Status;G;EvacueeID;112;Triage Status;G;EvacueeID;114;Triage Status;G;EvacueeID;123;Triage Status;G;EvacueeID;125;Triage Status;G;EvacueeID;126;Triage Status;G;EvacueeID;142;Triage Status;G;EvacueeID;144;Triage Status;G;EvacueeID;147;Triage Status;G;EvacueeID;153;Triage Status;G;EvacueeID;156;Triage Status;G;EvacueeID;158;Triage Status;G;EvacueeID;159;Triage Status;G;EvacueeID;161;Triage Status;G;EvacueeID;174;Triage Status;G;EvacueeID;177;Triage Status;G;EvacueeID;179;Triage Status;G;EvacueeID;181;Triage Status;G;EvacueeID;183;Triage Status;G;EvacueeID;184;Triage Status;G;EvacueeID;187;Triage Status;G;EvacueeID;190;Triage Status;G;EvacueeID;200;Triage Status;G;EvacueeID;201;Triage Status;G;EvacueeID;202;Triage Status;G;EvacueeID;203;Triage Status;G;EvacueeID;204;Triage Status;G;EvacueeID;205;Triage Status;G;EvacueeID;209;Triage Status;G;EvacueeID;212;Triage Status;G;EvacueeID;213;Triage Status;G;EvacueeID;215;Triage Status;G;EvacueeID;220;Triage Status;G;EvacueeID;226;Triage Status;G;EvacueeID;227;Triage Status;G;EvacueeID;232;Triage Status;G;EvacueeID;233;Triage Status;G;EvacueeID;234;Triage Status;G;EvacueeID;236;Triage Status;G;EvacueeID;241;Triage Status;G;EvacueeID;246;Triage Status;G;EvacueeID;255;Triage Status;G;EvacueeID;259;Triage Status;G;EvacueeID;260;Triage Status;G;EvacueeID;262;Triage Status;G;EvacueeID;263;Triage Status;G;EvacueeID;264;Triage Status;G;EvacueeID;267;Triage Status;G;EvacueeID;268;Triage Status;G;EvacueeID;270;Triage Status;G;EvacueeID;272;Triage Status;G;EvacueeID;275;Triage Status;G;EvacueeID;288;Triage Status;G;EvacueeID;290;Triage Status;G;EvacueeID;291;Triage Status;G;EvacueeID;292;Triage Status;G;EvacueeID;299;Triage Status;G;EvacueeID;300;Triage Status;G;EvacueeID;302;Triage Status;G;EvacueeID;322;Triage Status;G;EvacueeID;323;Triage Status;G;EvacueeID;324;Triage Status;G;EvacueeID;325;Triage Status;G;EvacueeID;326;Triage Status;G;EvacueeID;327;Triage Status;G;EvacueeID;343;Triage Status;G;EvacueeID;344;Triage Status;G;EvacueeID;345;Triage Status;G;EvacueeID;350;Triage Status;G;EvacueeID;355;Triage Status;G;EvacueeID;356;Triage Status;G;EvacueeID;361;Triage Status;G;EvacueeID;362;Triage Status;G;EvacueeID;365;Triage Status;G;EvacueeID;366;Triage Status;G;EvacueeID;368;Triage Status;G;EvacueeID;369;Triage Status;G;EvacueeID;370;Triage Status;G;EvacueeID;371;Triage Status;G;EvacueeID;372;Triage Status;G;EvacueeID;385;Triage Status;G;EvacueeID;387;Triage Status;G;EvacueeID;388;Triage Status;G;EvacueeID;390;Triage Status;G;EvacueeID;391;Triage Status;G;EvacueeID;396;Triage Status;G;EvacueeID;397;Triage Status;G;EvacueeID;398;Triage Status;G;EvacueeID;400;Triage Status;G;EvacueeID;401;Triage Status;G;EvacueeID;403;Triage Status;G;EvacueeID;404;Triage Status;G;EvacueeID;410;Triage Status;G;Lives Saved;130
3419.17,3,evacueeManager,,OFF SHIP: White;0;Green;0;Yellow;20;Red;9;Black;321;ON SHIP: White;0;Green;0;Yellow;0;Red;0;Evacuees to Transfer;
3419.17,1386,evacuee,outES,Evacuee 329 in triage category R is not assigned a helicopter
3419.17,1386,evacuee,,Evacuee;329;in triage state;B;is at the evacuation site
3420,5,helicopterQueue,,1;Helos are waiting to land;HeloID;1
3420,574,helicopter,,Helicopter;5;Is going to the evacuation site;;and has;0;spots taken
3420,1173,helicopter,outES,Helicopter 1 is evacuating people1
3420,1173,helicopter,,Helicopter;1;is waiting to land at the evacuation site;;and has;0;spots taken
3420,4,helipadManager,,;No helos are at ES
3420,5,helicopterQueue,outHM,Helicopter 1 is evacuating people1
3420,5,helicopterQueue,outHelo,Helicopter 1 is evacuating people1
3420,5,helicopterQueue,,;No helos are waiting to land
3420,8,filterES,,
3420,108,filterES,,
3420,293,filterES,,
3420,573,filterES,,
3420,1132,filterES,,
3420,1172,filterES,,Helicopter;1;is evacuating people
3420,3,evacueeManager,,OFF SHIP: White;0;Green;0;Yellow;20;Red;6;Black;321;ON SHIP: White;0;Green;0;Yellow;0;Red;0;Evacuees to Transfer;;EvacueeID;444;HeloID;1;OnShip;0;Triage Status;R;EvacueeID;359;HeloID;1;OnShip;0;Triage Status;R;EvacueeID;394;HeloID;1;OnShip;0;Triage Status;R
3420,4,helipadManager,outEM,Helicopter 1 is evacuating people1
3420,4,helipadManager,,Helo;1;is at the ES
3420,1172,filterES,out,Helicopter 1 is evacuating people1
3420,1172,filterES,,
3420,1173,helicopter,,Helicopter;1;is waiting to land at the evacuation site;;and has;0;spots taken
3420,3,evacueeManager,outEvac,Evacuee 444 in triage category R is assigned helicopter 1
3420,3,evacueeManager,outEvac,Evacuee 359 in triage category R is assigned helicopter 1
3420,3,evacueeManager,outEvac,Evacuee 394 in triage category R is assigned helicopter 1
3420,3,evacueeManager,,OFF SHIP: White;0;Green;0;Yellow;20;Red;6;Black;321;ON SHIP: White;0;Green;0;Yellow;0;Red;0;Evacuees to Transfer;
3420,11,filterLoc,,
3420,14,filterLoc,,
3420,17,filterLoc,,
3420,20,filterLoc,,
3420,23,filterLoc,,
3420,26,filterLoc,,
3420,29,filterLoc,,
3420,32,filterLoc,,
3420,35,filterLoc,,
3420,38,filterLoc,,
3420,41,filterLoc,,
3420,44,filterLoc,,
3420,47,filterLoc,,
3420,50,filterLoc,,
3420,53,filterLoc,,
3420,56,filterLoc,,
3420,59,filterLoc,,
3420,62,filterLoc,,
3420,65,filterLoc,,
3420,68,filterLoc,,
3420,71,filterLoc,,
3420,74,filterLoc,,
3420,77,filterLoc,,
3420,80,filterLoc,,
3420,83,filterLoc,,
3420,86,filterLoc,,
3420,89,filterLoc,,
3420,92,filterLoc,,
3420,95,filterLoc,,
3420,98,filterLoc,,
3420,101,filterLoc,,
3420,104,filterLoc,,
3420,111,filterLoc,,
3420,114,filterLoc,,
3420,117,filterLoc,,
3420,120,filterLoc,,
3420,123,filterLoc,,
3420,126,filterLoc,,
3420,129,filterLoc,,
3420,132,filterLoc,,
3420,135,filterLoc,,
3420,138,filterLoc,,
3420,141,filterLoc,,
3420,144,filterLoc,,
3420,147,filterLoc,,
3420,150,filterLoc,,
3420,153,filterLoc,,
3420,156,filterLoc,,
3420,159,filterLoc,,
3420,162,filterLoc,,
3420,165,filterLoc,,
3420,168,filterLoc,,
3420,171,filterLoc,,
3420,174,filterLoc,,
3420,177,filterLoc,,
3420,180,filterLoc,,
3420,183,filterLoc,,
3420,186,filterLoc,,
3420,189,filterLoc,,
3420,192,filterLoc,,
3420,195,filterLoc,,
3420,198,filterLoc,,
3420,201,filterLoc,,
3420,204,filterLoc,,
3420,207,filterLoc,,
3420,210,filterLoc,,
3420,213,filterLoc,,
3420,216,filterLoc,,
3420,219,filterLoc,,
3420,222,filterLoc,,
3420,225,filterLoc,,
3420,229,filterLoc,,
3420,232,filterLoc,,
3420,235,filterLoc,,
3420,238,filterLoc,,
3420,241,filterLoc,,
3420,244,filterLoc,,
3420,247,filterLoc,,
3420,250,filterLoc,,
3420,253,filterLoc,,
3420,256,filterLoc,,
3420,259,filterLoc,,
3420,262,filterLoc,,
3420,265,filterLoc,,
3420,268,filterLoc,,
3420,271,filterLoc,,
3420,274,filterLoc,,
3420,277,filterLoc,,
3420,280,filterLoc,,
3420,283,filterLoc,,
3420,286,filterLoc,,
3420,289,filterLoc,,
3420,296,filterLoc,,
3420,299,filterLoc,,
3420,302,filterLoc,,
3420,305,filterLoc,,
3420,308,filterLoc,,
3420,311,filterLoc,,
3420,314,filterLoc,,
3420,317,filterLoc,,
3420,320,filterLoc,,
3420,323,filterLoc,,
3420,326,filterLoc,,
3420,329,filterLoc,,
3420,332,filterLoc,,
3420,335,filterLoc,,
3420,338,filterLoc,,
3420,341,filterLoc,,
3420,344,filterLoc,,
3420,347,filterLoc,,
3420,350,filterLoc,,
3420,353,filterLoc,,
3420,356,filterLoc,,
3420,359,filterLoc,,
3420,362,filterLoc,,
3420,365,filterLoc,,
3420,368,filterLoc,,
3420,371,filterLoc,,
3420,374,filterLoc,,
3420,377,filterLoc,,
3420,380,filterLoc,,
3420,383,filterLoc,,
3420,386,filterLoc,,
3420,389,filterLoc,,
3420,392,filterLoc,,
3420,395,filterLoc,,
3420,398,filterLoc,,
3420,401,filterLoc,,
3420,404,filterLoc,,
3420,407,filterLoc,,
3420,410,filterLoc,,
3420,413,filterLoc,,
3420,416,filterLoc,,
3420,419,filterLoc,,
3420,422,filterLoc,,
3420,425,filterLoc,,
3420,428,filterLoc,,
3420,431,filterLoc,,
3420,434,filterLoc,,
3420,437,filterLoc,,
3420,440,filterLoc,,
3420,443,filterLoc,,
3420,446,filterLoc,,
3420,449,filterLoc,,
3420,452,filterLoc,,
3420,455,filterLoc,,
3420,458,filterLoc,,
3420,461,filterLoc,,
3420,464,filterLoc,,
3420,467,filterLoc,,
3420,470,filterLoc,,
3420,473,filterLoc,,
3420,476,filterLoc,,
3420,479,filterLoc,,
3420,482,filterLoc,,
3420,485,filterLoc,,
3420,488,filterLoc,,
3420,491,filterLoc,,
3420,494,filterLoc,,
3420,497,filterLoc,,
3420,500,filterLoc,,
3420,503,filterLoc,,
3420,506,filterLoc,,
3420,509,filterLoc,,
3420,512,filterLoc,,
3420,515,filterLoc,,
3420,518,filterLoc,,
3420,521,filterLoc,,
3420,524,filterLoc,,
3420,527,filterLoc,,
3420,530,filterLoc,,
3420,533,filterLoc,,
3420,536,filterLoc,,
3420,539,filterLoc,,
3420,542,filterLoc,,
3420,545,filterLoc,,
3420,548,filterLoc,,
3420,551,filterLoc,,
3420,554,filterLoc,,
3420,557,filterLoc,,
3420,560,filterLoc,,
3420,563,filterLoc,,
3420,566,filterLoc,,
3420,569,filterLoc,,
3420,576,filterLoc,,
3420,579,filterLoc,,
3420,582,filterLoc,,
3420,585,filterLoc,,
3420,588,filterLoc,,
3420,591,filterLoc,,
3420,594,filterLoc,,
3420,597,filterLoc,,
3420,600,filterLoc,,
3420,603,filterLoc,,
3420,606,filterLoc,,
3420,609,filterLoc,,
3420,612,filterLoc,,
3420,615,filterLoc,,
3420,618,filterLoc,,
3420,621,filterLoc,,
3420,624,filterLoc,,
3420,627,filterLoc,,
3420,630,filterLoc,,
3420,633,filterLoc,,
3420,636,filterLoc,,
3420,639,filterLoc,,
3420,642,filterLoc,,
3420,645,filterLoc,,
3420,648,filterLoc,,
3420,651,filterLoc,,;Evacuee;444;in triage category;R;is entering helicopter;1
3420,654,filterLoc,,
3420,657,filterLoc,,
3420,660,filterLoc,,
3420,663,filterLoc,,
3420,666,filterLoc,,
3420,669,filterLoc,,
3420,672,filterLoc,,
3420,675,filterLoc,,
3420,678,filterLoc,,
3420,681,filterLoc,,
3420,684,filterLoc,,
3420,687,filterLoc,,
3420,690,filterLoc,,
3420,693,filterLoc,,
3420,696,filterLoc,,
3420,699,filterLoc,,
3420,702,filterLoc,,
3420,705,filterLoc,,
3420,708,filterLoc,,
3420,711,filterLoc,,
3420,714,filterLoc,,
3420,717,filterLoc,,
3420,720,filterLoc,,
3420,723,filterLoc,,
3420,726,filterLoc,,
3420,729,filterLoc,,
3420,732,filterLoc,,
3420,735,filterLoc,,
3420,738,filterLoc,,
3420,741,filterLoc,,
3420,744,filterLoc,,
3420,747,filterLoc,,
3420,750,filterLoc,,
3420,753,filterLoc,,
3420,756,filterLoc,,
3420,759,filterLoc,,
3420,762,filterLoc,,
3420,765,filterLoc,,
3420,768,filterLoc,,
3420,771,filterLoc,,
3420,774,filterLoc,,
3420,777,filterLoc,,
3420,780,filterLoc,,
3420,783,filterLoc,,
3420,786,filterLoc,,
3420,789,filterLoc,,
3420,792,filterLoc,,
3420,795,filterLoc,,
3420,798,filterLoc,,
3420,801,filterLoc,,
3420,804,filterLoc,,
3420,807,filterLoc,,
3420,810,filterLoc,,
3420,813,filterLoc,,
3420,816,filterLoc,,
3420,819,filterLoc,,
3420,822,filterLoc,,
3420,825,filterLoc,,
3420,828,filterLoc,,
3420,831,filterLoc,,
3420,834,filterLoc,,
3420,837,filterLoc,,
3420,840,filterLoc,,
3420,843,filterLoc,,
3420,846,filterLoc,,
3420,849,filterLoc,,
3420,852,filterLoc,,
3420,855,filterLoc,,
3420,858,filterLoc,,;Evacuee;394;in triage category;R;is entering helicopter;1
3420,861,filterLoc,,
3420,864,filterLoc,,
3420,867,filterLoc,,
3420,870,filterLoc,,
3420,873,filterLoc,,
3420,876,filterLoc,,
3420,879,filterLoc,,
3420,882,filterLoc,,
3420,885,filterLoc,,
3420,888,filterLoc,,
3420,891,filterLoc,,
3420,894,filterLoc,,
3420,897,filterLoc,,
3420,900,filterLoc,,
3420,903,filterLoc,,
3420,906,filterLoc,,
3420,909,filterLoc,,
3420,912,filterLoc,,
3420,915,filterLoc,,
3420,918,filterLoc,,
3420,921,filterLoc,,
3420,924,filterLoc,,
3420,927,filterLoc,,;Evacuee;359;in triage category;R;is entering helicopter;1
3420,930,filterLoc,,
3420,933,filterLoc,,
3420,936,filterLoc,,
3420,939,filterLoc,,
3420,942,filterLoc,,
3420,945,filterLoc,,
3420,948,filterLoc,,
3420,951,filterLoc,,
3420,954,filterLoc,,
3420,957,filterLoc,,
3420,960,filterLoc,,
3420,963,filterLoc,,
3420,966,filterLoc,,
3420,969,filterLoc,,
3420,972,filterLoc,,
3420,975,filterLoc,,
3420,978,filterLoc,,
3420,981,filterLoc,,
3420,984,filterLoc,,
3420,987,filterLoc,,
3420,990,filterLoc,,
3420,993,filterLoc,,
3420,996,filterLoc,,
3420,999,filterLoc,,
3420,1002,filterLoc,,
3420,1005,filterLoc,,
3420,1008,filterLoc,,
3420,1011,filterLoc,,
3420,1014,filterLoc,,
3420,1017,filterLoc,,
3420,1020,filterLoc,,
3420,1023,filterLoc,,
3420,1026,filterLoc,,
3420,1029,filterLoc,,
3420,1032,filterLoc,,
3420,1035,filterLoc,,
3420,1038,filterLoc,,
3420,1041,filterLoc,,
3420,1044,filterLoc,,
3420,1047,filterLoc,,
3420,1050,filterLoc,,
3420,1053,filterLoc,,
3420,1056,filterLoc,,
3420,1059,filterLoc,,
3420,1062,filterLoc,,
3420,1065,filterLoc,,
3420,1068,filterLoc,,
3420,1071,filterLoc,,
3420,1074,filterLoc,,
3420,1077,filterLoc,,
3420,1080,filterLoc,,
3420,1083,filterLoc,,
3420,1086,filterLoc,,
3420,1089,filterLoc,,
3420,1092,filterLoc,,
3420,1095,filterLoc,,
3420,1098,filterLoc,,
3420,1101,filterLoc,,
3420,1104,filterLoc,,
3420,1107,filterLoc,,
3420,1110,filterLoc,,
3420,1113,filterLoc,,
3420,1116,filterLoc,,
3420,1119,filterLoc,,
3420,1122,filterLoc,,
3420,1125,filterLoc,,
3420,1128,filterLoc,,
3420,1135,filterLoc,,
3420,1138,filterLoc,,
3420,1141,filterLoc,,
3420,1144,filterLoc,,
3420,1147,filterLoc,,
3420,1150,filterLoc,,
3420,1153,filterLoc,,
3420,1156,filterLoc,,
3420,1159,filterLoc,,
3420,1162,filterLoc,,
3420,1165,filterLoc,,
3420,1168,filterLoc,,
3420,1173,helicopter,,Helicopter;1;is loading people at the evacuation site;;and has;0;spots taken
3420,1175,filterLoc,,
3420,1178,filterLoc,,
3420,1181,filterLoc,,
3420,1184,filterLoc,,
3420,1187,filterLoc,,
3420,1190,filterLoc,,
3420,1193,filterLoc,,
3420,1196,filterLoc,,
3420,1199,filterLoc,,
3420,1202,filterLoc,,
3420,1205,filterLoc,,
3420,1208,filterLoc,,
3420,1211,filterLoc,,
3420,1214,filterLoc,,
3420,1217,filterLoc,,
3420,1220,filterLoc,,
3420,1223,filterLoc,,
3420,1226,filterLoc,,
3420,1229,filterLoc,,
3420,1232,filterLoc,,
3420,1235,filterLoc,,
3420,1238,filterLoc,,
3420,1241,filterLoc,,
3420,1244,filterLoc,,
3420,1247,filterLoc,,
3420,1250,filterLoc,,
3420,1253,filterLoc,,
3420,1256,filterLoc,,
3420,1259,filterLoc,,
3420,1262,filterLoc,,
3420,1265,filterLoc,,
3420,1268,filterLoc,,
3420,1271,filterLoc,,
3420,1274,filterLoc,,
3420,1277,filterLoc,,
3420,1280,filterLoc,,
3420,1283,filterLoc,,
3420,1286,filterLoc,,
3420,1289,filterLoc,,
3420,1292,filterLoc,,
3420,1295,filterLoc,,
3420,1298,filterLoc,,
3420,1301,filterLoc,,
3420,1304,filterLoc,,
3420,1307,filterLoc,,
3420,1310,filterLoc,,
3420,1313,filterLoc,,
3420,1316,filterLoc,,
3420,1319,filterLoc,,
3420,1322,filterLoc,,
3420,1325,filterLoc,,
3420,1328,filterLoc,,
3420,1331,filterLoc,,
3420,1334,filterLoc,,
3420,1337,filterLoc,,
3420,1340,filterLoc,,
3420,1343,filterLoc,,
3420,1346,filterLoc,,
3420,1349,filterLoc,,
3420,1352,filterLoc,,
3420,1355,filterLoc,,
3420,1358,filterLoc,,
3420,1361,filterLoc,,
3420,1364,filterLoc,,
3420,1367,filterLoc,,
3420,1370,filterLoc,,
3420,1373,filterLoc,,
3420,1376,filterLoc,,
3420,1379,filterLoc,,
3420,1382,filterLoc,,
3420,1385,filterLoc,,
3420,1388,filterLoc,,
3420,1391,filterLoc,,
3420,1394,filterLoc,,
3420,1397,filterLoc,,
3420,1400,filterLoc,,
3420,1403,filterLoc,,
3420,1406,filterLoc,,
3420,1409,filterLoc,,
3420,1412,filterLoc,,
3420,1415,filterLoc,,
3420,1418,filterLoc,,
3420,1421,filterLoc,,
3420,1424,filterLoc,,
3420,1427,filterLoc,,
3420,1430,filterLoc,,
3420,1433,filterLoc,,
3420,1436,filterLoc,,
3420,1439,filterLoc,,
3420,1442,filterLoc,,
3420,1445,filterLoc,,
3420,1448,filterLoc,,
3420,1451,filterLoc,,
3420,1454,filterLoc,,
3420,1457,filterLoc,,
3420,1460,filterLoc,,
3420,1463,filterLoc,,
3420,1466,filterLoc,,
3420,1469,filterLoc,,
3420,1472,filterLoc,,
3420,1475,filterLoc,,
3420,1478,filterLoc,,
3420,1481,filterLoc,,
3420,1484,filterLoc,,
3420,1487,filterLoc,,
3420,1490,filterLoc,,
3420,1493,filterLoc,,
3420,1496,filterLoc,,
3420,1499,filterLoc,,
3420,1502,filterLoc,,
3420,1505,filterLoc,,
3420,1508,filterLoc,,
3420,1511,filterLoc,,
3420,1514,filterLoc,,
3420,1517,filterLoc,,
3420,1520,filterLoc,,
3420,1523,filterLoc,,
3420,1526,filterLoc,,
3420,1529,filterLoc,,
3420,651,filterLoc,out,Evacuee 444 in triage category R is assigned helicopter 1
3420,651,filterLoc,,
3420,652,evacuee,,Evacuee;444;in triage state;R;is entering helicopter;1
3420,858,filterLoc,out,Evacuee 394 in triage category R is assigned helicopter 1
3420,858,filterLoc,,
3420,859,evacuee,,Evacuee;394;in triage state;R;is entering helicopter;1
3420,927,filterLoc,out,Evacuee 359 in triage category R is assigned helicopter 1
3420,927,filterLoc,,
3420,928,evacuee,,Evacuee;359;in triage state;R;is entering helicopter;1
3420,7,filterEvac,,
3420,107,filterEvac,,
3420,292,filterEvac,,
3420,572,filterEvac,,
3420,652,evacuee,outHelo,Evacuee 444 in triage category R is assigned helicopter 1
3420,652,evacuee,,Evacuee;444;in triage state;R;is in helicopter;1
3420,859,evacuee,outHelo,Evacuee 394 in triage category R is assigned helicopter 1
3420,859,evacuee,,Evacuee;394;in triage state;R;is in helicopter;1
3420,928,evacuee,outHelo,Evacuee 359 in triage category R is assigned helicopter 1
3420,928,evacuee,,Evacuee;359;in triage state;R;is in helicopter;1
3420,1131,filterEvac,,
3420,1171,filterEvac,,;Evacuee;359;in triage category;R;is entering helicopter;1;Evacuee;394;in triage category;R;is entering helicopter;1;Evacuee;444;in triage category;R;is entering helicopter;1
3420,1171,filterEvac,out,Evacuee 359 in triage category R is assigned helicopter 1
3420,1171,filterEvac,out,Evacuee 394 in triage category R is assigned helicopter 1
3420,1171,filterEvac,out,Evacuee 444 in triage category R is assigned helicopter 1
3420,1171,filterEvac,,
3420,1173,helicopter,,Helicopter;1;is loading people at the evacuation site;;and has;9;spots taken
3420.92,3,evacueeManager,,OFF SHIP: White;0;Green;0;Yellow;20;Red;5;Black;322;ON SHIP: White;0;Green;0;Yellow;0;Red;0;Evacuees to Transfer;
3420.92,937,evacuee,outES,Evacuee 407 in triage category R is not assigned a helicopter
3420.92,937,evacuee,,Evacuee;407;in triage state;B;is at the evacuation site
3422.56,3,evacueeManager,,OFF SHIP: White;0;Green;0;Yellow;20;Red;4;Black;323;ON SHIP: White;0;Green;0;Yellow;0;Red;0;Evacuees to Transfer;
3422.56,142,evacuee,outES,Evacuee 409 in triage category R is not assigned a helicopter
3422.56,142,evacuee,,Evacuee;409;in triage state;B;is at the evacuation site
3431.53,3,evacueeManager,,OFF SHIP: White;0;Green;0;Yellow;19;Red;5;Black;323;ON SHIP: White;0;Green;0;Yellow;0;Red;0;Evacuees to Transfer;
3431.53,661,evacuee,outES,Evacuee 115 in triage category Y is not assigned a helicopter
3431.53,661,evacuee,,Evacuee;115;in triage state;R;is at the evacuation site
3431.99,3,evacueeManager,,OFF SHIP: White;0;Green;0;Yellow;19;Red;4;Black;324;ON SHIP: White;0;Green;0;Yellow;0;Red;0;Evacuees to Transfer;
3431.99,1458,evacuee,outES,Evacuee 164 in triage category R is not assigned a helicopter
3431.99,1458,evacuee,,Evacuee;164;in triage state;B;is at the evacuation site
3435,4,helipadManager,outHelo,Helicopter 1 is evacuating people1
3435,4,helipadManager,,;No helos are at ES
3435,5,helicopterQueue,,1;Helos are waiting to land;HeloID;4
3435,8,filterES,,
3435,108,filterES,,
3435,293,filterES,,
3435,294,helicopter,outES,Helicopter 4 is evacuating people4
3435,294,helicopter,,Helicopter;4;is waiting to land at the evacuation site;;and has;0;spots taken
3435,573,filterES,,
3435,1132,filterES,,
3435,1172,filterES,,Helicopter;1;is evacuating people
3435,4,helipadManager,outHQ,0
3435,4,helipadManager,,;No helos are at ES
3435,5,helicopterQueue,,1;Helos are waiting to land;HeloID;4
3435,1172,filterES,out,Helicopter 1 is evacuating people1
3435,1172,filterES,,
3435,1173,helicopter,,Helicopter;1;is loading people at the evacuation site;;and has;9;spots taken
3435,4,helipadManager,,;No helos are at ES
3435,5,helicopterQueue,outHM,Helicopter 4 is evacuating people4
3435,5,helicopterQueue,outHelo,Helicopter 4 is evacuating people4
3435,5,helicopterQueue,,;No helos are waiting to land
3435,8,filterES,,
3435,108,filterES,,
3435,293,filterES,,Helicopter;4;is evacuating people
3435,573,filterES,,
3435,1132,filterES,,
3435,1172,filterES,,
3435,1173,helicopter,,Helicopter;1;is returning to the FOL;;and has;9;spots taken
3435,3,evacueeManager,,OFF SHIP: White;0;Green;0;Yellow;19;Red;1;Black;324;ON SHIP: White;0;Green;0;Yellow;0;Red;0;Evacuees to Transfer;;EvacueeID;374;HeloID;4;OnShip;0;Triage Status;R;EvacueeID;293;HeloID;4;OnShip;0;Triage Status;R;EvacueeID;307;HeloID;4;OnShip;0;Triage Status;R
3435,4,helipadManager,outEM,Helicopter 4 is evacuating people4
3435,4,helipadManager,,Helo;4;is at the ES
3435,293,filterES,out,Helicopter 4 is evacuating people4
3435,293,filterES,,
3435,294,helicopter,,Helicopter;4;is waiting to land at the evacuation site;;and has;0;spots taken
3435,3,evacueeManager,outEvac,Evacuee 374 in triage category R is assigned helicopter 4
3435,3,evacueeManager,outEvac,Evacuee 293 in triage category R is assigned helicopter 4
3435,3,evacueeManager,outEvac,Evacuee 307 in triage category R is assigned helicopter 4
3435,3,evacueeManager,,OFF SHIP: White;0;Green;0;Yellow;19;Red;1;Black;324;ON SHIP: White;0;Green;0;Yellow;0;Red;0;Evacuees to Transfer;
3435,11,filterLoc,,
3435,14,filterLoc,,
3435,17,filterLoc,,
3435,20,filterLoc,,
3435,23,filterLoc,,
3435,26,filterLoc,,
3435,29,filterLoc,,
3435,32,filterLoc,,
3435,35,filterLoc,,
3435,38,filterLoc,,
3435,41,filterLoc,,
3435,44,filterLoc,,
3435,47,filterLoc,,
3435,50,filterLoc,,
3435,53,filterLoc,,
3435,56,filterLoc,,
3435,59,filterLoc,,
3435,62,filterLoc,,
3435,65,filterLoc,,
3435,68,filterLoc,,
3435,71,filterLoc,,
3435,74,filterLoc,,
3435,77,filterLoc,,
3435,80,filterLoc,,
3435,83,filterLoc,,
3435,86,filterLoc,,
3435,89,filterLoc,,
3435,92,filterLoc,,
3435,95,filterLoc,,
3435,98,filterLoc,,
3435,101,filterLoc,,
3435,104,filterLoc,,
3435,111,filterLoc,,
3435,114,filterLoc,,
3435,117,filterLoc,,
3435,120,filterLoc,,
3435,123,filterLoc,,
3435,126,filterLoc,,
3435,129,filterLoc,,
3435,132,filterLoc,,
3435,135,filterLoc,,
3435,138,filterLoc,,
3435,141,filterLoc,,
3435,144,filterLoc,,
3435,147,filterLoc,,
3435,150,filterLoc,,
3435,153,filterLoc,,
3435,156,filterLoc,,
3435,159,filterLoc,,
3435,162,filterLoc,,
3435,165,filterLoc,,
3435,168,filterLoc,,
3435,171,filterLoc,,
3435,174,filterLoc,,
3435,177,filterLoc,,
3435,180,filterLoc,,
3435,183,filterLoc,,
3435,186,filterLoc,,
3435,189,filterLoc,,
3435,192,filterLoc,,
3435,195,filterLoc,,
3435,198,filterLoc,,
3435,201,filterLoc,,
3435,204,filterLoc,,
3435,207,filterLoc,,
3435,210,filterLoc,,
3435,213,filterLoc,,
3435,216,filterLoc,,
3435,219,filterLoc,,;Evacuee;374;in triage category;R;is entering helicopter;4
3435,222,filterLoc,,
3435,225,filterLoc,,
3435,229,filterLoc,,
3435,232,filterLoc,,
3435,235,filterLoc,,
3435,238,filterLoc,,
3435,241,filterLoc,,
3435,244,filterLoc,,
3435,247,filterLoc,,
3435,250,filterLoc,,
3435,253,filterLoc,,
3435,256,filterLoc,,
3435,259,filterLoc,,
3435,262,filterLoc,,
3435,265,filterLoc,,
3435,268,filterLoc,,
3435,271,filterLoc,,
3435,274,filterLoc,,
3435,277,filterLoc,,
3435,280,filterLoc,,
3435,283,filterLoc,,
3435,286,filterLoc,,
3435,289,filterLoc,,
3435,294,helicopter,,Helicopter;4;is loading people at the evacuation site;;and has;0;spots taken
3435,296,filterLoc,,
3435,299,filterLoc,,
3435,302,filterLoc,,
3435,305,filterLoc,,
3435,308,filterLoc,,
3435,311,filterLoc,,
3435,314,filterLoc,,
3435,317,filterLoc,,
3435,320,filterLoc,,
3435,323,filterLoc,,
3435,326,filterLoc,,
3435,329,filterLoc,,
3435,332,filterLoc,,
3435,335,filterLoc,,
3435,338,filterLoc,,
3435,341,filterLoc,,
3435,344,filterLoc,,
3435,347,filterLoc,,
3435,350,filterLoc,,
3435,353,filterLoc,,
3435,356,filterLoc,,
3435,359,filterLoc,,
3435,362,filterLoc,,
3435,365,filterLoc,,
3435,368,filterLoc,,;Evacuee;293;in triage category;R;is entering helicopter;4
3435,371,filterLoc,,
3435,374,filterLoc,,
3435,377,filterLoc,,
3435,380,filterLoc,,
3435,383,filterLoc,,
3435,386,filterLoc,,
3435,389,filterLoc,,
3435,392,filterLoc,,
3435,395,filterLoc,,
3435,398,filterLoc,,
3435,401,filterLoc,,
3435,404,filterLoc,,
3435,407,filterLoc,,
3435,410,filterLoc,,
3435,413,filterLoc,,
3435,416,filterLoc,,
3435,419,filterLoc,,
3435,422,filterLoc,,
3435,425,filterLoc,,
3435,428,filterLoc,,
3435,431,filterLoc,,
3435,434,filterLoc,,
3435,437,filterLoc,,
3435,440,filterLoc,,
3435,443,filterLoc,,
3435,446,filterLoc,,
3435,449,filterLoc,,
3435,452,filterLoc,,
3435,455,filterLoc,,
3435,458,filterLoc,,
3435,461,filterLoc,,
3435,464,filterLoc,,
3435,467,filterLoc,,
3435,470,filterLoc,,
3435,473,filterLoc,,
3435,476,filterLoc,,
3435,479,filterLoc,,
3435,482,filterLoc,,
3435,485,filterLoc,,
3435,488,filterLoc,,
3435,491,filterLoc,,
3435,494,filterLoc,,
3435,497,filterLoc,,
3435,500,filterLoc,,
3435,503,filterLoc,,
3435,506,filterLoc,,
3435,509,filterLoc,,
3435,512,filterLoc,,
3435,515,filterLoc,,
3435,518,filterLoc,,
3435,521,filterLoc,,
3435,524,filterLoc,,
3435,527,filterLoc,,
3435,530,filterLoc,,
3435,533,filterLoc,,
3435,536,filterLoc,,
3435,539,filterLoc,,
3435,542,filterLoc,,
3435,545,filterLoc,,
3435,548,filterLoc,,
3435,551,filterLoc,,
3435,554,filterLoc,,
3435,557,filterLoc,,
3435,560,filterLoc,,
3435,563,filterLoc,,
3435,566,filterLoc,,
3435,569,filterLoc,,
3435,576,filterLoc,,
3435,579,filterLoc,,
3435,582,filterLoc,,
3435,585,filterLoc,,
3435,588,filterLoc,,
3435,591,filterLoc,,
3435,594,filterLoc,,
3435,597,filterLoc,,
3435,600,filterLoc,,
3435,603,filterLoc,,
3435,606,filterLoc,,
3435,609,filterLoc,,
3435,612,filterLoc,,
3435,615,filterLoc,,
3435,618,filterLoc,,
3435,621,filterLoc,,
3435,624,filterLoc,,
3435,627,filterLoc,,
3435,630,filterLoc,,
3435,633,filterLoc,,
3435,636,filterLoc,,
3435,639,filterLoc,,
3435,642,filterLoc,,
3435,645,filterLoc,,
3435,648,filterLoc,,
3435,651,filterLoc,,
3435,654,filterLoc,,
3435,657,filterLoc,,
3435,660,filterLoc,,
3435,663,filterLoc,,
3435,666,filterLoc,,
3435,669,filterLoc,,
3435,672,filterLoc,,
3435,675,filterLoc,,
3435,678,filterLoc,,
3435,681,filterLoc,,
3435,684,filterLoc,,
3435,687,filterLoc,,
3435,690,filterLoc,,
3435,693,filterLoc,,
3435,696,filterLoc,,
3435,699,filterLoc,,
3435,702,filterLoc,,
3435,705,filterLoc,,
3435,708,filterLoc,,
3435,711,filterLoc,,
3435,714,filterLoc,,
3435,717,filterLoc,,
3435,720,filterLoc,,
3435,723,filterLoc,,
3435,726,filterLoc,,
3435,729,filterLoc,,
3435,732,filterLoc,,
3435,735,filterLoc,,
3435,738,filterLoc,,
3435,741,filterLoc,,
3435,744,filterLoc,,
3435,747,filterLoc,,
3435,750,filterLoc,,
3435,753,filterLoc,,
3435,756,filterLoc,,
3435,759,filterLoc,,
3435,762,filterLoc,,
3435,765,filterLoc,,
3435,768,filterLoc,,
3435,771,filterLoc,,
3435,774,filterLoc,,
3435,777,filterLoc,,
3435,780,filterLoc,,
3435,783,filterLoc,,
3435,786,filterLoc,,
3435,789,filterLoc,,
3435,792,filterLoc,,
3435,795,filterLoc,,
3435,798,filterLoc,,
3435,801,filterLoc,,
3435,804,filterLoc,,
3435,807,filterLoc,,
3435,810,filterLoc,,
3435,813,filterLoc,,
3435,816,filterLoc,,
3435,819,filterLoc,,
3435,822,filterLoc,,
3435,825,filterLoc,,
3435,828,filterLoc,,
3435,831,filterLoc,,
3435,834,filterLoc,,
3435,837,filterLoc,,
3435,840,filterLoc,,
3435,843,filterLoc,,
3435,846,filterLoc,,
3435,849,filterLoc,,
3435,852,filterLoc,,
3435,855,filterLoc,,
3435,858,filterLoc,,
3435,861,filterLoc,,
3435,864,filterLoc,,
3435,867,filterLoc,,
3435,870,filterLoc,,
3435,873,filterLoc,,
3435,876,filterLoc,,
3435,879,filterLoc,,
3435,882,filterLoc,,
3435,885,filterLoc,,
3435,888,filterLoc,,
3435,891,filterLoc,,
3435,894,filterLoc,,
3435,897,filterLoc,,
3435,900,filterLoc,,
3435,903,filterLoc,,
3435,906,filterLoc,,
3435,909,filterLoc,,
3435,912,filterLoc,,
3435,915,filterLoc,,
3435,918,filterLoc,,
3435,921,filterLoc,,
3435,924,filterLoc,,
3435,927,filterLoc,,
3435,930,filterLoc,,
3435,933,filterLoc,,
3435,936,filterLoc,,
3435,939,filterLoc,,
3435,942,filterLoc,,
3435,945,filterLoc,,
3435,948,filterLoc,,
3435,951,filterLoc,,
3435,954,filterLoc,,
3435,957,filterLoc,,
3435,960,filterLoc,,
3435,963,filterLoc,,
3435,966,filterLoc,,
3435,969,filterLoc,,
3435,972,filterLoc,,
3435,975,filterLoc,,
3435,978,filterLoc,,
3435,981,filterLoc,,
3435,984,filterLoc,,
3435,987,filterLoc,,
3435,990,filterLoc,,
3435,993,filterLoc,,
3435,996,filterLoc,,
3435,999,filterLoc,,
3435,1002,filterLoc,,
3435,1005,filterLoc,,
3435,1008,filterLoc,,
3435,1011,filterLoc,,
3435,1014,filterLoc,,
3435,1017,filterLoc,,
3435,1020,filterLoc,,
3435,1023,filterLoc,,
3435,1026,filterLoc,,
3435,1029,filterLoc,,
3435,1032,filterLoc,,
3435,1035,filterLoc,,
3435,1038,filterLoc,,
3435,1041,filterLoc,,
3435,1044,filterLoc,,
3435,1047,filterLoc,,
3435,1050,filterLoc,,
3435,1053,filterLoc,,
3435,1056,filterLoc,,
3435,1059,filterLoc,,
3435,1062,filterLoc,,
3435,1065,filterLoc,,
3435,1068,filterLoc,,
3435,1071,filterLoc,,
3435,1074,filterLoc,,
3435,1077,filterLoc,,
3435,1080,filterLoc,,
3435,1083,filterLoc,,
3435,1086,filterLoc,,
3435,1089,filterLoc,,
3435,1092,filterLoc,,;Evacuee;307;in triage category;R;is entering helicopter;4
3435,1095,filterLoc,,
3435,1098,filterLoc,,
3435,1101,filterLoc,,
3435,1104,filterLoc,,
3435,1107,filterLoc,,
3435,1110,filterLoc,,
3435,1113,filterLoc,,
3435,1116,filterLoc,,
3435,1119,filterLoc,,
3435,1122,filterLoc,,
3435,1125,filterLoc,,
3435,1128,filterLoc,,
3435,1135,filterLoc,,
3435,1138,filterLoc,,
3435,1141,filterLoc,,
3435,1144,filterLoc,,
3435,1147,filterLoc,,
3435,1150,filterLoc,,
3435,1153,filterLoc,,
3435,1156,filterLoc,,
3435,1159,filterLoc,,
3435,1162,filterLoc,,
3435,1165,filterLoc,,
3435,1168,filterLoc,,
3435,1175,filterLoc,,
3435,1178,filterLoc,,
3435,1181,filterLoc,,
3435,1184,filterLoc,,
3435,1187,filterLoc,,
3435,1190,filterLoc,,
3435,1193,filterLoc,,
3435,1196,filterLoc,,
3435,1199,filterLoc,,
3435,1202,filterLoc,,
3435,1205,filterLoc,,
3435,1208,filterLoc,,
3435,1211,filterLoc,,
3435,1214,filterLoc,,
3435,1217,filterLoc,,
3435,1220,filterLoc,,
3435,1223,filterLoc,,
3435,1226,filterLoc,,
3435,1229,filterLoc,,
3435,1232,filterLoc,,
3435,1235,filterLoc,,
3435,1238,filterLoc,,
3435,1241,filterLoc,,
3435,1244,filterLoc,,
3435,1247,filterLoc,,
3435,1250,filterLoc,,
3435,1253,filterLoc,,
3435,1256,filterLoc,,
3435,1259,filterLoc,,
3435,1262,filterLoc,,
3435,1265,filterLoc,,
3435,1268,filterLoc,,
3435,1271,filterLoc,,
3435,1274,filterLoc,,
3435,1277,filterLoc,,
3435,1280,filterLoc,,
3435,1283,filterLoc,,
3435,1286,filterLoc,,
3435,1289,filterLoc,,
3435,1292,filterLoc,,
3435,1295,filterLoc,,
3435,1298,filterLoc,,
3435,1301,filterLoc,,
3435,1304,filterLoc,,
3435,1307,filterLoc,,
3435,1310,filterLoc,,
3435,1313,filterLoc,,
3435,1316,filterLoc,,
3435,1319,filterLoc,,
3435,1322,filterLoc,,
3435,1325,filterLoc,,
3435,1328,filterLoc,,
3435,1331,filterLoc,,
3435,1334,filterLoc,,
3435,1337,filterLoc,,
3435,1340,filterLoc,,
3435,1343,filterLoc,,
3435,1346,filterLoc,,
3435,1349,filterLoc,,
3435,1352,filterLoc,,
3435,1355,filterLoc,,
3435,1358,filterLoc,,
3435,1361,filterLoc,,
3435,1364,filterLoc,,
3435,1367,filterLoc,,
3435,1370,filterLoc,,
3435,1373,filterLoc,,
3435,1376,filterLoc,,
3435,1379,filterLoc,,
3435,1382,filterLoc,,
3435,1385,filterLoc,,
3435,1388,filterLoc,,
3435,1391,filterLoc,,
3435,1394,filterLoc,,
3435,1397,filterLoc,,
3435,1400,filterLoc,,
3435,1403,filterLoc,,
3435,1406,filterLoc,,
3435,1409,filterLoc,,
3435,1412,filterLoc,,
3435,1415,filterLoc,,
3435,1418,filterLoc,,
3435,1421,filterLoc,,
3435,1424,filterLoc,,
3435,1427,filterLoc,,
3435,1430,filterLoc,,
3435,1433,filterLoc,,
3435,1436,filterLoc,,
3435,1439,filterLoc,,
3435,1442,filterLoc,,
3435,1445,filterLoc,,
3435,1448,filterLoc,,
3435,1451,filterLoc,,
3435,1454,filterLoc,,
3435,1457,filterLoc,,
3435,1460,filterLoc,,
3435,1463,filterLoc,,
3435,1466,filterLoc,,
3435,1469,filterLoc,,
3435,1472,filterLoc,,
3435,1475,filterLoc,,
3435,1478,filterLoc,,
3435,1481,filterLoc,,
3435,1484,filterLoc,,
3435,1487,filterLoc,,
3435,1490,filterLoc,,
3435,1493,filterLoc,,
3435,1496,filterLoc,,
3435,1499,filterLoc,,
3435,1502,filterLoc,,
3435,1505,filterLoc,,
3435,1508,filterLoc,,
3435,1511,filterLoc,,
3435,1514,filterLoc,,
3435,1517,filterLoc,,
3435,1520,filterLoc,,
3435,1523,filterLoc,,
3435,1526,filterLoc,,
3435,1529,filterLoc,,
3435,219,filterLoc,out,Evacuee 374 in triage category R is assigned helicopter 4
3435,219,filterLoc,,
3435,220,evacuee,,Evacuee;374;in triage state;R;is entering helicopter;4
3435,368,filterLoc,out,Evacuee 293 in triage category R is assigned helicopter 4
3435,368,filterLoc,,
3435,369,evacuee,,Evacuee;293;in triage state;R;is entering helicopter;4
3435,1092,filterLoc,out,Evacuee 307 in triage category R is assigned helicopter 4
3435,1092,filterLoc,,
3435,1093,evacuee,,Evacuee;307;in triage state;R;is entering helicopter;4
3435,7,filterEvac,,
3435,107,filterEvac,,
3435,220,evacuee,outHelo,Evacuee 374 in triage category R is assigned helicopter 4
3435,220,evacuee,,Evacuee;374;in triage state;R;is in helicopter;4
3435,292,filterEvac,,;Evacuee;293;in triage category;R;is entering helicopter;4;Evacuee;307;in triage category;R;is entering helicopter;4;Evacuee;374;in triage category;R;is entering helicopter;4
3435,369,evacuee,outHelo,Evacuee 293 in triage category R is assigned helicopter 4
3435,369,evacuee,,Evacuee;293;in triage state;R;is in helicopter;4
3435,572,filterEvac,,
3435,1093,evacuee,outHelo,Evacuee 307 in triage category R is assigned helicopter 4
3435,1093,evacuee,,Evacuee;307;in triage state;R;is in helicopter;4
3435,1131,filterEvac,,
3435,1171,filterEvac,,
3435,292,filterEvac,out,Evacuee 293 in triage category R is assigned helicopter 4
3435,292,filterEvac,out,Evacuee 307 in triage category R is assigned helicopter 4
3435,292,filterEvac,out,Evacuee 374 in triage category R is assigned helicopter 4
3435,292,filterEvac,,
3435,294,helicopter,,Helicopter;4;is loading people at the evacuation site;;and has;9;spots taken
3438.78,3,evacueeManager,,OFF SHIP: White;0;Green;0;Yellow;18;Red;2;Black;324;ON SHIP: White;0;Green;0;Yellow;0;Red;0;Evacuees to Transfer;
3438.78,148,evacuee,outES,Evacuee 406 in triage category Y is not assigned a helicopter
3438.78,148,evacuee,,Evacuee;406;in triage state;R;is at the evacuation site
3442.85,3,evacueeManager,,OFF SHIP: White;0;Green;0;Yellow;17;Red;3;Black;324;ON SHIP: White;0;Green;0;Yellow;0;Red;0;Evacuees to Transfer;
3442.85,877,evacuee,outES,Evacuee 347 in triage category Y is not assigned a helicopter
3442.85,877,evacuee,,Evacuee;347;in triage state;R;is at the evacuation site
3450,4,helipadManager,outHelo,Helicopter 4 is evacuating people4
3450,4,helipadManager,,;No helos are at ES
3450,8,filterES,,
3450,11,filterLoc,,
3450,14,filterLoc,,
3450,17,filterLoc,,
3450,20,filterLoc,,
3450,23,filterLoc,,
3450,26,filterLoc,,
3450,29,filterLoc,,
3450,32,filterLoc,,
3450,35,filterLoc,,
3450,38,filterLoc,,
3450,41,filterLoc,,
3450,44,filterLoc,,
3450,47,filterLoc,,
3450,50,filterLoc,,
3450,53,filterLoc,,
3450,56,filterLoc,,
3450,59,filterLoc,,
3450,62,filterLoc,,
3450,65,filterLoc,,
3450,68,filterLoc,,
3450,71,filterLoc,,
3450,74,filterLoc,,
3450,77,filterLoc,,
3450,80,filterLoc,,
3450,83,filterLoc,,
3450,86,filterLoc,,;Evacuee;448;in triage category;G;is leaving helicopter;3
3450,89,filterLoc,,;Evacuee;445;in triage category;G;is leaving helicopter;3
3450,92,filterLoc,,;Evacuee;442;in triage category;G;is leaving helicopter;3
3450,95,filterLoc,,;Evacuee;441;in triage category;G;is leaving helicopter;3
3450,98,filterLoc,,
3450,101,filterLoc,,
3450,104,filterLoc,,
3450,108,filterES,,
3450,109,helicopter,outEvac,Evacuee 413 in triage category G is not assigned a helicopter
3450,109,helicopter,outEvac,Evacuee 416 in triage category G is not assigned a helicopter
3450,109,helicopter,outEvac,Evacuee 418 in triage category G is not assigned a helicopter
3450,109,helicopter,outEvac,Evacuee 435 in triage category G is not assigned a helicopter
3450,109,helicopter,outEvac,Evacuee 441 in triage category G is not assigned a helicopter
3450,109,helicopter,outEvac,Evacuee 442 in triage category G is not assigned a helicopter
3450,109,helicopter,outEvac,Evacuee 445 in triage category G is not assigned a helicopter
3450,109,helicopter,outEvac,Evacuee 447 in triage category G is not assigned a helicopter
3450,109,helicopter,outEvac,Evacuee 448 in triage category G is not assigned a helicopter
3450,109,helicopter,outEvac,Evacuee 452 in triage category G is not assigned a helicopter
3450,109,helicopter,,Helicopter;3;is unloading people at the FOL;;and has;0;spots taken
3450,111,filterLoc,,
3450,114,filterLoc,,
3450,117,filterLoc,,
3450,120,filterLoc,,
3450,123,filterLoc,,
3450,126,filterLoc,,
3450,129,filterLoc,,
3450,132,filterLoc,,
3450,135,filterLoc,,
3450,138,filterLoc,,
3450,141,filterLoc,,
3450,144,filterLoc,,
3450,147,filterLoc,,
3450,150,filterLoc,,
3450,153,filterLoc,,
3450,156,filterLoc,,
3450,159,filterLoc,,
3450,162,filterLoc,,
3450,165,filterLoc,,;Evacuee;452;in triage category;G;is leaving helicopter;3
3450,168,filterLoc,,
3450,171,filterLoc,,
3450,174,filterLoc,,
3450,177,filterLoc,,
3450,180,filterLoc,,
3450,183,filterLoc,,
3450,186,filterLoc,,
3450,189,filterLoc,,
3450,192,filterLoc,,
3450,195,filterLoc,,
3450,198,filterLoc,,
3450,201,filterLoc,,
3450,204,filterLoc,,
3450,207,filterLoc,,
3450,210,filterLoc,,
3450,213,filterLoc,,
3450,216,filterLoc,,
3450,219,filterLoc,,
3450,222,filterLoc,,
3450,225,filterLoc,,
3450,229,filterLoc,,
3450,232,filterLoc,,
3450,235,filterLoc,,
3450,238,filterLoc,,
3450,241,filterLoc,,
3450,244,filterLoc,,
3450,247,filterLoc,,
3450,250,filterLoc,,
3450,253,filterLoc,,
3450,256,filterLoc,,
3450,259,filterLoc,,
3450,262,filterLoc,,
3450,265,filterLoc,,
3450,268,filterLoc,,
3450,271,filterLoc,,
3450,274,filterLoc,,
3450,277,filterLoc,,
3450,280,filterLoc,,
3450,283,filterLoc,,
3450,286,filterLoc,,
3450,289,filterLoc,,
3450,293,filterES,,Helicopter;4;is evacuating people
3450,296,filterLoc,,
3450,299,filterLoc,,
3450,302,filterLoc,,
3450,305,filterLoc,,
3450,308,filterLoc,,
3450,311,filterLoc,,
3450,314,filterLoc,,
3450,317,filterLoc,,
3450,320,filterLoc,,
3450,323,filterLoc,,
3450,326,filterLoc,,
3450,329,filterLoc,,
3450,332,filterLoc,,
3450,335,filterLoc,,
3450,338,filterLoc,,
3450,341,filterLoc,,
3450,344,filterLoc,,
3450,347,filterLoc,,
3450,350,filterLoc,,
3450,353,filterLoc,,
3450,356,filterLoc,,
3450,359,filterLoc,,
3450,362,filterLoc,,
3450,365,filterLoc,,
3450,368,filterLoc,,
3450,371,filterLoc,,
3450,374,filterLoc,,;Evacuee;413;in triage category;G;is leaving helicopter;3
3450,377,filterLoc,,
3450,380,filterLoc,,
3450,383,filterLoc,,
3450,386,filterLoc,,
3450,389,filterLoc,,
3450,392,filterLoc,,
3450,395,filterLoc,,
3450,398,filterLoc,,
3450,401,filterLoc,,
3450,404,filterLoc,,
3450,407,filterLoc,,
3450,410,filterLoc,,
3450,413,filterLoc,,
3450,416,filterLoc,,
3450,419,filterLoc,,
3450,422,filterLoc,,
3450,425,filterLoc,,
3450,428,filterLoc,,
3450,431,filterLoc,,
3450,434,filterLoc,,
3450,437,filterLoc,,
3450,440,filterLoc,,
3450,443,filterLoc,,
3450,446,filterLoc,,
3450,449,filterLoc,,
3450,452,filterLoc,,
3450,455,filterLoc,,
3450,458,filterLoc,,
3450,461,filterLoc,,
3450,464,filterLoc,,
3450,467,filterLoc,,
3450,470,filterLoc,,
3450,473,filterLoc,,
3450,476,filterLoc,,
3450,479,filterLoc,,
3450,482,filterLoc,,
3450,485,filterLoc,,
3450,488,filterLoc,,
3450,491,filterLoc,,
3450,494,filterLoc,,
3450,497,filterLoc,,
3450,500,filterLoc,,
3450,503,filterLoc,,
3450,506,filterLoc,,
3450,509,filterLoc,,
3450,512,filterLoc,,
3450,515,filterLoc,,
3450,518,filterLoc,,
3450,521,filterLoc,,
3450,524,filterLoc,,
3450,527,filterLoc,,
3450,530,filterLoc,,
3450,533,filterLoc,,
3450,536,filterLoc,,
3450,539,filterLoc,,
3450,542,filterLoc,,
3450,545,filterLoc,,
3450,548,filterLoc,,
3450,551,filterLoc,,
3450,554,filterLoc,,
3450,557,filterLoc,,
3450,560,filterLoc,,
3450,563,filterLoc,,
3450,566,filterLoc,,
3450,569,filterLoc,,
3450,573,filterES,,
3450,576,filterLoc,,
3450,579,filterLoc,,
3450,582,filterLoc,,
3450,585,filterLoc,,
3450,588,filterLoc,,
3450,591,filterLoc,,
3450,594,filterLoc,,
3450,597,filterLoc,,
3450,600,filterLoc,,
3450,603,filterLoc,,
3450,606,filterLoc,,
3450,609,filterLoc,,;Evacuee;447;in triage category;G;is leaving helicopter;3
3450,612,filterLoc,,
3450,615,filterLoc,,
3450,618,filterLoc,,
3450,621,filterLoc,,
3450,624,filterLoc,,
3450,627,filterLoc,,
3450,630,filterLoc,,
3450,633,filterLoc,,
3450,636,filterLoc,,
3450,639,filterLoc,,
3450,642,filterLoc,,
3450,645,filterLoc,,
3450,648,filterLoc,,
3450,651,filterLoc,,
3450,654,filterLoc,,
3450,657,filterLoc,,
3450,660,filterLoc,,
3450,663,filterLoc,,
3450,666,filterLoc,,
3450,669,filterLoc,,
3450,672,filterLoc,,
3450,675,filterLoc,,
3450,678,filterLoc,,
3450,681,filterLoc,,
3450,684,filterLoc,,
3450,687,filterLoc,,
3450,690,filterLoc,,
3450,693,filterLoc,,
3450,696,filterLoc,,
3450,699,filterLoc,,
3450,702,filterLoc,,
3450,705,filterLoc,,
3450,708,filterLoc,,
3450,711,filterLoc,,
3450,714,filterLoc,,
3450,717,filterLoc,,
3450,720,filterLoc,,
3450,723,filterLoc,,
3450,726,filterLoc,,
3450,729,filterLoc,,
3450,732,filterLoc,,
3450,735,filterLoc,,
3450,738,filterLoc,,
3450,741,filterLoc,,
3450,744,filterLoc,,
3450,747,filterLoc,,
3450,750,filterLoc,,
3450,753,filterLoc,,
3450,756,filterLoc,,
3450,759,filterLoc,,
3450,762,filterLoc,,
3450,765,filterLoc,,
3450,768,filterLoc,,
3450,771,filterLoc,,
3450,774,filterLoc,,
3450,777,filterLoc,,
3450,780,filterLoc,,
3450,783,filterLoc,,
3450,786,filterLoc,,
3450,789,filterLoc,,
3450,792,filterLoc,,
3450,795,filterLoc,,
3450,798,filterLoc,,
3450,801,filterLoc,,
3450,804,filterLoc,,
3450,807,filterLoc,,
3450,810,filterLoc,,
3450,813,filterLoc,,
3450,816,filterLoc,,
3450,819,filterLoc,,
3450,822,filterLoc,,
3450,825,filterLoc,,
3450,828,filterLoc,,
3450,831,filterLoc,,
3450,834,filterLoc,,
3450,837,filterLoc,,
3450,840,filterLoc,,
3450,843,filterLoc,,
3450,846,filterLoc,,
3450,849,filterLoc,,
3450,852,filterLoc,,
3450,855,filterLoc,,
3450,858,filterLoc,,
3450,861,filterLoc,,
3450,864,filterLoc,,
3450,867,filterLoc,,
3450,870,filterLoc,,
3450,873,filterLoc,,
3450,876,filterLoc,,
3450,879,filterLoc,,
3450,882,filterLoc,,
3450,885,filterLoc,,
3450,888,filterLoc,,
3450,891,filterLoc,,
3450,894,filterLoc,,
3450,897,filterLoc,,
3450,900,filterLoc,,
3450,903,filterLoc,,
3450,906,filterLoc,,
3450,909,filterLoc,,
3450,912,filterLoc,,
3450,915,filterLoc,,
3450,918,filterLoc,,
3450,921,filterLoc,,
3450,924,filterLoc,,
3450,927,filterLoc,,
3450,930,filterLoc,,
3450,933,filterLoc,,
3450,936,filterLoc,,
3450,939,filterLoc,,
3450,942,filterLoc,,
3450,945,filterLoc,,
3450,948,filterLoc,,
3450,951,filterLoc,,
3450,954,filterLoc,,
3450,957,filterLoc,,
3450,960,filterLoc,,;Evacuee;418;in triage category;G;is leaving helicopter;3
3450,963,filterLoc,,
3450,966,filterLoc,,
3450,969,filterLoc,,
3450,972,filterLoc,,
3450,975,filterLoc,,
3450,978,filterLoc,,
3450,981,filterLoc,,
3450,984,filterLoc,,
3450,987,filterLoc,,
3450,990,filterLoc,,
3450,993,filterLoc,,
3450,996,filterLoc,,
3450,999,filterLoc,,
3450,1002,filterLoc,,
3450,1005,filterLoc,,
3450,1008,filterLoc,,
3450,1011,filterLoc,,
3450,1014,filterLoc,,
3450,1017,filterLoc,,
3450,1020,filterLoc,,
3450,1023,filterLoc,,
3450,1026,filterLoc,,
3450,1029,filterLoc,,
3450,1032,filterLoc,,
3450,1035,filterLoc,,
3450,1038,filterLoc,,
3450,1041,filterLoc,,
3450,1044,filterLoc,,
3450,1047,filterLoc,,
3450,1050,filterLoc,,
3450,1053,filterLoc,,
3450,1056,filterLoc,,
3450,1059,filterLoc,,
3450,1062,filterLoc,,
3450,1065,filterLoc,,
3450,1068,filterLoc,,
3450,1071,filterLoc,,
3450,1074,filterLoc,,
3450,1077,filterLoc,,
3450,1080,filterLoc,,
3450,1083,filterLoc,,
3450,1086,filterLoc,,
3450,1089,filterLoc,,
3450,1092,filterLoc,,
3450,1095,filterLoc,,
3450,1098,filterLoc,,
3450,1101,filterLoc,,
3450,1104,filterLoc,,
3450,1107,filterLoc,,
3450,1110,filterLoc,,
3450,1113,filterLoc,,
3450,1116,filterLoc,,
3450,1119,filterLoc,,
3450,1122,filterLoc,,
3450,1125,filterLoc,,
3450,1128,filterLoc,,
3450,1132,filterES,,
3450,1135,filterLoc,,
3450,1138,filterLoc,,
3450,1141,filterLoc,,
3450,1144,filterLoc,,
3450,1147,filterLoc,,
3450,1150,filterLoc,,
3450,1153,filterLoc,,
3450,1156,filterLoc,,
3450,1159,filterLoc,,
3450,1162,filterLoc,,
3450,1165,filterLoc,,
3450,1168,filterLoc,,
3450,1172,filterES,,
3450,1175,filterLoc,,
3450,1178,filterLoc,,
3450,1181,filterLoc,,
3450,1184,filterLoc,,
3450,1187,filterLoc,,
3450,1190,filterLoc,,
3450,1193,filterLoc,,;Evacuee;416;in triage category;G;is leaving helicopter;3
3450,1196,filterLoc,,
3450,1199,filterLoc,,
3450,1202,filterLoc,,
3450,1205,filterLoc,,
3450,1208,filterLoc,,
3450,1211,filterLoc,,
3450,1214,filterLoc,,
3450,1217,filterLoc,,
3450,1220,filterLoc,,
3450,1223,filterLoc,,
3450,1226,filterLoc,,
3450,1229,filterLoc,,
3450,1232,filterLoc,,
3450,1235,filterLoc,,
3450,1238,filterLoc,,
3450,1241,filterLoc,,
3450,1244,filterLoc,,
3450,1247,filterLoc,,
3450,1250,filterLoc,,
3450,1253,filterLoc,,
3450,1256,filterLoc,,
3450,1259,filterLoc,,
3450,1262,filterLoc,,
3450,1265,filterLoc,,
3450,1268,filterLoc,,
3450,1271,filterLoc,,
3450,1274,filterLoc,,
3450,1277,filterLoc,,
3450,1280,filterLoc,,
3450,1283,filterLoc,,
3450,1286,filterLoc,,
3450,1289,filterLoc,,
3450,1292,filterLoc,,
3450,1295,filterLoc,,
3450,1298,filterLoc,,
3450,1301,filterLoc,,
3450,1304,filterLoc,,
3450,1307,filterLoc,,
3450,1310,filterLoc,,
3450,1313,filterLoc,,
3450,1316,filterLoc,,
3450,1319,filterLoc,,
3450,1322,filterLoc,,;Evacuee;435;in triage category;G;is leaving helicopter;3
3450,1325,filterLoc,,
3450,1328,filterLoc,,
3450,1331,filterLoc,,
3450,1334,filterLoc,,
3450,1337,filterLoc,,
3450,1340,filterLoc,,
3450,1343,filterLoc,,
3450,1346,filterLoc,,
3450,1349,filterLoc,,
3450,1352,filterLoc,,
3450,1355,filterLoc,,
3450,1358,filterLoc,,
3450,1361,filterLoc,,
3450,1364,filterLoc,,
3450,1367,filterLoc,,
3450,1370,filterLoc,,
3450,1373,filterLoc,,
3450,1376,filterLoc,,
3450,1379,filterLoc,,
3450,1382,filterLoc,,
3450,1385,filterLoc,,
3450,1388,filterLoc,,
3450,1391,filterLoc,,
3450,1394,filterLoc,,
3450,1397,filterLoc,,
3450,1400,filterLoc,,
3450,1403,filterLoc,,
3450,1406,filterLoc,,
3450,1409,filterLoc,,
3450,1412,filterLoc,,
3450,1415,filterLoc,,
3450,1418,filterLoc,,
3450,1421,filterLoc,,
3450,1424,filterLoc,,
3450,1427,filterLoc,,
3450,1430,filterLoc,,
3450,1433,filterLoc,,
3450,1436,filterLoc,,
3450,1439,filterLoc,,
3450,1442,filterLoc,,
3450,1445,filterLoc,,
3450,1448,filterLoc,,
3450,1451,filterLoc,,
3450,1454,filterLoc,,
3450,1457,filterLoc,,
3450,1460,filterLoc,,
3450,1463,filterLoc,,
3450,1466,filterLoc,,
3450,1469,filterLoc,,
3450,1472,filterLoc,,
3450,1475,filterLoc,,
3450,1478,filterLoc,,
3450,1481,filterLoc,,
3450,1484,filterLoc,,
3450,1487,filterLoc,,
3450,1490,filterLoc,,
3450,1493,filterLoc,,
3450,1496,filterLoc,,
3450,1499,filterLoc,,
3450,1502,filterLoc,,
3450,1505,filterLoc,,
3450,1508,filterLoc,,
3450,1511,filterLoc,,
3450,1514,filterLoc,,
3450,1517,filterLoc,,
3450,1520,filterLoc,,
3450,1523,filterLoc,,
3450,1526,filterLoc,,
3450,1529,filterLoc,,
3450,4,helipadManager,outHQ,0
3450,4,helipadManager,,;No helos are at ES
3450,5,helicopterQueue,,;No helos are waiting to land
3450,86,filterLoc,out,Evacuee 448 in triage category G is not assigned a helicopter
3450,86,filterLoc,,
3450,87,evacuee,,Evacuee;448;in triage state;G;is entering the FOL
3450,89,filterLoc,out,Evacuee 445 in triage category G is not assigned a helicopter
3450,89,filterLoc,,
3450,90,evacuee,,Evacuee;445;in triage state;G;is entering the FOL
3450,92,filterLoc,out,Evacuee 442 in triage category G is not assigned a helicopter
3450,92,filterLoc,,
3450,93,evacuee,,Evacuee;442;in triage state;G;is entering the FOL
3450,95,filterLoc,out,Evacuee 441 in triage category G is not assigned a helicopter
3450,95,filterLoc,,
3450,96,evacuee,,Evacuee;441;in triage state;G;is entering the FOL
3450,165,filterLoc,out,Evacuee 452 in triage category G is not assigned a helicopter
3450,165,filterLoc,,
3450,166,evacuee,,Evacuee;452;in triage state;G;is entering the FOL
3450,293,filterES,out,Helicopter 4 is evacuating people4
3450,293,filterES,,
3450,294,helicopter,,Helicopter;4;is loading people at the evacuation site;;and has;9;spots taken
3450,374,filterLoc,out,Evacuee 413 in triage category G is not assigned a helicopter
3450,374,filterLoc,,
3450,375,evacuee,,Evacuee;413;in triage state;G;is entering the FOL
3450,609,filterLoc,out,Evacuee 447 in triage category G is not assigned a helicopter
3450,609,filterLoc,,
3450,610,evacuee,,Evacuee;447;in triage state;G;is entering the FOL
3450,960,filterLoc,out,Evacuee 418 in triage category G is not assigned a helicopter
3450,960,filterLoc,,
3450,961,evacuee,,Evacuee;418;in triage state;G;is entering the FOL
3450,1193,filterLoc,out,Evacuee 416 in triage category G is not assigned a helicopter
3450,1193,filterLoc,,
3450,1194,evacuee,,Evacuee;416;in triage state;G;is entering the FOL
3450,1322,filterLoc,out,Evacuee 435 in triage category G is not assigned a helicopter
3450,1322,filterLoc,,
3450,1323,evacuee,,Evacuee;435;in triage state;G;is entering the FOL
3450,5,helicopterQueue,,;No helos are waiting to land
3450,87,evacuee,outFOL,Evacuee 448 in triage category G is not assigned a helicopter
3450,87,evacuee,,Evacuee;448;in triage state;G;is at the FOL
3450,90,evacuee,outFOL,Evacuee 445 in triage category G is not assigned a helicopter
3450,90,evacuee,,Evacuee;445;in triage state;G;is at the FOL
3450,93,evacuee,outFOL,Evacuee 442 in triage category G is not assigned a helicopter
3450,93,evacuee,,Evacuee;442;in triage state;G;is at the FOL
3450,96,evacuee,outFOL,Evacuee 441 in triage category G is not assigned a helicopter
3450,96,evacuee,,Evacuee;441;in triage state;G;is at the FOL
3450,166,evacuee,outFOL,Evacuee 452 in triage category G is not assigned a helicopter
3450,166,evacuee,,Evacuee;452;in triage state;G;is at the FOL
3450,227,FOL,,;EvacueeID;4;Triage Status;G;EvacueeID;7;Triage Status;G;EvacueeID;10;Triage Status;G;EvacueeID;11;Triage Status;G;EvacueeID;13;Triage Status;G;EvacueeID;14;Triage Status;G;EvacueeID;15;Triage Status;G;EvacueeID;17;Triage Status;G;EvacueeID;18;Triage Status;G;EvacueeID;19;Triage Status;G;EvacueeID;23;Triage Status;G;EvacueeID;24;Triage Status;G;EvacueeID;26;Triage Status;G;EvacueeID;28;Triage Status;G;EvacueeID;29;Triage Status;G;EvacueeID;32;Triage Status;G;EvacueeID;37;Triage Status;G;EvacueeID;45;Triage Status;G;EvacueeID;48;Triage Status;G;EvacueeID;50;Triage Status;G;EvacueeID;54;Triage Status;G;EvacueeID;55;Triage Status;G;EvacueeID;58;Triage Status;G;EvacueeID;60;Triage Status;G;EvacueeID;65;Triage Status;G;EvacueeID;67;Triage Status;G;EvacueeID;73;Triage Status;G;EvacueeID;75;Triage Status;G;EvacueeID;77;Triage Status;G;EvacueeID;78;Triage Status;G;EvacueeID;82;Triage Status;G;EvacueeID;85;Triage Status;G;EvacueeID;95;Triage Status;G;EvacueeID;98;Triage Status;G;EvacueeID;99;Triage Status;G;EvacueeID;100;Triage Status;G;EvacueeID;101;Triage Status;G;EvacueeID;109;Triage Status;G;EvacueeID;112;Triage Status;G;EvacueeID;114;Triage Status;G;EvacueeID;123;Triage Status;G;EvacueeID;125;Triage Status;G;EvacueeID;126;Triage Status;G;EvacueeID;142;Triage Status;G;EvacueeID;144;Triage Status;G;EvacueeID;147;Triage Status;G;EvacueeID;153;Triage Status;G;EvacueeID;156;Triage Status;G;EvacueeID;158;Triage Status;G;EvacueeID;159;Triage Status;G;EvacueeID;161;Triage Status;G;EvacueeID;174;Triage Status;G;EvacueeID;177;Triage Status;G;EvacueeID;179;Triage Status;G;EvacueeID;181;Triage Status;G;EvacueeID;183;Triage Status;G;EvacueeID;184;Triage Status;G;EvacueeID;187;Triage Status;G;EvacueeID;190;Triage Status;G;EvacueeID;200;Triage Status;G;EvacueeID;201;Triage Status;G;EvacueeID;202;Triage Status;G;EvacueeID;203;Triage Status;G;EvacueeID;204;Triage Status;G;EvacueeID;205;Triage Status;G;EvacueeID;209;Triage Status;G;EvacueeID;212;Triage Status;G;EvacueeID;213;Triage Status;G;EvacueeID;215;Triage Status;G;EvacueeID;220;Triage Status;G;EvacueeID;226;Triage Status;G;EvacueeID;227;Triage Status;G;EvacueeID;232;Triage Status;G;EvacueeID;233;Triage Status;G;EvacueeID;234;Triage Status;G;EvacueeID;236;Triage Status;G;EvacueeID;241;Triage Status;G;EvacueeID;246;Triage Status;G;EvacueeID;255;Triage Status;G;EvacueeID;259;Triage Status;G;EvacueeID;260;Triage Status;G;EvacueeID;262;Triage Status;G;EvacueeID;263;Triage Status;G;EvacueeID;264;Triage Status;G;EvacueeID;267;Triage Status;G;EvacueeID;268;Triage Status;G;EvacueeID;270;Triage Status;G;EvacueeID;272;Triage Status;G;EvacueeID;275;Triage Status;G;EvacueeID;288;Triage Status;G;EvacueeID;290;Triage Status;G;EvacueeID;291;Triage Status;G;EvacueeID;292;Triage Status;G;EvacueeID;299;Triage Status;G;EvacueeID;300;Triage Status;G;EvacueeID;302;Triage Status;G;EvacueeID;322;Triage Status;G;EvacueeID;323;Triage Status;G;EvacueeID;324;Triage Status;G;EvacueeID;325;Triage Status;G;EvacueeID;326;Triage Status;G;EvacueeID;327;Triage Status;G;EvacueeID;343;Triage Status;G;EvacueeID;344;Triage Status;G;EvacueeID;345;Triage Status;G;EvacueeID;350;Triage Status;G;EvacueeID;355;Triage Status;G;EvacueeID;356;Triage Status;G;EvacueeID;361;Triage Status;G;EvacueeID;362;Triage Status;G;EvacueeID;365;Triage Status;G;EvacueeID;366;Triage Status;G;EvacueeID;368;Triage Status;G;EvacueeID;369;Triage Status;G;EvacueeID;370;Triage Status;G;EvacueeID;371;Triage Status;G;EvacueeID;372;Triage Status;G;EvacueeID;385;Triage Status;G;EvacueeID;387;Triage Status;G;EvacueeID;388;Triage Status;G;EvacueeID;390;Triage Status;G;EvacueeID;391;Triage Status;G;EvacueeID;396;Triage Status;G;EvacueeID;397;Triage Status;G;EvacueeID;398;Triage Status;G;EvacueeID;400;Triage Status;G;EvacueeID;401;Triage Status;G;EvacueeID;403;Triage Status;G;EvacueeID;404;Triage Status;G;EvacueeID;410;Triage Status;G;EvacueeID;413;Triage Status;G;EvacueeID;416;Triage Status;G;EvacueeID;418;Triage Status;G;EvacueeID;435;Triage Status;G;EvacueeID;441;Triage Status;G;EvacueeID;442;Triage Status;G;EvacueeID;445;Triage Status;G;EvacueeID;447;Triage Status;G;EvacueeID;448;Triage Status;G;EvacueeID;452;Triage Status;G;Lives Saved;140
3450,294,helicopter,,Helicopter;4;is returning to the FOL;;and has;9;spots taken
3450,375,evacuee,outFOL,Evacuee 413 in triage category G is not assigned a helicopter
3450,375,evacuee,,Evacuee;413;in triage state;G;is at the FOL
3450,610,evacuee,outFOL,Evacuee 447 in triage category G is not assigned a helicopter
3450,610,evacuee,,Evacuee;447;in triage state;G;is at the FOL
3450,961,evacuee,outFOL,Evacuee 418 in triage category G is not assigned a helicopter
3450,961,evacuee,,Evacuee;418;in triage state;G;is at the FOL
3450,1194,evacuee,outFOL,Evacuee 416 in triage category G is not assigned a helicopter
3450,1194,evacuee,,Evacuee;416;in triage state;G;is at the FOL
3450,1323,evacuee,outFOL,Evacuee 435 in triage category G is not assigned a helicopter
3450,1323,evacuee,,Evacuee;435;in triage state;G;is at the FOL
3450,227,FOL,,;EvacueeID;4;Triage Status;G;EvacueeID;7;Triage Status;G;EvacueeID;10;Triage Status;G;EvacueeID;11;Triage Status;G;EvacueeID;13;Triage Status;G;EvacueeID;14;Triage Status;G;EvacueeID;15;Triage Status;G;EvacueeID;17;Triage Status;G;EvacueeID;18;Triage Status;G;EvacueeID;19;Triage Status;G;EvacueeID;23;Triage Status;G;EvacueeID;24;Triage Status;G;EvacueeID;26;Triage Status;G;EvacueeID;28;Triage Status;G;EvacueeID;29;Triage Status;G;EvacueeID;32;Triage Status;G;EvacueeID;37;Triage Status;G;EvacueeID;45;Triage Status;G;EvacueeID;48;Triage Status;G;EvacueeID;50;Triage Status;G;EvacueeID;54;Triage Status;G;EvacueeID;55;Triage Status;G;EvacueeID;58;Triage Status;G;EvacueeID;60;Triage Status;G;EvacueeID;65;Triage Status;G;EvacueeID;67;Triage Status;G;EvacueeID;73;Triage Status;G;EvacueeID;75;Triage Status;G;EvacueeID;77;Triage Status;G;EvacueeID;78;Triage Status;G;EvacueeID;82;Triage Status;G;EvacueeID;85;Triage Status;G;EvacueeID;95;Triage Status;G;EvacueeID;98;Triage Status;G;EvacueeID;99;Triage Status;G;EvacueeID;100;Triage Status;G;EvacueeID;101;Triage Status;G;EvacueeID;109;Triage Status;G;EvacueeID;112;Triage Status;G;EvacueeID;114;Triage Status;G;EvacueeID;123;Triage Status;G;EvacueeID;125;Triage Status;G;EvacueeID;126;Triage Status;G;EvacueeID;142;Triage Status;G;EvacueeID;144;Triage Status;G;EvacueeID;147;Triage Status;G;EvacueeID;153;Triage Status;G;EvacueeID;156;Triage Status;G;EvacueeID;158;Triage Status;G;EvacueeID;159;Triage Status;G;EvacueeID;161;Triage Status;G;EvacueeID;174;Triage Status;G;EvacueeID;177;Triage Status;G;EvacueeID;179;Triage Status;G;EvacueeID;181;Triage Status;G;EvacueeID;183;Triage Status;G;EvacueeID;184;Triage Status;G;EvacueeID;187;Triage Status;G;EvacueeID;190;Triage Status;G;EvacueeID;200;Triage Status;G;EvacueeID;201;Triage Status;G;EvacueeID;202;Triage Status;G;EvacueeID;203;Triage Status;G;EvacueeID;204;Triage Status;G;EvacueeID;205;Triage Status;G;EvacueeID;209;Triage Status;G;EvacueeID;212;Triage Status;G;EvacueeID;213;Triage Status;G;EvacueeID;215;Triage Status;G;EvacueeID;220;Triage Status;G;EvacueeID;226;Triage Status;G;EvacueeID;227;Triage Status;G;EvacueeID;232;Triage Status;G;EvacueeID;233;Triage Status;G;EvacueeID;234;Triage Status;G;EvacueeID;236;Triage Status;G;EvacueeID;241;Triage Status;G;EvacueeID;246;Triage Status;G;EvacueeID;255;Triage Status;G;EvacueeID;259;Triage Status;G;EvacueeID;260;Triage Status;G;EvacueeID;262;Triage Status;G;EvacueeID;263;Triage Status;G;EvacueeID;264;Triage Status;G;EvacueeID;267;Triage Status;G;EvacueeID;268;Triage Status;G;EvacueeID;270;Triage Status;G;EvacueeID;272;Triage Status;G;EvacueeID;275;Triage Status;G;EvacueeID;288;Triage Status;G;EvacueeID;290;Triage Status;G;EvacueeID;291;Triage Status;G;EvacueeID;292;Triage Status;G;EvacueeID;299;Triage Status;G;EvacueeID;300;Triage Status;G;EvacueeID;302;Triage Status;G;EvacueeID;322;Triage Status;G;EvacueeID;323;Triage Status;G;EvacueeID;324;Triage Status;G;EvacueeID;325;Triage Status;G;EvacueeID;326;Triage Status;G;EvacueeID;327;Triage Status;G;EvacueeID;343;Triage Status;G;EvacueeID;344;Triage Status;G;EvacueeID;345;Triage Status;G;EvacueeID;350;Triage Status;G;EvacueeID;355;Triage Status;G;EvacueeID;356;Triage Status;G;EvacueeID;361;Triage Status;G;EvacueeID;362;Triage Status;G;EvacueeID;365;Triage Status;G;EvacueeID;366;Triage Status;G;EvacueeID;368;Triage Status;G;EvacueeID;369;Triage Status;G;EvacueeID;370;Triage Status;G;EvacueeID;371;Triage Status;G;EvacueeID;372;Triage Status;G;EvacueeID;385;Triage Status;G;EvacueeID;387;Triage Status;G;EvacueeID;388;Triage Status;G;EvacueeID;390;Triage Status;G;EvacueeID;391;Triage Status;G;EvacueeID;396;Triage Status;G;EvacueeID;397;Triage Status;G;EvacueeID;398;Triage Status;G;EvacueeID;400;Triage Status;G;EvacueeID;401;Triage Status;G;EvacueeID;403;Triage Status;G;EvacueeID;404;Triage Status;G;EvacueeID;410;Triage Status;G;EvacueeID;413;Triage Status;G;EvacueeID;416;Triage Status;G;EvacueeID;418;Triage Status;G;EvacueeID;435;Triage Status;G;EvacueeID;441;Triage Status;G;EvacueeID;442;Triage Status;G;EvacueeID;445;Triage Status;G;EvacueeID;447;Triage Status;G;EvacueeID;448;Triage Status;G;EvacueeID;452;Triage Status;G;Lives Saved;140
3465,9,helicopter,outEvac,Evacuee 455 in triage category G is not assigned a helicopter
3465,9,helicopter,outEvac,Evacuee 456 in triage category G is not assigned a helicopter
3465,9,helicopter,outEvac,Evacuee 457 in triage category G is not assigned a helicopter
3465,9,helicopter,outEvac,Evacuee 458 in triage category G is not assigned a helicopter
3465,9,helicopter,outEvac,Evacuee 464 in triage category G is not assigned a helicopter
3465,9,helicopter,outEvac,Evacuee 465 in triage category G is not assigned a helicopter
3465,9,helicopter,outEvac,Evacuee 466 in triage category G is not assigned a helicopter
3465,9,helicopter,outEvac,Evacuee 469 in triage category G is not assigned a helicopter
3465,9,helicopter,outEvac,Evacuee 470 in triage category G is not assigned a helicopter
3465,9,helicopter,outEvac,Evacuee 474 in triage category G is not assigned a helicopter
3465,9,helicopter,,Helicopter;6;is unloading people at the FOL;;and has;0;spots taken
3465,11,filterLoc,,
3465,14,filterLoc,,
3465,17,filterLoc,,
3465,20,filterLoc,,
3465,23,filterLoc,,
3465,26,filterLoc,,
3465,29,filterLoc,,
3465,32,filterLoc,,
3465,35,filterLoc,,
3465,38,filterLoc,,
3465,41,filterLoc,,
3465,44,filterLoc,,
3465,47,filterLoc,,
3465,50,filterLoc,,
3465,53,filterLoc,,
3465,56,filterLoc,,
3465,59,filterLoc,,
3465,62,filterLoc,,
3465,65,filterLoc,,
3465,68,filterLoc,,
3465,71,filterLoc,,
3465,74,filterLoc,,
3465,77,filterLoc,,;Evacuee;458;in triage category;G;is leaving helicopter;6
3465,80,filterLoc,,;Evacuee;456;in triage category;G;is leaving helicopter;6
3465,83,filterLoc,,;Evacuee;455;in triage category;G;is leaving helicopter;6
3465,86,filterLoc,,
3465,89,filterLoc,,
3465,92,filterLoc,,
3465,95,filterLoc,,
3465,98,filterLoc,,
3465,101,filterLoc,,
3465,104,filterLoc,,
3465,109,helicopter,,Helicopter;3;Is going to the evacuation site;;and has;0;spots taken
3465,111,filterLoc,,
3465,114,filterLoc,,
3465,117,filterLoc,,
3465,120,filterLoc,,
3465,123,filterLoc,,
3465,126,filterLoc,,
3465,129,filterLoc,,
3465,132,filterLoc,,
3465,135,filterLoc,,
3465,138,filterLoc,,
3465,141,filterLoc,,
3465,144,filterLoc,,
3465,147,filterLoc,,
3465,150,filterLoc,,
3465,153,filterLoc,,
3465,156,filterLoc,,
3465,159,filterLoc,,
3465,162,filterLoc,,
3465,165,filterLoc,,
3465,168,filterLoc,,
3465,171,filterLoc,,
3465,174,filterLoc,,
3465,177,filterLoc,,
3465,180,filterLoc,,
3465,183,filterLoc,,
3465,186,filterLoc,,
3465,189,filterLoc,,
3465,192,filterLoc,,
3465,195,filterLoc,,
3465,198,filterLoc,,
3465,201,filterLoc,,
3465,204,filterLoc,,
3465,207,filterLoc,,
3465,210,filterLoc,,
3465,213,filterLoc,,
3465,216,filterLoc,,
3465,219,filterLoc,,
3465,222,filterLoc,,
3465,225,filterLoc,,
3465,229,filterLoc,,
3465,232,filterLoc,,;Evacuee;457;in triage category;G;is leaving helicopter;6
3465,235,filterLoc,,
3465,238,filterLoc,,
3465,241,filterLoc,,
3465,244,filterLoc,,
3465,247,filterLoc,,
3465,250,filterLoc,,
3465,253,filterLoc,,
3465,256,filterLoc,,
3465,259,filterLoc,,
3465,262,filterLoc,,
3465,265,filterLoc,,
3465,268,filterLoc,,
3465,271,filterLoc,,
3465,274,filterLoc,,
3465,277,filterLoc,,
3465,280,filterLoc,,
3465,283,filterLoc,,
3465,286,filterLoc,,
3465,289,filterLoc,,
3465,296,filterLoc,,
3465,299,filterLoc,,
3465,302,filterLoc,,
3465,305,filterLoc,,
3465,308,filterLoc,,;Evacuee;466;in triage category;G;is leaving helicopter;6
3465,311,filterLoc,,
3465,314,filterLoc,,
3465,317,filterLoc,,
3465,320,filterLoc,,
3465,323,filterLoc,,
3465,326,filterLoc,,
3465,329,filterLoc,,
3465,332,filterLoc,,
3465,335,filterLoc,,
3465,338,filterLoc,,
3465,341,filterLoc,,
3465,344,filterLoc,,
3465,347,filterLoc,,
3465,350,filterLoc,,
3465,353,filterLoc,,
3465,356,filterLoc,,
3465,359,filterLoc,,
3465,362,filterLoc,,
3465,365,filterLoc,,
3465,368,filterLoc,,
3465,371,filterLoc,,
3465,374,filterLoc,,
3465,377,filterLoc,,
3465,380,filterLoc,,
3465,383,filterLoc,,
3465,386,filterLoc,,
3465,389,filterLoc,,
3465,392,filterLoc,,
3465,395,filterLoc,,
3465,398,filterLoc,,
3465,401,filterLoc,,
3465,404,filterLoc,,
3465,407,filterLoc,,
3465,410,filterLoc,,
3465,413,filterLoc,,
3465,416,filterLoc,,
3465,419,filterLoc,,
3465,422,filterLoc,,
3465,425,filterLoc,,
3465,428,filterLoc,,
3465,431,filterLoc,,
3465,434,filterLoc,,
3465,437,filterLoc,,
3465,440,filterLoc,,
3465,443,filterLoc,,
3465,446,filterLoc,,
3465,449,filterLoc,,
3465,452,filterLoc,,
3465,455,filterLoc,,
3465,458,filterLoc,,
3465,461,filterLoc,,
3465,464,filterLoc,,
3465,467,filterLoc,,
3465,470,filterLoc,,
3465,473,filterLoc,,
3465,476,filterLoc,,
3465,479,filterLoc,,
3465,482,filterLoc,,
3465,485,filterLoc,,
3465,488,filterLoc,,
3465,491,filterLoc,,
3465,494,filterLoc,,
3465,497,filterLoc,,
3465,500,filterLoc,,
3465,503,filterLoc,,
3465,506,filterLoc,,
3465,509,filterLoc,,
3465,512,filterLoc,,
3465,515,filterLoc,,;Evacuee;470;in triage category;G;is leaving helicopter;6
3465,518,filterLoc,,;Evacuee;469;in triage category;G;is leaving helicopter;6
3465,521,filterLoc,,
3465,524,filterLoc,,
3465,527,filterLoc,,
3465,530,filterLoc,,
3465,533,filterLoc,,
3465,536,filterLoc,,
3465,539,filterLoc,,
3465,542,filterLoc,,
3465,545,filterLoc,,
3465,548,filterLoc,,
3465,551,filterLoc,,
3465,554,filterLoc,,
3465,557,filterLoc,,
3465,560,filterLoc,,
3465,563,filterLoc,,
3465,566,filterLoc,,
3465,569,filterLoc,,
3465,576,filterLoc,,
3465,579,filterLoc,,
3465,582,filterLoc,,
3465,585,filterLoc,,
3465,588,filterLoc,,
3465,591,filterLoc,,
3465,594,filterLoc,,
3465,597,filterLoc,,
3465,600,filterLoc,,
3465,603,filterLoc,,
3465,606,filterLoc,,
3465,609,filterLoc,,
3465,612,filterLoc,,
3465,615,filterLoc,,
3465,618,filterLoc,,
3465,621,filterLoc,,
3465,624,filterLoc,,
3465,627,filterLoc,,
3465,630,filterLoc,,
3465,633,filterLoc,,
3465,636,filterLoc,,
3465,639,filterLoc,,
3465,642,filterLoc,,
3465,645,filterLoc,,
3465,648,filterLoc,,
3465,651,filterLoc,,
3465,654,filterLoc,,
3465,657,filterLoc,,
3465,660,filterLoc,,
3465,663,filterLoc,,
3465,666,filterLoc,,
3465,669,filterLoc,,
3465,672,filterLoc,,
3465,675,filterLoc,,
3465,678,filterLoc,,
3465,681,filterLoc,,
3465,684,filterLoc,,
3465,687,filterLoc,,
3465,690,filterLoc,,
3465,693,filterLoc,,
3465,696,filterLoc,,
3465,699,filterLoc,,
3465,702,filterLoc,,
3465,705,filterLoc,,
3465,708,filterLoc,,
3465,711,filterLoc,,
3465,714,filterLoc,,
3465,717,filterLoc,,
3465,720,filterLoc,,
3465,723,filterLoc,,
3465,726,filterLoc,,
3465,729,filterLoc,,
3465,732,filterLoc,,
3465,735,filterLoc,,;Evacuee;474;in triage category;G;is leaving helicopter;6
3465,738,filterLoc,,
3465,741,filterLoc,,
3465,744,filterLoc,,
3465,747,filterLoc,,
3465,750,filterLoc,,
3465,753,filterLoc,,
3465,756,filterLoc,,
3465,759,filterLoc,,
3465,762,filterLoc,,
3465,765,filterLoc,,
3465,768,filterLoc,,
3465,771,filterLoc,,
3465,774,filterLoc,,
3465,777,filterLoc,,
3465,780,filterLoc,,
3465,783,filterLoc,,
3465,786,filterLoc,,
3465,789,filterLoc,,
3465,792,filterLoc,,
3465,795,filterLoc,,
3465,798,filterLoc,,
3465,801,filterLoc,,
3465,804,filterLoc,,
3465,807,filterLoc,,
3465,810,filterLoc,,
3465,813,filterLoc,,
3465,816,filterLoc,,
3465,819,filterLoc,,
3465,822,filterLoc,,
3465,825,filterLoc,,
3465,828,filterLoc,,
3465,831,filterLoc,,
3465,834,filterLoc,,
3465,837,filterLoc,,
3465,840,filterLoc,,
3465,843,filterLoc,,
3465,846,filterLoc,,
3465,849,filterLoc,,
3465,852,filterLoc,,
3465,855,filterLoc,,
3465,858,filterLoc,,
3465,861,filterLoc,,
3465,864,filterLoc,,
3465,867,filterLoc,,
3465,870,filterLoc,,
3465,873,filterLoc,,
3465,876,filterLoc,,
3465,879,filterLoc,,
3465,882,filterLoc,,
3465,885,filterLoc,,
3465,888,filterLoc,,
3465,891,filterLoc,,
3465,894,filterLoc,,
3465,897,filterLoc,,
3465,900,filterLoc,,
3465,903,filterLoc,,
3465,906,filterLoc,,
3465,909,filterLoc,,
3465,912,filterLoc,,
3465,915,filterLoc,,
3465,918,filterLoc,,
3465,921,filterLoc,,
3465,924,filterLoc,,
3465,927,filterLoc,,
3465,930,filterLoc,,
3465,933,filterLoc,,
3465,936,filterLoc,,
3465,939,filterLoc,,
3465,942,filterLoc,,
3465,945,filterLoc,,
3465,948,filterLoc,,
3465,951,filterLoc,,
3465,954,filterLoc,,
3465,957,filterLoc,,
3465,960,filterLoc,,
3465,963,filterLoc,,
3465,966,filterLoc,,
3465,969,filterLoc,,
3465,972,filterLoc,,
3465,975,filterLoc,,
3465,978,filterLoc,,
3465,981,filterLoc,,
3465,984,filterLoc,,
3465,987,filterLoc,,
3465,990,filterLoc,,
3465,993,filterLoc,,
3465,996,filterLoc,,
3465,999,filterLoc,,
3465,1002,filterLoc,,
3465,1005,filterLoc,,
3465,1008,filterLoc,,
3465,1011,filterLoc,,
3465,1014,filterLoc,,
3465,1017,filterLoc,,
3465,1020,filterLoc,,
3465,1023,filterLoc,,
3465,1026,filterLoc,,
3465,1029,filterLoc,,
3465,1032,filterLoc,,
3465,1035,filterLoc,,
3465,1038,filterLoc,,
3465,1041,filterLoc,,
3465,1044,filterLoc,,
3465,1047,filterLoc,,
3465,1050,filterLoc,,
3465,1053,filterLoc,,
3465,1056,filterLoc,,
3465,1059,filterLoc,,
3465,1062,filterLoc,,
3465,1065,filterLoc,,
3465,1068,filterLoc,,
3465,1071,filterLoc,,
3465,1074,filterLoc,,
3465,1077,filterLoc,,
3465,1080,filterLoc,,
3465,1083,filterLoc,,
3465,1086,filterLoc,,
3465,1089,filterLoc,,
3465,1092,filterLoc,,
3465,1095,filterLoc,,
3465,1098,filterLoc,,
3465,1101,filterLoc,,
3465,1104,filterLoc,,
3465,1107,filterLoc,,
3465,1110,filterLoc,,
3465,1113,filterLoc,,
3465,1116,filterLoc,,
3465,1119,filterLoc,,
3465,1122,filterLoc,,
3465,1125,filterLoc,,
3465,1128,filterLoc,,
3465,1135,filterLoc,,
3465,1138,filterLoc,,
3465,1141,filterLoc,,
3465,1144,filterLoc,,
3465,1147,filterLoc,,
3465,1150,filterLoc,,
3465,1153,filterLoc,,
3465,1156,filterLoc,,
3465,1159,filterLoc,,
3465,1162,filterLoc,,
3465,1165,filterLoc,,
3465,1168,filterLoc,,
3465,1175,filterLoc,,
3465,1178,filterLoc,,
3465,1181,filterLoc,,;Evacuee;465;in triage category;G;is leaving helicopter;6
3465,1184,filterLoc,,
3465,1187,filterLoc,,
3465,1190,filterLoc,,
3465,1193,filterLoc,,
3465,1196,filterLoc,,
3465,1199,filterLoc,,
3465,1202,filterLoc,,
3465,1205,filterLoc,,
3465,1208,filterLoc,,
3465,1211,filterLoc,,
3465,1214,filterLoc,,
3465,1217,filterLoc,,
3465,1220,filterLoc,,
3465,1223,filterLoc,,
3465,1226,filterLoc,,
3465,1229,filterLoc,,
3465,1232,filterLoc,,
3465,1235,filterLoc,,
3465,1238,filterLoc,,
3465,1241,filterLoc,,
3465,1244,filterLoc,,
3465,1247,filterLoc,,
3465,1250,filterLoc,,
3465,1253,filterLoc,,
3465,1256,filterLoc,,
3465,1259,filterLoc,,
3465,1262,filterLoc,,
3465,1265,filterLoc,,
3465,1268,filterLoc,,
3465,1271,filterLoc,,
3465,1274,filterLoc,,
3465,1277,filterLoc,,
3465,1280,filterLoc,,
3465,1283,filterLoc,,
3465,1286,filterLoc,,
3465,1289,filterLoc,,
3465,1292,filterLoc,,
3465,1295,filterLoc,,
3465,1298,filterLoc,,
3465,1301,filterLoc,,
3465,1304,filterLoc,,
3465,1307,filterLoc,,
3465,1310,filterLoc,,
3465,1313,filterLoc,,
3465,1316,filterLoc,,
3465,1319,filterLoc,,
3465,1322,filterLoc,,
3465,1325,filterLoc,,
3465,1328,filterLoc,,
3465,1331,filterLoc,,
3465,1334,filterLoc,,
3465,1337,filterLoc,,
3465,1340,filterLoc,,
3465,1343,filterLoc,,
3465,1346,filterLoc,,
3465,1349,filterLoc,,
3465,1352,filterLoc,,
3465,1355,filterLoc,,
3465,1358,filterLoc,,
3465,1361,filterLoc,,
3465,1364,filterLoc,,
3465,1367,filterLoc,,
3465,1370,filterLoc,,
3465,1373,filterLoc,,
3465,1376,filterLoc,,
3465,1379,filterLoc,,
3465,1382,filterLoc,,
3465,1385,filterLoc,,
3465,1388,filterLoc,,
3465,1391,filterLoc,,
3465,1394,filterLoc,,
3465,1397,filterLoc,,
3465,1400,filterLoc,,
3465,1403,filterLoc,,
3465,1406,filterLoc,,
3465,1409,filterLoc,,
3465,1412,filterLoc,,
3465,1415,filterLoc,,
3465,1418,filterLoc,,
3465,1421,filterLoc,,
3465,1424,filterLoc,,
3465,1427,filterLoc,,
3465,1430,filterLoc,,
3465,1433,filterLoc,,
3465,1436,filterLoc,,
3465,1439,filterLoc,,
3465,1442,filterLoc,,
3465,1445,filterLoc,,
3465,1448,filterLoc,,
3465,1451,filterLoc,,
3465,1454,filterLoc,,
3465,1457,filterLoc,,
3465,1460,filterLoc,,
3465,1463,filterLoc,,;Evacuee;464;in triage category;G;is leaving helicopter;6
3465,1466,filterLoc,,
3465,1469,filterLoc,,
3465,1472,filterLoc,,
3465,1475,filterLoc,,
3465,1478,filterLoc,,
3465,1481,filterLoc,,
3465,1484,filterLoc,,
3465,1487,filterLoc,,
3465,1490,filterLoc,,
3465,1493,filterLoc,,
3465,1496,filterLoc,,
3465,1499,filterLoc,,
3465,1502,filterLoc,,
3465,1505,filterLoc,,
3465,1508,filterLoc,,
3465,1511,filterLoc,,
3465,1514,filterLoc,,
3465,1517,filterLoc,,
3465,1520,filterLoc,,
3465,1523,filterLoc,,
3465,1526,filterLoc,,
3465,1529,filterLoc,,
3465,77,filterLoc,out,Evacuee 458 in triage category G is not assigned a helicopter
3465,77,filterLoc,,
3465,78,evacuee,,Evacuee;458;in triage state;G;is entering the FOL
3465,80,filterLoc,out,Evacuee 456 in triage category G is not assigned a helicopter
3465,80,filterLoc,,
3465,81,evacuee,,Evacuee;456;in triage state;G;is entering the FOL
3465,83,filterLoc,out,Evacuee 455 in triage category G is not assigned a helicopter
3465,83,filterLoc,,
3465,84,evacuee,,Evacuee;455;in triage state;G;is entering the FOL
3465,232,filterLoc,out,Evacuee 457 in triage category G is not assigned a helicopter
3465,232,filterLoc,,
3465,233,evacuee,,Evacuee;457;in triage state;G;is entering the FOL
3465,308,filterLoc,out,Evacuee 466 in triage category G is not assigned a helicopter
3465,308,filterLoc,,
3465,309,evacuee,,Evacuee;466;in triage state;G;is entering the FOL
3465,515,filterLoc,out,Evacuee 470 in triage category G is not assigned a helicopter
3465,515,filterLoc,,
3465,516,evacuee,,Evacuee;470;in triage state;G;is entering the FOL
3465,518,filterLoc,out,Evacuee 469 in triage category G is not assigned a helicopter
3465,518,filterLoc,,
3465,519,evacuee,,Evacuee;469;in triage state;G;is entering the FOL
3465,735,filterLoc,out,Evacuee 474 in triage category G is not assigned a helicopter
3465,735,filterLoc,,
3465,736,evacuee,,Evacuee;474;in triage state;G;is entering the FOL
3465,1181,filterLoc,out,Evacuee 465 in triage category G is not assigned a helicopter
3465,1181,filterLoc,,
3465,1182,evacuee,,Evacuee;465;in triage state;G;is entering the FOL
3465,1463,filterLoc,out,Evacuee 464 in triage category G is not assigned a helicopter
3465,1463,filterLoc,,
3465,1464,evacuee,,Evacuee;464;in triage state;G;is entering the FOL
3465,78,evacuee,outFOL,Evacuee 458 in triage category G is not assigned a helicopter
3465,78,evacuee,,Evacuee;458;in triage state;G;is at the FOL
3465,81,evacuee,outFOL,Evacuee 456 in triage category G is not assigned a helicopter
3465,81,evacuee,,Evacuee;456;in triage state;G;is at the FOL
3465,84,evacuee,outFOL,Evacuee 455 in triage category G is not assigned a helicopter
3465,84,evacuee,,Evacuee;455;in triage state;G;is at the FOL
3465,227,FOL,,;EvacueeID;4;Triage Status;G;EvacueeID;7;Triage Status;G;EvacueeID;10;Triage Status;G;EvacueeID;11;Triage Status;G;EvacueeID;13;Triage Status;G;EvacueeID;14;Triage Status;G;EvacueeID;15;Triage Status;G;EvacueeID;17;Triage Status;G;EvacueeID;18;Triage Status;G;EvacueeID;19;Triage Status;G;EvacueeID;23;Triage Status;G;EvacueeID;24;Triage Status;G;EvacueeID;26;Triage Status;G;EvacueeID;28;Triage Status;G;EvacueeID;29;Triage Status;G;EvacueeID;32;Triage Status;G;EvacueeID;37;Triage Status;G;EvacueeID;45;Triage Status;G;EvacueeID;48;Triage Status;G;EvacueeID;50;Triage Status;G;EvacueeID;54;Triage Status;G;EvacueeID;55;Triage Status;G;EvacueeID;58;Triage Status;G;EvacueeID;60;Triage Status;G;EvacueeID;65;Triage Status;G;EvacueeID;67;Triage Status;G;EvacueeID;73;Triage Status;G;EvacueeID;75;Triage Status;G;EvacueeID;77;Triage Status;G;EvacueeID;78;Triage Status;G;EvacueeID;82;Triage Status;G;EvacueeID;85;Triage Status;G;EvacueeID;95;Triage Status;G;EvacueeID;98;Triage Status;G;EvacueeID;99;Triage Status;G;EvacueeID;100;Triage Status;G;EvacueeID;101;Triage Status;G;EvacueeID;109;Triage Status;G;EvacueeID;112;Triage Status;G;EvacueeID;114;Triage Status;G;EvacueeID;123;Triage Status;G;EvacueeID;125;Triage Status;G;EvacueeID;126;Triage Status;G;EvacueeID;142;Triage Status;G;EvacueeID;144;Triage Status;G;EvacueeID;147;Triage Status;G;EvacueeID;153;Triage Status;G;EvacueeID;156;Triage Status;G;EvacueeID;158;Triage Status;G;EvacueeID;159;Triage Status;G;EvacueeID;161;Triage Status;G;EvacueeID;174;Triage Status;G;EvacueeID;177;Triage Status;G;EvacueeID;179;Triage Status;G;EvacueeID;181;Triage Status;G;EvacueeID;183;Triage Status;G;EvacueeID;184;Triage Status;G;EvacueeID;187;Triage Status;G;EvacueeID;190;Triage Status;G;EvacueeID;200;Triage Status;G;EvacueeID;201;Triage Status;G;EvacueeID;202;Triage Status;G;EvacueeID;203;Triage Status;G;EvacueeID;204;Triage Status;G;EvacueeID;205;Triage Status;G;EvacueeID;209;Triage Status;G;EvacueeID;212;Triage Status;G;EvacueeID;213;Triage Status;G;EvacueeID;215;Triage Status;G;EvacueeID;220;Triage Status;G;EvacueeID;226;Triage Status;G;EvacueeID;227;Triage Status;G;EvacueeID;232;Triage Status;G;EvacueeID;233;Triage Status;G;EvacueeID;234;Triage Status;G;EvacueeID;236;Triage Status;G;EvacueeID;241;Triage Status;G;EvacueeID;246;Triage Status;G;EvacueeID;255;Triage Status;G;EvacueeID;259;Triage Status;G;EvacueeID;260;Triage Status;G;EvacueeID;262;Triage Status;G;EvacueeID;263;Triage Status;G;EvacueeID;264;Triage Status;G;EvacueeID;267;Triage Status;G;EvacueeID;268;Triage Status;G;EvacueeID;270;Triage Status;G;EvacueeID;272;Triage Status;G;EvacueeID;275;Triage Status;G;EvacueeID;288;Triage Status;G;EvacueeID;290;Triage Status;G;EvacueeID;291;Triage Status;G;EvacueeID;292;Triage Status;G;EvacueeID;299;Triage Status;G;EvacueeID;300;Triage Status;G;EvacueeID;302;Triage Status;G;EvacueeID;322;Triage Status;G;EvacueeID;323;Triage Status;G;EvacueeID;324;Triage Status;G;EvacueeID;325;Triage Status;G;EvacueeID;326;Triage Status;G;EvacueeID;327;Triage Status;G;EvacueeID;343;Triage Status;G;EvacueeID;344;Triage Status;G;EvacueeID;345;Triage Status;G;EvacueeID;350;Triage Status;G;EvacueeID;355;Triage Status;G;EvacueeID;356;Triage Status;G;EvacueeID;361;Triage Status;G;EvacueeID;362;Triage Status;G;EvacueeID;365;Triage Status;G;EvacueeID;366;Triage Status;G;EvacueeID;368;Triage Status;G;EvacueeID;369;Triage Status;G;EvacueeID;370;Triage Status;G;EvacueeID;371;Triage Status;G;EvacueeID;372;Triage Status;G;EvacueeID;385;Triage Status;G;EvacueeID;387;Triage Status;G;EvacueeID;388;Triage Status;G;EvacueeID;390;Triage Status;G;EvacueeID;391;Triage Status;G;EvacueeID;396;Triage Status;G;EvacueeID;397;Triage Status;G;EvacueeID;398;Triage Status;G;EvacueeID;400;Triage Status;G;EvacueeID;401;Triage Status;G;EvacueeID;403;Triage Status;G;EvacueeID;404;Triage Status;G;EvacueeID;410;Triage Status;G;EvacueeID;413;Triage Status;G;EvacueeID;416;Triage Status;G;EvacueeID;418;Triage Status;G;EvacueeID;435;Triage Status;G;EvacueeID;441;Triage Status;G;EvacueeID;442;Triage Status;G;EvacueeID;445;Triage Status;G;EvacueeID;447;Triage Status;G;EvacueeID;448;Triage Status;G;EvacueeID;452;Triage Status;G;EvacueeID;455;Triage Status;G;EvacueeID;456;Triage Status;G;EvacueeID;457;Triage Status;G;EvacueeID;458;Triage Status;G;EvacueeID;464;Triage Status;G;EvacueeID;465;Triage Status;G;EvacueeID;466;Triage Status;G;EvacueeID;469;Triage Status;G;EvacueeID;470;Triage Status;G;EvacueeID;474;Triage Status;G;Lives Saved;150
3465,233,evacuee,outFOL,Evacuee 457 in triage category G is not assigned a helicopter
3465,233,evacuee,,Evacuee;457;in triage state;G;is at the FOL
3465,309,evacuee,outFOL,Evacuee 466 in triage category G is not assigned a helicopter
3465,309,evacuee,,Evacuee;466;in triage state;G;is at the FOL
3465,516,evacuee,outFOL,Evacuee 470 in triage category G is not assigned a helicopter
3465,516,evacuee,,Evacuee;470;in triage state;G;is at the FOL
3465,519,evacuee,outFOL,Evacuee 469 in triage category G is not assigned a helicopter
3465,519,evacuee,,Evacuee;469;in triage state;G;is at the FOL
3465,736,evacuee,outFOL,Evacuee 474 in triage category G is not assigned a helicopter
3465,736,evacuee,,Evacuee;474;in triage state;G;is at the FOL
3465,1182,evacuee,outFOL,Evacuee 465 in triage category G is not assigned a helicopter
3465,1182,evacuee,,Evacuee;465;in triage state;G;is at the FOL
3465,1464,evacuee,outFOL,Evacuee 464 in triage category G is not assigned a helicopter
3465,1464,evacuee,,Evacuee;464;in triage state;G;is at the FOL
3465,227,FOL,,;EvacueeID;4;Triage Status;G;EvacueeID;7;Triage Status;G;EvacueeID;10;Triage Status;G;EvacueeID;11;Triage Status;G;EvacueeID;13;Triage Status;G;EvacueeID;14;Triage Status;G;EvacueeID;15;Triage Status;G;EvacueeID;17;Triage Status;G;EvacueeID;18;Triage Status;G;EvacueeID;19;Triage Status;G;EvacueeID;23;Triage Status;G;EvacueeID;24;Triage Status;G;EvacueeID;26;Triage Status;G;EvacueeID;28;Triage Status;G;EvacueeID;29;Triage Status;G;EvacueeID;32;Triage Status;G;EvacueeID;37;Triage Status;G;EvacueeID;45;Triage Status;G;EvacueeID;48;Triage Status;G;EvacueeID;50;Triage Status;G;EvacueeID;54;Triage Status;G;EvacueeID;55;Triage Status;G;EvacueeID;58;Triage Status;G;EvacueeID;60;Triage Status;G;EvacueeID;65;Triage Status;G;EvacueeID;67;Triage Status;G;EvacueeID;73;Triage Status;G;EvacueeID;75;Triage Status;G;EvacueeID;77;Triage Status;G;EvacueeID;78;Triage Status;G;EvacueeID;82;Triage Status;G;EvacueeID;85;Triage Status;G;EvacueeID;95;Triage Status;G;EvacueeID;98;Triage Status;G;EvacueeID;99;Triage Status;G;EvacueeID;100;Triage Status;G;EvacueeID;101;Triage Status;G;EvacueeID;109;Triage Status;G;EvacueeID;112;Triage Status;G;EvacueeID;114;Triage Status;G;EvacueeID;123;Triage Status;G;EvacueeID;125;Triage Status;G;EvacueeID;126;Triage Status;G;EvacueeID;142;Triage Status;G;EvacueeID;144;Triage Status;G;EvacueeID;147;Triage Status;G;EvacueeID;153;Triage Status;G;EvacueeID;156;Triage Status;G;EvacueeID;158;Triage Status;G;EvacueeID;159;Triage Status;G;EvacueeID;161;Triage Status;G;EvacueeID;174;Triage Status;G;EvacueeID;177;Triage Status;G;EvacueeID;179;Triage Status;G;EvacueeID;181;Triage Status;G;EvacueeID;183;Triage Status;G;EvacueeID;184;Triage Status;G;EvacueeID;187;Triage Status;G;EvacueeID;190;Triage Status;G;EvacueeID;200;Triage Status;G;EvacueeID;201;Triage Status;G;EvacueeID;202;Triage Status;G;EvacueeID;203;Triage Status;G;EvacueeID;204;Triage Status;G;EvacueeID;205;Triage Status;G;EvacueeID;209;Triage Status;G;EvacueeID;212;Triage Status;G;EvacueeID;213;Triage Status;G;EvacueeID;215;Triage Status;G;EvacueeID;220;Triage Status;G;EvacueeID;226;Triage Status;G;EvacueeID;227;Triage Status;G;EvacueeID;232;Triage Status;G;EvacueeID;233;Triage Status;G;EvacueeID;234;Triage Status;G;EvacueeID;236;Triage Status;G;EvacueeID;241;Triage Status;G;EvacueeID;246;Triage Status;G;EvacueeID;255;Triage Status;G;EvacueeID;259;Triage Status;G;EvacueeID;260;Triage Status;G;EvacueeID;262;Triage Status;G;EvacueeID;263;Triage Status;G;EvacueeID;264;Triage Status;G;EvacueeID;267;Triage Status;G;EvacueeID;268;Triage Status;G;EvacueeID;270;Triage Status;G;EvacueeID;272;Triage Status;G;EvacueeID;275;Triage Status;G;EvacueeID;288;Triage Status;G;EvacueeID;290;Triage Status;G;EvacueeID;291;Triage Status;G;EvacueeID;292;Triage Status;G;EvacueeID;299;Triage Status;G;EvacueeID;300;Triage Status;G;EvacueeID;302;Triage Status;G;EvacueeID;322;Triage Status;G;EvacueeID;323;Triage Status;G;EvacueeID;324;Triage Status;G;EvacueeID;325;Triage Status;G;EvacueeID;326;Triage Status;G;EvacueeID;327;Triage Status;G;EvacueeID;343;Triage Status;G;EvacueeID;344;Triage Status;G;EvacueeID;345;Triage Status;G;EvacueeID;350;Triage Status;G;EvacueeID;355;Triage Status;G;EvacueeID;356;Triage Status;G;EvacueeID;361;Triage Status;G;EvacueeID;362;Triage Status;G;EvacueeID;365;Triage Status;G;EvacueeID;366;Triage Status;G;EvacueeID;368;Triage Status;G;EvacueeID;369;Triage Status;G;EvacueeID;370;Triage Status;G;EvacueeID;371;Triage Status;G;EvacueeID;372;Triage Status;G;EvacueeID;385;Triage Status;G;EvacueeID;387;Triage Status;G;EvacueeID;388;Triage Status;G;EvacueeID;390;Triage Status;G;EvacueeID;391;Triage Status;G;EvacueeID;396;Triage Status;G;EvacueeID;397;Triage Status;G;EvacueeID;398;Triage Status;G;EvacueeID;400;Triage Status;G;EvacueeID;401;Triage Status;G;EvacueeID;403;Triage Status;G;EvacueeID;404;Triage Status;G;EvacueeID;410;Triage Status;G;EvacueeID;413;Triage Status;G;EvacueeID;416;Triage Status;G;EvacueeID;418;Triage Status;G;EvacueeID;435;Triage Status;G;EvacueeID;441;Triage Status;G;EvacueeID;442;Triage Status;G;EvacueeID;445;Triage Status;G;EvacueeID;447;Triage Status;G;EvacueeID;448;Triage Status;G;EvacueeID;452;Triage Status;G;EvacueeID;455;Triage Status;G;EvacueeID;456;Triage Status;G;EvacueeID;457;Triage Status;G;EvacueeID;458;Triage Status;G;EvacueeID;464;Triage Status;G;EvacueeID;465;Triage Status;G;EvacueeID;466;Triage Status;G;EvacueeID;469;Triage Status;G;EvacueeID;470;Triage Status;G;EvacueeID;474;Triage Status;G;Lives Saved;150
3480,5,helicopterQueue,,1;Helos are waiting to land;HeloID;2
3480,9,helicopter,,Helicopter;6;Is going to the evacuation site;;and has;0;spots taken
3480,1133,helicopter,outES,Helicopter 2 is evacuating people2
3480,1133,helicopter,,Helicopter;2;is waiting to land at the evacuation site;;and has;0;spots taken
3480,4,helipadManager,,;No helos are at ES
3480,5,helicopterQueue,outHM,Helicopter 2 is evacuating people2
3480,5,helicopterQueue,outHelo,Helicopter 2 is evacuating people2
3480,5,helicopterQueue,,;No helos are waiting to land
3480,8,filterES,,
3480,108,filterES,,
3480,293,filterES,,
3480,573,filterES,,
3480,1132,filterES,,Helicopter;2;is evacuating people
3480,1172,filterES,,
3480,3,evacueeManager,,OFF SHIP: White;0;Green;0;Yellow;17;Red;0;Black;324;ON SHIP: White;0;Green;0;Yellow;0;Red;0;Evacuees to Transfer;;EvacueeID;115;HeloID;2;OnShip;0;Triage Status;R;EvacueeID;406;HeloID;2;OnShip;0;Triage Status;R;EvacueeID;347;HeloID;2;OnShip;0;Triage Status;R
3480,4,helipadManager,outEM,Helicopter 2 is evacuating people2
3480,4,helipadManager,,Helo;2;is at the ES
3480,1132,filterES,out,Helicopter 2 is evacuating people2
3480,1132,filterES,,
3480,1133,helicopter,,Helicopter;2;is waiting to land at the evacuation site;;and has;0;spots taken
3480,3,evacueeManager,outEvac,Evacuee 115 in triage category R is assigned helicopter 2
3480,3,evacueeManager,outEvac,Evacuee 406 in triage category R is assigned helicopter 2
3480,3,evacueeManager,outEvac,Evacuee 347 in triage category R is assigned helicopter 2
3480,3,evacueeManager,,OFF SHIP: White;0;Green;0;Yellow;17;Red;0;Black;324;ON SHIP: White;0;Green;0;Yellow;0;Red;0;Evacuees to Transfer;
3480,11,filterLoc,,
3480,14,filterLoc,,
3480,17,filterLoc,,
3480,20,filterLoc,,
3480,23,filterLoc,,
3480,26,filterLoc,,
3480,29,filterLoc,,
3480,32,filterLoc,,
3480,35,filterLoc,,
3480,38,filterLoc,,
3480,41,filterLoc,,
3480,44,filterLoc,,
3480,47,filterLoc,,
3480,50,filterLoc,,
3480,53,filterLoc,,
3480,56,filterLoc,,
3480,59,filterLoc,,
3480,62,filterLoc,,
3480,65,filterLoc,,
3480,68,filterLoc,,
3480,71,filterLoc,,
3480,74,filterLoc,,
3480,77,filterLoc,,
3480,80,filterLoc,,
3480,83,filterLoc,,
3480,86,filterLoc,,
3480,89,filterLoc,,
3480,92,filterLoc,,
3480,95,filterLoc,,
3480,98,filterLoc,,
3480,101,filterLoc,,
3480,104,filterLoc,,
3480,111,filterLoc,,
3480,114,filterLoc,,
3480,117,filterLoc,,
3480,120,filterLoc,,
3480,123,filterLoc,,
3480,126,filterLoc,,
3480,129,filterLoc,,
3480,132,filterLoc,,
3480,135,filterLoc,,
3480,138,filterLoc,,
3480,141,filterLoc,,
3480,144,filterLoc,,
3480,147,filterLoc,,;Evacuee;406;in triage category;R;is entering helicopter;2
3480,150,filterLoc,,
3480,153,filterLoc,,
3480,156,filterLoc,,
3480,159,filterLoc,,
3480,162,filterLoc,,
3480,165,filterLoc,,
3480,168,filterLoc,,
3480,171,filterLoc,,
3480,174,filterLoc,,
3480,177,filterLoc,,
3480,180,filterLoc,,
3480,183,filterLoc,,
3480,186,filterLoc,,
3480,189,filterLoc,,
3480,192,filterLoc,,
3480,195,filterLoc,,
3480,198,filterLoc,,
3480,201,filterLoc,,
3480,204,filterLoc,,
3480,207,filterLoc,,
3480,210,filterLoc,,
3480,213,filterLoc,,
3480,216,filterLoc,,
3480,219,filterLoc,,
3480,222,filterLoc,,
3480,225,filterLoc,,
3480,229,filterLoc,,
3480,232,filterLoc,,
3480,235,filterLoc,,
3480,238,filterLoc,,
3480,241,filterLoc,,
3480,244,filterLoc,,
3480,247,filterLoc,,
3480,250,filterLoc,,
3480,253,filterLoc,,
3480,256,filterLoc,,
3480,259,filterLoc,,
3480,262,filterLoc,,
3480,265,filterLoc,,
3480,268,filterLoc,,
3480,271,filterLoc,,
3480,274,filterLoc,,
3480,277,filterLoc,,
3480,280,filterLoc,,
3480,283,filterLoc,,
3480,286,filterLoc,,
3480,289,filterLoc,,
3480,296,filterLoc,,
3480,299,filterLoc,,
3480,302,filterLoc,,
3480,305,filterLoc,,
3480,308,filterLoc,,
3480,311,filterLoc,,
3480,314,filterLoc,,
3480,317,filterLoc,,
3480,320,filterLoc,,
3480,323,filterLoc,,
3480,326,filterLoc,,
3480,329,filterLoc,,
3480,332,filterLoc,,
3480,335,filterLoc,,
3480,338,filterLoc,,
3480,341,filterLoc,,
3480,344,filterLoc,,
3480,347,filterLoc,,
3480,350,filterLoc,,
3480,353,filterLoc,,
3480,356,filterLoc,,
3480,359,filterLoc,,
3480,362,filterLoc,,
3480,365,filterLoc,,
3480,368,filterLoc,,
3480,371,filterLoc,,
3480,374,filterLoc,,
3480,377,filterLoc,,
3480,380,filterLoc,,
3480,383,filterLoc,,
3480,386,filterLoc,,
3480,389,filterLoc,,
3480,392,filterLoc,,
3480,395,filterLoc,,
3480,398,filterLoc,,
3480,401,filterLoc,,
3480,404,filterLoc,,
3480,407,filterLoc,,
3480,410,filterLoc,,
3480,413,filterLoc,,
3480,416,filterLoc,,
3480,419,filterLoc,,
3480,422,filterLoc,,
3480,425,filterLoc,,
3480,428,filterLoc,,
3480,431,filterLoc,,
3480,434,filterLoc,,
3480,437,filterLoc,,
3480,440,filterLoc,,
3480,443,filterLoc,,
3480,446,filterLoc,,
3480,449,filterLoc,,
3480,452,filterLoc,,
3480,455,filterLoc,,
3480,458,filterLoc,,
3480,461,filterLoc,,
3480,464,filterLoc,,
3480,467,filterLoc,,
3480,470,filterLoc,,
3480,473,filterLoc,,
3480,476,filterLoc,,
3480,479,filterLoc,,
3480,482,filterLoc,,
3480,485,filterLoc,,
3480,488,filterLoc,,
3480,491,filterLoc,,
3480,494,filterLoc,,
3480,497,filterLoc,,
3480,500,filterLoc,,
3480,503,filterLoc,,
3480,506,filterLoc,,
3480,509,filterLoc,,
3480,512,filterLoc,,
3480,515,filterLoc,,
3480,518,filterLoc,,
3480,521,filterLoc,,
3480,524,filterLoc,,
3480,527,filterLoc,,
3480,530,filterLoc,,
3480,533,filterLoc,,
3480,536,filterLoc,,
3480,539,filterLoc,,
3480,542,filterLoc,,
3480,545,filterLoc,,
3480,548,filterLoc,,
3480,551,filterLoc,,
3480,554,filterLoc,,
3480,557,filterLoc,,
3480,560,filterLoc,,
3480,563,filterLoc,,
3480,566,filterLoc,,
3480,569,filterLoc,,
3480,576,filterLoc,,
3480,579,filterLoc,,
3480,582,filterLoc,,
3480,585,filterLoc,,
3480,588,filterLoc,,
3480,591,filterLoc,,
3480,594,filterLoc,,
3480,597,filterLoc,,
3480,600,filterLoc,,
3480,603,filterLoc,,
3480,606,filterLoc,,
3480,609,filterLoc,,
3480,612,filterLoc,,
3480,615,filterLoc,,
3480,618,filterLoc,,
3480,621,filterLoc,,
3480,624,filterLoc,,
3480,627,filterLoc,,
3480,630,filterLoc,,
3480,633,filterLoc,,
3480,636,filterLoc,,
3480,639,filterLoc,,
3480,642,filterLoc,,
3480,645,filterLoc,,
3480,648,filterLoc,,
3480,651,filterLoc,,
3480,654,filterLoc,,
3480,657,filterLoc,,
3480,660,filterLoc,,;Evacuee;115;in triage category;R;is entering helicopter;2
3480,663,filterLoc,,
3480,666,filterLoc,,
3480,669,filterLoc,,
3480,672,filterLoc,,
3480,675,filterLoc,,
3480,678,filterLoc,,
3480,681,filterLoc,,
3480,684,filterLoc,,
3480,687,filterLoc,,
3480,690,filterLoc,,
3480,693,filterLoc,,
3480,696,filterLoc,,
3480,699,filterLoc,,
3480,702,filterLoc,,
3480,705,filterLoc,,
3480,708,filterLoc,,
3480,711,filterLoc,,
3480,714,filterLoc,,
3480,717,filterLoc,,
3480,720,filterLoc,,
3480,723,filterLoc,,
3480,726,filterLoc,,
3480,729,filterLoc,,
3480,732,filterLoc,,
3480,735,filterLoc,,
3480,738,filterLoc,,
3480,741,filterLoc,,
3480,744,filterLoc,,
3480,747,filterLoc,,
3480,750,filterLoc,,
3480,753,filterLoc,,
3480,756,filterLoc,,
3480,759,filterLoc,,
3480,762,filterLoc,,
3480,765,filterLoc,,
3480,768,filterLoc,,
3480,771,filterLoc,,
3480,774,filterLoc,,
3480,777,filterLoc,,
3480,780,filterLoc,,
3480,783,filterLoc,,
3480,786,filterLoc,,
3480,789,filterLoc,,
3480,792,filterLoc,,
3480,795,filterLoc,,
3480,798,filterLoc,,
3480,801,filterLoc,,
3480,804,filterLoc,,
3480,807,filterLoc,,
3480,810,filterLoc,,
3480,813,filterLoc,,
3480,816,filterLoc,,
3480,819,filterLoc,,
3480,822,filterLoc,,
3480,825,filterLoc,,
3480,828,filterLoc,,
3480,831,filterLoc,,
3480,834,filterLoc,,
3480,837,filterLoc,,
3480,840,filterLoc,,
3480,843,filterLoc,,
3480,846,filterLoc,,
3480,849,filterLoc,,
3480,852,filterLoc,,
3480,855,filterLoc,,
3480,858,filterLoc,,
3480,861,filterLoc,,
3480,864,filterLoc,,
3480,867,filterLoc,,
3480,870,filterLoc,,
3480,873,filterLoc,,
3480,876,filterLoc,,;Evacuee;347;in triage category;R;is entering helicopter;2
3480,879,filterLoc,,
3480,882,filterLoc,,
3480,885,filterLoc,,
3480,888,filterLoc,,
3480,891,filterLoc,,
3480,894,filterLoc,,
3480,897,filterLoc,,
3480,900,filterLoc,,
3480,903,filterLoc,,
3480,906,filterLoc,,
3480,909,filterLoc,,
3480,912,filterLoc,,
3480,915,filterLoc,,
3480,918,filterLoc,,
3480,921,filterLoc,,
3480,924,filterLoc,,
3480,927,filterLoc,,
3480,930,filterLoc,,
3480,933,filterLoc,,
3480,936,filterLoc,,
3480,939,filterLoc,,
3480,942,filterLoc,,
3480,945,filterLoc,,
3480,948,filterLoc,,
3480,951,filterLoc,,
3480,954,filterLoc,,
3480,957,filterLoc,,
3480,960,filterLoc,,
3480,963,filterLoc,,
3480,966,filterLoc,,
3480,969,filterLoc,,
3480,972,filterLoc,,
3480,975,filterLoc,,
3480,978,filterLoc,,
3480,981,filterLoc,,
3480,984,filterLoc,,
3480,987,filterLoc,,
3480,990,filterLoc,,
3480,993,filterLoc,,
3480,996,filterLoc,,
3480,999,filterLoc,,
3480,1002,filterLoc,,
3480,1005,filterLoc,,
3480,1008,filterLoc,,
3480,1011,filterLoc,,
3480,1014,filterLoc,,
3480,1017,filterLoc,,
3480,1020,filterLoc,,
3480,1023,filterLoc,,
3480,1026,filterLoc,,
3480,1029,filterLoc,,
3480,1032,filterLoc,,
3480,1035,filterLoc,,
3480,1038,filterLoc,,
3480,1041,filterLoc,,
3480,1044,filterLoc,,
3480,1047,filterLoc,,
3480,1050,filterLoc,,
3480,1053,filterLoc,,
3480,1056,filterLoc,,
3480,1059,filterLoc,,
3480,1062,filterLoc,,
3480,1065,filterLoc,,
3480,1068,filterLoc,,
3480,1071,filterLoc,,
3480,1074,filterLoc,,
3480,1077,filterLoc,,
3480,1080,filterLoc,,
3480,1083,filterLoc,,
3480,1086,filterLoc,,
3480,1089,filterLoc,,
3480,1092,filterLoc,,
3480,1095,filterLoc,,
3480,1098,filterLoc,,
3480,1101,filterLoc,,
3480,1104,filterLoc,,
3480,1107,filterLoc,,
3480,1110,filterLoc,,
3480,1113,filterLoc,,
3480,1116,filterLoc,,
3480,1119,filterLoc,,
3480,1122,filterLoc,,
3480,1125,filterLoc,,
3480,1128,filterLoc,,
3480,1133,helicopter,,Helicopter;2;is loading people at the evacuation site;;and has;0;spots taken
3480,1135,filterLoc,,
3480,1138,filterLoc,,
3480,1141,filterLoc,,
3480,1144,filterLoc,,
3480,1147,filterLoc,,
3480,1150,filterLoc,,
3480,1153,filterLoc,,
3480,1156,filterLoc,,
3480,1159,filterLoc,,
3480,1162,filterLoc,,
3480,1165,filterLoc,,
3480,1168,filterLoc,,
3480,1175,filterLoc,,
3480,1178,filterLoc,,
3480,1181,filterLoc,,
3480,1184,filterLoc,,
3480,1187,filterLoc,,
3480,1190,filterLoc,,
3480,1193,filterLoc,,
3480,1196,filterLoc,,
3480,1199,filterLoc,,
3480,1202,filterLoc,,
3480,1205,filterLoc,,
3480,1208,filterLoc,,
3480,1211,filterLoc,,
3480,1214,filterLoc,,
3480,1217,filterLoc,,
3480,1220,filterLoc,,
3480,1223,filterLoc,,
3480,1226,filterLoc,,
3480,1229,filterLoc,,
3480,1232,filterLoc,,
3480,1235,filterLoc,,
3480,1238,filterLoc,,
3480,1241,filterLoc,,
3480,1244,filterLoc,,
3480,1247,filterLoc,,
3480,1250,filterLoc,,
3480,1253,filterLoc,,
3480,1256,filterLoc,,
3480,1259,filterLoc,,
3480,1262,filterLoc,,
3480,1265,filterLoc,,
3480,1268,filterLoc,,
3480,1271,filterLoc,,
3480,1274,filterLoc,,
3480,1277,filterLoc,,
3480,1280,filterLoc,,
3480,1283,filterLoc,,
3480,1286,filterLoc,,
3480,1289,filterLoc,,
3480,1292,filterLoc,,
3480,1295,filterLoc,,
3480,1298,filterLoc,,
3480,1301,filterLoc,,
3480,1304,filterLoc,,
3480,1307,filterLoc,,
3480,1310,filterLoc,,
3480,1313,filterLoc,,
3480,1316,filterLoc,,
3480,1319,filterLoc,,
3480,1322,filterLoc,,
3480,1325,filterLoc,,
3480,1328,filterLoc,,
3480,1331,filterLoc,,
3480,1334,filterLoc,,
3480,1337,filterLoc,,
3480,1340,filterLoc,,
3480,1343,filterLoc,,
3480,1346,filterLoc,,
3480,1349,filterLoc,,
3480,1352,filterLoc,,
3480,1355,filterLoc,,
3480,1358,filterLoc,,
3480,1361,filterLoc,,
3480,1364,filterLoc,,
3480,1367,filterLoc,,
3480,1370,filterLoc,,
3480,1373,filterLoc,,
3480,1376,filterLoc,,
3480,1379,filterLoc,,
3480,1382,filterLoc,,
3480,1385,filterLoc,,
3480,1388,filterLoc,,
3480,1391,filterLoc,,
3480,1394,filterLoc,,
3480,1397,filterLoc,,
3480,1400,filterLoc,,
3480,1403,filterLoc,,
3480,1406,filterLoc,,
3480,1409,filterLoc,,
3480,1412,filterLoc,,
3480,1415,filterLoc,,
3480,1418,filterLoc,,
3480,1421,filterLoc,,
3480,1424,filterLoc,,
3480,1427,filterLoc,,
3480,1430,filterLoc,,
3480,1433,filterLoc,,
3480,1436,filterLoc,,
3480,1439,filterLoc,,
3480,1442,filterLoc,,
3480,1445,filterLoc,,
3480,1448,filterLoc,,
3480,1451,filterLoc,,
3480,1454,filterLoc,,
3480,1457,filterLoc,,
3480,1460,filterLoc,,
3480,1463,filterLoc,,
3480,1466,filterLoc,,
3480,1469,filterLoc,,
3480,1472,filterLoc,,
3480,1475,filterLoc,,
3480,1478,filterLoc,,
3480,1481,filterLoc,,
3480,1484,filterLoc,,
3480,1487,filterLoc,,
3480,1490,filterLoc,,
3480,1493,filterLoc,,
3480,1496,filterLoc,,
3480,1499,filterLoc,,
3480,1502,filterLoc,,
3480,1505,filterLoc,,
3480,1508,filterLoc,,
3480,1511,filterLoc,,
3480,1514,filterLoc,,
3480,1517,filterLoc,,
3480,1520,filterLoc,,
3480,1523,filterLoc,,
3480,1526,filterLoc,,
3480,1529,filterLoc,,
3480,147,filterLoc,out,Evacuee 406 in triage category R is assigned helicopter 2
3480,147,filterLoc,,
3480,148,evacuee,,Evacuee;406;in triage state;R;is entering helicopter;2
3480,660,filterLoc,out,Evacuee 115 in triage category R is assigned helicopter 2
3480,660,filterLoc,,
3480,661,evacuee,,Evacuee;115;in triage state;R;is entering helicopter;2
3480,876,filterLoc,out,Evacuee 347 in triage category R is assigned helicopter 2
3480,876,filterLoc,,
3480,877,evacuee,,Evacuee;347;in triage state;R;is entering helicopter;2
3480,7,filterEvac,,
3480,107,filterEvac,,
3480,148,evacuee,outHelo,Evacuee 406 in triage category R is assigned helicopter 2
3480,148,evacuee,,Evacuee;406;in triage state;R;is in helicopter;2
3480,292,filterEvac,,
3480,572,filterEvac,,
3480,661,evacuee,outHelo,Evacuee 115 in triage category R is assigned helicopter 2
3480,661,evacuee,,Evacuee;115;in triage state;R;is in helicopter;2
3480,877,evacuee,outHelo,Evacuee 347 in triage category R is assigned helicopter 2
3480,877,evacuee,,Evacuee;347;in triage state;R;is in helicopter;2
3480,1131,filterEvac,,;Evacuee;115;in triage category;R;is entering helicopter;2;Evacuee;347;in triage category;R;is entering helicopter;2;Evacuee;406;in triage category;R;is entering helicopter;2
3480,1171,filterEvac,,
3480,1131,filterEvac,out,Evacuee 115 in triage category R is assigned helicopter 2
3480,1131,filterEvac,out,Evacuee 347 in triage category R is assigned helicopter 2
3480,1131,filterEvac,out,Evacuee 406 in triage category R is assigned helicopter 2
3480,1131,filterEvac,,
3480,1133,helicopter,,Helicopter;2;is loading people at the evacuation site;;and has;9;spots taken
3495,4,helipadManager,outHelo,Helicopter 2 is evacuating people2
3495,4,helipadManager,,;No helos are at ES
3495,5,helicopterQueue,,1;Helos are waiting to land;HeloID;5
3495,8,filterES,,
3495,108,filterES,,
3495,293,filterES,,
3495,573,filterES,,
3495,574,helicopter,outES,Helicopter 5 is evacuating people5
3495,574,helicopter,,Helicopter;5;is waiting to land at the evacuation site;;and has;0;spots taken
3495,1132,filterES,,Helicopter;2;is evacuating people
3495,1172,filterES,,
3495,4,helipadManager,outHQ,0
3495,4,helipadManager,,;No helos are at ES
3495,5,helicopterQueue,,1;Helos are waiting to land;HeloID;5
3495,1132,filterES,out,Helicopter 2 is evacuating people2
3495,1132,filterES,,
3495,1133,helicopter,,Helicopter;2;is loading people at the evacuation site;;and has;9;spots taken
3495,4,helipadManager,,;No helos are at ES
3495,5,helicopterQueue,outHM,Helicopter 5 is evacuating people5
3495,5,helicopterQueue,outHelo,Helicopter 5 is evacuating people5
3495,5,helicopterQueue,,;No helos are waiting to land
3495,8,filterES,,
3495,108,filterES,,
3495,293,filterES,,
3495,573,filterES,,Helicopter;5;is evacuating people
3495,1132,filterES,,
3495,1133,helicopter,,Helicopter;2;is returning to the FOL;;and has;9;spots taken
3495,1172,filterES,,
3495,3,evacueeManager,,OFF SHIP: White;0;Green;0;Yellow;14;Red;0;Black;324;ON SHIP: White;0;Green;0;Yellow;0;Red;0;Evacuees to Transfer;;EvacueeID;182;HeloID;5;OnShip;0;Triage Status;Y;EvacueeID;419;HeloID;5;OnShip;0;Triage Status;Y;EvacueeID;230;HeloID;5;OnShip;0;Triage Status;Y
3495,4,helipadManager,outEM,Helicopter 5 is evacuating people5
3495,4,helipadManager,,Helo;5;is at the ES
3495,573,filterES,out,Helicopter 5 is evacuating people5
3495,573,filterES,,
3495,574,helicopter,,Helicopter;5;is waiting to land at the evacuation site;;and has;0;spots taken
3495,3,evacueeManager,outEvac,Evacuee 182 in triage category Y is assigned helicopter 5
3495,3,evacueeManager,outEvac,Evacuee 419 in triage category Y is assigned helicopter 5
3495,3,evacueeManager,outEvac,Evacuee 230 in triage category Y is assigned helicopter 5
3495,3,evacueeManager,,OFF SHIP: White;0;Green;0;Yellow;14;Red;0;Black;324;ON SHIP: White;0;Green;0;Yellow;0;Red;0;Evacuees to Transfer;
3495,11,filterLoc,,
3495,14,filterLoc,,
3495,17,filterLoc,,
3495,20,filterLoc,,
3495,23,filterLoc,,
3495,26,filterLoc,,
3495,29,filterLoc,,
3495,32,filterLoc,,
3495,35,filterLoc,,
3495,38,filterLoc,,
3495,41,filterLoc,,
3495,44,filterLoc,,
3495,47,filterLoc,,
3495,50,filterLoc,,
3495,53,filterLoc,,
3495,56,filterLoc,,
3495,59,filterLoc,,
3495,62,filterLoc,,
3495,65,filterLoc,,
3495,68,filterLoc,,
3495,71,filterLoc,,
3495,74,filterLoc,,
3495,77,filterLoc,,
3495,80,filterLoc,,
3495,83,filterLoc,,
3495,86,filterLoc,,
3495,89,filterLoc,,
3495,92,filterLoc,,
3495,95,filterLoc,,
3495,98,filterLoc,,
3495,101,filterLoc,,
3495,104,filterLoc,,
3495,111,filterLoc,,
3495,114,filterLoc,,
3495,117,filterLoc,,
3495,120,filterLoc,,
3495,123,filterLoc,,
3495,126,filterLoc,,
3495,129,filterLoc,,;Evacuee;419;in triage category;Y;is entering helicopter;5
3495,132,filterLoc,,
3495,135,filterLoc,,
3495,138,filterLoc,,
3495,141,filterLoc,,
3495,144,filterLoc,,
3495,147,filterLoc,,
3495,150,filterLoc,,
3495,153,filterLoc,,
3495,156,filterLoc,,
3495,159,filterLoc,,
3495,162,filterLoc,,
3495,165,filterLoc,,
3495,168,filterLoc,,
3495,171,filterLoc,,
3495,174,filterLoc,,
3495,177,filterLoc,,
3495,180,filterLoc,,
3495,183,filterLoc,,
3495,186,filterLoc,,
3495,189,filterLoc,,
3495,192,filterLoc,,
3495,195,filterLoc,,
3495,198,filterLoc,,
3495,201,filterLoc,,
3495,204,filterLoc,,
3495,207,filterLoc,,
3495,210,filterLoc,,
3495,213,filterLoc,,
3495,216,filterLoc,,
3495,219,filterLoc,,
3495,222,filterLoc,,
3495,225,filterLoc,,
3495,229,filterLoc,,
3495,232,filterLoc,,
3495,235,filterLoc,,
3495,238,filterLoc,,
3495,241,filterLoc,,
3495,244,filterLoc,,
3495,247,filterLoc,,
3495,250,filterLoc,,
3495,253,filterLoc,,
3495,256,filterLoc,,
3495,259,filterLoc,,
3495,262,filterLoc,,
3495,265,filterLoc,,
3495,268,filterLoc,,
3495,271,filterLoc,,
3495,274,filterLoc,,
3495,277,filterLoc,,
3495,280,filterLoc,,
3495,283,filterLoc,,
3495,286,filterLoc,,
3495,289,filterLoc,,
3495,296,filterLoc,,
3495,299,filterLoc,,
3495,302,filterLoc,,
3495,305,filterLoc,,
3495,308,filterLoc,,
3495,311,filterLoc,,
3495,314,filterLoc,,
3495,317,filterLoc,,
3495,320,filterLoc,,
3495,323,filterLoc,,
3495,326,filterLoc,,
3495,329,filterLoc,,
3495,332,filterLoc,,
3495,335,filterLoc,,
3495,338,filterLoc,,
3495,341,filterLoc,,
3495,344,filterLoc,,
3495,347,filterLoc,,
3495,350,filterLoc,,
3495,353,filterLoc,,
3495,356,filterLoc,,
3495,359,filterLoc,,
3495,362,filterLoc,,
3495,365,filterLoc,,
3495,368,filterLoc,,
3495,371,filterLoc,,
3495,374,filterLoc,,
3495,377,filterLoc,,
3495,380,filterLoc,,
3495,383,filterLoc,,
3495,386,filterLoc,,
3495,389,filterLoc,,
3495,392,filterLoc,,
3495,395,filterLoc,,
3495,398,filterLoc,,
3495,401,filterLoc,,
3495,404,filterLoc,,
3495,407,filterLoc,,
3495,410,filterLoc,,
3495,413,filterLoc,,
3495,416,filterLoc,,
3495,419,filterLoc,,
3495,422,filterLoc,,
3495,425,filterLoc,,
3495,428,filterLoc,,
3495,431,filterLoc,,
3495,434,filterLoc,,
3495,437,filterLoc,,
3495,440,filterLoc,,
3495,443,filterLoc,,
3495,446,filterLoc,,
3495,449,filterLoc,,
3495,452,filterLoc,,
3495,455,filterLoc,,
3495,458,filterLoc,,
3495,461,filterLoc,,
3495,464,filterLoc,,
3495,467,filterLoc,,
3495,470,filterLoc,,
3495,473,filterLoc,,
3495,476,filterLoc,,
3495,479,filterLoc,,
3495,482,filterLoc,,
3495,485,filterLoc,,
3495,488,filterLoc,,
3495,491,filterLoc,,
3495,494,filterLoc,,
3495,497,filterLoc,,
3495,500,filterLoc,,
3495,503,filterLoc,,
3495,506,filterLoc,,
3495,509,filterLoc,,
3495,512,filterLoc,,
3495,515,filterLoc,,
3495,518,filterLoc,,
3495,521,filterLoc,,
3495,524,filterLoc,,
3495,527,filterLoc,,
3495,530,filterLoc,,
3495,533,filterLoc,,
3495,536,filterLoc,,
3495,539,filterLoc,,
3495,542,filterLoc,,
3495,545,filterLoc,,
3495,548,filterLoc,,
3495,551,filterLoc,,
3495,554,filterLoc,,
3495,557,filterLoc,,
3495,560,filterLoc,,
3495,563,filterLoc,,
3495,566,filterLoc,,
3495,569,filterLoc,,
3495,574,helicopter,,Helicopter;5;is loading people at the evacuation site;;and has;0;spots taken
3495,576,filterLoc,,
3495,579,filterLoc,,
3495,582,filterLoc,,
3495,585,filterLoc,,
3495,588,filterLoc,,
3495,591,filterLoc,,
3495,594,filterLoc,,
3495,597,filterLoc,,
3495,600,filterLoc,,
3495,603,filterLoc,,
3495,606,filterLoc,,
3495,609,filterLoc,,
3495,612,filterLoc,,
3495,615,filterLoc,,
3495,618,filterLoc,,
3495,621,filterLoc,,
3495,624,filterLoc,,
3495,627,filterLoc,,
3495,630,filterLoc,,
3495,633,filterLoc,,
3495,636,filterLoc,,
3495,639,filterLoc,,
3495,642,filterLoc,,
3495,645,filterLoc,,
3495,648,filterLoc,,
3495,651,filterLoc,,
3495,654,filterLoc,,
3495,657,filterLoc,,
3495,660,filterLoc,,
3495,663,filterLoc,,
3495,666,filterLoc,,
3495,669,filterLoc,,
3495,672,filterLoc,,
3495,675,filterLoc,,
3495,678,filterLoc,,
3495,681,filterLoc,,
3495,684,filterLoc,,
3495,687,filterLoc,,
3495,690,filterLoc,,
3495,693,filterLoc,,
3495,696,filterLoc,,
3495,699,filterLoc,,
3495,702,filterLoc,,
3495,705,filterLoc,,
3495,708,filterLoc,,
3495,711,filterLoc,,
3495,714,filterLoc,,
3495,717,filterLoc,,
3495,720,filterLoc,,
3495,723,filterLoc,,
3495,726,filterLoc,,
3495,729,filterLoc,,
3495,732,filterLoc,,
3495,735,filterLoc,,
3495,738,filterLoc,,
3495,741,filterLoc,,
3495,744,filterLoc,,
3495,747,filterLoc,,
3495,750,filterLoc,,
3495,753,filterLoc,,
3495,756,filterLoc,,
3495,759,filterLoc,,
3495,762,filterLoc,,
3495,765,filterLoc,,
3495,768,filterLoc,,
3495,771,filterLoc,,
3495,774,filterLoc,,
3495,777,filterLoc,,
3495,780,filterLoc,,
3495,783,filterLoc,,
3495,786,filterLoc,,
3495,789,filterLoc,,
3495,792,filterLoc,,
3495,795,filterLoc,,
3495,798,filterLoc,,
3495,801,filterLoc,,
3495,804,filterLoc,,
3495,807,filterLoc,,
3495,810,filterLoc,,
3495,813,filterLoc,,
3495,816,filterLoc,,
3495,819,filterLoc,,
3495,822,filterLoc,,
3495,825,filterLoc,,
3495,828,filterLoc,,
3495,831,filterLoc,,
3495,834,filterLoc,,
3495,837,filterLoc,,
3495,840,filterLoc,,
3495,843,filterLoc,,
3495,846,filterLoc,,
3495,849,filterLoc,,
3495,852,filterLoc,,
3495,855,filterLoc,,
3495,858,filterLoc,,
3495,861,filterLoc,,
3495,864,filterLoc,,
3495,867,filterLoc,,
3495,870,filterLoc,,
3495,873,filterLoc,,
3495,876,filterLoc,,
3495,879,filterLoc,,
3495,882,filterLoc,,
3495,885,filterLoc,,
3495,888,filterLoc,,
3495,891,filterLoc,,
3495,894,filterLoc,,
3495,897,filterLoc,,
3495,900,filterLoc,,
3495,903,filterLoc,,
3495,906,filterLoc,,
3495,909,filterLoc,,
3495,912,filterLoc,,
3495,915,filterLoc,,
3495,918,filterLoc,,
3495,921,filterLoc,,
3495,924,filterLoc,,
3495,927,filterLoc,,
3495,930,filterLoc,,
3495,933,filterLoc,,
3495,936,filterLoc,,
3495,939,filterLoc,,
3495,942,filterLoc,,
3495,945,filterLoc,,
3495,948,filterLoc,,
3495,951,filterLoc,,
3495,954,filterLoc,,
3495,957,filterLoc,,
3495,960,filterLoc,,
3495,963,filterLoc,,
3495,966,filterLoc,,
3495,969,filterLoc,,
3495,972,filterLoc,,
3495,975,filterLoc,,
3495,978,filterLoc,,
3495,981,filterLoc,,
3495,984,filterLoc,,
3495,987,filterLoc,,
3495,990,filterLoc,,
3495,993,filterLoc,,
3495,996,filterLoc,,
3495,999,filterLoc,,
3495,1002,filterLoc,,
3495,1005,filterLoc,,
3495,1008,filterLoc,,
3495,1011,filterLoc,,
3495,1014,filterLoc,,
3495,1017,filterLoc,,
3495,1020,filterLoc,,
3495,1023,filterLoc,,
3495,1026,filterLoc,,
3495,1029,filterLoc,,
3495,1032,filterLoc,,
3495,1035,filterLoc,,
3495,1038,filterLoc,,
3495,1041,filterLoc,,
3495,1044,filterLoc,,
3495,1047,filterLoc,,
3495,1050,filterLoc,,
3495,1053,filterLoc,,
3495,1056,filterLoc,,
3495,1059,filterLoc,,
3495,1062,filterLoc,,
3495,1065,filterLoc,,
3495,1068,filterLoc,,
3495,1071,filterLoc,,
3495,1074,filterLoc,,
3495,1077,filterLoc,,
3495,1080,filterLoc,,
3495,1083,filterLoc,,
3495,1086,filterLoc,,
3495,1089,filterLoc,,
3495,1092,filterLoc,,
3495,1095,filterLoc,,
3495,1098,filterLoc,,
3495,1101,filterLoc,,
3495,1104,filterLoc,,
3495,1107,filterLoc,,
3495,1110,filterLoc,,
3495,1113,filterLoc,,
3495,1116,filterLoc,,
3495,1119,filterLoc,,;Evacuee;182;in triage category;Y;is entering helicopter;5
3495,1122,filterLoc,,
3495,1125,filterLoc,,
3495,1128,filterLoc,,
3495,1135,filterLoc,,
3495,1138,filterLoc,,
3495,1141,filterLoc,,
3495,1144,filterLoc,,
3495,1147,filterLoc,,
3495,1150,filterLoc,,
3495,1153,filterLoc,,
3495,1156,filterLoc,,
3495,1159,filterLoc,,
3495,1162,filterLoc,,
3495,1165,filterLoc,,
3495,1168,filterLoc,,
3495,1175,filterLoc,,
3495,1178,filterLoc,,
3495,1181,filterLoc,,
3495,1184,filterLoc,,
3495,1187,filterLoc,,
3495,1190,filterLoc,,
3495,1193,filterLoc,,
3495,1196,filterLoc,,
3495,1199,filterLoc,,
3495,1202,filterLoc,,
3495,1205,filterLoc,,
3495,1208,filterLoc,,
3495,1211,filterLoc,,
3495,1214,filterLoc,,
3495,1217,filterLoc,,
3495,1220,filterLoc,,
3495,1223,filterLoc,,
3495,1226,filterLoc,,
3495,1229,filterLoc,,
3495,1232,filterLoc,,
3495,1235,filterLoc,,
3495,1238,filterLoc,,
3495,1241,filterLoc,,
3495,1244,filterLoc,,
3495,1247,filterLoc,,
3495,1250,filterLoc,,
3495,1253,filterLoc,,
3495,1256,filterLoc,,
3495,1259,filterLoc,,
3495,1262,filterLoc,,
3495,1265,filterLoc,,
3495,1268,filterLoc,,
3495,1271,filterLoc,,
3495,1274,filterLoc,,
3495,1277,filterLoc,,
3495,1280,filterLoc,,
3495,1283,filterLoc,,
3495,1286,filterLoc,,
3495,1289,filterLoc,,
3495,1292,filterLoc,,
3495,1295,filterLoc,,
3495,1298,filterLoc,,
3495,1301,filterLoc,,
3495,1304,filterLoc,,;Evacuee;230;in triage category;Y;is entering helicopter;5
3495,1307,filterLoc,,
3495,1310,filterLoc,,
3495,1313,filterLoc,,
3495,1316,filterLoc,,
3495,1319,filterLoc,,
3495,1322,filterLoc,,
3495,1325,filterLoc,,
3495,1328,filterLoc,,
3495,1331,filterLoc,,
3495,1334,filterLoc,,
3495,1337,filterLoc,,
3495,1340,filterLoc,,
3495,1343,filterLoc,,
3495,1346,filterLoc,,
3495,1349,filterLoc,,
3495,1352,filterLoc,,
3495,1355,filterLoc,,
3495,1358,filterLoc,,
3495,1361,filterLoc,,
3495,1364,filterLoc,,
3495,1367,filterLoc,,
3495,1370,filterLoc,,
3495,1373,filterLoc,,
3495,1376,filterLoc,,
3495,1379,filterLoc,,
3495,1382,filterLoc,,
3495,1385,filterLoc,,
3495,1388,filterLoc,,
3495,1391,filterLoc,,
3495,1394,filterLoc,,
3495,1397,filterLoc,,
3495,1400,filterLoc,,
3495,1403,filterLoc,,
3495,1406,filterLoc,,
3495,1409,filterLoc,,
3495,1412,filterLoc,,
3495,1415,filterLoc,,
3495,1418,filterLoc,,
3495,1421,filterLoc,,
3495,1424,filterLoc,,
3495,1427,filterLoc,,
3495,1430,filterLoc,,
3495,1433,filterLoc,,
3495,1436,filterLoc,,
3495,1439,filterLoc,,
3495,1442,filterLoc,,
3495,1445,filterLoc,,
3495,1448,filterLoc,,
3495,1451,filterLoc,,
3495,1454,filterLoc,,
3495,1457,filterLoc,,
3495,1460,filterLoc,,
3495,1463,filterLoc,,
3495,1466,filterLoc,,
3495,1469,filterLoc,,
3495,1472,filterLoc,,
3495,1475,filterLoc,,
3495,1478,filterLoc,,
3495,1481,filterLoc,,
3495,1484,filterLoc,,
3495,1487,filterLoc,,
3495,1490,filterLoc,,
3495,1493,filterLoc,,
3495,1496,filterLoc,,
3495,1499,filterLoc,,
3495,1502,filterLoc,,
3495,1505,filterLoc,,
3495,1508,filterLoc,,
3495,1511,filterLoc,,
3495,1514,filterLoc,,
3495,1517,filterLoc,,
3495,1520,filterLoc,,
3495,1523,filterLoc,,
3495,1526,filterLoc,,
3495,1529,filterLoc,,
3495,129,filterLoc,out,Evacuee 419 in triage category Y is assigned helicopter 5
3495,129,filterLoc,,
3495,130,evacuee,,Evacuee;419;in triage state;Y;is entering helicopter;5
3495,1119,filterLoc,out,Evacuee 182 in triage category Y is assigned helicopter 5
3495,1119,filterLoc,,
3495,1120,evacuee,,Evacuee;182;in triage state;Y;is entering helicopter;5
3495,1304,filterLoc,out,Evacuee 230 in triage category Y is assigned helicopter 5
3495,1304,filterLoc,,
3495,1305,evacuee,,Evacuee;230;in triage state;Y;is entering helicopter;5
3495,7,filterEvac,,
3495,107,filterEvac,,
3495,130,evacuee,outHelo,Evacuee 419 in triage category Y is assigned helicopter 5
3495,130,evacuee,,Evacuee;419;in triage state;Y;is in helicopter;5
3495,292,filterEvac,,
3495,572,filterEvac,,;Evacuee;182;in triage category;Y;is entering helicopter;5;Evacuee;230;in triage category;Y;is entering helicopter;5;Evacuee;419;in triage category;Y;is entering helicopter;5
3495,1120,evacuee,outHelo,Evacuee 182 in triage category Y is assigned helicopter 5
3495,1120,evacuee,,Evacuee;182;in triage state;Y;is in helicopter;5
3495,1131,filterEvac,,
3495,1171,filterEvac,,
3495,1305,evacuee,outHelo,Evacuee 230 in triage category Y is assigned helicopter 5
3495,1305,evacuee,,Evacuee;230;in triage state;Y;is in helicopter;5
3495,572,filterEvac,out,Evacuee 182 in triage category Y is assigned helicopter 5
3495,572,filterEvac,out,Evacuee 230 in triage category Y is assigned helicopter 5
3495,572,filterEvac,out,Evacuee 419 in triage category Y is assigned helicopter 5
3495,572,filterEvac,,
3495,574,helicopter,,Helicopter;5;is loading people at the evacuation site;;and has;9;spots taken
3510,4,helipadManager,outHelo,Helicopter 5 is evacuating people5
3510,4,helipadManager,,;No helos are at ES
3510,8,filterES,,
3510,11,filterLoc,,
3510,14,filterLoc,,
3510,17,filterLoc,,
3510,20,filterLoc,,
3510,23,filterLoc,,
3510,26,filterLoc,,
3510,29,filterLoc,,
3510,32,filterLoc,,
3510,35,filterLoc,,
3510,38,filterLoc,,
3510,41,filterLoc,,
3510,44,filterLoc,,
3510,47,filterLoc,,
3510,50,filterLoc,,
3510,53,filterLoc,,
3510,56,filterLoc,,
3510,59,filterLoc,,
3510,62,filterLoc,,
3510,65,filterLoc,,
3510,68,filterLoc,,
3510,71,filterLoc,,
3510,74,filterLoc,,
3510,77,filterLoc,,
3510,80,filterLoc,,
3510,83,filterLoc,,
3510,86,filterLoc,,
3510,89,filterLoc,,
3510,92,filterLoc,,
3510,95,filterLoc,,
3510,98,filterLoc,,
3510,101,filterLoc,,
3510,104,filterLoc,,
3510,108,filterES,,
3510,111,filterLoc,,
3510,114,filterLoc,,
3510,117,filterLoc,,
3510,120,filterLoc,,
3510,123,filterLoc,,
3510,126,filterLoc,,
3510,129,filterLoc,,
3510,132,filterLoc,,
3510,135,filterLoc,,
3510,138,filterLoc,,
3510,141,filterLoc,,
3510,144,filterLoc,,
3510,147,filterLoc,,
3510,150,filterLoc,,
3510,153,filterLoc,,
3510,156,filterLoc,,
3510,159,filterLoc,,
3510,162,filterLoc,,
3510,165,filterLoc,,
3510,168,filterLoc,,
3510,171,filterLoc,,
3510,174,filterLoc,,
3510,177,filterLoc,,
3510,180,filterLoc,,
3510,183,filterLoc,,
3510,186,filterLoc,,
3510,189,filterLoc,,
3510,192,filterLoc,,
3510,195,filterLoc,,
3510,198,filterLoc,,
3510,201,filterLoc,,
3510,204,filterLoc,,
3510,207,filterLoc,,
3510,210,filterLoc,,
3510,213,filterLoc,,
3510,216,filterLoc,,
3510,219,filterLoc,,
3510,222,filterLoc,,
3510,225,filterLoc,,
3510,229,filterLoc,,
3510,232,filterLoc,,
3510,235,filterLoc,,
3510,238,filterLoc,,
3510,241,filterLoc,,
3510,244,filterLoc,,
3510,247,filterLoc,,
3510,250,filterLoc,,
3510,253,filterLoc,,
3510,256,filterLoc,,
3510,259,filterLoc,,
3510,262,filterLoc,,
3510,265,filterLoc,,
3510,268,filterLoc,,
3510,271,filterLoc,,
3510,274,filterLoc,,
3510,277,filterLoc,,
3510,280,filterLoc,,
3510,283,filterLoc,,
3510,286,filterLoc,,
3510,289,filterLoc,,
3510,293,filterES,,
3510,296,filterLoc,,
3510,299,filterLoc,,
3510,302,filterLoc,,
3510,305,filterLoc,,
3510,308,filterLoc,,
3510,311,filterLoc,,
3510,314,filterLoc,,
3510,317,filterLoc,,
3510,320,filterLoc,,
3510,323,filterLoc,,
3510,326,filterLoc,,
3510,329,filterLoc,,
3510,332,filterLoc,,
3510,335,filterLoc,,
3510,338,filterLoc,,
3510,341,filterLoc,,
3510,344,filterLoc,,
3510,347,filterLoc,,
3510,350,filterLoc,,
3510,353,filterLoc,,
3510,356,filterLoc,,
3510,359,filterLoc,,
3510,362,filterLoc,,
3510,365,filterLoc,,
3510,368,filterLoc,,
3510,371,filterLoc,,
3510,374,filterLoc,,
3510,377,filterLoc,,
3510,380,filterLoc,,
3510,383,filterLoc,,
3510,386,filterLoc,,
3510,389,filterLoc,,
3510,392,filterLoc,,
3510,395,filterLoc,,
3510,398,filterLoc,,
3510,401,filterLoc,,
3510,404,filterLoc,,
3510,407,filterLoc,,
3510,410,filterLoc,,
3510,413,filterLoc,,
3510,416,filterLoc,,
3510,419,filterLoc,,
3510,422,filterLoc,,
3510,425,filterLoc,,
3510,428,filterLoc,,
3510,431,filterLoc,,
3510,434,filterLoc,,
3510,437,filterLoc,,
3510,440,filterLoc,,
3510,443,filterLoc,,
3510,446,filterLoc,,
3510,449,filterLoc,,
3510,452,filterLoc,,
3510,455,filterLoc,,
3510,458,filterLoc,,
3510,461,filterLoc,,
3510,464,filterLoc,,
3510,467,filterLoc,,
3510,470,filterLoc,,
3510,473,filterLoc,,
3510,476,filterLoc,,
3510,479,filterLoc,,
3510,482,filterLoc,,
3510,485,filterLoc,,
3510,488,filterLoc,,
3510,491,filterLoc,,
3510,494,filterLoc,,
3510,497,filterLoc,,
3510,500,filterLoc,,
3510,503,filterLoc,,
3510,506,filterLoc,,
3510,509,filterLoc,,
3510,512,filterLoc,,
3510,515,filterLoc,,
3510,518,filterLoc,,
3510,521,filterLoc,,
3510,524,filterLoc,,
3510,527,filterLoc,,
3510,530,filterLoc,,
3510,533,filterLoc,,
3510,536,filterLoc,,
3510,539,filterLoc,,
3510,542,filterLoc,,
3510,545,filterLoc,,
3510,548,filterLoc,,
3510,551,filterLoc,,
3510,554,filterLoc,,
3510,557,filterLoc,,
3510,560,filterLoc,,
3510,563,filterLoc,,
3510,566,filterLoc,,
3510,569,filterLoc,,
3510,573,filterES,,Helicopter;5;is evacuating people
3510,576,filterLoc,,
3510,579,filterLoc,,
3510,582,filterLoc,,
3510,585,filterLoc,,
3510,588,filterLoc,,
3510,591,filterLoc,,
3510,594,filterLoc,,
3510,597,filterLoc,,
3510,600,filterLoc,,
3510,603,filterLoc,,
3510,606,filterLoc,,
3510,609,filterLoc,,
3510,612,filterLoc,,
3510,615,filterLoc,,
3510,618,filterLoc,,
3510,621,filterLoc,,
3510,624,filterLoc,,
3510,627,filterLoc,,
3510,630,filterLoc,,
3510,633,filterLoc,,
3510,636,filterLoc,,
3510,639,filterLoc,,
3510,642,filterLoc,,
3510,645,filterLoc,,
3510,648,filterLoc,,
3510,651,filterLoc,,;Evacuee;444;in triage category;R;is leaving helicopter;1
3510,654,filterLoc,,
3510,657,filterLoc,,
3510,660,filterLoc,,
3510,663,filterLoc,,
3510,666,filterLoc,,
3510,669,filterLoc,,
3510,672,filterLoc,,
3510,675,filterLoc,,
3510,678,filterLoc,,
3510,681,filterLoc,,
3510,684,filterLoc,,
3510,687,filterLoc,,
3510,690,filterLoc,,
3510,693,filterLoc,,
3510,696,filterLoc,,
3510,699,filterLoc,,
3510,702,filterLoc,,
3510,705,filterLoc,,
3510,708,filterLoc,,
3510,711,filterLoc,,
3510,714,filterLoc,,
3510,717,filterLoc,,
3510,720,filterLoc,,
3510,723,filterLoc,,
3510,726,filterLoc,,
3510,729,filterLoc,,
3510,732,filterLoc,,
3510,735,filterLoc,,
3510,738,filterLoc,,
3510,741,filterLoc,,
3510,744,filterLoc,,
3510,747,filterLoc,,
3510,750,filterLoc,,
3510,753,filterLoc,,
3510,756,filterLoc,,
3510,759,filterLoc,,
3510,762,filterLoc,,
3510,765,filterLoc,,
3510,768,filterLoc,,
3510,771,filterLoc,,
3510,774,filterLoc,,
3510,777,filterLoc,,
3510,780,filterLoc,,
3510,783,filterLoc,,
3510,786,filterLoc,,
3510,789,filterLoc,,
3510,792,filterLoc,,
3510,795,filterLoc,,
3510,798,filterLoc,,
3510,801,filterLoc,,
3510,804,filterLoc,,
3510,807,filterLoc,,
3510,810,filterLoc,,
3510,813,filterLoc,,
3510,816,filterLoc,,
3510,819,filterLoc,,
3510,822,filterLoc,,
3510,825,filterLoc,,
3510,828,filterLoc,,
3510,831,filterLoc,,
3510,834,filterLoc,,
3510,837,filterLoc,,
3510,840,filterLoc,,
3510,843,filterLoc,,
3510,846,filterLoc,,
3510,849,filterLoc,,
3510,852,filterLoc,,
3510,855,filterLoc,,
3510,858,filterLoc,,;Evacuee;394;in triage category;R;is leaving helicopter;1
3510,861,filterLoc,,
3510,864,filterLoc,,
3510,867,filterLoc,,
3510,870,filterLoc,,
3510,873,filterLoc,,
3510,876,filterLoc,,
3510,879,filterLoc,,
3510,882,filterLoc,,
3510,885,filterLoc,,
3510,888,filterLoc,,
3510,891,filterLoc,,
3510,894,filterLoc,,
3510,897,filterLoc,,
3510,900,filterLoc,,
3510,903,filterLoc,,
3510,906,filterLoc,,
3510,909,filterLoc,,
3510,912,filterLoc,,
3510,915,filterLoc,,
3510,918,filterLoc,,
3510,921,filterLoc,,
3510,924,filterLoc,,
3510,927,filterLoc,,;Evacuee;359;in triage category;R;is leaving helicopter;1
3510,930,filterLoc,,
3510,933,filterLoc,,
3510,936,filterLoc,,
3510,939,filterLoc,,
3510,942,filterLoc,,
3510,945,filterLoc,,
3510,948,filterLoc,,
3510,951,filterLoc,,
3510,954,filterLoc,,
3510,957,filterLoc,,
3510,960,filterLoc,,
3510,963,filterLoc,,
3510,966,filterLoc,,
3510,969,filterLoc,,
3510,972,filterLoc,,
3510,975,filterLoc,,
3510,978,filterLoc,,
3510,981,filterLoc,,
3510,984,filterLoc,,
3510,987,filterLoc,,
3510,990,filterLoc,,
3510,993,filterLoc,,
3510,996,filterLoc,,
3510,999,filterLoc,,
3510,1002,filterLoc,,
3510,1005,filterLoc,,
3510,1008,filterLoc,,
3510,1011,filterLoc,,
3510,1014,filterLoc,,
3510,1017,filterLoc,,
3510,1020,filterLoc,,
3510,1023,filterLoc,,
3510,1026,filterLoc,,
3510,1029,filterLoc,,
3510,1032,filterLoc,,
3510,1035,filterLoc,,
3510,1038,filterLoc,,
3510,1041,filterLoc,,
3510,1044,filterLoc,,
3510,1047,filterLoc,,
3510,1050,filterLoc,,
3510,1053,filterLoc,,
3510,1056,filterLoc,,
3510,1059,filterLoc,,
3510,1062,filterLoc,,
3510,1065,filterLoc,,
3510,1068,filterLoc,,
3510,1071,filterLoc,,
3510,1074,filterLoc,,
3510,1077,filterLoc,,
3510,1080,filterLoc,,
3510,1083,filterLoc,,
3510,1086,filterLoc,,
3510,1089,filterLoc,,
3510,1092,filterLoc,,
3510,1095,filterLoc,,
3510,1098,filterLoc,,
3510,1101,filterLoc,,
3510,1104,filterLoc,,
3510,1107,filterLoc,,
3510,1110,filterLoc,,
3510,1113,filterLoc,,
3510,1116,filterLoc,,
3510,1119,filterLoc,,
3510,1122,filterLoc,,
3510,1125,filterLoc,,
3510,1128,filterLoc,,
3510,1132,filterES,,
3510,1135,filterLoc,,
3510,1138,filterLoc,,
3510,1141,filterLoc,,
3510,1144,filterLoc,,
3510,1147,filterLoc,,
3510,1150,filterLoc,,
3510,1153,filterLoc,,
3510,1156,filterLoc,,
3510,1159,filterLoc,,
3510,1162,filterLoc,,
3510,1165,filterLoc,,
3510,1168,filterLoc,,
3510,1172,filterES,,
3510,1173,helicopter,outEvac,Evacuee 359 in triage category R is not assigned a helicopter
3510,1173,helicopter,outEvac,Evacuee 394 in triage category R is not assigned a helicopter
3510,1173,helicopter,outEvac,Evacuee 444 in triage category R is not assigned a helicopter
3510,1173,helicopter,,Helicopter;1;is unloading people at the FOL;;and has;0;spots taken
3510,1175,filterLoc,,
3510,1178,filterLoc,,
3510,1181,filterLoc,,
3510,1184,filterLoc,,
3510,1187,filterLoc,,
3510,1190,filterLoc,,
3510,1193,filterLoc,,
3510,1196,filterLoc,,
3510,1199,filterLoc,,
3510,1202,filterLoc,,
3510,1205,filterLoc,,
3510,1208,filterLoc,,
3510,1211,filterLoc,,
3510,1214,filterLoc,,
3510,1217,filterLoc,,
3510,1220,filterLoc,,
3510,1223,filterLoc,,
3510,1226,filterLoc,,
3510,1229,filterLoc,,
3510,1232,filterLoc,,
3510,1235,filterLoc,,
3510,1238,filterLoc,,
3510,1241,filterLoc,,
3510,1244,filterLoc,,
3510,1247,filterLoc,,
3510,1250,filterLoc,,
3510,1253,filterLoc,,
3510,1256,filterLoc,,
3510,1259,filterLoc,,
3510,1262,filterLoc,,
3510,1265,filterLoc,,
3510,1268,filterLoc,,
3510,1271,filterLoc,,
3510,1274,filterLoc,,
3510,1277,filterLoc,,
3510,1280,filterLoc,,
3510,1283,filterLoc,,
3510,1286,filterLoc,,
3510,1289,filterLoc,,
3510,1292,filterLoc,,
3510,1295,filterLoc,,
3510,1298,filterLoc,,
3510,1301,filterLoc,,
3510,1304,filterLoc,,
3510,1307,filterLoc,,
3510,1310,filterLoc,,
3510,1313,filterLoc,,
3510,1316,filterLoc,,
3510,1319,filterLoc,,
3510,1322,filterLoc,,
3510,1325,filterLoc,,
3510,1328,filterLoc,,
3510,1331,filterLoc,,
3510,1334,filterLoc,,
3510,1337,filterLoc,,
3510,1340,filterLoc,,
3510,1343,filterLoc,,
3510,1346,filterLoc,,
3510,1349,filterLoc,,
3510,1352,filterLoc,,
3510,1355,filterLoc,,
3510,1358,filterLoc,,
3510,1361,filterLoc,,
3510,1364,filterLoc,,
3510,1367,filterLoc,,
3510,1370,filterLoc,,
3510,1373,filterLoc,,
3510,1376,filterLoc,,
3510,1379,filterLoc,,
3510,1382,filterLoc,,
3510,1385,filterLoc,,
3510,1388,filterLoc,,
3510,1391,filterLoc,,
3510,1394,filterLoc,,
3510,1397,filterLoc,,
3510,1400,filterLoc,,
3510,1403,filterLoc,,
3510,1406,filterLoc,,
3510,1409,filterLoc,,
3510,1412,filterLoc,,
3510,1415,filterLoc,,
3510,1418,filterLoc,,
3510,1421,filterLoc,,
3510,1424,filterLoc,,
3510,1427,filterLoc,,
3510,1430,filterLoc,,
3510,1433,filterLoc,,
3510,1436,filterLoc,,
3510,1439,filterLoc,,
3510,1442,filterLoc,,
3510,1445,filterLoc,,
3510,1448,filterLoc,,
3510,1451,filterLoc,,
3510,1454,filterLoc,,
3510,1457,filterLoc,,
3510,1460,filterLoc,,
3510,1463,filterLoc,,
3510,1466,filterLoc,,
3510,1469,filterLoc,,
3510,1472,filterLoc,,
3510,1475,filterLoc,,
3510,1478,filterLoc,,
3510,1481,filterLoc,,
3510,1484,filterLoc,,
3510,1487,filterLoc,,
3510,1490,filterLoc,,
3510,1493,filterLoc,,
3510,1496,filterLoc,,
3510,1499,filterLoc,,
3510,1502,filterLoc,,
3510,1505,filterLoc,,
3510,1508,filterLoc,,
3510,1511,filterLoc,,
3510,1514,filterLoc,,
3510,1517,filterLoc,,
3510,1520,filterLoc,,
3510,1523,filterLoc,,
3510,1526,filterLoc,,
3510,1529,filterLoc,,
3510,4,helipadManager,outHQ,0
3510,4,helipadManager,,;No helos are at ES
3510,5,helicopterQueue,,;No helos are waiting to land
3510,573,filterES,out,Helicopter 5 is evacuating people5
3510,573,filterES,,
3510,574,helicopter,,Helicopter;5;is loading people at the evacuation site;;and has;9;spots taken
3510,651,filterLoc,out,Evacuee 444 in triage category R is not assigned a helicopter
3510,651,filterLoc,,
3510,652,evacuee,,Evacuee;444;in triage state;R;is entering the FOL
3510,858,filterLoc,out,Evacuee 394 in triage category R is not assigned a helicopter
3510,858,filterLoc,,
3510,859,evacuee,,Evacuee;394;in triage state;R;is entering the FOL
3510,927,filterLoc,out,Evacuee 359 in triage category R is not assigned a helicopter
3510,927,filterLoc,,
3510,928,evacuee,,Evacuee;359;in triage state;R;is entering the FOL
3510,5,helicopterQueue,,;No helos are waiting to land
3510,227,FOL,,;EvacueeID;4;Triage Status;G;EvacueeID;7;Triage Status;G;EvacueeID;10;Triage Status;G;EvacueeID;11;Triage Status;G;EvacueeID;13;Triage Status;G;EvacueeID;14;Triage Status;G;EvacueeID;15;Triage Status;G;EvacueeID;17;Triage Status;G;EvacueeID;18;Triage Status;G;EvacueeID;19;Triage Status;G;EvacueeID;23;Triage Status;G;EvacueeID;24;Triage Status;G;EvacueeID;26;Triage Status;G;EvacueeID;28;Triage Status;G;EvacueeID;29;Triage Status;G;EvacueeID;32;Triage Status;G;EvacueeID;37;Triage Status;G;EvacueeID;45;Triage Status;G;EvacueeID;48;Triage Status;G;EvacueeID;50;Triage Status;G;EvacueeID;54;Triage Status;G;EvacueeID;55;Triage Status;G;EvacueeID;58;Triage Status;G;EvacueeID;60;Triage Status;G;EvacueeID;65;Triage Status;G;EvacueeID;67;Triage Status;G;EvacueeID;73;Triage Status;G;EvacueeID;75;Triage Status;G;EvacueeID;77;Triage Status;G;EvacueeID;78;Triage Status;G;EvacueeID;82;Triage Status;G;EvacueeID;85;Triage Status;G;EvacueeID;95;Triage Status;G;EvacueeID;98;Triage Status;G;EvacueeID;99;Triage Status;G;EvacueeID;100;Triage Status;G;EvacueeID;101;Triage Status;G;EvacueeID;109;Triage Status;G;EvacueeID;112;Triage Status;G;EvacueeID;114;Triage Status;G;EvacueeID;123;Triage Status;G;EvacueeID;125;Triage Status;G;EvacueeID;126;Triage Status;G;EvacueeID;142;Triage Status;G;EvacueeID;144;Triage Status;G;EvacueeID;147;Triage Status;G;EvacueeID;153;Triage Status;G;EvacueeID;156;Triage Status;G;EvacueeID;158;Triage Status;G;EvacueeID;159;Triage Status;G;EvacueeID;161;Triage Status;G;EvacueeID;174;Triage Status;G;EvacueeID;177;Triage Status;G;EvacueeID;179;Triage Status;G;EvacueeID;181;Triage Status;G;EvacueeID;183;Triage Status;G;EvacueeID;184;Triage Status;G;EvacueeID;187;Triage Status;G;EvacueeID;190;Triage Status;G;EvacueeID;200;Triage Status;G;EvacueeID;201;Triage Status;G;EvacueeID;202;Triage Status;G;EvacueeID;203;Triage Status;G;EvacueeID;204;Triage Status;G;EvacueeID;205;Triage Status;G;EvacueeID;209;Triage Status;G;EvacueeID;212;Triage Status;G;EvacueeID;213;Triage Status;G;EvacueeID;215;Triage Status;G;EvacueeID;220;Triage Status;G;EvacueeID;226;Triage Status;G;EvacueeID;227;Triage Status;G;EvacueeID;232;Triage Status;G;EvacueeID;233;Triage Status;G;EvacueeID;234;Triage Status;G;EvacueeID;236;Triage Status;G;EvacueeID;241;Triage Status;G;EvacueeID;246;Triage Status;G;EvacueeID;255;Triage Status;G;EvacueeID;259;Triage Status;G;EvacueeID;260;Triage Status;G;EvacueeID;262;Triage Status;G;EvacueeID;263;Triage Status;G;EvacueeID;264;Triage Status;G;EvacueeID;267;Triage Status;G;EvacueeID;268;Triage Status;G;EvacueeID;270;Triage Status;G;EvacueeID;272;Triage Status;G;EvacueeID;275;Triage Status;G;EvacueeID;288;Triage Status;G;EvacueeID;290;Triage Status;G;EvacueeID;291;Triage Status;G;EvacueeID;292;Triage Status;G;EvacueeID;299;Triage Status;G;EvacueeID;300;Triage Status;G;EvacueeID;302;Triage Status;G;EvacueeID;322;Triage Status;G;EvacueeID;323;Triage Status;G;EvacueeID;324;Triage Status;G;EvacueeID;325;Triage Status;G;EvacueeID;326;Triage Status;G;EvacueeID;327;Triage Status;G;EvacueeID;343;Triage Status;G;EvacueeID;344;Triage Status;G;EvacueeID;345;Triage Status;G;EvacueeID;350;Triage Status;G;EvacueeID;355;Triage Status;G;EvacueeID;356;Triage Status;G;EvacueeID;361;Triage Status;G;EvacueeID;362;Triage Status;G;EvacueeID;365;Triage Status;G;EvacueeID;366;Triage Status;G;EvacueeID;368;Triage Status;G;EvacueeID;369;Triage Status;G;EvacueeID;370;Triage Status;G;EvacueeID;371;Triage Status;G;EvacueeID;372;Triage Status;G;EvacueeID;385;Triage Status;G;EvacueeID;387;Triage Status;G;EvacueeID;388;Triage Status;G;EvacueeID;390;Triage Status;G;EvacueeID;391;Triage Status;G;EvacueeID;396;Triage Status;G;EvacueeID;397;Triage Status;G;EvacueeID;398;Triage Status;G;EvacueeID;400;Triage Status;G;EvacueeID;401;Triage Status;G;EvacueeID;403;Triage Status;G;EvacueeID;404;Triage Status;G;EvacueeID;410;Triage Status;G;EvacueeID;413;Triage Status;G;EvacueeID;416;Triage Status;G;EvacueeID;418;Triage Status;G;EvacueeID;435;Triage Status;G;EvacueeID;441;Triage Status;G;EvacueeID;442;Triage Status;G;EvacueeID;445;Triage Status;G;EvacueeID;447;Triage Status;G;EvacueeID;448;Triage Status;G;EvacueeID;452;Triage Status;G;EvacueeID;455;Triage Status;G;EvacueeID;456;Triage Status;G;EvacueeID;457;Triage Status;G;EvacueeID;458;Triage Status;G;EvacueeID;464;Triage Status;G;EvacueeID;465;Triage Status;G;EvacueeID;466;Triage Status;G;EvacueeID;469;Triage Status;G;EvacueeID;470;Triage Status;G;EvacueeID;474;Triage Status;G;EvacueeID;359;Triage Status;R;EvacueeID;394;Triage Status;R;EvacueeID;444;Triage Status;R;Lives Saved;153
3510,574,helicopter,,Helicopter;5;is returning to the FOL;;and has;9;spots taken
3510,652,evacuee,outFOL,Evacuee 444 in triage category R is not assigned a helicopter
3510,652,evacuee,,Evacuee;444;in triage state;R;is at the FOL
3510,859,evacuee,outFOL,Evacuee 394 in triage category R is not assigned a helicopter
3510,859,evacuee,,Evacuee;394;in triage state;R;is at the FOL
3510,928,evacuee,outFOL,Evacuee 359 in triage category R is not assigned a helicopter
3510,928,evacuee,,Evacuee;359;in triage state;R;is at the FOL
3510,227,FOL,,;EvacueeID;4;Triage Status;G;EvacueeID;7;Triage Status;G;EvacueeID;10;Triage Status;G;EvacueeID;11;Triage Status;G;EvacueeID;13;Triage Status;G;EvacueeID;14;Triage Status;G;EvacueeID;15;Triage Status;G;EvacueeID;17;Triage Status;G;EvacueeID;18;Triage Status;G;EvacueeID;19;Triage Status;G;EvacueeID;23;Triage Status;G;EvacueeID;24;Triage Status;G;EvacueeID;26;Triage Status;G;EvacueeID;28;Triage Status;G;EvacueeID;29;Triage Status;G;EvacueeID;32;Triage Status;G;EvacueeID;37;Triage Status;G;EvacueeID;45;Triage Status;G;EvacueeID;48;Triage Status;G;EvacueeID;50;Triage Status;G;EvacueeID;54;Triage Status;G;EvacueeID;55;Triage Status;G;EvacueeID;58;Triage Status;G;EvacueeID;60;Triage Status;G;EvacueeID;65;Triage Status;G;EvacueeID;67;Triage Status;G;EvacueeID;73;Triage Status;G;EvacueeID;75;Triage Status;G;EvacueeID;77;Triage Status;G;EvacueeID;78;Triage Status;G;EvacueeID;82;Triage Status;G;EvacueeID;85;Triage Status;G;EvacueeID;95;Triage Status;G;EvacueeID;98;Triage Status;G;EvacueeID;99;Triage Status;G;EvacueeID;100;Triage Status;G;EvacueeID;101;Triage Status;G;EvacueeID;109;Triage Status;G;EvacueeID;112;Triage Status;G;EvacueeID;114;Triage Status;G;EvacueeID;123;Triage Status;G;EvacueeID;125;Triage Status;G;EvacueeID;126;Triage Status;G;EvacueeID;142;Triage Status;G;EvacueeID;144;Triage Status;G;EvacueeID;147;Triage Status;G;EvacueeID;153;Triage Status;G;EvacueeID;156;Triage Status;G;EvacueeID;158;Triage Status;G;EvacueeID;159;Triage Status;G;EvacueeID;161;Triage Status;G;EvacueeID;174;Triage Status;G;EvacueeID;177;Triage Status;G;EvacueeID;179;Triage Status;G;EvacueeID;181;Triage Status;G;EvacueeID;183;Triage Status;G;EvacueeID;184;Triage Status;G;EvacueeID;187;Triage Status;G;EvacueeID;190;Triage Status;G;EvacueeID;200;Triage Status;G;EvacueeID;201;Triage Status;G;EvacueeID;202;Triage Status;G;EvacueeID;203;Triage Status;G;EvacueeID;204;Triage Status;G;EvacueeID;205;Triage Status;G;EvacueeID;209;Triage Status;G;EvacueeID;212;Triage Status;G;EvacueeID;213;Triage Status;G;EvacueeID;215;Triage Status;G;EvacueeID;220;Triage Status;G;EvacueeID;226;Triage Status;G;EvacueeID;227;Triage Status;G;EvacueeID;232;Triage Status;G;EvacueeID;233;Triage Status;G;EvacueeID;234;Triage Status;G;EvacueeID;236;Triage Status;G;EvacueeID;241;Triage Status;G;EvacueeID;246;Triage Status;G;EvacueeID;255;Triage Status;G;EvacueeID;259;Triage Status;G;EvacueeID;260;Triage Status;G;EvacueeID;262;Triage Status;G;EvacueeID;263;Triage Status;G;EvacueeID;264;Triage Status;G;EvacueeID;267;Triage Status;G;EvacueeID;268;Triage Status;G;EvacueeID;270;Triage Status;G;EvacueeID;272;Triage Status;G;EvacueeID;275;Triage Status;G;EvacueeID;288;Triage Status;G;EvacueeID;290;Triage Status;G;EvacueeID;291;Triage Status;G;EvacueeID;292;Triage Status;G;EvacueeID;299;Triage Status;G;EvacueeID;300;Triage Status;G;EvacueeID;302;Triage Status;G;EvacueeID;322;Triage Status;G;EvacueeID;323;Triage Status;G;EvacueeID;324;Triage Status;G;EvacueeID;325;Triage Status;G;EvacueeID;326;Triage Status;G;EvacueeID;327;Triage Status;G;EvacueeID;343;Triage Status;G;EvacueeID;344;Triage Status;G;EvacueeID;345;Triage Status;G;EvacueeID;350;Triage Status;G;EvacueeID;355;Triage Status;G;EvacueeID;356;Triage Status;G;EvacueeID;361;Triage Status;G;EvacueeID;362;Triage Status;G;EvacueeID;365;Triage Status;G;EvacueeID;366;Triage Status;G;EvacueeID;368;Triage Status;G;EvacueeID;369;Triage Status;G;EvacueeID;370;Triage Status;G;EvacueeID;371;Triage Status;G;EvacueeID;372;Triage Status;G;EvacueeID;385;Triage Status;G;EvacueeID;387;Triage Status;G;EvacueeID;388;Triage Status;G;EvacueeID;390;Triage Status;G;EvacueeID;391;Triage Status;G;EvacueeID;396;Triage Status;G;EvacueeID;397;Triage Status;G;EvacueeID;398;Triage Status;G;EvacueeID;400;Triage Status;G;EvacueeID;401;Triage Status;G;EvacueeID;403;Triage Status;G;EvacueeID;404;Triage Status;G;EvacueeID;410;Triage Status;G;EvacueeID;413;Triage Status;G;EvacueeID;416;Triage Status;G;EvacueeID;418;Triage Status;G;EvacueeID;435;Triage Status;G;EvacueeID;441;Triage Status;G;EvacueeID;442;Triage Status;G;EvacueeID;445;Triage Status;G;EvacueeID;447;Triage Status;G;EvacueeID;448;Triage Status;G;EvacueeID;452;Triage Status;G;EvacueeID;455;Triage Status;G;EvacueeID;456;Triage Status;G;EvacueeID;457;Triage Status;G;EvacueeID;458;Triage Status;G;EvacueeID;464;Triage Status;G;EvacueeID;465;Triage Status;G;EvacueeID;466;Triage Status;G;EvacueeID;469;Triage Status;G;EvacueeID;470;Triage Status;G;EvacueeID;474;Triage Status;G;EvacueeID;359;Triage Status;R;EvacueeID;394;Triage Status;R;EvacueeID;444;Triage Status;R;Lives Saved;153
3525,11,filterLoc,,
3525,14,filterLoc,,
3525,17,filterLoc,,
3525,20,filterLoc,,
3525,23,filterLoc,,
3525,26,filterLoc,,
3525,29,filterLoc,,
3525,32,filterLoc,,
3525,35,filterLoc,,
3525,38,filterLoc,,
3525,41,filterLoc,,
3525,44,filterLoc,,
3525,47,filterLoc,,
3525,50,filterLoc,,
3525,53,filterLoc,,
3525,56,filterLoc,,
3525,59,filterLoc,,
3525,62,filterLoc,,
3525,65,filterLoc,,
3525,68,filterLoc,,
3525,71,filterLoc,,
3525,74,filterLoc,,
3525,77,filterLoc,,
3525,80,filterLoc,,
3525,83,filterLoc,,
3525,86,filterLoc,,
3525,89,filterLoc,,
3525,92,filterLoc,,
3525,95,filterLoc,,
3525,98,filterLoc,,
3525,101,filterLoc,,
3525,104,filterLoc,,
3525,111,filterLoc,,
3525,114,filterLoc,,
3525,117,filterLoc,,
3525,120,filterLoc,,
3525,123,filterLoc,,
3525,126,filterLoc,,
3525,129,filterLoc,,
3525,132,filterLoc,,
3525,135,filterLoc,,
3525,138,filterLoc,,
3525,141,filterLoc,,
3525,144,filterLoc,,
3525,147,filterLoc,,
3525,150,filterLoc,,
3525,153,filterLoc,,
3525,156,filterLoc,,
3525,159,filterLoc,,
3525,162,filterLoc,,
3525,165,filterLoc,,
3525,168,filterLoc,,
3525,171,filterLoc,,
3525,174,filterLoc,,
3525,177,filterLoc,,
3525,180,filterLoc,,
3525,183,filterLoc,,
3525,186,filterLoc,,
3525,189,filterLoc,,
3525,192,filterLoc,,
3525,195,filterLoc,,
3525,198,filterLoc,,
3525,201,filterLoc,,
3525,204,filterLoc,,
3525,207,filterLoc,,
3525,210,filterLoc,,
3525,213,filterLoc,,
3525,216,filterLoc,,
3525,219,filterLoc,,;Evacuee;374;in triage category;R;is leaving helicopter;4
3525,222,filterLoc,,
3525,225,filterLoc,,
3525,229,filterLoc,,
3525,232,filterLoc,,
3525,235,filterLoc,,
3525,238,filterLoc,,
3525,241,filterLoc,,
3525,244,filterLoc,,
3525,247,filterLoc,,
3525,250,filterLoc,,
3525,253,filterLoc,,
3525,256,filterLoc,,
3525,259,filterLoc,,
3525,262,filterLoc,,
3525,265,filterLoc,,
3525,268,filterLoc,,
3525,271,filterLoc,,
3525,274,filterLoc,,
3525,277,filterLoc,,
3525,280,filterLoc,,
3525,283,filterLoc,,
3525,286,filterLoc,,
3525,289,filterLoc,,
3525,294,helicopter,outEvac,Evacuee 293 in triage category R is not assigned a helicopter
3525,294,helicopter,outEvac,Evacuee 307 in triage category R is not assigned a helicopter
3525,294,helicopter,outEvac,Evacuee 374 in triage category R is not assigned a helicopter
3525,294,helicopter,,Helicopter;4;is unloading people at the FOL;;and has;0;spots taken
3525,296,filterLoc,,
3525,299,filterLoc,,
3525,302,filterLoc,,
3525,305,filterLoc,,
3525,308,filterLoc,,
3525,311,filterLoc,,
3525,314,filterLoc,,
3525,317,filterLoc,,
3525,320,filterLoc,,
3525,323,filterLoc,,
3525,326,filterLoc,,
3525,329,filterLoc,,
3525,332,filterLoc,,
3525,335,filterLoc,,
3525,338,filterLoc,,
3525,341,filterLoc,,
3525,344,filterLoc,,
3525,347,filterLoc,,
3525,350,filterLoc,,
3525,353,filterLoc,,
3525,356,filterLoc,,
3525,359,filterLoc,,
3525,362,filterLoc,,
3525,365,filterLoc,,
3525,368,filterLoc,,;Evacuee;293;in triage category;R;is leaving helicopter;4
3525,371,filterLoc,,
3525,374,filterLoc,,
3525,377,filterLoc,,
3525,380,filterLoc,,
3525,383,filterLoc,,
3525,386,filterLoc,,
3525,389,filterLoc,,
3525,392,filterLoc,,
3525,395,filterLoc,,
3525,398,filterLoc,,
3525,401,filterLoc,,
3525,404,filterLoc,,
3525,407,filterLoc,,
3525,410,filterLoc,,
3525,413,filterLoc,,
3525,416,filterLoc,,
3525,419,filterLoc,,
3525,422,filterLoc,,
3525,425,filterLoc,,
3525,428,filterLoc,,
3525,431,filterLoc,,
3525,434,filterLoc,,
3525,437,filterLoc,,
3525,440,filterLoc,,
3525,443,filterLoc,,
3525,446,filterLoc,,
3525,449,filterLoc,,
3525,452,filterLoc,,
3525,455,filterLoc,,
3525,458,filterLoc,,
3525,461,filterLoc,,
3525,464,filterLoc,,
3525,467,filterLoc,,
3525,470,filterLoc,,
3525,473,filterLoc,,
3525,476,filterLoc,,
3525,479,filterLoc,,
3525,482,filterLoc,,
3525,485,filterLoc,,
3525,488,filterLoc,,
3525,491,filterLoc,,
3525,494,filterLoc,,
3525,497,filterLoc,,
3525,500,filterLoc,,
3525,503,filterLoc,,
3525,506,filterLoc,,
3525,509,filterLoc,,
3525,512,filterLoc,,
3525,515,filterLoc,,
3525,518,filterLoc,,
3525,521,filterLoc,,
3525,524,filterLoc,,
3525,527,filterLoc,,
3525,530,filterLoc,,
3525,533,filterLoc,,
3525,536,filterLoc,,
3525,539,filterLoc,,
3525,542,filterLoc,,
3525,545,filterLoc,,
3525,548,filterLoc,,
3525,551,filterLoc,,
3525,554,filterLoc,,
3525,557,filterLoc,,
3525,560,filterLoc,,
3525,563,filterLoc,,
3525,566,filterLoc,,
3525,569,filterLoc,,
3525,576,filterLoc,,
3525,579,filterLoc,,
3525,582,filterLoc,,
3525,585,filterLoc,,
3525,588,filterLoc,,
3525,591,filterLoc,,
3525,594,filterLoc,,
3525,597,filterLoc,,
3525,600,filterLoc,,
3525,603,filterLoc,,
3525,606,filterLoc,,
3525,609,filterLoc,,
3525,612,filterLoc,,
3525,615,filterLoc,,
3525,618,filterLoc,,
3525,621,filterLoc,,
3525,624,filterLoc,,
3525,627,filterLoc,,
3525,630,filterLoc,,
3525,633,filterLoc,,
3525,636,filterLoc,,
3525,639,filterLoc,,
3525,642,filterLoc,,
3525,645,filterLoc,,
3525,648,filterLoc,,
3525,651,filterLoc,,
3525,654,filterLoc,,
3525,657,filterLoc,,
3525,660,filterLoc,,
3525,663,filterLoc,,
3525,666,filterLoc,,
3525,669,filterLoc,,
3525,672,filterLoc,,
3525,675,filterLoc,,
3525,678,filterLoc,,
3525,681,filterLoc,,
3525,684,filterLoc,,
3525,687,filterLoc,,
3525,690,filterLoc,,
3525,693,filterLoc,,
3525,696,filterLoc,,
3525,699,filterLoc,,
3525,702,filterLoc,,
3525,705,filterLoc,,
3525,708,filterLoc,,
3525,711,filterLoc,,
3525,714,filterLoc,,
3525,717,filterLoc,,
3525,720,filterLoc,,
3525,723,filterLoc,,
3525,726,filterLoc,,
3525,729,filterLoc,,
3525,732,filterLoc,,
3525,735,filterLoc,,
3525,738,filterLoc,,
3525,741,filterLoc,,
3525,744,filterLoc,,
3525,747,filterLoc,,
3525,750,filterLoc,,
3525,753,filterLoc,,
3525,756,filterLoc,,
3525,759,filterLoc,,
3525,762,filterLoc,,
3525,765,filterLoc,,
3525,768,filterLoc,,
3525,771,filterLoc,,
3525,774,filterLoc,,
3525,777,filterLoc,,
3525,780,filterLoc,,
3525,783,filterLoc,,
3525,786,filterLoc,,
3525,789,filterLoc,,
3525,792,filterLoc,,
3525,795,filterLoc,,
3525,798,filterLoc,,
3525,801,filterLoc,,
3525,804,filterLoc,,
3525,807,filterLoc,,
3525,810,filterLoc,,
3525,813,filterLoc,,
3525,816,filterLoc,,
3525,819,filterLoc,,
3525,822,filterLoc,,
3525,825,filterLoc,,
3525,828,filterLoc,,
3525,831,filterLoc,,
3525,834,filterLoc,,
3525,837,filterLoc,,
3525,840,filterLoc,,
3525,843,filterLoc,,
3525,846,filterLoc,,
3525,849,filterLoc,,
3525,852,filterLoc,,
3525,855,filterLoc,,
3525,858,filterLoc,,
3525,861,filterLoc,,
3525,864,filterLoc,,
3525,867,filterLoc,,
3525,870,filterLoc,,
3525,873,filterLoc,,
3525,876,filterLoc,,
3525,879,filterLoc,,
3525,882,filterLoc,,
3525,885,filterLoc,,
3525,888,filterLoc,,
3525,891,filterLoc,,
3525,894,filterLoc,,
3525,897,filterLoc,,
3525,900,filterLoc,,
3525,903,filterLoc,,
3525,906,filterLoc,,
3525,909,filterLoc,,
3525,912,filterLoc,,
3525,915,filterLoc,,
3525,918,filterLoc,,
3525,921,filterLoc,,
3525,924,filterLoc,,
3525,927,filterLoc,,
3525,930,filterLoc,,
3525,933,filterLoc,,
3525,936,filterLoc,,
3525,939,filterLoc,,
3525,942,filterLoc,,
3525,945,filterLoc,,
3525,948,filterLoc,,
3525,951,filterLoc,,
3525,954,filterLoc,,
3525,957,filterLoc,,
3525,960,filterLoc,,
3525,963,filterLoc,,
3525,966,filterLoc,,
3525,969,filterLoc,,
3525,972,filterLoc,,
3525,975,filterLoc,,
3525,978,filterLoc,,
3525,981,filterLoc,,
3525,984,filterLoc,,
3525,987,filterLoc,,
3525,990,filterLoc,,
3525,993,filterLoc,,
3525,996,filterLoc,,
3525,999,filterLoc,,
3525,1002,filterLoc,,
3525,1005,filterLoc,,
3525,1008,filterLoc,,
3525,1011,filterLoc,,
3525,1014,filterLoc,,
3525,1017,filterLoc,,
3525,1020,filterLoc,,
3525,1023,filterLoc,,
3525,1026,filterLoc,,
3525,1029,filterLoc,,
3525,1032,filterLoc,,
3525,1035,filterLoc,,
3525,1038,filterLoc,,
3525,1041,filterLoc,,
3525,1044,filterLoc,,
3525,1047,filterLoc,,
3525,1050,filterLoc,,
3525,1053,filterLoc,,
3525,1056,filterLoc,,
3525,1059,filterLoc,,
3525,1062,filterLoc,,
3525,1065,filterLoc,,
3525,1068,filterLoc,,
3525,1071,filterLoc,,
3525,1074,filterLoc,,
3525,1077,filterLoc,,
3525,1080,filterLoc,,
3525,1083,filterLoc,,
3525,1086,filterLoc,,
3525,1089,filterLoc,,
3525,1092,filterLoc,,;Evacuee;307;in triage category;R;is leaving helicopter;4
3525,1095,filterLoc,,
3525,1098,filterLoc,,
3525,1101,filterLoc,,
3525,1104,filterLoc,,
3525,1107,filterLoc,,
3525,1110,filterLoc,,
3525,1113,filterLoc,,
3525,1116,filterLoc,,
3525,1119,filterLoc,,
3525,1122,filterLoc,,
3525,1125,filterLoc,,
3525,1128,filterLoc,,
3525,1135,filterLoc,,
3525,1138,filterLoc,,
3525,1141,filterLoc,,
3525,1144,filterLoc,,
3525,1147,filterLoc,,
3525,1150,filterLoc,,
3525,1153,filterLoc,,
3525,1156,filterLoc,,
3525,1159,filterLoc,,
3525,1162,filterLoc,,
3525,1165,filterLoc,,
3525,1168,filterLoc,,
3525,1173,helicopter,,Helicopter;1;Is going to the evacuation site;;and has;0;spots taken
3525,1175,filterLoc,,
3525,1178,filterLoc,,
3525,1181,filterLoc,,
3525,1184,filterLoc,,
3525,1187,filterLoc,,
3525,1190,filterLoc,,
3525,1193,filterLoc,,
3525,1196,filterLoc,,
3525,1199,filterLoc,,
3525,1202,filterLoc,,
3525,1205,filterLoc,,
3525,1208,filterLoc,,
3525,1211,filterLoc,,
3525,1214,filterLoc,,
3525,1217,filterLoc,,
3525,1220,filterLoc,,
3525,1223,filterLoc,,
3525,1226,filterLoc,,
3525,1229,filterLoc,,
3525,1232,filterLoc,,
3525,1235,filterLoc,,
3525,1238,filterLoc,,
3525,1241,filterLoc,,
3525,1244,filterLoc,,
3525,1247,filterLoc,,
3525,1250,filterLoc,,
3525,1253,filterLoc,,
3525,1256,filterLoc,,
3525,1259,filterLoc,,
3525,1262,filterLoc,,
3525,1265,filterLoc,,
3525,1268,filterLoc,,
3525,1271,filterLoc,,
3525,1274,filterLoc,,
3525,1277,filterLoc,,
3525,1280,filterLoc,,
3525,1283,filterLoc,,
3525,1286,filterLoc,,
3525,1289,filterLoc,,
3525,1292,filterLoc,,
3525,1295,filterLoc,,
3525,1298,filterLoc,,
3525,1301,filterLoc,,
3525,1304,filterLoc,,
3525,1307,filterLoc,,
3525,1310,filterLoc,,
3525,1313,filterLoc,,
3525,1316,filterLoc,,
3525,1319,filterLoc,,
3525,1322,filterLoc,,
3525,1325,filterLoc,,
3525,1328,filterLoc,,
3525,1331,filterLoc,,
3525,1334,filterLoc,,
3525,1337,filterLoc,,
3525,1340,filterLoc,,
3525,1343,filterLoc,,
3525,1346,filterLoc,,
3525,1349,filterLoc,,
3525,1352,filterLoc,,
3525,1355,filterLoc,,
3525,1358,filterLoc,,
3525,1361,filterLoc,,
3525,1364,filterLoc,,
3525,1367,filterLoc,,
3525,1370,filterLoc,,
3525,1373,filterLoc,,
3525,1376,filterLoc,,
3525,1379,filterLoc,,
3525,1382,filterLoc,,
3525,1385,filterLoc,,
3525,1388,filterLoc,,
3525,1391,filterLoc,,
3525,1394,filterLoc,,
3525,1397,filterLoc,,
3525,1400,filterLoc,,
3525,1403,filterLoc,,
3525,1406,filterLoc,,
3525,1409,filterLoc,,
3525,1412,filterLoc,,
3525,1415,filterLoc,,
3525,1418,filterLoc,,
3525,1421,filterLoc,,
3525,1424,filterLoc,,
3525,1427,filterLoc,,
3525,1430,filterLoc,,
3525,1433,filterLoc,,
3525,1436,filterLoc,,
3525,1439,filterLoc,,
3525,1442,filterLoc,,
3525,1445,filterLoc,,
3525,1448,filterLoc,,
3525,1451,filterLoc,,
3525,1454,filterLoc,,
3525,1457,filterLoc,,
3525,1460,filterLoc,,
3525,1463,filterLoc,,
3525,1466,filterLoc,,
3525,1469,filterLoc,,
3525,1472,filterLoc,,
3525,1475,filterLoc,,
3525,1478,filterLoc,,
3525,1481,filterLoc,,
3525,1484,filterLoc,,
3525,1487,filterLoc,,
3525,1490,filterLoc,,
3525,1493,filterLoc,,
3525,1496,filterLoc,,
3525,1499,filterLoc,,
3525,1502,filterLoc,,
3525,1505,filterLoc,,
3525,1508,filterLoc,,
3525,1511,filterLoc,,
3525,1514,filterLoc,,
3525,1517,filterLoc,,
3525,1520,filterLoc,,
3525,1523,filterLoc,,
3525,1526,filterLoc,,
3525,1529,filterLoc,,
3525,219,filterLoc,out,Evacuee 374 in triage category R is not assigned a helicopter
3525,219,filterLoc,,
3525,220,evacuee,,Evacuee;374;in triage state;R;is entering the FOL
3525,368,filterLoc,out,Evacuee 293 in triage category R is not assigned a helicopter
3525,368,filterLoc,,
3525,369,evacuee,,Evacuee;293;in triage state;R;is entering the FOL
3525,1092,filterLoc,out,Evacuee 307 in triage category R is not assigned a helicopter
3525,1092,filterLoc,,
3525,1093,evacuee,,Evacuee;307;in triage state;R;is entering the FOL
3525,220,evacuee,outFOL,Evacuee 374 in triage category R is not assigned a helicopter
3525,220,evacuee,,Evacuee;374;in triage state;R;is at the FOL
3525,227,FOL,,;EvacueeID;4;Triage Status;G;EvacueeID;7;Triage Status;G;EvacueeID;10;Triage Status;G;EvacueeID;11;Triage Status;G;EvacueeID;13;Triage Status;G;EvacueeID;14;Triage Status;G;EvacueeID;15;Triage Status;G;EvacueeID;17;Triage Status;G;EvacueeID;18;Triage Status;G;EvacueeID;19;Triage Status;G;EvacueeID;23;Triage Status;G;EvacueeID;24;Triage Status;G;EvacueeID;26;Triage Status;G;EvacueeID;28;Triage Status;G;EvacueeID;29;Triage Status;G;EvacueeID;32;Triage Status;G;EvacueeID;37;Triage Status;G;EvacueeID;45;Triage Status;G;EvacueeID;48;Triage Status;G;EvacueeID;50;Triage Status;G;EvacueeID;54;Triage Status;G;EvacueeID;55;Triage Status;G;EvacueeID;58;Triage Status;G;EvacueeID;60;Triage Status;G;EvacueeID;65;Triage Status;G;EvacueeID;67;Triage Status;G;EvacueeID;73;Triage Status;G;EvacueeID;75;Triage Status;G;EvacueeID;77;Triage Status;G;EvacueeID;78;Triage Status;G;EvacueeID;82;Triage Status;G;EvacueeID;85;Triage Status;G;EvacueeID;95;Triage Status;G;EvacueeID;98;Triage Status;G;EvacueeID;99;Triage Status;G;EvacueeID;100;Triage Status;G;EvacueeID;101;Triage Status;G;EvacueeID;109;Triage Status;G;EvacueeID;112;Triage Status;G;EvacueeID;114;Triage Status;G;EvacueeID;123;Triage Status;G;EvacueeID;125;Triage Status;G;EvacueeID;126;Triage Status;G;EvacueeID;142;Triage Status;G;EvacueeID;144;Triage Status;G;EvacueeID;147;Triage Status;G;EvacueeID;153;Triage Status;G;EvacueeID;156;Triage Status;G;EvacueeID;158;Triage Status;G;EvacueeID;159;Triage Status;G;EvacueeID;161;Triage Status;G;EvacueeID;174;Triage Status;G;EvacueeID;177;Triage Status;G;EvacueeID;179;Triage Status;G;EvacueeID;181;Triage Status;G;EvacueeID;183;Triage Status;G;EvacueeID;184;Triage Status;G;EvacueeID;187;Triage Status;G;EvacueeID;190;Triage Status;G;EvacueeID;200;Triage Status;G;EvacueeID;201;Triage Status;G;EvacueeID;202;Triage Status;G;EvacueeID;203;Triage Status;G;EvacueeID;204;Triage Status;G;EvacueeID;205;Triage Status;G;EvacueeID;209;Triage Status;G;EvacueeID;212;Triage Status;G;EvacueeID;213;Triage Status;G;EvacueeID;215;Triage Status;G;EvacueeID;220;Triage Status;G;EvacueeID;226;Triage Status;G;EvacueeID;227;Triage Status;G;EvacueeID;232;Triage Status;G;EvacueeID;233;Triage Status;G;EvacueeID;234;Triage Status;G;EvacueeID;236;Triage Status;G;EvacueeID;241;Triage Status;G;EvacueeID;246;Triage Status;G;EvacueeID;255;Triage Status;G;EvacueeID;259;Triage Status;G;EvacueeID;260;Triage Status;G;EvacueeID;262;Triage Status;G;EvacueeID;263;Triage Status;G;EvacueeID;264;Triage Status;G;EvacueeID;267;Triage Status;G;EvacueeID;268;Triage Status;G;EvacueeID;270;Triage Status;G;EvacueeID;272;Triage Status;G;EvacueeID;275;Triage Status;G;EvacueeID;288;Triage Status;G;EvacueeID;290;Triage Status;G;EvacueeID;291;Triage Status;G;EvacueeID;292;Triage Status;G;EvacueeID;299;Triage Status;G;EvacueeID;300;Triage Status;G;EvacueeID;302;Triage Status;G;EvacueeID;322;Triage Status;G;EvacueeID;323;Triage Status;G;EvacueeID;324;Triage Status;G;EvacueeID;325;Triage Status;G;EvacueeID;326;Triage Status;G;EvacueeID;327;Triage Status;G;EvacueeID;343;Triage Status;G;EvacueeID;344;Triage Status;G;EvacueeID;345;Triage Status;G;EvacueeID;350;Triage Status;G;EvacueeID;355;Triage Status;G;EvacueeID;356;Triage Status;G;EvacueeID;361;Triage Status;G;EvacueeID;362;Triage Status;G;EvacueeID;365;Triage Status;G;EvacueeID;366;Triage Status;G;EvacueeID;368;Triage Status;G;EvacueeID;369;Triage Status;G;EvacueeID;370;Triage Status;G;EvacueeID;371;Triage Status;G;EvacueeID;372;Triage Status;G;EvacueeID;385;Triage Status;G;EvacueeID;387;Triage Status;G;EvacueeID;388;Triage Status;G;EvacueeID;390;Triage Status;G;EvacueeID;391;Triage Status;G;EvacueeID;396;Triage Status;G;EvacueeID;397;Triage Status;G;EvacueeID;398;Triage Status;G;EvacueeID;400;Triage Status;G;EvacueeID;401;Triage Status;G;EvacueeID;403;Triage Status;G;EvacueeID;404;Triage Status;G;EvacueeID;410;Triage Status;G;EvacueeID;413;Triage Status;G;EvacueeID;416;Triage Status;G;EvacueeID;418;Triage Status;G;EvacueeID;435;Triage Status;G;EvacueeID;441;Triage Status;G;EvacueeID;442;Triage Status;G;EvacueeID;445;Triage Status;G;EvacueeID;447;Triage Status;G;EvacueeID;448;Triage Status;G;EvacueeID;452;Triage Status;G;EvacueeID;455;Triage Status;G;EvacueeID;456;Triage Status;G;EvacueeID;457;Triage Status;G;EvacueeID;458;Triage Status;G;EvacueeID;464;Triage Status;G;EvacueeID;465;Triage Status;G;EvacueeID;466;Triage Status;G;EvacueeID;469;Triage Status;G;EvacueeID;470;Triage Status;G;EvacueeID;474;Triage Status;G;EvacueeID;359;Triage Status;R;EvacueeID;394;Triage Status;R;EvacueeID;444;Triage Status;R;EvacueeID;293;Triage Status;R;EvacueeID;307;Triage Status;R;EvacueeID;374;Triage Status;R;Lives Saved;156
3525,369,evacuee,outFOL,Evacuee 293 in triage category R is not assigned a helicopter
3525,369,evacuee,,Evacuee;293;in triage state;R;is at the FOL
3525,1093,evacuee,outFOL,Evacuee 307 in triage category R is not assigned a helicopter
3525,1093,evacuee,,Evacuee;307;in triage state;R;is at the FOL
3525,227,FOL,,;EvacueeID;4;Triage Status;G;EvacueeID;7;Triage Status;G;EvacueeID;10;Triage Status;G;EvacueeID;11;Triage Status;G;EvacueeID;13;Triage Status;G;EvacueeID;14;Triage Status;G;EvacueeID;15;Triage Status;G;EvacueeID;17;Triage Status;G;EvacueeID;18;Triage Status;G;EvacueeID;19;Triage Status;G;EvacueeID;23;Triage Status;G;EvacueeID;24;Triage Status;G;EvacueeID;26;Triage Status;G;EvacueeID;28;Triage Status;G;EvacueeID;29;Triage Status;G;EvacueeID;32;Triage Status;G;EvacueeID;37;Triage Status;G;EvacueeID;45;Triage Status;G;EvacueeID;48;Triage Status;G;EvacueeID;50;Triage Status;G;EvacueeID;54;Triage Status;G;EvacueeID;55;Triage Status;G;EvacueeID;58;Triage Status;G;EvacueeID;60;Triage Status;G;EvacueeID;65;Triage Status;G;EvacueeID;67;Triage Status;G;EvacueeID;73;Triage Status;G;EvacueeID;75;Triage Status;G;EvacueeID;77;Triage Status;G;EvacueeID;78;Triage Status;G;EvacueeID;82;Triage Status;G;EvacueeID;85;Triage Status;G;EvacueeID;95;Triage Status;G;EvacueeID;98;Triage Status;G;EvacueeID;99;Triage Status;G;EvacueeID;100;Triage Status;G;EvacueeID;101;Triage Status;G;EvacueeID;109;Triage Status;G;EvacueeID;112;Triage Status;G;EvacueeID;114;Triage Status;G;EvacueeID;123;Triage Status;G;EvacueeID;125;Triage Status;G;EvacueeID;126;Triage Status;G;EvacueeID;142;Triage Status;G;EvacueeID;144;Triage Status;G;EvacueeID;147;Triage Status;G;EvacueeID;153;Triage Status;G;EvacueeID;156;Triage Status;G;EvacueeID;158;Triage Status;G;EvacueeID;159;Triage Status;G;EvacueeID;161;Triage Status;G;EvacueeID;174;Triage Status;G;EvacueeID;177;Triage Status;G;EvacueeID;179;Triage Status;G;EvacueeID;181;Triage Status;G;EvacueeID;183;Triage Status;G;EvacueeID;184;Triage Status;G;EvacueeID;187;Triage Status;G;EvacueeID;190;Triage Status;G;EvacueeID;200;Triage Status;G;EvacueeID;201;Triage Status;G;EvacueeID;202;Triage Status;G;EvacueeID;203;Triage Status;G;EvacueeID;204;Triage Status;G;EvacueeID;205;Triage Status;G;EvacueeID;209;Triage Status;G;EvacueeID;212;Triage Status;G;EvacueeID;213;Triage Status;G;EvacueeID;215;Triage Status;G;EvacueeID;220;Triage Status;G;EvacueeID;226;Triage Status;G;EvacueeID;227;Triage Status;G;EvacueeID;232;Triage Status;G;EvacueeID;233;Triage Status;G;EvacueeID;234;Triage Status;G;EvacueeID;236;Triage Status;G;EvacueeID;241;Triage Status;G;EvacueeID;246;Triage Status;G;EvacueeID;255;Triage Status;G;EvacueeID;259;Triage Status;G;EvacueeID;260;Triage Status;G;EvacueeID;262;Triage Status;G;EvacueeID;263;Triage Status;G;EvacueeID;264;Triage Status;G;EvacueeID;267;Triage Status;G;EvacueeID;268;Triage Status;G;EvacueeID;270;Triage Status;G;EvacueeID;272;Triage Status;G;EvacueeID;275;Triage Status;G;EvacueeID;288;Triage Status;G;EvacueeID;290;Triage Status;G;EvacueeID;291;Triage Status;G;EvacueeID;292;Triage Status;G;EvacueeID;299;Triage Status;G;EvacueeID;300;Triage Status;G;EvacueeID;302;Triage Status;G;EvacueeID;322;Triage Status;G;EvacueeID;323;Triage Status;G;EvacueeID;324;Triage Status;G;EvacueeID;325;Triage Status;G;EvacueeID;326;Triage Status;G;EvacueeID;327;Triage Status;G;EvacueeID;343;Triage Status;G;EvacueeID;344;Triage Status;G;EvacueeID;345;Triage Status;G;EvacueeID;350;Triage Status;G;EvacueeID;355;Triage Status;G;EvacueeID;356;Triage Status;G;EvacueeID;361;Triage Status;G;EvacueeID;362;Triage Status;G;EvacueeID;365;Triage Status;G;EvacueeID;366;Triage Status;G;EvacueeID;368;Triage Status;G;EvacueeID;369;Triage Status;G;EvacueeID;370;Triage Status;G;EvacueeID;371;Triage Status;G;EvacueeID;372;Triage Status;G;EvacueeID;385;Triage Status;G;EvacueeID;387;Triage Status;G;EvacueeID;388;Triage Status;G;EvacueeID;390;Triage Status;G;EvacueeID;391;Triage Status;G;EvacueeID;396;Triage Status;G;EvacueeID;397;Triage Status;G;EvacueeID;398;Triage Status;G;EvacueeID;400;Triage Status;G;EvacueeID;401;Triage Status;G;EvacueeID;403;Triage Status;G;EvacueeID;404;Triage Status;G;EvacueeID;410;Triage Status;G;EvacueeID;413;Triage Status;G;EvacueeID;416;Triage Status;G;EvacueeID;418;Triage Status;G;EvacueeID;435;Triage Status;G;EvacueeID;441;Triage Status;G;EvacueeID;442;Triage Status;G;EvacueeID;445;Triage Status;G;EvacueeID;447;Triage Status;G;EvacueeID;448;Triage Status;G;EvacueeID;452;Triage Status;G;EvacueeID;455;Triage Status;G;EvacueeID;456;Triage Status;G;EvacueeID;457;Triage Status;G;EvacueeID;458;Triage Status;G;EvacueeID;464;Triage Status;G;EvacueeID;465;Triage Status;G;EvacueeID;466;Triage Status;G;EvacueeID;469;Triage Status;G;EvacueeID;470;Triage Status;G;EvacueeID;474;Triage Status;G;EvacueeID;359;Triage Status;R;EvacueeID;394;Triage Status;R;EvacueeID;444;Triage Status;R;EvacueeID;293;Triage Status;R;EvacueeID;307;Triage Status;R;EvacueeID;374;Triage Status;R;Lives Saved;156
3540,5,helicopterQueue,,1;Helos are waiting to land;HeloID;3
3540,109,helicopter,outES,Helicopter 3 is evacuating people3
3540,109,helicopter,,Helicopter;3;is waiting to land at the evacuation site;;and has;0;spots taken
3540,294,helicopter,,Helicopter;4;Is going to the evacuation site;;and has;0;spots taken
3540,4,helipadManager,,;No helos are at ES
3540,5,helicopterQueue,outHM,Helicopter 3 is evacuating people3
3540,5,helicopterQueue,outHelo,Helicopter 3 is evacuating people3
3540,5,helicopterQueue,,;No helos are waiting to land
3540,8,filterES,,
3540,108,filterES,,Helicopter;3;is evacuating people
3540,293,filterES,,
3540,573,filterES,,
3540,1132,filterES,,
3540,1172,filterES,,
3540,3,evacueeManager,,OFF SHIP: White;0;Green;0;Yellow;11;Red;0;Black;324;ON SHIP: White;0;Green;0;Yellow;0;Red;0;Evacuees to Transfer;;EvacueeID;331;HeloID;3;OnShip;0;Triage Status;Y;EvacueeID;30;HeloID;3;OnShip;0;Triage Status;Y;EvacueeID;172;HeloID;3;OnShip;0;Triage Status;Y
3540,4,helipadManager,outEM,Helicopter 3 is evacuating people3
3540,4,helipadManager,,Helo;3;is at the ES
3540,108,filterES,out,Helicopter 3 is evacuating people3
3540,108,filterES,,
3540,109,helicopter,,Helicopter;3;is waiting to land at the evacuation site;;and has;0;spots taken
3540,3,evacueeManager,outEvac,Evacuee 331 in triage category Y is assigned helicopter 3
3540,3,evacueeManager,outEvac,Evacuee 30 in triage category Y is assigned helicopter 3
3540,3,evacueeManager,outEvac,Evacuee 172 in triage category Y is assigned helicopter 3
3540,3,evacueeManager,,OFF SHIP: White;0;Green;0;Yellow;11;Red;0;Black;324;ON SHIP: White;0;Green;0;Yellow;0;Red;0;Evacuees to Transfer;
3540,11,filterLoc,,
3540,14,filterLoc,,
3540,17,filterLoc,,
3540,20,filterLoc,,
3540,23,filterLoc,,
3540,26,filterLoc,,
3540,29,filterLoc,,
3540,32,filterLoc,,
3540,35,filterLoc,,
3540,38,filterLoc,,
3540,41,filterLoc,,
3540,44,filterLoc,,
3540,47,filterLoc,,
3540,50,filterLoc,,
3540,53,filterLoc,,
3540,56,filterLoc,,
3540,59,filterLoc,,
3540,62,filterLoc,,
3540,65,filterLoc,,
3540,68,filterLoc,,
3540,71,filterLoc,,
3540,74,filterLoc,,
3540,77,filterLoc,,
3540,80,filterLoc,,
3540,83,filterLoc,,
3540,86,filterLoc,,
3540,89,filterLoc,,
3540,92,filterLoc,,
3540,95,filterLoc,,
3540,98,filterLoc,,
3540,101,filterLoc,,
3540,104,filterLoc,,
3540,109,helicopter,,Helicopter;3;is loading people at the evacuation site;;and has;0;spots taken
3540,111,filterLoc,,
3540,114,filterLoc,,
3540,117,filterLoc,,
3540,120,filterLoc,,
3540,123,filterLoc,,
3540,126,filterLoc,,
3540,129,filterLoc,,
3540,132,filterLoc,,
3540,135,filterLoc,,
3540,138,filterLoc,,
3540,141,filterLoc,,
3540,144,filterLoc,,
3540,147,filterLoc,,
3540,150,filterLoc,,
3540,153,filterLoc,,
3540,156,filterLoc,,
3540,159,filterLoc,,
3540,162,filterLoc,,
3540,165,filterLoc,,
3540,168,filterLoc,,
3540,171,filterLoc,,
3540,174,filterLoc,,
3540,177,filterLoc,,
3540,180,filterLoc,,
3540,183,filterLoc,,
3540,186,filterLoc,,
3540,189,filterLoc,,
3540,192,filterLoc,,
3540,195,filterLoc,,
3540,198,filterLoc,,
3540,201,filterLoc,,
3540,204,filterLoc,,
3540,207,filterLoc,,
3540,210,filterLoc,,
3540,213,filterLoc,,
3540,216,filterLoc,,
3540,219,filterLoc,,
3540,222,filterLoc,,
3540,225,filterLoc,,
3540,229,filterLoc,,
3540,232,filterLoc,,
3540,235,filterLoc,,
3540,238,filterLoc,,
3540,241,filterLoc,,
3540,244,filterLoc,,
3540,247,filterLoc,,
3540,250,filterLoc,,
3540,253,filterLoc,,
3540,256,filterLoc,,
3540,259,filterLoc,,
3540,262,filterLoc,,
3540,265,filterLoc,,
3540,268,filterLoc,,
3540,271,filterLoc,,
3540,274,filterLoc,,
3540,277,filterLoc,,
3540,280,filterLoc,,
3540,283,filterLoc,,;Evacuee;331;in triage category;Y;is entering helicopter;3
3540,286,filterLoc,,
3540,289,filterLoc,,
3540,296,filterLoc,,
3540,299,filterLoc,,
3540,302,filterLoc,,
3540,305,filterLoc,,
3540,308,filterLoc,,
3540,311,filterLoc,,
3540,314,filterLoc,,
3540,317,filterLoc,,
3540,320,filterLoc,,
3540,323,filterLoc,,
3540,326,filterLoc,,
3540,329,filterLoc,,
3540,332,filterLoc,,
3540,335,filterLoc,,
3540,338,filterLoc,,
3540,341,filterLoc,,
3540,344,filterLoc,,
3540,347,filterLoc,,
3540,350,filterLoc,,
3540,353,filterLoc,,
3540,356,filterLoc,,
3540,359,filterLoc,,
3540,362,filterLoc,,
3540,365,filterLoc,,
3540,368,filterLoc,,
3540,371,filterLoc,,
3540,374,filterLoc,,
3540,377,filterLoc,,
3540,380,filterLoc,,
3540,383,filterLoc,,
3540,386,filterLoc,,
3540,389,filterLoc,,
3540,392,filterLoc,,
3540,395,filterLoc,,
3540,398,filterLoc,,
3540,401,filterLoc,,
3540,404,filterLoc,,
3540,407,filterLoc,,
3540,410,filterLoc,,
3540,413,filterLoc,,
3540,416,filterLoc,,
3540,419,filterLoc,,
3540,422,filterLoc,,
3540,425,filterLoc,,
3540,428,filterLoc,,
3540,431,filterLoc,,
3540,434,filterLoc,,
3540,437,filterLoc,,
3540,440,filterLoc,,
3540,443,filterLoc,,
3540,446,filterLoc,,
3540,449,filterLoc,,
3540,452,filterLoc,,
3540,455,filterLoc,,
3540,458,filterLoc,,
3540,461,filterLoc,,
3540,464,filterLoc,,
3540,467,filterLoc,,
3540,470,filterLoc,,
3540,473,filterLoc,,
3540,476,filterLoc,,
3540,479,filterLoc,,
3540,482,filterLoc,,
3540,485,filterLoc,,
3540,488,filterLoc,,
3540,491,filterLoc,,
3540,494,filterLoc,,
3540,497,filterLoc,,
3540,500,filterLoc,,
3540,503,filterLoc,,
3540,506,filterLoc,,
3540,509,filterLoc,,
3540,512,filterLoc,,
3540,515,filterLoc,,
3540,518,filterLoc,,
3540,521,filterLoc,,
3540,524,filterLoc,,
3540,527,filterLoc,,
3540,530,filterLoc,,
3540,533,filterLoc,,
3540,536,filterLoc,,
3540,539,filterLoc,,
3540,542,filterLoc,,
3540,545,filterLoc,,
3540,548,filterLoc,,
3540,551,filterLoc,,
3540,554,filterLoc,,
3540,557,filterLoc,,
3540,560,filterLoc,,
3540,563,filterLoc,,
3540,566,filterLoc,,
3540,569,filterLoc,,
3540,576,filterLoc,,
3540,579,filterLoc,,
3540,582,filterLoc,,
3540,585,filterLoc,,
3540,588,filterLoc,,
3540,591,filterLoc,,
3540,594,filterLoc,,
3540,597,filterLoc,,
3540,600,filterLoc,,
3540,603,filterLoc,,
3540,606,filterLoc,,
3540,609,filterLoc,,
3540,612,filterLoc,,
3540,615,filterLoc,,
3540,618,filterLoc,,
3540,621,filterLoc,,
3540,624,filterLoc,,
3540,627,filterLoc,,
3540,630,filterLoc,,
3540,633,filterLoc,,
3540,636,filterLoc,,
3540,639,filterLoc,,
3540,642,filterLoc,,
3540,645,filterLoc,,
3540,648,filterLoc,,
3540,651,filterLoc,,
3540,654,filterLoc,,
3540,657,filterLoc,,
3540,660,filterLoc,,
3540,663,filterLoc,,
3540,666,filterLoc,,
3540,669,filterLoc,,
3540,672,filterLoc,,
3540,675,filterLoc,,
3540,678,filterLoc,,
3540,681,filterLoc,,
3540,684,filterLoc,,
3540,687,filterLoc,,
3540,690,filterLoc,,
3540,693,filterLoc,,
3540,696,filterLoc,,
3540,699,filterLoc,,
3540,702,filterLoc,,
3540,705,filterLoc,,
3540,708,filterLoc,,
3540,711,filterLoc,,
3540,714,filterLoc,,
3540,717,filterLoc,,
3540,720,filterLoc,,
3540,723,filterLoc,,
3540,726,filterLoc,,
3540,729,filterLoc,,
3540,732,filterLoc,,
3540,735,filterLoc,,
3540,738,filterLoc,,
3540,741,filterLoc,,
3540,744,filterLoc,,
3540,747,filterLoc,,
3540,750,filterLoc,,
3540,753,filterLoc,,
3540,756,filterLoc,,
3540,759,filterLoc,,
3540,762,filterLoc,,
3540,765,filterLoc,,
3540,768,filterLoc,,
3540,771,filterLoc,,
3540,774,filterLoc,,
3540,777,filterLoc,,
3540,780,filterLoc,,
3540,783,filterLoc,,
3540,786,filterLoc,,
3540,789,filterLoc,,
3540,792,filterLoc,,
3540,795,filterLoc,,
3540,798,filterLoc,,
3540,801,filterLoc,,
3540,804,filterLoc,,
3540,807,filterLoc,,
3540,810,filterLoc,,
3540,813,filterLoc,,
3540,816,filterLoc,,
3540,819,filterLoc,,
3540,822,filterLoc,,
3540,825,filterLoc,,
3540,828,filterLoc,,
3540,831,filterLoc,,
3540,834,filterLoc,,
3540,837,filterLoc,,
3540,840,filterLoc,,
3540,843,filterLoc,,
3540,846,filterLoc,,
3540,849,filterLoc,,
3540,852,filterLoc,,
3540,855,filterLoc,,
3540,858,filterLoc,,
3540,861,filterLoc,,
3540,864,filterLoc,,
3540,867,filterLoc,,
3540,870,filterLoc,,;Evacuee;172;in triage category;Y;is entering helicopter;3
3540,873,filterLoc,,
3540,876,filterLoc,,
3540,879,filterLoc,,
3540,882,filterLoc,,
3540,885,filterLoc,,
3540,888,filterLoc,,
3540,891,filterLoc,,
3540,894,filterLoc,,
3540,897,filterLoc,,
3540,900,filterLoc,,
3540,903,filterLoc,,
3540,906,filterLoc,,
3540,909,filterLoc,,
3540,912,filterLoc,,
3540,915,filterLoc,,
3540,918,filterLoc,,
3540,921,filterLoc,,
3540,924,filterLoc,,
3540,927,filterLoc,,
3540,930,filterLoc,,
3540,933,filterLoc,,
3540,936,filterLoc,,
3540,939,filterLoc,,
3540,942,filterLoc,,
3540,945,filterLoc,,
3540,948,filterLoc,,
3540,951,filterLoc,,
3540,954,filterLoc,,
3540,957,filterLoc,,
3540,960,filterLoc,,
3540,963,filterLoc,,
3540,966,filterLoc,,
3540,969,filterLoc,,
3540,972,filterLoc,,
3540,975,filterLoc,,
3540,978,filterLoc,,
3540,981,filterLoc,,
3540,984,filterLoc,,
3540,987,filterLoc,,
3540,990,filterLoc,,
3540,993,filterLoc,,
3540,996,filterLoc,,
3540,999,filterLoc,,
3540,1002,filterLoc,,
3540,1005,filterLoc,,
3540,1008,filterLoc,,
3540,1011,filterLoc,,
3540,1014,filterLoc,,
3540,1017,filterLoc,,
3540,1020,filterLoc,,
3540,1023,filterLoc,,
3540,1026,filterLoc,,
3540,1029,filterLoc,,
3540,1032,filterLoc,,
3540,1035,filterLoc,,
3540,1038,filterLoc,,
3540,1041,filterLoc,,
3540,1044,filterLoc,,
3540,1047,filterLoc,,
3540,1050,filterLoc,,
3540,1053,filterLoc,,
3540,1056,filterLoc,,
3540,1059,filterLoc,,
3540,1062,filterLoc,,
3540,1065,filterLoc,,
3540,1068,filterLoc,,
3540,1071,filterLoc,,
3540,1074,filterLoc,,
3540,1077,filterLoc,,
3540,1080,filterLoc,,
3540,1083,filterLoc,,
3540,1086,filterLoc,,;Evacuee;30;in triage category;Y;is entering helicopter;3
3540,1089,filterLoc,,
3540,1092,filterLoc,,
3540,1095,filterLoc,,
3540,1098,filterLoc,,
3540,1101,filterLoc,,
3540,1104,filterLoc,,
3540,1107,filterLoc,,
3540,1110,filterLoc,,
3540,1113,filterLoc,,
3540,1116,filterLoc,,
3540,1119,filterLoc,,
3540,1122,filterLoc,,
3540,1125,filterLoc,,
3540,1128,filterLoc,,
3540,1135,filterLoc,,
3540,1138,filterLoc,,
3540,1141,filterLoc,,
3540,1144,filterLoc,,
3540,1147,filterLoc,,
3540,1150,filterLoc,,
3540,1153,filterLoc,,
3540,1156,filterLoc,,
3540,1159,filterLoc,,
3540,1162,filterLoc,,
3540,1165,filterLoc,,
3540,1168,filterLoc,,
3540,1175,filterLoc,,
3540,1178,filterLoc,,
3540,1181,filterLoc,,
3540,1184,filterLoc,,
3540,1187,filterLoc,,
3540,1190,filterLoc,,
3540,1193,filterLoc,,
3540,1196,filterLoc,,
3540,1199,filterLoc,,
3540,1202,filterLoc,,
3540,1205,filterLoc,,
3540,1208,filterLoc,,
3540,1211,filterLoc,,
3540,1214,filterLoc,,
3540,1217,filterLoc,,
3540,1220,filterLoc,,
3540,1223,filterLoc,,
3540,1226,filterLoc,,
3540,1229,filterLoc,,
3540,1232,filterLoc,,
3540,1235,filterLoc,,
3540,1238,filterLoc,,
3540,1241,filterLoc,,
3540,1244,filterLoc,,
3540,1247,filterLoc,,
3540,1250,filterLoc,,
3540,1253,filterLoc,,
3540,1256,filterLoc,,
3540,1259,filterLoc,,
3540,1262,filterLoc,,
3540,1265,filterLoc,,
3540,1268,filterLoc,,
3540,1271,filterLoc,,
3540,1274,filterLoc,,
3540,1277,filterLoc,,
3540,1280,filterLoc,,
3540,1283,filterLoc,,
3540,1286,filterLoc,,
3540,1289,filterLoc,,
3540,1292,filterLoc,,
3540,1295,filterLoc,,
3540,1298,filterLoc,,
3540,1301,filterLoc,,
3540,1304,filterLoc,,
3540,1307,filterLoc,,
3540,1310,filterLoc,,
3540,1313,filterLoc,,
3540,1316,filterLoc,,
3540,1319,filterLoc,,
3540,1322,filterLoc,,
3540,1325,filterLoc,,
3540,1328,filterLoc,,
3540,1331,filterLoc,,
3540,1334,filterLoc,,
3540,1337,filterLoc,,
3540,1340,filterLoc,,
3540,1343,filterLoc,,
3540,1346,filterLoc,,
3540,1349,filterLoc,,
3540,1352,filterLoc,,
3540,1355,filterLoc,,
3540,1358,filterLoc,,
3540,1361,filterLoc,,
3540,1364,filterLoc,,
3540,1367,filterLoc,,
3540,1370,filterLoc,,
3540,1373,filterLoc,,
3540,1376,filterLoc,,
3540,1379,filterLoc,,
3540,1382,filterLoc,,
3540,1385,filterLoc,,
3540,1388,filterLoc,,
3540,1391,filterLoc,,
3540,1394,filterLoc,,
3540,1397,filterLoc,,
3540,1400,filterLoc,,
3540,1403,filterLoc,,
3540,1406,filterLoc,,
3540,1409,filterLoc,,
3540,1412,filterLoc,,
3540,1415,filterLoc,,
3540,1418,filterLoc,,
3540,1421,filterLoc,,
3540,1424,filterLoc,,
3540,1427,filterLoc,,
3540,1430,filterLoc,,
3540,1433,filterLoc,,
3540,1436,filterLoc,,
3540,1439,filterLoc,,
3540,1442,filterLoc,,
3540,1445,filterLoc,,
3540,1448,filterLoc,,
3540,1451,filterLoc,,
3540,1454,filterLoc,,
3540,1457,filterLoc,,
3540,1460,filterLoc,,
3540,1463,filterLoc,,
3540,1466,filterLoc,,
3540,1469,filterLoc,,
3540,1472,filterLoc,,
3540,1475,filterLoc,,
3540,1478,filterLoc,,
3540,1481,filterLoc,,
3540,1484,filterLoc,,
3540,1487,filterLoc,,
3540,1490,filterLoc,,
3540,1493,filterLoc,,
3540,1496,filterLoc,,
3540,1499,filterLoc,,
3540,1502,filterLoc,,
3540,1505,filterLoc,,
3540,1508,filterLoc,,
3540,1511,filterLoc,,
3540,1514,filterLoc,,
3540,1517,filterLoc,,
3540,1520,filterLoc,,
3540,1523,filterLoc,,
3540,1526,filterLoc,,
3540,1529,filterLoc,,
3540,283,filterLoc,out,Evacuee 331 in triage category Y is assigned helicopter 3
3540,283,filterLoc,,
3540,284,evacuee,,Evacuee;331;in triage state;Y;is entering helicopter;3
3540,870,filterLoc,out,Evacuee 172 in triage category Y is assigned helicopter 3
3540,870,filterLoc,,
3540,871,evacuee,,Evacuee;172;in triage state;Y;is entering helicopter;3
3540,1086,filterLoc,out,Evacuee 30 in triage category Y is assigned helicopter 3
3540,1086,filterLoc,,
3540,1087,evacuee,,Evacuee;30;in triage state;Y;is entering helicopter;3
3540,7,filterEvac,,
3540,107,filterEvac,,;Evacuee;30;in triage category;Y;is entering helicopter;3;Evacuee;172;in triage category;Y;is entering helicopter;3;Evacuee;331;in triage category;Y;is entering helicopter;3
3540,284,evacuee,outHelo,Evacuee 331 in triage category Y is assigned helicopter 3
3540,284,evacuee,,Evacuee;331;in triage state;Y;is in helicopter;3
3540,292,filterEvac,,
3540,572,filterEvac,,
3540,871,evacuee,outHelo,Evacuee 172 in triage category Y is assigned helicopter 3
3540,871,evacuee,,Evacuee;172;in triage state;Y;is in helicopter;3
3540,1087,evacuee,outHelo,Evacuee 30 in triage category Y is assigned helicopter 3
3540,1087,evacuee,,Evacuee;30;in triage state;Y;is in helicopter;3
3540,1131,filterEvac,,
3540,1171,filterEvac,,
3540,107,filterEvac,out,Evacuee 30 in triage category Y is assigned helicopter 3
3540,107,filterEvac,out,Evacuee 172 in triage category Y is assigned helicopter 3
3540,107,filterEvac,out,Evacuee 331 in triage category Y is assigned helicopter 3
3540,107,filterEvac,,
3540,109,helicopter,,Helicopter;3;is loading people at the evacuation site;;and has;9;spots taken
3555,4,helipadManager,outHelo,Helicopter 3 is evacuating people3
3555,4,helipadManager,,;No helos are at ES
3555,5,helicopterQueue,,1;Helos are waiting to land;HeloID;6
3555,8,filterES,,
3555,9,helicopter,outES,Helicopter 6 is evacuating people6
3555,9,helicopter,,Helicopter;6;is waiting to land at the evacuation site;;and has;0;spots taken
3555,108,filterES,,Helicopter;3;is evacuating people
3555,293,filterES,,
3555,573,filterES,,
3555,1132,filterES,,
3555,1172,filterES,,
3555,4,helipadManager,outHQ,0
3555,4,helipadManager,,;No helos are at ES
3555,5,helicopterQueue,,1;Helos are waiting to land;HeloID;6
3555,108,filterES,out,Helicopter 3 is evacuating people3
3555,108,filterES,,
3555,109,helicopter,,Helicopter;3;is loading people at the evacuation site;;and has;9;spots taken
3555,4,helipadManager,,;No helos are at ES
3555,5,helicopterQueue,outHM,Helicopter 6 is evacuating people6
3555,5,helicopterQueue,outHelo,Helicopter 6 is evacuating people6
3555,5,helicopterQueue,,;No helos are waiting to land
3555,8,filterES,,Helicopter;6;is evacuating people
3555,108,filterES,,
3555,109,helicopter,,Helicopter;3;is returning to the FOL;;and has;9;spots taken
3555,293,filterES,,
3555,573,filterES,,
3555,1132,filterES,,
3555,1172,filterES,,
3555,3,evacueeManager,,OFF SHIP: White;0;Green;0;Yellow;8;Red;0;Black;324;ON SHIP: White;0;Green;0;Yellow;0;Red;0;Evacuees to Transfer;;EvacueeID;135;HeloID;6;OnShip;0;Triage Status;Y;EvacueeID;225;HeloID;6;OnShip;0;Triage Status;Y;EvacueeID;171;HeloID;6;OnShip;0;Triage Status;Y
3555,4,helipadManager,outEM,Helicopter 6 is evacuating people6
3555,4,helipadManager,,Helo;6;is at the ES
3555,8,filterES,out,Helicopter 6 is evacuating people6
3555,8,filterES,,
3555,9,helicopter,,Helicopter;6;is waiting to land at the evacuation site;;and has;0;spots taken
3555,3,evacueeManager,outEvac,Evacuee 135 in triage category Y is assigned helicopter 6
3555,3,evacueeManager,outEvac,Evacuee 225 in triage category Y is assigned helicopter 6
3555,3,evacueeManager,outEvac,Evacuee 171 in triage category Y is assigned helicopter 6
3555,3,evacueeManager,,OFF SHIP: White;0;Green;0;Yellow;8;Red;0;Black;324;ON SHIP: White;0;Green;0;Yellow;0;Red;0;Evacuees to Transfer;
3555,9,helicopter,,Helicopter;6;is loading people at the evacuation site;;and has;0;spots taken
3555,11,filterLoc,,
3555,14,filterLoc,,
3555,17,filterLoc,,
3555,20,filterLoc,,
3555,23,filterLoc,,
3555,26,filterLoc,,
3555,29,filterLoc,,
3555,32,filterLoc,,
3555,35,filterLoc,,
3555,38,filterLoc,,
3555,41,filterLoc,,
3555,44,filterLoc,,
3555,47,filterLoc,,
3555,50,filterLoc,,
3555,53,filterLoc,,
3555,56,filterLoc,,
3555,59,filterLoc,,
3555,62,filterLoc,,
3555,65,filterLoc,,
3555,68,filterLoc,,
3555,71,filterLoc,,
3555,74,filterLoc,,
3555,77,filterLoc,,
3555,80,filterLoc,,
3555,83,filterLoc,,
3555,86,filterLoc,,
3555,89,filterLoc,,
3555,92,filterLoc,,
3555,95,filterLoc,,
3555,98,filterLoc,,
3555,101,filterLoc,,
3555,104,filterLoc,,
3555,111,filterLoc,,
3555,114,filterLoc,,
3555,117,filterLoc,,
3555,120,filterLoc,,
3555,123,filterLoc,,
3555,126,filterLoc,,
3555,129,filterLoc,,
3555,132,filterLoc,,
3555,135,filterLoc,,
3555,138,filterLoc,,
3555,141,filterLoc,,
3555,144,filterLoc,,
3555,147,filterLoc,,
3555,150,filterLoc,,
3555,153,filterLoc,,
3555,156,filterLoc,,
3555,159,filterLoc,,
3555,162,filterLoc,,
3555,165,filterLoc,,
3555,168,filterLoc,,
3555,171,filterLoc,,
3555,174,filterLoc,,
3555,177,filterLoc,,
3555,180,filterLoc,,
3555,183,filterLoc,,
3555,186,filterLoc,,
3555,189,filterLoc,,
3555,192,filterLoc,,
3555,195,filterLoc,,
3555,198,filterLoc,,
3555,201,filterLoc,,
3555,204,filterLoc,,
3555,207,filterLoc,,
3555,210,filterLoc,,
3555,213,filterLoc,,
3555,216,filterLoc,,
3555,219,filterLoc,,
3555,222,filterLoc,,
3555,225,filterLoc,,
3555,229,filterLoc,,
3555,232,filterLoc,,
3555,235,filterLoc,,
3555,238,filterLoc,,
3555,241,filterLoc,,
3555,244,filterLoc,,
3555,247,filterLoc,,
3555,250,filterLoc,,
3555,253,filterLoc,,
3555,256,filterLoc,,
3555,259,filterLoc,,
3555,262,filterLoc,,
3555,265,filterLoc,,
3555,268,filterLoc,,
3555,271,filterLoc,,
3555,274,filterLoc,,
3555,277,filterLoc,,
3555,280,filterLoc,,
3555,283,filterLoc,,
3555,286,filterLoc,,
3555,289,filterLoc,,
3555,296,filterLoc,,
3555,299,filterLoc,,
3555,302,filterLoc,,
3555,305,filterLoc,,
3555,308,filterLoc,,
3555,311,filterLoc,,
3555,314,filterLoc,,
3555,317,filterLoc,,
3555,320,filterLoc,,
3555,323,filterLoc,,
3555,326,filterLoc,,
3555,329,filterLoc,,
3555,332,filterLoc,,
3555,335,filterLoc,,
3555,338,filterLoc,,
3555,341,filterLoc,,
3555,344,filterLoc,,
3555,347,filterLoc,,
3555,350,filterLoc,,
3555,353,filterLoc,,
3555,356,filterLoc,,
3555,359,filterLoc,,
3555,362,filterLoc,,
3555,365,filterLoc,,
3555,368,filterLoc,,
3555,371,filterLoc,,
3555,374,filterLoc,,
3555,377,filterLoc,,
3555,380,filterLoc,,
3555,383,filterLoc,,
3555,386,filterLoc,,
3555,389,filterLoc,,
3555,392,filterLoc,,
3555,395,filterLoc,,
3555,398,filterLoc,,
3555,401,filterLoc,,
3555,404,filterLoc,,
3555,407,filterLoc,,
3555,410,filterLoc,,
3555,413,filterLoc,,
3555,416,filterLoc,,
3555,419,filterLoc,,
3555,422,filterLoc,,
3555,425,filterLoc,,
3555,428,filterLoc,,
3555,431,filterLoc,,
3555,434,filterLoc,,
3555,437,filterLoc,,
3555,440,filterLoc,,
3555,443,filterLoc,,
3555,446,filterLoc,,
3555,449,filterLoc,,
3555,452,filterLoc,,
3555,455,filterLoc,,
3555,458,filterLoc,,
3555,461,filterLoc,,
3555,464,filterLoc,,
3555,467,filterLoc,,
3555,470,filterLoc,,
3555,473,filterLoc,,
3555,476,filterLoc,,
3555,479,filterLoc,,
3555,482,filterLoc,,
3555,485,filterLoc,,
3555,488,filterLoc,,
3555,491,filterLoc,,
3555,494,filterLoc,,
3555,497,filterLoc,,
3555,500,filterLoc,,
3555,503,filterLoc,,
3555,506,filterLoc,,
3555,509,filterLoc,,
3555,512,filterLoc,,
3555,515,filterLoc,,
3555,518,filterLoc,,
3555,521,filterLoc,,
3555,524,filterLoc,,
3555,527,filterLoc,,
3555,530,filterLoc,,
3555,533,filterLoc,,
3555,536,filterLoc,,
3555,539,filterLoc,,
3555,542,filterLoc,,
3555,545,filterLoc,,
3555,548,filterLoc,,
3555,551,filterLoc,,
3555,554,filterLoc,,
3555,557,filterLoc,,
3555,560,filterLoc,,
3555,563,filterLoc,,
3555,566,filterLoc,,
3555,569,filterLoc,,
3555,576,filterLoc,,
3555,579,filterLoc,,
3555,582,filterLoc,,
3555,585,filterLoc,,
3555,588,filterLoc,,
3555,591,filterLoc,,
3555,594,filterLoc,,
3555,597,filterLoc,,
3555,600,filterLoc,,
3555,603,filterLoc,,
3555,606,filterLoc,,
3555,609,filterLoc,,
3555,612,filterLoc,,
3555,615,filterLoc,,
3555,618,filterLoc,,
3555,621,filterLoc,,
3555,624,filterLoc,,
3555,627,filterLoc,,
3555,630,filterLoc,,
3555,633,filterLoc,,
3555,636,filterLoc,,
3555,639,filterLoc,,
3555,642,filterLoc,,
3555,645,filterLoc,,
3555,648,filterLoc,,
3555,651,filterLoc,,
3555,654,filterLoc,,
3555,657,filterLoc,,
3555,660,filterLoc,,
3555,663,filterLoc,,
3555,666,filterLoc,,
3555,669,filterLoc,,
3555,672,filterLoc,,
3555,675,filterLoc,,
3555,678,filterLoc,,
3555,681,filterLoc,,
3555,684,filterLoc,,
3555,687,filterLoc,,
3555,690,filterLoc,,
3555,693,filterLoc,,
3555,696,filterLoc,,
3555,699,filterLoc,,
3555,702,filterLoc,,
3555,705,filterLoc,,
3555,708,filterLoc,,
3555,711,filterLoc,,
3555,714,filterLoc,,
3555,717,filterLoc,,
3555,720,filterLoc,,
3555,723,filterLoc,,
3555,726,filterLoc,,
3555,729,filterLoc,,;Evacuee;135;in triage category;Y;is entering helicopter;6
3555,732,filterLoc,,
3555,735,filterLoc,,
3555,738,filterLoc,,
3555,741,filterLoc,,
3555,744,filterLoc,,
3555,747,filterLoc,,
3555,750,filterLoc,,
3555,753,filterLoc,,
3555,756,filterLoc,,
3555,759,filterLoc,,
3555,762,filterLoc,,
3555,765,filterLoc,,
3555,768,filterLoc,,
3555,771,filterLoc,,
3555,774,filterLoc,,
3555,777,filterLoc,,
3555,780,filterLoc,,
3555,783,filterLoc,,
3555,786,filterLoc,,
3555,789,filterLoc,,
3555,792,filterLoc,,
3555,795,filterLoc,,
3555,798,filterLoc,,
3555,801,filterLoc,,
3555,804,filterLoc,,
3555,807,filterLoc,,
3555,810,filterLoc,,
3555,813,filterLoc,,
3555,816,filterLoc,,
3555,819,filterLoc,,
3555,822,filterLoc,,
3555,825,filterLoc,,
3555,828,filterLoc,,
3555,831,filterLoc,,
3555,834,filterLoc,,
3555,837,filterLoc,,
3555,840,filterLoc,,
3555,843,filterLoc,,
3555,846,filterLoc,,
3555,849,filterLoc,,
3555,852,filterLoc,,
3555,855,filterLoc,,
3555,858,filterLoc,,
3555,861,filterLoc,,
3555,864,filterLoc,,
3555,867,filterLoc,,
3555,870,filterLoc,,
3555,873,filterLoc,,
3555,876,filterLoc,,
3555,879,filterLoc,,
3555,882,filterLoc,,
3555,885,filterLoc,,
3555,888,filterLoc,,
3555,891,filterLoc,,
3555,894,filterLoc,,
3555,897,filterLoc,,
3555,900,filterLoc,,
3555,903,filterLoc,,
3555,906,filterLoc,,
3555,909,filterLoc,,
3555,912,filterLoc,,
3555,915,filterLoc,,
3555,918,filterLoc,,
3555,921,filterLoc,,
3555,924,filterLoc,,
3555,927,filterLoc,,
3555,930,filterLoc,,
3555,933,filterLoc,,
3555,936,filterLoc,,
3555,939,filterLoc,,
3555,942,filterLoc,,
3555,945,filterLoc,,
3555,948,filterLoc,,
3555,951,filterLoc,,
3555,954,filterLoc,,
3555,957,filterLoc,,
3555,960,filterLoc,,
3555,963,filterLoc,,
3555,966,filterLoc,,
3555,969,filterLoc,,
3555,972,filterLoc,,
3555,975,filterLoc,,
3555,978,filterLoc,,
3555,981,filterLoc,,
3555,984,filterLoc,,
3555,987,filterLoc,,
3555,990,filterLoc,,
3555,993,filterLoc,,
3555,996,filterLoc,,
3555,999,filterLoc,,
3555,1002,filterLoc,,
3555,1005,filterLoc,,
3555,1008,filterLoc,,
3555,1011,filterLoc,,
3555,1014,filterLoc,,
3555,1017,filterLoc,,
3555,1020,filterLoc,,
3555,1023,filterLoc,,
3555,1026,filterLoc,,
3555,1029,filterLoc,,
3555,1032,filterLoc,,
3555,1035,filterLoc,,
3555,1038,filterLoc,,
3555,1041,filterLoc,,
3555,1044,filterLoc,,
3555,1047,filterLoc,,
3555,1050,filterLoc,,
3555,1053,filterLoc,,
3555,1056,filterLoc,,
3555,1059,filterLoc,,
3555,1062,filterLoc,,
3555,1065,filterLoc,,
3555,1068,filterLoc,,
3555,1071,filterLoc,,
3555,1074,filterLoc,,
3555,1077,filterLoc,,
3555,1080,filterLoc,,
3555,1083,filterLoc,,
3555,1086,filterLoc,,
3555,1089,filterLoc,,
3555,1092,filterLoc,,
3555,1095,filterLoc,,
3555,1098,filterLoc,,
3555,1101,filterLoc,,
3555,1104,filterLoc,,
3555,1107,filterLoc,,
3555,1110,filterLoc,,
3555,1113,filterLoc,,
3555,1116,filterLoc,,
3555,1119,filterLoc,,
3555,1122,filterLoc,,
3555,1125,filterLoc,,
3555,1128,filterLoc,,
3555,1135,filterLoc,,
3555,1138,filterLoc,,
3555,1141,filterLoc,,
3555,1144,filterLoc,,
3555,1147,filterLoc,,
3555,1150,filterLoc,,
3555,1153,filterLoc,,
3555,1156,filterLoc,,
3555,1159,filterLoc,,
3555,1162,filterLoc,,
3555,1165,filterLoc,,
3555,1168,filterLoc,,
3555,1175,filterLoc,,
3555,1178,filterLoc,,
3555,1181,filterLoc,,
3555,1184,filterLoc,,
3555,1187,filterLoc,,
3555,1190,filterLoc,,
3555,1193,filterLoc,,
3555,1196,filterLoc,,
3555,1199,filterLoc,,
3555,1202,filterLoc,,
3555,1205,filterLoc,,
3555,1208,filterLoc,,
3555,1211,filterLoc,,
3555,1214,filterLoc,,
3555,1217,filterLoc,,
3555,1220,filterLoc,,
3555,1223,filterLoc,,
3555,1226,filterLoc,,
3555,1229,filterLoc,,
3555,1232,filterLoc,,
3555,1235,filterLoc,,
3555,1238,filterLoc,,
3555,1241,filterLoc,,
3555,1244,filterLoc,,
3555,1247,filterLoc,,
3555,1250,filterLoc,,
3555,1253,filterLoc,,
3555,1256,filterLoc,,
3555,1259,filterLoc,,
3555,1262,filterLoc,,
3555,1265,filterLoc,,
3555,1268,filterLoc,,
3555,1271,filterLoc,,
3555,1274,filterLoc,,
3555,1277,filterLoc,,
3555,1280,filterLoc,,
3555,1283,filterLoc,,
3555,1286,filterLoc,,
3555,1289,filterLoc,,
3555,1292,filterLoc,,
3555,1295,filterLoc,,
3555,1298,filterLoc,,
3555,1301,filterLoc,,
3555,1304,filterLoc,,
3555,1307,filterLoc,,
3555,1310,filterLoc,,
3555,1313,filterLoc,,;Evacuee;171;in triage category;Y;is entering helicopter;6
3555,1316,filterLoc,,
3555,1319,filterLoc,,
3555,1322,filterLoc,,
3555,1325,filterLoc,,
3555,1328,filterLoc,,
3555,1331,filterLoc,,
3555,1334,filterLoc,,
3555,1337,filterLoc,,
3555,1340,filterLoc,,
3555,1343,filterLoc,,
3555,1346,filterLoc,,
3555,1349,filterLoc,,
3555,1352,filterLoc,,
3555,1355,filterLoc,,
3555,1358,filterLoc,,
3555,1361,filterLoc,,
3555,1364,filterLoc,,
3555,1367,filterLoc,,
3555,1370,filterLoc,,
3555,1373,filterLoc,,
3555,1376,filterLoc,,
3555,1379,filterLoc,,
3555,1382,filterLoc,,
3555,1385,filterLoc,,
3555,1388,filterLoc,,
3555,1391,filterLoc,,
3555,1394,filterLoc,,
3555,1397,filterLoc,,
3555,1400,filterLoc,,
3555,1403,filterLoc,,
3555,1406,filterLoc,,
3555,1409,filterLoc,,
3555,1412,filterLoc,,
3555,1415,filterLoc,,
3555,1418,filterLoc,,
3555,1421,filterLoc,,
3555,1424,filterLoc,,
3555,1427,filterLoc,,
3555,1430,filterLoc,,
3555,1433,filterLoc,,
3555,1436,filterLoc,,
3555,1439,filterLoc,,
3555,1442,filterLoc,,
3555,1445,filterLoc,,
3555,1448,filterLoc,,
3555,1451,filterLoc,,
3555,1454,filterLoc,,;Evacuee;225;in triage category;Y;is entering helicopter;6
3555,1457,filterLoc,,
3555,1460,filterLoc,,
3555,1463,filterLoc,,
3555,1466,filterLoc,,
3555,1469,filterLoc,,
3555,1472,filterLoc,,
3555,1475,filterLoc,,
3555,1478,filterLoc,,
3555,1481,filterLoc,,
3555,1484,filterLoc,,
3555,1487,filterLoc,,
3555,1490,filterLoc,,
3555,1493,filterLoc,,
3555,1496,filterLoc,,
3555,1499,filterLoc,,
3555,1502,filterLoc,,
3555,1505,filterLoc,,
3555,1508,filterLoc,,
3555,1511,filterLoc,,
3555,1514,filterLoc,,
3555,1517,filterLoc,,
3555,1520,filterLoc,,
3555,1523,filterLoc,,
3555,1526,filterLoc,,
3555,1529,filterLoc,,
3555,729,filterLoc,out,Evacuee 135 in triage category Y is assigned helicopter 6
3555,729,filterLoc,,
3555,730,evacuee,,Evacuee;135;in triage state;Y;is entering helicopter;6
3555,1313,filterLoc,out,Evacuee 171 in triage category Y is assigned helicopter 6
3555,1313,filterLoc,,
3555,1314,evacuee,,Evacuee;171;in triage state;Y;is entering helicopter;6
3555,1454,filterLoc,out,Evacuee 225 in triage category Y is assigned helicopter 6
3555,1454,filterLoc,,
3555,1455,evacuee,,Evacuee;225;in triage state;Y;is entering helicopter;6
3555,7,filterEvac,,;Evacuee;135;in triage category;Y;is entering helicopter;6;Evacuee;171;in triage category;Y;is entering helicopter;6;Evacuee;225;in triage category;Y;is entering helicopter;6
3555,107,filterEvac,,
3555,292,filterEvac,,
3555,572,filterEvac,,
3555,730,evacuee,outHelo,Evacuee 135 in triage category Y is assigned helicopter 6
3555,730,evacuee,,Evacuee;135;in triage state;Y;is in helicopter;6
3555,1131,filterEvac,,
3555,1171,filterEvac,,
3555,1314,evacuee,outHelo,Evacuee 171 in triage category Y is assigned helicopter 6
3555,1314,evacuee,,Evacuee;171;in triage state;Y;is in helicopter;6
3555,1455,evacuee,outHelo,Evacuee 225 in triage category Y is assigned helicopter 6
3555,1455,evacuee,,Evacuee;225;in triage state;Y;is in helicopter;6
3555,7,filterEvac,out,Evacuee 135 in triage category Y is assigned helicopter 6
3555,7,filterEvac,out,Evacuee 171 in triage category Y is assigned helicopter 6
3555,7,filterEvac,out,Evacuee 225 in triage category Y is assigned helicopter 6
3555,7,filterEvac,,
3555,9,helicopter,,Helicopter;6;is loading people at the evacuation site;;and has;9;spots taken
3570,4,helipadManager,outHelo,Helicopter 6 is evacuating people6
3570,4,helipadManager,,;No helos are at ES
3570,8,filterES,,Helicopter;6;is evacuating people
3570,11,filterLoc,,
3570,14,filterLoc,,
3570,17,filterLoc,,
3570,20,filterLoc,,
3570,23,filterLoc,,
3570,26,filterLoc,,
3570,29,filterLoc,,
3570,32,filterLoc,,
3570,35,filterLoc,,
3570,38,filterLoc,,
3570,41,filterLoc,,
3570,44,filterLoc,,
3570,47,filterLoc,,
3570,50,filterLoc,,
3570,53,filterLoc,,
3570,56,filterLoc,,
3570,59,filterLoc,,
3570,62,filterLoc,,
3570,65,filterLoc,,
3570,68,filterLoc,,
3570,71,filterLoc,,
3570,74,filterLoc,,
3570,77,filterLoc,,
3570,80,filterLoc,,
3570,83,filterLoc,,
3570,86,filterLoc,,
3570,89,filterLoc,,
3570,92,filterLoc,,
3570,95,filterLoc,,
3570,98,filterLoc,,
3570,101,filterLoc,,
3570,104,filterLoc,,
3570,108,filterES,,
3570,111,filterLoc,,
3570,114,filterLoc,,
3570,117,filterLoc,,
3570,120,filterLoc,,
3570,123,filterLoc,,
3570,126,filterLoc,,
3570,129,filterLoc,,
3570,132,filterLoc,,
3570,135,filterLoc,,
3570,138,filterLoc,,
3570,141,filterLoc,,
3570,144,filterLoc,,
3570,147,filterLoc,,;Evacuee;406;in triage category;R;is leaving helicopter;2
3570,150,filterLoc,,
3570,153,filterLoc,,
3570,156,filterLoc,,
3570,159,filterLoc,,
3570,162,filterLoc,,
3570,165,filterLoc,,
3570,168,filterLoc,,
3570,171,filterLoc,,
3570,174,filterLoc,,
3570,177,filterLoc,,
3570,180,filterLoc,,
3570,183,filterLoc,,
3570,186,filterLoc,,
3570,189,filterLoc,,
3570,192,filterLoc,,
3570,195,filterLoc,,
3570,198,filterLoc,,
3570,201,filterLoc,,
3570,204,filterLoc,,
3570,207,filterLoc,,
3570,210,filterLoc,,
3570,213,filterLoc,,
3570,216,filterLoc,,
3570,219,filterLoc,,
3570,222,filterLoc,,
3570,225,filterLoc,,
3570,229,filterLoc,,
3570,232,filterLoc,,
3570,235,filterLoc,,
3570,238,filterLoc,,
3570,241,filterLoc,,
3570,244,filterLoc,,
3570,247,filterLoc,,
3570,250,filterLoc,,
3570,253,filterLoc,,
3570,256,filterLoc,,
3570,259,filterLoc,,
3570,262,filterLoc,,
3570,265,filterLoc,,
3570,268,filterLoc,,
3570,271,filterLoc,,
3570,274,filterLoc,,
3570,277,filterLoc,,
3570,280,filterLoc,,
3570,283,filterLoc,,
3570,286,filterLoc,,
3570,289,filterLoc,,
3570,293,filterES,,
3570,296,filterLoc,,
3570,299,filterLoc,,
3570,302,filterLoc,,
3570,305,filterLoc,,
3570,308,filterLoc,,
3570,311,filterLoc,,
3570,314,filterLoc,,
3570,317,filterLoc,,
3570,320,filterLoc,,
3570,323,filterLoc,,
3570,326,filterLoc,,
3570,329,filterLoc,,
3570,332,filterLoc,,
3570,335,filterLoc,,
3570,338,filterLoc,,
3570,341,filterLoc,,
3570,344,filterLoc,,
3570,347,filterLoc,,
3570,350,filterLoc,,
3570,353,filterLoc,,
3570,356,filterLoc,,
3570,359,filterLoc,,
3570,362,filterLoc,,
3570,365,filterLoc,,
3570,368,filterLoc,,
3570,371,filterLoc,,
3570,374,filterLoc,,
3570,377,filterLoc,,
3570,380,filterLoc,,
3570,383,filterLoc,,
3570,386,filterLoc,,
3570,389,filterLoc,,
3570,392,filterLoc,,
3570,395,filterLoc,,
3570,398,filterLoc,,
3570,401,filterLoc,,
3570,404,filterLoc,,
3570,407,filterLoc,,
3570,410,filterLoc,,
3570,413,filterLoc,,
3570,416,filterLoc,,
3570,419,filterLoc,,
3570,422,filterLoc,,
3570,425,filterLoc,,
3570,428,filterLoc,,
3570,431,filterLoc,,
3570,434,filterLoc,,
3570,437,filterLoc,,
3570,440,filterLoc,,
3570,443,filterLoc,,
3570,446,filterLoc,,
3570,449,filterLoc,,
3570,452,filterLoc,,
3570,455,filterLoc,,
3570,458,filterLoc,,
3570,461,filterLoc,,
3570,464,filterLoc,,
3570,467,filterLoc,,
3570,470,filterLoc,,
3570,473,filterLoc,,
3570,476,filterLoc,,
3570,479,filterLoc,,
3570,482,filterLoc,,
3570,485,filterLoc,,
3570,488,filterLoc,,
3570,491,filterLoc,,
3570,494,filterLoc,,
3570,497,filterLoc,,
3570,500,filterLoc,,
3570,503,filterLoc,,
3570,506,filterLoc,,
3570,509,filterLoc,,
3570,512,filterLoc,,
3570,515,filterLoc,,
3570,518,filterLoc,,
3570,521,filterLoc,,
3570,524,filterLoc,,
3570,527,filterLoc,,
3570,530,filterLoc,,
3570,533,filterLoc,,
3570,536,filterLoc,,
3570,539,filterLoc,,
3570,542,filterLoc,,
3570,545,filterLoc,,
3570,548,filterLoc,,
3570,551,filterLoc,,
3570,554,filterLoc,,
3570,557,filterLoc,,
3570,560,filterLoc,,
3570,563,filterLoc,,
3570,566,filterLoc,,
3570,569,filterLoc,,
3570,573,filterES,,
3570,576,filterLoc,,
3570,579,filterLoc,,
3570,582,filterLoc,,
3570,585,filterLoc,,
3570,588,filterLoc,,
3570,591,filterLoc,,
3570,594,filterLoc,,
3570,597,filterLoc,,
3570,600,filterLoc,,
3570,603,filterLoc,,
3570,606,filterLoc,,
3570,609,filterLoc,,
3570,612,filterLoc,,
3570,615,filterLoc,,
3570,618,filterLoc,,
3570,621,filterLoc,,
3570,624,filterLoc,,
3570,627,filterLoc,,
3570,630,filterLoc,,
3570,633,filterLoc,,
3570,636,filterLoc,,
3570,639,filterLoc,,
3570,642,filterLoc,,
3570,645,filterLoc,,
3570,648,filterLoc,,
3570,651,filterLoc,,
3570,654,filterLoc,,
3570,657,filterLoc,,
3570,660,filterLoc,,;Evacuee;115;in triage category;R;is leaving helicopter;2
3570,663,filterLoc,,
3570,666,filterLoc,,
3570,669,filterLoc,,
3570,672,filterLoc,,
3570,675,filterLoc,,
3570,678,filterLoc,,
3570,681,filterLoc,,
3570,684,filterLoc,,
3570,687,filterLoc,,
3570,690,filterLoc,,
3570,693,filterLoc,,
3570,696,filterLoc,,
3570,699,filterLoc,,
3570,702,filterLoc,,
3570,705,filterLoc,,
3570,708,filterLoc,,
3570,711,filterLoc,,
3570,714,filterLoc,,
3570,717,filterLoc,,
3570,720,filterLoc,,
3570,723,filterLoc,,
3570,726,filterLoc,,
3570,729,filterLoc,,
3570,732,filterLoc,,
3570,735,filterLoc,,
3570,738,filterLoc,,
3570,741,filterLoc,,
3570,744,filterLoc,,
3570,747,filterLoc,,
3570,750,filterLoc,,
3570,753,filterLoc,,
3570,756,filterLoc,,
3570,759,filterLoc,,
3570,762,filterLoc,,
3570,765,filterLoc,,
3570,768,filterLoc,,
3570,771,filterLoc,,
3570,774,filterLoc,,
3570,777,filterLoc,,
3570,780,filterLoc,,
3570,783,filterLoc,,
3570,786,filterLoc,,
3570,789,filterLoc,,
3570,792,filterLoc,,
3570,795,filterLoc,,
3570,798,filterLoc,,
3570,801,filterLoc,,
3570,804,filterLoc,,
3570,807,filterLoc,,
3570,810,filterLoc,,
3570,813,filterLoc,,
3570,816,filterLoc,,
3570,819,filterLoc,,
3570,822,filterLoc,,
3570,825,filterLoc,,
3570,828,filterLoc,,
3570,831,filterLoc,,
3570,834,filterLoc,,
3570,837,filterLoc,,
3570,840,filterLoc,,
3570,843,filterLoc,,
3570,846,filterLoc,,
3570,849,filterLoc,,
3570,852,filterLoc,,
3570,855,filterLoc,,
3570,858,filterLoc,,
3570,861,filterLoc,,
3570,864,filterLoc,,
3570,867,filterLoc,,
3570,870,filterLoc,,
3570,873,filterLoc,,
3570,876,filterLoc,,;Evacuee;347;in triage category;R;is leaving helicopter;2
3570,879,filterLoc,,
3570,882,filterLoc,,
3570,885,filterLoc,,
3570,888,filterLoc,,
3570,891,filterLoc,,
3570,894,filterLoc,,
3570,897,filterLoc,,
3570,900,filterLoc,,
3570,903,filterLoc,,
3570,906,filterLoc,,
3570,909,filterLoc,,
3570,912,filterLoc,,
3570,915,filterLoc,,
3570,918,filterLoc,,
3570,921,filterLoc,,
3570,924,filterLoc,,
3570,927,filterLoc,,
3570,930,filterLoc,,
3570,933,filterLoc,,
3570,936,filterLoc,,
3570,939,filterLoc,,
3570,942,filterLoc,,
3570,945,filterLoc,,
3570,948,filterLoc,,
3570,951,filterLoc,,
3570,954,filterLoc,,
3570,957,filterLoc,,
3570,960,filterLoc,,
3570,963,filterLoc,,
3570,966,filterLoc,,
3570,969,filterLoc,,
3570,972,filterLoc,,
3570,975,filterLoc,,
3570,978,filterLoc,,
3570,981,filterLoc,,
3570,984,filterLoc,,
3570,987,filterLoc,,
3570,990,filterLoc,,
3570,993,filterLoc,,
3570,996,filterLoc,,
3570,999,filterLoc,,
3570,1002,filterLoc,,
3570,1005,filterLoc,,
3570,1008,filterLoc,,
3570,1011,filterLoc,,
3570,1014,filterLoc,,
3570,1017,filterLoc,,
3570,1020,filterLoc,,
3570,1023,filterLoc,,
3570,1026,filterLoc,,
3570,1029,filterLoc,,
3570,1032,filterLoc,,
3570,1035,filterLoc,,
3570,1038,filterLoc,,
3570,1041,filterLoc,,
3570,1044,filterLoc,,
3570,1047,filterLoc,,
3570,1050,filterLoc,,
3570,1053,filterLoc,,
3570,1056,filterLoc,,
3570,1059,filterLoc,,
3570,1062,filterLoc,,
3570,1065,filterLoc,,
3570,1068,filterLoc,,
3570,1071,filterLoc,,
3570,1074,filterLoc,,
3570,1077,filterLoc,,
3570,1080,filterLoc,,
3570,1083,filterLoc,,
3570,1086,filterLoc,,
3570,1089,filterLoc,,
3570,1092,filterLoc,,
3570,1095,filterLoc,,
3570,1098,filterLoc,,
3570,1101,filterLoc,,
3570,1104,filterLoc,,
3570,1107,filterLoc,,
3570,1110,filterLoc,,
3570,1113,filterLoc,,
3570,1116,filterLoc,,
3570,1119,filterLoc,,
3570,1122,filterLoc,,
3570,1125,filterLoc,,
3570,1128,filterLoc,,
3570,1132,filterES,,
3570,1133,helicopter,outEvac,Evacuee 115 in triage category R is not assigned a helicopter
3570,1133,helicopter,outEvac,Evacuee 347 in triage category R is not assigned a helicopter
3570,1133,helicopter,outEvac,Evacuee 406 in triage category R is not assigned a helicopter
3570,1133,helicopter,,Helicopter;2;is unloading people at the FOL;;and has;0;spots taken
3570,1135,filterLoc,,
3570,1138,filterLoc,,
3570,1141,filterLoc,,
3570,1144,filterLoc,,
3570,1147,filterLoc,,
3570,1150,filterLoc,,
3570,1153,filterLoc,,
3570,1156,filterLoc,,
3570,1159,filterLoc,,
3570,1162,filterLoc,,
3570,1165,filterLoc,,
3570,1168,filterLoc,,
3570,1172,filterES,,
3570,1175,filterLoc,,
3570,1178,filterLoc,,
3570,1181,filterLoc,,
3570,1184,filterLoc,,
3570,1187,filterLoc,,
3570,1190,filterLoc,,
3570,1193,filterLoc,,
3570,1196,filterLoc,,
3570,1199,filterLoc,,
3570,1202,filterLoc,,
3570,1205,filterLoc,,
3570,1208,filterLoc,,
3570,1211,filterLoc,,
3570,1214,filterLoc,,
3570,1217,filterLoc,,
3570,1220,filterLoc,,
3570,1223,filterLoc,,
3570,1226,filterLoc,,
3570,1229,filterLoc,,
3570,1232,filterLoc,,
3570,1235,filterLoc,,
3570,1238,filterLoc,,
3570,1241,filterLoc,,
3570,1244,filterLoc,,
3570,1247,filterLoc,,
3570,1250,filterLoc,,
3570,1253,filterLoc,,
3570,1256,filterLoc,,
3570,1259,filterLoc,,
3570,1262,filterLoc,,
3570,1265,filterLoc,,
3570,1268,filterLoc,,
3570,1271,filterLoc,,
3570,1274,filterLoc,,
3570,1277,filterLoc,,
3570,1280,filterLoc,,
3570,1283,filterLoc,,
3570,1286,filterLoc,,
3570,1289,filterLoc,,
3570,1292,filterLoc,,
3570,1295,filterLoc,,
3570,1298,filterLoc,,
3570,1301,filterLoc,,
3570,1304,filterLoc,,
3570,1307,filterLoc,,
3570,1310,filterLoc,,
3570,1313,filterLoc,,
3570,1316,filterLoc,,
3570,1319,filterLoc,,
3570,1322,filterLoc,,
3570,1325,filterLoc,,
3570,1328,filterLoc,,
3570,1331,filterLoc,,
3570,1334,filterLoc,,
3570,1337,filterLoc,,
3570,1340,filterLoc,,
3570,1343,filterLoc,,
3570,1346,filterLoc,,
3570,1349,filterLoc,,
3570,1352,filterLoc,,
3570,1355,filterLoc,,
3570,1358,filterLoc,,
3570,1361,filterLoc,,
3570,1364,filterLoc,,
3570,1367,filterLoc,,
3570,1370,filterLoc,,
3570,1373,filterLoc,,
3570,1376,filterLoc,,
3570,1379,filterLoc,,
3570,1382,filterLoc,,
3570,1385,filterLoc,,
3570,1388,filterLoc,,
3570,1391,filterLoc,,
3570,1394,filterLoc,,
3570,1397,filterLoc,,
3570,1400,filterLoc,,
3570,1403,filterLoc,,
3570,1406,filterLoc,,
3570,1409,filterLoc,,
3570,1412,filterLoc,,
3570,1415,filterLoc,,
3570,1418,filterLoc,,
3570,1421,filterLoc,,
3570,1424,filterLoc,,
3570,1427,filterLoc,,
3570,1430,filterLoc,,
3570,1433,filterLoc,,
3570,1436,filterLoc,,
3570,1439,filterLoc,,
3570,1442,filterLoc,,
3570,1445,filterLoc,,
3570,1448,filterLoc,,
3570,1451,filterLoc,,
3570,1454,filterLoc,,
3570,1457,filterLoc,,
3570,1460,filterLoc,,
3570,1463,filterLoc,,
3570,1466,filterLoc,,
3570,1469,filterLoc,,
3570,1472,filterLoc,,
3570,1475,filterLoc,,
3570,1478,filterLoc,,
3570,1481,filterLoc,,
3570,1484,filterLoc,,
3570,1487,filterLoc,,
3570,1490,filterLoc,,
3570,1493,filterLoc,,
3570,1496,filterLoc,,
3570,1499,filterLoc,,
3570,1502,filterLoc,,
3570,1505,filterLoc,,
3570,1508,filterLoc,,
3570,1511,filterLoc,,
3570,1514,filterLoc,,
3570,1517,filterLoc,,
3570,1520,filterLoc,,
3570,1523,filterLoc,,
3570,1526,filterLoc,,
3570,1529,filterLoc,,
3570,4,helipadManager,outHQ,0
3570,4,helipadManager,,;No helos are at ES
3570,5,helicopterQueue,,;No helos are waiting to land
3570,8,filterES,out,Helicopter 6 is evacuating people6
3570,8,filterES,,
3570,9,helicopter,,Helicopter;6;is loading people at the evacuation site;;and has;9;spots taken
3570,147,filterLoc,out,Evacuee 406 in triage category R is not assigned a helicopter
3570,147,filterLoc,,
3570,148,evacuee,,Evacuee;406;in triage state;R;is entering the FOL
3570,660,filterLoc,out,Evacuee 115 in triage category R is not assigned a helicopter
3570,660,filterLoc,,
3570,661,evacuee,,Evacuee;115;in triage state;R;is entering the FOL
3570,876,filterLoc,out,Evacuee 347 in triage category R is not assigned a helicopter
3570,876,filterLoc,,
3570,877,evacuee,,Evacuee;347;in triage state;R;is entering the FOL
3570,5,helicopterQueue,,;No helos are waiting to land
3570,9,helicopter,,Helicopter;6;is returning to the FOL;;and has;9;spots taken
3570,148,evacuee,outFOL,Evacuee 406 in triage category R is not assigned a helicopter
3570,148,evacuee,,Evacuee;406;in triage state;R;is at the FOL
3570,227,FOL,,;EvacueeID;4;Triage Status;G;EvacueeID;7;Triage Status;G;EvacueeID;10;Triage Status;G;EvacueeID;11;Triage Status;G;EvacueeID;13;Triage Status;G;EvacueeID;14;Triage Status;G;EvacueeID;15;Triage Status;G;EvacueeID;17;Triage Status;G;EvacueeID;18;Triage Status;G;EvacueeID;19;Triage Status;G;EvacueeID;23;Triage Status;G;EvacueeID;24;Triage Status;G;EvacueeID;26;Triage Status;G;EvacueeID;28;Triage Status;G;EvacueeID;29;Triage Status;G;EvacueeID;32;Triage Status;G;EvacueeID;37;Triage Status;G;EvacueeID;45;Triage Status;G;EvacueeID;48;Triage Status;G;EvacueeID;50;Triage Status;G;EvacueeID;54;Triage Status;G;EvacueeID;55;Triage Status;G;EvacueeID;58;Triage Status;G;EvacueeID;60;Triage Status;G;EvacueeID;65;Triage Status;G;EvacueeID;67;Triage Status;G;EvacueeID;73;Triage Status;G;EvacueeID;75;Triage Status;G;EvacueeID;77;Triage Status;G;EvacueeID;78;Triage Status;G;EvacueeID;82;Triage Status;G;EvacueeID;85;Triage Status;G;EvacueeID;95;Triage Status;G;EvacueeID;98;Triage Status;G;EvacueeID;99;Triage Status;G;EvacueeID;100;Triage Status;G;EvacueeID;101;Triage Status;G;EvacueeID;109;Triage Status;G;EvacueeID;112;Triage Status;G;EvacueeID;114;Triage Status;G;EvacueeID;123;Triage Status;G;EvacueeID;125;Triage Status;G;EvacueeID;126;Triage Status;G;EvacueeID;142;Triage Status;G;EvacueeID;144;Triage Status;G;EvacueeID;147;Triage Status;G;EvacueeID;153;Triage Status;G;EvacueeID;156;Triage Status;G;EvacueeID;158;Triage Status;G;EvacueeID;159;Triage Status;G;EvacueeID;161;Triage Status;G;EvacueeID;174;Triage Status;G;EvacueeID;177;Triage Status;G;EvacueeID;179;Triage Status;G;EvacueeID;181;Triage Status;G;EvacueeID;183;Triage Status;G;EvacueeID;184;Triage Status;G;EvacueeID;187;Triage Status;G;EvacueeID;190;Triage Status;G;EvacueeID;200;Triage Status;G;EvacueeID;201;Triage Status;G;EvacueeID;202;Triage Status;G;EvacueeID;203;Triage Status;G;EvacueeID;204;Triage Status;G;EvacueeID;205;Triage Status;G;EvacueeID;209;Triage Status;G;EvacueeID;212;Triage Status;G;EvacueeID;213;Triage Status;G;EvacueeID;215;Triage Status;G;EvacueeID;220;Triage Status;G;EvacueeID;226;Triage Status;G;EvacueeID;227;Triage Status;G;EvacueeID;232;Triage Status;G;EvacueeID;233;Triage Status;G;EvacueeID;234;Triage Status;G;EvacueeID;236;Triage Status;G;EvacueeID;241;Triage Status;G;EvacueeID;246;Triage Status;G;EvacueeID;255;Triage Status;G;EvacueeID;259;Triage Status;G;EvacueeID;260;Triage Status;G;EvacueeID;262;Triage Status;G;EvacueeID;263;Triage Status;G;EvacueeID;264;Triage Status;G;EvacueeID;267;Triage Status;G;EvacueeID;268;Triage Status;G;EvacueeID;270;Triage Status;G;EvacueeID;272;Triage Status;G;EvacueeID;275;Triage Status;G;EvacueeID;288;Triage Status;G;EvacueeID;290;Triage Status;G;EvacueeID;291;Triage Status;G;EvacueeID;292;Triage Status;G;EvacueeID;299;Triage Status;G;EvacueeID;300;Triage Status;G;EvacueeID;302;Triage Status;G;EvacueeID;322;Triage Status;G;EvacueeID;323;Triage Status;G;EvacueeID;324;Triage Status;G;EvacueeID;325;Triage Status;G;EvacueeID;326;Triage Status;G;EvacueeID;327;Triage Status;G;EvacueeID;343;Triage Status;G;EvacueeID;344;Triage Status;G;EvacueeID;345;Triage Status;G;EvacueeID;350;Triage Status;G;EvacueeID;355;Triage Status;G;EvacueeID;356;Triage Status;G;EvacueeID;361;Triage Status;G;EvacueeID;362;Triage Status;G;EvacueeID;365;Triage Status;G;EvacueeID;366;Triage Status;G;EvacueeID;368;Triage Status;G;EvacueeID;369;Triage Status;G;EvacueeID;370;Triage Status;G;EvacueeID;371;Triage Status;G;EvacueeID;372;Triage Status;G;EvacueeID;385;Triage Status;G;EvacueeID;387;Triage Status;G;EvacueeID;388;Triage Status;G;EvacueeID;390;Triage Status;G;EvacueeID;391;Triage Status;G;EvacueeID;396;Triage Status;G;EvacueeID;397;Triage Status;G;EvacueeID;398;Triage Status;G;EvacueeID;400;Triage Status;G;EvacueeID;401;Triage Status;G;EvacueeID;403;Triage Status;G;EvacueeID;404;Triage Status;G;EvacueeID;410;Triage Status;G;EvacueeID;413;Triage Status;G;EvacueeID;416;Triage Status;G;EvacueeID;418;Triage Status;G;EvacueeID;435;Triage Status;G;EvacueeID;441;Triage Status;G;EvacueeID;442;Triage Status;G;EvacueeID;445;Triage Status;G;EvacueeID;447;Triage Status;G;EvacueeID;448;Triage Status;G;EvacueeID;452;Triage Status;G;EvacueeID;455;Triage Status;G;EvacueeID;456;Triage Status;G;EvacueeID;457;Triage Status;G;EvacueeID;458;Triage Status;G;EvacueeID;464;Triage Status;G;EvacueeID;465;Triage Status;G;EvacueeID;466;Triage Status;G;EvacueeID;469;Triage Status;G;EvacueeID;470;Triage Status;G;EvacueeID;474;Triage Status;G;EvacueeID;359;Triage Status;R;EvacueeID;394;Triage Status;R;EvacueeID;444;Triage Status;R;EvacueeID;293;Triage Status;R;EvacueeID;307;Triage Status;R;EvacueeID;374;Triage Status;R;EvacueeID;115;Triage Status;R;EvacueeID;347;Triage Status;R;EvacueeID;406;Triage Status;R;Lives Saved;159
3570,661,evacuee,outFOL,Evacuee 115 in triage category R is not assigned a helicopter
3570,661,evacuee,,Evacuee;115;in triage state;R;is at the FOL
3570,877,evacuee,outFOL,Evacuee 347 in triage category R is not assigned a helicopter
3570,877,evacuee,,Evacuee;347;in triage state;R;is at the FOL
3570,227,FOL,,;EvacueeID;4;Triage Status;G;EvacueeID;7;Triage Status;G;EvacueeID;10;Triage Status;G;EvacueeID;11;Triage Status;G;EvacueeID;13;Triage Status;G;EvacueeID;14;Triage Status;G;EvacueeID;15;Triage Status;G;EvacueeID;17;Triage Status;G;EvacueeID;18;Triage Status;G;EvacueeID;19;Triage Status;G;EvacueeID;23;Triage Status;G;EvacueeID;24;Triage Status;G;EvacueeID;26;Triage Status;G;EvacueeID;28;Triage Status;G;EvacueeID;29;Triage Status;G;EvacueeID;32;Triage Status;G;EvacueeID;37;Triage Status;G;EvacueeID;45;Triage Status;G;EvacueeID;48;Triage Status;G;EvacueeID;50;Triage Status;G;EvacueeID;54;Triage Status;G;EvacueeID;55;Triage Status;G;EvacueeID;58;Triage Status;G;EvacueeID;60;Triage Status;G;EvacueeID;65;Triage Status;G;EvacueeID;67;Triage Status;G;EvacueeID;73;Triage Status;G;EvacueeID;75;Triage Status;G;EvacueeID;77;Triage Status;G;EvacueeID;78;Triage Status;G;EvacueeID;82;Triage Status;G;EvacueeID;85;Triage Status;G;EvacueeID;95;Triage Status;G;EvacueeID;98;Triage Status;G;EvacueeID;99;Triage Status;G;EvacueeID;100;Triage Status;G;EvacueeID;101;Triage Status;G;EvacueeID;109;Triage Status;G;EvacueeID;112;Triage Status;G;EvacueeID;114;Triage Status;G;EvacueeID;123;Triage Status;G;EvacueeID;125;Triage Status;G;EvacueeID;126;Triage Status;G;EvacueeID;142;Triage Status;G;EvacueeID;144;Triage Status;G;EvacueeID;147;Triage Status;G;EvacueeID;153;Triage Status;G;EvacueeID;156;Triage Status;G;EvacueeID;158;Triage Status;G;EvacueeID;159;Triage Status;G;EvacueeID;161;Triage Status;G;EvacueeID;174;Triage Status;G;EvacueeID;177;Triage Status;G;EvacueeID;179;Triage Status;G;EvacueeID;181;Triage Status;G;EvacueeID;183;Triage Status;G;EvacueeID;184;Triage Status;G;EvacueeID;187;Triage Status;G;EvacueeID;190;Triage Status;G;EvacueeID;200;Triage Status;G;EvacueeID;201;Triage Status;G;EvacueeID;202;Triage Status;G;EvacueeID;203;Triage Status;G;EvacueeID;204;Triage Status;G;EvacueeID;205;Triage Status;G;EvacueeID;209;Triage Status;G;EvacueeID;212;Triage Status;G;EvacueeID;213;Triage Status;G;EvacueeID;215;Triage Status;G;EvacueeID;220;Triage Status;G;EvacueeID;226;Triage Status;G;EvacueeID;227;Triage Status;G;EvacueeID;232;Triage Status;G;EvacueeID;233;Triage Status;G;EvacueeID;234;Triage Status;G;EvacueeID;236;Triage Status;G;EvacueeID;241;Triage Status;G;EvacueeID;246;Triage Status;G;EvacueeID;255;Triage Status;G;EvacueeID;259;Triage Status;G;EvacueeID;260;Triage Status;G;EvacueeID;262;Triage Status;G;EvacueeID;263;Triage Status;G;EvacueeID;264;Triage Status;G;EvacueeID;267;Triage Status;G;EvacueeID;268;Triage Status;G;EvacueeID;270;Triage Status;G;EvacueeID;272;Triage Status;G;EvacueeID;275;Triage Status;G;EvacueeID;288;Triage Status;G;EvacueeID;290;Triage Status;G;EvacueeID;291;Triage Status;G;EvacueeID;292;Triage Status;G;EvacueeID;299;Triage Status;G;EvacueeID;300;Triage Status;G;EvacueeID;302;Triage Status;G;EvacueeID;322;Triage Status;G;EvacueeID;323;Triage Status;G;EvacueeID;324;Triage Status;G;EvacueeID;325;Triage Status;G;EvacueeID;326;Triage Status;G;EvacueeID;327;Triage Status;G;EvacueeID;343;Triage Status;G;EvacueeID;344;Triage Status;G;EvacueeID;345;Triage Status;G;EvacueeID;350;Triage Status;G;EvacueeID;355;Triage Status;G;EvacueeID;356;Triage Status;G;EvacueeID;361;Triage Status;G;EvacueeID;362;Triage Status;G;EvacueeID;365;Triage Status;G;EvacueeID;366;Triage Status;G;EvacueeID;368;Triage Status;G;EvacueeID;369;Triage Status;G;EvacueeID;370;Triage Status;G;EvacueeID;371;Triage Status;G;EvacueeID;372;Triage Status;G;EvacueeID;385;Triage Status;G;EvacueeID;387;Triage Status;G;EvacueeID;388;Triage Status;G;EvacueeID;390;Triage Status;G;EvacueeID;391;Triage Status;G;EvacueeID;396;Triage Status;G;EvacueeID;397;Triage Status;G;EvacueeID;398;Triage Status;G;EvacueeID;400;Triage Status;G;EvacueeID;401;Triage Status;G;EvacueeID;403;Triage Status;G;EvacueeID;404;Triage Status;G;EvacueeID;410;Triage Status;G;EvacueeID;413;Triage Status;G;EvacueeID;416;Triage Status;G;EvacueeID;418;Triage Status;G;EvacueeID;435;Triage Status;G;EvacueeID;441;Triage Status;G;EvacueeID;442;Triage Status;G;EvacueeID;445;Triage Status;G;EvacueeID;447;Triage Status;G;EvacueeID;448;Triage Status;G;EvacueeID;452;Triage Status;G;EvacueeID;455;Triage Status;G;EvacueeID;456;Triage Status;G;EvacueeID;457;Triage Status;G;EvacueeID;458;Triage Status;G;EvacueeID;464;Triage Status;G;EvacueeID;465;Triage Status;G;EvacueeID;466;Triage Status;G;EvacueeID;469;Triage Status;G;EvacueeID;470;Triage Status;G;EvacueeID;474;Triage Status;G;EvacueeID;359;Triage Status;R;EvacueeID;394;Triage Status;R;EvacueeID;444;Triage Status;R;EvacueeID;293;Triage Status;R;EvacueeID;307;Triage Status;R;EvacueeID;374;Triage Status;R;EvacueeID;115;Triage Status;R;EvacueeID;347;Triage Status;R;EvacueeID;406;Triage Status;R;Lives Saved;159
3585,11,filterLoc,,
3585,14,filterLoc,,
3585,17,filterLoc,,
3585,20,filterLoc,,
3585,23,filterLoc,,
3585,26,filterLoc,,
3585,29,filterLoc,,
3585,32,filterLoc,,
3585,35,filterLoc,,
3585,38,filterLoc,,
3585,41,filterLoc,,
3585,44,filterLoc,,
3585,47,filterLoc,,
3585,50,filterLoc,,
3585,53,filterLoc,,
3585,56,filterLoc,,
3585,59,filterLoc,,
3585,62,filterLoc,,
3585,65,filterLoc,,
3585,68,filterLoc,,
3585,71,filterLoc,,
3585,74,filterLoc,,
3585,77,filterLoc,,
3585,80,filterLoc,,
3585,83,filterLoc,,
3585,86,filterLoc,,
3585,89,filterLoc,,
3585,92,filterLoc,,
3585,95,filterLoc,,
3585,98,filterLoc,,
3585,101,filterLoc,,
3585,104,filterLoc,,
3585,111,filterLoc,,
3585,114,filterLoc,,
3585,117,filterLoc,,
3585,120,filterLoc,,
3585,123,filterLoc,,
3585,126,filterLoc,,
3585,129,filterLoc,,;Evacuee;419;in triage category;Y;is leaving helicopter;5
3585,132,filterLoc,,
3585,135,filterLoc,,
3585,138,filterLoc,,
3585,141,filterLoc,,
3585,144,filterLoc,,
3585,147,filterLoc,,
3585,150,filterLoc,,
3585,153,filterLoc,,
3585,156,filterLoc,,
3585,159,filterLoc,,
3585,162,filterLoc,,
3585,165,filterLoc,,
3585,168,filterLoc,,
3585,171,filterLoc,,
3585,174,filterLoc,,
3585,177,filterLoc,,
3585,180,filterLoc,,
3585,183,filterLoc,,
3585,186,filterLoc,,
3585,189,filterLoc,,
3585,192,filterLoc,,
3585,195,filterLoc,,
3585,198,filterLoc,,
3585,201,filterLoc,,
3585,204,filterLoc,,
3585,207,filterLoc,,
3585,210,filterLoc,,
3585,213,filterLoc,,
3585,216,filterLoc,,
3585,219,filterLoc,,
3585,222,filterLoc,,
3585,225,filterLoc,,
3585,229,filterLoc,,
3585,232,filterLoc,,
3585,235,filterLoc,,
3585,238,filterLoc,,
3585,241,filterLoc,,
3585,244,filterLoc,,
3585,247,filterLoc,,
3585,250,filterLoc,,
3585,253,filterLoc,,
3585,256,filterLoc,,
3585,259,filterLoc,,
3585,262,filterLoc,,
3585,265,filterLoc,,
3585,268,filterLoc,,
3585,271,filterLoc,,
3585,274,filterLoc,,
3585,277,filterLoc,,
3585,280,filterLoc,,
3585,283,filterLoc,,
3585,286,filterLoc,,
3585,289,filterLoc,,
3585,296,filterLoc,,
3585,299,filterLoc,,
3585,302,filterLoc,,
3585,305,filterLoc,,
3585,308,filterLoc,,
3585,311,filterLoc,,
3585,314,filterLoc,,
3585,317,filterLoc,,
3585,320,filterLoc,,
3585,323,filterLoc,,
3585,326,filterLoc,,
3585,329,filterLoc,,
3585,332,filterLoc,,
3585,335,filterLoc,,
3585,338,filterLoc,,
3585,341,filterLoc,,
3585,344,filterLoc,,
3585,347,filterLoc,,
3585,350,filterLoc,,
3585,353,filterLoc,,
3585,356,filterLoc,,
3585,359,filterLoc,,
3585,362,filterLoc,,
3585,365,filterLoc,,
3585,368,filterLoc,,
3585,371,filterLoc,,
3585,374,filterLoc,,
3585,377,filterLoc,,
3585,380,filterLoc,,
3585,383,filterLoc,,
3585,386,filterLoc,,
3585,389,filterLoc,,
3585,392,filterLoc,,
3585,395,filterLoc,,
3585,398,filterLoc,,
3585,401,filterLoc,,
3585,404,filterLoc,,
3585,407,filterLoc,,
3585,410,filterLoc,,
3585,413,filterLoc,,
3585,416,filterLoc,,
3585,419,filterLoc,,
3585,422,filterLoc,,
3585,425,filterLoc,,
3585,428,filterLoc,,
3585,431,filterLoc,,
3585,434,filterLoc,,
3585,437,filterLoc,,
3585,440,filterLoc,,
3585,443,filterLoc,,
3585,446,filterLoc,,
3585,449,filterLoc,,
3585,452,filterLoc,,
3585,455,filterLoc,,
3585,458,filterLoc,,
3585,461,filterLoc,,
3585,464,filterLoc,,
3585,467,filterLoc,,
3585,470,filterLoc,,
3585,473,filterLoc,,
3585,476,filterLoc,,
3585,479,filterLoc,,
3585,482,filterLoc,,
3585,485,filterLoc,,
3585,488,filterLoc,,
3585,491,filterLoc,,
3585,494,filterLoc,,
3585,497,filterLoc,,
3585,500,filterLoc,,
3585,503,filterLoc,,
3585,506,filterLoc,,
3585,509,filterLoc,,
3585,512,filterLoc,,
3585,515,filterLoc,,
3585,518,filterLoc,,
3585,521,filterLoc,,
3585,524,filterLoc,,
3585,527,filterLoc,,
3585,530,filterLoc,,
3585,533,filterLoc,,
3585,536,filterLoc,,
3585,539,filterLoc,,
3585,542,filterLoc,,
3585,545,filterLoc,,
3585,548,filterLoc,,
3585,551,filterLoc,,
3585,554,filterLoc,,
3585,557,filterLoc,,
3585,560,filterLoc,,
3585,563,filterLoc,,
3585,566,filterLoc,,
3585,569,filterLoc,,
3585,574,helicopter,outEvac,Evacuee 182 in triage category Y is not assigned a helicopter
3585,574,helicopter,outEvac,Evacuee 230 in triage category Y is not assigned a helicopter
3585,574,helicopter,outEvac,Evacuee 419 in triage category Y is not assigned a helicopter
3585,574,helicopter,,Helicopter;5;is unloading people at the FOL;;and has;0;spots taken
3585,576,filterLoc,,
3585,579,filterLoc,,
3585,582,filterLoc,,
3585,585,filterLoc,,
3585,588,filterLoc,,
3585,591,filterLoc,,
3585,594,filterLoc,,
3585,597,filterLoc,,
3585,600,filterLoc,,
3585,603,filterLoc,,
3585,606,filterLoc,,
3585,609,filterLoc,,
3585,612,filterLoc,,
3585,615,filterLoc,,
3585,618,filterLoc,,
3585,621,filterLoc,,
3585,624,filterLoc,,
3585,627,filterLoc,,
3585,630,filterLoc,,
3585,633,filterLoc,,
3585,636,filterLoc,,
3585,639,filterLoc,,
3585,642,filterLoc,,
3585,645,filterLoc,,
3585,648,filterLoc,,
3585,651,filterLoc,,
3585,654,filterLoc,,
3585,657,filterLoc,,
3585,660,filterLoc,,
3585,663,filterLoc,,
3585,666,filterLoc,,
3585,669,filterLoc,,
3585,672,filterLoc,,
3585,675,filterLoc,,
3585,678,filterLoc,,
3585,681,filterLoc,,
3585,684,filterLoc,,
3585,687,filterLoc,,
3585,690,filterLoc,,
3585,693,filterLoc,,
3585,696,filterLoc,,
3585,699,filterLoc,,
3585,702,filterLoc,,
3585,705,filterLoc,,
3585,708,filterLoc,,
3585,711,filterLoc,,
3585,714,filterLoc,,
3585,717,filterLoc,,
3585,720,filterLoc,,
3585,723,filterLoc,,
3585,726,filterLoc,,
3585,729,filterLoc,,
3585,732,filterLoc,,
3585,735,filterLoc,,
3585,738,filterLoc,,
3585,741,filterLoc,,
3585,744,filterLoc,,
3585,747,filterLoc,,
3585,750,filterLoc,,
3585,753,filterLoc,,
3585,756,filterLoc,,
3585,759,filterLoc,,
3585,762,filterLoc,,
3585,765,filterLoc,,
3585,768,filterLoc,,
3585,771,filterLoc,,
3585,774,filterLoc,,
3585,777,filterLoc,,
3585,780,filterLoc,,
3585,783,filterLoc,,
3585,786,filterLoc,,
3585,789,filterLoc,,
3585,792,filterLoc,,
3585,795,filterLoc,,
3585,798,filterLoc,,
3585,801,filterLoc,,
3585,804,filterLoc,,
3585,807,filterLoc,,
3585,810,filterLoc,,
3585,813,filterLoc,,
3585,816,filterLoc,,
3585,819,filterLoc,,
3585,822,filterLoc,,
3585,825,filterLoc,,
3585,828,filterLoc,,
3585,831,filterLoc,,
3585,834,filterLoc,,
3585,837,filterLoc,,
3585,840,filterLoc,,
3585,843,filterLoc,,
3585,846,filterLoc,,
3585,849,filterLoc,,
3585,852,filterLoc,,
3585,855,filterLoc,,
3585,858,filterLoc,,
3585,861,filterLoc,,
3585,864,filterLoc,,
3585,867,filterLoc,,
3585,870,filterLoc,,
3585,873,filterLoc,,
3585,876,filterLoc,,
3585,879,filterLoc,,
3585,882,filterLoc,,
3585,885,filterLoc,,
3585,888,filterLoc,,
3585,891,filterLoc,,
3585,894,filterLoc,,
3585,897,filterLoc,,
3585,900,filterLoc,,
3585,903,filterLoc,,
3585,906,filterLoc,,
3585,909,filterLoc,,
3585,912,filterLoc,,
3585,915,filterLoc,,
3585,918,filterLoc,,
3585,921,filterLoc,,
3585,924,filterLoc,,
3585,927,filterLoc,,
3585,930,filterLoc,,
3585,933,filterLoc,,
3585,936,filterLoc,,
3585,939,filterLoc,,
3585,942,filterLoc,,
3585,945,filterLoc,,
3585,948,filterLoc,,
3585,951,filterLoc,,
3585,954,filterLoc,,
3585,957,filterLoc,,
3585,960,filterLoc,,
3585,963,filterLoc,,
3585,966,filterLoc,,
3585,969,filterLoc,,
3585,972,filterLoc,,
3585,975,filterLoc,,
3585,978,filterLoc,,
3585,981,filterLoc,,
3585,984,filterLoc,,
3585,987,filterLoc,,
3585,990,filterLoc,,
3585,993,filterLoc,,
3585,996,filterLoc,,
3585,999,filterLoc,,
3585,1002,filterLoc,,
3585,1005,filterLoc,,
3585,1008,filterLoc,,
3585,1011,filterLoc,,
3585,1014,filterLoc,,
3585,1017,filterLoc,,
3585,1020,filterLoc,,
3585,1023,filterLoc,,
3585,1026,filterLoc,,
3585,1029,filterLoc,,
3585,1032,filterLoc,,
3585,1035,filterLoc,,
3585,1038,filterLoc,,
3585,1041,filterLoc,,
3585,1044,filterLoc,,
3585,1047,filterLoc,,
3585,1050,filterLoc,,
3585,1053,filterLoc,,
3585,1056,filterLoc,,
3585,1059,filterLoc,,
3585,1062,filterLoc,,
3585,1065,filterLoc,,
3585,1068,filterLoc,,
3585,1071,filterLoc,,
3585,1074,filterLoc,,
3585,1077,filterLoc,,
3585,1080,filterLoc,,
3585,1083,filterLoc,,
3585,1086,filterLoc,,
3585,1089,filterLoc,,
3585,1092,filterLoc,,
3585,1095,filterLoc,,
3585,1098,filterLoc,,
3585,1101,filterLoc,,
3585,1104,filterLoc,,
3585,1107,filterLoc,,
3585,1110,filterLoc,,
3585,1113,filterLoc,,
3585,1116,filterLoc,,
3585,1119,filterLoc,,;Evacuee;182;in triage category;Y;is leaving helicopter;5
3585,1122,filterLoc,,
3585,1125,filterLoc,,
3585,1128,filterLoc,,
3585,1133,helicopter,,Helicopter;2;Is going to the evacuation site;;and has;0;spots taken
3585,1135,filterLoc,,
3585,1138,filterLoc,,
3585,1141,filterLoc,,
3585,1144,filterLoc,,
3585,1147,filterLoc,,
3585,1150,filterLoc,,
3585,1153,filterLoc,,
3585,1156,filterLoc,,
3585,1159,filterLoc,,
3585,1162,filterLoc,,
3585,1165,filterLoc,,
3585,1168,filterLoc,,
3585,1175,filterLoc,,
3585,1178,filterLoc,,
3585,1181,filterLoc,,
3585,1184,filterLoc,,
3585,1187,filterLoc,,
3585,1190,filterLoc,,
3585,1193,filterLoc,,
3585,1196,filterLoc,,
3585,1199,filterLoc,,
3585,1202,filterLoc,,
3585,1205,filterLoc,,
3585,1208,filterLoc,,
3585,1211,filterLoc,,
3585,1214,filterLoc,,
3585,1217,filterLoc,,
3585,1220,filterLoc,,
3585,1223,filterLoc,,
3585,1226,filterLoc,,
3585,1229,filterLoc,,
3585,1232,filterLoc,,
3585,1235,filterLoc,,
3585,1238,filterLoc,,
3585,1241,filterLoc,,
3585,1244,filterLoc,,
3585,1247,filterLoc,,
3585,1250,filterLoc,,
3585,1253,filterLoc,,
3585,1256,filterLoc,,
3585,1259,filterLoc,,
3585,1262,filterLoc,,
3585,1265,filterLoc,,
3585,1268,filterLoc,,
3585,1271,filterLoc,,
3585,1274,filterLoc,,
3585,1277,filterLoc,,
3585,1280,filterLoc,,
3585,1283,filterLoc,,
3585,1286,filterLoc,,
3585,1289,filterLoc,,
3585,1292,filterLoc,,
3585,1295,filterLoc,,
3585,1298,filterLoc,,
3585,1301,filterLoc,,
3585,1304,filterLoc,,;Evacuee;230;in triage category;Y;is leaving helicopter;5
3585,1307,filterLoc,,
3585,1310,filterLoc,,
3585,1313,filterLoc,,
3585,1316,filterLoc,,
3585,1319,filterLoc,,
3585,1322,filterLoc,,
3585,1325,filterLoc,,
3585,1328,filterLoc,,
3585,1331,filterLoc,,
3585,1334,filterLoc,,
3585,1337,filterLoc,,
3585,1340,filterLoc,,
3585,1343,filterLoc,,
3585,1346,filterLoc,,
3585,1349,filterLoc,,
3585,1352,filterLoc,,
3585,1355,filterLoc,,
3585,1358,filterLoc,,
3585,1361,filterLoc,,
3585,1364,filterLoc,,
3585,1367,filterLoc,,
3585,1370,filterLoc,,
3585,1373,filterLoc,,
3585,1376,filterLoc,,
3585,1379,filterLoc,,
3585,1382,filterLoc,,
3585,1385,filterLoc,,
3585,1388,filterLoc,,
3585,1391,filterLoc,,
3585,1394,filterLoc,,
3585,1397,filterLoc,,
3585,1400,filterLoc,,
3585,1403,filterLoc,,
3585,1406,filterLoc,,
3585,1409,filterLoc,,
3585,1412,filterLoc,,
3585,1415,filterLoc,,
3585,1418,filterLoc,,
3585,1421,filterLoc,,
3585,1424,filterLoc,,
3585,1427,filterLoc,,
3585,1430,filterLoc,,
3585,1433,filterLoc,,
3585,1436,filterLoc,,
3585,1439,filterLoc,,
3585,1442,filterLoc,,
3585,1445,filterLoc,,
3585,1448,filterLoc,,
3585,1451,filterLoc,,
3585,1454,filterLoc,,
3585,1457,filterLoc,,
3585,1460,filterLoc,,
3585,1463,filterLoc,,
3585,1466,filterLoc,,
3585,1469,filterLoc,,
3585,1472,filterLoc,,
3585,1475,filterLoc,,
3585,1478,filterLoc,,
3585,1481,filterLoc,,
3585,1484,filterLoc,,
3585,1487,filterLoc,,
3585,1490,filterLoc,,
3585,1493,filterLoc,,
3585,1496,filterLoc,,
3585,1499,filterLoc,,
3585,1502,filterLoc,,
3585,1505,filterLoc,,
3585,1508,filterLoc,,
3585,1511,filterLoc,,
3585,1514,filterLoc,,
3585,1517,filterLoc,,
3585,1520,filterLoc,,
3585,1523,filterLoc,,
3585,1526,filterLoc,,
3585,1529,filterLoc,,
3585,129,filterLoc,out,Evacuee 419 in triage category Y is not assigned a helicopter
3585,129,filterLoc,,
3585,130,evacuee,,Evacuee;419;in triage state;Y;is entering the FOL
3585,1119,filterLoc,out,Evacuee 182 in triage category Y is not assigned a helicopter
3585,1119,filterLoc,,
3585,1120,evacuee,,Evacuee;182;in triage state;Y;is entering the FOL
3585,1304,filterLoc,out,Evacuee 230 in triage category Y is not assigned a helicopter
3585,1304,filterLoc,,
3585,1305,evacuee,,Evacuee;230;in triage state;Y;is entering the FOL
3585,130,evacuee,outFOL,Evacuee 419 in triage category Y is not assigned a helicopter
3585,130,evacuee,,Evacuee;419;in triage state;Y;is at the FOL
3585,227,FOL,,;EvacueeID;4;Triage Status;G;EvacueeID;7;Triage Status;G;EvacueeID;10;Triage Status;G;EvacueeID;11;Triage Status;G;EvacueeID;13;Triage Status;G;EvacueeID;14;Triage Status;G;EvacueeID;15;Triage Status;G;EvacueeID;17;Triage Status;G;EvacueeID;18;Triage Status;G;EvacueeID;19;Triage Status;G;EvacueeID;23;Triage Status;G;EvacueeID;24;Triage Status;G;EvacueeID;26;Triage Status;G;EvacueeID;28;Triage Status;G;EvacueeID;29;Triage Status;G;EvacueeID;32;Triage Status;G;EvacueeID;37;Triage Status;G;EvacueeID;45;Triage Status;G;EvacueeID;48;Triage Status;G;EvacueeID;50;Triage Status;G;EvacueeID;54;Triage Status;G;EvacueeID;55;Triage Status;G;EvacueeID;58;Triage Status;G;EvacueeID;60;Triage Status;G;EvacueeID;65;Triage Status;G;EvacueeID;67;Triage Status;G;EvacueeID;73;Triage Status;G;EvacueeID;75;Triage Status;G;EvacueeID;77;Triage Status;G;EvacueeID;78;Triage Status;G;EvacueeID;82;Triage Status;G;EvacueeID;85;Triage Status;G;EvacueeID;95;Triage Status;G;EvacueeID;98;Triage Status;G;EvacueeID;99;Triage Status;G;EvacueeID;100;Triage Status;G;EvacueeID;101;Triage Status;G;EvacueeID;109;Triage Status;G;EvacueeID;112;Triage Status;G;EvacueeID;114;Triage Status;G;EvacueeID;123;Triage Status;G;EvacueeID;125;Triage Status;G;EvacueeID;126;Triage Status;G;EvacueeID;142;Triage Status;G;EvacueeID;144;Triage Status;G;EvacueeID;147;Triage Status;G;EvacueeID;153;Triage Status;G;EvacueeID;156;Triage Status;G;EvacueeID;158;Triage Status;G;EvacueeID;159;Triage Status;G;EvacueeID;161;Triage Status;G;EvacueeID;174;Triage Status;G;EvacueeID;177;Triage Status;G;EvacueeID;179;Triage Status;G;EvacueeID;181;Triage Status;G;EvacueeID;183;Triage Status;G;EvacueeID;184;Triage Status;G;EvacueeID;187;Triage Status;G;EvacueeID;190;Triage Status;G;EvacueeID;200;Triage Status;G;EvacueeID;201;Triage Status;G;EvacueeID;202;Triage Status;G;EvacueeID;203;Triage Status;G;EvacueeID;204;Triage Status;G;EvacueeID;205;Triage Status;G;EvacueeID;209;Triage Status;G;EvacueeID;212;Triage Status;G;EvacueeID;213;Triage Status;G;EvacueeID;215;Triage Status;G;EvacueeID;220;Triage Status;G;EvacueeID;226;Triage Status;G;EvacueeID;227;Triage Status;G;EvacueeID;232;Triage Status;G;EvacueeID;233;Triage Status;G;EvacueeID;234;Triage Status;G;EvacueeID;236;Triage Status;G;EvacueeID;241;Triage Status;G;EvacueeID;246;Triage Status;G;EvacueeID;255;Triage Status;G;EvacueeID;259;Triage Status;G;EvacueeID;260;Triage Status;G;EvacueeID;262;Triage Status;G;EvacueeID;263;Triage Status;G;EvacueeID;264;Triage Status;G;EvacueeID;267;Triage Status;G;EvacueeID;268;Triage Status;G;EvacueeID;270;Triage Status;G;EvacueeID;272;Triage Status;G;EvacueeID;275;Triage Status;G;EvacueeID;288;Triage Status;G;EvacueeID;290;Triage Status;G;EvacueeID;291;Triage Status;G;EvacueeID;292;Triage Status;G;EvacueeID;299;Triage Status;G;EvacueeID;300;Triage Status;G;EvacueeID;302;Triage Status;G;EvacueeID;322;Triage Status;G;EvacueeID;323;Triage Status;G;EvacueeID;324;Triage Status;G;EvacueeID;325;Triage Status;G;EvacueeID;326;Triage Status;G;EvacueeID;327;Triage Status;G;EvacueeID;343;Triage Status;G;EvacueeID;344;Triage Status;G;EvacueeID;345;Triage Status;G;EvacueeID;350;Triage Status;G;EvacueeID;355;Triage Status;G;EvacueeID;356;Triage Status;G;EvacueeID;361;Triage Status;G;EvacueeID;362;Triage Status;G;EvacueeID;365;Triage Status;G;EvacueeID;366;Triage Status;G;EvacueeID;368;Triage Status;G;EvacueeID;369;Triage Status;G;EvacueeID;370;Triage Status;G;EvacueeID;371;Triage Status;G;EvacueeID;372;Triage Status;G;EvacueeID;385;Triage Status;G;EvacueeID;387;Triage Status;G;EvacueeID;388;Triage Status;G;EvacueeID;390;Triage Status;G;EvacueeID;391;Triage Status;G;EvacueeID;396;Triage Status;G;EvacueeID;397;Triage Status;G;EvacueeID;398;Triage Status;G;EvacueeID;400;Triage Status;G;EvacueeID;401;Triage Status;G;EvacueeID;403;Triage Status;G;EvacueeID;404;Triage Status;G;EvacueeID;410;Triage Status;G;EvacueeID;413;Triage Status;G;EvacueeID;416;Triage Status;G;EvacueeID;418;Triage Status;G;EvacueeID;435;Triage Status;G;EvacueeID;441;Triage Status;G;EvacueeID;442;Triage Status;G;EvacueeID;445;Triage Status;G;EvacueeID;447;Triage Status;G;EvacueeID;448;Triage Status;G;EvacueeID;452;Triage Status;G;EvacueeID;455;Triage Status;G;EvacueeID;456;Triage Status;G;EvacueeID;457;Triage Status;G;EvacueeID;458;Triage Status;G;EvacueeID;464;Triage Status;G;EvacueeID;465;Triage Status;G;EvacueeID;466;Triage Status;G;EvacueeID;469;Triage Status;G;EvacueeID;470;Triage Status;G;EvacueeID;474;Triage Status;G;EvacueeID;359;Triage Status;R;EvacueeID;394;Triage Status;R;EvacueeID;444;Triage Status;R;EvacueeID;293;Triage Status;R;EvacueeID;307;Triage Status;R;EvacueeID;374;Triage Status;R;EvacueeID;115;Triage Status;R;EvacueeID;347;Triage Status;R;EvacueeID;406;Triage Status;R;EvacueeID;182;Triage Status;Y;EvacueeID;230;Triage Status;Y;EvacueeID;419;Triage Status;Y;Lives Saved;162
3585,1120,evacuee,outFOL,Evacuee 182 in triage category Y is not assigned a helicopter
3585,1120,evacuee,,Evacuee;182;in triage state;Y;is at the FOL
3585,1305,evacuee,outFOL,Evacuee 230 in triage category Y is not assigned a helicopter
3585,1305,evacuee,,Evacuee;230;in triage state;Y;is at the FOL
3585,227,FOL,,;EvacueeID;4;Triage Status;G;EvacueeID;7;Triage Status;G;EvacueeID;10;Triage Status;G;EvacueeID;11;Triage Status;G;EvacueeID;13;Triage Status;G;EvacueeID;14;Triage Status;G;EvacueeID;15;Triage Status;G;EvacueeID;17;Triage Status;G;EvacueeID;18;Triage Status;G;EvacueeID;19;Triage Status;G;EvacueeID;23;Triage Status;G;EvacueeID;24;Triage Status;G;EvacueeID;26;Triage Status;G;EvacueeID;28;Triage Status;G;EvacueeID;29;Triage Status;G;EvacueeID;32;Triage Status;G;EvacueeID;37;Triage Status;G;EvacueeID;45;Triage Status;G;EvacueeID;48;Triage Status;G;EvacueeID;50;Triage Status;G;EvacueeID;54;Triage Status;G;EvacueeID;55;Triage Status;G;EvacueeID;58;Triage Status;G;EvacueeID;60;Triage Status;G;EvacueeID;65;Triage Status;G;EvacueeID;67;Triage Status;G;EvacueeID;73;Triage Status;G;EvacueeID;75;Triage Status;G;EvacueeID;77;Triage Status;G;EvacueeID;78;Triage Status;G;EvacueeID;82;Triage Status;G;EvacueeID;85;Triage Status;G;EvacueeID;95;Triage Status;G;EvacueeID;98;Triage Status;G;EvacueeID;99;Triage Status;G;EvacueeID;100;Triage Status;G;EvacueeID;101;Triage Status;G;EvacueeID;109;Triage Status;G;EvacueeID;112;Triage Status;G;EvacueeID;114;Triage Status;G;EvacueeID;123;Triage Status;G;EvacueeID;125;Triage Status;G;EvacueeID;126;Triage Status;G;EvacueeID;142;Triage Status;G;EvacueeID;144;Triage Status;G;EvacueeID;147;Triage Status;G;EvacueeID;153;Triage Status;G;EvacueeID;156;Triage Status;G;EvacueeID;158;Triage Status;G;EvacueeID;159;Triage Status;G;EvacueeID;161;Triage Status;G;EvacueeID;174;Triage Status;G;EvacueeID;177;Triage Status;G;EvacueeID;179;Triage Status;G;EvacueeID;181;Triage Status;G;EvacueeID;183;Triage Status;G;EvacueeID;184;Triage Status;G;EvacueeID;187;Triage Status;G;EvacueeID;190;Triage Status;G;EvacueeID;200;Triage Status;G;EvacueeID;201;Triage Status;G;EvacueeID;202;Triage Status;G;EvacueeID;203;Triage Status;G;EvacueeID;204;Triage Status;G;EvacueeID;205;Triage Status;G;EvacueeID;209;Triage Status;G;EvacueeID;212;Triage Status;G;EvacueeID;213;Triage Status;G;EvacueeID;215;Triage Status;G;EvacueeID;220;Triage Status;G;EvacueeID;226;Triage Status;G;EvacueeID;227;Triage Status;G;EvacueeID;232;Triage Status;G;EvacueeID;233;Triage Status;G;EvacueeID;234;Triage Status;G;EvacueeID;236;Triage Status;G;EvacueeID;241;Triage Status;G;EvacueeID;246;Triage Status;G;EvacueeID;255;Triage Status;G;EvacueeID;259;Triage Status;G;EvacueeID;260;Triage Status;G;EvacueeID;262;Triage Status;G;EvacueeID;263;Triage Status;G;EvacueeID;264;Triage Status;G;EvacueeID;267;Triage Status;G;EvacueeID;268;Triage Status;G;EvacueeID;270;Triage Status;G;EvacueeID;272;Triage Status;G;EvacueeID;275;Triage Status;G;EvacueeID;288;Triage Status;G;EvacueeID;290;Triage Status;G;EvacueeID;291;Triage Status;G;EvacueeID;292;Triage Status;G;EvacueeID;299;Triage Status;G;EvacueeID;300;Triage Status;G;EvacueeID;302;Triage Status;G;EvacueeID;322;Triage Status;G;EvacueeID;323;Triage Status;G;EvacueeID;324;Triage Status;G;EvacueeID;325;Triage Status;G;EvacueeID;326;Triage Status;G;EvacueeID;327;Triage Status;G;EvacueeID;343;Triage Status;G;EvacueeID;344;Triage Status;G;EvacueeID;345;Triage Status;G;EvacueeID;350;Triage Status;G;EvacueeID;355;Triage Status;G;EvacueeID;356;Triage Status;G;EvacueeID;361;Triage Status;G;EvacueeID;362;Triage Status;G;EvacueeID;365;Triage Status;G;EvacueeID;366;Triage Status;G;EvacueeID;368;Triage Status;G;EvacueeID;369;Triage Status;G;EvacueeID;370;Triage Status;G;EvacueeID;371;Triage Status;G;EvacueeID;372;Triage Status;G;EvacueeID;385;Triage Status;G;EvacueeID;387;Triage Status;G;EvacueeID;388;Triage Status;G;EvacueeID;390;Triage Status;G;EvacueeID;391;Triage Status;G;EvacueeID;396;Triage Status;G;EvacueeID;397;Triage Status;G;EvacueeID;398;Triage Status;G;EvacueeID;400;Triage Status;G;EvacueeID;401;Triage Status;G;EvacueeID;403;Triage Status;G;EvacueeID;404;Triage Status;G;EvacueeID;410;Triage Status;G;EvacueeID;413;Triage Status;G;EvacueeID;416;Triage Status;G;EvacueeID;418;Triage Status;G;EvacueeID;435;Triage Status;G;EvacueeID;441;Triage Status;G;EvacueeID;442;Triage Status;G;EvacueeID;445;Triage Status;G;EvacueeID;447;Triage Status;G;EvacueeID;448;Triage Status;G;EvacueeID;452;Triage Status;G;EvacueeID;455;Triage Status;G;EvacueeID;456;Triage Status;G;EvacueeID;457;Triage Status;G;EvacueeID;458;Triage Status;G;EvacueeID;464;Triage Status;G;EvacueeID;465;Triage Status;G;EvacueeID;466;Triage Status;G;EvacueeID;469;Triage Status;G;EvacueeID;470;Triage Status;G;EvacueeID;474;Triage Status;G;EvacueeID;359;Triage Status;R;EvacueeID;394;Triage Status;R;EvacueeID;444;Triage Status;R;EvacueeID;293;Triage Status;R;EvacueeID;307;Triage Status;R;EvacueeID;374;Triage Status;R;EvacueeID;115;Triage Status;R;EvacueeID;347;Triage Status;R;EvacueeID;406;Triage Status;R;EvacueeID;182;Triage Status;Y;EvacueeID;230;Triage Status;Y;EvacueeID;419;Triage Status;Y;Lives Saved;162
3600,5,helicopterQueue,,1;Helos are waiting to land;HeloID;1
3600,574,helicopter,,Helicopter;5;Is going to the evacuation site;;and has;0;spots taken
3600,1173,helicopter,outES,Helicopter 1 is evacuating people1
3600,1173,helicopter,,Helicopter;1;is waiting to land at the evacuation site;;and has;0;spots taken
3600,4,helipadManager,,;No helos are at ES
3600,5,helicopterQueue,outHM,Helicopter 1 is evacuating people1
3600,5,helicopterQueue,outHelo,Helicopter 1 is evacuating people1
3600,5,helicopterQueue,,;No helos are waiting to land
3600,8,filterES,,
3600,108,filterES,,
3600,293,filterES,,
3600,573,filterES,,
3600,1132,filterES,,
3600,1172,filterES,,Helicopter;1;is evacuating people
3600,3,evacueeManager,,OFF SHIP: White;0;Green;0;Yellow;5;Red;0;Black;324;ON SHIP: White;0;Green;0;Yellow;0;Red;0;Evacuees to Transfer;;EvacueeID;256;HeloID;1;OnShip;0;Triage Status;Y;EvacueeID;352;HeloID;1;OnShip;0;Triage Status;Y;EvacueeID;152;HeloID;1;OnShip;0;Triage Status;Y
3600,4,helipadManager,outEM,Helicopter 1 is evacuating people1
3600,4,helipadManager,,Helo;1;is at the ES
3600,1172,filterES,out,Helicopter 1 is evacuating people1
3600,1172,filterES,,
3600,1173,helicopter,,Helicopter;1;is waiting to land at the evacuation site;;and has;0;spots taken
3600,3,evacueeManager,outEvac,Evacuee 256 in triage category Y is assigned helicopter 1
3600,3,evacueeManager,outEvac,Evacuee 352 in triage category Y is assigned helicopter 1
3600,3,evacueeManager,outEvac,Evacuee 152 in triage category Y is assigned helicopter 1
3600,3,evacueeManager,,OFF SHIP: White;0;Green;0;Yellow;5;Red;0;Black;324;ON SHIP: White;0;Green;0;Yellow;0;Red;0;Evacuees to Transfer;
3600,11,filterLoc,,
3600,14,filterLoc,,
3600,17,filterLoc,,
3600,20,filterLoc,,
3600,23,filterLoc,,
3600,26,filterLoc,,
3600,29,filterLoc,,
3600,32,filterLoc,,
3600,35,filterLoc,,
3600,38,filterLoc,,
3600,41,filterLoc,,
3600,44,filterLoc,,
3600,47,filterLoc,,
3600,50,filterLoc,,
3600,53,filterLoc,,
3600,56,filterLoc,,
3600,59,filterLoc,,
3600,62,filterLoc,,
3600,65,filterLoc,,
3600,68,filterLoc,,
3600,71,filterLoc,,
3600,74,filterLoc,,
3600,77,filterLoc,,
3600,80,filterLoc,,
3600,83,filterLoc,,
3600,86,filterLoc,,
3600,89,filterLoc,,
3600,92,filterLoc,,
3600,95,filterLoc,,
3600,98,filterLoc,,
3600,101,filterLoc,,
3600,104,filterLoc,,
3600,111,filterLoc,,
3600,114,filterLoc,,
3600,117,filterLoc,,
3600,120,filterLoc,,
3600,123,filterLoc,,
3600,126,filterLoc,,
3600,129,filterLoc,,
3600,132,filterLoc,,
3600,135,filterLoc,,
3600,138,filterLoc,,
3600,141,filterLoc,,
3600,144,filterLoc,,
3600,147,filterLoc,,
3600,150,filterLoc,,
3600,153,filterLoc,,
3600,156,filterLoc,,
3600,159,filterLoc,,
3600,162,filterLoc,,
3600,165,filterLoc,,
3600,168,filterLoc,,
3600,171,filterLoc,,
3600,174,filterLoc,,
3600,177,filterLoc,,
3600,180,filterLoc,,
3600,183,filterLoc,,
3600,186,filterLoc,,
3600,189,filterLoc,,
3600,192,filterLoc,,
3600,195,filterLoc,,
3600,198,filterLoc,,
3600,201,filterLoc,,
3600,204,filterLoc,,
3600,207,filterLoc,,
3600,210,filterLoc,,
3600,213,filterLoc,,
3600,216,filterLoc,,
3600,219,filterLoc,,
3600,222,filterLoc,,
3600,225,filterLoc,,
3600,229,filterLoc,,
3600,232,filterLoc,,
3600,235,filterLoc,,
3600,238,filterLoc,,
3600,241,filterLoc,,
3600,244,filterLoc,,
3600,247,filterLoc,,
3600,250,filterLoc,,
3600,253,filterLoc,,
3600,256,filterLoc,,
3600,259,filterLoc,,
3600,262,filterLoc,,
3600,265,filterLoc,,
3600,268,filterLoc,,
3600,271,filterLoc,,
3600,274,filterLoc,,
3600,277,filterLoc,,
3600,280,filterLoc,,
3600,283,filterLoc,,
3600,286,filterLoc,,
3600,289,filterLoc,,
3600,296,filterLoc,,
3600,299,filterLoc,,
3600,302,filterLoc,,
3600,305,filterLoc,,
3600,308,filterLoc,,
3600,311,filterLoc,,
3600,314,filterLoc,,
3600,317,filterLoc,,
3600,320,filterLoc,,
3600,323,filterLoc,,
3600,326,filterLoc,,
3600,329,filterLoc,,
3600,332,filterLoc,,
3600,335,filterLoc,,
3600,338,filterLoc,,
3600,341,filterLoc,,
3600,344,filterLoc,,
3600,347,filterLoc,,
3600,350,filterLoc,,
3600,353,filterLoc,,
3600,356,filterLoc,,
3600,359,filterLoc,,
3600,362,filterLoc,,
3600,365,filterLoc,,;Evacuee;352;in triage category;Y;is entering helicopter;1
3600,368,filterLoc,,
3600,371,filterLoc,,
3600,374,filterLoc,,
3600,377,filterLoc,,
3600,380,filterLoc,,
3600,383,filterLoc,,
3600,386,filterLoc,,
3600,389,filterLoc,,
3600,392,filterLoc,,
3600,395,filterLoc,,
3600,398,filterLoc,,
3600,401,filterLoc,,
3600,404,filterLoc,,
3600,407,filterLoc,,
3600,410,filterLoc,,
3600,413,filterLoc,,
3600,416,filterLoc,,
3600,419,filterLoc,,
3600,422,filterLoc,,
3600,425,filterLoc,,
3600,428,filterLoc,,
3600,431,filterLoc,,
3600,434,filterLoc,,
3600,437,filterLoc,,
3600,440,filterLoc,,
3600,443,filterLoc,,
3600,446,filterLoc,,
3600,449,filterLoc,,
3600,452,filterLoc,,
3600,455,filterLoc,,
3600,458,filterLoc,,
3600,461,filterLoc,,
3600,464,filterLoc,,
3600,467,filterLoc,,
3600,470,filterLoc,,
3600,473,filterLoc,,
3600,476,filterLoc,,
3600,479,filterLoc,,
3600,482,filterLoc,,
3600,485,filterLoc,,
3600,488,filterLoc,,
3600,491,filterLoc,,
3600,494,filterLoc,,
3600,497,filterLoc,,
3600,500,filterLoc,,
3600,503,filterLoc,,
3600,506,filterLoc,,
3600,509,filterLoc,,
3600,512,filterLoc,,
3600,515,filterLoc,,
3600,518,filterLoc,,
3600,521,filterLoc,,
3600,524,filterLoc,,
3600,527,filterLoc,,
3600,530,filterLoc,,
3600,533,filterLoc,,
3600,536,filterLoc,,
3600,539,filterLoc,,
3600,542,filterLoc,,
3600,545,filterLoc,,
3600,548,filterLoc,,
3600,551,filterLoc,,
3600,554,filterLoc,,
3600,557,filterLoc,,
3600,560,filterLoc,,
3600,563,filterLoc,,
3600,566,filterLoc,,
3600,569,filterLoc,,
3600,576,filterLoc,,
3600,579,filterLoc,,
3600,582,filterLoc,,
3600,585,filterLoc,,
3600,588,filterLoc,,
3600,591,filterLoc,,
3600,594,filterLoc,,
3600,597,filterLoc,,
3600,600,filterLoc,,
3600,603,filterLoc,,
3600,606,filterLoc,,
3600,609,filterLoc,,
3600,612,filterLoc,,
3600,615,filterLoc,,
3600,618,filterLoc,,
3600,621,filterLoc,,
3600,624,filterLoc,,
3600,627,filterLoc,,
3600,630,filterLoc,,
3600,633,filterLoc,,
3600,636,filterLoc,,
3600,639,filterLoc,,
3600,642,filterLoc,,
3600,645,filterLoc,,
3600,648,filterLoc,,
3600,651,filterLoc,,
3600,654,filterLoc,,
3600,657,filterLoc,,
3600,660,filterLoc,,
3600,663,filterLoc,,
3600,666,filterLoc,,
3600,669,filterLoc,,
3600,672,filterLoc,,
3600,675,filterLoc,,
3600,678,filterLoc,,
3600,681,filterLoc,,
3600,684,filterLoc,,
3600,687,filterLoc,,
3600,690,filterLoc,,
3600,693,filterLoc,,
3600,696,filterLoc,,
3600,699,filterLoc,,
3600,702,filterLoc,,
3600,705,filterLoc,,
3600,708,filterLoc,,
3600,711,filterLoc,,
3600,714,filterLoc,,
3600,717,filterLoc,,
3600,720,filterLoc,,
3600,723,filterLoc,,
3600,726,filterLoc,,
3600,729,filterLoc,,
3600,732,filterLoc,,
3600,735,filterLoc,,
3600,738,filterLoc,,
3600,741,filterLoc,,
3600,744,filterLoc,,
3600,747,filterLoc,,
3600,750,filterLoc,,
3600,753,filterLoc,,
3600,756,filterLoc,,
3600,759,filterLoc,,
3600,762,filterLoc,,
3600,765,filterLoc,,
3600,768,filterLoc,,
3600,771,filterLoc,,
3600,774,filterLoc,,
3600,777,filterLoc,,
3600,780,filterLoc,,
3600,783,filterLoc,,
3600,786,filterLoc,,
3600,789,filterLoc,,
3600,792,filterLoc,,
3600,795,filterLoc,,
3600,798,filterLoc,,
3600,801,filterLoc,,
3600,804,filterLoc,,
3600,807,filterLoc,,
3600,810,filterLoc,,
3600,813,filterLoc,,
3600,816,filterLoc,,
3600,819,filterLoc,,
3600,822,filterLoc,,
3600,825,filterLoc,,
3600,828,filterLoc,,
3600,831,filterLoc,,
3600,834,filterLoc,,
3600,837,filterLoc,,
3600,840,filterLoc,,
3600,843,filterLoc,,
3600,846,filterLoc,,
3600,849,filterLoc,,
3600,852,filterLoc,,
3600,855,filterLoc,,
3600,858,filterLoc,,
3600,861,filterLoc,,
3600,864,filterLoc,,
3600,867,filterLoc,,
3600,870,filterLoc,,
3600,873,filterLoc,,;Evacuee;256;in triage category;Y;is entering helicopter;1
3600,876,filterLoc,,
3600,879,filterLoc,,
3600,882,filterLoc,,
3600,885,filterLoc,,
3600,888,filterLoc,,
3600,891,filterLoc,,
3600,894,filterLoc,,
3600,897,filterLoc,,
3600,900,filterLoc,,
3600,903,filterLoc,,
3600,906,filterLoc,,
3600,909,filterLoc,,
3600,912,filterLoc,,
3600,915,filterLoc,,
3600,918,filterLoc,,
3600,921,filterLoc,,
3600,924,filterLoc,,
3600,927,filterLoc,,
3600,930,filterLoc,,
3600,933,filterLoc,,
3600,936,filterLoc,,
3600,939,filterLoc,,
3600,942,filterLoc,,
3600,945,filterLoc,,
3600,948,filterLoc,,
3600,951,filterLoc,,
3600,954,filterLoc,,
3600,957,filterLoc,,
3600,960,filterLoc,,
3600,963,filterLoc,,
3600,966,filterLoc,,
3600,969,filterLoc,,
3600,972,filterLoc,,
3600,975,filterLoc,,
3600,978,filterLoc,,
3600,981,filterLoc,,
3600,984,filterLoc,,
3600,987,filterLoc,,
3600,990,filterLoc,,
3600,993,filterLoc,,
3600,996,filterLoc,,
3600,999,filterLoc,,
3600,1002,filterLoc,,
3600,1005,filterLoc,,
3600,1008,filterLoc,,
3600,1011,filterLoc,,
3600,1014,filterLoc,,
3600,1017,filterLoc,,
3600,1020,filterLoc,,
3600,1023,filterLoc,,
3600,1026,filterLoc,,
3600,1029,filterLoc,,
3600,1032,filterLoc,,
3600,1035,filterLoc,,
3600,1038,filterLoc,,
3600,1041,filterLoc,,
3600,1044,filterLoc,,
3600,1047,filterLoc,,
3600,1050,filterLoc,,
3600,1053,filterLoc,,
3600,1056,filterLoc,,
3600,1059,filterLoc,,
3600,1062,filterLoc,,
3600,1065,filterLoc,,
3600,1068,filterLoc,,
3600,1071,filterLoc,,
3600,1074,filterLoc,,
3600,1077,filterLoc,,
3600,1080,filterLoc,,
3600,1083,filterLoc,,
3600,1086,filterLoc,,
3600,1089,filterLoc,,
3600,1092,filterLoc,,
3600,1095,filterLoc,,
3600,1098,filterLoc,,
3600,1101,filterLoc,,
3600,1104,filterLoc,,
3600,1107,filterLoc,,
3600,1110,filterLoc,,
3600,1113,filterLoc,,
3600,1116,filterLoc,,
3600,1119,filterLoc,,
3600,1122,filterLoc,,
3600,1125,filterLoc,,
3600,1128,filterLoc,,
3600,1135,filterLoc,,
3600,1138,filterLoc,,
3600,1141,filterLoc,,
3600,1144,filterLoc,,
3600,1147,filterLoc,,
3600,1150,filterLoc,,
3600,1153,filterLoc,,
3600,1156,filterLoc,,
3600,1159,filterLoc,,
3600,1162,filterLoc,,
3600,1165,filterLoc,,
3600,1168,filterLoc,,
3600,1173,helicopter,,Helicopter;1;is loading people at the evacuation site;;and has;0;spots taken
3600,1175,filterLoc,,
3600,1178,filterLoc,,
3600,1181,filterLoc,,
3600,1184,filterLoc,,
3600,1187,filterLoc,,
3600,1190,filterLoc,,
3600,1193,filterLoc,,
3600,1196,filterLoc,,
3600,1199,filterLoc,,
3600,1202,filterLoc,,
3600,1205,filterLoc,,
3600,1208,filterLoc,,
3600,1211,filterLoc,,
3600,1214,filterLoc,,
3600,1217,filterLoc,,
3600,1220,filterLoc,,
3600,1223,filterLoc,,
3600,1226,filterLoc,,
3600,1229,filterLoc,,
3600,1232,filterLoc,,
3600,1235,filterLoc,,
3600,1238,filterLoc,,
3600,1241,filterLoc,,;Evacuee;152;in triage category;Y;is entering helicopter;1
3600,1244,filterLoc,,
3600,1247,filterLoc,,
3600,1250,filterLoc,,
3600,1253,filterLoc,,
3600,1256,filterLoc,,
3600,1259,filterLoc,,
3600,1262,filterLoc,,
3600,1265,filterLoc,,
3600,1268,filterLoc,,
3600,1271,filterLoc,,
3600,1274,filterLoc,,
3600,1277,filterLoc,,
3600,1280,filterLoc,,
3600,1283,filterLoc,,
3600,1286,filterLoc,,
3600,1289,filterLoc,,
3600,1292,filterLoc,,
3600,1295,filterLoc,,
3600,1298,filterLoc,,
3600,1301,filterLoc,,
3600,1304,filterLoc,,
3600,1307,filterLoc,,
3600,1310,filterLoc,,
3600,1313,filterLoc,,
3600,1316,filterLoc,,
3600,1319,filterLoc,,
3600,1322,filterLoc,,
3600,1325,filterLoc,,
3600,1328,filterLoc,,
3600,1331,filterLoc,,
3600,1334,filterLoc,,
3600,1337,filterLoc,,
3600,1340,filterLoc,,
3600,1343,filterLoc,,
3600,1346,filterLoc,,
3600,1349,filterLoc,,
3600,1352,filterLoc,,
3600,1355,filterLoc,,
3600,1358,filterLoc,,
3600,1361,filterLoc,,
3600,1364,filterLoc,,
3600,1367,filterLoc,,
3600,1370,filterLoc,,
3600,1373,filterLoc,,
3600,1376,filterLoc,,
3600,1379,filterLoc,,
3600,1382,filterLoc,,
3600,1385,filterLoc,,
3600,1388,filterLoc,,
3600,1391,filterLoc,,
3600,1394,filterLoc,,
3600,1397,filterLoc,,
3600,1400,filterLoc,,
3600,1403,filterLoc,,
3600,1406,filterLoc,,
3600,1409,filterLoc,,
3600,1412,filterLoc,,
3600,1415,filterLoc,,
3600,1418,filterLoc,,
3600,1421,filterLoc,,
3600,1424,filterLoc,,
3600,1427,filterLoc,,
3600,1430,filterLoc,,
3600,1433,filterLoc,,
3600,1436,filterLoc,,
3600,1439,filterLoc,,
3600,1442,filterLoc,,
3600,1445,filterLoc,,
3600,1448,filterLoc,,
3600,1451,filterLoc,,
3600,1454,filterLoc,,
3600,1457,filterLoc,,
3600,1460,filterLoc,,
3600,1463,filterLoc,,
3600,1466,filterLoc,,
3600,1469,filterLoc,,
3600,1472,filterLoc,,
3600,1475,filterLoc,,
3600,1478,filterLoc,,
3600,1481,filterLoc,,
3600,1484,filterLoc,,
3600,1487,filterLoc,,
3600,1490,filterLoc,,
3600,1493,filterLoc,,
3600,1496,filterLoc,,
3600,1499,filterLoc,,
3600,1502,filterLoc,,
3600,1505,filterLoc,,
3600,1508,filterLoc,,
3600,1511,filterLoc,,
3600,1514,filterLoc,,
3600,1517,filterLoc,,
3600,1520,filterLoc,,
3600,1523,filterLoc,,
3600,1526,filterLoc,,
3600,1529,filterLoc,,
3600,365,filterLoc,out,Evacuee 352 in triage category Y is assigned helicopter 1
3600,365,filterLoc,,
3600,366,evacuee,,Evacuee;352;in triage state;Y;is entering helicopter;1
3600,873,filterLoc,out,Evacuee 256 in triage category Y is assigned helicopter 1
3600,873,filterLoc,,
3600,874,evacuee,,Evacuee;256;in triage state;Y;is entering helicopter;1
3600,1241,filterLoc,out,Evacuee 152 in triage category Y is assigned helicopter 1
3600,1241,filterLoc,,
3600,1242,evacuee,,Evacuee;152;in triage state;Y;is entering helicopter;1
3600,7,filterEvac,,
3600,107,filterEvac,,
3600,292,filterEvac,,
3600,366,evacuee,outHelo,Evacuee 352 in triage category Y is assigned helicopter 1
3600,366,evacuee,,Evacuee;352;in triage state;Y;is in helicopter;1
3600,572,filterEvac,,
3600,874,evacuee,outHelo,Evacuee 256 in triage category Y is assigned helicopter 1
3600,874,evacuee,,Evacuee;256;in triage state;Y;is in helicopter;1
3600,1131,filterEvac,,
3600,1171,filterEvac,,;Evacuee;152;in triage category;Y;is entering helicopter;1;Evacuee;256;in triage category;Y;is entering helicopter;1;Evacuee;352;in triage category;Y;is entering helicopter;1
3600,1242,evacuee,outHelo,Evacuee 152 in triage category Y is assigned helicopter 1
3600,1242,evacuee,,Evacuee;152;in triage state;Y;is in helicopter;1
3600,1171,filterEvac,out,Evacuee 152 in triage category Y is assigned helicopter 1
3600,1171,filterEvac,out,Evacuee 256 in triage category Y is assigned helicopter 1
3600,1171,filterEvac,out,Evacuee 352 in triage category Y is assigned helicopter 1
3600,1171,filterEvac,,
3600,1173,helicopter,,Helicopter;1;is loading people at the evacuation site;;and has;9;spots taken
3603.75,3,evacueeManager,,OFF SHIP: White;0;Green;0;Yellow;4;Red;1;Black;324;ON SHIP: White;0;Green;0;Yellow;0;Red;0;Evacuees to Transfer;
3603.75,297,evacuee,outES,Evacuee 328 in triage category Y is not assigned a helicopter
3603.75,297,evacuee,,Evacuee;328;in triage state;R;is at the evacuation site
3615,4,helipadManager,outHelo,Helicopter 1 is evacuating people1
3615,4,helipadManager,,;No helos are at ES
3615,5,helicopterQueue,,1;Helos are waiting to land;HeloID;4
3615,8,filterES,,
3615,108,filterES,,
3615,293,filterES,,
3615,294,helicopter,outES,Helicopter 4 is evacuating people4
3615,294,helicopter,,Helicopter;4;is waiting to land at the evacuation site;;and has;0;spots taken
3615,573,filterES,,
3615,1132,filterES,,
3615,1172,filterES,,Helicopter;1;is evacuating people
3615,4,helipadManager,outHQ,0
3615,4,helipadManager,,;No helos are at ES
3615,5,helicopterQueue,,1;Helos are waiting to land;HeloID;4
3615,1172,filterES,out,Helicopter 1 is evacuating people1
3615,1172,filterES,,
3615,1173,helicopter,,Helicopter;1;is loading people at the evacuation site;;and has;9;spots taken
3615,4,helipadManager,,;No helos are at ES
3615,5,helicopterQueue,outHM,Helicopter 4 is evacuating people4
3615,5,helicopterQueue,outHelo,Helicopter 4 is evacuating people4
3615,5,helicopterQueue,,;No helos are waiting to land
3615,8,filterES,,
3615,108,filterES,,
3615,293,filterES,,Helicopter;4;is evacuating people
3615,573,filterES,,
3615,1132,filterES,,
3615,1172,filterES,,
3615,1173,helicopter,,Helicopter;1;is returning to the FOL;;and has;9;spots taken
3615,3,evacueeManager,,OFF SHIP: White;0;Green;0;Yellow;2;Red;0;Black;324;ON SHIP: White;0;Green;0;Yellow;0;Red;0;Evacuees to Transfer;;EvacueeID;328;HeloID;4;OnShip;0;Triage Status;R;EvacueeID;459;HeloID;4;OnShip;0;Triage Status;Y;EvacueeID;258;HeloID;4;OnShip;0;Triage Status;Y
3615,4,helipadManager,outEM,Helicopter 4 is evacuating people4
3615,4,helipadManager,,Helo;4;is at the ES
3615,293,filterES,out,Helicopter 4 is evacuating people4
3615,293,filterES,,
3615,294,helicopter,,Helicopter;4;is waiting to land at the evacuation site;;and has;0;spots taken
3615,3,evacueeManager,outEvac,Evacuee 328 in triage category R is assigned helicopter 4
3615,3,evacueeManager,outEvac,Evacuee 459 in triage category Y is assigned helicopter 4
3615,3,evacueeManager,outEvac,Evacuee 258 in triage category Y is assigned helicopter 4
3615,3,evacueeManager,,OFF SHIP: White;0;Green;0;Yellow;2;Red;0;Black;324;ON SHIP: White;0;Green;0;Yellow;0;Red;0;Evacuees to Transfer;
3615,11,filterLoc,,
3615,14,filterLoc,,
3615,17,filterLoc,,
3615,20,filterLoc,,
3615,23,filterLoc,,
3615,26,filterLoc,,
3615,29,filterLoc,,
3615,32,filterLoc,,
3615,35,filterLoc,,
3615,38,filterLoc,,
3615,41,filterLoc,,
3615,44,filterLoc,,
3615,47,filterLoc,,
3615,50,filterLoc,,
3615,53,filterLoc,,
3615,56,filterLoc,,
3615,59,filterLoc,,
3615,62,filterLoc,,
3615,65,filterLoc,,
3615,68,filterLoc,,
3615,71,filterLoc,,;Evacuee;459;in triage category;Y;is entering helicopter;4
3615,74,filterLoc,,
3615,77,filterLoc,,
3615,80,filterLoc,,
3615,83,filterLoc,,
3615,86,filterLoc,,
3615,89,filterLoc,,
3615,92,filterLoc,,
3615,95,filterLoc,,
3615,98,filterLoc,,
3615,101,filterLoc,,
3615,104,filterLoc,,
3615,111,filterLoc,,
3615,114,filterLoc,,
3615,117,filterLoc,,
3615,120,filterLoc,,
3615,123,filterLoc,,
3615,126,filterLoc,,
3615,129,filterLoc,,
3615,132,filterLoc,,
3615,135,filterLoc,,
3615,138,filterLoc,,
3615,141,filterLoc,,
3615,144,filterLoc,,
3615,147,filterLoc,,
3615,150,filterLoc,,
3615,153,filterLoc,,
3615,156,filterLoc,,
3615,159,filterLoc,,
3615,162,filterLoc,,
3615,165,filterLoc,,
3615,168,filterLoc,,
3615,171,filterLoc,,
3615,174,filterLoc,,
3615,177,filterLoc,,
3615,180,filterLoc,,
3615,183,filterLoc,,
3615,186,filterLoc,,
3615,189,filterLoc,,
3615,192,filterLoc,,
3615,195,filterLoc,,
3615,198,filterLoc,,
3615,201,filterLoc,,
3615,204,filterLoc,,
3615,207,filterLoc,,
3615,210,filterLoc,,
3615,213,filterLoc,,
3615,216,filterLoc,,
3615,219,filterLoc,,
3615,222,filterLoc,,
3615,225,filterLoc,,
3615,229,filterLoc,,
3615,232,filterLoc,,
3615,235,filterLoc,,
3615,238,filterLoc,,
3615,241,filterLoc,,
3615,244,filterLoc,,
3615,247,filterLoc,,
3615,250,filterLoc,,
3615,253,filterLoc,,
3615,256,filterLoc,,
3615,259,filterLoc,,
3615,262,filterLoc,,
3615,265,filterLoc,,
3615,268,filterLoc,,
3615,271,filterLoc,,
3615,274,filterLoc,,
3615,277,filterLoc,,
3615,280,filterLoc,,
3615,283,filterLoc,,
3615,286,filterLoc,,
3615,289,filterLoc,,
3615,294,helicopter,,Helicopter;4;is loading people at the evacuation site;;and has;0;spots taken
3615,296,filterLoc,,;Evacuee;328;in triage category;R;is entering helicopter;4
3615,299,filterLoc,,
3615,302,filterLoc,,
3615,305,filterLoc,,
3615,308,filterLoc,,
3615,311,filterLoc,,
3615,314,filterLoc,,
3615,317,filterLoc,,
3615,320,filterLoc,,
3615,323,filterLoc,,
3615,326,filterLoc,,
3615,329,filterLoc,,
3615,332,filterLoc,,
3615,335,filterLoc,,
3615,338,filterLoc,,
3615,341,filterLoc,,
3615,344,filterLoc,,
3615,347,filterLoc,,
3615,350,filterLoc,,
3615,353,filterLoc,,
3615,356,filterLoc,,
3615,359,filterLoc,,
3615,362,filterLoc,,
3615,365,filterLoc,,
3615,368,filterLoc,,
3615,371,filterLoc,,
3615,374,filterLoc,,
3615,377,filterLoc,,
3615,380,filterLoc,,
3615,383,filterLoc,,
3615,386,filterLoc,,
3615,389,filterLoc,,
3615,392,filterLoc,,
3615,395,filterLoc,,
3615,398,filterLoc,,
3615,401,filterLoc,,
3615,404,filterLoc,,
3615,407,filterLoc,,
3615,410,filterLoc,,
3615,413,filterLoc,,
3615,416,filterLoc,,
3615,419,filterLoc,,
3615,422,filterLoc,,
3615,425,filterLoc,,
3615,428,filterLoc,,
3615,431,filterLoc,,
3615,434,filterLoc,,
3615,437,filterLoc,,
3615,440,filterLoc,,
3615,443,filterLoc,,
3615,446,filterLoc,,
3615,449,filterLoc,,
3615,452,filterLoc,,
3615,455,filterLoc,,
3615,458,filterLoc,,
3615,461,filterLoc,,
3615,464,filterLoc,,
3615,467,filterLoc,,
3615,470,filterLoc,,
3615,473,filterLoc,,
3615,476,filterLoc,,
3615,479,filterLoc,,
3615,482,filterLoc,,
3615,485,filterLoc,,
3615,488,filterLoc,,
3615,491,filterLoc,,
3615,494,filterLoc,,
3615,497,filterLoc,,
3615,500,filterLoc,,
3615,503,filterLoc,,
3615,506,filterLoc,,
3615,509,filterLoc,,
3615,512,filterLoc,,
3615,515,filterLoc,,
3615,518,filterLoc,,
3615,521,filterLoc,,
3615,524,filterLoc,,
3615,527,filterLoc,,
3615,530,filterLoc,,
3615,533,filterLoc,,
3615,536,filterLoc,,
3615,539,filterLoc,,
3615,542,filterLoc,,
3615,545,filterLoc,,
3615,548,filterLoc,,
3615,551,filterLoc,,
3615,554,filterLoc,,
3615,557,filterLoc,,
3615,560,filterLoc,,
3615,563,filterLoc,,
3615,566,filterLoc,,
3615,569,filterLoc,,
3615,576,filterLoc,,
3615,579,filterLoc,,
3615,582,filterLoc,,
3615,585,filterLoc,,
3615,588,filterLoc,,
3615,591,filterLoc,,
3615,594,filterLoc,,
3615,597,filterLoc,,
3615,600,filterLoc,,
3615,603,filterLoc,,
3615,606,filterLoc,,
3615,609,filterLoc,,
3615,612,filterLoc,,
3615,615,filterLoc,,
3615,618,filterLoc,,
3615,621,filterLoc,,
3615,624,filterLoc,,
3615,627,filterLoc,,
3615,630,filterLoc,,
3615,633,filterLoc,,
3615,636,filterLoc,,
3615,639,filterLoc,,
3615,642,filterLoc,,
3615,645,filterLoc,,
3615,648,filterLoc,,
3615,651,filterLoc,,
3615,654,filterLoc,,
3615,657,filterLoc,,
3615,660,filterLoc,,
3615,663,filterLoc,,
3615,666,filterLoc,,
3615,669,filterLoc,,
3615,672,filterLoc,,
3615,675,filterLoc,,
3615,678,filterLoc,,
3615,681,filterLoc,,
3615,684,filterLoc,,
3615,687,filterLoc,,
3615,690,filterLoc,,
3615,693,filterLoc,,
3615,696,filterLoc,,
3615,699,filterLoc,,
3615,702,filterLoc,,
3615,705,filterLoc,,
3615,708,filterLoc,,
3615,711,filterLoc,,
3615,714,filterLoc,,
3615,717,filterLoc,,
3615,720,filterLoc,,
3615,723,filterLoc,,
3615,726,filterLoc,,
3615,729,filterLoc,,
3615,732,filterLoc,,
3615,735,filterLoc,,
3615,738,filterLoc,,
3615,741,filterLoc,,
3615,744,filterLoc,,
3615,747,filterLoc,,
3615,750,filterLoc,,
3615,753,filterLoc,,
3615,756,filterLoc,,
3615,759,filterLoc,,
3615,762,filterLoc,,
3615,765,filterLoc,,
3615,768,filterLoc,,
3615,771,filterLoc,,
3615,774,filterLoc,,
3615,777,filterLoc,,
3615,780,filterLoc,,
3615,783,filterLoc,,
3615,786,filterLoc,,
3615,789,filterLoc,,
3615,792,filterLoc,,
3615,795,filterLoc,,
3615,798,filterLoc,,
3615,801,filterLoc,,
3615,804,filterLoc,,
3615,807,filterLoc,,
3615,810,filterLoc,,
3615,813,filterLoc,,
3615,816,filterLoc,,
3615,819,filterLoc,,
3615,822,filterLoc,,
3615,825,filterLoc,,
3615,828,filterLoc,,
3615,831,filterLoc,,
3615,834,filterLoc,,
3615,837,filterLoc,,
3615,840,filterLoc,,
3615,843,filterLoc,,
3615,846,filterLoc,,
3615,849,filterLoc,,
3615,852,filterLoc,,
3615,855,filterLoc,,
3615,858,filterLoc,,
3615,861,filterLoc,,
3615,864,filterLoc,,
3615,867,filterLoc,,
3615,870,filterLoc,,
3615,873,filterLoc,,
3615,876,filterLoc,,
3615,879,filterLoc,,
3615,882,filterLoc,,
3615,885,filterLoc,,
3615,888,filterLoc,,
3615,891,filterLoc,,
3615,894,filterLoc,,
3615,897,filterLoc,,
3615,900,filterLoc,,
3615,903,filterLoc,,
3615,906,filterLoc,,
3615,909,filterLoc,,
3615,912,filterLoc,,
3615,915,filterLoc,,
3615,918,filterLoc,,
3615,921,filterLoc,,
3615,924,filterLoc,,
3615,927,filterLoc,,
3615,930,filterLoc,,
3615,933,filterLoc,,
3615,936,filterLoc,,
3615,939,filterLoc,,
3615,942,filterLoc,,
3615,945,filterLoc,,
3615,948,filterLoc,,
3615,951,filterLoc,,
3615,954,filterLoc,,
3615,957,filterLoc,,
3615,960,filterLoc,,
3615,963,filterLoc,,
3615,966,filterLoc,,
3615,969,filterLoc,,
3615,972,filterLoc,,
3615,975,filterLoc,,
3615,978,filterLoc,,
3615,981,filterLoc,,
3615,984,filterLoc,,
3615,987,filterLoc,,
3615,990,filterLoc,,
3615,993,filterLoc,,
3615,996,filterLoc,,
3615,999,filterLoc,,
3615,1002,filterLoc,,
3615,1005,filterLoc,,
3615,1008,filterLoc,,
3615,1011,filterLoc,,
3615,1014,filterLoc,,
3615,1017,filterLoc,,
3615,1020,filterLoc,,
3615,1023,filterLoc,,
3615,1026,filterLoc,,
3615,1029,filterLoc,,
3615,1032,filterLoc,,
3615,1035,filterLoc,,
3615,1038,filterLoc,,
3615,1041,filterLoc,,
3615,1044,filterLoc,,
3615,1047,filterLoc,,
3615,1050,filterLoc,,
3615,1053,filterLoc,,
3615,1056,filterLoc,,
3615,1059,filterLoc,,
3615,1062,filterLoc,,
3615,1065,filterLoc,,
3615,1068,filterLoc,,
3615,1071,filterLoc,,
3615,1074,filterLoc,,
3615,1077,filterLoc,,
3615,1080,filterLoc,,
3615,1083,filterLoc,,
3615,1086,filterLoc,,
3615,1089,filterLoc,,
3615,1092,filterLoc,,
3615,1095,filterLoc,,
3615,1098,filterLoc,,
3615,1101,filterLoc,,
3615,1104,filterLoc,,
3615,1107,filterLoc,,
3615,1110,filterLoc,,
3615,1113,filterLoc,,
3615,1116,filterLoc,,
3615,1119,filterLoc,,
3615,1122,filterLoc,,
3615,1125,filterLoc,,
3615,1128,filterLoc,,
3615,1135,filterLoc,,
3615,1138,filterLoc,,
3615,1141,filterLoc,,
3615,1144,filterLoc,,
3615,1147,filterLoc,,
3615,1150,filterLoc,,
3615,1153,filterLoc,,
3615,1156,filterLoc,,
3615,1159,filterLoc,,
3615,1162,filterLoc,,
3615,1165,filterLoc,,
3615,1168,filterLoc,,
3615,1175,filterLoc,,
3615,1178,filterLoc,,
3615,1181,filterLoc,,
3615,1184,filterLoc,,
3615,1187,filterLoc,,
3615,1190,filterLoc,,
3615,1193,filterLoc,,
3615,1196,filterLoc,,
3615,1199,filterLoc,,
3615,1202,filterLoc,,
3615,1205,filterLoc,,
3615,1208,filterLoc,,
3615,1211,filterLoc,,
3615,1214,filterLoc,,
3615,1217,filterLoc,,
3615,1220,filterLoc,,
3615,1223,filterLoc,,
3615,1226,filterLoc,,
3615,1229,filterLoc,,
3615,1232,filterLoc,,
3615,1235,filterLoc,,
3615,1238,filterLoc,,
3615,1241,filterLoc,,
3615,1244,filterLoc,,
3615,1247,filterLoc,,
3615,1250,filterLoc,,
3615,1253,filterLoc,,
3615,1256,filterLoc,,
3615,1259,filterLoc,,
3615,1262,filterLoc,,
3615,1265,filterLoc,,
3615,1268,filterLoc,,
3615,1271,filterLoc,,
3615,1274,filterLoc,,
3615,1277,filterLoc,,
3615,1280,filterLoc,,
3615,1283,filterLoc,,
3615,1286,filterLoc,,
3615,1289,filterLoc,,
3615,1292,filterLoc,,
3615,1295,filterLoc,,
3615,1298,filterLoc,,
3615,1301,filterLoc,,
3615,1304,filterLoc,,
3615,1307,filterLoc,,
3615,1310,filterLoc,,
3615,1313,filterLoc,,
3615,1316,filterLoc,,
3615,1319,filterLoc,,
3615,1322,filterLoc,,
3615,1325,filterLoc,,
3615,1328,filterLoc,,
3615,1331,filterLoc,,
3615,1334,filterLoc,,
3615,1337,filterLoc,,
3615,1340,filterLoc,,
3615,1343,filterLoc,,
3615,1346,filterLoc,,
3615,1349,filterLoc,,
3615,1352,filterLoc,,
3615,1355,filterLoc,,
3615,1358,filterLoc,,
3615,1361,filterLoc,,
3615,1364,filterLoc,,
3615,1367,filterLoc,,
3615,1370,filterLoc,,
3615,1373,filterLoc,,
3615,1376,filterLoc,,
3615,1379,filterLoc,,
3615,1382,filterLoc,,
3615,1385,filterLoc,,
3615,1388,filterLoc,,
3615,1391,filterLoc,,
3615,1394,filterLoc,,
3615,1397,filterLoc,,
3615,1400,filterLoc,,
3615,1403,filterLoc,,
3615,1406,filterLoc,,
3615,1409,filterLoc,,
3615,1412,filterLoc,,
3615,1415,filterLoc,,
3615,1418,filterLoc,,
3615,1421,filterLoc,,
3615,1424,filterLoc,,
3615,1427,filterLoc,,
3615,1430,filterLoc,,
3615,1433,filterLoc,,
3615,1436,filterLoc,,
3615,1439,filterLoc,,
3615,1442,filterLoc,,
3615,1445,filterLoc,,
3615,1448,filterLoc,,
3615,1451,filterLoc,,
3615,1454,filterLoc,,
3615,1457,filterLoc,,
3615,1460,filterLoc,,
3615,1463,filterLoc,,
3615,1466,filterLoc,,
3615,1469,filterLoc,,
3615,1472,filterLoc,,
3615,1475,filterLoc,,
3615,1478,filterLoc,,
3615,1481,filterLoc,,
3615,1484,filterLoc,,
3615,1487,filterLoc,,
3615,1490,filterLoc,,
3615,1493,filterLoc,,
3615,1496,filterLoc,,
3615,1499,filterLoc,,
3615,1502,filterLoc,,
3615,1505,filterLoc,,
3615,1508,filterLoc,,
3615,1511,filterLoc,,
3615,1514,filterLoc,,
3615,1517,filterLoc,,
3615,1520,filterLoc,,
3615,1523,filterLoc,,
3615,1526,filterLoc,,
3615,1529,filterLoc,,;Evacuee;258;in triage category;Y;is entering helicopter;4
3615,71,filterLoc,out,Evacuee 459 in triage category Y is assigned helicopter 4
3615,71,filterLoc,,
3615,72,evacuee,,Evacuee;459;in triage state;Y;is entering helicopter;4
3615,296,filterLoc,out,Evacuee 328 in triage category R is assigned helicopter 4
3615,296,filterLoc,,
3615,297,evacuee,,Evacuee;328;in triage state;R;is entering helicopter;4
3615,1529,filterLoc,out,Evacuee 258 in triage category Y is assigned helicopter 4
3615,1529,filterLoc,,
3615,1530,evacuee,,Evacuee;258;in triage state;Y;is entering helicopter;4
3615,7,filterEvac,,
3615,72,evacuee,outHelo,Evacuee 459 in triage category Y is assigned helicopter 4
3615,72,evacuee,,Evacuee;459;in triage state;Y;is in helicopter;4
3615,107,filterEvac,,
3615,292,filterEvac,,;Evacuee;258;in triage category;Y;is entering helicopter;4;Evacuee;328;in triage category;R;is entering helicopter;4;Evacuee;459;in triage category;Y;is entering helicopter;4
3615,297,evacuee,outHelo,Evacuee 328 in triage category R is assigned helicopter 4
3615,297,evacuee,,Evacuee;328;in triage state;R;is in helicopter;4
3615,572,filterEvac,,
3615,1131,filterEvac,,
3615,1171,filterEvac,,
3615,1530,evacuee,outHelo,Evacuee 258 in triage category Y is assigned helicopter 4
3615,1530,evacuee,,Evacuee;258;in triage state;Y;is in helicopter;4
3615,292,filterEvac,out,Evacuee 258 in triage category Y is assigned helicopter 4
3615,292,filterEvac,out,Evacuee 328 in triage category R is assigned helicopter 4
3615,292,filterEvac,out,Evacuee 459 in triage category Y is assigned helicopter 4
3615,292,filterEvac,,
3615,294,helicopter,,Helicopter;4;is loading people at the evacuation site;;and has;9;spots taken
3630,4,helipadManager,outHelo,Helicopter 4 is evacuating people4
3630,4,helipadManager,,;No helos are at ES
3630,8,filterES,,
3630,11,filterLoc,,
3630,14,filterLoc,,
3630,17,filterLoc,,
3630,20,filterLoc,,
3630,23,filterLoc,,
3630,26,filterLoc,,
3630,29,filterLoc,,
3630,32,filterLoc,,
3630,35,filterLoc,,
3630,38,filterLoc,,
3630,41,filterLoc,,
3630,44,filterLoc,,
3630,47,filterLoc,,
3630,50,filterLoc,,
3630,53,filterLoc,,
3630,56,filterLoc,,
3630,59,filterLoc,,
3630,62,filterLoc,,
3630,65,filterLoc,,
3630,68,filterLoc,,
3630,71,filterLoc,,
3630,74,filterLoc,,
3630,77,filterLoc,,
3630,80,filterLoc,,
3630,83,filterLoc,,
3630,86,filterLoc,,
3630,89,filterLoc,,
3630,92,filterLoc,,
3630,95,filterLoc,,
3630,98,filterLoc,,
3630,101,filterLoc,,
3630,104,filterLoc,,
3630,108,filterES,,
3630,109,helicopter,outEvac,Evacuee 30 in triage category Y is not assigned a helicopter
3630,109,helicopter,outEvac,Evacuee 172 in triage category Y is not assigned a helicopter
3630,109,helicopter,outEvac,Evacuee 331 in triage category Y is not assigned a helicopter
3630,109,helicopter,,Helicopter;3;is unloading people at the FOL;;and has;0;spots taken
3630,111,filterLoc,,
3630,114,filterLoc,,
3630,117,filterLoc,,
3630,120,filterLoc,,
3630,123,filterLoc,,
3630,126,filterLoc,,
3630,129,filterLoc,,
3630,132,filterLoc,,
3630,135,filterLoc,,
3630,138,filterLoc,,
3630,141,filterLoc,,
3630,144,filterLoc,,
3630,147,filterLoc,,
3630,150,filterLoc,,
3630,153,filterLoc,,
3630,156,filterLoc,,
3630,159,filterLoc,,
3630,162,filterLoc,,
3630,165,filterLoc,,
3630,168,filterLoc,,
3630,171,filterLoc,,
3630,174,filterLoc,,
3630,177,filterLoc,,
3630,180,filterLoc,,
3630,183,filterLoc,,
3630,186,filterLoc,,
3630,189,filterLoc,,
3630,192,filterLoc,,
3630,195,filterLoc,,
3630,198,filterLoc,,
3630,201,filterLoc,,
3630,204,filterLoc,,
3630,207,filterLoc,,
3630,210,filterLoc,,
3630,213,filterLoc,,
3630,216,filterLoc,,
3630,219,filterLoc,,
3630,222,filterLoc,,
3630,225,filterLoc,,
3630,229,filterLoc,,
3630,232,filterLoc,,
3630,235,filterLoc,,
3630,238,filterLoc,,
3630,241,filterLoc,,
3630,244,filterLoc,,
3630,247,filterLoc,,
3630,250,filterLoc,,
3630,253,filterLoc,,
3630,256,filterLoc,,
3630,259,filterLoc,,
3630,262,filterLoc,,
3630,265,filterLoc,,
3630,268,filterLoc,,
3630,271,filterLoc,,
3630,274,filterLoc,,
3630,277,filterLoc,,
3630,280,filterLoc,,
3630,283,filterLoc,,;Evacuee;331;in triage category;Y;is leaving helicopter;3
3630,286,filterLoc,,
3630,289,filterLoc,,
3630,293,filterES,,Helicopter;4;is evacuating people
3630,296,filterLoc,,
3630,299,filterLoc,,
3630,302,filterLoc,,
3630,305,filterLoc,,
3630,308,filterLoc,,
3630,311,filterLoc,,
3630,314,filterLoc,,
3630,317,filterLoc,,
3630,320,filterLoc,,
3630,323,filterLoc,,
3630,326,filterLoc,,
3630,329,filterLoc,,
3630,332,filterLoc,,
3630,335,filterLoc,,
3630,338,filterLoc,,
3630,341,filterLoc,,
3630,344,filterLoc,,
3630,347,filterLoc,,
3630,350,filterLoc,,
3630,353,filterLoc,,
3630,356,filterLoc,,
3630,359,filterLoc,,
3630,362,filterLoc,,
3630,365,filterLoc,,
3630,368,filterLoc,,
3630,371,filterLoc,,
3630,374,filterLoc,,
3630,377,filterLoc,,
3630,380,filterLoc,,
3630,383,filterLoc,,
3630,386,filterLoc,,
3630,389,filterLoc,,
3630,392,filterLoc,,
3630,395,filterLoc,,
3630,398,filterLoc,,
3630,401,filterLoc,,
3630,404,filterLoc,,
3630,407,filterLoc,,
3630,410,filterLoc,,
3630,413,filterLoc,,
3630,416,filterLoc,,
3630,419,filterLoc,,
3630,422,filterLoc,,
3630,425,filterLoc,,
3630,428,filterLoc,,
3630,431,filterLoc,,
3630,434,filterLoc,,
3630,437,filterLoc,,
3630,440,filterLoc,,
3630,443,filterLoc,,
3630,446,filterLoc,,
3630,449,filterLoc,,
3630,452,filterLoc,,
3630,455,filterLoc,,
3630,458,filterLoc,,
3630,461,filterLoc,,
3630,464,filterLoc,,
3630,467,filterLoc,,
3630,470,filterLoc,,
3630,473,filterLoc,,
3630,476,filterLoc,,
3630,479,filterLoc,,
3630,482,filterLoc,,
3630,485,filterLoc,,
3630,488,filterLoc,,
3630,491,filterLoc,,
3630,494,filterLoc,,
3630,497,filterLoc,,
3630,500,filterLoc,,
3630,503,filterLoc,,
3630,506,filterLoc,,
3630,509,filterLoc,,
3630,512,filterLoc,,
3630,515,filterLoc,,
3630,518,filterLoc,,
3630,521,filterLoc,,
3630,524,filterLoc,,
3630,527,filterLoc,,
3630,530,filterLoc,,
3630,533,filterLoc,,
3630,536,filterLoc,,
3630,539,filterLoc,,
3630,542,filterLoc,,
3630,545,filterLoc,,
3630,548,filterLoc,,
3630,551,filterLoc,,
3630,554,filterLoc,,
3630,557,filterLoc,,
3630,560,filterLoc,,
3630,563,filterLoc,,
3630,566,filterLoc,,
3630,569,filterLoc,,
3630,573,filterES,,
3630,576,filterLoc,,
3630,579,filterLoc,,
3630,582,filterLoc,,
3630,585,filterLoc,,
3630,588,filterLoc,,
3630,591,filterLoc,,
3630,594,filterLoc,,
3630,597,filterLoc,,
3630,600,filterLoc,,
3630,603,filterLoc,,
3630,606,filterLoc,,
3630,609,filterLoc,,
3630,612,filterLoc,,
3630,615,filterLoc,,
3630,618,filterLoc,,
3630,621,filterLoc,,
3630,624,filterLoc,,
3630,627,filterLoc,,
3630,630,filterLoc,,
3630,633,filterLoc,,
3630,636,filterLoc,,
3630,639,filterLoc,,
3630,642,filterLoc,,
3630,645,filterLoc,,
3630,648,filterLoc,,
3630,651,filterLoc,,
3630,654,filterLoc,,
3630,657,filterLoc,,
3630,660,filterLoc,,
3630,663,filterLoc,,
3630,666,filterLoc,,
3630,669,filterLoc,,
3630,672,filterLoc,,
3630,675,filterLoc,,
3630,678,filterLoc,,
3630,681,filterLoc,,
3630,684,filterLoc,,
3630,687,filterLoc,,
3630,690,filterLoc,,
3630,693,filterLoc,,
3630,696,filterLoc,,
3630,699,filterLoc,,
3630,702,filterLoc,,
3630,705,filterLoc,,
3630,708,filterLoc,,
3630,711,filterLoc,,
3630,714,filterLoc,,
3630,717,filterLoc,,
3630,720,filterLoc,,
3630,723,filterLoc,,
3630,726,filterLoc,,
3630,729,filterLoc,,
3630,732,filterLoc,,
3630,735,filterLoc,,
3630,738,filterLoc,,
3630,741,filterLoc,,
3630,744,filterLoc,,
3630,747,filterLoc,,
3630,750,filterLoc,,
3630,753,filterLoc,,
3630,756,filterLoc,,
3630,759,filterLoc,,
3630,762,filterLoc,,
3630,765,filterLoc,,
3630,768,filterLoc,,
3630,771,filterLoc,,
3630,774,filterLoc,,
3630,777,filterLoc,,
3630,780,filterLoc,,
3630,783,filterLoc,,
3630,786,filterLoc,,
3630,789,filterLoc,,
3630,792,filterLoc,,
3630,795,filterLoc,,
3630,798,filterLoc,,
3630,801,filterLoc,,
3630,804,filterLoc,,
3630,807,filterLoc,,
3630,810,filterLoc,,
3630,813,filterLoc,,
3630,816,filterLoc,,
3630,819,filterLoc,,
3630,822,filterLoc,,
3630,825,filterLoc,,
3630,828,filterLoc,,
3630,831,filterLoc,,
3630,834,filterLoc,,
3630,837,filterLoc,,
3630,840,filterLoc,,
3630,843,filterLoc,,
3630,846,filterLoc,,
3630,849,filterLoc,,
3630,852,filterLoc,,
3630,855,filterLoc,,
3630,858,filterLoc,,
3630,861,filterLoc,,
3630,864,filterLoc,,
3630,867,filterLoc,,
3630,870,filterLoc,,;Evacuee;172;in triage category;Y;is leaving helicopter;3
3630,873,filterLoc,,
3630,876,filterLoc,,
3630,879,filterLoc,,
3630,882,filterLoc,,
3630,885,filterLoc,,
3630,888,filterLoc,,
3630,891,filterLoc,,
3630,894,filterLoc,,
3630,897,filterLoc,,
3630,900,filterLoc,,
3630,903,filterLoc,,
3630,906,filterLoc,,
3630,909,filterLoc,,
3630,912,filterLoc,,
3630,915,filterLoc,,
3630,918,filterLoc,,
3630,921,filterLoc,,
3630,924,filterLoc,,
3630,927,filterLoc,,
3630,930,filterLoc,,
3630,933,filterLoc,,
3630,936,filterLoc,,
3630,939,filterLoc,,
3630,942,filterLoc,,
3630,945,filterLoc,,
3630,948,filterLoc,,
3630,951,filterLoc,,
3630,954,filterLoc,,
3630,957,filterLoc,,
3630,960,filterLoc,,
3630,963,filterLoc,,
3630,966,filterLoc,,
3630,969,filterLoc,,
3630,972,filterLoc,,
3630,975,filterLoc,,
3630,978,filterLoc,,
3630,981,filterLoc,,
3630,984,filterLoc,,
3630,987,filterLoc,,
3630,990,filterLoc,,
3630,993,filterLoc,,
3630,996,filterLoc,,
3630,999,filterLoc,,
3630,1002,filterLoc,,
3630,1005,filterLoc,,
3630,1008,filterLoc,,
3630,1011,filterLoc,,
3630,1014,filterLoc,,
3630,1017,filterLoc,,
3630,1020,filterLoc,,
3630,1023,filterLoc,,
3630,1026,filterLoc,,
3630,1029,filterLoc,,
3630,1032,filterLoc,,
3630,1035,filterLoc,,
3630,1038,filterLoc,,
3630,1041,filterLoc,,
3630,1044,filterLoc,,
3630,1047,filterLoc,,
3630,1050,filterLoc,,
3630,1053,filterLoc,,
3630,1056,filterLoc,,
3630,1059,filterLoc,,
3630,1062,filterLoc,,
3630,1065,filterLoc,,
3630,1068,filterLoc,,
3630,1071,filterLoc,,
3630,1074,filterLoc,,
3630,1077,filterLoc,,
3630,1080,filterLoc,,
3630,1083,filterLoc,,
3630,1086,filterLoc,,;Evacuee;30;in triage category;Y;is leaving helicopter;3
3630,1089,filterLoc,,
3630,1092,filterLoc,,
3630,1095,filterLoc,,
3630,1098,filterLoc,,
3630,1101,filterLoc,,
3630,1104,filterLoc,,
3630,1107,filterLoc,,
3630,1110,filterLoc,,
3630,1113,filterLoc,,
3630,1116,filterLoc,,
3630,1119,filterLoc,,
3630,1122,filterLoc,,
3630,1125,filterLoc,,
3630,1128,filterLoc,,
3630,1132,filterES,,
3630,1135,filterLoc,,
3630,1138,filterLoc,,
3630,1141,filterLoc,,
3630,1144,filterLoc,,
3630,1147,filterLoc,,
3630,1150,filterLoc,,
3630,1153,filterLoc,,
3630,1156,filterLoc,,
3630,1159,filterLoc,,
3630,1162,filterLoc,,
3630,1165,filterLoc,,
3630,1168,filterLoc,,
3630,1172,filterES,,
3630,1175,filterLoc,,
3630,1178,filterLoc,,
3630,1181,filterLoc,,
3630,1184,filterLoc,,
3630,1187,filterLoc,,
3630,1190,filterLoc,,
3630,1193,filterLoc,,
3630,1196,filterLoc,,
3630,1199,filterLoc,,
3630,1202,filterLoc,,
3630,1205,filterLoc,,
3630,1208,filterLoc,,
3630,1211,filterLoc,,
3630,1214,filterLoc,,
3630,1217,filterLoc,,
3630,1220,filterLoc,,
3630,1223,filterLoc,,
3630,1226,filterLoc,,
3630,1229,filterLoc,,
3630,1232,filterLoc,,
3630,1235,filterLoc,,
3630,1238,filterLoc,,
3630,1241,filterLoc,,
3630,1244,filterLoc,,
3630,1247,filterLoc,,
3630,1250,filterLoc,,
3630,1253,filterLoc,,
3630,1256,filterLoc,,
3630,1259,filterLoc,,
3630,1262,filterLoc,,
3630,1265,filterLoc,,
3630,1268,filterLoc,,
3630,1271,filterLoc,,
3630,1274,filterLoc,,
3630,1277,filterLoc,,
3630,1280,filterLoc,,
3630,1283,filterLoc,,
3630,1286,filterLoc,,
3630,1289,filterLoc,,
3630,1292,filterLoc,,
3630,1295,filterLoc,,
3630,1298,filterLoc,,
3630,1301,filterLoc,,
3630,1304,filterLoc,,
3630,1307,filterLoc,,
3630,1310,filterLoc,,
3630,1313,filterLoc,,
3630,1316,filterLoc,,
3630,1319,filterLoc,,
3630,1322,filterLoc,,
3630,1325,filterLoc,,
3630,1328,filterLoc,,
3630,1331,filterLoc,,
3630,1334,filterLoc,,
3630,1337,filterLoc,,
3630,1340,filterLoc,,
3630,1343,filterLoc,,
3630,1346,filterLoc,,
3630,1349,filterLoc,,
3630,1352,filterLoc,,
3630,1355,filterLoc,,
3630,1358,filterLoc,,
3630,1361,filterLoc,,
3630,1364,filterLoc,,
3630,1367,filterLoc,,
3630,1370,filterLoc,,
3630,1373,filterLoc,,
3630,1376,filterLoc,,
3630,1379,filterLoc,,
3630,1382,filterLoc,,
3630,1385,filterLoc,,
3630,1388,filterLoc,,
3630,1391,filterLoc,,
3630,1394,filterLoc,,
3630,1397,filterLoc,,
3630,1400,filterLoc,,
3630,1403,filterLoc,,
3630,1406,filterLoc,,
3630,1409,filterLoc,,
3630,1412,filterLoc,,
3630,1415,filterLoc,,
3630,1418,filterLoc,,
3630,1421,filterLoc,,
3630,1424,filterLoc,,
3630,1427,filterLoc,,
3630,1430,filterLoc,,
3630,1433,filterLoc,,
3630,1436,filterLoc,,
3630,1439,filterLoc,,
3630,1442,filterLoc,,
3630,1445,filterLoc,,
3630,1448,filterLoc,,
3630,1451,filterLoc,,
3630,1454,filterLoc,,
3630,1457,filterLoc,,
3630,1460,filterLoc,,
3630,1463,filterLoc,,
3630,1466,filterLoc,,
3630,1469,filterLoc,,
3630,1472,filterLoc,,
3630,1475,filterLoc,,
3630,1478,filterLoc,,
3630,1481,filterLoc,,
3630,1484,filterLoc,,
3630,1487,filterLoc,,
3630,1490,filterLoc,,
3630,1493,filterLoc,,
3630,1496,filterLoc,,
3630,1499,filterLoc,,
3630,1502,filterLoc,,
3630,1505,filterLoc,,
3630,1508,filterLoc,,
3630,1511,filterLoc,,
3630,1514,filterLoc,,
3630,1517,filterLoc,,
3630,1520,filterLoc,,
3630,1523,filterLoc,,
3630,1526,filterLoc,,
3630,1529,filterLoc,,
3630,4,helipadManager,outHQ,0
3630,4,helipadManager,,;No helos are at ES
3630,5,helicopterQueue,,;No helos are waiting to land
3630,283,filterLoc,out,Evacuee 331 in triage category Y is not assigned a helicopter
3630,283,filterLoc,,
3630,284,evacuee,,Evacuee;331;in triage state;Y;is entering the FOL
3630,293,filterES,out,Helicopter 4 is evacuating people4
3630,293,filterES,,
3630,294,helicopter,,Helicopter;4;is loading people at the evacuation site;;and has;9;spots taken
3630,870,filterLoc,out,Evacuee 172 in triage category Y is not assigned a helicopter
3630,870,filterLoc,,
3630,871,evacuee,,Evacuee;172;in triage state;Y;is entering the FOL
3630,1086,filterLoc,out,Evacuee 30 in triage category Y is not assigned a helicopter
3630,1086,filterLoc,,
3630,1087,evacuee,,Evacuee;30;in triage state;Y;is entering the FOL
3630,5,helicopterQueue,,;No helos are waiting to land
3630,227,FOL,,;EvacueeID;4;Triage Status;G;EvacueeID;7;Triage Status;G;EvacueeID;10;Triage Status;G;EvacueeID;11;Triage Status;G;EvacueeID;13;Triage Status;G;EvacueeID;14;Triage Status;G;EvacueeID;15;Triage Status;G;EvacueeID;17;Triage Status;G;EvacueeID;18;Triage Status;G;EvacueeID;19;Triage Status;G;EvacueeID;23;Triage Status;G;EvacueeID;24;Triage Status;G;EvacueeID;26;Triage Status;G;EvacueeID;28;Triage Status;G;EvacueeID;29;Triage Status;G;EvacueeID;32;Triage Status;G;EvacueeID;37;Triage Status;G;EvacueeID;45;Triage Status;G;EvacueeID;48;Triage Status;G;EvacueeID;50;Triage Status;G;EvacueeID;54;Triage Status;G;EvacueeID;55;Triage Status;G;EvacueeID;58;Triage Status;G;EvacueeID;60;Triage Status;G;EvacueeID;65;Triage Status;G;EvacueeID;67;Triage Status;G;EvacueeID;73;Triage Status;G;EvacueeID;75;Triage Status;G;EvacueeID;77;Triage Status;G;EvacueeID;78;Triage Status;G;EvacueeID;82;Triage Status;G;EvacueeID;85;Triage Status;G;EvacueeID;95;Triage Status;G;EvacueeID;98;Triage Status;G;EvacueeID;99;Triage Status;G;EvacueeID;100;Triage Status;G;EvacueeID;101;Triage Status;G;EvacueeID;109;Triage Status;G;EvacueeID;112;Triage Status;G;EvacueeID;114;Triage Status;G;EvacueeID;123;Triage Status;G;EvacueeID;125;Triage Status;G;EvacueeID;126;Triage Status;G;EvacueeID;142;Triage Status;G;EvacueeID;144;Triage Status;G;EvacueeID;147;Triage Status;G;EvacueeID;153;Triage Status;G;EvacueeID;156;Triage Status;G;EvacueeID;158;Triage Status;G;EvacueeID;159;Triage Status;G;EvacueeID;161;Triage Status;G;EvacueeID;174;Triage Status;G;EvacueeID;177;Triage Status;G;EvacueeID;179;Triage Status;G;EvacueeID;181;Triage Status;G;EvacueeID;183;Triage Status;G;EvacueeID;184;Triage Status;G;EvacueeID;187;Triage Status;G;EvacueeID;190;Triage Status;G;EvacueeID;200;Triage Status;G;EvacueeID;201;Triage Status;G;EvacueeID;202;Triage Status;G;EvacueeID;203;Triage Status;G;EvacueeID;204;Triage Status;G;EvacueeID;205;Triage Status;G;EvacueeID;209;Triage Status;G;EvacueeID;212;Triage Status;G;EvacueeID;213;Triage Status;G;EvacueeID;215;Triage Status;G;EvacueeID;220;Triage Status;G;EvacueeID;226;Triage Status;G;EvacueeID;227;Triage Status;G;EvacueeID;232;Triage Status;G;EvacueeID;233;Triage Status;G;EvacueeID;234;Triage Status;G;EvacueeID;236;Triage Status;G;EvacueeID;241;Triage Status;G;EvacueeID;246;Triage Status;G;EvacueeID;255;Triage Status;G;EvacueeID;259;Triage Status;G;EvacueeID;260;Triage Status;G;EvacueeID;262;Triage Status;G;EvacueeID;263;Triage Status;G;EvacueeID;264;Triage Status;G;EvacueeID;267;Triage Status;G;EvacueeID;268;Triage Status;G;EvacueeID;270;Triage Status;G;EvacueeID;272;Triage Status;G;EvacueeID;275;Triage Status;G;EvacueeID;288;Triage Status;G;EvacueeID;290;Triage Status;G;EvacueeID;291;Triage Status;G;EvacueeID;292;Triage Status;G;EvacueeID;299;Triage Status;G;EvacueeID;300;Triage Status;G;EvacueeID;302;Triage Status;G;EvacueeID;322;Triage Status;G;EvacueeID;323;Triage Status;G;EvacueeID;324;Triage Status;G;EvacueeID;325;Triage Status;G;EvacueeID;326;Triage Status;G;EvacueeID;327;Triage Status;G;EvacueeID;343;Triage Status;G;EvacueeID;344;Triage Status;G;EvacueeID;345;Triage Status;G;EvacueeID;350;Triage Status;G;EvacueeID;355;Triage Status;G;EvacueeID;356;Triage Status;G;EvacueeID;361;Triage Status;G;EvacueeID;362;Triage Status;G;EvacueeID;365;Triage Status;G;EvacueeID;366;Triage Status;G;EvacueeID;368;Triage Status;G;EvacueeID;369;Triage Status;G;EvacueeID;370;Triage Status;G;EvacueeID;371;Triage Status;G;EvacueeID;372;Triage Status;G;EvacueeID;385;Triage Status;G;EvacueeID;387;Triage Status;G;EvacueeID;388;Triage Status;G;EvacueeID;390;Triage Status;G;EvacueeID;391;Triage Status;G;EvacueeID;396;Triage Status;G;EvacueeID;397;Triage Status;G;EvacueeID;398;Triage Status;G;EvacueeID;400;Triage Status;G;EvacueeID;401;Triage Status;G;EvacueeID;403;Triage Status;G;EvacueeID;404;Triage Status;G;EvacueeID;410;Triage Status;G;EvacueeID;413;Triage Status;G;EvacueeID;416;Triage Status;G;EvacueeID;418;Triage Status;G;EvacueeID;435;Triage Status;G;EvacueeID;441;Triage Status;G;EvacueeID;442;Triage Status;G;EvacueeID;445;Triage Status;G;EvacueeID;447;Triage Status;G;EvacueeID;448;Triage Status;G;EvacueeID;452;Triage Status;G;EvacueeID;455;Triage Status;G;EvacueeID;456;Triage Status;G;EvacueeID;457;Triage Status;G;EvacueeID;458;Triage Status;G;EvacueeID;464;Triage Status;G;EvacueeID;465;Triage Status;G;EvacueeID;466;Triage Status;G;EvacueeID;469;Triage Status;G;EvacueeID;470;Triage Status;G;EvacueeID;474;Triage Status;G;EvacueeID;359;Triage Status;R;EvacueeID;394;Triage Status;R;EvacueeID;444;Triage Status;R;EvacueeID;293;Triage Status;R;EvacueeID;307;Triage Status;R;EvacueeID;374;Triage Status;R;EvacueeID;115;Triage Status;R;EvacueeID;347;Triage Status;R;EvacueeID;406;Triage Status;R;EvacueeID;182;Triage Status;Y;EvacueeID;230;Triage Status;Y;EvacueeID;419;Triage Status;Y;EvacueeID;30;Triage Status;Y;EvacueeID;172;Triage Status;Y;EvacueeID;331;Triage Status;Y;Lives Saved;165
3630,284,evacuee,outFOL,Evacuee 331 in triage category Y is not assigned a helicopter
3630,284,evacuee,,Evacuee;331;in triage state;Y;is at the FOL
3630,294,helicopter,,Helicopter;4;is returning to the FOL;;and has;9;spots taken
3630,871,evacuee,outFOL,Evacuee 172 in triage category Y is not assigned a helicopter
3630,871,evacuee,,Evacuee;172;in triage state;Y;is at the FOL
3630,1087,evacuee,outFOL,Evacuee 30 in triage category Y is not assigned a helicopter
3630,1087,evacuee,,Evacuee;30;in triage state;Y;is at the FOL
3630,227,FOL,,;EvacueeID;4;Triage Status;G;EvacueeID;7;Triage Status;G;EvacueeID;10;Triage Status;G;EvacueeID;11;Triage Status;G;EvacueeID;13;Triage Status;G;EvacueeID;14;Triage Status;G;EvacueeID;15;Triage Status;G;EvacueeID;17;Triage Status;G;EvacueeID;18;Triage Status;G;EvacueeID;19;Triage Status;G;EvacueeID;23;Triage Status;G;EvacueeID;24;Triage Status;G;EvacueeID;26;Triage Status;G;EvacueeID;28;Triage Status;G;EvacueeID;29;Triage Status;G;EvacueeID;32;Triage Status;G;EvacueeID;37;Triage Status;G;EvacueeID;45;Triage Status;G;EvacueeID;48;Triage Status;G;EvacueeID;50;Triage Status;G;EvacueeID;54;Triage Status;G;EvacueeID;55;Triage Status;G;EvacueeID;58;Triage Status;G;EvacueeID;60;Triage Status;G;EvacueeID;65;Triage Status;G;EvacueeID;67;Triage Status;G;EvacueeID;73;Triage Status;G;EvacueeID;75;Triage Status;G;EvacueeID;77;Triage Status;G;EvacueeID;78;Triage Status;G;EvacueeID;82;Triage Status;G;EvacueeID;85;Triage Status;G;EvacueeID;95;Triage Status;G;EvacueeID;98;Triage Status;G;EvacueeID;99;Triage Status;G;EvacueeID;100;Triage Status;G;EvacueeID;101;Triage Status;G;EvacueeID;109;Triage Status;G;EvacueeID;112;Triage Status;G;EvacueeID;114;Triage Status;G;EvacueeID;123;Triage Status;G;EvacueeID;125;Triage Status;G;EvacueeID;126;Triage Status;G;EvacueeID;142;Triage Status;G;EvacueeID;144;Triage Status;G;EvacueeID;147;Triage Status;G;EvacueeID;153;Triage Status;G;EvacueeID;156;Triage Status;G;EvacueeID;158;Triage Status;G;EvacueeID;159;Triage Status;G;EvacueeID;161;Triage Status;G;EvacueeID;174;Triage Status;G;EvacueeID;177;Triage Status;G;EvacueeID;179;Triage Status;G;EvacueeID;181;Triage Status;G;EvacueeID;183;Triage Status;G;EvacueeID;184;Triage Status;G;EvacueeID;187;Triage Status;G;EvacueeID;190;Triage Status;G;EvacueeID;200;Triage Status;G;EvacueeID;201;Triage Status;G;EvacueeID;202;Triage Status;G;EvacueeID;203;Triage Status;G;EvacueeID;204;Triage Status;G;EvacueeID;205;Triage Status;G;EvacueeID;209;Triage Status;G;EvacueeID;212;Triage Status;G;EvacueeID;213;Triage Status;G;EvacueeID;215;Triage Status;G;EvacueeID;220;Triage Status;G;EvacueeID;226;Triage Status;G;EvacueeID;227;Triage Status;G;EvacueeID;232;Triage Status;G;EvacueeID;233;Triage Status;G;EvacueeID;234;Triage Status;G;EvacueeID;236;Triage Status;G;EvacueeID;241;Triage Status;G;EvacueeID;246;Triage Status;G;EvacueeID;255;Triage Status;G;EvacueeID;259;Triage Status;G;EvacueeID;260;Triage Status;G;EvacueeID;262;Triage Status;G;EvacueeID;263;Triage Status;G;EvacueeID;264;Triage Status;G;EvacueeID;267;Triage Status;G;EvacueeID;268;Triage Status;G;EvacueeID;270;Triage Status;G;EvacueeID;272;Triage Status;G;EvacueeID;275;Triage Status;G;EvacueeID;288;Triage Status;G;EvacueeID;290;Triage Status;G;EvacueeID;291;Triage Status;G;EvacueeID;292;Triage Status;G;EvacueeID;299;Triage Status;G;EvacueeID;300;Triage Status;G;EvacueeID;302;Triage Status;G;EvacueeID;322;Triage Status;G;EvacueeID;323;Triage Status;G;EvacueeID;324;Triage Status;G;EvacueeID;325;Triage Status;G;EvacueeID;326;Triage Status;G;EvacueeID;327;Triage Status;G;EvacueeID;343;Triage Status;G;EvacueeID;344;Triage Status;G;EvacueeID;345;Triage Status;G;EvacueeID;350;Triage Status;G;EvacueeID;355;Triage Status;G;EvacueeID;356;Triage Status;G;EvacueeID;361;Triage Status;G;EvacueeID;362;Triage Status;G;EvacueeID;365;Triage Status;G;EvacueeID;366;Triage Status;G;EvacueeID;368;Triage Status;G;EvacueeID;369;Triage Status;G;EvacueeID;370;Triage Status;G;EvacueeID;371;Triage Status;G;EvacueeID;372;Triage Status;G;EvacueeID;385;Triage Status;G;EvacueeID;387;Triage Status;G;EvacueeID;388;Triage Status;G;EvacueeID;390;Triage Status;G;EvacueeID;391;Triage Status;G;EvacueeID;396;Triage Status;G;EvacueeID;397;Triage Status;G;EvacueeID;398;Triage Status;G;EvacueeID;400;Triage Status;G;EvacueeID;401;Triage Status;G;EvacueeID;403;Triage Status;G;EvacueeID;404;Triage Status;G;EvacueeID;410;Triage Status;G;EvacueeID;413;Triage Status;G;EvacueeID;416;Triage Status;G;EvacueeID;418;Triage Status;G;EvacueeID;435;Triage Status;G;EvacueeID;441;Triage Status;G;EvacueeID;442;Triage Status;G;EvacueeID;445;Triage Status;G;EvacueeID;447;Triage Status;G;EvacueeID;448;Triage Status;G;EvacueeID;452;Triage Status;G;EvacueeID;455;Triage Status;G;EvacueeID;456;Triage Status;G;EvacueeID;457;Triage Status;G;EvacueeID;458;Triage Status;G;EvacueeID;464;Triage Status;G;EvacueeID;465;Triage Status;G;EvacueeID;466;Triage Status;G;EvacueeID;469;Triage Status;G;EvacueeID;470;Triage Status;G;EvacueeID;474;Triage Status;G;EvacueeID;359;Triage Status;R;EvacueeID;394;Triage Status;R;EvacueeID;444;Triage Status;R;EvacueeID;293;Triage Status;R;EvacueeID;307;Triage Status;R;EvacueeID;374;Triage Status;R;EvacueeID;115;Triage Status;R;EvacueeID;347;Triage Status;R;EvacueeID;406;Triage Status;R;EvacueeID;182;Triage Status;Y;EvacueeID;230;Triage Status;Y;EvacueeID;419;Triage Status;Y;EvacueeID;30;Triage Status;Y;EvacueeID;172;Triage Status;Y;EvacueeID;331;Triage Status;Y;Lives Saved;165
3633.11,3,evacueeManager,,OFF SHIP: White;0;Green;0;Yellow;1;Red;1;Black;324;ON SHIP: White;0;Green;0;Yellow;0;Red;0;Evacuees to Transfer;
3633.11,805,evacuee,outES,Evacuee 473 in triage category Y is not assigned a helicopter
3633.11,805,evacuee,,Evacuee;473;in triage state;R;is at the evacuation site
3645,9,helicopter,outEvac,Evacuee 135 in triage category Y is not assigned a helicopter
3645,9,helicopter,outEvac,Evacuee 171 in triage category Y is not assigned a helicopter
3645,9,helicopter,outEvac,Evacuee 225 in triage category Y is not assigned a helicopter
3645,9,helicopter,,Helicopter;6;is unloading people at the FOL;;and has;0;spots taken
3645,11,filterLoc,,
3645,14,filterLoc,,
3645,17,filterLoc,,
3645,20,filterLoc,,
3645,23,filterLoc,,
3645,26,filterLoc,,
3645,29,filterLoc,,
3645,32,filterLoc,,
3645,35,filterLoc,,
3645,38,filterLoc,,
3645,41,filterLoc,,
3645,44,filterLoc,,
3645,47,filterLoc,,
3645,50,filterLoc,,
3645,53,filterLoc,,
3645,56,filterLoc,,
3645,59,filterLoc,,
3645,62,filterLoc,,
3645,65,filterLoc,,
3645,68,filterLoc,,
3645,71,filterLoc,,
3645,74,filterLoc,,
3645,77,filterLoc,,
3645,80,filterLoc,,
3645,83,filterLoc,,
3645,86,filterLoc,,
3645,89,filterLoc,,
3645,92,filterLoc,,
3645,95,filterLoc,,
3645,98,filterLoc,,
3645,101,filterLoc,,
3645,104,filterLoc,,
3645,109,helicopter,,Helicopter;3;Is going to the evacuation site;;and has;0;spots taken
3645,111,filterLoc,,
3645,114,filterLoc,,
3645,117,filterLoc,,
3645,120,filterLoc,,
3645,123,filterLoc,,
3645,126,filterLoc,,
3645,129,filterLoc,,
3645,132,filterLoc,,
3645,135,filterLoc,,
3645,138,filterLoc,,
3645,141,filterLoc,,
3645,144,filterLoc,,
3645,147,filterLoc,,
3645,150,filterLoc,,
3645,153,filterLoc,,
3645,156,filterLoc,,
3645,159,filterLoc,,
3645,162,filterLoc,,
3645,165,filterLoc,,
3645,168,filterLoc,,
3645,171,filterLoc,,
3645,174,filterLoc,,
3645,177,filterLoc,,
3645,180,filterLoc,,
3645,183,filterLoc,,
3645,186,filterLoc,,
3645,189,filterLoc,,
3645,192,filterLoc,,
3645,195,filterLoc,,
3645,198,filterLoc,,
3645,201,filterLoc,,
3645,204,filterLoc,,
3645,207,filterLoc,,
3645,210,filterLoc,,
3645,213,filterLoc,,
3645,216,filterLoc,,
3645,219,filterLoc,,
3645,222,filterLoc,,
3645,225,filterLoc,,
3645,229,filterLoc,,
3645,232,filterLoc,,
3645,235,filterLoc,,
3645,238,filterLoc,,
3645,241,filterLoc,,
3645,244,filterLoc,,
3645,247,filterLoc,,
3645,250,filterLoc,,
3645,253,filterLoc,,
3645,256,filterLoc,,
3645,259,filterLoc,,
3645,262,filterLoc,,
3645,265,filterLoc,,
3645,268,filterLoc,,
3645,271,filterLoc,,
3645,274,filterLoc,,
3645,277,filterLoc,,
3645,280,filterLoc,,
3645,283,filterLoc,,
3645,286,filterLoc,,
3645,289,filterLoc,,
3645,296,filterLoc,,
3645,299,filterLoc,,
3645,302,filterLoc,,
3645,305,filterLoc,,
3645,308,filterLoc,,
3645,311,filterLoc,,
3645,314,filterLoc,,
3645,317,filterLoc,,
3645,320,filterLoc,,
3645,323,filterLoc,,
3645,326,filterLoc,,
3645,329,filterLoc,,
3645,332,filterLoc,,
3645,335,filterLoc,,
3645,338,filterLoc,,
3645,341,filterLoc,,
3645,344,filterLoc,,
3645,347,filterLoc,,
3645,350,filterLoc,,
3645,353,filterLoc,,
3645,356,filterLoc,,
3645,359,filterLoc,,
3645,362,filterLoc,,
3645,365,filterLoc,,
3645,368,filterLoc,,
3645,371,filterLoc,,
3645,374,filterLoc,,
3645,377,filterLoc,,
3645,380,filterLoc,,
3645,383,filterLoc,,
3645,386,filterLoc,,
3645,389,filterLoc,,
3645,392,filterLoc,,
3645,395,filterLoc,,
3645,398,filterLoc,,
3645,401,filterLoc,,
3645,404,filterLoc,,
3645,407,filterLoc,,
3645,410,filterLoc,,
3645,413,filterLoc,,
3645,416,filterLoc,,
3645,419,filterLoc,,
3645,422,filterLoc,,
3645,425,filterLoc,,
3645,428,filterLoc,,
3645,431,filterLoc,,
3645,434,filterLoc,,
3645,437,filterLoc,,
3645,440,filterLoc,,
3645,443,filterLoc,,
3645,446,filterLoc,,
3645,449,filterLoc,,
3645,452,filterLoc,,
3645,455,filterLoc,,
3645,458,filterLoc,,
3645,461,filterLoc,,
3645,464,filterLoc,,
3645,467,filterLoc,,
3645,470,filterLoc,,
3645,473,filterLoc,,
3645,476,filterLoc,,
3645,479,filterLoc,,
3645,482,filterLoc,,
3645,485,filterLoc,,
3645,488,filterLoc,,
3645,491,filterLoc,,
3645,494,filterLoc,,
3645,497,filterLoc,,
3645,500,filterLoc,,
3645,503,filterLoc,,
3645,506,filterLoc,,
3645,509,filterLoc,,
3645,512,filterLoc,,
3645,515,filterLoc,,
3645,518,filterLoc,,
3645,521,filterLoc,,
3645,524,filterLoc,,
3645,527,filterLoc,,
3645,530,filterLoc,,
3645,533,filterLoc,,
3645,536,filterLoc,,
3645,539,filterLoc,,
3645,542,filterLoc,,
3645,545,filterLoc,,
3645,548,filterLoc,,
3645,551,filterLoc,,
3645,554,filterLoc,,
3645,557,filterLoc,,
3645,560,filterLoc,,
3645,563,filterLoc,,
3645,566,filterLoc,,
3645,569,filterLoc,,
3645,576,filterLoc,,
3645,579,filterLoc,,
3645,582,filterLoc,,
3645,585,filterLoc,,
3645,588,filterLoc,,
3645,591,filterLoc,,
3645,594,filterLoc,,
3645,597,filterLoc,,
3645,600,filterLoc,,
3645,603,filterLoc,,
3645,606,filterLoc,,
3645,609,filterLoc,,
3645,612,filterLoc,,
3645,615,filterLoc,,
3645,618,filterLoc,,
3645,621,filterLoc,,
3645,624,filterLoc,,
3645,627,filterLoc,,
3645,630,filterLoc,,
3645,633,filterLoc,,
3645,636,filterLoc,,
3645,639,filterLoc,,
3645,642,filterLoc,,
3645,645,filterLoc,,
3645,648,filterLoc,,
3645,651,filterLoc,,
3645,654,filterLoc,,
3645,657,filterLoc,,
3645,660,filterLoc,,
3645,663,filterLoc,,
3645,666,filterLoc,,
3645,669,filterLoc,,
3645,672,filterLoc,,
3645,675,filterLoc,,
3645,678,filterLoc,,
3645,681,filterLoc,,
3645,684,filterLoc,,
3645,687,filterLoc,,
3645,690,filterLoc,,
3645,693,filterLoc,,
3645,696,filterLoc,,
3645,699,filterLoc,,
3645,702,filterLoc,,
3645,705,filterLoc,,
3645,708,filterLoc,,
3645,711,filterLoc,,
3645,714,filterLoc,,
3645,717,filterLoc,,
3645,720,filterLoc,,
3645,723,filterLoc,,
3645,726,filterLoc,,
3645,729,filterLoc,,;Evacuee;135;in triage category;Y;is leaving helicopter;6
3645,732,filterLoc,,
3645,735,filterLoc,,
3645,738,filterLoc,,
3645,741,filterLoc,,
3645,744,filterLoc,,
3645,747,filterLoc,,
3645,750,filterLoc,,
3645,753,filterLoc,,
3645,756,filterLoc,,
3645,759,filterLoc,,
3645,762,filterLoc,,
3645,765,filterLoc,,
3645,768,filterLoc,,
3645,771,filterLoc,,
3645,774,filterLoc,,
3645,777,filterLoc,,
3645,780,filterLoc,,
3645,783,filterLoc,,
3645,786,filterLoc,,
3645,789,filterLoc,,
3645,792,filterLoc,,
3645,795,filterLoc,,
3645,798,filterLoc,,
3645,801,filterLoc,,
3645,804,filterLoc,,
3645,807,filterLoc,,
3645,810,filterLoc,,
3645,813,filterLoc,,
3645,816,filterLoc,,
3645,819,filterLoc,,
3645,822,filterLoc,,
3645,825,filterLoc,,
3645,828,filterLoc,,
3645,831,filterLoc,,
3645,834,filterLoc,,
3645,837,filterLoc,,
3645,840,filterLoc,,
3645,843,filterLoc,,
3645,846,filterLoc,,
3645,849,filterLoc,,
3645,852,filterLoc,,
3645,855,filterLoc,,
3645,858,filterLoc,,
3645,861,filterLoc,,
3645,864,filterLoc,,
3645,867,filterLoc,,
3645,870,filterLoc,,
3645,873,filterLoc,,
3645,876,filterLoc,,
3645,879,filterLoc,,
3645,882,filterLoc,,
3645,885,filterLoc,,
3645,888,filterLoc,,
3645,891,filterLoc,,
3645,894,filterLoc,,
3645,897,filterLoc,,
3645,900,filterLoc,,
3645,903,filterLoc,,
3645,906,filterLoc,,
3645,909,filterLoc,,
3645,912,filterLoc,,
3645,915,filterLoc,,
3645,918,filterLoc,,
3645,921,filterLoc,,
3645,924,filterLoc,,
3645,927,filterLoc,,
3645,930,filterLoc,,
3645,933,filterLoc,,
3645,936,filterLoc,,
3645,939,filterLoc,,
3645,942,filterLoc,,
3645,945,filterLoc,,
3645,948,filterLoc,,
3645,951,filterLoc,,
3645,954,filterLoc,,
3645,957,filterLoc,,
3645,960,filterLoc,,
3645,963,filterLoc,,
3645,966,filterLoc,,
3645,969,filterLoc,,
3645,972,filterLoc,,
3645,975,filterLoc,,
3645,978,filterLoc,,
3645,981,filterLoc,,
3645,984,filterLoc,,
3645,987,filterLoc,,
3645,990,filterLoc,,
3645,993,filterLoc,,
3645,996,filterLoc,,
3645,999,filterLoc,,
3645,1002,filterLoc,,
3645,1005,filterLoc,,
3645,1008,filterLoc,,
3645,1011,filterLoc,,
3645,1014,filterLoc,,
3645,1017,filterLoc,,
3645,1020,filterLoc,,
3645,1023,filterLoc,,
3645,1026,filterLoc,,
3645,1029,filterLoc,,
3645,1032,filterLoc,,
3645,1035,filterLoc,,
3645,1038,filterLoc,,
3645,1041,filterLoc,,
3645,1044,filterLoc,,
3645,1047,filterLoc,,
3645,1050,filterLoc,,
3645,1053,filterLoc,,
3645,1056,filterLoc,,
3645,1059,filterLoc,,
3645,1062,filterLoc,,
3645,1065,filterLoc,,
3645,1068,filterLoc,,
3645,1071,filterLoc,,
3645,1074,filterLoc,,
3645,1077,filterLoc,,
3645,1080,filterLoc,,
3645,1083,filterLoc,,
3645,1086,filterLoc,,
3645,1089,filterLoc,,
3645,1092,filterLoc,,
3645,1095,filterLoc,,
3645,1098,filterLoc,,
3645,1101,filterLoc,,
3645,1104,filterLoc,,
3645,1107,filterLoc,,
3645,1110,filterLoc,,
3645,1113,filterLoc,,
3645,1116,filterLoc,,
3645,1119,filterLoc,,
3645,1122,filterLoc,,
3645,1125,filterLoc,,
3645,1128,filterLoc,,
3645,1135,filterLoc,,
3645,1138,filterLoc,,
3645,1141,filterLoc,,
3645,1144,filterLoc,,
3645,1147,filterLoc,,
3645,1150,filterLoc,,
3645,1153,filterLoc,,
3645,1156,filterLoc,,
3645,1159,filterLoc,,
3645,1162,filterLoc,,
3645,1165,filterLoc,,
3645,1168,filterLoc,,
3645,1175,filterLoc,,
3645,1178,filterLoc,,
3645,1181,filterLoc,,
3645,1184,filterLoc,,
3645,1187,filterLoc,,
3645,1190,filterLoc,,
3645,1193,filterLoc,,
3645,1196,filterLoc,,
3645,1199,filterLoc,,
3645,1202,filterLoc,,
3645,1205,filterLoc,,
3645,1208,filterLoc,,
3645,1211,filterLoc,,
3645,1214,filterLoc,,
3645,1217,filterLoc,,
3645,1220,filterLoc,,
3645,1223,filterLoc,,
3645,1226,filterLoc,,
3645,1229,filterLoc,,
3645,1232,filterLoc,,
3645,1235,filterLoc,,
3645,1238,filterLoc,,
3645,1241,filterLoc,,
3645,1244,filterLoc,,
3645,1247,filterLoc,,
3645,1250,filterLoc,,
3645,1253,filterLoc,,
3645,1256,filterLoc,,
3645,1259,filterLoc,,
3645,1262,filterLoc,,
3645,1265,filterLoc,,
3645,1268,filterLoc,,
3645,1271,filterLoc,,
3645,1274,filterLoc,,
3645,1277,filterLoc,,
3645,1280,filterLoc,,
3645,1283,filterLoc,,
3645,1286,filterLoc,,
3645,1289,filterLoc,,
3645,1292,filterLoc,,
3645,1295,filterLoc,,
3645,1298,filterLoc,,
3645,1301,filterLoc,,
3645,1304,filterLoc,,
3645,1307,filterLoc,,
3645,1310,filterLoc,,
3645,1313,filterLoc,,;Evacuee;171;in triage category;Y;is leaving helicopter;6
3645,1316,filterLoc,,
3645,1319,filterLoc,,
3645,1322,filterLoc,,
3645,1325,filterLoc,,
3645,1328,filterLoc,,
3645,1331,filterLoc,,
3645,1334,filterLoc,,
3645,1337,filterLoc,,
3645,1340,filterLoc,,
3645,1343,filterLoc,,
3645,1346,filterLoc,,
3645,1349,filterLoc,,
3645,1352,filterLoc,,
3645,1355,filterLoc,,
3645,1358,filterLoc,,
3645,1361,filterLoc,,
3645,1364,filterLoc,,
3645,1367,filterLoc,,
3645,1370,filterLoc,,
3645,1373,filterLoc,,
3645,1376,filterLoc,,
3645,1379,filterLoc,,
3645,1382,filterLoc,,
3645,1385,filterLoc,,
3645,1388,filterLoc,,
3645,1391,filterLoc,,
3645,1394,filterLoc,,
3645,1397,filterLoc,,
3645,1400,filterLoc,,
3645,1403,filterLoc,,
3645,1406,filterLoc,,
3645,1409,filterLoc,,
3645,1412,filterLoc,,
3645,1415,filterLoc,,
3645,1418,filterLoc,,
3645,1421,filterLoc,,
3645,1424,filterLoc,,
3645,1427,filterLoc,,
3645,1430,filterLoc,,
3645,1433,filterLoc,,
3645,1436,filterLoc,,
3645,1439,filterLoc,,
3645,1442,filterLoc,,
3645,1445,filterLoc,,
3645,1448,filterLoc,,
3645,1451,filterLoc,,
3645,1454,filterLoc,,;Evacuee;225;in triage category;Y;is leaving helicopter;6
3645,1457,filterLoc,,
3645,1460,filterLoc,,
3645,1463,filterLoc,,
3645,1466,filterLoc,,
3645,1469,filterLoc,,
3645,1472,filterLoc,,
3645,1475,filterLoc,,
3645,1478,filterLoc,,
3645,1481,filterLoc,,
3645,1484,filterLoc,,
3645,1487,filterLoc,,
3645,1490,filterLoc,,
3645,1493,filterLoc,,
3645,1496,filterLoc,,
3645,1499,filterLoc,,
3645,1502,filterLoc,,
3645,1505,filterLoc,,
3645,1508,filterLoc,,
3645,1511,filterLoc,,
3645,1514,filterLoc,,
3645,1517,filterLoc,,
3645,1520,filterLoc,,
3645,1523,filterLoc,,
3645,1526,filterLoc,,
3645,1529,filterLoc,,
3645,729,filterLoc,out,Evacuee 135 in triage category Y is not assigned a helicopter
3645,729,filterLoc,,
3645,730,evacuee,,Evacuee;135;in triage state;Y;is entering the FOL
3645,1313,filterLoc,out,Evacuee 171 in triage category Y is not assigned a helicopter
3645,1313,filterLoc,,
3645,1314,evacuee,,Evacuee;171;in triage state;Y;is entering the FOL
3645,1454,filterLoc,out,Evacuee 225 in triage category Y is not assigned a helicopter
3645,1454,filterLoc,,
3645,1455,evacuee,,Evacuee;225;in triage state;Y;is entering the FOL
3645,227,FOL,,;EvacueeID;4;Triage Status;G;EvacueeID;7;Triage Status;G;EvacueeID;10;Triage Status;G;EvacueeID;11;Triage Status;G;EvacueeID;13;Triage Status;G;EvacueeID;14;Triage Status;G;EvacueeID;15;Triage Status;G;EvacueeID;17;Triage Status;G;EvacueeID;18;Triage Status;G;EvacueeID;19;Triage Status;G;EvacueeID;23;Triage Status;G;EvacueeID;24;Triage Status;G;EvacueeID;26;Triage Status;G;EvacueeID;28;Triage Status;G;EvacueeID;29;Triage Status;G;EvacueeID;32;Triage Status;G;EvacueeID;37;Triage Status;G;EvacueeID;45;Triage Status;G;EvacueeID;48;Triage Status;G;EvacueeID;50;Triage Status;G;EvacueeID;54;Triage Status;G;EvacueeID;55;Triage Status;G;EvacueeID;58;Triage Status;G;EvacueeID;60;Triage Status;G;EvacueeID;65;Triage Status;G;EvacueeID;67;Triage Status;G;EvacueeID;73;Triage Status;G;EvacueeID;75;Triage Status;G;EvacueeID;77;Triage Status;G;EvacueeID;78;Triage Status;G;EvacueeID;82;Triage Status;G;EvacueeID;85;Triage Status;G;EvacueeID;95;Triage Status;G;EvacueeID;98;Triage Status;G;EvacueeID;99;Triage Status;G;EvacueeID;100;Triage Status;G;EvacueeID;101;Triage Status;G;EvacueeID;109;Triage Status;G;EvacueeID;112;Triage Status;G;EvacueeID;114;Triage Status;G;EvacueeID;123;Triage Status;G;EvacueeID;125;Triage Status;G;EvacueeID;126;Triage Status;G;EvacueeID;142;Triage Status;G;EvacueeID;144;Triage Status;G;EvacueeID;147;Triage Status;G;EvacueeID;153;Triage Status;G;EvacueeID;156;Triage Status;G;EvacueeID;158;Triage Status;G;EvacueeID;159;Triage Status;G;EvacueeID;161;Triage Status;G;EvacueeID;174;Triage Status;G;EvacueeID;177;Triage Status;G;EvacueeID;179;Triage Status;G;EvacueeID;181;Triage Status;G;EvacueeID;183;Triage Status;G;EvacueeID;184;Triage Status;G;EvacueeID;187;Triage Status;G;EvacueeID;190;Triage Status;G;EvacueeID;200;Triage Status;G;EvacueeID;201;Triage Status;G;EvacueeID;202;Triage Status;G;EvacueeID;203;Triage Status;G;EvacueeID;204;Triage Status;G;EvacueeID;205;Triage Status;G;EvacueeID;209;Triage Status;G;EvacueeID;212;Triage Status;G;EvacueeID;213;Triage Status;G;EvacueeID;215;Triage Status;G;EvacueeID;220;Triage Status;G;EvacueeID;226;Triage Status;G;EvacueeID;227;Triage Status;G;EvacueeID;232;Triage Status;G;EvacueeID;233;Triage Status;G;EvacueeID;234;Triage Status;G;EvacueeID;236;Triage Status;G;EvacueeID;241;Triage Status;G;EvacueeID;246;Triage Status;G;EvacueeID;255;Triage Status;G;EvacueeID;259;Triage Status;G;EvacueeID;260;Triage Status;G;EvacueeID;262;Triage Status;G;EvacueeID;263;Triage Status;G;EvacueeID;264;Triage Status;G;EvacueeID;267;Triage Status;G;EvacueeID;268;Triage Status;G;EvacueeID;270;Triage Status;G;EvacueeID;272;Triage Status;G;EvacueeID;275;Triage Status;G;EvacueeID;288;Triage Status;G;EvacueeID;290;Triage Status;G;EvacueeID;291;Triage Status;G;EvacueeID;292;Triage Status;G;EvacueeID;299;Triage Status;G;EvacueeID;300;Triage Status;G;EvacueeID;302;Triage Status;G;EvacueeID;322;Triage Status;G;EvacueeID;323;Triage Status;G;EvacueeID;324;Triage Status;G;EvacueeID;325;Triage Status;G;EvacueeID;326;Triage Status;G;EvacueeID;327;Triage Status;G;EvacueeID;343;Triage Status;G;EvacueeID;344;Triage Status;G;EvacueeID;345;Triage Status;G;EvacueeID;350;Triage Status;G;EvacueeID;355;Triage Status;G;EvacueeID;356;Triage Status;G;EvacueeID;361;Triage Status;G;EvacueeID;362;Triage Status;G;EvacueeID;365;Triage Status;G;EvacueeID;366;Triage Status;G;EvacueeID;368;Triage Status;G;EvacueeID;369;Triage Status;G;EvacueeID;370;Triage Status;G;EvacueeID;371;Triage Status;G;EvacueeID;372;Triage Status;G;EvacueeID;385;Triage Status;G;EvacueeID;387;Triage Status;G;EvacueeID;388;Triage Status;G;EvacueeID;390;Triage Status;G;EvacueeID;391;Triage Status;G;EvacueeID;396;Triage Status;G;EvacueeID;397;Triage Status;G;EvacueeID;398;Triage Status;G;EvacueeID;400;Triage Status;G;EvacueeID;401;Triage Status;G;EvacueeID;403;Triage Status;G;EvacueeID;404;Triage Status;G;EvacueeID;410;Triage Status;G;EvacueeID;413;Triage Status;G;EvacueeID;416;Triage Status;G;EvacueeID;418;Triage Status;G;EvacueeID;435;Triage Status;G;EvacueeID;441;Triage Status;G;EvacueeID;442;Triage Status;G;EvacueeID;445;Triage Status;G;EvacueeID;447;Triage Status;G;EvacueeID;448;Triage Status;G;EvacueeID;452;Triage Status;G;EvacueeID;455;Triage Status;G;EvacueeID;456;Triage Status;G;EvacueeID;457;Triage Status;G;EvacueeID;458;Triage Status;G;EvacueeID;464;Triage Status;G;EvacueeID;465;Triage Status;G;EvacueeID;466;Triage Status;G;EvacueeID;469;Triage Status;G;EvacueeID;470;Triage Status;G;EvacueeID;474;Triage Status;G;EvacueeID;359;Triage Status;R;EvacueeID;394;Triage Status;R;EvacueeID;444;Triage Status;R;EvacueeID;293;Triage Status;R;EvacueeID;307;Triage Status;R;EvacueeID;374;Triage Status;R;EvacueeID;115;Triage Status;R;EvacueeID;347;Triage Status;R;EvacueeID;406;Triage Status;R;EvacueeID;182;Triage Status;Y;EvacueeID;230;Triage Status;Y;EvacueeID;419;Triage Status;Y;EvacueeID;30;Triage Status;Y;EvacueeID;172;Triage Status;Y;EvacueeID;331;Triage Status;Y;EvacueeID;135;Triage Status;Y;EvacueeID;171;Triage Status;Y;EvacueeID;225;Triage Status;Y;Lives Saved;168
3645,730,evacuee,outFOL,Evacuee 135 in triage category Y is not assigned a helicopter
3645,730,evacuee,,Evacuee;135;in triage state;Y;is at the FOL
3645,1314,evacuee,outFOL,Evacuee 171 in triage category Y is not assigned a helicopter
3645,1314,evacuee,,Evacuee;171;in triage state;Y;is at the FOL
3645,1455,evacuee,outFOL,Evacuee 225 in triage category Y is not assigned a helicopter
3645,1455,evacuee,,Evacuee;225;in triage state;Y;is at the FOL
3645,227,FOL,,;EvacueeID;4;Triage Status;G;EvacueeID;7;Triage Status;G;EvacueeID;10;Triage Status;G;EvacueeID;11;Triage Status;G;EvacueeID;13;Triage Status;G;EvacueeID;14;Triage Status;G;EvacueeID;15;Triage Status;G;EvacueeID;17;Triage Status;G;EvacueeID;18;Triage Status;G;EvacueeID;19;Triage Status;G;EvacueeID;23;Triage Status;G;EvacueeID;24;Triage Status;G;EvacueeID;26;Triage Status;G;EvacueeID;28;Triage Status;G;EvacueeID;29;Triage Status;G;EvacueeID;32;Triage Status;G;EvacueeID;37;Triage Status;G;EvacueeID;45;Triage Status;G;EvacueeID;48;Triage Status;G;EvacueeID;50;Triage Status;G;EvacueeID;54;Triage Status;G;EvacueeID;55;Triage Status;G;EvacueeID;58;Triage Status;G;EvacueeID;60;Triage Status;G;EvacueeID;65;Triage Status;G;EvacueeID;67;Triage Status;G;EvacueeID;73;Triage Status;G;EvacueeID;75;Triage Status;G;EvacueeID;77;Triage Status;G;EvacueeID;78;Triage Status;G;EvacueeID;82;Triage Status;G;EvacueeID;85;Triage Status;G;EvacueeID;95;Triage Status;G;EvacueeID;98;Triage Status;G;EvacueeID;99;Triage Status;G;EvacueeID;100;Triage Status;G;EvacueeID;101;Triage Status;G;EvacueeID;109;Triage Status;G;EvacueeID;112;Triage Status;G;EvacueeID;114;Triage Status;G;EvacueeID;123;Triage Status;G;EvacueeID;125;Triage Status;G;EvacueeID;126;Triage Status;G;EvacueeID;142;Triage Status;G;EvacueeID;144;Triage Status;G;EvacueeID;147;Triage Status;G;EvacueeID;153;Triage Status;G;EvacueeID;156;Triage Status;G;EvacueeID;158;Triage Status;G;EvacueeID;159;Triage Status;G;EvacueeID;161;Triage Status;G;EvacueeID;174;Triage Status;G;EvacueeID;177;Triage Status;G;EvacueeID;179;Triage Status;G;EvacueeID;181;Triage Status;G;EvacueeID;183;Triage Status;G;EvacueeID;184;Triage Status;G;EvacueeID;187;Triage Status;G;EvacueeID;190;Triage Status;G;EvacueeID;200;Triage Status;G;EvacueeID;201;Triage Status;G;EvacueeID;202;Triage Status;G;EvacueeID;203;Triage Status;G;EvacueeID;204;Triage Status;G;EvacueeID;205;Triage Status;G;EvacueeID;209;Triage Status;G;EvacueeID;212;Triage Status;G;EvacueeID;213;Triage Status;G;EvacueeID;215;Triage Status;G;EvacueeID;220;Triage Status;G;EvacueeID;226;Triage Status;G;EvacueeID;227;Triage Status;G;EvacueeID;232;Triage Status;G;EvacueeID;233;Triage Status;G;EvacueeID;234;Triage Status;G;EvacueeID;236;Triage Status;G;EvacueeID;241;Triage Status;G;EvacueeID;246;Triage Status;G;EvacueeID;255;Triage Status;G;EvacueeID;259;Triage Status;G;EvacueeID;260;Triage Status;G;EvacueeID;262;Triage Status;G;EvacueeID;263;Triage Status;G;EvacueeID;264;Triage Status;G;EvacueeID;267;Triage Status;G;EvacueeID;268;Triage Status;G;EvacueeID;270;Triage Status;G;EvacueeID;272;Triage Status;G;EvacueeID;275;Triage Status;G;EvacueeID;288;Triage Status;G;EvacueeID;290;Triage Status;G;EvacueeID;291;Triage Status;G;EvacueeID;292;Triage Status;G;EvacueeID;299;Triage Status;G;EvacueeID;300;Triage Status;G;EvacueeID;302;Triage Status;G;EvacueeID;322;Triage Status;G;EvacueeID;323;Triage Status;G;EvacueeID;324;Triage Status;G;EvacueeID;325;Triage Status;G;EvacueeID;326;Triage Status;G;EvacueeID;327;Triage Status;G;EvacueeID;343;Triage Status;G;EvacueeID;344;Triage Status;G;EvacueeID;345;Triage Status;G;EvacueeID;350;Triage Status;G;EvacueeID;355;Triage Status;G;EvacueeID;356;Triage Status;G;EvacueeID;361;Triage Status;G;EvacueeID;362;Triage Status;G;EvacueeID;365;Triage Status;G;EvacueeID;366;Triage Status;G;EvacueeID;368;Triage Status;G;EvacueeID;369;Triage Status;G;EvacueeID;370;Triage Status;G;EvacueeID;371;Triage Status;G;EvacueeID;372;Triage Status;G;EvacueeID;385;Triage Status;G;EvacueeID;387;Triage Status;G;EvacueeID;388;Triage Status;G;EvacueeID;390;Triage Status;G;EvacueeID;391;Triage Status;G;EvacueeID;396;Triage Status;G;EvacueeID;397;Triage Status;G;EvacueeID;398;Triage Status;G;EvacueeID;400;Triage Status;G;EvacueeID;401;Triage Status;G;EvacueeID;403;Triage Status;G;EvacueeID;404;Triage Status;G;EvacueeID;410;Triage Status;G;EvacueeID;413;Triage Status;G;EvacueeID;416;Triage Status;G;EvacueeID;418;Triage Status;G;EvacueeID;435;Triage Status;G;EvacueeID;441;Triage Status;G;EvacueeID;442;Triage Status;G;EvacueeID;445;Triage Status;G;EvacueeID;447;Triage Status;G;EvacueeID;448;Triage Status;G;EvacueeID;452;Triage Status;G;EvacueeID;455;Triage Status;G;EvacueeID;456;Triage Status;G;EvacueeID;457;Triage Status;G;EvacueeID;458;Triage Status;G;EvacueeID;464;Triage Status;G;EvacueeID;465;Triage Status;G;EvacueeID;466;Triage Status;G;EvacueeID;469;Triage Status;G;EvacueeID;470;Triage Status;G;EvacueeID;474;Triage Status;G;EvacueeID;359;Triage Status;R;EvacueeID;394;Triage Status;R;EvacueeID;444;Triage Status;R;EvacueeID;293;Triage Status;R;EvacueeID;307;Triage Status;R;EvacueeID;374;Triage Status;R;EvacueeID;115;Triage Status;R;EvacueeID;347;Triage Status;R;EvacueeID;406;Triage Status;R;EvacueeID;182;Triage Status;Y;EvacueeID;230;Triage Status;Y;EvacueeID;419;Triage Status;Y;EvacueeID;30;Triage Status;Y;EvacueeID;172;Triage Status;Y;EvacueeID;331;Triage Status;Y;EvacueeID;135;Triage Status;Y;EvacueeID;171;Triage Status;Y;EvacueeID;225;Triage Status;Y;Lives Saved;168
3660,5,helicopterQueue,,1;Helos are waiting to land;HeloID;2
3660,9,helicopter,,Helicopter;6;Is going to the evacuation site;;and has;0;spots taken
3660,1133,helicopter,outES,Helicopter 2 is evacuating people2
3660,1133,helicopter,,Helicopter;2;is waiting to land at the evacuation site;;and has;0;spots taken
3660,4,helipadManager,,;No helos are at ES
3660,5,helicopterQueue,outHM,Helicopter 2 is evacuating people2
3660,5,helicopterQueue,outHelo,Helicopter 2 is evacuating people2
3660,5,helicopterQueue,,;No helos are waiting to land
3660,8,filterES,,
3660,108,filterES,,
3660,293,filterES,,
3660,573,filterES,,
3660,1132,filterES,,Helicopter;2;is evacuating people
3660,1172,filterES,,
3660,3,evacueeManager,,OFF SHIP: White;0;Green;0;Yellow;0;Red;0;Black;324;ON SHIP: White;0;Green;0;Yellow;0;Red;0;Evacuees to Transfer;;EvacueeID;473;HeloID;2;OnShip;0;Triage Status;R;EvacueeID;301;HeloID;2;OnShip;0;Triage Status;Y
3660,4,helipadManager,outEM,Helicopter 2 is evacuating people2
3660,4,helipadManager,,Helo;2;is at the ES
3660,1132,filterES,out,Helicopter 2 is evacuating people2
3660,1132,filterES,,
3660,1133,helicopter,,Helicopter;2;is waiting to land at the evacuation site;;and has;0;spots taken
3660,2,coastGuardShip,,The ship will arrive in 84 hours.
3660,3,evacueeManager,outEvac,Evacuee 473 in triage category R is assigned helicopter 2
3660,3,evacueeManager,outEvac,Evacuee 301 in triage category Y is assigned helicopter 2
3660,3,evacueeManager,outHM,1
3660,3,evacueeManager,outCGS,1
3660,3,evacueeManager,,OFF SHIP: White;0;Green;0;Yellow;0;Red;0;Black;324;ON SHIP: White;0;Green;0;Yellow;0;Red;0;Evacuees to Transfer;
3660,4,helipadManager,,Helo;2;is at the ES;Stopped evacuating people
3660,11,filterLoc,,
3660,14,filterLoc,,
3660,17,filterLoc,,
3660,20,filterLoc,,
3660,23,filterLoc,,
3660,26,filterLoc,,
3660,29,filterLoc,,
3660,32,filterLoc,,
3660,35,filterLoc,,
3660,38,filterLoc,,
3660,41,filterLoc,,
3660,44,filterLoc,,
3660,47,filterLoc,,
3660,50,filterLoc,,
3660,53,filterLoc,,
3660,56,filterLoc,,
3660,59,filterLoc,,
3660,62,filterLoc,,
3660,65,filterLoc,,
3660,68,filterLoc,,
3660,71,filterLoc,,
3660,74,filterLoc,,
3660,77,filterLoc,,
3660,80,filterLoc,,
3660,83,filterLoc,,
3660,86,filterLoc,,
3660,89,filterLoc,,
3660,92,filterLoc,,
3660,95,filterLoc,,
3660,98,filterLoc,,
3660,101,filterLoc,,
3660,104,filterLoc,,
3660,111,filterLoc,,
3660,114,filterLoc,,
3660,117,filterLoc,,
3660,120,filterLoc,,
3660,123,filterLoc,,
3660,126,filterLoc,,
3660,129,filterLoc,,
3660,132,filterLoc,,
3660,135,filterLoc,,
3660,138,filterLoc,,
3660,141,filterLoc,,
3660,144,filterLoc,,
3660,147,filterLoc,,
3660,150,filterLoc,,
3660,153,filterLoc,,
3660,156,filterLoc,,
3660,159,filterLoc,,
3660,162,filterLoc,,
3660,165,filterLoc,,
3660,168,filterLoc,,
3660,171,filterLoc,,
3660,174,filterLoc,,
3660,177,filterLoc,,
3660,180,filterLoc,,
3660,183,filterLoc,,
3660,186,filterLoc,,
3660,189,filterLoc,,
3660,192,filterLoc,,
3660,195,filterLoc,,
3660,198,filterLoc,,
3660,201,filterLoc,,
3660,204,filterLoc,,
3660,207,filterLoc,,
3660,210,filterLoc,,
3660,213,filterLoc,,
3660,216,filterLoc,,
3660,219,filterLoc,,
3660,222,filterLoc,,
3660,225,filterLoc,,
3660,229,filterLoc,,
3660,232,filterLoc,,
3660,235,filterLoc,,
3660,238,filterLoc,,
3660,241,filterLoc,,
3660,244,filterLoc,,
3660,247,filterLoc,,
3660,250,filterLoc,,
3660,253,filterLoc,,
3660,256,filterLoc,,
3660,259,filterLoc,,
3660,262,filterLoc,,
3660,265,filterLoc,,
3660,268,filterLoc,,
3660,271,filterLoc,,
3660,274,filterLoc,,
3660,277,filterLoc,,
3660,280,filterLoc,,
3660,283,filterLoc,,
3660,286,filterLoc,,
3660,289,filterLoc,,
3660,296,filterLoc,,
3660,299,filterLoc,,
3660,302,filterLoc,,
3660,305,filterLoc,,
3660,308,filterLoc,,
3660,311,filterLoc,,
3660,314,filterLoc,,
3660,317,filterLoc,,
3660,320,filterLoc,,
3660,323,filterLoc,,
3660,326,filterLoc,,
3660,329,filterLoc,,
3660,332,filterLoc,,
3660,335,filterLoc,,
3660,338,filterLoc,,
3660,341,filterLoc,,
3660,344,filterLoc,,
3660,347,filterLoc,,
3660,350,filterLoc,,
3660,353,filterLoc,,
3660,356,filterLoc,,
3660,359,filterLoc,,
3660,362,filterLoc,,
3660,365,filterLoc,,
3660,368,filterLoc,,
3660,371,filterLoc,,
3660,374,filterLoc,,
3660,377,filterLoc,,
3660,380,filterLoc,,
3660,383,filterLoc,,
3660,386,filterLoc,,
3660,389,filterLoc,,
3660,392,filterLoc,,
3660,395,filterLoc,,
3660,398,filterLoc,,
3660,401,filterLoc,,
3660,404,filterLoc,,
3660,407,filterLoc,,
3660,410,filterLoc,,
3660,413,filterLoc,,
3660,416,filterLoc,,
3660,419,filterLoc,,
3660,422,filterLoc,,
3660,425,filterLoc,,
3660,428,filterLoc,,
3660,431,filterLoc,,
3660,434,filterLoc,,
3660,437,filterLoc,,
3660,440,filterLoc,,;Evacuee;301;in triage category;Y;is entering helicopter;2
3660,443,filterLoc,,
3660,446,filterLoc,,
3660,449,filterLoc,,
3660,452,filterLoc,,
3660,455,filterLoc,,
3660,458,filterLoc,,
3660,461,filterLoc,,
3660,464,filterLoc,,
3660,467,filterLoc,,
3660,470,filterLoc,,
3660,473,filterLoc,,
3660,476,filterLoc,,
3660,479,filterLoc,,
3660,482,filterLoc,,
3660,485,filterLoc,,
3660,488,filterLoc,,
3660,491,filterLoc,,
3660,494,filterLoc,,
3660,497,filterLoc,,
3660,500,filterLoc,,
3660,503,filterLoc,,
3660,506,filterLoc,,
3660,509,filterLoc,,
3660,512,filterLoc,,
3660,515,filterLoc,,
3660,518,filterLoc,,
3660,521,filterLoc,,
3660,524,filterLoc,,
3660,527,filterLoc,,
3660,530,filterLoc,,
3660,533,filterLoc,,
3660,536,filterLoc,,
3660,539,filterLoc,,
3660,542,filterLoc,,
3660,545,filterLoc,,
3660,548,filterLoc,,
3660,551,filterLoc,,
3660,554,filterLoc,,
3660,557,filterLoc,,
3660,560,filterLoc,,
3660,563,filterLoc,,
3660,566,filterLoc,,
3660,569,filterLoc,,
3660,576,filterLoc,,
3660,579,filterLoc,,
3660,582,filterLoc,,
3660,585,filterLoc,,
3660,588,filterLoc,,
3660,591,filterLoc,,
3660,594,filterLoc,,
3660,597,filterLoc,,
3660,600,filterLoc,,
3660,603,filterLoc,,
3660,606,filterLoc,,
3660,609,filterLoc,,
3660,612,filterLoc,,
3660,615,filterLoc,,
3660,618,filterLoc,,
3660,621,filterLoc,,
3660,624,filterLoc,,
3660,627,filterLoc,,
3660,630,filterLoc,,
3660,633,filterLoc,,
3660,636,filterLoc,,
3660,639,filterLoc,,
3660,642,filterLoc,,
3660,645,filterLoc,,
3660,648,filterLoc,,
3660,651,filterLoc,,
3660,654,filterLoc,,
3660,657,filterLoc,,
3660,660,filterLoc,,
3660,663,filterLoc,,
3660,666,filterLoc,,
3660,669,filterLoc,,
3660,672,filterLoc,,
3660,675,filterLoc,,
3660,678,filterLoc,,
3660,681,filterLoc,,
3660,684,filterLoc,,
3660,687,filterLoc,,
3660,690,filterLoc,,
3660,693,filterLoc,,
3660,696,filterLoc,,
3660,699,filterLoc,,
3660,702,filterLoc,,
3660,705,filterLoc,,
3660,708,filterLoc,,
3660,711,filterLoc,,
3660,714,filterLoc,,
3660,717,filterLoc,,
3660,720,filterLoc,,
3660,723,filterLoc,,
3660,726,filterLoc,,
3660,729,filterLoc,,
3660,732,filterLoc,,
3660,735,filterLoc,,
3660,738,filterLoc,,
3660,741,filterLoc,,
3660,744,filterLoc,,
3660,747,filterLoc,,
3660,750,filterLoc,,
3660,753,filterLoc,,
3660,756,filterLoc,,
3660,759,filterLoc,,
3660,762,filterLoc,,
3660,765,filterLoc,,
3660,768,filterLoc,,
3660,771,filterLoc,,
3660,774,filterLoc,,
3660,777,filterLoc,,
3660,780,filterLoc,,
3660,783,filterLoc,,
3660,786,filterLoc,,
3660,789,filterLoc,,
3660,792,filterLoc,,
3660,795,filterLoc,,
3660,798,filterLoc,,
3660,801,filterLoc,,
3660,804,filterLoc,,;Evacuee;473;in triage category;R;is entering helicopter;2
3660,807,filterLoc,,
3660,810,filterLoc,,
3660,813,filterLoc,,
3660,816,filterLoc,,
3660,819,filterLoc,,
3660,822,filterLoc,,
3660,825,filterLoc,,
3660,828,filterLoc,,
3660,831,filterLoc,,
3660,834,filterLoc,,
3660,837,filterLoc,,
3660,840,filterLoc,,
3660,843,filterLoc,,
3660,846,filterLoc,,
3660,849,filterLoc,,
3660,852,filterLoc,,
3660,855,filterLoc,,
3660,858,filterLoc,,
3660,861,filterLoc,,
3660,864,filterLoc,,
3660,867,filterLoc,,
3660,870,filterLoc,,
3660,873,filterLoc,,
3660,876,filterLoc,,
3660,879,filterLoc,,
3660,882,filterLoc,,
3660,885,filterLoc,,
3660,888,filterLoc,,
3660,891,filterLoc,,
3660,894,filterLoc,,
3660,897,filterLoc,,
3660,900,filterLoc,,
3660,903,filterLoc,,
3660,906,filterLoc,,
3660,909,filterLoc,,
3660,912,filterLoc,,
3660,915,filterLoc,,
3660,918,filterLoc,,
3660,921,filterLoc,,
3660,924,filterLoc,,
3660,927,filterLoc,,
3660,930,filterLoc,,
3660,933,filterLoc,,
3660,936,filterLoc,,
3660,939,filterLoc,,
3660,942,filterLoc,,
3660,945,filterLoc,,
3660,948,filterLoc,,
3660,951,filterLoc,,
3660,954,filterLoc,,
3660,957,filterLoc,,
3660,960,filterLoc,,
3660,963,filterLoc,,
3660,966,filterLoc,,
3660,969,filterLoc,,
3660,972,filterLoc,,
3660,975,filterLoc,,
3660,978,filterLoc,,
3660,981,filterLoc,,
3660,984,filterLoc,,
3660,987,filterLoc,,
3660,990,filterLoc,,
3660,993,filterLoc,,
3660,996,filterLoc,,
3660,999,filterLoc,,
3660,1002,filterLoc,,
3660,1005,filterLoc,,
3660,1008,filterLoc,,
3660,1011,filterLoc,,
3660,1014,filterLoc,,
3660,1017,filterLoc,,
3660,1020,filterLoc,,
3660,1023,filterLoc,,
3660,1026,filterLoc,,
3660,1029,filterLoc,,
3660,1032,filterLoc,,
3660,1035,filterLoc,,
3660,1038,filterLoc,,
3660,1041,filterLoc,,
3660,1044,filterLoc,,
3660,1047,filterLoc,,
3660,1050,filterLoc,,
3660,1053,filterLoc,,
3660,1056,filterLoc,,
3660,1059,filterLoc,,
3660,1062,filterLoc,,
3660,1065,filterLoc,,
3660,1068,filterLoc,,
3660,1071,filterLoc,,
3660,1074,filterLoc,,
3660,1077,filterLoc,,
3660,1080,filterLoc,,
3660,1083,filterLoc,,
3660,1086,filterLoc,,
3660,1089,filterLoc,,
3660,1092,filterLoc,,
3660,1095,filterLoc,,
3660,1098,filterLoc,,
3660,1101,filterLoc,,
3660,1104,filterLoc,,
3660,1107,filterLoc,,
3660,1110,filterLoc,,
3660,1113,filterLoc,,
3660,1116,filterLoc,,
3660,1119,filterLoc,,
3660,1122,filterLoc,,
3660,1125,filterLoc,,
3660,1128,filterLoc,,
3660,1133,helicopter,,Helicopter;2;is loading people at the evacuation site;;and has;0;spots taken
3660,1135,filterLoc,,
3660,1138,filterLoc,,
3660,1141,filterLoc,,
3660,1144,filterLoc,,
3660,1147,filterLoc,,
3660,1150,filterLoc,,
3660,1153,filterLoc,,
3660,1156,filterLoc,,
3660,1159,filterLoc,,
3660,1162,filterLoc,,
3660,1165,filterLoc,,
3660,1168,filterLoc,,
3660,1175,filterLoc,,
3660,1178,filterLoc,,
3660,1181,filterLoc,,
3660,1184,filterLoc,,
3660,1187,filterLoc,,
3660,1190,filterLoc,,
3660,1193,filterLoc,,
3660,1196,filterLoc,,
3660,1199,filterLoc,,
3660,1202,filterLoc,,
3660,1205,filterLoc,,
3660,1208,filterLoc,,
3660,1211,filterLoc,,
3660,1214,filterLoc,,
3660,1217,filterLoc,,
3660,1220,filterLoc,,
3660,1223,filterLoc,,
3660,1226,filterLoc,,
3660,1229,filterLoc,,
3660,1232,filterLoc,,
3660,1235,filterLoc,,
3660,1238,filterLoc,,
3660,1241,filterLoc,,
3660,1244,filterLoc,,
3660,1247,filterLoc,,
3660,1250,filterLoc,,
3660,1253,filterLoc,,
3660,1256,filterLoc,,
3660,1259,filterLoc,,
3660,1262,filterLoc,,
3660,1265,filterLoc,,
3660,1268,filterLoc,,
3660,1271,filterLoc,,
3660,1274,filterLoc,,
3660,1277,filterLoc,,
3660,1280,filterLoc,,
3660,1283,filterLoc,,
3660,1286,filterLoc,,
3660,1289,filterLoc,,
3660,1292,filterLoc,,
3660,1295,filterLoc,,
3660,1298,filterLoc,,
3660,1301,filterLoc,,
3660,1304,filterLoc,,
3660,1307,filterLoc,,
3660,1310,filterLoc,,
3660,1313,filterLoc,,
3660,1316,filterLoc,,
3660,1319,filterLoc,,
3660,1322,filterLoc,,
3660,1325,filterLoc,,
3660,1328,filterLoc,,
3660,1331,filterLoc,,
3660,1334,filterLoc,,
3660,1337,filterLoc,,
3660,1340,filterLoc,,
3660,1343,filterLoc,,
3660,1346,filterLoc,,
3660,1349,filterLoc,,
3660,1352,filterLoc,,
3660,1355,filterLoc,,
3660,1358,filterLoc,,
3660,1361,filterLoc,,
3660,1364,filterLoc,,
3660,1367,filterLoc,,
3660,1370,filterLoc,,
3660,1373,filterLoc,,
3660,1376,filterLoc,,
3660,1379,filterLoc,,
3660,1382,filterLoc,,
3660,1385,filterLoc,,
3660,1388,filterLoc,,
3660,1391,filterLoc,,
3660,1394,filterLoc,,
3660,1397,filterLoc,,
3660,1400,filterLoc,,
3660,1403,filterLoc,,
3660,1406,filterLoc,,
3660,1409,filterLoc,,
3660,1412,filterLoc,,
3660,1415,filterLoc,,
3660,1418,filterLoc,,
3660,1421,filterLoc,,
3660,1424,filterLoc,,
3660,1427,filterLoc,,
3660,1430,filterLoc,,
3660,1433,filterLoc,,
3660,1436,filterLoc,,
3660,1439,filterLoc,,
3660,1442,filterLoc,,
3660,1445,filterLoc,,
3660,1448,filterLoc,,
3660,1451,filterLoc,,
3660,1454,filterLoc,,
3660,1457,filterLoc,,
3660,1460,filterLoc,,
3660,1463,filterLoc,,
3660,1466,filterLoc,,
3660,1469,filterLoc,,
3660,1472,filterLoc,,
3660,1475,filterLoc,,
3660,1478,filterLoc,,
3660,1481,filterLoc,,
3660,1484,filterLoc,,
3660,1487,filterLoc,,
3660,1490,filterLoc,,
3660,1493,filterLoc,,
3660,1496,filterLoc,,
3660,1499,filterLoc,,
3660,1502,filterLoc,,
3660,1505,filterLoc,,
3660,1508,filterLoc,,
3660,1511,filterLoc,,
3660,1514,filterLoc,,
3660,1517,filterLoc,,
3660,1520,filterLoc,,
3660,1523,filterLoc,,
3660,1526,filterLoc,,
3660,1529,filterLoc,,
3660,440,filterLoc,out,Evacuee 301 in triage category Y is assigned helicopter 2
3660,440,filterLoc,,
3660,441,evacuee,,Evacuee;301;in triage state;Y;is entering helicopter;2
3660,804,filterLoc,out,Evacuee 473 in triage category R is assigned helicopter 2
3660,804,filterLoc,,
3660,805,evacuee,,Evacuee;473;in triage state;R;is entering helicopter;2
3660,7,filterEvac,,
3660,107,filterEvac,,
3660,292,filterEvac,,
3660,441,evacuee,outHelo,Evacuee 301 in triage category Y is assigned helicopter 2
3660,441,evacuee,,Evacuee;301;in triage state;Y;is in helicopter;2
3660,572,filterEvac,,
3660,805,evacuee,outHelo,Evacuee 473 in triage category R is assigned helicopter 2
3660,805,evacuee,,Evacuee;473;in triage state;R;is in helicopter;2
3660,1131,filterEvac,,;Evacuee;301;in triage category;Y;is entering helicopter;2;Evacuee;473;in triage category;R;is entering helicopter;2
3660,1171,filterEvac,,
3660,1131,filterEvac,out,Evacuee 301 in triage category Y is assigned helicopter 2
3660,1131,filterEvac,out,Evacuee 473 in triage category R is assigned helicopter 2
3660,1131,filterEvac,,
3660,1133,helicopter,,Helicopter;2;is loading people at the evacuation site;;and has;6;spots taken
3675,4,helipadManager,outHelo,Helicopter 2 has stopped
3675,4,helipadManager,outHQ,1
3675,4,helipadManager,,;No helos are at ES;Stopped evacuating people
3675,5,helicopterQueue,,1;Helos are waiting to land;HeloID;5
3675,8,filterES,,
3675,108,filterES,,
3675,293,filterES,,
3675,573,filterES,,
3675,574,helicopter,outES,Helicopter 5 is evacuating people5
3675,574,helicopter,,Helicopter;5;is waiting to land at the evacuation site;;and has;0;spots taken
3675,1132,filterES,,Helicopter;2;has stopped
3675,1172,filterES,,
3675,5,helicopterQueue,outHelo,Helicopter 5 has stopped
3675,5,helicopterQueue,,;No helos are waiting to land
3675,8,filterES,,
3675,108,filterES,,
3675,293,filterES,,
3675,573,filterES,,Helicopter;5;has stopped
3675,1132,filterES,out,Helicopter 2 has stopped
3675,1132,filterES,,
3675,1133,helicopter,,Helicopter;2;is loading people at the evacuation site;;and has;6;spots taken
3675,1172,filterES,,
3675,573,filterES,out,Helicopter 5 has stopped
3675,573,filterES,,
3675,574,helicopter,,Helicopter;5;is waiting to land at the evacuation site;;and has;0;spots taken
3675,1133,helicopter,,Helicopter;2;is returning to the FOL;;and has;6;spots taken
3675,574,helicopter,,Helicopter;5;is returning to the FOL;;and has;0;spots taken
3690,11,filterLoc,,
3690,14,filterLoc,,
3690,17,filterLoc,,
3690,20,filterLoc,,
3690,23,filterLoc,,
3690,26,filterLoc,,
3690,29,filterLoc,,
3690,32,filterLoc,,
3690,35,filterLoc,,
3690,38,filterLoc,,
3690,41,filterLoc,,
3690,44,filterLoc,,
3690,47,filterLoc,,
3690,50,filterLoc,,
3690,53,filterLoc,,
3690,56,filterLoc,,
3690,59,filterLoc,,
3690,62,filterLoc,,
3690,65,filterLoc,,
3690,68,filterLoc,,
3690,71,filterLoc,,
3690,74,filterLoc,,
3690,77,filterLoc,,
3690,80,filterLoc,,
3690,83,filterLoc,,
3690,86,filterLoc,,
3690,89,filterLoc,,
3690,92,filterLoc,,
3690,95,filterLoc,,
3690,98,filterLoc,,
3690,101,filterLoc,,
3690,104,filterLoc,,
3690,111,filterLoc,,
3690,114,filterLoc,,
3690,117,filterLoc,,
3690,120,filterLoc,,
3690,123,filterLoc,,
3690,126,filterLoc,,
3690,129,filterLoc,,
3690,132,filterLoc,,
3690,135,filterLoc,,
3690,138,filterLoc,,
3690,141,filterLoc,,
3690,144,filterLoc,,
3690,147,filterLoc,,
3690,150,filterLoc,,
3690,153,filterLoc,,
3690,156,filterLoc,,
3690,159,filterLoc,,
3690,162,filterLoc,,
3690,165,filterLoc,,
3690,168,filterLoc,,
3690,171,filterLoc,,
3690,174,filterLoc,,
3690,177,filterLoc,,
3690,180,filterLoc,,
3690,183,filterLoc,,
3690,186,filterLoc,,
3690,189,filterLoc,,
3690,192,filterLoc,,
3690,195,filterLoc,,
3690,198,filterLoc,,
3690,201,filterLoc,,
3690,204,filterLoc,,
3690,207,filterLoc,,
3690,210,filterLoc,,
3690,213,filterLoc,,
3690,216,filterLoc,,
3690,219,filterLoc,,
3690,222,filterLoc,,
3690,225,filterLoc,,
3690,229,filterLoc,,
3690,232,filterLoc,,
3690,235,filterLoc,,
3690,238,filterLoc,,
3690,241,filterLoc,,
3690,244,filterLoc,,
3690,247,filterLoc,,
3690,250,filterLoc,,
3690,253,filterLoc,,
3690,256,filterLoc,,
3690,259,filterLoc,,
3690,262,filterLoc,,
3690,265,filterLoc,,
3690,268,filterLoc,,
3690,271,filterLoc,,
3690,274,filterLoc,,
3690,277,filterLoc,,
3690,280,filterLoc,,
3690,283,filterLoc,,
3690,286,filterLoc,,
3690,289,filterLoc,,
3690,296,filterLoc,,
3690,299,filterLoc,,
3690,302,filterLoc,,
3690,305,filterLoc,,
3690,308,filterLoc,,
3690,311,filterLoc,,
3690,314,filterLoc,,
3690,317,filterLoc,,
3690,320,filterLoc,,
3690,323,filterLoc,,
3690,326,filterLoc,,
3690,329,filterLoc,,
3690,332,filterLoc,,
3690,335,filterLoc,,
3690,338,filterLoc,,
3690,341,filterLoc,,
3690,344,filterLoc,,
3690,347,filterLoc,,
3690,350,filterLoc,,
3690,353,filterLoc,,
3690,356,filterLoc,,
3690,359,filterLoc,,
3690,362,filterLoc,,
3690,365,filterLoc,,;Evacuee;352;in triage category;Y;is leaving helicopter;1
3690,368,filterLoc,,
3690,371,filterLoc,,
3690,374,filterLoc,,
3690,377,filterLoc,,
3690,380,filterLoc,,
3690,383,filterLoc,,
3690,386,filterLoc,,
3690,389,filterLoc,,
3690,392,filterLoc,,
3690,395,filterLoc,,
3690,398,filterLoc,,
3690,401,filterLoc,,
3690,404,filterLoc,,
3690,407,filterLoc,,
3690,410,filterLoc,,
3690,413,filterLoc,,
3690,416,filterLoc,,
3690,419,filterLoc,,
3690,422,filterLoc,,
3690,425,filterLoc,,
3690,428,filterLoc,,
3690,431,filterLoc,,
3690,434,filterLoc,,
3690,437,filterLoc,,
3690,440,filterLoc,,
3690,443,filterLoc,,
3690,446,filterLoc,,
3690,449,filterLoc,,
3690,452,filterLoc,,
3690,455,filterLoc,,
3690,458,filterLoc,,
3690,461,filterLoc,,
3690,464,filterLoc,,
3690,467,filterLoc,,
3690,470,filterLoc,,
3690,473,filterLoc,,
3690,476,filterLoc,,
3690,479,filterLoc,,
3690,482,filterLoc,,
3690,485,filterLoc,,
3690,488,filterLoc,,
3690,491,filterLoc,,
3690,494,filterLoc,,
3690,497,filterLoc,,
3690,500,filterLoc,,
3690,503,filterLoc,,
3690,506,filterLoc,,
3690,509,filterLoc,,
3690,512,filterLoc,,
3690,515,filterLoc,,
3690,518,filterLoc,,
3690,521,filterLoc,,
3690,524,filterLoc,,
3690,527,filterLoc,,
3690,530,filterLoc,,
3690,533,filterLoc,,
3690,536,filterLoc,,
3690,539,filterLoc,,
3690,542,filterLoc,,
3690,545,filterLoc,,
3690,548,filterLoc,,
3690,551,filterLoc,,
3690,554,filterLoc,,
3690,557,filterLoc,,
3690,560,filterLoc,,
3690,563,filterLoc,,
3690,566,filterLoc,,
3690,569,filterLoc,,
3690,576,filterLoc,,
3690,579,filterLoc,,
3690,582,filterLoc,,
3690,585,filterLoc,,
3690,588,filterLoc,,
3690,591,filterLoc,,
3690,594,filterLoc,,
3690,597,filterLoc,,
3690,600,filterLoc,,
3690,603,filterLoc,,
3690,606,filterLoc,,
3690,609,filterLoc,,
3690,612,filterLoc,,
3690,615,filterLoc,,
3690,618,filterLoc,,
3690,621,filterLoc,,
3690,624,filterLoc,,
3690,627,filterLoc,,
3690,630,filterLoc,,
3690,633,filterLoc,,
3690,636,filterLoc,,
3690,639,filterLoc,,
3690,642,filterLoc,,
3690,645,filterLoc,,
3690,648,filterLoc,,
3690,651,filterLoc,,
3690,654,filterLoc,,
3690,657,filterLoc,,
3690,660,filterLoc,,
3690,663,filterLoc,,
3690,666,filterLoc,,
3690,669,filterLoc,,
3690,672,filterLoc,,
3690,675,filterLoc,,
3690,678,filterLoc,,
3690,681,filterLoc,,
3690,684,filterLoc,,
3690,687,filterLoc,,
3690,690,filterLoc,,
3690,693,filterLoc,,
3690,696,filterLoc,,
3690,699,filterLoc,,
3690,702,filterLoc,,
3690,705,filterLoc,,
3690,708,filterLoc,,
3690,711,filterLoc,,
3690,714,filterLoc,,
3690,717,filterLoc,,
3690,720,filterLoc,,
3690,723,filterLoc,,
3690,726,filterLoc,,
3690,729,filterLoc,,
3690,732,filterLoc,,
3690,735,filterLoc,,
3690,738,filterLoc,,
3690,741,filterLoc,,
3690,744,filterLoc,,
3690,747,filterLoc,,
3690,750,filterLoc,,
3690,753,filterLoc,,
3690,756,filterLoc,,
3690,759,filterLoc,,
3690,762,filterLoc,,
3690,765,filterLoc,,
3690,768,filterLoc,,
3690,771,filterLoc,,
3690,774,filterLoc,,
3690,777,filterLoc,,
3690,780,filterLoc,,
3690,783,filterLoc,,
3690,786,filterLoc,,
3690,789,filterLoc,,
3690,792,filterLoc,,
3690,795,filterLoc,,
3690,798,filterLoc,,
3690,801,filterLoc,,
3690,804,filterLoc,,
3690,807,filterLoc,,
3690,810,filterLoc,,
3690,813,filterLoc,,
3690,816,filterLoc,,
3690,819,filterLoc,,
3690,822,filterLoc,,
3690,825,filterLoc,,
3690,828,filterLoc,,
3690,831,filterLoc,,
3690,834,filterLoc,,
3690,837,filterLoc,,
3690,840,filterLoc,,
3690,843,filterLoc,,
3690,846,filterLoc,,
3690,849,filterLoc,,
3690,852,filterLoc,,
3690,855,filterLoc,,
3690,858,filterLoc,,
3690,861,filterLoc,,
3690,864,filterLoc,,
3690,867,filterLoc,,
3690,870,filterLoc,,
3690,873,filterLoc,,;Evacuee;256;in triage category;Y;is leaving helicopter;1
3690,876,filterLoc,,
3690,879,filterLoc,,
3690,882,filterLoc,,
3690,885,filterLoc,,
3690,888,filterLoc,,
3690,891,filterLoc,,
3690,894,filterLoc,,
3690,897,filterLoc,,
3690,900,filterLoc,,
3690,903,filterLoc,,
3690,906,filterLoc,,
3690,909,filterLoc,,
3690,912,filterLoc,,
3690,915,filterLoc,,
3690,918,filterLoc,,
3690,921,filterLoc,,
3690,924,filterLoc,,
3690,927,filterLoc,,
3690,930,filterLoc,,
3690,933,filterLoc,,
3690,936,filterLoc,,
3690,939,filterLoc,,
3690,942,filterLoc,,
3690,945,filterLoc,,
3690,948,filterLoc,,
3690,951,filterLoc,,
3690,954,filterLoc,,
3690,957,filterLoc,,
3690,960,filterLoc,,
3690,963,filterLoc,,
3690,966,filterLoc,,
3690,969,filterLoc,,
3690,972,filterLoc,,
3690,975,filterLoc,,
3690,978,filterLoc,,
3690,981,filterLoc,,
3690,984,filterLoc,,
3690,987,filterLoc,,
3690,990,filterLoc,,
3690,993,filterLoc,,
3690,996,filterLoc,,
3690,999,filterLoc,,
3690,1002,filterLoc,,
3690,1005,filterLoc,,
3690,1008,filterLoc,,
3690,1011,filterLoc,,
3690,1014,filterLoc,,
3690,1017,filterLoc,,
3690,1020,filterLoc,,
3690,1023,filterLoc,,
3690,1026,filterLoc,,
3690,1029,filterLoc,,
3690,1032,filterLoc,,
3690,1035,filterLoc,,
3690,1038,filterLoc,,
3690,1041,filterLoc,,
3690,1044,filterLoc,,
3690,1047,filterLoc,,
3690,1050,filterLoc,,
3690,1053,filterLoc,,
3690,1056,filterLoc,,
3690,1059,filterLoc,,
3690,1062,filterLoc,,
3690,1065,filterLoc,,
3690,1068,filterLoc,,
3690,1071,filterLoc,,
3690,1074,filterLoc,,
3690,1077,filterLoc,,
3690,1080,filterLoc,,
3690,1083,filterLoc,,
3690,1086,filterLoc,,
3690,1089,filterLoc,,
3690,1092,filterLoc,,
3690,1095,filterLoc,,
3690,1098,filterLoc,,
3690,1101,filterLoc,,
3690,1104,filterLoc,,
3690,1107,filterLoc,,
3690,1110,filterLoc,,
3690,1113,filterLoc,,
3690,1116,filterLoc,,
3690,1119,filterLoc,,
3690,1122,filterLoc,,
3690,1125,filterLoc,,
3690,1128,filterLoc,,
3690,1135,filterLoc,,
3690,1138,filterLoc,,
3690,1141,filterLoc,,
3690,1144,filterLoc,,
3690,1147,filterLoc,,
3690,1150,filterLoc,,
3690,1153,filterLoc,,
3690,1156,filterLoc,,
3690,1159,filterLoc,,
3690,1162,filterLoc,,
3690,1165,filterLoc,,
3690,1168,filterLoc,,
3690,1173,helicopter,outEvac,Evacuee 152 in triage category Y is not assigned a helicopter
3690,1173,helicopter,outEvac,Evacuee 256 in triage category Y is not assigned a helicopter
3690,1173,helicopter,outEvac,Evacuee 352 in triage category Y is not assigned a helicopter
3690,1173,helicopter,,Helicopter;1;is unloading people at the FOL;;and has;0;spots taken
3690,1175,filterLoc,,
3690,1178,filterLoc,,
3690,1181,filterLoc,,
3690,1184,filterLoc,,
3690,1187,filterLoc,,
3690,1190,filterLoc,,
3690,1193,filterLoc,,
3690,1196,filterLoc,,
3690,1199,filterLoc,,
3690,1202,filterLoc,,
3690,1205,filterLoc,,
3690,1208,filterLoc,,
3690,1211,filterLoc,,
3690,1214,filterLoc,,
3690,1217,filterLoc,,
3690,1220,filterLoc,,
3690,1223,filterLoc,,
3690,1226,filterLoc,,
3690,1229,filterLoc,,
3690,1232,filterLoc,,
3690,1235,filterLoc,,
3690,1238,filterLoc,,
3690,1241,filterLoc,,;Evacuee;152;in triage category;Y;is leaving helicopter;1
3690,1244,filterLoc,,
3690,1247,filterLoc,,
3690,1250,filterLoc,,
3690,1253,filterLoc,,
3690,1256,filterLoc,,
3690,1259,filterLoc,,
3690,1262,filterLoc,,
3690,1265,filterLoc,,
3690,1268,filterLoc,,
3690,1271,filterLoc,,
3690,1274,filterLoc,,
3690,1277,filterLoc,,
3690,1280,filterLoc,,
3690,1283,filterLoc,,
3690,1286,filterLoc,,
3690,1289,filterLoc,,
3690,1292,filterLoc,,
3690,1295,filterLoc,,
3690,1298,filterLoc,,
3690,1301,filterLoc,,
3690,1304,filterLoc,,
3690,1307,filterLoc,,
3690,1310,filterLoc,,
3690,1313,filterLoc,,
3690,1316,filterLoc,,
3690,1319,filterLoc,,
3690,1322,filterLoc,,
3690,1325,filterLoc,,
3690,1328,filterLoc,,
3690,1331,filterLoc,,
3690,1334,filterLoc,,
3690,1337,filterLoc,,
3690,1340,filterLoc,,
3690,1343,filterLoc,,
3690,1346,filterLoc,,
3690,1349,filterLoc,,
3690,1352,filterLoc,,
3690,1355,filterLoc,,
3690,1358,filterLoc,,
3690,1361,filterLoc,,
3690,1364,filterLoc,,
3690,1367,filterLoc,,
3690,1370,filterLoc,,
3690,1373,filterLoc,,
3690,1376,filterLoc,,
3690,1379,filterLoc,,
3690,1382,filterLoc,,
3690,1385,filterLoc,,
3690,1388,filterLoc,,
3690,1391,filterLoc,,
3690,1394,filterLoc,,
3690,1397,filterLoc,,
3690,1400,filterLoc,,
3690,1403,filterLoc,,
3690,1406,filterLoc,,
3690,1409,filterLoc,,
3690,1412,filterLoc,,
3690,1415,filterLoc,,
3690,1418,filterLoc,,
3690,1421,filterLoc,,
3690,1424,filterLoc,,
3690,1427,filterLoc,,
3690,1430,filterLoc,,
3690,1433,filterLoc,,
3690,1436,filterLoc,,
3690,1439,filterLoc,,
3690,1442,filterLoc,,
3690,1445,filterLoc,,
3690,1448,filterLoc,,
3690,1451,filterLoc,,
3690,1454,filterLoc,,
3690,1457,filterLoc,,
3690,1460,filterLoc,,
3690,1463,filterLoc,,
3690,1466,filterLoc,,
3690,1469,filterLoc,,
3690,1472,filterLoc,,
3690,1475,filterLoc,,
3690,1478,filterLoc,,
3690,1481,filterLoc,,
3690,1484,filterLoc,,
3690,1487,filterLoc,,
3690,1490,filterLoc,,
3690,1493,filterLoc,,
3690,1496,filterLoc,,
3690,1499,filterLoc,,
3690,1502,filterLoc,,
3690,1505,filterLoc,,
3690,1508,filterLoc,,
3690,1511,filterLoc,,
3690,1514,filterLoc,,
3690,1517,filterLoc,,
3690,1520,filterLoc,,
3690,1523,filterLoc,,
3690,1526,filterLoc,,
3690,1529,filterLoc,,
3690,365,filterLoc,out,Evacuee 352 in triage category Y is not assigned a helicopter
3690,365,filterLoc,,
3690,366,evacuee,,Evacuee;352;in triage state;Y;is entering the FOL
3690,873,filterLoc,out,Evacuee 256 in triage category Y is not assigned a helicopter
3690,873,filterLoc,,
3690,874,evacuee,,Evacuee;256;in triage state;Y;is entering the FOL
3690,1241,filterLoc,out,Evacuee 152 in triage category Y is not assigned a helicopter
3690,1241,filterLoc,,
3690,1242,evacuee,,Evacuee;152;in triage state;Y;is entering the FOL
3690,227,FOL,,;EvacueeID;4;Triage Status;G;EvacueeID;7;Triage Status;G;EvacueeID;10;Triage Status;G;EvacueeID;11;Triage Status;G;EvacueeID;13;Triage Status;G;EvacueeID;14;Triage Status;G;EvacueeID;15;Triage Status;G;EvacueeID;17;Triage Status;G;EvacueeID;18;Triage Status;G;EvacueeID;19;Triage Status;G;EvacueeID;23;Triage Status;G;EvacueeID;24;Triage Status;G;EvacueeID;26;Triage Status;G;EvacueeID;28;Triage Status;G;EvacueeID;29;Triage Status;G;EvacueeID;32;Triage Status;G;EvacueeID;37;Triage Status;G;EvacueeID;45;Triage Status;G;EvacueeID;48;Triage Status;G;EvacueeID;50;Triage Status;G;EvacueeID;54;Triage Status;G;EvacueeID;55;Triage Status;G;EvacueeID;58;Triage Status;G;EvacueeID;60;Triage Status;G;EvacueeID;65;Triage Status;G;EvacueeID;67;Triage Status;G;EvacueeID;73;Triage Status;G;EvacueeID;75;Triage Status;G;EvacueeID;77;Triage Status;G;EvacueeID;78;Triage Status;G;EvacueeID;82;Triage Status;G;EvacueeID;85;Triage Status;G;EvacueeID;95;Triage Status;G;EvacueeID;98;Triage Status;G;EvacueeID;99;Triage Status;G;EvacueeID;100;Triage Status;G;EvacueeID;101;Triage Status;G;EvacueeID;109;Triage Status;G;EvacueeID;112;Triage Status;G;EvacueeID;114;Triage Status;G;EvacueeID;123;Triage Status;G;EvacueeID;125;Triage Status;G;EvacueeID;126;Triage Status;G;EvacueeID;142;Triage Status;G;EvacueeID;144;Triage Status;G;EvacueeID;147;Triage Status;G;EvacueeID;153;Triage Status;G;EvacueeID;156;Triage Status;G;EvacueeID;158;Triage Status;G;EvacueeID;159;Triage Status;G;EvacueeID;161;Triage Status;G;EvacueeID;174;Triage Status;G;EvacueeID;177;Triage Status;G;EvacueeID;179;Triage Status;G;EvacueeID;181;Triage Status;G;EvacueeID;183;Triage Status;G;EvacueeID;184;Triage Status;G;EvacueeID;187;Triage Status;G;EvacueeID;190;Triage Status;G;EvacueeID;200;Triage Status;G;EvacueeID;201;Triage Status;G;EvacueeID;202;Triage Status;G;EvacueeID;203;Triage Status;G;EvacueeID;204;Triage Status;G;EvacueeID;205;Triage Status;G;EvacueeID;209;Triage Status;G;EvacueeID;212;Triage Status;G;EvacueeID;213;Triage Status;G;EvacueeID;215;Triage Status;G;EvacueeID;220;Triage Status;G;EvacueeID;226;Triage Status;G;EvacueeID;227;Triage Status;G;EvacueeID;232;Triage Status;G;EvacueeID;233;Triage Status;G;EvacueeID;234;Triage Status;G;EvacueeID;236;Triage Status;G;EvacueeID;241;Triage Status;G;EvacueeID;246;Triage Status;G;EvacueeID;255;Triage Status;G;EvacueeID;259;Triage Status;G;EvacueeID;260;Triage Status;G;EvacueeID;262;Triage Status;G;EvacueeID;263;Triage Status;G;EvacueeID;264;Triage Status;G;EvacueeID;267;Triage Status;G;EvacueeID;268;Triage Status;G;EvacueeID;270;Triage Status;G;EvacueeID;272;Triage Status;G;EvacueeID;275;Triage Status;G;EvacueeID;288;Triage Status;G;EvacueeID;290;Triage Status;G;EvacueeID;291;Triage Status;G;EvacueeID;292;Triage Status;G;EvacueeID;299;Triage Status;G;EvacueeID;300;Triage Status;G;EvacueeID;302;Triage Status;G;EvacueeID;322;Triage Status;G;EvacueeID;323;Triage Status;G;EvacueeID;324;Triage Status;G;EvacueeID;325;Triage Status;G;EvacueeID;326;Triage Status;G;EvacueeID;327;Triage Status;G;EvacueeID;343;Triage Status;G;EvacueeID;344;Triage Status;G;EvacueeID;345;Triage Status;G;EvacueeID;350;Triage Status;G;EvacueeID;355;Triage Status;G;EvacueeID;356;Triage Status;G;EvacueeID;361;Triage Status;G;EvacueeID;362;Triage Status;G;EvacueeID;365;Triage Status;G;EvacueeID;366;Triage Status;G;EvacueeID;368;Triage Status;G;EvacueeID;369;Triage Status;G;EvacueeID;370;Triage Status;G;EvacueeID;371;Triage Status;G;EvacueeID;372;Triage Status;G;EvacueeID;385;Triage Status;G;EvacueeID;387;Triage Status;G;EvacueeID;388;Triage Status;G;EvacueeID;390;Triage Status;G;EvacueeID;391;Triage Status;G;EvacueeID;396;Triage Status;G;EvacueeID;397;Triage Status;G;EvacueeID;398;Triage Status;G;EvacueeID;400;Triage Status;G;EvacueeID;401;Triage Status;G;EvacueeID;403;Triage Status;G;EvacueeID;404;Triage Status;G;EvacueeID;410;Triage Status;G;EvacueeID;413;Triage Status;G;EvacueeID;416;Triage Status;G;EvacueeID;418;Triage Status;G;EvacueeID;435;Triage Status;G;EvacueeID;441;Triage Status;G;EvacueeID;442;Triage Status;G;EvacueeID;445;Triage Status;G;EvacueeID;447;Triage Status;G;EvacueeID;448;Triage Status;G;EvacueeID;452;Triage Status;G;EvacueeID;455;Triage Status;G;EvacueeID;456;Triage Status;G;EvacueeID;457;Triage Status;G;EvacueeID;458;Triage Status;G;EvacueeID;464;Triage Status;G;EvacueeID;465;Triage Status;G;EvacueeID;466;Triage Status;G;EvacueeID;469;Triage Status;G;EvacueeID;470;Triage Status;G;EvacueeID;474;Triage Status;G;EvacueeID;359;Triage Status;R;EvacueeID;394;Triage Status;R;EvacueeID;444;Triage Status;R;EvacueeID;293;Triage Status;R;EvacueeID;307;Triage Status;R;EvacueeID;374;Triage Status;R;EvacueeID;115;Triage Status;R;EvacueeID;347;Triage Status;R;EvacueeID;406;Triage Status;R;EvacueeID;182;Triage Status;Y;EvacueeID;230;Triage Status;Y;EvacueeID;419;Triage Status;Y;EvacueeID;30;Triage Status;Y;EvacueeID;172;Triage Status;Y;EvacueeID;331;Triage Status;Y;EvacueeID;135;Triage Status;Y;EvacueeID;171;Triage Status;Y;EvacueeID;225;Triage Status;Y;EvacueeID;152;Triage Status;Y;EvacueeID;256;Triage Status;Y;EvacueeID;352;Triage Status;Y;Lives Saved;171
3690,366,evacuee,outFOL,Evacuee 352 in triage category Y is not assigned a helicopter
3690,366,evacuee,,Evacuee;352;in triage state;Y;is at the FOL
3690,874,evacuee,outFOL,Evacuee 256 in triage category Y is not assigned a helicopter
3690,874,evacuee,,Evacuee;256;in triage state;Y;is at the FOL
3690,1242,evacuee,outFOL,Evacuee 152 in triage category Y is not assigned a helicopter
3690,1242,evacuee,,Evacuee;152;in triage state;Y;is at the FOL
3690,227,FOL,,;EvacueeID;4;Triage Status;G;EvacueeID;7;Triage Status;G;EvacueeID;10;Triage Status;G;EvacueeID;11;Triage Status;G;EvacueeID;13;Triage Status;G;EvacueeID;14;Triage Status;G;EvacueeID;15;Triage Status;G;EvacueeID;17;Triage Status;G;EvacueeID;18;Triage Status;G;EvacueeID;19;Triage Status;G;EvacueeID;23;Triage Status;G;EvacueeID;24;Triage Status;G;EvacueeID;26;Triage Status;G;EvacueeID;28;Triage Status;G;EvacueeID;29;Triage Status;G;EvacueeID;32;Triage Status;G;EvacueeID;37;Triage Status;G;EvacueeID;45;Triage Status;G;EvacueeID;48;Triage Status;G;EvacueeID;50;Triage Status;G;EvacueeID;54;Triage Status;G;EvacueeID;55;Triage Status;G;EvacueeID;58;Triage Status;G;EvacueeID;60;Triage Status;G;EvacueeID;65;Triage Status;G;EvacueeID;67;Triage Status;G;EvacueeID;73;Triage Status;G;EvacueeID;75;Triage Status;G;EvacueeID;77;Triage Status;G;EvacueeID;78;Triage Status;G;EvacueeID;82;Triage Status;G;EvacueeID;85;Triage Status;G;EvacueeID;95;Triage Status;G;EvacueeID;98;Triage Status;G;EvacueeID;99;Triage Status;G;EvacueeID;100;Triage Status;G;EvacueeID;101;Triage Status;G;EvacueeID;109;Triage Status;G;EvacueeID;112;Triage Status;G;EvacueeID;114;Triage Status;G;EvacueeID;123;Triage Status;G;EvacueeID;125;Triage Status;G;EvacueeID;126;Triage Status;G;EvacueeID;142;Triage Status;G;EvacueeID;144;Triage Status;G;EvacueeID;147;Triage Status;G;EvacueeID;153;Triage Status;G;EvacueeID;156;Triage Status;G;EvacueeID;158;Triage Status;G;EvacueeID;159;Triage Status;G;EvacueeID;161;Triage Status;G;EvacueeID;174;Triage Status;G;EvacueeID;177;Triage Status;G;EvacueeID;179;Triage Status;G;EvacueeID;181;Triage Status;G;EvacueeID;183;Triage Status;G;EvacueeID;184;Triage Status;G;EvacueeID;187;Triage Status;G;EvacueeID;190;Triage Status;G;EvacueeID;200;Triage Status;G;EvacueeID;201;Triage Status;G;EvacueeID;202;Triage Status;G;EvacueeID;203;Triage Status;G;EvacueeID;204;Triage Status;G;EvacueeID;205;Triage Status;G;EvacueeID;209;Triage Status;G;EvacueeID;212;Triage Status;G;EvacueeID;213;Triage Status;G;EvacueeID;215;Triage Status;G;EvacueeID;220;Triage Status;G;EvacueeID;226;Triage Status;G;EvacueeID;227;Triage Status;G;EvacueeID;232;Triage Status;G;EvacueeID;233;Triage Status;G;EvacueeID;234;Triage Status;G;EvacueeID;236;Triage Status;G;EvacueeID;241;Triage Status;G;EvacueeID;246;Triage Status;G;EvacueeID;255;Triage Status;G;EvacueeID;259;Triage Status;G;EvacueeID;260;Triage Status;G;EvacueeID;262;Triage Status;G;EvacueeID;263;Triage Status;G;EvacueeID;264;Triage Status;G;EvacueeID;267;Triage Status;G;EvacueeID;268;Triage Status;G;EvacueeID;270;Triage Status;G;EvacueeID;272;Triage Status;G;EvacueeID;275;Triage Status;G;EvacueeID;288;Triage Status;G;EvacueeID;290;Triage Status;G;EvacueeID;291;Triage Status;G;EvacueeID;292;Triage Status;G;EvacueeID;299;Triage Status;G;EvacueeID;300;Triage Status;G;EvacueeID;302;Triage Status;G;EvacueeID;322;Triage Status;G;EvacueeID;323;Triage Status;G;EvacueeID;324;Triage Status;G;EvacueeID;325;Triage Status;G;EvacueeID;326;Triage Status;G;EvacueeID;327;Triage Status;G;EvacueeID;343;Triage Status;G;EvacueeID;344;Triage Status;G;EvacueeID;345;Triage Status;G;EvacueeID;350;Triage Status;G;EvacueeID;355;Triage Status;G;EvacueeID;356;Triage Status;G;EvacueeID;361;Triage Status;G;EvacueeID;362;Triage Status;G;EvacueeID;365;Triage Status;G;EvacueeID;366;Triage Status;G;EvacueeID;368;Triage Status;G;EvacueeID;369;Triage Status;G;EvacueeID;370;Triage Status;G;EvacueeID;371;Triage Status;G;EvacueeID;372;Triage Status;G;EvacueeID;385;Triage Status;G;EvacueeID;387;Triage Status;G;EvacueeID;388;Triage Status;G;EvacueeID;390;Triage Status;G;EvacueeID;391;Triage Status;G;EvacueeID;396;Triage Status;G;EvacueeID;397;Triage Status;G;EvacueeID;398;Triage Status;G;EvacueeID;400;Triage Status;G;EvacueeID;401;Triage Status;G;EvacueeID;403;Triage Status;G;EvacueeID;404;Triage Status;G;EvacueeID;410;Triage Status;G;EvacueeID;413;Triage Status;G;EvacueeID;416;Triage Status;G;EvacueeID;418;Triage Status;G;EvacueeID;435;Triage Status;G;EvacueeID;441;Triage Status;G;EvacueeID;442;Triage Status;G;EvacueeID;445;Triage Status;G;EvacueeID;447;Triage Status;G;EvacueeID;448;Triage Status;G;EvacueeID;452;Triage Status;G;EvacueeID;455;Triage Status;G;EvacueeID;456;Triage Status;G;EvacueeID;457;Triage Status;G;EvacueeID;458;Triage Status;G;EvacueeID;464;Triage Status;G;EvacueeID;465;Triage Status;G;EvacueeID;466;Triage Status;G;EvacueeID;469;Triage Status;G;EvacueeID;470;Triage Status;G;EvacueeID;474;Triage Status;G;EvacueeID;359;Triage Status;R;EvacueeID;394;Triage Status;R;EvacueeID;444;Triage Status;R;EvacueeID;293;Triage Status;R;EvacueeID;307;Triage Status;R;EvacueeID;374;Triage Status;R;EvacueeID;115;Triage Status;R;EvacueeID;347;Triage Status;R;EvacueeID;406;Triage Status;R;EvacueeID;182;Triage Status;Y;EvacueeID;230;Triage Status;Y;EvacueeID;419;Triage Status;Y;EvacueeID;30;Triage Status;Y;EvacueeID;172;Triage Status;Y;EvacueeID;331;Triage Status;Y;EvacueeID;135;Triage Status;Y;EvacueeID;171;Triage Status;Y;EvacueeID;225;Triage Status;Y;EvacueeID;152;Triage Status;Y;EvacueeID;256;Triage Status;Y;EvacueeID;352;Triage Status;Y;Lives Saved;171
3705,11,filterLoc,,
3705,14,filterLoc,,
3705,17,filterLoc,,
3705,20,filterLoc,,
3705,23,filterLoc,,
3705,26,filterLoc,,
3705,29,filterLoc,,
3705,32,filterLoc,,
3705,35,filterLoc,,
3705,38,filterLoc,,
3705,41,filterLoc,,
3705,44,filterLoc,,
3705,47,filterLoc,,
3705,50,filterLoc,,
3705,53,filterLoc,,
3705,56,filterLoc,,
3705,59,filterLoc,,
3705,62,filterLoc,,
3705,65,filterLoc,,
3705,68,filterLoc,,
3705,71,filterLoc,,;Evacuee;459;in triage category;Y;is leaving helicopter;4
3705,74,filterLoc,,
3705,77,filterLoc,,
3705,80,filterLoc,,
3705,83,filterLoc,,
3705,86,filterLoc,,
3705,89,filterLoc,,
3705,92,filterLoc,,
3705,95,filterLoc,,
3705,98,filterLoc,,
3705,101,filterLoc,,
3705,104,filterLoc,,
3705,111,filterLoc,,
3705,114,filterLoc,,
3705,117,filterLoc,,
3705,120,filterLoc,,
3705,123,filterLoc,,
3705,126,filterLoc,,
3705,129,filterLoc,,
3705,132,filterLoc,,
3705,135,filterLoc,,
3705,138,filterLoc,,
3705,141,filterLoc,,
3705,144,filterLoc,,
3705,147,filterLoc,,
3705,150,filterLoc,,
3705,153,filterLoc,,
3705,156,filterLoc,,
3705,159,filterLoc,,
3705,162,filterLoc,,
3705,165,filterLoc,,
3705,168,filterLoc,,
3705,171,filterLoc,,
3705,174,filterLoc,,
3705,177,filterLoc,,
3705,180,filterLoc,,
3705,183,filterLoc,,
3705,186,filterLoc,,
3705,189,filterLoc,,
3705,192,filterLoc,,
3705,195,filterLoc,,
3705,198,filterLoc,,
3705,201,filterLoc,,
3705,204,filterLoc,,
3705,207,filterLoc,,
3705,210,filterLoc,,
3705,213,filterLoc,,
3705,216,filterLoc,,
3705,219,filterLoc,,
3705,222,filterLoc,,
3705,225,filterLoc,,
3705,229,filterLoc,,
3705,232,filterLoc,,
3705,235,filterLoc,,
3705,238,filterLoc,,
3705,241,filterLoc,,
3705,244,filterLoc,,
3705,247,filterLoc,,
3705,250,filterLoc,,
3705,253,filterLoc,,
3705,256,filterLoc,,
3705,259,filterLoc,,
3705,262,filterLoc,,
3705,265,filterLoc,,
3705,268,filterLoc,,
3705,271,filterLoc,,
3705,274,filterLoc,,
3705,277,filterLoc,,
3705,280,filterLoc,,
3705,283,filterLoc,,
3705,286,filterLoc,,
3705,289,filterLoc,,
3705,294,helicopter,outEvac,Evacuee 258 in triage category Y is not assigned a helicopter
3705,294,helicopter,outEvac,Evacuee 328 in triage category R is not assigned a helicopter
3705,294,helicopter,outEvac,Evacuee 459 in triage category Y is not assigned a helicopter
3705,294,helicopter,,Helicopter;4;is unloading people at the FOL;;and has;0;spots taken
3705,296,filterLoc,,;Evacuee;328;in triage category;R;is leaving helicopter;4
3705,299,filterLoc,,
3705,302,filterLoc,,
3705,305,filterLoc,,
3705,308,filterLoc,,
3705,311,filterLoc,,
3705,314,filterLoc,,
3705,317,filterLoc,,
3705,320,filterLoc,,
3705,323,filterLoc,,
3705,326,filterLoc,,
3705,329,filterLoc,,
3705,332,filterLoc,,
3705,335,filterLoc,,
3705,338,filterLoc,,
3705,341,filterLoc,,
3705,344,filterLoc,,
3705,347,filterLoc,,
3705,350,filterLoc,,
3705,353,filterLoc,,
3705,356,filterLoc,,
3705,359,filterLoc,,
3705,362,filterLoc,,
3705,365,filterLoc,,
3705,368,filterLoc,,
3705,371,filterLoc,,
3705,374,filterLoc,,
3705,377,filterLoc,,
3705,380,filterLoc,,
3705,383,filterLoc,,
3705,386,filterLoc,,
3705,389,filterLoc,,
3705,392,filterLoc,,
3705,395,filterLoc,,
3705,398,filterLoc,,
3705,401,filterLoc,,
3705,404,filterLoc,,
3705,407,filterLoc,,
3705,410,filterLoc,,
3705,413,filterLoc,,
3705,416,filterLoc,,
3705,419,filterLoc,,
3705,422,filterLoc,,
3705,425,filterLoc,,
3705,428,filterLoc,,
3705,431,filterLoc,,
3705,434,filterLoc,,
3705,437,filterLoc,,
3705,440,filterLoc,,
3705,443,filterLoc,,
3705,446,filterLoc,,
3705,449,filterLoc,,
3705,452,filterLoc,,
3705,455,filterLoc,,
3705,458,filterLoc,,
3705,461,filterLoc,,
3705,464,filterLoc,,
3705,467,filterLoc,,
3705,470,filterLoc,,
3705,473,filterLoc,,
3705,476,filterLoc,,
3705,479,filterLoc,,
3705,482,filterLoc,,
3705,485,filterLoc,,
3705,488,filterLoc,,
3705,491,filterLoc,,
3705,494,filterLoc,,
3705,497,filterLoc,,
3705,500,filterLoc,,
3705,503,filterLoc,,
3705,506,filterLoc,,
3705,509,filterLoc,,
3705,512,filterLoc,,
3705,515,filterLoc,,
3705,518,filterLoc,,
3705,521,filterLoc,,
3705,524,filterLoc,,
3705,527,filterLoc,,
3705,530,filterLoc,,
3705,533,filterLoc,,
3705,536,filterLoc,,
3705,539,filterLoc,,
3705,542,filterLoc,,
3705,545,filterLoc,,
3705,548,filterLoc,,
3705,551,filterLoc,,
3705,554,filterLoc,,
3705,557,filterLoc,,
3705,560,filterLoc,,
3705,563,filterLoc,,
3705,566,filterLoc,,
3705,569,filterLoc,,
3705,576,filterLoc,,
3705,579,filterLoc,,
3705,582,filterLoc,,
3705,585,filterLoc,,
3705,588,filterLoc,,
3705,591,filterLoc,,
3705,594,filterLoc,,
3705,597,filterLoc,,
3705,600,filterLoc,,
3705,603,filterLoc,,
3705,606,filterLoc,,
3705,609,filterLoc,,
3705,612,filterLoc,,
3705,615,filterLoc,,
3705,618,filterLoc,,
3705,621,filterLoc,,
3705,624,filterLoc,,
3705,627,filterLoc,,
3705,630,filterLoc,,
3705,633,filterLoc,,
3705,636,filterLoc,,
3705,639,filterLoc,,
3705,642,filterLoc,,
3705,645,filterLoc,,
3705,648,filterLoc,,
3705,651,filterLoc,,
3705,654,filterLoc,,
3705,657,filterLoc,,
3705,660,filterLoc,,
3705,663,filterLoc,,
3705,666,filterLoc,,
3705,669,filterLoc,,
3705,672,filterLoc,,
3705,675,filterLoc,,
3705,678,filterLoc,,
3705,681,filterLoc,,
3705,684,filterLoc,,
3705,687,filterLoc,,
3705,690,filterLoc,,
3705,693,filterLoc,,
3705,696,filterLoc,,
3705,699,filterLoc,,
3705,702,filterLoc,,
3705,705,filterLoc,,
3705,708,filterLoc,,
3705,711,filterLoc,,
3705,714,filterLoc,,
3705,717,filterLoc,,
3705,720,filterLoc,,
3705,723,filterLoc,,
3705,726,filterLoc,,
3705,729,filterLoc,,
3705,732,filterLoc,,
3705,735,filterLoc,,
3705,738,filterLoc,,
3705,741,filterLoc,,
3705,744,filterLoc,,
3705,747,filterLoc,,
3705,750,filterLoc,,
3705,753,filterLoc,,
3705,756,filterLoc,,
3705,759,filterLoc,,
3705,762,filterLoc,,
3705,765,filterLoc,,
3705,768,filterLoc,,
3705,771,filterLoc,,
3705,774,filterLoc,,
3705,777,filterLoc,,
3705,780,filterLoc,,
3705,783,filterLoc,,
3705,786,filterLoc,,
3705,789,filterLoc,,
3705,792,filterLoc,,
3705,795,filterLoc,,
3705,798,filterLoc,,
3705,801,filterLoc,,
3705,804,filterLoc,,
3705,807,filterLoc,,
3705,810,filterLoc,,
3705,813,filterLoc,,
3705,816,filterLoc,,
3705,819,filterLoc,,
3705,822,filterLoc,,
3705,825,filterLoc,,
3705,828,filterLoc,,
3705,831,filterLoc,,
3705,834,filterLoc,,
3705,837,filterLoc,,
3705,840,filterLoc,,
3705,843,filterLoc,,
3705,846,filterLoc,,
3705,849,filterLoc,,
3705,852,filterLoc,,
3705,855,filterLoc,,
3705,858,filterLoc,,
3705,861,filterLoc,,
3705,864,filterLoc,,
3705,867,filterLoc,,
3705,870,filterLoc,,
3705,873,filterLoc,,
3705,876,filterLoc,,
3705,879,filterLoc,,
3705,882,filterLoc,,
3705,885,filterLoc,,
3705,888,filterLoc,,
3705,891,filterLoc,,
3705,894,filterLoc,,
3705,897,filterLoc,,
3705,900,filterLoc,,
3705,903,filterLoc,,
3705,906,filterLoc,,
3705,909,filterLoc,,
3705,912,filterLoc,,
3705,915,filterLoc,,
3705,918,filterLoc,,
3705,921,filterLoc,,
3705,924,filterLoc,,
3705,927,filterLoc,,
3705,930,filterLoc,,
3705,933,filterLoc,,
3705,936,filterLoc,,
3705,939,filterLoc,,
3705,942,filterLoc,,
3705,945,filterLoc,,
3705,948,filterLoc,,
3705,951,filterLoc,,
3705,954,filterLoc,,
3705,957,filterLoc,,
3705,960,filterLoc,,
3705,963,filterLoc,,
3705,966,filterLoc,,
3705,969,filterLoc,,
3705,972,filterLoc,,
3705,975,filterLoc,,
3705,978,filterLoc,,
3705,981,filterLoc,,
3705,984,filterLoc,,
3705,987,filterLoc,,
3705,990,filterLoc,,
3705,993,filterLoc,,
3705,996,filterLoc,,
3705,999,filterLoc,,
3705,1002,filterLoc,,
3705,1005,filterLoc,,
3705,1008,filterLoc,,
3705,1011,filterLoc,,
3705,1014,filterLoc,,
3705,1017,filterLoc,,
3705,1020,filterLoc,,
3705,1023,filterLoc,,
3705,1026,filterLoc,,
3705,1029,filterLoc,,
3705,1032,filterLoc,,
3705,1035,filterLoc,,
3705,1038,filterLoc,,
3705,1041,filterLoc,,
3705,1044,filterLoc,,
3705,1047,filterLoc,,
3705,1050,filterLoc,,
3705,1053,filterLoc,,
3705,1056,filterLoc,,
3705,1059,filterLoc,,
3705,1062,filterLoc,,
3705,1065,filterLoc,,
3705,1068,filterLoc,,
3705,1071,filterLoc,,
3705,1074,filterLoc,,
3705,1077,filterLoc,,
3705,1080,filterLoc,,
3705,1083,filterLoc,,
3705,1086,filterLoc,,
3705,1089,filterLoc,,
3705,1092,filterLoc,,
3705,1095,filterLoc,,
3705,1098,filterLoc,,
3705,1101,filterLoc,,
3705,1104,filterLoc,,
3705,1107,filterLoc,,
3705,1110,filterLoc,,
3705,1113,filterLoc,,
3705,1116,filterLoc,,
3705,1119,filterLoc,,
3705,1122,filterLoc,,
3705,1125,filterLoc,,
3705,1128,filterLoc,,
3705,1135,filterLoc,,
3705,1138,filterLoc,,
3705,1141,filterLoc,,
3705,1144,filterLoc,,
3705,1147,filterLoc,,
3705,1150,filterLoc,,
3705,1153,filterLoc,,
3705,1156,filterLoc,,
3705,1159,filterLoc,,
3705,1162,filterLoc,,
3705,1165,filterLoc,,
3705,1168,filterLoc,,
3705,1173,helicopter,,Helicopter;1;Is going to the evacuation site;;and has;0;spots taken
3705,1175,filterLoc,,
3705,1178,filterLoc,,
3705,1181,filterLoc,,
3705,1184,filterLoc,,
3705,1187,filterLoc,,
3705,1190,filterLoc,,
3705,1193,filterLoc,,
3705,1196,filterLoc,,
3705,1199,filterLoc,,
3705,1202,filterLoc,,
3705,1205,filterLoc,,
3705,1208,filterLoc,,
3705,1211,filterLoc,,
3705,1214,filterLoc,,
3705,1217,filterLoc,,
3705,1220,filterLoc,,
3705,1223,filterLoc,,
3705,1226,filterLoc,,
3705,1229,filterLoc,,
3705,1232,filterLoc,,
3705,1235,filterLoc,,
3705,1238,filterLoc,,
3705,1241,filterLoc,,
3705,1244,filterLoc,,
3705,1247,filterLoc,,
3705,1250,filterLoc,,
3705,1253,filterLoc,,
3705,1256,filterLoc,,
3705,1259,filterLoc,,
3705,1262,filterLoc,,
3705,1265,filterLoc,,
3705,1268,filterLoc,,
3705,1271,filterLoc,,
3705,1274,filterLoc,,
3705,1277,filterLoc,,
3705,1280,filterLoc,,
3705,1283,filterLoc,,
3705,1286,filterLoc,,
3705,1289,filterLoc,,
3705,1292,filterLoc,,
3705,1295,filterLoc,,
3705,1298,filterLoc,,
3705,1301,filterLoc,,
3705,1304,filterLoc,,
3705,1307,filterLoc,,
3705,1310,filterLoc,,
3705,1313,filterLoc,,
3705,1316,filterLoc,,
3705,1319,filterLoc,,
3705,1322,filterLoc,,
3705,1325,filterLoc,,
3705,1328,filterLoc,,
3705,1331,filterLoc,,
3705,1334,filterLoc,,
3705,1337,filterLoc,,
3705,1340,filterLoc,,
3705,1343,filterLoc,,
3705,1346,filterLoc,,
3705,1349,filterLoc,,
3705,1352,filterLoc,,
3705,1355,filterLoc,,
3705,1358,filterLoc,,
3705,1361,filterLoc,,
3705,1364,filterLoc,,
3705,1367,filterLoc,,
3705,1370,filterLoc,,
3705,1373,filterLoc,,
3705,1376,filterLoc,,
3705,1379,filterLoc,,
3705,1382,filterLoc,,
3705,1385,filterLoc,,
3705,1388,filterLoc,,
3705,1391,filterLoc,,
3705,1394,filterLoc,,
3705,1397,filterLoc,,
3705,1400,filterLoc,,
3705,1403,filterLoc,,
3705,1406,filterLoc,,
3705,1409,filterLoc,,
3705,1412,filterLoc,,
3705,1415,filterLoc,,
3705,1418,filterLoc,,
3705,1421,filterLoc,,
3705,1424,filterLoc,,
3705,1427,filterLoc,,
3705,1430,filterLoc,,
3705,1433,filterLoc,,
3705,1436,filterLoc,,
3705,1439,filterLoc,,
3705,1442,filterLoc,,
3705,1445,filterLoc,,
3705,1448,filterLoc,,
3705,1451,filterLoc,,
3705,1454,filterLoc,,
3705,1457,filterLoc,,
3705,1460,filterLoc,,
3705,1463,filterLoc,,
3705,1466,filterLoc,,
3705,1469,filterLoc,,
3705,1472,filterLoc,,
3705,1475,filterLoc,,
3705,1478,filterLoc,,
3705,1481,filterLoc,,
3705,1484,filterLoc,,
3705,1487,filterLoc,,
3705,1490,filterLoc,,
3705,1493,filterLoc,,
3705,1496,filterLoc,,
3705,1499,filterLoc,,
3705,1502,filterLoc,,
3705,1505,filterLoc,,
3705,1508,filterLoc,,
3705,1511,filterLoc,,
3705,1514,filterLoc,,
3705,1517,filterLoc,,
3705,1520,filterLoc,,
3705,1523,filterLoc,,
3705,1526,filterLoc,,
3705,1529,filterLoc,,;Evacuee;258;in triage category;Y;is leaving helicopter;4
3705,71,filterLoc,out,Evacuee 459 in triage category Y is not assigned a helicopter
3705,71,filterLoc,,
3705,72,evacuee,,Evacuee;459;in triage state;Y;is entering the FOL
3705,296,filterLoc,out,Evacuee 328 in triage category R is not assigned a helicopter
3705,296,filterLoc,,
3705,297,evacuee,,Evacuee;328;in triage state;R;is entering the FOL
3705,1529,filterLoc,out,Evacuee 258 in triage category Y is not assigned a helicopter
3705,1529,filterLoc,,
3705,1530,evacuee,,Evacuee;258;in triage state;Y;is entering the FOL
3705,72,evacuee,outFOL,Evacuee 459 in triage category Y is not assigned a helicopter
3705,72,evacuee,,Evacuee;459;in triage state;Y;is at the FOL
3705,227,FOL,,;EvacueeID;4;Triage Status;G;EvacueeID;7;Triage Status;G;EvacueeID;10;Triage Status;G;EvacueeID;11;Triage Status;G;EvacueeID;13;Triage Status;G;EvacueeID;14;Triage Status;G;EvacueeID;15;Triage Status;G;EvacueeID;17;Triage Status;G;EvacueeID;18;Triage Status;G;EvacueeID;19;Triage Status;G;EvacueeID;23;Triage Status;G;EvacueeID;24;Triage Status;G;EvacueeID;26;Triage Status;G;EvacueeID;28;Triage Status;G;EvacueeID;29;Triage Status;G;EvacueeID;32;Triage Status;G;EvacueeID;37;Triage Status;G;EvacueeID;45;Triage Status;G;EvacueeID;48;Triage Status;G;EvacueeID;50;Triage Status;G;EvacueeID;54;Triage Status;G;EvacueeID;55;Triage Status;G;EvacueeID;58;Triage Status;G;EvacueeID;60;Triage Status;G;EvacueeID;65;Triage Status;G;EvacueeID;67;Triage Status;G;EvacueeID;73;Triage Status;G;EvacueeID;75;Triage Status;G;EvacueeID;77;Triage Status;G;EvacueeID;78;Triage Status;G;EvacueeID;82;Triage Status;G;EvacueeID;85;Triage Status;G;EvacueeID;95;Triage Status;G;EvacueeID;98;Triage Status;G;EvacueeID;99;Triage Status;G;EvacueeID;100;Triage Status;G;EvacueeID;101;Triage Status;G;EvacueeID;109;Triage Status;G;EvacueeID;112;Triage Status;G;EvacueeID;114;Triage Status;G;EvacueeID;123;Triage Status;G;EvacueeID;125;Triage Status;G;EvacueeID;126;Triage Status;G;EvacueeID;142;Triage Status;G;EvacueeID;144;Triage Status;G;EvacueeID;147;Triage Status;G;EvacueeID;153;Triage Status;G;EvacueeID;156;Triage Status;G;EvacueeID;158;Triage Status;G;EvacueeID;159;Triage Status;G;EvacueeID;161;Triage Status;G;EvacueeID;174;Triage Status;G;EvacueeID;177;Triage Status;G;EvacueeID;179;Triage Status;G;EvacueeID;181;Triage Status;G;EvacueeID;183;Triage Status;G;EvacueeID;184;Triage Status;G;EvacueeID;187;Triage Status;G;EvacueeID;190;Triage Status;G;EvacueeID;200;Triage Status;G;EvacueeID;201;Triage Status;G;EvacueeID;202;Triage Status;G;EvacueeID;203;Triage Status;G;EvacueeID;204;Triage Status;G;EvacueeID;205;Triage Status;G;EvacueeID;209;Triage Status;G;EvacueeID;212;Triage Status;G;EvacueeID;213;Triage Status;G;EvacueeID;215;Triage Status;G;EvacueeID;220;Triage Status;G;EvacueeID;226;Triage Status;G;EvacueeID;227;Triage Status;G;EvacueeID;232;Triage Status;G;EvacueeID;233;Triage Status;G;EvacueeID;234;Triage Status;G;EvacueeID;236;Triage Status;G;EvacueeID;241;Triage Status;G;EvacueeID;246;Triage Status;G;EvacueeID;255;Triage Status;G;EvacueeID;259;Triage Status;G;EvacueeID;260;Triage Status;G;EvacueeID;262;Triage Status;G;EvacueeID;263;Triage Status;G;EvacueeID;264;Triage Status;G;EvacueeID;267;Triage Status;G;EvacueeID;268;Triage Status;G;EvacueeID;270;Triage Status;G;EvacueeID;272;Triage Status;G;EvacueeID;275;Triage Status;G;EvacueeID;288;Triage Status;G;EvacueeID;290;Triage Status;G;EvacueeID;291;Triage Status;G;EvacueeID;292;Triage Status;G;EvacueeID;299;Triage Status;G;EvacueeID;300;Triage Status;G;EvacueeID;302;Triage Status;G;EvacueeID;322;Triage Status;G;EvacueeID;323;Triage Status;G;EvacueeID;324;Triage Status;G;EvacueeID;325;Triage Status;G;EvacueeID;326;Triage Status;G;EvacueeID;327;Triage Status;G;EvacueeID;343;Triage Status;G;EvacueeID;344;Triage Status;G;EvacueeID;345;Triage Status;G;EvacueeID;350;Triage Status;G;EvacueeID;355;Triage Status;G;EvacueeID;356;Triage Status;G;EvacueeID;361;Triage Status;G;EvacueeID;362;Triage Status;G;EvacueeID;365;Triage Status;G;EvacueeID;366;Triage Status;G;EvacueeID;368;Triage Status;G;EvacueeID;369;Triage Status;G;EvacueeID;370;Triage Status;G;EvacueeID;371;Triage Status;G;EvacueeID;372;Triage Status;G;EvacueeID;385;Triage Status;G;EvacueeID;387;Triage Status;G;EvacueeID;388;Triage Status;G;EvacueeID;390;Triage Status;G;EvacueeID;391;Triage Status;G;EvacueeID;396;Triage Status;G;EvacueeID;397;Triage Status;G;EvacueeID;398;Triage Status;G;EvacueeID;400;Triage Status;G;EvacueeID;401;Triage Status;G;EvacueeID;403;Triage Status;G;EvacueeID;404;Triage Status;G;EvacueeID;410;Triage Status;G;EvacueeID;413;Triage Status;G;EvacueeID;416;Triage Status;G;EvacueeID;418;Triage Status;G;EvacueeID;435;Triage Status;G;EvacueeID;441;Triage Status;G;EvacueeID;442;Triage Status;G;EvacueeID;445;Triage Status;G;EvacueeID;447;Triage Status;G;EvacueeID;448;Triage Status;G;EvacueeID;452;Triage Status;G;EvacueeID;455;Triage Status;G;EvacueeID;456;Triage Status;G;EvacueeID;457;Triage Status;G;EvacueeID;458;Triage Status;G;EvacueeID;464;Triage Status;G;EvacueeID;465;Triage Status;G;EvacueeID;466;Triage Status;G;EvacueeID;469;Triage Status;G;EvacueeID;470;Triage Status;G;EvacueeID;474;Triage Status;G;EvacueeID;359;Triage Status;R;EvacueeID;394;Triage Status;R;EvacueeID;444;Triage Status;R;EvacueeID;293;Triage Status;R;EvacueeID;307;Triage Status;R;EvacueeID;374;Triage Status;R;EvacueeID;115;Triage Status;R;EvacueeID;347;Triage Status;R;EvacueeID;406;Triage Status;R;EvacueeID;182;Triage Status;Y;EvacueeID;230;Triage Status;Y;EvacueeID;419;Triage Status;Y;EvacueeID;30;Triage Status;Y;EvacueeID;172;Triage Status;Y;EvacueeID;331;Triage Status;Y;EvacueeID;135;Triage Status;Y;EvacueeID;171;Triage Status;Y;EvacueeID;225;Triage Status;Y;EvacueeID;152;Triage Status;Y;EvacueeID;256;Triage Status;Y;EvacueeID;352;Triage Status;Y;EvacueeID;258;Triage Status;Y;EvacueeID;328;Triage Status;R;EvacueeID;459;Triage Status;Y;Lives Saved;174
3705,297,evacuee,outFOL,Evacuee 328 in triage category R is not assigned a helicopter
3705,297,evacuee,,Evacuee;328;in triage state;R;is at the FOL
3705,1530,evacuee,outFOL,Evacuee 258 in triage category Y is not assigned a helicopter
3705,1530,evacuee,,Evacuee;258;in triage state;Y;is at the FOL
3705,227,FOL,,;EvacueeID;4;Triage Status;G;EvacueeID;7;Triage Status;G;EvacueeID;10;Triage Status;G;EvacueeID;11;Triage Status;G;EvacueeID;13;Triage Status;G;EvacueeID;14;Triage Status;G;EvacueeID;15;Triage Status;G;EvacueeID;17;Triage Status;G;EvacueeID;18;Triage Status;G;EvacueeID;19;Triage Status;G;EvacueeID;23;Triage Status;G;EvacueeID;24;Triage Status;G;EvacueeID;26;Triage Status;G;EvacueeID;28;Triage Status;G;EvacueeID;29;Triage Status;G;EvacueeID;32;Triage Status;G;EvacueeID;37;Triage Status;G;EvacueeID;45;Triage Status;G;EvacueeID;48;Triage Status;G;EvacueeID;50;Triage Status;G;EvacueeID;54;Triage Status;G;EvacueeID;55;Triage Status;G;EvacueeID;58;Triage Status;G;EvacueeID;60;Triage Status;G;EvacueeID;65;Triage Status;G;EvacueeID;67;Triage Status;G;EvacueeID;73;Triage Status;G;EvacueeID;75;Triage Status;G;EvacueeID;77;Triage Status;G;EvacueeID;78;Triage Status;G;EvacueeID;82;Triage Status;G;EvacueeID;85;Triage Status;G;EvacueeID;95;Triage Status;G;EvacueeID;98;Triage Status;G;EvacueeID;99;Triage Status;G;EvacueeID;100;Triage Status;G;EvacueeID;101;Triage Status;G;EvacueeID;109;Triage Status;G;EvacueeID;112;Triage Status;G;EvacueeID;114;Triage Status;G;EvacueeID;123;Triage Status;G;EvacueeID;125;Triage Status;G;EvacueeID;126;Triage Status;G;EvacueeID;142;Triage Status;G;EvacueeID;144;Triage Status;G;EvacueeID;147;Triage Status;G;EvacueeID;153;Triage Status;G;EvacueeID;156;Triage Status;G;EvacueeID;158;Triage Status;G;EvacueeID;159;Triage Status;G;EvacueeID;161;Triage Status;G;EvacueeID;174;Triage Status;G;EvacueeID;177;Triage Status;G;EvacueeID;179;Triage Status;G;EvacueeID;181;Triage Status;G;EvacueeID;183;Triage Status;G;EvacueeID;184;Triage Status;G;EvacueeID;187;Triage Status;G;EvacueeID;190;Triage Status;G;EvacueeID;200;Triage Status;G;EvacueeID;201;Triage Status;G;EvacueeID;202;Triage Status;G;EvacueeID;203;Triage Status;G;EvacueeID;204;Triage Status;G;EvacueeID;205;Triage Status;G;EvacueeID;209;Triage Status;G;EvacueeID;212;Triage Status;G;EvacueeID;213;Triage Status;G;EvacueeID;215;Triage Status;G;EvacueeID;220;Triage Status;G;EvacueeID;226;Triage Status;G;EvacueeID;227;Triage Status;G;EvacueeID;232;Triage Status;G;EvacueeID;233;Triage Status;G;EvacueeID;234;Triage Status;G;EvacueeID;236;Triage Status;G;EvacueeID;241;Triage Status;G;EvacueeID;246;Triage Status;G;EvacueeID;255;Triage Status;G;EvacueeID;259;Triage Status;G;EvacueeID;260;Triage Status;G;EvacueeID;262;Triage Status;G;EvacueeID;263;Triage Status;G;EvacueeID;264;Triage Status;G;EvacueeID;267;Triage Status;G;EvacueeID;268;Triage Status;G;EvacueeID;270;Triage Status;G;EvacueeID;272;Triage Status;G;EvacueeID;275;Triage Status;G;EvacueeID;288;Triage Status;G;EvacueeID;290;Triage Status;G;EvacueeID;291;Triage Status;G;EvacueeID;292;Triage Status;G;EvacueeID;299;Triage Status;G;EvacueeID;300;Triage Status;G;EvacueeID;302;Triage Status;G;EvacueeID;322;Triage Status;G;EvacueeID;323;Triage Status;G;EvacueeID;324;Triage Status;G;EvacueeID;325;Triage Status;G;EvacueeID;326;Triage Status;G;EvacueeID;327;Triage Status;G;EvacueeID;343;Triage Status;G;EvacueeID;344;Triage Status;G;EvacueeID;345;Triage Status;G;EvacueeID;350;Triage Status;G;EvacueeID;355;Triage Status;G;EvacueeID;356;Triage Status;G;EvacueeID;361;Triage Status;G;EvacueeID;362;Triage Status;G;EvacueeID;365;Triage Status;G;EvacueeID;366;Triage Status;G;EvacueeID;368;Triage Status;G;EvacueeID;369;Triage Status;G;EvacueeID;370;Triage Status;G;EvacueeID;371;Triage Status;G;EvacueeID;372;Triage Status;G;EvacueeID;385;Triage Status;G;EvacueeID;387;Triage Status;G;EvacueeID;388;Triage Status;G;EvacueeID;390;Triage Status;G;EvacueeID;391;Triage Status;G;EvacueeID;396;Triage Status;G;EvacueeID;397;Triage Status;G;EvacueeID;398;Triage Status;G;EvacueeID;400;Triage Status;G;EvacueeID;401;Triage Status;G;EvacueeID;403;Triage Status;G;EvacueeID;404;Triage Status;G;EvacueeID;410;Triage Status;G;EvacueeID;413;Triage Status;G;EvacueeID;416;Triage Status;G;EvacueeID;418;Triage Status;G;EvacueeID;435;Triage Status;G;EvacueeID;441;Triage Status;G;EvacueeID;442;Triage Status;G;EvacueeID;445;Triage Status;G;EvacueeID;447;Triage Status;G;EvacueeID;448;Triage Status;G;EvacueeID;452;Triage Status;G;EvacueeID;455;Triage Status;G;EvacueeID;456;Triage Status;G;EvacueeID;457;Triage Status;G;EvacueeID;458;Triage Status;G;EvacueeID;464;Triage Status;G;EvacueeID;465;Triage Status;G;EvacueeID;466;Triage Status;G;EvacueeID;469;Triage Status;G;EvacueeID;470;Triage Status;G;EvacueeID;474;Triage Status;G;EvacueeID;359;Triage Status;R;EvacueeID;394;Triage Status;R;EvacueeID;444;Triage Status;R;EvacueeID;293;Triage Status;R;EvacueeID;307;Triage Status;R;EvacueeID;374;Triage Status;R;EvacueeID;115;Triage Status;R;EvacueeID;347;Triage Status;R;EvacueeID;406;Triage Status;R;EvacueeID;182;Triage Status;Y;EvacueeID;230;Triage Status;Y;EvacueeID;419;Triage Status;Y;EvacueeID;30;Triage Status;Y;EvacueeID;172;Triage Status;Y;EvacueeID;331;Triage Status;Y;EvacueeID;135;Triage Status;Y;EvacueeID;171;Triage Status;Y;EvacueeID;225;Triage Status;Y;EvacueeID;152;Triage Status;Y;EvacueeID;256;Triage Status;Y;EvacueeID;352;Triage Status;Y;EvacueeID;258;Triage Status;Y;EvacueeID;328;Triage Status;R;EvacueeID;459;Triage Status;Y;Lives Saved;174
3720,5,helicopterQueue,,1;Helos are waiting to land;HeloID;3
3720,109,helicopter,outES,Helicopter 3 is evacuating people3
3720,109,helicopter,,Helicopter;3;is waiting to land at the evacuation site;;and has;0;spots taken
3720,294,helicopter,,Helicopter;4;Is going to the evacuation site;;and has;0;spots taken
3720,5,helicopterQueue,outHelo,Helicopter 3 has stopped
3720,5,helicopterQueue,,;No helos are waiting to land
3720,8,filterES,,
3720,108,filterES,,Helicopter;3;has stopped
3720,293,filterES,,
3720,573,filterES,,
3720,1132,filterES,,
3720,1172,filterES,,
3720,108,filterES,out,Helicopter 3 has stopped
3720,108,filterES,,
3720,109,helicopter,,Helicopter;3;is waiting to land at the evacuation site;;and has;0;spots taken
3720,109,helicopter,,Helicopter;3;is returning to the FOL;;and has;0;spots taken
3735,5,helicopterQueue,,1;Helos are waiting to land;HeloID;6
3735,9,helicopter,outES,Helicopter 6 is evacuating people6
3735,9,helicopter,,Helicopter;6;is waiting to land at the evacuation site;;and has;0;spots taken
3735,5,helicopterQueue,outHelo,Helicopter 6 has stopped
3735,5,helicopterQueue,,;No helos are waiting to land
3735,8,filterES,,Helicopter;6;has stopped
3735,108,filterES,,
3735,293,filterES,,
3735,573,filterES,,
3735,1132,filterES,,
3735,1172,filterES,,
3735,8,filterES,out,Helicopter 6 has stopped
3735,8,filterES,,
3735,9,helicopter,,Helicopter;6;is waiting to land at the evacuation site;;and has;0;spots taken
3735,9,helicopter,,Helicopter;6;is returning to the FOL;;and has;0;spots taken
3750,11,filterLoc,,
3750,14,filterLoc,,
3750,17,filterLoc,,
3750,20,filterLoc,,
3750,23,filterLoc,,
3750,26,filterLoc,,
3750,29,filterLoc,,
3750,32,filterLoc,,
3750,35,filterLoc,,
3750,38,filterLoc,,
3750,41,filterLoc,,
3750,44,filterLoc,,
3750,47,filterLoc,,
3750,50,filterLoc,,
3750,53,filterLoc,,
3750,56,filterLoc,,
3750,59,filterLoc,,
3750,62,filterLoc,,
3750,65,filterLoc,,
3750,68,filterLoc,,
3750,71,filterLoc,,
3750,74,filterLoc,,
3750,77,filterLoc,,
3750,80,filterLoc,,
3750,83,filterLoc,,
3750,86,filterLoc,,
3750,89,filterLoc,,
3750,92,filterLoc,,
3750,95,filterLoc,,
3750,98,filterLoc,,
3750,101,filterLoc,,
3750,104,filterLoc,,
3750,111,filterLoc,,
3750,114,filterLoc,,
3750,117,filterLoc,,
3750,120,filterLoc,,
3750,123,filterLoc,,
3750,126,filterLoc,,
3750,129,filterLoc,,
3750,132,filterLoc,,
3750,135,filterLoc,,
3750,138,filterLoc,,
3750,141,filterLoc,,
3750,144,filterLoc,,
3750,147,filterLoc,,
3750,150,filterLoc,,
3750,153,filterLoc,,
3750,156,filterLoc,,
3750,159,filterLoc,,
3750,162,filterLoc,,
3750,165,filterLoc,,
3750,168,filterLoc,,
3750,171,filterLoc,,
3750,174,filterLoc,,
3750,177,filterLoc,,
3750,180,filterLoc,,
3750,183,filterLoc,,
3750,186,filterLoc,,
3750,189,filterLoc,,
3750,192,filterLoc,,
3750,195,filterLoc,,
3750,198,filterLoc,,
3750,201,filterLoc,,
3750,204,filterLoc,,
3750,207,filterLoc,,
3750,210,filterLoc,,
3750,213,filterLoc,,
3750,216,filterLoc,,
3750,219,filterLoc,,
3750,222,filterLoc,,
3750,225,filterLoc,,
3750,229,filterLoc,,
3750,232,filterLoc,,
3750,235,filterLoc,,
3750,238,filterLoc,,
3750,241,filterLoc,,
3750,244,filterLoc,,
3750,247,filterLoc,,
3750,250,filterLoc,,
3750,253,filterLoc,,
3750,256,filterLoc,,
3750,259,filterLoc,,
3750,262,filterLoc,,
3750,265,filterLoc,,
3750,268,filterLoc,,
3750,271,filterLoc,,
3750,274,filterLoc,,
3750,277,filterLoc,,
3750,280,filterLoc,,
3750,283,filterLoc,,
3750,286,filterLoc,,
3750,289,filterLoc,,
3750,296,filterLoc,,
3750,299,filterLoc,,
3750,302,filterLoc,,
3750,305,filterLoc,,
3750,308,filterLoc,,
3750,311,filterLoc,,
3750,314,filterLoc,,
3750,317,filterLoc,,
3750,320,filterLoc,,
3750,323,filterLoc,,
3750,326,filterLoc,,
3750,329,filterLoc,,
3750,332,filterLoc,,
3750,335,filterLoc,,
3750,338,filterLoc,,
3750,341,filterLoc,,
3750,344,filterLoc,,
3750,347,filterLoc,,
3750,350,filterLoc,,
3750,353,filterLoc,,
3750,356,filterLoc,,
3750,359,filterLoc,,
3750,362,filterLoc,,
3750,365,filterLoc,,
3750,368,filterLoc,,
3750,371,filterLoc,,
3750,374,filterLoc,,
3750,377,filterLoc,,
3750,380,filterLoc,,
3750,383,filterLoc,,
3750,386,filterLoc,,
3750,389,filterLoc,,
3750,392,filterLoc,,
3750,395,filterLoc,,
3750,398,filterLoc,,
3750,401,filterLoc,,
3750,404,filterLoc,,
3750,407,filterLoc,,
3750,410,filterLoc,,
3750,413,filterLoc,,
3750,416,filterLoc,,
3750,419,filterLoc,,
3750,422,filterLoc,,
3750,425,filterLoc,,
3750,428,filterLoc,,
3750,431,filterLoc,,
3750,434,filterLoc,,
3750,437,filterLoc,,
3750,440,filterLoc,,;Evacuee;301;in triage category;Y;is leaving helicopter;2
3750,443,filterLoc,,
3750,446,filterLoc,,
3750,449,filterLoc,,
3750,452,filterLoc,,
3750,455,filterLoc,,
3750,458,filterLoc,,
3750,461,filterLoc,,
3750,464,filterLoc,,
3750,467,filterLoc,,
3750,470,filterLoc,,
3750,473,filterLoc,,
3750,476,filterLoc,,
3750,479,filterLoc,,
3750,482,filterLoc,,
3750,485,filterLoc,,
3750,488,filterLoc,,
3750,491,filterLoc,,
3750,494,filterLoc,,
3750,497,filterLoc,,
3750,500,filterLoc,,
3750,503,filterLoc,,
3750,506,filterLoc,,
3750,509,filterLoc,,
3750,512,filterLoc,,
3750,515,filterLoc,,
3750,518,filterLoc,,
3750,521,filterLoc,,
3750,524,filterLoc,,
3750,527,filterLoc,,
3750,530,filterLoc,,
3750,533,filterLoc,,
3750,536,filterLoc,,
3750,539,filterLoc,,
3750,542,filterLoc,,
3750,545,filterLoc,,
3750,548,filterLoc,,
3750,551,filterLoc,,
3750,554,filterLoc,,
3750,557,filterLoc,,
3750,560,filterLoc,,
3750,563,filterLoc,,
3750,566,filterLoc,,
3750,569,filterLoc,,
3750,574,helicopter,,Helicopter;5;is unloading people at the FOL;;and has;0;spots taken
3750,576,filterLoc,,
3750,579,filterLoc,,
3750,582,filterLoc,,
3750,585,filterLoc,,
3750,588,filterLoc,,
3750,591,filterLoc,,
3750,594,filterLoc,,
3750,597,filterLoc,,
3750,600,filterLoc,,
3750,603,filterLoc,,
3750,606,filterLoc,,
3750,609,filterLoc,,
3750,612,filterLoc,,
3750,615,filterLoc,,
3750,618,filterLoc,,
3750,621,filterLoc,,
3750,624,filterLoc,,
3750,627,filterLoc,,
3750,630,filterLoc,,
3750,633,filterLoc,,
3750,636,filterLoc,,
3750,639,filterLoc,,
3750,642,filterLoc,,
3750,645,filterLoc,,
3750,648,filterLoc,,
3750,651,filterLoc,,
3750,654,filterLoc,,
3750,657,filterLoc,,
3750,660,filterLoc,,
3750,663,filterLoc,,
3750,666,filterLoc,,
3750,669,filterLoc,,
3750,672,filterLoc,,
3750,675,filterLoc,,
3750,678,filterLoc,,
3750,681,filterLoc,,
3750,684,filterLoc,,
3750,687,filterLoc,,
3750,690,filterLoc,,
3750,693,filterLoc,,
3750,696,filterLoc,,
3750,699,filterLoc,,
3750,702,filterLoc,,
3750,705,filterLoc,,
3750,708,filterLoc,,
3750,711,filterLoc,,
3750,714,filterLoc,,
3750,717,filterLoc,,
3750,720,filterLoc,,
3750,723,filterLoc,,
3750,726,filterLoc,,
3750,729,filterLoc,,
3750,732,filterLoc,,
3750,735,filterLoc,,
3750,738,filterLoc,,
3750,741,filterLoc,,
3750,744,filterLoc,,
3750,747,filterLoc,,
3750,750,filterLoc,,
3750,753,filterLoc,,
3750,756,filterLoc,,
3750,759,filterLoc,,
3750,762,filterLoc,,
3750,765,filterLoc,,
3750,768,filterLoc,,
3750,771,filterLoc,,
3750,774,filterLoc,,
3750,777,filterLoc,,
3750,780,filterLoc,,
3750,783,filterLoc,,
3750,786,filterLoc,,
3750,789,filterLoc,,
3750,792,filterLoc,,
3750,795,filterLoc,,
3750,798,filterLoc,,
3750,801,filterLoc,,
3750,804,filterLoc,,;Evacuee;473;in triage category;R;is leaving helicopter;2
3750,807,filterLoc,,
3750,810,filterLoc,,
3750,813,filterLoc,,
3750,816,filterLoc,,
3750,819,filterLoc,,
3750,822,filterLoc,,
3750,825,filterLoc,,
3750,828,filterLoc,,
3750,831,filterLoc,,
3750,834,filterLoc,,
3750,837,filterLoc,,
3750,840,filterLoc,,
3750,843,filterLoc,,
3750,846,filterLoc,,
3750,849,filterLoc,,
3750,852,filterLoc,,
3750,855,filterLoc,,
3750,858,filterLoc,,
3750,861,filterLoc,,
3750,864,filterLoc,,
3750,867,filterLoc,,
3750,870,filterLoc,,
3750,873,filterLoc,,
3750,876,filterLoc,,
3750,879,filterLoc,,
3750,882,filterLoc,,
3750,885,filterLoc,,
3750,888,filterLoc,,
3750,891,filterLoc,,
3750,894,filterLoc,,
3750,897,filterLoc,,
3750,900,filterLoc,,
3750,903,filterLoc,,
3750,906,filterLoc,,
3750,909,filterLoc,,
3750,912,filterLoc,,
3750,915,filterLoc,,
3750,918,filterLoc,,
3750,921,filterLoc,,
3750,924,filterLoc,,
3750,927,filterLoc,,
3750,930,filterLoc,,
3750,933,filterLoc,,
3750,936,filterLoc,,
3750,939,filterLoc,,
3750,942,filterLoc,,
3750,945,filterLoc,,
3750,948,filterLoc,,
3750,951,filterLoc,,
3750,954,filterLoc,,
3750,957,filterLoc,,
3750,960,filterLoc,,
3750,963,filterLoc,,
3750,966,filterLoc,,
3750,969,filterLoc,,
3750,972,filterLoc,,
3750,975,filterLoc,,
3750,978,filterLoc,,
3750,981,filterLoc,,
3750,984,filterLoc,,
3750,987,filterLoc,,
3750,990,filterLoc,,
3750,993,filterLoc,,
3750,996,filterLoc,,
3750,999,filterLoc,,
3750,1002,filterLoc,,
3750,1005,filterLoc,,
3750,1008,filterLoc,,
3750,1011,filterLoc,,
3750,1014,filterLoc,,
3750,1017,filterLoc,,
3750,1020,filterLoc,,
3750,1023,filterLoc,,
3750,1026,filterLoc,,
3750,1029,filterLoc,,
3750,1032,filterLoc,,
3750,1035,filterLoc,,
3750,1038,filterLoc,,
3750,1041,filterLoc,,
3750,1044,filterLoc,,
3750,1047,filterLoc,,
3750,1050,filterLoc,,
3750,1053,filterLoc,,
3750,1056,filterLoc,,
3750,1059,filterLoc,,
3750,1062,filterLoc,,
3750,1065,filterLoc,,
3750,1068,filterLoc,,
3750,1071,filterLoc,,
3750,1074,filterLoc,,
3750,1077,filterLoc,,
3750,1080,filterLoc,,
3750,1083,filterLoc,,
3750,1086,filterLoc,,
3750,1089,filterLoc,,
3750,1092,filterLoc,,
3750,1095,filterLoc,,
3750,1098,filterLoc,,
3750,1101,filterLoc,,
3750,1104,filterLoc,,
3750,1107,filterLoc,,
3750,1110,filterLoc,,
3750,1113,filterLoc,,
3750,1116,filterLoc,,
3750,1119,filterLoc,,
3750,1122,filterLoc,,
3750,1125,filterLoc,,
3750,1128,filterLoc,,
3750,1133,helicopter,outEvac,Evacuee 301 in triage category Y is not assigned a helicopter
3750,1133,helicopter,outEvac,Evacuee 473 in triage category R is not assigned a helicopter
3750,1133,helicopter,,Helicopter;2;is unloading people at the FOL;;and has;0;spots taken
3750,1135,filterLoc,,
3750,1138,filterLoc,,
3750,1141,filterLoc,,
3750,1144,filterLoc,,
3750,1147,filterLoc,,
3750,1150,filterLoc,,
3750,1153,filterLoc,,
3750,1156,filterLoc,,
3750,1159,filterLoc,,
3750,1162,filterLoc,,
3750,1165,filterLoc,,
3750,1168,filterLoc,,
3750,1175,filterLoc,,
3750,1178,filterLoc,,
3750,1181,filterLoc,,
3750,1184,filterLoc,,
3750,1187,filterLoc,,
3750,1190,filterLoc,,
3750,1193,filterLoc,,
3750,1196,filterLoc,,
3750,1199,filterLoc,,
3750,1202,filterLoc,,
3750,1205,filterLoc,,
3750,1208,filterLoc,,
3750,1211,filterLoc,,
3750,1214,filterLoc,,
3750,1217,filterLoc,,
3750,1220,filterLoc,,
3750,1223,filterLoc,,
3750,1226,filterLoc,,
3750,1229,filterLoc,,
3750,1232,filterLoc,,
3750,1235,filterLoc,,
3750,1238,filterLoc,,
3750,1241,filterLoc,,
3750,1244,filterLoc,,
3750,1247,filterLoc,,
3750,1250,filterLoc,,
3750,1253,filterLoc,,
3750,1256,filterLoc,,
3750,1259,filterLoc,,
3750,1262,filterLoc,,
3750,1265,filterLoc,,
3750,1268,filterLoc,,
3750,1271,filterLoc,,
3750,1274,filterLoc,,
3750,1277,filterLoc,,
3750,1280,filterLoc,,
3750,1283,filterLoc,,
3750,1286,filterLoc,,
3750,1289,filterLoc,,
3750,1292,filterLoc,,
3750,1295,filterLoc,,
3750,1298,filterLoc,,
3750,1301,filterLoc,,
3750,1304,filterLoc,,
3750,1307,filterLoc,,
3750,1310,filterLoc,,
3750,1313,filterLoc,,
3750,1316,filterLoc,,
3750,1319,filterLoc,,
3750,1322,filterLoc,,
3750,1325,filterLoc,,
3750,1328,filterLoc,,
3750,1331,filterLoc,,
3750,1334,filterLoc,,
3750,1337,filterLoc,,
3750,1340,filterLoc,,
3750,1343,filterLoc,,
3750,1346,filterLoc,,
3750,1349,filterLoc,,
3750,1352,filterLoc,,
3750,1355,filterLoc,,
3750,1358,filterLoc,,
3750,1361,filterLoc,,
3750,1364,filterLoc,,
3750,1367,filterLoc,,
3750,1370,filterLoc,,
3750,1373,filterLoc,,
3750,1376,filterLoc,,
3750,1379,filterLoc,,
3750,1382,filterLoc,,
3750,1385,filterLoc,,
3750,1388,filterLoc,,
3750,1391,filterLoc,,
3750,1394,filterLoc,,
3750,1397,filterLoc,,
3750,1400,filterLoc,,
3750,1403,filterLoc,,
3750,1406,filterLoc,,
3750,1409,filterLoc,,
3750,1412,filterLoc,,
3750,1415,filterLoc,,
3750,1418,filterLoc,,
3750,1421,filterLoc,,
3750,1424,filterLoc,,
3750,1427,filterLoc,,
3750,1430,filterLoc,,
3750,1433,filterLoc,,
3750,1436,filterLoc,,
3750,1439,filterLoc,,
3750,1442,filterLoc,,
3750,1445,filterLoc,,
3750,1448,filterLoc,,
3750,1451,filterLoc,,
3750,1454,filterLoc,,
3750,1457,filterLoc,,
3750,1460,filterLoc,,
3750,1463,filterLoc,,
3750,1466,filterLoc,,
3750,1469,filterLoc,,
3750,1472,filterLoc,,
3750,1475,filterLoc,,
3750,1478,filterLoc,,
3750,1481,filterLoc,,
3750,1484,filterLoc,,
3750,1487,filterLoc,,
3750,1490,filterLoc,,
3750,1493,filterLoc,,
3750,1496,filterLoc,,
3750,1499,filterLoc,,
3750,1502,filterLoc,,
3750,1505,filterLoc,,
3750,1508,filterLoc,,
3750,1511,filterLoc,,
3750,1514,filterLoc,,
3750,1517,filterLoc,,
3750,1520,filterLoc,,
3750,1523,filterLoc,,
3750,1526,filterLoc,,
3750,1529,filterLoc,,
3750,440,filterLoc,out,Evacuee 301 in triage category Y is not assigned a helicopter
3750,440,filterLoc,,
3750,441,evacuee,,Evacuee;301;in triage state;Y;is entering the FOL
3750,804,filterLoc,out,Evacuee 473 in triage category R is not assigned a helicopter
3750,804,filterLoc,,
3750,805,evacuee,,Evacuee;473;in triage state;R;is entering the FOL
3750,227,FOL,,;EvacueeID;4;Triage Status;G;EvacueeID;7;Triage Status;G;EvacueeID;10;Triage Status;G;EvacueeID;11;Triage Status;G;EvacueeID;13;Triage Status;G;EvacueeID;14;Triage Status;G;EvacueeID;15;Triage Status;G;EvacueeID;17;Triage Status;G;EvacueeID;18;Triage Status;G;EvacueeID;19;Triage Status;G;EvacueeID;23;Triage Status;G;EvacueeID;24;Triage Status;G;EvacueeID;26;Triage Status;G;EvacueeID;28;Triage Status;G;EvacueeID;29;Triage Status;G;EvacueeID;32;Triage Status;G;EvacueeID;37;Triage Status;G;EvacueeID;45;Triage Status;G;EvacueeID;48;Triage Status;G;EvacueeID;50;Triage Status;G;EvacueeID;54;Triage Status;G;EvacueeID;55;Triage Status;G;EvacueeID;58;Triage Status;G;EvacueeID;60;Triage Status;G;EvacueeID;65;Triage Status;G;EvacueeID;67;Triage Status;G;EvacueeID;73;Triage Status;G;EvacueeID;75;Triage Status;G;EvacueeID;77;Triage Status;G;EvacueeID;78;Triage Status;G;EvacueeID;82;Triage Status;G;EvacueeID;85;Triage Status;G;EvacueeID;95;Triage Status;G;EvacueeID;98;Triage Status;G;EvacueeID;99;Triage Status;G;EvacueeID;100;Triage Status;G;EvacueeID;101;Triage Status;G;EvacueeID;109;Triage Status;G;EvacueeID;112;Triage Status;G;EvacueeID;114;Triage Status;G;EvacueeID;123;Triage Status;G;EvacueeID;125;Triage Status;G;EvacueeID;126;Triage Status;G;EvacueeID;142;Triage Status;G;EvacueeID;144;Triage Status;G;EvacueeID;147;Triage Status;G;EvacueeID;153;Triage Status;G;EvacueeID;156;Triage Status;G;EvacueeID;158;Triage Status;G;EvacueeID;159;Triage Status;G;EvacueeID;161;Triage Status;G;EvacueeID;174;Triage Status;G;EvacueeID;177;Triage Status;G;EvacueeID;179;Triage Status;G;EvacueeID;181;Triage Status;G;EvacueeID;183;Triage Status;G;EvacueeID;184;Triage Status;G;EvacueeID;187;Triage Status;G;EvacueeID;190;Triage Status;G;EvacueeID;200;Triage Status;G;EvacueeID;201;Triage Status;G;EvacueeID;202;Triage Status;G;EvacueeID;203;Triage Status;G;EvacueeID;204;Triage Status;G;EvacueeID;205;Triage Status;G;EvacueeID;209;Triage Status;G;EvacueeID;212;Triage Status;G;EvacueeID;213;Triage Status;G;EvacueeID;215;Triage Status;G;EvacueeID;220;Triage Status;G;EvacueeID;226;Triage Status;G;EvacueeID;227;Triage Status;G;EvacueeID;232;Triage Status;G;EvacueeID;233;Triage Status;G;EvacueeID;234;Triage Status;G;EvacueeID;236;Triage Status;G;EvacueeID;241;Triage Status;G;EvacueeID;246;Triage Status;G;EvacueeID;255;Triage Status;G;EvacueeID;259;Triage Status;G;EvacueeID;260;Triage Status;G;EvacueeID;262;Triage Status;G;EvacueeID;263;Triage Status;G;EvacueeID;264;Triage Status;G;EvacueeID;267;Triage Status;G;EvacueeID;268;Triage Status;G;EvacueeID;270;Triage Status;G;EvacueeID;272;Triage Status;G;EvacueeID;275;Triage Status;G;EvacueeID;288;Triage Status;G;EvacueeID;290;Triage Status;G;EvacueeID;291;Triage Status;G;EvacueeID;292;Triage Status;G;EvacueeID;299;Triage Status;G;EvacueeID;300;Triage Status;G;EvacueeID;302;Triage Status;G;EvacueeID;322;Triage Status;G;EvacueeID;323;Triage Status;G;EvacueeID;324;Triage Status;G;EvacueeID;325;Triage Status;G;EvacueeID;326;Triage Status;G;EvacueeID;327;Triage Status;G;EvacueeID;343;Triage Status;G;EvacueeID;344;Triage Status;G;EvacueeID;345;Triage Status;G;EvacueeID;350;Triage Status;G;EvacueeID;355;Triage Status;G;EvacueeID;356;Triage Status;G;EvacueeID;361;Triage Status;G;EvacueeID;362;Triage Status;G;EvacueeID;365;Triage Status;G;EvacueeID;366;Triage Status;G;EvacueeID;368;Triage Status;G;EvacueeID;369;Triage Status;G;EvacueeID;370;Triage Status;G;EvacueeID;371;Triage Status;G;EvacueeID;372;Triage Status;G;EvacueeID;385;Triage Status;G;EvacueeID;387;Triage Status;G;EvacueeID;388;Triage Status;G;EvacueeID;390;Triage Status;G;EvacueeID;391;Triage Status;G;EvacueeID;396;Triage Status;G;EvacueeID;397;Triage Status;G;EvacueeID;398;Triage Status;G;EvacueeID;400;Triage Status;G;EvacueeID;401;Triage Status;G;EvacueeID;403;Triage Status;G;EvacueeID;404;Triage Status;G;EvacueeID;410;Triage Status;G;EvacueeID;413;Triage Status;G;EvacueeID;416;Triage Status;G;EvacueeID;418;Triage Status;G;EvacueeID;435;Triage Status;G;EvacueeID;441;Triage Status;G;EvacueeID;442;Triage Status;G;EvacueeID;445;Triage Status;G;EvacueeID;447;Triage Status;G;EvacueeID;448;Triage Status;G;EvacueeID;452;Triage Status;G;EvacueeID;455;Triage Status;G;EvacueeID;456;Triage Status;G;EvacueeID;457;Triage Status;G;EvacueeID;458;Triage Status;G;EvacueeID;464;Triage Status;G;EvacueeID;465;Triage Status;G;EvacueeID;466;Triage Status;G;EvacueeID;469;Triage Status;G;EvacueeID;470;Triage Status;G;EvacueeID;474;Triage Status;G;EvacueeID;359;Triage Status;R;EvacueeID;394;Triage Status;R;EvacueeID;444;Triage Status;R;EvacueeID;293;Triage Status;R;EvacueeID;307;Triage Status;R;EvacueeID;374;Triage Status;R;EvacueeID;115;Triage Status;R;EvacueeID;347;Triage Status;R;EvacueeID;406;Triage Status;R;EvacueeID;182;Triage Status;Y;EvacueeID;230;Triage Status;Y;EvacueeID;419;Triage Status;Y;EvacueeID;30;Triage Status;Y;EvacueeID;172;Triage Status;Y;EvacueeID;331;Triage Status;Y;EvacueeID;135;Triage Status;Y;EvacueeID;171;Triage Status;Y;EvacueeID;225;Triage Status;Y;EvacueeID;152;Triage Status;Y;EvacueeID;256;Triage Status;Y;EvacueeID;352;Triage Status;Y;EvacueeID;258;Triage Status;Y;EvacueeID;328;Triage Status;R;EvacueeID;459;Triage Status;Y;EvacueeID;301;Triage Status;Y;EvacueeID;473;Triage Status;R;Lives Saved;176
3750,441,evacuee,outFOL,Evacuee 301 in triage category Y is not assigned a helicopter
3750,441,evacuee,,Evacuee;301;in triage state;Y;is at the FOL
3750,805,evacuee,outFOL,Evacuee 473 in triage category R is not assigned a helicopter
3750,805,evacuee,,Evacuee;473;in triage state;R;is at the FOL
3750,227,FOL,,;EvacueeID;4;Triage Status;G;EvacueeID;7;Triage Status;G;EvacueeID;10;Triage Status;G;EvacueeID;11;Triage Status;G;EvacueeID;13;Triage Status;G;EvacueeID;14;Triage Status;G;EvacueeID;15;Triage Status;G;EvacueeID;17;Triage Status;G;EvacueeID;18;Triage Status;G;EvacueeID;19;Triage Status;G;EvacueeID;23;Triage Status;G;EvacueeID;24;Triage Status;G;EvacueeID;26;Triage Status;G;EvacueeID;28;Triage Status;G;EvacueeID;29;Triage Status;G;EvacueeID;32;Triage Status;G;EvacueeID;37;Triage Status;G;EvacueeID;45;Triage Status;G;EvacueeID;48;Triage Status;G;EvacueeID;50;Triage Status;G;EvacueeID;54;Triage Status;G;EvacueeID;55;Triage Status;G;EvacueeID;58;Triage Status;G;EvacueeID;60;Triage Status;G;EvacueeID;65;Triage Status;G;EvacueeID;67;Triage Status;G;EvacueeID;73;Triage Status;G;EvacueeID;75;Triage Status;G;EvacueeID;77;Triage Status;G;EvacueeID;78;Triage Status;G;EvacueeID;82;Triage Status;G;EvacueeID;85;Triage Status;G;EvacueeID;95;Triage Status;G;EvacueeID;98;Triage Status;G;EvacueeID;99;Triage Status;G;EvacueeID;100;Triage Status;G;EvacueeID;101;Triage Status;G;EvacueeID;109;Triage Status;G;EvacueeID;112;Triage Status;G;EvacueeID;114;Triage Status;G;EvacueeID;123;Triage Status;G;EvacueeID;125;Triage Status;G;EvacueeID;126;Triage Status;G;EvacueeID;142;Triage Status;G;EvacueeID;144;Triage Status;G;EvacueeID;147;Triage Status;G;EvacueeID;153;Triage Status;G;EvacueeID;156;Triage Status;G;EvacueeID;158;Triage Status;G;EvacueeID;159;Triage Status;G;EvacueeID;161;Triage Status;G;EvacueeID;174;Triage Status;G;EvacueeID;177;Triage Status;G;EvacueeID;179;Triage Status;G;EvacueeID;181;Triage Status;G;EvacueeID;183;Triage Status;G;EvacueeID;184;Triage Status;G;EvacueeID;187;Triage Status;G;EvacueeID;190;Triage Status;G;EvacueeID;200;Triage Status;G;EvacueeID;201;Triage Status;G;EvacueeID;202;Triage Status;G;EvacueeID;203;Triage Status;G;EvacueeID;204;Triage Status;G;EvacueeID;205;Triage Status;G;EvacueeID;209;Triage Status;G;EvacueeID;212;Triage Status;G;EvacueeID;213;Triage Status;G;EvacueeID;215;Triage Status;G;EvacueeID;220;Triage Status;G;EvacueeID;226;Triage Status;G;EvacueeID;227;Triage Status;G;EvacueeID;232;Triage Status;G;EvacueeID;233;Triage Status;G;EvacueeID;234;Triage Status;G;EvacueeID;236;Triage Status;G;EvacueeID;241;Triage Status;G;EvacueeID;246;Triage Status;G;EvacueeID;255;Triage Status;G;EvacueeID;259;Triage Status;G;EvacueeID;260;Triage Status;G;EvacueeID;262;Triage Status;G;EvacueeID;263;Triage Status;G;EvacueeID;264;Triage Status;G;EvacueeID;267;Triage Status;G;EvacueeID;268;Triage Status;G;EvacueeID;270;Triage Status;G;EvacueeID;272;Triage Status;G;EvacueeID;275;Triage Status;G;EvacueeID;288;Triage Status;G;EvacueeID;290;Triage Status;G;EvacueeID;291;Triage Status;G;EvacueeID;292;Triage Status;G;EvacueeID;299;Triage Status;G;EvacueeID;300;Triage Status;G;EvacueeID;302;Triage Status;G;EvacueeID;322;Triage Status;G;EvacueeID;323;Triage Status;G;EvacueeID;324;Triage Status;G;EvacueeID;325;Triage Status;G;EvacueeID;326;Triage Status;G;EvacueeID;327;Triage Status;G;EvacueeID;343;Triage Status;G;EvacueeID;344;Triage Status;G;EvacueeID;345;Triage Status;G;EvacueeID;350;Triage Status;G;EvacueeID;355;Triage Status;G;EvacueeID;356;Triage Status;G;EvacueeID;361;Triage Status;G;EvacueeID;362;Triage Status;G;EvacueeID;365;Triage Status;G;EvacueeID;366;Triage Status;G;EvacueeID;368;Triage Status;G;EvacueeID;369;Triage Status;G;EvacueeID;370;Triage Status;G;EvacueeID;371;Triage Status;G;EvacueeID;372;Triage Status;G;EvacueeID;385;Triage Status;G;EvacueeID;387;Triage Status;G;EvacueeID;388;Triage Status;G;EvacueeID;390;Triage Status;G;EvacueeID;391;Triage Status;G;EvacueeID;396;Triage Status;G;EvacueeID;397;Triage Status;G;EvacueeID;398;Triage Status;G;EvacueeID;400;Triage Status;G;EvacueeID;401;Triage Status;G;EvacueeID;403;Triage Status;G;EvacueeID;404;Triage Status;G;EvacueeID;410;Triage Status;G;EvacueeID;413;Triage Status;G;EvacueeID;416;Triage Status;G;EvacueeID;418;Triage Status;G;EvacueeID;435;Triage Status;G;EvacueeID;441;Triage Status;G;EvacueeID;442;Triage Status;G;EvacueeID;445;Triage Status;G;EvacueeID;447;Triage Status;G;EvacueeID;448;Triage Status;G;EvacueeID;452;Triage Status;G;EvacueeID;455;Triage Status;G;EvacueeID;456;Triage Status;G;EvacueeID;457;Triage Status;G;EvacueeID;458;Triage Status;G;EvacueeID;464;Triage Status;G;EvacueeID;465;Triage Status;G;EvacueeID;466;Triage Status;G;EvacueeID;469;Triage Status;G;EvacueeID;470;Triage Status;G;EvacueeID;474;Triage Status;G;EvacueeID;359;Triage Status;R;EvacueeID;394;Triage Status;R;EvacueeID;444;Triage Status;R;EvacueeID;293;Triage Status;R;EvacueeID;307;Triage Status;R;EvacueeID;374;Triage Status;R;EvacueeID;115;Triage Status;R;EvacueeID;347;Triage Status;R;EvacueeID;406;Triage Status;R;EvacueeID;182;Triage Status;Y;EvacueeID;230;Triage Status;Y;EvacueeID;419;Triage Status;Y;EvacueeID;30;Triage Status;Y;EvacueeID;172;Triage Status;Y;EvacueeID;331;Triage Status;Y;EvacueeID;135;Triage Status;Y;EvacueeID;171;Triage Status;Y;EvacueeID;225;Triage Status;Y;EvacueeID;152;Triage Status;Y;EvacueeID;256;Triage Status;Y;EvacueeID;352;Triage Status;Y;EvacueeID;258;Triage Status;Y;EvacueeID;328;Triage Status;R;EvacueeID;459;Triage Status;Y;EvacueeID;301;Triage Status;Y;EvacueeID;473;Triage Status;R;Lives Saved;176
3780,5,helicopterQueue,,1;Helos are waiting to land;HeloID;1
3780,1173,helicopter,outES,Helicopter 1 is evacuating people1
3780,1173,helicopter,,Helicopter;1;is waiting to land at the evacuation site;;and has;0;spots taken
3780,5,helicopterQueue,outHelo,Helicopter 1 has stopped
3780,5,helicopterQueue,,;No helos are waiting to land
3780,8,filterES,,
3780,108,filterES,,
3780,293,filterES,,
3780,573,filterES,,
3780,1132,filterES,,
3780,1172,filterES,,Helicopter;1;has stopped
3780,1172,filterES,out,Helicopter 1 has stopped
3780,1172,filterES,,
3780,1173,helicopter,,Helicopter;1;is waiting to land at the evacuation site;;and has;0;spots taken
3780,1173,helicopter,,Helicopter;1;is returning to the FOL;;and has;0;spots taken
3795,5,helicopterQueue,,1;Helos are waiting to land;HeloID;4
3795,109,helicopter,,Helicopter;3;is unloading people at the FOL;;and has;0;spots taken
3795,294,helicopter,outES,Helicopter 4 is evacuating people4
3795,294,helicopter,,Helicopter;4;is waiting to land at the evacuation site;;and has;0;spots taken
3795,5,helicopterQueue,outHelo,Helicopter 4 has stopped
3795,5,helicopterQueue,,;No helos are waiting to land
3795,8,filterES,,
3795,108,filterES,,
3795,293,filterES,,Helicopter;4;has stopped
3795,573,filterES,,
3795,1132,filterES,,
3795,1172,filterES,,
3795,293,filterES,out,Helicopter 4 has stopped
3795,293,filterES,,
3795,294,helicopter,,Helicopter;4;is waiting to land at the evacuation site;;and has;0;spots taken
3795,294,helicopter,,Helicopter;4;is returning to the FOL;;and has;0;spots taken
3810,9,helicopter,,Helicopter;6;is unloading people at the FOL;;and has;0;spots taken
3855,1173,helicopter,,Helicopter;1;is unloading people at the FOL;;and has;0;spots taken
3870,294,helicopter,,Helicopter;4;is unloading people at the FOL;;and has;0;spots taken
8700,2,coastGuardShip,,There are no more evacuees.
8700,2,coastGuardShip,,There are no more evacuees.
8700,3,evacueeManager,,OFF SHIP: White;0;Green;0;Yellow;0;Red;0;Black;324;ON SHIP: White;0;Green;0;Yellow;0;Red;0;Evacuees to Transfer;
8700,4,helipadManager,,;No helos are at ES;Stopped evacuating people
8700,5,helicopterQueue,,;No helos are waiting to land
8700,7,filterEvac,,
8700,8,filterES,,
8700,9,helicopter,,Helicopter;6;is unloading people at the FOL;;and has;0;spots taken
8700,11,filterLoc,,
8700,12,evacuee,,Evacuee;501;in triage state;B;is at the evacuation site
8700,14,filterLoc,,
8700,15,evacuee,,Evacuee;500;in triage state;B;is at the evacuation site
8700,17,filterLoc,,
8700,18,evacuee,,Evacuee;494;in triage state;B;is at the evacuation site
8700,20,filterLoc,,
8700,21,evacuee,,Evacuee;492;in triage state;B;is at the evacuation site
8700,23,filterLoc,,
8700,24,evacuee,,Evacuee;489;in triage state;B;is at the evacuation site
8700,26,filterLoc,,
8700,27,evacuee,,Evacuee;486;in triage state;B;is at the evacuation site
8700,29,filterLoc,,
8700,30,evacuee,,Evacuee;484;in triage state;B;is at the evacuation site
8700,32,filterLoc,,
8700,33,evacuee,,Evacuee;483;in triage state;B;is at the evacuation site
8700,35,filterLoc,,
8700,36,evacuee,,Evacuee;482;in triage state;B;is at the evacuation site
8700,38,filterLoc,,
8700,39,evacuee,,Evacuee;499;in triage state;B;is at the evacuation site
8700,41,filterLoc,,
8700,42,evacuee,,Evacuee;479;in triage state;B;is at the evacuation site
8700,44,filterLoc,,
8700,45,evacuee,,Evacuee;478;in triage state;B;is at the evacuation site
8700,47,filterLoc,,
8700,48,evacuee,,Evacuee;476;in triage state;B;is at the evacuation site
8700,50,filterLoc,,
8700,51,evacuee,,Evacuee;475;in triage state;B;is at the evacuation site
8700,53,filterLoc,,
8700,54,evacuee,,Evacuee;472;in triage state;B;is at the evacuation site
8700,56,filterLoc,,
8700,57,evacuee,,Evacuee;471;in triage state;B;is at the evacuation site
8700,59,filterLoc,,
8700,60,evacuee,,Evacuee;468;in triage state;B;is at the evacuation site
8700,62,filterLoc,,
8700,63,evacuee,,Evacuee;463;in triage state;B;is at the evacuation site
8700,65,filterLoc,,
8700,66,evacuee,,Evacuee;462;in triage state;B;is at the evacuation site
8700,68,filterLoc,,
8700,69,evacuee,,Evacuee;461;in triage state;B;is at the evacuation site
8700,71,filterLoc,,
8700,72,evacuee,,Evacuee;459;in triage state;Y;is at the FOL
8700,74,filterLoc,,
8700,75,evacuee,,Evacuee;495;in triage state;B;is at the evacuation site
8700,77,filterLoc,,
8700,78,evacuee,,Evacuee;458;in triage state;G;is at the FOL
8700,80,filterLoc,,
8700,81,evacuee,,Evacuee;456;in triage state;G;is at the FOL
8700,83,filterLoc,,
8700,84,evacuee,,Evacuee;455;in triage state;G;is at the FOL
8700,86,filterLoc,,
8700,87,evacuee,,Evacuee;448;in triage state;G;is at the FOL
8700,89,filterLoc,,
8700,90,evacuee,,Evacuee;445;in triage state;G;is at the FOL
8700,92,filterLoc,,
8700,93,evacuee,,Evacuee;442;in triage state;G;is at the FOL
8700,95,filterLoc,,
8700,96,evacuee,,Evacuee;441;in triage state;G;is at the FOL
8700,98,filterLoc,,
8700,99,evacuee,,Evacuee;439;in triage state;B;is at the evacuation site
8700,101,filterLoc,,
8700,102,evacuee,,Evacuee;437;in triage state;B;is at the evacuation site
8700,104,filterLoc,,
8700,105,evacuee,,Evacuee;436;in triage state;B;is at the evacuation site
8700,107,filterEvac,,
8700,108,filterES,,
8700,109,helicopter,,Helicopter;3;is unloading people at the FOL;;and has;0;spots taken
8700,111,filterLoc,,
8700,112,evacuee,,Evacuee;434;in triage state;B;is at the evacuation site
8700,114,filterLoc,,
8700,115,evacuee,,Evacuee;433;in triage state;B;is at the evacuation site
8700,117,filterLoc,,
8700,118,evacuee,,Evacuee;428;in triage state;B;is at the evacuation site
8700,120,filterLoc,,
8700,121,evacuee,,Evacuee;426;in triage state;B;is at the evacuation site
8700,123,filterLoc,,
8700,124,evacuee,,Evacuee;423;in triage state;B;is at the evacuation site
8700,126,filterLoc,,
8700,127,evacuee,,Evacuee;420;in triage state;B;is at the evacuation site
8700,129,filterLoc,,
8700,130,evacuee,,Evacuee;419;in triage state;Y;is at the FOL
8700,132,filterLoc,,
8700,133,evacuee,,Evacuee;414;in triage state;B;is at the evacuation site
8700,135,filterLoc,,
8700,136,evacuee,,Evacuee;411;in triage state;B;is at the evacuation site
8700,138,filterLoc,,
8700,139,evacuee,,Evacuee;422;in triage state;B;is at the evacuation site
8700,141,filterLoc,,
8700,142,evacuee,,Evacuee;409;in triage state;B;is at the evacuation site
8700,144,filterLoc,,
8700,145,evacuee,,Evacuee;408;in triage state;B;is at the evacuation site
8700,147,filterLoc,,
8700,148,evacuee,,Evacuee;406;in triage state;R;is at the FOL
8700,150,filterLoc,,
8700,151,evacuee,,Evacuee;404;in triage state;G;is at the FOL
8700,153,filterLoc,,
8700,154,evacuee,,Evacuee;403;in triage state;G;is at the FOL
8700,156,filterLoc,,
8700,157,evacuee,,Evacuee;401;in triage state;G;is at the FOL
8700,159,filterLoc,,
8700,160,evacuee,,Evacuee;398;in triage state;G;is at the FOL
8700,162,filterLoc,,
8700,163,evacuee,,Evacuee;397;in triage state;G;is at the FOL
8700,165,filterLoc,,
8700,166,evacuee,,Evacuee;452;in triage state;G;is at the FOL
8700,168,filterLoc,,
8700,169,evacuee,,Evacuee;396;in triage state;G;is at the FOL
8700,171,filterLoc,,
8700,172,evacuee,,Evacuee;395;in triage state;B;is at the evacuation site
8700,174,filterLoc,,
8700,175,evacuee,,Evacuee;393;in triage state;B;is at the evacuation site
8700,177,filterLoc,,
8700,178,evacuee,,Evacuee;392;in triage state;B;is at the evacuation site
8700,180,filterLoc,,
8700,181,evacuee,,Evacuee;389;in triage state;B;is at the evacuation site
8700,183,filterLoc,,
8700,184,evacuee,,Evacuee;384;in triage state;B;is at the evacuation site
8700,186,filterLoc,,
8700,187,evacuee,,Evacuee;430;in triage state;B;is at the evacuation site
8700,189,filterLoc,,
8700,190,evacuee,,Evacuee;383;in triage state;B;is at the evacuation site
8700,192,filterLoc,,
8700,193,evacuee,,Evacuee;480;in triage state;B;is at the evacuation site
8700,195,filterLoc,,
8700,196,evacuee,,Evacuee;382;in triage state;B;is at the evacuation site
8700,198,filterLoc,,
8700,199,evacuee,,Evacuee;381;in triage state;B;is at the evacuation site
8700,201,filterLoc,,
8700,202,evacuee,,Evacuee;427;in triage state;B;is at the evacuation site
8700,204,filterLoc,,
8700,205,evacuee,,Evacuee;380;in triage state;B;is at the evacuation site
8700,207,filterLoc,,
8700,208,evacuee,,Evacuee;379;in triage state;B;is at the evacuation site
8700,210,filterLoc,,
8700,211,evacuee,,Evacuee;378;in triage state;B;is at the evacuation site
8700,213,filterLoc,,
8700,214,evacuee,,Evacuee;377;in triage state;B;is at the evacuation site
8700,216,filterLoc,,
8700,217,evacuee,,Evacuee;375;in triage state;B;is at the evacuation site
8700,219,filterLoc,,
8700,220,evacuee,,Evacuee;374;in triage state;R;is at the FOL
8700,222,filterLoc,,
8700,223,evacuee,,Evacuee;372;in triage state;G;is at the FOL
8700,225,filterLoc,,
8700,226,evacuee,,Evacuee;371;in triage state;G;is at the FOL
8700,227,FOL,,;EvacueeID;4;Triage Status;G;EvacueeID;7;Triage Status;G;EvacueeID;10;Triage Status;G;EvacueeID;11;Triage Status;G;EvacueeID;13;Triage Status;G;EvacueeID;14;Triage Status;G;EvacueeID;15;Triage Status;G;EvacueeID;17;Triage Status;G;EvacueeID;18;Triage Status;G;EvacueeID;19;Triage Status;G;EvacueeID;23;Triage Status;G;EvacueeID;24;Triage Status;G;EvacueeID;26;Triage Status;G;EvacueeID;28;Triage Status;G;EvacueeID;29;Triage Status;G;EvacueeID;32;Triage Status;G;EvacueeID;37;Triage Status;G;EvacueeID;45;Triage Status;G;EvacueeID;48;Triage Status;G;EvacueeID;50;Triage Status;G;EvacueeID;54;Triage Status;G;EvacueeID;55;Triage Status;G;EvacueeID;58;Triage Status;G;EvacueeID;60;Triage Status;G;EvacueeID;65;Triage Status;G;EvacueeID;67;Triage Status;G;EvacueeID;73;Triage Status;G;EvacueeID;75;Triage Status;G;EvacueeID;77;Triage Status;G;EvacueeID;78;Triage Status;G;EvacueeID;82;Triage Status;G;EvacueeID;85;Triage Status;G;EvacueeID;95;Triage Status;G;EvacueeID;98;Triage Status;G;EvacueeID;99;Triage Status;G;EvacueeID;100;Triage Status;G;EvacueeID;101;Triage Status;G;EvacueeID;109;Triage Status;G;EvacueeID;112;Triage Status;G;EvacueeID;114;Triage Status;G;EvacueeID;123;Triage Status;G;EvacueeID;125;Triage Status;G;EvacueeID;126;Triage Status;G;EvacueeID;142;Triage Status;G;EvacueeID;144;Triage Status;G;EvacueeID;147;Triage Status;G;EvacueeID;153;Triage Status;G;EvacueeID;156;Triage Status;G;EvacueeID;158;Triage Status;G;EvacueeID;159;Triage Status;G;EvacueeID;161;Triage Status;G;EvacueeID;174;Triage Status;G;EvacueeID;177;Triage Status;G;EvacueeID;179;Triage Status;G;EvacueeID;181;Triage Status;G;EvacueeID;183;Triage Status;G;EvacueeID;184;Triage Status;G;EvacueeID;187;Triage Status;G;EvacueeID;190;Triage Status;G;EvacueeID;200;Triage Status;G;EvacueeID;201;Triage Status;G;EvacueeID;202;Triage Status;G;EvacueeID;203;Triage Status;G;EvacueeID;204;Triage Status;G;EvacueeID;205;Triage Status;G;EvacueeID;209;Triage Status;G;EvacueeID;212;Triage Status;G;EvacueeID;213;Triage Status;G;EvacueeID;215;Triage Status;G;EvacueeID;220;Triage Status;G;EvacueeID;226;Triage Status;G;EvacueeID;227;Triage Status;G;EvacueeID;232;Triage Status;G;EvacueeID;233;Triage Status;G;EvacueeID;234;Triage Status;G;EvacueeID;236;Triage Status;G;EvacueeID;241;Triage Status;G;EvacueeID;246;Triage Status;G;EvacueeID;255;Triage Status;G;EvacueeID;259;Triage Status;G;EvacueeID;260;Triage Status;G;EvacueeID;262;Triage Status;G;EvacueeID;263;Triage Status;G;EvacueeID;264;Triage Status;G;EvacueeID;267;Triage Status;G;EvacueeID;268;Triage Status;G;EvacueeID;270;Triage Status;G;EvacueeID;272;Triage Status;G;EvacueeID;275;Triage Status;G;EvacueeID;288;Triage Status;G;EvacueeID;290;Triage Status;G;EvacueeID;291;Triage Status;G;EvacueeID;292;Triage Status;G;EvacueeID;299;Triage Status;G;EvacueeID;300;Triage Status;G;EvacueeID;302;Triage Status;G;EvacueeID;322;Triage Status;G;EvacueeID;323;Triage Status;G;EvacueeID;324;Triage Status;G;EvacueeID;325;Triage Status;G;EvacueeID;326;Triage Status;G;EvacueeID;327;Triage Status;G;EvacueeID;343;Triage Status;G;EvacueeID;344;Triage Status;G;EvacueeID;345;Triage Status;G;EvacueeID;350;Triage Status;G;EvacueeID;355;Triage Status;G;EvacueeID;356;Triage Status;G;EvacueeID;361;Triage Status;G;EvacueeID;362;Triage Status;G;EvacueeID;365;Triage Status;G;EvacueeID;366;Triage Status;G;EvacueeID;368;Triage Status;G;EvacueeID;369;Triage Status;G;EvacueeID;370;Triage Status;G;EvacueeID;371;Triage Status;G;EvacueeID;372;Triage Status;G;EvacueeID;385;Triage Status;G;EvacueeID;387;Triage Status;G;EvacueeID;388;Triage Status;G;EvacueeID;390;Triage Status;G;EvacueeID;391;Triage Status;G;EvacueeID;396;Triage Status;G;EvacueeID;397;Triage Status;G;EvacueeID;398;Triage Status;G;EvacueeID;400;Triage Status;G;EvacueeID;401;Triage Status;G;EvacueeID;403;Triage Status;G;EvacueeID;404;Triage Status;G;EvacueeID;410;Triage Status;G;EvacueeID;413;Triage Status;G;EvacueeID;416;Triage Status;G;EvacueeID;418;Triage Status;G;EvacueeID;435;Triage Status;G;EvacueeID;441;Triage Status;G;EvacueeID;442;Triage Status;G;EvacueeID;445;Triage Status;G;EvacueeID;447;Triage Status;G;EvacueeID;448;Triage Status;G;EvacueeID;452;Triage Status;G;EvacueeID;455;Triage Status;G;EvacueeID;456;Triage Status;G;EvacueeID;457;Triage Status;G;EvacueeID;458;Triage Status;G;EvacueeID;464;Triage Status;G;EvacueeID;465;Triage Status;G;EvacueeID;466;Triage Status;G;EvacueeID;469;Triage Status;G;EvacueeID;470;Triage Status;G;EvacueeID;474;Triage Status;G;EvacueeID;359;Triage Status;R;EvacueeID;394;Triage Status;R;EvacueeID;444;Triage Status;R;EvacueeID;293;Triage Status;R;EvacueeID;307;Triage Status;R;EvacueeID;374;Triage Status;R;EvacueeID;115;Triage Status;R;EvacueeID;347;Triage Status;R;EvacueeID;406;Triage Status;R;EvacueeID;182;Triage Status;Y;EvacueeID;230;Triage Status;Y;EvacueeID;419;Triage Status;Y;EvacueeID;30;Triage Status;Y;EvacueeID;172;Triage Status;Y;EvacueeID;331;Triage Status;Y;EvacueeID;135;Triage Status;Y;EvacueeID;171;Triage Status;Y;EvacueeID;225;Triage Status;Y;EvacueeID;152;Triage Status;Y;EvacueeID;256;Triage Status;Y;EvacueeID;352;Triage Status;Y;EvacueeID;258;Triage Status;Y;EvacueeID;328;Triage Status;R;EvacueeID;459;Triage Status;Y;EvacueeID;301;Triage Status;Y;EvacueeID;473;Triage Status;R;Lives Saved;176
8700,229,filterLoc,,
8700,230,evacuee,,Evacuee;370;in triage state;G;is at the FOL
8700,232,filterLoc,,
8700,233,evacuee,,Evacuee;457;in triage state;G;is at the FOL
8700,235,filterLoc,,
8700,236,evacuee,,Evacuee;369;in triage state;G;is at the FOL
8700,238,filterLoc,,
8700,239,evacuee,,Evacuee;366;in triage state;G;is at the FOL
8700,241,filterLoc,,
8700,242,evacuee,,Evacuee;362;in triage state;G;is at the FOL
8700,244,filterLoc,,
8700,245,evacuee,,Evacuee;425;in triage state;B;is at the evacuation site
8700,247,filterLoc,,
8700,248,evacuee,,Evacuee;360;in triage state;B;is at the evacuation site
8700,250,filterLoc,,
8700,251,evacuee,,Evacuee;357;in triage state;B;is at the evacuation site
8700,253,filterLoc,,
8700,254,evacuee,,Evacuee;354;in triage state;B;is at the evacuation site
8700,256,filterLoc,,
8700,257,evacuee,,Evacuee;353;in triage state;B;is at the evacuation site
8700,259,filterLoc,,
8700,260,evacuee,,Evacuee;351;in triage state;B;is at the evacuation site
8700,262,filterLoc,,
8700,263,evacuee,,Evacuee;349;in triage state;B;is at the evacuation site
8700,265,filterLoc,,
8700,266,evacuee,,Evacuee;348;in triage state;B;is at the evacuation site
8700,268,filterLoc,,
8700,269,evacuee,,Evacuee;346;in triage state;B;is at the evacuation site
8700,271,filterLoc,,
8700,272,evacuee,,Evacuee;341;in triage state;B;is at the evacuation site
8700,274,filterLoc,,
8700,275,evacuee,,Evacuee;340;in triage state;B;is at the evacuation site
8700,277,filterLoc,,
8700,278,evacuee,,Evacuee;338;in triage state;B;is at the evacuation site
8700,280,filterLoc,,
8700,281,evacuee,,Evacuee;335;in triage state;B;is at the evacuation site
8700,283,filterLoc,,
8700,284,evacuee,,Evacuee;331;in triage state;Y;is at the FOL
8700,286,filterLoc,,
8700,287,evacuee,,Evacuee;503;in triage state;B;is at the evacuation site
8700,289,filterLoc,,
8700,290,evacuee,,Evacuee;330;in triage state;B;is at the evacuation site
8700,292,filterEvac,,
8700,293,filterES,,
8700,294,helicopter,,Helicopter;4;is unloading people at the FOL;;and has;0;spots taken
8700,296,filterLoc,,
8700,297,evacuee,,Evacuee;328;in triage state;R;is at the FOL
8700,299,filterLoc,,
8700,300,evacuee,,Evacuee;327;in triage state;G;is at the FOL
8700,302,filterLoc,,
8700,303,evacuee,,Evacuee;410;in triage state;G;is at the FOL
8700,305,filterLoc,,
8700,306,evacuee,,Evacuee;326;in triage state;G;is at the FOL
8700,308,filterLoc,,
8700,309,evacuee,,Evacuee;466;in triage state;G;is at the FOL
8700,311,filterLoc,,
8700,312,evacuee,,Evacuee;325;in triage state;G;is at the FOL
8700,314,filterLoc,,
8700,315,evacuee,,Evacuee;365;in triage state;G;is at the FOL
8700,317,filterLoc,,
8700,318,evacuee,,Evacuee;322;in triage state;G;is at the FOL
8700,320,filterLoc,,
8700,321,evacuee,,Evacuee;321;in triage state;B;is at the evacuation site
8700,323,filterLoc,,
8700,324,evacuee,,Evacuee;319;in triage state;B;is at the evacuation site
8700,326,filterLoc,,
8700,327,evacuee,,Evacuee;318;in triage state;B;is at the evacuation site
8700,329,filterLoc,,
8700,330,evacuee,,Evacuee;317;in triage state;B;is at the evacuation site
8700,332,filterLoc,,
8700,333,evacuee,,Evacuee;460;in triage state;B;is at the evacuation site
8700,335,filterLoc,,
8700,336,evacuee,,Evacuee;316;in triage state;B;is at the evacuation site
8700,338,filterLoc,,
8700,339,evacuee,,Evacuee;446;in triage state;B;is at the evacuation site
8700,341,filterLoc,,
8700,342,evacuee,,Evacuee;313;in triage state;B;is at the evacuation site
8700,344,filterLoc,,
8700,345,evacuee,,Evacuee;443;in triage state;B;is at the evacuation site
8700,347,filterLoc,,
8700,348,evacuee,,Evacuee;312;in triage state;B;is at the evacuation site
8700,350,filterLoc,,
8700,351,evacuee,,Evacuee;309;in triage state;B;is at the evacuation site
8700,353,filterLoc,,
8700,354,evacuee,,Evacuee;306;in triage state;B;is at the evacuation site
8700,356,filterLoc,,
8700,357,evacuee,,Evacuee;305;in triage state;B;is at the evacuation site
8700,359,filterLoc,,
8700,360,evacuee,,Evacuee;303;in triage state;B;is at the evacuation site
8700,362,filterLoc,,
8700,363,evacuee,,Evacuee;295;in triage state;B;is at the evacuation site
8700,365,filterLoc,,
8700,366,evacuee,,Evacuee;352;in triage state;Y;is at the FOL
8700,368,filterLoc,,
8700,369,evacuee,,Evacuee;293;in triage state;R;is at the FOL
8700,371,filterLoc,,
8700,372,evacuee,,Evacuee;488;in triage state;B;is at the evacuation site
8700,374,filterLoc,,
8700,375,evacuee,,Evacuee;413;in triage state;G;is at the FOL
8700,377,filterLoc,,
8700,378,evacuee,,Evacuee;292;in triage state;G;is at the FOL
8700,380,filterLoc,,
8700,381,evacuee,,Evacuee;291;in triage state;G;is at the FOL
8700,383,filterLoc,,
8700,384,evacuee,,Evacuee;290;in triage state;G;is at the FOL
8700,386,filterLoc,,
8700,387,evacuee,,Evacuee;350;in triage state;G;is at the FOL
8700,389,filterLoc,,
8700,390,evacuee,,Evacuee;288;in triage state;G;is at the FOL
8700,392,filterLoc,,
8700,393,evacuee,,Evacuee;287;in triage state;B;is at the evacuation site
8700,395,filterLoc,,
8700,396,evacuee,,Evacuee;415;in triage state;B;is at the evacuation site
8700,398,filterLoc,,
8700,399,evacuee,,Evacuee;376;in triage state;B;is at the evacuation site
8700,401,filterLoc,,
8700,402,evacuee,,Evacuee;284;in triage state;B;is at the evacuation site
8700,404,filterLoc,,
8700,405,evacuee,,Evacuee;283;in triage state;B;is at the evacuation site
8700,407,filterLoc,,
8700,408,evacuee,,Evacuee;282;in triage state;B;is at the evacuation site
8700,410,filterLoc,,
8700,411,evacuee,,Evacuee;281;in triage state;B;is at the evacuation site
8700,413,filterLoc,,
8700,414,evacuee,,Evacuee;280;in triage state;B;is at the evacuation site
8700,416,filterLoc,,
8700,417,evacuee,,Evacuee;333;in triage state;B;is at the evacuation site
8700,419,filterLoc,,
8700,420,evacuee,,Evacuee;279;in triage state;B;is at the evacuation site
8700,422,filterLoc,,
8700,423,evacuee,,Evacuee;278;in triage state;B;is at the evacuation site
8700,425,filterLoc,,
8700,426,evacuee,,Evacuee;277;in triage state;B;is at the evacuation site
8700,428,filterLoc,,
8700,429,evacuee,,Evacuee;315;in triage state;B;is at the evacuation site
8700,431,filterLoc,,
8700,432,evacuee,,Evacuee;274;in triage state;B;is at the evacuation site
8700,434,filterLoc,,
8700,435,evacuee,,Evacuee;273;in triage state;B;is at the evacuation site
8700,437,filterLoc,,
8700,438,evacuee,,Evacuee;337;in triage state;B;is at the evacuation site
8700,440,filterLoc,,
8700,441,evacuee,,Evacuee;301;in triage state;Y;is at the FOL
8700,443,filterLoc,,
8700,444,evacuee,,Evacuee;272;in triage state;G;is at the FOL
8700,446,filterLoc,,
8700,447,evacuee,,Evacuee;270;in triage state;G;is at the FOL
8700,449,filterLoc,,
8700,450,evacuee,,Evacuee;264;in triage state;G;is at the FOL
8700,452,filterLoc,,
8700,453,evacuee,,Evacuee;262;in triage state;G;is at the FOL
8700,455,filterLoc,,
8700,456,evacuee,,Evacuee;260;in triage state;G;is at the FOL
8700,458,filterLoc,,
8700,459,evacuee,,Evacuee;259;in triage state;G;is at the FOL
8700,461,filterLoc,,
8700,462,evacuee,,Evacuee;125;in triage state;G;is at the FOL
8700,464,filterLoc,,
8700,465,evacuee,,Evacuee;114;in triage state;G;is at the FOL
8700,467,filterLoc,,
8700,468,evacuee,,Evacuee;289;in triage state;B;is at the evacuation site
8700,470,filterLoc,,
8700,471,evacuee,,Evacuee;88;in triage state;B;is at the evacuation site
8700,473,filterLoc,,
8700,474,evacuee,,Evacuee;449;in triage state;B;is at the evacuation site
8700,476,filterLoc,,
8700,477,evacuee,,Evacuee;122;in triage state;B;is at the evacuation site
8700,479,filterLoc,,
8700,480,evacuee,,Evacuee;108;in triage state;B;is at the evacuation site
8700,482,filterLoc,,
8700,483,evacuee,,Evacuee;276;in triage state;B;is at the evacuation site
8700,485,filterLoc,,
8700,486,evacuee,,Evacuee;121;in triage state;B;is at the evacuation site
8700,488,filterLoc,,
8700,489,evacuee,,Evacuee;386;in triage state;B;is at the evacuation site
8700,491,filterLoc,,
8700,492,evacuee,,Evacuee;117;in triage state;B;is at the evacuation site
8700,494,filterLoc,,
8700,495,evacuee,,Evacuee;192;in triage state;B;is at the evacuation site
8700,497,filterLoc,,
8700,498,evacuee,,Evacuee;432;in triage state;B;is at the evacuation site
8700,500,filterLoc,,
8700,501,evacuee,,Evacuee;245;in triage state;B;is at the evacuation site
8700,503,filterLoc,,
8700,504,evacuee,,Evacuee;310;in triage state;B;is at the evacuation site
8700,506,filterLoc,,
8700,507,evacuee,,Evacuee;118;in triage state;B;is at the evacuation site
8700,509,filterLoc,,
8700,510,evacuee,,Evacuee;502;in triage state;B;is at the evacuation site
8700,512,filterLoc,,
8700,513,evacuee,,Evacuee;491;in triage state;B;is at the evacuation site
8700,515,filterLoc,,
8700,516,evacuee,,Evacuee;470;in triage state;G;is at the FOL
8700,518,filterLoc,,
8700,519,evacuee,,Evacuee;469;in triage state;G;is at the FOL
8700,521,filterLoc,,
8700,522,evacuee,,Evacuee;215;in triage state;G;is at the FOL
8700,524,filterLoc,,
8700,525,evacuee,,Evacuee;345;in triage state;G;is at the FOL
8700,527,filterLoc,,
8700,528,evacuee,,Evacuee;302;in triage state;G;is at the FOL
8700,530,filterLoc,,
8700,531,evacuee,,Evacuee;112;in triage state;G;is at the FOL
8700,533,filterLoc,,
8700,534,evacuee,,Evacuee;299;in triage state;G;is at the FOL
8700,536,filterLoc,,
8700,537,evacuee,,Evacuee;109;in triage state;G;is at the FOL
8700,539,filterLoc,,
8700,540,evacuee,,Evacuee;373;in triage state;B;is at the evacuation site
8700,542,filterLoc,,
8700,543,evacuee,,Evacuee;358;in triage state;B;is at the evacuation site
8700,545,filterLoc,,
8700,546,evacuee,,Evacuee;188;in triage state;B;is at the evacuation site
8700,548,filterLoc,,
8700,549,evacuee,,Evacuee;106;in triage state;B;is at the evacuation site
8700,551,filterLoc,,
8700,552,evacuee,,Evacuee;311;in triage state;B;is at the evacuation site
8700,554,filterLoc,,
8700,555,evacuee,,Evacuee;148;in triage state;B;is at the evacuation site
8700,557,filterLoc,,
8700,558,evacuee,,Evacuee;235;in triage state;B;is at the evacuation site
8700,560,filterLoc,,
8700,561,evacuee,,Evacuee;105;in triage state;B;is at the evacuation site
8700,563,filterLoc,,
8700,564,evacuee,,Evacuee;424;in triage state;B;is at the evacuation site
8700,566,filterLoc,,
8700,567,evacuee,,Evacuee;269;in triage state;B;is at the evacuation site
8700,569,filterLoc,,
8700,570,evacuee,,Evacuee;103;in triage state;B;is at the evacuation site
8700,572,filterEvac,,
8700,573,filterES,,
8700,574,helicopter,,Helicopter;5;is unloading people at the FOL;;and has;0;spots taken
8700,576,filterLoc,,
8700,577,evacuee,,Evacuee;124;in triage state;B;is at the evacuation site
8700,579,filterLoc,,
8700,580,evacuee,,Evacuee;111;in triage state;B;is at the evacuation site
8700,582,filterLoc,,
8700,583,evacuee,,Evacuee;39;in triage state;B;is at the evacuation site
8700,585,filterLoc,,
8700,586,evacuee,,Evacuee;228;in triage state;B;is at the evacuation site
8700,588,filterLoc,,
8700,589,evacuee,,Evacuee;497;in triage state;B;is at the evacuation site
8700,591,filterLoc,,
8700,592,evacuee,,Evacuee;101;in triage state;G;is at the FOL
8700,594,filterLoc,,
8700,595,evacuee,,Evacuee;142;in triage state;G;is at the FOL
8700,597,filterLoc,,
8700,598,evacuee,,Evacuee;99;in triage state;G;is at the FOL
8700,600,filterLoc,,
8700,601,evacuee,,Evacuee;485;in triage state;B;is at the evacuation site
8700,603,filterLoc,,
8700,604,evacuee,,Evacuee;324;in triage state;G;is at the FOL
8700,606,filterLoc,,
8700,607,evacuee,,Evacuee;95;in triage state;G;is at the FOL
8700,609,filterLoc,,
8700,610,evacuee,,Evacuee;447;in triage state;G;is at the FOL
8700,612,filterLoc,,
8700,613,evacuee,,Evacuee;361;in triage state;G;is at the FOL
8700,615,filterLoc,,
8700,616,evacuee,,Evacuee;342;in triage state;B;is at the evacuation site
8700,618,filterLoc,,
8700,619,evacuee,,Evacuee;93;in triage state;B;is at the evacuation site
8700,621,filterLoc,,
8700,622,evacuee,,Evacuee;136;in triage state;B;is at the evacuation site
8700,624,filterLoc,,
8700,625,evacuee,,Evacuee;412;in triage state;B;is at the evacuation site
8700,627,filterLoc,,
8700,628,evacuee,,Evacuee;90;in triage state;B;is at the evacuation site
8700,630,filterLoc,,
8700,631,evacuee,,Evacuee;83;in triage state;B;is at the evacuation site
8700,633,filterLoc,,
8700,634,evacuee,,Evacuee;127;in triage state;B;is at the evacuation site
8700,636,filterLoc,,
8700,637,evacuee,,Evacuee;49;in triage state;B;is at the evacuation site
8700,639,filterLoc,,
8700,640,evacuee,,Evacuee;87;in triage state;B;is at the evacuation site
8700,642,filterLoc,,
8700,643,evacuee,,Evacuee;297;in triage state;B;is at the evacuation site
8700,645,filterLoc,,
8700,646,evacuee,,Evacuee;86;in triage state;B;is at the evacuation site
8700,648,filterLoc,,
8700,649,evacuee,,Evacuee;51;in triage state;B;is at the evacuation site
8700,651,filterLoc,,
8700,652,evacuee,,Evacuee;444;in triage state;R;is at the FOL
8700,654,filterLoc,,
8700,655,evacuee,,Evacuee;80;in triage state;B;is at the evacuation site
8700,657,filterLoc,,
8700,658,evacuee,,Evacuee;79;in triage state;B;is at the evacuation site
8700,660,filterLoc,,
8700,661,evacuee,,Evacuee;115;in triage state;R;is at the FOL
8700,663,filterLoc,,
8700,664,evacuee,,Evacuee;98;in triage state;G;is at the FOL
8700,666,filterLoc,,
8700,667,evacuee,,Evacuee;356;in triage state;G;is at the FOL
8700,669,filterLoc,,
8700,670,evacuee,,Evacuee;78;in triage state;G;is at the FOL
8700,672,filterLoc,,
8700,673,evacuee,,Evacuee;213;in triage state;G;is at the FOL
8700,675,filterLoc,,
8700,676,evacuee,,Evacuee;344;in triage state;G;is at the FOL
8700,678,filterLoc,,
8700,679,evacuee,,Evacuee;77;in triage state;G;is at the FOL
8700,681,filterLoc,,
8700,682,evacuee,,Evacuee;156;in triage state;G;is at the FOL
8700,684,filterLoc,,
8700,685,evacuee,,Evacuee;300;in triage state;G;is at the FOL
8700,687,filterLoc,,
8700,688,evacuee,,Evacuee;165;in triage state;B;is at the evacuation site
8700,690,filterLoc,,
8700,691,evacuee,,Evacuee;454;in triage state;B;is at the evacuation site
8700,693,filterLoc,,
8700,694,evacuee,,Evacuee;440;in triage state;B;is at the evacuation site
8700,696,filterLoc,,
8700,697,evacuee,,Evacuee;76;in triage state;B;is at the evacuation site
8700,699,filterLoc,,
8700,700,evacuee,,Evacuee;431;in triage state;B;is at the evacuation site
8700,702,filterLoc,,
8700,703,evacuee,,Evacuee;74;in triage state;B;is at the evacuation site
8700,705,filterLoc,,
8700,706,evacuee,,Evacuee;363;in triage state;B;is at the evacuation site
8700,708,filterLoc,,
8700,709,evacuee,,Evacuee;251;in triage state;B;is at the evacuation site
8700,711,filterLoc,,
8700,712,evacuee,,Evacuee;128;in triage state;B;is at the evacuation site
8700,714,filterLoc,,
8700,715,evacuee,,Evacuee;134;in triage state;B;is at the evacuation site
8700,717,filterLoc,,
8700,718,evacuee,,Evacuee;199;in triage state;B;is at the evacuation site
8700,720,filterLoc,,
8700,721,evacuee,,Evacuee;66;in triage state;B;is at the evacuation site
8700,723,filterLoc,,
8700,724,evacuee,,Evacuee;62;in triage state;B;is at the evacuation site
8700,726,filterLoc,,
8700,727,evacuee,,Evacuee;223;in triage state;B;is at the evacuation site
8700,729,filterLoc,,
8700,730,evacuee,,Evacuee;135;in triage state;Y;is at the FOL
8700,732,filterLoc,,
8700,733,evacuee,,Evacuee;15;in triage state;G;is at the FOL
8700,735,filterLoc,,
8700,736,evacuee,,Evacuee;474;in triage state;G;is at the FOL
8700,738,filterLoc,,
8700,739,evacuee,,Evacuee;17;in triage state;G;is at the FOL
8700,741,filterLoc,,
8700,742,evacuee,,Evacuee;481;in triage state;B;is at the evacuation site
8700,744,filterLoc,,
8700,745,evacuee,,Evacuee;179;in triage state;G;is at the FOL
8700,747,filterLoc,,
8700,748,evacuee,,Evacuee;147;in triage state;G;is at the FOL
8700,750,filterLoc,,
8700,751,evacuee,,Evacuee;65;in triage state;G;is at the FOL
8700,753,filterLoc,,
8700,754,evacuee,,Evacuee;14;in triage state;G;is at the FOL
8700,756,filterLoc,,
8700,757,evacuee,,Evacuee;218;in triage state;B;is at the evacuation site
8700,759,filterLoc,,
8700,760,evacuee,,Evacuee;2;in triage state;B;is at the evacuation site
8700,762,filterLoc,,
8700,763,evacuee,,Evacuee;33;in triage state;B;is at the evacuation site
8700,765,filterLoc,,
8700,766,evacuee,,Evacuee;271;in triage state;B;is at the evacuation site
8700,768,filterLoc,,
8700,769,evacuee,,Evacuee;9;in triage state;B;is at the evacuation site
8700,771,filterLoc,,
8700,772,evacuee,,Evacuee;25;in triage state;B;is at the evacuation site
8700,774,filterLoc,,
8700,775,evacuee,,Evacuee;334;in triage state;B;is at the evacuation site
8700,777,filterLoc,,
8700,778,evacuee,,Evacuee;70;in triage state;B;is at the evacuation site
8700,780,filterLoc,,
8700,781,evacuee,,Evacuee;5;in triage state;B;is at the evacuation site
8700,783,filterLoc,,
8700,784,evacuee,,Evacuee;250;in triage state;B;is at the evacuation site
8700,786,filterLoc,,
8700,787,evacuee,,Evacuee;107;in triage state;B;is at the evacuation site
8700,789,filterLoc,,
8700,790,evacuee,,Evacuee;229;in triage state;B;is at the evacuation site
8700,792,filterLoc,,
8700,793,evacuee,,Evacuee;110;in triage state;B;is at the evacuation site
8700,795,filterLoc,,
8700,796,evacuee,,Evacuee;141;in triage state;B;is at the evacuation site
8700,798,filterLoc,,
8700,799,evacuee,,Evacuee;133;in triage state;B;is at the evacuation site
8700,801,filterLoc,,
8700,802,evacuee,,Evacuee;493;in triage state;B;is at the evacuation site
8700,804,filterLoc,,
8700,805,evacuee,,Evacuee;473;in triage state;R;is at the FOL
8700,807,filterLoc,,
8700,808,evacuee,,Evacuee;400;in triage state;G;is at the FOL
8700,810,filterLoc,,
8700,811,evacuee,,Evacuee;268;in triage state;G;is at the FOL
8700,813,filterLoc,,
8700,814,evacuee,,Evacuee;100;in triage state;G;is at the FOL
8700,816,filterLoc,,
8700,817,evacuee,,Evacuee;29;in triage state;G;is at the FOL
8700,819,filterLoc,,
8700,820,evacuee,,Evacuee;158;in triage state;G;is at the FOL
8700,822,filterLoc,,
8700,823,evacuee,,Evacuee;187;in triage state;G;is at the FOL
8700,825,filterLoc,,
8700,826,evacuee,,Evacuee;85;in triage state;G;is at the FOL
8700,828,filterLoc,,
8700,829,evacuee,,Evacuee;487;in triage state;B;is at the evacuation site
8700,831,filterLoc,,
8700,832,evacuee,,Evacuee;71;in triage state;B;is at the evacuation site
8700,834,filterLoc,,
8700,835,evacuee,,Evacuee;332;in triage state;B;is at the evacuation site
8700,837,filterLoc,,
8700,838,evacuee,,Evacuee;81;in triage state;B;is at the evacuation site
8700,840,filterLoc,,
8700,841,evacuee,,Evacuee;104;in triage state;B;is at the evacuation site
8700,843,filterLoc,,
8700,844,evacuee,,Evacuee;40;in triage state;B;is at the evacuation site
8700,846,filterLoc,,
8700,847,evacuee,,Evacuee;97;in triage state;B;is at the evacuation site
8700,849,filterLoc,,
8700,850,evacuee,,Evacuee;453;in triage state;B;is at the evacuation site
8700,852,filterLoc,,
8700,853,evacuee,,Evacuee;285;in triage state;B;is at the evacuation site
8700,855,filterLoc,,
8700,856,evacuee,,Evacuee;89;in triage state;B;is at the evacuation site
8700,858,filterLoc,,
8700,859,evacuee,,Evacuee;394;in triage state;R;is at the FOL
8700,861,filterLoc,,
8700,862,evacuee,,Evacuee;240;in triage state;B;is at the evacuation site
8700,864,filterLoc,,
8700,865,evacuee,,Evacuee;8;in triage state;B;is at the evacuation site
8700,867,filterLoc,,
8700,868,evacuee,,Evacuee;3;in triage state;B;is at the evacuation site
8700,870,filterLoc,,
8700,871,evacuee,,Evacuee;172;in triage state;Y;is at the FOL
8700,873,filterLoc,,
8700,874,evacuee,,Evacuee;256;in triage state;Y;is at the FOL
8700,876,filterLoc,,
8700,877,evacuee,,Evacuee;347;in triage state;R;is at the FOL
8700,879,filterLoc,,
8700,880,evacuee,,Evacuee;82;in triage state;G;is at the FOL
8700,882,filterLoc,,
8700,883,evacuee,,Evacuee;54;in triage state;G;is at the FOL
8700,885,filterLoc,,
8700,886,evacuee,,Evacuee;368;in triage state;G;is at the FOL
8700,888,filterLoc,,
8700,889,evacuee,,Evacuee;4;in triage state;G;is at the FOL
8700,891,filterLoc,,
8700,892,evacuee,,Evacuee;18;in triage state;G;is at the FOL
8700,894,filterLoc,,
8700,895,evacuee,,Evacuee;387;in triage state;G;is at the FOL
8700,897,filterLoc,,
8700,898,evacuee,,Evacuee;246;in triage state;G;is at the FOL
8700,900,filterLoc,,
8700,901,evacuee,,Evacuee;22;in triage state;B;is at the evacuation site
8700,903,filterLoc,,
8700,904,evacuee,,Evacuee;92;in triage state;B;is at the evacuation site
8700,906,filterLoc,,
8700,907,evacuee,,Evacuee;44;in triage state;B;is at the evacuation site
8700,909,filterLoc,,
8700,910,evacuee,,Evacuee;150;in triage state;B;is at the evacuation site
8700,912,filterLoc,,
8700,913,evacuee,,Evacuee;119;in triage state;B;is at the evacuation site
8700,915,filterLoc,,
8700,916,evacuee,,Evacuee;6;in triage state;B;is at the evacuation site
8700,918,filterLoc,,
8700,919,evacuee,,Evacuee;173;in triage state;B;is at the evacuation site
8700,921,filterLoc,,
8700,922,evacuee,,Evacuee;157;in triage state;B;is at the evacuation site
8700,924,filterLoc,,
8700,925,evacuee,,Evacuee;451;in triage state;B;is at the evacuation site
8700,927,filterLoc,,
8700,928,evacuee,,Evacuee;359;in triage state;R;is at the FOL
8700,930,filterLoc,,
8700,931,evacuee,,Evacuee;286;in triage state;B;is at the evacuation site
8700,933,filterLoc,,
8700,934,evacuee,,Evacuee;196;in triage state;B;is at the evacuation site
8700,936,filterLoc,,
8700,937,evacuee,,Evacuee;407;in triage state;B;is at the evacuation site
8700,939,filterLoc,,
8700,940,evacuee,,Evacuee;132;in triage state;B;is at the evacuation site
8700,942,filterLoc,,
8700,943,evacuee,,Evacuee;31;in triage state;B;is at the evacuation site
8700,945,filterLoc,,
8700,946,evacuee,,Evacuee;38;in triage state;B;is at the evacuation site
8700,948,filterLoc,,
8700,949,evacuee,,Evacuee;10;in triage state;G;is at the FOL
8700,951,filterLoc,,
8700,952,evacuee,,Evacuee;26;in triage state;G;is at the FOL
8700,954,filterLoc,,
8700,955,evacuee,,Evacuee;343;in triage state;G;is at the FOL
8700,957,filterLoc,,
8700,958,evacuee,,Evacuee;241;in triage state;G;is at the FOL
8700,960,filterLoc,,
8700,961,evacuee,,Evacuee;418;in triage state;G;is at the FOL
8700,963,filterLoc,,
8700,964,evacuee,,Evacuee;75;in triage state;G;is at the FOL
8700,966,filterLoc,,
8700,967,evacuee,,Evacuee;37;in triage state;G;is at the FOL
8700,969,filterLoc,,
8700,970,evacuee,,Evacuee;496;in triage state;B;is at the evacuation site
8700,972,filterLoc,,
8700,973,evacuee,,Evacuee;209;in triage state;G;is at the FOL
8700,975,filterLoc,,
8700,976,evacuee,,Evacuee;402;in triage state;B;is at the evacuation site
8700,978,filterLoc,,
8700,979,evacuee,,Evacuee;320;in triage state;B;is at the evacuation site
8700,981,filterLoc,,
8700,982,evacuee,,Evacuee;116;in triage state;B;is at the evacuation site
8700,984,filterLoc,,
8700,985,evacuee,,Evacuee;61;in triage state;B;is at the evacuation site
8700,987,filterLoc,,
8700,988,evacuee,,Evacuee;52;in triage state;B;is at the evacuation site
8700,990,filterLoc,,
8700,991,evacuee,,Evacuee;41;in triage state;B;is at the evacuation site
8700,993,filterLoc,,
8700,994,evacuee,,Evacuee;304;in triage state;B;is at the evacuation site
8700,996,filterLoc,,
8700,997,evacuee,,Evacuee;154;in triage state;B;is at the evacuation site
8700,999,filterLoc,,
8700,1000,evacuee,,Evacuee;421;in triage state;B;is at the evacuation site
8700,1002,filterLoc,,
8700,1003,evacuee,,Evacuee;405;in triage state;B;is at the evacuation site
8700,1005,filterLoc,,
8700,1006,evacuee,,Evacuee;21;in triage state;B;is at the evacuation site
8700,1008,filterLoc,,
8700,1009,evacuee,,Evacuee;68;in triage state;B;is at the evacuation site
8700,1011,filterLoc,,
8700,1012,evacuee,,Evacuee;72;in triage state;B;is at the evacuation site
8700,1014,filterLoc,,
8700,1015,evacuee,,Evacuee;46;in triage state;B;is at the evacuation site
8700,1017,filterLoc,,
8700,1018,evacuee,,Evacuee;53;in triage state;B;is at the evacuation site
8700,1020,filterLoc,,
8700,1021,evacuee,,Evacuee;220;in triage state;G;is at the FOL
8700,1023,filterLoc,,
8700,1024,evacuee,,Evacuee;355;in triage state;G;is at the FOL
8700,1026,filterLoc,,
8700,1027,evacuee,,Evacuee;23;in triage state;G;is at the FOL
8700,1029,filterLoc,,
8700,1030,evacuee,,Evacuee;200;in triage state;G;is at the FOL
8700,1032,filterLoc,,
8700,1033,evacuee,,Evacuee;255;in triage state;G;is at the FOL
8700,1035,filterLoc,,
8700,1036,evacuee,,Evacuee;13;in triage state;G;is at the FOL
8700,1038,filterLoc,,
8700,1039,evacuee,,Evacuee;24;in triage state;G;is at the FOL
8700,1041,filterLoc,,
8700,1042,evacuee,,Evacuee;32;in triage state;G;is at the FOL
8700,1044,filterLoc,,
8700,1045,evacuee,,Evacuee;34;in triage state;B;is at the evacuation site
8700,1047,filterLoc,,
8700,1048,evacuee,,Evacuee;64;in triage state;B;is at the evacuation site
8700,1050,filterLoc,,
8700,1051,evacuee,,Evacuee;429;in triage state;B;is at the evacuation site
8700,1053,filterLoc,,
8700,1054,evacuee,,Evacuee;102;in triage state;B;is at the evacuation site
8700,1056,filterLoc,,
8700,1057,evacuee,,Evacuee;160;in triage state;B;is at the evacuation site
8700,1059,filterLoc,,
8700,1060,evacuee,,Evacuee;20;in triage state;B;is at the evacuation site
8700,1062,filterLoc,,
8700,1063,evacuee,,Evacuee;35;in triage state;B;is at the evacuation site
8700,1065,filterLoc,,
8700,1066,evacuee,,Evacuee;155;in triage state;B;is at the evacuation site
8700,1068,filterLoc,,
8700,1069,evacuee,,Evacuee;36;in triage state;B;is at the evacuation site
8700,1071,filterLoc,,
8700,1072,evacuee,,Evacuee;198;in triage state;B;is at the evacuation site
8700,1074,filterLoc,,
8700,1075,evacuee,,Evacuee;84;in triage state;B;is at the evacuation site
8700,1077,filterLoc,,
8700,1078,evacuee,,Evacuee;42;in triage state;B;is at the evacuation site
8700,1080,filterLoc,,
8700,1081,evacuee,,Evacuee;91;in triage state;B;is at the evacuation site
8700,1083,filterLoc,,
8700,1084,evacuee,,Evacuee;43;in triage state;B;is at the evacuation site
8700,1086,filterLoc,,
8700,1087,evacuee,,Evacuee;30;in triage state;Y;is at the FOL
8700,1089,filterLoc,,
8700,1090,evacuee,,Evacuee;336;in triage state;B;is at the evacuation site
8700,1092,filterLoc,,
8700,1093,evacuee,,Evacuee;307;in triage state;R;is at the FOL
8700,1095,filterLoc,,
8700,1096,evacuee,,Evacuee;212;in triage state;G;is at the FOL
8700,1098,filterLoc,,
8700,1099,evacuee,,Evacuee;391;in triage state;G;is at the FOL
8700,1101,filterLoc,,
8700,1102,evacuee,,Evacuee;388;in triage state;G;is at the FOL
8700,1104,filterLoc,,
8700,1105,evacuee,,Evacuee;55;in triage state;G;is at the FOL
8700,1107,filterLoc,,
8700,1108,evacuee,,Evacuee;48;in triage state;G;is at the FOL
8700,1110,filterLoc,,
8700,1111,evacuee,,Evacuee;144;in triage state;G;is at the FOL
8700,1113,filterLoc,,
8700,1114,evacuee,,Evacuee;50;in triage state;G;is at the FOL
8700,1116,filterLoc,,
8700,1117,evacuee,,Evacuee;19;in triage state;G;is at the FOL
8700,1119,filterLoc,,
8700,1120,evacuee,,Evacuee;182;in triage state;Y;is at the FOL
8700,1122,filterLoc,,
8700,1123,evacuee,,Evacuee;490;in triage state;B;is at the evacuation site
8700,1125,filterLoc,,
8700,1126,evacuee,,Evacuee;266;in triage state;B;is at the evacuation site
8700,1128,filterLoc,,
8700,1129,evacuee,,Evacuee;120;in triage state;B;is at the evacuation site
8700,1131,filterEvac,,
8700,1132,filterES,,
8700,1133,helicopter,,Helicopter;2;is unloading people at the FOL;;and has;0;spots taken
8700,1135,filterLoc,,
8700,1136,evacuee,,Evacuee;94;in triage state;B;is at the evacuation site
8700,1138,filterLoc,,
8700,1139,evacuee,,Evacuee;63;in triage state;B;is at the evacuation site
8700,1141,filterLoc,,
8700,1142,evacuee,,Evacuee;175;in triage state;B;is at the evacuation site
8700,1144,filterLoc,,
8700,1145,evacuee,,Evacuee;47;in triage state;B;is at the evacuation site
8700,1147,filterLoc,,
8700,1148,evacuee,,Evacuee;56;in triage state;B;is at the evacuation site
8700,1150,filterLoc,,
8700,1151,evacuee,,Evacuee;367;in triage state;B;is at the evacuation site
8700,1153,filterLoc,,
8700,1154,evacuee,,Evacuee;364;in triage state;B;is at the evacuation site
8700,1156,filterLoc,,
8700,1157,evacuee,,Evacuee;208;in triage state;B;is at the evacuation site
8700,1159,filterLoc,,
8700,1160,evacuee,,Evacuee;57;in triage state;B;is at the evacuation site
8700,1162,filterLoc,,
8700,1163,evacuee,,Evacuee;231;in triage state;B;is at the evacuation site
8700,1165,filterLoc,,
8700,1166,evacuee,,Evacuee;261;in triage state;B;is at the evacuation site
8700,1168,filterLoc,,
8700,1169,evacuee,,Evacuee;45;in triage state;G;is at the FOL
8700,1171,filterEvac,,
8700,1172,filterES,,
8700,1173,helicopter,,Helicopter;1;is unloading people at the FOL;;and has;0;spots taken
8700,1175,filterLoc,,
8700,1176,evacuee,,Evacuee;263;in triage state;G;is at the FOL
8700,1178,filterLoc,,
8700,1179,evacuee,,Evacuee;190;in triage state;G;is at the FOL
8700,1181,filterLoc,,
8700,1182,evacuee,,Evacuee;465;in triage state;G;is at the FOL
8700,1184,filterLoc,,
8700,1185,evacuee,,Evacuee;60;in triage state;G;is at the FOL
8700,1187,filterLoc,,
8700,1188,evacuee,,Evacuee;385;in triage state;G;is at the FOL
8700,1190,filterLoc,,
8700,1191,evacuee,,Evacuee;181;in triage state;G;is at the FOL
8700,1193,filterLoc,,
8700,1194,evacuee,,Evacuee;416;in triage state;G;is at the FOL
8700,1196,filterLoc,,
8700,1197,evacuee,,Evacuee;129;in triage state;B;is at the evacuation site
8700,1199,filterLoc,,
8700,1200,evacuee,,Evacuee;308;in triage state;B;is at the evacuation site
8700,1202,filterLoc,,
8700,1203,evacuee,,Evacuee;131;in triage state;B;is at the evacuation site
8700,1205,filterLoc,,
8700,1206,evacuee,,Evacuee;137;in triage state;B;is at the evacuation site
8700,1208,filterLoc,,
8700,1209,evacuee,,Evacuee;138;in triage state;B;is at the evacuation site
8700,1211,filterLoc,,
8700,1212,evacuee,,Evacuee;265;in triage state;B;is at the evacuation site
8700,1214,filterLoc,,
8700,1215,evacuee,,Evacuee;139;in triage state;B;is at the evacuation site
8700,1217,filterLoc,,
8700,1218,evacuee,,Evacuee;194;in triage state;B;is at the evacuation site
8700,1220,filterLoc,,
8700,1221,evacuee,,Evacuee;140;in triage state;B;is at the evacuation site
8700,1223,filterLoc,,
8700,1224,evacuee,,Evacuee;130;in triage state;B;is at the evacuation site
8700,1226,filterLoc,,
8700,1227,evacuee,,Evacuee;143;in triage state;B;is at the evacuation site
8700,1229,filterLoc,,
8700,1230,evacuee,,Evacuee;149;in triage state;B;is at the evacuation site
8700,1232,filterLoc,,
8700,1233,evacuee,,Evacuee;296;in triage state;B;is at the evacuation site
8700,1235,filterLoc,,
8700,1236,evacuee,,Evacuee;151;in triage state;B;is at the evacuation site
8700,1238,filterLoc,,
8700,1239,evacuee,,Evacuee;222;in triage state;B;is at the evacuation site
8700,1241,filterLoc,,
8700,1242,evacuee,,Evacuee;152;in triage state;Y;is at the FOL
8700,1244,filterLoc,,
8700,1245,evacuee,,Evacuee;153;in triage state;G;is at the FOL
8700,1247,filterLoc,,
8700,1248,evacuee,,Evacuee;67;in triage state;G;is at the FOL
8700,1250,filterLoc,,
8700,1251,evacuee,,Evacuee;123;in triage state;G;is at the FOL
8700,1253,filterLoc,,
8700,1254,evacuee,,Evacuee;159;in triage state;G;is at the FOL
8700,1256,filterLoc,,
8700,1257,evacuee,,Evacuee;161;in triage state;G;is at the FOL
8700,1259,filterLoc,,
8700,1260,evacuee,,Evacuee;28;in triage state;G;is at the FOL
8700,1262,filterLoc,,
8700,1263,evacuee,,Evacuee;126;in triage state;G;is at the FOL
8700,1265,filterLoc,,
8700,1266,evacuee,,Evacuee;234;in triage state;G;is at the FOL
8700,1268,filterLoc,,
8700,1269,evacuee,,Evacuee;162;in triage state;B;is at the evacuation site
8700,1271,filterLoc,,
8700,1272,evacuee,,Evacuee;163;in triage state;B;is at the evacuation site
8700,1274,filterLoc,,
8700,1275,evacuee,,Evacuee;166;in triage state;B;is at the evacuation site
8700,1277,filterLoc,,
8700,1278,evacuee,,Evacuee;16;in triage state;B;is at the evacuation site
8700,1280,filterLoc,,
8700,1281,evacuee,,Evacuee;242;in triage state;B;is at the evacuation site
8700,1283,filterLoc,,
8700,1284,evacuee,,Evacuee;178;in triage state;B;is at the evacuation site
8700,1286,filterLoc,,
8700,1287,evacuee,,Evacuee;438;in triage state;B;is at the evacuation site
8700,1289,filterLoc,,
8700,1290,evacuee,,Evacuee;146;in triage state;B;is at the evacuation site
8700,1292,filterLoc,,
8700,1293,evacuee,,Evacuee;167;in triage state;B;is at the evacuation site
8700,1295,filterLoc,,
8700,1296,evacuee,,Evacuee;145;in triage state;B;is at the evacuation site
8700,1298,filterLoc,,
8700,1299,evacuee,,Evacuee;168;in triage state;B;is at the evacuation site
8700,1301,filterLoc,,
8700,1302,evacuee,,Evacuee;176;in triage state;B;is at the evacuation site
8700,1304,filterLoc,,
8700,1305,evacuee,,Evacuee;230;in triage state;Y;is at the FOL
8700,1307,filterLoc,,
8700,1308,evacuee,,Evacuee;169;in triage state;B;is at the evacuation site
8700,1310,filterLoc,,
8700,1311,evacuee,,Evacuee;170;in triage state;B;is at the evacuation site
8700,1313,filterLoc,,
8700,1314,evacuee,,Evacuee;171;in triage state;Y;is at the FOL
8700,1316,filterLoc,,
8700,1317,evacuee,,Evacuee;174;in triage state;G;is at the FOL
8700,1319,filterLoc,,
8700,1320,evacuee,,Evacuee;177;in triage state;G;is at the FOL
8700,1322,filterLoc,,
8700,1323,evacuee,,Evacuee;435;in triage state;G;is at the FOL
8700,1325,filterLoc,,
8700,1326,evacuee,,Evacuee;58;in triage state;G;is at the FOL
8700,1328,filterLoc,,
8700,1329,evacuee,,Evacuee;203;in triage state;G;is at the FOL
8700,1331,filterLoc,,
8700,1332,evacuee,,Evacuee;232;in triage state;G;is at the FOL
8700,1334,filterLoc,,
8700,1335,evacuee,,Evacuee;183;in triage state;G;is at the FOL
8700,1337,filterLoc,,
8700,1338,evacuee,,Evacuee;184;in triage state;G;is at the FOL
8700,1340,filterLoc,,
8700,1341,evacuee,,Evacuee;185;in triage state;B;is at the evacuation site
8700,1343,filterLoc,,
8700,1344,evacuee,,Evacuee;186;in triage state;B;is at the evacuation site
8700,1346,filterLoc,,
8700,1347,evacuee,,Evacuee;417;in triage state;B;is at the evacuation site
8700,1349,filterLoc,,
8700,1350,evacuee,,Evacuee;217;in triage state;B;is at the evacuation site
8700,1352,filterLoc,,
8700,1353,evacuee,,Evacuee;189;in triage state;B;is at the evacuation site
8700,1355,filterLoc,,
8700,1356,evacuee,,Evacuee;253;in triage state;B;is at the evacuation site
8700,1358,filterLoc,,
8700,1359,evacuee,,Evacuee;191;in triage state;B;is at the evacuation site
8700,1361,filterLoc,,
8700,1362,evacuee,,Evacuee;314;in triage state;B;is at the evacuation site
8700,1364,filterLoc,,
8700,1365,evacuee,,Evacuee;249;in triage state;B;is at the evacuation site
8700,1367,filterLoc,,
8700,1368,evacuee,,Evacuee;193;in triage state;B;is at the evacuation site
8700,1370,filterLoc,,
8700,1371,evacuee,,Evacuee;195;in triage state;B;is at the evacuation site
8700,1373,filterLoc,,
8700,1374,evacuee,,Evacuee;399;in triage state;B;is at the evacuation site
8700,1376,filterLoc,,
8700,1377,evacuee,,Evacuee;197;in triage state;B;is at the evacuation site
8700,1379,filterLoc,,
8700,1380,evacuee,,Evacuee;450;in triage state;B;is at the evacuation site
8700,1382,filterLoc,,
8700,1383,evacuee,,Evacuee;252;in triage state;B;is at the evacuation site
8700,1385,filterLoc,,
8700,1386,evacuee,,Evacuee;329;in triage state;B;is at the evacuation site
8700,1388,filterLoc,,
8700,1389,evacuee,,Evacuee;201;in triage state;G;is at the FOL
8700,1391,filterLoc,,
8700,1392,evacuee,,Evacuee;11;in triage state;G;is at the FOL
8700,1394,filterLoc,,
8700,1395,evacuee,,Evacuee;202;in triage state;G;is at the FOL
8700,1397,filterLoc,,
8700,1398,evacuee,,Evacuee;390;in triage state;G;is at the FOL
8700,1400,filterLoc,,
8700,1401,evacuee,,Evacuee;204;in triage state;G;is at the FOL
8700,1403,filterLoc,,
8700,1404,evacuee,,Evacuee;275;in triage state;G;is at the FOL
8700,1406,filterLoc,,
8700,1407,evacuee,,Evacuee;205;in triage state;G;is at the FOL
8700,1409,filterLoc,,
8700,1410,evacuee,,Evacuee;323;in triage state;G;is at the FOL
8700,1412,filterLoc,,
8700,1413,evacuee,,Evacuee;180;in triage state;B;is at the evacuation site
8700,1415,filterLoc,,
8700,1416,evacuee,,Evacuee;206;in triage state;B;is at the evacuation site
8700,1418,filterLoc,,
8700,1419,evacuee,,Evacuee;69;in triage state;B;is at the evacuation site
8700,1421,filterLoc,,
8700,1422,evacuee,,Evacuee;207;in triage state;B;is at the evacuation site
8700,1424,filterLoc,,
8700,1425,evacuee,,Evacuee;27;in triage state;B;is at the evacuation site
8700,1427,filterLoc,,
8700,1428,evacuee,,Evacuee;211;in triage state;B;is at the evacuation site
8700,1430,filterLoc,,
8700,1431,evacuee,,Evacuee;294;in triage state;B;is at the evacuation site
8700,1433,filterLoc,,
8700,1434,evacuee,,Evacuee;214;in triage state;B;is at the evacuation site
8700,1436,filterLoc,,
8700,1437,evacuee,,Evacuee;12;in triage state;B;is at the evacuation site
8700,1439,filterLoc,,
8700,1440,evacuee,,Evacuee;216;in triage state;B;is at the evacuation site
8700,1442,filterLoc,,
8700,1443,evacuee,,Evacuee;219;in triage state;B;is at the evacuation site
8700,1445,filterLoc,,
8700,1446,evacuee,,Evacuee;221;in triage state;B;is at the evacuation site
8700,1448,filterLoc,,
8700,1449,evacuee,,Evacuee;224;in triage state;B;is at the evacuation site
8700,1451,filterLoc,,
8700,1452,evacuee,,Evacuee;339;in triage state;B;is at the evacuation site
8700,1454,filterLoc,,
8700,1455,evacuee,,Evacuee;225;in triage state;Y;is at the FOL
8700,1457,filterLoc,,
8700,1458,evacuee,,Evacuee;164;in triage state;B;is at the evacuation site
8700,1460,filterLoc,,
8700,1461,evacuee,,Evacuee;226;in triage state;G;is at the FOL
8700,1463,filterLoc,,
8700,1464,evacuee,,Evacuee;464;in triage state;G;is at the FOL
8700,1466,filterLoc,,
8700,1467,evacuee,,Evacuee;227;in triage state;G;is at the FOL
8700,1469,filterLoc,,
8700,1470,evacuee,,Evacuee;267;in triage state;G;is at the FOL
8700,1472,filterLoc,,
8700,1473,evacuee,,Evacuee;73;in triage state;G;is at the FOL
8700,1475,filterLoc,,
8700,1476,evacuee,,Evacuee;233;in triage state;G;is at the FOL
8700,1478,filterLoc,,
8700,1479,evacuee,,Evacuee;236;in triage state;G;is at the FOL
8700,1481,filterLoc,,
8700,1482,evacuee,,Evacuee;7;in triage state;G;is at the FOL
8700,1484,filterLoc,,
8700,1485,evacuee,,Evacuee;237;in triage state;B;is at the evacuation site
8700,1487,filterLoc,,
8700,1488,evacuee,,Evacuee;238;in triage state;B;is at the evacuation site
8700,1490,filterLoc,,
8700,1491,evacuee,,Evacuee;113;in triage state;B;is at the evacuation site
8700,1493,filterLoc,,
8700,1494,evacuee,,Evacuee;239;in triage state;B;is at the evacuation site
8700,1496,filterLoc,,
8700,1497,evacuee,,Evacuee;243;in triage state;B;is at the evacuation site
8700,1499,filterLoc,,
8700,1500,evacuee,,Evacuee;96;in triage state;B;is at the evacuation site
8700,1502,filterLoc,,
8700,1503,evacuee,,Evacuee;244;in triage state;B;is at the evacuation site
8700,1505,filterLoc,,
8700,1506,evacuee,,Evacuee;247;in triage state;B;is at the evacuation site
8700,1508,filterLoc,,
8700,1509,evacuee,,Evacuee;59;in triage state;B;is at the evacuation site
8700,1511,filterLoc,,
8700,1512,evacuee,,Evacuee;248;in triage state;B;is at the evacuation site
8700,1514,filterLoc,,
8700,1515,evacuee,,Evacuee;467;in triage state;B;is at the evacuation site
8700,1517,filterLoc,,
8700,1518,evacuee,,Evacuee;298;in triage state;B;is at the evacuation site
8700,1520,filterLoc,,
8700,1521,evacuee,,Evacuee;254;in triage state;B;is at the evacuation site
8700,1523,filterLoc,,
8700,1524,evacuee,,Evacuee;257;in triage state;B;is at the evacuation site
8700,1526,filterLoc,,
8700,1527,evacuee,,Evacuee;210;in triage state;B;is at the evacuation site
8700,1529,filterLoc,,
8700,1530,evacuee,,Evacuee;258;in triage state;Y;is at the FOL
