time,model_id,model_name,port_name,data
0,2,coastGuardShip,,The ship will arrive in 108 hours.
0,3,evacueeManager,,OFF SHIP: White;0;Green;475;Yellow;20;Red;5;Black;0;ON SHIP: White;0;Green;0;Yellow;0;Red;0;Evacuees to Transfer;
0,4,helipadManager,,;No helos are at ES
0,5,helicopterQueue,,;No helos are waiting to land
0,7,filterEvac,,
0,8,filterES,,
0,9,helicopter,,Helicopter;6;is unloading people at the FOL;;and has;0;spots taken
0,11,filterLoc,,
0,12,evacuee,,Evacuee;501;in triage state;R;is at the evacuation site
0,14,filterLoc,,
0,15,evacuee,,Evacuee;500;in triage state;R;is at the evacuation site
0,17,filterLoc,,
0,18,evacuee,,Evacuee;494;in triage state;Y;is at the evacuation site
0,20,filterLoc,,
0,21,evacuee,,Evacuee;492;in triage state;Y;is at the evacuation site
0,23,filterLoc,,
0,24,evacuee,,Evacuee;489;in triage state;Y;is at the evacuation site
0,26,filterLoc,,
0,27,evacuee,,Evacuee;486;in triage state;Y;is at the evacuation site
0,29,filterLoc,,
0,30,evacuee,,Evacuee;484;in triage state;Y;is at the evacuation site
0,32,filterLoc,,
0,33,evacuee,,Evacuee;483;in triage state;Y;is at the evacuation site
0,35,filterLoc,,
0,36,evacuee,,Evacuee;482;in triage state;Y;is at the evacuation site
0,38,filterLoc,,
0,39,evacuee,,Evacuee;499;in triage state;R;is at the evacuation site
0,41,filterLoc,,
0,42,evacuee,,Evacuee;479;in triage state;Y;is at the evacuation site
0,44,filterLoc,,
0,45,evacuee,,Evacuee;478;in triage state;Y;is at the evacuation site
0,47,filterLoc,,
0,48,evacuee,,Evacuee;476;in triage state;G;is at the evacuation site
0,50,filterLoc,,
0,51,evacuee,,Evacuee;475;in triage state;G;is at the evacuation site
0,53,filterLoc,,
0,54,evacuee,,Evacuee;472;in triage state;G;is at the evacuation site
0,56,filterLoc,,
0,57,evacuee,,Evacuee;471;in triage state;G;is at the evacuation site
0,59,filterLoc,,
0,60,evacuee,,Evacuee;468;in triage state;G;is at the evacuation site
0,62,filterLoc,,
0,63,evacuee,,Evacuee;463;in triage state;G;is at the evacuation site
0,65,filterLoc,,
0,66,evacuee,,Evacuee;462;in triage state;G;is at the evacuation site
0,68,filterLoc,,
0,69,evacuee,,Evacuee;461;in triage state;G;is at the evacuation site
0,71,filterLoc,,
0,72,evacuee,,Evacuee;459;in triage state;G;is at the evacuation site
0,74,filterLoc,,
0,75,evacuee,,Evacuee;495;in triage state;Y;is at the evacuation site
0,77,filterLoc,,
0,78,evacuee,,Evacuee;458;in triage state;G;is at the evacuation site
0,80,filterLoc,,
0,81,evacuee,,Evacuee;456;in triage state;G;is at the evacuation site
0,83,filterLoc,,
0,84,evacuee,,Evacuee;455;in triage state;G;is at the evacuation site
0,86,filterLoc,,
0,87,evacuee,,Evacuee;448;in triage state;G;is at the evacuation site
0,89,filterLoc,,
0,90,evacuee,,Evacuee;445;in triage state;G;is at the evacuation site
0,92,filterLoc,,
0,93,evacuee,,Evacuee;442;in triage state;G;is at the evacuation site
0,95,filterLoc,,
0,96,evacuee,,Evacuee;441;in triage state;G;is at the evacuation site
0,98,filterLoc,,
0,99,evacuee,,Evacuee;439;in triage state;G;is at the evacuation site
0,101,filterLoc,,
0,102,evacuee,,Evacuee;437;in triage state;G;is at the evacuation site
0,104,filterLoc,,
0,105,evacuee,,Evacuee;436;in triage state;G;is at the evacuation site
0,107,filterEvac,,
0,108,filterES,,
0,109,helicopter,,Helicopter;3;is unloading people at the FOL;;and has;0;spots taken
0,111,filterLoc,,
0,112,evacuee,,Evacuee;434;in triage state;G;is at the evacuation site
0,114,filterLoc,,
0,115,evacuee,,Evacuee;433;in triage state;G;is at the evacuation site
0,117,filterLoc,,
0,118,evacuee,,Evacuee;428;in triage state;G;is at the evacuation site
0,120,filterLoc,,
0,121,evacuee,,Evacuee;426;in triage state;G;is at the evacuation site
0,123,filterLoc,,
0,124,evacuee,,Evacuee;423;in triage state;G;is at the evacuation site
0,126,filterLoc,,
0,127,evacuee,,Evacuee;420;in triage state;G;is at the evacuation site
0,129,filterLoc,,
0,130,evacuee,,Evacuee;419;in triage state;G;is at the evacuation site
0,132,filterLoc,,
0,133,evacuee,,Evacuee;414;in triage state;G;is at the evacuation site
0,135,filterLoc,,
0,136,evacuee,,Evacuee;411;in triage state;G;is at the evacuation site
0,138,filterLoc,,
0,139,evacuee,,Evacuee;422;in triage state;G;is at the evacuation site
0,141,filterLoc,,
0,142,evacuee,,Evacuee;409;in triage state;G;is at the evacuation site
0,144,filterLoc,,
0,145,evacuee,,Evacuee;408;in triage state;G;is at the evacuation site
0,147,filterLoc,,
0,148,evacuee,,Evacuee;406;in triage state;G;is at the evacuation site
0,150,filterLoc,,
0,151,evacuee,,Evacuee;404;in triage state;G;is at the evacuation site
0,153,filterLoc,,
0,154,evacuee,,Evacuee;403;in triage state;G;is at the evacuation site
0,156,filterLoc,,
0,157,evacuee,,Evacuee;401;in triage state;G;is at the evacuation site
0,159,filterLoc,,
0,160,evacuee,,Evacuee;398;in triage state;G;is at the evacuation site
0,162,filterLoc,,
0,163,evacuee,,Evacuee;397;in triage state;G;is at the evacuation site
0,165,filterLoc,,
0,166,evacuee,,Evacuee;452;in triage state;G;is at the evacuation site
0,168,filterLoc,,
0,169,evacuee,,Evacuee;396;in triage state;G;is at the evacuation site
0,171,filterLoc,,
0,172,evacuee,,Evacuee;395;in triage state;G;is at the evacuation site
0,174,filterLoc,,
0,175,evacuee,,Evacuee;393;in triage state;G;is at the evacuation site
0,177,filterLoc,,
0,178,evacuee,,Evacuee;392;in triage state;G;is at the evacuation site
0,180,filterLoc,,
0,181,evacuee,,Evacuee;389;in triage state;G;is at the evacuation site
0,183,filterLoc,,
0,184,evacuee,,Evacuee;384;in triage state;G;is at the evacuation site
0,186,filterLoc,,
0,187,evacuee,,Evacuee;430;in triage state;G;is at the evacuation site
0,189,filterLoc,,
0,190,evacuee,,Evacuee;383;in triage state;G;is at the evacuation site
0,192,filterLoc,,
0,193,evacuee,,Evacuee;480;in triage state;Y;is at the evacuation site
0,195,filterLoc,,
0,196,evacuee,,Evacuee;382;in triage state;G;is at the evacuation site
0,198,filterLoc,,
0,199,evacuee,,Evacuee;381;in triage state;G;is at the evacuation site
0,201,filterLoc,,
0,202,evacuee,,Evacuee;427;in triage state;G;is at the evacuation site
0,204,filterLoc,,
0,205,evacuee,,Evacuee;380;in triage state;G;is at the evacuation site
0,207,filterLoc,,
0,208,evacuee,,Evacuee;379;in triage state;G;is at the evacuation site
0,210,filterLoc,,
0,211,evacuee,,Evacuee;378;in triage state;G;is at the evacuation site
0,213,filterLoc,,
0,214,evacuee,,Evacuee;377;in triage state;G;is at the evacuation site
0,216,filterLoc,,
0,217,evacuee,,Evacuee;375;in triage state;G;is at the evacuation site
0,219,filterLoc,,
0,220,evacuee,,Evacuee;374;in triage state;G;is at the evacuation site
0,222,filterLoc,,
0,223,evacuee,,Evacuee;372;in triage state;G;is at the evacuation site
0,225,filterLoc,,
0,226,evacuee,,Evacuee;371;in triage state;G;is at the evacuation site
0,227,FOL,,;Lives Saved;0
0,229,filterLoc,,
0,230,evacuee,,Evacuee;370;in triage state;G;is at the evacuation site
0,232,filterLoc,,
0,233,evacuee,,Evacuee;457;in triage state;G;is at the evacuation site
0,235,filterLoc,,
0,236,evacuee,,Evacuee;369;in triage state;G;is at the evacuation site
0,238,filterLoc,,
0,239,evacuee,,Evacuee;366;in triage state;G;is at the evacuation site
0,241,filterLoc,,
0,242,evacuee,,Evacuee;362;in triage state;G;is at the evacuation site
0,244,filterLoc,,
0,245,evacuee,,Evacuee;425;in triage state;G;is at the evacuation site
0,247,filterLoc,,
0,248,evacuee,,Evacuee;360;in triage state;G;is at the evacuation site
0,250,filterLoc,,
0,251,evacuee,,Evacuee;357;in triage state;G;is at the evacuation site
0,253,filterLoc,,
0,254,evacuee,,Evacuee;354;in triage state;G;is at the evacuation site
0,256,filterLoc,,
0,257,evacuee,,Evacuee;353;in triage state;G;is at the evacuation site
0,259,filterLoc,,
0,260,evacuee,,Evacuee;351;in triage state;G;is at the evacuation site
0,262,filterLoc,,
0,263,evacuee,,Evacuee;349;in triage state;G;is at the evacuation site
0,265,filterLoc,,
0,266,evacuee,,Evacuee;348;in triage state;G;is at the evacuation site
0,268,filterLoc,,
0,269,evacuee,,Evacuee;346;in triage state;G;is at the evacuation site
0,271,filterLoc,,
0,272,evacuee,,Evacuee;341;in triage state;G;is at the evacuation site
0,274,filterLoc,,
0,275,evacuee,,Evacuee;340;in triage state;G;is at the evacuation site
0,277,filterLoc,,
0,278,evacuee,,Evacuee;338;in triage state;G;is at the evacuation site
0,280,filterLoc,,
0,281,evacuee,,Evacuee;335;in triage state;G;is at the evacuation site
0,283,filterLoc,,
0,284,evacuee,,Evacuee;331;in triage state;G;is at the evacuation site
0,286,filterLoc,,
0,287,evacuee,,Evacuee;503;in triage state;R;is at the evacuation site
0,289,filterLoc,,
0,290,evacuee,,Evacuee;330;in triage state;G;is at the evacuation site
0,292,filterEvac,,
0,293,filterES,,
0,294,helicopter,,Helicopter;4;is unloading people at the FOL;;and has;0;spots taken
0,296,filterLoc,,
0,297,evacuee,,Evacuee;328;in triage state;G;is at the evacuation site
0,299,filterLoc,,
0,300,evacuee,,Evacuee;327;in triage state;G;is at the evacuation site
0,302,filterLoc,,
0,303,evacuee,,Evacuee;410;in triage state;G;is at the evacuation site
0,305,filterLoc,,
0,306,evacuee,,Evacuee;326;in triage state;G;is at the evacuation site
0,308,filterLoc,,
0,309,evacuee,,Evacuee;466;in triage state;G;is at the evacuation site
0,311,filterLoc,,
0,312,evacuee,,Evacuee;325;in triage state;G;is at the evacuation site
0,314,filterLoc,,
0,315,evacuee,,Evacuee;365;in triage state;G;is at the evacuation site
0,317,filterLoc,,
0,318,evacuee,,Evacuee;322;in triage state;G;is at the evacuation site
0,320,filterLoc,,
0,321,evacuee,,Evacuee;321;in triage state;G;is at the evacuation site
0,323,filterLoc,,
0,324,evacuee,,Evacuee;319;in triage state;G;is at the evacuation site
0,326,filterLoc,,
0,327,evacuee,,Evacuee;318;in triage state;G;is at the evacuation site
0,329,filterLoc,,
0,330,evacuee,,Evacuee;317;in triage state;G;is at the evacuation site
0,332,filterLoc,,
0,333,evacuee,,Evacuee;460;in triage state;G;is at the evacuation site
0,335,filterLoc,,
0,336,evacuee,,Evacuee;316;in triage state;G;is at the evacuation site
0,338,filterLoc,,
0,339,evacuee,,Evacuee;446;in triage state;G;is at the evacuation site
0,341,filterLoc,,
0,342,evacuee,,Evacuee;313;in triage state;G;is at the evacuation site
0,344,filterLoc,,
0,345,evacuee,,Evacuee;443;in triage state;G;is at the evacuation site
0,347,filterLoc,,
0,348,evacuee,,Evacuee;312;in triage state;G;is at the evacuation site
0,350,filterLoc,,
0,351,evacuee,,Evacuee;309;in triage state;G;is at the evacuation site
0,353,filterLoc,,
0,354,evacuee,,Evacuee;306;in triage state;G;is at the evacuation site
0,356,filterLoc,,
0,357,evacuee,,Evacuee;305;in triage state;G;is at the evacuation site
0,359,filterLoc,,
0,360,evacuee,,Evacuee;303;in triage state;G;is at the evacuation site
0,362,filterLoc,,
0,363,evacuee,,Evacuee;295;in triage state;G;is at the evacuation site
0,365,filterLoc,,
0,366,evacuee,,Evacuee;352;in triage state;G;is at the evacuation site
0,368,filterLoc,,
0,369,evacuee,,Evacuee;293;in triage state;G;is at the evacuation site
0,371,filterLoc,,
0,372,evacuee,,Evacuee;488;in triage state;Y;is at the evacuation site
0,374,filterLoc,,
0,375,evacuee,,Evacuee;413;in triage state;G;is at the evacuation site
0,377,filterLoc,,
0,378,evacuee,,Evacuee;292;in triage state;G;is at the evacuation site
0,380,filterLoc,,
0,381,evacuee,,Evacuee;291;in triage state;G;is at the evacuation site
0,383,filterLoc,,
0,384,evacuee,,Evacuee;290;in triage state;G;is at the evacuation site
0,386,filterLoc,,
0,387,evacuee,,Evacuee;350;in triage state;G;is at the evacuation site
0,389,filterLoc,,
0,390,evacuee,,Evacuee;288;in triage state;G;is at the evacuation site
0,392,filterLoc,,
0,393,evacuee,,Evacuee;287;in triage state;G;is at the evacuation site
0,395,filterLoc,,
0,396,evacuee,,Evacuee;415;in triage state;G;is at the evacuation site
0,398,filterLoc,,
0,399,evacuee,,Evacuee;376;in triage state;G;is at the evacuation site
0,401,filterLoc,,
0,402,evacuee,,Evacuee;284;in triage state;G;is at the evacuation site
0,404,filterLoc,,
0,405,evacuee,,Evacuee;283;in triage state;G;is at the evacuation site
0,407,filterLoc,,
0,408,evacuee,,Evacuee;282;in triage state;G;is at the evacuation site
0,410,filterLoc,,
0,411,evacuee,,Evacuee;281;in triage state;G;is at the evacuation site
0,413,filterLoc,,
0,414,evacuee,,Evacuee;280;in triage state;G;is at the evacuation site
0,416,filterLoc,,
0,417,evacuee,,Evacuee;333;in triage state;G;is at the evacuation site
0,419,filterLoc,,
0,420,evacuee,,Evacuee;279;in triage state;G;is at the evacuation site
0,422,filterLoc,,
0,423,evacuee,,Evacuee;278;in triage state;G;is at the evacuation site
0,425,filterLoc,,
0,426,evacuee,,Evacuee;277;in triage state;G;is at the evacuation site
0,428,filterLoc,,
0,429,evacuee,,Evacuee;315;in triage state;G;is at the evacuation site
0,431,filterLoc,,
0,432,evacuee,,Evacuee;274;in triage state;G;is at the evacuation site
0,434,filterLoc,,
0,435,evacuee,,Evacuee;273;in triage state;G;is at the evacuation site
0,437,filterLoc,,
0,438,evacuee,,Evacuee;337;in triage state;G;is at the evacuation site
0,440,filterLoc,,
0,441,evacuee,,Evacuee;301;in triage state;G;is at the evacuation site
0,443,filterLoc,,
0,444,evacuee,,Evacuee;272;in triage state;G;is at the evacuation site
0,446,filterLoc,,
0,447,evacuee,,Evacuee;270;in triage state;G;is at the evacuation site
0,449,filterLoc,,
0,450,evacuee,,Evacuee;264;in triage state;G;is at the evacuation site
0,452,filterLoc,,
0,453,evacuee,,Evacuee;262;in triage state;G;is at the evacuation site
0,455,filterLoc,,
0,456,evacuee,,Evacuee;260;in triage state;G;is at the evacuation site
0,458,filterLoc,,
0,459,evacuee,,Evacuee;259;in triage state;G;is at the evacuation site
0,461,filterLoc,,
0,462,evacuee,,Evacuee;125;in triage state;G;is at the evacuation site
0,464,filterLoc,,
0,465,evacuee,,Evacuee;114;in triage state;G;is at the evacuation site
0,467,filterLoc,,
0,468,evacuee,,Evacuee;289;in triage state;G;is at the evacuation site
0,470,filterLoc,,
0,471,evacuee,,Evacuee;88;in triage state;G;is at the evacuation site
0,473,filterLoc,,
0,474,evacuee,,Evacuee;449;in triage state;G;is at the evacuation site
0,476,filterLoc,,
0,477,evacuee,,Evacuee;122;in triage state;G;is at the evacuation site
0,479,filterLoc,,
0,480,evacuee,,Evacuee;108;in triage state;G;is at the evacuation site
0,482,filterLoc,,
0,483,evacuee,,Evacuee;276;in triage state;G;is at the evacuation site
0,485,filterLoc,,
0,486,evacuee,,Evacuee;121;in triage state;G;is at the evacuation site
0,488,filterLoc,,
0,489,evacuee,,Evacuee;386;in triage state;G;is at the evacuation site
0,491,filterLoc,,
0,492,evacuee,,Evacuee;117;in triage state;G;is at the evacuation site
0,494,filterLoc,,
0,495,evacuee,,Evacuee;192;in triage state;G;is at the evacuation site
0,497,filterLoc,,
0,498,evacuee,,Evacuee;432;in triage state;G;is at the evacuation site
0,500,filterLoc,,
0,501,evacuee,,Evacuee;245;in triage state;G;is at the evacuation site
0,503,filterLoc,,
0,504,evacuee,,Evacuee;310;in triage state;G;is at the evacuation site
0,506,filterLoc,,
0,507,evacuee,,Evacuee;118;in triage state;G;is at the evacuation site
0,509,filterLoc,,
0,510,evacuee,,Evacuee;502;in triage state;R;is at the evacuation site
0,512,filterLoc,,
0,513,evacuee,,Evacuee;491;in triage state;Y;is at the evacuation site
0,515,filterLoc,,
0,516,evacuee,,Evacuee;470;in triage state;G;is at the evacuation site
0,518,filterLoc,,
0,519,evacuee,,Evacuee;469;in triage state;G;is at the evacuation site
0,521,filterLoc,,
0,522,evacuee,,Evacuee;215;in triage state;G;is at the evacuation site
0,524,filterLoc,,
0,525,evacuee,,Evacuee;345;in triage state;G;is at the evacuation site
0,527,filterLoc,,
0,528,evacuee,,Evacuee;302;in triage state;G;is at the evacuation site
0,530,filterLoc,,
0,531,evacuee,,Evacuee;112;in triage state;G;is at the evacuation site
0,533,filterLoc,,
0,534,evacuee,,Evacuee;299;in triage state;G;is at the evacuation site
0,536,filterLoc,,
0,537,evacuee,,Evacuee;109;in triage state;G;is at the evacuation site
0,539,filterLoc,,
0,540,evacuee,,Evacuee;373;in triage state;G;is at the evacuation site
0,542,filterLoc,,
0,543,evacuee,,Evacuee;358;in triage state;G;is at the evacuation site
0,545,filterLoc,,
0,546,evacuee,,Evacuee;188;in triage state;G;is at the evacuation site
0,548,filterLoc,,
0,549,evacuee,,Evacuee;106;in triage state;G;is at the evacuation site
0,551,filterLoc,,
0,552,evacuee,,Evacuee;311;in triage state;G;is at the evacuation site
0,554,filterLoc,,
0,555,evacuee,,Evacuee;148;in triage state;G;is at the evacuation site
0,557,filterLoc,,
0,558,evacuee,,Evacuee;235;in triage state;G;is at the evacuation site
0,560,filterLoc,,
0,561,evacuee,,Evacuee;105;in triage state;G;is at the evacuation site
0,563,filterLoc,,
0,564,evacuee,,Evacuee;424;in triage state;G;is at the evacuation site
0,566,filterLoc,,
0,567,evacuee,,Evacuee;269;in triage state;G;is at the evacuation site
0,569,filterLoc,,
0,570,evacuee,,Evacuee;103;in triage state;G;is at the evacuation site
0,572,filterEvac,,
0,573,filterES,,
0,574,helicopter,,Helicopter;5;is unloading people at the FOL;;and has;0;spots taken
0,576,filterLoc,,
0,577,evacuee,,Evacuee;124;in triage state;G;is at the evacuation site
0,579,filterLoc,,
0,580,evacuee,,Evacuee;111;in triage state;G;is at the evacuation site
0,582,filterLoc,,
0,583,evacuee,,Evacuee;39;in triage state;G;is at the evacuation site
0,585,filterLoc,,
0,586,evacuee,,Evacuee;228;in triage state;G;is at the evacuation site
0,588,filterLoc,,
0,589,evacuee,,Evacuee;497;in triage state;Y;is at the evacuation site
0,591,filterLoc,,
0,592,evacuee,,Evacuee;101;in triage state;G;is at the evacuation site
0,594,filterLoc,,
0,595,evacuee,,Evacuee;142;in triage state;G;is at the evacuation site
0,597,filterLoc,,
0,598,evacuee,,Evacuee;99;in triage state;G;is at the evacuation site
0,600,filterLoc,,
0,601,evacuee,,Evacuee;485;in triage state;Y;is at the evacuation site
0,603,filterLoc,,
0,604,evacuee,,Evacuee;324;in triage state;G;is at the evacuation site
0,606,filterLoc,,
0,607,evacuee,,Evacuee;95;in triage state;G;is at the evacuation site
0,609,filterLoc,,
0,610,evacuee,,Evacuee;447;in triage state;G;is at the evacuation site
0,612,filterLoc,,
0,613,evacuee,,Evacuee;361;in triage state;G;is at the evacuation site
0,615,filterLoc,,
0,616,evacuee,,Evacuee;342;in triage state;G;is at the evacuation site
0,618,filterLoc,,
0,619,evacuee,,Evacuee;93;in triage state;G;is at the evacuation site
0,621,filterLoc,,
0,622,evacuee,,Evacuee;136;in triage state;G;is at the evacuation site
0,624,filterLoc,,
0,625,evacuee,,Evacuee;412;in triage state;G;is at the evacuation site
0,627,filterLoc,,
0,628,evacuee,,Evacuee;90;in triage state;G;is at the evacuation site
0,630,filterLoc,,
0,631,evacuee,,Evacuee;83;in triage state;G;is at the evacuation site
0,633,filterLoc,,
0,634,evacuee,,Evacuee;127;in triage state;G;is at the evacuation site
0,636,filterLoc,,
0,637,evacuee,,Evacuee;49;in triage state;G;is at the evacuation site
0,639,filterLoc,,
0,640,evacuee,,Evacuee;87;in triage state;G;is at the evacuation site
0,642,filterLoc,,
0,643,evacuee,,Evacuee;297;in triage state;G;is at the evacuation site
0,645,filterLoc,,
0,646,evacuee,,Evacuee;86;in triage state;G;is at the evacuation site
0,648,filterLoc,,
0,649,evacuee,,Evacuee;51;in triage state;G;is at the evacuation site
0,651,filterLoc,,
0,652,evacuee,,Evacuee;444;in triage state;G;is at the evacuation site
0,654,filterLoc,,
0,655,evacuee,,Evacuee;80;in triage state;G;is at the evacuation site
0,657,filterLoc,,
0,658,evacuee,,Evacuee;79;in triage state;G;is at the evacuation site
0,660,filterLoc,,
0,661,evacuee,,Evacuee;115;in triage state;G;is at the evacuation site
0,663,filterLoc,,
0,664,evacuee,,Evacuee;98;in triage state;G;is at the evacuation site
0,666,filterLoc,,
0,667,evacuee,,Evacuee;356;in triage state;G;is at the evacuation site
0,669,filterLoc,,
0,670,evacuee,,Evacuee;78;in triage state;G;is at the evacuation site
0,672,filterLoc,,
0,673,evacuee,,Evacuee;213;in triage state;G;is at the evacuation site
0,675,filterLoc,,
0,676,evacuee,,Evacuee;344;in triage state;G;is at the evacuation site
0,678,filterLoc,,
0,679,evacuee,,Evacuee;77;in triage state;G;is at the evacuation site
0,681,filterLoc,,
0,682,evacuee,,Evacuee;156;in triage state;G;is at the evacuation site
0,684,filterLoc,,
0,685,evacuee,,Evacuee;300;in triage state;G;is at the evacuation site
0,687,filterLoc,,
0,688,evacuee,,Evacuee;165;in triage state;G;is at the evacuation site
0,690,filterLoc,,
0,691,evacuee,,Evacuee;454;in triage state;G;is at the evacuation site
0,693,filterLoc,,
0,694,evacuee,,Evacuee;440;in triage state;G;is at the evacuation site
0,696,filterLoc,,
0,697,evacuee,,Evacuee;76;in triage state;G;is at the evacuation site
0,699,filterLoc,,
0,700,evacuee,,Evacuee;431;in triage state;G;is at the evacuation site
0,702,filterLoc,,
0,703,evacuee,,Evacuee;74;in triage state;G;is at the evacuation site
0,705,filterLoc,,
0,706,evacuee,,Evacuee;363;in triage state;G;is at the evacuation site
0,708,filterLoc,,
0,709,evacuee,,Evacuee;251;in triage state;G;is at the evacuation site
0,711,filterLoc,,
0,712,evacuee,,Evacuee;128;in triage state;G;is at the evacuation site
0,714,filterLoc,,
0,715,evacuee,,Evacuee;134;in triage state;G;is at the evacuation site
0,717,filterLoc,,
0,718,evacuee,,Evacuee;199;in triage state;G;is at the evacuation site
0,720,filterLoc,,
0,721,evacuee,,Evacuee;66;in triage state;G;is at the evacuation site
0,723,filterLoc,,
0,724,evacuee,,Evacuee;62;in triage state;G;is at the evacuation site
0,726,filterLoc,,
0,727,evacuee,,Evacuee;223;in triage state;G;is at the evacuation site
0,729,filterLoc,,
0,730,evacuee,,Evacuee;135;in triage state;G;is at the evacuation site
0,732,filterLoc,,
0,733,evacuee,,Evacuee;15;in triage state;G;is at the evacuation site
0,735,filterLoc,,
0,736,evacuee,,Evacuee;474;in triage state;G;is at the evacuation site
0,738,filterLoc,,
0,739,evacuee,,Evacuee;17;in triage state;G;is at the evacuation site
0,741,filterLoc,,
0,742,evacuee,,Evacuee;481;in triage state;Y;is at the evacuation site
0,744,filterLoc,,
0,745,evacuee,,Evacuee;179;in triage state;G;is at the evacuation site
0,747,filterLoc,,
0,748,evacuee,,Evacuee;147;in triage state;G;is at the evacuation site
0,750,filterLoc,,
0,751,evacuee,,Evacuee;65;in triage state;G;is at the evacuation site
0,753,filterLoc,,
0,754,evacuee,,Evacuee;14;in triage state;G;is at the evacuation site
0,756,filterLoc,,
0,757,evacuee,,Evacuee;218;in triage state;G;is at the evacuation site
0,759,filterLoc,,
0,760,evacuee,,Evacuee;2;in triage state;G;is at the evacuation site
0,762,filterLoc,,
0,763,evacuee,,Evacuee;33;in triage state;G;is at the evacuation site
0,765,filterLoc,,
0,766,evacuee,,Evacuee;271;in triage state;G;is at the evacuation site
0,768,filterLoc,,
0,769,evacuee,,Evacuee;9;in triage state;G;is at the evacuation site
0,771,filterLoc,,
0,772,evacuee,,Evacuee;25;in triage state;G;is at the evacuation site
0,774,filterLoc,,
0,775,evacuee,,Evacuee;334;in triage state;G;is at the evacuation site
0,777,filterLoc,,
0,778,evacuee,,Evacuee;70;in triage state;G;is at the evacuation site
0,780,filterLoc,,
0,781,evacuee,,Evacuee;5;in triage state;G;is at the evacuation site
0,783,filterLoc,,
0,784,evacuee,,Evacuee;250;in triage state;G;is at the evacuation site
0,786,filterLoc,,
0,787,evacuee,,Evacuee;107;in triage state;G;is at the evacuation site
0,789,filterLoc,,
0,790,evacuee,,Evacuee;229;in triage state;G;is at the evacuation site
0,792,filterLoc,,
0,793,evacuee,,Evacuee;110;in triage state;G;is at the evacuation site
0,795,filterLoc,,
0,796,evacuee,,Evacuee;141;in triage state;G;is at the evacuation site
0,798,filterLoc,,
0,799,evacuee,,Evacuee;133;in triage state;G;is at the evacuation site
0,801,filterLoc,,
0,802,evacuee,,Evacuee;493;in triage state;Y;is at the evacuation site
0,804,filterLoc,,
0,805,evacuee,,Evacuee;473;in triage state;G;is at the evacuation site
0,807,filterLoc,,
0,808,evacuee,,Evacuee;400;in triage state;G;is at the evacuation site
0,810,filterLoc,,
0,811,evacuee,,Evacuee;268;in triage state;G;is at the evacuation site
0,813,filterLoc,,
0,814,evacuee,,Evacuee;100;in triage state;G;is at the evacuation site
0,816,filterLoc,,
0,817,evacuee,,Evacuee;29;in triage state;G;is at the evacuation site
0,819,filterLoc,,
0,820,evacuee,,Evacuee;158;in triage state;G;is at the evacuation site
0,822,filterLoc,,
0,823,evacuee,,Evacuee;187;in triage state;G;is at the evacuation site
0,825,filterLoc,,
0,826,evacuee,,Evacuee;85;in triage state;G;is at the evacuation site
0,828,filterLoc,,
0,829,evacuee,,Evacuee;487;in triage state;Y;is at the evacuation site
0,831,filterLoc,,
0,832,evacuee,,Evacuee;71;in triage state;G;is at the evacuation site
0,834,filterLoc,,
0,835,evacuee,,Evacuee;332;in triage state;G;is at the evacuation site
0,837,filterLoc,,
0,838,evacuee,,Evacuee;81;in triage state;G;is at the evacuation site
0,840,filterLoc,,
0,841,evacuee,,Evacuee;104;in triage state;G;is at the evacuation site
0,843,filterLoc,,
0,844,evacuee,,Evacuee;40;in triage state;G;is at the evacuation site
0,846,filterLoc,,
0,847,evacuee,,Evacuee;97;in triage state;G;is at the evacuation site
0,849,filterLoc,,
0,850,evacuee,,Evacuee;453;in triage state;G;is at the evacuation site
0,852,filterLoc,,
0,853,evacuee,,Evacuee;285;in triage state;G;is at the evacuation site
0,855,filterLoc,,
0,856,evacuee,,Evacuee;89;in triage state;G;is at the evacuation site
0,858,filterLoc,,
0,859,evacuee,,Evacuee;394;in triage state;G;is at the evacuation site
0,861,filterLoc,,
0,862,evacuee,,Evacuee;240;in triage state;G;is at the evacuation site
0,864,filterLoc,,
0,865,evacuee,,Evacuee;8;in triage state;G;is at the evacuation site
0,867,filterLoc,,
0,868,evacuee,,Evacuee;3;in triage state;G;is at the evacuation site
0,870,filterLoc,,
0,871,evacuee,,Evacuee;172;in triage state;G;is at the evacuation site
0,873,filterLoc,,
0,874,evacuee,,Evacuee;256;in triage state;G;is at the evacuation site
0,876,filterLoc,,
0,877,evacuee,,Evacuee;347;in triage state;G;is at the evacuation site
0,879,filterLoc,,
0,880,evacuee,,Evacuee;82;in triage state;G;is at the evacuation site
0,882,filterLoc,,
0,883,evacuee,,Evacuee;54;in triage state;G;is at the evacuation site
0,885,filterLoc,,
0,886,evacuee,,Evacuee;368;in triage state;G;is at the evacuation site
0,888,filterLoc,,
0,889,evacuee,,Evacuee;4;in triage state;G;is at the evacuation site
0,891,filterLoc,,
0,892,evacuee,,Evacuee;18;in triage state;G;is at the evacuation site
0,894,filterLoc,,
0,895,evacuee,,Evacuee;387;in triage state;G;is at the evacuation site
0,897,filterLoc,,
0,898,evacuee,,Evacuee;246;in triage state;G;is at the evacuation site
0,900,filterLoc,,
0,901,evacuee,,Evacuee;22;in triage state;G;is at the evacuation site
0,903,filterLoc,,
0,904,evacuee,,Evacuee;92;in triage state;G;is at the evacuation site
0,906,filterLoc,,
0,907,evacuee,,Evacuee;44;in triage state;G;is at the evacuation site
0,909,filterLoc,,
0,910,evacuee,,Evacuee;150;in triage state;G;is at the evacuation site
0,912,filterLoc,,
0,913,evacuee,,Evacuee;119;in triage state;G;is at the evacuation site
0,915,filterLoc,,
0,916,evacuee,,Evacuee;6;in triage state;G;is at the evacuation site
0,918,filterLoc,,
0,919,evacuee,,Evacuee;173;in triage state;G;is at the evacuation site
0,921,filterLoc,,
0,922,evacuee,,Evacuee;157;in triage state;G;is at the evacuation site
0,924,filterLoc,,
0,925,evacuee,,Evacuee;451;in triage state;G;is at the evacuation site
0,927,filterLoc,,
0,928,evacuee,,Evacuee;359;in triage state;G;is at the evacuation site
0,930,filterLoc,,
0,931,evacuee,,Evacuee;286;in triage state;G;is at the evacuation site
0,933,filterLoc,,
0,934,evacuee,,Evacuee;196;in triage state;G;is at the evacuation site
0,936,filterLoc,,
0,937,evacuee,,Evacuee;407;in triage state;G;is at the evacuation site
0,939,filterLoc,,
0,940,evacuee,,Evacuee;132;in triage state;G;is at the evacuation site
0,942,filterLoc,,
0,943,evacuee,,Evacuee;31;in triage state;G;is at the evacuation site
0,945,filterLoc,,
0,946,evacuee,,Evacuee;38;in triage state;G;is at the evacuation site
0,948,filterLoc,,
0,949,evacuee,,Evacuee;10;in triage state;G;is at the evacuation site
0,951,filterLoc,,
0,952,evacuee,,Evacuee;26;in triage state;G;is at the evacuation site
0,954,filterLoc,,
0,955,evacuee,,Evacuee;343;in triage state;G;is at the evacuation site
0,957,filterLoc,,
0,958,evacuee,,Evacuee;241;in triage state;G;is at the evacuation site
0,960,filterLoc,,
0,961,evacuee,,Evacuee;418;in triage state;G;is at the evacuation site
0,963,filterLoc,,
0,964,evacuee,,Evacuee;75;in triage state;G;is at the evacuation site
0,966,filterLoc,,
0,967,evacuee,,Evacuee;37;in triage state;G;is at the evacuation site
0,969,filterLoc,,
0,970,evacuee,,Evacuee;496;in triage state;Y;is at the evacuation site
0,972,filterLoc,,
0,973,evacuee,,Evacuee;209;in triage state;G;is at the evacuation site
0,975,filterLoc,,
0,976,evacuee,,Evacuee;402;in triage state;G;is at the evacuation site
0,978,filterLoc,,
0,979,evacuee,,Evacuee;320;in triage state;G;is at the evacuation site
0,981,filterLoc,,
0,982,evacuee,,Evacuee;116;in triage state;G;is at the evacuation site
0,984,filterLoc,,
0,985,evacuee,,Evacuee;61;in triage state;G;is at the evacuation site
0,987,filterLoc,,
0,988,evacuee,,Evacuee;52;in triage state;G;is at the evacuation site
0,990,filterLoc,,
0,991,evacuee,,Evacuee;41;in triage state;G;is at the evacuation site
0,993,filterLoc,,
0,994,evacuee,,Evacuee;304;in triage state;G;is at the evacuation site
0,996,filterLoc,,
0,997,evacuee,,Evacuee;154;in triage state;G;is at the evacuation site
0,999,filterLoc,,
0,1000,evacuee,,Evacuee;421;in triage state;G;is at the evacuation site
0,1002,filterLoc,,
0,1003,evacuee,,Evacuee;405;in triage state;G;is at the evacuation site
0,1005,filterLoc,,
0,1006,evacuee,,Evacuee;21;in triage state;G;is at the evacuation site
0,1008,filterLoc,,
0,1009,evacuee,,Evacuee;68;in triage state;G;is at the evacuation site
0,1011,filterLoc,,
0,1012,evacuee,,Evacuee;72;in triage state;G;is at the evacuation site
0,1014,filterLoc,,
0,1015,evacuee,,Evacuee;46;in triage state;G;is at the evacuation site
0,1017,filterLoc,,
0,1018,evacuee,,Evacuee;53;in triage state;G;is at the evacuation site
0,1020,filterLoc,,
0,1021,evacuee,,Evacuee;220;in triage state;G;is at the evacuation site
0,1023,filterLoc,,
0,1024,evacuee,,Evacuee;355;in triage state;G;is at the evacuation site
0,1026,filterLoc,,
0,1027,evacuee,,Evacuee;23;in triage state;G;is at the evacuation site
0,1029,filterLoc,,
0,1030,evacuee,,Evacuee;200;in triage state;G;is at the evacuation site
0,1032,filterLoc,,
0,1033,evacuee,,Evacuee;255;in triage state;G;is at the evacuation site
0,1035,filterLoc,,
0,1036,evacuee,,Evacuee;13;in triage state;G;is at the evacuation site
0,1038,filterLoc,,
0,1039,evacuee,,Evacuee;24;in triage state;G;is at the evacuation site
0,1041,filterLoc,,
0,1042,evacuee,,Evacuee;32;in triage state;G;is at the evacuation site
0,1044,filterLoc,,
0,1045,evacuee,,Evacuee;34;in triage state;G;is at the evacuation site
0,1047,filterLoc,,
0,1048,evacuee,,Evacuee;64;in triage state;G;is at the evacuation site
0,1050,filterLoc,,
0,1051,evacuee,,Evacuee;429;in triage state;G;is at the evacuation site
0,1053,filterLoc,,
0,1054,evacuee,,Evacuee;102;in triage state;G;is at the evacuation site
0,1056,filterLoc,,
0,1057,evacuee,,Evacuee;160;in triage state;G;is at the evacuation site
0,1059,filterLoc,,
0,1060,evacuee,,Evacuee;20;in triage state;G;is at the evacuation site
0,1062,filterLoc,,
0,1063,evacuee,,Evacuee;35;in triage state;G;is at the evacuation site
0,1065,filterLoc,,
0,1066,evacuee,,Evacuee;155;in triage state;G;is at the evacuation site
0,1068,filterLoc,,
0,1069,evacuee,,Evacuee;36;in triage state;G;is at the evacuation site
0,1071,filterLoc,,
0,1072,evacuee,,Evacuee;198;in triage state;G;is at the evacuation site
0,1074,filterLoc,,
0,1075,evacuee,,Evacuee;84;in triage state;G;is at the evacuation site
0,1077,filterLoc,,
0,1078,evacuee,,Evacuee;42;in triage state;G;is at the evacuation site
0,1080,filterLoc,,
0,1081,evacuee,,Evacuee;91;in triage state;G;is at the evacuation site
0,1083,filterLoc,,
0,1084,evacuee,,Evacuee;43;in triage state;G;is at the evacuation site
0,1086,filterLoc,,
0,1087,evacuee,,Evacuee;30;in triage state;G;is at the evacuation site
0,1089,filterLoc,,
0,1090,evacuee,,Evacuee;336;in triage state;G;is at the evacuation site
0,1092,filterLoc,,
0,1093,evacuee,,Evacuee;307;in triage state;G;is at the evacuation site
0,1095,filterLoc,,
0,1096,evacuee,,Evacuee;212;in triage state;G;is at the evacuation site
0,1098,filterLoc,,
0,1099,evacuee,,Evacuee;391;in triage state;G;is at the evacuation site
0,1101,filterLoc,,
0,1102,evacuee,,Evacuee;388;in triage state;G;is at the evacuation site
0,1104,filterLoc,,
0,1105,evacuee,,Evacuee;55;in triage state;G;is at the evacuation site
0,1107,filterLoc,,
0,1108,evacuee,,Evacuee;48;in triage state;G;is at the evacuation site
0,1110,filterLoc,,
0,1111,evacuee,,Evacuee;144;in triage state;G;is at the evacuation site
0,1113,filterLoc,,
0,1114,evacuee,,Evacuee;50;in triage state;G;is at the evacuation site
0,1116,filterLoc,,
0,1117,evacuee,,Evacuee;19;in triage state;G;is at the evacuation site
0,1119,filterLoc,,
0,1120,evacuee,,Evacuee;182;in triage state;G;is at the evacuation site
0,1122,filterLoc,,
0,1123,evacuee,,Evacuee;490;in triage state;Y;is at the evacuation site
0,1125,filterLoc,,
0,1126,evacuee,,Evacuee;266;in triage state;G;is at the evacuation site
0,1128,filterLoc,,
0,1129,evacuee,,Evacuee;120;in triage state;G;is at the evacuation site
0,1131,filterEvac,,
0,1132,filterES,,
0,1133,helicopter,,Helicopter;2;is unloading people at the FOL;;and has;0;spots taken
0,1135,filterLoc,,
0,1136,evacuee,,Evacuee;94;in triage state;G;is at the evacuation site
0,1138,filterLoc,,
0,1139,evacuee,,Evacuee;63;in triage state;G;is at the evacuation site
0,1141,filterLoc,,
0,1142,evacuee,,Evacuee;175;in triage state;G;is at the evacuation site
0,1144,filterLoc,,
0,1145,evacuee,,Evacuee;47;in triage state;G;is at the evacuation site
0,1147,filterLoc,,
0,1148,evacuee,,Evacuee;56;in triage state;G;is at the evacuation site
0,1150,filterLoc,,
0,1151,evacuee,,Evacuee;367;in triage state;G;is at the evacuation site
0,1153,filterLoc,,
0,1154,evacuee,,Evacuee;364;in triage state;G;is at the evacuation site
0,1156,filterLoc,,
0,1157,evacuee,,Evacuee;208;in triage state;G;is at the evacuation site
0,1159,filterLoc,,
0,1160,evacuee,,Evacuee;57;in triage state;G;is at the evacuation site
0,1162,filterLoc,,
0,1163,evacuee,,Evacuee;231;in triage state;G;is at the evacuation site
0,1165,filterLoc,,
0,1166,evacuee,,Evacuee;261;in triage state;G;is at the evacuation site
0,1168,filterLoc,,
0,1169,evacuee,,Evacuee;45;in triage state;G;is at the evacuation site
0,1171,filterEvac,,
0,1172,filterES,,
0,1173,helicopter,,Helicopter;1;is unloading people at the FOL;;and has;0;spots taken
0,1175,filterLoc,,
0,1176,evacuee,,Evacuee;263;in triage state;G;is at the evacuation site
0,1178,filterLoc,,
0,1179,evacuee,,Evacuee;190;in triage state;G;is at the evacuation site
0,1181,filterLoc,,
0,1182,evacuee,,Evacuee;465;in triage state;G;is at the evacuation site
0,1184,filterLoc,,
0,1185,evacuee,,Evacuee;60;in triage state;G;is at the evacuation site
0,1187,filterLoc,,
0,1188,evacuee,,Evacuee;385;in triage state;G;is at the evacuation site
0,1190,filterLoc,,
0,1191,evacuee,,Evacuee;181;in triage state;G;is at the evacuation site
0,1193,filterLoc,,
0,1194,evacuee,,Evacuee;416;in triage state;G;is at the evacuation site
0,1196,filterLoc,,
0,1197,evacuee,,Evacuee;129;in triage state;G;is at the evacuation site
0,1199,filterLoc,,
0,1200,evacuee,,Evacuee;308;in triage state;G;is at the evacuation site
0,1202,filterLoc,,
0,1203,evacuee,,Evacuee;131;in triage state;G;is at the evacuation site
0,1205,filterLoc,,
0,1206,evacuee,,Evacuee;137;in triage state;G;is at the evacuation site
0,1208,filterLoc,,
0,1209,evacuee,,Evacuee;138;in triage state;G;is at the evacuation site
0,1211,filterLoc,,
0,1212,evacuee,,Evacuee;265;in triage state;G;is at the evacuation site
0,1214,filterLoc,,
0,1215,evacuee,,Evacuee;139;in triage state;G;is at the evacuation site
0,1217,filterLoc,,
0,1218,evacuee,,Evacuee;194;in triage state;G;is at the evacuation site
0,1220,filterLoc,,
0,1221,evacuee,,Evacuee;140;in triage state;G;is at the evacuation site
0,1223,filterLoc,,
0,1224,evacuee,,Evacuee;130;in triage state;G;is at the evacuation site
0,1226,filterLoc,,
0,1227,evacuee,,Evacuee;143;in triage state;G;is at the evacuation site
0,1229,filterLoc,,
0,1230,evacuee,,Evacuee;149;in triage state;G;is at the evacuation site
0,1232,filterLoc,,
0,1233,evacuee,,Evacuee;296;in triage state;G;is at the evacuation site
0,1235,filterLoc,,
0,1236,evacuee,,Evacuee;151;in triage state;G;is at the evacuation site
0,1238,filterLoc,,
0,1239,evacuee,,Evacuee;222;in triage state;G;is at the evacuation site
0,1241,filterLoc,,
0,1242,evacuee,,Evacuee;152;in triage state;G;is at the evacuation site
0,1244,filterLoc,,
0,1245,evacuee,,Evacuee;153;in triage state;G;is at the evacuation site
0,1247,filterLoc,,
0,1248,evacuee,,Evacuee;67;in triage state;G;is at the evacuation site
0,1250,filterLoc,,
0,1251,evacuee,,Evacuee;123;in triage state;G;is at the evacuation site
0,1253,filterLoc,,
0,1254,evacuee,,Evacuee;159;in triage state;G;is at the evacuation site
0,1256,filterLoc,,
0,1257,evacuee,,Evacuee;161;in triage state;G;is at the evacuation site
0,1259,filterLoc,,
0,1260,evacuee,,Evacuee;28;in triage state;G;is at the evacuation site
0,1262,filterLoc,,
0,1263,evacuee,,Evacuee;126;in triage state;G;is at the evacuation site
0,1265,filterLoc,,
0,1266,evacuee,,Evacuee;234;in triage state;G;is at the evacuation site
0,1268,filterLoc,,
0,1269,evacuee,,Evacuee;162;in triage state;G;is at the evacuation site
0,1271,filterLoc,,
0,1272,evacuee,,Evacuee;163;in triage state;G;is at the evacuation site
0,1274,filterLoc,,
0,1275,evacuee,,Evacuee;166;in triage state;G;is at the evacuation site
0,1277,filterLoc,,
0,1278,evacuee,,Evacuee;16;in triage state;G;is at the evacuation site
0,1280,filterLoc,,
0,1281,evacuee,,Evacuee;242;in triage state;G;is at the evacuation site
0,1283,filterLoc,,
0,1284,evacuee,,Evacuee;178;in triage state;G;is at the evacuation site
0,1286,filterLoc,,
0,1287,evacuee,,Evacuee;438;in triage state;G;is at the evacuation site
0,1289,filterLoc,,
0,1290,evacuee,,Evacuee;146;in triage state;G;is at the evacuation site
0,1292,filterLoc,,
0,1293,evacuee,,Evacuee;167;in triage state;G;is at the evacuation site
0,1295,filterLoc,,
0,1296,evacuee,,Evacuee;145;in triage state;G;is at the evacuation site
0,1298,filterLoc,,
0,1299,evacuee,,Evacuee;168;in triage state;G;is at the evacuation site
0,1301,filterLoc,,
0,1302,evacuee,,Evacuee;176;in triage state;G;is at the evacuation site
0,1304,filterLoc,,
0,1305,evacuee,,Evacuee;230;in triage state;G;is at the evacuation site
0,1307,filterLoc,,
0,1308,evacuee,,Evacuee;169;in triage state;G;is at the evacuation site
0,1310,filterLoc,,
0,1311,evacuee,,Evacuee;170;in triage state;G;is at the evacuation site
0,1313,filterLoc,,
0,1314,evacuee,,Evacuee;171;in triage state;G;is at the evacuation site
0,1316,filterLoc,,
0,1317,evacuee,,Evacuee;174;in triage state;G;is at the evacuation site
0,1319,filterLoc,,
0,1320,evacuee,,Evacuee;177;in triage state;G;is at the evacuation site
0,1322,filterLoc,,
0,1323,evacuee,,Evacuee;435;in triage state;G;is at the evacuation site
0,1325,filterLoc,,
0,1326,evacuee,,Evacuee;58;in triage state;G;is at the evacuation site
0,1328,filterLoc,,
0,1329,evacuee,,Evacuee;203;in triage state;G;is at the evacuation site
0,1331,filterLoc,,
0,1332,evacuee,,Evacuee;232;in triage state;G;is at the evacuation site
0,1334,filterLoc,,
0,1335,evacuee,,Evacuee;183;in triage state;G;is at the evacuation site
0,1337,filterLoc,,
0,1338,evacuee,,Evacuee;184;in triage state;G;is at the evacuation site
0,1340,filterLoc,,
0,1341,evacuee,,Evacuee;185;in triage state;G;is at the evacuation site
0,1343,filterLoc,,
0,1344,evacuee,,Evacuee;186;in triage state;G;is at the evacuation site
0,1346,filterLoc,,
0,1347,evacuee,,Evacuee;417;in triage state;G;is at the evacuation site
0,1349,filterLoc,,
0,1350,evacuee,,Evacuee;217;in triage state;G;is at the evacuation site
0,1352,filterLoc,,
0,1353,evacuee,,Evacuee;189;in triage state;G;is at the evacuation site
0,1355,filterLoc,,
0,1356,evacuee,,Evacuee;253;in triage state;G;is at the evacuation site
0,1358,filterLoc,,
0,1359,evacuee,,Evacuee;191;in triage state;G;is at the evacuation site
0,1361,filterLoc,,
0,1362,evacuee,,Evacuee;314;in triage state;G;is at the evacuation site
0,1364,filterLoc,,
0,1365,evacuee,,Evacuee;249;in triage state;G;is at the evacuation site
0,1367,filterLoc,,
0,1368,evacuee,,Evacuee;193;in triage state;G;is at the evacuation site
0,1370,filterLoc,,
0,1371,evacuee,,Evacuee;195;in triage state;G;is at the evacuation site
0,1373,filterLoc,,
0,1374,evacuee,,Evacuee;399;in triage state;G;is at the evacuation site
0,1376,filterLoc,,
0,1377,evacuee,,Evacuee;197;in triage state;G;is at the evacuation site
0,1379,filterLoc,,
0,1380,evacuee,,Evacuee;450;in triage state;G;is at the evacuation site
0,1382,filterLoc,,
0,1383,evacuee,,Evacuee;252;in triage state;G;is at the evacuation site
0,1385,filterLoc,,
0,1386,evacuee,,Evacuee;329;in triage state;G;is at the evacuation site
0,1388,filterLoc,,
0,1389,evacuee,,Evacuee;201;in triage state;G;is at the evacuation site
0,1391,filterLoc,,
0,1392,evacuee,,Evacuee;11;in triage state;G;is at the evacuation site
0,1394,filterLoc,,
0,1395,evacuee,,Evacuee;202;in triage state;G;is at the evacuation site
0,1397,filterLoc,,
0,1398,evacuee,,Evacuee;390;in triage state;G;is at the evacuation site
0,1400,filterLoc,,
0,1401,evacuee,,Evacuee;204;in triage state;G;is at the evacuation site
0,1403,filterLoc,,
0,1404,evacuee,,Evacuee;275;in triage state;G;is at the evacuation site
0,1406,filterLoc,,
0,1407,evacuee,,Evacuee;205;in triage state;G;is at the evacuation site
0,1409,filterLoc,,
0,1410,evacuee,,Evacuee;323;in triage state;G;is at the evacuation site
0,1412,filterLoc,,
0,1413,evacuee,,Evacuee;180;in triage state;G;is at the evacuation site
0,1415,filterLoc,,
0,1416,evacuee,,Evacuee;206;in triage state;G;is at the evacuation site
0,1418,filterLoc,,
0,1419,evacuee,,Evacuee;69;in triage state;G;is at the evacuation site
0,1421,filterLoc,,
0,1422,evacuee,,Evacuee;207;in triage state;G;is at the evacuation site
0,1424,filterLoc,,
0,1425,evacuee,,Evacuee;27;in triage state;G;is at the evacuation site
0,1427,filterLoc,,
0,1428,evacuee,,Evacuee;211;in triage state;G;is at the evacuation site
0,1430,filterLoc,,
0,1431,evacuee,,Evacuee;294;in triage state;G;is at the evacuation site
0,1433,filterLoc,,
0,1434,evacuee,,Evacuee;214;in triage state;G;is at the evacuation site
0,1436,filterLoc,,
0,1437,evacuee,,Evacuee;12;in triage state;G;is at the evacuation site
0,1439,filterLoc,,
0,1440,evacuee,,Evacuee;216;in triage state;G;is at the evacuation site
0,1442,filterLoc,,
0,1443,evacuee,,Evacuee;219;in triage state;G;is at the evacuation site
0,1445,filterLoc,,
0,1446,evacuee,,Evacuee;221;in triage state;G;is at the evacuation site
0,1448,filterLoc,,
0,1449,evacuee,,Evacuee;224;in triage state;G;is at the evacuation site
0,1451,filterLoc,,
0,1452,evacuee,,Evacuee;339;in triage state;G;is at the evacuation site
0,1454,filterLoc,,
0,1455,evacuee,,Evacuee;225;in triage state;G;is at the evacuation site
0,1457,filterLoc,,
0,1458,evacuee,,Evacuee;164;in triage state;G;is at the evacuation site
0,1460,filterLoc,,
0,1461,evacuee,,Evacuee;226;in triage state;G;is at the evacuation site
0,1463,filterLoc,,
0,1464,evacuee,,Evacuee;464;in triage state;G;is at the evacuation site
0,1466,filterLoc,,
0,1467,evacuee,,Evacuee;227;in triage state;G;is at the evacuation site
0,1469,filterLoc,,
0,1470,evacuee,,Evacuee;267;in triage state;G;is at the evacuation site
0,1472,filterLoc,,
0,1473,evacuee,,Evacuee;73;in triage state;G;is at the evacuation site
0,1475,filterLoc,,
0,1476,evacuee,,Evacuee;233;in triage state;G;is at the evacuation site
0,1478,filterLoc,,
0,1479,evacuee,,Evacuee;236;in triage state;G;is at the evacuation site
0,1481,filterLoc,,
0,1482,evacuee,,Evacuee;7;in triage state;G;is at the evacuation site
0,1484,filterLoc,,
0,1485,evacuee,,Evacuee;237;in triage state;G;is at the evacuation site
0,1487,filterLoc,,
0,1488,evacuee,,Evacuee;238;in triage state;G;is at the evacuation site
0,1490,filterLoc,,
0,1491,evacuee,,Evacuee;113;in triage state;G;is at the evacuation site
0,1493,filterLoc,,
0,1494,evacuee,,Evacuee;239;in triage state;G;is at the evacuation site
0,1496,filterLoc,,
0,1497,evacuee,,Evacuee;243;in triage state;G;is at the evacuation site
0,1499,filterLoc,,
0,1500,evacuee,,Evacuee;96;in triage state;G;is at the evacuation site
0,1502,filterLoc,,
0,1503,evacuee,,Evacuee;244;in triage state;G;is at the evacuation site
0,1505,filterLoc,,
0,1506,evacuee,,Evacuee;247;in triage state;G;is at the evacuation site
0,1508,filterLoc,,
0,1509,evacuee,,Evacuee;59;in triage state;G;is at the evacuation site
0,1511,filterLoc,,
0,1512,evacuee,,Evacuee;248;in triage state;G;is at the evacuation site
0,1514,filterLoc,,
0,1515,evacuee,,Evacuee;467;in triage state;G;is at the evacuation site
0,1517,filterLoc,,
0,1518,evacuee,,Evacuee;298;in triage state;G;is at the evacuation site
0,1520,filterLoc,,
0,1521,evacuee,,Evacuee;254;in triage state;G;is at the evacuation site
0,1523,filterLoc,,
0,1524,evacuee,,Evacuee;257;in triage state;G;is at the evacuation site
0,1526,filterLoc,,
0,1527,evacuee,,Evacuee;210;in triage state;G;is at the evacuation site
0,1529,filterLoc,,
0,1530,evacuee,,Evacuee;258;in triage state;G;is at the evacuation site
0,4,helipadManager,outHQ,0
0,4,helipadManager,,;No helos are at ES
0,5,helicopterQueue,,;No helos are waiting to land
0,12,evacuee,,Evacuee;501;in triage state;R;is at the evacuation site
0,15,evacuee,,Evacuee;500;in triage state;R;is at the evacuation site
0,18,evacuee,,Evacuee;494;in triage state;Y;is at the evacuation site
0,21,evacuee,,Evacuee;492;in triage state;Y;is at the evacuation site
0,24,evacuee,,Evacuee;489;in triage state;Y;is at the evacuation site
0,27,evacuee,,Evacuee;486;in triage state;Y;is at the evacuation site
0,30,evacuee,,Evacuee;484;in triage state;Y;is at the evacuation site
0,33,evacuee,,Evacuee;483;in triage state;Y;is at the evacuation site
0,36,evacuee,,Evacuee;482;in triage state;Y;is at the evacuation site
0,39,evacuee,,Evacuee;499;in triage state;R;is at the evacuation site
0,42,evacuee,,Evacuee;479;in triage state;Y;is at the evacuation site
0,45,evacuee,,Evacuee;478;in triage state;Y;is at the evacuation site
0,48,evacuee,,Evacuee;476;in triage state;G;is at the evacuation site
0,51,evacuee,,Evacuee;475;in triage state;G;is at the evacuation site
0,54,evacuee,,Evacuee;472;in triage state;G;is at the evacuation site
0,57,evacuee,,Evacuee;471;in triage state;G;is at the evacuation site
0,60,evacuee,,Evacuee;468;in triage state;G;is at the evacuation site
0,63,evacuee,,Evacuee;463;in triage state;G;is at the evacuation site
0,66,evacuee,,Evacuee;462;in triage state;G;is at the evacuation site
0,69,evacuee,,Evacuee;461;in triage state;G;is at the evacuation site
0,72,evacuee,,Evacuee;459;in triage state;G;is at the evacuation site
0,75,evacuee,,Evacuee;495;in triage state;Y;is at the evacuation site
0,78,evacuee,,Evacuee;458;in triage state;G;is at the evacuation site
0,81,evacuee,,Evacuee;456;in triage state;G;is at the evacuation site
0,84,evacuee,,Evacuee;455;in triage state;G;is at the evacuation site
0,87,evacuee,,Evacuee;448;in triage state;G;is at the evacuation site
0,90,evacuee,,Evacuee;445;in triage state;G;is at the evacuation site
0,93,evacuee,,Evacuee;442;in triage state;G;is at the evacuation site
0,96,evacuee,,Evacuee;441;in triage state;G;is at the evacuation site
0,99,evacuee,,Evacuee;439;in triage state;G;is at the evacuation site
0,102,evacuee,,Evacuee;437;in triage state;G;is at the evacuation site
0,105,evacuee,,Evacuee;436;in triage state;G;is at the evacuation site
0,112,evacuee,,Evacuee;434;in triage state;G;is at the evacuation site
0,115,evacuee,,Evacuee;433;in triage state;G;is at the evacuation site
0,118,evacuee,,Evacuee;428;in triage state;G;is at the evacuation site
0,121,evacuee,,Evacuee;426;in triage state;G;is at the evacuation site
0,124,evacuee,,Evacuee;423;in triage state;G;is at the evacuation site
0,127,evacuee,,Evacuee;420;in triage state;G;is at the evacuation site
0,130,evacuee,,Evacuee;419;in triage state;G;is at the evacuation site
0,133,evacuee,,Evacuee;414;in triage state;G;is at the evacuation site
0,136,evacuee,,Evacuee;411;in triage state;G;is at the evacuation site
0,139,evacuee,,Evacuee;422;in triage state;G;is at the evacuation site
0,142,evacuee,,Evacuee;409;in triage state;G;is at the evacuation site
0,145,evacuee,,Evacuee;408;in triage state;G;is at the evacuation site
0,148,evacuee,,Evacuee;406;in triage state;G;is at the evacuation site
0,151,evacuee,,Evacuee;404;in triage state;G;is at the evacuation site
0,154,evacuee,,Evacuee;403;in triage state;G;is at the evacuation site
0,157,evacuee,,Evacuee;401;in triage state;G;is at the evacuation site
0,160,evacuee,,Evacuee;398;in triage state;G;is at the evacuation site
0,163,evacuee,,Evacuee;397;in triage state;G;is at the evacuation site
0,166,evacuee,,Evacuee;452;in triage state;G;is at the evacuation site
0,169,evacuee,,Evacuee;396;in triage state;G;is at the evacuation site
0,172,evacuee,,Evacuee;395;in triage state;G;is at the evacuation site
0,175,evacuee,,Evacuee;393;in triage state;G;is at the evacuation site
0,178,evacuee,,Evacuee;392;in triage state;G;is at the evacuation site
0,181,evacuee,,Evacuee;389;in triage state;G;is at the evacuation site
0,184,evacuee,,Evacuee;384;in triage state;G;is at the evacuation site
0,187,evacuee,,Evacuee;430;in triage state;G;is at the evacuation site
0,190,evacuee,,Evacuee;383;in triage state;G;is at the evacuation site
0,193,evacuee,,Evacuee;480;in triage state;Y;is at the evacuation site
0,196,evacuee,,Evacuee;382;in triage state;G;is at the evacuation site
0,199,evacuee,,Evacuee;381;in triage state;G;is at the evacuation site
0,202,evacuee,,Evacuee;427;in triage state;G;is at the evacuation site
0,205,evacuee,,Evacuee;380;in triage state;G;is at the evacuation site
0,208,evacuee,,Evacuee;379;in triage state;G;is at the evacuation site
0,211,evacuee,,Evacuee;378;in triage state;G;is at the evacuation site
0,214,evacuee,,Evacuee;377;in triage state;G;is at the evacuation site
0,217,evacuee,,Evacuee;375;in triage state;G;is at the evacuation site
0,220,evacuee,,Evacuee;374;in triage state;G;is at the evacuation site
0,223,evacuee,,Evacuee;372;in triage state;G;is at the evacuation site
0,226,evacuee,,Evacuee;371;in triage state;G;is at the evacuation site
0,230,evacuee,,Evacuee;370;in triage state;G;is at the evacuation site
0,233,evacuee,,Evacuee;457;in triage state;G;is at the evacuation site
0,236,evacuee,,Evacuee;369;in triage state;G;is at the evacuation site
0,239,evacuee,,Evacuee;366;in triage state;G;is at the evacuation site
0,242,evacuee,,Evacuee;362;in triage state;G;is at the evacuation site
0,245,evacuee,,Evacuee;425;in triage state;G;is at the evacuation site
0,248,evacuee,,Evacuee;360;in triage state;G;is at the evacuation site
0,251,evacuee,,Evacuee;357;in triage state;G;is at the evacuation site
0,254,evacuee,,Evacuee;354;in triage state;G;is at the evacuation site
0,257,evacuee,,Evacuee;353;in triage state;G;is at the evacuation site
0,260,evacuee,,Evacuee;351;in triage state;G;is at the evacuation site
0,263,evacuee,,Evacuee;349;in triage state;G;is at the evacuation site
0,266,evacuee,,Evacuee;348;in triage state;G;is at the evacuation site
0,269,evacuee,,Evacuee;346;in triage state;G;is at the evacuation site
0,272,evacuee,,Evacuee;341;in triage state;G;is at the evacuation site
0,275,evacuee,,Evacuee;340;in triage state;G;is at the evacuation site
0,278,evacuee,,Evacuee;338;in triage state;G;is at the evacuation site
0,281,evacuee,,Evacuee;335;in triage state;G;is at the evacuation site
0,284,evacuee,,Evacuee;331;in triage state;G;is at the evacuation site
0,287,evacuee,,Evacuee;503;in triage state;R;is at the evacuation site
0,290,evacuee,,Evacuee;330;in triage state;G;is at the evacuation site
0,297,evacuee,,Evacuee;328;in triage state;G;is at the evacuation site
0,300,evacuee,,Evacuee;327;in triage state;G;is at the evacuation site
0,303,evacuee,,Evacuee;410;in triage state;G;is at the evacuation site
0,306,evacuee,,Evacuee;326;in triage state;G;is at the evacuation site
0,309,evacuee,,Evacuee;466;in triage state;G;is at the evacuation site
0,312,evacuee,,Evacuee;325;in triage state;G;is at the evacuation site
0,315,evacuee,,Evacuee;365;in triage state;G;is at the evacuation site
0,318,evacuee,,Evacuee;322;in triage state;G;is at the evacuation site
0,321,evacuee,,Evacuee;321;in triage state;G;is at the evacuation site
0,324,evacuee,,Evacuee;319;in triage state;G;is at the evacuation site
0,327,evacuee,,Evacuee;318;in triage state;G;is at the evacuation site
0,330,evacuee,,Evacuee;317;in triage state;G;is at the evacuation site
0,333,evacuee,,Evacuee;460;in triage state;G;is at the evacuation site
0,336,evacuee,,Evacuee;316;in triage state;G;is at the evacuation site
0,339,evacuee,,Evacuee;446;in triage state;G;is at the evacuation site
0,342,evacuee,,Evacuee;313;in triage state;G;is at the evacuation site
0,345,evacuee,,Evacuee;443;in triage state;G;is at the evacuation site
0,348,evacuee,,Evacuee;312;in triage state;G;is at the evacuation site
0,351,evacuee,,Evacuee;309;in triage state;G;is at the evacuation site
0,354,evacuee,,Evacuee;306;in triage state;G;is at the evacuation site
0,357,evacuee,,Evacuee;305;in triage state;G;is at the evacuation site
0,360,evacuee,,Evacuee;303;in triage state;G;is at the evacuation site
0,363,evacuee,,Evacuee;295;in triage state;G;is at the evacuation site
0,366,evacuee,,Evacuee;352;in triage state;G;is at the evacuation site
0,369,evacuee,,Evacuee;293;in triage state;G;is at the evacuation site
0,372,evacuee,,Evacuee;488;in triage state;Y;is at the evacuation site
0,375,evacuee,,Evacuee;413;in triage state;G;is at the evacuation site
0,378,evacuee,,Evacuee;292;in triage state;G;is at the evacuation site
0,381,evacuee,,Evacuee;291;in triage state;G;is at the evacuation site
0,384,evacuee,,Evacuee;290;in triage state;G;is at the evacuation site
0,387,evacuee,,Evacuee;350;in triage state;G;is at the evacuation site
0,390,evacuee,,Evacuee;288;in triage state;G;is at the evacuation site
0,393,evacuee,,Evacuee;287;in triage state;G;is at the evacuation site
0,396,evacuee,,Evacuee;415;in triage state;G;is at the evacuation site
0,399,evacuee,,Evacuee;376;in triage state;G;is at the evacuation site
0,402,evacuee,,Evacuee;284;in triage state;G;is at the evacuation site
0,405,evacuee,,Evacuee;283;in triage state;G;is at the evacuation site
0,408,evacuee,,Evacuee;282;in triage state;G;is at the evacuation site
0,411,evacuee,,Evacuee;281;in triage state;G;is at the evacuation site
0,414,evacuee,,Evacuee;280;in triage state;G;is at the evacuation site
0,417,evacuee,,Evacuee;333;in triage state;G;is at the evacuation site
0,420,evacuee,,Evacuee;279;in triage state;G;is at the evacuation site
0,423,evacuee,,Evacuee;278;in triage state;G;is at the evacuation site
0,426,evacuee,,Evacuee;277;in triage state;G;is at the evacuation site
0,429,evacuee,,Evacuee;315;in triage state;G;is at the evacuation site
0,432,evacuee,,Evacuee;274;in triage state;G;is at the evacuation site
0,435,evacuee,,Evacuee;273;in triage state;G;is at the evacuation site
0,438,evacuee,,Evacuee;337;in triage state;G;is at the evacuation site
0,441,evacuee,,Evacuee;301;in triage state;G;is at the evacuation site
0,444,evacuee,,Evacuee;272;in triage state;G;is at the evacuation site
0,447,evacuee,,Evacuee;270;in triage state;G;is at the evacuation site
0,450,evacuee,,Evacuee;264;in triage state;G;is at the evacuation site
0,453,evacuee,,Evacuee;262;in triage state;G;is at the evacuation site
0,456,evacuee,,Evacuee;260;in triage state;G;is at the evacuation site
0,459,evacuee,,Evacuee;259;in triage state;G;is at the evacuation site
0,462,evacuee,,Evacuee;125;in triage state;G;is at the evacuation site
0,465,evacuee,,Evacuee;114;in triage state;G;is at the evacuation site
0,468,evacuee,,Evacuee;289;in triage state;G;is at the evacuation site
0,471,evacuee,,Evacuee;88;in triage state;G;is at the evacuation site
0,474,evacuee,,Evacuee;449;in triage state;G;is at the evacuation site
0,477,evacuee,,Evacuee;122;in triage state;G;is at the evacuation site
0,480,evacuee,,Evacuee;108;in triage state;G;is at the evacuation site
0,483,evacuee,,Evacuee;276;in triage state;G;is at the evacuation site
0,486,evacuee,,Evacuee;121;in triage state;G;is at the evacuation site
0,489,evacuee,,Evacuee;386;in triage state;G;is at the evacuation site
0,492,evacuee,,Evacuee;117;in triage state;G;is at the evacuation site
0,495,evacuee,,Evacuee;192;in triage state;G;is at the evacuation site
0,498,evacuee,,Evacuee;432;in triage state;G;is at the evacuation site
0,501,evacuee,,Evacuee;245;in triage state;G;is at the evacuation site
0,504,evacuee,,Evacuee;310;in triage state;G;is at the evacuation site
0,507,evacuee,,Evacuee;118;in triage state;G;is at the evacuation site
0,510,evacuee,,Evacuee;502;in triage state;R;is at the evacuation site
0,513,evacuee,,Evacuee;491;in triage state;Y;is at the evacuation site
0,516,evacuee,,Evacuee;470;in triage state;G;is at the evacuation site
0,519,evacuee,,Evacuee;469;in triage state;G;is at the evacuation site
0,522,evacuee,,Evacuee;215;in triage state;G;is at the evacuation site
0,525,evacuee,,Evacuee;345;in triage state;G;is at the evacuation site
0,528,evacuee,,Evacuee;302;in triage state;G;is at the evacuation site
0,531,evacuee,,Evacuee;112;in triage state;G;is at the evacuation site
0,534,evacuee,,Evacuee;299;in triage state;G;is at the evacuation site
0,537,evacuee,,Evacuee;109;in triage state;G;is at the evacuation site
0,540,evacuee,,Evacuee;373;in triage state;G;is at the evacuation site
0,543,evacuee,,Evacuee;358;in triage state;G;is at the evacuation site
0,546,evacuee,,Evacuee;188;in triage state;G;is at the evacuation site
0,549,evacuee,,Evacuee;106;in triage state;G;is at the evacuation site
0,552,evacuee,,Evacuee;311;in triage state;G;is at the evacuation site
0,555,evacuee,,Evacuee;148;in triage state;G;is at the evacuation site
0,558,evacuee,,Evacuee;235;in triage state;G;is at the evacuation site
0,561,evacuee,,Evacuee;105;in triage state;G;is at the evacuation site
0,564,evacuee,,Evacuee;424;in triage state;G;is at the evacuation site
0,567,evacuee,,Evacuee;269;in triage state;G;is at the evacuation site
0,570,evacuee,,Evacuee;103;in triage state;G;is at the evacuation site
0,577,evacuee,,Evacuee;124;in triage state;G;is at the evacuation site
0,580,evacuee,,Evacuee;111;in triage state;G;is at the evacuation site
0,583,evacuee,,Evacuee;39;in triage state;G;is at the evacuation site
0,586,evacuee,,Evacuee;228;in triage state;G;is at the evacuation site
0,589,evacuee,,Evacuee;497;in triage state;Y;is at the evacuation site
0,592,evacuee,,Evacuee;101;in triage state;G;is at the evacuation site
0,595,evacuee,,Evacuee;142;in triage state;G;is at the evacuation site
0,598,evacuee,,Evacuee;99;in triage state;G;is at the evacuation site
0,601,evacuee,,Evacuee;485;in triage state;Y;is at the evacuation site
0,604,evacuee,,Evacuee;324;in triage state;G;is at the evacuation site
0,607,evacuee,,Evacuee;95;in triage state;G;is at the evacuation site
0,610,evacuee,,Evacuee;447;in triage state;G;is at the evacuation site
0,613,evacuee,,Evacuee;361;in triage state;G;is at the evacuation site
0,616,evacuee,,Evacuee;342;in triage state;G;is at the evacuation site
0,619,evacuee,,Evacuee;93;in triage state;G;is at the evacuation site
0,622,evacuee,,Evacuee;136;in triage state;G;is at the evacuation site
0,625,evacuee,,Evacuee;412;in triage state;G;is at the evacuation site
0,628,evacuee,,Evacuee;90;in triage state;G;is at the evacuation site
0,631,evacuee,,Evacuee;83;in triage state;G;is at the evacuation site
0,634,evacuee,,Evacuee;127;in triage state;G;is at the evacuation site
0,637,evacuee,,Evacuee;49;in triage state;G;is at the evacuation site
0,640,evacuee,,Evacuee;87;in triage state;G;is at the evacuation site
0,643,evacuee,,Evacuee;297;in triage state;G;is at the evacuation site
0,646,evacuee,,Evacuee;86;in triage state;G;is at the evacuation site
0,649,evacuee,,Evacuee;51;in triage state;G;is at the evacuation site
0,652,evacuee,,Evacuee;444;in triage state;G;is at the evacuation site
0,655,evacuee,,Evacuee;80;in triage state;G;is at the evacuation site
0,658,evacuee,,Evacuee;79;in triage state;G;is at the evacuation site
0,661,evacuee,,Evacuee;115;in triage state;G;is at the evacuation site
0,664,evacuee,,Evacuee;98;in triage state;G;is at the evacuation site
0,667,evacuee,,Evacuee;356;in triage state;G;is at the evacuation site
0,670,evacuee,,Evacuee;78;in triage state;G;is at the evacuation site
0,673,evacuee,,Evacuee;213;in triage state;G;is at the evacuation site
0,676,evacuee,,Evacuee;344;in triage state;G;is at the evacuation site
0,679,evacuee,,Evacuee;77;in triage state;G;is at the evacuation site
0,682,evacuee,,Evacuee;156;in triage state;G;is at the evacuation site
0,685,evacuee,,Evacuee;300;in triage state;G;is at the evacuation site
0,688,evacuee,,Evacuee;165;in triage state;G;is at the evacuation site
0,691,evacuee,,Evacuee;454;in triage state;G;is at the evacuation site
0,694,evacuee,,Evacuee;440;in triage state;G;is at the evacuation site
0,697,evacuee,,Evacuee;76;in triage state;G;is at the evacuation site
0,700,evacuee,,Evacuee;431;in triage state;G;is at the evacuation site
0,703,evacuee,,Evacuee;74;in triage state;G;is at the evacuation site
0,706,evacuee,,Evacuee;363;in triage state;G;is at the evacuation site
0,709,evacuee,,Evacuee;251;in triage state;G;is at the evacuation site
0,712,evacuee,,Evacuee;128;in triage state;G;is at the evacuation site
0,715,evacuee,,Evacuee;134;in triage state;G;is at the evacuation site
0,718,evacuee,,Evacuee;199;in triage state;G;is at the evacuation site
0,721,evacuee,,Evacuee;66;in triage state;G;is at the evacuation site
0,724,evacuee,,Evacuee;62;in triage state;G;is at the evacuation site
0,727,evacuee,,Evacuee;223;in triage state;G;is at the evacuation site
0,730,evacuee,,Evacuee;135;in triage state;G;is at the evacuation site
0,733,evacuee,,Evacuee;15;in triage state;G;is at the evacuation site
0,736,evacuee,,Evacuee;474;in triage state;G;is at the evacuation site
0,739,evacuee,,Evacuee;17;in triage state;G;is at the evacuation site
0,742,evacuee,,Evacuee;481;in triage state;Y;is at the evacuation site
0,745,evacuee,,Evacuee;179;in triage state;G;is at the evacuation site
0,748,evacuee,,Evacuee;147;in triage state;G;is at the evacuation site
0,751,evacuee,,Evacuee;65;in triage state;G;is at the evacuation site
0,754,evacuee,,Evacuee;14;in triage state;G;is at the evacuation site
0,757,evacuee,,Evacuee;218;in triage state;G;is at the evacuation site
0,760,evacuee,,Evacuee;2;in triage state;G;is at the evacuation site
0,763,evacuee,,Evacuee;33;in triage state;G;is at the evacuation site
0,766,evacuee,,Evacuee;271;in triage state;G;is at the evacuation site
0,769,evacuee,,Evacuee;9;in triage state;G;is at the evacuation site
0,772,evacuee,,Evacuee;25;in triage state;G;is at the evacuation site
0,775,evacuee,,Evacuee;334;in triage state;G;is at the evacuation site
0,778,evacuee,,Evacuee;70;in triage state;G;is at the evacuation site
0,781,evacuee,,Evacuee;5;in triage state;G;is at the evacuation site
0,784,evacuee,,Evacuee;250;in triage state;G;is at the evacuation site
0,787,evacuee,,Evacuee;107;in triage state;G;is at the evacuation site
0,790,evacuee,,Evacuee;229;in triage state;G;is at the evacuation site
0,793,evacuee,,Evacuee;110;in triage state;G;is at the evacuation site
0,796,evacuee,,Evacuee;141;in triage state;G;is at the evacuation site
0,799,evacuee,,Evacuee;133;in triage state;G;is at the evacuation site
0,802,evacuee,,Evacuee;493;in triage state;Y;is at the evacuation site
0,805,evacuee,,Evacuee;473;in triage state;G;is at the evacuation site
0,808,evacuee,,Evacuee;400;in triage state;G;is at the evacuation site
0,811,evacuee,,Evacuee;268;in triage state;G;is at the evacuation site
0,814,evacuee,,Evacuee;100;in triage state;G;is at the evacuation site
0,817,evacuee,,Evacuee;29;in triage state;G;is at the evacuation site
0,820,evacuee,,Evacuee;158;in triage state;G;is at the evacuation site
0,823,evacuee,,Evacuee;187;in triage state;G;is at the evacuation site
0,826,evacuee,,Evacuee;85;in triage state;G;is at the evacuation site
0,829,evacuee,,Evacuee;487;in triage state;Y;is at the evacuation site
0,832,evacuee,,Evacuee;71;in triage state;G;is at the evacuation site
0,835,evacuee,,Evacuee;332;in triage state;G;is at the evacuation site
0,838,evacuee,,Evacuee;81;in triage state;G;is at the evacuation site
0,841,evacuee,,Evacuee;104;in triage state;G;is at the evacuation site
0,844,evacuee,,Evacuee;40;in triage state;G;is at the evacuation site
0,847,evacuee,,Evacuee;97;in triage state;G;is at the evacuation site
0,850,evacuee,,Evacuee;453;in triage state;G;is at the evacuation site
0,853,evacuee,,Evacuee;285;in triage state;G;is at the evacuation site
0,856,evacuee,,Evacuee;89;in triage state;G;is at the evacuation site
0,859,evacuee,,Evacuee;394;in triage state;G;is at the evacuation site
0,862,evacuee,,Evacuee;240;in triage state;G;is at the evacuation site
0,865,evacuee,,Evacuee;8;in triage state;G;is at the evacuation site
0,868,evacuee,,Evacuee;3;in triage state;G;is at the evacuation site
0,871,evacuee,,Evacuee;172;in triage state;G;is at the evacuation site
0,874,evacuee,,Evacuee;256;in triage state;G;is at the evacuation site
0,877,evacuee,,Evacuee;347;in triage state;G;is at the evacuation site
0,880,evacuee,,Evacuee;82;in triage state;G;is at the evacuation site
0,883,evacuee,,Evacuee;54;in triage state;G;is at the evacuation site
0,886,evacuee,,Evacuee;368;in triage state;G;is at the evacuation site
0,889,evacuee,,Evacuee;4;in triage state;G;is at the evacuation site
0,892,evacuee,,Evacuee;18;in triage state;G;is at the evacuation site
0,895,evacuee,,Evacuee;387;in triage state;G;is at the evacuation site
0,898,evacuee,,Evacuee;246;in triage state;G;is at the evacuation site
0,901,evacuee,,Evacuee;22;in triage state;G;is at the evacuation site
0,904,evacuee,,Evacuee;92;in triage state;G;is at the evacuation site
0,907,evacuee,,Evacuee;44;in triage state;G;is at the evacuation site
0,910,evacuee,,Evacuee;150;in triage state;G;is at the evacuation site
0,913,evacuee,,Evacuee;119;in triage state;G;is at the evacuation site
0,916,evacuee,,Evacuee;6;in triage state;G;is at the evacuation site
0,919,evacuee,,Evacuee;173;in triage state;G;is at the evacuation site
0,922,evacuee,,Evacuee;157;in triage state;G;is at the evacuation site
0,925,evacuee,,Evacuee;451;in triage state;G;is at the evacuation site
0,928,evacuee,,Evacuee;359;in triage state;G;is at the evacuation site
0,931,evacuee,,Evacuee;286;in triage state;G;is at the evacuation site
0,934,evacuee,,Evacuee;196;in triage state;G;is at the evacuation site
0,937,evacuee,,Evacuee;407;in triage state;G;is at the evacuation site
0,940,evacuee,,Evacuee;132;in triage state;G;is at the evacuation site
0,943,evacuee,,Evacuee;31;in triage state;G;is at the evacuation site
0,946,evacuee,,Evacuee;38;in triage state;G;is at the evacuation site
0,949,evacuee,,Evacuee;10;in triage state;G;is at the evacuation site
0,952,evacuee,,Evacuee;26;in triage state;G;is at the evacuation site
0,955,evacuee,,Evacuee;343;in triage state;G;is at the evacuation site
0,958,evacuee,,Evacuee;241;in triage state;G;is at the evacuation site
0,961,evacuee,,Evacuee;418;in triage state;G;is at the evacuation site
0,964,evacuee,,Evacuee;75;in triage state;G;is at the evacuation site
0,967,evacuee,,Evacuee;37;in triage state;G;is at the evacuation site
0,970,evacuee,,Evacuee;496;in triage state;Y;is at the evacuation site
0,973,evacuee,,Evacuee;209;in triage state;G;is at the evacuation site
0,976,evacuee,,Evacuee;402;in triage state;G;is at the evacuation site
0,979,evacuee,,Evacuee;320;in triage state;G;is at the evacuation site
0,982,evacuee,,Evacuee;116;in triage state;G;is at the evacuation site
0,985,evacuee,,Evacuee;61;in triage state;G;is at the evacuation site
0,988,evacuee,,Evacuee;52;in triage state;G;is at the evacuation site
0,991,evacuee,,Evacuee;41;in triage state;G;is at the evacuation site
0,994,evacuee,,Evacuee;304;in triage state;G;is at the evacuation site
0,997,evacuee,,Evacuee;154;in triage state;G;is at the evacuation site
0,1000,evacuee,,Evacuee;421;in triage state;G;is at the evacuation site
0,1003,evacuee,,Evacuee;405;in triage state;G;is at the evacuation site
0,1006,evacuee,,Evacuee;21;in triage state;G;is at the evacuation site
0,1009,evacuee,,Evacuee;68;in triage state;G;is at the evacuation site
0,1012,evacuee,,Evacuee;72;in triage state;G;is at the evacuation site
0,1015,evacuee,,Evacuee;46;in triage state;G;is at the evacuation site
0,1018,evacuee,,Evacuee;53;in triage state;G;is at the evacuation site
0,1021,evacuee,,Evacuee;220;in triage state;G;is at the evacuation site
0,1024,evacuee,,Evacuee;355;in triage state;G;is at the evacuation site
0,1027,evacuee,,Evacuee;23;in triage state;G;is at the evacuation site
0,1030,evacuee,,Evacuee;200;in triage state;G;is at the evacuation site
0,1033,evacuee,,Evacuee;255;in triage state;G;is at the evacuation site
0,1036,evacuee,,Evacuee;13;in triage state;G;is at the evacuation site
0,1039,evacuee,,Evacuee;24;in triage state;G;is at the evacuation site
0,1042,evacuee,,Evacuee;32;in triage state;G;is at the evacuation site
0,1045,evacuee,,Evacuee;34;in triage state;G;is at the evacuation site
0,1048,evacuee,,Evacuee;64;in triage state;G;is at the evacuation site
0,1051,evacuee,,Evacuee;429;in triage state;G;is at the evacuation site
0,1054,evacuee,,Evacuee;102;in triage state;G;is at the evacuation site
0,1057,evacuee,,Evacuee;160;in triage state;G;is at the evacuation site
0,1060,evacuee,,Evacuee;20;in triage state;G;is at the evacuation site
0,1063,evacuee,,Evacuee;35;in triage state;G;is at the evacuation site
0,1066,evacuee,,Evacuee;155;in triage state;G;is at the evacuation site
0,1069,evacuee,,Evacuee;36;in triage state;G;is at the evacuation site
0,1072,evacuee,,Evacuee;198;in triage state;G;is at the evacuation site
0,1075,evacuee,,Evacuee;84;in triage state;G;is at the evacuation site
0,1078,evacuee,,Evacuee;42;in triage state;G;is at the evacuation site
0,1081,evacuee,,Evacuee;91;in triage state;G;is at the evacuation site
0,1084,evacuee,,Evacuee;43;in triage state;G;is at the evacuation site
0,1087,evacuee,,Evacuee;30;in triage state;G;is at the evacuation site
0,1090,evacuee,,Evacuee;336;in triage state;G;is at the evacuation site
0,1093,evacuee,,Evacuee;307;in triage state;G;is at the evacuation site
0,1096,evacuee,,Evacuee;212;in triage state;G;is at the evacuation site
0,1099,evacuee,,Evacuee;391;in triage state;G;is at the evacuation site
0,1102,evacuee,,Evacuee;388;in triage state;G;is at the evacuation site
0,1105,evacuee,,Evacuee;55;in triage state;G;is at the evacuation site
0,1108,evacuee,,Evacuee;48;in triage state;G;is at the evacuation site
0,1111,evacuee,,Evacuee;144;in triage state;G;is at the evacuation site
0,1114,evacuee,,Evacuee;50;in triage state;G;is at the evacuation site
0,1117,evacuee,,Evacuee;19;in triage state;G;is at the evacuation site
0,1120,evacuee,,Evacuee;182;in triage state;G;is at the evacuation site
0,1123,evacuee,,Evacuee;490;in triage state;Y;is at the evacuation site
0,1126,evacuee,,Evacuee;266;in triage state;G;is at the evacuation site
0,1129,evacuee,,Evacuee;120;in triage state;G;is at the evacuation site
0,1136,evacuee,,Evacuee;94;in triage state;G;is at the evacuation site
0,1139,evacuee,,Evacuee;63;in triage state;G;is at the evacuation site
0,1142,evacuee,,Evacuee;175;in triage state;G;is at the evacuation site
0,1145,evacuee,,Evacuee;47;in triage state;G;is at the evacuation site
0,1148,evacuee,,Evacuee;56;in triage state;G;is at the evacuation site
0,1151,evacuee,,Evacuee;367;in triage state;G;is at the evacuation site
0,1154,evacuee,,Evacuee;364;in triage state;G;is at the evacuation site
0,1157,evacuee,,Evacuee;208;in triage state;G;is at the evacuation site
0,1160,evacuee,,Evacuee;57;in triage state;G;is at the evacuation site
0,1163,evacuee,,Evacuee;231;in triage state;G;is at the evacuation site
0,1166,evacuee,,Evacuee;261;in triage state;G;is at the evacuation site
0,1169,evacuee,,Evacuee;45;in triage state;G;is at the evacuation site
0,1176,evacuee,,Evacuee;263;in triage state;G;is at the evacuation site
0,1179,evacuee,,Evacuee;190;in triage state;G;is at the evacuation site
0,1182,evacuee,,Evacuee;465;in triage state;G;is at the evacuation site
0,1185,evacuee,,Evacuee;60;in triage state;G;is at the evacuation site
0,1188,evacuee,,Evacuee;385;in triage state;G;is at the evacuation site
0,1191,evacuee,,Evacuee;181;in triage state;G;is at the evacuation site
0,1194,evacuee,,Evacuee;416;in triage state;G;is at the evacuation site
0,1197,evacuee,,Evacuee;129;in triage state;G;is at the evacuation site
0,1200,evacuee,,Evacuee;308;in triage state;G;is at the evacuation site
0,1203,evacuee,,Evacuee;131;in triage state;G;is at the evacuation site
0,1206,evacuee,,Evacuee;137;in triage state;G;is at the evacuation site
0,1209,evacuee,,Evacuee;138;in triage state;G;is at the evacuation site
0,1212,evacuee,,Evacuee;265;in triage state;G;is at the evacuation site
0,1215,evacuee,,Evacuee;139;in triage state;G;is at the evacuation site
0,1218,evacuee,,Evacuee;194;in triage state;G;is at the evacuation site
0,1221,evacuee,,Evacuee;140;in triage state;G;is at the evacuation site
0,1224,evacuee,,Evacuee;130;in triage state;G;is at the evacuation site
0,1227,evacuee,,Evacuee;143;in triage state;G;is at the evacuation site
0,1230,evacuee,,Evacuee;149;in triage state;G;is at the evacuation site
0,1233,evacuee,,Evacuee;296;in triage state;G;is at the evacuation site
0,1236,evacuee,,Evacuee;151;in triage state;G;is at the evacuation site
0,1239,evacuee,,Evacuee;222;in triage state;G;is at the evacuation site
0,1242,evacuee,,Evacuee;152;in triage state;G;is at the evacuation site
0,1245,evacuee,,Evacuee;153;in triage state;G;is at the evacuation site
0,1248,evacuee,,Evacuee;67;in triage state;G;is at the evacuation site
0,1251,evacuee,,Evacuee;123;in triage state;G;is at the evacuation site
0,1254,evacuee,,Evacuee;159;in triage state;G;is at the evacuation site
0,1257,evacuee,,Evacuee;161;in triage state;G;is at the evacuation site
0,1260,evacuee,,Evacuee;28;in triage state;G;is at the evacuation site
0,1263,evacuee,,Evacuee;126;in triage state;G;is at the evacuation site
0,1266,evacuee,,Evacuee;234;in triage state;G;is at the evacuation site
0,1269,evacuee,,Evacuee;162;in triage state;G;is at the evacuation site
0,1272,evacuee,,Evacuee;163;in triage state;G;is at the evacuation site
0,1275,evacuee,,Evacuee;166;in triage state;G;is at the evacuation site
0,1278,evacuee,,Evacuee;16;in triage state;G;is at the evacuation site
0,1281,evacuee,,Evacuee;242;in triage state;G;is at the evacuation site
0,1284,evacuee,,Evacuee;178;in triage state;G;is at the evacuation site
0,1287,evacuee,,Evacuee;438;in triage state;G;is at the evacuation site
0,1290,evacuee,,Evacuee;146;in triage state;G;is at the evacuation site
0,1293,evacuee,,Evacuee;167;in triage state;G;is at the evacuation site
0,1296,evacuee,,Evacuee;145;in triage state;G;is at the evacuation site
0,1299,evacuee,,Evacuee;168;in triage state;G;is at the evacuation site
0,1302,evacuee,,Evacuee;176;in triage state;G;is at the evacuation site
0,1305,evacuee,,Evacuee;230;in triage state;G;is at the evacuation site
0,1308,evacuee,,Evacuee;169;in triage state;G;is at the evacuation site
0,1311,evacuee,,Evacuee;170;in triage state;G;is at the evacuation site
0,1314,evacuee,,Evacuee;171;in triage state;G;is at the evacuation site
0,1317,evacuee,,Evacuee;174;in triage state;G;is at the evacuation site
0,1320,evacuee,,Evacuee;177;in triage state;G;is at the evacuation site
0,1323,evacuee,,Evacuee;435;in triage state;G;is at the evacuation site
0,1326,evacuee,,Evacuee;58;in triage state;G;is at the evacuation site
0,1329,evacuee,,Evacuee;203;in triage state;G;is at the evacuation site
0,1332,evacuee,,Evacuee;232;in triage state;G;is at the evacuation site
0,1335,evacuee,,Evacuee;183;in triage state;G;is at the evacuation site
0,1338,evacuee,,Evacuee;184;in triage state;G;is at the evacuation site
0,1341,evacuee,,Evacuee;185;in triage state;G;is at the evacuation site
0,1344,evacuee,,Evacuee;186;in triage state;G;is at the evacuation site
0,1347,evacuee,,Evacuee;417;in triage state;G;is at the evacuation site
0,1350,evacuee,,Evacuee;217;in triage state;G;is at the evacuation site
0,1353,evacuee,,Evacuee;189;in triage state;G;is at the evacuation site
0,1356,evacuee,,Evacuee;253;in triage state;G;is at the evacuation site
0,1359,evacuee,,Evacuee;191;in triage state;G;is at the evacuation site
0,1362,evacuee,,Evacuee;314;in triage state;G;is at the evacuation site
0,1365,evacuee,,Evacuee;249;in triage state;G;is at the evacuation site
0,1368,evacuee,,Evacuee;193;in triage state;G;is at the evacuation site
0,1371,evacuee,,Evacuee;195;in triage state;G;is at the evacuation site
0,1374,evacuee,,Evacuee;399;in triage state;G;is at the evacuation site
0,1377,evacuee,,Evacuee;197;in triage state;G;is at the evacuation site
0,1380,evacuee,,Evacuee;450;in triage state;G;is at the evacuation site
0,1383,evacuee,,Evacuee;252;in triage state;G;is at the evacuation site
0,1386,evacuee,,Evacuee;329;in triage state;G;is at the evacuation site
0,1389,evacuee,,Evacuee;201;in triage state;G;is at the evacuation site
0,1392,evacuee,,Evacuee;11;in triage state;G;is at the evacuation site
0,1395,evacuee,,Evacuee;202;in triage state;G;is at the evacuation site
0,1398,evacuee,,Evacuee;390;in triage state;G;is at the evacuation site
0,1401,evacuee,,Evacuee;204;in triage state;G;is at the evacuation site
0,1404,evacuee,,Evacuee;275;in triage state;G;is at the evacuation site
0,1407,evacuee,,Evacuee;205;in triage state;G;is at the evacuation site
0,1410,evacuee,,Evacuee;323;in triage state;G;is at the evacuation site
0,1413,evacuee,,Evacuee;180;in triage state;G;is at the evacuation site
0,1416,evacuee,,Evacuee;206;in triage state;G;is at the evacuation site
0,1419,evacuee,,Evacuee;69;in triage state;G;is at the evacuation site
0,1422,evacuee,,Evacuee;207;in triage state;G;is at the evacuation site
0,1425,evacuee,,Evacuee;27;in triage state;G;is at the evacuation site
0,1428,evacuee,,Evacuee;211;in triage state;G;is at the evacuation site
0,1431,evacuee,,Evacuee;294;in triage state;G;is at the evacuation site
0,1434,evacuee,,Evacuee;214;in triage state;G;is at the evacuation site
0,1437,evacuee,,Evacuee;12;in triage state;G;is at the evacuation site
0,1440,evacuee,,Evacuee;216;in triage state;G;is at the evacuation site
0,1443,evacuee,,Evacuee;219;in triage state;G;is at the evacuation site
0,1446,evacuee,,Evacuee;221;in triage state;G;is at the evacuation site
0,1449,evacuee,,Evacuee;224;in triage state;G;is at the evacuation site
0,1452,evacuee,,Evacuee;339;in triage state;G;is at the evacuation site
0,1455,evacuee,,Evacuee;225;in triage state;G;is at the evacuation site
0,1458,evacuee,,Evacuee;164;in triage state;G;is at the evacuation site
0,1461,evacuee,,Evacuee;226;in triage state;G;is at the evacuation site
0,1464,evacuee,,Evacuee;464;in triage state;G;is at the evacuation site
0,1467,evacuee,,Evacuee;227;in triage state;G;is at the evacuation site
0,1470,evacuee,,Evacuee;267;in triage state;G;is at the evacuation site
0,1473,evacuee,,Evacuee;73;in triage state;G;is at the evacuation site
0,1476,evacuee,,Evacuee;233;in triage state;G;is at the evacuation site
0,1479,evacuee,,Evacuee;236;in triage state;G;is at the evacuation site
0,1482,evacuee,,Evacuee;7;in triage state;G;is at the evacuation site
0,1485,evacuee,,Evacuee;237;in triage state;G;is at the evacuation site
0,1488,evacuee,,Evacuee;238;in triage state;G;is at the evacuation site
0,1491,evacuee,,Evacuee;113;in triage state;G;is at the evacuation site
0,1494,evacuee,,Evacuee;239;in triage state;G;is at the evacuation site
0,1497,evacuee,,Evacuee;243;in triage state;G;is at the evacuation site
0,1500,evacuee,,Evacuee;96;in triage state;G;is at the evacuation site
0,1503,evacuee,,Evacuee;244;in triage state;G;is at the evacuation site
0,1506,evacuee,,Evacuee;247;in triage state;G;is at the evacuation site
0,1509,evacuee,,Evacuee;59;in triage state;G;is at the evacuation site
0,1512,evacuee,,Evacuee;248;in triage state;G;is at the evacuation site
0,1515,evacuee,,Evacuee;467;in triage state;G;is at the evacuation site
0,1518,evacuee,,Evacuee;298;in triage state;G;is at the evacuation site
0,1521,evacuee,,Evacuee;254;in triage state;G;is at the evacuation site
0,1524,evacuee,,Evacuee;257;in triage state;G;is at the evacuation site
0,1527,evacuee,,Evacuee;210;in triage state;G;is at the evacuation site
0,1530,evacuee,,Evacuee;258;in triage state;G;is at the evacuation site
0,5,helicopterQueue,,;No helos are waiting to land
0.484092,3,evacueeManager,,OFF SHIP: White;0;Green;475;Yellow;20;Red;4;Black;1;ON SHIP: White;0;Green;0;Yellow;0;Red;0;Evacuees to Transfer;
0.484092,510,evacuee,outES,Evacuee 502 in triage category R is not assigned a helicopter
0.484092,510,evacuee,,Evacuee;502;in triage state;B;is at the evacuation site
5.02921,3,evacueeManager,,OFF SHIP: White;0;Green;475;Yellow;19;Red;5;Black;1;ON SHIP: White;0;Green;0;Yellow;0;Red;0;Evacuees to Transfer;
5.02921,372,evacuee,outES,Evacuee 488 in triage category Y is not assigned a helicopter
5.02921,372,evacuee,,Evacuee;488;in triage state;R;is at the evacuation site
10.2453,3,evacueeManager,,OFF SHIP: White;0;Green;474;Yellow;20;Red;5;Black;1;ON SHIP: White;0;Green;0;Yellow;0;Red;0;Evacuees to Transfer;
10.2453,1212,evacuee,outES,Evacuee 265 in triage category G is not assigned a helicopter
10.2453,1212,evacuee,,Evacuee;265;in triage state;Y;is at the evacuation site
10.7964,3,evacueeManager,,OFF SHIP: White;0;Green;473;Yellow;21;Red;5;Black;1;ON SHIP: White;0;Green;0;Yellow;0;Red;0;Evacuees to Transfer;
10.7964,230,evacuee,outES,Evacuee 370 in triage category G is not assigned a helicopter
10.7964,230,evacuee,,Evacuee;370;in triage state;Y;is at the evacuation site
10.8523,3,evacueeManager,,OFF SHIP: White;0;Green;472;Yellow;22;Red;5;Black;1;ON SHIP: White;0;Green;0;Yellow;0;Red;0;Evacuees to Transfer;
10.8523,1281,evacuee,outES,Evacuee 242 in triage category G is not assigned a helicopter
10.8523,1281,evacuee,,Evacuee;242;in triage state;Y;is at the evacuation site
12.674,3,evacueeManager,,OFF SHIP: White;0;Green;471;Yellow;23;Red;5;Black;1;ON SHIP: White;0;Green;0;Yellow;0;Red;0;Evacuees to Transfer;
12.674,1488,evacuee,outES,Evacuee 238 in triage category G is not assigned a helicopter
12.674,1488,evacuee,,Evacuee;238;in triage state;Y;is at the evacuation site
14.6069,3,evacueeManager,,OFF SHIP: White;0;Green;470;Yellow;24;Red;5;Black;1;ON SHIP: White;0;Green;0;Yellow;0;Red;0;Evacuees to Transfer;
14.6069,928,evacuee,outES,Evacuee 359 in triage category G is not assigned a helicopter
14.6069,928,evacuee,,Evacuee;359;in triage state;Y;is at the evacuation site
15.989,3,evacueeManager,,OFF SHIP: White;0;Green;470;Yellow;24;Red;4;Black;2;ON SHIP: White;0;Green;0;Yellow;0;Red;0;Evacuees to Transfer;
15.989,39,evacuee,outES,Evacuee 499 in triage category R is not assigned a helicopter
15.989,39,evacuee,,Evacuee;499;in triage state;B;is at the evacuation site
17.1495,3,evacueeManager,,OFF SHIP: White;0;Green;469;Yellow;25;Red;4;Black;2;ON SHIP: White;0;Green;0;Yellow;0;Red;0;Evacuees to Transfer;
17.1495,441,evacuee,outES,Evacuee 301 in triage category G is not assigned a helicopter
17.1495,441,evacuee,,Evacuee;301;in triage state;Y;is at the evacuation site
17.59,3,evacueeManager,,OFF SHIP: White;0;Green;469;Yellow;24;Red;5;Black;2;ON SHIP: White;0;Green;0;Yellow;0;Red;0;Evacuees to Transfer;
17.59,30,evacuee,outES,Evacuee 484 in triage category Y is not assigned a helicopter
17.59,30,evacuee,,Evacuee;484;in triage state;R;is at the evacuation site
18.2005,3,evacueeManager,,OFF SHIP: White;0;Green;468;Yellow;25;Red;5;Black;2;ON SHIP: White;0;Green;0;Yellow;0;Red;0;Evacuees to Transfer;
18.2005,303,evacuee,outES,Evacuee 410 in triage category G is not assigned a helicopter
18.2005,303,evacuee,,Evacuee;410;in triage state;Y;is at the evacuation site
23.4063,3,evacueeManager,,OFF SHIP: White;0;Green;467;Yellow;26;Red;5;Black;2;ON SHIP: White;0;Green;0;Yellow;0;Red;0;Evacuees to Transfer;
23.4063,1419,evacuee,outES,Evacuee 69 in triage category G is not assigned a helicopter
23.4063,1419,evacuee,,Evacuee;69;in triage state;Y;is at the evacuation site
25.3995,3,evacueeManager,,OFF SHIP: White;0;Green;467;Yellow;25;Red;6;Black;2;ON SHIP: White;0;Green;0;Yellow;0;Red;0;Evacuees to Transfer;
25.3995,513,evacuee,outES,Evacuee 491 in triage category Y is not assigned a helicopter
25.3995,513,evacuee,,Evacuee;491;in triage state;R;is at the evacuation site
27.0107,3,evacueeManager,,OFF SHIP: White;0;Green;466;Yellow;26;Red;6;Black;2;ON SHIP: White;0;Green;0;Yellow;0;Red;0;Evacuees to Transfer;
27.0107,790,evacuee,outES,Evacuee 229 in triage category G is not assigned a helicopter
27.0107,790,evacuee,,Evacuee;229;in triage state;Y;is at the evacuation site
27.6212,3,evacueeManager,,OFF SHIP: White;0;Green;465;Yellow;27;Red;6;Black;2;ON SHIP: White;0;Green;0;Yellow;0;Red;0;Evacuees to Transfer;
27.6212,859,evacuee,outES,Evacuee 394 in triage category G is not assigned a helicopter
27.6212,859,evacuee,,Evacuee;394;in triage state;Y;is at the evacuation site
32.0462,3,evacueeManager,,OFF SHIP: White;0;Green;465;Yellow;27;Red;5;Black;3;ON SHIP: White;0;Green;0;Yellow;0;Red;0;Evacuees to Transfer;
32.0462,372,evacuee,outES,Evacuee 488 in triage category R is not assigned a helicopter
32.0462,372,evacuee,,Evacuee;488;in triage state;B;is at the evacuation site
35.1793,3,evacueeManager,,OFF SHIP: White;0;Green;464;Yellow;28;Red;5;Black;3;ON SHIP: White;0;Green;0;Yellow;0;Red;0;Evacuees to Transfer;
35.1793,160,evacuee,outES,Evacuee 398 in triage category G is not assigned a helicopter
35.1793,160,evacuee,,Evacuee;398;in triage state;Y;is at the evacuation site
35.9609,3,evacueeManager,,OFF SHIP: White;0;Green;464;Yellow;27;Red;6;Black;3;ON SHIP: White;0;Green;0;Yellow;0;Red;0;Evacuees to Transfer;
35.9609,160,evacuee,outES,Evacuee 398 in triage category Y is not assigned a helicopter
35.9609,160,evacuee,,Evacuee;398;in triage state;R;is at the evacuation site
38.701,3,evacueeManager,,OFF SHIP: White;0;Green;464;Yellow;26;Red;7;Black;3;ON SHIP: White;0;Green;0;Yellow;0;Red;0;Evacuees to Transfer;
38.701,33,evacuee,outES,Evacuee 483 in triage category Y is not assigned a helicopter
38.701,33,evacuee,,Evacuee;483;in triage state;R;is at the evacuation site
41.6931,3,evacueeManager,,OFF SHIP: White;0;Green;464;Yellow;26;Red;6;Black;4;ON SHIP: White;0;Green;0;Yellow;0;Red;0;Evacuees to Transfer;
41.6931,513,evacuee,outES,Evacuee 491 in triage category R is not assigned a helicopter
41.6931,513,evacuee,,Evacuee;491;in triage state;B;is at the evacuation site
41.754,3,evacueeManager,,OFF SHIP: White;0;Green;463;Yellow;27;Red;6;Black;4;ON SHIP: White;0;Green;0;Yellow;0;Red;0;Evacuees to Transfer;
41.754,652,evacuee,outES,Evacuee 444 in triage category G is not assigned a helicopter
41.754,652,evacuee,,Evacuee;444;in triage state;Y;is at the evacuation site
44.6561,3,evacueeManager,,OFF SHIP: White;0;Green;462;Yellow;28;Red;6;Black;4;ON SHIP: White;0;Green;0;Yellow;0;Red;0;Evacuees to Transfer;
44.6561,721,evacuee,outES,Evacuee 66 in triage category G is not assigned a helicopter
44.6561,721,evacuee,,Evacuee;66;in triage state;Y;is at the evacuation site
56.1777,3,evacueeManager,,OFF SHIP: White;0;Green;462;Yellow;27;Red;7;Black;4;ON SHIP: White;0;Green;0;Yellow;0;Red;0;Evacuees to Transfer;
56.1777,589,evacuee,outES,Evacuee 497 in triage category Y is not assigned a helicopter
56.1777,589,evacuee,,Evacuee;497;in triage state;R;is at the evacuation site
57.4702,3,evacueeManager,,OFF SHIP: White;0;Green;461;Yellow;28;Red;7;Black;4;ON SHIP: White;0;Green;0;Yellow;0;Red;0;Evacuees to Transfer;
57.4702,99,evacuee,outES,Evacuee 439 in triage category G is not assigned a helicopter
57.4702,99,evacuee,,Evacuee;439;in triage state;Y;is at the evacuation site
61.2099,3,evacueeManager,,OFF SHIP: White;0;Green;461;Yellow;27;Red;8;Black;4;ON SHIP: White;0;Green;0;Yellow;0;Red;0;Evacuees to Transfer;
61.2099,36,evacuee,outES,Evacuee 482 in triage category Y is not assigned a helicopter
61.2099,36,evacuee,,Evacuee;482;in triage state;R;is at the evacuation site
64.4882,3,evacueeManager,,OFF SHIP: White;0;Green;461;Yellow;27;Red;7;Black;5;ON SHIP: White;0;Green;0;Yellow;0;Red;0;Evacuees to Transfer;
64.4882,33,evacuee,outES,Evacuee 483 in triage category R is not assigned a helicopter
64.4882,33,evacuee,,Evacuee;483;in triage state;B;is at the evacuation site
64.6542,3,evacueeManager,,OFF SHIP: White;0;Green;461;Yellow;27;Red;6;Black;6;ON SHIP: White;0;Green;0;Yellow;0;Red;0;Evacuees to Transfer;
64.6542,30,evacuee,outES,Evacuee 484 in triage category R is not assigned a helicopter
64.6542,30,evacuee,,Evacuee;484;in triage state;B;is at the evacuation site
68.7092,3,evacueeManager,,OFF SHIP: White;0;Green;460;Yellow;28;Red;6;Black;6;ON SHIP: White;0;Green;0;Yellow;0;Red;0;Evacuees to Transfer;
68.7092,583,evacuee,outES,Evacuee 39 in triage category G is not assigned a helicopter
68.7092,583,evacuee,,Evacuee;39;in triage state;Y;is at the evacuation site
74.4735,3,evacueeManager,,OFF SHIP: White;0;Green;460;Yellow;27;Red;7;Black;6;ON SHIP: White;0;Green;0;Yellow;0;Red;0;Evacuees to Transfer;
74.4735,1281,evacuee,outES,Evacuee 242 in triage category Y is not assigned a helicopter
74.4735,1281,evacuee,,Evacuee;242;in triage state;R;is at the evacuation site
77.4757,3,evacueeManager,,OFF SHIP: White;0;Green;460;Yellow;26;Red;8;Black;6;ON SHIP: White;0;Green;0;Yellow;0;Red;0;Evacuees to Transfer;
77.4757,928,evacuee,outES,Evacuee 359 in triage category Y is not assigned a helicopter
77.4757,928,evacuee,,Evacuee;359;in triage state;R;is at the evacuation site
94.851,3,evacueeManager,,OFF SHIP: White;0;Green;460;Yellow;26;Red;7;Black;7;ON SHIP: White;0;Green;0;Yellow;0;Red;0;Evacuees to Transfer;
94.851,1281,evacuee,outES,Evacuee 242 in triage category R is not assigned a helicopter
94.851,1281,evacuee,,Evacuee;242;in triage state;B;is at the evacuation site
97.523,3,evacueeManager,,OFF SHIP: White;0;Green;460;Yellow;25;Red;8;Black;7;ON SHIP: White;0;Green;0;Yellow;0;Red;0;Evacuees to Transfer;
97.523,802,evacuee,outES,Evacuee 493 in triage category Y is not assigned a helicopter
97.523,802,evacuee,,Evacuee;493;in triage state;R;is at the evacuation site
97.966,3,evacueeManager,,OFF SHIP: White;0;Green;459;Yellow;26;Red;8;Black;7;ON SHIP: White;0;Green;0;Yellow;0;Red;0;Evacuees to Transfer;
97.966,1000,evacuee,outES,Evacuee 421 in triage category G is not assigned a helicopter
97.966,1000,evacuee,,Evacuee;421;in triage state;Y;is at the evacuation site
107.101,3,evacueeManager,,OFF SHIP: White;0;Green;459;Yellow;26;Red;7;Black;8;ON SHIP: White;0;Green;0;Yellow;0;Red;0;Evacuees to Transfer;
107.101,928,evacuee,outES,Evacuee 359 in triage category R is not assigned a helicopter
107.101,928,evacuee,,Evacuee;359;in triage state;B;is at the evacuation site
110.61,3,evacueeManager,,OFF SHIP: White;0;Green;459;Yellow;25;Red;8;Black;8;ON SHIP: White;0;Green;0;Yellow;0;Red;0;Evacuees to Transfer;
110.61,42,evacuee,outES,Evacuee 479 in triage category Y is not assigned a helicopter
110.61,42,evacuee,,Evacuee;479;in triage state;R;is at the evacuation site
117.312,3,evacueeManager,,OFF SHIP: White;0;Green;458;Yellow;26;Red;8;Black;8;ON SHIP: White;0;Green;0;Yellow;0;Red;0;Evacuees to Transfer;
117.312,1069,evacuee,outES,Evacuee 36 in triage category G is not assigned a helicopter
117.312,1069,evacuee,,Evacuee;36;in triage state;Y;is at the evacuation site
119.991,3,evacueeManager,,OFF SHIP: White;0;Green;458;Yellow;25;Red;9;Black;8;ON SHIP: White;0;Green;0;Yellow;0;Red;0;Evacuees to Transfer;
119.991,721,evacuee,outES,Evacuee 66 in triage category Y is not assigned a helicopter
119.991,721,evacuee,,Evacuee;66;in triage state;R;is at the evacuation site
120.292,3,evacueeManager,,OFF SHIP: White;0;Green;457;Yellow;26;Red;9;Black;8;ON SHIP: White;0;Green;0;Yellow;0;Red;0;Evacuees to Transfer;
120.292,1142,evacuee,outES,Evacuee 175 in triage category G is not assigned a helicopter
120.292,1142,evacuee,,Evacuee;175;in triage state;Y;is at the evacuation site
123.482,3,evacueeManager,,OFF SHIP: White;0;Green;457;Yellow;26;Red;8;Black;9;ON SHIP: White;0;Green;0;Yellow;0;Red;0;Evacuees to Transfer;
123.482,12,evacuee,outES,Evacuee 501 in triage category R is not assigned a helicopter
123.482,12,evacuee,,Evacuee;501;in triage state;B;is at the evacuation site
124.537,3,evacueeManager,,OFF SHIP: White;0;Green;456;Yellow;27;Red;8;Black;9;ON SHIP: White;0;Green;0;Yellow;0;Red;0;Evacuees to Transfer;
124.537,1353,evacuee,outES,Evacuee 189 in triage category G is not assigned a helicopter
124.537,1353,evacuee,,Evacuee;189;in triage state;Y;is at the evacuation site
131.121,3,evacueeManager,,OFF SHIP: White;0;Green;456;Yellow;27;Red;7;Black;10;ON SHIP: White;0;Green;0;Yellow;0;Red;0;Evacuees to Transfer;
131.121,589,evacuee,outES,Evacuee 497 in triage category R is not assigned a helicopter
131.121,589,evacuee,,Evacuee;497;in triage state;B;is at the evacuation site
135.695,3,evacueeManager,,OFF SHIP: White;0;Green;455;Yellow;28;Red;7;Black;10;ON SHIP: White;0;Green;0;Yellow;0;Red;0;Evacuees to Transfer;
135.695,1284,evacuee,outES,Evacuee 178 in triage category G is not assigned a helicopter
135.695,1284,evacuee,,Evacuee;178;in triage state;Y;is at the evacuation site
136.858,3,evacueeManager,,OFF SHIP: White;0;Green;455;Yellow;27;Red;8;Black;10;ON SHIP: White;0;Green;0;Yellow;0;Red;0;Evacuees to Transfer;
136.858,45,evacuee,outES,Evacuee 478 in triage category Y is not assigned a helicopter
136.858,45,evacuee,,Evacuee;478;in triage state;R;is at the evacuation site
136.906,3,evacueeManager,,OFF SHIP: White;0;Green;455;Yellow;26;Red;9;Black;10;ON SHIP: White;0;Green;0;Yellow;0;Red;0;Evacuees to Transfer;
136.906,1488,evacuee,outES,Evacuee 238 in triage category Y is not assigned a helicopter
136.906,1488,evacuee,,Evacuee;238;in triage state;R;is at the evacuation site
137.597,3,evacueeManager,,OFF SHIP: White;0;Green;454;Yellow;27;Red;9;Black;10;ON SHIP: White;0;Green;0;Yellow;0;Red;0;Evacuees to Transfer;
137.597,1491,evacuee,outES,Evacuee 113 in triage category G is not assigned a helicopter
137.597,1491,evacuee,,Evacuee;113;in triage state;Y;is at the evacuation site
140.366,3,evacueeManager,,OFF SHIP: White;0;Green;453;Yellow;28;Red;9;Black;10;ON SHIP: White;0;Green;0;Yellow;0;Red;0;Evacuees to Transfer;
140.366,233,evacuee,outES,Evacuee 457 in triage category G is not assigned a helicopter
140.366,233,evacuee,,Evacuee;457;in triage state;Y;is at the evacuation site
141.983,3,evacueeManager,,OFF SHIP: White;0;Green;452;Yellow;29;Red;9;Black;10;ON SHIP: White;0;Green;0;Yellow;0;Red;0;Evacuees to Transfer;
141.983,931,evacuee,outES,Evacuee 286 in triage category G is not assigned a helicopter
141.983,931,evacuee,,Evacuee;286;in triage state;Y;is at the evacuation site
142.271,3,evacueeManager,,OFF SHIP: White;0;Green;451;Yellow;30;Red;9;Black;10;ON SHIP: White;0;Green;0;Yellow;0;Red;0;Evacuees to Transfer;
142.271,444,evacuee,outES,Evacuee 272 in triage category G is not assigned a helicopter
142.271,444,evacuee,,Evacuee;272;in triage state;Y;is at the evacuation site
143.369,3,evacueeManager,,OFF SHIP: White;0;Green;450;Yellow;31;Red;9;Black;10;ON SHIP: White;0;Green;0;Yellow;0;Red;0;Evacuees to Transfer;
143.369,306,evacuee,outES,Evacuee 326 in triage category G is not assigned a helicopter
143.369,306,evacuee,,Evacuee;326;in triage state;Y;is at the evacuation site
148.014,3,evacueeManager,,OFF SHIP: White;0;Green;450;Yellow;31;Red;8;Black;11;ON SHIP: White;0;Green;0;Yellow;0;Red;0;Evacuees to Transfer;
148.014,802,evacuee,outES,Evacuee 493 in triage category R is not assigned a helicopter
148.014,802,evacuee,,Evacuee;493;in triage state;B;is at the evacuation site
149.078,3,evacueeManager,,OFF SHIP: White;0;Green;450;Yellow;31;Red;7;Black;12;ON SHIP: White;0;Green;0;Yellow;0;Red;0;Evacuees to Transfer;
149.078,721,evacuee,outES,Evacuee 66 in triage category R is not assigned a helicopter
149.078,721,evacuee,,Evacuee;66;in triage state;B;is at the evacuation site
149.428,3,evacueeManager,,OFF SHIP: White;0;Green;450;Yellow;31;Red;6;Black;13;ON SHIP: White;0;Green;0;Yellow;0;Red;0;Evacuees to Transfer;
149.428,160,evacuee,outES,Evacuee 398 in triage category R is not assigned a helicopter
149.428,160,evacuee,,Evacuee;398;in triage state;B;is at the evacuation site
153.557,3,evacueeManager,,OFF SHIP: White;0;Green;449;Yellow;32;Red;6;Black;13;ON SHIP: White;0;Green;0;Yellow;0;Red;0;Evacuees to Transfer;
153.557,1422,evacuee,outES,Evacuee 207 in triage category G is not assigned a helicopter
153.557,1422,evacuee,,Evacuee;207;in triage state;Y;is at the evacuation site
154.021,3,evacueeManager,,OFF SHIP: White;0;Green;448;Yellow;33;Red;6;Black;13;ON SHIP: White;0;Green;0;Yellow;0;Red;0;Evacuees to Transfer;
154.021,1215,evacuee,outES,Evacuee 139 in triage category G is not assigned a helicopter
154.021,1215,evacuee,,Evacuee;139;in triage state;Y;is at the evacuation site
154.711,3,evacueeManager,,OFF SHIP: White;0;Green;448;Yellow;33;Red;5;Black;14;ON SHIP: White;0;Green;0;Yellow;0;Red;0;Evacuees to Transfer;
154.711,15,evacuee,outES,Evacuee 500 in triage category R is not assigned a helicopter
154.711,15,evacuee,,Evacuee;500;in triage state;B;is at the evacuation site
156.326,3,evacueeManager,,OFF SHIP: White;0;Green;448;Yellow;33;Red;4;Black;15;ON SHIP: White;0;Green;0;Yellow;0;Red;0;Evacuees to Transfer;
156.326,287,evacuee,outES,Evacuee 503 in triage category R is not assigned a helicopter
156.326,287,evacuee,,Evacuee;503;in triage state;B;is at the evacuation site
159.71,3,evacueeManager,,OFF SHIP: White;0;Green;447;Yellow;34;Red;4;Black;15;ON SHIP: White;0;Green;0;Yellow;0;Red;0;Evacuees to Transfer;
159.71,793,evacuee,outES,Evacuee 110 in triage category G is not assigned a helicopter
159.71,793,evacuee,,Evacuee;110;in triage state;Y;is at the evacuation site
161.536,3,evacueeManager,,OFF SHIP: White;0;Green;447;Yellow;33;Red;5;Black;15;ON SHIP: White;0;Green;0;Yellow;0;Red;0;Evacuees to Transfer;
161.536,601,evacuee,outES,Evacuee 485 in triage category Y is not assigned a helicopter
161.536,601,evacuee,,Evacuee;485;in triage state;R;is at the evacuation site
163.024,3,evacueeManager,,OFF SHIP: White;0;Green;446;Yellow;34;Red;5;Black;15;ON SHIP: White;0;Green;0;Yellow;0;Red;0;Evacuees to Transfer;
163.024,375,evacuee,outES,Evacuee 413 in triage category G is not assigned a helicopter
163.024,375,evacuee,,Evacuee;413;in triage state;Y;is at the evacuation site
170.363,3,evacueeManager,,OFF SHIP: White;0;Green;445;Yellow;35;Red;5;Black;15;ON SHIP: White;0;Green;0;Yellow;0;Red;0;Evacuees to Transfer;
170.363,655,evacuee,outES,Evacuee 80 in triage category G is not assigned a helicopter
170.363,655,evacuee,,Evacuee;80;in triage state;Y;is at the evacuation site
170.655,3,evacueeManager,,OFF SHIP: White;0;Green;444;Yellow;36;Red;5;Black;15;ON SHIP: White;0;Green;0;Yellow;0;Red;0;Evacuees to Transfer;
170.655,163,evacuee,outES,Evacuee 397 in triage category G is not assigned a helicopter
170.655,163,evacuee,,Evacuee;397;in triage state;Y;is at the evacuation site
172.289,3,evacueeManager,,OFF SHIP: White;0;Green;443;Yellow;37;Red;5;Black;15;ON SHIP: White;0;Green;0;Yellow;0;Red;0;Evacuees to Transfer;
172.289,862,evacuee,outES,Evacuee 240 in triage category G is not assigned a helicopter
172.289,862,evacuee,,Evacuee;240;in triage state;Y;is at the evacuation site
173.398,3,evacueeManager,,OFF SHIP: White;0;Green;442;Yellow;38;Red;5;Black;15;ON SHIP: White;0;Green;0;Yellow;0;Red;0;Evacuees to Transfer;
173.398,724,evacuee,outES,Evacuee 62 in triage category G is not assigned a helicopter
173.398,724,evacuee,,Evacuee;62;in triage state;Y;is at the evacuation site
183.896,3,evacueeManager,,OFF SHIP: White;0;Green;442;Yellow;37;Red;6;Black;15;ON SHIP: White;0;Green;0;Yellow;0;Red;0;Evacuees to Transfer;
183.896,742,evacuee,outES,Evacuee 481 in triage category Y is not assigned a helicopter
183.896,742,evacuee,,Evacuee;481;in triage state;R;is at the evacuation site
189.746,3,evacueeManager,,OFF SHIP: White;0;Green;442;Yellow;36;Red;7;Black;15;ON SHIP: White;0;Green;0;Yellow;0;Red;0;Evacuees to Transfer;
189.746,1000,evacuee,outES,Evacuee 421 in triage category Y is not assigned a helicopter
189.746,1000,evacuee,,Evacuee;421;in triage state;R;is at the evacuation site
197.876,3,evacueeManager,,OFF SHIP: White;0;Green;442;Yellow;36;Red;6;Black;16;ON SHIP: White;0;Green;0;Yellow;0;Red;0;Evacuees to Transfer;
197.876,1000,evacuee,outES,Evacuee 421 in triage category R is not assigned a helicopter
197.876,1000,evacuee,,Evacuee;421;in triage state;B;is at the evacuation site
203.389,3,evacueeManager,,OFF SHIP: White;0;Green;441;Yellow;37;Red;6;Black;16;ON SHIP: White;0;Green;0;Yellow;0;Red;0;Evacuees to Transfer;
203.389,586,evacuee,outES,Evacuee 228 in triage category G is not assigned a helicopter
203.389,586,evacuee,,Evacuee;228;in triage state;Y;is at the evacuation site
224.409,3,evacueeManager,,OFF SHIP: White;0;Green;441;Yellow;37;Red;5;Black;17;ON SHIP: White;0;Green;0;Yellow;0;Red;0;Evacuees to Transfer;
224.409,601,evacuee,outES,Evacuee 485 in triage category R is not assigned a helicopter
224.409,601,evacuee,,Evacuee;485;in triage state;B;is at the evacuation site
228.635,3,evacueeManager,,OFF SHIP: White;0;Green;441;Yellow;37;Red;4;Black;18;ON SHIP: White;0;Green;0;Yellow;0;Red;0;Evacuees to Transfer;
228.635,1488,evacuee,outES,Evacuee 238 in triage category R is not assigned a helicopter
228.635,1488,evacuee,,Evacuee;238;in triage state;B;is at the evacuation site
229.169,3,evacueeManager,,OFF SHIP: White;0;Green;440;Yellow;38;Red;4;Black;18;ON SHIP: White;0;Green;0;Yellow;0;Red;0;Evacuees to Transfer;
229.169,1003,evacuee,outES,Evacuee 405 in triage category G is not assigned a helicopter
229.169,1003,evacuee,,Evacuee;405;in triage state;Y;is at the evacuation site
251.879,3,evacueeManager,,OFF SHIP: White;0;Green;439;Yellow;39;Red;4;Black;18;ON SHIP: White;0;Green;0;Yellow;0;Red;0;Evacuees to Transfer;
251.879,1072,evacuee,outES,Evacuee 198 in triage category G is not assigned a helicopter
251.879,1072,evacuee,,Evacuee;198;in triage state;Y;is at the evacuation site
255.039,3,evacueeManager,,OFF SHIP: White;0;Green;439;Yellow;38;Red;5;Black;18;ON SHIP: White;0;Green;0;Yellow;0;Red;0;Evacuees to Transfer;
255.039,724,evacuee,outES,Evacuee 62 in triage category Y is not assigned a helicopter
255.039,724,evacuee,,Evacuee;62;in triage state;R;is at the evacuation site
256.984,3,evacueeManager,,OFF SHIP: White;0;Green;438;Yellow;39;Red;5;Black;18;ON SHIP: White;0;Green;0;Yellow;0;Red;0;Evacuees to Transfer;
256.984,1356,evacuee,outES,Evacuee 253 in triage category G is not assigned a helicopter
256.984,1356,evacuee,,Evacuee;253;in triage state;Y;is at the evacuation site
262.398,3,evacueeManager,,OFF SHIP: White;0;Green;437;Yellow;40;Red;5;Black;18;ON SHIP: White;0;Green;0;Yellow;0;Red;0;Evacuees to Transfer;
262.398,1145,evacuee,outES,Evacuee 47 in triage category G is not assigned a helicopter
262.398,1145,evacuee,,Evacuee;47;in triage state;Y;is at the evacuation site
263.35,3,evacueeManager,,OFF SHIP: White;0;Green;437;Yellow;39;Red;6;Black;18;ON SHIP: White;0;Green;0;Yellow;0;Red;0;Evacuees to Transfer;
263.35,1284,evacuee,outES,Evacuee 178 in triage category Y is not assigned a helicopter
263.35,1284,evacuee,,Evacuee;178;in triage state;R;is at the evacuation site
263.724,3,evacueeManager,,OFF SHIP: White;0;Green;436;Yellow;40;Red;6;Black;18;ON SHIP: White;0;Green;0;Yellow;0;Red;0;Evacuees to Transfer;
263.724,1287,evacuee,outES,Evacuee 438 in triage category G is not assigned a helicopter
263.724,1287,evacuee,,Evacuee;438;in triage state;Y;is at the evacuation site
264.807,3,evacueeManager,,OFF SHIP: White;0;Green;435;Yellow;41;Red;6;Black;18;ON SHIP: White;0;Green;0;Yellow;0;Red;0;Evacuees to Transfer;
264.807,102,evacuee,outES,Evacuee 437 in triage category G is not assigned a helicopter
264.807,102,evacuee,,Evacuee;437;in triage state;Y;is at the evacuation site
270.085,3,evacueeManager,,OFF SHIP: White;0;Green;435;Yellow;41;Red;5;Black;19;ON SHIP: White;0;Green;0;Yellow;0;Red;0;Evacuees to Transfer;
270.085,1284,evacuee,outES,Evacuee 178 in triage category R is not assigned a helicopter
270.085,1284,evacuee,,Evacuee;178;in triage state;B;is at the evacuation site
270.66,3,evacueeManager,,OFF SHIP: White;0;Green;434;Yellow;42;Red;5;Black;19;ON SHIP: White;0;Green;0;Yellow;0;Red;0;Evacuees to Transfer;
270.66,1494,evacuee,outES,Evacuee 239 in triage category G is not assigned a helicopter
270.66,1494,evacuee,,Evacuee;239;in triage state;Y;is at the evacuation site
272.191,3,evacueeManager,,OFF SHIP: White;0;Green;434;Yellow;41;Red;6;Black;19;ON SHIP: White;0;Green;0;Yellow;0;Red;0;Evacuees to Transfer;
272.191,1069,evacuee,outES,Evacuee 36 in triage category Y is not assigned a helicopter
272.191,1069,evacuee,,Evacuee;36;in triage state;R;is at the evacuation site
273.077,3,evacueeManager,,OFF SHIP: White;0;Green;433;Yellow;42;Red;6;Black;19;ON SHIP: White;0;Green;0;Yellow;0;Red;0;Evacuees to Transfer;
273.077,447,evacuee,outES,Evacuee 270 in triage category G is not assigned a helicopter
273.077,447,evacuee,,Evacuee;270;in triage state;Y;is at the evacuation site
275.254,3,evacueeManager,,OFF SHIP: White;0;Green;432;Yellow;43;Red;6;Black;19;ON SHIP: White;0;Green;0;Yellow;0;Red;0;Evacuees to Transfer;
275.254,934,evacuee,outES,Evacuee 196 in triage category G is not assigned a helicopter
275.254,934,evacuee,,Evacuee;196;in triage state;Y;is at the evacuation site
276.04,3,evacueeManager,,OFF SHIP: White;0;Green;431;Yellow;44;Red;6;Black;19;ON SHIP: White;0;Green;0;Yellow;0;Red;0;Evacuees to Transfer;
276.04,236,evacuee,outES,Evacuee 369 in triage category G is not assigned a helicopter
276.04,236,evacuee,,Evacuee;369;in triage state;Y;is at the evacuation site
276.779,3,evacueeManager,,OFF SHIP: White;0;Green;431;Yellow;44;Red;5;Black;20;ON SHIP: White;0;Green;0;Yellow;0;Red;0;Evacuees to Transfer;
276.779,42,evacuee,outES,Evacuee 479 in triage category R is not assigned a helicopter
276.779,42,evacuee,,Evacuee;479;in triage state;B;is at the evacuation site
278.965,3,evacueeManager,,OFF SHIP: White;0;Green;431;Yellow;44;Red;4;Black;21;ON SHIP: White;0;Green;0;Yellow;0;Red;0;Evacuees to Transfer;
278.965,36,evacuee,outES,Evacuee 482 in triage category R is not assigned a helicopter
278.965,36,evacuee,,Evacuee;482;in triage state;B;is at the evacuation site
279.188,3,evacueeManager,,OFF SHIP: White;0;Green;430;Yellow;45;Red;4;Black;21;ON SHIP: White;0;Green;0;Yellow;0;Red;0;Evacuees to Transfer;
279.188,309,evacuee,outES,Evacuee 466 in triage category G is not assigned a helicopter
279.188,309,evacuee,,Evacuee;466;in triage state;Y;is at the evacuation site
280.415,3,evacueeManager,,OFF SHIP: White;0;Green;430;Yellow;44;Red;5;Black;21;ON SHIP: White;0;Green;0;Yellow;0;Red;0;Evacuees to Transfer;
280.415,1356,evacuee,outES,Evacuee 253 in triage category Y is not assigned a helicopter
280.415,1356,evacuee,,Evacuee;253;in triage state;R;is at the evacuation site
286.577,3,evacueeManager,,OFF SHIP: White;0;Green;430;Yellow;43;Red;6;Black;21;ON SHIP: White;0;Green;0;Yellow;0;Red;0;Evacuees to Transfer;
286.577,441,evacuee,outES,Evacuee 301 in triage category Y is not assigned a helicopter
286.577,441,evacuee,,Evacuee;301;in triage state;R;is at the evacuation site
287.377,3,evacueeManager,,OFF SHIP: White;0;Green;429;Yellow;44;Red;6;Black;21;ON SHIP: White;0;Green;0;Yellow;0;Red;0;Evacuees to Transfer;
287.377,1425,evacuee,outES,Evacuee 27 in triage category G is not assigned a helicopter
287.377,1425,evacuee,,Evacuee;27;in triage state;Y;is at the evacuation site
288.653,3,evacueeManager,,OFF SHIP: White;0;Green;428;Yellow;45;Red;6;Black;21;ON SHIP: White;0;Green;0;Yellow;0;Red;0;Evacuees to Transfer;
288.653,516,evacuee,outES,Evacuee 470 in triage category G is not assigned a helicopter
288.653,516,evacuee,,Evacuee;470;in triage state;Y;is at the evacuation site
291.328,3,evacueeManager,,OFF SHIP: White;0;Green;427;Yellow;46;Red;6;Black;21;ON SHIP: White;0;Green;0;Yellow;0;Red;0;Evacuees to Transfer;
291.328,796,evacuee,outES,Evacuee 141 in triage category G is not assigned a helicopter
291.328,796,evacuee,,Evacuee;141;in triage state;Y;is at the evacuation site
292.055,3,evacueeManager,,OFF SHIP: White;0;Green;427;Yellow;46;Red;5;Black;22;ON SHIP: White;0;Green;0;Yellow;0;Red;0;Evacuees to Transfer;
292.055,724,evacuee,outES,Evacuee 62 in triage category R is not assigned a helicopter
292.055,724,evacuee,,Evacuee;62;in triage state;B;is at the evacuation site
294.797,3,evacueeManager,,OFF SHIP: White;0;Green;426;Yellow;47;Red;5;Black;22;ON SHIP: White;0;Green;0;Yellow;0;Red;0;Evacuees to Transfer;
294.797,378,evacuee,outES,Evacuee 292 in triage category G is not assigned a helicopter
294.797,378,evacuee,,Evacuee;292;in triage state;Y;is at the evacuation site
296.004,3,evacueeManager,,OFF SHIP: White;0;Green;426;Yellow;46;Red;6;Black;22;ON SHIP: White;0;Green;0;Yellow;0;Red;0;Evacuees to Transfer;
296.004,793,evacuee,outES,Evacuee 110 in triage category Y is not assigned a helicopter
296.004,793,evacuee,,Evacuee;110;in triage state;R;is at the evacuation site
296.887,3,evacueeManager,,OFF SHIP: White;0;Green;426;Yellow;45;Red;7;Black;22;ON SHIP: White;0;Green;0;Yellow;0;Red;0;Evacuees to Transfer;
296.887,1072,evacuee,outES,Evacuee 198 in triage category Y is not assigned a helicopter
296.887,1072,evacuee,,Evacuee;198;in triage state;R;is at the evacuation site
302.848,3,evacueeManager,,OFF SHIP: White;0;Green;425;Yellow;46;Red;7;Black;22;ON SHIP: White;0;Green;0;Yellow;0;Red;0;Evacuees to Transfer;
302.848,1218,evacuee,outES,Evacuee 194 in triage category G is not assigned a helicopter
302.848,1218,evacuee,,Evacuee;194;in triage state;Y;is at the evacuation site
305.291,3,evacueeManager,,OFF SHIP: White;0;Green;424;Yellow;47;Red;7;Black;22;ON SHIP: White;0;Green;0;Yellow;0;Red;0;Evacuees to Transfer;
305.291,166,evacuee,outES,Evacuee 452 in triage category G is not assigned a helicopter
305.291,166,evacuee,,Evacuee;452;in triage state;Y;is at the evacuation site
307.492,3,evacueeManager,,OFF SHIP: White;0;Green;423;Yellow;48;Red;7;Black;22;ON SHIP: White;0;Green;0;Yellow;0;Red;0;Evacuees to Transfer;
307.492,658,evacuee,outES,Evacuee 79 in triage category G is not assigned a helicopter
307.492,658,evacuee,,Evacuee;79;in triage state;Y;is at the evacuation site
309.512,3,evacueeManager,,OFF SHIP: White;0;Green;422;Yellow;49;Red;7;Black;22;ON SHIP: White;0;Green;0;Yellow;0;Red;0;Evacuees to Transfer;
309.512,865,evacuee,outES,Evacuee 8 in triage category G is not assigned a helicopter
309.512,865,evacuee,,Evacuee;8;in triage state;Y;is at the evacuation site
310.675,3,evacueeManager,,OFF SHIP: White;0;Green;421;Yellow;50;Red;7;Black;22;ON SHIP: White;0;Green;0;Yellow;0;Red;0;Evacuees to Transfer;
310.675,727,evacuee,outES,Evacuee 223 in triage category G is not assigned a helicopter
310.675,727,evacuee,,Evacuee;223;in triage state;Y;is at the evacuation site
311.842,3,evacueeManager,,OFF SHIP: White;0;Green;421;Yellow;49;Red;8;Black;22;ON SHIP: White;0;Green;0;Yellow;0;Red;0;Evacuees to Transfer;
311.842,652,evacuee,outES,Evacuee 444 in triage category Y is not assigned a helicopter
311.842,652,evacuee,,Evacuee;444;in triage state;R;is at the evacuation site
317.657,3,evacueeManager,,OFF SHIP: White;0;Green;421;Yellow;48;Red;9;Black;22;ON SHIP: White;0;Green;0;Yellow;0;Red;0;Evacuees to Transfer;
317.657,193,evacuee,outES,Evacuee 480 in triage category Y is not assigned a helicopter
317.657,193,evacuee,,Evacuee;480;in triage state;R;is at the evacuation site
321.955,3,evacueeManager,,OFF SHIP: White;0;Green;421;Yellow;48;Red;8;Black;23;ON SHIP: White;0;Green;0;Yellow;0;Red;0;Evacuees to Transfer;
321.955,45,evacuee,outES,Evacuee 478 in triage category R is not assigned a helicopter
321.955,45,evacuee,,Evacuee;478;in triage state;B;is at the evacuation site
321.979,3,evacueeManager,,OFF SHIP: White;0;Green;421;Yellow;48;Red;7;Black;24;ON SHIP: White;0;Green;0;Yellow;0;Red;0;Evacuees to Transfer;
321.979,652,evacuee,outES,Evacuee 444 in triage category R is not assigned a helicopter
321.979,652,evacuee,,Evacuee;444;in triage state;B;is at the evacuation site
329.221,3,evacueeManager,,OFF SHIP: White;0;Green;421;Yellow;48;Red;6;Black;25;ON SHIP: White;0;Green;0;Yellow;0;Red;0;Evacuees to Transfer;
329.221,793,evacuee,outES,Evacuee 110 in triage category R is not assigned a helicopter
329.221,793,evacuee,,Evacuee;110;in triage state;B;is at the evacuation site
335.373,3,evacueeManager,,OFF SHIP: White;0;Green;421;Yellow;47;Red;7;Black;25;ON SHIP: White;0;Green;0;Yellow;0;Red;0;Evacuees to Transfer;
335.373,658,evacuee,outES,Evacuee 79 in triage category Y is not assigned a helicopter
335.373,658,evacuee,,Evacuee;79;in triage state;R;is at the evacuation site
341.551,3,evacueeManager,,OFF SHIP: White;0;Green;421;Yellow;46;Red;8;Black;25;ON SHIP: White;0;Green;0;Yellow;0;Red;0;Evacuees to Transfer;
341.551,378,evacuee,outES,Evacuee 292 in triage category Y is not assigned a helicopter
341.551,378,evacuee,,Evacuee;292;in triage state;R;is at the evacuation site
354.768,3,evacueeManager,,OFF SHIP: White;0;Green;421;Yellow;45;Red;9;Black;25;ON SHIP: White;0;Green;0;Yellow;0;Red;0;Evacuees to Transfer;
354.768,1425,evacuee,outES,Evacuee 27 in triage category Y is not assigned a helicopter
354.768,1425,evacuee,,Evacuee;27;in triage state;R;is at the evacuation site
355.438,3,evacueeManager,,OFF SHIP: White;0;Green;421;Yellow;45;Red;8;Black;26;ON SHIP: White;0;Green;0;Yellow;0;Red;0;Evacuees to Transfer;
355.438,658,evacuee,outES,Evacuee 79 in triage category R is not assigned a helicopter
355.438,658,evacuee,,Evacuee;79;in triage state;B;is at the evacuation site
364.208,3,evacueeManager,,OFF SHIP: White;0;Green;421;Yellow;45;Red;7;Black;27;ON SHIP: White;0;Green;0;Yellow;0;Red;0;Evacuees to Transfer;
364.208,1069,evacuee,outES,Evacuee 36 in triage category R is not assigned a helicopter
364.208,1069,evacuee,,Evacuee;36;in triage state;B;is at the evacuation site
369.197,3,evacueeManager,,OFF SHIP: White;0;Green;420;Yellow;46;Red;7;Black;27;ON SHIP: White;0;Green;0;Yellow;0;Red;0;Evacuees to Transfer;
369.197,1006,evacuee,outES,Evacuee 21 in triage category G is not assigned a helicopter
369.197,1006,evacuee,,Evacuee;21;in triage state;Y;is at the evacuation site
372.157,3,evacueeManager,,OFF SHIP: White;0;Green;420;Yellow;46;Red;6;Black;28;ON SHIP: White;0;Green;0;Yellow;0;Red;0;Evacuees to Transfer;
372.157,1072,evacuee,outES,Evacuee 198 in triage category R is not assigned a helicopter
372.157,1072,evacuee,,Evacuee;198;in triage state;B;is at the evacuation site
387.881,3,evacueeManager,,OFF SHIP: White;0;Green;419;Yellow;47;Red;6;Black;28;ON SHIP: White;0;Green;0;Yellow;0;Red;0;Evacuees to Transfer;
387.881,1075,evacuee,outES,Evacuee 84 in triage category G is not assigned a helicopter
387.881,1075,evacuee,,Evacuee;84;in triage state;Y;is at the evacuation site
392.495,3,evacueeManager,,OFF SHIP: White;0;Green;419;Yellow;46;Red;7;Black;28;ON SHIP: White;0;Green;0;Yellow;0;Red;0;Evacuees to Transfer;
392.495,865,evacuee,outES,Evacuee 8 in triage category Y is not assigned a helicopter
392.495,865,evacuee,,Evacuee;8;in triage state;R;is at the evacuation site
392.718,3,evacueeManager,,OFF SHIP: White;0;Green;419;Yellow;46;Red;6;Black;29;ON SHIP: White;0;Green;0;Yellow;0;Red;0;Evacuees to Transfer;
392.718,1356,evacuee,outES,Evacuee 253 in triage category R is not assigned a helicopter
392.718,1356,evacuee,,Evacuee;253;in triage state;B;is at the evacuation site
396.11,3,evacueeManager,,OFF SHIP: White;0;Green;419;Yellow;45;Red;7;Black;29;ON SHIP: White;0;Green;0;Yellow;0;Red;0;Evacuees to Transfer;
396.11,1215,evacuee,outES,Evacuee 139 in triage category Y is not assigned a helicopter
396.11,1215,evacuee,,Evacuee;139;in triage state;R;is at the evacuation site
398.404,3,evacueeManager,,OFF SHIP: White;0;Green;418;Yellow;46;Red;7;Black;29;ON SHIP: White;0;Green;0;Yellow;0;Red;0;Evacuees to Transfer;
398.404,1359,evacuee,outES,Evacuee 191 in triage category G is not assigned a helicopter
398.404,1359,evacuee,,Evacuee;191;in triage state;Y;is at the evacuation site
404.092,3,evacueeManager,,OFF SHIP: White;0;Green;417;Yellow;47;Red;7;Black;29;ON SHIP: White;0;Green;0;Yellow;0;Red;0;Evacuees to Transfer;
404.092,1148,evacuee,outES,Evacuee 56 in triage category G is not assigned a helicopter
404.092,1148,evacuee,,Evacuee;56;in triage state;Y;is at the evacuation site
406.622,3,evacueeManager,,OFF SHIP: White;0;Green;416;Yellow;48;Red;7;Black;29;ON SHIP: White;0;Green;0;Yellow;0;Red;0;Evacuees to Transfer;
406.622,105,evacuee,outES,Evacuee 436 in triage category G is not assigned a helicopter
406.622,105,evacuee,,Evacuee;436;in triage state;Y;is at the evacuation site
407.4,3,evacueeManager,,OFF SHIP: White;0;Green;416;Yellow;47;Red;8;Black;29;ON SHIP: White;0;Green;0;Yellow;0;Red;0;Evacuees to Transfer;
407.4,829,evacuee,outES,Evacuee 487 in triage category Y is not assigned a helicopter
407.4,829,evacuee,,Evacuee;487;in triage state;R;is at the evacuation site
408.08,3,evacueeManager,,OFF SHIP: White;0;Green;415;Yellow;48;Red;8;Black;29;ON SHIP: White;0;Green;0;Yellow;0;Red;0;Evacuees to Transfer;
408.08,1290,evacuee,outES,Evacuee 146 in triage category G is not assigned a helicopter
408.08,1290,evacuee,,Evacuee;146;in triage state;Y;is at the evacuation site
411.993,3,evacueeManager,,OFF SHIP: White;0;Green;415;Yellow;47;Red;9;Black;29;ON SHIP: White;0;Green;0;Yellow;0;Red;0;Evacuees to Transfer;
411.993,309,evacuee,outES,Evacuee 466 in triage category Y is not assigned a helicopter
411.993,309,evacuee,,Evacuee;466;in triage state;R;is at the evacuation site
412.707,3,evacueeManager,,OFF SHIP: White;0;Green;414;Yellow;48;Red;9;Black;29;ON SHIP: White;0;Green;0;Yellow;0;Red;0;Evacuees to Transfer;
412.707,450,evacuee,outES,Evacuee 264 in triage category G is not assigned a helicopter
412.707,450,evacuee,,Evacuee;264;in triage state;Y;is at the evacuation site
413.214,3,evacueeManager,,OFF SHIP: White;0;Green;413;Yellow;49;Red;9;Black;29;ON SHIP: White;0;Green;0;Yellow;0;Red;0;Evacuees to Transfer;
413.214,239,evacuee,outES,Evacuee 366 in triage category G is not assigned a helicopter
413.214,239,evacuee,,Evacuee;366;in triage state;Y;is at the evacuation site
415.374,3,evacueeManager,,OFF SHIP: White;0;Green;412;Yellow;50;Red;9;Black;29;ON SHIP: White;0;Green;0;Yellow;0;Red;0;Evacuees to Transfer;
415.374,1497,evacuee,outES,Evacuee 243 in triage category G is not assigned a helicopter
415.374,1497,evacuee,,Evacuee;243;in triage state;Y;is at the evacuation site
416.516,3,evacueeManager,,OFF SHIP: White;0;Green;411;Yellow;51;Red;9;Black;29;ON SHIP: White;0;Green;0;Yellow;0;Red;0;Evacuees to Transfer;
416.516,312,evacuee,outES,Evacuee 325 in triage category G is not assigned a helicopter
416.516,312,evacuee,,Evacuee;325;in triage state;Y;is at the evacuation site
420.204,3,evacueeManager,,OFF SHIP: White;0;Green;410;Yellow;52;Red;9;Black;29;ON SHIP: White;0;Green;0;Yellow;0;Red;0;Evacuees to Transfer;
420.204,937,evacuee,outES,Evacuee 407 in triage category G is not assigned a helicopter
420.204,937,evacuee,,Evacuee;407;in triage state;Y;is at the evacuation site
427.72,3,evacueeManager,,OFF SHIP: White;0;Green;409;Yellow;53;Red;9;Black;29;ON SHIP: White;0;Green;0;Yellow;0;Red;0;Evacuees to Transfer;
427.72,1428,evacuee,outES,Evacuee 211 in triage category G is not assigned a helicopter
427.72,1428,evacuee,,Evacuee;211;in triage state;Y;is at the evacuation site
434.296,3,evacueeManager,,OFF SHIP: White;0;Green;408;Yellow;54;Red;9;Black;29;ON SHIP: White;0;Green;0;Yellow;0;Red;0;Evacuees to Transfer;
434.296,519,evacuee,outES,Evacuee 469 in triage category G is not assigned a helicopter
434.296,519,evacuee,,Evacuee;469;in triage state;Y;is at the evacuation site
434.488,3,evacueeManager,,OFF SHIP: White;0;Green;407;Yellow;55;Red;9;Black;29;ON SHIP: White;0;Green;0;Yellow;0;Red;0;Evacuees to Transfer;
434.488,799,evacuee,outES,Evacuee 133 in triage category G is not assigned a helicopter
434.488,799,evacuee,,Evacuee;133;in triage state;Y;is at the evacuation site
436.501,3,evacueeManager,,OFF SHIP: White;0;Green;407;Yellow;55;Red;8;Black;30;ON SHIP: White;0;Green;0;Yellow;0;Red;0;Evacuees to Transfer;
436.501,378,evacuee,outES,Evacuee 292 in triage category R is not assigned a helicopter
436.501,378,evacuee,,Evacuee;292;in triage state;B;is at the evacuation site
437.453,3,evacueeManager,,OFF SHIP: White;0;Green;407;Yellow;54;Red;9;Black;30;ON SHIP: White;0;Green;0;Yellow;0;Red;0;Evacuees to Transfer;
437.453,1075,evacuee,outES,Evacuee 84 in triage category Y is not assigned a helicopter
437.453,1075,evacuee,,Evacuee;84;in triage state;R;is at the evacuation site
438.134,3,evacueeManager,,OFF SHIP: White;0;Green;406;Yellow;55;Red;9;Black;30;ON SHIP: White;0;Green;0;Yellow;0;Red;0;Evacuees to Transfer;
438.134,381,evacuee,outES,Evacuee 291 in triage category G is not assigned a helicopter
438.134,381,evacuee,,Evacuee;291;in triage state;Y;is at the evacuation site
438.711,3,evacueeManager,,OFF SHIP: White;0;Green;405;Yellow;56;Red;9;Black;30;ON SHIP: White;0;Green;0;Yellow;0;Red;0;Evacuees to Transfer;
438.711,1221,evacuee,outES,Evacuee 140 in triage category G is not assigned a helicopter
438.711,1221,evacuee,,Evacuee;140;in triage state;Y;is at the evacuation site
440.897,3,evacueeManager,,OFF SHIP: White;0;Green;405;Yellow;55;Red;10;Black;30;ON SHIP: White;0;Green;0;Yellow;0;Red;0;Evacuees to Transfer;
440.897,303,evacuee,outES,Evacuee 410 in triage category Y is not assigned a helicopter
440.897,303,evacuee,,Evacuee;410;in triage state;R;is at the evacuation site
443.604,3,evacueeManager,,OFF SHIP: White;0;Green;405;Yellow;55;Red;9;Black;31;ON SHIP: White;0;Green;0;Yellow;0;Red;0;Evacuees to Transfer;
443.604,303,evacuee,outES,Evacuee 410 in triage category R is not assigned a helicopter
443.604,303,evacuee,,Evacuee;410;in triage state;B;is at the evacuation site
445.697,3,evacueeManager,,OFF SHIP: White;0;Green;404;Yellow;56;Red;9;Black;31;ON SHIP: White;0;Green;0;Yellow;0;Red;0;Evacuees to Transfer;
445.697,868,evacuee,outES,Evacuee 3 in triage category G is not assigned a helicopter
445.697,868,evacuee,,Evacuee;3;in triage state;Y;is at the evacuation site
446.531,3,evacueeManager,,OFF SHIP: White;0;Green;403;Yellow;57;Red;9;Black;31;ON SHIP: White;0;Green;0;Yellow;0;Red;0;Evacuees to Transfer;
446.531,169,evacuee,outES,Evacuee 396 in triage category G is not assigned a helicopter
446.531,169,evacuee,,Evacuee;396;in triage state;Y;is at the evacuation site
448.1,3,evacueeManager,,OFF SHIP: White;0;Green;403;Yellow;56;Red;10;Black;31;ON SHIP: White;0;Green;0;Yellow;0;Red;0;Evacuees to Transfer;
448.1,868,evacuee,outES,Evacuee 3 in triage category Y is not assigned a helicopter
448.1,868,evacuee,,Evacuee;3;in triage state;R;is at the evacuation site
448.18,3,evacueeManager,,OFF SHIP: White;0;Green;403;Yellow;55;Red;11;Black;31;ON SHIP: White;0;Green;0;Yellow;0;Red;0;Evacuees to Transfer;
448.18,970,evacuee,outES,Evacuee 496 in triage category Y is not assigned a helicopter
448.18,970,evacuee,,Evacuee;496;in triage state;R;is at the evacuation site
451.479,3,evacueeManager,,OFF SHIP: White;0;Green;402;Yellow;56;Red;11;Black;31;ON SHIP: White;0;Green;0;Yellow;0;Red;0;Evacuees to Transfer;
451.479,661,evacuee,outES,Evacuee 115 in triage category G is not assigned a helicopter
451.479,661,evacuee,,Evacuee;115;in triage state;Y;is at the evacuation site
452.186,3,evacueeManager,,OFF SHIP: White;0;Green;401;Yellow;57;Red;11;Black;31;ON SHIP: White;0;Green;0;Yellow;0;Red;0;Evacuees to Transfer;
452.186,730,evacuee,outES,Evacuee 135 in triage category G is not assigned a helicopter
452.186,730,evacuee,,Evacuee;135;in triage state;Y;is at the evacuation site
458.061,3,evacueeManager,,OFF SHIP: White;0;Green;401;Yellow;56;Red;12;Black;31;ON SHIP: White;0;Green;0;Yellow;0;Red;0;Evacuees to Transfer;
458.061,1003,evacuee,outES,Evacuee 405 in triage category Y is not assigned a helicopter
458.061,1003,evacuee,,Evacuee;405;in triage state;R;is at the evacuation site
467.08,3,evacueeManager,,OFF SHIP: White;0;Green;401;Yellow;56;Red;11;Black;32;ON SHIP: White;0;Green;0;Yellow;0;Red;0;Evacuees to Transfer;
467.08,865,evacuee,outES,Evacuee 8 in triage category R is not assigned a helicopter
467.08,865,evacuee,,Evacuee;8;in triage state;B;is at the evacuation site
467.461,3,evacueeManager,,OFF SHIP: White;0;Green;401;Yellow;55;Red;12;Black;32;ON SHIP: White;0;Green;0;Yellow;0;Red;0;Evacuees to Transfer;
467.461,105,evacuee,outES,Evacuee 436 in triage category Y is not assigned a helicopter
467.461,105,evacuee,,Evacuee;436;in triage state;R;is at the evacuation site
468.039,3,evacueeManager,,OFF SHIP: White;0;Green;401;Yellow;55;Red;11;Black;33;ON SHIP: White;0;Green;0;Yellow;0;Red;0;Evacuees to Transfer;
468.039,1075,evacuee,outES,Evacuee 84 in triage category R is not assigned a helicopter
468.039,1075,evacuee,,Evacuee;84;in triage state;B;is at the evacuation site
475.08,3,evacueeManager,,OFF SHIP: White;0;Green;401;Yellow;54;Red;12;Black;33;ON SHIP: White;0;Green;0;Yellow;0;Red;0;Evacuees to Transfer;
475.08,1145,evacuee,outES,Evacuee 47 in triage category Y is not assigned a helicopter
475.08,1145,evacuee,,Evacuee;47;in triage state;R;is at the evacuation site
475.896,3,evacueeManager,,OFF SHIP: White;0;Green;401;Yellow;53;Red;13;Black;33;ON SHIP: White;0;Green;0;Yellow;0;Red;0;Evacuees to Transfer;
475.896,1142,evacuee,outES,Evacuee 175 in triage category Y is not assigned a helicopter
475.896,1142,evacuee,,Evacuee;175;in triage state;R;is at the evacuation site
476.663,3,evacueeManager,,OFF SHIP: White;0;Green;401;Yellow;53;Red;12;Black;34;ON SHIP: White;0;Green;0;Yellow;0;Red;0;Evacuees to Transfer;
476.663,742,evacuee,outES,Evacuee 481 in triage category R is not assigned a helicopter
476.663,742,evacuee,,Evacuee;481;in triage state;B;is at the evacuation site
478.004,3,evacueeManager,,OFF SHIP: White;0;Green;401;Yellow;53;Red;11;Black;35;ON SHIP: White;0;Green;0;Yellow;0;Red;0;Evacuees to Transfer;
478.004,309,evacuee,outES,Evacuee 466 in triage category R is not assigned a helicopter
478.004,309,evacuee,,Evacuee;466;in triage state;B;is at the evacuation site
483.759,3,evacueeManager,,OFF SHIP: White;0;Green;401;Yellow;53;Red;10;Black;36;ON SHIP: White;0;Green;0;Yellow;0;Red;0;Evacuees to Transfer;
483.759,1142,evacuee,outES,Evacuee 175 in triage category R is not assigned a helicopter
483.759,1142,evacuee,,Evacuee;175;in triage state;B;is at the evacuation site
485.243,3,evacueeManager,,OFF SHIP: White;0;Green;400;Yellow;54;Red;10;Black;36;ON SHIP: White;0;Green;0;Yellow;0;Red;0;Evacuees to Transfer;
485.243,592,evacuee,outES,Evacuee 101 in triage category G is not assigned a helicopter
485.243,592,evacuee,,Evacuee;101;in triage state;Y;is at the evacuation site
487.924,3,evacueeManager,,OFF SHIP: White;0;Green;400;Yellow;53;Red;11;Black;36;ON SHIP: White;0;Green;0;Yellow;0;Red;0;Evacuees to Transfer;
487.924,99,evacuee,outES,Evacuee 439 in triage category Y is not assigned a helicopter
487.924,99,evacuee,,Evacuee;439;in triage state;R;is at the evacuation site
496.392,3,evacueeManager,,OFF SHIP: White;0;Green;400;Yellow;53;Red;10;Black;37;ON SHIP: White;0;Green;0;Yellow;0;Red;0;Evacuees to Transfer;
496.392,1425,evacuee,outES,Evacuee 27 in triage category R is not assigned a helicopter
496.392,1425,evacuee,,Evacuee;27;in triage state;B;is at the evacuation site
498.353,3,evacueeManager,,OFF SHIP: White;0;Green;400;Yellow;53;Red;9;Black;38;ON SHIP: White;0;Green;0;Yellow;0;Red;0;Evacuees to Transfer;
498.353,1145,evacuee,outES,Evacuee 47 in triage category R is not assigned a helicopter
498.353,1145,evacuee,,Evacuee;47;in triage state;B;is at the evacuation site
501.709,3,evacueeManager,,OFF SHIP: White;0;Green;400;Yellow;52;Red;10;Black;38;ON SHIP: White;0;Green;0;Yellow;0;Red;0;Evacuees to Transfer;
501.709,583,evacuee,outES,Evacuee 39 in triage category Y is not assigned a helicopter
501.709,583,evacuee,,Evacuee;39;in triage state;R;is at the evacuation site
510.033,3,evacueeManager,,OFF SHIP: White;0;Green;400;Yellow;52;Red;9;Black;39;ON SHIP: White;0;Green;0;Yellow;0;Red;0;Evacuees to Transfer;
510.033,583,evacuee,outES,Evacuee 39 in triage category R is not assigned a helicopter
510.033,583,evacuee,,Evacuee;39;in triage state;B;is at the evacuation site
510.832,3,evacueeManager,,OFF SHIP: White;0;Green;400;Yellow;51;Red;10;Black;39;ON SHIP: White;0;Green;0;Yellow;0;Red;0;Evacuees to Transfer;
510.832,444,evacuee,outES,Evacuee 272 in triage category Y is not assigned a helicopter
510.832,444,evacuee,,Evacuee;272;in triage state;R;is at the evacuation site
514.114,3,evacueeManager,,OFF SHIP: White;0;Green;400;Yellow;51;Red;9;Black;40;ON SHIP: White;0;Green;0;Yellow;0;Red;0;Evacuees to Transfer;
514.114,1215,evacuee,outES,Evacuee 139 in triage category R is not assigned a helicopter
514.114,1215,evacuee,,Evacuee;139;in triage state;B;is at the evacuation site
519.958,3,evacueeManager,,OFF SHIP: White;0;Green;400;Yellow;50;Red;10;Black;40;ON SHIP: White;0;Green;0;Yellow;0;Red;0;Evacuees to Transfer;
519.958,102,evacuee,outES,Evacuee 437 in triage category Y is not assigned a helicopter
519.958,102,evacuee,,Evacuee;437;in triage state;R;is at the evacuation site
520.773,3,evacueeManager,,OFF SHIP: White;0;Green;400;Yellow;50;Red;9;Black;41;ON SHIP: White;0;Green;0;Yellow;0;Red;0;Evacuees to Transfer;
520.773,970,evacuee,outES,Evacuee 496 in triage category R is not assigned a helicopter
520.773,970,evacuee,,Evacuee;496;in triage state;B;is at the evacuation site
521.78,3,evacueeManager,,OFF SHIP: White;0;Green;399;Yellow;51;Red;9;Black;41;ON SHIP: White;0;Green;0;Yellow;0;Red;0;Evacuees to Transfer;
521.78,1009,evacuee,outES,Evacuee 68 in triage category G is not assigned a helicopter
521.78,1009,evacuee,,Evacuee;68;in triage state;Y;is at the evacuation site
523.463,3,evacueeManager,,OFF SHIP: White;0;Green;399;Yellow;51;Red;8;Black;42;ON SHIP: White;0;Green;0;Yellow;0;Red;0;Evacuees to Transfer;
523.463,829,evacuee,outES,Evacuee 487 in triage category R is not assigned a helicopter
523.463,829,evacuee,,Evacuee;487;in triage state;B;is at the evacuation site
523.576,3,evacueeManager,,OFF SHIP: White;0;Green;399;Yellow;50;Red;9;Black;42;ON SHIP: White;0;Green;0;Yellow;0;Red;0;Evacuees to Transfer;
523.576,519,evacuee,outES,Evacuee 469 in triage category Y is not assigned a helicopter
523.576,519,evacuee,,Evacuee;469;in triage state;R;is at the evacuation site
523.957,3,evacueeManager,,OFF SHIP: White;0;Green;399;Yellow;50;Red;8;Black;43;ON SHIP: White;0;Green;0;Yellow;0;Red;0;Evacuees to Transfer;
523.957,519,evacuee,outES,Evacuee 469 in triage category R is not assigned a helicopter
523.957,519,evacuee,,Evacuee;469;in triage state;B;is at the evacuation site
528.131,3,evacueeManager,,OFF SHIP: White;0;Green;399;Yellow;50;Red;7;Black;44;ON SHIP: White;0;Green;0;Yellow;0;Red;0;Evacuees to Transfer;
528.131,868,evacuee,outES,Evacuee 3 in triage category R is not assigned a helicopter
528.131,868,evacuee,,Evacuee;3;in triage state;B;is at the evacuation site
533.335,3,evacueeManager,,OFF SHIP: White;0;Green;398;Yellow;51;Red;7;Black;44;ON SHIP: White;0;Green;0;Yellow;0;Red;0;Evacuees to Transfer;
533.335,1078,evacuee,outES,Evacuee 42 in triage category G is not assigned a helicopter
533.335,1078,evacuee,,Evacuee;42;in triage state;Y;is at the evacuation site
538.647,3,evacueeManager,,OFF SHIP: White;0;Green;398;Yellow;50;Red;8;Black;44;ON SHIP: White;0;Green;0;Yellow;0;Red;0;Evacuees to Transfer;
538.647,1428,evacuee,outES,Evacuee 211 in triage category Y is not assigned a helicopter
538.647,1428,evacuee,,Evacuee;211;in triage state;R;is at the evacuation site
541.232,3,evacueeManager,,OFF SHIP: White;0;Green;398;Yellow;49;Red;9;Black;44;ON SHIP: White;0;Green;0;Yellow;0;Red;0;Evacuees to Transfer;
541.232,75,evacuee,outES,Evacuee 495 in triage category Y is not assigned a helicopter
541.232,75,evacuee,,Evacuee;495;in triage state;R;is at the evacuation site
541.322,3,evacueeManager,,OFF SHIP: White;0;Green;398;Yellow;49;Red;8;Black;45;ON SHIP: White;0;Green;0;Yellow;0;Red;0;Evacuees to Transfer;
541.322,105,evacuee,outES,Evacuee 436 in triage category R is not assigned a helicopter
541.322,105,evacuee,,Evacuee;436;in triage state;B;is at the evacuation site
543.518,3,evacueeManager,,OFF SHIP: White;0;Green;398;Yellow;49;Red;7;Black;46;ON SHIP: White;0;Green;0;Yellow;0;Red;0;Evacuees to Transfer;
543.518,444,evacuee,outES,Evacuee 272 in triage category R is not assigned a helicopter
543.518,444,evacuee,,Evacuee;272;in triage state;B;is at the evacuation site
544.539,3,evacueeManager,,OFF SHIP: White;0;Green;398;Yellow;48;Red;8;Black;46;ON SHIP: White;0;Green;0;Yellow;0;Red;0;Evacuees to Transfer;
544.539,450,evacuee,outES,Evacuee 264 in triage category Y is not assigned a helicopter
544.539,450,evacuee,,Evacuee;264;in triage state;R;is at the evacuation site
545.392,3,evacueeManager,,OFF SHIP: White;0;Green;398;Yellow;47;Red;9;Black;46;ON SHIP: White;0;Green;0;Yellow;0;Red;0;Evacuees to Transfer;
545.392,312,evacuee,outES,Evacuee 325 in triage category Y is not assigned a helicopter
545.392,312,evacuee,,Evacuee;325;in triage state;R;is at the evacuation site
547.129,3,evacueeManager,,OFF SHIP: White;0;Green;397;Yellow;48;Red;9;Black;46;ON SHIP: White;0;Green;0;Yellow;0;Red;0;Evacuees to Transfer;
547.129,1362,evacuee,outES,Evacuee 314 in triage category G is not assigned a helicopter
547.129,1362,evacuee,,Evacuee;314;in triage state;Y;is at the evacuation site
552.852,3,evacueeManager,,OFF SHIP: White;0;Green;397;Yellow;47;Red;10;Black;46;ON SHIP: White;0;Green;0;Yellow;0;Red;0;Evacuees to Transfer;
552.852,381,evacuee,outES,Evacuee 291 in triage category Y is not assigned a helicopter
552.852,381,evacuee,,Evacuee;291;in triage state;R;is at the evacuation site
553.38,3,evacueeManager,,OFF SHIP: White;0;Green;397;Yellow;47;Red;9;Black;47;ON SHIP: White;0;Green;0;Yellow;0;Red;0;Evacuees to Transfer;
553.38,102,evacuee,outES,Evacuee 437 in triage category R is not assigned a helicopter
553.38,102,evacuee,,Evacuee;437;in triage state;B;is at the evacuation site
555.851,3,evacueeManager,,OFF SHIP: White;0;Green;396;Yellow;48;Red;9;Black;47;ON SHIP: White;0;Green;0;Yellow;0;Red;0;Evacuees to Transfer;
555.851,1151,evacuee,outES,Evacuee 367 in triage category G is not assigned a helicopter
555.851,1151,evacuee,,Evacuee;367;in triage state;Y;is at the evacuation site
556.718,3,evacueeManager,,OFF SHIP: White;0;Green;395;Yellow;49;Red;9;Black;47;ON SHIP: White;0;Green;0;Yellow;0;Red;0;Evacuees to Transfer;
556.718,453,evacuee,outES,Evacuee 262 in triage category G is not assigned a helicopter
556.718,453,evacuee,,Evacuee;262;in triage state;Y;is at the evacuation site
559.521,3,evacueeManager,,OFF SHIP: White;0;Green;394;Yellow;50;Red;9;Black;47;ON SHIP: White;0;Green;0;Yellow;0;Red;0;Evacuees to Transfer;
559.521,1500,evacuee,outES,Evacuee 96 in triage category G is not assigned a helicopter
559.521,1500,evacuee,,Evacuee;96;in triage state;Y;is at the evacuation site
559.988,3,evacueeManager,,OFF SHIP: White;0;Green;393;Yellow;51;Red;9;Black;47;ON SHIP: White;0;Green;0;Yellow;0;Red;0;Evacuees to Transfer;
559.988,242,evacuee,outES,Evacuee 362 in triage category G is not assigned a helicopter
559.988,242,evacuee,,Evacuee;362;in triage state;Y;is at the evacuation site
560.055,3,evacueeManager,,OFF SHIP: White;0;Green;392;Yellow;52;Red;9;Black;47;ON SHIP: White;0;Green;0;Yellow;0;Red;0;Evacuees to Transfer;
560.055,1293,evacuee,outES,Evacuee 167 in triage category G is not assigned a helicopter
560.055,1293,evacuee,,Evacuee;167;in triage state;Y;is at the evacuation site
564.599,3,evacueeManager,,OFF SHIP: White;0;Green;391;Yellow;53;Red;9;Black;47;ON SHIP: White;0;Green;0;Yellow;0;Red;0;Evacuees to Transfer;
564.599,940,evacuee,outES,Evacuee 132 in triage category G is not assigned a helicopter
564.599,940,evacuee,,Evacuee;132;in triage state;Y;is at the evacuation site
565.775,3,evacueeManager,,OFF SHIP: White;0;Green;391;Yellow;52;Red;10;Black;47;ON SHIP: White;0;Green;0;Yellow;0;Red;0;Evacuees to Transfer;
565.775,1362,evacuee,outES,Evacuee 314 in triage category Y is not assigned a helicopter
565.775,1362,evacuee,,Evacuee;314;in triage state;R;is at the evacuation site
566.204,3,evacueeManager,,OFF SHIP: White;0;Green;390;Yellow;53;Red;10;Black;47;ON SHIP: White;0;Green;0;Yellow;0;Red;0;Evacuees to Transfer;
566.204,315,evacuee,outES,Evacuee 365 in triage category G is not assigned a helicopter
566.204,315,evacuee,,Evacuee;365;in triage state;Y;is at the evacuation site
569.176,3,evacueeManager,,OFF SHIP: White;0;Green;390;Yellow;52;Red;11;Black;47;ON SHIP: White;0;Green;0;Yellow;0;Red;0;Evacuees to Transfer;
569.176,799,evacuee,outES,Evacuee 133 in triage category Y is not assigned a helicopter
569.176,799,evacuee,,Evacuee;133;in triage state;R;is at the evacuation site
571.131,3,evacueeManager,,OFF SHIP: White;0;Green;390;Yellow;51;Red;12;Black;47;ON SHIP: White;0;Green;0;Yellow;0;Red;0;Evacuees to Transfer;
571.131,862,evacuee,outES,Evacuee 240 in triage category Y is not assigned a helicopter
571.131,862,evacuee,,Evacuee;240;in triage state;R;is at the evacuation site
571.859,3,evacueeManager,,OFF SHIP: White;0;Green;390;Yellow;50;Red;13;Black;47;ON SHIP: White;0;Green;0;Yellow;0;Red;0;Evacuees to Transfer;
571.859,236,evacuee,outES,Evacuee 369 in triage category Y is not assigned a helicopter
571.859,236,evacuee,,Evacuee;369;in triage state;R;is at the evacuation site
572.47,3,evacueeManager,,OFF SHIP: White;0;Green;390;Yellow;50;Red;12;Black;48;ON SHIP: White;0;Green;0;Yellow;0;Red;0;Evacuees to Transfer;
572.47,450,evacuee,outES,Evacuee 264 in triage category R is not assigned a helicopter
572.47,450,evacuee,,Evacuee;264;in triage state;B;is at the evacuation site
573.619,3,evacueeManager,,OFF SHIP: White;0;Green;390;Yellow;49;Red;13;Black;48;ON SHIP: White;0;Green;0;Yellow;0;Red;0;Evacuees to Transfer;
573.619,447,evacuee,outES,Evacuee 270 in triage category Y is not assigned a helicopter
573.619,447,evacuee,,Evacuee;270;in triage state;R;is at the evacuation site
575.287,3,evacueeManager,,OFF SHIP: White;0;Green;390;Yellow;49;Red;12;Black;49;ON SHIP: White;0;Green;0;Yellow;0;Red;0;Evacuees to Transfer;
575.287,1003,evacuee,outES,Evacuee 405 in triage category R is not assigned a helicopter
575.287,1003,evacuee,,Evacuee;405;in triage state;B;is at the evacuation site
576.179,3,evacueeManager,,OFF SHIP: White;0;Green;390;Yellow;49;Red;11;Black;50;ON SHIP: White;0;Green;0;Yellow;0;Red;0;Evacuees to Transfer;
576.179,799,evacuee,outES,Evacuee 133 in triage category R is not assigned a helicopter
576.179,799,evacuee,,Evacuee;133;in triage state;B;is at the evacuation site
576.714,3,evacueeManager,,OFF SHIP: White;0;Green;390;Yellow;48;Red;12;Black;50;ON SHIP: White;0;Green;0;Yellow;0;Red;0;Evacuees to Transfer;
576.714,516,evacuee,outES,Evacuee 470 in triage category Y is not assigned a helicopter
576.714,516,evacuee,,Evacuee;470;in triage state;R;is at the evacuation site
578.007,3,evacueeManager,,OFF SHIP: White;0;Green;389;Yellow;49;Red;12;Black;50;ON SHIP: White;0;Green;0;Yellow;0;Red;0;Evacuees to Transfer;
578.007,1431,evacuee,outES,Evacuee 294 in triage category G is not assigned a helicopter
578.007,1431,evacuee,,Evacuee;294;in triage state;Y;is at the evacuation site
579.418,3,evacueeManager,,OFF SHIP: White;0;Green;388;Yellow;50;Red;12;Black;50;ON SHIP: White;0;Green;0;Yellow;0;Red;0;Evacuees to Transfer;
579.418,522,evacuee,outES,Evacuee 215 in triage category G is not assigned a helicopter
579.418,522,evacuee,,Evacuee;215;in triage state;Y;is at the evacuation site
581.301,3,evacueeManager,,OFF SHIP: White;0;Green;387;Yellow;51;Red;12;Black;50;ON SHIP: White;0;Green;0;Yellow;0;Red;0;Evacuees to Transfer;
581.301,1224,evacuee,outES,Evacuee 130 in triage category G is not assigned a helicopter
581.301,1224,evacuee,,Evacuee;130;in triage state;Y;is at the evacuation site
582.973,3,evacueeManager,,OFF SHIP: White;0;Green;387;Yellow;50;Red;13;Black;50;ON SHIP: White;0;Green;0;Yellow;0;Red;0;Evacuees to Transfer;
582.973,1500,evacuee,outES,Evacuee 96 in triage category Y is not assigned a helicopter
582.973,1500,evacuee,,Evacuee;96;in triage state;R;is at the evacuation site
583.252,3,evacueeManager,,OFF SHIP: White;0;Green;386;Yellow;51;Red;13;Black;50;ON SHIP: White;0;Green;0;Yellow;0;Red;0;Evacuees to Transfer;
583.252,112,evacuee,outES,Evacuee 434 in triage category G is not assigned a helicopter
583.252,112,evacuee,,Evacuee;434;in triage state;Y;is at the evacuation site
586.216,3,evacueeManager,,OFF SHIP: White;0;Green;385;Yellow;52;Red;13;Black;50;ON SHIP: White;0;Green;0;Yellow;0;Red;0;Evacuees to Transfer;
586.216,384,evacuee,outES,Evacuee 290 in triage category G is not assigned a helicopter
586.216,384,evacuee,,Evacuee;290;in triage state;Y;is at the evacuation site
591.334,3,evacueeManager,,OFF SHIP: White;0;Green;385;Yellow;51;Red;14;Black;50;ON SHIP: White;0;Green;0;Yellow;0;Red;0;Evacuees to Transfer;
591.334,453,evacuee,outES,Evacuee 262 in triage category Y is not assigned a helicopter
591.334,453,evacuee,,Evacuee;262;in triage state;R;is at the evacuation site
594.179,3,evacueeManager,,OFF SHIP: White;0;Green;384;Yellow;52;Red;14;Black;50;ON SHIP: White;0;Green;0;Yellow;0;Red;0;Evacuees to Transfer;
594.179,871,evacuee,outES,Evacuee 172 in triage category G is not assigned a helicopter
594.179,871,evacuee,,Evacuee;172;in triage state;Y;is at the evacuation site
595.057,3,evacueeManager,,OFF SHIP: White;0;Green;383;Yellow;53;Red;14;Black;50;ON SHIP: White;0;Green;0;Yellow;0;Red;0;Evacuees to Transfer;
595.057,172,evacuee,outES,Evacuee 395 in triage category G is not assigned a helicopter
595.057,172,evacuee,,Evacuee;395;in triage state;Y;is at the evacuation site
597.063,3,evacueeManager,,OFF SHIP: White;0;Green;383;Yellow;52;Red;15;Black;50;ON SHIP: White;0;Green;0;Yellow;0;Red;0;Evacuees to Transfer;
597.063,1497,evacuee,outES,Evacuee 243 in triage category Y is not assigned a helicopter
597.063,1497,evacuee,,Evacuee;243;in triage state;R;is at the evacuation site
601.069,3,evacueeManager,,OFF SHIP: White;0;Green;383;Yellow;51;Red;16;Black;50;ON SHIP: White;0;Green;0;Yellow;0;Red;0;Evacuees to Transfer;
601.069,859,evacuee,outES,Evacuee 394 in triage category Y is not assigned a helicopter
601.069,859,evacuee,,Evacuee;394;in triage state;R;is at the evacuation site
603.79,3,evacueeManager,,OFF SHIP: White;0;Green;382;Yellow;52;Red;16;Black;50;ON SHIP: White;0;Green;0;Yellow;0;Red;0;Evacuees to Transfer;
603.79,733,evacuee,outES,Evacuee 15 in triage category G is not assigned a helicopter
603.79,733,evacuee,,Evacuee;15;in triage state;Y;is at the evacuation site
604.405,3,evacueeManager,,OFF SHIP: White;0;Green;382;Yellow;52;Red;15;Black;51;ON SHIP: White;0;Green;0;Yellow;0;Red;0;Evacuees to Transfer;
604.405,447,evacuee,outES,Evacuee 270 in triage category R is not assigned a helicopter
604.405,447,evacuee,,Evacuee;270;in triage state;B;is at the evacuation site
605.824,3,evacueeManager,,OFF SHIP: White;0;Green;381;Yellow;53;Red;15;Black;51;ON SHIP: White;0;Green;0;Yellow;0;Red;0;Evacuees to Transfer;
605.824,664,evacuee,outES,Evacuee 98 in triage category G is not assigned a helicopter
605.824,664,evacuee,,Evacuee;98;in triage state;Y;is at the evacuation site
606.083,3,evacueeManager,,OFF SHIP: White;0;Green;381;Yellow;52;Red;16;Black;51;ON SHIP: White;0;Green;0;Yellow;0;Red;0;Evacuees to Transfer;
606.083,1290,evacuee,outES,Evacuee 146 in triage category Y is not assigned a helicopter
606.083,1290,evacuee,,Evacuee;146;in triage state;R;is at the evacuation site
607.901,3,evacueeManager,,OFF SHIP: White;0;Green;381;Yellow;52;Red;15;Black;52;ON SHIP: White;0;Green;0;Yellow;0;Red;0;Evacuees to Transfer;
607.901,236,evacuee,outES,Evacuee 369 in triage category R is not assigned a helicopter
607.901,236,evacuee,,Evacuee;369;in triage state;B;is at the evacuation site
611.186,3,evacueeManager,,OFF SHIP: White;0;Green;381;Yellow;51;Red;16;Black;52;ON SHIP: White;0;Green;0;Yellow;0;Red;0;Evacuees to Transfer;
611.186,1009,evacuee,outES,Evacuee 68 in triage category Y is not assigned a helicopter
611.186,1009,evacuee,,Evacuee;68;in triage state;R;is at the evacuation site
617.527,3,evacueeManager,,OFF SHIP: White;0;Green;381;Yellow;51;Red;15;Black;53;ON SHIP: White;0;Green;0;Yellow;0;Red;0;Evacuees to Transfer;
617.527,75,evacuee,outES,Evacuee 495 in triage category R is not assigned a helicopter
617.527,75,evacuee,,Evacuee;495;in triage state;B;is at the evacuation site
638.645,3,evacueeManager,,OFF SHIP: White;0;Green;380;Yellow;52;Red;15;Black;53;ON SHIP: White;0;Green;0;Yellow;0;Red;0;Evacuees to Transfer;
638.645,595,evacuee,outES,Evacuee 142 in triage category G is not assigned a helicopter
638.645,595,evacuee,,Evacuee;142;in triage state;Y;is at the evacuation site
639.561,3,evacueeManager,,OFF SHIP: White;0;Green;380;Yellow;52;Red;14;Black;54;ON SHIP: White;0;Green;0;Yellow;0;Red;0;Evacuees to Transfer;
639.561,516,evacuee,outES,Evacuee 470 in triage category R is not assigned a helicopter
639.561,516,evacuee,,Evacuee;470;in triage state;B;is at the evacuation site
641.231,3,evacueeManager,,OFF SHIP: White;0;Green;380;Yellow;51;Red;15;Black;54;ON SHIP: White;0;Green;0;Yellow;0;Red;0;Evacuees to Transfer;
641.231,796,evacuee,outES,Evacuee 141 in triage category Y is not assigned a helicopter
641.231,796,evacuee,,Evacuee;141;in triage state;R;is at the evacuation site
643.781,3,evacueeManager,,OFF SHIP: White;0;Green;380;Yellow;51;Red;14;Black;55;ON SHIP: White;0;Green;0;Yellow;0;Red;0;Evacuees to Transfer;
643.781,99,evacuee,outES,Evacuee 439 in triage category R is not assigned a helicopter
643.781,99,evacuee,,Evacuee;439;in triage state;B;is at the evacuation site
647.181,3,evacueeManager,,OFF SHIP: White;0;Green;380;Yellow;51;Red;13;Black;56;ON SHIP: White;0;Green;0;Yellow;0;Red;0;Evacuees to Transfer;
647.181,312,evacuee,outES,Evacuee 325 in triage category R is not assigned a helicopter
647.181,312,evacuee,,Evacuee;325;in triage state;B;is at the evacuation site
648.264,3,evacueeManager,,OFF SHIP: White;0;Green;380;Yellow;51;Red;12;Black;57;ON SHIP: White;0;Green;0;Yellow;0;Red;0;Evacuees to Transfer;
648.264,1500,evacuee,outES,Evacuee 96 in triage category R is not assigned a helicopter
648.264,1500,evacuee,,Evacuee;96;in triage state;B;is at the evacuation site
652.276,3,evacueeManager,,OFF SHIP: White;0;Green;380;Yellow;51;Red;11;Black;58;ON SHIP: White;0;Green;0;Yellow;0;Red;0;Evacuees to Transfer;
652.276,859,evacuee,outES,Evacuee 394 in triage category R is not assigned a helicopter
652.276,859,evacuee,,Evacuee;394;in triage state;B;is at the evacuation site
657.092,3,evacueeManager,,OFF SHIP: White;0;Green;380;Yellow;51;Red;10;Black;59;ON SHIP: White;0;Green;0;Yellow;0;Red;0;Evacuees to Transfer;
657.092,193,evacuee,outES,Evacuee 480 in triage category R is not assigned a helicopter
657.092,193,evacuee,,Evacuee;480;in triage state;B;is at the evacuation site
658.501,3,evacueeManager,,OFF SHIP: White;0;Green;380;Yellow;50;Red;11;Black;59;ON SHIP: White;0;Green;0;Yellow;0;Red;0;Evacuees to Transfer;
658.501,112,evacuee,outES,Evacuee 434 in triage category Y is not assigned a helicopter
658.501,112,evacuee,,Evacuee;434;in triage state;R;is at the evacuation site
659.577,3,evacueeManager,,OFF SHIP: White;0;Green;380;Yellow;50;Red;10;Black;60;ON SHIP: White;0;Green;0;Yellow;0;Red;0;Evacuees to Transfer;
659.577,1009,evacuee,outES,Evacuee 68 in triage category R is not assigned a helicopter
659.577,1009,evacuee,,Evacuee;68;in triage state;B;is at the evacuation site
662.317,3,evacueeManager,,OFF SHIP: White;0;Green;380;Yellow;49;Red;11;Black;60;ON SHIP: White;0;Green;0;Yellow;0;Red;0;Evacuees to Transfer;
662.317,1293,evacuee,outES,Evacuee 167 in triage category Y is not assigned a helicopter
662.317,1293,evacuee,,Evacuee;167;in triage state;R;is at the evacuation site
663.642,3,evacueeManager,,OFF SHIP: White;0;Green;380;Yellow;49;Red;10;Black;61;ON SHIP: White;0;Green;0;Yellow;0;Red;0;Evacuees to Transfer;
663.642,1293,evacuee,outES,Evacuee 167 in triage category R is not assigned a helicopter
663.642,1293,evacuee,,Evacuee;167;in triage state;B;is at the evacuation site
666.28,3,evacueeManager,,OFF SHIP: White;0;Green;380;Yellow;49;Red;9;Black;62;ON SHIP: White;0;Green;0;Yellow;0;Red;0;Evacuees to Transfer;
666.28,1290,evacuee,outES,Evacuee 146 in triage category R is not assigned a helicopter
666.28,1290,evacuee,,Evacuee;146;in triage state;B;is at the evacuation site
674.344,3,evacueeManager,,OFF SHIP: White;0;Green;379;Yellow;50;Red;9;Black;62;ON SHIP: White;0;Green;0;Yellow;0;Red;0;Evacuees to Transfer;
674.344,1012,evacuee,outES,Evacuee 72 in triage category G is not assigned a helicopter
674.344,1012,evacuee,,Evacuee;72;in triage state;Y;is at the evacuation site
676.883,3,evacueeManager,,OFF SHIP: White;0;Green;379;Yellow;50;Red;8;Black;63;ON SHIP: White;0;Green;0;Yellow;0;Red;0;Evacuees to Transfer;
676.883,862,evacuee,outES,Evacuee 240 in triage category R is not assigned a helicopter
676.883,862,evacuee,,Evacuee;240;in triage state;B;is at the evacuation site
680.592,3,evacueeManager,,OFF SHIP: White;0;Green;379;Yellow;49;Red;9;Black;63;ON SHIP: White;0;Green;0;Yellow;0;Red;0;Evacuees to Transfer;
680.592,1287,evacuee,outES,Evacuee 438 in triage category Y is not assigned a helicopter
680.592,1287,evacuee,,Evacuee;438;in triage state;R;is at the evacuation site
689.391,3,evacueeManager,,OFF SHIP: White;0;Green;378;Yellow;50;Red;9;Black;63;ON SHIP: White;0;Green;0;Yellow;0;Red;0;Evacuees to Transfer;
689.391,1081,evacuee,outES,Evacuee 91 in triage category G is not assigned a helicopter
689.391,1081,evacuee,,Evacuee;91;in triage state;Y;is at the evacuation site
701.078,3,evacueeManager,,OFF SHIP: White;0;Green;377;Yellow;51;Red;9;Black;63;ON SHIP: White;0;Green;0;Yellow;0;Red;0;Evacuees to Transfer;
701.078,1365,evacuee,outES,Evacuee 249 in triage category G is not assigned a helicopter
701.078,1365,evacuee,,Evacuee;249;in triage state;Y;is at the evacuation site
702.241,3,evacueeManager,,OFF SHIP: White;0;Green;377;Yellow;50;Red;10;Black;63;ON SHIP: White;0;Green;0;Yellow;0;Red;0;Evacuees to Transfer;
702.241,1419,evacuee,outES,Evacuee 69 in triage category Y is not assigned a helicopter
702.241,1419,evacuee,,Evacuee;69;in triage state;R;is at the evacuation site
704.517,3,evacueeManager,,OFF SHIP: White;0;Green;376;Yellow;51;Red;10;Black;63;ON SHIP: White;0;Green;0;Yellow;0;Red;0;Evacuees to Transfer;
704.517,1154,evacuee,outES,Evacuee 364 in triage category G is not assigned a helicopter
704.517,1154,evacuee,,Evacuee;364;in triage state;Y;is at the evacuation site
708.31,3,evacueeManager,,OFF SHIP: White;0;Green;375;Yellow;52;Red;10;Black;63;ON SHIP: White;0;Green;0;Yellow;0;Red;0;Evacuees to Transfer;
708.31,456,evacuee,outES,Evacuee 260 in triage category G is not assigned a helicopter
708.31,456,evacuee,,Evacuee;260;in triage state;Y;is at the evacuation site
708.872,3,evacueeManager,,OFF SHIP: White;0;Green;374;Yellow;53;Red;10;Black;63;ON SHIP: White;0;Green;0;Yellow;0;Red;0;Evacuees to Transfer;
708.872,245,evacuee,outES,Evacuee 425 in triage category G is not assigned a helicopter
708.872,245,evacuee,,Evacuee;425;in triage state;Y;is at the evacuation site
709.419,3,evacueeManager,,OFF SHIP: White;0;Green;374;Yellow;52;Red;11;Black;63;ON SHIP: White;0;Green;0;Yellow;0;Red;0;Evacuees to Transfer;
709.419,245,evacuee,outES,Evacuee 425 in triage category Y is not assigned a helicopter
709.419,245,evacuee,,Evacuee;425;in triage state;R;is at the evacuation site
711.265,3,evacueeManager,,OFF SHIP: White;0;Green;373;Yellow;53;Red;11;Black;63;ON SHIP: White;0;Green;0;Yellow;0;Red;0;Evacuees to Transfer;
711.265,1503,evacuee,outES,Evacuee 244 in triage category G is not assigned a helicopter
711.265,1503,evacuee,,Evacuee;244;in triage state;Y;is at the evacuation site
713.729,3,evacueeManager,,OFF SHIP: White;0;Green;372;Yellow;54;Red;11;Black;63;ON SHIP: White;0;Green;0;Yellow;0;Red;0;Evacuees to Transfer;
713.729,943,evacuee,outES,Evacuee 31 in triage category G is not assigned a helicopter
713.729,943,evacuee,,Evacuee;31;in triage state;Y;is at the evacuation site
714.595,3,evacueeManager,,OFF SHIP: White;0;Green;372;Yellow;53;Red;12;Black;63;ON SHIP: White;0;Green;0;Yellow;0;Red;0;Evacuees to Transfer;
714.595,1218,evacuee,outES,Evacuee 194 in triage category Y is not assigned a helicopter
714.595,1218,evacuee,,Evacuee;194;in triage state;R;is at the evacuation site
718.31,3,evacueeManager,,OFF SHIP: White;0;Green;371;Yellow;54;Red;12;Black;63;ON SHIP: White;0;Green;0;Yellow;0;Red;0;Evacuees to Transfer;
718.31,318,evacuee,outES,Evacuee 322 in triage category G is not assigned a helicopter
718.31,318,evacuee,,Evacuee;322;in triage state;Y;is at the evacuation site
722.759,3,evacueeManager,,OFF SHIP: White;0;Green;371;Yellow;54;Red;11;Black;64;ON SHIP: White;0;Green;0;Yellow;0;Red;0;Evacuees to Transfer;
722.759,1362,evacuee,outES,Evacuee 314 in triage category R is not assigned a helicopter
722.759,1362,evacuee,,Evacuee;314;in triage state;B;is at the evacuation site
723.395,3,evacueeManager,,OFF SHIP: White;0;Green;370;Yellow;55;Red;11;Black;64;ON SHIP: White;0;Green;0;Yellow;0;Red;0;Evacuees to Transfer;
723.395,1296,evacuee,outES,Evacuee 145 in triage category G is not assigned a helicopter
723.395,1296,evacuee,,Evacuee;145;in triage state;Y;is at the evacuation site
727.34,3,evacueeManager,,OFF SHIP: White;0;Green;370;Yellow;54;Red;12;Black;64;ON SHIP: White;0;Green;0;Yellow;0;Red;0;Evacuees to Transfer;
727.34,943,evacuee,outES,Evacuee 31 in triage category Y is not assigned a helicopter
727.34,943,evacuee,,Evacuee;31;in triage state;R;is at the evacuation site
729.196,3,evacueeManager,,OFF SHIP: White;0;Green;370;Yellow;53;Red;13;Black;64;ON SHIP: White;0;Green;0;Yellow;0;Red;0;Evacuees to Transfer;
729.196,384,evacuee,outES,Evacuee 290 in triage category Y is not assigned a helicopter
729.196,384,evacuee,,Evacuee;290;in triage state;R;is at the evacuation site
733.661,3,evacueeManager,,OFF SHIP: White;0;Green;369;Yellow;54;Red;13;Black;64;ON SHIP: White;0;Green;0;Yellow;0;Red;0;Evacuees to Transfer;
733.661,1434,evacuee,outES,Evacuee 214 in triage category G is not assigned a helicopter
733.661,1434,evacuee,,Evacuee;214;in triage state;Y;is at the evacuation site
737.138,3,evacueeManager,,OFF SHIP: White;0;Green;368;Yellow;55;Red;13;Black;64;ON SHIP: White;0;Green;0;Yellow;0;Red;0;Evacuees to Transfer;
737.138,1227,evacuee,outES,Evacuee 143 in triage category G is not assigned a helicopter
737.138,1227,evacuee,,Evacuee;143;in triage state;Y;is at the evacuation site
738.061,3,evacueeManager,,OFF SHIP: White;0;Green;367;Yellow;56;Red;13;Black;64;ON SHIP: White;0;Green;0;Yellow;0;Red;0;Evacuees to Transfer;
738.061,525,evacuee,outES,Evacuee 345 in triage category G is not assigned a helicopter
738.061,525,evacuee,,Evacuee;345;in triage state;Y;is at the evacuation site
738.89,3,evacueeManager,,OFF SHIP: White;0;Green;367;Yellow;55;Red;14;Black;64;ON SHIP: White;0;Green;0;Yellow;0;Red;0;Evacuees to Transfer;
738.89,1359,evacuee,outES,Evacuee 191 in triage category Y is not assigned a helicopter
738.89,1359,evacuee,,Evacuee;191;in triage state;R;is at the evacuation site
739.198,3,evacueeManager,,OFF SHIP: White;0;Green;366;Yellow;56;Red;14;Black;64;ON SHIP: White;0;Green;0;Yellow;0;Red;0;Evacuees to Transfer;
739.198,115,evacuee,outES,Evacuee 433 in triage category G is not assigned a helicopter
739.198,115,evacuee,,Evacuee;433;in triage state;Y;is at the evacuation site
739.411,3,evacueeManager,,OFF SHIP: White;0;Green;365;Yellow;57;Red;14;Black;64;ON SHIP: White;0;Green;0;Yellow;0;Red;0;Evacuees to Transfer;
739.411,387,evacuee,outES,Evacuee 350 in triage category G is not assigned a helicopter
739.411,387,evacuee,,Evacuee;350;in triage state;Y;is at the evacuation site
739.541,3,evacueeManager,,OFF SHIP: White;0;Green;365;Yellow;56;Red;15;Black;64;ON SHIP: White;0;Green;0;Yellow;0;Red;0;Evacuees to Transfer;
739.541,1212,evacuee,outES,Evacuee 265 in triage category Y is not assigned a helicopter
739.541,1212,evacuee,,Evacuee;265;in triage state;R;is at the evacuation site
743.45,3,evacueeManager,,OFF SHIP: White;0;Green;365;Yellow;56;Red;14;Black;65;ON SHIP: White;0;Green;0;Yellow;0;Red;0;Evacuees to Transfer;
743.45,1218,evacuee,outES,Evacuee 194 in triage category R is not assigned a helicopter
743.45,1218,evacuee,,Evacuee;194;in triage state;B;is at the evacuation site
744.106,3,evacueeManager,,OFF SHIP: White;0;Green;364;Yellow;57;Red;14;Black;65;ON SHIP: White;0;Green;0;Yellow;0;Red;0;Evacuees to Transfer;
744.106,805,evacuee,outES,Evacuee 473 in triage category G is not assigned a helicopter
744.106,805,evacuee,,Evacuee;473;in triage state;Y;is at the evacuation site
750.733,3,evacueeManager,,OFF SHIP: White;0;Green;363;Yellow;58;Red;14;Black;65;ON SHIP: White;0;Green;0;Yellow;0;Red;0;Evacuees to Transfer;
750.733,874,evacuee,outES,Evacuee 256 in triage category G is not assigned a helicopter
750.733,874,evacuee,,Evacuee;256;in triage state;Y;is at the evacuation site
750.948,3,evacueeManager,,OFF SHIP: White;0;Green;363;Yellow;57;Red;15;Black;65;ON SHIP: White;0;Green;0;Yellow;0;Red;0;Evacuees to Transfer;
750.948,1012,evacuee,outES,Evacuee 72 in triage category Y is not assigned a helicopter
750.948,1012,evacuee,,Evacuee;72;in triage state;R;is at the evacuation site
751.66,3,evacueeManager,,OFF SHIP: White;0;Green;362;Yellow;58;Red;15;Black;65;ON SHIP: White;0;Green;0;Yellow;0;Red;0;Evacuees to Transfer;
751.66,175,evacuee,outES,Evacuee 393 in triage category G is not assigned a helicopter
751.66,175,evacuee,,Evacuee;393;in triage state;Y;is at the evacuation site
758.633,3,evacueeManager,,OFF SHIP: White;0;Green;362;Yellow;57;Red;16;Black;65;ON SHIP: White;0;Green;0;Yellow;0;Red;0;Evacuees to Transfer;
758.633,115,evacuee,outES,Evacuee 433 in triage category Y is not assigned a helicopter
758.633,115,evacuee,,Evacuee;433;in triage state;R;is at the evacuation site
760.095,3,evacueeManager,,OFF SHIP: White;0;Green;361;Yellow;58;Red;16;Black;65;ON SHIP: White;0;Green;0;Yellow;0;Red;0;Evacuees to Transfer;
760.095,667,evacuee,outES,Evacuee 356 in triage category G is not assigned a helicopter
760.095,667,evacuee,,Evacuee;356;in triage state;Y;is at the evacuation site
760.882,3,evacueeManager,,OFF SHIP: White;0;Green;360;Yellow;59;Red;16;Black;65;ON SHIP: White;0;Green;0;Yellow;0;Red;0;Evacuees to Transfer;
760.882,736,evacuee,outES,Evacuee 474 in triage category G is not assigned a helicopter
760.882,736,evacuee,,Evacuee;474;in triage state;Y;is at the evacuation site
767.623,3,evacueeManager,,OFF SHIP: White;0;Green;360;Yellow;58;Red;17;Black;65;ON SHIP: White;0;Green;0;Yellow;0;Red;0;Evacuees to Transfer;
767.623,586,evacuee,outES,Evacuee 228 in triage category Y is not assigned a helicopter
767.623,586,evacuee,,Evacuee;228;in triage state;R;is at the evacuation site
771.48,3,evacueeManager,,OFF SHIP: White;0;Green;360;Yellow;58;Red;16;Black;66;ON SHIP: White;0;Green;0;Yellow;0;Red;0;Evacuees to Transfer;
771.48,1419,evacuee,outES,Evacuee 69 in triage category R is not assigned a helicopter
771.48,1419,evacuee,,Evacuee;69;in triage state;B;is at the evacuation site
772.632,3,evacueeManager,,OFF SHIP: White;0;Green;360;Yellow;58;Red;15;Black;67;ON SHIP: White;0;Green;0;Yellow;0;Red;0;Evacuees to Transfer;
772.632,1359,evacuee,outES,Evacuee 191 in triage category R is not assigned a helicopter
772.632,1359,evacuee,,Evacuee;191;in triage state;B;is at the evacuation site
773.915,3,evacueeManager,,OFF SHIP: White;0;Green;360;Yellow;58;Red;14;Black;68;ON SHIP: White;0;Green;0;Yellow;0;Red;0;Evacuees to Transfer;
773.915,1287,evacuee,outES,Evacuee 438 in triage category R is not assigned a helicopter
773.915,1287,evacuee,,Evacuee;438;in triage state;B;is at the evacuation site
778.396,3,evacueeManager,,OFF SHIP: White;0;Green;360;Yellow;57;Red;15;Black;68;ON SHIP: White;0;Green;0;Yellow;0;Red;0;Evacuees to Transfer;
778.396,1227,evacuee,outES,Evacuee 143 in triage category Y is not assigned a helicopter
778.396,1227,evacuee,,Evacuee;143;in triage state;R;is at the evacuation site
781.225,3,evacueeManager,,OFF SHIP: White;0;Green;360;Yellow;57;Red;14;Black;69;ON SHIP: White;0;Green;0;Yellow;0;Red;0;Evacuees to Transfer;
781.225,586,evacuee,outES,Evacuee 228 in triage category R is not assigned a helicopter
781.225,586,evacuee,,Evacuee;228;in triage state;B;is at the evacuation site
785.234,3,evacueeManager,,OFF SHIP: White;0;Green;360;Yellow;56;Red;15;Black;69;ON SHIP: White;0;Green;0;Yellow;0;Red;0;Evacuees to Transfer;
785.234,1151,evacuee,outES,Evacuee 367 in triage category Y is not assigned a helicopter
785.234,1151,evacuee,,Evacuee;367;in triage state;R;is at the evacuation site
799.208,3,evacueeManager,,OFF SHIP: White;0;Green;360;Yellow;55;Red;16;Black;69;ON SHIP: White;0;Green;0;Yellow;0;Red;0;Evacuees to Transfer;
799.208,1123,evacuee,outES,Evacuee 490 in triage category Y is not assigned a helicopter
799.208,1123,evacuee,,Evacuee;490;in triage state;R;is at the evacuation site
799.917,3,evacueeManager,,OFF SHIP: White;0;Green;360;Yellow;54;Red;17;Black;69;ON SHIP: White;0;Green;0;Yellow;0;Red;0;Evacuees to Transfer;
799.917,172,evacuee,outES,Evacuee 395 in triage category Y is not assigned a helicopter
799.917,172,evacuee,,Evacuee;395;in triage state;R;is at the evacuation site
803.656,3,evacueeManager,,OFF SHIP: White;0;Green;359;Yellow;55;Red;17;Black;69;ON SHIP: White;0;Green;0;Yellow;0;Red;0;Evacuees to Transfer;
803.656,598,evacuee,outES,Evacuee 99 in triage category G is not assigned a helicopter
803.656,598,evacuee,,Evacuee;99;in triage state;Y;is at the evacuation site
811.104,3,evacueeManager,,OFF SHIP: White;0;Green;359;Yellow;55;Red;16;Black;70;ON SHIP: White;0;Green;0;Yellow;0;Red;0;Evacuees to Transfer;
811.104,384,evacuee,outES,Evacuee 290 in triage category R is not assigned a helicopter
811.104,384,evacuee,,Evacuee;290;in triage state;B;is at the evacuation site
813.99,3,evacueeManager,,OFF SHIP: White;0;Green;359;Yellow;55;Red;15;Black;71;ON SHIP: White;0;Green;0;Yellow;0;Red;0;Evacuees to Transfer;
813.99,245,evacuee,outES,Evacuee 425 in triage category R is not assigned a helicopter
813.99,245,evacuee,,Evacuee;425;in triage state;B;is at the evacuation site
817.365,3,evacueeManager,,OFF SHIP: White;0;Green;359;Yellow;54;Red;16;Black;71;ON SHIP: White;0;Green;0;Yellow;0;Red;0;Evacuees to Transfer;
817.365,175,evacuee,outES,Evacuee 393 in triage category Y is not assigned a helicopter
817.365,175,evacuee,,Evacuee;393;in triage state;R;is at the evacuation site
818.2,3,evacueeManager,,OFF SHIP: White;0;Green;359;Yellow;54;Red;15;Black;72;ON SHIP: White;0;Green;0;Yellow;0;Red;0;Evacuees to Transfer;
818.2,796,evacuee,outES,Evacuee 141 in triage category R is not assigned a helicopter
818.2,796,evacuee,,Evacuee;141;in triage state;B;is at the evacuation site
828.632,3,evacueeManager,,OFF SHIP: White;0;Green;359;Yellow;53;Red;16;Black;72;ON SHIP: White;0;Green;0;Yellow;0;Red;0;Evacuees to Transfer;
828.632,595,evacuee,outES,Evacuee 142 in triage category Y is not assigned a helicopter
828.632,595,evacuee,,Evacuee;142;in triage state;R;is at the evacuation site
829.27,3,evacueeManager,,OFF SHIP: White;0;Green;359;Yellow;53;Red;15;Black;73;ON SHIP: White;0;Green;0;Yellow;0;Red;0;Evacuees to Transfer;
829.27,1428,evacuee,outES,Evacuee 211 in triage category R is not assigned a helicopter
829.27,1428,evacuee,,Evacuee;211;in triage state;B;is at the evacuation site
830.895,3,evacueeManager,,OFF SHIP: White;0;Green;359;Yellow;52;Red;16;Black;73;ON SHIP: White;0;Green;0;Yellow;0;Red;0;Evacuees to Transfer;
830.895,598,evacuee,outES,Evacuee 99 in triage category Y is not assigned a helicopter
830.895,598,evacuee,,Evacuee;99;in triage state;R;is at the evacuation site
835.443,3,evacueeManager,,OFF SHIP: White;0;Green;358;Yellow;53;Red;16;Black;73;ON SHIP: White;0;Green;0;Yellow;0;Red;0;Evacuees to Transfer;
835.443,1015,evacuee,outES,Evacuee 46 in triage category G is not assigned a helicopter
835.443,1015,evacuee,,Evacuee;46;in triage state;Y;is at the evacuation site
835.496,3,evacueeManager,,OFF SHIP: White;0;Green;358;Yellow;53;Red;15;Black;74;ON SHIP: White;0;Green;0;Yellow;0;Red;0;Evacuees to Transfer;
835.496,1227,evacuee,outES,Evacuee 143 in triage category R is not assigned a helicopter
835.496,1227,evacuee,,Evacuee;143;in triage state;B;is at the evacuation site
838.211,3,evacueeManager,,OFF SHIP: White;0;Green;358;Yellow;53;Red;14;Black;75;ON SHIP: White;0;Green;0;Yellow;0;Red;0;Evacuees to Transfer;
838.211,943,evacuee,outES,Evacuee 31 in triage category R is not assigned a helicopter
838.211,943,evacuee,,Evacuee;31;in triage state;B;is at the evacuation site
839.755,3,evacueeManager,,OFF SHIP: White;0;Green;358;Yellow;53;Red;13;Black;76;ON SHIP: White;0;Green;0;Yellow;0;Red;0;Evacuees to Transfer;
839.755,115,evacuee,outES,Evacuee 433 in triage category R is not assigned a helicopter
839.755,115,evacuee,,Evacuee;433;in triage state;B;is at the evacuation site
842.571,3,evacueeManager,,OFF SHIP: White;0;Green;358;Yellow;53;Red;12;Black;77;ON SHIP: White;0;Green;0;Yellow;0;Red;0;Evacuees to Transfer;
842.571,381,evacuee,outES,Evacuee 291 in triage category R is not assigned a helicopter
842.571,381,evacuee,,Evacuee;291;in triage state;B;is at the evacuation site
851.358,3,evacueeManager,,OFF SHIP: White;0;Green;357;Yellow;54;Red;12;Black;77;ON SHIP: White;0;Green;0;Yellow;0;Red;0;Evacuees to Transfer;
851.358,1084,evacuee,outES,Evacuee 43 in triage category G is not assigned a helicopter
851.358,1084,evacuee,,Evacuee;43;in triage state;Y;is at the evacuation site
853.169,3,evacueeManager,,OFF SHIP: White;0;Green;357;Yellow;54;Red;11;Black;78;ON SHIP: White;0;Green;0;Yellow;0;Red;0;Evacuees to Transfer;
853.169,1212,evacuee,outES,Evacuee 265 in triage category R is not assigned a helicopter
853.169,1212,evacuee,,Evacuee;265;in triage state;B;is at the evacuation site
853.948,3,evacueeManager,,OFF SHIP: White;0;Green;357;Yellow;54;Red;10;Black;79;ON SHIP: White;0;Green;0;Yellow;0;Red;0;Evacuees to Transfer;
853.948,1123,evacuee,outES,Evacuee 490 in triage category R is not assigned a helicopter
853.948,1123,evacuee,,Evacuee;490;in triage state;B;is at the evacuation site
861.276,3,evacueeManager,,OFF SHIP: White;0;Green;356;Yellow;55;Red;10;Black;79;ON SHIP: White;0;Green;0;Yellow;0;Red;0;Evacuees to Transfer;
861.276,1157,evacuee,outES,Evacuee 208 in triage category G is not assigned a helicopter
861.276,1157,evacuee,,Evacuee;208;in triage state;Y;is at the evacuation site
863.724,3,evacueeManager,,OFF SHIP: White;0;Green;355;Yellow;56;Red;10;Black;79;ON SHIP: White;0;Green;0;Yellow;0;Red;0;Evacuees to Transfer;
863.724,1368,evacuee,outES,Evacuee 193 in triage category G is not assigned a helicopter
863.724,1368,evacuee,,Evacuee;193;in triage state;Y;is at the evacuation site
865.281,3,evacueeManager,,OFF SHIP: White;0;Green;354;Yellow;57;Red;10;Black;79;ON SHIP: White;0;Green;0;Yellow;0;Red;0;Evacuees to Transfer;
865.281,459,evacuee,outES,Evacuee 259 in triage category G is not assigned a helicopter
865.281,459,evacuee,,Evacuee;259;in triage state;Y;is at the evacuation site
867.881,3,evacueeManager,,OFF SHIP: White;0;Green;354;Yellow;56;Red;11;Black;79;ON SHIP: White;0;Green;0;Yellow;0;Red;0;Evacuees to Transfer;
867.881,1224,evacuee,outES,Evacuee 130 in triage category Y is not assigned a helicopter
867.881,1224,evacuee,,Evacuee;130;in triage state;R;is at the evacuation site
869.509,3,evacueeManager,,OFF SHIP: White;0;Green;354;Yellow;56;Red;10;Black;80;ON SHIP: White;0;Green;0;Yellow;0;Red;0;Evacuees to Transfer;
869.509,453,evacuee,outES,Evacuee 262 in triage category R is not assigned a helicopter
869.509,453,evacuee,,Evacuee;262;in triage state;B;is at the evacuation site
873.399,3,evacueeManager,,OFF SHIP: White;0;Green;354;Yellow;56;Red;9;Black;81;ON SHIP: White;0;Green;0;Yellow;0;Red;0;Evacuees to Transfer;
873.399,1012,evacuee,outES,Evacuee 72 in triage category R is not assigned a helicopter
873.399,1012,evacuee,,Evacuee;72;in triage state;B;is at the evacuation site
874.503,3,evacueeManager,,OFF SHIP: White;0;Green;353;Yellow;57;Red;9;Black;81;ON SHIP: White;0;Green;0;Yellow;0;Red;0;Evacuees to Transfer;
874.503,1506,evacuee,outES,Evacuee 247 in triage category G is not assigned a helicopter
874.503,1506,evacuee,,Evacuee;247;in triage state;Y;is at the evacuation site
875.166,3,evacueeManager,,OFF SHIP: White;0;Green;353;Yellow;56;Red;10;Black;81;ON SHIP: White;0;Green;0;Yellow;0;Red;0;Evacuees to Transfer;
875.166,931,evacuee,outES,Evacuee 286 in triage category Y is not assigned a helicopter
875.166,931,evacuee,,Evacuee;286;in triage state;R;is at the evacuation site
877.111,3,evacueeManager,,OFF SHIP: White;0;Green;352;Yellow;57;Red;10;Black;81;ON SHIP: White;0;Green;0;Yellow;0;Red;0;Evacuees to Transfer;
877.111,946,evacuee,outES,Evacuee 38 in triage category G is not assigned a helicopter
877.111,946,evacuee,,Evacuee;38;in triage state;Y;is at the evacuation site
877.197,3,evacueeManager,,OFF SHIP: White;0;Green;352;Yellow;56;Red;11;Black;81;ON SHIP: White;0;Green;0;Yellow;0;Red;0;Evacuees to Transfer;
877.197,730,evacuee,outES,Evacuee 135 in triage category Y is not assigned a helicopter
877.197,730,evacuee,,Evacuee;135;in triage state;R;is at the evacuation site
878.064,3,evacueeManager,,OFF SHIP: White;0;Green;352;Yellow;55;Red;12;Black;81;ON SHIP: White;0;Green;0;Yellow;0;Red;0;Evacuees to Transfer;
878.064,1353,evacuee,outES,Evacuee 189 in triage category Y is not assigned a helicopter
878.064,1353,evacuee,,Evacuee;189;in triage state;R;is at the evacuation site
878.079,3,evacueeManager,,OFF SHIP: White;0;Green;351;Yellow;56;Red;12;Black;81;ON SHIP: White;0;Green;0;Yellow;0;Red;0;Evacuees to Transfer;
878.079,248,evacuee,outES,Evacuee 360 in triage category G is not assigned a helicopter
878.079,248,evacuee,,Evacuee;360;in triage state;Y;is at the evacuation site
878.9,3,evacueeManager,,OFF SHIP: White;0;Green;350;Yellow;57;Red;12;Black;81;ON SHIP: White;0;Green;0;Yellow;0;Red;0;Evacuees to Transfer;
878.9,321,evacuee,outES,Evacuee 321 in triage category G is not assigned a helicopter
878.9,321,evacuee,,Evacuee;321;in triage state;Y;is at the evacuation site
884.833,3,evacueeManager,,OFF SHIP: White;0;Green;350;Yellow;57;Red;11;Black;82;ON SHIP: White;0;Green;0;Yellow;0;Red;0;Evacuees to Transfer;
884.833,441,evacuee,outES,Evacuee 301 in triage category R is not assigned a helicopter
884.833,441,evacuee,,Evacuee;301;in triage state;B;is at the evacuation site
887.269,3,evacueeManager,,OFF SHIP: White;0;Green;350;Yellow;57;Red;10;Black;83;ON SHIP: White;0;Green;0;Yellow;0;Red;0;Evacuees to Transfer;
887.269,1497,evacuee,outES,Evacuee 243 in triage category R is not assigned a helicopter
887.269,1497,evacuee,,Evacuee;243;in triage state;B;is at the evacuation site
887.342,3,evacueeManager,,OFF SHIP: White;0;Green;349;Yellow;58;Red;10;Black;83;ON SHIP: White;0;Green;0;Yellow;0;Red;0;Evacuees to Transfer;
887.342,1299,evacuee,outES,Evacuee 168 in triage category G is not assigned a helicopter
887.342,1299,evacuee,,Evacuee;168;in triage state;Y;is at the evacuation site
888.498,3,evacueeManager,,OFF SHIP: White;0;Green;349;Yellow;57;Red;11;Black;83;ON SHIP: White;0;Green;0;Yellow;0;Red;0;Evacuees to Transfer;
888.498,727,evacuee,outES,Evacuee 223 in triage category Y is not assigned a helicopter
888.498,727,evacuee,,Evacuee;223;in triage state;R;is at the evacuation site
895.479,3,evacueeManager,,OFF SHIP: White;0;Green;349;Yellow;56;Red;12;Black;83;ON SHIP: White;0;Green;0;Yellow;0;Red;0;Evacuees to Transfer;
895.479,1503,evacuee,outES,Evacuee 244 in triage category Y is not assigned a helicopter
895.479,1503,evacuee,,Evacuee;244;in triage state;R;is at the evacuation site
897.909,3,evacueeManager,,OFF SHIP: White;0;Green;348;Yellow;57;Red;12;Black;83;ON SHIP: White;0;Green;0;Yellow;0;Red;0;Evacuees to Transfer;
897.909,118,evacuee,outES,Evacuee 428 in triage category G is not assigned a helicopter
897.909,118,evacuee,,Evacuee;428;in triage state;Y;is at the evacuation site
899.481,3,evacueeManager,,OFF SHIP: White;0;Green;348;Yellow;56;Red;13;Black;83;ON SHIP: White;0;Green;0;Yellow;0;Red;0;Evacuees to Transfer;
899.481,318,evacuee,outES,Evacuee 322 in triage category Y is not assigned a helicopter
899.481,318,evacuee,,Evacuee;322;in triage state;R;is at the evacuation site
900.611,3,evacueeManager,,OFF SHIP: White;0;Green;348;Yellow;55;Red;14;Black;83;ON SHIP: White;0;Green;0;Yellow;0;Red;0;Evacuees to Transfer;
900.611,169,evacuee,outES,Evacuee 396 in triage category Y is not assigned a helicopter
900.611,169,evacuee,,Evacuee;396;in triage state;R;is at the evacuation site
901.291,3,evacueeManager,,OFF SHIP: White;0;Green;347;Yellow;56;Red;14;Black;83;ON SHIP: White;0;Green;0;Yellow;0;Red;0;Evacuees to Transfer;
901.291,1437,evacuee,outES,Evacuee 12 in triage category G is not assigned a helicopter
901.291,1437,evacuee,,Evacuee;12;in triage state;Y;is at the evacuation site
904.299,3,evacueeManager,,OFF SHIP: White;0;Green;346;Yellow;57;Red;14;Black;83;ON SHIP: White;0;Green;0;Yellow;0;Red;0;Evacuees to Transfer;
904.299,390,evacuee,outES,Evacuee 288 in triage category G is not assigned a helicopter
904.299,390,evacuee,,Evacuee;288;in triage state;Y;is at the evacuation site
904.977,3,evacueeManager,,OFF SHIP: White;0;Green;345;Yellow;58;Red;14;Black;83;ON SHIP: White;0;Green;0;Yellow;0;Red;0;Evacuees to Transfer;
904.977,1230,evacuee,outES,Evacuee 149 in triage category G is not assigned a helicopter
904.977,1230,evacuee,,Evacuee;149;in triage state;Y;is at the evacuation site
909.044,3,evacueeManager,,OFF SHIP: White;0;Green;344;Yellow;59;Red;14;Black;83;ON SHIP: White;0;Green;0;Yellow;0;Red;0;Evacuees to Transfer;
909.044,528,evacuee,outES,Evacuee 302 in triage category G is not assigned a helicopter
909.044,528,evacuee,,Evacuee;302;in triage state;Y;is at the evacuation site
910.589,3,evacueeManager,,OFF SHIP: White;0;Green;344;Yellow;59;Red;13;Black;84;ON SHIP: White;0;Green;0;Yellow;0;Red;0;Evacuees to Transfer;
910.589,175,evacuee,outES,Evacuee 393 in triage category R is not assigned a helicopter
910.589,175,evacuee,,Evacuee;393;in triage state;B;is at the evacuation site
912.363,3,evacueeManager,,OFF SHIP: White;0;Green;343;Yellow;60;Red;13;Black;84;ON SHIP: White;0;Green;0;Yellow;0;Red;0;Evacuees to Transfer;
912.363,808,evacuee,outES,Evacuee 400 in triage category G is not assigned a helicopter
912.363,808,evacuee,,Evacuee;400;in triage state;Y;is at the evacuation site
914.174,3,evacueeManager,,OFF SHIP: White;0;Green;342;Yellow;61;Red;13;Black;84;ON SHIP: White;0;Green;0;Yellow;0;Red;0;Evacuees to Transfer;
914.174,178,evacuee,outES,Evacuee 392 in triage category G is not assigned a helicopter
914.174,178,evacuee,,Evacuee;392;in triage state;Y;is at the evacuation site
915.98,3,evacueeManager,,OFF SHIP: White;0;Green;342;Yellow;61;Red;12;Black;85;ON SHIP: White;0;Green;0;Yellow;0;Red;0;Evacuees to Transfer;
915.98,112,evacuee,outES,Evacuee 434 in triage category R is not assigned a helicopter
915.98,112,evacuee,,Evacuee;434;in triage state;B;is at the evacuation site
916.764,3,evacueeManager,,OFF SHIP: White;0;Green;342;Yellow;60;Red;13;Black;85;ON SHIP: White;0;Green;0;Yellow;0;Red;0;Evacuees to Transfer;
916.764,937,evacuee,outES,Evacuee 407 in triage category Y is not assigned a helicopter
916.764,937,evacuee,,Evacuee;407;in triage state;R;is at the evacuation site
919.947,3,evacueeManager,,OFF SHIP: White;0;Green;342;Yellow;59;Red;14;Black;85;ON SHIP: White;0;Green;0;Yellow;0;Red;0;Evacuees to Transfer;
919.947,306,evacuee,outES,Evacuee 326 in triage category Y is not assigned a helicopter
919.947,306,evacuee,,Evacuee;326;in triage state;R;is at the evacuation site
921.561,3,evacueeManager,,OFF SHIP: White;0;Green;342;Yellow;59;Red;13;Black;86;ON SHIP: White;0;Green;0;Yellow;0;Red;0;Evacuees to Transfer;
921.561,595,evacuee,outES,Evacuee 142 in triage category R is not assigned a helicopter
921.561,595,evacuee,,Evacuee;142;in triage state;B;is at the evacuation site
921.813,3,evacueeManager,,OFF SHIP: White;0;Green;342;Yellow;58;Red;14;Black;86;ON SHIP: White;0;Green;0;Yellow;0;Red;0;Evacuees to Transfer;
921.813,940,evacuee,outES,Evacuee 132 in triage category Y is not assigned a helicopter
921.813,940,evacuee,,Evacuee;132;in triage state;R;is at the evacuation site
922.106,3,evacueeManager,,OFF SHIP: White;0;Green;342;Yellow;58;Red;13;Black;87;ON SHIP: White;0;Green;0;Yellow;0;Red;0;Evacuees to Transfer;
922.106,306,evacuee,outES,Evacuee 326 in triage category R is not assigned a helicopter
922.106,306,evacuee,,Evacuee;326;in triage state;B;is at the evacuation site
922.493,3,evacueeManager,,OFF SHIP: White;0;Green;341;Yellow;59;Red;13;Black;87;ON SHIP: White;0;Green;0;Yellow;0;Red;0;Evacuees to Transfer;
922.493,877,evacuee,outES,Evacuee 347 in triage category G is not assigned a helicopter
922.493,877,evacuee,,Evacuee;347;in triage state;Y;is at the evacuation site
923.099,3,evacueeManager,,OFF SHIP: White;0;Green;340;Yellow;60;Red;13;Black;87;ON SHIP: White;0;Green;0;Yellow;0;Red;0;Evacuees to Transfer;
923.099,670,evacuee,outES,Evacuee 78 in triage category G is not assigned a helicopter
923.099,670,evacuee,,Evacuee;78;in triage state;Y;is at the evacuation site
923.932,3,evacueeManager,,OFF SHIP: White;0;Green;339;Yellow;61;Red;13;Black;87;ON SHIP: White;0;Green;0;Yellow;0;Red;0;Evacuees to Transfer;
923.932,739,evacuee,outES,Evacuee 17 in triage category G is not assigned a helicopter
923.932,739,evacuee,,Evacuee;17;in triage state;Y;is at the evacuation site
926.348,3,evacueeManager,,OFF SHIP: White;0;Green;339;Yellow;61;Red;12;Black;88;ON SHIP: White;0;Green;0;Yellow;0;Red;0;Evacuees to Transfer;
926.348,940,evacuee,outES,Evacuee 132 in triage category R is not assigned a helicopter
926.348,940,evacuee,,Evacuee;132;in triage state;B;is at the evacuation site
930.632,3,evacueeManager,,OFF SHIP: White;0;Green;339;Yellow;61;Red;11;Black;89;ON SHIP: White;0;Green;0;Yellow;0;Red;0;Evacuees to Transfer;
930.632,1224,evacuee,outES,Evacuee 130 in triage category R is not assigned a helicopter
930.632,1224,evacuee,,Evacuee;130;in triage state;B;is at the evacuation site
930.898,3,evacueeManager,,OFF SHIP: White;0;Green;339;Yellow;61;Red;10;Black;90;ON SHIP: White;0;Green;0;Yellow;0;Red;0;Evacuees to Transfer;
930.898,1151,evacuee,outES,Evacuee 367 in triage category R is not assigned a helicopter
930.898,1151,evacuee,,Evacuee;367;in triage state;B;is at the evacuation site
932.151,3,evacueeManager,,OFF SHIP: White;0;Green;339;Yellow;61;Red;9;Black;91;ON SHIP: White;0;Green;0;Yellow;0;Red;0;Evacuees to Transfer;
932.151,937,evacuee,outES,Evacuee 407 in triage category R is not assigned a helicopter
932.151,937,evacuee,,Evacuee;407;in triage state;B;is at the evacuation site
933.26,3,evacueeManager,,OFF SHIP: White;0;Green;339;Yellow;60;Red;10;Black;91;ON SHIP: White;0;Green;0;Yellow;0;Red;0;Evacuees to Transfer;
933.26,1431,evacuee,outES,Evacuee 294 in triage category Y is not assigned a helicopter
933.26,1431,evacuee,,Evacuee;294;in triage state;R;is at the evacuation site
936.942,3,evacueeManager,,OFF SHIP: White;0;Green;339;Yellow;60;Red;9;Black;92;ON SHIP: White;0;Green;0;Yellow;0;Red;0;Evacuees to Transfer;
936.942,1353,evacuee,outES,Evacuee 189 in triage category R is not assigned a helicopter
936.942,1353,evacuee,,Evacuee;189;in triage state;B;is at the evacuation site
947.962,3,evacueeManager,,OFF SHIP: White;0;Green;339;Yellow;59;Red;10;Black;92;ON SHIP: White;0;Green;0;Yellow;0;Red;0;Evacuees to Transfer;
947.962,1015,evacuee,outES,Evacuee 46 in triage category Y is not assigned a helicopter
947.962,1015,evacuee,,Evacuee;46;in triage state;R;is at the evacuation site
948.351,3,evacueeManager,,OFF SHIP: White;0;Green;339;Yellow;59;Red;9;Black;93;ON SHIP: White;0;Green;0;Yellow;0;Red;0;Evacuees to Transfer;
948.351,169,evacuee,outES,Evacuee 396 in triage category R is not assigned a helicopter
948.351,169,evacuee,,Evacuee;396;in triage state;B;is at the evacuation site
955.168,3,evacueeManager,,OFF SHIP: White;0;Green;339;Yellow;59;Red;8;Black;94;ON SHIP: White;0;Green;0;Yellow;0;Red;0;Evacuees to Transfer;
955.168,1015,evacuee,outES,Evacuee 46 in triage category R is not assigned a helicopter
955.168,1015,evacuee,,Evacuee;46;in triage state;B;is at the evacuation site
965.298,3,evacueeManager,,OFF SHIP: White;0;Green;339;Yellow;58;Red;9;Black;94;ON SHIP: White;0;Green;0;Yellow;0;Red;0;Evacuees to Transfer;
965.298,18,evacuee,outES,Evacuee 494 in triage category Y is not assigned a helicopter
965.298,18,evacuee,,Evacuee;494;in triage state;R;is at the evacuation site
966.653,3,evacueeManager,,OFF SHIP: White;0;Green;339;Yellow;58;Red;8;Black;95;ON SHIP: White;0;Green;0;Yellow;0;Red;0;Evacuees to Transfer;
966.653,1431,evacuee,outES,Evacuee 294 in triage category R is not assigned a helicopter
966.653,1431,evacuee,,Evacuee;294;in triage state;B;is at the evacuation site
966.677,3,evacueeManager,,OFF SHIP: White;0;Green;339;Yellow;57;Red;9;Black;95;ON SHIP: White;0;Green;0;Yellow;0;Red;0;Evacuees to Transfer;
966.677,230,evacuee,outES,Evacuee 370 in triage category Y is not assigned a helicopter
966.677,230,evacuee,,Evacuee;370;in triage state;R;is at the evacuation site
969.804,3,evacueeManager,,OFF SHIP: White;0;Green;339;Yellow;57;Red;8;Black;96;ON SHIP: White;0;Green;0;Yellow;0;Red;0;Evacuees to Transfer;
969.804,1503,evacuee,outES,Evacuee 244 in triage category R is not assigned a helicopter
969.804,1503,evacuee,,Evacuee;244;in triage state;B;is at the evacuation site
978.704,3,evacueeManager,,OFF SHIP: White;0;Green;339;Yellow;57;Red;7;Black;97;ON SHIP: White;0;Green;0;Yellow;0;Red;0;Evacuees to Transfer;
978.704,172,evacuee,outES,Evacuee 395 in triage category R is not assigned a helicopter
978.704,172,evacuee,,Evacuee;395;in triage state;B;is at the evacuation site
980.075,3,evacueeManager,,OFF SHIP: White;0;Green;339;Yellow;56;Red;8;Black;97;ON SHIP: White;0;Green;0;Yellow;0;Red;0;Evacuees to Transfer;
980.075,375,evacuee,outES,Evacuee 413 in triage category Y is not assigned a helicopter
980.075,375,evacuee,,Evacuee;413;in triage state;R;is at the evacuation site
990.928,3,evacueeManager,,OFF SHIP: White;0;Green;338;Yellow;57;Red;8;Black;97;ON SHIP: White;0;Green;0;Yellow;0;Red;0;Evacuees to Transfer;
990.928,48,evacuee,outES,Evacuee 476 in triage category G is not assigned a helicopter
990.928,48,evacuee,,Evacuee;476;in triage state;Y;is at the evacuation site
994.911,3,evacueeManager,,OFF SHIP: White;0;Green;338;Yellow;56;Red;9;Black;97;ON SHIP: White;0;Green;0;Yellow;0;Red;0;Evacuees to Transfer;
994.911,661,evacuee,outES,Evacuee 115 in triage category Y is not assigned a helicopter
994.911,661,evacuee,,Evacuee;115;in triage state;R;is at the evacuation site
995.647,3,evacueeManager,,OFF SHIP: White;0;Green;338;Yellow;56;Red;8;Black;98;ON SHIP: White;0;Green;0;Yellow;0;Red;0;Evacuees to Transfer;
995.647,727,evacuee,outES,Evacuee 223 in triage category R is not assigned a helicopter
995.647,727,evacuee,,Evacuee;223;in triage state;B;is at the evacuation site
1002.9,3,evacueeManager,,OFF SHIP: White;0;Green;337;Yellow;57;Red;8;Black;98;ON SHIP: White;0;Green;0;Yellow;0;Red;0;Evacuees to Transfer;
1002.9,1018,evacuee,outES,Evacuee 53 in triage category G is not assigned a helicopter
1002.9,1018,evacuee,,Evacuee;53;in triage state;Y;is at the evacuation site
1006.71,3,evacueeManager,,OFF SHIP: White;0;Green;337;Yellow;56;Red;9;Black;98;ON SHIP: White;0;Green;0;Yellow;0;Red;0;Evacuees to Transfer;
1006.71,390,evacuee,outES,Evacuee 288 in triage category Y is not assigned a helicopter
1006.71,390,evacuee,,Evacuee;288;in triage state;R;is at the evacuation site
1014.68,3,evacueeManager,,OFF SHIP: White;0;Green;337;Yellow;55;Red;10;Black;98;ON SHIP: White;0;Green;0;Yellow;0;Red;0;Evacuees to Transfer;
1014.68,1084,evacuee,outES,Evacuee 43 in triage category Y is not assigned a helicopter
1014.68,1084,evacuee,,Evacuee;43;in triage state;R;is at the evacuation site
1016.02,3,evacueeManager,,OFF SHIP: White;0;Green;337;Yellow;55;Red;9;Black;99;ON SHIP: White;0;Green;0;Yellow;0;Red;0;Evacuees to Transfer;
1016.02,230,evacuee,outES,Evacuee 370 in triage category R is not assigned a helicopter
1016.02,230,evacuee,,Evacuee;370;in triage state;B;is at the evacuation site
1022.98,3,evacueeManager,,OFF SHIP: White;0;Green;336;Yellow;56;Red;9;Black;99;ON SHIP: White;0;Green;0;Yellow;0;Red;0;Evacuees to Transfer;
1022.98,1087,evacuee,outES,Evacuee 30 in triage category G is not assigned a helicopter
1022.98,1087,evacuee,,Evacuee;30;in triage state;Y;is at the evacuation site
1025.48,3,evacueeManager,,OFF SHIP: White;0;Green;336;Yellow;56;Red;8;Black;100;ON SHIP: White;0;Green;0;Yellow;0;Red;0;Evacuees to Transfer;
1025.48,931,evacuee,outES,Evacuee 286 in triage category R is not assigned a helicopter
1025.48,931,evacuee,,Evacuee;286;in triage state;B;is at the evacuation site
1030.57,3,evacueeManager,,OFF SHIP: White;0;Green;336;Yellow;56;Red;7;Black;101;ON SHIP: White;0;Green;0;Yellow;0;Red;0;Evacuees to Transfer;
1030.57,318,evacuee,outES,Evacuee 322 in triage category R is not assigned a helicopter
1030.57,318,evacuee,,Evacuee;322;in triage state;B;is at the evacuation site
1032.29,3,evacueeManager,,OFF SHIP: White;0;Green;336;Yellow;56;Red;6;Black;102;ON SHIP: White;0;Green;0;Yellow;0;Red;0;Evacuees to Transfer;
1032.29,18,evacuee,outES,Evacuee 494 in triage category R is not assigned a helicopter
1032.29,18,evacuee,,Evacuee;494;in triage state;B;is at the evacuation site
1034.32,3,evacueeManager,,OFF SHIP: White;0;Green;336;Yellow;55;Red;7;Black;102;ON SHIP: White;0;Green;0;Yellow;0;Red;0;Evacuees to Transfer;
1034.32,525,evacuee,outES,Evacuee 345 in triage category Y is not assigned a helicopter
1034.32,525,evacuee,,Evacuee;345;in triage state;R;is at the evacuation site
1036.74,3,evacueeManager,,OFF SHIP: White;0;Green;335;Yellow;56;Red;7;Black;102;ON SHIP: White;0;Green;0;Yellow;0;Red;0;Evacuees to Transfer;
1036.74,1160,evacuee,outES,Evacuee 57 in triage category G is not assigned a helicopter
1036.74,1160,evacuee,,Evacuee;57;in triage state;Y;is at the evacuation site
1037.76,3,evacueeManager,,OFF SHIP: White;0;Green;334;Yellow;57;Red;7;Black;102;ON SHIP: White;0;Green;0;Yellow;0;Red;0;Evacuees to Transfer;
1037.76,462,evacuee,outES,Evacuee 125 in triage category G is not assigned a helicopter
1037.76,462,evacuee,,Evacuee;125;in triage state;Y;is at the evacuation site
1042.57,3,evacueeManager,,OFF SHIP: White;0;Green;333;Yellow;58;Red;7;Black;102;ON SHIP: White;0;Green;0;Yellow;0;Red;0;Evacuees to Transfer;
1042.57,1371,evacuee,outES,Evacuee 195 in triage category G is not assigned a helicopter
1042.57,1371,evacuee,,Evacuee;195;in triage state;Y;is at the evacuation site
1044.31,3,evacueeManager,,OFF SHIP: White;0;Green;332;Yellow;59;Red;7;Black;102;ON SHIP: White;0;Green;0;Yellow;0;Red;0;Evacuees to Transfer;
1044.31,1509,evacuee,outES,Evacuee 59 in triage category G is not assigned a helicopter
1044.31,1509,evacuee,,Evacuee;59;in triage state;Y;is at the evacuation site
1048.1,3,evacueeManager,,OFF SHIP: White;0;Green;331;Yellow;60;Red;7;Black;102;ON SHIP: White;0;Green;0;Yellow;0;Red;0;Evacuees to Transfer;
1048.1,251,evacuee,outES,Evacuee 357 in triage category G is not assigned a helicopter
1048.1,251,evacuee,,Evacuee;357;in triage state;Y;is at the evacuation site
1048.59,3,evacueeManager,,OFF SHIP: White;0;Green;331;Yellow;60;Red;6;Black;103;ON SHIP: White;0;Green;0;Yellow;0;Red;0;Evacuees to Transfer;
1048.59,598,evacuee,outES,Evacuee 99 in triage category R is not assigned a helicopter
1048.59,598,evacuee,,Evacuee;99;in triage state;B;is at the evacuation site
1055.47,3,evacueeManager,,OFF SHIP: White;0;Green;330;Yellow;61;Red;6;Black;103;ON SHIP: White;0;Green;0;Yellow;0;Red;0;Evacuees to Transfer;
1055.47,324,evacuee,outES,Evacuee 319 in triage category G is not assigned a helicopter
1055.47,324,evacuee,,Evacuee;319;in triage state;Y;is at the evacuation site
1056.82,3,evacueeManager,,OFF SHIP: White;0;Green;329;Yellow;62;Red;6;Black;103;ON SHIP: White;0;Green;0;Yellow;0;Red;0;Evacuees to Transfer;
1056.82,949,evacuee,outES,Evacuee 10 in triage category G is not assigned a helicopter
1056.82,949,evacuee,,Evacuee;10;in triage state;Y;is at the evacuation site
1057.18,3,evacueeManager,,OFF SHIP: White;0;Green;329;Yellow;62;Red;5;Black;104;ON SHIP: White;0;Green;0;Yellow;0;Red;0;Evacuees to Transfer;
1057.18,375,evacuee,outES,Evacuee 413 in triage category R is not assigned a helicopter
1057.18,375,evacuee,,Evacuee;413;in triage state;B;is at the evacuation site
1057.93,3,evacueeManager,,OFF SHIP: White;0;Green;328;Yellow;63;Red;5;Black;104;ON SHIP: White;0;Green;0;Yellow;0;Red;0;Evacuees to Transfer;
1057.93,1302,evacuee,outES,Evacuee 176 in triage category G is not assigned a helicopter
1057.93,1302,evacuee,,Evacuee;176;in triage state;Y;is at the evacuation site
1059.82,3,evacueeManager,,OFF SHIP: White;0;Green;328;Yellow;63;Red;4;Black;105;ON SHIP: White;0;Green;0;Yellow;0;Red;0;Evacuees to Transfer;
1059.82,525,evacuee,outES,Evacuee 345 in triage category R is not assigned a helicopter
1059.82,525,evacuee,,Evacuee;345;in triage state;B;is at the evacuation site
1065.02,3,evacueeManager,,OFF SHIP: White;0;Green;328;Yellow;62;Red;5;Black;105;ON SHIP: White;0;Green;0;Yellow;0;Red;0;Evacuees to Transfer;
1065.02,1437,evacuee,outES,Evacuee 12 in triage category Y is not assigned a helicopter
1065.02,1437,evacuee,,Evacuee;12;in triage state;R;is at the evacuation site
1069.15,3,evacueeManager,,OFF SHIP: White;0;Green;327;Yellow;63;Red;5;Black;105;ON SHIP: White;0;Green;0;Yellow;0;Red;0;Evacuees to Transfer;
1069.15,121,evacuee,outES,Evacuee 426 in triage category G is not assigned a helicopter
1069.15,121,evacuee,,Evacuee;426;in triage state;Y;is at the evacuation site
1069.38,3,evacueeManager,,OFF SHIP: White;0;Green;326;Yellow;64;Red;5;Black;105;ON SHIP: White;0;Green;0;Yellow;0;Red;0;Evacuees to Transfer;
1069.38,393,evacuee,outES,Evacuee 287 in triage category G is not assigned a helicopter
1069.38,393,evacuee,,Evacuee;287;in triage state;Y;is at the evacuation site
1072.73,3,evacueeManager,,OFF SHIP: White;0;Green;325;Yellow;65;Red;5;Black;105;ON SHIP: White;0;Green;0;Yellow;0;Red;0;Evacuees to Transfer;
1072.73,1440,evacuee,outES,Evacuee 216 in triage category G is not assigned a helicopter
1072.73,1440,evacuee,,Evacuee;216;in triage state;Y;is at the evacuation site
1077.16,3,evacueeManager,,OFF SHIP: White;0;Green;325;Yellow;65;Red;4;Black;106;ON SHIP: White;0;Green;0;Yellow;0;Red;0;Evacuees to Transfer;
1077.16,1084,evacuee,outES,Evacuee 43 in triage category R is not assigned a helicopter
1077.16,1084,evacuee,,Evacuee;43;in triage state;B;is at the evacuation site
1083.21,3,evacueeManager,,OFF SHIP: White;0;Green;324;Yellow;66;Red;4;Black;106;ON SHIP: White;0;Green;0;Yellow;0;Red;0;Evacuees to Transfer;
1083.21,1233,evacuee,outES,Evacuee 296 in triage category G is not assigned a helicopter
1083.21,1233,evacuee,,Evacuee;296;in triage state;Y;is at the evacuation site
1084.25,3,evacueeManager,,OFF SHIP: White;0;Green;323;Yellow;67;Red;4;Black;106;ON SHIP: White;0;Green;0;Yellow;0;Red;0;Evacuees to Transfer;
1084.25,531,evacuee,outES,Evacuee 112 in triage category G is not assigned a helicopter
1084.25,531,evacuee,,Evacuee;112;in triage state;Y;is at the evacuation site
1084.49,3,evacueeManager,,OFF SHIP: White;0;Green;322;Yellow;68;Red;4;Black;106;ON SHIP: White;0;Green;0;Yellow;0;Red;0;Evacuees to Transfer;
1084.49,811,evacuee,outES,Evacuee 268 in triage category G is not assigned a helicopter
1084.49,811,evacuee,,Evacuee;268;in triage state;Y;is at the evacuation site
1084.77,3,evacueeManager,,OFF SHIP: White;0;Green;322;Yellow;67;Red;5;Black;106;ON SHIP: White;0;Green;0;Yellow;0;Red;0;Evacuees to Transfer;
1084.77,239,evacuee,outES,Evacuee 366 in triage category Y is not assigned a helicopter
1084.77,239,evacuee,,Evacuee;366;in triage state;R;is at the evacuation site
1085.33,3,evacueeManager,,OFF SHIP: White;0;Green;322;Yellow;67;Red;4;Black;107;ON SHIP: White;0;Green;0;Yellow;0;Red;0;Evacuees to Transfer;
1085.33,1437,evacuee,outES,Evacuee 12 in triage category R is not assigned a helicopter
1085.33,1437,evacuee,,Evacuee;12;in triage state;B;is at the evacuation site
1089.7,3,evacueeManager,,OFF SHIP: White;0;Green;321;Yellow;68;Red;4;Black;107;ON SHIP: White;0;Green;0;Yellow;0;Red;0;Evacuees to Transfer;
1089.7,181,evacuee,outES,Evacuee 389 in triage category G is not assigned a helicopter
1089.7,181,evacuee,,Evacuee;389;in triage state;Y;is at the evacuation site
1089.77,3,evacueeManager,,OFF SHIP: White;0;Green;321;Yellow;67;Red;5;Black;107;ON SHIP: White;0;Green;0;Yellow;0;Red;0;Evacuees to Transfer;
1089.77,1233,evacuee,outES,Evacuee 296 in triage category Y is not assigned a helicopter
1089.77,1233,evacuee,,Evacuee;296;in triage state;R;is at the evacuation site
1095.89,3,evacueeManager,,OFF SHIP: White;0;Green;320;Yellow;68;Red;5;Black;107;ON SHIP: White;0;Green;0;Yellow;0;Red;0;Evacuees to Transfer;
1095.89,673,evacuee,outES,Evacuee 213 in triage category G is not assigned a helicopter
1095.89,673,evacuee,,Evacuee;213;in triage state;Y;is at the evacuation site
1098.54,3,evacueeManager,,OFF SHIP: White;0;Green;319;Yellow;69;Red;5;Black;107;ON SHIP: White;0;Green;0;Yellow;0;Red;0;Evacuees to Transfer;
1098.54,880,evacuee,outES,Evacuee 82 in triage category G is not assigned a helicopter
1098.54,880,evacuee,,Evacuee;82;in triage state;Y;is at the evacuation site
1112.01,3,evacueeManager,,OFF SHIP: White;0;Green;319;Yellow;68;Red;6;Black;107;ON SHIP: White;0;Green;0;Yellow;0;Red;0;Evacuees to Transfer;
1112.01,456,evacuee,outES,Evacuee 260 in triage category Y is not assigned a helicopter
1112.01,456,evacuee,,Evacuee;260;in triage state;R;is at the evacuation site
1118.69,3,evacueeManager,,OFF SHIP: White;0;Green;319;Yellow;67;Red;7;Black;107;ON SHIP: White;0;Green;0;Yellow;0;Red;0;Evacuees to Transfer;
1118.69,121,evacuee,outES,Evacuee 426 in triage category Y is not assigned a helicopter
1118.69,121,evacuee,,Evacuee;426;in triage state;R;is at the evacuation site
1121.17,3,evacueeManager,,OFF SHIP: White;0;Green;319;Yellow;67;Red;6;Black;108;ON SHIP: White;0;Green;0;Yellow;0;Red;0;Evacuees to Transfer;
1121.17,390,evacuee,outES,Evacuee 288 in triage category R is not assigned a helicopter
1121.17,390,evacuee,,Evacuee;288;in triage state;B;is at the evacuation site
1121.78,3,evacueeManager,,OFF SHIP: White;0;Green;319;Yellow;66;Red;7;Black;108;ON SHIP: White;0;Green;0;Yellow;0;Red;0;Evacuees to Transfer;
1121.78,1440,evacuee,outES,Evacuee 216 in triage category Y is not assigned a helicopter
1121.78,1440,evacuee,,Evacuee;216;in triage state;R;is at the evacuation site
1124.06,3,evacueeManager,,OFF SHIP: White;0;Green;319;Yellow;66;Red;6;Black;109;ON SHIP: White;0;Green;0;Yellow;0;Red;0;Evacuees to Transfer;
1124.06,730,evacuee,outES,Evacuee 135 in triage category R is not assigned a helicopter
1124.06,730,evacuee,,Evacuee;135;in triage state;B;is at the evacuation site
1132.6,3,evacueeManager,,OFF SHIP: White;0;Green;319;Yellow;65;Red;7;Black;109;ON SHIP: White;0;Green;0;Yellow;0;Red;0;Evacuees to Transfer;
1132.6,528,evacuee,outES,Evacuee 302 in triage category Y is not assigned a helicopter
1132.6,528,evacuee,,Evacuee;302;in triage state;R;is at the evacuation site
1133.92,3,evacueeManager,,OFF SHIP: White;0;Green;319;Yellow;64;Red;8;Black;109;ON SHIP: White;0;Green;0;Yellow;0;Red;0;Evacuees to Transfer;
1133.92,1509,evacuee,outES,Evacuee 59 in triage category Y is not assigned a helicopter
1133.92,1509,evacuee,,Evacuee;59;in triage state;R;is at the evacuation site
1140.9,3,evacueeManager,,OFF SHIP: White;0;Green;319;Yellow;63;Red;9;Black;109;ON SHIP: White;0;Green;0;Yellow;0;Red;0;Evacuees to Transfer;
1140.9,321,evacuee,outES,Evacuee 321 in triage category Y is not assigned a helicopter
1140.9,321,evacuee,,Evacuee;321;in triage state;R;is at the evacuation site
1141.53,3,evacueeManager,,OFF SHIP: White;0;Green;318;Yellow;64;Red;9;Black;109;ON SHIP: White;0;Green;0;Yellow;0;Red;0;Evacuees to Transfer;
1141.53,604,evacuee,outES,Evacuee 324 in triage category G is not assigned a helicopter
1141.53,604,evacuee,,Evacuee;324;in triage state;Y;is at the evacuation site
1145.96,3,evacueeManager,,OFF SHIP: White;0;Green;318;Yellow;63;Red;10;Black;109;ON SHIP: White;0;Green;0;Yellow;0;Red;0;Evacuees to Transfer;
1145.96,181,evacuee,outES,Evacuee 389 in triage category Y is not assigned a helicopter
1145.96,181,evacuee,,Evacuee;389;in triage state;R;is at the evacuation site
1155.7,3,evacueeManager,,OFF SHIP: White;0;Green;318;Yellow;62;Red;11;Black;109;ON SHIP: White;0;Green;0;Yellow;0;Red;0;Evacuees to Transfer;
1155.7,21,evacuee,outES,Evacuee 492 in triage category Y is not assigned a helicopter
1155.7,21,evacuee,,Evacuee;492;in triage state;R;is at the evacuation site
1159.51,3,evacueeManager,,OFF SHIP: White;0;Green;318;Yellow;62;Red;10;Black;110;ON SHIP: White;0;Green;0;Yellow;0;Red;0;Evacuees to Transfer;
1159.51,661,evacuee,outES,Evacuee 115 in triage category R is not assigned a helicopter
1159.51,661,evacuee,,Evacuee;115;in triage state;B;is at the evacuation site
1161.64,3,evacueeManager,,OFF SHIP: White;0;Green;318;Yellow;62;Red;9;Black;111;ON SHIP: White;0;Green;0;Yellow;0;Red;0;Evacuees to Transfer;
1161.64,181,evacuee,outES,Evacuee 389 in triage category R is not assigned a helicopter
1161.64,181,evacuee,,Evacuee;389;in triage state;B;is at the evacuation site
1166.91,3,evacueeManager,,OFF SHIP: White;0;Green;318;Yellow;61;Red;10;Black;111;ON SHIP: White;0;Green;0;Yellow;0;Red;0;Evacuees to Transfer;
1166.91,1078,evacuee,outES,Evacuee 42 in triage category Y is not assigned a helicopter
1166.91,1078,evacuee,,Evacuee;42;in triage state;R;is at the evacuation site
1174.73,3,evacueeManager,,OFF SHIP: White;0;Green;317;Yellow;62;Red;10;Black;111;ON SHIP: White;0;Green;0;Yellow;0;Red;0;Evacuees to Transfer;
1174.73,51,evacuee,outES,Evacuee 475 in triage category G is not assigned a helicopter
1174.73,51,evacuee,,Evacuee;475;in triage state;Y;is at the evacuation site
1178.26,3,evacueeManager,,OFF SHIP: White;0;Green;317;Yellow;62;Red;9;Black;112;ON SHIP: White;0;Green;0;Yellow;0;Red;0;Evacuees to Transfer;
1178.26,1440,evacuee,outES,Evacuee 216 in triage category R is not assigned a helicopter
1178.26,1440,evacuee,,Evacuee;216;in triage state;B;is at the evacuation site
1178.99,3,evacueeManager,,OFF SHIP: White;0;Green;317;Yellow;62;Red;8;Black;113;ON SHIP: White;0;Green;0;Yellow;0;Red;0;Evacuees to Transfer;
1178.99,528,evacuee,outES,Evacuee 302 in triage category R is not assigned a helicopter
1178.99,528,evacuee,,Evacuee;302;in triage state;B;is at the evacuation site
1180.69,3,evacueeManager,,OFF SHIP: White;0;Green;316;Yellow;63;Red;8;Black;113;ON SHIP: White;0;Green;0;Yellow;0;Red;0;Evacuees to Transfer;
1180.69,1021,evacuee,outES,Evacuee 220 in triage category G is not assigned a helicopter
1180.69,1021,evacuee,,Evacuee;220;in triage state;Y;is at the evacuation site
1188.35,3,evacueeManager,,OFF SHIP: White;0;Green;316;Yellow;62;Red;9;Black;113;ON SHIP: White;0;Green;0;Yellow;0;Red;0;Evacuees to Transfer;
1188.35,178,evacuee,outES,Evacuee 392 in triage category Y is not assigned a helicopter
1188.35,178,evacuee,,Evacuee;392;in triage state;R;is at the evacuation site
1195.79,3,evacueeManager,,OFF SHIP: White;0;Green;316;Yellow;62;Red;8;Black;114;ON SHIP: White;0;Green;0;Yellow;0;Red;0;Evacuees to Transfer;
1195.79,1233,evacuee,outES,Evacuee 296 in triage category R is not assigned a helicopter
1195.79,1233,evacuee,,Evacuee;296;in triage state;B;is at the evacuation site
1196.79,3,evacueeManager,,OFF SHIP: White;0;Green;316;Yellow;61;Red;9;Black;114;ON SHIP: White;0;Green;0;Yellow;0;Red;0;Evacuees to Transfer;
1196.79,163,evacuee,outES,Evacuee 397 in triage category Y is not assigned a helicopter
1196.79,163,evacuee,,Evacuee;397;in triage state;R;is at the evacuation site
1201.79,3,evacueeManager,,OFF SHIP: White;0;Green;316;Yellow;60;Red;10;Black;114;ON SHIP: White;0;Green;0;Yellow;0;Red;0;Evacuees to Transfer;
1201.79,949,evacuee,outES,Evacuee 10 in triage category Y is not assigned a helicopter
1201.79,949,evacuee,,Evacuee;10;in triage state;R;is at the evacuation site
1205.48,3,evacueeManager,,OFF SHIP: White;0;Green;315;Yellow;61;Red;10;Black;114;ON SHIP: White;0;Green;0;Yellow;0;Red;0;Evacuees to Transfer;
1205.48,1090,evacuee,outES,Evacuee 336 in triage category G is not assigned a helicopter
1205.48,1090,evacuee,,Evacuee;336;in triage state;Y;is at the evacuation site
1216.7,3,evacueeManager,,OFF SHIP: White;0;Green;314;Yellow;62;Red;10;Black;114;ON SHIP: White;0;Green;0;Yellow;0;Red;0;Evacuees to Transfer;
1216.7,1163,evacuee,outES,Evacuee 231 in triage category G is not assigned a helicopter
1216.7,1163,evacuee,,Evacuee;231;in triage state;Y;is at the evacuation site
1221.23,3,evacueeManager,,OFF SHIP: White;0;Green;313;Yellow;63;Red;10;Black;114;ON SHIP: White;0;Green;0;Yellow;0;Red;0;Evacuees to Transfer;
1221.23,465,evacuee,outES,Evacuee 114 in triage category G is not assigned a helicopter
1221.23,465,evacuee,,Evacuee;114;in triage state;Y;is at the evacuation site
1222.91,3,evacueeManager,,OFF SHIP: White;0;Green;313;Yellow;63;Red;9;Black;115;ON SHIP: White;0;Green;0;Yellow;0;Red;0;Evacuees to Transfer;
1222.91,456,evacuee,outES,Evacuee 260 in triage category R is not assigned a helicopter
1222.91,456,evacuee,,Evacuee;260;in triage state;B;is at the evacuation site
1228.21,3,evacueeManager,,OFF SHIP: White;0;Green;312;Yellow;64;Red;9;Black;115;ON SHIP: White;0;Green;0;Yellow;0;Red;0;Evacuees to Transfer;
1228.21,1512,evacuee,outES,Evacuee 248 in triage category G is not assigned a helicopter
1228.21,1512,evacuee,,Evacuee;248;in triage state;Y;is at the evacuation site
1229.81,3,evacueeManager,,OFF SHIP: White;0;Green;311;Yellow;65;Red;9;Black;115;ON SHIP: White;0;Green;0;Yellow;0;Red;0;Evacuees to Transfer;
1229.81,1374,evacuee,outES,Evacuee 399 in triage category G is not assigned a helicopter
1229.81,1374,evacuee,,Evacuee;399;in triage state;Y;is at the evacuation site
1229.83,3,evacueeManager,,OFF SHIP: White;0;Green;311;Yellow;65;Red;8;Black;116;ON SHIP: White;0;Green;0;Yellow;0;Red;0;Evacuees to Transfer;
1229.83,239,evacuee,outES,Evacuee 366 in triage category R is not assigned a helicopter
1229.83,239,evacuee,,Evacuee;366;in triage state;B;is at the evacuation site
1230.44,3,evacueeManager,,OFF SHIP: White;0;Green;311;Yellow;65;Red;7;Black;117;ON SHIP: White;0;Green;0;Yellow;0;Red;0;Evacuees to Transfer;
1230.44,121,evacuee,outES,Evacuee 426 in triage category R is not assigned a helicopter
1230.44,121,evacuee,,Evacuee;426;in triage state;B;is at the evacuation site
1236.65,3,evacueeManager,,OFF SHIP: White;0;Green;310;Yellow;66;Red;7;Black;117;ON SHIP: White;0;Green;0;Yellow;0;Red;0;Evacuees to Transfer;
1236.65,327,evacuee,outES,Evacuee 318 in triage category G is not assigned a helicopter
1236.65,327,evacuee,,Evacuee;318;in triage state;Y;is at the evacuation site
1238.73,3,evacueeManager,,OFF SHIP: White;0;Green;310;Yellow;66;Red;6;Black;118;ON SHIP: White;0;Green;0;Yellow;0;Red;0;Evacuees to Transfer;
1238.73,321,evacuee,outES,Evacuee 321 in triage category R is not assigned a helicopter
1238.73,321,evacuee,,Evacuee;321;in triage state;B;is at the evacuation site
1242.65,3,evacueeManager,,OFF SHIP: White;0;Green;309;Yellow;67;Red;6;Black;118;ON SHIP: White;0;Green;0;Yellow;0;Red;0;Evacuees to Transfer;
1242.65,254,evacuee,outES,Evacuee 354 in triage category G is not assigned a helicopter
1242.65,254,evacuee,,Evacuee;354;in triage state;Y;is at the evacuation site
1242.73,3,evacueeManager,,OFF SHIP: White;0;Green;308;Yellow;68;Red;6;Black;118;ON SHIP: White;0;Green;0;Yellow;0;Red;0;Evacuees to Transfer;
1242.73,1305,evacuee,outES,Evacuee 230 in triage category G is not assigned a helicopter
1242.73,1305,evacuee,,Evacuee;230;in triage state;Y;is at the evacuation site
1246.8,3,evacueeManager,,OFF SHIP: White;0;Green;308;Yellow;67;Red;7;Black;118;ON SHIP: White;0;Green;0;Yellow;0;Red;0;Evacuees to Transfer;
1246.8,1374,evacuee,outES,Evacuee 399 in triage category Y is not assigned a helicopter
1246.8,1374,evacuee,,Evacuee;399;in triage state;R;is at the evacuation site
1248.5,3,evacueeManager,,OFF SHIP: White;0;Green;307;Yellow;68;Red;7;Black;118;ON SHIP: White;0;Green;0;Yellow;0;Red;0;Evacuees to Transfer;
1248.5,952,evacuee,outES,Evacuee 26 in triage category G is not assigned a helicopter
1248.5,952,evacuee,,Evacuee;26;in triage state;Y;is at the evacuation site
1254.69,3,evacueeManager,,OFF SHIP: White;0;Green;306;Yellow;69;Red;7;Black;118;ON SHIP: White;0;Green;0;Yellow;0;Red;0;Evacuees to Transfer;
1254.69,124,evacuee,outES,Evacuee 423 in triage category G is not assigned a helicopter
1254.69,124,evacuee,,Evacuee;423;in triage state;Y;is at the evacuation site
1255.03,3,evacueeManager,,OFF SHIP: White;0;Green;305;Yellow;70;Red;7;Black;118;ON SHIP: White;0;Green;0;Yellow;0;Red;0;Evacuees to Transfer;
1255.03,1443,evacuee,outES,Evacuee 219 in triage category G is not assigned a helicopter
1255.03,1443,evacuee,,Evacuee;219;in triage state;Y;is at the evacuation site
1255.43,3,evacueeManager,,OFF SHIP: White;0;Green;305;Yellow;70;Red;6;Black;119;ON SHIP: White;0;Green;0;Yellow;0;Red;0;Evacuees to Transfer;
1255.43,178,evacuee,outES,Evacuee 392 in triage category R is not assigned a helicopter
1255.43,178,evacuee,,Evacuee;392;in triage state;B;is at the evacuation site
1259.75,3,evacueeManager,,OFF SHIP: White;0;Green;305;Yellow;69;Red;7;Black;119;ON SHIP: White;0;Green;0;Yellow;0;Red;0;Evacuees to Transfer;
1259.75,946,evacuee,outES,Evacuee 38 in triage category Y is not assigned a helicopter
1259.75,946,evacuee,,Evacuee;38;in triage state;R;is at the evacuation site
1260.97,3,evacueeManager,,OFF SHIP: White;0;Green;305;Yellow;69;Red;6;Black;120;ON SHIP: White;0;Green;0;Yellow;0;Red;0;Evacuees to Transfer;
1260.97,946,evacuee,outES,Evacuee 38 in triage category R is not assigned a helicopter
1260.97,946,evacuee,,Evacuee;38;in triage state;B;is at the evacuation site
1265.42,3,evacueeManager,,OFF SHIP: White;0;Green;304;Yellow;70;Red;6;Black;120;ON SHIP: White;0;Green;0;Yellow;0;Red;0;Evacuees to Transfer;
1265.42,396,evacuee,outES,Evacuee 415 in triage category G is not assigned a helicopter
1265.42,396,evacuee,,Evacuee;415;in triage state;Y;is at the evacuation site
1266.09,3,evacueeManager,,OFF SHIP: White;0;Green;304;Yellow;69;Red;7;Black;120;ON SHIP: White;0;Green;0;Yellow;0;Red;0;Evacuees to Transfer;
1266.09,1302,evacuee,outES,Evacuee 176 in triage category Y is not assigned a helicopter
1266.09,1302,evacuee,,Evacuee;176;in triage state;R;is at the evacuation site
1266.19,3,evacueeManager,,OFF SHIP: White;0;Green;303;Yellow;70;Red;7;Black;120;ON SHIP: White;0;Green;0;Yellow;0;Red;0;Evacuees to Transfer;
1266.19,1236,evacuee,outES,Evacuee 151 in triage category G is not assigned a helicopter
1266.19,1236,evacuee,,Evacuee;151;in triage state;Y;is at the evacuation site
1267.56,3,evacueeManager,,OFF SHIP: White;0;Green;302;Yellow;71;Red;7;Black;120;ON SHIP: White;0;Green;0;Yellow;0;Red;0;Evacuees to Transfer;
1267.56,814,evacuee,outES,Evacuee 100 in triage category G is not assigned a helicopter
1267.56,814,evacuee,,Evacuee;100;in triage state;Y;is at the evacuation site
1271.21,3,evacueeManager,,OFF SHIP: White;0;Green;302;Yellow;70;Red;8;Black;120;ON SHIP: White;0;Green;0;Yellow;0;Red;0;Evacuees to Transfer;
1271.21,736,evacuee,outES,Evacuee 474 in triage category Y is not assigned a helicopter
1271.21,736,evacuee,,Evacuee;474;in triage state;R;is at the evacuation site
1272.92,3,evacueeManager,,OFF SHIP: White;0;Green;302;Yellow;70;Red;7;Black;121;ON SHIP: White;0;Green;0;Yellow;0;Red;0;Evacuees to Transfer;
1272.92,1302,evacuee,outES,Evacuee 176 in triage category R is not assigned a helicopter
1272.92,1302,evacuee,,Evacuee;176;in triage state;B;is at the evacuation site
1273.11,3,evacueeManager,,OFF SHIP: White;0;Green;301;Yellow;71;Red;7;Black;121;ON SHIP: White;0;Green;0;Yellow;0;Red;0;Evacuees to Transfer;
1273.11,184,evacuee,outES,Evacuee 384 in triage category G is not assigned a helicopter
1273.11,184,evacuee,,Evacuee;384;in triage state;Y;is at the evacuation site
1277.82,3,evacueeManager,,OFF SHIP: White;0;Green;300;Yellow;72;Red;7;Black;121;ON SHIP: White;0;Green;0;Yellow;0;Red;0;Evacuees to Transfer;
1277.82,534,evacuee,outES,Evacuee 299 in triage category G is not assigned a helicopter
1277.82,534,evacuee,,Evacuee;299;in triage state;Y;is at the evacuation site
1278.29,3,evacueeManager,,OFF SHIP: White;0;Green;300;Yellow;72;Red;6;Black;122;ON SHIP: White;0;Green;0;Yellow;0;Red;0;Evacuees to Transfer;
1278.29,949,evacuee,outES,Evacuee 10 in triage category R is not assigned a helicopter
1278.29,949,evacuee,,Evacuee;10;in triage state;B;is at the evacuation site
1282.06,3,evacueeManager,,OFF SHIP: White;0;Green;300;Yellow;72;Red;5;Black;123;ON SHIP: White;0;Green;0;Yellow;0;Red;0;Evacuees to Transfer;
1282.06,736,evacuee,outES,Evacuee 474 in triage category R is not assigned a helicopter
1282.06,736,evacuee,,Evacuee;474;in triage state;B;is at the evacuation site
1282.53,3,evacueeManager,,OFF SHIP: White;0;Green;299;Yellow;73;Red;5;Black;123;ON SHIP: White;0;Green;0;Yellow;0;Red;0;Evacuees to Transfer;
1282.53,883,evacuee,outES,Evacuee 54 in triage category G is not assigned a helicopter
1282.53,883,evacuee,,Evacuee;54;in triage state;Y;is at the evacuation site
1283.22,3,evacueeManager,,OFF SHIP: White;0;Green;298;Yellow;74;Red;5;Black;123;ON SHIP: White;0;Green;0;Yellow;0;Red;0;Evacuees to Transfer;
1283.22,676,evacuee,outES,Evacuee 344 in triage category G is not assigned a helicopter
1283.22,676,evacuee,,Evacuee;344;in triage state;Y;is at the evacuation site
1291.73,3,evacueeManager,,OFF SHIP: White;0;Green;298;Yellow;73;Red;6;Black;123;ON SHIP: White;0;Green;0;Yellow;0;Red;0;Evacuees to Transfer;
1291.73,124,evacuee,outES,Evacuee 423 in triage category Y is not assigned a helicopter
1291.73,124,evacuee,,Evacuee;423;in triage state;R;is at the evacuation site
1294.75,3,evacueeManager,,OFF SHIP: White;0;Green;297;Yellow;74;Red;6;Black;123;ON SHIP: White;0;Green;0;Yellow;0;Red;0;Evacuees to Transfer;
1294.75,745,evacuee,outES,Evacuee 179 in triage category G is not assigned a helicopter
1294.75,745,evacuee,,Evacuee;179;in triage state;Y;is at the evacuation site
1303.98,3,evacueeManager,,OFF SHIP: White;0;Green;297;Yellow;74;Red;5;Black;124;ON SHIP: White;0;Green;0;Yellow;0;Red;0;Evacuees to Transfer;
1303.98,1509,evacuee,outES,Evacuee 59 in triage category R is not assigned a helicopter
1303.98,1509,evacuee,,Evacuee;59;in triage state;B;is at the evacuation site
1304.49,3,evacueeManager,,OFF SHIP: White;0;Green;297;Yellow;74;Red;4;Black;125;ON SHIP: White;0;Green;0;Yellow;0;Red;0;Evacuees to Transfer;
1304.49,163,evacuee,outES,Evacuee 397 in triage category R is not assigned a helicopter
1304.49,163,evacuee,,Evacuee;397;in triage state;B;is at the evacuation site
1312.89,3,evacueeManager,,OFF SHIP: White;0;Green;297;Yellow;74;Red;3;Black;126;ON SHIP: White;0;Green;0;Yellow;0;Red;0;Evacuees to Transfer;
1312.89,1078,evacuee,outES,Evacuee 42 in triage category R is not assigned a helicopter
1312.89,1078,evacuee,,Evacuee;42;in triage state;B;is at the evacuation site
1314.39,3,evacueeManager,,OFF SHIP: White;0;Green;297;Yellow;73;Red;4;Black;126;ON SHIP: White;0;Green;0;Yellow;0;Red;0;Evacuees to Transfer;
1314.39,739,evacuee,outES,Evacuee 17 in triage category Y is not assigned a helicopter
1314.39,739,evacuee,,Evacuee;17;in triage state;R;is at the evacuation site
1322.5,3,evacueeManager,,OFF SHIP: White;0;Green;297;Yellow;72;Red;5;Black;126;ON SHIP: White;0;Green;0;Yellow;0;Red;0;Evacuees to Transfer;
1322.5,673,evacuee,outES,Evacuee 213 in triage category Y is not assigned a helicopter
1322.5,673,evacuee,,Evacuee;213;in triage state;R;is at the evacuation site
1328.38,3,evacueeManager,,OFF SHIP: White;0;Green;296;Yellow;73;Red;5;Black;126;ON SHIP: White;0;Green;0;Yellow;0;Red;0;Evacuees to Transfer;
1328.38,607,evacuee,outES,Evacuee 95 in triage category G is not assigned a helicopter
1328.38,607,evacuee,,Evacuee;95;in triage state;Y;is at the evacuation site
1334.65,3,evacueeManager,,OFF SHIP: White;0;Green;296;Yellow;72;Red;6;Black;126;ON SHIP: White;0;Green;0;Yellow;0;Red;0;Evacuees to Transfer;
1334.65,166,evacuee,outES,Evacuee 452 in triage category Y is not assigned a helicopter
1334.65,166,evacuee,,Evacuee;452;in triage state;R;is at the evacuation site
1341.36,3,evacueeManager,,OFF SHIP: White;0;Green;296;Yellow;72;Red;5;Black;127;ON SHIP: White;0;Green;0;Yellow;0;Red;0;Evacuees to Transfer;
1341.36,1374,evacuee,outES,Evacuee 399 in triage category R is not assigned a helicopter
1341.36,1374,evacuee,,Evacuee;399;in triage state;B;is at the evacuation site
1346.06,3,evacueeManager,,OFF SHIP: White;0;Green;296;Yellow;71;Red;6;Black;127;ON SHIP: White;0;Green;0;Yellow;0;Red;0;Evacuees to Transfer;
1346.06,877,evacuee,outES,Evacuee 347 in triage category Y is not assigned a helicopter
1346.06,877,evacuee,,Evacuee;347;in triage state;R;is at the evacuation site
1346.77,3,evacueeManager,,OFF SHIP: White;0;Green;296;Yellow;71;Red;5;Black;128;ON SHIP: White;0;Green;0;Yellow;0;Red;0;Evacuees to Transfer;
1346.77,877,evacuee,outES,Evacuee 347 in triage category R is not assigned a helicopter
1346.77,877,evacuee,,Evacuee;347;in triage state;B;is at the evacuation site
1347.13,3,evacueeManager,,OFF SHIP: White;0;Green;296;Yellow;70;Red;6;Black;128;ON SHIP: White;0;Green;0;Yellow;0;Red;0;Evacuees to Transfer;
1347.13,1368,evacuee,outES,Evacuee 193 in triage category Y is not assigned a helicopter
1347.13,1368,evacuee,,Evacuee;193;in triage state;R;is at the evacuation site
1348.85,3,evacueeManager,,OFF SHIP: White;0;Green;296;Yellow;69;Red;7;Black;128;ON SHIP: White;0;Green;0;Yellow;0;Red;0;Evacuees to Transfer;
1348.85,874,evacuee,outES,Evacuee 256 in triage category Y is not assigned a helicopter
1348.85,874,evacuee,,Evacuee;256;in triage state;R;is at the evacuation site
1363.72,3,evacueeManager,,OFF SHIP: White;0;Green;296;Yellow;68;Red;8;Black;128;ON SHIP: White;0;Green;0;Yellow;0;Red;0;Evacuees to Transfer;
1363.72,607,evacuee,outES,Evacuee 95 in triage category Y is not assigned a helicopter
1363.72,607,evacuee,,Evacuee;95;in triage state;R;is at the evacuation site
1367.75,3,evacueeManager,,OFF SHIP: White;0;Green;296;Yellow;68;Red;7;Black;129;ON SHIP: White;0;Green;0;Yellow;0;Red;0;Evacuees to Transfer;
1367.75,166,evacuee,outES,Evacuee 452 in triage category R is not assigned a helicopter
1367.75,166,evacuee,,Evacuee;452;in triage state;B;is at the evacuation site
1371.07,3,evacueeManager,,OFF SHIP: White;0;Green;295;Yellow;69;Red;7;Black;129;ON SHIP: White;0;Green;0;Yellow;0;Red;0;Evacuees to Transfer;
1371.07,54,evacuee,outES,Evacuee 472 in triage category G is not assigned a helicopter
1371.07,54,evacuee,,Evacuee;472;in triage state;Y;is at the evacuation site
1376.05,3,evacueeManager,,OFF SHIP: White;0;Green;295;Yellow;69;Red;6;Black;130;ON SHIP: White;0;Green;0;Yellow;0;Red;0;Evacuees to Transfer;
1376.05,673,evacuee,outES,Evacuee 213 in triage category R is not assigned a helicopter
1376.05,673,evacuee,,Evacuee;213;in triage state;B;is at the evacuation site
1377.21,3,evacueeManager,,OFF SHIP: White;0;Green;295;Yellow;68;Red;7;Black;130;ON SHIP: White;0;Green;0;Yellow;0;Red;0;Evacuees to Transfer;
1377.21,1296,evacuee,outES,Evacuee 145 in triage category Y is not assigned a helicopter
1377.21,1296,evacuee,,Evacuee;145;in triage state;R;is at the evacuation site
1377.45,3,evacueeManager,,OFF SHIP: White;0;Green;294;Yellow;69;Red;7;Black;130;ON SHIP: White;0;Green;0;Yellow;0;Red;0;Evacuees to Transfer;
1377.45,1024,evacuee,outES,Evacuee 355 in triage category G is not assigned a helicopter
1377.45,1024,evacuee,,Evacuee;355;in triage state;Y;is at the evacuation site
1378.34,3,evacueeManager,,OFF SHIP: White;0;Green;294;Yellow;68;Red;8;Black;130;ON SHIP: White;0;Green;0;Yellow;0;Red;0;Evacuees to Transfer;
1378.34,655,evacuee,outES,Evacuee 80 in triage category Y is not assigned a helicopter
1378.34,655,evacuee,,Evacuee;80;in triage state;R;is at the evacuation site
1378.77,3,evacueeManager,,OFF SHIP: White;0;Green;294;Yellow;68;Red;7;Black;131;ON SHIP: White;0;Green;0;Yellow;0;Red;0;Evacuees to Transfer;
1378.77,607,evacuee,outES,Evacuee 95 in triage category R is not assigned a helicopter
1378.77,607,evacuee,,Evacuee;95;in triage state;B;is at the evacuation site
1379.55,3,evacueeManager,,OFF SHIP: White;0;Green;294;Yellow;68;Red;6;Black;132;ON SHIP: White;0;Green;0;Yellow;0;Red;0;Evacuees to Transfer;
1379.55,1368,evacuee,outES,Evacuee 193 in triage category R is not assigned a helicopter
1379.55,1368,evacuee,,Evacuee;193;in triage state;B;is at the evacuation site
1383.3,3,evacueeManager,,OFF SHIP: White;0;Green;294;Yellow;68;Red;5;Black;133;ON SHIP: White;0;Green;0;Yellow;0;Red;0;Evacuees to Transfer;
1383.3,21,evacuee,outES,Evacuee 492 in triage category R is not assigned a helicopter
1383.3,21,evacuee,,Evacuee;492;in triage state;B;is at the evacuation site
1384.58,3,evacueeManager,,OFF SHIP: White;0;Green;294;Yellow;67;Red;6;Black;133;ON SHIP: White;0;Green;0;Yellow;0;Red;0;Evacuees to Transfer;
1384.58,324,evacuee,outES,Evacuee 319 in triage category Y is not assigned a helicopter
1384.58,324,evacuee,,Evacuee;319;in triage state;R;is at the evacuation site
1396.67,3,evacueeManager,,OFF SHIP: White;0;Green;293;Yellow;68;Red;6;Black;133;ON SHIP: White;0;Green;0;Yellow;0;Red;0;Evacuees to Transfer;
1396.67,1093,evacuee,outES,Evacuee 307 in triage category G is not assigned a helicopter
1396.67,1093,evacuee,,Evacuee;307;in triage state;Y;is at the evacuation site
1404.17,3,evacueeManager,,OFF SHIP: White;0;Green;293;Yellow;67;Red;7;Black;133;ON SHIP: White;0;Green;0;Yellow;0;Red;0;Evacuees to Transfer;
1404.17,248,evacuee,outES,Evacuee 360 in triage category Y is not assigned a helicopter
1404.17,248,evacuee,,Evacuee;360;in triage state;R;is at the evacuation site
1406.57,3,evacueeManager,,OFF SHIP: White;0;Green;293;Yellow;67;Red;6;Black;134;ON SHIP: White;0;Green;0;Yellow;0;Red;0;Evacuees to Transfer;
1406.57,324,evacuee,outES,Evacuee 319 in triage category R is not assigned a helicopter
1406.57,324,evacuee,,Evacuee;319;in triage state;B;is at the evacuation site
1412.34,3,evacueeManager,,OFF SHIP: White;0;Green;292;Yellow;68;Red;6;Black;134;ON SHIP: White;0;Green;0;Yellow;0;Red;0;Evacuees to Transfer;
1412.34,1166,evacuee,outES,Evacuee 261 in triage category G is not assigned a helicopter
1412.34,1166,evacuee,,Evacuee;261;in triage state;Y;is at the evacuation site
1412.81,3,evacueeManager,,OFF SHIP: White;0;Green;292;Yellow;68;Red;5;Black;135;ON SHIP: White;0;Green;0;Yellow;0;Red;0;Evacuees to Transfer;
1412.81,874,evacuee,outES,Evacuee 256 in triage category R is not assigned a helicopter
1412.81,874,evacuee,,Evacuee;256;in triage state;B;is at the evacuation site
1412.99,3,evacueeManager,,OFF SHIP: White;0;Green;292;Yellow;67;Red;6;Black;135;ON SHIP: White;0;Green;0;Yellow;0;Red;0;Evacuees to Transfer;
1412.99,531,evacuee,outES,Evacuee 112 in triage category Y is not assigned a helicopter
1412.99,531,evacuee,,Evacuee;112;in triage state;R;is at the evacuation site
1414.66,3,evacueeManager,,OFF SHIP: White;0;Green;292;Yellow;67;Red;5;Black;136;ON SHIP: White;0;Green;0;Yellow;0;Red;0;Evacuees to Transfer;
1414.66,248,evacuee,outES,Evacuee 360 in triage category R is not assigned a helicopter
1414.66,248,evacuee,,Evacuee;360;in triage state;B;is at the evacuation site
1417.19,3,evacueeManager,,OFF SHIP: White;0;Green;291;Yellow;68;Red;5;Black;136;ON SHIP: White;0;Green;0;Yellow;0;Red;0;Evacuees to Transfer;
1417.19,468,evacuee,outES,Evacuee 289 in triage category G is not assigned a helicopter
1417.19,468,evacuee,,Evacuee;289;in triage state;Y;is at the evacuation site
1424.66,3,evacueeManager,,OFF SHIP: White;0;Green;290;Yellow;69;Red;5;Black;136;ON SHIP: White;0;Green;0;Yellow;0;Red;0;Evacuees to Transfer;
1424.66,1515,evacuee,outES,Evacuee 467 in triage category G is not assigned a helicopter
1424.66,1515,evacuee,,Evacuee;467;in triage state;Y;is at the evacuation site
1426.34,3,evacueeManager,,OFF SHIP: White;0;Green;290;Yellow;68;Red;6;Black;136;ON SHIP: White;0;Green;0;Yellow;0;Red;0;Evacuees to Transfer;
1426.34,54,evacuee,outES,Evacuee 472 in triage category Y is not assigned a helicopter
1426.34,54,evacuee,,Evacuee;472;in triage state;R;is at the evacuation site
1426.67,3,evacueeManager,,OFF SHIP: White;0;Green;290;Yellow;67;Red;7;Black;136;ON SHIP: White;0;Green;0;Yellow;0;Red;0;Evacuees to Transfer;
1426.67,465,evacuee,outES,Evacuee 114 in triage category Y is not assigned a helicopter
1426.67,465,evacuee,,Evacuee;114;in triage state;R;is at the evacuation site
1428.07,3,evacueeManager,,OFF SHIP: White;0;Green;290;Yellow;66;Red;8;Black;136;ON SHIP: White;0;Green;0;Yellow;0;Red;0;Evacuees to Transfer;
1428.07,48,evacuee,outES,Evacuee 476 in triage category Y is not assigned a helicopter
1428.07,48,evacuee,,Evacuee;476;in triage state;R;is at the evacuation site
1433.78,3,evacueeManager,,OFF SHIP: White;0;Green;289;Yellow;67;Red;8;Black;136;ON SHIP: White;0;Green;0;Yellow;0;Red;0;Evacuees to Transfer;
1433.78,1377,evacuee,outES,Evacuee 197 in triage category G is not assigned a helicopter
1433.78,1377,evacuee,,Evacuee;197;in triage state;Y;is at the evacuation site
1435.37,3,evacueeManager,,OFF SHIP: White;0;Green;289;Yellow;67;Red;7;Black;137;ON SHIP: White;0;Green;0;Yellow;0;Red;0;Evacuees to Transfer;
1435.37,531,evacuee,outES,Evacuee 112 in triage category R is not assigned a helicopter
1435.37,531,evacuee,,Evacuee;112;in triage state;B;is at the evacuation site
1436.41,3,evacueeManager,,OFF SHIP: White;0;Green;288;Yellow;68;Red;7;Black;137;ON SHIP: White;0;Green;0;Yellow;0;Red;0;Evacuees to Transfer;
1436.41,257,evacuee,outES,Evacuee 353 in triage category G is not assigned a helicopter
1436.41,257,evacuee,,Evacuee;353;in triage state;Y;is at the evacuation site
1437.4,3,evacueeManager,,OFF SHIP: White;0;Green;287;Yellow;69;Red;7;Black;137;ON SHIP: White;0;Green;0;Yellow;0;Red;0;Evacuees to Transfer;
1437.4,330,evacuee,outES,Evacuee 317 in triage category G is not assigned a helicopter
1437.4,330,evacuee,,Evacuee;317;in triage state;Y;is at the evacuation site
1438.94,3,evacueeManager,,OFF SHIP: White;0;Green;286;Yellow;70;Red;7;Black;137;ON SHIP: White;0;Green;0;Yellow;0;Red;0;Evacuees to Transfer;
1438.94,955,evacuee,outES,Evacuee 343 in triage category G is not assigned a helicopter
1438.94,955,evacuee,,Evacuee;343;in triage state;Y;is at the evacuation site
1440.21,3,evacueeManager,,OFF SHIP: White;0;Green;285;Yellow;71;Red;7;Black;137;ON SHIP: White;0;Green;0;Yellow;0;Red;0;Evacuees to Transfer;
1440.21,1308,evacuee,outES,Evacuee 169 in triage category G is not assigned a helicopter
1440.21,1308,evacuee,,Evacuee;169;in triage state;Y;is at the evacuation site
1440.99,3,evacueeManager,,OFF SHIP: White;0;Green;285;Yellow;71;Red;6;Black;138;ON SHIP: White;0;Green;0;Yellow;0;Red;0;Evacuees to Transfer;
1440.99,124,evacuee,outES,Evacuee 423 in triage category R is not assigned a helicopter
1440.99,124,evacuee,,Evacuee;423;in triage state;B;is at the evacuation site
1442.73,3,evacueeManager,,OFF SHIP: White;0;Green;285;Yellow;70;Red;7;Black;138;ON SHIP: White;0;Green;0;Yellow;0;Red;0;Evacuees to Transfer;
1442.73,1377,evacuee,outES,Evacuee 197 in triage category Y is not assigned a helicopter
1442.73,1377,evacuee,,Evacuee;197;in triage state;R;is at the evacuation site
1447.07,3,evacueeManager,,OFF SHIP: White;0;Green;285;Yellow;70;Red;6;Black;139;ON SHIP: White;0;Green;0;Yellow;0;Red;0;Evacuees to Transfer;
1447.07,739,evacuee,outES,Evacuee 17 in triage category R is not assigned a helicopter
1447.07,739,evacuee,,Evacuee;17;in triage state;B;is at the evacuation site
1456.76,3,evacueeManager,,OFF SHIP: White;0;Green;284;Yellow;71;Red;6;Black;139;ON SHIP: White;0;Green;0;Yellow;0;Red;0;Evacuees to Transfer;
1456.76,127,evacuee,outES,Evacuee 420 in triage category G is not assigned a helicopter
1456.76,127,evacuee,,Evacuee;420;in triage state;Y;is at the evacuation site
1459.31,3,evacueeManager,,OFF SHIP: White;0;Green;283;Yellow;72;Red;6;Black;139;ON SHIP: White;0;Green;0;Yellow;0;Red;0;Evacuees to Transfer;
1459.31,817,evacuee,outES,Evacuee 29 in triage category G is not assigned a helicopter
1459.31,817,evacuee,,Evacuee;29;in triage state;Y;is at the evacuation site
1460.86,3,evacueeManager,,OFF SHIP: White;0;Green;282;Yellow;73;Red;6;Black;139;ON SHIP: White;0;Green;0;Yellow;0;Red;0;Evacuees to Transfer;
1460.86,1446,evacuee,outES,Evacuee 221 in triage category G is not assigned a helicopter
1460.86,1446,evacuee,,Evacuee;221;in triage state;Y;is at the evacuation site
1461.59,3,evacueeManager,,OFF SHIP: White;0;Green;281;Yellow;74;Red;6;Black;139;ON SHIP: White;0;Green;0;Yellow;0;Red;0;Evacuees to Transfer;
1461.59,1239,evacuee,outES,Evacuee 222 in triage category G is not assigned a helicopter
1461.59,1239,evacuee,,Evacuee;222;in triage state;Y;is at the evacuation site
1462.1,3,evacueeManager,,OFF SHIP: White;0;Green;281;Yellow;74;Red;5;Black;140;ON SHIP: White;0;Green;0;Yellow;0;Red;0;Evacuees to Transfer;
1462.1,465,evacuee,outES,Evacuee 114 in triage category R is not assigned a helicopter
1462.1,465,evacuee,,Evacuee;114;in triage state;B;is at the evacuation site
1464.01,3,evacueeManager,,OFF SHIP: White;0;Green;281;Yellow;73;Red;6;Black;140;ON SHIP: White;0;Green;0;Yellow;0;Red;0;Evacuees to Transfer;
1464.01,522,evacuee,outES,Evacuee 215 in triage category Y is not assigned a helicopter
1464.01,522,evacuee,,Evacuee;215;in triage state;R;is at the evacuation site
1467.26,3,evacueeManager,,OFF SHIP: White;0;Green;281;Yellow;72;Red;7;Black;140;ON SHIP: White;0;Green;0;Yellow;0;Red;0;Evacuees to Transfer;
1467.26,330,evacuee,outES,Evacuee 317 in triage category Y is not assigned a helicopter
1467.26,330,evacuee,,Evacuee;317;in triage state;R;is at the evacuation site
1467.89,3,evacueeManager,,OFF SHIP: White;0;Green;281;Yellow;71;Red;8;Black;140;ON SHIP: White;0;Green;0;Yellow;0;Red;0;Evacuees to Transfer;
1467.89,24,evacuee,outES,Evacuee 489 in triage category Y is not assigned a helicopter
1467.89,24,evacuee,,Evacuee;489;in triage state;R;is at the evacuation site
1467.89,3,evacueeManager,,OFF SHIP: White;0;Green;281;Yellow;71;Red;7;Black;141;ON SHIP: White;0;Green;0;Yellow;0;Red;0;Evacuees to Transfer;
1467.89,24,evacuee,outES,Evacuee 489 in triage category R is not assigned a helicopter
1467.89,24,evacuee,,Evacuee;489;in triage state;B;is at the evacuation site
1468.27,3,evacueeManager,,OFF SHIP: White;0;Green;280;Yellow;72;Red;7;Black;141;ON SHIP: White;0;Green;0;Yellow;0;Red;0;Evacuees to Transfer;
1468.27,399,evacuee,outES,Evacuee 376 in triage category G is not assigned a helicopter
1468.27,399,evacuee,,Evacuee;376;in triage state;Y;is at the evacuation site
1472.76,3,evacueeManager,,OFF SHIP: White;0;Green;279;Yellow;73;Red;7;Black;141;ON SHIP: White;0;Green;0;Yellow;0;Red;0;Evacuees to Transfer;
1472.76,187,evacuee,outES,Evacuee 430 in triage category G is not assigned a helicopter
1472.76,187,evacuee,,Evacuee;430;in triage state;Y;is at the evacuation site
1474.18,3,evacueeManager,,OFF SHIP: White;0;Green;279;Yellow;73;Red;6;Black;142;ON SHIP: White;0;Green;0;Yellow;0;Red;0;Evacuees to Transfer;
1474.18,48,evacuee,outES,Evacuee 476 in triage category R is not assigned a helicopter
1474.18,48,evacuee,,Evacuee;476;in triage state;B;is at the evacuation site
1479.09,3,evacueeManager,,OFF SHIP: White;0;Green;278;Yellow;74;Red;6;Black;142;ON SHIP: White;0;Green;0;Yellow;0;Red;0;Evacuees to Transfer;
1479.09,886,evacuee,outES,Evacuee 368 in triage category G is not assigned a helicopter
1479.09,886,evacuee,,Evacuee;368;in triage state;Y;is at the evacuation site
1481.57,3,evacueeManager,,OFF SHIP: White;0;Green;277;Yellow;75;Red;6;Black;142;ON SHIP: White;0;Green;0;Yellow;0;Red;0;Evacuees to Transfer;
1481.57,537,evacuee,outES,Evacuee 109 in triage category G is not assigned a helicopter
1481.57,537,evacuee,,Evacuee;109;in triage state;Y;is at the evacuation site
1482.8,3,evacueeManager,,OFF SHIP: White;0;Green;277;Yellow;74;Red;7;Black;142;ON SHIP: White;0;Green;0;Yellow;0;Red;0;Evacuees to Transfer;
1482.8,242,evacuee,outES,Evacuee 362 in triage category Y is not assigned a helicopter
1482.8,242,evacuee,,Evacuee;362;in triage state;R;is at the evacuation site
1483.59,3,evacueeManager,,OFF SHIP: White;0;Green;276;Yellow;75;Red;7;Black;142;ON SHIP: White;0;Green;0;Yellow;0;Red;0;Evacuees to Transfer;
1483.59,679,evacuee,outES,Evacuee 77 in triage category G is not assigned a helicopter
1483.59,679,evacuee,,Evacuee;77;in triage state;Y;is at the evacuation site
1485.31,3,evacueeManager,,OFF SHIP: White;0;Green;276;Yellow;75;Red;6;Black;143;ON SHIP: White;0;Green;0;Yellow;0;Red;0;Evacuees to Transfer;
1485.31,242,evacuee,outES,Evacuee 362 in triage category R is not assigned a helicopter
1485.31,242,evacuee,,Evacuee;362;in triage state;B;is at the evacuation site
1486.32,3,evacueeManager,,OFF SHIP: White;0;Green;276;Yellow;74;Red;7;Black;143;ON SHIP: White;0;Green;0;Yellow;0;Red;0;Evacuees to Transfer;
1486.32,127,evacuee,outES,Evacuee 420 in triage category Y is not assigned a helicopter
1486.32,127,evacuee,,Evacuee;420;in triage state;R;is at the evacuation site
1486.75,3,evacueeManager,,OFF SHIP: White;0;Green;276;Yellow;73;Red;8;Black;143;ON SHIP: White;0;Green;0;Yellow;0;Red;0;Evacuees to Transfer;
1486.75,327,evacuee,outES,Evacuee 318 in triage category Y is not assigned a helicopter
1486.75,327,evacuee,,Evacuee;318;in triage state;R;is at the evacuation site
1492.17,3,evacueeManager,,OFF SHIP: White;0;Green;275;Yellow;74;Red;8;Black;143;ON SHIP: White;0;Green;0;Yellow;0;Red;0;Evacuees to Transfer;
1492.17,748,evacuee,outES,Evacuee 147 in triage category G is not assigned a helicopter
1492.17,748,evacuee,,Evacuee;147;in triage state;Y;is at the evacuation site
1492.92,3,evacueeManager,,OFF SHIP: White;0;Green;275;Yellow;74;Red;7;Black;144;ON SHIP: White;0;Green;0;Yellow;0;Red;0;Evacuees to Transfer;
1492.92,655,evacuee,outES,Evacuee 80 in triage category R is not assigned a helicopter
1492.92,655,evacuee,,Evacuee;80;in triage state;B;is at the evacuation site
1496.95,3,evacueeManager,,OFF SHIP: White;0;Green;275;Yellow;73;Red;8;Black;144;ON SHIP: White;0;Green;0;Yellow;0;Red;0;Evacuees to Transfer;
1496.95,1148,evacuee,outES,Evacuee 56 in triage category Y is not assigned a helicopter
1496.95,1148,evacuee,,Evacuee;56;in triage state;R;is at the evacuation site
1502.76,3,evacueeManager,,OFF SHIP: White;0;Green;275;Yellow;72;Red;9;Black;144;ON SHIP: White;0;Green;0;Yellow;0;Red;0;Evacuees to Transfer;
1502.76,399,evacuee,outES,Evacuee 376 in triage category Y is not assigned a helicopter
1502.76,399,evacuee,,Evacuee;376;in triage state;R;is at the evacuation site
1514.18,3,evacueeManager,,OFF SHIP: White;0;Green;275;Yellow;71;Red;10;Black;144;ON SHIP: White;0;Green;0;Yellow;0;Red;0;Evacuees to Transfer;
1514.18,1154,evacuee,outES,Evacuee 364 in triage category Y is not assigned a helicopter
1514.18,1154,evacuee,,Evacuee;364;in triage state;R;is at the evacuation site
1517.42,3,evacueeManager,,OFF SHIP: White;0;Green;275;Yellow;71;Red;9;Black;145;ON SHIP: White;0;Green;0;Yellow;0;Red;0;Evacuees to Transfer;
1517.42,522,evacuee,outES,Evacuee 215 in triage category R is not assigned a helicopter
1517.42,522,evacuee,,Evacuee;215;in triage state;B;is at the evacuation site
1528.2,3,evacueeManager,,OFF SHIP: White;0;Green;274;Yellow;72;Red;9;Black;145;ON SHIP: White;0;Green;0;Yellow;0;Red;0;Evacuees to Transfer;
1528.2,610,evacuee,outES,Evacuee 447 in triage category G is not assigned a helicopter
1528.2,610,evacuee,,Evacuee;447;in triage state;Y;is at the evacuation site
1531.25,3,evacueeManager,,OFF SHIP: White;0;Green;274;Yellow;72;Red;8;Black;146;ON SHIP: White;0;Green;0;Yellow;0;Red;0;Evacuees to Transfer;
1531.25,127,evacuee,outES,Evacuee 420 in triage category R is not assigned a helicopter
1531.25,127,evacuee,,Evacuee;420;in triage state;B;is at the evacuation site
1531.3,3,evacueeManager,,OFF SHIP: White;0;Green;274;Yellow;72;Red;7;Black;147;ON SHIP: White;0;Green;0;Yellow;0;Red;0;Evacuees to Transfer;
1531.3,327,evacuee,outES,Evacuee 318 in triage category R is not assigned a helicopter
1531.3,327,evacuee,,Evacuee;318;in triage state;B;is at the evacuation site
1551.91,3,evacueeManager,,OFF SHIP: White;0;Green;274;Yellow;71;Red;8;Black;147;ON SHIP: White;0;Green;0;Yellow;0;Red;0;Evacuees to Transfer;
1551.91,886,evacuee,outES,Evacuee 368 in triage category Y is not assigned a helicopter
1551.91,886,evacuee,,Evacuee;368;in triage state;R;is at the evacuation site
1552.24,3,evacueeManager,,OFF SHIP: White;0;Green;274;Yellow;71;Red;7;Black;148;ON SHIP: White;0;Green;0;Yellow;0;Red;0;Evacuees to Transfer;
1552.24,1154,evacuee,outES,Evacuee 364 in triage category R is not assigned a helicopter
1552.24,1154,evacuee,,Evacuee;364;in triage state;B;is at the evacuation site
1560.41,3,evacueeManager,,OFF SHIP: White;0;Green;274;Yellow;70;Red;8;Black;148;ON SHIP: White;0;Green;0;Yellow;0;Red;0;Evacuees to Transfer;
1560.41,880,evacuee,outES,Evacuee 82 in triage category Y is not assigned a helicopter
1560.41,880,evacuee,,Evacuee;82;in triage state;R;is at the evacuation site
1562.61,3,evacueeManager,,OFF SHIP: White;0;Green;274;Yellow;70;Red;7;Black;149;ON SHIP: White;0;Green;0;Yellow;0;Red;0;Evacuees to Transfer;
1562.61,399,evacuee,outES,Evacuee 376 in triage category R is not assigned a helicopter
1562.61,399,evacuee,,Evacuee;376;in triage state;B;is at the evacuation site
1566.87,3,evacueeManager,,OFF SHIP: White;0;Green;274;Yellow;70;Red;6;Black;150;ON SHIP: White;0;Green;0;Yellow;0;Red;0;Evacuees to Transfer;
1566.87,1377,evacuee,outES,Evacuee 197 in triage category R is not assigned a helicopter
1566.87,1377,evacuee,,Evacuee;197;in triage state;B;is at the evacuation site
1571.02,3,evacueeManager,,OFF SHIP: White;0;Green;274;Yellow;69;Red;7;Black;150;ON SHIP: White;0;Green;0;Yellow;0;Red;0;Evacuees to Transfer;
1571.02,1087,evacuee,outES,Evacuee 30 in triage category Y is not assigned a helicopter
1571.02,1087,evacuee,,Evacuee;30;in triage state;R;is at the evacuation site
1571.93,3,evacueeManager,,OFF SHIP: White;0;Green;274;Yellow;69;Red;6;Black;151;ON SHIP: White;0;Green;0;Yellow;0;Red;0;Evacuees to Transfer;
1571.93,1087,evacuee,outES,Evacuee 30 in triage category R is not assigned a helicopter
1571.93,1087,evacuee,,Evacuee;30;in triage state;B;is at the evacuation site
1577.88,3,evacueeManager,,OFF SHIP: White;0;Green;273;Yellow;70;Red;6;Black;151;ON SHIP: White;0;Green;0;Yellow;0;Red;0;Evacuees to Transfer;
1577.88,57,evacuee,outES,Evacuee 471 in triage category G is not assigned a helicopter
1577.88,57,evacuee,,Evacuee;471;in triage state;Y;is at the evacuation site
1579.72,3,evacueeManager,,OFF SHIP: White;0;Green;273;Yellow;69;Red;7;Black;151;ON SHIP: White;0;Green;0;Yellow;0;Red;0;Evacuees to Transfer;
1579.72,1434,evacuee,outES,Evacuee 214 in triage category Y is not assigned a helicopter
1579.72,1434,evacuee,,Evacuee;214;in triage state;R;is at the evacuation site
1581.53,3,evacueeManager,,OFF SHIP: White;0;Green;273;Yellow;68;Red;8;Black;151;ON SHIP: White;0;Green;0;Yellow;0;Red;0;Evacuees to Transfer;
1581.53,315,evacuee,outES,Evacuee 365 in triage category Y is not assigned a helicopter
1581.53,315,evacuee,,Evacuee;365;in triage state;R;is at the evacuation site
1581.56,3,evacueeManager,,OFF SHIP: White;0;Green;273;Yellow;67;Red;9;Black;151;ON SHIP: White;0;Green;0;Yellow;0;Red;0;Evacuees to Transfer;
1581.56,871,evacuee,outES,Evacuee 172 in triage category Y is not assigned a helicopter
1581.56,871,evacuee,,Evacuee;172;in triage state;R;is at the evacuation site
1582.68,3,evacueeManager,,OFF SHIP: White;0;Green;273;Yellow;67;Red;8;Black;152;ON SHIP: White;0;Green;0;Yellow;0;Red;0;Evacuees to Transfer;
1582.68,330,evacuee,outES,Evacuee 317 in triage category R is not assigned a helicopter
1582.68,330,evacuee,,Evacuee;317;in triage state;B;is at the evacuation site
1586.08,3,evacueeManager,,OFF SHIP: White;0;Green;273;Yellow;66;Red;9;Black;152;ON SHIP: White;0;Green;0;Yellow;0;Red;0;Evacuees to Transfer;
1586.08,1308,evacuee,outES,Evacuee 169 in triage category Y is not assigned a helicopter
1586.08,1308,evacuee,,Evacuee;169;in triage state;R;is at the evacuation site
1587.54,3,evacueeManager,,OFF SHIP: White;0;Green;273;Yellow;66;Red;8;Black;153;ON SHIP: White;0;Green;0;Yellow;0;Red;0;Evacuees to Transfer;
1587.54,315,evacuee,outES,Evacuee 365 in triage category R is not assigned a helicopter
1587.54,315,evacuee,,Evacuee;365;in triage state;B;is at the evacuation site
1588.64,3,evacueeManager,,OFF SHIP: White;0;Green;272;Yellow;67;Red;8;Black;153;ON SHIP: White;0;Green;0;Yellow;0;Red;0;Evacuees to Transfer;
1588.64,1027,evacuee,outES,Evacuee 23 in triage category G is not assigned a helicopter
1588.64,1027,evacuee,,Evacuee;23;in triage state;Y;is at the evacuation site
1589.31,3,evacueeManager,,OFF SHIP: White;0;Green;272;Yellow;67;Red;7;Black;154;ON SHIP: White;0;Green;0;Yellow;0;Red;0;Evacuees to Transfer;
1589.31,54,evacuee,outES,Evacuee 472 in triage category R is not assigned a helicopter
1589.31,54,evacuee,,Evacuee;472;in triage state;B;is at the evacuation site
1594.84,3,evacueeManager,,OFF SHIP: White;0;Green;272;Yellow;67;Red;6;Black;155;ON SHIP: White;0;Green;0;Yellow;0;Red;0;Evacuees to Transfer;
1594.84,1148,evacuee,outES,Evacuee 56 in triage category R is not assigned a helicopter
1594.84,1148,evacuee,,Evacuee;56;in triage state;B;is at the evacuation site
1597.53,3,evacueeManager,,OFF SHIP: White;0;Green;271;Yellow;68;Red;6;Black;155;ON SHIP: White;0;Green;0;Yellow;0;Red;0;Evacuees to Transfer;
1597.53,1096,evacuee,outES,Evacuee 212 in triage category G is not assigned a helicopter
1597.53,1096,evacuee,,Evacuee;212;in triage state;Y;is at the evacuation site
1603.83,3,evacueeManager,,OFF SHIP: White;0;Green;271;Yellow;67;Red;7;Black;155;ON SHIP: White;0;Green;0;Yellow;0;Red;0;Evacuees to Transfer;
1603.83,1443,evacuee,outES,Evacuee 219 in triage category Y is not assigned a helicopter
1603.83,1443,evacuee,,Evacuee;219;in triage state;R;is at the evacuation site
1604.74,3,evacueeManager,,OFF SHIP: White;0;Green;271;Yellow;67;Red;6;Black;156;ON SHIP: White;0;Green;0;Yellow;0;Red;0;Evacuees to Transfer;
1604.74,1296,evacuee,outES,Evacuee 145 in triage category R is not assigned a helicopter
1604.74,1296,evacuee,,Evacuee;145;in triage state;B;is at the evacuation site
1606.73,3,evacueeManager,,OFF SHIP: White;0;Green;271;Yellow;66;Red;7;Black;156;ON SHIP: White;0;Green;0;Yellow;0;Red;0;Evacuees to Transfer;
1606.73,814,evacuee,outES,Evacuee 100 in triage category Y is not assigned a helicopter
1606.73,814,evacuee,,Evacuee;100;in triage state;R;is at the evacuation site
1617.74,3,evacueeManager,,OFF SHIP: White;0;Green;271;Yellow;66;Red;6;Black;157;ON SHIP: White;0;Green;0;Yellow;0;Red;0;Evacuees to Transfer;
1617.74,1308,evacuee,outES,Evacuee 169 in triage category R is not assigned a helicopter
1617.74,1308,evacuee,,Evacuee;169;in triage state;B;is at the evacuation site
1620.99,3,evacueeManager,,OFF SHIP: White;0;Green;271;Yellow;65;Red;7;Black;157;ON SHIP: White;0;Green;0;Yellow;0;Red;0;Evacuees to Transfer;
1620.99,1230,evacuee,outES,Evacuee 149 in triage category Y is not assigned a helicopter
1620.99,1230,evacuee,,Evacuee;149;in triage state;R;is at the evacuation site
1622.4,3,evacueeManager,,OFF SHIP: White;0;Green;271;Yellow;64;Red;8;Black;157;ON SHIP: White;0;Green;0;Yellow;0;Red;0;Evacuees to Transfer;
1622.4,1512,evacuee,outES,Evacuee 248 in triage category Y is not assigned a helicopter
1622.4,1512,evacuee,,Evacuee;248;in triage state;R;is at the evacuation site
1625.82,3,evacueeManager,,OFF SHIP: White;0;Green;271;Yellow;64;Red;7;Black;158;ON SHIP: White;0;Green;0;Yellow;0;Red;0;Evacuees to Transfer;
1625.82,886,evacuee,outES,Evacuee 368 in triage category R is not assigned a helicopter
1625.82,886,evacuee,,Evacuee;368;in triage state;B;is at the evacuation site
1626.2,3,evacueeManager,,OFF SHIP: White;0;Green;270;Yellow;65;Red;7;Black;158;ON SHIP: White;0;Green;0;Yellow;0;Red;0;Evacuees to Transfer;
1626.2,1169,evacuee,outES,Evacuee 45 in triage category G is not assigned a helicopter
1626.2,1169,evacuee,,Evacuee;45;in triage state;Y;is at the evacuation site
1627.46,3,evacueeManager,,OFF SHIP: White;0;Green;269;Yellow;66;Red;7;Black;158;ON SHIP: White;0;Green;0;Yellow;0;Red;0;Evacuees to Transfer;
1627.46,471,evacuee,outES,Evacuee 88 in triage category G is not assigned a helicopter
1627.46,471,evacuee,,Evacuee;88;in triage state;Y;is at the evacuation site
1629.24,3,evacueeManager,,OFF SHIP: White;0;Green;269;Yellow;66;Red;6;Black;159;ON SHIP: White;0;Green;0;Yellow;0;Red;0;Evacuees to Transfer;
1629.24,1512,evacuee,outES,Evacuee 248 in triage category R is not assigned a helicopter
1629.24,1512,evacuee,,Evacuee;248;in triage state;B;is at the evacuation site
1631.86,3,evacueeManager,,OFF SHIP: White;0;Green;269;Yellow;65;Red;7;Black;159;ON SHIP: White;0;Green;0;Yellow;0;Red;0;Evacuees to Transfer;
1631.86,57,evacuee,outES,Evacuee 471 in triage category Y is not assigned a helicopter
1631.86,57,evacuee,,Evacuee;471;in triage state;R;is at the evacuation site
1632.54,3,evacueeManager,,OFF SHIP: White;0;Green;269;Yellow;64;Red;8;Black;159;ON SHIP: White;0;Green;0;Yellow;0;Red;0;Evacuees to Transfer;
1632.54,733,evacuee,outES,Evacuee 15 in triage category Y is not assigned a helicopter
1632.54,733,evacuee,,Evacuee;15;in triage state;R;is at the evacuation site
1634.11,3,evacueeManager,,OFF SHIP: White;0;Green;269;Yellow;64;Red;7;Black;160;ON SHIP: White;0;Green;0;Yellow;0;Red;0;Evacuees to Transfer;
1634.11,814,evacuee,outES,Evacuee 100 in triage category R is not assigned a helicopter
1634.11,814,evacuee,,Evacuee;100;in triage state;B;is at the evacuation site
1635.5,3,evacueeManager,,OFF SHIP: White;0;Green;268;Yellow;65;Red;7;Black;160;ON SHIP: White;0;Green;0;Yellow;0;Red;0;Evacuees to Transfer;
1635.5,1518,evacuee,outES,Evacuee 298 in triage category G is not assigned a helicopter
1635.5,1518,evacuee,,Evacuee;298;in triage state;Y;is at the evacuation site
1638.07,3,evacueeManager,,OFF SHIP: White;0;Green;268;Yellow;65;Red;6;Black;161;ON SHIP: White;0;Green;0;Yellow;0;Red;0;Evacuees to Transfer;
1638.07,57,evacuee,outES,Evacuee 471 in triage category R is not assigned a helicopter
1638.07,57,evacuee,,Evacuee;471;in triage state;B;is at the evacuation site
1638.79,3,evacueeManager,,OFF SHIP: White;0;Green;268;Yellow;64;Red;7;Black;161;ON SHIP: White;0;Green;0;Yellow;0;Red;0;Evacuees to Transfer;
1638.79,1515,evacuee,outES,Evacuee 467 in triage category Y is not assigned a helicopter
1638.79,1515,evacuee,,Evacuee;467;in triage state;R;is at the evacuation site
1640.13,3,evacueeManager,,OFF SHIP: White;0;Green;268;Yellow;64;Red;6;Black;162;ON SHIP: White;0;Green;0;Yellow;0;Red;0;Evacuees to Transfer;
1640.13,1230,evacuee,outES,Evacuee 149 in triage category R is not assigned a helicopter
1640.13,1230,evacuee,,Evacuee;149;in triage state;B;is at the evacuation site
1644.15,3,evacueeManager,,OFF SHIP: White;0;Green;267;Yellow;65;Red;6;Black;162;ON SHIP: White;0;Green;0;Yellow;0;Red;0;Evacuees to Transfer;
1644.15,260,evacuee,outES,Evacuee 351 in triage category G is not assigned a helicopter
1644.15,260,evacuee,,Evacuee;351;in triage state;Y;is at the evacuation site
1645.32,3,evacueeManager,,OFF SHIP: White;0;Green;266;Yellow;66;Red;6;Black;162;ON SHIP: White;0;Green;0;Yellow;0;Red;0;Evacuees to Transfer;
1645.32,1380,evacuee,outES,Evacuee 450 in triage category G is not assigned a helicopter
1645.32,1380,evacuee,,Evacuee;450;in triage state;Y;is at the evacuation site
1646.87,3,evacueeManager,,OFF SHIP: White;0;Green;265;Yellow;67;Red;6;Black;162;ON SHIP: White;0;Green;0;Yellow;0;Red;0;Evacuees to Transfer;
1646.87,958,evacuee,outES,Evacuee 241 in triage category G is not assigned a helicopter
1646.87,958,evacuee,,Evacuee;241;in triage state;Y;is at the evacuation site
1647.6,3,evacueeManager,,OFF SHIP: White;0;Green;265;Yellow;66;Red;7;Black;162;ON SHIP: White;0;Green;0;Yellow;0;Red;0;Evacuees to Transfer;
1647.6,254,evacuee,outES,Evacuee 354 in triage category Y is not assigned a helicopter
1647.6,254,evacuee,,Evacuee;354;in triage state;R;is at the evacuation site
1650.38,3,evacueeManager,,OFF SHIP: White;0;Green;265;Yellow;65;Red;8;Black;162;ON SHIP: White;0;Green;0;Yellow;0;Red;0;Evacuees to Transfer;
1650.38,1027,evacuee,outES,Evacuee 23 in triage category Y is not assigned a helicopter
1650.38,1027,evacuee,,Evacuee;23;in triage state;R;is at the evacuation site
1653.21,3,evacueeManager,,OFF SHIP: White;0;Green;264;Yellow;66;Red;8;Black;162;ON SHIP: White;0;Green;0;Yellow;0;Red;0;Evacuees to Transfer;
1653.21,333,evacuee,outES,Evacuee 460 in triage category G is not assigned a helicopter
1653.21,333,evacuee,,Evacuee;460;in triage state;Y;is at the evacuation site
1656.24,3,evacueeManager,,OFF SHIP: White;0;Green;263;Yellow;67;Red;8;Black;162;ON SHIP: White;0;Green;0;Yellow;0;Red;0;Evacuees to Transfer;
1656.24,1311,evacuee,outES,Evacuee 170 in triage category G is not assigned a helicopter
1656.24,1311,evacuee,,Evacuee;170;in triage state;Y;is at the evacuation site
1662.17,3,evacueeManager,,OFF SHIP: White;0;Green;263;Yellow;66;Red;9;Black;162;ON SHIP: White;0;Green;0;Yellow;0;Red;0;Evacuees to Transfer;
1662.17,745,evacuee,outES,Evacuee 179 in triage category Y is not assigned a helicopter
1662.17,745,evacuee,,Evacuee;179;in triage state;R;is at the evacuation site
1674.08,3,evacueeManager,,OFF SHIP: White;0;Green;262;Yellow;67;Red;9;Black;162;ON SHIP: White;0;Green;0;Yellow;0;Red;0;Evacuees to Transfer;
1674.08,130,evacuee,outES,Evacuee 419 in triage category G is not assigned a helicopter
1674.08,130,evacuee,,Evacuee;419;in triage state;Y;is at the evacuation site
1674.37,3,evacueeManager,,OFF SHIP: White;0;Green;261;Yellow;68;Red;9;Black;162;ON SHIP: White;0;Green;0;Yellow;0;Red;0;Evacuees to Transfer;
1674.37,402,evacuee,outES,Evacuee 284 in triage category G is not assigned a helicopter
1674.37,402,evacuee,,Evacuee;284;in triage state;Y;is at the evacuation site
1674.47,3,evacueeManager,,OFF SHIP: White;0;Green;260;Yellow;69;Red;9;Black;162;ON SHIP: White;0;Green;0;Yellow;0;Red;0;Evacuees to Transfer;
1674.47,1449,evacuee,outES,Evacuee 224 in triage category G is not assigned a helicopter
1674.47,1449,evacuee,,Evacuee;224;in triage state;Y;is at the evacuation site
1675.26,3,evacueeManager,,OFF SHIP: White;0;Green;259;Yellow;70;Red;9;Black;162;ON SHIP: White;0;Green;0;Yellow;0;Red;0;Evacuees to Transfer;
1675.26,1242,evacuee,outES,Evacuee 152 in triage category G is not assigned a helicopter
1675.26,1242,evacuee,,Evacuee;152;in triage state;Y;is at the evacuation site
1677.79,3,evacueeManager,,OFF SHIP: White;0;Green;259;Yellow;69;Red;10;Black;162;ON SHIP: White;0;Green;0;Yellow;0;Red;0;Evacuees to Transfer;
1677.79,1494,evacuee,outES,Evacuee 239 in triage category Y is not assigned a helicopter
1677.79,1494,evacuee,,Evacuee;239;in triage state;R;is at the evacuation site
1677.82,3,evacueeManager,,OFF SHIP: White;0;Green;259;Yellow;68;Red;11;Black;162;ON SHIP: White;0;Green;0;Yellow;0;Red;0;Evacuees to Transfer;
1677.82,670,evacuee,outES,Evacuee 78 in triage category Y is not assigned a helicopter
1677.82,670,evacuee,,Evacuee;78;in triage state;R;is at the evacuation site
1677.94,3,evacueeManager,,OFF SHIP: White;0;Green;259;Yellow;67;Red;12;Black;162;ON SHIP: White;0;Green;0;Yellow;0;Red;0;Evacuees to Transfer;
1677.94,1024,evacuee,outES,Evacuee 355 in triage category Y is not assigned a helicopter
1677.94,1024,evacuee,,Evacuee;355;in triage state;R;is at the evacuation site
1679.19,3,evacueeManager,,OFF SHIP: White;0;Green;258;Yellow;68;Red;12;Black;162;ON SHIP: White;0;Green;0;Yellow;0;Red;0;Evacuees to Transfer;
1679.19,190,evacuee,outES,Evacuee 383 in triage category G is not assigned a helicopter
1679.19,190,evacuee,,Evacuee;383;in triage state;Y;is at the evacuation site
1680.87,3,evacueeManager,,OFF SHIP: White;0;Green;257;Yellow;69;Red;12;Black;162;ON SHIP: White;0;Green;0;Yellow;0;Red;0;Evacuees to Transfer;
1680.87,820,evacuee,outES,Evacuee 158 in triage category G is not assigned a helicopter
1680.87,820,evacuee,,Evacuee;158;in triage state;Y;is at the evacuation site
1690.05,3,evacueeManager,,OFF SHIP: White;0;Green;256;Yellow;70;Red;12;Black;162;ON SHIP: White;0;Green;0;Yellow;0;Red;0;Evacuees to Transfer;
1690.05,889,evacuee,outES,Evacuee 4 in triage category G is not assigned a helicopter
1690.05,889,evacuee,,Evacuee;4;in triage state;Y;is at the evacuation site
1699.71,3,evacueeManager,,OFF SHIP: White;0;Green;256;Yellow;70;Red;11;Black;163;ON SHIP: White;0;Green;0;Yellow;0;Red;0;Evacuees to Transfer;
1699.71,1494,evacuee,outES,Evacuee 239 in triage category R is not assigned a helicopter
1699.71,1494,evacuee,,Evacuee;239;in triage state;B;is at the evacuation site
1700.84,3,evacueeManager,,OFF SHIP: White;0;Green;255;Yellow;71;Red;11;Black;163;ON SHIP: White;0;Green;0;Yellow;0;Red;0;Evacuees to Transfer;
1700.84,540,evacuee,outES,Evacuee 373 in triage category G is not assigned a helicopter
1700.84,540,evacuee,,Evacuee;373;in triage state;Y;is at the evacuation site
1701.1,3,evacueeManager,,OFF SHIP: White;0;Green;255;Yellow;70;Red;12;Black;163;ON SHIP: White;0;Green;0;Yellow;0;Red;0;Evacuees to Transfer;
1701.1,260,evacuee,outES,Evacuee 351 in triage category Y is not assigned a helicopter
1701.1,260,evacuee,,Evacuee;351;in triage state;R;is at the evacuation site
1702.86,3,evacueeManager,,OFF SHIP: White;0;Green;255;Yellow;69;Red;13;Black;163;ON SHIP: White;0;Green;0;Yellow;0;Red;0;Evacuees to Transfer;
1702.86,257,evacuee,outES,Evacuee 353 in triage category Y is not assigned a helicopter
1702.86,257,evacuee,,Evacuee;353;in triage state;R;is at the evacuation site
1703.03,3,evacueeManager,,OFF SHIP: White;0;Green;254;Yellow;70;Red;13;Black;163;ON SHIP: White;0;Green;0;Yellow;0;Red;0;Evacuees to Transfer;
1703.03,682,evacuee,outES,Evacuee 156 in triage category G is not assigned a helicopter
1703.03,682,evacuee,,Evacuee;156;in triage state;Y;is at the evacuation site
1705.23,3,evacueeManager,,OFF SHIP: White;0;Green;254;Yellow;70;Red;12;Black;164;ON SHIP: White;0;Green;0;Yellow;0;Red;0;Evacuees to Transfer;
1705.23,733,evacuee,outES,Evacuee 15 in triage category R is not assigned a helicopter
1705.23,733,evacuee,,Evacuee;15;in triage state;B;is at the evacuation site
1716.37,3,evacueeManager,,OFF SHIP: White;0;Green;253;Yellow;71;Red;12;Black;164;ON SHIP: White;0;Green;0;Yellow;0;Red;0;Evacuees to Transfer;
1716.37,751,evacuee,outES,Evacuee 65 in triage category G is not assigned a helicopter
1716.37,751,evacuee,,Evacuee;65;in triage state;Y;is at the evacuation site
1728.85,3,evacueeManager,,OFF SHIP: White;0;Green;253;Yellow;70;Red;13;Black;164;ON SHIP: White;0;Green;0;Yellow;0;Red;0;Evacuees to Transfer;
1728.85,1163,evacuee,outES,Evacuee 231 in triage category Y is not assigned a helicopter
1728.85,1163,evacuee,,Evacuee;231;in triage state;R;is at the evacuation site
1746.59,3,evacueeManager,,OFF SHIP: White;0;Green;253;Yellow;69;Red;14;Black;164;ON SHIP: White;0;Green;0;Yellow;0;Red;0;Evacuees to Transfer;
1746.59,1242,evacuee,outES,Evacuee 152 in triage category Y is not assigned a helicopter
1746.59,1242,evacuee,,Evacuee;152;in triage state;R;is at the evacuation site
1748.18,3,evacueeManager,,OFF SHIP: White;0;Green;253;Yellow;69;Red;13;Black;165;ON SHIP: White;0;Green;0;Yellow;0;Red;0;Evacuees to Transfer;
1748.18,1027,evacuee,outES,Evacuee 23 in triage category R is not assigned a helicopter
1748.18,1027,evacuee,,Evacuee;23;in triage state;B;is at the evacuation site
1751.19,3,evacueeManager,,OFF SHIP: White;0;Green;252;Yellow;70;Red;13;Black;165;ON SHIP: White;0;Green;0;Yellow;0;Red;0;Evacuees to Transfer;
1751.19,613,evacuee,outES,Evacuee 361 in triage category G is not assigned a helicopter
1751.19,613,evacuee,,Evacuee;361;in triage state;Y;is at the evacuation site
1754.73,3,evacueeManager,,OFF SHIP: White;0;Green;252;Yellow;70;Red;12;Black;166;ON SHIP: White;0;Green;0;Yellow;0;Red;0;Evacuees to Transfer;
1754.73,871,evacuee,outES,Evacuee 172 in triage category R is not assigned a helicopter
1754.73,871,evacuee,,Evacuee;172;in triage state;B;is at the evacuation site
1756.88,3,evacueeManager,,OFF SHIP: White;0;Green;252;Yellow;69;Red;13;Black;166;ON SHIP: White;0;Green;0;Yellow;0;Red;0;Evacuees to Transfer;
1756.88,333,evacuee,outES,Evacuee 460 in triage category Y is not assigned a helicopter
1756.88,333,evacuee,,Evacuee;460;in triage state;R;is at the evacuation site
1770.32,3,evacueeManager,,OFF SHIP: White;0;Green;252;Yellow;69;Red;12;Black;167;ON SHIP: White;0;Green;0;Yellow;0;Red;0;Evacuees to Transfer;
1770.32,257,evacuee,outES,Evacuee 353 in triage category R is not assigned a helicopter
1770.32,257,evacuee,,Evacuee;353;in triage state;B;is at the evacuation site
1774.88,3,evacueeManager,,OFF SHIP: White;0;Green;252;Yellow;68;Red;13;Black;167;ON SHIP: White;0;Green;0;Yellow;0;Red;0;Evacuees to Transfer;
1774.88,190,evacuee,outES,Evacuee 383 in triage category Y is not assigned a helicopter
1774.88,190,evacuee,,Evacuee;383;in triage state;R;is at the evacuation site
1778.11,3,evacueeManager,,OFF SHIP: White;0;Green;252;Yellow;67;Red;14;Black;167;ON SHIP: White;0;Green;0;Yellow;0;Red;0;Evacuees to Transfer;
1778.11,1236,evacuee,outES,Evacuee 151 in triage category Y is not assigned a helicopter
1778.11,1236,evacuee,,Evacuee;151;in triage state;R;is at the evacuation site
1779.38,3,evacueeManager,,OFF SHIP: White;0;Green;252;Yellow;67;Red;13;Black;168;ON SHIP: White;0;Green;0;Yellow;0;Red;0;Evacuees to Transfer;
1779.38,1163,evacuee,outES,Evacuee 231 in triage category R is not assigned a helicopter
1779.38,1163,evacuee,,Evacuee;231;in triage state;B;is at the evacuation site
1785.03,3,evacueeManager,,OFF SHIP: White;0;Green;252;Yellow;66;Red;14;Black;168;ON SHIP: White;0;Green;0;Yellow;0;Red;0;Evacuees to Transfer;
1785.03,187,evacuee,outES,Evacuee 430 in triage category Y is not assigned a helicopter
1785.03,187,evacuee,,Evacuee;430;in triage state;R;is at the evacuation site
1785.71,3,evacueeManager,,OFF SHIP: White;0;Green;252;Yellow;66;Red;13;Black;169;ON SHIP: White;0;Green;0;Yellow;0;Red;0;Evacuees to Transfer;
1785.71,190,evacuee,outES,Evacuee 383 in triage category R is not assigned a helicopter
1785.71,190,evacuee,,Evacuee;383;in triage state;B;is at the evacuation site
1786.09,3,evacueeManager,,OFF SHIP: White;0;Green;252;Yellow;65;Red;14;Black;169;ON SHIP: White;0;Green;0;Yellow;0;Red;0;Evacuees to Transfer;
1786.09,1093,evacuee,outES,Evacuee 307 in triage category Y is not assigned a helicopter
1786.09,1093,evacuee,,Evacuee;307;in triage state;R;is at the evacuation site
1786.54,3,evacueeManager,,OFF SHIP: White;0;Green;252;Yellow;64;Red;15;Black;169;ON SHIP: White;0;Green;0;Yellow;0;Red;0;Evacuees to Transfer;
1786.54,233,evacuee,outES,Evacuee 457 in triage category Y is not assigned a helicopter
1786.54,233,evacuee,,Evacuee;457;in triage state;R;is at the evacuation site
1791.01,3,evacueeManager,,OFF SHIP: White;0;Green;252;Yellow;64;Red;14;Black;170;ON SHIP: White;0;Green;0;Yellow;0;Red;0;Evacuees to Transfer;
1791.01,333,evacuee,outES,Evacuee 460 in triage category R is not assigned a helicopter
1791.01,333,evacuee,,Evacuee;460;in triage state;B;is at the evacuation site
1791.66,3,evacueeManager,,OFF SHIP: White;0;Green;252;Yellow;64;Red;13;Black;171;ON SHIP: White;0;Green;0;Yellow;0;Red;0;Evacuees to Transfer;
1791.66,1515,evacuee,outES,Evacuee 467 in triage category R is not assigned a helicopter
1791.66,1515,evacuee,,Evacuee;467;in triage state;B;is at the evacuation site
1795.26,3,evacueeManager,,OFF SHIP: White;0;Green;252;Yellow;63;Red;14;Black;171;ON SHIP: White;0;Green;0;Yellow;0;Red;0;Evacuees to Transfer;
1795.26,1446,evacuee,outES,Evacuee 221 in triage category Y is not assigned a helicopter
1795.26,1446,evacuee,,Evacuee;221;in triage state;R;is at the evacuation site
1802.12,3,evacueeManager,,OFF SHIP: White;0;Green;252;Yellow;62;Red;15;Black;171;ON SHIP: White;0;Green;0;Yellow;0;Red;0;Evacuees to Transfer;
1802.12,610,evacuee,outES,Evacuee 447 in triage category Y is not assigned a helicopter
1802.12,610,evacuee,,Evacuee;447;in triage state;R;is at the evacuation site
1803.83,3,evacueeManager,,OFF SHIP: White;0;Green;252;Yellow;61;Red;16;Black;171;ON SHIP: White;0;Green;0;Yellow;0;Red;0;Evacuees to Transfer;
1803.83,1311,evacuee,outES,Evacuee 170 in triage category Y is not assigned a helicopter
1803.83,1311,evacuee,,Evacuee;170;in triage state;R;is at the evacuation site
1803.88,3,evacueeManager,,OFF SHIP: White;0;Green;251;Yellow;62;Red;16;Black;171;ON SHIP: White;0;Green;0;Yellow;0;Red;0;Evacuees to Transfer;
1803.88,1030,evacuee,outES,Evacuee 200 in triage category G is not assigned a helicopter
1803.88,1030,evacuee,,Evacuee;200;in triage state;Y;is at the evacuation site
1803.89,3,evacueeManager,,OFF SHIP: White;0;Green;251;Yellow;62;Red;15;Black;172;ON SHIP: White;0;Green;0;Yellow;0;Red;0;Evacuees to Transfer;
1803.89,1024,evacuee,outES,Evacuee 355 in triage category R is not assigned a helicopter
1803.89,1024,evacuee,,Evacuee;355;in triage state;B;is at the evacuation site
1804.91,3,evacueeManager,,OFF SHIP: White;0;Green;250;Yellow;63;Red;15;Black;172;ON SHIP: White;0;Green;0;Yellow;0;Red;0;Evacuees to Transfer;
1804.91,60,evacuee,outES,Evacuee 468 in triage category G is not assigned a helicopter
1804.91,60,evacuee,,Evacuee;468;in triage state;Y;is at the evacuation site
1810.51,3,evacueeManager,,OFF SHIP: White;0;Green;250;Yellow;63;Red;14;Black;173;ON SHIP: White;0;Green;0;Yellow;0;Red;0;Evacuees to Transfer;
1810.51,1242,evacuee,outES,Evacuee 152 in triage category R is not assigned a helicopter
1810.51,1242,evacuee,,Evacuee;152;in triage state;B;is at the evacuation site
1812.68,3,evacueeManager,,OFF SHIP: White;0;Green;250;Yellow;63;Red;13;Black;174;ON SHIP: White;0;Green;0;Yellow;0;Red;0;Evacuees to Transfer;
1812.68,1446,evacuee,outES,Evacuee 221 in triage category R is not assigned a helicopter
1812.68,1446,evacuee,,Evacuee;221;in triage state;B;is at the evacuation site
1814.67,3,evacueeManager,,OFF SHIP: White;0;Green;250;Yellow;63;Red;12;Black;175;ON SHIP: White;0;Green;0;Yellow;0;Red;0;Evacuees to Transfer;
1814.67,670,evacuee,outES,Evacuee 78 in triage category R is not assigned a helicopter
1814.67,670,evacuee,,Evacuee;78;in triage state;B;is at the evacuation site
1817.7,3,evacueeManager,,OFF SHIP: White;0;Green;249;Yellow;64;Red;12;Black;175;ON SHIP: White;0;Green;0;Yellow;0;Red;0;Evacuees to Transfer;
1817.7,1099,evacuee,outES,Evacuee 391 in triage category G is not assigned a helicopter
1817.7,1099,evacuee,,Evacuee;391;in triage state;Y;is at the evacuation site
1824.55,3,evacueeManager,,OFF SHIP: White;0;Green;249;Yellow;63;Red;13;Black;175;ON SHIP: White;0;Green;0;Yellow;0;Red;0;Evacuees to Transfer;
1824.55,1018,evacuee,outES,Evacuee 53 in triage category Y is not assigned a helicopter
1824.55,1018,evacuee,,Evacuee;53;in triage state;R;is at the evacuation site
1829.29,3,evacueeManager,,OFF SHIP: White;0;Green;249;Yellow;63;Red;12;Black;176;ON SHIP: White;0;Green;0;Yellow;0;Red;0;Evacuees to Transfer;
1829.29,233,evacuee,outES,Evacuee 457 in triage category R is not assigned a helicopter
1829.29,233,evacuee,,Evacuee;457;in triage state;B;is at the evacuation site
1830.75,3,evacueeManager,,OFF SHIP: White;0;Green;249;Yellow;63;Red;11;Black;177;ON SHIP: White;0;Green;0;Yellow;0;Red;0;Evacuees to Transfer;
1830.75,1236,evacuee,outES,Evacuee 151 in triage category R is not assigned a helicopter
1830.75,1236,evacuee,,Evacuee;151;in triage state;B;is at the evacuation site
1838.58,3,evacueeManager,,OFF SHIP: White;0;Green;249;Yellow;62;Red;12;Black;177;ON SHIP: White;0;Green;0;Yellow;0;Red;0;Evacuees to Transfer;
1838.58,751,evacuee,outES,Evacuee 65 in triage category Y is not assigned a helicopter
1838.58,751,evacuee,,Evacuee;65;in triage state;R;is at the evacuation site
1839.9,3,evacueeManager,,OFF SHIP: White;0;Green;249;Yellow;61;Red;13;Black;177;ON SHIP: White;0;Green;0;Yellow;0;Red;0;Evacuees to Transfer;
1839.9,471,evacuee,outES,Evacuee 88 in triage category Y is not assigned a helicopter
1839.9,471,evacuee,,Evacuee;88;in triage state;R;is at the evacuation site
1844.11,3,evacueeManager,,OFF SHIP: White;0;Green;249;Yellow;61;Red;12;Black;178;ON SHIP: White;0;Green;0;Yellow;0;Red;0;Evacuees to Transfer;
1844.11,1018,evacuee,outES,Evacuee 53 in triage category R is not assigned a helicopter
1844.11,1018,evacuee,,Evacuee;53;in triage state;B;is at the evacuation site
1847.08,3,evacueeManager,,OFF SHIP: White;0;Green;249;Yellow;61;Red;11;Black;179;ON SHIP: White;0;Green;0;Yellow;0;Red;0;Evacuees to Transfer;
1847.08,880,evacuee,outES,Evacuee 82 in triage category R is not assigned a helicopter
1847.08,880,evacuee,,Evacuee;82;in triage state;B;is at the evacuation site
1848.08,3,evacueeManager,,OFF SHIP: White;0;Green;249;Yellow;61;Red;10;Black;180;ON SHIP: White;0;Green;0;Yellow;0;Red;0;Evacuees to Transfer;
1848.08,1434,evacuee,outES,Evacuee 214 in triage category R is not assigned a helicopter
1848.08,1434,evacuee,,Evacuee;214;in triage state;B;is at the evacuation site
1848.53,3,evacueeManager,,OFF SHIP: White;0;Green;249;Yellow;61;Red;9;Black;181;ON SHIP: White;0;Green;0;Yellow;0;Red;0;Evacuees to Transfer;
1848.53,254,evacuee,outES,Evacuee 354 in triage category R is not assigned a helicopter
1848.53,254,evacuee,,Evacuee;354;in triage state;B;is at the evacuation site
1851.93,3,evacueeManager,,OFF SHIP: White;0;Green;249;Yellow;60;Red;10;Black;181;ON SHIP: White;0;Green;0;Yellow;0;Red;0;Evacuees to Transfer;
1851.93,1518,evacuee,outES,Evacuee 298 in triage category Y is not assigned a helicopter
1851.93,1518,evacuee,,Evacuee;298;in triage state;R;is at the evacuation site
1854.3,3,evacueeManager,,OFF SHIP: White;0;Green;248;Yellow;61;Red;10;Black;181;ON SHIP: White;0;Green;0;Yellow;0;Red;0;Evacuees to Transfer;
1854.3,474,evacuee,outES,Evacuee 449 in triage category G is not assigned a helicopter
1854.3,474,evacuee,,Evacuee;449;in triage state;Y;is at the evacuation site
1858.7,3,evacueeManager,,OFF SHIP: White;0;Green;247;Yellow;62;Red;10;Black;181;ON SHIP: White;0;Green;0;Yellow;0;Red;0;Evacuees to Transfer;
1858.7,1521,evacuee,outES,Evacuee 254 in triage category G is not assigned a helicopter
1858.7,1521,evacuee,,Evacuee;254;in triage state;Y;is at the evacuation site
1870.99,3,evacueeManager,,OFF SHIP: White;0;Green;246;Yellow;63;Red;10;Black;181;ON SHIP: White;0;Green;0;Yellow;0;Red;0;Evacuees to Transfer;
1870.99,961,evacuee,outES,Evacuee 418 in triage category G is not assigned a helicopter
1870.99,961,evacuee,,Evacuee;418;in triage state;Y;is at the evacuation site
1873.63,3,evacueeManager,,OFF SHIP: White;0;Green;245;Yellow;64;Red;10;Black;181;ON SHIP: White;0;Green;0;Yellow;0;Red;0;Evacuees to Transfer;
1873.63,1383,evacuee,outES,Evacuee 252 in triage category G is not assigned a helicopter
1873.63,1383,evacuee,,Evacuee;252;in triage state;Y;is at the evacuation site
1876.68,3,evacueeManager,,OFF SHIP: White;0;Green;244;Yellow;65;Red;10;Black;181;ON SHIP: White;0;Green;0;Yellow;0;Red;0;Evacuees to Transfer;
1876.68,263,evacuee,outES,Evacuee 349 in triage category G is not assigned a helicopter
1876.68,263,evacuee,,Evacuee;349;in triage state;Y;is at the evacuation site
1880.13,3,evacueeManager,,OFF SHIP: White;0;Green;244;Yellow;64;Red;11;Black;181;ON SHIP: White;0;Green;0;Yellow;0;Red;0;Evacuees to Transfer;
1880.13,263,evacuee,outES,Evacuee 349 in triage category Y is not assigned a helicopter
1880.13,263,evacuee,,Evacuee;349;in triage state;R;is at the evacuation site
1881.12,3,evacueeManager,,OFF SHIP: White;0;Green;243;Yellow;65;Red;11;Black;181;ON SHIP: White;0;Green;0;Yellow;0;Red;0;Evacuees to Transfer;
1881.12,1314,evacuee,outES,Evacuee 171 in triage category G is not assigned a helicopter
1881.12,1314,evacuee,,Evacuee;171;in triage state;Y;is at the evacuation site
1892.35,3,evacueeManager,,OFF SHIP: White;0;Green;243;Yellow;64;Red;12;Black;181;ON SHIP: White;0;Green;0;Yellow;0;Red;0;Evacuees to Transfer;
1892.35,811,evacuee,outES,Evacuee 268 in triage category Y is not assigned a helicopter
1892.35,811,evacuee,,Evacuee;268;in triage state;R;is at the evacuation site
1895.53,3,evacueeManager,,OFF SHIP: White;0;Green;243;Yellow;63;Red;13;Black;181;ON SHIP: White;0;Green;0;Yellow;0;Red;0;Evacuees to Transfer;
1895.53,883,evacuee,outES,Evacuee 54 in triage category Y is not assigned a helicopter
1895.53,883,evacuee,,Evacuee;54;in triage state;R;is at the evacuation site
1896.16,3,evacueeManager,,OFF SHIP: White;0;Green;242;Yellow;64;Red;13;Black;181;ON SHIP: White;0;Green;0;Yellow;0;Red;0;Evacuees to Transfer;
1896.16,1176,evacuee,outES,Evacuee 263 in triage category G is not assigned a helicopter
1896.16,1176,evacuee,,Evacuee;263;in triage state;Y;is at the evacuation site
1897.44,3,evacueeManager,,OFF SHIP: White;0;Green;242;Yellow;64;Red;12;Black;182;ON SHIP: White;0;Green;0;Yellow;0;Red;0;Evacuees to Transfer;
1897.44,1518,evacuee,outES,Evacuee 298 in triage category R is not assigned a helicopter
1897.44,1518,evacuee,,Evacuee;298;in triage state;B;is at the evacuation site
1900.41,3,evacueeManager,,OFF SHIP: White;0;Green;241;Yellow;65;Red;12;Black;182;ON SHIP: White;0;Green;0;Yellow;0;Red;0;Evacuees to Transfer;
1900.41,133,evacuee,outES,Evacuee 414 in triage category G is not assigned a helicopter
1900.41,133,evacuee,,Evacuee;414;in triage state;Y;is at the evacuation site
1900.83,3,evacueeManager,,OFF SHIP: White;0;Green;240;Yellow;66;Red;12;Black;182;ON SHIP: White;0;Green;0;Yellow;0;Red;0;Evacuees to Transfer;
1900.83,1452,evacuee,outES,Evacuee 339 in triage category G is not assigned a helicopter
1900.83,1452,evacuee,,Evacuee;339;in triage state;Y;is at the evacuation site
1901.69,3,evacueeManager,,OFF SHIP: White;0;Green;239;Yellow;67;Red;12;Black;182;ON SHIP: White;0;Green;0;Yellow;0;Red;0;Evacuees to Transfer;
1901.69,1245,evacuee,outES,Evacuee 153 in triage category G is not assigned a helicopter
1901.69,1245,evacuee,,Evacuee;153;in triage state;Y;is at the evacuation site
1906.07,3,evacueeManager,,OFF SHIP: White;0;Green;239;Yellow;67;Red;11;Black;183;ON SHIP: White;0;Green;0;Yellow;0;Red;0;Evacuees to Transfer;
1906.07,187,evacuee,outES,Evacuee 430 in triage category R is not assigned a helicopter
1906.07,187,evacuee,,Evacuee;430;in triage state;B;is at the evacuation site
1908.1,3,evacueeManager,,OFF SHIP: White;0;Green;239;Yellow;66;Red;12;Black;183;ON SHIP: White;0;Green;0;Yellow;0;Red;0;Evacuees to Transfer;
1908.1,952,evacuee,outES,Evacuee 26 in triage category Y is not assigned a helicopter
1908.1,952,evacuee,,Evacuee;26;in triage state;R;is at the evacuation site
1908.15,3,evacueeManager,,OFF SHIP: White;0;Green;239;Yellow;66;Red;11;Black;184;ON SHIP: White;0;Green;0;Yellow;0;Red;0;Evacuees to Transfer;
1908.15,1093,evacuee,outES,Evacuee 307 in triage category R is not assigned a helicopter
1908.15,1093,evacuee,,Evacuee;307;in triage state;B;is at the evacuation site
1909.46,3,evacueeManager,,OFF SHIP: White;0;Green;238;Yellow;67;Red;11;Black;184;ON SHIP: White;0;Green;0;Yellow;0;Red;0;Evacuees to Transfer;
1909.46,405,evacuee,outES,Evacuee 283 in triage category G is not assigned a helicopter
1909.46,405,evacuee,,Evacuee;283;in triage state;Y;is at the evacuation site
1916.51,3,evacueeManager,,OFF SHIP: White;0;Green;237;Yellow;68;Red;11;Black;184;ON SHIP: White;0;Green;0;Yellow;0;Red;0;Evacuees to Transfer;
1916.51,823,evacuee,outES,Evacuee 187 in triage category G is not assigned a helicopter
1916.51,823,evacuee,,Evacuee;187;in triage state;Y;is at the evacuation site
1917.05,3,evacueeManager,,OFF SHIP: White;0;Green;236;Yellow;69;Red;11;Black;184;ON SHIP: White;0;Green;0;Yellow;0;Red;0;Evacuees to Transfer;
1917.05,336,evacuee,outES,Evacuee 316 in triage category G is not assigned a helicopter
1917.05,336,evacuee,,Evacuee;316;in triage state;Y;is at the evacuation site
1917.59,3,evacueeManager,,OFF SHIP: White;0;Green;236;Yellow;68;Red;12;Black;184;ON SHIP: White;0;Green;0;Yellow;0;Red;0;Evacuees to Transfer;
1917.59,1157,evacuee,outES,Evacuee 208 in triage category Y is not assigned a helicopter
1917.59,1157,evacuee,,Evacuee;208;in triage state;R;is at the evacuation site
1919.17,3,evacueeManager,,OFF SHIP: White;0;Green;236;Yellow;68;Red;11;Black;185;ON SHIP: White;0;Green;0;Yellow;0;Red;0;Evacuees to Transfer;
1919.17,883,evacuee,outES,Evacuee 54 in triage category R is not assigned a helicopter
1919.17,883,evacuee,,Evacuee;54;in triage state;B;is at the evacuation site
1919.4,3,evacueeManager,,OFF SHIP: White;0;Green;236;Yellow;68;Red;10;Black;186;ON SHIP: White;0;Green;0;Yellow;0;Red;0;Evacuees to Transfer;
1919.4,745,evacuee,outES,Evacuee 179 in triage category R is not assigned a helicopter
1919.4,745,evacuee,,Evacuee;179;in triage state;B;is at the evacuation site
1922.08,3,evacueeManager,,OFF SHIP: White;0;Green;235;Yellow;69;Red;10;Black;186;ON SHIP: White;0;Green;0;Yellow;0;Red;0;Evacuees to Transfer;
1922.08,892,evacuee,outES,Evacuee 18 in triage category G is not assigned a helicopter
1922.08,892,evacuee,,Evacuee;18;in triage state;Y;is at the evacuation site
1923.13,3,evacueeManager,,OFF SHIP: White;0;Green;235;Yellow;69;Red;9;Black;187;ON SHIP: White;0;Green;0;Yellow;0;Red;0;Evacuees to Transfer;
1923.13,751,evacuee,outES,Evacuee 65 in triage category R is not assigned a helicopter
1923.13,751,evacuee,,Evacuee;65;in triage state;B;is at the evacuation site
1924.16,3,evacueeManager,,OFF SHIP: White;0;Green;235;Yellow;69;Red;8;Black;188;ON SHIP: White;0;Green;0;Yellow;0;Red;0;Evacuees to Transfer;
1924.16,811,evacuee,outES,Evacuee 268 in triage category R is not assigned a helicopter
1924.16,811,evacuee,,Evacuee;268;in triage state;B;is at the evacuation site
1925.08,3,evacueeManager,,OFF SHIP: White;0;Green;235;Yellow;68;Red;9;Black;188;ON SHIP: White;0;Green;0;Yellow;0;Red;0;Evacuees to Transfer;
1925.08,1365,evacuee,outES,Evacuee 249 in triage category Y is not assigned a helicopter
1925.08,1365,evacuee,,Evacuee;249;in triage state;R;is at the evacuation site
1925.27,3,evacueeManager,,OFF SHIP: White;0;Green;235;Yellow;68;Red;8;Black;189;ON SHIP: White;0;Green;0;Yellow;0;Red;0;Evacuees to Transfer;
1925.27,952,evacuee,outES,Evacuee 26 in triage category R is not assigned a helicopter
1925.27,952,evacuee,,Evacuee;26;in triage state;B;is at the evacuation site
1938.2,3,evacueeManager,,OFF SHIP: White;0;Green;234;Yellow;69;Red;8;Black;189;ON SHIP: White;0;Green;0;Yellow;0;Red;0;Evacuees to Transfer;
1938.2,543,evacuee,outES,Evacuee 358 in triage category G is not assigned a helicopter
1938.2,543,evacuee,,Evacuee;358;in triage state;Y;is at the evacuation site
1941.94,3,evacueeManager,,OFF SHIP: White;0;Green;234;Yellow;68;Red;9;Black;189;ON SHIP: White;0;Green;0;Yellow;0;Red;0;Evacuees to Transfer;
1941.94,133,evacuee,outES,Evacuee 414 in triage category Y is not assigned a helicopter
1941.94,133,evacuee,,Evacuee;414;in triage state;R;is at the evacuation site
1943.19,3,evacueeManager,,OFF SHIP: White;0;Green;234;Yellow;68;Red;8;Black;190;ON SHIP: White;0;Green;0;Yellow;0;Red;0;Evacuees to Transfer;
1943.19,1311,evacuee,outES,Evacuee 170 in triage category R is not assigned a helicopter
1943.19,1311,evacuee,,Evacuee;170;in triage state;B;is at the evacuation site
1945.59,3,evacueeManager,,OFF SHIP: White;0;Green;234;Yellow;67;Red;9;Black;190;ON SHIP: White;0;Green;0;Yellow;0;Red;0;Evacuees to Transfer;
1945.59,387,evacuee,outES,Evacuee 350 in triage category Y is not assigned a helicopter
1945.59,387,evacuee,,Evacuee;350;in triage state;R;is at the evacuation site
1946.18,3,evacueeManager,,OFF SHIP: White;0;Green;233;Yellow;68;Red;9;Black;190;ON SHIP: White;0;Green;0;Yellow;0;Red;0;Evacuees to Transfer;
1946.18,754,evacuee,outES,Evacuee 14 in triage category G is not assigned a helicopter
1946.18,754,evacuee,,Evacuee;14;in triage state;Y;is at the evacuation site
1947.73,3,evacueeManager,,OFF SHIP: White;0;Green;233;Yellow;67;Red;10;Black;190;ON SHIP: White;0;Green;0;Yellow;0;Red;0;Evacuees to Transfer;
1947.73,1030,evacuee,outES,Evacuee 200 in triage category Y is not assigned a helicopter
1947.73,1030,evacuee,,Evacuee;200;in triage state;R;is at the evacuation site
1962.71,3,evacueeManager,,OFF SHIP: White;0;Green;233;Yellow;66;Red;11;Black;190;ON SHIP: White;0;Green;0;Yellow;0;Red;0;Evacuees to Transfer;
1962.71,405,evacuee,outES,Evacuee 283 in triage category Y is not assigned a helicopter
1962.71,405,evacuee,,Evacuee;283;in triage state;R;is at the evacuation site
1962.76,3,evacueeManager,,OFF SHIP: White;0;Green;232;Yellow;67;Red;11;Black;190;ON SHIP: White;0;Green;0;Yellow;0;Red;0;Evacuees to Transfer;
1962.76,685,evacuee,outES,Evacuee 300 in triage category G is not assigned a helicopter
1962.76,685,evacuee,,Evacuee;300;in triage state;Y;is at the evacuation site
1967.33,3,evacueeManager,,OFF SHIP: White;0;Green;232;Yellow;67;Red;10;Black;191;ON SHIP: White;0;Green;0;Yellow;0;Red;0;Evacuees to Transfer;
1967.33,1157,evacuee,outES,Evacuee 208 in triage category R is not assigned a helicopter
1967.33,1157,evacuee,,Evacuee;208;in triage state;B;is at the evacuation site
1973.86,3,evacueeManager,,OFF SHIP: White;0;Green;232;Yellow;66;Red;11;Black;191;ON SHIP: White;0;Green;0;Yellow;0;Red;0;Evacuees to Transfer;
1973.86,543,evacuee,outES,Evacuee 358 in triage category Y is not assigned a helicopter
1973.86,543,evacuee,,Evacuee;358;in triage state;R;is at the evacuation site
1975.35,3,evacueeManager,,OFF SHIP: White;0;Green;232;Yellow;65;Red;12;Black;191;ON SHIP: White;0;Green;0;Yellow;0;Red;0;Evacuees to Transfer;
1975.35,805,evacuee,outES,Evacuee 473 in triage category Y is not assigned a helicopter
1975.35,805,evacuee,,Evacuee;473;in triage state;R;is at the evacuation site
1983.92,3,evacueeManager,,OFF SHIP: White;0;Green;231;Yellow;66;Red;12;Black;191;ON SHIP: White;0;Green;0;Yellow;0;Red;0;Evacuees to Transfer;
1983.92,616,evacuee,outES,Evacuee 342 in triage category G is not assigned a helicopter
1983.92,616,evacuee,,Evacuee;342;in triage state;Y;is at the evacuation site
1987.66,3,evacueeManager,,OFF SHIP: White;0;Green;231;Yellow;66;Red;11;Black;192;ON SHIP: White;0;Green;0;Yellow;0;Red;0;Evacuees to Transfer;
1987.66,1365,evacuee,outES,Evacuee 249 in triage category R is not assigned a helicopter
1987.66,1365,evacuee,,Evacuee;249;in triage state;B;is at the evacuation site
1991.31,3,evacueeManager,,OFF SHIP: White;0;Green;231;Yellow;65;Red;12;Black;192;ON SHIP: White;0;Green;0;Yellow;0;Red;0;Evacuees to Transfer;
1991.31,51,evacuee,outES,Evacuee 475 in triage category Y is not assigned a helicopter
1991.31,51,evacuee,,Evacuee;475;in triage state;R;is at the evacuation site
1994.22,3,evacueeManager,,OFF SHIP: White;0;Green;231;Yellow;65;Red;11;Black;193;ON SHIP: White;0;Green;0;Yellow;0;Red;0;Evacuees to Transfer;
1994.22,133,evacuee,outES,Evacuee 414 in triage category R is not assigned a helicopter
1994.22,133,evacuee,,Evacuee;414;in triage state;B;is at the evacuation site
1996.83,3,evacueeManager,,OFF SHIP: White;0;Green;231;Yellow;65;Red;10;Black;194;ON SHIP: White;0;Green;0;Yellow;0;Red;0;Evacuees to Transfer;
1996.83,1030,evacuee,outES,Evacuee 200 in triage category R is not assigned a helicopter
1996.83,1030,evacuee,,Evacuee;200;in triage state;B;is at the evacuation site
2004.59,3,evacueeManager,,OFF SHIP: White;0;Green;231;Yellow;64;Red;11;Black;194;ON SHIP: White;0;Green;0;Yellow;0;Red;0;Evacuees to Transfer;
2004.59,60,evacuee,outES,Evacuee 468 in triage category Y is not assigned a helicopter
2004.59,60,evacuee,,Evacuee;468;in triage state;R;is at the evacuation site
2016.96,3,evacueeManager,,OFF SHIP: White;0;Green;231;Yellow;64;Red;10;Black;195;ON SHIP: White;0;Green;0;Yellow;0;Red;0;Evacuees to Transfer;
2016.96,60,evacuee,outES,Evacuee 468 in triage category R is not assigned a helicopter
2016.96,60,evacuee,,Evacuee;468;in triage state;B;is at the evacuation site
2021.3,3,evacueeManager,,OFF SHIP: White;0;Green;231;Yellow;63;Red;11;Black;195;ON SHIP: White;0;Green;0;Yellow;0;Red;0;Evacuees to Transfer;
2021.3,1239,evacuee,outES,Evacuee 222 in triage category Y is not assigned a helicopter
2021.3,1239,evacuee,,Evacuee;222;in triage state;R;is at the evacuation site
2021.66,3,evacueeManager,,OFF SHIP: White;0;Green;231;Yellow;63;Red;10;Black;196;ON SHIP: White;0;Green;0;Yellow;0;Red;0;Evacuees to Transfer;
2021.66,1239,evacuee,outES,Evacuee 222 in triage category R is not assigned a helicopter
2021.66,1239,evacuee,,Evacuee;222;in triage state;B;is at the evacuation site
2031,3,evacueeManager,,OFF SHIP: White;0;Green;231;Yellow;62;Red;11;Black;196;ON SHIP: White;0;Green;0;Yellow;0;Red;0;Evacuees to Transfer;
2031,1176,evacuee,outES,Evacuee 263 in triage category Y is not assigned a helicopter
2031,1176,evacuee,,Evacuee;263;in triage state;R;is at the evacuation site
2035.28,3,evacueeManager,,OFF SHIP: White;0;Green;231;Yellow;62;Red;10;Black;197;ON SHIP: White;0;Green;0;Yellow;0;Red;0;Evacuees to Transfer;
2035.28,51,evacuee,outES,Evacuee 475 in triage category R is not assigned a helicopter
2035.28,51,evacuee,,Evacuee;475;in triage state;B;is at the evacuation site
2037.63,3,evacueeManager,,OFF SHIP: White;0;Green;230;Yellow;63;Red;10;Black;197;ON SHIP: White;0;Green;0;Yellow;0;Red;0;Evacuees to Transfer;
2037.63,63,evacuee,outES,Evacuee 463 in triage category G is not assigned a helicopter
2037.63,63,evacuee,,Evacuee;463;in triage state;Y;is at the evacuation site
2038.18,3,evacueeManager,,OFF SHIP: White;0;Green;230;Yellow;62;Red;11;Black;197;ON SHIP: White;0;Green;0;Yellow;0;Red;0;Evacuees to Transfer;
2038.18,685,evacuee,outES,Evacuee 300 in triage category Y is not assigned a helicopter
2038.18,685,evacuee,,Evacuee;300;in triage state;R;is at the evacuation site
2053.14,3,evacueeManager,,OFF SHIP: White;0;Green;230;Yellow;61;Red;12;Black;197;ON SHIP: White;0;Green;0;Yellow;0;Red;0;Evacuees to Transfer;
2053.14,1491,evacuee,outES,Evacuee 113 in triage category Y is not assigned a helicopter
2053.14,1491,evacuee,,Evacuee;113;in triage state;R;is at the evacuation site
2054.19,3,evacueeManager,,OFF SHIP: White;0;Green;230;Yellow;61;Red;11;Black;198;ON SHIP: White;0;Green;0;Yellow;0;Red;0;Evacuees to Transfer;
2054.19,610,evacuee,outES,Evacuee 447 in triage category R is not assigned a helicopter
2054.19,610,evacuee,,Evacuee;447;in triage state;B;is at the evacuation site
2060.77,3,evacueeManager,,OFF SHIP: White;0;Green;230;Yellow;60;Red;12;Black;198;ON SHIP: White;0;Green;0;Yellow;0;Red;0;Evacuees to Transfer;
2060.77,1314,evacuee,outES,Evacuee 171 in triage category Y is not assigned a helicopter
2060.77,1314,evacuee,,Evacuee;171;in triage state;R;is at the evacuation site
2065.76,3,evacueeManager,,OFF SHIP: White;0;Green;230;Yellow;60;Red;11;Black;199;ON SHIP: White;0;Green;0;Yellow;0;Red;0;Evacuees to Transfer;
2065.76,471,evacuee,outES,Evacuee 88 in triage category R is not assigned a helicopter
2065.76,471,evacuee,,Evacuee;88;in triage state;B;is at the evacuation site
2069.93,3,evacueeManager,,OFF SHIP: White;0;Green;229;Yellow;61;Red;11;Black;199;ON SHIP: White;0;Green;0;Yellow;0;Red;0;Evacuees to Transfer;
2069.93,1102,evacuee,outES,Evacuee 388 in triage category G is not assigned a helicopter
2069.93,1102,evacuee,,Evacuee;388;in triage state;Y;is at the evacuation site
2071.94,3,evacueeManager,,OFF SHIP: White;0;Green;229;Yellow;61;Red;10;Black;200;ON SHIP: White;0;Green;0;Yellow;0;Red;0;Evacuees to Transfer;
2071.94,543,evacuee,outES,Evacuee 358 in triage category R is not assigned a helicopter
2071.94,543,evacuee,,Evacuee;358;in triage state;B;is at the evacuation site
2076.36,3,evacueeManager,,OFF SHIP: White;0;Green;229;Yellow;60;Red;11;Black;200;ON SHIP: White;0;Green;0;Yellow;0;Red;0;Evacuees to Transfer;
2076.36,754,evacuee,outES,Evacuee 14 in triage category Y is not assigned a helicopter
2076.36,754,evacuee,,Evacuee;14;in triage state;R;is at the evacuation site
2077.06,3,evacueeManager,,OFF SHIP: White;0;Green;229;Yellow;59;Red;12;Black;200;ON SHIP: White;0;Green;0;Yellow;0;Red;0;Evacuees to Transfer;
2077.06,1096,evacuee,outES,Evacuee 212 in triage category Y is not assigned a helicopter
2077.06,1096,evacuee,,Evacuee;212;in triage state;R;is at the evacuation site
2082.6,3,evacueeManager,,OFF SHIP: White;0;Green;228;Yellow;60;Red;12;Black;200;ON SHIP: White;0;Green;0;Yellow;0;Red;0;Evacuees to Transfer;
2082.6,1033,evacuee,outES,Evacuee 255 in triage category G is not assigned a helicopter
2082.6,1033,evacuee,,Evacuee;255;in triage state;Y;is at the evacuation site
2103.06,3,evacueeManager,,OFF SHIP: White;0;Green;228;Yellow;60;Red;11;Black;201;ON SHIP: White;0;Green;0;Yellow;0;Red;0;Evacuees to Transfer;
2103.06,685,evacuee,outES,Evacuee 300 in triage category R is not assigned a helicopter
2103.06,685,evacuee,,Evacuee;300;in triage state;B;is at the evacuation site
2104.71,3,evacueeManager,,OFF SHIP: White;0;Green;228;Yellow;59;Red;12;Black;201;ON SHIP: White;0;Green;0;Yellow;0;Red;0;Evacuees to Transfer;
2104.71,958,evacuee,outES,Evacuee 241 in triage category Y is not assigned a helicopter
2104.71,958,evacuee,,Evacuee;241;in triage state;R;is at the evacuation site
2105.33,3,evacueeManager,,OFF SHIP: White;0;Green;228;Yellow;59;Red;11;Black;202;ON SHIP: White;0;Green;0;Yellow;0;Red;0;Evacuees to Transfer;
2105.33,405,evacuee,outES,Evacuee 283 in triage category R is not assigned a helicopter
2105.33,405,evacuee,,Evacuee;283;in triage state;B;is at the evacuation site
2109.91,3,evacueeManager,,OFF SHIP: White;0;Green;227;Yellow;60;Red;11;Black;202;ON SHIP: White;0;Green;0;Yellow;0;Red;0;Evacuees to Transfer;
2109.91,477,evacuee,outES,Evacuee 122 in triage category G is not assigned a helicopter
2109.91,477,evacuee,,Evacuee;122;in triage state;Y;is at the evacuation site
2110.03,3,evacueeManager,,OFF SHIP: White;0;Green;226;Yellow;61;Red;11;Black;202;ON SHIP: White;0;Green;0;Yellow;0;Red;0;Evacuees to Transfer;
2110.03,1524,evacuee,outES,Evacuee 257 in triage category G is not assigned a helicopter
2110.03,1524,evacuee,,Evacuee;257;in triage state;Y;is at the evacuation site
2110.13,3,evacueeManager,,OFF SHIP: White;0;Green;226;Yellow;61;Red;10;Black;203;ON SHIP: White;0;Green;0;Yellow;0;Red;0;Evacuees to Transfer;
2110.13,1176,evacuee,outES,Evacuee 263 in triage category R is not assigned a helicopter
2110.13,1176,evacuee,,Evacuee;263;in triage state;B;is at the evacuation site
2110.31,3,evacueeManager,,OFF SHIP: White;0;Green;226;Yellow;60;Red;11;Black;203;ON SHIP: White;0;Green;0;Yellow;0;Red;0;Evacuees to Transfer;
2110.31,790,evacuee,outES,Evacuee 229 in triage category Y is not assigned a helicopter
2110.31,790,evacuee,,Evacuee;229;in triage state;R;is at the evacuation site
2114.83,3,evacueeManager,,OFF SHIP: White;0;Green;226;Yellow;60;Red;10;Black;204;ON SHIP: White;0;Green;0;Yellow;0;Red;0;Evacuees to Transfer;
2114.83,754,evacuee,outES,Evacuee 14 in triage category R is not assigned a helicopter
2114.83,754,evacuee,,Evacuee;14;in triage state;B;is at the evacuation site
2116.41,3,evacueeManager,,OFF SHIP: White;0;Green;226;Yellow;60;Red;9;Black;205;ON SHIP: White;0;Green;0;Yellow;0;Red;0;Evacuees to Transfer;
2116.41,790,evacuee,outES,Evacuee 229 in triage category R is not assigned a helicopter
2116.41,790,evacuee,,Evacuee;229;in triage state;B;is at the evacuation site
2119.16,3,evacueeManager,,OFF SHIP: White;0;Green;226;Yellow;59;Red;10;Black;205;ON SHIP: White;0;Green;0;Yellow;0;Red;0;Evacuees to Transfer;
2119.16,664,evacuee,outES,Evacuee 98 in triage category Y is not assigned a helicopter
2119.16,664,evacuee,,Evacuee;98;in triage state;R;is at the evacuation site
2123.44,3,evacueeManager,,OFF SHIP: White;0;Green;225;Yellow;60;Red;10;Black;205;ON SHIP: White;0;Green;0;Yellow;0;Red;0;Evacuees to Transfer;
2123.44,964,evacuee,outES,Evacuee 75 in triage category G is not assigned a helicopter
2123.44,964,evacuee,,Evacuee;75;in triage state;Y;is at the evacuation site
2124.94,3,evacueeManager,,OFF SHIP: White;0;Green;224;Yellow;61;Red;10;Black;205;ON SHIP: White;0;Green;0;Yellow;0;Red;0;Evacuees to Transfer;
2124.94,266,evacuee,outES,Evacuee 348 in triage category G is not assigned a helicopter
2124.94,266,evacuee,,Evacuee;348;in triage state;Y;is at the evacuation site
2128.69,3,evacueeManager,,OFF SHIP: White;0;Green;224;Yellow;60;Red;11;Black;205;ON SHIP: White;0;Green;0;Yellow;0;Red;0;Evacuees to Transfer;
2128.69,1380,evacuee,outES,Evacuee 450 in triage category Y is not assigned a helicopter
2128.69,1380,evacuee,,Evacuee;450;in triage state;R;is at the evacuation site
2129.77,3,evacueeManager,,OFF SHIP: White;0;Green;223;Yellow;61;Red;11;Black;205;ON SHIP: White;0;Green;0;Yellow;0;Red;0;Evacuees to Transfer;
2129.77,1317,evacuee,outES,Evacuee 174 in triage category G is not assigned a helicopter
2129.77,1317,evacuee,,Evacuee;174;in triage state;Y;is at the evacuation site
2131.73,3,evacueeManager,,OFF SHIP: White;0;Green;223;Yellow;60;Red;12;Black;205;ON SHIP: White;0;Green;0;Yellow;0;Red;0;Evacuees to Transfer;
2131.73,748,evacuee,outES,Evacuee 147 in triage category Y is not assigned a helicopter
2131.73,748,evacuee,,Evacuee;147;in triage state;R;is at the evacuation site
2132.83,3,evacueeManager,,OFF SHIP: White;0;Green;223;Yellow;60;Red;11;Black;206;ON SHIP: White;0;Green;0;Yellow;0;Red;0;Evacuees to Transfer;
2132.83,263,evacuee,outES,Evacuee 349 in triage category R is not assigned a helicopter
2132.83,263,evacuee,,Evacuee;349;in triage state;B;is at the evacuation site
2141.43,3,evacueeManager,,OFF SHIP: White;0;Green;222;Yellow;61;Red;11;Black;206;ON SHIP: White;0;Green;0;Yellow;0;Red;0;Evacuees to Transfer;
2141.43,1179,evacuee,outES,Evacuee 190 in triage category G is not assigned a helicopter
2141.43,1179,evacuee,,Evacuee;190;in triage state;Y;is at the evacuation site
2146.05,3,evacueeManager,,OFF SHIP: White;0;Green;221;Yellow;62;Red;11;Black;206;ON SHIP: White;0;Green;0;Yellow;0;Red;0;Evacuees to Transfer;
2146.05,136,evacuee,outES,Evacuee 411 in triage category G is not assigned a helicopter
2146.05,136,evacuee,,Evacuee;411;in triage state;Y;is at the evacuation site
2146.98,3,evacueeManager,,OFF SHIP: White;0;Green;221;Yellow;62;Red;10;Black;207;ON SHIP: White;0;Green;0;Yellow;0;Red;0;Evacuees to Transfer;
2146.98,748,evacuee,outES,Evacuee 147 in triage category R is not assigned a helicopter
2146.98,748,evacuee,,Evacuee;147;in triage state;B;is at the evacuation site
2149.87,3,evacueeManager,,OFF SHIP: White;0;Green;221;Yellow;61;Red;11;Black;207;ON SHIP: White;0;Green;0;Yellow;0;Red;0;Evacuees to Transfer;
2149.87,679,evacuee,outES,Evacuee 77 in triage category Y is not assigned a helicopter
2149.87,679,evacuee,,Evacuee;77;in triage state;R;is at the evacuation site
2150.29,3,evacueeManager,,OFF SHIP: White;0;Green;221;Yellow;61;Red;10;Black;208;ON SHIP: White;0;Green;0;Yellow;0;Red;0;Evacuees to Transfer;
2150.29,664,evacuee,outES,Evacuee 98 in triage category R is not assigned a helicopter
2150.29,664,evacuee,,Evacuee;98;in triage state;B;is at the evacuation site
2152.2,3,evacueeManager,,OFF SHIP: White;0;Green;220;Yellow;62;Red;10;Black;208;ON SHIP: White;0;Green;0;Yellow;0;Red;0;Evacuees to Transfer;
2152.2,1248,evacuee,outES,Evacuee 67 in triage category G is not assigned a helicopter
2152.2,1248,evacuee,,Evacuee;67;in triage state;Y;is at the evacuation site
2153.29,3,evacueeManager,,OFF SHIP: White;0;Green;220;Yellow;61;Red;11;Black;208;ON SHIP: White;0;Green;0;Yellow;0;Red;0;Evacuees to Transfer;
2153.29,130,evacuee,outES,Evacuee 419 in triage category Y is not assigned a helicopter
2153.29,130,evacuee,,Evacuee;419;in triage state;R;is at the evacuation site
2156.21,3,evacueeManager,,OFF SHIP: White;0;Green;220;Yellow;61;Red;10;Black;209;ON SHIP: White;0;Green;0;Yellow;0;Red;0;Evacuees to Transfer;
2156.21,1443,evacuee,outES,Evacuee 219 in triage category R is not assigned a helicopter
2156.21,1443,evacuee,,Evacuee;219;in triage state;B;is at the evacuation site
2158.82,3,evacueeManager,,OFF SHIP: White;0;Green;220;Yellow;60;Red;11;Black;209;ON SHIP: White;0;Green;0;Yellow;0;Red;0;Evacuees to Transfer;
2158.82,808,evacuee,outES,Evacuee 400 in triage category Y is not assigned a helicopter
2158.82,808,evacuee,,Evacuee;400;in triage state;R;is at the evacuation site
2158.82,3,evacueeManager,,OFF SHIP: White;0;Green;219;Yellow;61;Red;11;Black;209;ON SHIP: White;0;Green;0;Yellow;0;Red;0;Evacuees to Transfer;
2158.82,826,evacuee,outES,Evacuee 85 in triage category G is not assigned a helicopter
2158.82,826,evacuee,,Evacuee;85;in triage state;Y;is at the evacuation site
2159.52,3,evacueeManager,,OFF SHIP: White;0;Green;218;Yellow;62;Red;11;Black;209;ON SHIP: White;0;Green;0;Yellow;0;Red;0;Evacuees to Transfer;
2159.52,1386,evacuee,outES,Evacuee 329 in triage category G is not assigned a helicopter
2159.52,1386,evacuee,,Evacuee;329;in triage state;Y;is at the evacuation site
2160.69,3,evacueeManager,,OFF SHIP: White;0;Green;217;Yellow;63;Red;11;Black;209;ON SHIP: White;0;Green;0;Yellow;0;Red;0;Evacuees to Transfer;
2160.69,408,evacuee,outES,Evacuee 282 in triage category G is not assigned a helicopter
2160.69,408,evacuee,,Evacuee;282;in triage state;Y;is at the evacuation site
2160.8,3,evacueeManager,,OFF SHIP: White;0;Green;216;Yellow;64;Red;11;Black;209;ON SHIP: White;0;Green;0;Yellow;0;Red;0;Evacuees to Transfer;
2160.8,1455,evacuee,outES,Evacuee 225 in triage category G is not assigned a helicopter
2160.8,1455,evacuee,,Evacuee;225;in triage state;Y;is at the evacuation site
2161.12,3,evacueeManager,,OFF SHIP: White;0;Green;216;Yellow;64;Red;10;Black;210;ON SHIP: White;0;Green;0;Yellow;0;Red;0;Evacuees to Transfer;
2161.12,808,evacuee,outES,Evacuee 400 in triage category R is not assigned a helicopter
2161.12,808,evacuee,,Evacuee;400;in triage state;B;is at the evacuation site
2161.62,3,evacueeManager,,OFF SHIP: White;0;Green;215;Yellow;65;Red;10;Black;210;ON SHIP: White;0;Green;0;Yellow;0;Red;0;Evacuees to Transfer;
2161.62,196,evacuee,outES,Evacuee 382 in triage category G is not assigned a helicopter
2161.62,196,evacuee,,Evacuee;382;in triage state;Y;is at the evacuation site
2162.74,3,evacueeManager,,OFF SHIP: White;0;Green;215;Yellow;65;Red;9;Black;211;ON SHIP: White;0;Green;0;Yellow;0;Red;0;Evacuees to Transfer;
2162.74,130,evacuee,outES,Evacuee 419 in triage category R is not assigned a helicopter
2162.74,130,evacuee,,Evacuee;419;in triage state;B;is at the evacuation site
2162.84,3,evacueeManager,,OFF SHIP: White;0;Green;215;Yellow;65;Red;8;Black;212;ON SHIP: White;0;Green;0;Yellow;0;Red;0;Evacuees to Transfer;
2162.84,1096,evacuee,outES,Evacuee 212 in triage category R is not assigned a helicopter
2162.84,1096,evacuee,,Evacuee;212;in triage state;B;is at the evacuation site
2169.66,3,evacueeManager,,OFF SHIP: White;0;Green;214;Yellow;66;Red;8;Black;212;ON SHIP: White;0;Green;0;Yellow;0;Red;0;Evacuees to Transfer;
2169.66,895,evacuee,outES,Evacuee 387 in triage category G is not assigned a helicopter
2169.66,895,evacuee,,Evacuee;387;in triage state;Y;is at the evacuation site
2175.7,3,evacueeManager,,OFF SHIP: White;0;Green;214;Yellow;66;Red;7;Black;213;ON SHIP: White;0;Green;0;Yellow;0;Red;0;Evacuees to Transfer;
2175.7,260,evacuee,outES,Evacuee 351 in triage category R is not assigned a helicopter
2175.7,260,evacuee,,Evacuee;351;in triage state;B;is at the evacuation site
2192.05,3,evacueeManager,,OFF SHIP: White;0;Green;213;Yellow;67;Red;7;Black;213;ON SHIP: White;0;Green;0;Yellow;0;Red;0;Evacuees to Transfer;
2192.05,546,evacuee,outES,Evacuee 188 in triage category G is not assigned a helicopter
2192.05,546,evacuee,,Evacuee;188;in triage state;Y;is at the evacuation site
2194.69,3,evacueeManager,,OFF SHIP: White;0;Green;213;Yellow;67;Red;6;Black;214;ON SHIP: White;0;Green;0;Yellow;0;Red;0;Evacuees to Transfer;
2194.69,387,evacuee,outES,Evacuee 350 in triage category R is not assigned a helicopter
2194.69,387,evacuee,,Evacuee;350;in triage state;B;is at the evacuation site
2194.82,3,evacueeManager,,OFF SHIP: White;0;Green;213;Yellow;66;Red;7;Black;214;ON SHIP: White;0;Green;0;Yellow;0;Red;0;Evacuees to Transfer;
2194.82,251,evacuee,outES,Evacuee 357 in triage category Y is not assigned a helicopter
2194.82,251,evacuee,,Evacuee;357;in triage state;R;is at the evacuation site
2197.83,3,evacueeManager,,OFF SHIP: White;0;Green;212;Yellow;67;Red;7;Black;214;ON SHIP: White;0;Green;0;Yellow;0;Red;0;Evacuees to Transfer;
2197.83,339,evacuee,outES,Evacuee 446 in triage category G is not assigned a helicopter
2197.83,339,evacuee,,Evacuee;446;in triage state;Y;is at the evacuation site
2203.98,3,evacueeManager,,OFF SHIP: White;0;Green;212;Yellow;66;Red;8;Black;214;ON SHIP: White;0;Green;0;Yellow;0;Red;0;Evacuees to Transfer;
2203.98,196,evacuee,outES,Evacuee 382 in triage category Y is not assigned a helicopter
2203.98,196,evacuee,,Evacuee;382;in triage state;R;is at the evacuation site
2205.62,3,evacueeManager,,OFF SHIP: White;0;Green;211;Yellow;67;Red;8;Black;214;ON SHIP: White;0;Green;0;Yellow;0;Red;0;Evacuees to Transfer;
2205.62,757,evacuee,outES,Evacuee 218 in triage category G is not assigned a helicopter
2205.62,757,evacuee,,Evacuee;218;in triage state;Y;is at the evacuation site
2206.42,3,evacueeManager,,OFF SHIP: White;0;Green;211;Yellow;66;Red;9;Black;214;ON SHIP: White;0;Green;0;Yellow;0;Red;0;Evacuees to Transfer;
2206.42,895,evacuee,outES,Evacuee 387 in triage category Y is not assigned a helicopter
2206.42,895,evacuee,,Evacuee;387;in triage state;R;is at the evacuation site
2214.65,3,evacueeManager,,OFF SHIP: White;0;Green;211;Yellow;66;Red;8;Black;215;ON SHIP: White;0;Green;0;Yellow;0;Red;0;Evacuees to Transfer;
2214.65,1491,evacuee,outES,Evacuee 113 in triage category R is not assigned a helicopter
2214.65,1491,evacuee,,Evacuee;113;in triage state;B;is at the evacuation site
2219,3,evacueeManager,,OFF SHIP: White;0;Green;211;Yellow;65;Red;9;Black;215;ON SHIP: White;0;Green;0;Yellow;0;Red;0;Evacuees to Transfer;
2219,1179,evacuee,outES,Evacuee 190 in triage category Y is not assigned a helicopter
2219,1179,evacuee,,Evacuee;190;in triage state;R;is at the evacuation site
2228.65,3,evacueeManager,,OFF SHIP: White;0;Green;210;Yellow;66;Red;9;Black;215;ON SHIP: White;0;Green;0;Yellow;0;Red;0;Evacuees to Transfer;
2228.65,688,evacuee,outES,Evacuee 165 in triage category G is not assigned a helicopter
2228.65,688,evacuee,,Evacuee;165;in triage state;Y;is at the evacuation site
2229.54,3,evacueeManager,,OFF SHIP: White;0;Green;210;Yellow;66;Red;8;Black;216;ON SHIP: White;0;Green;0;Yellow;0;Red;0;Evacuees to Transfer;
2229.54,895,evacuee,outES,Evacuee 387 in triage category R is not assigned a helicopter
2229.54,895,evacuee,,Evacuee;387;in triage state;B;is at the evacuation site
2241.62,3,evacueeManager,,OFF SHIP: White;0;Green;210;Yellow;65;Red;9;Black;216;ON SHIP: White;0;Green;0;Yellow;0;Red;0;Evacuees to Transfer;
2241.62,682,evacuee,outES,Evacuee 156 in triage category Y is not assigned a helicopter
2241.62,682,evacuee,,Evacuee;156;in triage state;R;is at the evacuation site
2243.59,3,evacueeManager,,OFF SHIP: White;0;Green;210;Yellow;64;Red;10;Black;216;ON SHIP: White;0;Green;0;Yellow;0;Red;0;Evacuees to Transfer;
2243.59,889,evacuee,outES,Evacuee 4 in triage category Y is not assigned a helicopter
2243.59,889,evacuee,,Evacuee;4;in triage state;R;is at the evacuation site
2246.94,3,evacueeManager,,OFF SHIP: White;0;Green;209;Yellow;65;Red;10;Black;216;ON SHIP: White;0;Green;0;Yellow;0;Red;0;Evacuees to Transfer;
2246.94,619,evacuee,outES,Evacuee 93 in triage category G is not assigned a helicopter
2246.94,619,evacuee,,Evacuee;93;in triage state;Y;is at the evacuation site
2257.9,3,evacueeManager,,OFF SHIP: White;0;Green;209;Yellow;64;Red;11;Black;216;ON SHIP: White;0;Green;0;Yellow;0;Red;0;Evacuees to Transfer;
2257.9,534,evacuee,outES,Evacuee 299 in triage category Y is not assigned a helicopter
2257.9,534,evacuee,,Evacuee;299;in triage state;R;is at the evacuation site
2258.19,3,evacueeManager,,OFF SHIP: White;0;Green;209;Yellow;64;Red;10;Black;217;ON SHIP: White;0;Green;0;Yellow;0;Red;0;Evacuees to Transfer;
2258.19,889,evacuee,outES,Evacuee 4 in triage category R is not assigned a helicopter
2258.19,889,evacuee,,Evacuee;4;in triage state;B;is at the evacuation site
2261.35,3,evacueeManager,,OFF SHIP: White;0;Green;209;Yellow;63;Red;11;Black;217;ON SHIP: White;0;Green;0;Yellow;0;Red;0;Evacuees to Transfer;
2261.35,1299,evacuee,outES,Evacuee 168 in triage category Y is not assigned a helicopter
2261.35,1299,evacuee,,Evacuee;168;in triage state;R;is at the evacuation site
2272.95,3,evacueeManager,,OFF SHIP: White;0;Green;209;Yellow;63;Red;10;Black;218;ON SHIP: White;0;Green;0;Yellow;0;Red;0;Evacuees to Transfer;
2272.95,251,evacuee,outES,Evacuee 357 in triage category R is not assigned a helicopter
2272.95,251,evacuee,,Evacuee;357;in triage state;B;is at the evacuation site
2278.18,3,evacueeManager,,OFF SHIP: White;0;Green;209;Yellow;63;Red;9;Black;219;ON SHIP: White;0;Green;0;Yellow;0;Red;0;Evacuees to Transfer;
2278.18,1314,evacuee,outES,Evacuee 171 in triage category R is not assigned a helicopter
2278.18,1314,evacuee,,Evacuee;171;in triage state;B;is at the evacuation site
2280.8,3,evacueeManager,,OFF SHIP: White;0;Green;209;Yellow;63;Red;8;Black;220;ON SHIP: White;0;Green;0;Yellow;0;Red;0;Evacuees to Transfer;
2280.8,1179,evacuee,outES,Evacuee 190 in triage category R is not assigned a helicopter
2280.8,1179,evacuee,,Evacuee;190;in triage state;B;is at the evacuation site
2284.59,3,evacueeManager,,OFF SHIP: White;0;Green;209;Yellow;62;Red;9;Black;220;ON SHIP: White;0;Green;0;Yellow;0;Red;0;Evacuees to Transfer;
2284.59,474,evacuee,outES,Evacuee 449 in triage category Y is not assigned a helicopter
2284.59,474,evacuee,,Evacuee;449;in triage state;R;is at the evacuation site
2286.31,3,evacueeManager,,OFF SHIP: White;0;Green;209;Yellow;61;Red;10;Black;220;ON SHIP: White;0;Green;0;Yellow;0;Red;0;Evacuees to Transfer;
2286.31,1033,evacuee,outES,Evacuee 255 in triage category Y is not assigned a helicopter
2286.31,1033,evacuee,,Evacuee;255;in triage state;R;is at the evacuation site
2287.24,3,evacueeManager,,OFF SHIP: White;0;Green;209;Yellow;61;Red;9;Black;221;ON SHIP: White;0;Green;0;Yellow;0;Red;0;Evacuees to Transfer;
2287.24,805,evacuee,outES,Evacuee 473 in triage category R is not assigned a helicopter
2287.24,805,evacuee,,Evacuee;473;in triage state;B;is at the evacuation site
2291.67,3,evacueeManager,,OFF SHIP: White;0;Green;209;Yellow;60;Red;10;Black;221;ON SHIP: White;0;Green;0;Yellow;0;Red;0;Evacuees to Transfer;
2291.67,1248,evacuee,outES,Evacuee 67 in triage category Y is not assigned a helicopter
2291.67,1248,evacuee,,Evacuee;67;in triage state;R;is at the evacuation site
2294.44,3,evacueeManager,,OFF SHIP: White;0;Green;209;Yellow;60;Red;9;Black;222;ON SHIP: White;0;Green;0;Yellow;0;Red;0;Evacuees to Transfer;
2294.44,679,evacuee,outES,Evacuee 77 in triage category R is not assigned a helicopter
2294.44,679,evacuee,,Evacuee;77;in triage state;B;is at the evacuation site
2294.46,3,evacueeManager,,OFF SHIP: White;0;Green;209;Yellow;59;Red;10;Black;222;ON SHIP: White;0;Green;0;Yellow;0;Red;0;Evacuees to Transfer;
2294.46,462,evacuee,outES,Evacuee 125 in triage category Y is not assigned a helicopter
2294.46,462,evacuee,,Evacuee;125;in triage state;R;is at the evacuation site
2295.82,3,evacueeManager,,OFF SHIP: White;0;Green;208;Yellow;60;Red;10;Black;222;ON SHIP: White;0;Green;0;Yellow;0;Red;0;Evacuees to Transfer;
2295.82,66,evacuee,outES,Evacuee 462 in triage category G is not assigned a helicopter
2295.82,66,evacuee,,Evacuee;462;in triage state;Y;is at the evacuation site
2295.83,3,evacueeManager,,OFF SHIP: White;0;Green;208;Yellow;59;Red;11;Black;222;ON SHIP: White;0;Green;0;Yellow;0;Red;0;Evacuees to Transfer;
2295.83,1317,evacuee,outES,Evacuee 174 in triage category Y is not assigned a helicopter
2295.83,1317,evacuee,,Evacuee;174;in triage state;R;is at the evacuation site
2296.61,3,evacueeManager,,OFF SHIP: White;0;Green;208;Yellow;59;Red;10;Black;223;ON SHIP: White;0;Green;0;Yellow;0;Red;0;Evacuees to Transfer;
2296.61,1299,evacuee,outES,Evacuee 168 in triage category R is not assigned a helicopter
2296.61,1299,evacuee,,Evacuee;168;in triage state;B;is at the evacuation site
2305.53,3,evacueeManager,,OFF SHIP: White;0;Green;208;Yellow;58;Red;11;Black;223;ON SHIP: White;0;Green;0;Yellow;0;Red;0;Evacuees to Transfer;
2305.53,402,evacuee,outES,Evacuee 284 in triage category Y is not assigned a helicopter
2305.53,402,evacuee,,Evacuee;284;in triage state;R;is at the evacuation site
2305.82,3,evacueeManager,,OFF SHIP: White;0;Green;208;Yellow;57;Red;12;Black;223;ON SHIP: White;0;Green;0;Yellow;0;Red;0;Evacuees to Transfer;
2305.82,823,evacuee,outES,Evacuee 187 in triage category Y is not assigned a helicopter
2305.82,823,evacuee,,Evacuee;187;in triage state;R;is at the evacuation site
2306.69,3,evacueeManager,,OFF SHIP: White;0;Green;208;Yellow;57;Red;11;Black;224;ON SHIP: White;0;Green;0;Yellow;0;Red;0;Evacuees to Transfer;
2306.69,1380,evacuee,outES,Evacuee 450 in triage category R is not assigned a helicopter
2306.69,1380,evacuee,,Evacuee;450;in triage state;B;is at the evacuation site
2309.37,3,evacueeManager,,OFF SHIP: White;0;Green;208;Yellow;57;Red;10;Black;225;ON SHIP: White;0;Green;0;Yellow;0;Red;0;Evacuees to Transfer;
2309.37,1317,evacuee,outES,Evacuee 174 in triage category R is not assigned a helicopter
2309.37,1317,evacuee,,Evacuee;174;in triage state;B;is at the evacuation site
2312.71,3,evacueeManager,,OFF SHIP: White;0;Green;208;Yellow;57;Red;9;Black;226;ON SHIP: White;0;Green;0;Yellow;0;Red;0;Evacuees to Transfer;
2312.71,402,evacuee,outES,Evacuee 284 in triage category R is not assigned a helicopter
2312.71,402,evacuee,,Evacuee;284;in triage state;B;is at the evacuation site
2325.17,3,evacueeManager,,OFF SHIP: White;0;Green;208;Yellow;56;Red;10;Black;226;ON SHIP: White;0;Green;0;Yellow;0;Red;0;Evacuees to Transfer;
2325.17,537,evacuee,outES,Evacuee 109 in triage category Y is not assigned a helicopter
2325.17,537,evacuee,,Evacuee;109;in triage state;R;is at the evacuation site
2326.11,3,evacueeManager,,OFF SHIP: White;0;Green;207;Yellow;57;Red;10;Black;226;ON SHIP: White;0;Green;0;Yellow;0;Red;0;Evacuees to Transfer;
2326.11,1105,evacuee,outES,Evacuee 55 in triage category G is not assigned a helicopter
2326.11,1105,evacuee,,Evacuee;55;in triage state;Y;is at the evacuation site
2327.2,3,evacueeManager,,OFF SHIP: White;0;Green;207;Yellow;56;Red;11;Black;226;ON SHIP: White;0;Green;0;Yellow;0;Red;0;Evacuees to Transfer;
2327.2,1102,evacuee,outES,Evacuee 388 in triage category Y is not assigned a helicopter
2327.2,1102,evacuee,,Evacuee;388;in triage state;R;is at the evacuation site
2348.87,3,evacueeManager,,OFF SHIP: White;0;Green;207;Yellow;56;Red;10;Black;227;ON SHIP: White;0;Green;0;Yellow;0;Red;0;Evacuees to Transfer;
2348.87,462,evacuee,outES,Evacuee 125 in triage category R is not assigned a helicopter
2348.87,462,evacuee,,Evacuee;125;in triage state;B;is at the evacuation site
2360.81,3,evacueeManager,,OFF SHIP: White;0;Green;207;Yellow;55;Red;11;Black;227;ON SHIP: White;0;Green;0;Yellow;0;Red;0;Evacuees to Transfer;
2360.81,136,evacuee,outES,Evacuee 411 in triage category Y is not assigned a helicopter
2360.81,136,evacuee,,Evacuee;411;in triage state;R;is at the evacuation site
2364.42,3,evacueeManager,,OFF SHIP: White;0;Green;207;Yellow;54;Red;12;Black;227;ON SHIP: White;0;Green;0;Yellow;0;Red;0;Evacuees to Transfer;
2364.42,408,evacuee,outES,Evacuee 282 in triage category Y is not assigned a helicopter
2364.42,408,evacuee,,Evacuee;282;in triage state;R;is at the evacuation site
2364.84,3,evacueeManager,,OFF SHIP: White;0;Green;206;Yellow;55;Red;12;Black;227;ON SHIP: White;0;Green;0;Yellow;0;Red;0;Evacuees to Transfer;
2364.84,1527,evacuee,outES,Evacuee 210 in triage category G is not assigned a helicopter
2364.84,1527,evacuee,,Evacuee;210;in triage state;Y;is at the evacuation site
2366.39,3,evacueeManager,,OFF SHIP: White;0;Green;206;Yellow;55;Red;11;Black;228;ON SHIP: White;0;Green;0;Yellow;0;Red;0;Evacuees to Transfer;
2366.39,1248,evacuee,outES,Evacuee 67 in triage category R is not assigned a helicopter
2366.39,1248,evacuee,,Evacuee;67;in triage state;B;is at the evacuation site
2369.07,3,evacueeManager,,OFF SHIP: White;0;Green;206;Yellow;55;Red;10;Black;229;ON SHIP: White;0;Green;0;Yellow;0;Red;0;Evacuees to Transfer;
2369.07,196,evacuee,outES,Evacuee 382 in triage category R is not assigned a helicopter
2369.07,196,evacuee,,Evacuee;382;in triage state;B;is at the evacuation site
2369.84,3,evacueeManager,,OFF SHIP: White;0;Green;205;Yellow;56;Red;10;Black;229;ON SHIP: White;0;Green;0;Yellow;0;Red;0;Evacuees to Transfer;
2369.84,480,evacuee,outES,Evacuee 108 in triage category G is not assigned a helicopter
2369.84,480,evacuee,,Evacuee;108;in triage state;Y;is at the evacuation site
2370.59,3,evacueeManager,,OFF SHIP: White;0;Green;204;Yellow;57;Red;10;Black;229;ON SHIP: White;0;Green;0;Yellow;0;Red;0;Evacuees to Transfer;
2370.59,1036,evacuee,outES,Evacuee 13 in triage category G is not assigned a helicopter
2370.59,1036,evacuee,,Evacuee;13;in triage state;Y;is at the evacuation site
2373.02,3,evacueeManager,,OFF SHIP: White;0;Green;204;Yellow;57;Red;9;Black;230;ON SHIP: White;0;Green;0;Yellow;0;Red;0;Evacuees to Transfer;
2373.02,474,evacuee,outES,Evacuee 449 in triage category R is not assigned a helicopter
2373.02,474,evacuee,,Evacuee;449;in triage state;B;is at the evacuation site
2374.74,3,evacueeManager,,OFF SHIP: White;0;Green;204;Yellow;57;Red;8;Black;231;ON SHIP: White;0;Green;0;Yellow;0;Red;0;Evacuees to Transfer;
2374.74,958,evacuee,outES,Evacuee 241 in triage category R is not assigned a helicopter
2374.74,958,evacuee,,Evacuee;241;in triage state;B;is at the evacuation site
2377.33,3,evacueeManager,,OFF SHIP: White;0;Green;204;Yellow;56;Red;9;Black;231;ON SHIP: White;0;Green;0;Yellow;0;Red;0;Evacuees to Transfer;
2377.33,619,evacuee,outES,Evacuee 93 in triage category Y is not assigned a helicopter
2377.33,619,evacuee,,Evacuee;93;in triage state;R;is at the evacuation site
2380.13,3,evacueeManager,,OFF SHIP: White;0;Green;204;Yellow;55;Red;10;Black;231;ON SHIP: White;0;Green;0;Yellow;0;Red;0;Evacuees to Transfer;
2380.13,266,evacuee,outES,Evacuee 348 in triage category Y is not assigned a helicopter
2380.13,266,evacuee,,Evacuee;348;in triage state;R;is at the evacuation site
2383.5,3,evacueeManager,,OFF SHIP: White;0;Green;204;Yellow;55;Red;9;Black;232;ON SHIP: White;0;Green;0;Yellow;0;Red;0;Evacuees to Transfer;
2383.5,823,evacuee,outES,Evacuee 187 in triage category R is not assigned a helicopter
2383.5,823,evacuee,,Evacuee;187;in triage state;B;is at the evacuation site
2384.68,3,evacueeManager,,OFF SHIP: White;0;Green;204;Yellow;54;Red;10;Black;232;ON SHIP: White;0;Green;0;Yellow;0;Red;0;Evacuees to Transfer;
2384.68,336,evacuee,outES,Evacuee 316 in triage category Y is not assigned a helicopter
2384.68,336,evacuee,,Evacuee;316;in triage state;R;is at the evacuation site
2387.88,3,evacueeManager,,OFF SHIP: White;0;Green;204;Yellow;53;Red;11;Black;232;ON SHIP: White;0;Green;0;Yellow;0;Red;0;Evacuees to Transfer;
2387.88,757,evacuee,outES,Evacuee 218 in triage category Y is not assigned a helicopter
2387.88,757,evacuee,,Evacuee;218;in triage state;R;is at the evacuation site
2391.33,3,evacueeManager,,OFF SHIP: White;0;Green;204;Yellow;52;Red;12;Black;232;ON SHIP: White;0;Green;0;Yellow;0;Red;0;Evacuees to Transfer;
2391.33,1036,evacuee,outES,Evacuee 13 in triage category Y is not assigned a helicopter
2391.33,1036,evacuee,,Evacuee;13;in triage state;R;is at the evacuation site
2391.45,3,evacueeManager,,OFF SHIP: White;0;Green;203;Yellow;53;Red;12;Black;232;ON SHIP: White;0;Green;0;Yellow;0;Red;0;Evacuees to Transfer;
2391.45,269,evacuee,outES,Evacuee 346 in triage category G is not assigned a helicopter
2391.45,269,evacuee,,Evacuee;346;in triage state;Y;is at the evacuation site
2400.17,3,evacueeManager,,OFF SHIP: White;0;Green;202;Yellow;54;Red;12;Black;232;ON SHIP: White;0;Green;0;Yellow;0;Red;0;Evacuees to Transfer;
2400.17,967,evacuee,outES,Evacuee 37 in triage category G is not assigned a helicopter
2400.17,967,evacuee,,Evacuee;37;in triage state;Y;is at the evacuation site
2401.94,3,evacueeManager,,OFF SHIP: White;0;Green;201;Yellow;55;Red;12;Black;232;ON SHIP: White;0;Green;0;Yellow;0;Red;0;Evacuees to Transfer;
2401.94,1320,evacuee,outES,Evacuee 177 in triage category G is not assigned a helicopter
2401.94,1320,evacuee,,Evacuee;177;in triage state;Y;is at the evacuation site
2404.39,3,evacueeManager,,OFF SHIP: White;0;Green;201;Yellow;55;Red;11;Black;233;ON SHIP: White;0;Green;0;Yellow;0;Red;0;Evacuees to Transfer;
2404.39,408,evacuee,outES,Evacuee 282 in triage category R is not assigned a helicopter
2404.39,408,evacuee,,Evacuee;282;in triage state;B;is at the evacuation site
2404.66,3,evacueeManager,,OFF SHIP: White;0;Green;201;Yellow;55;Red;10;Black;234;ON SHIP: White;0;Green;0;Yellow;0;Red;0;Evacuees to Transfer;
2404.66,537,evacuee,outES,Evacuee 109 in triage category R is not assigned a helicopter
2404.66,537,evacuee,,Evacuee;109;in triage state;B;is at the evacuation site
2406.2,3,evacueeManager,,OFF SHIP: White;0;Green;201;Yellow;54;Red;11;Black;234;ON SHIP: White;0;Green;0;Yellow;0;Red;0;Evacuees to Transfer;
2406.2,1160,evacuee,outES,Evacuee 57 in triage category Y is not assigned a helicopter
2406.2,1160,evacuee,,Evacuee;57;in triage state;R;is at the evacuation site
2410.18,3,evacueeManager,,OFF SHIP: White;0;Green;201;Yellow;53;Red;12;Black;234;ON SHIP: White;0;Green;0;Yellow;0;Red;0;Evacuees to Transfer;
2410.18,955,evacuee,outES,Evacuee 343 in triage category Y is not assigned a helicopter
2410.18,955,evacuee,,Evacuee;343;in triage state;R;is at the evacuation site
2410.43,3,evacueeManager,,OFF SHIP: White;0;Green;201;Yellow;53;Red;11;Black;235;ON SHIP: White;0;Green;0;Yellow;0;Red;0;Evacuees to Transfer;
2410.43,136,evacuee,outES,Evacuee 411 in triage category R is not assigned a helicopter
2410.43,136,evacuee,,Evacuee;411;in triage state;B;is at the evacuation site
2411.75,3,evacueeManager,,OFF SHIP: White;0;Green;201;Yellow;53;Red;10;Black;236;ON SHIP: White;0;Green;0;Yellow;0;Red;0;Evacuees to Transfer;
2411.75,955,evacuee,outES,Evacuee 343 in triage category R is not assigned a helicopter
2411.75,955,evacuee,,Evacuee;343;in triage state;B;is at the evacuation site
2414.62,3,evacueeManager,,OFF SHIP: White;0;Green;200;Yellow;54;Red;10;Black;236;ON SHIP: White;0;Green;0;Yellow;0;Red;0;Evacuees to Transfer;
2414.62,139,evacuee,outES,Evacuee 422 in triage category G is not assigned a helicopter
2414.62,139,evacuee,,Evacuee;422;in triage state;Y;is at the evacuation site
2414.75,3,evacueeManager,,OFF SHIP: White;0;Green;199;Yellow;55;Red;10;Black;236;ON SHIP: White;0;Green;0;Yellow;0;Red;0;Evacuees to Transfer;
2414.75,1182,evacuee,outES,Evacuee 465 in triage category G is not assigned a helicopter
2414.75,1182,evacuee,,Evacuee;465;in triage state;Y;is at the evacuation site
2417.95,3,evacueeManager,,OFF SHIP: White;0;Green;199;Yellow;54;Red;11;Black;236;ON SHIP: White;0;Green;0;Yellow;0;Red;0;Evacuees to Transfer;
2417.95,1105,evacuee,outES,Evacuee 55 in triage category Y is not assigned a helicopter
2417.95,1105,evacuee,,Evacuee;55;in triage state;R;is at the evacuation site
2418.45,3,evacueeManager,,OFF SHIP: White;0;Green;199;Yellow;53;Red;12;Black;236;ON SHIP: White;0;Green;0;Yellow;0;Red;0;Evacuees to Transfer;
2418.45,892,evacuee,outES,Evacuee 18 in triage category Y is not assigned a helicopter
2418.45,892,evacuee,,Evacuee;18;in triage state;R;is at the evacuation site
2418.98,3,evacueeManager,,OFF SHIP: White;0;Green;199;Yellow;52;Red;13;Black;236;ON SHIP: White;0;Green;0;Yellow;0;Red;0;Evacuees to Transfer;
2418.98,616,evacuee,outES,Evacuee 342 in triage category Y is not assigned a helicopter
2418.98,616,evacuee,,Evacuee;342;in triage state;R;is at the evacuation site
2419.69,3,evacueeManager,,OFF SHIP: White;0;Green;199;Yellow;52;Red;12;Black;237;ON SHIP: White;0;Green;0;Yellow;0;Red;0;Evacuees to Transfer;
2419.69,336,evacuee,outES,Evacuee 316 in triage category R is not assigned a helicopter
2419.69,336,evacuee,,Evacuee;316;in triage state;B;is at the evacuation site
2422.26,3,evacueeManager,,OFF SHIP: White;0;Green;199;Yellow;51;Red;13;Black;237;ON SHIP: White;0;Green;0;Yellow;0;Red;0;Evacuees to Transfer;
2422.26,826,evacuee,outES,Evacuee 85 in triage category Y is not assigned a helicopter
2422.26,826,evacuee,,Evacuee;85;in triage state;R;is at the evacuation site
2428.2,3,evacueeManager,,OFF SHIP: White;0;Green;199;Yellow;50;Red;14;Black;237;ON SHIP: White;0;Green;0;Yellow;0;Red;0;Evacuees to Transfer;
2428.2,477,evacuee,outES,Evacuee 122 in triage category Y is not assigned a helicopter
2428.2,477,evacuee,,Evacuee;122;in triage state;R;is at the evacuation site
2428.64,3,evacueeManager,,OFF SHIP: White;0;Green;199;Yellow;49;Red;15;Black;237;ON SHIP: White;0;Green;0;Yellow;0;Red;0;Evacuees to Transfer;
2428.64,934,evacuee,outES,Evacuee 196 in triage category Y is not assigned a helicopter
2428.64,934,evacuee,,Evacuee;196;in triage state;R;is at the evacuation site
2435.13,3,evacueeManager,,OFF SHIP: White;0;Green;199;Yellow;49;Red;14;Black;238;ON SHIP: White;0;Green;0;Yellow;0;Red;0;Evacuees to Transfer;
2435.13,1036,evacuee,outES,Evacuee 13 in triage category R is not assigned a helicopter
2435.13,1036,evacuee,,Evacuee;13;in triage state;B;is at the evacuation site
2436.96,3,evacueeManager,,OFF SHIP: White;0;Green;198;Yellow;50;Red;14;Black;238;ON SHIP: White;0;Green;0;Yellow;0;Red;0;Evacuees to Transfer;
2436.96,199,evacuee,outES,Evacuee 381 in triage category G is not assigned a helicopter
2436.96,199,evacuee,,Evacuee;381;in triage state;Y;is at the evacuation site
2437.09,3,evacueeManager,,OFF SHIP: White;0;Green;197;Yellow;51;Red;14;Black;238;ON SHIP: White;0;Green;0;Yellow;0;Red;0;Evacuees to Transfer;
2437.09,1251,evacuee,outES,Evacuee 123 in triage category G is not assigned a helicopter
2437.09,1251,evacuee,,Evacuee;123;in triage state;Y;is at the evacuation site
2440.55,3,evacueeManager,,OFF SHIP: White;0;Green;196;Yellow;52;Red;14;Black;238;ON SHIP: White;0;Green;0;Yellow;0;Red;0;Evacuees to Transfer;
2440.55,898,evacuee,outES,Evacuee 246 in triage category G is not assigned a helicopter
2440.55,898,evacuee,,Evacuee;246;in triage state;Y;is at the evacuation site
2443.58,3,evacueeManager,,OFF SHIP: White;0;Green;196;Yellow;51;Red;15;Black;238;ON SHIP: White;0;Green;0;Yellow;0;Red;0;Evacuees to Transfer;
2443.58,1099,evacuee,outES,Evacuee 391 in triage category Y is not assigned a helicopter
2443.58,1099,evacuee,,Evacuee;391;in triage state;R;is at the evacuation site
2446.46,3,evacueeManager,,OFF SHIP: White;0;Green;195;Yellow;52;Red;15;Black;238;ON SHIP: White;0;Green;0;Yellow;0;Red;0;Evacuees to Transfer;
2446.46,411,evacuee,outES,Evacuee 281 in triage category G is not assigned a helicopter
2446.46,411,evacuee,,Evacuee;281;in triage state;Y;is at the evacuation site
2453.04,3,evacueeManager,,OFF SHIP: White;0;Green;195;Yellow;51;Red;16;Black;238;ON SHIP: White;0;Green;0;Yellow;0;Red;0;Evacuees to Transfer;
2453.04,604,evacuee,outES,Evacuee 324 in triage category Y is not assigned a helicopter
2453.04,604,evacuee,,Evacuee;324;in triage state;R;is at the evacuation site
2455.73,3,evacueeManager,,OFF SHIP: White;0;Green;194;Yellow;52;Red;16;Black;238;ON SHIP: White;0;Green;0;Yellow;0;Red;0;Evacuees to Transfer;
2455.73,1389,evacuee,outES,Evacuee 201 in triage category G is not assigned a helicopter
2455.73,1389,evacuee,,Evacuee;201;in triage state;Y;is at the evacuation site
2457.15,3,evacueeManager,,OFF SHIP: White;0;Green;193;Yellow;53;Red;16;Black;238;ON SHIP: White;0;Green;0;Yellow;0;Red;0;Evacuees to Transfer;
2457.15,1458,evacuee,outES,Evacuee 164 in triage category G is not assigned a helicopter
2457.15,1458,evacuee,,Evacuee;164;in triage state;Y;is at the evacuation site
2459.87,3,evacueeManager,,OFF SHIP: White;0;Green;193;Yellow;52;Red;17;Black;238;ON SHIP: White;0;Green;0;Yellow;0;Red;0;Evacuees to Transfer;
2459.87,667,evacuee,outES,Evacuee 356 in triage category Y is not assigned a helicopter
2459.87,667,evacuee,,Evacuee;356;in triage state;R;is at the evacuation site
2461.93,3,evacueeManager,,OFF SHIP: White;0;Green;193;Yellow;52;Red;16;Black;239;ON SHIP: White;0;Green;0;Yellow;0;Red;0;Evacuees to Transfer;
2461.93,757,evacuee,outES,Evacuee 218 in triage category R is not assigned a helicopter
2461.93,757,evacuee,,Evacuee;218;in triage state;B;is at the evacuation site
2463.32,3,evacueeManager,,OFF SHIP: White;0;Green;193;Yellow;52;Red;15;Black;240;ON SHIP: White;0;Green;0;Yellow;0;Red;0;Evacuees to Transfer;
2463.32,667,evacuee,outES,Evacuee 356 in triage category R is not assigned a helicopter
2463.32,667,evacuee,,Evacuee;356;in triage state;B;is at the evacuation site
2468.9,3,evacueeManager,,OFF SHIP: White;0;Green;193;Yellow;52;Red;14;Black;241;ON SHIP: White;0;Green;0;Yellow;0;Red;0;Evacuees to Transfer;
2468.9,1099,evacuee,outES,Evacuee 391 in triage category R is not assigned a helicopter
2468.9,1099,evacuee,,Evacuee;391;in triage state;B;is at the evacuation site
2470.87,3,evacueeManager,,OFF SHIP: White;0;Green;193;Yellow;52;Red;13;Black;242;ON SHIP: White;0;Green;0;Yellow;0;Red;0;Evacuees to Transfer;
2470.87,934,evacuee,outES,Evacuee 196 in triage category R is not assigned a helicopter
2470.87,934,evacuee,,Evacuee;196;in triage state;B;is at the evacuation site
2474.23,3,evacueeManager,,OFF SHIP: White;0;Green;193;Yellow;51;Red;14;Black;242;ON SHIP: White;0;Green;0;Yellow;0;Red;0;Evacuees to Transfer;
2474.23,411,evacuee,outES,Evacuee 281 in triage category Y is not assigned a helicopter
2474.23,411,evacuee,,Evacuee;281;in triage state;R;is at the evacuation site
2475.35,3,evacueeManager,,OFF SHIP: White;0;Green;193;Yellow;51;Red;13;Black;243;ON SHIP: White;0;Green;0;Yellow;0;Red;0;Evacuees to Transfer;
2475.35,619,evacuee,outES,Evacuee 93 in triage category R is not assigned a helicopter
2475.35,619,evacuee,,Evacuee;93;in triage state;B;is at the evacuation site
2476.83,3,evacueeManager,,OFF SHIP: White;0;Green;192;Yellow;52;Red;13;Black;243;ON SHIP: White;0;Green;0;Yellow;0;Red;0;Evacuees to Transfer;
2476.83,342,evacuee,outES,Evacuee 313 in triage category G is not assigned a helicopter
2476.83,342,evacuee,,Evacuee;313;in triage state;Y;is at the evacuation site
2479.74,3,evacueeManager,,OFF SHIP: White;0;Green;192;Yellow;52;Red;12;Black;244;ON SHIP: White;0;Green;0;Yellow;0;Red;0;Evacuees to Transfer;
2479.74,892,evacuee,outES,Evacuee 18 in triage category R is not assigned a helicopter
2479.74,892,evacuee,,Evacuee;18;in triage state;B;is at the evacuation site
2480.08,3,evacueeManager,,OFF SHIP: White;0;Green;191;Yellow;53;Red;12;Black;244;ON SHIP: White;0;Green;0;Yellow;0;Red;0;Evacuees to Transfer;
2480.08,760,evacuee,outES,Evacuee 2 in triage category G is not assigned a helicopter
2480.08,760,evacuee,,Evacuee;2;in triage state;Y;is at the evacuation site
2485.6,3,evacueeManager,,OFF SHIP: White;0;Green;191;Yellow;52;Red;13;Black;244;ON SHIP: White;0;Green;0;Yellow;0;Red;0;Evacuees to Transfer;
2485.6,339,evacuee,outES,Evacuee 446 in triage category Y is not assigned a helicopter
2485.6,339,evacuee,,Evacuee;446;in triage state;R;is at the evacuation site
2486.46,3,evacueeManager,,OFF SHIP: White;0;Green;190;Yellow;53;Red;13;Black;244;ON SHIP: White;0;Green;0;Yellow;0;Red;0;Evacuees to Transfer;
2486.46,549,evacuee,outES,Evacuee 106 in triage category G is not assigned a helicopter
2486.46,549,evacuee,,Evacuee;106;in triage state;Y;is at the evacuation site
2487.64,3,evacueeManager,,OFF SHIP: White;0;Green;190;Yellow;52;Red;14;Black;244;ON SHIP: White;0;Green;0;Yellow;0;Red;0;Evacuees to Transfer;
2487.64,459,evacuee,outES,Evacuee 259 in triage category Y is not assigned a helicopter
2487.64,459,evacuee,,Evacuee;259;in triage state;R;is at the evacuation site
2488.8,3,evacueeManager,,OFF SHIP: White;0;Green;190;Yellow;52;Red;13;Black;245;ON SHIP: White;0;Green;0;Yellow;0;Red;0;Evacuees to Transfer;
2488.8,1105,evacuee,outES,Evacuee 55 in triage category R is not assigned a helicopter
2488.8,1105,evacuee,,Evacuee;55;in triage state;B;is at the evacuation site
2497.54,3,evacueeManager,,OFF SHIP: White;0;Green;190;Yellow;51;Red;14;Black;245;ON SHIP: White;0;Green;0;Yellow;0;Red;0;Evacuees to Transfer;
2497.54,760,evacuee,outES,Evacuee 2 in triage category Y is not assigned a helicopter
2497.54,760,evacuee,,Evacuee;2;in triage state;R;is at the evacuation site
2497.69,3,evacueeManager,,OFF SHIP: White;0;Green;190;Yellow;50;Red;15;Black;245;ON SHIP: White;0;Green;0;Yellow;0;Red;0;Evacuees to Transfer;
2497.69,27,evacuee,outES,Evacuee 486 in triage category Y is not assigned a helicopter
2497.69,27,evacuee,,Evacuee;486;in triage state;R;is at the evacuation site
2497.95,3,evacueeManager,,OFF SHIP: White;0;Green;190;Yellow;49;Red;16;Black;245;ON SHIP: White;0;Green;0;Yellow;0;Red;0;Evacuees to Transfer;
2497.95,184,evacuee,outES,Evacuee 384 in triage category Y is not assigned a helicopter
2497.95,184,evacuee,,Evacuee;384;in triage state;R;is at the evacuation site
2497.97,3,evacueeManager,,OFF SHIP: White;0;Green;190;Yellow;48;Red;17;Black;245;ON SHIP: White;0;Green;0;Yellow;0;Red;0;Evacuees to Transfer;
2497.97,1521,evacuee,outES,Evacuee 254 in triage category Y is not assigned a helicopter
2497.97,1521,evacuee,,Evacuee;254;in triage state;R;is at the evacuation site
2498.85,3,evacueeManager,,OFF SHIP: White;0;Green;190;Yellow;48;Red;16;Black;246;ON SHIP: White;0;Green;0;Yellow;0;Red;0;Evacuees to Transfer;
2498.85,1102,evacuee,outES,Evacuee 388 in triage category R is not assigned a helicopter
2498.85,1102,evacuee,,Evacuee;388;in triage state;B;is at the evacuation site
2504.27,3,evacueeManager,,OFF SHIP: White;0;Green;190;Yellow;47;Red;17;Black;246;ON SHIP: White;0;Green;0;Yellow;0;Red;0;Evacuees to Transfer;
2504.27,688,evacuee,outES,Evacuee 165 in triage category Y is not assigned a helicopter
2504.27,688,evacuee,,Evacuee;165;in triage state;R;is at the evacuation site
2504.66,3,evacueeManager,,OFF SHIP: White;0;Green;190;Yellow;47;Red;16;Black;247;ON SHIP: White;0;Green;0;Yellow;0;Red;0;Evacuees to Transfer;
2504.66,760,evacuee,outES,Evacuee 2 in triage category R is not assigned a helicopter
2504.66,760,evacuee,,Evacuee;2;in triage state;B;is at the evacuation site
2504.8,3,evacueeManager,,OFF SHIP: White;0;Green;190;Yellow;47;Red;15;Black;248;ON SHIP: White;0;Green;0;Yellow;0;Red;0;Evacuees to Transfer;
2504.8,826,evacuee,outES,Evacuee 85 in triage category R is not assigned a helicopter
2504.8,826,evacuee,,Evacuee;85;in triage state;B;is at the evacuation site
2509.28,3,evacueeManager,,OFF SHIP: White;0;Green;190;Yellow;46;Red;16;Black;248;ON SHIP: White;0;Green;0;Yellow;0;Red;0;Evacuees to Transfer;
2509.28,1371,evacuee,outES,Evacuee 195 in triage category Y is not assigned a helicopter
2509.28,1371,evacuee,,Evacuee;195;in triage state;R;is at the evacuation site
2510.72,3,evacueeManager,,OFF SHIP: White;0;Green;190;Yellow;46;Red;15;Black;249;ON SHIP: White;0;Green;0;Yellow;0;Red;0;Evacuees to Transfer;
2510.72,604,evacuee,outES,Evacuee 324 in triage category R is not assigned a helicopter
2510.72,604,evacuee,,Evacuee;324;in triage state;B;is at the evacuation site
2513.16,3,evacueeManager,,OFF SHIP: White;0;Green;190;Yellow;45;Red;16;Black;249;ON SHIP: White;0;Green;0;Yellow;0;Red;0;Evacuees to Transfer;
2513.16,613,evacuee,outES,Evacuee 361 in triage category Y is not assigned a helicopter
2513.16,613,evacuee,,Evacuee;361;in triage state;R;is at the evacuation site
2513.82,3,evacueeManager,,OFF SHIP: White;0;Green;190;Yellow;45;Red;15;Black;250;ON SHIP: White;0;Green;0;Yellow;0;Red;0;Evacuees to Transfer;
2513.82,1160,evacuee,outES,Evacuee 57 in triage category R is not assigned a helicopter
2513.82,1160,evacuee,,Evacuee;57;in triage state;B;is at the evacuation site
2519.68,3,evacueeManager,,OFF SHIP: White;0;Green;190;Yellow;45;Red;14;Black;251;ON SHIP: White;0;Green;0;Yellow;0;Red;0;Evacuees to Transfer;
2519.68,411,evacuee,outES,Evacuee 281 in triage category R is not assigned a helicopter
2519.68,411,evacuee,,Evacuee;281;in triage state;B;is at the evacuation site
2521.61,3,evacueeManager,,OFF SHIP: White;0;Green;189;Yellow;46;Red;14;Black;251;ON SHIP: White;0;Green;0;Yellow;0;Red;0;Evacuees to Transfer;
2521.61,691,evacuee,outES,Evacuee 454 in triage category G is not assigned a helicopter
2521.61,691,evacuee,,Evacuee;454;in triage state;Y;is at the evacuation site
2524.47,3,evacueeManager,,OFF SHIP: White;0;Green;189;Yellow;46;Red;13;Black;252;ON SHIP: White;0;Green;0;Yellow;0;Red;0;Evacuees to Transfer;
2524.47,339,evacuee,outES,Evacuee 446 in triage category R is not assigned a helicopter
2524.47,339,evacuee,,Evacuee;446;in triage state;B;is at the evacuation site
2524.71,3,evacueeManager,,OFF SHIP: White;0;Green;189;Yellow;46;Red;12;Black;253;ON SHIP: White;0;Green;0;Yellow;0;Red;0;Evacuees to Transfer;
2524.71,1521,evacuee,outES,Evacuee 254 in triage category R is not assigned a helicopter
2524.71,1521,evacuee,,Evacuee;254;in triage state;B;is at the evacuation site
2530.99,3,evacueeManager,,OFF SHIP: White;0;Green;188;Yellow;47;Red;12;Black;253;ON SHIP: White;0;Green;0;Yellow;0;Red;0;Evacuees to Transfer;
2530.99,622,evacuee,outES,Evacuee 136 in triage category G is not assigned a helicopter
2530.99,622,evacuee,,Evacuee;136;in triage state;Y;is at the evacuation site
2533.11,3,evacueeManager,,OFF SHIP: White;0;Green;188;Yellow;47;Red;11;Black;254;ON SHIP: White;0;Green;0;Yellow;0;Red;0;Evacuees to Transfer;
2533.11,266,evacuee,outES,Evacuee 348 in triage category R is not assigned a helicopter
2533.11,266,evacuee,,Evacuee;348;in triage state;B;is at the evacuation site
2534.51,3,evacueeManager,,OFF SHIP: White;0;Green;188;Yellow;47;Red;10;Black;255;ON SHIP: White;0;Green;0;Yellow;0;Red;0;Evacuees to Transfer;
2534.51,459,evacuee,outES,Evacuee 259 in triage category R is not assigned a helicopter
2534.51,459,evacuee,,Evacuee;259;in triage state;B;is at the evacuation site
2539.51,3,evacueeManager,,OFF SHIP: White;0;Green;188;Yellow;46;Red;11;Black;255;ON SHIP: White;0;Green;0;Yellow;0;Red;0;Evacuees to Transfer;
2539.51,199,evacuee,outES,Evacuee 381 in triage category Y is not assigned a helicopter
2539.51,199,evacuee,,Evacuee;381;in triage state;R;is at the evacuation site
2542.3,3,evacueeManager,,OFF SHIP: White;0;Green;188;Yellow;45;Red;12;Black;255;ON SHIP: White;0;Green;0;Yellow;0;Red;0;Evacuees to Transfer;
2542.3,66,evacuee,outES,Evacuee 462 in triage category Y is not assigned a helicopter
2542.3,66,evacuee,,Evacuee;462;in triage state;R;is at the evacuation site
2546.37,3,evacueeManager,,OFF SHIP: White;0;Green;188;Yellow;45;Red;11;Black;256;ON SHIP: White;0;Green;0;Yellow;0;Red;0;Evacuees to Transfer;
2546.37,688,evacuee,outES,Evacuee 165 in triage category R is not assigned a helicopter
2546.37,688,evacuee,,Evacuee;165;in triage state;B;is at the evacuation site
2546.44,3,evacueeManager,,OFF SHIP: White;0;Green;188;Yellow;44;Red;12;Black;256;ON SHIP: White;0;Green;0;Yellow;0;Red;0;Evacuees to Transfer;
2546.44,961,evacuee,outES,Evacuee 418 in triage category Y is not assigned a helicopter
2546.44,961,evacuee,,Evacuee;418;in triage state;R;is at the evacuation site
2548.99,3,evacueeManager,,OFF SHIP: White;0;Green;188;Yellow;43;Red;13;Black;256;ON SHIP: White;0;Green;0;Yellow;0;Red;0;Evacuees to Transfer;
2548.99,1166,evacuee,outES,Evacuee 261 in triage category Y is not assigned a helicopter
2548.99,1166,evacuee,,Evacuee;261;in triage state;R;is at the evacuation site
2562.94,3,evacueeManager,,OFF SHIP: White;0;Green;188;Yellow;42;Red;14;Black;256;ON SHIP: White;0;Green;0;Yellow;0;Red;0;Evacuees to Transfer;
2562.94,898,evacuee,outES,Evacuee 246 in triage category Y is not assigned a helicopter
2562.94,898,evacuee,,Evacuee;246;in triage state;R;is at the evacuation site
2564.59,3,evacueeManager,,OFF SHIP: White;0;Green;188;Yellow;42;Red;13;Black;257;ON SHIP: White;0;Green;0;Yellow;0;Red;0;Evacuees to Transfer;
2564.59,682,evacuee,outES,Evacuee 156 in triage category R is not assigned a helicopter
2564.59,682,evacuee,,Evacuee;156;in triage state;B;is at the evacuation site
2573.94,3,evacueeManager,,OFF SHIP: White;0;Green;187;Yellow;43;Red;13;Black;257;ON SHIP: White;0;Green;0;Yellow;0;Red;0;Evacuees to Transfer;
2573.94,69,evacuee,outES,Evacuee 461 in triage category G is not assigned a helicopter
2573.94,69,evacuee,,Evacuee;461;in triage state;Y;is at the evacuation site
2577,3,evacueeManager,,OFF SHIP: White;0;Green;187;Yellow;42;Red;14;Black;257;ON SHIP: White;0;Green;0;Yellow;0;Red;0;Evacuees to Transfer;
2577,1169,evacuee,outES,Evacuee 45 in triage category Y is not assigned a helicopter
2577,1169,evacuee,,Evacuee;45;in triage state;R;is at the evacuation site
2578.05,3,evacueeManager,,OFF SHIP: White;0;Green;187;Yellow;42;Red;13;Black;258;ON SHIP: White;0;Green;0;Yellow;0;Red;0;Evacuees to Transfer;
2578.05,616,evacuee,outES,Evacuee 342 in triage category R is not assigned a helicopter
2578.05,616,evacuee,,Evacuee;342;in triage state;B;is at the evacuation site
2586.9,3,evacueeManager,,OFF SHIP: White;0;Green;187;Yellow;42;Red;12;Black;259;ON SHIP: White;0;Green;0;Yellow;0;Red;0;Evacuees to Transfer;
2586.9,184,evacuee,outES,Evacuee 384 in triage category R is not assigned a helicopter
2586.9,184,evacuee,,Evacuee;384;in triage state;B;is at the evacuation site
2592.58,3,evacueeManager,,OFF SHIP: White;0;Green;187;Yellow;42;Red;11;Black;260;ON SHIP: White;0;Green;0;Yellow;0;Red;0;Evacuees to Transfer;
2592.58,199,evacuee,outES,Evacuee 381 in triage category R is not assigned a helicopter
2592.58,199,evacuee,,Evacuee;381;in triage state;B;is at the evacuation site
2594.45,3,evacueeManager,,OFF SHIP: White;0;Green;187;Yellow;42;Red;10;Black;261;ON SHIP: White;0;Green;0;Yellow;0;Red;0;Evacuees to Transfer;
2594.45,1169,evacuee,outES,Evacuee 45 in triage category R is not assigned a helicopter
2594.45,1169,evacuee,,Evacuee;45;in triage state;B;is at the evacuation site
2595.7,3,evacueeManager,,OFF SHIP: White;0;Green;187;Yellow;41;Red;11;Black;261;ON SHIP: White;0;Green;0;Yellow;0;Red;0;Evacuees to Transfer;
2595.7,967,evacuee,outES,Evacuee 37 in triage category Y is not assigned a helicopter
2595.7,967,evacuee,,Evacuee;37;in triage state;R;is at the evacuation site
2598.66,3,evacueeManager,,OFF SHIP: White;0;Green;187;Yellow;41;Red;10;Black;262;ON SHIP: White;0;Green;0;Yellow;0;Red;0;Evacuees to Transfer;
2598.66,961,evacuee,outES,Evacuee 418 in triage category R is not assigned a helicopter
2598.66,961,evacuee,,Evacuee;418;in triage state;B;is at the evacuation site
2598.91,3,evacueeManager,,OFF SHIP: White;0;Green;187;Yellow;41;Red;9;Black;263;ON SHIP: White;0;Green;0;Yellow;0;Red;0;Evacuees to Transfer;
2598.91,613,evacuee,outES,Evacuee 361 in triage category R is not assigned a helicopter
2598.91,613,evacuee,,Evacuee;361;in triage state;B;is at the evacuation site
2600.06,3,evacueeManager,,OFF SHIP: White;0;Green;187;Yellow;40;Red;10;Black;263;ON SHIP: White;0;Green;0;Yellow;0;Red;0;Evacuees to Transfer;
2600.06,1305,evacuee,outES,Evacuee 230 in triage category Y is not assigned a helicopter
2600.06,1305,evacuee,,Evacuee;230;in triage state;R;is at the evacuation site
2603.5,3,evacueeManager,,OFF SHIP: White;0;Green;187;Yellow;40;Red;9;Black;264;ON SHIP: White;0;Green;0;Yellow;0;Red;0;Evacuees to Transfer;
2603.5,477,evacuee,outES,Evacuee 122 in triage category R is not assigned a helicopter
2603.5,477,evacuee,,Evacuee;122;in triage state;B;is at the evacuation site
2606.59,3,evacueeManager,,OFF SHIP: White;0;Green;187;Yellow;39;Red;10;Black;264;ON SHIP: White;0;Green;0;Yellow;0;Red;0;Evacuees to Transfer;
2606.59,1455,evacuee,outES,Evacuee 225 in triage category Y is not assigned a helicopter
2606.59,1455,evacuee,,Evacuee;225;in triage state;R;is at the evacuation site
2608.59,3,evacueeManager,,OFF SHIP: White;0;Green;187;Yellow;39;Red;9;Black;265;ON SHIP: White;0;Green;0;Yellow;0;Red;0;Evacuees to Transfer;
2608.59,967,evacuee,outES,Evacuee 37 in triage category R is not assigned a helicopter
2608.59,967,evacuee,,Evacuee;37;in triage state;B;is at the evacuation site
2610.37,3,evacueeManager,,OFF SHIP: White;0;Green;187;Yellow;39;Red;8;Black;266;ON SHIP: White;0;Green;0;Yellow;0;Red;0;Evacuees to Transfer;
2610.37,27,evacuee,outES,Evacuee 486 in triage category R is not assigned a helicopter
2610.37,27,evacuee,,Evacuee;486;in triage state;B;is at the evacuation site
2615.31,3,evacueeManager,,OFF SHIP: White;0;Green;187;Yellow;38;Red;9;Black;266;ON SHIP: White;0;Green;0;Yellow;0;Red;0;Evacuees to Transfer;
2615.31,1506,evacuee,outES,Evacuee 247 in triage category Y is not assigned a helicopter
2615.31,1506,evacuee,,Evacuee;247;in triage state;R;is at the evacuation site
2617.65,3,evacueeManager,,OFF SHIP: White;0;Green;187;Yellow;38;Red;8;Black;267;ON SHIP: White;0;Green;0;Yellow;0;Red;0;Evacuees to Transfer;
2617.65,898,evacuee,outES,Evacuee 246 in triage category R is not assigned a helicopter
2617.65,898,evacuee,,Evacuee;246;in triage state;B;is at the evacuation site
2618.07,3,evacueeManager,,OFF SHIP: White;0;Green;187;Yellow;37;Red;9;Black;267;ON SHIP: White;0;Green;0;Yellow;0;Red;0;Evacuees to Transfer;
2618.07,540,evacuee,outES,Evacuee 373 in triage category Y is not assigned a helicopter
2618.07,540,evacuee,,Evacuee;373;in triage state;R;is at the evacuation site
2618.49,3,evacueeManager,,OFF SHIP: White;0;Green;186;Yellow;38;Red;9;Black;267;ON SHIP: White;0;Green;0;Yellow;0;Red;0;Evacuees to Transfer;
2618.49,1108,evacuee,outES,Evacuee 48 in triage category G is not assigned a helicopter
2618.49,1108,evacuee,,Evacuee;48;in triage state;Y;is at the evacuation site
2625.7,3,evacueeManager,,OFF SHIP: White;0;Green;186;Yellow;37;Red;10;Black;267;ON SHIP: White;0;Green;0;Yellow;0;Red;0;Evacuees to Transfer;
2625.7,393,evacuee,outES,Evacuee 287 in triage category Y is not assigned a helicopter
2625.7,393,evacuee,,Evacuee;287;in triage state;R;is at the evacuation site
2628.31,3,evacueeManager,,OFF SHIP: White;0;Green;186;Yellow;37;Red;9;Black;268;ON SHIP: White;0;Green;0;Yellow;0;Red;0;Evacuees to Transfer;
2628.31,1506,evacuee,outES,Evacuee 247 in triage category R is not assigned a helicopter
2628.31,1506,evacuee,,Evacuee;247;in triage state;B;is at the evacuation site
2637.74,3,evacueeManager,,OFF SHIP: White;0;Green;186;Yellow;37;Red;8;Black;269;ON SHIP: White;0;Green;0;Yellow;0;Red;0;Evacuees to Transfer;
2637.74,540,evacuee,outES,Evacuee 373 in triage category R is not assigned a helicopter
2637.74,540,evacuee,,Evacuee;373;in triage state;B;is at the evacuation site
2638.57,3,evacueeManager,,OFF SHIP: White;0;Green;186;Yellow;36;Red;9;Black;269;ON SHIP: White;0;Green;0;Yellow;0;Red;0;Evacuees to Transfer;
2638.57,1320,evacuee,outES,Evacuee 177 in triage category Y is not assigned a helicopter
2638.57,1320,evacuee,,Evacuee;177;in triage state;R;is at the evacuation site
2650.38,3,evacueeManager,,OFF SHIP: White;0;Green;186;Yellow;36;Red;8;Black;270;ON SHIP: White;0;Green;0;Yellow;0;Red;0;Evacuees to Transfer;
2650.38,534,evacuee,outES,Evacuee 299 in triage category R is not assigned a helicopter
2650.38,534,evacuee,,Evacuee;299;in triage state;B;is at the evacuation site
2651.44,3,evacueeManager,,OFF SHIP: White;0;Green;186;Yellow;35;Red;9;Black;270;ON SHIP: White;0;Green;0;Yellow;0;Red;0;Evacuees to Transfer;
2651.44,964,evacuee,outES,Evacuee 75 in triage category Y is not assigned a helicopter
2651.44,964,evacuee,,Evacuee;75;in triage state;R;is at the evacuation site
2653.08,3,evacueeManager,,OFF SHIP: White;0;Green;186;Yellow;35;Red;8;Black;271;ON SHIP: White;0;Green;0;Yellow;0;Red;0;Evacuees to Transfer;
2653.08,1455,evacuee,outES,Evacuee 225 in triage category R is not assigned a helicopter
2653.08,1455,evacuee,,Evacuee;225;in triage state;B;is at the evacuation site
2655.09,3,evacueeManager,,OFF SHIP: White;0;Green;186;Yellow;34;Red;9;Black;271;ON SHIP: White;0;Green;0;Yellow;0;Red;0;Evacuees to Transfer;
2655.09,1108,evacuee,outES,Evacuee 48 in triage category Y is not assigned a helicopter
2655.09,1108,evacuee,,Evacuee;48;in triage state;R;is at the evacuation site
2662.89,3,evacueeManager,,OFF SHIP: White;0;Green;186;Yellow;34;Red;8;Black;272;ON SHIP: White;0;Green;0;Yellow;0;Red;0;Evacuees to Transfer;
2662.89,1305,evacuee,outES,Evacuee 230 in triage category R is not assigned a helicopter
2662.89,1305,evacuee,,Evacuee;230;in triage state;B;is at the evacuation site
2664.11,3,evacueeManager,,OFF SHIP: White;0;Green;186;Yellow;34;Red;7;Black;273;ON SHIP: White;0;Green;0;Yellow;0;Red;0;Evacuees to Transfer;
2664.11,964,evacuee,outES,Evacuee 75 in triage category R is not assigned a helicopter
2664.11,964,evacuee,,Evacuee;75;in triage state;B;is at the evacuation site
2667.07,3,evacueeManager,,OFF SHIP: White;0;Green;185;Yellow;35;Red;7;Black;273;ON SHIP: White;0;Green;0;Yellow;0;Red;0;Evacuees to Transfer;
2667.07,1530,evacuee,outES,Evacuee 258 in triage category G is not assigned a helicopter
2667.07,1530,evacuee,,Evacuee;258;in triage state;Y;is at the evacuation site
2667.76,3,evacueeManager,,OFF SHIP: White;0;Green;184;Yellow;36;Red;7;Black;273;ON SHIP: White;0;Green;0;Yellow;0;Red;0;Evacuees to Transfer;
2667.76,1039,evacuee,outES,Evacuee 24 in triage category G is not assigned a helicopter
2667.76,1039,evacuee,,Evacuee;24;in triage state;Y;is at the evacuation site
2668.41,3,evacueeManager,,OFF SHIP: White;0;Green;184;Yellow;36;Red;6;Black;274;ON SHIP: White;0;Green;0;Yellow;0;Red;0;Evacuees to Transfer;
2668.41,1320,evacuee,outES,Evacuee 177 in triage category R is not assigned a helicopter
2668.41,1320,evacuee,,Evacuee;177;in triage state;B;is at the evacuation site
2669.61,3,evacueeManager,,OFF SHIP: White;0;Green;184;Yellow;36;Red;5;Black;275;ON SHIP: White;0;Green;0;Yellow;0;Red;0;Evacuees to Transfer;
2669.61,1166,evacuee,outES,Evacuee 261 in triage category R is not assigned a helicopter
2669.61,1166,evacuee,,Evacuee;261;in triage state;B;is at the evacuation site
2678.33,3,evacueeManager,,OFF SHIP: White;0;Green;183;Yellow;37;Red;5;Black;275;ON SHIP: White;0;Green;0;Yellow;0;Red;0;Evacuees to Transfer;
2678.33,483,evacuee,outES,Evacuee 276 in triage category G is not assigned a helicopter
2678.33,483,evacuee,,Evacuee;276;in triage state;Y;is at the evacuation site
2690.35,3,evacueeManager,,OFF SHIP: White;0;Green;183;Yellow;36;Red;6;Black;275;ON SHIP: White;0;Green;0;Yellow;0;Red;0;Evacuees to Transfer;
2690.35,118,evacuee,outES,Evacuee 428 in triage category Y is not assigned a helicopter
2690.35,118,evacuee,,Evacuee;428;in triage state;R;is at the evacuation site
2691.97,3,evacueeManager,,OFF SHIP: White;0;Green;183;Yellow;35;Red;7;Black;275;ON SHIP: White;0;Green;0;Yellow;0;Red;0;Evacuees to Transfer;
2691.97,1530,evacuee,outES,Evacuee 258 in triage category Y is not assigned a helicopter
2691.97,1530,evacuee,,Evacuee;258;in triage state;R;is at the evacuation site
2696.64,3,evacueeManager,,OFF SHIP: White;0;Green;182;Yellow;36;Red;7;Black;275;ON SHIP: White;0;Green;0;Yellow;0;Red;0;Evacuees to Transfer;
2696.64,272,evacuee,outES,Evacuee 341 in triage category G is not assigned a helicopter
2696.64,272,evacuee,,Evacuee;341;in triage state;Y;is at the evacuation site
2697.06,3,evacueeManager,,OFF SHIP: White;0;Green;182;Yellow;35;Red;8;Black;275;ON SHIP: White;0;Green;0;Yellow;0;Red;0;Evacuees to Transfer;
2697.06,691,evacuee,outES,Evacuee 454 in triage category Y is not assigned a helicopter
2697.06,691,evacuee,,Evacuee;454;in triage state;R;is at the evacuation site
2698.75,3,evacueeManager,,OFF SHIP: White;0;Green;182;Yellow;35;Red;7;Black;276;ON SHIP: White;0;Green;0;Yellow;0;Red;0;Evacuees to Transfer;
2698.75,691,evacuee,outES,Evacuee 454 in triage category R is not assigned a helicopter
2698.75,691,evacuee,,Evacuee;454;in triage state;B;is at the evacuation site
2701.94,3,evacueeManager,,OFF SHIP: White;0;Green;182;Yellow;35;Red;6;Black;277;ON SHIP: White;0;Green;0;Yellow;0;Red;0;Evacuees to Transfer;
2701.94,393,evacuee,outES,Evacuee 287 in triage category R is not assigned a helicopter
2701.94,393,evacuee,,Evacuee;287;in triage state;B;is at the evacuation site
2702.35,3,evacueeManager,,OFF SHIP: White;0;Green;182;Yellow;35;Red;5;Black;278;ON SHIP: White;0;Green;0;Yellow;0;Red;0;Evacuees to Transfer;
2702.35,1033,evacuee,outES,Evacuee 255 in triage category R is not assigned a helicopter
2702.35,1033,evacuee,,Evacuee;255;in triage state;B;is at the evacuation site
2708.31,3,evacueeManager,,OFF SHIP: White;0;Green;181;Yellow;36;Red;5;Black;278;ON SHIP: White;0;Green;0;Yellow;0;Red;0;Evacuees to Transfer;
2708.31,1323,evacuee,outES,Evacuee 435 in triage category G is not assigned a helicopter
2708.31,1323,evacuee,,Evacuee;435;in triage state;Y;is at the evacuation site
2712.24,3,evacueeManager,,OFF SHIP: White;0;Green;181;Yellow;35;Red;6;Black;278;ON SHIP: White;0;Green;0;Yellow;0;Red;0;Evacuees to Transfer;
2712.24,1090,evacuee,outES,Evacuee 336 in triage category Y is not assigned a helicopter
2712.24,1090,evacuee,,Evacuee;336;in triage state;R;is at the evacuation site
2716.62,3,evacueeManager,,OFF SHIP: White;0;Green;180;Yellow;36;Red;6;Black;278;ON SHIP: White;0;Green;0;Yellow;0;Red;0;Evacuees to Transfer;
2716.62,142,evacuee,outES,Evacuee 409 in triage category G is not assigned a helicopter
2716.62,142,evacuee,,Evacuee;409;in triage state;Y;is at the evacuation site
2716.76,3,evacueeManager,,OFF SHIP: White;0;Green;179;Yellow;37;Red;6;Black;278;ON SHIP: White;0;Green;0;Yellow;0;Red;0;Evacuees to Transfer;
2716.76,1185,evacuee,outES,Evacuee 60 in triage category G is not assigned a helicopter
2716.76,1185,evacuee,,Evacuee;60;in triage state;Y;is at the evacuation site
2719.72,3,evacueeManager,,OFF SHIP: White;0;Green;179;Yellow;36;Red;7;Black;278;ON SHIP: White;0;Green;0;Yellow;0;Red;0;Evacuees to Transfer;
2719.72,1039,evacuee,outES,Evacuee 24 in triage category Y is not assigned a helicopter
2719.72,1039,evacuee,,Evacuee;24;in triage state;R;is at the evacuation site
2729.78,3,evacueeManager,,OFF SHIP: White;0;Green;178;Yellow;37;Red;7;Black;278;ON SHIP: White;0;Green;0;Yellow;0;Red;0;Evacuees to Transfer;
2729.78,202,evacuee,outES,Evacuee 427 in triage category G is not assigned a helicopter
2729.78,202,evacuee,,Evacuee;427;in triage state;Y;is at the evacuation site
2730,1173,helicopter,,Helicopter;1;Is going to the evacuation site;;and has;0;spots taken
2730.16,3,evacueeManager,,OFF SHIP: White;0;Green;178;Yellow;36;Red;8;Black;278;ON SHIP: White;0;Green;0;Yellow;0;Red;0;Evacuees to Transfer;
2730.16,1323,evacuee,outES,Evacuee 435 in triage category Y is not assigned a helicopter
2730.16,1323,evacuee,,Evacuee;435;in triage state;R;is at the evacuation site
2735.75,3,evacueeManager,,OFF SHIP: White;0;Green;177;Yellow;37;Red;8;Black;278;ON SHIP: White;0;Green;0;Yellow;0;Red;0;Evacuees to Transfer;
2735.75,1254,evacuee,outES,Evacuee 159 in triage category G is not assigned a helicopter
2735.75,1254,evacuee,,Evacuee;159;in triage state;Y;is at the evacuation site
2738.23,3,evacueeManager,,OFF SHIP: White;0;Green;177;Yellow;37;Red;7;Black;279;ON SHIP: White;0;Green;0;Yellow;0;Red;0;Evacuees to Transfer;
2738.23,1323,evacuee,outES,Evacuee 435 in triage category R is not assigned a helicopter
2738.23,1323,evacuee,,Evacuee;435;in triage state;B;is at the evacuation site
2739.59,3,evacueeManager,,OFF SHIP: White;0;Green;176;Yellow;38;Red;7;Black;279;ON SHIP: White;0;Green;0;Yellow;0;Red;0;Evacuees to Transfer;
2739.59,901,evacuee,outES,Evacuee 22 in triage category G is not assigned a helicopter
2739.59,901,evacuee,,Evacuee;22;in triage state;Y;is at the evacuation site
2748.65,3,evacueeManager,,OFF SHIP: White;0;Green;176;Yellow;38;Red;6;Black;280;ON SHIP: White;0;Green;0;Yellow;0;Red;0;Evacuees to Transfer;
2748.65,66,evacuee,outES,Evacuee 462 in triage category R is not assigned a helicopter
2748.65,66,evacuee,,Evacuee;462;in triage state;B;is at the evacuation site
2752,3,evacueeManager,,OFF SHIP: White;0;Green;175;Yellow;39;Red;6;Black;280;ON SHIP: White;0;Green;0;Yellow;0;Red;0;Evacuees to Transfer;
2752,414,evacuee,outES,Evacuee 280 in triage category G is not assigned a helicopter
2752,414,evacuee,,Evacuee;280;in triage state;Y;is at the evacuation site
2756.43,3,evacueeManager,,OFF SHIP: White;0;Green;174;Yellow;40;Red;6;Black;280;ON SHIP: White;0;Green;0;Yellow;0;Red;0;Evacuees to Transfer;
2756.43,1392,evacuee,outES,Evacuee 11 in triage category G is not assigned a helicopter
2756.43,1392,evacuee,,Evacuee;11;in triage state;Y;is at the evacuation site
2756.65,3,evacueeManager,,OFF SHIP: White;0;Green;174;Yellow;39;Red;7;Black;280;ON SHIP: White;0;Green;0;Yellow;0;Red;0;Evacuees to Transfer;
2756.65,1185,evacuee,outES,Evacuee 60 in triage category Y is not assigned a helicopter
2756.65,1185,evacuee,,Evacuee;60;in triage state;R;is at the evacuation site
2761.45,3,evacueeManager,,OFF SHIP: White;0;Green;173;Yellow;40;Red;7;Black;280;ON SHIP: White;0;Green;0;Yellow;0;Red;0;Evacuees to Transfer;
2761.45,832,evacuee,outES,Evacuee 71 in triage category G is not assigned a helicopter
2761.45,832,evacuee,,Evacuee;71;in triage state;Y;is at the evacuation site
2763.89,3,evacueeManager,,OFF SHIP: White;0;Green;172;Yellow;41;Red;7;Black;280;ON SHIP: White;0;Green;0;Yellow;0;Red;0;Evacuees to Transfer;
2763.89,1461,evacuee,outES,Evacuee 226 in triage category G is not assigned a helicopter
2763.89,1461,evacuee,,Evacuee;226;in triage state;Y;is at the evacuation site
2768.14,3,evacueeManager,,OFF SHIP: White;0;Green;172;Yellow;41;Red;6;Black;281;ON SHIP: White;0;Green;0;Yellow;0;Red;0;Evacuees to Transfer;
2768.14,1530,evacuee,outES,Evacuee 258 in triage category R is not assigned a helicopter
2768.14,1530,evacuee,,Evacuee;258;in triage state;B;is at the evacuation site
2769.94,3,evacueeManager,,OFF SHIP: White;0;Green;172;Yellow;41;Red;5;Black;282;ON SHIP: White;0;Green;0;Yellow;0;Red;0;Evacuees to Transfer;
2769.94,1108,evacuee,outES,Evacuee 48 in triage category R is not assigned a helicopter
2769.94,1108,evacuee,,Evacuee;48;in triage state;B;is at the evacuation site
2777.55,3,evacueeManager,,OFF SHIP: White;0;Green;171;Yellow;42;Red;5;Black;282;ON SHIP: White;0;Green;0;Yellow;0;Red;0;Evacuees to Transfer;
2777.55,763,evacuee,outES,Evacuee 33 in triage category G is not assigned a helicopter
2777.55,763,evacuee,,Evacuee;33;in triage state;Y;is at the evacuation site
2777.63,3,evacueeManager,,OFF SHIP: White;0;Green;171;Yellow;42;Red;4;Black;283;ON SHIP: White;0;Green;0;Yellow;0;Red;0;Evacuees to Transfer;
2777.63,118,evacuee,outES,Evacuee 428 in triage category R is not assigned a helicopter
2777.63,118,evacuee,,Evacuee;428;in triage state;B;is at the evacuation site
2781.26,3,evacueeManager,,OFF SHIP: White;0;Green;171;Yellow;41;Red;5;Black;283;ON SHIP: White;0;Green;0;Yellow;0;Red;0;Evacuees to Transfer;
2781.26,63,evacuee,outES,Evacuee 463 in triage category Y is not assigned a helicopter
2781.26,63,evacuee,,Evacuee;463;in triage state;R;is at the evacuation site
2785.79,3,evacueeManager,,OFF SHIP: White;0;Green;170;Yellow;42;Red;5;Black;283;ON SHIP: White;0;Green;0;Yellow;0;Red;0;Evacuees to Transfer;
2785.79,345,evacuee,outES,Evacuee 443 in triage category G is not assigned a helicopter
2785.79,345,evacuee,,Evacuee;443;in triage state;Y;is at the evacuation site
2790,1133,helicopter,,Helicopter;2;Is going to the evacuation site;;and has;0;spots taken
2796.51,3,evacueeManager,,OFF SHIP: White;0;Green;169;Yellow;43;Red;5;Black;283;ON SHIP: White;0;Green;0;Yellow;0;Red;0;Evacuees to Transfer;
2796.51,552,evacuee,outES,Evacuee 311 in triage category G is not assigned a helicopter
2796.51,552,evacuee,,Evacuee;311;in triage state;Y;is at the evacuation site
2805.69,3,evacueeManager,,OFF SHIP: White;0;Green;169;Yellow;42;Red;6;Black;283;ON SHIP: White;0;Green;0;Yellow;0;Red;0;Evacuees to Transfer;
2805.69,1449,evacuee,outES,Evacuee 224 in triage category Y is not assigned a helicopter
2805.69,1449,evacuee,,Evacuee;224;in triage state;R;is at the evacuation site
2809.2,3,evacueeManager,,OFF SHIP: White;0;Green;169;Yellow;41;Red;7;Black;283;ON SHIP: White;0;Green;0;Yellow;0;Red;0;Evacuees to Transfer;
2809.2,202,evacuee,outES,Evacuee 427 in triage category Y is not assigned a helicopter
2809.2,202,evacuee,,Evacuee;427;in triage state;R;is at the evacuation site
2812.57,3,evacueeManager,,OFF SHIP: White;0;Green;169;Yellow;40;Red;8;Black;283;ON SHIP: White;0;Green;0;Yellow;0;Red;0;Evacuees to Transfer;
2812.57,676,evacuee,outES,Evacuee 344 in triage category Y is not assigned a helicopter
2812.57,676,evacuee,,Evacuee;344;in triage state;R;is at the evacuation site
2816.01,3,evacueeManager,,OFF SHIP: White;0;Green;169;Yellow;40;Red;7;Black;284;ON SHIP: White;0;Green;0;Yellow;0;Red;0;Evacuees to Transfer;
2816.01,1090,evacuee,outES,Evacuee 336 in triage category R is not assigned a helicopter
2816.01,1090,evacuee,,Evacuee;336;in triage state;B;is at the evacuation site
2816.42,3,evacueeManager,,OFF SHIP: White;0;Green;169;Yellow;40;Red;6;Black;285;ON SHIP: White;0;Green;0;Yellow;0;Red;0;Evacuees to Transfer;
2816.42,202,evacuee,outES,Evacuee 427 in triage category R is not assigned a helicopter
2816.42,202,evacuee,,Evacuee;427;in triage state;B;is at the evacuation site
2823.4,3,evacueeManager,,OFF SHIP: White;0;Green;169;Yellow;40;Red;5;Black;286;ON SHIP: White;0;Green;0;Yellow;0;Red;0;Evacuees to Transfer;
2823.4,1449,evacuee,outES,Evacuee 224 in triage category R is not assigned a helicopter
2823.4,1449,evacuee,,Evacuee;224;in triage state;B;is at the evacuation site
2833.94,3,evacueeManager,,OFF SHIP: White;0;Green;169;Yellow;40;Red;4;Black;287;ON SHIP: White;0;Green;0;Yellow;0;Red;0;Evacuees to Transfer;
2833.94,1185,evacuee,outES,Evacuee 60 in triage category R is not assigned a helicopter
2833.94,1185,evacuee,,Evacuee;60;in triage state;B;is at the evacuation site
2840.1,3,evacueeManager,,OFF SHIP: White;0;Green;168;Yellow;41;Red;4;Black;287;ON SHIP: White;0;Green;0;Yellow;0;Red;0;Evacuees to Transfer;
2840.1,625,evacuee,outES,Evacuee 412 in triage category G is not assigned a helicopter
2840.1,625,evacuee,,Evacuee;412;in triage state;Y;is at the evacuation site
2841.72,3,evacueeManager,,OFF SHIP: White;0;Green;167;Yellow;42;Red;4;Black;287;ON SHIP: White;0;Green;0;Yellow;0;Red;0;Evacuees to Transfer;
2841.72,694,evacuee,outES,Evacuee 440 in triage category G is not assigned a helicopter
2841.72,694,evacuee,,Evacuee;440;in triage state;Y;is at the evacuation site
2850,109,helicopter,,Helicopter;3;Is going to the evacuation site;;and has;0;spots taken
2851.76,3,evacueeManager,,OFF SHIP: White;0;Green;167;Yellow;41;Red;5;Black;287;ON SHIP: White;0;Green;0;Yellow;0;Red;0;Evacuees to Transfer;
2851.76,625,evacuee,outES,Evacuee 412 in triage category Y is not assigned a helicopter
2851.76,625,evacuee,,Evacuee;412;in triage state;R;is at the evacuation site
2859.26,3,evacueeManager,,OFF SHIP: White;0;Green;167;Yellow;41;Red;4;Black;288;ON SHIP: White;0;Green;0;Yellow;0;Red;0;Evacuees to Transfer;
2859.26,676,evacuee,outES,Evacuee 344 in triage category R is not assigned a helicopter
2859.26,676,evacuee,,Evacuee;344;in triage state;B;is at the evacuation site
2863.17,3,evacueeManager,,OFF SHIP: White;0;Green;167;Yellow;41;Red;3;Black;289;ON SHIP: White;0;Green;0;Yellow;0;Red;0;Evacuees to Transfer;
2863.17,1371,evacuee,outES,Evacuee 195 in triage category R is not assigned a helicopter
2863.17,1371,evacuee,,Evacuee;195;in triage state;B;is at the evacuation site
2867.27,3,evacueeManager,,OFF SHIP: White;0;Green;167;Yellow;40;Red;4;Black;289;ON SHIP: White;0;Green;0;Yellow;0;Red;0;Evacuees to Transfer;
2867.27,552,evacuee,outES,Evacuee 311 in triage category Y is not assigned a helicopter
2867.27,552,evacuee,,Evacuee;311;in triage state;R;is at the evacuation site
2878.52,3,evacueeManager,,OFF SHIP: White;0;Green;167;Yellow;39;Red;5;Black;289;ON SHIP: White;0;Green;0;Yellow;0;Red;0;Evacuees to Transfer;
2878.52,1422,evacuee,outES,Evacuee 207 in triage category Y is not assigned a helicopter
2878.52,1422,evacuee,,Evacuee;207;in triage state;R;is at the evacuation site
2880,5,helicopterQueue,,1;Helos are waiting to land;HeloID;1
2880,1173,helicopter,outES,Helicopter 1 is evacuating people1
2880,1173,helicopter,,Helicopter;1;is waiting to land at the evacuation site;;and has;0;spots taken
2880,4,helipadManager,,;No helos are at ES
2880,5,helicopterQueue,outHM,Helicopter 1 is evacuating people1
2880,5,helicopterQueue,outHelo,Helicopter 1 is evacuating people1
2880,5,helicopterQueue,,;No helos are waiting to land
2880,8,filterES,,
2880,108,filterES,,
2880,293,filterES,,
2880,573,filterES,,
2880,1132,filterES,,
2880,1172,filterES,,Helicopter;1;is evacuating people
2880,3,evacueeManager,,OFF SHIP: White;0;Green;157;Yellow;39;Red;5;Black;289;ON SHIP: White;0;Green;0;Yellow;0;Red;0;Evacuees to Transfer;;EvacueeID;5;HeloID;1;OnShip;0;Triage Status;G;EvacueeID;6;HeloID;1;OnShip;0;Triage Status;G;EvacueeID;7;HeloID;1;OnShip;0;Triage Status;G;EvacueeID;9;HeloID;1;OnShip;0;Triage Status;G;EvacueeID;16;HeloID;1;OnShip;0;Triage Status;G;EvacueeID;19;HeloID;1;OnShip;0;Triage Status;G;EvacueeID;20;HeloID;1;OnShip;0;Triage Status;G;EvacueeID;25;HeloID;1;OnShip;0;Triage Status;G;EvacueeID;28;HeloID;1;OnShip;0;Triage Status;G;EvacueeID;32;HeloID;1;OnShip;0;Triage Status;G
2880,4,helipadManager,outEM,Helicopter 1 is evacuating people1
2880,4,helipadManager,,Helo;1;is at the ES
2880,1172,filterES,out,Helicopter 1 is evacuating people1
2880,1172,filterES,,
2880,1173,helicopter,,Helicopter;1;is waiting to land at the evacuation site;;and has;0;spots taken
2880,3,evacueeManager,outEvac,Evacuee 5 in triage category G is assigned helicopter 1
2880,3,evacueeManager,outEvac,Evacuee 6 in triage category G is assigned helicopter 1
2880,3,evacueeManager,outEvac,Evacuee 7 in triage category G is assigned helicopter 1
2880,3,evacueeManager,outEvac,Evacuee 9 in triage category G is assigned helicopter 1
2880,3,evacueeManager,outEvac,Evacuee 16 in triage category G is assigned helicopter 1
2880,3,evacueeManager,outEvac,Evacuee 19 in triage category G is assigned helicopter 1
2880,3,evacueeManager,outEvac,Evacuee 20 in triage category G is assigned helicopter 1
2880,3,evacueeManager,outEvac,Evacuee 25 in triage category G is assigned helicopter 1
2880,3,evacueeManager,outEvac,Evacuee 28 in triage category G is assigned helicopter 1
2880,3,evacueeManager,outEvac,Evacuee 32 in triage category G is assigned helicopter 1
2880,3,evacueeManager,,OFF SHIP: White;0;Green;157;Yellow;39;Red;5;Black;289;ON SHIP: White;0;Green;0;Yellow;0;Red;0;Evacuees to Transfer;
2880,11,filterLoc,,
2880,14,filterLoc,,
2880,17,filterLoc,,
2880,20,filterLoc,,
2880,23,filterLoc,,
2880,26,filterLoc,,
2880,29,filterLoc,,
2880,32,filterLoc,,
2880,35,filterLoc,,
2880,38,filterLoc,,
2880,41,filterLoc,,
2880,44,filterLoc,,
2880,47,filterLoc,,
2880,50,filterLoc,,
2880,53,filterLoc,,
2880,56,filterLoc,,
2880,59,filterLoc,,
2880,62,filterLoc,,
2880,65,filterLoc,,
2880,68,filterLoc,,
2880,71,filterLoc,,
2880,74,filterLoc,,
2880,77,filterLoc,,
2880,80,filterLoc,,
2880,83,filterLoc,,
2880,86,filterLoc,,
2880,89,filterLoc,,
2880,92,filterLoc,,
2880,95,filterLoc,,
2880,98,filterLoc,,
2880,101,filterLoc,,
2880,104,filterLoc,,
2880,111,filterLoc,,
2880,114,filterLoc,,
2880,117,filterLoc,,
2880,120,filterLoc,,
2880,123,filterLoc,,
2880,126,filterLoc,,
2880,129,filterLoc,,
2880,132,filterLoc,,
2880,135,filterLoc,,
2880,138,filterLoc,,
2880,141,filterLoc,,
2880,144,filterLoc,,
2880,147,filterLoc,,
2880,150,filterLoc,,
2880,153,filterLoc,,
2880,156,filterLoc,,
2880,159,filterLoc,,
2880,162,filterLoc,,
2880,165,filterLoc,,
2880,168,filterLoc,,
2880,171,filterLoc,,
2880,174,filterLoc,,
2880,177,filterLoc,,
2880,180,filterLoc,,
2880,183,filterLoc,,
2880,186,filterLoc,,
2880,189,filterLoc,,
2880,192,filterLoc,,
2880,195,filterLoc,,
2880,198,filterLoc,,
2880,201,filterLoc,,
2880,204,filterLoc,,
2880,207,filterLoc,,
2880,210,filterLoc,,
2880,213,filterLoc,,
2880,216,filterLoc,,
2880,219,filterLoc,,
2880,222,filterLoc,,
2880,225,filterLoc,,
2880,229,filterLoc,,
2880,232,filterLoc,,
2880,235,filterLoc,,
2880,238,filterLoc,,
2880,241,filterLoc,,
2880,244,filterLoc,,
2880,247,filterLoc,,
2880,250,filterLoc,,
2880,253,filterLoc,,
2880,256,filterLoc,,
2880,259,filterLoc,,
2880,262,filterLoc,,
2880,265,filterLoc,,
2880,268,filterLoc,,
2880,271,filterLoc,,
2880,274,filterLoc,,
2880,277,filterLoc,,
2880,280,filterLoc,,
2880,283,filterLoc,,
2880,286,filterLoc,,
2880,289,filterLoc,,
2880,296,filterLoc,,
2880,299,filterLoc,,
2880,302,filterLoc,,
2880,305,filterLoc,,
2880,308,filterLoc,,
2880,311,filterLoc,,
2880,314,filterLoc,,
2880,317,filterLoc,,
2880,320,filterLoc,,
2880,323,filterLoc,,
2880,326,filterLoc,,
2880,329,filterLoc,,
2880,332,filterLoc,,
2880,335,filterLoc,,
2880,338,filterLoc,,
2880,341,filterLoc,,
2880,344,filterLoc,,
2880,347,filterLoc,,
2880,350,filterLoc,,
2880,353,filterLoc,,
2880,356,filterLoc,,
2880,359,filterLoc,,
2880,362,filterLoc,,
2880,365,filterLoc,,
2880,368,filterLoc,,
2880,371,filterLoc,,
2880,374,filterLoc,,
2880,377,filterLoc,,
2880,380,filterLoc,,
2880,383,filterLoc,,
2880,386,filterLoc,,
2880,389,filterLoc,,
2880,392,filterLoc,,
2880,395,filterLoc,,
2880,398,filterLoc,,
2880,401,filterLoc,,
2880,404,filterLoc,,
2880,407,filterLoc,,
2880,410,filterLoc,,
2880,413,filterLoc,,
2880,416,filterLoc,,
2880,419,filterLoc,,
2880,422,filterLoc,,
2880,425,filterLoc,,
2880,428,filterLoc,,
2880,431,filterLoc,,
2880,434,filterLoc,,
2880,437,filterLoc,,
2880,440,filterLoc,,
2880,443,filterLoc,,
2880,446,filterLoc,,
2880,449,filterLoc,,
2880,452,filterLoc,,
2880,455,filterLoc,,
2880,458,filterLoc,,
2880,461,filterLoc,,
2880,464,filterLoc,,
2880,467,filterLoc,,
2880,470,filterLoc,,
2880,473,filterLoc,,
2880,476,filterLoc,,
2880,479,filterLoc,,
2880,482,filterLoc,,
2880,485,filterLoc,,
2880,488,filterLoc,,
2880,491,filterLoc,,
2880,494,filterLoc,,
2880,497,filterLoc,,
2880,500,filterLoc,,
2880,503,filterLoc,,
2880,506,filterLoc,,
2880,509,filterLoc,,
2880,512,filterLoc,,
2880,515,filterLoc,,
2880,518,filterLoc,,
2880,521,filterLoc,,
2880,524,filterLoc,,
2880,527,filterLoc,,
2880,530,filterLoc,,
2880,533,filterLoc,,
2880,536,filterLoc,,
2880,539,filterLoc,,
2880,542,filterLoc,,
2880,545,filterLoc,,
2880,548,filterLoc,,
2880,551,filterLoc,,
2880,554,filterLoc,,
2880,557,filterLoc,,
2880,560,filterLoc,,
2880,563,filterLoc,,
2880,566,filterLoc,,
2880,569,filterLoc,,
2880,576,filterLoc,,
2880,579,filterLoc,,
2880,582,filterLoc,,
2880,585,filterLoc,,
2880,588,filterLoc,,
2880,591,filterLoc,,
2880,594,filterLoc,,
2880,597,filterLoc,,
2880,600,filterLoc,,
2880,603,filterLoc,,
2880,606,filterLoc,,
2880,609,filterLoc,,
2880,612,filterLoc,,
2880,615,filterLoc,,
2880,618,filterLoc,,
2880,621,filterLoc,,
2880,624,filterLoc,,
2880,627,filterLoc,,
2880,630,filterLoc,,
2880,633,filterLoc,,
2880,636,filterLoc,,
2880,639,filterLoc,,
2880,642,filterLoc,,
2880,645,filterLoc,,
2880,648,filterLoc,,
2880,651,filterLoc,,
2880,654,filterLoc,,
2880,657,filterLoc,,
2880,660,filterLoc,,
2880,663,filterLoc,,
2880,666,filterLoc,,
2880,669,filterLoc,,
2880,672,filterLoc,,
2880,675,filterLoc,,
2880,678,filterLoc,,
2880,681,filterLoc,,
2880,684,filterLoc,,
2880,687,filterLoc,,
2880,690,filterLoc,,
2880,693,filterLoc,,
2880,696,filterLoc,,
2880,699,filterLoc,,
2880,702,filterLoc,,
2880,705,filterLoc,,
2880,708,filterLoc,,
2880,711,filterLoc,,
2880,714,filterLoc,,
2880,717,filterLoc,,
2880,720,filterLoc,,
2880,723,filterLoc,,
2880,726,filterLoc,,
2880,729,filterLoc,,
2880,732,filterLoc,,
2880,735,filterLoc,,
2880,738,filterLoc,,
2880,741,filterLoc,,
2880,744,filterLoc,,
2880,747,filterLoc,,
2880,750,filterLoc,,
2880,753,filterLoc,,
2880,756,filterLoc,,
2880,759,filterLoc,,
2880,762,filterLoc,,
2880,765,filterLoc,,
2880,768,filterLoc,,;Evacuee;9;in triage category;G;is entering helicopter;1
2880,771,filterLoc,,;Evacuee;25;in triage category;G;is entering helicopter;1
2880,774,filterLoc,,
2880,777,filterLoc,,
2880,780,filterLoc,,;Evacuee;5;in triage category;G;is entering helicopter;1
2880,783,filterLoc,,
2880,786,filterLoc,,
2880,789,filterLoc,,
2880,792,filterLoc,,
2880,795,filterLoc,,
2880,798,filterLoc,,
2880,801,filterLoc,,
2880,804,filterLoc,,
2880,807,filterLoc,,
2880,810,filterLoc,,
2880,813,filterLoc,,
2880,816,filterLoc,,
2880,819,filterLoc,,
2880,822,filterLoc,,
2880,825,filterLoc,,
2880,828,filterLoc,,
2880,831,filterLoc,,
2880,834,filterLoc,,
2880,837,filterLoc,,
2880,840,filterLoc,,
2880,843,filterLoc,,
2880,846,filterLoc,,
2880,849,filterLoc,,
2880,852,filterLoc,,
2880,855,filterLoc,,
2880,858,filterLoc,,
2880,861,filterLoc,,
2880,864,filterLoc,,
2880,867,filterLoc,,
2880,870,filterLoc,,
2880,873,filterLoc,,
2880,876,filterLoc,,
2880,879,filterLoc,,
2880,882,filterLoc,,
2880,885,filterLoc,,
2880,888,filterLoc,,
2880,891,filterLoc,,
2880,894,filterLoc,,
2880,897,filterLoc,,
2880,900,filterLoc,,
2880,903,filterLoc,,
2880,906,filterLoc,,
2880,909,filterLoc,,
2880,912,filterLoc,,
2880,915,filterLoc,,;Evacuee;6;in triage category;G;is entering helicopter;1
2880,918,filterLoc,,
2880,921,filterLoc,,
2880,924,filterLoc,,
2880,927,filterLoc,,
2880,930,filterLoc,,
2880,933,filterLoc,,
2880,936,filterLoc,,
2880,939,filterLoc,,
2880,942,filterLoc,,
2880,945,filterLoc,,
2880,948,filterLoc,,
2880,951,filterLoc,,
2880,954,filterLoc,,
2880,957,filterLoc,,
2880,960,filterLoc,,
2880,963,filterLoc,,
2880,966,filterLoc,,
2880,969,filterLoc,,
2880,972,filterLoc,,
2880,975,filterLoc,,
2880,978,filterLoc,,
2880,981,filterLoc,,
2880,984,filterLoc,,
2880,987,filterLoc,,
2880,990,filterLoc,,
2880,993,filterLoc,,
2880,996,filterLoc,,
2880,999,filterLoc,,
2880,1002,filterLoc,,
2880,1005,filterLoc,,
2880,1008,filterLoc,,
2880,1011,filterLoc,,
2880,1014,filterLoc,,
2880,1017,filterLoc,,
2880,1020,filterLoc,,
2880,1023,filterLoc,,
2880,1026,filterLoc,,
2880,1029,filterLoc,,
2880,1032,filterLoc,,
2880,1035,filterLoc,,
2880,1038,filterLoc,,
2880,1041,filterLoc,,;Evacuee;32;in triage category;G;is entering helicopter;1
2880,1044,filterLoc,,
2880,1047,filterLoc,,
2880,1050,filterLoc,,
2880,1053,filterLoc,,
2880,1056,filterLoc,,
2880,1059,filterLoc,,;Evacuee;20;in triage category;G;is entering helicopter;1
2880,1062,filterLoc,,
2880,1065,filterLoc,,
2880,1068,filterLoc,,
2880,1071,filterLoc,,
2880,1074,filterLoc,,
2880,1077,filterLoc,,
2880,1080,filterLoc,,
2880,1083,filterLoc,,
2880,1086,filterLoc,,
2880,1089,filterLoc,,
2880,1092,filterLoc,,
2880,1095,filterLoc,,
2880,1098,filterLoc,,
2880,1101,filterLoc,,
2880,1104,filterLoc,,
2880,1107,filterLoc,,
2880,1110,filterLoc,,
2880,1113,filterLoc,,
2880,1116,filterLoc,,;Evacuee;19;in triage category;G;is entering helicopter;1
2880,1119,filterLoc,,
2880,1122,filterLoc,,
2880,1125,filterLoc,,
2880,1128,filterLoc,,
2880,1135,filterLoc,,
2880,1138,filterLoc,,
2880,1141,filterLoc,,
2880,1144,filterLoc,,
2880,1147,filterLoc,,
2880,1150,filterLoc,,
2880,1153,filterLoc,,
2880,1156,filterLoc,,
2880,1159,filterLoc,,
2880,1162,filterLoc,,
2880,1165,filterLoc,,
2880,1168,filterLoc,,
2880,1173,helicopter,,Helicopter;1;is loading people at the evacuation site;;and has;0;spots taken
2880,1175,filterLoc,,
2880,1178,filterLoc,,
2880,1181,filterLoc,,
2880,1184,filterLoc,,
2880,1187,filterLoc,,
2880,1190,filterLoc,,
2880,1193,filterLoc,,
2880,1196,filterLoc,,
2880,1199,filterLoc,,
2880,1202,filterLoc,,
2880,1205,filterLoc,,
2880,1208,filterLoc,,
2880,1211,filterLoc,,
2880,1214,filterLoc,,
2880,1217,filterLoc,,
2880,1220,filterLoc,,
2880,1223,filterLoc,,
2880,1226,filterLoc,,
2880,1229,filterLoc,,
2880,1232,filterLoc,,
2880,1235,filterLoc,,
2880,1238,filterLoc,,
2880,1241,filterLoc,,
2880,1244,filterLoc,,
2880,1247,filterLoc,,
2880,1250,filterLoc,,
2880,1253,filterLoc,,
2880,1256,filterLoc,,
2880,1259,filterLoc,,;Evacuee;28;in triage category;G;is entering helicopter;1
2880,1262,filterLoc,,
2880,1265,filterLoc,,
2880,1268,filterLoc,,
2880,1271,filterLoc,,
2880,1274,filterLoc,,
2880,1277,filterLoc,,;Evacuee;16;in triage category;G;is entering helicopter;1
2880,1280,filterLoc,,
2880,1283,filterLoc,,
2880,1286,filterLoc,,
2880,1289,filterLoc,,
2880,1292,filterLoc,,
2880,1295,filterLoc,,
2880,1298,filterLoc,,
2880,1301,filterLoc,,
2880,1304,filterLoc,,
2880,1307,filterLoc,,
2880,1310,filterLoc,,
2880,1313,filterLoc,,
2880,1316,filterLoc,,
2880,1319,filterLoc,,
2880,1322,filterLoc,,
2880,1325,filterLoc,,
2880,1328,filterLoc,,
2880,1331,filterLoc,,
2880,1334,filterLoc,,
2880,1337,filterLoc,,
2880,1340,filterLoc,,
2880,1343,filterLoc,,
2880,1346,filterLoc,,
2880,1349,filterLoc,,
2880,1352,filterLoc,,
2880,1355,filterLoc,,
2880,1358,filterLoc,,
2880,1361,filterLoc,,
2880,1364,filterLoc,,
2880,1367,filterLoc,,
2880,1370,filterLoc,,
2880,1373,filterLoc,,
2880,1376,filterLoc,,
2880,1379,filterLoc,,
2880,1382,filterLoc,,
2880,1385,filterLoc,,
2880,1388,filterLoc,,
2880,1391,filterLoc,,
2880,1394,filterLoc,,
2880,1397,filterLoc,,
2880,1400,filterLoc,,
2880,1403,filterLoc,,
2880,1406,filterLoc,,
2880,1409,filterLoc,,
2880,1412,filterLoc,,
2880,1415,filterLoc,,
2880,1418,filterLoc,,
2880,1421,filterLoc,,
2880,1424,filterLoc,,
2880,1427,filterLoc,,
2880,1430,filterLoc,,
2880,1433,filterLoc,,
2880,1436,filterLoc,,
2880,1439,filterLoc,,
2880,1442,filterLoc,,
2880,1445,filterLoc,,
2880,1448,filterLoc,,
2880,1451,filterLoc,,
2880,1454,filterLoc,,
2880,1457,filterLoc,,
2880,1460,filterLoc,,
2880,1463,filterLoc,,
2880,1466,filterLoc,,
2880,1469,filterLoc,,
2880,1472,filterLoc,,
2880,1475,filterLoc,,
2880,1478,filterLoc,,
2880,1481,filterLoc,,;Evacuee;7;in triage category;G;is entering helicopter;1
2880,1484,filterLoc,,
2880,1487,filterLoc,,
2880,1490,filterLoc,,
2880,1493,filterLoc,,
2880,1496,filterLoc,,
2880,1499,filterLoc,,
2880,1502,filterLoc,,
2880,1505,filterLoc,,
2880,1508,filterLoc,,
2880,1511,filterLoc,,
2880,1514,filterLoc,,
2880,1517,filterLoc,,
2880,1520,filterLoc,,
2880,1523,filterLoc,,
2880,1526,filterLoc,,
2880,1529,filterLoc,,
2880,768,filterLoc,out,Evacuee 9 in triage category G is assigned helicopter 1
2880,768,filterLoc,,
2880,769,evacuee,,Evacuee;9;in triage state;G;is entering helicopter;1
2880,771,filterLoc,out,Evacuee 25 in triage category G is assigned helicopter 1
2880,771,filterLoc,,
2880,772,evacuee,,Evacuee;25;in triage state;G;is entering helicopter;1
2880,780,filterLoc,out,Evacuee 5 in triage category G is assigned helicopter 1
2880,780,filterLoc,,
2880,781,evacuee,,Evacuee;5;in triage state;G;is entering helicopter;1
2880,915,filterLoc,out,Evacuee 6 in triage category G is assigned helicopter 1
2880,915,filterLoc,,
2880,916,evacuee,,Evacuee;6;in triage state;G;is entering helicopter;1
2880,1041,filterLoc,out,Evacuee 32 in triage category G is assigned helicopter 1
2880,1041,filterLoc,,
2880,1042,evacuee,,Evacuee;32;in triage state;G;is entering helicopter;1
2880,1059,filterLoc,out,Evacuee 20 in triage category G is assigned helicopter 1
2880,1059,filterLoc,,
2880,1060,evacuee,,Evacuee;20;in triage state;G;is entering helicopter;1
2880,1116,filterLoc,out,Evacuee 19 in triage category G is assigned helicopter 1
2880,1116,filterLoc,,
2880,1117,evacuee,,Evacuee;19;in triage state;G;is entering helicopter;1
2880,1259,filterLoc,out,Evacuee 28 in triage category G is assigned helicopter 1
2880,1259,filterLoc,,
2880,1260,evacuee,,Evacuee;28;in triage state;G;is entering helicopter;1
2880,1277,filterLoc,out,Evacuee 16 in triage category G is assigned helicopter 1
2880,1277,filterLoc,,
2880,1278,evacuee,,Evacuee;16;in triage state;G;is entering helicopter;1
2880,1481,filterLoc,out,Evacuee 7 in triage category G is assigned helicopter 1
2880,1481,filterLoc,,
2880,1482,evacuee,,Evacuee;7;in triage state;G;is entering helicopter;1
2880,7,filterEvac,,
2880,107,filterEvac,,
2880,292,filterEvac,,
2880,572,filterEvac,,
2880,769,evacuee,outHelo,Evacuee 9 in triage category G is assigned helicopter 1
2880,769,evacuee,,Evacuee;9;in triage state;G;is in helicopter;1
2880,772,evacuee,outHelo,Evacuee 25 in triage category G is assigned helicopter 1
2880,772,evacuee,,Evacuee;25;in triage state;G;is in helicopter;1
2880,781,evacuee,outHelo,Evacuee 5 in triage category G is assigned helicopter 1
2880,781,evacuee,,Evacuee;5;in triage state;G;is in helicopter;1
2880,916,evacuee,outHelo,Evacuee 6 in triage category G is assigned helicopter 1
2880,916,evacuee,,Evacuee;6;in triage state;G;is in helicopter;1
2880,1042,evacuee,outHelo,Evacuee 32 in triage category G is assigned helicopter 1
2880,1042,evacuee,,Evacuee;32;in triage state;G;is in helicopter;1
2880,1060,evacuee,outHelo,Evacuee 20 in triage category G is assigned helicopter 1
2880,1060,evacuee,,Evacuee;20;in triage state;G;is in helicopter;1
2880,1117,evacuee,outHelo,Evacuee 19 in triage category G is assigned helicopter 1
2880,1117,evacuee,,Evacuee;19;in triage state;G;is in helicopter;1
2880,1131,filterEvac,,
2880,1171,filterEvac,,;Evacuee;5;in triage category;G;is entering helicopter;1;Evacuee;6;in triage category;G;is entering helicopter;1;Evacuee;7;in triage category;G;is entering helicopter;1;Evacuee;9;in triage category;G;is entering helicopter;1;Evacuee;16;in triage category;G;is entering helicopter;1;Evacuee;19;in triage category;G;is entering helicopter;1;Evacuee;20;in triage category;G;is entering helicopter;1;Evacuee;25;in triage category;G;is entering helicopter;1;Evacuee;28;in triage category;G;is entering helicopter;1;Evacuee;32;in triage category;G;is entering helicopter;1
2880,1260,evacuee,outHelo,Evacuee 28 in triage category G is assigned helicopter 1
2880,1260,evacuee,,Evacuee;28;in triage state;G;is in helicopter;1
2880,1278,evacuee,outHelo,Evacuee 16 in triage category G is assigned helicopter 1
2880,1278,evacuee,,Evacuee;16;in triage state;G;is in helicopter;1
2880,1482,evacuee,outHelo,Evacuee 7 in triage category G is assigned helicopter 1
2880,1482,evacuee,,Evacuee;7;in triage state;G;is in helicopter;1
2880,1171,filterEvac,out,Evacuee 5 in triage category G is assigned helicopter 1
2880,1171,filterEvac,out,Evacuee 6 in triage category G is assigned helicopter 1
2880,1171,filterEvac,out,Evacuee 7 in triage category G is assigned helicopter 1
2880,1171,filterEvac,out,Evacuee 9 in triage category G is assigned helicopter 1
2880,1171,filterEvac,out,Evacuee 16 in triage category G is assigned helicopter 1
2880,1171,filterEvac,out,Evacuee 19 in triage category G is assigned helicopter 1
2880,1171,filterEvac,out,Evacuee 20 in triage category G is assigned helicopter 1
2880,1171,filterEvac,out,Evacuee 25 in triage category G is assigned helicopter 1
2880,1171,filterEvac,out,Evacuee 28 in triage category G is assigned helicopter 1
2880,1171,filterEvac,out,Evacuee 32 in triage category G is assigned helicopter 1
2880,1171,filterEvac,,
2880,1173,helicopter,,Helicopter;1;is loading people at the evacuation site;;and has;10;spots taken
2881.81,3,evacueeManager,,OFF SHIP: White;0;Green;156;Yellow;40;Red;5;Black;289;ON SHIP: White;0;Green;0;Yellow;0;Red;0;Evacuees to Transfer;
2881.81,72,evacuee,outES,Evacuee 459 in triage category G is not assigned a helicopter
2881.81,72,evacuee,,Evacuee;459;in triage state;Y;is at the evacuation site
2889.2,3,evacueeManager,,OFF SHIP: White;0;Green;156;Yellow;40;Red;4;Black;290;ON SHIP: White;0;Green;0;Yellow;0;Red;0;Evacuees to Transfer;
2889.2,1039,evacuee,outES,Evacuee 24 in triage category R is not assigned a helicopter
2889.2,1039,evacuee,,Evacuee;24;in triage state;B;is at the evacuation site
2892.07,3,evacueeManager,,OFF SHIP: White;0;Green;156;Yellow;39;Red;5;Black;290;ON SHIP: White;0;Green;0;Yellow;0;Red;0;Evacuees to Transfer;
2892.07,1245,evacuee,outES,Evacuee 153 in triage category Y is not assigned a helicopter
2892.07,1245,evacuee,,Evacuee;153;in triage state;R;is at the evacuation site
2895,4,helipadManager,outHelo,Helicopter 1 is evacuating people1
2895,4,helipadManager,,;No helos are at ES
2895,8,filterES,,
2895,108,filterES,,
2895,293,filterES,,
2895,573,filterES,,
2895,1132,filterES,,
2895,1172,filterES,,Helicopter;1;is evacuating people
2895,4,helipadManager,outHQ,0
2895,4,helipadManager,,;No helos are at ES
2895,5,helicopterQueue,,;No helos are waiting to land
2895,1172,filterES,out,Helicopter 1 is evacuating people1
2895,1172,filterES,,
2895,1173,helicopter,,Helicopter;1;is loading people at the evacuation site;;and has;10;spots taken
2895,5,helicopterQueue,,;No helos are waiting to land
2895,1173,helicopter,,Helicopter;1;is returning to the FOL;;and has;10;spots taken
2898.66,3,evacueeManager,,OFF SHIP: White;0;Green;156;Yellow;39;Red;4;Black;291;ON SHIP: White;0;Green;0;Yellow;0;Red;0;Evacuees to Transfer;
2898.66,1245,evacuee,outES,Evacuee 153 in triage category R is not assigned a helicopter
2898.66,1245,evacuee,,Evacuee;153;in triage state;B;is at the evacuation site
2903.75,3,evacueeManager,,OFF SHIP: White;0;Green;156;Yellow;39;Red;3;Black;292;ON SHIP: White;0;Green;0;Yellow;0;Red;0;Evacuees to Transfer;
2903.75,1422,evacuee,outES,Evacuee 207 in triage category R is not assigned a helicopter
2903.75,1422,evacuee,,Evacuee;207;in triage state;B;is at the evacuation site
2907.16,3,evacueeManager,,OFF SHIP: White;0;Green;156;Yellow;39;Red;2;Black;293;ON SHIP: White;0;Green;0;Yellow;0;Red;0;Evacuees to Transfer;
2907.16,552,evacuee,outES,Evacuee 311 in triage category R is not assigned a helicopter
2907.16,552,evacuee,,Evacuee;311;in triage state;B;is at the evacuation site
2907.8,3,evacueeManager,,OFF SHIP: White;0;Green;156;Yellow;38;Red;3;Black;293;ON SHIP: White;0;Green;0;Yellow;0;Red;0;Evacuees to Transfer;
2907.8,1452,evacuee,outES,Evacuee 339 in triage category Y is not assigned a helicopter
2907.8,1452,evacuee,,Evacuee;339;in triage state;R;is at the evacuation site
2909.29,3,evacueeManager,,OFF SHIP: White;0;Green;156;Yellow;37;Red;4;Black;293;ON SHIP: White;0;Green;0;Yellow;0;Red;0;Evacuees to Transfer;
2909.29,1021,evacuee,outES,Evacuee 220 in triage category Y is not assigned a helicopter
2909.29,1021,evacuee,,Evacuee;220;in triage state;R;is at the evacuation site
2910,294,helicopter,,Helicopter;4;Is going to the evacuation site;;and has;0;spots taken
2920.92,3,evacueeManager,,OFF SHIP: White;0;Green;156;Yellow;36;Red;5;Black;293;ON SHIP: White;0;Green;0;Yellow;0;Red;0;Evacuees to Transfer;
2920.92,549,evacuee,outES,Evacuee 106 in triage category Y is not assigned a helicopter
2920.92,549,evacuee,,Evacuee;106;in triage state;R;is at the evacuation site
2928.95,3,evacueeManager,,OFF SHIP: White;0;Green;156;Yellow;35;Red;6;Black;293;ON SHIP: White;0;Green;0;Yellow;0;Red;0;Evacuees to Transfer;
2928.95,72,evacuee,outES,Evacuee 459 in triage category Y is not assigned a helicopter
2928.95,72,evacuee,,Evacuee;459;in triage state;R;is at the evacuation site
2931.49,3,evacueeManager,,OFF SHIP: White;0;Green;156;Yellow;34;Red;7;Black;293;ON SHIP: White;0;Green;0;Yellow;0;Red;0;Evacuees to Transfer;
2931.49,1006,evacuee,outES,Evacuee 21 in triage category Y is not assigned a helicopter
2931.49,1006,evacuee,,Evacuee;21;in triage state;R;is at the evacuation site
2931.82,3,evacueeManager,,OFF SHIP: White;0;Green;156;Yellow;34;Red;6;Black;294;ON SHIP: White;0;Green;0;Yellow;0;Red;0;Evacuees to Transfer;
2931.82,1452,evacuee,outES,Evacuee 339 in triage category R is not assigned a helicopter
2931.82,1452,evacuee,,Evacuee;339;in triage state;B;is at the evacuation site
2940,5,helicopterQueue,,1;Helos are waiting to land;HeloID;2
2940,1133,helicopter,outES,Helicopter 2 is evacuating people2
2940,1133,helicopter,,Helicopter;2;is waiting to land at the evacuation site;;and has;0;spots taken
2940,4,helipadManager,,;No helos are at ES
2940,5,helicopterQueue,outHM,Helicopter 2 is evacuating people2
2940,5,helicopterQueue,outHelo,Helicopter 2 is evacuating people2
2940,5,helicopterQueue,,;No helos are waiting to land
2940,8,filterES,,
2940,108,filterES,,
2940,293,filterES,,
2940,573,filterES,,
2940,1132,filterES,,Helicopter;2;is evacuating people
2940,1172,filterES,,
2940,3,evacueeManager,,OFF SHIP: White;0;Green;146;Yellow;34;Red;6;Black;294;ON SHIP: White;0;Green;0;Yellow;0;Red;0;Evacuees to Transfer;;EvacueeID;34;HeloID;2;OnShip;0;Triage Status;G;EvacueeID;35;HeloID;2;OnShip;0;Triage Status;G;EvacueeID;40;HeloID;2;OnShip;0;Triage Status;G;EvacueeID;41;HeloID;2;OnShip;0;Triage Status;G;EvacueeID;44;HeloID;2;OnShip;0;Triage Status;G;EvacueeID;49;HeloID;2;OnShip;0;Triage Status;G;EvacueeID;50;HeloID;2;OnShip;0;Triage Status;G;EvacueeID;51;HeloID;2;OnShip;0;Triage Status;G;EvacueeID;52;HeloID;2;OnShip;0;Triage Status;G;EvacueeID;58;HeloID;2;OnShip;0;Triage Status;G
2940,4,helipadManager,outEM,Helicopter 2 is evacuating people2
2940,4,helipadManager,,Helo;2;is at the ES
2940,1132,filterES,out,Helicopter 2 is evacuating people2
2940,1132,filterES,,
2940,1133,helicopter,,Helicopter;2;is waiting to land at the evacuation site;;and has;0;spots taken
2940,3,evacueeManager,outEvac,Evacuee 34 in triage category G is assigned helicopter 2
2940,3,evacueeManager,outEvac,Evacuee 35 in triage category G is assigned helicopter 2
2940,3,evacueeManager,outEvac,Evacuee 40 in triage category G is assigned helicopter 2
2940,3,evacueeManager,outEvac,Evacuee 41 in triage category G is assigned helicopter 2
2940,3,evacueeManager,outEvac,Evacuee 44 in triage category G is assigned helicopter 2
2940,3,evacueeManager,outEvac,Evacuee 49 in triage category G is assigned helicopter 2
2940,3,evacueeManager,outEvac,Evacuee 50 in triage category G is assigned helicopter 2
2940,3,evacueeManager,outEvac,Evacuee 51 in triage category G is assigned helicopter 2
2940,3,evacueeManager,outEvac,Evacuee 52 in triage category G is assigned helicopter 2
2940,3,evacueeManager,outEvac,Evacuee 58 in triage category G is assigned helicopter 2
2940,3,evacueeManager,,OFF SHIP: White;0;Green;146;Yellow;34;Red;6;Black;294;ON SHIP: White;0;Green;0;Yellow;0;Red;0;Evacuees to Transfer;
2940,11,filterLoc,,
2940,14,filterLoc,,
2940,17,filterLoc,,
2940,20,filterLoc,,
2940,23,filterLoc,,
2940,26,filterLoc,,
2940,29,filterLoc,,
2940,32,filterLoc,,
2940,35,filterLoc,,
2940,38,filterLoc,,
2940,41,filterLoc,,
2940,44,filterLoc,,
2940,47,filterLoc,,
2940,50,filterLoc,,
2940,53,filterLoc,,
2940,56,filterLoc,,
2940,59,filterLoc,,
2940,62,filterLoc,,
2940,65,filterLoc,,
2940,68,filterLoc,,
2940,71,filterLoc,,
2940,74,filterLoc,,
2940,77,filterLoc,,
2940,80,filterLoc,,
2940,83,filterLoc,,
2940,86,filterLoc,,
2940,89,filterLoc,,
2940,92,filterLoc,,
2940,95,filterLoc,,
2940,98,filterLoc,,
2940,101,filterLoc,,
2940,104,filterLoc,,
2940,111,filterLoc,,
2940,114,filterLoc,,
2940,117,filterLoc,,
2940,120,filterLoc,,
2940,123,filterLoc,,
2940,126,filterLoc,,
2940,129,filterLoc,,
2940,132,filterLoc,,
2940,135,filterLoc,,
2940,138,filterLoc,,
2940,141,filterLoc,,
2940,144,filterLoc,,
2940,147,filterLoc,,
2940,150,filterLoc,,
2940,153,filterLoc,,
2940,156,filterLoc,,
2940,159,filterLoc,,
2940,162,filterLoc,,
2940,165,filterLoc,,
2940,168,filterLoc,,
2940,171,filterLoc,,
2940,174,filterLoc,,
2940,177,filterLoc,,
2940,180,filterLoc,,
2940,183,filterLoc,,
2940,186,filterLoc,,
2940,189,filterLoc,,
2940,192,filterLoc,,
2940,195,filterLoc,,
2940,198,filterLoc,,
2940,201,filterLoc,,
2940,204,filterLoc,,
2940,207,filterLoc,,
2940,210,filterLoc,,
2940,213,filterLoc,,
2940,216,filterLoc,,
2940,219,filterLoc,,
2940,222,filterLoc,,
2940,225,filterLoc,,
2940,229,filterLoc,,
2940,232,filterLoc,,
2940,235,filterLoc,,
2940,238,filterLoc,,
2940,241,filterLoc,,
2940,244,filterLoc,,
2940,247,filterLoc,,
2940,250,filterLoc,,
2940,253,filterLoc,,
2940,256,filterLoc,,
2940,259,filterLoc,,
2940,262,filterLoc,,
2940,265,filterLoc,,
2940,268,filterLoc,,
2940,271,filterLoc,,
2940,274,filterLoc,,
2940,277,filterLoc,,
2940,280,filterLoc,,
2940,283,filterLoc,,
2940,286,filterLoc,,
2940,289,filterLoc,,
2940,296,filterLoc,,
2940,299,filterLoc,,
2940,302,filterLoc,,
2940,305,filterLoc,,
2940,308,filterLoc,,
2940,311,filterLoc,,
2940,314,filterLoc,,
2940,317,filterLoc,,
2940,320,filterLoc,,
2940,323,filterLoc,,
2940,326,filterLoc,,
2940,329,filterLoc,,
2940,332,filterLoc,,
2940,335,filterLoc,,
2940,338,filterLoc,,
2940,341,filterLoc,,
2940,344,filterLoc,,
2940,347,filterLoc,,
2940,350,filterLoc,,
2940,353,filterLoc,,
2940,356,filterLoc,,
2940,359,filterLoc,,
2940,362,filterLoc,,
2940,365,filterLoc,,
2940,368,filterLoc,,
2940,371,filterLoc,,
2940,374,filterLoc,,
2940,377,filterLoc,,
2940,380,filterLoc,,
2940,383,filterLoc,,
2940,386,filterLoc,,
2940,389,filterLoc,,
2940,392,filterLoc,,
2940,395,filterLoc,,
2940,398,filterLoc,,
2940,401,filterLoc,,
2940,404,filterLoc,,
2940,407,filterLoc,,
2940,410,filterLoc,,
2940,413,filterLoc,,
2940,416,filterLoc,,
2940,419,filterLoc,,
2940,422,filterLoc,,
2940,425,filterLoc,,
2940,428,filterLoc,,
2940,431,filterLoc,,
2940,434,filterLoc,,
2940,437,filterLoc,,
2940,440,filterLoc,,
2940,443,filterLoc,,
2940,446,filterLoc,,
2940,449,filterLoc,,
2940,452,filterLoc,,
2940,455,filterLoc,,
2940,458,filterLoc,,
2940,461,filterLoc,,
2940,464,filterLoc,,
2940,467,filterLoc,,
2940,470,filterLoc,,
2940,473,filterLoc,,
2940,476,filterLoc,,
2940,479,filterLoc,,
2940,482,filterLoc,,
2940,485,filterLoc,,
2940,488,filterLoc,,
2940,491,filterLoc,,
2940,494,filterLoc,,
2940,497,filterLoc,,
2940,500,filterLoc,,
2940,503,filterLoc,,
2940,506,filterLoc,,
2940,509,filterLoc,,
2940,512,filterLoc,,
2940,515,filterLoc,,
2940,518,filterLoc,,
2940,521,filterLoc,,
2940,524,filterLoc,,
2940,527,filterLoc,,
2940,530,filterLoc,,
2940,533,filterLoc,,
2940,536,filterLoc,,
2940,539,filterLoc,,
2940,542,filterLoc,,
2940,545,filterLoc,,
2940,548,filterLoc,,
2940,551,filterLoc,,
2940,554,filterLoc,,
2940,557,filterLoc,,
2940,560,filterLoc,,
2940,563,filterLoc,,
2940,566,filterLoc,,
2940,569,filterLoc,,
2940,576,filterLoc,,
2940,579,filterLoc,,
2940,582,filterLoc,,
2940,585,filterLoc,,
2940,588,filterLoc,,
2940,591,filterLoc,,
2940,594,filterLoc,,
2940,597,filterLoc,,
2940,600,filterLoc,,
2940,603,filterLoc,,
2940,606,filterLoc,,
2940,609,filterLoc,,
2940,612,filterLoc,,
2940,615,filterLoc,,
2940,618,filterLoc,,
2940,621,filterLoc,,
2940,624,filterLoc,,
2940,627,filterLoc,,
2940,630,filterLoc,,
2940,633,filterLoc,,
2940,636,filterLoc,,;Evacuee;49;in triage category;G;is entering helicopter;2
2940,639,filterLoc,,
2940,642,filterLoc,,
2940,645,filterLoc,,
2940,648,filterLoc,,;Evacuee;51;in triage category;G;is entering helicopter;2
2940,651,filterLoc,,
2940,654,filterLoc,,
2940,657,filterLoc,,
2940,660,filterLoc,,
2940,663,filterLoc,,
2940,666,filterLoc,,
2940,669,filterLoc,,
2940,672,filterLoc,,
2940,675,filterLoc,,
2940,678,filterLoc,,
2940,681,filterLoc,,
2940,684,filterLoc,,
2940,687,filterLoc,,
2940,690,filterLoc,,
2940,693,filterLoc,,
2940,696,filterLoc,,
2940,699,filterLoc,,
2940,702,filterLoc,,
2940,705,filterLoc,,
2940,708,filterLoc,,
2940,711,filterLoc,,
2940,714,filterLoc,,
2940,717,filterLoc,,
2940,720,filterLoc,,
2940,723,filterLoc,,
2940,726,filterLoc,,
2940,729,filterLoc,,
2940,732,filterLoc,,
2940,735,filterLoc,,
2940,738,filterLoc,,
2940,741,filterLoc,,
2940,744,filterLoc,,
2940,747,filterLoc,,
2940,750,filterLoc,,
2940,753,filterLoc,,
2940,756,filterLoc,,
2940,759,filterLoc,,
2940,762,filterLoc,,
2940,765,filterLoc,,
2940,768,filterLoc,,
2940,771,filterLoc,,
2940,774,filterLoc,,
2940,777,filterLoc,,
2940,780,filterLoc,,
2940,783,filterLoc,,
2940,786,filterLoc,,
2940,789,filterLoc,,
2940,792,filterLoc,,
2940,795,filterLoc,,
2940,798,filterLoc,,
2940,801,filterLoc,,
2940,804,filterLoc,,
2940,807,filterLoc,,
2940,810,filterLoc,,
2940,813,filterLoc,,
2940,816,filterLoc,,
2940,819,filterLoc,,
2940,822,filterLoc,,
2940,825,filterLoc,,
2940,828,filterLoc,,
2940,831,filterLoc,,
2940,834,filterLoc,,
2940,837,filterLoc,,
2940,840,filterLoc,,
2940,843,filterLoc,,;Evacuee;40;in triage category;G;is entering helicopter;2
2940,846,filterLoc,,
2940,849,filterLoc,,
2940,852,filterLoc,,
2940,855,filterLoc,,
2940,858,filterLoc,,
2940,861,filterLoc,,
2940,864,filterLoc,,
2940,867,filterLoc,,
2940,870,filterLoc,,
2940,873,filterLoc,,
2940,876,filterLoc,,
2940,879,filterLoc,,
2940,882,filterLoc,,
2940,885,filterLoc,,
2940,888,filterLoc,,
2940,891,filterLoc,,
2940,894,filterLoc,,
2940,897,filterLoc,,
2940,900,filterLoc,,
2940,903,filterLoc,,
2940,906,filterLoc,,;Evacuee;44;in triage category;G;is entering helicopter;2
2940,909,filterLoc,,
2940,912,filterLoc,,
2940,915,filterLoc,,
2940,918,filterLoc,,
2940,921,filterLoc,,
2940,924,filterLoc,,
2940,927,filterLoc,,
2940,930,filterLoc,,
2940,933,filterLoc,,
2940,936,filterLoc,,
2940,939,filterLoc,,
2940,942,filterLoc,,
2940,945,filterLoc,,
2940,948,filterLoc,,
2940,951,filterLoc,,
2940,954,filterLoc,,
2940,957,filterLoc,,
2940,960,filterLoc,,
2940,963,filterLoc,,
2940,966,filterLoc,,
2940,969,filterLoc,,
2940,972,filterLoc,,
2940,975,filterLoc,,
2940,978,filterLoc,,
2940,981,filterLoc,,
2940,984,filterLoc,,
2940,987,filterLoc,,;Evacuee;52;in triage category;G;is entering helicopter;2
2940,990,filterLoc,,;Evacuee;41;in triage category;G;is entering helicopter;2
2940,993,filterLoc,,
2940,996,filterLoc,,
2940,999,filterLoc,,
2940,1002,filterLoc,,
2940,1005,filterLoc,,
2940,1008,filterLoc,,
2940,1011,filterLoc,,
2940,1014,filterLoc,,
2940,1017,filterLoc,,
2940,1020,filterLoc,,
2940,1023,filterLoc,,
2940,1026,filterLoc,,
2940,1029,filterLoc,,
2940,1032,filterLoc,,
2940,1035,filterLoc,,
2940,1038,filterLoc,,
2940,1041,filterLoc,,
2940,1044,filterLoc,,;Evacuee;34;in triage category;G;is entering helicopter;2
2940,1047,filterLoc,,
2940,1050,filterLoc,,
2940,1053,filterLoc,,
2940,1056,filterLoc,,
2940,1059,filterLoc,,
2940,1062,filterLoc,,;Evacuee;35;in triage category;G;is entering helicopter;2
2940,1065,filterLoc,,
2940,1068,filterLoc,,
2940,1071,filterLoc,,
2940,1074,filterLoc,,
2940,1077,filterLoc,,
2940,1080,filterLoc,,
2940,1083,filterLoc,,
2940,1086,filterLoc,,
2940,1089,filterLoc,,
2940,1092,filterLoc,,
2940,1095,filterLoc,,
2940,1098,filterLoc,,
2940,1101,filterLoc,,
2940,1104,filterLoc,,
2940,1107,filterLoc,,
2940,1110,filterLoc,,
2940,1113,filterLoc,,;Evacuee;50;in triage category;G;is entering helicopter;2
2940,1116,filterLoc,,
2940,1119,filterLoc,,
2940,1122,filterLoc,,
2940,1125,filterLoc,,
2940,1128,filterLoc,,
2940,1133,helicopter,,Helicopter;2;is loading people at the evacuation site;;and has;0;spots taken
2940,1135,filterLoc,,
2940,1138,filterLoc,,
2940,1141,filterLoc,,
2940,1144,filterLoc,,
2940,1147,filterLoc,,
2940,1150,filterLoc,,
2940,1153,filterLoc,,
2940,1156,filterLoc,,
2940,1159,filterLoc,,
2940,1162,filterLoc,,
2940,1165,filterLoc,,
2940,1168,filterLoc,,
2940,1175,filterLoc,,
2940,1178,filterLoc,,
2940,1181,filterLoc,,
2940,1184,filterLoc,,
2940,1187,filterLoc,,
2940,1190,filterLoc,,
2940,1193,filterLoc,,
2940,1196,filterLoc,,
2940,1199,filterLoc,,
2940,1202,filterLoc,,
2940,1205,filterLoc,,
2940,1208,filterLoc,,
2940,1211,filterLoc,,
2940,1214,filterLoc,,
2940,1217,filterLoc,,
2940,1220,filterLoc,,
2940,1223,filterLoc,,
2940,1226,filterLoc,,
2940,1229,filterLoc,,
2940,1232,filterLoc,,
2940,1235,filterLoc,,
2940,1238,filterLoc,,
2940,1241,filterLoc,,
2940,1244,filterLoc,,
2940,1247,filterLoc,,
2940,1250,filterLoc,,
2940,1253,filterLoc,,
2940,1256,filterLoc,,
2940,1259,filterLoc,,
2940,1262,filterLoc,,
2940,1265,filterLoc,,
2940,1268,filterLoc,,
2940,1271,filterLoc,,
2940,1274,filterLoc,,
2940,1277,filterLoc,,
2940,1280,filterLoc,,
2940,1283,filterLoc,,
2940,1286,filterLoc,,
2940,1289,filterLoc,,
2940,1292,filterLoc,,
2940,1295,filterLoc,,
2940,1298,filterLoc,,
2940,1301,filterLoc,,
2940,1304,filterLoc,,
2940,1307,filterLoc,,
2940,1310,filterLoc,,
2940,1313,filterLoc,,
2940,1316,filterLoc,,
2940,1319,filterLoc,,
2940,1322,filterLoc,,
2940,1325,filterLoc,,;Evacuee;58;in triage category;G;is entering helicopter;2
2940,1328,filterLoc,,
2940,1331,filterLoc,,
2940,1334,filterLoc,,
2940,1337,filterLoc,,
2940,1340,filterLoc,,
2940,1343,filterLoc,,
2940,1346,filterLoc,,
2940,1349,filterLoc,,
2940,1352,filterLoc,,
2940,1355,filterLoc,,
2940,1358,filterLoc,,
2940,1361,filterLoc,,
2940,1364,filterLoc,,
2940,1367,filterLoc,,
2940,1370,filterLoc,,
2940,1373,filterLoc,,
2940,1376,filterLoc,,
2940,1379,filterLoc,,
2940,1382,filterLoc,,
2940,1385,filterLoc,,
2940,1388,filterLoc,,
2940,1391,filterLoc,,
2940,1394,filterLoc,,
2940,1397,filterLoc,,
2940,1400,filterLoc,,
2940,1403,filterLoc,,
2940,1406,filterLoc,,
2940,1409,filterLoc,,
2940,1412,filterLoc,,
2940,1415,filterLoc,,
2940,1418,filterLoc,,
2940,1421,filterLoc,,
2940,1424,filterLoc,,
2940,1427,filterLoc,,
2940,1430,filterLoc,,
2940,1433,filterLoc,,
2940,1436,filterLoc,,
2940,1439,filterLoc,,
2940,1442,filterLoc,,
2940,1445,filterLoc,,
2940,1448,filterLoc,,
2940,1451,filterLoc,,
2940,1454,filterLoc,,
2940,1457,filterLoc,,
2940,1460,filterLoc,,
2940,1463,filterLoc,,
2940,1466,filterLoc,,
2940,1469,filterLoc,,
2940,1472,filterLoc,,
2940,1475,filterLoc,,
2940,1478,filterLoc,,
2940,1481,filterLoc,,
2940,1484,filterLoc,,
2940,1487,filterLoc,,
2940,1490,filterLoc,,
2940,1493,filterLoc,,
2940,1496,filterLoc,,
2940,1499,filterLoc,,
2940,1502,filterLoc,,
2940,1505,filterLoc,,
2940,1508,filterLoc,,
2940,1511,filterLoc,,
2940,1514,filterLoc,,
2940,1517,filterLoc,,
2940,1520,filterLoc,,
2940,1523,filterLoc,,
2940,1526,filterLoc,,
2940,1529,filterLoc,,
2940,636,filterLoc,out,Evacuee 49 in triage category G is assigned helicopter 2
2940,636,filterLoc,,
2940,637,evacuee,,Evacuee;49;in triage state;G;is entering helicopter;2
2940,648,filterLoc,out,Evacuee 51 in triage category G is assigned helicopter 2
2940,648,filterLoc,,
2940,649,evacuee,,Evacuee;51;in triage state;G;is entering helicopter;2
2940,843,filterLoc,out,Evacuee 40 in triage category G is assigned helicopter 2
2940,843,filterLoc,,
2940,844,evacuee,,Evacuee;40;in triage state;G;is entering helicopter;2
2940,906,filterLoc,out,Evacuee 44 in triage category G is assigned helicopter 2
2940,906,filterLoc,,
2940,907,evacuee,,Evacuee;44;in triage state;G;is entering helicopter;2
2940,987,filterLoc,out,Evacuee 52 in triage category G is assigned helicopter 2
2940,987,filterLoc,,
2940,988,evacuee,,Evacuee;52;in triage state;G;is entering helicopter;2
2940,990,filterLoc,out,Evacuee 41 in triage category G is assigned helicopter 2
2940,990,filterLoc,,
2940,991,evacuee,,Evacuee;41;in triage state;G;is entering helicopter;2
2940,1044,filterLoc,out,Evacuee 34 in triage category G is assigned helicopter 2
2940,1044,filterLoc,,
2940,1045,evacuee,,Evacuee;34;in triage state;G;is entering helicopter;2
2940,1062,filterLoc,out,Evacuee 35 in triage category G is assigned helicopter 2
2940,1062,filterLoc,,
2940,1063,evacuee,,Evacuee;35;in triage state;G;is entering helicopter;2
2940,1113,filterLoc,out,Evacuee 50 in triage category G is assigned helicopter 2
2940,1113,filterLoc,,
2940,1114,evacuee,,Evacuee;50;in triage state;G;is entering helicopter;2
2940,1325,filterLoc,out,Evacuee 58 in triage category G is assigned helicopter 2
2940,1325,filterLoc,,
2940,1326,evacuee,,Evacuee;58;in triage state;G;is entering helicopter;2
2940,7,filterEvac,,
2940,107,filterEvac,,
2940,292,filterEvac,,
2940,572,filterEvac,,
2940,637,evacuee,outHelo,Evacuee 49 in triage category G is assigned helicopter 2
2940,637,evacuee,,Evacuee;49;in triage state;G;is in helicopter;2
2940,649,evacuee,outHelo,Evacuee 51 in triage category G is assigned helicopter 2
2940,649,evacuee,,Evacuee;51;in triage state;G;is in helicopter;2
2940,844,evacuee,outHelo,Evacuee 40 in triage category G is assigned helicopter 2
2940,844,evacuee,,Evacuee;40;in triage state;G;is in helicopter;2
2940,907,evacuee,outHelo,Evacuee 44 in triage category G is assigned helicopter 2
2940,907,evacuee,,Evacuee;44;in triage state;G;is in helicopter;2
2940,988,evacuee,outHelo,Evacuee 52 in triage category G is assigned helicopter 2
2940,988,evacuee,,Evacuee;52;in triage state;G;is in helicopter;2
2940,991,evacuee,outHelo,Evacuee 41 in triage category G is assigned helicopter 2
2940,991,evacuee,,Evacuee;41;in triage state;G;is in helicopter;2
2940,1045,evacuee,outHelo,Evacuee 34 in triage category G is assigned helicopter 2
2940,1045,evacuee,,Evacuee;34;in triage state;G;is in helicopter;2
2940,1063,evacuee,outHelo,Evacuee 35 in triage category G is assigned helicopter 2
2940,1063,evacuee,,Evacuee;35;in triage state;G;is in helicopter;2
2940,1114,evacuee,outHelo,Evacuee 50 in triage category G is assigned helicopter 2
2940,1114,evacuee,,Evacuee;50;in triage state;G;is in helicopter;2
2940,1131,filterEvac,,;Evacuee;34;in triage category;G;is entering helicopter;2;Evacuee;35;in triage category;G;is entering helicopter;2;Evacuee;40;in triage category;G;is entering helicopter;2;Evacuee;41;in triage category;G;is entering helicopter;2;Evacuee;44;in triage category;G;is entering helicopter;2;Evacuee;49;in triage category;G;is entering helicopter;2;Evacuee;50;in triage category;G;is entering helicopter;2;Evacuee;51;in triage category;G;is entering helicopter;2;Evacuee;52;in triage category;G;is entering helicopter;2;Evacuee;58;in triage category;G;is entering helicopter;2
2940,1171,filterEvac,,
2940,1326,evacuee,outHelo,Evacuee 58 in triage category G is assigned helicopter 2
2940,1326,evacuee,,Evacuee;58;in triage state;G;is in helicopter;2
2940,1131,filterEvac,out,Evacuee 34 in triage category G is assigned helicopter 2
2940,1131,filterEvac,out,Evacuee 35 in triage category G is assigned helicopter 2
2940,1131,filterEvac,out,Evacuee 40 in triage category G is assigned helicopter 2
2940,1131,filterEvac,out,Evacuee 41 in triage category G is assigned helicopter 2
2940,1131,filterEvac,out,Evacuee 44 in triage category G is assigned helicopter 2
2940,1131,filterEvac,out,Evacuee 49 in triage category G is assigned helicopter 2
2940,1131,filterEvac,out,Evacuee 50 in triage category G is assigned helicopter 2
2940,1131,filterEvac,out,Evacuee 51 in triage category G is assigned helicopter 2
2940,1131,filterEvac,out,Evacuee 52 in triage category G is assigned helicopter 2
2940,1131,filterEvac,out,Evacuee 58 in triage category G is assigned helicopter 2
2940,1131,filterEvac,,
2940,1133,helicopter,,Helicopter;2;is loading people at the evacuation site;;and has;10;spots taken
2943.07,3,evacueeManager,,OFF SHIP: White;0;Green;146;Yellow;34;Red;5;Black;295;ON SHIP: White;0;Green;0;Yellow;0;Red;0;Evacuees to Transfer;
2943.07,1021,evacuee,outES,Evacuee 220 in triage category R is not assigned a helicopter
2943.07,1021,evacuee,,Evacuee;220;in triage state;B;is at the evacuation site
2943.09,3,evacueeManager,,OFF SHIP: White;0;Green;146;Yellow;33;Red;6;Black;295;ON SHIP: White;0;Green;0;Yellow;0;Red;0;Evacuees to Transfer;
2943.09,468,evacuee,outES,Evacuee 289 in triage category Y is not assigned a helicopter
2943.09,468,evacuee,,Evacuee;289;in triage state;R;is at the evacuation site
2943.94,3,evacueeManager,,OFF SHIP: White;0;Green;145;Yellow;34;Red;6;Black;295;ON SHIP: White;0;Green;0;Yellow;0;Red;0;Evacuees to Transfer;
2943.94,1111,evacuee,outES,Evacuee 144 in triage category G is not assigned a helicopter
2943.94,1111,evacuee,,Evacuee;144;in triage state;Y;is at the evacuation site
2944.09,3,evacueeManager,,OFF SHIP: White;0;Green;145;Yellow;34;Red;5;Black;296;ON SHIP: White;0;Green;0;Yellow;0;Red;0;Evacuees to Transfer;
2944.09,549,evacuee,outES,Evacuee 106 in triage category R is not assigned a helicopter
2944.09,549,evacuee,,Evacuee;106;in triage state;B;is at the evacuation site
2955,4,helipadManager,outHelo,Helicopter 2 is evacuating people2
2955,4,helipadManager,,;No helos are at ES
2955,8,filterES,,
2955,108,filterES,,
2955,293,filterES,,
2955,573,filterES,,
2955,1132,filterES,,Helicopter;2;is evacuating people
2955,1172,filterES,,
2955,4,helipadManager,outHQ,0
2955,4,helipadManager,,;No helos are at ES
2955,5,helicopterQueue,,;No helos are waiting to land
2955,1132,filterES,out,Helicopter 2 is evacuating people2
2955,1132,filterES,,
2955,1133,helicopter,,Helicopter;2;is loading people at the evacuation site;;and has;10;spots taken
2955,5,helicopterQueue,,;No helos are waiting to land
2955,1133,helicopter,,Helicopter;2;is returning to the FOL;;and has;10;spots taken
2958.02,3,evacueeManager,,OFF SHIP: White;0;Green;145;Yellow;34;Red;4;Black;297;ON SHIP: White;0;Green;0;Yellow;0;Red;0;Evacuees to Transfer;
2958.02,625,evacuee,outES,Evacuee 412 in triage category R is not assigned a helicopter
2958.02,625,evacuee,,Evacuee;412;in triage state;B;is at the evacuation site
2970,574,helicopter,,Helicopter;5;Is going to the evacuation site;;and has;0;spots taken
2970.18,3,evacueeManager,,OFF SHIP: White;0;Green;145;Yellow;34;Red;3;Black;298;ON SHIP: White;0;Green;0;Yellow;0;Red;0;Evacuees to Transfer;
2970.18,72,evacuee,outES,Evacuee 459 in triage category R is not assigned a helicopter
2970.18,72,evacuee,,Evacuee;459;in triage state;B;is at the evacuation site
2973.89,3,evacueeManager,,OFF SHIP: White;0;Green;145;Yellow;33;Red;4;Black;298;ON SHIP: White;0;Green;0;Yellow;0;Red;0;Evacuees to Transfer;
2973.89,1389,evacuee,outES,Evacuee 201 in triage category Y is not assigned a helicopter
2973.89,1389,evacuee,,Evacuee;201;in triage state;R;is at the evacuation site
2977.49,3,evacueeManager,,OFF SHIP: White;0;Green;145;Yellow;33;Red;3;Black;299;ON SHIP: White;0;Green;0;Yellow;0;Red;0;Evacuees to Transfer;
2977.49,1389,evacuee,outES,Evacuee 201 in triage category R is not assigned a helicopter
2977.49,1389,evacuee,,Evacuee;201;in triage state;B;is at the evacuation site
2989.94,3,evacueeManager,,OFF SHIP: White;0;Green;145;Yellow;32;Red;4;Black;299;ON SHIP: White;0;Green;0;Yellow;0;Red;0;Evacuees to Transfer;
2989.94,1461,evacuee,outES,Evacuee 226 in triage category Y is not assigned a helicopter
2989.94,1461,evacuee,,Evacuee;226;in triage state;R;is at the evacuation site
2997.67,3,evacueeManager,,OFF SHIP: White;0;Green;145;Yellow;31;Red;5;Black;299;ON SHIP: White;0;Green;0;Yellow;0;Red;0;Evacuees to Transfer;
2997.67,483,evacuee,outES,Evacuee 276 in triage category Y is not assigned a helicopter
2997.67,483,evacuee,,Evacuee;276;in triage state;R;is at the evacuation site
2998.9,3,evacueeManager,,OFF SHIP: White;0;Green;145;Yellow;31;Red;4;Black;300;ON SHIP: White;0;Green;0;Yellow;0;Red;0;Evacuees to Transfer;
2998.9,1006,evacuee,outES,Evacuee 21 in triage category R is not assigned a helicopter
2998.9,1006,evacuee,,Evacuee;21;in triage state;B;is at the evacuation site
3000,5,helicopterQueue,,1;Helos are waiting to land;HeloID;3
3000,109,helicopter,outES,Helicopter 3 is evacuating people3
3000,109,helicopter,,Helicopter;3;is waiting to land at the evacuation site;;and has;0;spots taken
3000,4,helipadManager,,;No helos are at ES
3000,5,helicopterQueue,outHM,Helicopter 3 is evacuating people3
3000,5,helicopterQueue,outHelo,Helicopter 3 is evacuating people3
3000,5,helicopterQueue,,;No helos are waiting to land
3000,8,filterES,,
3000,108,filterES,,Helicopter;3;is evacuating people
3000,293,filterES,,
3000,573,filterES,,
3000,1132,filterES,,
3000,1172,filterES,,
3000,3,evacueeManager,,OFF SHIP: White;0;Green;135;Yellow;31;Red;4;Black;300;ON SHIP: White;0;Green;0;Yellow;0;Red;0;Evacuees to Transfer;;EvacueeID;61;HeloID;3;OnShip;0;Triage Status;G;EvacueeID;63;HeloID;3;OnShip;0;Triage Status;G;EvacueeID;64;HeloID;3;OnShip;0;Triage Status;G;EvacueeID;70;HeloID;3;OnShip;0;Triage Status;G;EvacueeID;73;HeloID;3;OnShip;0;Triage Status;G;EvacueeID;74;HeloID;3;OnShip;0;Triage Status;G;EvacueeID;76;HeloID;3;OnShip;0;Triage Status;G;EvacueeID;81;HeloID;3;OnShip;0;Triage Status;G;EvacueeID;83;HeloID;3;OnShip;0;Triage Status;G;EvacueeID;86;HeloID;3;OnShip;0;Triage Status;G
3000,4,helipadManager,outEM,Helicopter 3 is evacuating people3
3000,4,helipadManager,,Helo;3;is at the ES
3000,108,filterES,out,Helicopter 3 is evacuating people3
3000,108,filterES,,
3000,109,helicopter,,Helicopter;3;is waiting to land at the evacuation site;;and has;0;spots taken
3000,3,evacueeManager,outEvac,Evacuee 61 in triage category G is assigned helicopter 3
3000,3,evacueeManager,outEvac,Evacuee 63 in triage category G is assigned helicopter 3
3000,3,evacueeManager,outEvac,Evacuee 64 in triage category G is assigned helicopter 3
3000,3,evacueeManager,outEvac,Evacuee 70 in triage category G is assigned helicopter 3
3000,3,evacueeManager,outEvac,Evacuee 73 in triage category G is assigned helicopter 3
3000,3,evacueeManager,outEvac,Evacuee 74 in triage category G is assigned helicopter 3
3000,3,evacueeManager,outEvac,Evacuee 76 in triage category G is assigned helicopter 3
3000,3,evacueeManager,outEvac,Evacuee 81 in triage category G is assigned helicopter 3
3000,3,evacueeManager,outEvac,Evacuee 83 in triage category G is assigned helicopter 3
3000,3,evacueeManager,outEvac,Evacuee 86 in triage category G is assigned helicopter 3
3000,3,evacueeManager,,OFF SHIP: White;0;Green;135;Yellow;31;Red;4;Black;300;ON SHIP: White;0;Green;0;Yellow;0;Red;0;Evacuees to Transfer;
3000,11,filterLoc,,
3000,14,filterLoc,,
3000,17,filterLoc,,
3000,20,filterLoc,,
3000,23,filterLoc,,
3000,26,filterLoc,,
3000,29,filterLoc,,
3000,32,filterLoc,,
3000,35,filterLoc,,
3000,38,filterLoc,,
3000,41,filterLoc,,
3000,44,filterLoc,,
3000,47,filterLoc,,
3000,50,filterLoc,,
3000,53,filterLoc,,
3000,56,filterLoc,,
3000,59,filterLoc,,
3000,62,filterLoc,,
3000,65,filterLoc,,
3000,68,filterLoc,,
3000,71,filterLoc,,
3000,74,filterLoc,,
3000,77,filterLoc,,
3000,80,filterLoc,,
3000,83,filterLoc,,
3000,86,filterLoc,,
3000,89,filterLoc,,
3000,92,filterLoc,,
3000,95,filterLoc,,
3000,98,filterLoc,,
3000,101,filterLoc,,
3000,104,filterLoc,,
3000,109,helicopter,,Helicopter;3;is loading people at the evacuation site;;and has;0;spots taken
3000,111,filterLoc,,
3000,114,filterLoc,,
3000,117,filterLoc,,
3000,120,filterLoc,,
3000,123,filterLoc,,
3000,126,filterLoc,,
3000,129,filterLoc,,
3000,132,filterLoc,,
3000,135,filterLoc,,
3000,138,filterLoc,,
3000,141,filterLoc,,
3000,144,filterLoc,,
3000,147,filterLoc,,
3000,150,filterLoc,,
3000,153,filterLoc,,
3000,156,filterLoc,,
3000,159,filterLoc,,
3000,162,filterLoc,,
3000,165,filterLoc,,
3000,168,filterLoc,,
3000,171,filterLoc,,
3000,174,filterLoc,,
3000,177,filterLoc,,
3000,180,filterLoc,,
3000,183,filterLoc,,
3000,186,filterLoc,,
3000,189,filterLoc,,
3000,192,filterLoc,,
3000,195,filterLoc,,
3000,198,filterLoc,,
3000,201,filterLoc,,
3000,204,filterLoc,,
3000,207,filterLoc,,
3000,210,filterLoc,,
3000,213,filterLoc,,
3000,216,filterLoc,,
3000,219,filterLoc,,
3000,222,filterLoc,,
3000,225,filterLoc,,
3000,229,filterLoc,,
3000,232,filterLoc,,
3000,235,filterLoc,,
3000,238,filterLoc,,
3000,241,filterLoc,,
3000,244,filterLoc,,
3000,247,filterLoc,,
3000,250,filterLoc,,
3000,253,filterLoc,,
3000,256,filterLoc,,
3000,259,filterLoc,,
3000,262,filterLoc,,
3000,265,filterLoc,,
3000,268,filterLoc,,
3000,271,filterLoc,,
3000,274,filterLoc,,
3000,277,filterLoc,,
3000,280,filterLoc,,
3000,283,filterLoc,,
3000,286,filterLoc,,
3000,289,filterLoc,,
3000,296,filterLoc,,
3000,299,filterLoc,,
3000,302,filterLoc,,
3000,305,filterLoc,,
3000,308,filterLoc,,
3000,311,filterLoc,,
3000,314,filterLoc,,
3000,317,filterLoc,,
3000,320,filterLoc,,
3000,323,filterLoc,,
3000,326,filterLoc,,
3000,329,filterLoc,,
3000,332,filterLoc,,
3000,335,filterLoc,,
3000,338,filterLoc,,
3000,341,filterLoc,,
3000,344,filterLoc,,
3000,347,filterLoc,,
3000,350,filterLoc,,
3000,353,filterLoc,,
3000,356,filterLoc,,
3000,359,filterLoc,,
3000,362,filterLoc,,
3000,365,filterLoc,,
3000,368,filterLoc,,
3000,371,filterLoc,,
3000,374,filterLoc,,
3000,377,filterLoc,,
3000,380,filterLoc,,
3000,383,filterLoc,,
3000,386,filterLoc,,
3000,389,filterLoc,,
3000,392,filterLoc,,
3000,395,filterLoc,,
3000,398,filterLoc,,
3000,401,filterLoc,,
3000,404,filterLoc,,
3000,407,filterLoc,,
3000,410,filterLoc,,
3000,413,filterLoc,,
3000,416,filterLoc,,
3000,419,filterLoc,,
3000,422,filterLoc,,
3000,425,filterLoc,,
3000,428,filterLoc,,
3000,431,filterLoc,,
3000,434,filterLoc,,
3000,437,filterLoc,,
3000,440,filterLoc,,
3000,443,filterLoc,,
3000,446,filterLoc,,
3000,449,filterLoc,,
3000,452,filterLoc,,
3000,455,filterLoc,,
3000,458,filterLoc,,
3000,461,filterLoc,,
3000,464,filterLoc,,
3000,467,filterLoc,,
3000,470,filterLoc,,
3000,473,filterLoc,,
3000,476,filterLoc,,
3000,479,filterLoc,,
3000,482,filterLoc,,
3000,485,filterLoc,,
3000,488,filterLoc,,
3000,491,filterLoc,,
3000,494,filterLoc,,
3000,497,filterLoc,,
3000,500,filterLoc,,
3000,503,filterLoc,,
3000,506,filterLoc,,
3000,509,filterLoc,,
3000,512,filterLoc,,
3000,515,filterLoc,,
3000,518,filterLoc,,
3000,521,filterLoc,,
3000,524,filterLoc,,
3000,527,filterLoc,,
3000,530,filterLoc,,
3000,533,filterLoc,,
3000,536,filterLoc,,
3000,539,filterLoc,,
3000,542,filterLoc,,
3000,545,filterLoc,,
3000,548,filterLoc,,
3000,551,filterLoc,,
3000,554,filterLoc,,
3000,557,filterLoc,,
3000,560,filterLoc,,
3000,563,filterLoc,,
3000,566,filterLoc,,
3000,569,filterLoc,,
3000,576,filterLoc,,
3000,579,filterLoc,,
3000,582,filterLoc,,
3000,585,filterLoc,,
3000,588,filterLoc,,
3000,591,filterLoc,,
3000,594,filterLoc,,
3000,597,filterLoc,,
3000,600,filterLoc,,
3000,603,filterLoc,,
3000,606,filterLoc,,
3000,609,filterLoc,,
3000,612,filterLoc,,
3000,615,filterLoc,,
3000,618,filterLoc,,
3000,621,filterLoc,,
3000,624,filterLoc,,
3000,627,filterLoc,,
3000,630,filterLoc,,;Evacuee;83;in triage category;G;is entering helicopter;3
3000,633,filterLoc,,
3000,636,filterLoc,,
3000,639,filterLoc,,
3000,642,filterLoc,,
3000,645,filterLoc,,;Evacuee;86;in triage category;G;is entering helicopter;3
3000,648,filterLoc,,
3000,651,filterLoc,,
3000,654,filterLoc,,
3000,657,filterLoc,,
3000,660,filterLoc,,
3000,663,filterLoc,,
3000,666,filterLoc,,
3000,669,filterLoc,,
3000,672,filterLoc,,
3000,675,filterLoc,,
3000,678,filterLoc,,
3000,681,filterLoc,,
3000,684,filterLoc,,
3000,687,filterLoc,,
3000,690,filterLoc,,
3000,693,filterLoc,,
3000,696,filterLoc,,;Evacuee;76;in triage category;G;is entering helicopter;3
3000,699,filterLoc,,
3000,702,filterLoc,,;Evacuee;74;in triage category;G;is entering helicopter;3
3000,705,filterLoc,,
3000,708,filterLoc,,
3000,711,filterLoc,,
3000,714,filterLoc,,
3000,717,filterLoc,,
3000,720,filterLoc,,
3000,723,filterLoc,,
3000,726,filterLoc,,
3000,729,filterLoc,,
3000,732,filterLoc,,
3000,735,filterLoc,,
3000,738,filterLoc,,
3000,741,filterLoc,,
3000,744,filterLoc,,
3000,747,filterLoc,,
3000,750,filterLoc,,
3000,753,filterLoc,,
3000,756,filterLoc,,
3000,759,filterLoc,,
3000,762,filterLoc,,
3000,765,filterLoc,,
3000,768,filterLoc,,
3000,771,filterLoc,,
3000,774,filterLoc,,
3000,777,filterLoc,,;Evacuee;70;in triage category;G;is entering helicopter;3
3000,780,filterLoc,,
3000,783,filterLoc,,
3000,786,filterLoc,,
3000,789,filterLoc,,
3000,792,filterLoc,,
3000,795,filterLoc,,
3000,798,filterLoc,,
3000,801,filterLoc,,
3000,804,filterLoc,,
3000,807,filterLoc,,
3000,810,filterLoc,,
3000,813,filterLoc,,
3000,816,filterLoc,,
3000,819,filterLoc,,
3000,822,filterLoc,,
3000,825,filterLoc,,
3000,828,filterLoc,,
3000,831,filterLoc,,
3000,834,filterLoc,,
3000,837,filterLoc,,;Evacuee;81;in triage category;G;is entering helicopter;3
3000,840,filterLoc,,
3000,843,filterLoc,,
3000,846,filterLoc,,
3000,849,filterLoc,,
3000,852,filterLoc,,
3000,855,filterLoc,,
3000,858,filterLoc,,
3000,861,filterLoc,,
3000,864,filterLoc,,
3000,867,filterLoc,,
3000,870,filterLoc,,
3000,873,filterLoc,,
3000,876,filterLoc,,
3000,879,filterLoc,,
3000,882,filterLoc,,
3000,885,filterLoc,,
3000,888,filterLoc,,
3000,891,filterLoc,,
3000,894,filterLoc,,
3000,897,filterLoc,,
3000,900,filterLoc,,
3000,903,filterLoc,,
3000,906,filterLoc,,
3000,909,filterLoc,,
3000,912,filterLoc,,
3000,915,filterLoc,,
3000,918,filterLoc,,
3000,921,filterLoc,,
3000,924,filterLoc,,
3000,927,filterLoc,,
3000,930,filterLoc,,
3000,933,filterLoc,,
3000,936,filterLoc,,
3000,939,filterLoc,,
3000,942,filterLoc,,
3000,945,filterLoc,,
3000,948,filterLoc,,
3000,951,filterLoc,,
3000,954,filterLoc,,
3000,957,filterLoc,,
3000,960,filterLoc,,
3000,963,filterLoc,,
3000,966,filterLoc,,
3000,969,filterLoc,,
3000,972,filterLoc,,
3000,975,filterLoc,,
3000,978,filterLoc,,
3000,981,filterLoc,,
3000,984,filterLoc,,;Evacuee;61;in triage category;G;is entering helicopter;3
3000,987,filterLoc,,
3000,990,filterLoc,,
3000,993,filterLoc,,
3000,996,filterLoc,,
3000,999,filterLoc,,
3000,1002,filterLoc,,
3000,1005,filterLoc,,
3000,1008,filterLoc,,
3000,1011,filterLoc,,
3000,1014,filterLoc,,
3000,1017,filterLoc,,
3000,1020,filterLoc,,
3000,1023,filterLoc,,
3000,1026,filterLoc,,
3000,1029,filterLoc,,
3000,1032,filterLoc,,
3000,1035,filterLoc,,
3000,1038,filterLoc,,
3000,1041,filterLoc,,
3000,1044,filterLoc,,
3000,1047,filterLoc,,;Evacuee;64;in triage category;G;is entering helicopter;3
3000,1050,filterLoc,,
3000,1053,filterLoc,,
3000,1056,filterLoc,,
3000,1059,filterLoc,,
3000,1062,filterLoc,,
3000,1065,filterLoc,,
3000,1068,filterLoc,,
3000,1071,filterLoc,,
3000,1074,filterLoc,,
3000,1077,filterLoc,,
3000,1080,filterLoc,,
3000,1083,filterLoc,,
3000,1086,filterLoc,,
3000,1089,filterLoc,,
3000,1092,filterLoc,,
3000,1095,filterLoc,,
3000,1098,filterLoc,,
3000,1101,filterLoc,,
3000,1104,filterLoc,,
3000,1107,filterLoc,,
3000,1110,filterLoc,,
3000,1113,filterLoc,,
3000,1116,filterLoc,,
3000,1119,filterLoc,,
3000,1122,filterLoc,,
3000,1125,filterLoc,,
3000,1128,filterLoc,,
3000,1135,filterLoc,,
3000,1138,filterLoc,,;Evacuee;63;in triage category;G;is entering helicopter;3
3000,1141,filterLoc,,
3000,1144,filterLoc,,
3000,1147,filterLoc,,
3000,1150,filterLoc,,
3000,1153,filterLoc,,
3000,1156,filterLoc,,
3000,1159,filterLoc,,
3000,1162,filterLoc,,
3000,1165,filterLoc,,
3000,1168,filterLoc,,
3000,1175,filterLoc,,
3000,1178,filterLoc,,
3000,1181,filterLoc,,
3000,1184,filterLoc,,
3000,1187,filterLoc,,
3000,1190,filterLoc,,
3000,1193,filterLoc,,
3000,1196,filterLoc,,
3000,1199,filterLoc,,
3000,1202,filterLoc,,
3000,1205,filterLoc,,
3000,1208,filterLoc,,
3000,1211,filterLoc,,
3000,1214,filterLoc,,
3000,1217,filterLoc,,
3000,1220,filterLoc,,
3000,1223,filterLoc,,
3000,1226,filterLoc,,
3000,1229,filterLoc,,
3000,1232,filterLoc,,
3000,1235,filterLoc,,
3000,1238,filterLoc,,
3000,1241,filterLoc,,
3000,1244,filterLoc,,
3000,1247,filterLoc,,
3000,1250,filterLoc,,
3000,1253,filterLoc,,
3000,1256,filterLoc,,
3000,1259,filterLoc,,
3000,1262,filterLoc,,
3000,1265,filterLoc,,
3000,1268,filterLoc,,
3000,1271,filterLoc,,
3000,1274,filterLoc,,
3000,1277,filterLoc,,
3000,1280,filterLoc,,
3000,1283,filterLoc,,
3000,1286,filterLoc,,
3000,1289,filterLoc,,
3000,1292,filterLoc,,
3000,1295,filterLoc,,
3000,1298,filterLoc,,
3000,1301,filterLoc,,
3000,1304,filterLoc,,
3000,1307,filterLoc,,
3000,1310,filterLoc,,
3000,1313,filterLoc,,
3000,1316,filterLoc,,
3000,1319,filterLoc,,
3000,1322,filterLoc,,
3000,1325,filterLoc,,
3000,1328,filterLoc,,
3000,1331,filterLoc,,
3000,1334,filterLoc,,
3000,1337,filterLoc,,
3000,1340,filterLoc,,
3000,1343,filterLoc,,
3000,1346,filterLoc,,
3000,1349,filterLoc,,
3000,1352,filterLoc,,
3000,1355,filterLoc,,
3000,1358,filterLoc,,
3000,1361,filterLoc,,
3000,1364,filterLoc,,
3000,1367,filterLoc,,
3000,1370,filterLoc,,
3000,1373,filterLoc,,
3000,1376,filterLoc,,
3000,1379,filterLoc,,
3000,1382,filterLoc,,
3000,1385,filterLoc,,
3000,1388,filterLoc,,
3000,1391,filterLoc,,
3000,1394,filterLoc,,
3000,1397,filterLoc,,
3000,1400,filterLoc,,
3000,1403,filterLoc,,
3000,1406,filterLoc,,
3000,1409,filterLoc,,
3000,1412,filterLoc,,
3000,1415,filterLoc,,
3000,1418,filterLoc,,
3000,1421,filterLoc,,
3000,1424,filterLoc,,
3000,1427,filterLoc,,
3000,1430,filterLoc,,
3000,1433,filterLoc,,
3000,1436,filterLoc,,
3000,1439,filterLoc,,
3000,1442,filterLoc,,
3000,1445,filterLoc,,
3000,1448,filterLoc,,
3000,1451,filterLoc,,
3000,1454,filterLoc,,
3000,1457,filterLoc,,
3000,1460,filterLoc,,
3000,1463,filterLoc,,
3000,1466,filterLoc,,
3000,1469,filterLoc,,
3000,1472,filterLoc,,;Evacuee;73;in triage category;G;is entering helicopter;3
3000,1475,filterLoc,,
3000,1478,filterLoc,,
3000,1481,filterLoc,,
3000,1484,filterLoc,,
3000,1487,filterLoc,,
3000,1490,filterLoc,,
3000,1493,filterLoc,,
3000,1496,filterLoc,,
3000,1499,filterLoc,,
3000,1502,filterLoc,,
3000,1505,filterLoc,,
3000,1508,filterLoc,,
3000,1511,filterLoc,,
3000,1514,filterLoc,,
3000,1517,filterLoc,,
3000,1520,filterLoc,,
3000,1523,filterLoc,,
3000,1526,filterLoc,,
3000,1529,filterLoc,,
3000,630,filterLoc,out,Evacuee 83 in triage category G is assigned helicopter 3
3000,630,filterLoc,,
3000,631,evacuee,,Evacuee;83;in triage state;G;is entering helicopter;3
3000,645,filterLoc,out,Evacuee 86 in triage category G is assigned helicopter 3
3000,645,filterLoc,,
3000,646,evacuee,,Evacuee;86;in triage state;G;is entering helicopter;3
3000,696,filterLoc,out,Evacuee 76 in triage category G is assigned helicopter 3
3000,696,filterLoc,,
3000,697,evacuee,,Evacuee;76;in triage state;G;is entering helicopter;3
3000,702,filterLoc,out,Evacuee 74 in triage category G is assigned helicopter 3
3000,702,filterLoc,,
3000,703,evacuee,,Evacuee;74;in triage state;G;is entering helicopter;3
3000,777,filterLoc,out,Evacuee 70 in triage category G is assigned helicopter 3
3000,777,filterLoc,,
3000,778,evacuee,,Evacuee;70;in triage state;G;is entering helicopter;3
3000,837,filterLoc,out,Evacuee 81 in triage category G is assigned helicopter 3
3000,837,filterLoc,,
3000,838,evacuee,,Evacuee;81;in triage state;G;is entering helicopter;3
3000,984,filterLoc,out,Evacuee 61 in triage category G is assigned helicopter 3
3000,984,filterLoc,,
3000,985,evacuee,,Evacuee;61;in triage state;G;is entering helicopter;3
3000,1047,filterLoc,out,Evacuee 64 in triage category G is assigned helicopter 3
3000,1047,filterLoc,,
3000,1048,evacuee,,Evacuee;64;in triage state;G;is entering helicopter;3
3000,1138,filterLoc,out,Evacuee 63 in triage category G is assigned helicopter 3
3000,1138,filterLoc,,
3000,1139,evacuee,,Evacuee;63;in triage state;G;is entering helicopter;3
3000,1472,filterLoc,out,Evacuee 73 in triage category G is assigned helicopter 3
3000,1472,filterLoc,,
3000,1473,evacuee,,Evacuee;73;in triage state;G;is entering helicopter;3
3000,7,filterEvac,,
3000,107,filterEvac,,;Evacuee;61;in triage category;G;is entering helicopter;3;Evacuee;63;in triage category;G;is entering helicopter;3;Evacuee;64;in triage category;G;is entering helicopter;3;Evacuee;70;in triage category;G;is entering helicopter;3;Evacuee;73;in triage category;G;is entering helicopter;3;Evacuee;74;in triage category;G;is entering helicopter;3;Evacuee;76;in triage category;G;is entering helicopter;3;Evacuee;81;in triage category;G;is entering helicopter;3;Evacuee;83;in triage category;G;is entering helicopter;3;Evacuee;86;in triage category;G;is entering helicopter;3
3000,292,filterEvac,,
3000,572,filterEvac,,
3000,631,evacuee,outHelo,Evacuee 83 in triage category G is assigned helicopter 3
3000,631,evacuee,,Evacuee;83;in triage state;G;is in helicopter;3
3000,646,evacuee,outHelo,Evacuee 86 in triage category G is assigned helicopter 3
3000,646,evacuee,,Evacuee;86;in triage state;G;is in helicopter;3
3000,697,evacuee,outHelo,Evacuee 76 in triage category G is assigned helicopter 3
3000,697,evacuee,,Evacuee;76;in triage state;G;is in helicopter;3
3000,703,evacuee,outHelo,Evacuee 74 in triage category G is assigned helicopter 3
3000,703,evacuee,,Evacuee;74;in triage state;G;is in helicopter;3
3000,778,evacuee,outHelo,Evacuee 70 in triage category G is assigned helicopter 3
3000,778,evacuee,,Evacuee;70;in triage state;G;is in helicopter;3
3000,838,evacuee,outHelo,Evacuee 81 in triage category G is assigned helicopter 3
3000,838,evacuee,,Evacuee;81;in triage state;G;is in helicopter;3
3000,985,evacuee,outHelo,Evacuee 61 in triage category G is assigned helicopter 3
3000,985,evacuee,,Evacuee;61;in triage state;G;is in helicopter;3
3000,1048,evacuee,outHelo,Evacuee 64 in triage category G is assigned helicopter 3
3000,1048,evacuee,,Evacuee;64;in triage state;G;is in helicopter;3
3000,1131,filterEvac,,
3000,1139,evacuee,outHelo,Evacuee 63 in triage category G is assigned helicopter 3
3000,1139,evacuee,,Evacuee;63;in triage state;G;is in helicopter;3
3000,1171,filterEvac,,
3000,1473,evacuee,outHelo,Evacuee 73 in triage category G is assigned helicopter 3
3000,1473,evacuee,,Evacuee;73;in triage state;G;is in helicopter;3
3000,107,filterEvac,out,Evacuee 61 in triage category G is assigned helicopter 3
3000,107,filterEvac,out,Evacuee 63 in triage category G is assigned helicopter 3
3000,107,filterEvac,out,Evacuee 64 in triage category G is assigned helicopter 3
3000,107,filterEvac,out,Evacuee 70 in triage category G is assigned helicopter 3
3000,107,filterEvac,out,Evacuee 73 in triage category G is assigned helicopter 3
3000,107,filterEvac,out,Evacuee 74 in triage category G is assigned helicopter 3
3000,107,filterEvac,out,Evacuee 76 in triage category G is assigned helicopter 3
3000,107,filterEvac,out,Evacuee 81 in triage category G is assigned helicopter 3
3000,107,filterEvac,out,Evacuee 83 in triage category G is assigned helicopter 3
3000,107,filterEvac,out,Evacuee 86 in triage category G is assigned helicopter 3
3000,107,filterEvac,,
3000,109,helicopter,,Helicopter;3;is loading people at the evacuation site;;and has;10;spots taken
3001.25,3,evacueeManager,,OFF SHIP: White;0;Green;135;Yellow;31;Red;3;Black;301;ON SHIP: White;0;Green;0;Yellow;0;Red;0;Evacuees to Transfer;
3001.25,468,evacuee,outES,Evacuee 289 in triage category R is not assigned a helicopter
3001.25,468,evacuee,,Evacuee;289;in triage state;B;is at the evacuation site
3008.25,3,evacueeManager,,OFF SHIP: White;0;Green;135;Yellow;31;Red;2;Black;302;ON SHIP: White;0;Green;0;Yellow;0;Red;0;Evacuees to Transfer;
3008.25,1461,evacuee,outES,Evacuee 226 in triage category R is not assigned a helicopter
3008.25,1461,evacuee,,Evacuee;226;in triage state;B;is at the evacuation site
3011.02,3,evacueeManager,,OFF SHIP: White;0;Green;134;Yellow;32;Red;2;Black;302;ON SHIP: White;0;Green;0;Yellow;0;Red;0;Evacuees to Transfer;
3011.02,486,evacuee,outES,Evacuee 121 in triage category G is not assigned a helicopter
3011.02,486,evacuee,,Evacuee;121;in triage state;Y;is at the evacuation site
3015,4,helipadManager,outHelo,Helicopter 3 is evacuating people3
3015,4,helipadManager,,;No helos are at ES
3015,8,filterES,,
3015,108,filterES,,Helicopter;3;is evacuating people
3015,293,filterES,,
3015,573,filterES,,
3015,1132,filterES,,
3015,1172,filterES,,
3015,4,helipadManager,outHQ,0
3015,4,helipadManager,,;No helos are at ES
3015,5,helicopterQueue,,;No helos are waiting to land
3015,108,filterES,out,Helicopter 3 is evacuating people3
3015,108,filterES,,
3015,109,helicopter,,Helicopter;3;is loading people at the evacuation site;;and has;10;spots taken
3015,5,helicopterQueue,,;No helos are waiting to land
3015,109,helicopter,,Helicopter;3;is returning to the FOL;;and has;10;spots taken
3017.31,3,evacueeManager,,OFF SHIP: White;0;Green;134;Yellow;32;Red;1;Black;303;ON SHIP: White;0;Green;0;Yellow;0;Red;0;Evacuees to Transfer;
3017.31,483,evacuee,outES,Evacuee 276 in triage category R is not assigned a helicopter
3017.31,483,evacuee,,Evacuee;276;in triage state;B;is at the evacuation site
3025.13,3,evacueeManager,,OFF SHIP: White;0;Green;133;Yellow;33;Red;1;Black;303;ON SHIP: White;0;Green;0;Yellow;0;Red;0;Evacuees to Transfer;
3025.13,275,evacuee,outES,Evacuee 340 in triage category G is not assigned a helicopter
3025.13,275,evacuee,,Evacuee;340;in triage state;Y;is at the evacuation site
3025.72,3,evacueeManager,,OFF SHIP: White;0;Green;133;Yellow;32;Red;2;Black;303;ON SHIP: White;0;Green;0;Yellow;0;Red;0;Evacuees to Transfer;
3025.72,345,evacuee,outES,Evacuee 443 in triage category Y is not assigned a helicopter
3025.72,345,evacuee,,Evacuee;443;in triage state;R;is at the evacuation site
3029.54,3,evacueeManager,,OFF SHIP: White;0;Green;132;Yellow;33;Red;2;Black;303;ON SHIP: White;0;Green;0;Yellow;0;Red;0;Evacuees to Transfer;
3029.54,973,evacuee,outES,Evacuee 209 in triage category G is not assigned a helicopter
3029.54,973,evacuee,,Evacuee;209;in triage state;Y;is at the evacuation site
3030,9,helicopter,,Helicopter;6;Is going to the evacuation site;;and has;0;spots taken
3033.48,3,evacueeManager,,OFF SHIP: White;0;Green;132;Yellow;32;Red;3;Black;303;ON SHIP: White;0;Green;0;Yellow;0;Red;0;Evacuees to Transfer;
3033.48,622,evacuee,outES,Evacuee 136 in triage category Y is not assigned a helicopter
3033.48,622,evacuee,,Evacuee;136;in triage state;R;is at the evacuation site
3033.93,3,evacueeManager,,OFF SHIP: White;0;Green;132;Yellow;32;Red;2;Black;304;ON SHIP: White;0;Green;0;Yellow;0;Red;0;Evacuees to Transfer;
3033.93,63,evacuee,outES,Evacuee 463 in triage category R is not assigned a helicopter
3033.93,63,evacuee,,Evacuee;463;in triage state;B;is at the evacuation site
3041.37,3,evacueeManager,,OFF SHIP: White;0;Green;132;Yellow;31;Red;3;Black;304;ON SHIP: White;0;Green;0;Yellow;0;Red;0;Evacuees to Transfer;
3041.37,396,evacuee,outES,Evacuee 415 in triage category Y is not assigned a helicopter
3041.37,396,evacuee,,Evacuee;415;in triage state;R;is at the evacuation site
3045,11,filterLoc,,
3045,14,filterLoc,,
3045,17,filterLoc,,
3045,20,filterLoc,,
3045,23,filterLoc,,
3045,26,filterLoc,,
3045,29,filterLoc,,
3045,32,filterLoc,,
3045,35,filterLoc,,
3045,38,filterLoc,,
3045,41,filterLoc,,
3045,44,filterLoc,,
3045,47,filterLoc,,
3045,50,filterLoc,,
3045,53,filterLoc,,
3045,56,filterLoc,,
3045,59,filterLoc,,
3045,62,filterLoc,,
3045,65,filterLoc,,
3045,68,filterLoc,,
3045,71,filterLoc,,
3045,74,filterLoc,,
3045,77,filterLoc,,
3045,80,filterLoc,,
3045,83,filterLoc,,
3045,86,filterLoc,,
3045,89,filterLoc,,
3045,92,filterLoc,,
3045,95,filterLoc,,
3045,98,filterLoc,,
3045,101,filterLoc,,
3045,104,filterLoc,,
3045,111,filterLoc,,
3045,114,filterLoc,,
3045,117,filterLoc,,
3045,120,filterLoc,,
3045,123,filterLoc,,
3045,126,filterLoc,,
3045,129,filterLoc,,
3045,132,filterLoc,,
3045,135,filterLoc,,
3045,138,filterLoc,,
3045,141,filterLoc,,
3045,144,filterLoc,,
3045,147,filterLoc,,
3045,150,filterLoc,,
3045,153,filterLoc,,
3045,156,filterLoc,,
3045,159,filterLoc,,
3045,162,filterLoc,,
3045,165,filterLoc,,
3045,168,filterLoc,,
3045,171,filterLoc,,
3045,174,filterLoc,,
3045,177,filterLoc,,
3045,180,filterLoc,,
3045,183,filterLoc,,
3045,186,filterLoc,,
3045,189,filterLoc,,
3045,192,filterLoc,,
3045,195,filterLoc,,
3045,198,filterLoc,,
3045,201,filterLoc,,
3045,204,filterLoc,,
3045,207,filterLoc,,
3045,210,filterLoc,,
3045,213,filterLoc,,
3045,216,filterLoc,,
3045,219,filterLoc,,
3045,222,filterLoc,,
3045,225,filterLoc,,
3045,229,filterLoc,,
3045,232,filterLoc,,
3045,235,filterLoc,,
3045,238,filterLoc,,
3045,241,filterLoc,,
3045,244,filterLoc,,
3045,247,filterLoc,,
3045,250,filterLoc,,
3045,253,filterLoc,,
3045,256,filterLoc,,
3045,259,filterLoc,,
3045,262,filterLoc,,
3045,265,filterLoc,,
3045,268,filterLoc,,
3045,271,filterLoc,,
3045,274,filterLoc,,
3045,277,filterLoc,,
3045,280,filterLoc,,
3045,283,filterLoc,,
3045,286,filterLoc,,
3045,289,filterLoc,,
3045,296,filterLoc,,
3045,299,filterLoc,,
3045,302,filterLoc,,
3045,305,filterLoc,,
3045,308,filterLoc,,
3045,311,filterLoc,,
3045,314,filterLoc,,
3045,317,filterLoc,,
3045,320,filterLoc,,
3045,323,filterLoc,,
3045,326,filterLoc,,
3045,329,filterLoc,,
3045,332,filterLoc,,
3045,335,filterLoc,,
3045,338,filterLoc,,
3045,341,filterLoc,,
3045,344,filterLoc,,
3045,347,filterLoc,,
3045,350,filterLoc,,
3045,353,filterLoc,,
3045,356,filterLoc,,
3045,359,filterLoc,,
3045,362,filterLoc,,
3045,365,filterLoc,,
3045,368,filterLoc,,
3045,371,filterLoc,,
3045,374,filterLoc,,
3045,377,filterLoc,,
3045,380,filterLoc,,
3045,383,filterLoc,,
3045,386,filterLoc,,
3045,389,filterLoc,,
3045,392,filterLoc,,
3045,395,filterLoc,,
3045,398,filterLoc,,
3045,401,filterLoc,,
3045,404,filterLoc,,
3045,407,filterLoc,,
3045,410,filterLoc,,
3045,413,filterLoc,,
3045,416,filterLoc,,
3045,419,filterLoc,,
3045,422,filterLoc,,
3045,425,filterLoc,,
3045,428,filterLoc,,
3045,431,filterLoc,,
3045,434,filterLoc,,
3045,437,filterLoc,,
3045,440,filterLoc,,
3045,443,filterLoc,,
3045,446,filterLoc,,
3045,449,filterLoc,,
3045,452,filterLoc,,
3045,455,filterLoc,,
3045,458,filterLoc,,
3045,461,filterLoc,,
3045,464,filterLoc,,
3045,467,filterLoc,,
3045,470,filterLoc,,
3045,473,filterLoc,,
3045,476,filterLoc,,
3045,479,filterLoc,,
3045,482,filterLoc,,
3045,485,filterLoc,,
3045,488,filterLoc,,
3045,491,filterLoc,,
3045,494,filterLoc,,
3045,497,filterLoc,,
3045,500,filterLoc,,
3045,503,filterLoc,,
3045,506,filterLoc,,
3045,509,filterLoc,,
3045,512,filterLoc,,
3045,515,filterLoc,,
3045,518,filterLoc,,
3045,521,filterLoc,,
3045,524,filterLoc,,
3045,527,filterLoc,,
3045,530,filterLoc,,
3045,533,filterLoc,,
3045,536,filterLoc,,
3045,539,filterLoc,,
3045,542,filterLoc,,
3045,545,filterLoc,,
3045,548,filterLoc,,
3045,551,filterLoc,,
3045,554,filterLoc,,
3045,557,filterLoc,,
3045,560,filterLoc,,
3045,563,filterLoc,,
3045,566,filterLoc,,
3045,569,filterLoc,,
3045,576,filterLoc,,
3045,579,filterLoc,,
3045,582,filterLoc,,
3045,585,filterLoc,,
3045,588,filterLoc,,
3045,591,filterLoc,,
3045,594,filterLoc,,
3045,597,filterLoc,,
3045,600,filterLoc,,
3045,603,filterLoc,,
3045,606,filterLoc,,
3045,609,filterLoc,,
3045,612,filterLoc,,
3045,615,filterLoc,,
3045,618,filterLoc,,
3045,621,filterLoc,,
3045,624,filterLoc,,
3045,627,filterLoc,,
3045,630,filterLoc,,
3045,633,filterLoc,,
3045,636,filterLoc,,
3045,639,filterLoc,,
3045,642,filterLoc,,
3045,645,filterLoc,,
3045,648,filterLoc,,
3045,651,filterLoc,,
3045,654,filterLoc,,
3045,657,filterLoc,,
3045,660,filterLoc,,
3045,663,filterLoc,,
3045,666,filterLoc,,
3045,669,filterLoc,,
3045,672,filterLoc,,
3045,675,filterLoc,,
3045,678,filterLoc,,
3045,681,filterLoc,,
3045,684,filterLoc,,
3045,687,filterLoc,,
3045,690,filterLoc,,
3045,693,filterLoc,,
3045,696,filterLoc,,
3045,699,filterLoc,,
3045,702,filterLoc,,
3045,705,filterLoc,,
3045,708,filterLoc,,
3045,711,filterLoc,,
3045,714,filterLoc,,
3045,717,filterLoc,,
3045,720,filterLoc,,
3045,723,filterLoc,,
3045,726,filterLoc,,
3045,729,filterLoc,,
3045,732,filterLoc,,
3045,735,filterLoc,,
3045,738,filterLoc,,
3045,741,filterLoc,,
3045,744,filterLoc,,
3045,747,filterLoc,,
3045,750,filterLoc,,
3045,753,filterLoc,,
3045,756,filterLoc,,
3045,759,filterLoc,,
3045,762,filterLoc,,
3045,765,filterLoc,,
3045,768,filterLoc,,;Evacuee;9;in triage category;G;is leaving helicopter;1
3045,771,filterLoc,,;Evacuee;25;in triage category;G;is leaving helicopter;1
3045,774,filterLoc,,
3045,777,filterLoc,,
3045,780,filterLoc,,;Evacuee;5;in triage category;G;is leaving helicopter;1
3045,783,filterLoc,,
3045,786,filterLoc,,
3045,789,filterLoc,,
3045,792,filterLoc,,
3045,795,filterLoc,,
3045,798,filterLoc,,
3045,801,filterLoc,,
3045,804,filterLoc,,
3045,807,filterLoc,,
3045,810,filterLoc,,
3045,813,filterLoc,,
3045,816,filterLoc,,
3045,819,filterLoc,,
3045,822,filterLoc,,
3045,825,filterLoc,,
3045,828,filterLoc,,
3045,831,filterLoc,,
3045,834,filterLoc,,
3045,837,filterLoc,,
3045,840,filterLoc,,
3045,843,filterLoc,,
3045,846,filterLoc,,
3045,849,filterLoc,,
3045,852,filterLoc,,
3045,855,filterLoc,,
3045,858,filterLoc,,
3045,861,filterLoc,,
3045,864,filterLoc,,
3045,867,filterLoc,,
3045,870,filterLoc,,
3045,873,filterLoc,,
3045,876,filterLoc,,
3045,879,filterLoc,,
3045,882,filterLoc,,
3045,885,filterLoc,,
3045,888,filterLoc,,
3045,891,filterLoc,,
3045,894,filterLoc,,
3045,897,filterLoc,,
3045,900,filterLoc,,
3045,903,filterLoc,,
3045,906,filterLoc,,
3045,909,filterLoc,,
3045,912,filterLoc,,
3045,915,filterLoc,,;Evacuee;6;in triage category;G;is leaving helicopter;1
3045,918,filterLoc,,
3045,921,filterLoc,,
3045,924,filterLoc,,
3045,927,filterLoc,,
3045,930,filterLoc,,
3045,933,filterLoc,,
3045,936,filterLoc,,
3045,939,filterLoc,,
3045,942,filterLoc,,
3045,945,filterLoc,,
3045,948,filterLoc,,
3045,951,filterLoc,,
3045,954,filterLoc,,
3045,957,filterLoc,,
3045,960,filterLoc,,
3045,963,filterLoc,,
3045,966,filterLoc,,
3045,969,filterLoc,,
3045,972,filterLoc,,
3045,975,filterLoc,,
3045,978,filterLoc,,
3045,981,filterLoc,,
3045,984,filterLoc,,
3045,987,filterLoc,,
3045,990,filterLoc,,
3045,993,filterLoc,,
3045,996,filterLoc,,
3045,999,filterLoc,,
3045,1002,filterLoc,,
3045,1005,filterLoc,,
3045,1008,filterLoc,,
3045,1011,filterLoc,,
3045,1014,filterLoc,,
3045,1017,filterLoc,,
3045,1020,filterLoc,,
3045,1023,filterLoc,,
3045,1026,filterLoc,,
3045,1029,filterLoc,,
3045,1032,filterLoc,,
3045,1035,filterLoc,,
3045,1038,filterLoc,,
3045,1041,filterLoc,,;Evacuee;32;in triage category;G;is leaving helicopter;1
3045,1044,filterLoc,,
3045,1047,filterLoc,,
3045,1050,filterLoc,,
3045,1053,filterLoc,,
3045,1056,filterLoc,,
3045,1059,filterLoc,,;Evacuee;20;in triage category;G;is leaving helicopter;1
3045,1062,filterLoc,,
3045,1065,filterLoc,,
3045,1068,filterLoc,,
3045,1071,filterLoc,,
3045,1074,filterLoc,,
3045,1077,filterLoc,,
3045,1080,filterLoc,,
3045,1083,filterLoc,,
3045,1086,filterLoc,,
3045,1089,filterLoc,,
3045,1092,filterLoc,,
3045,1095,filterLoc,,
3045,1098,filterLoc,,
3045,1101,filterLoc,,
3045,1104,filterLoc,,
3045,1107,filterLoc,,
3045,1110,filterLoc,,
3045,1113,filterLoc,,
3045,1116,filterLoc,,;Evacuee;19;in triage category;G;is leaving helicopter;1
3045,1119,filterLoc,,
3045,1122,filterLoc,,
3045,1125,filterLoc,,
3045,1128,filterLoc,,
3045,1135,filterLoc,,
3045,1138,filterLoc,,
3045,1141,filterLoc,,
3045,1144,filterLoc,,
3045,1147,filterLoc,,
3045,1150,filterLoc,,
3045,1153,filterLoc,,
3045,1156,filterLoc,,
3045,1159,filterLoc,,
3045,1162,filterLoc,,
3045,1165,filterLoc,,
3045,1168,filterLoc,,
3045,1173,helicopter,outEvac,Evacuee 5 in triage category G is not assigned a helicopter
3045,1173,helicopter,outEvac,Evacuee 6 in triage category G is not assigned a helicopter
3045,1173,helicopter,outEvac,Evacuee 7 in triage category G is not assigned a helicopter
3045,1173,helicopter,outEvac,Evacuee 9 in triage category G is not assigned a helicopter
3045,1173,helicopter,outEvac,Evacuee 16 in triage category G is not assigned a helicopter
3045,1173,helicopter,outEvac,Evacuee 19 in triage category G is not assigned a helicopter
3045,1173,helicopter,outEvac,Evacuee 20 in triage category G is not assigned a helicopter
3045,1173,helicopter,outEvac,Evacuee 25 in triage category G is not assigned a helicopter
3045,1173,helicopter,outEvac,Evacuee 28 in triage category G is not assigned a helicopter
3045,1173,helicopter,outEvac,Evacuee 32 in triage category G is not assigned a helicopter
3045,1173,helicopter,,Helicopter;1;is unloading people at the FOL;;and has;0;spots taken
3045,1175,filterLoc,,
3045,1178,filterLoc,,
3045,1181,filterLoc,,
3045,1184,filterLoc,,
3045,1187,filterLoc,,
3045,1190,filterLoc,,
3045,1193,filterLoc,,
3045,1196,filterLoc,,
3045,1199,filterLoc,,
3045,1202,filterLoc,,
3045,1205,filterLoc,,
3045,1208,filterLoc,,
3045,1211,filterLoc,,
3045,1214,filterLoc,,
3045,1217,filterLoc,,
3045,1220,filterLoc,,
3045,1223,filterLoc,,
3045,1226,filterLoc,,
3045,1229,filterLoc,,
3045,1232,filterLoc,,
3045,1235,filterLoc,,
3045,1238,filterLoc,,
3045,1241,filterLoc,,
3045,1244,filterLoc,,
3045,1247,filterLoc,,
3045,1250,filterLoc,,
3045,1253,filterLoc,,
3045,1256,filterLoc,,
3045,1259,filterLoc,,;Evacuee;28;in triage category;G;is leaving helicopter;1
3045,1262,filterLoc,,
3045,1265,filterLoc,,
3045,1268,filterLoc,,
3045,1271,filterLoc,,
3045,1274,filterLoc,,
3045,1277,filterLoc,,;Evacuee;16;in triage category;G;is leaving helicopter;1
3045,1280,filterLoc,,
3045,1283,filterLoc,,
3045,1286,filterLoc,,
3045,1289,filterLoc,,
3045,1292,filterLoc,,
3045,1295,filterLoc,,
3045,1298,filterLoc,,
3045,1301,filterLoc,,
3045,1304,filterLoc,,
3045,1307,filterLoc,,
3045,1310,filterLoc,,
3045,1313,filterLoc,,
3045,1316,filterLoc,,
3045,1319,filterLoc,,
3045,1322,filterLoc,,
3045,1325,filterLoc,,
3045,1328,filterLoc,,
3045,1331,filterLoc,,
3045,1334,filterLoc,,
3045,1337,filterLoc,,
3045,1340,filterLoc,,
3045,1343,filterLoc,,
3045,1346,filterLoc,,
3045,1349,filterLoc,,
3045,1352,filterLoc,,
3045,1355,filterLoc,,
3045,1358,filterLoc,,
3045,1361,filterLoc,,
3045,1364,filterLoc,,
3045,1367,filterLoc,,
3045,1370,filterLoc,,
3045,1373,filterLoc,,
3045,1376,filterLoc,,
3045,1379,filterLoc,,
3045,1382,filterLoc,,
3045,1385,filterLoc,,
3045,1388,filterLoc,,
3045,1391,filterLoc,,
3045,1394,filterLoc,,
3045,1397,filterLoc,,
3045,1400,filterLoc,,
3045,1403,filterLoc,,
3045,1406,filterLoc,,
3045,1409,filterLoc,,
3045,1412,filterLoc,,
3045,1415,filterLoc,,
3045,1418,filterLoc,,
3045,1421,filterLoc,,
3045,1424,filterLoc,,
3045,1427,filterLoc,,
3045,1430,filterLoc,,
3045,1433,filterLoc,,
3045,1436,filterLoc,,
3045,1439,filterLoc,,
3045,1442,filterLoc,,
3045,1445,filterLoc,,
3045,1448,filterLoc,,
3045,1451,filterLoc,,
3045,1454,filterLoc,,
3045,1457,filterLoc,,
3045,1460,filterLoc,,
3045,1463,filterLoc,,
3045,1466,filterLoc,,
3045,1469,filterLoc,,
3045,1472,filterLoc,,
3045,1475,filterLoc,,
3045,1478,filterLoc,,
3045,1481,filterLoc,,;Evacuee;7;in triage category;G;is leaving helicopter;1
3045,1484,filterLoc,,
3045,1487,filterLoc,,
3045,1490,filterLoc,,
3045,1493,filterLoc,,
3045,1496,filterLoc,,
3045,1499,filterLoc,,
3045,1502,filterLoc,,
3045,1505,filterLoc,,
3045,1508,filterLoc,,
3045,1511,filterLoc,,
3045,1514,filterLoc,,
3045,1517,filterLoc,,
3045,1520,filterLoc,,
3045,1523,filterLoc,,
3045,1526,filterLoc,,
3045,1529,filterLoc,,
3045,768,filterLoc,out,Evacuee 9 in triage category G is not assigned a helicopter
3045,768,filterLoc,,
3045,769,evacuee,,Evacuee;9;in triage state;G;is entering the FOL
3045,771,filterLoc,out,Evacuee 25 in triage category G is not assigned a helicopter
3045,771,filterLoc,,
3045,772,evacuee,,Evacuee;25;in triage state;G;is entering the FOL
3045,780,filterLoc,out,Evacuee 5 in triage category G is not assigned a helicopter
3045,780,filterLoc,,
3045,781,evacuee,,Evacuee;5;in triage state;G;is entering the FOL
3045,915,filterLoc,out,Evacuee 6 in triage category G is not assigned a helicopter
3045,915,filterLoc,,
3045,916,evacuee,,Evacuee;6;in triage state;G;is entering the FOL
3045,1041,filterLoc,out,Evacuee 32 in triage category G is not assigned a helicopter
3045,1041,filterLoc,,
3045,1042,evacuee,,Evacuee;32;in triage state;G;is entering the FOL
3045,1059,filterLoc,out,Evacuee 20 in triage category G is not assigned a helicopter
3045,1059,filterLoc,,
3045,1060,evacuee,,Evacuee;20;in triage state;G;is entering the FOL
3045,1116,filterLoc,out,Evacuee 19 in triage category G is not assigned a helicopter
3045,1116,filterLoc,,
3045,1117,evacuee,,Evacuee;19;in triage state;G;is entering the FOL
3045,1259,filterLoc,out,Evacuee 28 in triage category G is not assigned a helicopter
3045,1259,filterLoc,,
3045,1260,evacuee,,Evacuee;28;in triage state;G;is entering the FOL
3045,1277,filterLoc,out,Evacuee 16 in triage category G is not assigned a helicopter
3045,1277,filterLoc,,
3045,1278,evacuee,,Evacuee;16;in triage state;G;is entering the FOL
3045,1481,filterLoc,out,Evacuee 7 in triage category G is not assigned a helicopter
3045,1481,filterLoc,,
3045,1482,evacuee,,Evacuee;7;in triage state;G;is entering the FOL
3045,227,FOL,,;EvacueeID;5;Triage Status;G;EvacueeID;6;Triage Status;G;EvacueeID;7;Triage Status;G;EvacueeID;9;Triage Status;G;EvacueeID;16;Triage Status;G;EvacueeID;19;Triage Status;G;EvacueeID;20;Triage Status;G;EvacueeID;25;Triage Status;G;EvacueeID;28;Triage Status;G;EvacueeID;32;Triage Status;G;Lives Saved;10
3045,769,evacuee,outFOL,Evacuee 9 in triage category G is not assigned a helicopter
3045,769,evacuee,,Evacuee;9;in triage state;G;is at the FOL
3045,772,evacuee,outFOL,Evacuee 25 in triage category G is not assigned a helicopter
3045,772,evacuee,,Evacuee;25;in triage state;G;is at the FOL
3045,781,evacuee,outFOL,Evacuee 5 in triage category G is not assigned a helicopter
3045,781,evacuee,,Evacuee;5;in triage state;G;is at the FOL
3045,916,evacuee,outFOL,Evacuee 6 in triage category G is not assigned a helicopter
3045,916,evacuee,,Evacuee;6;in triage state;G;is at the FOL
3045,1042,evacuee,outFOL,Evacuee 32 in triage category G is not assigned a helicopter
3045,1042,evacuee,,Evacuee;32;in triage state;G;is at the FOL
3045,1060,evacuee,outFOL,Evacuee 20 in triage category G is not assigned a helicopter
3045,1060,evacuee,,Evacuee;20;in triage state;G;is at the FOL
3045,1117,evacuee,outFOL,Evacuee 19 in triage category G is not assigned a helicopter
3045,1117,evacuee,,Evacuee;19;in triage state;G;is at the FOL
3045,1260,evacuee,outFOL,Evacuee 28 in triage category G is not assigned a helicopter
3045,1260,evacuee,,Evacuee;28;in triage state;G;is at the FOL
3045,1278,evacuee,outFOL,Evacuee 16 in triage category G is not assigned a helicopter
3045,1278,evacuee,,Evacuee;16;in triage state;G;is at the FOL
3045,1482,evacuee,outFOL,Evacuee 7 in triage category G is not assigned a helicopter
3045,1482,evacuee,,Evacuee;7;in triage state;G;is at the FOL
3045,227,FOL,,;EvacueeID;5;Triage Status;G;EvacueeID;6;Triage Status;G;EvacueeID;7;Triage Status;G;EvacueeID;9;Triage Status;G;EvacueeID;16;Triage Status;G;EvacueeID;19;Triage Status;G;EvacueeID;20;Triage Status;G;EvacueeID;25;Triage Status;G;EvacueeID;28;Triage Status;G;EvacueeID;32;Triage Status;G;Lives Saved;10
3045.56,3,evacueeManager,,OFF SHIP: White;0;Green;132;Yellow;30;Red;4;Black;304;ON SHIP: White;0;Green;0;Yellow;0;Red;0;Evacuees to Transfer;
3045.56,139,evacuee,outES,Evacuee 422 in triage category Y is not assigned a helicopter
3045.56,139,evacuee,,Evacuee;422;in triage state;R;is at the evacuation site
3047.54,3,evacueeManager,,OFF SHIP: White;0;Green;131;Yellow;31;Red;4;Black;304;ON SHIP: White;0;Green;0;Yellow;0;Red;0;Evacuees to Transfer;
3047.54,145,evacuee,outES,Evacuee 408 in triage category G is not assigned a helicopter
3047.54,145,evacuee,,Evacuee;408;in triage state;Y;is at the evacuation site
3054.2,3,evacueeManager,,OFF SHIP: White;0;Green;130;Yellow;32;Red;4;Black;304;ON SHIP: White;0;Green;0;Yellow;0;Red;0;Evacuees to Transfer;
3054.2,1188,evacuee,outES,Evacuee 385 in triage category G is not assigned a helicopter
3054.2,1188,evacuee,,Evacuee;385;in triage state;Y;is at the evacuation site
3055.78,3,evacueeManager,,OFF SHIP: White;0;Green;129;Yellow;33;Red;4;Black;304;ON SHIP: White;0;Green;0;Yellow;0;Red;0;Evacuees to Transfer;
3055.78,205,evacuee,outES,Evacuee 380 in triage category G is not assigned a helicopter
3055.78,205,evacuee,,Evacuee;380;in triage state;Y;is at the evacuation site
3060,5,helicopterQueue,,1;Helos are waiting to land;HeloID;4
3060,294,helicopter,outES,Helicopter 4 is evacuating people4
3060,294,helicopter,,Helicopter;4;is waiting to land at the evacuation site;;and has;0;spots taken
3060,1173,helicopter,,Helicopter;1;Is going to the evacuation site;;and has;0;spots taken
3060,4,helipadManager,,;No helos are at ES
3060,5,helicopterQueue,outHM,Helicopter 4 is evacuating people4
3060,5,helicopterQueue,outHelo,Helicopter 4 is evacuating people4
3060,5,helicopterQueue,,;No helos are waiting to land
3060,8,filterES,,
3060,108,filterES,,
3060,293,filterES,,Helicopter;4;is evacuating people
3060,573,filterES,,
3060,1132,filterES,,
3060,1172,filterES,,
3060,3,evacueeManager,,OFF SHIP: White;0;Green;119;Yellow;33;Red;4;Black;304;ON SHIP: White;0;Green;0;Yellow;0;Red;0;Evacuees to Transfer;;EvacueeID;87;HeloID;4;OnShip;0;Triage Status;G;EvacueeID;89;HeloID;4;OnShip;0;Triage Status;G;EvacueeID;90;HeloID;4;OnShip;0;Triage Status;G;EvacueeID;92;HeloID;4;OnShip;0;Triage Status;G;EvacueeID;94;HeloID;4;OnShip;0;Triage Status;G;EvacueeID;97;HeloID;4;OnShip;0;Triage Status;G;EvacueeID;102;HeloID;4;OnShip;0;Triage Status;G;EvacueeID;103;HeloID;4;OnShip;0;Triage Status;G;EvacueeID;104;HeloID;4;OnShip;0;Triage Status;G;EvacueeID;105;HeloID;4;OnShip;0;Triage Status;G
3060,4,helipadManager,outEM,Helicopter 4 is evacuating people4
3060,4,helipadManager,,Helo;4;is at the ES
3060,293,filterES,out,Helicopter 4 is evacuating people4
3060,293,filterES,,
3060,294,helicopter,,Helicopter;4;is waiting to land at the evacuation site;;and has;0;spots taken
3060,3,evacueeManager,outEvac,Evacuee 87 in triage category G is assigned helicopter 4
3060,3,evacueeManager,outEvac,Evacuee 89 in triage category G is assigned helicopter 4
3060,3,evacueeManager,outEvac,Evacuee 90 in triage category G is assigned helicopter 4
3060,3,evacueeManager,outEvac,Evacuee 92 in triage category G is assigned helicopter 4
3060,3,evacueeManager,outEvac,Evacuee 94 in triage category G is assigned helicopter 4
3060,3,evacueeManager,outEvac,Evacuee 97 in triage category G is assigned helicopter 4
3060,3,evacueeManager,outEvac,Evacuee 102 in triage category G is assigned helicopter 4
3060,3,evacueeManager,outEvac,Evacuee 103 in triage category G is assigned helicopter 4
3060,3,evacueeManager,outEvac,Evacuee 104 in triage category G is assigned helicopter 4
3060,3,evacueeManager,outEvac,Evacuee 105 in triage category G is assigned helicopter 4
3060,3,evacueeManager,,OFF SHIP: White;0;Green;119;Yellow;33;Red;4;Black;304;ON SHIP: White;0;Green;0;Yellow;0;Red;0;Evacuees to Transfer;
3060,11,filterLoc,,
3060,14,filterLoc,,
3060,17,filterLoc,,
3060,20,filterLoc,,
3060,23,filterLoc,,
3060,26,filterLoc,,
3060,29,filterLoc,,
3060,32,filterLoc,,
3060,35,filterLoc,,
3060,38,filterLoc,,
3060,41,filterLoc,,
3060,44,filterLoc,,
3060,47,filterLoc,,
3060,50,filterLoc,,
3060,53,filterLoc,,
3060,56,filterLoc,,
3060,59,filterLoc,,
3060,62,filterLoc,,
3060,65,filterLoc,,
3060,68,filterLoc,,
3060,71,filterLoc,,
3060,74,filterLoc,,
3060,77,filterLoc,,
3060,80,filterLoc,,
3060,83,filterLoc,,
3060,86,filterLoc,,
3060,89,filterLoc,,
3060,92,filterLoc,,
3060,95,filterLoc,,
3060,98,filterLoc,,
3060,101,filterLoc,,
3060,104,filterLoc,,
3060,111,filterLoc,,
3060,114,filterLoc,,
3060,117,filterLoc,,
3060,120,filterLoc,,
3060,123,filterLoc,,
3060,126,filterLoc,,
3060,129,filterLoc,,
3060,132,filterLoc,,
3060,135,filterLoc,,
3060,138,filterLoc,,
3060,141,filterLoc,,
3060,144,filterLoc,,
3060,147,filterLoc,,
3060,150,filterLoc,,
3060,153,filterLoc,,
3060,156,filterLoc,,
3060,159,filterLoc,,
3060,162,filterLoc,,
3060,165,filterLoc,,
3060,168,filterLoc,,
3060,171,filterLoc,,
3060,174,filterLoc,,
3060,177,filterLoc,,
3060,180,filterLoc,,
3060,183,filterLoc,,
3060,186,filterLoc,,
3060,189,filterLoc,,
3060,192,filterLoc,,
3060,195,filterLoc,,
3060,198,filterLoc,,
3060,201,filterLoc,,
3060,204,filterLoc,,
3060,207,filterLoc,,
3060,210,filterLoc,,
3060,213,filterLoc,,
3060,216,filterLoc,,
3060,219,filterLoc,,
3060,222,filterLoc,,
3060,225,filterLoc,,
3060,229,filterLoc,,
3060,232,filterLoc,,
3060,235,filterLoc,,
3060,238,filterLoc,,
3060,241,filterLoc,,
3060,244,filterLoc,,
3060,247,filterLoc,,
3060,250,filterLoc,,
3060,253,filterLoc,,
3060,256,filterLoc,,
3060,259,filterLoc,,
3060,262,filterLoc,,
3060,265,filterLoc,,
3060,268,filterLoc,,
3060,271,filterLoc,,
3060,274,filterLoc,,
3060,277,filterLoc,,
3060,280,filterLoc,,
3060,283,filterLoc,,
3060,286,filterLoc,,
3060,289,filterLoc,,
3060,294,helicopter,,Helicopter;4;is loading people at the evacuation site;;and has;0;spots taken
3060,296,filterLoc,,
3060,299,filterLoc,,
3060,302,filterLoc,,
3060,305,filterLoc,,
3060,308,filterLoc,,
3060,311,filterLoc,,
3060,314,filterLoc,,
3060,317,filterLoc,,
3060,320,filterLoc,,
3060,323,filterLoc,,
3060,326,filterLoc,,
3060,329,filterLoc,,
3060,332,filterLoc,,
3060,335,filterLoc,,
3060,338,filterLoc,,
3060,341,filterLoc,,
3060,344,filterLoc,,
3060,347,filterLoc,,
3060,350,filterLoc,,
3060,353,filterLoc,,
3060,356,filterLoc,,
3060,359,filterLoc,,
3060,362,filterLoc,,
3060,365,filterLoc,,
3060,368,filterLoc,,
3060,371,filterLoc,,
3060,374,filterLoc,,
3060,377,filterLoc,,
3060,380,filterLoc,,
3060,383,filterLoc,,
3060,386,filterLoc,,
3060,389,filterLoc,,
3060,392,filterLoc,,
3060,395,filterLoc,,
3060,398,filterLoc,,
3060,401,filterLoc,,
3060,404,filterLoc,,
3060,407,filterLoc,,
3060,410,filterLoc,,
3060,413,filterLoc,,
3060,416,filterLoc,,
3060,419,filterLoc,,
3060,422,filterLoc,,
3060,425,filterLoc,,
3060,428,filterLoc,,
3060,431,filterLoc,,
3060,434,filterLoc,,
3060,437,filterLoc,,
3060,440,filterLoc,,
3060,443,filterLoc,,
3060,446,filterLoc,,
3060,449,filterLoc,,
3060,452,filterLoc,,
3060,455,filterLoc,,
3060,458,filterLoc,,
3060,461,filterLoc,,
3060,464,filterLoc,,
3060,467,filterLoc,,
3060,470,filterLoc,,
3060,473,filterLoc,,
3060,476,filterLoc,,
3060,479,filterLoc,,
3060,482,filterLoc,,
3060,485,filterLoc,,
3060,488,filterLoc,,
3060,491,filterLoc,,
3060,494,filterLoc,,
3060,497,filterLoc,,
3060,500,filterLoc,,
3060,503,filterLoc,,
3060,506,filterLoc,,
3060,509,filterLoc,,
3060,512,filterLoc,,
3060,515,filterLoc,,
3060,518,filterLoc,,
3060,521,filterLoc,,
3060,524,filterLoc,,
3060,527,filterLoc,,
3060,530,filterLoc,,
3060,533,filterLoc,,
3060,536,filterLoc,,
3060,539,filterLoc,,
3060,542,filterLoc,,
3060,545,filterLoc,,
3060,548,filterLoc,,
3060,551,filterLoc,,
3060,554,filterLoc,,
3060,557,filterLoc,,
3060,560,filterLoc,,;Evacuee;105;in triage category;G;is entering helicopter;4
3060,563,filterLoc,,
3060,566,filterLoc,,
3060,569,filterLoc,,;Evacuee;103;in triage category;G;is entering helicopter;4
3060,576,filterLoc,,
3060,579,filterLoc,,
3060,582,filterLoc,,
3060,585,filterLoc,,
3060,588,filterLoc,,
3060,591,filterLoc,,
3060,594,filterLoc,,
3060,597,filterLoc,,
3060,600,filterLoc,,
3060,603,filterLoc,,
3060,606,filterLoc,,
3060,609,filterLoc,,
3060,612,filterLoc,,
3060,615,filterLoc,,
3060,618,filterLoc,,
3060,621,filterLoc,,
3060,624,filterLoc,,
3060,627,filterLoc,,;Evacuee;90;in triage category;G;is entering helicopter;4
3060,630,filterLoc,,
3060,633,filterLoc,,
3060,636,filterLoc,,
3060,639,filterLoc,,;Evacuee;87;in triage category;G;is entering helicopter;4
3060,642,filterLoc,,
3060,645,filterLoc,,
3060,648,filterLoc,,
3060,651,filterLoc,,
3060,654,filterLoc,,
3060,657,filterLoc,,
3060,660,filterLoc,,
3060,663,filterLoc,,
3060,666,filterLoc,,
3060,669,filterLoc,,
3060,672,filterLoc,,
3060,675,filterLoc,,
3060,678,filterLoc,,
3060,681,filterLoc,,
3060,684,filterLoc,,
3060,687,filterLoc,,
3060,690,filterLoc,,
3060,693,filterLoc,,
3060,696,filterLoc,,
3060,699,filterLoc,,
3060,702,filterLoc,,
3060,705,filterLoc,,
3060,708,filterLoc,,
3060,711,filterLoc,,
3060,714,filterLoc,,
3060,717,filterLoc,,
3060,720,filterLoc,,
3060,723,filterLoc,,
3060,726,filterLoc,,
3060,729,filterLoc,,
3060,732,filterLoc,,
3060,735,filterLoc,,
3060,738,filterLoc,,
3060,741,filterLoc,,
3060,744,filterLoc,,
3060,747,filterLoc,,
3060,750,filterLoc,,
3060,753,filterLoc,,
3060,756,filterLoc,,
3060,759,filterLoc,,
3060,762,filterLoc,,
3060,765,filterLoc,,
3060,768,filterLoc,,
3060,771,filterLoc,,
3060,774,filterLoc,,
3060,777,filterLoc,,
3060,780,filterLoc,,
3060,783,filterLoc,,
3060,786,filterLoc,,
3060,789,filterLoc,,
3060,792,filterLoc,,
3060,795,filterLoc,,
3060,798,filterLoc,,
3060,801,filterLoc,,
3060,804,filterLoc,,
3060,807,filterLoc,,
3060,810,filterLoc,,
3060,813,filterLoc,,
3060,816,filterLoc,,
3060,819,filterLoc,,
3060,822,filterLoc,,
3060,825,filterLoc,,
3060,828,filterLoc,,
3060,831,filterLoc,,
3060,834,filterLoc,,
3060,837,filterLoc,,
3060,840,filterLoc,,;Evacuee;104;in triage category;G;is entering helicopter;4
3060,843,filterLoc,,
3060,846,filterLoc,,;Evacuee;97;in triage category;G;is entering helicopter;4
3060,849,filterLoc,,
3060,852,filterLoc,,
3060,855,filterLoc,,;Evacuee;89;in triage category;G;is entering helicopter;4
3060,858,filterLoc,,
3060,861,filterLoc,,
3060,864,filterLoc,,
3060,867,filterLoc,,
3060,870,filterLoc,,
3060,873,filterLoc,,
3060,876,filterLoc,,
3060,879,filterLoc,,
3060,882,filterLoc,,
3060,885,filterLoc,,
3060,888,filterLoc,,
3060,891,filterLoc,,
3060,894,filterLoc,,
3060,897,filterLoc,,
3060,900,filterLoc,,
3060,903,filterLoc,,;Evacuee;92;in triage category;G;is entering helicopter;4
3060,906,filterLoc,,
3060,909,filterLoc,,
3060,912,filterLoc,,
3060,915,filterLoc,,
3060,918,filterLoc,,
3060,921,filterLoc,,
3060,924,filterLoc,,
3060,927,filterLoc,,
3060,930,filterLoc,,
3060,933,filterLoc,,
3060,936,filterLoc,,
3060,939,filterLoc,,
3060,942,filterLoc,,
3060,945,filterLoc,,
3060,948,filterLoc,,
3060,951,filterLoc,,
3060,954,filterLoc,,
3060,957,filterLoc,,
3060,960,filterLoc,,
3060,963,filterLoc,,
3060,966,filterLoc,,
3060,969,filterLoc,,
3060,972,filterLoc,,
3060,975,filterLoc,,
3060,978,filterLoc,,
3060,981,filterLoc,,
3060,984,filterLoc,,
3060,987,filterLoc,,
3060,990,filterLoc,,
3060,993,filterLoc,,
3060,996,filterLoc,,
3060,999,filterLoc,,
3060,1002,filterLoc,,
3060,1005,filterLoc,,
3060,1008,filterLoc,,
3060,1011,filterLoc,,
3060,1014,filterLoc,,
3060,1017,filterLoc,,
3060,1020,filterLoc,,
3060,1023,filterLoc,,
3060,1026,filterLoc,,
3060,1029,filterLoc,,
3060,1032,filterLoc,,
3060,1035,filterLoc,,
3060,1038,filterLoc,,
3060,1041,filterLoc,,
3060,1044,filterLoc,,
3060,1047,filterLoc,,
3060,1050,filterLoc,,
3060,1053,filterLoc,,;Evacuee;102;in triage category;G;is entering helicopter;4
3060,1056,filterLoc,,
3060,1059,filterLoc,,
3060,1062,filterLoc,,
3060,1065,filterLoc,,
3060,1068,filterLoc,,
3060,1071,filterLoc,,
3060,1074,filterLoc,,
3060,1077,filterLoc,,
3060,1080,filterLoc,,
3060,1083,filterLoc,,
3060,1086,filterLoc,,
3060,1089,filterLoc,,
3060,1092,filterLoc,,
3060,1095,filterLoc,,
3060,1098,filterLoc,,
3060,1101,filterLoc,,
3060,1104,filterLoc,,
3060,1107,filterLoc,,
3060,1110,filterLoc,,
3060,1113,filterLoc,,
3060,1116,filterLoc,,
3060,1119,filterLoc,,
3060,1122,filterLoc,,
3060,1125,filterLoc,,
3060,1128,filterLoc,,
3060,1135,filterLoc,,;Evacuee;94;in triage category;G;is entering helicopter;4
3060,1138,filterLoc,,
3060,1141,filterLoc,,
3060,1144,filterLoc,,
3060,1147,filterLoc,,
3060,1150,filterLoc,,
3060,1153,filterLoc,,
3060,1156,filterLoc,,
3060,1159,filterLoc,,
3060,1162,filterLoc,,
3060,1165,filterLoc,,
3060,1168,filterLoc,,
3060,1175,filterLoc,,
3060,1178,filterLoc,,
3060,1181,filterLoc,,
3060,1184,filterLoc,,
3060,1187,filterLoc,,
3060,1190,filterLoc,,
3060,1193,filterLoc,,
3060,1196,filterLoc,,
3060,1199,filterLoc,,
3060,1202,filterLoc,,
3060,1205,filterLoc,,
3060,1208,filterLoc,,
3060,1211,filterLoc,,
3060,1214,filterLoc,,
3060,1217,filterLoc,,
3060,1220,filterLoc,,
3060,1223,filterLoc,,
3060,1226,filterLoc,,
3060,1229,filterLoc,,
3060,1232,filterLoc,,
3060,1235,filterLoc,,
3060,1238,filterLoc,,
3060,1241,filterLoc,,
3060,1244,filterLoc,,
3060,1247,filterLoc,,
3060,1250,filterLoc,,
3060,1253,filterLoc,,
3060,1256,filterLoc,,
3060,1259,filterLoc,,
3060,1262,filterLoc,,
3060,1265,filterLoc,,
3060,1268,filterLoc,,
3060,1271,filterLoc,,
3060,1274,filterLoc,,
3060,1277,filterLoc,,
3060,1280,filterLoc,,
3060,1283,filterLoc,,
3060,1286,filterLoc,,
3060,1289,filterLoc,,
3060,1292,filterLoc,,
3060,1295,filterLoc,,
3060,1298,filterLoc,,
3060,1301,filterLoc,,
3060,1304,filterLoc,,
3060,1307,filterLoc,,
3060,1310,filterLoc,,
3060,1313,filterLoc,,
3060,1316,filterLoc,,
3060,1319,filterLoc,,
3060,1322,filterLoc,,
3060,1325,filterLoc,,
3060,1328,filterLoc,,
3060,1331,filterLoc,,
3060,1334,filterLoc,,
3060,1337,filterLoc,,
3060,1340,filterLoc,,
3060,1343,filterLoc,,
3060,1346,filterLoc,,
3060,1349,filterLoc,,
3060,1352,filterLoc,,
3060,1355,filterLoc,,
3060,1358,filterLoc,,
3060,1361,filterLoc,,
3060,1364,filterLoc,,
3060,1367,filterLoc,,
3060,1370,filterLoc,,
3060,1373,filterLoc,,
3060,1376,filterLoc,,
3060,1379,filterLoc,,
3060,1382,filterLoc,,
3060,1385,filterLoc,,
3060,1388,filterLoc,,
3060,1391,filterLoc,,
3060,1394,filterLoc,,
3060,1397,filterLoc,,
3060,1400,filterLoc,,
3060,1403,filterLoc,,
3060,1406,filterLoc,,
3060,1409,filterLoc,,
3060,1412,filterLoc,,
3060,1415,filterLoc,,
3060,1418,filterLoc,,
3060,1421,filterLoc,,
3060,1424,filterLoc,,
3060,1427,filterLoc,,
3060,1430,filterLoc,,
3060,1433,filterLoc,,
3060,1436,filterLoc,,
3060,1439,filterLoc,,
3060,1442,filterLoc,,
3060,1445,filterLoc,,
3060,1448,filterLoc,,
3060,1451,filterLoc,,
3060,1454,filterLoc,,
3060,1457,filterLoc,,
3060,1460,filterLoc,,
3060,1463,filterLoc,,
3060,1466,filterLoc,,
3060,1469,filterLoc,,
3060,1472,filterLoc,,
3060,1475,filterLoc,,
3060,1478,filterLoc,,
3060,1481,filterLoc,,
3060,1484,filterLoc,,
3060,1487,filterLoc,,
3060,1490,filterLoc,,
3060,1493,filterLoc,,
3060,1496,filterLoc,,
3060,1499,filterLoc,,
3060,1502,filterLoc,,
3060,1505,filterLoc,,
3060,1508,filterLoc,,
3060,1511,filterLoc,,
3060,1514,filterLoc,,
3060,1517,filterLoc,,
3060,1520,filterLoc,,
3060,1523,filterLoc,,
3060,1526,filterLoc,,
3060,1529,filterLoc,,
3060,560,filterLoc,out,Evacuee 105 in triage category G is assigned helicopter 4
3060,560,filterLoc,,
3060,561,evacuee,,Evacuee;105;in triage state;G;is entering helicopter;4
3060,569,filterLoc,out,Evacuee 103 in triage category G is assigned helicopter 4
3060,569,filterLoc,,
3060,570,evacuee,,Evacuee;103;in triage state;G;is entering helicopter;4
3060,627,filterLoc,out,Evacuee 90 in triage category G is assigned helicopter 4
3060,627,filterLoc,,
3060,628,evacuee,,Evacuee;90;in triage state;G;is entering helicopter;4
3060,639,filterLoc,out,Evacuee 87 in triage category G is assigned helicopter 4
3060,639,filterLoc,,
3060,640,evacuee,,Evacuee;87;in triage state;G;is entering helicopter;4
3060,840,filterLoc,out,Evacuee 104 in triage category G is assigned helicopter 4
3060,840,filterLoc,,
3060,841,evacuee,,Evacuee;104;in triage state;G;is entering helicopter;4
3060,846,filterLoc,out,Evacuee 97 in triage category G is assigned helicopter 4
3060,846,filterLoc,,
3060,847,evacuee,,Evacuee;97;in triage state;G;is entering helicopter;4
3060,855,filterLoc,out,Evacuee 89 in triage category G is assigned helicopter 4
3060,855,filterLoc,,
3060,856,evacuee,,Evacuee;89;in triage state;G;is entering helicopter;4
3060,903,filterLoc,out,Evacuee 92 in triage category G is assigned helicopter 4
3060,903,filterLoc,,
3060,904,evacuee,,Evacuee;92;in triage state;G;is entering helicopter;4
3060,1053,filterLoc,out,Evacuee 102 in triage category G is assigned helicopter 4
3060,1053,filterLoc,,
3060,1054,evacuee,,Evacuee;102;in triage state;G;is entering helicopter;4
3060,1135,filterLoc,out,Evacuee 94 in triage category G is assigned helicopter 4
3060,1135,filterLoc,,
3060,1136,evacuee,,Evacuee;94;in triage state;G;is entering helicopter;4
3060,7,filterEvac,,
3060,107,filterEvac,,
3060,292,filterEvac,,;Evacuee;87;in triage category;G;is entering helicopter;4;Evacuee;89;in triage category;G;is entering helicopter;4;Evacuee;90;in triage category;G;is entering helicopter;4;Evacuee;92;in triage category;G;is entering helicopter;4;Evacuee;94;in triage category;G;is entering helicopter;4;Evacuee;97;in triage category;G;is entering helicopter;4;Evacuee;102;in triage category;G;is entering helicopter;4;Evacuee;103;in triage category;G;is entering helicopter;4;Evacuee;104;in triage category;G;is entering helicopter;4;Evacuee;105;in triage category;G;is entering helicopter;4
3060,561,evacuee,outHelo,Evacuee 105 in triage category G is assigned helicopter 4
3060,561,evacuee,,Evacuee;105;in triage state;G;is in helicopter;4
3060,570,evacuee,outHelo,Evacuee 103 in triage category G is assigned helicopter 4
3060,570,evacuee,,Evacuee;103;in triage state;G;is in helicopter;4
3060,572,filterEvac,,
3060,628,evacuee,outHelo,Evacuee 90 in triage category G is assigned helicopter 4
3060,628,evacuee,,Evacuee;90;in triage state;G;is in helicopter;4
3060,640,evacuee,outHelo,Evacuee 87 in triage category G is assigned helicopter 4
3060,640,evacuee,,Evacuee;87;in triage state;G;is in helicopter;4
3060,841,evacuee,outHelo,Evacuee 104 in triage category G is assigned helicopter 4
3060,841,evacuee,,Evacuee;104;in triage state;G;is in helicopter;4
3060,847,evacuee,outHelo,Evacuee 97 in triage category G is assigned helicopter 4
3060,847,evacuee,,Evacuee;97;in triage state;G;is in helicopter;4
3060,856,evacuee,outHelo,Evacuee 89 in triage category G is assigned helicopter 4
3060,856,evacuee,,Evacuee;89;in triage state;G;is in helicopter;4
3060,904,evacuee,outHelo,Evacuee 92 in triage category G is assigned helicopter 4
3060,904,evacuee,,Evacuee;92;in triage state;G;is in helicopter;4
3060,1054,evacuee,outHelo,Evacuee 102 in triage category G is assigned helicopter 4
3060,1054,evacuee,,Evacuee;102;in triage state;G;is in helicopter;4
3060,1131,filterEvac,,
3060,1136,evacuee,outHelo,Evacuee 94 in triage category G is assigned helicopter 4
3060,1136,evacuee,,Evacuee;94;in triage state;G;is in helicopter;4
3060,1171,filterEvac,,
3060,292,filterEvac,out,Evacuee 87 in triage category G is assigned helicopter 4
3060,292,filterEvac,out,Evacuee 89 in triage category G is assigned helicopter 4
3060,292,filterEvac,out,Evacuee 90 in triage category G is assigned helicopter 4
3060,292,filterEvac,out,Evacuee 92 in triage category G is assigned helicopter 4
3060,292,filterEvac,out,Evacuee 94 in triage category G is assigned helicopter 4
3060,292,filterEvac,out,Evacuee 97 in triage category G is assigned helicopter 4
3060,292,filterEvac,out,Evacuee 102 in triage category G is assigned helicopter 4
3060,292,filterEvac,out,Evacuee 103 in triage category G is assigned helicopter 4
3060,292,filterEvac,out,Evacuee 104 in triage category G is assigned helicopter 4
3060,292,filterEvac,out,Evacuee 105 in triage category G is assigned helicopter 4
3060,292,filterEvac,,
3060,294,helicopter,,Helicopter;4;is loading people at the evacuation site;;and has;10;spots taken
3069,3,evacueeManager,,OFF SHIP: White;0;Green;118;Yellow;34;Red;4;Black;304;ON SHIP: White;0;Green;0;Yellow;0;Red;0;Evacuees to Transfer;
3069,1257,evacuee,outES,Evacuee 161 in triage category G is not assigned a helicopter
3069,1257,evacuee,,Evacuee;161;in triage state;Y;is at the evacuation site
3071.75,3,evacueeManager,,OFF SHIP: White;0;Green;118;Yellow;33;Red;5;Black;304;ON SHIP: White;0;Green;0;Yellow;0;Red;0;Evacuees to Transfer;
3071.75,275,evacuee,outES,Evacuee 340 in triage category Y is not assigned a helicopter
3071.75,275,evacuee,,Evacuee;340;in triage state;R;is at the evacuation site
3074.17,3,evacueeManager,,OFF SHIP: White;0;Green;118;Yellow;32;Red;6;Black;304;ON SHIP: White;0;Green;0;Yellow;0;Red;0;Evacuees to Transfer;
3074.17,272,evacuee,outES,Evacuee 341 in triage category Y is not assigned a helicopter
3074.17,272,evacuee,,Evacuee;341;in triage state;R;is at the evacuation site
3075,4,helipadManager,outHelo,Helicopter 4 is evacuating people4
3075,4,helipadManager,,;No helos are at ES
3075,8,filterES,,
3075,108,filterES,,
3075,293,filterES,,Helicopter;4;is evacuating people
3075,573,filterES,,
3075,1132,filterES,,
3075,1172,filterES,,
3075,4,helipadManager,outHQ,0
3075,4,helipadManager,,;No helos are at ES
3075,5,helicopterQueue,,;No helos are waiting to land
3075,293,filterES,out,Helicopter 4 is evacuating people4
3075,293,filterES,,
3075,294,helicopter,,Helicopter;4;is loading people at the evacuation site;;and has;10;spots taken
3075,5,helicopterQueue,,;No helos are waiting to land
3075,294,helicopter,,Helicopter;4;is returning to the FOL;;and has;10;spots taken
3084.33,3,evacueeManager,,OFF SHIP: White;0;Green;118;Yellow;32;Red;5;Black;305;ON SHIP: White;0;Green;0;Yellow;0;Red;0;Evacuees to Transfer;
3084.33,275,evacuee,outES,Evacuee 340 in triage category R is not assigned a helicopter
3084.33,275,evacuee,,Evacuee;340;in triage state;B;is at the evacuation site
3097.87,3,evacueeManager,,OFF SHIP: White;0;Green;117;Yellow;33;Red;5;Black;305;ON SHIP: White;0;Green;0;Yellow;0;Red;0;Evacuees to Transfer;
3097.87,835,evacuee,outES,Evacuee 332 in triage category G is not assigned a helicopter
3097.87,835,evacuee,,Evacuee;332;in triage state;Y;is at the evacuation site
3100.45,3,evacueeManager,,OFF SHIP: White;0;Green;116;Yellow;34;Red;5;Black;305;ON SHIP: White;0;Green;0;Yellow;0;Red;0;Evacuees to Transfer;
3100.45,417,evacuee,outES,Evacuee 333 in triage category G is not assigned a helicopter
3100.45,417,evacuee,,Evacuee;333;in triage state;Y;is at the evacuation site
3100.61,3,evacueeManager,,OFF SHIP: White;0;Green;115;Yellow;35;Red;5;Black;305;ON SHIP: White;0;Green;0;Yellow;0;Red;0;Evacuees to Transfer;
3100.61,1464,evacuee,outES,Evacuee 464 in triage category G is not assigned a helicopter
3100.61,1464,evacuee,,Evacuee;464;in triage state;Y;is at the evacuation site
3105,11,filterLoc,,
3105,14,filterLoc,,
3105,17,filterLoc,,
3105,20,filterLoc,,
3105,23,filterLoc,,
3105,26,filterLoc,,
3105,29,filterLoc,,
3105,32,filterLoc,,
3105,35,filterLoc,,
3105,38,filterLoc,,
3105,41,filterLoc,,
3105,44,filterLoc,,
3105,47,filterLoc,,
3105,50,filterLoc,,
3105,53,filterLoc,,
3105,56,filterLoc,,
3105,59,filterLoc,,
3105,62,filterLoc,,
3105,65,filterLoc,,
3105,68,filterLoc,,
3105,71,filterLoc,,
3105,74,filterLoc,,
3105,77,filterLoc,,
3105,80,filterLoc,,
3105,83,filterLoc,,
3105,86,filterLoc,,
3105,89,filterLoc,,
3105,92,filterLoc,,
3105,95,filterLoc,,
3105,98,filterLoc,,
3105,101,filterLoc,,
3105,104,filterLoc,,
3105,111,filterLoc,,
3105,114,filterLoc,,
3105,117,filterLoc,,
3105,120,filterLoc,,
3105,123,filterLoc,,
3105,126,filterLoc,,
3105,129,filterLoc,,
3105,132,filterLoc,,
3105,135,filterLoc,,
3105,138,filterLoc,,
3105,141,filterLoc,,
3105,144,filterLoc,,
3105,147,filterLoc,,
3105,150,filterLoc,,
3105,153,filterLoc,,
3105,156,filterLoc,,
3105,159,filterLoc,,
3105,162,filterLoc,,
3105,165,filterLoc,,
3105,168,filterLoc,,
3105,171,filterLoc,,
3105,174,filterLoc,,
3105,177,filterLoc,,
3105,180,filterLoc,,
3105,183,filterLoc,,
3105,186,filterLoc,,
3105,189,filterLoc,,
3105,192,filterLoc,,
3105,195,filterLoc,,
3105,198,filterLoc,,
3105,201,filterLoc,,
3105,204,filterLoc,,
3105,207,filterLoc,,
3105,210,filterLoc,,
3105,213,filterLoc,,
3105,216,filterLoc,,
3105,219,filterLoc,,
3105,222,filterLoc,,
3105,225,filterLoc,,
3105,229,filterLoc,,
3105,232,filterLoc,,
3105,235,filterLoc,,
3105,238,filterLoc,,
3105,241,filterLoc,,
3105,244,filterLoc,,
3105,247,filterLoc,,
3105,250,filterLoc,,
3105,253,filterLoc,,
3105,256,filterLoc,,
3105,259,filterLoc,,
3105,262,filterLoc,,
3105,265,filterLoc,,
3105,268,filterLoc,,
3105,271,filterLoc,,
3105,274,filterLoc,,
3105,277,filterLoc,,
3105,280,filterLoc,,
3105,283,filterLoc,,
3105,286,filterLoc,,
3105,289,filterLoc,,
3105,296,filterLoc,,
3105,299,filterLoc,,
3105,302,filterLoc,,
3105,305,filterLoc,,
3105,308,filterLoc,,
3105,311,filterLoc,,
3105,314,filterLoc,,
3105,317,filterLoc,,
3105,320,filterLoc,,
3105,323,filterLoc,,
3105,326,filterLoc,,
3105,329,filterLoc,,
3105,332,filterLoc,,
3105,335,filterLoc,,
3105,338,filterLoc,,
3105,341,filterLoc,,
3105,344,filterLoc,,
3105,347,filterLoc,,
3105,350,filterLoc,,
3105,353,filterLoc,,
3105,356,filterLoc,,
3105,359,filterLoc,,
3105,362,filterLoc,,
3105,365,filterLoc,,
3105,368,filterLoc,,
3105,371,filterLoc,,
3105,374,filterLoc,,
3105,377,filterLoc,,
3105,380,filterLoc,,
3105,383,filterLoc,,
3105,386,filterLoc,,
3105,389,filterLoc,,
3105,392,filterLoc,,
3105,395,filterLoc,,
3105,398,filterLoc,,
3105,401,filterLoc,,
3105,404,filterLoc,,
3105,407,filterLoc,,
3105,410,filterLoc,,
3105,413,filterLoc,,
3105,416,filterLoc,,
3105,419,filterLoc,,
3105,422,filterLoc,,
3105,425,filterLoc,,
3105,428,filterLoc,,
3105,431,filterLoc,,
3105,434,filterLoc,,
3105,437,filterLoc,,
3105,440,filterLoc,,
3105,443,filterLoc,,
3105,446,filterLoc,,
3105,449,filterLoc,,
3105,452,filterLoc,,
3105,455,filterLoc,,
3105,458,filterLoc,,
3105,461,filterLoc,,
3105,464,filterLoc,,
3105,467,filterLoc,,
3105,470,filterLoc,,
3105,473,filterLoc,,
3105,476,filterLoc,,
3105,479,filterLoc,,
3105,482,filterLoc,,
3105,485,filterLoc,,
3105,488,filterLoc,,
3105,491,filterLoc,,
3105,494,filterLoc,,
3105,497,filterLoc,,
3105,500,filterLoc,,
3105,503,filterLoc,,
3105,506,filterLoc,,
3105,509,filterLoc,,
3105,512,filterLoc,,
3105,515,filterLoc,,
3105,518,filterLoc,,
3105,521,filterLoc,,
3105,524,filterLoc,,
3105,527,filterLoc,,
3105,530,filterLoc,,
3105,533,filterLoc,,
3105,536,filterLoc,,
3105,539,filterLoc,,
3105,542,filterLoc,,
3105,545,filterLoc,,
3105,548,filterLoc,,
3105,551,filterLoc,,
3105,554,filterLoc,,
3105,557,filterLoc,,
3105,560,filterLoc,,
3105,563,filterLoc,,
3105,566,filterLoc,,
3105,569,filterLoc,,
3105,576,filterLoc,,
3105,579,filterLoc,,
3105,582,filterLoc,,
3105,585,filterLoc,,
3105,588,filterLoc,,
3105,591,filterLoc,,
3105,594,filterLoc,,
3105,597,filterLoc,,
3105,600,filterLoc,,
3105,603,filterLoc,,
3105,606,filterLoc,,
3105,609,filterLoc,,
3105,612,filterLoc,,
3105,615,filterLoc,,
3105,618,filterLoc,,
3105,621,filterLoc,,
3105,624,filterLoc,,
3105,627,filterLoc,,
3105,630,filterLoc,,
3105,633,filterLoc,,
3105,636,filterLoc,,;Evacuee;49;in triage category;G;is leaving helicopter;2
3105,639,filterLoc,,
3105,642,filterLoc,,
3105,645,filterLoc,,
3105,648,filterLoc,,;Evacuee;51;in triage category;G;is leaving helicopter;2
3105,651,filterLoc,,
3105,654,filterLoc,,
3105,657,filterLoc,,
3105,660,filterLoc,,
3105,663,filterLoc,,
3105,666,filterLoc,,
3105,669,filterLoc,,
3105,672,filterLoc,,
3105,675,filterLoc,,
3105,678,filterLoc,,
3105,681,filterLoc,,
3105,684,filterLoc,,
3105,687,filterLoc,,
3105,690,filterLoc,,
3105,693,filterLoc,,
3105,696,filterLoc,,
3105,699,filterLoc,,
3105,702,filterLoc,,
3105,705,filterLoc,,
3105,708,filterLoc,,
3105,711,filterLoc,,
3105,714,filterLoc,,
3105,717,filterLoc,,
3105,720,filterLoc,,
3105,723,filterLoc,,
3105,726,filterLoc,,
3105,729,filterLoc,,
3105,732,filterLoc,,
3105,735,filterLoc,,
3105,738,filterLoc,,
3105,741,filterLoc,,
3105,744,filterLoc,,
3105,747,filterLoc,,
3105,750,filterLoc,,
3105,753,filterLoc,,
3105,756,filterLoc,,
3105,759,filterLoc,,
3105,762,filterLoc,,
3105,765,filterLoc,,
3105,768,filterLoc,,
3105,771,filterLoc,,
3105,774,filterLoc,,
3105,777,filterLoc,,
3105,780,filterLoc,,
3105,783,filterLoc,,
3105,786,filterLoc,,
3105,789,filterLoc,,
3105,792,filterLoc,,
3105,795,filterLoc,,
3105,798,filterLoc,,
3105,801,filterLoc,,
3105,804,filterLoc,,
3105,807,filterLoc,,
3105,810,filterLoc,,
3105,813,filterLoc,,
3105,816,filterLoc,,
3105,819,filterLoc,,
3105,822,filterLoc,,
3105,825,filterLoc,,
3105,828,filterLoc,,
3105,831,filterLoc,,
3105,834,filterLoc,,
3105,837,filterLoc,,
3105,840,filterLoc,,
3105,843,filterLoc,,;Evacuee;40;in triage category;G;is leaving helicopter;2
3105,846,filterLoc,,
3105,849,filterLoc,,
3105,852,filterLoc,,
3105,855,filterLoc,,
3105,858,filterLoc,,
3105,861,filterLoc,,
3105,864,filterLoc,,
3105,867,filterLoc,,
3105,870,filterLoc,,
3105,873,filterLoc,,
3105,876,filterLoc,,
3105,879,filterLoc,,
3105,882,filterLoc,,
3105,885,filterLoc,,
3105,888,filterLoc,,
3105,891,filterLoc,,
3105,894,filterLoc,,
3105,897,filterLoc,,
3105,900,filterLoc,,
3105,903,filterLoc,,
3105,906,filterLoc,,;Evacuee;44;in triage category;G;is leaving helicopter;2
3105,909,filterLoc,,
3105,912,filterLoc,,
3105,915,filterLoc,,
3105,918,filterLoc,,
3105,921,filterLoc,,
3105,924,filterLoc,,
3105,927,filterLoc,,
3105,930,filterLoc,,
3105,933,filterLoc,,
3105,936,filterLoc,,
3105,939,filterLoc,,
3105,942,filterLoc,,
3105,945,filterLoc,,
3105,948,filterLoc,,
3105,951,filterLoc,,
3105,954,filterLoc,,
3105,957,filterLoc,,
3105,960,filterLoc,,
3105,963,filterLoc,,
3105,966,filterLoc,,
3105,969,filterLoc,,
3105,972,filterLoc,,
3105,975,filterLoc,,
3105,978,filterLoc,,
3105,981,filterLoc,,
3105,984,filterLoc,,
3105,987,filterLoc,,;Evacuee;52;in triage category;G;is leaving helicopter;2
3105,990,filterLoc,,;Evacuee;41;in triage category;G;is leaving helicopter;2
3105,993,filterLoc,,
3105,996,filterLoc,,
3105,999,filterLoc,,
3105,1002,filterLoc,,
3105,1005,filterLoc,,
3105,1008,filterLoc,,
3105,1011,filterLoc,,
3105,1014,filterLoc,,
3105,1017,filterLoc,,
3105,1020,filterLoc,,
3105,1023,filterLoc,,
3105,1026,filterLoc,,
3105,1029,filterLoc,,
3105,1032,filterLoc,,
3105,1035,filterLoc,,
3105,1038,filterLoc,,
3105,1041,filterLoc,,
3105,1044,filterLoc,,;Evacuee;34;in triage category;G;is leaving helicopter;2
3105,1047,filterLoc,,
3105,1050,filterLoc,,
3105,1053,filterLoc,,
3105,1056,filterLoc,,
3105,1059,filterLoc,,
3105,1062,filterLoc,,;Evacuee;35;in triage category;G;is leaving helicopter;2
3105,1065,filterLoc,,
3105,1068,filterLoc,,
3105,1071,filterLoc,,
3105,1074,filterLoc,,
3105,1077,filterLoc,,
3105,1080,filterLoc,,
3105,1083,filterLoc,,
3105,1086,filterLoc,,
3105,1089,filterLoc,,
3105,1092,filterLoc,,
3105,1095,filterLoc,,
3105,1098,filterLoc,,
3105,1101,filterLoc,,
3105,1104,filterLoc,,
3105,1107,filterLoc,,
3105,1110,filterLoc,,
3105,1113,filterLoc,,;Evacuee;50;in triage category;G;is leaving helicopter;2
3105,1116,filterLoc,,
3105,1119,filterLoc,,
3105,1122,filterLoc,,
3105,1125,filterLoc,,
3105,1128,filterLoc,,
3105,1133,helicopter,outEvac,Evacuee 34 in triage category G is not assigned a helicopter
3105,1133,helicopter,outEvac,Evacuee 35 in triage category G is not assigned a helicopter
3105,1133,helicopter,outEvac,Evacuee 40 in triage category G is not assigned a helicopter
3105,1133,helicopter,outEvac,Evacuee 41 in triage category G is not assigned a helicopter
3105,1133,helicopter,outEvac,Evacuee 44 in triage category G is not assigned a helicopter
3105,1133,helicopter,outEvac,Evacuee 49 in triage category G is not assigned a helicopter
3105,1133,helicopter,outEvac,Evacuee 50 in triage category G is not assigned a helicopter
3105,1133,helicopter,outEvac,Evacuee 51 in triage category G is not assigned a helicopter
3105,1133,helicopter,outEvac,Evacuee 52 in triage category G is not assigned a helicopter
3105,1133,helicopter,outEvac,Evacuee 58 in triage category G is not assigned a helicopter
3105,1133,helicopter,,Helicopter;2;is unloading people at the FOL;;and has;0;spots taken
3105,1135,filterLoc,,
3105,1138,filterLoc,,
3105,1141,filterLoc,,
3105,1144,filterLoc,,
3105,1147,filterLoc,,
3105,1150,filterLoc,,
3105,1153,filterLoc,,
3105,1156,filterLoc,,
3105,1159,filterLoc,,
3105,1162,filterLoc,,
3105,1165,filterLoc,,
3105,1168,filterLoc,,
3105,1175,filterLoc,,
3105,1178,filterLoc,,
3105,1181,filterLoc,,
3105,1184,filterLoc,,
3105,1187,filterLoc,,
3105,1190,filterLoc,,
3105,1193,filterLoc,,
3105,1196,filterLoc,,
3105,1199,filterLoc,,
3105,1202,filterLoc,,
3105,1205,filterLoc,,
3105,1208,filterLoc,,
3105,1211,filterLoc,,
3105,1214,filterLoc,,
3105,1217,filterLoc,,
3105,1220,filterLoc,,
3105,1223,filterLoc,,
3105,1226,filterLoc,,
3105,1229,filterLoc,,
3105,1232,filterLoc,,
3105,1235,filterLoc,,
3105,1238,filterLoc,,
3105,1241,filterLoc,,
3105,1244,filterLoc,,
3105,1247,filterLoc,,
3105,1250,filterLoc,,
3105,1253,filterLoc,,
3105,1256,filterLoc,,
3105,1259,filterLoc,,
3105,1262,filterLoc,,
3105,1265,filterLoc,,
3105,1268,filterLoc,,
3105,1271,filterLoc,,
3105,1274,filterLoc,,
3105,1277,filterLoc,,
3105,1280,filterLoc,,
3105,1283,filterLoc,,
3105,1286,filterLoc,,
3105,1289,filterLoc,,
3105,1292,filterLoc,,
3105,1295,filterLoc,,
3105,1298,filterLoc,,
3105,1301,filterLoc,,
3105,1304,filterLoc,,
3105,1307,filterLoc,,
3105,1310,filterLoc,,
3105,1313,filterLoc,,
3105,1316,filterLoc,,
3105,1319,filterLoc,,
3105,1322,filterLoc,,
3105,1325,filterLoc,,;Evacuee;58;in triage category;G;is leaving helicopter;2
3105,1328,filterLoc,,
3105,1331,filterLoc,,
3105,1334,filterLoc,,
3105,1337,filterLoc,,
3105,1340,filterLoc,,
3105,1343,filterLoc,,
3105,1346,filterLoc,,
3105,1349,filterLoc,,
3105,1352,filterLoc,,
3105,1355,filterLoc,,
3105,1358,filterLoc,,
3105,1361,filterLoc,,
3105,1364,filterLoc,,
3105,1367,filterLoc,,
3105,1370,filterLoc,,
3105,1373,filterLoc,,
3105,1376,filterLoc,,
3105,1379,filterLoc,,
3105,1382,filterLoc,,
3105,1385,filterLoc,,
3105,1388,filterLoc,,
3105,1391,filterLoc,,
3105,1394,filterLoc,,
3105,1397,filterLoc,,
3105,1400,filterLoc,,
3105,1403,filterLoc,,
3105,1406,filterLoc,,
3105,1409,filterLoc,,
3105,1412,filterLoc,,
3105,1415,filterLoc,,
3105,1418,filterLoc,,
3105,1421,filterLoc,,
3105,1424,filterLoc,,
3105,1427,filterLoc,,
3105,1430,filterLoc,,
3105,1433,filterLoc,,
3105,1436,filterLoc,,
3105,1439,filterLoc,,
3105,1442,filterLoc,,
3105,1445,filterLoc,,
3105,1448,filterLoc,,
3105,1451,filterLoc,,
3105,1454,filterLoc,,
3105,1457,filterLoc,,
3105,1460,filterLoc,,
3105,1463,filterLoc,,
3105,1466,filterLoc,,
3105,1469,filterLoc,,
3105,1472,filterLoc,,
3105,1475,filterLoc,,
3105,1478,filterLoc,,
3105,1481,filterLoc,,
3105,1484,filterLoc,,
3105,1487,filterLoc,,
3105,1490,filterLoc,,
3105,1493,filterLoc,,
3105,1496,filterLoc,,
3105,1499,filterLoc,,
3105,1502,filterLoc,,
3105,1505,filterLoc,,
3105,1508,filterLoc,,
3105,1511,filterLoc,,
3105,1514,filterLoc,,
3105,1517,filterLoc,,
3105,1520,filterLoc,,
3105,1523,filterLoc,,
3105,1526,filterLoc,,
3105,1529,filterLoc,,
3105,636,filterLoc,out,Evacuee 49 in triage category G is not assigned a helicopter
3105,636,filterLoc,,
3105,637,evacuee,,Evacuee;49;in triage state;G;is entering the FOL
3105,648,filterLoc,out,Evacuee 51 in triage category G is not assigned a helicopter
3105,648,filterLoc,,
3105,649,evacuee,,Evacuee;51;in triage state;G;is entering the FOL
3105,843,filterLoc,out,Evacuee 40 in triage category G is not assigned a helicopter
3105,843,filterLoc,,
3105,844,evacuee,,Evacuee;40;in triage state;G;is entering the FOL
3105,906,filterLoc,out,Evacuee 44 in triage category G is not assigned a helicopter
3105,906,filterLoc,,
3105,907,evacuee,,Evacuee;44;in triage state;G;is entering the FOL
3105,987,filterLoc,out,Evacuee 52 in triage category G is not assigned a helicopter
3105,987,filterLoc,,
3105,988,evacuee,,Evacuee;52;in triage state;G;is entering the FOL
3105,990,filterLoc,out,Evacuee 41 in triage category G is not assigned a helicopter
3105,990,filterLoc,,
3105,991,evacuee,,Evacuee;41;in triage state;G;is entering the FOL
3105,1044,filterLoc,out,Evacuee 34 in triage category G is not assigned a helicopter
3105,1044,filterLoc,,
3105,1045,evacuee,,Evacuee;34;in triage state;G;is entering the FOL
3105,1062,filterLoc,out,Evacuee 35 in triage category G is not assigned a helicopter
3105,1062,filterLoc,,
3105,1063,evacuee,,Evacuee;35;in triage state;G;is entering the FOL
3105,1113,filterLoc,out,Evacuee 50 in triage category G is not assigned a helicopter
3105,1113,filterLoc,,
3105,1114,evacuee,,Evacuee;50;in triage state;G;is entering the FOL
3105,1325,filterLoc,out,Evacuee 58 in triage category G is not assigned a helicopter
3105,1325,filterLoc,,
3105,1326,evacuee,,Evacuee;58;in triage state;G;is entering the FOL
3105,227,FOL,,;EvacueeID;5;Triage Status;G;EvacueeID;6;Triage Status;G;EvacueeID;7;Triage Status;G;EvacueeID;9;Triage Status;G;EvacueeID;16;Triage Status;G;EvacueeID;19;Triage Status;G;EvacueeID;20;Triage Status;G;EvacueeID;25;Triage Status;G;EvacueeID;28;Triage Status;G;EvacueeID;32;Triage Status;G;EvacueeID;34;Triage Status;G;EvacueeID;35;Triage Status;G;EvacueeID;40;Triage Status;G;EvacueeID;41;Triage Status;G;EvacueeID;44;Triage Status;G;EvacueeID;49;Triage Status;G;EvacueeID;50;Triage Status;G;EvacueeID;51;Triage Status;G;EvacueeID;52;Triage Status;G;EvacueeID;58;Triage Status;G;Lives Saved;20
3105,637,evacuee,outFOL,Evacuee 49 in triage category G is not assigned a helicopter
3105,637,evacuee,,Evacuee;49;in triage state;G;is at the FOL
3105,649,evacuee,outFOL,Evacuee 51 in triage category G is not assigned a helicopter
3105,649,evacuee,,Evacuee;51;in triage state;G;is at the FOL
3105,844,evacuee,outFOL,Evacuee 40 in triage category G is not assigned a helicopter
3105,844,evacuee,,Evacuee;40;in triage state;G;is at the FOL
3105,907,evacuee,outFOL,Evacuee 44 in triage category G is not assigned a helicopter
3105,907,evacuee,,Evacuee;44;in triage state;G;is at the FOL
3105,988,evacuee,outFOL,Evacuee 52 in triage category G is not assigned a helicopter
3105,988,evacuee,,Evacuee;52;in triage state;G;is at the FOL
3105,991,evacuee,outFOL,Evacuee 41 in triage category G is not assigned a helicopter
3105,991,evacuee,,Evacuee;41;in triage state;G;is at the FOL
3105,1045,evacuee,outFOL,Evacuee 34 in triage category G is not assigned a helicopter
3105,1045,evacuee,,Evacuee;34;in triage state;G;is at the FOL
3105,1063,evacuee,outFOL,Evacuee 35 in triage category G is not assigned a helicopter
3105,1063,evacuee,,Evacuee;35;in triage state;G;is at the FOL
3105,1114,evacuee,outFOL,Evacuee 50 in triage category G is not assigned a helicopter
3105,1114,evacuee,,Evacuee;50;in triage state;G;is at the FOL
3105,1326,evacuee,outFOL,Evacuee 58 in triage category G is not assigned a helicopter
3105,1326,evacuee,,Evacuee;58;in triage state;G;is at the FOL
3105,227,FOL,,;EvacueeID;5;Triage Status;G;EvacueeID;6;Triage Status;G;EvacueeID;7;Triage Status;G;EvacueeID;9;Triage Status;G;EvacueeID;16;Triage Status;G;EvacueeID;19;Triage Status;G;EvacueeID;20;Triage Status;G;EvacueeID;25;Triage Status;G;EvacueeID;28;Triage Status;G;EvacueeID;32;Triage Status;G;EvacueeID;34;Triage Status;G;EvacueeID;35;Triage Status;G;EvacueeID;40;Triage Status;G;EvacueeID;41;Triage Status;G;EvacueeID;44;Triage Status;G;EvacueeID;49;Triage Status;G;EvacueeID;50;Triage Status;G;EvacueeID;51;Triage Status;G;EvacueeID;52;Triage Status;G;EvacueeID;58;Triage Status;G;Lives Saved;20
3105.45,3,evacueeManager,,OFF SHIP: White;0;Green;114;Yellow;36;Red;5;Black;305;ON SHIP: White;0;Green;0;Yellow;0;Red;0;Evacuees to Transfer;
3105.45,1395,evacuee,outES,Evacuee 202 in triage category G is not assigned a helicopter
3105.45,1395,evacuee,,Evacuee;202;in triage state;Y;is at the evacuation site
3111.18,3,evacueeManager,,OFF SHIP: White;0;Green;114;Yellow;35;Red;6;Black;305;ON SHIP: White;0;Green;0;Yellow;0;Red;0;Evacuees to Transfer;
3111.18,835,evacuee,outES,Evacuee 332 in triage category Y is not assigned a helicopter
3111.18,835,evacuee,,Evacuee;332;in triage state;R;is at the evacuation site
3112.02,3,evacueeManager,,OFF SHIP: White;0;Green;114;Yellow;34;Red;7;Black;305;ON SHIP: White;0;Green;0;Yellow;0;Red;0;Evacuees to Transfer;
3112.02,417,evacuee,outES,Evacuee 333 in triage category Y is not assigned a helicopter
3112.02,417,evacuee,,Evacuee;333;in triage state;R;is at the evacuation site
3114.6,3,evacueeManager,,OFF SHIP: White;0;Green;114;Yellow;34;Red;6;Black;306;ON SHIP: White;0;Green;0;Yellow;0;Red;0;Evacuees to Transfer;
3114.6,417,evacuee,outES,Evacuee 333 in triage category R is not assigned a helicopter
3114.6,417,evacuee,,Evacuee;333;in triage state;B;is at the evacuation site
3120,5,helicopterQueue,,1;Helos are waiting to land;HeloID;5
3120,574,helicopter,outES,Helicopter 5 is evacuating people5
3120,574,helicopter,,Helicopter;5;is waiting to land at the evacuation site;;and has;0;spots taken
3120,1133,helicopter,,Helicopter;2;Is going to the evacuation site;;and has;0;spots taken
3120,4,helipadManager,,;No helos are at ES
3120,5,helicopterQueue,outHM,Helicopter 5 is evacuating people5
3120,5,helicopterQueue,outHelo,Helicopter 5 is evacuating people5
3120,5,helicopterQueue,,;No helos are waiting to land
3120,8,filterES,,
3120,108,filterES,,
3120,293,filterES,,
3120,573,filterES,,Helicopter;5;is evacuating people
3120,1132,filterES,,
3120,1172,filterES,,
3120,3,evacueeManager,,OFF SHIP: White;0;Green;104;Yellow;34;Red;6;Black;306;ON SHIP: White;0;Green;0;Yellow;0;Red;0;Evacuees to Transfer;;EvacueeID;107;HeloID;5;OnShip;0;Triage Status;G;EvacueeID;111;HeloID;5;OnShip;0;Triage Status;G;EvacueeID;116;HeloID;5;OnShip;0;Triage Status;G;EvacueeID;117;HeloID;5;OnShip;0;Triage Status;G;EvacueeID;118;HeloID;5;OnShip;0;Triage Status;G;EvacueeID;119;HeloID;5;OnShip;0;Triage Status;G;EvacueeID;120;HeloID;5;OnShip;0;Triage Status;G;EvacueeID;124;HeloID;5;OnShip;0;Triage Status;G;EvacueeID;126;HeloID;5;OnShip;0;Triage Status;G;EvacueeID;127;HeloID;5;OnShip;0;Triage Status;G
3120,4,helipadManager,outEM,Helicopter 5 is evacuating people5
3120,4,helipadManager,,Helo;5;is at the ES
3120,573,filterES,out,Helicopter 5 is evacuating people5
3120,573,filterES,,
3120,574,helicopter,,Helicopter;5;is waiting to land at the evacuation site;;and has;0;spots taken
3120,3,evacueeManager,outEvac,Evacuee 107 in triage category G is assigned helicopter 5
3120,3,evacueeManager,outEvac,Evacuee 111 in triage category G is assigned helicopter 5
3120,3,evacueeManager,outEvac,Evacuee 116 in triage category G is assigned helicopter 5
3120,3,evacueeManager,outEvac,Evacuee 117 in triage category G is assigned helicopter 5
3120,3,evacueeManager,outEvac,Evacuee 118 in triage category G is assigned helicopter 5
3120,3,evacueeManager,outEvac,Evacuee 119 in triage category G is assigned helicopter 5
3120,3,evacueeManager,outEvac,Evacuee 120 in triage category G is assigned helicopter 5
3120,3,evacueeManager,outEvac,Evacuee 124 in triage category G is assigned helicopter 5
3120,3,evacueeManager,outEvac,Evacuee 126 in triage category G is assigned helicopter 5
3120,3,evacueeManager,outEvac,Evacuee 127 in triage category G is assigned helicopter 5
3120,3,evacueeManager,,OFF SHIP: White;0;Green;104;Yellow;34;Red;6;Black;306;ON SHIP: White;0;Green;0;Yellow;0;Red;0;Evacuees to Transfer;
3120,11,filterLoc,,
3120,14,filterLoc,,
3120,17,filterLoc,,
3120,20,filterLoc,,
3120,23,filterLoc,,
3120,26,filterLoc,,
3120,29,filterLoc,,
3120,32,filterLoc,,
3120,35,filterLoc,,
3120,38,filterLoc,,
3120,41,filterLoc,,
3120,44,filterLoc,,
3120,47,filterLoc,,
3120,50,filterLoc,,
3120,53,filterLoc,,
3120,56,filterLoc,,
3120,59,filterLoc,,
3120,62,filterLoc,,
3120,65,filterLoc,,
3120,68,filterLoc,,
3120,71,filterLoc,,
3120,74,filterLoc,,
3120,77,filterLoc,,
3120,80,filterLoc,,
3120,83,filterLoc,,
3120,86,filterLoc,,
3120,89,filterLoc,,
3120,92,filterLoc,,
3120,95,filterLoc,,
3120,98,filterLoc,,
3120,101,filterLoc,,
3120,104,filterLoc,,
3120,111,filterLoc,,
3120,114,filterLoc,,
3120,117,filterLoc,,
3120,120,filterLoc,,
3120,123,filterLoc,,
3120,126,filterLoc,,
3120,129,filterLoc,,
3120,132,filterLoc,,
3120,135,filterLoc,,
3120,138,filterLoc,,
3120,141,filterLoc,,
3120,144,filterLoc,,
3120,147,filterLoc,,
3120,150,filterLoc,,
3120,153,filterLoc,,
3120,156,filterLoc,,
3120,159,filterLoc,,
3120,162,filterLoc,,
3120,165,filterLoc,,
3120,168,filterLoc,,
3120,171,filterLoc,,
3120,174,filterLoc,,
3120,177,filterLoc,,
3120,180,filterLoc,,
3120,183,filterLoc,,
3120,186,filterLoc,,
3120,189,filterLoc,,
3120,192,filterLoc,,
3120,195,filterLoc,,
3120,198,filterLoc,,
3120,201,filterLoc,,
3120,204,filterLoc,,
3120,207,filterLoc,,
3120,210,filterLoc,,
3120,213,filterLoc,,
3120,216,filterLoc,,
3120,219,filterLoc,,
3120,222,filterLoc,,
3120,225,filterLoc,,
3120,229,filterLoc,,
3120,232,filterLoc,,
3120,235,filterLoc,,
3120,238,filterLoc,,
3120,241,filterLoc,,
3120,244,filterLoc,,
3120,247,filterLoc,,
3120,250,filterLoc,,
3120,253,filterLoc,,
3120,256,filterLoc,,
3120,259,filterLoc,,
3120,262,filterLoc,,
3120,265,filterLoc,,
3120,268,filterLoc,,
3120,271,filterLoc,,
3120,274,filterLoc,,
3120,277,filterLoc,,
3120,280,filterLoc,,
3120,283,filterLoc,,
3120,286,filterLoc,,
3120,289,filterLoc,,
3120,296,filterLoc,,
3120,299,filterLoc,,
3120,302,filterLoc,,
3120,305,filterLoc,,
3120,308,filterLoc,,
3120,311,filterLoc,,
3120,314,filterLoc,,
3120,317,filterLoc,,
3120,320,filterLoc,,
3120,323,filterLoc,,
3120,326,filterLoc,,
3120,329,filterLoc,,
3120,332,filterLoc,,
3120,335,filterLoc,,
3120,338,filterLoc,,
3120,341,filterLoc,,
3120,344,filterLoc,,
3120,347,filterLoc,,
3120,350,filterLoc,,
3120,353,filterLoc,,
3120,356,filterLoc,,
3120,359,filterLoc,,
3120,362,filterLoc,,
3120,365,filterLoc,,
3120,368,filterLoc,,
3120,371,filterLoc,,
3120,374,filterLoc,,
3120,377,filterLoc,,
3120,380,filterLoc,,
3120,383,filterLoc,,
3120,386,filterLoc,,
3120,389,filterLoc,,
3120,392,filterLoc,,
3120,395,filterLoc,,
3120,398,filterLoc,,
3120,401,filterLoc,,
3120,404,filterLoc,,
3120,407,filterLoc,,
3120,410,filterLoc,,
3120,413,filterLoc,,
3120,416,filterLoc,,
3120,419,filterLoc,,
3120,422,filterLoc,,
3120,425,filterLoc,,
3120,428,filterLoc,,
3120,431,filterLoc,,
3120,434,filterLoc,,
3120,437,filterLoc,,
3120,440,filterLoc,,
3120,443,filterLoc,,
3120,446,filterLoc,,
3120,449,filterLoc,,
3120,452,filterLoc,,
3120,455,filterLoc,,
3120,458,filterLoc,,
3120,461,filterLoc,,
3120,464,filterLoc,,
3120,467,filterLoc,,
3120,470,filterLoc,,
3120,473,filterLoc,,
3120,476,filterLoc,,
3120,479,filterLoc,,
3120,482,filterLoc,,
3120,485,filterLoc,,
3120,488,filterLoc,,
3120,491,filterLoc,,;Evacuee;117;in triage category;G;is entering helicopter;5
3120,494,filterLoc,,
3120,497,filterLoc,,
3120,500,filterLoc,,
3120,503,filterLoc,,
3120,506,filterLoc,,;Evacuee;118;in triage category;G;is entering helicopter;5
3120,509,filterLoc,,
3120,512,filterLoc,,
3120,515,filterLoc,,
3120,518,filterLoc,,
3120,521,filterLoc,,
3120,524,filterLoc,,
3120,527,filterLoc,,
3120,530,filterLoc,,
3120,533,filterLoc,,
3120,536,filterLoc,,
3120,539,filterLoc,,
3120,542,filterLoc,,
3120,545,filterLoc,,
3120,548,filterLoc,,
3120,551,filterLoc,,
3120,554,filterLoc,,
3120,557,filterLoc,,
3120,560,filterLoc,,
3120,563,filterLoc,,
3120,566,filterLoc,,
3120,569,filterLoc,,
3120,574,helicopter,,Helicopter;5;is loading people at the evacuation site;;and has;0;spots taken
3120,576,filterLoc,,;Evacuee;124;in triage category;G;is entering helicopter;5
3120,579,filterLoc,,;Evacuee;111;in triage category;G;is entering helicopter;5
3120,582,filterLoc,,
3120,585,filterLoc,,
3120,588,filterLoc,,
3120,591,filterLoc,,
3120,594,filterLoc,,
3120,597,filterLoc,,
3120,600,filterLoc,,
3120,603,filterLoc,,
3120,606,filterLoc,,
3120,609,filterLoc,,
3120,612,filterLoc,,
3120,615,filterLoc,,
3120,618,filterLoc,,
3120,621,filterLoc,,
3120,624,filterLoc,,
3120,627,filterLoc,,
3120,630,filterLoc,,
3120,633,filterLoc,,;Evacuee;127;in triage category;G;is entering helicopter;5
3120,636,filterLoc,,
3120,639,filterLoc,,
3120,642,filterLoc,,
3120,645,filterLoc,,
3120,648,filterLoc,,
3120,651,filterLoc,,
3120,654,filterLoc,,
3120,657,filterLoc,,
3120,660,filterLoc,,
3120,663,filterLoc,,
3120,666,filterLoc,,
3120,669,filterLoc,,
3120,672,filterLoc,,
3120,675,filterLoc,,
3120,678,filterLoc,,
3120,681,filterLoc,,
3120,684,filterLoc,,
3120,687,filterLoc,,
3120,690,filterLoc,,
3120,693,filterLoc,,
3120,696,filterLoc,,
3120,699,filterLoc,,
3120,702,filterLoc,,
3120,705,filterLoc,,
3120,708,filterLoc,,
3120,711,filterLoc,,
3120,714,filterLoc,,
3120,717,filterLoc,,
3120,720,filterLoc,,
3120,723,filterLoc,,
3120,726,filterLoc,,
3120,729,filterLoc,,
3120,732,filterLoc,,
3120,735,filterLoc,,
3120,738,filterLoc,,
3120,741,filterLoc,,
3120,744,filterLoc,,
3120,747,filterLoc,,
3120,750,filterLoc,,
3120,753,filterLoc,,
3120,756,filterLoc,,
3120,759,filterLoc,,
3120,762,filterLoc,,
3120,765,filterLoc,,
3120,768,filterLoc,,
3120,771,filterLoc,,
3120,774,filterLoc,,
3120,777,filterLoc,,
3120,780,filterLoc,,
3120,783,filterLoc,,
3120,786,filterLoc,,;Evacuee;107;in triage category;G;is entering helicopter;5
3120,789,filterLoc,,
3120,792,filterLoc,,
3120,795,filterLoc,,
3120,798,filterLoc,,
3120,801,filterLoc,,
3120,804,filterLoc,,
3120,807,filterLoc,,
3120,810,filterLoc,,
3120,813,filterLoc,,
3120,816,filterLoc,,
3120,819,filterLoc,,
3120,822,filterLoc,,
3120,825,filterLoc,,
3120,828,filterLoc,,
3120,831,filterLoc,,
3120,834,filterLoc,,
3120,837,filterLoc,,
3120,840,filterLoc,,
3120,843,filterLoc,,
3120,846,filterLoc,,
3120,849,filterLoc,,
3120,852,filterLoc,,
3120,855,filterLoc,,
3120,858,filterLoc,,
3120,861,filterLoc,,
3120,864,filterLoc,,
3120,867,filterLoc,,
3120,870,filterLoc,,
3120,873,filterLoc,,
3120,876,filterLoc,,
3120,879,filterLoc,,
3120,882,filterLoc,,
3120,885,filterLoc,,
3120,888,filterLoc,,
3120,891,filterLoc,,
3120,894,filterLoc,,
3120,897,filterLoc,,
3120,900,filterLoc,,
3120,903,filterLoc,,
3120,906,filterLoc,,
3120,909,filterLoc,,
3120,912,filterLoc,,;Evacuee;119;in triage category;G;is entering helicopter;5
3120,915,filterLoc,,
3120,918,filterLoc,,
3120,921,filterLoc,,
3120,924,filterLoc,,
3120,927,filterLoc,,
3120,930,filterLoc,,
3120,933,filterLoc,,
3120,936,filterLoc,,
3120,939,filterLoc,,
3120,942,filterLoc,,
3120,945,filterLoc,,
3120,948,filterLoc,,
3120,951,filterLoc,,
3120,954,filterLoc,,
3120,957,filterLoc,,
3120,960,filterLoc,,
3120,963,filterLoc,,
3120,966,filterLoc,,
3120,969,filterLoc,,
3120,972,filterLoc,,
3120,975,filterLoc,,
3120,978,filterLoc,,
3120,981,filterLoc,,;Evacuee;116;in triage category;G;is entering helicopter;5
3120,984,filterLoc,,
3120,987,filterLoc,,
3120,990,filterLoc,,
3120,993,filterLoc,,
3120,996,filterLoc,,
3120,999,filterLoc,,
3120,1002,filterLoc,,
3120,1005,filterLoc,,
3120,1008,filterLoc,,
3120,1011,filterLoc,,
3120,1014,filterLoc,,
3120,1017,filterLoc,,
3120,1020,filterLoc,,
3120,1023,filterLoc,,
3120,1026,filterLoc,,
3120,1029,filterLoc,,
3120,1032,filterLoc,,
3120,1035,filterLoc,,
3120,1038,filterLoc,,
3120,1041,filterLoc,,
3120,1044,filterLoc,,
3120,1047,filterLoc,,
3120,1050,filterLoc,,
3120,1053,filterLoc,,
3120,1056,filterLoc,,
3120,1059,filterLoc,,
3120,1062,filterLoc,,
3120,1065,filterLoc,,
3120,1068,filterLoc,,
3120,1071,filterLoc,,
3120,1074,filterLoc,,
3120,1077,filterLoc,,
3120,1080,filterLoc,,
3120,1083,filterLoc,,
3120,1086,filterLoc,,
3120,1089,filterLoc,,
3120,1092,filterLoc,,
3120,1095,filterLoc,,
3120,1098,filterLoc,,
3120,1101,filterLoc,,
3120,1104,filterLoc,,
3120,1107,filterLoc,,
3120,1110,filterLoc,,
3120,1113,filterLoc,,
3120,1116,filterLoc,,
3120,1119,filterLoc,,
3120,1122,filterLoc,,
3120,1125,filterLoc,,
3120,1128,filterLoc,,;Evacuee;120;in triage category;G;is entering helicopter;5
3120,1135,filterLoc,,
3120,1138,filterLoc,,
3120,1141,filterLoc,,
3120,1144,filterLoc,,
3120,1147,filterLoc,,
3120,1150,filterLoc,,
3120,1153,filterLoc,,
3120,1156,filterLoc,,
3120,1159,filterLoc,,
3120,1162,filterLoc,,
3120,1165,filterLoc,,
3120,1168,filterLoc,,
3120,1175,filterLoc,,
3120,1178,filterLoc,,
3120,1181,filterLoc,,
3120,1184,filterLoc,,
3120,1187,filterLoc,,
3120,1190,filterLoc,,
3120,1193,filterLoc,,
3120,1196,filterLoc,,
3120,1199,filterLoc,,
3120,1202,filterLoc,,
3120,1205,filterLoc,,
3120,1208,filterLoc,,
3120,1211,filterLoc,,
3120,1214,filterLoc,,
3120,1217,filterLoc,,
3120,1220,filterLoc,,
3120,1223,filterLoc,,
3120,1226,filterLoc,,
3120,1229,filterLoc,,
3120,1232,filterLoc,,
3120,1235,filterLoc,,
3120,1238,filterLoc,,
3120,1241,filterLoc,,
3120,1244,filterLoc,,
3120,1247,filterLoc,,
3120,1250,filterLoc,,
3120,1253,filterLoc,,
3120,1256,filterLoc,,
3120,1259,filterLoc,,
3120,1262,filterLoc,,;Evacuee;126;in triage category;G;is entering helicopter;5
3120,1265,filterLoc,,
3120,1268,filterLoc,,
3120,1271,filterLoc,,
3120,1274,filterLoc,,
3120,1277,filterLoc,,
3120,1280,filterLoc,,
3120,1283,filterLoc,,
3120,1286,filterLoc,,
3120,1289,filterLoc,,
3120,1292,filterLoc,,
3120,1295,filterLoc,,
3120,1298,filterLoc,,
3120,1301,filterLoc,,
3120,1304,filterLoc,,
3120,1307,filterLoc,,
3120,1310,filterLoc,,
3120,1313,filterLoc,,
3120,1316,filterLoc,,
3120,1319,filterLoc,,
3120,1322,filterLoc,,
3120,1325,filterLoc,,
3120,1328,filterLoc,,
3120,1331,filterLoc,,
3120,1334,filterLoc,,
3120,1337,filterLoc,,
3120,1340,filterLoc,,
3120,1343,filterLoc,,
3120,1346,filterLoc,,
3120,1349,filterLoc,,
3120,1352,filterLoc,,
3120,1355,filterLoc,,
3120,1358,filterLoc,,
3120,1361,filterLoc,,
3120,1364,filterLoc,,
3120,1367,filterLoc,,
3120,1370,filterLoc,,
3120,1373,filterLoc,,
3120,1376,filterLoc,,
3120,1379,filterLoc,,
3120,1382,filterLoc,,
3120,1385,filterLoc,,
3120,1388,filterLoc,,
3120,1391,filterLoc,,
3120,1394,filterLoc,,
3120,1397,filterLoc,,
3120,1400,filterLoc,,
3120,1403,filterLoc,,
3120,1406,filterLoc,,
3120,1409,filterLoc,,
3120,1412,filterLoc,,
3120,1415,filterLoc,,
3120,1418,filterLoc,,
3120,1421,filterLoc,,
3120,1424,filterLoc,,
3120,1427,filterLoc,,
3120,1430,filterLoc,,
3120,1433,filterLoc,,
3120,1436,filterLoc,,
3120,1439,filterLoc,,
3120,1442,filterLoc,,
3120,1445,filterLoc,,
3120,1448,filterLoc,,
3120,1451,filterLoc,,
3120,1454,filterLoc,,
3120,1457,filterLoc,,
3120,1460,filterLoc,,
3120,1463,filterLoc,,
3120,1466,filterLoc,,
3120,1469,filterLoc,,
3120,1472,filterLoc,,
3120,1475,filterLoc,,
3120,1478,filterLoc,,
3120,1481,filterLoc,,
3120,1484,filterLoc,,
3120,1487,filterLoc,,
3120,1490,filterLoc,,
3120,1493,filterLoc,,
3120,1496,filterLoc,,
3120,1499,filterLoc,,
3120,1502,filterLoc,,
3120,1505,filterLoc,,
3120,1508,filterLoc,,
3120,1511,filterLoc,,
3120,1514,filterLoc,,
3120,1517,filterLoc,,
3120,1520,filterLoc,,
3120,1523,filterLoc,,
3120,1526,filterLoc,,
3120,1529,filterLoc,,
3120,491,filterLoc,out,Evacuee 117 in triage category G is assigned helicopter 5
3120,491,filterLoc,,
3120,492,evacuee,,Evacuee;117;in triage state;G;is entering helicopter;5
3120,506,filterLoc,out,Evacuee 118 in triage category G is assigned helicopter 5
3120,506,filterLoc,,
3120,507,evacuee,,Evacuee;118;in triage state;G;is entering helicopter;5
3120,576,filterLoc,out,Evacuee 124 in triage category G is assigned helicopter 5
3120,576,filterLoc,,
3120,577,evacuee,,Evacuee;124;in triage state;G;is entering helicopter;5
3120,579,filterLoc,out,Evacuee 111 in triage category G is assigned helicopter 5
3120,579,filterLoc,,
3120,580,evacuee,,Evacuee;111;in triage state;G;is entering helicopter;5
3120,633,filterLoc,out,Evacuee 127 in triage category G is assigned helicopter 5
3120,633,filterLoc,,
3120,634,evacuee,,Evacuee;127;in triage state;G;is entering helicopter;5
3120,786,filterLoc,out,Evacuee 107 in triage category G is assigned helicopter 5
3120,786,filterLoc,,
3120,787,evacuee,,Evacuee;107;in triage state;G;is entering helicopter;5
3120,912,filterLoc,out,Evacuee 119 in triage category G is assigned helicopter 5
3120,912,filterLoc,,
3120,913,evacuee,,Evacuee;119;in triage state;G;is entering helicopter;5
3120,981,filterLoc,out,Evacuee 116 in triage category G is assigned helicopter 5
3120,981,filterLoc,,
3120,982,evacuee,,Evacuee;116;in triage state;G;is entering helicopter;5
3120,1128,filterLoc,out,Evacuee 120 in triage category G is assigned helicopter 5
3120,1128,filterLoc,,
3120,1129,evacuee,,Evacuee;120;in triage state;G;is entering helicopter;5
3120,1262,filterLoc,out,Evacuee 126 in triage category G is assigned helicopter 5
3120,1262,filterLoc,,
3120,1263,evacuee,,Evacuee;126;in triage state;G;is entering helicopter;5
3120,7,filterEvac,,
3120,107,filterEvac,,
3120,292,filterEvac,,
3120,492,evacuee,outHelo,Evacuee 117 in triage category G is assigned helicopter 5
3120,492,evacuee,,Evacuee;117;in triage state;G;is in helicopter;5
3120,507,evacuee,outHelo,Evacuee 118 in triage category G is assigned helicopter 5
3120,507,evacuee,,Evacuee;118;in triage state;G;is in helicopter;5
3120,572,filterEvac,,;Evacuee;107;in triage category;G;is entering helicopter;5;Evacuee;111;in triage category;G;is entering helicopter;5;Evacuee;116;in triage category;G;is entering helicopter;5;Evacuee;117;in triage category;G;is entering helicopter;5;Evacuee;118;in triage category;G;is entering helicopter;5;Evacuee;119;in triage category;G;is entering helicopter;5;Evacuee;120;in triage category;G;is entering helicopter;5;Evacuee;124;in triage category;G;is entering helicopter;5;Evacuee;126;in triage category;G;is entering helicopter;5;Evacuee;127;in triage category;G;is entering helicopter;5
3120,577,evacuee,outHelo,Evacuee 124 in triage category G is assigned helicopter 5
3120,577,evacuee,,Evacuee;124;in triage state;G;is in helicopter;5
3120,580,evacuee,outHelo,Evacuee 111 in triage category G is assigned helicopter 5
3120,580,evacuee,,Evacuee;111;in triage state;G;is in helicopter;5
3120,634,evacuee,outHelo,Evacuee 127 in triage category G is assigned helicopter 5
3120,634,evacuee,,Evacuee;127;in triage state;G;is in helicopter;5
3120,787,evacuee,outHelo,Evacuee 107 in triage category G is assigned helicopter 5
3120,787,evacuee,,Evacuee;107;in triage state;G;is in helicopter;5
3120,913,evacuee,outHelo,Evacuee 119 in triage category G is assigned helicopter 5
3120,913,evacuee,,Evacuee;119;in triage state;G;is in helicopter;5
3120,982,evacuee,outHelo,Evacuee 116 in triage category G is assigned helicopter 5
3120,982,evacuee,,Evacuee;116;in triage state;G;is in helicopter;5
3120,1129,evacuee,outHelo,Evacuee 120 in triage category G is assigned helicopter 5
3120,1129,evacuee,,Evacuee;120;in triage state;G;is in helicopter;5
3120,1131,filterEvac,,
3120,1171,filterEvac,,
3120,1263,evacuee,outHelo,Evacuee 126 in triage category G is assigned helicopter 5
3120,1263,evacuee,,Evacuee;126;in triage state;G;is in helicopter;5
3120,572,filterEvac,out,Evacuee 107 in triage category G is assigned helicopter 5
3120,572,filterEvac,out,Evacuee 111 in triage category G is assigned helicopter 5
3120,572,filterEvac,out,Evacuee 116 in triage category G is assigned helicopter 5
3120,572,filterEvac,out,Evacuee 117 in triage category G is assigned helicopter 5
3120,572,filterEvac,out,Evacuee 118 in triage category G is assigned helicopter 5
3120,572,filterEvac,out,Evacuee 119 in triage category G is assigned helicopter 5
3120,572,filterEvac,out,Evacuee 120 in triage category G is assigned helicopter 5
3120,572,filterEvac,out,Evacuee 124 in triage category G is assigned helicopter 5
3120,572,filterEvac,out,Evacuee 126 in triage category G is assigned helicopter 5
3120,572,filterEvac,out,Evacuee 127 in triage category G is assigned helicopter 5
3120,572,filterEvac,,
3120,574,helicopter,,Helicopter;5;is loading people at the evacuation site;;and has;10;spots taken
3125.23,3,evacueeManager,,OFF SHIP: White;0;Green;104;Yellow;33;Red;7;Black;306;ON SHIP: White;0;Green;0;Yellow;0;Red;0;Evacuees to Transfer;
3125.23,820,evacuee,outES,Evacuee 158 in triage category Y is not assigned a helicopter
3125.23,820,evacuee,,Evacuee;158;in triage state;R;is at the evacuation site
3135,4,helipadManager,outHelo,Helicopter 5 is evacuating people5
3135,4,helipadManager,,;No helos are at ES
3135,8,filterES,,
3135,108,filterES,,
3135,293,filterES,,
3135,573,filterES,,Helicopter;5;is evacuating people
3135,1132,filterES,,
3135,1172,filterES,,
3135,4,helipadManager,outHQ,0
3135,4,helipadManager,,;No helos are at ES
3135,5,helicopterQueue,,;No helos are waiting to land
3135,573,filterES,out,Helicopter 5 is evacuating people5
3135,573,filterES,,
3135,574,helicopter,,Helicopter;5;is loading people at the evacuation site;;and has;10;spots taken
3135,5,helicopterQueue,,;No helos are waiting to land
3135,574,helicopter,,Helicopter;5;is returning to the FOL;;and has;10;spots taken
3136,3,evacueeManager,,OFF SHIP: White;0;Green;103;Yellow;34;Red;7;Black;306;ON SHIP: White;0;Green;0;Yellow;0;Red;0;Evacuees to Transfer;
3136,766,evacuee,outES,Evacuee 271 in triage category G is not assigned a helicopter
3136,766,evacuee,,Evacuee;271;in triage state;Y;is at the evacuation site
3150.89,3,evacueeManager,,OFF SHIP: White;0;Green;103;Yellow;34;Red;6;Black;307;ON SHIP: White;0;Green;0;Yellow;0;Red;0;Evacuees to Transfer;
3150.89,345,evacuee,outES,Evacuee 443 in triage category R is not assigned a helicopter
3150.89,345,evacuee,,Evacuee;443;in triage state;B;is at the evacuation site
3152.05,3,evacueeManager,,OFF SHIP: White;0;Green;102;Yellow;35;Red;6;Black;307;ON SHIP: White;0;Green;0;Yellow;0;Red;0;Evacuees to Transfer;
3152.05,348,evacuee,outES,Evacuee 312 in triage category G is not assigned a helicopter
3152.05,348,evacuee,,Evacuee;312;in triage state;Y;is at the evacuation site
3164.23,3,evacueeManager,,OFF SHIP: White;0;Green;101;Yellow;36;Red;6;Black;307;ON SHIP: White;0;Green;0;Yellow;0;Red;0;Evacuees to Transfer;
3164.23,555,evacuee,outES,Evacuee 148 in triage category G is not assigned a helicopter
3164.23,555,evacuee,,Evacuee;148;in triage state;Y;is at the evacuation site
3165,11,filterLoc,,
3165,14,filterLoc,,
3165,17,filterLoc,,
3165,20,filterLoc,,
3165,23,filterLoc,,
3165,26,filterLoc,,
3165,29,filterLoc,,
3165,32,filterLoc,,
3165,35,filterLoc,,
3165,38,filterLoc,,
3165,41,filterLoc,,
3165,44,filterLoc,,
3165,47,filterLoc,,
3165,50,filterLoc,,
3165,53,filterLoc,,
3165,56,filterLoc,,
3165,59,filterLoc,,
3165,62,filterLoc,,
3165,65,filterLoc,,
3165,68,filterLoc,,
3165,71,filterLoc,,
3165,74,filterLoc,,
3165,77,filterLoc,,
3165,80,filterLoc,,
3165,83,filterLoc,,
3165,86,filterLoc,,
3165,89,filterLoc,,
3165,92,filterLoc,,
3165,95,filterLoc,,
3165,98,filterLoc,,
3165,101,filterLoc,,
3165,104,filterLoc,,
3165,109,helicopter,outEvac,Evacuee 61 in triage category G is not assigned a helicopter
3165,109,helicopter,outEvac,Evacuee 63 in triage category G is not assigned a helicopter
3165,109,helicopter,outEvac,Evacuee 64 in triage category G is not assigned a helicopter
3165,109,helicopter,outEvac,Evacuee 70 in triage category G is not assigned a helicopter
3165,109,helicopter,outEvac,Evacuee 73 in triage category G is not assigned a helicopter
3165,109,helicopter,outEvac,Evacuee 74 in triage category G is not assigned a helicopter
3165,109,helicopter,outEvac,Evacuee 76 in triage category G is not assigned a helicopter
3165,109,helicopter,outEvac,Evacuee 81 in triage category G is not assigned a helicopter
3165,109,helicopter,outEvac,Evacuee 83 in triage category G is not assigned a helicopter
3165,109,helicopter,outEvac,Evacuee 86 in triage category G is not assigned a helicopter
3165,109,helicopter,,Helicopter;3;is unloading people at the FOL;;and has;0;spots taken
3165,111,filterLoc,,
3165,114,filterLoc,,
3165,117,filterLoc,,
3165,120,filterLoc,,
3165,123,filterLoc,,
3165,126,filterLoc,,
3165,129,filterLoc,,
3165,132,filterLoc,,
3165,135,filterLoc,,
3165,138,filterLoc,,
3165,141,filterLoc,,
3165,144,filterLoc,,
3165,147,filterLoc,,
3165,150,filterLoc,,
3165,153,filterLoc,,
3165,156,filterLoc,,
3165,159,filterLoc,,
3165,162,filterLoc,,
3165,165,filterLoc,,
3165,168,filterLoc,,
3165,171,filterLoc,,
3165,174,filterLoc,,
3165,177,filterLoc,,
3165,180,filterLoc,,
3165,183,filterLoc,,
3165,186,filterLoc,,
3165,189,filterLoc,,
3165,192,filterLoc,,
3165,195,filterLoc,,
3165,198,filterLoc,,
3165,201,filterLoc,,
3165,204,filterLoc,,
3165,207,filterLoc,,
3165,210,filterLoc,,
3165,213,filterLoc,,
3165,216,filterLoc,,
3165,219,filterLoc,,
3165,222,filterLoc,,
3165,225,filterLoc,,
3165,229,filterLoc,,
3165,232,filterLoc,,
3165,235,filterLoc,,
3165,238,filterLoc,,
3165,241,filterLoc,,
3165,244,filterLoc,,
3165,247,filterLoc,,
3165,250,filterLoc,,
3165,253,filterLoc,,
3165,256,filterLoc,,
3165,259,filterLoc,,
3165,262,filterLoc,,
3165,265,filterLoc,,
3165,268,filterLoc,,
3165,271,filterLoc,,
3165,274,filterLoc,,
3165,277,filterLoc,,
3165,280,filterLoc,,
3165,283,filterLoc,,
3165,286,filterLoc,,
3165,289,filterLoc,,
3165,296,filterLoc,,
3165,299,filterLoc,,
3165,302,filterLoc,,
3165,305,filterLoc,,
3165,308,filterLoc,,
3165,311,filterLoc,,
3165,314,filterLoc,,
3165,317,filterLoc,,
3165,320,filterLoc,,
3165,323,filterLoc,,
3165,326,filterLoc,,
3165,329,filterLoc,,
3165,332,filterLoc,,
3165,335,filterLoc,,
3165,338,filterLoc,,
3165,341,filterLoc,,
3165,344,filterLoc,,
3165,347,filterLoc,,
3165,350,filterLoc,,
3165,353,filterLoc,,
3165,356,filterLoc,,
3165,359,filterLoc,,
3165,362,filterLoc,,
3165,365,filterLoc,,
3165,368,filterLoc,,
3165,371,filterLoc,,
3165,374,filterLoc,,
3165,377,filterLoc,,
3165,380,filterLoc,,
3165,383,filterLoc,,
3165,386,filterLoc,,
3165,389,filterLoc,,
3165,392,filterLoc,,
3165,395,filterLoc,,
3165,398,filterLoc,,
3165,401,filterLoc,,
3165,404,filterLoc,,
3165,407,filterLoc,,
3165,410,filterLoc,,
3165,413,filterLoc,,
3165,416,filterLoc,,
3165,419,filterLoc,,
3165,422,filterLoc,,
3165,425,filterLoc,,
3165,428,filterLoc,,
3165,431,filterLoc,,
3165,434,filterLoc,,
3165,437,filterLoc,,
3165,440,filterLoc,,
3165,443,filterLoc,,
3165,446,filterLoc,,
3165,449,filterLoc,,
3165,452,filterLoc,,
3165,455,filterLoc,,
3165,458,filterLoc,,
3165,461,filterLoc,,
3165,464,filterLoc,,
3165,467,filterLoc,,
3165,470,filterLoc,,
3165,473,filterLoc,,
3165,476,filterLoc,,
3165,479,filterLoc,,
3165,482,filterLoc,,
3165,485,filterLoc,,
3165,488,filterLoc,,
3165,491,filterLoc,,
3165,494,filterLoc,,
3165,497,filterLoc,,
3165,500,filterLoc,,
3165,503,filterLoc,,
3165,506,filterLoc,,
3165,509,filterLoc,,
3165,512,filterLoc,,
3165,515,filterLoc,,
3165,518,filterLoc,,
3165,521,filterLoc,,
3165,524,filterLoc,,
3165,527,filterLoc,,
3165,530,filterLoc,,
3165,533,filterLoc,,
3165,536,filterLoc,,
3165,539,filterLoc,,
3165,542,filterLoc,,
3165,545,filterLoc,,
3165,548,filterLoc,,
3165,551,filterLoc,,
3165,554,filterLoc,,
3165,557,filterLoc,,
3165,560,filterLoc,,
3165,563,filterLoc,,
3165,566,filterLoc,,
3165,569,filterLoc,,
3165,576,filterLoc,,
3165,579,filterLoc,,
3165,582,filterLoc,,
3165,585,filterLoc,,
3165,588,filterLoc,,
3165,591,filterLoc,,
3165,594,filterLoc,,
3165,597,filterLoc,,
3165,600,filterLoc,,
3165,603,filterLoc,,
3165,606,filterLoc,,
3165,609,filterLoc,,
3165,612,filterLoc,,
3165,615,filterLoc,,
3165,618,filterLoc,,
3165,621,filterLoc,,
3165,624,filterLoc,,
3165,627,filterLoc,,
3165,630,filterLoc,,;Evacuee;83;in triage category;G;is leaving helicopter;3
3165,633,filterLoc,,
3165,636,filterLoc,,
3165,639,filterLoc,,
3165,642,filterLoc,,
3165,645,filterLoc,,;Evacuee;86;in triage category;G;is leaving helicopter;3
3165,648,filterLoc,,
3165,651,filterLoc,,
3165,654,filterLoc,,
3165,657,filterLoc,,
3165,660,filterLoc,,
3165,663,filterLoc,,
3165,666,filterLoc,,
3165,669,filterLoc,,
3165,672,filterLoc,,
3165,675,filterLoc,,
3165,678,filterLoc,,
3165,681,filterLoc,,
3165,684,filterLoc,,
3165,687,filterLoc,,
3165,690,filterLoc,,
3165,693,filterLoc,,
3165,696,filterLoc,,;Evacuee;76;in triage category;G;is leaving helicopter;3
3165,699,filterLoc,,
3165,702,filterLoc,,;Evacuee;74;in triage category;G;is leaving helicopter;3
3165,705,filterLoc,,
3165,708,filterLoc,,
3165,711,filterLoc,,
3165,714,filterLoc,,
3165,717,filterLoc,,
3165,720,filterLoc,,
3165,723,filterLoc,,
3165,726,filterLoc,,
3165,729,filterLoc,,
3165,732,filterLoc,,
3165,735,filterLoc,,
3165,738,filterLoc,,
3165,741,filterLoc,,
3165,744,filterLoc,,
3165,747,filterLoc,,
3165,750,filterLoc,,
3165,753,filterLoc,,
3165,756,filterLoc,,
3165,759,filterLoc,,
3165,762,filterLoc,,
3165,765,filterLoc,,
3165,768,filterLoc,,
3165,771,filterLoc,,
3165,774,filterLoc,,
3165,777,filterLoc,,;Evacuee;70;in triage category;G;is leaving helicopter;3
3165,780,filterLoc,,
3165,783,filterLoc,,
3165,786,filterLoc,,
3165,789,filterLoc,,
3165,792,filterLoc,,
3165,795,filterLoc,,
3165,798,filterLoc,,
3165,801,filterLoc,,
3165,804,filterLoc,,
3165,807,filterLoc,,
3165,810,filterLoc,,
3165,813,filterLoc,,
3165,816,filterLoc,,
3165,819,filterLoc,,
3165,822,filterLoc,,
3165,825,filterLoc,,
3165,828,filterLoc,,
3165,831,filterLoc,,
3165,834,filterLoc,,
3165,837,filterLoc,,;Evacuee;81;in triage category;G;is leaving helicopter;3
3165,840,filterLoc,,
3165,843,filterLoc,,
3165,846,filterLoc,,
3165,849,filterLoc,,
3165,852,filterLoc,,
3165,855,filterLoc,,
3165,858,filterLoc,,
3165,861,filterLoc,,
3165,864,filterLoc,,
3165,867,filterLoc,,
3165,870,filterLoc,,
3165,873,filterLoc,,
3165,876,filterLoc,,
3165,879,filterLoc,,
3165,882,filterLoc,,
3165,885,filterLoc,,
3165,888,filterLoc,,
3165,891,filterLoc,,
3165,894,filterLoc,,
3165,897,filterLoc,,
3165,900,filterLoc,,
3165,903,filterLoc,,
3165,906,filterLoc,,
3165,909,filterLoc,,
3165,912,filterLoc,,
3165,915,filterLoc,,
3165,918,filterLoc,,
3165,921,filterLoc,,
3165,924,filterLoc,,
3165,927,filterLoc,,
3165,930,filterLoc,,
3165,933,filterLoc,,
3165,936,filterLoc,,
3165,939,filterLoc,,
3165,942,filterLoc,,
3165,945,filterLoc,,
3165,948,filterLoc,,
3165,951,filterLoc,,
3165,954,filterLoc,,
3165,957,filterLoc,,
3165,960,filterLoc,,
3165,963,filterLoc,,
3165,966,filterLoc,,
3165,969,filterLoc,,
3165,972,filterLoc,,
3165,975,filterLoc,,
3165,978,filterLoc,,
3165,981,filterLoc,,
3165,984,filterLoc,,;Evacuee;61;in triage category;G;is leaving helicopter;3
3165,987,filterLoc,,
3165,990,filterLoc,,
3165,993,filterLoc,,
3165,996,filterLoc,,
3165,999,filterLoc,,
3165,1002,filterLoc,,
3165,1005,filterLoc,,
3165,1008,filterLoc,,
3165,1011,filterLoc,,
3165,1014,filterLoc,,
3165,1017,filterLoc,,
3165,1020,filterLoc,,
3165,1023,filterLoc,,
3165,1026,filterLoc,,
3165,1029,filterLoc,,
3165,1032,filterLoc,,
3165,1035,filterLoc,,
3165,1038,filterLoc,,
3165,1041,filterLoc,,
3165,1044,filterLoc,,
3165,1047,filterLoc,,;Evacuee;64;in triage category;G;is leaving helicopter;3
3165,1050,filterLoc,,
3165,1053,filterLoc,,
3165,1056,filterLoc,,
3165,1059,filterLoc,,
3165,1062,filterLoc,,
3165,1065,filterLoc,,
3165,1068,filterLoc,,
3165,1071,filterLoc,,
3165,1074,filterLoc,,
3165,1077,filterLoc,,
3165,1080,filterLoc,,
3165,1083,filterLoc,,
3165,1086,filterLoc,,
3165,1089,filterLoc,,
3165,1092,filterLoc,,
3165,1095,filterLoc,,
3165,1098,filterLoc,,
3165,1101,filterLoc,,
3165,1104,filterLoc,,
3165,1107,filterLoc,,
3165,1110,filterLoc,,
3165,1113,filterLoc,,
3165,1116,filterLoc,,
3165,1119,filterLoc,,
3165,1122,filterLoc,,
3165,1125,filterLoc,,
3165,1128,filterLoc,,
3165,1135,filterLoc,,
3165,1138,filterLoc,,;Evacuee;63;in triage category;G;is leaving helicopter;3
3165,1141,filterLoc,,
3165,1144,filterLoc,,
3165,1147,filterLoc,,
3165,1150,filterLoc,,
3165,1153,filterLoc,,
3165,1156,filterLoc,,
3165,1159,filterLoc,,
3165,1162,filterLoc,,
3165,1165,filterLoc,,
3165,1168,filterLoc,,
3165,1175,filterLoc,,
3165,1178,filterLoc,,
3165,1181,filterLoc,,
3165,1184,filterLoc,,
3165,1187,filterLoc,,
3165,1190,filterLoc,,
3165,1193,filterLoc,,
3165,1196,filterLoc,,
3165,1199,filterLoc,,
3165,1202,filterLoc,,
3165,1205,filterLoc,,
3165,1208,filterLoc,,
3165,1211,filterLoc,,
3165,1214,filterLoc,,
3165,1217,filterLoc,,
3165,1220,filterLoc,,
3165,1223,filterLoc,,
3165,1226,filterLoc,,
3165,1229,filterLoc,,
3165,1232,filterLoc,,
3165,1235,filterLoc,,
3165,1238,filterLoc,,
3165,1241,filterLoc,,
3165,1244,filterLoc,,
3165,1247,filterLoc,,
3165,1250,filterLoc,,
3165,1253,filterLoc,,
3165,1256,filterLoc,,
3165,1259,filterLoc,,
3165,1262,filterLoc,,
3165,1265,filterLoc,,
3165,1268,filterLoc,,
3165,1271,filterLoc,,
3165,1274,filterLoc,,
3165,1277,filterLoc,,
3165,1280,filterLoc,,
3165,1283,filterLoc,,
3165,1286,filterLoc,,
3165,1289,filterLoc,,
3165,1292,filterLoc,,
3165,1295,filterLoc,,
3165,1298,filterLoc,,
3165,1301,filterLoc,,
3165,1304,filterLoc,,
3165,1307,filterLoc,,
3165,1310,filterLoc,,
3165,1313,filterLoc,,
3165,1316,filterLoc,,
3165,1319,filterLoc,,
3165,1322,filterLoc,,
3165,1325,filterLoc,,
3165,1328,filterLoc,,
3165,1331,filterLoc,,
3165,1334,filterLoc,,
3165,1337,filterLoc,,
3165,1340,filterLoc,,
3165,1343,filterLoc,,
3165,1346,filterLoc,,
3165,1349,filterLoc,,
3165,1352,filterLoc,,
3165,1355,filterLoc,,
3165,1358,filterLoc,,
3165,1361,filterLoc,,
3165,1364,filterLoc,,
3165,1367,filterLoc,,
3165,1370,filterLoc,,
3165,1373,filterLoc,,
3165,1376,filterLoc,,
3165,1379,filterLoc,,
3165,1382,filterLoc,,
3165,1385,filterLoc,,
3165,1388,filterLoc,,
3165,1391,filterLoc,,
3165,1394,filterLoc,,
3165,1397,filterLoc,,
3165,1400,filterLoc,,
3165,1403,filterLoc,,
3165,1406,filterLoc,,
3165,1409,filterLoc,,
3165,1412,filterLoc,,
3165,1415,filterLoc,,
3165,1418,filterLoc,,
3165,1421,filterLoc,,
3165,1424,filterLoc,,
3165,1427,filterLoc,,
3165,1430,filterLoc,,
3165,1433,filterLoc,,
3165,1436,filterLoc,,
3165,1439,filterLoc,,
3165,1442,filterLoc,,
3165,1445,filterLoc,,
3165,1448,filterLoc,,
3165,1451,filterLoc,,
3165,1454,filterLoc,,
3165,1457,filterLoc,,
3165,1460,filterLoc,,
3165,1463,filterLoc,,
3165,1466,filterLoc,,
3165,1469,filterLoc,,
3165,1472,filterLoc,,;Evacuee;73;in triage category;G;is leaving helicopter;3
3165,1475,filterLoc,,
3165,1478,filterLoc,,
3165,1481,filterLoc,,
3165,1484,filterLoc,,
3165,1487,filterLoc,,
3165,1490,filterLoc,,
3165,1493,filterLoc,,
3165,1496,filterLoc,,
3165,1499,filterLoc,,
3165,1502,filterLoc,,
3165,1505,filterLoc,,
3165,1508,filterLoc,,
3165,1511,filterLoc,,
3165,1514,filterLoc,,
3165,1517,filterLoc,,
3165,1520,filterLoc,,
3165,1523,filterLoc,,
3165,1526,filterLoc,,
3165,1529,filterLoc,,
3165,630,filterLoc,out,Evacuee 83 in triage category G is not assigned a helicopter
3165,630,filterLoc,,
3165,631,evacuee,,Evacuee;83;in triage state;G;is entering the FOL
3165,645,filterLoc,out,Evacuee 86 in triage category G is not assigned a helicopter
3165,645,filterLoc,,
3165,646,evacuee,,Evacuee;86;in triage state;G;is entering the FOL
3165,696,filterLoc,out,Evacuee 76 in triage category G is not assigned a helicopter
3165,696,filterLoc,,
3165,697,evacuee,,Evacuee;76;in triage state;G;is entering the FOL
3165,702,filterLoc,out,Evacuee 74 in triage category G is not assigned a helicopter
3165,702,filterLoc,,
3165,703,evacuee,,Evacuee;74;in triage state;G;is entering the FOL
3165,777,filterLoc,out,Evacuee 70 in triage category G is not assigned a helicopter
3165,777,filterLoc,,
3165,778,evacuee,,Evacuee;70;in triage state;G;is entering the FOL
3165,837,filterLoc,out,Evacuee 81 in triage category G is not assigned a helicopter
3165,837,filterLoc,,
3165,838,evacuee,,Evacuee;81;in triage state;G;is entering the FOL
3165,984,filterLoc,out,Evacuee 61 in triage category G is not assigned a helicopter
3165,984,filterLoc,,
3165,985,evacuee,,Evacuee;61;in triage state;G;is entering the FOL
3165,1047,filterLoc,out,Evacuee 64 in triage category G is not assigned a helicopter
3165,1047,filterLoc,,
3165,1048,evacuee,,Evacuee;64;in triage state;G;is entering the FOL
3165,1138,filterLoc,out,Evacuee 63 in triage category G is not assigned a helicopter
3165,1138,filterLoc,,
3165,1139,evacuee,,Evacuee;63;in triage state;G;is entering the FOL
3165,1472,filterLoc,out,Evacuee 73 in triage category G is not assigned a helicopter
3165,1472,filterLoc,,
3165,1473,evacuee,,Evacuee;73;in triage state;G;is entering the FOL
3165,227,FOL,,;EvacueeID;5;Triage Status;G;EvacueeID;6;Triage Status;G;EvacueeID;7;Triage Status;G;EvacueeID;9;Triage Status;G;EvacueeID;16;Triage Status;G;EvacueeID;19;Triage Status;G;EvacueeID;20;Triage Status;G;EvacueeID;25;Triage Status;G;EvacueeID;28;Triage Status;G;EvacueeID;32;Triage Status;G;EvacueeID;34;Triage Status;G;EvacueeID;35;Triage Status;G;EvacueeID;40;Triage Status;G;EvacueeID;41;Triage Status;G;EvacueeID;44;Triage Status;G;EvacueeID;49;Triage Status;G;EvacueeID;50;Triage Status;G;EvacueeID;51;Triage Status;G;EvacueeID;52;Triage Status;G;EvacueeID;58;Triage Status;G;EvacueeID;61;Triage Status;G;EvacueeID;63;Triage Status;G;EvacueeID;64;Triage Status;G;EvacueeID;70;Triage Status;G;EvacueeID;73;Triage Status;G;EvacueeID;74;Triage Status;G;EvacueeID;76;Triage Status;G;EvacueeID;81;Triage Status;G;EvacueeID;83;Triage Status;G;EvacueeID;86;Triage Status;G;Lives Saved;30
3165,631,evacuee,outFOL,Evacuee 83 in triage category G is not assigned a helicopter
3165,631,evacuee,,Evacuee;83;in triage state;G;is at the FOL
3165,646,evacuee,outFOL,Evacuee 86 in triage category G is not assigned a helicopter
3165,646,evacuee,,Evacuee;86;in triage state;G;is at the FOL
3165,697,evacuee,outFOL,Evacuee 76 in triage category G is not assigned a helicopter
3165,697,evacuee,,Evacuee;76;in triage state;G;is at the FOL
3165,703,evacuee,outFOL,Evacuee 74 in triage category G is not assigned a helicopter
3165,703,evacuee,,Evacuee;74;in triage state;G;is at the FOL
3165,778,evacuee,outFOL,Evacuee 70 in triage category G is not assigned a helicopter
3165,778,evacuee,,Evacuee;70;in triage state;G;is at the FOL
3165,838,evacuee,outFOL,Evacuee 81 in triage category G is not assigned a helicopter
3165,838,evacuee,,Evacuee;81;in triage state;G;is at the FOL
3165,985,evacuee,outFOL,Evacuee 61 in triage category G is not assigned a helicopter
3165,985,evacuee,,Evacuee;61;in triage state;G;is at the FOL
3165,1048,evacuee,outFOL,Evacuee 64 in triage category G is not assigned a helicopter
3165,1048,evacuee,,Evacuee;64;in triage state;G;is at the FOL
3165,1139,evacuee,outFOL,Evacuee 63 in triage category G is not assigned a helicopter
3165,1139,evacuee,,Evacuee;63;in triage state;G;is at the FOL
3165,1473,evacuee,outFOL,Evacuee 73 in triage category G is not assigned a helicopter
3165,1473,evacuee,,Evacuee;73;in triage state;G;is at the FOL
3165,227,FOL,,;EvacueeID;5;Triage Status;G;EvacueeID;6;Triage Status;G;EvacueeID;7;Triage Status;G;EvacueeID;9;Triage Status;G;EvacueeID;16;Triage Status;G;EvacueeID;19;Triage Status;G;EvacueeID;20;Triage Status;G;EvacueeID;25;Triage Status;G;EvacueeID;28;Triage Status;G;EvacueeID;32;Triage Status;G;EvacueeID;34;Triage Status;G;EvacueeID;35;Triage Status;G;EvacueeID;40;Triage Status;G;EvacueeID;41;Triage Status;G;EvacueeID;44;Triage Status;G;EvacueeID;49;Triage Status;G;EvacueeID;50;Triage Status;G;EvacueeID;51;Triage Status;G;EvacueeID;52;Triage Status;G;EvacueeID;58;Triage Status;G;EvacueeID;61;Triage Status;G;EvacueeID;63;Triage Status;G;EvacueeID;64;Triage Status;G;EvacueeID;70;Triage Status;G;EvacueeID;73;Triage Status;G;EvacueeID;74;Triage Status;G;EvacueeID;76;Triage Status;G;EvacueeID;81;Triage Status;G;EvacueeID;83;Triage Status;G;EvacueeID;86;Triage Status;G;Lives Saved;30
3165.11,3,evacueeManager,,OFF SHIP: White;0;Green;101;Yellow;35;Red;7;Black;307;ON SHIP: White;0;Green;0;Yellow;0;Red;0;Evacuees to Transfer;
3165.11,480,evacuee,outES,Evacuee 108 in triage category Y is not assigned a helicopter
3165.11,480,evacuee,,Evacuee;108;in triage state;R;is at the evacuation site
3166.09,3,evacueeManager,,OFF SHIP: White;0;Green;101;Yellow;34;Red;8;Black;307;ON SHIP: White;0;Green;0;Yellow;0;Red;0;Evacuees to Transfer;
3166.09,1221,evacuee,outES,Evacuee 140 in triage category Y is not assigned a helicopter
3166.09,1221,evacuee,,Evacuee;140;in triage state;R;is at the evacuation site
3169.56,3,evacueeManager,,OFF SHIP: White;0;Green;101;Yellow;34;Red;7;Black;308;ON SHIP: White;0;Green;0;Yellow;0;Red;0;Evacuees to Transfer;
3169.56,139,evacuee,outES,Evacuee 422 in triage category R is not assigned a helicopter
3169.56,139,evacuee,,Evacuee;422;in triage state;B;is at the evacuation site
3174.44,3,evacueeManager,,OFF SHIP: White;0;Green;101;Yellow;33;Red;8;Black;308;ON SHIP: White;0;Green;0;Yellow;0;Red;0;Evacuees to Transfer;
3174.44,205,evacuee,outES,Evacuee 380 in triage category Y is not assigned a helicopter
3174.44,205,evacuee,,Evacuee;380;in triage state;R;is at the evacuation site
3180,5,helicopterQueue,,1;Helos are waiting to land;HeloID;6
3180,9,helicopter,outES,Helicopter 6 is evacuating people6
3180,9,helicopter,,Helicopter;6;is waiting to land at the evacuation site;;and has;0;spots taken
3180,109,helicopter,,Helicopter;3;Is going to the evacuation site;;and has;0;spots taken
3180,4,helipadManager,,;No helos are at ES
3180,5,helicopterQueue,outHM,Helicopter 6 is evacuating people6
3180,5,helicopterQueue,outHelo,Helicopter 6 is evacuating people6
3180,5,helicopterQueue,,;No helos are waiting to land
3180,8,filterES,,Helicopter;6;is evacuating people
3180,108,filterES,,
3180,293,filterES,,
3180,573,filterES,,
3180,1132,filterES,,
3180,1172,filterES,,
3180,3,evacueeManager,,OFF SHIP: White;0;Green;91;Yellow;33;Red;8;Black;308;ON SHIP: White;0;Green;0;Yellow;0;Red;0;Evacuees to Transfer;;EvacueeID;128;HeloID;6;OnShip;0;Triage Status;G;EvacueeID;129;HeloID;6;OnShip;0;Triage Status;G;EvacueeID;131;HeloID;6;OnShip;0;Triage Status;G;EvacueeID;134;HeloID;6;OnShip;0;Triage Status;G;EvacueeID;137;HeloID;6;OnShip;0;Triage Status;G;EvacueeID;138;HeloID;6;OnShip;0;Triage Status;G;EvacueeID;150;HeloID;6;OnShip;0;Triage Status;G;EvacueeID;154;HeloID;6;OnShip;0;Triage Status;G;EvacueeID;155;HeloID;6;OnShip;0;Triage Status;G;EvacueeID;157;HeloID;6;OnShip;0;Triage Status;G
3180,4,helipadManager,outEM,Helicopter 6 is evacuating people6
3180,4,helipadManager,,Helo;6;is at the ES
3180,8,filterES,out,Helicopter 6 is evacuating people6
3180,8,filterES,,
3180,9,helicopter,,Helicopter;6;is waiting to land at the evacuation site;;and has;0;spots taken
3180,3,evacueeManager,outEvac,Evacuee 128 in triage category G is assigned helicopter 6
3180,3,evacueeManager,outEvac,Evacuee 129 in triage category G is assigned helicopter 6
3180,3,evacueeManager,outEvac,Evacuee 131 in triage category G is assigned helicopter 6
3180,3,evacueeManager,outEvac,Evacuee 134 in triage category G is assigned helicopter 6
3180,3,evacueeManager,outEvac,Evacuee 137 in triage category G is assigned helicopter 6
3180,3,evacueeManager,outEvac,Evacuee 138 in triage category G is assigned helicopter 6
3180,3,evacueeManager,outEvac,Evacuee 150 in triage category G is assigned helicopter 6
3180,3,evacueeManager,outEvac,Evacuee 154 in triage category G is assigned helicopter 6
3180,3,evacueeManager,outEvac,Evacuee 155 in triage category G is assigned helicopter 6
3180,3,evacueeManager,outEvac,Evacuee 157 in triage category G is assigned helicopter 6
3180,3,evacueeManager,,OFF SHIP: White;0;Green;91;Yellow;33;Red;8;Black;308;ON SHIP: White;0;Green;0;Yellow;0;Red;0;Evacuees to Transfer;
3180,9,helicopter,,Helicopter;6;is loading people at the evacuation site;;and has;0;spots taken
3180,11,filterLoc,,
3180,14,filterLoc,,
3180,17,filterLoc,,
3180,20,filterLoc,,
3180,23,filterLoc,,
3180,26,filterLoc,,
3180,29,filterLoc,,
3180,32,filterLoc,,
3180,35,filterLoc,,
3180,38,filterLoc,,
3180,41,filterLoc,,
3180,44,filterLoc,,
3180,47,filterLoc,,
3180,50,filterLoc,,
3180,53,filterLoc,,
3180,56,filterLoc,,
3180,59,filterLoc,,
3180,62,filterLoc,,
3180,65,filterLoc,,
3180,68,filterLoc,,
3180,71,filterLoc,,
3180,74,filterLoc,,
3180,77,filterLoc,,
3180,80,filterLoc,,
3180,83,filterLoc,,
3180,86,filterLoc,,
3180,89,filterLoc,,
3180,92,filterLoc,,
3180,95,filterLoc,,
3180,98,filterLoc,,
3180,101,filterLoc,,
3180,104,filterLoc,,
3180,111,filterLoc,,
3180,114,filterLoc,,
3180,117,filterLoc,,
3180,120,filterLoc,,
3180,123,filterLoc,,
3180,126,filterLoc,,
3180,129,filterLoc,,
3180,132,filterLoc,,
3180,135,filterLoc,,
3180,138,filterLoc,,
3180,141,filterLoc,,
3180,144,filterLoc,,
3180,147,filterLoc,,
3180,150,filterLoc,,
3180,153,filterLoc,,
3180,156,filterLoc,,
3180,159,filterLoc,,
3180,162,filterLoc,,
3180,165,filterLoc,,
3180,168,filterLoc,,
3180,171,filterLoc,,
3180,174,filterLoc,,
3180,177,filterLoc,,
3180,180,filterLoc,,
3180,183,filterLoc,,
3180,186,filterLoc,,
3180,189,filterLoc,,
3180,192,filterLoc,,
3180,195,filterLoc,,
3180,198,filterLoc,,
3180,201,filterLoc,,
3180,204,filterLoc,,
3180,207,filterLoc,,
3180,210,filterLoc,,
3180,213,filterLoc,,
3180,216,filterLoc,,
3180,219,filterLoc,,
3180,222,filterLoc,,
3180,225,filterLoc,,
3180,229,filterLoc,,
3180,232,filterLoc,,
3180,235,filterLoc,,
3180,238,filterLoc,,
3180,241,filterLoc,,
3180,244,filterLoc,,
3180,247,filterLoc,,
3180,250,filterLoc,,
3180,253,filterLoc,,
3180,256,filterLoc,,
3180,259,filterLoc,,
3180,262,filterLoc,,
3180,265,filterLoc,,
3180,268,filterLoc,,
3180,271,filterLoc,,
3180,274,filterLoc,,
3180,277,filterLoc,,
3180,280,filterLoc,,
3180,283,filterLoc,,
3180,286,filterLoc,,
3180,289,filterLoc,,
3180,296,filterLoc,,
3180,299,filterLoc,,
3180,302,filterLoc,,
3180,305,filterLoc,,
3180,308,filterLoc,,
3180,311,filterLoc,,
3180,314,filterLoc,,
3180,317,filterLoc,,
3180,320,filterLoc,,
3180,323,filterLoc,,
3180,326,filterLoc,,
3180,329,filterLoc,,
3180,332,filterLoc,,
3180,335,filterLoc,,
3180,338,filterLoc,,
3180,341,filterLoc,,
3180,344,filterLoc,,
3180,347,filterLoc,,
3180,350,filterLoc,,
3180,353,filterLoc,,
3180,356,filterLoc,,
3180,359,filterLoc,,
3180,362,filterLoc,,
3180,365,filterLoc,,
3180,368,filterLoc,,
3180,371,filterLoc,,
3180,374,filterLoc,,
3180,377,filterLoc,,
3180,380,filterLoc,,
3180,383,filterLoc,,
3180,386,filterLoc,,
3180,389,filterLoc,,
3180,392,filterLoc,,
3180,395,filterLoc,,
3180,398,filterLoc,,
3180,401,filterLoc,,
3180,404,filterLoc,,
3180,407,filterLoc,,
3180,410,filterLoc,,
3180,413,filterLoc,,
3180,416,filterLoc,,
3180,419,filterLoc,,
3180,422,filterLoc,,
3180,425,filterLoc,,
3180,428,filterLoc,,
3180,431,filterLoc,,
3180,434,filterLoc,,
3180,437,filterLoc,,
3180,440,filterLoc,,
3180,443,filterLoc,,
3180,446,filterLoc,,
3180,449,filterLoc,,
3180,452,filterLoc,,
3180,455,filterLoc,,
3180,458,filterLoc,,
3180,461,filterLoc,,
3180,464,filterLoc,,
3180,467,filterLoc,,
3180,470,filterLoc,,
3180,473,filterLoc,,
3180,476,filterLoc,,
3180,479,filterLoc,,
3180,482,filterLoc,,
3180,485,filterLoc,,
3180,488,filterLoc,,
3180,491,filterLoc,,
3180,494,filterLoc,,
3180,497,filterLoc,,
3180,500,filterLoc,,
3180,503,filterLoc,,
3180,506,filterLoc,,
3180,509,filterLoc,,
3180,512,filterLoc,,
3180,515,filterLoc,,
3180,518,filterLoc,,
3180,521,filterLoc,,
3180,524,filterLoc,,
3180,527,filterLoc,,
3180,530,filterLoc,,
3180,533,filterLoc,,
3180,536,filterLoc,,
3180,539,filterLoc,,
3180,542,filterLoc,,
3180,545,filterLoc,,
3180,548,filterLoc,,
3180,551,filterLoc,,
3180,554,filterLoc,,
3180,557,filterLoc,,
3180,560,filterLoc,,
3180,563,filterLoc,,
3180,566,filterLoc,,
3180,569,filterLoc,,
3180,576,filterLoc,,
3180,579,filterLoc,,
3180,582,filterLoc,,
3180,585,filterLoc,,
3180,588,filterLoc,,
3180,591,filterLoc,,
3180,594,filterLoc,,
3180,597,filterLoc,,
3180,600,filterLoc,,
3180,603,filterLoc,,
3180,606,filterLoc,,
3180,609,filterLoc,,
3180,612,filterLoc,,
3180,615,filterLoc,,
3180,618,filterLoc,,
3180,621,filterLoc,,
3180,624,filterLoc,,
3180,627,filterLoc,,
3180,630,filterLoc,,
3180,633,filterLoc,,
3180,636,filterLoc,,
3180,639,filterLoc,,
3180,642,filterLoc,,
3180,645,filterLoc,,
3180,648,filterLoc,,
3180,651,filterLoc,,
3180,654,filterLoc,,
3180,657,filterLoc,,
3180,660,filterLoc,,
3180,663,filterLoc,,
3180,666,filterLoc,,
3180,669,filterLoc,,
3180,672,filterLoc,,
3180,675,filterLoc,,
3180,678,filterLoc,,
3180,681,filterLoc,,
3180,684,filterLoc,,
3180,687,filterLoc,,
3180,690,filterLoc,,
3180,693,filterLoc,,
3180,696,filterLoc,,
3180,699,filterLoc,,
3180,702,filterLoc,,
3180,705,filterLoc,,
3180,708,filterLoc,,
3180,711,filterLoc,,;Evacuee;128;in triage category;G;is entering helicopter;6
3180,714,filterLoc,,;Evacuee;134;in triage category;G;is entering helicopter;6
3180,717,filterLoc,,
3180,720,filterLoc,,
3180,723,filterLoc,,
3180,726,filterLoc,,
3180,729,filterLoc,,
3180,732,filterLoc,,
3180,735,filterLoc,,
3180,738,filterLoc,,
3180,741,filterLoc,,
3180,744,filterLoc,,
3180,747,filterLoc,,
3180,750,filterLoc,,
3180,753,filterLoc,,
3180,756,filterLoc,,
3180,759,filterLoc,,
3180,762,filterLoc,,
3180,765,filterLoc,,
3180,768,filterLoc,,
3180,771,filterLoc,,
3180,774,filterLoc,,
3180,777,filterLoc,,
3180,780,filterLoc,,
3180,783,filterLoc,,
3180,786,filterLoc,,
3180,789,filterLoc,,
3180,792,filterLoc,,
3180,795,filterLoc,,
3180,798,filterLoc,,
3180,801,filterLoc,,
3180,804,filterLoc,,
3180,807,filterLoc,,
3180,810,filterLoc,,
3180,813,filterLoc,,
3180,816,filterLoc,,
3180,819,filterLoc,,
3180,822,filterLoc,,
3180,825,filterLoc,,
3180,828,filterLoc,,
3180,831,filterLoc,,
3180,834,filterLoc,,
3180,837,filterLoc,,
3180,840,filterLoc,,
3180,843,filterLoc,,
3180,846,filterLoc,,
3180,849,filterLoc,,
3180,852,filterLoc,,
3180,855,filterLoc,,
3180,858,filterLoc,,
3180,861,filterLoc,,
3180,864,filterLoc,,
3180,867,filterLoc,,
3180,870,filterLoc,,
3180,873,filterLoc,,
3180,876,filterLoc,,
3180,879,filterLoc,,
3180,882,filterLoc,,
3180,885,filterLoc,,
3180,888,filterLoc,,
3180,891,filterLoc,,
3180,894,filterLoc,,
3180,897,filterLoc,,
3180,900,filterLoc,,
3180,903,filterLoc,,
3180,906,filterLoc,,
3180,909,filterLoc,,;Evacuee;150;in triage category;G;is entering helicopter;6
3180,912,filterLoc,,
3180,915,filterLoc,,
3180,918,filterLoc,,
3180,921,filterLoc,,;Evacuee;157;in triage category;G;is entering helicopter;6
3180,924,filterLoc,,
3180,927,filterLoc,,
3180,930,filterLoc,,
3180,933,filterLoc,,
3180,936,filterLoc,,
3180,939,filterLoc,,
3180,942,filterLoc,,
3180,945,filterLoc,,
3180,948,filterLoc,,
3180,951,filterLoc,,
3180,954,filterLoc,,
3180,957,filterLoc,,
3180,960,filterLoc,,
3180,963,filterLoc,,
3180,966,filterLoc,,
3180,969,filterLoc,,
3180,972,filterLoc,,
3180,975,filterLoc,,
3180,978,filterLoc,,
3180,981,filterLoc,,
3180,984,filterLoc,,
3180,987,filterLoc,,
3180,990,filterLoc,,
3180,993,filterLoc,,
3180,996,filterLoc,,;Evacuee;154;in triage category;G;is entering helicopter;6
3180,999,filterLoc,,
3180,1002,filterLoc,,
3180,1005,filterLoc,,
3180,1008,filterLoc,,
3180,1011,filterLoc,,
3180,1014,filterLoc,,
3180,1017,filterLoc,,
3180,1020,filterLoc,,
3180,1023,filterLoc,,
3180,1026,filterLoc,,
3180,1029,filterLoc,,
3180,1032,filterLoc,,
3180,1035,filterLoc,,
3180,1038,filterLoc,,
3180,1041,filterLoc,,
3180,1044,filterLoc,,
3180,1047,filterLoc,,
3180,1050,filterLoc,,
3180,1053,filterLoc,,
3180,1056,filterLoc,,
3180,1059,filterLoc,,
3180,1062,filterLoc,,
3180,1065,filterLoc,,;Evacuee;155;in triage category;G;is entering helicopter;6
3180,1068,filterLoc,,
3180,1071,filterLoc,,
3180,1074,filterLoc,,
3180,1077,filterLoc,,
3180,1080,filterLoc,,
3180,1083,filterLoc,,
3180,1086,filterLoc,,
3180,1089,filterLoc,,
3180,1092,filterLoc,,
3180,1095,filterLoc,,
3180,1098,filterLoc,,
3180,1101,filterLoc,,
3180,1104,filterLoc,,
3180,1107,filterLoc,,
3180,1110,filterLoc,,
3180,1113,filterLoc,,
3180,1116,filterLoc,,
3180,1119,filterLoc,,
3180,1122,filterLoc,,
3180,1125,filterLoc,,
3180,1128,filterLoc,,
3180,1135,filterLoc,,
3180,1138,filterLoc,,
3180,1141,filterLoc,,
3180,1144,filterLoc,,
3180,1147,filterLoc,,
3180,1150,filterLoc,,
3180,1153,filterLoc,,
3180,1156,filterLoc,,
3180,1159,filterLoc,,
3180,1162,filterLoc,,
3180,1165,filterLoc,,
3180,1168,filterLoc,,
3180,1175,filterLoc,,
3180,1178,filterLoc,,
3180,1181,filterLoc,,
3180,1184,filterLoc,,
3180,1187,filterLoc,,
3180,1190,filterLoc,,
3180,1193,filterLoc,,
3180,1196,filterLoc,,;Evacuee;129;in triage category;G;is entering helicopter;6
3180,1199,filterLoc,,
3180,1202,filterLoc,,;Evacuee;131;in triage category;G;is entering helicopter;6
3180,1205,filterLoc,,;Evacuee;137;in triage category;G;is entering helicopter;6
3180,1208,filterLoc,,;Evacuee;138;in triage category;G;is entering helicopter;6
3180,1211,filterLoc,,
3180,1214,filterLoc,,
3180,1217,filterLoc,,
3180,1220,filterLoc,,
3180,1223,filterLoc,,
3180,1226,filterLoc,,
3180,1229,filterLoc,,
3180,1232,filterLoc,,
3180,1235,filterLoc,,
3180,1238,filterLoc,,
3180,1241,filterLoc,,
3180,1244,filterLoc,,
3180,1247,filterLoc,,
3180,1250,filterLoc,,
3180,1253,filterLoc,,
3180,1256,filterLoc,,
3180,1259,filterLoc,,
3180,1262,filterLoc,,
3180,1265,filterLoc,,
3180,1268,filterLoc,,
3180,1271,filterLoc,,
3180,1274,filterLoc,,
3180,1277,filterLoc,,
3180,1280,filterLoc,,
3180,1283,filterLoc,,
3180,1286,filterLoc,,
3180,1289,filterLoc,,
3180,1292,filterLoc,,
3180,1295,filterLoc,,
3180,1298,filterLoc,,
3180,1301,filterLoc,,
3180,1304,filterLoc,,
3180,1307,filterLoc,,
3180,1310,filterLoc,,
3180,1313,filterLoc,,
3180,1316,filterLoc,,
3180,1319,filterLoc,,
3180,1322,filterLoc,,
3180,1325,filterLoc,,
3180,1328,filterLoc,,
3180,1331,filterLoc,,
3180,1334,filterLoc,,
3180,1337,filterLoc,,
3180,1340,filterLoc,,
3180,1343,filterLoc,,
3180,1346,filterLoc,,
3180,1349,filterLoc,,
3180,1352,filterLoc,,
3180,1355,filterLoc,,
3180,1358,filterLoc,,
3180,1361,filterLoc,,
3180,1364,filterLoc,,
3180,1367,filterLoc,,
3180,1370,filterLoc,,
3180,1373,filterLoc,,
3180,1376,filterLoc,,
3180,1379,filterLoc,,
3180,1382,filterLoc,,
3180,1385,filterLoc,,
3180,1388,filterLoc,,
3180,1391,filterLoc,,
3180,1394,filterLoc,,
3180,1397,filterLoc,,
3180,1400,filterLoc,,
3180,1403,filterLoc,,
3180,1406,filterLoc,,
3180,1409,filterLoc,,
3180,1412,filterLoc,,
3180,1415,filterLoc,,
3180,1418,filterLoc,,
3180,1421,filterLoc,,
3180,1424,filterLoc,,
3180,1427,filterLoc,,
3180,1430,filterLoc,,
3180,1433,filterLoc,,
3180,1436,filterLoc,,
3180,1439,filterLoc,,
3180,1442,filterLoc,,
3180,1445,filterLoc,,
3180,1448,filterLoc,,
3180,1451,filterLoc,,
3180,1454,filterLoc,,
3180,1457,filterLoc,,
3180,1460,filterLoc,,
3180,1463,filterLoc,,
3180,1466,filterLoc,,
3180,1469,filterLoc,,
3180,1472,filterLoc,,
3180,1475,filterLoc,,
3180,1478,filterLoc,,
3180,1481,filterLoc,,
3180,1484,filterLoc,,
3180,1487,filterLoc,,
3180,1490,filterLoc,,
3180,1493,filterLoc,,
3180,1496,filterLoc,,
3180,1499,filterLoc,,
3180,1502,filterLoc,,
3180,1505,filterLoc,,
3180,1508,filterLoc,,
3180,1511,filterLoc,,
3180,1514,filterLoc,,
3180,1517,filterLoc,,
3180,1520,filterLoc,,
3180,1523,filterLoc,,
3180,1526,filterLoc,,
3180,1529,filterLoc,,
3180,711,filterLoc,out,Evacuee 128 in triage category G is assigned helicopter 6
3180,711,filterLoc,,
3180,712,evacuee,,Evacuee;128;in triage state;G;is entering helicopter;6
3180,714,filterLoc,out,Evacuee 134 in triage category G is assigned helicopter 6
3180,714,filterLoc,,
3180,715,evacuee,,Evacuee;134;in triage state;G;is entering helicopter;6
3180,909,filterLoc,out,Evacuee 150 in triage category G is assigned helicopter 6
3180,909,filterLoc,,
3180,910,evacuee,,Evacuee;150;in triage state;G;is entering helicopter;6
3180,921,filterLoc,out,Evacuee 157 in triage category G is assigned helicopter 6
3180,921,filterLoc,,
3180,922,evacuee,,Evacuee;157;in triage state;G;is entering helicopter;6
3180,996,filterLoc,out,Evacuee 154 in triage category G is assigned helicopter 6
3180,996,filterLoc,,
3180,997,evacuee,,Evacuee;154;in triage state;G;is entering helicopter;6
3180,1065,filterLoc,out,Evacuee 155 in triage category G is assigned helicopter 6
3180,1065,filterLoc,,
3180,1066,evacuee,,Evacuee;155;in triage state;G;is entering helicopter;6
3180,1196,filterLoc,out,Evacuee 129 in triage category G is assigned helicopter 6
3180,1196,filterLoc,,
3180,1197,evacuee,,Evacuee;129;in triage state;G;is entering helicopter;6
3180,1202,filterLoc,out,Evacuee 131 in triage category G is assigned helicopter 6
3180,1202,filterLoc,,
3180,1203,evacuee,,Evacuee;131;in triage state;G;is entering helicopter;6
3180,1205,filterLoc,out,Evacuee 137 in triage category G is assigned helicopter 6
3180,1205,filterLoc,,
3180,1206,evacuee,,Evacuee;137;in triage state;G;is entering helicopter;6
3180,1208,filterLoc,out,Evacuee 138 in triage category G is assigned helicopter 6
3180,1208,filterLoc,,
3180,1209,evacuee,,Evacuee;138;in triage state;G;is entering helicopter;6
3180,7,filterEvac,,;Evacuee;128;in triage category;G;is entering helicopter;6;Evacuee;129;in triage category;G;is entering helicopter;6;Evacuee;131;in triage category;G;is entering helicopter;6;Evacuee;134;in triage category;G;is entering helicopter;6;Evacuee;137;in triage category;G;is entering helicopter;6;Evacuee;138;in triage category;G;is entering helicopter;6;Evacuee;150;in triage category;G;is entering helicopter;6;Evacuee;154;in triage category;G;is entering helicopter;6;Evacuee;155;in triage category;G;is entering helicopter;6;Evacuee;157;in triage category;G;is entering helicopter;6
3180,107,filterEvac,,
3180,292,filterEvac,,
3180,572,filterEvac,,
3180,712,evacuee,outHelo,Evacuee 128 in triage category G is assigned helicopter 6
3180,712,evacuee,,Evacuee;128;in triage state;G;is in helicopter;6
3180,715,evacuee,outHelo,Evacuee 134 in triage category G is assigned helicopter 6
3180,715,evacuee,,Evacuee;134;in triage state;G;is in helicopter;6
3180,910,evacuee,outHelo,Evacuee 150 in triage category G is assigned helicopter 6
3180,910,evacuee,,Evacuee;150;in triage state;G;is in helicopter;6
3180,922,evacuee,outHelo,Evacuee 157 in triage category G is assigned helicopter 6
3180,922,evacuee,,Evacuee;157;in triage state;G;is in helicopter;6
3180,997,evacuee,outHelo,Evacuee 154 in triage category G is assigned helicopter 6
3180,997,evacuee,,Evacuee;154;in triage state;G;is in helicopter;6
3180,1066,evacuee,outHelo,Evacuee 155 in triage category G is assigned helicopter 6
3180,1066,evacuee,,Evacuee;155;in triage state;G;is in helicopter;6
3180,1131,filterEvac,,
3180,1171,filterEvac,,
3180,1197,evacuee,outHelo,Evacuee 129 in triage category G is assigned helicopter 6
3180,1197,evacuee,,Evacuee;129;in triage state;G;is in helicopter;6
3180,1203,evacuee,outHelo,Evacuee 131 in triage category G is assigned helicopter 6
3180,1203,evacuee,,Evacuee;131;in triage state;G;is in helicopter;6
3180,1206,evacuee,outHelo,Evacuee 137 in triage category G is assigned helicopter 6
3180,1206,evacuee,,Evacuee;137;in triage state;G;is in helicopter;6
3180,1209,evacuee,outHelo,Evacuee 138 in triage category G is assigned helicopter 6
3180,1209,evacuee,,Evacuee;138;in triage state;G;is in helicopter;6
3180,7,filterEvac,out,Evacuee 128 in triage category G is assigned helicopter 6
3180,7,filterEvac,out,Evacuee 129 in triage category G is assigned helicopter 6
3180,7,filterEvac,out,Evacuee 131 in triage category G is assigned helicopter 6
3180,7,filterEvac,out,Evacuee 134 in triage category G is assigned helicopter 6
3180,7,filterEvac,out,Evacuee 137 in triage category G is assigned helicopter 6
3180,7,filterEvac,out,Evacuee 138 in triage category G is assigned helicopter 6
3180,7,filterEvac,out,Evacuee 150 in triage category G is assigned helicopter 6
3180,7,filterEvac,out,Evacuee 154 in triage category G is assigned helicopter 6
3180,7,filterEvac,out,Evacuee 155 in triage category G is assigned helicopter 6
3180,7,filterEvac,out,Evacuee 157 in triage category G is assigned helicopter 6
3180,7,filterEvac,,
3180,9,helicopter,,Helicopter;6;is loading people at the evacuation site;;and has;10;spots taken
3182.01,3,evacueeManager,,OFF SHIP: White;0;Green;91;Yellow;33;Red;7;Black;309;ON SHIP: White;0;Green;0;Yellow;0;Red;0;Evacuees to Transfer;
3182.01,272,evacuee,outES,Evacuee 341 in triage category R is not assigned a helicopter
3182.01,272,evacuee,,Evacuee;341;in triage state;B;is at the evacuation site
3182.75,3,evacueeManager,,OFF SHIP: White;0;Green;91;Yellow;32;Red;8;Black;309;ON SHIP: White;0;Green;0;Yellow;0;Red;0;Evacuees to Transfer;
3182.75,1395,evacuee,outES,Evacuee 202 in triage category Y is not assigned a helicopter
3182.75,1395,evacuee,,Evacuee;202;in triage state;R;is at the evacuation site
3190.65,3,evacueeManager,,OFF SHIP: White;0;Green;91;Yellow;31;Red;9;Black;309;ON SHIP: White;0;Green;0;Yellow;0;Red;0;Evacuees to Transfer;
3190.65,546,evacuee,outES,Evacuee 188 in triage category Y is not assigned a helicopter
3190.65,546,evacuee,,Evacuee;188;in triage state;R;is at the evacuation site
3190.85,3,evacueeManager,,OFF SHIP: White;0;Green;91;Yellow;30;Red;10;Black;309;ON SHIP: White;0;Green;0;Yellow;0;Red;0;Evacuees to Transfer;
3190.85,414,evacuee,outES,Evacuee 280 in triage category Y is not assigned a helicopter
3190.85,414,evacuee,,Evacuee;280;in triage state;R;is at the evacuation site
3195,4,helipadManager,outHelo,Helicopter 6 is evacuating people6
3195,4,helipadManager,,;No helos are at ES
3195,8,filterES,,Helicopter;6;is evacuating people
3195,108,filterES,,
3195,293,filterES,,
3195,573,filterES,,
3195,1132,filterES,,
3195,1172,filterES,,
3195,4,helipadManager,outHQ,0
3195,4,helipadManager,,;No helos are at ES
3195,5,helicopterQueue,,;No helos are waiting to land
3195,8,filterES,out,Helicopter 6 is evacuating people6
3195,8,filterES,,
3195,9,helicopter,,Helicopter;6;is loading people at the evacuation site;;and has;10;spots taken
3195,5,helicopterQueue,,;No helos are waiting to land
3195,9,helicopter,,Helicopter;6;is returning to the FOL;;and has;10;spots taken
3202.57,3,evacueeManager,,OFF SHIP: White;0;Green;91;Yellow;29;Red;11;Black;309;ON SHIP: White;0;Green;0;Yellow;0;Red;0;Evacuees to Transfer;
3202.57,763,evacuee,outES,Evacuee 33 in triage category Y is not assigned a helicopter
3202.57,763,evacuee,,Evacuee;33;in triage state;R;is at the evacuation site
3208.05,3,evacueeManager,,OFF SHIP: White;0;Green;91;Yellow;29;Red;10;Black;310;ON SHIP: White;0;Green;0;Yellow;0;Red;0;Evacuees to Transfer;
3208.05,546,evacuee,outES,Evacuee 188 in triage category R is not assigned a helicopter
3208.05,546,evacuee,,Evacuee;188;in triage state;B;is at the evacuation site
3210,5,helicopterQueue,,1;Helos are waiting to land;HeloID;1
3210,1173,helicopter,outES,Helicopter 1 is evacuating people1
3210,1173,helicopter,,Helicopter;1;is waiting to land at the evacuation site;;and has;0;spots taken
3210,4,helipadManager,,;No helos are at ES
3210,5,helicopterQueue,outHM,Helicopter 1 is evacuating people1
3210,5,helicopterQueue,outHelo,Helicopter 1 is evacuating people1
3210,5,helicopterQueue,,;No helos are waiting to land
3210,8,filterES,,
3210,108,filterES,,
3210,293,filterES,,
3210,573,filterES,,
3210,1132,filterES,,
3210,1172,filterES,,Helicopter;1;is evacuating people
3210,3,evacueeManager,,OFF SHIP: White;0;Green;81;Yellow;29;Red;10;Black;310;ON SHIP: White;0;Green;0;Yellow;0;Red;0;Evacuees to Transfer;;EvacueeID;160;HeloID;1;OnShip;0;Triage Status;G;EvacueeID;162;HeloID;1;OnShip;0;Triage Status;G;EvacueeID;163;HeloID;1;OnShip;0;Triage Status;G;EvacueeID;166;HeloID;1;OnShip;0;Triage Status;G;EvacueeID;173;HeloID;1;OnShip;0;Triage Status;G;EvacueeID;180;HeloID;1;OnShip;0;Triage Status;G;EvacueeID;181;HeloID;1;OnShip;0;Triage Status;G;EvacueeID;182;HeloID;1;OnShip;0;Triage Status;G;EvacueeID;183;HeloID;1;OnShip;0;Triage Status;G;EvacueeID;184;HeloID;1;OnShip;0;Triage Status;G
3210,4,helipadManager,outEM,Helicopter 1 is evacuating people1
3210,4,helipadManager,,Helo;1;is at the ES
3210,1172,filterES,out,Helicopter 1 is evacuating people1
3210,1172,filterES,,
3210,1173,helicopter,,Helicopter;1;is waiting to land at the evacuation site;;and has;0;spots taken
3210,3,evacueeManager,outEvac,Evacuee 160 in triage category G is assigned helicopter 1
3210,3,evacueeManager,outEvac,Evacuee 162 in triage category G is assigned helicopter 1
3210,3,evacueeManager,outEvac,Evacuee 163 in triage category G is assigned helicopter 1
3210,3,evacueeManager,outEvac,Evacuee 166 in triage category G is assigned helicopter 1
3210,3,evacueeManager,outEvac,Evacuee 173 in triage category G is assigned helicopter 1
3210,3,evacueeManager,outEvac,Evacuee 180 in triage category G is assigned helicopter 1
3210,3,evacueeManager,outEvac,Evacuee 181 in triage category G is assigned helicopter 1
3210,3,evacueeManager,outEvac,Evacuee 182 in triage category G is assigned helicopter 1
3210,3,evacueeManager,outEvac,Evacuee 183 in triage category G is assigned helicopter 1
3210,3,evacueeManager,outEvac,Evacuee 184 in triage category G is assigned helicopter 1
3210,3,evacueeManager,,OFF SHIP: White;0;Green;81;Yellow;29;Red;10;Black;310;ON SHIP: White;0;Green;0;Yellow;0;Red;0;Evacuees to Transfer;
3210,11,filterLoc,,
3210,14,filterLoc,,
3210,17,filterLoc,,
3210,20,filterLoc,,
3210,23,filterLoc,,
3210,26,filterLoc,,
3210,29,filterLoc,,
3210,32,filterLoc,,
3210,35,filterLoc,,
3210,38,filterLoc,,
3210,41,filterLoc,,
3210,44,filterLoc,,
3210,47,filterLoc,,
3210,50,filterLoc,,
3210,53,filterLoc,,
3210,56,filterLoc,,
3210,59,filterLoc,,
3210,62,filterLoc,,
3210,65,filterLoc,,
3210,68,filterLoc,,
3210,71,filterLoc,,
3210,74,filterLoc,,
3210,77,filterLoc,,
3210,80,filterLoc,,
3210,83,filterLoc,,
3210,86,filterLoc,,
3210,89,filterLoc,,
3210,92,filterLoc,,
3210,95,filterLoc,,
3210,98,filterLoc,,
3210,101,filterLoc,,
3210,104,filterLoc,,
3210,111,filterLoc,,
3210,114,filterLoc,,
3210,117,filterLoc,,
3210,120,filterLoc,,
3210,123,filterLoc,,
3210,126,filterLoc,,
3210,129,filterLoc,,
3210,132,filterLoc,,
3210,135,filterLoc,,
3210,138,filterLoc,,
3210,141,filterLoc,,
3210,144,filterLoc,,
3210,147,filterLoc,,
3210,150,filterLoc,,
3210,153,filterLoc,,
3210,156,filterLoc,,
3210,159,filterLoc,,
3210,162,filterLoc,,
3210,165,filterLoc,,
3210,168,filterLoc,,
3210,171,filterLoc,,
3210,174,filterLoc,,
3210,177,filterLoc,,
3210,180,filterLoc,,
3210,183,filterLoc,,
3210,186,filterLoc,,
3210,189,filterLoc,,
3210,192,filterLoc,,
3210,195,filterLoc,,
3210,198,filterLoc,,
3210,201,filterLoc,,
3210,204,filterLoc,,
3210,207,filterLoc,,
3210,210,filterLoc,,
3210,213,filterLoc,,
3210,216,filterLoc,,
3210,219,filterLoc,,
3210,222,filterLoc,,
3210,225,filterLoc,,
3210,229,filterLoc,,
3210,232,filterLoc,,
3210,235,filterLoc,,
3210,238,filterLoc,,
3210,241,filterLoc,,
3210,244,filterLoc,,
3210,247,filterLoc,,
3210,250,filterLoc,,
3210,253,filterLoc,,
3210,256,filterLoc,,
3210,259,filterLoc,,
3210,262,filterLoc,,
3210,265,filterLoc,,
3210,268,filterLoc,,
3210,271,filterLoc,,
3210,274,filterLoc,,
3210,277,filterLoc,,
3210,280,filterLoc,,
3210,283,filterLoc,,
3210,286,filterLoc,,
3210,289,filterLoc,,
3210,296,filterLoc,,
3210,299,filterLoc,,
3210,302,filterLoc,,
3210,305,filterLoc,,
3210,308,filterLoc,,
3210,311,filterLoc,,
3210,314,filterLoc,,
3210,317,filterLoc,,
3210,320,filterLoc,,
3210,323,filterLoc,,
3210,326,filterLoc,,
3210,329,filterLoc,,
3210,332,filterLoc,,
3210,335,filterLoc,,
3210,338,filterLoc,,
3210,341,filterLoc,,
3210,344,filterLoc,,
3210,347,filterLoc,,
3210,350,filterLoc,,
3210,353,filterLoc,,
3210,356,filterLoc,,
3210,359,filterLoc,,
3210,362,filterLoc,,
3210,365,filterLoc,,
3210,368,filterLoc,,
3210,371,filterLoc,,
3210,374,filterLoc,,
3210,377,filterLoc,,
3210,380,filterLoc,,
3210,383,filterLoc,,
3210,386,filterLoc,,
3210,389,filterLoc,,
3210,392,filterLoc,,
3210,395,filterLoc,,
3210,398,filterLoc,,
3210,401,filterLoc,,
3210,404,filterLoc,,
3210,407,filterLoc,,
3210,410,filterLoc,,
3210,413,filterLoc,,
3210,416,filterLoc,,
3210,419,filterLoc,,
3210,422,filterLoc,,
3210,425,filterLoc,,
3210,428,filterLoc,,
3210,431,filterLoc,,
3210,434,filterLoc,,
3210,437,filterLoc,,
3210,440,filterLoc,,
3210,443,filterLoc,,
3210,446,filterLoc,,
3210,449,filterLoc,,
3210,452,filterLoc,,
3210,455,filterLoc,,
3210,458,filterLoc,,
3210,461,filterLoc,,
3210,464,filterLoc,,
3210,467,filterLoc,,
3210,470,filterLoc,,
3210,473,filterLoc,,
3210,476,filterLoc,,
3210,479,filterLoc,,
3210,482,filterLoc,,
3210,485,filterLoc,,
3210,488,filterLoc,,
3210,491,filterLoc,,
3210,494,filterLoc,,
3210,497,filterLoc,,
3210,500,filterLoc,,
3210,503,filterLoc,,
3210,506,filterLoc,,
3210,509,filterLoc,,
3210,512,filterLoc,,
3210,515,filterLoc,,
3210,518,filterLoc,,
3210,521,filterLoc,,
3210,524,filterLoc,,
3210,527,filterLoc,,
3210,530,filterLoc,,
3210,533,filterLoc,,
3210,536,filterLoc,,
3210,539,filterLoc,,
3210,542,filterLoc,,
3210,545,filterLoc,,
3210,548,filterLoc,,
3210,551,filterLoc,,
3210,554,filterLoc,,
3210,557,filterLoc,,
3210,560,filterLoc,,
3210,563,filterLoc,,
3210,566,filterLoc,,
3210,569,filterLoc,,
3210,576,filterLoc,,
3210,579,filterLoc,,
3210,582,filterLoc,,
3210,585,filterLoc,,
3210,588,filterLoc,,
3210,591,filterLoc,,
3210,594,filterLoc,,
3210,597,filterLoc,,
3210,600,filterLoc,,
3210,603,filterLoc,,
3210,606,filterLoc,,
3210,609,filterLoc,,
3210,612,filterLoc,,
3210,615,filterLoc,,
3210,618,filterLoc,,
3210,621,filterLoc,,
3210,624,filterLoc,,
3210,627,filterLoc,,
3210,630,filterLoc,,
3210,633,filterLoc,,
3210,636,filterLoc,,
3210,639,filterLoc,,
3210,642,filterLoc,,
3210,645,filterLoc,,
3210,648,filterLoc,,
3210,651,filterLoc,,
3210,654,filterLoc,,
3210,657,filterLoc,,
3210,660,filterLoc,,
3210,663,filterLoc,,
3210,666,filterLoc,,
3210,669,filterLoc,,
3210,672,filterLoc,,
3210,675,filterLoc,,
3210,678,filterLoc,,
3210,681,filterLoc,,
3210,684,filterLoc,,
3210,687,filterLoc,,
3210,690,filterLoc,,
3210,693,filterLoc,,
3210,696,filterLoc,,
3210,699,filterLoc,,
3210,702,filterLoc,,
3210,705,filterLoc,,
3210,708,filterLoc,,
3210,711,filterLoc,,
3210,714,filterLoc,,
3210,717,filterLoc,,
3210,720,filterLoc,,
3210,723,filterLoc,,
3210,726,filterLoc,,
3210,729,filterLoc,,
3210,732,filterLoc,,
3210,735,filterLoc,,
3210,738,filterLoc,,
3210,741,filterLoc,,
3210,744,filterLoc,,
3210,747,filterLoc,,
3210,750,filterLoc,,
3210,753,filterLoc,,
3210,756,filterLoc,,
3210,759,filterLoc,,
3210,762,filterLoc,,
3210,765,filterLoc,,
3210,768,filterLoc,,
3210,771,filterLoc,,
3210,774,filterLoc,,
3210,777,filterLoc,,
3210,780,filterLoc,,
3210,783,filterLoc,,
3210,786,filterLoc,,
3210,789,filterLoc,,
3210,792,filterLoc,,
3210,795,filterLoc,,
3210,798,filterLoc,,
3210,801,filterLoc,,
3210,804,filterLoc,,
3210,807,filterLoc,,
3210,810,filterLoc,,
3210,813,filterLoc,,
3210,816,filterLoc,,
3210,819,filterLoc,,
3210,822,filterLoc,,
3210,825,filterLoc,,
3210,828,filterLoc,,
3210,831,filterLoc,,
3210,834,filterLoc,,
3210,837,filterLoc,,
3210,840,filterLoc,,
3210,843,filterLoc,,
3210,846,filterLoc,,
3210,849,filterLoc,,
3210,852,filterLoc,,
3210,855,filterLoc,,
3210,858,filterLoc,,
3210,861,filterLoc,,
3210,864,filterLoc,,
3210,867,filterLoc,,
3210,870,filterLoc,,
3210,873,filterLoc,,
3210,876,filterLoc,,
3210,879,filterLoc,,
3210,882,filterLoc,,
3210,885,filterLoc,,
3210,888,filterLoc,,
3210,891,filterLoc,,
3210,894,filterLoc,,
3210,897,filterLoc,,
3210,900,filterLoc,,
3210,903,filterLoc,,
3210,906,filterLoc,,
3210,909,filterLoc,,
3210,912,filterLoc,,
3210,915,filterLoc,,
3210,918,filterLoc,,;Evacuee;173;in triage category;G;is entering helicopter;1
3210,921,filterLoc,,
3210,924,filterLoc,,
3210,927,filterLoc,,
3210,930,filterLoc,,
3210,933,filterLoc,,
3210,936,filterLoc,,
3210,939,filterLoc,,
3210,942,filterLoc,,
3210,945,filterLoc,,
3210,948,filterLoc,,
3210,951,filterLoc,,
3210,954,filterLoc,,
3210,957,filterLoc,,
3210,960,filterLoc,,
3210,963,filterLoc,,
3210,966,filterLoc,,
3210,969,filterLoc,,
3210,972,filterLoc,,
3210,975,filterLoc,,
3210,978,filterLoc,,
3210,981,filterLoc,,
3210,984,filterLoc,,
3210,987,filterLoc,,
3210,990,filterLoc,,
3210,993,filterLoc,,
3210,996,filterLoc,,
3210,999,filterLoc,,
3210,1002,filterLoc,,
3210,1005,filterLoc,,
3210,1008,filterLoc,,
3210,1011,filterLoc,,
3210,1014,filterLoc,,
3210,1017,filterLoc,,
3210,1020,filterLoc,,
3210,1023,filterLoc,,
3210,1026,filterLoc,,
3210,1029,filterLoc,,
3210,1032,filterLoc,,
3210,1035,filterLoc,,
3210,1038,filterLoc,,
3210,1041,filterLoc,,
3210,1044,filterLoc,,
3210,1047,filterLoc,,
3210,1050,filterLoc,,
3210,1053,filterLoc,,
3210,1056,filterLoc,,;Evacuee;160;in triage category;G;is entering helicopter;1
3210,1059,filterLoc,,
3210,1062,filterLoc,,
3210,1065,filterLoc,,
3210,1068,filterLoc,,
3210,1071,filterLoc,,
3210,1074,filterLoc,,
3210,1077,filterLoc,,
3210,1080,filterLoc,,
3210,1083,filterLoc,,
3210,1086,filterLoc,,
3210,1089,filterLoc,,
3210,1092,filterLoc,,
3210,1095,filterLoc,,
3210,1098,filterLoc,,
3210,1101,filterLoc,,
3210,1104,filterLoc,,
3210,1107,filterLoc,,
3210,1110,filterLoc,,
3210,1113,filterLoc,,
3210,1116,filterLoc,,
3210,1119,filterLoc,,;Evacuee;182;in triage category;G;is entering helicopter;1
3210,1122,filterLoc,,
3210,1125,filterLoc,,
3210,1128,filterLoc,,
3210,1135,filterLoc,,
3210,1138,filterLoc,,
3210,1141,filterLoc,,
3210,1144,filterLoc,,
3210,1147,filterLoc,,
3210,1150,filterLoc,,
3210,1153,filterLoc,,
3210,1156,filterLoc,,
3210,1159,filterLoc,,
3210,1162,filterLoc,,
3210,1165,filterLoc,,
3210,1168,filterLoc,,
3210,1173,helicopter,,Helicopter;1;is loading people at the evacuation site;;and has;0;spots taken
3210,1175,filterLoc,,
3210,1178,filterLoc,,
3210,1181,filterLoc,,
3210,1184,filterLoc,,
3210,1187,filterLoc,,
3210,1190,filterLoc,,;Evacuee;181;in triage category;G;is entering helicopter;1
3210,1193,filterLoc,,
3210,1196,filterLoc,,
3210,1199,filterLoc,,
3210,1202,filterLoc,,
3210,1205,filterLoc,,
3210,1208,filterLoc,,
3210,1211,filterLoc,,
3210,1214,filterLoc,,
3210,1217,filterLoc,,
3210,1220,filterLoc,,
3210,1223,filterLoc,,
3210,1226,filterLoc,,
3210,1229,filterLoc,,
3210,1232,filterLoc,,
3210,1235,filterLoc,,
3210,1238,filterLoc,,
3210,1241,filterLoc,,
3210,1244,filterLoc,,
3210,1247,filterLoc,,
3210,1250,filterLoc,,
3210,1253,filterLoc,,
3210,1256,filterLoc,,
3210,1259,filterLoc,,
3210,1262,filterLoc,,
3210,1265,filterLoc,,
3210,1268,filterLoc,,;Evacuee;162;in triage category;G;is entering helicopter;1
3210,1271,filterLoc,,;Evacuee;163;in triage category;G;is entering helicopter;1
3210,1274,filterLoc,,;Evacuee;166;in triage category;G;is entering helicopter;1
3210,1277,filterLoc,,
3210,1280,filterLoc,,
3210,1283,filterLoc,,
3210,1286,filterLoc,,
3210,1289,filterLoc,,
3210,1292,filterLoc,,
3210,1295,filterLoc,,
3210,1298,filterLoc,,
3210,1301,filterLoc,,
3210,1304,filterLoc,,
3210,1307,filterLoc,,
3210,1310,filterLoc,,
3210,1313,filterLoc,,
3210,1316,filterLoc,,
3210,1319,filterLoc,,
3210,1322,filterLoc,,
3210,1325,filterLoc,,
3210,1328,filterLoc,,
3210,1331,filterLoc,,
3210,1334,filterLoc,,;Evacuee;183;in triage category;G;is entering helicopter;1
3210,1337,filterLoc,,;Evacuee;184;in triage category;G;is entering helicopter;1
3210,1340,filterLoc,,
3210,1343,filterLoc,,
3210,1346,filterLoc,,
3210,1349,filterLoc,,
3210,1352,filterLoc,,
3210,1355,filterLoc,,
3210,1358,filterLoc,,
3210,1361,filterLoc,,
3210,1364,filterLoc,,
3210,1367,filterLoc,,
3210,1370,filterLoc,,
3210,1373,filterLoc,,
3210,1376,filterLoc,,
3210,1379,filterLoc,,
3210,1382,filterLoc,,
3210,1385,filterLoc,,
3210,1388,filterLoc,,
3210,1391,filterLoc,,
3210,1394,filterLoc,,
3210,1397,filterLoc,,
3210,1400,filterLoc,,
3210,1403,filterLoc,,
3210,1406,filterLoc,,
3210,1409,filterLoc,,
3210,1412,filterLoc,,;Evacuee;180;in triage category;G;is entering helicopter;1
3210,1415,filterLoc,,
3210,1418,filterLoc,,
3210,1421,filterLoc,,
3210,1424,filterLoc,,
3210,1427,filterLoc,,
3210,1430,filterLoc,,
3210,1433,filterLoc,,
3210,1436,filterLoc,,
3210,1439,filterLoc,,
3210,1442,filterLoc,,
3210,1445,filterLoc,,
3210,1448,filterLoc,,
3210,1451,filterLoc,,
3210,1454,filterLoc,,
3210,1457,filterLoc,,
3210,1460,filterLoc,,
3210,1463,filterLoc,,
3210,1466,filterLoc,,
3210,1469,filterLoc,,
3210,1472,filterLoc,,
3210,1475,filterLoc,,
3210,1478,filterLoc,,
3210,1481,filterLoc,,
3210,1484,filterLoc,,
3210,1487,filterLoc,,
3210,1490,filterLoc,,
3210,1493,filterLoc,,
3210,1496,filterLoc,,
3210,1499,filterLoc,,
3210,1502,filterLoc,,
3210,1505,filterLoc,,
3210,1508,filterLoc,,
3210,1511,filterLoc,,
3210,1514,filterLoc,,
3210,1517,filterLoc,,
3210,1520,filterLoc,,
3210,1523,filterLoc,,
3210,1526,filterLoc,,
3210,1529,filterLoc,,
3210,918,filterLoc,out,Evacuee 173 in triage category G is assigned helicopter 1
3210,918,filterLoc,,
3210,919,evacuee,,Evacuee;173;in triage state;G;is entering helicopter;1
3210,1056,filterLoc,out,Evacuee 160 in triage category G is assigned helicopter 1
3210,1056,filterLoc,,
3210,1057,evacuee,,Evacuee;160;in triage state;G;is entering helicopter;1
3210,1119,filterLoc,out,Evacuee 182 in triage category G is assigned helicopter 1
3210,1119,filterLoc,,
3210,1120,evacuee,,Evacuee;182;in triage state;G;is entering helicopter;1
3210,1190,filterLoc,out,Evacuee 181 in triage category G is assigned helicopter 1
3210,1190,filterLoc,,
3210,1191,evacuee,,Evacuee;181;in triage state;G;is entering helicopter;1
3210,1268,filterLoc,out,Evacuee 162 in triage category G is assigned helicopter 1
3210,1268,filterLoc,,
3210,1269,evacuee,,Evacuee;162;in triage state;G;is entering helicopter;1
3210,1271,filterLoc,out,Evacuee 163 in triage category G is assigned helicopter 1
3210,1271,filterLoc,,
3210,1272,evacuee,,Evacuee;163;in triage state;G;is entering helicopter;1
3210,1274,filterLoc,out,Evacuee 166 in triage category G is assigned helicopter 1
3210,1274,filterLoc,,
3210,1275,evacuee,,Evacuee;166;in triage state;G;is entering helicopter;1
3210,1334,filterLoc,out,Evacuee 183 in triage category G is assigned helicopter 1
3210,1334,filterLoc,,
3210,1335,evacuee,,Evacuee;183;in triage state;G;is entering helicopter;1
3210,1337,filterLoc,out,Evacuee 184 in triage category G is assigned helicopter 1
3210,1337,filterLoc,,
3210,1338,evacuee,,Evacuee;184;in triage state;G;is entering helicopter;1
3210,1412,filterLoc,out,Evacuee 180 in triage category G is assigned helicopter 1
3210,1412,filterLoc,,
3210,1413,evacuee,,Evacuee;180;in triage state;G;is entering helicopter;1
3210,7,filterEvac,,
3210,107,filterEvac,,
3210,292,filterEvac,,
3210,572,filterEvac,,
3210,919,evacuee,outHelo,Evacuee 173 in triage category G is assigned helicopter 1
3210,919,evacuee,,Evacuee;173;in triage state;G;is in helicopter;1
3210,1057,evacuee,outHelo,Evacuee 160 in triage category G is assigned helicopter 1
3210,1057,evacuee,,Evacuee;160;in triage state;G;is in helicopter;1
3210,1120,evacuee,outHelo,Evacuee 182 in triage category G is assigned helicopter 1
3210,1120,evacuee,,Evacuee;182;in triage state;G;is in helicopter;1
3210,1131,filterEvac,,
3210,1171,filterEvac,,;Evacuee;160;in triage category;G;is entering helicopter;1;Evacuee;162;in triage category;G;is entering helicopter;1;Evacuee;163;in triage category;G;is entering helicopter;1;Evacuee;166;in triage category;G;is entering helicopter;1;Evacuee;173;in triage category;G;is entering helicopter;1;Evacuee;180;in triage category;G;is entering helicopter;1;Evacuee;181;in triage category;G;is entering helicopter;1;Evacuee;182;in triage category;G;is entering helicopter;1;Evacuee;183;in triage category;G;is entering helicopter;1;Evacuee;184;in triage category;G;is entering helicopter;1
3210,1191,evacuee,outHelo,Evacuee 181 in triage category G is assigned helicopter 1
3210,1191,evacuee,,Evacuee;181;in triage state;G;is in helicopter;1
3210,1269,evacuee,outHelo,Evacuee 162 in triage category G is assigned helicopter 1
3210,1269,evacuee,,Evacuee;162;in triage state;G;is in helicopter;1
3210,1272,evacuee,outHelo,Evacuee 163 in triage category G is assigned helicopter 1
3210,1272,evacuee,,Evacuee;163;in triage state;G;is in helicopter;1
3210,1275,evacuee,outHelo,Evacuee 166 in triage category G is assigned helicopter 1
3210,1275,evacuee,,Evacuee;166;in triage state;G;is in helicopter;1
3210,1335,evacuee,outHelo,Evacuee 183 in triage category G is assigned helicopter 1
3210,1335,evacuee,,Evacuee;183;in triage state;G;is in helicopter;1
3210,1338,evacuee,outHelo,Evacuee 184 in triage category G is assigned helicopter 1
3210,1338,evacuee,,Evacuee;184;in triage state;G;is in helicopter;1
3210,1413,evacuee,outHelo,Evacuee 180 in triage category G is assigned helicopter 1
3210,1413,evacuee,,Evacuee;180;in triage state;G;is in helicopter;1
3210,1171,filterEvac,out,Evacuee 160 in triage category G is assigned helicopter 1
3210,1171,filterEvac,out,Evacuee 162 in triage category G is assigned helicopter 1
3210,1171,filterEvac,out,Evacuee 163 in triage category G is assigned helicopter 1
3210,1171,filterEvac,out,Evacuee 166 in triage category G is assigned helicopter 1
3210,1171,filterEvac,out,Evacuee 173 in triage category G is assigned helicopter 1
3210,1171,filterEvac,out,Evacuee 180 in triage category G is assigned helicopter 1
3210,1171,filterEvac,out,Evacuee 181 in triage category G is assigned helicopter 1
3210,1171,filterEvac,out,Evacuee 182 in triage category G is assigned helicopter 1
3210,1171,filterEvac,out,Evacuee 183 in triage category G is assigned helicopter 1
3210,1171,filterEvac,out,Evacuee 184 in triage category G is assigned helicopter 1
3210,1171,filterEvac,,
3210,1173,helicopter,,Helicopter;1;is loading people at the evacuation site;;and has;10;spots taken
3210.98,3,evacueeManager,,OFF SHIP: White;0;Green;81;Yellow;28;Red;11;Black;310;ON SHIP: White;0;Green;0;Yellow;0;Red;0;Evacuees to Transfer;
3210.98,1464,evacuee,outES,Evacuee 464 in triage category Y is not assigned a helicopter
3210.98,1464,evacuee,,Evacuee;464;in triage state;R;is at the evacuation site
3211.4,3,evacueeManager,,OFF SHIP: White;0;Green;81;Yellow;28;Red;10;Black;311;ON SHIP: White;0;Green;0;Yellow;0;Red;0;Evacuees to Transfer;
3211.4,622,evacuee,outES,Evacuee 136 in triage category R is not assigned a helicopter
3211.4,622,evacuee,,Evacuee;136;in triage state;B;is at the evacuation site
3216.48,3,evacueeManager,,OFF SHIP: White;0;Green;81;Yellow;27;Red;11;Black;311;ON SHIP: White;0;Green;0;Yellow;0;Red;0;Evacuees to Transfer;
3216.48,1386,evacuee,outES,Evacuee 329 in triage category Y is not assigned a helicopter
3216.48,1386,evacuee,,Evacuee;329;in triage state;R;is at the evacuation site
3221.64,3,evacueeManager,,OFF SHIP: White;0;Green;81;Yellow;26;Red;12;Black;311;ON SHIP: White;0;Green;0;Yellow;0;Red;0;Evacuees to Transfer;
3221.64,832,evacuee,outES,Evacuee 71 in triage category Y is not assigned a helicopter
3221.64,832,evacuee,,Evacuee;71;in triage state;R;is at the evacuation site
3225,4,helipadManager,outHelo,Helicopter 1 is evacuating people1
3225,4,helipadManager,,;No helos are at ES
3225,8,filterES,,
3225,11,filterLoc,,
3225,14,filterLoc,,
3225,17,filterLoc,,
3225,20,filterLoc,,
3225,23,filterLoc,,
3225,26,filterLoc,,
3225,29,filterLoc,,
3225,32,filterLoc,,
3225,35,filterLoc,,
3225,38,filterLoc,,
3225,41,filterLoc,,
3225,44,filterLoc,,
3225,47,filterLoc,,
3225,50,filterLoc,,
3225,53,filterLoc,,
3225,56,filterLoc,,
3225,59,filterLoc,,
3225,62,filterLoc,,
3225,65,filterLoc,,
3225,68,filterLoc,,
3225,71,filterLoc,,
3225,74,filterLoc,,
3225,77,filterLoc,,
3225,80,filterLoc,,
3225,83,filterLoc,,
3225,86,filterLoc,,
3225,89,filterLoc,,
3225,92,filterLoc,,
3225,95,filterLoc,,
3225,98,filterLoc,,
3225,101,filterLoc,,
3225,104,filterLoc,,
3225,108,filterES,,
3225,111,filterLoc,,
3225,114,filterLoc,,
3225,117,filterLoc,,
3225,120,filterLoc,,
3225,123,filterLoc,,
3225,126,filterLoc,,
3225,129,filterLoc,,
3225,132,filterLoc,,
3225,135,filterLoc,,
3225,138,filterLoc,,
3225,141,filterLoc,,
3225,144,filterLoc,,
3225,147,filterLoc,,
3225,150,filterLoc,,
3225,153,filterLoc,,
3225,156,filterLoc,,
3225,159,filterLoc,,
3225,162,filterLoc,,
3225,165,filterLoc,,
3225,168,filterLoc,,
3225,171,filterLoc,,
3225,174,filterLoc,,
3225,177,filterLoc,,
3225,180,filterLoc,,
3225,183,filterLoc,,
3225,186,filterLoc,,
3225,189,filterLoc,,
3225,192,filterLoc,,
3225,195,filterLoc,,
3225,198,filterLoc,,
3225,201,filterLoc,,
3225,204,filterLoc,,
3225,207,filterLoc,,
3225,210,filterLoc,,
3225,213,filterLoc,,
3225,216,filterLoc,,
3225,219,filterLoc,,
3225,222,filterLoc,,
3225,225,filterLoc,,
3225,229,filterLoc,,
3225,232,filterLoc,,
3225,235,filterLoc,,
3225,238,filterLoc,,
3225,241,filterLoc,,
3225,244,filterLoc,,
3225,247,filterLoc,,
3225,250,filterLoc,,
3225,253,filterLoc,,
3225,256,filterLoc,,
3225,259,filterLoc,,
3225,262,filterLoc,,
3225,265,filterLoc,,
3225,268,filterLoc,,
3225,271,filterLoc,,
3225,274,filterLoc,,
3225,277,filterLoc,,
3225,280,filterLoc,,
3225,283,filterLoc,,
3225,286,filterLoc,,
3225,289,filterLoc,,
3225,293,filterES,,
3225,294,helicopter,outEvac,Evacuee 87 in triage category G is not assigned a helicopter
3225,294,helicopter,outEvac,Evacuee 89 in triage category G is not assigned a helicopter
3225,294,helicopter,outEvac,Evacuee 90 in triage category G is not assigned a helicopter
3225,294,helicopter,outEvac,Evacuee 92 in triage category G is not assigned a helicopter
3225,294,helicopter,outEvac,Evacuee 94 in triage category G is not assigned a helicopter
3225,294,helicopter,outEvac,Evacuee 97 in triage category G is not assigned a helicopter
3225,294,helicopter,outEvac,Evacuee 102 in triage category G is not assigned a helicopter
3225,294,helicopter,outEvac,Evacuee 103 in triage category G is not assigned a helicopter
3225,294,helicopter,outEvac,Evacuee 104 in triage category G is not assigned a helicopter
3225,294,helicopter,outEvac,Evacuee 105 in triage category G is not assigned a helicopter
3225,294,helicopter,,Helicopter;4;is unloading people at the FOL;;and has;0;spots taken
3225,296,filterLoc,,
3225,299,filterLoc,,
3225,302,filterLoc,,
3225,305,filterLoc,,
3225,308,filterLoc,,
3225,311,filterLoc,,
3225,314,filterLoc,,
3225,317,filterLoc,,
3225,320,filterLoc,,
3225,323,filterLoc,,
3225,326,filterLoc,,
3225,329,filterLoc,,
3225,332,filterLoc,,
3225,335,filterLoc,,
3225,338,filterLoc,,
3225,341,filterLoc,,
3225,344,filterLoc,,
3225,347,filterLoc,,
3225,350,filterLoc,,
3225,353,filterLoc,,
3225,356,filterLoc,,
3225,359,filterLoc,,
3225,362,filterLoc,,
3225,365,filterLoc,,
3225,368,filterLoc,,
3225,371,filterLoc,,
3225,374,filterLoc,,
3225,377,filterLoc,,
3225,380,filterLoc,,
3225,383,filterLoc,,
3225,386,filterLoc,,
3225,389,filterLoc,,
3225,392,filterLoc,,
3225,395,filterLoc,,
3225,398,filterLoc,,
3225,401,filterLoc,,
3225,404,filterLoc,,
3225,407,filterLoc,,
3225,410,filterLoc,,
3225,413,filterLoc,,
3225,416,filterLoc,,
3225,419,filterLoc,,
3225,422,filterLoc,,
3225,425,filterLoc,,
3225,428,filterLoc,,
3225,431,filterLoc,,
3225,434,filterLoc,,
3225,437,filterLoc,,
3225,440,filterLoc,,
3225,443,filterLoc,,
3225,446,filterLoc,,
3225,449,filterLoc,,
3225,452,filterLoc,,
3225,455,filterLoc,,
3225,458,filterLoc,,
3225,461,filterLoc,,
3225,464,filterLoc,,
3225,467,filterLoc,,
3225,470,filterLoc,,
3225,473,filterLoc,,
3225,476,filterLoc,,
3225,479,filterLoc,,
3225,482,filterLoc,,
3225,485,filterLoc,,
3225,488,filterLoc,,
3225,491,filterLoc,,
3225,494,filterLoc,,
3225,497,filterLoc,,
3225,500,filterLoc,,
3225,503,filterLoc,,
3225,506,filterLoc,,
3225,509,filterLoc,,
3225,512,filterLoc,,
3225,515,filterLoc,,
3225,518,filterLoc,,
3225,521,filterLoc,,
3225,524,filterLoc,,
3225,527,filterLoc,,
3225,530,filterLoc,,
3225,533,filterLoc,,
3225,536,filterLoc,,
3225,539,filterLoc,,
3225,542,filterLoc,,
3225,545,filterLoc,,
3225,548,filterLoc,,
3225,551,filterLoc,,
3225,554,filterLoc,,
3225,557,filterLoc,,
3225,560,filterLoc,,;Evacuee;105;in triage category;G;is leaving helicopter;4
3225,563,filterLoc,,
3225,566,filterLoc,,
3225,569,filterLoc,,;Evacuee;103;in triage category;G;is leaving helicopter;4
3225,573,filterES,,
3225,576,filterLoc,,
3225,579,filterLoc,,
3225,582,filterLoc,,
3225,585,filterLoc,,
3225,588,filterLoc,,
3225,591,filterLoc,,
3225,594,filterLoc,,
3225,597,filterLoc,,
3225,600,filterLoc,,
3225,603,filterLoc,,
3225,606,filterLoc,,
3225,609,filterLoc,,
3225,612,filterLoc,,
3225,615,filterLoc,,
3225,618,filterLoc,,
3225,621,filterLoc,,
3225,624,filterLoc,,
3225,627,filterLoc,,;Evacuee;90;in triage category;G;is leaving helicopter;4
3225,630,filterLoc,,
3225,633,filterLoc,,
3225,636,filterLoc,,
3225,639,filterLoc,,;Evacuee;87;in triage category;G;is leaving helicopter;4
3225,642,filterLoc,,
3225,645,filterLoc,,
3225,648,filterLoc,,
3225,651,filterLoc,,
3225,654,filterLoc,,
3225,657,filterLoc,,
3225,660,filterLoc,,
3225,663,filterLoc,,
3225,666,filterLoc,,
3225,669,filterLoc,,
3225,672,filterLoc,,
3225,675,filterLoc,,
3225,678,filterLoc,,
3225,681,filterLoc,,
3225,684,filterLoc,,
3225,687,filterLoc,,
3225,690,filterLoc,,
3225,693,filterLoc,,
3225,696,filterLoc,,
3225,699,filterLoc,,
3225,702,filterLoc,,
3225,705,filterLoc,,
3225,708,filterLoc,,
3225,711,filterLoc,,
3225,714,filterLoc,,
3225,717,filterLoc,,
3225,720,filterLoc,,
3225,723,filterLoc,,
3225,726,filterLoc,,
3225,729,filterLoc,,
3225,732,filterLoc,,
3225,735,filterLoc,,
3225,738,filterLoc,,
3225,741,filterLoc,,
3225,744,filterLoc,,
3225,747,filterLoc,,
3225,750,filterLoc,,
3225,753,filterLoc,,
3225,756,filterLoc,,
3225,759,filterLoc,,
3225,762,filterLoc,,
3225,765,filterLoc,,
3225,768,filterLoc,,
3225,771,filterLoc,,
3225,774,filterLoc,,
3225,777,filterLoc,,
3225,780,filterLoc,,
3225,783,filterLoc,,
3225,786,filterLoc,,
3225,789,filterLoc,,
3225,792,filterLoc,,
3225,795,filterLoc,,
3225,798,filterLoc,,
3225,801,filterLoc,,
3225,804,filterLoc,,
3225,807,filterLoc,,
3225,810,filterLoc,,
3225,813,filterLoc,,
3225,816,filterLoc,,
3225,819,filterLoc,,
3225,822,filterLoc,,
3225,825,filterLoc,,
3225,828,filterLoc,,
3225,831,filterLoc,,
3225,834,filterLoc,,
3225,837,filterLoc,,
3225,840,filterLoc,,;Evacuee;104;in triage category;G;is leaving helicopter;4
3225,843,filterLoc,,
3225,846,filterLoc,,;Evacuee;97;in triage category;G;is leaving helicopter;4
3225,849,filterLoc,,
3225,852,filterLoc,,
3225,855,filterLoc,,;Evacuee;89;in triage category;G;is leaving helicopter;4
3225,858,filterLoc,,
3225,861,filterLoc,,
3225,864,filterLoc,,
3225,867,filterLoc,,
3225,870,filterLoc,,
3225,873,filterLoc,,
3225,876,filterLoc,,
3225,879,filterLoc,,
3225,882,filterLoc,,
3225,885,filterLoc,,
3225,888,filterLoc,,
3225,891,filterLoc,,
3225,894,filterLoc,,
3225,897,filterLoc,,
3225,900,filterLoc,,
3225,903,filterLoc,,;Evacuee;92;in triage category;G;is leaving helicopter;4
3225,906,filterLoc,,
3225,909,filterLoc,,
3225,912,filterLoc,,
3225,915,filterLoc,,
3225,918,filterLoc,,
3225,921,filterLoc,,
3225,924,filterLoc,,
3225,927,filterLoc,,
3225,930,filterLoc,,
3225,933,filterLoc,,
3225,936,filterLoc,,
3225,939,filterLoc,,
3225,942,filterLoc,,
3225,945,filterLoc,,
3225,948,filterLoc,,
3225,951,filterLoc,,
3225,954,filterLoc,,
3225,957,filterLoc,,
3225,960,filterLoc,,
3225,963,filterLoc,,
3225,966,filterLoc,,
3225,969,filterLoc,,
3225,972,filterLoc,,
3225,975,filterLoc,,
3225,978,filterLoc,,
3225,981,filterLoc,,
3225,984,filterLoc,,
3225,987,filterLoc,,
3225,990,filterLoc,,
3225,993,filterLoc,,
3225,996,filterLoc,,
3225,999,filterLoc,,
3225,1002,filterLoc,,
3225,1005,filterLoc,,
3225,1008,filterLoc,,
3225,1011,filterLoc,,
3225,1014,filterLoc,,
3225,1017,filterLoc,,
3225,1020,filterLoc,,
3225,1023,filterLoc,,
3225,1026,filterLoc,,
3225,1029,filterLoc,,
3225,1032,filterLoc,,
3225,1035,filterLoc,,
3225,1038,filterLoc,,
3225,1041,filterLoc,,
3225,1044,filterLoc,,
3225,1047,filterLoc,,
3225,1050,filterLoc,,
3225,1053,filterLoc,,;Evacuee;102;in triage category;G;is leaving helicopter;4
3225,1056,filterLoc,,
3225,1059,filterLoc,,
3225,1062,filterLoc,,
3225,1065,filterLoc,,
3225,1068,filterLoc,,
3225,1071,filterLoc,,
3225,1074,filterLoc,,
3225,1077,filterLoc,,
3225,1080,filterLoc,,
3225,1083,filterLoc,,
3225,1086,filterLoc,,
3225,1089,filterLoc,,
3225,1092,filterLoc,,
3225,1095,filterLoc,,
3225,1098,filterLoc,,
3225,1101,filterLoc,,
3225,1104,filterLoc,,
3225,1107,filterLoc,,
3225,1110,filterLoc,,
3225,1113,filterLoc,,
3225,1116,filterLoc,,
3225,1119,filterLoc,,
3225,1122,filterLoc,,
3225,1125,filterLoc,,
3225,1128,filterLoc,,
3225,1132,filterES,,
3225,1135,filterLoc,,;Evacuee;94;in triage category;G;is leaving helicopter;4
3225,1138,filterLoc,,
3225,1141,filterLoc,,
3225,1144,filterLoc,,
3225,1147,filterLoc,,
3225,1150,filterLoc,,
3225,1153,filterLoc,,
3225,1156,filterLoc,,
3225,1159,filterLoc,,
3225,1162,filterLoc,,
3225,1165,filterLoc,,
3225,1168,filterLoc,,
3225,1172,filterES,,Helicopter;1;is evacuating people
3225,1175,filterLoc,,
3225,1178,filterLoc,,
3225,1181,filterLoc,,
3225,1184,filterLoc,,
3225,1187,filterLoc,,
3225,1190,filterLoc,,
3225,1193,filterLoc,,
3225,1196,filterLoc,,
3225,1199,filterLoc,,
3225,1202,filterLoc,,
3225,1205,filterLoc,,
3225,1208,filterLoc,,
3225,1211,filterLoc,,
3225,1214,filterLoc,,
3225,1217,filterLoc,,
3225,1220,filterLoc,,
3225,1223,filterLoc,,
3225,1226,filterLoc,,
3225,1229,filterLoc,,
3225,1232,filterLoc,,
3225,1235,filterLoc,,
3225,1238,filterLoc,,
3225,1241,filterLoc,,
3225,1244,filterLoc,,
3225,1247,filterLoc,,
3225,1250,filterLoc,,
3225,1253,filterLoc,,
3225,1256,filterLoc,,
3225,1259,filterLoc,,
3225,1262,filterLoc,,
3225,1265,filterLoc,,
3225,1268,filterLoc,,
3225,1271,filterLoc,,
3225,1274,filterLoc,,
3225,1277,filterLoc,,
3225,1280,filterLoc,,
3225,1283,filterLoc,,
3225,1286,filterLoc,,
3225,1289,filterLoc,,
3225,1292,filterLoc,,
3225,1295,filterLoc,,
3225,1298,filterLoc,,
3225,1301,filterLoc,,
3225,1304,filterLoc,,
3225,1307,filterLoc,,
3225,1310,filterLoc,,
3225,1313,filterLoc,,
3225,1316,filterLoc,,
3225,1319,filterLoc,,
3225,1322,filterLoc,,
3225,1325,filterLoc,,
3225,1328,filterLoc,,
3225,1331,filterLoc,,
3225,1334,filterLoc,,
3225,1337,filterLoc,,
3225,1340,filterLoc,,
3225,1343,filterLoc,,
3225,1346,filterLoc,,
3225,1349,filterLoc,,
3225,1352,filterLoc,,
3225,1355,filterLoc,,
3225,1358,filterLoc,,
3225,1361,filterLoc,,
3225,1364,filterLoc,,
3225,1367,filterLoc,,
3225,1370,filterLoc,,
3225,1373,filterLoc,,
3225,1376,filterLoc,,
3225,1379,filterLoc,,
3225,1382,filterLoc,,
3225,1385,filterLoc,,
3225,1388,filterLoc,,
3225,1391,filterLoc,,
3225,1394,filterLoc,,
3225,1397,filterLoc,,
3225,1400,filterLoc,,
3225,1403,filterLoc,,
3225,1406,filterLoc,,
3225,1409,filterLoc,,
3225,1412,filterLoc,,
3225,1415,filterLoc,,
3225,1418,filterLoc,,
3225,1421,filterLoc,,
3225,1424,filterLoc,,
3225,1427,filterLoc,,
3225,1430,filterLoc,,
3225,1433,filterLoc,,
3225,1436,filterLoc,,
3225,1439,filterLoc,,
3225,1442,filterLoc,,
3225,1445,filterLoc,,
3225,1448,filterLoc,,
3225,1451,filterLoc,,
3225,1454,filterLoc,,
3225,1457,filterLoc,,
3225,1460,filterLoc,,
3225,1463,filterLoc,,
3225,1466,filterLoc,,
3225,1469,filterLoc,,
3225,1472,filterLoc,,
3225,1475,filterLoc,,
3225,1478,filterLoc,,
3225,1481,filterLoc,,
3225,1484,filterLoc,,
3225,1487,filterLoc,,
3225,1490,filterLoc,,
3225,1493,filterLoc,,
3225,1496,filterLoc,,
3225,1499,filterLoc,,
3225,1502,filterLoc,,
3225,1505,filterLoc,,
3225,1508,filterLoc,,
3225,1511,filterLoc,,
3225,1514,filterLoc,,
3225,1517,filterLoc,,
3225,1520,filterLoc,,
3225,1523,filterLoc,,
3225,1526,filterLoc,,
3225,1529,filterLoc,,
3225,4,helipadManager,outHQ,0
3225,4,helipadManager,,;No helos are at ES
3225,5,helicopterQueue,,;No helos are waiting to land
3225,560,filterLoc,out,Evacuee 105 in triage category G is not assigned a helicopter
3225,560,filterLoc,,
3225,561,evacuee,,Evacuee;105;in triage state;G;is entering the FOL
3225,569,filterLoc,out,Evacuee 103 in triage category G is not assigned a helicopter
3225,569,filterLoc,,
3225,570,evacuee,,Evacuee;103;in triage state;G;is entering the FOL
3225,627,filterLoc,out,Evacuee 90 in triage category G is not assigned a helicopter
3225,627,filterLoc,,
3225,628,evacuee,,Evacuee;90;in triage state;G;is entering the FOL
3225,639,filterLoc,out,Evacuee 87 in triage category G is not assigned a helicopter
3225,639,filterLoc,,
3225,640,evacuee,,Evacuee;87;in triage state;G;is entering the FOL
3225,840,filterLoc,out,Evacuee 104 in triage category G is not assigned a helicopter
3225,840,filterLoc,,
3225,841,evacuee,,Evacuee;104;in triage state;G;is entering the FOL
3225,846,filterLoc,out,Evacuee 97 in triage category G is not assigned a helicopter
3225,846,filterLoc,,
3225,847,evacuee,,Evacuee;97;in triage state;G;is entering the FOL
3225,855,filterLoc,out,Evacuee 89 in triage category G is not assigned a helicopter
3225,855,filterLoc,,
3225,856,evacuee,,Evacuee;89;in triage state;G;is entering the FOL
3225,903,filterLoc,out,Evacuee 92 in triage category G is not assigned a helicopter
3225,903,filterLoc,,
3225,904,evacuee,,Evacuee;92;in triage state;G;is entering the FOL
3225,1053,filterLoc,out,Evacuee 102 in triage category G is not assigned a helicopter
3225,1053,filterLoc,,
3225,1054,evacuee,,Evacuee;102;in triage state;G;is entering the FOL
3225,1135,filterLoc,out,Evacuee 94 in triage category G is not assigned a helicopter
3225,1135,filterLoc,,
3225,1136,evacuee,,Evacuee;94;in triage state;G;is entering the FOL
3225,1172,filterES,out,Helicopter 1 is evacuating people1
3225,1172,filterES,,
3225,1173,helicopter,,Helicopter;1;is loading people at the evacuation site;;and has;10;spots taken
3225,5,helicopterQueue,,;No helos are waiting to land
3225,227,FOL,,;EvacueeID;5;Triage Status;G;EvacueeID;6;Triage Status;G;EvacueeID;7;Triage Status;G;EvacueeID;9;Triage Status;G;EvacueeID;16;Triage Status;G;EvacueeID;19;Triage Status;G;EvacueeID;20;Triage Status;G;EvacueeID;25;Triage Status;G;EvacueeID;28;Triage Status;G;EvacueeID;32;Triage Status;G;EvacueeID;34;Triage Status;G;EvacueeID;35;Triage Status;G;EvacueeID;40;Triage Status;G;EvacueeID;41;Triage Status;G;EvacueeID;44;Triage Status;G;EvacueeID;49;Triage Status;G;EvacueeID;50;Triage Status;G;EvacueeID;51;Triage Status;G;EvacueeID;52;Triage Status;G;EvacueeID;58;Triage Status;G;EvacueeID;61;Triage Status;G;EvacueeID;63;Triage Status;G;EvacueeID;64;Triage Status;G;EvacueeID;70;Triage Status;G;EvacueeID;73;Triage Status;G;EvacueeID;74;Triage Status;G;EvacueeID;76;Triage Status;G;EvacueeID;81;Triage Status;G;EvacueeID;83;Triage Status;G;EvacueeID;86;Triage Status;G;EvacueeID;87;Triage Status;G;EvacueeID;89;Triage Status;G;EvacueeID;90;Triage Status;G;EvacueeID;92;Triage Status;G;EvacueeID;94;Triage Status;G;EvacueeID;97;Triage Status;G;EvacueeID;102;Triage Status;G;EvacueeID;103;Triage Status;G;EvacueeID;104;Triage Status;G;EvacueeID;105;Triage Status;G;Lives Saved;40
3225,561,evacuee,outFOL,Evacuee 105 in triage category G is not assigned a helicopter
3225,561,evacuee,,Evacuee;105;in triage state;G;is at the FOL
3225,570,evacuee,outFOL,Evacuee 103 in triage category G is not assigned a helicopter
3225,570,evacuee,,Evacuee;103;in triage state;G;is at the FOL
3225,628,evacuee,outFOL,Evacuee 90 in triage category G is not assigned a helicopter
3225,628,evacuee,,Evacuee;90;in triage state;G;is at the FOL
3225,640,evacuee,outFOL,Evacuee 87 in triage category G is not assigned a helicopter
3225,640,evacuee,,Evacuee;87;in triage state;G;is at the FOL
3225,841,evacuee,outFOL,Evacuee 104 in triage category G is not assigned a helicopter
3225,841,evacuee,,Evacuee;104;in triage state;G;is at the FOL
3225,847,evacuee,outFOL,Evacuee 97 in triage category G is not assigned a helicopter
3225,847,evacuee,,Evacuee;97;in triage state;G;is at the FOL
3225,856,evacuee,outFOL,Evacuee 89 in triage category G is not assigned a helicopter
3225,856,evacuee,,Evacuee;89;in triage state;G;is at the FOL
3225,904,evacuee,outFOL,Evacuee 92 in triage category G is not assigned a helicopter
3225,904,evacuee,,Evacuee;92;in triage state;G;is at the FOL
3225,1054,evacuee,outFOL,Evacuee 102 in triage category G is not assigned a helicopter
3225,1054,evacuee,,Evacuee;102;in triage state;G;is at the FOL
3225,1136,evacuee,outFOL,Evacuee 94 in triage category G is not assigned a helicopter
3225,1136,evacuee,,Evacuee;94;in triage state;G;is at the FOL
3225,1173,helicopter,,Helicopter;1;is returning to the FOL;;and has;10;spots taken
3225,227,FOL,,;EvacueeID;5;Triage Status;G;EvacueeID;6;Triage Status;G;EvacueeID;7;Triage Status;G;EvacueeID;9;Triage Status;G;EvacueeID;16;Triage Status;G;EvacueeID;19;Triage Status;G;EvacueeID;20;Triage Status;G;EvacueeID;25;Triage Status;G;EvacueeID;28;Triage Status;G;EvacueeID;32;Triage Status;G;EvacueeID;34;Triage Status;G;EvacueeID;35;Triage Status;G;EvacueeID;40;Triage Status;G;EvacueeID;41;Triage Status;G;EvacueeID;44;Triage Status;G;EvacueeID;49;Triage Status;G;EvacueeID;50;Triage Status;G;EvacueeID;51;Triage Status;G;EvacueeID;52;Triage Status;G;EvacueeID;58;Triage Status;G;EvacueeID;61;Triage Status;G;EvacueeID;63;Triage Status;G;EvacueeID;64;Triage Status;G;EvacueeID;70;Triage Status;G;EvacueeID;73;Triage Status;G;EvacueeID;74;Triage Status;G;EvacueeID;76;Triage Status;G;EvacueeID;81;Triage Status;G;EvacueeID;83;Triage Status;G;EvacueeID;86;Triage Status;G;EvacueeID;87;Triage Status;G;EvacueeID;89;Triage Status;G;EvacueeID;90;Triage Status;G;EvacueeID;92;Triage Status;G;EvacueeID;94;Triage Status;G;EvacueeID;97;Triage Status;G;EvacueeID;102;Triage Status;G;EvacueeID;103;Triage Status;G;EvacueeID;104;Triage Status;G;EvacueeID;105;Triage Status;G;Lives Saved;40
3226.03,3,evacueeManager,,OFF SHIP: White;0;Green;81;Yellow;26;Red;11;Black;312;ON SHIP: White;0;Green;0;Yellow;0;Red;0;Evacuees to Transfer;
3226.03,763,evacuee,outES,Evacuee 33 in triage category R is not assigned a helicopter
3226.03,763,evacuee,,Evacuee;33;in triage state;B;is at the evacuation site
3226.35,3,evacueeManager,,OFF SHIP: White;0;Green;81;Yellow;25;Red;12;Black;312;ON SHIP: White;0;Green;0;Yellow;0;Red;0;Evacuees to Transfer;
3226.35,973,evacuee,outES,Evacuee 209 in triage category Y is not assigned a helicopter
3226.35,973,evacuee,,Evacuee;209;in triage state;R;is at the evacuation site
3237.53,3,evacueeManager,,OFF SHIP: White;0;Green;81;Yellow;25;Red;11;Black;313;ON SHIP: White;0;Green;0;Yellow;0;Red;0;Evacuees to Transfer;
3237.53,820,evacuee,outES,Evacuee 158 in triage category R is not assigned a helicopter
3237.53,820,evacuee,,Evacuee;158;in triage state;B;is at the evacuation site
3240,294,helicopter,,Helicopter;4;Is going to the evacuation site;;and has;0;spots taken
3247.08,3,evacueeManager,,OFF SHIP: White;0;Green;81;Yellow;24;Red;12;Black;313;ON SHIP: White;0;Green;0;Yellow;0;Red;0;Evacuees to Transfer;
3247.08,1383,evacuee,outES,Evacuee 252 in triage category Y is not assigned a helicopter
3247.08,1383,evacuee,,Evacuee;252;in triage state;R;is at the evacuation site
3250.04,3,evacueeManager,,OFF SHIP: White;0;Green;81;Yellow;23;Red;13;Black;313;ON SHIP: White;0;Green;0;Yellow;0;Red;0;Evacuees to Transfer;
3250.04,1251,evacuee,outES,Evacuee 123 in triage category Y is not assigned a helicopter
3250.04,1251,evacuee,,Evacuee;123;in triage state;R;is at the evacuation site
3252.55,3,evacueeManager,,OFF SHIP: White;0;Green;81;Yellow;22;Red;14;Black;313;ON SHIP: White;0;Green;0;Yellow;0;Red;0;Evacuees to Transfer;
3252.55,342,evacuee,outES,Evacuee 313 in triage category Y is not assigned a helicopter
3252.55,342,evacuee,,Evacuee;313;in triage state;R;is at the evacuation site
3258.64,3,evacueeManager,,OFF SHIP: White;0;Green;81;Yellow;22;Red;13;Black;314;ON SHIP: White;0;Green;0;Yellow;0;Red;0;Evacuees to Transfer;
3258.64,414,evacuee,outES,Evacuee 280 in triage category R is not assigned a helicopter
3258.64,414,evacuee,,Evacuee;280;in triage state;B;is at the evacuation site
3262.18,3,evacueeManager,,OFF SHIP: White;0;Green;81;Yellow;22;Red;12;Black;315;ON SHIP: White;0;Green;0;Yellow;0;Red;0;Evacuees to Transfer;
3262.18,1395,evacuee,outES,Evacuee 202 in triage category R is not assigned a helicopter
3262.18,1395,evacuee,,Evacuee;202;in triage state;B;is at the evacuation site
3266.05,3,evacueeManager,,OFF SHIP: White;0;Green;81;Yellow;21;Red;13;Black;315;ON SHIP: White;0;Green;0;Yellow;0;Red;0;Evacuees to Transfer;
3266.05,1527,evacuee,outES,Evacuee 210 in triage category Y is not assigned a helicopter
3266.05,1527,evacuee,,Evacuee;210;in triage state;R;is at the evacuation site
3268.52,3,evacueeManager,,OFF SHIP: White;0;Green;81;Yellow;21;Red;12;Black;316;ON SHIP: White;0;Green;0;Yellow;0;Red;0;Evacuees to Transfer;
3268.52,1251,evacuee,outES,Evacuee 123 in triage category R is not assigned a helicopter
3268.52,1251,evacuee,,Evacuee;123;in triage state;B;is at the evacuation site
3269.32,3,evacueeManager,,OFF SHIP: White;0;Green;81;Yellow;21;Red;11;Black;317;ON SHIP: White;0;Green;0;Yellow;0;Red;0;Evacuees to Transfer;
3269.32,835,evacuee,outES,Evacuee 332 in triage category R is not assigned a helicopter
3269.32,835,evacuee,,Evacuee;332;in triage state;B;is at the evacuation site
3270,5,helicopterQueue,,1;Helos are waiting to land;HeloID;2
3270,1133,helicopter,outES,Helicopter 2 is evacuating people2
3270,1133,helicopter,,Helicopter;2;is waiting to land at the evacuation site;;and has;0;spots taken
3270,4,helipadManager,,;No helos are at ES
3270,5,helicopterQueue,outHM,Helicopter 2 is evacuating people2
3270,5,helicopterQueue,outHelo,Helicopter 2 is evacuating people2
3270,5,helicopterQueue,,;No helos are waiting to land
3270,8,filterES,,
3270,108,filterES,,
3270,293,filterES,,
3270,573,filterES,,
3270,1132,filterES,,Helicopter;2;is evacuating people
3270,1172,filterES,,
3270,3,evacueeManager,,OFF SHIP: White;0;Green;71;Yellow;21;Red;11;Black;317;ON SHIP: White;0;Green;0;Yellow;0;Red;0;Evacuees to Transfer;;EvacueeID;185;HeloID;2;OnShip;0;Triage Status;G;EvacueeID;186;HeloID;2;OnShip;0;Triage Status;G;EvacueeID;192;HeloID;2;OnShip;0;Triage Status;G;EvacueeID;199;HeloID;2;OnShip;0;Triage Status;G;EvacueeID;203;HeloID;2;OnShip;0;Triage Status;G;EvacueeID;204;HeloID;2;OnShip;0;Triage Status;G;EvacueeID;205;HeloID;2;OnShip;0;Triage Status;G;EvacueeID;206;HeloID;2;OnShip;0;Triage Status;G;EvacueeID;217;HeloID;2;OnShip;0;Triage Status;G;EvacueeID;227;HeloID;2;OnShip;0;Triage Status;G
3270,4,helipadManager,outEM,Helicopter 2 is evacuating people2
3270,4,helipadManager,,Helo;2;is at the ES
3270,1132,filterES,out,Helicopter 2 is evacuating people2
3270,1132,filterES,,
3270,1133,helicopter,,Helicopter;2;is waiting to land at the evacuation site;;and has;0;spots taken
3270,3,evacueeManager,outEvac,Evacuee 185 in triage category G is assigned helicopter 2
3270,3,evacueeManager,outEvac,Evacuee 186 in triage category G is assigned helicopter 2
3270,3,evacueeManager,outEvac,Evacuee 192 in triage category G is assigned helicopter 2
3270,3,evacueeManager,outEvac,Evacuee 199 in triage category G is assigned helicopter 2
3270,3,evacueeManager,outEvac,Evacuee 203 in triage category G is assigned helicopter 2
3270,3,evacueeManager,outEvac,Evacuee 204 in triage category G is assigned helicopter 2
3270,3,evacueeManager,outEvac,Evacuee 205 in triage category G is assigned helicopter 2
3270,3,evacueeManager,outEvac,Evacuee 206 in triage category G is assigned helicopter 2
3270,3,evacueeManager,outEvac,Evacuee 217 in triage category G is assigned helicopter 2
3270,3,evacueeManager,outEvac,Evacuee 227 in triage category G is assigned helicopter 2
3270,3,evacueeManager,,OFF SHIP: White;0;Green;71;Yellow;21;Red;11;Black;317;ON SHIP: White;0;Green;0;Yellow;0;Red;0;Evacuees to Transfer;
3270,11,filterLoc,,
3270,14,filterLoc,,
3270,17,filterLoc,,
3270,20,filterLoc,,
3270,23,filterLoc,,
3270,26,filterLoc,,
3270,29,filterLoc,,
3270,32,filterLoc,,
3270,35,filterLoc,,
3270,38,filterLoc,,
3270,41,filterLoc,,
3270,44,filterLoc,,
3270,47,filterLoc,,
3270,50,filterLoc,,
3270,53,filterLoc,,
3270,56,filterLoc,,
3270,59,filterLoc,,
3270,62,filterLoc,,
3270,65,filterLoc,,
3270,68,filterLoc,,
3270,71,filterLoc,,
3270,74,filterLoc,,
3270,77,filterLoc,,
3270,80,filterLoc,,
3270,83,filterLoc,,
3270,86,filterLoc,,
3270,89,filterLoc,,
3270,92,filterLoc,,
3270,95,filterLoc,,
3270,98,filterLoc,,
3270,101,filterLoc,,
3270,104,filterLoc,,
3270,111,filterLoc,,
3270,114,filterLoc,,
3270,117,filterLoc,,
3270,120,filterLoc,,
3270,123,filterLoc,,
3270,126,filterLoc,,
3270,129,filterLoc,,
3270,132,filterLoc,,
3270,135,filterLoc,,
3270,138,filterLoc,,
3270,141,filterLoc,,
3270,144,filterLoc,,
3270,147,filterLoc,,
3270,150,filterLoc,,
3270,153,filterLoc,,
3270,156,filterLoc,,
3270,159,filterLoc,,
3270,162,filterLoc,,
3270,165,filterLoc,,
3270,168,filterLoc,,
3270,171,filterLoc,,
3270,174,filterLoc,,
3270,177,filterLoc,,
3270,180,filterLoc,,
3270,183,filterLoc,,
3270,186,filterLoc,,
3270,189,filterLoc,,
3270,192,filterLoc,,
3270,195,filterLoc,,
3270,198,filterLoc,,
3270,201,filterLoc,,
3270,204,filterLoc,,
3270,207,filterLoc,,
3270,210,filterLoc,,
3270,213,filterLoc,,
3270,216,filterLoc,,
3270,219,filterLoc,,
3270,222,filterLoc,,
3270,225,filterLoc,,
3270,229,filterLoc,,
3270,232,filterLoc,,
3270,235,filterLoc,,
3270,238,filterLoc,,
3270,241,filterLoc,,
3270,244,filterLoc,,
3270,247,filterLoc,,
3270,250,filterLoc,,
3270,253,filterLoc,,
3270,256,filterLoc,,
3270,259,filterLoc,,
3270,262,filterLoc,,
3270,265,filterLoc,,
3270,268,filterLoc,,
3270,271,filterLoc,,
3270,274,filterLoc,,
3270,277,filterLoc,,
3270,280,filterLoc,,
3270,283,filterLoc,,
3270,286,filterLoc,,
3270,289,filterLoc,,
3270,296,filterLoc,,
3270,299,filterLoc,,
3270,302,filterLoc,,
3270,305,filterLoc,,
3270,308,filterLoc,,
3270,311,filterLoc,,
3270,314,filterLoc,,
3270,317,filterLoc,,
3270,320,filterLoc,,
3270,323,filterLoc,,
3270,326,filterLoc,,
3270,329,filterLoc,,
3270,332,filterLoc,,
3270,335,filterLoc,,
3270,338,filterLoc,,
3270,341,filterLoc,,
3270,344,filterLoc,,
3270,347,filterLoc,,
3270,350,filterLoc,,
3270,353,filterLoc,,
3270,356,filterLoc,,
3270,359,filterLoc,,
3270,362,filterLoc,,
3270,365,filterLoc,,
3270,368,filterLoc,,
3270,371,filterLoc,,
3270,374,filterLoc,,
3270,377,filterLoc,,
3270,380,filterLoc,,
3270,383,filterLoc,,
3270,386,filterLoc,,
3270,389,filterLoc,,
3270,392,filterLoc,,
3270,395,filterLoc,,
3270,398,filterLoc,,
3270,401,filterLoc,,
3270,404,filterLoc,,
3270,407,filterLoc,,
3270,410,filterLoc,,
3270,413,filterLoc,,
3270,416,filterLoc,,
3270,419,filterLoc,,
3270,422,filterLoc,,
3270,425,filterLoc,,
3270,428,filterLoc,,
3270,431,filterLoc,,
3270,434,filterLoc,,
3270,437,filterLoc,,
3270,440,filterLoc,,
3270,443,filterLoc,,
3270,446,filterLoc,,
3270,449,filterLoc,,
3270,452,filterLoc,,
3270,455,filterLoc,,
3270,458,filterLoc,,
3270,461,filterLoc,,
3270,464,filterLoc,,
3270,467,filterLoc,,
3270,470,filterLoc,,
3270,473,filterLoc,,
3270,476,filterLoc,,
3270,479,filterLoc,,
3270,482,filterLoc,,
3270,485,filterLoc,,
3270,488,filterLoc,,
3270,491,filterLoc,,
3270,494,filterLoc,,;Evacuee;192;in triage category;G;is entering helicopter;2
3270,497,filterLoc,,
3270,500,filterLoc,,
3270,503,filterLoc,,
3270,506,filterLoc,,
3270,509,filterLoc,,
3270,512,filterLoc,,
3270,515,filterLoc,,
3270,518,filterLoc,,
3270,521,filterLoc,,
3270,524,filterLoc,,
3270,527,filterLoc,,
3270,530,filterLoc,,
3270,533,filterLoc,,
3270,536,filterLoc,,
3270,539,filterLoc,,
3270,542,filterLoc,,
3270,545,filterLoc,,
3270,548,filterLoc,,
3270,551,filterLoc,,
3270,554,filterLoc,,
3270,557,filterLoc,,
3270,560,filterLoc,,
3270,563,filterLoc,,
3270,566,filterLoc,,
3270,569,filterLoc,,
3270,576,filterLoc,,
3270,579,filterLoc,,
3270,582,filterLoc,,
3270,585,filterLoc,,
3270,588,filterLoc,,
3270,591,filterLoc,,
3270,594,filterLoc,,
3270,597,filterLoc,,
3270,600,filterLoc,,
3270,603,filterLoc,,
3270,606,filterLoc,,
3270,609,filterLoc,,
3270,612,filterLoc,,
3270,615,filterLoc,,
3270,618,filterLoc,,
3270,621,filterLoc,,
3270,624,filterLoc,,
3270,627,filterLoc,,
3270,630,filterLoc,,
3270,633,filterLoc,,
3270,636,filterLoc,,
3270,639,filterLoc,,
3270,642,filterLoc,,
3270,645,filterLoc,,
3270,648,filterLoc,,
3270,651,filterLoc,,
3270,654,filterLoc,,
3270,657,filterLoc,,
3270,660,filterLoc,,
3270,663,filterLoc,,
3270,666,filterLoc,,
3270,669,filterLoc,,
3270,672,filterLoc,,
3270,675,filterLoc,,
3270,678,filterLoc,,
3270,681,filterLoc,,
3270,684,filterLoc,,
3270,687,filterLoc,,
3270,690,filterLoc,,
3270,693,filterLoc,,
3270,696,filterLoc,,
3270,699,filterLoc,,
3270,702,filterLoc,,
3270,705,filterLoc,,
3270,708,filterLoc,,
3270,711,filterLoc,,
3270,714,filterLoc,,
3270,717,filterLoc,,;Evacuee;199;in triage category;G;is entering helicopter;2
3270,720,filterLoc,,
3270,723,filterLoc,,
3270,726,filterLoc,,
3270,729,filterLoc,,
3270,732,filterLoc,,
3270,735,filterLoc,,
3270,738,filterLoc,,
3270,741,filterLoc,,
3270,744,filterLoc,,
3270,747,filterLoc,,
3270,750,filterLoc,,
3270,753,filterLoc,,
3270,756,filterLoc,,
3270,759,filterLoc,,
3270,762,filterLoc,,
3270,765,filterLoc,,
3270,768,filterLoc,,
3270,771,filterLoc,,
3270,774,filterLoc,,
3270,777,filterLoc,,
3270,780,filterLoc,,
3270,783,filterLoc,,
3270,786,filterLoc,,
3270,789,filterLoc,,
3270,792,filterLoc,,
3270,795,filterLoc,,
3270,798,filterLoc,,
3270,801,filterLoc,,
3270,804,filterLoc,,
3270,807,filterLoc,,
3270,810,filterLoc,,
3270,813,filterLoc,,
3270,816,filterLoc,,
3270,819,filterLoc,,
3270,822,filterLoc,,
3270,825,filterLoc,,
3270,828,filterLoc,,
3270,831,filterLoc,,
3270,834,filterLoc,,
3270,837,filterLoc,,
3270,840,filterLoc,,
3270,843,filterLoc,,
3270,846,filterLoc,,
3270,849,filterLoc,,
3270,852,filterLoc,,
3270,855,filterLoc,,
3270,858,filterLoc,,
3270,861,filterLoc,,
3270,864,filterLoc,,
3270,867,filterLoc,,
3270,870,filterLoc,,
3270,873,filterLoc,,
3270,876,filterLoc,,
3270,879,filterLoc,,
3270,882,filterLoc,,
3270,885,filterLoc,,
3270,888,filterLoc,,
3270,891,filterLoc,,
3270,894,filterLoc,,
3270,897,filterLoc,,
3270,900,filterLoc,,
3270,903,filterLoc,,
3270,906,filterLoc,,
3270,909,filterLoc,,
3270,912,filterLoc,,
3270,915,filterLoc,,
3270,918,filterLoc,,
3270,921,filterLoc,,
3270,924,filterLoc,,
3270,927,filterLoc,,
3270,930,filterLoc,,
3270,933,filterLoc,,
3270,936,filterLoc,,
3270,939,filterLoc,,
3270,942,filterLoc,,
3270,945,filterLoc,,
3270,948,filterLoc,,
3270,951,filterLoc,,
3270,954,filterLoc,,
3270,957,filterLoc,,
3270,960,filterLoc,,
3270,963,filterLoc,,
3270,966,filterLoc,,
3270,969,filterLoc,,
3270,972,filterLoc,,
3270,975,filterLoc,,
3270,978,filterLoc,,
3270,981,filterLoc,,
3270,984,filterLoc,,
3270,987,filterLoc,,
3270,990,filterLoc,,
3270,993,filterLoc,,
3270,996,filterLoc,,
3270,999,filterLoc,,
3270,1002,filterLoc,,
3270,1005,filterLoc,,
3270,1008,filterLoc,,
3270,1011,filterLoc,,
3270,1014,filterLoc,,
3270,1017,filterLoc,,
3270,1020,filterLoc,,
3270,1023,filterLoc,,
3270,1026,filterLoc,,
3270,1029,filterLoc,,
3270,1032,filterLoc,,
3270,1035,filterLoc,,
3270,1038,filterLoc,,
3270,1041,filterLoc,,
3270,1044,filterLoc,,
3270,1047,filterLoc,,
3270,1050,filterLoc,,
3270,1053,filterLoc,,
3270,1056,filterLoc,,
3270,1059,filterLoc,,
3270,1062,filterLoc,,
3270,1065,filterLoc,,
3270,1068,filterLoc,,
3270,1071,filterLoc,,
3270,1074,filterLoc,,
3270,1077,filterLoc,,
3270,1080,filterLoc,,
3270,1083,filterLoc,,
3270,1086,filterLoc,,
3270,1089,filterLoc,,
3270,1092,filterLoc,,
3270,1095,filterLoc,,
3270,1098,filterLoc,,
3270,1101,filterLoc,,
3270,1104,filterLoc,,
3270,1107,filterLoc,,
3270,1110,filterLoc,,
3270,1113,filterLoc,,
3270,1116,filterLoc,,
3270,1119,filterLoc,,
3270,1122,filterLoc,,
3270,1125,filterLoc,,
3270,1128,filterLoc,,
3270,1133,helicopter,,Helicopter;2;is loading people at the evacuation site;;and has;0;spots taken
3270,1135,filterLoc,,
3270,1138,filterLoc,,
3270,1141,filterLoc,,
3270,1144,filterLoc,,
3270,1147,filterLoc,,
3270,1150,filterLoc,,
3270,1153,filterLoc,,
3270,1156,filterLoc,,
3270,1159,filterLoc,,
3270,1162,filterLoc,,
3270,1165,filterLoc,,
3270,1168,filterLoc,,
3270,1175,filterLoc,,
3270,1178,filterLoc,,
3270,1181,filterLoc,,
3270,1184,filterLoc,,
3270,1187,filterLoc,,
3270,1190,filterLoc,,
3270,1193,filterLoc,,
3270,1196,filterLoc,,
3270,1199,filterLoc,,
3270,1202,filterLoc,,
3270,1205,filterLoc,,
3270,1208,filterLoc,,
3270,1211,filterLoc,,
3270,1214,filterLoc,,
3270,1217,filterLoc,,
3270,1220,filterLoc,,
3270,1223,filterLoc,,
3270,1226,filterLoc,,
3270,1229,filterLoc,,
3270,1232,filterLoc,,
3270,1235,filterLoc,,
3270,1238,filterLoc,,
3270,1241,filterLoc,,
3270,1244,filterLoc,,
3270,1247,filterLoc,,
3270,1250,filterLoc,,
3270,1253,filterLoc,,
3270,1256,filterLoc,,
3270,1259,filterLoc,,
3270,1262,filterLoc,,
3270,1265,filterLoc,,
3270,1268,filterLoc,,
3270,1271,filterLoc,,
3270,1274,filterLoc,,
3270,1277,filterLoc,,
3270,1280,filterLoc,,
3270,1283,filterLoc,,
3270,1286,filterLoc,,
3270,1289,filterLoc,,
3270,1292,filterLoc,,
3270,1295,filterLoc,,
3270,1298,filterLoc,,
3270,1301,filterLoc,,
3270,1304,filterLoc,,
3270,1307,filterLoc,,
3270,1310,filterLoc,,
3270,1313,filterLoc,,
3270,1316,filterLoc,,
3270,1319,filterLoc,,
3270,1322,filterLoc,,
3270,1325,filterLoc,,
3270,1328,filterLoc,,;Evacuee;203;in triage category;G;is entering helicopter;2
3270,1331,filterLoc,,
3270,1334,filterLoc,,
3270,1337,filterLoc,,
3270,1340,filterLoc,,;Evacuee;185;in triage category;G;is entering helicopter;2
3270,1343,filterLoc,,;Evacuee;186;in triage category;G;is entering helicopter;2
3270,1346,filterLoc,,
3270,1349,filterLoc,,;Evacuee;217;in triage category;G;is entering helicopter;2
3270,1352,filterLoc,,
3270,1355,filterLoc,,
3270,1358,filterLoc,,
3270,1361,filterLoc,,
3270,1364,filterLoc,,
3270,1367,filterLoc,,
3270,1370,filterLoc,,
3270,1373,filterLoc,,
3270,1376,filterLoc,,
3270,1379,filterLoc,,
3270,1382,filterLoc,,
3270,1385,filterLoc,,
3270,1388,filterLoc,,
3270,1391,filterLoc,,
3270,1394,filterLoc,,
3270,1397,filterLoc,,
3270,1400,filterLoc,,;Evacuee;204;in triage category;G;is entering helicopter;2
3270,1403,filterLoc,,
3270,1406,filterLoc,,;Evacuee;205;in triage category;G;is entering helicopter;2
3270,1409,filterLoc,,
3270,1412,filterLoc,,
3270,1415,filterLoc,,;Evacuee;206;in triage category;G;is entering helicopter;2
3270,1418,filterLoc,,
3270,1421,filterLoc,,
3270,1424,filterLoc,,
3270,1427,filterLoc,,
3270,1430,filterLoc,,
3270,1433,filterLoc,,
3270,1436,filterLoc,,
3270,1439,filterLoc,,
3270,1442,filterLoc,,
3270,1445,filterLoc,,
3270,1448,filterLoc,,
3270,1451,filterLoc,,
3270,1454,filterLoc,,
3270,1457,filterLoc,,
3270,1460,filterLoc,,
3270,1463,filterLoc,,
3270,1466,filterLoc,,;Evacuee;227;in triage category;G;is entering helicopter;2
3270,1469,filterLoc,,
3270,1472,filterLoc,,
3270,1475,filterLoc,,
3270,1478,filterLoc,,
3270,1481,filterLoc,,
3270,1484,filterLoc,,
3270,1487,filterLoc,,
3270,1490,filterLoc,,
3270,1493,filterLoc,,
3270,1496,filterLoc,,
3270,1499,filterLoc,,
3270,1502,filterLoc,,
3270,1505,filterLoc,,
3270,1508,filterLoc,,
3270,1511,filterLoc,,
3270,1514,filterLoc,,
3270,1517,filterLoc,,
3270,1520,filterLoc,,
3270,1523,filterLoc,,
3270,1526,filterLoc,,
3270,1529,filterLoc,,
3270,494,filterLoc,out,Evacuee 192 in triage category G is assigned helicopter 2
3270,494,filterLoc,,
3270,495,evacuee,,Evacuee;192;in triage state;G;is entering helicopter;2
3270,717,filterLoc,out,Evacuee 199 in triage category G is assigned helicopter 2
3270,717,filterLoc,,
3270,718,evacuee,,Evacuee;199;in triage state;G;is entering helicopter;2
3270,1328,filterLoc,out,Evacuee 203 in triage category G is assigned helicopter 2
3270,1328,filterLoc,,
3270,1329,evacuee,,Evacuee;203;in triage state;G;is entering helicopter;2
3270,1340,filterLoc,out,Evacuee 185 in triage category G is assigned helicopter 2
3270,1340,filterLoc,,
3270,1341,evacuee,,Evacuee;185;in triage state;G;is entering helicopter;2
3270,1343,filterLoc,out,Evacuee 186 in triage category G is assigned helicopter 2
3270,1343,filterLoc,,
3270,1344,evacuee,,Evacuee;186;in triage state;G;is entering helicopter;2
3270,1349,filterLoc,out,Evacuee 217 in triage category G is assigned helicopter 2
3270,1349,filterLoc,,
3270,1350,evacuee,,Evacuee;217;in triage state;G;is entering helicopter;2
3270,1400,filterLoc,out,Evacuee 204 in triage category G is assigned helicopter 2
3270,1400,filterLoc,,
3270,1401,evacuee,,Evacuee;204;in triage state;G;is entering helicopter;2
3270,1406,filterLoc,out,Evacuee 205 in triage category G is assigned helicopter 2
3270,1406,filterLoc,,
3270,1407,evacuee,,Evacuee;205;in triage state;G;is entering helicopter;2
3270,1415,filterLoc,out,Evacuee 206 in triage category G is assigned helicopter 2
3270,1415,filterLoc,,
3270,1416,evacuee,,Evacuee;206;in triage state;G;is entering helicopter;2
3270,1466,filterLoc,out,Evacuee 227 in triage category G is assigned helicopter 2
3270,1466,filterLoc,,
3270,1467,evacuee,,Evacuee;227;in triage state;G;is entering helicopter;2
3270,7,filterEvac,,
3270,107,filterEvac,,
3270,292,filterEvac,,
3270,495,evacuee,outHelo,Evacuee 192 in triage category G is assigned helicopter 2
3270,495,evacuee,,Evacuee;192;in triage state;G;is in helicopter;2
3270,572,filterEvac,,
3270,718,evacuee,outHelo,Evacuee 199 in triage category G is assigned helicopter 2
3270,718,evacuee,,Evacuee;199;in triage state;G;is in helicopter;2
3270,1131,filterEvac,,;Evacuee;185;in triage category;G;is entering helicopter;2;Evacuee;186;in triage category;G;is entering helicopter;2;Evacuee;192;in triage category;G;is entering helicopter;2;Evacuee;199;in triage category;G;is entering helicopter;2;Evacuee;203;in triage category;G;is entering helicopter;2;Evacuee;204;in triage category;G;is entering helicopter;2;Evacuee;205;in triage category;G;is entering helicopter;2;Evacuee;206;in triage category;G;is entering helicopter;2;Evacuee;217;in triage category;G;is entering helicopter;2;Evacuee;227;in triage category;G;is entering helicopter;2
3270,1171,filterEvac,,
3270,1329,evacuee,outHelo,Evacuee 203 in triage category G is assigned helicopter 2
3270,1329,evacuee,,Evacuee;203;in triage state;G;is in helicopter;2
3270,1341,evacuee,outHelo,Evacuee 185 in triage category G is assigned helicopter 2
3270,1341,evacuee,,Evacuee;185;in triage state;G;is in helicopter;2
3270,1344,evacuee,outHelo,Evacuee 186 in triage category G is assigned helicopter 2
3270,1344,evacuee,,Evacuee;186;in triage state;G;is in helicopter;2
3270,1350,evacuee,outHelo,Evacuee 217 in triage category G is assigned helicopter 2
3270,1350,evacuee,,Evacuee;217;in triage state;G;is in helicopter;2
3270,1401,evacuee,outHelo,Evacuee 204 in triage category G is assigned helicopter 2
3270,1401,evacuee,,Evacuee;204;in triage state;G;is in helicopter;2
3270,1407,evacuee,outHelo,Evacuee 205 in triage category G is assigned helicopter 2
3270,1407,evacuee,,Evacuee;205;in triage state;G;is in helicopter;2
3270,1416,evacuee,outHelo,Evacuee 206 in triage category G is assigned helicopter 2
3270,1416,evacuee,,Evacuee;206;in triage state;G;is in helicopter;2
3270,1467,evacuee,outHelo,Evacuee 227 in triage category G is assigned helicopter 2
3270,1467,evacuee,,Evacuee;227;in triage state;G;is in helicopter;2
3270,1131,filterEvac,out,Evacuee 185 in triage category G is assigned helicopter 2
3270,1131,filterEvac,out,Evacuee 186 in triage category G is assigned helicopter 2
3270,1131,filterEvac,out,Evacuee 192 in triage category G is assigned helicopter 2
3270,1131,filterEvac,out,Evacuee 199 in triage category G is assigned helicopter 2
3270,1131,filterEvac,out,Evacuee 203 in triage category G is assigned helicopter 2
3270,1131,filterEvac,out,Evacuee 204 in triage category G is assigned helicopter 2
3270,1131,filterEvac,out,Evacuee 205 in triage category G is assigned helicopter 2
3270,1131,filterEvac,out,Evacuee 206 in triage category G is assigned helicopter 2
3270,1131,filterEvac,out,Evacuee 217 in triage category G is assigned helicopter 2
3270,1131,filterEvac,out,Evacuee 227 in triage category G is assigned helicopter 2
3270,1131,filterEvac,,
3270,1133,helicopter,,Helicopter;2;is loading people at the evacuation site;;and has;10;spots taken
3282.82,3,evacueeManager,,OFF SHIP: White;0;Green;71;Yellow;21;Red;10;Black;318;ON SHIP: White;0;Green;0;Yellow;0;Red;0;Evacuees to Transfer;
3282.82,1464,evacuee,outES,Evacuee 464 in triage category R is not assigned a helicopter
3282.82,1464,evacuee,,Evacuee;464;in triage state;B;is at the evacuation site
3285,4,helipadManager,outHelo,Helicopter 2 is evacuating people2
3285,4,helipadManager,,;No helos are at ES
3285,8,filterES,,
3285,11,filterLoc,,
3285,14,filterLoc,,
3285,17,filterLoc,,
3285,20,filterLoc,,
3285,23,filterLoc,,
3285,26,filterLoc,,
3285,29,filterLoc,,
3285,32,filterLoc,,
3285,35,filterLoc,,
3285,38,filterLoc,,
3285,41,filterLoc,,
3285,44,filterLoc,,
3285,47,filterLoc,,
3285,50,filterLoc,,
3285,53,filterLoc,,
3285,56,filterLoc,,
3285,59,filterLoc,,
3285,62,filterLoc,,
3285,65,filterLoc,,
3285,68,filterLoc,,
3285,71,filterLoc,,
3285,74,filterLoc,,
3285,77,filterLoc,,
3285,80,filterLoc,,
3285,83,filterLoc,,
3285,86,filterLoc,,
3285,89,filterLoc,,
3285,92,filterLoc,,
3285,95,filterLoc,,
3285,98,filterLoc,,
3285,101,filterLoc,,
3285,104,filterLoc,,
3285,108,filterES,,
3285,111,filterLoc,,
3285,114,filterLoc,,
3285,117,filterLoc,,
3285,120,filterLoc,,
3285,123,filterLoc,,
3285,126,filterLoc,,
3285,129,filterLoc,,
3285,132,filterLoc,,
3285,135,filterLoc,,
3285,138,filterLoc,,
3285,141,filterLoc,,
3285,144,filterLoc,,
3285,147,filterLoc,,
3285,150,filterLoc,,
3285,153,filterLoc,,
3285,156,filterLoc,,
3285,159,filterLoc,,
3285,162,filterLoc,,
3285,165,filterLoc,,
3285,168,filterLoc,,
3285,171,filterLoc,,
3285,174,filterLoc,,
3285,177,filterLoc,,
3285,180,filterLoc,,
3285,183,filterLoc,,
3285,186,filterLoc,,
3285,189,filterLoc,,
3285,192,filterLoc,,
3285,195,filterLoc,,
3285,198,filterLoc,,
3285,201,filterLoc,,
3285,204,filterLoc,,
3285,207,filterLoc,,
3285,210,filterLoc,,
3285,213,filterLoc,,
3285,216,filterLoc,,
3285,219,filterLoc,,
3285,222,filterLoc,,
3285,225,filterLoc,,
3285,229,filterLoc,,
3285,232,filterLoc,,
3285,235,filterLoc,,
3285,238,filterLoc,,
3285,241,filterLoc,,
3285,244,filterLoc,,
3285,247,filterLoc,,
3285,250,filterLoc,,
3285,253,filterLoc,,
3285,256,filterLoc,,
3285,259,filterLoc,,
3285,262,filterLoc,,
3285,265,filterLoc,,
3285,268,filterLoc,,
3285,271,filterLoc,,
3285,274,filterLoc,,
3285,277,filterLoc,,
3285,280,filterLoc,,
3285,283,filterLoc,,
3285,286,filterLoc,,
3285,289,filterLoc,,
3285,293,filterES,,
3285,296,filterLoc,,
3285,299,filterLoc,,
3285,302,filterLoc,,
3285,305,filterLoc,,
3285,308,filterLoc,,
3285,311,filterLoc,,
3285,314,filterLoc,,
3285,317,filterLoc,,
3285,320,filterLoc,,
3285,323,filterLoc,,
3285,326,filterLoc,,
3285,329,filterLoc,,
3285,332,filterLoc,,
3285,335,filterLoc,,
3285,338,filterLoc,,
3285,341,filterLoc,,
3285,344,filterLoc,,
3285,347,filterLoc,,
3285,350,filterLoc,,
3285,353,filterLoc,,
3285,356,filterLoc,,
3285,359,filterLoc,,
3285,362,filterLoc,,
3285,365,filterLoc,,
3285,368,filterLoc,,
3285,371,filterLoc,,
3285,374,filterLoc,,
3285,377,filterLoc,,
3285,380,filterLoc,,
3285,383,filterLoc,,
3285,386,filterLoc,,
3285,389,filterLoc,,
3285,392,filterLoc,,
3285,395,filterLoc,,
3285,398,filterLoc,,
3285,401,filterLoc,,
3285,404,filterLoc,,
3285,407,filterLoc,,
3285,410,filterLoc,,
3285,413,filterLoc,,
3285,416,filterLoc,,
3285,419,filterLoc,,
3285,422,filterLoc,,
3285,425,filterLoc,,
3285,428,filterLoc,,
3285,431,filterLoc,,
3285,434,filterLoc,,
3285,437,filterLoc,,
3285,440,filterLoc,,
3285,443,filterLoc,,
3285,446,filterLoc,,
3285,449,filterLoc,,
3285,452,filterLoc,,
3285,455,filterLoc,,
3285,458,filterLoc,,
3285,461,filterLoc,,
3285,464,filterLoc,,
3285,467,filterLoc,,
3285,470,filterLoc,,
3285,473,filterLoc,,
3285,476,filterLoc,,
3285,479,filterLoc,,
3285,482,filterLoc,,
3285,485,filterLoc,,
3285,488,filterLoc,,
3285,491,filterLoc,,;Evacuee;117;in triage category;G;is leaving helicopter;5
3285,494,filterLoc,,
3285,497,filterLoc,,
3285,500,filterLoc,,
3285,503,filterLoc,,
3285,506,filterLoc,,;Evacuee;118;in triage category;G;is leaving helicopter;5
3285,509,filterLoc,,
3285,512,filterLoc,,
3285,515,filterLoc,,
3285,518,filterLoc,,
3285,521,filterLoc,,
3285,524,filterLoc,,
3285,527,filterLoc,,
3285,530,filterLoc,,
3285,533,filterLoc,,
3285,536,filterLoc,,
3285,539,filterLoc,,
3285,542,filterLoc,,
3285,545,filterLoc,,
3285,548,filterLoc,,
3285,551,filterLoc,,
3285,554,filterLoc,,
3285,557,filterLoc,,
3285,560,filterLoc,,
3285,563,filterLoc,,
3285,566,filterLoc,,
3285,569,filterLoc,,
3285,573,filterES,,
3285,574,helicopter,outEvac,Evacuee 107 in triage category G is not assigned a helicopter
3285,574,helicopter,outEvac,Evacuee 111 in triage category G is not assigned a helicopter
3285,574,helicopter,outEvac,Evacuee 116 in triage category G is not assigned a helicopter
3285,574,helicopter,outEvac,Evacuee 117 in triage category G is not assigned a helicopter
3285,574,helicopter,outEvac,Evacuee 118 in triage category G is not assigned a helicopter
3285,574,helicopter,outEvac,Evacuee 119 in triage category G is not assigned a helicopter
3285,574,helicopter,outEvac,Evacuee 120 in triage category G is not assigned a helicopter
3285,574,helicopter,outEvac,Evacuee 124 in triage category G is not assigned a helicopter
3285,574,helicopter,outEvac,Evacuee 126 in triage category G is not assigned a helicopter
3285,574,helicopter,outEvac,Evacuee 127 in triage category G is not assigned a helicopter
3285,574,helicopter,,Helicopter;5;is unloading people at the FOL;;and has;0;spots taken
3285,576,filterLoc,,;Evacuee;124;in triage category;G;is leaving helicopter;5
3285,579,filterLoc,,;Evacuee;111;in triage category;G;is leaving helicopter;5
3285,582,filterLoc,,
3285,585,filterLoc,,
3285,588,filterLoc,,
3285,591,filterLoc,,
3285,594,filterLoc,,
3285,597,filterLoc,,
3285,600,filterLoc,,
3285,603,filterLoc,,
3285,606,filterLoc,,
3285,609,filterLoc,,
3285,612,filterLoc,,
3285,615,filterLoc,,
3285,618,filterLoc,,
3285,621,filterLoc,,
3285,624,filterLoc,,
3285,627,filterLoc,,
3285,630,filterLoc,,
3285,633,filterLoc,,;Evacuee;127;in triage category;G;is leaving helicopter;5
3285,636,filterLoc,,
3285,639,filterLoc,,
3285,642,filterLoc,,
3285,645,filterLoc,,
3285,648,filterLoc,,
3285,651,filterLoc,,
3285,654,filterLoc,,
3285,657,filterLoc,,
3285,660,filterLoc,,
3285,663,filterLoc,,
3285,666,filterLoc,,
3285,669,filterLoc,,
3285,672,filterLoc,,
3285,675,filterLoc,,
3285,678,filterLoc,,
3285,681,filterLoc,,
3285,684,filterLoc,,
3285,687,filterLoc,,
3285,690,filterLoc,,
3285,693,filterLoc,,
3285,696,filterLoc,,
3285,699,filterLoc,,
3285,702,filterLoc,,
3285,705,filterLoc,,
3285,708,filterLoc,,
3285,711,filterLoc,,
3285,714,filterLoc,,
3285,717,filterLoc,,
3285,720,filterLoc,,
3285,723,filterLoc,,
3285,726,filterLoc,,
3285,729,filterLoc,,
3285,732,filterLoc,,
3285,735,filterLoc,,
3285,738,filterLoc,,
3285,741,filterLoc,,
3285,744,filterLoc,,
3285,747,filterLoc,,
3285,750,filterLoc,,
3285,753,filterLoc,,
3285,756,filterLoc,,
3285,759,filterLoc,,
3285,762,filterLoc,,
3285,765,filterLoc,,
3285,768,filterLoc,,
3285,771,filterLoc,,
3285,774,filterLoc,,
3285,777,filterLoc,,
3285,780,filterLoc,,
3285,783,filterLoc,,
3285,786,filterLoc,,;Evacuee;107;in triage category;G;is leaving helicopter;5
3285,789,filterLoc,,
3285,792,filterLoc,,
3285,795,filterLoc,,
3285,798,filterLoc,,
3285,801,filterLoc,,
3285,804,filterLoc,,
3285,807,filterLoc,,
3285,810,filterLoc,,
3285,813,filterLoc,,
3285,816,filterLoc,,
3285,819,filterLoc,,
3285,822,filterLoc,,
3285,825,filterLoc,,
3285,828,filterLoc,,
3285,831,filterLoc,,
3285,834,filterLoc,,
3285,837,filterLoc,,
3285,840,filterLoc,,
3285,843,filterLoc,,
3285,846,filterLoc,,
3285,849,filterLoc,,
3285,852,filterLoc,,
3285,855,filterLoc,,
3285,858,filterLoc,,
3285,861,filterLoc,,
3285,864,filterLoc,,
3285,867,filterLoc,,
3285,870,filterLoc,,
3285,873,filterLoc,,
3285,876,filterLoc,,
3285,879,filterLoc,,
3285,882,filterLoc,,
3285,885,filterLoc,,
3285,888,filterLoc,,
3285,891,filterLoc,,
3285,894,filterLoc,,
3285,897,filterLoc,,
3285,900,filterLoc,,
3285,903,filterLoc,,
3285,906,filterLoc,,
3285,909,filterLoc,,
3285,912,filterLoc,,;Evacuee;119;in triage category;G;is leaving helicopter;5
3285,915,filterLoc,,
3285,918,filterLoc,,
3285,921,filterLoc,,
3285,924,filterLoc,,
3285,927,filterLoc,,
3285,930,filterLoc,,
3285,933,filterLoc,,
3285,936,filterLoc,,
3285,939,filterLoc,,
3285,942,filterLoc,,
3285,945,filterLoc,,
3285,948,filterLoc,,
3285,951,filterLoc,,
3285,954,filterLoc,,
3285,957,filterLoc,,
3285,960,filterLoc,,
3285,963,filterLoc,,
3285,966,filterLoc,,
3285,969,filterLoc,,
3285,972,filterLoc,,
3285,975,filterLoc,,
3285,978,filterLoc,,
3285,981,filterLoc,,;Evacuee;116;in triage category;G;is leaving helicopter;5
3285,984,filterLoc,,
3285,987,filterLoc,,
3285,990,filterLoc,,
3285,993,filterLoc,,
3285,996,filterLoc,,
3285,999,filterLoc,,
3285,1002,filterLoc,,
3285,1005,filterLoc,,
3285,1008,filterLoc,,
3285,1011,filterLoc,,
3285,1014,filterLoc,,
3285,1017,filterLoc,,
3285,1020,filterLoc,,
3285,1023,filterLoc,,
3285,1026,filterLoc,,
3285,1029,filterLoc,,
3285,1032,filterLoc,,
3285,1035,filterLoc,,
3285,1038,filterLoc,,
3285,1041,filterLoc,,
3285,1044,filterLoc,,
3285,1047,filterLoc,,
3285,1050,filterLoc,,
3285,1053,filterLoc,,
3285,1056,filterLoc,,
3285,1059,filterLoc,,
3285,1062,filterLoc,,
3285,1065,filterLoc,,
3285,1068,filterLoc,,
3285,1071,filterLoc,,
3285,1074,filterLoc,,
3285,1077,filterLoc,,
3285,1080,filterLoc,,
3285,1083,filterLoc,,
3285,1086,filterLoc,,
3285,1089,filterLoc,,
3285,1092,filterLoc,,
3285,1095,filterLoc,,
3285,1098,filterLoc,,
3285,1101,filterLoc,,
3285,1104,filterLoc,,
3285,1107,filterLoc,,
3285,1110,filterLoc,,
3285,1113,filterLoc,,
3285,1116,filterLoc,,
3285,1119,filterLoc,,
3285,1122,filterLoc,,
3285,1125,filterLoc,,
3285,1128,filterLoc,,;Evacuee;120;in triage category;G;is leaving helicopter;5
3285,1132,filterES,,Helicopter;2;is evacuating people
3285,1135,filterLoc,,
3285,1138,filterLoc,,
3285,1141,filterLoc,,
3285,1144,filterLoc,,
3285,1147,filterLoc,,
3285,1150,filterLoc,,
3285,1153,filterLoc,,
3285,1156,filterLoc,,
3285,1159,filterLoc,,
3285,1162,filterLoc,,
3285,1165,filterLoc,,
3285,1168,filterLoc,,
3285,1172,filterES,,
3285,1175,filterLoc,,
3285,1178,filterLoc,,
3285,1181,filterLoc,,
3285,1184,filterLoc,,
3285,1187,filterLoc,,
3285,1190,filterLoc,,
3285,1193,filterLoc,,
3285,1196,filterLoc,,
3285,1199,filterLoc,,
3285,1202,filterLoc,,
3285,1205,filterLoc,,
3285,1208,filterLoc,,
3285,1211,filterLoc,,
3285,1214,filterLoc,,
3285,1217,filterLoc,,
3285,1220,filterLoc,,
3285,1223,filterLoc,,
3285,1226,filterLoc,,
3285,1229,filterLoc,,
3285,1232,filterLoc,,
3285,1235,filterLoc,,
3285,1238,filterLoc,,
3285,1241,filterLoc,,
3285,1244,filterLoc,,
3285,1247,filterLoc,,
3285,1250,filterLoc,,
3285,1253,filterLoc,,
3285,1256,filterLoc,,
3285,1259,filterLoc,,
3285,1262,filterLoc,,;Evacuee;126;in triage category;G;is leaving helicopter;5
3285,1265,filterLoc,,
3285,1268,filterLoc,,
3285,1271,filterLoc,,
3285,1274,filterLoc,,
3285,1277,filterLoc,,
3285,1280,filterLoc,,
3285,1283,filterLoc,,
3285,1286,filterLoc,,
3285,1289,filterLoc,,
3285,1292,filterLoc,,
3285,1295,filterLoc,,
3285,1298,filterLoc,,
3285,1301,filterLoc,,
3285,1304,filterLoc,,
3285,1307,filterLoc,,
3285,1310,filterLoc,,
3285,1313,filterLoc,,
3285,1316,filterLoc,,
3285,1319,filterLoc,,
3285,1322,filterLoc,,
3285,1325,filterLoc,,
3285,1328,filterLoc,,
3285,1331,filterLoc,,
3285,1334,filterLoc,,
3285,1337,filterLoc,,
3285,1340,filterLoc,,
3285,1343,filterLoc,,
3285,1346,filterLoc,,
3285,1349,filterLoc,,
3285,1352,filterLoc,,
3285,1355,filterLoc,,
3285,1358,filterLoc,,
3285,1361,filterLoc,,
3285,1364,filterLoc,,
3285,1367,filterLoc,,
3285,1370,filterLoc,,
3285,1373,filterLoc,,
3285,1376,filterLoc,,
3285,1379,filterLoc,,
3285,1382,filterLoc,,
3285,1385,filterLoc,,
3285,1388,filterLoc,,
3285,1391,filterLoc,,
3285,1394,filterLoc,,
3285,1397,filterLoc,,
3285,1400,filterLoc,,
3285,1403,filterLoc,,
3285,1406,filterLoc,,
3285,1409,filterLoc,,
3285,1412,filterLoc,,
3285,1415,filterLoc,,
3285,1418,filterLoc,,
3285,1421,filterLoc,,
3285,1424,filterLoc,,
3285,1427,filterLoc,,
3285,1430,filterLoc,,
3285,1433,filterLoc,,
3285,1436,filterLoc,,
3285,1439,filterLoc,,
3285,1442,filterLoc,,
3285,1445,filterLoc,,
3285,1448,filterLoc,,
3285,1451,filterLoc,,
3285,1454,filterLoc,,
3285,1457,filterLoc,,
3285,1460,filterLoc,,
3285,1463,filterLoc,,
3285,1466,filterLoc,,
3285,1469,filterLoc,,
3285,1472,filterLoc,,
3285,1475,filterLoc,,
3285,1478,filterLoc,,
3285,1481,filterLoc,,
3285,1484,filterLoc,,
3285,1487,filterLoc,,
3285,1490,filterLoc,,
3285,1493,filterLoc,,
3285,1496,filterLoc,,
3285,1499,filterLoc,,
3285,1502,filterLoc,,
3285,1505,filterLoc,,
3285,1508,filterLoc,,
3285,1511,filterLoc,,
3285,1514,filterLoc,,
3285,1517,filterLoc,,
3285,1520,filterLoc,,
3285,1523,filterLoc,,
3285,1526,filterLoc,,
3285,1529,filterLoc,,
3285,4,helipadManager,outHQ,0
3285,4,helipadManager,,;No helos are at ES
3285,5,helicopterQueue,,;No helos are waiting to land
3285,491,filterLoc,out,Evacuee 117 in triage category G is not assigned a helicopter
3285,491,filterLoc,,
3285,492,evacuee,,Evacuee;117;in triage state;G;is entering the FOL
3285,506,filterLoc,out,Evacuee 118 in triage category G is not assigned a helicopter
3285,506,filterLoc,,
3285,507,evacuee,,Evacuee;118;in triage state;G;is entering the FOL
3285,576,filterLoc,out,Evacuee 124 in triage category G is not assigned a helicopter
3285,576,filterLoc,,
3285,577,evacuee,,Evacuee;124;in triage state;G;is entering the FOL
3285,579,filterLoc,out,Evacuee 111 in triage category G is not assigned a helicopter
3285,579,filterLoc,,
3285,580,evacuee,,Evacuee;111;in triage state;G;is entering the FOL
3285,633,filterLoc,out,Evacuee 127 in triage category G is not assigned a helicopter
3285,633,filterLoc,,
3285,634,evacuee,,Evacuee;127;in triage state;G;is entering the FOL
3285,786,filterLoc,out,Evacuee 107 in triage category G is not assigned a helicopter
3285,786,filterLoc,,
3285,787,evacuee,,Evacuee;107;in triage state;G;is entering the FOL
3285,912,filterLoc,out,Evacuee 119 in triage category G is not assigned a helicopter
3285,912,filterLoc,,
3285,913,evacuee,,Evacuee;119;in triage state;G;is entering the FOL
3285,981,filterLoc,out,Evacuee 116 in triage category G is not assigned a helicopter
3285,981,filterLoc,,
3285,982,evacuee,,Evacuee;116;in triage state;G;is entering the FOL
3285,1128,filterLoc,out,Evacuee 120 in triage category G is not assigned a helicopter
3285,1128,filterLoc,,
3285,1129,evacuee,,Evacuee;120;in triage state;G;is entering the FOL
3285,1132,filterES,out,Helicopter 2 is evacuating people2
3285,1132,filterES,,
3285,1133,helicopter,,Helicopter;2;is loading people at the evacuation site;;and has;10;spots taken
3285,1262,filterLoc,out,Evacuee 126 in triage category G is not assigned a helicopter
3285,1262,filterLoc,,
3285,1263,evacuee,,Evacuee;126;in triage state;G;is entering the FOL
3285,5,helicopterQueue,,;No helos are waiting to land
3285,227,FOL,,;EvacueeID;5;Triage Status;G;EvacueeID;6;Triage Status;G;EvacueeID;7;Triage Status;G;EvacueeID;9;Triage Status;G;EvacueeID;16;Triage Status;G;EvacueeID;19;Triage Status;G;EvacueeID;20;Triage Status;G;EvacueeID;25;Triage Status;G;EvacueeID;28;Triage Status;G;EvacueeID;32;Triage Status;G;EvacueeID;34;Triage Status;G;EvacueeID;35;Triage Status;G;EvacueeID;40;Triage Status;G;EvacueeID;41;Triage Status;G;EvacueeID;44;Triage Status;G;EvacueeID;49;Triage Status;G;EvacueeID;50;Triage Status;G;EvacueeID;51;Triage Status;G;EvacueeID;52;Triage Status;G;EvacueeID;58;Triage Status;G;EvacueeID;61;Triage Status;G;EvacueeID;63;Triage Status;G;EvacueeID;64;Triage Status;G;EvacueeID;70;Triage Status;G;EvacueeID;73;Triage Status;G;EvacueeID;74;Triage Status;G;EvacueeID;76;Triage Status;G;EvacueeID;81;Triage Status;G;EvacueeID;83;Triage Status;G;EvacueeID;86;Triage Status;G;EvacueeID;87;Triage Status;G;EvacueeID;89;Triage Status;G;EvacueeID;90;Triage Status;G;EvacueeID;92;Triage Status;G;EvacueeID;94;Triage Status;G;EvacueeID;97;Triage Status;G;EvacueeID;102;Triage Status;G;EvacueeID;103;Triage Status;G;EvacueeID;104;Triage Status;G;EvacueeID;105;Triage Status;G;EvacueeID;107;Triage Status;G;EvacueeID;111;Triage Status;G;EvacueeID;116;Triage Status;G;EvacueeID;117;Triage Status;G;EvacueeID;118;Triage Status;G;EvacueeID;119;Triage Status;G;EvacueeID;120;Triage Status;G;EvacueeID;124;Triage Status;G;EvacueeID;126;Triage Status;G;EvacueeID;127;Triage Status;G;Lives Saved;50
3285,492,evacuee,outFOL,Evacuee 117 in triage category G is not assigned a helicopter
3285,492,evacuee,,Evacuee;117;in triage state;G;is at the FOL
3285,507,evacuee,outFOL,Evacuee 118 in triage category G is not assigned a helicopter
3285,507,evacuee,,Evacuee;118;in triage state;G;is at the FOL
3285,577,evacuee,outFOL,Evacuee 124 in triage category G is not assigned a helicopter
3285,577,evacuee,,Evacuee;124;in triage state;G;is at the FOL
3285,580,evacuee,outFOL,Evacuee 111 in triage category G is not assigned a helicopter
3285,580,evacuee,,Evacuee;111;in triage state;G;is at the FOL
3285,634,evacuee,outFOL,Evacuee 127 in triage category G is not assigned a helicopter
3285,634,evacuee,,Evacuee;127;in triage state;G;is at the FOL
3285,787,evacuee,outFOL,Evacuee 107 in triage category G is not assigned a helicopter
3285,787,evacuee,,Evacuee;107;in triage state;G;is at the FOL
3285,913,evacuee,outFOL,Evacuee 119 in triage category G is not assigned a helicopter
3285,913,evacuee,,Evacuee;119;in triage state;G;is at the FOL
3285,982,evacuee,outFOL,Evacuee 116 in triage category G is not assigned a helicopter
3285,982,evacuee,,Evacuee;116;in triage state;G;is at the FOL
3285,1129,evacuee,outFOL,Evacuee 120 in triage category G is not assigned a helicopter
3285,1129,evacuee,,Evacuee;120;in triage state;G;is at the FOL
3285,1133,helicopter,,Helicopter;2;is returning to the FOL;;and has;10;spots taken
3285,1263,evacuee,outFOL,Evacuee 126 in triage category G is not assigned a helicopter
3285,1263,evacuee,,Evacuee;126;in triage state;G;is at the FOL
3285,227,FOL,,;EvacueeID;5;Triage Status;G;EvacueeID;6;Triage Status;G;EvacueeID;7;Triage Status;G;EvacueeID;9;Triage Status;G;EvacueeID;16;Triage Status;G;EvacueeID;19;Triage Status;G;EvacueeID;20;Triage Status;G;EvacueeID;25;Triage Status;G;EvacueeID;28;Triage Status;G;EvacueeID;32;Triage Status;G;EvacueeID;34;Triage Status;G;EvacueeID;35;Triage Status;G;EvacueeID;40;Triage Status;G;EvacueeID;41;Triage Status;G;EvacueeID;44;Triage Status;G;EvacueeID;49;Triage Status;G;EvacueeID;50;Triage Status;G;EvacueeID;51;Triage Status;G;EvacueeID;52;Triage Status;G;EvacueeID;58;Triage Status;G;EvacueeID;61;Triage Status;G;EvacueeID;63;Triage Status;G;EvacueeID;64;Triage Status;G;EvacueeID;70;Triage Status;G;EvacueeID;73;Triage Status;G;EvacueeID;74;Triage Status;G;EvacueeID;76;Triage Status;G;EvacueeID;81;Triage Status;G;EvacueeID;83;Triage Status;G;EvacueeID;86;Triage Status;G;EvacueeID;87;Triage Status;G;EvacueeID;89;Triage Status;G;EvacueeID;90;Triage Status;G;EvacueeID;92;Triage Status;G;EvacueeID;94;Triage Status;G;EvacueeID;97;Triage Status;G;EvacueeID;102;Triage Status;G;EvacueeID;103;Triage Status;G;EvacueeID;104;Triage Status;G;EvacueeID;105;Triage Status;G;EvacueeID;107;Triage Status;G;EvacueeID;111;Triage Status;G;EvacueeID;116;Triage Status;G;EvacueeID;117;Triage Status;G;EvacueeID;118;Triage Status;G;EvacueeID;119;Triage Status;G;EvacueeID;120;Triage Status;G;EvacueeID;124;Triage Status;G;EvacueeID;126;Triage Status;G;EvacueeID;127;Triage Status;G;Lives Saved;50
3300,574,helicopter,,Helicopter;5;Is going to the evacuation site;;and has;0;spots taken
3311.2,3,evacueeManager,,OFF SHIP: White;0;Green;71;Yellow;21;Red;9;Black;319;ON SHIP: White;0;Green;0;Yellow;0;Red;0;Evacuees to Transfer;
3311.2,396,evacuee,outES,Evacuee 415 in triage category R is not assigned a helicopter
3311.2,396,evacuee,,Evacuee;415;in triage state;B;is at the evacuation site
3330,5,helicopterQueue,,1;Helos are waiting to land;HeloID;3
3330,109,helicopter,outES,Helicopter 3 is evacuating people3
3330,109,helicopter,,Helicopter;3;is waiting to land at the evacuation site;;and has;0;spots taken
3330,4,helipadManager,,;No helos are at ES
3330,5,helicopterQueue,outHM,Helicopter 3 is evacuating people3
3330,5,helicopterQueue,outHelo,Helicopter 3 is evacuating people3
3330,5,helicopterQueue,,;No helos are waiting to land
3330,8,filterES,,
3330,108,filterES,,Helicopter;3;is evacuating people
3330,293,filterES,,
3330,573,filterES,,
3330,1132,filterES,,
3330,1172,filterES,,
3330,3,evacueeManager,,OFF SHIP: White;0;Green;61;Yellow;21;Red;9;Black;319;ON SHIP: White;0;Green;0;Yellow;0;Red;0;Evacuees to Transfer;;EvacueeID;232;HeloID;3;OnShip;0;Triage Status;G;EvacueeID;233;HeloID;3;OnShip;0;Triage Status;G;EvacueeID;234;HeloID;3;OnShip;0;Triage Status;G;EvacueeID;235;HeloID;3;OnShip;0;Triage Status;G;EvacueeID;236;HeloID;3;OnShip;0;Triage Status;G;EvacueeID;237;HeloID;3;OnShip;0;Triage Status;G;EvacueeID;245;HeloID;3;OnShip;0;Triage Status;G;EvacueeID;250;HeloID;3;OnShip;0;Triage Status;G;EvacueeID;251;HeloID;3;OnShip;0;Triage Status;G;EvacueeID;266;HeloID;3;OnShip;0;Triage Status;G
3330,4,helipadManager,outEM,Helicopter 3 is evacuating people3
3330,4,helipadManager,,Helo;3;is at the ES
3330,108,filterES,out,Helicopter 3 is evacuating people3
3330,108,filterES,,
3330,109,helicopter,,Helicopter;3;is waiting to land at the evacuation site;;and has;0;spots taken
3330,3,evacueeManager,outEvac,Evacuee 232 in triage category G is assigned helicopter 3
3330,3,evacueeManager,outEvac,Evacuee 233 in triage category G is assigned helicopter 3
3330,3,evacueeManager,outEvac,Evacuee 234 in triage category G is assigned helicopter 3
3330,3,evacueeManager,outEvac,Evacuee 235 in triage category G is assigned helicopter 3
3330,3,evacueeManager,outEvac,Evacuee 236 in triage category G is assigned helicopter 3
3330,3,evacueeManager,outEvac,Evacuee 237 in triage category G is assigned helicopter 3
3330,3,evacueeManager,outEvac,Evacuee 245 in triage category G is assigned helicopter 3
3330,3,evacueeManager,outEvac,Evacuee 250 in triage category G is assigned helicopter 3
3330,3,evacueeManager,outEvac,Evacuee 251 in triage category G is assigned helicopter 3
3330,3,evacueeManager,outEvac,Evacuee 266 in triage category G is assigned helicopter 3
3330,3,evacueeManager,,OFF SHIP: White;0;Green;61;Yellow;21;Red;9;Black;319;ON SHIP: White;0;Green;0;Yellow;0;Red;0;Evacuees to Transfer;
3330,11,filterLoc,,
3330,14,filterLoc,,
3330,17,filterLoc,,
3330,20,filterLoc,,
3330,23,filterLoc,,
3330,26,filterLoc,,
3330,29,filterLoc,,
3330,32,filterLoc,,
3330,35,filterLoc,,
3330,38,filterLoc,,
3330,41,filterLoc,,
3330,44,filterLoc,,
3330,47,filterLoc,,
3330,50,filterLoc,,
3330,53,filterLoc,,
3330,56,filterLoc,,
3330,59,filterLoc,,
3330,62,filterLoc,,
3330,65,filterLoc,,
3330,68,filterLoc,,
3330,71,filterLoc,,
3330,74,filterLoc,,
3330,77,filterLoc,,
3330,80,filterLoc,,
3330,83,filterLoc,,
3330,86,filterLoc,,
3330,89,filterLoc,,
3330,92,filterLoc,,
3330,95,filterLoc,,
3330,98,filterLoc,,
3330,101,filterLoc,,
3330,104,filterLoc,,
3330,109,helicopter,,Helicopter;3;is loading people at the evacuation site;;and has;0;spots taken
3330,111,filterLoc,,
3330,114,filterLoc,,
3330,117,filterLoc,,
3330,120,filterLoc,,
3330,123,filterLoc,,
3330,126,filterLoc,,
3330,129,filterLoc,,
3330,132,filterLoc,,
3330,135,filterLoc,,
3330,138,filterLoc,,
3330,141,filterLoc,,
3330,144,filterLoc,,
3330,147,filterLoc,,
3330,150,filterLoc,,
3330,153,filterLoc,,
3330,156,filterLoc,,
3330,159,filterLoc,,
3330,162,filterLoc,,
3330,165,filterLoc,,
3330,168,filterLoc,,
3330,171,filterLoc,,
3330,174,filterLoc,,
3330,177,filterLoc,,
3330,180,filterLoc,,
3330,183,filterLoc,,
3330,186,filterLoc,,
3330,189,filterLoc,,
3330,192,filterLoc,,
3330,195,filterLoc,,
3330,198,filterLoc,,
3330,201,filterLoc,,
3330,204,filterLoc,,
3330,207,filterLoc,,
3330,210,filterLoc,,
3330,213,filterLoc,,
3330,216,filterLoc,,
3330,219,filterLoc,,
3330,222,filterLoc,,
3330,225,filterLoc,,
3330,229,filterLoc,,
3330,232,filterLoc,,
3330,235,filterLoc,,
3330,238,filterLoc,,
3330,241,filterLoc,,
3330,244,filterLoc,,
3330,247,filterLoc,,
3330,250,filterLoc,,
3330,253,filterLoc,,
3330,256,filterLoc,,
3330,259,filterLoc,,
3330,262,filterLoc,,
3330,265,filterLoc,,
3330,268,filterLoc,,
3330,271,filterLoc,,
3330,274,filterLoc,,
3330,277,filterLoc,,
3330,280,filterLoc,,
3330,283,filterLoc,,
3330,286,filterLoc,,
3330,289,filterLoc,,
3330,296,filterLoc,,
3330,299,filterLoc,,
3330,302,filterLoc,,
3330,305,filterLoc,,
3330,308,filterLoc,,
3330,311,filterLoc,,
3330,314,filterLoc,,
3330,317,filterLoc,,
3330,320,filterLoc,,
3330,323,filterLoc,,
3330,326,filterLoc,,
3330,329,filterLoc,,
3330,332,filterLoc,,
3330,335,filterLoc,,
3330,338,filterLoc,,
3330,341,filterLoc,,
3330,344,filterLoc,,
3330,347,filterLoc,,
3330,350,filterLoc,,
3330,353,filterLoc,,
3330,356,filterLoc,,
3330,359,filterLoc,,
3330,362,filterLoc,,
3330,365,filterLoc,,
3330,368,filterLoc,,
3330,371,filterLoc,,
3330,374,filterLoc,,
3330,377,filterLoc,,
3330,380,filterLoc,,
3330,383,filterLoc,,
3330,386,filterLoc,,
3330,389,filterLoc,,
3330,392,filterLoc,,
3330,395,filterLoc,,
3330,398,filterLoc,,
3330,401,filterLoc,,
3330,404,filterLoc,,
3330,407,filterLoc,,
3330,410,filterLoc,,
3330,413,filterLoc,,
3330,416,filterLoc,,
3330,419,filterLoc,,
3330,422,filterLoc,,
3330,425,filterLoc,,
3330,428,filterLoc,,
3330,431,filterLoc,,
3330,434,filterLoc,,
3330,437,filterLoc,,
3330,440,filterLoc,,
3330,443,filterLoc,,
3330,446,filterLoc,,
3330,449,filterLoc,,
3330,452,filterLoc,,
3330,455,filterLoc,,
3330,458,filterLoc,,
3330,461,filterLoc,,
3330,464,filterLoc,,
3330,467,filterLoc,,
3330,470,filterLoc,,
3330,473,filterLoc,,
3330,476,filterLoc,,
3330,479,filterLoc,,
3330,482,filterLoc,,
3330,485,filterLoc,,
3330,488,filterLoc,,
3330,491,filterLoc,,
3330,494,filterLoc,,
3330,497,filterLoc,,
3330,500,filterLoc,,;Evacuee;245;in triage category;G;is entering helicopter;3
3330,503,filterLoc,,
3330,506,filterLoc,,
3330,509,filterLoc,,
3330,512,filterLoc,,
3330,515,filterLoc,,
3330,518,filterLoc,,
3330,521,filterLoc,,
3330,524,filterLoc,,
3330,527,filterLoc,,
3330,530,filterLoc,,
3330,533,filterLoc,,
3330,536,filterLoc,,
3330,539,filterLoc,,
3330,542,filterLoc,,
3330,545,filterLoc,,
3330,548,filterLoc,,
3330,551,filterLoc,,
3330,554,filterLoc,,
3330,557,filterLoc,,;Evacuee;235;in triage category;G;is entering helicopter;3
3330,560,filterLoc,,
3330,563,filterLoc,,
3330,566,filterLoc,,
3330,569,filterLoc,,
3330,576,filterLoc,,
3330,579,filterLoc,,
3330,582,filterLoc,,
3330,585,filterLoc,,
3330,588,filterLoc,,
3330,591,filterLoc,,
3330,594,filterLoc,,
3330,597,filterLoc,,
3330,600,filterLoc,,
3330,603,filterLoc,,
3330,606,filterLoc,,
3330,609,filterLoc,,
3330,612,filterLoc,,
3330,615,filterLoc,,
3330,618,filterLoc,,
3330,621,filterLoc,,
3330,624,filterLoc,,
3330,627,filterLoc,,
3330,630,filterLoc,,
3330,633,filterLoc,,
3330,636,filterLoc,,
3330,639,filterLoc,,
3330,642,filterLoc,,
3330,645,filterLoc,,
3330,648,filterLoc,,
3330,651,filterLoc,,
3330,654,filterLoc,,
3330,657,filterLoc,,
3330,660,filterLoc,,
3330,663,filterLoc,,
3330,666,filterLoc,,
3330,669,filterLoc,,
3330,672,filterLoc,,
3330,675,filterLoc,,
3330,678,filterLoc,,
3330,681,filterLoc,,
3330,684,filterLoc,,
3330,687,filterLoc,,
3330,690,filterLoc,,
3330,693,filterLoc,,
3330,696,filterLoc,,
3330,699,filterLoc,,
3330,702,filterLoc,,
3330,705,filterLoc,,
3330,708,filterLoc,,;Evacuee;251;in triage category;G;is entering helicopter;3
3330,711,filterLoc,,
3330,714,filterLoc,,
3330,717,filterLoc,,
3330,720,filterLoc,,
3330,723,filterLoc,,
3330,726,filterLoc,,
3330,729,filterLoc,,
3330,732,filterLoc,,
3330,735,filterLoc,,
3330,738,filterLoc,,
3330,741,filterLoc,,
3330,744,filterLoc,,
3330,747,filterLoc,,
3330,750,filterLoc,,
3330,753,filterLoc,,
3330,756,filterLoc,,
3330,759,filterLoc,,
3330,762,filterLoc,,
3330,765,filterLoc,,
3330,768,filterLoc,,
3330,771,filterLoc,,
3330,774,filterLoc,,
3330,777,filterLoc,,
3330,780,filterLoc,,
3330,783,filterLoc,,;Evacuee;250;in triage category;G;is entering helicopter;3
3330,786,filterLoc,,
3330,789,filterLoc,,
3330,792,filterLoc,,
3330,795,filterLoc,,
3330,798,filterLoc,,
3330,801,filterLoc,,
3330,804,filterLoc,,
3330,807,filterLoc,,
3330,810,filterLoc,,
3330,813,filterLoc,,
3330,816,filterLoc,,
3330,819,filterLoc,,
3330,822,filterLoc,,
3330,825,filterLoc,,
3330,828,filterLoc,,
3330,831,filterLoc,,
3330,834,filterLoc,,
3330,837,filterLoc,,
3330,840,filterLoc,,
3330,843,filterLoc,,
3330,846,filterLoc,,
3330,849,filterLoc,,
3330,852,filterLoc,,
3330,855,filterLoc,,
3330,858,filterLoc,,
3330,861,filterLoc,,
3330,864,filterLoc,,
3330,867,filterLoc,,
3330,870,filterLoc,,
3330,873,filterLoc,,
3330,876,filterLoc,,
3330,879,filterLoc,,
3330,882,filterLoc,,
3330,885,filterLoc,,
3330,888,filterLoc,,
3330,891,filterLoc,,
3330,894,filterLoc,,
3330,897,filterLoc,,
3330,900,filterLoc,,
3330,903,filterLoc,,
3330,906,filterLoc,,
3330,909,filterLoc,,
3330,912,filterLoc,,
3330,915,filterLoc,,
3330,918,filterLoc,,
3330,921,filterLoc,,
3330,924,filterLoc,,
3330,927,filterLoc,,
3330,930,filterLoc,,
3330,933,filterLoc,,
3330,936,filterLoc,,
3330,939,filterLoc,,
3330,942,filterLoc,,
3330,945,filterLoc,,
3330,948,filterLoc,,
3330,951,filterLoc,,
3330,954,filterLoc,,
3330,957,filterLoc,,
3330,960,filterLoc,,
3330,963,filterLoc,,
3330,966,filterLoc,,
3330,969,filterLoc,,
3330,972,filterLoc,,
3330,975,filterLoc,,
3330,978,filterLoc,,
3330,981,filterLoc,,
3330,984,filterLoc,,
3330,987,filterLoc,,
3330,990,filterLoc,,
3330,993,filterLoc,,
3330,996,filterLoc,,
3330,999,filterLoc,,
3330,1002,filterLoc,,
3330,1005,filterLoc,,
3330,1008,filterLoc,,
3330,1011,filterLoc,,
3330,1014,filterLoc,,
3330,1017,filterLoc,,
3330,1020,filterLoc,,
3330,1023,filterLoc,,
3330,1026,filterLoc,,
3330,1029,filterLoc,,
3330,1032,filterLoc,,
3330,1035,filterLoc,,
3330,1038,filterLoc,,
3330,1041,filterLoc,,
3330,1044,filterLoc,,
3330,1047,filterLoc,,
3330,1050,filterLoc,,
3330,1053,filterLoc,,
3330,1056,filterLoc,,
3330,1059,filterLoc,,
3330,1062,filterLoc,,
3330,1065,filterLoc,,
3330,1068,filterLoc,,
3330,1071,filterLoc,,
3330,1074,filterLoc,,
3330,1077,filterLoc,,
3330,1080,filterLoc,,
3330,1083,filterLoc,,
3330,1086,filterLoc,,
3330,1089,filterLoc,,
3330,1092,filterLoc,,
3330,1095,filterLoc,,
3330,1098,filterLoc,,
3330,1101,filterLoc,,
3330,1104,filterLoc,,
3330,1107,filterLoc,,
3330,1110,filterLoc,,
3330,1113,filterLoc,,
3330,1116,filterLoc,,
3330,1119,filterLoc,,
3330,1122,filterLoc,,
3330,1125,filterLoc,,;Evacuee;266;in triage category;G;is entering helicopter;3
3330,1128,filterLoc,,
3330,1135,filterLoc,,
3330,1138,filterLoc,,
3330,1141,filterLoc,,
3330,1144,filterLoc,,
3330,1147,filterLoc,,
3330,1150,filterLoc,,
3330,1153,filterLoc,,
3330,1156,filterLoc,,
3330,1159,filterLoc,,
3330,1162,filterLoc,,
3330,1165,filterLoc,,
3330,1168,filterLoc,,
3330,1175,filterLoc,,
3330,1178,filterLoc,,
3330,1181,filterLoc,,
3330,1184,filterLoc,,
3330,1187,filterLoc,,
3330,1190,filterLoc,,
3330,1193,filterLoc,,
3330,1196,filterLoc,,
3330,1199,filterLoc,,
3330,1202,filterLoc,,
3330,1205,filterLoc,,
3330,1208,filterLoc,,
3330,1211,filterLoc,,
3330,1214,filterLoc,,
3330,1217,filterLoc,,
3330,1220,filterLoc,,
3330,1223,filterLoc,,
3330,1226,filterLoc,,
3330,1229,filterLoc,,
3330,1232,filterLoc,,
3330,1235,filterLoc,,
3330,1238,filterLoc,,
3330,1241,filterLoc,,
3330,1244,filterLoc,,
3330,1247,filterLoc,,
3330,1250,filterLoc,,
3330,1253,filterLoc,,
3330,1256,filterLoc,,
3330,1259,filterLoc,,
3330,1262,filterLoc,,
3330,1265,filterLoc,,;Evacuee;234;in triage category;G;is entering helicopter;3
3330,1268,filterLoc,,
3330,1271,filterLoc,,
3330,1274,filterLoc,,
3330,1277,filterLoc,,
3330,1280,filterLoc,,
3330,1283,filterLoc,,
3330,1286,filterLoc,,
3330,1289,filterLoc,,
3330,1292,filterLoc,,
3330,1295,filterLoc,,
3330,1298,filterLoc,,
3330,1301,filterLoc,,
3330,1304,filterLoc,,
3330,1307,filterLoc,,
3330,1310,filterLoc,,
3330,1313,filterLoc,,
3330,1316,filterLoc,,
3330,1319,filterLoc,,
3330,1322,filterLoc,,
3330,1325,filterLoc,,
3330,1328,filterLoc,,
3330,1331,filterLoc,,;Evacuee;232;in triage category;G;is entering helicopter;3
3330,1334,filterLoc,,
3330,1337,filterLoc,,
3330,1340,filterLoc,,
3330,1343,filterLoc,,
3330,1346,filterLoc,,
3330,1349,filterLoc,,
3330,1352,filterLoc,,
3330,1355,filterLoc,,
3330,1358,filterLoc,,
3330,1361,filterLoc,,
3330,1364,filterLoc,,
3330,1367,filterLoc,,
3330,1370,filterLoc,,
3330,1373,filterLoc,,
3330,1376,filterLoc,,
3330,1379,filterLoc,,
3330,1382,filterLoc,,
3330,1385,filterLoc,,
3330,1388,filterLoc,,
3330,1391,filterLoc,,
3330,1394,filterLoc,,
3330,1397,filterLoc,,
3330,1400,filterLoc,,
3330,1403,filterLoc,,
3330,1406,filterLoc,,
3330,1409,filterLoc,,
3330,1412,filterLoc,,
3330,1415,filterLoc,,
3330,1418,filterLoc,,
3330,1421,filterLoc,,
3330,1424,filterLoc,,
3330,1427,filterLoc,,
3330,1430,filterLoc,,
3330,1433,filterLoc,,
3330,1436,filterLoc,,
3330,1439,filterLoc,,
3330,1442,filterLoc,,
3330,1445,filterLoc,,
3330,1448,filterLoc,,
3330,1451,filterLoc,,
3330,1454,filterLoc,,
3330,1457,filterLoc,,
3330,1460,filterLoc,,
3330,1463,filterLoc,,
3330,1466,filterLoc,,
3330,1469,filterLoc,,
3330,1472,filterLoc,,
3330,1475,filterLoc,,;Evacuee;233;in triage category;G;is entering helicopter;3
3330,1478,filterLoc,,;Evacuee;236;in triage category;G;is entering helicopter;3
3330,1481,filterLoc,,
3330,1484,filterLoc,,;Evacuee;237;in triage category;G;is entering helicopter;3
3330,1487,filterLoc,,
3330,1490,filterLoc,,
3330,1493,filterLoc,,
3330,1496,filterLoc,,
3330,1499,filterLoc,,
3330,1502,filterLoc,,
3330,1505,filterLoc,,
3330,1508,filterLoc,,
3330,1511,filterLoc,,
3330,1514,filterLoc,,
3330,1517,filterLoc,,
3330,1520,filterLoc,,
3330,1523,filterLoc,,
3330,1526,filterLoc,,
3330,1529,filterLoc,,
3330,500,filterLoc,out,Evacuee 245 in triage category G is assigned helicopter 3
3330,500,filterLoc,,
3330,501,evacuee,,Evacuee;245;in triage state;G;is entering helicopter;3
3330,557,filterLoc,out,Evacuee 235 in triage category G is assigned helicopter 3
3330,557,filterLoc,,
3330,558,evacuee,,Evacuee;235;in triage state;G;is entering helicopter;3
3330,708,filterLoc,out,Evacuee 251 in triage category G is assigned helicopter 3
3330,708,filterLoc,,
3330,709,evacuee,,Evacuee;251;in triage state;G;is entering helicopter;3
3330,783,filterLoc,out,Evacuee 250 in triage category G is assigned helicopter 3
3330,783,filterLoc,,
3330,784,evacuee,,Evacuee;250;in triage state;G;is entering helicopter;3
3330,1125,filterLoc,out,Evacuee 266 in triage category G is assigned helicopter 3
3330,1125,filterLoc,,
3330,1126,evacuee,,Evacuee;266;in triage state;G;is entering helicopter;3
3330,1265,filterLoc,out,Evacuee 234 in triage category G is assigned helicopter 3
3330,1265,filterLoc,,
3330,1266,evacuee,,Evacuee;234;in triage state;G;is entering helicopter;3
3330,1331,filterLoc,out,Evacuee 232 in triage category G is assigned helicopter 3
3330,1331,filterLoc,,
3330,1332,evacuee,,Evacuee;232;in triage state;G;is entering helicopter;3
3330,1475,filterLoc,out,Evacuee 233 in triage category G is assigned helicopter 3
3330,1475,filterLoc,,
3330,1476,evacuee,,Evacuee;233;in triage state;G;is entering helicopter;3
3330,1478,filterLoc,out,Evacuee 236 in triage category G is assigned helicopter 3
3330,1478,filterLoc,,
3330,1479,evacuee,,Evacuee;236;in triage state;G;is entering helicopter;3
3330,1484,filterLoc,out,Evacuee 237 in triage category G is assigned helicopter 3
3330,1484,filterLoc,,
3330,1485,evacuee,,Evacuee;237;in triage state;G;is entering helicopter;3
3330,7,filterEvac,,
3330,107,filterEvac,,;Evacuee;232;in triage category;G;is entering helicopter;3;Evacuee;233;in triage category;G;is entering helicopter;3;Evacuee;234;in triage category;G;is entering helicopter;3;Evacuee;235;in triage category;G;is entering helicopter;3;Evacuee;236;in triage category;G;is entering helicopter;3;Evacuee;237;in triage category;G;is entering helicopter;3;Evacuee;245;in triage category;G;is entering helicopter;3;Evacuee;250;in triage category;G;is entering helicopter;3;Evacuee;251;in triage category;G;is entering helicopter;3;Evacuee;266;in triage category;G;is entering helicopter;3
3330,292,filterEvac,,
3330,501,evacuee,outHelo,Evacuee 245 in triage category G is assigned helicopter 3
3330,501,evacuee,,Evacuee;245;in triage state;G;is in helicopter;3
3330,558,evacuee,outHelo,Evacuee 235 in triage category G is assigned helicopter 3
3330,558,evacuee,,Evacuee;235;in triage state;G;is in helicopter;3
3330,572,filterEvac,,
3330,709,evacuee,outHelo,Evacuee 251 in triage category G is assigned helicopter 3
3330,709,evacuee,,Evacuee;251;in triage state;G;is in helicopter;3
3330,784,evacuee,outHelo,Evacuee 250 in triage category G is assigned helicopter 3
3330,784,evacuee,,Evacuee;250;in triage state;G;is in helicopter;3
3330,1126,evacuee,outHelo,Evacuee 266 in triage category G is assigned helicopter 3
3330,1126,evacuee,,Evacuee;266;in triage state;G;is in helicopter;3
3330,1131,filterEvac,,
3330,1171,filterEvac,,
3330,1266,evacuee,outHelo,Evacuee 234 in triage category G is assigned helicopter 3
3330,1266,evacuee,,Evacuee;234;in triage state;G;is in helicopter;3
3330,1332,evacuee,outHelo,Evacuee 232 in triage category G is assigned helicopter 3
3330,1332,evacuee,,Evacuee;232;in triage state;G;is in helicopter;3
3330,1476,evacuee,outHelo,Evacuee 233 in triage category G is assigned helicopter 3
3330,1476,evacuee,,Evacuee;233;in triage state;G;is in helicopter;3
3330,1479,evacuee,outHelo,Evacuee 236 in triage category G is assigned helicopter 3
3330,1479,evacuee,,Evacuee;236;in triage state;G;is in helicopter;3
3330,1485,evacuee,outHelo,Evacuee 237 in triage category G is assigned helicopter 3
3330,1485,evacuee,,Evacuee;237;in triage state;G;is in helicopter;3
3330,107,filterEvac,out,Evacuee 232 in triage category G is assigned helicopter 3
3330,107,filterEvac,out,Evacuee 233 in triage category G is assigned helicopter 3
3330,107,filterEvac,out,Evacuee 234 in triage category G is assigned helicopter 3
3330,107,filterEvac,out,Evacuee 235 in triage category G is assigned helicopter 3
3330,107,filterEvac,out,Evacuee 236 in triage category G is assigned helicopter 3
3330,107,filterEvac,out,Evacuee 237 in triage category G is assigned helicopter 3
3330,107,filterEvac,out,Evacuee 245 in triage category G is assigned helicopter 3
3330,107,filterEvac,out,Evacuee 250 in triage category G is assigned helicopter 3
3330,107,filterEvac,out,Evacuee 251 in triage category G is assigned helicopter 3
3330,107,filterEvac,out,Evacuee 266 in triage category G is assigned helicopter 3
3330,107,filterEvac,,
3330,109,helicopter,,Helicopter;3;is loading people at the evacuation site;;and has;10;spots taken
3332.37,3,evacueeManager,,OFF SHIP: White;0;Green;61;Yellow;21;Red;8;Black;320;ON SHIP: White;0;Green;0;Yellow;0;Red;0;Evacuees to Transfer;
3332.37,342,evacuee,outES,Evacuee 313 in triage category R is not assigned a helicopter
3332.37,342,evacuee,,Evacuee;313;in triage state;B;is at the evacuation site
3332.64,3,evacueeManager,,OFF SHIP: White;0;Green;61;Yellow;20;Red;9;Black;320;ON SHIP: White;0;Green;0;Yellow;0;Red;0;Evacuees to Transfer;
3332.64,1111,evacuee,outES,Evacuee 144 in triage category Y is not assigned a helicopter
3332.64,1111,evacuee,,Evacuee;144;in triage state;R;is at the evacuation site
3345,4,helipadManager,outHelo,Helicopter 3 is evacuating people3
3345,4,helipadManager,,;No helos are at ES
3345,8,filterES,,
3345,9,helicopter,outEvac,Evacuee 128 in triage category G is not assigned a helicopter
3345,9,helicopter,outEvac,Evacuee 129 in triage category G is not assigned a helicopter
3345,9,helicopter,outEvac,Evacuee 131 in triage category G is not assigned a helicopter
3345,9,helicopter,outEvac,Evacuee 134 in triage category G is not assigned a helicopter
3345,9,helicopter,outEvac,Evacuee 137 in triage category G is not assigned a helicopter
3345,9,helicopter,outEvac,Evacuee 138 in triage category G is not assigned a helicopter
3345,9,helicopter,outEvac,Evacuee 150 in triage category G is not assigned a helicopter
3345,9,helicopter,outEvac,Evacuee 154 in triage category G is not assigned a helicopter
3345,9,helicopter,outEvac,Evacuee 155 in triage category G is not assigned a helicopter
3345,9,helicopter,outEvac,Evacuee 157 in triage category G is not assigned a helicopter
3345,9,helicopter,,Helicopter;6;is unloading people at the FOL;;and has;0;spots taken
3345,11,filterLoc,,
3345,14,filterLoc,,
3345,17,filterLoc,,
3345,20,filterLoc,,
3345,23,filterLoc,,
3345,26,filterLoc,,
3345,29,filterLoc,,
3345,32,filterLoc,,
3345,35,filterLoc,,
3345,38,filterLoc,,
3345,41,filterLoc,,
3345,44,filterLoc,,
3345,47,filterLoc,,
3345,50,filterLoc,,
3345,53,filterLoc,,
3345,56,filterLoc,,
3345,59,filterLoc,,
3345,62,filterLoc,,
3345,65,filterLoc,,
3345,68,filterLoc,,
3345,71,filterLoc,,
3345,74,filterLoc,,
3345,77,filterLoc,,
3345,80,filterLoc,,
3345,83,filterLoc,,
3345,86,filterLoc,,
3345,89,filterLoc,,
3345,92,filterLoc,,
3345,95,filterLoc,,
3345,98,filterLoc,,
3345,101,filterLoc,,
3345,104,filterLoc,,
3345,108,filterES,,Helicopter;3;is evacuating people
3345,111,filterLoc,,
3345,114,filterLoc,,
3345,117,filterLoc,,
3345,120,filterLoc,,
3345,123,filterLoc,,
3345,126,filterLoc,,
3345,129,filterLoc,,
3345,132,filterLoc,,
3345,135,filterLoc,,
3345,138,filterLoc,,
3345,141,filterLoc,,
3345,144,filterLoc,,
3345,147,filterLoc,,
3345,150,filterLoc,,
3345,153,filterLoc,,
3345,156,filterLoc,,
3345,159,filterLoc,,
3345,162,filterLoc,,
3345,165,filterLoc,,
3345,168,filterLoc,,
3345,171,filterLoc,,
3345,174,filterLoc,,
3345,177,filterLoc,,
3345,180,filterLoc,,
3345,183,filterLoc,,
3345,186,filterLoc,,
3345,189,filterLoc,,
3345,192,filterLoc,,
3345,195,filterLoc,,
3345,198,filterLoc,,
3345,201,filterLoc,,
3345,204,filterLoc,,
3345,207,filterLoc,,
3345,210,filterLoc,,
3345,213,filterLoc,,
3345,216,filterLoc,,
3345,219,filterLoc,,
3345,222,filterLoc,,
3345,225,filterLoc,,
3345,229,filterLoc,,
3345,232,filterLoc,,
3345,235,filterLoc,,
3345,238,filterLoc,,
3345,241,filterLoc,,
3345,244,filterLoc,,
3345,247,filterLoc,,
3345,250,filterLoc,,
3345,253,filterLoc,,
3345,256,filterLoc,,
3345,259,filterLoc,,
3345,262,filterLoc,,
3345,265,filterLoc,,
3345,268,filterLoc,,
3345,271,filterLoc,,
3345,274,filterLoc,,
3345,277,filterLoc,,
3345,280,filterLoc,,
3345,283,filterLoc,,
3345,286,filterLoc,,
3345,289,filterLoc,,
3345,293,filterES,,
3345,296,filterLoc,,
3345,299,filterLoc,,
3345,302,filterLoc,,
3345,305,filterLoc,,
3345,308,filterLoc,,
3345,311,filterLoc,,
3345,314,filterLoc,,
3345,317,filterLoc,,
3345,320,filterLoc,,
3345,323,filterLoc,,
3345,326,filterLoc,,
3345,329,filterLoc,,
3345,332,filterLoc,,
3345,335,filterLoc,,
3345,338,filterLoc,,
3345,341,filterLoc,,
3345,344,filterLoc,,
3345,347,filterLoc,,
3345,350,filterLoc,,
3345,353,filterLoc,,
3345,356,filterLoc,,
3345,359,filterLoc,,
3345,362,filterLoc,,
3345,365,filterLoc,,
3345,368,filterLoc,,
3345,371,filterLoc,,
3345,374,filterLoc,,
3345,377,filterLoc,,
3345,380,filterLoc,,
3345,383,filterLoc,,
3345,386,filterLoc,,
3345,389,filterLoc,,
3345,392,filterLoc,,
3345,395,filterLoc,,
3345,398,filterLoc,,
3345,401,filterLoc,,
3345,404,filterLoc,,
3345,407,filterLoc,,
3345,410,filterLoc,,
3345,413,filterLoc,,
3345,416,filterLoc,,
3345,419,filterLoc,,
3345,422,filterLoc,,
3345,425,filterLoc,,
3345,428,filterLoc,,
3345,431,filterLoc,,
3345,434,filterLoc,,
3345,437,filterLoc,,
3345,440,filterLoc,,
3345,443,filterLoc,,
3345,446,filterLoc,,
3345,449,filterLoc,,
3345,452,filterLoc,,
3345,455,filterLoc,,
3345,458,filterLoc,,
3345,461,filterLoc,,
3345,464,filterLoc,,
3345,467,filterLoc,,
3345,470,filterLoc,,
3345,473,filterLoc,,
3345,476,filterLoc,,
3345,479,filterLoc,,
3345,482,filterLoc,,
3345,485,filterLoc,,
3345,488,filterLoc,,
3345,491,filterLoc,,
3345,494,filterLoc,,
3345,497,filterLoc,,
3345,500,filterLoc,,
3345,503,filterLoc,,
3345,506,filterLoc,,
3345,509,filterLoc,,
3345,512,filterLoc,,
3345,515,filterLoc,,
3345,518,filterLoc,,
3345,521,filterLoc,,
3345,524,filterLoc,,
3345,527,filterLoc,,
3345,530,filterLoc,,
3345,533,filterLoc,,
3345,536,filterLoc,,
3345,539,filterLoc,,
3345,542,filterLoc,,
3345,545,filterLoc,,
3345,548,filterLoc,,
3345,551,filterLoc,,
3345,554,filterLoc,,
3345,557,filterLoc,,
3345,560,filterLoc,,
3345,563,filterLoc,,
3345,566,filterLoc,,
3345,569,filterLoc,,
3345,573,filterES,,
3345,576,filterLoc,,
3345,579,filterLoc,,
3345,582,filterLoc,,
3345,585,filterLoc,,
3345,588,filterLoc,,
3345,591,filterLoc,,
3345,594,filterLoc,,
3345,597,filterLoc,,
3345,600,filterLoc,,
3345,603,filterLoc,,
3345,606,filterLoc,,
3345,609,filterLoc,,
3345,612,filterLoc,,
3345,615,filterLoc,,
3345,618,filterLoc,,
3345,621,filterLoc,,
3345,624,filterLoc,,
3345,627,filterLoc,,
3345,630,filterLoc,,
3345,633,filterLoc,,
3345,636,filterLoc,,
3345,639,filterLoc,,
3345,642,filterLoc,,
3345,645,filterLoc,,
3345,648,filterLoc,,
3345,651,filterLoc,,
3345,654,filterLoc,,
3345,657,filterLoc,,
3345,660,filterLoc,,
3345,663,filterLoc,,
3345,666,filterLoc,,
3345,669,filterLoc,,
3345,672,filterLoc,,
3345,675,filterLoc,,
3345,678,filterLoc,,
3345,681,filterLoc,,
3345,684,filterLoc,,
3345,687,filterLoc,,
3345,690,filterLoc,,
3345,693,filterLoc,,
3345,696,filterLoc,,
3345,699,filterLoc,,
3345,702,filterLoc,,
3345,705,filterLoc,,
3345,708,filterLoc,,
3345,711,filterLoc,,;Evacuee;128;in triage category;G;is leaving helicopter;6
3345,714,filterLoc,,;Evacuee;134;in triage category;G;is leaving helicopter;6
3345,717,filterLoc,,
3345,720,filterLoc,,
3345,723,filterLoc,,
3345,726,filterLoc,,
3345,729,filterLoc,,
3345,732,filterLoc,,
3345,735,filterLoc,,
3345,738,filterLoc,,
3345,741,filterLoc,,
3345,744,filterLoc,,
3345,747,filterLoc,,
3345,750,filterLoc,,
3345,753,filterLoc,,
3345,756,filterLoc,,
3345,759,filterLoc,,
3345,762,filterLoc,,
3345,765,filterLoc,,
3345,768,filterLoc,,
3345,771,filterLoc,,
3345,774,filterLoc,,
3345,777,filterLoc,,
3345,780,filterLoc,,
3345,783,filterLoc,,
3345,786,filterLoc,,
3345,789,filterLoc,,
3345,792,filterLoc,,
3345,795,filterLoc,,
3345,798,filterLoc,,
3345,801,filterLoc,,
3345,804,filterLoc,,
3345,807,filterLoc,,
3345,810,filterLoc,,
3345,813,filterLoc,,
3345,816,filterLoc,,
3345,819,filterLoc,,
3345,822,filterLoc,,
3345,825,filterLoc,,
3345,828,filterLoc,,
3345,831,filterLoc,,
3345,834,filterLoc,,
3345,837,filterLoc,,
3345,840,filterLoc,,
3345,843,filterLoc,,
3345,846,filterLoc,,
3345,849,filterLoc,,
3345,852,filterLoc,,
3345,855,filterLoc,,
3345,858,filterLoc,,
3345,861,filterLoc,,
3345,864,filterLoc,,
3345,867,filterLoc,,
3345,870,filterLoc,,
3345,873,filterLoc,,
3345,876,filterLoc,,
3345,879,filterLoc,,
3345,882,filterLoc,,
3345,885,filterLoc,,
3345,888,filterLoc,,
3345,891,filterLoc,,
3345,894,filterLoc,,
3345,897,filterLoc,,
3345,900,filterLoc,,
3345,903,filterLoc,,
3345,906,filterLoc,,
3345,909,filterLoc,,;Evacuee;150;in triage category;G;is leaving helicopter;6
3345,912,filterLoc,,
3345,915,filterLoc,,
3345,918,filterLoc,,
3345,921,filterLoc,,;Evacuee;157;in triage category;G;is leaving helicopter;6
3345,924,filterLoc,,
3345,927,filterLoc,,
3345,930,filterLoc,,
3345,933,filterLoc,,
3345,936,filterLoc,,
3345,939,filterLoc,,
3345,942,filterLoc,,
3345,945,filterLoc,,
3345,948,filterLoc,,
3345,951,filterLoc,,
3345,954,filterLoc,,
3345,957,filterLoc,,
3345,960,filterLoc,,
3345,963,filterLoc,,
3345,966,filterLoc,,
3345,969,filterLoc,,
3345,972,filterLoc,,
3345,975,filterLoc,,
3345,978,filterLoc,,
3345,981,filterLoc,,
3345,984,filterLoc,,
3345,987,filterLoc,,
3345,990,filterLoc,,
3345,993,filterLoc,,
3345,996,filterLoc,,;Evacuee;154;in triage category;G;is leaving helicopter;6
3345,999,filterLoc,,
3345,1002,filterLoc,,
3345,1005,filterLoc,,
3345,1008,filterLoc,,
3345,1011,filterLoc,,
3345,1014,filterLoc,,
3345,1017,filterLoc,,
3345,1020,filterLoc,,
3345,1023,filterLoc,,
3345,1026,filterLoc,,
3345,1029,filterLoc,,
3345,1032,filterLoc,,
3345,1035,filterLoc,,
3345,1038,filterLoc,,
3345,1041,filterLoc,,
3345,1044,filterLoc,,
3345,1047,filterLoc,,
3345,1050,filterLoc,,
3345,1053,filterLoc,,
3345,1056,filterLoc,,
3345,1059,filterLoc,,
3345,1062,filterLoc,,
3345,1065,filterLoc,,;Evacuee;155;in triage category;G;is leaving helicopter;6
3345,1068,filterLoc,,
3345,1071,filterLoc,,
3345,1074,filterLoc,,
3345,1077,filterLoc,,
3345,1080,filterLoc,,
3345,1083,filterLoc,,
3345,1086,filterLoc,,
3345,1089,filterLoc,,
3345,1092,filterLoc,,
3345,1095,filterLoc,,
3345,1098,filterLoc,,
3345,1101,filterLoc,,
3345,1104,filterLoc,,
3345,1107,filterLoc,,
3345,1110,filterLoc,,
3345,1113,filterLoc,,
3345,1116,filterLoc,,
3345,1119,filterLoc,,
3345,1122,filterLoc,,
3345,1125,filterLoc,,
3345,1128,filterLoc,,
3345,1132,filterES,,
3345,1135,filterLoc,,
3345,1138,filterLoc,,
3345,1141,filterLoc,,
3345,1144,filterLoc,,
3345,1147,filterLoc,,
3345,1150,filterLoc,,
3345,1153,filterLoc,,
3345,1156,filterLoc,,
3345,1159,filterLoc,,
3345,1162,filterLoc,,
3345,1165,filterLoc,,
3345,1168,filterLoc,,
3345,1172,filterES,,
3345,1175,filterLoc,,
3345,1178,filterLoc,,
3345,1181,filterLoc,,
3345,1184,filterLoc,,
3345,1187,filterLoc,,
3345,1190,filterLoc,,
3345,1193,filterLoc,,
3345,1196,filterLoc,,;Evacuee;129;in triage category;G;is leaving helicopter;6
3345,1199,filterLoc,,
3345,1202,filterLoc,,;Evacuee;131;in triage category;G;is leaving helicopter;6
3345,1205,filterLoc,,;Evacuee;137;in triage category;G;is leaving helicopter;6
3345,1208,filterLoc,,;Evacuee;138;in triage category;G;is leaving helicopter;6
3345,1211,filterLoc,,
3345,1214,filterLoc,,
3345,1217,filterLoc,,
3345,1220,filterLoc,,
3345,1223,filterLoc,,
3345,1226,filterLoc,,
3345,1229,filterLoc,,
3345,1232,filterLoc,,
3345,1235,filterLoc,,
3345,1238,filterLoc,,
3345,1241,filterLoc,,
3345,1244,filterLoc,,
3345,1247,filterLoc,,
3345,1250,filterLoc,,
3345,1253,filterLoc,,
3345,1256,filterLoc,,
3345,1259,filterLoc,,
3345,1262,filterLoc,,
3345,1265,filterLoc,,
3345,1268,filterLoc,,
3345,1271,filterLoc,,
3345,1274,filterLoc,,
3345,1277,filterLoc,,
3345,1280,filterLoc,,
3345,1283,filterLoc,,
3345,1286,filterLoc,,
3345,1289,filterLoc,,
3345,1292,filterLoc,,
3345,1295,filterLoc,,
3345,1298,filterLoc,,
3345,1301,filterLoc,,
3345,1304,filterLoc,,
3345,1307,filterLoc,,
3345,1310,filterLoc,,
3345,1313,filterLoc,,
3345,1316,filterLoc,,
3345,1319,filterLoc,,
3345,1322,filterLoc,,
3345,1325,filterLoc,,
3345,1328,filterLoc,,
3345,1331,filterLoc,,
3345,1334,filterLoc,,
3345,1337,filterLoc,,
3345,1340,filterLoc,,
3345,1343,filterLoc,,
3345,1346,filterLoc,,
3345,1349,filterLoc,,
3345,1352,filterLoc,,
3345,1355,filterLoc,,
3345,1358,filterLoc,,
3345,1361,filterLoc,,
3345,1364,filterLoc,,
3345,1367,filterLoc,,
3345,1370,filterLoc,,
3345,1373,filterLoc,,
3345,1376,filterLoc,,
3345,1379,filterLoc,,
3345,1382,filterLoc,,
3345,1385,filterLoc,,
3345,1388,filterLoc,,
3345,1391,filterLoc,,
3345,1394,filterLoc,,
3345,1397,filterLoc,,
3345,1400,filterLoc,,
3345,1403,filterLoc,,
3345,1406,filterLoc,,
3345,1409,filterLoc,,
3345,1412,filterLoc,,
3345,1415,filterLoc,,
3345,1418,filterLoc,,
3345,1421,filterLoc,,
3345,1424,filterLoc,,
3345,1427,filterLoc,,
3345,1430,filterLoc,,
3345,1433,filterLoc,,
3345,1436,filterLoc,,
3345,1439,filterLoc,,
3345,1442,filterLoc,,
3345,1445,filterLoc,,
3345,1448,filterLoc,,
3345,1451,filterLoc,,
3345,1454,filterLoc,,
3345,1457,filterLoc,,
3345,1460,filterLoc,,
3345,1463,filterLoc,,
3345,1466,filterLoc,,
3345,1469,filterLoc,,
3345,1472,filterLoc,,
3345,1475,filterLoc,,
3345,1478,filterLoc,,
3345,1481,filterLoc,,
3345,1484,filterLoc,,
3345,1487,filterLoc,,
3345,1490,filterLoc,,
3345,1493,filterLoc,,
3345,1496,filterLoc,,
3345,1499,filterLoc,,
3345,1502,filterLoc,,
3345,1505,filterLoc,,
3345,1508,filterLoc,,
3345,1511,filterLoc,,
3345,1514,filterLoc,,
3345,1517,filterLoc,,
3345,1520,filterLoc,,
3345,1523,filterLoc,,
3345,1526,filterLoc,,
3345,1529,filterLoc,,
3345,4,helipadManager,outHQ,0
3345,4,helipadManager,,;No helos are at ES
3345,5,helicopterQueue,,;No helos are waiting to land
3345,108,filterES,out,Helicopter 3 is evacuating people3
3345,108,filterES,,
3345,109,helicopter,,Helicopter;3;is loading people at the evacuation site;;and has;10;spots taken
3345,711,filterLoc,out,Evacuee 128 in triage category G is not assigned a helicopter
3345,711,filterLoc,,
3345,712,evacuee,,Evacuee;128;in triage state;G;is entering the FOL
3345,714,filterLoc,out,Evacuee 134 in triage category G is not assigned a helicopter
3345,714,filterLoc,,
3345,715,evacuee,,Evacuee;134;in triage state;G;is entering the FOL
3345,909,filterLoc,out,Evacuee 150 in triage category G is not assigned a helicopter
3345,909,filterLoc,,
3345,910,evacuee,,Evacuee;150;in triage state;G;is entering the FOL
3345,921,filterLoc,out,Evacuee 157 in triage category G is not assigned a helicopter
3345,921,filterLoc,,
3345,922,evacuee,,Evacuee;157;in triage state;G;is entering the FOL
3345,996,filterLoc,out,Evacuee 154 in triage category G is not assigned a helicopter
3345,996,filterLoc,,
3345,997,evacuee,,Evacuee;154;in triage state;G;is entering the FOL
3345,1065,filterLoc,out,Evacuee 155 in triage category G is not assigned a helicopter
3345,1065,filterLoc,,
3345,1066,evacuee,,Evacuee;155;in triage state;G;is entering the FOL
3345,1196,filterLoc,out,Evacuee 129 in triage category G is not assigned a helicopter
3345,1196,filterLoc,,
3345,1197,evacuee,,Evacuee;129;in triage state;G;is entering the FOL
3345,1202,filterLoc,out,Evacuee 131 in triage category G is not assigned a helicopter
3345,1202,filterLoc,,
3345,1203,evacuee,,Evacuee;131;in triage state;G;is entering the FOL
3345,1205,filterLoc,out,Evacuee 137 in triage category G is not assigned a helicopter
3345,1205,filterLoc,,
3345,1206,evacuee,,Evacuee;137;in triage state;G;is entering the FOL
3345,1208,filterLoc,out,Evacuee 138 in triage category G is not assigned a helicopter
3345,1208,filterLoc,,
3345,1209,evacuee,,Evacuee;138;in triage state;G;is entering the FOL
3345,5,helicopterQueue,,;No helos are waiting to land
3345,109,helicopter,,Helicopter;3;is returning to the FOL;;and has;10;spots taken
3345,227,FOL,,;EvacueeID;5;Triage Status;G;EvacueeID;6;Triage Status;G;EvacueeID;7;Triage Status;G;EvacueeID;9;Triage Status;G;EvacueeID;16;Triage Status;G;EvacueeID;19;Triage Status;G;EvacueeID;20;Triage Status;G;EvacueeID;25;Triage Status;G;EvacueeID;28;Triage Status;G;EvacueeID;32;Triage Status;G;EvacueeID;34;Triage Status;G;EvacueeID;35;Triage Status;G;EvacueeID;40;Triage Status;G;EvacueeID;41;Triage Status;G;EvacueeID;44;Triage Status;G;EvacueeID;49;Triage Status;G;EvacueeID;50;Triage Status;G;EvacueeID;51;Triage Status;G;EvacueeID;52;Triage Status;G;EvacueeID;58;Triage Status;G;EvacueeID;61;Triage Status;G;EvacueeID;63;Triage Status;G;EvacueeID;64;Triage Status;G;EvacueeID;70;Triage Status;G;EvacueeID;73;Triage Status;G;EvacueeID;74;Triage Status;G;EvacueeID;76;Triage Status;G;EvacueeID;81;Triage Status;G;EvacueeID;83;Triage Status;G;EvacueeID;86;Triage Status;G;EvacueeID;87;Triage Status;G;EvacueeID;89;Triage Status;G;EvacueeID;90;Triage Status;G;EvacueeID;92;Triage Status;G;EvacueeID;94;Triage Status;G;EvacueeID;97;Triage Status;G;EvacueeID;102;Triage Status;G;EvacueeID;103;Triage Status;G;EvacueeID;104;Triage Status;G;EvacueeID;105;Triage Status;G;EvacueeID;107;Triage Status;G;EvacueeID;111;Triage Status;G;EvacueeID;116;Triage Status;G;EvacueeID;117;Triage Status;G;EvacueeID;118;Triage Status;G;EvacueeID;119;Triage Status;G;EvacueeID;120;Triage Status;G;EvacueeID;124;Triage Status;G;EvacueeID;126;Triage Status;G;EvacueeID;127;Triage Status;G;EvacueeID;128;Triage Status;G;EvacueeID;129;Triage Status;G;EvacueeID;131;Triage Status;G;EvacueeID;134;Triage Status;G;EvacueeID;137;Triage Status;G;EvacueeID;138;Triage Status;G;EvacueeID;150;Triage Status;G;EvacueeID;154;Triage Status;G;EvacueeID;155;Triage Status;G;EvacueeID;157;Triage Status;G;Lives Saved;60
3345,712,evacuee,outFOL,Evacuee 128 in triage category G is not assigned a helicopter
3345,712,evacuee,,Evacuee;128;in triage state;G;is at the FOL
3345,715,evacuee,outFOL,Evacuee 134 in triage category G is not assigned a helicopter
3345,715,evacuee,,Evacuee;134;in triage state;G;is at the FOL
3345,910,evacuee,outFOL,Evacuee 150 in triage category G is not assigned a helicopter
3345,910,evacuee,,Evacuee;150;in triage state;G;is at the FOL
3345,922,evacuee,outFOL,Evacuee 157 in triage category G is not assigned a helicopter
3345,922,evacuee,,Evacuee;157;in triage state;G;is at the FOL
3345,997,evacuee,outFOL,Evacuee 154 in triage category G is not assigned a helicopter
3345,997,evacuee,,Evacuee;154;in triage state;G;is at the FOL
3345,1066,evacuee,outFOL,Evacuee 155 in triage category G is not assigned a helicopter
3345,1066,evacuee,,Evacuee;155;in triage state;G;is at the FOL
3345,1197,evacuee,outFOL,Evacuee 129 in triage category G is not assigned a helicopter
3345,1197,evacuee,,Evacuee;129;in triage state;G;is at the FOL
3345,1203,evacuee,outFOL,Evacuee 131 in triage category G is not assigned a helicopter
3345,1203,evacuee,,Evacuee;131;in triage state;G;is at the FOL
3345,1206,evacuee,outFOL,Evacuee 137 in triage category G is not assigned a helicopter
3345,1206,evacuee,,Evacuee;137;in triage state;G;is at the FOL
3345,1209,evacuee,outFOL,Evacuee 138 in triage category G is not assigned a helicopter
3345,1209,evacuee,,Evacuee;138;in triage state;G;is at the FOL
3345,227,FOL,,;EvacueeID;5;Triage Status;G;EvacueeID;6;Triage Status;G;EvacueeID;7;Triage Status;G;EvacueeID;9;Triage Status;G;EvacueeID;16;Triage Status;G;EvacueeID;19;Triage Status;G;EvacueeID;20;Triage Status;G;EvacueeID;25;Triage Status;G;EvacueeID;28;Triage Status;G;EvacueeID;32;Triage Status;G;EvacueeID;34;Triage Status;G;EvacueeID;35;Triage Status;G;EvacueeID;40;Triage Status;G;EvacueeID;41;Triage Status;G;EvacueeID;44;Triage Status;G;EvacueeID;49;Triage Status;G;EvacueeID;50;Triage Status;G;EvacueeID;51;Triage Status;G;EvacueeID;52;Triage Status;G;EvacueeID;58;Triage Status;G;EvacueeID;61;Triage Status;G;EvacueeID;63;Triage Status;G;EvacueeID;64;Triage Status;G;EvacueeID;70;Triage Status;G;EvacueeID;73;Triage Status;G;EvacueeID;74;Triage Status;G;EvacueeID;76;Triage Status;G;EvacueeID;81;Triage Status;G;EvacueeID;83;Triage Status;G;EvacueeID;86;Triage Status;G;EvacueeID;87;Triage Status;G;EvacueeID;89;Triage Status;G;EvacueeID;90;Triage Status;G;EvacueeID;92;Triage Status;G;EvacueeID;94;Triage Status;G;EvacueeID;97;Triage Status;G;EvacueeID;102;Triage Status;G;EvacueeID;103;Triage Status;G;EvacueeID;104;Triage Status;G;EvacueeID;105;Triage Status;G;EvacueeID;107;Triage Status;G;EvacueeID;111;Triage Status;G;EvacueeID;116;Triage Status;G;EvacueeID;117;Triage Status;G;EvacueeID;118;Triage Status;G;EvacueeID;119;Triage Status;G;EvacueeID;120;Triage Status;G;EvacueeID;124;Triage Status;G;EvacueeID;126;Triage Status;G;EvacueeID;127;Triage Status;G;EvacueeID;128;Triage Status;G;EvacueeID;129;Triage Status;G;EvacueeID;131;Triage Status;G;EvacueeID;134;Triage Status;G;EvacueeID;137;Triage Status;G;EvacueeID;138;Triage Status;G;EvacueeID;150;Triage Status;G;EvacueeID;154;Triage Status;G;EvacueeID;155;Triage Status;G;EvacueeID;157;Triage Status;G;Lives Saved;60
3346.98,3,evacueeManager,,OFF SHIP: White;0;Green;61;Yellow;20;Red;8;Black;321;ON SHIP: White;0;Green;0;Yellow;0;Red;0;Evacuees to Transfer;
3346.98,832,evacuee,outES,Evacuee 71 in triage category R is not assigned a helicopter
3346.98,832,evacuee,,Evacuee;71;in triage state;B;is at the evacuation site
3351.98,3,evacueeManager,,OFF SHIP: White;0;Green;61;Yellow;19;Red;9;Black;321;ON SHIP: White;0;Green;0;Yellow;0;Red;0;Evacuees to Transfer;
3351.98,486,evacuee,outES,Evacuee 121 in triage category Y is not assigned a helicopter
3351.98,486,evacuee,,Evacuee;121;in triage state;R;is at the evacuation site
3356.48,3,evacueeManager,,OFF SHIP: White;0;Green;61;Yellow;19;Red;8;Black;322;ON SHIP: White;0;Green;0;Yellow;0;Red;0;Evacuees to Transfer;
3356.48,1111,evacuee,outES,Evacuee 144 in triage category R is not assigned a helicopter
3356.48,1111,evacuee,,Evacuee;144;in triage state;B;is at the evacuation site
3360,9,helicopter,,Helicopter;6;Is going to the evacuation site;;and has;0;spots taken
3371.36,3,evacueeManager,,OFF SHIP: White;0;Green;61;Yellow;19;Red;7;Black;323;ON SHIP: White;0;Green;0;Yellow;0;Red;0;Evacuees to Transfer;
3371.36,205,evacuee,outES,Evacuee 380 in triage category R is not assigned a helicopter
3371.36,205,evacuee,,Evacuee;380;in triage state;B;is at the evacuation site
3375,11,filterLoc,,
3375,14,filterLoc,,
3375,17,filterLoc,,
3375,20,filterLoc,,
3375,23,filterLoc,,
3375,26,filterLoc,,
3375,29,filterLoc,,
3375,32,filterLoc,,
3375,35,filterLoc,,
3375,38,filterLoc,,
3375,41,filterLoc,,
3375,44,filterLoc,,
3375,47,filterLoc,,
3375,50,filterLoc,,
3375,53,filterLoc,,
3375,56,filterLoc,,
3375,59,filterLoc,,
3375,62,filterLoc,,
3375,65,filterLoc,,
3375,68,filterLoc,,
3375,71,filterLoc,,
3375,74,filterLoc,,
3375,77,filterLoc,,
3375,80,filterLoc,,
3375,83,filterLoc,,
3375,86,filterLoc,,
3375,89,filterLoc,,
3375,92,filterLoc,,
3375,95,filterLoc,,
3375,98,filterLoc,,
3375,101,filterLoc,,
3375,104,filterLoc,,
3375,111,filterLoc,,
3375,114,filterLoc,,
3375,117,filterLoc,,
3375,120,filterLoc,,
3375,123,filterLoc,,
3375,126,filterLoc,,
3375,129,filterLoc,,
3375,132,filterLoc,,
3375,135,filterLoc,,
3375,138,filterLoc,,
3375,141,filterLoc,,
3375,144,filterLoc,,
3375,147,filterLoc,,
3375,150,filterLoc,,
3375,153,filterLoc,,
3375,156,filterLoc,,
3375,159,filterLoc,,
3375,162,filterLoc,,
3375,165,filterLoc,,
3375,168,filterLoc,,
3375,171,filterLoc,,
3375,174,filterLoc,,
3375,177,filterLoc,,
3375,180,filterLoc,,
3375,183,filterLoc,,
3375,186,filterLoc,,
3375,189,filterLoc,,
3375,192,filterLoc,,
3375,195,filterLoc,,
3375,198,filterLoc,,
3375,201,filterLoc,,
3375,204,filterLoc,,
3375,207,filterLoc,,
3375,210,filterLoc,,
3375,213,filterLoc,,
3375,216,filterLoc,,
3375,219,filterLoc,,
3375,222,filterLoc,,
3375,225,filterLoc,,
3375,229,filterLoc,,
3375,232,filterLoc,,
3375,235,filterLoc,,
3375,238,filterLoc,,
3375,241,filterLoc,,
3375,244,filterLoc,,
3375,247,filterLoc,,
3375,250,filterLoc,,
3375,253,filterLoc,,
3375,256,filterLoc,,
3375,259,filterLoc,,
3375,262,filterLoc,,
3375,265,filterLoc,,
3375,268,filterLoc,,
3375,271,filterLoc,,
3375,274,filterLoc,,
3375,277,filterLoc,,
3375,280,filterLoc,,
3375,283,filterLoc,,
3375,286,filterLoc,,
3375,289,filterLoc,,
3375,296,filterLoc,,
3375,299,filterLoc,,
3375,302,filterLoc,,
3375,305,filterLoc,,
3375,308,filterLoc,,
3375,311,filterLoc,,
3375,314,filterLoc,,
3375,317,filterLoc,,
3375,320,filterLoc,,
3375,323,filterLoc,,
3375,326,filterLoc,,
3375,329,filterLoc,,
3375,332,filterLoc,,
3375,335,filterLoc,,
3375,338,filterLoc,,
3375,341,filterLoc,,
3375,344,filterLoc,,
3375,347,filterLoc,,
3375,350,filterLoc,,
3375,353,filterLoc,,
3375,356,filterLoc,,
3375,359,filterLoc,,
3375,362,filterLoc,,
3375,365,filterLoc,,
3375,368,filterLoc,,
3375,371,filterLoc,,
3375,374,filterLoc,,
3375,377,filterLoc,,
3375,380,filterLoc,,
3375,383,filterLoc,,
3375,386,filterLoc,,
3375,389,filterLoc,,
3375,392,filterLoc,,
3375,395,filterLoc,,
3375,398,filterLoc,,
3375,401,filterLoc,,
3375,404,filterLoc,,
3375,407,filterLoc,,
3375,410,filterLoc,,
3375,413,filterLoc,,
3375,416,filterLoc,,
3375,419,filterLoc,,
3375,422,filterLoc,,
3375,425,filterLoc,,
3375,428,filterLoc,,
3375,431,filterLoc,,
3375,434,filterLoc,,
3375,437,filterLoc,,
3375,440,filterLoc,,
3375,443,filterLoc,,
3375,446,filterLoc,,
3375,449,filterLoc,,
3375,452,filterLoc,,
3375,455,filterLoc,,
3375,458,filterLoc,,
3375,461,filterLoc,,
3375,464,filterLoc,,
3375,467,filterLoc,,
3375,470,filterLoc,,
3375,473,filterLoc,,
3375,476,filterLoc,,
3375,479,filterLoc,,
3375,482,filterLoc,,
3375,485,filterLoc,,
3375,488,filterLoc,,
3375,491,filterLoc,,
3375,494,filterLoc,,
3375,497,filterLoc,,
3375,500,filterLoc,,
3375,503,filterLoc,,
3375,506,filterLoc,,
3375,509,filterLoc,,
3375,512,filterLoc,,
3375,515,filterLoc,,
3375,518,filterLoc,,
3375,521,filterLoc,,
3375,524,filterLoc,,
3375,527,filterLoc,,
3375,530,filterLoc,,
3375,533,filterLoc,,
3375,536,filterLoc,,
3375,539,filterLoc,,
3375,542,filterLoc,,
3375,545,filterLoc,,
3375,548,filterLoc,,
3375,551,filterLoc,,
3375,554,filterLoc,,
3375,557,filterLoc,,
3375,560,filterLoc,,
3375,563,filterLoc,,
3375,566,filterLoc,,
3375,569,filterLoc,,
3375,576,filterLoc,,
3375,579,filterLoc,,
3375,582,filterLoc,,
3375,585,filterLoc,,
3375,588,filterLoc,,
3375,591,filterLoc,,
3375,594,filterLoc,,
3375,597,filterLoc,,
3375,600,filterLoc,,
3375,603,filterLoc,,
3375,606,filterLoc,,
3375,609,filterLoc,,
3375,612,filterLoc,,
3375,615,filterLoc,,
3375,618,filterLoc,,
3375,621,filterLoc,,
3375,624,filterLoc,,
3375,627,filterLoc,,
3375,630,filterLoc,,
3375,633,filterLoc,,
3375,636,filterLoc,,
3375,639,filterLoc,,
3375,642,filterLoc,,
3375,645,filterLoc,,
3375,648,filterLoc,,
3375,651,filterLoc,,
3375,654,filterLoc,,
3375,657,filterLoc,,
3375,660,filterLoc,,
3375,663,filterLoc,,
3375,666,filterLoc,,
3375,669,filterLoc,,
3375,672,filterLoc,,
3375,675,filterLoc,,
3375,678,filterLoc,,
3375,681,filterLoc,,
3375,684,filterLoc,,
3375,687,filterLoc,,
3375,690,filterLoc,,
3375,693,filterLoc,,
3375,696,filterLoc,,
3375,699,filterLoc,,
3375,702,filterLoc,,
3375,705,filterLoc,,
3375,708,filterLoc,,
3375,711,filterLoc,,
3375,714,filterLoc,,
3375,717,filterLoc,,
3375,720,filterLoc,,
3375,723,filterLoc,,
3375,726,filterLoc,,
3375,729,filterLoc,,
3375,732,filterLoc,,
3375,735,filterLoc,,
3375,738,filterLoc,,
3375,741,filterLoc,,
3375,744,filterLoc,,
3375,747,filterLoc,,
3375,750,filterLoc,,
3375,753,filterLoc,,
3375,756,filterLoc,,
3375,759,filterLoc,,
3375,762,filterLoc,,
3375,765,filterLoc,,
3375,768,filterLoc,,
3375,771,filterLoc,,
3375,774,filterLoc,,
3375,777,filterLoc,,
3375,780,filterLoc,,
3375,783,filterLoc,,
3375,786,filterLoc,,
3375,789,filterLoc,,
3375,792,filterLoc,,
3375,795,filterLoc,,
3375,798,filterLoc,,
3375,801,filterLoc,,
3375,804,filterLoc,,
3375,807,filterLoc,,
3375,810,filterLoc,,
3375,813,filterLoc,,
3375,816,filterLoc,,
3375,819,filterLoc,,
3375,822,filterLoc,,
3375,825,filterLoc,,
3375,828,filterLoc,,
3375,831,filterLoc,,
3375,834,filterLoc,,
3375,837,filterLoc,,
3375,840,filterLoc,,
3375,843,filterLoc,,
3375,846,filterLoc,,
3375,849,filterLoc,,
3375,852,filterLoc,,
3375,855,filterLoc,,
3375,858,filterLoc,,
3375,861,filterLoc,,
3375,864,filterLoc,,
3375,867,filterLoc,,
3375,870,filterLoc,,
3375,873,filterLoc,,
3375,876,filterLoc,,
3375,879,filterLoc,,
3375,882,filterLoc,,
3375,885,filterLoc,,
3375,888,filterLoc,,
3375,891,filterLoc,,
3375,894,filterLoc,,
3375,897,filterLoc,,
3375,900,filterLoc,,
3375,903,filterLoc,,
3375,906,filterLoc,,
3375,909,filterLoc,,
3375,912,filterLoc,,
3375,915,filterLoc,,
3375,918,filterLoc,,;Evacuee;173;in triage category;G;is leaving helicopter;1
3375,921,filterLoc,,
3375,924,filterLoc,,
3375,927,filterLoc,,
3375,930,filterLoc,,
3375,933,filterLoc,,
3375,936,filterLoc,,
3375,939,filterLoc,,
3375,942,filterLoc,,
3375,945,filterLoc,,
3375,948,filterLoc,,
3375,951,filterLoc,,
3375,954,filterLoc,,
3375,957,filterLoc,,
3375,960,filterLoc,,
3375,963,filterLoc,,
3375,966,filterLoc,,
3375,969,filterLoc,,
3375,972,filterLoc,,
3375,975,filterLoc,,
3375,978,filterLoc,,
3375,981,filterLoc,,
3375,984,filterLoc,,
3375,987,filterLoc,,
3375,990,filterLoc,,
3375,993,filterLoc,,
3375,996,filterLoc,,
3375,999,filterLoc,,
3375,1002,filterLoc,,
3375,1005,filterLoc,,
3375,1008,filterLoc,,
3375,1011,filterLoc,,
3375,1014,filterLoc,,
3375,1017,filterLoc,,
3375,1020,filterLoc,,
3375,1023,filterLoc,,
3375,1026,filterLoc,,
3375,1029,filterLoc,,
3375,1032,filterLoc,,
3375,1035,filterLoc,,
3375,1038,filterLoc,,
3375,1041,filterLoc,,
3375,1044,filterLoc,,
3375,1047,filterLoc,,
3375,1050,filterLoc,,
3375,1053,filterLoc,,
3375,1056,filterLoc,,;Evacuee;160;in triage category;G;is leaving helicopter;1
3375,1059,filterLoc,,
3375,1062,filterLoc,,
3375,1065,filterLoc,,
3375,1068,filterLoc,,
3375,1071,filterLoc,,
3375,1074,filterLoc,,
3375,1077,filterLoc,,
3375,1080,filterLoc,,
3375,1083,filterLoc,,
3375,1086,filterLoc,,
3375,1089,filterLoc,,
3375,1092,filterLoc,,
3375,1095,filterLoc,,
3375,1098,filterLoc,,
3375,1101,filterLoc,,
3375,1104,filterLoc,,
3375,1107,filterLoc,,
3375,1110,filterLoc,,
3375,1113,filterLoc,,
3375,1116,filterLoc,,
3375,1119,filterLoc,,;Evacuee;182;in triage category;G;is leaving helicopter;1
3375,1122,filterLoc,,
3375,1125,filterLoc,,
3375,1128,filterLoc,,
3375,1135,filterLoc,,
3375,1138,filterLoc,,
3375,1141,filterLoc,,
3375,1144,filterLoc,,
3375,1147,filterLoc,,
3375,1150,filterLoc,,
3375,1153,filterLoc,,
3375,1156,filterLoc,,
3375,1159,filterLoc,,
3375,1162,filterLoc,,
3375,1165,filterLoc,,
3375,1168,filterLoc,,
3375,1173,helicopter,outEvac,Evacuee 160 in triage category G is not assigned a helicopter
3375,1173,helicopter,outEvac,Evacuee 162 in triage category G is not assigned a helicopter
3375,1173,helicopter,outEvac,Evacuee 163 in triage category G is not assigned a helicopter
3375,1173,helicopter,outEvac,Evacuee 166 in triage category G is not assigned a helicopter
3375,1173,helicopter,outEvac,Evacuee 173 in triage category G is not assigned a helicopter
3375,1173,helicopter,outEvac,Evacuee 180 in triage category G is not assigned a helicopter
3375,1173,helicopter,outEvac,Evacuee 181 in triage category G is not assigned a helicopter
3375,1173,helicopter,outEvac,Evacuee 182 in triage category G is not assigned a helicopter
3375,1173,helicopter,outEvac,Evacuee 183 in triage category G is not assigned a helicopter
3375,1173,helicopter,outEvac,Evacuee 184 in triage category G is not assigned a helicopter
3375,1173,helicopter,,Helicopter;1;is unloading people at the FOL;;and has;0;spots taken
3375,1175,filterLoc,,
3375,1178,filterLoc,,
3375,1181,filterLoc,,
3375,1184,filterLoc,,
3375,1187,filterLoc,,
3375,1190,filterLoc,,;Evacuee;181;in triage category;G;is leaving helicopter;1
3375,1193,filterLoc,,
3375,1196,filterLoc,,
3375,1199,filterLoc,,
3375,1202,filterLoc,,
3375,1205,filterLoc,,
3375,1208,filterLoc,,
3375,1211,filterLoc,,
3375,1214,filterLoc,,
3375,1217,filterLoc,,
3375,1220,filterLoc,,
3375,1223,filterLoc,,
3375,1226,filterLoc,,
3375,1229,filterLoc,,
3375,1232,filterLoc,,
3375,1235,filterLoc,,
3375,1238,filterLoc,,
3375,1241,filterLoc,,
3375,1244,filterLoc,,
3375,1247,filterLoc,,
3375,1250,filterLoc,,
3375,1253,filterLoc,,
3375,1256,filterLoc,,
3375,1259,filterLoc,,
3375,1262,filterLoc,,
3375,1265,filterLoc,,
3375,1268,filterLoc,,;Evacuee;162;in triage category;G;is leaving helicopter;1
3375,1271,filterLoc,,;Evacuee;163;in triage category;G;is leaving helicopter;1
3375,1274,filterLoc,,;Evacuee;166;in triage category;G;is leaving helicopter;1
3375,1277,filterLoc,,
3375,1280,filterLoc,,
3375,1283,filterLoc,,
3375,1286,filterLoc,,
3375,1289,filterLoc,,
3375,1292,filterLoc,,
3375,1295,filterLoc,,
3375,1298,filterLoc,,
3375,1301,filterLoc,,
3375,1304,filterLoc,,
3375,1307,filterLoc,,
3375,1310,filterLoc,,
3375,1313,filterLoc,,
3375,1316,filterLoc,,
3375,1319,filterLoc,,
3375,1322,filterLoc,,
3375,1325,filterLoc,,
3375,1328,filterLoc,,
3375,1331,filterLoc,,
3375,1334,filterLoc,,;Evacuee;183;in triage category;G;is leaving helicopter;1
3375,1337,filterLoc,,;Evacuee;184;in triage category;G;is leaving helicopter;1
3375,1340,filterLoc,,
3375,1343,filterLoc,,
3375,1346,filterLoc,,
3375,1349,filterLoc,,
3375,1352,filterLoc,,
3375,1355,filterLoc,,
3375,1358,filterLoc,,
3375,1361,filterLoc,,
3375,1364,filterLoc,,
3375,1367,filterLoc,,
3375,1370,filterLoc,,
3375,1373,filterLoc,,
3375,1376,filterLoc,,
3375,1379,filterLoc,,
3375,1382,filterLoc,,
3375,1385,filterLoc,,
3375,1388,filterLoc,,
3375,1391,filterLoc,,
3375,1394,filterLoc,,
3375,1397,filterLoc,,
3375,1400,filterLoc,,
3375,1403,filterLoc,,
3375,1406,filterLoc,,
3375,1409,filterLoc,,
3375,1412,filterLoc,,;Evacuee;180;in triage category;G;is leaving helicopter;1
3375,1415,filterLoc,,
3375,1418,filterLoc,,
3375,1421,filterLoc,,
3375,1424,filterLoc,,
3375,1427,filterLoc,,
3375,1430,filterLoc,,
3375,1433,filterLoc,,
3375,1436,filterLoc,,
3375,1439,filterLoc,,
3375,1442,filterLoc,,
3375,1445,filterLoc,,
3375,1448,filterLoc,,
3375,1451,filterLoc,,
3375,1454,filterLoc,,
3375,1457,filterLoc,,
3375,1460,filterLoc,,
3375,1463,filterLoc,,
3375,1466,filterLoc,,
3375,1469,filterLoc,,
3375,1472,filterLoc,,
3375,1475,filterLoc,,
3375,1478,filterLoc,,
3375,1481,filterLoc,,
3375,1484,filterLoc,,
3375,1487,filterLoc,,
3375,1490,filterLoc,,
3375,1493,filterLoc,,
3375,1496,filterLoc,,
3375,1499,filterLoc,,
3375,1502,filterLoc,,
3375,1505,filterLoc,,
3375,1508,filterLoc,,
3375,1511,filterLoc,,
3375,1514,filterLoc,,
3375,1517,filterLoc,,
3375,1520,filterLoc,,
3375,1523,filterLoc,,
3375,1526,filterLoc,,
3375,1529,filterLoc,,
3375,918,filterLoc,out,Evacuee 173 in triage category G is not assigned a helicopter
3375,918,filterLoc,,
3375,919,evacuee,,Evacuee;173;in triage state;G;is entering the FOL
3375,1056,filterLoc,out,Evacuee 160 in triage category G is not assigned a helicopter
3375,1056,filterLoc,,
3375,1057,evacuee,,Evacuee;160;in triage state;G;is entering the FOL
3375,1119,filterLoc,out,Evacuee 182 in triage category G is not assigned a helicopter
3375,1119,filterLoc,,
3375,1120,evacuee,,Evacuee;182;in triage state;G;is entering the FOL
3375,1190,filterLoc,out,Evacuee 181 in triage category G is not assigned a helicopter
3375,1190,filterLoc,,
3375,1191,evacuee,,Evacuee;181;in triage state;G;is entering the FOL
3375,1268,filterLoc,out,Evacuee 162 in triage category G is not assigned a helicopter
3375,1268,filterLoc,,
3375,1269,evacuee,,Evacuee;162;in triage state;G;is entering the FOL
3375,1271,filterLoc,out,Evacuee 163 in triage category G is not assigned a helicopter
3375,1271,filterLoc,,
3375,1272,evacuee,,Evacuee;163;in triage state;G;is entering the FOL
3375,1274,filterLoc,out,Evacuee 166 in triage category G is not assigned a helicopter
3375,1274,filterLoc,,
3375,1275,evacuee,,Evacuee;166;in triage state;G;is entering the FOL
3375,1334,filterLoc,out,Evacuee 183 in triage category G is not assigned a helicopter
3375,1334,filterLoc,,
3375,1335,evacuee,,Evacuee;183;in triage state;G;is entering the FOL
3375,1337,filterLoc,out,Evacuee 184 in triage category G is not assigned a helicopter
3375,1337,filterLoc,,
3375,1338,evacuee,,Evacuee;184;in triage state;G;is entering the FOL
3375,1412,filterLoc,out,Evacuee 180 in triage category G is not assigned a helicopter
3375,1412,filterLoc,,
3375,1413,evacuee,,Evacuee;180;in triage state;G;is entering the FOL
3375,227,FOL,,;EvacueeID;5;Triage Status;G;EvacueeID;6;Triage Status;G;EvacueeID;7;Triage Status;G;EvacueeID;9;Triage Status;G;EvacueeID;16;Triage Status;G;EvacueeID;19;Triage Status;G;EvacueeID;20;Triage Status;G;EvacueeID;25;Triage Status;G;EvacueeID;28;Triage Status;G;EvacueeID;32;Triage Status;G;EvacueeID;34;Triage Status;G;EvacueeID;35;Triage Status;G;EvacueeID;40;Triage Status;G;EvacueeID;41;Triage Status;G;EvacueeID;44;Triage Status;G;EvacueeID;49;Triage Status;G;EvacueeID;50;Triage Status;G;EvacueeID;51;Triage Status;G;EvacueeID;52;Triage Status;G;EvacueeID;58;Triage Status;G;EvacueeID;61;Triage Status;G;EvacueeID;63;Triage Status;G;EvacueeID;64;Triage Status;G;EvacueeID;70;Triage Status;G;EvacueeID;73;Triage Status;G;EvacueeID;74;Triage Status;G;EvacueeID;76;Triage Status;G;EvacueeID;81;Triage Status;G;EvacueeID;83;Triage Status;G;EvacueeID;86;Triage Status;G;EvacueeID;87;Triage Status;G;EvacueeID;89;Triage Status;G;EvacueeID;90;Triage Status;G;EvacueeID;92;Triage Status;G;EvacueeID;94;Triage Status;G;EvacueeID;97;Triage Status;G;EvacueeID;102;Triage Status;G;EvacueeID;103;Triage Status;G;EvacueeID;104;Triage Status;G;EvacueeID;105;Triage Status;G;EvacueeID;107;Triage Status;G;EvacueeID;111;Triage Status;G;EvacueeID;116;Triage Status;G;EvacueeID;117;Triage Status;G;EvacueeID;118;Triage Status;G;EvacueeID;119;Triage Status;G;EvacueeID;120;Triage Status;G;EvacueeID;124;Triage Status;G;EvacueeID;126;Triage Status;G;EvacueeID;127;Triage Status;G;EvacueeID;128;Triage Status;G;EvacueeID;129;Triage Status;G;EvacueeID;131;Triage Status;G;EvacueeID;134;Triage Status;G;EvacueeID;137;Triage Status;G;EvacueeID;138;Triage Status;G;EvacueeID;150;Triage Status;G;EvacueeID;154;Triage Status;G;EvacueeID;155;Triage Status;G;EvacueeID;157;Triage Status;G;EvacueeID;160;Triage Status;G;EvacueeID;162;Triage Status;G;EvacueeID;163;Triage Status;G;EvacueeID;166;Triage Status;G;EvacueeID;173;Triage Status;G;EvacueeID;180;Triage Status;G;EvacueeID;181;Triage Status;G;EvacueeID;182;Triage Status;G;EvacueeID;183;Triage Status;G;EvacueeID;184;Triage Status;G;Lives Saved;70
3375,919,evacuee,outFOL,Evacuee 173 in triage category G is not assigned a helicopter
3375,919,evacuee,,Evacuee;173;in triage state;G;is at the FOL
3375,1057,evacuee,outFOL,Evacuee 160 in triage category G is not assigned a helicopter
3375,1057,evacuee,,Evacuee;160;in triage state;G;is at the FOL
3375,1120,evacuee,outFOL,Evacuee 182 in triage category G is not assigned a helicopter
3375,1120,evacuee,,Evacuee;182;in triage state;G;is at the FOL
3375,1191,evacuee,outFOL,Evacuee 181 in triage category G is not assigned a helicopter
3375,1191,evacuee,,Evacuee;181;in triage state;G;is at the FOL
3375,1269,evacuee,outFOL,Evacuee 162 in triage category G is not assigned a helicopter
3375,1269,evacuee,,Evacuee;162;in triage state;G;is at the FOL
3375,1272,evacuee,outFOL,Evacuee 163 in triage category G is not assigned a helicopter
3375,1272,evacuee,,Evacuee;163;in triage state;G;is at the FOL
3375,1275,evacuee,outFOL,Evacuee 166 in triage category G is not assigned a helicopter
3375,1275,evacuee,,Evacuee;166;in triage state;G;is at the FOL
3375,1335,evacuee,outFOL,Evacuee 183 in triage category G is not assigned a helicopter
3375,1335,evacuee,,Evacuee;183;in triage state;G;is at the FOL
3375,1338,evacuee,outFOL,Evacuee 184 in triage category G is not assigned a helicopter
3375,1338,evacuee,,Evacuee;184;in triage state;G;is at the FOL
3375,1413,evacuee,outFOL,Evacuee 180 in triage category G is not assigned a helicopter
3375,1413,evacuee,,Evacuee;180;in triage state;G;is at the FOL
3375,227,FOL,,;EvacueeID;5;Triage Status;G;EvacueeID;6;Triage Status;G;EvacueeID;7;Triage Status;G;EvacueeID;9;Triage Status;G;EvacueeID;16;Triage Status;G;EvacueeID;19;Triage Status;G;EvacueeID;20;Triage Status;G;EvacueeID;25;Triage Status;G;EvacueeID;28;Triage Status;G;EvacueeID;32;Triage Status;G;EvacueeID;34;Triage Status;G;EvacueeID;35;Triage Status;G;EvacueeID;40;Triage Status;G;EvacueeID;41;Triage Status;G;EvacueeID;44;Triage Status;G;EvacueeID;49;Triage Status;G;EvacueeID;50;Triage Status;G;EvacueeID;51;Triage Status;G;EvacueeID;52;Triage Status;G;EvacueeID;58;Triage Status;G;EvacueeID;61;Triage Status;G;EvacueeID;63;Triage Status;G;EvacueeID;64;Triage Status;G;EvacueeID;70;Triage Status;G;EvacueeID;73;Triage Status;G;EvacueeID;74;Triage Status;G;EvacueeID;76;Triage Status;G;EvacueeID;81;Triage Status;G;EvacueeID;83;Triage Status;G;EvacueeID;86;Triage Status;G;EvacueeID;87;Triage Status;G;EvacueeID;89;Triage Status;G;EvacueeID;90;Triage Status;G;EvacueeID;92;Triage Status;G;EvacueeID;94;Triage Status;G;EvacueeID;97;Triage Status;G;EvacueeID;102;Triage Status;G;EvacueeID;103;Triage Status;G;EvacueeID;104;Triage Status;G;EvacueeID;105;Triage Status;G;EvacueeID;107;Triage Status;G;EvacueeID;111;Triage Status;G;EvacueeID;116;Triage Status;G;EvacueeID;117;Triage Status;G;EvacueeID;118;Triage Status;G;EvacueeID;119;Triage Status;G;EvacueeID;120;Triage Status;G;EvacueeID;124;Triage Status;G;EvacueeID;126;Triage Status;G;EvacueeID;127;Triage Status;G;EvacueeID;128;Triage Status;G;EvacueeID;129;Triage Status;G;EvacueeID;131;Triage Status;G;EvacueeID;134;Triage Status;G;EvacueeID;137;Triage Status;G;EvacueeID;138;Triage Status;G;EvacueeID;150;Triage Status;G;EvacueeID;154;Triage Status;G;EvacueeID;155;Triage Status;G;EvacueeID;157;Triage Status;G;EvacueeID;160;Triage Status;G;EvacueeID;162;Triage Status;G;EvacueeID;163;Triage Status;G;EvacueeID;166;Triage Status;G;EvacueeID;173;Triage Status;G;EvacueeID;180;Triage Status;G;EvacueeID;181;Triage Status;G;EvacueeID;182;Triage Status;G;EvacueeID;183;Triage Status;G;EvacueeID;184;Triage Status;G;Lives Saved;70
3375.63,3,evacueeManager,,OFF SHIP: White;0;Green;61;Yellow;19;Red;6;Black;324;ON SHIP: White;0;Green;0;Yellow;0;Red;0;Evacuees to Transfer;
3375.63,1383,evacuee,outES,Evacuee 252 in triage category R is not assigned a helicopter
3375.63,1383,evacuee,,Evacuee;252;in triage state;B;is at the evacuation site
3380.3,3,evacueeManager,,OFF SHIP: White;0;Green;61;Yellow;19;Red;5;Black;325;ON SHIP: White;0;Green;0;Yellow;0;Red;0;Evacuees to Transfer;
3380.3,1221,evacuee,outES,Evacuee 140 in triage category R is not assigned a helicopter
3380.3,1221,evacuee,,Evacuee;140;in triage state;B;is at the evacuation site
3388.04,3,evacueeManager,,OFF SHIP: White;0;Green;61;Yellow;18;Red;6;Black;325;ON SHIP: White;0;Green;0;Yellow;0;Red;0;Evacuees to Transfer;
3388.04,269,evacuee,outES,Evacuee 346 in triage category Y is not assigned a helicopter
3388.04,269,evacuee,,Evacuee;346;in triage state;R;is at the evacuation site
3390,5,helicopterQueue,,1;Helos are waiting to land;HeloID;4
3390,294,helicopter,outES,Helicopter 4 is evacuating people4
3390,294,helicopter,,Helicopter;4;is waiting to land at the evacuation site;;and has;0;spots taken
3390,1173,helicopter,,Helicopter;1;Is going to the evacuation site;;and has;0;spots taken
3390,4,helipadManager,,;No helos are at ES
3390,5,helicopterQueue,outHM,Helicopter 4 is evacuating people4
3390,5,helicopterQueue,outHelo,Helicopter 4 is evacuating people4
3390,5,helicopterQueue,,;No helos are waiting to land
3390,8,filterES,,
3390,108,filterES,,
3390,293,filterES,,Helicopter;4;is evacuating people
3390,573,filterES,,
3390,1132,filterES,,
3390,1172,filterES,,
3390,3,evacueeManager,,OFF SHIP: White;0;Green;51;Yellow;18;Red;6;Black;325;ON SHIP: White;0;Green;0;Yellow;0;Red;0;Evacuees to Transfer;;EvacueeID;267;HeloID;4;OnShip;0;Triage Status;G;EvacueeID;269;HeloID;4;OnShip;0;Triage Status;G;EvacueeID;273;HeloID;4;OnShip;0;Triage Status;G;EvacueeID;274;HeloID;4;OnShip;0;Triage Status;G;EvacueeID;275;HeloID;4;OnShip;0;Triage Status;G;EvacueeID;277;HeloID;4;OnShip;0;Triage Status;G;EvacueeID;278;HeloID;4;OnShip;0;Triage Status;G;EvacueeID;279;HeloID;4;OnShip;0;Triage Status;G;EvacueeID;285;HeloID;4;OnShip;0;Triage Status;G;EvacueeID;293;HeloID;4;OnShip;0;Triage Status;G
3390,4,helipadManager,outEM,Helicopter 4 is evacuating people4
3390,4,helipadManager,,Helo;4;is at the ES
3390,293,filterES,out,Helicopter 4 is evacuating people4
3390,293,filterES,,
3390,294,helicopter,,Helicopter;4;is waiting to land at the evacuation site;;and has;0;spots taken
3390,3,evacueeManager,outEvac,Evacuee 267 in triage category G is assigned helicopter 4
3390,3,evacueeManager,outEvac,Evacuee 269 in triage category G is assigned helicopter 4
3390,3,evacueeManager,outEvac,Evacuee 273 in triage category G is assigned helicopter 4
3390,3,evacueeManager,outEvac,Evacuee 274 in triage category G is assigned helicopter 4
3390,3,evacueeManager,outEvac,Evacuee 275 in triage category G is assigned helicopter 4
3390,3,evacueeManager,outEvac,Evacuee 277 in triage category G is assigned helicopter 4
3390,3,evacueeManager,outEvac,Evacuee 278 in triage category G is assigned helicopter 4
3390,3,evacueeManager,outEvac,Evacuee 279 in triage category G is assigned helicopter 4
3390,3,evacueeManager,outEvac,Evacuee 285 in triage category G is assigned helicopter 4
3390,3,evacueeManager,outEvac,Evacuee 293 in triage category G is assigned helicopter 4
3390,3,evacueeManager,,OFF SHIP: White;0;Green;51;Yellow;18;Red;6;Black;325;ON SHIP: White;0;Green;0;Yellow;0;Red;0;Evacuees to Transfer;
3390,11,filterLoc,,
3390,14,filterLoc,,
3390,17,filterLoc,,
3390,20,filterLoc,,
3390,23,filterLoc,,
3390,26,filterLoc,,
3390,29,filterLoc,,
3390,32,filterLoc,,
3390,35,filterLoc,,
3390,38,filterLoc,,
3390,41,filterLoc,,
3390,44,filterLoc,,
3390,47,filterLoc,,
3390,50,filterLoc,,
3390,53,filterLoc,,
3390,56,filterLoc,,
3390,59,filterLoc,,
3390,62,filterLoc,,
3390,65,filterLoc,,
3390,68,filterLoc,,
3390,71,filterLoc,,
3390,74,filterLoc,,
3390,77,filterLoc,,
3390,80,filterLoc,,
3390,83,filterLoc,,
3390,86,filterLoc,,
3390,89,filterLoc,,
3390,92,filterLoc,,
3390,95,filterLoc,,
3390,98,filterLoc,,
3390,101,filterLoc,,
3390,104,filterLoc,,
3390,111,filterLoc,,
3390,114,filterLoc,,
3390,117,filterLoc,,
3390,120,filterLoc,,
3390,123,filterLoc,,
3390,126,filterLoc,,
3390,129,filterLoc,,
3390,132,filterLoc,,
3390,135,filterLoc,,
3390,138,filterLoc,,
3390,141,filterLoc,,
3390,144,filterLoc,,
3390,147,filterLoc,,
3390,150,filterLoc,,
3390,153,filterLoc,,
3390,156,filterLoc,,
3390,159,filterLoc,,
3390,162,filterLoc,,
3390,165,filterLoc,,
3390,168,filterLoc,,
3390,171,filterLoc,,
3390,174,filterLoc,,
3390,177,filterLoc,,
3390,180,filterLoc,,
3390,183,filterLoc,,
3390,186,filterLoc,,
3390,189,filterLoc,,
3390,192,filterLoc,,
3390,195,filterLoc,,
3390,198,filterLoc,,
3390,201,filterLoc,,
3390,204,filterLoc,,
3390,207,filterLoc,,
3390,210,filterLoc,,
3390,213,filterLoc,,
3390,216,filterLoc,,
3390,219,filterLoc,,
3390,222,filterLoc,,
3390,225,filterLoc,,
3390,229,filterLoc,,
3390,232,filterLoc,,
3390,235,filterLoc,,
3390,238,filterLoc,,
3390,241,filterLoc,,
3390,244,filterLoc,,
3390,247,filterLoc,,
3390,250,filterLoc,,
3390,253,filterLoc,,
3390,256,filterLoc,,
3390,259,filterLoc,,
3390,262,filterLoc,,
3390,265,filterLoc,,
3390,268,filterLoc,,
3390,271,filterLoc,,
3390,274,filterLoc,,
3390,277,filterLoc,,
3390,280,filterLoc,,
3390,283,filterLoc,,
3390,286,filterLoc,,
3390,289,filterLoc,,
3390,294,helicopter,,Helicopter;4;is loading people at the evacuation site;;and has;0;spots taken
3390,296,filterLoc,,
3390,299,filterLoc,,
3390,302,filterLoc,,
3390,305,filterLoc,,
3390,308,filterLoc,,
3390,311,filterLoc,,
3390,314,filterLoc,,
3390,317,filterLoc,,
3390,320,filterLoc,,
3390,323,filterLoc,,
3390,326,filterLoc,,
3390,329,filterLoc,,
3390,332,filterLoc,,
3390,335,filterLoc,,
3390,338,filterLoc,,
3390,341,filterLoc,,
3390,344,filterLoc,,
3390,347,filterLoc,,
3390,350,filterLoc,,
3390,353,filterLoc,,
3390,356,filterLoc,,
3390,359,filterLoc,,
3390,362,filterLoc,,
3390,365,filterLoc,,
3390,368,filterLoc,,;Evacuee;293;in triage category;G;is entering helicopter;4
3390,371,filterLoc,,
3390,374,filterLoc,,
3390,377,filterLoc,,
3390,380,filterLoc,,
3390,383,filterLoc,,
3390,386,filterLoc,,
3390,389,filterLoc,,
3390,392,filterLoc,,
3390,395,filterLoc,,
3390,398,filterLoc,,
3390,401,filterLoc,,
3390,404,filterLoc,,
3390,407,filterLoc,,
3390,410,filterLoc,,
3390,413,filterLoc,,
3390,416,filterLoc,,
3390,419,filterLoc,,;Evacuee;279;in triage category;G;is entering helicopter;4
3390,422,filterLoc,,;Evacuee;278;in triage category;G;is entering helicopter;4
3390,425,filterLoc,,;Evacuee;277;in triage category;G;is entering helicopter;4
3390,428,filterLoc,,
3390,431,filterLoc,,;Evacuee;274;in triage category;G;is entering helicopter;4
3390,434,filterLoc,,;Evacuee;273;in triage category;G;is entering helicopter;4
3390,437,filterLoc,,
3390,440,filterLoc,,
3390,443,filterLoc,,
3390,446,filterLoc,,
3390,449,filterLoc,,
3390,452,filterLoc,,
3390,455,filterLoc,,
3390,458,filterLoc,,
3390,461,filterLoc,,
3390,464,filterLoc,,
3390,467,filterLoc,,
3390,470,filterLoc,,
3390,473,filterLoc,,
3390,476,filterLoc,,
3390,479,filterLoc,,
3390,482,filterLoc,,
3390,485,filterLoc,,
3390,488,filterLoc,,
3390,491,filterLoc,,
3390,494,filterLoc,,
3390,497,filterLoc,,
3390,500,filterLoc,,
3390,503,filterLoc,,
3390,506,filterLoc,,
3390,509,filterLoc,,
3390,512,filterLoc,,
3390,515,filterLoc,,
3390,518,filterLoc,,
3390,521,filterLoc,,
3390,524,filterLoc,,
3390,527,filterLoc,,
3390,530,filterLoc,,
3390,533,filterLoc,,
3390,536,filterLoc,,
3390,539,filterLoc,,
3390,542,filterLoc,,
3390,545,filterLoc,,
3390,548,filterLoc,,
3390,551,filterLoc,,
3390,554,filterLoc,,
3390,557,filterLoc,,
3390,560,filterLoc,,
3390,563,filterLoc,,
3390,566,filterLoc,,;Evacuee;269;in triage category;G;is entering helicopter;4
3390,569,filterLoc,,
3390,576,filterLoc,,
3390,579,filterLoc,,
3390,582,filterLoc,,
3390,585,filterLoc,,
3390,588,filterLoc,,
3390,591,filterLoc,,
3390,594,filterLoc,,
3390,597,filterLoc,,
3390,600,filterLoc,,
3390,603,filterLoc,,
3390,606,filterLoc,,
3390,609,filterLoc,,
3390,612,filterLoc,,
3390,615,filterLoc,,
3390,618,filterLoc,,
3390,621,filterLoc,,
3390,624,filterLoc,,
3390,627,filterLoc,,
3390,630,filterLoc,,
3390,633,filterLoc,,
3390,636,filterLoc,,
3390,639,filterLoc,,
3390,642,filterLoc,,
3390,645,filterLoc,,
3390,648,filterLoc,,
3390,651,filterLoc,,
3390,654,filterLoc,,
3390,657,filterLoc,,
3390,660,filterLoc,,
3390,663,filterLoc,,
3390,666,filterLoc,,
3390,669,filterLoc,,
3390,672,filterLoc,,
3390,675,filterLoc,,
3390,678,filterLoc,,
3390,681,filterLoc,,
3390,684,filterLoc,,
3390,687,filterLoc,,
3390,690,filterLoc,,
3390,693,filterLoc,,
3390,696,filterLoc,,
3390,699,filterLoc,,
3390,702,filterLoc,,
3390,705,filterLoc,,
3390,708,filterLoc,,
3390,711,filterLoc,,
3390,714,filterLoc,,
3390,717,filterLoc,,
3390,720,filterLoc,,
3390,723,filterLoc,,
3390,726,filterLoc,,
3390,729,filterLoc,,
3390,732,filterLoc,,
3390,735,filterLoc,,
3390,738,filterLoc,,
3390,741,filterLoc,,
3390,744,filterLoc,,
3390,747,filterLoc,,
3390,750,filterLoc,,
3390,753,filterLoc,,
3390,756,filterLoc,,
3390,759,filterLoc,,
3390,762,filterLoc,,
3390,765,filterLoc,,
3390,768,filterLoc,,
3390,771,filterLoc,,
3390,774,filterLoc,,
3390,777,filterLoc,,
3390,780,filterLoc,,
3390,783,filterLoc,,
3390,786,filterLoc,,
3390,789,filterLoc,,
3390,792,filterLoc,,
3390,795,filterLoc,,
3390,798,filterLoc,,
3390,801,filterLoc,,
3390,804,filterLoc,,
3390,807,filterLoc,,
3390,810,filterLoc,,
3390,813,filterLoc,,
3390,816,filterLoc,,
3390,819,filterLoc,,
3390,822,filterLoc,,
3390,825,filterLoc,,
3390,828,filterLoc,,
3390,831,filterLoc,,
3390,834,filterLoc,,
3390,837,filterLoc,,
3390,840,filterLoc,,
3390,843,filterLoc,,
3390,846,filterLoc,,
3390,849,filterLoc,,
3390,852,filterLoc,,;Evacuee;285;in triage category;G;is entering helicopter;4
3390,855,filterLoc,,
3390,858,filterLoc,,
3390,861,filterLoc,,
3390,864,filterLoc,,
3390,867,filterLoc,,
3390,870,filterLoc,,
3390,873,filterLoc,,
3390,876,filterLoc,,
3390,879,filterLoc,,
3390,882,filterLoc,,
3390,885,filterLoc,,
3390,888,filterLoc,,
3390,891,filterLoc,,
3390,894,filterLoc,,
3390,897,filterLoc,,
3390,900,filterLoc,,
3390,903,filterLoc,,
3390,906,filterLoc,,
3390,909,filterLoc,,
3390,912,filterLoc,,
3390,915,filterLoc,,
3390,918,filterLoc,,
3390,921,filterLoc,,
3390,924,filterLoc,,
3390,927,filterLoc,,
3390,930,filterLoc,,
3390,933,filterLoc,,
3390,936,filterLoc,,
3390,939,filterLoc,,
3390,942,filterLoc,,
3390,945,filterLoc,,
3390,948,filterLoc,,
3390,951,filterLoc,,
3390,954,filterLoc,,
3390,957,filterLoc,,
3390,960,filterLoc,,
3390,963,filterLoc,,
3390,966,filterLoc,,
3390,969,filterLoc,,
3390,972,filterLoc,,
3390,975,filterLoc,,
3390,978,filterLoc,,
3390,981,filterLoc,,
3390,984,filterLoc,,
3390,987,filterLoc,,
3390,990,filterLoc,,
3390,993,filterLoc,,
3390,996,filterLoc,,
3390,999,filterLoc,,
3390,1002,filterLoc,,
3390,1005,filterLoc,,
3390,1008,filterLoc,,
3390,1011,filterLoc,,
3390,1014,filterLoc,,
3390,1017,filterLoc,,
3390,1020,filterLoc,,
3390,1023,filterLoc,,
3390,1026,filterLoc,,
3390,1029,filterLoc,,
3390,1032,filterLoc,,
3390,1035,filterLoc,,
3390,1038,filterLoc,,
3390,1041,filterLoc,,
3390,1044,filterLoc,,
3390,1047,filterLoc,,
3390,1050,filterLoc,,
3390,1053,filterLoc,,
3390,1056,filterLoc,,
3390,1059,filterLoc,,
3390,1062,filterLoc,,
3390,1065,filterLoc,,
3390,1068,filterLoc,,
3390,1071,filterLoc,,
3390,1074,filterLoc,,
3390,1077,filterLoc,,
3390,1080,filterLoc,,
3390,1083,filterLoc,,
3390,1086,filterLoc,,
3390,1089,filterLoc,,
3390,1092,filterLoc,,
3390,1095,filterLoc,,
3390,1098,filterLoc,,
3390,1101,filterLoc,,
3390,1104,filterLoc,,
3390,1107,filterLoc,,
3390,1110,filterLoc,,
3390,1113,filterLoc,,
3390,1116,filterLoc,,
3390,1119,filterLoc,,
3390,1122,filterLoc,,
3390,1125,filterLoc,,
3390,1128,filterLoc,,
3390,1135,filterLoc,,
3390,1138,filterLoc,,
3390,1141,filterLoc,,
3390,1144,filterLoc,,
3390,1147,filterLoc,,
3390,1150,filterLoc,,
3390,1153,filterLoc,,
3390,1156,filterLoc,,
3390,1159,filterLoc,,
3390,1162,filterLoc,,
3390,1165,filterLoc,,
3390,1168,filterLoc,,
3390,1175,filterLoc,,
3390,1178,filterLoc,,
3390,1181,filterLoc,,
3390,1184,filterLoc,,
3390,1187,filterLoc,,
3390,1190,filterLoc,,
3390,1193,filterLoc,,
3390,1196,filterLoc,,
3390,1199,filterLoc,,
3390,1202,filterLoc,,
3390,1205,filterLoc,,
3390,1208,filterLoc,,
3390,1211,filterLoc,,
3390,1214,filterLoc,,
3390,1217,filterLoc,,
3390,1220,filterLoc,,
3390,1223,filterLoc,,
3390,1226,filterLoc,,
3390,1229,filterLoc,,
3390,1232,filterLoc,,
3390,1235,filterLoc,,
3390,1238,filterLoc,,
3390,1241,filterLoc,,
3390,1244,filterLoc,,
3390,1247,filterLoc,,
3390,1250,filterLoc,,
3390,1253,filterLoc,,
3390,1256,filterLoc,,
3390,1259,filterLoc,,
3390,1262,filterLoc,,
3390,1265,filterLoc,,
3390,1268,filterLoc,,
3390,1271,filterLoc,,
3390,1274,filterLoc,,
3390,1277,filterLoc,,
3390,1280,filterLoc,,
3390,1283,filterLoc,,
3390,1286,filterLoc,,
3390,1289,filterLoc,,
3390,1292,filterLoc,,
3390,1295,filterLoc,,
3390,1298,filterLoc,,
3390,1301,filterLoc,,
3390,1304,filterLoc,,
3390,1307,filterLoc,,
3390,1310,filterLoc,,
3390,1313,filterLoc,,
3390,1316,filterLoc,,
3390,1319,filterLoc,,
3390,1322,filterLoc,,
3390,1325,filterLoc,,
3390,1328,filterLoc,,
3390,1331,filterLoc,,
3390,1334,filterLoc,,
3390,1337,filterLoc,,
3390,1340,filterLoc,,
3390,1343,filterLoc,,
3390,1346,filterLoc,,
3390,1349,filterLoc,,
3390,1352,filterLoc,,
3390,1355,filterLoc,,
3390,1358,filterLoc,,
3390,1361,filterLoc,,
3390,1364,filterLoc,,
3390,1367,filterLoc,,
3390,1370,filterLoc,,
3390,1373,filterLoc,,
3390,1376,filterLoc,,
3390,1379,filterLoc,,
3390,1382,filterLoc,,
3390,1385,filterLoc,,
3390,1388,filterLoc,,
3390,1391,filterLoc,,
3390,1394,filterLoc,,
3390,1397,filterLoc,,
3390,1400,filterLoc,,
3390,1403,filterLoc,,;Evacuee;275;in triage category;G;is entering helicopter;4
3390,1406,filterLoc,,
3390,1409,filterLoc,,
3390,1412,filterLoc,,
3390,1415,filterLoc,,
3390,1418,filterLoc,,
3390,1421,filterLoc,,
3390,1424,filterLoc,,
3390,1427,filterLoc,,
3390,1430,filterLoc,,
3390,1433,filterLoc,,
3390,1436,filterLoc,,
3390,1439,filterLoc,,
3390,1442,filterLoc,,
3390,1445,filterLoc,,
3390,1448,filterLoc,,
3390,1451,filterLoc,,
3390,1454,filterLoc,,
3390,1457,filterLoc,,
3390,1460,filterLoc,,
3390,1463,filterLoc,,
3390,1466,filterLoc,,
3390,1469,filterLoc,,;Evacuee;267;in triage category;G;is entering helicopter;4
3390,1472,filterLoc,,
3390,1475,filterLoc,,
3390,1478,filterLoc,,
3390,1481,filterLoc,,
3390,1484,filterLoc,,
3390,1487,filterLoc,,
3390,1490,filterLoc,,
3390,1493,filterLoc,,
3390,1496,filterLoc,,
3390,1499,filterLoc,,
3390,1502,filterLoc,,
3390,1505,filterLoc,,
3390,1508,filterLoc,,
3390,1511,filterLoc,,
3390,1514,filterLoc,,
3390,1517,filterLoc,,
3390,1520,filterLoc,,
3390,1523,filterLoc,,
3390,1526,filterLoc,,
3390,1529,filterLoc,,
3390,368,filterLoc,out,Evacuee 293 in triage category G is assigned helicopter 4
3390,368,filterLoc,,
3390,369,evacuee,,Evacuee;293;in triage state;G;is entering helicopter;4
3390,419,filterLoc,out,Evacuee 279 in triage category G is assigned helicopter 4
3390,419,filterLoc,,
3390,420,evacuee,,Evacuee;279;in triage state;G;is entering helicopter;4
3390,422,filterLoc,out,Evacuee 278 in triage category G is assigned helicopter 4
3390,422,filterLoc,,
3390,423,evacuee,,Evacuee;278;in triage state;G;is entering helicopter;4
3390,425,filterLoc,out,Evacuee 277 in triage category G is assigned helicopter 4
3390,425,filterLoc,,
3390,426,evacuee,,Evacuee;277;in triage state;G;is entering helicopter;4
3390,431,filterLoc,out,Evacuee 274 in triage category G is assigned helicopter 4
3390,431,filterLoc,,
3390,432,evacuee,,Evacuee;274;in triage state;G;is entering helicopter;4
3390,434,filterLoc,out,Evacuee 273 in triage category G is assigned helicopter 4
3390,434,filterLoc,,
3390,435,evacuee,,Evacuee;273;in triage state;G;is entering helicopter;4
3390,566,filterLoc,out,Evacuee 269 in triage category G is assigned helicopter 4
3390,566,filterLoc,,
3390,567,evacuee,,Evacuee;269;in triage state;G;is entering helicopter;4
3390,852,filterLoc,out,Evacuee 285 in triage category G is assigned helicopter 4
3390,852,filterLoc,,
3390,853,evacuee,,Evacuee;285;in triage state;G;is entering helicopter;4
3390,1403,filterLoc,out,Evacuee 275 in triage category G is assigned helicopter 4
3390,1403,filterLoc,,
3390,1404,evacuee,,Evacuee;275;in triage state;G;is entering helicopter;4
3390,1469,filterLoc,out,Evacuee 267 in triage category G is assigned helicopter 4
3390,1469,filterLoc,,
3390,1470,evacuee,,Evacuee;267;in triage state;G;is entering helicopter;4
3390,7,filterEvac,,
3390,107,filterEvac,,
3390,292,filterEvac,,;Evacuee;267;in triage category;G;is entering helicopter;4;Evacuee;269;in triage category;G;is entering helicopter;4;Evacuee;273;in triage category;G;is entering helicopter;4;Evacuee;274;in triage category;G;is entering helicopter;4;Evacuee;275;in triage category;G;is entering helicopter;4;Evacuee;277;in triage category;G;is entering helicopter;4;Evacuee;278;in triage category;G;is entering helicopter;4;Evacuee;279;in triage category;G;is entering helicopter;4;Evacuee;285;in triage category;G;is entering helicopter;4;Evacuee;293;in triage category;G;is entering helicopter;4
3390,369,evacuee,outHelo,Evacuee 293 in triage category G is assigned helicopter 4
3390,369,evacuee,,Evacuee;293;in triage state;G;is in helicopter;4
3390,420,evacuee,outHelo,Evacuee 279 in triage category G is assigned helicopter 4
3390,420,evacuee,,Evacuee;279;in triage state;G;is in helicopter;4
3390,423,evacuee,outHelo,Evacuee 278 in triage category G is assigned helicopter 4
3390,423,evacuee,,Evacuee;278;in triage state;G;is in helicopter;4
3390,426,evacuee,outHelo,Evacuee 277 in triage category G is assigned helicopter 4
3390,426,evacuee,,Evacuee;277;in triage state;G;is in helicopter;4
3390,432,evacuee,outHelo,Evacuee 274 in triage category G is assigned helicopter 4
3390,432,evacuee,,Evacuee;274;in triage state;G;is in helicopter;4
3390,435,evacuee,outHelo,Evacuee 273 in triage category G is assigned helicopter 4
3390,435,evacuee,,Evacuee;273;in triage state;G;is in helicopter;4
3390,567,evacuee,outHelo,Evacuee 269 in triage category G is assigned helicopter 4
3390,567,evacuee,,Evacuee;269;in triage state;G;is in helicopter;4
3390,572,filterEvac,,
3390,853,evacuee,outHelo,Evacuee 285 in triage category G is assigned helicopter 4
3390,853,evacuee,,Evacuee;285;in triage state;G;is in helicopter;4
3390,1131,filterEvac,,
3390,1171,filterEvac,,
3390,1404,evacuee,outHelo,Evacuee 275 in triage category G is assigned helicopter 4
3390,1404,evacuee,,Evacuee;275;in triage state;G;is in helicopter;4
3390,1470,evacuee,outHelo,Evacuee 267 in triage category G is assigned helicopter 4
3390,1470,evacuee,,Evacuee;267;in triage state;G;is in helicopter;4
3390,292,filterEvac,out,Evacuee 267 in triage category G is assigned helicopter 4
3390,292,filterEvac,out,Evacuee 269 in triage category G is assigned helicopter 4
3390,292,filterEvac,out,Evacuee 273 in triage category G is assigned helicopter 4
3390,292,filterEvac,out,Evacuee 274 in triage category G is assigned helicopter 4
3390,292,filterEvac,out,Evacuee 275 in triage category G is assigned helicopter 4
3390,292,filterEvac,out,Evacuee 277 in triage category G is assigned helicopter 4
3390,292,filterEvac,out,Evacuee 278 in triage category G is assigned helicopter 4
3390,292,filterEvac,out,Evacuee 279 in triage category G is assigned helicopter 4
3390,292,filterEvac,out,Evacuee 285 in triage category G is assigned helicopter 4
3390,292,filterEvac,out,Evacuee 293 in triage category G is assigned helicopter 4
3390,292,filterEvac,,
3390,294,helicopter,,Helicopter;4;is loading people at the evacuation site;;and has;10;spots taken
3394.54,3,evacueeManager,,OFF SHIP: White;0;Green;50;Yellow;19;Red;6;Black;325;ON SHIP: White;0;Green;0;Yellow;0;Red;0;Evacuees to Transfer;
3394.54,489,evacuee,outES,Evacuee 386 in triage category G is not assigned a helicopter
3394.54,489,evacuee,,Evacuee;386;in triage state;Y;is at the evacuation site
3395.97,3,evacueeManager,,OFF SHIP: White;0;Green;49;Yellow;20;Red;6;Black;325;ON SHIP: White;0;Green;0;Yellow;0;Red;0;Evacuees to Transfer;
3395.97,278,evacuee,outES,Evacuee 338 in triage category G is not assigned a helicopter
3395.97,278,evacuee,,Evacuee;338;in triage state;Y;is at the evacuation site
3405,4,helipadManager,outHelo,Helicopter 4 is evacuating people4
3405,4,helipadManager,,;No helos are at ES
3405,8,filterES,,
3405,108,filterES,,
3405,293,filterES,,Helicopter;4;is evacuating people
3405,573,filterES,,
3405,1132,filterES,,
3405,1172,filterES,,
3405,4,helipadManager,outHQ,0
3405,4,helipadManager,,;No helos are at ES
3405,5,helicopterQueue,,;No helos are waiting to land
3405,293,filterES,out,Helicopter 4 is evacuating people4
3405,293,filterES,,
3405,294,helicopter,,Helicopter;4;is loading people at the evacuation site;;and has;10;spots taken
3405,5,helicopterQueue,,;No helos are waiting to land
3405,294,helicopter,,Helicopter;4;is returning to the FOL;;and has;10;spots taken
3408.34,3,evacueeManager,,OFF SHIP: White;0;Green;48;Yellow;21;Red;6;Black;325;ON SHIP: White;0;Green;0;Yellow;0;Red;0;Evacuees to Transfer;
3408.34,976,evacuee,outES,Evacuee 402 in triage category G is not assigned a helicopter
3408.34,976,evacuee,,Evacuee;402;in triage state;Y;is at the evacuation site
3412.32,3,evacueeManager,,OFF SHIP: White;0;Green;48;Yellow;21;Red;5;Black;326;ON SHIP: White;0;Green;0;Yellow;0;Red;0;Evacuees to Transfer;
3412.32,973,evacuee,outES,Evacuee 209 in triage category R is not assigned a helicopter
3412.32,973,evacuee,,Evacuee;209;in triage state;B;is at the evacuation site
3414.08,3,evacueeManager,,OFF SHIP: White;0;Green;47;Yellow;22;Red;5;Black;326;ON SHIP: White;0;Green;0;Yellow;0;Red;0;Evacuees to Transfer;
3414.08,148,evacuee,outES,Evacuee 406 in triage category G is not assigned a helicopter
3414.08,148,evacuee,,Evacuee;406;in triage state;Y;is at the evacuation site
3416.66,3,evacueeManager,,OFF SHIP: White;0;Green;47;Yellow;21;Red;6;Black;326;ON SHIP: White;0;Green;0;Yellow;0;Red;0;Evacuees to Transfer;
3416.66,817,evacuee,outES,Evacuee 29 in triage category Y is not assigned a helicopter
3416.66,817,evacuee,,Evacuee;29;in triage state;R;is at the evacuation site
3427.13,3,evacueeManager,,OFF SHIP: White;0;Green;47;Yellow;20;Red;7;Black;326;ON SHIP: White;0;Green;0;Yellow;0;Red;0;Evacuees to Transfer;
3427.13,1254,evacuee,outES,Evacuee 159 in triage category Y is not assigned a helicopter
3427.13,1254,evacuee,,Evacuee;159;in triage state;R;is at the evacuation site
3435,11,filterLoc,,
3435,14,filterLoc,,
3435,17,filterLoc,,
3435,20,filterLoc,,
3435,23,filterLoc,,
3435,26,filterLoc,,
3435,29,filterLoc,,
3435,32,filterLoc,,
3435,35,filterLoc,,
3435,38,filterLoc,,
3435,41,filterLoc,,
3435,44,filterLoc,,
3435,47,filterLoc,,
3435,50,filterLoc,,
3435,53,filterLoc,,
3435,56,filterLoc,,
3435,59,filterLoc,,
3435,62,filterLoc,,
3435,65,filterLoc,,
3435,68,filterLoc,,
3435,71,filterLoc,,
3435,74,filterLoc,,
3435,77,filterLoc,,
3435,80,filterLoc,,
3435,83,filterLoc,,
3435,86,filterLoc,,
3435,89,filterLoc,,
3435,92,filterLoc,,
3435,95,filterLoc,,
3435,98,filterLoc,,
3435,101,filterLoc,,
3435,104,filterLoc,,
3435,111,filterLoc,,
3435,114,filterLoc,,
3435,117,filterLoc,,
3435,120,filterLoc,,
3435,123,filterLoc,,
3435,126,filterLoc,,
3435,129,filterLoc,,
3435,132,filterLoc,,
3435,135,filterLoc,,
3435,138,filterLoc,,
3435,141,filterLoc,,
3435,144,filterLoc,,
3435,147,filterLoc,,
3435,150,filterLoc,,
3435,153,filterLoc,,
3435,156,filterLoc,,
3435,159,filterLoc,,
3435,162,filterLoc,,
3435,165,filterLoc,,
3435,168,filterLoc,,
3435,171,filterLoc,,
3435,174,filterLoc,,
3435,177,filterLoc,,
3435,180,filterLoc,,
3435,183,filterLoc,,
3435,186,filterLoc,,
3435,189,filterLoc,,
3435,192,filterLoc,,
3435,195,filterLoc,,
3435,198,filterLoc,,
3435,201,filterLoc,,
3435,204,filterLoc,,
3435,207,filterLoc,,
3435,210,filterLoc,,
3435,213,filterLoc,,
3435,216,filterLoc,,
3435,219,filterLoc,,
3435,222,filterLoc,,
3435,225,filterLoc,,
3435,229,filterLoc,,
3435,232,filterLoc,,
3435,235,filterLoc,,
3435,238,filterLoc,,
3435,241,filterLoc,,
3435,244,filterLoc,,
3435,247,filterLoc,,
3435,250,filterLoc,,
3435,253,filterLoc,,
3435,256,filterLoc,,
3435,259,filterLoc,,
3435,262,filterLoc,,
3435,265,filterLoc,,
3435,268,filterLoc,,
3435,271,filterLoc,,
3435,274,filterLoc,,
3435,277,filterLoc,,
3435,280,filterLoc,,
3435,283,filterLoc,,
3435,286,filterLoc,,
3435,289,filterLoc,,
3435,296,filterLoc,,
3435,299,filterLoc,,
3435,302,filterLoc,,
3435,305,filterLoc,,
3435,308,filterLoc,,
3435,311,filterLoc,,
3435,314,filterLoc,,
3435,317,filterLoc,,
3435,320,filterLoc,,
3435,323,filterLoc,,
3435,326,filterLoc,,
3435,329,filterLoc,,
3435,332,filterLoc,,
3435,335,filterLoc,,
3435,338,filterLoc,,
3435,341,filterLoc,,
3435,344,filterLoc,,
3435,347,filterLoc,,
3435,350,filterLoc,,
3435,353,filterLoc,,
3435,356,filterLoc,,
3435,359,filterLoc,,
3435,362,filterLoc,,
3435,365,filterLoc,,
3435,368,filterLoc,,
3435,371,filterLoc,,
3435,374,filterLoc,,
3435,377,filterLoc,,
3435,380,filterLoc,,
3435,383,filterLoc,,
3435,386,filterLoc,,
3435,389,filterLoc,,
3435,392,filterLoc,,
3435,395,filterLoc,,
3435,398,filterLoc,,
3435,401,filterLoc,,
3435,404,filterLoc,,
3435,407,filterLoc,,
3435,410,filterLoc,,
3435,413,filterLoc,,
3435,416,filterLoc,,
3435,419,filterLoc,,
3435,422,filterLoc,,
3435,425,filterLoc,,
3435,428,filterLoc,,
3435,431,filterLoc,,
3435,434,filterLoc,,
3435,437,filterLoc,,
3435,440,filterLoc,,
3435,443,filterLoc,,
3435,446,filterLoc,,
3435,449,filterLoc,,
3435,452,filterLoc,,
3435,455,filterLoc,,
3435,458,filterLoc,,
3435,461,filterLoc,,
3435,464,filterLoc,,
3435,467,filterLoc,,
3435,470,filterLoc,,
3435,473,filterLoc,,
3435,476,filterLoc,,
3435,479,filterLoc,,
3435,482,filterLoc,,
3435,485,filterLoc,,
3435,488,filterLoc,,
3435,491,filterLoc,,
3435,494,filterLoc,,;Evacuee;192;in triage category;G;is leaving helicopter;2
3435,497,filterLoc,,
3435,500,filterLoc,,
3435,503,filterLoc,,
3435,506,filterLoc,,
3435,509,filterLoc,,
3435,512,filterLoc,,
3435,515,filterLoc,,
3435,518,filterLoc,,
3435,521,filterLoc,,
3435,524,filterLoc,,
3435,527,filterLoc,,
3435,530,filterLoc,,
3435,533,filterLoc,,
3435,536,filterLoc,,
3435,539,filterLoc,,
3435,542,filterLoc,,
3435,545,filterLoc,,
3435,548,filterLoc,,
3435,551,filterLoc,,
3435,554,filterLoc,,
3435,557,filterLoc,,
3435,560,filterLoc,,
3435,563,filterLoc,,
3435,566,filterLoc,,
3435,569,filterLoc,,
3435,576,filterLoc,,
3435,579,filterLoc,,
3435,582,filterLoc,,
3435,585,filterLoc,,
3435,588,filterLoc,,
3435,591,filterLoc,,
3435,594,filterLoc,,
3435,597,filterLoc,,
3435,600,filterLoc,,
3435,603,filterLoc,,
3435,606,filterLoc,,
3435,609,filterLoc,,
3435,612,filterLoc,,
3435,615,filterLoc,,
3435,618,filterLoc,,
3435,621,filterLoc,,
3435,624,filterLoc,,
3435,627,filterLoc,,
3435,630,filterLoc,,
3435,633,filterLoc,,
3435,636,filterLoc,,
3435,639,filterLoc,,
3435,642,filterLoc,,
3435,645,filterLoc,,
3435,648,filterLoc,,
3435,651,filterLoc,,
3435,654,filterLoc,,
3435,657,filterLoc,,
3435,660,filterLoc,,
3435,663,filterLoc,,
3435,666,filterLoc,,
3435,669,filterLoc,,
3435,672,filterLoc,,
3435,675,filterLoc,,
3435,678,filterLoc,,
3435,681,filterLoc,,
3435,684,filterLoc,,
3435,687,filterLoc,,
3435,690,filterLoc,,
3435,693,filterLoc,,
3435,696,filterLoc,,
3435,699,filterLoc,,
3435,702,filterLoc,,
3435,705,filterLoc,,
3435,708,filterLoc,,
3435,711,filterLoc,,
3435,714,filterLoc,,
3435,717,filterLoc,,;Evacuee;199;in triage category;G;is leaving helicopter;2
3435,720,filterLoc,,
3435,723,filterLoc,,
3435,726,filterLoc,,
3435,729,filterLoc,,
3435,732,filterLoc,,
3435,735,filterLoc,,
3435,738,filterLoc,,
3435,741,filterLoc,,
3435,744,filterLoc,,
3435,747,filterLoc,,
3435,750,filterLoc,,
3435,753,filterLoc,,
3435,756,filterLoc,,
3435,759,filterLoc,,
3435,762,filterLoc,,
3435,765,filterLoc,,
3435,768,filterLoc,,
3435,771,filterLoc,,
3435,774,filterLoc,,
3435,777,filterLoc,,
3435,780,filterLoc,,
3435,783,filterLoc,,
3435,786,filterLoc,,
3435,789,filterLoc,,
3435,792,filterLoc,,
3435,795,filterLoc,,
3435,798,filterLoc,,
3435,801,filterLoc,,
3435,804,filterLoc,,
3435,807,filterLoc,,
3435,810,filterLoc,,
3435,813,filterLoc,,
3435,816,filterLoc,,
3435,819,filterLoc,,
3435,822,filterLoc,,
3435,825,filterLoc,,
3435,828,filterLoc,,
3435,831,filterLoc,,
3435,834,filterLoc,,
3435,837,filterLoc,,
3435,840,filterLoc,,
3435,843,filterLoc,,
3435,846,filterLoc,,
3435,849,filterLoc,,
3435,852,filterLoc,,
3435,855,filterLoc,,
3435,858,filterLoc,,
3435,861,filterLoc,,
3435,864,filterLoc,,
3435,867,filterLoc,,
3435,870,filterLoc,,
3435,873,filterLoc,,
3435,876,filterLoc,,
3435,879,filterLoc,,
3435,882,filterLoc,,
3435,885,filterLoc,,
3435,888,filterLoc,,
3435,891,filterLoc,,
3435,894,filterLoc,,
3435,897,filterLoc,,
3435,900,filterLoc,,
3435,903,filterLoc,,
3435,906,filterLoc,,
3435,909,filterLoc,,
3435,912,filterLoc,,
3435,915,filterLoc,,
3435,918,filterLoc,,
3435,921,filterLoc,,
3435,924,filterLoc,,
3435,927,filterLoc,,
3435,930,filterLoc,,
3435,933,filterLoc,,
3435,936,filterLoc,,
3435,939,filterLoc,,
3435,942,filterLoc,,
3435,945,filterLoc,,
3435,948,filterLoc,,
3435,951,filterLoc,,
3435,954,filterLoc,,
3435,957,filterLoc,,
3435,960,filterLoc,,
3435,963,filterLoc,,
3435,966,filterLoc,,
3435,969,filterLoc,,
3435,972,filterLoc,,
3435,975,filterLoc,,
3435,978,filterLoc,,
3435,981,filterLoc,,
3435,984,filterLoc,,
3435,987,filterLoc,,
3435,990,filterLoc,,
3435,993,filterLoc,,
3435,996,filterLoc,,
3435,999,filterLoc,,
3435,1002,filterLoc,,
3435,1005,filterLoc,,
3435,1008,filterLoc,,
3435,1011,filterLoc,,
3435,1014,filterLoc,,
3435,1017,filterLoc,,
3435,1020,filterLoc,,
3435,1023,filterLoc,,
3435,1026,filterLoc,,
3435,1029,filterLoc,,
3435,1032,filterLoc,,
3435,1035,filterLoc,,
3435,1038,filterLoc,,
3435,1041,filterLoc,,
3435,1044,filterLoc,,
3435,1047,filterLoc,,
3435,1050,filterLoc,,
3435,1053,filterLoc,,
3435,1056,filterLoc,,
3435,1059,filterLoc,,
3435,1062,filterLoc,,
3435,1065,filterLoc,,
3435,1068,filterLoc,,
3435,1071,filterLoc,,
3435,1074,filterLoc,,
3435,1077,filterLoc,,
3435,1080,filterLoc,,
3435,1083,filterLoc,,
3435,1086,filterLoc,,
3435,1089,filterLoc,,
3435,1092,filterLoc,,
3435,1095,filterLoc,,
3435,1098,filterLoc,,
3435,1101,filterLoc,,
3435,1104,filterLoc,,
3435,1107,filterLoc,,
3435,1110,filterLoc,,
3435,1113,filterLoc,,
3435,1116,filterLoc,,
3435,1119,filterLoc,,
3435,1122,filterLoc,,
3435,1125,filterLoc,,
3435,1128,filterLoc,,
3435,1133,helicopter,outEvac,Evacuee 185 in triage category G is not assigned a helicopter
3435,1133,helicopter,outEvac,Evacuee 186 in triage category G is not assigned a helicopter
3435,1133,helicopter,outEvac,Evacuee 192 in triage category G is not assigned a helicopter
3435,1133,helicopter,outEvac,Evacuee 199 in triage category G is not assigned a helicopter
3435,1133,helicopter,outEvac,Evacuee 203 in triage category G is not assigned a helicopter
3435,1133,helicopter,outEvac,Evacuee 204 in triage category G is not assigned a helicopter
3435,1133,helicopter,outEvac,Evacuee 205 in triage category G is not assigned a helicopter
3435,1133,helicopter,outEvac,Evacuee 206 in triage category G is not assigned a helicopter
3435,1133,helicopter,outEvac,Evacuee 217 in triage category G is not assigned a helicopter
3435,1133,helicopter,outEvac,Evacuee 227 in triage category G is not assigned a helicopter
3435,1133,helicopter,,Helicopter;2;is unloading people at the FOL;;and has;0;spots taken
3435,1135,filterLoc,,
3435,1138,filterLoc,,
3435,1141,filterLoc,,
3435,1144,filterLoc,,
3435,1147,filterLoc,,
3435,1150,filterLoc,,
3435,1153,filterLoc,,
3435,1156,filterLoc,,
3435,1159,filterLoc,,
3435,1162,filterLoc,,
3435,1165,filterLoc,,
3435,1168,filterLoc,,
3435,1175,filterLoc,,
3435,1178,filterLoc,,
3435,1181,filterLoc,,
3435,1184,filterLoc,,
3435,1187,filterLoc,,
3435,1190,filterLoc,,
3435,1193,filterLoc,,
3435,1196,filterLoc,,
3435,1199,filterLoc,,
3435,1202,filterLoc,,
3435,1205,filterLoc,,
3435,1208,filterLoc,,
3435,1211,filterLoc,,
3435,1214,filterLoc,,
3435,1217,filterLoc,,
3435,1220,filterLoc,,
3435,1223,filterLoc,,
3435,1226,filterLoc,,
3435,1229,filterLoc,,
3435,1232,filterLoc,,
3435,1235,filterLoc,,
3435,1238,filterLoc,,
3435,1241,filterLoc,,
3435,1244,filterLoc,,
3435,1247,filterLoc,,
3435,1250,filterLoc,,
3435,1253,filterLoc,,
3435,1256,filterLoc,,
3435,1259,filterLoc,,
3435,1262,filterLoc,,
3435,1265,filterLoc,,
3435,1268,filterLoc,,
3435,1271,filterLoc,,
3435,1274,filterLoc,,
3435,1277,filterLoc,,
3435,1280,filterLoc,,
3435,1283,filterLoc,,
3435,1286,filterLoc,,
3435,1289,filterLoc,,
3435,1292,filterLoc,,
3435,1295,filterLoc,,
3435,1298,filterLoc,,
3435,1301,filterLoc,,
3435,1304,filterLoc,,
3435,1307,filterLoc,,
3435,1310,filterLoc,,
3435,1313,filterLoc,,
3435,1316,filterLoc,,
3435,1319,filterLoc,,
3435,1322,filterLoc,,
3435,1325,filterLoc,,
3435,1328,filterLoc,,;Evacuee;203;in triage category;G;is leaving helicopter;2
3435,1331,filterLoc,,
3435,1334,filterLoc,,
3435,1337,filterLoc,,
3435,1340,filterLoc,,;Evacuee;185;in triage category;G;is leaving helicopter;2
3435,1343,filterLoc,,;Evacuee;186;in triage category;G;is leaving helicopter;2
3435,1346,filterLoc,,
3435,1349,filterLoc,,;Evacuee;217;in triage category;G;is leaving helicopter;2
3435,1352,filterLoc,,
3435,1355,filterLoc,,
3435,1358,filterLoc,,
3435,1361,filterLoc,,
3435,1364,filterLoc,,
3435,1367,filterLoc,,
3435,1370,filterLoc,,
3435,1373,filterLoc,,
3435,1376,filterLoc,,
3435,1379,filterLoc,,
3435,1382,filterLoc,,
3435,1385,filterLoc,,
3435,1388,filterLoc,,
3435,1391,filterLoc,,
3435,1394,filterLoc,,
3435,1397,filterLoc,,
3435,1400,filterLoc,,;Evacuee;204;in triage category;G;is leaving helicopter;2
3435,1403,filterLoc,,
3435,1406,filterLoc,,;Evacuee;205;in triage category;G;is leaving helicopter;2
3435,1409,filterLoc,,
3435,1412,filterLoc,,
3435,1415,filterLoc,,;Evacuee;206;in triage category;G;is leaving helicopter;2
3435,1418,filterLoc,,
3435,1421,filterLoc,,
3435,1424,filterLoc,,
3435,1427,filterLoc,,
3435,1430,filterLoc,,
3435,1433,filterLoc,,
3435,1436,filterLoc,,
3435,1439,filterLoc,,
3435,1442,filterLoc,,
3435,1445,filterLoc,,
3435,1448,filterLoc,,
3435,1451,filterLoc,,
3435,1454,filterLoc,,
3435,1457,filterLoc,,
3435,1460,filterLoc,,
3435,1463,filterLoc,,
3435,1466,filterLoc,,;Evacuee;227;in triage category;G;is leaving helicopter;2
3435,1469,filterLoc,,
3435,1472,filterLoc,,
3435,1475,filterLoc,,
3435,1478,filterLoc,,
3435,1481,filterLoc,,
3435,1484,filterLoc,,
3435,1487,filterLoc,,
3435,1490,filterLoc,,
3435,1493,filterLoc,,
3435,1496,filterLoc,,
3435,1499,filterLoc,,
3435,1502,filterLoc,,
3435,1505,filterLoc,,
3435,1508,filterLoc,,
3435,1511,filterLoc,,
3435,1514,filterLoc,,
3435,1517,filterLoc,,
3435,1520,filterLoc,,
3435,1523,filterLoc,,
3435,1526,filterLoc,,
3435,1529,filterLoc,,
3435,494,filterLoc,out,Evacuee 192 in triage category G is not assigned a helicopter
3435,494,filterLoc,,
3435,495,evacuee,,Evacuee;192;in triage state;G;is entering the FOL
3435,717,filterLoc,out,Evacuee 199 in triage category G is not assigned a helicopter
3435,717,filterLoc,,
3435,718,evacuee,,Evacuee;199;in triage state;G;is entering the FOL
3435,1328,filterLoc,out,Evacuee 203 in triage category G is not assigned a helicopter
3435,1328,filterLoc,,
3435,1329,evacuee,,Evacuee;203;in triage state;G;is entering the FOL
3435,1340,filterLoc,out,Evacuee 185 in triage category G is not assigned a helicopter
3435,1340,filterLoc,,
3435,1341,evacuee,,Evacuee;185;in triage state;G;is entering the FOL
3435,1343,filterLoc,out,Evacuee 186 in triage category G is not assigned a helicopter
3435,1343,filterLoc,,
3435,1344,evacuee,,Evacuee;186;in triage state;G;is entering the FOL
3435,1349,filterLoc,out,Evacuee 217 in triage category G is not assigned a helicopter
3435,1349,filterLoc,,
3435,1350,evacuee,,Evacuee;217;in triage state;G;is entering the FOL
3435,1400,filterLoc,out,Evacuee 204 in triage category G is not assigned a helicopter
3435,1400,filterLoc,,
3435,1401,evacuee,,Evacuee;204;in triage state;G;is entering the FOL
3435,1406,filterLoc,out,Evacuee 205 in triage category G is not assigned a helicopter
3435,1406,filterLoc,,
3435,1407,evacuee,,Evacuee;205;in triage state;G;is entering the FOL
3435,1415,filterLoc,out,Evacuee 206 in triage category G is not assigned a helicopter
3435,1415,filterLoc,,
3435,1416,evacuee,,Evacuee;206;in triage state;G;is entering the FOL
3435,1466,filterLoc,out,Evacuee 227 in triage category G is not assigned a helicopter
3435,1466,filterLoc,,
3435,1467,evacuee,,Evacuee;227;in triage state;G;is entering the FOL
3435,227,FOL,,;EvacueeID;5;Triage Status;G;EvacueeID;6;Triage Status;G;EvacueeID;7;Triage Status;G;EvacueeID;9;Triage Status;G;EvacueeID;16;Triage Status;G;EvacueeID;19;Triage Status;G;EvacueeID;20;Triage Status;G;EvacueeID;25;Triage Status;G;EvacueeID;28;Triage Status;G;EvacueeID;32;Triage Status;G;EvacueeID;34;Triage Status;G;EvacueeID;35;Triage Status;G;EvacueeID;40;Triage Status;G;EvacueeID;41;Triage Status;G;EvacueeID;44;Triage Status;G;EvacueeID;49;Triage Status;G;EvacueeID;50;Triage Status;G;EvacueeID;51;Triage Status;G;EvacueeID;52;Triage Status;G;EvacueeID;58;Triage Status;G;EvacueeID;61;Triage Status;G;EvacueeID;63;Triage Status;G;EvacueeID;64;Triage Status;G;EvacueeID;70;Triage Status;G;EvacueeID;73;Triage Status;G;EvacueeID;74;Triage Status;G;EvacueeID;76;Triage Status;G;EvacueeID;81;Triage Status;G;EvacueeID;83;Triage Status;G;EvacueeID;86;Triage Status;G;EvacueeID;87;Triage Status;G;EvacueeID;89;Triage Status;G;EvacueeID;90;Triage Status;G;EvacueeID;92;Triage Status;G;EvacueeID;94;Triage Status;G;EvacueeID;97;Triage Status;G;EvacueeID;102;Triage Status;G;EvacueeID;103;Triage Status;G;EvacueeID;104;Triage Status;G;EvacueeID;105;Triage Status;G;EvacueeID;107;Triage Status;G;EvacueeID;111;Triage Status;G;EvacueeID;116;Triage Status;G;EvacueeID;117;Triage Status;G;EvacueeID;118;Triage Status;G;EvacueeID;119;Triage Status;G;EvacueeID;120;Triage Status;G;EvacueeID;124;Triage Status;G;EvacueeID;126;Triage Status;G;EvacueeID;127;Triage Status;G;EvacueeID;128;Triage Status;G;EvacueeID;129;Triage Status;G;EvacueeID;131;Triage Status;G;EvacueeID;134;Triage Status;G;EvacueeID;137;Triage Status;G;EvacueeID;138;Triage Status;G;EvacueeID;150;Triage Status;G;EvacueeID;154;Triage Status;G;EvacueeID;155;Triage Status;G;EvacueeID;157;Triage Status;G;EvacueeID;160;Triage Status;G;EvacueeID;162;Triage Status;G;EvacueeID;163;Triage Status;G;EvacueeID;166;Triage Status;G;EvacueeID;173;Triage Status;G;EvacueeID;180;Triage Status;G;EvacueeID;181;Triage Status;G;EvacueeID;182;Triage Status;G;EvacueeID;183;Triage Status;G;EvacueeID;184;Triage Status;G;EvacueeID;185;Triage Status;G;EvacueeID;186;Triage Status;G;EvacueeID;192;Triage Status;G;EvacueeID;199;Triage Status;G;EvacueeID;203;Triage Status;G;EvacueeID;204;Triage Status;G;EvacueeID;205;Triage Status;G;EvacueeID;206;Triage Status;G;EvacueeID;217;Triage Status;G;EvacueeID;227;Triage Status;G;Lives Saved;80
3435,495,evacuee,outFOL,Evacuee 192 in triage category G is not assigned a helicopter
3435,495,evacuee,,Evacuee;192;in triage state;G;is at the FOL
3435,718,evacuee,outFOL,Evacuee 199 in triage category G is not assigned a helicopter
3435,718,evacuee,,Evacuee;199;in triage state;G;is at the FOL
3435,1329,evacuee,outFOL,Evacuee 203 in triage category G is not assigned a helicopter
3435,1329,evacuee,,Evacuee;203;in triage state;G;is at the FOL
3435,1341,evacuee,outFOL,Evacuee 185 in triage category G is not assigned a helicopter
3435,1341,evacuee,,Evacuee;185;in triage state;G;is at the FOL
3435,1344,evacuee,outFOL,Evacuee 186 in triage category G is not assigned a helicopter
3435,1344,evacuee,,Evacuee;186;in triage state;G;is at the FOL
3435,1350,evacuee,outFOL,Evacuee 217 in triage category G is not assigned a helicopter
3435,1350,evacuee,,Evacuee;217;in triage state;G;is at the FOL
3435,1401,evacuee,outFOL,Evacuee 204 in triage category G is not assigned a helicopter
3435,1401,evacuee,,Evacuee;204;in triage state;G;is at the FOL
3435,1407,evacuee,outFOL,Evacuee 205 in triage category G is not assigned a helicopter
3435,1407,evacuee,,Evacuee;205;in triage state;G;is at the FOL
3435,1416,evacuee,outFOL,Evacuee 206 in triage category G is not assigned a helicopter
3435,1416,evacuee,,Evacuee;206;in triage state;G;is at the FOL
3435,1467,evacuee,outFOL,Evacuee 227 in triage category G is not assigned a helicopter
3435,1467,evacuee,,Evacuee;227;in triage state;G;is at the FOL
3435,227,FOL,,;EvacueeID;5;Triage Status;G;EvacueeID;6;Triage Status;G;EvacueeID;7;Triage Status;G;EvacueeID;9;Triage Status;G;EvacueeID;16;Triage Status;G;EvacueeID;19;Triage Status;G;EvacueeID;20;Triage Status;G;EvacueeID;25;Triage Status;G;EvacueeID;28;Triage Status;G;EvacueeID;32;Triage Status;G;EvacueeID;34;Triage Status;G;EvacueeID;35;Triage Status;G;EvacueeID;40;Triage Status;G;EvacueeID;41;Triage Status;G;EvacueeID;44;Triage Status;G;EvacueeID;49;Triage Status;G;EvacueeID;50;Triage Status;G;EvacueeID;51;Triage Status;G;EvacueeID;52;Triage Status;G;EvacueeID;58;Triage Status;G;EvacueeID;61;Triage Status;G;EvacueeID;63;Triage Status;G;EvacueeID;64;Triage Status;G;EvacueeID;70;Triage Status;G;EvacueeID;73;Triage Status;G;EvacueeID;74;Triage Status;G;EvacueeID;76;Triage Status;G;EvacueeID;81;Triage Status;G;EvacueeID;83;Triage Status;G;EvacueeID;86;Triage Status;G;EvacueeID;87;Triage Status;G;EvacueeID;89;Triage Status;G;EvacueeID;90;Triage Status;G;EvacueeID;92;Triage Status;G;EvacueeID;94;Triage Status;G;EvacueeID;97;Triage Status;G;EvacueeID;102;Triage Status;G;EvacueeID;103;Triage Status;G;EvacueeID;104;Triage Status;G;EvacueeID;105;Triage Status;G;EvacueeID;107;Triage Status;G;EvacueeID;111;Triage Status;G;EvacueeID;116;Triage Status;G;EvacueeID;117;Triage Status;G;EvacueeID;118;Triage Status;G;EvacueeID;119;Triage Status;G;EvacueeID;120;Triage Status;G;EvacueeID;124;Triage Status;G;EvacueeID;126;Triage Status;G;EvacueeID;127;Triage Status;G;EvacueeID;128;Triage Status;G;EvacueeID;129;Triage Status;G;EvacueeID;131;Triage Status;G;EvacueeID;134;Triage Status;G;EvacueeID;137;Triage Status;G;EvacueeID;138;Triage Status;G;EvacueeID;150;Triage Status;G;EvacueeID;154;Triage Status;G;EvacueeID;155;Triage Status;G;EvacueeID;157;Triage Status;G;EvacueeID;160;Triage Status;G;EvacueeID;162;Triage Status;G;EvacueeID;163;Triage Status;G;EvacueeID;166;Triage Status;G;EvacueeID;173;Triage Status;G;EvacueeID;180;Triage Status;G;EvacueeID;181;Triage Status;G;EvacueeID;182;Triage Status;G;EvacueeID;183;Triage Status;G;EvacueeID;184;Triage Status;G;EvacueeID;185;Triage Status;G;EvacueeID;186;Triage Status;G;EvacueeID;192;Triage Status;G;EvacueeID;199;Triage Status;G;EvacueeID;203;Triage Status;G;EvacueeID;204;Triage Status;G;EvacueeID;205;Triage Status;G;EvacueeID;206;Triage Status;G;EvacueeID;217;Triage Status;G;EvacueeID;227;Triage Status;G;Lives Saved;80
3438.93,3,evacueeManager,,OFF SHIP: White;0;Green;47;Yellow;20;Red;6;Black;327;ON SHIP: White;0;Green;0;Yellow;0;Red;0;Evacuees to Transfer;
3438.93,1386,evacuee,outES,Evacuee 329 in triage category R is not assigned a helicopter
3438.93,1386,evacuee,,Evacuee;329;in triage state;B;is at the evacuation site
3445.74,3,evacueeManager,,OFF SHIP: White;0;Green;46;Yellow;21;Red;6;Black;327;ON SHIP: White;0;Green;0;Yellow;0;Red;0;Evacuees to Transfer;
3445.74,208,evacuee,outES,Evacuee 379 in triage category G is not assigned a helicopter
3445.74,208,evacuee,,Evacuee;379;in triage state;Y;is at the evacuation site
3449.1,3,evacueeManager,,OFF SHIP: White;0;Green;46;Yellow;21;Red;5;Black;328;ON SHIP: White;0;Green;0;Yellow;0;Red;0;Evacuees to Transfer;
3449.1,269,evacuee,outES,Evacuee 346 in triage category R is not assigned a helicopter
3449.1,269,evacuee,,Evacuee;346;in triage state;B;is at the evacuation site
3450,5,helicopterQueue,,1;Helos are waiting to land;HeloID;5
3450,574,helicopter,outES,Helicopter 5 is evacuating people5
3450,574,helicopter,,Helicopter;5;is waiting to land at the evacuation site;;and has;0;spots taken
3450,1133,helicopter,,Helicopter;2;Is going to the evacuation site;;and has;0;spots taken
3450,4,helipadManager,,;No helos are at ES
3450,5,helicopterQueue,outHM,Helicopter 5 is evacuating people5
3450,5,helicopterQueue,outHelo,Helicopter 5 is evacuating people5
3450,5,helicopterQueue,,;No helos are waiting to land
3450,8,filterES,,
3450,108,filterES,,
3450,293,filterES,,
3450,573,filterES,,Helicopter;5;is evacuating people
3450,1132,filterES,,
3450,1172,filterES,,
3450,3,evacueeManager,,OFF SHIP: White;0;Green;36;Yellow;21;Red;5;Black;328;ON SHIP: White;0;Green;0;Yellow;0;Red;0;Evacuees to Transfer;;EvacueeID;295;HeloID;5;OnShip;0;Triage Status;G;EvacueeID;297;HeloID;5;OnShip;0;Triage Status;G;EvacueeID;303;HeloID;5;OnShip;0;Triage Status;G;EvacueeID;304;HeloID;5;OnShip;0;Triage Status;G;EvacueeID;305;HeloID;5;OnShip;0;Triage Status;G;EvacueeID;306;HeloID;5;OnShip;0;Triage Status;G;EvacueeID;308;HeloID;5;OnShip;0;Triage Status;G;EvacueeID;309;HeloID;5;OnShip;0;Triage Status;G;EvacueeID;310;HeloID;5;OnShip;0;Triage Status;G;EvacueeID;315;HeloID;5;OnShip;0;Triage Status;G
3450,4,helipadManager,outEM,Helicopter 5 is evacuating people5
3450,4,helipadManager,,Helo;5;is at the ES
3450,573,filterES,out,Helicopter 5 is evacuating people5
3450,573,filterES,,
3450,574,helicopter,,Helicopter;5;is waiting to land at the evacuation site;;and has;0;spots taken
3450,3,evacueeManager,outEvac,Evacuee 295 in triage category G is assigned helicopter 5
3450,3,evacueeManager,outEvac,Evacuee 297 in triage category G is assigned helicopter 5
3450,3,evacueeManager,outEvac,Evacuee 303 in triage category G is assigned helicopter 5
3450,3,evacueeManager,outEvac,Evacuee 304 in triage category G is assigned helicopter 5
3450,3,evacueeManager,outEvac,Evacuee 305 in triage category G is assigned helicopter 5
3450,3,evacueeManager,outEvac,Evacuee 306 in triage category G is assigned helicopter 5
3450,3,evacueeManager,outEvac,Evacuee 308 in triage category G is assigned helicopter 5
3450,3,evacueeManager,outEvac,Evacuee 309 in triage category G is assigned helicopter 5
3450,3,evacueeManager,outEvac,Evacuee 310 in triage category G is assigned helicopter 5
3450,3,evacueeManager,outEvac,Evacuee 315 in triage category G is assigned helicopter 5
3450,3,evacueeManager,,OFF SHIP: White;0;Green;36;Yellow;21;Red;5;Black;328;ON SHIP: White;0;Green;0;Yellow;0;Red;0;Evacuees to Transfer;
3450,11,filterLoc,,
3450,14,filterLoc,,
3450,17,filterLoc,,
3450,20,filterLoc,,
3450,23,filterLoc,,
3450,26,filterLoc,,
3450,29,filterLoc,,
3450,32,filterLoc,,
3450,35,filterLoc,,
3450,38,filterLoc,,
3450,41,filterLoc,,
3450,44,filterLoc,,
3450,47,filterLoc,,
3450,50,filterLoc,,
3450,53,filterLoc,,
3450,56,filterLoc,,
3450,59,filterLoc,,
3450,62,filterLoc,,
3450,65,filterLoc,,
3450,68,filterLoc,,
3450,71,filterLoc,,
3450,74,filterLoc,,
3450,77,filterLoc,,
3450,80,filterLoc,,
3450,83,filterLoc,,
3450,86,filterLoc,,
3450,89,filterLoc,,
3450,92,filterLoc,,
3450,95,filterLoc,,
3450,98,filterLoc,,
3450,101,filterLoc,,
3450,104,filterLoc,,
3450,111,filterLoc,,
3450,114,filterLoc,,
3450,117,filterLoc,,
3450,120,filterLoc,,
3450,123,filterLoc,,
3450,126,filterLoc,,
3450,129,filterLoc,,
3450,132,filterLoc,,
3450,135,filterLoc,,
3450,138,filterLoc,,
3450,141,filterLoc,,
3450,144,filterLoc,,
3450,147,filterLoc,,
3450,150,filterLoc,,
3450,153,filterLoc,,
3450,156,filterLoc,,
3450,159,filterLoc,,
3450,162,filterLoc,,
3450,165,filterLoc,,
3450,168,filterLoc,,
3450,171,filterLoc,,
3450,174,filterLoc,,
3450,177,filterLoc,,
3450,180,filterLoc,,
3450,183,filterLoc,,
3450,186,filterLoc,,
3450,189,filterLoc,,
3450,192,filterLoc,,
3450,195,filterLoc,,
3450,198,filterLoc,,
3450,201,filterLoc,,
3450,204,filterLoc,,
3450,207,filterLoc,,
3450,210,filterLoc,,
3450,213,filterLoc,,
3450,216,filterLoc,,
3450,219,filterLoc,,
3450,222,filterLoc,,
3450,225,filterLoc,,
3450,229,filterLoc,,
3450,232,filterLoc,,
3450,235,filterLoc,,
3450,238,filterLoc,,
3450,241,filterLoc,,
3450,244,filterLoc,,
3450,247,filterLoc,,
3450,250,filterLoc,,
3450,253,filterLoc,,
3450,256,filterLoc,,
3450,259,filterLoc,,
3450,262,filterLoc,,
3450,265,filterLoc,,
3450,268,filterLoc,,
3450,271,filterLoc,,
3450,274,filterLoc,,
3450,277,filterLoc,,
3450,280,filterLoc,,
3450,283,filterLoc,,
3450,286,filterLoc,,
3450,289,filterLoc,,
3450,296,filterLoc,,
3450,299,filterLoc,,
3450,302,filterLoc,,
3450,305,filterLoc,,
3450,308,filterLoc,,
3450,311,filterLoc,,
3450,314,filterLoc,,
3450,317,filterLoc,,
3450,320,filterLoc,,
3450,323,filterLoc,,
3450,326,filterLoc,,
3450,329,filterLoc,,
3450,332,filterLoc,,
3450,335,filterLoc,,
3450,338,filterLoc,,
3450,341,filterLoc,,
3450,344,filterLoc,,
3450,347,filterLoc,,
3450,350,filterLoc,,;Evacuee;309;in triage category;G;is entering helicopter;5
3450,353,filterLoc,,;Evacuee;306;in triage category;G;is entering helicopter;5
3450,356,filterLoc,,;Evacuee;305;in triage category;G;is entering helicopter;5
3450,359,filterLoc,,;Evacuee;303;in triage category;G;is entering helicopter;5
3450,362,filterLoc,,;Evacuee;295;in triage category;G;is entering helicopter;5
3450,365,filterLoc,,
3450,368,filterLoc,,
3450,371,filterLoc,,
3450,374,filterLoc,,
3450,377,filterLoc,,
3450,380,filterLoc,,
3450,383,filterLoc,,
3450,386,filterLoc,,
3450,389,filterLoc,,
3450,392,filterLoc,,
3450,395,filterLoc,,
3450,398,filterLoc,,
3450,401,filterLoc,,
3450,404,filterLoc,,
3450,407,filterLoc,,
3450,410,filterLoc,,
3450,413,filterLoc,,
3450,416,filterLoc,,
3450,419,filterLoc,,
3450,422,filterLoc,,
3450,425,filterLoc,,
3450,428,filterLoc,,;Evacuee;315;in triage category;G;is entering helicopter;5
3450,431,filterLoc,,
3450,434,filterLoc,,
3450,437,filterLoc,,
3450,440,filterLoc,,
3450,443,filterLoc,,
3450,446,filterLoc,,
3450,449,filterLoc,,
3450,452,filterLoc,,
3450,455,filterLoc,,
3450,458,filterLoc,,
3450,461,filterLoc,,
3450,464,filterLoc,,
3450,467,filterLoc,,
3450,470,filterLoc,,
3450,473,filterLoc,,
3450,476,filterLoc,,
3450,479,filterLoc,,
3450,482,filterLoc,,
3450,485,filterLoc,,
3450,488,filterLoc,,
3450,491,filterLoc,,
3450,494,filterLoc,,
3450,497,filterLoc,,
3450,500,filterLoc,,
3450,503,filterLoc,,;Evacuee;310;in triage category;G;is entering helicopter;5
3450,506,filterLoc,,
3450,509,filterLoc,,
3450,512,filterLoc,,
3450,515,filterLoc,,
3450,518,filterLoc,,
3450,521,filterLoc,,
3450,524,filterLoc,,
3450,527,filterLoc,,
3450,530,filterLoc,,
3450,533,filterLoc,,
3450,536,filterLoc,,
3450,539,filterLoc,,
3450,542,filterLoc,,
3450,545,filterLoc,,
3450,548,filterLoc,,
3450,551,filterLoc,,
3450,554,filterLoc,,
3450,557,filterLoc,,
3450,560,filterLoc,,
3450,563,filterLoc,,
3450,566,filterLoc,,
3450,569,filterLoc,,
3450,574,helicopter,,Helicopter;5;is loading people at the evacuation site;;and has;0;spots taken
3450,576,filterLoc,,
3450,579,filterLoc,,
3450,582,filterLoc,,
3450,585,filterLoc,,
3450,588,filterLoc,,
3450,591,filterLoc,,
3450,594,filterLoc,,
3450,597,filterLoc,,
3450,600,filterLoc,,
3450,603,filterLoc,,
3450,606,filterLoc,,
3450,609,filterLoc,,
3450,612,filterLoc,,
3450,615,filterLoc,,
3450,618,filterLoc,,
3450,621,filterLoc,,
3450,624,filterLoc,,
3450,627,filterLoc,,
3450,630,filterLoc,,
3450,633,filterLoc,,
3450,636,filterLoc,,
3450,639,filterLoc,,
3450,642,filterLoc,,;Evacuee;297;in triage category;G;is entering helicopter;5
3450,645,filterLoc,,
3450,648,filterLoc,,
3450,651,filterLoc,,
3450,654,filterLoc,,
3450,657,filterLoc,,
3450,660,filterLoc,,
3450,663,filterLoc,,
3450,666,filterLoc,,
3450,669,filterLoc,,
3450,672,filterLoc,,
3450,675,filterLoc,,
3450,678,filterLoc,,
3450,681,filterLoc,,
3450,684,filterLoc,,
3450,687,filterLoc,,
3450,690,filterLoc,,
3450,693,filterLoc,,
3450,696,filterLoc,,
3450,699,filterLoc,,
3450,702,filterLoc,,
3450,705,filterLoc,,
3450,708,filterLoc,,
3450,711,filterLoc,,
3450,714,filterLoc,,
3450,717,filterLoc,,
3450,720,filterLoc,,
3450,723,filterLoc,,
3450,726,filterLoc,,
3450,729,filterLoc,,
3450,732,filterLoc,,
3450,735,filterLoc,,
3450,738,filterLoc,,
3450,741,filterLoc,,
3450,744,filterLoc,,
3450,747,filterLoc,,
3450,750,filterLoc,,
3450,753,filterLoc,,
3450,756,filterLoc,,
3450,759,filterLoc,,
3450,762,filterLoc,,
3450,765,filterLoc,,
3450,768,filterLoc,,
3450,771,filterLoc,,
3450,774,filterLoc,,
3450,777,filterLoc,,
3450,780,filterLoc,,
3450,783,filterLoc,,
3450,786,filterLoc,,
3450,789,filterLoc,,
3450,792,filterLoc,,
3450,795,filterLoc,,
3450,798,filterLoc,,
3450,801,filterLoc,,
3450,804,filterLoc,,
3450,807,filterLoc,,
3450,810,filterLoc,,
3450,813,filterLoc,,
3450,816,filterLoc,,
3450,819,filterLoc,,
3450,822,filterLoc,,
3450,825,filterLoc,,
3450,828,filterLoc,,
3450,831,filterLoc,,
3450,834,filterLoc,,
3450,837,filterLoc,,
3450,840,filterLoc,,
3450,843,filterLoc,,
3450,846,filterLoc,,
3450,849,filterLoc,,
3450,852,filterLoc,,
3450,855,filterLoc,,
3450,858,filterLoc,,
3450,861,filterLoc,,
3450,864,filterLoc,,
3450,867,filterLoc,,
3450,870,filterLoc,,
3450,873,filterLoc,,
3450,876,filterLoc,,
3450,879,filterLoc,,
3450,882,filterLoc,,
3450,885,filterLoc,,
3450,888,filterLoc,,
3450,891,filterLoc,,
3450,894,filterLoc,,
3450,897,filterLoc,,
3450,900,filterLoc,,
3450,903,filterLoc,,
3450,906,filterLoc,,
3450,909,filterLoc,,
3450,912,filterLoc,,
3450,915,filterLoc,,
3450,918,filterLoc,,
3450,921,filterLoc,,
3450,924,filterLoc,,
3450,927,filterLoc,,
3450,930,filterLoc,,
3450,933,filterLoc,,
3450,936,filterLoc,,
3450,939,filterLoc,,
3450,942,filterLoc,,
3450,945,filterLoc,,
3450,948,filterLoc,,
3450,951,filterLoc,,
3450,954,filterLoc,,
3450,957,filterLoc,,
3450,960,filterLoc,,
3450,963,filterLoc,,
3450,966,filterLoc,,
3450,969,filterLoc,,
3450,972,filterLoc,,
3450,975,filterLoc,,
3450,978,filterLoc,,
3450,981,filterLoc,,
3450,984,filterLoc,,
3450,987,filterLoc,,
3450,990,filterLoc,,
3450,993,filterLoc,,;Evacuee;304;in triage category;G;is entering helicopter;5
3450,996,filterLoc,,
3450,999,filterLoc,,
3450,1002,filterLoc,,
3450,1005,filterLoc,,
3450,1008,filterLoc,,
3450,1011,filterLoc,,
3450,1014,filterLoc,,
3450,1017,filterLoc,,
3450,1020,filterLoc,,
3450,1023,filterLoc,,
3450,1026,filterLoc,,
3450,1029,filterLoc,,
3450,1032,filterLoc,,
3450,1035,filterLoc,,
3450,1038,filterLoc,,
3450,1041,filterLoc,,
3450,1044,filterLoc,,
3450,1047,filterLoc,,
3450,1050,filterLoc,,
3450,1053,filterLoc,,
3450,1056,filterLoc,,
3450,1059,filterLoc,,
3450,1062,filterLoc,,
3450,1065,filterLoc,,
3450,1068,filterLoc,,
3450,1071,filterLoc,,
3450,1074,filterLoc,,
3450,1077,filterLoc,,
3450,1080,filterLoc,,
3450,1083,filterLoc,,
3450,1086,filterLoc,,
3450,1089,filterLoc,,
3450,1092,filterLoc,,
3450,1095,filterLoc,,
3450,1098,filterLoc,,
3450,1101,filterLoc,,
3450,1104,filterLoc,,
3450,1107,filterLoc,,
3450,1110,filterLoc,,
3450,1113,filterLoc,,
3450,1116,filterLoc,,
3450,1119,filterLoc,,
3450,1122,filterLoc,,
3450,1125,filterLoc,,
3450,1128,filterLoc,,
3450,1135,filterLoc,,
3450,1138,filterLoc,,
3450,1141,filterLoc,,
3450,1144,filterLoc,,
3450,1147,filterLoc,,
3450,1150,filterLoc,,
3450,1153,filterLoc,,
3450,1156,filterLoc,,
3450,1159,filterLoc,,
3450,1162,filterLoc,,
3450,1165,filterLoc,,
3450,1168,filterLoc,,
3450,1175,filterLoc,,
3450,1178,filterLoc,,
3450,1181,filterLoc,,
3450,1184,filterLoc,,
3450,1187,filterLoc,,
3450,1190,filterLoc,,
3450,1193,filterLoc,,
3450,1196,filterLoc,,
3450,1199,filterLoc,,;Evacuee;308;in triage category;G;is entering helicopter;5
3450,1202,filterLoc,,
3450,1205,filterLoc,,
3450,1208,filterLoc,,
3450,1211,filterLoc,,
3450,1214,filterLoc,,
3450,1217,filterLoc,,
3450,1220,filterLoc,,
3450,1223,filterLoc,,
3450,1226,filterLoc,,
3450,1229,filterLoc,,
3450,1232,filterLoc,,
3450,1235,filterLoc,,
3450,1238,filterLoc,,
3450,1241,filterLoc,,
3450,1244,filterLoc,,
3450,1247,filterLoc,,
3450,1250,filterLoc,,
3450,1253,filterLoc,,
3450,1256,filterLoc,,
3450,1259,filterLoc,,
3450,1262,filterLoc,,
3450,1265,filterLoc,,
3450,1268,filterLoc,,
3450,1271,filterLoc,,
3450,1274,filterLoc,,
3450,1277,filterLoc,,
3450,1280,filterLoc,,
3450,1283,filterLoc,,
3450,1286,filterLoc,,
3450,1289,filterLoc,,
3450,1292,filterLoc,,
3450,1295,filterLoc,,
3450,1298,filterLoc,,
3450,1301,filterLoc,,
3450,1304,filterLoc,,
3450,1307,filterLoc,,
3450,1310,filterLoc,,
3450,1313,filterLoc,,
3450,1316,filterLoc,,
3450,1319,filterLoc,,
3450,1322,filterLoc,,
3450,1325,filterLoc,,
3450,1328,filterLoc,,
3450,1331,filterLoc,,
3450,1334,filterLoc,,
3450,1337,filterLoc,,
3450,1340,filterLoc,,
3450,1343,filterLoc,,
3450,1346,filterLoc,,
3450,1349,filterLoc,,
3450,1352,filterLoc,,
3450,1355,filterLoc,,
3450,1358,filterLoc,,
3450,1361,filterLoc,,
3450,1364,filterLoc,,
3450,1367,filterLoc,,
3450,1370,filterLoc,,
3450,1373,filterLoc,,
3450,1376,filterLoc,,
3450,1379,filterLoc,,
3450,1382,filterLoc,,
3450,1385,filterLoc,,
3450,1388,filterLoc,,
3450,1391,filterLoc,,
3450,1394,filterLoc,,
3450,1397,filterLoc,,
3450,1400,filterLoc,,
3450,1403,filterLoc,,
3450,1406,filterLoc,,
3450,1409,filterLoc,,
3450,1412,filterLoc,,
3450,1415,filterLoc,,
3450,1418,filterLoc,,
3450,1421,filterLoc,,
3450,1424,filterLoc,,
3450,1427,filterLoc,,
3450,1430,filterLoc,,
3450,1433,filterLoc,,
3450,1436,filterLoc,,
3450,1439,filterLoc,,
3450,1442,filterLoc,,
3450,1445,filterLoc,,
3450,1448,filterLoc,,
3450,1451,filterLoc,,
3450,1454,filterLoc,,
3450,1457,filterLoc,,
3450,1460,filterLoc,,
3450,1463,filterLoc,,
3450,1466,filterLoc,,
3450,1469,filterLoc,,
3450,1472,filterLoc,,
3450,1475,filterLoc,,
3450,1478,filterLoc,,
3450,1481,filterLoc,,
3450,1484,filterLoc,,
3450,1487,filterLoc,,
3450,1490,filterLoc,,
3450,1493,filterLoc,,
3450,1496,filterLoc,,
3450,1499,filterLoc,,
3450,1502,filterLoc,,
3450,1505,filterLoc,,
3450,1508,filterLoc,,
3450,1511,filterLoc,,
3450,1514,filterLoc,,
3450,1517,filterLoc,,
3450,1520,filterLoc,,
3450,1523,filterLoc,,
3450,1526,filterLoc,,
3450,1529,filterLoc,,
3450,350,filterLoc,out,Evacuee 309 in triage category G is assigned helicopter 5
3450,350,filterLoc,,
3450,351,evacuee,,Evacuee;309;in triage state;G;is entering helicopter;5
3450,353,filterLoc,out,Evacuee 306 in triage category G is assigned helicopter 5
3450,353,filterLoc,,
3450,354,evacuee,,Evacuee;306;in triage state;G;is entering helicopter;5
3450,356,filterLoc,out,Evacuee 305 in triage category G is assigned helicopter 5
3450,356,filterLoc,,
3450,357,evacuee,,Evacuee;305;in triage state;G;is entering helicopter;5
3450,359,filterLoc,out,Evacuee 303 in triage category G is assigned helicopter 5
3450,359,filterLoc,,
3450,360,evacuee,,Evacuee;303;in triage state;G;is entering helicopter;5
3450,362,filterLoc,out,Evacuee 295 in triage category G is assigned helicopter 5
3450,362,filterLoc,,
3450,363,evacuee,,Evacuee;295;in triage state;G;is entering helicopter;5
3450,428,filterLoc,out,Evacuee 315 in triage category G is assigned helicopter 5
3450,428,filterLoc,,
3450,429,evacuee,,Evacuee;315;in triage state;G;is entering helicopter;5
3450,503,filterLoc,out,Evacuee 310 in triage category G is assigned helicopter 5
3450,503,filterLoc,,
3450,504,evacuee,,Evacuee;310;in triage state;G;is entering helicopter;5
3450,642,filterLoc,out,Evacuee 297 in triage category G is assigned helicopter 5
3450,642,filterLoc,,
3450,643,evacuee,,Evacuee;297;in triage state;G;is entering helicopter;5
3450,993,filterLoc,out,Evacuee 304 in triage category G is assigned helicopter 5
3450,993,filterLoc,,
3450,994,evacuee,,Evacuee;304;in triage state;G;is entering helicopter;5
3450,1199,filterLoc,out,Evacuee 308 in triage category G is assigned helicopter 5
3450,1199,filterLoc,,
3450,1200,evacuee,,Evacuee;308;in triage state;G;is entering helicopter;5
3450,7,filterEvac,,
3450,107,filterEvac,,
3450,292,filterEvac,,
3450,351,evacuee,outHelo,Evacuee 309 in triage category G is assigned helicopter 5
3450,351,evacuee,,Evacuee;309;in triage state;G;is in helicopter;5
3450,354,evacuee,outHelo,Evacuee 306 in triage category G is assigned helicopter 5
3450,354,evacuee,,Evacuee;306;in triage state;G;is in helicopter;5
3450,357,evacuee,outHelo,Evacuee 305 in triage category G is assigned helicopter 5
3450,357,evacuee,,Evacuee;305;in triage state;G;is in helicopter;5
3450,360,evacuee,outHelo,Evacuee 303 in triage category G is assigned helicopter 5
3450,360,evacuee,,Evacuee;303;in triage state;G;is in helicopter;5
3450,363,evacuee,outHelo,Evacuee 295 in triage category G is assigned helicopter 5
3450,363,evacuee,,Evacuee;295;in triage state;G;is in helicopter;5
3450,429,evacuee,outHelo,Evacuee 315 in triage category G is assigned helicopter 5
3450,429,evacuee,,Evacuee;315;in triage state;G;is in helicopter;5
3450,504,evacuee,outHelo,Evacuee 310 in triage category G is assigned helicopter 5
3450,504,evacuee,,Evacuee;310;in triage state;G;is in helicopter;5
3450,572,filterEvac,,;Evacuee;295;in triage category;G;is entering helicopter;5;Evacuee;297;in triage category;G;is entering helicopter;5;Evacuee;303;in triage category;G;is entering helicopter;5;Evacuee;304;in triage category;G;is entering helicopter;5;Evacuee;305;in triage category;G;is entering helicopter;5;Evacuee;306;in triage category;G;is entering helicopter;5;Evacuee;308;in triage category;G;is entering helicopter;5;Evacuee;309;in triage category;G;is entering helicopter;5;Evacuee;310;in triage category;G;is entering helicopter;5;Evacuee;315;in triage category;G;is entering helicopter;5
3450,643,evacuee,outHelo,Evacuee 297 in triage category G is assigned helicopter 5
3450,643,evacuee,,Evacuee;297;in triage state;G;is in helicopter;5
3450,994,evacuee,outHelo,Evacuee 304 in triage category G is assigned helicopter 5
3450,994,evacuee,,Evacuee;304;in triage state;G;is in helicopter;5
3450,1131,filterEvac,,
3450,1171,filterEvac,,
3450,1200,evacuee,outHelo,Evacuee 308 in triage category G is assigned helicopter 5
3450,1200,evacuee,,Evacuee;308;in triage state;G;is in helicopter;5
3450,572,filterEvac,out,Evacuee 295 in triage category G is assigned helicopter 5
3450,572,filterEvac,out,Evacuee 297 in triage category G is assigned helicopter 5
3450,572,filterEvac,out,Evacuee 303 in triage category G is assigned helicopter 5
3450,572,filterEvac,out,Evacuee 304 in triage category G is assigned helicopter 5
3450,572,filterEvac,out,Evacuee 305 in triage category G is assigned helicopter 5
3450,572,filterEvac,out,Evacuee 306 in triage category G is assigned helicopter 5
3450,572,filterEvac,out,Evacuee 308 in triage category G is assigned helicopter 5
3450,572,filterEvac,out,Evacuee 309 in triage category G is assigned helicopter 5
3450,572,filterEvac,out,Evacuee 310 in triage category G is assigned helicopter 5
3450,572,filterEvac,out,Evacuee 315 in triage category G is assigned helicopter 5
3450,572,filterEvac,,
3450,574,helicopter,,Helicopter;5;is loading people at the evacuation site;;and has;10;spots taken
3450.13,3,evacueeManager,,OFF SHIP: White;0;Green;36;Yellow;21;Red;4;Black;329;ON SHIP: White;0;Green;0;Yellow;0;Red;0;Evacuees to Transfer;
3450.13,817,evacuee,outES,Evacuee 29 in triage category R is not assigned a helicopter
3450.13,817,evacuee,,Evacuee;29;in triage state;B;is at the evacuation site
3456.34,3,evacueeManager,,OFF SHIP: White;0;Green;36;Yellow;20;Red;5;Black;329;ON SHIP: White;0;Green;0;Yellow;0;Red;0;Evacuees to Transfer;
3456.34,1524,evacuee,outES,Evacuee 257 in triage category Y is not assigned a helicopter
3456.34,1524,evacuee,,Evacuee;257;in triage state;R;is at the evacuation site
3458.23,3,evacueeManager,,OFF SHIP: White;0;Green;36;Yellow;20;Red;4;Black;330;ON SHIP: White;0;Green;0;Yellow;0;Red;0;Evacuees to Transfer;
3458.23,1527,evacuee,outES,Evacuee 210 in triage category R is not assigned a helicopter
3458.23,1527,evacuee,,Evacuee;210;in triage state;B;is at the evacuation site
3465,4,helipadManager,outHelo,Helicopter 5 is evacuating people5
3465,4,helipadManager,,;No helos are at ES
3465,8,filterES,,
3465,108,filterES,,
3465,293,filterES,,
3465,573,filterES,,Helicopter;5;is evacuating people
3465,1132,filterES,,
3465,1172,filterES,,
3465,4,helipadManager,outHQ,0
3465,4,helipadManager,,;No helos are at ES
3465,5,helicopterQueue,,;No helos are waiting to land
3465,573,filterES,out,Helicopter 5 is evacuating people5
3465,573,filterES,,
3465,574,helicopter,,Helicopter;5;is loading people at the evacuation site;;and has;10;spots taken
3465,5,helicopterQueue,,;No helos are waiting to land
3465,574,helicopter,,Helicopter;5;is returning to the FOL;;and has;10;spots taken
3489.86,3,evacueeManager,,OFF SHIP: White;0;Green;36;Yellow;20;Red;3;Black;331;ON SHIP: White;0;Green;0;Yellow;0;Red;0;Evacuees to Transfer;
3489.86,486,evacuee,outES,Evacuee 121 in triage category R is not assigned a helicopter
3489.86,486,evacuee,,Evacuee;121;in triage state;B;is at the evacuation site
3492.98,3,evacueeManager,,OFF SHIP: White;0;Green;36;Yellow;19;Red;4;Black;331;ON SHIP: White;0;Green;0;Yellow;0;Red;0;Evacuees to Transfer;
3492.98,278,evacuee,outES,Evacuee 338 in triage category Y is not assigned a helicopter
3492.98,278,evacuee,,Evacuee;338;in triage state;R;is at the evacuation site
3495,11,filterLoc,,
3495,14,filterLoc,,
3495,17,filterLoc,,
3495,20,filterLoc,,
3495,23,filterLoc,,
3495,26,filterLoc,,
3495,29,filterLoc,,
3495,32,filterLoc,,
3495,35,filterLoc,,
3495,38,filterLoc,,
3495,41,filterLoc,,
3495,44,filterLoc,,
3495,47,filterLoc,,
3495,50,filterLoc,,
3495,53,filterLoc,,
3495,56,filterLoc,,
3495,59,filterLoc,,
3495,62,filterLoc,,
3495,65,filterLoc,,
3495,68,filterLoc,,
3495,71,filterLoc,,
3495,74,filterLoc,,
3495,77,filterLoc,,
3495,80,filterLoc,,
3495,83,filterLoc,,
3495,86,filterLoc,,
3495,89,filterLoc,,
3495,92,filterLoc,,
3495,95,filterLoc,,
3495,98,filterLoc,,
3495,101,filterLoc,,
3495,104,filterLoc,,
3495,109,helicopter,outEvac,Evacuee 232 in triage category G is not assigned a helicopter
3495,109,helicopter,outEvac,Evacuee 233 in triage category G is not assigned a helicopter
3495,109,helicopter,outEvac,Evacuee 234 in triage category G is not assigned a helicopter
3495,109,helicopter,outEvac,Evacuee 235 in triage category G is not assigned a helicopter
3495,109,helicopter,outEvac,Evacuee 236 in triage category G is not assigned a helicopter
3495,109,helicopter,outEvac,Evacuee 237 in triage category G is not assigned a helicopter
3495,109,helicopter,outEvac,Evacuee 245 in triage category G is not assigned a helicopter
3495,109,helicopter,outEvac,Evacuee 250 in triage category G is not assigned a helicopter
3495,109,helicopter,outEvac,Evacuee 251 in triage category G is not assigned a helicopter
3495,109,helicopter,outEvac,Evacuee 266 in triage category G is not assigned a helicopter
3495,109,helicopter,,Helicopter;3;is unloading people at the FOL;;and has;0;spots taken
3495,111,filterLoc,,
3495,114,filterLoc,,
3495,117,filterLoc,,
3495,120,filterLoc,,
3495,123,filterLoc,,
3495,126,filterLoc,,
3495,129,filterLoc,,
3495,132,filterLoc,,
3495,135,filterLoc,,
3495,138,filterLoc,,
3495,141,filterLoc,,
3495,144,filterLoc,,
3495,147,filterLoc,,
3495,150,filterLoc,,
3495,153,filterLoc,,
3495,156,filterLoc,,
3495,159,filterLoc,,
3495,162,filterLoc,,
3495,165,filterLoc,,
3495,168,filterLoc,,
3495,171,filterLoc,,
3495,174,filterLoc,,
3495,177,filterLoc,,
3495,180,filterLoc,,
3495,183,filterLoc,,
3495,186,filterLoc,,
3495,189,filterLoc,,
3495,192,filterLoc,,
3495,195,filterLoc,,
3495,198,filterLoc,,
3495,201,filterLoc,,
3495,204,filterLoc,,
3495,207,filterLoc,,
3495,210,filterLoc,,
3495,213,filterLoc,,
3495,216,filterLoc,,
3495,219,filterLoc,,
3495,222,filterLoc,,
3495,225,filterLoc,,
3495,229,filterLoc,,
3495,232,filterLoc,,
3495,235,filterLoc,,
3495,238,filterLoc,,
3495,241,filterLoc,,
3495,244,filterLoc,,
3495,247,filterLoc,,
3495,250,filterLoc,,
3495,253,filterLoc,,
3495,256,filterLoc,,
3495,259,filterLoc,,
3495,262,filterLoc,,
3495,265,filterLoc,,
3495,268,filterLoc,,
3495,271,filterLoc,,
3495,274,filterLoc,,
3495,277,filterLoc,,
3495,280,filterLoc,,
3495,283,filterLoc,,
3495,286,filterLoc,,
3495,289,filterLoc,,
3495,296,filterLoc,,
3495,299,filterLoc,,
3495,302,filterLoc,,
3495,305,filterLoc,,
3495,308,filterLoc,,
3495,311,filterLoc,,
3495,314,filterLoc,,
3495,317,filterLoc,,
3495,320,filterLoc,,
3495,323,filterLoc,,
3495,326,filterLoc,,
3495,329,filterLoc,,
3495,332,filterLoc,,
3495,335,filterLoc,,
3495,338,filterLoc,,
3495,341,filterLoc,,
3495,344,filterLoc,,
3495,347,filterLoc,,
3495,350,filterLoc,,
3495,353,filterLoc,,
3495,356,filterLoc,,
3495,359,filterLoc,,
3495,362,filterLoc,,
3495,365,filterLoc,,
3495,368,filterLoc,,
3495,371,filterLoc,,
3495,374,filterLoc,,
3495,377,filterLoc,,
3495,380,filterLoc,,
3495,383,filterLoc,,
3495,386,filterLoc,,
3495,389,filterLoc,,
3495,392,filterLoc,,
3495,395,filterLoc,,
3495,398,filterLoc,,
3495,401,filterLoc,,
3495,404,filterLoc,,
3495,407,filterLoc,,
3495,410,filterLoc,,
3495,413,filterLoc,,
3495,416,filterLoc,,
3495,419,filterLoc,,
3495,422,filterLoc,,
3495,425,filterLoc,,
3495,428,filterLoc,,
3495,431,filterLoc,,
3495,434,filterLoc,,
3495,437,filterLoc,,
3495,440,filterLoc,,
3495,443,filterLoc,,
3495,446,filterLoc,,
3495,449,filterLoc,,
3495,452,filterLoc,,
3495,455,filterLoc,,
3495,458,filterLoc,,
3495,461,filterLoc,,
3495,464,filterLoc,,
3495,467,filterLoc,,
3495,470,filterLoc,,
3495,473,filterLoc,,
3495,476,filterLoc,,
3495,479,filterLoc,,
3495,482,filterLoc,,
3495,485,filterLoc,,
3495,488,filterLoc,,
3495,491,filterLoc,,
3495,494,filterLoc,,
3495,497,filterLoc,,
3495,500,filterLoc,,;Evacuee;245;in triage category;G;is leaving helicopter;3
3495,503,filterLoc,,
3495,506,filterLoc,,
3495,509,filterLoc,,
3495,512,filterLoc,,
3495,515,filterLoc,,
3495,518,filterLoc,,
3495,521,filterLoc,,
3495,524,filterLoc,,
3495,527,filterLoc,,
3495,530,filterLoc,,
3495,533,filterLoc,,
3495,536,filterLoc,,
3495,539,filterLoc,,
3495,542,filterLoc,,
3495,545,filterLoc,,
3495,548,filterLoc,,
3495,551,filterLoc,,
3495,554,filterLoc,,
3495,557,filterLoc,,;Evacuee;235;in triage category;G;is leaving helicopter;3
3495,560,filterLoc,,
3495,563,filterLoc,,
3495,566,filterLoc,,
3495,569,filterLoc,,
3495,576,filterLoc,,
3495,579,filterLoc,,
3495,582,filterLoc,,
3495,585,filterLoc,,
3495,588,filterLoc,,
3495,591,filterLoc,,
3495,594,filterLoc,,
3495,597,filterLoc,,
3495,600,filterLoc,,
3495,603,filterLoc,,
3495,606,filterLoc,,
3495,609,filterLoc,,
3495,612,filterLoc,,
3495,615,filterLoc,,
3495,618,filterLoc,,
3495,621,filterLoc,,
3495,624,filterLoc,,
3495,627,filterLoc,,
3495,630,filterLoc,,
3495,633,filterLoc,,
3495,636,filterLoc,,
3495,639,filterLoc,,
3495,642,filterLoc,,
3495,645,filterLoc,,
3495,648,filterLoc,,
3495,651,filterLoc,,
3495,654,filterLoc,,
3495,657,filterLoc,,
3495,660,filterLoc,,
3495,663,filterLoc,,
3495,666,filterLoc,,
3495,669,filterLoc,,
3495,672,filterLoc,,
3495,675,filterLoc,,
3495,678,filterLoc,,
3495,681,filterLoc,,
3495,684,filterLoc,,
3495,687,filterLoc,,
3495,690,filterLoc,,
3495,693,filterLoc,,
3495,696,filterLoc,,
3495,699,filterLoc,,
3495,702,filterLoc,,
3495,705,filterLoc,,
3495,708,filterLoc,,;Evacuee;251;in triage category;G;is leaving helicopter;3
3495,711,filterLoc,,
3495,714,filterLoc,,
3495,717,filterLoc,,
3495,720,filterLoc,,
3495,723,filterLoc,,
3495,726,filterLoc,,
3495,729,filterLoc,,
3495,732,filterLoc,,
3495,735,filterLoc,,
3495,738,filterLoc,,
3495,741,filterLoc,,
3495,744,filterLoc,,
3495,747,filterLoc,,
3495,750,filterLoc,,
3495,753,filterLoc,,
3495,756,filterLoc,,
3495,759,filterLoc,,
3495,762,filterLoc,,
3495,765,filterLoc,,
3495,768,filterLoc,,
3495,771,filterLoc,,
3495,774,filterLoc,,
3495,777,filterLoc,,
3495,780,filterLoc,,
3495,783,filterLoc,,;Evacuee;250;in triage category;G;is leaving helicopter;3
3495,786,filterLoc,,
3495,789,filterLoc,,
3495,792,filterLoc,,
3495,795,filterLoc,,
3495,798,filterLoc,,
3495,801,filterLoc,,
3495,804,filterLoc,,
3495,807,filterLoc,,
3495,810,filterLoc,,
3495,813,filterLoc,,
3495,816,filterLoc,,
3495,819,filterLoc,,
3495,822,filterLoc,,
3495,825,filterLoc,,
3495,828,filterLoc,,
3495,831,filterLoc,,
3495,834,filterLoc,,
3495,837,filterLoc,,
3495,840,filterLoc,,
3495,843,filterLoc,,
3495,846,filterLoc,,
3495,849,filterLoc,,
3495,852,filterLoc,,
3495,855,filterLoc,,
3495,858,filterLoc,,
3495,861,filterLoc,,
3495,864,filterLoc,,
3495,867,filterLoc,,
3495,870,filterLoc,,
3495,873,filterLoc,,
3495,876,filterLoc,,
3495,879,filterLoc,,
3495,882,filterLoc,,
3495,885,filterLoc,,
3495,888,filterLoc,,
3495,891,filterLoc,,
3495,894,filterLoc,,
3495,897,filterLoc,,
3495,900,filterLoc,,
3495,903,filterLoc,,
3495,906,filterLoc,,
3495,909,filterLoc,,
3495,912,filterLoc,,
3495,915,filterLoc,,
3495,918,filterLoc,,
3495,921,filterLoc,,
3495,924,filterLoc,,
3495,927,filterLoc,,
3495,930,filterLoc,,
3495,933,filterLoc,,
3495,936,filterLoc,,
3495,939,filterLoc,,
3495,942,filterLoc,,
3495,945,filterLoc,,
3495,948,filterLoc,,
3495,951,filterLoc,,
3495,954,filterLoc,,
3495,957,filterLoc,,
3495,960,filterLoc,,
3495,963,filterLoc,,
3495,966,filterLoc,,
3495,969,filterLoc,,
3495,972,filterLoc,,
3495,975,filterLoc,,
3495,978,filterLoc,,
3495,981,filterLoc,,
3495,984,filterLoc,,
3495,987,filterLoc,,
3495,990,filterLoc,,
3495,993,filterLoc,,
3495,996,filterLoc,,
3495,999,filterLoc,,
3495,1002,filterLoc,,
3495,1005,filterLoc,,
3495,1008,filterLoc,,
3495,1011,filterLoc,,
3495,1014,filterLoc,,
3495,1017,filterLoc,,
3495,1020,filterLoc,,
3495,1023,filterLoc,,
3495,1026,filterLoc,,
3495,1029,filterLoc,,
3495,1032,filterLoc,,
3495,1035,filterLoc,,
3495,1038,filterLoc,,
3495,1041,filterLoc,,
3495,1044,filterLoc,,
3495,1047,filterLoc,,
3495,1050,filterLoc,,
3495,1053,filterLoc,,
3495,1056,filterLoc,,
3495,1059,filterLoc,,
3495,1062,filterLoc,,
3495,1065,filterLoc,,
3495,1068,filterLoc,,
3495,1071,filterLoc,,
3495,1074,filterLoc,,
3495,1077,filterLoc,,
3495,1080,filterLoc,,
3495,1083,filterLoc,,
3495,1086,filterLoc,,
3495,1089,filterLoc,,
3495,1092,filterLoc,,
3495,1095,filterLoc,,
3495,1098,filterLoc,,
3495,1101,filterLoc,,
3495,1104,filterLoc,,
3495,1107,filterLoc,,
3495,1110,filterLoc,,
3495,1113,filterLoc,,
3495,1116,filterLoc,,
3495,1119,filterLoc,,
3495,1122,filterLoc,,
3495,1125,filterLoc,,;Evacuee;266;in triage category;G;is leaving helicopter;3
3495,1128,filterLoc,,
3495,1135,filterLoc,,
3495,1138,filterLoc,,
3495,1141,filterLoc,,
3495,1144,filterLoc,,
3495,1147,filterLoc,,
3495,1150,filterLoc,,
3495,1153,filterLoc,,
3495,1156,filterLoc,,
3495,1159,filterLoc,,
3495,1162,filterLoc,,
3495,1165,filterLoc,,
3495,1168,filterLoc,,
3495,1175,filterLoc,,
3495,1178,filterLoc,,
3495,1181,filterLoc,,
3495,1184,filterLoc,,
3495,1187,filterLoc,,
3495,1190,filterLoc,,
3495,1193,filterLoc,,
3495,1196,filterLoc,,
3495,1199,filterLoc,,
3495,1202,filterLoc,,
3495,1205,filterLoc,,
3495,1208,filterLoc,,
3495,1211,filterLoc,,
3495,1214,filterLoc,,
3495,1217,filterLoc,,
3495,1220,filterLoc,,
3495,1223,filterLoc,,
3495,1226,filterLoc,,
3495,1229,filterLoc,,
3495,1232,filterLoc,,
3495,1235,filterLoc,,
3495,1238,filterLoc,,
3495,1241,filterLoc,,
3495,1244,filterLoc,,
3495,1247,filterLoc,,
3495,1250,filterLoc,,
3495,1253,filterLoc,,
3495,1256,filterLoc,,
3495,1259,filterLoc,,
3495,1262,filterLoc,,
3495,1265,filterLoc,,;Evacuee;234;in triage category;G;is leaving helicopter;3
3495,1268,filterLoc,,
3495,1271,filterLoc,,
3495,1274,filterLoc,,
3495,1277,filterLoc,,
3495,1280,filterLoc,,
3495,1283,filterLoc,,
3495,1286,filterLoc,,
3495,1289,filterLoc,,
3495,1292,filterLoc,,
3495,1295,filterLoc,,
3495,1298,filterLoc,,
3495,1301,filterLoc,,
3495,1304,filterLoc,,
3495,1307,filterLoc,,
3495,1310,filterLoc,,
3495,1313,filterLoc,,
3495,1316,filterLoc,,
3495,1319,filterLoc,,
3495,1322,filterLoc,,
3495,1325,filterLoc,,
3495,1328,filterLoc,,
3495,1331,filterLoc,,;Evacuee;232;in triage category;G;is leaving helicopter;3
3495,1334,filterLoc,,
3495,1337,filterLoc,,
3495,1340,filterLoc,,
3495,1343,filterLoc,,
3495,1346,filterLoc,,
3495,1349,filterLoc,,
3495,1352,filterLoc,,
3495,1355,filterLoc,,
3495,1358,filterLoc,,
3495,1361,filterLoc,,
3495,1364,filterLoc,,
3495,1367,filterLoc,,
3495,1370,filterLoc,,
3495,1373,filterLoc,,
3495,1376,filterLoc,,
3495,1379,filterLoc,,
3495,1382,filterLoc,,
3495,1385,filterLoc,,
3495,1388,filterLoc,,
3495,1391,filterLoc,,
3495,1394,filterLoc,,
3495,1397,filterLoc,,
3495,1400,filterLoc,,
3495,1403,filterLoc,,
3495,1406,filterLoc,,
3495,1409,filterLoc,,
3495,1412,filterLoc,,
3495,1415,filterLoc,,
3495,1418,filterLoc,,
3495,1421,filterLoc,,
3495,1424,filterLoc,,
3495,1427,filterLoc,,
3495,1430,filterLoc,,
3495,1433,filterLoc,,
3495,1436,filterLoc,,
3495,1439,filterLoc,,
3495,1442,filterLoc,,
3495,1445,filterLoc,,
3495,1448,filterLoc,,
3495,1451,filterLoc,,
3495,1454,filterLoc,,
3495,1457,filterLoc,,
3495,1460,filterLoc,,
3495,1463,filterLoc,,
3495,1466,filterLoc,,
3495,1469,filterLoc,,
3495,1472,filterLoc,,
3495,1475,filterLoc,,;Evacuee;233;in triage category;G;is leaving helicopter;3
3495,1478,filterLoc,,;Evacuee;236;in triage category;G;is leaving helicopter;3
3495,1481,filterLoc,,
3495,1484,filterLoc,,;Evacuee;237;in triage category;G;is leaving helicopter;3
3495,1487,filterLoc,,
3495,1490,filterLoc,,
3495,1493,filterLoc,,
3495,1496,filterLoc,,
3495,1499,filterLoc,,
3495,1502,filterLoc,,
3495,1505,filterLoc,,
3495,1508,filterLoc,,
3495,1511,filterLoc,,
3495,1514,filterLoc,,
3495,1517,filterLoc,,
3495,1520,filterLoc,,
3495,1523,filterLoc,,
3495,1526,filterLoc,,
3495,1529,filterLoc,,
3495,500,filterLoc,out,Evacuee 245 in triage category G is not assigned a helicopter
3495,500,filterLoc,,
3495,501,evacuee,,Evacuee;245;in triage state;G;is entering the FOL
3495,557,filterLoc,out,Evacuee 235 in triage category G is not assigned a helicopter
3495,557,filterLoc,,
3495,558,evacuee,,Evacuee;235;in triage state;G;is entering the FOL
3495,708,filterLoc,out,Evacuee 251 in triage category G is not assigned a helicopter
3495,708,filterLoc,,
3495,709,evacuee,,Evacuee;251;in triage state;G;is entering the FOL
3495,783,filterLoc,out,Evacuee 250 in triage category G is not assigned a helicopter
3495,783,filterLoc,,
3495,784,evacuee,,Evacuee;250;in triage state;G;is entering the FOL
3495,1125,filterLoc,out,Evacuee 266 in triage category G is not assigned a helicopter
3495,1125,filterLoc,,
3495,1126,evacuee,,Evacuee;266;in triage state;G;is entering the FOL
3495,1265,filterLoc,out,Evacuee 234 in triage category G is not assigned a helicopter
3495,1265,filterLoc,,
3495,1266,evacuee,,Evacuee;234;in triage state;G;is entering the FOL
3495,1331,filterLoc,out,Evacuee 232 in triage category G is not assigned a helicopter
3495,1331,filterLoc,,
3495,1332,evacuee,,Evacuee;232;in triage state;G;is entering the FOL
3495,1475,filterLoc,out,Evacuee 233 in triage category G is not assigned a helicopter
3495,1475,filterLoc,,
3495,1476,evacuee,,Evacuee;233;in triage state;G;is entering the FOL
3495,1478,filterLoc,out,Evacuee 236 in triage category G is not assigned a helicopter
3495,1478,filterLoc,,
3495,1479,evacuee,,Evacuee;236;in triage state;G;is entering the FOL
3495,1484,filterLoc,out,Evacuee 237 in triage category G is not assigned a helicopter
3495,1484,filterLoc,,
3495,1485,evacuee,,Evacuee;237;in triage state;G;is entering the FOL
3495,227,FOL,,;EvacueeID;5;Triage Status;G;EvacueeID;6;Triage Status;G;EvacueeID;7;Triage Status;G;EvacueeID;9;Triage Status;G;EvacueeID;16;Triage Status;G;EvacueeID;19;Triage Status;G;EvacueeID;20;Triage Status;G;EvacueeID;25;Triage Status;G;EvacueeID;28;Triage Status;G;EvacueeID;32;Triage Status;G;EvacueeID;34;Triage Status;G;EvacueeID;35;Triage Status;G;EvacueeID;40;Triage Status;G;EvacueeID;41;Triage Status;G;EvacueeID;44;Triage Status;G;EvacueeID;49;Triage Status;G;EvacueeID;50;Triage Status;G;EvacueeID;51;Triage Status;G;EvacueeID;52;Triage Status;G;EvacueeID;58;Triage Status;G;EvacueeID;61;Triage Status;G;EvacueeID;63;Triage Status;G;EvacueeID;64;Triage Status;G;EvacueeID;70;Triage Status;G;EvacueeID;73;Triage Status;G;EvacueeID;74;Triage Status;G;EvacueeID;76;Triage Status;G;EvacueeID;81;Triage Status;G;EvacueeID;83;Triage Status;G;EvacueeID;86;Triage Status;G;EvacueeID;87;Triage Status;G;EvacueeID;89;Triage Status;G;EvacueeID;90;Triage Status;G;EvacueeID;92;Triage Status;G;EvacueeID;94;Triage Status;G;EvacueeID;97;Triage Status;G;EvacueeID;102;Triage Status;G;EvacueeID;103;Triage Status;G;EvacueeID;104;Triage Status;G;EvacueeID;105;Triage Status;G;EvacueeID;107;Triage Status;G;EvacueeID;111;Triage Status;G;EvacueeID;116;Triage Status;G;EvacueeID;117;Triage Status;G;EvacueeID;118;Triage Status;G;EvacueeID;119;Triage Status;G;EvacueeID;120;Triage Status;G;EvacueeID;124;Triage Status;G;EvacueeID;126;Triage Status;G;EvacueeID;127;Triage Status;G;EvacueeID;128;Triage Status;G;EvacueeID;129;Triage Status;G;EvacueeID;131;Triage Status;G;EvacueeID;134;Triage Status;G;EvacueeID;137;Triage Status;G;EvacueeID;138;Triage Status;G;EvacueeID;150;Triage Status;G;EvacueeID;154;Triage Status;G;EvacueeID;155;Triage Status;G;EvacueeID;157;Triage Status;G;EvacueeID;160;Triage Status;G;EvacueeID;162;Triage Status;G;EvacueeID;163;Triage Status;G;EvacueeID;166;Triage Status;G;EvacueeID;173;Triage Status;G;EvacueeID;180;Triage Status;G;EvacueeID;181;Triage Status;G;EvacueeID;182;Triage Status;G;EvacueeID;183;Triage Status;G;EvacueeID;184;Triage Status;G;EvacueeID;185;Triage Status;G;EvacueeID;186;Triage Status;G;EvacueeID;192;Triage Status;G;EvacueeID;199;Triage Status;G;EvacueeID;203;Triage Status;G;EvacueeID;204;Triage Status;G;EvacueeID;205;Triage Status;G;EvacueeID;206;Triage Status;G;EvacueeID;217;Triage Status;G;EvacueeID;227;Triage Status;G;EvacueeID;232;Triage Status;G;EvacueeID;233;Triage Status;G;EvacueeID;234;Triage Status;G;EvacueeID;235;Triage Status;G;EvacueeID;236;Triage Status;G;EvacueeID;237;Triage Status;G;EvacueeID;245;Triage Status;G;EvacueeID;250;Triage Status;G;EvacueeID;251;Triage Status;G;EvacueeID;266;Triage Status;G;Lives Saved;90
3495,501,evacuee,outFOL,Evacuee 245 in triage category G is not assigned a helicopter
3495,501,evacuee,,Evacuee;245;in triage state;G;is at the FOL
3495,558,evacuee,outFOL,Evacuee 235 in triage category G is not assigned a helicopter
3495,558,evacuee,,Evacuee;235;in triage state;G;is at the FOL
3495,709,evacuee,outFOL,Evacuee 251 in triage category G is not assigned a helicopter
3495,709,evacuee,,Evacuee;251;in triage state;G;is at the FOL
3495,784,evacuee,outFOL,Evacuee 250 in triage category G is not assigned a helicopter
3495,784,evacuee,,Evacuee;250;in triage state;G;is at the FOL
3495,1126,evacuee,outFOL,Evacuee 266 in triage category G is not assigned a helicopter
3495,1126,evacuee,,Evacuee;266;in triage state;G;is at the FOL
3495,1266,evacuee,outFOL,Evacuee 234 in triage category G is not assigned a helicopter
3495,1266,evacuee,,Evacuee;234;in triage state;G;is at the FOL
3495,1332,evacuee,outFOL,Evacuee 232 in triage category G is not assigned a helicopter
3495,1332,evacuee,,Evacuee;232;in triage state;G;is at the FOL
3495,1476,evacuee,outFOL,Evacuee 233 in triage category G is not assigned a helicopter
3495,1476,evacuee,,Evacuee;233;in triage state;G;is at the FOL
3495,1479,evacuee,outFOL,Evacuee 236 in triage category G is not assigned a helicopter
3495,1479,evacuee,,Evacuee;236;in triage state;G;is at the FOL
3495,1485,evacuee,outFOL,Evacuee 237 in triage category G is not assigned a helicopter
3495,1485,evacuee,,Evacuee;237;in triage state;G;is at the FOL
3495,227,FOL,,;EvacueeID;5;Triage Status;G;EvacueeID;6;Triage Status;G;EvacueeID;7;Triage Status;G;EvacueeID;9;Triage Status;G;EvacueeID;16;Triage Status;G;EvacueeID;19;Triage Status;G;EvacueeID;20;Triage Status;G;EvacueeID;25;Triage Status;G;EvacueeID;28;Triage Status;G;EvacueeID;32;Triage Status;G;EvacueeID;34;Triage Status;G;EvacueeID;35;Triage Status;G;EvacueeID;40;Triage Status;G;EvacueeID;41;Triage Status;G;EvacueeID;44;Triage Status;G;EvacueeID;49;Triage Status;G;EvacueeID;50;Triage Status;G;EvacueeID;51;Triage Status;G;EvacueeID;52;Triage Status;G;EvacueeID;58;Triage Status;G;EvacueeID;61;Triage Status;G;EvacueeID;63;Triage Status;G;EvacueeID;64;Triage Status;G;EvacueeID;70;Triage Status;G;EvacueeID;73;Triage Status;G;EvacueeID;74;Triage Status;G;EvacueeID;76;Triage Status;G;EvacueeID;81;Triage Status;G;EvacueeID;83;Triage Status;G;EvacueeID;86;Triage Status;G;EvacueeID;87;Triage Status;G;EvacueeID;89;Triage Status;G;EvacueeID;90;Triage Status;G;EvacueeID;92;Triage Status;G;EvacueeID;94;Triage Status;G;EvacueeID;97;Triage Status;G;EvacueeID;102;Triage Status;G;EvacueeID;103;Triage Status;G;EvacueeID;104;Triage Status;G;EvacueeID;105;Triage Status;G;EvacueeID;107;Triage Status;G;EvacueeID;111;Triage Status;G;EvacueeID;116;Triage Status;G;EvacueeID;117;Triage Status;G;EvacueeID;118;Triage Status;G;EvacueeID;119;Triage Status;G;EvacueeID;120;Triage Status;G;EvacueeID;124;Triage Status;G;EvacueeID;126;Triage Status;G;EvacueeID;127;Triage Status;G;EvacueeID;128;Triage Status;G;EvacueeID;129;Triage Status;G;EvacueeID;131;Triage Status;G;EvacueeID;134;Triage Status;G;EvacueeID;137;Triage Status;G;EvacueeID;138;Triage Status;G;EvacueeID;150;Triage Status;G;EvacueeID;154;Triage Status;G;EvacueeID;155;Triage Status;G;EvacueeID;157;Triage Status;G;EvacueeID;160;Triage Status;G;EvacueeID;162;Triage Status;G;EvacueeID;163;Triage Status;G;EvacueeID;166;Triage Status;G;EvacueeID;173;Triage Status;G;EvacueeID;180;Triage Status;G;EvacueeID;181;Triage Status;G;EvacueeID;182;Triage Status;G;EvacueeID;183;Triage Status;G;EvacueeID;184;Triage Status;G;EvacueeID;185;Triage Status;G;EvacueeID;186;Triage Status;G;EvacueeID;192;Triage Status;G;EvacueeID;199;Triage Status;G;EvacueeID;203;Triage Status;G;EvacueeID;204;Triage Status;G;EvacueeID;205;Triage Status;G;EvacueeID;206;Triage Status;G;EvacueeID;217;Triage Status;G;EvacueeID;227;Triage Status;G;EvacueeID;232;Triage Status;G;EvacueeID;233;Triage Status;G;EvacueeID;234;Triage Status;G;EvacueeID;235;Triage Status;G;EvacueeID;236;Triage Status;G;EvacueeID;237;Triage Status;G;EvacueeID;245;Triage Status;G;EvacueeID;250;Triage Status;G;EvacueeID;251;Triage Status;G;EvacueeID;266;Triage Status;G;Lives Saved;90
3495.09,3,evacueeManager,,OFF SHIP: White;0;Green;35;Yellow;20;Red;4;Black;331;ON SHIP: White;0;Green;0;Yellow;0;Red;0;Evacuees to Transfer;
3495.09,1398,evacuee,outES,Evacuee 390 in triage category G is not assigned a helicopter
3495.09,1398,evacuee,,Evacuee;390;in triage state;Y;is at the evacuation site
3510,5,helicopterQueue,,1;Helos are waiting to land;HeloID;6
3510,9,helicopter,outES,Helicopter 6 is evacuating people6
3510,9,helicopter,,Helicopter;6;is waiting to land at the evacuation site;;and has;0;spots taken
3510,109,helicopter,,Helicopter;3;Is going to the evacuation site;;and has;0;spots taken
3510,4,helipadManager,,;No helos are at ES
3510,5,helicopterQueue,outHM,Helicopter 6 is evacuating people6
3510,5,helicopterQueue,outHelo,Helicopter 6 is evacuating people6
3510,5,helicopterQueue,,;No helos are waiting to land
3510,8,filterES,,Helicopter;6;is evacuating people
3510,108,filterES,,
3510,293,filterES,,
3510,573,filterES,,
3510,1132,filterES,,
3510,1172,filterES,,
3510,3,evacueeManager,,OFF SHIP: White;0;Green;25;Yellow;20;Red;4;Black;331;ON SHIP: White;0;Green;0;Yellow;0;Red;0;Evacuees to Transfer;;EvacueeID;320;HeloID;6;OnShip;0;Triage Status;G;EvacueeID;323;HeloID;6;OnShip;0;Triage Status;G;EvacueeID;327;HeloID;6;OnShip;0;Triage Status;G;EvacueeID;328;HeloID;6;OnShip;0;Triage Status;G;EvacueeID;330;HeloID;6;OnShip;0;Triage Status;G;EvacueeID;331;HeloID;6;OnShip;0;Triage Status;G;EvacueeID;334;HeloID;6;OnShip;0;Triage Status;G;EvacueeID;335;HeloID;6;OnShip;0;Triage Status;G;EvacueeID;337;HeloID;6;OnShip;0;Triage Status;G;EvacueeID;352;HeloID;6;OnShip;0;Triage Status;G
3510,4,helipadManager,outEM,Helicopter 6 is evacuating people6
3510,4,helipadManager,,Helo;6;is at the ES
3510,8,filterES,out,Helicopter 6 is evacuating people6
3510,8,filterES,,
3510,9,helicopter,,Helicopter;6;is waiting to land at the evacuation site;;and has;0;spots taken
3510,3,evacueeManager,outEvac,Evacuee 320 in triage category G is assigned helicopter 6
3510,3,evacueeManager,outEvac,Evacuee 323 in triage category G is assigned helicopter 6
3510,3,evacueeManager,outEvac,Evacuee 327 in triage category G is assigned helicopter 6
3510,3,evacueeManager,outEvac,Evacuee 328 in triage category G is assigned helicopter 6
3510,3,evacueeManager,outEvac,Evacuee 330 in triage category G is assigned helicopter 6
3510,3,evacueeManager,outEvac,Evacuee 331 in triage category G is assigned helicopter 6
3510,3,evacueeManager,outEvac,Evacuee 334 in triage category G is assigned helicopter 6
3510,3,evacueeManager,outEvac,Evacuee 335 in triage category G is assigned helicopter 6
3510,3,evacueeManager,outEvac,Evacuee 337 in triage category G is assigned helicopter 6
3510,3,evacueeManager,outEvac,Evacuee 352 in triage category G is assigned helicopter 6
3510,3,evacueeManager,,OFF SHIP: White;0;Green;25;Yellow;20;Red;4;Black;331;ON SHIP: White;0;Green;0;Yellow;0;Red;0;Evacuees to Transfer;
3510,9,helicopter,,Helicopter;6;is loading people at the evacuation site;;and has;0;spots taken
3510,11,filterLoc,,
3510,14,filterLoc,,
3510,17,filterLoc,,
3510,20,filterLoc,,
3510,23,filterLoc,,
3510,26,filterLoc,,
3510,29,filterLoc,,
3510,32,filterLoc,,
3510,35,filterLoc,,
3510,38,filterLoc,,
3510,41,filterLoc,,
3510,44,filterLoc,,
3510,47,filterLoc,,
3510,50,filterLoc,,
3510,53,filterLoc,,
3510,56,filterLoc,,
3510,59,filterLoc,,
3510,62,filterLoc,,
3510,65,filterLoc,,
3510,68,filterLoc,,
3510,71,filterLoc,,
3510,74,filterLoc,,
3510,77,filterLoc,,
3510,80,filterLoc,,
3510,83,filterLoc,,
3510,86,filterLoc,,
3510,89,filterLoc,,
3510,92,filterLoc,,
3510,95,filterLoc,,
3510,98,filterLoc,,
3510,101,filterLoc,,
3510,104,filterLoc,,
3510,111,filterLoc,,
3510,114,filterLoc,,
3510,117,filterLoc,,
3510,120,filterLoc,,
3510,123,filterLoc,,
3510,126,filterLoc,,
3510,129,filterLoc,,
3510,132,filterLoc,,
3510,135,filterLoc,,
3510,138,filterLoc,,
3510,141,filterLoc,,
3510,144,filterLoc,,
3510,147,filterLoc,,
3510,150,filterLoc,,
3510,153,filterLoc,,
3510,156,filterLoc,,
3510,159,filterLoc,,
3510,162,filterLoc,,
3510,165,filterLoc,,
3510,168,filterLoc,,
3510,171,filterLoc,,
3510,174,filterLoc,,
3510,177,filterLoc,,
3510,180,filterLoc,,
3510,183,filterLoc,,
3510,186,filterLoc,,
3510,189,filterLoc,,
3510,192,filterLoc,,
3510,195,filterLoc,,
3510,198,filterLoc,,
3510,201,filterLoc,,
3510,204,filterLoc,,
3510,207,filterLoc,,
3510,210,filterLoc,,
3510,213,filterLoc,,
3510,216,filterLoc,,
3510,219,filterLoc,,
3510,222,filterLoc,,
3510,225,filterLoc,,
3510,229,filterLoc,,
3510,232,filterLoc,,
3510,235,filterLoc,,
3510,238,filterLoc,,
3510,241,filterLoc,,
3510,244,filterLoc,,
3510,247,filterLoc,,
3510,250,filterLoc,,
3510,253,filterLoc,,
3510,256,filterLoc,,
3510,259,filterLoc,,
3510,262,filterLoc,,
3510,265,filterLoc,,
3510,268,filterLoc,,
3510,271,filterLoc,,
3510,274,filterLoc,,
3510,277,filterLoc,,
3510,280,filterLoc,,;Evacuee;335;in triage category;G;is entering helicopter;6
3510,283,filterLoc,,;Evacuee;331;in triage category;G;is entering helicopter;6
3510,286,filterLoc,,
3510,289,filterLoc,,;Evacuee;330;in triage category;G;is entering helicopter;6
3510,296,filterLoc,,;Evacuee;328;in triage category;G;is entering helicopter;6
3510,299,filterLoc,,;Evacuee;327;in triage category;G;is entering helicopter;6
3510,302,filterLoc,,
3510,305,filterLoc,,
3510,308,filterLoc,,
3510,311,filterLoc,,
3510,314,filterLoc,,
3510,317,filterLoc,,
3510,320,filterLoc,,
3510,323,filterLoc,,
3510,326,filterLoc,,
3510,329,filterLoc,,
3510,332,filterLoc,,
3510,335,filterLoc,,
3510,338,filterLoc,,
3510,341,filterLoc,,
3510,344,filterLoc,,
3510,347,filterLoc,,
3510,350,filterLoc,,
3510,353,filterLoc,,
3510,356,filterLoc,,
3510,359,filterLoc,,
3510,362,filterLoc,,
3510,365,filterLoc,,;Evacuee;352;in triage category;G;is entering helicopter;6
3510,368,filterLoc,,
3510,371,filterLoc,,
3510,374,filterLoc,,
3510,377,filterLoc,,
3510,380,filterLoc,,
3510,383,filterLoc,,
3510,386,filterLoc,,
3510,389,filterLoc,,
3510,392,filterLoc,,
3510,395,filterLoc,,
3510,398,filterLoc,,
3510,401,filterLoc,,
3510,404,filterLoc,,
3510,407,filterLoc,,
3510,410,filterLoc,,
3510,413,filterLoc,,
3510,416,filterLoc,,
3510,419,filterLoc,,
3510,422,filterLoc,,
3510,425,filterLoc,,
3510,428,filterLoc,,
3510,431,filterLoc,,
3510,434,filterLoc,,
3510,437,filterLoc,,;Evacuee;337;in triage category;G;is entering helicopter;6
3510,440,filterLoc,,
3510,443,filterLoc,,
3510,446,filterLoc,,
3510,449,filterLoc,,
3510,452,filterLoc,,
3510,455,filterLoc,,
3510,458,filterLoc,,
3510,461,filterLoc,,
3510,464,filterLoc,,
3510,467,filterLoc,,
3510,470,filterLoc,,
3510,473,filterLoc,,
3510,476,filterLoc,,
3510,479,filterLoc,,
3510,482,filterLoc,,
3510,485,filterLoc,,
3510,488,filterLoc,,
3510,491,filterLoc,,
3510,494,filterLoc,,
3510,497,filterLoc,,
3510,500,filterLoc,,
3510,503,filterLoc,,
3510,506,filterLoc,,
3510,509,filterLoc,,
3510,512,filterLoc,,
3510,515,filterLoc,,
3510,518,filterLoc,,
3510,521,filterLoc,,
3510,524,filterLoc,,
3510,527,filterLoc,,
3510,530,filterLoc,,
3510,533,filterLoc,,
3510,536,filterLoc,,
3510,539,filterLoc,,
3510,542,filterLoc,,
3510,545,filterLoc,,
3510,548,filterLoc,,
3510,551,filterLoc,,
3510,554,filterLoc,,
3510,557,filterLoc,,
3510,560,filterLoc,,
3510,563,filterLoc,,
3510,566,filterLoc,,
3510,569,filterLoc,,
3510,576,filterLoc,,
3510,579,filterLoc,,
3510,582,filterLoc,,
3510,585,filterLoc,,
3510,588,filterLoc,,
3510,591,filterLoc,,
3510,594,filterLoc,,
3510,597,filterLoc,,
3510,600,filterLoc,,
3510,603,filterLoc,,
3510,606,filterLoc,,
3510,609,filterLoc,,
3510,612,filterLoc,,
3510,615,filterLoc,,
3510,618,filterLoc,,
3510,621,filterLoc,,
3510,624,filterLoc,,
3510,627,filterLoc,,
3510,630,filterLoc,,
3510,633,filterLoc,,
3510,636,filterLoc,,
3510,639,filterLoc,,
3510,642,filterLoc,,
3510,645,filterLoc,,
3510,648,filterLoc,,
3510,651,filterLoc,,
3510,654,filterLoc,,
3510,657,filterLoc,,
3510,660,filterLoc,,
3510,663,filterLoc,,
3510,666,filterLoc,,
3510,669,filterLoc,,
3510,672,filterLoc,,
3510,675,filterLoc,,
3510,678,filterLoc,,
3510,681,filterLoc,,
3510,684,filterLoc,,
3510,687,filterLoc,,
3510,690,filterLoc,,
3510,693,filterLoc,,
3510,696,filterLoc,,
3510,699,filterLoc,,
3510,702,filterLoc,,
3510,705,filterLoc,,
3510,708,filterLoc,,
3510,711,filterLoc,,
3510,714,filterLoc,,
3510,717,filterLoc,,
3510,720,filterLoc,,
3510,723,filterLoc,,
3510,726,filterLoc,,
3510,729,filterLoc,,
3510,732,filterLoc,,
3510,735,filterLoc,,
3510,738,filterLoc,,
3510,741,filterLoc,,
3510,744,filterLoc,,
3510,747,filterLoc,,
3510,750,filterLoc,,
3510,753,filterLoc,,
3510,756,filterLoc,,
3510,759,filterLoc,,
3510,762,filterLoc,,
3510,765,filterLoc,,
3510,768,filterLoc,,
3510,771,filterLoc,,
3510,774,filterLoc,,;Evacuee;334;in triage category;G;is entering helicopter;6
3510,777,filterLoc,,
3510,780,filterLoc,,
3510,783,filterLoc,,
3510,786,filterLoc,,
3510,789,filterLoc,,
3510,792,filterLoc,,
3510,795,filterLoc,,
3510,798,filterLoc,,
3510,801,filterLoc,,
3510,804,filterLoc,,
3510,807,filterLoc,,
3510,810,filterLoc,,
3510,813,filterLoc,,
3510,816,filterLoc,,
3510,819,filterLoc,,
3510,822,filterLoc,,
3510,825,filterLoc,,
3510,828,filterLoc,,
3510,831,filterLoc,,
3510,834,filterLoc,,
3510,837,filterLoc,,
3510,840,filterLoc,,
3510,843,filterLoc,,
3510,846,filterLoc,,
3510,849,filterLoc,,
3510,852,filterLoc,,
3510,855,filterLoc,,
3510,858,filterLoc,,
3510,861,filterLoc,,
3510,864,filterLoc,,
3510,867,filterLoc,,
3510,870,filterLoc,,
3510,873,filterLoc,,
3510,876,filterLoc,,
3510,879,filterLoc,,
3510,882,filterLoc,,
3510,885,filterLoc,,
3510,888,filterLoc,,
3510,891,filterLoc,,
3510,894,filterLoc,,
3510,897,filterLoc,,
3510,900,filterLoc,,
3510,903,filterLoc,,
3510,906,filterLoc,,
3510,909,filterLoc,,
3510,912,filterLoc,,
3510,915,filterLoc,,
3510,918,filterLoc,,
3510,921,filterLoc,,
3510,924,filterLoc,,
3510,927,filterLoc,,
3510,930,filterLoc,,
3510,933,filterLoc,,
3510,936,filterLoc,,
3510,939,filterLoc,,
3510,942,filterLoc,,
3510,945,filterLoc,,
3510,948,filterLoc,,
3510,951,filterLoc,,
3510,954,filterLoc,,
3510,957,filterLoc,,
3510,960,filterLoc,,
3510,963,filterLoc,,
3510,966,filterLoc,,
3510,969,filterLoc,,
3510,972,filterLoc,,
3510,975,filterLoc,,
3510,978,filterLoc,,;Evacuee;320;in triage category;G;is entering helicopter;6
3510,981,filterLoc,,
3510,984,filterLoc,,
3510,987,filterLoc,,
3510,990,filterLoc,,
3510,993,filterLoc,,
3510,996,filterLoc,,
3510,999,filterLoc,,
3510,1002,filterLoc,,
3510,1005,filterLoc,,
3510,1008,filterLoc,,
3510,1011,filterLoc,,
3510,1014,filterLoc,,
3510,1017,filterLoc,,
3510,1020,filterLoc,,
3510,1023,filterLoc,,
3510,1026,filterLoc,,
3510,1029,filterLoc,,
3510,1032,filterLoc,,
3510,1035,filterLoc,,
3510,1038,filterLoc,,
3510,1041,filterLoc,,
3510,1044,filterLoc,,
3510,1047,filterLoc,,
3510,1050,filterLoc,,
3510,1053,filterLoc,,
3510,1056,filterLoc,,
3510,1059,filterLoc,,
3510,1062,filterLoc,,
3510,1065,filterLoc,,
3510,1068,filterLoc,,
3510,1071,filterLoc,,
3510,1074,filterLoc,,
3510,1077,filterLoc,,
3510,1080,filterLoc,,
3510,1083,filterLoc,,
3510,1086,filterLoc,,
3510,1089,filterLoc,,
3510,1092,filterLoc,,
3510,1095,filterLoc,,
3510,1098,filterLoc,,
3510,1101,filterLoc,,
3510,1104,filterLoc,,
3510,1107,filterLoc,,
3510,1110,filterLoc,,
3510,1113,filterLoc,,
3510,1116,filterLoc,,
3510,1119,filterLoc,,
3510,1122,filterLoc,,
3510,1125,filterLoc,,
3510,1128,filterLoc,,
3510,1135,filterLoc,,
3510,1138,filterLoc,,
3510,1141,filterLoc,,
3510,1144,filterLoc,,
3510,1147,filterLoc,,
3510,1150,filterLoc,,
3510,1153,filterLoc,,
3510,1156,filterLoc,,
3510,1159,filterLoc,,
3510,1162,filterLoc,,
3510,1165,filterLoc,,
3510,1168,filterLoc,,
3510,1175,filterLoc,,
3510,1178,filterLoc,,
3510,1181,filterLoc,,
3510,1184,filterLoc,,
3510,1187,filterLoc,,
3510,1190,filterLoc,,
3510,1193,filterLoc,,
3510,1196,filterLoc,,
3510,1199,filterLoc,,
3510,1202,filterLoc,,
3510,1205,filterLoc,,
3510,1208,filterLoc,,
3510,1211,filterLoc,,
3510,1214,filterLoc,,
3510,1217,filterLoc,,
3510,1220,filterLoc,,
3510,1223,filterLoc,,
3510,1226,filterLoc,,
3510,1229,filterLoc,,
3510,1232,filterLoc,,
3510,1235,filterLoc,,
3510,1238,filterLoc,,
3510,1241,filterLoc,,
3510,1244,filterLoc,,
3510,1247,filterLoc,,
3510,1250,filterLoc,,
3510,1253,filterLoc,,
3510,1256,filterLoc,,
3510,1259,filterLoc,,
3510,1262,filterLoc,,
3510,1265,filterLoc,,
3510,1268,filterLoc,,
3510,1271,filterLoc,,
3510,1274,filterLoc,,
3510,1277,filterLoc,,
3510,1280,filterLoc,,
3510,1283,filterLoc,,
3510,1286,filterLoc,,
3510,1289,filterLoc,,
3510,1292,filterLoc,,
3510,1295,filterLoc,,
3510,1298,filterLoc,,
3510,1301,filterLoc,,
3510,1304,filterLoc,,
3510,1307,filterLoc,,
3510,1310,filterLoc,,
3510,1313,filterLoc,,
3510,1316,filterLoc,,
3510,1319,filterLoc,,
3510,1322,filterLoc,,
3510,1325,filterLoc,,
3510,1328,filterLoc,,
3510,1331,filterLoc,,
3510,1334,filterLoc,,
3510,1337,filterLoc,,
3510,1340,filterLoc,,
3510,1343,filterLoc,,
3510,1346,filterLoc,,
3510,1349,filterLoc,,
3510,1352,filterLoc,,
3510,1355,filterLoc,,
3510,1358,filterLoc,,
3510,1361,filterLoc,,
3510,1364,filterLoc,,
3510,1367,filterLoc,,
3510,1370,filterLoc,,
3510,1373,filterLoc,,
3510,1376,filterLoc,,
3510,1379,filterLoc,,
3510,1382,filterLoc,,
3510,1385,filterLoc,,
3510,1388,filterLoc,,
3510,1391,filterLoc,,
3510,1394,filterLoc,,
3510,1397,filterLoc,,
3510,1400,filterLoc,,
3510,1403,filterLoc,,
3510,1406,filterLoc,,
3510,1409,filterLoc,,;Evacuee;323;in triage category;G;is entering helicopter;6
3510,1412,filterLoc,,
3510,1415,filterLoc,,
3510,1418,filterLoc,,
3510,1421,filterLoc,,
3510,1424,filterLoc,,
3510,1427,filterLoc,,
3510,1430,filterLoc,,
3510,1433,filterLoc,,
3510,1436,filterLoc,,
3510,1439,filterLoc,,
3510,1442,filterLoc,,
3510,1445,filterLoc,,
3510,1448,filterLoc,,
3510,1451,filterLoc,,
3510,1454,filterLoc,,
3510,1457,filterLoc,,
3510,1460,filterLoc,,
3510,1463,filterLoc,,
3510,1466,filterLoc,,
3510,1469,filterLoc,,
3510,1472,filterLoc,,
3510,1475,filterLoc,,
3510,1478,filterLoc,,
3510,1481,filterLoc,,
3510,1484,filterLoc,,
3510,1487,filterLoc,,
3510,1490,filterLoc,,
3510,1493,filterLoc,,
3510,1496,filterLoc,,
3510,1499,filterLoc,,
3510,1502,filterLoc,,
3510,1505,filterLoc,,
3510,1508,filterLoc,,
3510,1511,filterLoc,,
3510,1514,filterLoc,,
3510,1517,filterLoc,,
3510,1520,filterLoc,,
3510,1523,filterLoc,,
3510,1526,filterLoc,,
3510,1529,filterLoc,,
3510,280,filterLoc,out,Evacuee 335 in triage category G is assigned helicopter 6
3510,280,filterLoc,,
3510,281,evacuee,,Evacuee;335;in triage state;G;is entering helicopter;6
3510,283,filterLoc,out,Evacuee 331 in triage category G is assigned helicopter 6
3510,283,filterLoc,,
3510,284,evacuee,,Evacuee;331;in triage state;G;is entering helicopter;6
3510,289,filterLoc,out,Evacuee 330 in triage category G is assigned helicopter 6
3510,289,filterLoc,,
3510,290,evacuee,,Evacuee;330;in triage state;G;is entering helicopter;6
3510,296,filterLoc,out,Evacuee 328 in triage category G is assigned helicopter 6
3510,296,filterLoc,,
3510,297,evacuee,,Evacuee;328;in triage state;G;is entering helicopter;6
3510,299,filterLoc,out,Evacuee 327 in triage category G is assigned helicopter 6
3510,299,filterLoc,,
3510,300,evacuee,,Evacuee;327;in triage state;G;is entering helicopter;6
3510,365,filterLoc,out,Evacuee 352 in triage category G is assigned helicopter 6
3510,365,filterLoc,,
3510,366,evacuee,,Evacuee;352;in triage state;G;is entering helicopter;6
3510,437,filterLoc,out,Evacuee 337 in triage category G is assigned helicopter 6
3510,437,filterLoc,,
3510,438,evacuee,,Evacuee;337;in triage state;G;is entering helicopter;6
3510,774,filterLoc,out,Evacuee 334 in triage category G is assigned helicopter 6
3510,774,filterLoc,,
3510,775,evacuee,,Evacuee;334;in triage state;G;is entering helicopter;6
3510,978,filterLoc,out,Evacuee 320 in triage category G is assigned helicopter 6
3510,978,filterLoc,,
3510,979,evacuee,,Evacuee;320;in triage state;G;is entering helicopter;6
3510,1409,filterLoc,out,Evacuee 323 in triage category G is assigned helicopter 6
3510,1409,filterLoc,,
3510,1410,evacuee,,Evacuee;323;in triage state;G;is entering helicopter;6
3510,7,filterEvac,,;Evacuee;320;in triage category;G;is entering helicopter;6;Evacuee;323;in triage category;G;is entering helicopter;6;Evacuee;327;in triage category;G;is entering helicopter;6;Evacuee;328;in triage category;G;is entering helicopter;6;Evacuee;330;in triage category;G;is entering helicopter;6;Evacuee;331;in triage category;G;is entering helicopter;6;Evacuee;334;in triage category;G;is entering helicopter;6;Evacuee;335;in triage category;G;is entering helicopter;6;Evacuee;337;in triage category;G;is entering helicopter;6;Evacuee;352;in triage category;G;is entering helicopter;6
3510,107,filterEvac,,
3510,281,evacuee,outHelo,Evacuee 335 in triage category G is assigned helicopter 6
3510,281,evacuee,,Evacuee;335;in triage state;G;is in helicopter;6
3510,284,evacuee,outHelo,Evacuee 331 in triage category G is assigned helicopter 6
3510,284,evacuee,,Evacuee;331;in triage state;G;is in helicopter;6
3510,290,evacuee,outHelo,Evacuee 330 in triage category G is assigned helicopter 6
3510,290,evacuee,,Evacuee;330;in triage state;G;is in helicopter;6
3510,292,filterEvac,,
3510,297,evacuee,outHelo,Evacuee 328 in triage category G is assigned helicopter 6
3510,297,evacuee,,Evacuee;328;in triage state;G;is in helicopter;6
3510,300,evacuee,outHelo,Evacuee 327 in triage category G is assigned helicopter 6
3510,300,evacuee,,Evacuee;327;in triage state;G;is in helicopter;6
3510,366,evacuee,outHelo,Evacuee 352 in triage category G is assigned helicopter 6
3510,366,evacuee,,Evacuee;352;in triage state;G;is in helicopter;6
3510,438,evacuee,outHelo,Evacuee 337 in triage category G is assigned helicopter 6
3510,438,evacuee,,Evacuee;337;in triage state;G;is in helicopter;6
3510,572,filterEvac,,
3510,775,evacuee,outHelo,Evacuee 334 in triage category G is assigned helicopter 6
3510,775,evacuee,,Evacuee;334;in triage state;G;is in helicopter;6
3510,979,evacuee,outHelo,Evacuee 320 in triage category G is assigned helicopter 6
3510,979,evacuee,,Evacuee;320;in triage state;G;is in helicopter;6
3510,1131,filterEvac,,
3510,1171,filterEvac,,
3510,1410,evacuee,outHelo,Evacuee 323 in triage category G is assigned helicopter 6
3510,1410,evacuee,,Evacuee;323;in triage state;G;is in helicopter;6
3510,7,filterEvac,out,Evacuee 320 in triage category G is assigned helicopter 6
3510,7,filterEvac,out,Evacuee 323 in triage category G is assigned helicopter 6
3510,7,filterEvac,out,Evacuee 327 in triage category G is assigned helicopter 6
3510,7,filterEvac,out,Evacuee 328 in triage category G is assigned helicopter 6
3510,7,filterEvac,out,Evacuee 330 in triage category G is assigned helicopter 6
3510,7,filterEvac,out,Evacuee 331 in triage category G is assigned helicopter 6
3510,7,filterEvac,out,Evacuee 334 in triage category G is assigned helicopter 6
3510,7,filterEvac,out,Evacuee 335 in triage category G is assigned helicopter 6
3510,7,filterEvac,out,Evacuee 337 in triage category G is assigned helicopter 6
3510,7,filterEvac,out,Evacuee 352 in triage category G is assigned helicopter 6
3510,7,filterEvac,,
3510,9,helicopter,,Helicopter;6;is loading people at the evacuation site;;and has;10;spots taken
3511.33,3,evacueeManager,,OFF SHIP: White;0;Green;25;Yellow;20;Red;3;Black;332;ON SHIP: White;0;Green;0;Yellow;0;Red;0;Evacuees to Transfer;
3511.33,480,evacuee,outES,Evacuee 108 in triage category R is not assigned a helicopter
3511.33,480,evacuee,,Evacuee;108;in triage state;B;is at the evacuation site
3525,4,helipadManager,outHelo,Helicopter 6 is evacuating people6
3525,4,helipadManager,,;No helos are at ES
3525,8,filterES,,Helicopter;6;is evacuating people
3525,108,filterES,,
3525,293,filterES,,
3525,573,filterES,,
3525,1132,filterES,,
3525,1172,filterES,,
3525,4,helipadManager,outHQ,0
3525,4,helipadManager,,;No helos are at ES
3525,5,helicopterQueue,,;No helos are waiting to land
3525,8,filterES,out,Helicopter 6 is evacuating people6
3525,8,filterES,,
3525,9,helicopter,,Helicopter;6;is loading people at the evacuation site;;and has;10;spots taken
3525,5,helicopterQueue,,;No helos are waiting to land
3525,9,helicopter,,Helicopter;6;is returning to the FOL;;and has;10;spots taken
3525.73,3,evacueeManager,,OFF SHIP: White;0;Green;25;Yellow;19;Red;4;Black;332;ON SHIP: White;0;Green;0;Yellow;0;Red;0;Evacuees to Transfer;
3525.73,348,evacuee,outES,Evacuee 312 in triage category Y is not assigned a helicopter
3525.73,348,evacuee,,Evacuee;312;in triage state;R;is at the evacuation site
3540,5,helicopterQueue,,1;Helos are waiting to land;HeloID;1
3540,1173,helicopter,outES,Helicopter 1 is evacuating people1
3540,1173,helicopter,,Helicopter;1;is waiting to land at the evacuation site;;and has;0;spots taken
3540,4,helipadManager,,;No helos are at ES
3540,5,helicopterQueue,outHM,Helicopter 1 is evacuating people1
3540,5,helicopterQueue,outHelo,Helicopter 1 is evacuating people1
3540,5,helicopterQueue,,;No helos are waiting to land
3540,8,filterES,,
3540,108,filterES,,
3540,293,filterES,,
3540,573,filterES,,
3540,1132,filterES,,
3540,1172,filterES,,Helicopter;1;is evacuating people
3540,3,evacueeManager,,OFF SHIP: White;0;Green;15;Yellow;19;Red;4;Black;332;ON SHIP: White;0;Green;0;Yellow;0;Red;0;Evacuees to Transfer;;EvacueeID;363;HeloID;1;OnShip;0;Triage Status;G;EvacueeID;371;HeloID;1;OnShip;0;Triage Status;G;EvacueeID;372;HeloID;1;OnShip;0;Triage Status;G;EvacueeID;374;HeloID;1;OnShip;0;Triage Status;G;EvacueeID;375;HeloID;1;OnShip;0;Triage Status;G;EvacueeID;377;HeloID;1;OnShip;0;Triage Status;G;EvacueeID;378;HeloID;1;OnShip;0;Triage Status;G;EvacueeID;401;HeloID;1;OnShip;0;Triage Status;G;EvacueeID;403;HeloID;1;OnShip;0;Triage Status;G;EvacueeID;404;HeloID;1;OnShip;0;Triage Status;G
3540,4,helipadManager,outEM,Helicopter 1 is evacuating people1
3540,4,helipadManager,,Helo;1;is at the ES
3540,1172,filterES,out,Helicopter 1 is evacuating people1
3540,1172,filterES,,
3540,1173,helicopter,,Helicopter;1;is waiting to land at the evacuation site;;and has;0;spots taken
3540,3,evacueeManager,outEvac,Evacuee 363 in triage category G is assigned helicopter 1
3540,3,evacueeManager,outEvac,Evacuee 371 in triage category G is assigned helicopter 1
3540,3,evacueeManager,outEvac,Evacuee 372 in triage category G is assigned helicopter 1
3540,3,evacueeManager,outEvac,Evacuee 374 in triage category G is assigned helicopter 1
3540,3,evacueeManager,outEvac,Evacuee 375 in triage category G is assigned helicopter 1
3540,3,evacueeManager,outEvac,Evacuee 377 in triage category G is assigned helicopter 1
3540,3,evacueeManager,outEvac,Evacuee 378 in triage category G is assigned helicopter 1
3540,3,evacueeManager,outEvac,Evacuee 401 in triage category G is assigned helicopter 1
3540,3,evacueeManager,outEvac,Evacuee 403 in triage category G is assigned helicopter 1
3540,3,evacueeManager,outEvac,Evacuee 404 in triage category G is assigned helicopter 1
3540,3,evacueeManager,,OFF SHIP: White;0;Green;15;Yellow;19;Red;4;Black;332;ON SHIP: White;0;Green;0;Yellow;0;Red;0;Evacuees to Transfer;
3540,11,filterLoc,,
3540,14,filterLoc,,
3540,17,filterLoc,,
3540,20,filterLoc,,
3540,23,filterLoc,,
3540,26,filterLoc,,
3540,29,filterLoc,,
3540,32,filterLoc,,
3540,35,filterLoc,,
3540,38,filterLoc,,
3540,41,filterLoc,,
3540,44,filterLoc,,
3540,47,filterLoc,,
3540,50,filterLoc,,
3540,53,filterLoc,,
3540,56,filterLoc,,
3540,59,filterLoc,,
3540,62,filterLoc,,
3540,65,filterLoc,,
3540,68,filterLoc,,
3540,71,filterLoc,,
3540,74,filterLoc,,
3540,77,filterLoc,,
3540,80,filterLoc,,
3540,83,filterLoc,,
3540,86,filterLoc,,
3540,89,filterLoc,,
3540,92,filterLoc,,
3540,95,filterLoc,,
3540,98,filterLoc,,
3540,101,filterLoc,,
3540,104,filterLoc,,
3540,111,filterLoc,,
3540,114,filterLoc,,
3540,117,filterLoc,,
3540,120,filterLoc,,
3540,123,filterLoc,,
3540,126,filterLoc,,
3540,129,filterLoc,,
3540,132,filterLoc,,
3540,135,filterLoc,,
3540,138,filterLoc,,
3540,141,filterLoc,,
3540,144,filterLoc,,
3540,147,filterLoc,,
3540,150,filterLoc,,;Evacuee;404;in triage category;G;is entering helicopter;1
3540,153,filterLoc,,;Evacuee;403;in triage category;G;is entering helicopter;1
3540,156,filterLoc,,;Evacuee;401;in triage category;G;is entering helicopter;1
3540,159,filterLoc,,
3540,162,filterLoc,,
3540,165,filterLoc,,
3540,168,filterLoc,,
3540,171,filterLoc,,
3540,174,filterLoc,,
3540,177,filterLoc,,
3540,180,filterLoc,,
3540,183,filterLoc,,
3540,186,filterLoc,,
3540,189,filterLoc,,
3540,192,filterLoc,,
3540,195,filterLoc,,
3540,198,filterLoc,,
3540,201,filterLoc,,
3540,204,filterLoc,,
3540,207,filterLoc,,
3540,210,filterLoc,,;Evacuee;378;in triage category;G;is entering helicopter;1
3540,213,filterLoc,,;Evacuee;377;in triage category;G;is entering helicopter;1
3540,216,filterLoc,,;Evacuee;375;in triage category;G;is entering helicopter;1
3540,219,filterLoc,,;Evacuee;374;in triage category;G;is entering helicopter;1
3540,222,filterLoc,,;Evacuee;372;in triage category;G;is entering helicopter;1
3540,225,filterLoc,,;Evacuee;371;in triage category;G;is entering helicopter;1
3540,229,filterLoc,,
3540,232,filterLoc,,
3540,235,filterLoc,,
3540,238,filterLoc,,
3540,241,filterLoc,,
3540,244,filterLoc,,
3540,247,filterLoc,,
3540,250,filterLoc,,
3540,253,filterLoc,,
3540,256,filterLoc,,
3540,259,filterLoc,,
3540,262,filterLoc,,
3540,265,filterLoc,,
3540,268,filterLoc,,
3540,271,filterLoc,,
3540,274,filterLoc,,
3540,277,filterLoc,,
3540,280,filterLoc,,
3540,283,filterLoc,,
3540,286,filterLoc,,
3540,289,filterLoc,,
3540,296,filterLoc,,
3540,299,filterLoc,,
3540,302,filterLoc,,
3540,305,filterLoc,,
3540,308,filterLoc,,
3540,311,filterLoc,,
3540,314,filterLoc,,
3540,317,filterLoc,,
3540,320,filterLoc,,
3540,323,filterLoc,,
3540,326,filterLoc,,
3540,329,filterLoc,,
3540,332,filterLoc,,
3540,335,filterLoc,,
3540,338,filterLoc,,
3540,341,filterLoc,,
3540,344,filterLoc,,
3540,347,filterLoc,,
3540,350,filterLoc,,
3540,353,filterLoc,,
3540,356,filterLoc,,
3540,359,filterLoc,,
3540,362,filterLoc,,
3540,365,filterLoc,,
3540,368,filterLoc,,
3540,371,filterLoc,,
3540,374,filterLoc,,
3540,377,filterLoc,,
3540,380,filterLoc,,
3540,383,filterLoc,,
3540,386,filterLoc,,
3540,389,filterLoc,,
3540,392,filterLoc,,
3540,395,filterLoc,,
3540,398,filterLoc,,
3540,401,filterLoc,,
3540,404,filterLoc,,
3540,407,filterLoc,,
3540,410,filterLoc,,
3540,413,filterLoc,,
3540,416,filterLoc,,
3540,419,filterLoc,,
3540,422,filterLoc,,
3540,425,filterLoc,,
3540,428,filterLoc,,
3540,431,filterLoc,,
3540,434,filterLoc,,
3540,437,filterLoc,,
3540,440,filterLoc,,
3540,443,filterLoc,,
3540,446,filterLoc,,
3540,449,filterLoc,,
3540,452,filterLoc,,
3540,455,filterLoc,,
3540,458,filterLoc,,
3540,461,filterLoc,,
3540,464,filterLoc,,
3540,467,filterLoc,,
3540,470,filterLoc,,
3540,473,filterLoc,,
3540,476,filterLoc,,
3540,479,filterLoc,,
3540,482,filterLoc,,
3540,485,filterLoc,,
3540,488,filterLoc,,
3540,491,filterLoc,,
3540,494,filterLoc,,
3540,497,filterLoc,,
3540,500,filterLoc,,
3540,503,filterLoc,,
3540,506,filterLoc,,
3540,509,filterLoc,,
3540,512,filterLoc,,
3540,515,filterLoc,,
3540,518,filterLoc,,
3540,521,filterLoc,,
3540,524,filterLoc,,
3540,527,filterLoc,,
3540,530,filterLoc,,
3540,533,filterLoc,,
3540,536,filterLoc,,
3540,539,filterLoc,,
3540,542,filterLoc,,
3540,545,filterLoc,,
3540,548,filterLoc,,
3540,551,filterLoc,,
3540,554,filterLoc,,
3540,557,filterLoc,,
3540,560,filterLoc,,
3540,563,filterLoc,,
3540,566,filterLoc,,
3540,569,filterLoc,,
3540,576,filterLoc,,
3540,579,filterLoc,,
3540,582,filterLoc,,
3540,585,filterLoc,,
3540,588,filterLoc,,
3540,591,filterLoc,,
3540,594,filterLoc,,
3540,597,filterLoc,,
3540,600,filterLoc,,
3540,603,filterLoc,,
3540,606,filterLoc,,
3540,609,filterLoc,,
3540,612,filterLoc,,
3540,615,filterLoc,,
3540,618,filterLoc,,
3540,621,filterLoc,,
3540,624,filterLoc,,
3540,627,filterLoc,,
3540,630,filterLoc,,
3540,633,filterLoc,,
3540,636,filterLoc,,
3540,639,filterLoc,,
3540,642,filterLoc,,
3540,645,filterLoc,,
3540,648,filterLoc,,
3540,651,filterLoc,,
3540,654,filterLoc,,
3540,657,filterLoc,,
3540,660,filterLoc,,
3540,663,filterLoc,,
3540,666,filterLoc,,
3540,669,filterLoc,,
3540,672,filterLoc,,
3540,675,filterLoc,,
3540,678,filterLoc,,
3540,681,filterLoc,,
3540,684,filterLoc,,
3540,687,filterLoc,,
3540,690,filterLoc,,
3540,693,filterLoc,,
3540,696,filterLoc,,
3540,699,filterLoc,,
3540,702,filterLoc,,
3540,705,filterLoc,,;Evacuee;363;in triage category;G;is entering helicopter;1
3540,708,filterLoc,,
3540,711,filterLoc,,
3540,714,filterLoc,,
3540,717,filterLoc,,
3540,720,filterLoc,,
3540,723,filterLoc,,
3540,726,filterLoc,,
3540,729,filterLoc,,
3540,732,filterLoc,,
3540,735,filterLoc,,
3540,738,filterLoc,,
3540,741,filterLoc,,
3540,744,filterLoc,,
3540,747,filterLoc,,
3540,750,filterLoc,,
3540,753,filterLoc,,
3540,756,filterLoc,,
3540,759,filterLoc,,
3540,762,filterLoc,,
3540,765,filterLoc,,
3540,768,filterLoc,,
3540,771,filterLoc,,
3540,774,filterLoc,,
3540,777,filterLoc,,
3540,780,filterLoc,,
3540,783,filterLoc,,
3540,786,filterLoc,,
3540,789,filterLoc,,
3540,792,filterLoc,,
3540,795,filterLoc,,
3540,798,filterLoc,,
3540,801,filterLoc,,
3540,804,filterLoc,,
3540,807,filterLoc,,
3540,810,filterLoc,,
3540,813,filterLoc,,
3540,816,filterLoc,,
3540,819,filterLoc,,
3540,822,filterLoc,,
3540,825,filterLoc,,
3540,828,filterLoc,,
3540,831,filterLoc,,
3540,834,filterLoc,,
3540,837,filterLoc,,
3540,840,filterLoc,,
3540,843,filterLoc,,
3540,846,filterLoc,,
3540,849,filterLoc,,
3540,852,filterLoc,,
3540,855,filterLoc,,
3540,858,filterLoc,,
3540,861,filterLoc,,
3540,864,filterLoc,,
3540,867,filterLoc,,
3540,870,filterLoc,,
3540,873,filterLoc,,
3540,876,filterLoc,,
3540,879,filterLoc,,
3540,882,filterLoc,,
3540,885,filterLoc,,
3540,888,filterLoc,,
3540,891,filterLoc,,
3540,894,filterLoc,,
3540,897,filterLoc,,
3540,900,filterLoc,,
3540,903,filterLoc,,
3540,906,filterLoc,,
3540,909,filterLoc,,
3540,912,filterLoc,,
3540,915,filterLoc,,
3540,918,filterLoc,,
3540,921,filterLoc,,
3540,924,filterLoc,,
3540,927,filterLoc,,
3540,930,filterLoc,,
3540,933,filterLoc,,
3540,936,filterLoc,,
3540,939,filterLoc,,
3540,942,filterLoc,,
3540,945,filterLoc,,
3540,948,filterLoc,,
3540,951,filterLoc,,
3540,954,filterLoc,,
3540,957,filterLoc,,
3540,960,filterLoc,,
3540,963,filterLoc,,
3540,966,filterLoc,,
3540,969,filterLoc,,
3540,972,filterLoc,,
3540,975,filterLoc,,
3540,978,filterLoc,,
3540,981,filterLoc,,
3540,984,filterLoc,,
3540,987,filterLoc,,
3540,990,filterLoc,,
3540,993,filterLoc,,
3540,996,filterLoc,,
3540,999,filterLoc,,
3540,1002,filterLoc,,
3540,1005,filterLoc,,
3540,1008,filterLoc,,
3540,1011,filterLoc,,
3540,1014,filterLoc,,
3540,1017,filterLoc,,
3540,1020,filterLoc,,
3540,1023,filterLoc,,
3540,1026,filterLoc,,
3540,1029,filterLoc,,
3540,1032,filterLoc,,
3540,1035,filterLoc,,
3540,1038,filterLoc,,
3540,1041,filterLoc,,
3540,1044,filterLoc,,
3540,1047,filterLoc,,
3540,1050,filterLoc,,
3540,1053,filterLoc,,
3540,1056,filterLoc,,
3540,1059,filterLoc,,
3540,1062,filterLoc,,
3540,1065,filterLoc,,
3540,1068,filterLoc,,
3540,1071,filterLoc,,
3540,1074,filterLoc,,
3540,1077,filterLoc,,
3540,1080,filterLoc,,
3540,1083,filterLoc,,
3540,1086,filterLoc,,
3540,1089,filterLoc,,
3540,1092,filterLoc,,
3540,1095,filterLoc,,
3540,1098,filterLoc,,
3540,1101,filterLoc,,
3540,1104,filterLoc,,
3540,1107,filterLoc,,
3540,1110,filterLoc,,
3540,1113,filterLoc,,
3540,1116,filterLoc,,
3540,1119,filterLoc,,
3540,1122,filterLoc,,
3540,1125,filterLoc,,
3540,1128,filterLoc,,
3540,1135,filterLoc,,
3540,1138,filterLoc,,
3540,1141,filterLoc,,
3540,1144,filterLoc,,
3540,1147,filterLoc,,
3540,1150,filterLoc,,
3540,1153,filterLoc,,
3540,1156,filterLoc,,
3540,1159,filterLoc,,
3540,1162,filterLoc,,
3540,1165,filterLoc,,
3540,1168,filterLoc,,
3540,1173,helicopter,,Helicopter;1;is loading people at the evacuation site;;and has;0;spots taken
3540,1175,filterLoc,,
3540,1178,filterLoc,,
3540,1181,filterLoc,,
3540,1184,filterLoc,,
3540,1187,filterLoc,,
3540,1190,filterLoc,,
3540,1193,filterLoc,,
3540,1196,filterLoc,,
3540,1199,filterLoc,,
3540,1202,filterLoc,,
3540,1205,filterLoc,,
3540,1208,filterLoc,,
3540,1211,filterLoc,,
3540,1214,filterLoc,,
3540,1217,filterLoc,,
3540,1220,filterLoc,,
3540,1223,filterLoc,,
3540,1226,filterLoc,,
3540,1229,filterLoc,,
3540,1232,filterLoc,,
3540,1235,filterLoc,,
3540,1238,filterLoc,,
3540,1241,filterLoc,,
3540,1244,filterLoc,,
3540,1247,filterLoc,,
3540,1250,filterLoc,,
3540,1253,filterLoc,,
3540,1256,filterLoc,,
3540,1259,filterLoc,,
3540,1262,filterLoc,,
3540,1265,filterLoc,,
3540,1268,filterLoc,,
3540,1271,filterLoc,,
3540,1274,filterLoc,,
3540,1277,filterLoc,,
3540,1280,filterLoc,,
3540,1283,filterLoc,,
3540,1286,filterLoc,,
3540,1289,filterLoc,,
3540,1292,filterLoc,,
3540,1295,filterLoc,,
3540,1298,filterLoc,,
3540,1301,filterLoc,,
3540,1304,filterLoc,,
3540,1307,filterLoc,,
3540,1310,filterLoc,,
3540,1313,filterLoc,,
3540,1316,filterLoc,,
3540,1319,filterLoc,,
3540,1322,filterLoc,,
3540,1325,filterLoc,,
3540,1328,filterLoc,,
3540,1331,filterLoc,,
3540,1334,filterLoc,,
3540,1337,filterLoc,,
3540,1340,filterLoc,,
3540,1343,filterLoc,,
3540,1346,filterLoc,,
3540,1349,filterLoc,,
3540,1352,filterLoc,,
3540,1355,filterLoc,,
3540,1358,filterLoc,,
3540,1361,filterLoc,,
3540,1364,filterLoc,,
3540,1367,filterLoc,,
3540,1370,filterLoc,,
3540,1373,filterLoc,,
3540,1376,filterLoc,,
3540,1379,filterLoc,,
3540,1382,filterLoc,,
3540,1385,filterLoc,,
3540,1388,filterLoc,,
3540,1391,filterLoc,,
3540,1394,filterLoc,,
3540,1397,filterLoc,,
3540,1400,filterLoc,,
3540,1403,filterLoc,,
3540,1406,filterLoc,,
3540,1409,filterLoc,,
3540,1412,filterLoc,,
3540,1415,filterLoc,,
3540,1418,filterLoc,,
3540,1421,filterLoc,,
3540,1424,filterLoc,,
3540,1427,filterLoc,,
3540,1430,filterLoc,,
3540,1433,filterLoc,,
3540,1436,filterLoc,,
3540,1439,filterLoc,,
3540,1442,filterLoc,,
3540,1445,filterLoc,,
3540,1448,filterLoc,,
3540,1451,filterLoc,,
3540,1454,filterLoc,,
3540,1457,filterLoc,,
3540,1460,filterLoc,,
3540,1463,filterLoc,,
3540,1466,filterLoc,,
3540,1469,filterLoc,,
3540,1472,filterLoc,,
3540,1475,filterLoc,,
3540,1478,filterLoc,,
3540,1481,filterLoc,,
3540,1484,filterLoc,,
3540,1487,filterLoc,,
3540,1490,filterLoc,,
3540,1493,filterLoc,,
3540,1496,filterLoc,,
3540,1499,filterLoc,,
3540,1502,filterLoc,,
3540,1505,filterLoc,,
3540,1508,filterLoc,,
3540,1511,filterLoc,,
3540,1514,filterLoc,,
3540,1517,filterLoc,,
3540,1520,filterLoc,,
3540,1523,filterLoc,,
3540,1526,filterLoc,,
3540,1529,filterLoc,,
3540,150,filterLoc,out,Evacuee 404 in triage category G is assigned helicopter 1
3540,150,filterLoc,,
3540,151,evacuee,,Evacuee;404;in triage state;G;is entering helicopter;1
3540,153,filterLoc,out,Evacuee 403 in triage category G is assigned helicopter 1
3540,153,filterLoc,,
3540,154,evacuee,,Evacuee;403;in triage state;G;is entering helicopter;1
3540,156,filterLoc,out,Evacuee 401 in triage category G is assigned helicopter 1
3540,156,filterLoc,,
3540,157,evacuee,,Evacuee;401;in triage state;G;is entering helicopter;1
3540,210,filterLoc,out,Evacuee 378 in triage category G is assigned helicopter 1
3540,210,filterLoc,,
3540,211,evacuee,,Evacuee;378;in triage state;G;is entering helicopter;1
3540,213,filterLoc,out,Evacuee 377 in triage category G is assigned helicopter 1
3540,213,filterLoc,,
3540,214,evacuee,,Evacuee;377;in triage state;G;is entering helicopter;1
3540,216,filterLoc,out,Evacuee 375 in triage category G is assigned helicopter 1
3540,216,filterLoc,,
3540,217,evacuee,,Evacuee;375;in triage state;G;is entering helicopter;1
3540,219,filterLoc,out,Evacuee 374 in triage category G is assigned helicopter 1
3540,219,filterLoc,,
3540,220,evacuee,,Evacuee;374;in triage state;G;is entering helicopter;1
3540,222,filterLoc,out,Evacuee 372 in triage category G is assigned helicopter 1
3540,222,filterLoc,,
3540,223,evacuee,,Evacuee;372;in triage state;G;is entering helicopter;1
3540,225,filterLoc,out,Evacuee 371 in triage category G is assigned helicopter 1
3540,225,filterLoc,,
3540,226,evacuee,,Evacuee;371;in triage state;G;is entering helicopter;1
3540,705,filterLoc,out,Evacuee 363 in triage category G is assigned helicopter 1
3540,705,filterLoc,,
3540,706,evacuee,,Evacuee;363;in triage state;G;is entering helicopter;1
3540,7,filterEvac,,
3540,107,filterEvac,,
3540,151,evacuee,outHelo,Evacuee 404 in triage category G is assigned helicopter 1
3540,151,evacuee,,Evacuee;404;in triage state;G;is in helicopter;1
3540,154,evacuee,outHelo,Evacuee 403 in triage category G is assigned helicopter 1
3540,154,evacuee,,Evacuee;403;in triage state;G;is in helicopter;1
3540,157,evacuee,outHelo,Evacuee 401 in triage category G is assigned helicopter 1
3540,157,evacuee,,Evacuee;401;in triage state;G;is in helicopter;1
3540,211,evacuee,outHelo,Evacuee 378 in triage category G is assigned helicopter 1
3540,211,evacuee,,Evacuee;378;in triage state;G;is in helicopter;1
3540,214,evacuee,outHelo,Evacuee 377 in triage category G is assigned helicopter 1
3540,214,evacuee,,Evacuee;377;in triage state;G;is in helicopter;1
3540,217,evacuee,outHelo,Evacuee 375 in triage category G is assigned helicopter 1
3540,217,evacuee,,Evacuee;375;in triage state;G;is in helicopter;1
3540,220,evacuee,outHelo,Evacuee 374 in triage category G is assigned helicopter 1
3540,220,evacuee,,Evacuee;374;in triage state;G;is in helicopter;1
3540,223,evacuee,outHelo,Evacuee 372 in triage category G is assigned helicopter 1
3540,223,evacuee,,Evacuee;372;in triage state;G;is in helicopter;1
3540,226,evacuee,outHelo,Evacuee 371 in triage category G is assigned helicopter 1
3540,226,evacuee,,Evacuee;371;in triage state;G;is in helicopter;1
3540,292,filterEvac,,
3540,572,filterEvac,,
3540,706,evacuee,outHelo,Evacuee 363 in triage category G is assigned helicopter 1
3540,706,evacuee,,Evacuee;363;in triage state;G;is in helicopter;1
3540,1131,filterEvac,,
3540,1171,filterEvac,,;Evacuee;363;in triage category;G;is entering helicopter;1;Evacuee;371;in triage category;G;is entering helicopter;1;Evacuee;372;in triage category;G;is entering helicopter;1;Evacuee;374;in triage category;G;is entering helicopter;1;Evacuee;375;in triage category;G;is entering helicopter;1;Evacuee;377;in triage category;G;is entering helicopter;1;Evacuee;378;in triage category;G;is entering helicopter;1;Evacuee;401;in triage category;G;is entering helicopter;1;Evacuee;403;in triage category;G;is entering helicopter;1;Evacuee;404;in triage category;G;is entering helicopter;1
3540,1171,filterEvac,out,Evacuee 363 in triage category G is assigned helicopter 1
3540,1171,filterEvac,out,Evacuee 371 in triage category G is assigned helicopter 1
3540,1171,filterEvac,out,Evacuee 372 in triage category G is assigned helicopter 1
3540,1171,filterEvac,out,Evacuee 374 in triage category G is assigned helicopter 1
3540,1171,filterEvac,out,Evacuee 375 in triage category G is assigned helicopter 1
3540,1171,filterEvac,out,Evacuee 377 in triage category G is assigned helicopter 1
3540,1171,filterEvac,out,Evacuee 378 in triage category G is assigned helicopter 1
3540,1171,filterEvac,out,Evacuee 401 in triage category G is assigned helicopter 1
3540,1171,filterEvac,out,Evacuee 403 in triage category G is assigned helicopter 1
3540,1171,filterEvac,out,Evacuee 404 in triage category G is assigned helicopter 1
3540,1171,filterEvac,,
3540,1173,helicopter,,Helicopter;1;is loading people at the evacuation site;;and has;10;spots taken
3542.11,3,evacueeManager,,OFF SHIP: White;0;Green;15;Yellow;19;Red;3;Black;333;ON SHIP: White;0;Green;0;Yellow;0;Red;0;Evacuees to Transfer;
3542.11,1254,evacuee,outES,Evacuee 159 in triage category R is not assigned a helicopter
3542.11,1254,evacuee,,Evacuee;159;in triage state;B;is at the evacuation site
3555,4,helipadManager,outHelo,Helicopter 1 is evacuating people1
3555,4,helipadManager,,;No helos are at ES
3555,8,filterES,,
3555,11,filterLoc,,
3555,14,filterLoc,,
3555,17,filterLoc,,
3555,20,filterLoc,,
3555,23,filterLoc,,
3555,26,filterLoc,,
3555,29,filterLoc,,
3555,32,filterLoc,,
3555,35,filterLoc,,
3555,38,filterLoc,,
3555,41,filterLoc,,
3555,44,filterLoc,,
3555,47,filterLoc,,
3555,50,filterLoc,,
3555,53,filterLoc,,
3555,56,filterLoc,,
3555,59,filterLoc,,
3555,62,filterLoc,,
3555,65,filterLoc,,
3555,68,filterLoc,,
3555,71,filterLoc,,
3555,74,filterLoc,,
3555,77,filterLoc,,
3555,80,filterLoc,,
3555,83,filterLoc,,
3555,86,filterLoc,,
3555,89,filterLoc,,
3555,92,filterLoc,,
3555,95,filterLoc,,
3555,98,filterLoc,,
3555,101,filterLoc,,
3555,104,filterLoc,,
3555,108,filterES,,
3555,111,filterLoc,,
3555,114,filterLoc,,
3555,117,filterLoc,,
3555,120,filterLoc,,
3555,123,filterLoc,,
3555,126,filterLoc,,
3555,129,filterLoc,,
3555,132,filterLoc,,
3555,135,filterLoc,,
3555,138,filterLoc,,
3555,141,filterLoc,,
3555,144,filterLoc,,
3555,147,filterLoc,,
3555,150,filterLoc,,
3555,153,filterLoc,,
3555,156,filterLoc,,
3555,159,filterLoc,,
3555,162,filterLoc,,
3555,165,filterLoc,,
3555,168,filterLoc,,
3555,171,filterLoc,,
3555,174,filterLoc,,
3555,177,filterLoc,,
3555,180,filterLoc,,
3555,183,filterLoc,,
3555,186,filterLoc,,
3555,189,filterLoc,,
3555,192,filterLoc,,
3555,195,filterLoc,,
3555,198,filterLoc,,
3555,201,filterLoc,,
3555,204,filterLoc,,
3555,207,filterLoc,,
3555,210,filterLoc,,
3555,213,filterLoc,,
3555,216,filterLoc,,
3555,219,filterLoc,,
3555,222,filterLoc,,
3555,225,filterLoc,,
3555,229,filterLoc,,
3555,232,filterLoc,,
3555,235,filterLoc,,
3555,238,filterLoc,,
3555,241,filterLoc,,
3555,244,filterLoc,,
3555,247,filterLoc,,
3555,250,filterLoc,,
3555,253,filterLoc,,
3555,256,filterLoc,,
3555,259,filterLoc,,
3555,262,filterLoc,,
3555,265,filterLoc,,
3555,268,filterLoc,,
3555,271,filterLoc,,
3555,274,filterLoc,,
3555,277,filterLoc,,
3555,280,filterLoc,,
3555,283,filterLoc,,
3555,286,filterLoc,,
3555,289,filterLoc,,
3555,293,filterES,,
3555,294,helicopter,outEvac,Evacuee 267 in triage category G is not assigned a helicopter
3555,294,helicopter,outEvac,Evacuee 269 in triage category G is not assigned a helicopter
3555,294,helicopter,outEvac,Evacuee 273 in triage category G is not assigned a helicopter
3555,294,helicopter,outEvac,Evacuee 274 in triage category G is not assigned a helicopter
3555,294,helicopter,outEvac,Evacuee 275 in triage category G is not assigned a helicopter
3555,294,helicopter,outEvac,Evacuee 277 in triage category G is not assigned a helicopter
3555,294,helicopter,outEvac,Evacuee 278 in triage category G is not assigned a helicopter
3555,294,helicopter,outEvac,Evacuee 279 in triage category G is not assigned a helicopter
3555,294,helicopter,outEvac,Evacuee 285 in triage category G is not assigned a helicopter
3555,294,helicopter,outEvac,Evacuee 293 in triage category G is not assigned a helicopter
3555,294,helicopter,,Helicopter;4;is unloading people at the FOL;;and has;0;spots taken
3555,296,filterLoc,,
3555,299,filterLoc,,
3555,302,filterLoc,,
3555,305,filterLoc,,
3555,308,filterLoc,,
3555,311,filterLoc,,
3555,314,filterLoc,,
3555,317,filterLoc,,
3555,320,filterLoc,,
3555,323,filterLoc,,
3555,326,filterLoc,,
3555,329,filterLoc,,
3555,332,filterLoc,,
3555,335,filterLoc,,
3555,338,filterLoc,,
3555,341,filterLoc,,
3555,344,filterLoc,,
3555,347,filterLoc,,
3555,350,filterLoc,,
3555,353,filterLoc,,
3555,356,filterLoc,,
3555,359,filterLoc,,
3555,362,filterLoc,,
3555,365,filterLoc,,
3555,368,filterLoc,,;Evacuee;293;in triage category;G;is leaving helicopter;4
3555,371,filterLoc,,
3555,374,filterLoc,,
3555,377,filterLoc,,
3555,380,filterLoc,,
3555,383,filterLoc,,
3555,386,filterLoc,,
3555,389,filterLoc,,
3555,392,filterLoc,,
3555,395,filterLoc,,
3555,398,filterLoc,,
3555,401,filterLoc,,
3555,404,filterLoc,,
3555,407,filterLoc,,
3555,410,filterLoc,,
3555,413,filterLoc,,
3555,416,filterLoc,,
3555,419,filterLoc,,;Evacuee;279;in triage category;G;is leaving helicopter;4
3555,422,filterLoc,,;Evacuee;278;in triage category;G;is leaving helicopter;4
3555,425,filterLoc,,;Evacuee;277;in triage category;G;is leaving helicopter;4
3555,428,filterLoc,,
3555,431,filterLoc,,;Evacuee;274;in triage category;G;is leaving helicopter;4
3555,434,filterLoc,,;Evacuee;273;in triage category;G;is leaving helicopter;4
3555,437,filterLoc,,
3555,440,filterLoc,,
3555,443,filterLoc,,
3555,446,filterLoc,,
3555,449,filterLoc,,
3555,452,filterLoc,,
3555,455,filterLoc,,
3555,458,filterLoc,,
3555,461,filterLoc,,
3555,464,filterLoc,,
3555,467,filterLoc,,
3555,470,filterLoc,,
3555,473,filterLoc,,
3555,476,filterLoc,,
3555,479,filterLoc,,
3555,482,filterLoc,,
3555,485,filterLoc,,
3555,488,filterLoc,,
3555,491,filterLoc,,
3555,494,filterLoc,,
3555,497,filterLoc,,
3555,500,filterLoc,,
3555,503,filterLoc,,
3555,506,filterLoc,,
3555,509,filterLoc,,
3555,512,filterLoc,,
3555,515,filterLoc,,
3555,518,filterLoc,,
3555,521,filterLoc,,
3555,524,filterLoc,,
3555,527,filterLoc,,
3555,530,filterLoc,,
3555,533,filterLoc,,
3555,536,filterLoc,,
3555,539,filterLoc,,
3555,542,filterLoc,,
3555,545,filterLoc,,
3555,548,filterLoc,,
3555,551,filterLoc,,
3555,554,filterLoc,,
3555,557,filterLoc,,
3555,560,filterLoc,,
3555,563,filterLoc,,
3555,566,filterLoc,,;Evacuee;269;in triage category;G;is leaving helicopter;4
3555,569,filterLoc,,
3555,573,filterES,,
3555,576,filterLoc,,
3555,579,filterLoc,,
3555,582,filterLoc,,
3555,585,filterLoc,,
3555,588,filterLoc,,
3555,591,filterLoc,,
3555,594,filterLoc,,
3555,597,filterLoc,,
3555,600,filterLoc,,
3555,603,filterLoc,,
3555,606,filterLoc,,
3555,609,filterLoc,,
3555,612,filterLoc,,
3555,615,filterLoc,,
3555,618,filterLoc,,
3555,621,filterLoc,,
3555,624,filterLoc,,
3555,627,filterLoc,,
3555,630,filterLoc,,
3555,633,filterLoc,,
3555,636,filterLoc,,
3555,639,filterLoc,,
3555,642,filterLoc,,
3555,645,filterLoc,,
3555,648,filterLoc,,
3555,651,filterLoc,,
3555,654,filterLoc,,
3555,657,filterLoc,,
3555,660,filterLoc,,
3555,663,filterLoc,,
3555,666,filterLoc,,
3555,669,filterLoc,,
3555,672,filterLoc,,
3555,675,filterLoc,,
3555,678,filterLoc,,
3555,681,filterLoc,,
3555,684,filterLoc,,
3555,687,filterLoc,,
3555,690,filterLoc,,
3555,693,filterLoc,,
3555,696,filterLoc,,
3555,699,filterLoc,,
3555,702,filterLoc,,
3555,705,filterLoc,,
3555,708,filterLoc,,
3555,711,filterLoc,,
3555,714,filterLoc,,
3555,717,filterLoc,,
3555,720,filterLoc,,
3555,723,filterLoc,,
3555,726,filterLoc,,
3555,729,filterLoc,,
3555,732,filterLoc,,
3555,735,filterLoc,,
3555,738,filterLoc,,
3555,741,filterLoc,,
3555,744,filterLoc,,
3555,747,filterLoc,,
3555,750,filterLoc,,
3555,753,filterLoc,,
3555,756,filterLoc,,
3555,759,filterLoc,,
3555,762,filterLoc,,
3555,765,filterLoc,,
3555,768,filterLoc,,
3555,771,filterLoc,,
3555,774,filterLoc,,
3555,777,filterLoc,,
3555,780,filterLoc,,
3555,783,filterLoc,,
3555,786,filterLoc,,
3555,789,filterLoc,,
3555,792,filterLoc,,
3555,795,filterLoc,,
3555,798,filterLoc,,
3555,801,filterLoc,,
3555,804,filterLoc,,
3555,807,filterLoc,,
3555,810,filterLoc,,
3555,813,filterLoc,,
3555,816,filterLoc,,
3555,819,filterLoc,,
3555,822,filterLoc,,
3555,825,filterLoc,,
3555,828,filterLoc,,
3555,831,filterLoc,,
3555,834,filterLoc,,
3555,837,filterLoc,,
3555,840,filterLoc,,
3555,843,filterLoc,,
3555,846,filterLoc,,
3555,849,filterLoc,,
3555,852,filterLoc,,;Evacuee;285;in triage category;G;is leaving helicopter;4
3555,855,filterLoc,,
3555,858,filterLoc,,
3555,861,filterLoc,,
3555,864,filterLoc,,
3555,867,filterLoc,,
3555,870,filterLoc,,
3555,873,filterLoc,,
3555,876,filterLoc,,
3555,879,filterLoc,,
3555,882,filterLoc,,
3555,885,filterLoc,,
3555,888,filterLoc,,
3555,891,filterLoc,,
3555,894,filterLoc,,
3555,897,filterLoc,,
3555,900,filterLoc,,
3555,903,filterLoc,,
3555,906,filterLoc,,
3555,909,filterLoc,,
3555,912,filterLoc,,
3555,915,filterLoc,,
3555,918,filterLoc,,
3555,921,filterLoc,,
3555,924,filterLoc,,
3555,927,filterLoc,,
3555,930,filterLoc,,
3555,933,filterLoc,,
3555,936,filterLoc,,
3555,939,filterLoc,,
3555,942,filterLoc,,
3555,945,filterLoc,,
3555,948,filterLoc,,
3555,951,filterLoc,,
3555,954,filterLoc,,
3555,957,filterLoc,,
3555,960,filterLoc,,
3555,963,filterLoc,,
3555,966,filterLoc,,
3555,969,filterLoc,,
3555,972,filterLoc,,
3555,975,filterLoc,,
3555,978,filterLoc,,
3555,981,filterLoc,,
3555,984,filterLoc,,
3555,987,filterLoc,,
3555,990,filterLoc,,
3555,993,filterLoc,,
3555,996,filterLoc,,
3555,999,filterLoc,,
3555,1002,filterLoc,,
3555,1005,filterLoc,,
3555,1008,filterLoc,,
3555,1011,filterLoc,,
3555,1014,filterLoc,,
3555,1017,filterLoc,,
3555,1020,filterLoc,,
3555,1023,filterLoc,,
3555,1026,filterLoc,,
3555,1029,filterLoc,,
3555,1032,filterLoc,,
3555,1035,filterLoc,,
3555,1038,filterLoc,,
3555,1041,filterLoc,,
3555,1044,filterLoc,,
3555,1047,filterLoc,,
3555,1050,filterLoc,,
3555,1053,filterLoc,,
3555,1056,filterLoc,,
3555,1059,filterLoc,,
3555,1062,filterLoc,,
3555,1065,filterLoc,,
3555,1068,filterLoc,,
3555,1071,filterLoc,,
3555,1074,filterLoc,,
3555,1077,filterLoc,,
3555,1080,filterLoc,,
3555,1083,filterLoc,,
3555,1086,filterLoc,,
3555,1089,filterLoc,,
3555,1092,filterLoc,,
3555,1095,filterLoc,,
3555,1098,filterLoc,,
3555,1101,filterLoc,,
3555,1104,filterLoc,,
3555,1107,filterLoc,,
3555,1110,filterLoc,,
3555,1113,filterLoc,,
3555,1116,filterLoc,,
3555,1119,filterLoc,,
3555,1122,filterLoc,,
3555,1125,filterLoc,,
3555,1128,filterLoc,,
3555,1132,filterES,,
3555,1135,filterLoc,,
3555,1138,filterLoc,,
3555,1141,filterLoc,,
3555,1144,filterLoc,,
3555,1147,filterLoc,,
3555,1150,filterLoc,,
3555,1153,filterLoc,,
3555,1156,filterLoc,,
3555,1159,filterLoc,,
3555,1162,filterLoc,,
3555,1165,filterLoc,,
3555,1168,filterLoc,,
3555,1172,filterES,,Helicopter;1;is evacuating people
3555,1175,filterLoc,,
3555,1178,filterLoc,,
3555,1181,filterLoc,,
3555,1184,filterLoc,,
3555,1187,filterLoc,,
3555,1190,filterLoc,,
3555,1193,filterLoc,,
3555,1196,filterLoc,,
3555,1199,filterLoc,,
3555,1202,filterLoc,,
3555,1205,filterLoc,,
3555,1208,filterLoc,,
3555,1211,filterLoc,,
3555,1214,filterLoc,,
3555,1217,filterLoc,,
3555,1220,filterLoc,,
3555,1223,filterLoc,,
3555,1226,filterLoc,,
3555,1229,filterLoc,,
3555,1232,filterLoc,,
3555,1235,filterLoc,,
3555,1238,filterLoc,,
3555,1241,filterLoc,,
3555,1244,filterLoc,,
3555,1247,filterLoc,,
3555,1250,filterLoc,,
3555,1253,filterLoc,,
3555,1256,filterLoc,,
3555,1259,filterLoc,,
3555,1262,filterLoc,,
3555,1265,filterLoc,,
3555,1268,filterLoc,,
3555,1271,filterLoc,,
3555,1274,filterLoc,,
3555,1277,filterLoc,,
3555,1280,filterLoc,,
3555,1283,filterLoc,,
3555,1286,filterLoc,,
3555,1289,filterLoc,,
3555,1292,filterLoc,,
3555,1295,filterLoc,,
3555,1298,filterLoc,,
3555,1301,filterLoc,,
3555,1304,filterLoc,,
3555,1307,filterLoc,,
3555,1310,filterLoc,,
3555,1313,filterLoc,,
3555,1316,filterLoc,,
3555,1319,filterLoc,,
3555,1322,filterLoc,,
3555,1325,filterLoc,,
3555,1328,filterLoc,,
3555,1331,filterLoc,,
3555,1334,filterLoc,,
3555,1337,filterLoc,,
3555,1340,filterLoc,,
3555,1343,filterLoc,,
3555,1346,filterLoc,,
3555,1349,filterLoc,,
3555,1352,filterLoc,,
3555,1355,filterLoc,,
3555,1358,filterLoc,,
3555,1361,filterLoc,,
3555,1364,filterLoc,,
3555,1367,filterLoc,,
3555,1370,filterLoc,,
3555,1373,filterLoc,,
3555,1376,filterLoc,,
3555,1379,filterLoc,,
3555,1382,filterLoc,,
3555,1385,filterLoc,,
3555,1388,filterLoc,,
3555,1391,filterLoc,,
3555,1394,filterLoc,,
3555,1397,filterLoc,,
3555,1400,filterLoc,,
3555,1403,filterLoc,,;Evacuee;275;in triage category;G;is leaving helicopter;4
3555,1406,filterLoc,,
3555,1409,filterLoc,,
3555,1412,filterLoc,,
3555,1415,filterLoc,,
3555,1418,filterLoc,,
3555,1421,filterLoc,,
3555,1424,filterLoc,,
3555,1427,filterLoc,,
3555,1430,filterLoc,,
3555,1433,filterLoc,,
3555,1436,filterLoc,,
3555,1439,filterLoc,,
3555,1442,filterLoc,,
3555,1445,filterLoc,,
3555,1448,filterLoc,,
3555,1451,filterLoc,,
3555,1454,filterLoc,,
3555,1457,filterLoc,,
3555,1460,filterLoc,,
3555,1463,filterLoc,,
3555,1466,filterLoc,,
3555,1469,filterLoc,,;Evacuee;267;in triage category;G;is leaving helicopter;4
3555,1472,filterLoc,,
3555,1475,filterLoc,,
3555,1478,filterLoc,,
3555,1481,filterLoc,,
3555,1484,filterLoc,,
3555,1487,filterLoc,,
3555,1490,filterLoc,,
3555,1493,filterLoc,,
3555,1496,filterLoc,,
3555,1499,filterLoc,,
3555,1502,filterLoc,,
3555,1505,filterLoc,,
3555,1508,filterLoc,,
3555,1511,filterLoc,,
3555,1514,filterLoc,,
3555,1517,filterLoc,,
3555,1520,filterLoc,,
3555,1523,filterLoc,,
3555,1526,filterLoc,,
3555,1529,filterLoc,,
3555,4,helipadManager,outHQ,0
3555,4,helipadManager,,;No helos are at ES
3555,5,helicopterQueue,,;No helos are waiting to land
3555,368,filterLoc,out,Evacuee 293 in triage category G is not assigned a helicopter
3555,368,filterLoc,,
3555,369,evacuee,,Evacuee;293;in triage state;G;is entering the FOL
3555,419,filterLoc,out,Evacuee 279 in triage category G is not assigned a helicopter
3555,419,filterLoc,,
3555,420,evacuee,,Evacuee;279;in triage state;G;is entering the FOL
3555,422,filterLoc,out,Evacuee 278 in triage category G is not assigned a helicopter
3555,422,filterLoc,,
3555,423,evacuee,,Evacuee;278;in triage state;G;is entering the FOL
3555,425,filterLoc,out,Evacuee 277 in triage category G is not assigned a helicopter
3555,425,filterLoc,,
3555,426,evacuee,,Evacuee;277;in triage state;G;is entering the FOL
3555,431,filterLoc,out,Evacuee 274 in triage category G is not assigned a helicopter
3555,431,filterLoc,,
3555,432,evacuee,,Evacuee;274;in triage state;G;is entering the FOL
3555,434,filterLoc,out,Evacuee 273 in triage category G is not assigned a helicopter
3555,434,filterLoc,,
3555,435,evacuee,,Evacuee;273;in triage state;G;is entering the FOL
3555,566,filterLoc,out,Evacuee 269 in triage category G is not assigned a helicopter
3555,566,filterLoc,,
3555,567,evacuee,,Evacuee;269;in triage state;G;is entering the FOL
3555,852,filterLoc,out,Evacuee 285 in triage category G is not assigned a helicopter
3555,852,filterLoc,,
3555,853,evacuee,,Evacuee;285;in triage state;G;is entering the FOL
3555,1172,filterES,out,Helicopter 1 is evacuating people1
3555,1172,filterES,,
3555,1173,helicopter,,Helicopter;1;is loading people at the evacuation site;;and has;10;spots taken
3555,1403,filterLoc,out,Evacuee 275 in triage category G is not assigned a helicopter
3555,1403,filterLoc,,
3555,1404,evacuee,,Evacuee;275;in triage state;G;is entering the FOL
3555,1469,filterLoc,out,Evacuee 267 in triage category G is not assigned a helicopter
3555,1469,filterLoc,,
3555,1470,evacuee,,Evacuee;267;in triage state;G;is entering the FOL
3555,5,helicopterQueue,,;No helos are waiting to land
3555,227,FOL,,;EvacueeID;5;Triage Status;G;EvacueeID;6;Triage Status;G;EvacueeID;7;Triage Status;G;EvacueeID;9;Triage Status;G;EvacueeID;16;Triage Status;G;EvacueeID;19;Triage Status;G;EvacueeID;20;Triage Status;G;EvacueeID;25;Triage Status;G;EvacueeID;28;Triage Status;G;EvacueeID;32;Triage Status;G;EvacueeID;34;Triage Status;G;EvacueeID;35;Triage Status;G;EvacueeID;40;Triage Status;G;EvacueeID;41;Triage Status;G;EvacueeID;44;Triage Status;G;EvacueeID;49;Triage Status;G;EvacueeID;50;Triage Status;G;EvacueeID;51;Triage Status;G;EvacueeID;52;Triage Status;G;EvacueeID;58;Triage Status;G;EvacueeID;61;Triage Status;G;EvacueeID;63;Triage Status;G;EvacueeID;64;Triage Status;G;EvacueeID;70;Triage Status;G;EvacueeID;73;Triage Status;G;EvacueeID;74;Triage Status;G;EvacueeID;76;Triage Status;G;EvacueeID;81;Triage Status;G;EvacueeID;83;Triage Status;G;EvacueeID;86;Triage Status;G;EvacueeID;87;Triage Status;G;EvacueeID;89;Triage Status;G;EvacueeID;90;Triage Status;G;EvacueeID;92;Triage Status;G;EvacueeID;94;Triage Status;G;EvacueeID;97;Triage Status;G;EvacueeID;102;Triage Status;G;EvacueeID;103;Triage Status;G;EvacueeID;104;Triage Status;G;EvacueeID;105;Triage Status;G;EvacueeID;107;Triage Status;G;EvacueeID;111;Triage Status;G;EvacueeID;116;Triage Status;G;EvacueeID;117;Triage Status;G;EvacueeID;118;Triage Status;G;EvacueeID;119;Triage Status;G;EvacueeID;120;Triage Status;G;EvacueeID;124;Triage Status;G;EvacueeID;126;Triage Status;G;EvacueeID;127;Triage Status;G;EvacueeID;128;Triage Status;G;EvacueeID;129;Triage Status;G;EvacueeID;131;Triage Status;G;EvacueeID;134;Triage Status;G;EvacueeID;137;Triage Status;G;EvacueeID;138;Triage Status;G;EvacueeID;150;Triage Status;G;EvacueeID;154;Triage Status;G;EvacueeID;155;Triage Status;G;EvacueeID;157;Triage Status;G;EvacueeID;160;Triage Status;G;EvacueeID;162;Triage Status;G;EvacueeID;163;Triage Status;G;EvacueeID;166;Triage Status;G;EvacueeID;173;Triage Status;G;EvacueeID;180;Triage Status;G;EvacueeID;181;Triage Status;G;EvacueeID;182;Triage Status;G;EvacueeID;183;Triage Status;G;EvacueeID;184;Triage Status;G;EvacueeID;185;Triage Status;G;EvacueeID;186;Triage Status;G;EvacueeID;192;Triage Status;G;EvacueeID;199;Triage Status;G;EvacueeID;203;Triage Status;G;EvacueeID;204;Triage Status;G;EvacueeID;205;Triage Status;G;EvacueeID;206;Triage Status;G;EvacueeID;217;Triage Status;G;EvacueeID;227;Triage Status;G;EvacueeID;232;Triage Status;G;EvacueeID;233;Triage Status;G;EvacueeID;234;Triage Status;G;EvacueeID;235;Triage Status;G;EvacueeID;236;Triage Status;G;EvacueeID;237;Triage Status;G;EvacueeID;245;Triage Status;G;EvacueeID;250;Triage Status;G;EvacueeID;251;Triage Status;G;EvacueeID;266;Triage Status;G;EvacueeID;267;Triage Status;G;EvacueeID;269;Triage Status;G;EvacueeID;273;Triage Status;G;EvacueeID;274;Triage Status;G;EvacueeID;275;Triage Status;G;EvacueeID;277;Triage Status;G;EvacueeID;278;Triage Status;G;EvacueeID;279;Triage Status;G;EvacueeID;285;Triage Status;G;EvacueeID;293;Triage Status;G;Lives Saved;100
3555,369,evacuee,outFOL,Evacuee 293 in triage category G is not assigned a helicopter
3555,369,evacuee,,Evacuee;293;in triage state;G;is at the FOL
3555,420,evacuee,outFOL,Evacuee 279 in triage category G is not assigned a helicopter
3555,420,evacuee,,Evacuee;279;in triage state;G;is at the FOL
3555,423,evacuee,outFOL,Evacuee 278 in triage category G is not assigned a helicopter
3555,423,evacuee,,Evacuee;278;in triage state;G;is at the FOL
3555,426,evacuee,outFOL,Evacuee 277 in triage category G is not assigned a helicopter
3555,426,evacuee,,Evacuee;277;in triage state;G;is at the FOL
3555,432,evacuee,outFOL,Evacuee 274 in triage category G is not assigned a helicopter
3555,432,evacuee,,Evacuee;274;in triage state;G;is at the FOL
3555,435,evacuee,outFOL,Evacuee 273 in triage category G is not assigned a helicopter
3555,435,evacuee,,Evacuee;273;in triage state;G;is at the FOL
3555,567,evacuee,outFOL,Evacuee 269 in triage category G is not assigned a helicopter
3555,567,evacuee,,Evacuee;269;in triage state;G;is at the FOL
3555,853,evacuee,outFOL,Evacuee 285 in triage category G is not assigned a helicopter
3555,853,evacuee,,Evacuee;285;in triage state;G;is at the FOL
3555,1173,helicopter,,Helicopter;1;is returning to the FOL;;and has;10;spots taken
3555,1404,evacuee,outFOL,Evacuee 275 in triage category G is not assigned a helicopter
3555,1404,evacuee,,Evacuee;275;in triage state;G;is at the FOL
3555,1470,evacuee,outFOL,Evacuee 267 in triage category G is not assigned a helicopter
3555,1470,evacuee,,Evacuee;267;in triage state;G;is at the FOL
3555,227,FOL,,;EvacueeID;5;Triage Status;G;EvacueeID;6;Triage Status;G;EvacueeID;7;Triage Status;G;EvacueeID;9;Triage Status;G;EvacueeID;16;Triage Status;G;EvacueeID;19;Triage Status;G;EvacueeID;20;Triage Status;G;EvacueeID;25;Triage Status;G;EvacueeID;28;Triage Status;G;EvacueeID;32;Triage Status;G;EvacueeID;34;Triage Status;G;EvacueeID;35;Triage Status;G;EvacueeID;40;Triage Status;G;EvacueeID;41;Triage Status;G;EvacueeID;44;Triage Status;G;EvacueeID;49;Triage Status;G;EvacueeID;50;Triage Status;G;EvacueeID;51;Triage Status;G;EvacueeID;52;Triage Status;G;EvacueeID;58;Triage Status;G;EvacueeID;61;Triage Status;G;EvacueeID;63;Triage Status;G;EvacueeID;64;Triage Status;G;EvacueeID;70;Triage Status;G;EvacueeID;73;Triage Status;G;EvacueeID;74;Triage Status;G;EvacueeID;76;Triage Status;G;EvacueeID;81;Triage Status;G;EvacueeID;83;Triage Status;G;EvacueeID;86;Triage Status;G;EvacueeID;87;Triage Status;G;EvacueeID;89;Triage Status;G;EvacueeID;90;Triage Status;G;EvacueeID;92;Triage Status;G;EvacueeID;94;Triage Status;G;EvacueeID;97;Triage Status;G;EvacueeID;102;Triage Status;G;EvacueeID;103;Triage Status;G;EvacueeID;104;Triage Status;G;EvacueeID;105;Triage Status;G;EvacueeID;107;Triage Status;G;EvacueeID;111;Triage Status;G;EvacueeID;116;Triage Status;G;EvacueeID;117;Triage Status;G;EvacueeID;118;Triage Status;G;EvacueeID;119;Triage Status;G;EvacueeID;120;Triage Status;G;EvacueeID;124;Triage Status;G;EvacueeID;126;Triage Status;G;EvacueeID;127;Triage Status;G;EvacueeID;128;Triage Status;G;EvacueeID;129;Triage Status;G;EvacueeID;131;Triage Status;G;EvacueeID;134;Triage Status;G;EvacueeID;137;Triage Status;G;EvacueeID;138;Triage Status;G;EvacueeID;150;Triage Status;G;EvacueeID;154;Triage Status;G;EvacueeID;155;Triage Status;G;EvacueeID;157;Triage Status;G;EvacueeID;160;Triage Status;G;EvacueeID;162;Triage Status;G;EvacueeID;163;Triage Status;G;EvacueeID;166;Triage Status;G;EvacueeID;173;Triage Status;G;EvacueeID;180;Triage Status;G;EvacueeID;181;Triage Status;G;EvacueeID;182;Triage Status;G;EvacueeID;183;Triage Status;G;EvacueeID;184;Triage Status;G;EvacueeID;185;Triage Status;G;EvacueeID;186;Triage Status;G;EvacueeID;192;Triage Status;G;EvacueeID;199;Triage Status;G;EvacueeID;203;Triage Status;G;EvacueeID;204;Triage Status;G;EvacueeID;205;Triage Status;G;EvacueeID;206;Triage Status;G;EvacueeID;217;Triage Status;G;EvacueeID;227;Triage Status;G;EvacueeID;232;Triage Status;G;EvacueeID;233;Triage Status;G;EvacueeID;234;Triage Status;G;EvacueeID;235;Triage Status;G;EvacueeID;236;Triage Status;G;EvacueeID;237;Triage Status;G;EvacueeID;245;Triage Status;G;EvacueeID;250;Triage Status;G;EvacueeID;251;Triage Status;G;EvacueeID;266;Triage Status;G;EvacueeID;267;Triage Status;G;EvacueeID;269;Triage Status;G;EvacueeID;273;Triage Status;G;EvacueeID;274;Triage Status;G;EvacueeID;275;Triage Status;G;EvacueeID;277;Triage Status;G;EvacueeID;278;Triage Status;G;EvacueeID;279;Triage Status;G;EvacueeID;285;Triage Status;G;EvacueeID;293;Triage Status;G;Lives Saved;100
3570,294,helicopter,,Helicopter;4;Is going to the evacuation site;;and has;0;spots taken
3588.01,3,evacueeManager,,OFF SHIP: White;0;Green;15;Yellow;18;Red;4;Black;333;ON SHIP: White;0;Green;0;Yellow;0;Red;0;Evacuees to Transfer;
3588.01,145,evacuee,outES,Evacuee 408 in triage category Y is not assigned a helicopter
3588.01,145,evacuee,,Evacuee;408;in triage state;R;is at the evacuation site
3590.05,3,evacueeManager,,OFF SHIP: White;0;Green;15;Yellow;18;Red;3;Black;334;ON SHIP: White;0;Green;0;Yellow;0;Red;0;Evacuees to Transfer;
3590.05,1524,evacuee,outES,Evacuee 257 in triage category R is not assigned a helicopter
3590.05,1524,evacuee,,Evacuee;257;in triage state;B;is at the evacuation site
3590.07,3,evacueeManager,,OFF SHIP: White;0;Green;14;Yellow;19;Red;3;Black;334;ON SHIP: White;0;Green;0;Yellow;0;Red;0;Evacuees to Transfer;
3590.07,700,evacuee,outES,Evacuee 431 in triage category G is not assigned a helicopter
3590.07,700,evacuee,,Evacuee;431;in triage state;Y;is at the evacuation site
3600,5,helicopterQueue,,1;Helos are waiting to land;HeloID;2
3600,1133,helicopter,outES,Helicopter 2 is evacuating people2
3600,1133,helicopter,,Helicopter;2;is waiting to land at the evacuation site;;and has;0;spots taken
3600,4,helipadManager,,;No helos are at ES
3600,5,helicopterQueue,outHM,Helicopter 2 is evacuating people2
3600,5,helicopterQueue,outHelo,Helicopter 2 is evacuating people2
3600,5,helicopterQueue,,;No helos are waiting to land
3600,8,filterES,,
3600,108,filterES,,
3600,293,filterES,,
3600,573,filterES,,
3600,1132,filterES,,Helicopter;2;is evacuating people
3600,1172,filterES,,
3600,3,evacueeManager,,OFF SHIP: White;0;Green;4;Yellow;19;Red;3;Black;334;ON SHIP: White;0;Green;0;Yellow;0;Red;0;Evacuees to Transfer;;EvacueeID;416;HeloID;2;OnShip;0;Triage Status;G;EvacueeID;417;HeloID;2;OnShip;0;Triage Status;G;EvacueeID;424;HeloID;2;OnShip;0;Triage Status;G;EvacueeID;429;HeloID;2;OnShip;0;Triage Status;G;EvacueeID;432;HeloID;2;OnShip;0;Triage Status;G;EvacueeID;441;HeloID;2;OnShip;0;Triage Status;G;EvacueeID;442;HeloID;2;OnShip;0;Triage Status;G;EvacueeID;445;HeloID;2;OnShip;0;Triage Status;G;EvacueeID;448;HeloID;2;OnShip;0;Triage Status;G;EvacueeID;451;HeloID;2;OnShip;0;Triage Status;G
3600,4,helipadManager,outEM,Helicopter 2 is evacuating people2
3600,4,helipadManager,,Helo;2;is at the ES
3600,1132,filterES,out,Helicopter 2 is evacuating people2
3600,1132,filterES,,
3600,1133,helicopter,,Helicopter;2;is waiting to land at the evacuation site;;and has;0;spots taken
3600,3,evacueeManager,outEvac,Evacuee 416 in triage category G is assigned helicopter 2
3600,3,evacueeManager,outEvac,Evacuee 417 in triage category G is assigned helicopter 2
3600,3,evacueeManager,outEvac,Evacuee 424 in triage category G is assigned helicopter 2
3600,3,evacueeManager,outEvac,Evacuee 429 in triage category G is assigned helicopter 2
3600,3,evacueeManager,outEvac,Evacuee 432 in triage category G is assigned helicopter 2
3600,3,evacueeManager,outEvac,Evacuee 441 in triage category G is assigned helicopter 2
3600,3,evacueeManager,outEvac,Evacuee 442 in triage category G is assigned helicopter 2
3600,3,evacueeManager,outEvac,Evacuee 445 in triage category G is assigned helicopter 2
3600,3,evacueeManager,outEvac,Evacuee 448 in triage category G is assigned helicopter 2
3600,3,evacueeManager,outEvac,Evacuee 451 in triage category G is assigned helicopter 2
3600,3,evacueeManager,,OFF SHIP: White;0;Green;4;Yellow;19;Red;3;Black;334;ON SHIP: White;0;Green;0;Yellow;0;Red;0;Evacuees to Transfer;
3600,11,filterLoc,,
3600,14,filterLoc,,
3600,17,filterLoc,,
3600,20,filterLoc,,
3600,23,filterLoc,,
3600,26,filterLoc,,
3600,29,filterLoc,,
3600,32,filterLoc,,
3600,35,filterLoc,,
3600,38,filterLoc,,
3600,41,filterLoc,,
3600,44,filterLoc,,
3600,47,filterLoc,,
3600,50,filterLoc,,
3600,53,filterLoc,,
3600,56,filterLoc,,
3600,59,filterLoc,,
3600,62,filterLoc,,
3600,65,filterLoc,,
3600,68,filterLoc,,
3600,71,filterLoc,,
3600,74,filterLoc,,
3600,77,filterLoc,,
3600,80,filterLoc,,
3600,83,filterLoc,,
3600,86,filterLoc,,;Evacuee;448;in triage category;G;is entering helicopter;2
3600,89,filterLoc,,;Evacuee;445;in triage category;G;is entering helicopter;2
3600,92,filterLoc,,;Evacuee;442;in triage category;G;is entering helicopter;2
3600,95,filterLoc,,;Evacuee;441;in triage category;G;is entering helicopter;2
3600,98,filterLoc,,
3600,101,filterLoc,,
3600,104,filterLoc,,
3600,111,filterLoc,,
3600,114,filterLoc,,
3600,117,filterLoc,,
3600,120,filterLoc,,
3600,123,filterLoc,,
3600,126,filterLoc,,
3600,129,filterLoc,,
3600,132,filterLoc,,
3600,135,filterLoc,,
3600,138,filterLoc,,
3600,141,filterLoc,,
3600,144,filterLoc,,
3600,147,filterLoc,,
3600,150,filterLoc,,
3600,153,filterLoc,,
3600,156,filterLoc,,
3600,159,filterLoc,,
3600,162,filterLoc,,
3600,165,filterLoc,,
3600,168,filterLoc,,
3600,171,filterLoc,,
3600,174,filterLoc,,
3600,177,filterLoc,,
3600,180,filterLoc,,
3600,183,filterLoc,,
3600,186,filterLoc,,
3600,189,filterLoc,,
3600,192,filterLoc,,
3600,195,filterLoc,,
3600,198,filterLoc,,
3600,201,filterLoc,,
3600,204,filterLoc,,
3600,207,filterLoc,,
3600,210,filterLoc,,
3600,213,filterLoc,,
3600,216,filterLoc,,
3600,219,filterLoc,,
3600,222,filterLoc,,
3600,225,filterLoc,,
3600,229,filterLoc,,
3600,232,filterLoc,,
3600,235,filterLoc,,
3600,238,filterLoc,,
3600,241,filterLoc,,
3600,244,filterLoc,,
3600,247,filterLoc,,
3600,250,filterLoc,,
3600,253,filterLoc,,
3600,256,filterLoc,,
3600,259,filterLoc,,
3600,262,filterLoc,,
3600,265,filterLoc,,
3600,268,filterLoc,,
3600,271,filterLoc,,
3600,274,filterLoc,,
3600,277,filterLoc,,
3600,280,filterLoc,,
3600,283,filterLoc,,
3600,286,filterLoc,,
3600,289,filterLoc,,
3600,296,filterLoc,,
3600,299,filterLoc,,
3600,302,filterLoc,,
3600,305,filterLoc,,
3600,308,filterLoc,,
3600,311,filterLoc,,
3600,314,filterLoc,,
3600,317,filterLoc,,
3600,320,filterLoc,,
3600,323,filterLoc,,
3600,326,filterLoc,,
3600,329,filterLoc,,
3600,332,filterLoc,,
3600,335,filterLoc,,
3600,338,filterLoc,,
3600,341,filterLoc,,
3600,344,filterLoc,,
3600,347,filterLoc,,
3600,350,filterLoc,,
3600,353,filterLoc,,
3600,356,filterLoc,,
3600,359,filterLoc,,
3600,362,filterLoc,,
3600,365,filterLoc,,
3600,368,filterLoc,,
3600,371,filterLoc,,
3600,374,filterLoc,,
3600,377,filterLoc,,
3600,380,filterLoc,,
3600,383,filterLoc,,
3600,386,filterLoc,,
3600,389,filterLoc,,
3600,392,filterLoc,,
3600,395,filterLoc,,
3600,398,filterLoc,,
3600,401,filterLoc,,
3600,404,filterLoc,,
3600,407,filterLoc,,
3600,410,filterLoc,,
3600,413,filterLoc,,
3600,416,filterLoc,,
3600,419,filterLoc,,
3600,422,filterLoc,,
3600,425,filterLoc,,
3600,428,filterLoc,,
3600,431,filterLoc,,
3600,434,filterLoc,,
3600,437,filterLoc,,
3600,440,filterLoc,,
3600,443,filterLoc,,
3600,446,filterLoc,,
3600,449,filterLoc,,
3600,452,filterLoc,,
3600,455,filterLoc,,
3600,458,filterLoc,,
3600,461,filterLoc,,
3600,464,filterLoc,,
3600,467,filterLoc,,
3600,470,filterLoc,,
3600,473,filterLoc,,
3600,476,filterLoc,,
3600,479,filterLoc,,
3600,482,filterLoc,,
3600,485,filterLoc,,
3600,488,filterLoc,,
3600,491,filterLoc,,
3600,494,filterLoc,,
3600,497,filterLoc,,;Evacuee;432;in triage category;G;is entering helicopter;2
3600,500,filterLoc,,
3600,503,filterLoc,,
3600,506,filterLoc,,
3600,509,filterLoc,,
3600,512,filterLoc,,
3600,515,filterLoc,,
3600,518,filterLoc,,
3600,521,filterLoc,,
3600,524,filterLoc,,
3600,527,filterLoc,,
3600,530,filterLoc,,
3600,533,filterLoc,,
3600,536,filterLoc,,
3600,539,filterLoc,,
3600,542,filterLoc,,
3600,545,filterLoc,,
3600,548,filterLoc,,
3600,551,filterLoc,,
3600,554,filterLoc,,
3600,557,filterLoc,,
3600,560,filterLoc,,
3600,563,filterLoc,,;Evacuee;424;in triage category;G;is entering helicopter;2
3600,566,filterLoc,,
3600,569,filterLoc,,
3600,576,filterLoc,,
3600,579,filterLoc,,
3600,582,filterLoc,,
3600,585,filterLoc,,
3600,588,filterLoc,,
3600,591,filterLoc,,
3600,594,filterLoc,,
3600,597,filterLoc,,
3600,600,filterLoc,,
3600,603,filterLoc,,
3600,606,filterLoc,,
3600,609,filterLoc,,
3600,612,filterLoc,,
3600,615,filterLoc,,
3600,618,filterLoc,,
3600,621,filterLoc,,
3600,624,filterLoc,,
3600,627,filterLoc,,
3600,630,filterLoc,,
3600,633,filterLoc,,
3600,636,filterLoc,,
3600,639,filterLoc,,
3600,642,filterLoc,,
3600,645,filterLoc,,
3600,648,filterLoc,,
3600,651,filterLoc,,
3600,654,filterLoc,,
3600,657,filterLoc,,
3600,660,filterLoc,,
3600,663,filterLoc,,
3600,666,filterLoc,,
3600,669,filterLoc,,
3600,672,filterLoc,,
3600,675,filterLoc,,
3600,678,filterLoc,,
3600,681,filterLoc,,
3600,684,filterLoc,,
3600,687,filterLoc,,
3600,690,filterLoc,,
3600,693,filterLoc,,
3600,696,filterLoc,,
3600,699,filterLoc,,
3600,702,filterLoc,,
3600,705,filterLoc,,
3600,708,filterLoc,,
3600,711,filterLoc,,
3600,714,filterLoc,,
3600,717,filterLoc,,
3600,720,filterLoc,,
3600,723,filterLoc,,
3600,726,filterLoc,,
3600,729,filterLoc,,
3600,732,filterLoc,,
3600,735,filterLoc,,
3600,738,filterLoc,,
3600,741,filterLoc,,
3600,744,filterLoc,,
3600,747,filterLoc,,
3600,750,filterLoc,,
3600,753,filterLoc,,
3600,756,filterLoc,,
3600,759,filterLoc,,
3600,762,filterLoc,,
3600,765,filterLoc,,
3600,768,filterLoc,,
3600,771,filterLoc,,
3600,774,filterLoc,,
3600,777,filterLoc,,
3600,780,filterLoc,,
3600,783,filterLoc,,
3600,786,filterLoc,,
3600,789,filterLoc,,
3600,792,filterLoc,,
3600,795,filterLoc,,
3600,798,filterLoc,,
3600,801,filterLoc,,
3600,804,filterLoc,,
3600,807,filterLoc,,
3600,810,filterLoc,,
3600,813,filterLoc,,
3600,816,filterLoc,,
3600,819,filterLoc,,
3600,822,filterLoc,,
3600,825,filterLoc,,
3600,828,filterLoc,,
3600,831,filterLoc,,
3600,834,filterLoc,,
3600,837,filterLoc,,
3600,840,filterLoc,,
3600,843,filterLoc,,
3600,846,filterLoc,,
3600,849,filterLoc,,
3600,852,filterLoc,,
3600,855,filterLoc,,
3600,858,filterLoc,,
3600,861,filterLoc,,
3600,864,filterLoc,,
3600,867,filterLoc,,
3600,870,filterLoc,,
3600,873,filterLoc,,
3600,876,filterLoc,,
3600,879,filterLoc,,
3600,882,filterLoc,,
3600,885,filterLoc,,
3600,888,filterLoc,,
3600,891,filterLoc,,
3600,894,filterLoc,,
3600,897,filterLoc,,
3600,900,filterLoc,,
3600,903,filterLoc,,
3600,906,filterLoc,,
3600,909,filterLoc,,
3600,912,filterLoc,,
3600,915,filterLoc,,
3600,918,filterLoc,,
3600,921,filterLoc,,
3600,924,filterLoc,,;Evacuee;451;in triage category;G;is entering helicopter;2
3600,927,filterLoc,,
3600,930,filterLoc,,
3600,933,filterLoc,,
3600,936,filterLoc,,
3600,939,filterLoc,,
3600,942,filterLoc,,
3600,945,filterLoc,,
3600,948,filterLoc,,
3600,951,filterLoc,,
3600,954,filterLoc,,
3600,957,filterLoc,,
3600,960,filterLoc,,
3600,963,filterLoc,,
3600,966,filterLoc,,
3600,969,filterLoc,,
3600,972,filterLoc,,
3600,975,filterLoc,,
3600,978,filterLoc,,
3600,981,filterLoc,,
3600,984,filterLoc,,
3600,987,filterLoc,,
3600,990,filterLoc,,
3600,993,filterLoc,,
3600,996,filterLoc,,
3600,999,filterLoc,,
3600,1002,filterLoc,,
3600,1005,filterLoc,,
3600,1008,filterLoc,,
3600,1011,filterLoc,,
3600,1014,filterLoc,,
3600,1017,filterLoc,,
3600,1020,filterLoc,,
3600,1023,filterLoc,,
3600,1026,filterLoc,,
3600,1029,filterLoc,,
3600,1032,filterLoc,,
3600,1035,filterLoc,,
3600,1038,filterLoc,,
3600,1041,filterLoc,,
3600,1044,filterLoc,,
3600,1047,filterLoc,,
3600,1050,filterLoc,,;Evacuee;429;in triage category;G;is entering helicopter;2
3600,1053,filterLoc,,
3600,1056,filterLoc,,
3600,1059,filterLoc,,
3600,1062,filterLoc,,
3600,1065,filterLoc,,
3600,1068,filterLoc,,
3600,1071,filterLoc,,
3600,1074,filterLoc,,
3600,1077,filterLoc,,
3600,1080,filterLoc,,
3600,1083,filterLoc,,
3600,1086,filterLoc,,
3600,1089,filterLoc,,
3600,1092,filterLoc,,
3600,1095,filterLoc,,
3600,1098,filterLoc,,
3600,1101,filterLoc,,
3600,1104,filterLoc,,
3600,1107,filterLoc,,
3600,1110,filterLoc,,
3600,1113,filterLoc,,
3600,1116,filterLoc,,
3600,1119,filterLoc,,
3600,1122,filterLoc,,
3600,1125,filterLoc,,
3600,1128,filterLoc,,
3600,1133,helicopter,,Helicopter;2;is loading people at the evacuation site;;and has;0;spots taken
3600,1135,filterLoc,,
3600,1138,filterLoc,,
3600,1141,filterLoc,,
3600,1144,filterLoc,,
3600,1147,filterLoc,,
3600,1150,filterLoc,,
3600,1153,filterLoc,,
3600,1156,filterLoc,,
3600,1159,filterLoc,,
3600,1162,filterLoc,,
3600,1165,filterLoc,,
3600,1168,filterLoc,,
3600,1175,filterLoc,,
3600,1178,filterLoc,,
3600,1181,filterLoc,,
3600,1184,filterLoc,,
3600,1187,filterLoc,,
3600,1190,filterLoc,,
3600,1193,filterLoc,,;Evacuee;416;in triage category;G;is entering helicopter;2
3600,1196,filterLoc,,
3600,1199,filterLoc,,
3600,1202,filterLoc,,
3600,1205,filterLoc,,
3600,1208,filterLoc,,
3600,1211,filterLoc,,
3600,1214,filterLoc,,
3600,1217,filterLoc,,
3600,1220,filterLoc,,
3600,1223,filterLoc,,
3600,1226,filterLoc,,
3600,1229,filterLoc,,
3600,1232,filterLoc,,
3600,1235,filterLoc,,
3600,1238,filterLoc,,
3600,1241,filterLoc,,
3600,1244,filterLoc,,
3600,1247,filterLoc,,
3600,1250,filterLoc,,
3600,1253,filterLoc,,
3600,1256,filterLoc,,
3600,1259,filterLoc,,
3600,1262,filterLoc,,
3600,1265,filterLoc,,
3600,1268,filterLoc,,
3600,1271,filterLoc,,
3600,1274,filterLoc,,
3600,1277,filterLoc,,
3600,1280,filterLoc,,
3600,1283,filterLoc,,
3600,1286,filterLoc,,
3600,1289,filterLoc,,
3600,1292,filterLoc,,
3600,1295,filterLoc,,
3600,1298,filterLoc,,
3600,1301,filterLoc,,
3600,1304,filterLoc,,
3600,1307,filterLoc,,
3600,1310,filterLoc,,
3600,1313,filterLoc,,
3600,1316,filterLoc,,
3600,1319,filterLoc,,
3600,1322,filterLoc,,
3600,1325,filterLoc,,
3600,1328,filterLoc,,
3600,1331,filterLoc,,
3600,1334,filterLoc,,
3600,1337,filterLoc,,
3600,1340,filterLoc,,
3600,1343,filterLoc,,
3600,1346,filterLoc,,;Evacuee;417;in triage category;G;is entering helicopter;2
3600,1349,filterLoc,,
3600,1352,filterLoc,,
3600,1355,filterLoc,,
3600,1358,filterLoc,,
3600,1361,filterLoc,,
3600,1364,filterLoc,,
3600,1367,filterLoc,,
3600,1370,filterLoc,,
3600,1373,filterLoc,,
3600,1376,filterLoc,,
3600,1379,filterLoc,,
3600,1382,filterLoc,,
3600,1385,filterLoc,,
3600,1388,filterLoc,,
3600,1391,filterLoc,,
3600,1394,filterLoc,,
3600,1397,filterLoc,,
3600,1400,filterLoc,,
3600,1403,filterLoc,,
3600,1406,filterLoc,,
3600,1409,filterLoc,,
3600,1412,filterLoc,,
3600,1415,filterLoc,,
3600,1418,filterLoc,,
3600,1421,filterLoc,,
3600,1424,filterLoc,,
3600,1427,filterLoc,,
3600,1430,filterLoc,,
3600,1433,filterLoc,,
3600,1436,filterLoc,,
3600,1439,filterLoc,,
3600,1442,filterLoc,,
3600,1445,filterLoc,,
3600,1448,filterLoc,,
3600,1451,filterLoc,,
3600,1454,filterLoc,,
3600,1457,filterLoc,,
3600,1460,filterLoc,,
3600,1463,filterLoc,,
3600,1466,filterLoc,,
3600,1469,filterLoc,,
3600,1472,filterLoc,,
3600,1475,filterLoc,,
3600,1478,filterLoc,,
3600,1481,filterLoc,,
3600,1484,filterLoc,,
3600,1487,filterLoc,,
3600,1490,filterLoc,,
3600,1493,filterLoc,,
3600,1496,filterLoc,,
3600,1499,filterLoc,,
3600,1502,filterLoc,,
3600,1505,filterLoc,,
3600,1508,filterLoc,,
3600,1511,filterLoc,,
3600,1514,filterLoc,,
3600,1517,filterLoc,,
3600,1520,filterLoc,,
3600,1523,filterLoc,,
3600,1526,filterLoc,,
3600,1529,filterLoc,,
3600,86,filterLoc,out,Evacuee 448 in triage category G is assigned helicopter 2
3600,86,filterLoc,,
3600,87,evacuee,,Evacuee;448;in triage state;G;is entering helicopter;2
3600,89,filterLoc,out,Evacuee 445 in triage category G is assigned helicopter 2
3600,89,filterLoc,,
3600,90,evacuee,,Evacuee;445;in triage state;G;is entering helicopter;2
3600,92,filterLoc,out,Evacuee 442 in triage category G is assigned helicopter 2
3600,92,filterLoc,,
3600,93,evacuee,,Evacuee;442;in triage state;G;is entering helicopter;2
3600,95,filterLoc,out,Evacuee 441 in triage category G is assigned helicopter 2
3600,95,filterLoc,,
3600,96,evacuee,,Evacuee;441;in triage state;G;is entering helicopter;2
3600,497,filterLoc,out,Evacuee 432 in triage category G is assigned helicopter 2
3600,497,filterLoc,,
3600,498,evacuee,,Evacuee;432;in triage state;G;is entering helicopter;2
3600,563,filterLoc,out,Evacuee 424 in triage category G is assigned helicopter 2
3600,563,filterLoc,,
3600,564,evacuee,,Evacuee;424;in triage state;G;is entering helicopter;2
3600,924,filterLoc,out,Evacuee 451 in triage category G is assigned helicopter 2
3600,924,filterLoc,,
3600,925,evacuee,,Evacuee;451;in triage state;G;is entering helicopter;2
3600,1050,filterLoc,out,Evacuee 429 in triage category G is assigned helicopter 2
3600,1050,filterLoc,,
3600,1051,evacuee,,Evacuee;429;in triage state;G;is entering helicopter;2
3600,1193,filterLoc,out,Evacuee 416 in triage category G is assigned helicopter 2
3600,1193,filterLoc,,
3600,1194,evacuee,,Evacuee;416;in triage state;G;is entering helicopter;2
3600,1346,filterLoc,out,Evacuee 417 in triage category G is assigned helicopter 2
3600,1346,filterLoc,,
3600,1347,evacuee,,Evacuee;417;in triage state;G;is entering helicopter;2
3600,7,filterEvac,,
3600,87,evacuee,outHelo,Evacuee 448 in triage category G is assigned helicopter 2
3600,87,evacuee,,Evacuee;448;in triage state;G;is in helicopter;2
3600,90,evacuee,outHelo,Evacuee 445 in triage category G is assigned helicopter 2
3600,90,evacuee,,Evacuee;445;in triage state;G;is in helicopter;2
3600,93,evacuee,outHelo,Evacuee 442 in triage category G is assigned helicopter 2
3600,93,evacuee,,Evacuee;442;in triage state;G;is in helicopter;2
3600,96,evacuee,outHelo,Evacuee 441 in triage category G is assigned helicopter 2
3600,96,evacuee,,Evacuee;441;in triage state;G;is in helicopter;2
3600,107,filterEvac,,
3600,292,filterEvac,,
3600,498,evacuee,outHelo,Evacuee 432 in triage category G is assigned helicopter 2
3600,498,evacuee,,Evacuee;432;in triage state;G;is in helicopter;2
3600,564,evacuee,outHelo,Evacuee 424 in triage category G is assigned helicopter 2
3600,564,evacuee,,Evacuee;424;in triage state;G;is in helicopter;2
3600,572,filterEvac,,
3600,925,evacuee,outHelo,Evacuee 451 in triage category G is assigned helicopter 2
3600,925,evacuee,,Evacuee;451;in triage state;G;is in helicopter;2
3600,1051,evacuee,outHelo,Evacuee 429 in triage category G is assigned helicopter 2
3600,1051,evacuee,,Evacuee;429;in triage state;G;is in helicopter;2
3600,1131,filterEvac,,;Evacuee;416;in triage category;G;is entering helicopter;2;Evacuee;417;in triage category;G;is entering helicopter;2;Evacuee;424;in triage category;G;is entering helicopter;2;Evacuee;429;in triage category;G;is entering helicopter;2;Evacuee;432;in triage category;G;is entering helicopter;2;Evacuee;441;in triage category;G;is entering helicopter;2;Evacuee;442;in triage category;G;is entering helicopter;2;Evacuee;445;in triage category;G;is entering helicopter;2;Evacuee;448;in triage category;G;is entering helicopter;2;Evacuee;451;in triage category;G;is entering helicopter;2
3600,1171,filterEvac,,
3600,1194,evacuee,outHelo,Evacuee 416 in triage category G is assigned helicopter 2
3600,1194,evacuee,,Evacuee;416;in triage state;G;is in helicopter;2
3600,1347,evacuee,outHelo,Evacuee 417 in triage category G is assigned helicopter 2
3600,1347,evacuee,,Evacuee;417;in triage state;G;is in helicopter;2
3600,1131,filterEvac,out,Evacuee 416 in triage category G is assigned helicopter 2
3600,1131,filterEvac,out,Evacuee 417 in triage category G is assigned helicopter 2
3600,1131,filterEvac,out,Evacuee 424 in triage category G is assigned helicopter 2
3600,1131,filterEvac,out,Evacuee 429 in triage category G is assigned helicopter 2
3600,1131,filterEvac,out,Evacuee 432 in triage category G is assigned helicopter 2
3600,1131,filterEvac,out,Evacuee 441 in triage category G is assigned helicopter 2
3600,1131,filterEvac,out,Evacuee 442 in triage category G is assigned helicopter 2
3600,1131,filterEvac,out,Evacuee 445 in triage category G is assigned helicopter 2
3600,1131,filterEvac,out,Evacuee 448 in triage category G is assigned helicopter 2
3600,1131,filterEvac,out,Evacuee 451 in triage category G is assigned helicopter 2
3600,1131,filterEvac,,
3600,1133,helicopter,,Helicopter;2;is loading people at the evacuation site;;and has;10;spots taken
3609.12,3,evacueeManager,,OFF SHIP: White;0;Green;4;Yellow;18;Red;4;Black;334;ON SHIP: White;0;Green;0;Yellow;0;Red;0;Evacuees to Transfer;
3609.12,766,evacuee,outES,Evacuee 271 in triage category Y is not assigned a helicopter
3609.12,766,evacuee,,Evacuee;271;in triage state;R;is at the evacuation site
3615,4,helipadManager,outHelo,Helicopter 2 is evacuating people2
3615,4,helipadManager,,;No helos are at ES
3615,8,filterES,,
3615,11,filterLoc,,
3615,14,filterLoc,,
3615,17,filterLoc,,
3615,20,filterLoc,,
3615,23,filterLoc,,
3615,26,filterLoc,,
3615,29,filterLoc,,
3615,32,filterLoc,,
3615,35,filterLoc,,
3615,38,filterLoc,,
3615,41,filterLoc,,
3615,44,filterLoc,,
3615,47,filterLoc,,
3615,50,filterLoc,,
3615,53,filterLoc,,
3615,56,filterLoc,,
3615,59,filterLoc,,
3615,62,filterLoc,,
3615,65,filterLoc,,
3615,68,filterLoc,,
3615,71,filterLoc,,
3615,74,filterLoc,,
3615,77,filterLoc,,
3615,80,filterLoc,,
3615,83,filterLoc,,
3615,86,filterLoc,,
3615,89,filterLoc,,
3615,92,filterLoc,,
3615,95,filterLoc,,
3615,98,filterLoc,,
3615,101,filterLoc,,
3615,104,filterLoc,,
3615,108,filterES,,
3615,111,filterLoc,,
3615,114,filterLoc,,
3615,117,filterLoc,,
3615,120,filterLoc,,
3615,123,filterLoc,,
3615,126,filterLoc,,
3615,129,filterLoc,,
3615,132,filterLoc,,
3615,135,filterLoc,,
3615,138,filterLoc,,
3615,141,filterLoc,,
3615,144,filterLoc,,
3615,147,filterLoc,,
3615,150,filterLoc,,
3615,153,filterLoc,,
3615,156,filterLoc,,
3615,159,filterLoc,,
3615,162,filterLoc,,
3615,165,filterLoc,,
3615,168,filterLoc,,
3615,171,filterLoc,,
3615,174,filterLoc,,
3615,177,filterLoc,,
3615,180,filterLoc,,
3615,183,filterLoc,,
3615,186,filterLoc,,
3615,189,filterLoc,,
3615,192,filterLoc,,
3615,195,filterLoc,,
3615,198,filterLoc,,
3615,201,filterLoc,,
3615,204,filterLoc,,
3615,207,filterLoc,,
3615,210,filterLoc,,
3615,213,filterLoc,,
3615,216,filterLoc,,
3615,219,filterLoc,,
3615,222,filterLoc,,
3615,225,filterLoc,,
3615,229,filterLoc,,
3615,232,filterLoc,,
3615,235,filterLoc,,
3615,238,filterLoc,,
3615,241,filterLoc,,
3615,244,filterLoc,,
3615,247,filterLoc,,
3615,250,filterLoc,,
3615,253,filterLoc,,
3615,256,filterLoc,,
3615,259,filterLoc,,
3615,262,filterLoc,,
3615,265,filterLoc,,
3615,268,filterLoc,,
3615,271,filterLoc,,
3615,274,filterLoc,,
3615,277,filterLoc,,
3615,280,filterLoc,,
3615,283,filterLoc,,
3615,286,filterLoc,,
3615,289,filterLoc,,
3615,293,filterES,,
3615,296,filterLoc,,
3615,299,filterLoc,,
3615,302,filterLoc,,
3615,305,filterLoc,,
3615,308,filterLoc,,
3615,311,filterLoc,,
3615,314,filterLoc,,
3615,317,filterLoc,,
3615,320,filterLoc,,
3615,323,filterLoc,,
3615,326,filterLoc,,
3615,329,filterLoc,,
3615,332,filterLoc,,
3615,335,filterLoc,,
3615,338,filterLoc,,
3615,341,filterLoc,,
3615,344,filterLoc,,
3615,347,filterLoc,,
3615,350,filterLoc,,;Evacuee;309;in triage category;G;is leaving helicopter;5
3615,353,filterLoc,,;Evacuee;306;in triage category;G;is leaving helicopter;5
3615,356,filterLoc,,;Evacuee;305;in triage category;G;is leaving helicopter;5
3615,359,filterLoc,,;Evacuee;303;in triage category;G;is leaving helicopter;5
3615,362,filterLoc,,;Evacuee;295;in triage category;G;is leaving helicopter;5
3615,365,filterLoc,,
3615,368,filterLoc,,
3615,371,filterLoc,,
3615,374,filterLoc,,
3615,377,filterLoc,,
3615,380,filterLoc,,
3615,383,filterLoc,,
3615,386,filterLoc,,
3615,389,filterLoc,,
3615,392,filterLoc,,
3615,395,filterLoc,,
3615,398,filterLoc,,
3615,401,filterLoc,,
3615,404,filterLoc,,
3615,407,filterLoc,,
3615,410,filterLoc,,
3615,413,filterLoc,,
3615,416,filterLoc,,
3615,419,filterLoc,,
3615,422,filterLoc,,
3615,425,filterLoc,,
3615,428,filterLoc,,;Evacuee;315;in triage category;G;is leaving helicopter;5
3615,431,filterLoc,,
3615,434,filterLoc,,
3615,437,filterLoc,,
3615,440,filterLoc,,
3615,443,filterLoc,,
3615,446,filterLoc,,
3615,449,filterLoc,,
3615,452,filterLoc,,
3615,455,filterLoc,,
3615,458,filterLoc,,
3615,461,filterLoc,,
3615,464,filterLoc,,
3615,467,filterLoc,,
3615,470,filterLoc,,
3615,473,filterLoc,,
3615,476,filterLoc,,
3615,479,filterLoc,,
3615,482,filterLoc,,
3615,485,filterLoc,,
3615,488,filterLoc,,
3615,491,filterLoc,,
3615,494,filterLoc,,
3615,497,filterLoc,,
3615,500,filterLoc,,
3615,503,filterLoc,,;Evacuee;310;in triage category;G;is leaving helicopter;5
3615,506,filterLoc,,
3615,509,filterLoc,,
3615,512,filterLoc,,
3615,515,filterLoc,,
3615,518,filterLoc,,
3615,521,filterLoc,,
3615,524,filterLoc,,
3615,527,filterLoc,,
3615,530,filterLoc,,
3615,533,filterLoc,,
3615,536,filterLoc,,
3615,539,filterLoc,,
3615,542,filterLoc,,
3615,545,filterLoc,,
3615,548,filterLoc,,
3615,551,filterLoc,,
3615,554,filterLoc,,
3615,557,filterLoc,,
3615,560,filterLoc,,
3615,563,filterLoc,,
3615,566,filterLoc,,
3615,569,filterLoc,,
3615,573,filterES,,
3615,574,helicopter,outEvac,Evacuee 295 in triage category G is not assigned a helicopter
3615,574,helicopter,outEvac,Evacuee 297 in triage category G is not assigned a helicopter
3615,574,helicopter,outEvac,Evacuee 303 in triage category G is not assigned a helicopter
3615,574,helicopter,outEvac,Evacuee 304 in triage category G is not assigned a helicopter
3615,574,helicopter,outEvac,Evacuee 305 in triage category G is not assigned a helicopter
3615,574,helicopter,outEvac,Evacuee 306 in triage category G is not assigned a helicopter
3615,574,helicopter,outEvac,Evacuee 308 in triage category G is not assigned a helicopter
3615,574,helicopter,outEvac,Evacuee 309 in triage category G is not assigned a helicopter
3615,574,helicopter,outEvac,Evacuee 310 in triage category G is not assigned a helicopter
3615,574,helicopter,outEvac,Evacuee 315 in triage category G is not assigned a helicopter
3615,574,helicopter,,Helicopter;5;is unloading people at the FOL;;and has;0;spots taken
3615,576,filterLoc,,
3615,579,filterLoc,,
3615,582,filterLoc,,
3615,585,filterLoc,,
3615,588,filterLoc,,
3615,591,filterLoc,,
3615,594,filterLoc,,
3615,597,filterLoc,,
3615,600,filterLoc,,
3615,603,filterLoc,,
3615,606,filterLoc,,
3615,609,filterLoc,,
3615,612,filterLoc,,
3615,615,filterLoc,,
3615,618,filterLoc,,
3615,621,filterLoc,,
3615,624,filterLoc,,
3615,627,filterLoc,,
3615,630,filterLoc,,
3615,633,filterLoc,,
3615,636,filterLoc,,
3615,639,filterLoc,,
3615,642,filterLoc,,;Evacuee;297;in triage category;G;is leaving helicopter;5
3615,645,filterLoc,,
3615,648,filterLoc,,
3615,651,filterLoc,,
3615,654,filterLoc,,
3615,657,filterLoc,,
3615,660,filterLoc,,
3615,663,filterLoc,,
3615,666,filterLoc,,
3615,669,filterLoc,,
3615,672,filterLoc,,
3615,675,filterLoc,,
3615,678,filterLoc,,
3615,681,filterLoc,,
3615,684,filterLoc,,
3615,687,filterLoc,,
3615,690,filterLoc,,
3615,693,filterLoc,,
3615,696,filterLoc,,
3615,699,filterLoc,,
3615,702,filterLoc,,
3615,705,filterLoc,,
3615,708,filterLoc,,
3615,711,filterLoc,,
3615,714,filterLoc,,
3615,717,filterLoc,,
3615,720,filterLoc,,
3615,723,filterLoc,,
3615,726,filterLoc,,
3615,729,filterLoc,,
3615,732,filterLoc,,
3615,735,filterLoc,,
3615,738,filterLoc,,
3615,741,filterLoc,,
3615,744,filterLoc,,
3615,747,filterLoc,,
3615,750,filterLoc,,
3615,753,filterLoc,,
3615,756,filterLoc,,
3615,759,filterLoc,,
3615,762,filterLoc,,
3615,765,filterLoc,,
3615,768,filterLoc,,
3615,771,filterLoc,,
3615,774,filterLoc,,
3615,777,filterLoc,,
3615,780,filterLoc,,
3615,783,filterLoc,,
3615,786,filterLoc,,
3615,789,filterLoc,,
3615,792,filterLoc,,
3615,795,filterLoc,,
3615,798,filterLoc,,
3615,801,filterLoc,,
3615,804,filterLoc,,
3615,807,filterLoc,,
3615,810,filterLoc,,
3615,813,filterLoc,,
3615,816,filterLoc,,
3615,819,filterLoc,,
3615,822,filterLoc,,
3615,825,filterLoc,,
3615,828,filterLoc,,
3615,831,filterLoc,,
3615,834,filterLoc,,
3615,837,filterLoc,,
3615,840,filterLoc,,
3615,843,filterLoc,,
3615,846,filterLoc,,
3615,849,filterLoc,,
3615,852,filterLoc,,
3615,855,filterLoc,,
3615,858,filterLoc,,
3615,861,filterLoc,,
3615,864,filterLoc,,
3615,867,filterLoc,,
3615,870,filterLoc,,
3615,873,filterLoc,,
3615,876,filterLoc,,
3615,879,filterLoc,,
3615,882,filterLoc,,
3615,885,filterLoc,,
3615,888,filterLoc,,
3615,891,filterLoc,,
3615,894,filterLoc,,
3615,897,filterLoc,,
3615,900,filterLoc,,
3615,903,filterLoc,,
3615,906,filterLoc,,
3615,909,filterLoc,,
3615,912,filterLoc,,
3615,915,filterLoc,,
3615,918,filterLoc,,
3615,921,filterLoc,,
3615,924,filterLoc,,
3615,927,filterLoc,,
3615,930,filterLoc,,
3615,933,filterLoc,,
3615,936,filterLoc,,
3615,939,filterLoc,,
3615,942,filterLoc,,
3615,945,filterLoc,,
3615,948,filterLoc,,
3615,951,filterLoc,,
3615,954,filterLoc,,
3615,957,filterLoc,,
3615,960,filterLoc,,
3615,963,filterLoc,,
3615,966,filterLoc,,
3615,969,filterLoc,,
3615,972,filterLoc,,
3615,975,filterLoc,,
3615,978,filterLoc,,
3615,981,filterLoc,,
3615,984,filterLoc,,
3615,987,filterLoc,,
3615,990,filterLoc,,
3615,993,filterLoc,,;Evacuee;304;in triage category;G;is leaving helicopter;5
3615,996,filterLoc,,
3615,999,filterLoc,,
3615,1002,filterLoc,,
3615,1005,filterLoc,,
3615,1008,filterLoc,,
3615,1011,filterLoc,,
3615,1014,filterLoc,,
3615,1017,filterLoc,,
3615,1020,filterLoc,,
3615,1023,filterLoc,,
3615,1026,filterLoc,,
3615,1029,filterLoc,,
3615,1032,filterLoc,,
3615,1035,filterLoc,,
3615,1038,filterLoc,,
3615,1041,filterLoc,,
3615,1044,filterLoc,,
3615,1047,filterLoc,,
3615,1050,filterLoc,,
3615,1053,filterLoc,,
3615,1056,filterLoc,,
3615,1059,filterLoc,,
3615,1062,filterLoc,,
3615,1065,filterLoc,,
3615,1068,filterLoc,,
3615,1071,filterLoc,,
3615,1074,filterLoc,,
3615,1077,filterLoc,,
3615,1080,filterLoc,,
3615,1083,filterLoc,,
3615,1086,filterLoc,,
3615,1089,filterLoc,,
3615,1092,filterLoc,,
3615,1095,filterLoc,,
3615,1098,filterLoc,,
3615,1101,filterLoc,,
3615,1104,filterLoc,,
3615,1107,filterLoc,,
3615,1110,filterLoc,,
3615,1113,filterLoc,,
3615,1116,filterLoc,,
3615,1119,filterLoc,,
3615,1122,filterLoc,,
3615,1125,filterLoc,,
3615,1128,filterLoc,,
3615,1132,filterES,,Helicopter;2;is evacuating people
3615,1135,filterLoc,,
3615,1138,filterLoc,,
3615,1141,filterLoc,,
3615,1144,filterLoc,,
3615,1147,filterLoc,,
3615,1150,filterLoc,,
3615,1153,filterLoc,,
3615,1156,filterLoc,,
3615,1159,filterLoc,,
3615,1162,filterLoc,,
3615,1165,filterLoc,,
3615,1168,filterLoc,,
3615,1172,filterES,,
3615,1175,filterLoc,,
3615,1178,filterLoc,,
3615,1181,filterLoc,,
3615,1184,filterLoc,,
3615,1187,filterLoc,,
3615,1190,filterLoc,,
3615,1193,filterLoc,,
3615,1196,filterLoc,,
3615,1199,filterLoc,,;Evacuee;308;in triage category;G;is leaving helicopter;5
3615,1202,filterLoc,,
3615,1205,filterLoc,,
3615,1208,filterLoc,,
3615,1211,filterLoc,,
3615,1214,filterLoc,,
3615,1217,filterLoc,,
3615,1220,filterLoc,,
3615,1223,filterLoc,,
3615,1226,filterLoc,,
3615,1229,filterLoc,,
3615,1232,filterLoc,,
3615,1235,filterLoc,,
3615,1238,filterLoc,,
3615,1241,filterLoc,,
3615,1244,filterLoc,,
3615,1247,filterLoc,,
3615,1250,filterLoc,,
3615,1253,filterLoc,,
3615,1256,filterLoc,,
3615,1259,filterLoc,,
3615,1262,filterLoc,,
3615,1265,filterLoc,,
3615,1268,filterLoc,,
3615,1271,filterLoc,,
3615,1274,filterLoc,,
3615,1277,filterLoc,,
3615,1280,filterLoc,,
3615,1283,filterLoc,,
3615,1286,filterLoc,,
3615,1289,filterLoc,,
3615,1292,filterLoc,,
3615,1295,filterLoc,,
3615,1298,filterLoc,,
3615,1301,filterLoc,,
3615,1304,filterLoc,,
3615,1307,filterLoc,,
3615,1310,filterLoc,,
3615,1313,filterLoc,,
3615,1316,filterLoc,,
3615,1319,filterLoc,,
3615,1322,filterLoc,,
3615,1325,filterLoc,,
3615,1328,filterLoc,,
3615,1331,filterLoc,,
3615,1334,filterLoc,,
3615,1337,filterLoc,,
3615,1340,filterLoc,,
3615,1343,filterLoc,,
3615,1346,filterLoc,,
3615,1349,filterLoc,,
3615,1352,filterLoc,,
3615,1355,filterLoc,,
3615,1358,filterLoc,,
3615,1361,filterLoc,,
3615,1364,filterLoc,,
3615,1367,filterLoc,,
3615,1370,filterLoc,,
3615,1373,filterLoc,,
3615,1376,filterLoc,,
3615,1379,filterLoc,,
3615,1382,filterLoc,,
3615,1385,filterLoc,,
3615,1388,filterLoc,,
3615,1391,filterLoc,,
3615,1394,filterLoc,,
3615,1397,filterLoc,,
3615,1400,filterLoc,,
3615,1403,filterLoc,,
3615,1406,filterLoc,,
3615,1409,filterLoc,,
3615,1412,filterLoc,,
3615,1415,filterLoc,,
3615,1418,filterLoc,,
3615,1421,filterLoc,,
3615,1424,filterLoc,,
3615,1427,filterLoc,,
3615,1430,filterLoc,,
3615,1433,filterLoc,,
3615,1436,filterLoc,,
3615,1439,filterLoc,,
3615,1442,filterLoc,,
3615,1445,filterLoc,,
3615,1448,filterLoc,,
3615,1451,filterLoc,,
3615,1454,filterLoc,,
3615,1457,filterLoc,,
3615,1460,filterLoc,,
3615,1463,filterLoc,,
3615,1466,filterLoc,,
3615,1469,filterLoc,,
3615,1472,filterLoc,,
3615,1475,filterLoc,,
3615,1478,filterLoc,,
3615,1481,filterLoc,,
3615,1484,filterLoc,,
3615,1487,filterLoc,,
3615,1490,filterLoc,,
3615,1493,filterLoc,,
3615,1496,filterLoc,,
3615,1499,filterLoc,,
3615,1502,filterLoc,,
3615,1505,filterLoc,,
3615,1508,filterLoc,,
3615,1511,filterLoc,,
3615,1514,filterLoc,,
3615,1517,filterLoc,,
3615,1520,filterLoc,,
3615,1523,filterLoc,,
3615,1526,filterLoc,,
3615,1529,filterLoc,,
3615,4,helipadManager,outHQ,0
3615,4,helipadManager,,;No helos are at ES
3615,5,helicopterQueue,,;No helos are waiting to land
3615,350,filterLoc,out,Evacuee 309 in triage category G is not assigned a helicopter
3615,350,filterLoc,,
3615,351,evacuee,,Evacuee;309;in triage state;G;is entering the FOL
3615,353,filterLoc,out,Evacuee 306 in triage category G is not assigned a helicopter
3615,353,filterLoc,,
3615,354,evacuee,,Evacuee;306;in triage state;G;is entering the FOL
3615,356,filterLoc,out,Evacuee 305 in triage category G is not assigned a helicopter
3615,356,filterLoc,,
3615,357,evacuee,,Evacuee;305;in triage state;G;is entering the FOL
3615,359,filterLoc,out,Evacuee 303 in triage category G is not assigned a helicopter
3615,359,filterLoc,,
3615,360,evacuee,,Evacuee;303;in triage state;G;is entering the FOL
3615,362,filterLoc,out,Evacuee 295 in triage category G is not assigned a helicopter
3615,362,filterLoc,,
3615,363,evacuee,,Evacuee;295;in triage state;G;is entering the FOL
3615,428,filterLoc,out,Evacuee 315 in triage category G is not assigned a helicopter
3615,428,filterLoc,,
3615,429,evacuee,,Evacuee;315;in triage state;G;is entering the FOL
3615,503,filterLoc,out,Evacuee 310 in triage category G is not assigned a helicopter
3615,503,filterLoc,,
3615,504,evacuee,,Evacuee;310;in triage state;G;is entering the FOL
3615,642,filterLoc,out,Evacuee 297 in triage category G is not assigned a helicopter
3615,642,filterLoc,,
3615,643,evacuee,,Evacuee;297;in triage state;G;is entering the FOL
3615,993,filterLoc,out,Evacuee 304 in triage category G is not assigned a helicopter
3615,993,filterLoc,,
3615,994,evacuee,,Evacuee;304;in triage state;G;is entering the FOL
3615,1132,filterES,out,Helicopter 2 is evacuating people2
3615,1132,filterES,,
3615,1133,helicopter,,Helicopter;2;is loading people at the evacuation site;;and has;10;spots taken
3615,1199,filterLoc,out,Evacuee 308 in triage category G is not assigned a helicopter
3615,1199,filterLoc,,
3615,1200,evacuee,,Evacuee;308;in triage state;G;is entering the FOL
3615,5,helicopterQueue,,;No helos are waiting to land
3615,227,FOL,,;EvacueeID;5;Triage Status;G;EvacueeID;6;Triage Status;G;EvacueeID;7;Triage Status;G;EvacueeID;9;Triage Status;G;EvacueeID;16;Triage Status;G;EvacueeID;19;Triage Status;G;EvacueeID;20;Triage Status;G;EvacueeID;25;Triage Status;G;EvacueeID;28;Triage Status;G;EvacueeID;32;Triage Status;G;EvacueeID;34;Triage Status;G;EvacueeID;35;Triage Status;G;EvacueeID;40;Triage Status;G;EvacueeID;41;Triage Status;G;EvacueeID;44;Triage Status;G;EvacueeID;49;Triage Status;G;EvacueeID;50;Triage Status;G;EvacueeID;51;Triage Status;G;EvacueeID;52;Triage Status;G;EvacueeID;58;Triage Status;G;EvacueeID;61;Triage Status;G;EvacueeID;63;Triage Status;G;EvacueeID;64;Triage Status;G;EvacueeID;70;Triage Status;G;EvacueeID;73;Triage Status;G;EvacueeID;74;Triage Status;G;EvacueeID;76;Triage Status;G;EvacueeID;81;Triage Status;G;EvacueeID;83;Triage Status;G;EvacueeID;86;Triage Status;G;EvacueeID;87;Triage Status;G;EvacueeID;89;Triage Status;G;EvacueeID;90;Triage Status;G;EvacueeID;92;Triage Status;G;EvacueeID;94;Triage Status;G;EvacueeID;97;Triage Status;G;EvacueeID;102;Triage Status;G;EvacueeID;103;Triage Status;G;EvacueeID;104;Triage Status;G;EvacueeID;105;Triage Status;G;EvacueeID;107;Triage Status;G;EvacueeID;111;Triage Status;G;EvacueeID;116;Triage Status;G;EvacueeID;117;Triage Status;G;EvacueeID;118;Triage Status;G;EvacueeID;119;Triage Status;G;EvacueeID;120;Triage Status;G;EvacueeID;124;Triage Status;G;EvacueeID;126;Triage Status;G;EvacueeID;127;Triage Status;G;EvacueeID;128;Triage Status;G;EvacueeID;129;Triage Status;G;EvacueeID;131;Triage Status;G;EvacueeID;134;Triage Status;G;EvacueeID;137;Triage Status;G;EvacueeID;138;Triage Status;G;EvacueeID;150;Triage Status;G;EvacueeID;154;Triage Status;G;EvacueeID;155;Triage Status;G;EvacueeID;157;Triage Status;G;EvacueeID;160;Triage Status;G;EvacueeID;162;Triage Status;G;EvacueeID;163;Triage Status;G;EvacueeID;166;Triage Status;G;EvacueeID;173;Triage Status;G;EvacueeID;180;Triage Status;G;EvacueeID;181;Triage Status;G;EvacueeID;182;Triage Status;G;EvacueeID;183;Triage Status;G;EvacueeID;184;Triage Status;G;EvacueeID;185;Triage Status;G;EvacueeID;186;Triage Status;G;EvacueeID;192;Triage Status;G;EvacueeID;199;Triage Status;G;EvacueeID;203;Triage Status;G;EvacueeID;204;Triage Status;G;EvacueeID;205;Triage Status;G;EvacueeID;206;Triage Status;G;EvacueeID;217;Triage Status;G;EvacueeID;227;Triage Status;G;EvacueeID;232;Triage Status;G;EvacueeID;233;Triage Status;G;EvacueeID;234;Triage Status;G;EvacueeID;235;Triage Status;G;EvacueeID;236;Triage Status;G;EvacueeID;237;Triage Status;G;EvacueeID;245;Triage Status;G;EvacueeID;250;Triage Status;G;EvacueeID;251;Triage Status;G;EvacueeID;266;Triage Status;G;EvacueeID;267;Triage Status;G;EvacueeID;269;Triage Status;G;EvacueeID;273;Triage Status;G;EvacueeID;274;Triage Status;G;EvacueeID;275;Triage Status;G;EvacueeID;277;Triage Status;G;EvacueeID;278;Triage Status;G;EvacueeID;279;Triage Status;G;EvacueeID;285;Triage Status;G;EvacueeID;293;Triage Status;G;EvacueeID;295;Triage Status;G;EvacueeID;297;Triage Status;G;EvacueeID;303;Triage Status;G;EvacueeID;304;Triage Status;G;EvacueeID;305;Triage Status;G;EvacueeID;306;Triage Status;G;EvacueeID;308;Triage Status;G;EvacueeID;309;Triage Status;G;EvacueeID;310;Triage Status;G;EvacueeID;315;Triage Status;G;Lives Saved;110
3615,351,evacuee,outFOL,Evacuee 309 in triage category G is not assigned a helicopter
3615,351,evacuee,,Evacuee;309;in triage state;G;is at the FOL
3615,354,evacuee,outFOL,Evacuee 306 in triage category G is not assigned a helicopter
3615,354,evacuee,,Evacuee;306;in triage state;G;is at the FOL
3615,357,evacuee,outFOL,Evacuee 305 in triage category G is not assigned a helicopter
3615,357,evacuee,,Evacuee;305;in triage state;G;is at the FOL
3615,360,evacuee,outFOL,Evacuee 303 in triage category G is not assigned a helicopter
3615,360,evacuee,,Evacuee;303;in triage state;G;is at the FOL
3615,363,evacuee,outFOL,Evacuee 295 in triage category G is not assigned a helicopter
3615,363,evacuee,,Evacuee;295;in triage state;G;is at the FOL
3615,429,evacuee,outFOL,Evacuee 315 in triage category G is not assigned a helicopter
3615,429,evacuee,,Evacuee;315;in triage state;G;is at the FOL
3615,504,evacuee,outFOL,Evacuee 310 in triage category G is not assigned a helicopter
3615,504,evacuee,,Evacuee;310;in triage state;G;is at the FOL
3615,643,evacuee,outFOL,Evacuee 297 in triage category G is not assigned a helicopter
3615,643,evacuee,,Evacuee;297;in triage state;G;is at the FOL
3615,994,evacuee,outFOL,Evacuee 304 in triage category G is not assigned a helicopter
3615,994,evacuee,,Evacuee;304;in triage state;G;is at the FOL
3615,1133,helicopter,,Helicopter;2;is returning to the FOL;;and has;10;spots taken
3615,1200,evacuee,outFOL,Evacuee 308 in triage category G is not assigned a helicopter
3615,1200,evacuee,,Evacuee;308;in triage state;G;is at the FOL
3615,227,FOL,,;EvacueeID;5;Triage Status;G;EvacueeID;6;Triage Status;G;EvacueeID;7;Triage Status;G;EvacueeID;9;Triage Status;G;EvacueeID;16;Triage Status;G;EvacueeID;19;Triage Status;G;EvacueeID;20;Triage Status;G;EvacueeID;25;Triage Status;G;EvacueeID;28;Triage Status;G;EvacueeID;32;Triage Status;G;EvacueeID;34;Triage Status;G;EvacueeID;35;Triage Status;G;EvacueeID;40;Triage Status;G;EvacueeID;41;Triage Status;G;EvacueeID;44;Triage Status;G;EvacueeID;49;Triage Status;G;EvacueeID;50;Triage Status;G;EvacueeID;51;Triage Status;G;EvacueeID;52;Triage Status;G;EvacueeID;58;Triage Status;G;EvacueeID;61;Triage Status;G;EvacueeID;63;Triage Status;G;EvacueeID;64;Triage Status;G;EvacueeID;70;Triage Status;G;EvacueeID;73;Triage Status;G;EvacueeID;74;Triage Status;G;EvacueeID;76;Triage Status;G;EvacueeID;81;Triage Status;G;EvacueeID;83;Triage Status;G;EvacueeID;86;Triage Status;G;EvacueeID;87;Triage Status;G;EvacueeID;89;Triage Status;G;EvacueeID;90;Triage Status;G;EvacueeID;92;Triage Status;G;EvacueeID;94;Triage Status;G;EvacueeID;97;Triage Status;G;EvacueeID;102;Triage Status;G;EvacueeID;103;Triage Status;G;EvacueeID;104;Triage Status;G;EvacueeID;105;Triage Status;G;EvacueeID;107;Triage Status;G;EvacueeID;111;Triage Status;G;EvacueeID;116;Triage Status;G;EvacueeID;117;Triage Status;G;EvacueeID;118;Triage Status;G;EvacueeID;119;Triage Status;G;EvacueeID;120;Triage Status;G;EvacueeID;124;Triage Status;G;EvacueeID;126;Triage Status;G;EvacueeID;127;Triage Status;G;EvacueeID;128;Triage Status;G;EvacueeID;129;Triage Status;G;EvacueeID;131;Triage Status;G;EvacueeID;134;Triage Status;G;EvacueeID;137;Triage Status;G;EvacueeID;138;Triage Status;G;EvacueeID;150;Triage Status;G;EvacueeID;154;Triage Status;G;EvacueeID;155;Triage Status;G;EvacueeID;157;Triage Status;G;EvacueeID;160;Triage Status;G;EvacueeID;162;Triage Status;G;EvacueeID;163;Triage Status;G;EvacueeID;166;Triage Status;G;EvacueeID;173;Triage Status;G;EvacueeID;180;Triage Status;G;EvacueeID;181;Triage Status;G;EvacueeID;182;Triage Status;G;EvacueeID;183;Triage Status;G;EvacueeID;184;Triage Status;G;EvacueeID;185;Triage Status;G;EvacueeID;186;Triage Status;G;EvacueeID;192;Triage Status;G;EvacueeID;199;Triage Status;G;EvacueeID;203;Triage Status;G;EvacueeID;204;Triage Status;G;EvacueeID;205;Triage Status;G;EvacueeID;206;Triage Status;G;EvacueeID;217;Triage Status;G;EvacueeID;227;Triage Status;G;EvacueeID;232;Triage Status;G;EvacueeID;233;Triage Status;G;EvacueeID;234;Triage Status;G;EvacueeID;235;Triage Status;G;EvacueeID;236;Triage Status;G;EvacueeID;237;Triage Status;G;EvacueeID;245;Triage Status;G;EvacueeID;250;Triage Status;G;EvacueeID;251;Triage Status;G;EvacueeID;266;Triage Status;G;EvacueeID;267;Triage Status;G;EvacueeID;269;Triage Status;G;EvacueeID;273;Triage Status;G;EvacueeID;274;Triage Status;G;EvacueeID;275;Triage Status;G;EvacueeID;277;Triage Status;G;EvacueeID;278;Triage Status;G;EvacueeID;279;Triage Status;G;EvacueeID;285;Triage Status;G;EvacueeID;293;Triage Status;G;EvacueeID;295;Triage Status;G;EvacueeID;297;Triage Status;G;EvacueeID;303;Triage Status;G;EvacueeID;304;Triage Status;G;EvacueeID;305;Triage Status;G;EvacueeID;306;Triage Status;G;EvacueeID;308;Triage Status;G;EvacueeID;309;Triage Status;G;EvacueeID;310;Triage Status;G;EvacueeID;315;Triage Status;G;Lives Saved;110
3630,574,helicopter,,Helicopter;5;Is going to the evacuation site;;and has;0;spots taken
3635.64,3,evacueeManager,,OFF SHIP: White;0;Green;4;Yellow;18;Red;3;Black;335;ON SHIP: White;0;Green;0;Yellow;0;Red;0;Evacuees to Transfer;
3635.64,348,evacuee,outES,Evacuee 312 in triage category R is not assigned a helicopter
3635.64,348,evacuee,,Evacuee;312;in triage state;B;is at the evacuation site
3658.18,3,evacueeManager,,OFF SHIP: White;0;Green;3;Yellow;19;Red;3;Black;335;ON SHIP: White;0;Green;0;Yellow;0;Red;0;Evacuees to Transfer;
3658.18,78,evacuee,outES,Evacuee 458 in triage category G is not assigned a helicopter
3658.18,78,evacuee,,Evacuee;458;in triage state;Y;is at the evacuation site
3660,5,helicopterQueue,,1;Helos are waiting to land;HeloID;3
3660,109,helicopter,outES,Helicopter 3 is evacuating people3
3660,109,helicopter,,Helicopter;3;is waiting to land at the evacuation site;;and has;0;spots taken
3660,4,helipadManager,,;No helos are at ES
3660,5,helicopterQueue,outHM,Helicopter 3 is evacuating people3
3660,5,helicopterQueue,outHelo,Helicopter 3 is evacuating people3
3660,5,helicopterQueue,,;No helos are waiting to land
3660,8,filterES,,
3660,108,filterES,,Helicopter;3;is evacuating people
3660,293,filterES,,
3660,573,filterES,,
3660,1132,filterES,,
3660,1172,filterES,,
3660,3,evacueeManager,,OFF SHIP: White;0;Green;0;Yellow;19;Red;1;Black;335;ON SHIP: White;0;Green;0;Yellow;0;Red;0;Evacuees to Transfer;;EvacueeID;453;HeloID;3;OnShip;0;Triage Status;G;EvacueeID;455;HeloID;3;OnShip;0;Triage Status;G;EvacueeID;456;HeloID;3;OnShip;0;Triage Status;G;EvacueeID;338;HeloID;3;OnShip;0;Triage Status;R;EvacueeID;408;HeloID;3;OnShip;0;Triage Status;R
3660,4,helipadManager,outEM,Helicopter 3 is evacuating people3
3660,4,helipadManager,,Helo;3;is at the ES
3660,108,filterES,out,Helicopter 3 is evacuating people3
3660,108,filterES,,
3660,109,helicopter,,Helicopter;3;is waiting to land at the evacuation site;;and has;0;spots taken
3660,3,evacueeManager,outEvac,Evacuee 453 in triage category G is assigned helicopter 3
3660,3,evacueeManager,outEvac,Evacuee 455 in triage category G is assigned helicopter 3
3660,3,evacueeManager,outEvac,Evacuee 456 in triage category G is assigned helicopter 3
3660,3,evacueeManager,outEvac,Evacuee 338 in triage category R is assigned helicopter 3
3660,3,evacueeManager,outEvac,Evacuee 408 in triage category R is assigned helicopter 3
3660,3,evacueeManager,,OFF SHIP: White;0;Green;0;Yellow;19;Red;1;Black;335;ON SHIP: White;0;Green;0;Yellow;0;Red;0;Evacuees to Transfer;
3660,11,filterLoc,,
3660,14,filterLoc,,
3660,17,filterLoc,,
3660,20,filterLoc,,
3660,23,filterLoc,,
3660,26,filterLoc,,
3660,29,filterLoc,,
3660,32,filterLoc,,
3660,35,filterLoc,,
3660,38,filterLoc,,
3660,41,filterLoc,,
3660,44,filterLoc,,
3660,47,filterLoc,,
3660,50,filterLoc,,
3660,53,filterLoc,,
3660,56,filterLoc,,
3660,59,filterLoc,,
3660,62,filterLoc,,
3660,65,filterLoc,,
3660,68,filterLoc,,
3660,71,filterLoc,,
3660,74,filterLoc,,
3660,77,filterLoc,,
3660,80,filterLoc,,;Evacuee;456;in triage category;G;is entering helicopter;3
3660,83,filterLoc,,;Evacuee;455;in triage category;G;is entering helicopter;3
3660,86,filterLoc,,
3660,89,filterLoc,,
3660,92,filterLoc,,
3660,95,filterLoc,,
3660,98,filterLoc,,
3660,101,filterLoc,,
3660,104,filterLoc,,
3660,109,helicopter,,Helicopter;3;is loading people at the evacuation site;;and has;0;spots taken
3660,111,filterLoc,,
3660,114,filterLoc,,
3660,117,filterLoc,,
3660,120,filterLoc,,
3660,123,filterLoc,,
3660,126,filterLoc,,
3660,129,filterLoc,,
3660,132,filterLoc,,
3660,135,filterLoc,,
3660,138,filterLoc,,
3660,141,filterLoc,,
3660,144,filterLoc,,;Evacuee;408;in triage category;R;is entering helicopter;3
3660,147,filterLoc,,
3660,150,filterLoc,,
3660,153,filterLoc,,
3660,156,filterLoc,,
3660,159,filterLoc,,
3660,162,filterLoc,,
3660,165,filterLoc,,
3660,168,filterLoc,,
3660,171,filterLoc,,
3660,174,filterLoc,,
3660,177,filterLoc,,
3660,180,filterLoc,,
3660,183,filterLoc,,
3660,186,filterLoc,,
3660,189,filterLoc,,
3660,192,filterLoc,,
3660,195,filterLoc,,
3660,198,filterLoc,,
3660,201,filterLoc,,
3660,204,filterLoc,,
3660,207,filterLoc,,
3660,210,filterLoc,,
3660,213,filterLoc,,
3660,216,filterLoc,,
3660,219,filterLoc,,
3660,222,filterLoc,,
3660,225,filterLoc,,
3660,229,filterLoc,,
3660,232,filterLoc,,
3660,235,filterLoc,,
3660,238,filterLoc,,
3660,241,filterLoc,,
3660,244,filterLoc,,
3660,247,filterLoc,,
3660,250,filterLoc,,
3660,253,filterLoc,,
3660,256,filterLoc,,
3660,259,filterLoc,,
3660,262,filterLoc,,
3660,265,filterLoc,,
3660,268,filterLoc,,
3660,271,filterLoc,,
3660,274,filterLoc,,
3660,277,filterLoc,,;Evacuee;338;in triage category;R;is entering helicopter;3
3660,280,filterLoc,,
3660,283,filterLoc,,
3660,286,filterLoc,,
3660,289,filterLoc,,
3660,296,filterLoc,,
3660,299,filterLoc,,
3660,302,filterLoc,,
3660,305,filterLoc,,
3660,308,filterLoc,,
3660,311,filterLoc,,
3660,314,filterLoc,,
3660,317,filterLoc,,
3660,320,filterLoc,,
3660,323,filterLoc,,
3660,326,filterLoc,,
3660,329,filterLoc,,
3660,332,filterLoc,,
3660,335,filterLoc,,
3660,338,filterLoc,,
3660,341,filterLoc,,
3660,344,filterLoc,,
3660,347,filterLoc,,
3660,350,filterLoc,,
3660,353,filterLoc,,
3660,356,filterLoc,,
3660,359,filterLoc,,
3660,362,filterLoc,,
3660,365,filterLoc,,
3660,368,filterLoc,,
3660,371,filterLoc,,
3660,374,filterLoc,,
3660,377,filterLoc,,
3660,380,filterLoc,,
3660,383,filterLoc,,
3660,386,filterLoc,,
3660,389,filterLoc,,
3660,392,filterLoc,,
3660,395,filterLoc,,
3660,398,filterLoc,,
3660,401,filterLoc,,
3660,404,filterLoc,,
3660,407,filterLoc,,
3660,410,filterLoc,,
3660,413,filterLoc,,
3660,416,filterLoc,,
3660,419,filterLoc,,
3660,422,filterLoc,,
3660,425,filterLoc,,
3660,428,filterLoc,,
3660,431,filterLoc,,
3660,434,filterLoc,,
3660,437,filterLoc,,
3660,440,filterLoc,,
3660,443,filterLoc,,
3660,446,filterLoc,,
3660,449,filterLoc,,
3660,452,filterLoc,,
3660,455,filterLoc,,
3660,458,filterLoc,,
3660,461,filterLoc,,
3660,464,filterLoc,,
3660,467,filterLoc,,
3660,470,filterLoc,,
3660,473,filterLoc,,
3660,476,filterLoc,,
3660,479,filterLoc,,
3660,482,filterLoc,,
3660,485,filterLoc,,
3660,488,filterLoc,,
3660,491,filterLoc,,
3660,494,filterLoc,,
3660,497,filterLoc,,
3660,500,filterLoc,,
3660,503,filterLoc,,
3660,506,filterLoc,,
3660,509,filterLoc,,
3660,512,filterLoc,,
3660,515,filterLoc,,
3660,518,filterLoc,,
3660,521,filterLoc,,
3660,524,filterLoc,,
3660,527,filterLoc,,
3660,530,filterLoc,,
3660,533,filterLoc,,
3660,536,filterLoc,,
3660,539,filterLoc,,
3660,542,filterLoc,,
3660,545,filterLoc,,
3660,548,filterLoc,,
3660,551,filterLoc,,
3660,554,filterLoc,,
3660,557,filterLoc,,
3660,560,filterLoc,,
3660,563,filterLoc,,
3660,566,filterLoc,,
3660,569,filterLoc,,
3660,576,filterLoc,,
3660,579,filterLoc,,
3660,582,filterLoc,,
3660,585,filterLoc,,
3660,588,filterLoc,,
3660,591,filterLoc,,
3660,594,filterLoc,,
3660,597,filterLoc,,
3660,600,filterLoc,,
3660,603,filterLoc,,
3660,606,filterLoc,,
3660,609,filterLoc,,
3660,612,filterLoc,,
3660,615,filterLoc,,
3660,618,filterLoc,,
3660,621,filterLoc,,
3660,624,filterLoc,,
3660,627,filterLoc,,
3660,630,filterLoc,,
3660,633,filterLoc,,
3660,636,filterLoc,,
3660,639,filterLoc,,
3660,642,filterLoc,,
3660,645,filterLoc,,
3660,648,filterLoc,,
3660,651,filterLoc,,
3660,654,filterLoc,,
3660,657,filterLoc,,
3660,660,filterLoc,,
3660,663,filterLoc,,
3660,666,filterLoc,,
3660,669,filterLoc,,
3660,672,filterLoc,,
3660,675,filterLoc,,
3660,678,filterLoc,,
3660,681,filterLoc,,
3660,684,filterLoc,,
3660,687,filterLoc,,
3660,690,filterLoc,,
3660,693,filterLoc,,
3660,696,filterLoc,,
3660,699,filterLoc,,
3660,702,filterLoc,,
3660,705,filterLoc,,
3660,708,filterLoc,,
3660,711,filterLoc,,
3660,714,filterLoc,,
3660,717,filterLoc,,
3660,720,filterLoc,,
3660,723,filterLoc,,
3660,726,filterLoc,,
3660,729,filterLoc,,
3660,732,filterLoc,,
3660,735,filterLoc,,
3660,738,filterLoc,,
3660,741,filterLoc,,
3660,744,filterLoc,,
3660,747,filterLoc,,
3660,750,filterLoc,,
3660,753,filterLoc,,
3660,756,filterLoc,,
3660,759,filterLoc,,
3660,762,filterLoc,,
3660,765,filterLoc,,
3660,768,filterLoc,,
3660,771,filterLoc,,
3660,774,filterLoc,,
3660,777,filterLoc,,
3660,780,filterLoc,,
3660,783,filterLoc,,
3660,786,filterLoc,,
3660,789,filterLoc,,
3660,792,filterLoc,,
3660,795,filterLoc,,
3660,798,filterLoc,,
3660,801,filterLoc,,
3660,804,filterLoc,,
3660,807,filterLoc,,
3660,810,filterLoc,,
3660,813,filterLoc,,
3660,816,filterLoc,,
3660,819,filterLoc,,
3660,822,filterLoc,,
3660,825,filterLoc,,
3660,828,filterLoc,,
3660,831,filterLoc,,
3660,834,filterLoc,,
3660,837,filterLoc,,
3660,840,filterLoc,,
3660,843,filterLoc,,
3660,846,filterLoc,,
3660,849,filterLoc,,;Evacuee;453;in triage category;G;is entering helicopter;3
3660,852,filterLoc,,
3660,855,filterLoc,,
3660,858,filterLoc,,
3660,861,filterLoc,,
3660,864,filterLoc,,
3660,867,filterLoc,,
3660,870,filterLoc,,
3660,873,filterLoc,,
3660,876,filterLoc,,
3660,879,filterLoc,,
3660,882,filterLoc,,
3660,885,filterLoc,,
3660,888,filterLoc,,
3660,891,filterLoc,,
3660,894,filterLoc,,
3660,897,filterLoc,,
3660,900,filterLoc,,
3660,903,filterLoc,,
3660,906,filterLoc,,
3660,909,filterLoc,,
3660,912,filterLoc,,
3660,915,filterLoc,,
3660,918,filterLoc,,
3660,921,filterLoc,,
3660,924,filterLoc,,
3660,927,filterLoc,,
3660,930,filterLoc,,
3660,933,filterLoc,,
3660,936,filterLoc,,
3660,939,filterLoc,,
3660,942,filterLoc,,
3660,945,filterLoc,,
3660,948,filterLoc,,
3660,951,filterLoc,,
3660,954,filterLoc,,
3660,957,filterLoc,,
3660,960,filterLoc,,
3660,963,filterLoc,,
3660,966,filterLoc,,
3660,969,filterLoc,,
3660,972,filterLoc,,
3660,975,filterLoc,,
3660,978,filterLoc,,
3660,981,filterLoc,,
3660,984,filterLoc,,
3660,987,filterLoc,,
3660,990,filterLoc,,
3660,993,filterLoc,,
3660,996,filterLoc,,
3660,999,filterLoc,,
3660,1002,filterLoc,,
3660,1005,filterLoc,,
3660,1008,filterLoc,,
3660,1011,filterLoc,,
3660,1014,filterLoc,,
3660,1017,filterLoc,,
3660,1020,filterLoc,,
3660,1023,filterLoc,,
3660,1026,filterLoc,,
3660,1029,filterLoc,,
3660,1032,filterLoc,,
3660,1035,filterLoc,,
3660,1038,filterLoc,,
3660,1041,filterLoc,,
3660,1044,filterLoc,,
3660,1047,filterLoc,,
3660,1050,filterLoc,,
3660,1053,filterLoc,,
3660,1056,filterLoc,,
3660,1059,filterLoc,,
3660,1062,filterLoc,,
3660,1065,filterLoc,,
3660,1068,filterLoc,,
3660,1071,filterLoc,,
3660,1074,filterLoc,,
3660,1077,filterLoc,,
3660,1080,filterLoc,,
3660,1083,filterLoc,,
3660,1086,filterLoc,,
3660,1089,filterLoc,,
3660,1092,filterLoc,,
3660,1095,filterLoc,,
3660,1098,filterLoc,,
3660,1101,filterLoc,,
3660,1104,filterLoc,,
3660,1107,filterLoc,,
3660,1110,filterLoc,,
3660,1113,filterLoc,,
3660,1116,filterLoc,,
3660,1119,filterLoc,,
3660,1122,filterLoc,,
3660,1125,filterLoc,,
3660,1128,filterLoc,,
3660,1135,filterLoc,,
3660,1138,filterLoc,,
3660,1141,filterLoc,,
3660,1144,filterLoc,,
3660,1147,filterLoc,,
3660,1150,filterLoc,,
3660,1153,filterLoc,,
3660,1156,filterLoc,,
3660,1159,filterLoc,,
3660,1162,filterLoc,,
3660,1165,filterLoc,,
3660,1168,filterLoc,,
3660,1175,filterLoc,,
3660,1178,filterLoc,,
3660,1181,filterLoc,,
3660,1184,filterLoc,,
3660,1187,filterLoc,,
3660,1190,filterLoc,,
3660,1193,filterLoc,,
3660,1196,filterLoc,,
3660,1199,filterLoc,,
3660,1202,filterLoc,,
3660,1205,filterLoc,,
3660,1208,filterLoc,,
3660,1211,filterLoc,,
3660,1214,filterLoc,,
3660,1217,filterLoc,,
3660,1220,filterLoc,,
3660,1223,filterLoc,,
3660,1226,filterLoc,,
3660,1229,filterLoc,,
3660,1232,filterLoc,,
3660,1235,filterLoc,,
3660,1238,filterLoc,,
3660,1241,filterLoc,,
3660,1244,filterLoc,,
3660,1247,filterLoc,,
3660,1250,filterLoc,,
3660,1253,filterLoc,,
3660,1256,filterLoc,,
3660,1259,filterLoc,,
3660,1262,filterLoc,,
3660,1265,filterLoc,,
3660,1268,filterLoc,,
3660,1271,filterLoc,,
3660,1274,filterLoc,,
3660,1277,filterLoc,,
3660,1280,filterLoc,,
3660,1283,filterLoc,,
3660,1286,filterLoc,,
3660,1289,filterLoc,,
3660,1292,filterLoc,,
3660,1295,filterLoc,,
3660,1298,filterLoc,,
3660,1301,filterLoc,,
3660,1304,filterLoc,,
3660,1307,filterLoc,,
3660,1310,filterLoc,,
3660,1313,filterLoc,,
3660,1316,filterLoc,,
3660,1319,filterLoc,,
3660,1322,filterLoc,,
3660,1325,filterLoc,,
3660,1328,filterLoc,,
3660,1331,filterLoc,,
3660,1334,filterLoc,,
3660,1337,filterLoc,,
3660,1340,filterLoc,,
3660,1343,filterLoc,,
3660,1346,filterLoc,,
3660,1349,filterLoc,,
3660,1352,filterLoc,,
3660,1355,filterLoc,,
3660,1358,filterLoc,,
3660,1361,filterLoc,,
3660,1364,filterLoc,,
3660,1367,filterLoc,,
3660,1370,filterLoc,,
3660,1373,filterLoc,,
3660,1376,filterLoc,,
3660,1379,filterLoc,,
3660,1382,filterLoc,,
3660,1385,filterLoc,,
3660,1388,filterLoc,,
3660,1391,filterLoc,,
3660,1394,filterLoc,,
3660,1397,filterLoc,,
3660,1400,filterLoc,,
3660,1403,filterLoc,,
3660,1406,filterLoc,,
3660,1409,filterLoc,,
3660,1412,filterLoc,,
3660,1415,filterLoc,,
3660,1418,filterLoc,,
3660,1421,filterLoc,,
3660,1424,filterLoc,,
3660,1427,filterLoc,,
3660,1430,filterLoc,,
3660,1433,filterLoc,,
3660,1436,filterLoc,,
3660,1439,filterLoc,,
3660,1442,filterLoc,,
3660,1445,filterLoc,,
3660,1448,filterLoc,,
3660,1451,filterLoc,,
3660,1454,filterLoc,,
3660,1457,filterLoc,,
3660,1460,filterLoc,,
3660,1463,filterLoc,,
3660,1466,filterLoc,,
3660,1469,filterLoc,,
3660,1472,filterLoc,,
3660,1475,filterLoc,,
3660,1478,filterLoc,,
3660,1481,filterLoc,,
3660,1484,filterLoc,,
3660,1487,filterLoc,,
3660,1490,filterLoc,,
3660,1493,filterLoc,,
3660,1496,filterLoc,,
3660,1499,filterLoc,,
3660,1502,filterLoc,,
3660,1505,filterLoc,,
3660,1508,filterLoc,,
3660,1511,filterLoc,,
3660,1514,filterLoc,,
3660,1517,filterLoc,,
3660,1520,filterLoc,,
3660,1523,filterLoc,,
3660,1526,filterLoc,,
3660,1529,filterLoc,,
3660,80,filterLoc,out,Evacuee 456 in triage category G is assigned helicopter 3
3660,80,filterLoc,,
3660,81,evacuee,,Evacuee;456;in triage state;G;is entering helicopter;3
3660,83,filterLoc,out,Evacuee 455 in triage category G is assigned helicopter 3
3660,83,filterLoc,,
3660,84,evacuee,,Evacuee;455;in triage state;G;is entering helicopter;3
3660,144,filterLoc,out,Evacuee 408 in triage category R is assigned helicopter 3
3660,144,filterLoc,,
3660,145,evacuee,,Evacuee;408;in triage state;R;is entering helicopter;3
3660,277,filterLoc,out,Evacuee 338 in triage category R is assigned helicopter 3
3660,277,filterLoc,,
3660,278,evacuee,,Evacuee;338;in triage state;R;is entering helicopter;3
3660,849,filterLoc,out,Evacuee 453 in triage category G is assigned helicopter 3
3660,849,filterLoc,,
3660,850,evacuee,,Evacuee;453;in triage state;G;is entering helicopter;3
3660,7,filterEvac,,
3660,81,evacuee,outHelo,Evacuee 456 in triage category G is assigned helicopter 3
3660,81,evacuee,,Evacuee;456;in triage state;G;is in helicopter;3
3660,84,evacuee,outHelo,Evacuee 455 in triage category G is assigned helicopter 3
3660,84,evacuee,,Evacuee;455;in triage state;G;is in helicopter;3
3660,107,filterEvac,,;Evacuee;338;in triage category;R;is entering helicopter;3;Evacuee;408;in triage category;R;is entering helicopter;3;Evacuee;453;in triage category;G;is entering helicopter;3;Evacuee;455;in triage category;G;is entering helicopter;3;Evacuee;456;in triage category;G;is entering helicopter;3
3660,145,evacuee,outHelo,Evacuee 408 in triage category R is assigned helicopter 3
3660,145,evacuee,,Evacuee;408;in triage state;R;is in helicopter;3
3660,278,evacuee,outHelo,Evacuee 338 in triage category R is assigned helicopter 3
3660,278,evacuee,,Evacuee;338;in triage state;R;is in helicopter;3
3660,292,filterEvac,,
3660,572,filterEvac,,
3660,850,evacuee,outHelo,Evacuee 453 in triage category G is assigned helicopter 3
3660,850,evacuee,,Evacuee;453;in triage state;G;is in helicopter;3
3660,1131,filterEvac,,
3660,1171,filterEvac,,
3660,107,filterEvac,out,Evacuee 338 in triage category R is assigned helicopter 3
3660,107,filterEvac,out,Evacuee 408 in triage category R is assigned helicopter 3
3660,107,filterEvac,out,Evacuee 453 in triage category G is assigned helicopter 3
3660,107,filterEvac,out,Evacuee 455 in triage category G is assigned helicopter 3
3660,107,filterEvac,out,Evacuee 456 in triage category G is assigned helicopter 3
3660,107,filterEvac,,
3660,109,helicopter,,Helicopter;3;is loading people at the evacuation site;;and has;9;spots taken
3660.02,3,evacueeManager,,OFF SHIP: White;0;Green;0;Yellow;18;Red;2;Black;335;ON SHIP: White;0;Green;0;Yellow;0;Red;0;Evacuees to Transfer;
3660.02,555,evacuee,outES,Evacuee 148 in triage category Y is not assigned a helicopter
3660.02,555,evacuee,,Evacuee;148;in triage state;R;is at the evacuation site
3675,4,helipadManager,outHelo,Helicopter 3 is evacuating people3
3675,4,helipadManager,,;No helos are at ES
3675,8,filterES,,
3675,9,helicopter,outEvac,Evacuee 320 in triage category G is not assigned a helicopter
3675,9,helicopter,outEvac,Evacuee 323 in triage category G is not assigned a helicopter
3675,9,helicopter,outEvac,Evacuee 327 in triage category G is not assigned a helicopter
3675,9,helicopter,outEvac,Evacuee 328 in triage category G is not assigned a helicopter
3675,9,helicopter,outEvac,Evacuee 330 in triage category G is not assigned a helicopter
3675,9,helicopter,outEvac,Evacuee 331 in triage category G is not assigned a helicopter
3675,9,helicopter,outEvac,Evacuee 334 in triage category G is not assigned a helicopter
3675,9,helicopter,outEvac,Evacuee 335 in triage category G is not assigned a helicopter
3675,9,helicopter,outEvac,Evacuee 337 in triage category G is not assigned a helicopter
3675,9,helicopter,outEvac,Evacuee 352 in triage category G is not assigned a helicopter
3675,9,helicopter,,Helicopter;6;is unloading people at the FOL;;and has;0;spots taken
3675,11,filterLoc,,
3675,14,filterLoc,,
3675,17,filterLoc,,
3675,20,filterLoc,,
3675,23,filterLoc,,
3675,26,filterLoc,,
3675,29,filterLoc,,
3675,32,filterLoc,,
3675,35,filterLoc,,
3675,38,filterLoc,,
3675,41,filterLoc,,
3675,44,filterLoc,,
3675,47,filterLoc,,
3675,50,filterLoc,,
3675,53,filterLoc,,
3675,56,filterLoc,,
3675,59,filterLoc,,
3675,62,filterLoc,,
3675,65,filterLoc,,
3675,68,filterLoc,,
3675,71,filterLoc,,
3675,74,filterLoc,,
3675,77,filterLoc,,
3675,80,filterLoc,,
3675,83,filterLoc,,
3675,86,filterLoc,,
3675,89,filterLoc,,
3675,92,filterLoc,,
3675,95,filterLoc,,
3675,98,filterLoc,,
3675,101,filterLoc,,
3675,104,filterLoc,,
3675,108,filterES,,Helicopter;3;is evacuating people
3675,111,filterLoc,,
3675,114,filterLoc,,
3675,117,filterLoc,,
3675,120,filterLoc,,
3675,123,filterLoc,,
3675,126,filterLoc,,
3675,129,filterLoc,,
3675,132,filterLoc,,
3675,135,filterLoc,,
3675,138,filterLoc,,
3675,141,filterLoc,,
3675,144,filterLoc,,
3675,147,filterLoc,,
3675,150,filterLoc,,
3675,153,filterLoc,,
3675,156,filterLoc,,
3675,159,filterLoc,,
3675,162,filterLoc,,
3675,165,filterLoc,,
3675,168,filterLoc,,
3675,171,filterLoc,,
3675,174,filterLoc,,
3675,177,filterLoc,,
3675,180,filterLoc,,
3675,183,filterLoc,,
3675,186,filterLoc,,
3675,189,filterLoc,,
3675,192,filterLoc,,
3675,195,filterLoc,,
3675,198,filterLoc,,
3675,201,filterLoc,,
3675,204,filterLoc,,
3675,207,filterLoc,,
3675,210,filterLoc,,
3675,213,filterLoc,,
3675,216,filterLoc,,
3675,219,filterLoc,,
3675,222,filterLoc,,
3675,225,filterLoc,,
3675,229,filterLoc,,
3675,232,filterLoc,,
3675,235,filterLoc,,
3675,238,filterLoc,,
3675,241,filterLoc,,
3675,244,filterLoc,,
3675,247,filterLoc,,
3675,250,filterLoc,,
3675,253,filterLoc,,
3675,256,filterLoc,,
3675,259,filterLoc,,
3675,262,filterLoc,,
3675,265,filterLoc,,
3675,268,filterLoc,,
3675,271,filterLoc,,
3675,274,filterLoc,,
3675,277,filterLoc,,
3675,280,filterLoc,,;Evacuee;335;in triage category;G;is leaving helicopter;6
3675,283,filterLoc,,;Evacuee;331;in triage category;G;is leaving helicopter;6
3675,286,filterLoc,,
3675,289,filterLoc,,;Evacuee;330;in triage category;G;is leaving helicopter;6
3675,293,filterES,,
3675,296,filterLoc,,;Evacuee;328;in triage category;G;is leaving helicopter;6
3675,299,filterLoc,,;Evacuee;327;in triage category;G;is leaving helicopter;6
3675,302,filterLoc,,
3675,305,filterLoc,,
3675,308,filterLoc,,
3675,311,filterLoc,,
3675,314,filterLoc,,
3675,317,filterLoc,,
3675,320,filterLoc,,
3675,323,filterLoc,,
3675,326,filterLoc,,
3675,329,filterLoc,,
3675,332,filterLoc,,
3675,335,filterLoc,,
3675,338,filterLoc,,
3675,341,filterLoc,,
3675,344,filterLoc,,
3675,347,filterLoc,,
3675,350,filterLoc,,
3675,353,filterLoc,,
3675,356,filterLoc,,
3675,359,filterLoc,,
3675,362,filterLoc,,
3675,365,filterLoc,,;Evacuee;352;in triage category;G;is leaving helicopter;6
3675,368,filterLoc,,
3675,371,filterLoc,,
3675,374,filterLoc,,
3675,377,filterLoc,,
3675,380,filterLoc,,
3675,383,filterLoc,,
3675,386,filterLoc,,
3675,389,filterLoc,,
3675,392,filterLoc,,
3675,395,filterLoc,,
3675,398,filterLoc,,
3675,401,filterLoc,,
3675,404,filterLoc,,
3675,407,filterLoc,,
3675,410,filterLoc,,
3675,413,filterLoc,,
3675,416,filterLoc,,
3675,419,filterLoc,,
3675,422,filterLoc,,
3675,425,filterLoc,,
3675,428,filterLoc,,
3675,431,filterLoc,,
3675,434,filterLoc,,
3675,437,filterLoc,,;Evacuee;337;in triage category;G;is leaving helicopter;6
3675,440,filterLoc,,
3675,443,filterLoc,,
3675,446,filterLoc,,
3675,449,filterLoc,,
3675,452,filterLoc,,
3675,455,filterLoc,,
3675,458,filterLoc,,
3675,461,filterLoc,,
3675,464,filterLoc,,
3675,467,filterLoc,,
3675,470,filterLoc,,
3675,473,filterLoc,,
3675,476,filterLoc,,
3675,479,filterLoc,,
3675,482,filterLoc,,
3675,485,filterLoc,,
3675,488,filterLoc,,
3675,491,filterLoc,,
3675,494,filterLoc,,
3675,497,filterLoc,,
3675,500,filterLoc,,
3675,503,filterLoc,,
3675,506,filterLoc,,
3675,509,filterLoc,,
3675,512,filterLoc,,
3675,515,filterLoc,,
3675,518,filterLoc,,
3675,521,filterLoc,,
3675,524,filterLoc,,
3675,527,filterLoc,,
3675,530,filterLoc,,
3675,533,filterLoc,,
3675,536,filterLoc,,
3675,539,filterLoc,,
3675,542,filterLoc,,
3675,545,filterLoc,,
3675,548,filterLoc,,
3675,551,filterLoc,,
3675,554,filterLoc,,
3675,557,filterLoc,,
3675,560,filterLoc,,
3675,563,filterLoc,,
3675,566,filterLoc,,
3675,569,filterLoc,,
3675,573,filterES,,
3675,576,filterLoc,,
3675,579,filterLoc,,
3675,582,filterLoc,,
3675,585,filterLoc,,
3675,588,filterLoc,,
3675,591,filterLoc,,
3675,594,filterLoc,,
3675,597,filterLoc,,
3675,600,filterLoc,,
3675,603,filterLoc,,
3675,606,filterLoc,,
3675,609,filterLoc,,
3675,612,filterLoc,,
3675,615,filterLoc,,
3675,618,filterLoc,,
3675,621,filterLoc,,
3675,624,filterLoc,,
3675,627,filterLoc,,
3675,630,filterLoc,,
3675,633,filterLoc,,
3675,636,filterLoc,,
3675,639,filterLoc,,
3675,642,filterLoc,,
3675,645,filterLoc,,
3675,648,filterLoc,,
3675,651,filterLoc,,
3675,654,filterLoc,,
3675,657,filterLoc,,
3675,660,filterLoc,,
3675,663,filterLoc,,
3675,666,filterLoc,,
3675,669,filterLoc,,
3675,672,filterLoc,,
3675,675,filterLoc,,
3675,678,filterLoc,,
3675,681,filterLoc,,
3675,684,filterLoc,,
3675,687,filterLoc,,
3675,690,filterLoc,,
3675,693,filterLoc,,
3675,696,filterLoc,,
3675,699,filterLoc,,
3675,702,filterLoc,,
3675,705,filterLoc,,
3675,708,filterLoc,,
3675,711,filterLoc,,
3675,714,filterLoc,,
3675,717,filterLoc,,
3675,720,filterLoc,,
3675,723,filterLoc,,
3675,726,filterLoc,,
3675,729,filterLoc,,
3675,732,filterLoc,,
3675,735,filterLoc,,
3675,738,filterLoc,,
3675,741,filterLoc,,
3675,744,filterLoc,,
3675,747,filterLoc,,
3675,750,filterLoc,,
3675,753,filterLoc,,
3675,756,filterLoc,,
3675,759,filterLoc,,
3675,762,filterLoc,,
3675,765,filterLoc,,
3675,768,filterLoc,,
3675,771,filterLoc,,
3675,774,filterLoc,,;Evacuee;334;in triage category;G;is leaving helicopter;6
3675,777,filterLoc,,
3675,780,filterLoc,,
3675,783,filterLoc,,
3675,786,filterLoc,,
3675,789,filterLoc,,
3675,792,filterLoc,,
3675,795,filterLoc,,
3675,798,filterLoc,,
3675,801,filterLoc,,
3675,804,filterLoc,,
3675,807,filterLoc,,
3675,810,filterLoc,,
3675,813,filterLoc,,
3675,816,filterLoc,,
3675,819,filterLoc,,
3675,822,filterLoc,,
3675,825,filterLoc,,
3675,828,filterLoc,,
3675,831,filterLoc,,
3675,834,filterLoc,,
3675,837,filterLoc,,
3675,840,filterLoc,,
3675,843,filterLoc,,
3675,846,filterLoc,,
3675,849,filterLoc,,
3675,852,filterLoc,,
3675,855,filterLoc,,
3675,858,filterLoc,,
3675,861,filterLoc,,
3675,864,filterLoc,,
3675,867,filterLoc,,
3675,870,filterLoc,,
3675,873,filterLoc,,
3675,876,filterLoc,,
3675,879,filterLoc,,
3675,882,filterLoc,,
3675,885,filterLoc,,
3675,888,filterLoc,,
3675,891,filterLoc,,
3675,894,filterLoc,,
3675,897,filterLoc,,
3675,900,filterLoc,,
3675,903,filterLoc,,
3675,906,filterLoc,,
3675,909,filterLoc,,
3675,912,filterLoc,,
3675,915,filterLoc,,
3675,918,filterLoc,,
3675,921,filterLoc,,
3675,924,filterLoc,,
3675,927,filterLoc,,
3675,930,filterLoc,,
3675,933,filterLoc,,
3675,936,filterLoc,,
3675,939,filterLoc,,
3675,942,filterLoc,,
3675,945,filterLoc,,
3675,948,filterLoc,,
3675,951,filterLoc,,
3675,954,filterLoc,,
3675,957,filterLoc,,
3675,960,filterLoc,,
3675,963,filterLoc,,
3675,966,filterLoc,,
3675,969,filterLoc,,
3675,972,filterLoc,,
3675,975,filterLoc,,
3675,978,filterLoc,,;Evacuee;320;in triage category;G;is leaving helicopter;6
3675,981,filterLoc,,
3675,984,filterLoc,,
3675,987,filterLoc,,
3675,990,filterLoc,,
3675,993,filterLoc,,
3675,996,filterLoc,,
3675,999,filterLoc,,
3675,1002,filterLoc,,
3675,1005,filterLoc,,
3675,1008,filterLoc,,
3675,1011,filterLoc,,
3675,1014,filterLoc,,
3675,1017,filterLoc,,
3675,1020,filterLoc,,
3675,1023,filterLoc,,
3675,1026,filterLoc,,
3675,1029,filterLoc,,
3675,1032,filterLoc,,
3675,1035,filterLoc,,
3675,1038,filterLoc,,
3675,1041,filterLoc,,
3675,1044,filterLoc,,
3675,1047,filterLoc,,
3675,1050,filterLoc,,
3675,1053,filterLoc,,
3675,1056,filterLoc,,
3675,1059,filterLoc,,
3675,1062,filterLoc,,
3675,1065,filterLoc,,
3675,1068,filterLoc,,
3675,1071,filterLoc,,
3675,1074,filterLoc,,
3675,1077,filterLoc,,
3675,1080,filterLoc,,
3675,1083,filterLoc,,
3675,1086,filterLoc,,
3675,1089,filterLoc,,
3675,1092,filterLoc,,
3675,1095,filterLoc,,
3675,1098,filterLoc,,
3675,1101,filterLoc,,
3675,1104,filterLoc,,
3675,1107,filterLoc,,
3675,1110,filterLoc,,
3675,1113,filterLoc,,
3675,1116,filterLoc,,
3675,1119,filterLoc,,
3675,1122,filterLoc,,
3675,1125,filterLoc,,
3675,1128,filterLoc,,
3675,1132,filterES,,
3675,1135,filterLoc,,
3675,1138,filterLoc,,
3675,1141,filterLoc,,
3675,1144,filterLoc,,
3675,1147,filterLoc,,
3675,1150,filterLoc,,
3675,1153,filterLoc,,
3675,1156,filterLoc,,
3675,1159,filterLoc,,
3675,1162,filterLoc,,
3675,1165,filterLoc,,
3675,1168,filterLoc,,
3675,1172,filterES,,
3675,1175,filterLoc,,
3675,1178,filterLoc,,
3675,1181,filterLoc,,
3675,1184,filterLoc,,
3675,1187,filterLoc,,
3675,1190,filterLoc,,
3675,1193,filterLoc,,
3675,1196,filterLoc,,
3675,1199,filterLoc,,
3675,1202,filterLoc,,
3675,1205,filterLoc,,
3675,1208,filterLoc,,
3675,1211,filterLoc,,
3675,1214,filterLoc,,
3675,1217,filterLoc,,
3675,1220,filterLoc,,
3675,1223,filterLoc,,
3675,1226,filterLoc,,
3675,1229,filterLoc,,
3675,1232,filterLoc,,
3675,1235,filterLoc,,
3675,1238,filterLoc,,
3675,1241,filterLoc,,
3675,1244,filterLoc,,
3675,1247,filterLoc,,
3675,1250,filterLoc,,
3675,1253,filterLoc,,
3675,1256,filterLoc,,
3675,1259,filterLoc,,
3675,1262,filterLoc,,
3675,1265,filterLoc,,
3675,1268,filterLoc,,
3675,1271,filterLoc,,
3675,1274,filterLoc,,
3675,1277,filterLoc,,
3675,1280,filterLoc,,
3675,1283,filterLoc,,
3675,1286,filterLoc,,
3675,1289,filterLoc,,
3675,1292,filterLoc,,
3675,1295,filterLoc,,
3675,1298,filterLoc,,
3675,1301,filterLoc,,
3675,1304,filterLoc,,
3675,1307,filterLoc,,
3675,1310,filterLoc,,
3675,1313,filterLoc,,
3675,1316,filterLoc,,
3675,1319,filterLoc,,
3675,1322,filterLoc,,
3675,1325,filterLoc,,
3675,1328,filterLoc,,
3675,1331,filterLoc,,
3675,1334,filterLoc,,
3675,1337,filterLoc,,
3675,1340,filterLoc,,
3675,1343,filterLoc,,
3675,1346,filterLoc,,
3675,1349,filterLoc,,
3675,1352,filterLoc,,
3675,1355,filterLoc,,
3675,1358,filterLoc,,
3675,1361,filterLoc,,
3675,1364,filterLoc,,
3675,1367,filterLoc,,
3675,1370,filterLoc,,
3675,1373,filterLoc,,
3675,1376,filterLoc,,
3675,1379,filterLoc,,
3675,1382,filterLoc,,
3675,1385,filterLoc,,
3675,1388,filterLoc,,
3675,1391,filterLoc,,
3675,1394,filterLoc,,
3675,1397,filterLoc,,
3675,1400,filterLoc,,
3675,1403,filterLoc,,
3675,1406,filterLoc,,
3675,1409,filterLoc,,;Evacuee;323;in triage category;G;is leaving helicopter;6
3675,1412,filterLoc,,
3675,1415,filterLoc,,
3675,1418,filterLoc,,
3675,1421,filterLoc,,
3675,1424,filterLoc,,
3675,1427,filterLoc,,
3675,1430,filterLoc,,
3675,1433,filterLoc,,
3675,1436,filterLoc,,
3675,1439,filterLoc,,
3675,1442,filterLoc,,
3675,1445,filterLoc,,
3675,1448,filterLoc,,
3675,1451,filterLoc,,
3675,1454,filterLoc,,
3675,1457,filterLoc,,
3675,1460,filterLoc,,
3675,1463,filterLoc,,
3675,1466,filterLoc,,
3675,1469,filterLoc,,
3675,1472,filterLoc,,
3675,1475,filterLoc,,
3675,1478,filterLoc,,
3675,1481,filterLoc,,
3675,1484,filterLoc,,
3675,1487,filterLoc,,
3675,1490,filterLoc,,
3675,1493,filterLoc,,
3675,1496,filterLoc,,
3675,1499,filterLoc,,
3675,1502,filterLoc,,
3675,1505,filterLoc,,
3675,1508,filterLoc,,
3675,1511,filterLoc,,
3675,1514,filterLoc,,
3675,1517,filterLoc,,
3675,1520,filterLoc,,
3675,1523,filterLoc,,
3675,1526,filterLoc,,
3675,1529,filterLoc,,
3675,4,helipadManager,outHQ,0
3675,4,helipadManager,,;No helos are at ES
3675,5,helicopterQueue,,;No helos are waiting to land
3675,108,filterES,out,Helicopter 3 is evacuating people3
3675,108,filterES,,
3675,109,helicopter,,Helicopter;3;is loading people at the evacuation site;;and has;9;spots taken
3675,280,filterLoc,out,Evacuee 335 in triage category G is not assigned a helicopter
3675,280,filterLoc,,
3675,281,evacuee,,Evacuee;335;in triage state;G;is entering the FOL
3675,283,filterLoc,out,Evacuee 331 in triage category G is not assigned a helicopter
3675,283,filterLoc,,
3675,284,evacuee,,Evacuee;331;in triage state;G;is entering the FOL
3675,289,filterLoc,out,Evacuee 330 in triage category G is not assigned a helicopter
3675,289,filterLoc,,
3675,290,evacuee,,Evacuee;330;in triage state;G;is entering the FOL
3675,296,filterLoc,out,Evacuee 328 in triage category G is not assigned a helicopter
3675,296,filterLoc,,
3675,297,evacuee,,Evacuee;328;in triage state;G;is entering the FOL
3675,299,filterLoc,out,Evacuee 327 in triage category G is not assigned a helicopter
3675,299,filterLoc,,
3675,300,evacuee,,Evacuee;327;in triage state;G;is entering the FOL
3675,365,filterLoc,out,Evacuee 352 in triage category G is not assigned a helicopter
3675,365,filterLoc,,
3675,366,evacuee,,Evacuee;352;in triage state;G;is entering the FOL
3675,437,filterLoc,out,Evacuee 337 in triage category G is not assigned a helicopter
3675,437,filterLoc,,
3675,438,evacuee,,Evacuee;337;in triage state;G;is entering the FOL
3675,774,filterLoc,out,Evacuee 334 in triage category G is not assigned a helicopter
3675,774,filterLoc,,
3675,775,evacuee,,Evacuee;334;in triage state;G;is entering the FOL
3675,978,filterLoc,out,Evacuee 320 in triage category G is not assigned a helicopter
3675,978,filterLoc,,
3675,979,evacuee,,Evacuee;320;in triage state;G;is entering the FOL
3675,1409,filterLoc,out,Evacuee 323 in triage category G is not assigned a helicopter
3675,1409,filterLoc,,
3675,1410,evacuee,,Evacuee;323;in triage state;G;is entering the FOL
3675,5,helicopterQueue,,;No helos are waiting to land
3675,109,helicopter,,Helicopter;3;is returning to the FOL;;and has;9;spots taken
3675,227,FOL,,;EvacueeID;5;Triage Status;G;EvacueeID;6;Triage Status;G;EvacueeID;7;Triage Status;G;EvacueeID;9;Triage Status;G;EvacueeID;16;Triage Status;G;EvacueeID;19;Triage Status;G;EvacueeID;20;Triage Status;G;EvacueeID;25;Triage Status;G;EvacueeID;28;Triage Status;G;EvacueeID;32;Triage Status;G;EvacueeID;34;Triage Status;G;EvacueeID;35;Triage Status;G;EvacueeID;40;Triage Status;G;EvacueeID;41;Triage Status;G;EvacueeID;44;Triage Status;G;EvacueeID;49;Triage Status;G;EvacueeID;50;Triage Status;G;EvacueeID;51;Triage Status;G;EvacueeID;52;Triage Status;G;EvacueeID;58;Triage Status;G;EvacueeID;61;Triage Status;G;EvacueeID;63;Triage Status;G;EvacueeID;64;Triage Status;G;EvacueeID;70;Triage Status;G;EvacueeID;73;Triage Status;G;EvacueeID;74;Triage Status;G;EvacueeID;76;Triage Status;G;EvacueeID;81;Triage Status;G;EvacueeID;83;Triage Status;G;EvacueeID;86;Triage Status;G;EvacueeID;87;Triage Status;G;EvacueeID;89;Triage Status;G;EvacueeID;90;Triage Status;G;EvacueeID;92;Triage Status;G;EvacueeID;94;Triage Status;G;EvacueeID;97;Triage Status;G;EvacueeID;102;Triage Status;G;EvacueeID;103;Triage Status;G;EvacueeID;104;Triage Status;G;EvacueeID;105;Triage Status;G;EvacueeID;107;Triage Status;G;EvacueeID;111;Triage Status;G;EvacueeID;116;Triage Status;G;EvacueeID;117;Triage Status;G;EvacueeID;118;Triage Status;G;EvacueeID;119;Triage Status;G;EvacueeID;120;Triage Status;G;EvacueeID;124;Triage Status;G;EvacueeID;126;Triage Status;G;EvacueeID;127;Triage Status;G;EvacueeID;128;Triage Status;G;EvacueeID;129;Triage Status;G;EvacueeID;131;Triage Status;G;EvacueeID;134;Triage Status;G;EvacueeID;137;Triage Status;G;EvacueeID;138;Triage Status;G;EvacueeID;150;Triage Status;G;EvacueeID;154;Triage Status;G;EvacueeID;155;Triage Status;G;EvacueeID;157;Triage Status;G;EvacueeID;160;Triage Status;G;EvacueeID;162;Triage Status;G;EvacueeID;163;Triage Status;G;EvacueeID;166;Triage Status;G;EvacueeID;173;Triage Status;G;EvacueeID;180;Triage Status;G;EvacueeID;181;Triage Status;G;EvacueeID;182;Triage Status;G;EvacueeID;183;Triage Status;G;EvacueeID;184;Triage Status;G;EvacueeID;185;Triage Status;G;EvacueeID;186;Triage Status;G;EvacueeID;192;Triage Status;G;EvacueeID;199;Triage Status;G;EvacueeID;203;Triage Status;G;EvacueeID;204;Triage Status;G;EvacueeID;205;Triage Status;G;EvacueeID;206;Triage Status;G;EvacueeID;217;Triage Status;G;EvacueeID;227;Triage Status;G;EvacueeID;232;Triage Status;G;EvacueeID;233;Triage Status;G;EvacueeID;234;Triage Status;G;EvacueeID;235;Triage Status;G;EvacueeID;236;Triage Status;G;EvacueeID;237;Triage Status;G;EvacueeID;245;Triage Status;G;EvacueeID;250;Triage Status;G;EvacueeID;251;Triage Status;G;EvacueeID;266;Triage Status;G;EvacueeID;267;Triage Status;G;EvacueeID;269;Triage Status;G;EvacueeID;273;Triage Status;G;EvacueeID;274;Triage Status;G;EvacueeID;275;Triage Status;G;EvacueeID;277;Triage Status;G;EvacueeID;278;Triage Status;G;EvacueeID;279;Triage Status;G;EvacueeID;285;Triage Status;G;EvacueeID;293;Triage Status;G;EvacueeID;295;Triage Status;G;EvacueeID;297;Triage Status;G;EvacueeID;303;Triage Status;G;EvacueeID;304;Triage Status;G;EvacueeID;305;Triage Status;G;EvacueeID;306;Triage Status;G;EvacueeID;308;Triage Status;G;EvacueeID;309;Triage Status;G;EvacueeID;310;Triage Status;G;EvacueeID;315;Triage Status;G;EvacueeID;320;Triage Status;G;EvacueeID;323;Triage Status;G;EvacueeID;327;Triage Status;G;EvacueeID;328;Triage Status;G;EvacueeID;330;Triage Status;G;EvacueeID;331;Triage Status;G;EvacueeID;334;Triage Status;G;EvacueeID;335;Triage Status;G;EvacueeID;337;Triage Status;G;EvacueeID;352;Triage Status;G;Lives Saved;120
3675,281,evacuee,outFOL,Evacuee 335 in triage category G is not assigned a helicopter
3675,281,evacuee,,Evacuee;335;in triage state;G;is at the FOL
3675,284,evacuee,outFOL,Evacuee 331 in triage category G is not assigned a helicopter
3675,284,evacuee,,Evacuee;331;in triage state;G;is at the FOL
3675,290,evacuee,outFOL,Evacuee 330 in triage category G is not assigned a helicopter
3675,290,evacuee,,Evacuee;330;in triage state;G;is at the FOL
3675,297,evacuee,outFOL,Evacuee 328 in triage category G is not assigned a helicopter
3675,297,evacuee,,Evacuee;328;in triage state;G;is at the FOL
3675,300,evacuee,outFOL,Evacuee 327 in triage category G is not assigned a helicopter
3675,300,evacuee,,Evacuee;327;in triage state;G;is at the FOL
3675,366,evacuee,outFOL,Evacuee 352 in triage category G is not assigned a helicopter
3675,366,evacuee,,Evacuee;352;in triage state;G;is at the FOL
3675,438,evacuee,outFOL,Evacuee 337 in triage category G is not assigned a helicopter
3675,438,evacuee,,Evacuee;337;in triage state;G;is at the FOL
3675,775,evacuee,outFOL,Evacuee 334 in triage category G is not assigned a helicopter
3675,775,evacuee,,Evacuee;334;in triage state;G;is at the FOL
3675,979,evacuee,outFOL,Evacuee 320 in triage category G is not assigned a helicopter
3675,979,evacuee,,Evacuee;320;in triage state;G;is at the FOL
3675,1410,evacuee,outFOL,Evacuee 323 in triage category G is not assigned a helicopter
3675,1410,evacuee,,Evacuee;323;in triage state;G;is at the FOL
3675,227,FOL,,;EvacueeID;5;Triage Status;G;EvacueeID;6;Triage Status;G;EvacueeID;7;Triage Status;G;EvacueeID;9;Triage Status;G;EvacueeID;16;Triage Status;G;EvacueeID;19;Triage Status;G;EvacueeID;20;Triage Status;G;EvacueeID;25;Triage Status;G;EvacueeID;28;Triage Status;G;EvacueeID;32;Triage Status;G;EvacueeID;34;Triage Status;G;EvacueeID;35;Triage Status;G;EvacueeID;40;Triage Status;G;EvacueeID;41;Triage Status;G;EvacueeID;44;Triage Status;G;EvacueeID;49;Triage Status;G;EvacueeID;50;Triage Status;G;EvacueeID;51;Triage Status;G;EvacueeID;52;Triage Status;G;EvacueeID;58;Triage Status;G;EvacueeID;61;Triage Status;G;EvacueeID;63;Triage Status;G;EvacueeID;64;Triage Status;G;EvacueeID;70;Triage Status;G;EvacueeID;73;Triage Status;G;EvacueeID;74;Triage Status;G;EvacueeID;76;Triage Status;G;EvacueeID;81;Triage Status;G;EvacueeID;83;Triage Status;G;EvacueeID;86;Triage Status;G;EvacueeID;87;Triage Status;G;EvacueeID;89;Triage Status;G;EvacueeID;90;Triage Status;G;EvacueeID;92;Triage Status;G;EvacueeID;94;Triage Status;G;EvacueeID;97;Triage Status;G;EvacueeID;102;Triage Status;G;EvacueeID;103;Triage Status;G;EvacueeID;104;Triage Status;G;EvacueeID;105;Triage Status;G;EvacueeID;107;Triage Status;G;EvacueeID;111;Triage Status;G;EvacueeID;116;Triage Status;G;EvacueeID;117;Triage Status;G;EvacueeID;118;Triage Status;G;EvacueeID;119;Triage Status;G;EvacueeID;120;Triage Status;G;EvacueeID;124;Triage Status;G;EvacueeID;126;Triage Status;G;EvacueeID;127;Triage Status;G;EvacueeID;128;Triage Status;G;EvacueeID;129;Triage Status;G;EvacueeID;131;Triage Status;G;EvacueeID;134;Triage Status;G;EvacueeID;137;Triage Status;G;EvacueeID;138;Triage Status;G;EvacueeID;150;Triage Status;G;EvacueeID;154;Triage Status;G;EvacueeID;155;Triage Status;G;EvacueeID;157;Triage Status;G;EvacueeID;160;Triage Status;G;EvacueeID;162;Triage Status;G;EvacueeID;163;Triage Status;G;EvacueeID;166;Triage Status;G;EvacueeID;173;Triage Status;G;EvacueeID;180;Triage Status;G;EvacueeID;181;Triage Status;G;EvacueeID;182;Triage Status;G;EvacueeID;183;Triage Status;G;EvacueeID;184;Triage Status;G;EvacueeID;185;Triage Status;G;EvacueeID;186;Triage Status;G;EvacueeID;192;Triage Status;G;EvacueeID;199;Triage Status;G;EvacueeID;203;Triage Status;G;EvacueeID;204;Triage Status;G;EvacueeID;205;Triage Status;G;EvacueeID;206;Triage Status;G;EvacueeID;217;Triage Status;G;EvacueeID;227;Triage Status;G;EvacueeID;232;Triage Status;G;EvacueeID;233;Triage Status;G;EvacueeID;234;Triage Status;G;EvacueeID;235;Triage Status;G;EvacueeID;236;Triage Status;G;EvacueeID;237;Triage Status;G;EvacueeID;245;Triage Status;G;EvacueeID;250;Triage Status;G;EvacueeID;251;Triage Status;G;EvacueeID;266;Triage Status;G;EvacueeID;267;Triage Status;G;EvacueeID;269;Triage Status;G;EvacueeID;273;Triage Status;G;EvacueeID;274;Triage Status;G;EvacueeID;275;Triage Status;G;EvacueeID;277;Triage Status;G;EvacueeID;278;Triage Status;G;EvacueeID;279;Triage Status;G;EvacueeID;285;Triage Status;G;EvacueeID;293;Triage Status;G;EvacueeID;295;Triage Status;G;EvacueeID;297;Triage Status;G;EvacueeID;303;Triage Status;G;EvacueeID;304;Triage Status;G;EvacueeID;305;Triage Status;G;EvacueeID;306;Triage Status;G;EvacueeID;308;Triage Status;G;EvacueeID;309;Triage Status;G;EvacueeID;310;Triage Status;G;EvacueeID;315;Triage Status;G;EvacueeID;320;Triage Status;G;EvacueeID;323;Triage Status;G;EvacueeID;327;Triage Status;G;EvacueeID;328;Triage Status;G;EvacueeID;330;Triage Status;G;EvacueeID;331;Triage Status;G;EvacueeID;334;Triage Status;G;EvacueeID;335;Triage Status;G;EvacueeID;337;Triage Status;G;EvacueeID;352;Triage Status;G;Lives Saved;120
3688.2,3,evacueeManager,,OFF SHIP: White;0;Green;0;Yellow;17;Red;3;Black;335;ON SHIP: White;0;Green;0;Yellow;0;Red;0;Evacuees to Transfer;
3688.2,592,evacuee,outES,Evacuee 101 in triage category Y is not assigned a helicopter
3688.2,592,evacuee,,Evacuee;101;in triage state;R;is at the evacuation site
3690,9,helicopter,,Helicopter;6;Is going to the evacuation site;;and has;0;spots taken
3705,11,filterLoc,,
3705,14,filterLoc,,
3705,17,filterLoc,,
3705,20,filterLoc,,
3705,23,filterLoc,,
3705,26,filterLoc,,
3705,29,filterLoc,,
3705,32,filterLoc,,
3705,35,filterLoc,,
3705,38,filterLoc,,
3705,41,filterLoc,,
3705,44,filterLoc,,
3705,47,filterLoc,,
3705,50,filterLoc,,
3705,53,filterLoc,,
3705,56,filterLoc,,
3705,59,filterLoc,,
3705,62,filterLoc,,
3705,65,filterLoc,,
3705,68,filterLoc,,
3705,71,filterLoc,,
3705,74,filterLoc,,
3705,77,filterLoc,,
3705,80,filterLoc,,
3705,83,filterLoc,,
3705,86,filterLoc,,
3705,89,filterLoc,,
3705,92,filterLoc,,
3705,95,filterLoc,,
3705,98,filterLoc,,
3705,101,filterLoc,,
3705,104,filterLoc,,
3705,111,filterLoc,,
3705,114,filterLoc,,
3705,117,filterLoc,,
3705,120,filterLoc,,
3705,123,filterLoc,,
3705,126,filterLoc,,
3705,129,filterLoc,,
3705,132,filterLoc,,
3705,135,filterLoc,,
3705,138,filterLoc,,
3705,141,filterLoc,,
3705,144,filterLoc,,
3705,147,filterLoc,,
3705,150,filterLoc,,;Evacuee;404;in triage category;G;is leaving helicopter;1
3705,153,filterLoc,,;Evacuee;403;in triage category;G;is leaving helicopter;1
3705,156,filterLoc,,;Evacuee;401;in triage category;G;is leaving helicopter;1
3705,159,filterLoc,,
3705,162,filterLoc,,
3705,165,filterLoc,,
3705,168,filterLoc,,
3705,171,filterLoc,,
3705,174,filterLoc,,
3705,177,filterLoc,,
3705,180,filterLoc,,
3705,183,filterLoc,,
3705,186,filterLoc,,
3705,189,filterLoc,,
3705,192,filterLoc,,
3705,195,filterLoc,,
3705,198,filterLoc,,
3705,201,filterLoc,,
3705,204,filterLoc,,
3705,207,filterLoc,,
3705,210,filterLoc,,;Evacuee;378;in triage category;G;is leaving helicopter;1
3705,213,filterLoc,,;Evacuee;377;in triage category;G;is leaving helicopter;1
3705,216,filterLoc,,;Evacuee;375;in triage category;G;is leaving helicopter;1
3705,219,filterLoc,,;Evacuee;374;in triage category;G;is leaving helicopter;1
3705,222,filterLoc,,;Evacuee;372;in triage category;G;is leaving helicopter;1
3705,225,filterLoc,,;Evacuee;371;in triage category;G;is leaving helicopter;1
3705,229,filterLoc,,
3705,232,filterLoc,,
3705,235,filterLoc,,
3705,238,filterLoc,,
3705,241,filterLoc,,
3705,244,filterLoc,,
3705,247,filterLoc,,
3705,250,filterLoc,,
3705,253,filterLoc,,
3705,256,filterLoc,,
3705,259,filterLoc,,
3705,262,filterLoc,,
3705,265,filterLoc,,
3705,268,filterLoc,,
3705,271,filterLoc,,
3705,274,filterLoc,,
3705,277,filterLoc,,
3705,280,filterLoc,,
3705,283,filterLoc,,
3705,286,filterLoc,,
3705,289,filterLoc,,
3705,296,filterLoc,,
3705,299,filterLoc,,
3705,302,filterLoc,,
3705,305,filterLoc,,
3705,308,filterLoc,,
3705,311,filterLoc,,
3705,314,filterLoc,,
3705,317,filterLoc,,
3705,320,filterLoc,,
3705,323,filterLoc,,
3705,326,filterLoc,,
3705,329,filterLoc,,
3705,332,filterLoc,,
3705,335,filterLoc,,
3705,338,filterLoc,,
3705,341,filterLoc,,
3705,344,filterLoc,,
3705,347,filterLoc,,
3705,350,filterLoc,,
3705,353,filterLoc,,
3705,356,filterLoc,,
3705,359,filterLoc,,
3705,362,filterLoc,,
3705,365,filterLoc,,
3705,368,filterLoc,,
3705,371,filterLoc,,
3705,374,filterLoc,,
3705,377,filterLoc,,
3705,380,filterLoc,,
3705,383,filterLoc,,
3705,386,filterLoc,,
3705,389,filterLoc,,
3705,392,filterLoc,,
3705,395,filterLoc,,
3705,398,filterLoc,,
3705,401,filterLoc,,
3705,404,filterLoc,,
3705,407,filterLoc,,
3705,410,filterLoc,,
3705,413,filterLoc,,
3705,416,filterLoc,,
3705,419,filterLoc,,
3705,422,filterLoc,,
3705,425,filterLoc,,
3705,428,filterLoc,,
3705,431,filterLoc,,
3705,434,filterLoc,,
3705,437,filterLoc,,
3705,440,filterLoc,,
3705,443,filterLoc,,
3705,446,filterLoc,,
3705,449,filterLoc,,
3705,452,filterLoc,,
3705,455,filterLoc,,
3705,458,filterLoc,,
3705,461,filterLoc,,
3705,464,filterLoc,,
3705,467,filterLoc,,
3705,470,filterLoc,,
3705,473,filterLoc,,
3705,476,filterLoc,,
3705,479,filterLoc,,
3705,482,filterLoc,,
3705,485,filterLoc,,
3705,488,filterLoc,,
3705,491,filterLoc,,
3705,494,filterLoc,,
3705,497,filterLoc,,
3705,500,filterLoc,,
3705,503,filterLoc,,
3705,506,filterLoc,,
3705,509,filterLoc,,
3705,512,filterLoc,,
3705,515,filterLoc,,
3705,518,filterLoc,,
3705,521,filterLoc,,
3705,524,filterLoc,,
3705,527,filterLoc,,
3705,530,filterLoc,,
3705,533,filterLoc,,
3705,536,filterLoc,,
3705,539,filterLoc,,
3705,542,filterLoc,,
3705,545,filterLoc,,
3705,548,filterLoc,,
3705,551,filterLoc,,
3705,554,filterLoc,,
3705,557,filterLoc,,
3705,560,filterLoc,,
3705,563,filterLoc,,
3705,566,filterLoc,,
3705,569,filterLoc,,
3705,576,filterLoc,,
3705,579,filterLoc,,
3705,582,filterLoc,,
3705,585,filterLoc,,
3705,588,filterLoc,,
3705,591,filterLoc,,
3705,594,filterLoc,,
3705,597,filterLoc,,
3705,600,filterLoc,,
3705,603,filterLoc,,
3705,606,filterLoc,,
3705,609,filterLoc,,
3705,612,filterLoc,,
3705,615,filterLoc,,
3705,618,filterLoc,,
3705,621,filterLoc,,
3705,624,filterLoc,,
3705,627,filterLoc,,
3705,630,filterLoc,,
3705,633,filterLoc,,
3705,636,filterLoc,,
3705,639,filterLoc,,
3705,642,filterLoc,,
3705,645,filterLoc,,
3705,648,filterLoc,,
3705,651,filterLoc,,
3705,654,filterLoc,,
3705,657,filterLoc,,
3705,660,filterLoc,,
3705,663,filterLoc,,
3705,666,filterLoc,,
3705,669,filterLoc,,
3705,672,filterLoc,,
3705,675,filterLoc,,
3705,678,filterLoc,,
3705,681,filterLoc,,
3705,684,filterLoc,,
3705,687,filterLoc,,
3705,690,filterLoc,,
3705,693,filterLoc,,
3705,696,filterLoc,,
3705,699,filterLoc,,
3705,702,filterLoc,,
3705,705,filterLoc,,;Evacuee;363;in triage category;G;is leaving helicopter;1
3705,708,filterLoc,,
3705,711,filterLoc,,
3705,714,filterLoc,,
3705,717,filterLoc,,
3705,720,filterLoc,,
3705,723,filterLoc,,
3705,726,filterLoc,,
3705,729,filterLoc,,
3705,732,filterLoc,,
3705,735,filterLoc,,
3705,738,filterLoc,,
3705,741,filterLoc,,
3705,744,filterLoc,,
3705,747,filterLoc,,
3705,750,filterLoc,,
3705,753,filterLoc,,
3705,756,filterLoc,,
3705,759,filterLoc,,
3705,762,filterLoc,,
3705,765,filterLoc,,
3705,768,filterLoc,,
3705,771,filterLoc,,
3705,774,filterLoc,,
3705,777,filterLoc,,
3705,780,filterLoc,,
3705,783,filterLoc,,
3705,786,filterLoc,,
3705,789,filterLoc,,
3705,792,filterLoc,,
3705,795,filterLoc,,
3705,798,filterLoc,,
3705,801,filterLoc,,
3705,804,filterLoc,,
3705,807,filterLoc,,
3705,810,filterLoc,,
3705,813,filterLoc,,
3705,816,filterLoc,,
3705,819,filterLoc,,
3705,822,filterLoc,,
3705,825,filterLoc,,
3705,828,filterLoc,,
3705,831,filterLoc,,
3705,834,filterLoc,,
3705,837,filterLoc,,
3705,840,filterLoc,,
3705,843,filterLoc,,
3705,846,filterLoc,,
3705,849,filterLoc,,
3705,852,filterLoc,,
3705,855,filterLoc,,
3705,858,filterLoc,,
3705,861,filterLoc,,
3705,864,filterLoc,,
3705,867,filterLoc,,
3705,870,filterLoc,,
3705,873,filterLoc,,
3705,876,filterLoc,,
3705,879,filterLoc,,
3705,882,filterLoc,,
3705,885,filterLoc,,
3705,888,filterLoc,,
3705,891,filterLoc,,
3705,894,filterLoc,,
3705,897,filterLoc,,
3705,900,filterLoc,,
3705,903,filterLoc,,
3705,906,filterLoc,,
3705,909,filterLoc,,
3705,912,filterLoc,,
3705,915,filterLoc,,
3705,918,filterLoc,,
3705,921,filterLoc,,
3705,924,filterLoc,,
3705,927,filterLoc,,
3705,930,filterLoc,,
3705,933,filterLoc,,
3705,936,filterLoc,,
3705,939,filterLoc,,
3705,942,filterLoc,,
3705,945,filterLoc,,
3705,948,filterLoc,,
3705,951,filterLoc,,
3705,954,filterLoc,,
3705,957,filterLoc,,
3705,960,filterLoc,,
3705,963,filterLoc,,
3705,966,filterLoc,,
3705,969,filterLoc,,
3705,972,filterLoc,,
3705,975,filterLoc,,
3705,978,filterLoc,,
3705,981,filterLoc,,
3705,984,filterLoc,,
3705,987,filterLoc,,
3705,990,filterLoc,,
3705,993,filterLoc,,
3705,996,filterLoc,,
3705,999,filterLoc,,
3705,1002,filterLoc,,
3705,1005,filterLoc,,
3705,1008,filterLoc,,
3705,1011,filterLoc,,
3705,1014,filterLoc,,
3705,1017,filterLoc,,
3705,1020,filterLoc,,
3705,1023,filterLoc,,
3705,1026,filterLoc,,
3705,1029,filterLoc,,
3705,1032,filterLoc,,
3705,1035,filterLoc,,
3705,1038,filterLoc,,
3705,1041,filterLoc,,
3705,1044,filterLoc,,
3705,1047,filterLoc,,
3705,1050,filterLoc,,
3705,1053,filterLoc,,
3705,1056,filterLoc,,
3705,1059,filterLoc,,
3705,1062,filterLoc,,
3705,1065,filterLoc,,
3705,1068,filterLoc,,
3705,1071,filterLoc,,
3705,1074,filterLoc,,
3705,1077,filterLoc,,
3705,1080,filterLoc,,
3705,1083,filterLoc,,
3705,1086,filterLoc,,
3705,1089,filterLoc,,
3705,1092,filterLoc,,
3705,1095,filterLoc,,
3705,1098,filterLoc,,
3705,1101,filterLoc,,
3705,1104,filterLoc,,
3705,1107,filterLoc,,
3705,1110,filterLoc,,
3705,1113,filterLoc,,
3705,1116,filterLoc,,
3705,1119,filterLoc,,
3705,1122,filterLoc,,
3705,1125,filterLoc,,
3705,1128,filterLoc,,
3705,1135,filterLoc,,
3705,1138,filterLoc,,
3705,1141,filterLoc,,
3705,1144,filterLoc,,
3705,1147,filterLoc,,
3705,1150,filterLoc,,
3705,1153,filterLoc,,
3705,1156,filterLoc,,
3705,1159,filterLoc,,
3705,1162,filterLoc,,
3705,1165,filterLoc,,
3705,1168,filterLoc,,
3705,1173,helicopter,outEvac,Evacuee 363 in triage category G is not assigned a helicopter
3705,1173,helicopter,outEvac,Evacuee 371 in triage category G is not assigned a helicopter
3705,1173,helicopter,outEvac,Evacuee 372 in triage category G is not assigned a helicopter
3705,1173,helicopter,outEvac,Evacuee 374 in triage category G is not assigned a helicopter
3705,1173,helicopter,outEvac,Evacuee 375 in triage category G is not assigned a helicopter
3705,1173,helicopter,outEvac,Evacuee 377 in triage category G is not assigned a helicopter
3705,1173,helicopter,outEvac,Evacuee 378 in triage category G is not assigned a helicopter
3705,1173,helicopter,outEvac,Evacuee 401 in triage category G is not assigned a helicopter
3705,1173,helicopter,outEvac,Evacuee 403 in triage category G is not assigned a helicopter
3705,1173,helicopter,outEvac,Evacuee 404 in triage category G is not assigned a helicopter
3705,1173,helicopter,,Helicopter;1;is unloading people at the FOL;;and has;0;spots taken
3705,1175,filterLoc,,
3705,1178,filterLoc,,
3705,1181,filterLoc,,
3705,1184,filterLoc,,
3705,1187,filterLoc,,
3705,1190,filterLoc,,
3705,1193,filterLoc,,
3705,1196,filterLoc,,
3705,1199,filterLoc,,
3705,1202,filterLoc,,
3705,1205,filterLoc,,
3705,1208,filterLoc,,
3705,1211,filterLoc,,
3705,1214,filterLoc,,
3705,1217,filterLoc,,
3705,1220,filterLoc,,
3705,1223,filterLoc,,
3705,1226,filterLoc,,
3705,1229,filterLoc,,
3705,1232,filterLoc,,
3705,1235,filterLoc,,
3705,1238,filterLoc,,
3705,1241,filterLoc,,
3705,1244,filterLoc,,
3705,1247,filterLoc,,
3705,1250,filterLoc,,
3705,1253,filterLoc,,
3705,1256,filterLoc,,
3705,1259,filterLoc,,
3705,1262,filterLoc,,
3705,1265,filterLoc,,
3705,1268,filterLoc,,
3705,1271,filterLoc,,
3705,1274,filterLoc,,
3705,1277,filterLoc,,
3705,1280,filterLoc,,
3705,1283,filterLoc,,
3705,1286,filterLoc,,
3705,1289,filterLoc,,
3705,1292,filterLoc,,
3705,1295,filterLoc,,
3705,1298,filterLoc,,
3705,1301,filterLoc,,
3705,1304,filterLoc,,
3705,1307,filterLoc,,
3705,1310,filterLoc,,
3705,1313,filterLoc,,
3705,1316,filterLoc,,
3705,1319,filterLoc,,
3705,1322,filterLoc,,
3705,1325,filterLoc,,
3705,1328,filterLoc,,
3705,1331,filterLoc,,
3705,1334,filterLoc,,
3705,1337,filterLoc,,
3705,1340,filterLoc,,
3705,1343,filterLoc,,
3705,1346,filterLoc,,
3705,1349,filterLoc,,
3705,1352,filterLoc,,
3705,1355,filterLoc,,
3705,1358,filterLoc,,
3705,1361,filterLoc,,
3705,1364,filterLoc,,
3705,1367,filterLoc,,
3705,1370,filterLoc,,
3705,1373,filterLoc,,
3705,1376,filterLoc,,
3705,1379,filterLoc,,
3705,1382,filterLoc,,
3705,1385,filterLoc,,
3705,1388,filterLoc,,
3705,1391,filterLoc,,
3705,1394,filterLoc,,
3705,1397,filterLoc,,
3705,1400,filterLoc,,
3705,1403,filterLoc,,
3705,1406,filterLoc,,
3705,1409,filterLoc,,
3705,1412,filterLoc,,
3705,1415,filterLoc,,
3705,1418,filterLoc,,
3705,1421,filterLoc,,
3705,1424,filterLoc,,
3705,1427,filterLoc,,
3705,1430,filterLoc,,
3705,1433,filterLoc,,
3705,1436,filterLoc,,
3705,1439,filterLoc,,
3705,1442,filterLoc,,
3705,1445,filterLoc,,
3705,1448,filterLoc,,
3705,1451,filterLoc,,
3705,1454,filterLoc,,
3705,1457,filterLoc,,
3705,1460,filterLoc,,
3705,1463,filterLoc,,
3705,1466,filterLoc,,
3705,1469,filterLoc,,
3705,1472,filterLoc,,
3705,1475,filterLoc,,
3705,1478,filterLoc,,
3705,1481,filterLoc,,
3705,1484,filterLoc,,
3705,1487,filterLoc,,
3705,1490,filterLoc,,
3705,1493,filterLoc,,
3705,1496,filterLoc,,
3705,1499,filterLoc,,
3705,1502,filterLoc,,
3705,1505,filterLoc,,
3705,1508,filterLoc,,
3705,1511,filterLoc,,
3705,1514,filterLoc,,
3705,1517,filterLoc,,
3705,1520,filterLoc,,
3705,1523,filterLoc,,
3705,1526,filterLoc,,
3705,1529,filterLoc,,
3705,150,filterLoc,out,Evacuee 404 in triage category G is not assigned a helicopter
3705,150,filterLoc,,
3705,151,evacuee,,Evacuee;404;in triage state;G;is entering the FOL
3705,153,filterLoc,out,Evacuee 403 in triage category G is not assigned a helicopter
3705,153,filterLoc,,
3705,154,evacuee,,Evacuee;403;in triage state;G;is entering the FOL
3705,156,filterLoc,out,Evacuee 401 in triage category G is not assigned a helicopter
3705,156,filterLoc,,
3705,157,evacuee,,Evacuee;401;in triage state;G;is entering the FOL
3705,210,filterLoc,out,Evacuee 378 in triage category G is not assigned a helicopter
3705,210,filterLoc,,
3705,211,evacuee,,Evacuee;378;in triage state;G;is entering the FOL
3705,213,filterLoc,out,Evacuee 377 in triage category G is not assigned a helicopter
3705,213,filterLoc,,
3705,214,evacuee,,Evacuee;377;in triage state;G;is entering the FOL
3705,216,filterLoc,out,Evacuee 375 in triage category G is not assigned a helicopter
3705,216,filterLoc,,
3705,217,evacuee,,Evacuee;375;in triage state;G;is entering the FOL
3705,219,filterLoc,out,Evacuee 374 in triage category G is not assigned a helicopter
3705,219,filterLoc,,
3705,220,evacuee,,Evacuee;374;in triage state;G;is entering the FOL
3705,222,filterLoc,out,Evacuee 372 in triage category G is not assigned a helicopter
3705,222,filterLoc,,
3705,223,evacuee,,Evacuee;372;in triage state;G;is entering the FOL
3705,225,filterLoc,out,Evacuee 371 in triage category G is not assigned a helicopter
3705,225,filterLoc,,
3705,226,evacuee,,Evacuee;371;in triage state;G;is entering the FOL
3705,705,filterLoc,out,Evacuee 363 in triage category G is not assigned a helicopter
3705,705,filterLoc,,
3705,706,evacuee,,Evacuee;363;in triage state;G;is entering the FOL
3705,151,evacuee,outFOL,Evacuee 404 in triage category G is not assigned a helicopter
3705,151,evacuee,,Evacuee;404;in triage state;G;is at the FOL
3705,154,evacuee,outFOL,Evacuee 403 in triage category G is not assigned a helicopter
3705,154,evacuee,,Evacuee;403;in triage state;G;is at the FOL
3705,157,evacuee,outFOL,Evacuee 401 in triage category G is not assigned a helicopter
3705,157,evacuee,,Evacuee;401;in triage state;G;is at the FOL
3705,211,evacuee,outFOL,Evacuee 378 in triage category G is not assigned a helicopter
3705,211,evacuee,,Evacuee;378;in triage state;G;is at the FOL
3705,214,evacuee,outFOL,Evacuee 377 in triage category G is not assigned a helicopter
3705,214,evacuee,,Evacuee;377;in triage state;G;is at the FOL
3705,217,evacuee,outFOL,Evacuee 375 in triage category G is not assigned a helicopter
3705,217,evacuee,,Evacuee;375;in triage state;G;is at the FOL
3705,220,evacuee,outFOL,Evacuee 374 in triage category G is not assigned a helicopter
3705,220,evacuee,,Evacuee;374;in triage state;G;is at the FOL
3705,223,evacuee,outFOL,Evacuee 372 in triage category G is not assigned a helicopter
3705,223,evacuee,,Evacuee;372;in triage state;G;is at the FOL
3705,226,evacuee,outFOL,Evacuee 371 in triage category G is not assigned a helicopter
3705,226,evacuee,,Evacuee;371;in triage state;G;is at the FOL
3705,227,FOL,,;EvacueeID;5;Triage Status;G;EvacueeID;6;Triage Status;G;EvacueeID;7;Triage Status;G;EvacueeID;9;Triage Status;G;EvacueeID;16;Triage Status;G;EvacueeID;19;Triage Status;G;EvacueeID;20;Triage Status;G;EvacueeID;25;Triage Status;G;EvacueeID;28;Triage Status;G;EvacueeID;32;Triage Status;G;EvacueeID;34;Triage Status;G;EvacueeID;35;Triage Status;G;EvacueeID;40;Triage Status;G;EvacueeID;41;Triage Status;G;EvacueeID;44;Triage Status;G;EvacueeID;49;Triage Status;G;EvacueeID;50;Triage Status;G;EvacueeID;51;Triage Status;G;EvacueeID;52;Triage Status;G;EvacueeID;58;Triage Status;G;EvacueeID;61;Triage Status;G;EvacueeID;63;Triage Status;G;EvacueeID;64;Triage Status;G;EvacueeID;70;Triage Status;G;EvacueeID;73;Triage Status;G;EvacueeID;74;Triage Status;G;EvacueeID;76;Triage Status;G;EvacueeID;81;Triage Status;G;EvacueeID;83;Triage Status;G;EvacueeID;86;Triage Status;G;EvacueeID;87;Triage Status;G;EvacueeID;89;Triage Status;G;EvacueeID;90;Triage Status;G;EvacueeID;92;Triage Status;G;EvacueeID;94;Triage Status;G;EvacueeID;97;Triage Status;G;EvacueeID;102;Triage Status;G;EvacueeID;103;Triage Status;G;EvacueeID;104;Triage Status;G;EvacueeID;105;Triage Status;G;EvacueeID;107;Triage Status;G;EvacueeID;111;Triage Status;G;EvacueeID;116;Triage Status;G;EvacueeID;117;Triage Status;G;EvacueeID;118;Triage Status;G;EvacueeID;119;Triage Status;G;EvacueeID;120;Triage Status;G;EvacueeID;124;Triage Status;G;EvacueeID;126;Triage Status;G;EvacueeID;127;Triage Status;G;EvacueeID;128;Triage Status;G;EvacueeID;129;Triage Status;G;EvacueeID;131;Triage Status;G;EvacueeID;134;Triage Status;G;EvacueeID;137;Triage Status;G;EvacueeID;138;Triage Status;G;EvacueeID;150;Triage Status;G;EvacueeID;154;Triage Status;G;EvacueeID;155;Triage Status;G;EvacueeID;157;Triage Status;G;EvacueeID;160;Triage Status;G;EvacueeID;162;Triage Status;G;EvacueeID;163;Triage Status;G;EvacueeID;166;Triage Status;G;EvacueeID;173;Triage Status;G;EvacueeID;180;Triage Status;G;EvacueeID;181;Triage Status;G;EvacueeID;182;Triage Status;G;EvacueeID;183;Triage Status;G;EvacueeID;184;Triage Status;G;EvacueeID;185;Triage Status;G;EvacueeID;186;Triage Status;G;EvacueeID;192;Triage Status;G;EvacueeID;199;Triage Status;G;EvacueeID;203;Triage Status;G;EvacueeID;204;Triage Status;G;EvacueeID;205;Triage Status;G;EvacueeID;206;Triage Status;G;EvacueeID;217;Triage Status;G;EvacueeID;227;Triage Status;G;EvacueeID;232;Triage Status;G;EvacueeID;233;Triage Status;G;EvacueeID;234;Triage Status;G;EvacueeID;235;Triage Status;G;EvacueeID;236;Triage Status;G;EvacueeID;237;Triage Status;G;EvacueeID;245;Triage Status;G;EvacueeID;250;Triage Status;G;EvacueeID;251;Triage Status;G;EvacueeID;266;Triage Status;G;EvacueeID;267;Triage Status;G;EvacueeID;269;Triage Status;G;EvacueeID;273;Triage Status;G;EvacueeID;274;Triage Status;G;EvacueeID;275;Triage Status;G;EvacueeID;277;Triage Status;G;EvacueeID;278;Triage Status;G;EvacueeID;279;Triage Status;G;EvacueeID;285;Triage Status;G;EvacueeID;293;Triage Status;G;EvacueeID;295;Triage Status;G;EvacueeID;297;Triage Status;G;EvacueeID;303;Triage Status;G;EvacueeID;304;Triage Status;G;EvacueeID;305;Triage Status;G;EvacueeID;306;Triage Status;G;EvacueeID;308;Triage Status;G;EvacueeID;309;Triage Status;G;EvacueeID;310;Triage Status;G;EvacueeID;315;Triage Status;G;EvacueeID;320;Triage Status;G;EvacueeID;323;Triage Status;G;EvacueeID;327;Triage Status;G;EvacueeID;328;Triage Status;G;EvacueeID;330;Triage Status;G;EvacueeID;331;Triage Status;G;EvacueeID;334;Triage Status;G;EvacueeID;335;Triage Status;G;EvacueeID;337;Triage Status;G;EvacueeID;352;Triage Status;G;EvacueeID;363;Triage Status;G;EvacueeID;371;Triage Status;G;EvacueeID;372;Triage Status;G;EvacueeID;374;Triage Status;G;EvacueeID;375;Triage Status;G;EvacueeID;377;Triage Status;G;EvacueeID;378;Triage Status;G;EvacueeID;401;Triage Status;G;EvacueeID;403;Triage Status;G;EvacueeID;404;Triage Status;G;Lives Saved;130
3705,706,evacuee,outFOL,Evacuee 363 in triage category G is not assigned a helicopter
3705,706,evacuee,,Evacuee;363;in triage state;G;is at the FOL
3705,227,FOL,,;EvacueeID;5;Triage Status;G;EvacueeID;6;Triage Status;G;EvacueeID;7;Triage Status;G;EvacueeID;9;Triage Status;G;EvacueeID;16;Triage Status;G;EvacueeID;19;Triage Status;G;EvacueeID;20;Triage Status;G;EvacueeID;25;Triage Status;G;EvacueeID;28;Triage Status;G;EvacueeID;32;Triage Status;G;EvacueeID;34;Triage Status;G;EvacueeID;35;Triage Status;G;EvacueeID;40;Triage Status;G;EvacueeID;41;Triage Status;G;EvacueeID;44;Triage Status;G;EvacueeID;49;Triage Status;G;EvacueeID;50;Triage Status;G;EvacueeID;51;Triage Status;G;EvacueeID;52;Triage Status;G;EvacueeID;58;Triage Status;G;EvacueeID;61;Triage Status;G;EvacueeID;63;Triage Status;G;EvacueeID;64;Triage Status;G;EvacueeID;70;Triage Status;G;EvacueeID;73;Triage Status;G;EvacueeID;74;Triage Status;G;EvacueeID;76;Triage Status;G;EvacueeID;81;Triage Status;G;EvacueeID;83;Triage Status;G;EvacueeID;86;Triage Status;G;EvacueeID;87;Triage Status;G;EvacueeID;89;Triage Status;G;EvacueeID;90;Triage Status;G;EvacueeID;92;Triage Status;G;EvacueeID;94;Triage Status;G;EvacueeID;97;Triage Status;G;EvacueeID;102;Triage Status;G;EvacueeID;103;Triage Status;G;EvacueeID;104;Triage Status;G;EvacueeID;105;Triage Status;G;EvacueeID;107;Triage Status;G;EvacueeID;111;Triage Status;G;EvacueeID;116;Triage Status;G;EvacueeID;117;Triage Status;G;EvacueeID;118;Triage Status;G;EvacueeID;119;Triage Status;G;EvacueeID;120;Triage Status;G;EvacueeID;124;Triage Status;G;EvacueeID;126;Triage Status;G;EvacueeID;127;Triage Status;G;EvacueeID;128;Triage Status;G;EvacueeID;129;Triage Status;G;EvacueeID;131;Triage Status;G;EvacueeID;134;Triage Status;G;EvacueeID;137;Triage Status;G;EvacueeID;138;Triage Status;G;EvacueeID;150;Triage Status;G;EvacueeID;154;Triage Status;G;EvacueeID;155;Triage Status;G;EvacueeID;157;Triage Status;G;EvacueeID;160;Triage Status;G;EvacueeID;162;Triage Status;G;EvacueeID;163;Triage Status;G;EvacueeID;166;Triage Status;G;EvacueeID;173;Triage Status;G;EvacueeID;180;Triage Status;G;EvacueeID;181;Triage Status;G;EvacueeID;182;Triage Status;G;EvacueeID;183;Triage Status;G;EvacueeID;184;Triage Status;G;EvacueeID;185;Triage Status;G;EvacueeID;186;Triage Status;G;EvacueeID;192;Triage Status;G;EvacueeID;199;Triage Status;G;EvacueeID;203;Triage Status;G;EvacueeID;204;Triage Status;G;EvacueeID;205;Triage Status;G;EvacueeID;206;Triage Status;G;EvacueeID;217;Triage Status;G;EvacueeID;227;Triage Status;G;EvacueeID;232;Triage Status;G;EvacueeID;233;Triage Status;G;EvacueeID;234;Triage Status;G;EvacueeID;235;Triage Status;G;EvacueeID;236;Triage Status;G;EvacueeID;237;Triage Status;G;EvacueeID;245;Triage Status;G;EvacueeID;250;Triage Status;G;EvacueeID;251;Triage Status;G;EvacueeID;266;Triage Status;G;EvacueeID;267;Triage Status;G;EvacueeID;269;Triage Status;G;EvacueeID;273;Triage Status;G;EvacueeID;274;Triage Status;G;EvacueeID;275;Triage Status;G;EvacueeID;277;Triage Status;G;EvacueeID;278;Triage Status;G;EvacueeID;279;Triage Status;G;EvacueeID;285;Triage Status;G;EvacueeID;293;Triage Status;G;EvacueeID;295;Triage Status;G;EvacueeID;297;Triage Status;G;EvacueeID;303;Triage Status;G;EvacueeID;304;Triage Status;G;EvacueeID;305;Triage Status;G;EvacueeID;306;Triage Status;G;EvacueeID;308;Triage Status;G;EvacueeID;309;Triage Status;G;EvacueeID;310;Triage Status;G;EvacueeID;315;Triage Status;G;EvacueeID;320;Triage Status;G;EvacueeID;323;Triage Status;G;EvacueeID;327;Triage Status;G;EvacueeID;328;Triage Status;G;EvacueeID;330;Triage Status;G;EvacueeID;331;Triage Status;G;EvacueeID;334;Triage Status;G;EvacueeID;335;Triage Status;G;EvacueeID;337;Triage Status;G;EvacueeID;352;Triage Status;G;EvacueeID;363;Triage Status;G;EvacueeID;371;Triage Status;G;EvacueeID;372;Triage Status;G;EvacueeID;374;Triage Status;G;EvacueeID;375;Triage Status;G;EvacueeID;377;Triage Status;G;EvacueeID;378;Triage Status;G;EvacueeID;401;Triage Status;G;EvacueeID;403;Triage Status;G;EvacueeID;404;Triage Status;G;Lives Saved;130
3718.39,3,evacueeManager,,OFF SHIP: White;0;Green;0;Yellow;17;Red;2;Black;336;ON SHIP: White;0;Green;0;Yellow;0;Red;0;Evacuees to Transfer;
3718.39,592,evacuee,outES,Evacuee 101 in triage category R is not assigned a helicopter
3718.39,592,evacuee,,Evacuee;101;in triage state;B;is at the evacuation site
3720,5,helicopterQueue,,1;Helos are waiting to land;HeloID;4
3720,294,helicopter,outES,Helicopter 4 is evacuating people4
3720,294,helicopter,,Helicopter;4;is waiting to land at the evacuation site;;and has;0;spots taken
3720,1173,helicopter,,Helicopter;1;Is going to the evacuation site;;and has;0;spots taken
3720,4,helipadManager,,;No helos are at ES
3720,5,helicopterQueue,outHM,Helicopter 4 is evacuating people4
3720,5,helicopterQueue,outHelo,Helicopter 4 is evacuating people4
3720,5,helicopterQueue,,;No helos are waiting to land
3720,8,filterES,,
3720,108,filterES,,
3720,293,filterES,,Helicopter;4;is evacuating people
3720,573,filterES,,
3720,1132,filterES,,
3720,1172,filterES,,
3720,3,evacueeManager,,OFF SHIP: White;0;Green;0;Yellow;16;Red;0;Black;336;ON SHIP: White;0;Green;0;Yellow;0;Red;0;Evacuees to Transfer;;EvacueeID;271;HeloID;4;OnShip;0;Triage Status;R;EvacueeID;148;HeloID;4;OnShip;0;Triage Status;R;EvacueeID;91;HeloID;4;OnShip;0;Triage Status;Y
3720,4,helipadManager,outEM,Helicopter 4 is evacuating people4
3720,4,helipadManager,,Helo;4;is at the ES
3720,293,filterES,out,Helicopter 4 is evacuating people4
3720,293,filterES,,
3720,294,helicopter,,Helicopter;4;is waiting to land at the evacuation site;;and has;0;spots taken
3720,3,evacueeManager,outEvac,Evacuee 271 in triage category R is assigned helicopter 4
3720,3,evacueeManager,outEvac,Evacuee 148 in triage category R is assigned helicopter 4
3720,3,evacueeManager,outEvac,Evacuee 91 in triage category Y is assigned helicopter 4
3720,3,evacueeManager,,OFF SHIP: White;0;Green;0;Yellow;16;Red;0;Black;336;ON SHIP: White;0;Green;0;Yellow;0;Red;0;Evacuees to Transfer;
3720,11,filterLoc,,
3720,14,filterLoc,,
3720,17,filterLoc,,
3720,20,filterLoc,,
3720,23,filterLoc,,
3720,26,filterLoc,,
3720,29,filterLoc,,
3720,32,filterLoc,,
3720,35,filterLoc,,
3720,38,filterLoc,,
3720,41,filterLoc,,
3720,44,filterLoc,,
3720,47,filterLoc,,
3720,50,filterLoc,,
3720,53,filterLoc,,
3720,56,filterLoc,,
3720,59,filterLoc,,
3720,62,filterLoc,,
3720,65,filterLoc,,
3720,68,filterLoc,,
3720,71,filterLoc,,
3720,74,filterLoc,,
3720,77,filterLoc,,
3720,80,filterLoc,,
3720,83,filterLoc,,
3720,86,filterLoc,,
3720,89,filterLoc,,
3720,92,filterLoc,,
3720,95,filterLoc,,
3720,98,filterLoc,,
3720,101,filterLoc,,
3720,104,filterLoc,,
3720,111,filterLoc,,
3720,114,filterLoc,,
3720,117,filterLoc,,
3720,120,filterLoc,,
3720,123,filterLoc,,
3720,126,filterLoc,,
3720,129,filterLoc,,
3720,132,filterLoc,,
3720,135,filterLoc,,
3720,138,filterLoc,,
3720,141,filterLoc,,
3720,144,filterLoc,,
3720,147,filterLoc,,
3720,150,filterLoc,,
3720,153,filterLoc,,
3720,156,filterLoc,,
3720,159,filterLoc,,
3720,162,filterLoc,,
3720,165,filterLoc,,
3720,168,filterLoc,,
3720,171,filterLoc,,
3720,174,filterLoc,,
3720,177,filterLoc,,
3720,180,filterLoc,,
3720,183,filterLoc,,
3720,186,filterLoc,,
3720,189,filterLoc,,
3720,192,filterLoc,,
3720,195,filterLoc,,
3720,198,filterLoc,,
3720,201,filterLoc,,
3720,204,filterLoc,,
3720,207,filterLoc,,
3720,210,filterLoc,,
3720,213,filterLoc,,
3720,216,filterLoc,,
3720,219,filterLoc,,
3720,222,filterLoc,,
3720,225,filterLoc,,
3720,229,filterLoc,,
3720,232,filterLoc,,
3720,235,filterLoc,,
3720,238,filterLoc,,
3720,241,filterLoc,,
3720,244,filterLoc,,
3720,247,filterLoc,,
3720,250,filterLoc,,
3720,253,filterLoc,,
3720,256,filterLoc,,
3720,259,filterLoc,,
3720,262,filterLoc,,
3720,265,filterLoc,,
3720,268,filterLoc,,
3720,271,filterLoc,,
3720,274,filterLoc,,
3720,277,filterLoc,,
3720,280,filterLoc,,
3720,283,filterLoc,,
3720,286,filterLoc,,
3720,289,filterLoc,,
3720,294,helicopter,,Helicopter;4;is loading people at the evacuation site;;and has;0;spots taken
3720,296,filterLoc,,
3720,299,filterLoc,,
3720,302,filterLoc,,
3720,305,filterLoc,,
3720,308,filterLoc,,
3720,311,filterLoc,,
3720,314,filterLoc,,
3720,317,filterLoc,,
3720,320,filterLoc,,
3720,323,filterLoc,,
3720,326,filterLoc,,
3720,329,filterLoc,,
3720,332,filterLoc,,
3720,335,filterLoc,,
3720,338,filterLoc,,
3720,341,filterLoc,,
3720,344,filterLoc,,
3720,347,filterLoc,,
3720,350,filterLoc,,
3720,353,filterLoc,,
3720,356,filterLoc,,
3720,359,filterLoc,,
3720,362,filterLoc,,
3720,365,filterLoc,,
3720,368,filterLoc,,
3720,371,filterLoc,,
3720,374,filterLoc,,
3720,377,filterLoc,,
3720,380,filterLoc,,
3720,383,filterLoc,,
3720,386,filterLoc,,
3720,389,filterLoc,,
3720,392,filterLoc,,
3720,395,filterLoc,,
3720,398,filterLoc,,
3720,401,filterLoc,,
3720,404,filterLoc,,
3720,407,filterLoc,,
3720,410,filterLoc,,
3720,413,filterLoc,,
3720,416,filterLoc,,
3720,419,filterLoc,,
3720,422,filterLoc,,
3720,425,filterLoc,,
3720,428,filterLoc,,
3720,431,filterLoc,,
3720,434,filterLoc,,
3720,437,filterLoc,,
3720,440,filterLoc,,
3720,443,filterLoc,,
3720,446,filterLoc,,
3720,449,filterLoc,,
3720,452,filterLoc,,
3720,455,filterLoc,,
3720,458,filterLoc,,
3720,461,filterLoc,,
3720,464,filterLoc,,
3720,467,filterLoc,,
3720,470,filterLoc,,
3720,473,filterLoc,,
3720,476,filterLoc,,
3720,479,filterLoc,,
3720,482,filterLoc,,
3720,485,filterLoc,,
3720,488,filterLoc,,
3720,491,filterLoc,,
3720,494,filterLoc,,
3720,497,filterLoc,,
3720,500,filterLoc,,
3720,503,filterLoc,,
3720,506,filterLoc,,
3720,509,filterLoc,,
3720,512,filterLoc,,
3720,515,filterLoc,,
3720,518,filterLoc,,
3720,521,filterLoc,,
3720,524,filterLoc,,
3720,527,filterLoc,,
3720,530,filterLoc,,
3720,533,filterLoc,,
3720,536,filterLoc,,
3720,539,filterLoc,,
3720,542,filterLoc,,
3720,545,filterLoc,,
3720,548,filterLoc,,
3720,551,filterLoc,,
3720,554,filterLoc,,;Evacuee;148;in triage category;R;is entering helicopter;4
3720,557,filterLoc,,
3720,560,filterLoc,,
3720,563,filterLoc,,
3720,566,filterLoc,,
3720,569,filterLoc,,
3720,576,filterLoc,,
3720,579,filterLoc,,
3720,582,filterLoc,,
3720,585,filterLoc,,
3720,588,filterLoc,,
3720,591,filterLoc,,
3720,594,filterLoc,,
3720,597,filterLoc,,
3720,600,filterLoc,,
3720,603,filterLoc,,
3720,606,filterLoc,,
3720,609,filterLoc,,
3720,612,filterLoc,,
3720,615,filterLoc,,
3720,618,filterLoc,,
3720,621,filterLoc,,
3720,624,filterLoc,,
3720,627,filterLoc,,
3720,630,filterLoc,,
3720,633,filterLoc,,
3720,636,filterLoc,,
3720,639,filterLoc,,
3720,642,filterLoc,,
3720,645,filterLoc,,
3720,648,filterLoc,,
3720,651,filterLoc,,
3720,654,filterLoc,,
3720,657,filterLoc,,
3720,660,filterLoc,,
3720,663,filterLoc,,
3720,666,filterLoc,,
3720,669,filterLoc,,
3720,672,filterLoc,,
3720,675,filterLoc,,
3720,678,filterLoc,,
3720,681,filterLoc,,
3720,684,filterLoc,,
3720,687,filterLoc,,
3720,690,filterLoc,,
3720,693,filterLoc,,
3720,696,filterLoc,,
3720,699,filterLoc,,
3720,702,filterLoc,,
3720,705,filterLoc,,
3720,708,filterLoc,,
3720,711,filterLoc,,
3720,714,filterLoc,,
3720,717,filterLoc,,
3720,720,filterLoc,,
3720,723,filterLoc,,
3720,726,filterLoc,,
3720,729,filterLoc,,
3720,732,filterLoc,,
3720,735,filterLoc,,
3720,738,filterLoc,,
3720,741,filterLoc,,
3720,744,filterLoc,,
3720,747,filterLoc,,
3720,750,filterLoc,,
3720,753,filterLoc,,
3720,756,filterLoc,,
3720,759,filterLoc,,
3720,762,filterLoc,,
3720,765,filterLoc,,;Evacuee;271;in triage category;R;is entering helicopter;4
3720,768,filterLoc,,
3720,771,filterLoc,,
3720,774,filterLoc,,
3720,777,filterLoc,,
3720,780,filterLoc,,
3720,783,filterLoc,,
3720,786,filterLoc,,
3720,789,filterLoc,,
3720,792,filterLoc,,
3720,795,filterLoc,,
3720,798,filterLoc,,
3720,801,filterLoc,,
3720,804,filterLoc,,
3720,807,filterLoc,,
3720,810,filterLoc,,
3720,813,filterLoc,,
3720,816,filterLoc,,
3720,819,filterLoc,,
3720,822,filterLoc,,
3720,825,filterLoc,,
3720,828,filterLoc,,
3720,831,filterLoc,,
3720,834,filterLoc,,
3720,837,filterLoc,,
3720,840,filterLoc,,
3720,843,filterLoc,,
3720,846,filterLoc,,
3720,849,filterLoc,,
3720,852,filterLoc,,
3720,855,filterLoc,,
3720,858,filterLoc,,
3720,861,filterLoc,,
3720,864,filterLoc,,
3720,867,filterLoc,,
3720,870,filterLoc,,
3720,873,filterLoc,,
3720,876,filterLoc,,
3720,879,filterLoc,,
3720,882,filterLoc,,
3720,885,filterLoc,,
3720,888,filterLoc,,
3720,891,filterLoc,,
3720,894,filterLoc,,
3720,897,filterLoc,,
3720,900,filterLoc,,
3720,903,filterLoc,,
3720,906,filterLoc,,
3720,909,filterLoc,,
3720,912,filterLoc,,
3720,915,filterLoc,,
3720,918,filterLoc,,
3720,921,filterLoc,,
3720,924,filterLoc,,
3720,927,filterLoc,,
3720,930,filterLoc,,
3720,933,filterLoc,,
3720,936,filterLoc,,
3720,939,filterLoc,,
3720,942,filterLoc,,
3720,945,filterLoc,,
3720,948,filterLoc,,
3720,951,filterLoc,,
3720,954,filterLoc,,
3720,957,filterLoc,,
3720,960,filterLoc,,
3720,963,filterLoc,,
3720,966,filterLoc,,
3720,969,filterLoc,,
3720,972,filterLoc,,
3720,975,filterLoc,,
3720,978,filterLoc,,
3720,981,filterLoc,,
3720,984,filterLoc,,
3720,987,filterLoc,,
3720,990,filterLoc,,
3720,993,filterLoc,,
3720,996,filterLoc,,
3720,999,filterLoc,,
3720,1002,filterLoc,,
3720,1005,filterLoc,,
3720,1008,filterLoc,,
3720,1011,filterLoc,,
3720,1014,filterLoc,,
3720,1017,filterLoc,,
3720,1020,filterLoc,,
3720,1023,filterLoc,,
3720,1026,filterLoc,,
3720,1029,filterLoc,,
3720,1032,filterLoc,,
3720,1035,filterLoc,,
3720,1038,filterLoc,,
3720,1041,filterLoc,,
3720,1044,filterLoc,,
3720,1047,filterLoc,,
3720,1050,filterLoc,,
3720,1053,filterLoc,,
3720,1056,filterLoc,,
3720,1059,filterLoc,,
3720,1062,filterLoc,,
3720,1065,filterLoc,,
3720,1068,filterLoc,,
3720,1071,filterLoc,,
3720,1074,filterLoc,,
3720,1077,filterLoc,,
3720,1080,filterLoc,,;Evacuee;91;in triage category;Y;is entering helicopter;4
3720,1083,filterLoc,,
3720,1086,filterLoc,,
3720,1089,filterLoc,,
3720,1092,filterLoc,,
3720,1095,filterLoc,,
3720,1098,filterLoc,,
3720,1101,filterLoc,,
3720,1104,filterLoc,,
3720,1107,filterLoc,,
3720,1110,filterLoc,,
3720,1113,filterLoc,,
3720,1116,filterLoc,,
3720,1119,filterLoc,,
3720,1122,filterLoc,,
3720,1125,filterLoc,,
3720,1128,filterLoc,,
3720,1135,filterLoc,,
3720,1138,filterLoc,,
3720,1141,filterLoc,,
3720,1144,filterLoc,,
3720,1147,filterLoc,,
3720,1150,filterLoc,,
3720,1153,filterLoc,,
3720,1156,filterLoc,,
3720,1159,filterLoc,,
3720,1162,filterLoc,,
3720,1165,filterLoc,,
3720,1168,filterLoc,,
3720,1175,filterLoc,,
3720,1178,filterLoc,,
3720,1181,filterLoc,,
3720,1184,filterLoc,,
3720,1187,filterLoc,,
3720,1190,filterLoc,,
3720,1193,filterLoc,,
3720,1196,filterLoc,,
3720,1199,filterLoc,,
3720,1202,filterLoc,,
3720,1205,filterLoc,,
3720,1208,filterLoc,,
3720,1211,filterLoc,,
3720,1214,filterLoc,,
3720,1217,filterLoc,,
3720,1220,filterLoc,,
3720,1223,filterLoc,,
3720,1226,filterLoc,,
3720,1229,filterLoc,,
3720,1232,filterLoc,,
3720,1235,filterLoc,,
3720,1238,filterLoc,,
3720,1241,filterLoc,,
3720,1244,filterLoc,,
3720,1247,filterLoc,,
3720,1250,filterLoc,,
3720,1253,filterLoc,,
3720,1256,filterLoc,,
3720,1259,filterLoc,,
3720,1262,filterLoc,,
3720,1265,filterLoc,,
3720,1268,filterLoc,,
3720,1271,filterLoc,,
3720,1274,filterLoc,,
3720,1277,filterLoc,,
3720,1280,filterLoc,,
3720,1283,filterLoc,,
3720,1286,filterLoc,,
3720,1289,filterLoc,,
3720,1292,filterLoc,,
3720,1295,filterLoc,,
3720,1298,filterLoc,,
3720,1301,filterLoc,,
3720,1304,filterLoc,,
3720,1307,filterLoc,,
3720,1310,filterLoc,,
3720,1313,filterLoc,,
3720,1316,filterLoc,,
3720,1319,filterLoc,,
3720,1322,filterLoc,,
3720,1325,filterLoc,,
3720,1328,filterLoc,,
3720,1331,filterLoc,,
3720,1334,filterLoc,,
3720,1337,filterLoc,,
3720,1340,filterLoc,,
3720,1343,filterLoc,,
3720,1346,filterLoc,,
3720,1349,filterLoc,,
3720,1352,filterLoc,,
3720,1355,filterLoc,,
3720,1358,filterLoc,,
3720,1361,filterLoc,,
3720,1364,filterLoc,,
3720,1367,filterLoc,,
3720,1370,filterLoc,,
3720,1373,filterLoc,,
3720,1376,filterLoc,,
3720,1379,filterLoc,,
3720,1382,filterLoc,,
3720,1385,filterLoc,,
3720,1388,filterLoc,,
3720,1391,filterLoc,,
3720,1394,filterLoc,,
3720,1397,filterLoc,,
3720,1400,filterLoc,,
3720,1403,filterLoc,,
3720,1406,filterLoc,,
3720,1409,filterLoc,,
3720,1412,filterLoc,,
3720,1415,filterLoc,,
3720,1418,filterLoc,,
3720,1421,filterLoc,,
3720,1424,filterLoc,,
3720,1427,filterLoc,,
3720,1430,filterLoc,,
3720,1433,filterLoc,,
3720,1436,filterLoc,,
3720,1439,filterLoc,,
3720,1442,filterLoc,,
3720,1445,filterLoc,,
3720,1448,filterLoc,,
3720,1451,filterLoc,,
3720,1454,filterLoc,,
3720,1457,filterLoc,,
3720,1460,filterLoc,,
3720,1463,filterLoc,,
3720,1466,filterLoc,,
3720,1469,filterLoc,,
3720,1472,filterLoc,,
3720,1475,filterLoc,,
3720,1478,filterLoc,,
3720,1481,filterLoc,,
3720,1484,filterLoc,,
3720,1487,filterLoc,,
3720,1490,filterLoc,,
3720,1493,filterLoc,,
3720,1496,filterLoc,,
3720,1499,filterLoc,,
3720,1502,filterLoc,,
3720,1505,filterLoc,,
3720,1508,filterLoc,,
3720,1511,filterLoc,,
3720,1514,filterLoc,,
3720,1517,filterLoc,,
3720,1520,filterLoc,,
3720,1523,filterLoc,,
3720,1526,filterLoc,,
3720,1529,filterLoc,,
3720,554,filterLoc,out,Evacuee 148 in triage category R is assigned helicopter 4
3720,554,filterLoc,,
3720,555,evacuee,,Evacuee;148;in triage state;R;is entering helicopter;4
3720,765,filterLoc,out,Evacuee 271 in triage category R is assigned helicopter 4
3720,765,filterLoc,,
3720,766,evacuee,,Evacuee;271;in triage state;R;is entering helicopter;4
3720,1080,filterLoc,out,Evacuee 91 in triage category Y is assigned helicopter 4
3720,1080,filterLoc,,
3720,1081,evacuee,,Evacuee;91;in triage state;Y;is entering helicopter;4
3720,7,filterEvac,,
3720,107,filterEvac,,
3720,292,filterEvac,,;Evacuee;91;in triage category;Y;is entering helicopter;4;Evacuee;148;in triage category;R;is entering helicopter;4;Evacuee;271;in triage category;R;is entering helicopter;4
3720,555,evacuee,outHelo,Evacuee 148 in triage category R is assigned helicopter 4
3720,555,evacuee,,Evacuee;148;in triage state;R;is in helicopter;4
3720,572,filterEvac,,
3720,766,evacuee,outHelo,Evacuee 271 in triage category R is assigned helicopter 4
3720,766,evacuee,,Evacuee;271;in triage state;R;is in helicopter;4
3720,1081,evacuee,outHelo,Evacuee 91 in triage category Y is assigned helicopter 4
3720,1081,evacuee,,Evacuee;91;in triage state;Y;is in helicopter;4
3720,1131,filterEvac,,
3720,1171,filterEvac,,
3720,292,filterEvac,out,Evacuee 91 in triage category Y is assigned helicopter 4
3720,292,filterEvac,out,Evacuee 148 in triage category R is assigned helicopter 4
3720,292,filterEvac,out,Evacuee 271 in triage category R is assigned helicopter 4
3720,292,filterEvac,,
3720,294,helicopter,,Helicopter;4;is loading people at the evacuation site;;and has;9;spots taken
3725.44,3,evacueeManager,,OFF SHIP: White;0;Green;0;Yellow;15;Red;1;Black;336;ON SHIP: White;0;Green;0;Yellow;0;Red;0;Evacuees to Transfer;
3725.44,148,evacuee,outES,Evacuee 406 in triage category Y is not assigned a helicopter
3725.44,148,evacuee,,Evacuee;406;in triage state;R;is at the evacuation site
3735,4,helipadManager,outHelo,Helicopter 4 is evacuating people4
3735,4,helipadManager,,;No helos are at ES
3735,8,filterES,,
3735,108,filterES,,
3735,293,filterES,,Helicopter;4;is evacuating people
3735,573,filterES,,
3735,1132,filterES,,
3735,1172,filterES,,
3735,4,helipadManager,outHQ,0
3735,4,helipadManager,,;No helos are at ES
3735,5,helicopterQueue,,;No helos are waiting to land
3735,293,filterES,out,Helicopter 4 is evacuating people4
3735,293,filterES,,
3735,294,helicopter,,Helicopter;4;is loading people at the evacuation site;;and has;9;spots taken
3735,5,helicopterQueue,,;No helos are waiting to land
3735,294,helicopter,,Helicopter;4;is returning to the FOL;;and has;9;spots taken
3753.19,3,evacueeManager,,OFF SHIP: White;0;Green;0;Yellow;14;Red;2;Black;336;ON SHIP: White;0;Green;0;Yellow;0;Red;0;Evacuees to Transfer;
3753.19,976,evacuee,outES,Evacuee 402 in triage category Y is not assigned a helicopter
3753.19,976,evacuee,,Evacuee;402;in triage state;R;is at the evacuation site
3763.49,3,evacueeManager,,OFF SHIP: White;0;Green;0;Yellow;13;Red;3;Black;336;ON SHIP: White;0;Green;0;Yellow;0;Red;0;Evacuees to Transfer;
3763.49,901,evacuee,outES,Evacuee 22 in triage category Y is not assigned a helicopter
3763.49,901,evacuee,,Evacuee;22;in triage state;R;is at the evacuation site
3765,11,filterLoc,,
3765,14,filterLoc,,
3765,17,filterLoc,,
3765,20,filterLoc,,
3765,23,filterLoc,,
3765,26,filterLoc,,
3765,29,filterLoc,,
3765,32,filterLoc,,
3765,35,filterLoc,,
3765,38,filterLoc,,
3765,41,filterLoc,,
3765,44,filterLoc,,
3765,47,filterLoc,,
3765,50,filterLoc,,
3765,53,filterLoc,,
3765,56,filterLoc,,
3765,59,filterLoc,,
3765,62,filterLoc,,
3765,65,filterLoc,,
3765,68,filterLoc,,
3765,71,filterLoc,,
3765,74,filterLoc,,
3765,77,filterLoc,,
3765,80,filterLoc,,
3765,83,filterLoc,,
3765,86,filterLoc,,;Evacuee;448;in triage category;G;is leaving helicopter;2
3765,89,filterLoc,,;Evacuee;445;in triage category;G;is leaving helicopter;2
3765,92,filterLoc,,;Evacuee;442;in triage category;G;is leaving helicopter;2
3765,95,filterLoc,,;Evacuee;441;in triage category;G;is leaving helicopter;2
3765,98,filterLoc,,
3765,101,filterLoc,,
3765,104,filterLoc,,
3765,111,filterLoc,,
3765,114,filterLoc,,
3765,117,filterLoc,,
3765,120,filterLoc,,
3765,123,filterLoc,,
3765,126,filterLoc,,
3765,129,filterLoc,,
3765,132,filterLoc,,
3765,135,filterLoc,,
3765,138,filterLoc,,
3765,141,filterLoc,,
3765,144,filterLoc,,
3765,147,filterLoc,,
3765,150,filterLoc,,
3765,153,filterLoc,,
3765,156,filterLoc,,
3765,159,filterLoc,,
3765,162,filterLoc,,
3765,165,filterLoc,,
3765,168,filterLoc,,
3765,171,filterLoc,,
3765,174,filterLoc,,
3765,177,filterLoc,,
3765,180,filterLoc,,
3765,183,filterLoc,,
3765,186,filterLoc,,
3765,189,filterLoc,,
3765,192,filterLoc,,
3765,195,filterLoc,,
3765,198,filterLoc,,
3765,201,filterLoc,,
3765,204,filterLoc,,
3765,207,filterLoc,,
3765,210,filterLoc,,
3765,213,filterLoc,,
3765,216,filterLoc,,
3765,219,filterLoc,,
3765,222,filterLoc,,
3765,225,filterLoc,,
3765,229,filterLoc,,
3765,232,filterLoc,,
3765,235,filterLoc,,
3765,238,filterLoc,,
3765,241,filterLoc,,
3765,244,filterLoc,,
3765,247,filterLoc,,
3765,250,filterLoc,,
3765,253,filterLoc,,
3765,256,filterLoc,,
3765,259,filterLoc,,
3765,262,filterLoc,,
3765,265,filterLoc,,
3765,268,filterLoc,,
3765,271,filterLoc,,
3765,274,filterLoc,,
3765,277,filterLoc,,
3765,280,filterLoc,,
3765,283,filterLoc,,
3765,286,filterLoc,,
3765,289,filterLoc,,
3765,296,filterLoc,,
3765,299,filterLoc,,
3765,302,filterLoc,,
3765,305,filterLoc,,
3765,308,filterLoc,,
3765,311,filterLoc,,
3765,314,filterLoc,,
3765,317,filterLoc,,
3765,320,filterLoc,,
3765,323,filterLoc,,
3765,326,filterLoc,,
3765,329,filterLoc,,
3765,332,filterLoc,,
3765,335,filterLoc,,
3765,338,filterLoc,,
3765,341,filterLoc,,
3765,344,filterLoc,,
3765,347,filterLoc,,
3765,350,filterLoc,,
3765,353,filterLoc,,
3765,356,filterLoc,,
3765,359,filterLoc,,
3765,362,filterLoc,,
3765,365,filterLoc,,
3765,368,filterLoc,,
3765,371,filterLoc,,
3765,374,filterLoc,,
3765,377,filterLoc,,
3765,380,filterLoc,,
3765,383,filterLoc,,
3765,386,filterLoc,,
3765,389,filterLoc,,
3765,392,filterLoc,,
3765,395,filterLoc,,
3765,398,filterLoc,,
3765,401,filterLoc,,
3765,404,filterLoc,,
3765,407,filterLoc,,
3765,410,filterLoc,,
3765,413,filterLoc,,
3765,416,filterLoc,,
3765,419,filterLoc,,
3765,422,filterLoc,,
3765,425,filterLoc,,
3765,428,filterLoc,,
3765,431,filterLoc,,
3765,434,filterLoc,,
3765,437,filterLoc,,
3765,440,filterLoc,,
3765,443,filterLoc,,
3765,446,filterLoc,,
3765,449,filterLoc,,
3765,452,filterLoc,,
3765,455,filterLoc,,
3765,458,filterLoc,,
3765,461,filterLoc,,
3765,464,filterLoc,,
3765,467,filterLoc,,
3765,470,filterLoc,,
3765,473,filterLoc,,
3765,476,filterLoc,,
3765,479,filterLoc,,
3765,482,filterLoc,,
3765,485,filterLoc,,
3765,488,filterLoc,,
3765,491,filterLoc,,
3765,494,filterLoc,,
3765,497,filterLoc,,;Evacuee;432;in triage category;G;is leaving helicopter;2
3765,500,filterLoc,,
3765,503,filterLoc,,
3765,506,filterLoc,,
3765,509,filterLoc,,
3765,512,filterLoc,,
3765,515,filterLoc,,
3765,518,filterLoc,,
3765,521,filterLoc,,
3765,524,filterLoc,,
3765,527,filterLoc,,
3765,530,filterLoc,,
3765,533,filterLoc,,
3765,536,filterLoc,,
3765,539,filterLoc,,
3765,542,filterLoc,,
3765,545,filterLoc,,
3765,548,filterLoc,,
3765,551,filterLoc,,
3765,554,filterLoc,,
3765,557,filterLoc,,
3765,560,filterLoc,,
3765,563,filterLoc,,;Evacuee;424;in triage category;G;is leaving helicopter;2
3765,566,filterLoc,,
3765,569,filterLoc,,
3765,576,filterLoc,,
3765,579,filterLoc,,
3765,582,filterLoc,,
3765,585,filterLoc,,
3765,588,filterLoc,,
3765,591,filterLoc,,
3765,594,filterLoc,,
3765,597,filterLoc,,
3765,600,filterLoc,,
3765,603,filterLoc,,
3765,606,filterLoc,,
3765,609,filterLoc,,
3765,612,filterLoc,,
3765,615,filterLoc,,
3765,618,filterLoc,,
3765,621,filterLoc,,
3765,624,filterLoc,,
3765,627,filterLoc,,
3765,630,filterLoc,,
3765,633,filterLoc,,
3765,636,filterLoc,,
3765,639,filterLoc,,
3765,642,filterLoc,,
3765,645,filterLoc,,
3765,648,filterLoc,,
3765,651,filterLoc,,
3765,654,filterLoc,,
3765,657,filterLoc,,
3765,660,filterLoc,,
3765,663,filterLoc,,
3765,666,filterLoc,,
3765,669,filterLoc,,
3765,672,filterLoc,,
3765,675,filterLoc,,
3765,678,filterLoc,,
3765,681,filterLoc,,
3765,684,filterLoc,,
3765,687,filterLoc,,
3765,690,filterLoc,,
3765,693,filterLoc,,
3765,696,filterLoc,,
3765,699,filterLoc,,
3765,702,filterLoc,,
3765,705,filterLoc,,
3765,708,filterLoc,,
3765,711,filterLoc,,
3765,714,filterLoc,,
3765,717,filterLoc,,
3765,720,filterLoc,,
3765,723,filterLoc,,
3765,726,filterLoc,,
3765,729,filterLoc,,
3765,732,filterLoc,,
3765,735,filterLoc,,
3765,738,filterLoc,,
3765,741,filterLoc,,
3765,744,filterLoc,,
3765,747,filterLoc,,
3765,750,filterLoc,,
3765,753,filterLoc,,
3765,756,filterLoc,,
3765,759,filterLoc,,
3765,762,filterLoc,,
3765,765,filterLoc,,
3765,768,filterLoc,,
3765,771,filterLoc,,
3765,774,filterLoc,,
3765,777,filterLoc,,
3765,780,filterLoc,,
3765,783,filterLoc,,
3765,786,filterLoc,,
3765,789,filterLoc,,
3765,792,filterLoc,,
3765,795,filterLoc,,
3765,798,filterLoc,,
3765,801,filterLoc,,
3765,804,filterLoc,,
3765,807,filterLoc,,
3765,810,filterLoc,,
3765,813,filterLoc,,
3765,816,filterLoc,,
3765,819,filterLoc,,
3765,822,filterLoc,,
3765,825,filterLoc,,
3765,828,filterLoc,,
3765,831,filterLoc,,
3765,834,filterLoc,,
3765,837,filterLoc,,
3765,840,filterLoc,,
3765,843,filterLoc,,
3765,846,filterLoc,,
3765,849,filterLoc,,
3765,852,filterLoc,,
3765,855,filterLoc,,
3765,858,filterLoc,,
3765,861,filterLoc,,
3765,864,filterLoc,,
3765,867,filterLoc,,
3765,870,filterLoc,,
3765,873,filterLoc,,
3765,876,filterLoc,,
3765,879,filterLoc,,
3765,882,filterLoc,,
3765,885,filterLoc,,
3765,888,filterLoc,,
3765,891,filterLoc,,
3765,894,filterLoc,,
3765,897,filterLoc,,
3765,900,filterLoc,,
3765,903,filterLoc,,
3765,906,filterLoc,,
3765,909,filterLoc,,
3765,912,filterLoc,,
3765,915,filterLoc,,
3765,918,filterLoc,,
3765,921,filterLoc,,
3765,924,filterLoc,,;Evacuee;451;in triage category;G;is leaving helicopter;2
3765,927,filterLoc,,
3765,930,filterLoc,,
3765,933,filterLoc,,
3765,936,filterLoc,,
3765,939,filterLoc,,
3765,942,filterLoc,,
3765,945,filterLoc,,
3765,948,filterLoc,,
3765,951,filterLoc,,
3765,954,filterLoc,,
3765,957,filterLoc,,
3765,960,filterLoc,,
3765,963,filterLoc,,
3765,966,filterLoc,,
3765,969,filterLoc,,
3765,972,filterLoc,,
3765,975,filterLoc,,
3765,978,filterLoc,,
3765,981,filterLoc,,
3765,984,filterLoc,,
3765,987,filterLoc,,
3765,990,filterLoc,,
3765,993,filterLoc,,
3765,996,filterLoc,,
3765,999,filterLoc,,
3765,1002,filterLoc,,
3765,1005,filterLoc,,
3765,1008,filterLoc,,
3765,1011,filterLoc,,
3765,1014,filterLoc,,
3765,1017,filterLoc,,
3765,1020,filterLoc,,
3765,1023,filterLoc,,
3765,1026,filterLoc,,
3765,1029,filterLoc,,
3765,1032,filterLoc,,
3765,1035,filterLoc,,
3765,1038,filterLoc,,
3765,1041,filterLoc,,
3765,1044,filterLoc,,
3765,1047,filterLoc,,
3765,1050,filterLoc,,;Evacuee;429;in triage category;G;is leaving helicopter;2
3765,1053,filterLoc,,
3765,1056,filterLoc,,
3765,1059,filterLoc,,
3765,1062,filterLoc,,
3765,1065,filterLoc,,
3765,1068,filterLoc,,
3765,1071,filterLoc,,
3765,1074,filterLoc,,
3765,1077,filterLoc,,
3765,1080,filterLoc,,
3765,1083,filterLoc,,
3765,1086,filterLoc,,
3765,1089,filterLoc,,
3765,1092,filterLoc,,
3765,1095,filterLoc,,
3765,1098,filterLoc,,
3765,1101,filterLoc,,
3765,1104,filterLoc,,
3765,1107,filterLoc,,
3765,1110,filterLoc,,
3765,1113,filterLoc,,
3765,1116,filterLoc,,
3765,1119,filterLoc,,
3765,1122,filterLoc,,
3765,1125,filterLoc,,
3765,1128,filterLoc,,
3765,1133,helicopter,outEvac,Evacuee 416 in triage category G is not assigned a helicopter
3765,1133,helicopter,outEvac,Evacuee 417 in triage category G is not assigned a helicopter
3765,1133,helicopter,outEvac,Evacuee 424 in triage category G is not assigned a helicopter
3765,1133,helicopter,outEvac,Evacuee 429 in triage category G is not assigned a helicopter
3765,1133,helicopter,outEvac,Evacuee 432 in triage category G is not assigned a helicopter
3765,1133,helicopter,outEvac,Evacuee 441 in triage category G is not assigned a helicopter
3765,1133,helicopter,outEvac,Evacuee 442 in triage category G is not assigned a helicopter
3765,1133,helicopter,outEvac,Evacuee 445 in triage category G is not assigned a helicopter
3765,1133,helicopter,outEvac,Evacuee 448 in triage category G is not assigned a helicopter
3765,1133,helicopter,outEvac,Evacuee 451 in triage category G is not assigned a helicopter
3765,1133,helicopter,,Helicopter;2;is unloading people at the FOL;;and has;0;spots taken
3765,1135,filterLoc,,
3765,1138,filterLoc,,
3765,1141,filterLoc,,
3765,1144,filterLoc,,
3765,1147,filterLoc,,
3765,1150,filterLoc,,
3765,1153,filterLoc,,
3765,1156,filterLoc,,
3765,1159,filterLoc,,
3765,1162,filterLoc,,
3765,1165,filterLoc,,
3765,1168,filterLoc,,
3765,1175,filterLoc,,
3765,1178,filterLoc,,
3765,1181,filterLoc,,
3765,1184,filterLoc,,
3765,1187,filterLoc,,
3765,1190,filterLoc,,
3765,1193,filterLoc,,;Evacuee;416;in triage category;G;is leaving helicopter;2
3765,1196,filterLoc,,
3765,1199,filterLoc,,
3765,1202,filterLoc,,
3765,1205,filterLoc,,
3765,1208,filterLoc,,
3765,1211,filterLoc,,
3765,1214,filterLoc,,
3765,1217,filterLoc,,
3765,1220,filterLoc,,
3765,1223,filterLoc,,
3765,1226,filterLoc,,
3765,1229,filterLoc,,
3765,1232,filterLoc,,
3765,1235,filterLoc,,
3765,1238,filterLoc,,
3765,1241,filterLoc,,
3765,1244,filterLoc,,
3765,1247,filterLoc,,
3765,1250,filterLoc,,
3765,1253,filterLoc,,
3765,1256,filterLoc,,
3765,1259,filterLoc,,
3765,1262,filterLoc,,
3765,1265,filterLoc,,
3765,1268,filterLoc,,
3765,1271,filterLoc,,
3765,1274,filterLoc,,
3765,1277,filterLoc,,
3765,1280,filterLoc,,
3765,1283,filterLoc,,
3765,1286,filterLoc,,
3765,1289,filterLoc,,
3765,1292,filterLoc,,
3765,1295,filterLoc,,
3765,1298,filterLoc,,
3765,1301,filterLoc,,
3765,1304,filterLoc,,
3765,1307,filterLoc,,
3765,1310,filterLoc,,
3765,1313,filterLoc,,
3765,1316,filterLoc,,
3765,1319,filterLoc,,
3765,1322,filterLoc,,
3765,1325,filterLoc,,
3765,1328,filterLoc,,
3765,1331,filterLoc,,
3765,1334,filterLoc,,
3765,1337,filterLoc,,
3765,1340,filterLoc,,
3765,1343,filterLoc,,
3765,1346,filterLoc,,;Evacuee;417;in triage category;G;is leaving helicopter;2
3765,1349,filterLoc,,
3765,1352,filterLoc,,
3765,1355,filterLoc,,
3765,1358,filterLoc,,
3765,1361,filterLoc,,
3765,1364,filterLoc,,
3765,1367,filterLoc,,
3765,1370,filterLoc,,
3765,1373,filterLoc,,
3765,1376,filterLoc,,
3765,1379,filterLoc,,
3765,1382,filterLoc,,
3765,1385,filterLoc,,
3765,1388,filterLoc,,
3765,1391,filterLoc,,
3765,1394,filterLoc,,
3765,1397,filterLoc,,
3765,1400,filterLoc,,
3765,1403,filterLoc,,
3765,1406,filterLoc,,
3765,1409,filterLoc,,
3765,1412,filterLoc,,
3765,1415,filterLoc,,
3765,1418,filterLoc,,
3765,1421,filterLoc,,
3765,1424,filterLoc,,
3765,1427,filterLoc,,
3765,1430,filterLoc,,
3765,1433,filterLoc,,
3765,1436,filterLoc,,
3765,1439,filterLoc,,
3765,1442,filterLoc,,
3765,1445,filterLoc,,
3765,1448,filterLoc,,
3765,1451,filterLoc,,
3765,1454,filterLoc,,
3765,1457,filterLoc,,
3765,1460,filterLoc,,
3765,1463,filterLoc,,
3765,1466,filterLoc,,
3765,1469,filterLoc,,
3765,1472,filterLoc,,
3765,1475,filterLoc,,
3765,1478,filterLoc,,
3765,1481,filterLoc,,
3765,1484,filterLoc,,
3765,1487,filterLoc,,
3765,1490,filterLoc,,
3765,1493,filterLoc,,
3765,1496,filterLoc,,
3765,1499,filterLoc,,
3765,1502,filterLoc,,
3765,1505,filterLoc,,
3765,1508,filterLoc,,
3765,1511,filterLoc,,
3765,1514,filterLoc,,
3765,1517,filterLoc,,
3765,1520,filterLoc,,
3765,1523,filterLoc,,
3765,1526,filterLoc,,
3765,1529,filterLoc,,
3765,86,filterLoc,out,Evacuee 448 in triage category G is not assigned a helicopter
3765,86,filterLoc,,
3765,87,evacuee,,Evacuee;448;in triage state;G;is entering the FOL
3765,89,filterLoc,out,Evacuee 445 in triage category G is not assigned a helicopter
3765,89,filterLoc,,
3765,90,evacuee,,Evacuee;445;in triage state;G;is entering the FOL
3765,92,filterLoc,out,Evacuee 442 in triage category G is not assigned a helicopter
3765,92,filterLoc,,
3765,93,evacuee,,Evacuee;442;in triage state;G;is entering the FOL
3765,95,filterLoc,out,Evacuee 441 in triage category G is not assigned a helicopter
3765,95,filterLoc,,
3765,96,evacuee,,Evacuee;441;in triage state;G;is entering the FOL
3765,497,filterLoc,out,Evacuee 432 in triage category G is not assigned a helicopter
3765,497,filterLoc,,
3765,498,evacuee,,Evacuee;432;in triage state;G;is entering the FOL
3765,563,filterLoc,out,Evacuee 424 in triage category G is not assigned a helicopter
3765,563,filterLoc,,
3765,564,evacuee,,Evacuee;424;in triage state;G;is entering the FOL
3765,924,filterLoc,out,Evacuee 451 in triage category G is not assigned a helicopter
3765,924,filterLoc,,
3765,925,evacuee,,Evacuee;451;in triage state;G;is entering the FOL
3765,1050,filterLoc,out,Evacuee 429 in triage category G is not assigned a helicopter
3765,1050,filterLoc,,
3765,1051,evacuee,,Evacuee;429;in triage state;G;is entering the FOL
3765,1193,filterLoc,out,Evacuee 416 in triage category G is not assigned a helicopter
3765,1193,filterLoc,,
3765,1194,evacuee,,Evacuee;416;in triage state;G;is entering the FOL
3765,1346,filterLoc,out,Evacuee 417 in triage category G is not assigned a helicopter
3765,1346,filterLoc,,
3765,1347,evacuee,,Evacuee;417;in triage state;G;is entering the FOL
3765,87,evacuee,outFOL,Evacuee 448 in triage category G is not assigned a helicopter
3765,87,evacuee,,Evacuee;448;in triage state;G;is at the FOL
3765,90,evacuee,outFOL,Evacuee 445 in triage category G is not assigned a helicopter
3765,90,evacuee,,Evacuee;445;in triage state;G;is at the FOL
3765,93,evacuee,outFOL,Evacuee 442 in triage category G is not assigned a helicopter
3765,93,evacuee,,Evacuee;442;in triage state;G;is at the FOL
3765,96,evacuee,outFOL,Evacuee 441 in triage category G is not assigned a helicopter
3765,96,evacuee,,Evacuee;441;in triage state;G;is at the FOL
3765,227,FOL,,;EvacueeID;5;Triage Status;G;EvacueeID;6;Triage Status;G;EvacueeID;7;Triage Status;G;EvacueeID;9;Triage Status;G;EvacueeID;16;Triage Status;G;EvacueeID;19;Triage Status;G;EvacueeID;20;Triage Status;G;EvacueeID;25;Triage Status;G;EvacueeID;28;Triage Status;G;EvacueeID;32;Triage Status;G;EvacueeID;34;Triage Status;G;EvacueeID;35;Triage Status;G;EvacueeID;40;Triage Status;G;EvacueeID;41;Triage Status;G;EvacueeID;44;Triage Status;G;EvacueeID;49;Triage Status;G;EvacueeID;50;Triage Status;G;EvacueeID;51;Triage Status;G;EvacueeID;52;Triage Status;G;EvacueeID;58;Triage Status;G;EvacueeID;61;Triage Status;G;EvacueeID;63;Triage Status;G;EvacueeID;64;Triage Status;G;EvacueeID;70;Triage Status;G;EvacueeID;73;Triage Status;G;EvacueeID;74;Triage Status;G;EvacueeID;76;Triage Status;G;EvacueeID;81;Triage Status;G;EvacueeID;83;Triage Status;G;EvacueeID;86;Triage Status;G;EvacueeID;87;Triage Status;G;EvacueeID;89;Triage Status;G;EvacueeID;90;Triage Status;G;EvacueeID;92;Triage Status;G;EvacueeID;94;Triage Status;G;EvacueeID;97;Triage Status;G;EvacueeID;102;Triage Status;G;EvacueeID;103;Triage Status;G;EvacueeID;104;Triage Status;G;EvacueeID;105;Triage Status;G;EvacueeID;107;Triage Status;G;EvacueeID;111;Triage Status;G;EvacueeID;116;Triage Status;G;EvacueeID;117;Triage Status;G;EvacueeID;118;Triage Status;G;EvacueeID;119;Triage Status;G;EvacueeID;120;Triage Status;G;EvacueeID;124;Triage Status;G;EvacueeID;126;Triage Status;G;EvacueeID;127;Triage Status;G;EvacueeID;128;Triage Status;G;EvacueeID;129;Triage Status;G;EvacueeID;131;Triage Status;G;EvacueeID;134;Triage Status;G;EvacueeID;137;Triage Status;G;EvacueeID;138;Triage Status;G;EvacueeID;150;Triage Status;G;EvacueeID;154;Triage Status;G;EvacueeID;155;Triage Status;G;EvacueeID;157;Triage Status;G;EvacueeID;160;Triage Status;G;EvacueeID;162;Triage Status;G;EvacueeID;163;Triage Status;G;EvacueeID;166;Triage Status;G;EvacueeID;173;Triage Status;G;EvacueeID;180;Triage Status;G;EvacueeID;181;Triage Status;G;EvacueeID;182;Triage Status;G;EvacueeID;183;Triage Status;G;EvacueeID;184;Triage Status;G;EvacueeID;185;Triage Status;G;EvacueeID;186;Triage Status;G;EvacueeID;192;Triage Status;G;EvacueeID;199;Triage Status;G;EvacueeID;203;Triage Status;G;EvacueeID;204;Triage Status;G;EvacueeID;205;Triage Status;G;EvacueeID;206;Triage Status;G;EvacueeID;217;Triage Status;G;EvacueeID;227;Triage Status;G;EvacueeID;232;Triage Status;G;EvacueeID;233;Triage Status;G;EvacueeID;234;Triage Status;G;EvacueeID;235;Triage Status;G;EvacueeID;236;Triage Status;G;EvacueeID;237;Triage Status;G;EvacueeID;245;Triage Status;G;EvacueeID;250;Triage Status;G;EvacueeID;251;Triage Status;G;EvacueeID;266;Triage Status;G;EvacueeID;267;Triage Status;G;EvacueeID;269;Triage Status;G;EvacueeID;273;Triage Status;G;EvacueeID;274;Triage Status;G;EvacueeID;275;Triage Status;G;EvacueeID;277;Triage Status;G;EvacueeID;278;Triage Status;G;EvacueeID;279;Triage Status;G;EvacueeID;285;Triage Status;G;EvacueeID;293;Triage Status;G;EvacueeID;295;Triage Status;G;EvacueeID;297;Triage Status;G;EvacueeID;303;Triage Status;G;EvacueeID;304;Triage Status;G;EvacueeID;305;Triage Status;G;EvacueeID;306;Triage Status;G;EvacueeID;308;Triage Status;G;EvacueeID;309;Triage Status;G;EvacueeID;310;Triage Status;G;EvacueeID;315;Triage Status;G;EvacueeID;320;Triage Status;G;EvacueeID;323;Triage Status;G;EvacueeID;327;Triage Status;G;EvacueeID;328;Triage Status;G;EvacueeID;330;Triage Status;G;EvacueeID;331;Triage Status;G;EvacueeID;334;Triage Status;G;EvacueeID;335;Triage Status;G;EvacueeID;337;Triage Status;G;EvacueeID;352;Triage Status;G;EvacueeID;363;Triage Status;G;EvacueeID;371;Triage Status;G;EvacueeID;372;Triage Status;G;EvacueeID;374;Triage Status;G;EvacueeID;375;Triage Status;G;EvacueeID;377;Triage Status;G;EvacueeID;378;Triage Status;G;EvacueeID;401;Triage Status;G;EvacueeID;403;Triage Status;G;EvacueeID;404;Triage Status;G;EvacueeID;416;Triage Status;G;EvacueeID;417;Triage Status;G;EvacueeID;424;Triage Status;G;EvacueeID;429;Triage Status;G;EvacueeID;432;Triage Status;G;EvacueeID;441;Triage Status;G;EvacueeID;442;Triage Status;G;EvacueeID;445;Triage Status;G;EvacueeID;448;Triage Status;G;EvacueeID;451;Triage Status;G;Lives Saved;140
3765,498,evacuee,outFOL,Evacuee 432 in triage category G is not assigned a helicopter
3765,498,evacuee,,Evacuee;432;in triage state;G;is at the FOL
3765,564,evacuee,outFOL,Evacuee 424 in triage category G is not assigned a helicopter
3765,564,evacuee,,Evacuee;424;in triage state;G;is at the FOL
3765,925,evacuee,outFOL,Evacuee 451 in triage category G is not assigned a helicopter
3765,925,evacuee,,Evacuee;451;in triage state;G;is at the FOL
3765,1051,evacuee,outFOL,Evacuee 429 in triage category G is not assigned a helicopter
3765,1051,evacuee,,Evacuee;429;in triage state;G;is at the FOL
3765,1194,evacuee,outFOL,Evacuee 416 in triage category G is not assigned a helicopter
3765,1194,evacuee,,Evacuee;416;in triage state;G;is at the FOL
3765,1347,evacuee,outFOL,Evacuee 417 in triage category G is not assigned a helicopter
3765,1347,evacuee,,Evacuee;417;in triage state;G;is at the FOL
3765,227,FOL,,;EvacueeID;5;Triage Status;G;EvacueeID;6;Triage Status;G;EvacueeID;7;Triage Status;G;EvacueeID;9;Triage Status;G;EvacueeID;16;Triage Status;G;EvacueeID;19;Triage Status;G;EvacueeID;20;Triage Status;G;EvacueeID;25;Triage Status;G;EvacueeID;28;Triage Status;G;EvacueeID;32;Triage Status;G;EvacueeID;34;Triage Status;G;EvacueeID;35;Triage Status;G;EvacueeID;40;Triage Status;G;EvacueeID;41;Triage Status;G;EvacueeID;44;Triage Status;G;EvacueeID;49;Triage Status;G;EvacueeID;50;Triage Status;G;EvacueeID;51;Triage Status;G;EvacueeID;52;Triage Status;G;EvacueeID;58;Triage Status;G;EvacueeID;61;Triage Status;G;EvacueeID;63;Triage Status;G;EvacueeID;64;Triage Status;G;EvacueeID;70;Triage Status;G;EvacueeID;73;Triage Status;G;EvacueeID;74;Triage Status;G;EvacueeID;76;Triage Status;G;EvacueeID;81;Triage Status;G;EvacueeID;83;Triage Status;G;EvacueeID;86;Triage Status;G;EvacueeID;87;Triage Status;G;EvacueeID;89;Triage Status;G;EvacueeID;90;Triage Status;G;EvacueeID;92;Triage Status;G;EvacueeID;94;Triage Status;G;EvacueeID;97;Triage Status;G;EvacueeID;102;Triage Status;G;EvacueeID;103;Triage Status;G;EvacueeID;104;Triage Status;G;EvacueeID;105;Triage Status;G;EvacueeID;107;Triage Status;G;EvacueeID;111;Triage Status;G;EvacueeID;116;Triage Status;G;EvacueeID;117;Triage Status;G;EvacueeID;118;Triage Status;G;EvacueeID;119;Triage Status;G;EvacueeID;120;Triage Status;G;EvacueeID;124;Triage Status;G;EvacueeID;126;Triage Status;G;EvacueeID;127;Triage Status;G;EvacueeID;128;Triage Status;G;EvacueeID;129;Triage Status;G;EvacueeID;131;Triage Status;G;EvacueeID;134;Triage Status;G;EvacueeID;137;Triage Status;G;EvacueeID;138;Triage Status;G;EvacueeID;150;Triage Status;G;EvacueeID;154;Triage Status;G;EvacueeID;155;Triage Status;G;EvacueeID;157;Triage Status;G;EvacueeID;160;Triage Status;G;EvacueeID;162;Triage Status;G;EvacueeID;163;Triage Status;G;EvacueeID;166;Triage Status;G;EvacueeID;173;Triage Status;G;EvacueeID;180;Triage Status;G;EvacueeID;181;Triage Status;G;EvacueeID;182;Triage Status;G;EvacueeID;183;Triage Status;G;EvacueeID;184;Triage Status;G;EvacueeID;185;Triage Status;G;EvacueeID;186;Triage Status;G;EvacueeID;192;Triage Status;G;EvacueeID;199;Triage Status;G;EvacueeID;203;Triage Status;G;EvacueeID;204;Triage Status;G;EvacueeID;205;Triage Status;G;EvacueeID;206;Triage Status;G;EvacueeID;217;Triage Status;G;EvacueeID;227;Triage Status;G;EvacueeID;232;Triage Status;G;EvacueeID;233;Triage Status;G;EvacueeID;234;Triage Status;G;EvacueeID;235;Triage Status;G;EvacueeID;236;Triage Status;G;EvacueeID;237;Triage Status;G;EvacueeID;245;Triage Status;G;EvacueeID;250;Triage Status;G;EvacueeID;251;Triage Status;G;EvacueeID;266;Triage Status;G;EvacueeID;267;Triage Status;G;EvacueeID;269;Triage Status;G;EvacueeID;273;Triage Status;G;EvacueeID;274;Triage Status;G;EvacueeID;275;Triage Status;G;EvacueeID;277;Triage Status;G;EvacueeID;278;Triage Status;G;EvacueeID;279;Triage Status;G;EvacueeID;285;Triage Status;G;EvacueeID;293;Triage Status;G;EvacueeID;295;Triage Status;G;EvacueeID;297;Triage Status;G;EvacueeID;303;Triage Status;G;EvacueeID;304;Triage Status;G;EvacueeID;305;Triage Status;G;EvacueeID;306;Triage Status;G;EvacueeID;308;Triage Status;G;EvacueeID;309;Triage Status;G;EvacueeID;310;Triage Status;G;EvacueeID;315;Triage Status;G;EvacueeID;320;Triage Status;G;EvacueeID;323;Triage Status;G;EvacueeID;327;Triage Status;G;EvacueeID;328;Triage Status;G;EvacueeID;330;Triage Status;G;EvacueeID;331;Triage Status;G;EvacueeID;334;Triage Status;G;EvacueeID;335;Triage Status;G;EvacueeID;337;Triage Status;G;EvacueeID;352;Triage Status;G;EvacueeID;363;Triage Status;G;EvacueeID;371;Triage Status;G;EvacueeID;372;Triage Status;G;EvacueeID;374;Triage Status;G;EvacueeID;375;Triage Status;G;EvacueeID;377;Triage Status;G;EvacueeID;378;Triage Status;G;EvacueeID;401;Triage Status;G;EvacueeID;403;Triage Status;G;EvacueeID;404;Triage Status;G;EvacueeID;416;Triage Status;G;EvacueeID;417;Triage Status;G;EvacueeID;424;Triage Status;G;EvacueeID;429;Triage Status;G;EvacueeID;432;Triage Status;G;EvacueeID;441;Triage Status;G;EvacueeID;442;Triage Status;G;EvacueeID;445;Triage Status;G;EvacueeID;448;Triage Status;G;EvacueeID;451;Triage Status;G;Lives Saved;140
3766.98,3,evacueeManager,,OFF SHIP: White;0;Green;0;Yellow;13;Red;2;Black;337;ON SHIP: White;0;Green;0;Yellow;0;Red;0;Evacuees to Transfer;
3766.98,976,evacuee,outES,Evacuee 402 in triage category R is not assigned a helicopter
3766.98,976,evacuee,,Evacuee;402;in triage state;B;is at the evacuation site
3780,5,helicopterQueue,,1;Helos are waiting to land;HeloID;5
3780,574,helicopter,outES,Helicopter 5 is evacuating people5
3780,574,helicopter,,Helicopter;5;is waiting to land at the evacuation site;;and has;0;spots taken
3780,1133,helicopter,,Helicopter;2;Is going to the evacuation site;;and has;0;spots taken
3780,4,helipadManager,,;No helos are at ES
3780,5,helicopterQueue,outHM,Helicopter 5 is evacuating people5
3780,5,helicopterQueue,outHelo,Helicopter 5 is evacuating people5
3780,5,helicopterQueue,,;No helos are waiting to land
3780,8,filterES,,
3780,108,filterES,,
3780,293,filterES,,
3780,573,filterES,,Helicopter;5;is evacuating people
3780,1132,filterES,,
3780,1172,filterES,,
3780,3,evacueeManager,,OFF SHIP: White;0;Green;0;Yellow;12;Red;0;Black;337;ON SHIP: White;0;Green;0;Yellow;0;Red;0;Evacuees to Transfer;;EvacueeID;406;HeloID;5;OnShip;0;Triage Status;R;EvacueeID;22;HeloID;5;OnShip;0;Triage Status;R;EvacueeID;465;HeloID;5;OnShip;0;Triage Status;Y
3780,4,helipadManager,outEM,Helicopter 5 is evacuating people5
3780,4,helipadManager,,Helo;5;is at the ES
3780,573,filterES,out,Helicopter 5 is evacuating people5
3780,573,filterES,,
3780,574,helicopter,,Helicopter;5;is waiting to land at the evacuation site;;and has;0;spots taken
3780,3,evacueeManager,outEvac,Evacuee 406 in triage category R is assigned helicopter 5
3780,3,evacueeManager,outEvac,Evacuee 22 in triage category R is assigned helicopter 5
3780,3,evacueeManager,outEvac,Evacuee 465 in triage category Y is assigned helicopter 5
3780,3,evacueeManager,,OFF SHIP: White;0;Green;0;Yellow;12;Red;0;Black;337;ON SHIP: White;0;Green;0;Yellow;0;Red;0;Evacuees to Transfer;
3780,11,filterLoc,,
3780,14,filterLoc,,
3780,17,filterLoc,,
3780,20,filterLoc,,
3780,23,filterLoc,,
3780,26,filterLoc,,
3780,29,filterLoc,,
3780,32,filterLoc,,
3780,35,filterLoc,,
3780,38,filterLoc,,
3780,41,filterLoc,,
3780,44,filterLoc,,
3780,47,filterLoc,,
3780,50,filterLoc,,
3780,53,filterLoc,,
3780,56,filterLoc,,
3780,59,filterLoc,,
3780,62,filterLoc,,
3780,65,filterLoc,,
3780,68,filterLoc,,
3780,71,filterLoc,,
3780,74,filterLoc,,
3780,77,filterLoc,,
3780,80,filterLoc,,
3780,83,filterLoc,,
3780,86,filterLoc,,
3780,89,filterLoc,,
3780,92,filterLoc,,
3780,95,filterLoc,,
3780,98,filterLoc,,
3780,101,filterLoc,,
3780,104,filterLoc,,
3780,111,filterLoc,,
3780,114,filterLoc,,
3780,117,filterLoc,,
3780,120,filterLoc,,
3780,123,filterLoc,,
3780,126,filterLoc,,
3780,129,filterLoc,,
3780,132,filterLoc,,
3780,135,filterLoc,,
3780,138,filterLoc,,
3780,141,filterLoc,,
3780,144,filterLoc,,
3780,147,filterLoc,,;Evacuee;406;in triage category;R;is entering helicopter;5
3780,150,filterLoc,,
3780,153,filterLoc,,
3780,156,filterLoc,,
3780,159,filterLoc,,
3780,162,filterLoc,,
3780,165,filterLoc,,
3780,168,filterLoc,,
3780,171,filterLoc,,
3780,174,filterLoc,,
3780,177,filterLoc,,
3780,180,filterLoc,,
3780,183,filterLoc,,
3780,186,filterLoc,,
3780,189,filterLoc,,
3780,192,filterLoc,,
3780,195,filterLoc,,
3780,198,filterLoc,,
3780,201,filterLoc,,
3780,204,filterLoc,,
3780,207,filterLoc,,
3780,210,filterLoc,,
3780,213,filterLoc,,
3780,216,filterLoc,,
3780,219,filterLoc,,
3780,222,filterLoc,,
3780,225,filterLoc,,
3780,229,filterLoc,,
3780,232,filterLoc,,
3780,235,filterLoc,,
3780,238,filterLoc,,
3780,241,filterLoc,,
3780,244,filterLoc,,
3780,247,filterLoc,,
3780,250,filterLoc,,
3780,253,filterLoc,,
3780,256,filterLoc,,
3780,259,filterLoc,,
3780,262,filterLoc,,
3780,265,filterLoc,,
3780,268,filterLoc,,
3780,271,filterLoc,,
3780,274,filterLoc,,
3780,277,filterLoc,,
3780,280,filterLoc,,
3780,283,filterLoc,,
3780,286,filterLoc,,
3780,289,filterLoc,,
3780,296,filterLoc,,
3780,299,filterLoc,,
3780,302,filterLoc,,
3780,305,filterLoc,,
3780,308,filterLoc,,
3780,311,filterLoc,,
3780,314,filterLoc,,
3780,317,filterLoc,,
3780,320,filterLoc,,
3780,323,filterLoc,,
3780,326,filterLoc,,
3780,329,filterLoc,,
3780,332,filterLoc,,
3780,335,filterLoc,,
3780,338,filterLoc,,
3780,341,filterLoc,,
3780,344,filterLoc,,
3780,347,filterLoc,,
3780,350,filterLoc,,
3780,353,filterLoc,,
3780,356,filterLoc,,
3780,359,filterLoc,,
3780,362,filterLoc,,
3780,365,filterLoc,,
3780,368,filterLoc,,
3780,371,filterLoc,,
3780,374,filterLoc,,
3780,377,filterLoc,,
3780,380,filterLoc,,
3780,383,filterLoc,,
3780,386,filterLoc,,
3780,389,filterLoc,,
3780,392,filterLoc,,
3780,395,filterLoc,,
3780,398,filterLoc,,
3780,401,filterLoc,,
3780,404,filterLoc,,
3780,407,filterLoc,,
3780,410,filterLoc,,
3780,413,filterLoc,,
3780,416,filterLoc,,
3780,419,filterLoc,,
3780,422,filterLoc,,
3780,425,filterLoc,,
3780,428,filterLoc,,
3780,431,filterLoc,,
3780,434,filterLoc,,
3780,437,filterLoc,,
3780,440,filterLoc,,
3780,443,filterLoc,,
3780,446,filterLoc,,
3780,449,filterLoc,,
3780,452,filterLoc,,
3780,455,filterLoc,,
3780,458,filterLoc,,
3780,461,filterLoc,,
3780,464,filterLoc,,
3780,467,filterLoc,,
3780,470,filterLoc,,
3780,473,filterLoc,,
3780,476,filterLoc,,
3780,479,filterLoc,,
3780,482,filterLoc,,
3780,485,filterLoc,,
3780,488,filterLoc,,
3780,491,filterLoc,,
3780,494,filterLoc,,
3780,497,filterLoc,,
3780,500,filterLoc,,
3780,503,filterLoc,,
3780,506,filterLoc,,
3780,509,filterLoc,,
3780,512,filterLoc,,
3780,515,filterLoc,,
3780,518,filterLoc,,
3780,521,filterLoc,,
3780,524,filterLoc,,
3780,527,filterLoc,,
3780,530,filterLoc,,
3780,533,filterLoc,,
3780,536,filterLoc,,
3780,539,filterLoc,,
3780,542,filterLoc,,
3780,545,filterLoc,,
3780,548,filterLoc,,
3780,551,filterLoc,,
3780,554,filterLoc,,
3780,557,filterLoc,,
3780,560,filterLoc,,
3780,563,filterLoc,,
3780,566,filterLoc,,
3780,569,filterLoc,,
3780,574,helicopter,,Helicopter;5;is loading people at the evacuation site;;and has;0;spots taken
3780,576,filterLoc,,
3780,579,filterLoc,,
3780,582,filterLoc,,
3780,585,filterLoc,,
3780,588,filterLoc,,
3780,591,filterLoc,,
3780,594,filterLoc,,
3780,597,filterLoc,,
3780,600,filterLoc,,
3780,603,filterLoc,,
3780,606,filterLoc,,
3780,609,filterLoc,,
3780,612,filterLoc,,
3780,615,filterLoc,,
3780,618,filterLoc,,
3780,621,filterLoc,,
3780,624,filterLoc,,
3780,627,filterLoc,,
3780,630,filterLoc,,
3780,633,filterLoc,,
3780,636,filterLoc,,
3780,639,filterLoc,,
3780,642,filterLoc,,
3780,645,filterLoc,,
3780,648,filterLoc,,
3780,651,filterLoc,,
3780,654,filterLoc,,
3780,657,filterLoc,,
3780,660,filterLoc,,
3780,663,filterLoc,,
3780,666,filterLoc,,
3780,669,filterLoc,,
3780,672,filterLoc,,
3780,675,filterLoc,,
3780,678,filterLoc,,
3780,681,filterLoc,,
3780,684,filterLoc,,
3780,687,filterLoc,,
3780,690,filterLoc,,
3780,693,filterLoc,,
3780,696,filterLoc,,
3780,699,filterLoc,,
3780,702,filterLoc,,
3780,705,filterLoc,,
3780,708,filterLoc,,
3780,711,filterLoc,,
3780,714,filterLoc,,
3780,717,filterLoc,,
3780,720,filterLoc,,
3780,723,filterLoc,,
3780,726,filterLoc,,
3780,729,filterLoc,,
3780,732,filterLoc,,
3780,735,filterLoc,,
3780,738,filterLoc,,
3780,741,filterLoc,,
3780,744,filterLoc,,
3780,747,filterLoc,,
3780,750,filterLoc,,
3780,753,filterLoc,,
3780,756,filterLoc,,
3780,759,filterLoc,,
3780,762,filterLoc,,
3780,765,filterLoc,,
3780,768,filterLoc,,
3780,771,filterLoc,,
3780,774,filterLoc,,
3780,777,filterLoc,,
3780,780,filterLoc,,
3780,783,filterLoc,,
3780,786,filterLoc,,
3780,789,filterLoc,,
3780,792,filterLoc,,
3780,795,filterLoc,,
3780,798,filterLoc,,
3780,801,filterLoc,,
3780,804,filterLoc,,
3780,807,filterLoc,,
3780,810,filterLoc,,
3780,813,filterLoc,,
3780,816,filterLoc,,
3780,819,filterLoc,,
3780,822,filterLoc,,
3780,825,filterLoc,,
3780,828,filterLoc,,
3780,831,filterLoc,,
3780,834,filterLoc,,
3780,837,filterLoc,,
3780,840,filterLoc,,
3780,843,filterLoc,,
3780,846,filterLoc,,
3780,849,filterLoc,,
3780,852,filterLoc,,
3780,855,filterLoc,,
3780,858,filterLoc,,
3780,861,filterLoc,,
3780,864,filterLoc,,
3780,867,filterLoc,,
3780,870,filterLoc,,
3780,873,filterLoc,,
3780,876,filterLoc,,
3780,879,filterLoc,,
3780,882,filterLoc,,
3780,885,filterLoc,,
3780,888,filterLoc,,
3780,891,filterLoc,,
3780,894,filterLoc,,
3780,897,filterLoc,,
3780,900,filterLoc,,;Evacuee;22;in triage category;R;is entering helicopter;5
3780,903,filterLoc,,
3780,906,filterLoc,,
3780,909,filterLoc,,
3780,912,filterLoc,,
3780,915,filterLoc,,
3780,918,filterLoc,,
3780,921,filterLoc,,
3780,924,filterLoc,,
3780,927,filterLoc,,
3780,930,filterLoc,,
3780,933,filterLoc,,
3780,936,filterLoc,,
3780,939,filterLoc,,
3780,942,filterLoc,,
3780,945,filterLoc,,
3780,948,filterLoc,,
3780,951,filterLoc,,
3780,954,filterLoc,,
3780,957,filterLoc,,
3780,960,filterLoc,,
3780,963,filterLoc,,
3780,966,filterLoc,,
3780,969,filterLoc,,
3780,972,filterLoc,,
3780,975,filterLoc,,
3780,978,filterLoc,,
3780,981,filterLoc,,
3780,984,filterLoc,,
3780,987,filterLoc,,
3780,990,filterLoc,,
3780,993,filterLoc,,
3780,996,filterLoc,,
3780,999,filterLoc,,
3780,1002,filterLoc,,
3780,1005,filterLoc,,
3780,1008,filterLoc,,
3780,1011,filterLoc,,
3780,1014,filterLoc,,
3780,1017,filterLoc,,
3780,1020,filterLoc,,
3780,1023,filterLoc,,
3780,1026,filterLoc,,
3780,1029,filterLoc,,
3780,1032,filterLoc,,
3780,1035,filterLoc,,
3780,1038,filterLoc,,
3780,1041,filterLoc,,
3780,1044,filterLoc,,
3780,1047,filterLoc,,
3780,1050,filterLoc,,
3780,1053,filterLoc,,
3780,1056,filterLoc,,
3780,1059,filterLoc,,
3780,1062,filterLoc,,
3780,1065,filterLoc,,
3780,1068,filterLoc,,
3780,1071,filterLoc,,
3780,1074,filterLoc,,
3780,1077,filterLoc,,
3780,1080,filterLoc,,
3780,1083,filterLoc,,
3780,1086,filterLoc,,
3780,1089,filterLoc,,
3780,1092,filterLoc,,
3780,1095,filterLoc,,
3780,1098,filterLoc,,
3780,1101,filterLoc,,
3780,1104,filterLoc,,
3780,1107,filterLoc,,
3780,1110,filterLoc,,
3780,1113,filterLoc,,
3780,1116,filterLoc,,
3780,1119,filterLoc,,
3780,1122,filterLoc,,
3780,1125,filterLoc,,
3780,1128,filterLoc,,
3780,1135,filterLoc,,
3780,1138,filterLoc,,
3780,1141,filterLoc,,
3780,1144,filterLoc,,
3780,1147,filterLoc,,
3780,1150,filterLoc,,
3780,1153,filterLoc,,
3780,1156,filterLoc,,
3780,1159,filterLoc,,
3780,1162,filterLoc,,
3780,1165,filterLoc,,
3780,1168,filterLoc,,
3780,1175,filterLoc,,
3780,1178,filterLoc,,
3780,1181,filterLoc,,;Evacuee;465;in triage category;Y;is entering helicopter;5
3780,1184,filterLoc,,
3780,1187,filterLoc,,
3780,1190,filterLoc,,
3780,1193,filterLoc,,
3780,1196,filterLoc,,
3780,1199,filterLoc,,
3780,1202,filterLoc,,
3780,1205,filterLoc,,
3780,1208,filterLoc,,
3780,1211,filterLoc,,
3780,1214,filterLoc,,
3780,1217,filterLoc,,
3780,1220,filterLoc,,
3780,1223,filterLoc,,
3780,1226,filterLoc,,
3780,1229,filterLoc,,
3780,1232,filterLoc,,
3780,1235,filterLoc,,
3780,1238,filterLoc,,
3780,1241,filterLoc,,
3780,1244,filterLoc,,
3780,1247,filterLoc,,
3780,1250,filterLoc,,
3780,1253,filterLoc,,
3780,1256,filterLoc,,
3780,1259,filterLoc,,
3780,1262,filterLoc,,
3780,1265,filterLoc,,
3780,1268,filterLoc,,
3780,1271,filterLoc,,
3780,1274,filterLoc,,
3780,1277,filterLoc,,
3780,1280,filterLoc,,
3780,1283,filterLoc,,
3780,1286,filterLoc,,
3780,1289,filterLoc,,
3780,1292,filterLoc,,
3780,1295,filterLoc,,
3780,1298,filterLoc,,
3780,1301,filterLoc,,
3780,1304,filterLoc,,
3780,1307,filterLoc,,
3780,1310,filterLoc,,
3780,1313,filterLoc,,
3780,1316,filterLoc,,
3780,1319,filterLoc,,
3780,1322,filterLoc,,
3780,1325,filterLoc,,
3780,1328,filterLoc,,
3780,1331,filterLoc,,
3780,1334,filterLoc,,
3780,1337,filterLoc,,
3780,1340,filterLoc,,
3780,1343,filterLoc,,
3780,1346,filterLoc,,
3780,1349,filterLoc,,
3780,1352,filterLoc,,
3780,1355,filterLoc,,
3780,1358,filterLoc,,
3780,1361,filterLoc,,
3780,1364,filterLoc,,
3780,1367,filterLoc,,
3780,1370,filterLoc,,
3780,1373,filterLoc,,
3780,1376,filterLoc,,
3780,1379,filterLoc,,
3780,1382,filterLoc,,
3780,1385,filterLoc,,
3780,1388,filterLoc,,
3780,1391,filterLoc,,
3780,1394,filterLoc,,
3780,1397,filterLoc,,
3780,1400,filterLoc,,
3780,1403,filterLoc,,
3780,1406,filterLoc,,
3780,1409,filterLoc,,
3780,1412,filterLoc,,
3780,1415,filterLoc,,
3780,1418,filterLoc,,
3780,1421,filterLoc,,
3780,1424,filterLoc,,
3780,1427,filterLoc,,
3780,1430,filterLoc,,
3780,1433,filterLoc,,
3780,1436,filterLoc,,
3780,1439,filterLoc,,
3780,1442,filterLoc,,
3780,1445,filterLoc,,
3780,1448,filterLoc,,
3780,1451,filterLoc,,
3780,1454,filterLoc,,
3780,1457,filterLoc,,
3780,1460,filterLoc,,
3780,1463,filterLoc,,
3780,1466,filterLoc,,
3780,1469,filterLoc,,
3780,1472,filterLoc,,
3780,1475,filterLoc,,
3780,1478,filterLoc,,
3780,1481,filterLoc,,
3780,1484,filterLoc,,
3780,1487,filterLoc,,
3780,1490,filterLoc,,
3780,1493,filterLoc,,
3780,1496,filterLoc,,
3780,1499,filterLoc,,
3780,1502,filterLoc,,
3780,1505,filterLoc,,
3780,1508,filterLoc,,
3780,1511,filterLoc,,
3780,1514,filterLoc,,
3780,1517,filterLoc,,
3780,1520,filterLoc,,
3780,1523,filterLoc,,
3780,1526,filterLoc,,
3780,1529,filterLoc,,
3780,147,filterLoc,out,Evacuee 406 in triage category R is assigned helicopter 5
3780,147,filterLoc,,
3780,148,evacuee,,Evacuee;406;in triage state;R;is entering helicopter;5
3780,900,filterLoc,out,Evacuee 22 in triage category R is assigned helicopter 5
3780,900,filterLoc,,
3780,901,evacuee,,Evacuee;22;in triage state;R;is entering helicopter;5
3780,1181,filterLoc,out,Evacuee 465 in triage category Y is assigned helicopter 5
3780,1181,filterLoc,,
3780,1182,evacuee,,Evacuee;465;in triage state;Y;is entering helicopter;5
3780,7,filterEvac,,
3780,107,filterEvac,,
3780,148,evacuee,outHelo,Evacuee 406 in triage category R is assigned helicopter 5
3780,148,evacuee,,Evacuee;406;in triage state;R;is in helicopter;5
3780,292,filterEvac,,
3780,572,filterEvac,,;Evacuee;22;in triage category;R;is entering helicopter;5;Evacuee;406;in triage category;R;is entering helicopter;5;Evacuee;465;in triage category;Y;is entering helicopter;5
3780,901,evacuee,outHelo,Evacuee 22 in triage category R is assigned helicopter 5
3780,901,evacuee,,Evacuee;22;in triage state;R;is in helicopter;5
3780,1131,filterEvac,,
3780,1171,filterEvac,,
3780,1182,evacuee,outHelo,Evacuee 465 in triage category Y is assigned helicopter 5
3780,1182,evacuee,,Evacuee;465;in triage state;Y;is in helicopter;5
3780,572,filterEvac,out,Evacuee 22 in triage category R is assigned helicopter 5
3780,572,filterEvac,out,Evacuee 406 in triage category R is assigned helicopter 5
3780,572,filterEvac,out,Evacuee 465 in triage category Y is assigned helicopter 5
3780,572,filterEvac,,
3780,574,helicopter,,Helicopter;5;is loading people at the evacuation site;;and has;9;spots taken
3791.38,3,evacueeManager,,OFF SHIP: White;0;Green;0;Yellow;11;Red;1;Black;337;ON SHIP: White;0;Green;0;Yellow;0;Red;0;Evacuees to Transfer;
3791.38,142,evacuee,outES,Evacuee 409 in triage category Y is not assigned a helicopter
3791.38,142,evacuee,,Evacuee;409;in triage state;R;is at the evacuation site
3795,4,helipadManager,outHelo,Helicopter 5 is evacuating people5
3795,4,helipadManager,,;No helos are at ES
3795,8,filterES,,
3795,108,filterES,,
3795,293,filterES,,
3795,573,filterES,,Helicopter;5;is evacuating people
3795,1132,filterES,,
3795,1172,filterES,,
3795,4,helipadManager,outHQ,0
3795,4,helipadManager,,;No helos are at ES
3795,5,helicopterQueue,,;No helos are waiting to land
3795,573,filterES,out,Helicopter 5 is evacuating people5
3795,573,filterES,,
3795,574,helicopter,,Helicopter;5;is loading people at the evacuation site;;and has;9;spots taken
3795,5,helicopterQueue,,;No helos are waiting to land
3795,574,helicopter,,Helicopter;5;is returning to the FOL;;and has;9;spots taken
3806.63,3,evacueeManager,,OFF SHIP: White;0;Green;0;Yellow;11;Red;0;Black;338;ON SHIP: White;0;Green;0;Yellow;0;Red;0;Evacuees to Transfer;
3806.63,142,evacuee,outES,Evacuee 409 in triage category R is not assigned a helicopter
3806.63,142,evacuee,,Evacuee;409;in triage state;B;is at the evacuation site
3825,11,filterLoc,,
3825,14,filterLoc,,
3825,17,filterLoc,,
3825,20,filterLoc,,
3825,23,filterLoc,,
3825,26,filterLoc,,
3825,29,filterLoc,,
3825,32,filterLoc,,
3825,35,filterLoc,,
3825,38,filterLoc,,
3825,41,filterLoc,,
3825,44,filterLoc,,
3825,47,filterLoc,,
3825,50,filterLoc,,
3825,53,filterLoc,,
3825,56,filterLoc,,
3825,59,filterLoc,,
3825,62,filterLoc,,
3825,65,filterLoc,,
3825,68,filterLoc,,
3825,71,filterLoc,,
3825,74,filterLoc,,
3825,77,filterLoc,,
3825,80,filterLoc,,;Evacuee;456;in triage category;G;is leaving helicopter;3
3825,83,filterLoc,,;Evacuee;455;in triage category;G;is leaving helicopter;3
3825,86,filterLoc,,
3825,89,filterLoc,,
3825,92,filterLoc,,
3825,95,filterLoc,,
3825,98,filterLoc,,
3825,101,filterLoc,,
3825,104,filterLoc,,
3825,109,helicopter,outEvac,Evacuee 338 in triage category R is not assigned a helicopter
3825,109,helicopter,outEvac,Evacuee 408 in triage category R is not assigned a helicopter
3825,109,helicopter,outEvac,Evacuee 453 in triage category G is not assigned a helicopter
3825,109,helicopter,outEvac,Evacuee 455 in triage category G is not assigned a helicopter
3825,109,helicopter,outEvac,Evacuee 456 in triage category G is not assigned a helicopter
3825,109,helicopter,,Helicopter;3;is unloading people at the FOL;;and has;0;spots taken
3825,111,filterLoc,,
3825,114,filterLoc,,
3825,117,filterLoc,,
3825,120,filterLoc,,
3825,123,filterLoc,,
3825,126,filterLoc,,
3825,129,filterLoc,,
3825,132,filterLoc,,
3825,135,filterLoc,,
3825,138,filterLoc,,
3825,141,filterLoc,,
3825,144,filterLoc,,;Evacuee;408;in triage category;R;is leaving helicopter;3
3825,147,filterLoc,,
3825,150,filterLoc,,
3825,153,filterLoc,,
3825,156,filterLoc,,
3825,159,filterLoc,,
3825,162,filterLoc,,
3825,165,filterLoc,,
3825,168,filterLoc,,
3825,171,filterLoc,,
3825,174,filterLoc,,
3825,177,filterLoc,,
3825,180,filterLoc,,
3825,183,filterLoc,,
3825,186,filterLoc,,
3825,189,filterLoc,,
3825,192,filterLoc,,
3825,195,filterLoc,,
3825,198,filterLoc,,
3825,201,filterLoc,,
3825,204,filterLoc,,
3825,207,filterLoc,,
3825,210,filterLoc,,
3825,213,filterLoc,,
3825,216,filterLoc,,
3825,219,filterLoc,,
3825,222,filterLoc,,
3825,225,filterLoc,,
3825,229,filterLoc,,
3825,232,filterLoc,,
3825,235,filterLoc,,
3825,238,filterLoc,,
3825,241,filterLoc,,
3825,244,filterLoc,,
3825,247,filterLoc,,
3825,250,filterLoc,,
3825,253,filterLoc,,
3825,256,filterLoc,,
3825,259,filterLoc,,
3825,262,filterLoc,,
3825,265,filterLoc,,
3825,268,filterLoc,,
3825,271,filterLoc,,
3825,274,filterLoc,,
3825,277,filterLoc,,;Evacuee;338;in triage category;R;is leaving helicopter;3
3825,280,filterLoc,,
3825,283,filterLoc,,
3825,286,filterLoc,,
3825,289,filterLoc,,
3825,296,filterLoc,,
3825,299,filterLoc,,
3825,302,filterLoc,,
3825,305,filterLoc,,
3825,308,filterLoc,,
3825,311,filterLoc,,
3825,314,filterLoc,,
3825,317,filterLoc,,
3825,320,filterLoc,,
3825,323,filterLoc,,
3825,326,filterLoc,,
3825,329,filterLoc,,
3825,332,filterLoc,,
3825,335,filterLoc,,
3825,338,filterLoc,,
3825,341,filterLoc,,
3825,344,filterLoc,,
3825,347,filterLoc,,
3825,350,filterLoc,,
3825,353,filterLoc,,
3825,356,filterLoc,,
3825,359,filterLoc,,
3825,362,filterLoc,,
3825,365,filterLoc,,
3825,368,filterLoc,,
3825,371,filterLoc,,
3825,374,filterLoc,,
3825,377,filterLoc,,
3825,380,filterLoc,,
3825,383,filterLoc,,
3825,386,filterLoc,,
3825,389,filterLoc,,
3825,392,filterLoc,,
3825,395,filterLoc,,
3825,398,filterLoc,,
3825,401,filterLoc,,
3825,404,filterLoc,,
3825,407,filterLoc,,
3825,410,filterLoc,,
3825,413,filterLoc,,
3825,416,filterLoc,,
3825,419,filterLoc,,
3825,422,filterLoc,,
3825,425,filterLoc,,
3825,428,filterLoc,,
3825,431,filterLoc,,
3825,434,filterLoc,,
3825,437,filterLoc,,
3825,440,filterLoc,,
3825,443,filterLoc,,
3825,446,filterLoc,,
3825,449,filterLoc,,
3825,452,filterLoc,,
3825,455,filterLoc,,
3825,458,filterLoc,,
3825,461,filterLoc,,
3825,464,filterLoc,,
3825,467,filterLoc,,
3825,470,filterLoc,,
3825,473,filterLoc,,
3825,476,filterLoc,,
3825,479,filterLoc,,
3825,482,filterLoc,,
3825,485,filterLoc,,
3825,488,filterLoc,,
3825,491,filterLoc,,
3825,494,filterLoc,,
3825,497,filterLoc,,
3825,500,filterLoc,,
3825,503,filterLoc,,
3825,506,filterLoc,,
3825,509,filterLoc,,
3825,512,filterLoc,,
3825,515,filterLoc,,
3825,518,filterLoc,,
3825,521,filterLoc,,
3825,524,filterLoc,,
3825,527,filterLoc,,
3825,530,filterLoc,,
3825,533,filterLoc,,
3825,536,filterLoc,,
3825,539,filterLoc,,
3825,542,filterLoc,,
3825,545,filterLoc,,
3825,548,filterLoc,,
3825,551,filterLoc,,
3825,554,filterLoc,,
3825,557,filterLoc,,
3825,560,filterLoc,,
3825,563,filterLoc,,
3825,566,filterLoc,,
3825,569,filterLoc,,
3825,576,filterLoc,,
3825,579,filterLoc,,
3825,582,filterLoc,,
3825,585,filterLoc,,
3825,588,filterLoc,,
3825,591,filterLoc,,
3825,594,filterLoc,,
3825,597,filterLoc,,
3825,600,filterLoc,,
3825,603,filterLoc,,
3825,606,filterLoc,,
3825,609,filterLoc,,
3825,612,filterLoc,,
3825,615,filterLoc,,
3825,618,filterLoc,,
3825,621,filterLoc,,
3825,624,filterLoc,,
3825,627,filterLoc,,
3825,630,filterLoc,,
3825,633,filterLoc,,
3825,636,filterLoc,,
3825,639,filterLoc,,
3825,642,filterLoc,,
3825,645,filterLoc,,
3825,648,filterLoc,,
3825,651,filterLoc,,
3825,654,filterLoc,,
3825,657,filterLoc,,
3825,660,filterLoc,,
3825,663,filterLoc,,
3825,666,filterLoc,,
3825,669,filterLoc,,
3825,672,filterLoc,,
3825,675,filterLoc,,
3825,678,filterLoc,,
3825,681,filterLoc,,
3825,684,filterLoc,,
3825,687,filterLoc,,
3825,690,filterLoc,,
3825,693,filterLoc,,
3825,696,filterLoc,,
3825,699,filterLoc,,
3825,702,filterLoc,,
3825,705,filterLoc,,
3825,708,filterLoc,,
3825,711,filterLoc,,
3825,714,filterLoc,,
3825,717,filterLoc,,
3825,720,filterLoc,,
3825,723,filterLoc,,
3825,726,filterLoc,,
3825,729,filterLoc,,
3825,732,filterLoc,,
3825,735,filterLoc,,
3825,738,filterLoc,,
3825,741,filterLoc,,
3825,744,filterLoc,,
3825,747,filterLoc,,
3825,750,filterLoc,,
3825,753,filterLoc,,
3825,756,filterLoc,,
3825,759,filterLoc,,
3825,762,filterLoc,,
3825,765,filterLoc,,
3825,768,filterLoc,,
3825,771,filterLoc,,
3825,774,filterLoc,,
3825,777,filterLoc,,
3825,780,filterLoc,,
3825,783,filterLoc,,
3825,786,filterLoc,,
3825,789,filterLoc,,
3825,792,filterLoc,,
3825,795,filterLoc,,
3825,798,filterLoc,,
3825,801,filterLoc,,
3825,804,filterLoc,,
3825,807,filterLoc,,
3825,810,filterLoc,,
3825,813,filterLoc,,
3825,816,filterLoc,,
3825,819,filterLoc,,
3825,822,filterLoc,,
3825,825,filterLoc,,
3825,828,filterLoc,,
3825,831,filterLoc,,
3825,834,filterLoc,,
3825,837,filterLoc,,
3825,840,filterLoc,,
3825,843,filterLoc,,
3825,846,filterLoc,,
3825,849,filterLoc,,;Evacuee;453;in triage category;G;is leaving helicopter;3
3825,852,filterLoc,,
3825,855,filterLoc,,
3825,858,filterLoc,,
3825,861,filterLoc,,
3825,864,filterLoc,,
3825,867,filterLoc,,
3825,870,filterLoc,,
3825,873,filterLoc,,
3825,876,filterLoc,,
3825,879,filterLoc,,
3825,882,filterLoc,,
3825,885,filterLoc,,
3825,888,filterLoc,,
3825,891,filterLoc,,
3825,894,filterLoc,,
3825,897,filterLoc,,
3825,900,filterLoc,,
3825,903,filterLoc,,
3825,906,filterLoc,,
3825,909,filterLoc,,
3825,912,filterLoc,,
3825,915,filterLoc,,
3825,918,filterLoc,,
3825,921,filterLoc,,
3825,924,filterLoc,,
3825,927,filterLoc,,
3825,930,filterLoc,,
3825,933,filterLoc,,
3825,936,filterLoc,,
3825,939,filterLoc,,
3825,942,filterLoc,,
3825,945,filterLoc,,
3825,948,filterLoc,,
3825,951,filterLoc,,
3825,954,filterLoc,,
3825,957,filterLoc,,
3825,960,filterLoc,,
3825,963,filterLoc,,
3825,966,filterLoc,,
3825,969,filterLoc,,
3825,972,filterLoc,,
3825,975,filterLoc,,
3825,978,filterLoc,,
3825,981,filterLoc,,
3825,984,filterLoc,,
3825,987,filterLoc,,
3825,990,filterLoc,,
3825,993,filterLoc,,
3825,996,filterLoc,,
3825,999,filterLoc,,
3825,1002,filterLoc,,
3825,1005,filterLoc,,
3825,1008,filterLoc,,
3825,1011,filterLoc,,
3825,1014,filterLoc,,
3825,1017,filterLoc,,
3825,1020,filterLoc,,
3825,1023,filterLoc,,
3825,1026,filterLoc,,
3825,1029,filterLoc,,
3825,1032,filterLoc,,
3825,1035,filterLoc,,
3825,1038,filterLoc,,
3825,1041,filterLoc,,
3825,1044,filterLoc,,
3825,1047,filterLoc,,
3825,1050,filterLoc,,
3825,1053,filterLoc,,
3825,1056,filterLoc,,
3825,1059,filterLoc,,
3825,1062,filterLoc,,
3825,1065,filterLoc,,
3825,1068,filterLoc,,
3825,1071,filterLoc,,
3825,1074,filterLoc,,
3825,1077,filterLoc,,
3825,1080,filterLoc,,
3825,1083,filterLoc,,
3825,1086,filterLoc,,
3825,1089,filterLoc,,
3825,1092,filterLoc,,
3825,1095,filterLoc,,
3825,1098,filterLoc,,
3825,1101,filterLoc,,
3825,1104,filterLoc,,
3825,1107,filterLoc,,
3825,1110,filterLoc,,
3825,1113,filterLoc,,
3825,1116,filterLoc,,
3825,1119,filterLoc,,
3825,1122,filterLoc,,
3825,1125,filterLoc,,
3825,1128,filterLoc,,
3825,1135,filterLoc,,
3825,1138,filterLoc,,
3825,1141,filterLoc,,
3825,1144,filterLoc,,
3825,1147,filterLoc,,
3825,1150,filterLoc,,
3825,1153,filterLoc,,
3825,1156,filterLoc,,
3825,1159,filterLoc,,
3825,1162,filterLoc,,
3825,1165,filterLoc,,
3825,1168,filterLoc,,
3825,1175,filterLoc,,
3825,1178,filterLoc,,
3825,1181,filterLoc,,
3825,1184,filterLoc,,
3825,1187,filterLoc,,
3825,1190,filterLoc,,
3825,1193,filterLoc,,
3825,1196,filterLoc,,
3825,1199,filterLoc,,
3825,1202,filterLoc,,
3825,1205,filterLoc,,
3825,1208,filterLoc,,
3825,1211,filterLoc,,
3825,1214,filterLoc,,
3825,1217,filterLoc,,
3825,1220,filterLoc,,
3825,1223,filterLoc,,
3825,1226,filterLoc,,
3825,1229,filterLoc,,
3825,1232,filterLoc,,
3825,1235,filterLoc,,
3825,1238,filterLoc,,
3825,1241,filterLoc,,
3825,1244,filterLoc,,
3825,1247,filterLoc,,
3825,1250,filterLoc,,
3825,1253,filterLoc,,
3825,1256,filterLoc,,
3825,1259,filterLoc,,
3825,1262,filterLoc,,
3825,1265,filterLoc,,
3825,1268,filterLoc,,
3825,1271,filterLoc,,
3825,1274,filterLoc,,
3825,1277,filterLoc,,
3825,1280,filterLoc,,
3825,1283,filterLoc,,
3825,1286,filterLoc,,
3825,1289,filterLoc,,
3825,1292,filterLoc,,
3825,1295,filterLoc,,
3825,1298,filterLoc,,
3825,1301,filterLoc,,
3825,1304,filterLoc,,
3825,1307,filterLoc,,
3825,1310,filterLoc,,
3825,1313,filterLoc,,
3825,1316,filterLoc,,
3825,1319,filterLoc,,
3825,1322,filterLoc,,
3825,1325,filterLoc,,
3825,1328,filterLoc,,
3825,1331,filterLoc,,
3825,1334,filterLoc,,
3825,1337,filterLoc,,
3825,1340,filterLoc,,
3825,1343,filterLoc,,
3825,1346,filterLoc,,
3825,1349,filterLoc,,
3825,1352,filterLoc,,
3825,1355,filterLoc,,
3825,1358,filterLoc,,
3825,1361,filterLoc,,
3825,1364,filterLoc,,
3825,1367,filterLoc,,
3825,1370,filterLoc,,
3825,1373,filterLoc,,
3825,1376,filterLoc,,
3825,1379,filterLoc,,
3825,1382,filterLoc,,
3825,1385,filterLoc,,
3825,1388,filterLoc,,
3825,1391,filterLoc,,
3825,1394,filterLoc,,
3825,1397,filterLoc,,
3825,1400,filterLoc,,
3825,1403,filterLoc,,
3825,1406,filterLoc,,
3825,1409,filterLoc,,
3825,1412,filterLoc,,
3825,1415,filterLoc,,
3825,1418,filterLoc,,
3825,1421,filterLoc,,
3825,1424,filterLoc,,
3825,1427,filterLoc,,
3825,1430,filterLoc,,
3825,1433,filterLoc,,
3825,1436,filterLoc,,
3825,1439,filterLoc,,
3825,1442,filterLoc,,
3825,1445,filterLoc,,
3825,1448,filterLoc,,
3825,1451,filterLoc,,
3825,1454,filterLoc,,
3825,1457,filterLoc,,
3825,1460,filterLoc,,
3825,1463,filterLoc,,
3825,1466,filterLoc,,
3825,1469,filterLoc,,
3825,1472,filterLoc,,
3825,1475,filterLoc,,
3825,1478,filterLoc,,
3825,1481,filterLoc,,
3825,1484,filterLoc,,
3825,1487,filterLoc,,
3825,1490,filterLoc,,
3825,1493,filterLoc,,
3825,1496,filterLoc,,
3825,1499,filterLoc,,
3825,1502,filterLoc,,
3825,1505,filterLoc,,
3825,1508,filterLoc,,
3825,1511,filterLoc,,
3825,1514,filterLoc,,
3825,1517,filterLoc,,
3825,1520,filterLoc,,
3825,1523,filterLoc,,
3825,1526,filterLoc,,
3825,1529,filterLoc,,
3825,80,filterLoc,out,Evacuee 456 in triage category G is not assigned a helicopter
3825,80,filterLoc,,
3825,81,evacuee,,Evacuee;456;in triage state;G;is entering the FOL
3825,83,filterLoc,out,Evacuee 455 in triage category G is not assigned a helicopter
3825,83,filterLoc,,
3825,84,evacuee,,Evacuee;455;in triage state;G;is entering the FOL
3825,144,filterLoc,out,Evacuee 408 in triage category R is not assigned a helicopter
3825,144,filterLoc,,
3825,145,evacuee,,Evacuee;408;in triage state;R;is entering the FOL
3825,277,filterLoc,out,Evacuee 338 in triage category R is not assigned a helicopter
3825,277,filterLoc,,
3825,278,evacuee,,Evacuee;338;in triage state;R;is entering the FOL
3825,849,filterLoc,out,Evacuee 453 in triage category G is not assigned a helicopter
3825,849,filterLoc,,
3825,850,evacuee,,Evacuee;453;in triage state;G;is entering the FOL
3825,81,evacuee,outFOL,Evacuee 456 in triage category G is not assigned a helicopter
3825,81,evacuee,,Evacuee;456;in triage state;G;is at the FOL
3825,84,evacuee,outFOL,Evacuee 455 in triage category G is not assigned a helicopter
3825,84,evacuee,,Evacuee;455;in triage state;G;is at the FOL
3825,145,evacuee,outFOL,Evacuee 408 in triage category R is not assigned a helicopter
3825,145,evacuee,,Evacuee;408;in triage state;R;is at the FOL
3825,227,FOL,,;EvacueeID;5;Triage Status;G;EvacueeID;6;Triage Status;G;EvacueeID;7;Triage Status;G;EvacueeID;9;Triage Status;G;EvacueeID;16;Triage Status;G;EvacueeID;19;Triage Status;G;EvacueeID;20;Triage Status;G;EvacueeID;25;Triage Status;G;EvacueeID;28;Triage Status;G;EvacueeID;32;Triage Status;G;EvacueeID;34;Triage Status;G;EvacueeID;35;Triage Status;G;EvacueeID;40;Triage Status;G;EvacueeID;41;Triage Status;G;EvacueeID;44;Triage Status;G;EvacueeID;49;Triage Status;G;EvacueeID;50;Triage Status;G;EvacueeID;51;Triage Status;G;EvacueeID;52;Triage Status;G;EvacueeID;58;Triage Status;G;EvacueeID;61;Triage Status;G;EvacueeID;63;Triage Status;G;EvacueeID;64;Triage Status;G;EvacueeID;70;Triage Status;G;EvacueeID;73;Triage Status;G;EvacueeID;74;Triage Status;G;EvacueeID;76;Triage Status;G;EvacueeID;81;Triage Status;G;EvacueeID;83;Triage Status;G;EvacueeID;86;Triage Status;G;EvacueeID;87;Triage Status;G;EvacueeID;89;Triage Status;G;EvacueeID;90;Triage Status;G;EvacueeID;92;Triage Status;G;EvacueeID;94;Triage Status;G;EvacueeID;97;Triage Status;G;EvacueeID;102;Triage Status;G;EvacueeID;103;Triage Status;G;EvacueeID;104;Triage Status;G;EvacueeID;105;Triage Status;G;EvacueeID;107;Triage Status;G;EvacueeID;111;Triage Status;G;EvacueeID;116;Triage Status;G;EvacueeID;117;Triage Status;G;EvacueeID;118;Triage Status;G;EvacueeID;119;Triage Status;G;EvacueeID;120;Triage Status;G;EvacueeID;124;Triage Status;G;EvacueeID;126;Triage Status;G;EvacueeID;127;Triage Status;G;EvacueeID;128;Triage Status;G;EvacueeID;129;Triage Status;G;EvacueeID;131;Triage Status;G;EvacueeID;134;Triage Status;G;EvacueeID;137;Triage Status;G;EvacueeID;138;Triage Status;G;EvacueeID;150;Triage Status;G;EvacueeID;154;Triage Status;G;EvacueeID;155;Triage Status;G;EvacueeID;157;Triage Status;G;EvacueeID;160;Triage Status;G;EvacueeID;162;Triage Status;G;EvacueeID;163;Triage Status;G;EvacueeID;166;Triage Status;G;EvacueeID;173;Triage Status;G;EvacueeID;180;Triage Status;G;EvacueeID;181;Triage Status;G;EvacueeID;182;Triage Status;G;EvacueeID;183;Triage Status;G;EvacueeID;184;Triage Status;G;EvacueeID;185;Triage Status;G;EvacueeID;186;Triage Status;G;EvacueeID;192;Triage Status;G;EvacueeID;199;Triage Status;G;EvacueeID;203;Triage Status;G;EvacueeID;204;Triage Status;G;EvacueeID;205;Triage Status;G;EvacueeID;206;Triage Status;G;EvacueeID;217;Triage Status;G;EvacueeID;227;Triage Status;G;EvacueeID;232;Triage Status;G;EvacueeID;233;Triage Status;G;EvacueeID;234;Triage Status;G;EvacueeID;235;Triage Status;G;EvacueeID;236;Triage Status;G;EvacueeID;237;Triage Status;G;EvacueeID;245;Triage Status;G;EvacueeID;250;Triage Status;G;EvacueeID;251;Triage Status;G;EvacueeID;266;Triage Status;G;EvacueeID;267;Triage Status;G;EvacueeID;269;Triage Status;G;EvacueeID;273;Triage Status;G;EvacueeID;274;Triage Status;G;EvacueeID;275;Triage Status;G;EvacueeID;277;Triage Status;G;EvacueeID;278;Triage Status;G;EvacueeID;279;Triage Status;G;EvacueeID;285;Triage Status;G;EvacueeID;293;Triage Status;G;EvacueeID;295;Triage Status;G;EvacueeID;297;Triage Status;G;EvacueeID;303;Triage Status;G;EvacueeID;304;Triage Status;G;EvacueeID;305;Triage Status;G;EvacueeID;306;Triage Status;G;EvacueeID;308;Triage Status;G;EvacueeID;309;Triage Status;G;EvacueeID;310;Triage Status;G;EvacueeID;315;Triage Status;G;EvacueeID;320;Triage Status;G;EvacueeID;323;Triage Status;G;EvacueeID;327;Triage Status;G;EvacueeID;328;Triage Status;G;EvacueeID;330;Triage Status;G;EvacueeID;331;Triage Status;G;EvacueeID;334;Triage Status;G;EvacueeID;335;Triage Status;G;EvacueeID;337;Triage Status;G;EvacueeID;352;Triage Status;G;EvacueeID;363;Triage Status;G;EvacueeID;371;Triage Status;G;EvacueeID;372;Triage Status;G;EvacueeID;374;Triage Status;G;EvacueeID;375;Triage Status;G;EvacueeID;377;Triage Status;G;EvacueeID;378;Triage Status;G;EvacueeID;401;Triage Status;G;EvacueeID;403;Triage Status;G;EvacueeID;404;Triage Status;G;EvacueeID;416;Triage Status;G;EvacueeID;417;Triage Status;G;EvacueeID;424;Triage Status;G;EvacueeID;429;Triage Status;G;EvacueeID;432;Triage Status;G;EvacueeID;441;Triage Status;G;EvacueeID;442;Triage Status;G;EvacueeID;445;Triage Status;G;EvacueeID;448;Triage Status;G;EvacueeID;451;Triage Status;G;EvacueeID;338;Triage Status;R;EvacueeID;408;Triage Status;R;EvacueeID;453;Triage Status;G;EvacueeID;455;Triage Status;G;EvacueeID;456;Triage Status;G;Lives Saved;145
3825,278,evacuee,outFOL,Evacuee 338 in triage category R is not assigned a helicopter
3825,278,evacuee,,Evacuee;338;in triage state;R;is at the FOL
3825,850,evacuee,outFOL,Evacuee 453 in triage category G is not assigned a helicopter
3825,850,evacuee,,Evacuee;453;in triage state;G;is at the FOL
3825,227,FOL,,;EvacueeID;5;Triage Status;G;EvacueeID;6;Triage Status;G;EvacueeID;7;Triage Status;G;EvacueeID;9;Triage Status;G;EvacueeID;16;Triage Status;G;EvacueeID;19;Triage Status;G;EvacueeID;20;Triage Status;G;EvacueeID;25;Triage Status;G;EvacueeID;28;Triage Status;G;EvacueeID;32;Triage Status;G;EvacueeID;34;Triage Status;G;EvacueeID;35;Triage Status;G;EvacueeID;40;Triage Status;G;EvacueeID;41;Triage Status;G;EvacueeID;44;Triage Status;G;EvacueeID;49;Triage Status;G;EvacueeID;50;Triage Status;G;EvacueeID;51;Triage Status;G;EvacueeID;52;Triage Status;G;EvacueeID;58;Triage Status;G;EvacueeID;61;Triage Status;G;EvacueeID;63;Triage Status;G;EvacueeID;64;Triage Status;G;EvacueeID;70;Triage Status;G;EvacueeID;73;Triage Status;G;EvacueeID;74;Triage Status;G;EvacueeID;76;Triage Status;G;EvacueeID;81;Triage Status;G;EvacueeID;83;Triage Status;G;EvacueeID;86;Triage Status;G;EvacueeID;87;Triage Status;G;EvacueeID;89;Triage Status;G;EvacueeID;90;Triage Status;G;EvacueeID;92;Triage Status;G;EvacueeID;94;Triage Status;G;EvacueeID;97;Triage Status;G;EvacueeID;102;Triage Status;G;EvacueeID;103;Triage Status;G;EvacueeID;104;Triage Status;G;EvacueeID;105;Triage Status;G;EvacueeID;107;Triage Status;G;EvacueeID;111;Triage Status;G;EvacueeID;116;Triage Status;G;EvacueeID;117;Triage Status;G;EvacueeID;118;Triage Status;G;EvacueeID;119;Triage Status;G;EvacueeID;120;Triage Status;G;EvacueeID;124;Triage Status;G;EvacueeID;126;Triage Status;G;EvacueeID;127;Triage Status;G;EvacueeID;128;Triage Status;G;EvacueeID;129;Triage Status;G;EvacueeID;131;Triage Status;G;EvacueeID;134;Triage Status;G;EvacueeID;137;Triage Status;G;EvacueeID;138;Triage Status;G;EvacueeID;150;Triage Status;G;EvacueeID;154;Triage Status;G;EvacueeID;155;Triage Status;G;EvacueeID;157;Triage Status;G;EvacueeID;160;Triage Status;G;EvacueeID;162;Triage Status;G;EvacueeID;163;Triage Status;G;EvacueeID;166;Triage Status;G;EvacueeID;173;Triage Status;G;EvacueeID;180;Triage Status;G;EvacueeID;181;Triage Status;G;EvacueeID;182;Triage Status;G;EvacueeID;183;Triage Status;G;EvacueeID;184;Triage Status;G;EvacueeID;185;Triage Status;G;EvacueeID;186;Triage Status;G;EvacueeID;192;Triage Status;G;EvacueeID;199;Triage Status;G;EvacueeID;203;Triage Status;G;EvacueeID;204;Triage Status;G;EvacueeID;205;Triage Status;G;EvacueeID;206;Triage Status;G;EvacueeID;217;Triage Status;G;EvacueeID;227;Triage Status;G;EvacueeID;232;Triage Status;G;EvacueeID;233;Triage Status;G;EvacueeID;234;Triage Status;G;EvacueeID;235;Triage Status;G;EvacueeID;236;Triage Status;G;EvacueeID;237;Triage Status;G;EvacueeID;245;Triage Status;G;EvacueeID;250;Triage Status;G;EvacueeID;251;Triage Status;G;EvacueeID;266;Triage Status;G;EvacueeID;267;Triage Status;G;EvacueeID;269;Triage Status;G;EvacueeID;273;Triage Status;G;EvacueeID;274;Triage Status;G;EvacueeID;275;Triage Status;G;EvacueeID;277;Triage Status;G;EvacueeID;278;Triage Status;G;EvacueeID;279;Triage Status;G;EvacueeID;285;Triage Status;G;EvacueeID;293;Triage Status;G;EvacueeID;295;Triage Status;G;EvacueeID;297;Triage Status;G;EvacueeID;303;Triage Status;G;EvacueeID;304;Triage Status;G;EvacueeID;305;Triage Status;G;EvacueeID;306;Triage Status;G;EvacueeID;308;Triage Status;G;EvacueeID;309;Triage Status;G;EvacueeID;310;Triage Status;G;EvacueeID;315;Triage Status;G;EvacueeID;320;Triage Status;G;EvacueeID;323;Triage Status;G;EvacueeID;327;Triage Status;G;EvacueeID;328;Triage Status;G;EvacueeID;330;Triage Status;G;EvacueeID;331;Triage Status;G;EvacueeID;334;Triage Status;G;EvacueeID;335;Triage Status;G;EvacueeID;337;Triage Status;G;EvacueeID;352;Triage Status;G;EvacueeID;363;Triage Status;G;EvacueeID;371;Triage Status;G;EvacueeID;372;Triage Status;G;EvacueeID;374;Triage Status;G;EvacueeID;375;Triage Status;G;EvacueeID;377;Triage Status;G;EvacueeID;378;Triage Status;G;EvacueeID;401;Triage Status;G;EvacueeID;403;Triage Status;G;EvacueeID;404;Triage Status;G;EvacueeID;416;Triage Status;G;EvacueeID;417;Triage Status;G;EvacueeID;424;Triage Status;G;EvacueeID;429;Triage Status;G;EvacueeID;432;Triage Status;G;EvacueeID;441;Triage Status;G;EvacueeID;442;Triage Status;G;EvacueeID;445;Triage Status;G;EvacueeID;448;Triage Status;G;EvacueeID;451;Triage Status;G;EvacueeID;338;Triage Status;R;EvacueeID;408;Triage Status;R;EvacueeID;453;Triage Status;G;EvacueeID;455;Triage Status;G;EvacueeID;456;Triage Status;G;Lives Saved;145
3840,5,helicopterQueue,,1;Helos are waiting to land;HeloID;6
3840,9,helicopter,outES,Helicopter 6 is evacuating people6
3840,9,helicopter,,Helicopter;6;is waiting to land at the evacuation site;;and has;0;spots taken
3840,109,helicopter,,Helicopter;3;Is going to the evacuation site;;and has;0;spots taken
3840,4,helipadManager,,;No helos are at ES
3840,5,helicopterQueue,outHM,Helicopter 6 is evacuating people6
3840,5,helicopterQueue,outHelo,Helicopter 6 is evacuating people6
3840,5,helicopterQueue,,;No helos are waiting to land
3840,8,filterES,,Helicopter;6;is evacuating people
3840,108,filterES,,
3840,293,filterES,,
3840,573,filterES,,
3840,1132,filterES,,
3840,1172,filterES,,
3840,3,evacueeManager,,OFF SHIP: White;0;Green;0;Yellow;8;Red;0;Black;338;ON SHIP: White;0;Green;0;Yellow;0;Red;0;Evacuees to Transfer;;EvacueeID;164;HeloID;6;OnShip;0;Triage Status;Y;EvacueeID;461;HeloID;6;OnShip;0;Triage Status;Y;EvacueeID;11;HeloID;6;OnShip;0;Triage Status;Y
3840,4,helipadManager,outEM,Helicopter 6 is evacuating people6
3840,4,helipadManager,,Helo;6;is at the ES
3840,8,filterES,out,Helicopter 6 is evacuating people6
3840,8,filterES,,
3840,9,helicopter,,Helicopter;6;is waiting to land at the evacuation site;;and has;0;spots taken
3840,3,evacueeManager,outEvac,Evacuee 164 in triage category Y is assigned helicopter 6
3840,3,evacueeManager,outEvac,Evacuee 461 in triage category Y is assigned helicopter 6
3840,3,evacueeManager,outEvac,Evacuee 11 in triage category Y is assigned helicopter 6
3840,3,evacueeManager,,OFF SHIP: White;0;Green;0;Yellow;8;Red;0;Black;338;ON SHIP: White;0;Green;0;Yellow;0;Red;0;Evacuees to Transfer;
3840,9,helicopter,,Helicopter;6;is loading people at the evacuation site;;and has;0;spots taken
3840,11,filterLoc,,
3840,14,filterLoc,,
3840,17,filterLoc,,
3840,20,filterLoc,,
3840,23,filterLoc,,
3840,26,filterLoc,,
3840,29,filterLoc,,
3840,32,filterLoc,,
3840,35,filterLoc,,
3840,38,filterLoc,,
3840,41,filterLoc,,
3840,44,filterLoc,,
3840,47,filterLoc,,
3840,50,filterLoc,,
3840,53,filterLoc,,
3840,56,filterLoc,,
3840,59,filterLoc,,
3840,62,filterLoc,,
3840,65,filterLoc,,
3840,68,filterLoc,,;Evacuee;461;in triage category;Y;is entering helicopter;6
3840,71,filterLoc,,
3840,74,filterLoc,,
3840,77,filterLoc,,
3840,80,filterLoc,,
3840,83,filterLoc,,
3840,86,filterLoc,,
3840,89,filterLoc,,
3840,92,filterLoc,,
3840,95,filterLoc,,
3840,98,filterLoc,,
3840,101,filterLoc,,
3840,104,filterLoc,,
3840,111,filterLoc,,
3840,114,filterLoc,,
3840,117,filterLoc,,
3840,120,filterLoc,,
3840,123,filterLoc,,
3840,126,filterLoc,,
3840,129,filterLoc,,
3840,132,filterLoc,,
3840,135,filterLoc,,
3840,138,filterLoc,,
3840,141,filterLoc,,
3840,144,filterLoc,,
3840,147,filterLoc,,
3840,150,filterLoc,,
3840,153,filterLoc,,
3840,156,filterLoc,,
3840,159,filterLoc,,
3840,162,filterLoc,,
3840,165,filterLoc,,
3840,168,filterLoc,,
3840,171,filterLoc,,
3840,174,filterLoc,,
3840,177,filterLoc,,
3840,180,filterLoc,,
3840,183,filterLoc,,
3840,186,filterLoc,,
3840,189,filterLoc,,
3840,192,filterLoc,,
3840,195,filterLoc,,
3840,198,filterLoc,,
3840,201,filterLoc,,
3840,204,filterLoc,,
3840,207,filterLoc,,
3840,210,filterLoc,,
3840,213,filterLoc,,
3840,216,filterLoc,,
3840,219,filterLoc,,
3840,222,filterLoc,,
3840,225,filterLoc,,
3840,229,filterLoc,,
3840,232,filterLoc,,
3840,235,filterLoc,,
3840,238,filterLoc,,
3840,241,filterLoc,,
3840,244,filterLoc,,
3840,247,filterLoc,,
3840,250,filterLoc,,
3840,253,filterLoc,,
3840,256,filterLoc,,
3840,259,filterLoc,,
3840,262,filterLoc,,
3840,265,filterLoc,,
3840,268,filterLoc,,
3840,271,filterLoc,,
3840,274,filterLoc,,
3840,277,filterLoc,,
3840,280,filterLoc,,
3840,283,filterLoc,,
3840,286,filterLoc,,
3840,289,filterLoc,,
3840,296,filterLoc,,
3840,299,filterLoc,,
3840,302,filterLoc,,
3840,305,filterLoc,,
3840,308,filterLoc,,
3840,311,filterLoc,,
3840,314,filterLoc,,
3840,317,filterLoc,,
3840,320,filterLoc,,
3840,323,filterLoc,,
3840,326,filterLoc,,
3840,329,filterLoc,,
3840,332,filterLoc,,
3840,335,filterLoc,,
3840,338,filterLoc,,
3840,341,filterLoc,,
3840,344,filterLoc,,
3840,347,filterLoc,,
3840,350,filterLoc,,
3840,353,filterLoc,,
3840,356,filterLoc,,
3840,359,filterLoc,,
3840,362,filterLoc,,
3840,365,filterLoc,,
3840,368,filterLoc,,
3840,371,filterLoc,,
3840,374,filterLoc,,
3840,377,filterLoc,,
3840,380,filterLoc,,
3840,383,filterLoc,,
3840,386,filterLoc,,
3840,389,filterLoc,,
3840,392,filterLoc,,
3840,395,filterLoc,,
3840,398,filterLoc,,
3840,401,filterLoc,,
3840,404,filterLoc,,
3840,407,filterLoc,,
3840,410,filterLoc,,
3840,413,filterLoc,,
3840,416,filterLoc,,
3840,419,filterLoc,,
3840,422,filterLoc,,
3840,425,filterLoc,,
3840,428,filterLoc,,
3840,431,filterLoc,,
3840,434,filterLoc,,
3840,437,filterLoc,,
3840,440,filterLoc,,
3840,443,filterLoc,,
3840,446,filterLoc,,
3840,449,filterLoc,,
3840,452,filterLoc,,
3840,455,filterLoc,,
3840,458,filterLoc,,
3840,461,filterLoc,,
3840,464,filterLoc,,
3840,467,filterLoc,,
3840,470,filterLoc,,
3840,473,filterLoc,,
3840,476,filterLoc,,
3840,479,filterLoc,,
3840,482,filterLoc,,
3840,485,filterLoc,,
3840,488,filterLoc,,
3840,491,filterLoc,,
3840,494,filterLoc,,
3840,497,filterLoc,,
3840,500,filterLoc,,
3840,503,filterLoc,,
3840,506,filterLoc,,
3840,509,filterLoc,,
3840,512,filterLoc,,
3840,515,filterLoc,,
3840,518,filterLoc,,
3840,521,filterLoc,,
3840,524,filterLoc,,
3840,527,filterLoc,,
3840,530,filterLoc,,
3840,533,filterLoc,,
3840,536,filterLoc,,
3840,539,filterLoc,,
3840,542,filterLoc,,
3840,545,filterLoc,,
3840,548,filterLoc,,
3840,551,filterLoc,,
3840,554,filterLoc,,
3840,557,filterLoc,,
3840,560,filterLoc,,
3840,563,filterLoc,,
3840,566,filterLoc,,
3840,569,filterLoc,,
3840,576,filterLoc,,
3840,579,filterLoc,,
3840,582,filterLoc,,
3840,585,filterLoc,,
3840,588,filterLoc,,
3840,591,filterLoc,,
3840,594,filterLoc,,
3840,597,filterLoc,,
3840,600,filterLoc,,
3840,603,filterLoc,,
3840,606,filterLoc,,
3840,609,filterLoc,,
3840,612,filterLoc,,
3840,615,filterLoc,,
3840,618,filterLoc,,
3840,621,filterLoc,,
3840,624,filterLoc,,
3840,627,filterLoc,,
3840,630,filterLoc,,
3840,633,filterLoc,,
3840,636,filterLoc,,
3840,639,filterLoc,,
3840,642,filterLoc,,
3840,645,filterLoc,,
3840,648,filterLoc,,
3840,651,filterLoc,,
3840,654,filterLoc,,
3840,657,filterLoc,,
3840,660,filterLoc,,
3840,663,filterLoc,,
3840,666,filterLoc,,
3840,669,filterLoc,,
3840,672,filterLoc,,
3840,675,filterLoc,,
3840,678,filterLoc,,
3840,681,filterLoc,,
3840,684,filterLoc,,
3840,687,filterLoc,,
3840,690,filterLoc,,
3840,693,filterLoc,,
3840,696,filterLoc,,
3840,699,filterLoc,,
3840,702,filterLoc,,
3840,705,filterLoc,,
3840,708,filterLoc,,
3840,711,filterLoc,,
3840,714,filterLoc,,
3840,717,filterLoc,,
3840,720,filterLoc,,
3840,723,filterLoc,,
3840,726,filterLoc,,
3840,729,filterLoc,,
3840,732,filterLoc,,
3840,735,filterLoc,,
3840,738,filterLoc,,
3840,741,filterLoc,,
3840,744,filterLoc,,
3840,747,filterLoc,,
3840,750,filterLoc,,
3840,753,filterLoc,,
3840,756,filterLoc,,
3840,759,filterLoc,,
3840,762,filterLoc,,
3840,765,filterLoc,,
3840,768,filterLoc,,
3840,771,filterLoc,,
3840,774,filterLoc,,
3840,777,filterLoc,,
3840,780,filterLoc,,
3840,783,filterLoc,,
3840,786,filterLoc,,
3840,789,filterLoc,,
3840,792,filterLoc,,
3840,795,filterLoc,,
3840,798,filterLoc,,
3840,801,filterLoc,,
3840,804,filterLoc,,
3840,807,filterLoc,,
3840,810,filterLoc,,
3840,813,filterLoc,,
3840,816,filterLoc,,
3840,819,filterLoc,,
3840,822,filterLoc,,
3840,825,filterLoc,,
3840,828,filterLoc,,
3840,831,filterLoc,,
3840,834,filterLoc,,
3840,837,filterLoc,,
3840,840,filterLoc,,
3840,843,filterLoc,,
3840,846,filterLoc,,
3840,849,filterLoc,,
3840,852,filterLoc,,
3840,855,filterLoc,,
3840,858,filterLoc,,
3840,861,filterLoc,,
3840,864,filterLoc,,
3840,867,filterLoc,,
3840,870,filterLoc,,
3840,873,filterLoc,,
3840,876,filterLoc,,
3840,879,filterLoc,,
3840,882,filterLoc,,
3840,885,filterLoc,,
3840,888,filterLoc,,
3840,891,filterLoc,,
3840,894,filterLoc,,
3840,897,filterLoc,,
3840,900,filterLoc,,
3840,903,filterLoc,,
3840,906,filterLoc,,
3840,909,filterLoc,,
3840,912,filterLoc,,
3840,915,filterLoc,,
3840,918,filterLoc,,
3840,921,filterLoc,,
3840,924,filterLoc,,
3840,927,filterLoc,,
3840,930,filterLoc,,
3840,933,filterLoc,,
3840,936,filterLoc,,
3840,939,filterLoc,,
3840,942,filterLoc,,
3840,945,filterLoc,,
3840,948,filterLoc,,
3840,951,filterLoc,,
3840,954,filterLoc,,
3840,957,filterLoc,,
3840,960,filterLoc,,
3840,963,filterLoc,,
3840,966,filterLoc,,
3840,969,filterLoc,,
3840,972,filterLoc,,
3840,975,filterLoc,,
3840,978,filterLoc,,
3840,981,filterLoc,,
3840,984,filterLoc,,
3840,987,filterLoc,,
3840,990,filterLoc,,
3840,993,filterLoc,,
3840,996,filterLoc,,
3840,999,filterLoc,,
3840,1002,filterLoc,,
3840,1005,filterLoc,,
3840,1008,filterLoc,,
3840,1011,filterLoc,,
3840,1014,filterLoc,,
3840,1017,filterLoc,,
3840,1020,filterLoc,,
3840,1023,filterLoc,,
3840,1026,filterLoc,,
3840,1029,filterLoc,,
3840,1032,filterLoc,,
3840,1035,filterLoc,,
3840,1038,filterLoc,,
3840,1041,filterLoc,,
3840,1044,filterLoc,,
3840,1047,filterLoc,,
3840,1050,filterLoc,,
3840,1053,filterLoc,,
3840,1056,filterLoc,,
3840,1059,filterLoc,,
3840,1062,filterLoc,,
3840,1065,filterLoc,,
3840,1068,filterLoc,,
3840,1071,filterLoc,,
3840,1074,filterLoc,,
3840,1077,filterLoc,,
3840,1080,filterLoc,,
3840,1083,filterLoc,,
3840,1086,filterLoc,,
3840,1089,filterLoc,,
3840,1092,filterLoc,,
3840,1095,filterLoc,,
3840,1098,filterLoc,,
3840,1101,filterLoc,,
3840,1104,filterLoc,,
3840,1107,filterLoc,,
3840,1110,filterLoc,,
3840,1113,filterLoc,,
3840,1116,filterLoc,,
3840,1119,filterLoc,,
3840,1122,filterLoc,,
3840,1125,filterLoc,,
3840,1128,filterLoc,,
3840,1135,filterLoc,,
3840,1138,filterLoc,,
3840,1141,filterLoc,,
3840,1144,filterLoc,,
3840,1147,filterLoc,,
3840,1150,filterLoc,,
3840,1153,filterLoc,,
3840,1156,filterLoc,,
3840,1159,filterLoc,,
3840,1162,filterLoc,,
3840,1165,filterLoc,,
3840,1168,filterLoc,,
3840,1175,filterLoc,,
3840,1178,filterLoc,,
3840,1181,filterLoc,,
3840,1184,filterLoc,,
3840,1187,filterLoc,,
3840,1190,filterLoc,,
3840,1193,filterLoc,,
3840,1196,filterLoc,,
3840,1199,filterLoc,,
3840,1202,filterLoc,,
3840,1205,filterLoc,,
3840,1208,filterLoc,,
3840,1211,filterLoc,,
3840,1214,filterLoc,,
3840,1217,filterLoc,,
3840,1220,filterLoc,,
3840,1223,filterLoc,,
3840,1226,filterLoc,,
3840,1229,filterLoc,,
3840,1232,filterLoc,,
3840,1235,filterLoc,,
3840,1238,filterLoc,,
3840,1241,filterLoc,,
3840,1244,filterLoc,,
3840,1247,filterLoc,,
3840,1250,filterLoc,,
3840,1253,filterLoc,,
3840,1256,filterLoc,,
3840,1259,filterLoc,,
3840,1262,filterLoc,,
3840,1265,filterLoc,,
3840,1268,filterLoc,,
3840,1271,filterLoc,,
3840,1274,filterLoc,,
3840,1277,filterLoc,,
3840,1280,filterLoc,,
3840,1283,filterLoc,,
3840,1286,filterLoc,,
3840,1289,filterLoc,,
3840,1292,filterLoc,,
3840,1295,filterLoc,,
3840,1298,filterLoc,,
3840,1301,filterLoc,,
3840,1304,filterLoc,,
3840,1307,filterLoc,,
3840,1310,filterLoc,,
3840,1313,filterLoc,,
3840,1316,filterLoc,,
3840,1319,filterLoc,,
3840,1322,filterLoc,,
3840,1325,filterLoc,,
3840,1328,filterLoc,,
3840,1331,filterLoc,,
3840,1334,filterLoc,,
3840,1337,filterLoc,,
3840,1340,filterLoc,,
3840,1343,filterLoc,,
3840,1346,filterLoc,,
3840,1349,filterLoc,,
3840,1352,filterLoc,,
3840,1355,filterLoc,,
3840,1358,filterLoc,,
3840,1361,filterLoc,,
3840,1364,filterLoc,,
3840,1367,filterLoc,,
3840,1370,filterLoc,,
3840,1373,filterLoc,,
3840,1376,filterLoc,,
3840,1379,filterLoc,,
3840,1382,filterLoc,,
3840,1385,filterLoc,,
3840,1388,filterLoc,,
3840,1391,filterLoc,,;Evacuee;11;in triage category;Y;is entering helicopter;6
3840,1394,filterLoc,,
3840,1397,filterLoc,,
3840,1400,filterLoc,,
3840,1403,filterLoc,,
3840,1406,filterLoc,,
3840,1409,filterLoc,,
3840,1412,filterLoc,,
3840,1415,filterLoc,,
3840,1418,filterLoc,,
3840,1421,filterLoc,,
3840,1424,filterLoc,,
3840,1427,filterLoc,,
3840,1430,filterLoc,,
3840,1433,filterLoc,,
3840,1436,filterLoc,,
3840,1439,filterLoc,,
3840,1442,filterLoc,,
3840,1445,filterLoc,,
3840,1448,filterLoc,,
3840,1451,filterLoc,,
3840,1454,filterLoc,,
3840,1457,filterLoc,,;Evacuee;164;in triage category;Y;is entering helicopter;6
3840,1460,filterLoc,,
3840,1463,filterLoc,,
3840,1466,filterLoc,,
3840,1469,filterLoc,,
3840,1472,filterLoc,,
3840,1475,filterLoc,,
3840,1478,filterLoc,,
3840,1481,filterLoc,,
3840,1484,filterLoc,,
3840,1487,filterLoc,,
3840,1490,filterLoc,,
3840,1493,filterLoc,,
3840,1496,filterLoc,,
3840,1499,filterLoc,,
3840,1502,filterLoc,,
3840,1505,filterLoc,,
3840,1508,filterLoc,,
3840,1511,filterLoc,,
3840,1514,filterLoc,,
3840,1517,filterLoc,,
3840,1520,filterLoc,,
3840,1523,filterLoc,,
3840,1526,filterLoc,,
3840,1529,filterLoc,,
3840,68,filterLoc,out,Evacuee 461 in triage category Y is assigned helicopter 6
3840,68,filterLoc,,
3840,69,evacuee,,Evacuee;461;in triage state;Y;is entering helicopter;6
3840,1391,filterLoc,out,Evacuee 11 in triage category Y is assigned helicopter 6
3840,1391,filterLoc,,
3840,1392,evacuee,,Evacuee;11;in triage state;Y;is entering helicopter;6
3840,1457,filterLoc,out,Evacuee 164 in triage category Y is assigned helicopter 6
3840,1457,filterLoc,,
3840,1458,evacuee,,Evacuee;164;in triage state;Y;is entering helicopter;6
3840,7,filterEvac,,;Evacuee;11;in triage category;Y;is entering helicopter;6;Evacuee;164;in triage category;Y;is entering helicopter;6;Evacuee;461;in triage category;Y;is entering helicopter;6
3840,69,evacuee,outHelo,Evacuee 461 in triage category Y is assigned helicopter 6
3840,69,evacuee,,Evacuee;461;in triage state;Y;is in helicopter;6
3840,107,filterEvac,,
3840,292,filterEvac,,
3840,572,filterEvac,,
3840,1131,filterEvac,,
3840,1171,filterEvac,,
3840,1392,evacuee,outHelo,Evacuee 11 in triage category Y is assigned helicopter 6
3840,1392,evacuee,,Evacuee;11;in triage state;Y;is in helicopter;6
3840,1458,evacuee,outHelo,Evacuee 164 in triage category Y is assigned helicopter 6
3840,1458,evacuee,,Evacuee;164;in triage state;Y;is in helicopter;6
3840,7,filterEvac,out,Evacuee 11 in triage category Y is assigned helicopter 6
3840,7,filterEvac,out,Evacuee 164 in triage category Y is assigned helicopter 6
3840,7,filterEvac,out,Evacuee 461 in triage category Y is assigned helicopter 6
3840,7,filterEvac,,
3840,9,helicopter,,Helicopter;6;is loading people at the evacuation site;;and has;9;spots taken
3853.76,3,evacueeManager,,OFF SHIP: White;0;Green;0;Yellow;7;Red;1;Black;338;ON SHIP: White;0;Green;0;Yellow;0;Red;0;Evacuees to Transfer;
3853.76,208,evacuee,outES,Evacuee 379 in triage category Y is not assigned a helicopter
3853.76,208,evacuee,,Evacuee;379;in triage state;R;is at the evacuation site
3855,4,helipadManager,outHelo,Helicopter 6 is evacuating people6
3855,4,helipadManager,,;No helos are at ES
3855,8,filterES,,Helicopter;6;is evacuating people
3855,108,filterES,,
3855,293,filterES,,
3855,573,filterES,,
3855,1132,filterES,,
3855,1172,filterES,,
3855,4,helipadManager,outHQ,0
3855,4,helipadManager,,;No helos are at ES
3855,5,helicopterQueue,,;No helos are waiting to land
3855,8,filterES,out,Helicopter 6 is evacuating people6
3855,8,filterES,,
3855,9,helicopter,,Helicopter;6;is loading people at the evacuation site;;and has;9;spots taken
3855,5,helicopterQueue,,;No helos are waiting to land
3855,9,helicopter,,Helicopter;6;is returning to the FOL;;and has;9;spots taken
3870,5,helicopterQueue,,1;Helos are waiting to land;HeloID;1
3870,1173,helicopter,outES,Helicopter 1 is evacuating people1
3870,1173,helicopter,,Helicopter;1;is waiting to land at the evacuation site;;and has;0;spots taken
3870,4,helipadManager,,;No helos are at ES
3870,5,helicopterQueue,outHM,Helicopter 1 is evacuating people1
3870,5,helicopterQueue,outHelo,Helicopter 1 is evacuating people1
3870,5,helicopterQueue,,;No helos are waiting to land
3870,8,filterES,,
3870,108,filterES,,
3870,293,filterES,,
3870,573,filterES,,
3870,1132,filterES,,
3870,1172,filterES,,Helicopter;1;is evacuating people
3870,3,evacueeManager,,OFF SHIP: White;0;Green;0;Yellow;5;Red;0;Black;338;ON SHIP: White;0;Green;0;Yellow;0;Red;0;Evacuees to Transfer;;EvacueeID;379;HeloID;1;OnShip;0;Triage Status;R;EvacueeID;440;HeloID;1;OnShip;0;Triage Status;Y;EvacueeID;385;HeloID;1;OnShip;0;Triage Status;Y
3870,4,helipadManager,outEM,Helicopter 1 is evacuating people1
3870,4,helipadManager,,Helo;1;is at the ES
3870,1172,filterES,out,Helicopter 1 is evacuating people1
3870,1172,filterES,,
3870,1173,helicopter,,Helicopter;1;is waiting to land at the evacuation site;;and has;0;spots taken
3870,3,evacueeManager,outEvac,Evacuee 379 in triage category R is assigned helicopter 1
3870,3,evacueeManager,outEvac,Evacuee 440 in triage category Y is assigned helicopter 1
3870,3,evacueeManager,outEvac,Evacuee 385 in triage category Y is assigned helicopter 1
3870,3,evacueeManager,,OFF SHIP: White;0;Green;0;Yellow;5;Red;0;Black;338;ON SHIP: White;0;Green;0;Yellow;0;Red;0;Evacuees to Transfer;
3870,11,filterLoc,,
3870,14,filterLoc,,
3870,17,filterLoc,,
3870,20,filterLoc,,
3870,23,filterLoc,,
3870,26,filterLoc,,
3870,29,filterLoc,,
3870,32,filterLoc,,
3870,35,filterLoc,,
3870,38,filterLoc,,
3870,41,filterLoc,,
3870,44,filterLoc,,
3870,47,filterLoc,,
3870,50,filterLoc,,
3870,53,filterLoc,,
3870,56,filterLoc,,
3870,59,filterLoc,,
3870,62,filterLoc,,
3870,65,filterLoc,,
3870,68,filterLoc,,
3870,71,filterLoc,,
3870,74,filterLoc,,
3870,77,filterLoc,,
3870,80,filterLoc,,
3870,83,filterLoc,,
3870,86,filterLoc,,
3870,89,filterLoc,,
3870,92,filterLoc,,
3870,95,filterLoc,,
3870,98,filterLoc,,
3870,101,filterLoc,,
3870,104,filterLoc,,
3870,111,filterLoc,,
3870,114,filterLoc,,
3870,117,filterLoc,,
3870,120,filterLoc,,
3870,123,filterLoc,,
3870,126,filterLoc,,
3870,129,filterLoc,,
3870,132,filterLoc,,
3870,135,filterLoc,,
3870,138,filterLoc,,
3870,141,filterLoc,,
3870,144,filterLoc,,
3870,147,filterLoc,,
3870,150,filterLoc,,
3870,153,filterLoc,,
3870,156,filterLoc,,
3870,159,filterLoc,,
3870,162,filterLoc,,
3870,165,filterLoc,,
3870,168,filterLoc,,
3870,171,filterLoc,,
3870,174,filterLoc,,
3870,177,filterLoc,,
3870,180,filterLoc,,
3870,183,filterLoc,,
3870,186,filterLoc,,
3870,189,filterLoc,,
3870,192,filterLoc,,
3870,195,filterLoc,,
3870,198,filterLoc,,
3870,201,filterLoc,,
3870,204,filterLoc,,
3870,207,filterLoc,,;Evacuee;379;in triage category;R;is entering helicopter;1
3870,210,filterLoc,,
3870,213,filterLoc,,
3870,216,filterLoc,,
3870,219,filterLoc,,
3870,222,filterLoc,,
3870,225,filterLoc,,
3870,229,filterLoc,,
3870,232,filterLoc,,
3870,235,filterLoc,,
3870,238,filterLoc,,
3870,241,filterLoc,,
3870,244,filterLoc,,
3870,247,filterLoc,,
3870,250,filterLoc,,
3870,253,filterLoc,,
3870,256,filterLoc,,
3870,259,filterLoc,,
3870,262,filterLoc,,
3870,265,filterLoc,,
3870,268,filterLoc,,
3870,271,filterLoc,,
3870,274,filterLoc,,
3870,277,filterLoc,,
3870,280,filterLoc,,
3870,283,filterLoc,,
3870,286,filterLoc,,
3870,289,filterLoc,,
3870,296,filterLoc,,
3870,299,filterLoc,,
3870,302,filterLoc,,
3870,305,filterLoc,,
3870,308,filterLoc,,
3870,311,filterLoc,,
3870,314,filterLoc,,
3870,317,filterLoc,,
3870,320,filterLoc,,
3870,323,filterLoc,,
3870,326,filterLoc,,
3870,329,filterLoc,,
3870,332,filterLoc,,
3870,335,filterLoc,,
3870,338,filterLoc,,
3870,341,filterLoc,,
3870,344,filterLoc,,
3870,347,filterLoc,,
3870,350,filterLoc,,
3870,353,filterLoc,,
3870,356,filterLoc,,
3870,359,filterLoc,,
3870,362,filterLoc,,
3870,365,filterLoc,,
3870,368,filterLoc,,
3870,371,filterLoc,,
3870,374,filterLoc,,
3870,377,filterLoc,,
3870,380,filterLoc,,
3870,383,filterLoc,,
3870,386,filterLoc,,
3870,389,filterLoc,,
3870,392,filterLoc,,
3870,395,filterLoc,,
3870,398,filterLoc,,
3870,401,filterLoc,,
3870,404,filterLoc,,
3870,407,filterLoc,,
3870,410,filterLoc,,
3870,413,filterLoc,,
3870,416,filterLoc,,
3870,419,filterLoc,,
3870,422,filterLoc,,
3870,425,filterLoc,,
3870,428,filterLoc,,
3870,431,filterLoc,,
3870,434,filterLoc,,
3870,437,filterLoc,,
3870,440,filterLoc,,
3870,443,filterLoc,,
3870,446,filterLoc,,
3870,449,filterLoc,,
3870,452,filterLoc,,
3870,455,filterLoc,,
3870,458,filterLoc,,
3870,461,filterLoc,,
3870,464,filterLoc,,
3870,467,filterLoc,,
3870,470,filterLoc,,
3870,473,filterLoc,,
3870,476,filterLoc,,
3870,479,filterLoc,,
3870,482,filterLoc,,
3870,485,filterLoc,,
3870,488,filterLoc,,
3870,491,filterLoc,,
3870,494,filterLoc,,
3870,497,filterLoc,,
3870,500,filterLoc,,
3870,503,filterLoc,,
3870,506,filterLoc,,
3870,509,filterLoc,,
3870,512,filterLoc,,
3870,515,filterLoc,,
3870,518,filterLoc,,
3870,521,filterLoc,,
3870,524,filterLoc,,
3870,527,filterLoc,,
3870,530,filterLoc,,
3870,533,filterLoc,,
3870,536,filterLoc,,
3870,539,filterLoc,,
3870,542,filterLoc,,
3870,545,filterLoc,,
3870,548,filterLoc,,
3870,551,filterLoc,,
3870,554,filterLoc,,
3870,557,filterLoc,,
3870,560,filterLoc,,
3870,563,filterLoc,,
3870,566,filterLoc,,
3870,569,filterLoc,,
3870,576,filterLoc,,
3870,579,filterLoc,,
3870,582,filterLoc,,
3870,585,filterLoc,,
3870,588,filterLoc,,
3870,591,filterLoc,,
3870,594,filterLoc,,
3870,597,filterLoc,,
3870,600,filterLoc,,
3870,603,filterLoc,,
3870,606,filterLoc,,
3870,609,filterLoc,,
3870,612,filterLoc,,
3870,615,filterLoc,,
3870,618,filterLoc,,
3870,621,filterLoc,,
3870,624,filterLoc,,
3870,627,filterLoc,,
3870,630,filterLoc,,
3870,633,filterLoc,,
3870,636,filterLoc,,
3870,639,filterLoc,,
3870,642,filterLoc,,
3870,645,filterLoc,,
3870,648,filterLoc,,
3870,651,filterLoc,,
3870,654,filterLoc,,
3870,657,filterLoc,,
3870,660,filterLoc,,
3870,663,filterLoc,,
3870,666,filterLoc,,
3870,669,filterLoc,,
3870,672,filterLoc,,
3870,675,filterLoc,,
3870,678,filterLoc,,
3870,681,filterLoc,,
3870,684,filterLoc,,
3870,687,filterLoc,,
3870,690,filterLoc,,
3870,693,filterLoc,,;Evacuee;440;in triage category;Y;is entering helicopter;1
3870,696,filterLoc,,
3870,699,filterLoc,,
3870,702,filterLoc,,
3870,705,filterLoc,,
3870,708,filterLoc,,
3870,711,filterLoc,,
3870,714,filterLoc,,
3870,717,filterLoc,,
3870,720,filterLoc,,
3870,723,filterLoc,,
3870,726,filterLoc,,
3870,729,filterLoc,,
3870,732,filterLoc,,
3870,735,filterLoc,,
3870,738,filterLoc,,
3870,741,filterLoc,,
3870,744,filterLoc,,
3870,747,filterLoc,,
3870,750,filterLoc,,
3870,753,filterLoc,,
3870,756,filterLoc,,
3870,759,filterLoc,,
3870,762,filterLoc,,
3870,765,filterLoc,,
3870,768,filterLoc,,
3870,771,filterLoc,,
3870,774,filterLoc,,
3870,777,filterLoc,,
3870,780,filterLoc,,
3870,783,filterLoc,,
3870,786,filterLoc,,
3870,789,filterLoc,,
3870,792,filterLoc,,
3870,795,filterLoc,,
3870,798,filterLoc,,
3870,801,filterLoc,,
3870,804,filterLoc,,
3870,807,filterLoc,,
3870,810,filterLoc,,
3870,813,filterLoc,,
3870,816,filterLoc,,
3870,819,filterLoc,,
3870,822,filterLoc,,
3870,825,filterLoc,,
3870,828,filterLoc,,
3870,831,filterLoc,,
3870,834,filterLoc,,
3870,837,filterLoc,,
3870,840,filterLoc,,
3870,843,filterLoc,,
3870,846,filterLoc,,
3870,849,filterLoc,,
3870,852,filterLoc,,
3870,855,filterLoc,,
3870,858,filterLoc,,
3870,861,filterLoc,,
3870,864,filterLoc,,
3870,867,filterLoc,,
3870,870,filterLoc,,
3870,873,filterLoc,,
3870,876,filterLoc,,
3870,879,filterLoc,,
3870,882,filterLoc,,
3870,885,filterLoc,,
3870,888,filterLoc,,
3870,891,filterLoc,,
3870,894,filterLoc,,
3870,897,filterLoc,,
3870,900,filterLoc,,
3870,903,filterLoc,,
3870,906,filterLoc,,
3870,909,filterLoc,,
3870,912,filterLoc,,
3870,915,filterLoc,,
3870,918,filterLoc,,
3870,921,filterLoc,,
3870,924,filterLoc,,
3870,927,filterLoc,,
3870,930,filterLoc,,
3870,933,filterLoc,,
3870,936,filterLoc,,
3870,939,filterLoc,,
3870,942,filterLoc,,
3870,945,filterLoc,,
3870,948,filterLoc,,
3870,951,filterLoc,,
3870,954,filterLoc,,
3870,957,filterLoc,,
3870,960,filterLoc,,
3870,963,filterLoc,,
3870,966,filterLoc,,
3870,969,filterLoc,,
3870,972,filterLoc,,
3870,975,filterLoc,,
3870,978,filterLoc,,
3870,981,filterLoc,,
3870,984,filterLoc,,
3870,987,filterLoc,,
3870,990,filterLoc,,
3870,993,filterLoc,,
3870,996,filterLoc,,
3870,999,filterLoc,,
3870,1002,filterLoc,,
3870,1005,filterLoc,,
3870,1008,filterLoc,,
3870,1011,filterLoc,,
3870,1014,filterLoc,,
3870,1017,filterLoc,,
3870,1020,filterLoc,,
3870,1023,filterLoc,,
3870,1026,filterLoc,,
3870,1029,filterLoc,,
3870,1032,filterLoc,,
3870,1035,filterLoc,,
3870,1038,filterLoc,,
3870,1041,filterLoc,,
3870,1044,filterLoc,,
3870,1047,filterLoc,,
3870,1050,filterLoc,,
3870,1053,filterLoc,,
3870,1056,filterLoc,,
3870,1059,filterLoc,,
3870,1062,filterLoc,,
3870,1065,filterLoc,,
3870,1068,filterLoc,,
3870,1071,filterLoc,,
3870,1074,filterLoc,,
3870,1077,filterLoc,,
3870,1080,filterLoc,,
3870,1083,filterLoc,,
3870,1086,filterLoc,,
3870,1089,filterLoc,,
3870,1092,filterLoc,,
3870,1095,filterLoc,,
3870,1098,filterLoc,,
3870,1101,filterLoc,,
3870,1104,filterLoc,,
3870,1107,filterLoc,,
3870,1110,filterLoc,,
3870,1113,filterLoc,,
3870,1116,filterLoc,,
3870,1119,filterLoc,,
3870,1122,filterLoc,,
3870,1125,filterLoc,,
3870,1128,filterLoc,,
3870,1135,filterLoc,,
3870,1138,filterLoc,,
3870,1141,filterLoc,,
3870,1144,filterLoc,,
3870,1147,filterLoc,,
3870,1150,filterLoc,,
3870,1153,filterLoc,,
3870,1156,filterLoc,,
3870,1159,filterLoc,,
3870,1162,filterLoc,,
3870,1165,filterLoc,,
3870,1168,filterLoc,,
3870,1173,helicopter,,Helicopter;1;is loading people at the evacuation site;;and has;0;spots taken
3870,1175,filterLoc,,
3870,1178,filterLoc,,
3870,1181,filterLoc,,
3870,1184,filterLoc,,
3870,1187,filterLoc,,;Evacuee;385;in triage category;Y;is entering helicopter;1
3870,1190,filterLoc,,
3870,1193,filterLoc,,
3870,1196,filterLoc,,
3870,1199,filterLoc,,
3870,1202,filterLoc,,
3870,1205,filterLoc,,
3870,1208,filterLoc,,
3870,1211,filterLoc,,
3870,1214,filterLoc,,
3870,1217,filterLoc,,
3870,1220,filterLoc,,
3870,1223,filterLoc,,
3870,1226,filterLoc,,
3870,1229,filterLoc,,
3870,1232,filterLoc,,
3870,1235,filterLoc,,
3870,1238,filterLoc,,
3870,1241,filterLoc,,
3870,1244,filterLoc,,
3870,1247,filterLoc,,
3870,1250,filterLoc,,
3870,1253,filterLoc,,
3870,1256,filterLoc,,
3870,1259,filterLoc,,
3870,1262,filterLoc,,
3870,1265,filterLoc,,
3870,1268,filterLoc,,
3870,1271,filterLoc,,
3870,1274,filterLoc,,
3870,1277,filterLoc,,
3870,1280,filterLoc,,
3870,1283,filterLoc,,
3870,1286,filterLoc,,
3870,1289,filterLoc,,
3870,1292,filterLoc,,
3870,1295,filterLoc,,
3870,1298,filterLoc,,
3870,1301,filterLoc,,
3870,1304,filterLoc,,
3870,1307,filterLoc,,
3870,1310,filterLoc,,
3870,1313,filterLoc,,
3870,1316,filterLoc,,
3870,1319,filterLoc,,
3870,1322,filterLoc,,
3870,1325,filterLoc,,
3870,1328,filterLoc,,
3870,1331,filterLoc,,
3870,1334,filterLoc,,
3870,1337,filterLoc,,
3870,1340,filterLoc,,
3870,1343,filterLoc,,
3870,1346,filterLoc,,
3870,1349,filterLoc,,
3870,1352,filterLoc,,
3870,1355,filterLoc,,
3870,1358,filterLoc,,
3870,1361,filterLoc,,
3870,1364,filterLoc,,
3870,1367,filterLoc,,
3870,1370,filterLoc,,
3870,1373,filterLoc,,
3870,1376,filterLoc,,
3870,1379,filterLoc,,
3870,1382,filterLoc,,
3870,1385,filterLoc,,
3870,1388,filterLoc,,
3870,1391,filterLoc,,
3870,1394,filterLoc,,
3870,1397,filterLoc,,
3870,1400,filterLoc,,
3870,1403,filterLoc,,
3870,1406,filterLoc,,
3870,1409,filterLoc,,
3870,1412,filterLoc,,
3870,1415,filterLoc,,
3870,1418,filterLoc,,
3870,1421,filterLoc,,
3870,1424,filterLoc,,
3870,1427,filterLoc,,
3870,1430,filterLoc,,
3870,1433,filterLoc,,
3870,1436,filterLoc,,
3870,1439,filterLoc,,
3870,1442,filterLoc,,
3870,1445,filterLoc,,
3870,1448,filterLoc,,
3870,1451,filterLoc,,
3870,1454,filterLoc,,
3870,1457,filterLoc,,
3870,1460,filterLoc,,
3870,1463,filterLoc,,
3870,1466,filterLoc,,
3870,1469,filterLoc,,
3870,1472,filterLoc,,
3870,1475,filterLoc,,
3870,1478,filterLoc,,
3870,1481,filterLoc,,
3870,1484,filterLoc,,
3870,1487,filterLoc,,
3870,1490,filterLoc,,
3870,1493,filterLoc,,
3870,1496,filterLoc,,
3870,1499,filterLoc,,
3870,1502,filterLoc,,
3870,1505,filterLoc,,
3870,1508,filterLoc,,
3870,1511,filterLoc,,
3870,1514,filterLoc,,
3870,1517,filterLoc,,
3870,1520,filterLoc,,
3870,1523,filterLoc,,
3870,1526,filterLoc,,
3870,1529,filterLoc,,
3870,207,filterLoc,out,Evacuee 379 in triage category R is assigned helicopter 1
3870,207,filterLoc,,
3870,208,evacuee,,Evacuee;379;in triage state;R;is entering helicopter;1
3870,693,filterLoc,out,Evacuee 440 in triage category Y is assigned helicopter 1
3870,693,filterLoc,,
3870,694,evacuee,,Evacuee;440;in triage state;Y;is entering helicopter;1
3870,1187,filterLoc,out,Evacuee 385 in triage category Y is assigned helicopter 1
3870,1187,filterLoc,,
3870,1188,evacuee,,Evacuee;385;in triage state;Y;is entering helicopter;1
3870,7,filterEvac,,
3870,107,filterEvac,,
3870,208,evacuee,outHelo,Evacuee 379 in triage category R is assigned helicopter 1
3870,208,evacuee,,Evacuee;379;in triage state;R;is in helicopter;1
3870,292,filterEvac,,
3870,572,filterEvac,,
3870,694,evacuee,outHelo,Evacuee 440 in triage category Y is assigned helicopter 1
3870,694,evacuee,,Evacuee;440;in triage state;Y;is in helicopter;1
3870,1131,filterEvac,,
3870,1171,filterEvac,,;Evacuee;379;in triage category;R;is entering helicopter;1;Evacuee;385;in triage category;Y;is entering helicopter;1;Evacuee;440;in triage category;Y;is entering helicopter;1
3870,1188,evacuee,outHelo,Evacuee 385 in triage category Y is assigned helicopter 1
3870,1188,evacuee,,Evacuee;385;in triage state;Y;is in helicopter;1
3870,1171,filterEvac,out,Evacuee 379 in triage category R is assigned helicopter 1
3870,1171,filterEvac,out,Evacuee 385 in triage category Y is assigned helicopter 1
3870,1171,filterEvac,out,Evacuee 440 in triage category Y is assigned helicopter 1
3870,1171,filterEvac,,
3870,1173,helicopter,,Helicopter;1;is loading people at the evacuation site;;and has;9;spots taken
3885,4,helipadManager,outHelo,Helicopter 1 is evacuating people1
3885,4,helipadManager,,;No helos are at ES
3885,8,filterES,,
3885,11,filterLoc,,
3885,14,filterLoc,,
3885,17,filterLoc,,
3885,20,filterLoc,,
3885,23,filterLoc,,
3885,26,filterLoc,,
3885,29,filterLoc,,
3885,32,filterLoc,,
3885,35,filterLoc,,
3885,38,filterLoc,,
3885,41,filterLoc,,
3885,44,filterLoc,,
3885,47,filterLoc,,
3885,50,filterLoc,,
3885,53,filterLoc,,
3885,56,filterLoc,,
3885,59,filterLoc,,
3885,62,filterLoc,,
3885,65,filterLoc,,
3885,68,filterLoc,,
3885,71,filterLoc,,
3885,74,filterLoc,,
3885,77,filterLoc,,
3885,80,filterLoc,,
3885,83,filterLoc,,
3885,86,filterLoc,,
3885,89,filterLoc,,
3885,92,filterLoc,,
3885,95,filterLoc,,
3885,98,filterLoc,,
3885,101,filterLoc,,
3885,104,filterLoc,,
3885,108,filterES,,
3885,111,filterLoc,,
3885,114,filterLoc,,
3885,117,filterLoc,,
3885,120,filterLoc,,
3885,123,filterLoc,,
3885,126,filterLoc,,
3885,129,filterLoc,,
3885,132,filterLoc,,
3885,135,filterLoc,,
3885,138,filterLoc,,
3885,141,filterLoc,,
3885,144,filterLoc,,
3885,147,filterLoc,,
3885,150,filterLoc,,
3885,153,filterLoc,,
3885,156,filterLoc,,
3885,159,filterLoc,,
3885,162,filterLoc,,
3885,165,filterLoc,,
3885,168,filterLoc,,
3885,171,filterLoc,,
3885,174,filterLoc,,
3885,177,filterLoc,,
3885,180,filterLoc,,
3885,183,filterLoc,,
3885,186,filterLoc,,
3885,189,filterLoc,,
3885,192,filterLoc,,
3885,195,filterLoc,,
3885,198,filterLoc,,
3885,201,filterLoc,,
3885,204,filterLoc,,
3885,207,filterLoc,,
3885,210,filterLoc,,
3885,213,filterLoc,,
3885,216,filterLoc,,
3885,219,filterLoc,,
3885,222,filterLoc,,
3885,225,filterLoc,,
3885,229,filterLoc,,
3885,232,filterLoc,,
3885,235,filterLoc,,
3885,238,filterLoc,,
3885,241,filterLoc,,
3885,244,filterLoc,,
3885,247,filterLoc,,
3885,250,filterLoc,,
3885,253,filterLoc,,
3885,256,filterLoc,,
3885,259,filterLoc,,
3885,262,filterLoc,,
3885,265,filterLoc,,
3885,268,filterLoc,,
3885,271,filterLoc,,
3885,274,filterLoc,,
3885,277,filterLoc,,
3885,280,filterLoc,,
3885,283,filterLoc,,
3885,286,filterLoc,,
3885,289,filterLoc,,
3885,293,filterES,,
3885,294,helicopter,outEvac,Evacuee 91 in triage category Y is not assigned a helicopter
3885,294,helicopter,outEvac,Evacuee 148 in triage category R is not assigned a helicopter
3885,294,helicopter,outEvac,Evacuee 271 in triage category R is not assigned a helicopter
3885,294,helicopter,,Helicopter;4;is unloading people at the FOL;;and has;0;spots taken
3885,296,filterLoc,,
3885,299,filterLoc,,
3885,302,filterLoc,,
3885,305,filterLoc,,
3885,308,filterLoc,,
3885,311,filterLoc,,
3885,314,filterLoc,,
3885,317,filterLoc,,
3885,320,filterLoc,,
3885,323,filterLoc,,
3885,326,filterLoc,,
3885,329,filterLoc,,
3885,332,filterLoc,,
3885,335,filterLoc,,
3885,338,filterLoc,,
3885,341,filterLoc,,
3885,344,filterLoc,,
3885,347,filterLoc,,
3885,350,filterLoc,,
3885,353,filterLoc,,
3885,356,filterLoc,,
3885,359,filterLoc,,
3885,362,filterLoc,,
3885,365,filterLoc,,
3885,368,filterLoc,,
3885,371,filterLoc,,
3885,374,filterLoc,,
3885,377,filterLoc,,
3885,380,filterLoc,,
3885,383,filterLoc,,
3885,386,filterLoc,,
3885,389,filterLoc,,
3885,392,filterLoc,,
3885,395,filterLoc,,
3885,398,filterLoc,,
3885,401,filterLoc,,
3885,404,filterLoc,,
3885,407,filterLoc,,
3885,410,filterLoc,,
3885,413,filterLoc,,
3885,416,filterLoc,,
3885,419,filterLoc,,
3885,422,filterLoc,,
3885,425,filterLoc,,
3885,428,filterLoc,,
3885,431,filterLoc,,
3885,434,filterLoc,,
3885,437,filterLoc,,
3885,440,filterLoc,,
3885,443,filterLoc,,
3885,446,filterLoc,,
3885,449,filterLoc,,
3885,452,filterLoc,,
3885,455,filterLoc,,
3885,458,filterLoc,,
3885,461,filterLoc,,
3885,464,filterLoc,,
3885,467,filterLoc,,
3885,470,filterLoc,,
3885,473,filterLoc,,
3885,476,filterLoc,,
3885,479,filterLoc,,
3885,482,filterLoc,,
3885,485,filterLoc,,
3885,488,filterLoc,,
3885,491,filterLoc,,
3885,494,filterLoc,,
3885,497,filterLoc,,
3885,500,filterLoc,,
3885,503,filterLoc,,
3885,506,filterLoc,,
3885,509,filterLoc,,
3885,512,filterLoc,,
3885,515,filterLoc,,
3885,518,filterLoc,,
3885,521,filterLoc,,
3885,524,filterLoc,,
3885,527,filterLoc,,
3885,530,filterLoc,,
3885,533,filterLoc,,
3885,536,filterLoc,,
3885,539,filterLoc,,
3885,542,filterLoc,,
3885,545,filterLoc,,
3885,548,filterLoc,,
3885,551,filterLoc,,
3885,554,filterLoc,,;Evacuee;148;in triage category;R;is leaving helicopter;4
3885,557,filterLoc,,
3885,560,filterLoc,,
3885,563,filterLoc,,
3885,566,filterLoc,,
3885,569,filterLoc,,
3885,573,filterES,,
3885,576,filterLoc,,
3885,579,filterLoc,,
3885,582,filterLoc,,
3885,585,filterLoc,,
3885,588,filterLoc,,
3885,591,filterLoc,,
3885,594,filterLoc,,
3885,597,filterLoc,,
3885,600,filterLoc,,
3885,603,filterLoc,,
3885,606,filterLoc,,
3885,609,filterLoc,,
3885,612,filterLoc,,
3885,615,filterLoc,,
3885,618,filterLoc,,
3885,621,filterLoc,,
3885,624,filterLoc,,
3885,627,filterLoc,,
3885,630,filterLoc,,
3885,633,filterLoc,,
3885,636,filterLoc,,
3885,639,filterLoc,,
3885,642,filterLoc,,
3885,645,filterLoc,,
3885,648,filterLoc,,
3885,651,filterLoc,,
3885,654,filterLoc,,
3885,657,filterLoc,,
3885,660,filterLoc,,
3885,663,filterLoc,,
3885,666,filterLoc,,
3885,669,filterLoc,,
3885,672,filterLoc,,
3885,675,filterLoc,,
3885,678,filterLoc,,
3885,681,filterLoc,,
3885,684,filterLoc,,
3885,687,filterLoc,,
3885,690,filterLoc,,
3885,693,filterLoc,,
3885,696,filterLoc,,
3885,699,filterLoc,,
3885,702,filterLoc,,
3885,705,filterLoc,,
3885,708,filterLoc,,
3885,711,filterLoc,,
3885,714,filterLoc,,
3885,717,filterLoc,,
3885,720,filterLoc,,
3885,723,filterLoc,,
3885,726,filterLoc,,
3885,729,filterLoc,,
3885,732,filterLoc,,
3885,735,filterLoc,,
3885,738,filterLoc,,
3885,741,filterLoc,,
3885,744,filterLoc,,
3885,747,filterLoc,,
3885,750,filterLoc,,
3885,753,filterLoc,,
3885,756,filterLoc,,
3885,759,filterLoc,,
3885,762,filterLoc,,
3885,765,filterLoc,,;Evacuee;271;in triage category;R;is leaving helicopter;4
3885,768,filterLoc,,
3885,771,filterLoc,,
3885,774,filterLoc,,
3885,777,filterLoc,,
3885,780,filterLoc,,
3885,783,filterLoc,,
3885,786,filterLoc,,
3885,789,filterLoc,,
3885,792,filterLoc,,
3885,795,filterLoc,,
3885,798,filterLoc,,
3885,801,filterLoc,,
3885,804,filterLoc,,
3885,807,filterLoc,,
3885,810,filterLoc,,
3885,813,filterLoc,,
3885,816,filterLoc,,
3885,819,filterLoc,,
3885,822,filterLoc,,
3885,825,filterLoc,,
3885,828,filterLoc,,
3885,831,filterLoc,,
3885,834,filterLoc,,
3885,837,filterLoc,,
3885,840,filterLoc,,
3885,843,filterLoc,,
3885,846,filterLoc,,
3885,849,filterLoc,,
3885,852,filterLoc,,
3885,855,filterLoc,,
3885,858,filterLoc,,
3885,861,filterLoc,,
3885,864,filterLoc,,
3885,867,filterLoc,,
3885,870,filterLoc,,
3885,873,filterLoc,,
3885,876,filterLoc,,
3885,879,filterLoc,,
3885,882,filterLoc,,
3885,885,filterLoc,,
3885,888,filterLoc,,
3885,891,filterLoc,,
3885,894,filterLoc,,
3885,897,filterLoc,,
3885,900,filterLoc,,
3885,903,filterLoc,,
3885,906,filterLoc,,
3885,909,filterLoc,,
3885,912,filterLoc,,
3885,915,filterLoc,,
3885,918,filterLoc,,
3885,921,filterLoc,,
3885,924,filterLoc,,
3885,927,filterLoc,,
3885,930,filterLoc,,
3885,933,filterLoc,,
3885,936,filterLoc,,
3885,939,filterLoc,,
3885,942,filterLoc,,
3885,945,filterLoc,,
3885,948,filterLoc,,
3885,951,filterLoc,,
3885,954,filterLoc,,
3885,957,filterLoc,,
3885,960,filterLoc,,
3885,963,filterLoc,,
3885,966,filterLoc,,
3885,969,filterLoc,,
3885,972,filterLoc,,
3885,975,filterLoc,,
3885,978,filterLoc,,
3885,981,filterLoc,,
3885,984,filterLoc,,
3885,987,filterLoc,,
3885,990,filterLoc,,
3885,993,filterLoc,,
3885,996,filterLoc,,
3885,999,filterLoc,,
3885,1002,filterLoc,,
3885,1005,filterLoc,,
3885,1008,filterLoc,,
3885,1011,filterLoc,,
3885,1014,filterLoc,,
3885,1017,filterLoc,,
3885,1020,filterLoc,,
3885,1023,filterLoc,,
3885,1026,filterLoc,,
3885,1029,filterLoc,,
3885,1032,filterLoc,,
3885,1035,filterLoc,,
3885,1038,filterLoc,,
3885,1041,filterLoc,,
3885,1044,filterLoc,,
3885,1047,filterLoc,,
3885,1050,filterLoc,,
3885,1053,filterLoc,,
3885,1056,filterLoc,,
3885,1059,filterLoc,,
3885,1062,filterLoc,,
3885,1065,filterLoc,,
3885,1068,filterLoc,,
3885,1071,filterLoc,,
3885,1074,filterLoc,,
3885,1077,filterLoc,,
3885,1080,filterLoc,,;Evacuee;91;in triage category;Y;is leaving helicopter;4
3885,1083,filterLoc,,
3885,1086,filterLoc,,
3885,1089,filterLoc,,
3885,1092,filterLoc,,
3885,1095,filterLoc,,
3885,1098,filterLoc,,
3885,1101,filterLoc,,
3885,1104,filterLoc,,
3885,1107,filterLoc,,
3885,1110,filterLoc,,
3885,1113,filterLoc,,
3885,1116,filterLoc,,
3885,1119,filterLoc,,
3885,1122,filterLoc,,
3885,1125,filterLoc,,
3885,1128,filterLoc,,
3885,1132,filterES,,
3885,1135,filterLoc,,
3885,1138,filterLoc,,
3885,1141,filterLoc,,
3885,1144,filterLoc,,
3885,1147,filterLoc,,
3885,1150,filterLoc,,
3885,1153,filterLoc,,
3885,1156,filterLoc,,
3885,1159,filterLoc,,
3885,1162,filterLoc,,
3885,1165,filterLoc,,
3885,1168,filterLoc,,
3885,1172,filterES,,Helicopter;1;is evacuating people
3885,1175,filterLoc,,
3885,1178,filterLoc,,
3885,1181,filterLoc,,
3885,1184,filterLoc,,
3885,1187,filterLoc,,
3885,1190,filterLoc,,
3885,1193,filterLoc,,
3885,1196,filterLoc,,
3885,1199,filterLoc,,
3885,1202,filterLoc,,
3885,1205,filterLoc,,
3885,1208,filterLoc,,
3885,1211,filterLoc,,
3885,1214,filterLoc,,
3885,1217,filterLoc,,
3885,1220,filterLoc,,
3885,1223,filterLoc,,
3885,1226,filterLoc,,
3885,1229,filterLoc,,
3885,1232,filterLoc,,
3885,1235,filterLoc,,
3885,1238,filterLoc,,
3885,1241,filterLoc,,
3885,1244,filterLoc,,
3885,1247,filterLoc,,
3885,1250,filterLoc,,
3885,1253,filterLoc,,
3885,1256,filterLoc,,
3885,1259,filterLoc,,
3885,1262,filterLoc,,
3885,1265,filterLoc,,
3885,1268,filterLoc,,
3885,1271,filterLoc,,
3885,1274,filterLoc,,
3885,1277,filterLoc,,
3885,1280,filterLoc,,
3885,1283,filterLoc,,
3885,1286,filterLoc,,
3885,1289,filterLoc,,
3885,1292,filterLoc,,
3885,1295,filterLoc,,
3885,1298,filterLoc,,
3885,1301,filterLoc,,
3885,1304,filterLoc,,
3885,1307,filterLoc,,
3885,1310,filterLoc,,
3885,1313,filterLoc,,
3885,1316,filterLoc,,
3885,1319,filterLoc,,
3885,1322,filterLoc,,
3885,1325,filterLoc,,
3885,1328,filterLoc,,
3885,1331,filterLoc,,
3885,1334,filterLoc,,
3885,1337,filterLoc,,
3885,1340,filterLoc,,
3885,1343,filterLoc,,
3885,1346,filterLoc,,
3885,1349,filterLoc,,
3885,1352,filterLoc,,
3885,1355,filterLoc,,
3885,1358,filterLoc,,
3885,1361,filterLoc,,
3885,1364,filterLoc,,
3885,1367,filterLoc,,
3885,1370,filterLoc,,
3885,1373,filterLoc,,
3885,1376,filterLoc,,
3885,1379,filterLoc,,
3885,1382,filterLoc,,
3885,1385,filterLoc,,
3885,1388,filterLoc,,
3885,1391,filterLoc,,
3885,1394,filterLoc,,
3885,1397,filterLoc,,
3885,1400,filterLoc,,
3885,1403,filterLoc,,
3885,1406,filterLoc,,
3885,1409,filterLoc,,
3885,1412,filterLoc,,
3885,1415,filterLoc,,
3885,1418,filterLoc,,
3885,1421,filterLoc,,
3885,1424,filterLoc,,
3885,1427,filterLoc,,
3885,1430,filterLoc,,
3885,1433,filterLoc,,
3885,1436,filterLoc,,
3885,1439,filterLoc,,
3885,1442,filterLoc,,
3885,1445,filterLoc,,
3885,1448,filterLoc,,
3885,1451,filterLoc,,
3885,1454,filterLoc,,
3885,1457,filterLoc,,
3885,1460,filterLoc,,
3885,1463,filterLoc,,
3885,1466,filterLoc,,
3885,1469,filterLoc,,
3885,1472,filterLoc,,
3885,1475,filterLoc,,
3885,1478,filterLoc,,
3885,1481,filterLoc,,
3885,1484,filterLoc,,
3885,1487,filterLoc,,
3885,1490,filterLoc,,
3885,1493,filterLoc,,
3885,1496,filterLoc,,
3885,1499,filterLoc,,
3885,1502,filterLoc,,
3885,1505,filterLoc,,
3885,1508,filterLoc,,
3885,1511,filterLoc,,
3885,1514,filterLoc,,
3885,1517,filterLoc,,
3885,1520,filterLoc,,
3885,1523,filterLoc,,
3885,1526,filterLoc,,
3885,1529,filterLoc,,
3885,4,helipadManager,outHQ,0
3885,4,helipadManager,,;No helos are at ES
3885,5,helicopterQueue,,;No helos are waiting to land
3885,554,filterLoc,out,Evacuee 148 in triage category R is not assigned a helicopter
3885,554,filterLoc,,
3885,555,evacuee,,Evacuee;148;in triage state;R;is entering the FOL
3885,765,filterLoc,out,Evacuee 271 in triage category R is not assigned a helicopter
3885,765,filterLoc,,
3885,766,evacuee,,Evacuee;271;in triage state;R;is entering the FOL
3885,1080,filterLoc,out,Evacuee 91 in triage category Y is not assigned a helicopter
3885,1080,filterLoc,,
3885,1081,evacuee,,Evacuee;91;in triage state;Y;is entering the FOL
3885,1172,filterES,out,Helicopter 1 is evacuating people1
3885,1172,filterES,,
3885,1173,helicopter,,Helicopter;1;is loading people at the evacuation site;;and has;9;spots taken
3885,5,helicopterQueue,,;No helos are waiting to land
3885,227,FOL,,;EvacueeID;5;Triage Status;G;EvacueeID;6;Triage Status;G;EvacueeID;7;Triage Status;G;EvacueeID;9;Triage Status;G;EvacueeID;16;Triage Status;G;EvacueeID;19;Triage Status;G;EvacueeID;20;Triage Status;G;EvacueeID;25;Triage Status;G;EvacueeID;28;Triage Status;G;EvacueeID;32;Triage Status;G;EvacueeID;34;Triage Status;G;EvacueeID;35;Triage Status;G;EvacueeID;40;Triage Status;G;EvacueeID;41;Triage Status;G;EvacueeID;44;Triage Status;G;EvacueeID;49;Triage Status;G;EvacueeID;50;Triage Status;G;EvacueeID;51;Triage Status;G;EvacueeID;52;Triage Status;G;EvacueeID;58;Triage Status;G;EvacueeID;61;Triage Status;G;EvacueeID;63;Triage Status;G;EvacueeID;64;Triage Status;G;EvacueeID;70;Triage Status;G;EvacueeID;73;Triage Status;G;EvacueeID;74;Triage Status;G;EvacueeID;76;Triage Status;G;EvacueeID;81;Triage Status;G;EvacueeID;83;Triage Status;G;EvacueeID;86;Triage Status;G;EvacueeID;87;Triage Status;G;EvacueeID;89;Triage Status;G;EvacueeID;90;Triage Status;G;EvacueeID;92;Triage Status;G;EvacueeID;94;Triage Status;G;EvacueeID;97;Triage Status;G;EvacueeID;102;Triage Status;G;EvacueeID;103;Triage Status;G;EvacueeID;104;Triage Status;G;EvacueeID;105;Triage Status;G;EvacueeID;107;Triage Status;G;EvacueeID;111;Triage Status;G;EvacueeID;116;Triage Status;G;EvacueeID;117;Triage Status;G;EvacueeID;118;Triage Status;G;EvacueeID;119;Triage Status;G;EvacueeID;120;Triage Status;G;EvacueeID;124;Triage Status;G;EvacueeID;126;Triage Status;G;EvacueeID;127;Triage Status;G;EvacueeID;128;Triage Status;G;EvacueeID;129;Triage Status;G;EvacueeID;131;Triage Status;G;EvacueeID;134;Triage Status;G;EvacueeID;137;Triage Status;G;EvacueeID;138;Triage Status;G;EvacueeID;150;Triage Status;G;EvacueeID;154;Triage Status;G;EvacueeID;155;Triage Status;G;EvacueeID;157;Triage Status;G;EvacueeID;160;Triage Status;G;EvacueeID;162;Triage Status;G;EvacueeID;163;Triage Status;G;EvacueeID;166;Triage Status;G;EvacueeID;173;Triage Status;G;EvacueeID;180;Triage Status;G;EvacueeID;181;Triage Status;G;EvacueeID;182;Triage Status;G;EvacueeID;183;Triage Status;G;EvacueeID;184;Triage Status;G;EvacueeID;185;Triage Status;G;EvacueeID;186;Triage Status;G;EvacueeID;192;Triage Status;G;EvacueeID;199;Triage Status;G;EvacueeID;203;Triage Status;G;EvacueeID;204;Triage Status;G;EvacueeID;205;Triage Status;G;EvacueeID;206;Triage Status;G;EvacueeID;217;Triage Status;G;EvacueeID;227;Triage Status;G;EvacueeID;232;Triage Status;G;EvacueeID;233;Triage Status;G;EvacueeID;234;Triage Status;G;EvacueeID;235;Triage Status;G;EvacueeID;236;Triage Status;G;EvacueeID;237;Triage Status;G;EvacueeID;245;Triage Status;G;EvacueeID;250;Triage Status;G;EvacueeID;251;Triage Status;G;EvacueeID;266;Triage Status;G;EvacueeID;267;Triage Status;G;EvacueeID;269;Triage Status;G;EvacueeID;273;Triage Status;G;EvacueeID;274;Triage Status;G;EvacueeID;275;Triage Status;G;EvacueeID;277;Triage Status;G;EvacueeID;278;Triage Status;G;EvacueeID;279;Triage Status;G;EvacueeID;285;Triage Status;G;EvacueeID;293;Triage Status;G;EvacueeID;295;Triage Status;G;EvacueeID;297;Triage Status;G;EvacueeID;303;Triage Status;G;EvacueeID;304;Triage Status;G;EvacueeID;305;Triage Status;G;EvacueeID;306;Triage Status;G;EvacueeID;308;Triage Status;G;EvacueeID;309;Triage Status;G;EvacueeID;310;Triage Status;G;EvacueeID;315;Triage Status;G;EvacueeID;320;Triage Status;G;EvacueeID;323;Triage Status;G;EvacueeID;327;Triage Status;G;EvacueeID;328;Triage Status;G;EvacueeID;330;Triage Status;G;EvacueeID;331;Triage Status;G;EvacueeID;334;Triage Status;G;EvacueeID;335;Triage Status;G;EvacueeID;337;Triage Status;G;EvacueeID;352;Triage Status;G;EvacueeID;363;Triage Status;G;EvacueeID;371;Triage Status;G;EvacueeID;372;Triage Status;G;EvacueeID;374;Triage Status;G;EvacueeID;375;Triage Status;G;EvacueeID;377;Triage Status;G;EvacueeID;378;Triage Status;G;EvacueeID;401;Triage Status;G;EvacueeID;403;Triage Status;G;EvacueeID;404;Triage Status;G;EvacueeID;416;Triage Status;G;EvacueeID;417;Triage Status;G;EvacueeID;424;Triage Status;G;EvacueeID;429;Triage Status;G;EvacueeID;432;Triage Status;G;EvacueeID;441;Triage Status;G;EvacueeID;442;Triage Status;G;EvacueeID;445;Triage Status;G;EvacueeID;448;Triage Status;G;EvacueeID;451;Triage Status;G;EvacueeID;338;Triage Status;R;EvacueeID;408;Triage Status;R;EvacueeID;453;Triage Status;G;EvacueeID;455;Triage Status;G;EvacueeID;456;Triage Status;G;EvacueeID;91;Triage Status;Y;EvacueeID;148;Triage Status;R;EvacueeID;271;Triage Status;R;Lives Saved;148
3885,555,evacuee,outFOL,Evacuee 148 in triage category R is not assigned a helicopter
3885,555,evacuee,,Evacuee;148;in triage state;R;is at the FOL
3885,766,evacuee,outFOL,Evacuee 271 in triage category R is not assigned a helicopter
3885,766,evacuee,,Evacuee;271;in triage state;R;is at the FOL
3885,1081,evacuee,outFOL,Evacuee 91 in triage category Y is not assigned a helicopter
3885,1081,evacuee,,Evacuee;91;in triage state;Y;is at the FOL
3885,1173,helicopter,,Helicopter;1;is returning to the FOL;;and has;9;spots taken
3885,227,FOL,,;EvacueeID;5;Triage Status;G;EvacueeID;6;Triage Status;G;EvacueeID;7;Triage Status;G;EvacueeID;9;Triage Status;G;EvacueeID;16;Triage Status;G;EvacueeID;19;Triage Status;G;EvacueeID;20;Triage Status;G;EvacueeID;25;Triage Status;G;EvacueeID;28;Triage Status;G;EvacueeID;32;Triage Status;G;EvacueeID;34;Triage Status;G;EvacueeID;35;Triage Status;G;EvacueeID;40;Triage Status;G;EvacueeID;41;Triage Status;G;EvacueeID;44;Triage Status;G;EvacueeID;49;Triage Status;G;EvacueeID;50;Triage Status;G;EvacueeID;51;Triage Status;G;EvacueeID;52;Triage Status;G;EvacueeID;58;Triage Status;G;EvacueeID;61;Triage Status;G;EvacueeID;63;Triage Status;G;EvacueeID;64;Triage Status;G;EvacueeID;70;Triage Status;G;EvacueeID;73;Triage Status;G;EvacueeID;74;Triage Status;G;EvacueeID;76;Triage Status;G;EvacueeID;81;Triage Status;G;EvacueeID;83;Triage Status;G;EvacueeID;86;Triage Status;G;EvacueeID;87;Triage Status;G;EvacueeID;89;Triage Status;G;EvacueeID;90;Triage Status;G;EvacueeID;92;Triage Status;G;EvacueeID;94;Triage Status;G;EvacueeID;97;Triage Status;G;EvacueeID;102;Triage Status;G;EvacueeID;103;Triage Status;G;EvacueeID;104;Triage Status;G;EvacueeID;105;Triage Status;G;EvacueeID;107;Triage Status;G;EvacueeID;111;Triage Status;G;EvacueeID;116;Triage Status;G;EvacueeID;117;Triage Status;G;EvacueeID;118;Triage Status;G;EvacueeID;119;Triage Status;G;EvacueeID;120;Triage Status;G;EvacueeID;124;Triage Status;G;EvacueeID;126;Triage Status;G;EvacueeID;127;Triage Status;G;EvacueeID;128;Triage Status;G;EvacueeID;129;Triage Status;G;EvacueeID;131;Triage Status;G;EvacueeID;134;Triage Status;G;EvacueeID;137;Triage Status;G;EvacueeID;138;Triage Status;G;EvacueeID;150;Triage Status;G;EvacueeID;154;Triage Status;G;EvacueeID;155;Triage Status;G;EvacueeID;157;Triage Status;G;EvacueeID;160;Triage Status;G;EvacueeID;162;Triage Status;G;EvacueeID;163;Triage Status;G;EvacueeID;166;Triage Status;G;EvacueeID;173;Triage Status;G;EvacueeID;180;Triage Status;G;EvacueeID;181;Triage Status;G;EvacueeID;182;Triage Status;G;EvacueeID;183;Triage Status;G;EvacueeID;184;Triage Status;G;EvacueeID;185;Triage Status;G;EvacueeID;186;Triage Status;G;EvacueeID;192;Triage Status;G;EvacueeID;199;Triage Status;G;EvacueeID;203;Triage Status;G;EvacueeID;204;Triage Status;G;EvacueeID;205;Triage Status;G;EvacueeID;206;Triage Status;G;EvacueeID;217;Triage Status;G;EvacueeID;227;Triage Status;G;EvacueeID;232;Triage Status;G;EvacueeID;233;Triage Status;G;EvacueeID;234;Triage Status;G;EvacueeID;235;Triage Status;G;EvacueeID;236;Triage Status;G;EvacueeID;237;Triage Status;G;EvacueeID;245;Triage Status;G;EvacueeID;250;Triage Status;G;EvacueeID;251;Triage Status;G;EvacueeID;266;Triage Status;G;EvacueeID;267;Triage Status;G;EvacueeID;269;Triage Status;G;EvacueeID;273;Triage Status;G;EvacueeID;274;Triage Status;G;EvacueeID;275;Triage Status;G;EvacueeID;277;Triage Status;G;EvacueeID;278;Triage Status;G;EvacueeID;279;Triage Status;G;EvacueeID;285;Triage Status;G;EvacueeID;293;Triage Status;G;EvacueeID;295;Triage Status;G;EvacueeID;297;Triage Status;G;EvacueeID;303;Triage Status;G;EvacueeID;304;Triage Status;G;EvacueeID;305;Triage Status;G;EvacueeID;306;Triage Status;G;EvacueeID;308;Triage Status;G;EvacueeID;309;Triage Status;G;EvacueeID;310;Triage Status;G;EvacueeID;315;Triage Status;G;EvacueeID;320;Triage Status;G;EvacueeID;323;Triage Status;G;EvacueeID;327;Triage Status;G;EvacueeID;328;Triage Status;G;EvacueeID;330;Triage Status;G;EvacueeID;331;Triage Status;G;EvacueeID;334;Triage Status;G;EvacueeID;335;Triage Status;G;EvacueeID;337;Triage Status;G;EvacueeID;352;Triage Status;G;EvacueeID;363;Triage Status;G;EvacueeID;371;Triage Status;G;EvacueeID;372;Triage Status;G;EvacueeID;374;Triage Status;G;EvacueeID;375;Triage Status;G;EvacueeID;377;Triage Status;G;EvacueeID;378;Triage Status;G;EvacueeID;401;Triage Status;G;EvacueeID;403;Triage Status;G;EvacueeID;404;Triage Status;G;EvacueeID;416;Triage Status;G;EvacueeID;417;Triage Status;G;EvacueeID;424;Triage Status;G;EvacueeID;429;Triage Status;G;EvacueeID;432;Triage Status;G;EvacueeID;441;Triage Status;G;EvacueeID;442;Triage Status;G;EvacueeID;445;Triage Status;G;EvacueeID;448;Triage Status;G;EvacueeID;451;Triage Status;G;EvacueeID;338;Triage Status;R;EvacueeID;408;Triage Status;R;EvacueeID;453;Triage Status;G;EvacueeID;455;Triage Status;G;EvacueeID;456;Triage Status;G;EvacueeID;91;Triage Status;Y;EvacueeID;148;Triage Status;R;EvacueeID;271;Triage Status;R;Lives Saved;148
3900,294,helicopter,,Helicopter;4;Is going to the evacuation site;;and has;0;spots taken
3930,5,helicopterQueue,,1;Helos are waiting to land;HeloID;2
3930,1133,helicopter,outES,Helicopter 2 is evacuating people2
3930,1133,helicopter,,Helicopter;2;is waiting to land at the evacuation site;;and has;0;spots taken
3930,4,helipadManager,,;No helos are at ES
3930,5,helicopterQueue,outHM,Helicopter 2 is evacuating people2
3930,5,helicopterQueue,outHelo,Helicopter 2 is evacuating people2
3930,5,helicopterQueue,,;No helos are waiting to land
3930,8,filterES,,
3930,108,filterES,,
3930,293,filterES,,
3930,573,filterES,,
3930,1132,filterES,,Helicopter;2;is evacuating people
3930,1172,filterES,,
3930,3,evacueeManager,,OFF SHIP: White;0;Green;0;Yellow;2;Red;0;Black;338;ON SHIP: White;0;Green;0;Yellow;0;Red;0;Evacuees to Transfer;;EvacueeID;161;HeloID;2;OnShip;0;Triage Status;Y;EvacueeID;386;HeloID;2;OnShip;0;Triage Status;Y;EvacueeID;390;HeloID;2;OnShip;0;Triage Status;Y
3930,4,helipadManager,outEM,Helicopter 2 is evacuating people2
3930,4,helipadManager,,Helo;2;is at the ES
3930,1132,filterES,out,Helicopter 2 is evacuating people2
3930,1132,filterES,,
3930,1133,helicopter,,Helicopter;2;is waiting to land at the evacuation site;;and has;0;spots taken
3930,3,evacueeManager,outEvac,Evacuee 161 in triage category Y is assigned helicopter 2
3930,3,evacueeManager,outEvac,Evacuee 386 in triage category Y is assigned helicopter 2
3930,3,evacueeManager,outEvac,Evacuee 390 in triage category Y is assigned helicopter 2
3930,3,evacueeManager,,OFF SHIP: White;0;Green;0;Yellow;2;Red;0;Black;338;ON SHIP: White;0;Green;0;Yellow;0;Red;0;Evacuees to Transfer;
3930,11,filterLoc,,
3930,14,filterLoc,,
3930,17,filterLoc,,
3930,20,filterLoc,,
3930,23,filterLoc,,
3930,26,filterLoc,,
3930,29,filterLoc,,
3930,32,filterLoc,,
3930,35,filterLoc,,
3930,38,filterLoc,,
3930,41,filterLoc,,
3930,44,filterLoc,,
3930,47,filterLoc,,
3930,50,filterLoc,,
3930,53,filterLoc,,
3930,56,filterLoc,,
3930,59,filterLoc,,
3930,62,filterLoc,,
3930,65,filterLoc,,
3930,68,filterLoc,,
3930,71,filterLoc,,
3930,74,filterLoc,,
3930,77,filterLoc,,
3930,80,filterLoc,,
3930,83,filterLoc,,
3930,86,filterLoc,,
3930,89,filterLoc,,
3930,92,filterLoc,,
3930,95,filterLoc,,
3930,98,filterLoc,,
3930,101,filterLoc,,
3930,104,filterLoc,,
3930,111,filterLoc,,
3930,114,filterLoc,,
3930,117,filterLoc,,
3930,120,filterLoc,,
3930,123,filterLoc,,
3930,126,filterLoc,,
3930,129,filterLoc,,
3930,132,filterLoc,,
3930,135,filterLoc,,
3930,138,filterLoc,,
3930,141,filterLoc,,
3930,144,filterLoc,,
3930,147,filterLoc,,
3930,150,filterLoc,,
3930,153,filterLoc,,
3930,156,filterLoc,,
3930,159,filterLoc,,
3930,162,filterLoc,,
3930,165,filterLoc,,
3930,168,filterLoc,,
3930,171,filterLoc,,
3930,174,filterLoc,,
3930,177,filterLoc,,
3930,180,filterLoc,,
3930,183,filterLoc,,
3930,186,filterLoc,,
3930,189,filterLoc,,
3930,192,filterLoc,,
3930,195,filterLoc,,
3930,198,filterLoc,,
3930,201,filterLoc,,
3930,204,filterLoc,,
3930,207,filterLoc,,
3930,210,filterLoc,,
3930,213,filterLoc,,
3930,216,filterLoc,,
3930,219,filterLoc,,
3930,222,filterLoc,,
3930,225,filterLoc,,
3930,229,filterLoc,,
3930,232,filterLoc,,
3930,235,filterLoc,,
3930,238,filterLoc,,
3930,241,filterLoc,,
3930,244,filterLoc,,
3930,247,filterLoc,,
3930,250,filterLoc,,
3930,253,filterLoc,,
3930,256,filterLoc,,
3930,259,filterLoc,,
3930,262,filterLoc,,
3930,265,filterLoc,,
3930,268,filterLoc,,
3930,271,filterLoc,,
3930,274,filterLoc,,
3930,277,filterLoc,,
3930,280,filterLoc,,
3930,283,filterLoc,,
3930,286,filterLoc,,
3930,289,filterLoc,,
3930,296,filterLoc,,
3930,299,filterLoc,,
3930,302,filterLoc,,
3930,305,filterLoc,,
3930,308,filterLoc,,
3930,311,filterLoc,,
3930,314,filterLoc,,
3930,317,filterLoc,,
3930,320,filterLoc,,
3930,323,filterLoc,,
3930,326,filterLoc,,
3930,329,filterLoc,,
3930,332,filterLoc,,
3930,335,filterLoc,,
3930,338,filterLoc,,
3930,341,filterLoc,,
3930,344,filterLoc,,
3930,347,filterLoc,,
3930,350,filterLoc,,
3930,353,filterLoc,,
3930,356,filterLoc,,
3930,359,filterLoc,,
3930,362,filterLoc,,
3930,365,filterLoc,,
3930,368,filterLoc,,
3930,371,filterLoc,,
3930,374,filterLoc,,
3930,377,filterLoc,,
3930,380,filterLoc,,
3930,383,filterLoc,,
3930,386,filterLoc,,
3930,389,filterLoc,,
3930,392,filterLoc,,
3930,395,filterLoc,,
3930,398,filterLoc,,
3930,401,filterLoc,,
3930,404,filterLoc,,
3930,407,filterLoc,,
3930,410,filterLoc,,
3930,413,filterLoc,,
3930,416,filterLoc,,
3930,419,filterLoc,,
3930,422,filterLoc,,
3930,425,filterLoc,,
3930,428,filterLoc,,
3930,431,filterLoc,,
3930,434,filterLoc,,
3930,437,filterLoc,,
3930,440,filterLoc,,
3930,443,filterLoc,,
3930,446,filterLoc,,
3930,449,filterLoc,,
3930,452,filterLoc,,
3930,455,filterLoc,,
3930,458,filterLoc,,
3930,461,filterLoc,,
3930,464,filterLoc,,
3930,467,filterLoc,,
3930,470,filterLoc,,
3930,473,filterLoc,,
3930,476,filterLoc,,
3930,479,filterLoc,,
3930,482,filterLoc,,
3930,485,filterLoc,,
3930,488,filterLoc,,;Evacuee;386;in triage category;Y;is entering helicopter;2
3930,491,filterLoc,,
3930,494,filterLoc,,
3930,497,filterLoc,,
3930,500,filterLoc,,
3930,503,filterLoc,,
3930,506,filterLoc,,
3930,509,filterLoc,,
3930,512,filterLoc,,
3930,515,filterLoc,,
3930,518,filterLoc,,
3930,521,filterLoc,,
3930,524,filterLoc,,
3930,527,filterLoc,,
3930,530,filterLoc,,
3930,533,filterLoc,,
3930,536,filterLoc,,
3930,539,filterLoc,,
3930,542,filterLoc,,
3930,545,filterLoc,,
3930,548,filterLoc,,
3930,551,filterLoc,,
3930,554,filterLoc,,
3930,557,filterLoc,,
3930,560,filterLoc,,
3930,563,filterLoc,,
3930,566,filterLoc,,
3930,569,filterLoc,,
3930,576,filterLoc,,
3930,579,filterLoc,,
3930,582,filterLoc,,
3930,585,filterLoc,,
3930,588,filterLoc,,
3930,591,filterLoc,,
3930,594,filterLoc,,
3930,597,filterLoc,,
3930,600,filterLoc,,
3930,603,filterLoc,,
3930,606,filterLoc,,
3930,609,filterLoc,,
3930,612,filterLoc,,
3930,615,filterLoc,,
3930,618,filterLoc,,
3930,621,filterLoc,,
3930,624,filterLoc,,
3930,627,filterLoc,,
3930,630,filterLoc,,
3930,633,filterLoc,,
3930,636,filterLoc,,
3930,639,filterLoc,,
3930,642,filterLoc,,
3930,645,filterLoc,,
3930,648,filterLoc,,
3930,651,filterLoc,,
3930,654,filterLoc,,
3930,657,filterLoc,,
3930,660,filterLoc,,
3930,663,filterLoc,,
3930,666,filterLoc,,
3930,669,filterLoc,,
3930,672,filterLoc,,
3930,675,filterLoc,,
3930,678,filterLoc,,
3930,681,filterLoc,,
3930,684,filterLoc,,
3930,687,filterLoc,,
3930,690,filterLoc,,
3930,693,filterLoc,,
3930,696,filterLoc,,
3930,699,filterLoc,,
3930,702,filterLoc,,
3930,705,filterLoc,,
3930,708,filterLoc,,
3930,711,filterLoc,,
3930,714,filterLoc,,
3930,717,filterLoc,,
3930,720,filterLoc,,
3930,723,filterLoc,,
3930,726,filterLoc,,
3930,729,filterLoc,,
3930,732,filterLoc,,
3930,735,filterLoc,,
3930,738,filterLoc,,
3930,741,filterLoc,,
3930,744,filterLoc,,
3930,747,filterLoc,,
3930,750,filterLoc,,
3930,753,filterLoc,,
3930,756,filterLoc,,
3930,759,filterLoc,,
3930,762,filterLoc,,
3930,765,filterLoc,,
3930,768,filterLoc,,
3930,771,filterLoc,,
3930,774,filterLoc,,
3930,777,filterLoc,,
3930,780,filterLoc,,
3930,783,filterLoc,,
3930,786,filterLoc,,
3930,789,filterLoc,,
3930,792,filterLoc,,
3930,795,filterLoc,,
3930,798,filterLoc,,
3930,801,filterLoc,,
3930,804,filterLoc,,
3930,807,filterLoc,,
3930,810,filterLoc,,
3930,813,filterLoc,,
3930,816,filterLoc,,
3930,819,filterLoc,,
3930,822,filterLoc,,
3930,825,filterLoc,,
3930,828,filterLoc,,
3930,831,filterLoc,,
3930,834,filterLoc,,
3930,837,filterLoc,,
3930,840,filterLoc,,
3930,843,filterLoc,,
3930,846,filterLoc,,
3930,849,filterLoc,,
3930,852,filterLoc,,
3930,855,filterLoc,,
3930,858,filterLoc,,
3930,861,filterLoc,,
3930,864,filterLoc,,
3930,867,filterLoc,,
3930,870,filterLoc,,
3930,873,filterLoc,,
3930,876,filterLoc,,
3930,879,filterLoc,,
3930,882,filterLoc,,
3930,885,filterLoc,,
3930,888,filterLoc,,
3930,891,filterLoc,,
3930,894,filterLoc,,
3930,897,filterLoc,,
3930,900,filterLoc,,
3930,903,filterLoc,,
3930,906,filterLoc,,
3930,909,filterLoc,,
3930,912,filterLoc,,
3930,915,filterLoc,,
3930,918,filterLoc,,
3930,921,filterLoc,,
3930,924,filterLoc,,
3930,927,filterLoc,,
3930,930,filterLoc,,
3930,933,filterLoc,,
3930,936,filterLoc,,
3930,939,filterLoc,,
3930,942,filterLoc,,
3930,945,filterLoc,,
3930,948,filterLoc,,
3930,951,filterLoc,,
3930,954,filterLoc,,
3930,957,filterLoc,,
3930,960,filterLoc,,
3930,963,filterLoc,,
3930,966,filterLoc,,
3930,969,filterLoc,,
3930,972,filterLoc,,
3930,975,filterLoc,,
3930,978,filterLoc,,
3930,981,filterLoc,,
3930,984,filterLoc,,
3930,987,filterLoc,,
3930,990,filterLoc,,
3930,993,filterLoc,,
3930,996,filterLoc,,
3930,999,filterLoc,,
3930,1002,filterLoc,,
3930,1005,filterLoc,,
3930,1008,filterLoc,,
3930,1011,filterLoc,,
3930,1014,filterLoc,,
3930,1017,filterLoc,,
3930,1020,filterLoc,,
3930,1023,filterLoc,,
3930,1026,filterLoc,,
3930,1029,filterLoc,,
3930,1032,filterLoc,,
3930,1035,filterLoc,,
3930,1038,filterLoc,,
3930,1041,filterLoc,,
3930,1044,filterLoc,,
3930,1047,filterLoc,,
3930,1050,filterLoc,,
3930,1053,filterLoc,,
3930,1056,filterLoc,,
3930,1059,filterLoc,,
3930,1062,filterLoc,,
3930,1065,filterLoc,,
3930,1068,filterLoc,,
3930,1071,filterLoc,,
3930,1074,filterLoc,,
3930,1077,filterLoc,,
3930,1080,filterLoc,,
3930,1083,filterLoc,,
3930,1086,filterLoc,,
3930,1089,filterLoc,,
3930,1092,filterLoc,,
3930,1095,filterLoc,,
3930,1098,filterLoc,,
3930,1101,filterLoc,,
3930,1104,filterLoc,,
3930,1107,filterLoc,,
3930,1110,filterLoc,,
3930,1113,filterLoc,,
3930,1116,filterLoc,,
3930,1119,filterLoc,,
3930,1122,filterLoc,,
3930,1125,filterLoc,,
3930,1128,filterLoc,,
3930,1133,helicopter,,Helicopter;2;is loading people at the evacuation site;;and has;0;spots taken
3930,1135,filterLoc,,
3930,1138,filterLoc,,
3930,1141,filterLoc,,
3930,1144,filterLoc,,
3930,1147,filterLoc,,
3930,1150,filterLoc,,
3930,1153,filterLoc,,
3930,1156,filterLoc,,
3930,1159,filterLoc,,
3930,1162,filterLoc,,
3930,1165,filterLoc,,
3930,1168,filterLoc,,
3930,1175,filterLoc,,
3930,1178,filterLoc,,
3930,1181,filterLoc,,
3930,1184,filterLoc,,
3930,1187,filterLoc,,
3930,1190,filterLoc,,
3930,1193,filterLoc,,
3930,1196,filterLoc,,
3930,1199,filterLoc,,
3930,1202,filterLoc,,
3930,1205,filterLoc,,
3930,1208,filterLoc,,
3930,1211,filterLoc,,
3930,1214,filterLoc,,
3930,1217,filterLoc,,
3930,1220,filterLoc,,
3930,1223,filterLoc,,
3930,1226,filterLoc,,
3930,1229,filterLoc,,
3930,1232,filterLoc,,
3930,1235,filterLoc,,
3930,1238,filterLoc,,
3930,1241,filterLoc,,
3930,1244,filterLoc,,
3930,1247,filterLoc,,
3930,1250,filterLoc,,
3930,1253,filterLoc,,
3930,1256,filterLoc,,;Evacuee;161;in triage category;Y;is entering helicopter;2
3930,1259,filterLoc,,
3930,1262,filterLoc,,
3930,1265,filterLoc,,
3930,1268,filterLoc,,
3930,1271,filterLoc,,
3930,1274,filterLoc,,
3930,1277,filterLoc,,
3930,1280,filterLoc,,
3930,1283,filterLoc,,
3930,1286,filterLoc,,
3930,1289,filterLoc,,
3930,1292,filterLoc,,
3930,1295,filterLoc,,
3930,1298,filterLoc,,
3930,1301,filterLoc,,
3930,1304,filterLoc,,
3930,1307,filterLoc,,
3930,1310,filterLoc,,
3930,1313,filterLoc,,
3930,1316,filterLoc,,
3930,1319,filterLoc,,
3930,1322,filterLoc,,
3930,1325,filterLoc,,
3930,1328,filterLoc,,
3930,1331,filterLoc,,
3930,1334,filterLoc,,
3930,1337,filterLoc,,
3930,1340,filterLoc,,
3930,1343,filterLoc,,
3930,1346,filterLoc,,
3930,1349,filterLoc,,
3930,1352,filterLoc,,
3930,1355,filterLoc,,
3930,1358,filterLoc,,
3930,1361,filterLoc,,
3930,1364,filterLoc,,
3930,1367,filterLoc,,
3930,1370,filterLoc,,
3930,1373,filterLoc,,
3930,1376,filterLoc,,
3930,1379,filterLoc,,
3930,1382,filterLoc,,
3930,1385,filterLoc,,
3930,1388,filterLoc,,
3930,1391,filterLoc,,
3930,1394,filterLoc,,
3930,1397,filterLoc,,;Evacuee;390;in triage category;Y;is entering helicopter;2
3930,1400,filterLoc,,
3930,1403,filterLoc,,
3930,1406,filterLoc,,
3930,1409,filterLoc,,
3930,1412,filterLoc,,
3930,1415,filterLoc,,
3930,1418,filterLoc,,
3930,1421,filterLoc,,
3930,1424,filterLoc,,
3930,1427,filterLoc,,
3930,1430,filterLoc,,
3930,1433,filterLoc,,
3930,1436,filterLoc,,
3930,1439,filterLoc,,
3930,1442,filterLoc,,
3930,1445,filterLoc,,
3930,1448,filterLoc,,
3930,1451,filterLoc,,
3930,1454,filterLoc,,
3930,1457,filterLoc,,
3930,1460,filterLoc,,
3930,1463,filterLoc,,
3930,1466,filterLoc,,
3930,1469,filterLoc,,
3930,1472,filterLoc,,
3930,1475,filterLoc,,
3930,1478,filterLoc,,
3930,1481,filterLoc,,
3930,1484,filterLoc,,
3930,1487,filterLoc,,
3930,1490,filterLoc,,
3930,1493,filterLoc,,
3930,1496,filterLoc,,
3930,1499,filterLoc,,
3930,1502,filterLoc,,
3930,1505,filterLoc,,
3930,1508,filterLoc,,
3930,1511,filterLoc,,
3930,1514,filterLoc,,
3930,1517,filterLoc,,
3930,1520,filterLoc,,
3930,1523,filterLoc,,
3930,1526,filterLoc,,
3930,1529,filterLoc,,
3930,488,filterLoc,out,Evacuee 386 in triage category Y is assigned helicopter 2
3930,488,filterLoc,,
3930,489,evacuee,,Evacuee;386;in triage state;Y;is entering helicopter;2
3930,1256,filterLoc,out,Evacuee 161 in triage category Y is assigned helicopter 2
3930,1256,filterLoc,,
3930,1257,evacuee,,Evacuee;161;in triage state;Y;is entering helicopter;2
3930,1397,filterLoc,out,Evacuee 390 in triage category Y is assigned helicopter 2
3930,1397,filterLoc,,
3930,1398,evacuee,,Evacuee;390;in triage state;Y;is entering helicopter;2
3930,7,filterEvac,,
3930,107,filterEvac,,
3930,292,filterEvac,,
3930,489,evacuee,outHelo,Evacuee 386 in triage category Y is assigned helicopter 2
3930,489,evacuee,,Evacuee;386;in triage state;Y;is in helicopter;2
3930,572,filterEvac,,
3930,1131,filterEvac,,;Evacuee;161;in triage category;Y;is entering helicopter;2;Evacuee;386;in triage category;Y;is entering helicopter;2;Evacuee;390;in triage category;Y;is entering helicopter;2
3930,1171,filterEvac,,
3930,1257,evacuee,outHelo,Evacuee 161 in triage category Y is assigned helicopter 2
3930,1257,evacuee,,Evacuee;161;in triage state;Y;is in helicopter;2
3930,1398,evacuee,outHelo,Evacuee 390 in triage category Y is assigned helicopter 2
3930,1398,evacuee,,Evacuee;390;in triage state;Y;is in helicopter;2
3930,1131,filterEvac,out,Evacuee 161 in triage category Y is assigned helicopter 2
3930,1131,filterEvac,out,Evacuee 386 in triage category Y is assigned helicopter 2
3930,1131,filterEvac,out,Evacuee 390 in triage category Y is assigned helicopter 2
3930,1131,filterEvac,,
3930,1133,helicopter,,Helicopter;2;is loading people at the evacuation site;;and has;9;spots taken
3945,4,helipadManager,outHelo,Helicopter 2 is evacuating people2
3945,4,helipadManager,,;No helos are at ES
3945,8,filterES,,
3945,11,filterLoc,,
3945,14,filterLoc,,
3945,17,filterLoc,,
3945,20,filterLoc,,
3945,23,filterLoc,,
3945,26,filterLoc,,
3945,29,filterLoc,,
3945,32,filterLoc,,
3945,35,filterLoc,,
3945,38,filterLoc,,
3945,41,filterLoc,,
3945,44,filterLoc,,
3945,47,filterLoc,,
3945,50,filterLoc,,
3945,53,filterLoc,,
3945,56,filterLoc,,
3945,59,filterLoc,,
3945,62,filterLoc,,
3945,65,filterLoc,,
3945,68,filterLoc,,
3945,71,filterLoc,,
3945,74,filterLoc,,
3945,77,filterLoc,,
3945,80,filterLoc,,
3945,83,filterLoc,,
3945,86,filterLoc,,
3945,89,filterLoc,,
3945,92,filterLoc,,
3945,95,filterLoc,,
3945,98,filterLoc,,
3945,101,filterLoc,,
3945,104,filterLoc,,
3945,108,filterES,,
3945,111,filterLoc,,
3945,114,filterLoc,,
3945,117,filterLoc,,
3945,120,filterLoc,,
3945,123,filterLoc,,
3945,126,filterLoc,,
3945,129,filterLoc,,
3945,132,filterLoc,,
3945,135,filterLoc,,
3945,138,filterLoc,,
3945,141,filterLoc,,
3945,144,filterLoc,,
3945,147,filterLoc,,;Evacuee;406;in triage category;R;is leaving helicopter;5
3945,150,filterLoc,,
3945,153,filterLoc,,
3945,156,filterLoc,,
3945,159,filterLoc,,
3945,162,filterLoc,,
3945,165,filterLoc,,
3945,168,filterLoc,,
3945,171,filterLoc,,
3945,174,filterLoc,,
3945,177,filterLoc,,
3945,180,filterLoc,,
3945,183,filterLoc,,
3945,186,filterLoc,,
3945,189,filterLoc,,
3945,192,filterLoc,,
3945,195,filterLoc,,
3945,198,filterLoc,,
3945,201,filterLoc,,
3945,204,filterLoc,,
3945,207,filterLoc,,
3945,210,filterLoc,,
3945,213,filterLoc,,
3945,216,filterLoc,,
3945,219,filterLoc,,
3945,222,filterLoc,,
3945,225,filterLoc,,
3945,229,filterLoc,,
3945,232,filterLoc,,
3945,235,filterLoc,,
3945,238,filterLoc,,
3945,241,filterLoc,,
3945,244,filterLoc,,
3945,247,filterLoc,,
3945,250,filterLoc,,
3945,253,filterLoc,,
3945,256,filterLoc,,
3945,259,filterLoc,,
3945,262,filterLoc,,
3945,265,filterLoc,,
3945,268,filterLoc,,
3945,271,filterLoc,,
3945,274,filterLoc,,
3945,277,filterLoc,,
3945,280,filterLoc,,
3945,283,filterLoc,,
3945,286,filterLoc,,
3945,289,filterLoc,,
3945,293,filterES,,
3945,296,filterLoc,,
3945,299,filterLoc,,
3945,302,filterLoc,,
3945,305,filterLoc,,
3945,308,filterLoc,,
3945,311,filterLoc,,
3945,314,filterLoc,,
3945,317,filterLoc,,
3945,320,filterLoc,,
3945,323,filterLoc,,
3945,326,filterLoc,,
3945,329,filterLoc,,
3945,332,filterLoc,,
3945,335,filterLoc,,
3945,338,filterLoc,,
3945,341,filterLoc,,
3945,344,filterLoc,,
3945,347,filterLoc,,
3945,350,filterLoc,,
3945,353,filterLoc,,
3945,356,filterLoc,,
3945,359,filterLoc,,
3945,362,filterLoc,,
3945,365,filterLoc,,
3945,368,filterLoc,,
3945,371,filterLoc,,
3945,374,filterLoc,,
3945,377,filterLoc,,
3945,380,filterLoc,,
3945,383,filterLoc,,
3945,386,filterLoc,,
3945,389,filterLoc,,
3945,392,filterLoc,,
3945,395,filterLoc,,
3945,398,filterLoc,,
3945,401,filterLoc,,
3945,404,filterLoc,,
3945,407,filterLoc,,
3945,410,filterLoc,,
3945,413,filterLoc,,
3945,416,filterLoc,,
3945,419,filterLoc,,
3945,422,filterLoc,,
3945,425,filterLoc,,
3945,428,filterLoc,,
3945,431,filterLoc,,
3945,434,filterLoc,,
3945,437,filterLoc,,
3945,440,filterLoc,,
3945,443,filterLoc,,
3945,446,filterLoc,,
3945,449,filterLoc,,
3945,452,filterLoc,,
3945,455,filterLoc,,
3945,458,filterLoc,,
3945,461,filterLoc,,
3945,464,filterLoc,,
3945,467,filterLoc,,
3945,470,filterLoc,,
3945,473,filterLoc,,
3945,476,filterLoc,,
3945,479,filterLoc,,
3945,482,filterLoc,,
3945,485,filterLoc,,
3945,488,filterLoc,,
3945,491,filterLoc,,
3945,494,filterLoc,,
3945,497,filterLoc,,
3945,500,filterLoc,,
3945,503,filterLoc,,
3945,506,filterLoc,,
3945,509,filterLoc,,
3945,512,filterLoc,,
3945,515,filterLoc,,
3945,518,filterLoc,,
3945,521,filterLoc,,
3945,524,filterLoc,,
3945,527,filterLoc,,
3945,530,filterLoc,,
3945,533,filterLoc,,
3945,536,filterLoc,,
3945,539,filterLoc,,
3945,542,filterLoc,,
3945,545,filterLoc,,
3945,548,filterLoc,,
3945,551,filterLoc,,
3945,554,filterLoc,,
3945,557,filterLoc,,
3945,560,filterLoc,,
3945,563,filterLoc,,
3945,566,filterLoc,,
3945,569,filterLoc,,
3945,573,filterES,,
3945,574,helicopter,outEvac,Evacuee 22 in triage category R is not assigned a helicopter
3945,574,helicopter,outEvac,Evacuee 406 in triage category R is not assigned a helicopter
3945,574,helicopter,outEvac,Evacuee 465 in triage category Y is not assigned a helicopter
3945,574,helicopter,,Helicopter;5;is unloading people at the FOL;;and has;0;spots taken
3945,576,filterLoc,,
3945,579,filterLoc,,
3945,582,filterLoc,,
3945,585,filterLoc,,
3945,588,filterLoc,,
3945,591,filterLoc,,
3945,594,filterLoc,,
3945,597,filterLoc,,
3945,600,filterLoc,,
3945,603,filterLoc,,
3945,606,filterLoc,,
3945,609,filterLoc,,
3945,612,filterLoc,,
3945,615,filterLoc,,
3945,618,filterLoc,,
3945,621,filterLoc,,
3945,624,filterLoc,,
3945,627,filterLoc,,
3945,630,filterLoc,,
3945,633,filterLoc,,
3945,636,filterLoc,,
3945,639,filterLoc,,
3945,642,filterLoc,,
3945,645,filterLoc,,
3945,648,filterLoc,,
3945,651,filterLoc,,
3945,654,filterLoc,,
3945,657,filterLoc,,
3945,660,filterLoc,,
3945,663,filterLoc,,
3945,666,filterLoc,,
3945,669,filterLoc,,
3945,672,filterLoc,,
3945,675,filterLoc,,
3945,678,filterLoc,,
3945,681,filterLoc,,
3945,684,filterLoc,,
3945,687,filterLoc,,
3945,690,filterLoc,,
3945,693,filterLoc,,
3945,696,filterLoc,,
3945,699,filterLoc,,
3945,702,filterLoc,,
3945,705,filterLoc,,
3945,708,filterLoc,,
3945,711,filterLoc,,
3945,714,filterLoc,,
3945,717,filterLoc,,
3945,720,filterLoc,,
3945,723,filterLoc,,
3945,726,filterLoc,,
3945,729,filterLoc,,
3945,732,filterLoc,,
3945,735,filterLoc,,
3945,738,filterLoc,,
3945,741,filterLoc,,
3945,744,filterLoc,,
3945,747,filterLoc,,
3945,750,filterLoc,,
3945,753,filterLoc,,
3945,756,filterLoc,,
3945,759,filterLoc,,
3945,762,filterLoc,,
3945,765,filterLoc,,
3945,768,filterLoc,,
3945,771,filterLoc,,
3945,774,filterLoc,,
3945,777,filterLoc,,
3945,780,filterLoc,,
3945,783,filterLoc,,
3945,786,filterLoc,,
3945,789,filterLoc,,
3945,792,filterLoc,,
3945,795,filterLoc,,
3945,798,filterLoc,,
3945,801,filterLoc,,
3945,804,filterLoc,,
3945,807,filterLoc,,
3945,810,filterLoc,,
3945,813,filterLoc,,
3945,816,filterLoc,,
3945,819,filterLoc,,
3945,822,filterLoc,,
3945,825,filterLoc,,
3945,828,filterLoc,,
3945,831,filterLoc,,
3945,834,filterLoc,,
3945,837,filterLoc,,
3945,840,filterLoc,,
3945,843,filterLoc,,
3945,846,filterLoc,,
3945,849,filterLoc,,
3945,852,filterLoc,,
3945,855,filterLoc,,
3945,858,filterLoc,,
3945,861,filterLoc,,
3945,864,filterLoc,,
3945,867,filterLoc,,
3945,870,filterLoc,,
3945,873,filterLoc,,
3945,876,filterLoc,,
3945,879,filterLoc,,
3945,882,filterLoc,,
3945,885,filterLoc,,
3945,888,filterLoc,,
3945,891,filterLoc,,
3945,894,filterLoc,,
3945,897,filterLoc,,
3945,900,filterLoc,,;Evacuee;22;in triage category;R;is leaving helicopter;5
3945,903,filterLoc,,
3945,906,filterLoc,,
3945,909,filterLoc,,
3945,912,filterLoc,,
3945,915,filterLoc,,
3945,918,filterLoc,,
3945,921,filterLoc,,
3945,924,filterLoc,,
3945,927,filterLoc,,
3945,930,filterLoc,,
3945,933,filterLoc,,
3945,936,filterLoc,,
3945,939,filterLoc,,
3945,942,filterLoc,,
3945,945,filterLoc,,
3945,948,filterLoc,,
3945,951,filterLoc,,
3945,954,filterLoc,,
3945,957,filterLoc,,
3945,960,filterLoc,,
3945,963,filterLoc,,
3945,966,filterLoc,,
3945,969,filterLoc,,
3945,972,filterLoc,,
3945,975,filterLoc,,
3945,978,filterLoc,,
3945,981,filterLoc,,
3945,984,filterLoc,,
3945,987,filterLoc,,
3945,990,filterLoc,,
3945,993,filterLoc,,
3945,996,filterLoc,,
3945,999,filterLoc,,
3945,1002,filterLoc,,
3945,1005,filterLoc,,
3945,1008,filterLoc,,
3945,1011,filterLoc,,
3945,1014,filterLoc,,
3945,1017,filterLoc,,
3945,1020,filterLoc,,
3945,1023,filterLoc,,
3945,1026,filterLoc,,
3945,1029,filterLoc,,
3945,1032,filterLoc,,
3945,1035,filterLoc,,
3945,1038,filterLoc,,
3945,1041,filterLoc,,
3945,1044,filterLoc,,
3945,1047,filterLoc,,
3945,1050,filterLoc,,
3945,1053,filterLoc,,
3945,1056,filterLoc,,
3945,1059,filterLoc,,
3945,1062,filterLoc,,
3945,1065,filterLoc,,
3945,1068,filterLoc,,
3945,1071,filterLoc,,
3945,1074,filterLoc,,
3945,1077,filterLoc,,
3945,1080,filterLoc,,
3945,1083,filterLoc,,
3945,1086,filterLoc,,
3945,1089,filterLoc,,
3945,1092,filterLoc,,
3945,1095,filterLoc,,
3945,1098,filterLoc,,
3945,1101,filterLoc,,
3945,1104,filterLoc,,
3945,1107,filterLoc,,
3945,1110,filterLoc,,
3945,1113,filterLoc,,
3945,1116,filterLoc,,
3945,1119,filterLoc,,
3945,1122,filterLoc,,
3945,1125,filterLoc,,
3945,1128,filterLoc,,
3945,1132,filterES,,Helicopter;2;is evacuating people
3945,1135,filterLoc,,
3945,1138,filterLoc,,
3945,1141,filterLoc,,
3945,1144,filterLoc,,
3945,1147,filterLoc,,
3945,1150,filterLoc,,
3945,1153,filterLoc,,
3945,1156,filterLoc,,
3945,1159,filterLoc,,
3945,1162,filterLoc,,
3945,1165,filterLoc,,
3945,1168,filterLoc,,
3945,1172,filterES,,
3945,1175,filterLoc,,
3945,1178,filterLoc,,
3945,1181,filterLoc,,;Evacuee;465;in triage category;Y;is leaving helicopter;5
3945,1184,filterLoc,,
3945,1187,filterLoc,,
3945,1190,filterLoc,,
3945,1193,filterLoc,,
3945,1196,filterLoc,,
3945,1199,filterLoc,,
3945,1202,filterLoc,,
3945,1205,filterLoc,,
3945,1208,filterLoc,,
3945,1211,filterLoc,,
3945,1214,filterLoc,,
3945,1217,filterLoc,,
3945,1220,filterLoc,,
3945,1223,filterLoc,,
3945,1226,filterLoc,,
3945,1229,filterLoc,,
3945,1232,filterLoc,,
3945,1235,filterLoc,,
3945,1238,filterLoc,,
3945,1241,filterLoc,,
3945,1244,filterLoc,,
3945,1247,filterLoc,,
3945,1250,filterLoc,,
3945,1253,filterLoc,,
3945,1256,filterLoc,,
3945,1259,filterLoc,,
3945,1262,filterLoc,,
3945,1265,filterLoc,,
3945,1268,filterLoc,,
3945,1271,filterLoc,,
3945,1274,filterLoc,,
3945,1277,filterLoc,,
3945,1280,filterLoc,,
3945,1283,filterLoc,,
3945,1286,filterLoc,,
3945,1289,filterLoc,,
3945,1292,filterLoc,,
3945,1295,filterLoc,,
3945,1298,filterLoc,,
3945,1301,filterLoc,,
3945,1304,filterLoc,,
3945,1307,filterLoc,,
3945,1310,filterLoc,,
3945,1313,filterLoc,,
3945,1316,filterLoc,,
3945,1319,filterLoc,,
3945,1322,filterLoc,,
3945,1325,filterLoc,,
3945,1328,filterLoc,,
3945,1331,filterLoc,,
3945,1334,filterLoc,,
3945,1337,filterLoc,,
3945,1340,filterLoc,,
3945,1343,filterLoc,,
3945,1346,filterLoc,,
3945,1349,filterLoc,,
3945,1352,filterLoc,,
3945,1355,filterLoc,,
3945,1358,filterLoc,,
3945,1361,filterLoc,,
3945,1364,filterLoc,,
3945,1367,filterLoc,,
3945,1370,filterLoc,,
3945,1373,filterLoc,,
3945,1376,filterLoc,,
3945,1379,filterLoc,,
3945,1382,filterLoc,,
3945,1385,filterLoc,,
3945,1388,filterLoc,,
3945,1391,filterLoc,,
3945,1394,filterLoc,,
3945,1397,filterLoc,,
3945,1400,filterLoc,,
3945,1403,filterLoc,,
3945,1406,filterLoc,,
3945,1409,filterLoc,,
3945,1412,filterLoc,,
3945,1415,filterLoc,,
3945,1418,filterLoc,,
3945,1421,filterLoc,,
3945,1424,filterLoc,,
3945,1427,filterLoc,,
3945,1430,filterLoc,,
3945,1433,filterLoc,,
3945,1436,filterLoc,,
3945,1439,filterLoc,,
3945,1442,filterLoc,,
3945,1445,filterLoc,,
3945,1448,filterLoc,,
3945,1451,filterLoc,,
3945,1454,filterLoc,,
3945,1457,filterLoc,,
3945,1460,filterLoc,,
3945,1463,filterLoc,,
3945,1466,filterLoc,,
3945,1469,filterLoc,,
3945,1472,filterLoc,,
3945,1475,filterLoc,,
3945,1478,filterLoc,,
3945,1481,filterLoc,,
3945,1484,filterLoc,,
3945,1487,filterLoc,,
3945,1490,filterLoc,,
3945,1493,filterLoc,,
3945,1496,filterLoc,,
3945,1499,filterLoc,,
3945,1502,filterLoc,,
3945,1505,filterLoc,,
3945,1508,filterLoc,,
3945,1511,filterLoc,,
3945,1514,filterLoc,,
3945,1517,filterLoc,,
3945,1520,filterLoc,,
3945,1523,filterLoc,,
3945,1526,filterLoc,,
3945,1529,filterLoc,,
3945,4,helipadManager,outHQ,0
3945,4,helipadManager,,;No helos are at ES
3945,5,helicopterQueue,,;No helos are waiting to land
3945,147,filterLoc,out,Evacuee 406 in triage category R is not assigned a helicopter
3945,147,filterLoc,,
3945,148,evacuee,,Evacuee;406;in triage state;R;is entering the FOL
3945,900,filterLoc,out,Evacuee 22 in triage category R is not assigned a helicopter
3945,900,filterLoc,,
3945,901,evacuee,,Evacuee;22;in triage state;R;is entering the FOL
3945,1132,filterES,out,Helicopter 2 is evacuating people2
3945,1132,filterES,,
3945,1133,helicopter,,Helicopter;2;is loading people at the evacuation site;;and has;9;spots taken
3945,1181,filterLoc,out,Evacuee 465 in triage category Y is not assigned a helicopter
3945,1181,filterLoc,,
3945,1182,evacuee,,Evacuee;465;in triage state;Y;is entering the FOL
3945,5,helicopterQueue,,;No helos are waiting to land
3945,148,evacuee,outFOL,Evacuee 406 in triage category R is not assigned a helicopter
3945,148,evacuee,,Evacuee;406;in triage state;R;is at the FOL
3945,227,FOL,,;EvacueeID;5;Triage Status;G;EvacueeID;6;Triage Status;G;EvacueeID;7;Triage Status;G;EvacueeID;9;Triage Status;G;EvacueeID;16;Triage Status;G;EvacueeID;19;Triage Status;G;EvacueeID;20;Triage Status;G;EvacueeID;25;Triage Status;G;EvacueeID;28;Triage Status;G;EvacueeID;32;Triage Status;G;EvacueeID;34;Triage Status;G;EvacueeID;35;Triage Status;G;EvacueeID;40;Triage Status;G;EvacueeID;41;Triage Status;G;EvacueeID;44;Triage Status;G;EvacueeID;49;Triage Status;G;EvacueeID;50;Triage Status;G;EvacueeID;51;Triage Status;G;EvacueeID;52;Triage Status;G;EvacueeID;58;Triage Status;G;EvacueeID;61;Triage Status;G;EvacueeID;63;Triage Status;G;EvacueeID;64;Triage Status;G;EvacueeID;70;Triage Status;G;EvacueeID;73;Triage Status;G;EvacueeID;74;Triage Status;G;EvacueeID;76;Triage Status;G;EvacueeID;81;Triage Status;G;EvacueeID;83;Triage Status;G;EvacueeID;86;Triage Status;G;EvacueeID;87;Triage Status;G;EvacueeID;89;Triage Status;G;EvacueeID;90;Triage Status;G;EvacueeID;92;Triage Status;G;EvacueeID;94;Triage Status;G;EvacueeID;97;Triage Status;G;EvacueeID;102;Triage Status;G;EvacueeID;103;Triage Status;G;EvacueeID;104;Triage Status;G;EvacueeID;105;Triage Status;G;EvacueeID;107;Triage Status;G;EvacueeID;111;Triage Status;G;EvacueeID;116;Triage Status;G;EvacueeID;117;Triage Status;G;EvacueeID;118;Triage Status;G;EvacueeID;119;Triage Status;G;EvacueeID;120;Triage Status;G;EvacueeID;124;Triage Status;G;EvacueeID;126;Triage Status;G;EvacueeID;127;Triage Status;G;EvacueeID;128;Triage Status;G;EvacueeID;129;Triage Status;G;EvacueeID;131;Triage Status;G;EvacueeID;134;Triage Status;G;EvacueeID;137;Triage Status;G;EvacueeID;138;Triage Status;G;EvacueeID;150;Triage Status;G;EvacueeID;154;Triage Status;G;EvacueeID;155;Triage Status;G;EvacueeID;157;Triage Status;G;EvacueeID;160;Triage Status;G;EvacueeID;162;Triage Status;G;EvacueeID;163;Triage Status;G;EvacueeID;166;Triage Status;G;EvacueeID;173;Triage Status;G;EvacueeID;180;Triage Status;G;EvacueeID;181;Triage Status;G;EvacueeID;182;Triage Status;G;EvacueeID;183;Triage Status;G;EvacueeID;184;Triage Status;G;EvacueeID;185;Triage Status;G;EvacueeID;186;Triage Status;G;EvacueeID;192;Triage Status;G;EvacueeID;199;Triage Status;G;EvacueeID;203;Triage Status;G;EvacueeID;204;Triage Status;G;EvacueeID;205;Triage Status;G;EvacueeID;206;Triage Status;G;EvacueeID;217;Triage Status;G;EvacueeID;227;Triage Status;G;EvacueeID;232;Triage Status;G;EvacueeID;233;Triage Status;G;EvacueeID;234;Triage Status;G;EvacueeID;235;Triage Status;G;EvacueeID;236;Triage Status;G;EvacueeID;237;Triage Status;G;EvacueeID;245;Triage Status;G;EvacueeID;250;Triage Status;G;EvacueeID;251;Triage Status;G;EvacueeID;266;Triage Status;G;EvacueeID;267;Triage Status;G;EvacueeID;269;Triage Status;G;EvacueeID;273;Triage Status;G;EvacueeID;274;Triage Status;G;EvacueeID;275;Triage Status;G;EvacueeID;277;Triage Status;G;EvacueeID;278;Triage Status;G;EvacueeID;279;Triage Status;G;EvacueeID;285;Triage Status;G;EvacueeID;293;Triage Status;G;EvacueeID;295;Triage Status;G;EvacueeID;297;Triage Status;G;EvacueeID;303;Triage Status;G;EvacueeID;304;Triage Status;G;EvacueeID;305;Triage Status;G;EvacueeID;306;Triage Status;G;EvacueeID;308;Triage Status;G;EvacueeID;309;Triage Status;G;EvacueeID;310;Triage Status;G;EvacueeID;315;Triage Status;G;EvacueeID;320;Triage Status;G;EvacueeID;323;Triage Status;G;EvacueeID;327;Triage Status;G;EvacueeID;328;Triage Status;G;EvacueeID;330;Triage Status;G;EvacueeID;331;Triage Status;G;EvacueeID;334;Triage Status;G;EvacueeID;335;Triage Status;G;EvacueeID;337;Triage Status;G;EvacueeID;352;Triage Status;G;EvacueeID;363;Triage Status;G;EvacueeID;371;Triage Status;G;EvacueeID;372;Triage Status;G;EvacueeID;374;Triage Status;G;EvacueeID;375;Triage Status;G;EvacueeID;377;Triage Status;G;EvacueeID;378;Triage Status;G;EvacueeID;401;Triage Status;G;EvacueeID;403;Triage Status;G;EvacueeID;404;Triage Status;G;EvacueeID;416;Triage Status;G;EvacueeID;417;Triage Status;G;EvacueeID;424;Triage Status;G;EvacueeID;429;Triage Status;G;EvacueeID;432;Triage Status;G;EvacueeID;441;Triage Status;G;EvacueeID;442;Triage Status;G;EvacueeID;445;Triage Status;G;EvacueeID;448;Triage Status;G;EvacueeID;451;Triage Status;G;EvacueeID;338;Triage Status;R;EvacueeID;408;Triage Status;R;EvacueeID;453;Triage Status;G;EvacueeID;455;Triage Status;G;EvacueeID;456;Triage Status;G;EvacueeID;91;Triage Status;Y;EvacueeID;148;Triage Status;R;EvacueeID;271;Triage Status;R;EvacueeID;22;Triage Status;R;EvacueeID;406;Triage Status;R;EvacueeID;465;Triage Status;Y;Lives Saved;151
3945,901,evacuee,outFOL,Evacuee 22 in triage category R is not assigned a helicopter
3945,901,evacuee,,Evacuee;22;in triage state;R;is at the FOL
3945,1133,helicopter,,Helicopter;2;is returning to the FOL;;and has;9;spots taken
3945,1182,evacuee,outFOL,Evacuee 465 in triage category Y is not assigned a helicopter
3945,1182,evacuee,,Evacuee;465;in triage state;Y;is at the FOL
3945,227,FOL,,;EvacueeID;5;Triage Status;G;EvacueeID;6;Triage Status;G;EvacueeID;7;Triage Status;G;EvacueeID;9;Triage Status;G;EvacueeID;16;Triage Status;G;EvacueeID;19;Triage Status;G;EvacueeID;20;Triage Status;G;EvacueeID;25;Triage Status;G;EvacueeID;28;Triage Status;G;EvacueeID;32;Triage Status;G;EvacueeID;34;Triage Status;G;EvacueeID;35;Triage Status;G;EvacueeID;40;Triage Status;G;EvacueeID;41;Triage Status;G;EvacueeID;44;Triage Status;G;EvacueeID;49;Triage Status;G;EvacueeID;50;Triage Status;G;EvacueeID;51;Triage Status;G;EvacueeID;52;Triage Status;G;EvacueeID;58;Triage Status;G;EvacueeID;61;Triage Status;G;EvacueeID;63;Triage Status;G;EvacueeID;64;Triage Status;G;EvacueeID;70;Triage Status;G;EvacueeID;73;Triage Status;G;EvacueeID;74;Triage Status;G;EvacueeID;76;Triage Status;G;EvacueeID;81;Triage Status;G;EvacueeID;83;Triage Status;G;EvacueeID;86;Triage Status;G;EvacueeID;87;Triage Status;G;EvacueeID;89;Triage Status;G;EvacueeID;90;Triage Status;G;EvacueeID;92;Triage Status;G;EvacueeID;94;Triage Status;G;EvacueeID;97;Triage Status;G;EvacueeID;102;Triage Status;G;EvacueeID;103;Triage Status;G;EvacueeID;104;Triage Status;G;EvacueeID;105;Triage Status;G;EvacueeID;107;Triage Status;G;EvacueeID;111;Triage Status;G;EvacueeID;116;Triage Status;G;EvacueeID;117;Triage Status;G;EvacueeID;118;Triage Status;G;EvacueeID;119;Triage Status;G;EvacueeID;120;Triage Status;G;EvacueeID;124;Triage Status;G;EvacueeID;126;Triage Status;G;EvacueeID;127;Triage Status;G;EvacueeID;128;Triage Status;G;EvacueeID;129;Triage Status;G;EvacueeID;131;Triage Status;G;EvacueeID;134;Triage Status;G;EvacueeID;137;Triage Status;G;EvacueeID;138;Triage Status;G;EvacueeID;150;Triage Status;G;EvacueeID;154;Triage Status;G;EvacueeID;155;Triage Status;G;EvacueeID;157;Triage Status;G;EvacueeID;160;Triage Status;G;EvacueeID;162;Triage Status;G;EvacueeID;163;Triage Status;G;EvacueeID;166;Triage Status;G;EvacueeID;173;Triage Status;G;EvacueeID;180;Triage Status;G;EvacueeID;181;Triage Status;G;EvacueeID;182;Triage Status;G;EvacueeID;183;Triage Status;G;EvacueeID;184;Triage Status;G;EvacueeID;185;Triage Status;G;EvacueeID;186;Triage Status;G;EvacueeID;192;Triage Status;G;EvacueeID;199;Triage Status;G;EvacueeID;203;Triage Status;G;EvacueeID;204;Triage Status;G;EvacueeID;205;Triage Status;G;EvacueeID;206;Triage Status;G;EvacueeID;217;Triage Status;G;EvacueeID;227;Triage Status;G;EvacueeID;232;Triage Status;G;EvacueeID;233;Triage Status;G;EvacueeID;234;Triage Status;G;EvacueeID;235;Triage Status;G;EvacueeID;236;Triage Status;G;EvacueeID;237;Triage Status;G;EvacueeID;245;Triage Status;G;EvacueeID;250;Triage Status;G;EvacueeID;251;Triage Status;G;EvacueeID;266;Triage Status;G;EvacueeID;267;Triage Status;G;EvacueeID;269;Triage Status;G;EvacueeID;273;Triage Status;G;EvacueeID;274;Triage Status;G;EvacueeID;275;Triage Status;G;EvacueeID;277;Triage Status;G;EvacueeID;278;Triage Status;G;EvacueeID;279;Triage Status;G;EvacueeID;285;Triage Status;G;EvacueeID;293;Triage Status;G;EvacueeID;295;Triage Status;G;EvacueeID;297;Triage Status;G;EvacueeID;303;Triage Status;G;EvacueeID;304;Triage Status;G;EvacueeID;305;Triage Status;G;EvacueeID;306;Triage Status;G;EvacueeID;308;Triage Status;G;EvacueeID;309;Triage Status;G;EvacueeID;310;Triage Status;G;EvacueeID;315;Triage Status;G;EvacueeID;320;Triage Status;G;EvacueeID;323;Triage Status;G;EvacueeID;327;Triage Status;G;EvacueeID;328;Triage Status;G;EvacueeID;330;Triage Status;G;EvacueeID;331;Triage Status;G;EvacueeID;334;Triage Status;G;EvacueeID;335;Triage Status;G;EvacueeID;337;Triage Status;G;EvacueeID;352;Triage Status;G;EvacueeID;363;Triage Status;G;EvacueeID;371;Triage Status;G;EvacueeID;372;Triage Status;G;EvacueeID;374;Triage Status;G;EvacueeID;375;Triage Status;G;EvacueeID;377;Triage Status;G;EvacueeID;378;Triage Status;G;EvacueeID;401;Triage Status;G;EvacueeID;403;Triage Status;G;EvacueeID;404;Triage Status;G;EvacueeID;416;Triage Status;G;EvacueeID;417;Triage Status;G;EvacueeID;424;Triage Status;G;EvacueeID;429;Triage Status;G;EvacueeID;432;Triage Status;G;EvacueeID;441;Triage Status;G;EvacueeID;442;Triage Status;G;EvacueeID;445;Triage Status;G;EvacueeID;448;Triage Status;G;EvacueeID;451;Triage Status;G;EvacueeID;338;Triage Status;R;EvacueeID;408;Triage Status;R;EvacueeID;453;Triage Status;G;EvacueeID;455;Triage Status;G;EvacueeID;456;Triage Status;G;EvacueeID;91;Triage Status;Y;EvacueeID;148;Triage Status;R;EvacueeID;271;Triage Status;R;EvacueeID;22;Triage Status;R;EvacueeID;406;Triage Status;R;EvacueeID;465;Triage Status;Y;Lives Saved;151
3960,574,helicopter,,Helicopter;5;Is going to the evacuation site;;and has;0;spots taken
3990,5,helicopterQueue,,1;Helos are waiting to land;HeloID;3
3990,109,helicopter,outES,Helicopter 3 is evacuating people3
3990,109,helicopter,,Helicopter;3;is waiting to land at the evacuation site;;and has;0;spots taken
3990,4,helipadManager,,;No helos are at ES
3990,5,helicopterQueue,outHM,Helicopter 3 is evacuating people3
3990,5,helicopterQueue,outHelo,Helicopter 3 is evacuating people3
3990,5,helicopterQueue,,;No helos are waiting to land
3990,8,filterES,,
3990,108,filterES,,Helicopter;3;is evacuating people
3990,293,filterES,,
3990,573,filterES,,
3990,1132,filterES,,
3990,1172,filterES,,
3990,3,evacueeManager,,OFF SHIP: White;0;Green;0;Yellow;0;Red;0;Black;338;ON SHIP: White;0;Green;0;Yellow;0;Red;0;Evacuees to Transfer;;EvacueeID;431;HeloID;3;OnShip;0;Triage Status;Y;EvacueeID;458;HeloID;3;OnShip;0;Triage Status;Y
3990,4,helipadManager,outEM,Helicopter 3 is evacuating people3
3990,4,helipadManager,,Helo;3;is at the ES
3990,108,filterES,out,Helicopter 3 is evacuating people3
3990,108,filterES,,
3990,109,helicopter,,Helicopter;3;is waiting to land at the evacuation site;;and has;0;spots taken
3990,2,coastGuardShip,,The ship will arrive in 108 hours.
3990,3,evacueeManager,outEvac,Evacuee 431 in triage category Y is assigned helicopter 3
3990,3,evacueeManager,outEvac,Evacuee 458 in triage category Y is assigned helicopter 3
3990,3,evacueeManager,outHM,1
3990,3,evacueeManager,outCGS,1
3990,3,evacueeManager,,OFF SHIP: White;0;Green;0;Yellow;0;Red;0;Black;338;ON SHIP: White;0;Green;0;Yellow;0;Red;0;Evacuees to Transfer;
3990,4,helipadManager,,Helo;3;is at the ES;Stopped evacuating people
3990,11,filterLoc,,
3990,14,filterLoc,,
3990,17,filterLoc,,
3990,20,filterLoc,,
3990,23,filterLoc,,
3990,26,filterLoc,,
3990,29,filterLoc,,
3990,32,filterLoc,,
3990,35,filterLoc,,
3990,38,filterLoc,,
3990,41,filterLoc,,
3990,44,filterLoc,,
3990,47,filterLoc,,
3990,50,filterLoc,,
3990,53,filterLoc,,
3990,56,filterLoc,,
3990,59,filterLoc,,
3990,62,filterLoc,,
3990,65,filterLoc,,
3990,68,filterLoc,,
3990,71,filterLoc,,
3990,74,filterLoc,,
3990,77,filterLoc,,;Evacuee;458;in triage category;Y;is entering helicopter;3
3990,80,filterLoc,,
3990,83,filterLoc,,
3990,86,filterLoc,,
3990,89,filterLoc,,
3990,92,filterLoc,,
3990,95,filterLoc,,
3990,98,filterLoc,,
3990,101,filterLoc,,
3990,104,filterLoc,,
3990,109,helicopter,,Helicopter;3;is loading people at the evacuation site;;and has;0;spots taken
3990,111,filterLoc,,
3990,114,filterLoc,,
3990,117,filterLoc,,
3990,120,filterLoc,,
3990,123,filterLoc,,
3990,126,filterLoc,,
3990,129,filterLoc,,
3990,132,filterLoc,,
3990,135,filterLoc,,
3990,138,filterLoc,,
3990,141,filterLoc,,
3990,144,filterLoc,,
3990,147,filterLoc,,
3990,150,filterLoc,,
3990,153,filterLoc,,
3990,156,filterLoc,,
3990,159,filterLoc,,
3990,162,filterLoc,,
3990,165,filterLoc,,
3990,168,filterLoc,,
3990,171,filterLoc,,
3990,174,filterLoc,,
3990,177,filterLoc,,
3990,180,filterLoc,,
3990,183,filterLoc,,
3990,186,filterLoc,,
3990,189,filterLoc,,
3990,192,filterLoc,,
3990,195,filterLoc,,
3990,198,filterLoc,,
3990,201,filterLoc,,
3990,204,filterLoc,,
3990,207,filterLoc,,
3990,210,filterLoc,,
3990,213,filterLoc,,
3990,216,filterLoc,,
3990,219,filterLoc,,
3990,222,filterLoc,,
3990,225,filterLoc,,
3990,229,filterLoc,,
3990,232,filterLoc,,
3990,235,filterLoc,,
3990,238,filterLoc,,
3990,241,filterLoc,,
3990,244,filterLoc,,
3990,247,filterLoc,,
3990,250,filterLoc,,
3990,253,filterLoc,,
3990,256,filterLoc,,
3990,259,filterLoc,,
3990,262,filterLoc,,
3990,265,filterLoc,,
3990,268,filterLoc,,
3990,271,filterLoc,,
3990,274,filterLoc,,
3990,277,filterLoc,,
3990,280,filterLoc,,
3990,283,filterLoc,,
3990,286,filterLoc,,
3990,289,filterLoc,,
3990,296,filterLoc,,
3990,299,filterLoc,,
3990,302,filterLoc,,
3990,305,filterLoc,,
3990,308,filterLoc,,
3990,311,filterLoc,,
3990,314,filterLoc,,
3990,317,filterLoc,,
3990,320,filterLoc,,
3990,323,filterLoc,,
3990,326,filterLoc,,
3990,329,filterLoc,,
3990,332,filterLoc,,
3990,335,filterLoc,,
3990,338,filterLoc,,
3990,341,filterLoc,,
3990,344,filterLoc,,
3990,347,filterLoc,,
3990,350,filterLoc,,
3990,353,filterLoc,,
3990,356,filterLoc,,
3990,359,filterLoc,,
3990,362,filterLoc,,
3990,365,filterLoc,,
3990,368,filterLoc,,
3990,371,filterLoc,,
3990,374,filterLoc,,
3990,377,filterLoc,,
3990,380,filterLoc,,
3990,383,filterLoc,,
3990,386,filterLoc,,
3990,389,filterLoc,,
3990,392,filterLoc,,
3990,395,filterLoc,,
3990,398,filterLoc,,
3990,401,filterLoc,,
3990,404,filterLoc,,
3990,407,filterLoc,,
3990,410,filterLoc,,
3990,413,filterLoc,,
3990,416,filterLoc,,
3990,419,filterLoc,,
3990,422,filterLoc,,
3990,425,filterLoc,,
3990,428,filterLoc,,
3990,431,filterLoc,,
3990,434,filterLoc,,
3990,437,filterLoc,,
3990,440,filterLoc,,
3990,443,filterLoc,,
3990,446,filterLoc,,
3990,449,filterLoc,,
3990,452,filterLoc,,
3990,455,filterLoc,,
3990,458,filterLoc,,
3990,461,filterLoc,,
3990,464,filterLoc,,
3990,467,filterLoc,,
3990,470,filterLoc,,
3990,473,filterLoc,,
3990,476,filterLoc,,
3990,479,filterLoc,,
3990,482,filterLoc,,
3990,485,filterLoc,,
3990,488,filterLoc,,
3990,491,filterLoc,,
3990,494,filterLoc,,
3990,497,filterLoc,,
3990,500,filterLoc,,
3990,503,filterLoc,,
3990,506,filterLoc,,
3990,509,filterLoc,,
3990,512,filterLoc,,
3990,515,filterLoc,,
3990,518,filterLoc,,
3990,521,filterLoc,,
3990,524,filterLoc,,
3990,527,filterLoc,,
3990,530,filterLoc,,
3990,533,filterLoc,,
3990,536,filterLoc,,
3990,539,filterLoc,,
3990,542,filterLoc,,
3990,545,filterLoc,,
3990,548,filterLoc,,
3990,551,filterLoc,,
3990,554,filterLoc,,
3990,557,filterLoc,,
3990,560,filterLoc,,
3990,563,filterLoc,,
3990,566,filterLoc,,
3990,569,filterLoc,,
3990,576,filterLoc,,
3990,579,filterLoc,,
3990,582,filterLoc,,
3990,585,filterLoc,,
3990,588,filterLoc,,
3990,591,filterLoc,,
3990,594,filterLoc,,
3990,597,filterLoc,,
3990,600,filterLoc,,
3990,603,filterLoc,,
3990,606,filterLoc,,
3990,609,filterLoc,,
3990,612,filterLoc,,
3990,615,filterLoc,,
3990,618,filterLoc,,
3990,621,filterLoc,,
3990,624,filterLoc,,
3990,627,filterLoc,,
3990,630,filterLoc,,
3990,633,filterLoc,,
3990,636,filterLoc,,
3990,639,filterLoc,,
3990,642,filterLoc,,
3990,645,filterLoc,,
3990,648,filterLoc,,
3990,651,filterLoc,,
3990,654,filterLoc,,
3990,657,filterLoc,,
3990,660,filterLoc,,
3990,663,filterLoc,,
3990,666,filterLoc,,
3990,669,filterLoc,,
3990,672,filterLoc,,
3990,675,filterLoc,,
3990,678,filterLoc,,
3990,681,filterLoc,,
3990,684,filterLoc,,
3990,687,filterLoc,,
3990,690,filterLoc,,
3990,693,filterLoc,,
3990,696,filterLoc,,
3990,699,filterLoc,,;Evacuee;431;in triage category;Y;is entering helicopter;3
3990,702,filterLoc,,
3990,705,filterLoc,,
3990,708,filterLoc,,
3990,711,filterLoc,,
3990,714,filterLoc,,
3990,717,filterLoc,,
3990,720,filterLoc,,
3990,723,filterLoc,,
3990,726,filterLoc,,
3990,729,filterLoc,,
3990,732,filterLoc,,
3990,735,filterLoc,,
3990,738,filterLoc,,
3990,741,filterLoc,,
3990,744,filterLoc,,
3990,747,filterLoc,,
3990,750,filterLoc,,
3990,753,filterLoc,,
3990,756,filterLoc,,
3990,759,filterLoc,,
3990,762,filterLoc,,
3990,765,filterLoc,,
3990,768,filterLoc,,
3990,771,filterLoc,,
3990,774,filterLoc,,
3990,777,filterLoc,,
3990,780,filterLoc,,
3990,783,filterLoc,,
3990,786,filterLoc,,
3990,789,filterLoc,,
3990,792,filterLoc,,
3990,795,filterLoc,,
3990,798,filterLoc,,
3990,801,filterLoc,,
3990,804,filterLoc,,
3990,807,filterLoc,,
3990,810,filterLoc,,
3990,813,filterLoc,,
3990,816,filterLoc,,
3990,819,filterLoc,,
3990,822,filterLoc,,
3990,825,filterLoc,,
3990,828,filterLoc,,
3990,831,filterLoc,,
3990,834,filterLoc,,
3990,837,filterLoc,,
3990,840,filterLoc,,
3990,843,filterLoc,,
3990,846,filterLoc,,
3990,849,filterLoc,,
3990,852,filterLoc,,
3990,855,filterLoc,,
3990,858,filterLoc,,
3990,861,filterLoc,,
3990,864,filterLoc,,
3990,867,filterLoc,,
3990,870,filterLoc,,
3990,873,filterLoc,,
3990,876,filterLoc,,
3990,879,filterLoc,,
3990,882,filterLoc,,
3990,885,filterLoc,,
3990,888,filterLoc,,
3990,891,filterLoc,,
3990,894,filterLoc,,
3990,897,filterLoc,,
3990,900,filterLoc,,
3990,903,filterLoc,,
3990,906,filterLoc,,
3990,909,filterLoc,,
3990,912,filterLoc,,
3990,915,filterLoc,,
3990,918,filterLoc,,
3990,921,filterLoc,,
3990,924,filterLoc,,
3990,927,filterLoc,,
3990,930,filterLoc,,
3990,933,filterLoc,,
3990,936,filterLoc,,
3990,939,filterLoc,,
3990,942,filterLoc,,
3990,945,filterLoc,,
3990,948,filterLoc,,
3990,951,filterLoc,,
3990,954,filterLoc,,
3990,957,filterLoc,,
3990,960,filterLoc,,
3990,963,filterLoc,,
3990,966,filterLoc,,
3990,969,filterLoc,,
3990,972,filterLoc,,
3990,975,filterLoc,,
3990,978,filterLoc,,
3990,981,filterLoc,,
3990,984,filterLoc,,
3990,987,filterLoc,,
3990,990,filterLoc,,
3990,993,filterLoc,,
3990,996,filterLoc,,
3990,999,filterLoc,,
3990,1002,filterLoc,,
3990,1005,filterLoc,,
3990,1008,filterLoc,,
3990,1011,filterLoc,,
3990,1014,filterLoc,,
3990,1017,filterLoc,,
3990,1020,filterLoc,,
3990,1023,filterLoc,,
3990,1026,filterLoc,,
3990,1029,filterLoc,,
3990,1032,filterLoc,,
3990,1035,filterLoc,,
3990,1038,filterLoc,,
3990,1041,filterLoc,,
3990,1044,filterLoc,,
3990,1047,filterLoc,,
3990,1050,filterLoc,,
3990,1053,filterLoc,,
3990,1056,filterLoc,,
3990,1059,filterLoc,,
3990,1062,filterLoc,,
3990,1065,filterLoc,,
3990,1068,filterLoc,,
3990,1071,filterLoc,,
3990,1074,filterLoc,,
3990,1077,filterLoc,,
3990,1080,filterLoc,,
3990,1083,filterLoc,,
3990,1086,filterLoc,,
3990,1089,filterLoc,,
3990,1092,filterLoc,,
3990,1095,filterLoc,,
3990,1098,filterLoc,,
3990,1101,filterLoc,,
3990,1104,filterLoc,,
3990,1107,filterLoc,,
3990,1110,filterLoc,,
3990,1113,filterLoc,,
3990,1116,filterLoc,,
3990,1119,filterLoc,,
3990,1122,filterLoc,,
3990,1125,filterLoc,,
3990,1128,filterLoc,,
3990,1135,filterLoc,,
3990,1138,filterLoc,,
3990,1141,filterLoc,,
3990,1144,filterLoc,,
3990,1147,filterLoc,,
3990,1150,filterLoc,,
3990,1153,filterLoc,,
3990,1156,filterLoc,,
3990,1159,filterLoc,,
3990,1162,filterLoc,,
3990,1165,filterLoc,,
3990,1168,filterLoc,,
3990,1175,filterLoc,,
3990,1178,filterLoc,,
3990,1181,filterLoc,,
3990,1184,filterLoc,,
3990,1187,filterLoc,,
3990,1190,filterLoc,,
3990,1193,filterLoc,,
3990,1196,filterLoc,,
3990,1199,filterLoc,,
3990,1202,filterLoc,,
3990,1205,filterLoc,,
3990,1208,filterLoc,,
3990,1211,filterLoc,,
3990,1214,filterLoc,,
3990,1217,filterLoc,,
3990,1220,filterLoc,,
3990,1223,filterLoc,,
3990,1226,filterLoc,,
3990,1229,filterLoc,,
3990,1232,filterLoc,,
3990,1235,filterLoc,,
3990,1238,filterLoc,,
3990,1241,filterLoc,,
3990,1244,filterLoc,,
3990,1247,filterLoc,,
3990,1250,filterLoc,,
3990,1253,filterLoc,,
3990,1256,filterLoc,,
3990,1259,filterLoc,,
3990,1262,filterLoc,,
3990,1265,filterLoc,,
3990,1268,filterLoc,,
3990,1271,filterLoc,,
3990,1274,filterLoc,,
3990,1277,filterLoc,,
3990,1280,filterLoc,,
3990,1283,filterLoc,,
3990,1286,filterLoc,,
3990,1289,filterLoc,,
3990,1292,filterLoc,,
3990,1295,filterLoc,,
3990,1298,filterLoc,,
3990,1301,filterLoc,,
3990,1304,filterLoc,,
3990,1307,filterLoc,,
3990,1310,filterLoc,,
3990,1313,filterLoc,,
3990,1316,filterLoc,,
3990,1319,filterLoc,,
3990,1322,filterLoc,,
3990,1325,filterLoc,,
3990,1328,filterLoc,,
3990,1331,filterLoc,,
3990,1334,filterLoc,,
3990,1337,filterLoc,,
3990,1340,filterLoc,,
3990,1343,filterLoc,,
3990,1346,filterLoc,,
3990,1349,filterLoc,,
3990,1352,filterLoc,,
3990,1355,filterLoc,,
3990,1358,filterLoc,,
3990,1361,filterLoc,,
3990,1364,filterLoc,,
3990,1367,filterLoc,,
3990,1370,filterLoc,,
3990,1373,filterLoc,,
3990,1376,filterLoc,,
3990,1379,filterLoc,,
3990,1382,filterLoc,,
3990,1385,filterLoc,,
3990,1388,filterLoc,,
3990,1391,filterLoc,,
3990,1394,filterLoc,,
3990,1397,filterLoc,,
3990,1400,filterLoc,,
3990,1403,filterLoc,,
3990,1406,filterLoc,,
3990,1409,filterLoc,,
3990,1412,filterLoc,,
3990,1415,filterLoc,,
3990,1418,filterLoc,,
3990,1421,filterLoc,,
3990,1424,filterLoc,,
3990,1427,filterLoc,,
3990,1430,filterLoc,,
3990,1433,filterLoc,,
3990,1436,filterLoc,,
3990,1439,filterLoc,,
3990,1442,filterLoc,,
3990,1445,filterLoc,,
3990,1448,filterLoc,,
3990,1451,filterLoc,,
3990,1454,filterLoc,,
3990,1457,filterLoc,,
3990,1460,filterLoc,,
3990,1463,filterLoc,,
3990,1466,filterLoc,,
3990,1469,filterLoc,,
3990,1472,filterLoc,,
3990,1475,filterLoc,,
3990,1478,filterLoc,,
3990,1481,filterLoc,,
3990,1484,filterLoc,,
3990,1487,filterLoc,,
3990,1490,filterLoc,,
3990,1493,filterLoc,,
3990,1496,filterLoc,,
3990,1499,filterLoc,,
3990,1502,filterLoc,,
3990,1505,filterLoc,,
3990,1508,filterLoc,,
3990,1511,filterLoc,,
3990,1514,filterLoc,,
3990,1517,filterLoc,,
3990,1520,filterLoc,,
3990,1523,filterLoc,,
3990,1526,filterLoc,,
3990,1529,filterLoc,,
3990,77,filterLoc,out,Evacuee 458 in triage category Y is assigned helicopter 3
3990,77,filterLoc,,
3990,78,evacuee,,Evacuee;458;in triage state;Y;is entering helicopter;3
3990,699,filterLoc,out,Evacuee 431 in triage category Y is assigned helicopter 3
3990,699,filterLoc,,
3990,700,evacuee,,Evacuee;431;in triage state;Y;is entering helicopter;3
3990,7,filterEvac,,
3990,78,evacuee,outHelo,Evacuee 458 in triage category Y is assigned helicopter 3
3990,78,evacuee,,Evacuee;458;in triage state;Y;is in helicopter;3
3990,107,filterEvac,,;Evacuee;431;in triage category;Y;is entering helicopter;3;Evacuee;458;in triage category;Y;is entering helicopter;3
3990,292,filterEvac,,
3990,572,filterEvac,,
3990,700,evacuee,outHelo,Evacuee 431 in triage category Y is assigned helicopter 3
3990,700,evacuee,,Evacuee;431;in triage state;Y;is in helicopter;3
3990,1131,filterEvac,,
3990,1171,filterEvac,,
3990,107,filterEvac,out,Evacuee 431 in triage category Y is assigned helicopter 3
3990,107,filterEvac,out,Evacuee 458 in triage category Y is assigned helicopter 3
3990,107,filterEvac,,
3990,109,helicopter,,Helicopter;3;is loading people at the evacuation site;;and has;6;spots taken
4005,4,helipadManager,outHelo,Helicopter 3 has stopped
4005,4,helipadManager,outHQ,1
4005,4,helipadManager,,;No helos are at ES;Stopped evacuating people
4005,5,helicopterQueue,,;No helos are waiting to land
4005,8,filterES,,
4005,9,helicopter,outEvac,Evacuee 11 in triage category Y is not assigned a helicopter
4005,9,helicopter,outEvac,Evacuee 164 in triage category Y is not assigned a helicopter
4005,9,helicopter,outEvac,Evacuee 461 in triage category Y is not assigned a helicopter
4005,9,helicopter,,Helicopter;6;is unloading people at the FOL;;and has;0;spots taken
4005,11,filterLoc,,
4005,14,filterLoc,,
4005,17,filterLoc,,
4005,20,filterLoc,,
4005,23,filterLoc,,
4005,26,filterLoc,,
4005,29,filterLoc,,
4005,32,filterLoc,,
4005,35,filterLoc,,
4005,38,filterLoc,,
4005,41,filterLoc,,
4005,44,filterLoc,,
4005,47,filterLoc,,
4005,50,filterLoc,,
4005,53,filterLoc,,
4005,56,filterLoc,,
4005,59,filterLoc,,
4005,62,filterLoc,,
4005,65,filterLoc,,
4005,68,filterLoc,,;Evacuee;461;in triage category;Y;is leaving helicopter;6
4005,71,filterLoc,,
4005,74,filterLoc,,
4005,77,filterLoc,,
4005,80,filterLoc,,
4005,83,filterLoc,,
4005,86,filterLoc,,
4005,89,filterLoc,,
4005,92,filterLoc,,
4005,95,filterLoc,,
4005,98,filterLoc,,
4005,101,filterLoc,,
4005,104,filterLoc,,
4005,108,filterES,,Helicopter;3;has stopped
4005,111,filterLoc,,
4005,114,filterLoc,,
4005,117,filterLoc,,
4005,120,filterLoc,,
4005,123,filterLoc,,
4005,126,filterLoc,,
4005,129,filterLoc,,
4005,132,filterLoc,,
4005,135,filterLoc,,
4005,138,filterLoc,,
4005,141,filterLoc,,
4005,144,filterLoc,,
4005,147,filterLoc,,
4005,150,filterLoc,,
4005,153,filterLoc,,
4005,156,filterLoc,,
4005,159,filterLoc,,
4005,162,filterLoc,,
4005,165,filterLoc,,
4005,168,filterLoc,,
4005,171,filterLoc,,
4005,174,filterLoc,,
4005,177,filterLoc,,
4005,180,filterLoc,,
4005,183,filterLoc,,
4005,186,filterLoc,,
4005,189,filterLoc,,
4005,192,filterLoc,,
4005,195,filterLoc,,
4005,198,filterLoc,,
4005,201,filterLoc,,
4005,204,filterLoc,,
4005,207,filterLoc,,
4005,210,filterLoc,,
4005,213,filterLoc,,
4005,216,filterLoc,,
4005,219,filterLoc,,
4005,222,filterLoc,,
4005,225,filterLoc,,
4005,229,filterLoc,,
4005,232,filterLoc,,
4005,235,filterLoc,,
4005,238,filterLoc,,
4005,241,filterLoc,,
4005,244,filterLoc,,
4005,247,filterLoc,,
4005,250,filterLoc,,
4005,253,filterLoc,,
4005,256,filterLoc,,
4005,259,filterLoc,,
4005,262,filterLoc,,
4005,265,filterLoc,,
4005,268,filterLoc,,
4005,271,filterLoc,,
4005,274,filterLoc,,
4005,277,filterLoc,,
4005,280,filterLoc,,
4005,283,filterLoc,,
4005,286,filterLoc,,
4005,289,filterLoc,,
4005,293,filterES,,
4005,296,filterLoc,,
4005,299,filterLoc,,
4005,302,filterLoc,,
4005,305,filterLoc,,
4005,308,filterLoc,,
4005,311,filterLoc,,
4005,314,filterLoc,,
4005,317,filterLoc,,
4005,320,filterLoc,,
4005,323,filterLoc,,
4005,326,filterLoc,,
4005,329,filterLoc,,
4005,332,filterLoc,,
4005,335,filterLoc,,
4005,338,filterLoc,,
4005,341,filterLoc,,
4005,344,filterLoc,,
4005,347,filterLoc,,
4005,350,filterLoc,,
4005,353,filterLoc,,
4005,356,filterLoc,,
4005,359,filterLoc,,
4005,362,filterLoc,,
4005,365,filterLoc,,
4005,368,filterLoc,,
4005,371,filterLoc,,
4005,374,filterLoc,,
4005,377,filterLoc,,
4005,380,filterLoc,,
4005,383,filterLoc,,
4005,386,filterLoc,,
4005,389,filterLoc,,
4005,392,filterLoc,,
4005,395,filterLoc,,
4005,398,filterLoc,,
4005,401,filterLoc,,
4005,404,filterLoc,,
4005,407,filterLoc,,
4005,410,filterLoc,,
4005,413,filterLoc,,
4005,416,filterLoc,,
4005,419,filterLoc,,
4005,422,filterLoc,,
4005,425,filterLoc,,
4005,428,filterLoc,,
4005,431,filterLoc,,
4005,434,filterLoc,,
4005,437,filterLoc,,
4005,440,filterLoc,,
4005,443,filterLoc,,
4005,446,filterLoc,,
4005,449,filterLoc,,
4005,452,filterLoc,,
4005,455,filterLoc,,
4005,458,filterLoc,,
4005,461,filterLoc,,
4005,464,filterLoc,,
4005,467,filterLoc,,
4005,470,filterLoc,,
4005,473,filterLoc,,
4005,476,filterLoc,,
4005,479,filterLoc,,
4005,482,filterLoc,,
4005,485,filterLoc,,
4005,488,filterLoc,,
4005,491,filterLoc,,
4005,494,filterLoc,,
4005,497,filterLoc,,
4005,500,filterLoc,,
4005,503,filterLoc,,
4005,506,filterLoc,,
4005,509,filterLoc,,
4005,512,filterLoc,,
4005,515,filterLoc,,
4005,518,filterLoc,,
4005,521,filterLoc,,
4005,524,filterLoc,,
4005,527,filterLoc,,
4005,530,filterLoc,,
4005,533,filterLoc,,
4005,536,filterLoc,,
4005,539,filterLoc,,
4005,542,filterLoc,,
4005,545,filterLoc,,
4005,548,filterLoc,,
4005,551,filterLoc,,
4005,554,filterLoc,,
4005,557,filterLoc,,
4005,560,filterLoc,,
4005,563,filterLoc,,
4005,566,filterLoc,,
4005,569,filterLoc,,
4005,573,filterES,,
4005,576,filterLoc,,
4005,579,filterLoc,,
4005,582,filterLoc,,
4005,585,filterLoc,,
4005,588,filterLoc,,
4005,591,filterLoc,,
4005,594,filterLoc,,
4005,597,filterLoc,,
4005,600,filterLoc,,
4005,603,filterLoc,,
4005,606,filterLoc,,
4005,609,filterLoc,,
4005,612,filterLoc,,
4005,615,filterLoc,,
4005,618,filterLoc,,
4005,621,filterLoc,,
4005,624,filterLoc,,
4005,627,filterLoc,,
4005,630,filterLoc,,
4005,633,filterLoc,,
4005,636,filterLoc,,
4005,639,filterLoc,,
4005,642,filterLoc,,
4005,645,filterLoc,,
4005,648,filterLoc,,
4005,651,filterLoc,,
4005,654,filterLoc,,
4005,657,filterLoc,,
4005,660,filterLoc,,
4005,663,filterLoc,,
4005,666,filterLoc,,
4005,669,filterLoc,,
4005,672,filterLoc,,
4005,675,filterLoc,,
4005,678,filterLoc,,
4005,681,filterLoc,,
4005,684,filterLoc,,
4005,687,filterLoc,,
4005,690,filterLoc,,
4005,693,filterLoc,,
4005,696,filterLoc,,
4005,699,filterLoc,,
4005,702,filterLoc,,
4005,705,filterLoc,,
4005,708,filterLoc,,
4005,711,filterLoc,,
4005,714,filterLoc,,
4005,717,filterLoc,,
4005,720,filterLoc,,
4005,723,filterLoc,,
4005,726,filterLoc,,
4005,729,filterLoc,,
4005,732,filterLoc,,
4005,735,filterLoc,,
4005,738,filterLoc,,
4005,741,filterLoc,,
4005,744,filterLoc,,
4005,747,filterLoc,,
4005,750,filterLoc,,
4005,753,filterLoc,,
4005,756,filterLoc,,
4005,759,filterLoc,,
4005,762,filterLoc,,
4005,765,filterLoc,,
4005,768,filterLoc,,
4005,771,filterLoc,,
4005,774,filterLoc,,
4005,777,filterLoc,,
4005,780,filterLoc,,
4005,783,filterLoc,,
4005,786,filterLoc,,
4005,789,filterLoc,,
4005,792,filterLoc,,
4005,795,filterLoc,,
4005,798,filterLoc,,
4005,801,filterLoc,,
4005,804,filterLoc,,
4005,807,filterLoc,,
4005,810,filterLoc,,
4005,813,filterLoc,,
4005,816,filterLoc,,
4005,819,filterLoc,,
4005,822,filterLoc,,
4005,825,filterLoc,,
4005,828,filterLoc,,
4005,831,filterLoc,,
4005,834,filterLoc,,
4005,837,filterLoc,,
4005,840,filterLoc,,
4005,843,filterLoc,,
4005,846,filterLoc,,
4005,849,filterLoc,,
4005,852,filterLoc,,
4005,855,filterLoc,,
4005,858,filterLoc,,
4005,861,filterLoc,,
4005,864,filterLoc,,
4005,867,filterLoc,,
4005,870,filterLoc,,
4005,873,filterLoc,,
4005,876,filterLoc,,
4005,879,filterLoc,,
4005,882,filterLoc,,
4005,885,filterLoc,,
4005,888,filterLoc,,
4005,891,filterLoc,,
4005,894,filterLoc,,
4005,897,filterLoc,,
4005,900,filterLoc,,
4005,903,filterLoc,,
4005,906,filterLoc,,
4005,909,filterLoc,,
4005,912,filterLoc,,
4005,915,filterLoc,,
4005,918,filterLoc,,
4005,921,filterLoc,,
4005,924,filterLoc,,
4005,927,filterLoc,,
4005,930,filterLoc,,
4005,933,filterLoc,,
4005,936,filterLoc,,
4005,939,filterLoc,,
4005,942,filterLoc,,
4005,945,filterLoc,,
4005,948,filterLoc,,
4005,951,filterLoc,,
4005,954,filterLoc,,
4005,957,filterLoc,,
4005,960,filterLoc,,
4005,963,filterLoc,,
4005,966,filterLoc,,
4005,969,filterLoc,,
4005,972,filterLoc,,
4005,975,filterLoc,,
4005,978,filterLoc,,
4005,981,filterLoc,,
4005,984,filterLoc,,
4005,987,filterLoc,,
4005,990,filterLoc,,
4005,993,filterLoc,,
4005,996,filterLoc,,
4005,999,filterLoc,,
4005,1002,filterLoc,,
4005,1005,filterLoc,,
4005,1008,filterLoc,,
4005,1011,filterLoc,,
4005,1014,filterLoc,,
4005,1017,filterLoc,,
4005,1020,filterLoc,,
4005,1023,filterLoc,,
4005,1026,filterLoc,,
4005,1029,filterLoc,,
4005,1032,filterLoc,,
4005,1035,filterLoc,,
4005,1038,filterLoc,,
4005,1041,filterLoc,,
4005,1044,filterLoc,,
4005,1047,filterLoc,,
4005,1050,filterLoc,,
4005,1053,filterLoc,,
4005,1056,filterLoc,,
4005,1059,filterLoc,,
4005,1062,filterLoc,,
4005,1065,filterLoc,,
4005,1068,filterLoc,,
4005,1071,filterLoc,,
4005,1074,filterLoc,,
4005,1077,filterLoc,,
4005,1080,filterLoc,,
4005,1083,filterLoc,,
4005,1086,filterLoc,,
4005,1089,filterLoc,,
4005,1092,filterLoc,,
4005,1095,filterLoc,,
4005,1098,filterLoc,,
4005,1101,filterLoc,,
4005,1104,filterLoc,,
4005,1107,filterLoc,,
4005,1110,filterLoc,,
4005,1113,filterLoc,,
4005,1116,filterLoc,,
4005,1119,filterLoc,,
4005,1122,filterLoc,,
4005,1125,filterLoc,,
4005,1128,filterLoc,,
4005,1132,filterES,,
4005,1135,filterLoc,,
4005,1138,filterLoc,,
4005,1141,filterLoc,,
4005,1144,filterLoc,,
4005,1147,filterLoc,,
4005,1150,filterLoc,,
4005,1153,filterLoc,,
4005,1156,filterLoc,,
4005,1159,filterLoc,,
4005,1162,filterLoc,,
4005,1165,filterLoc,,
4005,1168,filterLoc,,
4005,1172,filterES,,
4005,1175,filterLoc,,
4005,1178,filterLoc,,
4005,1181,filterLoc,,
4005,1184,filterLoc,,
4005,1187,filterLoc,,
4005,1190,filterLoc,,
4005,1193,filterLoc,,
4005,1196,filterLoc,,
4005,1199,filterLoc,,
4005,1202,filterLoc,,
4005,1205,filterLoc,,
4005,1208,filterLoc,,
4005,1211,filterLoc,,
4005,1214,filterLoc,,
4005,1217,filterLoc,,
4005,1220,filterLoc,,
4005,1223,filterLoc,,
4005,1226,filterLoc,,
4005,1229,filterLoc,,
4005,1232,filterLoc,,
4005,1235,filterLoc,,
4005,1238,filterLoc,,
4005,1241,filterLoc,,
4005,1244,filterLoc,,
4005,1247,filterLoc,,
4005,1250,filterLoc,,
4005,1253,filterLoc,,
4005,1256,filterLoc,,
4005,1259,filterLoc,,
4005,1262,filterLoc,,
4005,1265,filterLoc,,
4005,1268,filterLoc,,
4005,1271,filterLoc,,
4005,1274,filterLoc,,
4005,1277,filterLoc,,
4005,1280,filterLoc,,
4005,1283,filterLoc,,
4005,1286,filterLoc,,
4005,1289,filterLoc,,
4005,1292,filterLoc,,
4005,1295,filterLoc,,
4005,1298,filterLoc,,
4005,1301,filterLoc,,
4005,1304,filterLoc,,
4005,1307,filterLoc,,
4005,1310,filterLoc,,
4005,1313,filterLoc,,
4005,1316,filterLoc,,
4005,1319,filterLoc,,
4005,1322,filterLoc,,
4005,1325,filterLoc,,
4005,1328,filterLoc,,
4005,1331,filterLoc,,
4005,1334,filterLoc,,
4005,1337,filterLoc,,
4005,1340,filterLoc,,
4005,1343,filterLoc,,
4005,1346,filterLoc,,
4005,1349,filterLoc,,
4005,1352,filterLoc,,
4005,1355,filterLoc,,
4005,1358,filterLoc,,
4005,1361,filterLoc,,
4005,1364,filterLoc,,
4005,1367,filterLoc,,
4005,1370,filterLoc,,
4005,1373,filterLoc,,
4005,1376,filterLoc,,
4005,1379,filterLoc,,
4005,1382,filterLoc,,
4005,1385,filterLoc,,
4005,1388,filterLoc,,
4005,1391,filterLoc,,;Evacuee;11;in triage category;Y;is leaving helicopter;6
4005,1394,filterLoc,,
4005,1397,filterLoc,,
4005,1400,filterLoc,,
4005,1403,filterLoc,,
4005,1406,filterLoc,,
4005,1409,filterLoc,,
4005,1412,filterLoc,,
4005,1415,filterLoc,,
4005,1418,filterLoc,,
4005,1421,filterLoc,,
4005,1424,filterLoc,,
4005,1427,filterLoc,,
4005,1430,filterLoc,,
4005,1433,filterLoc,,
4005,1436,filterLoc,,
4005,1439,filterLoc,,
4005,1442,filterLoc,,
4005,1445,filterLoc,,
4005,1448,filterLoc,,
4005,1451,filterLoc,,
4005,1454,filterLoc,,
4005,1457,filterLoc,,;Evacuee;164;in triage category;Y;is leaving helicopter;6
4005,1460,filterLoc,,
4005,1463,filterLoc,,
4005,1466,filterLoc,,
4005,1469,filterLoc,,
4005,1472,filterLoc,,
4005,1475,filterLoc,,
4005,1478,filterLoc,,
4005,1481,filterLoc,,
4005,1484,filterLoc,,
4005,1487,filterLoc,,
4005,1490,filterLoc,,
4005,1493,filterLoc,,
4005,1496,filterLoc,,
4005,1499,filterLoc,,
4005,1502,filterLoc,,
4005,1505,filterLoc,,
4005,1508,filterLoc,,
4005,1511,filterLoc,,
4005,1514,filterLoc,,
4005,1517,filterLoc,,
4005,1520,filterLoc,,
4005,1523,filterLoc,,
4005,1526,filterLoc,,
4005,1529,filterLoc,,
4005,5,helicopterQueue,,;No helos are waiting to land
4005,68,filterLoc,out,Evacuee 461 in triage category Y is not assigned a helicopter
4005,68,filterLoc,,
4005,69,evacuee,,Evacuee;461;in triage state;Y;is entering the FOL
4005,108,filterES,out,Helicopter 3 has stopped
4005,108,filterES,,
4005,109,helicopter,,Helicopter;3;is loading people at the evacuation site;;and has;6;spots taken
4005,1391,filterLoc,out,Evacuee 11 in triage category Y is not assigned a helicopter
4005,1391,filterLoc,,
4005,1392,evacuee,,Evacuee;11;in triage state;Y;is entering the FOL
4005,1457,filterLoc,out,Evacuee 164 in triage category Y is not assigned a helicopter
4005,1457,filterLoc,,
4005,1458,evacuee,,Evacuee;164;in triage state;Y;is entering the FOL
4005,69,evacuee,outFOL,Evacuee 461 in triage category Y is not assigned a helicopter
4005,69,evacuee,,Evacuee;461;in triage state;Y;is at the FOL
4005,109,helicopter,,Helicopter;3;is returning to the FOL;;and has;6;spots taken
4005,227,FOL,,;EvacueeID;5;Triage Status;G;EvacueeID;6;Triage Status;G;EvacueeID;7;Triage Status;G;EvacueeID;9;Triage Status;G;EvacueeID;16;Triage Status;G;EvacueeID;19;Triage Status;G;EvacueeID;20;Triage Status;G;EvacueeID;25;Triage Status;G;EvacueeID;28;Triage Status;G;EvacueeID;32;Triage Status;G;EvacueeID;34;Triage Status;G;EvacueeID;35;Triage Status;G;EvacueeID;40;Triage Status;G;EvacueeID;41;Triage Status;G;EvacueeID;44;Triage Status;G;EvacueeID;49;Triage Status;G;EvacueeID;50;Triage Status;G;EvacueeID;51;Triage Status;G;EvacueeID;52;Triage Status;G;EvacueeID;58;Triage Status;G;EvacueeID;61;Triage Status;G;EvacueeID;63;Triage Status;G;EvacueeID;64;Triage Status;G;EvacueeID;70;Triage Status;G;EvacueeID;73;Triage Status;G;EvacueeID;74;Triage Status;G;EvacueeID;76;Triage Status;G;EvacueeID;81;Triage Status;G;EvacueeID;83;Triage Status;G;EvacueeID;86;Triage Status;G;EvacueeID;87;Triage Status;G;EvacueeID;89;Triage Status;G;EvacueeID;90;Triage Status;G;EvacueeID;92;Triage Status;G;EvacueeID;94;Triage Status;G;EvacueeID;97;Triage Status;G;EvacueeID;102;Triage Status;G;EvacueeID;103;Triage Status;G;EvacueeID;104;Triage Status;G;EvacueeID;105;Triage Status;G;EvacueeID;107;Triage Status;G;EvacueeID;111;Triage Status;G;EvacueeID;116;Triage Status;G;EvacueeID;117;Triage Status;G;EvacueeID;118;Triage Status;G;EvacueeID;119;Triage Status;G;EvacueeID;120;Triage Status;G;EvacueeID;124;Triage Status;G;EvacueeID;126;Triage Status;G;EvacueeID;127;Triage Status;G;EvacueeID;128;Triage Status;G;EvacueeID;129;Triage Status;G;EvacueeID;131;Triage Status;G;EvacueeID;134;Triage Status;G;EvacueeID;137;Triage Status;G;EvacueeID;138;Triage Status;G;EvacueeID;150;Triage Status;G;EvacueeID;154;Triage Status;G;EvacueeID;155;Triage Status;G;EvacueeID;157;Triage Status;G;EvacueeID;160;Triage Status;G;EvacueeID;162;Triage Status;G;EvacueeID;163;Triage Status;G;EvacueeID;166;Triage Status;G;EvacueeID;173;Triage Status;G;EvacueeID;180;Triage Status;G;EvacueeID;181;Triage Status;G;EvacueeID;182;Triage Status;G;EvacueeID;183;Triage Status;G;EvacueeID;184;Triage Status;G;EvacueeID;185;Triage Status;G;EvacueeID;186;Triage Status;G;EvacueeID;192;Triage Status;G;EvacueeID;199;Triage Status;G;EvacueeID;203;Triage Status;G;EvacueeID;204;Triage Status;G;EvacueeID;205;Triage Status;G;EvacueeID;206;Triage Status;G;EvacueeID;217;Triage Status;G;EvacueeID;227;Triage Status;G;EvacueeID;232;Triage Status;G;EvacueeID;233;Triage Status;G;EvacueeID;234;Triage Status;G;EvacueeID;235;Triage Status;G;EvacueeID;236;Triage Status;G;EvacueeID;237;Triage Status;G;EvacueeID;245;Triage Status;G;EvacueeID;250;Triage Status;G;EvacueeID;251;Triage Status;G;EvacueeID;266;Triage Status;G;EvacueeID;267;Triage Status;G;EvacueeID;269;Triage Status;G;EvacueeID;273;Triage Status;G;EvacueeID;274;Triage Status;G;EvacueeID;275;Triage Status;G;EvacueeID;277;Triage Status;G;EvacueeID;278;Triage Status;G;EvacueeID;279;Triage Status;G;EvacueeID;285;Triage Status;G;EvacueeID;293;Triage Status;G;EvacueeID;295;Triage Status;G;EvacueeID;297;Triage Status;G;EvacueeID;303;Triage Status;G;EvacueeID;304;Triage Status;G;EvacueeID;305;Triage Status;G;EvacueeID;306;Triage Status;G;EvacueeID;308;Triage Status;G;EvacueeID;309;Triage Status;G;EvacueeID;310;Triage Status;G;EvacueeID;315;Triage Status;G;EvacueeID;320;Triage Status;G;EvacueeID;323;Triage Status;G;EvacueeID;327;Triage Status;G;EvacueeID;328;Triage Status;G;EvacueeID;330;Triage Status;G;EvacueeID;331;Triage Status;G;EvacueeID;334;Triage Status;G;EvacueeID;335;Triage Status;G;EvacueeID;337;Triage Status;G;EvacueeID;352;Triage Status;G;EvacueeID;363;Triage Status;G;EvacueeID;371;Triage Status;G;EvacueeID;372;Triage Status;G;EvacueeID;374;Triage Status;G;EvacueeID;375;Triage Status;G;EvacueeID;377;Triage Status;G;EvacueeID;378;Triage Status;G;EvacueeID;401;Triage Status;G;EvacueeID;403;Triage Status;G;EvacueeID;404;Triage Status;G;EvacueeID;416;Triage Status;G;EvacueeID;417;Triage Status;G;EvacueeID;424;Triage Status;G;EvacueeID;429;Triage Status;G;EvacueeID;432;Triage Status;G;EvacueeID;441;Triage Status;G;EvacueeID;442;Triage Status;G;EvacueeID;445;Triage Status;G;EvacueeID;448;Triage Status;G;EvacueeID;451;Triage Status;G;EvacueeID;338;Triage Status;R;EvacueeID;408;Triage Status;R;EvacueeID;453;Triage Status;G;EvacueeID;455;Triage Status;G;EvacueeID;456;Triage Status;G;EvacueeID;91;Triage Status;Y;EvacueeID;148;Triage Status;R;EvacueeID;271;Triage Status;R;EvacueeID;22;Triage Status;R;EvacueeID;406;Triage Status;R;EvacueeID;465;Triage Status;Y;EvacueeID;11;Triage Status;Y;EvacueeID;164;Triage Status;Y;EvacueeID;461;Triage Status;Y;Lives Saved;154
4005,1392,evacuee,outFOL,Evacuee 11 in triage category Y is not assigned a helicopter
4005,1392,evacuee,,Evacuee;11;in triage state;Y;is at the FOL
4005,1458,evacuee,outFOL,Evacuee 164 in triage category Y is not assigned a helicopter
4005,1458,evacuee,,Evacuee;164;in triage state;Y;is at the FOL
4005,227,FOL,,;EvacueeID;5;Triage Status;G;EvacueeID;6;Triage Status;G;EvacueeID;7;Triage Status;G;EvacueeID;9;Triage Status;G;EvacueeID;16;Triage Status;G;EvacueeID;19;Triage Status;G;EvacueeID;20;Triage Status;G;EvacueeID;25;Triage Status;G;EvacueeID;28;Triage Status;G;EvacueeID;32;Triage Status;G;EvacueeID;34;Triage Status;G;EvacueeID;35;Triage Status;G;EvacueeID;40;Triage Status;G;EvacueeID;41;Triage Status;G;EvacueeID;44;Triage Status;G;EvacueeID;49;Triage Status;G;EvacueeID;50;Triage Status;G;EvacueeID;51;Triage Status;G;EvacueeID;52;Triage Status;G;EvacueeID;58;Triage Status;G;EvacueeID;61;Triage Status;G;EvacueeID;63;Triage Status;G;EvacueeID;64;Triage Status;G;EvacueeID;70;Triage Status;G;EvacueeID;73;Triage Status;G;EvacueeID;74;Triage Status;G;EvacueeID;76;Triage Status;G;EvacueeID;81;Triage Status;G;EvacueeID;83;Triage Status;G;EvacueeID;86;Triage Status;G;EvacueeID;87;Triage Status;G;EvacueeID;89;Triage Status;G;EvacueeID;90;Triage Status;G;EvacueeID;92;Triage Status;G;EvacueeID;94;Triage Status;G;EvacueeID;97;Triage Status;G;EvacueeID;102;Triage Status;G;EvacueeID;103;Triage Status;G;EvacueeID;104;Triage Status;G;EvacueeID;105;Triage Status;G;EvacueeID;107;Triage Status;G;EvacueeID;111;Triage Status;G;EvacueeID;116;Triage Status;G;EvacueeID;117;Triage Status;G;EvacueeID;118;Triage Status;G;EvacueeID;119;Triage Status;G;EvacueeID;120;Triage Status;G;EvacueeID;124;Triage Status;G;EvacueeID;126;Triage Status;G;EvacueeID;127;Triage Status;G;EvacueeID;128;Triage Status;G;EvacueeID;129;Triage Status;G;EvacueeID;131;Triage Status;G;EvacueeID;134;Triage Status;G;EvacueeID;137;Triage Status;G;EvacueeID;138;Triage Status;G;EvacueeID;150;Triage Status;G;EvacueeID;154;Triage Status;G;EvacueeID;155;Triage Status;G;EvacueeID;157;Triage Status;G;EvacueeID;160;Triage Status;G;EvacueeID;162;Triage Status;G;EvacueeID;163;Triage Status;G;EvacueeID;166;Triage Status;G;EvacueeID;173;Triage Status;G;EvacueeID;180;Triage Status;G;EvacueeID;181;Triage Status;G;EvacueeID;182;Triage Status;G;EvacueeID;183;Triage Status;G;EvacueeID;184;Triage Status;G;EvacueeID;185;Triage Status;G;EvacueeID;186;Triage Status;G;EvacueeID;192;Triage Status;G;EvacueeID;199;Triage Status;G;EvacueeID;203;Triage Status;G;EvacueeID;204;Triage Status;G;EvacueeID;205;Triage Status;G;EvacueeID;206;Triage Status;G;EvacueeID;217;Triage Status;G;EvacueeID;227;Triage Status;G;EvacueeID;232;Triage Status;G;EvacueeID;233;Triage Status;G;EvacueeID;234;Triage Status;G;EvacueeID;235;Triage Status;G;EvacueeID;236;Triage Status;G;EvacueeID;237;Triage Status;G;EvacueeID;245;Triage Status;G;EvacueeID;250;Triage Status;G;EvacueeID;251;Triage Status;G;EvacueeID;266;Triage Status;G;EvacueeID;267;Triage Status;G;EvacueeID;269;Triage Status;G;EvacueeID;273;Triage Status;G;EvacueeID;274;Triage Status;G;EvacueeID;275;Triage Status;G;EvacueeID;277;Triage Status;G;EvacueeID;278;Triage Status;G;EvacueeID;279;Triage Status;G;EvacueeID;285;Triage Status;G;EvacueeID;293;Triage Status;G;EvacueeID;295;Triage Status;G;EvacueeID;297;Triage Status;G;EvacueeID;303;Triage Status;G;EvacueeID;304;Triage Status;G;EvacueeID;305;Triage Status;G;EvacueeID;306;Triage Status;G;EvacueeID;308;Triage Status;G;EvacueeID;309;Triage Status;G;EvacueeID;310;Triage Status;G;EvacueeID;315;Triage Status;G;EvacueeID;320;Triage Status;G;EvacueeID;323;Triage Status;G;EvacueeID;327;Triage Status;G;EvacueeID;328;Triage Status;G;EvacueeID;330;Triage Status;G;EvacueeID;331;Triage Status;G;EvacueeID;334;Triage Status;G;EvacueeID;335;Triage Status;G;EvacueeID;337;Triage Status;G;EvacueeID;352;Triage Status;G;EvacueeID;363;Triage Status;G;EvacueeID;371;Triage Status;G;EvacueeID;372;Triage Status;G;EvacueeID;374;Triage Status;G;EvacueeID;375;Triage Status;G;EvacueeID;377;Triage Status;G;EvacueeID;378;Triage Status;G;EvacueeID;401;Triage Status;G;EvacueeID;403;Triage Status;G;EvacueeID;404;Triage Status;G;EvacueeID;416;Triage Status;G;EvacueeID;417;Triage Status;G;EvacueeID;424;Triage Status;G;EvacueeID;429;Triage Status;G;EvacueeID;432;Triage Status;G;EvacueeID;441;Triage Status;G;EvacueeID;442;Triage Status;G;EvacueeID;445;Triage Status;G;EvacueeID;448;Triage Status;G;EvacueeID;451;Triage Status;G;EvacueeID;338;Triage Status;R;EvacueeID;408;Triage Status;R;EvacueeID;453;Triage Status;G;EvacueeID;455;Triage Status;G;EvacueeID;456;Triage Status;G;EvacueeID;91;Triage Status;Y;EvacueeID;148;Triage Status;R;EvacueeID;271;Triage Status;R;EvacueeID;22;Triage Status;R;EvacueeID;406;Triage Status;R;EvacueeID;465;Triage Status;Y;EvacueeID;11;Triage Status;Y;EvacueeID;164;Triage Status;Y;EvacueeID;461;Triage Status;Y;Lives Saved;154
4020,9,helicopter,,Helicopter;6;Is going to the evacuation site;;and has;0;spots taken
4035,11,filterLoc,,
4035,14,filterLoc,,
4035,17,filterLoc,,
4035,20,filterLoc,,
4035,23,filterLoc,,
4035,26,filterLoc,,
4035,29,filterLoc,,
4035,32,filterLoc,,
4035,35,filterLoc,,
4035,38,filterLoc,,
4035,41,filterLoc,,
4035,44,filterLoc,,
4035,47,filterLoc,,
4035,50,filterLoc,,
4035,53,filterLoc,,
4035,56,filterLoc,,
4035,59,filterLoc,,
4035,62,filterLoc,,
4035,65,filterLoc,,
4035,68,filterLoc,,
4035,71,filterLoc,,
4035,74,filterLoc,,
4035,77,filterLoc,,
4035,80,filterLoc,,
4035,83,filterLoc,,
4035,86,filterLoc,,
4035,89,filterLoc,,
4035,92,filterLoc,,
4035,95,filterLoc,,
4035,98,filterLoc,,
4035,101,filterLoc,,
4035,104,filterLoc,,
4035,111,filterLoc,,
4035,114,filterLoc,,
4035,117,filterLoc,,
4035,120,filterLoc,,
4035,123,filterLoc,,
4035,126,filterLoc,,
4035,129,filterLoc,,
4035,132,filterLoc,,
4035,135,filterLoc,,
4035,138,filterLoc,,
4035,141,filterLoc,,
4035,144,filterLoc,,
4035,147,filterLoc,,
4035,150,filterLoc,,
4035,153,filterLoc,,
4035,156,filterLoc,,
4035,159,filterLoc,,
4035,162,filterLoc,,
4035,165,filterLoc,,
4035,168,filterLoc,,
4035,171,filterLoc,,
4035,174,filterLoc,,
4035,177,filterLoc,,
4035,180,filterLoc,,
4035,183,filterLoc,,
4035,186,filterLoc,,
4035,189,filterLoc,,
4035,192,filterLoc,,
4035,195,filterLoc,,
4035,198,filterLoc,,
4035,201,filterLoc,,
4035,204,filterLoc,,
4035,207,filterLoc,,;Evacuee;379;in triage category;R;is leaving helicopter;1
4035,210,filterLoc,,
4035,213,filterLoc,,
4035,216,filterLoc,,
4035,219,filterLoc,,
4035,222,filterLoc,,
4035,225,filterLoc,,
4035,229,filterLoc,,
4035,232,filterLoc,,
4035,235,filterLoc,,
4035,238,filterLoc,,
4035,241,filterLoc,,
4035,244,filterLoc,,
4035,247,filterLoc,,
4035,250,filterLoc,,
4035,253,filterLoc,,
4035,256,filterLoc,,
4035,259,filterLoc,,
4035,262,filterLoc,,
4035,265,filterLoc,,
4035,268,filterLoc,,
4035,271,filterLoc,,
4035,274,filterLoc,,
4035,277,filterLoc,,
4035,280,filterLoc,,
4035,283,filterLoc,,
4035,286,filterLoc,,
4035,289,filterLoc,,
4035,296,filterLoc,,
4035,299,filterLoc,,
4035,302,filterLoc,,
4035,305,filterLoc,,
4035,308,filterLoc,,
4035,311,filterLoc,,
4035,314,filterLoc,,
4035,317,filterLoc,,
4035,320,filterLoc,,
4035,323,filterLoc,,
4035,326,filterLoc,,
4035,329,filterLoc,,
4035,332,filterLoc,,
4035,335,filterLoc,,
4035,338,filterLoc,,
4035,341,filterLoc,,
4035,344,filterLoc,,
4035,347,filterLoc,,
4035,350,filterLoc,,
4035,353,filterLoc,,
4035,356,filterLoc,,
4035,359,filterLoc,,
4035,362,filterLoc,,
4035,365,filterLoc,,
4035,368,filterLoc,,
4035,371,filterLoc,,
4035,374,filterLoc,,
4035,377,filterLoc,,
4035,380,filterLoc,,
4035,383,filterLoc,,
4035,386,filterLoc,,
4035,389,filterLoc,,
4035,392,filterLoc,,
4035,395,filterLoc,,
4035,398,filterLoc,,
4035,401,filterLoc,,
4035,404,filterLoc,,
4035,407,filterLoc,,
4035,410,filterLoc,,
4035,413,filterLoc,,
4035,416,filterLoc,,
4035,419,filterLoc,,
4035,422,filterLoc,,
4035,425,filterLoc,,
4035,428,filterLoc,,
4035,431,filterLoc,,
4035,434,filterLoc,,
4035,437,filterLoc,,
4035,440,filterLoc,,
4035,443,filterLoc,,
4035,446,filterLoc,,
4035,449,filterLoc,,
4035,452,filterLoc,,
4035,455,filterLoc,,
4035,458,filterLoc,,
4035,461,filterLoc,,
4035,464,filterLoc,,
4035,467,filterLoc,,
4035,470,filterLoc,,
4035,473,filterLoc,,
4035,476,filterLoc,,
4035,479,filterLoc,,
4035,482,filterLoc,,
4035,485,filterLoc,,
4035,488,filterLoc,,
4035,491,filterLoc,,
4035,494,filterLoc,,
4035,497,filterLoc,,
4035,500,filterLoc,,
4035,503,filterLoc,,
4035,506,filterLoc,,
4035,509,filterLoc,,
4035,512,filterLoc,,
4035,515,filterLoc,,
4035,518,filterLoc,,
4035,521,filterLoc,,
4035,524,filterLoc,,
4035,527,filterLoc,,
4035,530,filterLoc,,
4035,533,filterLoc,,
4035,536,filterLoc,,
4035,539,filterLoc,,
4035,542,filterLoc,,
4035,545,filterLoc,,
4035,548,filterLoc,,
4035,551,filterLoc,,
4035,554,filterLoc,,
4035,557,filterLoc,,
4035,560,filterLoc,,
4035,563,filterLoc,,
4035,566,filterLoc,,
4035,569,filterLoc,,
4035,576,filterLoc,,
4035,579,filterLoc,,
4035,582,filterLoc,,
4035,585,filterLoc,,
4035,588,filterLoc,,
4035,591,filterLoc,,
4035,594,filterLoc,,
4035,597,filterLoc,,
4035,600,filterLoc,,
4035,603,filterLoc,,
4035,606,filterLoc,,
4035,609,filterLoc,,
4035,612,filterLoc,,
4035,615,filterLoc,,
4035,618,filterLoc,,
4035,621,filterLoc,,
4035,624,filterLoc,,
4035,627,filterLoc,,
4035,630,filterLoc,,
4035,633,filterLoc,,
4035,636,filterLoc,,
4035,639,filterLoc,,
4035,642,filterLoc,,
4035,645,filterLoc,,
4035,648,filterLoc,,
4035,651,filterLoc,,
4035,654,filterLoc,,
4035,657,filterLoc,,
4035,660,filterLoc,,
4035,663,filterLoc,,
4035,666,filterLoc,,
4035,669,filterLoc,,
4035,672,filterLoc,,
4035,675,filterLoc,,
4035,678,filterLoc,,
4035,681,filterLoc,,
4035,684,filterLoc,,
4035,687,filterLoc,,
4035,690,filterLoc,,
4035,693,filterLoc,,;Evacuee;440;in triage category;Y;is leaving helicopter;1
4035,696,filterLoc,,
4035,699,filterLoc,,
4035,702,filterLoc,,
4035,705,filterLoc,,
4035,708,filterLoc,,
4035,711,filterLoc,,
4035,714,filterLoc,,
4035,717,filterLoc,,
4035,720,filterLoc,,
4035,723,filterLoc,,
4035,726,filterLoc,,
4035,729,filterLoc,,
4035,732,filterLoc,,
4035,735,filterLoc,,
4035,738,filterLoc,,
4035,741,filterLoc,,
4035,744,filterLoc,,
4035,747,filterLoc,,
4035,750,filterLoc,,
4035,753,filterLoc,,
4035,756,filterLoc,,
4035,759,filterLoc,,
4035,762,filterLoc,,
4035,765,filterLoc,,
4035,768,filterLoc,,
4035,771,filterLoc,,
4035,774,filterLoc,,
4035,777,filterLoc,,
4035,780,filterLoc,,
4035,783,filterLoc,,
4035,786,filterLoc,,
4035,789,filterLoc,,
4035,792,filterLoc,,
4035,795,filterLoc,,
4035,798,filterLoc,,
4035,801,filterLoc,,
4035,804,filterLoc,,
4035,807,filterLoc,,
4035,810,filterLoc,,
4035,813,filterLoc,,
4035,816,filterLoc,,
4035,819,filterLoc,,
4035,822,filterLoc,,
4035,825,filterLoc,,
4035,828,filterLoc,,
4035,831,filterLoc,,
4035,834,filterLoc,,
4035,837,filterLoc,,
4035,840,filterLoc,,
4035,843,filterLoc,,
4035,846,filterLoc,,
4035,849,filterLoc,,
4035,852,filterLoc,,
4035,855,filterLoc,,
4035,858,filterLoc,,
4035,861,filterLoc,,
4035,864,filterLoc,,
4035,867,filterLoc,,
4035,870,filterLoc,,
4035,873,filterLoc,,
4035,876,filterLoc,,
4035,879,filterLoc,,
4035,882,filterLoc,,
4035,885,filterLoc,,
4035,888,filterLoc,,
4035,891,filterLoc,,
4035,894,filterLoc,,
4035,897,filterLoc,,
4035,900,filterLoc,,
4035,903,filterLoc,,
4035,906,filterLoc,,
4035,909,filterLoc,,
4035,912,filterLoc,,
4035,915,filterLoc,,
4035,918,filterLoc,,
4035,921,filterLoc,,
4035,924,filterLoc,,
4035,927,filterLoc,,
4035,930,filterLoc,,
4035,933,filterLoc,,
4035,936,filterLoc,,
4035,939,filterLoc,,
4035,942,filterLoc,,
4035,945,filterLoc,,
4035,948,filterLoc,,
4035,951,filterLoc,,
4035,954,filterLoc,,
4035,957,filterLoc,,
4035,960,filterLoc,,
4035,963,filterLoc,,
4035,966,filterLoc,,
4035,969,filterLoc,,
4035,972,filterLoc,,
4035,975,filterLoc,,
4035,978,filterLoc,,
4035,981,filterLoc,,
4035,984,filterLoc,,
4035,987,filterLoc,,
4035,990,filterLoc,,
4035,993,filterLoc,,
4035,996,filterLoc,,
4035,999,filterLoc,,
4035,1002,filterLoc,,
4035,1005,filterLoc,,
4035,1008,filterLoc,,
4035,1011,filterLoc,,
4035,1014,filterLoc,,
4035,1017,filterLoc,,
4035,1020,filterLoc,,
4035,1023,filterLoc,,
4035,1026,filterLoc,,
4035,1029,filterLoc,,
4035,1032,filterLoc,,
4035,1035,filterLoc,,
4035,1038,filterLoc,,
4035,1041,filterLoc,,
4035,1044,filterLoc,,
4035,1047,filterLoc,,
4035,1050,filterLoc,,
4035,1053,filterLoc,,
4035,1056,filterLoc,,
4035,1059,filterLoc,,
4035,1062,filterLoc,,
4035,1065,filterLoc,,
4035,1068,filterLoc,,
4035,1071,filterLoc,,
4035,1074,filterLoc,,
4035,1077,filterLoc,,
4035,1080,filterLoc,,
4035,1083,filterLoc,,
4035,1086,filterLoc,,
4035,1089,filterLoc,,
4035,1092,filterLoc,,
4035,1095,filterLoc,,
4035,1098,filterLoc,,
4035,1101,filterLoc,,
4035,1104,filterLoc,,
4035,1107,filterLoc,,
4035,1110,filterLoc,,
4035,1113,filterLoc,,
4035,1116,filterLoc,,
4035,1119,filterLoc,,
4035,1122,filterLoc,,
4035,1125,filterLoc,,
4035,1128,filterLoc,,
4035,1135,filterLoc,,
4035,1138,filterLoc,,
4035,1141,filterLoc,,
4035,1144,filterLoc,,
4035,1147,filterLoc,,
4035,1150,filterLoc,,
4035,1153,filterLoc,,
4035,1156,filterLoc,,
4035,1159,filterLoc,,
4035,1162,filterLoc,,
4035,1165,filterLoc,,
4035,1168,filterLoc,,
4035,1173,helicopter,outEvac,Evacuee 379 in triage category R is not assigned a helicopter
4035,1173,helicopter,outEvac,Evacuee 385 in triage category Y is not assigned a helicopter
4035,1173,helicopter,outEvac,Evacuee 440 in triage category Y is not assigned a helicopter
4035,1173,helicopter,,Helicopter;1;is unloading people at the FOL;;and has;0;spots taken
4035,1175,filterLoc,,
4035,1178,filterLoc,,
4035,1181,filterLoc,,
4035,1184,filterLoc,,
4035,1187,filterLoc,,;Evacuee;385;in triage category;Y;is leaving helicopter;1
4035,1190,filterLoc,,
4035,1193,filterLoc,,
4035,1196,filterLoc,,
4035,1199,filterLoc,,
4035,1202,filterLoc,,
4035,1205,filterLoc,,
4035,1208,filterLoc,,
4035,1211,filterLoc,,
4035,1214,filterLoc,,
4035,1217,filterLoc,,
4035,1220,filterLoc,,
4035,1223,filterLoc,,
4035,1226,filterLoc,,
4035,1229,filterLoc,,
4035,1232,filterLoc,,
4035,1235,filterLoc,,
4035,1238,filterLoc,,
4035,1241,filterLoc,,
4035,1244,filterLoc,,
4035,1247,filterLoc,,
4035,1250,filterLoc,,
4035,1253,filterLoc,,
4035,1256,filterLoc,,
4035,1259,filterLoc,,
4035,1262,filterLoc,,
4035,1265,filterLoc,,
4035,1268,filterLoc,,
4035,1271,filterLoc,,
4035,1274,filterLoc,,
4035,1277,filterLoc,,
4035,1280,filterLoc,,
4035,1283,filterLoc,,
4035,1286,filterLoc,,
4035,1289,filterLoc,,
4035,1292,filterLoc,,
4035,1295,filterLoc,,
4035,1298,filterLoc,,
4035,1301,filterLoc,,
4035,1304,filterLoc,,
4035,1307,filterLoc,,
4035,1310,filterLoc,,
4035,1313,filterLoc,,
4035,1316,filterLoc,,
4035,1319,filterLoc,,
4035,1322,filterLoc,,
4035,1325,filterLoc,,
4035,1328,filterLoc,,
4035,1331,filterLoc,,
4035,1334,filterLoc,,
4035,1337,filterLoc,,
4035,1340,filterLoc,,
4035,1343,filterLoc,,
4035,1346,filterLoc,,
4035,1349,filterLoc,,
4035,1352,filterLoc,,
4035,1355,filterLoc,,
4035,1358,filterLoc,,
4035,1361,filterLoc,,
4035,1364,filterLoc,,
4035,1367,filterLoc,,
4035,1370,filterLoc,,
4035,1373,filterLoc,,
4035,1376,filterLoc,,
4035,1379,filterLoc,,
4035,1382,filterLoc,,
4035,1385,filterLoc,,
4035,1388,filterLoc,,
4035,1391,filterLoc,,
4035,1394,filterLoc,,
4035,1397,filterLoc,,
4035,1400,filterLoc,,
4035,1403,filterLoc,,
4035,1406,filterLoc,,
4035,1409,filterLoc,,
4035,1412,filterLoc,,
4035,1415,filterLoc,,
4035,1418,filterLoc,,
4035,1421,filterLoc,,
4035,1424,filterLoc,,
4035,1427,filterLoc,,
4035,1430,filterLoc,,
4035,1433,filterLoc,,
4035,1436,filterLoc,,
4035,1439,filterLoc,,
4035,1442,filterLoc,,
4035,1445,filterLoc,,
4035,1448,filterLoc,,
4035,1451,filterLoc,,
4035,1454,filterLoc,,
4035,1457,filterLoc,,
4035,1460,filterLoc,,
4035,1463,filterLoc,,
4035,1466,filterLoc,,
4035,1469,filterLoc,,
4035,1472,filterLoc,,
4035,1475,filterLoc,,
4035,1478,filterLoc,,
4035,1481,filterLoc,,
4035,1484,filterLoc,,
4035,1487,filterLoc,,
4035,1490,filterLoc,,
4035,1493,filterLoc,,
4035,1496,filterLoc,,
4035,1499,filterLoc,,
4035,1502,filterLoc,,
4035,1505,filterLoc,,
4035,1508,filterLoc,,
4035,1511,filterLoc,,
4035,1514,filterLoc,,
4035,1517,filterLoc,,
4035,1520,filterLoc,,
4035,1523,filterLoc,,
4035,1526,filterLoc,,
4035,1529,filterLoc,,
4035,207,filterLoc,out,Evacuee 379 in triage category R is not assigned a helicopter
4035,207,filterLoc,,
4035,208,evacuee,,Evacuee;379;in triage state;R;is entering the FOL
4035,693,filterLoc,out,Evacuee 440 in triage category Y is not assigned a helicopter
4035,693,filterLoc,,
4035,694,evacuee,,Evacuee;440;in triage state;Y;is entering the FOL
4035,1187,filterLoc,out,Evacuee 385 in triage category Y is not assigned a helicopter
4035,1187,filterLoc,,
4035,1188,evacuee,,Evacuee;385;in triage state;Y;is entering the FOL
4035,208,evacuee,outFOL,Evacuee 379 in triage category R is not assigned a helicopter
4035,208,evacuee,,Evacuee;379;in triage state;R;is at the FOL
4035,227,FOL,,;EvacueeID;5;Triage Status;G;EvacueeID;6;Triage Status;G;EvacueeID;7;Triage Status;G;EvacueeID;9;Triage Status;G;EvacueeID;16;Triage Status;G;EvacueeID;19;Triage Status;G;EvacueeID;20;Triage Status;G;EvacueeID;25;Triage Status;G;EvacueeID;28;Triage Status;G;EvacueeID;32;Triage Status;G;EvacueeID;34;Triage Status;G;EvacueeID;35;Triage Status;G;EvacueeID;40;Triage Status;G;EvacueeID;41;Triage Status;G;EvacueeID;44;Triage Status;G;EvacueeID;49;Triage Status;G;EvacueeID;50;Triage Status;G;EvacueeID;51;Triage Status;G;EvacueeID;52;Triage Status;G;EvacueeID;58;Triage Status;G;EvacueeID;61;Triage Status;G;EvacueeID;63;Triage Status;G;EvacueeID;64;Triage Status;G;EvacueeID;70;Triage Status;G;EvacueeID;73;Triage Status;G;EvacueeID;74;Triage Status;G;EvacueeID;76;Triage Status;G;EvacueeID;81;Triage Status;G;EvacueeID;83;Triage Status;G;EvacueeID;86;Triage Status;G;EvacueeID;87;Triage Status;G;EvacueeID;89;Triage Status;G;EvacueeID;90;Triage Status;G;EvacueeID;92;Triage Status;G;EvacueeID;94;Triage Status;G;EvacueeID;97;Triage Status;G;EvacueeID;102;Triage Status;G;EvacueeID;103;Triage Status;G;EvacueeID;104;Triage Status;G;EvacueeID;105;Triage Status;G;EvacueeID;107;Triage Status;G;EvacueeID;111;Triage Status;G;EvacueeID;116;Triage Status;G;EvacueeID;117;Triage Status;G;EvacueeID;118;Triage Status;G;EvacueeID;119;Triage Status;G;EvacueeID;120;Triage Status;G;EvacueeID;124;Triage Status;G;EvacueeID;126;Triage Status;G;EvacueeID;127;Triage Status;G;EvacueeID;128;Triage Status;G;EvacueeID;129;Triage Status;G;EvacueeID;131;Triage Status;G;EvacueeID;134;Triage Status;G;EvacueeID;137;Triage Status;G;EvacueeID;138;Triage Status;G;EvacueeID;150;Triage Status;G;EvacueeID;154;Triage Status;G;EvacueeID;155;Triage Status;G;EvacueeID;157;Triage Status;G;EvacueeID;160;Triage Status;G;EvacueeID;162;Triage Status;G;EvacueeID;163;Triage Status;G;EvacueeID;166;Triage Status;G;EvacueeID;173;Triage Status;G;EvacueeID;180;Triage Status;G;EvacueeID;181;Triage Status;G;EvacueeID;182;Triage Status;G;EvacueeID;183;Triage Status;G;EvacueeID;184;Triage Status;G;EvacueeID;185;Triage Status;G;EvacueeID;186;Triage Status;G;EvacueeID;192;Triage Status;G;EvacueeID;199;Triage Status;G;EvacueeID;203;Triage Status;G;EvacueeID;204;Triage Status;G;EvacueeID;205;Triage Status;G;EvacueeID;206;Triage Status;G;EvacueeID;217;Triage Status;G;EvacueeID;227;Triage Status;G;EvacueeID;232;Triage Status;G;EvacueeID;233;Triage Status;G;EvacueeID;234;Triage Status;G;EvacueeID;235;Triage Status;G;EvacueeID;236;Triage Status;G;EvacueeID;237;Triage Status;G;EvacueeID;245;Triage Status;G;EvacueeID;250;Triage Status;G;EvacueeID;251;Triage Status;G;EvacueeID;266;Triage Status;G;EvacueeID;267;Triage Status;G;EvacueeID;269;Triage Status;G;EvacueeID;273;Triage Status;G;EvacueeID;274;Triage Status;G;EvacueeID;275;Triage Status;G;EvacueeID;277;Triage Status;G;EvacueeID;278;Triage Status;G;EvacueeID;279;Triage Status;G;EvacueeID;285;Triage Status;G;EvacueeID;293;Triage Status;G;EvacueeID;295;Triage Status;G;EvacueeID;297;Triage Status;G;EvacueeID;303;Triage Status;G;EvacueeID;304;Triage Status;G;EvacueeID;305;Triage Status;G;EvacueeID;306;Triage Status;G;EvacueeID;308;Triage Status;G;EvacueeID;309;Triage Status;G;EvacueeID;310;Triage Status;G;EvacueeID;315;Triage Status;G;EvacueeID;320;Triage Status;G;EvacueeID;323;Triage Status;G;EvacueeID;327;Triage Status;G;EvacueeID;328;Triage Status;G;EvacueeID;330;Triage Status;G;EvacueeID;331;Triage Status;G;EvacueeID;334;Triage Status;G;EvacueeID;335;Triage Status;G;EvacueeID;337;Triage Status;G;EvacueeID;352;Triage Status;G;EvacueeID;363;Triage Status;G;EvacueeID;371;Triage Status;G;EvacueeID;372;Triage Status;G;EvacueeID;374;Triage Status;G;EvacueeID;375;Triage Status;G;EvacueeID;377;Triage Status;G;EvacueeID;378;Triage Status;G;EvacueeID;401;Triage Status;G;EvacueeID;403;Triage Status;G;EvacueeID;404;Triage Status;G;EvacueeID;416;Triage Status;G;EvacueeID;417;Triage Status;G;EvacueeID;424;Triage Status;G;EvacueeID;429;Triage Status;G;EvacueeID;432;Triage Status;G;EvacueeID;441;Triage Status;G;EvacueeID;442;Triage Status;G;EvacueeID;445;Triage Status;G;EvacueeID;448;Triage Status;G;EvacueeID;451;Triage Status;G;EvacueeID;338;Triage Status;R;EvacueeID;408;Triage Status;R;EvacueeID;453;Triage Status;G;EvacueeID;455;Triage Status;G;EvacueeID;456;Triage Status;G;EvacueeID;91;Triage Status;Y;EvacueeID;148;Triage Status;R;EvacueeID;271;Triage Status;R;EvacueeID;22;Triage Status;R;EvacueeID;406;Triage Status;R;EvacueeID;465;Triage Status;Y;EvacueeID;11;Triage Status;Y;EvacueeID;164;Triage Status;Y;EvacueeID;461;Triage Status;Y;EvacueeID;379;Triage Status;R;EvacueeID;385;Triage Status;Y;EvacueeID;440;Triage Status;Y;Lives Saved;157
4035,694,evacuee,outFOL,Evacuee 440 in triage category Y is not assigned a helicopter
4035,694,evacuee,,Evacuee;440;in triage state;Y;is at the FOL
4035,1188,evacuee,outFOL,Evacuee 385 in triage category Y is not assigned a helicopter
4035,1188,evacuee,,Evacuee;385;in triage state;Y;is at the FOL
4035,227,FOL,,;EvacueeID;5;Triage Status;G;EvacueeID;6;Triage Status;G;EvacueeID;7;Triage Status;G;EvacueeID;9;Triage Status;G;EvacueeID;16;Triage Status;G;EvacueeID;19;Triage Status;G;EvacueeID;20;Triage Status;G;EvacueeID;25;Triage Status;G;EvacueeID;28;Triage Status;G;EvacueeID;32;Triage Status;G;EvacueeID;34;Triage Status;G;EvacueeID;35;Triage Status;G;EvacueeID;40;Triage Status;G;EvacueeID;41;Triage Status;G;EvacueeID;44;Triage Status;G;EvacueeID;49;Triage Status;G;EvacueeID;50;Triage Status;G;EvacueeID;51;Triage Status;G;EvacueeID;52;Triage Status;G;EvacueeID;58;Triage Status;G;EvacueeID;61;Triage Status;G;EvacueeID;63;Triage Status;G;EvacueeID;64;Triage Status;G;EvacueeID;70;Triage Status;G;EvacueeID;73;Triage Status;G;EvacueeID;74;Triage Status;G;EvacueeID;76;Triage Status;G;EvacueeID;81;Triage Status;G;EvacueeID;83;Triage Status;G;EvacueeID;86;Triage Status;G;EvacueeID;87;Triage Status;G;EvacueeID;89;Triage Status;G;EvacueeID;90;Triage Status;G;EvacueeID;92;Triage Status;G;EvacueeID;94;Triage Status;G;EvacueeID;97;Triage Status;G;EvacueeID;102;Triage Status;G;EvacueeID;103;Triage Status;G;EvacueeID;104;Triage Status;G;EvacueeID;105;Triage Status;G;EvacueeID;107;Triage Status;G;EvacueeID;111;Triage Status;G;EvacueeID;116;Triage Status;G;EvacueeID;117;Triage Status;G;EvacueeID;118;Triage Status;G;EvacueeID;119;Triage Status;G;EvacueeID;120;Triage Status;G;EvacueeID;124;Triage Status;G;EvacueeID;126;Triage Status;G;EvacueeID;127;Triage Status;G;EvacueeID;128;Triage Status;G;EvacueeID;129;Triage Status;G;EvacueeID;131;Triage Status;G;EvacueeID;134;Triage Status;G;EvacueeID;137;Triage Status;G;EvacueeID;138;Triage Status;G;EvacueeID;150;Triage Status;G;EvacueeID;154;Triage Status;G;EvacueeID;155;Triage Status;G;EvacueeID;157;Triage Status;G;EvacueeID;160;Triage Status;G;EvacueeID;162;Triage Status;G;EvacueeID;163;Triage Status;G;EvacueeID;166;Triage Status;G;EvacueeID;173;Triage Status;G;EvacueeID;180;Triage Status;G;EvacueeID;181;Triage Status;G;EvacueeID;182;Triage Status;G;EvacueeID;183;Triage Status;G;EvacueeID;184;Triage Status;G;EvacueeID;185;Triage Status;G;EvacueeID;186;Triage Status;G;EvacueeID;192;Triage Status;G;EvacueeID;199;Triage Status;G;EvacueeID;203;Triage Status;G;EvacueeID;204;Triage Status;G;EvacueeID;205;Triage Status;G;EvacueeID;206;Triage Status;G;EvacueeID;217;Triage Status;G;EvacueeID;227;Triage Status;G;EvacueeID;232;Triage Status;G;EvacueeID;233;Triage Status;G;EvacueeID;234;Triage Status;G;EvacueeID;235;Triage Status;G;EvacueeID;236;Triage Status;G;EvacueeID;237;Triage Status;G;EvacueeID;245;Triage Status;G;EvacueeID;250;Triage Status;G;EvacueeID;251;Triage Status;G;EvacueeID;266;Triage Status;G;EvacueeID;267;Triage Status;G;EvacueeID;269;Triage Status;G;EvacueeID;273;Triage Status;G;EvacueeID;274;Triage Status;G;EvacueeID;275;Triage Status;G;EvacueeID;277;Triage Status;G;EvacueeID;278;Triage Status;G;EvacueeID;279;Triage Status;G;EvacueeID;285;Triage Status;G;EvacueeID;293;Triage Status;G;EvacueeID;295;Triage Status;G;EvacueeID;297;Triage Status;G;EvacueeID;303;Triage Status;G;EvacueeID;304;Triage Status;G;EvacueeID;305;Triage Status;G;EvacueeID;306;Triage Status;G;EvacueeID;308;Triage Status;G;EvacueeID;309;Triage Status;G;EvacueeID;310;Triage Status;G;EvacueeID;315;Triage Status;G;EvacueeID;320;Triage Status;G;EvacueeID;323;Triage Status;G;EvacueeID;327;Triage Status;G;EvacueeID;328;Triage Status;G;EvacueeID;330;Triage Status;G;EvacueeID;331;Triage Status;G;EvacueeID;334;Triage Status;G;EvacueeID;335;Triage Status;G;EvacueeID;337;Triage Status;G;EvacueeID;352;Triage Status;G;EvacueeID;363;Triage Status;G;EvacueeID;371;Triage Status;G;EvacueeID;372;Triage Status;G;EvacueeID;374;Triage Status;G;EvacueeID;375;Triage Status;G;EvacueeID;377;Triage Status;G;EvacueeID;378;Triage Status;G;EvacueeID;401;Triage Status;G;EvacueeID;403;Triage Status;G;EvacueeID;404;Triage Status;G;EvacueeID;416;Triage Status;G;EvacueeID;417;Triage Status;G;EvacueeID;424;Triage Status;G;EvacueeID;429;Triage Status;G;EvacueeID;432;Triage Status;G;EvacueeID;441;Triage Status;G;EvacueeID;442;Triage Status;G;EvacueeID;445;Triage Status;G;EvacueeID;448;Triage Status;G;EvacueeID;451;Triage Status;G;EvacueeID;338;Triage Status;R;EvacueeID;408;Triage Status;R;EvacueeID;453;Triage Status;G;EvacueeID;455;Triage Status;G;EvacueeID;456;Triage Status;G;EvacueeID;91;Triage Status;Y;EvacueeID;148;Triage Status;R;EvacueeID;271;Triage Status;R;EvacueeID;22;Triage Status;R;EvacueeID;406;Triage Status;R;EvacueeID;465;Triage Status;Y;EvacueeID;11;Triage Status;Y;EvacueeID;164;Triage Status;Y;EvacueeID;461;Triage Status;Y;EvacueeID;379;Triage Status;R;EvacueeID;385;Triage Status;Y;EvacueeID;440;Triage Status;Y;Lives Saved;157
4050,5,helicopterQueue,,1;Helos are waiting to land;HeloID;4
4050,294,helicopter,outES,Helicopter 4 is evacuating people4
4050,294,helicopter,,Helicopter;4;is waiting to land at the evacuation site;;and has;0;spots taken
4050,1173,helicopter,,Helicopter;1;Is going to the evacuation site;;and has;0;spots taken
4050,5,helicopterQueue,outHelo,Helicopter 4 has stopped
4050,5,helicopterQueue,,;No helos are waiting to land
4050,8,filterES,,
4050,108,filterES,,
4050,293,filterES,,Helicopter;4;has stopped
4050,573,filterES,,
4050,1132,filterES,,
4050,1172,filterES,,
4050,293,filterES,out,Helicopter 4 has stopped
4050,293,filterES,,
4050,294,helicopter,,Helicopter;4;is waiting to land at the evacuation site;;and has;0;spots taken
4050,294,helicopter,,Helicopter;4;is returning to the FOL;;and has;0;spots taken
4095,11,filterLoc,,
4095,14,filterLoc,,
4095,17,filterLoc,,
4095,20,filterLoc,,
4095,23,filterLoc,,
4095,26,filterLoc,,
4095,29,filterLoc,,
4095,32,filterLoc,,
4095,35,filterLoc,,
4095,38,filterLoc,,
4095,41,filterLoc,,
4095,44,filterLoc,,
4095,47,filterLoc,,
4095,50,filterLoc,,
4095,53,filterLoc,,
4095,56,filterLoc,,
4095,59,filterLoc,,
4095,62,filterLoc,,
4095,65,filterLoc,,
4095,68,filterLoc,,
4095,71,filterLoc,,
4095,74,filterLoc,,
4095,77,filterLoc,,
4095,80,filterLoc,,
4095,83,filterLoc,,
4095,86,filterLoc,,
4095,89,filterLoc,,
4095,92,filterLoc,,
4095,95,filterLoc,,
4095,98,filterLoc,,
4095,101,filterLoc,,
4095,104,filterLoc,,
4095,111,filterLoc,,
4095,114,filterLoc,,
4095,117,filterLoc,,
4095,120,filterLoc,,
4095,123,filterLoc,,
4095,126,filterLoc,,
4095,129,filterLoc,,
4095,132,filterLoc,,
4095,135,filterLoc,,
4095,138,filterLoc,,
4095,141,filterLoc,,
4095,144,filterLoc,,
4095,147,filterLoc,,
4095,150,filterLoc,,
4095,153,filterLoc,,
4095,156,filterLoc,,
4095,159,filterLoc,,
4095,162,filterLoc,,
4095,165,filterLoc,,
4095,168,filterLoc,,
4095,171,filterLoc,,
4095,174,filterLoc,,
4095,177,filterLoc,,
4095,180,filterLoc,,
4095,183,filterLoc,,
4095,186,filterLoc,,
4095,189,filterLoc,,
4095,192,filterLoc,,
4095,195,filterLoc,,
4095,198,filterLoc,,
4095,201,filterLoc,,
4095,204,filterLoc,,
4095,207,filterLoc,,
4095,210,filterLoc,,
4095,213,filterLoc,,
4095,216,filterLoc,,
4095,219,filterLoc,,
4095,222,filterLoc,,
4095,225,filterLoc,,
4095,229,filterLoc,,
4095,232,filterLoc,,
4095,235,filterLoc,,
4095,238,filterLoc,,
4095,241,filterLoc,,
4095,244,filterLoc,,
4095,247,filterLoc,,
4095,250,filterLoc,,
4095,253,filterLoc,,
4095,256,filterLoc,,
4095,259,filterLoc,,
4095,262,filterLoc,,
4095,265,filterLoc,,
4095,268,filterLoc,,
4095,271,filterLoc,,
4095,274,filterLoc,,
4095,277,filterLoc,,
4095,280,filterLoc,,
4095,283,filterLoc,,
4095,286,filterLoc,,
4095,289,filterLoc,,
4095,296,filterLoc,,
4095,299,filterLoc,,
4095,302,filterLoc,,
4095,305,filterLoc,,
4095,308,filterLoc,,
4095,311,filterLoc,,
4095,314,filterLoc,,
4095,317,filterLoc,,
4095,320,filterLoc,,
4095,323,filterLoc,,
4095,326,filterLoc,,
4095,329,filterLoc,,
4095,332,filterLoc,,
4095,335,filterLoc,,
4095,338,filterLoc,,
4095,341,filterLoc,,
4095,344,filterLoc,,
4095,347,filterLoc,,
4095,350,filterLoc,,
4095,353,filterLoc,,
4095,356,filterLoc,,
4095,359,filterLoc,,
4095,362,filterLoc,,
4095,365,filterLoc,,
4095,368,filterLoc,,
4095,371,filterLoc,,
4095,374,filterLoc,,
4095,377,filterLoc,,
4095,380,filterLoc,,
4095,383,filterLoc,,
4095,386,filterLoc,,
4095,389,filterLoc,,
4095,392,filterLoc,,
4095,395,filterLoc,,
4095,398,filterLoc,,
4095,401,filterLoc,,
4095,404,filterLoc,,
4095,407,filterLoc,,
4095,410,filterLoc,,
4095,413,filterLoc,,
4095,416,filterLoc,,
4095,419,filterLoc,,
4095,422,filterLoc,,
4095,425,filterLoc,,
4095,428,filterLoc,,
4095,431,filterLoc,,
4095,434,filterLoc,,
4095,437,filterLoc,,
4095,440,filterLoc,,
4095,443,filterLoc,,
4095,446,filterLoc,,
4095,449,filterLoc,,
4095,452,filterLoc,,
4095,455,filterLoc,,
4095,458,filterLoc,,
4095,461,filterLoc,,
4095,464,filterLoc,,
4095,467,filterLoc,,
4095,470,filterLoc,,
4095,473,filterLoc,,
4095,476,filterLoc,,
4095,479,filterLoc,,
4095,482,filterLoc,,
4095,485,filterLoc,,
4095,488,filterLoc,,;Evacuee;386;in triage category;Y;is leaving helicopter;2
4095,491,filterLoc,,
4095,494,filterLoc,,
4095,497,filterLoc,,
4095,500,filterLoc,,
4095,503,filterLoc,,
4095,506,filterLoc,,
4095,509,filterLoc,,
4095,512,filterLoc,,
4095,515,filterLoc,,
4095,518,filterLoc,,
4095,521,filterLoc,,
4095,524,filterLoc,,
4095,527,filterLoc,,
4095,530,filterLoc,,
4095,533,filterLoc,,
4095,536,filterLoc,,
4095,539,filterLoc,,
4095,542,filterLoc,,
4095,545,filterLoc,,
4095,548,filterLoc,,
4095,551,filterLoc,,
4095,554,filterLoc,,
4095,557,filterLoc,,
4095,560,filterLoc,,
4095,563,filterLoc,,
4095,566,filterLoc,,
4095,569,filterLoc,,
4095,576,filterLoc,,
4095,579,filterLoc,,
4095,582,filterLoc,,
4095,585,filterLoc,,
4095,588,filterLoc,,
4095,591,filterLoc,,
4095,594,filterLoc,,
4095,597,filterLoc,,
4095,600,filterLoc,,
4095,603,filterLoc,,
4095,606,filterLoc,,
4095,609,filterLoc,,
4095,612,filterLoc,,
4095,615,filterLoc,,
4095,618,filterLoc,,
4095,621,filterLoc,,
4095,624,filterLoc,,
4095,627,filterLoc,,
4095,630,filterLoc,,
4095,633,filterLoc,,
4095,636,filterLoc,,
4095,639,filterLoc,,
4095,642,filterLoc,,
4095,645,filterLoc,,
4095,648,filterLoc,,
4095,651,filterLoc,,
4095,654,filterLoc,,
4095,657,filterLoc,,
4095,660,filterLoc,,
4095,663,filterLoc,,
4095,666,filterLoc,,
4095,669,filterLoc,,
4095,672,filterLoc,,
4095,675,filterLoc,,
4095,678,filterLoc,,
4095,681,filterLoc,,
4095,684,filterLoc,,
4095,687,filterLoc,,
4095,690,filterLoc,,
4095,693,filterLoc,,
4095,696,filterLoc,,
4095,699,filterLoc,,
4095,702,filterLoc,,
4095,705,filterLoc,,
4095,708,filterLoc,,
4095,711,filterLoc,,
4095,714,filterLoc,,
4095,717,filterLoc,,
4095,720,filterLoc,,
4095,723,filterLoc,,
4095,726,filterLoc,,
4095,729,filterLoc,,
4095,732,filterLoc,,
4095,735,filterLoc,,
4095,738,filterLoc,,
4095,741,filterLoc,,
4095,744,filterLoc,,
4095,747,filterLoc,,
4095,750,filterLoc,,
4095,753,filterLoc,,
4095,756,filterLoc,,
4095,759,filterLoc,,
4095,762,filterLoc,,
4095,765,filterLoc,,
4095,768,filterLoc,,
4095,771,filterLoc,,
4095,774,filterLoc,,
4095,777,filterLoc,,
4095,780,filterLoc,,
4095,783,filterLoc,,
4095,786,filterLoc,,
4095,789,filterLoc,,
4095,792,filterLoc,,
4095,795,filterLoc,,
4095,798,filterLoc,,
4095,801,filterLoc,,
4095,804,filterLoc,,
4095,807,filterLoc,,
4095,810,filterLoc,,
4095,813,filterLoc,,
4095,816,filterLoc,,
4095,819,filterLoc,,
4095,822,filterLoc,,
4095,825,filterLoc,,
4095,828,filterLoc,,
4095,831,filterLoc,,
4095,834,filterLoc,,
4095,837,filterLoc,,
4095,840,filterLoc,,
4095,843,filterLoc,,
4095,846,filterLoc,,
4095,849,filterLoc,,
4095,852,filterLoc,,
4095,855,filterLoc,,
4095,858,filterLoc,,
4095,861,filterLoc,,
4095,864,filterLoc,,
4095,867,filterLoc,,
4095,870,filterLoc,,
4095,873,filterLoc,,
4095,876,filterLoc,,
4095,879,filterLoc,,
4095,882,filterLoc,,
4095,885,filterLoc,,
4095,888,filterLoc,,
4095,891,filterLoc,,
4095,894,filterLoc,,
4095,897,filterLoc,,
4095,900,filterLoc,,
4095,903,filterLoc,,
4095,906,filterLoc,,
4095,909,filterLoc,,
4095,912,filterLoc,,
4095,915,filterLoc,,
4095,918,filterLoc,,
4095,921,filterLoc,,
4095,924,filterLoc,,
4095,927,filterLoc,,
4095,930,filterLoc,,
4095,933,filterLoc,,
4095,936,filterLoc,,
4095,939,filterLoc,,
4095,942,filterLoc,,
4095,945,filterLoc,,
4095,948,filterLoc,,
4095,951,filterLoc,,
4095,954,filterLoc,,
4095,957,filterLoc,,
4095,960,filterLoc,,
4095,963,filterLoc,,
4095,966,filterLoc,,
4095,969,filterLoc,,
4095,972,filterLoc,,
4095,975,filterLoc,,
4095,978,filterLoc,,
4095,981,filterLoc,,
4095,984,filterLoc,,
4095,987,filterLoc,,
4095,990,filterLoc,,
4095,993,filterLoc,,
4095,996,filterLoc,,
4095,999,filterLoc,,
4095,1002,filterLoc,,
4095,1005,filterLoc,,
4095,1008,filterLoc,,
4095,1011,filterLoc,,
4095,1014,filterLoc,,
4095,1017,filterLoc,,
4095,1020,filterLoc,,
4095,1023,filterLoc,,
4095,1026,filterLoc,,
4095,1029,filterLoc,,
4095,1032,filterLoc,,
4095,1035,filterLoc,,
4095,1038,filterLoc,,
4095,1041,filterLoc,,
4095,1044,filterLoc,,
4095,1047,filterLoc,,
4095,1050,filterLoc,,
4095,1053,filterLoc,,
4095,1056,filterLoc,,
4095,1059,filterLoc,,
4095,1062,filterLoc,,
4095,1065,filterLoc,,
4095,1068,filterLoc,,
4095,1071,filterLoc,,
4095,1074,filterLoc,,
4095,1077,filterLoc,,
4095,1080,filterLoc,,
4095,1083,filterLoc,,
4095,1086,filterLoc,,
4095,1089,filterLoc,,
4095,1092,filterLoc,,
4095,1095,filterLoc,,
4095,1098,filterLoc,,
4095,1101,filterLoc,,
4095,1104,filterLoc,,
4095,1107,filterLoc,,
4095,1110,filterLoc,,
4095,1113,filterLoc,,
4095,1116,filterLoc,,
4095,1119,filterLoc,,
4095,1122,filterLoc,,
4095,1125,filterLoc,,
4095,1128,filterLoc,,
4095,1133,helicopter,outEvac,Evacuee 161 in triage category Y is not assigned a helicopter
4095,1133,helicopter,outEvac,Evacuee 386 in triage category Y is not assigned a helicopter
4095,1133,helicopter,outEvac,Evacuee 390 in triage category Y is not assigned a helicopter
4095,1133,helicopter,,Helicopter;2;is unloading people at the FOL;;and has;0;spots taken
4095,1135,filterLoc,,
4095,1138,filterLoc,,
4095,1141,filterLoc,,
4095,1144,filterLoc,,
4095,1147,filterLoc,,
4095,1150,filterLoc,,
4095,1153,filterLoc,,
4095,1156,filterLoc,,
4095,1159,filterLoc,,
4095,1162,filterLoc,,
4095,1165,filterLoc,,
4095,1168,filterLoc,,
4095,1175,filterLoc,,
4095,1178,filterLoc,,
4095,1181,filterLoc,,
4095,1184,filterLoc,,
4095,1187,filterLoc,,
4095,1190,filterLoc,,
4095,1193,filterLoc,,
4095,1196,filterLoc,,
4095,1199,filterLoc,,
4095,1202,filterLoc,,
4095,1205,filterLoc,,
4095,1208,filterLoc,,
4095,1211,filterLoc,,
4095,1214,filterLoc,,
4095,1217,filterLoc,,
4095,1220,filterLoc,,
4095,1223,filterLoc,,
4095,1226,filterLoc,,
4095,1229,filterLoc,,
4095,1232,filterLoc,,
4095,1235,filterLoc,,
4095,1238,filterLoc,,
4095,1241,filterLoc,,
4095,1244,filterLoc,,
4095,1247,filterLoc,,
4095,1250,filterLoc,,
4095,1253,filterLoc,,
4095,1256,filterLoc,,;Evacuee;161;in triage category;Y;is leaving helicopter;2
4095,1259,filterLoc,,
4095,1262,filterLoc,,
4095,1265,filterLoc,,
4095,1268,filterLoc,,
4095,1271,filterLoc,,
4095,1274,filterLoc,,
4095,1277,filterLoc,,
4095,1280,filterLoc,,
4095,1283,filterLoc,,
4095,1286,filterLoc,,
4095,1289,filterLoc,,
4095,1292,filterLoc,,
4095,1295,filterLoc,,
4095,1298,filterLoc,,
4095,1301,filterLoc,,
4095,1304,filterLoc,,
4095,1307,filterLoc,,
4095,1310,filterLoc,,
4095,1313,filterLoc,,
4095,1316,filterLoc,,
4095,1319,filterLoc,,
4095,1322,filterLoc,,
4095,1325,filterLoc,,
4095,1328,filterLoc,,
4095,1331,filterLoc,,
4095,1334,filterLoc,,
4095,1337,filterLoc,,
4095,1340,filterLoc,,
4095,1343,filterLoc,,
4095,1346,filterLoc,,
4095,1349,filterLoc,,
4095,1352,filterLoc,,
4095,1355,filterLoc,,
4095,1358,filterLoc,,
4095,1361,filterLoc,,
4095,1364,filterLoc,,
4095,1367,filterLoc,,
4095,1370,filterLoc,,
4095,1373,filterLoc,,
4095,1376,filterLoc,,
4095,1379,filterLoc,,
4095,1382,filterLoc,,
4095,1385,filterLoc,,
4095,1388,filterLoc,,
4095,1391,filterLoc,,
4095,1394,filterLoc,,
4095,1397,filterLoc,,;Evacuee;390;in triage category;Y;is leaving helicopter;2
4095,1400,filterLoc,,
4095,1403,filterLoc,,
4095,1406,filterLoc,,
4095,1409,filterLoc,,
4095,1412,filterLoc,,
4095,1415,filterLoc,,
4095,1418,filterLoc,,
4095,1421,filterLoc,,
4095,1424,filterLoc,,
4095,1427,filterLoc,,
4095,1430,filterLoc,,
4095,1433,filterLoc,,
4095,1436,filterLoc,,
4095,1439,filterLoc,,
4095,1442,filterLoc,,
4095,1445,filterLoc,,
4095,1448,filterLoc,,
4095,1451,filterLoc,,
4095,1454,filterLoc,,
4095,1457,filterLoc,,
4095,1460,filterLoc,,
4095,1463,filterLoc,,
4095,1466,filterLoc,,
4095,1469,filterLoc,,
4095,1472,filterLoc,,
4095,1475,filterLoc,,
4095,1478,filterLoc,,
4095,1481,filterLoc,,
4095,1484,filterLoc,,
4095,1487,filterLoc,,
4095,1490,filterLoc,,
4095,1493,filterLoc,,
4095,1496,filterLoc,,
4095,1499,filterLoc,,
4095,1502,filterLoc,,
4095,1505,filterLoc,,
4095,1508,filterLoc,,
4095,1511,filterLoc,,
4095,1514,filterLoc,,
4095,1517,filterLoc,,
4095,1520,filterLoc,,
4095,1523,filterLoc,,
4095,1526,filterLoc,,
4095,1529,filterLoc,,
4095,488,filterLoc,out,Evacuee 386 in triage category Y is not assigned a helicopter
4095,488,filterLoc,,
4095,489,evacuee,,Evacuee;386;in triage state;Y;is entering the FOL
4095,1256,filterLoc,out,Evacuee 161 in triage category Y is not assigned a helicopter
4095,1256,filterLoc,,
4095,1257,evacuee,,Evacuee;161;in triage state;Y;is entering the FOL
4095,1397,filterLoc,out,Evacuee 390 in triage category Y is not assigned a helicopter
4095,1397,filterLoc,,
4095,1398,evacuee,,Evacuee;390;in triage state;Y;is entering the FOL
4095,227,FOL,,;EvacueeID;5;Triage Status;G;EvacueeID;6;Triage Status;G;EvacueeID;7;Triage Status;G;EvacueeID;9;Triage Status;G;EvacueeID;16;Triage Status;G;EvacueeID;19;Triage Status;G;EvacueeID;20;Triage Status;G;EvacueeID;25;Triage Status;G;EvacueeID;28;Triage Status;G;EvacueeID;32;Triage Status;G;EvacueeID;34;Triage Status;G;EvacueeID;35;Triage Status;G;EvacueeID;40;Triage Status;G;EvacueeID;41;Triage Status;G;EvacueeID;44;Triage Status;G;EvacueeID;49;Triage Status;G;EvacueeID;50;Triage Status;G;EvacueeID;51;Triage Status;G;EvacueeID;52;Triage Status;G;EvacueeID;58;Triage Status;G;EvacueeID;61;Triage Status;G;EvacueeID;63;Triage Status;G;EvacueeID;64;Triage Status;G;EvacueeID;70;Triage Status;G;EvacueeID;73;Triage Status;G;EvacueeID;74;Triage Status;G;EvacueeID;76;Triage Status;G;EvacueeID;81;Triage Status;G;EvacueeID;83;Triage Status;G;EvacueeID;86;Triage Status;G;EvacueeID;87;Triage Status;G;EvacueeID;89;Triage Status;G;EvacueeID;90;Triage Status;G;EvacueeID;92;Triage Status;G;EvacueeID;94;Triage Status;G;EvacueeID;97;Triage Status;G;EvacueeID;102;Triage Status;G;EvacueeID;103;Triage Status;G;EvacueeID;104;Triage Status;G;EvacueeID;105;Triage Status;G;EvacueeID;107;Triage Status;G;EvacueeID;111;Triage Status;G;EvacueeID;116;Triage Status;G;EvacueeID;117;Triage Status;G;EvacueeID;118;Triage Status;G;EvacueeID;119;Triage Status;G;EvacueeID;120;Triage Status;G;EvacueeID;124;Triage Status;G;EvacueeID;126;Triage Status;G;EvacueeID;127;Triage Status;G;EvacueeID;128;Triage Status;G;EvacueeID;129;Triage Status;G;EvacueeID;131;Triage Status;G;EvacueeID;134;Triage Status;G;EvacueeID;137;Triage Status;G;EvacueeID;138;Triage Status;G;EvacueeID;150;Triage Status;G;EvacueeID;154;Triage Status;G;EvacueeID;155;Triage Status;G;EvacueeID;157;Triage Status;G;EvacueeID;160;Triage Status;G;EvacueeID;162;Triage Status;G;EvacueeID;163;Triage Status;G;EvacueeID;166;Triage Status;G;EvacueeID;173;Triage Status;G;EvacueeID;180;Triage Status;G;EvacueeID;181;Triage Status;G;EvacueeID;182;Triage Status;G;EvacueeID;183;Triage Status;G;EvacueeID;184;Triage Status;G;EvacueeID;185;Triage Status;G;EvacueeID;186;Triage Status;G;EvacueeID;192;Triage Status;G;EvacueeID;199;Triage Status;G;EvacueeID;203;Triage Status;G;EvacueeID;204;Triage Status;G;EvacueeID;205;Triage Status;G;EvacueeID;206;Triage Status;G;EvacueeID;217;Triage Status;G;EvacueeID;227;Triage Status;G;EvacueeID;232;Triage Status;G;EvacueeID;233;Triage Status;G;EvacueeID;234;Triage Status;G;EvacueeID;235;Triage Status;G;EvacueeID;236;Triage Status;G;EvacueeID;237;Triage Status;G;EvacueeID;245;Triage Status;G;EvacueeID;250;Triage Status;G;EvacueeID;251;Triage Status;G;EvacueeID;266;Triage Status;G;EvacueeID;267;Triage Status;G;EvacueeID;269;Triage Status;G;EvacueeID;273;Triage Status;G;EvacueeID;274;Triage Status;G;EvacueeID;275;Triage Status;G;EvacueeID;277;Triage Status;G;EvacueeID;278;Triage Status;G;EvacueeID;279;Triage Status;G;EvacueeID;285;Triage Status;G;EvacueeID;293;Triage Status;G;EvacueeID;295;Triage Status;G;EvacueeID;297;Triage Status;G;EvacueeID;303;Triage Status;G;EvacueeID;304;Triage Status;G;EvacueeID;305;Triage Status;G;EvacueeID;306;Triage Status;G;EvacueeID;308;Triage Status;G;EvacueeID;309;Triage Status;G;EvacueeID;310;Triage Status;G;EvacueeID;315;Triage Status;G;EvacueeID;320;Triage Status;G;EvacueeID;323;Triage Status;G;EvacueeID;327;Triage Status;G;EvacueeID;328;Triage Status;G;EvacueeID;330;Triage Status;G;EvacueeID;331;Triage Status;G;EvacueeID;334;Triage Status;G;EvacueeID;335;Triage Status;G;EvacueeID;337;Triage Status;G;EvacueeID;352;Triage Status;G;EvacueeID;363;Triage Status;G;EvacueeID;371;Triage Status;G;EvacueeID;372;Triage Status;G;EvacueeID;374;Triage Status;G;EvacueeID;375;Triage Status;G;EvacueeID;377;Triage Status;G;EvacueeID;378;Triage Status;G;EvacueeID;401;Triage Status;G;EvacueeID;403;Triage Status;G;EvacueeID;404;Triage Status;G;EvacueeID;416;Triage Status;G;EvacueeID;417;Triage Status;G;EvacueeID;424;Triage Status;G;EvacueeID;429;Triage Status;G;EvacueeID;432;Triage Status;G;EvacueeID;441;Triage Status;G;EvacueeID;442;Triage Status;G;EvacueeID;445;Triage Status;G;EvacueeID;448;Triage Status;G;EvacueeID;451;Triage Status;G;EvacueeID;338;Triage Status;R;EvacueeID;408;Triage Status;R;EvacueeID;453;Triage Status;G;EvacueeID;455;Triage Status;G;EvacueeID;456;Triage Status;G;EvacueeID;91;Triage Status;Y;EvacueeID;148;Triage Status;R;EvacueeID;271;Triage Status;R;EvacueeID;22;Triage Status;R;EvacueeID;406;Triage Status;R;EvacueeID;465;Triage Status;Y;EvacueeID;11;Triage Status;Y;EvacueeID;164;Triage Status;Y;EvacueeID;461;Triage Status;Y;EvacueeID;379;Triage Status;R;EvacueeID;385;Triage Status;Y;EvacueeID;440;Triage Status;Y;EvacueeID;161;Triage Status;Y;EvacueeID;386;Triage Status;Y;EvacueeID;390;Triage Status;Y;Lives Saved;160
4095,489,evacuee,outFOL,Evacuee 386 in triage category Y is not assigned a helicopter
4095,489,evacuee,,Evacuee;386;in triage state;Y;is at the FOL
4095,1257,evacuee,outFOL,Evacuee 161 in triage category Y is not assigned a helicopter
4095,1257,evacuee,,Evacuee;161;in triage state;Y;is at the FOL
4095,1398,evacuee,outFOL,Evacuee 390 in triage category Y is not assigned a helicopter
4095,1398,evacuee,,Evacuee;390;in triage state;Y;is at the FOL
4095,227,FOL,,;EvacueeID;5;Triage Status;G;EvacueeID;6;Triage Status;G;EvacueeID;7;Triage Status;G;EvacueeID;9;Triage Status;G;EvacueeID;16;Triage Status;G;EvacueeID;19;Triage Status;G;EvacueeID;20;Triage Status;G;EvacueeID;25;Triage Status;G;EvacueeID;28;Triage Status;G;EvacueeID;32;Triage Status;G;EvacueeID;34;Triage Status;G;EvacueeID;35;Triage Status;G;EvacueeID;40;Triage Status;G;EvacueeID;41;Triage Status;G;EvacueeID;44;Triage Status;G;EvacueeID;49;Triage Status;G;EvacueeID;50;Triage Status;G;EvacueeID;51;Triage Status;G;EvacueeID;52;Triage Status;G;EvacueeID;58;Triage Status;G;EvacueeID;61;Triage Status;G;EvacueeID;63;Triage Status;G;EvacueeID;64;Triage Status;G;EvacueeID;70;Triage Status;G;EvacueeID;73;Triage Status;G;EvacueeID;74;Triage Status;G;EvacueeID;76;Triage Status;G;EvacueeID;81;Triage Status;G;EvacueeID;83;Triage Status;G;EvacueeID;86;Triage Status;G;EvacueeID;87;Triage Status;G;EvacueeID;89;Triage Status;G;EvacueeID;90;Triage Status;G;EvacueeID;92;Triage Status;G;EvacueeID;94;Triage Status;G;EvacueeID;97;Triage Status;G;EvacueeID;102;Triage Status;G;EvacueeID;103;Triage Status;G;EvacueeID;104;Triage Status;G;EvacueeID;105;Triage Status;G;EvacueeID;107;Triage Status;G;EvacueeID;111;Triage Status;G;EvacueeID;116;Triage Status;G;EvacueeID;117;Triage Status;G;EvacueeID;118;Triage Status;G;EvacueeID;119;Triage Status;G;EvacueeID;120;Triage Status;G;EvacueeID;124;Triage Status;G;EvacueeID;126;Triage Status;G;EvacueeID;127;Triage Status;G;EvacueeID;128;Triage Status;G;EvacueeID;129;Triage Status;G;EvacueeID;131;Triage Status;G;EvacueeID;134;Triage Status;G;EvacueeID;137;Triage Status;G;EvacueeID;138;Triage Status;G;EvacueeID;150;Triage Status;G;EvacueeID;154;Triage Status;G;EvacueeID;155;Triage Status;G;EvacueeID;157;Triage Status;G;EvacueeID;160;Triage Status;G;EvacueeID;162;Triage Status;G;EvacueeID;163;Triage Status;G;EvacueeID;166;Triage Status;G;EvacueeID;173;Triage Status;G;EvacueeID;180;Triage Status;G;EvacueeID;181;Triage Status;G;EvacueeID;182;Triage Status;G;EvacueeID;183;Triage Status;G;EvacueeID;184;Triage Status;G;EvacueeID;185;Triage Status;G;EvacueeID;186;Triage Status;G;EvacueeID;192;Triage Status;G;EvacueeID;199;Triage Status;G;EvacueeID;203;Triage Status;G;EvacueeID;204;Triage Status;G;EvacueeID;205;Triage Status;G;EvacueeID;206;Triage Status;G;EvacueeID;217;Triage Status;G;EvacueeID;227;Triage Status;G;EvacueeID;232;Triage Status;G;EvacueeID;233;Triage Status;G;EvacueeID;234;Triage Status;G;EvacueeID;235;Triage Status;G;EvacueeID;236;Triage Status;G;EvacueeID;237;Triage Status;G;EvacueeID;245;Triage Status;G;EvacueeID;250;Triage Status;G;EvacueeID;251;Triage Status;G;EvacueeID;266;Triage Status;G;EvacueeID;267;Triage Status;G;EvacueeID;269;Triage Status;G;EvacueeID;273;Triage Status;G;EvacueeID;274;Triage Status;G;EvacueeID;275;Triage Status;G;EvacueeID;277;Triage Status;G;EvacueeID;278;Triage Status;G;EvacueeID;279;Triage Status;G;EvacueeID;285;Triage Status;G;EvacueeID;293;Triage Status;G;EvacueeID;295;Triage Status;G;EvacueeID;297;Triage Status;G;EvacueeID;303;Triage Status;G;EvacueeID;304;Triage Status;G;EvacueeID;305;Triage Status;G;EvacueeID;306;Triage Status;G;EvacueeID;308;Triage Status;G;EvacueeID;309;Triage Status;G;EvacueeID;310;Triage Status;G;EvacueeID;315;Triage Status;G;EvacueeID;320;Triage Status;G;EvacueeID;323;Triage Status;G;EvacueeID;327;Triage Status;G;EvacueeID;328;Triage Status;G;EvacueeID;330;Triage Status;G;EvacueeID;331;Triage Status;G;EvacueeID;334;Triage Status;G;EvacueeID;335;Triage Status;G;EvacueeID;337;Triage Status;G;EvacueeID;352;Triage Status;G;EvacueeID;363;Triage Status;G;EvacueeID;371;Triage Status;G;EvacueeID;372;Triage Status;G;EvacueeID;374;Triage Status;G;EvacueeID;375;Triage Status;G;EvacueeID;377;Triage Status;G;EvacueeID;378;Triage Status;G;EvacueeID;401;Triage Status;G;EvacueeID;403;Triage Status;G;EvacueeID;404;Triage Status;G;EvacueeID;416;Triage Status;G;EvacueeID;417;Triage Status;G;EvacueeID;424;Triage Status;G;EvacueeID;429;Triage Status;G;EvacueeID;432;Triage Status;G;EvacueeID;441;Triage Status;G;EvacueeID;442;Triage Status;G;EvacueeID;445;Triage Status;G;EvacueeID;448;Triage Status;G;EvacueeID;451;Triage Status;G;EvacueeID;338;Triage Status;R;EvacueeID;408;Triage Status;R;EvacueeID;453;Triage Status;G;EvacueeID;455;Triage Status;G;EvacueeID;456;Triage Status;G;EvacueeID;91;Triage Status;Y;EvacueeID;148;Triage Status;R;EvacueeID;271;Triage Status;R;EvacueeID;22;Triage Status;R;EvacueeID;406;Triage Status;R;EvacueeID;465;Triage Status;Y;EvacueeID;11;Triage Status;Y;EvacueeID;164;Triage Status;Y;EvacueeID;461;Triage Status;Y;EvacueeID;379;Triage Status;R;EvacueeID;385;Triage Status;Y;EvacueeID;440;Triage Status;Y;EvacueeID;161;Triage Status;Y;EvacueeID;386;Triage Status;Y;EvacueeID;390;Triage Status;Y;Lives Saved;160
4110,5,helicopterQueue,,1;Helos are waiting to land;HeloID;5
4110,574,helicopter,outES,Helicopter 5 is evacuating people5
4110,574,helicopter,,Helicopter;5;is waiting to land at the evacuation site;;and has;0;spots taken
4110,1133,helicopter,,Helicopter;2;Is going to the evacuation site;;and has;0;spots taken
4110,5,helicopterQueue,outHelo,Helicopter 5 has stopped
4110,5,helicopterQueue,,;No helos are waiting to land
4110,8,filterES,,
4110,108,filterES,,
4110,293,filterES,,
4110,573,filterES,,Helicopter;5;has stopped
4110,1132,filterES,,
4110,1172,filterES,,
4110,573,filterES,out,Helicopter 5 has stopped
4110,573,filterES,,
4110,574,helicopter,,Helicopter;5;is waiting to land at the evacuation site;;and has;0;spots taken
4110,574,helicopter,,Helicopter;5;is returning to the FOL;;and has;0;spots taken
4155,11,filterLoc,,
4155,14,filterLoc,,
4155,17,filterLoc,,
4155,20,filterLoc,,
4155,23,filterLoc,,
4155,26,filterLoc,,
4155,29,filterLoc,,
4155,32,filterLoc,,
4155,35,filterLoc,,
4155,38,filterLoc,,
4155,41,filterLoc,,
4155,44,filterLoc,,
4155,47,filterLoc,,
4155,50,filterLoc,,
4155,53,filterLoc,,
4155,56,filterLoc,,
4155,59,filterLoc,,
4155,62,filterLoc,,
4155,65,filterLoc,,
4155,68,filterLoc,,
4155,71,filterLoc,,
4155,74,filterLoc,,
4155,77,filterLoc,,;Evacuee;458;in triage category;Y;is leaving helicopter;3
4155,80,filterLoc,,
4155,83,filterLoc,,
4155,86,filterLoc,,
4155,89,filterLoc,,
4155,92,filterLoc,,
4155,95,filterLoc,,
4155,98,filterLoc,,
4155,101,filterLoc,,
4155,104,filterLoc,,
4155,109,helicopter,outEvac,Evacuee 431 in triage category Y is not assigned a helicopter
4155,109,helicopter,outEvac,Evacuee 458 in triage category Y is not assigned a helicopter
4155,109,helicopter,,Helicopter;3;is unloading people at the FOL;;and has;0;spots taken
4155,111,filterLoc,,
4155,114,filterLoc,,
4155,117,filterLoc,,
4155,120,filterLoc,,
4155,123,filterLoc,,
4155,126,filterLoc,,
4155,129,filterLoc,,
4155,132,filterLoc,,
4155,135,filterLoc,,
4155,138,filterLoc,,
4155,141,filterLoc,,
4155,144,filterLoc,,
4155,147,filterLoc,,
4155,150,filterLoc,,
4155,153,filterLoc,,
4155,156,filterLoc,,
4155,159,filterLoc,,
4155,162,filterLoc,,
4155,165,filterLoc,,
4155,168,filterLoc,,
4155,171,filterLoc,,
4155,174,filterLoc,,
4155,177,filterLoc,,
4155,180,filterLoc,,
4155,183,filterLoc,,
4155,186,filterLoc,,
4155,189,filterLoc,,
4155,192,filterLoc,,
4155,195,filterLoc,,
4155,198,filterLoc,,
4155,201,filterLoc,,
4155,204,filterLoc,,
4155,207,filterLoc,,
4155,210,filterLoc,,
4155,213,filterLoc,,
4155,216,filterLoc,,
4155,219,filterLoc,,
4155,222,filterLoc,,
4155,225,filterLoc,,
4155,229,filterLoc,,
4155,232,filterLoc,,
4155,235,filterLoc,,
4155,238,filterLoc,,
4155,241,filterLoc,,
4155,244,filterLoc,,
4155,247,filterLoc,,
4155,250,filterLoc,,
4155,253,filterLoc,,
4155,256,filterLoc,,
4155,259,filterLoc,,
4155,262,filterLoc,,
4155,265,filterLoc,,
4155,268,filterLoc,,
4155,271,filterLoc,,
4155,274,filterLoc,,
4155,277,filterLoc,,
4155,280,filterLoc,,
4155,283,filterLoc,,
4155,286,filterLoc,,
4155,289,filterLoc,,
4155,296,filterLoc,,
4155,299,filterLoc,,
4155,302,filterLoc,,
4155,305,filterLoc,,
4155,308,filterLoc,,
4155,311,filterLoc,,
4155,314,filterLoc,,
4155,317,filterLoc,,
4155,320,filterLoc,,
4155,323,filterLoc,,
4155,326,filterLoc,,
4155,329,filterLoc,,
4155,332,filterLoc,,
4155,335,filterLoc,,
4155,338,filterLoc,,
4155,341,filterLoc,,
4155,344,filterLoc,,
4155,347,filterLoc,,
4155,350,filterLoc,,
4155,353,filterLoc,,
4155,356,filterLoc,,
4155,359,filterLoc,,
4155,362,filterLoc,,
4155,365,filterLoc,,
4155,368,filterLoc,,
4155,371,filterLoc,,
4155,374,filterLoc,,
4155,377,filterLoc,,
4155,380,filterLoc,,
4155,383,filterLoc,,
4155,386,filterLoc,,
4155,389,filterLoc,,
4155,392,filterLoc,,
4155,395,filterLoc,,
4155,398,filterLoc,,
4155,401,filterLoc,,
4155,404,filterLoc,,
4155,407,filterLoc,,
4155,410,filterLoc,,
4155,413,filterLoc,,
4155,416,filterLoc,,
4155,419,filterLoc,,
4155,422,filterLoc,,
4155,425,filterLoc,,
4155,428,filterLoc,,
4155,431,filterLoc,,
4155,434,filterLoc,,
4155,437,filterLoc,,
4155,440,filterLoc,,
4155,443,filterLoc,,
4155,446,filterLoc,,
4155,449,filterLoc,,
4155,452,filterLoc,,
4155,455,filterLoc,,
4155,458,filterLoc,,
4155,461,filterLoc,,
4155,464,filterLoc,,
4155,467,filterLoc,,
4155,470,filterLoc,,
4155,473,filterLoc,,
4155,476,filterLoc,,
4155,479,filterLoc,,
4155,482,filterLoc,,
4155,485,filterLoc,,
4155,488,filterLoc,,
4155,491,filterLoc,,
4155,494,filterLoc,,
4155,497,filterLoc,,
4155,500,filterLoc,,
4155,503,filterLoc,,
4155,506,filterLoc,,
4155,509,filterLoc,,
4155,512,filterLoc,,
4155,515,filterLoc,,
4155,518,filterLoc,,
4155,521,filterLoc,,
4155,524,filterLoc,,
4155,527,filterLoc,,
4155,530,filterLoc,,
4155,533,filterLoc,,
4155,536,filterLoc,,
4155,539,filterLoc,,
4155,542,filterLoc,,
4155,545,filterLoc,,
4155,548,filterLoc,,
4155,551,filterLoc,,
4155,554,filterLoc,,
4155,557,filterLoc,,
4155,560,filterLoc,,
4155,563,filterLoc,,
4155,566,filterLoc,,
4155,569,filterLoc,,
4155,576,filterLoc,,
4155,579,filterLoc,,
4155,582,filterLoc,,
4155,585,filterLoc,,
4155,588,filterLoc,,
4155,591,filterLoc,,
4155,594,filterLoc,,
4155,597,filterLoc,,
4155,600,filterLoc,,
4155,603,filterLoc,,
4155,606,filterLoc,,
4155,609,filterLoc,,
4155,612,filterLoc,,
4155,615,filterLoc,,
4155,618,filterLoc,,
4155,621,filterLoc,,
4155,624,filterLoc,,
4155,627,filterLoc,,
4155,630,filterLoc,,
4155,633,filterLoc,,
4155,636,filterLoc,,
4155,639,filterLoc,,
4155,642,filterLoc,,
4155,645,filterLoc,,
4155,648,filterLoc,,
4155,651,filterLoc,,
4155,654,filterLoc,,
4155,657,filterLoc,,
4155,660,filterLoc,,
4155,663,filterLoc,,
4155,666,filterLoc,,
4155,669,filterLoc,,
4155,672,filterLoc,,
4155,675,filterLoc,,
4155,678,filterLoc,,
4155,681,filterLoc,,
4155,684,filterLoc,,
4155,687,filterLoc,,
4155,690,filterLoc,,
4155,693,filterLoc,,
4155,696,filterLoc,,
4155,699,filterLoc,,;Evacuee;431;in triage category;Y;is leaving helicopter;3
4155,702,filterLoc,,
4155,705,filterLoc,,
4155,708,filterLoc,,
4155,711,filterLoc,,
4155,714,filterLoc,,
4155,717,filterLoc,,
4155,720,filterLoc,,
4155,723,filterLoc,,
4155,726,filterLoc,,
4155,729,filterLoc,,
4155,732,filterLoc,,
4155,735,filterLoc,,
4155,738,filterLoc,,
4155,741,filterLoc,,
4155,744,filterLoc,,
4155,747,filterLoc,,
4155,750,filterLoc,,
4155,753,filterLoc,,
4155,756,filterLoc,,
4155,759,filterLoc,,
4155,762,filterLoc,,
4155,765,filterLoc,,
4155,768,filterLoc,,
4155,771,filterLoc,,
4155,774,filterLoc,,
4155,777,filterLoc,,
4155,780,filterLoc,,
4155,783,filterLoc,,
4155,786,filterLoc,,
4155,789,filterLoc,,
4155,792,filterLoc,,
4155,795,filterLoc,,
4155,798,filterLoc,,
4155,801,filterLoc,,
4155,804,filterLoc,,
4155,807,filterLoc,,
4155,810,filterLoc,,
4155,813,filterLoc,,
4155,816,filterLoc,,
4155,819,filterLoc,,
4155,822,filterLoc,,
4155,825,filterLoc,,
4155,828,filterLoc,,
4155,831,filterLoc,,
4155,834,filterLoc,,
4155,837,filterLoc,,
4155,840,filterLoc,,
4155,843,filterLoc,,
4155,846,filterLoc,,
4155,849,filterLoc,,
4155,852,filterLoc,,
4155,855,filterLoc,,
4155,858,filterLoc,,
4155,861,filterLoc,,
4155,864,filterLoc,,
4155,867,filterLoc,,
4155,870,filterLoc,,
4155,873,filterLoc,,
4155,876,filterLoc,,
4155,879,filterLoc,,
4155,882,filterLoc,,
4155,885,filterLoc,,
4155,888,filterLoc,,
4155,891,filterLoc,,
4155,894,filterLoc,,
4155,897,filterLoc,,
4155,900,filterLoc,,
4155,903,filterLoc,,
4155,906,filterLoc,,
4155,909,filterLoc,,
4155,912,filterLoc,,
4155,915,filterLoc,,
4155,918,filterLoc,,
4155,921,filterLoc,,
4155,924,filterLoc,,
4155,927,filterLoc,,
4155,930,filterLoc,,
4155,933,filterLoc,,
4155,936,filterLoc,,
4155,939,filterLoc,,
4155,942,filterLoc,,
4155,945,filterLoc,,
4155,948,filterLoc,,
4155,951,filterLoc,,
4155,954,filterLoc,,
4155,957,filterLoc,,
4155,960,filterLoc,,
4155,963,filterLoc,,
4155,966,filterLoc,,
4155,969,filterLoc,,
4155,972,filterLoc,,
4155,975,filterLoc,,
4155,978,filterLoc,,
4155,981,filterLoc,,
4155,984,filterLoc,,
4155,987,filterLoc,,
4155,990,filterLoc,,
4155,993,filterLoc,,
4155,996,filterLoc,,
4155,999,filterLoc,,
4155,1002,filterLoc,,
4155,1005,filterLoc,,
4155,1008,filterLoc,,
4155,1011,filterLoc,,
4155,1014,filterLoc,,
4155,1017,filterLoc,,
4155,1020,filterLoc,,
4155,1023,filterLoc,,
4155,1026,filterLoc,,
4155,1029,filterLoc,,
4155,1032,filterLoc,,
4155,1035,filterLoc,,
4155,1038,filterLoc,,
4155,1041,filterLoc,,
4155,1044,filterLoc,,
4155,1047,filterLoc,,
4155,1050,filterLoc,,
4155,1053,filterLoc,,
4155,1056,filterLoc,,
4155,1059,filterLoc,,
4155,1062,filterLoc,,
4155,1065,filterLoc,,
4155,1068,filterLoc,,
4155,1071,filterLoc,,
4155,1074,filterLoc,,
4155,1077,filterLoc,,
4155,1080,filterLoc,,
4155,1083,filterLoc,,
4155,1086,filterLoc,,
4155,1089,filterLoc,,
4155,1092,filterLoc,,
4155,1095,filterLoc,,
4155,1098,filterLoc,,
4155,1101,filterLoc,,
4155,1104,filterLoc,,
4155,1107,filterLoc,,
4155,1110,filterLoc,,
4155,1113,filterLoc,,
4155,1116,filterLoc,,
4155,1119,filterLoc,,
4155,1122,filterLoc,,
4155,1125,filterLoc,,
4155,1128,filterLoc,,
4155,1135,filterLoc,,
4155,1138,filterLoc,,
4155,1141,filterLoc,,
4155,1144,filterLoc,,
4155,1147,filterLoc,,
4155,1150,filterLoc,,
4155,1153,filterLoc,,
4155,1156,filterLoc,,
4155,1159,filterLoc,,
4155,1162,filterLoc,,
4155,1165,filterLoc,,
4155,1168,filterLoc,,
4155,1175,filterLoc,,
4155,1178,filterLoc,,
4155,1181,filterLoc,,
4155,1184,filterLoc,,
4155,1187,filterLoc,,
4155,1190,filterLoc,,
4155,1193,filterLoc,,
4155,1196,filterLoc,,
4155,1199,filterLoc,,
4155,1202,filterLoc,,
4155,1205,filterLoc,,
4155,1208,filterLoc,,
4155,1211,filterLoc,,
4155,1214,filterLoc,,
4155,1217,filterLoc,,
4155,1220,filterLoc,,
4155,1223,filterLoc,,
4155,1226,filterLoc,,
4155,1229,filterLoc,,
4155,1232,filterLoc,,
4155,1235,filterLoc,,
4155,1238,filterLoc,,
4155,1241,filterLoc,,
4155,1244,filterLoc,,
4155,1247,filterLoc,,
4155,1250,filterLoc,,
4155,1253,filterLoc,,
4155,1256,filterLoc,,
4155,1259,filterLoc,,
4155,1262,filterLoc,,
4155,1265,filterLoc,,
4155,1268,filterLoc,,
4155,1271,filterLoc,,
4155,1274,filterLoc,,
4155,1277,filterLoc,,
4155,1280,filterLoc,,
4155,1283,filterLoc,,
4155,1286,filterLoc,,
4155,1289,filterLoc,,
4155,1292,filterLoc,,
4155,1295,filterLoc,,
4155,1298,filterLoc,,
4155,1301,filterLoc,,
4155,1304,filterLoc,,
4155,1307,filterLoc,,
4155,1310,filterLoc,,
4155,1313,filterLoc,,
4155,1316,filterLoc,,
4155,1319,filterLoc,,
4155,1322,filterLoc,,
4155,1325,filterLoc,,
4155,1328,filterLoc,,
4155,1331,filterLoc,,
4155,1334,filterLoc,,
4155,1337,filterLoc,,
4155,1340,filterLoc,,
4155,1343,filterLoc,,
4155,1346,filterLoc,,
4155,1349,filterLoc,,
4155,1352,filterLoc,,
4155,1355,filterLoc,,
4155,1358,filterLoc,,
4155,1361,filterLoc,,
4155,1364,filterLoc,,
4155,1367,filterLoc,,
4155,1370,filterLoc,,
4155,1373,filterLoc,,
4155,1376,filterLoc,,
4155,1379,filterLoc,,
4155,1382,filterLoc,,
4155,1385,filterLoc,,
4155,1388,filterLoc,,
4155,1391,filterLoc,,
4155,1394,filterLoc,,
4155,1397,filterLoc,,
4155,1400,filterLoc,,
4155,1403,filterLoc,,
4155,1406,filterLoc,,
4155,1409,filterLoc,,
4155,1412,filterLoc,,
4155,1415,filterLoc,,
4155,1418,filterLoc,,
4155,1421,filterLoc,,
4155,1424,filterLoc,,
4155,1427,filterLoc,,
4155,1430,filterLoc,,
4155,1433,filterLoc,,
4155,1436,filterLoc,,
4155,1439,filterLoc,,
4155,1442,filterLoc,,
4155,1445,filterLoc,,
4155,1448,filterLoc,,
4155,1451,filterLoc,,
4155,1454,filterLoc,,
4155,1457,filterLoc,,
4155,1460,filterLoc,,
4155,1463,filterLoc,,
4155,1466,filterLoc,,
4155,1469,filterLoc,,
4155,1472,filterLoc,,
4155,1475,filterLoc,,
4155,1478,filterLoc,,
4155,1481,filterLoc,,
4155,1484,filterLoc,,
4155,1487,filterLoc,,
4155,1490,filterLoc,,
4155,1493,filterLoc,,
4155,1496,filterLoc,,
4155,1499,filterLoc,,
4155,1502,filterLoc,,
4155,1505,filterLoc,,
4155,1508,filterLoc,,
4155,1511,filterLoc,,
4155,1514,filterLoc,,
4155,1517,filterLoc,,
4155,1520,filterLoc,,
4155,1523,filterLoc,,
4155,1526,filterLoc,,
4155,1529,filterLoc,,
4155,77,filterLoc,out,Evacuee 458 in triage category Y is not assigned a helicopter
4155,77,filterLoc,,
4155,78,evacuee,,Evacuee;458;in triage state;Y;is entering the FOL
4155,699,filterLoc,out,Evacuee 431 in triage category Y is not assigned a helicopter
4155,699,filterLoc,,
4155,700,evacuee,,Evacuee;431;in triage state;Y;is entering the FOL
4155,78,evacuee,outFOL,Evacuee 458 in triage category Y is not assigned a helicopter
4155,78,evacuee,,Evacuee;458;in triage state;Y;is at the FOL
4155,227,FOL,,;EvacueeID;5;Triage Status;G;EvacueeID;6;Triage Status;G;EvacueeID;7;Triage Status;G;EvacueeID;9;Triage Status;G;EvacueeID;16;Triage Status;G;EvacueeID;19;Triage Status;G;EvacueeID;20;Triage Status;G;EvacueeID;25;Triage Status;G;EvacueeID;28;Triage Status;G;EvacueeID;32;Triage Status;G;EvacueeID;34;Triage Status;G;EvacueeID;35;Triage Status;G;EvacueeID;40;Triage Status;G;EvacueeID;41;Triage Status;G;EvacueeID;44;Triage Status;G;EvacueeID;49;Triage Status;G;EvacueeID;50;Triage Status;G;EvacueeID;51;Triage Status;G;EvacueeID;52;Triage Status;G;EvacueeID;58;Triage Status;G;EvacueeID;61;Triage Status;G;EvacueeID;63;Triage Status;G;EvacueeID;64;Triage Status;G;EvacueeID;70;Triage Status;G;EvacueeID;73;Triage Status;G;EvacueeID;74;Triage Status;G;EvacueeID;76;Triage Status;G;EvacueeID;81;Triage Status;G;EvacueeID;83;Triage Status;G;EvacueeID;86;Triage Status;G;EvacueeID;87;Triage Status;G;EvacueeID;89;Triage Status;G;EvacueeID;90;Triage Status;G;EvacueeID;92;Triage Status;G;EvacueeID;94;Triage Status;G;EvacueeID;97;Triage Status;G;EvacueeID;102;Triage Status;G;EvacueeID;103;Triage Status;G;EvacueeID;104;Triage Status;G;EvacueeID;105;Triage Status;G;EvacueeID;107;Triage Status;G;EvacueeID;111;Triage Status;G;EvacueeID;116;Triage Status;G;EvacueeID;117;Triage Status;G;EvacueeID;118;Triage Status;G;EvacueeID;119;Triage Status;G;EvacueeID;120;Triage Status;G;EvacueeID;124;Triage Status;G;EvacueeID;126;Triage Status;G;EvacueeID;127;Triage Status;G;EvacueeID;128;Triage Status;G;EvacueeID;129;Triage Status;G;EvacueeID;131;Triage Status;G;EvacueeID;134;Triage Status;G;EvacueeID;137;Triage Status;G;EvacueeID;138;Triage Status;G;EvacueeID;150;Triage Status;G;EvacueeID;154;Triage Status;G;EvacueeID;155;Triage Status;G;EvacueeID;157;Triage Status;G;EvacueeID;160;Triage Status;G;EvacueeID;162;Triage Status;G;EvacueeID;163;Triage Status;G;EvacueeID;166;Triage Status;G;EvacueeID;173;Triage Status;G;EvacueeID;180;Triage Status;G;EvacueeID;181;Triage Status;G;EvacueeID;182;Triage Status;G;EvacueeID;183;Triage Status;G;EvacueeID;184;Triage Status;G;EvacueeID;185;Triage Status;G;EvacueeID;186;Triage Status;G;EvacueeID;192;Triage Status;G;EvacueeID;199;Triage Status;G;EvacueeID;203;Triage Status;G;EvacueeID;204;Triage Status;G;EvacueeID;205;Triage Status;G;EvacueeID;206;Triage Status;G;EvacueeID;217;Triage Status;G;EvacueeID;227;Triage Status;G;EvacueeID;232;Triage Status;G;EvacueeID;233;Triage Status;G;EvacueeID;234;Triage Status;G;EvacueeID;235;Triage Status;G;EvacueeID;236;Triage Status;G;EvacueeID;237;Triage Status;G;EvacueeID;245;Triage Status;G;EvacueeID;250;Triage Status;G;EvacueeID;251;Triage Status;G;EvacueeID;266;Triage Status;G;EvacueeID;267;Triage Status;G;EvacueeID;269;Triage Status;G;EvacueeID;273;Triage Status;G;EvacueeID;274;Triage Status;G;EvacueeID;275;Triage Status;G;EvacueeID;277;Triage Status;G;EvacueeID;278;Triage Status;G;EvacueeID;279;Triage Status;G;EvacueeID;285;Triage Status;G;EvacueeID;293;Triage Status;G;EvacueeID;295;Triage Status;G;EvacueeID;297;Triage Status;G;EvacueeID;303;Triage Status;G;EvacueeID;304;Triage Status;G;EvacueeID;305;Triage Status;G;EvacueeID;306;Triage Status;G;EvacueeID;308;Triage Status;G;EvacueeID;309;Triage Status;G;EvacueeID;310;Triage Status;G;EvacueeID;315;Triage Status;G;EvacueeID;320;Triage Status;G;EvacueeID;323;Triage Status;G;EvacueeID;327;Triage Status;G;EvacueeID;328;Triage Status;G;EvacueeID;330;Triage Status;G;EvacueeID;331;Triage Status;G;EvacueeID;334;Triage Status;G;EvacueeID;335;Triage Status;G;EvacueeID;337;Triage Status;G;EvacueeID;352;Triage Status;G;EvacueeID;363;Triage Status;G;EvacueeID;371;Triage Status;G;EvacueeID;372;Triage Status;G;EvacueeID;374;Triage Status;G;EvacueeID;375;Triage Status;G;EvacueeID;377;Triage Status;G;EvacueeID;378;Triage Status;G;EvacueeID;401;Triage Status;G;EvacueeID;403;Triage Status;G;EvacueeID;404;Triage Status;G;EvacueeID;416;Triage Status;G;EvacueeID;417;Triage Status;G;EvacueeID;424;Triage Status;G;EvacueeID;429;Triage Status;G;EvacueeID;432;Triage Status;G;EvacueeID;441;Triage Status;G;EvacueeID;442;Triage Status;G;EvacueeID;445;Triage Status;G;EvacueeID;448;Triage Status;G;EvacueeID;451;Triage Status;G;EvacueeID;338;Triage Status;R;EvacueeID;408;Triage Status;R;EvacueeID;453;Triage Status;G;EvacueeID;455;Triage Status;G;EvacueeID;456;Triage Status;G;EvacueeID;91;Triage Status;Y;EvacueeID;148;Triage Status;R;EvacueeID;271;Triage Status;R;EvacueeID;22;Triage Status;R;EvacueeID;406;Triage Status;R;EvacueeID;465;Triage Status;Y;EvacueeID;11;Triage Status;Y;EvacueeID;164;Triage Status;Y;EvacueeID;461;Triage Status;Y;EvacueeID;379;Triage Status;R;EvacueeID;385;Triage Status;Y;EvacueeID;440;Triage Status;Y;EvacueeID;161;Triage Status;Y;EvacueeID;386;Triage Status;Y;EvacueeID;390;Triage Status;Y;EvacueeID;431;Triage Status;Y;EvacueeID;458;Triage Status;Y;Lives Saved;162
4155,700,evacuee,outFOL,Evacuee 431 in triage category Y is not assigned a helicopter
4155,700,evacuee,,Evacuee;431;in triage state;Y;is at the FOL
4155,227,FOL,,;EvacueeID;5;Triage Status;G;EvacueeID;6;Triage Status;G;EvacueeID;7;Triage Status;G;EvacueeID;9;Triage Status;G;EvacueeID;16;Triage Status;G;EvacueeID;19;Triage Status;G;EvacueeID;20;Triage Status;G;EvacueeID;25;Triage Status;G;EvacueeID;28;Triage Status;G;EvacueeID;32;Triage Status;G;EvacueeID;34;Triage Status;G;EvacueeID;35;Triage Status;G;EvacueeID;40;Triage Status;G;EvacueeID;41;Triage Status;G;EvacueeID;44;Triage Status;G;EvacueeID;49;Triage Status;G;EvacueeID;50;Triage Status;G;EvacueeID;51;Triage Status;G;EvacueeID;52;Triage Status;G;EvacueeID;58;Triage Status;G;EvacueeID;61;Triage Status;G;EvacueeID;63;Triage Status;G;EvacueeID;64;Triage Status;G;EvacueeID;70;Triage Status;G;EvacueeID;73;Triage Status;G;EvacueeID;74;Triage Status;G;EvacueeID;76;Triage Status;G;EvacueeID;81;Triage Status;G;EvacueeID;83;Triage Status;G;EvacueeID;86;Triage Status;G;EvacueeID;87;Triage Status;G;EvacueeID;89;Triage Status;G;EvacueeID;90;Triage Status;G;EvacueeID;92;Triage Status;G;EvacueeID;94;Triage Status;G;EvacueeID;97;Triage Status;G;EvacueeID;102;Triage Status;G;EvacueeID;103;Triage Status;G;EvacueeID;104;Triage Status;G;EvacueeID;105;Triage Status;G;EvacueeID;107;Triage Status;G;EvacueeID;111;Triage Status;G;EvacueeID;116;Triage Status;G;EvacueeID;117;Triage Status;G;EvacueeID;118;Triage Status;G;EvacueeID;119;Triage Status;G;EvacueeID;120;Triage Status;G;EvacueeID;124;Triage Status;G;EvacueeID;126;Triage Status;G;EvacueeID;127;Triage Status;G;EvacueeID;128;Triage Status;G;EvacueeID;129;Triage Status;G;EvacueeID;131;Triage Status;G;EvacueeID;134;Triage Status;G;EvacueeID;137;Triage Status;G;EvacueeID;138;Triage Status;G;EvacueeID;150;Triage Status;G;EvacueeID;154;Triage Status;G;EvacueeID;155;Triage Status;G;EvacueeID;157;Triage Status;G;EvacueeID;160;Triage Status;G;EvacueeID;162;Triage Status;G;EvacueeID;163;Triage Status;G;EvacueeID;166;Triage Status;G;EvacueeID;173;Triage Status;G;EvacueeID;180;Triage Status;G;EvacueeID;181;Triage Status;G;EvacueeID;182;Triage Status;G;EvacueeID;183;Triage Status;G;EvacueeID;184;Triage Status;G;EvacueeID;185;Triage Status;G;EvacueeID;186;Triage Status;G;EvacueeID;192;Triage Status;G;EvacueeID;199;Triage Status;G;EvacueeID;203;Triage Status;G;EvacueeID;204;Triage Status;G;EvacueeID;205;Triage Status;G;EvacueeID;206;Triage Status;G;EvacueeID;217;Triage Status;G;EvacueeID;227;Triage Status;G;EvacueeID;232;Triage Status;G;EvacueeID;233;Triage Status;G;EvacueeID;234;Triage Status;G;EvacueeID;235;Triage Status;G;EvacueeID;236;Triage Status;G;EvacueeID;237;Triage Status;G;EvacueeID;245;Triage Status;G;EvacueeID;250;Triage Status;G;EvacueeID;251;Triage Status;G;EvacueeID;266;Triage Status;G;EvacueeID;267;Triage Status;G;EvacueeID;269;Triage Status;G;EvacueeID;273;Triage Status;G;EvacueeID;274;Triage Status;G;EvacueeID;275;Triage Status;G;EvacueeID;277;Triage Status;G;EvacueeID;278;Triage Status;G;EvacueeID;279;Triage Status;G;EvacueeID;285;Triage Status;G;EvacueeID;293;Triage Status;G;EvacueeID;295;Triage Status;G;EvacueeID;297;Triage Status;G;EvacueeID;303;Triage Status;G;EvacueeID;304;Triage Status;G;EvacueeID;305;Triage Status;G;EvacueeID;306;Triage Status;G;EvacueeID;308;Triage Status;G;EvacueeID;309;Triage Status;G;EvacueeID;310;Triage Status;G;EvacueeID;315;Triage Status;G;EvacueeID;320;Triage Status;G;EvacueeID;323;Triage Status;G;EvacueeID;327;Triage Status;G;EvacueeID;328;Triage Status;G;EvacueeID;330;Triage Status;G;EvacueeID;331;Triage Status;G;EvacueeID;334;Triage Status;G;EvacueeID;335;Triage Status;G;EvacueeID;337;Triage Status;G;EvacueeID;352;Triage Status;G;EvacueeID;363;Triage Status;G;EvacueeID;371;Triage Status;G;EvacueeID;372;Triage Status;G;EvacueeID;374;Triage Status;G;EvacueeID;375;Triage Status;G;EvacueeID;377;Triage Status;G;EvacueeID;378;Triage Status;G;EvacueeID;401;Triage Status;G;EvacueeID;403;Triage Status;G;EvacueeID;404;Triage Status;G;EvacueeID;416;Triage Status;G;EvacueeID;417;Triage Status;G;EvacueeID;424;Triage Status;G;EvacueeID;429;Triage Status;G;EvacueeID;432;Triage Status;G;EvacueeID;441;Triage Status;G;EvacueeID;442;Triage Status;G;EvacueeID;445;Triage Status;G;EvacueeID;448;Triage Status;G;EvacueeID;451;Triage Status;G;EvacueeID;338;Triage Status;R;EvacueeID;408;Triage Status;R;EvacueeID;453;Triage Status;G;EvacueeID;455;Triage Status;G;EvacueeID;456;Triage Status;G;EvacueeID;91;Triage Status;Y;EvacueeID;148;Triage Status;R;EvacueeID;271;Triage Status;R;EvacueeID;22;Triage Status;R;EvacueeID;406;Triage Status;R;EvacueeID;465;Triage Status;Y;EvacueeID;11;Triage Status;Y;EvacueeID;164;Triage Status;Y;EvacueeID;461;Triage Status;Y;EvacueeID;379;Triage Status;R;EvacueeID;385;Triage Status;Y;EvacueeID;440;Triage Status;Y;EvacueeID;161;Triage Status;Y;EvacueeID;386;Triage Status;Y;EvacueeID;390;Triage Status;Y;EvacueeID;431;Triage Status;Y;EvacueeID;458;Triage Status;Y;Lives Saved;162
4170,5,helicopterQueue,,1;Helos are waiting to land;HeloID;6
4170,9,helicopter,outES,Helicopter 6 is evacuating people6
4170,9,helicopter,,Helicopter;6;is waiting to land at the evacuation site;;and has;0;spots taken
4170,5,helicopterQueue,outHelo,Helicopter 6 has stopped
4170,5,helicopterQueue,,;No helos are waiting to land
4170,8,filterES,,Helicopter;6;has stopped
4170,108,filterES,,
4170,293,filterES,,
4170,573,filterES,,
4170,1132,filterES,,
4170,1172,filterES,,
4170,8,filterES,out,Helicopter 6 has stopped
4170,8,filterES,,
4170,9,helicopter,,Helicopter;6;is waiting to land at the evacuation site;;and has;0;spots taken
4170,9,helicopter,,Helicopter;6;is returning to the FOL;;and has;0;spots taken
4200,5,helicopterQueue,,1;Helos are waiting to land;HeloID;1
4200,294,helicopter,,Helicopter;4;is unloading people at the FOL;;and has;0;spots taken
4200,1173,helicopter,outES,Helicopter 1 is evacuating people1
4200,1173,helicopter,,Helicopter;1;is waiting to land at the evacuation site;;and has;0;spots taken
4200,5,helicopterQueue,outHelo,Helicopter 1 has stopped
4200,5,helicopterQueue,,;No helos are waiting to land
4200,8,filterES,,
4200,108,filterES,,
4200,293,filterES,,
4200,573,filterES,,
4200,1132,filterES,,
4200,1172,filterES,,Helicopter;1;has stopped
4200,1172,filterES,out,Helicopter 1 has stopped
4200,1172,filterES,,
4200,1173,helicopter,,Helicopter;1;is waiting to land at the evacuation site;;and has;0;spots taken
4200,1173,helicopter,,Helicopter;1;is returning to the FOL;;and has;0;spots taken
4260,5,helicopterQueue,,1;Helos are waiting to land;HeloID;2
4260,574,helicopter,,Helicopter;5;is unloading people at the FOL;;and has;0;spots taken
4260,1133,helicopter,outES,Helicopter 2 is evacuating people2
4260,1133,helicopter,,Helicopter;2;is waiting to land at the evacuation site;;and has;0;spots taken
4260,5,helicopterQueue,outHelo,Helicopter 2 has stopped
4260,5,helicopterQueue,,;No helos are waiting to land
4260,8,filterES,,
4260,108,filterES,,
4260,293,filterES,,
4260,573,filterES,,
4260,1132,filterES,,Helicopter;2;has stopped
4260,1172,filterES,,
4260,1132,filterES,out,Helicopter 2 has stopped
4260,1132,filterES,,
4260,1133,helicopter,,Helicopter;2;is waiting to land at the evacuation site;;and has;0;spots taken
4260,1133,helicopter,,Helicopter;2;is returning to the FOL;;and has;0;spots taken
4320,9,helicopter,,Helicopter;6;is unloading people at the FOL;;and has;0;spots taken
4350,1173,helicopter,,Helicopter;1;is unloading people at the FOL;;and has;0;spots taken
4410,1133,helicopter,,Helicopter;2;is unloading people at the FOL;;and has;0;spots taken
10470,2,coastGuardShip,,There are no more evacuees.
10470,2,coastGuardShip,,There are no more evacuees.
10470,3,evacueeManager,,OFF SHIP: White;0;Green;0;Yellow;0;Red;0;Black;338;ON SHIP: White;0;Green;0;Yellow;0;Red;0;Evacuees to Transfer;
10470,4,helipadManager,,;No helos are at ES;Stopped evacuating people
10470,5,helicopterQueue,,;No helos are waiting to land
10470,7,filterEvac,,
10470,8,filterES,,
10470,9,helicopter,,Helicopter;6;is unloading people at the FOL;;and has;0;spots taken
10470,11,filterLoc,,
10470,12,evacuee,,Evacuee;501;in triage state;B;is at the evacuation site
10470,14,filterLoc,,
10470,15,evacuee,,Evacuee;500;in triage state;B;is at the evacuation site
10470,17,filterLoc,,
10470,18,evacuee,,Evacuee;494;in triage state;B;is at the evacuation site
10470,20,filterLoc,,
10470,21,evacuee,,Evacuee;492;in triage state;B;is at the evacuation site
10470,23,filterLoc,,
10470,24,evacuee,,Evacuee;489;in triage state;B;is at the evacuation site
10470,26,filterLoc,,
10470,27,evacuee,,Evacuee;486;in triage state;B;is at the evacuation site
10470,29,filterLoc,,
10470,30,evacuee,,Evacuee;484;in triage state;B;is at the evacuation site
10470,32,filterLoc,,
10470,33,evacuee,,Evacuee;483;in triage state;B;is at the evacuation site
10470,35,filterLoc,,
10470,36,evacuee,,Evacuee;482;in triage state;B;is at the evacuation site
10470,38,filterLoc,,
10470,39,evacuee,,Evacuee;499;in triage state;B;is at the evacuation site
10470,41,filterLoc,,
10470,42,evacuee,,Evacuee;479;in triage state;B;is at the evacuation site
10470,44,filterLoc,,
10470,45,evacuee,,Evacuee;478;in triage state;B;is at the evacuation site
10470,47,filterLoc,,
10470,48,evacuee,,Evacuee;476;in triage state;B;is at the evacuation site
10470,50,filterLoc,,
10470,51,evacuee,,Evacuee;475;in triage state;B;is at the evacuation site
10470,53,filterLoc,,
10470,54,evacuee,,Evacuee;472;in triage state;B;is at the evacuation site
10470,56,filterLoc,,
10470,57,evacuee,,Evacuee;471;in triage state;B;is at the evacuation site
10470,59,filterLoc,,
10470,60,evacuee,,Evacuee;468;in triage state;B;is at the evacuation site
10470,62,filterLoc,,
10470,63,evacuee,,Evacuee;463;in triage state;B;is at the evacuation site
10470,65,filterLoc,,
10470,66,evacuee,,Evacuee;462;in triage state;B;is at the evacuation site
10470,68,filterLoc,,
10470,69,evacuee,,Evacuee;461;in triage state;Y;is at the FOL
10470,71,filterLoc,,
10470,72,evacuee,,Evacuee;459;in triage state;B;is at the evacuation site
10470,74,filterLoc,,
10470,75,evacuee,,Evacuee;495;in triage state;B;is at the evacuation site
10470,77,filterLoc,,
10470,78,evacuee,,Evacuee;458;in triage state;Y;is at the FOL
10470,80,filterLoc,,
10470,81,evacuee,,Evacuee;456;in triage state;G;is at the FOL
10470,83,filterLoc,,
10470,84,evacuee,,Evacuee;455;in triage state;G;is at the FOL
10470,86,filterLoc,,
10470,87,evacuee,,Evacuee;448;in triage state;G;is at the FOL
10470,89,filterLoc,,
10470,90,evacuee,,Evacuee;445;in triage state;G;is at the FOL
10470,92,filterLoc,,
10470,93,evacuee,,Evacuee;442;in triage state;G;is at the FOL
10470,95,filterLoc,,
10470,96,evacuee,,Evacuee;441;in triage state;G;is at the FOL
10470,98,filterLoc,,
10470,99,evacuee,,Evacuee;439;in triage state;B;is at the evacuation site
10470,101,filterLoc,,
10470,102,evacuee,,Evacuee;437;in triage state;B;is at the evacuation site
10470,104,filterLoc,,
10470,105,evacuee,,Evacuee;436;in triage state;B;is at the evacuation site
10470,107,filterEvac,,
10470,108,filterES,,
10470,109,helicopter,,Helicopter;3;is unloading people at the FOL;;and has;0;spots taken
10470,111,filterLoc,,
10470,112,evacuee,,Evacuee;434;in triage state;B;is at the evacuation site
10470,114,filterLoc,,
10470,115,evacuee,,Evacuee;433;in triage state;B;is at the evacuation site
10470,117,filterLoc,,
10470,118,evacuee,,Evacuee;428;in triage state;B;is at the evacuation site
10470,120,filterLoc,,
10470,121,evacuee,,Evacuee;426;in triage state;B;is at the evacuation site
10470,123,filterLoc,,
10470,124,evacuee,,Evacuee;423;in triage state;B;is at the evacuation site
10470,126,filterLoc,,
10470,127,evacuee,,Evacuee;420;in triage state;B;is at the evacuation site
10470,129,filterLoc,,
10470,130,evacuee,,Evacuee;419;in triage state;B;is at the evacuation site
10470,132,filterLoc,,
10470,133,evacuee,,Evacuee;414;in triage state;B;is at the evacuation site
10470,135,filterLoc,,
10470,136,evacuee,,Evacuee;411;in triage state;B;is at the evacuation site
10470,138,filterLoc,,
10470,139,evacuee,,Evacuee;422;in triage state;B;is at the evacuation site
10470,141,filterLoc,,
10470,142,evacuee,,Evacuee;409;in triage state;B;is at the evacuation site
10470,144,filterLoc,,
10470,145,evacuee,,Evacuee;408;in triage state;R;is at the FOL
10470,147,filterLoc,,
10470,148,evacuee,,Evacuee;406;in triage state;R;is at the FOL
10470,150,filterLoc,,
10470,151,evacuee,,Evacuee;404;in triage state;G;is at the FOL
10470,153,filterLoc,,
10470,154,evacuee,,Evacuee;403;in triage state;G;is at the FOL
10470,156,filterLoc,,
10470,157,evacuee,,Evacuee;401;in triage state;G;is at the FOL
10470,159,filterLoc,,
10470,160,evacuee,,Evacuee;398;in triage state;B;is at the evacuation site
10470,162,filterLoc,,
10470,163,evacuee,,Evacuee;397;in triage state;B;is at the evacuation site
10470,165,filterLoc,,
10470,166,evacuee,,Evacuee;452;in triage state;B;is at the evacuation site
10470,168,filterLoc,,
10470,169,evacuee,,Evacuee;396;in triage state;B;is at the evacuation site
10470,171,filterLoc,,
10470,172,evacuee,,Evacuee;395;in triage state;B;is at the evacuation site
10470,174,filterLoc,,
10470,175,evacuee,,Evacuee;393;in triage state;B;is at the evacuation site
10470,177,filterLoc,,
10470,178,evacuee,,Evacuee;392;in triage state;B;is at the evacuation site
10470,180,filterLoc,,
10470,181,evacuee,,Evacuee;389;in triage state;B;is at the evacuation site
10470,183,filterLoc,,
10470,184,evacuee,,Evacuee;384;in triage state;B;is at the evacuation site
10470,186,filterLoc,,
10470,187,evacuee,,Evacuee;430;in triage state;B;is at the evacuation site
10470,189,filterLoc,,
10470,190,evacuee,,Evacuee;383;in triage state;B;is at the evacuation site
10470,192,filterLoc,,
10470,193,evacuee,,Evacuee;480;in triage state;B;is at the evacuation site
10470,195,filterLoc,,
10470,196,evacuee,,Evacuee;382;in triage state;B;is at the evacuation site
10470,198,filterLoc,,
10470,199,evacuee,,Evacuee;381;in triage state;B;is at the evacuation site
10470,201,filterLoc,,
10470,202,evacuee,,Evacuee;427;in triage state;B;is at the evacuation site
10470,204,filterLoc,,
10470,205,evacuee,,Evacuee;380;in triage state;B;is at the evacuation site
10470,207,filterLoc,,
10470,208,evacuee,,Evacuee;379;in triage state;R;is at the FOL
10470,210,filterLoc,,
10470,211,evacuee,,Evacuee;378;in triage state;G;is at the FOL
10470,213,filterLoc,,
10470,214,evacuee,,Evacuee;377;in triage state;G;is at the FOL
10470,216,filterLoc,,
10470,217,evacuee,,Evacuee;375;in triage state;G;is at the FOL
10470,219,filterLoc,,
10470,220,evacuee,,Evacuee;374;in triage state;G;is at the FOL
10470,222,filterLoc,,
10470,223,evacuee,,Evacuee;372;in triage state;G;is at the FOL
10470,225,filterLoc,,
10470,226,evacuee,,Evacuee;371;in triage state;G;is at the FOL
10470,227,FOL,,;EvacueeID;5;Triage Status;G;EvacueeID;6;Triage Status;G;EvacueeID;7;Triage Status;G;EvacueeID;9;Triage Status;G;EvacueeID;16;Triage Status;G;EvacueeID;19;Triage Status;G;EvacueeID;20;Triage Status;G;EvacueeID;25;Triage Status;G;EvacueeID;28;Triage Status;G;EvacueeID;32;Triage Status;G;EvacueeID;34;Triage Status;G;EvacueeID;35;Triage Status;G;EvacueeID;40;Triage Status;G;EvacueeID;41;Triage Status;G;EvacueeID;44;Triage Status;G;EvacueeID;49;Triage Status;G;EvacueeID;50;Triage Status;G;EvacueeID;51;Triage Status;G;EvacueeID;52;Triage Status;G;EvacueeID;58;Triage Status;G;EvacueeID;61;Triage Status;G;EvacueeID;63;Triage Status;G;EvacueeID;64;Triage Status;G;EvacueeID;70;Triage Status;G;EvacueeID;73;Triage Status;G;EvacueeID;74;Triage Status;G;EvacueeID;76;Triage Status;G;EvacueeID;81;Triage Status;G;EvacueeID;83;Triage Status;G;EvacueeID;86;Triage Status;G;EvacueeID;87;Triage Status;G;EvacueeID;89;Triage Status;G;EvacueeID;90;Triage Status;G;EvacueeID;92;Triage Status;G;EvacueeID;94;Triage Status;G;EvacueeID;97;Triage Status;G;EvacueeID;102;Triage Status;G;EvacueeID;103;Triage Status;G;EvacueeID;104;Triage Status;G;EvacueeID;105;Triage Status;G;EvacueeID;107;Triage Status;G;EvacueeID;111;Triage Status;G;EvacueeID;116;Triage Status;G;EvacueeID;117;Triage Status;G;EvacueeID;118;Triage Status;G;EvacueeID;119;Triage Status;G;EvacueeID;120;Triage Status;G;EvacueeID;124;Triage Status;G;EvacueeID;126;Triage Status;G;EvacueeID;127;Triage Status;G;EvacueeID;128;Triage Status;G;EvacueeID;129;Triage Status;G;EvacueeID;131;Triage Status;G;EvacueeID;134;Triage Status;G;EvacueeID;137;Triage Status;G;EvacueeID;138;Triage Status;G;EvacueeID;150;Triage Status;G;EvacueeID;154;Triage Status;G;EvacueeID;155;Triage Status;G;EvacueeID;157;Triage Status;G;EvacueeID;160;Triage Status;G;EvacueeID;162;Triage Status;G;EvacueeID;163;Triage Status;G;EvacueeID;166;Triage Status;G;EvacueeID;173;Triage Status;G;EvacueeID;180;Triage Status;G;EvacueeID;181;Triage Status;G;EvacueeID;182;Triage Status;G;EvacueeID;183;Triage Status;G;EvacueeID;184;Triage Status;G;EvacueeID;185;Triage Status;G;EvacueeID;186;Triage Status;G;EvacueeID;192;Triage Status;G;EvacueeID;199;Triage Status;G;EvacueeID;203;Triage Status;G;EvacueeID;204;Triage Status;G;EvacueeID;205;Triage Status;G;EvacueeID;206;Triage Status;G;EvacueeID;217;Triage Status;G;EvacueeID;227;Triage Status;G;EvacueeID;232;Triage Status;G;EvacueeID;233;Triage Status;G;EvacueeID;234;Triage Status;G;EvacueeID;235;Triage Status;G;EvacueeID;236;Triage Status;G;EvacueeID;237;Triage Status;G;EvacueeID;245;Triage Status;G;EvacueeID;250;Triage Status;G;EvacueeID;251;Triage Status;G;EvacueeID;266;Triage Status;G;EvacueeID;267;Triage Status;G;EvacueeID;269;Triage Status;G;EvacueeID;273;Triage Status;G;EvacueeID;274;Triage Status;G;EvacueeID;275;Triage Status;G;EvacueeID;277;Triage Status;G;EvacueeID;278;Triage Status;G;EvacueeID;279;Triage Status;G;EvacueeID;285;Triage Status;G;EvacueeID;293;Triage Status;G;EvacueeID;295;Triage Status;G;EvacueeID;297;Triage Status;G;EvacueeID;303;Triage Status;G;EvacueeID;304;Triage Status;G;EvacueeID;305;Triage Status;G;EvacueeID;306;Triage Status;G;EvacueeID;308;Triage Status;G;EvacueeID;309;Triage Status;G;EvacueeID;310;Triage Status;G;EvacueeID;315;Triage Status;G;EvacueeID;320;Triage Status;G;EvacueeID;323;Triage Status;G;EvacueeID;327;Triage Status;G;EvacueeID;328;Triage Status;G;EvacueeID;330;Triage Status;G;EvacueeID;331;Triage Status;G;EvacueeID;334;Triage Status;G;EvacueeID;335;Triage Status;G;EvacueeID;337;Triage Status;G;EvacueeID;352;Triage Status;G;EvacueeID;363;Triage Status;G;EvacueeID;371;Triage Status;G;EvacueeID;372;Triage Status;G;EvacueeID;374;Triage Status;G;EvacueeID;375;Triage Status;G;EvacueeID;377;Triage Status;G;EvacueeID;378;Triage Status;G;EvacueeID;401;Triage Status;G;EvacueeID;403;Triage Status;G;EvacueeID;404;Triage Status;G;EvacueeID;416;Triage Status;G;EvacueeID;417;Triage Status;G;EvacueeID;424;Triage Status;G;EvacueeID;429;Triage Status;G;EvacueeID;432;Triage Status;G;EvacueeID;441;Triage Status;G;EvacueeID;442;Triage Status;G;EvacueeID;445;Triage Status;G;EvacueeID;448;Triage Status;G;EvacueeID;451;Triage Status;G;EvacueeID;338;Triage Status;R;EvacueeID;408;Triage Status;R;EvacueeID;453;Triage Status;G;EvacueeID;455;Triage Status;G;EvacueeID;456;Triage Status;G;EvacueeID;91;Triage Status;Y;EvacueeID;148;Triage Status;R;EvacueeID;271;Triage Status;R;EvacueeID;22;Triage Status;R;EvacueeID;406;Triage Status;R;EvacueeID;465;Triage Status;Y;EvacueeID;11;Triage Status;Y;EvacueeID;164;Triage Status;Y;EvacueeID;461;Triage Status;Y;EvacueeID;379;Triage Status;R;EvacueeID;385;Triage Status;Y;EvacueeID;440;Triage Status;Y;EvacueeID;161;Triage Status;Y;EvacueeID;386;Triage Status;Y;EvacueeID;390;Triage Status;Y;EvacueeID;431;Triage Status;Y;EvacueeID;458;Triage Status;Y;Lives Saved;162
10470,229,filterLoc,,
10470,230,evacuee,,Evacuee;370;in triage state;B;is at the evacuation site
10470,232,filterLoc,,
10470,233,evacuee,,Evacuee;457;in triage state;B;is at the evacuation site
10470,235,filterLoc,,
10470,236,evacuee,,Evacuee;369;in triage state;B;is at the evacuation site
10470,238,filterLoc,,
10470,239,evacuee,,Evacuee;366;in triage state;B;is at the evacuation site
10470,241,filterLoc,,
10470,242,evacuee,,Evacuee;362;in triage state;B;is at the evacuation site
10470,244,filterLoc,,
10470,245,evacuee,,Evacuee;425;in triage state;B;is at the evacuation site
10470,247,filterLoc,,
10470,248,evacuee,,Evacuee;360;in triage state;B;is at the evacuation site
10470,250,filterLoc,,
10470,251,evacuee,,Evacuee;357;in triage state;B;is at the evacuation site
10470,253,filterLoc,,
10470,254,evacuee,,Evacuee;354;in triage state;B;is at the evacuation site
10470,256,filterLoc,,
10470,257,evacuee,,Evacuee;353;in triage state;B;is at the evacuation site
10470,259,filterLoc,,
10470,260,evacuee,,Evacuee;351;in triage state;B;is at the evacuation site
10470,262,filterLoc,,
10470,263,evacuee,,Evacuee;349;in triage state;B;is at the evacuation site
10470,265,filterLoc,,
10470,266,evacuee,,Evacuee;348;in triage state;B;is at the evacuation site
10470,268,filterLoc,,
10470,269,evacuee,,Evacuee;346;in triage state;B;is at the evacuation site
10470,271,filterLoc,,
10470,272,evacuee,,Evacuee;341;in triage state;B;is at the evacuation site
10470,274,filterLoc,,
10470,275,evacuee,,Evacuee;340;in triage state;B;is at the evacuation site
10470,277,filterLoc,,
10470,278,evacuee,,Evacuee;338;in triage state;R;is at the FOL
10470,280,filterLoc,,
10470,281,evacuee,,Evacuee;335;in triage state;G;is at the FOL
10470,283,filterLoc,,
10470,284,evacuee,,Evacuee;331;in triage state;G;is at the FOL
10470,286,filterLoc,,
10470,287,evacuee,,Evacuee;503;in triage state;B;is at the evacuation site
10470,289,filterLoc,,
10470,290,evacuee,,Evacuee;330;in triage state;G;is at the FOL
10470,292,filterEvac,,
10470,293,filterES,,
10470,294,helicopter,,Helicopter;4;is unloading people at the FOL;;and has;0;spots taken
10470,296,filterLoc,,
10470,297,evacuee,,Evacuee;328;in triage state;G;is at the FOL
10470,299,filterLoc,,
10470,300,evacuee,,Evacuee;327;in triage state;G;is at the FOL
10470,302,filterLoc,,
10470,303,evacuee,,Evacuee;410;in triage state;B;is at the evacuation site
10470,305,filterLoc,,
10470,306,evacuee,,Evacuee;326;in triage state;B;is at the evacuation site
10470,308,filterLoc,,
10470,309,evacuee,,Evacuee;466;in triage state;B;is at the evacuation site
10470,311,filterLoc,,
10470,312,evacuee,,Evacuee;325;in triage state;B;is at the evacuation site
10470,314,filterLoc,,
10470,315,evacuee,,Evacuee;365;in triage state;B;is at the evacuation site
10470,317,filterLoc,,
10470,318,evacuee,,Evacuee;322;in triage state;B;is at the evacuation site
10470,320,filterLoc,,
10470,321,evacuee,,Evacuee;321;in triage state;B;is at the evacuation site
10470,323,filterLoc,,
10470,324,evacuee,,Evacuee;319;in triage state;B;is at the evacuation site
10470,326,filterLoc,,
10470,327,evacuee,,Evacuee;318;in triage state;B;is at the evacuation site
10470,329,filterLoc,,
10470,330,evacuee,,Evacuee;317;in triage state;B;is at the evacuation site
10470,332,filterLoc,,
10470,333,evacuee,,Evacuee;460;in triage state;B;is at the evacuation site
10470,335,filterLoc,,
10470,336,evacuee,,Evacuee;316;in triage state;B;is at the evacuation site
10470,338,filterLoc,,
10470,339,evacuee,,Evacuee;446;in triage state;B;is at the evacuation site
10470,341,filterLoc,,
10470,342,evacuee,,Evacuee;313;in triage state;B;is at the evacuation site
10470,344,filterLoc,,
10470,345,evacuee,,Evacuee;443;in triage state;B;is at the evacuation site
10470,347,filterLoc,,
10470,348,evacuee,,Evacuee;312;in triage state;B;is at the evacuation site
10470,350,filterLoc,,
10470,351,evacuee,,Evacuee;309;in triage state;G;is at the FOL
10470,353,filterLoc,,
10470,354,evacuee,,Evacuee;306;in triage state;G;is at the FOL
10470,356,filterLoc,,
10470,357,evacuee,,Evacuee;305;in triage state;G;is at the FOL
10470,359,filterLoc,,
10470,360,evacuee,,Evacuee;303;in triage state;G;is at the FOL
10470,362,filterLoc,,
10470,363,evacuee,,Evacuee;295;in triage state;G;is at the FOL
10470,365,filterLoc,,
10470,366,evacuee,,Evacuee;352;in triage state;G;is at the FOL
10470,368,filterLoc,,
10470,369,evacuee,,Evacuee;293;in triage state;G;is at the FOL
10470,371,filterLoc,,
10470,372,evacuee,,Evacuee;488;in triage state;B;is at the evacuation site
10470,374,filterLoc,,
10470,375,evacuee,,Evacuee;413;in triage state;B;is at the evacuation site
10470,377,filterLoc,,
10470,378,evacuee,,Evacuee;292;in triage state;B;is at the evacuation site
10470,380,filterLoc,,
10470,381,evacuee,,Evacuee;291;in triage state;B;is at the evacuation site
10470,383,filterLoc,,
10470,384,evacuee,,Evacuee;290;in triage state;B;is at the evacuation site
10470,386,filterLoc,,
10470,387,evacuee,,Evacuee;350;in triage state;B;is at the evacuation site
10470,389,filterLoc,,
10470,390,evacuee,,Evacuee;288;in triage state;B;is at the evacuation site
10470,392,filterLoc,,
10470,393,evacuee,,Evacuee;287;in triage state;B;is at the evacuation site
10470,395,filterLoc,,
10470,396,evacuee,,Evacuee;415;in triage state;B;is at the evacuation site
10470,398,filterLoc,,
10470,399,evacuee,,Evacuee;376;in triage state;B;is at the evacuation site
10470,401,filterLoc,,
10470,402,evacuee,,Evacuee;284;in triage state;B;is at the evacuation site
10470,404,filterLoc,,
10470,405,evacuee,,Evacuee;283;in triage state;B;is at the evacuation site
10470,407,filterLoc,,
10470,408,evacuee,,Evacuee;282;in triage state;B;is at the evacuation site
10470,410,filterLoc,,
10470,411,evacuee,,Evacuee;281;in triage state;B;is at the evacuation site
10470,413,filterLoc,,
10470,414,evacuee,,Evacuee;280;in triage state;B;is at the evacuation site
10470,416,filterLoc,,
10470,417,evacuee,,Evacuee;333;in triage state;B;is at the evacuation site
10470,419,filterLoc,,
10470,420,evacuee,,Evacuee;279;in triage state;G;is at the FOL
10470,422,filterLoc,,
10470,423,evacuee,,Evacuee;278;in triage state;G;is at the FOL
10470,425,filterLoc,,
10470,426,evacuee,,Evacuee;277;in triage state;G;is at the FOL
10470,428,filterLoc,,
10470,429,evacuee,,Evacuee;315;in triage state;G;is at the FOL
10470,431,filterLoc,,
10470,432,evacuee,,Evacuee;274;in triage state;G;is at the FOL
10470,434,filterLoc,,
10470,435,evacuee,,Evacuee;273;in triage state;G;is at the FOL
10470,437,filterLoc,,
10470,438,evacuee,,Evacuee;337;in triage state;G;is at the FOL
10470,440,filterLoc,,
10470,441,evacuee,,Evacuee;301;in triage state;B;is at the evacuation site
10470,443,filterLoc,,
10470,444,evacuee,,Evacuee;272;in triage state;B;is at the evacuation site
10470,446,filterLoc,,
10470,447,evacuee,,Evacuee;270;in triage state;B;is at the evacuation site
10470,449,filterLoc,,
10470,450,evacuee,,Evacuee;264;in triage state;B;is at the evacuation site
10470,452,filterLoc,,
10470,453,evacuee,,Evacuee;262;in triage state;B;is at the evacuation site
10470,455,filterLoc,,
10470,456,evacuee,,Evacuee;260;in triage state;B;is at the evacuation site
10470,458,filterLoc,,
10470,459,evacuee,,Evacuee;259;in triage state;B;is at the evacuation site
10470,461,filterLoc,,
10470,462,evacuee,,Evacuee;125;in triage state;B;is at the evacuation site
10470,464,filterLoc,,
10470,465,evacuee,,Evacuee;114;in triage state;B;is at the evacuation site
10470,467,filterLoc,,
10470,468,evacuee,,Evacuee;289;in triage state;B;is at the evacuation site
10470,470,filterLoc,,
10470,471,evacuee,,Evacuee;88;in triage state;B;is at the evacuation site
10470,473,filterLoc,,
10470,474,evacuee,,Evacuee;449;in triage state;B;is at the evacuation site
10470,476,filterLoc,,
10470,477,evacuee,,Evacuee;122;in triage state;B;is at the evacuation site
10470,479,filterLoc,,
10470,480,evacuee,,Evacuee;108;in triage state;B;is at the evacuation site
10470,482,filterLoc,,
10470,483,evacuee,,Evacuee;276;in triage state;B;is at the evacuation site
10470,485,filterLoc,,
10470,486,evacuee,,Evacuee;121;in triage state;B;is at the evacuation site
10470,488,filterLoc,,
10470,489,evacuee,,Evacuee;386;in triage state;Y;is at the FOL
10470,491,filterLoc,,
10470,492,evacuee,,Evacuee;117;in triage state;G;is at the FOL
10470,494,filterLoc,,
10470,495,evacuee,,Evacuee;192;in triage state;G;is at the FOL
10470,497,filterLoc,,
10470,498,evacuee,,Evacuee;432;in triage state;G;is at the FOL
10470,500,filterLoc,,
10470,501,evacuee,,Evacuee;245;in triage state;G;is at the FOL
10470,503,filterLoc,,
10470,504,evacuee,,Evacuee;310;in triage state;G;is at the FOL
10470,506,filterLoc,,
10470,507,evacuee,,Evacuee;118;in triage state;G;is at the FOL
10470,509,filterLoc,,
10470,510,evacuee,,Evacuee;502;in triage state;B;is at the evacuation site
10470,512,filterLoc,,
10470,513,evacuee,,Evacuee;491;in triage state;B;is at the evacuation site
10470,515,filterLoc,,
10470,516,evacuee,,Evacuee;470;in triage state;B;is at the evacuation site
10470,518,filterLoc,,
10470,519,evacuee,,Evacuee;469;in triage state;B;is at the evacuation site
10470,521,filterLoc,,
10470,522,evacuee,,Evacuee;215;in triage state;B;is at the evacuation site
10470,524,filterLoc,,
10470,525,evacuee,,Evacuee;345;in triage state;B;is at the evacuation site
10470,527,filterLoc,,
10470,528,evacuee,,Evacuee;302;in triage state;B;is at the evacuation site
10470,530,filterLoc,,
10470,531,evacuee,,Evacuee;112;in triage state;B;is at the evacuation site
10470,533,filterLoc,,
10470,534,evacuee,,Evacuee;299;in triage state;B;is at the evacuation site
10470,536,filterLoc,,
10470,537,evacuee,,Evacuee;109;in triage state;B;is at the evacuation site
10470,539,filterLoc,,
10470,540,evacuee,,Evacuee;373;in triage state;B;is at the evacuation site
10470,542,filterLoc,,
10470,543,evacuee,,Evacuee;358;in triage state;B;is at the evacuation site
10470,545,filterLoc,,
10470,546,evacuee,,Evacuee;188;in triage state;B;is at the evacuation site
10470,548,filterLoc,,
10470,549,evacuee,,Evacuee;106;in triage state;B;is at the evacuation site
10470,551,filterLoc,,
10470,552,evacuee,,Evacuee;311;in triage state;B;is at the evacuation site
10470,554,filterLoc,,
10470,555,evacuee,,Evacuee;148;in triage state;R;is at the FOL
10470,557,filterLoc,,
10470,558,evacuee,,Evacuee;235;in triage state;G;is at the FOL
10470,560,filterLoc,,
10470,561,evacuee,,Evacuee;105;in triage state;G;is at the FOL
10470,563,filterLoc,,
10470,564,evacuee,,Evacuee;424;in triage state;G;is at the FOL
10470,566,filterLoc,,
10470,567,evacuee,,Evacuee;269;in triage state;G;is at the FOL
10470,569,filterLoc,,
10470,570,evacuee,,Evacuee;103;in triage state;G;is at the FOL
10470,572,filterEvac,,
10470,573,filterES,,
10470,574,helicopter,,Helicopter;5;is unloading people at the FOL;;and has;0;spots taken
10470,576,filterLoc,,
10470,577,evacuee,,Evacuee;124;in triage state;G;is at the FOL
10470,579,filterLoc,,
10470,580,evacuee,,Evacuee;111;in triage state;G;is at the FOL
10470,582,filterLoc,,
10470,583,evacuee,,Evacuee;39;in triage state;B;is at the evacuation site
10470,585,filterLoc,,
10470,586,evacuee,,Evacuee;228;in triage state;B;is at the evacuation site
10470,588,filterLoc,,
10470,589,evacuee,,Evacuee;497;in triage state;B;is at the evacuation site
10470,591,filterLoc,,
10470,592,evacuee,,Evacuee;101;in triage state;B;is at the evacuation site
10470,594,filterLoc,,
10470,595,evacuee,,Evacuee;142;in triage state;B;is at the evacuation site
10470,597,filterLoc,,
10470,598,evacuee,,Evacuee;99;in triage state;B;is at the evacuation site
10470,600,filterLoc,,
10470,601,evacuee,,Evacuee;485;in triage state;B;is at the evacuation site
10470,603,filterLoc,,
10470,604,evacuee,,Evacuee;324;in triage state;B;is at the evacuation site
10470,606,filterLoc,,
10470,607,evacuee,,Evacuee;95;in triage state;B;is at the evacuation site
10470,609,filterLoc,,
10470,610,evacuee,,Evacuee;447;in triage state;B;is at the evacuation site
10470,612,filterLoc,,
10470,613,evacuee,,Evacuee;361;in triage state;B;is at the evacuation site
10470,615,filterLoc,,
10470,616,evacuee,,Evacuee;342;in triage state;B;is at the evacuation site
10470,618,filterLoc,,
10470,619,evacuee,,Evacuee;93;in triage state;B;is at the evacuation site
10470,621,filterLoc,,
10470,622,evacuee,,Evacuee;136;in triage state;B;is at the evacuation site
10470,624,filterLoc,,
10470,625,evacuee,,Evacuee;412;in triage state;B;is at the evacuation site
10470,627,filterLoc,,
10470,628,evacuee,,Evacuee;90;in triage state;G;is at the FOL
10470,630,filterLoc,,
10470,631,evacuee,,Evacuee;83;in triage state;G;is at the FOL
10470,633,filterLoc,,
10470,634,evacuee,,Evacuee;127;in triage state;G;is at the FOL
10470,636,filterLoc,,
10470,637,evacuee,,Evacuee;49;in triage state;G;is at the FOL
10470,639,filterLoc,,
10470,640,evacuee,,Evacuee;87;in triage state;G;is at the FOL
10470,642,filterLoc,,
10470,643,evacuee,,Evacuee;297;in triage state;G;is at the FOL
10470,645,filterLoc,,
10470,646,evacuee,,Evacuee;86;in triage state;G;is at the FOL
10470,648,filterLoc,,
10470,649,evacuee,,Evacuee;51;in triage state;G;is at the FOL
10470,651,filterLoc,,
10470,652,evacuee,,Evacuee;444;in triage state;B;is at the evacuation site
10470,654,filterLoc,,
10470,655,evacuee,,Evacuee;80;in triage state;B;is at the evacuation site
10470,657,filterLoc,,
10470,658,evacuee,,Evacuee;79;in triage state;B;is at the evacuation site
10470,660,filterLoc,,
10470,661,evacuee,,Evacuee;115;in triage state;B;is at the evacuation site
10470,663,filterLoc,,
10470,664,evacuee,,Evacuee;98;in triage state;B;is at the evacuation site
10470,666,filterLoc,,
10470,667,evacuee,,Evacuee;356;in triage state;B;is at the evacuation site
10470,669,filterLoc,,
10470,670,evacuee,,Evacuee;78;in triage state;B;is at the evacuation site
10470,672,filterLoc,,
10470,673,evacuee,,Evacuee;213;in triage state;B;is at the evacuation site
10470,675,filterLoc,,
10470,676,evacuee,,Evacuee;344;in triage state;B;is at the evacuation site
10470,678,filterLoc,,
10470,679,evacuee,,Evacuee;77;in triage state;B;is at the evacuation site
10470,681,filterLoc,,
10470,682,evacuee,,Evacuee;156;in triage state;B;is at the evacuation site
10470,684,filterLoc,,
10470,685,evacuee,,Evacuee;300;in triage state;B;is at the evacuation site
10470,687,filterLoc,,
10470,688,evacuee,,Evacuee;165;in triage state;B;is at the evacuation site
10470,690,filterLoc,,
10470,691,evacuee,,Evacuee;454;in triage state;B;is at the evacuation site
10470,693,filterLoc,,
10470,694,evacuee,,Evacuee;440;in triage state;Y;is at the FOL
10470,696,filterLoc,,
10470,697,evacuee,,Evacuee;76;in triage state;G;is at the FOL
10470,699,filterLoc,,
10470,700,evacuee,,Evacuee;431;in triage state;Y;is at the FOL
10470,702,filterLoc,,
10470,703,evacuee,,Evacuee;74;in triage state;G;is at the FOL
10470,705,filterLoc,,
10470,706,evacuee,,Evacuee;363;in triage state;G;is at the FOL
10470,708,filterLoc,,
10470,709,evacuee,,Evacuee;251;in triage state;G;is at the FOL
10470,711,filterLoc,,
10470,712,evacuee,,Evacuee;128;in triage state;G;is at the FOL
10470,714,filterLoc,,
10470,715,evacuee,,Evacuee;134;in triage state;G;is at the FOL
10470,717,filterLoc,,
10470,718,evacuee,,Evacuee;199;in triage state;G;is at the FOL
10470,720,filterLoc,,
10470,721,evacuee,,Evacuee;66;in triage state;B;is at the evacuation site
10470,723,filterLoc,,
10470,724,evacuee,,Evacuee;62;in triage state;B;is at the evacuation site
10470,726,filterLoc,,
10470,727,evacuee,,Evacuee;223;in triage state;B;is at the evacuation site
10470,729,filterLoc,,
10470,730,evacuee,,Evacuee;135;in triage state;B;is at the evacuation site
10470,732,filterLoc,,
10470,733,evacuee,,Evacuee;15;in triage state;B;is at the evacuation site
10470,735,filterLoc,,
10470,736,evacuee,,Evacuee;474;in triage state;B;is at the evacuation site
10470,738,filterLoc,,
10470,739,evacuee,,Evacuee;17;in triage state;B;is at the evacuation site
10470,741,filterLoc,,
10470,742,evacuee,,Evacuee;481;in triage state;B;is at the evacuation site
10470,744,filterLoc,,
10470,745,evacuee,,Evacuee;179;in triage state;B;is at the evacuation site
10470,747,filterLoc,,
10470,748,evacuee,,Evacuee;147;in triage state;B;is at the evacuation site
10470,750,filterLoc,,
10470,751,evacuee,,Evacuee;65;in triage state;B;is at the evacuation site
10470,753,filterLoc,,
10470,754,evacuee,,Evacuee;14;in triage state;B;is at the evacuation site
10470,756,filterLoc,,
10470,757,evacuee,,Evacuee;218;in triage state;B;is at the evacuation site
10470,759,filterLoc,,
10470,760,evacuee,,Evacuee;2;in triage state;B;is at the evacuation site
10470,762,filterLoc,,
10470,763,evacuee,,Evacuee;33;in triage state;B;is at the evacuation site
10470,765,filterLoc,,
10470,766,evacuee,,Evacuee;271;in triage state;R;is at the FOL
10470,768,filterLoc,,
10470,769,evacuee,,Evacuee;9;in triage state;G;is at the FOL
10470,771,filterLoc,,
10470,772,evacuee,,Evacuee;25;in triage state;G;is at the FOL
10470,774,filterLoc,,
10470,775,evacuee,,Evacuee;334;in triage state;G;is at the FOL
10470,777,filterLoc,,
10470,778,evacuee,,Evacuee;70;in triage state;G;is at the FOL
10470,780,filterLoc,,
10470,781,evacuee,,Evacuee;5;in triage state;G;is at the FOL
10470,783,filterLoc,,
10470,784,evacuee,,Evacuee;250;in triage state;G;is at the FOL
10470,786,filterLoc,,
10470,787,evacuee,,Evacuee;107;in triage state;G;is at the FOL
10470,789,filterLoc,,
10470,790,evacuee,,Evacuee;229;in triage state;B;is at the evacuation site
10470,792,filterLoc,,
10470,793,evacuee,,Evacuee;110;in triage state;B;is at the evacuation site
10470,795,filterLoc,,
10470,796,evacuee,,Evacuee;141;in triage state;B;is at the evacuation site
10470,798,filterLoc,,
10470,799,evacuee,,Evacuee;133;in triage state;B;is at the evacuation site
10470,801,filterLoc,,
10470,802,evacuee,,Evacuee;493;in triage state;B;is at the evacuation site
10470,804,filterLoc,,
10470,805,evacuee,,Evacuee;473;in triage state;B;is at the evacuation site
10470,807,filterLoc,,
10470,808,evacuee,,Evacuee;400;in triage state;B;is at the evacuation site
10470,810,filterLoc,,
10470,811,evacuee,,Evacuee;268;in triage state;B;is at the evacuation site
10470,813,filterLoc,,
10470,814,evacuee,,Evacuee;100;in triage state;B;is at the evacuation site
10470,816,filterLoc,,
10470,817,evacuee,,Evacuee;29;in triage state;B;is at the evacuation site
10470,819,filterLoc,,
10470,820,evacuee,,Evacuee;158;in triage state;B;is at the evacuation site
10470,822,filterLoc,,
10470,823,evacuee,,Evacuee;187;in triage state;B;is at the evacuation site
10470,825,filterLoc,,
10470,826,evacuee,,Evacuee;85;in triage state;B;is at the evacuation site
10470,828,filterLoc,,
10470,829,evacuee,,Evacuee;487;in triage state;B;is at the evacuation site
10470,831,filterLoc,,
10470,832,evacuee,,Evacuee;71;in triage state;B;is at the evacuation site
10470,834,filterLoc,,
10470,835,evacuee,,Evacuee;332;in triage state;B;is at the evacuation site
10470,837,filterLoc,,
10470,838,evacuee,,Evacuee;81;in triage state;G;is at the FOL
10470,840,filterLoc,,
10470,841,evacuee,,Evacuee;104;in triage state;G;is at the FOL
10470,843,filterLoc,,
10470,844,evacuee,,Evacuee;40;in triage state;G;is at the FOL
10470,846,filterLoc,,
10470,847,evacuee,,Evacuee;97;in triage state;G;is at the FOL
10470,849,filterLoc,,
10470,850,evacuee,,Evacuee;453;in triage state;G;is at the FOL
10470,852,filterLoc,,
10470,853,evacuee,,Evacuee;285;in triage state;G;is at the FOL
10470,855,filterLoc,,
10470,856,evacuee,,Evacuee;89;in triage state;G;is at the FOL
10470,858,filterLoc,,
10470,859,evacuee,,Evacuee;394;in triage state;B;is at the evacuation site
10470,861,filterLoc,,
10470,862,evacuee,,Evacuee;240;in triage state;B;is at the evacuation site
10470,864,filterLoc,,
10470,865,evacuee,,Evacuee;8;in triage state;B;is at the evacuation site
10470,867,filterLoc,,
10470,868,evacuee,,Evacuee;3;in triage state;B;is at the evacuation site
10470,870,filterLoc,,
10470,871,evacuee,,Evacuee;172;in triage state;B;is at the evacuation site
10470,873,filterLoc,,
10470,874,evacuee,,Evacuee;256;in triage state;B;is at the evacuation site
10470,876,filterLoc,,
10470,877,evacuee,,Evacuee;347;in triage state;B;is at the evacuation site
10470,879,filterLoc,,
10470,880,evacuee,,Evacuee;82;in triage state;B;is at the evacuation site
10470,882,filterLoc,,
10470,883,evacuee,,Evacuee;54;in triage state;B;is at the evacuation site
10470,885,filterLoc,,
10470,886,evacuee,,Evacuee;368;in triage state;B;is at the evacuation site
10470,888,filterLoc,,
10470,889,evacuee,,Evacuee;4;in triage state;B;is at the evacuation site
10470,891,filterLoc,,
10470,892,evacuee,,Evacuee;18;in triage state;B;is at the evacuation site
10470,894,filterLoc,,
10470,895,evacuee,,Evacuee;387;in triage state;B;is at the evacuation site
10470,897,filterLoc,,
10470,898,evacuee,,Evacuee;246;in triage state;B;is at the evacuation site
10470,900,filterLoc,,
10470,901,evacuee,,Evacuee;22;in triage state;R;is at the FOL
10470,903,filterLoc,,
10470,904,evacuee,,Evacuee;92;in triage state;G;is at the FOL
10470,906,filterLoc,,
10470,907,evacuee,,Evacuee;44;in triage state;G;is at the FOL
10470,909,filterLoc,,
10470,910,evacuee,,Evacuee;150;in triage state;G;is at the FOL
10470,912,filterLoc,,
10470,913,evacuee,,Evacuee;119;in triage state;G;is at the FOL
10470,915,filterLoc,,
10470,916,evacuee,,Evacuee;6;in triage state;G;is at the FOL
10470,918,filterLoc,,
10470,919,evacuee,,Evacuee;173;in triage state;G;is at the FOL
10470,921,filterLoc,,
10470,922,evacuee,,Evacuee;157;in triage state;G;is at the FOL
10470,924,filterLoc,,
10470,925,evacuee,,Evacuee;451;in triage state;G;is at the FOL
10470,927,filterLoc,,
10470,928,evacuee,,Evacuee;359;in triage state;B;is at the evacuation site
10470,930,filterLoc,,
10470,931,evacuee,,Evacuee;286;in triage state;B;is at the evacuation site
10470,933,filterLoc,,
10470,934,evacuee,,Evacuee;196;in triage state;B;is at the evacuation site
10470,936,filterLoc,,
10470,937,evacuee,,Evacuee;407;in triage state;B;is at the evacuation site
10470,939,filterLoc,,
10470,940,evacuee,,Evacuee;132;in triage state;B;is at the evacuation site
10470,942,filterLoc,,
10470,943,evacuee,,Evacuee;31;in triage state;B;is at the evacuation site
10470,945,filterLoc,,
10470,946,evacuee,,Evacuee;38;in triage state;B;is at the evacuation site
10470,948,filterLoc,,
10470,949,evacuee,,Evacuee;10;in triage state;B;is at the evacuation site
10470,951,filterLoc,,
10470,952,evacuee,,Evacuee;26;in triage state;B;is at the evacuation site
10470,954,filterLoc,,
10470,955,evacuee,,Evacuee;343;in triage state;B;is at the evacuation site
10470,957,filterLoc,,
10470,958,evacuee,,Evacuee;241;in triage state;B;is at the evacuation site
10470,960,filterLoc,,
10470,961,evacuee,,Evacuee;418;in triage state;B;is at the evacuation site
10470,963,filterLoc,,
10470,964,evacuee,,Evacuee;75;in triage state;B;is at the evacuation site
10470,966,filterLoc,,
10470,967,evacuee,,Evacuee;37;in triage state;B;is at the evacuation site
10470,969,filterLoc,,
10470,970,evacuee,,Evacuee;496;in triage state;B;is at the evacuation site
10470,972,filterLoc,,
10470,973,evacuee,,Evacuee;209;in triage state;B;is at the evacuation site
10470,975,filterLoc,,
10470,976,evacuee,,Evacuee;402;in triage state;B;is at the evacuation site
10470,978,filterLoc,,
10470,979,evacuee,,Evacuee;320;in triage state;G;is at the FOL
10470,981,filterLoc,,
10470,982,evacuee,,Evacuee;116;in triage state;G;is at the FOL
10470,984,filterLoc,,
10470,985,evacuee,,Evacuee;61;in triage state;G;is at the FOL
10470,987,filterLoc,,
10470,988,evacuee,,Evacuee;52;in triage state;G;is at the FOL
10470,990,filterLoc,,
10470,991,evacuee,,Evacuee;41;in triage state;G;is at the FOL
10470,993,filterLoc,,
10470,994,evacuee,,Evacuee;304;in triage state;G;is at the FOL
10470,996,filterLoc,,
10470,997,evacuee,,Evacuee;154;in triage state;G;is at the FOL
10470,999,filterLoc,,
10470,1000,evacuee,,Evacuee;421;in triage state;B;is at the evacuation site
10470,1002,filterLoc,,
10470,1003,evacuee,,Evacuee;405;in triage state;B;is at the evacuation site
10470,1005,filterLoc,,
10470,1006,evacuee,,Evacuee;21;in triage state;B;is at the evacuation site
10470,1008,filterLoc,,
10470,1009,evacuee,,Evacuee;68;in triage state;B;is at the evacuation site
10470,1011,filterLoc,,
10470,1012,evacuee,,Evacuee;72;in triage state;B;is at the evacuation site
10470,1014,filterLoc,,
10470,1015,evacuee,,Evacuee;46;in triage state;B;is at the evacuation site
10470,1017,filterLoc,,
10470,1018,evacuee,,Evacuee;53;in triage state;B;is at the evacuation site
10470,1020,filterLoc,,
10470,1021,evacuee,,Evacuee;220;in triage state;B;is at the evacuation site
10470,1023,filterLoc,,
10470,1024,evacuee,,Evacuee;355;in triage state;B;is at the evacuation site
10470,1026,filterLoc,,
10470,1027,evacuee,,Evacuee;23;in triage state;B;is at the evacuation site
10470,1029,filterLoc,,
10470,1030,evacuee,,Evacuee;200;in triage state;B;is at the evacuation site
10470,1032,filterLoc,,
10470,1033,evacuee,,Evacuee;255;in triage state;B;is at the evacuation site
10470,1035,filterLoc,,
10470,1036,evacuee,,Evacuee;13;in triage state;B;is at the evacuation site
10470,1038,filterLoc,,
10470,1039,evacuee,,Evacuee;24;in triage state;B;is at the evacuation site
10470,1041,filterLoc,,
10470,1042,evacuee,,Evacuee;32;in triage state;G;is at the FOL
10470,1044,filterLoc,,
10470,1045,evacuee,,Evacuee;34;in triage state;G;is at the FOL
10470,1047,filterLoc,,
10470,1048,evacuee,,Evacuee;64;in triage state;G;is at the FOL
10470,1050,filterLoc,,
10470,1051,evacuee,,Evacuee;429;in triage state;G;is at the FOL
10470,1053,filterLoc,,
10470,1054,evacuee,,Evacuee;102;in triage state;G;is at the FOL
10470,1056,filterLoc,,
10470,1057,evacuee,,Evacuee;160;in triage state;G;is at the FOL
10470,1059,filterLoc,,
10470,1060,evacuee,,Evacuee;20;in triage state;G;is at the FOL
10470,1062,filterLoc,,
10470,1063,evacuee,,Evacuee;35;in triage state;G;is at the FOL
10470,1065,filterLoc,,
10470,1066,evacuee,,Evacuee;155;in triage state;G;is at the FOL
10470,1068,filterLoc,,
10470,1069,evacuee,,Evacuee;36;in triage state;B;is at the evacuation site
10470,1071,filterLoc,,
10470,1072,evacuee,,Evacuee;198;in triage state;B;is at the evacuation site
10470,1074,filterLoc,,
10470,1075,evacuee,,Evacuee;84;in triage state;B;is at the evacuation site
10470,1077,filterLoc,,
10470,1078,evacuee,,Evacuee;42;in triage state;B;is at the evacuation site
10470,1080,filterLoc,,
10470,1081,evacuee,,Evacuee;91;in triage state;Y;is at the FOL
10470,1083,filterLoc,,
10470,1084,evacuee,,Evacuee;43;in triage state;B;is at the evacuation site
10470,1086,filterLoc,,
10470,1087,evacuee,,Evacuee;30;in triage state;B;is at the evacuation site
10470,1089,filterLoc,,
10470,1090,evacuee,,Evacuee;336;in triage state;B;is at the evacuation site
10470,1092,filterLoc,,
10470,1093,evacuee,,Evacuee;307;in triage state;B;is at the evacuation site
10470,1095,filterLoc,,
10470,1096,evacuee,,Evacuee;212;in triage state;B;is at the evacuation site
10470,1098,filterLoc,,
10470,1099,evacuee,,Evacuee;391;in triage state;B;is at the evacuation site
10470,1101,filterLoc,,
10470,1102,evacuee,,Evacuee;388;in triage state;B;is at the evacuation site
10470,1104,filterLoc,,
10470,1105,evacuee,,Evacuee;55;in triage state;B;is at the evacuation site
10470,1107,filterLoc,,
10470,1108,evacuee,,Evacuee;48;in triage state;B;is at the evacuation site
10470,1110,filterLoc,,
10470,1111,evacuee,,Evacuee;144;in triage state;B;is at the evacuation site
10470,1113,filterLoc,,
10470,1114,evacuee,,Evacuee;50;in triage state;G;is at the FOL
10470,1116,filterLoc,,
10470,1117,evacuee,,Evacuee;19;in triage state;G;is at the FOL
10470,1119,filterLoc,,
10470,1120,evacuee,,Evacuee;182;in triage state;G;is at the FOL
10470,1122,filterLoc,,
10470,1123,evacuee,,Evacuee;490;in triage state;B;is at the evacuation site
10470,1125,filterLoc,,
10470,1126,evacuee,,Evacuee;266;in triage state;G;is at the FOL
10470,1128,filterLoc,,
10470,1129,evacuee,,Evacuee;120;in triage state;G;is at the FOL
10470,1131,filterEvac,,
10470,1132,filterES,,
10470,1133,helicopter,,Helicopter;2;is unloading people at the FOL;;and has;0;spots taken
10470,1135,filterLoc,,
10470,1136,evacuee,,Evacuee;94;in triage state;G;is at the FOL
10470,1138,filterLoc,,
10470,1139,evacuee,,Evacuee;63;in triage state;G;is at the FOL
10470,1141,filterLoc,,
10470,1142,evacuee,,Evacuee;175;in triage state;B;is at the evacuation site
10470,1144,filterLoc,,
10470,1145,evacuee,,Evacuee;47;in triage state;B;is at the evacuation site
10470,1147,filterLoc,,
10470,1148,evacuee,,Evacuee;56;in triage state;B;is at the evacuation site
10470,1150,filterLoc,,
10470,1151,evacuee,,Evacuee;367;in triage state;B;is at the evacuation site
10470,1153,filterLoc,,
10470,1154,evacuee,,Evacuee;364;in triage state;B;is at the evacuation site
10470,1156,filterLoc,,
10470,1157,evacuee,,Evacuee;208;in triage state;B;is at the evacuation site
10470,1159,filterLoc,,
10470,1160,evacuee,,Evacuee;57;in triage state;B;is at the evacuation site
10470,1162,filterLoc,,
10470,1163,evacuee,,Evacuee;231;in triage state;B;is at the evacuation site
10470,1165,filterLoc,,
10470,1166,evacuee,,Evacuee;261;in triage state;B;is at the evacuation site
10470,1168,filterLoc,,
10470,1169,evacuee,,Evacuee;45;in triage state;B;is at the evacuation site
10470,1171,filterEvac,,
10470,1172,filterES,,
10470,1173,helicopter,,Helicopter;1;is unloading people at the FOL;;and has;0;spots taken
10470,1175,filterLoc,,
10470,1176,evacuee,,Evacuee;263;in triage state;B;is at the evacuation site
10470,1178,filterLoc,,
10470,1179,evacuee,,Evacuee;190;in triage state;B;is at the evacuation site
10470,1181,filterLoc,,
10470,1182,evacuee,,Evacuee;465;in triage state;Y;is at the FOL
10470,1184,filterLoc,,
10470,1185,evacuee,,Evacuee;60;in triage state;B;is at the evacuation site
10470,1187,filterLoc,,
10470,1188,evacuee,,Evacuee;385;in triage state;Y;is at the FOL
10470,1190,filterLoc,,
10470,1191,evacuee,,Evacuee;181;in triage state;G;is at the FOL
10470,1193,filterLoc,,
10470,1194,evacuee,,Evacuee;416;in triage state;G;is at the FOL
10470,1196,filterLoc,,
10470,1197,evacuee,,Evacuee;129;in triage state;G;is at the FOL
10470,1199,filterLoc,,
10470,1200,evacuee,,Evacuee;308;in triage state;G;is at the FOL
10470,1202,filterLoc,,
10470,1203,evacuee,,Evacuee;131;in triage state;G;is at the FOL
10470,1205,filterLoc,,
10470,1206,evacuee,,Evacuee;137;in triage state;G;is at the FOL
10470,1208,filterLoc,,
10470,1209,evacuee,,Evacuee;138;in triage state;G;is at the FOL
10470,1211,filterLoc,,
10470,1212,evacuee,,Evacuee;265;in triage state;B;is at the evacuation site
10470,1214,filterLoc,,
10470,1215,evacuee,,Evacuee;139;in triage state;B;is at the evacuation site
10470,1217,filterLoc,,
10470,1218,evacuee,,Evacuee;194;in triage state;B;is at the evacuation site
10470,1220,filterLoc,,
10470,1221,evacuee,,Evacuee;140;in triage state;B;is at the evacuation site
10470,1223,filterLoc,,
10470,1224,evacuee,,Evacuee;130;in triage state;B;is at the evacuation site
10470,1226,filterLoc,,
10470,1227,evacuee,,Evacuee;143;in triage state;B;is at the evacuation site
10470,1229,filterLoc,,
10470,1230,evacuee,,Evacuee;149;in triage state;B;is at the evacuation site
10470,1232,filterLoc,,
10470,1233,evacuee,,Evacuee;296;in triage state;B;is at the evacuation site
10470,1235,filterLoc,,
10470,1236,evacuee,,Evacuee;151;in triage state;B;is at the evacuation site
10470,1238,filterLoc,,
10470,1239,evacuee,,Evacuee;222;in triage state;B;is at the evacuation site
10470,1241,filterLoc,,
10470,1242,evacuee,,Evacuee;152;in triage state;B;is at the evacuation site
10470,1244,filterLoc,,
10470,1245,evacuee,,Evacuee;153;in triage state;B;is at the evacuation site
10470,1247,filterLoc,,
10470,1248,evacuee,,Evacuee;67;in triage state;B;is at the evacuation site
10470,1250,filterLoc,,
10470,1251,evacuee,,Evacuee;123;in triage state;B;is at the evacuation site
10470,1253,filterLoc,,
10470,1254,evacuee,,Evacuee;159;in triage state;B;is at the evacuation site
10470,1256,filterLoc,,
10470,1257,evacuee,,Evacuee;161;in triage state;Y;is at the FOL
10470,1259,filterLoc,,
10470,1260,evacuee,,Evacuee;28;in triage state;G;is at the FOL
10470,1262,filterLoc,,
10470,1263,evacuee,,Evacuee;126;in triage state;G;is at the FOL
10470,1265,filterLoc,,
10470,1266,evacuee,,Evacuee;234;in triage state;G;is at the FOL
10470,1268,filterLoc,,
10470,1269,evacuee,,Evacuee;162;in triage state;G;is at the FOL
10470,1271,filterLoc,,
10470,1272,evacuee,,Evacuee;163;in triage state;G;is at the FOL
10470,1274,filterLoc,,
10470,1275,evacuee,,Evacuee;166;in triage state;G;is at the FOL
10470,1277,filterLoc,,
10470,1278,evacuee,,Evacuee;16;in triage state;G;is at the FOL
10470,1280,filterLoc,,
10470,1281,evacuee,,Evacuee;242;in triage state;B;is at the evacuation site
10470,1283,filterLoc,,
10470,1284,evacuee,,Evacuee;178;in triage state;B;is at the evacuation site
10470,1286,filterLoc,,
10470,1287,evacuee,,Evacuee;438;in triage state;B;is at the evacuation site
10470,1289,filterLoc,,
10470,1290,evacuee,,Evacuee;146;in triage state;B;is at the evacuation site
10470,1292,filterLoc,,
10470,1293,evacuee,,Evacuee;167;in triage state;B;is at the evacuation site
10470,1295,filterLoc,,
10470,1296,evacuee,,Evacuee;145;in triage state;B;is at the evacuation site
10470,1298,filterLoc,,
10470,1299,evacuee,,Evacuee;168;in triage state;B;is at the evacuation site
10470,1301,filterLoc,,
10470,1302,evacuee,,Evacuee;176;in triage state;B;is at the evacuation site
10470,1304,filterLoc,,
10470,1305,evacuee,,Evacuee;230;in triage state;B;is at the evacuation site
10470,1307,filterLoc,,
10470,1308,evacuee,,Evacuee;169;in triage state;B;is at the evacuation site
10470,1310,filterLoc,,
10470,1311,evacuee,,Evacuee;170;in triage state;B;is at the evacuation site
10470,1313,filterLoc,,
10470,1314,evacuee,,Evacuee;171;in triage state;B;is at the evacuation site
10470,1316,filterLoc,,
10470,1317,evacuee,,Evacuee;174;in triage state;B;is at the evacuation site
10470,1319,filterLoc,,
10470,1320,evacuee,,Evacuee;177;in triage state;B;is at the evacuation site
10470,1322,filterLoc,,
10470,1323,evacuee,,Evacuee;435;in triage state;B;is at the evacuation site
10470,1325,filterLoc,,
10470,1326,evacuee,,Evacuee;58;in triage state;G;is at the FOL
10470,1328,filterLoc,,
10470,1329,evacuee,,Evacuee;203;in triage state;G;is at the FOL
10470,1331,filterLoc,,
10470,1332,evacuee,,Evacuee;232;in triage state;G;is at the FOL
10470,1334,filterLoc,,
10470,1335,evacuee,,Evacuee;183;in triage state;G;is at the FOL
10470,1337,filterLoc,,
10470,1338,evacuee,,Evacuee;184;in triage state;G;is at the FOL
10470,1340,filterLoc,,
10470,1341,evacuee,,Evacuee;185;in triage state;G;is at the FOL
10470,1343,filterLoc,,
10470,1344,evacuee,,Evacuee;186;in triage state;G;is at the FOL
10470,1346,filterLoc,,
10470,1347,evacuee,,Evacuee;417;in triage state;G;is at the FOL
10470,1349,filterLoc,,
10470,1350,evacuee,,Evacuee;217;in triage state;G;is at the FOL
10470,1352,filterLoc,,
10470,1353,evacuee,,Evacuee;189;in triage state;B;is at the evacuation site
10470,1355,filterLoc,,
10470,1356,evacuee,,Evacuee;253;in triage state;B;is at the evacuation site
10470,1358,filterLoc,,
10470,1359,evacuee,,Evacuee;191;in triage state;B;is at the evacuation site
10470,1361,filterLoc,,
10470,1362,evacuee,,Evacuee;314;in triage state;B;is at the evacuation site
10470,1364,filterLoc,,
10470,1365,evacuee,,Evacuee;249;in triage state;B;is at the evacuation site
10470,1367,filterLoc,,
10470,1368,evacuee,,Evacuee;193;in triage state;B;is at the evacuation site
10470,1370,filterLoc,,
10470,1371,evacuee,,Evacuee;195;in triage state;B;is at the evacuation site
10470,1373,filterLoc,,
10470,1374,evacuee,,Evacuee;399;in triage state;B;is at the evacuation site
10470,1376,filterLoc,,
10470,1377,evacuee,,Evacuee;197;in triage state;B;is at the evacuation site
10470,1379,filterLoc,,
10470,1380,evacuee,,Evacuee;450;in triage state;B;is at the evacuation site
10470,1382,filterLoc,,
10470,1383,evacuee,,Evacuee;252;in triage state;B;is at the evacuation site
10470,1385,filterLoc,,
10470,1386,evacuee,,Evacuee;329;in triage state;B;is at the evacuation site
10470,1388,filterLoc,,
10470,1389,evacuee,,Evacuee;201;in triage state;B;is at the evacuation site
10470,1391,filterLoc,,
10470,1392,evacuee,,Evacuee;11;in triage state;Y;is at the FOL
10470,1394,filterLoc,,
10470,1395,evacuee,,Evacuee;202;in triage state;B;is at the evacuation site
10470,1397,filterLoc,,
10470,1398,evacuee,,Evacuee;390;in triage state;Y;is at the FOL
10470,1400,filterLoc,,
10470,1401,evacuee,,Evacuee;204;in triage state;G;is at the FOL
10470,1403,filterLoc,,
10470,1404,evacuee,,Evacuee;275;in triage state;G;is at the FOL
10470,1406,filterLoc,,
10470,1407,evacuee,,Evacuee;205;in triage state;G;is at the FOL
10470,1409,filterLoc,,
10470,1410,evacuee,,Evacuee;323;in triage state;G;is at the FOL
10470,1412,filterLoc,,
10470,1413,evacuee,,Evacuee;180;in triage state;G;is at the FOL
10470,1415,filterLoc,,
10470,1416,evacuee,,Evacuee;206;in triage state;G;is at the FOL
10470,1418,filterLoc,,
10470,1419,evacuee,,Evacuee;69;in triage state;B;is at the evacuation site
10470,1421,filterLoc,,
10470,1422,evacuee,,Evacuee;207;in triage state;B;is at the evacuation site
10470,1424,filterLoc,,
10470,1425,evacuee,,Evacuee;27;in triage state;B;is at the evacuation site
10470,1427,filterLoc,,
10470,1428,evacuee,,Evacuee;211;in triage state;B;is at the evacuation site
10470,1430,filterLoc,,
10470,1431,evacuee,,Evacuee;294;in triage state;B;is at the evacuation site
10470,1433,filterLoc,,
10470,1434,evacuee,,Evacuee;214;in triage state;B;is at the evacuation site
10470,1436,filterLoc,,
10470,1437,evacuee,,Evacuee;12;in triage state;B;is at the evacuation site
10470,1439,filterLoc,,
10470,1440,evacuee,,Evacuee;216;in triage state;B;is at the evacuation site
10470,1442,filterLoc,,
10470,1443,evacuee,,Evacuee;219;in triage state;B;is at the evacuation site
10470,1445,filterLoc,,
10470,1446,evacuee,,Evacuee;221;in triage state;B;is at the evacuation site
10470,1448,filterLoc,,
10470,1449,evacuee,,Evacuee;224;in triage state;B;is at the evacuation site
10470,1451,filterLoc,,
10470,1452,evacuee,,Evacuee;339;in triage state;B;is at the evacuation site
10470,1454,filterLoc,,
10470,1455,evacuee,,Evacuee;225;in triage state;B;is at the evacuation site
10470,1457,filterLoc,,
10470,1458,evacuee,,Evacuee;164;in triage state;Y;is at the FOL
10470,1460,filterLoc,,
10470,1461,evacuee,,Evacuee;226;in triage state;B;is at the evacuation site
10470,1463,filterLoc,,
10470,1464,evacuee,,Evacuee;464;in triage state;B;is at the evacuation site
10470,1466,filterLoc,,
10470,1467,evacuee,,Evacuee;227;in triage state;G;is at the FOL
10470,1469,filterLoc,,
10470,1470,evacuee,,Evacuee;267;in triage state;G;is at the FOL
10470,1472,filterLoc,,
10470,1473,evacuee,,Evacuee;73;in triage state;G;is at the FOL
10470,1475,filterLoc,,
10470,1476,evacuee,,Evacuee;233;in triage state;G;is at the FOL
10470,1478,filterLoc,,
10470,1479,evacuee,,Evacuee;236;in triage state;G;is at the FOL
10470,1481,filterLoc,,
10470,1482,evacuee,,Evacuee;7;in triage state;G;is at the FOL
10470,1484,filterLoc,,
10470,1485,evacuee,,Evacuee;237;in triage state;G;is at the FOL
10470,1487,filterLoc,,
10470,1488,evacuee,,Evacuee;238;in triage state;B;is at the evacuation site
10470,1490,filterLoc,,
10470,1491,evacuee,,Evacuee;113;in triage state;B;is at the evacuation site
10470,1493,filterLoc,,
10470,1494,evacuee,,Evacuee;239;in triage state;B;is at the evacuation site
10470,1496,filterLoc,,
10470,1497,evacuee,,Evacuee;243;in triage state;B;is at the evacuation site
10470,1499,filterLoc,,
10470,1500,evacuee,,Evacuee;96;in triage state;B;is at the evacuation site
10470,1502,filterLoc,,
10470,1503,evacuee,,Evacuee;244;in triage state;B;is at the evacuation site
10470,1505,filterLoc,,
10470,1506,evacuee,,Evacuee;247;in triage state;B;is at the evacuation site
10470,1508,filterLoc,,
10470,1509,evacuee,,Evacuee;59;in triage state;B;is at the evacuation site
10470,1511,filterLoc,,
10470,1512,evacuee,,Evacuee;248;in triage state;B;is at the evacuation site
10470,1514,filterLoc,,
10470,1515,evacuee,,Evacuee;467;in triage state;B;is at the evacuation site
10470,1517,filterLoc,,
10470,1518,evacuee,,Evacuee;298;in triage state;B;is at the evacuation site
10470,1520,filterLoc,,
10470,1521,evacuee,,Evacuee;254;in triage state;B;is at the evacuation site
10470,1523,filterLoc,,
10470,1524,evacuee,,Evacuee;257;in triage state;B;is at the evacuation site
10470,1526,filterLoc,,
10470,1527,evacuee,,Evacuee;210;in triage state;B;is at the evacuation site
10470,1529,filterLoc,,
10470,1530,evacuee,,Evacuee;258;in triage state;B;is at the evacuation site
