time,model_id,model_name,port_name,data
0,2,coastGuardShip,,The ship will arrive in 156 hours.
0,3,evacueeManager,,OFF SHIP: White;0;Green;475;Yellow;20;Red;5;Black;0;ON SHIP: White;0;Green;0;Yellow;0;Red;0;Evacuees to Transfer;
0,4,helipadManager,,;No helos are at ES
0,5,helicopterQueue,,;No helos are waiting to land
0,7,filterLoc,,
0,8,evacuee,,Evacuee;501;in triage state;R;is at the evacuation site
0,10,filterLoc,,
0,11,evacuee,,Evacuee;500;in triage state;R;is at the evacuation site
0,13,filterLoc,,
0,14,evacuee,,Evacuee;494;in triage state;Y;is at the evacuation site
0,16,filterLoc,,
0,17,evacuee,,Evacuee;492;in triage state;Y;is at the evacuation site
0,19,filterLoc,,
0,20,evacuee,,Evacuee;489;in triage state;Y;is at the evacuation site
0,22,filterLoc,,
0,23,evacuee,,Evacuee;486;in triage state;Y;is at the evacuation site
0,25,filterLoc,,
0,26,evacuee,,Evacuee;484;in triage state;Y;is at the evacuation site
0,28,filterLoc,,
0,29,evacuee,,Evacuee;483;in triage state;Y;is at the evacuation site
0,31,filterLoc,,
0,32,evacuee,,Evacuee;482;in triage state;Y;is at the evacuation site
0,34,filterLoc,,
0,35,evacuee,,Evacuee;499;in triage state;R;is at the evacuation site
0,37,filterLoc,,
0,38,evacuee,,Evacuee;479;in triage state;Y;is at the evacuation site
0,40,filterLoc,,
0,41,evacuee,,Evacuee;478;in triage state;Y;is at the evacuation site
0,43,filterLoc,,
0,44,evacuee,,Evacuee;476;in triage state;G;is at the evacuation site
0,46,filterLoc,,
0,47,evacuee,,Evacuee;475;in triage state;G;is at the evacuation site
0,49,filterLoc,,
0,50,evacuee,,Evacuee;472;in triage state;G;is at the evacuation site
0,52,filterLoc,,
0,53,evacuee,,Evacuee;471;in triage state;G;is at the evacuation site
0,55,filterLoc,,
0,56,evacuee,,Evacuee;468;in triage state;G;is at the evacuation site
0,58,filterLoc,,
0,59,evacuee,,Evacuee;463;in triage state;G;is at the evacuation site
0,61,filterLoc,,
0,62,evacuee,,Evacuee;462;in triage state;G;is at the evacuation site
0,64,filterLoc,,
0,65,evacuee,,Evacuee;461;in triage state;G;is at the evacuation site
0,67,filterLoc,,
0,68,evacuee,,Evacuee;459;in triage state;G;is at the evacuation site
0,70,filterLoc,,
0,71,evacuee,,Evacuee;495;in triage state;Y;is at the evacuation site
0,73,filterLoc,,
0,74,evacuee,,Evacuee;458;in triage state;G;is at the evacuation site
0,76,filterLoc,,
0,77,evacuee,,Evacuee;456;in triage state;G;is at the evacuation site
0,79,filterLoc,,
0,80,evacuee,,Evacuee;455;in triage state;G;is at the evacuation site
0,82,filterLoc,,
0,83,evacuee,,Evacuee;448;in triage state;G;is at the evacuation site
0,85,filterLoc,,
0,86,evacuee,,Evacuee;445;in triage state;G;is at the evacuation site
0,88,filterLoc,,
0,89,evacuee,,Evacuee;442;in triage state;G;is at the evacuation site
0,91,filterLoc,,
0,92,evacuee,,Evacuee;441;in triage state;G;is at the evacuation site
0,94,filterLoc,,
0,95,evacuee,,Evacuee;439;in triage state;G;is at the evacuation site
0,97,filterLoc,,
0,98,evacuee,,Evacuee;437;in triage state;G;is at the evacuation site
0,100,filterLoc,,
0,101,evacuee,,Evacuee;436;in triage state;G;is at the evacuation site
0,103,filterLoc,,
0,104,evacuee,,Evacuee;434;in triage state;G;is at the evacuation site
0,106,filterLoc,,
0,107,evacuee,,Evacuee;433;in triage state;G;is at the evacuation site
0,109,filterLoc,,
0,110,evacuee,,Evacuee;428;in triage state;G;is at the evacuation site
0,112,filterLoc,,
0,113,evacuee,,Evacuee;426;in triage state;G;is at the evacuation site
0,115,filterLoc,,
0,116,evacuee,,Evacuee;423;in triage state;G;is at the evacuation site
0,118,filterLoc,,
0,119,evacuee,,Evacuee;420;in triage state;G;is at the evacuation site
0,121,filterLoc,,
0,122,evacuee,,Evacuee;419;in triage state;G;is at the evacuation site
0,124,filterLoc,,
0,125,evacuee,,Evacuee;414;in triage state;G;is at the evacuation site
0,127,filterLoc,,
0,128,evacuee,,Evacuee;411;in triage state;G;is at the evacuation site
0,130,filterLoc,,
0,131,evacuee,,Evacuee;422;in triage state;G;is at the evacuation site
0,133,filterLoc,,
0,134,evacuee,,Evacuee;409;in triage state;G;is at the evacuation site
0,136,filterLoc,,
0,137,evacuee,,Evacuee;408;in triage state;G;is at the evacuation site
0,139,filterLoc,,
0,140,evacuee,,Evacuee;406;in triage state;G;is at the evacuation site
0,142,filterLoc,,
0,143,evacuee,,Evacuee;404;in triage state;G;is at the evacuation site
0,145,filterLoc,,
0,146,evacuee,,Evacuee;403;in triage state;G;is at the evacuation site
0,148,filterLoc,,
0,149,evacuee,,Evacuee;401;in triage state;G;is at the evacuation site
0,151,filterLoc,,
0,152,evacuee,,Evacuee;398;in triage state;G;is at the evacuation site
0,154,filterLoc,,
0,155,evacuee,,Evacuee;397;in triage state;G;is at the evacuation site
0,157,filterLoc,,
0,158,evacuee,,Evacuee;452;in triage state;G;is at the evacuation site
0,160,filterLoc,,
0,161,evacuee,,Evacuee;396;in triage state;G;is at the evacuation site
0,163,filterLoc,,
0,164,evacuee,,Evacuee;395;in triage state;G;is at the evacuation site
0,166,filterLoc,,
0,167,evacuee,,Evacuee;393;in triage state;G;is at the evacuation site
0,169,filterLoc,,
0,170,evacuee,,Evacuee;392;in triage state;G;is at the evacuation site
0,172,filterLoc,,
0,173,evacuee,,Evacuee;389;in triage state;G;is at the evacuation site
0,175,filterLoc,,
0,176,evacuee,,Evacuee;384;in triage state;G;is at the evacuation site
0,178,filterLoc,,
0,179,evacuee,,Evacuee;430;in triage state;G;is at the evacuation site
0,181,filterLoc,,
0,182,evacuee,,Evacuee;383;in triage state;G;is at the evacuation site
0,184,filterLoc,,
0,185,evacuee,,Evacuee;480;in triage state;Y;is at the evacuation site
0,187,filterLoc,,
0,188,evacuee,,Evacuee;382;in triage state;G;is at the evacuation site
0,190,filterLoc,,
0,191,evacuee,,Evacuee;381;in triage state;G;is at the evacuation site
0,193,filterLoc,,
0,194,evacuee,,Evacuee;427;in triage state;G;is at the evacuation site
0,196,filterLoc,,
0,197,evacuee,,Evacuee;380;in triage state;G;is at the evacuation site
0,199,filterLoc,,
0,200,evacuee,,Evacuee;379;in triage state;G;is at the evacuation site
0,202,filterLoc,,
0,203,evacuee,,Evacuee;378;in triage state;G;is at the evacuation site
0,205,filterLoc,,
0,206,evacuee,,Evacuee;377;in triage state;G;is at the evacuation site
0,208,filterLoc,,
0,209,evacuee,,Evacuee;375;in triage state;G;is at the evacuation site
0,211,filterLoc,,
0,212,evacuee,,Evacuee;374;in triage state;G;is at the evacuation site
0,214,filterLoc,,
0,215,evacuee,,Evacuee;372;in triage state;G;is at the evacuation site
0,217,filterLoc,,
0,218,evacuee,,Evacuee;371;in triage state;G;is at the evacuation site
0,219,FOL,,;Lives Saved;0
0,221,filterLoc,,
0,222,evacuee,,Evacuee;370;in triage state;G;is at the evacuation site
0,224,filterLoc,,
0,225,evacuee,,Evacuee;457;in triage state;G;is at the evacuation site
0,227,filterLoc,,
0,228,evacuee,,Evacuee;369;in triage state;G;is at the evacuation site
0,230,filterLoc,,
0,231,evacuee,,Evacuee;366;in triage state;G;is at the evacuation site
0,233,filterLoc,,
0,234,evacuee,,Evacuee;362;in triage state;G;is at the evacuation site
0,236,filterLoc,,
0,237,evacuee,,Evacuee;425;in triage state;G;is at the evacuation site
0,239,filterLoc,,
0,240,evacuee,,Evacuee;360;in triage state;G;is at the evacuation site
0,242,filterLoc,,
0,243,evacuee,,Evacuee;357;in triage state;G;is at the evacuation site
0,245,filterLoc,,
0,246,evacuee,,Evacuee;354;in triage state;G;is at the evacuation site
0,248,filterLoc,,
0,249,evacuee,,Evacuee;353;in triage state;G;is at the evacuation site
0,251,filterLoc,,
0,252,evacuee,,Evacuee;351;in triage state;G;is at the evacuation site
0,254,filterLoc,,
0,255,evacuee,,Evacuee;349;in triage state;G;is at the evacuation site
0,257,filterLoc,,
0,258,evacuee,,Evacuee;348;in triage state;G;is at the evacuation site
0,260,filterLoc,,
0,261,evacuee,,Evacuee;346;in triage state;G;is at the evacuation site
0,263,filterLoc,,
0,264,evacuee,,Evacuee;341;in triage state;G;is at the evacuation site
0,266,filterLoc,,
0,267,evacuee,,Evacuee;340;in triage state;G;is at the evacuation site
0,269,filterLoc,,
0,270,evacuee,,Evacuee;338;in triage state;G;is at the evacuation site
0,272,filterLoc,,
0,273,evacuee,,Evacuee;335;in triage state;G;is at the evacuation site
0,275,filterLoc,,
0,276,evacuee,,Evacuee;331;in triage state;G;is at the evacuation site
0,278,filterLoc,,
0,279,evacuee,,Evacuee;503;in triage state;R;is at the evacuation site
0,281,filterLoc,,
0,282,evacuee,,Evacuee;330;in triage state;G;is at the evacuation site
0,284,filterLoc,,
0,285,evacuee,,Evacuee;328;in triage state;G;is at the evacuation site
0,287,filterLoc,,
0,288,evacuee,,Evacuee;327;in triage state;G;is at the evacuation site
0,290,filterLoc,,
0,291,evacuee,,Evacuee;410;in triage state;G;is at the evacuation site
0,293,filterLoc,,
0,294,evacuee,,Evacuee;326;in triage state;G;is at the evacuation site
0,296,filterLoc,,
0,297,evacuee,,Evacuee;466;in triage state;G;is at the evacuation site
0,299,filterLoc,,
0,300,evacuee,,Evacuee;325;in triage state;G;is at the evacuation site
0,302,filterLoc,,
0,303,evacuee,,Evacuee;365;in triage state;G;is at the evacuation site
0,305,filterLoc,,
0,306,evacuee,,Evacuee;322;in triage state;G;is at the evacuation site
0,308,filterLoc,,
0,309,evacuee,,Evacuee;321;in triage state;G;is at the evacuation site
0,311,filterLoc,,
0,312,evacuee,,Evacuee;319;in triage state;G;is at the evacuation site
0,314,filterLoc,,
0,315,evacuee,,Evacuee;318;in triage state;G;is at the evacuation site
0,317,filterLoc,,
0,318,evacuee,,Evacuee;317;in triage state;G;is at the evacuation site
0,320,filterLoc,,
0,321,evacuee,,Evacuee;460;in triage state;G;is at the evacuation site
0,323,filterLoc,,
0,324,evacuee,,Evacuee;316;in triage state;G;is at the evacuation site
0,326,filterLoc,,
0,327,evacuee,,Evacuee;446;in triage state;G;is at the evacuation site
0,329,filterLoc,,
0,330,evacuee,,Evacuee;313;in triage state;G;is at the evacuation site
0,332,filterLoc,,
0,333,evacuee,,Evacuee;443;in triage state;G;is at the evacuation site
0,335,filterLoc,,
0,336,evacuee,,Evacuee;312;in triage state;G;is at the evacuation site
0,338,filterLoc,,
0,339,evacuee,,Evacuee;309;in triage state;G;is at the evacuation site
0,341,filterLoc,,
0,342,evacuee,,Evacuee;306;in triage state;G;is at the evacuation site
0,344,filterLoc,,
0,345,evacuee,,Evacuee;305;in triage state;G;is at the evacuation site
0,347,filterLoc,,
0,348,evacuee,,Evacuee;303;in triage state;G;is at the evacuation site
0,350,filterLoc,,
0,351,evacuee,,Evacuee;295;in triage state;G;is at the evacuation site
0,353,filterLoc,,
0,354,evacuee,,Evacuee;352;in triage state;G;is at the evacuation site
0,356,filterLoc,,
0,357,evacuee,,Evacuee;293;in triage state;G;is at the evacuation site
0,359,filterLoc,,
0,360,evacuee,,Evacuee;488;in triage state;Y;is at the evacuation site
0,362,filterLoc,,
0,363,evacuee,,Evacuee;413;in triage state;G;is at the evacuation site
0,365,filterLoc,,
0,366,evacuee,,Evacuee;292;in triage state;G;is at the evacuation site
0,368,filterLoc,,
0,369,evacuee,,Evacuee;291;in triage state;G;is at the evacuation site
0,371,filterLoc,,
0,372,evacuee,,Evacuee;290;in triage state;G;is at the evacuation site
0,374,filterLoc,,
0,375,evacuee,,Evacuee;350;in triage state;G;is at the evacuation site
0,377,filterLoc,,
0,378,evacuee,,Evacuee;288;in triage state;G;is at the evacuation site
0,380,filterLoc,,
0,381,evacuee,,Evacuee;287;in triage state;G;is at the evacuation site
0,383,filterLoc,,
0,384,evacuee,,Evacuee;415;in triage state;G;is at the evacuation site
0,386,filterLoc,,
0,387,evacuee,,Evacuee;376;in triage state;G;is at the evacuation site
0,389,filterLoc,,
0,390,evacuee,,Evacuee;284;in triage state;G;is at the evacuation site
0,392,filterLoc,,
0,393,evacuee,,Evacuee;283;in triage state;G;is at the evacuation site
0,395,filterLoc,,
0,396,evacuee,,Evacuee;282;in triage state;G;is at the evacuation site
0,398,filterLoc,,
0,399,evacuee,,Evacuee;281;in triage state;G;is at the evacuation site
0,401,filterLoc,,
0,402,evacuee,,Evacuee;280;in triage state;G;is at the evacuation site
0,404,filterLoc,,
0,405,evacuee,,Evacuee;333;in triage state;G;is at the evacuation site
0,407,filterLoc,,
0,408,evacuee,,Evacuee;279;in triage state;G;is at the evacuation site
0,410,filterLoc,,
0,411,evacuee,,Evacuee;278;in triage state;G;is at the evacuation site
0,413,filterLoc,,
0,414,evacuee,,Evacuee;277;in triage state;G;is at the evacuation site
0,416,filterLoc,,
0,417,evacuee,,Evacuee;315;in triage state;G;is at the evacuation site
0,419,filterLoc,,
0,420,evacuee,,Evacuee;274;in triage state;G;is at the evacuation site
0,422,filterLoc,,
0,423,evacuee,,Evacuee;273;in triage state;G;is at the evacuation site
0,425,filterLoc,,
0,426,evacuee,,Evacuee;337;in triage state;G;is at the evacuation site
0,428,filterLoc,,
0,429,evacuee,,Evacuee;301;in triage state;G;is at the evacuation site
0,431,filterLoc,,
0,432,evacuee,,Evacuee;272;in triage state;G;is at the evacuation site
0,434,filterLoc,,
0,435,evacuee,,Evacuee;270;in triage state;G;is at the evacuation site
0,437,filterLoc,,
0,438,evacuee,,Evacuee;264;in triage state;G;is at the evacuation site
0,440,filterLoc,,
0,441,evacuee,,Evacuee;262;in triage state;G;is at the evacuation site
0,443,filterLoc,,
0,444,evacuee,,Evacuee;260;in triage state;G;is at the evacuation site
0,446,filterLoc,,
0,447,evacuee,,Evacuee;259;in triage state;G;is at the evacuation site
0,449,filterLoc,,
0,450,evacuee,,Evacuee;125;in triage state;G;is at the evacuation site
0,452,filterLoc,,
0,453,evacuee,,Evacuee;114;in triage state;G;is at the evacuation site
0,455,filterLoc,,
0,456,evacuee,,Evacuee;289;in triage state;G;is at the evacuation site
0,458,filterLoc,,
0,459,evacuee,,Evacuee;88;in triage state;G;is at the evacuation site
0,461,filterLoc,,
0,462,evacuee,,Evacuee;449;in triage state;G;is at the evacuation site
0,464,filterLoc,,
0,465,evacuee,,Evacuee;122;in triage state;G;is at the evacuation site
0,467,filterLoc,,
0,468,evacuee,,Evacuee;108;in triage state;G;is at the evacuation site
0,470,filterLoc,,
0,471,evacuee,,Evacuee;276;in triage state;G;is at the evacuation site
0,473,filterLoc,,
0,474,evacuee,,Evacuee;121;in triage state;G;is at the evacuation site
0,476,filterLoc,,
0,477,evacuee,,Evacuee;386;in triage state;G;is at the evacuation site
0,479,filterLoc,,
0,480,evacuee,,Evacuee;117;in triage state;G;is at the evacuation site
0,482,filterLoc,,
0,483,evacuee,,Evacuee;192;in triage state;G;is at the evacuation site
0,485,filterLoc,,
0,486,evacuee,,Evacuee;432;in triage state;G;is at the evacuation site
0,488,filterLoc,,
0,489,evacuee,,Evacuee;245;in triage state;G;is at the evacuation site
0,491,filterLoc,,
0,492,evacuee,,Evacuee;310;in triage state;G;is at the evacuation site
0,494,filterLoc,,
0,495,evacuee,,Evacuee;118;in triage state;G;is at the evacuation site
0,497,filterLoc,,
0,498,evacuee,,Evacuee;502;in triage state;R;is at the evacuation site
0,500,filterLoc,,
0,501,evacuee,,Evacuee;491;in triage state;Y;is at the evacuation site
0,503,filterLoc,,
0,504,evacuee,,Evacuee;470;in triage state;G;is at the evacuation site
0,506,filterLoc,,
0,507,evacuee,,Evacuee;469;in triage state;G;is at the evacuation site
0,509,filterLoc,,
0,510,evacuee,,Evacuee;215;in triage state;G;is at the evacuation site
0,512,filterLoc,,
0,513,evacuee,,Evacuee;345;in triage state;G;is at the evacuation site
0,515,filterLoc,,
0,516,evacuee,,Evacuee;302;in triage state;G;is at the evacuation site
0,518,filterLoc,,
0,519,evacuee,,Evacuee;112;in triage state;G;is at the evacuation site
0,521,filterLoc,,
0,522,evacuee,,Evacuee;299;in triage state;G;is at the evacuation site
0,524,filterLoc,,
0,525,evacuee,,Evacuee;109;in triage state;G;is at the evacuation site
0,527,filterLoc,,
0,528,evacuee,,Evacuee;373;in triage state;G;is at the evacuation site
0,530,filterLoc,,
0,531,evacuee,,Evacuee;358;in triage state;G;is at the evacuation site
0,533,filterLoc,,
0,534,evacuee,,Evacuee;188;in triage state;G;is at the evacuation site
0,536,filterLoc,,
0,537,evacuee,,Evacuee;106;in triage state;G;is at the evacuation site
0,539,filterLoc,,
0,540,evacuee,,Evacuee;311;in triage state;G;is at the evacuation site
0,542,filterLoc,,
0,543,evacuee,,Evacuee;148;in triage state;G;is at the evacuation site
0,545,filterLoc,,
0,546,evacuee,,Evacuee;235;in triage state;G;is at the evacuation site
0,548,filterLoc,,
0,549,evacuee,,Evacuee;105;in triage state;G;is at the evacuation site
0,551,filterLoc,,
0,552,evacuee,,Evacuee;424;in triage state;G;is at the evacuation site
0,554,filterLoc,,
0,555,evacuee,,Evacuee;269;in triage state;G;is at the evacuation site
0,557,filterLoc,,
0,558,evacuee,,Evacuee;103;in triage state;G;is at the evacuation site
0,560,filterLoc,,
0,561,evacuee,,Evacuee;124;in triage state;G;is at the evacuation site
0,563,filterLoc,,
0,564,evacuee,,Evacuee;111;in triage state;G;is at the evacuation site
0,566,filterLoc,,
0,567,evacuee,,Evacuee;39;in triage state;G;is at the evacuation site
0,569,filterLoc,,
0,570,evacuee,,Evacuee;228;in triage state;G;is at the evacuation site
0,572,filterLoc,,
0,573,evacuee,,Evacuee;497;in triage state;Y;is at the evacuation site
0,575,filterLoc,,
0,576,evacuee,,Evacuee;101;in triage state;G;is at the evacuation site
0,578,filterLoc,,
0,579,evacuee,,Evacuee;142;in triage state;G;is at the evacuation site
0,581,filterLoc,,
0,582,evacuee,,Evacuee;99;in triage state;G;is at the evacuation site
0,584,filterLoc,,
0,585,evacuee,,Evacuee;485;in triage state;Y;is at the evacuation site
0,587,filterLoc,,
0,588,evacuee,,Evacuee;324;in triage state;G;is at the evacuation site
0,590,filterLoc,,
0,591,evacuee,,Evacuee;95;in triage state;G;is at the evacuation site
0,593,filterLoc,,
0,594,evacuee,,Evacuee;447;in triage state;G;is at the evacuation site
0,596,filterLoc,,
0,597,evacuee,,Evacuee;361;in triage state;G;is at the evacuation site
0,599,filterLoc,,
0,600,evacuee,,Evacuee;342;in triage state;G;is at the evacuation site
0,602,filterLoc,,
0,603,evacuee,,Evacuee;93;in triage state;G;is at the evacuation site
0,605,filterLoc,,
0,606,evacuee,,Evacuee;136;in triage state;G;is at the evacuation site
0,608,filterLoc,,
0,609,evacuee,,Evacuee;412;in triage state;G;is at the evacuation site
0,611,filterLoc,,
0,612,evacuee,,Evacuee;90;in triage state;G;is at the evacuation site
0,614,filterLoc,,
0,615,evacuee,,Evacuee;83;in triage state;G;is at the evacuation site
0,617,filterLoc,,
0,618,evacuee,,Evacuee;127;in triage state;G;is at the evacuation site
0,620,filterLoc,,
0,621,evacuee,,Evacuee;49;in triage state;G;is at the evacuation site
0,623,filterLoc,,
0,624,evacuee,,Evacuee;87;in triage state;G;is at the evacuation site
0,626,filterLoc,,
0,627,evacuee,,Evacuee;297;in triage state;G;is at the evacuation site
0,629,filterLoc,,
0,630,evacuee,,Evacuee;86;in triage state;G;is at the evacuation site
0,632,filterLoc,,
0,633,evacuee,,Evacuee;51;in triage state;G;is at the evacuation site
0,635,filterLoc,,
0,636,evacuee,,Evacuee;444;in triage state;G;is at the evacuation site
0,638,filterLoc,,
0,639,evacuee,,Evacuee;80;in triage state;G;is at the evacuation site
0,641,filterLoc,,
0,642,evacuee,,Evacuee;79;in triage state;G;is at the evacuation site
0,644,filterLoc,,
0,645,evacuee,,Evacuee;115;in triage state;G;is at the evacuation site
0,647,filterLoc,,
0,648,evacuee,,Evacuee;98;in triage state;G;is at the evacuation site
0,650,filterLoc,,
0,651,evacuee,,Evacuee;356;in triage state;G;is at the evacuation site
0,653,filterLoc,,
0,654,evacuee,,Evacuee;78;in triage state;G;is at the evacuation site
0,656,filterLoc,,
0,657,evacuee,,Evacuee;213;in triage state;G;is at the evacuation site
0,659,filterLoc,,
0,660,evacuee,,Evacuee;344;in triage state;G;is at the evacuation site
0,662,filterLoc,,
0,663,evacuee,,Evacuee;77;in triage state;G;is at the evacuation site
0,665,filterLoc,,
0,666,evacuee,,Evacuee;156;in triage state;G;is at the evacuation site
0,668,filterLoc,,
0,669,evacuee,,Evacuee;300;in triage state;G;is at the evacuation site
0,671,filterLoc,,
0,672,evacuee,,Evacuee;165;in triage state;G;is at the evacuation site
0,674,filterLoc,,
0,675,evacuee,,Evacuee;454;in triage state;G;is at the evacuation site
0,677,filterLoc,,
0,678,evacuee,,Evacuee;440;in triage state;G;is at the evacuation site
0,680,filterLoc,,
0,681,evacuee,,Evacuee;76;in triage state;G;is at the evacuation site
0,683,filterLoc,,
0,684,evacuee,,Evacuee;431;in triage state;G;is at the evacuation site
0,686,filterLoc,,
0,687,evacuee,,Evacuee;74;in triage state;G;is at the evacuation site
0,689,filterLoc,,
0,690,evacuee,,Evacuee;363;in triage state;G;is at the evacuation site
0,692,filterLoc,,
0,693,evacuee,,Evacuee;251;in triage state;G;is at the evacuation site
0,695,filterLoc,,
0,696,evacuee,,Evacuee;128;in triage state;G;is at the evacuation site
0,698,filterLoc,,
0,699,evacuee,,Evacuee;134;in triage state;G;is at the evacuation site
0,701,filterLoc,,
0,702,evacuee,,Evacuee;199;in triage state;G;is at the evacuation site
0,704,filterLoc,,
0,705,evacuee,,Evacuee;66;in triage state;G;is at the evacuation site
0,707,filterLoc,,
0,708,evacuee,,Evacuee;62;in triage state;G;is at the evacuation site
0,710,filterLoc,,
0,711,evacuee,,Evacuee;223;in triage state;G;is at the evacuation site
0,713,filterLoc,,
0,714,evacuee,,Evacuee;135;in triage state;G;is at the evacuation site
0,716,filterLoc,,
0,717,evacuee,,Evacuee;15;in triage state;G;is at the evacuation site
0,719,filterLoc,,
0,720,evacuee,,Evacuee;474;in triage state;G;is at the evacuation site
0,722,filterLoc,,
0,723,evacuee,,Evacuee;17;in triage state;G;is at the evacuation site
0,725,filterLoc,,
0,726,evacuee,,Evacuee;481;in triage state;Y;is at the evacuation site
0,728,filterLoc,,
0,729,evacuee,,Evacuee;179;in triage state;G;is at the evacuation site
0,731,filterLoc,,
0,732,evacuee,,Evacuee;147;in triage state;G;is at the evacuation site
0,734,filterLoc,,
0,735,evacuee,,Evacuee;65;in triage state;G;is at the evacuation site
0,737,filterLoc,,
0,738,evacuee,,Evacuee;14;in triage state;G;is at the evacuation site
0,740,filterLoc,,
0,741,evacuee,,Evacuee;218;in triage state;G;is at the evacuation site
0,743,filterLoc,,
0,744,evacuee,,Evacuee;2;in triage state;G;is at the evacuation site
0,746,filterLoc,,
0,747,evacuee,,Evacuee;33;in triage state;G;is at the evacuation site
0,749,filterLoc,,
0,750,evacuee,,Evacuee;271;in triage state;G;is at the evacuation site
0,752,filterLoc,,
0,753,evacuee,,Evacuee;9;in triage state;G;is at the evacuation site
0,755,filterLoc,,
0,756,evacuee,,Evacuee;25;in triage state;G;is at the evacuation site
0,758,filterLoc,,
0,759,evacuee,,Evacuee;334;in triage state;G;is at the evacuation site
0,761,filterLoc,,
0,762,evacuee,,Evacuee;70;in triage state;G;is at the evacuation site
0,764,filterLoc,,
0,765,evacuee,,Evacuee;5;in triage state;G;is at the evacuation site
0,767,filterLoc,,
0,768,evacuee,,Evacuee;250;in triage state;G;is at the evacuation site
0,770,filterLoc,,
0,771,evacuee,,Evacuee;107;in triage state;G;is at the evacuation site
0,773,filterLoc,,
0,774,evacuee,,Evacuee;229;in triage state;G;is at the evacuation site
0,776,filterLoc,,
0,777,evacuee,,Evacuee;110;in triage state;G;is at the evacuation site
0,779,filterLoc,,
0,780,evacuee,,Evacuee;141;in triage state;G;is at the evacuation site
0,782,filterLoc,,
0,783,evacuee,,Evacuee;133;in triage state;G;is at the evacuation site
0,785,filterLoc,,
0,786,evacuee,,Evacuee;493;in triage state;Y;is at the evacuation site
0,788,filterLoc,,
0,789,evacuee,,Evacuee;473;in triage state;G;is at the evacuation site
0,791,filterLoc,,
0,792,evacuee,,Evacuee;400;in triage state;G;is at the evacuation site
0,794,filterLoc,,
0,795,evacuee,,Evacuee;268;in triage state;G;is at the evacuation site
0,797,filterLoc,,
0,798,evacuee,,Evacuee;100;in triage state;G;is at the evacuation site
0,800,filterLoc,,
0,801,evacuee,,Evacuee;29;in triage state;G;is at the evacuation site
0,803,filterLoc,,
0,804,evacuee,,Evacuee;158;in triage state;G;is at the evacuation site
0,806,filterLoc,,
0,807,evacuee,,Evacuee;187;in triage state;G;is at the evacuation site
0,809,filterLoc,,
0,810,evacuee,,Evacuee;85;in triage state;G;is at the evacuation site
0,812,filterLoc,,
0,813,evacuee,,Evacuee;487;in triage state;Y;is at the evacuation site
0,815,filterLoc,,
0,816,evacuee,,Evacuee;71;in triage state;G;is at the evacuation site
0,818,filterLoc,,
0,819,evacuee,,Evacuee;332;in triage state;G;is at the evacuation site
0,821,filterLoc,,
0,822,evacuee,,Evacuee;81;in triage state;G;is at the evacuation site
0,824,filterLoc,,
0,825,evacuee,,Evacuee;104;in triage state;G;is at the evacuation site
0,827,filterLoc,,
0,828,evacuee,,Evacuee;40;in triage state;G;is at the evacuation site
0,830,filterLoc,,
0,831,evacuee,,Evacuee;97;in triage state;G;is at the evacuation site
0,833,filterLoc,,
0,834,evacuee,,Evacuee;453;in triage state;G;is at the evacuation site
0,836,filterLoc,,
0,837,evacuee,,Evacuee;285;in triage state;G;is at the evacuation site
0,839,filterLoc,,
0,840,evacuee,,Evacuee;89;in triage state;G;is at the evacuation site
0,842,filterLoc,,
0,843,evacuee,,Evacuee;394;in triage state;G;is at the evacuation site
0,845,filterLoc,,
0,846,evacuee,,Evacuee;240;in triage state;G;is at the evacuation site
0,848,filterLoc,,
0,849,evacuee,,Evacuee;8;in triage state;G;is at the evacuation site
0,851,filterLoc,,
0,852,evacuee,,Evacuee;3;in triage state;G;is at the evacuation site
0,854,filterLoc,,
0,855,evacuee,,Evacuee;172;in triage state;G;is at the evacuation site
0,857,filterLoc,,
0,858,evacuee,,Evacuee;256;in triage state;G;is at the evacuation site
0,860,filterLoc,,
0,861,evacuee,,Evacuee;347;in triage state;G;is at the evacuation site
0,863,filterLoc,,
0,864,evacuee,,Evacuee;82;in triage state;G;is at the evacuation site
0,866,filterLoc,,
0,867,evacuee,,Evacuee;54;in triage state;G;is at the evacuation site
0,869,filterLoc,,
0,870,evacuee,,Evacuee;368;in triage state;G;is at the evacuation site
0,872,filterLoc,,
0,873,evacuee,,Evacuee;4;in triage state;G;is at the evacuation site
0,875,filterLoc,,
0,876,evacuee,,Evacuee;18;in triage state;G;is at the evacuation site
0,878,filterLoc,,
0,879,evacuee,,Evacuee;387;in triage state;G;is at the evacuation site
0,881,filterLoc,,
0,882,evacuee,,Evacuee;246;in triage state;G;is at the evacuation site
0,884,filterLoc,,
0,885,evacuee,,Evacuee;22;in triage state;G;is at the evacuation site
0,887,filterLoc,,
0,888,evacuee,,Evacuee;92;in triage state;G;is at the evacuation site
0,890,filterLoc,,
0,891,evacuee,,Evacuee;44;in triage state;G;is at the evacuation site
0,893,filterLoc,,
0,894,evacuee,,Evacuee;150;in triage state;G;is at the evacuation site
0,896,filterLoc,,
0,897,evacuee,,Evacuee;119;in triage state;G;is at the evacuation site
0,899,filterLoc,,
0,900,evacuee,,Evacuee;6;in triage state;G;is at the evacuation site
0,902,filterLoc,,
0,903,evacuee,,Evacuee;173;in triage state;G;is at the evacuation site
0,905,filterLoc,,
0,906,evacuee,,Evacuee;157;in triage state;G;is at the evacuation site
0,908,filterLoc,,
0,909,evacuee,,Evacuee;451;in triage state;G;is at the evacuation site
0,911,filterLoc,,
0,912,evacuee,,Evacuee;359;in triage state;G;is at the evacuation site
0,914,filterLoc,,
0,915,evacuee,,Evacuee;286;in triage state;G;is at the evacuation site
0,917,filterLoc,,
0,918,evacuee,,Evacuee;196;in triage state;G;is at the evacuation site
0,920,filterLoc,,
0,921,evacuee,,Evacuee;407;in triage state;G;is at the evacuation site
0,923,filterLoc,,
0,924,evacuee,,Evacuee;132;in triage state;G;is at the evacuation site
0,926,filterLoc,,
0,927,evacuee,,Evacuee;31;in triage state;G;is at the evacuation site
0,929,filterLoc,,
0,930,evacuee,,Evacuee;38;in triage state;G;is at the evacuation site
0,932,filterLoc,,
0,933,evacuee,,Evacuee;10;in triage state;G;is at the evacuation site
0,935,filterLoc,,
0,936,evacuee,,Evacuee;26;in triage state;G;is at the evacuation site
0,938,filterLoc,,
0,939,evacuee,,Evacuee;343;in triage state;G;is at the evacuation site
0,941,filterLoc,,
0,942,evacuee,,Evacuee;241;in triage state;G;is at the evacuation site
0,944,filterLoc,,
0,945,evacuee,,Evacuee;418;in triage state;G;is at the evacuation site
0,947,filterLoc,,
0,948,evacuee,,Evacuee;75;in triage state;G;is at the evacuation site
0,950,filterLoc,,
0,951,evacuee,,Evacuee;37;in triage state;G;is at the evacuation site
0,953,filterLoc,,
0,954,evacuee,,Evacuee;496;in triage state;Y;is at the evacuation site
0,956,filterLoc,,
0,957,evacuee,,Evacuee;209;in triage state;G;is at the evacuation site
0,959,filterLoc,,
0,960,evacuee,,Evacuee;402;in triage state;G;is at the evacuation site
0,962,filterLoc,,
0,963,evacuee,,Evacuee;320;in triage state;G;is at the evacuation site
0,965,filterLoc,,
0,966,evacuee,,Evacuee;116;in triage state;G;is at the evacuation site
0,968,filterLoc,,
0,969,evacuee,,Evacuee;61;in triage state;G;is at the evacuation site
0,971,filterLoc,,
0,972,evacuee,,Evacuee;52;in triage state;G;is at the evacuation site
0,974,filterLoc,,
0,975,evacuee,,Evacuee;41;in triage state;G;is at the evacuation site
0,977,filterLoc,,
0,978,evacuee,,Evacuee;304;in triage state;G;is at the evacuation site
0,980,filterLoc,,
0,981,evacuee,,Evacuee;154;in triage state;G;is at the evacuation site
0,983,filterLoc,,
0,984,evacuee,,Evacuee;421;in triage state;G;is at the evacuation site
0,986,filterLoc,,
0,987,evacuee,,Evacuee;405;in triage state;G;is at the evacuation site
0,989,filterLoc,,
0,990,evacuee,,Evacuee;21;in triage state;G;is at the evacuation site
0,992,filterLoc,,
0,993,evacuee,,Evacuee;68;in triage state;G;is at the evacuation site
0,995,filterLoc,,
0,996,evacuee,,Evacuee;72;in triage state;G;is at the evacuation site
0,998,filterLoc,,
0,999,evacuee,,Evacuee;46;in triage state;G;is at the evacuation site
0,1001,filterLoc,,
0,1002,evacuee,,Evacuee;53;in triage state;G;is at the evacuation site
0,1004,filterLoc,,
0,1005,evacuee,,Evacuee;220;in triage state;G;is at the evacuation site
0,1007,filterLoc,,
0,1008,evacuee,,Evacuee;355;in triage state;G;is at the evacuation site
0,1010,filterLoc,,
0,1011,evacuee,,Evacuee;23;in triage state;G;is at the evacuation site
0,1013,filterLoc,,
0,1014,evacuee,,Evacuee;200;in triage state;G;is at the evacuation site
0,1016,filterLoc,,
0,1017,evacuee,,Evacuee;255;in triage state;G;is at the evacuation site
0,1019,filterLoc,,
0,1020,evacuee,,Evacuee;13;in triage state;G;is at the evacuation site
0,1022,filterLoc,,
0,1023,evacuee,,Evacuee;24;in triage state;G;is at the evacuation site
0,1025,filterLoc,,
0,1026,evacuee,,Evacuee;32;in triage state;G;is at the evacuation site
0,1028,filterLoc,,
0,1029,evacuee,,Evacuee;34;in triage state;G;is at the evacuation site
0,1031,filterLoc,,
0,1032,evacuee,,Evacuee;64;in triage state;G;is at the evacuation site
0,1034,filterLoc,,
0,1035,evacuee,,Evacuee;429;in triage state;G;is at the evacuation site
0,1037,filterLoc,,
0,1038,evacuee,,Evacuee;102;in triage state;G;is at the evacuation site
0,1040,filterLoc,,
0,1041,evacuee,,Evacuee;160;in triage state;G;is at the evacuation site
0,1043,filterLoc,,
0,1044,evacuee,,Evacuee;20;in triage state;G;is at the evacuation site
0,1046,filterLoc,,
0,1047,evacuee,,Evacuee;35;in triage state;G;is at the evacuation site
0,1049,filterLoc,,
0,1050,evacuee,,Evacuee;155;in triage state;G;is at the evacuation site
0,1052,filterLoc,,
0,1053,evacuee,,Evacuee;36;in triage state;G;is at the evacuation site
0,1055,filterLoc,,
0,1056,evacuee,,Evacuee;198;in triage state;G;is at the evacuation site
0,1058,filterLoc,,
0,1059,evacuee,,Evacuee;84;in triage state;G;is at the evacuation site
0,1061,filterLoc,,
0,1062,evacuee,,Evacuee;42;in triage state;G;is at the evacuation site
0,1064,filterLoc,,
0,1065,evacuee,,Evacuee;91;in triage state;G;is at the evacuation site
0,1067,filterLoc,,
0,1068,evacuee,,Evacuee;43;in triage state;G;is at the evacuation site
0,1070,filterLoc,,
0,1071,evacuee,,Evacuee;30;in triage state;G;is at the evacuation site
0,1073,filterLoc,,
0,1074,evacuee,,Evacuee;336;in triage state;G;is at the evacuation site
0,1076,filterLoc,,
0,1077,evacuee,,Evacuee;307;in triage state;G;is at the evacuation site
0,1079,filterLoc,,
0,1080,evacuee,,Evacuee;212;in triage state;G;is at the evacuation site
0,1082,filterLoc,,
0,1083,evacuee,,Evacuee;391;in triage state;G;is at the evacuation site
0,1085,filterLoc,,
0,1086,evacuee,,Evacuee;388;in triage state;G;is at the evacuation site
0,1088,filterLoc,,
0,1089,evacuee,,Evacuee;55;in triage state;G;is at the evacuation site
0,1091,filterLoc,,
0,1092,evacuee,,Evacuee;48;in triage state;G;is at the evacuation site
0,1094,filterLoc,,
0,1095,evacuee,,Evacuee;144;in triage state;G;is at the evacuation site
0,1097,filterLoc,,
0,1098,evacuee,,Evacuee;50;in triage state;G;is at the evacuation site
0,1100,filterLoc,,
0,1101,evacuee,,Evacuee;19;in triage state;G;is at the evacuation site
0,1103,filterLoc,,
0,1104,evacuee,,Evacuee;182;in triage state;G;is at the evacuation site
0,1106,filterLoc,,
0,1107,evacuee,,Evacuee;490;in triage state;Y;is at the evacuation site
0,1109,filterLoc,,
0,1110,evacuee,,Evacuee;266;in triage state;G;is at the evacuation site
0,1112,filterLoc,,
0,1113,evacuee,,Evacuee;120;in triage state;G;is at the evacuation site
0,1115,filterLoc,,
0,1116,evacuee,,Evacuee;94;in triage state;G;is at the evacuation site
0,1118,filterLoc,,
0,1119,evacuee,,Evacuee;63;in triage state;G;is at the evacuation site
0,1121,filterLoc,,
0,1122,evacuee,,Evacuee;175;in triage state;G;is at the evacuation site
0,1124,filterLoc,,
0,1125,evacuee,,Evacuee;47;in triage state;G;is at the evacuation site
0,1127,filterLoc,,
0,1128,evacuee,,Evacuee;56;in triage state;G;is at the evacuation site
0,1130,filterLoc,,
0,1131,evacuee,,Evacuee;367;in triage state;G;is at the evacuation site
0,1133,filterLoc,,
0,1134,evacuee,,Evacuee;364;in triage state;G;is at the evacuation site
0,1136,filterLoc,,
0,1137,evacuee,,Evacuee;208;in triage state;G;is at the evacuation site
0,1139,filterLoc,,
0,1140,evacuee,,Evacuee;57;in triage state;G;is at the evacuation site
0,1142,filterLoc,,
0,1143,evacuee,,Evacuee;231;in triage state;G;is at the evacuation site
0,1145,filterLoc,,
0,1146,evacuee,,Evacuee;261;in triage state;G;is at the evacuation site
0,1148,filterLoc,,
0,1149,evacuee,,Evacuee;45;in triage state;G;is at the evacuation site
0,1151,filterEvac,,
0,1152,filterES,,
0,1153,helicopter,,Helicopter;1;is unloading people at the FOL;;and has;0;spots taken
0,1155,filterLoc,,
0,1156,evacuee,,Evacuee;263;in triage state;G;is at the evacuation site
0,1158,filterLoc,,
0,1159,evacuee,,Evacuee;190;in triage state;G;is at the evacuation site
0,1161,filterLoc,,
0,1162,evacuee,,Evacuee;465;in triage state;G;is at the evacuation site
0,1164,filterLoc,,
0,1165,evacuee,,Evacuee;60;in triage state;G;is at the evacuation site
0,1167,filterLoc,,
0,1168,evacuee,,Evacuee;385;in triage state;G;is at the evacuation site
0,1170,filterLoc,,
0,1171,evacuee,,Evacuee;181;in triage state;G;is at the evacuation site
0,1173,filterLoc,,
0,1174,evacuee,,Evacuee;416;in triage state;G;is at the evacuation site
0,1176,filterLoc,,
0,1177,evacuee,,Evacuee;129;in triage state;G;is at the evacuation site
0,1179,filterLoc,,
0,1180,evacuee,,Evacuee;308;in triage state;G;is at the evacuation site
0,1182,filterLoc,,
0,1183,evacuee,,Evacuee;131;in triage state;G;is at the evacuation site
0,1185,filterLoc,,
0,1186,evacuee,,Evacuee;137;in triage state;G;is at the evacuation site
0,1188,filterLoc,,
0,1189,evacuee,,Evacuee;138;in triage state;G;is at the evacuation site
0,1191,filterLoc,,
0,1192,evacuee,,Evacuee;265;in triage state;G;is at the evacuation site
0,1194,filterLoc,,
0,1195,evacuee,,Evacuee;139;in triage state;G;is at the evacuation site
0,1197,filterLoc,,
0,1198,evacuee,,Evacuee;194;in triage state;G;is at the evacuation site
0,1200,filterLoc,,
0,1201,evacuee,,Evacuee;140;in triage state;G;is at the evacuation site
0,1203,filterLoc,,
0,1204,evacuee,,Evacuee;130;in triage state;G;is at the evacuation site
0,1206,filterLoc,,
0,1207,evacuee,,Evacuee;143;in triage state;G;is at the evacuation site
0,1209,filterLoc,,
0,1210,evacuee,,Evacuee;149;in triage state;G;is at the evacuation site
0,1212,filterLoc,,
0,1213,evacuee,,Evacuee;296;in triage state;G;is at the evacuation site
0,1215,filterLoc,,
0,1216,evacuee,,Evacuee;151;in triage state;G;is at the evacuation site
0,1218,filterLoc,,
0,1219,evacuee,,Evacuee;222;in triage state;G;is at the evacuation site
0,1221,filterLoc,,
0,1222,evacuee,,Evacuee;152;in triage state;G;is at the evacuation site
0,1224,filterLoc,,
0,1225,evacuee,,Evacuee;153;in triage state;G;is at the evacuation site
0,1227,filterLoc,,
0,1228,evacuee,,Evacuee;67;in triage state;G;is at the evacuation site
0,1230,filterLoc,,
0,1231,evacuee,,Evacuee;123;in triage state;G;is at the evacuation site
0,1233,filterLoc,,
0,1234,evacuee,,Evacuee;159;in triage state;G;is at the evacuation site
0,1236,filterLoc,,
0,1237,evacuee,,Evacuee;161;in triage state;G;is at the evacuation site
0,1239,filterLoc,,
0,1240,evacuee,,Evacuee;28;in triage state;G;is at the evacuation site
0,1242,filterLoc,,
0,1243,evacuee,,Evacuee;126;in triage state;G;is at the evacuation site
0,1245,filterLoc,,
0,1246,evacuee,,Evacuee;234;in triage state;G;is at the evacuation site
0,1248,filterLoc,,
0,1249,evacuee,,Evacuee;162;in triage state;G;is at the evacuation site
0,1251,filterLoc,,
0,1252,evacuee,,Evacuee;163;in triage state;G;is at the evacuation site
0,1254,filterLoc,,
0,1255,evacuee,,Evacuee;166;in triage state;G;is at the evacuation site
0,1257,filterLoc,,
0,1258,evacuee,,Evacuee;16;in triage state;G;is at the evacuation site
0,1260,filterLoc,,
0,1261,evacuee,,Evacuee;242;in triage state;G;is at the evacuation site
0,1263,filterLoc,,
0,1264,evacuee,,Evacuee;178;in triage state;G;is at the evacuation site
0,1266,filterLoc,,
0,1267,evacuee,,Evacuee;438;in triage state;G;is at the evacuation site
0,1269,filterLoc,,
0,1270,evacuee,,Evacuee;146;in triage state;G;is at the evacuation site
0,1272,filterLoc,,
0,1273,evacuee,,Evacuee;167;in triage state;G;is at the evacuation site
0,1275,filterLoc,,
0,1276,evacuee,,Evacuee;145;in triage state;G;is at the evacuation site
0,1278,filterLoc,,
0,1279,evacuee,,Evacuee;168;in triage state;G;is at the evacuation site
0,1281,filterLoc,,
0,1282,evacuee,,Evacuee;176;in triage state;G;is at the evacuation site
0,1284,filterLoc,,
0,1285,evacuee,,Evacuee;230;in triage state;G;is at the evacuation site
0,1287,filterLoc,,
0,1288,evacuee,,Evacuee;169;in triage state;G;is at the evacuation site
0,1290,filterLoc,,
0,1291,evacuee,,Evacuee;170;in triage state;G;is at the evacuation site
0,1293,filterLoc,,
0,1294,evacuee,,Evacuee;171;in triage state;G;is at the evacuation site
0,1296,filterLoc,,
0,1297,evacuee,,Evacuee;174;in triage state;G;is at the evacuation site
0,1299,filterLoc,,
0,1300,evacuee,,Evacuee;177;in triage state;G;is at the evacuation site
0,1302,filterLoc,,
0,1303,evacuee,,Evacuee;435;in triage state;G;is at the evacuation site
0,1305,filterLoc,,
0,1306,evacuee,,Evacuee;58;in triage state;G;is at the evacuation site
0,1308,filterLoc,,
0,1309,evacuee,,Evacuee;203;in triage state;G;is at the evacuation site
0,1311,filterLoc,,
0,1312,evacuee,,Evacuee;232;in triage state;G;is at the evacuation site
0,1314,filterLoc,,
0,1315,evacuee,,Evacuee;183;in triage state;G;is at the evacuation site
0,1317,filterLoc,,
0,1318,evacuee,,Evacuee;184;in triage state;G;is at the evacuation site
0,1320,filterLoc,,
0,1321,evacuee,,Evacuee;185;in triage state;G;is at the evacuation site
0,1323,filterLoc,,
0,1324,evacuee,,Evacuee;186;in triage state;G;is at the evacuation site
0,1326,filterLoc,,
0,1327,evacuee,,Evacuee;417;in triage state;G;is at the evacuation site
0,1329,filterLoc,,
0,1330,evacuee,,Evacuee;217;in triage state;G;is at the evacuation site
0,1332,filterLoc,,
0,1333,evacuee,,Evacuee;189;in triage state;G;is at the evacuation site
0,1335,filterLoc,,
0,1336,evacuee,,Evacuee;253;in triage state;G;is at the evacuation site
0,1338,filterLoc,,
0,1339,evacuee,,Evacuee;191;in triage state;G;is at the evacuation site
0,1341,filterLoc,,
0,1342,evacuee,,Evacuee;314;in triage state;G;is at the evacuation site
0,1344,filterLoc,,
0,1345,evacuee,,Evacuee;249;in triage state;G;is at the evacuation site
0,1347,filterLoc,,
0,1348,evacuee,,Evacuee;193;in triage state;G;is at the evacuation site
0,1350,filterLoc,,
0,1351,evacuee,,Evacuee;195;in triage state;G;is at the evacuation site
0,1353,filterLoc,,
0,1354,evacuee,,Evacuee;399;in triage state;G;is at the evacuation site
0,1356,filterLoc,,
0,1357,evacuee,,Evacuee;197;in triage state;G;is at the evacuation site
0,1359,filterLoc,,
0,1360,evacuee,,Evacuee;450;in triage state;G;is at the evacuation site
0,1362,filterLoc,,
0,1363,evacuee,,Evacuee;252;in triage state;G;is at the evacuation site
0,1365,filterLoc,,
0,1366,evacuee,,Evacuee;329;in triage state;G;is at the evacuation site
0,1368,filterLoc,,
0,1369,evacuee,,Evacuee;201;in triage state;G;is at the evacuation site
0,1371,filterLoc,,
0,1372,evacuee,,Evacuee;11;in triage state;G;is at the evacuation site
0,1374,filterLoc,,
0,1375,evacuee,,Evacuee;202;in triage state;G;is at the evacuation site
0,1377,filterLoc,,
0,1378,evacuee,,Evacuee;390;in triage state;G;is at the evacuation site
0,1380,filterLoc,,
0,1381,evacuee,,Evacuee;204;in triage state;G;is at the evacuation site
0,1383,filterLoc,,
0,1384,evacuee,,Evacuee;275;in triage state;G;is at the evacuation site
0,1386,filterLoc,,
0,1387,evacuee,,Evacuee;205;in triage state;G;is at the evacuation site
0,1389,filterLoc,,
0,1390,evacuee,,Evacuee;323;in triage state;G;is at the evacuation site
0,1392,filterLoc,,
0,1393,evacuee,,Evacuee;180;in triage state;G;is at the evacuation site
0,1395,filterLoc,,
0,1396,evacuee,,Evacuee;206;in triage state;G;is at the evacuation site
0,1398,filterLoc,,
0,1399,evacuee,,Evacuee;69;in triage state;G;is at the evacuation site
0,1401,filterLoc,,
0,1402,evacuee,,Evacuee;207;in triage state;G;is at the evacuation site
0,1404,filterLoc,,
0,1405,evacuee,,Evacuee;27;in triage state;G;is at the evacuation site
0,1407,filterLoc,,
0,1408,evacuee,,Evacuee;211;in triage state;G;is at the evacuation site
0,1410,filterLoc,,
0,1411,evacuee,,Evacuee;294;in triage state;G;is at the evacuation site
0,1413,filterLoc,,
0,1414,evacuee,,Evacuee;214;in triage state;G;is at the evacuation site
0,1416,filterLoc,,
0,1417,evacuee,,Evacuee;12;in triage state;G;is at the evacuation site
0,1419,filterLoc,,
0,1420,evacuee,,Evacuee;216;in triage state;G;is at the evacuation site
0,1422,filterLoc,,
0,1423,evacuee,,Evacuee;219;in triage state;G;is at the evacuation site
0,1425,filterLoc,,
0,1426,evacuee,,Evacuee;221;in triage state;G;is at the evacuation site
0,1428,filterLoc,,
0,1429,evacuee,,Evacuee;224;in triage state;G;is at the evacuation site
0,1431,filterLoc,,
0,1432,evacuee,,Evacuee;339;in triage state;G;is at the evacuation site
0,1434,filterLoc,,
0,1435,evacuee,,Evacuee;225;in triage state;G;is at the evacuation site
0,1437,filterLoc,,
0,1438,evacuee,,Evacuee;164;in triage state;G;is at the evacuation site
0,1440,filterLoc,,
0,1441,evacuee,,Evacuee;226;in triage state;G;is at the evacuation site
0,1443,filterLoc,,
0,1444,evacuee,,Evacuee;464;in triage state;G;is at the evacuation site
0,1446,filterLoc,,
0,1447,evacuee,,Evacuee;227;in triage state;G;is at the evacuation site
0,1449,filterLoc,,
0,1450,evacuee,,Evacuee;267;in triage state;G;is at the evacuation site
0,1452,filterLoc,,
0,1453,evacuee,,Evacuee;73;in triage state;G;is at the evacuation site
0,1455,filterLoc,,
0,1456,evacuee,,Evacuee;233;in triage state;G;is at the evacuation site
0,1458,filterLoc,,
0,1459,evacuee,,Evacuee;236;in triage state;G;is at the evacuation site
0,1461,filterLoc,,
0,1462,evacuee,,Evacuee;7;in triage state;G;is at the evacuation site
0,1464,filterLoc,,
0,1465,evacuee,,Evacuee;237;in triage state;G;is at the evacuation site
0,1467,filterLoc,,
0,1468,evacuee,,Evacuee;238;in triage state;G;is at the evacuation site
0,1470,filterLoc,,
0,1471,evacuee,,Evacuee;113;in triage state;G;is at the evacuation site
0,1473,filterLoc,,
0,1474,evacuee,,Evacuee;239;in triage state;G;is at the evacuation site
0,1476,filterLoc,,
0,1477,evacuee,,Evacuee;243;in triage state;G;is at the evacuation site
0,1479,filterLoc,,
0,1480,evacuee,,Evacuee;96;in triage state;G;is at the evacuation site
0,1482,filterLoc,,
0,1483,evacuee,,Evacuee;244;in triage state;G;is at the evacuation site
0,1485,filterLoc,,
0,1486,evacuee,,Evacuee;247;in triage state;G;is at the evacuation site
0,1488,filterLoc,,
0,1489,evacuee,,Evacuee;59;in triage state;G;is at the evacuation site
0,1491,filterLoc,,
0,1492,evacuee,,Evacuee;248;in triage state;G;is at the evacuation site
0,1494,filterLoc,,
0,1495,evacuee,,Evacuee;467;in triage state;G;is at the evacuation site
0,1497,filterLoc,,
0,1498,evacuee,,Evacuee;298;in triage state;G;is at the evacuation site
0,1500,filterLoc,,
0,1501,evacuee,,Evacuee;254;in triage state;G;is at the evacuation site
0,1503,filterLoc,,
0,1504,evacuee,,Evacuee;257;in triage state;G;is at the evacuation site
0,1506,filterLoc,,
0,1507,evacuee,,Evacuee;210;in triage state;G;is at the evacuation site
0,1509,filterLoc,,
0,1510,evacuee,,Evacuee;258;in triage state;G;is at the evacuation site
0,4,helipadManager,outHQ,0
0,4,helipadManager,,;No helos are at ES
0,5,helicopterQueue,,;No helos are waiting to land
0,8,evacuee,,Evacuee;501;in triage state;R;is at the evacuation site
0,11,evacuee,,Evacuee;500;in triage state;R;is at the evacuation site
0,14,evacuee,,Evacuee;494;in triage state;Y;is at the evacuation site
0,17,evacuee,,Evacuee;492;in triage state;Y;is at the evacuation site
0,20,evacuee,,Evacuee;489;in triage state;Y;is at the evacuation site
0,23,evacuee,,Evacuee;486;in triage state;Y;is at the evacuation site
0,26,evacuee,,Evacuee;484;in triage state;Y;is at the evacuation site
0,29,evacuee,,Evacuee;483;in triage state;Y;is at the evacuation site
0,32,evacuee,,Evacuee;482;in triage state;Y;is at the evacuation site
0,35,evacuee,,Evacuee;499;in triage state;R;is at the evacuation site
0,38,evacuee,,Evacuee;479;in triage state;Y;is at the evacuation site
0,41,evacuee,,Evacuee;478;in triage state;Y;is at the evacuation site
0,44,evacuee,,Evacuee;476;in triage state;G;is at the evacuation site
0,47,evacuee,,Evacuee;475;in triage state;G;is at the evacuation site
0,50,evacuee,,Evacuee;472;in triage state;G;is at the evacuation site
0,53,evacuee,,Evacuee;471;in triage state;G;is at the evacuation site
0,56,evacuee,,Evacuee;468;in triage state;G;is at the evacuation site
0,59,evacuee,,Evacuee;463;in triage state;G;is at the evacuation site
0,62,evacuee,,Evacuee;462;in triage state;G;is at the evacuation site
0,65,evacuee,,Evacuee;461;in triage state;G;is at the evacuation site
0,68,evacuee,,Evacuee;459;in triage state;G;is at the evacuation site
0,71,evacuee,,Evacuee;495;in triage state;Y;is at the evacuation site
0,74,evacuee,,Evacuee;458;in triage state;G;is at the evacuation site
0,77,evacuee,,Evacuee;456;in triage state;G;is at the evacuation site
0,80,evacuee,,Evacuee;455;in triage state;G;is at the evacuation site
0,83,evacuee,,Evacuee;448;in triage state;G;is at the evacuation site
0,86,evacuee,,Evacuee;445;in triage state;G;is at the evacuation site
0,89,evacuee,,Evacuee;442;in triage state;G;is at the evacuation site
0,92,evacuee,,Evacuee;441;in triage state;G;is at the evacuation site
0,95,evacuee,,Evacuee;439;in triage state;G;is at the evacuation site
0,98,evacuee,,Evacuee;437;in triage state;G;is at the evacuation site
0,101,evacuee,,Evacuee;436;in triage state;G;is at the evacuation site
0,104,evacuee,,Evacuee;434;in triage state;G;is at the evacuation site
0,107,evacuee,,Evacuee;433;in triage state;G;is at the evacuation site
0,110,evacuee,,Evacuee;428;in triage state;G;is at the evacuation site
0,113,evacuee,,Evacuee;426;in triage state;G;is at the evacuation site
0,116,evacuee,,Evacuee;423;in triage state;G;is at the evacuation site
0,119,evacuee,,Evacuee;420;in triage state;G;is at the evacuation site
0,122,evacuee,,Evacuee;419;in triage state;G;is at the evacuation site
0,125,evacuee,,Evacuee;414;in triage state;G;is at the evacuation site
0,128,evacuee,,Evacuee;411;in triage state;G;is at the evacuation site
0,131,evacuee,,Evacuee;422;in triage state;G;is at the evacuation site
0,134,evacuee,,Evacuee;409;in triage state;G;is at the evacuation site
0,137,evacuee,,Evacuee;408;in triage state;G;is at the evacuation site
0,140,evacuee,,Evacuee;406;in triage state;G;is at the evacuation site
0,143,evacuee,,Evacuee;404;in triage state;G;is at the evacuation site
0,146,evacuee,,Evacuee;403;in triage state;G;is at the evacuation site
0,149,evacuee,,Evacuee;401;in triage state;G;is at the evacuation site
0,152,evacuee,,Evacuee;398;in triage state;G;is at the evacuation site
0,155,evacuee,,Evacuee;397;in triage state;G;is at the evacuation site
0,158,evacuee,,Evacuee;452;in triage state;G;is at the evacuation site
0,161,evacuee,,Evacuee;396;in triage state;G;is at the evacuation site
0,164,evacuee,,Evacuee;395;in triage state;G;is at the evacuation site
0,167,evacuee,,Evacuee;393;in triage state;G;is at the evacuation site
0,170,evacuee,,Evacuee;392;in triage state;G;is at the evacuation site
0,173,evacuee,,Evacuee;389;in triage state;G;is at the evacuation site
0,176,evacuee,,Evacuee;384;in triage state;G;is at the evacuation site
0,179,evacuee,,Evacuee;430;in triage state;G;is at the evacuation site
0,182,evacuee,,Evacuee;383;in triage state;G;is at the evacuation site
0,185,evacuee,,Evacuee;480;in triage state;Y;is at the evacuation site
0,188,evacuee,,Evacuee;382;in triage state;G;is at the evacuation site
0,191,evacuee,,Evacuee;381;in triage state;G;is at the evacuation site
0,194,evacuee,,Evacuee;427;in triage state;G;is at the evacuation site
0,197,evacuee,,Evacuee;380;in triage state;G;is at the evacuation site
0,200,evacuee,,Evacuee;379;in triage state;G;is at the evacuation site
0,203,evacuee,,Evacuee;378;in triage state;G;is at the evacuation site
0,206,evacuee,,Evacuee;377;in triage state;G;is at the evacuation site
0,209,evacuee,,Evacuee;375;in triage state;G;is at the evacuation site
0,212,evacuee,,Evacuee;374;in triage state;G;is at the evacuation site
0,215,evacuee,,Evacuee;372;in triage state;G;is at the evacuation site
0,218,evacuee,,Evacuee;371;in triage state;G;is at the evacuation site
0,222,evacuee,,Evacuee;370;in triage state;G;is at the evacuation site
0,225,evacuee,,Evacuee;457;in triage state;G;is at the evacuation site
0,228,evacuee,,Evacuee;369;in triage state;G;is at the evacuation site
0,231,evacuee,,Evacuee;366;in triage state;G;is at the evacuation site
0,234,evacuee,,Evacuee;362;in triage state;G;is at the evacuation site
0,237,evacuee,,Evacuee;425;in triage state;G;is at the evacuation site
0,240,evacuee,,Evacuee;360;in triage state;G;is at the evacuation site
0,243,evacuee,,Evacuee;357;in triage state;G;is at the evacuation site
0,246,evacuee,,Evacuee;354;in triage state;G;is at the evacuation site
0,249,evacuee,,Evacuee;353;in triage state;G;is at the evacuation site
0,252,evacuee,,Evacuee;351;in triage state;G;is at the evacuation site
0,255,evacuee,,Evacuee;349;in triage state;G;is at the evacuation site
0,258,evacuee,,Evacuee;348;in triage state;G;is at the evacuation site
0,261,evacuee,,Evacuee;346;in triage state;G;is at the evacuation site
0,264,evacuee,,Evacuee;341;in triage state;G;is at the evacuation site
0,267,evacuee,,Evacuee;340;in triage state;G;is at the evacuation site
0,270,evacuee,,Evacuee;338;in triage state;G;is at the evacuation site
0,273,evacuee,,Evacuee;335;in triage state;G;is at the evacuation site
0,276,evacuee,,Evacuee;331;in triage state;G;is at the evacuation site
0,279,evacuee,,Evacuee;503;in triage state;R;is at the evacuation site
0,282,evacuee,,Evacuee;330;in triage state;G;is at the evacuation site
0,285,evacuee,,Evacuee;328;in triage state;G;is at the evacuation site
0,288,evacuee,,Evacuee;327;in triage state;G;is at the evacuation site
0,291,evacuee,,Evacuee;410;in triage state;G;is at the evacuation site
0,294,evacuee,,Evacuee;326;in triage state;G;is at the evacuation site
0,297,evacuee,,Evacuee;466;in triage state;G;is at the evacuation site
0,300,evacuee,,Evacuee;325;in triage state;G;is at the evacuation site
0,303,evacuee,,Evacuee;365;in triage state;G;is at the evacuation site
0,306,evacuee,,Evacuee;322;in triage state;G;is at the evacuation site
0,309,evacuee,,Evacuee;321;in triage state;G;is at the evacuation site
0,312,evacuee,,Evacuee;319;in triage state;G;is at the evacuation site
0,315,evacuee,,Evacuee;318;in triage state;G;is at the evacuation site
0,318,evacuee,,Evacuee;317;in triage state;G;is at the evacuation site
0,321,evacuee,,Evacuee;460;in triage state;G;is at the evacuation site
0,324,evacuee,,Evacuee;316;in triage state;G;is at the evacuation site
0,327,evacuee,,Evacuee;446;in triage state;G;is at the evacuation site
0,330,evacuee,,Evacuee;313;in triage state;G;is at the evacuation site
0,333,evacuee,,Evacuee;443;in triage state;G;is at the evacuation site
0,336,evacuee,,Evacuee;312;in triage state;G;is at the evacuation site
0,339,evacuee,,Evacuee;309;in triage state;G;is at the evacuation site
0,342,evacuee,,Evacuee;306;in triage state;G;is at the evacuation site
0,345,evacuee,,Evacuee;305;in triage state;G;is at the evacuation site
0,348,evacuee,,Evacuee;303;in triage state;G;is at the evacuation site
0,351,evacuee,,Evacuee;295;in triage state;G;is at the evacuation site
0,354,evacuee,,Evacuee;352;in triage state;G;is at the evacuation site
0,357,evacuee,,Evacuee;293;in triage state;G;is at the evacuation site
0,360,evacuee,,Evacuee;488;in triage state;Y;is at the evacuation site
0,363,evacuee,,Evacuee;413;in triage state;G;is at the evacuation site
0,366,evacuee,,Evacuee;292;in triage state;G;is at the evacuation site
0,369,evacuee,,Evacuee;291;in triage state;G;is at the evacuation site
0,372,evacuee,,Evacuee;290;in triage state;G;is at the evacuation site
0,375,evacuee,,Evacuee;350;in triage state;G;is at the evacuation site
0,378,evacuee,,Evacuee;288;in triage state;G;is at the evacuation site
0,381,evacuee,,Evacuee;287;in triage state;G;is at the evacuation site
0,384,evacuee,,Evacuee;415;in triage state;G;is at the evacuation site
0,387,evacuee,,Evacuee;376;in triage state;G;is at the evacuation site
0,390,evacuee,,Evacuee;284;in triage state;G;is at the evacuation site
0,393,evacuee,,Evacuee;283;in triage state;G;is at the evacuation site
0,396,evacuee,,Evacuee;282;in triage state;G;is at the evacuation site
0,399,evacuee,,Evacuee;281;in triage state;G;is at the evacuation site
0,402,evacuee,,Evacuee;280;in triage state;G;is at the evacuation site
0,405,evacuee,,Evacuee;333;in triage state;G;is at the evacuation site
0,408,evacuee,,Evacuee;279;in triage state;G;is at the evacuation site
0,411,evacuee,,Evacuee;278;in triage state;G;is at the evacuation site
0,414,evacuee,,Evacuee;277;in triage state;G;is at the evacuation site
0,417,evacuee,,Evacuee;315;in triage state;G;is at the evacuation site
0,420,evacuee,,Evacuee;274;in triage state;G;is at the evacuation site
0,423,evacuee,,Evacuee;273;in triage state;G;is at the evacuation site
0,426,evacuee,,Evacuee;337;in triage state;G;is at the evacuation site
0,429,evacuee,,Evacuee;301;in triage state;G;is at the evacuation site
0,432,evacuee,,Evacuee;272;in triage state;G;is at the evacuation site
0,435,evacuee,,Evacuee;270;in triage state;G;is at the evacuation site
0,438,evacuee,,Evacuee;264;in triage state;G;is at the evacuation site
0,441,evacuee,,Evacuee;262;in triage state;G;is at the evacuation site
0,444,evacuee,,Evacuee;260;in triage state;G;is at the evacuation site
0,447,evacuee,,Evacuee;259;in triage state;G;is at the evacuation site
0,450,evacuee,,Evacuee;125;in triage state;G;is at the evacuation site
0,453,evacuee,,Evacuee;114;in triage state;G;is at the evacuation site
0,456,evacuee,,Evacuee;289;in triage state;G;is at the evacuation site
0,459,evacuee,,Evacuee;88;in triage state;G;is at the evacuation site
0,462,evacuee,,Evacuee;449;in triage state;G;is at the evacuation site
0,465,evacuee,,Evacuee;122;in triage state;G;is at the evacuation site
0,468,evacuee,,Evacuee;108;in triage state;G;is at the evacuation site
0,471,evacuee,,Evacuee;276;in triage state;G;is at the evacuation site
0,474,evacuee,,Evacuee;121;in triage state;G;is at the evacuation site
0,477,evacuee,,Evacuee;386;in triage state;G;is at the evacuation site
0,480,evacuee,,Evacuee;117;in triage state;G;is at the evacuation site
0,483,evacuee,,Evacuee;192;in triage state;G;is at the evacuation site
0,486,evacuee,,Evacuee;432;in triage state;G;is at the evacuation site
0,489,evacuee,,Evacuee;245;in triage state;G;is at the evacuation site
0,492,evacuee,,Evacuee;310;in triage state;G;is at the evacuation site
0,495,evacuee,,Evacuee;118;in triage state;G;is at the evacuation site
0,498,evacuee,,Evacuee;502;in triage state;R;is at the evacuation site
0,501,evacuee,,Evacuee;491;in triage state;Y;is at the evacuation site
0,504,evacuee,,Evacuee;470;in triage state;G;is at the evacuation site
0,507,evacuee,,Evacuee;469;in triage state;G;is at the evacuation site
0,510,evacuee,,Evacuee;215;in triage state;G;is at the evacuation site
0,513,evacuee,,Evacuee;345;in triage state;G;is at the evacuation site
0,516,evacuee,,Evacuee;302;in triage state;G;is at the evacuation site
0,519,evacuee,,Evacuee;112;in triage state;G;is at the evacuation site
0,522,evacuee,,Evacuee;299;in triage state;G;is at the evacuation site
0,525,evacuee,,Evacuee;109;in triage state;G;is at the evacuation site
0,528,evacuee,,Evacuee;373;in triage state;G;is at the evacuation site
0,531,evacuee,,Evacuee;358;in triage state;G;is at the evacuation site
0,534,evacuee,,Evacuee;188;in triage state;G;is at the evacuation site
0,537,evacuee,,Evacuee;106;in triage state;G;is at the evacuation site
0,540,evacuee,,Evacuee;311;in triage state;G;is at the evacuation site
0,543,evacuee,,Evacuee;148;in triage state;G;is at the evacuation site
0,546,evacuee,,Evacuee;235;in triage state;G;is at the evacuation site
0,549,evacuee,,Evacuee;105;in triage state;G;is at the evacuation site
0,552,evacuee,,Evacuee;424;in triage state;G;is at the evacuation site
0,555,evacuee,,Evacuee;269;in triage state;G;is at the evacuation site
0,558,evacuee,,Evacuee;103;in triage state;G;is at the evacuation site
0,561,evacuee,,Evacuee;124;in triage state;G;is at the evacuation site
0,564,evacuee,,Evacuee;111;in triage state;G;is at the evacuation site
0,567,evacuee,,Evacuee;39;in triage state;G;is at the evacuation site
0,570,evacuee,,Evacuee;228;in triage state;G;is at the evacuation site
0,573,evacuee,,Evacuee;497;in triage state;Y;is at the evacuation site
0,576,evacuee,,Evacuee;101;in triage state;G;is at the evacuation site
0,579,evacuee,,Evacuee;142;in triage state;G;is at the evacuation site
0,582,evacuee,,Evacuee;99;in triage state;G;is at the evacuation site
0,585,evacuee,,Evacuee;485;in triage state;Y;is at the evacuation site
0,588,evacuee,,Evacuee;324;in triage state;G;is at the evacuation site
0,591,evacuee,,Evacuee;95;in triage state;G;is at the evacuation site
0,594,evacuee,,Evacuee;447;in triage state;G;is at the evacuation site
0,597,evacuee,,Evacuee;361;in triage state;G;is at the evacuation site
0,600,evacuee,,Evacuee;342;in triage state;G;is at the evacuation site
0,603,evacuee,,Evacuee;93;in triage state;G;is at the evacuation site
0,606,evacuee,,Evacuee;136;in triage state;G;is at the evacuation site
0,609,evacuee,,Evacuee;412;in triage state;G;is at the evacuation site
0,612,evacuee,,Evacuee;90;in triage state;G;is at the evacuation site
0,615,evacuee,,Evacuee;83;in triage state;G;is at the evacuation site
0,618,evacuee,,Evacuee;127;in triage state;G;is at the evacuation site
0,621,evacuee,,Evacuee;49;in triage state;G;is at the evacuation site
0,624,evacuee,,Evacuee;87;in triage state;G;is at the evacuation site
0,627,evacuee,,Evacuee;297;in triage state;G;is at the evacuation site
0,630,evacuee,,Evacuee;86;in triage state;G;is at the evacuation site
0,633,evacuee,,Evacuee;51;in triage state;G;is at the evacuation site
0,636,evacuee,,Evacuee;444;in triage state;G;is at the evacuation site
0,639,evacuee,,Evacuee;80;in triage state;G;is at the evacuation site
0,642,evacuee,,Evacuee;79;in triage state;G;is at the evacuation site
0,645,evacuee,,Evacuee;115;in triage state;G;is at the evacuation site
0,648,evacuee,,Evacuee;98;in triage state;G;is at the evacuation site
0,651,evacuee,,Evacuee;356;in triage state;G;is at the evacuation site
0,654,evacuee,,Evacuee;78;in triage state;G;is at the evacuation site
0,657,evacuee,,Evacuee;213;in triage state;G;is at the evacuation site
0,660,evacuee,,Evacuee;344;in triage state;G;is at the evacuation site
0,663,evacuee,,Evacuee;77;in triage state;G;is at the evacuation site
0,666,evacuee,,Evacuee;156;in triage state;G;is at the evacuation site
0,669,evacuee,,Evacuee;300;in triage state;G;is at the evacuation site
0,672,evacuee,,Evacuee;165;in triage state;G;is at the evacuation site
0,675,evacuee,,Evacuee;454;in triage state;G;is at the evacuation site
0,678,evacuee,,Evacuee;440;in triage state;G;is at the evacuation site
0,681,evacuee,,Evacuee;76;in triage state;G;is at the evacuation site
0,684,evacuee,,Evacuee;431;in triage state;G;is at the evacuation site
0,687,evacuee,,Evacuee;74;in triage state;G;is at the evacuation site
0,690,evacuee,,Evacuee;363;in triage state;G;is at the evacuation site
0,693,evacuee,,Evacuee;251;in triage state;G;is at the evacuation site
0,696,evacuee,,Evacuee;128;in triage state;G;is at the evacuation site
0,699,evacuee,,Evacuee;134;in triage state;G;is at the evacuation site
0,702,evacuee,,Evacuee;199;in triage state;G;is at the evacuation site
0,705,evacuee,,Evacuee;66;in triage state;G;is at the evacuation site
0,708,evacuee,,Evacuee;62;in triage state;G;is at the evacuation site
0,711,evacuee,,Evacuee;223;in triage state;G;is at the evacuation site
0,714,evacuee,,Evacuee;135;in triage state;G;is at the evacuation site
0,717,evacuee,,Evacuee;15;in triage state;G;is at the evacuation site
0,720,evacuee,,Evacuee;474;in triage state;G;is at the evacuation site
0,723,evacuee,,Evacuee;17;in triage state;G;is at the evacuation site
0,726,evacuee,,Evacuee;481;in triage state;Y;is at the evacuation site
0,729,evacuee,,Evacuee;179;in triage state;G;is at the evacuation site
0,732,evacuee,,Evacuee;147;in triage state;G;is at the evacuation site
0,735,evacuee,,Evacuee;65;in triage state;G;is at the evacuation site
0,738,evacuee,,Evacuee;14;in triage state;G;is at the evacuation site
0,741,evacuee,,Evacuee;218;in triage state;G;is at the evacuation site
0,744,evacuee,,Evacuee;2;in triage state;G;is at the evacuation site
0,747,evacuee,,Evacuee;33;in triage state;G;is at the evacuation site
0,750,evacuee,,Evacuee;271;in triage state;G;is at the evacuation site
0,753,evacuee,,Evacuee;9;in triage state;G;is at the evacuation site
0,756,evacuee,,Evacuee;25;in triage state;G;is at the evacuation site
0,759,evacuee,,Evacuee;334;in triage state;G;is at the evacuation site
0,762,evacuee,,Evacuee;70;in triage state;G;is at the evacuation site
0,765,evacuee,,Evacuee;5;in triage state;G;is at the evacuation site
0,768,evacuee,,Evacuee;250;in triage state;G;is at the evacuation site
0,771,evacuee,,Evacuee;107;in triage state;G;is at the evacuation site
0,774,evacuee,,Evacuee;229;in triage state;G;is at the evacuation site
0,777,evacuee,,Evacuee;110;in triage state;G;is at the evacuation site
0,780,evacuee,,Evacuee;141;in triage state;G;is at the evacuation site
0,783,evacuee,,Evacuee;133;in triage state;G;is at the evacuation site
0,786,evacuee,,Evacuee;493;in triage state;Y;is at the evacuation site
0,789,evacuee,,Evacuee;473;in triage state;G;is at the evacuation site
0,792,evacuee,,Evacuee;400;in triage state;G;is at the evacuation site
0,795,evacuee,,Evacuee;268;in triage state;G;is at the evacuation site
0,798,evacuee,,Evacuee;100;in triage state;G;is at the evacuation site
0,801,evacuee,,Evacuee;29;in triage state;G;is at the evacuation site
0,804,evacuee,,Evacuee;158;in triage state;G;is at the evacuation site
0,807,evacuee,,Evacuee;187;in triage state;G;is at the evacuation site
0,810,evacuee,,Evacuee;85;in triage state;G;is at the evacuation site
0,813,evacuee,,Evacuee;487;in triage state;Y;is at the evacuation site
0,816,evacuee,,Evacuee;71;in triage state;G;is at the evacuation site
0,819,evacuee,,Evacuee;332;in triage state;G;is at the evacuation site
0,822,evacuee,,Evacuee;81;in triage state;G;is at the evacuation site
0,825,evacuee,,Evacuee;104;in triage state;G;is at the evacuation site
0,828,evacuee,,Evacuee;40;in triage state;G;is at the evacuation site
0,831,evacuee,,Evacuee;97;in triage state;G;is at the evacuation site
0,834,evacuee,,Evacuee;453;in triage state;G;is at the evacuation site
0,837,evacuee,,Evacuee;285;in triage state;G;is at the evacuation site
0,840,evacuee,,Evacuee;89;in triage state;G;is at the evacuation site
0,843,evacuee,,Evacuee;394;in triage state;G;is at the evacuation site
0,846,evacuee,,Evacuee;240;in triage state;G;is at the evacuation site
0,849,evacuee,,Evacuee;8;in triage state;G;is at the evacuation site
0,852,evacuee,,Evacuee;3;in triage state;G;is at the evacuation site
0,855,evacuee,,Evacuee;172;in triage state;G;is at the evacuation site
0,858,evacuee,,Evacuee;256;in triage state;G;is at the evacuation site
0,861,evacuee,,Evacuee;347;in triage state;G;is at the evacuation site
0,864,evacuee,,Evacuee;82;in triage state;G;is at the evacuation site
0,867,evacuee,,Evacuee;54;in triage state;G;is at the evacuation site
0,870,evacuee,,Evacuee;368;in triage state;G;is at the evacuation site
0,873,evacuee,,Evacuee;4;in triage state;G;is at the evacuation site
0,876,evacuee,,Evacuee;18;in triage state;G;is at the evacuation site
0,879,evacuee,,Evacuee;387;in triage state;G;is at the evacuation site
0,882,evacuee,,Evacuee;246;in triage state;G;is at the evacuation site
0,885,evacuee,,Evacuee;22;in triage state;G;is at the evacuation site
0,888,evacuee,,Evacuee;92;in triage state;G;is at the evacuation site
0,891,evacuee,,Evacuee;44;in triage state;G;is at the evacuation site
0,894,evacuee,,Evacuee;150;in triage state;G;is at the evacuation site
0,897,evacuee,,Evacuee;119;in triage state;G;is at the evacuation site
0,900,evacuee,,Evacuee;6;in triage state;G;is at the evacuation site
0,903,evacuee,,Evacuee;173;in triage state;G;is at the evacuation site
0,906,evacuee,,Evacuee;157;in triage state;G;is at the evacuation site
0,909,evacuee,,Evacuee;451;in triage state;G;is at the evacuation site
0,912,evacuee,,Evacuee;359;in triage state;G;is at the evacuation site
0,915,evacuee,,Evacuee;286;in triage state;G;is at the evacuation site
0,918,evacuee,,Evacuee;196;in triage state;G;is at the evacuation site
0,921,evacuee,,Evacuee;407;in triage state;G;is at the evacuation site
0,924,evacuee,,Evacuee;132;in triage state;G;is at the evacuation site
0,927,evacuee,,Evacuee;31;in triage state;G;is at the evacuation site
0,930,evacuee,,Evacuee;38;in triage state;G;is at the evacuation site
0,933,evacuee,,Evacuee;10;in triage state;G;is at the evacuation site
0,936,evacuee,,Evacuee;26;in triage state;G;is at the evacuation site
0,939,evacuee,,Evacuee;343;in triage state;G;is at the evacuation site
0,942,evacuee,,Evacuee;241;in triage state;G;is at the evacuation site
0,945,evacuee,,Evacuee;418;in triage state;G;is at the evacuation site
0,948,evacuee,,Evacuee;75;in triage state;G;is at the evacuation site
0,951,evacuee,,Evacuee;37;in triage state;G;is at the evacuation site
0,954,evacuee,,Evacuee;496;in triage state;Y;is at the evacuation site
0,957,evacuee,,Evacuee;209;in triage state;G;is at the evacuation site
0,960,evacuee,,Evacuee;402;in triage state;G;is at the evacuation site
0,963,evacuee,,Evacuee;320;in triage state;G;is at the evacuation site
0,966,evacuee,,Evacuee;116;in triage state;G;is at the evacuation site
0,969,evacuee,,Evacuee;61;in triage state;G;is at the evacuation site
0,972,evacuee,,Evacuee;52;in triage state;G;is at the evacuation site
0,975,evacuee,,Evacuee;41;in triage state;G;is at the evacuation site
0,978,evacuee,,Evacuee;304;in triage state;G;is at the evacuation site
0,981,evacuee,,Evacuee;154;in triage state;G;is at the evacuation site
0,984,evacuee,,Evacuee;421;in triage state;G;is at the evacuation site
0,987,evacuee,,Evacuee;405;in triage state;G;is at the evacuation site
0,990,evacuee,,Evacuee;21;in triage state;G;is at the evacuation site
0,993,evacuee,,Evacuee;68;in triage state;G;is at the evacuation site
0,996,evacuee,,Evacuee;72;in triage state;G;is at the evacuation site
0,999,evacuee,,Evacuee;46;in triage state;G;is at the evacuation site
0,1002,evacuee,,Evacuee;53;in triage state;G;is at the evacuation site
0,1005,evacuee,,Evacuee;220;in triage state;G;is at the evacuation site
0,1008,evacuee,,Evacuee;355;in triage state;G;is at the evacuation site
0,1011,evacuee,,Evacuee;23;in triage state;G;is at the evacuation site
0,1014,evacuee,,Evacuee;200;in triage state;G;is at the evacuation site
0,1017,evacuee,,Evacuee;255;in triage state;G;is at the evacuation site
0,1020,evacuee,,Evacuee;13;in triage state;G;is at the evacuation site
0,1023,evacuee,,Evacuee;24;in triage state;G;is at the evacuation site
0,1026,evacuee,,Evacuee;32;in triage state;G;is at the evacuation site
0,1029,evacuee,,Evacuee;34;in triage state;G;is at the evacuation site
0,1032,evacuee,,Evacuee;64;in triage state;G;is at the evacuation site
0,1035,evacuee,,Evacuee;429;in triage state;G;is at the evacuation site
0,1038,evacuee,,Evacuee;102;in triage state;G;is at the evacuation site
0,1041,evacuee,,Evacuee;160;in triage state;G;is at the evacuation site
0,1044,evacuee,,Evacuee;20;in triage state;G;is at the evacuation site
0,1047,evacuee,,Evacuee;35;in triage state;G;is at the evacuation site
0,1050,evacuee,,Evacuee;155;in triage state;G;is at the evacuation site
0,1053,evacuee,,Evacuee;36;in triage state;G;is at the evacuation site
0,1056,evacuee,,Evacuee;198;in triage state;G;is at the evacuation site
0,1059,evacuee,,Evacuee;84;in triage state;G;is at the evacuation site
0,1062,evacuee,,Evacuee;42;in triage state;G;is at the evacuation site
0,1065,evacuee,,Evacuee;91;in triage state;G;is at the evacuation site
0,1068,evacuee,,Evacuee;43;in triage state;G;is at the evacuation site
0,1071,evacuee,,Evacuee;30;in triage state;G;is at the evacuation site
0,1074,evacuee,,Evacuee;336;in triage state;G;is at the evacuation site
0,1077,evacuee,,Evacuee;307;in triage state;G;is at the evacuation site
0,1080,evacuee,,Evacuee;212;in triage state;G;is at the evacuation site
0,1083,evacuee,,Evacuee;391;in triage state;G;is at the evacuation site
0,1086,evacuee,,Evacuee;388;in triage state;G;is at the evacuation site
0,1089,evacuee,,Evacuee;55;in triage state;G;is at the evacuation site
0,1092,evacuee,,Evacuee;48;in triage state;G;is at the evacuation site
0,1095,evacuee,,Evacuee;144;in triage state;G;is at the evacuation site
0,1098,evacuee,,Evacuee;50;in triage state;G;is at the evacuation site
0,1101,evacuee,,Evacuee;19;in triage state;G;is at the evacuation site
0,1104,evacuee,,Evacuee;182;in triage state;G;is at the evacuation site
0,1107,evacuee,,Evacuee;490;in triage state;Y;is at the evacuation site
0,1110,evacuee,,Evacuee;266;in triage state;G;is at the evacuation site
0,1113,evacuee,,Evacuee;120;in triage state;G;is at the evacuation site
0,1116,evacuee,,Evacuee;94;in triage state;G;is at the evacuation site
0,1119,evacuee,,Evacuee;63;in triage state;G;is at the evacuation site
0,1122,evacuee,,Evacuee;175;in triage state;G;is at the evacuation site
0,1125,evacuee,,Evacuee;47;in triage state;G;is at the evacuation site
0,1128,evacuee,,Evacuee;56;in triage state;G;is at the evacuation site
0,1131,evacuee,,Evacuee;367;in triage state;G;is at the evacuation site
0,1134,evacuee,,Evacuee;364;in triage state;G;is at the evacuation site
0,1137,evacuee,,Evacuee;208;in triage state;G;is at the evacuation site
0,1140,evacuee,,Evacuee;57;in triage state;G;is at the evacuation site
0,1143,evacuee,,Evacuee;231;in triage state;G;is at the evacuation site
0,1146,evacuee,,Evacuee;261;in triage state;G;is at the evacuation site
0,1149,evacuee,,Evacuee;45;in triage state;G;is at the evacuation site
0,1156,evacuee,,Evacuee;263;in triage state;G;is at the evacuation site
0,1159,evacuee,,Evacuee;190;in triage state;G;is at the evacuation site
0,1162,evacuee,,Evacuee;465;in triage state;G;is at the evacuation site
0,1165,evacuee,,Evacuee;60;in triage state;G;is at the evacuation site
0,1168,evacuee,,Evacuee;385;in triage state;G;is at the evacuation site
0,1171,evacuee,,Evacuee;181;in triage state;G;is at the evacuation site
0,1174,evacuee,,Evacuee;416;in triage state;G;is at the evacuation site
0,1177,evacuee,,Evacuee;129;in triage state;G;is at the evacuation site
0,1180,evacuee,,Evacuee;308;in triage state;G;is at the evacuation site
0,1183,evacuee,,Evacuee;131;in triage state;G;is at the evacuation site
0,1186,evacuee,,Evacuee;137;in triage state;G;is at the evacuation site
0,1189,evacuee,,Evacuee;138;in triage state;G;is at the evacuation site
0,1192,evacuee,,Evacuee;265;in triage state;G;is at the evacuation site
0,1195,evacuee,,Evacuee;139;in triage state;G;is at the evacuation site
0,1198,evacuee,,Evacuee;194;in triage state;G;is at the evacuation site
0,1201,evacuee,,Evacuee;140;in triage state;G;is at the evacuation site
0,1204,evacuee,,Evacuee;130;in triage state;G;is at the evacuation site
0,1207,evacuee,,Evacuee;143;in triage state;G;is at the evacuation site
0,1210,evacuee,,Evacuee;149;in triage state;G;is at the evacuation site
0,1213,evacuee,,Evacuee;296;in triage state;G;is at the evacuation site
0,1216,evacuee,,Evacuee;151;in triage state;G;is at the evacuation site
0,1219,evacuee,,Evacuee;222;in triage state;G;is at the evacuation site
0,1222,evacuee,,Evacuee;152;in triage state;G;is at the evacuation site
0,1225,evacuee,,Evacuee;153;in triage state;G;is at the evacuation site
0,1228,evacuee,,Evacuee;67;in triage state;G;is at the evacuation site
0,1231,evacuee,,Evacuee;123;in triage state;G;is at the evacuation site
0,1234,evacuee,,Evacuee;159;in triage state;G;is at the evacuation site
0,1237,evacuee,,Evacuee;161;in triage state;G;is at the evacuation site
0,1240,evacuee,,Evacuee;28;in triage state;G;is at the evacuation site
0,1243,evacuee,,Evacuee;126;in triage state;G;is at the evacuation site
0,1246,evacuee,,Evacuee;234;in triage state;G;is at the evacuation site
0,1249,evacuee,,Evacuee;162;in triage state;G;is at the evacuation site
0,1252,evacuee,,Evacuee;163;in triage state;G;is at the evacuation site
0,1255,evacuee,,Evacuee;166;in triage state;G;is at the evacuation site
0,1258,evacuee,,Evacuee;16;in triage state;G;is at the evacuation site
0,1261,evacuee,,Evacuee;242;in triage state;G;is at the evacuation site
0,1264,evacuee,,Evacuee;178;in triage state;G;is at the evacuation site
0,1267,evacuee,,Evacuee;438;in triage state;G;is at the evacuation site
0,1270,evacuee,,Evacuee;146;in triage state;G;is at the evacuation site
0,1273,evacuee,,Evacuee;167;in triage state;G;is at the evacuation site
0,1276,evacuee,,Evacuee;145;in triage state;G;is at the evacuation site
0,1279,evacuee,,Evacuee;168;in triage state;G;is at the evacuation site
0,1282,evacuee,,Evacuee;176;in triage state;G;is at the evacuation site
0,1285,evacuee,,Evacuee;230;in triage state;G;is at the evacuation site
0,1288,evacuee,,Evacuee;169;in triage state;G;is at the evacuation site
0,1291,evacuee,,Evacuee;170;in triage state;G;is at the evacuation site
0,1294,evacuee,,Evacuee;171;in triage state;G;is at the evacuation site
0,1297,evacuee,,Evacuee;174;in triage state;G;is at the evacuation site
0,1300,evacuee,,Evacuee;177;in triage state;G;is at the evacuation site
0,1303,evacuee,,Evacuee;435;in triage state;G;is at the evacuation site
0,1306,evacuee,,Evacuee;58;in triage state;G;is at the evacuation site
0,1309,evacuee,,Evacuee;203;in triage state;G;is at the evacuation site
0,1312,evacuee,,Evacuee;232;in triage state;G;is at the evacuation site
0,1315,evacuee,,Evacuee;183;in triage state;G;is at the evacuation site
0,1318,evacuee,,Evacuee;184;in triage state;G;is at the evacuation site
0,1321,evacuee,,Evacuee;185;in triage state;G;is at the evacuation site
0,1324,evacuee,,Evacuee;186;in triage state;G;is at the evacuation site
0,1327,evacuee,,Evacuee;417;in triage state;G;is at the evacuation site
0,1330,evacuee,,Evacuee;217;in triage state;G;is at the evacuation site
0,1333,evacuee,,Evacuee;189;in triage state;G;is at the evacuation site
0,1336,evacuee,,Evacuee;253;in triage state;G;is at the evacuation site
0,1339,evacuee,,Evacuee;191;in triage state;G;is at the evacuation site
0,1342,evacuee,,Evacuee;314;in triage state;G;is at the evacuation site
0,1345,evacuee,,Evacuee;249;in triage state;G;is at the evacuation site
0,1348,evacuee,,Evacuee;193;in triage state;G;is at the evacuation site
0,1351,evacuee,,Evacuee;195;in triage state;G;is at the evacuation site
0,1354,evacuee,,Evacuee;399;in triage state;G;is at the evacuation site
0,1357,evacuee,,Evacuee;197;in triage state;G;is at the evacuation site
0,1360,evacuee,,Evacuee;450;in triage state;G;is at the evacuation site
0,1363,evacuee,,Evacuee;252;in triage state;G;is at the evacuation site
0,1366,evacuee,,Evacuee;329;in triage state;G;is at the evacuation site
0,1369,evacuee,,Evacuee;201;in triage state;G;is at the evacuation site
0,1372,evacuee,,Evacuee;11;in triage state;G;is at the evacuation site
0,1375,evacuee,,Evacuee;202;in triage state;G;is at the evacuation site
0,1378,evacuee,,Evacuee;390;in triage state;G;is at the evacuation site
0,1381,evacuee,,Evacuee;204;in triage state;G;is at the evacuation site
0,1384,evacuee,,Evacuee;275;in triage state;G;is at the evacuation site
0,1387,evacuee,,Evacuee;205;in triage state;G;is at the evacuation site
0,1390,evacuee,,Evacuee;323;in triage state;G;is at the evacuation site
0,1393,evacuee,,Evacuee;180;in triage state;G;is at the evacuation site
0,1396,evacuee,,Evacuee;206;in triage state;G;is at the evacuation site
0,1399,evacuee,,Evacuee;69;in triage state;G;is at the evacuation site
0,1402,evacuee,,Evacuee;207;in triage state;G;is at the evacuation site
0,1405,evacuee,,Evacuee;27;in triage state;G;is at the evacuation site
0,1408,evacuee,,Evacuee;211;in triage state;G;is at the evacuation site
0,1411,evacuee,,Evacuee;294;in triage state;G;is at the evacuation site
0,1414,evacuee,,Evacuee;214;in triage state;G;is at the evacuation site
0,1417,evacuee,,Evacuee;12;in triage state;G;is at the evacuation site
0,1420,evacuee,,Evacuee;216;in triage state;G;is at the evacuation site
0,1423,evacuee,,Evacuee;219;in triage state;G;is at the evacuation site
0,1426,evacuee,,Evacuee;221;in triage state;G;is at the evacuation site
0,1429,evacuee,,Evacuee;224;in triage state;G;is at the evacuation site
0,1432,evacuee,,Evacuee;339;in triage state;G;is at the evacuation site
0,1435,evacuee,,Evacuee;225;in triage state;G;is at the evacuation site
0,1438,evacuee,,Evacuee;164;in triage state;G;is at the evacuation site
0,1441,evacuee,,Evacuee;226;in triage state;G;is at the evacuation site
0,1444,evacuee,,Evacuee;464;in triage state;G;is at the evacuation site
0,1447,evacuee,,Evacuee;227;in triage state;G;is at the evacuation site
0,1450,evacuee,,Evacuee;267;in triage state;G;is at the evacuation site
0,1453,evacuee,,Evacuee;73;in triage state;G;is at the evacuation site
0,1456,evacuee,,Evacuee;233;in triage state;G;is at the evacuation site
0,1459,evacuee,,Evacuee;236;in triage state;G;is at the evacuation site
0,1462,evacuee,,Evacuee;7;in triage state;G;is at the evacuation site
0,1465,evacuee,,Evacuee;237;in triage state;G;is at the evacuation site
0,1468,evacuee,,Evacuee;238;in triage state;G;is at the evacuation site
0,1471,evacuee,,Evacuee;113;in triage state;G;is at the evacuation site
0,1474,evacuee,,Evacuee;239;in triage state;G;is at the evacuation site
0,1477,evacuee,,Evacuee;243;in triage state;G;is at the evacuation site
0,1480,evacuee,,Evacuee;96;in triage state;G;is at the evacuation site
0,1483,evacuee,,Evacuee;244;in triage state;G;is at the evacuation site
0,1486,evacuee,,Evacuee;247;in triage state;G;is at the evacuation site
0,1489,evacuee,,Evacuee;59;in triage state;G;is at the evacuation site
0,1492,evacuee,,Evacuee;248;in triage state;G;is at the evacuation site
0,1495,evacuee,,Evacuee;467;in triage state;G;is at the evacuation site
0,1498,evacuee,,Evacuee;298;in triage state;G;is at the evacuation site
0,1501,evacuee,,Evacuee;254;in triage state;G;is at the evacuation site
0,1504,evacuee,,Evacuee;257;in triage state;G;is at the evacuation site
0,1507,evacuee,,Evacuee;210;in triage state;G;is at the evacuation site
0,1510,evacuee,,Evacuee;258;in triage state;G;is at the evacuation site
0,5,helicopterQueue,,;No helos are waiting to land
2.80717,3,evacueeManager,,OFF SHIP: White;0;Green;474;Yellow;21;Red;5;Black;0;ON SHIP: White;0;Green;0;Yellow;0;Red;0;Evacuees to Transfer;
2.80717,648,evacuee,outES,Evacuee 98 in triage category G is not assigned a helicopter
2.80717,648,evacuee,,Evacuee;98;in triage state;Y;is at the evacuation site
3.5069,3,evacueeManager,,OFF SHIP: White;0;Green;474;Yellow;21;Red;4;Black;1;ON SHIP: White;0;Green;0;Yellow;0;Red;0;Evacuees to Transfer;
3.5069,35,evacuee,outES,Evacuee 499 in triage category R is not assigned a helicopter
3.5069,35,evacuee,,Evacuee;499;in triage state;B;is at the evacuation site
4.62398,3,evacueeManager,,OFF SHIP: White;0;Green;473;Yellow;22;Red;4;Black;1;ON SHIP: White;0;Green;0;Yellow;0;Red;0;Evacuees to Transfer;
4.62398,861,evacuee,outES,Evacuee 347 in triage category G is not assigned a helicopter
4.62398,861,evacuee,,Evacuee;347;in triage state;Y;is at the evacuation site
9.41813,3,evacueeManager,,OFF SHIP: White;0;Green;472;Yellow;23;Red;4;Black;1;ON SHIP: White;0;Green;0;Yellow;0;Red;0;Evacuees to Transfer;
9.41813,372,evacuee,outES,Evacuee 290 in triage category G is not assigned a helicopter
9.41813,372,evacuee,,Evacuee;290;in triage state;Y;is at the evacuation site
15.6582,3,evacueeManager,,OFF SHIP: White;0;Green;471;Yellow;24;Red;4;Black;1;ON SHIP: White;0;Green;0;Yellow;0;Red;0;Evacuees to Transfer;
15.6582,1363,evacuee,outES,Evacuee 252 in triage category G is not assigned a helicopter
15.6582,1363,evacuee,,Evacuee;252;in triage state;Y;is at the evacuation site
19.5852,3,evacueeManager,,OFF SHIP: White;0;Green;470;Yellow;25;Red;4;Black;1;ON SHIP: White;0;Green;0;Yellow;0;Red;0;Evacuees to Transfer;
19.5852,1291,evacuee,outES,Evacuee 170 in triage category G is not assigned a helicopter
19.5852,1291,evacuee,,Evacuee;170;in triage state;Y;is at the evacuation site
24.5711,3,evacueeManager,,OFF SHIP: White;0;Green;469;Yellow;26;Red;4;Black;1;ON SHIP: White;0;Green;0;Yellow;0;Red;0;Evacuees to Transfer;
24.5711,1074,evacuee,outES,Evacuee 336 in triage category G is not assigned a helicopter
24.5711,1074,evacuee,,Evacuee;336;in triage state;Y;is at the evacuation site
26.9557,3,evacueeManager,,OFF SHIP: White;0;Green;468;Yellow;27;Red;4;Black;1;ON SHIP: White;0;Green;0;Yellow;0;Red;0;Evacuees to Transfer;
26.9557,309,evacuee,outES,Evacuee 321 in triage category G is not assigned a helicopter
26.9557,309,evacuee,,Evacuee;321;in triage state;Y;is at the evacuation site
34.2342,3,evacueeManager,,OFF SHIP: White;0;Green;467;Yellow;28;Red;4;Black;1;ON SHIP: White;0;Green;0;Yellow;0;Red;0;Evacuees to Transfer;
34.2342,104,evacuee,outES,Evacuee 434 in triage category G is not assigned a helicopter
34.2342,104,evacuee,,Evacuee;434;in triage state;Y;is at the evacuation site
35.0134,3,evacueeManager,,OFF SHIP: White;0;Green;466;Yellow;29;Red;4;Black;1;ON SHIP: White;0;Green;0;Yellow;0;Red;0;Evacuees to Transfer;
35.0134,444,evacuee,outES,Evacuee 260 in triage category G is not assigned a helicopter
35.0134,444,evacuee,,Evacuee;260;in triage state;Y;is at the evacuation site
39.8646,3,evacueeManager,,OFF SHIP: White;0;Green;466;Yellow;28;Red;5;Black;1;ON SHIP: White;0;Green;0;Yellow;0;Red;0;Evacuees to Transfer;
39.8646,38,evacuee,outES,Evacuee 479 in triage category Y is not assigned a helicopter
39.8646,38,evacuee,,Evacuee;479;in triage state;R;is at the evacuation site
48.0091,3,evacueeManager,,OFF SHIP: White;0;Green;465;Yellow;29;Red;5;Black;1;ON SHIP: White;0;Green;0;Yellow;0;Red;0;Evacuees to Transfer;
48.0091,1146,evacuee,outES,Evacuee 261 in triage category G is not assigned a helicopter
48.0091,1146,evacuee,,Evacuee;261;in triage state;Y;is at the evacuation site
48.792,3,evacueeManager,,OFF SHIP: White;0;Green;464;Yellow;30;Red;5;Black;1;ON SHIP: White;0;Green;0;Yellow;0;Red;0;Evacuees to Transfer;
48.792,1507,evacuee,outES,Evacuee 210 in triage category G is not assigned a helicopter
48.792,1507,evacuee,,Evacuee;210;in triage state;Y;is at the evacuation site
57.3597,3,evacueeManager,,OFF SHIP: White;0;Green;463;Yellow;31;Red;5;Black;1;ON SHIP: White;0;Green;0;Yellow;0;Red;0;Evacuees to Transfer;
57.3597,1435,evacuee,outES,Evacuee 225 in triage category G is not assigned a helicopter
57.3597,1435,evacuee,,Evacuee;225;in triage state;Y;is at the evacuation site
57.6118,3,evacueeManager,,OFF SHIP: White;0;Green;463;Yellow;30;Red;6;Black;1;ON SHIP: White;0;Green;0;Yellow;0;Red;0;Evacuees to Transfer;
57.6118,726,evacuee,outES,Evacuee 481 in triage category Y is not assigned a helicopter
57.6118,726,evacuee,,Evacuee;481;in triage state;R;is at the evacuation site
62.8574,3,evacueeManager,,OFF SHIP: White;0;Green;463;Yellow;29;Red;7;Black;1;ON SHIP: White;0;Green;0;Yellow;0;Red;0;Evacuees to Transfer;
62.8574,41,evacuee,outES,Evacuee 478 in triage category Y is not assigned a helicopter
62.8574,41,evacuee,,Evacuee;478;in triage state;R;is at the evacuation site
62.9202,3,evacueeManager,,OFF SHIP: White;0;Green;463;Yellow;28;Red;8;Black;1;ON SHIP: White;0;Green;0;Yellow;0;Red;0;Evacuees to Transfer;
62.9202,585,evacuee,outES,Evacuee 485 in triage category Y is not assigned a helicopter
62.9202,585,evacuee,,Evacuee;485;in triage state;R;is at the evacuation site
66.8527,3,evacueeManager,,OFF SHIP: White;0;Green;462;Yellow;29;Red;8;Black;1;ON SHIP: White;0;Green;0;Yellow;0;Red;0;Evacuees to Transfer;
66.8527,933,evacuee,outES,Evacuee 10 in triage category G is not assigned a helicopter
66.8527,933,evacuee,,Evacuee;10;in triage state;Y;is at the evacuation site
67.7529,3,evacueeManager,,OFF SHIP: White;0;Green;461;Yellow;30;Red;8;Black;1;ON SHIP: White;0;Green;0;Yellow;0;Red;0;Evacuees to Transfer;
67.7529,516,evacuee,outES,Evacuee 302 in triage category G is not assigned a helicopter
67.7529,516,evacuee,,Evacuee;302;in triage state;Y;is at the evacuation site
69.7802,3,evacueeManager,,OFF SHIP: White;0;Green;460;Yellow;31;Red;8;Black;1;ON SHIP: White;0;Green;0;Yellow;0;Red;0;Evacuees to Transfer;
69.7802,1005,evacuee,outES,Evacuee 220 in triage category G is not assigned a helicopter
69.7802,1005,evacuee,,Evacuee;220;in triage state;Y;is at the evacuation site
79.1804,3,evacueeManager,,OFF SHIP: White;0;Green;460;Yellow;31;Red;7;Black;2;ON SHIP: White;0;Green;0;Yellow;0;Red;0;Evacuees to Transfer;
79.1804,279,evacuee,outES,Evacuee 503 in triage category R is not assigned a helicopter
79.1804,279,evacuee,,Evacuee;503;in triage state;B;is at the evacuation site
85.8204,3,evacueeManager,,OFF SHIP: White;0;Green;459;Yellow;32;Red;7;Black;2;ON SHIP: White;0;Green;0;Yellow;0;Red;0;Evacuees to Transfer;
85.8204,720,evacuee,outES,Evacuee 474 in triage category G is not assigned a helicopter
85.8204,720,evacuee,,Evacuee;474;in triage state;Y;is at the evacuation site
89.9773,3,evacueeManager,,OFF SHIP: White;0;Green;459;Yellow;32;Red;6;Black;3;ON SHIP: White;0;Green;0;Yellow;0;Red;0;Evacuees to Transfer;
89.9773,8,evacuee,outES,Evacuee 501 in triage category R is not assigned a helicopter
89.9773,8,evacuee,,Evacuee;501;in triage state;B;is at the evacuation site
95.7493,3,evacueeManager,,OFF SHIP: White;0;Green;458;Yellow;33;Red;6;Black;3;ON SHIP: White;0;Green;0;Yellow;0;Red;0;Evacuees to Transfer;
95.7493,792,evacuee,outES,Evacuee 400 in triage category G is not assigned a helicopter
95.7493,792,evacuee,,Evacuee;400;in triage state;Y;is at the evacuation site
107.347,3,evacueeManager,,OFF SHIP: White;0;Green;458;Yellow;32;Red;7;Black;3;ON SHIP: White;0;Green;0;Yellow;0;Red;0;Evacuees to Transfer;
107.347,1435,evacuee,outES,Evacuee 225 in triage category Y is not assigned a helicopter
107.347,1435,evacuee,,Evacuee;225;in triage state;R;is at the evacuation site
109.575,3,evacueeManager,,OFF SHIP: White;0;Green;458;Yellow;32;Red;6;Black;4;ON SHIP: White;0;Green;0;Yellow;0;Red;0;Evacuees to Transfer;
109.575,11,evacuee,outES,Evacuee 500 in triage category R is not assigned a helicopter
109.575,11,evacuee,,Evacuee;500;in triage state;B;is at the evacuation site
110.359,3,evacueeManager,,OFF SHIP: White;0;Green;458;Yellow;32;Red;5;Black;5;ON SHIP: White;0;Green;0;Yellow;0;Red;0;Evacuees to Transfer;
110.359,585,evacuee,outES,Evacuee 485 in triage category R is not assigned a helicopter
110.359,585,evacuee,,Evacuee;485;in triage state;B;is at the evacuation site
112.564,3,evacueeManager,,OFF SHIP: White;0;Green;457;Yellow;33;Red;5;Black;5;ON SHIP: White;0;Green;0;Yellow;0;Red;0;Evacuees to Transfer;
112.564,579,evacuee,outES,Evacuee 142 in triage category G is not assigned a helicopter
112.564,579,evacuee,,Evacuee;142;in triage state;Y;is at the evacuation site
113.537,3,evacueeManager,,OFF SHIP: White;0;Green;456;Yellow;34;Red;5;Black;5;ON SHIP: White;0;Green;0;Yellow;0;Red;0;Evacuees to Transfer;
113.537,1222,evacuee,outES,Evacuee 152 in triage category G is not assigned a helicopter
113.537,1222,evacuee,,Evacuee;152;in triage state;Y;is at the evacuation site
114.108,3,evacueeManager,,OFF SHIP: White;0;Green;455;Yellow;35;Red;5;Black;5;ON SHIP: White;0;Green;0;Yellow;0;Red;0;Evacuees to Transfer;
114.108,240,evacuee,outES,Evacuee 360 in triage category G is not assigned a helicopter
114.108,240,evacuee,,Evacuee;360;in triage state;Y;is at the evacuation site
126.209,3,evacueeManager,,OFF SHIP: White;0;Green;455;Yellow;35;Red;4;Black;6;ON SHIP: White;0;Green;0;Yellow;0;Red;0;Evacuees to Transfer;
126.209,38,evacuee,outES,Evacuee 479 in triage category R is not assigned a helicopter
126.209,38,evacuee,,Evacuee;479;in triage state;B;is at the evacuation site
129.191,3,evacueeManager,,OFF SHIP: White;0;Green;454;Yellow;36;Red;4;Black;6;ON SHIP: White;0;Green;0;Yellow;0;Red;0;Evacuees to Transfer;
129.191,864,evacuee,outES,Evacuee 82 in triage category G is not assigned a helicopter
129.191,864,evacuee,,Evacuee;82;in triage state;Y;is at the evacuation site
132.144,3,evacueeManager,,OFF SHIP: White;0;Green;454;Yellow;36;Red;3;Black;7;ON SHIP: White;0;Green;0;Yellow;0;Red;0;Evacuees to Transfer;
132.144,498,evacuee,outES,Evacuee 502 in triage category R is not assigned a helicopter
132.144,498,evacuee,,Evacuee;502;in triage state;B;is at the evacuation site
134.37,3,evacueeManager,,OFF SHIP: White;0;Green;453;Yellow;37;Red;3;Black;7;ON SHIP: White;0;Green;0;Yellow;0;Red;0;Evacuees to Transfer;
134.37,651,evacuee,outES,Evacuee 356 in triage category G is not assigned a helicopter
134.37,651,evacuee,,Evacuee;356;in triage state;Y;is at the evacuation site
135.984,3,evacueeManager,,OFF SHIP: White;0;Green;452;Yellow;38;Red;3;Black;7;ON SHIP: White;0;Green;0;Yellow;0;Red;0;Evacuees to Transfer;
135.984,1366,evacuee,outES,Evacuee 329 in triage category G is not assigned a helicopter
135.984,1366,evacuee,,Evacuee;329;in triage state;Y;is at the evacuation site
136.398,3,evacueeManager,,OFF SHIP: White;0;Green;452;Yellow;38;Red;2;Black;8;ON SHIP: White;0;Green;0;Yellow;0;Red;0;Evacuees to Transfer;
136.398,1435,evacuee,outES,Evacuee 225 in triage category R is not assigned a helicopter
136.398,1435,evacuee,,Evacuee;225;in triage state;B;is at the evacuation site
136.559,3,evacueeManager,,OFF SHIP: White;0;Green;451;Yellow;39;Red;2;Black;8;ON SHIP: White;0;Green;0;Yellow;0;Red;0;Evacuees to Transfer;
136.559,375,evacuee,outES,Evacuee 350 in triage category G is not assigned a helicopter
136.559,375,evacuee,,Evacuee;350;in triage state;Y;is at the evacuation site
144.815,3,evacueeManager,,OFF SHIP: White;0;Green;450;Yellow;40;Red;2;Black;8;ON SHIP: White;0;Green;0;Yellow;0;Red;0;Evacuees to Transfer;
144.815,1294,evacuee,outES,Evacuee 171 in triage category G is not assigned a helicopter
144.815,1294,evacuee,,Evacuee;171;in triage state;Y;is at the evacuation site
150.023,3,evacueeManager,,OFF SHIP: White;0;Green;449;Yellow;41;Red;2;Black;8;ON SHIP: White;0;Green;0;Yellow;0;Red;0;Evacuees to Transfer;
150.023,1077,evacuee,outES,Evacuee 307 in triage category G is not assigned a helicopter
150.023,1077,evacuee,,Evacuee;307;in triage state;Y;is at the evacuation site
152.514,3,evacueeManager,,OFF SHIP: White;0;Green;448;Yellow;42;Red;2;Black;8;ON SHIP: White;0;Green;0;Yellow;0;Red;0;Evacuees to Transfer;
152.514,312,evacuee,outES,Evacuee 319 in triage category G is not assigned a helicopter
152.514,312,evacuee,,Evacuee;319;in triage state;Y;is at the evacuation site
152.803,3,evacueeManager,,OFF SHIP: White;0;Green;448;Yellow;41;Red;3;Black;8;ON SHIP: White;0;Green;0;Yellow;0;Red;0;Evacuees to Transfer;
152.803,185,evacuee,outES,Evacuee 480 in triage category Y is not assigned a helicopter
152.803,185,evacuee,,Evacuee;480;in triage state;R;is at the evacuation site
153.789,3,evacueeManager,,OFF SHIP: White;0;Green;447;Yellow;42;Red;3;Black;8;ON SHIP: White;0;Green;0;Yellow;0;Red;0;Evacuees to Transfer;
153.789,447,evacuee,outES,Evacuee 259 in triage category G is not assigned a helicopter
153.789,447,evacuee,,Evacuee;259;in triage state;Y;is at the evacuation site
162.501,3,evacueeManager,,OFF SHIP: White;0;Green;446;Yellow;43;Red;3;Black;8;ON SHIP: White;0;Green;0;Yellow;0;Red;0;Evacuees to Transfer;
162.501,107,evacuee,outES,Evacuee 433 in triage category G is not assigned a helicopter
162.501,107,evacuee,,Evacuee;433;in triage state;Y;is at the evacuation site
175.327,3,evacueeManager,,OFF SHIP: White;0;Green;445;Yellow;44;Red;3;Black;8;ON SHIP: White;0;Green;0;Yellow;0;Red;0;Evacuees to Transfer;
175.327,1510,evacuee,outES,Evacuee 258 in triage category G is not assigned a helicopter
175.327,1510,evacuee,,Evacuee;258;in triage state;Y;is at the evacuation site
175.831,3,evacueeManager,,OFF SHIP: White;0;Green;445;Yellow;43;Red;4;Black;8;ON SHIP: White;0;Green;0;Yellow;0;Red;0;Evacuees to Transfer;
175.831,447,evacuee,outES,Evacuee 259 in triage category Y is not assigned a helicopter
175.831,447,evacuee,,Evacuee;259;in triage state;R;is at the evacuation site
176.904,3,evacueeManager,,OFF SHIP: White;0;Green;444;Yellow;44;Red;4;Black;8;ON SHIP: White;0;Green;0;Yellow;0;Red;0;Evacuees to Transfer;
176.904,1149,evacuee,outES,Evacuee 45 in triage category G is not assigned a helicopter
176.904,1149,evacuee,,Evacuee;45;in triage state;Y;is at the evacuation site
181.51,3,evacueeManager,,OFF SHIP: White;0;Green;444;Yellow;43;Red;5;Black;8;ON SHIP: White;0;Green;0;Yellow;0;Red;0;Evacuees to Transfer;
181.51,954,evacuee,outES,Evacuee 496 in triage category Y is not assigned a helicopter
181.51,954,evacuee,,Evacuee;496;in triage state;R;is at the evacuation site
181.878,3,evacueeManager,,OFF SHIP: White;0;Green;443;Yellow;44;Red;5;Black;8;ON SHIP: White;0;Green;0;Yellow;0;Red;0;Evacuees to Transfer;
181.878,1438,evacuee,outES,Evacuee 164 in triage category G is not assigned a helicopter
181.878,1438,evacuee,,Evacuee;164;in triage state;Y;is at the evacuation site
189.506,3,evacueeManager,,OFF SHIP: White;0;Green;443;Yellow;43;Red;6;Black;8;ON SHIP: White;0;Green;0;Yellow;0;Red;0;Evacuees to Transfer;
189.506,813,evacuee,outES,Evacuee 487 in triage category Y is not assigned a helicopter
189.506,813,evacuee,,Evacuee;487;in triage state;R;is at the evacuation site
190.055,3,evacueeManager,,OFF SHIP: White;0;Green;443;Yellow;43;Red;5;Black;9;ON SHIP: White;0;Green;0;Yellow;0;Red;0;Evacuees to Transfer;
190.055,954,evacuee,outES,Evacuee 496 in triage category R is not assigned a helicopter
190.055,954,evacuee,,Evacuee;496;in triage state;B;is at the evacuation site
194.201,3,evacueeManager,,OFF SHIP: White;0;Green;442;Yellow;44;Red;5;Black;9;ON SHIP: White;0;Green;0;Yellow;0;Red;0;Evacuees to Transfer;
194.201,936,evacuee,outES,Evacuee 26 in triage category G is not assigned a helicopter
194.201,936,evacuee,,Evacuee;26;in triage state;Y;is at the evacuation site
195.142,3,evacueeManager,,OFF SHIP: White;0;Green;441;Yellow;45;Red;5;Black;9;ON SHIP: White;0;Green;0;Yellow;0;Red;0;Evacuees to Transfer;
195.142,519,evacuee,outES,Evacuee 112 in triage category G is not assigned a helicopter
195.142,519,evacuee,,Evacuee;112;in triage state;Y;is at the evacuation site
199.676,3,evacueeManager,,OFF SHIP: White;0;Green;440;Yellow;46;Red;5;Black;9;ON SHIP: White;0;Green;0;Yellow;0;Red;0;Evacuees to Transfer;
199.676,1008,evacuee,outES,Evacuee 355 in triage category G is not assigned a helicopter
199.676,1008,evacuee,,Evacuee;355;in triage state;Y;is at the evacuation site
208.678,3,evacueeManager,,OFF SHIP: White;0;Green;440;Yellow;45;Red;6;Black;9;ON SHIP: White;0;Green;0;Yellow;0;Red;0;Evacuees to Transfer;
208.678,1008,evacuee,outES,Evacuee 355 in triage category Y is not assigned a helicopter
208.678,1008,evacuee,,Evacuee;355;in triage state;R;is at the evacuation site
209.178,3,evacueeManager,,OFF SHIP: White;0;Green;439;Yellow;46;Red;6;Black;9;ON SHIP: White;0;Green;0;Yellow;0;Red;0;Evacuees to Transfer;
209.178,723,evacuee,outES,Evacuee 17 in triage category G is not assigned a helicopter
209.178,723,evacuee,,Evacuee;17;in triage state;Y;is at the evacuation site
219.666,3,evacueeManager,,OFF SHIP: White;0;Green;439;Yellow;45;Red;7;Black;9;ON SHIP: White;0;Green;0;Yellow;0;Red;0;Evacuees to Transfer;
219.666,104,evacuee,outES,Evacuee 434 in triage category Y is not assigned a helicopter
219.666,104,evacuee,,Evacuee;434;in triage state;R;is at the evacuation site
221.976,3,evacueeManager,,OFF SHIP: White;0;Green;438;Yellow;46;Red;7;Black;9;ON SHIP: White;0;Green;0;Yellow;0;Red;0;Evacuees to Transfer;
221.976,795,evacuee,outES,Evacuee 268 in triage category G is not assigned a helicopter
221.976,795,evacuee,,Evacuee;268;in triage state;Y;is at the evacuation site
224.345,3,evacueeManager,,OFF SHIP: White;0;Green;438;Yellow;45;Red;8;Black;9;ON SHIP: White;0;Green;0;Yellow;0;Red;0;Evacuees to Transfer;
224.345,312,evacuee,outES,Evacuee 319 in triage category Y is not assigned a helicopter
224.345,312,evacuee,,Evacuee;319;in triage state;R;is at the evacuation site
225.626,3,evacueeManager,,OFF SHIP: White;0;Green;438;Yellow;45;Red;7;Black;10;ON SHIP: White;0;Green;0;Yellow;0;Red;0;Evacuees to Transfer;
225.626,41,evacuee,outES,Evacuee 478 in triage category R is not assigned a helicopter
225.626,41,evacuee,,Evacuee;478;in triage state;B;is at the evacuation site
231.148,3,evacueeManager,,OFF SHIP: White;0;Green;438;Yellow;44;Red;8;Black;10;ON SHIP: White;0;Green;0;Yellow;0;Red;0;Evacuees to Transfer;
231.148,444,evacuee,outES,Evacuee 260 in triage category Y is not assigned a helicopter
231.148,444,evacuee,,Evacuee;260;in triage state;R;is at the evacuation site
239.546,3,evacueeManager,,OFF SHIP: White;0;Green;437;Yellow;45;Red;8;Black;10;ON SHIP: White;0;Green;0;Yellow;0;Red;0;Evacuees to Transfer;
239.546,582,evacuee,outES,Evacuee 99 in triage category G is not assigned a helicopter
239.546,582,evacuee,,Evacuee;99;in triage state;Y;is at the evacuation site
243.611,3,evacueeManager,,OFF SHIP: White;0;Green;436;Yellow;46;Red;8;Black;10;ON SHIP: White;0;Green;0;Yellow;0;Red;0;Evacuees to Transfer;
243.611,243,evacuee,outES,Evacuee 357 in triage category G is not assigned a helicopter
243.611,243,evacuee,,Evacuee;357;in triage state;Y;is at the evacuation site
245.467,3,evacueeManager,,OFF SHIP: White;0;Green;435;Yellow;47;Red;8;Black;10;ON SHIP: White;0;Green;0;Yellow;0;Red;0;Evacuees to Transfer;
245.467,1225,evacuee,outES,Evacuee 153 in triage category G is not assigned a helicopter
245.467,1225,evacuee,,Evacuee;153;in triage state;Y;is at the evacuation site
247.253,3,evacueeManager,,OFF SHIP: White;0;Green;435;Yellow;47;Red;7;Black;11;ON SHIP: White;0;Green;0;Yellow;0;Red;0;Evacuees to Transfer;
247.253,444,evacuee,outES,Evacuee 260 in triage category R is not assigned a helicopter
247.253,444,evacuee,,Evacuee;260;in triage state;B;is at the evacuation site
252.85,3,evacueeManager,,OFF SHIP: White;0;Green;435;Yellow;46;Red;8;Black;11;ON SHIP: White;0;Green;0;Yellow;0;Red;0;Evacuees to Transfer;
252.85,1507,evacuee,outES,Evacuee 210 in triage category Y is not assigned a helicopter
252.85,1507,evacuee,,Evacuee;210;in triage state;R;is at the evacuation site
256.42,3,evacueeManager,,OFF SHIP: White;0;Green;435;Yellow;46;Red;7;Black;12;ON SHIP: White;0;Green;0;Yellow;0;Red;0;Evacuees to Transfer;
256.42,813,evacuee,outES,Evacuee 487 in triage category R is not assigned a helicopter
256.42,813,evacuee,,Evacuee;487;in triage state;B;is at the evacuation site
256.924,3,evacueeManager,,OFF SHIP: White;0;Green;434;Yellow;47;Red;7;Black;12;ON SHIP: White;0;Green;0;Yellow;0;Red;0;Evacuees to Transfer;
256.924,867,evacuee,outES,Evacuee 54 in triage category G is not assigned a helicopter
256.924,867,evacuee,,Evacuee;54;in triage state;Y;is at the evacuation site
259.649,3,evacueeManager,,OFF SHIP: White;0;Green;434;Yellow;47;Red;6;Black;13;ON SHIP: White;0;Green;0;Yellow;0;Red;0;Evacuees to Transfer;
259.649,312,evacuee,outES,Evacuee 319 in triage category R is not assigned a helicopter
259.649,312,evacuee,,Evacuee;319;in triage state;B;is at the evacuation site
261.482,3,evacueeManager,,OFF SHIP: White;0;Green;434;Yellow;47;Red;5;Black;14;ON SHIP: White;0;Green;0;Yellow;0;Red;0;Evacuees to Transfer;
261.482,104,evacuee,outES,Evacuee 434 in triage category R is not assigned a helicopter
261.482,104,evacuee,,Evacuee;434;in triage state;B;is at the evacuation site
264.628,3,evacueeManager,,OFF SHIP: White;0;Green;433;Yellow;48;Red;5;Black;14;ON SHIP: White;0;Green;0;Yellow;0;Red;0;Evacuees to Transfer;
264.628,378,evacuee,outES,Evacuee 288 in triage category G is not assigned a helicopter
264.628,378,evacuee,,Evacuee;288;in triage state;Y;is at the evacuation site
264.809,3,evacueeManager,,OFF SHIP: White;0;Green;432;Yellow;49;Red;5;Black;14;ON SHIP: White;0;Green;0;Yellow;0;Red;0;Evacuees to Transfer;
264.809,654,evacuee,outES,Evacuee 78 in triage category G is not assigned a helicopter
264.809,654,evacuee,,Evacuee;78;in triage state;Y;is at the evacuation site
266.497,3,evacueeManager,,OFF SHIP: White;0;Green;431;Yellow;50;Red;5;Black;14;ON SHIP: White;0;Green;0;Yellow;0;Red;0;Evacuees to Transfer;
266.497,1369,evacuee,outES,Evacuee 201 in triage category G is not assigned a helicopter
266.497,1369,evacuee,,Evacuee;201;in triage state;Y;is at the evacuation site
270.782,3,evacueeManager,,OFF SHIP: White;0;Green;430;Yellow;51;Red;5;Black;14;ON SHIP: White;0;Green;0;Yellow;0;Red;0;Evacuees to Transfer;
270.782,1297,evacuee,outES,Evacuee 174 in triage category G is not assigned a helicopter
270.782,1297,evacuee,,Evacuee;174;in triage state;Y;is at the evacuation site
273.743,3,evacueeManager,,OFF SHIP: White;0;Green;429;Yellow;52;Red;5;Black;14;ON SHIP: White;0;Green;0;Yellow;0;Red;0;Evacuees to Transfer;
273.743,1080,evacuee,outES,Evacuee 212 in triage category G is not assigned a helicopter
273.743,1080,evacuee,,Evacuee;212;in triage state;Y;is at the evacuation site
281.309,3,evacueeManager,,OFF SHIP: White;0;Green;428;Yellow;53;Red;5;Black;14;ON SHIP: White;0;Green;0;Yellow;0;Red;0;Evacuees to Transfer;
281.309,315,evacuee,outES,Evacuee 318 in triage category G is not assigned a helicopter
281.309,315,evacuee,,Evacuee;318;in triage state;Y;is at the evacuation site
287.621,3,evacueeManager,,OFF SHIP: White;0;Green;427;Yellow;54;Red;5;Black;14;ON SHIP: White;0;Green;0;Yellow;0;Red;0;Evacuees to Transfer;
287.621,450,evacuee,outES,Evacuee 125 in triage category G is not assigned a helicopter
287.621,450,evacuee,,Evacuee;125;in triage state;Y;is at the evacuation site
291.754,3,evacueeManager,,OFF SHIP: White;0;Green;426;Yellow;55;Red;5;Black;14;ON SHIP: White;0;Green;0;Yellow;0;Red;0;Evacuees to Transfer;
291.754,110,evacuee,outES,Evacuee 428 in triage category G is not assigned a helicopter
291.754,110,evacuee,,Evacuee;428;in triage state;Y;is at the evacuation site
294.187,3,evacueeManager,,OFF SHIP: White;0;Green;426;Yellow;55;Red;4;Black;15;ON SHIP: White;0;Green;0;Yellow;0;Red;0;Evacuees to Transfer;
294.187,447,evacuee,outES,Evacuee 259 in triage category R is not assigned a helicopter
294.187,447,evacuee,,Evacuee;259;in triage state;B;is at the evacuation site
296.204,3,evacueeManager,,OFF SHIP: White;0;Green;426;Yellow;54;Red;5;Black;15;ON SHIP: White;0;Green;0;Yellow;0;Red;0;Evacuees to Transfer;
296.204,861,evacuee,outES,Evacuee 347 in triage category Y is not assigned a helicopter
296.204,861,evacuee,,Evacuee;347;in triage state;R;is at the evacuation site
296.605,3,evacueeManager,,OFF SHIP: White;0;Green;426;Yellow;53;Red;6;Black;15;ON SHIP: White;0;Green;0;Yellow;0;Red;0;Evacuees to Transfer;
296.605,795,evacuee,outES,Evacuee 268 in triage category Y is not assigned a helicopter
296.605,795,evacuee,,Evacuee;268;in triage state;R;is at the evacuation site
304.969,3,evacueeManager,,OFF SHIP: White;0;Green;426;Yellow;52;Red;7;Black;15;ON SHIP: White;0;Green;0;Yellow;0;Red;0;Evacuees to Transfer;
304.969,1107,evacuee,outES,Evacuee 490 in triage category Y is not assigned a helicopter
304.969,1107,evacuee,,Evacuee;490;in triage state;R;is at the evacuation site
314.537,3,evacueeManager,,OFF SHIP: White;0;Green;425;Yellow;53;Red;7;Black;15;ON SHIP: White;0;Green;0;Yellow;0;Red;0;Evacuees to Transfer;
314.537,1441,evacuee,outES,Evacuee 226 in triage category G is not assigned a helicopter
314.537,1441,evacuee,,Evacuee;226;in triage state;Y;is at the evacuation site
315.067,3,evacueeManager,,OFF SHIP: White;0;Green;425;Yellow;52;Red;8;Black;15;ON SHIP: White;0;Green;0;Yellow;0;Red;0;Evacuees to Transfer;
315.067,1291,evacuee,outES,Evacuee 170 in triage category Y is not assigned a helicopter
315.067,1291,evacuee,,Evacuee;170;in triage state;R;is at the evacuation site
316.384,3,evacueeManager,,OFF SHIP: White;0;Green;425;Yellow;52;Red;7;Black;16;ON SHIP: White;0;Green;0;Yellow;0;Red;0;Evacuees to Transfer;
316.384,185,evacuee,outES,Evacuee 480 in triage category R is not assigned a helicopter
316.384,185,evacuee,,Evacuee;480;in triage state;B;is at the evacuation site
318.419,3,evacueeManager,,OFF SHIP: White;0;Green;425;Yellow;51;Red;8;Black;16;ON SHIP: White;0;Green;0;Yellow;0;Red;0;Evacuees to Transfer;
318.419,1510,evacuee,outES,Evacuee 258 in triage category Y is not assigned a helicopter
318.419,1510,evacuee,,Evacuee;258;in triage state;R;is at the evacuation site
318.604,3,evacueeManager,,OFF SHIP: White;0;Green;425;Yellow;50;Red;9;Black;16;ON SHIP: White;0;Green;0;Yellow;0;Red;0;Evacuees to Transfer;
318.604,648,evacuee,outES,Evacuee 98 in triage category Y is not assigned a helicopter
318.604,648,evacuee,,Evacuee;98;in triage state;R;is at the evacuation site
319.603,3,evacueeManager,,OFF SHIP: White;0;Green;425;Yellow;50;Red;8;Black;17;ON SHIP: White;0;Green;0;Yellow;0;Red;0;Evacuees to Transfer;
319.603,648,evacuee,outES,Evacuee 98 in triage category R is not assigned a helicopter
319.603,648,evacuee,,Evacuee;98;in triage state;B;is at the evacuation site
322.396,3,evacueeManager,,OFF SHIP: White;0;Green;424;Yellow;51;Red;8;Black;17;ON SHIP: White;0;Green;0;Yellow;0;Red;0;Evacuees to Transfer;
322.396,939,evacuee,outES,Evacuee 343 in triage category G is not assigned a helicopter
322.396,939,evacuee,,Evacuee;343;in triage state;Y;is at the evacuation site
322.466,3,evacueeManager,,OFF SHIP: White;0;Green;424;Yellow;51;Red;7;Black;18;ON SHIP: White;0;Green;0;Yellow;0;Red;0;Evacuees to Transfer;
322.466,795,evacuee,outES,Evacuee 268 in triage category R is not assigned a helicopter
322.466,795,evacuee,,Evacuee;268;in triage state;B;is at the evacuation site
323.196,3,evacueeManager,,OFF SHIP: White;0;Green;424;Yellow;50;Red;8;Black;18;ON SHIP: White;0;Green;0;Yellow;0;Red;0;Evacuees to Transfer;
323.196,1077,evacuee,outES,Evacuee 307 in triage category Y is not assigned a helicopter
323.196,1077,evacuee,,Evacuee;307;in triage state;R;is at the evacuation site
331.544,3,evacueeManager,,OFF SHIP: White;0;Green;424;Yellow;49;Red;9;Black;18;ON SHIP: White;0;Green;0;Yellow;0;Red;0;Evacuees to Transfer;
331.544,1005,evacuee,outES,Evacuee 220 in triage category Y is not assigned a helicopter
331.544,1005,evacuee,,Evacuee;220;in triage state;R;is at the evacuation site
332.845,3,evacueeManager,,OFF SHIP: White;0;Green;424;Yellow;49;Red;8;Black;19;ON SHIP: White;0;Green;0;Yellow;0;Red;0;Evacuees to Transfer;
332.845,726,evacuee,outES,Evacuee 481 in triage category R is not assigned a helicopter
332.845,726,evacuee,,Evacuee;481;in triage state;B;is at the evacuation site
338.242,3,evacueeManager,,OFF SHIP: White;0;Green;423;Yellow;50;Red;8;Black;19;ON SHIP: White;0;Green;0;Yellow;0;Red;0;Evacuees to Transfer;
338.242,1011,evacuee,outES,Evacuee 23 in triage category G is not assigned a helicopter
338.242,1011,evacuee,,Evacuee;23;in triage state;Y;is at the evacuation site
342.14,3,evacueeManager,,OFF SHIP: White;0;Green;422;Yellow;51;Red;8;Black;19;ON SHIP: White;0;Green;0;Yellow;0;Red;0;Evacuees to Transfer;
342.14,1156,evacuee,outES,Evacuee 263 in triage category G is not assigned a helicopter
342.14,1156,evacuee,,Evacuee;263;in triage state;Y;is at the evacuation site
345.1,3,evacueeManager,,OFF SHIP: White;0;Green;422;Yellow;50;Red;9;Black;19;ON SHIP: White;0;Green;0;Yellow;0;Red;0;Evacuees to Transfer;
345.1,582,evacuee,outES,Evacuee 99 in triage category Y is not assigned a helicopter
345.1,582,evacuee,,Evacuee;99;in triage state;R;is at the evacuation site
353.989,3,evacueeManager,,OFF SHIP: White;0;Green;421;Yellow;51;Red;9;Black;19;ON SHIP: White;0;Green;0;Yellow;0;Red;0;Evacuees to Transfer;
353.989,798,evacuee,outES,Evacuee 100 in triage category G is not assigned a helicopter
353.989,798,evacuee,,Evacuee;100;in triage state;Y;is at the evacuation site
363.119,3,evacueeManager,,OFF SHIP: White;0;Green;421;Yellow;51;Red;8;Black;20;ON SHIP: White;0;Green;0;Yellow;0;Red;0;Evacuees to Transfer;
363.119,861,evacuee,outES,Evacuee 347 in triage category R is not assigned a helicopter
363.119,861,evacuee,,Evacuee;347;in triage state;B;is at the evacuation site
363.623,3,evacueeManager,,OFF SHIP: White;0;Green;421;Yellow;51;Red;7;Black;21;ON SHIP: White;0;Green;0;Yellow;0;Red;0;Evacuees to Transfer;
363.623,1510,evacuee,outES,Evacuee 258 in triage category R is not assigned a helicopter
363.623,1510,evacuee,,Evacuee;258;in triage state;B;is at the evacuation site
367.824,3,evacueeManager,,OFF SHIP: White;0;Green;421;Yellow;51;Red;6;Black;22;ON SHIP: White;0;Green;0;Yellow;0;Red;0;Evacuees to Transfer;
367.824,1291,evacuee,outES,Evacuee 170 in triage category R is not assigned a helicopter
367.824,1291,evacuee,,Evacuee;170;in triage state;B;is at the evacuation site
370.095,3,evacueeManager,,OFF SHIP: White;0;Green;421;Yellow;50;Red;7;Black;22;ON SHIP: White;0;Green;0;Yellow;0;Red;0;Evacuees to Transfer;
370.095,939,evacuee,outES,Evacuee 343 in triage category Y is not assigned a helicopter
370.095,939,evacuee,,Evacuee;343;in triage state;R;is at the evacuation site
375.72,3,evacueeManager,,OFF SHIP: White;0;Green;421;Yellow;50;Red;6;Black;23;ON SHIP: White;0;Green;0;Yellow;0;Red;0;Evacuees to Transfer;
375.72,582,evacuee,outES,Evacuee 99 in triage category R is not assigned a helicopter
375.72,582,evacuee,,Evacuee;99;in triage state;B;is at the evacuation site
376.018,3,evacueeManager,,OFF SHIP: White;0;Green;420;Yellow;51;Red;6;Black;23;ON SHIP: White;0;Green;0;Yellow;0;Red;0;Evacuees to Transfer;
376.018,1228,evacuee,outES,Evacuee 67 in triage category G is not assigned a helicopter
376.018,1228,evacuee,,Evacuee;67;in triage state;Y;is at the evacuation site
376.076,3,evacueeManager,,OFF SHIP: White;0;Green;420;Yellow;50;Red;7;Black;23;ON SHIP: White;0;Green;0;Yellow;0;Red;0;Evacuees to Transfer;
376.076,936,evacuee,outES,Evacuee 26 in triage category Y is not assigned a helicopter
376.076,936,evacuee,,Evacuee;26;in triage state;R;is at the evacuation site
377.539,3,evacueeManager,,OFF SHIP: White;0;Green;420;Yellow;49;Red;8;Black;23;ON SHIP: White;0;Green;0;Yellow;0;Red;0;Evacuees to Transfer;
377.539,71,evacuee,outES,Evacuee 495 in triage category Y is not assigned a helicopter
377.539,71,evacuee,,Evacuee;495;in triage state;R;is at the evacuation site
381.786,3,evacueeManager,,OFF SHIP: White;0;Green;419;Yellow;50;Red;8;Black;23;ON SHIP: White;0;Green;0;Yellow;0;Red;0;Evacuees to Transfer;
381.786,246,evacuee,outES,Evacuee 354 in triage category G is not assigned a helicopter
381.786,246,evacuee,,Evacuee;354;in triage state;Y;is at the evacuation site
382.86,3,evacueeManager,,OFF SHIP: White;0;Green;419;Yellow;50;Red;7;Black;24;ON SHIP: White;0;Green;0;Yellow;0;Red;0;Evacuees to Transfer;
382.86,1107,evacuee,outES,Evacuee 490 in triage category R is not assigned a helicopter
382.86,1107,evacuee,,Evacuee;490;in triage state;B;is at the evacuation site
384.22,3,evacueeManager,,OFF SHIP: White;0;Green;419;Yellow;49;Red;8;Black;24;ON SHIP: White;0;Green;0;Yellow;0;Red;0;Evacuees to Transfer;
384.22,1222,evacuee,outES,Evacuee 152 in triage category Y is not assigned a helicopter
384.22,1222,evacuee,,Evacuee;152;in triage state;R;is at the evacuation site
385.015,3,evacueeManager,,OFF SHIP: White;0;Green;419;Yellow;49;Red;7;Black;25;ON SHIP: White;0;Green;0;Yellow;0;Red;0;Evacuees to Transfer;
385.015,71,evacuee,outES,Evacuee 495 in triage category R is not assigned a helicopter
385.015,71,evacuee,,Evacuee;495;in triage state;B;is at the evacuation site
385.157,3,evacueeManager,,OFF SHIP: White;0;Green;419;Yellow;48;Red;8;Black;25;ON SHIP: White;0;Green;0;Yellow;0;Red;0;Evacuees to Transfer;
385.157,864,evacuee,outES,Evacuee 82 in triage category Y is not assigned a helicopter
385.157,864,evacuee,,Evacuee;82;in triage state;R;is at the evacuation site
391.683,3,evacueeManager,,OFF SHIP: White;0;Green;419;Yellow;47;Red;9;Black;25;ON SHIP: White;0;Green;0;Yellow;0;Red;0;Evacuees to Transfer;
391.683,1297,evacuee,outES,Evacuee 174 in triage category Y is not assigned a helicopter
391.683,1297,evacuee,,Evacuee;174;in triage state;R;is at the evacuation site
396.07,3,evacueeManager,,OFF SHIP: White;0;Green;418;Yellow;48;Red;9;Black;25;ON SHIP: White;0;Green;0;Yellow;0;Red;0;Evacuees to Transfer;
396.07,381,evacuee,outES,Evacuee 287 in triage category G is not assigned a helicopter
396.07,381,evacuee,,Evacuee;287;in triage state;Y;is at the evacuation site
397.727,3,evacueeManager,,OFF SHIP: White;0;Green;418;Yellow;48;Red;8;Black;26;ON SHIP: White;0;Green;0;Yellow;0;Red;0;Evacuees to Transfer;
397.727,1008,evacuee,outES,Evacuee 355 in triage category R is not assigned a helicopter
397.727,1008,evacuee,,Evacuee;355;in triage state;B;is at the evacuation site
399.921,3,evacueeManager,,OFF SHIP: White;0;Green;417;Yellow;49;Red;8;Black;26;ON SHIP: White;0;Green;0;Yellow;0;Red;0;Evacuees to Transfer;
399.921,1300,evacuee,outES,Evacuee 177 in triage category G is not assigned a helicopter
399.921,1300,evacuee,,Evacuee;177;in triage state;Y;is at the evacuation site
400.616,3,evacueeManager,,OFF SHIP: White;0;Green;416;Yellow;50;Red;8;Black;26;ON SHIP: White;0;Green;0;Yellow;0;Red;0;Evacuees to Transfer;
400.616,1372,evacuee,outES,Evacuee 11 in triage category G is not assigned a helicopter
400.616,1372,evacuee,,Evacuee;11;in triage state;Y;is at the evacuation site
402.086,3,evacueeManager,,OFF SHIP: White;0;Green;416;Yellow;50;Red;7;Black;27;ON SHIP: White;0;Green;0;Yellow;0;Red;0;Evacuees to Transfer;
402.086,1005,evacuee,outES,Evacuee 220 in triage category R is not assigned a helicopter
402.086,1005,evacuee,,Evacuee;220;in triage state;B;is at the evacuation site
403.352,3,evacueeManager,,OFF SHIP: White;0;Green;416;Yellow;50;Red;6;Black;28;ON SHIP: White;0;Green;0;Yellow;0;Red;0;Evacuees to Transfer;
403.352,1507,evacuee,outES,Evacuee 210 in triage category R is not assigned a helicopter
403.352,1507,evacuee,,Evacuee;210;in triage state;B;is at the evacuation site
406.624,3,evacueeManager,,OFF SHIP: White;0;Green;415;Yellow;51;Red;6;Black;28;ON SHIP: White;0;Green;0;Yellow;0;Red;0;Evacuees to Transfer;
406.624,657,evacuee,outES,Evacuee 213 in triage category G is not assigned a helicopter
406.624,657,evacuee,,Evacuee;213;in triage state;Y;is at the evacuation site
408.207,3,evacueeManager,,OFF SHIP: White;0;Green;414;Yellow;52;Red;6;Black;28;ON SHIP: White;0;Green;0;Yellow;0;Red;0;Evacuees to Transfer;
408.207,1083,evacuee,outES,Evacuee 391 in triage category G is not assigned a helicopter
408.207,1083,evacuee,,Evacuee;391;in triage state;Y;is at the evacuation site
409.113,3,evacueeManager,,OFF SHIP: White;0;Green;414;Yellow;52;Red;5;Black;29;ON SHIP: White;0;Green;0;Yellow;0;Red;0;Evacuees to Transfer;
409.113,1222,evacuee,outES,Evacuee 152 in triage category R is not assigned a helicopter
409.113,1222,evacuee,,Evacuee;152;in triage state;B;is at the evacuation site
412.137,3,evacueeManager,,OFF SHIP: White;0;Green;413;Yellow;53;Red;5;Black;29;ON SHIP: White;0;Green;0;Yellow;0;Red;0;Evacuees to Transfer;
412.137,176,evacuee,outES,Evacuee 384 in triage category G is not assigned a helicopter
412.137,176,evacuee,,Evacuee;384;in triage state;Y;is at the evacuation site
413.914,3,evacueeManager,,OFF SHIP: White;0;Green;412;Yellow;54;Red;5;Black;29;ON SHIP: White;0;Green;0;Yellow;0;Red;0;Evacuees to Transfer;
413.914,870,evacuee,outES,Evacuee 368 in triage category G is not assigned a helicopter
413.914,870,evacuee,,Evacuee;368;in triage state;Y;is at the evacuation site
414.929,3,evacueeManager,,OFF SHIP: White;0;Green;411;Yellow;55;Red;5;Black;29;ON SHIP: White;0;Green;0;Yellow;0;Red;0;Evacuees to Transfer;
414.929,453,evacuee,outES,Evacuee 114 in triage category G is not assigned a helicopter
414.929,453,evacuee,,Evacuee;114;in triage state;Y;is at the evacuation site
416.285,3,evacueeManager,,OFF SHIP: White;0;Green;411;Yellow;54;Red;6;Black;29;ON SHIP: White;0;Green;0;Yellow;0;Red;0;Evacuees to Transfer;
416.285,372,evacuee,outES,Evacuee 290 in triage category Y is not assigned a helicopter
416.285,372,evacuee,,Evacuee;290;in triage state;R;is at the evacuation site
421.349,3,evacueeManager,,OFF SHIP: White;0;Green;410;Yellow;55;Red;6;Black;29;ON SHIP: White;0;Green;0;Yellow;0;Red;0;Evacuees to Transfer;
421.349,318,evacuee,outES,Evacuee 317 in triage category G is not assigned a helicopter
421.349,318,evacuee,,Evacuee;317;in triage state;Y;is at the evacuation site
426.397,3,evacueeManager,,OFF SHIP: White;0;Green;410;Yellow;55;Red;5;Black;30;ON SHIP: White;0;Green;0;Yellow;0;Red;0;Evacuees to Transfer;
426.397,936,evacuee,outES,Evacuee 26 in triage category R is not assigned a helicopter
426.397,936,evacuee,,Evacuee;26;in triage state;B;is at the evacuation site
428.853,3,evacueeManager,,OFF SHIP: White;0;Green;410;Yellow;54;Red;6;Black;30;ON SHIP: White;0;Green;0;Yellow;0;Red;0;Evacuees to Transfer;
428.853,723,evacuee,outES,Evacuee 17 in triage category Y is not assigned a helicopter
428.853,723,evacuee,,Evacuee;17;in triage state;R;is at the evacuation site
429.698,3,evacueeManager,,OFF SHIP: White;0;Green;409;Yellow;55;Red;6;Black;30;ON SHIP: White;0;Green;0;Yellow;0;Red;0;Evacuees to Transfer;
429.698,113,evacuee,outES,Evacuee 426 in triage category G is not assigned a helicopter
429.698,113,evacuee,,Evacuee;426;in triage state;Y;is at the evacuation site
438.996,3,evacueeManager,,OFF SHIP: White;0;Green;409;Yellow;55;Red;5;Black;31;ON SHIP: White;0;Green;0;Yellow;0;Red;0;Evacuees to Transfer;
438.996,864,evacuee,outES,Evacuee 82 in triage category R is not assigned a helicopter
438.996,864,evacuee,,Evacuee;82;in triage state;B;is at the evacuation site
449.564,3,evacueeManager,,OFF SHIP: White;0;Green;409;Yellow;54;Red;6;Black;31;ON SHIP: White;0;Green;0;Yellow;0;Red;0;Evacuees to Transfer;
449.564,792,evacuee,outES,Evacuee 400 in triage category Y is not assigned a helicopter
449.564,792,evacuee,,Evacuee;400;in triage state;R;is at the evacuation site
450.966,3,evacueeManager,,OFF SHIP: White;0;Green;408;Yellow;55;Red;6;Black;31;ON SHIP: White;0;Green;0;Yellow;0;Red;0;Evacuees to Transfer;
450.966,1444,evacuee,outES,Evacuee 464 in triage category G is not assigned a helicopter
450.966,1444,evacuee,,Evacuee;464;in triage state;Y;is at the evacuation site
458.414,3,evacueeManager,,OFF SHIP: White;0;Green;408;Yellow;54;Red;7;Black;31;ON SHIP: White;0;Green;0;Yellow;0;Red;0;Evacuees to Transfer;
458.414,1011,evacuee,outES,Evacuee 23 in triage category Y is not assigned a helicopter
458.414,1011,evacuee,,Evacuee;23;in triage state;R;is at the evacuation site
458.467,3,evacueeManager,,OFF SHIP: White;0;Green;408;Yellow;54;Red;6;Black;32;ON SHIP: White;0;Green;0;Yellow;0;Red;0;Evacuees to Transfer;
458.467,1011,evacuee,outES,Evacuee 23 in triage category R is not assigned a helicopter
458.467,1011,evacuee,,Evacuee;23;in triage state;B;is at the evacuation site
459.207,3,evacueeManager,,OFF SHIP: White;0;Green;407;Yellow;55;Red;6;Black;32;ON SHIP: White;0;Green;0;Yellow;0;Red;0;Evacuees to Transfer;
459.207,942,evacuee,outES,Evacuee 241 in triage category G is not assigned a helicopter
459.207,942,evacuee,,Evacuee;241;in triage state;Y;is at the evacuation site
459.804,3,evacueeManager,,OFF SHIP: White;0;Green;407;Yellow;54;Red;7;Black;32;ON SHIP: White;0;Green;0;Yellow;0;Red;0;Evacuees to Transfer;
459.804,107,evacuee,outES,Evacuee 433 in triage category Y is not assigned a helicopter
459.804,107,evacuee,,Evacuee;433;in triage state;R;is at the evacuation site
473.449,3,evacueeManager,,OFF SHIP: White;0;Green;407;Yellow;54;Red;6;Black;33;ON SHIP: White;0;Green;0;Yellow;0;Red;0;Evacuees to Transfer;
473.449,372,evacuee,outES,Evacuee 290 in triage category R is not assigned a helicopter
473.449,372,evacuee,,Evacuee;290;in triage state;B;is at the evacuation site
481.059,3,evacueeManager,,OFF SHIP: White;0;Green;407;Yellow;53;Red;7;Black;33;ON SHIP: White;0;Green;0;Yellow;0;Red;0;Evacuees to Transfer;
481.059,246,evacuee,outES,Evacuee 354 in triage category Y is not assigned a helicopter
481.059,246,evacuee,,Evacuee;354;in triage state;R;is at the evacuation site
481.149,3,evacueeManager,,OFF SHIP: White;0;Green;406;Yellow;54;Red;7;Black;33;ON SHIP: White;0;Green;0;Yellow;0;Red;0;Evacuees to Transfer;
481.149,1014,evacuee,outES,Evacuee 200 in triage category G is not assigned a helicopter
481.149,1014,evacuee,,Evacuee;200;in triage state;Y;is at the evacuation site
482.578,3,evacueeManager,,OFF SHIP: White;0;Green;405;Yellow;55;Red;7;Black;33;ON SHIP: White;0;Green;0;Yellow;0;Red;0;Evacuees to Transfer;
482.578,1159,evacuee,outES,Evacuee 190 in triage category G is not assigned a helicopter
482.578,1159,evacuee,,Evacuee;190;in triage state;Y;is at the evacuation site
483.618,3,evacueeManager,,OFF SHIP: White;0;Green;404;Yellow;56;Red;7;Black;33;ON SHIP: White;0;Green;0;Yellow;0;Red;0;Evacuees to Transfer;
483.618,729,evacuee,outES,Evacuee 179 in triage category G is not assigned a helicopter
483.618,729,evacuee,,Evacuee;179;in triage state;Y;is at the evacuation site
485.36,3,evacueeManager,,OFF SHIP: White;0;Green;404;Yellow;56;Red;6;Black;34;ON SHIP: White;0;Green;0;Yellow;0;Red;0;Evacuees to Transfer;
485.36,107,evacuee,outES,Evacuee 433 in triage category R is not assigned a helicopter
485.36,107,evacuee,,Evacuee;433;in triage state;B;is at the evacuation site
489.354,3,evacueeManager,,OFF SHIP: White;0;Green;404;Yellow;56;Red;5;Black;35;ON SHIP: White;0;Green;0;Yellow;0;Red;0;Evacuees to Transfer;
489.354,723,evacuee,outES,Evacuee 17 in triage category R is not assigned a helicopter
489.354,723,evacuee,,Evacuee;17;in triage state;B;is at the evacuation site
492.345,3,evacueeManager,,OFF SHIP: White;0;Green;403;Yellow;57;Red;5;Black;35;ON SHIP: White;0;Green;0;Yellow;0;Red;0;Evacuees to Transfer;
492.345,801,evacuee,outES,Evacuee 29 in triage category G is not assigned a helicopter
492.345,801,evacuee,,Evacuee;29;in triage state;Y;is at the evacuation site
493.601,3,evacueeManager,,OFF SHIP: White;0;Green;403;Yellow;57;Red;4;Black;36;ON SHIP: White;0;Green;0;Yellow;0;Red;0;Evacuees to Transfer;
493.601,1077,evacuee,outES,Evacuee 307 in triage category R is not assigned a helicopter
493.601,1077,evacuee,,Evacuee;307;in triage state;B;is at the evacuation site
498.313,3,evacueeManager,,OFF SHIP: White;0;Green;403;Yellow;56;Red;5;Black;36;ON SHIP: White;0;Green;0;Yellow;0;Red;0;Evacuees to Transfer;
498.313,1156,evacuee,outES,Evacuee 263 in triage category Y is not assigned a helicopter
498.313,1156,evacuee,,Evacuee;263;in triage state;R;is at the evacuation site
502.567,3,evacueeManager,,OFF SHIP: White;0;Green;403;Yellow;56;Red;4;Black;37;ON SHIP: White;0;Green;0;Yellow;0;Red;0;Evacuees to Transfer;
502.567,246,evacuee,outES,Evacuee 354 in triage category R is not assigned a helicopter
502.567,246,evacuee,,Evacuee;354;in triage state;B;is at the evacuation site
511.651,3,evacueeManager,,OFF SHIP: White;0;Green;402;Yellow;57;Red;4;Black;37;ON SHIP: White;0;Green;0;Yellow;0;Red;0;Evacuees to Transfer;
511.651,588,evacuee,outES,Evacuee 324 in triage category G is not assigned a helicopter
511.651,588,evacuee,,Evacuee;324;in triage state;Y;is at the evacuation site
518.159,3,evacueeManager,,OFF SHIP: White;0;Green;401;Yellow;58;Red;4;Black;37;ON SHIP: White;0;Green;0;Yellow;0;Red;0;Evacuees to Transfer;
518.159,1231,evacuee,outES,Evacuee 123 in triage category G is not assigned a helicopter
518.159,1231,evacuee,,Evacuee;123;in triage state;Y;is at the evacuation site
520.27,3,evacueeManager,,OFF SHIP: White;0;Green;401;Yellow;57;Red;5;Black;37;ON SHIP: White;0;Green;0;Yellow;0;Red;0;Evacuees to Transfer;
520.27,378,evacuee,outES,Evacuee 288 in triage category Y is not assigned a helicopter
520.27,378,evacuee,,Evacuee;288;in triage state;R;is at the evacuation site
521.016,3,evacueeManager,,OFF SHIP: White;0;Green;401;Yellow;56;Red;6;Black;37;ON SHIP: White;0;Green;0;Yellow;0;Red;0;Evacuees to Transfer;
521.016,1149,evacuee,outES,Evacuee 45 in triage category Y is not assigned a helicopter
521.016,1149,evacuee,,Evacuee;45;in triage state;R;is at the evacuation site
521.517,3,evacueeManager,,OFF SHIP: White;0;Green;400;Yellow;57;Red;6;Black;37;ON SHIP: White;0;Green;0;Yellow;0;Red;0;Evacuees to Transfer;
521.517,249,evacuee,outES,Evacuee 353 in triage category G is not assigned a helicopter
521.517,249,evacuee,,Evacuee;353;in triage state;Y;is at the evacuation site
521.798,3,evacueeManager,,OFF SHIP: White;0;Green;400;Yellow;56;Red;7;Black;37;ON SHIP: White;0;Green;0;Yellow;0;Red;0;Evacuees to Transfer;
521.798,1014,evacuee,outES,Evacuee 200 in triage category Y is not assigned a helicopter
521.798,1014,evacuee,,Evacuee;200;in triage state;R;is at the evacuation site
524.747,3,evacueeManager,,OFF SHIP: White;0;Green;399;Yellow;57;Red;7;Black;37;ON SHIP: White;0;Green;0;Yellow;0;Red;0;Evacuees to Transfer;
524.747,44,evacuee,outES,Evacuee 476 in triage category G is not assigned a helicopter
524.747,44,evacuee,,Evacuee;476;in triage state;Y;is at the evacuation site
530.747,3,evacueeManager,,OFF SHIP: White;0;Green;399;Yellow;57;Red;6;Black;38;ON SHIP: White;0;Green;0;Yellow;0;Red;0;Evacuees to Transfer;
530.747,1156,evacuee,outES,Evacuee 263 in triage category R is not assigned a helicopter
530.747,1156,evacuee,,Evacuee;263;in triage state;B;is at the evacuation site
531.703,3,evacueeManager,,OFF SHIP: White;0;Green;399;Yellow;57;Red;5;Black;39;ON SHIP: White;0;Green;0;Yellow;0;Red;0;Evacuees to Transfer;
531.703,939,evacuee,outES,Evacuee 343 in triage category R is not assigned a helicopter
531.703,939,evacuee,,Evacuee;343;in triage state;B;is at the evacuation site
533.799,3,evacueeManager,,OFF SHIP: White;0;Green;398;Yellow;58;Red;5;Black;39;ON SHIP: White;0;Green;0;Yellow;0;Red;0;Evacuees to Transfer;
533.799,384,evacuee,outES,Evacuee 415 in triage category G is not assigned a helicopter
533.799,384,evacuee,,Evacuee;415;in triage state;Y;is at the evacuation site
536.022,3,evacueeManager,,OFF SHIP: White;0;Green;398;Yellow;57;Red;6;Black;39;ON SHIP: White;0;Green;0;Yellow;0;Red;0;Evacuees to Transfer;
536.022,1159,evacuee,outES,Evacuee 190 in triage category Y is not assigned a helicopter
536.022,1159,evacuee,,Evacuee;190;in triage state;R;is at the evacuation site
536.104,3,evacueeManager,,OFF SHIP: White;0;Green;398;Yellow;56;Red;7;Black;39;ON SHIP: White;0;Green;0;Yellow;0;Red;0;Evacuees to Transfer;
536.104,1083,evacuee,outES,Evacuee 391 in triage category Y is not assigned a helicopter
536.104,1083,evacuee,,Evacuee;391;in triage state;R;is at the evacuation site
539.058,3,evacueeManager,,OFF SHIP: White;0;Green;398;Yellow;55;Red;8;Black;39;ON SHIP: White;0;Green;0;Yellow;0;Red;0;Evacuees to Transfer;
539.058,1438,evacuee,outES,Evacuee 164 in triage category Y is not assigned a helicopter
539.058,1438,evacuee,,Evacuee;164;in triage state;R;is at the evacuation site
540.557,3,evacueeManager,,OFF SHIP: White;0;Green;397;Yellow;56;Red;8;Black;39;ON SHIP: White;0;Green;0;Yellow;0;Red;0;Evacuees to Transfer;
540.557,1303,evacuee,outES,Evacuee 435 in triage category G is not assigned a helicopter
540.557,1303,evacuee,,Evacuee;435;in triage state;Y;is at the evacuation site
542.869,3,evacueeManager,,OFF SHIP: White;0;Green;397;Yellow;56;Red;7;Black;40;ON SHIP: White;0;Green;0;Yellow;0;Red;0;Evacuees to Transfer;
542.869,1083,evacuee,outES,Evacuee 391 in triage category R is not assigned a helicopter
542.869,1083,evacuee,,Evacuee;391;in triage state;B;is at the evacuation site
543.378,3,evacueeManager,,OFF SHIP: White;0;Green;397;Yellow;55;Red;8;Black;40;ON SHIP: White;0;Green;0;Yellow;0;Red;0;Evacuees to Transfer;
543.378,801,evacuee,outES,Evacuee 29 in triage category Y is not assigned a helicopter
543.378,801,evacuee,,Evacuee;29;in triage state;R;is at the evacuation site
546.183,3,evacueeManager,,OFF SHIP: White;0;Green;397;Yellow;54;Red;9;Black;40;ON SHIP: White;0;Green;0;Yellow;0;Red;0;Evacuees to Transfer;
546.183,318,evacuee,outES,Evacuee 317 in triage category Y is not assigned a helicopter
546.183,318,evacuee,,Evacuee;317;in triage state;R;is at the evacuation site
547.468,3,evacueeManager,,OFF SHIP: White;0;Green;397;Yellow;53;Red;10;Black;40;ON SHIP: White;0;Green;0;Yellow;0;Red;0;Evacuees to Transfer;
547.468,1303,evacuee,outES,Evacuee 435 in triage category Y is not assigned a helicopter
547.468,1303,evacuee,,Evacuee;435;in triage state;R;is at the evacuation site
547.595,3,evacueeManager,,OFF SHIP: White;0;Green;396;Yellow;54;Red;10;Black;40;ON SHIP: White;0;Green;0;Yellow;0;Red;0;Evacuees to Transfer;
547.595,660,evacuee,outES,Evacuee 344 in triage category G is not assigned a helicopter
547.595,660,evacuee,,Evacuee;344;in triage state;Y;is at the evacuation site
549.258,3,evacueeManager,,OFF SHIP: White;0;Green;395;Yellow;55;Red;10;Black;40;ON SHIP: White;0;Green;0;Yellow;0;Red;0;Evacuees to Transfer;
549.258,1086,evacuee,outES,Evacuee 388 in triage category G is not assigned a helicopter
549.258,1086,evacuee,,Evacuee;388;in triage state;Y;is at the evacuation site
549.458,3,evacueeManager,,OFF SHIP: White;0;Green;394;Yellow;56;Red;10;Black;40;ON SHIP: White;0;Green;0;Yellow;0;Red;0;Evacuees to Transfer;
549.458,1375,evacuee,outES,Evacuee 202 in triage category G is not assigned a helicopter
549.458,1375,evacuee,,Evacuee;202;in triage state;Y;is at the evacuation site
551.281,3,evacueeManager,,OFF SHIP: White;0;Green;394;Yellow;56;Red;9;Black;41;ON SHIP: White;0;Green;0;Yellow;0;Red;0;Evacuees to Transfer;
551.281,318,evacuee,outES,Evacuee 317 in triage category R is not assigned a helicopter
551.281,318,evacuee,,Evacuee;317;in triage state;B;is at the evacuation site
560.322,3,evacueeManager,,OFF SHIP: White;0;Green;393;Yellow;57;Red;9;Black;41;ON SHIP: White;0;Green;0;Yellow;0;Red;0;Evacuees to Transfer;
560.322,321,evacuee,outES,Evacuee 460 in triage category G is not assigned a helicopter
560.322,321,evacuee,,Evacuee;460;in triage state;Y;is at the evacuation site
560.724,3,evacueeManager,,OFF SHIP: White;0;Green;392;Yellow;58;Red;9;Black;41;ON SHIP: White;0;Green;0;Yellow;0;Red;0;Evacuees to Transfer;
560.724,873,evacuee,outES,Evacuee 4 in triage category G is not assigned a helicopter
560.724,873,evacuee,,Evacuee;4;in triage state;Y;is at the evacuation site
561.792,3,evacueeManager,,OFF SHIP: White;0;Green;391;Yellow;59;Red;9;Black;41;ON SHIP: White;0;Green;0;Yellow;0;Red;0;Evacuees to Transfer;
561.792,456,evacuee,outES,Evacuee 289 in triage category G is not assigned a helicopter
561.792,456,evacuee,,Evacuee;289;in triage state;Y;is at the evacuation site
566.36,3,evacueeManager,,OFF SHIP: White;0;Green;391;Yellow;59;Red;8;Black;42;ON SHIP: White;0;Green;0;Yellow;0;Red;0;Evacuees to Transfer;
566.36,1159,evacuee,outES,Evacuee 190 in triage category R is not assigned a helicopter
566.36,1159,evacuee,,Evacuee;190;in triage state;B;is at the evacuation site
567.421,3,evacueeManager,,OFF SHIP: White;0;Green;391;Yellow;59;Red;7;Black;43;ON SHIP: White;0;Green;0;Yellow;0;Red;0;Evacuees to Transfer;
567.421,1149,evacuee,outES,Evacuee 45 in triage category R is not assigned a helicopter
567.421,1149,evacuee,,Evacuee;45;in triage state;B;is at the evacuation site
570.805,3,evacueeManager,,OFF SHIP: White;0;Green;391;Yellow;59;Red;6;Black;44;ON SHIP: White;0;Green;0;Yellow;0;Red;0;Evacuees to Transfer;
570.805,1297,evacuee,outES,Evacuee 174 in triage category R is not assigned a helicopter
570.805,1297,evacuee,,Evacuee;174;in triage state;B;is at the evacuation site
571.832,3,evacueeManager,,OFF SHIP: White;0;Green;390;Yellow;60;Red;6;Black;44;ON SHIP: White;0;Green;0;Yellow;0;Red;0;Evacuees to Transfer;
571.832,116,evacuee,outES,Evacuee 423 in triage category G is not assigned a helicopter
571.832,116,evacuee,,Evacuee;423;in triage state;Y;is at the evacuation site
573.367,3,evacueeManager,,OFF SHIP: White;0;Green;390;Yellow;60;Red;5;Black;45;ON SHIP: White;0;Green;0;Yellow;0;Red;0;Evacuees to Transfer;
573.367,1303,evacuee,outES,Evacuee 435 in triage category R is not assigned a helicopter
573.367,1303,evacuee,,Evacuee;435;in triage state;B;is at the evacuation site
574.967,3,evacueeManager,,OFF SHIP: White;0;Green;390;Yellow;59;Red;6;Black;45;ON SHIP: White;0;Green;0;Yellow;0;Red;0;Evacuees to Transfer;
574.967,519,evacuee,outES,Evacuee 112 in triage category Y is not assigned a helicopter
574.967,519,evacuee,,Evacuee;112;in triage state;R;is at the evacuation site
575.896,3,evacueeManager,,OFF SHIP: White;0;Green;390;Yellow;58;Red;7;Black;45;ON SHIP: White;0;Green;0;Yellow;0;Red;0;Evacuees to Transfer;
575.896,1366,evacuee,outES,Evacuee 329 in triage category Y is not assigned a helicopter
575.896,1366,evacuee,,Evacuee;329;in triage state;R;is at the evacuation site
576.302,3,evacueeManager,,OFF SHIP: White;0;Green;390;Yellow;57;Red;8;Black;45;ON SHIP: White;0;Green;0;Yellow;0;Red;0;Evacuees to Transfer;
576.302,243,evacuee,outES,Evacuee 357 in triage category Y is not assigned a helicopter
576.302,243,evacuee,,Evacuee;357;in triage state;R;is at the evacuation site
578.126,3,evacueeManager,,OFF SHIP: White;0;Green;390;Yellow;57;Red;7;Black;46;ON SHIP: White;0;Green;0;Yellow;0;Red;0;Evacuees to Transfer;
578.126,1366,evacuee,outES,Evacuee 329 in triage category R is not assigned a helicopter
578.126,1366,evacuee,,Evacuee;329;in triage state;B;is at the evacuation site
579.235,3,evacueeManager,,OFF SHIP: White;0;Green;390;Yellow;56;Red;8;Black;46;ON SHIP: White;0;Green;0;Yellow;0;Red;0;Evacuees to Transfer;
579.235,933,evacuee,outES,Evacuee 10 in triage category Y is not assigned a helicopter
579.235,933,evacuee,,Evacuee;10;in triage state;R;is at the evacuation site
582.292,3,evacueeManager,,OFF SHIP: White;0;Green;390;Yellow;56;Red;7;Black;47;ON SHIP: White;0;Green;0;Yellow;0;Red;0;Evacuees to Transfer;
582.292,1438,evacuee,outES,Evacuee 164 in triage category R is not assigned a helicopter
582.292,1438,evacuee,,Evacuee;164;in triage state;B;is at the evacuation site
582.387,3,evacueeManager,,OFF SHIP: White;0;Green;390;Yellow;56;Red;6;Black;48;ON SHIP: White;0;Green;0;Yellow;0;Red;0;Evacuees to Transfer;
582.387,519,evacuee,outES,Evacuee 112 in triage category R is not assigned a helicopter
582.387,519,evacuee,,Evacuee;112;in triage state;B;is at the evacuation site
582.899,3,evacueeManager,,OFF SHIP: White;0;Green;390;Yellow;56;Red;5;Black;49;ON SHIP: White;0;Green;0;Yellow;0;Red;0;Evacuees to Transfer;
582.899,378,evacuee,outES,Evacuee 288 in triage category R is not assigned a helicopter
582.899,378,evacuee,,Evacuee;288;in triage state;B;is at the evacuation site
584.233,3,evacueeManager,,OFF SHIP: White;0;Green;390;Yellow;55;Red;6;Black;49;ON SHIP: White;0;Green;0;Yellow;0;Red;0;Evacuees to Transfer;
584.233,1369,evacuee,outES,Evacuee 201 in triage category Y is not assigned a helicopter
584.233,1369,evacuee,,Evacuee;201;in triage state;R;is at the evacuation site
593.954,3,evacueeManager,,OFF SHIP: White;0;Green;390;Yellow;54;Red;7;Black;49;ON SHIP: White;0;Green;0;Yellow;0;Red;0;Evacuees to Transfer;
593.954,1372,evacuee,outES,Evacuee 11 in triage category Y is not assigned a helicopter
593.954,1372,evacuee,,Evacuee;11;in triage state;R;is at the evacuation site
596.851,3,evacueeManager,,OFF SHIP: White;0;Green;390;Yellow;53;Red;8;Black;49;ON SHIP: White;0;Green;0;Yellow;0;Red;0;Evacuees to Transfer;
596.851,798,evacuee,outES,Evacuee 100 in triage category Y is not assigned a helicopter
596.851,798,evacuee,,Evacuee;100;in triage state;R;is at the evacuation site
599.726,3,evacueeManager,,OFF SHIP: White;0;Green;389;Yellow;54;Red;8;Black;49;ON SHIP: White;0;Green;0;Yellow;0;Red;0;Evacuees to Transfer;
599.726,1447,evacuee,outES,Evacuee 227 in triage category G is not assigned a helicopter
599.726,1447,evacuee,,Evacuee;227;in triage state;Y;is at the evacuation site
600.199,3,evacueeManager,,OFF SHIP: White;0;Green;388;Yellow;55;Red;8;Black;49;ON SHIP: White;0;Green;0;Yellow;0;Red;0;Evacuees to Transfer;
600.199,179,evacuee,outES,Evacuee 430 in triage category G is not assigned a helicopter
600.199,179,evacuee,,Evacuee;430;in triage state;Y;is at the evacuation site
601.952,3,evacueeManager,,OFF SHIP: White;0;Green;388;Yellow;54;Red;9;Black;49;ON SHIP: White;0;Green;0;Yellow;0;Red;0;Evacuees to Transfer;
601.952,588,evacuee,outES,Evacuee 324 in triage category Y is not assigned a helicopter
601.952,588,evacuee,,Evacuee;324;in triage state;R;is at the evacuation site
605.622,3,evacueeManager,,OFF SHIP: White;0;Green;387;Yellow;55;Red;9;Black;49;ON SHIP: White;0;Green;0;Yellow;0;Red;0;Evacuees to Transfer;
605.622,945,evacuee,outES,Evacuee 418 in triage category G is not assigned a helicopter
605.622,945,evacuee,,Evacuee;418;in triage state;Y;is at the evacuation site
605.932,3,evacueeManager,,OFF SHIP: White;0;Green;387;Yellow;54;Red;10;Black;49;ON SHIP: White;0;Green;0;Yellow;0;Red;0;Evacuees to Transfer;
605.932,579,evacuee,outES,Evacuee 142 in triage category Y is not assigned a helicopter
605.932,579,evacuee,,Evacuee;142;in triage state;R;is at the evacuation site
606.048,3,evacueeManager,,OFF SHIP: White;0;Green;387;Yellow;54;Red;9;Black;50;ON SHIP: White;0;Green;0;Yellow;0;Red;0;Evacuees to Transfer;
606.048,243,evacuee,outES,Evacuee 357 in triage category R is not assigned a helicopter
606.048,243,evacuee,,Evacuee;357;in triage state;B;is at the evacuation site
606.739,3,evacueeManager,,OFF SHIP: White;0;Green;387;Yellow;53;Red;10;Black;50;ON SHIP: White;0;Green;0;Yellow;0;Red;0;Evacuees to Transfer;
606.739,867,evacuee,outES,Evacuee 54 in triage category Y is not assigned a helicopter
606.739,867,evacuee,,Evacuee;54;in triage state;R;is at the evacuation site
606.985,3,evacueeManager,,OFF SHIP: White;0;Green;387;Yellow;52;Red;11;Black;50;ON SHIP: White;0;Green;0;Yellow;0;Red;0;Evacuees to Transfer;
606.985,321,evacuee,outES,Evacuee 460 in triage category Y is not assigned a helicopter
606.985,321,evacuee,,Evacuee;460;in triage state;R;is at the evacuation site
617.915,3,evacueeManager,,OFF SHIP: White;0;Green;387;Yellow;51;Red;12;Black;50;ON SHIP: White;0;Green;0;Yellow;0;Red;0;Evacuees to Transfer;
617.915,660,evacuee,outES,Evacuee 344 in triage category Y is not assigned a helicopter
617.915,660,evacuee,,Evacuee;344;in triage state;R;is at the evacuation site
624.612,3,evacueeManager,,OFF SHIP: White;0;Green;386;Yellow;52;Red;12;Black;50;ON SHIP: White;0;Green;0;Yellow;0;Red;0;Evacuees to Transfer;
624.612,1162,evacuee,outES,Evacuee 465 in triage category G is not assigned a helicopter
624.612,1162,evacuee,,Evacuee;465;in triage state;Y;is at the evacuation site
625.91,3,evacueeManager,,OFF SHIP: White;0;Green;385;Yellow;53;Red;12;Black;50;ON SHIP: White;0;Green;0;Yellow;0;Red;0;Evacuees to Transfer;
625.91,1017,evacuee,outES,Evacuee 255 in triage category G is not assigned a helicopter
625.91,1017,evacuee,,Evacuee;255;in triage state;Y;is at the evacuation site
627.625,3,evacueeManager,,OFF SHIP: White;0;Green;385;Yellow;52;Red;13;Black;50;ON SHIP: White;0;Green;0;Yellow;0;Red;0;Evacuees to Transfer;
627.625,315,evacuee,outES,Evacuee 318 in triage category Y is not assigned a helicopter
627.625,315,evacuee,,Evacuee;318;in triage state;R;is at the evacuation site
643.316,3,evacueeManager,,OFF SHIP: White;0;Green;384;Yellow;53;Red;13;Black;50;ON SHIP: White;0;Green;0;Yellow;0;Red;0;Evacuees to Transfer;
643.316,804,evacuee,outES,Evacuee 158 in triage category G is not assigned a helicopter
643.316,804,evacuee,,Evacuee;158;in triage state;Y;is at the evacuation site
645.379,3,evacueeManager,,OFF SHIP: White;0;Green;383;Yellow;54;Red;13;Black;50;ON SHIP: White;0;Green;0;Yellow;0;Red;0;Evacuees to Transfer;
645.379,732,evacuee,outES,Evacuee 147 in triage category G is not assigned a helicopter
645.379,732,evacuee,,Evacuee;147;in triage state;Y;is at the evacuation site
647.162,3,evacueeManager,,OFF SHIP: White;0;Green;383;Yellow;53;Red;14;Black;50;ON SHIP: White;0;Green;0;Yellow;0;Red;0;Evacuees to Transfer;
647.162,450,evacuee,outES,Evacuee 125 in triage category Y is not assigned a helicopter
647.162,450,evacuee,,Evacuee;125;in triage state;R;is at the evacuation site
649.978,3,evacueeManager,,OFF SHIP: White;0;Green;383;Yellow;53;Red;13;Black;51;ON SHIP: White;0;Green;0;Yellow;0;Red;0;Evacuees to Transfer;
649.978,579,evacuee,outES,Evacuee 142 in triage category R is not assigned a helicopter
649.978,579,evacuee,,Evacuee;142;in triage state;B;is at the evacuation site
654.152,3,evacueeManager,,OFF SHIP: White;0;Green;383;Yellow;53;Red;12;Black;52;ON SHIP: White;0;Green;0;Yellow;0;Red;0;Evacuees to Transfer;
654.152,867,evacuee,outES,Evacuee 54 in triage category R is not assigned a helicopter
654.152,867,evacuee,,Evacuee;54;in triage state;B;is at the evacuation site
656.181,3,evacueeManager,,OFF SHIP: White;0;Green;383;Yellow;53;Red;11;Black;53;ON SHIP: White;0;Green;0;Yellow;0;Red;0;Evacuees to Transfer;
656.181,1372,evacuee,outES,Evacuee 11 in triage category R is not assigned a helicopter
656.181,1372,evacuee,,Evacuee;11;in triage state;B;is at the evacuation site
659.838,3,evacueeManager,,OFF SHIP: White;0;Green;383;Yellow;52;Red;12;Black;53;ON SHIP: White;0;Green;0;Yellow;0;Red;0;Evacuees to Transfer;
659.838,14,evacuee,outES,Evacuee 494 in triage category Y is not assigned a helicopter
659.838,14,evacuee,,Evacuee;494;in triage state;R;is at the evacuation site
660.828,3,evacueeManager,,OFF SHIP: White;0;Green;382;Yellow;53;Red;12;Black;53;ON SHIP: White;0;Green;0;Yellow;0;Red;0;Evacuees to Transfer;
660.828,591,evacuee,outES,Evacuee 95 in triage category G is not assigned a helicopter
660.828,591,evacuee,,Evacuee;95;in triage state;Y;is at the evacuation site
661.805,3,evacueeManager,,OFF SHIP: White;0;Green;382;Yellow;53;Red;11;Black;54;ON SHIP: White;0;Green;0;Yellow;0;Red;0;Evacuees to Transfer;
661.805,321,evacuee,outES,Evacuee 460 in triage category R is not assigned a helicopter
661.805,321,evacuee,,Evacuee;460;in triage state;B;is at the evacuation site
662.004,3,evacueeManager,,OFF SHIP: White;0;Green;381;Yellow;54;Red;11;Black;54;ON SHIP: White;0;Green;0;Yellow;0;Red;0;Evacuees to Transfer;
662.004,1234,evacuee,outES,Evacuee 159 in triage category G is not assigned a helicopter
662.004,1234,evacuee,,Evacuee;159;in triage state;Y;is at the evacuation site
662.695,3,evacueeManager,,OFF SHIP: White;0;Green;380;Yellow;55;Red;11;Black;54;ON SHIP: White;0;Green;0;Yellow;0;Red;0;Evacuees to Transfer;
662.695,252,evacuee,outES,Evacuee 351 in triage category G is not assigned a helicopter
662.695,252,evacuee,,Evacuee;351;in triage state;Y;is at the evacuation site
665.358,3,evacueeManager,,OFF SHIP: White;0;Green;380;Yellow;54;Red;12;Black;54;ON SHIP: White;0;Green;0;Yellow;0;Red;0;Evacuees to Transfer;
665.358,1300,evacuee,outES,Evacuee 177 in triage category Y is not assigned a helicopter
665.358,1300,evacuee,,Evacuee;177;in triage state;R;is at the evacuation site
667.405,3,evacueeManager,,OFF SHIP: White;0;Green;380;Yellow;53;Red;13;Black;54;ON SHIP: White;0;Green;0;Yellow;0;Red;0;Evacuees to Transfer;
667.405,381,evacuee,outES,Evacuee 287 in triage category Y is not assigned a helicopter
667.405,381,evacuee,,Evacuee;287;in triage state;R;is at the evacuation site
669.788,3,evacueeManager,,OFF SHIP: White;0;Green;380;Yellow;52;Red;14;Black;54;ON SHIP: White;0;Green;0;Yellow;0;Red;0;Evacuees to Transfer;
669.788,945,evacuee,outES,Evacuee 418 in triage category Y is not assigned a helicopter
669.788,945,evacuee,,Evacuee;418;in triage state;R;is at the evacuation site
671.034,3,evacueeManager,,OFF SHIP: White;0;Green;380;Yellow;52;Red;13;Black;55;ON SHIP: White;0;Green;0;Yellow;0;Red;0;Evacuees to Transfer;
671.034,798,evacuee,outES,Evacuee 100 in triage category R is not assigned a helicopter
671.034,798,evacuee,,Evacuee;100;in triage state;B;is at the evacuation site
671.774,3,evacueeManager,,OFF SHIP: White;0;Green;379;Yellow;53;Red;13;Black;55;ON SHIP: White;0;Green;0;Yellow;0;Red;0;Evacuees to Transfer;
671.774,47,evacuee,outES,Evacuee 475 in triage category G is not assigned a helicopter
671.774,47,evacuee,,Evacuee;475;in triage state;Y;is at the evacuation site
680.215,3,evacueeManager,,OFF SHIP: White;0;Green;379;Yellow;53;Red;12;Black;56;ON SHIP: White;0;Green;0;Yellow;0;Red;0;Evacuees to Transfer;
680.215,450,evacuee,outES,Evacuee 125 in triage category R is not assigned a helicopter
680.215,450,evacuee,,Evacuee;125;in triage state;B;is at the evacuation site
681.301,3,evacueeManager,,OFF SHIP: White;0;Green;378;Yellow;54;Red;12;Black;56;ON SHIP: White;0;Green;0;Yellow;0;Red;0;Evacuees to Transfer;
681.301,387,evacuee,outES,Evacuee 376 in triage category G is not assigned a helicopter
681.301,387,evacuee,,Evacuee;376;in triage state;Y;is at the evacuation site
690.594,3,evacueeManager,,OFF SHIP: White;0;Green;378;Yellow;53;Red;13;Black;56;ON SHIP: White;0;Green;0;Yellow;0;Red;0;Evacuees to Transfer;
690.594,654,evacuee,outES,Evacuee 78 in triage category Y is not assigned a helicopter
690.594,654,evacuee,,Evacuee;78;in triage state;R;is at the evacuation site
691.278,3,evacueeManager,,OFF SHIP: White;0;Green;377;Yellow;54;Red;13;Black;56;ON SHIP: White;0;Green;0;Yellow;0;Red;0;Evacuees to Transfer;
691.278,1306,evacuee,outES,Evacuee 58 in triage category G is not assigned a helicopter
691.278,1306,evacuee,,Evacuee;58;in triage state;Y;is at the evacuation site
692.047,3,evacueeManager,,OFF SHIP: White;0;Green;376;Yellow;55;Red;13;Black;56;ON SHIP: White;0;Green;0;Yellow;0;Red;0;Evacuees to Transfer;
692.047,1378,evacuee,outES,Evacuee 390 in triage category G is not assigned a helicopter
692.047,1378,evacuee,,Evacuee;390;in triage state;Y;is at the evacuation site
692.956,3,evacueeManager,,OFF SHIP: White;0;Green;375;Yellow;56;Red;13;Black;56;ON SHIP: White;0;Green;0;Yellow;0;Red;0;Evacuees to Transfer;
692.956,663,evacuee,outES,Evacuee 77 in triage category G is not assigned a helicopter
692.956,663,evacuee,,Evacuee;77;in triage state;Y;is at the evacuation site
694.705,3,evacueeManager,,OFF SHIP: White;0;Green;374;Yellow;57;Red;13;Black;56;ON SHIP: White;0;Green;0;Yellow;0;Red;0;Evacuees to Transfer;
694.705,1089,evacuee,outES,Evacuee 55 in triage category G is not assigned a helicopter
694.705,1089,evacuee,,Evacuee;55;in triage state;Y;is at the evacuation site
703.954,3,evacueeManager,,OFF SHIP: White;0;Green;374;Yellow;57;Red;12;Black;57;ON SHIP: White;0;Green;0;Yellow;0;Red;0;Evacuees to Transfer;
703.954,1369,evacuee,outES,Evacuee 201 in triage category R is not assigned a helicopter
703.954,1369,evacuee,,Evacuee;201;in triage state;B;is at the evacuation site
704.429,3,evacueeManager,,OFF SHIP: White;0;Green;374;Yellow;56;Red;13;Black;57;ON SHIP: White;0;Green;0;Yellow;0;Red;0;Evacuees to Transfer;
704.429,1363,evacuee,outES,Evacuee 252 in triage category Y is not assigned a helicopter
704.429,1363,evacuee,,Evacuee;252;in triage state;R;is at the evacuation site
707.474,3,evacueeManager,,OFF SHIP: White;0;Green;374;Yellow;55;Red;14;Black;57;ON SHIP: White;0;Green;0;Yellow;0;Red;0;Evacuees to Transfer;
707.474,729,evacuee,outES,Evacuee 179 in triage category Y is not assigned a helicopter
707.474,729,evacuee,,Evacuee;179;in triage state;R;is at the evacuation site
708.054,3,evacueeManager,,OFF SHIP: White;0;Green;374;Yellow;54;Red;15;Black;57;ON SHIP: White;0;Green;0;Yellow;0;Red;0;Evacuees to Transfer;
708.054,1162,evacuee,outES,Evacuee 465 in triage category Y is not assigned a helicopter
708.054,1162,evacuee,,Evacuee;465;in triage state;R;is at the evacuation site
709.609,3,evacueeManager,,OFF SHIP: White;0;Green;374;Yellow;53;Red;16;Black;57;ON SHIP: White;0;Green;0;Yellow;0;Red;0;Evacuees to Transfer;
709.609,309,evacuee,outES,Evacuee 321 in triage category Y is not assigned a helicopter
709.609,309,evacuee,,Evacuee;321;in triage state;R;is at the evacuation site
713.659,3,evacueeManager,,OFF SHIP: White;0;Green;373;Yellow;54;Red;16;Black;57;ON SHIP: White;0;Green;0;Yellow;0;Red;0;Evacuees to Transfer;
713.659,459,evacuee,outES,Evacuee 88 in triage category G is not assigned a helicopter
713.659,459,evacuee,,Evacuee;88;in triage state;Y;is at the evacuation site
714.018,3,evacueeManager,,OFF SHIP: White;0;Green;373;Yellow;54;Red;15;Black;58;ON SHIP: White;0;Green;0;Yellow;0;Red;0;Evacuees to Transfer;
714.018,381,evacuee,outES,Evacuee 287 in triage category R is not assigned a helicopter
714.018,381,evacuee,,Evacuee;287;in triage state;B;is at the evacuation site
714.998,3,evacueeManager,,OFF SHIP: White;0;Green;372;Yellow;55;Red;15;Black;58;ON SHIP: White;0;Green;0;Yellow;0;Red;0;Evacuees to Transfer;
714.998,324,evacuee,outES,Evacuee 316 in triage category G is not assigned a helicopter
714.998,324,evacuee,,Evacuee;316;in triage state;Y;is at the evacuation site
715.421,3,evacueeManager,,OFF SHIP: White;0;Green;371;Yellow;56;Red;15;Black;58;ON SHIP: White;0;Green;0;Yellow;0;Red;0;Evacuees to Transfer;
715.421,876,evacuee,outES,Evacuee 18 in triage category G is not assigned a helicopter
715.421,876,evacuee,,Evacuee;18;in triage state;Y;is at the evacuation site
718.452,3,evacueeManager,,OFF SHIP: White;0;Green;370;Yellow;57;Red;15;Black;58;ON SHIP: White;0;Green;0;Yellow;0;Red;0;Evacuees to Transfer;
718.452,119,evacuee,outES,Evacuee 420 in triage category G is not assigned a helicopter
718.452,119,evacuee,,Evacuee;420;in triage state;Y;is at the evacuation site
719.359,3,evacueeManager,,OFF SHIP: White;0;Green;370;Yellow;57;Red;14;Black;59;ON SHIP: White;0;Green;0;Yellow;0;Red;0;Evacuees to Transfer;
719.359,1363,evacuee,outES,Evacuee 252 in triage category R is not assigned a helicopter
719.359,1363,evacuee,,Evacuee;252;in triage state;B;is at the evacuation site
719.998,3,evacueeManager,,OFF SHIP: White;0;Green;370;Yellow;57;Red;13;Black;60;ON SHIP: White;0;Green;0;Yellow;0;Red;0;Evacuees to Transfer;
719.998,660,evacuee,outES,Evacuee 344 in triage category R is not assigned a helicopter
719.998,660,evacuee,,Evacuee;344;in triage state;B;is at the evacuation site
725.342,3,evacueeManager,,OFF SHIP: White;0;Green;370;Yellow;56;Red;14;Black;60;ON SHIP: White;0;Green;0;Yellow;0;Red;0;Evacuees to Transfer;
725.342,720,evacuee,outES,Evacuee 474 in triage category Y is not assigned a helicopter
725.342,720,evacuee,,Evacuee;474;in triage state;R;is at the evacuation site
726.312,3,evacueeManager,,OFF SHIP: White;0;Green;370;Yellow;55;Red;15;Black;60;ON SHIP: White;0;Green;0;Yellow;0;Red;0;Evacuees to Transfer;
726.312,113,evacuee,outES,Evacuee 426 in triage category Y is not assigned a helicopter
726.312,113,evacuee,,Evacuee;426;in triage state;R;is at the evacuation site
732.422,3,evacueeManager,,OFF SHIP: White;0;Green;370;Yellow;54;Red;16;Black;60;ON SHIP: White;0;Green;0;Yellow;0;Red;0;Evacuees to Transfer;
732.422,1378,evacuee,outES,Evacuee 390 in triage category Y is not assigned a helicopter
732.422,1378,evacuee,,Evacuee;390;in triage state;R;is at the evacuation site
735.363,3,evacueeManager,,OFF SHIP: White;0;Green;370;Yellow;54;Red;15;Black;61;ON SHIP: White;0;Green;0;Yellow;0;Red;0;Evacuees to Transfer;
735.363,309,evacuee,outES,Evacuee 321 in triage category R is not assigned a helicopter
735.363,309,evacuee,,Evacuee;321;in triage state;B;is at the evacuation site
737.251,3,evacueeManager,,OFF SHIP: White;0;Green;370;Yellow;54;Red;14;Black;62;ON SHIP: White;0;Green;0;Yellow;0;Red;0;Evacuees to Transfer;
737.251,1378,evacuee,outES,Evacuee 390 in triage category R is not assigned a helicopter
737.251,1378,evacuee,,Evacuee;390;in triage state;B;is at the evacuation site
737.636,3,evacueeManager,,OFF SHIP: White;0;Green;369;Yellow;55;Red;14;Black;62;ON SHIP: White;0;Green;0;Yellow;0;Red;0;Evacuees to Transfer;
737.636,522,evacuee,outES,Evacuee 299 in triage category G is not assigned a helicopter
737.636,522,evacuee,,Evacuee;299;in triage state;Y;is at the evacuation site
740.366,3,evacueeManager,,OFF SHIP: White;0;Green;369;Yellow;54;Red;15;Black;62;ON SHIP: White;0;Green;0;Yellow;0;Red;0;Evacuees to Transfer;
740.366,1447,evacuee,outES,Evacuee 227 in triage category Y is not assigned a helicopter
740.366,1447,evacuee,,Evacuee;227;in triage state;R;is at the evacuation site
740.728,3,evacueeManager,,OFF SHIP: White;0;Green;369;Yellow;54;Red;14;Black;63;ON SHIP: White;0;Green;0;Yellow;0;Red;0;Evacuees to Transfer;
740.728,315,evacuee,outES,Evacuee 318 in triage category R is not assigned a helicopter
740.728,315,evacuee,,Evacuee;318;in triage state;B;is at the evacuation site
743.01,3,evacueeManager,,OFF SHIP: White;0;Green;369;Yellow;53;Red;15;Black;63;ON SHIP: White;0;Green;0;Yellow;0;Red;0;Evacuees to Transfer;
743.01,1234,evacuee,outES,Evacuee 159 in triage category Y is not assigned a helicopter
743.01,1234,evacuee,,Evacuee;159;in triage state;R;is at the evacuation site
744.654,3,evacueeManager,,OFF SHIP: White;0;Green;369;Yellow;52;Red;16;Black;63;ON SHIP: White;0;Green;0;Yellow;0;Red;0;Evacuees to Transfer;
744.654,870,evacuee,outES,Evacuee 368 in triage category Y is not assigned a helicopter
744.654,870,evacuee,,Evacuee;368;in triage state;R;is at the evacuation site
744.89,3,evacueeManager,,OFF SHIP: White;0;Green;368;Yellow;53;Red;16;Black;63;ON SHIP: White;0;Green;0;Yellow;0;Red;0;Evacuees to Transfer;
744.89,1450,evacuee,outES,Evacuee 267 in triage category G is not assigned a helicopter
744.89,1450,evacuee,,Evacuee;267;in triage state;Y;is at the evacuation site
745.819,3,evacueeManager,,OFF SHIP: White;0;Green;368;Yellow;52;Red;17;Black;63;ON SHIP: White;0;Green;0;Yellow;0;Red;0;Evacuees to Transfer;
745.819,17,evacuee,outES,Evacuee 492 in triage category Y is not assigned a helicopter
745.819,17,evacuee,,Evacuee;492;in triage state;R;is at the evacuation site
747.136,3,evacueeManager,,OFF SHIP: White;0;Green;368;Yellow;52;Red;16;Black;64;ON SHIP: White;0;Green;0;Yellow;0;Red;0;Evacuees to Transfer;
747.136,1014,evacuee,outES,Evacuee 200 in triage category R is not assigned a helicopter
747.136,1014,evacuee,,Evacuee;200;in triage state;B;is at the evacuation site
751.257,3,evacueeManager,,OFF SHIP: White;0;Green;368;Yellow;51;Red;17;Black;64;ON SHIP: White;0;Green;0;Yellow;0;Red;0;Evacuees to Transfer;
751.257,384,evacuee,outES,Evacuee 415 in triage category Y is not assigned a helicopter
751.257,384,evacuee,,Evacuee;415;in triage state;R;is at the evacuation site
751.702,3,evacueeManager,,OFF SHIP: White;0;Green;368;Yellow;51;Red;16;Black;65;ON SHIP: White;0;Green;0;Yellow;0;Red;0;Evacuees to Transfer;
751.702,17,evacuee,outES,Evacuee 492 in triage category R is not assigned a helicopter
751.702,17,evacuee,,Evacuee;492;in triage state;B;is at the evacuation site
752.497,3,evacueeManager,,OFF SHIP: White;0;Green;368;Yellow;51;Red;15;Black;66;ON SHIP: White;0;Green;0;Yellow;0;Red;0;Evacuees to Transfer;
752.497,933,evacuee,outES,Evacuee 10 in triage category R is not assigned a helicopter
752.497,933,evacuee,,Evacuee;10;in triage state;B;is at the evacuation site
754.16,3,evacueeManager,,OFF SHIP: White;0;Green;367;Yellow;52;Red;15;Black;66;ON SHIP: White;0;Green;0;Yellow;0;Red;0;Evacuees to Transfer;
754.16,182,evacuee,outES,Evacuee 383 in triage category G is not assigned a helicopter
754.16,182,evacuee,,Evacuee;383;in triage state;Y;is at the evacuation site
754.346,3,evacueeManager,,OFF SHIP: White;0;Green;367;Yellow;52;Red;14;Black;67;ON SHIP: White;0;Green;0;Yellow;0;Red;0;Evacuees to Transfer;
754.346,588,evacuee,outES,Evacuee 324 in triage category R is not assigned a helicopter
754.346,588,evacuee,,Evacuee;324;in triage state;B;is at the evacuation site
757.402,3,evacueeManager,,OFF SHIP: White;0;Green;367;Yellow;52;Red;13;Black;68;ON SHIP: White;0;Green;0;Yellow;0;Red;0;Evacuees to Transfer;
757.402,654,evacuee,outES,Evacuee 78 in triage category R is not assigned a helicopter
757.402,654,evacuee,,Evacuee;78;in triage state;B;is at the evacuation site
759.881,3,evacueeManager,,OFF SHIP: White;0;Green;366;Yellow;53;Red;13;Black;68;ON SHIP: White;0;Green;0;Yellow;0;Red;0;Evacuees to Transfer;
759.881,948,evacuee,outES,Evacuee 75 in triage category G is not assigned a helicopter
759.881,948,evacuee,,Evacuee;75;in triage state;Y;is at the evacuation site
761.712,3,evacueeManager,,OFF SHIP: White;0;Green;366;Yellow;53;Red;12;Black;69;ON SHIP: White;0;Green;0;Yellow;0;Red;0;Evacuees to Transfer;
761.712,1234,evacuee,outES,Evacuee 159 in triage category R is not assigned a helicopter
761.712,1234,evacuee,,Evacuee;159;in triage state;B;is at the evacuation site
762.167,3,evacueeManager,,OFF SHIP: White;0;Green;366;Yellow;52;Red;13;Black;69;ON SHIP: White;0;Green;0;Yellow;0;Red;0;Evacuees to Transfer;
762.167,804,evacuee,outES,Evacuee 158 in triage category Y is not assigned a helicopter
762.167,804,evacuee,,Evacuee;158;in triage state;R;is at the evacuation site
766.993,3,evacueeManager,,OFF SHIP: White;0;Green;366;Yellow;52;Red;12;Black;70;ON SHIP: White;0;Green;0;Yellow;0;Red;0;Evacuees to Transfer;
766.993,729,evacuee,outES,Evacuee 179 in triage category R is not assigned a helicopter
766.993,729,evacuee,,Evacuee;179;in triage state;B;is at the evacuation site
770.12,3,evacueeManager,,OFF SHIP: White;0;Green;366;Yellow;52;Red;11;Black;71;ON SHIP: White;0;Green;0;Yellow;0;Red;0;Evacuees to Transfer;
770.12,384,evacuee,outES,Evacuee 415 in triage category R is not assigned a helicopter
770.12,384,evacuee,,Evacuee;415;in triage state;B;is at the evacuation site
779.92,3,evacueeManager,,OFF SHIP: White;0;Green;365;Yellow;53;Red;11;Black;71;ON SHIP: White;0;Green;0;Yellow;0;Red;0;Evacuees to Transfer;
779.92,1165,evacuee,outES,Evacuee 60 in triage category G is not assigned a helicopter
779.92,1165,evacuee,,Evacuee;60;in triage state;Y;is at the evacuation site
781.29,3,evacueeManager,,OFF SHIP: White;0;Green;364;Yellow;54;Red;11;Black;71;ON SHIP: White;0;Green;0;Yellow;0;Red;0;Evacuees to Transfer;
781.29,1020,evacuee,outES,Evacuee 13 in triage category G is not assigned a helicopter
781.29,1020,evacuee,,Evacuee;13;in triage state;Y;is at the evacuation site
783.98,3,evacueeManager,,OFF SHIP: White;0;Green;364;Yellow;54;Red;10;Black;72;ON SHIP: White;0;Green;0;Yellow;0;Red;0;Evacuees to Transfer;
783.98,720,evacuee,outES,Evacuee 474 in triage category R is not assigned a helicopter
783.98,720,evacuee,,Evacuee;474;in triage state;B;is at the evacuation site
786.532,3,evacueeManager,,OFF SHIP: White;0;Green;364;Yellow;54;Red;9;Black;73;ON SHIP: White;0;Green;0;Yellow;0;Red;0;Evacuees to Transfer;
786.532,113,evacuee,outES,Evacuee 426 in triage category R is not assigned a helicopter
786.532,113,evacuee,,Evacuee;426;in triage state;B;is at the evacuation site
787.696,3,evacueeManager,,OFF SHIP: White;0;Green;364;Yellow;54;Red;8;Black;74;ON SHIP: White;0;Green;0;Yellow;0;Red;0;Evacuees to Transfer;
787.696,1162,evacuee,outES,Evacuee 465 in triage category R is not assigned a helicopter
787.696,1162,evacuee,,Evacuee;465;in triage state;B;is at the evacuation site
794.442,3,evacueeManager,,OFF SHIP: White;0;Green;364;Yellow;53;Red;9;Black;74;ON SHIP: White;0;Green;0;Yellow;0;Red;0;Evacuees to Transfer;
794.442,119,evacuee,outES,Evacuee 420 in triage category Y is not assigned a helicopter
794.442,119,evacuee,,Evacuee;420;in triage state;R;is at the evacuation site
797.491,3,evacueeManager,,OFF SHIP: White;0;Green;364;Yellow;52;Red;10;Black;74;ON SHIP: White;0;Green;0;Yellow;0;Red;0;Evacuees to Transfer;
797.491,44,evacuee,outES,Evacuee 476 in triage category Y is not assigned a helicopter
797.491,44,evacuee,,Evacuee;476;in triage state;R;is at the evacuation site
798.317,3,evacueeManager,,OFF SHIP: White;0;Green;364;Yellow;52;Red;9;Black;75;ON SHIP: White;0;Green;0;Yellow;0;Red;0;Evacuees to Transfer;
798.317,119,evacuee,outES,Evacuee 420 in triage category R is not assigned a helicopter
798.317,119,evacuee,,Evacuee;420;in triage state;B;is at the evacuation site
799.664,3,evacueeManager,,OFF SHIP: White;0;Green;363;Yellow;53;Red;9;Black;75;ON SHIP: White;0;Green;0;Yellow;0;Red;0;Evacuees to Transfer;
799.664,807,evacuee,outES,Evacuee 187 in triage category G is not assigned a helicopter
799.664,807,evacuee,,Evacuee;187;in triage state;Y;is at the evacuation site
802.764,3,evacueeManager,,OFF SHIP: White;0;Green;363;Yellow;52;Red;10;Black;75;ON SHIP: White;0;Green;0;Yellow;0;Red;0;Evacuees to Transfer;
802.764,1089,evacuee,outES,Evacuee 55 in triage category Y is not assigned a helicopter
802.764,1089,evacuee,,Evacuee;55;in triage state;R;is at the evacuation site
804.323,3,evacueeManager,,OFF SHIP: White;0;Green;363;Yellow;51;Red;11;Black;75;ON SHIP: White;0;Green;0;Yellow;0;Red;0;Evacuees to Transfer;
804.323,1020,evacuee,outES,Evacuee 13 in triage category Y is not assigned a helicopter
804.323,1020,evacuee,,Evacuee;13;in triage state;R;is at the evacuation site
804.821,3,evacueeManager,,OFF SHIP: White;0;Green;362;Yellow;52;Red;11;Black;75;ON SHIP: White;0;Green;0;Yellow;0;Red;0;Evacuees to Transfer;
804.821,735,evacuee,outES,Evacuee 65 in triage category G is not assigned a helicopter
804.821,735,evacuee,,Evacuee;65;in triage state;Y;is at the evacuation site
808.105,3,evacueeManager,,OFF SHIP: White;0;Green;362;Yellow;51;Red;12;Black;75;ON SHIP: White;0;Green;0;Yellow;0;Red;0;Evacuees to Transfer;
808.105,501,evacuee,outES,Evacuee 491 in triage category Y is not assigned a helicopter
808.105,501,evacuee,,Evacuee;491;in triage state;R;is at the evacuation site
809.189,3,evacueeManager,,OFF SHIP: White;0;Green;362;Yellow;51;Red;11;Black;76;ON SHIP: White;0;Green;0;Yellow;0;Red;0;Evacuees to Transfer;
809.189,1447,evacuee,outES,Evacuee 227 in triage category R is not assigned a helicopter
809.189,1447,evacuee,,Evacuee;227;in triage state;B;is at the evacuation site
813.868,3,evacueeManager,,OFF SHIP: White;0;Green;362;Yellow;51;Red;10;Black;77;ON SHIP: White;0;Green;0;Yellow;0;Red;0;Evacuees to Transfer;
813.868,804,evacuee,outES,Evacuee 158 in triage category R is not assigned a helicopter
813.868,804,evacuee,,Evacuee;158;in triage state;B;is at the evacuation site
815.163,3,evacueeManager,,OFF SHIP: White;0;Green;361;Yellow;52;Red;10;Black;77;ON SHIP: White;0;Green;0;Yellow;0;Red;0;Evacuees to Transfer;
815.163,594,evacuee,outES,Evacuee 447 in triage category G is not assigned a helicopter
815.163,594,evacuee,,Evacuee;447;in triage state;Y;is at the evacuation site
816.794,3,evacueeManager,,OFF SHIP: White;0;Green;361;Yellow;52;Red;9;Black;78;ON SHIP: White;0;Green;0;Yellow;0;Red;0;Evacuees to Transfer;
816.794,801,evacuee,outES,Evacuee 29 in triage category R is not assigned a helicopter
816.794,801,evacuee,,Evacuee;29;in triage state;B;is at the evacuation site
819.398,3,evacueeManager,,OFF SHIP: White;0;Green;360;Yellow;53;Red;9;Black;78;ON SHIP: White;0;Green;0;Yellow;0;Red;0;Evacuees to Transfer;
819.398,1237,evacuee,outES,Evacuee 161 in triage category G is not assigned a helicopter
819.398,1237,evacuee,,Evacuee;161;in triage state;Y;is at the evacuation site
820.128,3,evacueeManager,,OFF SHIP: White;0;Green;359;Yellow;54;Red;9;Black;78;ON SHIP: White;0;Green;0;Yellow;0;Red;0;Evacuees to Transfer;
820.128,255,evacuee,outES,Evacuee 349 in triage category G is not assigned a helicopter
820.128,255,evacuee,,Evacuee;349;in triage state;Y;is at the evacuation site
824.467,3,evacueeManager,,OFF SHIP: White;0;Green;359;Yellow;54;Red;8;Black;79;ON SHIP: White;0;Green;0;Yellow;0;Red;0;Evacuees to Transfer;
824.467,870,evacuee,outES,Evacuee 368 in triage category R is not assigned a helicopter
824.467,870,evacuee,,Evacuee;368;in triage state;B;is at the evacuation site
825.688,3,evacueeManager,,OFF SHIP: White;0;Green;359;Yellow;53;Red;9;Black;79;ON SHIP: White;0;Green;0;Yellow;0;Red;0;Evacuees to Transfer;
825.688,1080,evacuee,outES,Evacuee 212 in triage category Y is not assigned a helicopter
825.688,1080,evacuee,,Evacuee;212;in triage state;R;is at the evacuation site
826.713,3,evacueeManager,,OFF SHIP: White;0;Green;358;Yellow;54;Red;9;Black;79;ON SHIP: White;0;Green;0;Yellow;0;Red;0;Evacuees to Transfer;
826.713,50,evacuee,outES,Evacuee 472 in triage category G is not assigned a helicopter
826.713,50,evacuee,,Evacuee;472;in triage state;Y;is at the evacuation site
827.919,3,evacueeManager,,OFF SHIP: White;0;Green;358;Yellow;54;Red;8;Black;80;ON SHIP: White;0;Green;0;Yellow;0;Red;0;Evacuees to Transfer;
827.919,1080,evacuee,outES,Evacuee 212 in triage category R is not assigned a helicopter
827.919,1080,evacuee,,Evacuee;212;in triage state;B;is at the evacuation site
828.294,3,evacueeManager,,OFF SHIP: White;0;Green;358;Yellow;54;Red;7;Black;81;ON SHIP: White;0;Green;0;Yellow;0;Red;0;Evacuees to Transfer;
828.294,792,evacuee,outES,Evacuee 400 in triage category R is not assigned a helicopter
828.294,792,evacuee,,Evacuee;400;in triage state;B;is at the evacuation site
831.677,3,evacueeManager,,OFF SHIP: White;0;Green;358;Yellow;53;Red;8;Black;81;ON SHIP: White;0;Green;0;Yellow;0;Red;0;Evacuees to Transfer;
831.677,1225,evacuee,outES,Evacuee 153 in triage category Y is not assigned a helicopter
831.677,1225,evacuee,,Evacuee;153;in triage state;R;is at the evacuation site
834.614,3,evacueeManager,,OFF SHIP: White;0;Green;358;Yellow;52;Red;9;Black;81;ON SHIP: White;0;Green;0;Yellow;0;Red;0;Evacuees to Transfer;
834.614,942,evacuee,outES,Evacuee 241 in triage category Y is not assigned a helicopter
834.614,942,evacuee,,Evacuee;241;in triage state;R;is at the evacuation site
839.029,3,evacueeManager,,OFF SHIP: White;0;Green;358;Yellow;51;Red;10;Black;81;ON SHIP: White;0;Green;0;Yellow;0;Red;0;Evacuees to Transfer;
839.029,179,evacuee,outES,Evacuee 430 in triage category Y is not assigned a helicopter
839.029,179,evacuee,,Evacuee;430;in triage state;R;is at the evacuation site
842.801,3,evacueeManager,,OFF SHIP: White;0;Green;357;Yellow;52;Red;10;Black;81;ON SHIP: White;0;Green;0;Yellow;0;Red;0;Evacuees to Transfer;
842.801,390,evacuee,outES,Evacuee 284 in triage category G is not assigned a helicopter
842.801,390,evacuee,,Evacuee;284;in triage state;Y;is at the evacuation site
849.769,3,evacueeManager,,OFF SHIP: White;0;Green;357;Yellow;51;Red;11;Black;81;ON SHIP: White;0;Green;0;Yellow;0;Red;0;Evacuees to Transfer;
849.769,47,evacuee,outES,Evacuee 475 in triage category Y is not assigned a helicopter
849.769,47,evacuee,,Evacuee;475;in triage state;R;is at the evacuation site
851.138,3,evacueeManager,,OFF SHIP: White;0;Green;356;Yellow;52;Red;11;Black;81;ON SHIP: White;0;Green;0;Yellow;0;Red;0;Evacuees to Transfer;
851.138,1381,evacuee,outES,Evacuee 204 in triage category G is not assigned a helicopter
851.138,1381,evacuee,,Evacuee;204;in triage state;Y;is at the evacuation site
852.098,3,evacueeManager,,OFF SHIP: White;0;Green;355;Yellow;53;Red;11;Black;81;ON SHIP: White;0;Green;0;Yellow;0;Red;0;Evacuees to Transfer;
852.098,666,evacuee,outES,Evacuee 156 in triage category G is not assigned a helicopter
852.098,666,evacuee,,Evacuee;156;in triage state;Y;is at the evacuation site
852.668,3,evacueeManager,,OFF SHIP: White;0;Green;355;Yellow;53;Red;10;Black;82;ON SHIP: White;0;Green;0;Yellow;0;Red;0;Evacuees to Transfer;
852.668,47,evacuee,outES,Evacuee 475 in triage category R is not assigned a helicopter
852.668,47,evacuee,,Evacuee;475;in triage state;B;is at the evacuation site
853.355,3,evacueeManager,,OFF SHIP: White;0;Green;354;Yellow;54;Red;10;Black;82;ON SHIP: White;0;Green;0;Yellow;0;Red;0;Evacuees to Transfer;
853.355,1309,evacuee,outES,Evacuee 203 in triage category G is not assigned a helicopter
853.355,1309,evacuee,,Evacuee;203;in triage state;Y;is at the evacuation site
855.078,3,evacueeManager,,OFF SHIP: White;0;Green;354;Yellow;53;Red;11;Black;82;ON SHIP: White;0;Green;0;Yellow;0;Red;0;Evacuees to Transfer;
855.078,20,evacuee,outES,Evacuee 489 in triage category Y is not assigned a helicopter
855.078,20,evacuee,,Evacuee;489;in triage state;R;is at the evacuation site
855.891,3,evacueeManager,,OFF SHIP: White;0;Green;354;Yellow;53;Red;10;Black;83;ON SHIP: White;0;Green;0;Yellow;0;Red;0;Evacuees to Transfer;
855.891,1300,evacuee,outES,Evacuee 177 in triage category R is not assigned a helicopter
855.891,1300,evacuee,,Evacuee;177;in triage state;B;is at the evacuation site
855.933,3,evacueeManager,,OFF SHIP: White;0;Green;354;Yellow;53;Red;9;Black;84;ON SHIP: White;0;Green;0;Yellow;0;Red;0;Evacuees to Transfer;
855.933,501,evacuee,outES,Evacuee 491 in triage category R is not assigned a helicopter
855.933,501,evacuee,,Evacuee;491;in triage state;B;is at the evacuation site
859.232,3,evacueeManager,,OFF SHIP: White;0;Green;354;Yellow;53;Red;8;Black;85;ON SHIP: White;0;Green;0;Yellow;0;Red;0;Evacuees to Transfer;
859.232,20,evacuee,outES,Evacuee 489 in triage category R is not assigned a helicopter
859.232,20,evacuee,,Evacuee;489;in triage state;B;is at the evacuation site
860.017,3,evacueeManager,,OFF SHIP: White;0;Green;353;Yellow;54;Red;8;Black;85;ON SHIP: White;0;Green;0;Yellow;0;Red;0;Evacuees to Transfer;
860.017,1092,evacuee,outES,Evacuee 48 in triage category G is not assigned a helicopter
860.017,1092,evacuee,,Evacuee;48;in triage state;Y;is at the evacuation site
860.235,3,evacueeManager,,OFF SHIP: White;0;Green;353;Yellow;54;Red;7;Black;86;ON SHIP: White;0;Green;0;Yellow;0;Red;0;Evacuees to Transfer;
860.235,1020,evacuee,outES,Evacuee 13 in triage category R is not assigned a helicopter
860.235,1020,evacuee,,Evacuee;13;in triage state;B;is at the evacuation site
865.791,3,evacueeManager,,OFF SHIP: White;0;Green;353;Yellow;53;Red;8;Black;86;ON SHIP: White;0;Green;0;Yellow;0;Red;0;Evacuees to Transfer;
865.791,1450,evacuee,outES,Evacuee 267 in triage category Y is not assigned a helicopter
865.791,1450,evacuee,,Evacuee;267;in triage state;R;is at the evacuation site
870.676,3,evacueeManager,,OFF SHIP: White;0;Green;353;Yellow;52;Red;9;Black;86;ON SHIP: White;0;Green;0;Yellow;0;Red;0;Evacuees to Transfer;
870.676,1309,evacuee,outES,Evacuee 203 in triage category Y is not assigned a helicopter
870.676,1309,evacuee,,Evacuee;203;in triage state;R;is at the evacuation site
870.93,3,evacueeManager,,OFF SHIP: White;0;Green;352;Yellow;53;Red;9;Black;86;ON SHIP: White;0;Green;0;Yellow;0;Red;0;Evacuees to Transfer;
870.93,462,evacuee,outES,Evacuee 449 in triage category G is not assigned a helicopter
870.93,462,evacuee,,Evacuee;449;in triage state;Y;is at the evacuation site
871.742,3,evacueeManager,,OFF SHIP: White;0;Green;352;Yellow;52;Red;10;Black;86;ON SHIP: White;0;Green;0;Yellow;0;Red;0;Evacuees to Transfer;
871.742,360,evacuee,outES,Evacuee 488 in triage category Y is not assigned a helicopter
871.742,360,evacuee,,Evacuee;488;in triage state;R;is at the evacuation site
872.234,3,evacueeManager,,OFF SHIP: White;0;Green;352;Yellow;52;Red;9;Black;87;ON SHIP: White;0;Green;0;Yellow;0;Red;0;Evacuees to Transfer;
872.234,1225,evacuee,outES,Evacuee 153 in triage category R is not assigned a helicopter
872.234,1225,evacuee,,Evacuee;153;in triage state;B;is at the evacuation site
875.397,3,evacueeManager,,OFF SHIP: White;0;Green;351;Yellow;53;Red;9;Black;87;ON SHIP: White;0;Green;0;Yellow;0;Red;0;Evacuees to Transfer;
875.397,327,evacuee,outES,Evacuee 446 in triage category G is not assigned a helicopter
875.397,327,evacuee,,Evacuee;446;in triage state;Y;is at the evacuation site
875.845,3,evacueeManager,,OFF SHIP: White;0;Green;350;Yellow;54;Red;9;Black;87;ON SHIP: White;0;Green;0;Yellow;0;Red;0;Evacuees to Transfer;
875.845,879,evacuee,outES,Evacuee 387 in triage category G is not assigned a helicopter
875.845,879,evacuee,,Evacuee;387;in triage state;Y;is at the evacuation site
875.993,3,evacueeManager,,OFF SHIP: White;0;Green;349;Yellow;55;Red;9;Black;87;ON SHIP: White;0;Green;0;Yellow;0;Red;0;Evacuees to Transfer;
875.993,122,evacuee,outES,Evacuee 419 in triage category G is not assigned a helicopter
875.993,122,evacuee,,Evacuee;419;in triage state;Y;is at the evacuation site
877.197,3,evacueeManager,,OFF SHIP: White;0;Green;349;Yellow;55;Red;8;Black;88;ON SHIP: White;0;Green;0;Yellow;0;Red;0;Evacuees to Transfer;
877.197,1309,evacuee,outES,Evacuee 203 in triage category R is not assigned a helicopter
877.197,1309,evacuee,,Evacuee;203;in triage state;B;is at the evacuation site
890.016,3,evacueeManager,,OFF SHIP: White;0;Green;349;Yellow;55;Red;7;Black;89;ON SHIP: White;0;Green;0;Yellow;0;Red;0;Evacuees to Transfer;
890.016,14,evacuee,outES,Evacuee 494 in triage category R is not assigned a helicopter
890.016,14,evacuee,,Evacuee;494;in triage state;B;is at the evacuation site
897.022,3,evacueeManager,,OFF SHIP: White;0;Green;349;Yellow;54;Red;8;Black;89;ON SHIP: White;0;Green;0;Yellow;0;Red;0;Evacuees to Transfer;
897.022,327,evacuee,outES,Evacuee 446 in triage category Y is not assigned a helicopter
897.022,327,evacuee,,Evacuee;446;in triage state;R;is at the evacuation site
898.663,3,evacueeManager,,OFF SHIP: White;0;Green;349;Yellow;53;Red;9;Black;89;ON SHIP: White;0;Green;0;Yellow;0;Red;0;Evacuees to Transfer;
898.663,876,evacuee,outES,Evacuee 18 in triage category Y is not assigned a helicopter
898.663,876,evacuee,,Evacuee;18;in triage state;R;is at the evacuation site
900.841,3,evacueeManager,,OFF SHIP: White;0;Green;348;Yellow;54;Red;9;Black;89;ON SHIP: White;0;Green;0;Yellow;0;Red;0;Evacuees to Transfer;
900.841,1453,evacuee,outES,Evacuee 73 in triage category G is not assigned a helicopter
900.841,1453,evacuee,,Evacuee;73;in triage state;Y;is at the evacuation site
907.663,3,evacueeManager,,OFF SHIP: White;0;Green;348;Yellow;53;Red;10;Black;89;ON SHIP: White;0;Green;0;Yellow;0;Red;0;Evacuees to Transfer;
907.663,651,evacuee,outES,Evacuee 356 in triage category Y is not assigned a helicopter
907.663,651,evacuee,,Evacuee;356;in triage state;R;is at the evacuation site
908.128,3,evacueeManager,,OFF SHIP: White;0;Green;348;Yellow;53;Red;9;Black;90;ON SHIP: White;0;Green;0;Yellow;0;Red;0;Evacuees to Transfer;
908.128,651,evacuee,outES,Evacuee 356 in triage category R is not assigned a helicopter
908.128,651,evacuee,,Evacuee;356;in triage state;B;is at the evacuation site
908.241,3,evacueeManager,,OFF SHIP: White;0;Green;348;Yellow;52;Red;10;Black;90;ON SHIP: White;0;Green;0;Yellow;0;Red;0;Evacuees to Transfer;
908.241,459,evacuee,outES,Evacuee 88 in triage category Y is not assigned a helicopter
908.241,459,evacuee,,Evacuee;88;in triage state;R;is at the evacuation site
915.399,3,evacueeManager,,OFF SHIP: White;0;Green;348;Yellow;52;Red;9;Black;91;ON SHIP: White;0;Green;0;Yellow;0;Red;0;Evacuees to Transfer;
915.399,1450,evacuee,outES,Evacuee 267 in triage category R is not assigned a helicopter
915.399,1450,evacuee,,Evacuee;267;in triage state;B;is at the evacuation site
919.769,3,evacueeManager,,OFF SHIP: White;0;Green;347;Yellow;53;Red;9;Black;91;ON SHIP: White;0;Green;0;Yellow;0;Red;0;Evacuees to Transfer;
919.769,951,evacuee,outES,Evacuee 37 in triage category G is not assigned a helicopter
919.769,951,evacuee,,Evacuee;37;in triage state;Y;is at the evacuation site
920.116,3,evacueeManager,,OFF SHIP: White;0;Green;347;Yellow;53;Red;8;Black;92;ON SHIP: White;0;Green;0;Yellow;0;Red;0;Evacuees to Transfer;
920.116,179,evacuee,outES,Evacuee 430 in triage category R is not assigned a helicopter
920.116,179,evacuee,,Evacuee;430;in triage state;B;is at the evacuation site
923.915,3,evacueeManager,,OFF SHIP: White;0;Green;347;Yellow;52;Red;9;Black;92;ON SHIP: White;0;Green;0;Yellow;0;Red;0;Evacuees to Transfer;
923.915,375,evacuee,outES,Evacuee 350 in triage category Y is not assigned a helicopter
923.915,375,evacuee,,Evacuee;350;in triage state;R;is at the evacuation site
931.246,3,evacueeManager,,OFF SHIP: White;0;Green;347;Yellow;51;Red;10;Black;92;ON SHIP: White;0;Green;0;Yellow;0;Red;0;Evacuees to Transfer;
931.246,387,evacuee,outES,Evacuee 376 in triage category Y is not assigned a helicopter
931.246,387,evacuee,,Evacuee;376;in triage state;R;is at the evacuation site
933.42,3,evacueeManager,,OFF SHIP: White;0;Green;346;Yellow;52;Red;10;Black;92;ON SHIP: White;0;Green;0;Yellow;0;Red;0;Evacuees to Transfer;
933.42,525,evacuee,outES,Evacuee 109 in triage category G is not assigned a helicopter
933.42,525,evacuee,,Evacuee;109;in triage state;Y;is at the evacuation site
938.519,3,evacueeManager,,OFF SHIP: White;0;Green;346;Yellow;52;Red;9;Black;93;ON SHIP: White;0;Green;0;Yellow;0;Red;0;Evacuees to Transfer;
938.519,387,evacuee,outES,Evacuee 376 in triage category R is not assigned a helicopter
938.519,387,evacuee,,Evacuee;376;in triage state;B;is at the evacuation site
939.28,3,evacueeManager,,OFF SHIP: White;0;Green;345;Yellow;53;Red;9;Black;93;ON SHIP: White;0;Green;0;Yellow;0;Red;0;Evacuees to Transfer;
939.28,1023,evacuee,outES,Evacuee 24 in triage category G is not assigned a helicopter
939.28,1023,evacuee,,Evacuee;24;in triage state;Y;is at the evacuation site
940.8,3,evacueeManager,,OFF SHIP: White;0;Green;345;Yellow;53;Red;8;Black;94;ON SHIP: White;0;Green;0;Yellow;0;Red;0;Evacuees to Transfer;
940.8,360,evacuee,outES,Evacuee 488 in triage category R is not assigned a helicopter
940.8,360,evacuee,,Evacuee;488;in triage state;B;is at the evacuation site
940.956,3,evacueeManager,,OFF SHIP: White;0;Green;344;Yellow;54;Red;8;Black;94;ON SHIP: White;0;Green;0;Yellow;0;Red;0;Evacuees to Transfer;
940.956,1168,evacuee,outES,Evacuee 385 in triage category G is not assigned a helicopter
940.956,1168,evacuee,,Evacuee;385;in triage state;Y;is at the evacuation site
941.383,3,evacueeManager,,OFF SHIP: White;0;Green;344;Yellow;54;Red;7;Black;95;ON SHIP: White;0;Green;0;Yellow;0;Red;0;Evacuees to Transfer;
941.383,44,evacuee,outES,Evacuee 476 in triage category R is not assigned a helicopter
941.383,44,evacuee,,Evacuee;476;in triage state;B;is at the evacuation site
941.783,3,evacueeManager,,OFF SHIP: White;0;Green;344;Yellow;53;Red;8;Black;95;ON SHIP: White;0;Green;0;Yellow;0;Red;0;Evacuees to Transfer;
941.783,525,evacuee,outES,Evacuee 109 in triage category Y is not assigned a helicopter
941.783,525,evacuee,,Evacuee;109;in triage state;R;is at the evacuation site
944.216,3,evacueeManager,,OFF SHIP: White;0;Green;344;Yellow;53;Red;7;Black;96;ON SHIP: White;0;Green;0;Yellow;0;Red;0;Evacuees to Transfer;
944.216,1089,evacuee,outES,Evacuee 55 in triage category R is not assigned a helicopter
944.216,1089,evacuee,,Evacuee;55;in triage state;B;is at the evacuation site
947.768,3,evacueeManager,,OFF SHIP: White;0;Green;344;Yellow;53;Red;6;Black;97;ON SHIP: White;0;Green;0;Yellow;0;Red;0;Evacuees to Transfer;
947.768,327,evacuee,outES,Evacuee 446 in triage category R is not assigned a helicopter
947.768,327,evacuee,,Evacuee;446;in triage state;B;is at the evacuation site
955.038,3,evacueeManager,,OFF SHIP: White;0;Green;344;Yellow;53;Red;5;Black;98;ON SHIP: White;0;Green;0;Yellow;0;Red;0;Evacuees to Transfer;
955.038,459,evacuee,outES,Evacuee 88 in triage category R is not assigned a helicopter
955.038,459,evacuee,,Evacuee;88;in triage state;B;is at the evacuation site
956.318,3,evacueeManager,,OFF SHIP: White;0;Green;344;Yellow;53;Red;4;Black;99;ON SHIP: White;0;Green;0;Yellow;0;Red;0;Evacuees to Transfer;
956.318,375,evacuee,outES,Evacuee 350 in triage category R is not assigned a helicopter
956.318,375,evacuee,,Evacuee;350;in triage state;B;is at the evacuation site
958.693,3,evacueeManager,,OFF SHIP: White;0;Green;343;Yellow;54;Red;4;Black;99;ON SHIP: White;0;Green;0;Yellow;0;Red;0;Evacuees to Transfer;
958.693,810,evacuee,outES,Evacuee 85 in triage category G is not assigned a helicopter
958.693,810,evacuee,,Evacuee;85;in triage state;Y;is at the evacuation site
967.295,3,evacueeManager,,OFF SHIP: White;0;Green;342;Yellow;55;Red;4;Black;99;ON SHIP: White;0;Green;0;Yellow;0;Red;0;Evacuees to Transfer;
967.295,738,evacuee,outES,Evacuee 14 in triage category G is not assigned a helicopter
967.295,738,evacuee,,Evacuee;14;in triage state;Y;is at the evacuation site
970.774,3,evacueeManager,,OFF SHIP: White;0;Green;342;Yellow;54;Red;5;Black;99;ON SHIP: White;0;Green;0;Yellow;0;Red;0;Evacuees to Transfer;
970.774,1294,evacuee,outES,Evacuee 171 in triage category Y is not assigned a helicopter
970.774,1294,evacuee,,Evacuee;171;in triage state;R;is at the evacuation site
972.762,3,evacueeManager,,OFF SHIP: White;0;Green;342;Yellow;53;Red;6;Black;99;ON SHIP: White;0;Green;0;Yellow;0;Red;0;Evacuees to Transfer;
972.762,522,evacuee,outES,Evacuee 299 in triage category Y is not assigned a helicopter
972.762,522,evacuee,,Evacuee;299;in triage state;R;is at the evacuation site
973.982,3,evacueeManager,,OFF SHIP: White;0;Green;342;Yellow;53;Red;5;Black;100;ON SHIP: White;0;Green;0;Yellow;0;Red;0;Evacuees to Transfer;
973.982,942,evacuee,outES,Evacuee 241 in triage category R is not assigned a helicopter
973.982,942,evacuee,,Evacuee;241;in triage state;B;is at the evacuation site
978.238,3,evacueeManager,,OFF SHIP: White;0;Green;341;Yellow;54;Red;5;Black;100;ON SHIP: White;0;Green;0;Yellow;0;Red;0;Evacuees to Transfer;
978.238,597,evacuee,outES,Evacuee 361 in triage category G is not assigned a helicopter
978.238,597,evacuee,,Evacuee;361;in triage state;Y;is at the evacuation site
980.078,3,evacueeManager,,OFF SHIP: White;0;Green;341;Yellow;53;Red;6;Black;100;ON SHIP: White;0;Green;0;Yellow;0;Red;0;Evacuees to Transfer;
980.078,1306,evacuee,outES,Evacuee 58 in triage category Y is not assigned a helicopter
980.078,1306,evacuee,,Evacuee;58;in triage state;R;is at the evacuation site
980.792,3,evacueeManager,,OFF SHIP: White;0;Green;341;Yellow;53;Red;5;Black;101;ON SHIP: White;0;Green;0;Yellow;0;Red;0;Evacuees to Transfer;
980.792,945,evacuee,outES,Evacuee 418 in triage category R is not assigned a helicopter
980.792,945,evacuee,,Evacuee;418;in triage state;B;is at the evacuation site
987.864,3,evacueeManager,,OFF SHIP: White;0;Green;341;Yellow;52;Red;6;Black;101;ON SHIP: White;0;Green;0;Yellow;0;Red;0;Evacuees to Transfer;
987.864,23,evacuee,outES,Evacuee 486 in triage category Y is not assigned a helicopter
987.864,23,evacuee,,Evacuee;486;in triage state;R;is at the evacuation site
989.069,3,evacueeManager,,OFF SHIP: White;0;Green;340;Yellow;53;Red;6;Black;101;ON SHIP: White;0;Green;0;Yellow;0;Red;0;Evacuees to Transfer;
989.069,1240,evacuee,outES,Evacuee 28 in triage category G is not assigned a helicopter
989.069,1240,evacuee,,Evacuee;28;in triage state;Y;is at the evacuation site
989.844,3,evacueeManager,,OFF SHIP: White;0;Green;339;Yellow;54;Red;6;Black;101;ON SHIP: White;0;Green;0;Yellow;0;Red;0;Evacuees to Transfer;
989.844,258,evacuee,outES,Evacuee 348 in triage category G is not assigned a helicopter
989.844,258,evacuee,,Evacuee;348;in triage state;Y;is at the evacuation site
990.463,3,evacueeManager,,OFF SHIP: White;0;Green;338;Yellow;55;Red;6;Black;101;ON SHIP: White;0;Green;0;Yellow;0;Red;0;Evacuees to Transfer;
990.463,53,evacuee,outES,Evacuee 471 in triage category G is not assigned a helicopter
990.463,53,evacuee,,Evacuee;471;in triage state;Y;is at the evacuation site
995.727,3,evacueeManager,,OFF SHIP: White;0;Green;338;Yellow;54;Red;7;Black;101;ON SHIP: White;0;Green;0;Yellow;0;Red;0;Evacuees to Transfer;
995.727,1092,evacuee,outES,Evacuee 48 in triage category Y is not assigned a helicopter
995.727,1092,evacuee,,Evacuee;48;in triage state;R;is at the evacuation site
996.155,3,evacueeManager,,OFF SHIP: White;0;Green;338;Yellow;53;Red;8;Black;101;ON SHIP: White;0;Green;0;Yellow;0;Red;0;Evacuees to Transfer;
996.155,182,evacuee,outES,Evacuee 383 in triage category Y is not assigned a helicopter
996.155,182,evacuee,,Evacuee;383;in triage state;R;is at the evacuation site
1007.5,3,evacueeManager,,OFF SHIP: White;0;Green;337;Yellow;54;Red;8;Black;101;ON SHIP: White;0;Green;0;Yellow;0;Red;0;Evacuees to Transfer;
1007.5,393,evacuee,outES,Evacuee 283 in triage category G is not assigned a helicopter
1007.5,393,evacuee,,Evacuee;283;in triage state;Y;is at the evacuation site
1008.44,3,evacueeManager,,OFF SHIP: White;0;Green;337;Yellow;53;Red;9;Black;101;ON SHIP: White;0;Green;0;Yellow;0;Red;0;Evacuees to Transfer;
1008.44,1165,evacuee,outES,Evacuee 60 in triage category Y is not assigned a helicopter
1008.44,1165,evacuee,,Evacuee;60;in triage state;R;is at the evacuation site
1014.35,3,evacueeManager,,OFF SHIP: White;0;Green;337;Yellow;53;Red;8;Black;102;ON SHIP: White;0;Green;0;Yellow;0;Red;0;Evacuees to Transfer;
1014.35,522,evacuee,outES,Evacuee 299 in triage category R is not assigned a helicopter
1014.35,522,evacuee,,Evacuee;299;in triage state;B;is at the evacuation site
1016.32,3,evacueeManager,,OFF SHIP: White;0;Green;336;Yellow;54;Red;8;Black;102;ON SHIP: White;0;Green;0;Yellow;0;Red;0;Evacuees to Transfer;
1016.32,1384,evacuee,outES,Evacuee 275 in triage category G is not assigned a helicopter
1016.32,1384,evacuee,,Evacuee;275;in triage state;Y;is at the evacuation site
1017.59,3,evacueeManager,,OFF SHIP: White;0;Green;336;Yellow;53;Red;9;Black;102;ON SHIP: White;0;Green;0;Yellow;0;Red;0;Evacuees to Transfer;
1017.59,597,evacuee,outES,Evacuee 361 in triage category Y is not assigned a helicopter
1017.59,597,evacuee,,Evacuee;361;in triage state;R;is at the evacuation site
1021.88,3,evacueeManager,,OFF SHIP: White;0;Green;335;Yellow;54;Red;9;Black;102;ON SHIP: White;0;Green;0;Yellow;0;Red;0;Evacuees to Transfer;
1021.88,1312,evacuee,outES,Evacuee 232 in triage category G is not assigned a helicopter
1021.88,1312,evacuee,,Evacuee;232;in triage state;Y;is at the evacuation site
1023.01,3,evacueeManager,,OFF SHIP: White;0;Green;335;Yellow;54;Red;8;Black;103;ON SHIP: White;0;Green;0;Yellow;0;Red;0;Evacuees to Transfer;
1023.01,876,evacuee,outES,Evacuee 18 in triage category R is not assigned a helicopter
1023.01,876,evacuee,,Evacuee;18;in triage state;B;is at the evacuation site
1026.98,3,evacueeManager,,OFF SHIP: White;0;Green;334;Yellow;55;Red;8;Black;103;ON SHIP: White;0;Green;0;Yellow;0;Red;0;Evacuees to Transfer;
1026.98,669,evacuee,outES,Evacuee 300 in triage category G is not assigned a helicopter
1026.98,669,evacuee,,Evacuee;300;in triage state;Y;is at the evacuation site
1028.95,3,evacueeManager,,OFF SHIP: White;0;Green;333;Yellow;56;Red;8;Black;103;ON SHIP: White;0;Green;0;Yellow;0;Red;0;Evacuees to Transfer;
1028.95,1095,evacuee,outES,Evacuee 144 in triage category G is not assigned a helicopter
1028.95,1095,evacuee,,Evacuee;144;in triage state;Y;is at the evacuation site
1031.09,3,evacueeManager,,OFF SHIP: White;0;Green;333;Yellow;56;Red;7;Black;104;ON SHIP: White;0;Green;0;Yellow;0;Red;0;Evacuees to Transfer;
1031.09,182,evacuee,outES,Evacuee 383 in triage category R is not assigned a helicopter
1031.09,182,evacuee,,Evacuee;383;in triage state;B;is at the evacuation site
1033.91,3,evacueeManager,,OFF SHIP: White;0;Green;333;Yellow;55;Red;8;Black;104;ON SHIP: White;0;Green;0;Yellow;0;Red;0;Evacuees to Transfer;
1033.91,453,evacuee,outES,Evacuee 114 in triage category Y is not assigned a helicopter
1033.91,453,evacuee,,Evacuee;114;in triage state;R;is at the evacuation site
1038.32,3,evacueeManager,,OFF SHIP: White;0;Green;333;Yellow;54;Red;9;Black;104;ON SHIP: White;0;Green;0;Yellow;0;Red;0;Evacuees to Transfer;
1038.32,176,evacuee,outES,Evacuee 384 in triage category Y is not assigned a helicopter
1038.32,176,evacuee,,Evacuee;384;in triage state;R;is at the evacuation site
1038.79,3,evacueeManager,,OFF SHIP: White;0;Green;332;Yellow;55;Red;9;Black;104;ON SHIP: White;0;Green;0;Yellow;0;Red;0;Evacuees to Transfer;
1038.79,330,evacuee,outES,Evacuee 313 in triage category G is not assigned a helicopter
1038.79,330,evacuee,,Evacuee;313;in triage state;Y;is at the evacuation site
1039.26,3,evacueeManager,,OFF SHIP: White;0;Green;331;Yellow;56;Red;9;Black;104;ON SHIP: White;0;Green;0;Yellow;0;Red;0;Evacuees to Transfer;
1039.26,882,evacuee,outES,Evacuee 246 in triage category G is not assigned a helicopter
1039.26,882,evacuee,,Evacuee;246;in triage state;Y;is at the evacuation site
1043.76,3,evacueeManager,,OFF SHIP: White;0;Green;330;Yellow;57;Red;9;Black;104;ON SHIP: White;0;Green;0;Yellow;0;Red;0;Evacuees to Transfer;
1043.76,465,evacuee,outES,Evacuee 122 in triage category G is not assigned a helicopter
1043.76,465,evacuee,,Evacuee;122;in triage state;Y;is at the evacuation site
1045.27,3,evacueeManager,,OFF SHIP: White;0;Green;330;Yellow;56;Red;10;Black;104;ON SHIP: White;0;Green;0;Yellow;0;Red;0;Evacuees to Transfer;
1045.27,1168,evacuee,outES,Evacuee 385 in triage category Y is not assigned a helicopter
1045.27,1168,evacuee,,Evacuee;385;in triage state;R;is at the evacuation site
1045.89,3,evacueeManager,,OFF SHIP: White;0;Green;329;Yellow;57;Red;10;Black;104;ON SHIP: White;0;Green;0;Yellow;0;Red;0;Evacuees to Transfer;
1045.89,125,evacuee,outES,Evacuee 414 in triage category G is not assigned a helicopter
1045.89,125,evacuee,,Evacuee;414;in triage state;Y;is at the evacuation site
1062.81,3,evacueeManager,,OFF SHIP: White;0;Green;329;Yellow;57;Red;9;Black;105;ON SHIP: White;0;Green;0;Yellow;0;Red;0;Evacuees to Transfer;
1062.81,1165,evacuee,outES,Evacuee 60 in triage category R is not assigned a helicopter
1062.81,1165,evacuee,,Evacuee;60;in triage state;B;is at the evacuation site
1063.88,3,evacueeManager,,OFF SHIP: White;0;Green;329;Yellow;56;Red;10;Black;105;ON SHIP: White;0;Green;0;Yellow;0;Red;0;Evacuees to Transfer;
1063.88,125,evacuee,outES,Evacuee 414 in triage category Y is not assigned a helicopter
1063.88,125,evacuee,,Evacuee;414;in triage state;R;is at the evacuation site
1072.26,3,evacueeManager,,OFF SHIP: White;0;Green;328;Yellow;57;Red;10;Black;105;ON SHIP: White;0;Green;0;Yellow;0;Red;0;Evacuees to Transfer;
1072.26,1456,evacuee,outES,Evacuee 233 in triage category G is not assigned a helicopter
1072.26,1456,evacuee,,Evacuee;233;in triage state;Y;is at the evacuation site
1076.28,3,evacueeManager,,OFF SHIP: White;0;Green;328;Yellow;56;Red;11;Black;105;ON SHIP: White;0;Green;0;Yellow;0;Red;0;Evacuees to Transfer;
1076.28,873,evacuee,outES,Evacuee 4 in triage category Y is not assigned a helicopter
1076.28,873,evacuee,,Evacuee;4;in triage state;R;is at the evacuation site
1085.93,3,evacueeManager,,OFF SHIP: White;0;Green;327;Yellow;57;Red;11;Black;105;ON SHIP: White;0;Green;0;Yellow;0;Red;0;Evacuees to Transfer;
1085.93,188,evacuee,outES,Evacuee 382 in triage category G is not assigned a helicopter
1085.93,188,evacuee,,Evacuee;382;in triage state;Y;is at the evacuation site
1090.32,3,evacueeManager,,OFF SHIP: White;0;Green;327;Yellow;57;Red;10;Black;106;ON SHIP: White;0;Green;0;Yellow;0;Red;0;Evacuees to Transfer;
1090.32,1294,evacuee,outES,Evacuee 171 in triage category R is not assigned a helicopter
1090.32,1294,evacuee,,Evacuee;171;in triage state;B;is at the evacuation site
1094.58,3,evacueeManager,,OFF SHIP: White;0;Green;327;Yellow;57;Red;9;Black;107;ON SHIP: White;0;Green;0;Yellow;0;Red;0;Evacuees to Transfer;
1094.58,873,evacuee,outES,Evacuee 4 in triage category R is not assigned a helicopter
1094.58,873,evacuee,,Evacuee;4;in triage state;B;is at the evacuation site
1099.52,3,evacueeManager,,OFF SHIP: White;0;Green;327;Yellow;57;Red;8;Black;108;ON SHIP: White;0;Green;0;Yellow;0;Red;0;Evacuees to Transfer;
1099.52,1092,evacuee,outES,Evacuee 48 in triage category R is not assigned a helicopter
1099.52,1092,evacuee,,Evacuee;48;in triage state;B;is at the evacuation site
1103.73,3,evacueeManager,,OFF SHIP: White;0;Green;327;Yellow;56;Red;9;Black;108;ON SHIP: White;0;Green;0;Yellow;0;Red;0;Evacuees to Transfer;
1103.73,1237,evacuee,outES,Evacuee 161 in triage category Y is not assigned a helicopter
1103.73,1237,evacuee,,Evacuee;161;in triage state;R;is at the evacuation site
1104.03,3,evacueeManager,,OFF SHIP: White;0;Green;327;Yellow;55;Red;10;Black;108;ON SHIP: White;0;Green;0;Yellow;0;Red;0;Evacuees to Transfer;
1104.03,1453,evacuee,outES,Evacuee 73 in triage category Y is not assigned a helicopter
1104.03,1453,evacuee,,Evacuee;73;in triage state;R;is at the evacuation site
1108.51,3,evacueeManager,,OFF SHIP: White;0;Green;327;Yellow;55;Red;9;Black;109;ON SHIP: White;0;Green;0;Yellow;0;Red;0;Evacuees to Transfer;
1108.51,453,evacuee,outES,Evacuee 114 in triage category R is not assigned a helicopter
1108.51,453,evacuee,,Evacuee;114;in triage state;B;is at the evacuation site
1109.75,3,evacueeManager,,OFF SHIP: White;0;Green;326;Yellow;56;Red;9;Black;109;ON SHIP: White;0;Green;0;Yellow;0;Red;0;Evacuees to Transfer;
1109.75,1026,evacuee,outES,Evacuee 32 in triage category G is not assigned a helicopter
1109.75,1026,evacuee,,Evacuee;32;in triage state;Y;is at the evacuation site
1114.85,3,evacueeManager,,OFF SHIP: White;0;Green;325;Yellow;57;Red;9;Black;109;ON SHIP: White;0;Green;0;Yellow;0;Red;0;Evacuees to Transfer;
1114.85,1171,evacuee,outES,Evacuee 181 in triage category G is not assigned a helicopter
1114.85,1171,evacuee,,Evacuee;181;in triage state;Y;is at the evacuation site
1116.17,3,evacueeManager,,OFF SHIP: White;0;Green;325;Yellow;56;Red;10;Black;109;ON SHIP: White;0;Green;0;Yellow;0;Red;0;Evacuees to Transfer;
1116.17,50,evacuee,outES,Evacuee 472 in triage category Y is not assigned a helicopter
1116.17,50,evacuee,,Evacuee;472;in triage state;R;is at the evacuation site
1116.79,3,evacueeManager,,OFF SHIP: White;0;Green;324;Yellow;57;Red;10;Black;109;ON SHIP: White;0;Green;0;Yellow;0;Red;0;Evacuees to Transfer;
1116.79,528,evacuee,outES,Evacuee 373 in triage category G is not assigned a helicopter
1116.79,528,evacuee,,Evacuee;373;in triage state;Y;is at the evacuation site
1125.09,3,evacueeManager,,OFF SHIP: White;0;Green;324;Yellow;56;Red;11;Black;109;ON SHIP: White;0;Green;0;Yellow;0;Red;0;Evacuees to Transfer;
1125.09,1456,evacuee,outES,Evacuee 233 in triage category Y is not assigned a helicopter
1125.09,1456,evacuee,,Evacuee;233;in triage state;R;is at the evacuation site
1125.44,3,evacueeManager,,OFF SHIP: White;0;Green;324;Yellow;56;Red;10;Black;110;ON SHIP: White;0;Green;0;Yellow;0;Red;0;Evacuees to Transfer;
1125.44,1168,evacuee,outES,Evacuee 385 in triage category R is not assigned a helicopter
1125.44,1168,evacuee,,Evacuee;385;in triage state;B;is at the evacuation site
1131.12,3,evacueeManager,,OFF SHIP: White;0;Green;324;Yellow;55;Red;11;Black;110;ON SHIP: White;0;Green;0;Yellow;0;Red;0;Evacuees to Transfer;
1131.12,666,evacuee,outES,Evacuee 156 in triage category Y is not assigned a helicopter
1131.12,666,evacuee,,Evacuee;156;in triage state;R;is at the evacuation site
1131.14,3,evacueeManager,,OFF SHIP: White;0;Green;324;Yellow;55;Red;10;Black;111;ON SHIP: White;0;Green;0;Yellow;0;Red;0;Evacuees to Transfer;
1131.14,23,evacuee,outES,Evacuee 486 in triage category R is not assigned a helicopter
1131.14,23,evacuee,,Evacuee;486;in triage state;B;is at the evacuation site
1132.8,3,evacueeManager,,OFF SHIP: White;0;Green;323;Yellow;56;Red;10;Black;111;ON SHIP: White;0;Green;0;Yellow;0;Red;0;Evacuees to Transfer;
1132.8,741,evacuee,outES,Evacuee 218 in triage category G is not assigned a helicopter
1132.8,741,evacuee,,Evacuee;218;in triage state;Y;is at the evacuation site
1136.11,3,evacueeManager,,OFF SHIP: White;0;Green;323;Yellow;55;Red;11;Black;111;ON SHIP: White;0;Green;0;Yellow;0;Red;0;Evacuees to Transfer;
1136.11,1023,evacuee,outES,Evacuee 24 in triage category Y is not assigned a helicopter
1136.11,1023,evacuee,,Evacuee;24;in triage state;R;is at the evacuation site
1146.74,3,evacueeManager,,OFF SHIP: White;0;Green;323;Yellow;54;Red;12;Black;111;ON SHIP: White;0;Green;0;Yellow;0;Red;0;Evacuees to Transfer;
1146.74,1444,evacuee,outES,Evacuee 464 in triage category Y is not assigned a helicopter
1146.74,1444,evacuee,,Evacuee;464;in triage state;R;is at the evacuation site
1147.75,3,evacueeManager,,OFF SHIP: White;0;Green;322;Yellow;55;Red;12;Black;111;ON SHIP: White;0;Green;0;Yellow;0;Red;0;Evacuees to Transfer;
1147.75,600,evacuee,outES,Evacuee 342 in triage category G is not assigned a helicopter
1147.75,600,evacuee,,Evacuee;342;in triage state;Y;is at the evacuation site
1157.48,3,evacueeManager,,OFF SHIP: White;0;Green;322;Yellow;54;Red;13;Black;111;ON SHIP: White;0;Green;0;Yellow;0;Red;0;Evacuees to Transfer;
1157.48,1240,evacuee,outES,Evacuee 28 in triage category Y is not assigned a helicopter
1157.48,1240,evacuee,,Evacuee;28;in triage state;R;is at the evacuation site
1158.07,3,evacueeManager,,OFF SHIP: White;0;Green;322;Yellow;54;Red;12;Black;112;ON SHIP: White;0;Green;0;Yellow;0;Red;0;Evacuees to Transfer;
1158.07,1456,evacuee,outES,Evacuee 233 in triage category R is not assigned a helicopter
1158.07,1456,evacuee,,Evacuee;233;in triage state;B;is at the evacuation site
1162.61,3,evacueeManager,,OFF SHIP: White;0;Green;321;Yellow;55;Red;12;Black;112;ON SHIP: White;0;Green;0;Yellow;0;Red;0;Evacuees to Transfer;
1162.61,1243,evacuee,outES,Evacuee 126 in triage category G is not assigned a helicopter
1162.61,1243,evacuee,,Evacuee;126;in triage state;Y;is at the evacuation site
1164.09,3,evacueeManager,,OFF SHIP: White;0;Green;320;Yellow;56;Red;12;Black;112;ON SHIP: White;0;Green;0;Yellow;0;Red;0;Evacuees to Transfer;
1164.09,56,evacuee,outES,Evacuee 468 in triage category G is not assigned a helicopter
1164.09,56,evacuee,,Evacuee;468;in triage state;Y;is at the evacuation site
1165.79,3,evacueeManager,,OFF SHIP: White;0;Green;320;Yellow;55;Red;13;Black;112;ON SHIP: White;0;Green;0;Yellow;0;Red;0;Evacuees to Transfer;
1165.79,252,evacuee,outES,Evacuee 351 in triage category Y is not assigned a helicopter
1165.79,252,evacuee,,Evacuee;351;in triage state;R;is at the evacuation site
1170.27,3,evacueeManager,,OFF SHIP: White;0;Green;320;Yellow;55;Red;12;Black;113;ON SHIP: White;0;Green;0;Yellow;0;Red;0;Evacuees to Transfer;
1170.27,252,evacuee,outES,Evacuee 351 in triage category R is not assigned a helicopter
1170.27,252,evacuee,,Evacuee;351;in triage state;B;is at the evacuation site
1173.32,3,evacueeManager,,OFF SHIP: White;0;Green;320;Yellow;55;Red;11;Black;114;ON SHIP: White;0;Green;0;Yellow;0;Red;0;Evacuees to Transfer;
1173.32,1306,evacuee,outES,Evacuee 58 in triage category R is not assigned a helicopter
1173.32,1306,evacuee,,Evacuee;58;in triage state;B;is at the evacuation site
1173.58,3,evacueeManager,,OFF SHIP: White;0;Green;319;Yellow;56;Red;11;Black;114;ON SHIP: White;0;Green;0;Yellow;0;Red;0;Evacuees to Transfer;
1173.58,261,evacuee,outES,Evacuee 346 in triage category G is not assigned a helicopter
1173.58,261,evacuee,,Evacuee;346;in triage state;Y;is at the evacuation site
1173.93,3,evacueeManager,,OFF SHIP: White;0;Green;319;Yellow;55;Red;12;Black;114;ON SHIP: White;0;Green;0;Yellow;0;Red;0;Evacuees to Transfer;
1173.93,1086,evacuee,outES,Evacuee 388 in triage category Y is not assigned a helicopter
1173.93,1086,evacuee,,Evacuee;388;in triage state;R;is at the evacuation site
1176.02,3,evacueeManager,,OFF SHIP: White;0;Green;319;Yellow;54;Red;13;Black;114;ON SHIP: White;0;Green;0;Yellow;0;Red;0;Evacuees to Transfer;
1176.02,188,evacuee,outES,Evacuee 382 in triage category Y is not assigned a helicopter
1176.02,188,evacuee,,Evacuee;382;in triage state;R;is at the evacuation site
1176.39,3,evacueeManager,,OFF SHIP: White;0;Green;319;Yellow;53;Red;14;Black;114;ON SHIP: White;0;Green;0;Yellow;0;Red;0;Evacuees to Transfer;
1176.39,26,evacuee,outES,Evacuee 484 in triage category Y is not assigned a helicopter
1176.39,26,evacuee,,Evacuee;484;in triage state;R;is at the evacuation site
1179.32,3,evacueeManager,,OFF SHIP: White;0;Green;319;Yellow;52;Red;15;Black;114;ON SHIP: White;0;Green;0;Yellow;0;Red;0;Evacuees to Transfer;
1179.32,1441,evacuee,outES,Evacuee 226 in triage category Y is not assigned a helicopter
1179.32,1441,evacuee,,Evacuee;226;in triage state;R;is at the evacuation site
1184.72,3,evacueeManager,,OFF SHIP: White;0;Green;319;Yellow;52;Red;14;Black;115;ON SHIP: White;0;Green;0;Yellow;0;Red;0;Evacuees to Transfer;
1184.72,525,evacuee,outES,Evacuee 109 in triage category R is not assigned a helicopter
1184.72,525,evacuee,,Evacuee;109;in triage state;B;is at the evacuation site
1185.58,3,evacueeManager,,OFF SHIP: White;0;Green;318;Yellow;53;Red;14;Black;115;ON SHIP: White;0;Green;0;Yellow;0;Red;0;Evacuees to Transfer;
1185.58,396,evacuee,outES,Evacuee 282 in triage category G is not assigned a helicopter
1185.58,396,evacuee,,Evacuee;282;in triage state;Y;is at the evacuation site
1186.35,3,evacueeManager,,OFF SHIP: White;0;Green;318;Yellow;52;Red;15;Black;115;ON SHIP: White;0;Green;0;Yellow;0;Red;0;Evacuees to Transfer;
1186.35,1384,evacuee,outES,Evacuee 275 in triage category Y is not assigned a helicopter
1186.35,1384,evacuee,,Evacuee;275;in triage state;R;is at the evacuation site
1190.21,3,evacueeManager,,OFF SHIP: White;0;Green;318;Yellow;51;Red;16;Black;115;ON SHIP: White;0;Green;0;Yellow;0;Red;0;Evacuees to Transfer;
1190.21,122,evacuee,outES,Evacuee 419 in triage category Y is not assigned a helicopter
1190.21,122,evacuee,,Evacuee;419;in triage state;R;is at the evacuation site
1194.06,3,evacueeManager,,OFF SHIP: White;0;Green;317;Yellow;52;Red;16;Black;115;ON SHIP: White;0;Green;0;Yellow;0;Red;0;Evacuees to Transfer;
1194.06,1315,evacuee,outES,Evacuee 183 in triage category G is not assigned a helicopter
1194.06,1315,evacuee,,Evacuee;183;in triage state;Y;is at the evacuation site
1196.26,3,evacueeManager,,OFF SHIP: White;0;Green;317;Yellow;51;Red;17;Black;115;ON SHIP: White;0;Green;0;Yellow;0;Red;0;Evacuees to Transfer;
1196.26,807,evacuee,outES,Evacuee 187 in triage category Y is not assigned a helicopter
1196.26,807,evacuee,,Evacuee;187;in triage state;R;is at the evacuation site
1199.28,3,evacueeManager,,OFF SHIP: White;0;Green;317;Yellow;51;Red;16;Black;116;ON SHIP: White;0;Green;0;Yellow;0;Red;0;Evacuees to Transfer;
1199.28,1441,evacuee,outES,Evacuee 226 in triage category R is not assigned a helicopter
1199.28,1441,evacuee,,Evacuee;226;in triage state;B;is at the evacuation site
1199.66,3,evacueeManager,,OFF SHIP: White;0;Green;317;Yellow;51;Red;15;Black;117;ON SHIP: White;0;Green;0;Yellow;0;Red;0;Evacuees to Transfer;
1199.66,1444,evacuee,outES,Evacuee 464 in triage category R is not assigned a helicopter
1199.66,1444,evacuee,,Evacuee;464;in triage state;B;is at the evacuation site
1201.81,3,evacueeManager,,OFF SHIP: White;0;Green;316;Yellow;52;Red;15;Black;117;ON SHIP: White;0;Green;0;Yellow;0;Red;0;Evacuees to Transfer;
1201.81,1387,evacuee,outES,Evacuee 205 in triage category G is not assigned a helicopter
1201.81,1387,evacuee,,Evacuee;205;in triage state;Y;is at the evacuation site
1206.32,3,evacueeManager,,OFF SHIP: White;0;Green;315;Yellow;53;Red;15;Black;117;ON SHIP: White;0;Green;0;Yellow;0;Red;0;Evacuees to Transfer;
1206.32,672,evacuee,outES,Evacuee 165 in triage category G is not assigned a helicopter
1206.32,672,evacuee,,Evacuee;165;in triage state;Y;is at the evacuation site
1208.41,3,evacueeManager,,OFF SHIP: White;0;Green;314;Yellow;54;Red;15;Black;117;ON SHIP: White;0;Green;0;Yellow;0;Red;0;Evacuees to Transfer;
1208.41,1098,evacuee,outES,Evacuee 50 in triage category G is not assigned a helicopter
1208.41,1098,evacuee,,Evacuee;50;in triage state;Y;is at the evacuation site
1210.89,3,evacueeManager,,OFF SHIP: White;0;Green;314;Yellow;53;Red;16;Black;117;ON SHIP: White;0;Green;0;Yellow;0;Red;0;Evacuees to Transfer;
1210.89,810,evacuee,outES,Evacuee 85 in triage category Y is not assigned a helicopter
1210.89,810,evacuee,,Evacuee;85;in triage state;R;is at the evacuation site
1211.24,3,evacueeManager,,OFF SHIP: White;0;Green;314;Yellow;53;Red;15;Black;118;ON SHIP: White;0;Green;0;Yellow;0;Red;0;Evacuees to Transfer;
1211.24,1086,evacuee,outES,Evacuee 388 in triage category R is not assigned a helicopter
1211.24,1086,evacuee,,Evacuee;388;in triage state;B;is at the evacuation site
1212.73,3,evacueeManager,,OFF SHIP: White;0;Green;314;Yellow;53;Red;14;Black;119;ON SHIP: White;0;Green;0;Yellow;0;Red;0;Evacuees to Transfer;
1212.73,1237,evacuee,outES,Evacuee 161 in triage category R is not assigned a helicopter
1212.73,1237,evacuee,,Evacuee;161;in triage state;B;is at the evacuation site
1217.29,3,evacueeManager,,OFF SHIP: White;0;Green;313;Yellow;54;Red;14;Black;119;ON SHIP: White;0;Green;0;Yellow;0;Red;0;Evacuees to Transfer;
1217.29,468,evacuee,outES,Evacuee 108 in triage category G is not assigned a helicopter
1217.29,468,evacuee,,Evacuee;108;in triage state;Y;is at the evacuation site
1218.88,3,evacueeManager,,OFF SHIP: White;0;Green;312;Yellow;55;Red;14;Black;119;ON SHIP: White;0;Green;0;Yellow;0;Red;0;Evacuees to Transfer;
1218.88,333,evacuee,outES,Evacuee 443 in triage category G is not assigned a helicopter
1218.88,333,evacuee,,Evacuee;443;in triage state;Y;is at the evacuation site
1219.55,3,evacueeManager,,OFF SHIP: White;0;Green;311;Yellow;56;Red;14;Black;119;ON SHIP: White;0;Green;0;Yellow;0;Red;0;Evacuees to Transfer;
1219.55,128,evacuee,outES,Evacuee 411 in triage category G is not assigned a helicopter
1219.55,128,evacuee,,Evacuee;411;in triage state;Y;is at the evacuation site
1220.05,3,evacueeManager,,OFF SHIP: White;0;Green;311;Yellow;55;Red;15;Black;119;ON SHIP: White;0;Green;0;Yellow;0;Red;0;Evacuees to Transfer;
1220.05,600,evacuee,outES,Evacuee 342 in triage category Y is not assigned a helicopter
1220.05,600,evacuee,,Evacuee;342;in triage state;R;is at the evacuation site
1222.83,3,evacueeManager,,OFF SHIP: White;0;Green;310;Yellow;56;Red;15;Black;119;ON SHIP: White;0;Green;0;Yellow;0;Red;0;Evacuees to Transfer;
1222.83,885,evacuee,outES,Evacuee 22 in triage category G is not assigned a helicopter
1222.83,885,evacuee,,Evacuee;22;in triage state;Y;is at the evacuation site
1227.17,3,evacueeManager,,OFF SHIP: White;0;Green;310;Yellow;56;Red;14;Black;120;ON SHIP: White;0;Green;0;Yellow;0;Red;0;Evacuees to Transfer;
1227.17,810,evacuee,outES,Evacuee 85 in triage category R is not assigned a helicopter
1227.17,810,evacuee,,Evacuee;85;in triage state;B;is at the evacuation site
1233.81,3,evacueeManager,,OFF SHIP: White;0;Green;310;Yellow;56;Red;13;Black;121;ON SHIP: White;0;Green;0;Yellow;0;Red;0;Evacuees to Transfer;
1233.81,807,evacuee,outES,Evacuee 187 in triage category R is not assigned a helicopter
1233.81,807,evacuee,,Evacuee;187;in triage state;B;is at the evacuation site
1235.17,3,evacueeManager,,OFF SHIP: White;0;Green;310;Yellow;56;Red;12;Black;122;ON SHIP: White;0;Green;0;Yellow;0;Red;0;Evacuees to Transfer;
1235.17,26,evacuee,outES,Evacuee 484 in triage category R is not assigned a helicopter
1235.17,26,evacuee,,Evacuee;484;in triage state;B;is at the evacuation site
1235.52,3,evacueeManager,,OFF SHIP: White;0;Green;310;Yellow;55;Red;13;Black;122;ON SHIP: White;0;Green;0;Yellow;0;Red;0;Evacuees to Transfer;
1235.52,885,evacuee,outES,Evacuee 22 in triage category Y is not assigned a helicopter
1235.52,885,evacuee,,Evacuee;22;in triage state;R;is at the evacuation site
1236.97,3,evacueeManager,,OFF SHIP: White;0;Green;310;Yellow;55;Red;12;Black;123;ON SHIP: White;0;Green;0;Yellow;0;Red;0;Evacuees to Transfer;
1236.97,1453,evacuee,outES,Evacuee 73 in triage category R is not assigned a helicopter
1236.97,1453,evacuee,,Evacuee;73;in triage state;B;is at the evacuation site
1238.03,3,evacueeManager,,OFF SHIP: White;0;Green;310;Yellow;55;Red;11;Black;124;ON SHIP: White;0;Green;0;Yellow;0;Red;0;Evacuees to Transfer;
1238.03,885,evacuee,outES,Evacuee 22 in triage category R is not assigned a helicopter
1238.03,885,evacuee,,Evacuee;22;in triage state;B;is at the evacuation site
1253.01,3,evacueeManager,,OFF SHIP: White;0;Green;310;Yellow;55;Red;10;Black;125;ON SHIP: White;0;Green;0;Yellow;0;Red;0;Evacuees to Transfer;
1253.01,125,evacuee,outES,Evacuee 414 in triage category R is not assigned a helicopter
1253.01,125,evacuee,,Evacuee;414;in triage state;B;is at the evacuation site
1254.52,3,evacueeManager,,OFF SHIP: White;0;Green;309;Yellow;56;Red;10;Black;125;ON SHIP: White;0;Green;0;Yellow;0;Red;0;Evacuees to Transfer;
1254.52,1459,evacuee,outES,Evacuee 236 in triage category G is not assigned a helicopter
1254.52,1459,evacuee,,Evacuee;236;in triage state;Y;is at the evacuation site
1257.71,3,evacueeManager,,OFF SHIP: White;0;Green;309;Yellow;55;Red;11;Black;125;ON SHIP: White;0;Green;0;Yellow;0;Red;0;Evacuees to Transfer;
1257.71,669,evacuee,outES,Evacuee 300 in triage category Y is not assigned a helicopter
1257.71,669,evacuee,,Evacuee;300;in triage state;R;is at the evacuation site
1262.91,3,evacueeManager,,OFF SHIP: White;0;Green;309;Yellow;55;Red;10;Black;126;ON SHIP: White;0;Green;0;Yellow;0;Red;0;Evacuees to Transfer;
1262.91,666,evacuee,outES,Evacuee 156 in triage category R is not assigned a helicopter
1262.91,666,evacuee,,Evacuee;156;in triage state;B;is at the evacuation site
1265.42,3,evacueeManager,,OFF SHIP: White;0;Green;308;Yellow;56;Red;10;Black;126;ON SHIP: White;0;Green;0;Yellow;0;Red;0;Evacuees to Transfer;
1265.42,957,evacuee,outES,Evacuee 209 in triage category G is not assigned a helicopter
1265.42,957,evacuee,,Evacuee;209;in triage state;Y;is at the evacuation site
1265.59,3,evacueeManager,,OFF SHIP: White;0;Green;307;Yellow;57;Red;10;Black;126;ON SHIP: White;0;Green;0;Yellow;0;Red;0;Evacuees to Transfer;
1265.59,191,evacuee,outES,Evacuee 381 in triage category G is not assigned a helicopter
1265.59,191,evacuee,,Evacuee;381;in triage state;Y;is at the evacuation site
1269.33,3,evacueeManager,,OFF SHIP: White;0;Green;307;Yellow;57;Red;9;Black;127;ON SHIP: White;0;Green;0;Yellow;0;Red;0;Evacuees to Transfer;
1269.33,1384,evacuee,outES,Evacuee 275 in triage category R is not assigned a helicopter
1269.33,1384,evacuee,,Evacuee;275;in triage state;B;is at the evacuation site
1279.8,3,evacueeManager,,OFF SHIP: White;0;Green;307;Yellow;56;Red;10;Black;127;ON SHIP: White;0;Green;0;Yellow;0;Red;0;Evacuees to Transfer;
1279.8,1312,evacuee,outES,Evacuee 232 in triage category Y is not assigned a helicopter
1279.8,1312,evacuee,,Evacuee;232;in triage state;R;is at the evacuation site
1279.88,3,evacueeManager,,OFF SHIP: White;0;Green;307;Yellow;56;Red;9;Black;128;ON SHIP: White;0;Green;0;Yellow;0;Red;0;Evacuees to Transfer;
1279.88,1240,evacuee,outES,Evacuee 28 in triage category R is not assigned a helicopter
1279.88,1240,evacuee,,Evacuee;28;in triage state;B;is at the evacuation site
1280.85,3,evacueeManager,,OFF SHIP: White;0;Green;307;Yellow;55;Red;10;Black;128;ON SHIP: White;0;Green;0;Yellow;0;Red;0;Evacuees to Transfer;
1280.85,528,evacuee,outES,Evacuee 373 in triage category Y is not assigned a helicopter
1280.85,528,evacuee,,Evacuee;373;in triage state;R;is at the evacuation site
1290.03,3,evacueeManager,,OFF SHIP: White;0;Green;307;Yellow;54;Red;11;Black;128;ON SHIP: White;0;Green;0;Yellow;0;Red;0;Evacuees to Transfer;
1290.03,1381,evacuee,outES,Evacuee 204 in triage category Y is not assigned a helicopter
1290.03,1381,evacuee,,Evacuee;204;in triage state;R;is at the evacuation site
1290.96,3,evacueeManager,,OFF SHIP: White;0;Green;306;Yellow;55;Red;11;Black;128;ON SHIP: White;0;Green;0;Yellow;0;Red;0;Evacuees to Transfer;
1290.96,1029,evacuee,outES,Evacuee 34 in triage category G is not assigned a helicopter
1290.96,1029,evacuee,,Evacuee;34;in triage state;Y;is at the evacuation site
1292.85,3,evacueeManager,,OFF SHIP: White;0;Green;305;Yellow;56;Red;11;Black;128;ON SHIP: White;0;Green;0;Yellow;0;Red;0;Evacuees to Transfer;
1292.85,1174,evacuee,outES,Evacuee 416 in triage category G is not assigned a helicopter
1292.85,1174,evacuee,,Evacuee;416;in triage state;Y;is at the evacuation site
1293.61,3,evacueeManager,,OFF SHIP: White;0;Green;305;Yellow;55;Red;12;Black;128;ON SHIP: White;0;Green;0;Yellow;0;Red;0;Evacuees to Transfer;
1293.61,1315,evacuee,outES,Evacuee 183 in triage category Y is not assigned a helicopter
1293.61,1315,evacuee,,Evacuee;183;in triage state;R;is at the evacuation site
1297.18,3,evacueeManager,,OFF SHIP: White;0;Green;305;Yellow;54;Red;13;Black;128;ON SHIP: White;0;Green;0;Yellow;0;Red;0;Evacuees to Transfer;
1297.18,53,evacuee,outES,Evacuee 471 in triage category Y is not assigned a helicopter
1297.18,53,evacuee,,Evacuee;471;in triage state;R;is at the evacuation site
1303.27,3,evacueeManager,,OFF SHIP: White;0;Green;305;Yellow;54;Red;12;Black;129;ON SHIP: White;0;Green;0;Yellow;0;Red;0;Evacuees to Transfer;
1303.27,122,evacuee,outES,Evacuee 419 in triage category R is not assigned a helicopter
1303.27,122,evacuee,,Evacuee;419;in triage state;B;is at the evacuation site
1305.54,3,evacueeManager,,OFF SHIP: White;0;Green;304;Yellow;55;Red;12;Black;129;ON SHIP: White;0;Green;0;Yellow;0;Red;0;Evacuees to Transfer;
1305.54,531,evacuee,outES,Evacuee 358 in triage category G is not assigned a helicopter
1305.54,531,evacuee,,Evacuee;358;in triage state;Y;is at the evacuation site
1306.57,3,evacueeManager,,OFF SHIP: White;0;Green;304;Yellow;54;Red;13;Black;129;ON SHIP: White;0;Green;0;Yellow;0;Red;0;Evacuees to Transfer;
1306.57,531,evacuee,outES,Evacuee 358 in triage category Y is not assigned a helicopter
1306.57,531,evacuee,,Evacuee;358;in triage state;R;is at the evacuation site
1315.51,3,evacueeManager,,OFF SHIP: White;0;Green;303;Yellow;55;Red;13;Black;129;ON SHIP: White;0;Green;0;Yellow;0;Red;0;Evacuees to Transfer;
1315.51,744,evacuee,outES,Evacuee 2 in triage category G is not assigned a helicopter
1315.51,744,evacuee,,Evacuee;2;in triage state;Y;is at the evacuation site
1316.46,3,evacueeManager,,OFF SHIP: White;0;Green;302;Yellow;56;Red;13;Black;129;ON SHIP: White;0;Green;0;Yellow;0;Red;0;Evacuees to Transfer;
1316.46,816,evacuee,outES,Evacuee 71 in triage category G is not assigned a helicopter
1316.46,816,evacuee,,Evacuee;71;in triage state;Y;is at the evacuation site
1322.19,3,evacueeManager,,OFF SHIP: White;0;Green;302;Yellow;55;Red;14;Black;129;ON SHIP: White;0;Green;0;Yellow;0;Red;0;Evacuees to Transfer;
1322.19,468,evacuee,outES,Evacuee 108 in triage category Y is not assigned a helicopter
1322.19,468,evacuee,,Evacuee;108;in triage state;R;is at the evacuation site
1330.76,3,evacueeManager,,OFF SHIP: White;0;Green;302;Yellow;55;Red;13;Black;130;ON SHIP: White;0;Green;0;Yellow;0;Red;0;Evacuees to Transfer;
1330.76,1312,evacuee,outES,Evacuee 232 in triage category R is not assigned a helicopter
1330.76,1312,evacuee,,Evacuee;232;in triage state;B;is at the evacuation site
1330.79,3,evacueeManager,,OFF SHIP: White;0;Green;302;Yellow;55;Red;12;Black;131;ON SHIP: White;0;Green;0;Yellow;0;Red;0;Evacuees to Transfer;
1330.79,1315,evacuee,outES,Evacuee 183 in triage category R is not assigned a helicopter
1330.79,1315,evacuee,,Evacuee;183;in triage state;B;is at the evacuation site
1331.43,3,evacueeManager,,OFF SHIP: White;0;Green;301;Yellow;56;Red;12;Black;131;ON SHIP: White;0;Green;0;Yellow;0;Red;0;Evacuees to Transfer;
1331.43,603,evacuee,outES,Evacuee 93 in triage category G is not assigned a helicopter
1331.43,603,evacuee,,Evacuee;93;in triage state;Y;is at the evacuation site
1336.68,3,evacueeManager,,OFF SHIP: White;0;Green;301;Yellow;55;Red;13;Black;131;ON SHIP: White;0;Green;0;Yellow;0;Red;0;Evacuees to Transfer;
1336.68,603,evacuee,outES,Evacuee 93 in triage category Y is not assigned a helicopter
1336.68,603,evacuee,,Evacuee;93;in triage state;R;is at the evacuation site
1337.46,3,evacueeManager,,OFF SHIP: White;0;Green;301;Yellow;55;Red;12;Black;132;ON SHIP: White;0;Green;0;Yellow;0;Red;0;Evacuees to Transfer;
1337.46,669,evacuee,outES,Evacuee 300 in triage category R is not assigned a helicopter
1337.46,669,evacuee,,Evacuee;300;in triage state;B;is at the evacuation site
1342.46,3,evacueeManager,,OFF SHIP: White;0;Green;301;Yellow;54;Red;13;Black;132;ON SHIP: White;0;Green;0;Yellow;0;Red;0;Evacuees to Transfer;
1342.46,744,evacuee,outES,Evacuee 2 in triage category Y is not assigned a helicopter
1342.46,744,evacuee,,Evacuee;2;in triage state;R;is at the evacuation site
1343.68,3,evacueeManager,,OFF SHIP: White;0;Green;300;Yellow;55;Red;13;Black;132;ON SHIP: White;0;Green;0;Yellow;0;Red;0;Evacuees to Transfer;
1343.68,1246,evacuee,outES,Evacuee 234 in triage category G is not assigned a helicopter
1343.68,1246,evacuee,,Evacuee;234;in triage state;Y;is at the evacuation site
1344.59,3,evacueeManager,,OFF SHIP: White;0;Green;300;Yellow;55;Red;12;Black;133;ON SHIP: White;0;Green;0;Yellow;0;Red;0;Evacuees to Transfer;
1344.59,50,evacuee,outES,Evacuee 472 in triage category R is not assigned a helicopter
1344.59,50,evacuee,,Evacuee;472;in triage state;B;is at the evacuation site
1348.86,3,evacueeManager,,OFF SHIP: White;0;Green;299;Yellow;56;Red;12;Black;133;ON SHIP: White;0;Green;0;Yellow;0;Red;0;Evacuees to Transfer;
1348.86,59,evacuee,outES,Evacuee 463 in triage category G is not assigned a helicopter
1348.86,59,evacuee,,Evacuee;463;in triage state;Y;is at the evacuation site
1350.73,3,evacueeManager,,OFF SHIP: White;0;Green;299;Yellow;56;Red;11;Black;134;ON SHIP: White;0;Green;0;Yellow;0;Red;0;Evacuees to Transfer;
1350.73,468,evacuee,outES,Evacuee 108 in triage category R is not assigned a helicopter
1350.73,468,evacuee,,Evacuee;108;in triage state;B;is at the evacuation site
1352.89,3,evacueeManager,,OFF SHIP: White;0;Green;299;Yellow;56;Red;10;Black;135;ON SHIP: White;0;Green;0;Yellow;0;Red;0;Evacuees to Transfer;
1352.89,53,evacuee,outES,Evacuee 471 in triage category R is not assigned a helicopter
1352.89,53,evacuee,,Evacuee;471;in triage state;B;is at the evacuation site
1354.16,3,evacueeManager,,OFF SHIP: White;0;Green;299;Yellow;55;Red;11;Black;135;ON SHIP: White;0;Green;0;Yellow;0;Red;0;Evacuees to Transfer;
1354.16,951,evacuee,outES,Evacuee 37 in triage category Y is not assigned a helicopter
1354.16,951,evacuee,,Evacuee;37;in triage state;R;is at the evacuation site
1355.42,3,evacueeManager,,OFF SHIP: White;0;Green;299;Yellow;54;Red;12;Black;135;ON SHIP: White;0;Green;0;Yellow;0;Red;0;Evacuees to Transfer;
1355.42,657,evacuee,outES,Evacuee 213 in triage category Y is not assigned a helicopter
1355.42,657,evacuee,,Evacuee;213;in triage state;R;is at the evacuation site
1358.18,3,evacueeManager,,OFF SHIP: White;0;Green;299;Yellow;54;Red;11;Black;136;ON SHIP: White;0;Green;0;Yellow;0;Red;0;Evacuees to Transfer;
1358.18,188,evacuee,outES,Evacuee 382 in triage category R is not assigned a helicopter
1358.18,188,evacuee,,Evacuee;382;in triage state;B;is at the evacuation site
1361.4,3,evacueeManager,,OFF SHIP: White;0;Green;299;Yellow;53;Red;12;Black;136;ON SHIP: White;0;Green;0;Yellow;0;Red;0;Evacuees to Transfer;
1361.4,882,evacuee,outES,Evacuee 246 in triage category Y is not assigned a helicopter
1361.4,882,evacuee,,Evacuee;246;in triage state;R;is at the evacuation site
1363.37,3,evacueeManager,,OFF SHIP: White;0;Green;299;Yellow;52;Red;13;Black;136;ON SHIP: White;0;Green;0;Yellow;0;Red;0;Evacuees to Transfer;
1363.37,240,evacuee,outES,Evacuee 360 in triage category Y is not assigned a helicopter
1363.37,240,evacuee,,Evacuee;360;in triage state;R;is at the evacuation site
1366.21,3,evacueeManager,,OFF SHIP: White;0;Green;298;Yellow;53;Red;13;Black;136;ON SHIP: White;0;Green;0;Yellow;0;Red;0;Evacuees to Transfer;
1366.21,264,evacuee,outES,Evacuee 341 in triage category G is not assigned a helicopter
1366.21,264,evacuee,,Evacuee;341;in triage state;Y;is at the evacuation site
1372.01,3,evacueeManager,,OFF SHIP: White;0;Green;298;Yellow;53;Red;12;Black;137;ON SHIP: White;0;Green;0;Yellow;0;Red;0;Evacuees to Transfer;
1372.01,882,evacuee,outES,Evacuee 246 in triage category R is not assigned a helicopter
1372.01,882,evacuee,,Evacuee;246;in triage state;B;is at the evacuation site
1375.41,3,evacueeManager,,OFF SHIP: White;0;Green;297;Yellow;54;Red;12;Black;137;ON SHIP: White;0;Green;0;Yellow;0;Red;0;Evacuees to Transfer;
1375.41,399,evacuee,outES,Evacuee 281 in triage category G is not assigned a helicopter
1375.41,399,evacuee,,Evacuee;281;in triage state;Y;is at the evacuation site
1377.19,3,evacueeManager,,OFF SHIP: White;0;Green;296;Yellow;55;Red;12;Black;137;ON SHIP: White;0;Green;0;Yellow;0;Red;0;Evacuees to Transfer;
1377.19,1318,evacuee,outES,Evacuee 184 in triage category G is not assigned a helicopter
1377.19,1318,evacuee,,Evacuee;184;in triage state;Y;is at the evacuation site
1382.6,3,evacueeManager,,OFF SHIP: White;0;Green;296;Yellow;54;Red;13;Black;137;ON SHIP: White;0;Green;0;Yellow;0;Red;0;Evacuees to Transfer;
1382.6,879,evacuee,outES,Evacuee 387 in triage category Y is not assigned a helicopter
1382.6,879,evacuee,,Evacuee;387;in triage state;R;is at the evacuation site
1382.82,3,evacueeManager,,OFF SHIP: White;0;Green;296;Yellow;54;Red;12;Black;138;ON SHIP: White;0;Green;0;Yellow;0;Red;0;Evacuees to Transfer;
1382.82,657,evacuee,outES,Evacuee 213 in triage category R is not assigned a helicopter
1382.82,657,evacuee,,Evacuee;213;in triage state;B;is at the evacuation site
1387.2,3,evacueeManager,,OFF SHIP: White;0;Green;296;Yellow;53;Red;13;Black;138;ON SHIP: White;0;Green;0;Yellow;0;Red;0;Evacuees to Transfer;
1387.2,516,evacuee,outES,Evacuee 302 in triage category Y is not assigned a helicopter
1387.2,516,evacuee,,Evacuee;302;in triage state;R;is at the evacuation site
1395.18,3,evacueeManager,,OFF SHIP: White;0;Green;296;Yellow;53;Red;12;Black;139;ON SHIP: White;0;Green;0;Yellow;0;Red;0;Evacuees to Transfer;
1395.18,600,evacuee,outES,Evacuee 342 in triage category R is not assigned a helicopter
1395.18,600,evacuee,,Evacuee;342;in triage state;B;is at the evacuation site
1397.05,3,evacueeManager,,OFF SHIP: White;0;Green;296;Yellow;52;Red;13;Black;139;ON SHIP: White;0;Green;0;Yellow;0;Red;0;Evacuees to Transfer;
1397.05,393,evacuee,outES,Evacuee 283 in triage category Y is not assigned a helicopter
1397.05,393,evacuee,,Evacuee;283;in triage state;R;is at the evacuation site
1399.8,3,evacueeManager,,OFF SHIP: White;0;Green;295;Yellow;53;Red;13;Black;139;ON SHIP: White;0;Green;0;Yellow;0;Red;0;Evacuees to Transfer;
1399.8,1101,evacuee,outES,Evacuee 19 in triage category G is not assigned a helicopter
1399.8,1101,evacuee,,Evacuee;19;in triage state;Y;is at the evacuation site
1399.89,3,evacueeManager,,OFF SHIP: White;0;Green;295;Yellow;53;Red;12;Black;140;ON SHIP: White;0;Green;0;Yellow;0;Red;0;Evacuees to Transfer;
1399.89,597,evacuee,outES,Evacuee 361 in triage category R is not assigned a helicopter
1399.89,597,evacuee,,Evacuee;361;in triage state;B;is at the evacuation site
1401.15,3,evacueeManager,,OFF SHIP: White;0;Green;295;Yellow;52;Red;13;Black;140;ON SHIP: White;0;Green;0;Yellow;0;Red;0;Evacuees to Transfer;
1401.15,261,evacuee,outES,Evacuee 346 in triage category Y is not assigned a helicopter
1401.15,261,evacuee,,Evacuee;346;in triage state;R;is at the evacuation site
1401.71,3,evacueeManager,,OFF SHIP: White;0;Green;295;Yellow;51;Red;14;Black;140;ON SHIP: White;0;Green;0;Yellow;0;Red;0;Evacuees to Transfer;
1401.71,110,evacuee,outES,Evacuee 428 in triage category Y is not assigned a helicopter
1401.71,110,evacuee,,Evacuee;428;in triage state;R;is at the evacuation site
1403.64,3,evacueeManager,,OFF SHIP: White;0;Green;294;Yellow;52;Red;14;Black;140;ON SHIP: White;0;Green;0;Yellow;0;Red;0;Evacuees to Transfer;
1403.64,336,evacuee,outES,Evacuee 312 in triage category G is not assigned a helicopter
1403.64,336,evacuee,,Evacuee;312;in triage state;Y;is at the evacuation site
1404.9,3,evacueeManager,,OFF SHIP: White;0;Green;293;Yellow;53;Red;14;Black;140;ON SHIP: White;0;Green;0;Yellow;0;Red;0;Evacuees to Transfer;
1404.9,675,evacuee,outES,Evacuee 454 in triage category G is not assigned a helicopter
1404.9,675,evacuee,,Evacuee;454;in triage state;Y;is at the evacuation site
1406.73,3,evacueeManager,,OFF SHIP: White;0;Green;293;Yellow;53;Red;13;Black;141;ON SHIP: White;0;Green;0;Yellow;0;Red;0;Evacuees to Transfer;
1406.73,110,evacuee,outES,Evacuee 428 in triage category R is not assigned a helicopter
1406.73,110,evacuee,,Evacuee;428;in triage state;B;is at the evacuation site
1407.85,3,evacueeManager,,OFF SHIP: White;0;Green;292;Yellow;54;Red;13;Black;141;ON SHIP: White;0;Green;0;Yellow;0;Red;0;Evacuees to Transfer;
1407.85,888,evacuee,outES,Evacuee 92 in triage category G is not assigned a helicopter
1407.85,888,evacuee,,Evacuee;92;in triage state;Y;is at the evacuation site
1411.71,3,evacueeManager,,OFF SHIP: White;0;Green;291;Yellow;55;Red;13;Black;141;ON SHIP: White;0;Green;0;Yellow;0;Red;0;Evacuees to Transfer;
1411.71,131,evacuee,outES,Evacuee 422 in triage category G is not assigned a helicopter
1411.71,131,evacuee,,Evacuee;422;in triage state;Y;is at the evacuation site
1412.97,3,evacueeManager,,OFF SHIP: White;0;Green;290;Yellow;56;Red;13;Black;141;ON SHIP: White;0;Green;0;Yellow;0;Red;0;Evacuees to Transfer;
1412.97,471,evacuee,outES,Evacuee 276 in triage category G is not assigned a helicopter
1412.97,471,evacuee,,Evacuee;276;in triage state;Y;is at the evacuation site
1414.77,3,evacueeManager,,OFF SHIP: White;0;Green;289;Yellow;57;Red;13;Black;141;ON SHIP: White;0;Green;0;Yellow;0;Red;0;Evacuees to Transfer;
1414.77,1390,evacuee,outES,Evacuee 323 in triage category G is not assigned a helicopter
1414.77,1390,evacuee,,Evacuee;323;in triage state;Y;is at the evacuation site
1419.96,3,evacueeManager,,OFF SHIP: White;0;Green;289;Yellow;57;Red;12;Black;142;ON SHIP: White;0;Green;0;Yellow;0;Red;0;Evacuees to Transfer;
1419.96,393,evacuee,outES,Evacuee 283 in triage category R is not assigned a helicopter
1419.96,393,evacuee,,Evacuee;283;in triage state;B;is at the evacuation site
1432.54,3,evacueeManager,,OFF SHIP: White;0;Green;289;Yellow;56;Red;13;Black;142;ON SHIP: White;0;Green;0;Yellow;0;Red;0;Evacuees to Transfer;
1432.54,191,evacuee,outES,Evacuee 381 in triage category Y is not assigned a helicopter
1432.54,191,evacuee,,Evacuee;381;in triage state;R;is at the evacuation site
1435.46,3,evacueeManager,,OFF SHIP: White;0;Green;289;Yellow;55;Red;14;Black;142;ON SHIP: White;0;Green;0;Yellow;0;Red;0;Evacuees to Transfer;
1435.46,786,evacuee,outES,Evacuee 493 in triage category Y is not assigned a helicopter
1435.46,786,evacuee,,Evacuee;493;in triage state;R;is at the evacuation site
1446.3,3,evacueeManager,,OFF SHIP: White;0;Green;289;Yellow;54;Red;15;Black;142;ON SHIP: White;0;Green;0;Yellow;0;Red;0;Evacuees to Transfer;
1446.3,672,evacuee,outES,Evacuee 165 in triage category Y is not assigned a helicopter
1446.3,672,evacuee,,Evacuee;165;in triage state;R;is at the evacuation site
1449.11,3,evacueeManager,,OFF SHIP: White;0;Green;288;Yellow;55;Red;15;Black;142;ON SHIP: White;0;Green;0;Yellow;0;Red;0;Evacuees to Transfer;
1449.11,1462,evacuee,outES,Evacuee 7 in triage category G is not assigned a helicopter
1449.11,1462,evacuee,,Evacuee;7;in triage state;Y;is at the evacuation site
1453.3,3,evacueeManager,,OFF SHIP: White;0;Green;287;Yellow;56;Red;15;Black;142;ON SHIP: White;0;Green;0;Yellow;0;Red;0;Evacuees to Transfer;
1453.3,960,evacuee,outES,Evacuee 402 in triage category G is not assigned a helicopter
1453.3,960,evacuee,,Evacuee;402;in triage state;Y;is at the evacuation site
1453.48,3,evacueeManager,,OFF SHIP: White;0;Green;287;Yellow;56;Red;14;Black;143;ON SHIP: White;0;Green;0;Yellow;0;Red;0;Evacuees to Transfer;
1453.48,672,evacuee,outES,Evacuee 165 in triage category R is not assigned a helicopter
1453.48,672,evacuee,,Evacuee;165;in triage state;B;is at the evacuation site
1460.95,3,evacueeManager,,OFF SHIP: White;0;Green;286;Yellow;57;Red;14;Black;143;ON SHIP: White;0;Green;0;Yellow;0;Red;0;Evacuees to Transfer;
1460.95,194,evacuee,outES,Evacuee 427 in triage category G is not assigned a helicopter
1460.95,194,evacuee,,Evacuee;427;in triage state;Y;is at the evacuation site
1462.03,3,evacueeManager,,OFF SHIP: White;0;Green;286;Yellow;56;Red;15;Black;143;ON SHIP: White;0;Green;0;Yellow;0;Red;0;Evacuees to Transfer;
1462.03,396,evacuee,outES,Evacuee 282 in triage category Y is not assigned a helicopter
1462.03,396,evacuee,,Evacuee;282;in triage state;R;is at the evacuation site
1466.34,3,evacueeManager,,OFF SHIP: White;0;Green;286;Yellow;56;Red;14;Black;144;ON SHIP: White;0;Green;0;Yellow;0;Red;0;Evacuees to Transfer;
1466.34,261,evacuee,outES,Evacuee 346 in triage category R is not assigned a helicopter
1466.34,261,evacuee,,Evacuee;346;in triage state;B;is at the evacuation site
1469.5,3,evacueeManager,,OFF SHIP: White;0;Green;286;Yellow;56;Red;13;Black;145;ON SHIP: White;0;Green;0;Yellow;0;Red;0;Evacuees to Transfer;
1469.5,744,evacuee,outES,Evacuee 2 in triage category R is not assigned a helicopter
1469.5,744,evacuee,,Evacuee;2;in triage state;B;is at the evacuation site
1469.93,3,evacueeManager,,OFF SHIP: White;0;Green;286;Yellow;55;Red;14;Black;145;ON SHIP: White;0;Green;0;Yellow;0;Red;0;Evacuees to Transfer;
1469.93,128,evacuee,outES,Evacuee 411 in triage category Y is not assigned a helicopter
1469.93,128,evacuee,,Evacuee;411;in triage state;R;is at the evacuation site
1475.95,3,evacueeManager,,OFF SHIP: White;0;Green;286;Yellow;54;Red;15;Black;145;ON SHIP: White;0;Green;0;Yellow;0;Red;0;Evacuees to Transfer;
1475.95,573,evacuee,outES,Evacuee 497 in triage category Y is not assigned a helicopter
1475.95,573,evacuee,,Evacuee;497;in triage state;R;is at the evacuation site
1477.6,3,evacueeManager,,OFF SHIP: White;0;Green;286;Yellow;53;Red;16;Black;145;ON SHIP: White;0;Green;0;Yellow;0;Red;0;Evacuees to Transfer;
1477.6,1029,evacuee,outES,Evacuee 34 in triage category Y is not assigned a helicopter
1477.6,1029,evacuee,,Evacuee;34;in triage state;R;is at the evacuation site
1478.23,3,evacueeManager,,OFF SHIP: White;0;Green;286;Yellow;53;Red;15;Black;146;ON SHIP: White;0;Green;0;Yellow;0;Red;0;Evacuees to Transfer;
1478.23,396,evacuee,outES,Evacuee 282 in triage category R is not assigned a helicopter
1478.23,396,evacuee,,Evacuee;282;in triage state;B;is at the evacuation site
1479.82,3,evacueeManager,,OFF SHIP: White;0;Green;286;Yellow;53;Red;14;Black;147;ON SHIP: White;0;Green;0;Yellow;0;Red;0;Evacuees to Transfer;
1479.82,786,evacuee,outES,Evacuee 493 in triage category R is not assigned a helicopter
1479.82,786,evacuee,,Evacuee;493;in triage state;B;is at the evacuation site
1480.56,3,evacueeManager,,OFF SHIP: White;0;Green;285;Yellow;54;Red;14;Black;147;ON SHIP: White;0;Green;0;Yellow;0;Red;0;Evacuees to Transfer;
1480.56,1032,evacuee,outES,Evacuee 64 in triage category G is not assigned a helicopter
1480.56,1032,evacuee,,Evacuee;64;in triage state;Y;is at the evacuation site
1482.21,3,evacueeManager,,OFF SHIP: White;0;Green;285;Yellow;53;Red;15;Black;147;ON SHIP: White;0;Green;0;Yellow;0;Red;0;Evacuees to Transfer;
1482.21,1146,evacuee,outES,Evacuee 261 in triage category Y is not assigned a helicopter
1482.21,1146,evacuee,,Evacuee;261;in triage state;R;is at the evacuation site
1483.01,3,evacueeManager,,OFF SHIP: White;0;Green;285;Yellow;53;Red;14;Black;148;ON SHIP: White;0;Green;0;Yellow;0;Red;0;Evacuees to Transfer;
1483.01,128,evacuee,outES,Evacuee 411 in triage category R is not assigned a helicopter
1483.01,128,evacuee,,Evacuee;411;in triage state;B;is at the evacuation site
1483.05,3,evacueeManager,,OFF SHIP: White;0;Green;285;Yellow;52;Red;15;Black;148;ON SHIP: White;0;Green;0;Yellow;0;Red;0;Evacuees to Transfer;
1483.05,59,evacuee,outES,Evacuee 463 in triage category Y is not assigned a helicopter
1483.05,59,evacuee,,Evacuee;463;in triage state;R;is at the evacuation site
1490.14,3,evacueeManager,,OFF SHIP: White;0;Green;284;Yellow;53;Red;15;Black;148;ON SHIP: White;0;Green;0;Yellow;0;Red;0;Evacuees to Transfer;
1490.14,1177,evacuee,outES,Evacuee 129 in triage category G is not assigned a helicopter
1490.14,1177,evacuee,,Evacuee;129;in triage state;Y;is at the evacuation site
1490.99,3,evacueeManager,,OFF SHIP: White;0;Green;284;Yellow;52;Red;16;Black;148;ON SHIP: White;0;Green;0;Yellow;0;Red;0;Evacuees to Transfer;
1490.99,390,evacuee,outES,Evacuee 284 in triage category Y is not assigned a helicopter
1490.99,390,evacuee,,Evacuee;284;in triage state;R;is at the evacuation site
1491.27,3,evacueeManager,,OFF SHIP: White;0;Green;284;Yellow;51;Red;17;Black;148;ON SHIP: White;0;Green;0;Yellow;0;Red;0;Evacuees to Transfer;
1491.27,29,evacuee,outES,Evacuee 483 in triage category Y is not assigned a helicopter
1491.27,29,evacuee,,Evacuee;483;in triage state;R;is at the evacuation site
1491.71,3,evacueeManager,,OFF SHIP: White;0;Green;284;Yellow;51;Red;16;Black;149;ON SHIP: White;0;Green;0;Yellow;0;Red;0;Evacuees to Transfer;
1491.71,603,evacuee,outES,Evacuee 93 in triage category R is not assigned a helicopter
1491.71,603,evacuee,,Evacuee;93;in triage state;B;is at the evacuation site
1495.16,3,evacueeManager,,OFF SHIP: White;0;Green;284;Yellow;51;Red;15;Black;150;ON SHIP: White;0;Green;0;Yellow;0;Red;0;Evacuees to Transfer;
1495.16,879,evacuee,outES,Evacuee 387 in triage category R is not assigned a helicopter
1495.16,879,evacuee,,Evacuee;387;in triage state;B;is at the evacuation site
1502,3,evacueeManager,,OFF SHIP: White;0;Green;284;Yellow;51;Red;14;Black;151;ON SHIP: White;0;Green;0;Yellow;0;Red;0;Evacuees to Transfer;
1502,951,evacuee,outES,Evacuee 37 in triage category R is not assigned a helicopter
1502,951,evacuee,,Evacuee;37;in triage state;B;is at the evacuation site
1503.73,3,evacueeManager,,OFF SHIP: White;0;Green;283;Yellow;52;Red;14;Black;151;ON SHIP: White;0;Green;0;Yellow;0;Red;0;Evacuees to Transfer;
1503.73,534,evacuee,outES,Evacuee 188 in triage category G is not assigned a helicopter
1503.73,534,evacuee,,Evacuee;188;in triage state;Y;is at the evacuation site
1504.09,3,evacueeManager,,OFF SHIP: White;0;Green;283;Yellow;51;Red;15;Black;151;ON SHIP: White;0;Green;0;Yellow;0;Red;0;Evacuees to Transfer;
1504.09,336,evacuee,outES,Evacuee 312 in triage category Y is not assigned a helicopter
1504.09,336,evacuee,,Evacuee;312;in triage state;R;is at the evacuation site
1505.03,3,evacueeManager,,OFF SHIP: White;0;Green;283;Yellow;50;Red;16;Black;151;ON SHIP: White;0;Green;0;Yellow;0;Red;0;Evacuees to Transfer;
1505.03,1174,evacuee,outES,Evacuee 416 in triage category Y is not assigned a helicopter
1505.03,1174,evacuee,,Evacuee;416;in triage state;R;is at the evacuation site
1506.79,3,evacueeManager,,OFF SHIP: White;0;Green;283;Yellow;50;Red;15;Black;152;ON SHIP: White;0;Green;0;Yellow;0;Red;0;Evacuees to Transfer;
1506.79,516,evacuee,outES,Evacuee 302 in triage category R is not assigned a helicopter
1506.79,516,evacuee,,Evacuee;302;in triage state;B;is at the evacuation site
1510.59,3,evacueeManager,,OFF SHIP: White;0;Green;282;Yellow;51;Red;15;Black;152;ON SHIP: White;0;Green;0;Yellow;0;Red;0;Evacuees to Transfer;
1510.59,747,evacuee,outES,Evacuee 33 in triage category G is not assigned a helicopter
1510.59,747,evacuee,,Evacuee;33;in triage state;Y;is at the evacuation site
1510.66,3,evacueeManager,,OFF SHIP: White;0;Green;282;Yellow;50;Red;16;Black;152;ON SHIP: White;0;Green;0;Yellow;0;Red;0;Evacuees to Transfer;
1510.66,1246,evacuee,outES,Evacuee 234 in triage category Y is not assigned a helicopter
1510.66,1246,evacuee,,Evacuee;234;in triage state;R;is at the evacuation site
1511.61,3,evacueeManager,,OFF SHIP: White;0;Green;281;Yellow;51;Red;16;Black;152;ON SHIP: White;0;Green;0;Yellow;0;Red;0;Evacuees to Transfer;
1511.61,819,evacuee,outES,Evacuee 332 in triage category G is not assigned a helicopter
1511.61,819,evacuee,,Evacuee;332;in triage state;Y;is at the evacuation site
1514.9,3,evacueeManager,,OFF SHIP: White;0;Green;281;Yellow;51;Red;15;Black;153;ON SHIP: White;0;Green;0;Yellow;0;Red;0;Evacuees to Transfer;
1514.9,1246,evacuee,outES,Evacuee 234 in triage category R is not assigned a helicopter
1514.9,1246,evacuee,,Evacuee;234;in triage state;B;is at the evacuation site
1523.98,3,evacueeManager,,OFF SHIP: White;0;Green;281;Yellow;51;Red;14;Black;154;ON SHIP: White;0;Green;0;Yellow;0;Red;0;Evacuees to Transfer;
1523.98,531,evacuee,outES,Evacuee 358 in triage category R is not assigned a helicopter
1523.98,531,evacuee,,Evacuee;358;in triage state;B;is at the evacuation site
1529.78,3,evacueeManager,,OFF SHIP: White;0;Green;281;Yellow;51;Red;13;Black;155;ON SHIP: White;0;Green;0;Yellow;0;Red;0;Evacuees to Transfer;
1529.78,1174,evacuee,outES,Evacuee 416 in triage category R is not assigned a helicopter
1529.78,1174,evacuee,,Evacuee;416;in triage state;B;is at the evacuation site
1533.1,3,evacueeManager,,OFF SHIP: White;0;Green;281;Yellow;51;Red;12;Black;156;ON SHIP: White;0;Green;0;Yellow;0;Red;0;Evacuees to Transfer;
1533.1,336,evacuee,outES,Evacuee 312 in triage category R is not assigned a helicopter
1533.1,336,evacuee,,Evacuee;312;in triage state;B;is at the evacuation site
1535.08,3,evacueeManager,,OFF SHIP: White;0;Green;281;Yellow;50;Red;13;Black;156;ON SHIP: White;0;Green;0;Yellow;0;Red;0;Evacuees to Transfer;
1535.08,1017,evacuee,outES,Evacuee 255 in triage category Y is not assigned a helicopter
1535.08,1017,evacuee,,Evacuee;255;in triage state;R;is at the evacuation site
1535.08,3,evacueeManager,,OFF SHIP: White;0;Green;281;Yellow;50;Red;12;Black;157;ON SHIP: White;0;Green;0;Yellow;0;Red;0;Evacuees to Transfer;
1535.08,176,evacuee,outES,Evacuee 384 in triage category R is not assigned a helicopter
1535.08,176,evacuee,,Evacuee;384;in triage state;B;is at the evacuation site
1537.2,3,evacueeManager,,OFF SHIP: White;0;Green;281;Yellow;50;Red;11;Black;158;ON SHIP: White;0;Green;0;Yellow;0;Red;0;Evacuees to Transfer;
1537.2,1023,evacuee,outES,Evacuee 24 in triage category R is not assigned a helicopter
1537.2,1023,evacuee,,Evacuee;24;in triage state;B;is at the evacuation site
1537.24,3,evacueeManager,,OFF SHIP: White;0;Green;281;Yellow;49;Red;12;Black;158;ON SHIP: White;0;Green;0;Yellow;0;Red;0;Evacuees to Transfer;
1537.24,324,evacuee,outES,Evacuee 316 in triage category Y is not assigned a helicopter
1537.24,324,evacuee,,Evacuee;316;in triage state;R;is at the evacuation site
1541.46,3,evacueeManager,,OFF SHIP: White;0;Green;281;Yellow;49;Red;11;Black;159;ON SHIP: White;0;Green;0;Yellow;0;Red;0;Evacuees to Transfer;
1541.46,573,evacuee,outES,Evacuee 497 in triage category R is not assigned a helicopter
1541.46,573,evacuee,,Evacuee;497;in triage state;B;is at the evacuation site
1542.44,3,evacueeManager,,OFF SHIP: White;0;Green;280;Yellow;50;Red;11;Black;159;ON SHIP: White;0;Green;0;Yellow;0;Red;0;Evacuees to Transfer;
1542.44,62,evacuee,outES,Evacuee 462 in triage category G is not assigned a helicopter
1542.44,62,evacuee,,Evacuee;462;in triage state;Y;is at the evacuation site
1544.77,3,evacueeManager,,OFF SHIP: White;0;Green;280;Yellow;50;Red;10;Black;160;ON SHIP: White;0;Green;0;Yellow;0;Red;0;Evacuees to Transfer;
1544.77,1146,evacuee,outES,Evacuee 261 in triage category R is not assigned a helicopter
1544.77,1146,evacuee,,Evacuee;261;in triage state;B;is at the evacuation site
1547.27,3,evacueeManager,,OFF SHIP: White;0;Green;280;Yellow;49;Red;11;Black;160;ON SHIP: White;0;Green;0;Yellow;0;Red;0;Evacuees to Transfer;
1547.27,1231,evacuee,outES,Evacuee 123 in triage category Y is not assigned a helicopter
1547.27,1231,evacuee,,Evacuee;123;in triage state;R;is at the evacuation site
1548.46,3,evacueeManager,,OFF SHIP: White;0;Green;279;Yellow;50;Red;11;Black;160;ON SHIP: White;0;Green;0;Yellow;0;Red;0;Evacuees to Transfer;
1548.46,1249,evacuee,outES,Evacuee 162 in triage category G is not assigned a helicopter
1548.46,1249,evacuee,,Evacuee;162;in triage state;Y;is at the evacuation site
1549.84,3,evacueeManager,,OFF SHIP: White;0;Green;279;Yellow;49;Red;12;Black;160;ON SHIP: White;0;Green;0;Yellow;0;Red;0;Evacuees to Transfer;
1549.84,960,evacuee,outES,Evacuee 402 in triage category Y is not assigned a helicopter
1549.84,960,evacuee,,Evacuee;402;in triage state;R;is at the evacuation site
1550.72,3,evacueeManager,,OFF SHIP: White;0;Green;278;Yellow;50;Red;12;Black;160;ON SHIP: White;0;Green;0;Yellow;0;Red;0;Evacuees to Transfer;
1550.72,606,evacuee,outES,Evacuee 136 in triage category G is not assigned a helicopter
1550.72,606,evacuee,,Evacuee;136;in triage state;Y;is at the evacuation site
1558.84,3,evacueeManager,,OFF SHIP: White;0;Green;278;Yellow;50;Red;11;Black;161;ON SHIP: White;0;Green;0;Yellow;0;Red;0;Evacuees to Transfer;
1558.84,59,evacuee,outES,Evacuee 463 in triage category R is not assigned a helicopter
1558.84,59,evacuee,,Evacuee;463;in triage state;B;is at the evacuation site
1559.49,3,evacueeManager,,OFF SHIP: White;0;Green;278;Yellow;50;Red;10;Black;162;ON SHIP: White;0;Green;0;Yellow;0;Red;0;Evacuees to Transfer;
1559.49,324,evacuee,outES,Evacuee 316 in triage category R is not assigned a helicopter
1559.49,324,evacuee,,Evacuee;316;in triage state;B;is at the evacuation site
1560.67,3,evacueeManager,,OFF SHIP: White;0;Green;278;Yellow;50;Red;9;Black;163;ON SHIP: White;0;Green;0;Yellow;0;Red;0;Evacuees to Transfer;
1560.67,191,evacuee,outES,Evacuee 381 in triage category R is not assigned a helicopter
1560.67,191,evacuee,,Evacuee;381;in triage state;B;is at the evacuation site
1561,3,evacueeManager,,OFF SHIP: White;0;Green;277;Yellow;51;Red;9;Black;163;ON SHIP: White;0;Green;0;Yellow;0;Red;0;Evacuees to Transfer;
1561,267,evacuee,outES,Evacuee 340 in triage category G is not assigned a helicopter
1561,267,evacuee,,Evacuee;340;in triage state;Y;is at the evacuation site
1568.36,3,evacueeManager,,OFF SHIP: White;0;Green;277;Yellow;51;Red;8;Black;164;ON SHIP: White;0;Green;0;Yellow;0;Red;0;Evacuees to Transfer;
1568.36,1381,evacuee,outES,Evacuee 204 in triage category R is not assigned a helicopter
1568.36,1381,evacuee,,Evacuee;204;in triage state;B;is at the evacuation site
1570.07,3,evacueeManager,,OFF SHIP: White;0;Green;277;Yellow;51;Red;7;Black;165;ON SHIP: White;0;Green;0;Yellow;0;Red;0;Evacuees to Transfer;
1570.07,390,evacuee,outES,Evacuee 284 in triage category R is not assigned a helicopter
1570.07,390,evacuee,,Evacuee;284;in triage state;B;is at the evacuation site
1574.74,3,evacueeManager,,OFF SHIP: White;0;Green;276;Yellow;52;Red;7;Black;165;ON SHIP: White;0;Green;0;Yellow;0;Red;0;Evacuees to Transfer;
1574.74,402,evacuee,outES,Evacuee 280 in triage category G is not assigned a helicopter
1574.74,402,evacuee,,Evacuee;280;in triage state;Y;is at the evacuation site
1583.76,3,evacueeManager,,OFF SHIP: White;0;Green;276;Yellow;52;Red;6;Black;166;ON SHIP: White;0;Green;0;Yellow;0;Red;0;Evacuees to Transfer;
1583.76,528,evacuee,outES,Evacuee 373 in triage category R is not assigned a helicopter
1583.76,528,evacuee,,Evacuee;373;in triage state;B;is at the evacuation site
1588.36,3,evacueeManager,,OFF SHIP: White;0;Green;275;Yellow;53;Red;6;Black;166;ON SHIP: White;0;Green;0;Yellow;0;Red;0;Evacuees to Transfer;
1588.36,1321,evacuee,outES,Evacuee 185 in triage category G is not assigned a helicopter
1588.36,1321,evacuee,,Evacuee;185;in triage state;Y;is at the evacuation site
1602.42,3,evacueeManager,,OFF SHIP: White;0;Green;274;Yellow;54;Red;6;Black;166;ON SHIP: White;0;Green;0;Yellow;0;Red;0;Evacuees to Transfer;
1602.42,678,evacuee,outES,Evacuee 440 in triage category G is not assigned a helicopter
1602.42,678,evacuee,,Evacuee;440;in triage state;Y;is at the evacuation site
1604.48,3,evacueeManager,,OFF SHIP: White;0;Green;274;Yellow;53;Red;7;Black;166;ON SHIP: White;0;Green;0;Yellow;0;Red;0;Evacuees to Transfer;
1604.48,116,evacuee,outES,Evacuee 423 in triage category Y is not assigned a helicopter
1604.48,116,evacuee,,Evacuee;423;in triage state;R;is at the evacuation site
1605.01,3,evacueeManager,,OFF SHIP: White;0;Green;273;Yellow;54;Red;7;Black;166;ON SHIP: White;0;Green;0;Yellow;0;Red;0;Evacuees to Transfer;
1605.01,339,evacuee,outES,Evacuee 309 in triage category G is not assigned a helicopter
1605.01,339,evacuee,,Evacuee;309;in triage state;Y;is at the evacuation site
1607.95,3,evacueeManager,,OFF SHIP: White;0;Green;273;Yellow;53;Red;8;Black;166;ON SHIP: White;0;Green;0;Yellow;0;Red;0;Evacuees to Transfer;
1607.95,131,evacuee,outES,Evacuee 422 in triage category Y is not assigned a helicopter
1607.95,131,evacuee,,Evacuee;422;in triage state;R;is at the evacuation site
1608.76,3,evacueeManager,,OFF SHIP: White;0;Green;272;Yellow;54;Red;8;Black;166;ON SHIP: White;0;Green;0;Yellow;0;Red;0;Evacuees to Transfer;
1608.76,1104,evacuee,outES,Evacuee 182 in triage category G is not assigned a helicopter
1608.76,1104,evacuee,,Evacuee;182;in triage state;Y;is at the evacuation site
1609.72,3,evacueeManager,,OFF SHIP: White;0;Green;271;Yellow;55;Red;8;Black;166;ON SHIP: White;0;Green;0;Yellow;0;Red;0;Evacuees to Transfer;
1609.72,134,evacuee,outES,Evacuee 409 in triage category G is not assigned a helicopter
1609.72,134,evacuee,,Evacuee;409;in triage state;Y;is at the evacuation site
1611.75,3,evacueeManager,,OFF SHIP: White;0;Green;271;Yellow;54;Red;9;Black;166;ON SHIP: White;0;Green;0;Yellow;0;Red;0;Evacuees to Transfer;
1611.75,339,evacuee,outES,Evacuee 309 in triage category Y is not assigned a helicopter
1611.75,339,evacuee,,Evacuee;309;in triage state;R;is at the evacuation site
1615.01,3,evacueeManager,,OFF SHIP: White;0;Green;270;Yellow;55;Red;9;Black;166;ON SHIP: White;0;Green;0;Yellow;0;Red;0;Evacuees to Transfer;
1615.01,474,evacuee,outES,Evacuee 121 in triage category G is not assigned a helicopter
1615.01,474,evacuee,,Evacuee;121;in triage state;Y;is at the evacuation site
1616.42,3,evacueeManager,,OFF SHIP: White;0;Green;270;Yellow;54;Red;10;Black;166;ON SHIP: White;0;Green;0;Yellow;0;Red;0;Evacuees to Transfer;
1616.42,957,evacuee,outES,Evacuee 209 in triage category Y is not assigned a helicopter
1616.42,957,evacuee,,Evacuee;209;in triage state;R;is at the evacuation site
1617.42,3,evacueeManager,,OFF SHIP: White;0;Green;269;Yellow;55;Red;10;Black;166;ON SHIP: White;0;Green;0;Yellow;0;Red;0;Evacuees to Transfer;
1617.42,891,evacuee,outES,Evacuee 44 in triage category G is not assigned a helicopter
1617.42,891,evacuee,,Evacuee;44;in triage state;Y;is at the evacuation site
1620.48,3,evacueeManager,,OFF SHIP: White;0;Green;269;Yellow;54;Red;11;Black;166;ON SHIP: White;0;Green;0;Yellow;0;Red;0;Evacuees to Transfer;
1620.48,462,evacuee,outES,Evacuee 449 in triage category Y is not assigned a helicopter
1620.48,462,evacuee,,Evacuee;449;in triage state;R;is at the evacuation site
1632.79,3,evacueeManager,,OFF SHIP: White;0;Green;268;Yellow;55;Red;11;Black;166;ON SHIP: White;0;Green;0;Yellow;0;Red;0;Evacuees to Transfer;
1632.79,1393,evacuee,outES,Evacuee 180 in triage category G is not assigned a helicopter
1632.79,1393,evacuee,,Evacuee;180;in triage state;Y;is at the evacuation site
1641.13,3,evacueeManager,,OFF SHIP: White;0;Green;268;Yellow;54;Red;12;Black;166;ON SHIP: White;0;Green;0;Yellow;0;Red;0;Evacuees to Transfer;
1641.13,1387,evacuee,outES,Evacuee 205 in triage category Y is not assigned a helicopter
1641.13,1387,evacuee,,Evacuee;205;in triage state;R;is at the evacuation site
1642.53,3,evacueeManager,,OFF SHIP: White;0;Green;268;Yellow;54;Red;11;Black;167;ON SHIP: White;0;Green;0;Yellow;0;Red;0;Evacuees to Transfer;
1642.53,1017,evacuee,outES,Evacuee 255 in triage category R is not assigned a helicopter
1642.53,1017,evacuee,,Evacuee;255;in triage state;B;is at the evacuation site
1645.24,3,evacueeManager,,OFF SHIP: White;0;Green;268;Yellow;54;Red;10;Black;168;ON SHIP: White;0;Green;0;Yellow;0;Red;0;Evacuees to Transfer;
1645.24,339,evacuee,outES,Evacuee 309 in triage category R is not assigned a helicopter
1645.24,339,evacuee,,Evacuee;309;in triage state;B;is at the evacuation site
1653.75,3,evacueeManager,,OFF SHIP: White;0;Green;268;Yellow;54;Red;9;Black;169;ON SHIP: White;0;Green;0;Yellow;0;Red;0;Evacuees to Transfer;
1653.75,29,evacuee,outES,Evacuee 483 in triage category R is not assigned a helicopter
1653.75,29,evacuee,,Evacuee;483;in triage state;B;is at the evacuation site
1654.66,3,evacueeManager,,OFF SHIP: White;0;Green;268;Yellow;53;Red;10;Black;169;ON SHIP: White;0;Green;0;Yellow;0;Red;0;Evacuees to Transfer;
1654.66,663,evacuee,outES,Evacuee 77 in triage category Y is not assigned a helicopter
1654.66,663,evacuee,,Evacuee;77;in triage state;R;is at the evacuation site
1656.29,3,evacueeManager,,OFF SHIP: White;0;Green;268;Yellow;52;Red;11;Black;169;ON SHIP: White;0;Green;0;Yellow;0;Red;0;Evacuees to Transfer;
1656.29,267,evacuee,outES,Evacuee 340 in triage category Y is not assigned a helicopter
1656.29,267,evacuee,,Evacuee;340;in triage state;R;is at the evacuation site
1656.35,3,evacueeManager,,OFF SHIP: White;0;Green;268;Yellow;51;Red;12;Black;169;ON SHIP: White;0;Green;0;Yellow;0;Red;0;Evacuees to Transfer;
1656.35,194,evacuee,outES,Evacuee 427 in triage category Y is not assigned a helicopter
1656.35,194,evacuee,,Evacuee;427;in triage state;R;is at the evacuation site
1660.67,3,evacueeManager,,OFF SHIP: White;0;Green;268;Yellow;51;Red;11;Black;170;ON SHIP: White;0;Green;0;Yellow;0;Red;0;Evacuees to Transfer;
1660.67,663,evacuee,outES,Evacuee 77 in triage category R is not assigned a helicopter
1660.67,663,evacuee,,Evacuee;77;in triage state;B;is at the evacuation site
1662.21,3,evacueeManager,,OFF SHIP: White;0;Green;268;Yellow;51;Red;10;Black;171;ON SHIP: White;0;Green;0;Yellow;0;Red;0;Evacuees to Transfer;
1662.21,1231,evacuee,outES,Evacuee 123 in triage category R is not assigned a helicopter
1662.21,1231,evacuee,,Evacuee;123;in triage state;B;is at the evacuation site
1662.3,3,evacueeManager,,OFF SHIP: White;0;Green;267;Yellow;52;Red;10;Black;171;ON SHIP: White;0;Green;0;Yellow;0;Red;0;Evacuees to Transfer;
1662.3,963,evacuee,outES,Evacuee 320 in triage category G is not assigned a helicopter
1662.3,963,evacuee,,Evacuee;320;in triage state;Y;is at the evacuation site
1665.7,3,evacueeManager,,OFF SHIP: White;0;Green;267;Yellow;52;Red;9;Black;172;ON SHIP: White;0;Green;0;Yellow;0;Red;0;Evacuees to Transfer;
1665.7,194,evacuee,outES,Evacuee 427 in triage category R is not assigned a helicopter
1665.7,194,evacuee,,Evacuee;427;in triage state;B;is at the evacuation site
1665.83,3,evacueeManager,,OFF SHIP: White;0;Green;266;Yellow;53;Red;9;Black;172;ON SHIP: White;0;Green;0;Yellow;0;Red;0;Evacuees to Transfer;
1665.83,1465,evacuee,outES,Evacuee 237 in triage category G is not assigned a helicopter
1665.83,1465,evacuee,,Evacuee;237;in triage state;Y;is at the evacuation site
1676.69,3,evacueeManager,,OFF SHIP: White;0;Green;266;Yellow;53;Red;8;Black;173;ON SHIP: White;0;Green;0;Yellow;0;Red;0;Evacuees to Transfer;
1676.69,131,evacuee,outES,Evacuee 422 in triage category R is not assigned a helicopter
1676.69,131,evacuee,,Evacuee;422;in triage state;B;is at the evacuation site
1676.74,3,evacueeManager,,OFF SHIP: White;0;Green;266;Yellow;52;Red;9;Black;173;ON SHIP: White;0;Green;0;Yellow;0;Red;0;Evacuees to Transfer;
1676.74,1465,evacuee,outES,Evacuee 237 in triage category Y is not assigned a helicopter
1676.74,1465,evacuee,,Evacuee;237;in triage state;R;is at the evacuation site
1678.6,3,evacueeManager,,OFF SHIP: White;0;Green;265;Yellow;53;Red;9;Black;173;ON SHIP: White;0;Green;0;Yellow;0;Red;0;Evacuees to Transfer;
1678.6,197,evacuee,outES,Evacuee 380 in triage category G is not assigned a helicopter
1678.6,197,evacuee,,Evacuee;380;in triage state;Y;is at the evacuation site
1680.92,3,evacueeManager,,OFF SHIP: White;0;Green;265;Yellow;52;Red;10;Black;173;ON SHIP: White;0;Green;0;Yellow;0;Red;0;Evacuees to Transfer;
1680.92,747,evacuee,outES,Evacuee 33 in triage category Y is not assigned a helicopter
1680.92,747,evacuee,,Evacuee;33;in triage state;R;is at the evacuation site
1687.58,3,evacueeManager,,OFF SHIP: White;0;Green;264;Yellow;53;Red;10;Black;173;ON SHIP: White;0;Green;0;Yellow;0;Red;0;Evacuees to Transfer;
1687.58,1035,evacuee,outES,Evacuee 429 in triage category G is not assigned a helicopter
1687.58,1035,evacuee,,Evacuee;429;in triage state;Y;is at the evacuation site
1687.74,3,evacueeManager,,OFF SHIP: White;0;Green;264;Yellow;52;Red;11;Black;173;ON SHIP: White;0;Green;0;Yellow;0;Red;0;Evacuees to Transfer;
1687.74,819,evacuee,outES,Evacuee 332 in triage category Y is not assigned a helicopter
1687.74,819,evacuee,,Evacuee;332;in triage state;R;is at the evacuation site
1689.42,3,evacueeManager,,OFF SHIP: White;0;Green;264;Yellow;51;Red;12;Black;173;ON SHIP: White;0;Green;0;Yellow;0;Red;0;Evacuees to Transfer;
1689.42,741,evacuee,outES,Evacuee 218 in triage category Y is not assigned a helicopter
1689.42,741,evacuee,,Evacuee;218;in triage state;R;is at the evacuation site
1694.62,3,evacueeManager,,OFF SHIP: White;0;Green;264;Yellow;51;Red;11;Black;174;ON SHIP: White;0;Green;0;Yellow;0;Red;0;Evacuees to Transfer;
1694.62,267,evacuee,outES,Evacuee 340 in triage category R is not assigned a helicopter
1694.62,267,evacuee,,Evacuee;340;in triage state;B;is at the evacuation site
1697.87,3,evacueeManager,,OFF SHIP: White;0;Green;263;Yellow;52;Red;11;Black;174;ON SHIP: White;0;Green;0;Yellow;0;Red;0;Evacuees to Transfer;
1697.87,1180,evacuee,outES,Evacuee 308 in triage category G is not assigned a helicopter
1697.87,1180,evacuee,,Evacuee;308;in triage state;Y;is at the evacuation site
1700.15,3,evacueeManager,,OFF SHIP: White;0;Green;263;Yellow;51;Red;12;Black;174;ON SHIP: White;0;Green;0;Yellow;0;Red;0;Evacuees to Transfer;
1700.15,606,evacuee,outES,Evacuee 136 in triage category Y is not assigned a helicopter
1700.15,606,evacuee,,Evacuee;136;in triage state;R;is at the evacuation site
1706.33,3,evacueeManager,,OFF SHIP: White;0;Green;263;Yellow;51;Red;11;Black;175;ON SHIP: White;0;Green;0;Yellow;0;Red;0;Evacuees to Transfer;
1706.33,819,evacuee,outES,Evacuee 332 in triage category R is not assigned a helicopter
1706.33,819,evacuee,,Evacuee;332;in triage state;B;is at the evacuation site
1714.54,3,evacueeManager,,OFF SHIP: White;0;Green;263;Yellow;50;Red;12;Black;175;ON SHIP: White;0;Green;0;Yellow;0;Red;0;Evacuees to Transfer;
1714.54,1171,evacuee,outES,Evacuee 181 in triage category Y is not assigned a helicopter
1714.54,1171,evacuee,,Evacuee;181;in triage state;R;is at the evacuation site
1716.2,3,evacueeManager,,OFF SHIP: White;0;Green;263;Yellow;49;Red;13;Black;175;ON SHIP: White;0;Green;0;Yellow;0;Red;0;Evacuees to Transfer;
1716.2,1026,evacuee,outES,Evacuee 32 in triage category Y is not assigned a helicopter
1716.2,1026,evacuee,,Evacuee;32;in triage state;R;is at the evacuation site
1719.86,3,evacueeManager,,OFF SHIP: White;0;Green;262;Yellow;50;Red;13;Black;175;ON SHIP: White;0;Green;0;Yellow;0;Red;0;Evacuees to Transfer;
1719.86,750,evacuee,outES,Evacuee 271 in triage category G is not assigned a helicopter
1719.86,750,evacuee,,Evacuee;271;in triage state;Y;is at the evacuation site
1720.24,3,evacueeManager,,OFF SHIP: White;0;Green;262;Yellow;50;Red;12;Black;176;ON SHIP: White;0;Green;0;Yellow;0;Red;0;Evacuees to Transfer;
1720.24,606,evacuee,outES,Evacuee 136 in triage category R is not assigned a helicopter
1720.24,606,evacuee,,Evacuee;136;in triage state;B;is at the evacuation site
1721.11,3,evacueeManager,,OFF SHIP: White;0;Green;262;Yellow;49;Red;13;Black;176;ON SHIP: White;0;Green;0;Yellow;0;Red;0;Evacuees to Transfer;
1721.11,732,evacuee,outES,Evacuee 147 in triage category Y is not assigned a helicopter
1721.11,732,evacuee,,Evacuee;147;in triage state;R;is at the evacuation site
1724.64,3,evacueeManager,,OFF SHIP: White;0;Green;262;Yellow;49;Red;12;Black;177;ON SHIP: White;0;Green;0;Yellow;0;Red;0;Evacuees to Transfer;
1724.64,747,evacuee,outES,Evacuee 33 in triage category R is not assigned a helicopter
1724.64,747,evacuee,,Evacuee;33;in triage state;B;is at the evacuation site
1730.61,3,evacueeManager,,OFF SHIP: White;0;Green;262;Yellow;48;Red;13;Black;177;ON SHIP: White;0;Green;0;Yellow;0;Red;0;Evacuees to Transfer;
1730.61,465,evacuee,outES,Evacuee 122 in triage category Y is not assigned a helicopter
1730.61,465,evacuee,,Evacuee;122;in triage state;R;is at the evacuation site
1732.98,3,evacueeManager,,OFF SHIP: White;0;Green;261;Yellow;49;Red;13;Black;177;ON SHIP: White;0;Green;0;Yellow;0;Red;0;Evacuees to Transfer;
1732.98,537,evacuee,outES,Evacuee 106 in triage category G is not assigned a helicopter
1732.98,537,evacuee,,Evacuee;106;in triage state;Y;is at the evacuation site
1733.15,3,evacueeManager,,OFF SHIP: White;0;Green;261;Yellow;49;Red;12;Black;178;ON SHIP: White;0;Green;0;Yellow;0;Red;0;Evacuees to Transfer;
1733.15,1026,evacuee,outES,Evacuee 32 in triage category R is not assigned a helicopter
1733.15,1026,evacuee,,Evacuee;32;in triage state;B;is at the evacuation site
1733.28,3,evacueeManager,,OFF SHIP: White;0;Green;260;Yellow;50;Red;12;Black;178;ON SHIP: White;0;Green;0;Yellow;0;Red;0;Evacuees to Transfer;
1733.28,822,evacuee,outES,Evacuee 81 in triage category G is not assigned a helicopter
1733.28,822,evacuee,,Evacuee;81;in triage state;Y;is at the evacuation site
1744.68,3,evacueeManager,,OFF SHIP: White;0;Green;260;Yellow;49;Red;13;Black;178;ON SHIP: White;0;Green;0;Yellow;0;Red;0;Evacuees to Transfer;
1744.68,134,evacuee,outES,Evacuee 409 in triage category Y is not assigned a helicopter
1744.68,134,evacuee,,Evacuee;409;in triage state;R;is at the evacuation site
1750.57,3,evacueeManager,,OFF SHIP: White;0;Green;260;Yellow;49;Red;12;Black;179;ON SHIP: White;0;Green;0;Yellow;0;Red;0;Evacuees to Transfer;
1750.57,732,evacuee,outES,Evacuee 147 in triage category R is not assigned a helicopter
1750.57,732,evacuee,,Evacuee;147;in triage state;B;is at the evacuation site
1754.73,3,evacueeManager,,OFF SHIP: White;0;Green;259;Yellow;50;Red;12;Black;179;ON SHIP: White;0;Green;0;Yellow;0;Red;0;Evacuees to Transfer;
1754.73,609,evacuee,outES,Evacuee 412 in triage category G is not assigned a helicopter
1754.73,609,evacuee,,Evacuee;412;in triage state;Y;is at the evacuation site
1762.19,3,evacueeManager,,OFF SHIP: White;0;Green;259;Yellow;50;Red;11;Black;180;ON SHIP: White;0;Green;0;Yellow;0;Red;0;Evacuees to Transfer;
1762.19,957,evacuee,outES,Evacuee 209 in triage category R is not assigned a helicopter
1762.19,957,evacuee,,Evacuee;209;in triage state;B;is at the evacuation site
1762.4,3,evacueeManager,,OFF SHIP: White;0;Green;259;Yellow;49;Red;12;Black;180;ON SHIP: White;0;Green;0;Yellow;0;Red;0;Evacuees to Transfer;
1762.4,1095,evacuee,outES,Evacuee 144 in triage category Y is not assigned a helicopter
1762.4,1095,evacuee,,Evacuee;144;in triage state;R;is at the evacuation site
1764.27,3,evacueeManager,,OFF SHIP: White;0;Green;259;Yellow;48;Red;13;Black;180;ON SHIP: White;0;Green;0;Yellow;0;Red;0;Evacuees to Transfer;
1764.27,1318,evacuee,outES,Evacuee 184 in triage category Y is not assigned a helicopter
1764.27,1318,evacuee,,Evacuee;184;in triage state;R;is at the evacuation site
1766.59,3,evacueeManager,,OFF SHIP: White;0;Green;258;Yellow;49;Red;13;Black;180;ON SHIP: White;0;Green;0;Yellow;0;Red;0;Evacuees to Transfer;
1766.59,65,evacuee,outES,Evacuee 461 in triage category G is not assigned a helicopter
1766.59,65,evacuee,,Evacuee;461;in triage state;Y;is at the evacuation site
1768.92,3,evacueeManager,,OFF SHIP: White;0;Green;257;Yellow;50;Red;13;Black;180;ON SHIP: White;0;Green;0;Yellow;0;Red;0;Evacuees to Transfer;
1768.92,1252,evacuee,outES,Evacuee 163 in triage category G is not assigned a helicopter
1768.92,1252,evacuee,,Evacuee;163;in triage state;Y;is at the evacuation site
1770.77,3,evacueeManager,,OFF SHIP: White;0;Green;257;Yellow;50;Red;12;Black;181;ON SHIP: White;0;Green;0;Yellow;0;Red;0;Evacuees to Transfer;
1770.77,1029,evacuee,outES,Evacuee 34 in triage category R is not assigned a helicopter
1770.77,1029,evacuee,,Evacuee;34;in triage state;B;is at the evacuation site
1771.77,3,evacueeManager,,OFF SHIP: White;0;Green;257;Yellow;50;Red;11;Black;182;ON SHIP: White;0;Green;0;Yellow;0;Red;0;Evacuees to Transfer;
1771.77,1465,evacuee,outES,Evacuee 237 in triage category R is not assigned a helicopter
1771.77,1465,evacuee,,Evacuee;237;in triage state;B;is at the evacuation site
1774.56,3,evacueeManager,,OFF SHIP: White;0;Green;257;Yellow;50;Red;10;Black;183;ON SHIP: White;0;Green;0;Yellow;0;Red;0;Evacuees to Transfer;
1774.56,116,evacuee,outES,Evacuee 423 in triage category R is not assigned a helicopter
1774.56,116,evacuee,,Evacuee;423;in triage state;B;is at the evacuation site
1776.17,3,evacueeManager,,OFF SHIP: White;0;Green;257;Yellow;50;Red;9;Black;184;ON SHIP: White;0;Green;0;Yellow;0;Red;0;Evacuees to Transfer;
1776.17,1095,evacuee,outES,Evacuee 144 in triage category R is not assigned a helicopter
1776.17,1095,evacuee,,Evacuee;144;in triage state;B;is at the evacuation site
1783.61,3,evacueeManager,,OFF SHIP: White;0;Green;257;Yellow;50;Red;8;Black;185;ON SHIP: White;0;Green;0;Yellow;0;Red;0;Evacuees to Transfer;
1783.61,1318,evacuee,outES,Evacuee 184 in triage category R is not assigned a helicopter
1783.61,1318,evacuee,,Evacuee;184;in triage state;B;is at the evacuation site
1786.66,3,evacueeManager,,OFF SHIP: White;0;Green;256;Yellow;51;Red;8;Black;185;ON SHIP: White;0;Green;0;Yellow;0;Red;0;Evacuees to Transfer;
1786.66,270,evacuee,outES,Evacuee 338 in triage category G is not assigned a helicopter
1786.66,270,evacuee,,Evacuee;338;in triage state;Y;is at the evacuation site
1786.84,3,evacueeManager,,OFF SHIP: White;0;Green;256;Yellow;50;Red;9;Black;185;ON SHIP: White;0;Green;0;Yellow;0;Red;0;Evacuees to Transfer;
1786.84,675,evacuee,outES,Evacuee 454 in triage category Y is not assigned a helicopter
1786.84,675,evacuee,,Evacuee;454;in triage state;R;is at the evacuation site
1787.94,3,evacueeManager,,OFF SHIP: White;0;Green;256;Yellow;50;Red;8;Black;186;ON SHIP: White;0;Green;0;Yellow;0;Red;0;Evacuees to Transfer;
1787.94,1171,evacuee,outES,Evacuee 181 in triage category R is not assigned a helicopter
1787.94,1171,evacuee,,Evacuee;181;in triage state;B;is at the evacuation site
1789.51,3,evacueeManager,,OFF SHIP: White;0;Green;256;Yellow;49;Red;9;Black;186;ON SHIP: White;0;Green;0;Yellow;0;Red;0;Evacuees to Transfer;
1789.51,1180,evacuee,outES,Evacuee 308 in triage category Y is not assigned a helicopter
1789.51,1180,evacuee,,Evacuee;308;in triage state;R;is at the evacuation site
1789.92,3,evacueeManager,,OFF SHIP: White;0;Green;256;Yellow;48;Red;10;Black;186;ON SHIP: White;0;Green;0;Yellow;0;Red;0;Evacuees to Transfer;
1789.92,258,evacuee,outES,Evacuee 348 in triage category Y is not assigned a helicopter
1789.92,258,evacuee,,Evacuee;348;in triage state;R;is at the evacuation site
1795.17,3,evacueeManager,,OFF SHIP: White;0;Green;256;Yellow;48;Red;9;Black;187;ON SHIP: White;0;Green;0;Yellow;0;Red;0;Evacuees to Transfer;
1795.17,465,evacuee,outES,Evacuee 122 in triage category R is not assigned a helicopter
1795.17,465,evacuee,,Evacuee;122;in triage state;B;is at the evacuation site
1795.75,3,evacueeManager,,OFF SHIP: White;0;Green;256;Yellow;48;Red;8;Black;188;ON SHIP: White;0;Green;0;Yellow;0;Red;0;Evacuees to Transfer;
1795.75,675,evacuee,outES,Evacuee 454 in triage category R is not assigned a helicopter
1795.75,675,evacuee,,Evacuee;454;in triage state;B;is at the evacuation site
1797.31,3,evacueeManager,,OFF SHIP: White;0;Green;255;Yellow;49;Red;8;Black;188;ON SHIP: White;0;Green;0;Yellow;0;Red;0;Evacuees to Transfer;
1797.31,405,evacuee,outES,Evacuee 333 in triage category G is not assigned a helicopter
1797.31,405,evacuee,,Evacuee;333;in triage state;Y;is at the evacuation site
1797.37,3,evacueeManager,,OFF SHIP: White;0;Green;255;Yellow;48;Red;9;Black;188;ON SHIP: White;0;Green;0;Yellow;0;Red;0;Evacuees to Transfer;
1797.37,888,evacuee,outES,Evacuee 92 in triage category Y is not assigned a helicopter
1797.37,888,evacuee,,Evacuee;92;in triage state;R;is at the evacuation site
1797.62,3,evacueeManager,,OFF SHIP: White;0;Green;255;Yellow;48;Red;8;Black;189;ON SHIP: White;0;Green;0;Yellow;0;Red;0;Evacuees to Transfer;
1797.62,258,evacuee,outES,Evacuee 348 in triage category R is not assigned a helicopter
1797.62,258,evacuee,,Evacuee;348;in triage state;B;is at the evacuation site
1799.98,3,evacueeManager,,OFF SHIP: White;0;Green;255;Yellow;47;Red;9;Black;189;ON SHIP: White;0;Green;0;Yellow;0;Red;0;Evacuees to Transfer;
1799.98,399,evacuee,outES,Evacuee 281 in triage category Y is not assigned a helicopter
1799.98,399,evacuee,,Evacuee;281;in triage state;R;is at the evacuation site
1804.09,3,evacueeManager,,OFF SHIP: White;0;Green;255;Yellow;47;Red;8;Black;190;ON SHIP: White;0;Green;0;Yellow;0;Red;0;Evacuees to Transfer;
1804.09,134,evacuee,outES,Evacuee 409 in triage category R is not assigned a helicopter
1804.09,134,evacuee,,Evacuee;409;in triage state;B;is at the evacuation site
1805.56,3,evacueeManager,,OFF SHIP: White;0;Green;255;Yellow;47;Red;7;Black;191;ON SHIP: White;0;Green;0;Yellow;0;Red;0;Evacuees to Transfer;
1805.56,462,evacuee,outES,Evacuee 449 in triage category R is not assigned a helicopter
1805.56,462,evacuee,,Evacuee;449;in triage state;B;is at the evacuation site
1807.79,3,evacueeManager,,OFF SHIP: White;0;Green;254;Yellow;48;Red;7;Black;191;ON SHIP: White;0;Green;0;Yellow;0;Red;0;Evacuees to Transfer;
1807.79,1324,evacuee,outES,Evacuee 186 in triage category G is not assigned a helicopter
1807.79,1324,evacuee,,Evacuee;186;in triage state;Y;is at the evacuation site
1809.03,3,evacueeManager,,OFF SHIP: White;0;Green;254;Yellow;47;Red;8;Black;191;ON SHIP: White;0;Green;0;Yellow;0;Red;0;Evacuees to Transfer;
1809.03,1032,evacuee,outES,Evacuee 64 in triage category Y is not assigned a helicopter
1809.03,1032,evacuee,,Evacuee;64;in triage state;R;is at the evacuation site
1810.59,3,evacueeManager,,OFF SHIP: White;0;Green;254;Yellow;47;Red;7;Black;192;ON SHIP: White;0;Green;0;Yellow;0;Red;0;Evacuees to Transfer;
1810.59,1387,evacuee,outES,Evacuee 205 in triage category R is not assigned a helicopter
1810.59,1387,evacuee,,Evacuee;205;in triage state;B;is at the evacuation site
1815.31,3,evacueeManager,,OFF SHIP: White;0;Green;254;Yellow;46;Red;8;Black;192;ON SHIP: White;0;Green;0;Yellow;0;Red;0;Evacuees to Transfer;
1815.31,474,evacuee,outES,Evacuee 121 in triage category Y is not assigned a helicopter
1815.31,474,evacuee,,Evacuee;121;in triage state;R;is at the evacuation site
1817.28,3,evacueeManager,,OFF SHIP: White;0;Green;253;Yellow;47;Red;8;Black;192;ON SHIP: White;0;Green;0;Yellow;0;Red;0;Evacuees to Transfer;
1817.28,342,evacuee,outES,Evacuee 306 in triage category G is not assigned a helicopter
1817.28,342,evacuee,,Evacuee;306;in triage state;Y;is at the evacuation site
1817.43,3,evacueeManager,,OFF SHIP: White;0;Green;253;Yellow;47;Red;7;Black;193;ON SHIP: White;0;Green;0;Yellow;0;Red;0;Evacuees to Transfer;
1817.43,240,evacuee,outES,Evacuee 360 in triage category R is not assigned a helicopter
1817.43,240,evacuee,,Evacuee;360;in triage state;B;is at the evacuation site
1818.73,3,evacueeManager,,OFF SHIP: White;0;Green;252;Yellow;48;Red;7;Black;193;ON SHIP: White;0;Green;0;Yellow;0;Red;0;Evacuees to Transfer;
1818.73,681,evacuee,outES,Evacuee 76 in triage category G is not assigned a helicopter
1818.73,681,evacuee,,Evacuee;76;in triage state;Y;is at the evacuation site
1821.62,3,evacueeManager,,OFF SHIP: White;0;Green;252;Yellow;47;Red;8;Black;193;ON SHIP: White;0;Green;0;Yellow;0;Red;0;Evacuees to Transfer;
1821.62,1098,evacuee,outES,Evacuee 50 in triage category Y is not assigned a helicopter
1821.62,1098,evacuee,,Evacuee;50;in triage state;R;is at the evacuation site
1822.35,3,evacueeManager,,OFF SHIP: White;0;Green;251;Yellow;48;Red;8;Black;193;ON SHIP: White;0;Green;0;Yellow;0;Red;0;Evacuees to Transfer;
1822.35,137,evacuee,outES,Evacuee 408 in triage category G is not assigned a helicopter
1822.35,137,evacuee,,Evacuee;408;in triage state;Y;is at the evacuation site
1828.05,3,evacueeManager,,OFF SHIP: White;0;Green;250;Yellow;49;Red;8;Black;193;ON SHIP: White;0;Green;0;Yellow;0;Red;0;Evacuees to Transfer;
1828.05,477,evacuee,outES,Evacuee 386 in triage category G is not assigned a helicopter
1828.05,477,evacuee,,Evacuee;386;in triage state;Y;is at the evacuation site
1828.19,3,evacueeManager,,OFF SHIP: White;0;Green;250;Yellow;49;Red;7;Black;194;ON SHIP: White;0;Green;0;Yellow;0;Red;0;Evacuees to Transfer;
1828.19,399,evacuee,outES,Evacuee 281 in triage category R is not assigned a helicopter
1828.19,399,evacuee,,Evacuee;281;in triage state;B;is at the evacuation site
1830.27,3,evacueeManager,,OFF SHIP: White;0;Green;250;Yellow;48;Red;8;Black;194;ON SHIP: White;0;Green;0;Yellow;0;Red;0;Evacuees to Transfer;
1830.27,738,evacuee,outES,Evacuee 14 in triage category Y is not assigned a helicopter
1830.27,738,evacuee,,Evacuee;14;in triage state;R;is at the evacuation site
1832.74,3,evacueeManager,,OFF SHIP: White;0;Green;250;Yellow;47;Red;9;Black;194;ON SHIP: White;0;Green;0;Yellow;0;Red;0;Evacuees to Transfer;
1832.74,1324,evacuee,outES,Evacuee 186 in triage category Y is not assigned a helicopter
1832.74,1324,evacuee,,Evacuee;186;in triage state;R;is at the evacuation site
1839.17,3,evacueeManager,,OFF SHIP: White;0;Green;249;Yellow;48;Red;9;Black;194;ON SHIP: White;0;Green;0;Yellow;0;Red;0;Evacuees to Transfer;
1839.17,894,evacuee,outES,Evacuee 150 in triage category G is not assigned a helicopter
1839.17,894,evacuee,,Evacuee;150;in triage state;Y;is at the evacuation site
1839.46,3,evacueeManager,,OFF SHIP: White;0;Green;249;Yellow;48;Red;8;Black;195;ON SHIP: White;0;Green;0;Yellow;0;Red;0;Evacuees to Transfer;
1839.46,888,evacuee,outES,Evacuee 92 in triage category R is not assigned a helicopter
1839.46,888,evacuee,,Evacuee;92;in triage state;B;is at the evacuation site
1851.8,3,evacueeManager,,OFF SHIP: White;0;Green;249;Yellow;47;Red;9;Black;195;ON SHIP: White;0;Green;0;Yellow;0;Red;0;Evacuees to Transfer;
1851.8,591,evacuee,outES,Evacuee 95 in triage category Y is not assigned a helicopter
1851.8,591,evacuee,,Evacuee;95;in triage state;R;is at the evacuation site
1855.5,3,evacueeManager,,OFF SHIP: White;0;Green;249;Yellow;47;Red;8;Black;196;ON SHIP: White;0;Green;0;Yellow;0;Red;0;Evacuees to Transfer;
1855.5,960,evacuee,outES,Evacuee 402 in triage category R is not assigned a helicopter
1855.5,960,evacuee,,Evacuee;402;in triage state;B;is at the evacuation site
1855.98,3,evacueeManager,,OFF SHIP: White;0;Green;249;Yellow;47;Red;7;Black;197;ON SHIP: White;0;Green;0;Yellow;0;Red;0;Evacuees to Transfer;
1855.98,1180,evacuee,outES,Evacuee 308 in triage category R is not assigned a helicopter
1855.98,1180,evacuee,,Evacuee;308;in triage state;B;is at the evacuation site
1856.3,3,evacueeManager,,OFF SHIP: White;0;Green;249;Yellow;46;Red;8;Black;197;ON SHIP: White;0;Green;0;Yellow;0;Red;0;Evacuees to Transfer;
1856.3,1243,evacuee,outES,Evacuee 126 in triage category Y is not assigned a helicopter
1856.3,1243,evacuee,,Evacuee;126;in triage state;R;is at the evacuation site
1860.07,3,evacueeManager,,OFF SHIP: White;0;Green;248;Yellow;47;Red;8;Black;197;ON SHIP: White;0;Green;0;Yellow;0;Red;0;Evacuees to Transfer;
1860.07,1396,evacuee,outES,Evacuee 206 in triage category G is not assigned a helicopter
1860.07,1396,evacuee,,Evacuee;206;in triage state;Y;is at the evacuation site
1864.72,3,evacueeManager,,OFF SHIP: White;0;Green;248;Yellow;46;Red;9;Black;197;ON SHIP: White;0;Green;0;Yellow;0;Red;0;Evacuees to Transfer;
1864.72,137,evacuee,outES,Evacuee 408 in triage category Y is not assigned a helicopter
1864.72,137,evacuee,,Evacuee;408;in triage state;R;is at the evacuation site
1866.58,3,evacueeManager,,OFF SHIP: White;0;Green;248;Yellow;45;Red;10;Black;197;ON SHIP: White;0;Green;0;Yellow;0;Red;0;Evacuees to Transfer;
1866.58,735,evacuee,outES,Evacuee 65 in triage category Y is not assigned a helicopter
1866.58,735,evacuee,,Evacuee;65;in triage state;R;is at the evacuation site
1877.05,3,evacueeManager,,OFF SHIP: White;0;Green;248;Yellow;45;Red;9;Black;198;ON SHIP: White;0;Green;0;Yellow;0;Red;0;Evacuees to Transfer;
1877.05,1324,evacuee,outES,Evacuee 186 in triage category R is not assigned a helicopter
1877.05,1324,evacuee,,Evacuee;186;in triage state;B;is at the evacuation site
1879.01,3,evacueeManager,,OFF SHIP: White;0;Green;247;Yellow;46;Red;9;Black;198;ON SHIP: White;0;Green;0;Yellow;0;Red;0;Evacuees to Transfer;
1879.01,966,evacuee,outES,Evacuee 116 in triage category G is not assigned a helicopter
1879.01,966,evacuee,,Evacuee;116;in triage state;Y;is at the evacuation site
1881.43,3,evacueeManager,,OFF SHIP: White;0;Green;247;Yellow;46;Red;8;Black;199;ON SHIP: White;0;Green;0;Yellow;0;Red;0;Evacuees to Transfer;
1881.43,474,evacuee,outES,Evacuee 121 in triage category R is not assigned a helicopter
1881.43,474,evacuee,,Evacuee;121;in triage state;B;is at the evacuation site
1881.74,3,evacueeManager,,OFF SHIP: White;0;Green;247;Yellow;46;Red;7;Black;200;ON SHIP: White;0;Green;0;Yellow;0;Red;0;Evacuees to Transfer;
1881.74,735,evacuee,outES,Evacuee 65 in triage category R is not assigned a helicopter
1881.74,735,evacuee,,Evacuee;65;in triage state;B;is at the evacuation site
1882.81,3,evacueeManager,,OFF SHIP: White;0;Green;246;Yellow;47;Red;7;Black;200;ON SHIP: White;0;Green;0;Yellow;0;Red;0;Evacuees to Transfer;
1882.81,1468,evacuee,outES,Evacuee 238 in triage category G is not assigned a helicopter
1882.81,1468,evacuee,,Evacuee;238;in triage state;Y;is at the evacuation site
1888.74,3,evacueeManager,,OFF SHIP: White;0;Green;246;Yellow;47;Red;6;Black;201;ON SHIP: White;0;Green;0;Yellow;0;Red;0;Evacuees to Transfer;
1888.74,1243,evacuee,outES,Evacuee 126 in triage category R is not assigned a helicopter
1888.74,1243,evacuee,,Evacuee;126;in triage state;B;is at the evacuation site
1891.09,3,evacueeManager,,OFF SHIP: White;0;Green;246;Yellow;47;Red;5;Black;202;ON SHIP: White;0;Green;0;Yellow;0;Red;0;Evacuees to Transfer;
1891.09,1032,evacuee,outES,Evacuee 64 in triage category R is not assigned a helicopter
1891.09,1032,evacuee,,Evacuee;64;in triage state;B;is at the evacuation site
1901.05,3,evacueeManager,,OFF SHIP: White;0;Green;246;Yellow;47;Red;4;Black;203;ON SHIP: White;0;Green;0;Yellow;0;Red;0;Evacuees to Transfer;
1901.05,741,evacuee,outES,Evacuee 218 in triage category R is not assigned a helicopter
1901.05,741,evacuee,,Evacuee;218;in triage state;B;is at the evacuation site
1905.31,3,evacueeManager,,OFF SHIP: White;0;Green;245;Yellow;48;Red;4;Black;203;ON SHIP: White;0;Green;0;Yellow;0;Red;0;Evacuees to Transfer;
1905.31,200,evacuee,outES,Evacuee 379 in triage category G is not assigned a helicopter
1905.31,200,evacuee,,Evacuee;379;in triage state;Y;is at the evacuation site
1913.65,3,evacueeManager,,OFF SHIP: White;0;Green;245;Yellow;48;Red;3;Black;204;ON SHIP: White;0;Green;0;Yellow;0;Red;0;Evacuees to Transfer;
1913.65,137,evacuee,outES,Evacuee 408 in triage category R is not assigned a helicopter
1913.65,137,evacuee,,Evacuee;408;in triage state;B;is at the evacuation site
1914.47,3,evacueeManager,,OFF SHIP: White;0;Green;245;Yellow;48;Red;2;Black;205;ON SHIP: White;0;Green;0;Yellow;0;Red;0;Evacuees to Transfer;
1914.47,1098,evacuee,outES,Evacuee 50 in triage category R is not assigned a helicopter
1914.47,1098,evacuee,,Evacuee;50;in triage state;B;is at the evacuation site
1917.37,3,evacueeManager,,OFF SHIP: White;0;Green;244;Yellow;49;Red;2;Black;205;ON SHIP: White;0;Green;0;Yellow;0;Red;0;Evacuees to Transfer;
1917.37,1183,evacuee,outES,Evacuee 131 in triage category G is not assigned a helicopter
1917.37,1183,evacuee,,Evacuee;131;in triage state;Y;is at the evacuation site
1919.4,3,evacueeManager,,OFF SHIP: White;0;Green;243;Yellow;50;Red;2;Black;205;ON SHIP: White;0;Green;0;Yellow;0;Red;0;Evacuees to Transfer;
1919.4,1038,evacuee,outES,Evacuee 102 in triage category G is not assigned a helicopter
1919.4,1038,evacuee,,Evacuee;102;in triage state;Y;is at the evacuation site
1921.52,3,evacueeManager,,OFF SHIP: White;0;Green;243;Yellow;49;Red;3;Black;205;ON SHIP: White;0;Green;0;Yellow;0;Red;0;Evacuees to Transfer;
1921.52,200,evacuee,outES,Evacuee 379 in triage category Y is not assigned a helicopter
1921.52,200,evacuee,,Evacuee;379;in triage state;R;is at the evacuation site
1927.11,3,evacueeManager,,OFF SHIP: White;0;Green;243;Yellow;48;Red;4;Black;205;ON SHIP: White;0;Green;0;Yellow;0;Red;0;Evacuees to Transfer;
1927.11,62,evacuee,outES,Evacuee 462 in triage category Y is not assigned a helicopter
1927.11,62,evacuee,,Evacuee;462;in triage state;R;is at the evacuation site
1936.69,3,evacueeManager,,OFF SHIP: White;0;Green;242;Yellow;49;Red;4;Black;205;ON SHIP: White;0;Green;0;Yellow;0;Red;0;Evacuees to Transfer;
1936.69,753,evacuee,outES,Evacuee 9 in triage category G is not assigned a helicopter
1936.69,753,evacuee,,Evacuee;9;in triage state;Y;is at the evacuation site
1943.12,3,evacueeManager,,OFF SHIP: White;0;Green;242;Yellow;49;Red;3;Black;206;ON SHIP: White;0;Green;0;Yellow;0;Red;0;Evacuees to Transfer;
1943.12,200,evacuee,outES,Evacuee 379 in triage category R is not assigned a helicopter
1943.12,200,evacuee,,Evacuee;379;in triage state;B;is at the evacuation site
1949.11,3,evacueeManager,,OFF SHIP: White;0;Green;242;Yellow;49;Red;2;Black;207;ON SHIP: White;0;Green;0;Yellow;0;Red;0;Evacuees to Transfer;
1949.11,738,evacuee,outES,Evacuee 14 in triage category R is not assigned a helicopter
1949.11,738,evacuee,,Evacuee;14;in triage state;B;is at the evacuation site
1952.5,3,evacueeManager,,OFF SHIP: White;0;Green;242;Yellow;48;Red;3;Black;207;ON SHIP: White;0;Green;0;Yellow;0;Red;0;Evacuees to Transfer;
1952.5,342,evacuee,outES,Evacuee 306 in triage category Y is not assigned a helicopter
1952.5,342,evacuee,,Evacuee;306;in triage state;R;is at the evacuation site
1955.6,3,evacueeManager,,OFF SHIP: White;0;Green;241;Yellow;49;Red;3;Black;207;ON SHIP: White;0;Green;0;Yellow;0;Red;0;Evacuees to Transfer;
1955.6,825,evacuee,outES,Evacuee 104 in triage category G is not assigned a helicopter
1955.6,825,evacuee,,Evacuee;104;in triage state;Y;is at the evacuation site
1964.18,3,evacueeManager,,OFF SHIP: White;0;Green;240;Yellow;50;Red;3;Black;207;ON SHIP: White;0;Green;0;Yellow;0;Red;0;Evacuees to Transfer;
1964.18,540,evacuee,outES,Evacuee 311 in triage category G is not assigned a helicopter
1964.18,540,evacuee,,Evacuee;311;in triage state;Y;is at the evacuation site
1966.6,3,evacueeManager,,OFF SHIP: White;0;Green;240;Yellow;49;Red;4;Black;207;ON SHIP: White;0;Green;0;Yellow;0;Red;0;Evacuees to Transfer;
1966.6,65,evacuee,outES,Evacuee 461 in triage category Y is not assigned a helicopter
1966.6,65,evacuee,,Evacuee;461;in triage state;R;is at the evacuation site
1966.75,3,evacueeManager,,OFF SHIP: White;0;Green;240;Yellow;48;Red;5;Black;207;ON SHIP: White;0;Green;0;Yellow;0;Red;0;Evacuees to Transfer;
1966.75,471,evacuee,outES,Evacuee 276 in triage category Y is not assigned a helicopter
1966.75,471,evacuee,,Evacuee;276;in triage state;R;is at the evacuation site
1966.86,3,evacueeManager,,OFF SHIP: White;0;Green;240;Yellow;47;Red;6;Black;207;ON SHIP: White;0;Green;0;Yellow;0;Red;0;Evacuees to Transfer;
1966.86,1249,evacuee,outES,Evacuee 162 in triage category Y is not assigned a helicopter
1966.86,1249,evacuee,,Evacuee;162;in triage state;R;is at the evacuation site
1976.03,3,evacueeManager,,OFF SHIP: White;0;Green;240;Yellow;46;Red;7;Black;207;ON SHIP: White;0;Green;0;Yellow;0;Red;0;Evacuees to Transfer;
1976.03,966,evacuee,outES,Evacuee 116 in triage category Y is not assigned a helicopter
1976.03,966,evacuee,,Evacuee;116;in triage state;R;is at the evacuation site
1983.27,3,evacueeManager,,OFF SHIP: White;0;Green;239;Yellow;47;Red;7;Black;207;ON SHIP: White;0;Green;0;Yellow;0;Red;0;Evacuees to Transfer;
1983.27,612,evacuee,outES,Evacuee 90 in triage category G is not assigned a helicopter
1983.27,612,evacuee,,Evacuee;90;in triage state;Y;is at the evacuation site
1983.43,3,evacueeManager,,OFF SHIP: White;0;Green;239;Yellow;47;Red;6;Black;208;ON SHIP: White;0;Green;0;Yellow;0;Red;0;Evacuees to Transfer;
1983.43,471,evacuee,outES,Evacuee 276 in triage category R is not assigned a helicopter
1983.43,471,evacuee,,Evacuee;276;in triage state;B;is at the evacuation site
1987.33,3,evacueeManager,,OFF SHIP: White;0;Green;239;Yellow;46;Red;7;Black;208;ON SHIP: White;0;Green;0;Yellow;0;Red;0;Evacuees to Transfer;
1987.33,681,evacuee,outES,Evacuee 76 in triage category Y is not assigned a helicopter
1987.33,681,evacuee,,Evacuee;76;in triage state;R;is at the evacuation site
1995.23,3,evacueeManager,,OFF SHIP: White;0;Green;239;Yellow;45;Red;8;Black;208;ON SHIP: White;0;Green;0;Yellow;0;Red;0;Evacuees to Transfer;
1995.23,1375,evacuee,outES,Evacuee 202 in triage category Y is not assigned a helicopter
1995.23,1375,evacuee,,Evacuee;202;in triage state;R;is at the evacuation site
1998.63,3,evacueeManager,,OFF SHIP: White;0;Green;238;Yellow;46;Red;8;Black;208;ON SHIP: White;0;Green;0;Yellow;0;Red;0;Evacuees to Transfer;
1998.63,1255,evacuee,outES,Evacuee 166 in triage category G is not assigned a helicopter
1998.63,1255,evacuee,,Evacuee;166;in triage state;Y;is at the evacuation site
2013.31,3,evacueeManager,,OFF SHIP: White;0;Green;237;Yellow;47;Red;8;Black;208;ON SHIP: White;0;Green;0;Yellow;0;Red;0;Evacuees to Transfer;
2013.31,273,evacuee,outES,Evacuee 335 in triage category G is not assigned a helicopter
2013.31,273,evacuee,,Evacuee;335;in triage state;Y;is at the evacuation site
2013.88,3,evacueeManager,,OFF SHIP: White;0;Green;237;Yellow;46;Red;9;Black;208;ON SHIP: White;0;Green;0;Yellow;0;Red;0;Evacuees to Transfer;
2013.88,537,evacuee,outES,Evacuee 106 in triage category Y is not assigned a helicopter
2013.88,537,evacuee,,Evacuee;106;in triage state;R;is at the evacuation site
2014.19,3,evacueeManager,,OFF SHIP: White;0;Green;236;Yellow;47;Red;9;Black;208;ON SHIP: White;0;Green;0;Yellow;0;Red;0;Evacuees to Transfer;
2014.19,68,evacuee,outES,Evacuee 459 in triage category G is not assigned a helicopter
2014.19,68,evacuee,,Evacuee;459;in triage state;Y;is at the evacuation site
2018.9,3,evacueeManager,,OFF SHIP: White;0;Green;236;Yellow;47;Red;8;Black;209;ON SHIP: White;0;Green;0;Yellow;0;Red;0;Evacuees to Transfer;
2018.9,342,evacuee,outES,Evacuee 306 in triage category R is not assigned a helicopter
2018.9,342,evacuee,,Evacuee;306;in triage state;B;is at the evacuation site
2019.75,3,evacueeManager,,OFF SHIP: White;0;Green;236;Yellow;46;Red;9;Black;209;ON SHIP: White;0;Green;0;Yellow;0;Red;0;Evacuees to Transfer;
2019.75,825,evacuee,outES,Evacuee 104 in triage category Y is not assigned a helicopter
2019.75,825,evacuee,,Evacuee;104;in triage state;R;is at the evacuation site
2022.86,3,evacueeManager,,OFF SHIP: White;0;Green;236;Yellow;45;Red;10;Black;209;ON SHIP: White;0;Green;0;Yellow;0;Red;0;Evacuees to Transfer;
2022.86,822,evacuee,outES,Evacuee 81 in triage category Y is not assigned a helicopter
2022.86,822,evacuee,,Evacuee;81;in triage state;R;is at the evacuation site
2030.02,3,evacueeManager,,OFF SHIP: White;0;Green;236;Yellow;45;Red;9;Black;210;ON SHIP: White;0;Green;0;Yellow;0;Red;0;Evacuees to Transfer;
2030.02,1249,evacuee,outES,Evacuee 162 in triage category R is not assigned a helicopter
2030.02,1249,evacuee,,Evacuee;162;in triage state;B;is at the evacuation site
2040.16,3,evacueeManager,,OFF SHIP: White;0;Green;236;Yellow;44;Red;10;Black;210;ON SHIP: White;0;Green;0;Yellow;0;Red;0;Evacuees to Transfer;
2040.16,1255,evacuee,outES,Evacuee 166 in triage category Y is not assigned a helicopter
2040.16,1255,evacuee,,Evacuee;166;in triage state;R;is at the evacuation site
2040.76,3,evacueeManager,,OFF SHIP: White;0;Green;235;Yellow;45;Red;10;Black;210;ON SHIP: White;0;Green;0;Yellow;0;Red;0;Evacuees to Transfer;
2040.76,1327,evacuee,outES,Evacuee 417 in triage category G is not assigned a helicopter
2040.76,1327,evacuee,,Evacuee;417;in triage state;Y;is at the evacuation site
2042.28,3,evacueeManager,,OFF SHIP: White;0;Green;235;Yellow;45;Red;9;Black;211;ON SHIP: White;0;Green;0;Yellow;0;Red;0;Evacuees to Transfer;
2042.28,591,evacuee,outES,Evacuee 95 in triage category R is not assigned a helicopter
2042.28,591,evacuee,,Evacuee;95;in triage state;B;is at the evacuation site
2043.1,3,evacueeManager,,OFF SHIP: White;0;Green;234;Yellow;46;Red;9;Black;211;ON SHIP: White;0;Green;0;Yellow;0;Red;0;Evacuees to Transfer;
2043.1,408,evacuee,outES,Evacuee 279 in triage category G is not assigned a helicopter
2043.1,408,evacuee,,Evacuee;279;in triage state;Y;is at the evacuation site
2051.05,3,evacueeManager,,OFF SHIP: White;0;Green;233;Yellow;47;Red;9;Black;211;ON SHIP: White;0;Green;0;Yellow;0;Red;0;Evacuees to Transfer;
2051.05,345,evacuee,outES,Evacuee 305 in triage category G is not assigned a helicopter
2051.05,345,evacuee,,Evacuee;305;in triage state;Y;is at the evacuation site
2052.83,3,evacueeManager,,OFF SHIP: White;0;Green;233;Yellow;46;Red;10;Black;211;ON SHIP: White;0;Green;0;Yellow;0;Red;0;Evacuees to Transfer;
2052.83,612,evacuee,outES,Evacuee 90 in triage category Y is not assigned a helicopter
2052.83,612,evacuee,,Evacuee;90;in triage state;R;is at the evacuation site
2061.15,3,evacueeManager,,OFF SHIP: White;0;Green;232;Yellow;47;Red;10;Black;211;ON SHIP: White;0;Green;0;Yellow;0;Red;0;Evacuees to Transfer;
2061.15,140,evacuee,outES,Evacuee 406 in triage category G is not assigned a helicopter
2061.15,140,evacuee,,Evacuee;406;in triage state;Y;is at the evacuation site
2066.36,3,evacueeManager,,OFF SHIP: White;0;Green;232;Yellow;47;Red;9;Black;212;ON SHIP: White;0;Green;0;Yellow;0;Red;0;Evacuees to Transfer;
2066.36,1375,evacuee,outES,Evacuee 202 in triage category R is not assigned a helicopter
2066.36,1375,evacuee,,Evacuee;202;in triage state;B;is at the evacuation site
2066.44,3,evacueeManager,,OFF SHIP: White;0;Green;231;Yellow;48;Red;9;Black;212;ON SHIP: White;0;Green;0;Yellow;0;Red;0;Evacuees to Transfer;
2066.44,684,evacuee,outES,Evacuee 431 in triage category G is not assigned a helicopter
2066.44,684,evacuee,,Evacuee;431;in triage state;Y;is at the evacuation site
2070.16,3,evacueeManager,,OFF SHIP: White;0;Green;230;Yellow;49;Red;9;Black;212;ON SHIP: White;0;Green;0;Yellow;0;Red;0;Evacuees to Transfer;
2070.16,897,evacuee,outES,Evacuee 119 in triage category G is not assigned a helicopter
2070.16,897,evacuee,,Evacuee;119;in triage state;Y;is at the evacuation site
2070.51,3,evacueeManager,,OFF SHIP: White;0;Green;230;Yellow;49;Red;8;Black;213;ON SHIP: White;0;Green;0;Yellow;0;Red;0;Evacuees to Transfer;
2070.51,966,evacuee,outES,Evacuee 116 in triage category R is not assigned a helicopter
2070.51,966,evacuee,,Evacuee;116;in triage state;B;is at the evacuation site
2073.89,3,evacueeManager,,OFF SHIP: White;0;Green;229;Yellow;50;Red;8;Black;213;ON SHIP: White;0;Green;0;Yellow;0;Red;0;Evacuees to Transfer;
2073.89,1110,evacuee,outES,Evacuee 266 in triage category G is not assigned a helicopter
2073.89,1110,evacuee,,Evacuee;266;in triage state;Y;is at the evacuation site
2075.23,3,evacueeManager,,OFF SHIP: White;0;Green;229;Yellow;49;Red;9;Black;213;ON SHIP: White;0;Green;0;Yellow;0;Red;0;Evacuees to Transfer;
2075.23,1396,evacuee,outES,Evacuee 206 in triage category Y is not assigned a helicopter
2075.23,1396,evacuee,,Evacuee;206;in triage state;R;is at the evacuation site
2079.88,3,evacueeManager,,OFF SHIP: White;0;Green;229;Yellow;49;Red;8;Black;214;ON SHIP: White;0;Green;0;Yellow;0;Red;0;Evacuees to Transfer;
2079.88,822,evacuee,outES,Evacuee 81 in triage category R is not assigned a helicopter
2079.88,822,evacuee,,Evacuee;81;in triage state;B;is at the evacuation site
2081.24,3,evacueeManager,,OFF SHIP: White;0;Green;228;Yellow;50;Red;8;Black;214;ON SHIP: White;0;Green;0;Yellow;0;Red;0;Evacuees to Transfer;
2081.24,480,evacuee,outES,Evacuee 117 in triage category G is not assigned a helicopter
2081.24,480,evacuee,,Evacuee;117;in triage state;Y;is at the evacuation site
2081.62,3,evacueeManager,,OFF SHIP: White;0;Green;228;Yellow;50;Red;7;Black;215;ON SHIP: White;0;Green;0;Yellow;0;Red;0;Evacuees to Transfer;
2081.62,62,evacuee,outES,Evacuee 462 in triage category R is not assigned a helicopter
2081.62,62,evacuee,,Evacuee;462;in triage state;B;is at the evacuation site
2083.08,3,evacueeManager,,OFF SHIP: White;0;Green;228;Yellow;50;Red;6;Black;216;ON SHIP: White;0;Green;0;Yellow;0;Red;0;Evacuees to Transfer;
2083.08,1255,evacuee,outES,Evacuee 166 in triage category R is not assigned a helicopter
2083.08,1255,evacuee,,Evacuee;166;in triage state;B;is at the evacuation site
2086.29,3,evacueeManager,,OFF SHIP: White;0;Green;228;Yellow;49;Red;7;Black;216;ON SHIP: White;0;Green;0;Yellow;0;Red;0;Evacuees to Transfer;
2086.29,1468,evacuee,outES,Evacuee 238 in triage category Y is not assigned a helicopter
2086.29,1468,evacuee,,Evacuee;238;in triage state;R;is at the evacuation site
2097.48,3,evacueeManager,,OFF SHIP: White;0;Green;227;Yellow;50;Red;7;Black;216;ON SHIP: White;0;Green;0;Yellow;0;Red;0;Evacuees to Transfer;
2097.48,1399,evacuee,outES,Evacuee 69 in triage category G is not assigned a helicopter
2097.48,1399,evacuee,,Evacuee;69;in triage state;Y;is at the evacuation site
2099.47,3,evacueeManager,,OFF SHIP: White;0;Green;227;Yellow;49;Red;8;Black;216;ON SHIP: White;0;Green;0;Yellow;0;Red;0;Evacuees to Transfer;
2099.47,891,evacuee,outES,Evacuee 44 in triage category Y is not assigned a helicopter
2099.47,891,evacuee,,Evacuee;44;in triage state;R;is at the evacuation site
2101.01,3,evacueeManager,,OFF SHIP: White;0;Green;227;Yellow;49;Red;7;Black;217;ON SHIP: White;0;Green;0;Yellow;0;Red;0;Evacuees to Transfer;
2101.01,825,evacuee,outES,Evacuee 104 in triage category R is not assigned a helicopter
2101.01,825,evacuee,,Evacuee;104;in triage state;B;is at the evacuation site
2104.14,3,evacueeManager,,OFF SHIP: White;0;Green;227;Yellow;48;Red;8;Black;217;ON SHIP: White;0;Green;0;Yellow;0;Red;0;Evacuees to Transfer;
2104.14,1110,evacuee,outES,Evacuee 266 in triage category Y is not assigned a helicopter
2104.14,1110,evacuee,,Evacuee;266;in triage state;R;is at the evacuation site
2105.78,3,evacueeManager,,OFF SHIP: White;0;Green;227;Yellow;48;Red;7;Black;218;ON SHIP: White;0;Green;0;Yellow;0;Red;0;Evacuees to Transfer;
2105.78,891,evacuee,outES,Evacuee 44 in triage category R is not assigned a helicopter
2105.78,891,evacuee,,Evacuee;44;in triage state;B;is at the evacuation site
2107.5,3,evacueeManager,,OFF SHIP: White;0;Green;227;Yellow;48;Red;6;Black;219;ON SHIP: White;0;Green;0;Yellow;0;Red;0;Evacuees to Transfer;
2107.5,1396,evacuee,outES,Evacuee 206 in triage category R is not assigned a helicopter
2107.5,1396,evacuee,,Evacuee;206;in triage state;B;is at the evacuation site
2115,3,evacueeManager,,OFF SHIP: White;0;Green;227;Yellow;48;Red;5;Black;220;ON SHIP: White;0;Green;0;Yellow;0;Red;0;Evacuees to Transfer;
2115,1110,evacuee,outES,Evacuee 266 in triage category R is not assigned a helicopter
2115,1110,evacuee,,Evacuee;266;in triage state;B;is at the evacuation site
2115.44,3,evacueeManager,,OFF SHIP: White;0;Green;227;Yellow;47;Red;6;Black;220;ON SHIP: White;0;Green;0;Yellow;0;Red;0;Evacuees to Transfer;
2115.44,1399,evacuee,outES,Evacuee 69 in triage category Y is not assigned a helicopter
2115.44,1399,evacuee,,Evacuee;69;in triage state;R;is at the evacuation site
2117.6,3,evacueeManager,,OFF SHIP: White;0;Green;227;Yellow;47;Red;5;Black;221;ON SHIP: White;0;Green;0;Yellow;0;Red;0;Evacuees to Transfer;
2117.6,65,evacuee,outES,Evacuee 461 in triage category R is not assigned a helicopter
2117.6,65,evacuee,,Evacuee;461;in triage state;B;is at the evacuation site
2118.05,3,evacueeManager,,OFF SHIP: White;0;Green;226;Yellow;48;Red;5;Black;221;ON SHIP: White;0;Green;0;Yellow;0;Red;0;Evacuees to Transfer;
2118.05,969,evacuee,outES,Evacuee 61 in triage category G is not assigned a helicopter
2118.05,969,evacuee,,Evacuee;61;in triage state;Y;is at the evacuation site
2126.9,3,evacueeManager,,OFF SHIP: White;0;Green;225;Yellow;49;Red;5;Black;221;ON SHIP: White;0;Green;0;Yellow;0;Red;0;Evacuees to Transfer;
2126.9,1471,evacuee,outES,Evacuee 113 in triage category G is not assigned a helicopter
2126.9,1471,evacuee,,Evacuee;113;in triage state;Y;is at the evacuation site
2132.26,3,evacueeManager,,OFF SHIP: White;0;Green;225;Yellow;49;Red;4;Black;222;ON SHIP: White;0;Green;0;Yellow;0;Red;0;Evacuees to Transfer;
2132.26,1468,evacuee,outES,Evacuee 238 in triage category R is not assigned a helicopter
2132.26,1468,evacuee,,Evacuee;238;in triage state;B;is at the evacuation site
2135.15,3,evacueeManager,,OFF SHIP: White;0;Green;225;Yellow;48;Red;5;Black;222;ON SHIP: White;0;Green;0;Yellow;0;Red;0;Evacuees to Transfer;
2135.15,684,evacuee,outES,Evacuee 431 in triage category Y is not assigned a helicopter
2135.15,684,evacuee,,Evacuee;431;in triage state;R;is at the evacuation site
2140.86,3,evacueeManager,,OFF SHIP: White;0;Green;225;Yellow;47;Red;6;Black;222;ON SHIP: White;0;Green;0;Yellow;0;Red;0;Evacuees to Transfer;
2140.86,477,evacuee,outES,Evacuee 386 in triage category Y is not assigned a helicopter
2140.86,477,evacuee,,Evacuee;386;in triage state;R;is at the evacuation site
2147.97,3,evacueeManager,,OFF SHIP: White;0;Green;225;Yellow;47;Red;5;Black;223;ON SHIP: White;0;Green;0;Yellow;0;Red;0;Evacuees to Transfer;
2147.97,612,evacuee,outES,Evacuee 90 in triage category R is not assigned a helicopter
2147.97,612,evacuee,,Evacuee;90;in triage state;B;is at the evacuation site
2149.03,3,evacueeManager,,OFF SHIP: White;0;Green;225;Yellow;47;Red;4;Black;224;ON SHIP: White;0;Green;0;Yellow;0;Red;0;Evacuees to Transfer;
2149.03,537,evacuee,outES,Evacuee 106 in triage category R is not assigned a helicopter
2149.03,537,evacuee,,Evacuee;106;in triage state;B;is at the evacuation site
2151.39,3,evacueeManager,,OFF SHIP: White;0;Green;224;Yellow;48;Red;4;Black;224;ON SHIP: White;0;Green;0;Yellow;0;Red;0;Evacuees to Transfer;
2151.39,203,evacuee,outES,Evacuee 378 in triage category G is not assigned a helicopter
2151.39,203,evacuee,,Evacuee;378;in triage state;Y;is at the evacuation site
2151.4,3,evacueeManager,,OFF SHIP: White;0;Green;224;Yellow;47;Red;5;Black;224;ON SHIP: White;0;Green;0;Yellow;0;Red;0;Evacuees to Transfer;
2151.4,1035,evacuee,outES,Evacuee 429 in triage category Y is not assigned a helicopter
2151.4,1035,evacuee,,Evacuee;429;in triage state;R;is at the evacuation site
2152.96,3,evacueeManager,,OFF SHIP: White;0;Green;224;Yellow;47;Red;4;Black;225;ON SHIP: White;0;Green;0;Yellow;0;Red;0;Evacuees to Transfer;
2152.96,681,evacuee,outES,Evacuee 76 in triage category R is not assigned a helicopter
2152.96,681,evacuee,,Evacuee;76;in triage state;B;is at the evacuation site
2153.94,3,evacueeManager,,OFF SHIP: White;0;Green;224;Yellow;46;Red;5;Black;225;ON SHIP: White;0;Green;0;Yellow;0;Red;0;Evacuees to Transfer;
2153.94,1390,evacuee,outES,Evacuee 323 in triage category Y is not assigned a helicopter
2153.94,1390,evacuee,,Evacuee;323;in triage state;R;is at the evacuation site
2156.21,3,evacueeManager,,OFF SHIP: White;0;Green;224;Yellow;45;Red;6;Black;225;ON SHIP: White;0;Green;0;Yellow;0;Red;0;Evacuees to Transfer;
2156.21,750,evacuee,outES,Evacuee 271 in triage category Y is not assigned a helicopter
2156.21,750,evacuee,,Evacuee;271;in triage state;R;is at the evacuation site
2156.21,3,evacueeManager,,OFF SHIP: White;0;Green;224;Yellow;44;Red;7;Black;225;ON SHIP: White;0;Green;0;Yellow;0;Red;0;Evacuees to Transfer;
2156.21,333,evacuee,outES,Evacuee 443 in triage category Y is not assigned a helicopter
2156.21,333,evacuee,,Evacuee;443;in triage state;R;is at the evacuation site
2159.76,3,evacueeManager,,OFF SHIP: White;0;Green;223;Yellow;45;Red;7;Black;225;ON SHIP: White;0;Green;0;Yellow;0;Red;0;Evacuees to Transfer;
2159.76,1186,evacuee,outES,Evacuee 137 in triage category G is not assigned a helicopter
2159.76,1186,evacuee,,Evacuee;137;in triage state;Y;is at the evacuation site
2161.29,3,evacueeManager,,OFF SHIP: White;0;Green;223;Yellow;44;Red;8;Black;225;ON SHIP: White;0;Green;0;Yellow;0;Red;0;Evacuees to Transfer;
2161.29,270,evacuee,outES,Evacuee 338 in triage category Y is not assigned a helicopter
2161.29,270,evacuee,,Evacuee;338;in triage state;R;is at the evacuation site
2161.5,3,evacueeManager,,OFF SHIP: White;0;Green;223;Yellow;43;Red;9;Black;225;ON SHIP: White;0;Green;0;Yellow;0;Red;0;Evacuees to Transfer;
2161.5,534,evacuee,outES,Evacuee 188 in triage category Y is not assigned a helicopter
2161.5,534,evacuee,,Evacuee;188;in triage state;R;is at the evacuation site
2180.78,3,evacueeManager,,OFF SHIP: White;0;Green;222;Yellow;44;Red;9;Black;225;ON SHIP: White;0;Green;0;Yellow;0;Red;0;Evacuees to Transfer;
2180.78,756,evacuee,outES,Evacuee 25 in triage category G is not assigned a helicopter
2180.78,756,evacuee,,Evacuee;25;in triage state;Y;is at the evacuation site
2181.13,3,evacueeManager,,OFF SHIP: White;0;Green;221;Yellow;45;Red;9;Black;225;ON SHIP: White;0;Green;0;Yellow;0;Red;0;Evacuees to Transfer;
2181.13,1041,evacuee,outES,Evacuee 160 in triage category G is not assigned a helicopter
2181.13,1041,evacuee,,Evacuee;160;in triage state;Y;is at the evacuation site
2184.72,3,evacueeManager,,OFF SHIP: White;0;Green;221;Yellow;44;Red;10;Black;225;ON SHIP: White;0;Green;0;Yellow;0;Red;0;Evacuees to Transfer;
2184.72,897,evacuee,outES,Evacuee 119 in triage category Y is not assigned a helicopter
2184.72,897,evacuee,,Evacuee;119;in triage state;R;is at the evacuation site
2191.14,3,evacueeManager,,OFF SHIP: White;0;Green;221;Yellow;43;Red;11;Black;225;ON SHIP: White;0;Green;0;Yellow;0;Red;0;Evacuees to Transfer;
2191.14,456,evacuee,outES,Evacuee 289 in triage category Y is not assigned a helicopter
2191.14,456,evacuee,,Evacuee;289;in triage state;R;is at the evacuation site
2196.18,3,evacueeManager,,OFF SHIP: White;0;Green;220;Yellow;44;Red;11;Black;225;ON SHIP: White;0;Green;0;Yellow;0;Red;0;Evacuees to Transfer;
2196.18,543,evacuee,outES,Evacuee 148 in triage category G is not assigned a helicopter
2196.18,543,evacuee,,Evacuee;148;in triage state;Y;is at the evacuation site
2207.48,3,evacueeManager,,OFF SHIP: White;0;Green;220;Yellow;44;Red;10;Black;226;ON SHIP: White;0;Green;0;Yellow;0;Red;0;Evacuees to Transfer;
2207.48,477,evacuee,outES,Evacuee 386 in triage category R is not assigned a helicopter
2207.48,477,evacuee,,Evacuee;386;in triage state;B;is at the evacuation site
2211.07,3,evacueeManager,,OFF SHIP: White;0;Green;219;Yellow;45;Red;10;Black;226;ON SHIP: White;0;Green;0;Yellow;0;Red;0;Evacuees to Transfer;
2211.07,828,evacuee,outES,Evacuee 40 in triage category G is not assigned a helicopter
2211.07,828,evacuee,,Evacuee;40;in triage state;Y;is at the evacuation site
2212.22,3,evacueeManager,,OFF SHIP: White;0;Green;219;Yellow;44;Red;11;Black;226;ON SHIP: White;0;Green;0;Yellow;0;Red;0;Evacuees to Transfer;
2212.22,1327,evacuee,outES,Evacuee 417 in triage category Y is not assigned a helicopter
2212.22,1327,evacuee,,Evacuee;417;in triage state;R;is at the evacuation site
2223.9,3,evacueeManager,,OFF SHIP: White;0;Green;219;Yellow;44;Red;10;Black;227;ON SHIP: White;0;Green;0;Yellow;0;Red;0;Evacuees to Transfer;
2223.9,1035,evacuee,outES,Evacuee 429 in triage category R is not assigned a helicopter
2223.9,1035,evacuee,,Evacuee;429;in triage state;B;is at the evacuation site
2226.17,3,evacueeManager,,OFF SHIP: White;0;Green;219;Yellow;43;Red;11;Black;227;ON SHIP: White;0;Green;0;Yellow;0;Red;0;Evacuees to Transfer;
2226.17,255,evacuee,outES,Evacuee 349 in triage category Y is not assigned a helicopter
2226.17,255,evacuee,,Evacuee;349;in triage state;R;is at the evacuation site
2226.38,3,evacueeManager,,OFF SHIP: White;0;Green;219;Yellow;42;Red;12;Black;227;ON SHIP: White;0;Green;0;Yellow;0;Red;0;Evacuees to Transfer;
2226.38,249,evacuee,outES,Evacuee 353 in triage category Y is not assigned a helicopter
2226.38,249,evacuee,,Evacuee;353;in triage state;R;is at the evacuation site
2228.19,3,evacueeManager,,OFF SHIP: White;0;Green;219;Yellow;41;Red;13;Black;227;ON SHIP: White;0;Green;0;Yellow;0;Red;0;Evacuees to Transfer;
2228.19,963,evacuee,outES,Evacuee 320 in triage category Y is not assigned a helicopter
2228.19,963,evacuee,,Evacuee;320;in triage state;R;is at the evacuation site
2228.71,3,evacueeManager,,OFF SHIP: White;0;Green;219;Yellow;40;Red;14;Black;227;ON SHIP: White;0;Green;0;Yellow;0;Red;0;Evacuees to Transfer;
2228.71,1104,evacuee,outES,Evacuee 182 in triage category Y is not assigned a helicopter
2228.71,1104,evacuee,,Evacuee;182;in triage state;R;is at the evacuation site
2233.59,3,evacueeManager,,OFF SHIP: White;0;Green;219;Yellow;40;Red;13;Black;228;ON SHIP: White;0;Green;0;Yellow;0;Red;0;Evacuees to Transfer;
2233.59,270,evacuee,outES,Evacuee 338 in triage category R is not assigned a helicopter
2233.59,270,evacuee,,Evacuee;338;in triage state;B;is at the evacuation site
2240.83,3,evacueeManager,,OFF SHIP: White;0;Green;219;Yellow;39;Red;14;Black;228;ON SHIP: White;0;Green;0;Yellow;0;Red;0;Evacuees to Transfer;
2240.83,1041,evacuee,outES,Evacuee 160 in triage category Y is not assigned a helicopter
2240.83,1041,evacuee,,Evacuee;160;in triage state;R;is at the evacuation site
2241.31,3,evacueeManager,,OFF SHIP: White;0;Green;218;Yellow;40;Red;14;Black;228;ON SHIP: White;0;Green;0;Yellow;0;Red;0;Evacuees to Transfer;
2241.31,615,evacuee,outES,Evacuee 83 in triage category G is not assigned a helicopter
2241.31,615,evacuee,,Evacuee;83;in triage state;Y;is at the evacuation site
2241.45,3,evacueeManager,,OFF SHIP: White;0;Green;218;Yellow;40;Red;13;Black;229;ON SHIP: White;0;Green;0;Yellow;0;Red;0;Evacuees to Transfer;
2241.45,750,evacuee,outES,Evacuee 271 in triage category R is not assigned a helicopter
2241.45,750,evacuee,,Evacuee;271;in triage state;B;is at the evacuation site
2248.27,3,evacueeManager,,OFF SHIP: White;0;Green;217;Yellow;41;Red;13;Black;229;ON SHIP: White;0;Green;0;Yellow;0;Red;0;Evacuees to Transfer;
2248.27,1258,evacuee,outES,Evacuee 16 in triage category G is not assigned a helicopter
2248.27,1258,evacuee,,Evacuee;16;in triage state;Y;is at the evacuation site
2261.64,3,evacueeManager,,OFF SHIP: White;0;Green;217;Yellow;41;Red;12;Black;230;ON SHIP: White;0;Green;0;Yellow;0;Red;0;Evacuees to Transfer;
2261.64,963,evacuee,outES,Evacuee 320 in triage category R is not assigned a helicopter
2261.64,963,evacuee,,Evacuee;320;in triage state;B;is at the evacuation site
2262.1,3,evacueeManager,,OFF SHIP: White;0;Green;217;Yellow;41;Red;11;Black;231;ON SHIP: White;0;Green;0;Yellow;0;Red;0;Evacuees to Transfer;
2262.1,1390,evacuee,outES,Evacuee 323 in triage category R is not assigned a helicopter
2262.1,1390,evacuee,,Evacuee;323;in triage state;B;is at the evacuation site
2264.27,3,evacueeManager,,OFF SHIP: White;0;Green;216;Yellow;42;Red;11;Black;231;ON SHIP: White;0;Green;0;Yellow;0;Red;0;Evacuees to Transfer;
2264.27,276,evacuee,outES,Evacuee 331 in triage category G is not assigned a helicopter
2264.27,276,evacuee,,Evacuee;331;in triage state;Y;is at the evacuation site
2265.48,3,evacueeManager,,OFF SHIP: White;0;Green;216;Yellow;42;Red;10;Black;232;ON SHIP: White;0;Green;0;Yellow;0;Red;0;Evacuees to Transfer;
2265.48,1104,evacuee,outES,Evacuee 182 in triage category R is not assigned a helicopter
2265.48,1104,evacuee,,Evacuee;182;in triage state;B;is at the evacuation site
2269.4,3,evacueeManager,,OFF SHIP: White;0;Green;216;Yellow;41;Red;11;Black;232;ON SHIP: White;0;Green;0;Yellow;0;Red;0;Evacuees to Transfer;
2269.4,894,evacuee,outES,Evacuee 150 in triage category Y is not assigned a helicopter
2269.4,894,evacuee,,Evacuee;150;in triage state;R;is at the evacuation site
2272.92,3,evacueeManager,,OFF SHIP: White;0;Green;216;Yellow;40;Red;12;Black;232;ON SHIP: White;0;Green;0;Yellow;0;Red;0;Evacuees to Transfer;
2272.92,1038,evacuee,outES,Evacuee 102 in triage category Y is not assigned a helicopter
2272.92,1038,evacuee,,Evacuee;102;in triage state;R;is at the evacuation site
2273,3,evacueeManager,,OFF SHIP: White;0;Green;216;Yellow;40;Red;11;Black;233;ON SHIP: White;0;Green;0;Yellow;0;Red;0;Evacuees to Transfer;
2273,1327,evacuee,outES,Evacuee 417 in triage category R is not assigned a helicopter
2273,1327,evacuee,,Evacuee;417;in triage state;B;is at the evacuation site
2280.12,3,evacueeManager,,OFF SHIP: White;0;Green;216;Yellow;39;Red;12;Black;233;ON SHIP: White;0;Green;0;Yellow;0;Red;0;Evacuees to Transfer;
2280.12,264,evacuee,outES,Evacuee 341 in triage category Y is not assigned a helicopter
2280.12,264,evacuee,,Evacuee;341;in triage state;R;is at the evacuation site
2289.24,3,evacueeManager,,OFF SHIP: White;0;Green;215;Yellow;40;Red;12;Black;233;ON SHIP: White;0;Green;0;Yellow;0;Red;0;Evacuees to Transfer;
2289.24,1330,evacuee,outES,Evacuee 217 in triage category G is not assigned a helicopter
2289.24,1330,evacuee,,Evacuee;217;in triage state;Y;is at the evacuation site
2298.05,3,evacueeManager,,OFF SHIP: White;0;Green;215;Yellow;40;Red;11;Black;234;ON SHIP: White;0;Green;0;Yellow;0;Red;0;Evacuees to Transfer;
2298.05,897,evacuee,outES,Evacuee 119 in triage category R is not assigned a helicopter
2298.05,897,evacuee,,Evacuee;119;in triage state;B;is at the evacuation site
2298.2,3,evacueeManager,,OFF SHIP: White;0;Green;215;Yellow;40;Red;10;Black;235;ON SHIP: White;0;Green;0;Yellow;0;Red;0;Evacuees to Transfer;
2298.2,249,evacuee,outES,Evacuee 353 in triage category R is not assigned a helicopter
2298.2,249,evacuee,,Evacuee;353;in triage state;B;is at the evacuation site
2300.46,3,evacueeManager,,OFF SHIP: White;0;Green;214;Yellow;41;Red;10;Black;235;ON SHIP: White;0;Green;0;Yellow;0;Red;0;Evacuees to Transfer;
2300.46,348,evacuee,outES,Evacuee 303 in triage category G is not assigned a helicopter
2300.46,348,evacuee,,Evacuee;303;in triage state;Y;is at the evacuation site
2301.62,3,evacueeManager,,OFF SHIP: White;0;Green;214;Yellow;41;Red;9;Black;236;ON SHIP: White;0;Green;0;Yellow;0;Red;0;Evacuees to Transfer;
2301.62,534,evacuee,outES,Evacuee 188 in triage category R is not assigned a helicopter
2301.62,534,evacuee,,Evacuee;188;in triage state;B;is at the evacuation site
2302.65,3,evacueeManager,,OFF SHIP: White;0;Green;214;Yellow;40;Red;10;Black;236;ON SHIP: White;0;Green;0;Yellow;0;Red;0;Evacuees to Transfer;
2302.65,197,evacuee,outES,Evacuee 380 in triage category Y is not assigned a helicopter
2302.65,197,evacuee,,Evacuee;380;in triage state;R;is at the evacuation site
2305.42,3,evacueeManager,,OFF SHIP: White;0;Green;214;Yellow;40;Red;9;Black;237;ON SHIP: White;0;Green;0;Yellow;0;Red;0;Evacuees to Transfer;
2305.42,264,evacuee,outES,Evacuee 341 in triage category R is not assigned a helicopter
2305.42,264,evacuee,,Evacuee;341;in triage state;B;is at the evacuation site
2306.82,3,evacueeManager,,OFF SHIP: White;0;Green;213;Yellow;41;Red;9;Black;237;ON SHIP: White;0;Green;0;Yellow;0;Red;0;Evacuees to Transfer;
2306.82,411,evacuee,outES,Evacuee 278 in triage category G is not assigned a helicopter
2306.82,411,evacuee,,Evacuee;278;in triage state;Y;is at the evacuation site
2308.32,3,evacueeManager,,OFF SHIP: White;0;Green;213;Yellow;40;Red;10;Black;237;ON SHIP: White;0;Green;0;Yellow;0;Red;0;Evacuees to Transfer;
2308.32,276,evacuee,outES,Evacuee 331 in triage category Y is not assigned a helicopter
2308.32,276,evacuee,,Evacuee;331;in triage state;R;is at the evacuation site
2311.48,3,evacueeManager,,OFF SHIP: White;0;Green;212;Yellow;41;Red;10;Black;237;ON SHIP: White;0;Green;0;Yellow;0;Red;0;Evacuees to Transfer;
2311.48,143,evacuee,outES,Evacuee 404 in triage category G is not assigned a helicopter
2311.48,143,evacuee,,Evacuee;404;in triage state;Y;is at the evacuation site
2319.3,3,evacueeManager,,OFF SHIP: White;0;Green;212;Yellow;41;Red;9;Black;238;ON SHIP: White;0;Green;0;Yellow;0;Red;0;Evacuees to Transfer;
2319.3,276,evacuee,outES,Evacuee 331 in triage category R is not assigned a helicopter
2319.3,276,evacuee,,Evacuee;331;in triage state;B;is at the evacuation site
2322.29,3,evacueeManager,,OFF SHIP: White;0;Green;211;Yellow;42;Red;9;Black;238;ON SHIP: White;0;Green;0;Yellow;0;Red;0;Evacuees to Transfer;
2322.29,687,evacuee,outES,Evacuee 74 in triage category G is not assigned a helicopter
2322.29,687,evacuee,,Evacuee;74;in triage state;Y;is at the evacuation site
2322.5,3,evacueeManager,,OFF SHIP: White;0;Green;211;Yellow;41;Red;10;Black;238;ON SHIP: White;0;Green;0;Yellow;0;Red;0;Evacuees to Transfer;
2322.5,345,evacuee,outES,Evacuee 305 in triage category Y is not assigned a helicopter
2322.5,345,evacuee,,Evacuee;305;in triage state;R;is at the evacuation site
2327.79,3,evacueeManager,,OFF SHIP: White;0;Green;211;Yellow;41;Red;9;Black;239;ON SHIP: White;0;Green;0;Yellow;0;Red;0;Evacuees to Transfer;
2327.79,255,evacuee,outES,Evacuee 349 in triage category R is not assigned a helicopter
2327.79,255,evacuee,,Evacuee;349;in triage state;B;is at the evacuation site
2330.43,3,evacueeManager,,OFF SHIP: White;0;Green;210;Yellow;42;Red;9;Black;239;ON SHIP: White;0;Green;0;Yellow;0;Red;0;Evacuees to Transfer;
2330.43,1113,evacuee,outES,Evacuee 120 in triage category G is not assigned a helicopter
2330.43,1113,evacuee,,Evacuee;120;in triage state;Y;is at the evacuation site
2331.42,3,evacueeManager,,OFF SHIP: White;0;Green;209;Yellow;43;Red;9;Black;239;ON SHIP: White;0;Green;0;Yellow;0;Red;0;Evacuees to Transfer;
2331.42,900,evacuee,outES,Evacuee 6 in triage category G is not assigned a helicopter
2331.42,900,evacuee,,Evacuee;6;in triage state;Y;is at the evacuation site
2343.55,3,evacueeManager,,OFF SHIP: White;0;Green;208;Yellow;44;Red;9;Black;239;ON SHIP: White;0;Green;0;Yellow;0;Red;0;Evacuees to Transfer;
2343.55,483,evacuee,outES,Evacuee 192 in triage category G is not assigned a helicopter
2343.55,483,evacuee,,Evacuee;192;in triage state;Y;is at the evacuation site
2347.6,3,evacueeManager,,OFF SHIP: White;0;Green;208;Yellow;44;Red;8;Black;240;ON SHIP: White;0;Green;0;Yellow;0;Red;0;Evacuees to Transfer;
2347.6,894,evacuee,outES,Evacuee 150 in triage category R is not assigned a helicopter
2347.6,894,evacuee,,Evacuee;150;in triage state;B;is at the evacuation site
2348.75,3,evacueeManager,,OFF SHIP: White;0;Green;208;Yellow;44;Red;7;Black;241;ON SHIP: White;0;Green;0;Yellow;0;Red;0;Evacuees to Transfer;
2348.75,197,evacuee,outES,Evacuee 380 in triage category R is not assigned a helicopter
2348.75,197,evacuee,,Evacuee;380;in triage state;B;is at the evacuation site
2361.05,3,evacueeManager,,OFF SHIP: White;0;Green;208;Yellow;43;Red;8;Black;241;ON SHIP: White;0;Green;0;Yellow;0;Red;0;Evacuees to Transfer;
2361.05,402,evacuee,outES,Evacuee 280 in triage category Y is not assigned a helicopter
2361.05,402,evacuee,,Evacuee;280;in triage state;R;is at the evacuation site
2365.64,3,evacueeManager,,OFF SHIP: White;0;Green;208;Yellow;43;Red;7;Black;242;ON SHIP: White;0;Green;0;Yellow;0;Red;0;Evacuees to Transfer;
2365.64,1038,evacuee,outES,Evacuee 102 in triage category R is not assigned a helicopter
2365.64,1038,evacuee,,Evacuee;102;in triage state;B;is at the evacuation site
2366.89,3,evacueeManager,,OFF SHIP: White;0;Green;208;Yellow;43;Red;6;Black;243;ON SHIP: White;0;Green;0;Yellow;0;Red;0;Evacuees to Transfer;
2366.89,333,evacuee,outES,Evacuee 443 in triage category R is not assigned a helicopter
2366.89,333,evacuee,,Evacuee;443;in triage state;B;is at the evacuation site
2370.7,3,evacueeManager,,OFF SHIP: White;0;Green;208;Yellow;42;Red;7;Black;243;ON SHIP: White;0;Green;0;Yellow;0;Red;0;Evacuees to Transfer;
2370.7,615,evacuee,outES,Evacuee 83 in triage category Y is not assigned a helicopter
2370.7,615,evacuee,,Evacuee;83;in triage state;R;is at the evacuation site
2370.86,3,evacueeManager,,OFF SHIP: White;0;Green;208;Yellow;41;Red;8;Black;243;ON SHIP: White;0;Green;0;Yellow;0;Red;0;Evacuees to Transfer;
2370.86,1321,evacuee,outES,Evacuee 185 in triage category Y is not assigned a helicopter
2370.86,1321,evacuee,,Evacuee;185;in triage state;R;is at the evacuation site
2371.6,3,evacueeManager,,OFF SHIP: White;0;Green;207;Yellow;42;Red;8;Black;243;ON SHIP: White;0;Green;0;Yellow;0;Red;0;Evacuees to Transfer;
2371.6,1402,evacuee,outES,Evacuee 207 in triage category G is not assigned a helicopter
2371.6,1402,evacuee,,Evacuee;207;in triage state;Y;is at the evacuation site
2383.23,3,evacueeManager,,OFF SHIP: White;0;Green;207;Yellow;42;Red;7;Black;244;ON SHIP: White;0;Green;0;Yellow;0;Red;0;Evacuees to Transfer;
2383.23,1399,evacuee,outES,Evacuee 69 in triage category R is not assigned a helicopter
2383.23,1399,evacuee,,Evacuee;69;in triage state;B;is at the evacuation site
2388.02,3,evacueeManager,,OFF SHIP: White;0;Green;207;Yellow;41;Red;8;Black;244;ON SHIP: White;0;Green;0;Yellow;0;Red;0;Evacuees to Transfer;
2388.02,678,evacuee,outES,Evacuee 440 in triage category Y is not assigned a helicopter
2388.02,678,evacuee,,Evacuee;440;in triage state;R;is at the evacuation site
2389.06,3,evacueeManager,,OFF SHIP: White;0;Green;206;Yellow;42;Red;8;Black;244;ON SHIP: White;0;Green;0;Yellow;0;Red;0;Evacuees to Transfer;
2389.06,972,evacuee,outES,Evacuee 52 in triage category G is not assigned a helicopter
2389.06,972,evacuee,,Evacuee;52;in triage state;Y;is at the evacuation site
2393.6,3,evacueeManager,,OFF SHIP: White;0;Green;205;Yellow;43;Red;8;Black;244;ON SHIP: White;0;Green;0;Yellow;0;Red;0;Evacuees to Transfer;
2393.6,1474,evacuee,outES,Evacuee 239 in triage category G is not assigned a helicopter
2393.6,1474,evacuee,,Evacuee;239;in triage state;Y;is at the evacuation site
2398.55,3,evacueeManager,,OFF SHIP: White;0;Green;205;Yellow;42;Red;9;Black;244;ON SHIP: White;0;Green;0;Yellow;0;Red;0;Evacuees to Transfer;
2398.55,1252,evacuee,outES,Evacuee 163 in triage category Y is not assigned a helicopter
2398.55,1252,evacuee,,Evacuee;163;in triage state;R;is at the evacuation site
2402.09,3,evacueeManager,,OFF SHIP: White;0;Green;205;Yellow;41;Red;10;Black;244;ON SHIP: White;0;Green;0;Yellow;0;Red;0;Evacuees to Transfer;
2402.09,900,evacuee,outES,Evacuee 6 in triage category Y is not assigned a helicopter
2402.09,900,evacuee,,Evacuee;6;in triage state;R;is at the evacuation site
2402.61,3,evacueeManager,,OFF SHIP: White;0;Green;205;Yellow;41;Red;9;Black;245;ON SHIP: White;0;Green;0;Yellow;0;Red;0;Evacuees to Transfer;
2402.61,1041,evacuee,outES,Evacuee 160 in triage category R is not assigned a helicopter
2402.61,1041,evacuee,,Evacuee;160;in triage state;B;is at the evacuation site
2404.76,3,evacueeManager,,OFF SHIP: White;0;Green;205;Yellow;40;Red;10;Black;245;ON SHIP: White;0;Green;0;Yellow;0;Red;0;Evacuees to Transfer;
2404.76,540,evacuee,outES,Evacuee 311 in triage category Y is not assigned a helicopter
2404.76,540,evacuee,,Evacuee;311;in triage state;R;is at the evacuation site
2412.27,3,evacueeManager,,OFF SHIP: White;0;Green;205;Yellow;39;Red;11;Black;245;ON SHIP: White;0;Green;0;Yellow;0;Red;0;Evacuees to Transfer;
2412.27,273,evacuee,outES,Evacuee 335 in triage category Y is not assigned a helicopter
2412.27,273,evacuee,,Evacuee;335;in triage state;R;is at the evacuation site
2414.34,3,evacueeManager,,OFF SHIP: White;0;Green;205;Yellow;39;Red;10;Black;246;ON SHIP: White;0;Green;0;Yellow;0;Red;0;Evacuees to Transfer;
2414.34,900,evacuee,outES,Evacuee 6 in triage category R is not assigned a helicopter
2414.34,900,evacuee,,Evacuee;6;in triage state;B;is at the evacuation site
2415.36,3,evacueeManager,,OFF SHIP: White;0;Green;205;Yellow;38;Red;11;Black;246;ON SHIP: White;0;Green;0;Yellow;0;Red;0;Evacuees to Transfer;
2415.36,1471,evacuee,outES,Evacuee 113 in triage category Y is not assigned a helicopter
2415.36,1471,evacuee,,Evacuee;113;in triage state;R;is at the evacuation site
2418.27,3,evacueeManager,,OFF SHIP: White;0;Green;205;Yellow;38;Red;10;Black;247;ON SHIP: White;0;Green;0;Yellow;0;Red;0;Evacuees to Transfer;
2418.27,540,evacuee,outES,Evacuee 311 in triage category R is not assigned a helicopter
2418.27,540,evacuee,,Evacuee;311;in triage state;B;is at the evacuation site
2421,3,evacueeManager,,OFF SHIP: White;0;Green;205;Yellow;38;Red;9;Black;248;ON SHIP: White;0;Green;0;Yellow;0;Red;0;Evacuees to Transfer;
2421,684,evacuee,outES,Evacuee 431 in triage category R is not assigned a helicopter
2421,684,evacuee,,Evacuee;431;in triage state;B;is at the evacuation site
2424.43,3,evacueeManager,,OFF SHIP: White;0;Green;204;Yellow;39;Red;9;Black;248;ON SHIP: White;0;Green;0;Yellow;0;Red;0;Evacuees to Transfer;
2424.43,1189,evacuee,outES,Evacuee 138 in triage category G is not assigned a helicopter
2424.43,1189,evacuee,,Evacuee;138;in triage state;Y;is at the evacuation site
2424.57,3,evacueeManager,,OFF SHIP: White;0;Green;204;Yellow;38;Red;10;Black;248;ON SHIP: White;0;Green;0;Yellow;0;Red;0;Evacuees to Transfer;
2424.57,753,evacuee,outES,Evacuee 9 in triage category Y is not assigned a helicopter
2424.57,753,evacuee,,Evacuee;9;in triage state;R;is at the evacuation site
2425.71,3,evacueeManager,,OFF SHIP: White;0;Green;203;Yellow;39;Red;10;Black;248;ON SHIP: White;0;Green;0;Yellow;0;Red;0;Evacuees to Transfer;
2425.71,206,evacuee,outES,Evacuee 377 in triage category G is not assigned a helicopter
2425.71,206,evacuee,,Evacuee;377;in triage state;Y;is at the evacuation site
2438.97,3,evacueeManager,,OFF SHIP: White;0;Green;203;Yellow;39;Red;9;Black;249;ON SHIP: White;0;Green;0;Yellow;0;Red;0;Evacuees to Transfer;
2438.97,753,evacuee,outES,Evacuee 9 in triage category R is not assigned a helicopter
2438.97,753,evacuee,,Evacuee;9;in triage state;B;is at the evacuation site
2443.6,3,evacueeManager,,OFF SHIP: White;0;Green;203;Yellow;39;Red;8;Black;250;ON SHIP: White;0;Green;0;Yellow;0;Red;0;Evacuees to Transfer;
2443.6,345,evacuee,outES,Evacuee 305 in triage category R is not assigned a helicopter
2443.6,345,evacuee,,Evacuee;305;in triage state;B;is at the evacuation site
2450.15,3,evacueeManager,,OFF SHIP: White;0;Green;203;Yellow;39;Red;7;Black;251;ON SHIP: White;0;Green;0;Yellow;0;Red;0;Evacuees to Transfer;
2450.15,678,evacuee,outES,Evacuee 440 in triage category R is not assigned a helicopter
2450.15,678,evacuee,,Evacuee;440;in triage state;B;is at the evacuation site
2452.77,3,evacueeManager,,OFF SHIP: White;0;Green;202;Yellow;40;Red;7;Black;251;ON SHIP: White;0;Green;0;Yellow;0;Red;0;Evacuees to Transfer;
2452.77,759,evacuee,outES,Evacuee 334 in triage category G is not assigned a helicopter
2452.77,759,evacuee,,Evacuee;334;in triage state;Y;is at the evacuation site
2464.38,3,evacueeManager,,OFF SHIP: White;0;Green;201;Yellow;41;Red;7;Black;251;ON SHIP: White;0;Green;0;Yellow;0;Red;0;Evacuees to Transfer;
2464.38,546,evacuee,outES,Evacuee 235 in triage category G is not assigned a helicopter
2464.38,546,evacuee,,Evacuee;235;in triage state;Y;is at the evacuation site
2470.08,3,evacueeManager,,OFF SHIP: White;0;Green;200;Yellow;42;Red;7;Black;251;ON SHIP: White;0;Green;0;Yellow;0;Red;0;Evacuees to Transfer;
2470.08,831,evacuee,outES,Evacuee 97 in triage category G is not assigned a helicopter
2470.08,831,evacuee,,Evacuee;97;in triage state;Y;is at the evacuation site
2482.88,3,evacueeManager,,OFF SHIP: White;0;Green;200;Yellow;42;Red;6;Black;252;ON SHIP: White;0;Green;0;Yellow;0;Red;0;Evacuees to Transfer;
2482.88,273,evacuee,outES,Evacuee 335 in triage category R is not assigned a helicopter
2482.88,273,evacuee,,Evacuee;335;in triage state;B;is at the evacuation site
2484.83,3,evacueeManager,,OFF SHIP: White;0;Green;200;Yellow;41;Red;7;Black;252;ON SHIP: White;0;Green;0;Yellow;0;Red;0;Evacuees to Transfer;
2484.83,948,evacuee,outES,Evacuee 75 in triage category Y is not assigned a helicopter
2484.83,948,evacuee,,Evacuee;75;in triage state;R;is at the evacuation site
2495.73,3,evacueeManager,,OFF SHIP: White;0;Green;199;Yellow;42;Red;7;Black;252;ON SHIP: White;0;Green;0;Yellow;0;Red;0;Evacuees to Transfer;
2495.73,1044,evacuee,outES,Evacuee 20 in triage category G is not assigned a helicopter
2495.73,1044,evacuee,,Evacuee;20;in triage state;Y;is at the evacuation site
2498.25,3,evacueeManager,,OFF SHIP: White;0;Green;199;Yellow;41;Red;8;Black;252;ON SHIP: White;0;Green;0;Yellow;0;Red;0;Evacuees to Transfer;
2498.25,831,evacuee,outES,Evacuee 97 in triage category Y is not assigned a helicopter
2498.25,831,evacuee,,Evacuee;97;in triage state;R;is at the evacuation site
2500.23,3,evacueeManager,,OFF SHIP: White;0;Green;199;Yellow;40;Red;9;Black;252;ON SHIP: White;0;Green;0;Yellow;0;Red;0;Evacuees to Transfer;
2500.23,1459,evacuee,outES,Evacuee 236 in triage category Y is not assigned a helicopter
2500.23,1459,evacuee,,Evacuee;236;in triage state;R;is at the evacuation site
2502.22,3,evacueeManager,,OFF SHIP: White;0;Green;199;Yellow;39;Red;10;Black;252;ON SHIP: White;0;Green;0;Yellow;0;Red;0;Evacuees to Transfer;
2502.22,687,evacuee,outES,Evacuee 74 in triage category Y is not assigned a helicopter
2502.22,687,evacuee,,Evacuee;74;in triage state;R;is at the evacuation site
2510.08,3,evacueeManager,,OFF SHIP: White;0;Green;199;Yellow;39;Red;9;Black;253;ON SHIP: White;0;Green;0;Yellow;0;Red;0;Evacuees to Transfer;
2510.08,1321,evacuee,outES,Evacuee 185 in triage category R is not assigned a helicopter
2510.08,1321,evacuee,,Evacuee;185;in triage state;B;is at the evacuation site
2513.96,3,evacueeManager,,OFF SHIP: White;0;Green;198;Yellow;40;Red;9;Black;253;ON SHIP: White;0;Green;0;Yellow;0;Red;0;Evacuees to Transfer;
2513.96,618,evacuee,outES,Evacuee 127 in triage category G is not assigned a helicopter
2513.96,618,evacuee,,Evacuee;127;in triage state;Y;is at the evacuation site
2518.2,3,evacueeManager,,OFF SHIP: White;0;Green;198;Yellow;40;Red;8;Black;254;ON SHIP: White;0;Green;0;Yellow;0;Red;0;Evacuees to Transfer;
2518.2,1459,evacuee,outES,Evacuee 236 in triage category R is not assigned a helicopter
2518.2,1459,evacuee,,Evacuee;236;in triage state;B;is at the evacuation site
2518.49,3,evacueeManager,,OFF SHIP: White;0;Green;198;Yellow;40;Red;7;Black;255;ON SHIP: White;0;Green;0;Yellow;0;Red;0;Evacuees to Transfer;
2518.49,1252,evacuee,outES,Evacuee 163 in triage category R is not assigned a helicopter
2518.49,1252,evacuee,,Evacuee;163;in triage state;B;is at the evacuation site
2525.68,3,evacueeManager,,OFF SHIP: White;0;Green;198;Yellow;40;Red;6;Black;256;ON SHIP: White;0;Green;0;Yellow;0;Red;0;Evacuees to Transfer;
2525.68,1471,evacuee,outES,Evacuee 113 in triage category R is not assigned a helicopter
2525.68,1471,evacuee,,Evacuee;113;in triage state;B;is at the evacuation site
2527.02,3,evacueeManager,,OFF SHIP: White;0;Green;197;Yellow;41;Red;6;Black;256;ON SHIP: White;0;Green;0;Yellow;0;Red;0;Evacuees to Transfer;
2527.02,1261,evacuee,outES,Evacuee 242 in triage category G is not assigned a helicopter
2527.02,1261,evacuee,,Evacuee;242;in triage state;Y;is at the evacuation site
2529.94,3,evacueeManager,,OFF SHIP: White;0;Green;197;Yellow;40;Red;7;Black;256;ON SHIP: White;0;Green;0;Yellow;0;Red;0;Evacuees to Transfer;
2529.94,1228,evacuee,outES,Evacuee 67 in triage category Y is not assigned a helicopter
2529.94,1228,evacuee,,Evacuee;67;in triage state;R;is at the evacuation site
2531.02,3,evacueeManager,,OFF SHIP: White;0;Green;197;Yellow;39;Red;8;Black;256;ON SHIP: White;0;Green;0;Yellow;0;Red;0;Evacuees to Transfer;
2531.02,480,evacuee,outES,Evacuee 117 in triage category Y is not assigned a helicopter
2531.02,480,evacuee,,Evacuee;117;in triage state;R;is at the evacuation site
2533.52,3,evacueeManager,,OFF SHIP: White;0;Green;197;Yellow;38;Red;9;Black;256;ON SHIP: White;0;Green;0;Yellow;0;Red;0;Evacuees to Transfer;
2533.52,1474,evacuee,outES,Evacuee 239 in triage category Y is not assigned a helicopter
2533.52,1474,evacuee,,Evacuee;239;in triage state;R;is at the evacuation site
2534.69,3,evacueeManager,,OFF SHIP: White;0;Green;197;Yellow;38;Red;8;Black;257;ON SHIP: White;0;Green;0;Yellow;0;Red;0;Evacuees to Transfer;
2534.69,456,evacuee,outES,Evacuee 289 in triage category R is not assigned a helicopter
2534.69,456,evacuee,,Evacuee;289;in triage state;B;is at the evacuation site
2545.72,3,evacueeManager,,OFF SHIP: White;0;Green;196;Yellow;39;Red;8;Black;257;ON SHIP: White;0;Green;0;Yellow;0;Red;0;Evacuees to Transfer;
2545.72,74,evacuee,outES,Evacuee 458 in triage category G is not assigned a helicopter
2545.72,74,evacuee,,Evacuee;458;in triage state;Y;is at the evacuation site
2548.55,3,evacueeManager,,OFF SHIP: White;0;Green;196;Yellow;39;Red;7;Black;258;ON SHIP: White;0;Green;0;Yellow;0;Red;0;Evacuees to Transfer;
2548.55,831,evacuee,outES,Evacuee 97 in triage category R is not assigned a helicopter
2548.55,831,evacuee,,Evacuee;97;in triage state;B;is at the evacuation site
2551,3,evacueeManager,,OFF SHIP: White;0;Green;196;Yellow;38;Red;8;Black;258;ON SHIP: White;0;Green;0;Yellow;0;Red;0;Evacuees to Transfer;
2551,206,evacuee,outES,Evacuee 377 in triage category Y is not assigned a helicopter
2551,206,evacuee,,Evacuee;377;in triage state;R;is at the evacuation site
2555.03,3,evacueeManager,,OFF SHIP: White;0;Green;196;Yellow;37;Red;9;Black;258;ON SHIP: White;0;Green;0;Yellow;0;Red;0;Evacuees to Transfer;
2555.03,203,evacuee,outES,Evacuee 378 in triage category Y is not assigned a helicopter
2555.03,203,evacuee,,Evacuee;378;in triage state;R;is at the evacuation site
2555.72,3,evacueeManager,,OFF SHIP: White;0;Green;195;Yellow;38;Red;9;Black;258;ON SHIP: White;0;Green;0;Yellow;0;Red;0;Evacuees to Transfer;
2555.72,1333,evacuee,outES,Evacuee 189 in triage category G is not assigned a helicopter
2555.72,1333,evacuee,,Evacuee;189;in triage state;Y;is at the evacuation site
2556.33,3,evacueeManager,,OFF SHIP: White;0;Green;195;Yellow;38;Red;8;Black;259;ON SHIP: White;0;Green;0;Yellow;0;Red;0;Evacuees to Transfer;
2556.33,206,evacuee,outES,Evacuee 377 in triage category R is not assigned a helicopter
2556.33,206,evacuee,,Evacuee;377;in triage state;B;is at the evacuation site
2571.34,3,evacueeManager,,OFF SHIP: White;0;Green;195;Yellow;38;Red;7;Black;260;ON SHIP: White;0;Green;0;Yellow;0;Red;0;Evacuees to Transfer;
2571.34,480,evacuee,outES,Evacuee 117 in triage category R is not assigned a helicopter
2571.34,480,evacuee,,Evacuee;117;in triage state;B;is at the evacuation site
2575.17,3,evacueeManager,,OFF SHIP: White;0;Green;195;Yellow;38;Red;6;Black;261;ON SHIP: White;0;Green;0;Yellow;0;Red;0;Evacuees to Transfer;
2575.17,1228,evacuee,outES,Evacuee 67 in triage category R is not assigned a helicopter
2575.17,1228,evacuee,,Evacuee;67;in triage state;B;is at the evacuation site
2582.32,3,evacueeManager,,OFF SHIP: White;0;Green;195;Yellow;37;Red;7;Black;261;ON SHIP: White;0;Green;0;Yellow;0;Red;0;Evacuees to Transfer;
2582.32,1177,evacuee,outES,Evacuee 129 in triage category Y is not assigned a helicopter
2582.32,1177,evacuee,,Evacuee;129;in triage state;R;is at the evacuation site
2583.56,3,evacueeManager,,OFF SHIP: White;0;Green;195;Yellow;37;Red;6;Black;262;ON SHIP: White;0;Green;0;Yellow;0;Red;0;Evacuees to Transfer;
2583.56,402,evacuee,outES,Evacuee 280 in triage category R is not assigned a helicopter
2583.56,402,evacuee,,Evacuee;280;in triage state;B;is at the evacuation site
2591.59,3,evacueeManager,,OFF SHIP: White;0;Green;194;Yellow;38;Red;6;Black;262;ON SHIP: White;0;Green;0;Yellow;0;Red;0;Evacuees to Transfer;
2591.59,414,evacuee,outES,Evacuee 277 in triage category G is not assigned a helicopter
2591.59,414,evacuee,,Evacuee;277;in triage state;Y;is at the evacuation site
2591.69,3,evacueeManager,,OFF SHIP: White;0;Green;194;Yellow;37;Red;7;Black;262;ON SHIP: White;0;Green;0;Yellow;0;Red;0;Evacuees to Transfer;
2591.69,411,evacuee,outES,Evacuee 278 in triage category Y is not assigned a helicopter
2591.69,411,evacuee,,Evacuee;278;in triage state;R;is at the evacuation site
2601.54,3,evacueeManager,,OFF SHIP: White;0;Green;194;Yellow;37;Red;6;Black;263;ON SHIP: White;0;Green;0;Yellow;0;Red;0;Evacuees to Transfer;
2601.54,1177,evacuee,outES,Evacuee 129 in triage category R is not assigned a helicopter
2601.54,1177,evacuee,,Evacuee;129;in triage state;B;is at the evacuation site
2602.29,3,evacueeManager,,OFF SHIP: White;0;Green;193;Yellow;38;Red;6;Black;263;ON SHIP: White;0;Green;0;Yellow;0;Red;0;Evacuees to Transfer;
2602.29,146,evacuee,outES,Evacuee 403 in triage category G is not assigned a helicopter
2602.29,146,evacuee,,Evacuee;403;in triage state;Y;is at the evacuation site
2602.32,3,evacueeManager,,OFF SHIP: White;0;Green;193;Yellow;37;Red;7;Black;263;ON SHIP: White;0;Green;0;Yellow;0;Red;0;Evacuees to Transfer;
2602.32,759,evacuee,outES,Evacuee 334 in triage category Y is not assigned a helicopter
2602.32,759,evacuee,,Evacuee;334;in triage state;R;is at the evacuation site
2604.3,3,evacueeManager,,OFF SHIP: White;0;Green;193;Yellow;36;Red;8;Black;263;ON SHIP: White;0;Green;0;Yellow;0;Red;0;Evacuees to Transfer;
2604.3,483,evacuee,outES,Evacuee 192 in triage category Y is not assigned a helicopter
2604.3,483,evacuee,,Evacuee;192;in triage state;R;is at the evacuation site
2604.61,3,evacueeManager,,OFF SHIP: White;0;Green;193;Yellow;35;Red;9;Black;263;ON SHIP: White;0;Green;0;Yellow;0;Red;0;Evacuees to Transfer;
2604.61,414,evacuee,outES,Evacuee 277 in triage category Y is not assigned a helicopter
2604.61,414,evacuee,,Evacuee;277;in triage state;R;is at the evacuation site
2607.59,3,evacueeManager,,OFF SHIP: White;0;Green;192;Yellow;36;Red;9;Black;263;ON SHIP: White;0;Green;0;Yellow;0;Red;0;Evacuees to Transfer;
2607.59,903,evacuee,outES,Evacuee 173 in triage category G is not assigned a helicopter
2607.59,903,evacuee,,Evacuee;173;in triage state;Y;is at the evacuation site
2614.26,3,evacueeManager,,OFF SHIP: White;0;Green;191;Yellow;37;Red;9;Black;263;ON SHIP: White;0;Green;0;Yellow;0;Red;0;Evacuees to Transfer;
2614.26,690,evacuee,outES,Evacuee 363 in triage category G is not assigned a helicopter
2614.26,690,evacuee,,Evacuee;363;in triage state;Y;is at the evacuation site
2617.67,3,evacueeManager,,OFF SHIP: White;0;Green;190;Yellow;38;Red;9;Black;263;ON SHIP: White;0;Green;0;Yellow;0;Red;0;Evacuees to Transfer;
2617.67,1116,evacuee,outES,Evacuee 94 in triage category G is not assigned a helicopter
2617.67,1116,evacuee,,Evacuee;94;in triage state;Y;is at the evacuation site
2618.45,3,evacueeManager,,OFF SHIP: White;0;Green;190;Yellow;38;Red;8;Black;264;ON SHIP: White;0;Green;0;Yellow;0;Red;0;Evacuees to Transfer;
2618.45,1474,evacuee,outES,Evacuee 239 in triage category R is not assigned a helicopter
2618.45,1474,evacuee,,Evacuee;239;in triage state;B;is at the evacuation site
2627.09,3,evacueeManager,,OFF SHIP: White;0;Green;190;Yellow;38;Red;7;Black;265;ON SHIP: White;0;Green;0;Yellow;0;Red;0;Evacuees to Transfer;
2627.09,414,evacuee,outES,Evacuee 277 in triage category R is not assigned a helicopter
2627.09,414,evacuee,,Evacuee;277;in triage state;B;is at the evacuation site
2630.77,3,evacueeManager,,OFF SHIP: White;0;Green;190;Yellow;38;Red;6;Black;266;ON SHIP: White;0;Green;0;Yellow;0;Red;0;Evacuees to Transfer;
2630.77,483,evacuee,outES,Evacuee 192 in triage category R is not assigned a helicopter
2630.77,483,evacuee,,Evacuee;192;in triage state;B;is at the evacuation site
2632.17,3,evacueeManager,,OFF SHIP: White;0;Green;189;Yellow;39;Red;6;Black;266;ON SHIP: White;0;Green;0;Yellow;0;Red;0;Evacuees to Transfer;
2632.17,486,evacuee,outES,Evacuee 432 in triage category G is not assigned a helicopter
2632.17,486,evacuee,,Evacuee;432;in triage state;Y;is at the evacuation site
2638.15,3,evacueeManager,,OFF SHIP: White;0;Green;189;Yellow;38;Red;7;Black;266;ON SHIP: White;0;Green;0;Yellow;0;Red;0;Evacuees to Transfer;
2638.15,594,evacuee,outES,Evacuee 447 in triage category Y is not assigned a helicopter
2638.15,594,evacuee,,Evacuee;447;in triage state;R;is at the evacuation site
2642.74,3,evacueeManager,,OFF SHIP: White;0;Green;189;Yellow;38;Red;6;Black;267;ON SHIP: White;0;Green;0;Yellow;0;Red;0;Evacuees to Transfer;
2642.74,615,evacuee,outES,Evacuee 83 in triage category R is not assigned a helicopter
2642.74,615,evacuee,,Evacuee;83;in triage state;B;is at the evacuation site
2643.4,3,evacueeManager,,OFF SHIP: White;0;Green;189;Yellow;38;Red;5;Black;268;ON SHIP: White;0;Green;0;Yellow;0;Red;0;Evacuees to Transfer;
2643.4,948,evacuee,outES,Evacuee 75 in triage category R is not assigned a helicopter
2643.4,948,evacuee,,Evacuee;75;in triage state;B;is at the evacuation site
2643.58,3,evacueeManager,,OFF SHIP: White;0;Green;189;Yellow;37;Red;6;Black;268;ON SHIP: White;0;Green;0;Yellow;0;Red;0;Evacuees to Transfer;
2643.58,609,evacuee,outES,Evacuee 412 in triage category Y is not assigned a helicopter
2643.58,609,evacuee,,Evacuee;412;in triage state;R;is at the evacuation site
2644.28,3,evacueeManager,,OFF SHIP: White;0;Green;189;Yellow;37;Red;5;Black;269;ON SHIP: White;0;Green;0;Yellow;0;Red;0;Evacuees to Transfer;
2644.28,594,evacuee,outES,Evacuee 447 in triage category R is not assigned a helicopter
2644.28,594,evacuee,,Evacuee;447;in triage state;B;is at the evacuation site
2646.19,3,evacueeManager,,OFF SHIP: White;0;Green;188;Yellow;38;Red;5;Black;269;ON SHIP: White;0;Green;0;Yellow;0;Red;0;Evacuees to Transfer;
2646.19,1405,evacuee,outES,Evacuee 27 in triage category G is not assigned a helicopter
2646.19,1405,evacuee,,Evacuee;27;in triage state;Y;is at the evacuation site
2671.1,3,evacueeManager,,OFF SHIP: White;0;Green;187;Yellow;39;Red;5;Black;269;ON SHIP: White;0;Green;0;Yellow;0;Red;0;Evacuees to Transfer;
2671.1,975,evacuee,outES,Evacuee 41 in triage category G is not assigned a helicopter
2671.1,975,evacuee,,Evacuee;41;in triage state;Y;is at the evacuation site
2676.11,3,evacueeManager,,OFF SHIP: White;0;Green;186;Yellow;40;Red;5;Black;269;ON SHIP: White;0;Green;0;Yellow;0;Red;0;Evacuees to Transfer;
2676.11,1477,evacuee,outES,Evacuee 243 in triage category G is not assigned a helicopter
2676.11,1477,evacuee,,Evacuee;243;in triage state;Y;is at the evacuation site
2682.51,3,evacueeManager,,OFF SHIP: White;0;Green;186;Yellow;39;Red;6;Black;269;ON SHIP: White;0;Green;0;Yellow;0;Red;0;Evacuees to Transfer;
2682.51,975,evacuee,outES,Evacuee 41 in triage category Y is not assigned a helicopter
2682.51,975,evacuee,,Evacuee;41;in triage state;R;is at the evacuation site
2686.09,3,evacueeManager,,OFF SHIP: White;0;Green;186;Yellow;38;Red;7;Black;269;ON SHIP: White;0;Green;0;Yellow;0;Red;0;Evacuees to Transfer;
2686.09,408,evacuee,outES,Evacuee 279 in triage category Y is not assigned a helicopter
2686.09,408,evacuee,,Evacuee;279;in triage state;R;is at the evacuation site
2687.59,3,evacueeManager,,OFF SHIP: White;0;Green;186;Yellow;37;Red;8;Black;269;ON SHIP: White;0;Green;0;Yellow;0;Red;0;Evacuees to Transfer;
2687.59,486,evacuee,outES,Evacuee 432 in triage category Y is not assigned a helicopter
2687.59,486,evacuee,,Evacuee;432;in triage state;R;is at the evacuation site
2691.52,3,evacueeManager,,OFF SHIP: White;0;Green;186;Yellow;36;Red;9;Black;269;ON SHIP: White;0;Green;0;Yellow;0;Red;0;Evacuees to Transfer;
2691.52,1405,evacuee,outES,Evacuee 27 in triage category Y is not assigned a helicopter
2691.52,1405,evacuee,,Evacuee;27;in triage state;R;is at the evacuation site
2692.79,3,evacueeManager,,OFF SHIP: White;0;Green;186;Yellow;35;Red;10;Black;269;ON SHIP: White;0;Green;0;Yellow;0;Red;0;Evacuees to Transfer;
2692.79,146,evacuee,outES,Evacuee 403 in triage category Y is not assigned a helicopter
2692.79,146,evacuee,,Evacuee;403;in triage state;R;is at the evacuation site
2698.58,3,evacueeManager,,OFF SHIP: White;0;Green;186;Yellow;34;Red;11;Black;269;ON SHIP: White;0;Green;0;Yellow;0;Red;0;Evacuees to Transfer;
2698.58,330,evacuee,outES,Evacuee 313 in triage category Y is not assigned a helicopter
2698.58,330,evacuee,,Evacuee;313;in triage state;R;is at the evacuation site
2702.41,3,evacueeManager,,OFF SHIP: White;0;Green;186;Yellow;33;Red;12;Black;269;ON SHIP: White;0;Green;0;Yellow;0;Red;0;Evacuees to Transfer;
2702.41,1333,evacuee,outES,Evacuee 189 in triage category Y is not assigned a helicopter
2702.41,1333,evacuee,,Evacuee;189;in triage state;R;is at the evacuation site
2712.74,3,evacueeManager,,OFF SHIP: White;0;Green;186;Yellow;33;Red;11;Black;270;ON SHIP: White;0;Green;0;Yellow;0;Red;0;Evacuees to Transfer;
2712.74,687,evacuee,outES,Evacuee 74 in triage category R is not assigned a helicopter
2712.74,687,evacuee,,Evacuee;74;in triage state;B;is at the evacuation site
2717.33,3,evacueeManager,,OFF SHIP: White;0;Green;185;Yellow;34;Red;11;Black;270;ON SHIP: White;0;Green;0;Yellow;0;Red;0;Evacuees to Transfer;
2717.33,209,evacuee,outES,Evacuee 375 in triage category G is not assigned a helicopter
2717.33,209,evacuee,,Evacuee;375;in triage state;Y;is at the evacuation site
2718.54,3,evacueeManager,,OFF SHIP: White;0;Green;185;Yellow;34;Red;10;Black;271;ON SHIP: White;0;Green;0;Yellow;0;Red;0;Evacuees to Transfer;
2718.54,203,evacuee,outES,Evacuee 378 in triage category R is not assigned a helicopter
2718.54,203,evacuee,,Evacuee;378;in triage state;B;is at the evacuation site
2727.52,3,evacueeManager,,OFF SHIP: White;0;Green;184;Yellow;35;Red;10;Black;271;ON SHIP: White;0;Green;0;Yellow;0;Red;0;Evacuees to Transfer;
2727.52,1192,evacuee,outES,Evacuee 265 in triage category G is not assigned a helicopter
2727.52,1192,evacuee,,Evacuee;265;in triage state;Y;is at the evacuation site
2729.41,3,evacueeManager,,OFF SHIP: White;0;Green;184;Yellow;34;Red;11;Black;271;ON SHIP: White;0;Green;0;Yellow;0;Red;0;Evacuees to Transfer;
2729.41,1192,evacuee,outES,Evacuee 265 in triage category Y is not assigned a helicopter
2729.41,1192,evacuee,,Evacuee;265;in triage state;R;is at the evacuation site
2739.65,3,evacueeManager,,OFF SHIP: White;0;Green;184;Yellow;33;Red;12;Black;271;ON SHIP: White;0;Green;0;Yellow;0;Red;0;Evacuees to Transfer;
2739.65,74,evacuee,outES,Evacuee 458 in triage category Y is not assigned a helicopter
2739.65,74,evacuee,,Evacuee;458;in triage state;R;is at the evacuation site
2742.75,3,evacueeManager,,OFF SHIP: White;0;Green;184;Yellow;33;Red;11;Black;272;ON SHIP: White;0;Green;0;Yellow;0;Red;0;Evacuees to Transfer;
2742.75,74,evacuee,outES,Evacuee 458 in triage category R is not assigned a helicopter
2742.75,74,evacuee,,Evacuee;458;in triage state;B;is at the evacuation site
2747.29,3,evacueeManager,,OFF SHIP: White;0;Green;183;Yellow;34;Red;11;Black;272;ON SHIP: White;0;Green;0;Yellow;0;Red;0;Evacuees to Transfer;
2747.29,762,evacuee,outES,Evacuee 70 in triage category G is not assigned a helicopter
2747.29,762,evacuee,,Evacuee;70;in triage state;Y;is at the evacuation site
2760.16,3,evacueeManager,,OFF SHIP: White;0;Green;182;Yellow;35;Red;11;Black;272;ON SHIP: White;0;Green;0;Yellow;0;Red;0;Evacuees to Transfer;
2760.16,549,evacuee,outES,Evacuee 105 in triage category G is not assigned a helicopter
2760.16,549,evacuee,,Evacuee;105;in triage state;Y;is at the evacuation site
2765.48,3,evacueeManager,,OFF SHIP: White;0;Green;182;Yellow;35;Red;10;Black;273;ON SHIP: White;0;Green;0;Yellow;0;Red;0;Evacuees to Transfer;
2765.48,486,evacuee,outES,Evacuee 432 in triage category R is not assigned a helicopter
2765.48,486,evacuee,,Evacuee;432;in triage state;B;is at the evacuation site
2765.8,3,evacueeManager,,OFF SHIP: White;0;Green;182;Yellow;34;Red;11;Black;273;ON SHIP: White;0;Green;0;Yellow;0;Red;0;Evacuees to Transfer;
2765.8,1330,evacuee,outES,Evacuee 217 in triage category Y is not assigned a helicopter
2765.8,1330,evacuee,,Evacuee;217;in triage state;R;is at the evacuation site
2767.31,3,evacueeManager,,OFF SHIP: White;0;Green;182;Yellow;34;Red;10;Black;274;ON SHIP: White;0;Green;0;Yellow;0;Red;0;Evacuees to Transfer;
2767.31,759,evacuee,outES,Evacuee 334 in triage category R is not assigned a helicopter
2767.31,759,evacuee,,Evacuee;334;in triage state;B;is at the evacuation site
2769.27,3,evacueeManager,,OFF SHIP: White;0;Green;182;Yellow;34;Red;9;Black;275;ON SHIP: White;0;Green;0;Yellow;0;Red;0;Evacuees to Transfer;
2769.27,609,evacuee,outES,Evacuee 412 in triage category R is not assigned a helicopter
2769.27,609,evacuee,,Evacuee;412;in triage state;B;is at the evacuation site
2770.13,3,evacueeManager,,OFF SHIP: White;0;Green;182;Yellow;34;Red;8;Black;276;ON SHIP: White;0;Green;0;Yellow;0;Red;0;Evacuees to Transfer;
2770.13,411,evacuee,outES,Evacuee 278 in triage category R is not assigned a helicopter
2770.13,411,evacuee,,Evacuee;278;in triage state;B;is at the evacuation site
2771.64,3,evacueeManager,,OFF SHIP: White;0;Green;182;Yellow;34;Red;7;Black;277;ON SHIP: White;0;Green;0;Yellow;0;Red;0;Evacuees to Transfer;
2771.64,1405,evacuee,outES,Evacuee 27 in triage category R is not assigned a helicopter
2771.64,1405,evacuee,,Evacuee;27;in triage state;B;is at the evacuation site
2772.37,3,evacueeManager,,OFF SHIP: White;0;Green;181;Yellow;35;Red;7;Black;277;ON SHIP: White;0;Green;0;Yellow;0;Red;0;Evacuees to Transfer;
2772.37,834,evacuee,outES,Evacuee 453 in triage category G is not assigned a helicopter
2772.37,834,evacuee,,Evacuee;453;in triage state;Y;is at the evacuation site
2777.27,3,evacueeManager,,OFF SHIP: White;0;Green;181;Yellow;34;Red;8;Black;277;ON SHIP: White;0;Green;0;Yellow;0;Red;0;Evacuees to Transfer;
2777.27,1113,evacuee,outES,Evacuee 120 in triage category Y is not assigned a helicopter
2777.27,1113,evacuee,,Evacuee;120;in triage state;R;is at the evacuation site
2777.81,3,evacueeManager,,OFF SHIP: White;0;Green;181;Yellow;33;Red;9;Black;277;ON SHIP: White;0;Green;0;Yellow;0;Red;0;Evacuees to Transfer;
2777.81,618,evacuee,outES,Evacuee 127 in triage category Y is not assigned a helicopter
2777.81,618,evacuee,,Evacuee;127;in triage state;R;is at the evacuation site
2779.85,3,evacueeManager,,OFF SHIP: White;0;Green;181;Yellow;33;Red;8;Black;278;ON SHIP: White;0;Green;0;Yellow;0;Red;0;Evacuees to Transfer;
2779.85,975,evacuee,outES,Evacuee 41 in triage category R is not assigned a helicopter
2779.85,975,evacuee,,Evacuee;41;in triage state;B;is at the evacuation site
2782.97,3,evacueeManager,,OFF SHIP: White;0;Green;181;Yellow;32;Red;9;Black;278;ON SHIP: White;0;Green;0;Yellow;0;Red;0;Evacuees to Transfer;
2782.97,56,evacuee,outES,Evacuee 468 in triage category Y is not assigned a helicopter
2782.97,56,evacuee,,Evacuee;468;in triage state;R;is at the evacuation site
2799.08,3,evacueeManager,,OFF SHIP: White;0;Green;181;Yellow;32;Red;8;Black;279;ON SHIP: White;0;Green;0;Yellow;0;Red;0;Evacuees to Transfer;
2799.08,146,evacuee,outES,Evacuee 403 in triage category R is not assigned a helicopter
2799.08,146,evacuee,,Evacuee;403;in triage state;B;is at the evacuation site
2801.71,3,evacueeManager,,OFF SHIP: White;0;Green;181;Yellow;32;Red;7;Black;280;ON SHIP: White;0;Green;0;Yellow;0;Red;0;Evacuees to Transfer;
2801.71,408,evacuee,outES,Evacuee 279 in triage category R is not assigned a helicopter
2801.71,408,evacuee,,Evacuee;279;in triage state;B;is at the evacuation site
2805,1153,helicopter,,Helicopter;1;Is going to the evacuation site;;and has;0;spots taken
2812.45,3,evacueeManager,,OFF SHIP: White;0;Green;181;Yellow;31;Red;8;Black;280;ON SHIP: White;0;Green;0;Yellow;0;Red;0;Evacuees to Transfer;
2812.45,690,evacuee,outES,Evacuee 363 in triage category Y is not assigned a helicopter
2812.45,690,evacuee,,Evacuee;363;in triage state;R;is at the evacuation site
2814.77,3,evacueeManager,,OFF SHIP: White;0;Green;181;Yellow;31;Red;7;Black;281;ON SHIP: White;0;Green;0;Yellow;0;Red;0;Evacuees to Transfer;
2814.77,330,evacuee,outES,Evacuee 313 in triage category R is not assigned a helicopter
2814.77,330,evacuee,,Evacuee;313;in triage state;B;is at the evacuation site
2828.2,3,evacueeManager,,OFF SHIP: White;0;Green;181;Yellow;30;Red;8;Black;281;ON SHIP: White;0;Green;0;Yellow;0;Red;0;Evacuees to Transfer;
2828.2,549,evacuee,outES,Evacuee 105 in triage category Y is not assigned a helicopter
2828.2,549,evacuee,,Evacuee;105;in triage state;R;is at the evacuation site
2830.83,3,evacueeManager,,OFF SHIP: White;0;Green;180;Yellow;31;Red;8;Black;281;ON SHIP: White;0;Green;0;Yellow;0;Red;0;Evacuees to Transfer;
2830.83,1047,evacuee,outES,Evacuee 35 in triage category G is not assigned a helicopter
2830.83,1047,evacuee,,Evacuee;35;in triage state;Y;is at the evacuation site
2833.18,3,evacueeManager,,OFF SHIP: White;0;Green;179;Yellow;32;Red;8;Black;281;ON SHIP: White;0;Green;0;Yellow;0;Red;0;Evacuees to Transfer;
2833.18,621,evacuee,outES,Evacuee 49 in triage category G is not assigned a helicopter
2833.18,621,evacuee,,Evacuee;49;in triage state;Y;is at the evacuation site
2837.53,3,evacueeManager,,OFF SHIP: White;0;Green;179;Yellow;32;Red;7;Black;282;ON SHIP: White;0;Green;0;Yellow;0;Red;0;Evacuees to Transfer;
2837.53,1113,evacuee,outES,Evacuee 120 in triage category R is not assigned a helicopter
2837.53,1113,evacuee,,Evacuee;120;in triage state;B;is at the evacuation site
2840.8,3,evacueeManager,,OFF SHIP: White;0;Green;179;Yellow;32;Red;6;Black;283;ON SHIP: White;0;Green;0;Yellow;0;Red;0;Evacuees to Transfer;
2840.8,56,evacuee,outES,Evacuee 468 in triage category R is not assigned a helicopter
2840.8,56,evacuee,,Evacuee;468;in triage state;B;is at the evacuation site
2843.2,3,evacueeManager,,OFF SHIP: White;0;Green;178;Yellow;33;Red;6;Black;283;ON SHIP: White;0;Green;0;Yellow;0;Red;0;Evacuees to Transfer;
2843.2,282,evacuee,outES,Evacuee 330 in triage category G is not assigned a helicopter
2843.2,282,evacuee,,Evacuee;330;in triage state;Y;is at the evacuation site
2847.77,3,evacueeManager,,OFF SHIP: White;0;Green;177;Yellow;34;Red;6;Black;283;ON SHIP: White;0;Green;0;Yellow;0;Red;0;Evacuees to Transfer;
2847.77,1264,evacuee,outES,Evacuee 178 in triage category G is not assigned a helicopter
2847.77,1264,evacuee,,Evacuee;178;in triage state;Y;is at the evacuation site
2853.4,3,evacueeManager,,OFF SHIP: White;0;Green;177;Yellow;33;Red;7;Black;283;ON SHIP: White;0;Green;0;Yellow;0;Red;0;Evacuees to Transfer;
2853.4,405,evacuee,outES,Evacuee 333 in triage category Y is not assigned a helicopter
2853.4,405,evacuee,,Evacuee;333;in triage state;R;is at the evacuation site
2861,3,evacueeManager,,OFF SHIP: White;0;Green;177;Yellow;33;Red;6;Black;284;ON SHIP: White;0;Green;0;Yellow;0;Red;0;Evacuees to Transfer;
2861,1192,evacuee,outES,Evacuee 265 in triage category R is not assigned a helicopter
2861,1192,evacuee,,Evacuee;265;in triage state;B;is at the evacuation site
2865.27,3,evacueeManager,,OFF SHIP: White;0;Green;177;Yellow;33;Red;5;Black;285;ON SHIP: White;0;Green;0;Yellow;0;Red;0;Evacuees to Transfer;
2865.27,690,evacuee,outES,Evacuee 363 in triage category R is not assigned a helicopter
2865.27,690,evacuee,,Evacuee;363;in triage state;B;is at the evacuation site
2867.65,3,evacueeManager,,OFF SHIP: White;0;Green;176;Yellow;34;Red;5;Black;285;ON SHIP: White;0;Green;0;Yellow;0;Red;0;Evacuees to Transfer;
2867.65,1336,evacuee,outES,Evacuee 253 in triage category G is not assigned a helicopter
2867.65,1336,evacuee,,Evacuee;253;in triage state;Y;is at the evacuation site
2869.67,3,evacueeManager,,OFF SHIP: White;0;Green;176;Yellow;34;Red;4;Black;286;ON SHIP: White;0;Green;0;Yellow;0;Red;0;Evacuees to Transfer;
2869.67,1333,evacuee,outES,Evacuee 189 in triage category R is not assigned a helicopter
2869.67,1333,evacuee,,Evacuee;189;in triage state;B;is at the evacuation site
2874.27,3,evacueeManager,,OFF SHIP: White;0;Green;176;Yellow;34;Red;3;Black;287;ON SHIP: White;0;Green;0;Yellow;0;Red;0;Evacuees to Transfer;
2874.27,618,evacuee,outES,Evacuee 127 in triage category R is not assigned a helicopter
2874.27,618,evacuee,,Evacuee;127;in triage state;B;is at the evacuation site
2877.3,3,evacueeManager,,OFF SHIP: White;0;Green;176;Yellow;33;Red;4;Black;287;ON SHIP: White;0;Green;0;Yellow;0;Red;0;Evacuees to Transfer;
2877.3,140,evacuee,outES,Evacuee 406 in triage category Y is not assigned a helicopter
2877.3,140,evacuee,,Evacuee;406;in triage state;R;is at the evacuation site
2877.59,3,evacueeManager,,OFF SHIP: White;0;Green;176;Yellow;33;Red;3;Black;288;ON SHIP: White;0;Green;0;Yellow;0;Red;0;Evacuees to Transfer;
2877.59,405,evacuee,outES,Evacuee 333 in triage category R is not assigned a helicopter
2877.59,405,evacuee,,Evacuee;333;in triage state;B;is at the evacuation site
2879.58,3,evacueeManager,,OFF SHIP: White;0;Green;176;Yellow;32;Red;4;Black;288;ON SHIP: White;0;Green;0;Yellow;0;Red;0;Evacuees to Transfer;
2879.58,32,evacuee,outES,Evacuee 482 in triage category Y is not assigned a helicopter
2879.58,32,evacuee,,Evacuee;482;in triage state;R;is at the evacuation site
2880,5,helicopterQueue,,1;Helos are waiting to land;HeloID;1
2880,1153,helicopter,outES,Helicopter 1 is evacuating people1
2880,1153,helicopter,,Helicopter;1;is waiting to land at the evacuation site;;and has;0;spots taken
2880,4,helipadManager,,;No helos are at ES
2880,5,helicopterQueue,outHM,Helicopter 1 is evacuating people1
2880,5,helicopterQueue,outHelo,Helicopter 1 is evacuating people1
2880,5,helicopterQueue,,;No helos are waiting to land
2880,1152,filterES,,Helicopter;1;is evacuating people
2880,3,evacueeManager,,OFF SHIP: White;0;Green;166;Yellow;32;Red;4;Black;288;ON SHIP: White;0;Green;0;Yellow;0;Red;0;Evacuees to Transfer;;EvacueeID;3;HeloID;1;OnShip;0;Triage Status;G;EvacueeID;5;HeloID;1;OnShip;0;Triage Status;G;EvacueeID;8;HeloID;1;OnShip;0;Triage Status;G;EvacueeID;12;HeloID;1;OnShip;0;Triage Status;G;EvacueeID;15;HeloID;1;OnShip;0;Triage Status;G;EvacueeID;21;HeloID;1;OnShip;0;Triage Status;G;EvacueeID;30;HeloID;1;OnShip;0;Triage Status;G;EvacueeID;31;HeloID;1;OnShip;0;Triage Status;G;EvacueeID;36;HeloID;1;OnShip;0;Triage Status;G;EvacueeID;38;HeloID;1;OnShip;0;Triage Status;G
2880,4,helipadManager,outEM,Helicopter 1 is evacuating people1
2880,4,helipadManager,,Helo;1;is at the ES
2880,1152,filterES,out,Helicopter 1 is evacuating people1
2880,1152,filterES,,
2880,1153,helicopter,,Helicopter;1;is waiting to land at the evacuation site;;and has;0;spots taken
2880,3,evacueeManager,outEvac,Evacuee 3 in triage category G is assigned helicopter 1
2880,3,evacueeManager,outEvac,Evacuee 5 in triage category G is assigned helicopter 1
2880,3,evacueeManager,outEvac,Evacuee 8 in triage category G is assigned helicopter 1
2880,3,evacueeManager,outEvac,Evacuee 12 in triage category G is assigned helicopter 1
2880,3,evacueeManager,outEvac,Evacuee 15 in triage category G is assigned helicopter 1
2880,3,evacueeManager,outEvac,Evacuee 21 in triage category G is assigned helicopter 1
2880,3,evacueeManager,outEvac,Evacuee 30 in triage category G is assigned helicopter 1
2880,3,evacueeManager,outEvac,Evacuee 31 in triage category G is assigned helicopter 1
2880,3,evacueeManager,outEvac,Evacuee 36 in triage category G is assigned helicopter 1
2880,3,evacueeManager,outEvac,Evacuee 38 in triage category G is assigned helicopter 1
2880,3,evacueeManager,,OFF SHIP: White;0;Green;166;Yellow;32;Red;4;Black;288;ON SHIP: White;0;Green;0;Yellow;0;Red;0;Evacuees to Transfer;
2880,7,filterLoc,,
2880,10,filterLoc,,
2880,13,filterLoc,,
2880,16,filterLoc,,
2880,19,filterLoc,,
2880,22,filterLoc,,
2880,25,filterLoc,,
2880,28,filterLoc,,
2880,31,filterLoc,,
2880,34,filterLoc,,
2880,37,filterLoc,,
2880,40,filterLoc,,
2880,43,filterLoc,,
2880,46,filterLoc,,
2880,49,filterLoc,,
2880,52,filterLoc,,
2880,55,filterLoc,,
2880,58,filterLoc,,
2880,61,filterLoc,,
2880,64,filterLoc,,
2880,67,filterLoc,,
2880,70,filterLoc,,
2880,73,filterLoc,,
2880,76,filterLoc,,
2880,79,filterLoc,,
2880,82,filterLoc,,
2880,85,filterLoc,,
2880,88,filterLoc,,
2880,91,filterLoc,,
2880,94,filterLoc,,
2880,97,filterLoc,,
2880,100,filterLoc,,
2880,103,filterLoc,,
2880,106,filterLoc,,
2880,109,filterLoc,,
2880,112,filterLoc,,
2880,115,filterLoc,,
2880,118,filterLoc,,
2880,121,filterLoc,,
2880,124,filterLoc,,
2880,127,filterLoc,,
2880,130,filterLoc,,
2880,133,filterLoc,,
2880,136,filterLoc,,
2880,139,filterLoc,,
2880,142,filterLoc,,
2880,145,filterLoc,,
2880,148,filterLoc,,
2880,151,filterLoc,,
2880,154,filterLoc,,
2880,157,filterLoc,,
2880,160,filterLoc,,
2880,163,filterLoc,,
2880,166,filterLoc,,
2880,169,filterLoc,,
2880,172,filterLoc,,
2880,175,filterLoc,,
2880,178,filterLoc,,
2880,181,filterLoc,,
2880,184,filterLoc,,
2880,187,filterLoc,,
2880,190,filterLoc,,
2880,193,filterLoc,,
2880,196,filterLoc,,
2880,199,filterLoc,,
2880,202,filterLoc,,
2880,205,filterLoc,,
2880,208,filterLoc,,
2880,211,filterLoc,,
2880,214,filterLoc,,
2880,217,filterLoc,,
2880,221,filterLoc,,
2880,224,filterLoc,,
2880,227,filterLoc,,
2880,230,filterLoc,,
2880,233,filterLoc,,
2880,236,filterLoc,,
2880,239,filterLoc,,
2880,242,filterLoc,,
2880,245,filterLoc,,
2880,248,filterLoc,,
2880,251,filterLoc,,
2880,254,filterLoc,,
2880,257,filterLoc,,
2880,260,filterLoc,,
2880,263,filterLoc,,
2880,266,filterLoc,,
2880,269,filterLoc,,
2880,272,filterLoc,,
2880,275,filterLoc,,
2880,278,filterLoc,,
2880,281,filterLoc,,
2880,284,filterLoc,,
2880,287,filterLoc,,
2880,290,filterLoc,,
2880,293,filterLoc,,
2880,296,filterLoc,,
2880,299,filterLoc,,
2880,302,filterLoc,,
2880,305,filterLoc,,
2880,308,filterLoc,,
2880,311,filterLoc,,
2880,314,filterLoc,,
2880,317,filterLoc,,
2880,320,filterLoc,,
2880,323,filterLoc,,
2880,326,filterLoc,,
2880,329,filterLoc,,
2880,332,filterLoc,,
2880,335,filterLoc,,
2880,338,filterLoc,,
2880,341,filterLoc,,
2880,344,filterLoc,,
2880,347,filterLoc,,
2880,350,filterLoc,,
2880,353,filterLoc,,
2880,356,filterLoc,,
2880,359,filterLoc,,
2880,362,filterLoc,,
2880,365,filterLoc,,
2880,368,filterLoc,,
2880,371,filterLoc,,
2880,374,filterLoc,,
2880,377,filterLoc,,
2880,380,filterLoc,,
2880,383,filterLoc,,
2880,386,filterLoc,,
2880,389,filterLoc,,
2880,392,filterLoc,,
2880,395,filterLoc,,
2880,398,filterLoc,,
2880,401,filterLoc,,
2880,404,filterLoc,,
2880,407,filterLoc,,
2880,410,filterLoc,,
2880,413,filterLoc,,
2880,416,filterLoc,,
2880,419,filterLoc,,
2880,422,filterLoc,,
2880,425,filterLoc,,
2880,428,filterLoc,,
2880,431,filterLoc,,
2880,434,filterLoc,,
2880,437,filterLoc,,
2880,440,filterLoc,,
2880,443,filterLoc,,
2880,446,filterLoc,,
2880,449,filterLoc,,
2880,452,filterLoc,,
2880,455,filterLoc,,
2880,458,filterLoc,,
2880,461,filterLoc,,
2880,464,filterLoc,,
2880,467,filterLoc,,
2880,470,filterLoc,,
2880,473,filterLoc,,
2880,476,filterLoc,,
2880,479,filterLoc,,
2880,482,filterLoc,,
2880,485,filterLoc,,
2880,488,filterLoc,,
2880,491,filterLoc,,
2880,494,filterLoc,,
2880,497,filterLoc,,
2880,500,filterLoc,,
2880,503,filterLoc,,
2880,506,filterLoc,,
2880,509,filterLoc,,
2880,512,filterLoc,,
2880,515,filterLoc,,
2880,518,filterLoc,,
2880,521,filterLoc,,
2880,524,filterLoc,,
2880,527,filterLoc,,
2880,530,filterLoc,,
2880,533,filterLoc,,
2880,536,filterLoc,,
2880,539,filterLoc,,
2880,542,filterLoc,,
2880,545,filterLoc,,
2880,548,filterLoc,,
2880,551,filterLoc,,
2880,554,filterLoc,,
2880,557,filterLoc,,
2880,560,filterLoc,,
2880,563,filterLoc,,
2880,566,filterLoc,,
2880,569,filterLoc,,
2880,572,filterLoc,,
2880,575,filterLoc,,
2880,578,filterLoc,,
2880,581,filterLoc,,
2880,584,filterLoc,,
2880,587,filterLoc,,
2880,590,filterLoc,,
2880,593,filterLoc,,
2880,596,filterLoc,,
2880,599,filterLoc,,
2880,602,filterLoc,,
2880,605,filterLoc,,
2880,608,filterLoc,,
2880,611,filterLoc,,
2880,614,filterLoc,,
2880,617,filterLoc,,
2880,620,filterLoc,,
2880,623,filterLoc,,
2880,626,filterLoc,,
2880,629,filterLoc,,
2880,632,filterLoc,,
2880,635,filterLoc,,
2880,638,filterLoc,,
2880,641,filterLoc,,
2880,644,filterLoc,,
2880,647,filterLoc,,
2880,650,filterLoc,,
2880,653,filterLoc,,
2880,656,filterLoc,,
2880,659,filterLoc,,
2880,662,filterLoc,,
2880,665,filterLoc,,
2880,668,filterLoc,,
2880,671,filterLoc,,
2880,674,filterLoc,,
2880,677,filterLoc,,
2880,680,filterLoc,,
2880,683,filterLoc,,
2880,686,filterLoc,,
2880,689,filterLoc,,
2880,692,filterLoc,,
2880,695,filterLoc,,
2880,698,filterLoc,,
2880,701,filterLoc,,
2880,704,filterLoc,,
2880,707,filterLoc,,
2880,710,filterLoc,,
2880,713,filterLoc,,
2880,716,filterLoc,,;Evacuee;15;in triage category;G;is entering helicopter;1
2880,719,filterLoc,,
2880,722,filterLoc,,
2880,725,filterLoc,,
2880,728,filterLoc,,
2880,731,filterLoc,,
2880,734,filterLoc,,
2880,737,filterLoc,,
2880,740,filterLoc,,
2880,743,filterLoc,,
2880,746,filterLoc,,
2880,749,filterLoc,,
2880,752,filterLoc,,
2880,755,filterLoc,,
2880,758,filterLoc,,
2880,761,filterLoc,,
2880,764,filterLoc,,;Evacuee;5;in triage category;G;is entering helicopter;1
2880,767,filterLoc,,
2880,770,filterLoc,,
2880,773,filterLoc,,
2880,776,filterLoc,,
2880,779,filterLoc,,
2880,782,filterLoc,,
2880,785,filterLoc,,
2880,788,filterLoc,,
2880,791,filterLoc,,
2880,794,filterLoc,,
2880,797,filterLoc,,
2880,800,filterLoc,,
2880,803,filterLoc,,
2880,806,filterLoc,,
2880,809,filterLoc,,
2880,812,filterLoc,,
2880,815,filterLoc,,
2880,818,filterLoc,,
2880,821,filterLoc,,
2880,824,filterLoc,,
2880,827,filterLoc,,
2880,830,filterLoc,,
2880,833,filterLoc,,
2880,836,filterLoc,,
2880,839,filterLoc,,
2880,842,filterLoc,,
2880,845,filterLoc,,
2880,848,filterLoc,,;Evacuee;8;in triage category;G;is entering helicopter;1
2880,851,filterLoc,,;Evacuee;3;in triage category;G;is entering helicopter;1
2880,854,filterLoc,,
2880,857,filterLoc,,
2880,860,filterLoc,,
2880,863,filterLoc,,
2880,866,filterLoc,,
2880,869,filterLoc,,
2880,872,filterLoc,,
2880,875,filterLoc,,
2880,878,filterLoc,,
2880,881,filterLoc,,
2880,884,filterLoc,,
2880,887,filterLoc,,
2880,890,filterLoc,,
2880,893,filterLoc,,
2880,896,filterLoc,,
2880,899,filterLoc,,
2880,902,filterLoc,,
2880,905,filterLoc,,
2880,908,filterLoc,,
2880,911,filterLoc,,
2880,914,filterLoc,,
2880,917,filterLoc,,
2880,920,filterLoc,,
2880,923,filterLoc,,
2880,926,filterLoc,,;Evacuee;31;in triage category;G;is entering helicopter;1
2880,929,filterLoc,,;Evacuee;38;in triage category;G;is entering helicopter;1
2880,932,filterLoc,,
2880,935,filterLoc,,
2880,938,filterLoc,,
2880,941,filterLoc,,
2880,944,filterLoc,,
2880,947,filterLoc,,
2880,950,filterLoc,,
2880,953,filterLoc,,
2880,956,filterLoc,,
2880,959,filterLoc,,
2880,962,filterLoc,,
2880,965,filterLoc,,
2880,968,filterLoc,,
2880,971,filterLoc,,
2880,974,filterLoc,,
2880,977,filterLoc,,
2880,980,filterLoc,,
2880,983,filterLoc,,
2880,986,filterLoc,,
2880,989,filterLoc,,;Evacuee;21;in triage category;G;is entering helicopter;1
2880,992,filterLoc,,
2880,995,filterLoc,,
2880,998,filterLoc,,
2880,1001,filterLoc,,
2880,1004,filterLoc,,
2880,1007,filterLoc,,
2880,1010,filterLoc,,
2880,1013,filterLoc,,
2880,1016,filterLoc,,
2880,1019,filterLoc,,
2880,1022,filterLoc,,
2880,1025,filterLoc,,
2880,1028,filterLoc,,
2880,1031,filterLoc,,
2880,1034,filterLoc,,
2880,1037,filterLoc,,
2880,1040,filterLoc,,
2880,1043,filterLoc,,
2880,1046,filterLoc,,
2880,1049,filterLoc,,
2880,1052,filterLoc,,;Evacuee;36;in triage category;G;is entering helicopter;1
2880,1055,filterLoc,,
2880,1058,filterLoc,,
2880,1061,filterLoc,,
2880,1064,filterLoc,,
2880,1067,filterLoc,,
2880,1070,filterLoc,,;Evacuee;30;in triage category;G;is entering helicopter;1
2880,1073,filterLoc,,
2880,1076,filterLoc,,
2880,1079,filterLoc,,
2880,1082,filterLoc,,
2880,1085,filterLoc,,
2880,1088,filterLoc,,
2880,1091,filterLoc,,
2880,1094,filterLoc,,
2880,1097,filterLoc,,
2880,1100,filterLoc,,
2880,1103,filterLoc,,
2880,1106,filterLoc,,
2880,1109,filterLoc,,
2880,1112,filterLoc,,
2880,1115,filterLoc,,
2880,1118,filterLoc,,
2880,1121,filterLoc,,
2880,1124,filterLoc,,
2880,1127,filterLoc,,
2880,1130,filterLoc,,
2880,1133,filterLoc,,
2880,1136,filterLoc,,
2880,1139,filterLoc,,
2880,1142,filterLoc,,
2880,1145,filterLoc,,
2880,1148,filterLoc,,
2880,1153,helicopter,,Helicopter;1;is loading people at the evacuation site;;and has;0;spots taken
2880,1155,filterLoc,,
2880,1158,filterLoc,,
2880,1161,filterLoc,,
2880,1164,filterLoc,,
2880,1167,filterLoc,,
2880,1170,filterLoc,,
2880,1173,filterLoc,,
2880,1176,filterLoc,,
2880,1179,filterLoc,,
2880,1182,filterLoc,,
2880,1185,filterLoc,,
2880,1188,filterLoc,,
2880,1191,filterLoc,,
2880,1194,filterLoc,,
2880,1197,filterLoc,,
2880,1200,filterLoc,,
2880,1203,filterLoc,,
2880,1206,filterLoc,,
2880,1209,filterLoc,,
2880,1212,filterLoc,,
2880,1215,filterLoc,,
2880,1218,filterLoc,,
2880,1221,filterLoc,,
2880,1224,filterLoc,,
2880,1227,filterLoc,,
2880,1230,filterLoc,,
2880,1233,filterLoc,,
2880,1236,filterLoc,,
2880,1239,filterLoc,,
2880,1242,filterLoc,,
2880,1245,filterLoc,,
2880,1248,filterLoc,,
2880,1251,filterLoc,,
2880,1254,filterLoc,,
2880,1257,filterLoc,,
2880,1260,filterLoc,,
2880,1263,filterLoc,,
2880,1266,filterLoc,,
2880,1269,filterLoc,,
2880,1272,filterLoc,,
2880,1275,filterLoc,,
2880,1278,filterLoc,,
2880,1281,filterLoc,,
2880,1284,filterLoc,,
2880,1287,filterLoc,,
2880,1290,filterLoc,,
2880,1293,filterLoc,,
2880,1296,filterLoc,,
2880,1299,filterLoc,,
2880,1302,filterLoc,,
2880,1305,filterLoc,,
2880,1308,filterLoc,,
2880,1311,filterLoc,,
2880,1314,filterLoc,,
2880,1317,filterLoc,,
2880,1320,filterLoc,,
2880,1323,filterLoc,,
2880,1326,filterLoc,,
2880,1329,filterLoc,,
2880,1332,filterLoc,,
2880,1335,filterLoc,,
2880,1338,filterLoc,,
2880,1341,filterLoc,,
2880,1344,filterLoc,,
2880,1347,filterLoc,,
2880,1350,filterLoc,,
2880,1353,filterLoc,,
2880,1356,filterLoc,,
2880,1359,filterLoc,,
2880,1362,filterLoc,,
2880,1365,filterLoc,,
2880,1368,filterLoc,,
2880,1371,filterLoc,,
2880,1374,filterLoc,,
2880,1377,filterLoc,,
2880,1380,filterLoc,,
2880,1383,filterLoc,,
2880,1386,filterLoc,,
2880,1389,filterLoc,,
2880,1392,filterLoc,,
2880,1395,filterLoc,,
2880,1398,filterLoc,,
2880,1401,filterLoc,,
2880,1404,filterLoc,,
2880,1407,filterLoc,,
2880,1410,filterLoc,,
2880,1413,filterLoc,,
2880,1416,filterLoc,,;Evacuee;12;in triage category;G;is entering helicopter;1
2880,1419,filterLoc,,
2880,1422,filterLoc,,
2880,1425,filterLoc,,
2880,1428,filterLoc,,
2880,1431,filterLoc,,
2880,1434,filterLoc,,
2880,1437,filterLoc,,
2880,1440,filterLoc,,
2880,1443,filterLoc,,
2880,1446,filterLoc,,
2880,1449,filterLoc,,
2880,1452,filterLoc,,
2880,1455,filterLoc,,
2880,1458,filterLoc,,
2880,1461,filterLoc,,
2880,1464,filterLoc,,
2880,1467,filterLoc,,
2880,1470,filterLoc,,
2880,1473,filterLoc,,
2880,1476,filterLoc,,
2880,1479,filterLoc,,
2880,1482,filterLoc,,
2880,1485,filterLoc,,
2880,1488,filterLoc,,
2880,1491,filterLoc,,
2880,1494,filterLoc,,
2880,1497,filterLoc,,
2880,1500,filterLoc,,
2880,1503,filterLoc,,
2880,1506,filterLoc,,
2880,1509,filterLoc,,
2880,716,filterLoc,out,Evacuee 15 in triage category G is assigned helicopter 1
2880,716,filterLoc,,
2880,717,evacuee,,Evacuee;15;in triage state;G;is entering helicopter;1
2880,764,filterLoc,out,Evacuee 5 in triage category G is assigned helicopter 1
2880,764,filterLoc,,
2880,765,evacuee,,Evacuee;5;in triage state;G;is entering helicopter;1
2880,848,filterLoc,out,Evacuee 8 in triage category G is assigned helicopter 1
2880,848,filterLoc,,
2880,849,evacuee,,Evacuee;8;in triage state;G;is entering helicopter;1
2880,851,filterLoc,out,Evacuee 3 in triage category G is assigned helicopter 1
2880,851,filterLoc,,
2880,852,evacuee,,Evacuee;3;in triage state;G;is entering helicopter;1
2880,926,filterLoc,out,Evacuee 31 in triage category G is assigned helicopter 1
2880,926,filterLoc,,
2880,927,evacuee,,Evacuee;31;in triage state;G;is entering helicopter;1
2880,929,filterLoc,out,Evacuee 38 in triage category G is assigned helicopter 1
2880,929,filterLoc,,
2880,930,evacuee,,Evacuee;38;in triage state;G;is entering helicopter;1
2880,989,filterLoc,out,Evacuee 21 in triage category G is assigned helicopter 1
2880,989,filterLoc,,
2880,990,evacuee,,Evacuee;21;in triage state;G;is entering helicopter;1
2880,1052,filterLoc,out,Evacuee 36 in triage category G is assigned helicopter 1
2880,1052,filterLoc,,
2880,1053,evacuee,,Evacuee;36;in triage state;G;is entering helicopter;1
2880,1070,filterLoc,out,Evacuee 30 in triage category G is assigned helicopter 1
2880,1070,filterLoc,,
2880,1071,evacuee,,Evacuee;30;in triage state;G;is entering helicopter;1
2880,1416,filterLoc,out,Evacuee 12 in triage category G is assigned helicopter 1
2880,1416,filterLoc,,
2880,1417,evacuee,,Evacuee;12;in triage state;G;is entering helicopter;1
2880,717,evacuee,outHelo,Evacuee 15 in triage category G is assigned helicopter 1
2880,717,evacuee,,Evacuee;15;in triage state;G;is in helicopter;1
2880,765,evacuee,outHelo,Evacuee 5 in triage category G is assigned helicopter 1
2880,765,evacuee,,Evacuee;5;in triage state;G;is in helicopter;1
2880,849,evacuee,outHelo,Evacuee 8 in triage category G is assigned helicopter 1
2880,849,evacuee,,Evacuee;8;in triage state;G;is in helicopter;1
2880,852,evacuee,outHelo,Evacuee 3 in triage category G is assigned helicopter 1
2880,852,evacuee,,Evacuee;3;in triage state;G;is in helicopter;1
2880,927,evacuee,outHelo,Evacuee 31 in triage category G is assigned helicopter 1
2880,927,evacuee,,Evacuee;31;in triage state;G;is in helicopter;1
2880,930,evacuee,outHelo,Evacuee 38 in triage category G is assigned helicopter 1
2880,930,evacuee,,Evacuee;38;in triage state;G;is in helicopter;1
2880,990,evacuee,outHelo,Evacuee 21 in triage category G is assigned helicopter 1
2880,990,evacuee,,Evacuee;21;in triage state;G;is in helicopter;1
2880,1053,evacuee,outHelo,Evacuee 36 in triage category G is assigned helicopter 1
2880,1053,evacuee,,Evacuee;36;in triage state;G;is in helicopter;1
2880,1071,evacuee,outHelo,Evacuee 30 in triage category G is assigned helicopter 1
2880,1071,evacuee,,Evacuee;30;in triage state;G;is in helicopter;1
2880,1151,filterEvac,,;Evacuee;3;in triage category;G;is entering helicopter;1;Evacuee;5;in triage category;G;is entering helicopter;1;Evacuee;8;in triage category;G;is entering helicopter;1;Evacuee;12;in triage category;G;is entering helicopter;1;Evacuee;15;in triage category;G;is entering helicopter;1;Evacuee;21;in triage category;G;is entering helicopter;1;Evacuee;30;in triage category;G;is entering helicopter;1;Evacuee;31;in triage category;G;is entering helicopter;1;Evacuee;36;in triage category;G;is entering helicopter;1;Evacuee;38;in triage category;G;is entering helicopter;1
2880,1417,evacuee,outHelo,Evacuee 12 in triage category G is assigned helicopter 1
2880,1417,evacuee,,Evacuee;12;in triage state;G;is in helicopter;1
2880,1151,filterEvac,out,Evacuee 3 in triage category G is assigned helicopter 1
2880,1151,filterEvac,out,Evacuee 5 in triage category G is assigned helicopter 1
2880,1151,filterEvac,out,Evacuee 8 in triage category G is assigned helicopter 1
2880,1151,filterEvac,out,Evacuee 12 in triage category G is assigned helicopter 1
2880,1151,filterEvac,out,Evacuee 15 in triage category G is assigned helicopter 1
2880,1151,filterEvac,out,Evacuee 21 in triage category G is assigned helicopter 1
2880,1151,filterEvac,out,Evacuee 30 in triage category G is assigned helicopter 1
2880,1151,filterEvac,out,Evacuee 31 in triage category G is assigned helicopter 1
2880,1151,filterEvac,out,Evacuee 36 in triage category G is assigned helicopter 1
2880,1151,filterEvac,out,Evacuee 38 in triage category G is assigned helicopter 1
2880,1151,filterEvac,,
2880,1153,helicopter,,Helicopter;1;is loading people at the evacuation site;;and has;10;spots taken
2880.92,3,evacueeManager,,OFF SHIP: White;0;Green;165;Yellow;33;Red;4;Black;288;ON SHIP: White;0;Green;0;Yellow;0;Red;0;Evacuees to Transfer;
2880.92,77,evacuee,outES,Evacuee 456 in triage category G is not assigned a helicopter
2880.92,77,evacuee,,Evacuee;456;in triage state;Y;is at the evacuation site
2889.15,3,evacueeManager,,OFF SHIP: White;0;Green;164;Yellow;34;Red;4;Black;288;ON SHIP: White;0;Green;0;Yellow;0;Red;0;Evacuees to Transfer;
2889.15,417,evacuee,outES,Evacuee 315 in triage category G is not assigned a helicopter
2889.15,417,evacuee,,Evacuee;315;in triage state;Y;is at the evacuation site
2890.31,3,evacueeManager,,OFF SHIP: White;0;Green;164;Yellow;34;Red;3;Black;289;ON SHIP: White;0;Green;0;Yellow;0;Red;0;Evacuees to Transfer;
2890.31,32,evacuee,outES,Evacuee 482 in triage category R is not assigned a helicopter
2890.31,32,evacuee,,Evacuee;482;in triage state;B;is at the evacuation site
2895,4,helipadManager,outHelo,Helicopter 1 is evacuating people1
2895,4,helipadManager,,;No helos are at ES
2895,1152,filterES,,Helicopter;1;is evacuating people
2895,4,helipadManager,outHQ,0
2895,4,helipadManager,,;No helos are at ES
2895,5,helicopterQueue,,;No helos are waiting to land
2895,1152,filterES,out,Helicopter 1 is evacuating people1
2895,1152,filterES,,
2895,1153,helicopter,,Helicopter;1;is loading people at the evacuation site;;and has;10;spots taken
2895,5,helicopterQueue,,;No helos are waiting to land
2895,1153,helicopter,,Helicopter;1;is returning to the FOL;;and has;10;spots taken
2900.7,3,evacueeManager,,OFF SHIP: White;0;Green;164;Yellow;33;Red;4;Black;289;ON SHIP: White;0;Green;0;Yellow;0;Red;0;Evacuees to Transfer;
2900.7,834,evacuee,outES,Evacuee 453 in triage category Y is not assigned a helicopter
2900.7,834,evacuee,,Evacuee;453;in triage state;R;is at the evacuation site
2907.86,3,evacueeManager,,OFF SHIP: White;0;Green;164;Yellow;32;Red;5;Black;289;ON SHIP: White;0;Green;0;Yellow;0;Red;0;Evacuees to Transfer;
2907.86,1261,evacuee,outES,Evacuee 242 in triage category Y is not assigned a helicopter
2907.86,1261,evacuee,,Evacuee;242;in triage state;R;is at the evacuation site
2920.5,3,evacueeManager,,OFF SHIP: White;0;Green;163;Yellow;33;Red;5;Black;289;ON SHIP: White;0;Green;0;Yellow;0;Red;0;Evacuees to Transfer;
2920.5,693,evacuee,outES,Evacuee 251 in triage category G is not assigned a helicopter
2920.5,693,evacuee,,Evacuee;251;in triage state;Y;is at the evacuation site
2924.3,3,evacueeManager,,OFF SHIP: White;0;Green;162;Yellow;34;Red;5;Black;289;ON SHIP: White;0;Green;0;Yellow;0;Red;0;Evacuees to Transfer;
2924.3,1119,evacuee,outES,Evacuee 63 in triage category G is not assigned a helicopter
2924.3,1119,evacuee,,Evacuee;63;in triage state;Y;is at the evacuation site
2924.83,3,evacueeManager,,OFF SHIP: White;0;Green;162;Yellow;33;Red;6;Black;289;ON SHIP: White;0;Green;0;Yellow;0;Red;0;Evacuees to Transfer;
2924.83,1183,evacuee,outES,Evacuee 131 in triage category Y is not assigned a helicopter
2924.83,1183,evacuee,,Evacuee;131;in triage state;R;is at the evacuation site
2925.51,3,evacueeManager,,OFF SHIP: White;0;Green;161;Yellow;34;Red;6;Black;289;ON SHIP: White;0;Green;0;Yellow;0;Red;0;Evacuees to Transfer;
2925.51,906,evacuee,outES,Evacuee 157 in triage category G is not assigned a helicopter
2925.51,906,evacuee,,Evacuee;157;in triage state;Y;is at the evacuation site
2925.81,3,evacueeManager,,OFF SHIP: White;0;Green;160;Yellow;35;Red;6;Black;289;ON SHIP: White;0;Green;0;Yellow;0;Red;0;Evacuees to Transfer;
2925.81,149,evacuee,outES,Evacuee 401 in triage category G is not assigned a helicopter
2925.81,149,evacuee,,Evacuee;401;in triage state;Y;is at the evacuation site
2947.28,3,evacueeManager,,OFF SHIP: White;0;Green;160;Yellow;35;Red;5;Black;290;ON SHIP: White;0;Green;0;Yellow;0;Red;0;Evacuees to Transfer;
2947.28,1330,evacuee,outES,Evacuee 217 in triage category R is not assigned a helicopter
2947.28,1330,evacuee,,Evacuee;217;in triage state;B;is at the evacuation site
2951.89,3,evacueeManager,,OFF SHIP: White;0;Green;160;Yellow;35;Red;4;Black;291;ON SHIP: White;0;Green;0;Yellow;0;Red;0;Evacuees to Transfer;
2951.89,140,evacuee,outES,Evacuee 406 in triage category R is not assigned a helicopter
2951.89,140,evacuee,,Evacuee;406;in triage state;B;is at the evacuation site
2968.64,3,evacueeManager,,OFF SHIP: White;0;Green;159;Yellow;36;Red;4;Black;291;ON SHIP: White;0;Green;0;Yellow;0;Red;0;Evacuees to Transfer;
2968.64,1408,evacuee,outES,Evacuee 211 in triage category G is not assigned a helicopter
2968.64,1408,evacuee,,Evacuee;211;in triage state;Y;is at the evacuation site
2969.17,3,evacueeManager,,OFF SHIP: White;0;Green;159;Yellow;36;Red;3;Black;292;ON SHIP: White;0;Green;0;Yellow;0;Red;0;Evacuees to Transfer;
2969.17,1261,evacuee,outES,Evacuee 242 in triage category R is not assigned a helicopter
2969.17,1261,evacuee,,Evacuee;242;in triage state;B;is at the evacuation site
2970,7,filterLoc,,
2970,10,filterLoc,,
2970,13,filterLoc,,
2970,16,filterLoc,,
2970,19,filterLoc,,
2970,22,filterLoc,,
2970,25,filterLoc,,
2970,28,filterLoc,,
2970,31,filterLoc,,
2970,34,filterLoc,,
2970,37,filterLoc,,
2970,40,filterLoc,,
2970,43,filterLoc,,
2970,46,filterLoc,,
2970,49,filterLoc,,
2970,52,filterLoc,,
2970,55,filterLoc,,
2970,58,filterLoc,,
2970,61,filterLoc,,
2970,64,filterLoc,,
2970,67,filterLoc,,
2970,70,filterLoc,,
2970,73,filterLoc,,
2970,76,filterLoc,,
2970,79,filterLoc,,
2970,82,filterLoc,,
2970,85,filterLoc,,
2970,88,filterLoc,,
2970,91,filterLoc,,
2970,94,filterLoc,,
2970,97,filterLoc,,
2970,100,filterLoc,,
2970,103,filterLoc,,
2970,106,filterLoc,,
2970,109,filterLoc,,
2970,112,filterLoc,,
2970,115,filterLoc,,
2970,118,filterLoc,,
2970,121,filterLoc,,
2970,124,filterLoc,,
2970,127,filterLoc,,
2970,130,filterLoc,,
2970,133,filterLoc,,
2970,136,filterLoc,,
2970,139,filterLoc,,
2970,142,filterLoc,,
2970,145,filterLoc,,
2970,148,filterLoc,,
2970,151,filterLoc,,
2970,154,filterLoc,,
2970,157,filterLoc,,
2970,160,filterLoc,,
2970,163,filterLoc,,
2970,166,filterLoc,,
2970,169,filterLoc,,
2970,172,filterLoc,,
2970,175,filterLoc,,
2970,178,filterLoc,,
2970,181,filterLoc,,
2970,184,filterLoc,,
2970,187,filterLoc,,
2970,190,filterLoc,,
2970,193,filterLoc,,
2970,196,filterLoc,,
2970,199,filterLoc,,
2970,202,filterLoc,,
2970,205,filterLoc,,
2970,208,filterLoc,,
2970,211,filterLoc,,
2970,214,filterLoc,,
2970,217,filterLoc,,
2970,221,filterLoc,,
2970,224,filterLoc,,
2970,227,filterLoc,,
2970,230,filterLoc,,
2970,233,filterLoc,,
2970,236,filterLoc,,
2970,239,filterLoc,,
2970,242,filterLoc,,
2970,245,filterLoc,,
2970,248,filterLoc,,
2970,251,filterLoc,,
2970,254,filterLoc,,
2970,257,filterLoc,,
2970,260,filterLoc,,
2970,263,filterLoc,,
2970,266,filterLoc,,
2970,269,filterLoc,,
2970,272,filterLoc,,
2970,275,filterLoc,,
2970,278,filterLoc,,
2970,281,filterLoc,,
2970,284,filterLoc,,
2970,287,filterLoc,,
2970,290,filterLoc,,
2970,293,filterLoc,,
2970,296,filterLoc,,
2970,299,filterLoc,,
2970,302,filterLoc,,
2970,305,filterLoc,,
2970,308,filterLoc,,
2970,311,filterLoc,,
2970,314,filterLoc,,
2970,317,filterLoc,,
2970,320,filterLoc,,
2970,323,filterLoc,,
2970,326,filterLoc,,
2970,329,filterLoc,,
2970,332,filterLoc,,
2970,335,filterLoc,,
2970,338,filterLoc,,
2970,341,filterLoc,,
2970,344,filterLoc,,
2970,347,filterLoc,,
2970,350,filterLoc,,
2970,353,filterLoc,,
2970,356,filterLoc,,
2970,359,filterLoc,,
2970,362,filterLoc,,
2970,365,filterLoc,,
2970,368,filterLoc,,
2970,371,filterLoc,,
2970,374,filterLoc,,
2970,377,filterLoc,,
2970,380,filterLoc,,
2970,383,filterLoc,,
2970,386,filterLoc,,
2970,389,filterLoc,,
2970,392,filterLoc,,
2970,395,filterLoc,,
2970,398,filterLoc,,
2970,401,filterLoc,,
2970,404,filterLoc,,
2970,407,filterLoc,,
2970,410,filterLoc,,
2970,413,filterLoc,,
2970,416,filterLoc,,
2970,419,filterLoc,,
2970,422,filterLoc,,
2970,425,filterLoc,,
2970,428,filterLoc,,
2970,431,filterLoc,,
2970,434,filterLoc,,
2970,437,filterLoc,,
2970,440,filterLoc,,
2970,443,filterLoc,,
2970,446,filterLoc,,
2970,449,filterLoc,,
2970,452,filterLoc,,
2970,455,filterLoc,,
2970,458,filterLoc,,
2970,461,filterLoc,,
2970,464,filterLoc,,
2970,467,filterLoc,,
2970,470,filterLoc,,
2970,473,filterLoc,,
2970,476,filterLoc,,
2970,479,filterLoc,,
2970,482,filterLoc,,
2970,485,filterLoc,,
2970,488,filterLoc,,
2970,491,filterLoc,,
2970,494,filterLoc,,
2970,497,filterLoc,,
2970,500,filterLoc,,
2970,503,filterLoc,,
2970,506,filterLoc,,
2970,509,filterLoc,,
2970,512,filterLoc,,
2970,515,filterLoc,,
2970,518,filterLoc,,
2970,521,filterLoc,,
2970,524,filterLoc,,
2970,527,filterLoc,,
2970,530,filterLoc,,
2970,533,filterLoc,,
2970,536,filterLoc,,
2970,539,filterLoc,,
2970,542,filterLoc,,
2970,545,filterLoc,,
2970,548,filterLoc,,
2970,551,filterLoc,,
2970,554,filterLoc,,
2970,557,filterLoc,,
2970,560,filterLoc,,
2970,563,filterLoc,,
2970,566,filterLoc,,
2970,569,filterLoc,,
2970,572,filterLoc,,
2970,575,filterLoc,,
2970,578,filterLoc,,
2970,581,filterLoc,,
2970,584,filterLoc,,
2970,587,filterLoc,,
2970,590,filterLoc,,
2970,593,filterLoc,,
2970,596,filterLoc,,
2970,599,filterLoc,,
2970,602,filterLoc,,
2970,605,filterLoc,,
2970,608,filterLoc,,
2970,611,filterLoc,,
2970,614,filterLoc,,
2970,617,filterLoc,,
2970,620,filterLoc,,
2970,623,filterLoc,,
2970,626,filterLoc,,
2970,629,filterLoc,,
2970,632,filterLoc,,
2970,635,filterLoc,,
2970,638,filterLoc,,
2970,641,filterLoc,,
2970,644,filterLoc,,
2970,647,filterLoc,,
2970,650,filterLoc,,
2970,653,filterLoc,,
2970,656,filterLoc,,
2970,659,filterLoc,,
2970,662,filterLoc,,
2970,665,filterLoc,,
2970,668,filterLoc,,
2970,671,filterLoc,,
2970,674,filterLoc,,
2970,677,filterLoc,,
2970,680,filterLoc,,
2970,683,filterLoc,,
2970,686,filterLoc,,
2970,689,filterLoc,,
2970,692,filterLoc,,
2970,695,filterLoc,,
2970,698,filterLoc,,
2970,701,filterLoc,,
2970,704,filterLoc,,
2970,707,filterLoc,,
2970,710,filterLoc,,
2970,713,filterLoc,,
2970,716,filterLoc,,;Evacuee;15;in triage category;G;is leaving helicopter;1
2970,719,filterLoc,,
2970,722,filterLoc,,
2970,725,filterLoc,,
2970,728,filterLoc,,
2970,731,filterLoc,,
2970,734,filterLoc,,
2970,737,filterLoc,,
2970,740,filterLoc,,
2970,743,filterLoc,,
2970,746,filterLoc,,
2970,749,filterLoc,,
2970,752,filterLoc,,
2970,755,filterLoc,,
2970,758,filterLoc,,
2970,761,filterLoc,,
2970,764,filterLoc,,;Evacuee;5;in triage category;G;is leaving helicopter;1
2970,767,filterLoc,,
2970,770,filterLoc,,
2970,773,filterLoc,,
2970,776,filterLoc,,
2970,779,filterLoc,,
2970,782,filterLoc,,
2970,785,filterLoc,,
2970,788,filterLoc,,
2970,791,filterLoc,,
2970,794,filterLoc,,
2970,797,filterLoc,,
2970,800,filterLoc,,
2970,803,filterLoc,,
2970,806,filterLoc,,
2970,809,filterLoc,,
2970,812,filterLoc,,
2970,815,filterLoc,,
2970,818,filterLoc,,
2970,821,filterLoc,,
2970,824,filterLoc,,
2970,827,filterLoc,,
2970,830,filterLoc,,
2970,833,filterLoc,,
2970,836,filterLoc,,
2970,839,filterLoc,,
2970,842,filterLoc,,
2970,845,filterLoc,,
2970,848,filterLoc,,;Evacuee;8;in triage category;G;is leaving helicopter;1
2970,851,filterLoc,,;Evacuee;3;in triage category;G;is leaving helicopter;1
2970,854,filterLoc,,
2970,857,filterLoc,,
2970,860,filterLoc,,
2970,863,filterLoc,,
2970,866,filterLoc,,
2970,869,filterLoc,,
2970,872,filterLoc,,
2970,875,filterLoc,,
2970,878,filterLoc,,
2970,881,filterLoc,,
2970,884,filterLoc,,
2970,887,filterLoc,,
2970,890,filterLoc,,
2970,893,filterLoc,,
2970,896,filterLoc,,
2970,899,filterLoc,,
2970,902,filterLoc,,
2970,905,filterLoc,,
2970,908,filterLoc,,
2970,911,filterLoc,,
2970,914,filterLoc,,
2970,917,filterLoc,,
2970,920,filterLoc,,
2970,923,filterLoc,,
2970,926,filterLoc,,;Evacuee;31;in triage category;G;is leaving helicopter;1
2970,929,filterLoc,,;Evacuee;38;in triage category;G;is leaving helicopter;1
2970,932,filterLoc,,
2970,935,filterLoc,,
2970,938,filterLoc,,
2970,941,filterLoc,,
2970,944,filterLoc,,
2970,947,filterLoc,,
2970,950,filterLoc,,
2970,953,filterLoc,,
2970,956,filterLoc,,
2970,959,filterLoc,,
2970,962,filterLoc,,
2970,965,filterLoc,,
2970,968,filterLoc,,
2970,971,filterLoc,,
2970,974,filterLoc,,
2970,977,filterLoc,,
2970,980,filterLoc,,
2970,983,filterLoc,,
2970,986,filterLoc,,
2970,989,filterLoc,,;Evacuee;21;in triage category;G;is leaving helicopter;1
2970,992,filterLoc,,
2970,995,filterLoc,,
2970,998,filterLoc,,
2970,1001,filterLoc,,
2970,1004,filterLoc,,
2970,1007,filterLoc,,
2970,1010,filterLoc,,
2970,1013,filterLoc,,
2970,1016,filterLoc,,
2970,1019,filterLoc,,
2970,1022,filterLoc,,
2970,1025,filterLoc,,
2970,1028,filterLoc,,
2970,1031,filterLoc,,
2970,1034,filterLoc,,
2970,1037,filterLoc,,
2970,1040,filterLoc,,
2970,1043,filterLoc,,
2970,1046,filterLoc,,
2970,1049,filterLoc,,
2970,1052,filterLoc,,;Evacuee;36;in triage category;G;is leaving helicopter;1
2970,1055,filterLoc,,
2970,1058,filterLoc,,
2970,1061,filterLoc,,
2970,1064,filterLoc,,
2970,1067,filterLoc,,
2970,1070,filterLoc,,;Evacuee;30;in triage category;G;is leaving helicopter;1
2970,1073,filterLoc,,
2970,1076,filterLoc,,
2970,1079,filterLoc,,
2970,1082,filterLoc,,
2970,1085,filterLoc,,
2970,1088,filterLoc,,
2970,1091,filterLoc,,
2970,1094,filterLoc,,
2970,1097,filterLoc,,
2970,1100,filterLoc,,
2970,1103,filterLoc,,
2970,1106,filterLoc,,
2970,1109,filterLoc,,
2970,1112,filterLoc,,
2970,1115,filterLoc,,
2970,1118,filterLoc,,
2970,1121,filterLoc,,
2970,1124,filterLoc,,
2970,1127,filterLoc,,
2970,1130,filterLoc,,
2970,1133,filterLoc,,
2970,1136,filterLoc,,
2970,1139,filterLoc,,
2970,1142,filterLoc,,
2970,1145,filterLoc,,
2970,1148,filterLoc,,
2970,1153,helicopter,outEvac,Evacuee 3 in triage category G is not assigned a helicopter
2970,1153,helicopter,outEvac,Evacuee 5 in triage category G is not assigned a helicopter
2970,1153,helicopter,outEvac,Evacuee 8 in triage category G is not assigned a helicopter
2970,1153,helicopter,outEvac,Evacuee 12 in triage category G is not assigned a helicopter
2970,1153,helicopter,outEvac,Evacuee 15 in triage category G is not assigned a helicopter
2970,1153,helicopter,outEvac,Evacuee 21 in triage category G is not assigned a helicopter
2970,1153,helicopter,outEvac,Evacuee 30 in triage category G is not assigned a helicopter
2970,1153,helicopter,outEvac,Evacuee 31 in triage category G is not assigned a helicopter
2970,1153,helicopter,outEvac,Evacuee 36 in triage category G is not assigned a helicopter
2970,1153,helicopter,outEvac,Evacuee 38 in triage category G is not assigned a helicopter
2970,1153,helicopter,,Helicopter;1;is unloading people at the FOL;;and has;0;spots taken
2970,1155,filterLoc,,
2970,1158,filterLoc,,
2970,1161,filterLoc,,
2970,1164,filterLoc,,
2970,1167,filterLoc,,
2970,1170,filterLoc,,
2970,1173,filterLoc,,
2970,1176,filterLoc,,
2970,1179,filterLoc,,
2970,1182,filterLoc,,
2970,1185,filterLoc,,
2970,1188,filterLoc,,
2970,1191,filterLoc,,
2970,1194,filterLoc,,
2970,1197,filterLoc,,
2970,1200,filterLoc,,
2970,1203,filterLoc,,
2970,1206,filterLoc,,
2970,1209,filterLoc,,
2970,1212,filterLoc,,
2970,1215,filterLoc,,
2970,1218,filterLoc,,
2970,1221,filterLoc,,
2970,1224,filterLoc,,
2970,1227,filterLoc,,
2970,1230,filterLoc,,
2970,1233,filterLoc,,
2970,1236,filterLoc,,
2970,1239,filterLoc,,
2970,1242,filterLoc,,
2970,1245,filterLoc,,
2970,1248,filterLoc,,
2970,1251,filterLoc,,
2970,1254,filterLoc,,
2970,1257,filterLoc,,
2970,1260,filterLoc,,
2970,1263,filterLoc,,
2970,1266,filterLoc,,
2970,1269,filterLoc,,
2970,1272,filterLoc,,
2970,1275,filterLoc,,
2970,1278,filterLoc,,
2970,1281,filterLoc,,
2970,1284,filterLoc,,
2970,1287,filterLoc,,
2970,1290,filterLoc,,
2970,1293,filterLoc,,
2970,1296,filterLoc,,
2970,1299,filterLoc,,
2970,1302,filterLoc,,
2970,1305,filterLoc,,
2970,1308,filterLoc,,
2970,1311,filterLoc,,
2970,1314,filterLoc,,
2970,1317,filterLoc,,
2970,1320,filterLoc,,
2970,1323,filterLoc,,
2970,1326,filterLoc,,
2970,1329,filterLoc,,
2970,1332,filterLoc,,
2970,1335,filterLoc,,
2970,1338,filterLoc,,
2970,1341,filterLoc,,
2970,1344,filterLoc,,
2970,1347,filterLoc,,
2970,1350,filterLoc,,
2970,1353,filterLoc,,
2970,1356,filterLoc,,
2970,1359,filterLoc,,
2970,1362,filterLoc,,
2970,1365,filterLoc,,
2970,1368,filterLoc,,
2970,1371,filterLoc,,
2970,1374,filterLoc,,
2970,1377,filterLoc,,
2970,1380,filterLoc,,
2970,1383,filterLoc,,
2970,1386,filterLoc,,
2970,1389,filterLoc,,
2970,1392,filterLoc,,
2970,1395,filterLoc,,
2970,1398,filterLoc,,
2970,1401,filterLoc,,
2970,1404,filterLoc,,
2970,1407,filterLoc,,
2970,1410,filterLoc,,
2970,1413,filterLoc,,
2970,1416,filterLoc,,;Evacuee;12;in triage category;G;is leaving helicopter;1
2970,1419,filterLoc,,
2970,1422,filterLoc,,
2970,1425,filterLoc,,
2970,1428,filterLoc,,
2970,1431,filterLoc,,
2970,1434,filterLoc,,
2970,1437,filterLoc,,
2970,1440,filterLoc,,
2970,1443,filterLoc,,
2970,1446,filterLoc,,
2970,1449,filterLoc,,
2970,1452,filterLoc,,
2970,1455,filterLoc,,
2970,1458,filterLoc,,
2970,1461,filterLoc,,
2970,1464,filterLoc,,
2970,1467,filterLoc,,
2970,1470,filterLoc,,
2970,1473,filterLoc,,
2970,1476,filterLoc,,
2970,1479,filterLoc,,
2970,1482,filterLoc,,
2970,1485,filterLoc,,
2970,1488,filterLoc,,
2970,1491,filterLoc,,
2970,1494,filterLoc,,
2970,1497,filterLoc,,
2970,1500,filterLoc,,
2970,1503,filterLoc,,
2970,1506,filterLoc,,
2970,1509,filterLoc,,
2970,716,filterLoc,out,Evacuee 15 in triage category G is not assigned a helicopter
2970,716,filterLoc,,
2970,717,evacuee,,Evacuee;15;in triage state;G;is entering the FOL
2970,764,filterLoc,out,Evacuee 5 in triage category G is not assigned a helicopter
2970,764,filterLoc,,
2970,765,evacuee,,Evacuee;5;in triage state;G;is entering the FOL
2970,848,filterLoc,out,Evacuee 8 in triage category G is not assigned a helicopter
2970,848,filterLoc,,
2970,849,evacuee,,Evacuee;8;in triage state;G;is entering the FOL
2970,851,filterLoc,out,Evacuee 3 in triage category G is not assigned a helicopter
2970,851,filterLoc,,
2970,852,evacuee,,Evacuee;3;in triage state;G;is entering the FOL
2970,926,filterLoc,out,Evacuee 31 in triage category G is not assigned a helicopter
2970,926,filterLoc,,
2970,927,evacuee,,Evacuee;31;in triage state;G;is entering the FOL
2970,929,filterLoc,out,Evacuee 38 in triage category G is not assigned a helicopter
2970,929,filterLoc,,
2970,930,evacuee,,Evacuee;38;in triage state;G;is entering the FOL
2970,989,filterLoc,out,Evacuee 21 in triage category G is not assigned a helicopter
2970,989,filterLoc,,
2970,990,evacuee,,Evacuee;21;in triage state;G;is entering the FOL
2970,1052,filterLoc,out,Evacuee 36 in triage category G is not assigned a helicopter
2970,1052,filterLoc,,
2970,1053,evacuee,,Evacuee;36;in triage state;G;is entering the FOL
2970,1070,filterLoc,out,Evacuee 30 in triage category G is not assigned a helicopter
2970,1070,filterLoc,,
2970,1071,evacuee,,Evacuee;30;in triage state;G;is entering the FOL
2970,1416,filterLoc,out,Evacuee 12 in triage category G is not assigned a helicopter
2970,1416,filterLoc,,
2970,1417,evacuee,,Evacuee;12;in triage state;G;is entering the FOL
2970,219,FOL,,;EvacueeID;3;Triage Status;G;EvacueeID;5;Triage Status;G;EvacueeID;8;Triage Status;G;EvacueeID;12;Triage Status;G;EvacueeID;15;Triage Status;G;EvacueeID;21;Triage Status;G;EvacueeID;30;Triage Status;G;EvacueeID;31;Triage Status;G;EvacueeID;36;Triage Status;G;EvacueeID;38;Triage Status;G;Lives Saved;10
2970,717,evacuee,outFOL,Evacuee 15 in triage category G is not assigned a helicopter
2970,717,evacuee,,Evacuee;15;in triage state;G;is at the FOL
2970,765,evacuee,outFOL,Evacuee 5 in triage category G is not assigned a helicopter
2970,765,evacuee,,Evacuee;5;in triage state;G;is at the FOL
2970,849,evacuee,outFOL,Evacuee 8 in triage category G is not assigned a helicopter
2970,849,evacuee,,Evacuee;8;in triage state;G;is at the FOL
2970,852,evacuee,outFOL,Evacuee 3 in triage category G is not assigned a helicopter
2970,852,evacuee,,Evacuee;3;in triage state;G;is at the FOL
2970,927,evacuee,outFOL,Evacuee 31 in triage category G is not assigned a helicopter
2970,927,evacuee,,Evacuee;31;in triage state;G;is at the FOL
2970,930,evacuee,outFOL,Evacuee 38 in triage category G is not assigned a helicopter
2970,930,evacuee,,Evacuee;38;in triage state;G;is at the FOL
2970,990,evacuee,outFOL,Evacuee 21 in triage category G is not assigned a helicopter
2970,990,evacuee,,Evacuee;21;in triage state;G;is at the FOL
2970,1053,evacuee,outFOL,Evacuee 36 in triage category G is not assigned a helicopter
2970,1053,evacuee,,Evacuee;36;in triage state;G;is at the FOL
2970,1071,evacuee,outFOL,Evacuee 30 in triage category G is not assigned a helicopter
2970,1071,evacuee,,Evacuee;30;in triage state;G;is at the FOL
2970,1417,evacuee,outFOL,Evacuee 12 in triage category G is not assigned a helicopter
2970,1417,evacuee,,Evacuee;12;in triage state;G;is at the FOL
2970,219,FOL,,;EvacueeID;3;Triage Status;G;EvacueeID;5;Triage Status;G;EvacueeID;8;Triage Status;G;EvacueeID;12;Triage Status;G;EvacueeID;15;Triage Status;G;EvacueeID;21;Triage Status;G;EvacueeID;30;Triage Status;G;EvacueeID;31;Triage Status;G;EvacueeID;36;Triage Status;G;EvacueeID;38;Triage Status;G;Lives Saved;10
2974.76,3,evacueeManager,,OFF SHIP: White;0;Green;159;Yellow;35;Red;4;Black;292;ON SHIP: White;0;Green;0;Yellow;0;Red;0;Evacuees to Transfer;
2974.76,1477,evacuee,outES,Evacuee 243 in triage category Y is not assigned a helicopter
2974.76,1477,evacuee,,Evacuee;243;in triage state;R;is at the evacuation site
2978.21,3,evacueeManager,,OFF SHIP: White;0;Green;158;Yellow;36;Red;4;Black;292;ON SHIP: White;0;Green;0;Yellow;0;Red;0;Evacuees to Transfer;
2978.21,489,evacuee,outES,Evacuee 245 in triage category G is not assigned a helicopter
2978.21,489,evacuee,,Evacuee;245;in triage state;Y;is at the evacuation site
2980.4,3,evacueeManager,,OFF SHIP: White;0;Green;158;Yellow;35;Red;5;Black;292;ON SHIP: White;0;Green;0;Yellow;0;Red;0;Evacuees to Transfer;
2980.4,1119,evacuee,outES,Evacuee 63 in triage category Y is not assigned a helicopter
2980.4,1119,evacuee,,Evacuee;63;in triage state;R;is at the evacuation site
2985,1153,helicopter,,Helicopter;1;Is going to the evacuation site;;and has;0;spots taken
2990.15,3,evacueeManager,,OFF SHIP: White;0;Green;157;Yellow;36;Red;5;Black;292;ON SHIP: White;0;Green;0;Yellow;0;Red;0;Evacuees to Transfer;
2990.15,978,evacuee,outES,Evacuee 304 in triage category G is not assigned a helicopter
2990.15,978,evacuee,,Evacuee;304;in triage state;Y;is at the evacuation site
2998.6,3,evacueeManager,,OFF SHIP: White;0;Green;157;Yellow;35;Red;6;Black;292;ON SHIP: White;0;Green;0;Yellow;0;Red;0;Evacuees to Transfer;
2998.6,282,evacuee,outES,Evacuee 330 in triage category Y is not assigned a helicopter
2998.6,282,evacuee,,Evacuee;330;in triage state;R;is at the evacuation site
3002.13,3,evacueeManager,,OFF SHIP: White;0;Green;156;Yellow;36;Red;6;Black;292;ON SHIP: White;0;Green;0;Yellow;0;Red;0;Evacuees to Transfer;
3002.13,1480,evacuee,outES,Evacuee 96 in triage category G is not assigned a helicopter
3002.13,1480,evacuee,,Evacuee;96;in triage state;Y;is at the evacuation site
3011.21,3,evacueeManager,,OFF SHIP: White;0;Green;156;Yellow;35;Red;7;Black;292;ON SHIP: White;0;Green;0;Yellow;0;Red;0;Evacuees to Transfer;
3011.21,489,evacuee,outES,Evacuee 245 in triage category Y is not assigned a helicopter
3011.21,489,evacuee,,Evacuee;245;in triage state;R;is at the evacuation site
3011.3,3,evacueeManager,,OFF SHIP: White;0;Green;156;Yellow;34;Red;8;Black;292;ON SHIP: White;0;Green;0;Yellow;0;Red;0;Evacuees to Transfer;
3011.3,756,evacuee,outES,Evacuee 25 in triage category Y is not assigned a helicopter
3011.3,756,evacuee,,Evacuee;25;in triage state;R;is at the evacuation site
3016.82,3,evacueeManager,,OFF SHIP: White;0;Green;156;Yellow;34;Red;7;Black;293;ON SHIP: White;0;Green;0;Yellow;0;Red;0;Evacuees to Transfer;
3016.82,282,evacuee,outES,Evacuee 330 in triage category R is not assigned a helicopter
3016.82,282,evacuee,,Evacuee;330;in triage state;B;is at the evacuation site
3019.2,3,evacueeManager,,OFF SHIP: White;0;Green;156;Yellow;33;Red;8;Black;293;ON SHIP: White;0;Green;0;Yellow;0;Red;0;Evacuees to Transfer;
3019.2,972,evacuee,outES,Evacuee 52 in triage category Y is not assigned a helicopter
3019.2,972,evacuee,,Evacuee;52;in triage state;R;is at the evacuation site
3026.62,3,evacueeManager,,OFF SHIP: White;0;Green;156;Yellow;32;Red;9;Black;293;ON SHIP: White;0;Green;0;Yellow;0;Red;0;Evacuees to Transfer;
3026.62,77,evacuee,outES,Evacuee 456 in triage category Y is not assigned a helicopter
3026.62,77,evacuee,,Evacuee;456;in triage state;R;is at the evacuation site
3031.06,3,evacueeManager,,OFF SHIP: White;0;Green;156;Yellow;32;Red;8;Black;294;ON SHIP: White;0;Green;0;Yellow;0;Red;0;Evacuees to Transfer;
3031.06,489,evacuee,outES,Evacuee 245 in triage category R is not assigned a helicopter
3031.06,489,evacuee,,Evacuee;245;in triage state;B;is at the evacuation site
3035.27,3,evacueeManager,,OFF SHIP: White;0;Green;156;Yellow;32;Red;7;Black;295;ON SHIP: White;0;Green;0;Yellow;0;Red;0;Evacuees to Transfer;
3035.27,549,evacuee,outES,Evacuee 105 in triage category R is not assigned a helicopter
3035.27,549,evacuee,,Evacuee;105;in triage state;B;is at the evacuation site
3048.33,3,evacueeManager,,OFF SHIP: White;0;Green;155;Yellow;33;Red;7;Black;295;ON SHIP: White;0;Green;0;Yellow;0;Red;0;Evacuees to Transfer;
3048.33,212,evacuee,outES,Evacuee 374 in triage category G is not assigned a helicopter
3048.33,212,evacuee,,Evacuee;374;in triage state;Y;is at the evacuation site
3050.39,3,evacueeManager,,OFF SHIP: White;0;Green;155;Yellow;33;Red;6;Black;296;ON SHIP: White;0;Green;0;Yellow;0;Red;0;Evacuees to Transfer;
3050.39,1477,evacuee,outES,Evacuee 243 in triage category R is not assigned a helicopter
3050.39,1477,evacuee,,Evacuee;243;in triage state;B;is at the evacuation site
3055.86,3,evacueeManager,,OFF SHIP: White;0;Green;155;Yellow;33;Red;5;Black;297;ON SHIP: White;0;Green;0;Yellow;0;Red;0;Evacuees to Transfer;
3055.86,972,evacuee,outES,Evacuee 52 in triage category R is not assigned a helicopter
3055.86,972,evacuee,,Evacuee;52;in triage state;B;is at the evacuation site
3060,5,helicopterQueue,,1;Helos are waiting to land;HeloID;1
3060,1153,helicopter,outES,Helicopter 1 is evacuating people1
3060,1153,helicopter,,Helicopter;1;is waiting to land at the evacuation site;;and has;0;spots taken
3060,4,helipadManager,,;No helos are at ES
3060,5,helicopterQueue,outHM,Helicopter 1 is evacuating people1
3060,5,helicopterQueue,outHelo,Helicopter 1 is evacuating people1
3060,5,helicopterQueue,,;No helos are waiting to land
3060,1152,filterES,,Helicopter;1;is evacuating people
3060,3,evacueeManager,,OFF SHIP: White;0;Green;145;Yellow;33;Red;5;Black;297;ON SHIP: White;0;Green;0;Yellow;0;Red;0;Evacuees to Transfer;;EvacueeID;39;HeloID;1;OnShip;0;Triage Status;G;EvacueeID;42;HeloID;1;OnShip;0;Triage Status;G;EvacueeID;43;HeloID;1;OnShip;0;Triage Status;G;EvacueeID;46;HeloID;1;OnShip;0;Triage Status;G;EvacueeID;47;HeloID;1;OnShip;0;Triage Status;G;EvacueeID;51;HeloID;1;OnShip;0;Triage Status;G;EvacueeID;53;HeloID;1;OnShip;0;Triage Status;G;EvacueeID;56;HeloID;1;OnShip;0;Triage Status;G;EvacueeID;57;HeloID;1;OnShip;0;Triage Status;G;EvacueeID;59;HeloID;1;OnShip;0;Triage Status;G
3060,4,helipadManager,outEM,Helicopter 1 is evacuating people1
3060,4,helipadManager,,Helo;1;is at the ES
3060,1152,filterES,out,Helicopter 1 is evacuating people1
3060,1152,filterES,,
3060,1153,helicopter,,Helicopter;1;is waiting to land at the evacuation site;;and has;0;spots taken
3060,3,evacueeManager,outEvac,Evacuee 39 in triage category G is assigned helicopter 1
3060,3,evacueeManager,outEvac,Evacuee 42 in triage category G is assigned helicopter 1
3060,3,evacueeManager,outEvac,Evacuee 43 in triage category G is assigned helicopter 1
3060,3,evacueeManager,outEvac,Evacuee 46 in triage category G is assigned helicopter 1
3060,3,evacueeManager,outEvac,Evacuee 47 in triage category G is assigned helicopter 1
3060,3,evacueeManager,outEvac,Evacuee 51 in triage category G is assigned helicopter 1
3060,3,evacueeManager,outEvac,Evacuee 53 in triage category G is assigned helicopter 1
3060,3,evacueeManager,outEvac,Evacuee 56 in triage category G is assigned helicopter 1
3060,3,evacueeManager,outEvac,Evacuee 57 in triage category G is assigned helicopter 1
3060,3,evacueeManager,outEvac,Evacuee 59 in triage category G is assigned helicopter 1
3060,3,evacueeManager,,OFF SHIP: White;0;Green;145;Yellow;33;Red;5;Black;297;ON SHIP: White;0;Green;0;Yellow;0;Red;0;Evacuees to Transfer;
3060,7,filterLoc,,
3060,10,filterLoc,,
3060,13,filterLoc,,
3060,16,filterLoc,,
3060,19,filterLoc,,
3060,22,filterLoc,,
3060,25,filterLoc,,
3060,28,filterLoc,,
3060,31,filterLoc,,
3060,34,filterLoc,,
3060,37,filterLoc,,
3060,40,filterLoc,,
3060,43,filterLoc,,
3060,46,filterLoc,,
3060,49,filterLoc,,
3060,52,filterLoc,,
3060,55,filterLoc,,
3060,58,filterLoc,,
3060,61,filterLoc,,
3060,64,filterLoc,,
3060,67,filterLoc,,
3060,70,filterLoc,,
3060,73,filterLoc,,
3060,76,filterLoc,,
3060,79,filterLoc,,
3060,82,filterLoc,,
3060,85,filterLoc,,
3060,88,filterLoc,,
3060,91,filterLoc,,
3060,94,filterLoc,,
3060,97,filterLoc,,
3060,100,filterLoc,,
3060,103,filterLoc,,
3060,106,filterLoc,,
3060,109,filterLoc,,
3060,112,filterLoc,,
3060,115,filterLoc,,
3060,118,filterLoc,,
3060,121,filterLoc,,
3060,124,filterLoc,,
3060,127,filterLoc,,
3060,130,filterLoc,,
3060,133,filterLoc,,
3060,136,filterLoc,,
3060,139,filterLoc,,
3060,142,filterLoc,,
3060,145,filterLoc,,
3060,148,filterLoc,,
3060,151,filterLoc,,
3060,154,filterLoc,,
3060,157,filterLoc,,
3060,160,filterLoc,,
3060,163,filterLoc,,
3060,166,filterLoc,,
3060,169,filterLoc,,
3060,172,filterLoc,,
3060,175,filterLoc,,
3060,178,filterLoc,,
3060,181,filterLoc,,
3060,184,filterLoc,,
3060,187,filterLoc,,
3060,190,filterLoc,,
3060,193,filterLoc,,
3060,196,filterLoc,,
3060,199,filterLoc,,
3060,202,filterLoc,,
3060,205,filterLoc,,
3060,208,filterLoc,,
3060,211,filterLoc,,
3060,214,filterLoc,,
3060,217,filterLoc,,
3060,221,filterLoc,,
3060,224,filterLoc,,
3060,227,filterLoc,,
3060,230,filterLoc,,
3060,233,filterLoc,,
3060,236,filterLoc,,
3060,239,filterLoc,,
3060,242,filterLoc,,
3060,245,filterLoc,,
3060,248,filterLoc,,
3060,251,filterLoc,,
3060,254,filterLoc,,
3060,257,filterLoc,,
3060,260,filterLoc,,
3060,263,filterLoc,,
3060,266,filterLoc,,
3060,269,filterLoc,,
3060,272,filterLoc,,
3060,275,filterLoc,,
3060,278,filterLoc,,
3060,281,filterLoc,,
3060,284,filterLoc,,
3060,287,filterLoc,,
3060,290,filterLoc,,
3060,293,filterLoc,,
3060,296,filterLoc,,
3060,299,filterLoc,,
3060,302,filterLoc,,
3060,305,filterLoc,,
3060,308,filterLoc,,
3060,311,filterLoc,,
3060,314,filterLoc,,
3060,317,filterLoc,,
3060,320,filterLoc,,
3060,323,filterLoc,,
3060,326,filterLoc,,
3060,329,filterLoc,,
3060,332,filterLoc,,
3060,335,filterLoc,,
3060,338,filterLoc,,
3060,341,filterLoc,,
3060,344,filterLoc,,
3060,347,filterLoc,,
3060,350,filterLoc,,
3060,353,filterLoc,,
3060,356,filterLoc,,
3060,359,filterLoc,,
3060,362,filterLoc,,
3060,365,filterLoc,,
3060,368,filterLoc,,
3060,371,filterLoc,,
3060,374,filterLoc,,
3060,377,filterLoc,,
3060,380,filterLoc,,
3060,383,filterLoc,,
3060,386,filterLoc,,
3060,389,filterLoc,,
3060,392,filterLoc,,
3060,395,filterLoc,,
3060,398,filterLoc,,
3060,401,filterLoc,,
3060,404,filterLoc,,
3060,407,filterLoc,,
3060,410,filterLoc,,
3060,413,filterLoc,,
3060,416,filterLoc,,
3060,419,filterLoc,,
3060,422,filterLoc,,
3060,425,filterLoc,,
3060,428,filterLoc,,
3060,431,filterLoc,,
3060,434,filterLoc,,
3060,437,filterLoc,,
3060,440,filterLoc,,
3060,443,filterLoc,,
3060,446,filterLoc,,
3060,449,filterLoc,,
3060,452,filterLoc,,
3060,455,filterLoc,,
3060,458,filterLoc,,
3060,461,filterLoc,,
3060,464,filterLoc,,
3060,467,filterLoc,,
3060,470,filterLoc,,
3060,473,filterLoc,,
3060,476,filterLoc,,
3060,479,filterLoc,,
3060,482,filterLoc,,
3060,485,filterLoc,,
3060,488,filterLoc,,
3060,491,filterLoc,,
3060,494,filterLoc,,
3060,497,filterLoc,,
3060,500,filterLoc,,
3060,503,filterLoc,,
3060,506,filterLoc,,
3060,509,filterLoc,,
3060,512,filterLoc,,
3060,515,filterLoc,,
3060,518,filterLoc,,
3060,521,filterLoc,,
3060,524,filterLoc,,
3060,527,filterLoc,,
3060,530,filterLoc,,
3060,533,filterLoc,,
3060,536,filterLoc,,
3060,539,filterLoc,,
3060,542,filterLoc,,
3060,545,filterLoc,,
3060,548,filterLoc,,
3060,551,filterLoc,,
3060,554,filterLoc,,
3060,557,filterLoc,,
3060,560,filterLoc,,
3060,563,filterLoc,,
3060,566,filterLoc,,;Evacuee;39;in triage category;G;is entering helicopter;1
3060,569,filterLoc,,
3060,572,filterLoc,,
3060,575,filterLoc,,
3060,578,filterLoc,,
3060,581,filterLoc,,
3060,584,filterLoc,,
3060,587,filterLoc,,
3060,590,filterLoc,,
3060,593,filterLoc,,
3060,596,filterLoc,,
3060,599,filterLoc,,
3060,602,filterLoc,,
3060,605,filterLoc,,
3060,608,filterLoc,,
3060,611,filterLoc,,
3060,614,filterLoc,,
3060,617,filterLoc,,
3060,620,filterLoc,,
3060,623,filterLoc,,
3060,626,filterLoc,,
3060,629,filterLoc,,
3060,632,filterLoc,,;Evacuee;51;in triage category;G;is entering helicopter;1
3060,635,filterLoc,,
3060,638,filterLoc,,
3060,641,filterLoc,,
3060,644,filterLoc,,
3060,647,filterLoc,,
3060,650,filterLoc,,
3060,653,filterLoc,,
3060,656,filterLoc,,
3060,659,filterLoc,,
3060,662,filterLoc,,
3060,665,filterLoc,,
3060,668,filterLoc,,
3060,671,filterLoc,,
3060,674,filterLoc,,
3060,677,filterLoc,,
3060,680,filterLoc,,
3060,683,filterLoc,,
3060,686,filterLoc,,
3060,689,filterLoc,,
3060,692,filterLoc,,
3060,695,filterLoc,,
3060,698,filterLoc,,
3060,701,filterLoc,,
3060,704,filterLoc,,
3060,707,filterLoc,,
3060,710,filterLoc,,
3060,713,filterLoc,,
3060,716,filterLoc,,
3060,719,filterLoc,,
3060,722,filterLoc,,
3060,725,filterLoc,,
3060,728,filterLoc,,
3060,731,filterLoc,,
3060,734,filterLoc,,
3060,737,filterLoc,,
3060,740,filterLoc,,
3060,743,filterLoc,,
3060,746,filterLoc,,
3060,749,filterLoc,,
3060,752,filterLoc,,
3060,755,filterLoc,,
3060,758,filterLoc,,
3060,761,filterLoc,,
3060,764,filterLoc,,
3060,767,filterLoc,,
3060,770,filterLoc,,
3060,773,filterLoc,,
3060,776,filterLoc,,
3060,779,filterLoc,,
3060,782,filterLoc,,
3060,785,filterLoc,,
3060,788,filterLoc,,
3060,791,filterLoc,,
3060,794,filterLoc,,
3060,797,filterLoc,,
3060,800,filterLoc,,
3060,803,filterLoc,,
3060,806,filterLoc,,
3060,809,filterLoc,,
3060,812,filterLoc,,
3060,815,filterLoc,,
3060,818,filterLoc,,
3060,821,filterLoc,,
3060,824,filterLoc,,
3060,827,filterLoc,,
3060,830,filterLoc,,
3060,833,filterLoc,,
3060,836,filterLoc,,
3060,839,filterLoc,,
3060,842,filterLoc,,
3060,845,filterLoc,,
3060,848,filterLoc,,
3060,851,filterLoc,,
3060,854,filterLoc,,
3060,857,filterLoc,,
3060,860,filterLoc,,
3060,863,filterLoc,,
3060,866,filterLoc,,
3060,869,filterLoc,,
3060,872,filterLoc,,
3060,875,filterLoc,,
3060,878,filterLoc,,
3060,881,filterLoc,,
3060,884,filterLoc,,
3060,887,filterLoc,,
3060,890,filterLoc,,
3060,893,filterLoc,,
3060,896,filterLoc,,
3060,899,filterLoc,,
3060,902,filterLoc,,
3060,905,filterLoc,,
3060,908,filterLoc,,
3060,911,filterLoc,,
3060,914,filterLoc,,
3060,917,filterLoc,,
3060,920,filterLoc,,
3060,923,filterLoc,,
3060,926,filterLoc,,
3060,929,filterLoc,,
3060,932,filterLoc,,
3060,935,filterLoc,,
3060,938,filterLoc,,
3060,941,filterLoc,,
3060,944,filterLoc,,
3060,947,filterLoc,,
3060,950,filterLoc,,
3060,953,filterLoc,,
3060,956,filterLoc,,
3060,959,filterLoc,,
3060,962,filterLoc,,
3060,965,filterLoc,,
3060,968,filterLoc,,
3060,971,filterLoc,,
3060,974,filterLoc,,
3060,977,filterLoc,,
3060,980,filterLoc,,
3060,983,filterLoc,,
3060,986,filterLoc,,
3060,989,filterLoc,,
3060,992,filterLoc,,
3060,995,filterLoc,,
3060,998,filterLoc,,;Evacuee;46;in triage category;G;is entering helicopter;1
3060,1001,filterLoc,,;Evacuee;53;in triage category;G;is entering helicopter;1
3060,1004,filterLoc,,
3060,1007,filterLoc,,
3060,1010,filterLoc,,
3060,1013,filterLoc,,
3060,1016,filterLoc,,
3060,1019,filterLoc,,
3060,1022,filterLoc,,
3060,1025,filterLoc,,
3060,1028,filterLoc,,
3060,1031,filterLoc,,
3060,1034,filterLoc,,
3060,1037,filterLoc,,
3060,1040,filterLoc,,
3060,1043,filterLoc,,
3060,1046,filterLoc,,
3060,1049,filterLoc,,
3060,1052,filterLoc,,
3060,1055,filterLoc,,
3060,1058,filterLoc,,
3060,1061,filterLoc,,;Evacuee;42;in triage category;G;is entering helicopter;1
3060,1064,filterLoc,,
3060,1067,filterLoc,,;Evacuee;43;in triage category;G;is entering helicopter;1
3060,1070,filterLoc,,
3060,1073,filterLoc,,
3060,1076,filterLoc,,
3060,1079,filterLoc,,
3060,1082,filterLoc,,
3060,1085,filterLoc,,
3060,1088,filterLoc,,
3060,1091,filterLoc,,
3060,1094,filterLoc,,
3060,1097,filterLoc,,
3060,1100,filterLoc,,
3060,1103,filterLoc,,
3060,1106,filterLoc,,
3060,1109,filterLoc,,
3060,1112,filterLoc,,
3060,1115,filterLoc,,
3060,1118,filterLoc,,
3060,1121,filterLoc,,
3060,1124,filterLoc,,;Evacuee;47;in triage category;G;is entering helicopter;1
3060,1127,filterLoc,,;Evacuee;56;in triage category;G;is entering helicopter;1
3060,1130,filterLoc,,
3060,1133,filterLoc,,
3060,1136,filterLoc,,
3060,1139,filterLoc,,;Evacuee;57;in triage category;G;is entering helicopter;1
3060,1142,filterLoc,,
3060,1145,filterLoc,,
3060,1148,filterLoc,,
3060,1153,helicopter,,Helicopter;1;is loading people at the evacuation site;;and has;0;spots taken
3060,1155,filterLoc,,
3060,1158,filterLoc,,
3060,1161,filterLoc,,
3060,1164,filterLoc,,
3060,1167,filterLoc,,
3060,1170,filterLoc,,
3060,1173,filterLoc,,
3060,1176,filterLoc,,
3060,1179,filterLoc,,
3060,1182,filterLoc,,
3060,1185,filterLoc,,
3060,1188,filterLoc,,
3060,1191,filterLoc,,
3060,1194,filterLoc,,
3060,1197,filterLoc,,
3060,1200,filterLoc,,
3060,1203,filterLoc,,
3060,1206,filterLoc,,
3060,1209,filterLoc,,
3060,1212,filterLoc,,
3060,1215,filterLoc,,
3060,1218,filterLoc,,
3060,1221,filterLoc,,
3060,1224,filterLoc,,
3060,1227,filterLoc,,
3060,1230,filterLoc,,
3060,1233,filterLoc,,
3060,1236,filterLoc,,
3060,1239,filterLoc,,
3060,1242,filterLoc,,
3060,1245,filterLoc,,
3060,1248,filterLoc,,
3060,1251,filterLoc,,
3060,1254,filterLoc,,
3060,1257,filterLoc,,
3060,1260,filterLoc,,
3060,1263,filterLoc,,
3060,1266,filterLoc,,
3060,1269,filterLoc,,
3060,1272,filterLoc,,
3060,1275,filterLoc,,
3060,1278,filterLoc,,
3060,1281,filterLoc,,
3060,1284,filterLoc,,
3060,1287,filterLoc,,
3060,1290,filterLoc,,
3060,1293,filterLoc,,
3060,1296,filterLoc,,
3060,1299,filterLoc,,
3060,1302,filterLoc,,
3060,1305,filterLoc,,
3060,1308,filterLoc,,
3060,1311,filterLoc,,
3060,1314,filterLoc,,
3060,1317,filterLoc,,
3060,1320,filterLoc,,
3060,1323,filterLoc,,
3060,1326,filterLoc,,
3060,1329,filterLoc,,
3060,1332,filterLoc,,
3060,1335,filterLoc,,
3060,1338,filterLoc,,
3060,1341,filterLoc,,
3060,1344,filterLoc,,
3060,1347,filterLoc,,
3060,1350,filterLoc,,
3060,1353,filterLoc,,
3060,1356,filterLoc,,
3060,1359,filterLoc,,
3060,1362,filterLoc,,
3060,1365,filterLoc,,
3060,1368,filterLoc,,
3060,1371,filterLoc,,
3060,1374,filterLoc,,
3060,1377,filterLoc,,
3060,1380,filterLoc,,
3060,1383,filterLoc,,
3060,1386,filterLoc,,
3060,1389,filterLoc,,
3060,1392,filterLoc,,
3060,1395,filterLoc,,
3060,1398,filterLoc,,
3060,1401,filterLoc,,
3060,1404,filterLoc,,
3060,1407,filterLoc,,
3060,1410,filterLoc,,
3060,1413,filterLoc,,
3060,1416,filterLoc,,
3060,1419,filterLoc,,
3060,1422,filterLoc,,
3060,1425,filterLoc,,
3060,1428,filterLoc,,
3060,1431,filterLoc,,
3060,1434,filterLoc,,
3060,1437,filterLoc,,
3060,1440,filterLoc,,
3060,1443,filterLoc,,
3060,1446,filterLoc,,
3060,1449,filterLoc,,
3060,1452,filterLoc,,
3060,1455,filterLoc,,
3060,1458,filterLoc,,
3060,1461,filterLoc,,
3060,1464,filterLoc,,
3060,1467,filterLoc,,
3060,1470,filterLoc,,
3060,1473,filterLoc,,
3060,1476,filterLoc,,
3060,1479,filterLoc,,
3060,1482,filterLoc,,
3060,1485,filterLoc,,
3060,1488,filterLoc,,;Evacuee;59;in triage category;G;is entering helicopter;1
3060,1491,filterLoc,,
3060,1494,filterLoc,,
3060,1497,filterLoc,,
3060,1500,filterLoc,,
3060,1503,filterLoc,,
3060,1506,filterLoc,,
3060,1509,filterLoc,,
3060,566,filterLoc,out,Evacuee 39 in triage category G is assigned helicopter 1
3060,566,filterLoc,,
3060,567,evacuee,,Evacuee;39;in triage state;G;is entering helicopter;1
3060,632,filterLoc,out,Evacuee 51 in triage category G is assigned helicopter 1
3060,632,filterLoc,,
3060,633,evacuee,,Evacuee;51;in triage state;G;is entering helicopter;1
3060,998,filterLoc,out,Evacuee 46 in triage category G is assigned helicopter 1
3060,998,filterLoc,,
3060,999,evacuee,,Evacuee;46;in triage state;G;is entering helicopter;1
3060,1001,filterLoc,out,Evacuee 53 in triage category G is assigned helicopter 1
3060,1001,filterLoc,,
3060,1002,evacuee,,Evacuee;53;in triage state;G;is entering helicopter;1
3060,1061,filterLoc,out,Evacuee 42 in triage category G is assigned helicopter 1
3060,1061,filterLoc,,
3060,1062,evacuee,,Evacuee;42;in triage state;G;is entering helicopter;1
3060,1067,filterLoc,out,Evacuee 43 in triage category G is assigned helicopter 1
3060,1067,filterLoc,,
3060,1068,evacuee,,Evacuee;43;in triage state;G;is entering helicopter;1
3060,1124,filterLoc,out,Evacuee 47 in triage category G is assigned helicopter 1
3060,1124,filterLoc,,
3060,1125,evacuee,,Evacuee;47;in triage state;G;is entering helicopter;1
3060,1127,filterLoc,out,Evacuee 56 in triage category G is assigned helicopter 1
3060,1127,filterLoc,,
3060,1128,evacuee,,Evacuee;56;in triage state;G;is entering helicopter;1
3060,1139,filterLoc,out,Evacuee 57 in triage category G is assigned helicopter 1
3060,1139,filterLoc,,
3060,1140,evacuee,,Evacuee;57;in triage state;G;is entering helicopter;1
3060,1488,filterLoc,out,Evacuee 59 in triage category G is assigned helicopter 1
3060,1488,filterLoc,,
3060,1489,evacuee,,Evacuee;59;in triage state;G;is entering helicopter;1
3060,567,evacuee,outHelo,Evacuee 39 in triage category G is assigned helicopter 1
3060,567,evacuee,,Evacuee;39;in triage state;G;is in helicopter;1
3060,633,evacuee,outHelo,Evacuee 51 in triage category G is assigned helicopter 1
3060,633,evacuee,,Evacuee;51;in triage state;G;is in helicopter;1
3060,999,evacuee,outHelo,Evacuee 46 in triage category G is assigned helicopter 1
3060,999,evacuee,,Evacuee;46;in triage state;G;is in helicopter;1
3060,1002,evacuee,outHelo,Evacuee 53 in triage category G is assigned helicopter 1
3060,1002,evacuee,,Evacuee;53;in triage state;G;is in helicopter;1
3060,1062,evacuee,outHelo,Evacuee 42 in triage category G is assigned helicopter 1
3060,1062,evacuee,,Evacuee;42;in triage state;G;is in helicopter;1
3060,1068,evacuee,outHelo,Evacuee 43 in triage category G is assigned helicopter 1
3060,1068,evacuee,,Evacuee;43;in triage state;G;is in helicopter;1
3060,1125,evacuee,outHelo,Evacuee 47 in triage category G is assigned helicopter 1
3060,1125,evacuee,,Evacuee;47;in triage state;G;is in helicopter;1
3060,1128,evacuee,outHelo,Evacuee 56 in triage category G is assigned helicopter 1
3060,1128,evacuee,,Evacuee;56;in triage state;G;is in helicopter;1
3060,1140,evacuee,outHelo,Evacuee 57 in triage category G is assigned helicopter 1
3060,1140,evacuee,,Evacuee;57;in triage state;G;is in helicopter;1
3060,1151,filterEvac,,;Evacuee;39;in triage category;G;is entering helicopter;1;Evacuee;42;in triage category;G;is entering helicopter;1;Evacuee;43;in triage category;G;is entering helicopter;1;Evacuee;46;in triage category;G;is entering helicopter;1;Evacuee;47;in triage category;G;is entering helicopter;1;Evacuee;51;in triage category;G;is entering helicopter;1;Evacuee;53;in triage category;G;is entering helicopter;1;Evacuee;56;in triage category;G;is entering helicopter;1;Evacuee;57;in triage category;G;is entering helicopter;1;Evacuee;59;in triage category;G;is entering helicopter;1
3060,1489,evacuee,outHelo,Evacuee 59 in triage category G is assigned helicopter 1
3060,1489,evacuee,,Evacuee;59;in triage state;G;is in helicopter;1
3060,1151,filterEvac,out,Evacuee 39 in triage category G is assigned helicopter 1
3060,1151,filterEvac,out,Evacuee 42 in triage category G is assigned helicopter 1
3060,1151,filterEvac,out,Evacuee 43 in triage category G is assigned helicopter 1
3060,1151,filterEvac,out,Evacuee 46 in triage category G is assigned helicopter 1
3060,1151,filterEvac,out,Evacuee 47 in triage category G is assigned helicopter 1
3060,1151,filterEvac,out,Evacuee 51 in triage category G is assigned helicopter 1
3060,1151,filterEvac,out,Evacuee 53 in triage category G is assigned helicopter 1
3060,1151,filterEvac,out,Evacuee 56 in triage category G is assigned helicopter 1
3060,1151,filterEvac,out,Evacuee 57 in triage category G is assigned helicopter 1
3060,1151,filterEvac,out,Evacuee 59 in triage category G is assigned helicopter 1
3060,1151,filterEvac,,
3060,1153,helicopter,,Helicopter;1;is loading people at the evacuation site;;and has;10;spots taken
3066.24,3,evacueeManager,,OFF SHIP: White;0;Green;145;Yellow;33;Red;4;Black;298;ON SHIP: White;0;Green;0;Yellow;0;Red;0;Evacuees to Transfer;
3066.24,756,evacuee,outES,Evacuee 25 in triage category R is not assigned a helicopter
3066.24,756,evacuee,,Evacuee;25;in triage state;B;is at the evacuation site
3066.29,3,evacueeManager,,OFF SHIP: White;0;Green;144;Yellow;34;Red;4;Black;298;ON SHIP: White;0;Green;0;Yellow;0;Red;0;Evacuees to Transfer;
3066.29,1195,evacuee,outES,Evacuee 139 in triage category G is not assigned a helicopter
3066.29,1195,evacuee,,Evacuee;139;in triage state;Y;is at the evacuation site
3066.39,3,evacueeManager,,OFF SHIP: White;0;Green;144;Yellow;33;Red;5;Black;298;ON SHIP: White;0;Green;0;Yellow;0;Red;0;Evacuees to Transfer;
3066.39,816,evacuee,outES,Evacuee 71 in triage category Y is not assigned a helicopter
3066.39,816,evacuee,,Evacuee;71;in triage state;R;is at the evacuation site
3075,4,helipadManager,outHelo,Helicopter 1 is evacuating people1
3075,4,helipadManager,,;No helos are at ES
3075,1152,filterES,,Helicopter;1;is evacuating people
3075,4,helipadManager,outHQ,0
3075,4,helipadManager,,;No helos are at ES
3075,5,helicopterQueue,,;No helos are waiting to land
3075,1152,filterES,out,Helicopter 1 is evacuating people1
3075,1152,filterES,,
3075,1153,helicopter,,Helicopter;1;is loading people at the evacuation site;;and has;10;spots taken
3075,5,helicopterQueue,,;No helos are waiting to land
3075,1153,helicopter,,Helicopter;1;is returning to the FOL;;and has;10;spots taken
3096.42,3,evacueeManager,,OFF SHIP: White;0;Green;143;Yellow;34;Red;5;Black;298;ON SHIP: White;0;Green;0;Yellow;0;Red;0;Evacuees to Transfer;
3096.42,552,evacuee,outES,Evacuee 424 in triage category G is not assigned a helicopter
3096.42,552,evacuee,,Evacuee;424;in triage state;Y;is at the evacuation site
3102.91,3,evacueeManager,,OFF SHIP: White;0;Green;143;Yellow;33;Red;6;Black;298;ON SHIP: White;0;Green;0;Yellow;0;Red;0;Evacuees to Transfer;
3102.91,978,evacuee,outES,Evacuee 304 in triage category Y is not assigned a helicopter
3102.91,978,evacuee,,Evacuee;304;in triage state;R;is at the evacuation site
3103.52,3,evacueeManager,,OFF SHIP: White;0;Green;142;Yellow;34;Red;6;Black;298;ON SHIP: White;0;Green;0;Yellow;0;Red;0;Evacuees to Transfer;
3103.52,837,evacuee,outES,Evacuee 285 in triage category G is not assigned a helicopter
3103.52,837,evacuee,,Evacuee;285;in triage state;Y;is at the evacuation site
3103.58,3,evacueeManager,,OFF SHIP: White;0;Green;142;Yellow;33;Red;7;Black;298;ON SHIP: White;0;Green;0;Yellow;0;Red;0;Evacuees to Transfer;
3103.58,143,evacuee,outES,Evacuee 404 in triage category Y is not assigned a helicopter
3103.58,143,evacuee,,Evacuee;404;in triage state;R;is at the evacuation site
3115.68,3,evacueeManager,,OFF SHIP: White;0;Green;142;Yellow;32;Red;8;Black;298;ON SHIP: White;0;Green;0;Yellow;0;Red;0;Evacuees to Transfer;
3115.68,1047,evacuee,outES,Evacuee 35 in triage category Y is not assigned a helicopter
3115.68,1047,evacuee,,Evacuee;35;in triage state;R;is at the evacuation site
3115.9,3,evacueeManager,,OFF SHIP: White;0;Green;142;Yellow;32;Red;7;Black;299;ON SHIP: White;0;Green;0;Yellow;0;Red;0;Evacuees to Transfer;
3115.9,834,evacuee,outES,Evacuee 453 in triage category R is not assigned a helicopter
3115.9,834,evacuee,,Evacuee;453;in triage state;B;is at the evacuation site
3117.03,3,evacueeManager,,OFF SHIP: White;0;Green;142;Yellow;32;Red;6;Black;300;ON SHIP: White;0;Green;0;Yellow;0;Red;0;Evacuees to Transfer;
3117.03,1047,evacuee,outES,Evacuee 35 in triage category R is not assigned a helicopter
3117.03,1047,evacuee,,Evacuee;35;in triage state;B;is at the evacuation site
3124.14,3,evacueeManager,,OFF SHIP: White;0;Green;142;Yellow;31;Red;7;Black;300;ON SHIP: White;0;Green;0;Yellow;0;Red;0;Evacuees to Transfer;
3124.14,762,evacuee,outES,Evacuee 70 in triage category Y is not assigned a helicopter
3124.14,762,evacuee,,Evacuee;70;in triage state;R;is at the evacuation site
3128.8,3,evacueeManager,,OFF SHIP: White;0;Green;142;Yellow;31;Red;6;Black;301;ON SHIP: White;0;Green;0;Yellow;0;Red;0;Evacuees to Transfer;
3128.8,978,evacuee,outES,Evacuee 304 in triage category R is not assigned a helicopter
3128.8,978,evacuee,,Evacuee;304;in triage state;B;is at the evacuation site
3139,3,evacueeManager,,OFF SHIP: White;0;Green;142;Yellow;31;Red;5;Black;302;ON SHIP: White;0;Green;0;Yellow;0;Red;0;Evacuees to Transfer;
3139,762,evacuee,outES,Evacuee 70 in triage category R is not assigned a helicopter
3139,762,evacuee,,Evacuee;70;in triage state;B;is at the evacuation site
3150,7,filterLoc,,
3150,10,filterLoc,,
3150,13,filterLoc,,
3150,16,filterLoc,,
3150,19,filterLoc,,
3150,22,filterLoc,,
3150,25,filterLoc,,
3150,28,filterLoc,,
3150,31,filterLoc,,
3150,34,filterLoc,,
3150,37,filterLoc,,
3150,40,filterLoc,,
3150,43,filterLoc,,
3150,46,filterLoc,,
3150,49,filterLoc,,
3150,52,filterLoc,,
3150,55,filterLoc,,
3150,58,filterLoc,,
3150,61,filterLoc,,
3150,64,filterLoc,,
3150,67,filterLoc,,
3150,70,filterLoc,,
3150,73,filterLoc,,
3150,76,filterLoc,,
3150,79,filterLoc,,
3150,82,filterLoc,,
3150,85,filterLoc,,
3150,88,filterLoc,,
3150,91,filterLoc,,
3150,94,filterLoc,,
3150,97,filterLoc,,
3150,100,filterLoc,,
3150,103,filterLoc,,
3150,106,filterLoc,,
3150,109,filterLoc,,
3150,112,filterLoc,,
3150,115,filterLoc,,
3150,118,filterLoc,,
3150,121,filterLoc,,
3150,124,filterLoc,,
3150,127,filterLoc,,
3150,130,filterLoc,,
3150,133,filterLoc,,
3150,136,filterLoc,,
3150,139,filterLoc,,
3150,142,filterLoc,,
3150,145,filterLoc,,
3150,148,filterLoc,,
3150,151,filterLoc,,
3150,154,filterLoc,,
3150,157,filterLoc,,
3150,160,filterLoc,,
3150,163,filterLoc,,
3150,166,filterLoc,,
3150,169,filterLoc,,
3150,172,filterLoc,,
3150,175,filterLoc,,
3150,178,filterLoc,,
3150,181,filterLoc,,
3150,184,filterLoc,,
3150,187,filterLoc,,
3150,190,filterLoc,,
3150,193,filterLoc,,
3150,196,filterLoc,,
3150,199,filterLoc,,
3150,202,filterLoc,,
3150,205,filterLoc,,
3150,208,filterLoc,,
3150,211,filterLoc,,
3150,214,filterLoc,,
3150,217,filterLoc,,
3150,221,filterLoc,,
3150,224,filterLoc,,
3150,227,filterLoc,,
3150,230,filterLoc,,
3150,233,filterLoc,,
3150,236,filterLoc,,
3150,239,filterLoc,,
3150,242,filterLoc,,
3150,245,filterLoc,,
3150,248,filterLoc,,
3150,251,filterLoc,,
3150,254,filterLoc,,
3150,257,filterLoc,,
3150,260,filterLoc,,
3150,263,filterLoc,,
3150,266,filterLoc,,
3150,269,filterLoc,,
3150,272,filterLoc,,
3150,275,filterLoc,,
3150,278,filterLoc,,
3150,281,filterLoc,,
3150,284,filterLoc,,
3150,287,filterLoc,,
3150,290,filterLoc,,
3150,293,filterLoc,,
3150,296,filterLoc,,
3150,299,filterLoc,,
3150,302,filterLoc,,
3150,305,filterLoc,,
3150,308,filterLoc,,
3150,311,filterLoc,,
3150,314,filterLoc,,
3150,317,filterLoc,,
3150,320,filterLoc,,
3150,323,filterLoc,,
3150,326,filterLoc,,
3150,329,filterLoc,,
3150,332,filterLoc,,
3150,335,filterLoc,,
3150,338,filterLoc,,
3150,341,filterLoc,,
3150,344,filterLoc,,
3150,347,filterLoc,,
3150,350,filterLoc,,
3150,353,filterLoc,,
3150,356,filterLoc,,
3150,359,filterLoc,,
3150,362,filterLoc,,
3150,365,filterLoc,,
3150,368,filterLoc,,
3150,371,filterLoc,,
3150,374,filterLoc,,
3150,377,filterLoc,,
3150,380,filterLoc,,
3150,383,filterLoc,,
3150,386,filterLoc,,
3150,389,filterLoc,,
3150,392,filterLoc,,
3150,395,filterLoc,,
3150,398,filterLoc,,
3150,401,filterLoc,,
3150,404,filterLoc,,
3150,407,filterLoc,,
3150,410,filterLoc,,
3150,413,filterLoc,,
3150,416,filterLoc,,
3150,419,filterLoc,,
3150,422,filterLoc,,
3150,425,filterLoc,,
3150,428,filterLoc,,
3150,431,filterLoc,,
3150,434,filterLoc,,
3150,437,filterLoc,,
3150,440,filterLoc,,
3150,443,filterLoc,,
3150,446,filterLoc,,
3150,449,filterLoc,,
3150,452,filterLoc,,
3150,455,filterLoc,,
3150,458,filterLoc,,
3150,461,filterLoc,,
3150,464,filterLoc,,
3150,467,filterLoc,,
3150,470,filterLoc,,
3150,473,filterLoc,,
3150,476,filterLoc,,
3150,479,filterLoc,,
3150,482,filterLoc,,
3150,485,filterLoc,,
3150,488,filterLoc,,
3150,491,filterLoc,,
3150,494,filterLoc,,
3150,497,filterLoc,,
3150,500,filterLoc,,
3150,503,filterLoc,,
3150,506,filterLoc,,
3150,509,filterLoc,,
3150,512,filterLoc,,
3150,515,filterLoc,,
3150,518,filterLoc,,
3150,521,filterLoc,,
3150,524,filterLoc,,
3150,527,filterLoc,,
3150,530,filterLoc,,
3150,533,filterLoc,,
3150,536,filterLoc,,
3150,539,filterLoc,,
3150,542,filterLoc,,
3150,545,filterLoc,,
3150,548,filterLoc,,
3150,551,filterLoc,,
3150,554,filterLoc,,
3150,557,filterLoc,,
3150,560,filterLoc,,
3150,563,filterLoc,,
3150,566,filterLoc,,;Evacuee;39;in triage category;G;is leaving helicopter;1
3150,569,filterLoc,,
3150,572,filterLoc,,
3150,575,filterLoc,,
3150,578,filterLoc,,
3150,581,filterLoc,,
3150,584,filterLoc,,
3150,587,filterLoc,,
3150,590,filterLoc,,
3150,593,filterLoc,,
3150,596,filterLoc,,
3150,599,filterLoc,,
3150,602,filterLoc,,
3150,605,filterLoc,,
3150,608,filterLoc,,
3150,611,filterLoc,,
3150,614,filterLoc,,
3150,617,filterLoc,,
3150,620,filterLoc,,
3150,623,filterLoc,,
3150,626,filterLoc,,
3150,629,filterLoc,,
3150,632,filterLoc,,;Evacuee;51;in triage category;G;is leaving helicopter;1
3150,635,filterLoc,,
3150,638,filterLoc,,
3150,641,filterLoc,,
3150,644,filterLoc,,
3150,647,filterLoc,,
3150,650,filterLoc,,
3150,653,filterLoc,,
3150,656,filterLoc,,
3150,659,filterLoc,,
3150,662,filterLoc,,
3150,665,filterLoc,,
3150,668,filterLoc,,
3150,671,filterLoc,,
3150,674,filterLoc,,
3150,677,filterLoc,,
3150,680,filterLoc,,
3150,683,filterLoc,,
3150,686,filterLoc,,
3150,689,filterLoc,,
3150,692,filterLoc,,
3150,695,filterLoc,,
3150,698,filterLoc,,
3150,701,filterLoc,,
3150,704,filterLoc,,
3150,707,filterLoc,,
3150,710,filterLoc,,
3150,713,filterLoc,,
3150,716,filterLoc,,
3150,719,filterLoc,,
3150,722,filterLoc,,
3150,725,filterLoc,,
3150,728,filterLoc,,
3150,731,filterLoc,,
3150,734,filterLoc,,
3150,737,filterLoc,,
3150,740,filterLoc,,
3150,743,filterLoc,,
3150,746,filterLoc,,
3150,749,filterLoc,,
3150,752,filterLoc,,
3150,755,filterLoc,,
3150,758,filterLoc,,
3150,761,filterLoc,,
3150,764,filterLoc,,
3150,767,filterLoc,,
3150,770,filterLoc,,
3150,773,filterLoc,,
3150,776,filterLoc,,
3150,779,filterLoc,,
3150,782,filterLoc,,
3150,785,filterLoc,,
3150,788,filterLoc,,
3150,791,filterLoc,,
3150,794,filterLoc,,
3150,797,filterLoc,,
3150,800,filterLoc,,
3150,803,filterLoc,,
3150,806,filterLoc,,
3150,809,filterLoc,,
3150,812,filterLoc,,
3150,815,filterLoc,,
3150,818,filterLoc,,
3150,821,filterLoc,,
3150,824,filterLoc,,
3150,827,filterLoc,,
3150,830,filterLoc,,
3150,833,filterLoc,,
3150,836,filterLoc,,
3150,839,filterLoc,,
3150,842,filterLoc,,
3150,845,filterLoc,,
3150,848,filterLoc,,
3150,851,filterLoc,,
3150,854,filterLoc,,
3150,857,filterLoc,,
3150,860,filterLoc,,
3150,863,filterLoc,,
3150,866,filterLoc,,
3150,869,filterLoc,,
3150,872,filterLoc,,
3150,875,filterLoc,,
3150,878,filterLoc,,
3150,881,filterLoc,,
3150,884,filterLoc,,
3150,887,filterLoc,,
3150,890,filterLoc,,
3150,893,filterLoc,,
3150,896,filterLoc,,
3150,899,filterLoc,,
3150,902,filterLoc,,
3150,905,filterLoc,,
3150,908,filterLoc,,
3150,911,filterLoc,,
3150,914,filterLoc,,
3150,917,filterLoc,,
3150,920,filterLoc,,
3150,923,filterLoc,,
3150,926,filterLoc,,
3150,929,filterLoc,,
3150,932,filterLoc,,
3150,935,filterLoc,,
3150,938,filterLoc,,
3150,941,filterLoc,,
3150,944,filterLoc,,
3150,947,filterLoc,,
3150,950,filterLoc,,
3150,953,filterLoc,,
3150,956,filterLoc,,
3150,959,filterLoc,,
3150,962,filterLoc,,
3150,965,filterLoc,,
3150,968,filterLoc,,
3150,971,filterLoc,,
3150,974,filterLoc,,
3150,977,filterLoc,,
3150,980,filterLoc,,
3150,983,filterLoc,,
3150,986,filterLoc,,
3150,989,filterLoc,,
3150,992,filterLoc,,
3150,995,filterLoc,,
3150,998,filterLoc,,;Evacuee;46;in triage category;G;is leaving helicopter;1
3150,1001,filterLoc,,;Evacuee;53;in triage category;G;is leaving helicopter;1
3150,1004,filterLoc,,
3150,1007,filterLoc,,
3150,1010,filterLoc,,
3150,1013,filterLoc,,
3150,1016,filterLoc,,
3150,1019,filterLoc,,
3150,1022,filterLoc,,
3150,1025,filterLoc,,
3150,1028,filterLoc,,
3150,1031,filterLoc,,
3150,1034,filterLoc,,
3150,1037,filterLoc,,
3150,1040,filterLoc,,
3150,1043,filterLoc,,
3150,1046,filterLoc,,
3150,1049,filterLoc,,
3150,1052,filterLoc,,
3150,1055,filterLoc,,
3150,1058,filterLoc,,
3150,1061,filterLoc,,;Evacuee;42;in triage category;G;is leaving helicopter;1
3150,1064,filterLoc,,
3150,1067,filterLoc,,;Evacuee;43;in triage category;G;is leaving helicopter;1
3150,1070,filterLoc,,
3150,1073,filterLoc,,
3150,1076,filterLoc,,
3150,1079,filterLoc,,
3150,1082,filterLoc,,
3150,1085,filterLoc,,
3150,1088,filterLoc,,
3150,1091,filterLoc,,
3150,1094,filterLoc,,
3150,1097,filterLoc,,
3150,1100,filterLoc,,
3150,1103,filterLoc,,
3150,1106,filterLoc,,
3150,1109,filterLoc,,
3150,1112,filterLoc,,
3150,1115,filterLoc,,
3150,1118,filterLoc,,
3150,1121,filterLoc,,
3150,1124,filterLoc,,;Evacuee;47;in triage category;G;is leaving helicopter;1
3150,1127,filterLoc,,;Evacuee;56;in triage category;G;is leaving helicopter;1
3150,1130,filterLoc,,
3150,1133,filterLoc,,
3150,1136,filterLoc,,
3150,1139,filterLoc,,;Evacuee;57;in triage category;G;is leaving helicopter;1
3150,1142,filterLoc,,
3150,1145,filterLoc,,
3150,1148,filterLoc,,
3150,1153,helicopter,outEvac,Evacuee 39 in triage category G is not assigned a helicopter
3150,1153,helicopter,outEvac,Evacuee 42 in triage category G is not assigned a helicopter
3150,1153,helicopter,outEvac,Evacuee 43 in triage category G is not assigned a helicopter
3150,1153,helicopter,outEvac,Evacuee 46 in triage category G is not assigned a helicopter
3150,1153,helicopter,outEvac,Evacuee 47 in triage category G is not assigned a helicopter
3150,1153,helicopter,outEvac,Evacuee 51 in triage category G is not assigned a helicopter
3150,1153,helicopter,outEvac,Evacuee 53 in triage category G is not assigned a helicopter
3150,1153,helicopter,outEvac,Evacuee 56 in triage category G is not assigned a helicopter
3150,1153,helicopter,outEvac,Evacuee 57 in triage category G is not assigned a helicopter
3150,1153,helicopter,outEvac,Evacuee 59 in triage category G is not assigned a helicopter
3150,1153,helicopter,,Helicopter;1;is unloading people at the FOL;;and has;0;spots taken
3150,1155,filterLoc,,
3150,1158,filterLoc,,
3150,1161,filterLoc,,
3150,1164,filterLoc,,
3150,1167,filterLoc,,
3150,1170,filterLoc,,
3150,1173,filterLoc,,
3150,1176,filterLoc,,
3150,1179,filterLoc,,
3150,1182,filterLoc,,
3150,1185,filterLoc,,
3150,1188,filterLoc,,
3150,1191,filterLoc,,
3150,1194,filterLoc,,
3150,1197,filterLoc,,
3150,1200,filterLoc,,
3150,1203,filterLoc,,
3150,1206,filterLoc,,
3150,1209,filterLoc,,
3150,1212,filterLoc,,
3150,1215,filterLoc,,
3150,1218,filterLoc,,
3150,1221,filterLoc,,
3150,1224,filterLoc,,
3150,1227,filterLoc,,
3150,1230,filterLoc,,
3150,1233,filterLoc,,
3150,1236,filterLoc,,
3150,1239,filterLoc,,
3150,1242,filterLoc,,
3150,1245,filterLoc,,
3150,1248,filterLoc,,
3150,1251,filterLoc,,
3150,1254,filterLoc,,
3150,1257,filterLoc,,
3150,1260,filterLoc,,
3150,1263,filterLoc,,
3150,1266,filterLoc,,
3150,1269,filterLoc,,
3150,1272,filterLoc,,
3150,1275,filterLoc,,
3150,1278,filterLoc,,
3150,1281,filterLoc,,
3150,1284,filterLoc,,
3150,1287,filterLoc,,
3150,1290,filterLoc,,
3150,1293,filterLoc,,
3150,1296,filterLoc,,
3150,1299,filterLoc,,
3150,1302,filterLoc,,
3150,1305,filterLoc,,
3150,1308,filterLoc,,
3150,1311,filterLoc,,
3150,1314,filterLoc,,
3150,1317,filterLoc,,
3150,1320,filterLoc,,
3150,1323,filterLoc,,
3150,1326,filterLoc,,
3150,1329,filterLoc,,
3150,1332,filterLoc,,
3150,1335,filterLoc,,
3150,1338,filterLoc,,
3150,1341,filterLoc,,
3150,1344,filterLoc,,
3150,1347,filterLoc,,
3150,1350,filterLoc,,
3150,1353,filterLoc,,
3150,1356,filterLoc,,
3150,1359,filterLoc,,
3150,1362,filterLoc,,
3150,1365,filterLoc,,
3150,1368,filterLoc,,
3150,1371,filterLoc,,
3150,1374,filterLoc,,
3150,1377,filterLoc,,
3150,1380,filterLoc,,
3150,1383,filterLoc,,
3150,1386,filterLoc,,
3150,1389,filterLoc,,
3150,1392,filterLoc,,
3150,1395,filterLoc,,
3150,1398,filterLoc,,
3150,1401,filterLoc,,
3150,1404,filterLoc,,
3150,1407,filterLoc,,
3150,1410,filterLoc,,
3150,1413,filterLoc,,
3150,1416,filterLoc,,
3150,1419,filterLoc,,
3150,1422,filterLoc,,
3150,1425,filterLoc,,
3150,1428,filterLoc,,
3150,1431,filterLoc,,
3150,1434,filterLoc,,
3150,1437,filterLoc,,
3150,1440,filterLoc,,
3150,1443,filterLoc,,
3150,1446,filterLoc,,
3150,1449,filterLoc,,
3150,1452,filterLoc,,
3150,1455,filterLoc,,
3150,1458,filterLoc,,
3150,1461,filterLoc,,
3150,1464,filterLoc,,
3150,1467,filterLoc,,
3150,1470,filterLoc,,
3150,1473,filterLoc,,
3150,1476,filterLoc,,
3150,1479,filterLoc,,
3150,1482,filterLoc,,
3150,1485,filterLoc,,
3150,1488,filterLoc,,;Evacuee;59;in triage category;G;is leaving helicopter;1
3150,1491,filterLoc,,
3150,1494,filterLoc,,
3150,1497,filterLoc,,
3150,1500,filterLoc,,
3150,1503,filterLoc,,
3150,1506,filterLoc,,
3150,1509,filterLoc,,
3150,566,filterLoc,out,Evacuee 39 in triage category G is not assigned a helicopter
3150,566,filterLoc,,
3150,567,evacuee,,Evacuee;39;in triage state;G;is entering the FOL
3150,632,filterLoc,out,Evacuee 51 in triage category G is not assigned a helicopter
3150,632,filterLoc,,
3150,633,evacuee,,Evacuee;51;in triage state;G;is entering the FOL
3150,998,filterLoc,out,Evacuee 46 in triage category G is not assigned a helicopter
3150,998,filterLoc,,
3150,999,evacuee,,Evacuee;46;in triage state;G;is entering the FOL
3150,1001,filterLoc,out,Evacuee 53 in triage category G is not assigned a helicopter
3150,1001,filterLoc,,
3150,1002,evacuee,,Evacuee;53;in triage state;G;is entering the FOL
3150,1061,filterLoc,out,Evacuee 42 in triage category G is not assigned a helicopter
3150,1061,filterLoc,,
3150,1062,evacuee,,Evacuee;42;in triage state;G;is entering the FOL
3150,1067,filterLoc,out,Evacuee 43 in triage category G is not assigned a helicopter
3150,1067,filterLoc,,
3150,1068,evacuee,,Evacuee;43;in triage state;G;is entering the FOL
3150,1124,filterLoc,out,Evacuee 47 in triage category G is not assigned a helicopter
3150,1124,filterLoc,,
3150,1125,evacuee,,Evacuee;47;in triage state;G;is entering the FOL
3150,1127,filterLoc,out,Evacuee 56 in triage category G is not assigned a helicopter
3150,1127,filterLoc,,
3150,1128,evacuee,,Evacuee;56;in triage state;G;is entering the FOL
3150,1139,filterLoc,out,Evacuee 57 in triage category G is not assigned a helicopter
3150,1139,filterLoc,,
3150,1140,evacuee,,Evacuee;57;in triage state;G;is entering the FOL
3150,1488,filterLoc,out,Evacuee 59 in triage category G is not assigned a helicopter
3150,1488,filterLoc,,
3150,1489,evacuee,,Evacuee;59;in triage state;G;is entering the FOL
3150,219,FOL,,;EvacueeID;3;Triage Status;G;EvacueeID;5;Triage Status;G;EvacueeID;8;Triage Status;G;EvacueeID;12;Triage Status;G;EvacueeID;15;Triage Status;G;EvacueeID;21;Triage Status;G;EvacueeID;30;Triage Status;G;EvacueeID;31;Triage Status;G;EvacueeID;36;Triage Status;G;EvacueeID;38;Triage Status;G;EvacueeID;39;Triage Status;G;EvacueeID;42;Triage Status;G;EvacueeID;43;Triage Status;G;EvacueeID;46;Triage Status;G;EvacueeID;47;Triage Status;G;EvacueeID;51;Triage Status;G;EvacueeID;53;Triage Status;G;EvacueeID;56;Triage Status;G;EvacueeID;57;Triage Status;G;EvacueeID;59;Triage Status;G;Lives Saved;20
3150,567,evacuee,outFOL,Evacuee 39 in triage category G is not assigned a helicopter
3150,567,evacuee,,Evacuee;39;in triage state;G;is at the FOL
3150,633,evacuee,outFOL,Evacuee 51 in triage category G is not assigned a helicopter
3150,633,evacuee,,Evacuee;51;in triage state;G;is at the FOL
3150,999,evacuee,outFOL,Evacuee 46 in triage category G is not assigned a helicopter
3150,999,evacuee,,Evacuee;46;in triage state;G;is at the FOL
3150,1002,evacuee,outFOL,Evacuee 53 in triage category G is not assigned a helicopter
3150,1002,evacuee,,Evacuee;53;in triage state;G;is at the FOL
3150,1062,evacuee,outFOL,Evacuee 42 in triage category G is not assigned a helicopter
3150,1062,evacuee,,Evacuee;42;in triage state;G;is at the FOL
3150,1068,evacuee,outFOL,Evacuee 43 in triage category G is not assigned a helicopter
3150,1068,evacuee,,Evacuee;43;in triage state;G;is at the FOL
3150,1125,evacuee,outFOL,Evacuee 47 in triage category G is not assigned a helicopter
3150,1125,evacuee,,Evacuee;47;in triage state;G;is at the FOL
3150,1128,evacuee,outFOL,Evacuee 56 in triage category G is not assigned a helicopter
3150,1128,evacuee,,Evacuee;56;in triage state;G;is at the FOL
3150,1140,evacuee,outFOL,Evacuee 57 in triage category G is not assigned a helicopter
3150,1140,evacuee,,Evacuee;57;in triage state;G;is at the FOL
3150,1489,evacuee,outFOL,Evacuee 59 in triage category G is not assigned a helicopter
3150,1489,evacuee,,Evacuee;59;in triage state;G;is at the FOL
3150,219,FOL,,;EvacueeID;3;Triage Status;G;EvacueeID;5;Triage Status;G;EvacueeID;8;Triage Status;G;EvacueeID;12;Triage Status;G;EvacueeID;15;Triage Status;G;EvacueeID;21;Triage Status;G;EvacueeID;30;Triage Status;G;EvacueeID;31;Triage Status;G;EvacueeID;36;Triage Status;G;EvacueeID;38;Triage Status;G;EvacueeID;39;Triage Status;G;EvacueeID;42;Triage Status;G;EvacueeID;43;Triage Status;G;EvacueeID;46;Triage Status;G;EvacueeID;47;Triage Status;G;EvacueeID;51;Triage Status;G;EvacueeID;53;Triage Status;G;EvacueeID;56;Triage Status;G;EvacueeID;57;Triage Status;G;EvacueeID;59;Triage Status;G;Lives Saved;20
3155.32,3,evacueeManager,,OFF SHIP: White;0;Green;142;Yellow;31;Red;4;Black;303;ON SHIP: White;0;Green;0;Yellow;0;Red;0;Evacuees to Transfer;
3155.32,1119,evacuee,outES,Evacuee 63 in triage category R is not assigned a helicopter
3155.32,1119,evacuee,,Evacuee;63;in triage state;B;is at the evacuation site
3164.27,3,evacueeManager,,OFF SHIP: White;0;Green;142;Yellow;31;Red;3;Black;304;ON SHIP: White;0;Green;0;Yellow;0;Red;0;Evacuees to Transfer;
3164.27,816,evacuee,outES,Evacuee 71 in triage category R is not assigned a helicopter
3164.27,816,evacuee,,Evacuee;71;in triage state;B;is at the evacuation site
3165,1153,helicopter,,Helicopter;1;Is going to the evacuation site;;and has;0;spots taken
3169.18,3,evacueeManager,,OFF SHIP: White;0;Green;141;Yellow;32;Red;3;Black;304;ON SHIP: White;0;Green;0;Yellow;0;Red;0;Evacuees to Transfer;
3169.18,1050,evacuee,outES,Evacuee 155 in triage category G is not assigned a helicopter
3169.18,1050,evacuee,,Evacuee;155;in triage state;Y;is at the evacuation site
3177.23,3,evacueeManager,,OFF SHIP: White;0;Green;141;Yellow;31;Red;4;Black;304;ON SHIP: White;0;Green;0;Yellow;0;Red;0;Evacuees to Transfer;
3177.23,906,evacuee,outES,Evacuee 157 in triage category Y is not assigned a helicopter
3177.23,906,evacuee,,Evacuee;157;in triage state;R;is at the evacuation site
3178.62,3,evacueeManager,,OFF SHIP: White;0;Green;140;Yellow;32;Red;4;Black;304;ON SHIP: White;0;Green;0;Yellow;0;Red;0;Evacuees to Transfer;
3178.62,624,evacuee,outES,Evacuee 87 in triage category G is not assigned a helicopter
3178.62,624,evacuee,,Evacuee;87;in triage state;Y;is at the evacuation site
3181.6,3,evacueeManager,,OFF SHIP: White;0;Green;140;Yellow;31;Red;5;Black;304;ON SHIP: White;0;Green;0;Yellow;0;Red;0;Evacuees to Transfer;
3181.6,1116,evacuee,outES,Evacuee 94 in triage category Y is not assigned a helicopter
3181.6,1116,evacuee,,Evacuee;94;in triage state;R;is at the evacuation site
3181.64,3,evacueeManager,,OFF SHIP: White;0;Green;140;Yellow;30;Red;6;Black;304;ON SHIP: White;0;Green;0;Yellow;0;Red;0;Evacuees to Transfer;
3181.64,1074,evacuee,outES,Evacuee 336 in triage category Y is not assigned a helicopter
3181.64,1074,evacuee,,Evacuee;336;in triage state;R;is at the evacuation site
3183.55,3,evacueeManager,,OFF SHIP: White;0;Green;140;Yellow;30;Red;5;Black;305;ON SHIP: White;0;Green;0;Yellow;0;Red;0;Evacuees to Transfer;
3183.55,906,evacuee,outES,Evacuee 157 in triage category R is not assigned a helicopter
3183.55,906,evacuee,,Evacuee;157;in triage state;B;is at the evacuation site
3189.91,3,evacueeManager,,OFF SHIP: White;0;Green;139;Yellow;31;Red;5;Black;305;ON SHIP: White;0;Green;0;Yellow;0;Red;0;Evacuees to Transfer;
3189.91,285,evacuee,outES,Evacuee 328 in triage category G is not assigned a helicopter
3189.91,285,evacuee,,Evacuee;328;in triage state;Y;is at the evacuation site
3195.07,3,evacueeManager,,OFF SHIP: White;0;Green;138;Yellow;32;Red;5;Black;305;ON SHIP: White;0;Green;0;Yellow;0;Red;0;Evacuees to Transfer;
3195.07,1267,evacuee,outES,Evacuee 438 in triage category G is not assigned a helicopter
3195.07,1267,evacuee,,Evacuee;438;in triage state;Y;is at the evacuation site
3203.76,3,evacueeManager,,OFF SHIP: White;0;Green;137;Yellow;33;Red;5;Black;305;ON SHIP: White;0;Green;0;Yellow;0;Red;0;Evacuees to Transfer;
3203.76,1339,evacuee,outES,Evacuee 191 in triage category G is not assigned a helicopter
3203.76,1339,evacuee,,Evacuee;191;in triage state;Y;is at the evacuation site
3206.64,3,evacueeManager,,OFF SHIP: White;0;Green;137;Yellow;32;Red;6;Black;305;ON SHIP: White;0;Green;0;Yellow;0;Red;0;Evacuees to Transfer;
3206.64,1044,evacuee,outES,Evacuee 20 in triage category Y is not assigned a helicopter
3206.64,1044,evacuee,,Evacuee;20;in triage state;R;is at the evacuation site
3220.21,3,evacueeManager,,OFF SHIP: White;0;Green;137;Yellow;31;Red;7;Black;305;ON SHIP: White;0;Green;0;Yellow;0;Red;0;Evacuees to Transfer;
3220.21,1267,evacuee,outES,Evacuee 438 in triage category Y is not assigned a helicopter
3220.21,1267,evacuee,,Evacuee;438;in triage state;R;is at the evacuation site
3221.09,3,evacueeManager,,OFF SHIP: White;0;Green;137;Yellow;30;Red;8;Black;305;ON SHIP: White;0;Green;0;Yellow;0;Red;0;Evacuees to Transfer;
3221.09,149,evacuee,outES,Evacuee 401 in triage category Y is not assigned a helicopter
3221.09,149,evacuee,,Evacuee;401;in triage state;R;is at the evacuation site
3225.57,3,evacueeManager,,OFF SHIP: White;0;Green;136;Yellow;31;Red;8;Black;305;ON SHIP: White;0;Green;0;Yellow;0;Red;0;Evacuees to Transfer;
3225.57,80,evacuee,outES,Evacuee 455 in triage category G is not assigned a helicopter
3225.57,80,evacuee,,Evacuee;455;in triage state;Y;is at the evacuation site
3230.04,3,evacueeManager,,OFF SHIP: White;0;Green;136;Yellow;30;Red;9;Black;305;ON SHIP: White;0;Green;0;Yellow;0;Red;0;Evacuees to Transfer;
3230.04,1264,evacuee,outES,Evacuee 178 in triage category Y is not assigned a helicopter
3230.04,1264,evacuee,,Evacuee;178;in triage state;R;is at the evacuation site
3233.49,3,evacueeManager,,OFF SHIP: White;0;Green;136;Yellow;29;Red;10;Black;305;ON SHIP: White;0;Green;0;Yellow;0;Red;0;Evacuees to Transfer;
3233.49,1258,evacuee,outES,Evacuee 16 in triage category Y is not assigned a helicopter
3233.49,1258,evacuee,,Evacuee;16;in triage state;R;is at the evacuation site
3237.58,3,evacueeManager,,OFF SHIP: White;0;Green;136;Yellow;29;Red;9;Black;306;ON SHIP: White;0;Green;0;Yellow;0;Red;0;Evacuees to Transfer;
3237.58,1044,evacuee,outES,Evacuee 20 in triage category R is not assigned a helicopter
3237.58,1044,evacuee,,Evacuee;20;in triage state;B;is at the evacuation site
3240,5,helicopterQueue,,1;Helos are waiting to land;HeloID;1
3240,1153,helicopter,outES,Helicopter 1 is evacuating people1
3240,1153,helicopter,,Helicopter;1;is waiting to land at the evacuation site;;and has;0;spots taken
3240,4,helipadManager,,;No helos are at ES
3240,5,helicopterQueue,outHM,Helicopter 1 is evacuating people1
3240,5,helicopterQueue,outHelo,Helicopter 1 is evacuating people1
3240,5,helicopterQueue,,;No helos are waiting to land
3240,1152,filterES,,Helicopter;1;is evacuating people
3240,3,evacueeManager,,OFF SHIP: White;0;Green;126;Yellow;29;Red;9;Black;306;ON SHIP: White;0;Green;0;Yellow;0;Red;0;Evacuees to Transfer;;EvacueeID;62;HeloID;1;OnShip;0;Triage Status;G;EvacueeID;66;HeloID;1;OnShip;0;Triage Status;G;EvacueeID;68;HeloID;1;OnShip;0;Triage Status;G;EvacueeID;72;HeloID;1;OnShip;0;Triage Status;G;EvacueeID;79;HeloID;1;OnShip;0;Triage Status;G;EvacueeID;80;HeloID;1;OnShip;0;Triage Status;G;EvacueeID;84;HeloID;1;OnShip;0;Triage Status;G;EvacueeID;86;HeloID;1;OnShip;0;Triage Status;G;EvacueeID;89;HeloID;1;OnShip;0;Triage Status;G;EvacueeID;91;HeloID;1;OnShip;0;Triage Status;G
3240,4,helipadManager,outEM,Helicopter 1 is evacuating people1
3240,4,helipadManager,,Helo;1;is at the ES
3240,1152,filterES,out,Helicopter 1 is evacuating people1
3240,1152,filterES,,
3240,1153,helicopter,,Helicopter;1;is waiting to land at the evacuation site;;and has;0;spots taken
3240,3,evacueeManager,outEvac,Evacuee 62 in triage category G is assigned helicopter 1
3240,3,evacueeManager,outEvac,Evacuee 66 in triage category G is assigned helicopter 1
3240,3,evacueeManager,outEvac,Evacuee 68 in triage category G is assigned helicopter 1
3240,3,evacueeManager,outEvac,Evacuee 72 in triage category G is assigned helicopter 1
3240,3,evacueeManager,outEvac,Evacuee 79 in triage category G is assigned helicopter 1
3240,3,evacueeManager,outEvac,Evacuee 80 in triage category G is assigned helicopter 1
3240,3,evacueeManager,outEvac,Evacuee 84 in triage category G is assigned helicopter 1
3240,3,evacueeManager,outEvac,Evacuee 86 in triage category G is assigned helicopter 1
3240,3,evacueeManager,outEvac,Evacuee 89 in triage category G is assigned helicopter 1
3240,3,evacueeManager,outEvac,Evacuee 91 in triage category G is assigned helicopter 1
3240,3,evacueeManager,,OFF SHIP: White;0;Green;126;Yellow;29;Red;9;Black;306;ON SHIP: White;0;Green;0;Yellow;0;Red;0;Evacuees to Transfer;
3240,7,filterLoc,,
3240,10,filterLoc,,
3240,13,filterLoc,,
3240,16,filterLoc,,
3240,19,filterLoc,,
3240,22,filterLoc,,
3240,25,filterLoc,,
3240,28,filterLoc,,
3240,31,filterLoc,,
3240,34,filterLoc,,
3240,37,filterLoc,,
3240,40,filterLoc,,
3240,43,filterLoc,,
3240,46,filterLoc,,
3240,49,filterLoc,,
3240,52,filterLoc,,
3240,55,filterLoc,,
3240,58,filterLoc,,
3240,61,filterLoc,,
3240,64,filterLoc,,
3240,67,filterLoc,,
3240,70,filterLoc,,
3240,73,filterLoc,,
3240,76,filterLoc,,
3240,79,filterLoc,,
3240,82,filterLoc,,
3240,85,filterLoc,,
3240,88,filterLoc,,
3240,91,filterLoc,,
3240,94,filterLoc,,
3240,97,filterLoc,,
3240,100,filterLoc,,
3240,103,filterLoc,,
3240,106,filterLoc,,
3240,109,filterLoc,,
3240,112,filterLoc,,
3240,115,filterLoc,,
3240,118,filterLoc,,
3240,121,filterLoc,,
3240,124,filterLoc,,
3240,127,filterLoc,,
3240,130,filterLoc,,
3240,133,filterLoc,,
3240,136,filterLoc,,
3240,139,filterLoc,,
3240,142,filterLoc,,
3240,145,filterLoc,,
3240,148,filterLoc,,
3240,151,filterLoc,,
3240,154,filterLoc,,
3240,157,filterLoc,,
3240,160,filterLoc,,
3240,163,filterLoc,,
3240,166,filterLoc,,
3240,169,filterLoc,,
3240,172,filterLoc,,
3240,175,filterLoc,,
3240,178,filterLoc,,
3240,181,filterLoc,,
3240,184,filterLoc,,
3240,187,filterLoc,,
3240,190,filterLoc,,
3240,193,filterLoc,,
3240,196,filterLoc,,
3240,199,filterLoc,,
3240,202,filterLoc,,
3240,205,filterLoc,,
3240,208,filterLoc,,
3240,211,filterLoc,,
3240,214,filterLoc,,
3240,217,filterLoc,,
3240,221,filterLoc,,
3240,224,filterLoc,,
3240,227,filterLoc,,
3240,230,filterLoc,,
3240,233,filterLoc,,
3240,236,filterLoc,,
3240,239,filterLoc,,
3240,242,filterLoc,,
3240,245,filterLoc,,
3240,248,filterLoc,,
3240,251,filterLoc,,
3240,254,filterLoc,,
3240,257,filterLoc,,
3240,260,filterLoc,,
3240,263,filterLoc,,
3240,266,filterLoc,,
3240,269,filterLoc,,
3240,272,filterLoc,,
3240,275,filterLoc,,
3240,278,filterLoc,,
3240,281,filterLoc,,
3240,284,filterLoc,,
3240,287,filterLoc,,
3240,290,filterLoc,,
3240,293,filterLoc,,
3240,296,filterLoc,,
3240,299,filterLoc,,
3240,302,filterLoc,,
3240,305,filterLoc,,
3240,308,filterLoc,,
3240,311,filterLoc,,
3240,314,filterLoc,,
3240,317,filterLoc,,
3240,320,filterLoc,,
3240,323,filterLoc,,
3240,326,filterLoc,,
3240,329,filterLoc,,
3240,332,filterLoc,,
3240,335,filterLoc,,
3240,338,filterLoc,,
3240,341,filterLoc,,
3240,344,filterLoc,,
3240,347,filterLoc,,
3240,350,filterLoc,,
3240,353,filterLoc,,
3240,356,filterLoc,,
3240,359,filterLoc,,
3240,362,filterLoc,,
3240,365,filterLoc,,
3240,368,filterLoc,,
3240,371,filterLoc,,
3240,374,filterLoc,,
3240,377,filterLoc,,
3240,380,filterLoc,,
3240,383,filterLoc,,
3240,386,filterLoc,,
3240,389,filterLoc,,
3240,392,filterLoc,,
3240,395,filterLoc,,
3240,398,filterLoc,,
3240,401,filterLoc,,
3240,404,filterLoc,,
3240,407,filterLoc,,
3240,410,filterLoc,,
3240,413,filterLoc,,
3240,416,filterLoc,,
3240,419,filterLoc,,
3240,422,filterLoc,,
3240,425,filterLoc,,
3240,428,filterLoc,,
3240,431,filterLoc,,
3240,434,filterLoc,,
3240,437,filterLoc,,
3240,440,filterLoc,,
3240,443,filterLoc,,
3240,446,filterLoc,,
3240,449,filterLoc,,
3240,452,filterLoc,,
3240,455,filterLoc,,
3240,458,filterLoc,,
3240,461,filterLoc,,
3240,464,filterLoc,,
3240,467,filterLoc,,
3240,470,filterLoc,,
3240,473,filterLoc,,
3240,476,filterLoc,,
3240,479,filterLoc,,
3240,482,filterLoc,,
3240,485,filterLoc,,
3240,488,filterLoc,,
3240,491,filterLoc,,
3240,494,filterLoc,,
3240,497,filterLoc,,
3240,500,filterLoc,,
3240,503,filterLoc,,
3240,506,filterLoc,,
3240,509,filterLoc,,
3240,512,filterLoc,,
3240,515,filterLoc,,
3240,518,filterLoc,,
3240,521,filterLoc,,
3240,524,filterLoc,,
3240,527,filterLoc,,
3240,530,filterLoc,,
3240,533,filterLoc,,
3240,536,filterLoc,,
3240,539,filterLoc,,
3240,542,filterLoc,,
3240,545,filterLoc,,
3240,548,filterLoc,,
3240,551,filterLoc,,
3240,554,filterLoc,,
3240,557,filterLoc,,
3240,560,filterLoc,,
3240,563,filterLoc,,
3240,566,filterLoc,,
3240,569,filterLoc,,
3240,572,filterLoc,,
3240,575,filterLoc,,
3240,578,filterLoc,,
3240,581,filterLoc,,
3240,584,filterLoc,,
3240,587,filterLoc,,
3240,590,filterLoc,,
3240,593,filterLoc,,
3240,596,filterLoc,,
3240,599,filterLoc,,
3240,602,filterLoc,,
3240,605,filterLoc,,
3240,608,filterLoc,,
3240,611,filterLoc,,
3240,614,filterLoc,,
3240,617,filterLoc,,
3240,620,filterLoc,,
3240,623,filterLoc,,
3240,626,filterLoc,,
3240,629,filterLoc,,;Evacuee;86;in triage category;G;is entering helicopter;1
3240,632,filterLoc,,
3240,635,filterLoc,,
3240,638,filterLoc,,;Evacuee;80;in triage category;G;is entering helicopter;1
3240,641,filterLoc,,;Evacuee;79;in triage category;G;is entering helicopter;1
3240,644,filterLoc,,
3240,647,filterLoc,,
3240,650,filterLoc,,
3240,653,filterLoc,,
3240,656,filterLoc,,
3240,659,filterLoc,,
3240,662,filterLoc,,
3240,665,filterLoc,,
3240,668,filterLoc,,
3240,671,filterLoc,,
3240,674,filterLoc,,
3240,677,filterLoc,,
3240,680,filterLoc,,
3240,683,filterLoc,,
3240,686,filterLoc,,
3240,689,filterLoc,,
3240,692,filterLoc,,
3240,695,filterLoc,,
3240,698,filterLoc,,
3240,701,filterLoc,,
3240,704,filterLoc,,;Evacuee;66;in triage category;G;is entering helicopter;1
3240,707,filterLoc,,;Evacuee;62;in triage category;G;is entering helicopter;1
3240,710,filterLoc,,
3240,713,filterLoc,,
3240,716,filterLoc,,
3240,719,filterLoc,,
3240,722,filterLoc,,
3240,725,filterLoc,,
3240,728,filterLoc,,
3240,731,filterLoc,,
3240,734,filterLoc,,
3240,737,filterLoc,,
3240,740,filterLoc,,
3240,743,filterLoc,,
3240,746,filterLoc,,
3240,749,filterLoc,,
3240,752,filterLoc,,
3240,755,filterLoc,,
3240,758,filterLoc,,
3240,761,filterLoc,,
3240,764,filterLoc,,
3240,767,filterLoc,,
3240,770,filterLoc,,
3240,773,filterLoc,,
3240,776,filterLoc,,
3240,779,filterLoc,,
3240,782,filterLoc,,
3240,785,filterLoc,,
3240,788,filterLoc,,
3240,791,filterLoc,,
3240,794,filterLoc,,
3240,797,filterLoc,,
3240,800,filterLoc,,
3240,803,filterLoc,,
3240,806,filterLoc,,
3240,809,filterLoc,,
3240,812,filterLoc,,
3240,815,filterLoc,,
3240,818,filterLoc,,
3240,821,filterLoc,,
3240,824,filterLoc,,
3240,827,filterLoc,,
3240,830,filterLoc,,
3240,833,filterLoc,,
3240,836,filterLoc,,
3240,839,filterLoc,,;Evacuee;89;in triage category;G;is entering helicopter;1
3240,842,filterLoc,,
3240,845,filterLoc,,
3240,848,filterLoc,,
3240,851,filterLoc,,
3240,854,filterLoc,,
3240,857,filterLoc,,
3240,860,filterLoc,,
3240,863,filterLoc,,
3240,866,filterLoc,,
3240,869,filterLoc,,
3240,872,filterLoc,,
3240,875,filterLoc,,
3240,878,filterLoc,,
3240,881,filterLoc,,
3240,884,filterLoc,,
3240,887,filterLoc,,
3240,890,filterLoc,,
3240,893,filterLoc,,
3240,896,filterLoc,,
3240,899,filterLoc,,
3240,902,filterLoc,,
3240,905,filterLoc,,
3240,908,filterLoc,,
3240,911,filterLoc,,
3240,914,filterLoc,,
3240,917,filterLoc,,
3240,920,filterLoc,,
3240,923,filterLoc,,
3240,926,filterLoc,,
3240,929,filterLoc,,
3240,932,filterLoc,,
3240,935,filterLoc,,
3240,938,filterLoc,,
3240,941,filterLoc,,
3240,944,filterLoc,,
3240,947,filterLoc,,
3240,950,filterLoc,,
3240,953,filterLoc,,
3240,956,filterLoc,,
3240,959,filterLoc,,
3240,962,filterLoc,,
3240,965,filterLoc,,
3240,968,filterLoc,,
3240,971,filterLoc,,
3240,974,filterLoc,,
3240,977,filterLoc,,
3240,980,filterLoc,,
3240,983,filterLoc,,
3240,986,filterLoc,,
3240,989,filterLoc,,
3240,992,filterLoc,,;Evacuee;68;in triage category;G;is entering helicopter;1
3240,995,filterLoc,,;Evacuee;72;in triage category;G;is entering helicopter;1
3240,998,filterLoc,,
3240,1001,filterLoc,,
3240,1004,filterLoc,,
3240,1007,filterLoc,,
3240,1010,filterLoc,,
3240,1013,filterLoc,,
3240,1016,filterLoc,,
3240,1019,filterLoc,,
3240,1022,filterLoc,,
3240,1025,filterLoc,,
3240,1028,filterLoc,,
3240,1031,filterLoc,,
3240,1034,filterLoc,,
3240,1037,filterLoc,,
3240,1040,filterLoc,,
3240,1043,filterLoc,,
3240,1046,filterLoc,,
3240,1049,filterLoc,,
3240,1052,filterLoc,,
3240,1055,filterLoc,,
3240,1058,filterLoc,,;Evacuee;84;in triage category;G;is entering helicopter;1
3240,1061,filterLoc,,
3240,1064,filterLoc,,;Evacuee;91;in triage category;G;is entering helicopter;1
3240,1067,filterLoc,,
3240,1070,filterLoc,,
3240,1073,filterLoc,,
3240,1076,filterLoc,,
3240,1079,filterLoc,,
3240,1082,filterLoc,,
3240,1085,filterLoc,,
3240,1088,filterLoc,,
3240,1091,filterLoc,,
3240,1094,filterLoc,,
3240,1097,filterLoc,,
3240,1100,filterLoc,,
3240,1103,filterLoc,,
3240,1106,filterLoc,,
3240,1109,filterLoc,,
3240,1112,filterLoc,,
3240,1115,filterLoc,,
3240,1118,filterLoc,,
3240,1121,filterLoc,,
3240,1124,filterLoc,,
3240,1127,filterLoc,,
3240,1130,filterLoc,,
3240,1133,filterLoc,,
3240,1136,filterLoc,,
3240,1139,filterLoc,,
3240,1142,filterLoc,,
3240,1145,filterLoc,,
3240,1148,filterLoc,,
3240,1153,helicopter,,Helicopter;1;is loading people at the evacuation site;;and has;0;spots taken
3240,1155,filterLoc,,
3240,1158,filterLoc,,
3240,1161,filterLoc,,
3240,1164,filterLoc,,
3240,1167,filterLoc,,
3240,1170,filterLoc,,
3240,1173,filterLoc,,
3240,1176,filterLoc,,
3240,1179,filterLoc,,
3240,1182,filterLoc,,
3240,1185,filterLoc,,
3240,1188,filterLoc,,
3240,1191,filterLoc,,
3240,1194,filterLoc,,
3240,1197,filterLoc,,
3240,1200,filterLoc,,
3240,1203,filterLoc,,
3240,1206,filterLoc,,
3240,1209,filterLoc,,
3240,1212,filterLoc,,
3240,1215,filterLoc,,
3240,1218,filterLoc,,
3240,1221,filterLoc,,
3240,1224,filterLoc,,
3240,1227,filterLoc,,
3240,1230,filterLoc,,
3240,1233,filterLoc,,
3240,1236,filterLoc,,
3240,1239,filterLoc,,
3240,1242,filterLoc,,
3240,1245,filterLoc,,
3240,1248,filterLoc,,
3240,1251,filterLoc,,
3240,1254,filterLoc,,
3240,1257,filterLoc,,
3240,1260,filterLoc,,
3240,1263,filterLoc,,
3240,1266,filterLoc,,
3240,1269,filterLoc,,
3240,1272,filterLoc,,
3240,1275,filterLoc,,
3240,1278,filterLoc,,
3240,1281,filterLoc,,
3240,1284,filterLoc,,
3240,1287,filterLoc,,
3240,1290,filterLoc,,
3240,1293,filterLoc,,
3240,1296,filterLoc,,
3240,1299,filterLoc,,
3240,1302,filterLoc,,
3240,1305,filterLoc,,
3240,1308,filterLoc,,
3240,1311,filterLoc,,
3240,1314,filterLoc,,
3240,1317,filterLoc,,
3240,1320,filterLoc,,
3240,1323,filterLoc,,
3240,1326,filterLoc,,
3240,1329,filterLoc,,
3240,1332,filterLoc,,
3240,1335,filterLoc,,
3240,1338,filterLoc,,
3240,1341,filterLoc,,
3240,1344,filterLoc,,
3240,1347,filterLoc,,
3240,1350,filterLoc,,
3240,1353,filterLoc,,
3240,1356,filterLoc,,
3240,1359,filterLoc,,
3240,1362,filterLoc,,
3240,1365,filterLoc,,
3240,1368,filterLoc,,
3240,1371,filterLoc,,
3240,1374,filterLoc,,
3240,1377,filterLoc,,
3240,1380,filterLoc,,
3240,1383,filterLoc,,
3240,1386,filterLoc,,
3240,1389,filterLoc,,
3240,1392,filterLoc,,
3240,1395,filterLoc,,
3240,1398,filterLoc,,
3240,1401,filterLoc,,
3240,1404,filterLoc,,
3240,1407,filterLoc,,
3240,1410,filterLoc,,
3240,1413,filterLoc,,
3240,1416,filterLoc,,
3240,1419,filterLoc,,
3240,1422,filterLoc,,
3240,1425,filterLoc,,
3240,1428,filterLoc,,
3240,1431,filterLoc,,
3240,1434,filterLoc,,
3240,1437,filterLoc,,
3240,1440,filterLoc,,
3240,1443,filterLoc,,
3240,1446,filterLoc,,
3240,1449,filterLoc,,
3240,1452,filterLoc,,
3240,1455,filterLoc,,
3240,1458,filterLoc,,
3240,1461,filterLoc,,
3240,1464,filterLoc,,
3240,1467,filterLoc,,
3240,1470,filterLoc,,
3240,1473,filterLoc,,
3240,1476,filterLoc,,
3240,1479,filterLoc,,
3240,1482,filterLoc,,
3240,1485,filterLoc,,
3240,1488,filterLoc,,
3240,1491,filterLoc,,
3240,1494,filterLoc,,
3240,1497,filterLoc,,
3240,1500,filterLoc,,
3240,1503,filterLoc,,
3240,1506,filterLoc,,
3240,1509,filterLoc,,
3240,629,filterLoc,out,Evacuee 86 in triage category G is assigned helicopter 1
3240,629,filterLoc,,
3240,630,evacuee,,Evacuee;86;in triage state;G;is entering helicopter;1
3240,638,filterLoc,out,Evacuee 80 in triage category G is assigned helicopter 1
3240,638,filterLoc,,
3240,639,evacuee,,Evacuee;80;in triage state;G;is entering helicopter;1
3240,641,filterLoc,out,Evacuee 79 in triage category G is assigned helicopter 1
3240,641,filterLoc,,
3240,642,evacuee,,Evacuee;79;in triage state;G;is entering helicopter;1
3240,704,filterLoc,out,Evacuee 66 in triage category G is assigned helicopter 1
3240,704,filterLoc,,
3240,705,evacuee,,Evacuee;66;in triage state;G;is entering helicopter;1
3240,707,filterLoc,out,Evacuee 62 in triage category G is assigned helicopter 1
3240,707,filterLoc,,
3240,708,evacuee,,Evacuee;62;in triage state;G;is entering helicopter;1
3240,839,filterLoc,out,Evacuee 89 in triage category G is assigned helicopter 1
3240,839,filterLoc,,
3240,840,evacuee,,Evacuee;89;in triage state;G;is entering helicopter;1
3240,992,filterLoc,out,Evacuee 68 in triage category G is assigned helicopter 1
3240,992,filterLoc,,
3240,993,evacuee,,Evacuee;68;in triage state;G;is entering helicopter;1
3240,995,filterLoc,out,Evacuee 72 in triage category G is assigned helicopter 1
3240,995,filterLoc,,
3240,996,evacuee,,Evacuee;72;in triage state;G;is entering helicopter;1
3240,1058,filterLoc,out,Evacuee 84 in triage category G is assigned helicopter 1
3240,1058,filterLoc,,
3240,1059,evacuee,,Evacuee;84;in triage state;G;is entering helicopter;1
3240,1064,filterLoc,out,Evacuee 91 in triage category G is assigned helicopter 1
3240,1064,filterLoc,,
3240,1065,evacuee,,Evacuee;91;in triage state;G;is entering helicopter;1
3240,630,evacuee,outHelo,Evacuee 86 in triage category G is assigned helicopter 1
3240,630,evacuee,,Evacuee;86;in triage state;G;is in helicopter;1
3240,639,evacuee,outHelo,Evacuee 80 in triage category G is assigned helicopter 1
3240,639,evacuee,,Evacuee;80;in triage state;G;is in helicopter;1
3240,642,evacuee,outHelo,Evacuee 79 in triage category G is assigned helicopter 1
3240,642,evacuee,,Evacuee;79;in triage state;G;is in helicopter;1
3240,705,evacuee,outHelo,Evacuee 66 in triage category G is assigned helicopter 1
3240,705,evacuee,,Evacuee;66;in triage state;G;is in helicopter;1
3240,708,evacuee,outHelo,Evacuee 62 in triage category G is assigned helicopter 1
3240,708,evacuee,,Evacuee;62;in triage state;G;is in helicopter;1
3240,840,evacuee,outHelo,Evacuee 89 in triage category G is assigned helicopter 1
3240,840,evacuee,,Evacuee;89;in triage state;G;is in helicopter;1
3240,993,evacuee,outHelo,Evacuee 68 in triage category G is assigned helicopter 1
3240,993,evacuee,,Evacuee;68;in triage state;G;is in helicopter;1
3240,996,evacuee,outHelo,Evacuee 72 in triage category G is assigned helicopter 1
3240,996,evacuee,,Evacuee;72;in triage state;G;is in helicopter;1
3240,1059,evacuee,outHelo,Evacuee 84 in triage category G is assigned helicopter 1
3240,1059,evacuee,,Evacuee;84;in triage state;G;is in helicopter;1
3240,1065,evacuee,outHelo,Evacuee 91 in triage category G is assigned helicopter 1
3240,1065,evacuee,,Evacuee;91;in triage state;G;is in helicopter;1
3240,1151,filterEvac,,;Evacuee;62;in triage category;G;is entering helicopter;1;Evacuee;66;in triage category;G;is entering helicopter;1;Evacuee;68;in triage category;G;is entering helicopter;1;Evacuee;72;in triage category;G;is entering helicopter;1;Evacuee;79;in triage category;G;is entering helicopter;1;Evacuee;80;in triage category;G;is entering helicopter;1;Evacuee;84;in triage category;G;is entering helicopter;1;Evacuee;86;in triage category;G;is entering helicopter;1;Evacuee;89;in triage category;G;is entering helicopter;1;Evacuee;91;in triage category;G;is entering helicopter;1
3240,1151,filterEvac,out,Evacuee 62 in triage category G is assigned helicopter 1
3240,1151,filterEvac,out,Evacuee 66 in triage category G is assigned helicopter 1
3240,1151,filterEvac,out,Evacuee 68 in triage category G is assigned helicopter 1
3240,1151,filterEvac,out,Evacuee 72 in triage category G is assigned helicopter 1
3240,1151,filterEvac,out,Evacuee 79 in triage category G is assigned helicopter 1
3240,1151,filterEvac,out,Evacuee 80 in triage category G is assigned helicopter 1
3240,1151,filterEvac,out,Evacuee 84 in triage category G is assigned helicopter 1
3240,1151,filterEvac,out,Evacuee 86 in triage category G is assigned helicopter 1
3240,1151,filterEvac,out,Evacuee 89 in triage category G is assigned helicopter 1
3240,1151,filterEvac,out,Evacuee 91 in triage category G is assigned helicopter 1
3240,1151,filterEvac,,
3240,1153,helicopter,,Helicopter;1;is loading people at the evacuation site;;and has;10;spots taken
3241.09,3,evacueeManager,,OFF SHIP: White;0;Green;126;Yellow;28;Red;10;Black;306;ON SHIP: White;0;Green;0;Yellow;0;Red;0;Evacuees to Transfer;
3241.09,903,evacuee,outES,Evacuee 173 in triage category Y is not assigned a helicopter
3241.09,903,evacuee,,Evacuee;173;in triage state;R;is at the evacuation site
3244.12,3,evacueeManager,,OFF SHIP: White;0;Green;126;Yellow;28;Red;9;Black;307;ON SHIP: White;0;Green;0;Yellow;0;Red;0;Evacuees to Transfer;
3244.12,1074,evacuee,outES,Evacuee 336 in triage category R is not assigned a helicopter
3244.12,1074,evacuee,,Evacuee;336;in triage state;B;is at the evacuation site
3248.75,3,evacueeManager,,OFF SHIP: White;0;Green;125;Yellow;29;Red;9;Black;307;ON SHIP: White;0;Green;0;Yellow;0;Red;0;Evacuees to Transfer;
3248.75,420,evacuee,outES,Evacuee 274 in triage category G is not assigned a helicopter
3248.75,420,evacuee,,Evacuee;274;in triage state;Y;is at the evacuation site
3249.25,3,evacueeManager,,OFF SHIP: White;0;Green;125;Yellow;28;Red;10;Black;307;ON SHIP: White;0;Green;0;Yellow;0;Red;0;Evacuees to Transfer;
3249.25,546,evacuee,outES,Evacuee 235 in triage category Y is not assigned a helicopter
3249.25,546,evacuee,,Evacuee;235;in triage state;R;is at the evacuation site
3255,4,helipadManager,outHelo,Helicopter 1 is evacuating people1
3255,4,helipadManager,,;No helos are at ES
3255,1152,filterES,,Helicopter;1;is evacuating people
3255,4,helipadManager,outHQ,0
3255,4,helipadManager,,;No helos are at ES
3255,5,helicopterQueue,,;No helos are waiting to land
3255,1152,filterES,out,Helicopter 1 is evacuating people1
3255,1152,filterES,,
3255,1153,helicopter,,Helicopter;1;is loading people at the evacuation site;;and has;10;spots taken
3255,5,helicopterQueue,,;No helos are waiting to land
3255,1153,helicopter,,Helicopter;1;is returning to the FOL;;and has;10;spots taken
3255.72,3,evacueeManager,,OFF SHIP: White;0;Green;125;Yellow;28;Red;9;Black;308;ON SHIP: White;0;Green;0;Yellow;0;Red;0;Evacuees to Transfer;
3255.72,1267,evacuee,outES,Evacuee 438 in triage category R is not assigned a helicopter
3255.72,1267,evacuee,,Evacuee;438;in triage state;B;is at the evacuation site
3268.32,3,evacueeManager,,OFF SHIP: White;0;Green;125;Yellow;27;Red;10;Black;308;ON SHIP: White;0;Green;0;Yellow;0;Red;0;Evacuees to Transfer;
3268.32,624,evacuee,outES,Evacuee 87 in triage category Y is not assigned a helicopter
3268.32,624,evacuee,,Evacuee;87;in triage state;R;is at the evacuation site
3274.77,3,evacueeManager,,OFF SHIP: White;0;Green;125;Yellow;27;Red;9;Black;309;ON SHIP: White;0;Green;0;Yellow;0;Red;0;Evacuees to Transfer;
3274.77,1183,evacuee,outES,Evacuee 131 in triage category R is not assigned a helicopter
3274.77,1183,evacuee,,Evacuee;131;in triage state;B;is at the evacuation site
3280.61,3,evacueeManager,,OFF SHIP: White;0;Green;125;Yellow;27;Red;8;Black;310;ON SHIP: White;0;Green;0;Yellow;0;Red;0;Evacuees to Transfer;
3280.61,1258,evacuee,outES,Evacuee 16 in triage category R is not assigned a helicopter
3280.61,1258,evacuee,,Evacuee;16;in triage state;B;is at the evacuation site
3281.55,3,evacueeManager,,OFF SHIP: White;0;Green;124;Yellow;28;Red;8;Black;310;ON SHIP: White;0;Green;0;Yellow;0;Red;0;Evacuees to Transfer;
3281.55,1122,evacuee,outES,Evacuee 175 in triage category G is not assigned a helicopter
3281.55,1122,evacuee,,Evacuee;175;in triage state;Y;is at the evacuation site
3283.27,3,evacueeManager,,OFF SHIP: White;0;Green;123;Yellow;29;Red;8;Black;310;ON SHIP: White;0;Green;0;Yellow;0;Red;0;Evacuees to Transfer;
3283.27,152,evacuee,outES,Evacuee 398 in triage category G is not assigned a helicopter
3283.27,152,evacuee,,Evacuee;398;in triage state;Y;is at the evacuation site
3285.62,3,evacueeManager,,OFF SHIP: White;0;Green;123;Yellow;29;Red;7;Black;311;ON SHIP: White;0;Green;0;Yellow;0;Red;0;Evacuees to Transfer;
3285.62,143,evacuee,outES,Evacuee 404 in triage category R is not assigned a helicopter
3285.62,143,evacuee,,Evacuee;404;in triage state;B;is at the evacuation site
3289.98,3,evacueeManager,,OFF SHIP: White;0;Green;122;Yellow;30;Red;7;Black;311;ON SHIP: White;0;Green;0;Yellow;0;Red;0;Evacuees to Transfer;
3289.98,909,evacuee,outES,Evacuee 451 in triage category G is not assigned a helicopter
3289.98,909,evacuee,,Evacuee;451;in triage state;Y;is at the evacuation site
3293.29,3,evacueeManager,,OFF SHIP: White;0;Green;122;Yellow;29;Red;8;Black;311;ON SHIP: White;0;Green;0;Yellow;0;Red;0;Evacuees to Transfer;
3293.29,1195,evacuee,outES,Evacuee 139 in triage category Y is not assigned a helicopter
3293.29,1195,evacuee,,Evacuee;139;in triage state;R;is at the evacuation site
3295.36,3,evacueeManager,,OFF SHIP: White;0;Green;122;Yellow;29;Red;7;Black;312;ON SHIP: White;0;Green;0;Yellow;0;Red;0;Evacuees to Transfer;
3295.36,149,evacuee,outES,Evacuee 401 in triage category R is not assigned a helicopter
3295.36,149,evacuee,,Evacuee;401;in triage state;B;is at the evacuation site
3303.97,3,evacueeManager,,OFF SHIP: White;0;Green;122;Yellow;29;Red;6;Black;313;ON SHIP: White;0;Green;0;Yellow;0;Red;0;Evacuees to Transfer;
3303.97,1116,evacuee,outES,Evacuee 94 in triage category R is not assigned a helicopter
3303.97,1116,evacuee,,Evacuee;94;in triage state;B;is at the evacuation site
3308.24,3,evacueeManager,,OFF SHIP: White;0;Green;122;Yellow;29;Red;5;Black;314;ON SHIP: White;0;Green;0;Yellow;0;Red;0;Evacuees to Transfer;
3308.24,624,evacuee,outES,Evacuee 87 in triage category R is not assigned a helicopter
3308.24,624,evacuee,,Evacuee;87;in triage state;B;is at the evacuation site
3318.38,3,evacueeManager,,OFF SHIP: White;0;Green;122;Yellow;29;Red;4;Black;315;ON SHIP: White;0;Green;0;Yellow;0;Red;0;Evacuees to Transfer;
3318.38,1264,evacuee,outES,Evacuee 178 in triage category R is not assigned a helicopter
3318.38,1264,evacuee,,Evacuee;178;in triage state;B;is at the evacuation site
3319.77,3,evacueeManager,,OFF SHIP: White;0;Green;121;Yellow;30;Red;4;Black;315;ON SHIP: White;0;Green;0;Yellow;0;Red;0;Evacuees to Transfer;
3319.77,696,evacuee,outES,Evacuee 128 in triage category G is not assigned a helicopter
3319.77,696,evacuee,,Evacuee;128;in triage state;Y;is at the evacuation site
3324.51,3,evacueeManager,,OFF SHIP: White;0;Green;121;Yellow;30;Red;3;Black;316;ON SHIP: White;0;Green;0;Yellow;0;Red;0;Evacuees to Transfer;
3324.51,903,evacuee,outES,Evacuee 173 in triage category R is not assigned a helicopter
3324.51,903,evacuee,,Evacuee;173;in triage state;B;is at the evacuation site
3324.65,3,evacueeManager,,OFF SHIP: White;0;Green;120;Yellow;31;Red;3;Black;316;ON SHIP: White;0;Green;0;Yellow;0;Red;0;Evacuees to Transfer;
3324.65,1411,evacuee,outES,Evacuee 294 in triage category G is not assigned a helicopter
3324.65,1411,evacuee,,Evacuee;294;in triage state;Y;is at the evacuation site
3330,7,filterLoc,,
3330,10,filterLoc,,
3330,13,filterLoc,,
3330,16,filterLoc,,
3330,19,filterLoc,,
3330,22,filterLoc,,
3330,25,filterLoc,,
3330,28,filterLoc,,
3330,31,filterLoc,,
3330,34,filterLoc,,
3330,37,filterLoc,,
3330,40,filterLoc,,
3330,43,filterLoc,,
3330,46,filterLoc,,
3330,49,filterLoc,,
3330,52,filterLoc,,
3330,55,filterLoc,,
3330,58,filterLoc,,
3330,61,filterLoc,,
3330,64,filterLoc,,
3330,67,filterLoc,,
3330,70,filterLoc,,
3330,73,filterLoc,,
3330,76,filterLoc,,
3330,79,filterLoc,,
3330,82,filterLoc,,
3330,85,filterLoc,,
3330,88,filterLoc,,
3330,91,filterLoc,,
3330,94,filterLoc,,
3330,97,filterLoc,,
3330,100,filterLoc,,
3330,103,filterLoc,,
3330,106,filterLoc,,
3330,109,filterLoc,,
3330,112,filterLoc,,
3330,115,filterLoc,,
3330,118,filterLoc,,
3330,121,filterLoc,,
3330,124,filterLoc,,
3330,127,filterLoc,,
3330,130,filterLoc,,
3330,133,filterLoc,,
3330,136,filterLoc,,
3330,139,filterLoc,,
3330,142,filterLoc,,
3330,145,filterLoc,,
3330,148,filterLoc,,
3330,151,filterLoc,,
3330,154,filterLoc,,
3330,157,filterLoc,,
3330,160,filterLoc,,
3330,163,filterLoc,,
3330,166,filterLoc,,
3330,169,filterLoc,,
3330,172,filterLoc,,
3330,175,filterLoc,,
3330,178,filterLoc,,
3330,181,filterLoc,,
3330,184,filterLoc,,
3330,187,filterLoc,,
3330,190,filterLoc,,
3330,193,filterLoc,,
3330,196,filterLoc,,
3330,199,filterLoc,,
3330,202,filterLoc,,
3330,205,filterLoc,,
3330,208,filterLoc,,
3330,211,filterLoc,,
3330,214,filterLoc,,
3330,217,filterLoc,,
3330,221,filterLoc,,
3330,224,filterLoc,,
3330,227,filterLoc,,
3330,230,filterLoc,,
3330,233,filterLoc,,
3330,236,filterLoc,,
3330,239,filterLoc,,
3330,242,filterLoc,,
3330,245,filterLoc,,
3330,248,filterLoc,,
3330,251,filterLoc,,
3330,254,filterLoc,,
3330,257,filterLoc,,
3330,260,filterLoc,,
3330,263,filterLoc,,
3330,266,filterLoc,,
3330,269,filterLoc,,
3330,272,filterLoc,,
3330,275,filterLoc,,
3330,278,filterLoc,,
3330,281,filterLoc,,
3330,284,filterLoc,,
3330,287,filterLoc,,
3330,290,filterLoc,,
3330,293,filterLoc,,
3330,296,filterLoc,,
3330,299,filterLoc,,
3330,302,filterLoc,,
3330,305,filterLoc,,
3330,308,filterLoc,,
3330,311,filterLoc,,
3330,314,filterLoc,,
3330,317,filterLoc,,
3330,320,filterLoc,,
3330,323,filterLoc,,
3330,326,filterLoc,,
3330,329,filterLoc,,
3330,332,filterLoc,,
3330,335,filterLoc,,
3330,338,filterLoc,,
3330,341,filterLoc,,
3330,344,filterLoc,,
3330,347,filterLoc,,
3330,350,filterLoc,,
3330,353,filterLoc,,
3330,356,filterLoc,,
3330,359,filterLoc,,
3330,362,filterLoc,,
3330,365,filterLoc,,
3330,368,filterLoc,,
3330,371,filterLoc,,
3330,374,filterLoc,,
3330,377,filterLoc,,
3330,380,filterLoc,,
3330,383,filterLoc,,
3330,386,filterLoc,,
3330,389,filterLoc,,
3330,392,filterLoc,,
3330,395,filterLoc,,
3330,398,filterLoc,,
3330,401,filterLoc,,
3330,404,filterLoc,,
3330,407,filterLoc,,
3330,410,filterLoc,,
3330,413,filterLoc,,
3330,416,filterLoc,,
3330,419,filterLoc,,
3330,422,filterLoc,,
3330,425,filterLoc,,
3330,428,filterLoc,,
3330,431,filterLoc,,
3330,434,filterLoc,,
3330,437,filterLoc,,
3330,440,filterLoc,,
3330,443,filterLoc,,
3330,446,filterLoc,,
3330,449,filterLoc,,
3330,452,filterLoc,,
3330,455,filterLoc,,
3330,458,filterLoc,,
3330,461,filterLoc,,
3330,464,filterLoc,,
3330,467,filterLoc,,
3330,470,filterLoc,,
3330,473,filterLoc,,
3330,476,filterLoc,,
3330,479,filterLoc,,
3330,482,filterLoc,,
3330,485,filterLoc,,
3330,488,filterLoc,,
3330,491,filterLoc,,
3330,494,filterLoc,,
3330,497,filterLoc,,
3330,500,filterLoc,,
3330,503,filterLoc,,
3330,506,filterLoc,,
3330,509,filterLoc,,
3330,512,filterLoc,,
3330,515,filterLoc,,
3330,518,filterLoc,,
3330,521,filterLoc,,
3330,524,filterLoc,,
3330,527,filterLoc,,
3330,530,filterLoc,,
3330,533,filterLoc,,
3330,536,filterLoc,,
3330,539,filterLoc,,
3330,542,filterLoc,,
3330,545,filterLoc,,
3330,548,filterLoc,,
3330,551,filterLoc,,
3330,554,filterLoc,,
3330,557,filterLoc,,
3330,560,filterLoc,,
3330,563,filterLoc,,
3330,566,filterLoc,,
3330,569,filterLoc,,
3330,572,filterLoc,,
3330,575,filterLoc,,
3330,578,filterLoc,,
3330,581,filterLoc,,
3330,584,filterLoc,,
3330,587,filterLoc,,
3330,590,filterLoc,,
3330,593,filterLoc,,
3330,596,filterLoc,,
3330,599,filterLoc,,
3330,602,filterLoc,,
3330,605,filterLoc,,
3330,608,filterLoc,,
3330,611,filterLoc,,
3330,614,filterLoc,,
3330,617,filterLoc,,
3330,620,filterLoc,,
3330,623,filterLoc,,
3330,626,filterLoc,,
3330,629,filterLoc,,;Evacuee;86;in triage category;G;is leaving helicopter;1
3330,632,filterLoc,,
3330,635,filterLoc,,
3330,638,filterLoc,,;Evacuee;80;in triage category;G;is leaving helicopter;1
3330,641,filterLoc,,;Evacuee;79;in triage category;G;is leaving helicopter;1
3330,644,filterLoc,,
3330,647,filterLoc,,
3330,650,filterLoc,,
3330,653,filterLoc,,
3330,656,filterLoc,,
3330,659,filterLoc,,
3330,662,filterLoc,,
3330,665,filterLoc,,
3330,668,filterLoc,,
3330,671,filterLoc,,
3330,674,filterLoc,,
3330,677,filterLoc,,
3330,680,filterLoc,,
3330,683,filterLoc,,
3330,686,filterLoc,,
3330,689,filterLoc,,
3330,692,filterLoc,,
3330,695,filterLoc,,
3330,698,filterLoc,,
3330,701,filterLoc,,
3330,704,filterLoc,,;Evacuee;66;in triage category;G;is leaving helicopter;1
3330,707,filterLoc,,;Evacuee;62;in triage category;G;is leaving helicopter;1
3330,710,filterLoc,,
3330,713,filterLoc,,
3330,716,filterLoc,,
3330,719,filterLoc,,
3330,722,filterLoc,,
3330,725,filterLoc,,
3330,728,filterLoc,,
3330,731,filterLoc,,
3330,734,filterLoc,,
3330,737,filterLoc,,
3330,740,filterLoc,,
3330,743,filterLoc,,
3330,746,filterLoc,,
3330,749,filterLoc,,
3330,752,filterLoc,,
3330,755,filterLoc,,
3330,758,filterLoc,,
3330,761,filterLoc,,
3330,764,filterLoc,,
3330,767,filterLoc,,
3330,770,filterLoc,,
3330,773,filterLoc,,
3330,776,filterLoc,,
3330,779,filterLoc,,
3330,782,filterLoc,,
3330,785,filterLoc,,
3330,788,filterLoc,,
3330,791,filterLoc,,
3330,794,filterLoc,,
3330,797,filterLoc,,
3330,800,filterLoc,,
3330,803,filterLoc,,
3330,806,filterLoc,,
3330,809,filterLoc,,
3330,812,filterLoc,,
3330,815,filterLoc,,
3330,818,filterLoc,,
3330,821,filterLoc,,
3330,824,filterLoc,,
3330,827,filterLoc,,
3330,830,filterLoc,,
3330,833,filterLoc,,
3330,836,filterLoc,,
3330,839,filterLoc,,;Evacuee;89;in triage category;G;is leaving helicopter;1
3330,842,filterLoc,,
3330,845,filterLoc,,
3330,848,filterLoc,,
3330,851,filterLoc,,
3330,854,filterLoc,,
3330,857,filterLoc,,
3330,860,filterLoc,,
3330,863,filterLoc,,
3330,866,filterLoc,,
3330,869,filterLoc,,
3330,872,filterLoc,,
3330,875,filterLoc,,
3330,878,filterLoc,,
3330,881,filterLoc,,
3330,884,filterLoc,,
3330,887,filterLoc,,
3330,890,filterLoc,,
3330,893,filterLoc,,
3330,896,filterLoc,,
3330,899,filterLoc,,
3330,902,filterLoc,,
3330,905,filterLoc,,
3330,908,filterLoc,,
3330,911,filterLoc,,
3330,914,filterLoc,,
3330,917,filterLoc,,
3330,920,filterLoc,,
3330,923,filterLoc,,
3330,926,filterLoc,,
3330,929,filterLoc,,
3330,932,filterLoc,,
3330,935,filterLoc,,
3330,938,filterLoc,,
3330,941,filterLoc,,
3330,944,filterLoc,,
3330,947,filterLoc,,
3330,950,filterLoc,,
3330,953,filterLoc,,
3330,956,filterLoc,,
3330,959,filterLoc,,
3330,962,filterLoc,,
3330,965,filterLoc,,
3330,968,filterLoc,,
3330,971,filterLoc,,
3330,974,filterLoc,,
3330,977,filterLoc,,
3330,980,filterLoc,,
3330,983,filterLoc,,
3330,986,filterLoc,,
3330,989,filterLoc,,
3330,992,filterLoc,,;Evacuee;68;in triage category;G;is leaving helicopter;1
3330,995,filterLoc,,;Evacuee;72;in triage category;G;is leaving helicopter;1
3330,998,filterLoc,,
3330,1001,filterLoc,,
3330,1004,filterLoc,,
3330,1007,filterLoc,,
3330,1010,filterLoc,,
3330,1013,filterLoc,,
3330,1016,filterLoc,,
3330,1019,filterLoc,,
3330,1022,filterLoc,,
3330,1025,filterLoc,,
3330,1028,filterLoc,,
3330,1031,filterLoc,,
3330,1034,filterLoc,,
3330,1037,filterLoc,,
3330,1040,filterLoc,,
3330,1043,filterLoc,,
3330,1046,filterLoc,,
3330,1049,filterLoc,,
3330,1052,filterLoc,,
3330,1055,filterLoc,,
3330,1058,filterLoc,,;Evacuee;84;in triage category;G;is leaving helicopter;1
3330,1061,filterLoc,,
3330,1064,filterLoc,,;Evacuee;91;in triage category;G;is leaving helicopter;1
3330,1067,filterLoc,,
3330,1070,filterLoc,,
3330,1073,filterLoc,,
3330,1076,filterLoc,,
3330,1079,filterLoc,,
3330,1082,filterLoc,,
3330,1085,filterLoc,,
3330,1088,filterLoc,,
3330,1091,filterLoc,,
3330,1094,filterLoc,,
3330,1097,filterLoc,,
3330,1100,filterLoc,,
3330,1103,filterLoc,,
3330,1106,filterLoc,,
3330,1109,filterLoc,,
3330,1112,filterLoc,,
3330,1115,filterLoc,,
3330,1118,filterLoc,,
3330,1121,filterLoc,,
3330,1124,filterLoc,,
3330,1127,filterLoc,,
3330,1130,filterLoc,,
3330,1133,filterLoc,,
3330,1136,filterLoc,,
3330,1139,filterLoc,,
3330,1142,filterLoc,,
3330,1145,filterLoc,,
3330,1148,filterLoc,,
3330,1153,helicopter,outEvac,Evacuee 62 in triage category G is not assigned a helicopter
3330,1153,helicopter,outEvac,Evacuee 66 in triage category G is not assigned a helicopter
3330,1153,helicopter,outEvac,Evacuee 68 in triage category G is not assigned a helicopter
3330,1153,helicopter,outEvac,Evacuee 72 in triage category G is not assigned a helicopter
3330,1153,helicopter,outEvac,Evacuee 79 in triage category G is not assigned a helicopter
3330,1153,helicopter,outEvac,Evacuee 80 in triage category G is not assigned a helicopter
3330,1153,helicopter,outEvac,Evacuee 84 in triage category G is not assigned a helicopter
3330,1153,helicopter,outEvac,Evacuee 86 in triage category G is not assigned a helicopter
3330,1153,helicopter,outEvac,Evacuee 89 in triage category G is not assigned a helicopter
3330,1153,helicopter,outEvac,Evacuee 91 in triage category G is not assigned a helicopter
3330,1153,helicopter,,Helicopter;1;is unloading people at the FOL;;and has;0;spots taken
3330,1155,filterLoc,,
3330,1158,filterLoc,,
3330,1161,filterLoc,,
3330,1164,filterLoc,,
3330,1167,filterLoc,,
3330,1170,filterLoc,,
3330,1173,filterLoc,,
3330,1176,filterLoc,,
3330,1179,filterLoc,,
3330,1182,filterLoc,,
3330,1185,filterLoc,,
3330,1188,filterLoc,,
3330,1191,filterLoc,,
3330,1194,filterLoc,,
3330,1197,filterLoc,,
3330,1200,filterLoc,,
3330,1203,filterLoc,,
3330,1206,filterLoc,,
3330,1209,filterLoc,,
3330,1212,filterLoc,,
3330,1215,filterLoc,,
3330,1218,filterLoc,,
3330,1221,filterLoc,,
3330,1224,filterLoc,,
3330,1227,filterLoc,,
3330,1230,filterLoc,,
3330,1233,filterLoc,,
3330,1236,filterLoc,,
3330,1239,filterLoc,,
3330,1242,filterLoc,,
3330,1245,filterLoc,,
3330,1248,filterLoc,,
3330,1251,filterLoc,,
3330,1254,filterLoc,,
3330,1257,filterLoc,,
3330,1260,filterLoc,,
3330,1263,filterLoc,,
3330,1266,filterLoc,,
3330,1269,filterLoc,,
3330,1272,filterLoc,,
3330,1275,filterLoc,,
3330,1278,filterLoc,,
3330,1281,filterLoc,,
3330,1284,filterLoc,,
3330,1287,filterLoc,,
3330,1290,filterLoc,,
3330,1293,filterLoc,,
3330,1296,filterLoc,,
3330,1299,filterLoc,,
3330,1302,filterLoc,,
3330,1305,filterLoc,,
3330,1308,filterLoc,,
3330,1311,filterLoc,,
3330,1314,filterLoc,,
3330,1317,filterLoc,,
3330,1320,filterLoc,,
3330,1323,filterLoc,,
3330,1326,filterLoc,,
3330,1329,filterLoc,,
3330,1332,filterLoc,,
3330,1335,filterLoc,,
3330,1338,filterLoc,,
3330,1341,filterLoc,,
3330,1344,filterLoc,,
3330,1347,filterLoc,,
3330,1350,filterLoc,,
3330,1353,filterLoc,,
3330,1356,filterLoc,,
3330,1359,filterLoc,,
3330,1362,filterLoc,,
3330,1365,filterLoc,,
3330,1368,filterLoc,,
3330,1371,filterLoc,,
3330,1374,filterLoc,,
3330,1377,filterLoc,,
3330,1380,filterLoc,,
3330,1383,filterLoc,,
3330,1386,filterLoc,,
3330,1389,filterLoc,,
3330,1392,filterLoc,,
3330,1395,filterLoc,,
3330,1398,filterLoc,,
3330,1401,filterLoc,,
3330,1404,filterLoc,,
3330,1407,filterLoc,,
3330,1410,filterLoc,,
3330,1413,filterLoc,,
3330,1416,filterLoc,,
3330,1419,filterLoc,,
3330,1422,filterLoc,,
3330,1425,filterLoc,,
3330,1428,filterLoc,,
3330,1431,filterLoc,,
3330,1434,filterLoc,,
3330,1437,filterLoc,,
3330,1440,filterLoc,,
3330,1443,filterLoc,,
3330,1446,filterLoc,,
3330,1449,filterLoc,,
3330,1452,filterLoc,,
3330,1455,filterLoc,,
3330,1458,filterLoc,,
3330,1461,filterLoc,,
3330,1464,filterLoc,,
3330,1467,filterLoc,,
3330,1470,filterLoc,,
3330,1473,filterLoc,,
3330,1476,filterLoc,,
3330,1479,filterLoc,,
3330,1482,filterLoc,,
3330,1485,filterLoc,,
3330,1488,filterLoc,,
3330,1491,filterLoc,,
3330,1494,filterLoc,,
3330,1497,filterLoc,,
3330,1500,filterLoc,,
3330,1503,filterLoc,,
3330,1506,filterLoc,,
3330,1509,filterLoc,,
3330,629,filterLoc,out,Evacuee 86 in triage category G is not assigned a helicopter
3330,629,filterLoc,,
3330,630,evacuee,,Evacuee;86;in triage state;G;is entering the FOL
3330,638,filterLoc,out,Evacuee 80 in triage category G is not assigned a helicopter
3330,638,filterLoc,,
3330,639,evacuee,,Evacuee;80;in triage state;G;is entering the FOL
3330,641,filterLoc,out,Evacuee 79 in triage category G is not assigned a helicopter
3330,641,filterLoc,,
3330,642,evacuee,,Evacuee;79;in triage state;G;is entering the FOL
3330,704,filterLoc,out,Evacuee 66 in triage category G is not assigned a helicopter
3330,704,filterLoc,,
3330,705,evacuee,,Evacuee;66;in triage state;G;is entering the FOL
3330,707,filterLoc,out,Evacuee 62 in triage category G is not assigned a helicopter
3330,707,filterLoc,,
3330,708,evacuee,,Evacuee;62;in triage state;G;is entering the FOL
3330,839,filterLoc,out,Evacuee 89 in triage category G is not assigned a helicopter
3330,839,filterLoc,,
3330,840,evacuee,,Evacuee;89;in triage state;G;is entering the FOL
3330,992,filterLoc,out,Evacuee 68 in triage category G is not assigned a helicopter
3330,992,filterLoc,,
3330,993,evacuee,,Evacuee;68;in triage state;G;is entering the FOL
3330,995,filterLoc,out,Evacuee 72 in triage category G is not assigned a helicopter
3330,995,filterLoc,,
3330,996,evacuee,,Evacuee;72;in triage state;G;is entering the FOL
3330,1058,filterLoc,out,Evacuee 84 in triage category G is not assigned a helicopter
3330,1058,filterLoc,,
3330,1059,evacuee,,Evacuee;84;in triage state;G;is entering the FOL
3330,1064,filterLoc,out,Evacuee 91 in triage category G is not assigned a helicopter
3330,1064,filterLoc,,
3330,1065,evacuee,,Evacuee;91;in triage state;G;is entering the FOL
3330,219,FOL,,;EvacueeID;3;Triage Status;G;EvacueeID;5;Triage Status;G;EvacueeID;8;Triage Status;G;EvacueeID;12;Triage Status;G;EvacueeID;15;Triage Status;G;EvacueeID;21;Triage Status;G;EvacueeID;30;Triage Status;G;EvacueeID;31;Triage Status;G;EvacueeID;36;Triage Status;G;EvacueeID;38;Triage Status;G;EvacueeID;39;Triage Status;G;EvacueeID;42;Triage Status;G;EvacueeID;43;Triage Status;G;EvacueeID;46;Triage Status;G;EvacueeID;47;Triage Status;G;EvacueeID;51;Triage Status;G;EvacueeID;53;Triage Status;G;EvacueeID;56;Triage Status;G;EvacueeID;57;Triage Status;G;EvacueeID;59;Triage Status;G;EvacueeID;62;Triage Status;G;EvacueeID;66;Triage Status;G;EvacueeID;68;Triage Status;G;EvacueeID;72;Triage Status;G;EvacueeID;79;Triage Status;G;EvacueeID;80;Triage Status;G;EvacueeID;84;Triage Status;G;EvacueeID;86;Triage Status;G;EvacueeID;89;Triage Status;G;EvacueeID;91;Triage Status;G;Lives Saved;30
3330,630,evacuee,outFOL,Evacuee 86 in triage category G is not assigned a helicopter
3330,630,evacuee,,Evacuee;86;in triage state;G;is at the FOL
3330,639,evacuee,outFOL,Evacuee 80 in triage category G is not assigned a helicopter
3330,639,evacuee,,Evacuee;80;in triage state;G;is at the FOL
3330,642,evacuee,outFOL,Evacuee 79 in triage category G is not assigned a helicopter
3330,642,evacuee,,Evacuee;79;in triage state;G;is at the FOL
3330,705,evacuee,outFOL,Evacuee 66 in triage category G is not assigned a helicopter
3330,705,evacuee,,Evacuee;66;in triage state;G;is at the FOL
3330,708,evacuee,outFOL,Evacuee 62 in triage category G is not assigned a helicopter
3330,708,evacuee,,Evacuee;62;in triage state;G;is at the FOL
3330,840,evacuee,outFOL,Evacuee 89 in triage category G is not assigned a helicopter
3330,840,evacuee,,Evacuee;89;in triage state;G;is at the FOL
3330,993,evacuee,outFOL,Evacuee 68 in triage category G is not assigned a helicopter
3330,993,evacuee,,Evacuee;68;in triage state;G;is at the FOL
3330,996,evacuee,outFOL,Evacuee 72 in triage category G is not assigned a helicopter
3330,996,evacuee,,Evacuee;72;in triage state;G;is at the FOL
3330,1059,evacuee,outFOL,Evacuee 84 in triage category G is not assigned a helicopter
3330,1059,evacuee,,Evacuee;84;in triage state;G;is at the FOL
3330,1065,evacuee,outFOL,Evacuee 91 in triage category G is not assigned a helicopter
3330,1065,evacuee,,Evacuee;91;in triage state;G;is at the FOL
3330,219,FOL,,;EvacueeID;3;Triage Status;G;EvacueeID;5;Triage Status;G;EvacueeID;8;Triage Status;G;EvacueeID;12;Triage Status;G;EvacueeID;15;Triage Status;G;EvacueeID;21;Triage Status;G;EvacueeID;30;Triage Status;G;EvacueeID;31;Triage Status;G;EvacueeID;36;Triage Status;G;EvacueeID;38;Triage Status;G;EvacueeID;39;Triage Status;G;EvacueeID;42;Triage Status;G;EvacueeID;43;Triage Status;G;EvacueeID;46;Triage Status;G;EvacueeID;47;Triage Status;G;EvacueeID;51;Triage Status;G;EvacueeID;53;Triage Status;G;EvacueeID;56;Triage Status;G;EvacueeID;57;Triage Status;G;EvacueeID;59;Triage Status;G;EvacueeID;62;Triage Status;G;EvacueeID;66;Triage Status;G;EvacueeID;68;Triage Status;G;EvacueeID;72;Triage Status;G;EvacueeID;79;Triage Status;G;EvacueeID;80;Triage Status;G;EvacueeID;84;Triage Status;G;EvacueeID;86;Triage Status;G;EvacueeID;89;Triage Status;G;EvacueeID;91;Triage Status;G;Lives Saved;30
3330.06,3,evacueeManager,,OFF SHIP: White;0;Green;120;Yellow;31;Red;2;Black;317;ON SHIP: White;0;Green;0;Yellow;0;Red;0;Evacuees to Transfer;
3330.06,77,evacuee,outES,Evacuee 456 in triage category R is not assigned a helicopter
3330.06,77,evacuee,,Evacuee;456;in triage state;B;is at the evacuation site
3337.32,3,evacueeManager,,OFF SHIP: White;0;Green;120;Yellow;30;Red;3;Black;317;ON SHIP: White;0;Green;0;Yellow;0;Red;0;Evacuees to Transfer;
3337.32,348,evacuee,outES,Evacuee 303 in triage category Y is not assigned a helicopter
3337.32,348,evacuee,,Evacuee;303;in triage state;R;is at the evacuation site
3342.67,3,evacueeManager,,OFF SHIP: White;0;Green;119;Yellow;31;Red;3;Black;317;ON SHIP: White;0;Green;0;Yellow;0;Red;0;Evacuees to Transfer;
3342.67,492,evacuee,outES,Evacuee 310 in triage category G is not assigned a helicopter
3342.67,492,evacuee,,Evacuee;310;in triage state;Y;is at the evacuation site
3345,1153,helicopter,,Helicopter;1;Is going to the evacuation site;;and has;0;spots taken
3346.57,3,evacueeManager,,OFF SHIP: White;0;Green;119;Yellow;31;Red;2;Black;318;ON SHIP: White;0;Green;0;Yellow;0;Red;0;Evacuees to Transfer;
3346.57,348,evacuee,outES,Evacuee 303 in triage category R is not assigned a helicopter
3346.57,348,evacuee,,Evacuee;303;in triage state;B;is at the evacuation site
3348.35,3,evacueeManager,,OFF SHIP: White;0;Green;119;Yellow;30;Red;3;Black;318;ON SHIP: White;0;Green;0;Yellow;0;Red;0;Evacuees to Transfer;
3348.35,152,evacuee,outES,Evacuee 398 in triage category Y is not assigned a helicopter
3348.35,152,evacuee,,Evacuee;398;in triage state;R;is at the evacuation site
3350.38,3,evacueeManager,,OFF SHIP: White;0;Green;119;Yellow;30;Red;2;Black;319;ON SHIP: White;0;Green;0;Yellow;0;Red;0;Evacuees to Transfer;
3350.38,546,evacuee,outES,Evacuee 235 in triage category R is not assigned a helicopter
3350.38,546,evacuee,,Evacuee;235;in triage state;B;is at the evacuation site
3355.25,3,evacueeManager,,OFF SHIP: White;0;Green;119;Yellow;29;Red;3;Black;319;ON SHIP: White;0;Green;0;Yellow;0;Red;0;Evacuees to Transfer;
3355.25,543,evacuee,outES,Evacuee 148 in triage category Y is not assigned a helicopter
3355.25,543,evacuee,,Evacuee;148;in triage state;R;is at the evacuation site
3363.45,3,evacueeManager,,OFF SHIP: White;0;Green;118;Yellow;30;Red;3;Black;319;ON SHIP: White;0;Green;0;Yellow;0;Red;0;Evacuees to Transfer;
3363.45,981,evacuee,outES,Evacuee 154 in triage category G is not assigned a helicopter
3363.45,981,evacuee,,Evacuee;154;in triage state;Y;is at the evacuation site
3363.88,3,evacueeManager,,OFF SHIP: White;0;Green;118;Yellow;30;Red;2;Black;320;ON SHIP: White;0;Green;0;Yellow;0;Red;0;Evacuees to Transfer;
3363.88,543,evacuee,outES,Evacuee 148 in triage category R is not assigned a helicopter
3363.88,543,evacuee,,Evacuee;148;in triage state;B;is at the evacuation site
3368.81,3,evacueeManager,,OFF SHIP: White;0;Green;118;Yellow;29;Red;3;Black;320;ON SHIP: White;0;Green;0;Yellow;0;Red;0;Evacuees to Transfer;
3368.81,492,evacuee,outES,Evacuee 310 in triage category Y is not assigned a helicopter
3368.81,492,evacuee,,Evacuee;310;in triage state;R;is at the evacuation site
3369.82,3,evacueeManager,,OFF SHIP: White;0;Green;117;Yellow;30;Red;3;Black;320;ON SHIP: White;0;Green;0;Yellow;0;Red;0;Evacuees to Transfer;
3369.82,1483,evacuee,outES,Evacuee 244 in triage category G is not assigned a helicopter
3369.82,1483,evacuee,,Evacuee;244;in triage state;Y;is at the evacuation site
3398.1,3,evacueeManager,,OFF SHIP: White;0;Green;117;Yellow;29;Red;4;Black;320;ON SHIP: White;0;Green;0;Yellow;0;Red;0;Evacuees to Transfer;
3398.1,80,evacuee,outES,Evacuee 455 in triage category Y is not assigned a helicopter
3398.1,80,evacuee,,Evacuee;455;in triage state;R;is at the evacuation site
3399.99,3,evacueeManager,,OFF SHIP: White;0;Green;117;Yellow;28;Red;5;Black;320;ON SHIP: White;0;Green;0;Yellow;0;Red;0;Evacuees to Transfer;
3399.99,1050,evacuee,outES,Evacuee 155 in triage category Y is not assigned a helicopter
3399.99,1050,evacuee,,Evacuee;155;in triage state;R;is at the evacuation site
3402.49,3,evacueeManager,,OFF SHIP: White;0;Green;117;Yellow;27;Red;6;Black;320;ON SHIP: White;0;Green;0;Yellow;0;Red;0;Evacuees to Transfer;
3402.49,621,evacuee,outES,Evacuee 49 in triage category Y is not assigned a helicopter
3402.49,621,evacuee,,Evacuee;49;in triage state;R;is at the evacuation site
3420,5,helicopterQueue,,1;Helos are waiting to land;HeloID;1
3420,1153,helicopter,outES,Helicopter 1 is evacuating people1
3420,1153,helicopter,,Helicopter;1;is waiting to land at the evacuation site;;and has;0;spots taken
3420,4,helipadManager,,;No helos are at ES
3420,5,helicopterQueue,outHM,Helicopter 1 is evacuating people1
3420,5,helicopterQueue,outHelo,Helicopter 1 is evacuating people1
3420,5,helicopterQueue,,;No helos are waiting to land
3420,1152,filterES,,Helicopter;1;is evacuating people
3420,3,evacueeManager,,OFF SHIP: White;0;Green;107;Yellow;27;Red;6;Black;320;ON SHIP: White;0;Green;0;Yellow;0;Red;0;Evacuees to Transfer;;EvacueeID;101;HeloID;1;OnShip;0;Triage Status;G;EvacueeID;103;HeloID;1;OnShip;0;Triage Status;G;EvacueeID;107;HeloID;1;OnShip;0;Triage Status;G;EvacueeID;110;HeloID;1;OnShip;0;Triage Status;G;EvacueeID;111;HeloID;1;OnShip;0;Triage Status;G;EvacueeID;115;HeloID;1;OnShip;0;Triage Status;G;EvacueeID;118;HeloID;1;OnShip;0;Triage Status;G;EvacueeID;124;HeloID;1;OnShip;0;Triage Status;G;EvacueeID;130;HeloID;1;OnShip;0;Triage Status;G;EvacueeID;132;HeloID;1;OnShip;0;Triage Status;G
3420,4,helipadManager,outEM,Helicopter 1 is evacuating people1
3420,4,helipadManager,,Helo;1;is at the ES
3420,1152,filterES,out,Helicopter 1 is evacuating people1
3420,1152,filterES,,
3420,1153,helicopter,,Helicopter;1;is waiting to land at the evacuation site;;and has;0;spots taken
3420,3,evacueeManager,outEvac,Evacuee 101 in triage category G is assigned helicopter 1
3420,3,evacueeManager,outEvac,Evacuee 103 in triage category G is assigned helicopter 1
3420,3,evacueeManager,outEvac,Evacuee 107 in triage category G is assigned helicopter 1
3420,3,evacueeManager,outEvac,Evacuee 110 in triage category G is assigned helicopter 1
3420,3,evacueeManager,outEvac,Evacuee 111 in triage category G is assigned helicopter 1
3420,3,evacueeManager,outEvac,Evacuee 115 in triage category G is assigned helicopter 1
3420,3,evacueeManager,outEvac,Evacuee 118 in triage category G is assigned helicopter 1
3420,3,evacueeManager,outEvac,Evacuee 124 in triage category G is assigned helicopter 1
3420,3,evacueeManager,outEvac,Evacuee 130 in triage category G is assigned helicopter 1
3420,3,evacueeManager,outEvac,Evacuee 132 in triage category G is assigned helicopter 1
3420,3,evacueeManager,,OFF SHIP: White;0;Green;107;Yellow;27;Red;6;Black;320;ON SHIP: White;0;Green;0;Yellow;0;Red;0;Evacuees to Transfer;
3420,7,filterLoc,,
3420,10,filterLoc,,
3420,13,filterLoc,,
3420,16,filterLoc,,
3420,19,filterLoc,,
3420,22,filterLoc,,
3420,25,filterLoc,,
3420,28,filterLoc,,
3420,31,filterLoc,,
3420,34,filterLoc,,
3420,37,filterLoc,,
3420,40,filterLoc,,
3420,43,filterLoc,,
3420,46,filterLoc,,
3420,49,filterLoc,,
3420,52,filterLoc,,
3420,55,filterLoc,,
3420,58,filterLoc,,
3420,61,filterLoc,,
3420,64,filterLoc,,
3420,67,filterLoc,,
3420,70,filterLoc,,
3420,73,filterLoc,,
3420,76,filterLoc,,
3420,79,filterLoc,,
3420,82,filterLoc,,
3420,85,filterLoc,,
3420,88,filterLoc,,
3420,91,filterLoc,,
3420,94,filterLoc,,
3420,97,filterLoc,,
3420,100,filterLoc,,
3420,103,filterLoc,,
3420,106,filterLoc,,
3420,109,filterLoc,,
3420,112,filterLoc,,
3420,115,filterLoc,,
3420,118,filterLoc,,
3420,121,filterLoc,,
3420,124,filterLoc,,
3420,127,filterLoc,,
3420,130,filterLoc,,
3420,133,filterLoc,,
3420,136,filterLoc,,
3420,139,filterLoc,,
3420,142,filterLoc,,
3420,145,filterLoc,,
3420,148,filterLoc,,
3420,151,filterLoc,,
3420,154,filterLoc,,
3420,157,filterLoc,,
3420,160,filterLoc,,
3420,163,filterLoc,,
3420,166,filterLoc,,
3420,169,filterLoc,,
3420,172,filterLoc,,
3420,175,filterLoc,,
3420,178,filterLoc,,
3420,181,filterLoc,,
3420,184,filterLoc,,
3420,187,filterLoc,,
3420,190,filterLoc,,
3420,193,filterLoc,,
3420,196,filterLoc,,
3420,199,filterLoc,,
3420,202,filterLoc,,
3420,205,filterLoc,,
3420,208,filterLoc,,
3420,211,filterLoc,,
3420,214,filterLoc,,
3420,217,filterLoc,,
3420,221,filterLoc,,
3420,224,filterLoc,,
3420,227,filterLoc,,
3420,230,filterLoc,,
3420,233,filterLoc,,
3420,236,filterLoc,,
3420,239,filterLoc,,
3420,242,filterLoc,,
3420,245,filterLoc,,
3420,248,filterLoc,,
3420,251,filterLoc,,
3420,254,filterLoc,,
3420,257,filterLoc,,
3420,260,filterLoc,,
3420,263,filterLoc,,
3420,266,filterLoc,,
3420,269,filterLoc,,
3420,272,filterLoc,,
3420,275,filterLoc,,
3420,278,filterLoc,,
3420,281,filterLoc,,
3420,284,filterLoc,,
3420,287,filterLoc,,
3420,290,filterLoc,,
3420,293,filterLoc,,
3420,296,filterLoc,,
3420,299,filterLoc,,
3420,302,filterLoc,,
3420,305,filterLoc,,
3420,308,filterLoc,,
3420,311,filterLoc,,
3420,314,filterLoc,,
3420,317,filterLoc,,
3420,320,filterLoc,,
3420,323,filterLoc,,
3420,326,filterLoc,,
3420,329,filterLoc,,
3420,332,filterLoc,,
3420,335,filterLoc,,
3420,338,filterLoc,,
3420,341,filterLoc,,
3420,344,filterLoc,,
3420,347,filterLoc,,
3420,350,filterLoc,,
3420,353,filterLoc,,
3420,356,filterLoc,,
3420,359,filterLoc,,
3420,362,filterLoc,,
3420,365,filterLoc,,
3420,368,filterLoc,,
3420,371,filterLoc,,
3420,374,filterLoc,,
3420,377,filterLoc,,
3420,380,filterLoc,,
3420,383,filterLoc,,
3420,386,filterLoc,,
3420,389,filterLoc,,
3420,392,filterLoc,,
3420,395,filterLoc,,
3420,398,filterLoc,,
3420,401,filterLoc,,
3420,404,filterLoc,,
3420,407,filterLoc,,
3420,410,filterLoc,,
3420,413,filterLoc,,
3420,416,filterLoc,,
3420,419,filterLoc,,
3420,422,filterLoc,,
3420,425,filterLoc,,
3420,428,filterLoc,,
3420,431,filterLoc,,
3420,434,filterLoc,,
3420,437,filterLoc,,
3420,440,filterLoc,,
3420,443,filterLoc,,
3420,446,filterLoc,,
3420,449,filterLoc,,
3420,452,filterLoc,,
3420,455,filterLoc,,
3420,458,filterLoc,,
3420,461,filterLoc,,
3420,464,filterLoc,,
3420,467,filterLoc,,
3420,470,filterLoc,,
3420,473,filterLoc,,
3420,476,filterLoc,,
3420,479,filterLoc,,
3420,482,filterLoc,,
3420,485,filterLoc,,
3420,488,filterLoc,,
3420,491,filterLoc,,
3420,494,filterLoc,,;Evacuee;118;in triage category;G;is entering helicopter;1
3420,497,filterLoc,,
3420,500,filterLoc,,
3420,503,filterLoc,,
3420,506,filterLoc,,
3420,509,filterLoc,,
3420,512,filterLoc,,
3420,515,filterLoc,,
3420,518,filterLoc,,
3420,521,filterLoc,,
3420,524,filterLoc,,
3420,527,filterLoc,,
3420,530,filterLoc,,
3420,533,filterLoc,,
3420,536,filterLoc,,
3420,539,filterLoc,,
3420,542,filterLoc,,
3420,545,filterLoc,,
3420,548,filterLoc,,
3420,551,filterLoc,,
3420,554,filterLoc,,
3420,557,filterLoc,,;Evacuee;103;in triage category;G;is entering helicopter;1
3420,560,filterLoc,,;Evacuee;124;in triage category;G;is entering helicopter;1
3420,563,filterLoc,,;Evacuee;111;in triage category;G;is entering helicopter;1
3420,566,filterLoc,,
3420,569,filterLoc,,
3420,572,filterLoc,,
3420,575,filterLoc,,;Evacuee;101;in triage category;G;is entering helicopter;1
3420,578,filterLoc,,
3420,581,filterLoc,,
3420,584,filterLoc,,
3420,587,filterLoc,,
3420,590,filterLoc,,
3420,593,filterLoc,,
3420,596,filterLoc,,
3420,599,filterLoc,,
3420,602,filterLoc,,
3420,605,filterLoc,,
3420,608,filterLoc,,
3420,611,filterLoc,,
3420,614,filterLoc,,
3420,617,filterLoc,,
3420,620,filterLoc,,
3420,623,filterLoc,,
3420,626,filterLoc,,
3420,629,filterLoc,,
3420,632,filterLoc,,
3420,635,filterLoc,,
3420,638,filterLoc,,
3420,641,filterLoc,,
3420,644,filterLoc,,;Evacuee;115;in triage category;G;is entering helicopter;1
3420,647,filterLoc,,
3420,650,filterLoc,,
3420,653,filterLoc,,
3420,656,filterLoc,,
3420,659,filterLoc,,
3420,662,filterLoc,,
3420,665,filterLoc,,
3420,668,filterLoc,,
3420,671,filterLoc,,
3420,674,filterLoc,,
3420,677,filterLoc,,
3420,680,filterLoc,,
3420,683,filterLoc,,
3420,686,filterLoc,,
3420,689,filterLoc,,
3420,692,filterLoc,,
3420,695,filterLoc,,
3420,698,filterLoc,,
3420,701,filterLoc,,
3420,704,filterLoc,,
3420,707,filterLoc,,
3420,710,filterLoc,,
3420,713,filterLoc,,
3420,716,filterLoc,,
3420,719,filterLoc,,
3420,722,filterLoc,,
3420,725,filterLoc,,
3420,728,filterLoc,,
3420,731,filterLoc,,
3420,734,filterLoc,,
3420,737,filterLoc,,
3420,740,filterLoc,,
3420,743,filterLoc,,
3420,746,filterLoc,,
3420,749,filterLoc,,
3420,752,filterLoc,,
3420,755,filterLoc,,
3420,758,filterLoc,,
3420,761,filterLoc,,
3420,764,filterLoc,,
3420,767,filterLoc,,
3420,770,filterLoc,,;Evacuee;107;in triage category;G;is entering helicopter;1
3420,773,filterLoc,,
3420,776,filterLoc,,;Evacuee;110;in triage category;G;is entering helicopter;1
3420,779,filterLoc,,
3420,782,filterLoc,,
3420,785,filterLoc,,
3420,788,filterLoc,,
3420,791,filterLoc,,
3420,794,filterLoc,,
3420,797,filterLoc,,
3420,800,filterLoc,,
3420,803,filterLoc,,
3420,806,filterLoc,,
3420,809,filterLoc,,
3420,812,filterLoc,,
3420,815,filterLoc,,
3420,818,filterLoc,,
3420,821,filterLoc,,
3420,824,filterLoc,,
3420,827,filterLoc,,
3420,830,filterLoc,,
3420,833,filterLoc,,
3420,836,filterLoc,,
3420,839,filterLoc,,
3420,842,filterLoc,,
3420,845,filterLoc,,
3420,848,filterLoc,,
3420,851,filterLoc,,
3420,854,filterLoc,,
3420,857,filterLoc,,
3420,860,filterLoc,,
3420,863,filterLoc,,
3420,866,filterLoc,,
3420,869,filterLoc,,
3420,872,filterLoc,,
3420,875,filterLoc,,
3420,878,filterLoc,,
3420,881,filterLoc,,
3420,884,filterLoc,,
3420,887,filterLoc,,
3420,890,filterLoc,,
3420,893,filterLoc,,
3420,896,filterLoc,,
3420,899,filterLoc,,
3420,902,filterLoc,,
3420,905,filterLoc,,
3420,908,filterLoc,,
3420,911,filterLoc,,
3420,914,filterLoc,,
3420,917,filterLoc,,
3420,920,filterLoc,,
3420,923,filterLoc,,;Evacuee;132;in triage category;G;is entering helicopter;1
3420,926,filterLoc,,
3420,929,filterLoc,,
3420,932,filterLoc,,
3420,935,filterLoc,,
3420,938,filterLoc,,
3420,941,filterLoc,,
3420,944,filterLoc,,
3420,947,filterLoc,,
3420,950,filterLoc,,
3420,953,filterLoc,,
3420,956,filterLoc,,
3420,959,filterLoc,,
3420,962,filterLoc,,
3420,965,filterLoc,,
3420,968,filterLoc,,
3420,971,filterLoc,,
3420,974,filterLoc,,
3420,977,filterLoc,,
3420,980,filterLoc,,
3420,983,filterLoc,,
3420,986,filterLoc,,
3420,989,filterLoc,,
3420,992,filterLoc,,
3420,995,filterLoc,,
3420,998,filterLoc,,
3420,1001,filterLoc,,
3420,1004,filterLoc,,
3420,1007,filterLoc,,
3420,1010,filterLoc,,
3420,1013,filterLoc,,
3420,1016,filterLoc,,
3420,1019,filterLoc,,
3420,1022,filterLoc,,
3420,1025,filterLoc,,
3420,1028,filterLoc,,
3420,1031,filterLoc,,
3420,1034,filterLoc,,
3420,1037,filterLoc,,
3420,1040,filterLoc,,
3420,1043,filterLoc,,
3420,1046,filterLoc,,
3420,1049,filterLoc,,
3420,1052,filterLoc,,
3420,1055,filterLoc,,
3420,1058,filterLoc,,
3420,1061,filterLoc,,
3420,1064,filterLoc,,
3420,1067,filterLoc,,
3420,1070,filterLoc,,
3420,1073,filterLoc,,
3420,1076,filterLoc,,
3420,1079,filterLoc,,
3420,1082,filterLoc,,
3420,1085,filterLoc,,
3420,1088,filterLoc,,
3420,1091,filterLoc,,
3420,1094,filterLoc,,
3420,1097,filterLoc,,
3420,1100,filterLoc,,
3420,1103,filterLoc,,
3420,1106,filterLoc,,
3420,1109,filterLoc,,
3420,1112,filterLoc,,
3420,1115,filterLoc,,
3420,1118,filterLoc,,
3420,1121,filterLoc,,
3420,1124,filterLoc,,
3420,1127,filterLoc,,
3420,1130,filterLoc,,
3420,1133,filterLoc,,
3420,1136,filterLoc,,
3420,1139,filterLoc,,
3420,1142,filterLoc,,
3420,1145,filterLoc,,
3420,1148,filterLoc,,
3420,1153,helicopter,,Helicopter;1;is loading people at the evacuation site;;and has;0;spots taken
3420,1155,filterLoc,,
3420,1158,filterLoc,,
3420,1161,filterLoc,,
3420,1164,filterLoc,,
3420,1167,filterLoc,,
3420,1170,filterLoc,,
3420,1173,filterLoc,,
3420,1176,filterLoc,,
3420,1179,filterLoc,,
3420,1182,filterLoc,,
3420,1185,filterLoc,,
3420,1188,filterLoc,,
3420,1191,filterLoc,,
3420,1194,filterLoc,,
3420,1197,filterLoc,,
3420,1200,filterLoc,,
3420,1203,filterLoc,,;Evacuee;130;in triage category;G;is entering helicopter;1
3420,1206,filterLoc,,
3420,1209,filterLoc,,
3420,1212,filterLoc,,
3420,1215,filterLoc,,
3420,1218,filterLoc,,
3420,1221,filterLoc,,
3420,1224,filterLoc,,
3420,1227,filterLoc,,
3420,1230,filterLoc,,
3420,1233,filterLoc,,
3420,1236,filterLoc,,
3420,1239,filterLoc,,
3420,1242,filterLoc,,
3420,1245,filterLoc,,
3420,1248,filterLoc,,
3420,1251,filterLoc,,
3420,1254,filterLoc,,
3420,1257,filterLoc,,
3420,1260,filterLoc,,
3420,1263,filterLoc,,
3420,1266,filterLoc,,
3420,1269,filterLoc,,
3420,1272,filterLoc,,
3420,1275,filterLoc,,
3420,1278,filterLoc,,
3420,1281,filterLoc,,
3420,1284,filterLoc,,
3420,1287,filterLoc,,
3420,1290,filterLoc,,
3420,1293,filterLoc,,
3420,1296,filterLoc,,
3420,1299,filterLoc,,
3420,1302,filterLoc,,
3420,1305,filterLoc,,
3420,1308,filterLoc,,
3420,1311,filterLoc,,
3420,1314,filterLoc,,
3420,1317,filterLoc,,
3420,1320,filterLoc,,
3420,1323,filterLoc,,
3420,1326,filterLoc,,
3420,1329,filterLoc,,
3420,1332,filterLoc,,
3420,1335,filterLoc,,
3420,1338,filterLoc,,
3420,1341,filterLoc,,
3420,1344,filterLoc,,
3420,1347,filterLoc,,
3420,1350,filterLoc,,
3420,1353,filterLoc,,
3420,1356,filterLoc,,
3420,1359,filterLoc,,
3420,1362,filterLoc,,
3420,1365,filterLoc,,
3420,1368,filterLoc,,
3420,1371,filterLoc,,
3420,1374,filterLoc,,
3420,1377,filterLoc,,
3420,1380,filterLoc,,
3420,1383,filterLoc,,
3420,1386,filterLoc,,
3420,1389,filterLoc,,
3420,1392,filterLoc,,
3420,1395,filterLoc,,
3420,1398,filterLoc,,
3420,1401,filterLoc,,
3420,1404,filterLoc,,
3420,1407,filterLoc,,
3420,1410,filterLoc,,
3420,1413,filterLoc,,
3420,1416,filterLoc,,
3420,1419,filterLoc,,
3420,1422,filterLoc,,
3420,1425,filterLoc,,
3420,1428,filterLoc,,
3420,1431,filterLoc,,
3420,1434,filterLoc,,
3420,1437,filterLoc,,
3420,1440,filterLoc,,
3420,1443,filterLoc,,
3420,1446,filterLoc,,
3420,1449,filterLoc,,
3420,1452,filterLoc,,
3420,1455,filterLoc,,
3420,1458,filterLoc,,
3420,1461,filterLoc,,
3420,1464,filterLoc,,
3420,1467,filterLoc,,
3420,1470,filterLoc,,
3420,1473,filterLoc,,
3420,1476,filterLoc,,
3420,1479,filterLoc,,
3420,1482,filterLoc,,
3420,1485,filterLoc,,
3420,1488,filterLoc,,
3420,1491,filterLoc,,
3420,1494,filterLoc,,
3420,1497,filterLoc,,
3420,1500,filterLoc,,
3420,1503,filterLoc,,
3420,1506,filterLoc,,
3420,1509,filterLoc,,
3420,494,filterLoc,out,Evacuee 118 in triage category G is assigned helicopter 1
3420,494,filterLoc,,
3420,495,evacuee,,Evacuee;118;in triage state;G;is entering helicopter;1
3420,557,filterLoc,out,Evacuee 103 in triage category G is assigned helicopter 1
3420,557,filterLoc,,
3420,558,evacuee,,Evacuee;103;in triage state;G;is entering helicopter;1
3420,560,filterLoc,out,Evacuee 124 in triage category G is assigned helicopter 1
3420,560,filterLoc,,
3420,561,evacuee,,Evacuee;124;in triage state;G;is entering helicopter;1
3420,563,filterLoc,out,Evacuee 111 in triage category G is assigned helicopter 1
3420,563,filterLoc,,
3420,564,evacuee,,Evacuee;111;in triage state;G;is entering helicopter;1
3420,575,filterLoc,out,Evacuee 101 in triage category G is assigned helicopter 1
3420,575,filterLoc,,
3420,576,evacuee,,Evacuee;101;in triage state;G;is entering helicopter;1
3420,644,filterLoc,out,Evacuee 115 in triage category G is assigned helicopter 1
3420,644,filterLoc,,
3420,645,evacuee,,Evacuee;115;in triage state;G;is entering helicopter;1
3420,770,filterLoc,out,Evacuee 107 in triage category G is assigned helicopter 1
3420,770,filterLoc,,
3420,771,evacuee,,Evacuee;107;in triage state;G;is entering helicopter;1
3420,776,filterLoc,out,Evacuee 110 in triage category G is assigned helicopter 1
3420,776,filterLoc,,
3420,777,evacuee,,Evacuee;110;in triage state;G;is entering helicopter;1
3420,923,filterLoc,out,Evacuee 132 in triage category G is assigned helicopter 1
3420,923,filterLoc,,
3420,924,evacuee,,Evacuee;132;in triage state;G;is entering helicopter;1
3420,1203,filterLoc,out,Evacuee 130 in triage category G is assigned helicopter 1
3420,1203,filterLoc,,
3420,1204,evacuee,,Evacuee;130;in triage state;G;is entering helicopter;1
3420,495,evacuee,outHelo,Evacuee 118 in triage category G is assigned helicopter 1
3420,495,evacuee,,Evacuee;118;in triage state;G;is in helicopter;1
3420,558,evacuee,outHelo,Evacuee 103 in triage category G is assigned helicopter 1
3420,558,evacuee,,Evacuee;103;in triage state;G;is in helicopter;1
3420,561,evacuee,outHelo,Evacuee 124 in triage category G is assigned helicopter 1
3420,561,evacuee,,Evacuee;124;in triage state;G;is in helicopter;1
3420,564,evacuee,outHelo,Evacuee 111 in triage category G is assigned helicopter 1
3420,564,evacuee,,Evacuee;111;in triage state;G;is in helicopter;1
3420,576,evacuee,outHelo,Evacuee 101 in triage category G is assigned helicopter 1
3420,576,evacuee,,Evacuee;101;in triage state;G;is in helicopter;1
3420,645,evacuee,outHelo,Evacuee 115 in triage category G is assigned helicopter 1
3420,645,evacuee,,Evacuee;115;in triage state;G;is in helicopter;1
3420,771,evacuee,outHelo,Evacuee 107 in triage category G is assigned helicopter 1
3420,771,evacuee,,Evacuee;107;in triage state;G;is in helicopter;1
3420,777,evacuee,outHelo,Evacuee 110 in triage category G is assigned helicopter 1
3420,777,evacuee,,Evacuee;110;in triage state;G;is in helicopter;1
3420,924,evacuee,outHelo,Evacuee 132 in triage category G is assigned helicopter 1
3420,924,evacuee,,Evacuee;132;in triage state;G;is in helicopter;1
3420,1151,filterEvac,,;Evacuee;101;in triage category;G;is entering helicopter;1;Evacuee;103;in triage category;G;is entering helicopter;1;Evacuee;107;in triage category;G;is entering helicopter;1;Evacuee;110;in triage category;G;is entering helicopter;1;Evacuee;111;in triage category;G;is entering helicopter;1;Evacuee;115;in triage category;G;is entering helicopter;1;Evacuee;118;in triage category;G;is entering helicopter;1;Evacuee;124;in triage category;G;is entering helicopter;1;Evacuee;130;in triage category;G;is entering helicopter;1;Evacuee;132;in triage category;G;is entering helicopter;1
3420,1204,evacuee,outHelo,Evacuee 130 in triage category G is assigned helicopter 1
3420,1204,evacuee,,Evacuee;130;in triage state;G;is in helicopter;1
3420,1151,filterEvac,out,Evacuee 101 in triage category G is assigned helicopter 1
3420,1151,filterEvac,out,Evacuee 103 in triage category G is assigned helicopter 1
3420,1151,filterEvac,out,Evacuee 107 in triage category G is assigned helicopter 1
3420,1151,filterEvac,out,Evacuee 110 in triage category G is assigned helicopter 1
3420,1151,filterEvac,out,Evacuee 111 in triage category G is assigned helicopter 1
3420,1151,filterEvac,out,Evacuee 115 in triage category G is assigned helicopter 1
3420,1151,filterEvac,out,Evacuee 118 in triage category G is assigned helicopter 1
3420,1151,filterEvac,out,Evacuee 124 in triage category G is assigned helicopter 1
3420,1151,filterEvac,out,Evacuee 130 in triage category G is assigned helicopter 1
3420,1151,filterEvac,out,Evacuee 132 in triage category G is assigned helicopter 1
3420,1151,filterEvac,,
3420,1153,helicopter,,Helicopter;1;is loading people at the evacuation site;;and has;10;spots taken
3429.78,3,evacueeManager,,OFF SHIP: White;0;Green;106;Yellow;28;Red;6;Black;320;ON SHIP: White;0;Green;0;Yellow;0;Red;0;Evacuees to Transfer;
3429.78,215,evacuee,outES,Evacuee 372 in triage category G is not assigned a helicopter
3429.78,215,evacuee,,Evacuee;372;in triage state;Y;is at the evacuation site
3435,4,helipadManager,outHelo,Helicopter 1 is evacuating people1
3435,4,helipadManager,,;No helos are at ES
3435,1152,filterES,,Helicopter;1;is evacuating people
3435,4,helipadManager,outHQ,0
3435,4,helipadManager,,;No helos are at ES
3435,5,helicopterQueue,,;No helos are waiting to land
3435,1152,filterES,out,Helicopter 1 is evacuating people1
3435,1152,filterES,,
3435,1153,helicopter,,Helicopter;1;is loading people at the evacuation site;;and has;10;spots taken
3435,5,helicopterQueue,,;No helos are waiting to land
3435,1153,helicopter,,Helicopter;1;is returning to the FOL;;and has;10;spots taken
3437.21,3,evacueeManager,,OFF SHIP: White;0;Green;106;Yellow;28;Red;5;Black;321;ON SHIP: White;0;Green;0;Yellow;0;Red;0;Evacuees to Transfer;
3437.21,492,evacuee,outES,Evacuee 310 in triage category R is not assigned a helicopter
3437.21,492,evacuee,,Evacuee;310;in triage state;B;is at the evacuation site
3453.21,3,evacueeManager,,OFF SHIP: White;0;Green;105;Yellow;29;Red;5;Black;321;ON SHIP: White;0;Green;0;Yellow;0;Red;0;Evacuees to Transfer;
3453.21,768,evacuee,outES,Evacuee 250 in triage category G is not assigned a helicopter
3453.21,768,evacuee,,Evacuee;250;in triage state;Y;is at the evacuation site
3453.44,3,evacueeManager,,OFF SHIP: White;0;Green;105;Yellow;28;Red;6;Black;321;ON SHIP: White;0;Green;0;Yellow;0;Red;0;Evacuees to Transfer;
3453.44,1101,evacuee,outES,Evacuee 19 in triage category Y is not assigned a helicopter
3453.44,1101,evacuee,,Evacuee;19;in triage state;R;is at the evacuation site
3454.01,3,evacueeManager,,OFF SHIP: White;0;Green;105;Yellow;28;Red;5;Black;322;ON SHIP: White;0;Green;0;Yellow;0;Red;0;Evacuees to Transfer;
3454.01,80,evacuee,outES,Evacuee 455 in triage category R is not assigned a helicopter
3454.01,80,evacuee,,Evacuee;455;in triage state;B;is at the evacuation site
3457.77,3,evacueeManager,,OFF SHIP: White;0;Green;104;Yellow;29;Red;5;Black;322;ON SHIP: White;0;Green;0;Yellow;0;Red;0;Evacuees to Transfer;
3457.77,1198,evacuee,outES,Evacuee 194 in triage category G is not assigned a helicopter
3457.77,1198,evacuee,,Evacuee;194;in triage state;Y;is at the evacuation site
3462.16,3,evacueeManager,,OFF SHIP: White;0;Green;103;Yellow;30;Red;5;Black;322;ON SHIP: White;0;Green;0;Yellow;0;Red;0;Evacuees to Transfer;
3462.16,555,evacuee,outES,Evacuee 269 in triage category G is not assigned a helicopter
3462.16,555,evacuee,,Evacuee;269;in triage state;Y;is at the evacuation site
3462.56,3,evacueeManager,,OFF SHIP: White;0;Green;103;Yellow;29;Red;6;Black;322;ON SHIP: White;0;Green;0;Yellow;0;Red;0;Evacuees to Transfer;
3462.56,696,evacuee,outES,Evacuee 128 in triage category Y is not assigned a helicopter
3462.56,696,evacuee,,Evacuee;128;in triage state;R;is at the evacuation site
3463.62,3,evacueeManager,,OFF SHIP: White;0;Green;102;Yellow;30;Red;6;Black;322;ON SHIP: White;0;Green;0;Yellow;0;Red;0;Evacuees to Transfer;
3463.62,351,evacuee,outES,Evacuee 295 in triage category G is not assigned a helicopter
3463.62,351,evacuee,,Evacuee;295;in triage state;Y;is at the evacuation site
3468.73,3,evacueeManager,,OFF SHIP: White;0;Green;102;Yellow;30;Red;5;Black;323;ON SHIP: White;0;Green;0;Yellow;0;Red;0;Evacuees to Transfer;
3468.73,1050,evacuee,outES,Evacuee 155 in triage category R is not assigned a helicopter
3468.73,1050,evacuee,,Evacuee;155;in triage state;B;is at the evacuation site
3479.13,3,evacueeManager,,OFF SHIP: White;0;Green;102;Yellow;29;Red;6;Black;323;ON SHIP: White;0;Green;0;Yellow;0;Red;0;Evacuees to Transfer;
3479.13,1402,evacuee,outES,Evacuee 207 in triage category Y is not assigned a helicopter
3479.13,1402,evacuee,,Evacuee;207;in triage state;R;is at the evacuation site
3482.88,3,evacueeManager,,OFF SHIP: White;0;Green;102;Yellow;28;Red;7;Black;323;ON SHIP: White;0;Green;0;Yellow;0;Red;0;Evacuees to Transfer;
3482.88,693,evacuee,outES,Evacuee 251 in triage category Y is not assigned a helicopter
3482.88,693,evacuee,,Evacuee;251;in triage state;R;is at the evacuation site
3489.71,3,evacueeManager,,OFF SHIP: White;0;Green;102;Yellow;28;Red;6;Black;324;ON SHIP: White;0;Green;0;Yellow;0;Red;0;Evacuees to Transfer;
3489.71,1195,evacuee,outES,Evacuee 139 in triage category R is not assigned a helicopter
3489.71,1195,evacuee,,Evacuee;139;in triage state;B;is at the evacuation site
3494.07,3,evacueeManager,,OFF SHIP: White;0;Green;102;Yellow;27;Red;7;Black;324;ON SHIP: White;0;Green;0;Yellow;0;Red;0;Evacuees to Transfer;
3494.07,417,evacuee,outES,Evacuee 315 in triage category Y is not assigned a helicopter
3494.07,417,evacuee,,Evacuee;315;in triage state;R;is at the evacuation site
3496.72,3,evacueeManager,,OFF SHIP: White;0;Green;102;Yellow;27;Red;6;Black;325;ON SHIP: White;0;Green;0;Yellow;0;Red;0;Evacuees to Transfer;
3496.72,696,evacuee,outES,Evacuee 128 in triage category R is not assigned a helicopter
3496.72,696,evacuee,,Evacuee;128;in triage state;B;is at the evacuation site
3497.43,3,evacueeManager,,OFF SHIP: White;0;Green;102;Yellow;26;Red;7;Black;325;ON SHIP: White;0;Green;0;Yellow;0;Red;0;Evacuees to Transfer;
3497.43,768,evacuee,outES,Evacuee 250 in triage category Y is not assigned a helicopter
3497.43,768,evacuee,,Evacuee;250;in triage state;R;is at the evacuation site
3510,7,filterLoc,,
3510,10,filterLoc,,
3510,13,filterLoc,,
3510,16,filterLoc,,
3510,19,filterLoc,,
3510,22,filterLoc,,
3510,25,filterLoc,,
3510,28,filterLoc,,
3510,31,filterLoc,,
3510,34,filterLoc,,
3510,37,filterLoc,,
3510,40,filterLoc,,
3510,43,filterLoc,,
3510,46,filterLoc,,
3510,49,filterLoc,,
3510,52,filterLoc,,
3510,55,filterLoc,,
3510,58,filterLoc,,
3510,61,filterLoc,,
3510,64,filterLoc,,
3510,67,filterLoc,,
3510,70,filterLoc,,
3510,73,filterLoc,,
3510,76,filterLoc,,
3510,79,filterLoc,,
3510,82,filterLoc,,
3510,85,filterLoc,,
3510,88,filterLoc,,
3510,91,filterLoc,,
3510,94,filterLoc,,
3510,97,filterLoc,,
3510,100,filterLoc,,
3510,103,filterLoc,,
3510,106,filterLoc,,
3510,109,filterLoc,,
3510,112,filterLoc,,
3510,115,filterLoc,,
3510,118,filterLoc,,
3510,121,filterLoc,,
3510,124,filterLoc,,
3510,127,filterLoc,,
3510,130,filterLoc,,
3510,133,filterLoc,,
3510,136,filterLoc,,
3510,139,filterLoc,,
3510,142,filterLoc,,
3510,145,filterLoc,,
3510,148,filterLoc,,
3510,151,filterLoc,,
3510,154,filterLoc,,
3510,157,filterLoc,,
3510,160,filterLoc,,
3510,163,filterLoc,,
3510,166,filterLoc,,
3510,169,filterLoc,,
3510,172,filterLoc,,
3510,175,filterLoc,,
3510,178,filterLoc,,
3510,181,filterLoc,,
3510,184,filterLoc,,
3510,187,filterLoc,,
3510,190,filterLoc,,
3510,193,filterLoc,,
3510,196,filterLoc,,
3510,199,filterLoc,,
3510,202,filterLoc,,
3510,205,filterLoc,,
3510,208,filterLoc,,
3510,211,filterLoc,,
3510,214,filterLoc,,
3510,217,filterLoc,,
3510,221,filterLoc,,
3510,224,filterLoc,,
3510,227,filterLoc,,
3510,230,filterLoc,,
3510,233,filterLoc,,
3510,236,filterLoc,,
3510,239,filterLoc,,
3510,242,filterLoc,,
3510,245,filterLoc,,
3510,248,filterLoc,,
3510,251,filterLoc,,
3510,254,filterLoc,,
3510,257,filterLoc,,
3510,260,filterLoc,,
3510,263,filterLoc,,
3510,266,filterLoc,,
3510,269,filterLoc,,
3510,272,filterLoc,,
3510,275,filterLoc,,
3510,278,filterLoc,,
3510,281,filterLoc,,
3510,284,filterLoc,,
3510,287,filterLoc,,
3510,290,filterLoc,,
3510,293,filterLoc,,
3510,296,filterLoc,,
3510,299,filterLoc,,
3510,302,filterLoc,,
3510,305,filterLoc,,
3510,308,filterLoc,,
3510,311,filterLoc,,
3510,314,filterLoc,,
3510,317,filterLoc,,
3510,320,filterLoc,,
3510,323,filterLoc,,
3510,326,filterLoc,,
3510,329,filterLoc,,
3510,332,filterLoc,,
3510,335,filterLoc,,
3510,338,filterLoc,,
3510,341,filterLoc,,
3510,344,filterLoc,,
3510,347,filterLoc,,
3510,350,filterLoc,,
3510,353,filterLoc,,
3510,356,filterLoc,,
3510,359,filterLoc,,
3510,362,filterLoc,,
3510,365,filterLoc,,
3510,368,filterLoc,,
3510,371,filterLoc,,
3510,374,filterLoc,,
3510,377,filterLoc,,
3510,380,filterLoc,,
3510,383,filterLoc,,
3510,386,filterLoc,,
3510,389,filterLoc,,
3510,392,filterLoc,,
3510,395,filterLoc,,
3510,398,filterLoc,,
3510,401,filterLoc,,
3510,404,filterLoc,,
3510,407,filterLoc,,
3510,410,filterLoc,,
3510,413,filterLoc,,
3510,416,filterLoc,,
3510,419,filterLoc,,
3510,422,filterLoc,,
3510,425,filterLoc,,
3510,428,filterLoc,,
3510,431,filterLoc,,
3510,434,filterLoc,,
3510,437,filterLoc,,
3510,440,filterLoc,,
3510,443,filterLoc,,
3510,446,filterLoc,,
3510,449,filterLoc,,
3510,452,filterLoc,,
3510,455,filterLoc,,
3510,458,filterLoc,,
3510,461,filterLoc,,
3510,464,filterLoc,,
3510,467,filterLoc,,
3510,470,filterLoc,,
3510,473,filterLoc,,
3510,476,filterLoc,,
3510,479,filterLoc,,
3510,482,filterLoc,,
3510,485,filterLoc,,
3510,488,filterLoc,,
3510,491,filterLoc,,
3510,494,filterLoc,,;Evacuee;118;in triage category;G;is leaving helicopter;1
3510,497,filterLoc,,
3510,500,filterLoc,,
3510,503,filterLoc,,
3510,506,filterLoc,,
3510,509,filterLoc,,
3510,512,filterLoc,,
3510,515,filterLoc,,
3510,518,filterLoc,,
3510,521,filterLoc,,
3510,524,filterLoc,,
3510,527,filterLoc,,
3510,530,filterLoc,,
3510,533,filterLoc,,
3510,536,filterLoc,,
3510,539,filterLoc,,
3510,542,filterLoc,,
3510,545,filterLoc,,
3510,548,filterLoc,,
3510,551,filterLoc,,
3510,554,filterLoc,,
3510,557,filterLoc,,;Evacuee;103;in triage category;G;is leaving helicopter;1
3510,560,filterLoc,,;Evacuee;124;in triage category;G;is leaving helicopter;1
3510,563,filterLoc,,;Evacuee;111;in triage category;G;is leaving helicopter;1
3510,566,filterLoc,,
3510,569,filterLoc,,
3510,572,filterLoc,,
3510,575,filterLoc,,;Evacuee;101;in triage category;G;is leaving helicopter;1
3510,578,filterLoc,,
3510,581,filterLoc,,
3510,584,filterLoc,,
3510,587,filterLoc,,
3510,590,filterLoc,,
3510,593,filterLoc,,
3510,596,filterLoc,,
3510,599,filterLoc,,
3510,602,filterLoc,,
3510,605,filterLoc,,
3510,608,filterLoc,,
3510,611,filterLoc,,
3510,614,filterLoc,,
3510,617,filterLoc,,
3510,620,filterLoc,,
3510,623,filterLoc,,
3510,626,filterLoc,,
3510,629,filterLoc,,
3510,632,filterLoc,,
3510,635,filterLoc,,
3510,638,filterLoc,,
3510,641,filterLoc,,
3510,644,filterLoc,,;Evacuee;115;in triage category;G;is leaving helicopter;1
3510,647,filterLoc,,
3510,650,filterLoc,,
3510,653,filterLoc,,
3510,656,filterLoc,,
3510,659,filterLoc,,
3510,662,filterLoc,,
3510,665,filterLoc,,
3510,668,filterLoc,,
3510,671,filterLoc,,
3510,674,filterLoc,,
3510,677,filterLoc,,
3510,680,filterLoc,,
3510,683,filterLoc,,
3510,686,filterLoc,,
3510,689,filterLoc,,
3510,692,filterLoc,,
3510,695,filterLoc,,
3510,698,filterLoc,,
3510,701,filterLoc,,
3510,704,filterLoc,,
3510,707,filterLoc,,
3510,710,filterLoc,,
3510,713,filterLoc,,
3510,716,filterLoc,,
3510,719,filterLoc,,
3510,722,filterLoc,,
3510,725,filterLoc,,
3510,728,filterLoc,,
3510,731,filterLoc,,
3510,734,filterLoc,,
3510,737,filterLoc,,
3510,740,filterLoc,,
3510,743,filterLoc,,
3510,746,filterLoc,,
3510,749,filterLoc,,
3510,752,filterLoc,,
3510,755,filterLoc,,
3510,758,filterLoc,,
3510,761,filterLoc,,
3510,764,filterLoc,,
3510,767,filterLoc,,
3510,770,filterLoc,,;Evacuee;107;in triage category;G;is leaving helicopter;1
3510,773,filterLoc,,
3510,776,filterLoc,,;Evacuee;110;in triage category;G;is leaving helicopter;1
3510,779,filterLoc,,
3510,782,filterLoc,,
3510,785,filterLoc,,
3510,788,filterLoc,,
3510,791,filterLoc,,
3510,794,filterLoc,,
3510,797,filterLoc,,
3510,800,filterLoc,,
3510,803,filterLoc,,
3510,806,filterLoc,,
3510,809,filterLoc,,
3510,812,filterLoc,,
3510,815,filterLoc,,
3510,818,filterLoc,,
3510,821,filterLoc,,
3510,824,filterLoc,,
3510,827,filterLoc,,
3510,830,filterLoc,,
3510,833,filterLoc,,
3510,836,filterLoc,,
3510,839,filterLoc,,
3510,842,filterLoc,,
3510,845,filterLoc,,
3510,848,filterLoc,,
3510,851,filterLoc,,
3510,854,filterLoc,,
3510,857,filterLoc,,
3510,860,filterLoc,,
3510,863,filterLoc,,
3510,866,filterLoc,,
3510,869,filterLoc,,
3510,872,filterLoc,,
3510,875,filterLoc,,
3510,878,filterLoc,,
3510,881,filterLoc,,
3510,884,filterLoc,,
3510,887,filterLoc,,
3510,890,filterLoc,,
3510,893,filterLoc,,
3510,896,filterLoc,,
3510,899,filterLoc,,
3510,902,filterLoc,,
3510,905,filterLoc,,
3510,908,filterLoc,,
3510,911,filterLoc,,
3510,914,filterLoc,,
3510,917,filterLoc,,
3510,920,filterLoc,,
3510,923,filterLoc,,;Evacuee;132;in triage category;G;is leaving helicopter;1
3510,926,filterLoc,,
3510,929,filterLoc,,
3510,932,filterLoc,,
3510,935,filterLoc,,
3510,938,filterLoc,,
3510,941,filterLoc,,
3510,944,filterLoc,,
3510,947,filterLoc,,
3510,950,filterLoc,,
3510,953,filterLoc,,
3510,956,filterLoc,,
3510,959,filterLoc,,
3510,962,filterLoc,,
3510,965,filterLoc,,
3510,968,filterLoc,,
3510,971,filterLoc,,
3510,974,filterLoc,,
3510,977,filterLoc,,
3510,980,filterLoc,,
3510,983,filterLoc,,
3510,986,filterLoc,,
3510,989,filterLoc,,
3510,992,filterLoc,,
3510,995,filterLoc,,
3510,998,filterLoc,,
3510,1001,filterLoc,,
3510,1004,filterLoc,,
3510,1007,filterLoc,,
3510,1010,filterLoc,,
3510,1013,filterLoc,,
3510,1016,filterLoc,,
3510,1019,filterLoc,,
3510,1022,filterLoc,,
3510,1025,filterLoc,,
3510,1028,filterLoc,,
3510,1031,filterLoc,,
3510,1034,filterLoc,,
3510,1037,filterLoc,,
3510,1040,filterLoc,,
3510,1043,filterLoc,,
3510,1046,filterLoc,,
3510,1049,filterLoc,,
3510,1052,filterLoc,,
3510,1055,filterLoc,,
3510,1058,filterLoc,,
3510,1061,filterLoc,,
3510,1064,filterLoc,,
3510,1067,filterLoc,,
3510,1070,filterLoc,,
3510,1073,filterLoc,,
3510,1076,filterLoc,,
3510,1079,filterLoc,,
3510,1082,filterLoc,,
3510,1085,filterLoc,,
3510,1088,filterLoc,,
3510,1091,filterLoc,,
3510,1094,filterLoc,,
3510,1097,filterLoc,,
3510,1100,filterLoc,,
3510,1103,filterLoc,,
3510,1106,filterLoc,,
3510,1109,filterLoc,,
3510,1112,filterLoc,,
3510,1115,filterLoc,,
3510,1118,filterLoc,,
3510,1121,filterLoc,,
3510,1124,filterLoc,,
3510,1127,filterLoc,,
3510,1130,filterLoc,,
3510,1133,filterLoc,,
3510,1136,filterLoc,,
3510,1139,filterLoc,,
3510,1142,filterLoc,,
3510,1145,filterLoc,,
3510,1148,filterLoc,,
3510,1153,helicopter,outEvac,Evacuee 101 in triage category G is not assigned a helicopter
3510,1153,helicopter,outEvac,Evacuee 103 in triage category G is not assigned a helicopter
3510,1153,helicopter,outEvac,Evacuee 107 in triage category G is not assigned a helicopter
3510,1153,helicopter,outEvac,Evacuee 110 in triage category G is not assigned a helicopter
3510,1153,helicopter,outEvac,Evacuee 111 in triage category G is not assigned a helicopter
3510,1153,helicopter,outEvac,Evacuee 115 in triage category G is not assigned a helicopter
3510,1153,helicopter,outEvac,Evacuee 118 in triage category G is not assigned a helicopter
3510,1153,helicopter,outEvac,Evacuee 124 in triage category G is not assigned a helicopter
3510,1153,helicopter,outEvac,Evacuee 130 in triage category G is not assigned a helicopter
3510,1153,helicopter,outEvac,Evacuee 132 in triage category G is not assigned a helicopter
3510,1153,helicopter,,Helicopter;1;is unloading people at the FOL;;and has;0;spots taken
3510,1155,filterLoc,,
3510,1158,filterLoc,,
3510,1161,filterLoc,,
3510,1164,filterLoc,,
3510,1167,filterLoc,,
3510,1170,filterLoc,,
3510,1173,filterLoc,,
3510,1176,filterLoc,,
3510,1179,filterLoc,,
3510,1182,filterLoc,,
3510,1185,filterLoc,,
3510,1188,filterLoc,,
3510,1191,filterLoc,,
3510,1194,filterLoc,,
3510,1197,filterLoc,,
3510,1200,filterLoc,,
3510,1203,filterLoc,,;Evacuee;130;in triage category;G;is leaving helicopter;1
3510,1206,filterLoc,,
3510,1209,filterLoc,,
3510,1212,filterLoc,,
3510,1215,filterLoc,,
3510,1218,filterLoc,,
3510,1221,filterLoc,,
3510,1224,filterLoc,,
3510,1227,filterLoc,,
3510,1230,filterLoc,,
3510,1233,filterLoc,,
3510,1236,filterLoc,,
3510,1239,filterLoc,,
3510,1242,filterLoc,,
3510,1245,filterLoc,,
3510,1248,filterLoc,,
3510,1251,filterLoc,,
3510,1254,filterLoc,,
3510,1257,filterLoc,,
3510,1260,filterLoc,,
3510,1263,filterLoc,,
3510,1266,filterLoc,,
3510,1269,filterLoc,,
3510,1272,filterLoc,,
3510,1275,filterLoc,,
3510,1278,filterLoc,,
3510,1281,filterLoc,,
3510,1284,filterLoc,,
3510,1287,filterLoc,,
3510,1290,filterLoc,,
3510,1293,filterLoc,,
3510,1296,filterLoc,,
3510,1299,filterLoc,,
3510,1302,filterLoc,,
3510,1305,filterLoc,,
3510,1308,filterLoc,,
3510,1311,filterLoc,,
3510,1314,filterLoc,,
3510,1317,filterLoc,,
3510,1320,filterLoc,,
3510,1323,filterLoc,,
3510,1326,filterLoc,,
3510,1329,filterLoc,,
3510,1332,filterLoc,,
3510,1335,filterLoc,,
3510,1338,filterLoc,,
3510,1341,filterLoc,,
3510,1344,filterLoc,,
3510,1347,filterLoc,,
3510,1350,filterLoc,,
3510,1353,filterLoc,,
3510,1356,filterLoc,,
3510,1359,filterLoc,,
3510,1362,filterLoc,,
3510,1365,filterLoc,,
3510,1368,filterLoc,,
3510,1371,filterLoc,,
3510,1374,filterLoc,,
3510,1377,filterLoc,,
3510,1380,filterLoc,,
3510,1383,filterLoc,,
3510,1386,filterLoc,,
3510,1389,filterLoc,,
3510,1392,filterLoc,,
3510,1395,filterLoc,,
3510,1398,filterLoc,,
3510,1401,filterLoc,,
3510,1404,filterLoc,,
3510,1407,filterLoc,,
3510,1410,filterLoc,,
3510,1413,filterLoc,,
3510,1416,filterLoc,,
3510,1419,filterLoc,,
3510,1422,filterLoc,,
3510,1425,filterLoc,,
3510,1428,filterLoc,,
3510,1431,filterLoc,,
3510,1434,filterLoc,,
3510,1437,filterLoc,,
3510,1440,filterLoc,,
3510,1443,filterLoc,,
3510,1446,filterLoc,,
3510,1449,filterLoc,,
3510,1452,filterLoc,,
3510,1455,filterLoc,,
3510,1458,filterLoc,,
3510,1461,filterLoc,,
3510,1464,filterLoc,,
3510,1467,filterLoc,,
3510,1470,filterLoc,,
3510,1473,filterLoc,,
3510,1476,filterLoc,,
3510,1479,filterLoc,,
3510,1482,filterLoc,,
3510,1485,filterLoc,,
3510,1488,filterLoc,,
3510,1491,filterLoc,,
3510,1494,filterLoc,,
3510,1497,filterLoc,,
3510,1500,filterLoc,,
3510,1503,filterLoc,,
3510,1506,filterLoc,,
3510,1509,filterLoc,,
3510,494,filterLoc,out,Evacuee 118 in triage category G is not assigned a helicopter
3510,494,filterLoc,,
3510,495,evacuee,,Evacuee;118;in triage state;G;is entering the FOL
3510,557,filterLoc,out,Evacuee 103 in triage category G is not assigned a helicopter
3510,557,filterLoc,,
3510,558,evacuee,,Evacuee;103;in triage state;G;is entering the FOL
3510,560,filterLoc,out,Evacuee 124 in triage category G is not assigned a helicopter
3510,560,filterLoc,,
3510,561,evacuee,,Evacuee;124;in triage state;G;is entering the FOL
3510,563,filterLoc,out,Evacuee 111 in triage category G is not assigned a helicopter
3510,563,filterLoc,,
3510,564,evacuee,,Evacuee;111;in triage state;G;is entering the FOL
3510,575,filterLoc,out,Evacuee 101 in triage category G is not assigned a helicopter
3510,575,filterLoc,,
3510,576,evacuee,,Evacuee;101;in triage state;G;is entering the FOL
3510,644,filterLoc,out,Evacuee 115 in triage category G is not assigned a helicopter
3510,644,filterLoc,,
3510,645,evacuee,,Evacuee;115;in triage state;G;is entering the FOL
3510,770,filterLoc,out,Evacuee 107 in triage category G is not assigned a helicopter
3510,770,filterLoc,,
3510,771,evacuee,,Evacuee;107;in triage state;G;is entering the FOL
3510,776,filterLoc,out,Evacuee 110 in triage category G is not assigned a helicopter
3510,776,filterLoc,,
3510,777,evacuee,,Evacuee;110;in triage state;G;is entering the FOL
3510,923,filterLoc,out,Evacuee 132 in triage category G is not assigned a helicopter
3510,923,filterLoc,,
3510,924,evacuee,,Evacuee;132;in triage state;G;is entering the FOL
3510,1203,filterLoc,out,Evacuee 130 in triage category G is not assigned a helicopter
3510,1203,filterLoc,,
3510,1204,evacuee,,Evacuee;130;in triage state;G;is entering the FOL
3510,219,FOL,,;EvacueeID;3;Triage Status;G;EvacueeID;5;Triage Status;G;EvacueeID;8;Triage Status;G;EvacueeID;12;Triage Status;G;EvacueeID;15;Triage Status;G;EvacueeID;21;Triage Status;G;EvacueeID;30;Triage Status;G;EvacueeID;31;Triage Status;G;EvacueeID;36;Triage Status;G;EvacueeID;38;Triage Status;G;EvacueeID;39;Triage Status;G;EvacueeID;42;Triage Status;G;EvacueeID;43;Triage Status;G;EvacueeID;46;Triage Status;G;EvacueeID;47;Triage Status;G;EvacueeID;51;Triage Status;G;EvacueeID;53;Triage Status;G;EvacueeID;56;Triage Status;G;EvacueeID;57;Triage Status;G;EvacueeID;59;Triage Status;G;EvacueeID;62;Triage Status;G;EvacueeID;66;Triage Status;G;EvacueeID;68;Triage Status;G;EvacueeID;72;Triage Status;G;EvacueeID;79;Triage Status;G;EvacueeID;80;Triage Status;G;EvacueeID;84;Triage Status;G;EvacueeID;86;Triage Status;G;EvacueeID;89;Triage Status;G;EvacueeID;91;Triage Status;G;EvacueeID;101;Triage Status;G;EvacueeID;103;Triage Status;G;EvacueeID;107;Triage Status;G;EvacueeID;110;Triage Status;G;EvacueeID;111;Triage Status;G;EvacueeID;115;Triage Status;G;EvacueeID;118;Triage Status;G;EvacueeID;124;Triage Status;G;EvacueeID;130;Triage Status;G;EvacueeID;132;Triage Status;G;Lives Saved;40
3510,495,evacuee,outFOL,Evacuee 118 in triage category G is not assigned a helicopter
3510,495,evacuee,,Evacuee;118;in triage state;G;is at the FOL
3510,558,evacuee,outFOL,Evacuee 103 in triage category G is not assigned a helicopter
3510,558,evacuee,,Evacuee;103;in triage state;G;is at the FOL
3510,561,evacuee,outFOL,Evacuee 124 in triage category G is not assigned a helicopter
3510,561,evacuee,,Evacuee;124;in triage state;G;is at the FOL
3510,564,evacuee,outFOL,Evacuee 111 in triage category G is not assigned a helicopter
3510,564,evacuee,,Evacuee;111;in triage state;G;is at the FOL
3510,576,evacuee,outFOL,Evacuee 101 in triage category G is not assigned a helicopter
3510,576,evacuee,,Evacuee;101;in triage state;G;is at the FOL
3510,645,evacuee,outFOL,Evacuee 115 in triage category G is not assigned a helicopter
3510,645,evacuee,,Evacuee;115;in triage state;G;is at the FOL
3510,771,evacuee,outFOL,Evacuee 107 in triage category G is not assigned a helicopter
3510,771,evacuee,,Evacuee;107;in triage state;G;is at the FOL
3510,777,evacuee,outFOL,Evacuee 110 in triage category G is not assigned a helicopter
3510,777,evacuee,,Evacuee;110;in triage state;G;is at the FOL
3510,924,evacuee,outFOL,Evacuee 132 in triage category G is not assigned a helicopter
3510,924,evacuee,,Evacuee;132;in triage state;G;is at the FOL
3510,1204,evacuee,outFOL,Evacuee 130 in triage category G is not assigned a helicopter
3510,1204,evacuee,,Evacuee;130;in triage state;G;is at the FOL
3510,219,FOL,,;EvacueeID;3;Triage Status;G;EvacueeID;5;Triage Status;G;EvacueeID;8;Triage Status;G;EvacueeID;12;Triage Status;G;EvacueeID;15;Triage Status;G;EvacueeID;21;Triage Status;G;EvacueeID;30;Triage Status;G;EvacueeID;31;Triage Status;G;EvacueeID;36;Triage Status;G;EvacueeID;38;Triage Status;G;EvacueeID;39;Triage Status;G;EvacueeID;42;Triage Status;G;EvacueeID;43;Triage Status;G;EvacueeID;46;Triage Status;G;EvacueeID;47;Triage Status;G;EvacueeID;51;Triage Status;G;EvacueeID;53;Triage Status;G;EvacueeID;56;Triage Status;G;EvacueeID;57;Triage Status;G;EvacueeID;59;Triage Status;G;EvacueeID;62;Triage Status;G;EvacueeID;66;Triage Status;G;EvacueeID;68;Triage Status;G;EvacueeID;72;Triage Status;G;EvacueeID;79;Triage Status;G;EvacueeID;80;Triage Status;G;EvacueeID;84;Triage Status;G;EvacueeID;86;Triage Status;G;EvacueeID;89;Triage Status;G;EvacueeID;91;Triage Status;G;EvacueeID;101;Triage Status;G;EvacueeID;103;Triage Status;G;EvacueeID;107;Triage Status;G;EvacueeID;110;Triage Status;G;EvacueeID;111;Triage Status;G;EvacueeID;115;Triage Status;G;EvacueeID;118;Triage Status;G;EvacueeID;124;Triage Status;G;EvacueeID;130;Triage Status;G;EvacueeID;132;Triage Status;G;Lives Saved;40
3524.79,3,evacueeManager,,OFF SHIP: White;0;Green;102;Yellow;26;Red;6;Black;326;ON SHIP: White;0;Green;0;Yellow;0;Red;0;Evacuees to Transfer;
3524.79,152,evacuee,outES,Evacuee 398 in triage category R is not assigned a helicopter
3524.79,152,evacuee,,Evacuee;398;in triage state;B;is at the evacuation site
3525,1153,helicopter,,Helicopter;1;Is going to the evacuation site;;and has;0;spots taken
3525.24,3,evacueeManager,,OFF SHIP: White;0;Green;102;Yellow;26;Red;5;Black;327;ON SHIP: White;0;Green;0;Yellow;0;Red;0;Evacuees to Transfer;
3525.24,1101,evacuee,outES,Evacuee 19 in triage category R is not assigned a helicopter
3525.24,1101,evacuee,,Evacuee;19;in triage state;B;is at the evacuation site
3528.31,3,evacueeManager,,OFF SHIP: White;0;Green;102;Yellow;26;Red;4;Black;328;ON SHIP: White;0;Green;0;Yellow;0;Red;0;Evacuees to Transfer;
3528.31,621,evacuee,outES,Evacuee 49 in triage category R is not assigned a helicopter
3528.31,621,evacuee,,Evacuee;49;in triage state;B;is at the evacuation site
3537.42,3,evacueeManager,,OFF SHIP: White;0;Green;102;Yellow;25;Red;5;Black;328;ON SHIP: White;0;Green;0;Yellow;0;Red;0;Evacuees to Transfer;
3537.42,212,evacuee,outES,Evacuee 374 in triage category Y is not assigned a helicopter
3537.42,212,evacuee,,Evacuee;374;in triage state;R;is at the evacuation site
3563.42,3,evacueeManager,,OFF SHIP: White;0;Green;101;Yellow;26;Red;5;Black;328;ON SHIP: White;0;Green;0;Yellow;0;Red;0;Evacuees to Transfer;
3563.42,627,evacuee,outES,Evacuee 297 in triage category G is not assigned a helicopter
3563.42,627,evacuee,,Evacuee;297;in triage state;Y;is at the evacuation site
3565.56,3,evacueeManager,,OFF SHIP: White;0;Green;101;Yellow;26;Red;4;Black;329;ON SHIP: White;0;Green;0;Yellow;0;Red;0;Evacuees to Transfer;
3565.56,693,evacuee,outES,Evacuee 251 in triage category R is not assigned a helicopter
3565.56,693,evacuee,,Evacuee;251;in triage state;B;is at the evacuation site
3576.33,3,evacueeManager,,OFF SHIP: White;0;Green;100;Yellow;27;Red;4;Black;329;ON SHIP: White;0;Green;0;Yellow;0;Red;0;Evacuees to Transfer;
3576.33,288,evacuee,outES,Evacuee 327 in triage category G is not assigned a helicopter
3576.33,288,evacuee,,Evacuee;327;in triage state;Y;is at the evacuation site
3592.18,3,evacueeManager,,OFF SHIP: White;0;Green;99;Yellow;28;Red;4;Black;329;ON SHIP: White;0;Green;0;Yellow;0;Red;0;Evacuees to Transfer;
3592.18,1342,evacuee,outES,Evacuee 314 in triage category G is not assigned a helicopter
3592.18,1342,evacuee,,Evacuee;314;in triage state;Y;is at the evacuation site
3600,5,helicopterQueue,,1;Helos are waiting to land;HeloID;1
3600,1153,helicopter,outES,Helicopter 1 is evacuating people1
3600,1153,helicopter,,Helicopter;1;is waiting to land at the evacuation site;;and has;0;spots taken
3600,4,helipadManager,,;No helos are at ES
3600,5,helicopterQueue,outHM,Helicopter 1 is evacuating people1
3600,5,helicopterQueue,outHelo,Helicopter 1 is evacuating people1
3600,5,helicopterQueue,,;No helos are waiting to land
3600,1152,filterES,,Helicopter;1;is evacuating people
3600,3,evacueeManager,,OFF SHIP: White;0;Green;89;Yellow;28;Red;4;Black;329;ON SHIP: White;0;Green;0;Yellow;0;Red;0;Evacuees to Transfer;;EvacueeID;133;HeloID;1;OnShip;0;Triage Status;G;EvacueeID;134;HeloID;1;OnShip;0;Triage Status;G;EvacueeID;135;HeloID;1;OnShip;0;Triage Status;G;EvacueeID;140;HeloID;1;OnShip;0;Triage Status;G;EvacueeID;141;HeloID;1;OnShip;0;Triage Status;G;EvacueeID;143;HeloID;1;OnShip;0;Triage Status;G;EvacueeID;145;HeloID;1;OnShip;0;Triage Status;G;EvacueeID;146;HeloID;1;OnShip;0;Triage Status;G;EvacueeID;149;HeloID;1;OnShip;0;Triage Status;G;EvacueeID;151;HeloID;1;OnShip;0;Triage Status;G
3600,4,helipadManager,outEM,Helicopter 1 is evacuating people1
3600,4,helipadManager,,Helo;1;is at the ES
3600,1152,filterES,out,Helicopter 1 is evacuating people1
3600,1152,filterES,,
3600,1153,helicopter,,Helicopter;1;is waiting to land at the evacuation site;;and has;0;spots taken
3600,3,evacueeManager,outEvac,Evacuee 133 in triage category G is assigned helicopter 1
3600,3,evacueeManager,outEvac,Evacuee 134 in triage category G is assigned helicopter 1
3600,3,evacueeManager,outEvac,Evacuee 135 in triage category G is assigned helicopter 1
3600,3,evacueeManager,outEvac,Evacuee 140 in triage category G is assigned helicopter 1
3600,3,evacueeManager,outEvac,Evacuee 141 in triage category G is assigned helicopter 1
3600,3,evacueeManager,outEvac,Evacuee 143 in triage category G is assigned helicopter 1
3600,3,evacueeManager,outEvac,Evacuee 145 in triage category G is assigned helicopter 1
3600,3,evacueeManager,outEvac,Evacuee 146 in triage category G is assigned helicopter 1
3600,3,evacueeManager,outEvac,Evacuee 149 in triage category G is assigned helicopter 1
3600,3,evacueeManager,outEvac,Evacuee 151 in triage category G is assigned helicopter 1
3600,3,evacueeManager,,OFF SHIP: White;0;Green;89;Yellow;28;Red;4;Black;329;ON SHIP: White;0;Green;0;Yellow;0;Red;0;Evacuees to Transfer;
3600,7,filterLoc,,
3600,10,filterLoc,,
3600,13,filterLoc,,
3600,16,filterLoc,,
3600,19,filterLoc,,
3600,22,filterLoc,,
3600,25,filterLoc,,
3600,28,filterLoc,,
3600,31,filterLoc,,
3600,34,filterLoc,,
3600,37,filterLoc,,
3600,40,filterLoc,,
3600,43,filterLoc,,
3600,46,filterLoc,,
3600,49,filterLoc,,
3600,52,filterLoc,,
3600,55,filterLoc,,
3600,58,filterLoc,,
3600,61,filterLoc,,
3600,64,filterLoc,,
3600,67,filterLoc,,
3600,70,filterLoc,,
3600,73,filterLoc,,
3600,76,filterLoc,,
3600,79,filterLoc,,
3600,82,filterLoc,,
3600,85,filterLoc,,
3600,88,filterLoc,,
3600,91,filterLoc,,
3600,94,filterLoc,,
3600,97,filterLoc,,
3600,100,filterLoc,,
3600,103,filterLoc,,
3600,106,filterLoc,,
3600,109,filterLoc,,
3600,112,filterLoc,,
3600,115,filterLoc,,
3600,118,filterLoc,,
3600,121,filterLoc,,
3600,124,filterLoc,,
3600,127,filterLoc,,
3600,130,filterLoc,,
3600,133,filterLoc,,
3600,136,filterLoc,,
3600,139,filterLoc,,
3600,142,filterLoc,,
3600,145,filterLoc,,
3600,148,filterLoc,,
3600,151,filterLoc,,
3600,154,filterLoc,,
3600,157,filterLoc,,
3600,160,filterLoc,,
3600,163,filterLoc,,
3600,166,filterLoc,,
3600,169,filterLoc,,
3600,172,filterLoc,,
3600,175,filterLoc,,
3600,178,filterLoc,,
3600,181,filterLoc,,
3600,184,filterLoc,,
3600,187,filterLoc,,
3600,190,filterLoc,,
3600,193,filterLoc,,
3600,196,filterLoc,,
3600,199,filterLoc,,
3600,202,filterLoc,,
3600,205,filterLoc,,
3600,208,filterLoc,,
3600,211,filterLoc,,
3600,214,filterLoc,,
3600,217,filterLoc,,
3600,221,filterLoc,,
3600,224,filterLoc,,
3600,227,filterLoc,,
3600,230,filterLoc,,
3600,233,filterLoc,,
3600,236,filterLoc,,
3600,239,filterLoc,,
3600,242,filterLoc,,
3600,245,filterLoc,,
3600,248,filterLoc,,
3600,251,filterLoc,,
3600,254,filterLoc,,
3600,257,filterLoc,,
3600,260,filterLoc,,
3600,263,filterLoc,,
3600,266,filterLoc,,
3600,269,filterLoc,,
3600,272,filterLoc,,
3600,275,filterLoc,,
3600,278,filterLoc,,
3600,281,filterLoc,,
3600,284,filterLoc,,
3600,287,filterLoc,,
3600,290,filterLoc,,
3600,293,filterLoc,,
3600,296,filterLoc,,
3600,299,filterLoc,,
3600,302,filterLoc,,
3600,305,filterLoc,,
3600,308,filterLoc,,
3600,311,filterLoc,,
3600,314,filterLoc,,
3600,317,filterLoc,,
3600,320,filterLoc,,
3600,323,filterLoc,,
3600,326,filterLoc,,
3600,329,filterLoc,,
3600,332,filterLoc,,
3600,335,filterLoc,,
3600,338,filterLoc,,
3600,341,filterLoc,,
3600,344,filterLoc,,
3600,347,filterLoc,,
3600,350,filterLoc,,
3600,353,filterLoc,,
3600,356,filterLoc,,
3600,359,filterLoc,,
3600,362,filterLoc,,
3600,365,filterLoc,,
3600,368,filterLoc,,
3600,371,filterLoc,,
3600,374,filterLoc,,
3600,377,filterLoc,,
3600,380,filterLoc,,
3600,383,filterLoc,,
3600,386,filterLoc,,
3600,389,filterLoc,,
3600,392,filterLoc,,
3600,395,filterLoc,,
3600,398,filterLoc,,
3600,401,filterLoc,,
3600,404,filterLoc,,
3600,407,filterLoc,,
3600,410,filterLoc,,
3600,413,filterLoc,,
3600,416,filterLoc,,
3600,419,filterLoc,,
3600,422,filterLoc,,
3600,425,filterLoc,,
3600,428,filterLoc,,
3600,431,filterLoc,,
3600,434,filterLoc,,
3600,437,filterLoc,,
3600,440,filterLoc,,
3600,443,filterLoc,,
3600,446,filterLoc,,
3600,449,filterLoc,,
3600,452,filterLoc,,
3600,455,filterLoc,,
3600,458,filterLoc,,
3600,461,filterLoc,,
3600,464,filterLoc,,
3600,467,filterLoc,,
3600,470,filterLoc,,
3600,473,filterLoc,,
3600,476,filterLoc,,
3600,479,filterLoc,,
3600,482,filterLoc,,
3600,485,filterLoc,,
3600,488,filterLoc,,
3600,491,filterLoc,,
3600,494,filterLoc,,
3600,497,filterLoc,,
3600,500,filterLoc,,
3600,503,filterLoc,,
3600,506,filterLoc,,
3600,509,filterLoc,,
3600,512,filterLoc,,
3600,515,filterLoc,,
3600,518,filterLoc,,
3600,521,filterLoc,,
3600,524,filterLoc,,
3600,527,filterLoc,,
3600,530,filterLoc,,
3600,533,filterLoc,,
3600,536,filterLoc,,
3600,539,filterLoc,,
3600,542,filterLoc,,
3600,545,filterLoc,,
3600,548,filterLoc,,
3600,551,filterLoc,,
3600,554,filterLoc,,
3600,557,filterLoc,,
3600,560,filterLoc,,
3600,563,filterLoc,,
3600,566,filterLoc,,
3600,569,filterLoc,,
3600,572,filterLoc,,
3600,575,filterLoc,,
3600,578,filterLoc,,
3600,581,filterLoc,,
3600,584,filterLoc,,
3600,587,filterLoc,,
3600,590,filterLoc,,
3600,593,filterLoc,,
3600,596,filterLoc,,
3600,599,filterLoc,,
3600,602,filterLoc,,
3600,605,filterLoc,,
3600,608,filterLoc,,
3600,611,filterLoc,,
3600,614,filterLoc,,
3600,617,filterLoc,,
3600,620,filterLoc,,
3600,623,filterLoc,,
3600,626,filterLoc,,
3600,629,filterLoc,,
3600,632,filterLoc,,
3600,635,filterLoc,,
3600,638,filterLoc,,
3600,641,filterLoc,,
3600,644,filterLoc,,
3600,647,filterLoc,,
3600,650,filterLoc,,
3600,653,filterLoc,,
3600,656,filterLoc,,
3600,659,filterLoc,,
3600,662,filterLoc,,
3600,665,filterLoc,,
3600,668,filterLoc,,
3600,671,filterLoc,,
3600,674,filterLoc,,
3600,677,filterLoc,,
3600,680,filterLoc,,
3600,683,filterLoc,,
3600,686,filterLoc,,
3600,689,filterLoc,,
3600,692,filterLoc,,
3600,695,filterLoc,,
3600,698,filterLoc,,;Evacuee;134;in triage category;G;is entering helicopter;1
3600,701,filterLoc,,
3600,704,filterLoc,,
3600,707,filterLoc,,
3600,710,filterLoc,,
3600,713,filterLoc,,;Evacuee;135;in triage category;G;is entering helicopter;1
3600,716,filterLoc,,
3600,719,filterLoc,,
3600,722,filterLoc,,
3600,725,filterLoc,,
3600,728,filterLoc,,
3600,731,filterLoc,,
3600,734,filterLoc,,
3600,737,filterLoc,,
3600,740,filterLoc,,
3600,743,filterLoc,,
3600,746,filterLoc,,
3600,749,filterLoc,,
3600,752,filterLoc,,
3600,755,filterLoc,,
3600,758,filterLoc,,
3600,761,filterLoc,,
3600,764,filterLoc,,
3600,767,filterLoc,,
3600,770,filterLoc,,
3600,773,filterLoc,,
3600,776,filterLoc,,
3600,779,filterLoc,,;Evacuee;141;in triage category;G;is entering helicopter;1
3600,782,filterLoc,,;Evacuee;133;in triage category;G;is entering helicopter;1
3600,785,filterLoc,,
3600,788,filterLoc,,
3600,791,filterLoc,,
3600,794,filterLoc,,
3600,797,filterLoc,,
3600,800,filterLoc,,
3600,803,filterLoc,,
3600,806,filterLoc,,
3600,809,filterLoc,,
3600,812,filterLoc,,
3600,815,filterLoc,,
3600,818,filterLoc,,
3600,821,filterLoc,,
3600,824,filterLoc,,
3600,827,filterLoc,,
3600,830,filterLoc,,
3600,833,filterLoc,,
3600,836,filterLoc,,
3600,839,filterLoc,,
3600,842,filterLoc,,
3600,845,filterLoc,,
3600,848,filterLoc,,
3600,851,filterLoc,,
3600,854,filterLoc,,
3600,857,filterLoc,,
3600,860,filterLoc,,
3600,863,filterLoc,,
3600,866,filterLoc,,
3600,869,filterLoc,,
3600,872,filterLoc,,
3600,875,filterLoc,,
3600,878,filterLoc,,
3600,881,filterLoc,,
3600,884,filterLoc,,
3600,887,filterLoc,,
3600,890,filterLoc,,
3600,893,filterLoc,,
3600,896,filterLoc,,
3600,899,filterLoc,,
3600,902,filterLoc,,
3600,905,filterLoc,,
3600,908,filterLoc,,
3600,911,filterLoc,,
3600,914,filterLoc,,
3600,917,filterLoc,,
3600,920,filterLoc,,
3600,923,filterLoc,,
3600,926,filterLoc,,
3600,929,filterLoc,,
3600,932,filterLoc,,
3600,935,filterLoc,,
3600,938,filterLoc,,
3600,941,filterLoc,,
3600,944,filterLoc,,
3600,947,filterLoc,,
3600,950,filterLoc,,
3600,953,filterLoc,,
3600,956,filterLoc,,
3600,959,filterLoc,,
3600,962,filterLoc,,
3600,965,filterLoc,,
3600,968,filterLoc,,
3600,971,filterLoc,,
3600,974,filterLoc,,
3600,977,filterLoc,,
3600,980,filterLoc,,
3600,983,filterLoc,,
3600,986,filterLoc,,
3600,989,filterLoc,,
3600,992,filterLoc,,
3600,995,filterLoc,,
3600,998,filterLoc,,
3600,1001,filterLoc,,
3600,1004,filterLoc,,
3600,1007,filterLoc,,
3600,1010,filterLoc,,
3600,1013,filterLoc,,
3600,1016,filterLoc,,
3600,1019,filterLoc,,
3600,1022,filterLoc,,
3600,1025,filterLoc,,
3600,1028,filterLoc,,
3600,1031,filterLoc,,
3600,1034,filterLoc,,
3600,1037,filterLoc,,
3600,1040,filterLoc,,
3600,1043,filterLoc,,
3600,1046,filterLoc,,
3600,1049,filterLoc,,
3600,1052,filterLoc,,
3600,1055,filterLoc,,
3600,1058,filterLoc,,
3600,1061,filterLoc,,
3600,1064,filterLoc,,
3600,1067,filterLoc,,
3600,1070,filterLoc,,
3600,1073,filterLoc,,
3600,1076,filterLoc,,
3600,1079,filterLoc,,
3600,1082,filterLoc,,
3600,1085,filterLoc,,
3600,1088,filterLoc,,
3600,1091,filterLoc,,
3600,1094,filterLoc,,
3600,1097,filterLoc,,
3600,1100,filterLoc,,
3600,1103,filterLoc,,
3600,1106,filterLoc,,
3600,1109,filterLoc,,
3600,1112,filterLoc,,
3600,1115,filterLoc,,
3600,1118,filterLoc,,
3600,1121,filterLoc,,
3600,1124,filterLoc,,
3600,1127,filterLoc,,
3600,1130,filterLoc,,
3600,1133,filterLoc,,
3600,1136,filterLoc,,
3600,1139,filterLoc,,
3600,1142,filterLoc,,
3600,1145,filterLoc,,
3600,1148,filterLoc,,
3600,1153,helicopter,,Helicopter;1;is loading people at the evacuation site;;and has;0;spots taken
3600,1155,filterLoc,,
3600,1158,filterLoc,,
3600,1161,filterLoc,,
3600,1164,filterLoc,,
3600,1167,filterLoc,,
3600,1170,filterLoc,,
3600,1173,filterLoc,,
3600,1176,filterLoc,,
3600,1179,filterLoc,,
3600,1182,filterLoc,,
3600,1185,filterLoc,,
3600,1188,filterLoc,,
3600,1191,filterLoc,,
3600,1194,filterLoc,,
3600,1197,filterLoc,,
3600,1200,filterLoc,,;Evacuee;140;in triage category;G;is entering helicopter;1
3600,1203,filterLoc,,
3600,1206,filterLoc,,;Evacuee;143;in triage category;G;is entering helicopter;1
3600,1209,filterLoc,,;Evacuee;149;in triage category;G;is entering helicopter;1
3600,1212,filterLoc,,
3600,1215,filterLoc,,;Evacuee;151;in triage category;G;is entering helicopter;1
3600,1218,filterLoc,,
3600,1221,filterLoc,,
3600,1224,filterLoc,,
3600,1227,filterLoc,,
3600,1230,filterLoc,,
3600,1233,filterLoc,,
3600,1236,filterLoc,,
3600,1239,filterLoc,,
3600,1242,filterLoc,,
3600,1245,filterLoc,,
3600,1248,filterLoc,,
3600,1251,filterLoc,,
3600,1254,filterLoc,,
3600,1257,filterLoc,,
3600,1260,filterLoc,,
3600,1263,filterLoc,,
3600,1266,filterLoc,,
3600,1269,filterLoc,,;Evacuee;146;in triage category;G;is entering helicopter;1
3600,1272,filterLoc,,
3600,1275,filterLoc,,;Evacuee;145;in triage category;G;is entering helicopter;1
3600,1278,filterLoc,,
3600,1281,filterLoc,,
3600,1284,filterLoc,,
3600,1287,filterLoc,,
3600,1290,filterLoc,,
3600,1293,filterLoc,,
3600,1296,filterLoc,,
3600,1299,filterLoc,,
3600,1302,filterLoc,,
3600,1305,filterLoc,,
3600,1308,filterLoc,,
3600,1311,filterLoc,,
3600,1314,filterLoc,,
3600,1317,filterLoc,,
3600,1320,filterLoc,,
3600,1323,filterLoc,,
3600,1326,filterLoc,,
3600,1329,filterLoc,,
3600,1332,filterLoc,,
3600,1335,filterLoc,,
3600,1338,filterLoc,,
3600,1341,filterLoc,,
3600,1344,filterLoc,,
3600,1347,filterLoc,,
3600,1350,filterLoc,,
3600,1353,filterLoc,,
3600,1356,filterLoc,,
3600,1359,filterLoc,,
3600,1362,filterLoc,,
3600,1365,filterLoc,,
3600,1368,filterLoc,,
3600,1371,filterLoc,,
3600,1374,filterLoc,,
3600,1377,filterLoc,,
3600,1380,filterLoc,,
3600,1383,filterLoc,,
3600,1386,filterLoc,,
3600,1389,filterLoc,,
3600,1392,filterLoc,,
3600,1395,filterLoc,,
3600,1398,filterLoc,,
3600,1401,filterLoc,,
3600,1404,filterLoc,,
3600,1407,filterLoc,,
3600,1410,filterLoc,,
3600,1413,filterLoc,,
3600,1416,filterLoc,,
3600,1419,filterLoc,,
3600,1422,filterLoc,,
3600,1425,filterLoc,,
3600,1428,filterLoc,,
3600,1431,filterLoc,,
3600,1434,filterLoc,,
3600,1437,filterLoc,,
3600,1440,filterLoc,,
3600,1443,filterLoc,,
3600,1446,filterLoc,,
3600,1449,filterLoc,,
3600,1452,filterLoc,,
3600,1455,filterLoc,,
3600,1458,filterLoc,,
3600,1461,filterLoc,,
3600,1464,filterLoc,,
3600,1467,filterLoc,,
3600,1470,filterLoc,,
3600,1473,filterLoc,,
3600,1476,filterLoc,,
3600,1479,filterLoc,,
3600,1482,filterLoc,,
3600,1485,filterLoc,,
3600,1488,filterLoc,,
3600,1491,filterLoc,,
3600,1494,filterLoc,,
3600,1497,filterLoc,,
3600,1500,filterLoc,,
3600,1503,filterLoc,,
3600,1506,filterLoc,,
3600,1509,filterLoc,,
3600,698,filterLoc,out,Evacuee 134 in triage category G is assigned helicopter 1
3600,698,filterLoc,,
3600,699,evacuee,,Evacuee;134;in triage state;G;is entering helicopter;1
3600,713,filterLoc,out,Evacuee 135 in triage category G is assigned helicopter 1
3600,713,filterLoc,,
3600,714,evacuee,,Evacuee;135;in triage state;G;is entering helicopter;1
3600,779,filterLoc,out,Evacuee 141 in triage category G is assigned helicopter 1
3600,779,filterLoc,,
3600,780,evacuee,,Evacuee;141;in triage state;G;is entering helicopter;1
3600,782,filterLoc,out,Evacuee 133 in triage category G is assigned helicopter 1
3600,782,filterLoc,,
3600,783,evacuee,,Evacuee;133;in triage state;G;is entering helicopter;1
3600,1200,filterLoc,out,Evacuee 140 in triage category G is assigned helicopter 1
3600,1200,filterLoc,,
3600,1201,evacuee,,Evacuee;140;in triage state;G;is entering helicopter;1
3600,1206,filterLoc,out,Evacuee 143 in triage category G is assigned helicopter 1
3600,1206,filterLoc,,
3600,1207,evacuee,,Evacuee;143;in triage state;G;is entering helicopter;1
3600,1209,filterLoc,out,Evacuee 149 in triage category G is assigned helicopter 1
3600,1209,filterLoc,,
3600,1210,evacuee,,Evacuee;149;in triage state;G;is entering helicopter;1
3600,1215,filterLoc,out,Evacuee 151 in triage category G is assigned helicopter 1
3600,1215,filterLoc,,
3600,1216,evacuee,,Evacuee;151;in triage state;G;is entering helicopter;1
3600,1269,filterLoc,out,Evacuee 146 in triage category G is assigned helicopter 1
3600,1269,filterLoc,,
3600,1270,evacuee,,Evacuee;146;in triage state;G;is entering helicopter;1
3600,1275,filterLoc,out,Evacuee 145 in triage category G is assigned helicopter 1
3600,1275,filterLoc,,
3600,1276,evacuee,,Evacuee;145;in triage state;G;is entering helicopter;1
3600,699,evacuee,outHelo,Evacuee 134 in triage category G is assigned helicopter 1
3600,699,evacuee,,Evacuee;134;in triage state;G;is in helicopter;1
3600,714,evacuee,outHelo,Evacuee 135 in triage category G is assigned helicopter 1
3600,714,evacuee,,Evacuee;135;in triage state;G;is in helicopter;1
3600,780,evacuee,outHelo,Evacuee 141 in triage category G is assigned helicopter 1
3600,780,evacuee,,Evacuee;141;in triage state;G;is in helicopter;1
3600,783,evacuee,outHelo,Evacuee 133 in triage category G is assigned helicopter 1
3600,783,evacuee,,Evacuee;133;in triage state;G;is in helicopter;1
3600,1151,filterEvac,,;Evacuee;133;in triage category;G;is entering helicopter;1;Evacuee;134;in triage category;G;is entering helicopter;1;Evacuee;135;in triage category;G;is entering helicopter;1;Evacuee;140;in triage category;G;is entering helicopter;1;Evacuee;141;in triage category;G;is entering helicopter;1;Evacuee;143;in triage category;G;is entering helicopter;1;Evacuee;145;in triage category;G;is entering helicopter;1;Evacuee;146;in triage category;G;is entering helicopter;1;Evacuee;149;in triage category;G;is entering helicopter;1;Evacuee;151;in triage category;G;is entering helicopter;1
3600,1201,evacuee,outHelo,Evacuee 140 in triage category G is assigned helicopter 1
3600,1201,evacuee,,Evacuee;140;in triage state;G;is in helicopter;1
3600,1207,evacuee,outHelo,Evacuee 143 in triage category G is assigned helicopter 1
3600,1207,evacuee,,Evacuee;143;in triage state;G;is in helicopter;1
3600,1210,evacuee,outHelo,Evacuee 149 in triage category G is assigned helicopter 1
3600,1210,evacuee,,Evacuee;149;in triage state;G;is in helicopter;1
3600,1216,evacuee,outHelo,Evacuee 151 in triage category G is assigned helicopter 1
3600,1216,evacuee,,Evacuee;151;in triage state;G;is in helicopter;1
3600,1270,evacuee,outHelo,Evacuee 146 in triage category G is assigned helicopter 1
3600,1270,evacuee,,Evacuee;146;in triage state;G;is in helicopter;1
3600,1276,evacuee,outHelo,Evacuee 145 in triage category G is assigned helicopter 1
3600,1276,evacuee,,Evacuee;145;in triage state;G;is in helicopter;1
3600,1151,filterEvac,out,Evacuee 133 in triage category G is assigned helicopter 1
3600,1151,filterEvac,out,Evacuee 134 in triage category G is assigned helicopter 1
3600,1151,filterEvac,out,Evacuee 135 in triage category G is assigned helicopter 1
3600,1151,filterEvac,out,Evacuee 140 in triage category G is assigned helicopter 1
3600,1151,filterEvac,out,Evacuee 141 in triage category G is assigned helicopter 1
3600,1151,filterEvac,out,Evacuee 143 in triage category G is assigned helicopter 1
3600,1151,filterEvac,out,Evacuee 145 in triage category G is assigned helicopter 1
3600,1151,filterEvac,out,Evacuee 146 in triage category G is assigned helicopter 1
3600,1151,filterEvac,out,Evacuee 149 in triage category G is assigned helicopter 1
3600,1151,filterEvac,out,Evacuee 151 in triage category G is assigned helicopter 1
3600,1151,filterEvac,,
3600,1153,helicopter,,Helicopter;1;is loading people at the evacuation site;;and has;10;spots taken
3603.9,3,evacueeManager,,OFF SHIP: White;0;Green;89;Yellow;27;Red;5;Black;329;ON SHIP: White;0;Green;0;Yellow;0;Red;0;Evacuees to Transfer;
3603.9,555,evacuee,outES,Evacuee 269 in triage category Y is not assigned a helicopter
3603.9,555,evacuee,,Evacuee;269;in triage state;R;is at the evacuation site
3611.52,3,evacueeManager,,OFF SHIP: White;0;Green;89;Yellow;27;Red;4;Black;330;ON SHIP: White;0;Green;0;Yellow;0;Red;0;Evacuees to Transfer;
3611.52,1402,evacuee,outES,Evacuee 207 in triage category R is not assigned a helicopter
3611.52,1402,evacuee,,Evacuee;207;in triage state;B;is at the evacuation site
3615,4,helipadManager,outHelo,Helicopter 1 is evacuating people1
3615,4,helipadManager,,;No helos are at ES
3615,1152,filterES,,Helicopter;1;is evacuating people
3615,4,helipadManager,outHQ,0
3615,4,helipadManager,,;No helos are at ES
3615,5,helicopterQueue,,;No helos are waiting to land
3615,1152,filterES,out,Helicopter 1 is evacuating people1
3615,1152,filterES,,
3615,1153,helicopter,,Helicopter;1;is loading people at the evacuation site;;and has;10;spots taken
3615,5,helicopterQueue,,;No helos are waiting to land
3615,1153,helicopter,,Helicopter;1;is returning to the FOL;;and has;10;spots taken
3620.32,3,evacueeManager,,OFF SHIP: White;0;Green;89;Yellow;26;Red;5;Black;330;ON SHIP: White;0;Green;0;Yellow;0;Red;0;Evacuees to Transfer;
3620.32,1480,evacuee,outES,Evacuee 96 in triage category Y is not assigned a helicopter
3620.32,1480,evacuee,,Evacuee;96;in triage state;R;is at the evacuation site
3632.23,3,evacueeManager,,OFF SHIP: White;0;Green;89;Yellow;25;Red;6;Black;330;ON SHIP: White;0;Green;0;Yellow;0;Red;0;Evacuees to Transfer;
3632.23,627,evacuee,outES,Evacuee 297 in triage category Y is not assigned a helicopter
3632.23,627,evacuee,,Evacuee;297;in triage state;R;is at the evacuation site
3639.49,3,evacueeManager,,OFF SHIP: White;0;Green;89;Yellow;25;Red;5;Black;331;ON SHIP: White;0;Green;0;Yellow;0;Red;0;Evacuees to Transfer;
3639.49,555,evacuee,outES,Evacuee 269 in triage category R is not assigned a helicopter
3639.49,555,evacuee,,Evacuee;269;in triage state;B;is at the evacuation site
3648.99,3,evacueeManager,,OFF SHIP: White;0;Green;88;Yellow;26;Red;5;Black;331;ON SHIP: White;0;Green;0;Yellow;0;Red;0;Evacuees to Transfer;
3648.99,83,evacuee,outES,Evacuee 448 in triage category G is not assigned a helicopter
3648.99,83,evacuee,,Evacuee;448;in triage state;Y;is at the evacuation site
3651.73,3,evacueeManager,,OFF SHIP: White;0;Green;87;Yellow;27;Red;5;Black;331;ON SHIP: White;0;Green;0;Yellow;0;Red;0;Evacuees to Transfer;
3651.73,423,evacuee,outES,Evacuee 273 in triage category G is not assigned a helicopter
3651.73,423,evacuee,,Evacuee;273;in triage state;Y;is at the evacuation site
3654.76,3,evacueeManager,,OFF SHIP: White;0;Green;87;Yellow;26;Red;6;Black;331;ON SHIP: White;0;Green;0;Yellow;0;Red;0;Evacuees to Transfer;
3654.76,1198,evacuee,outES,Evacuee 194 in triage category Y is not assigned a helicopter
3654.76,1198,evacuee,,Evacuee;194;in triage state;R;is at the evacuation site
3660.74,3,evacueeManager,,OFF SHIP: White;0;Green;87;Yellow;26;Red;5;Black;332;ON SHIP: White;0;Green;0;Yellow;0;Red;0;Evacuees to Transfer;
3660.74,627,evacuee,outES,Evacuee 297 in triage category R is not assigned a helicopter
3660.74,627,evacuee,,Evacuee;297;in triage state;B;is at the evacuation site
3673.59,3,evacueeManager,,OFF SHIP: White;0;Green;87;Yellow;25;Red;6;Black;332;ON SHIP: White;0;Green;0;Yellow;0;Red;0;Evacuees to Transfer;
3673.59,1189,evacuee,outES,Evacuee 138 in triage category Y is not assigned a helicopter
3673.59,1189,evacuee,,Evacuee;138;in triage state;R;is at the evacuation site
3681.32,3,evacueeManager,,OFF SHIP: White;0;Green;87;Yellow;25;Red;5;Black;333;ON SHIP: White;0;Green;0;Yellow;0;Red;0;Evacuees to Transfer;
3681.32,212,evacuee,outES,Evacuee 374 in triage category R is not assigned a helicopter
3681.32,212,evacuee,,Evacuee;374;in triage state;B;is at the evacuation site
3689.67,3,evacueeManager,,OFF SHIP: White;0;Green;87;Yellow;25;Red;4;Black;334;ON SHIP: White;0;Green;0;Yellow;0;Red;0;Evacuees to Transfer;
3689.67,417,evacuee,outES,Evacuee 315 in triage category R is not assigned a helicopter
3689.67,417,evacuee,,Evacuee;315;in triage state;B;is at the evacuation site
3690,7,filterLoc,,
3690,10,filterLoc,,
3690,13,filterLoc,,
3690,16,filterLoc,,
3690,19,filterLoc,,
3690,22,filterLoc,,
3690,25,filterLoc,,
3690,28,filterLoc,,
3690,31,filterLoc,,
3690,34,filterLoc,,
3690,37,filterLoc,,
3690,40,filterLoc,,
3690,43,filterLoc,,
3690,46,filterLoc,,
3690,49,filterLoc,,
3690,52,filterLoc,,
3690,55,filterLoc,,
3690,58,filterLoc,,
3690,61,filterLoc,,
3690,64,filterLoc,,
3690,67,filterLoc,,
3690,70,filterLoc,,
3690,73,filterLoc,,
3690,76,filterLoc,,
3690,79,filterLoc,,
3690,82,filterLoc,,
3690,85,filterLoc,,
3690,88,filterLoc,,
3690,91,filterLoc,,
3690,94,filterLoc,,
3690,97,filterLoc,,
3690,100,filterLoc,,
3690,103,filterLoc,,
3690,106,filterLoc,,
3690,109,filterLoc,,
3690,112,filterLoc,,
3690,115,filterLoc,,
3690,118,filterLoc,,
3690,121,filterLoc,,
3690,124,filterLoc,,
3690,127,filterLoc,,
3690,130,filterLoc,,
3690,133,filterLoc,,
3690,136,filterLoc,,
3690,139,filterLoc,,
3690,142,filterLoc,,
3690,145,filterLoc,,
3690,148,filterLoc,,
3690,151,filterLoc,,
3690,154,filterLoc,,
3690,157,filterLoc,,
3690,160,filterLoc,,
3690,163,filterLoc,,
3690,166,filterLoc,,
3690,169,filterLoc,,
3690,172,filterLoc,,
3690,175,filterLoc,,
3690,178,filterLoc,,
3690,181,filterLoc,,
3690,184,filterLoc,,
3690,187,filterLoc,,
3690,190,filterLoc,,
3690,193,filterLoc,,
3690,196,filterLoc,,
3690,199,filterLoc,,
3690,202,filterLoc,,
3690,205,filterLoc,,
3690,208,filterLoc,,
3690,211,filterLoc,,
3690,214,filterLoc,,
3690,217,filterLoc,,
3690,221,filterLoc,,
3690,224,filterLoc,,
3690,227,filterLoc,,
3690,230,filterLoc,,
3690,233,filterLoc,,
3690,236,filterLoc,,
3690,239,filterLoc,,
3690,242,filterLoc,,
3690,245,filterLoc,,
3690,248,filterLoc,,
3690,251,filterLoc,,
3690,254,filterLoc,,
3690,257,filterLoc,,
3690,260,filterLoc,,
3690,263,filterLoc,,
3690,266,filterLoc,,
3690,269,filterLoc,,
3690,272,filterLoc,,
3690,275,filterLoc,,
3690,278,filterLoc,,
3690,281,filterLoc,,
3690,284,filterLoc,,
3690,287,filterLoc,,
3690,290,filterLoc,,
3690,293,filterLoc,,
3690,296,filterLoc,,
3690,299,filterLoc,,
3690,302,filterLoc,,
3690,305,filterLoc,,
3690,308,filterLoc,,
3690,311,filterLoc,,
3690,314,filterLoc,,
3690,317,filterLoc,,
3690,320,filterLoc,,
3690,323,filterLoc,,
3690,326,filterLoc,,
3690,329,filterLoc,,
3690,332,filterLoc,,
3690,335,filterLoc,,
3690,338,filterLoc,,
3690,341,filterLoc,,
3690,344,filterLoc,,
3690,347,filterLoc,,
3690,350,filterLoc,,
3690,353,filterLoc,,
3690,356,filterLoc,,
3690,359,filterLoc,,
3690,362,filterLoc,,
3690,365,filterLoc,,
3690,368,filterLoc,,
3690,371,filterLoc,,
3690,374,filterLoc,,
3690,377,filterLoc,,
3690,380,filterLoc,,
3690,383,filterLoc,,
3690,386,filterLoc,,
3690,389,filterLoc,,
3690,392,filterLoc,,
3690,395,filterLoc,,
3690,398,filterLoc,,
3690,401,filterLoc,,
3690,404,filterLoc,,
3690,407,filterLoc,,
3690,410,filterLoc,,
3690,413,filterLoc,,
3690,416,filterLoc,,
3690,419,filterLoc,,
3690,422,filterLoc,,
3690,425,filterLoc,,
3690,428,filterLoc,,
3690,431,filterLoc,,
3690,434,filterLoc,,
3690,437,filterLoc,,
3690,440,filterLoc,,
3690,443,filterLoc,,
3690,446,filterLoc,,
3690,449,filterLoc,,
3690,452,filterLoc,,
3690,455,filterLoc,,
3690,458,filterLoc,,
3690,461,filterLoc,,
3690,464,filterLoc,,
3690,467,filterLoc,,
3690,470,filterLoc,,
3690,473,filterLoc,,
3690,476,filterLoc,,
3690,479,filterLoc,,
3690,482,filterLoc,,
3690,485,filterLoc,,
3690,488,filterLoc,,
3690,491,filterLoc,,
3690,494,filterLoc,,
3690,497,filterLoc,,
3690,500,filterLoc,,
3690,503,filterLoc,,
3690,506,filterLoc,,
3690,509,filterLoc,,
3690,512,filterLoc,,
3690,515,filterLoc,,
3690,518,filterLoc,,
3690,521,filterLoc,,
3690,524,filterLoc,,
3690,527,filterLoc,,
3690,530,filterLoc,,
3690,533,filterLoc,,
3690,536,filterLoc,,
3690,539,filterLoc,,
3690,542,filterLoc,,
3690,545,filterLoc,,
3690,548,filterLoc,,
3690,551,filterLoc,,
3690,554,filterLoc,,
3690,557,filterLoc,,
3690,560,filterLoc,,
3690,563,filterLoc,,
3690,566,filterLoc,,
3690,569,filterLoc,,
3690,572,filterLoc,,
3690,575,filterLoc,,
3690,578,filterLoc,,
3690,581,filterLoc,,
3690,584,filterLoc,,
3690,587,filterLoc,,
3690,590,filterLoc,,
3690,593,filterLoc,,
3690,596,filterLoc,,
3690,599,filterLoc,,
3690,602,filterLoc,,
3690,605,filterLoc,,
3690,608,filterLoc,,
3690,611,filterLoc,,
3690,614,filterLoc,,
3690,617,filterLoc,,
3690,620,filterLoc,,
3690,623,filterLoc,,
3690,626,filterLoc,,
3690,629,filterLoc,,
3690,632,filterLoc,,
3690,635,filterLoc,,
3690,638,filterLoc,,
3690,641,filterLoc,,
3690,644,filterLoc,,
3690,647,filterLoc,,
3690,650,filterLoc,,
3690,653,filterLoc,,
3690,656,filterLoc,,
3690,659,filterLoc,,
3690,662,filterLoc,,
3690,665,filterLoc,,
3690,668,filterLoc,,
3690,671,filterLoc,,
3690,674,filterLoc,,
3690,677,filterLoc,,
3690,680,filterLoc,,
3690,683,filterLoc,,
3690,686,filterLoc,,
3690,689,filterLoc,,
3690,692,filterLoc,,
3690,695,filterLoc,,
3690,698,filterLoc,,;Evacuee;134;in triage category;G;is leaving helicopter;1
3690,701,filterLoc,,
3690,704,filterLoc,,
3690,707,filterLoc,,
3690,710,filterLoc,,
3690,713,filterLoc,,;Evacuee;135;in triage category;G;is leaving helicopter;1
3690,716,filterLoc,,
3690,719,filterLoc,,
3690,722,filterLoc,,
3690,725,filterLoc,,
3690,728,filterLoc,,
3690,731,filterLoc,,
3690,734,filterLoc,,
3690,737,filterLoc,,
3690,740,filterLoc,,
3690,743,filterLoc,,
3690,746,filterLoc,,
3690,749,filterLoc,,
3690,752,filterLoc,,
3690,755,filterLoc,,
3690,758,filterLoc,,
3690,761,filterLoc,,
3690,764,filterLoc,,
3690,767,filterLoc,,
3690,770,filterLoc,,
3690,773,filterLoc,,
3690,776,filterLoc,,
3690,779,filterLoc,,;Evacuee;141;in triage category;G;is leaving helicopter;1
3690,782,filterLoc,,;Evacuee;133;in triage category;G;is leaving helicopter;1
3690,785,filterLoc,,
3690,788,filterLoc,,
3690,791,filterLoc,,
3690,794,filterLoc,,
3690,797,filterLoc,,
3690,800,filterLoc,,
3690,803,filterLoc,,
3690,806,filterLoc,,
3690,809,filterLoc,,
3690,812,filterLoc,,
3690,815,filterLoc,,
3690,818,filterLoc,,
3690,821,filterLoc,,
3690,824,filterLoc,,
3690,827,filterLoc,,
3690,830,filterLoc,,
3690,833,filterLoc,,
3690,836,filterLoc,,
3690,839,filterLoc,,
3690,842,filterLoc,,
3690,845,filterLoc,,
3690,848,filterLoc,,
3690,851,filterLoc,,
3690,854,filterLoc,,
3690,857,filterLoc,,
3690,860,filterLoc,,
3690,863,filterLoc,,
3690,866,filterLoc,,
3690,869,filterLoc,,
3690,872,filterLoc,,
3690,875,filterLoc,,
3690,878,filterLoc,,
3690,881,filterLoc,,
3690,884,filterLoc,,
3690,887,filterLoc,,
3690,890,filterLoc,,
3690,893,filterLoc,,
3690,896,filterLoc,,
3690,899,filterLoc,,
3690,902,filterLoc,,
3690,905,filterLoc,,
3690,908,filterLoc,,
3690,911,filterLoc,,
3690,914,filterLoc,,
3690,917,filterLoc,,
3690,920,filterLoc,,
3690,923,filterLoc,,
3690,926,filterLoc,,
3690,929,filterLoc,,
3690,932,filterLoc,,
3690,935,filterLoc,,
3690,938,filterLoc,,
3690,941,filterLoc,,
3690,944,filterLoc,,
3690,947,filterLoc,,
3690,950,filterLoc,,
3690,953,filterLoc,,
3690,956,filterLoc,,
3690,959,filterLoc,,
3690,962,filterLoc,,
3690,965,filterLoc,,
3690,968,filterLoc,,
3690,971,filterLoc,,
3690,974,filterLoc,,
3690,977,filterLoc,,
3690,980,filterLoc,,
3690,983,filterLoc,,
3690,986,filterLoc,,
3690,989,filterLoc,,
3690,992,filterLoc,,
3690,995,filterLoc,,
3690,998,filterLoc,,
3690,1001,filterLoc,,
3690,1004,filterLoc,,
3690,1007,filterLoc,,
3690,1010,filterLoc,,
3690,1013,filterLoc,,
3690,1016,filterLoc,,
3690,1019,filterLoc,,
3690,1022,filterLoc,,
3690,1025,filterLoc,,
3690,1028,filterLoc,,
3690,1031,filterLoc,,
3690,1034,filterLoc,,
3690,1037,filterLoc,,
3690,1040,filterLoc,,
3690,1043,filterLoc,,
3690,1046,filterLoc,,
3690,1049,filterLoc,,
3690,1052,filterLoc,,
3690,1055,filterLoc,,
3690,1058,filterLoc,,
3690,1061,filterLoc,,
3690,1064,filterLoc,,
3690,1067,filterLoc,,
3690,1070,filterLoc,,
3690,1073,filterLoc,,
3690,1076,filterLoc,,
3690,1079,filterLoc,,
3690,1082,filterLoc,,
3690,1085,filterLoc,,
3690,1088,filterLoc,,
3690,1091,filterLoc,,
3690,1094,filterLoc,,
3690,1097,filterLoc,,
3690,1100,filterLoc,,
3690,1103,filterLoc,,
3690,1106,filterLoc,,
3690,1109,filterLoc,,
3690,1112,filterLoc,,
3690,1115,filterLoc,,
3690,1118,filterLoc,,
3690,1121,filterLoc,,
3690,1124,filterLoc,,
3690,1127,filterLoc,,
3690,1130,filterLoc,,
3690,1133,filterLoc,,
3690,1136,filterLoc,,
3690,1139,filterLoc,,
3690,1142,filterLoc,,
3690,1145,filterLoc,,
3690,1148,filterLoc,,
3690,1153,helicopter,outEvac,Evacuee 133 in triage category G is not assigned a helicopter
3690,1153,helicopter,outEvac,Evacuee 134 in triage category G is not assigned a helicopter
3690,1153,helicopter,outEvac,Evacuee 135 in triage category G is not assigned a helicopter
3690,1153,helicopter,outEvac,Evacuee 140 in triage category G is not assigned a helicopter
3690,1153,helicopter,outEvac,Evacuee 141 in triage category G is not assigned a helicopter
3690,1153,helicopter,outEvac,Evacuee 143 in triage category G is not assigned a helicopter
3690,1153,helicopter,outEvac,Evacuee 145 in triage category G is not assigned a helicopter
3690,1153,helicopter,outEvac,Evacuee 146 in triage category G is not assigned a helicopter
3690,1153,helicopter,outEvac,Evacuee 149 in triage category G is not assigned a helicopter
3690,1153,helicopter,outEvac,Evacuee 151 in triage category G is not assigned a helicopter
3690,1153,helicopter,,Helicopter;1;is unloading people at the FOL;;and has;0;spots taken
3690,1155,filterLoc,,
3690,1158,filterLoc,,
3690,1161,filterLoc,,
3690,1164,filterLoc,,
3690,1167,filterLoc,,
3690,1170,filterLoc,,
3690,1173,filterLoc,,
3690,1176,filterLoc,,
3690,1179,filterLoc,,
3690,1182,filterLoc,,
3690,1185,filterLoc,,
3690,1188,filterLoc,,
3690,1191,filterLoc,,
3690,1194,filterLoc,,
3690,1197,filterLoc,,
3690,1200,filterLoc,,;Evacuee;140;in triage category;G;is leaving helicopter;1
3690,1203,filterLoc,,
3690,1206,filterLoc,,;Evacuee;143;in triage category;G;is leaving helicopter;1
3690,1209,filterLoc,,;Evacuee;149;in triage category;G;is leaving helicopter;1
3690,1212,filterLoc,,
3690,1215,filterLoc,,;Evacuee;151;in triage category;G;is leaving helicopter;1
3690,1218,filterLoc,,
3690,1221,filterLoc,,
3690,1224,filterLoc,,
3690,1227,filterLoc,,
3690,1230,filterLoc,,
3690,1233,filterLoc,,
3690,1236,filterLoc,,
3690,1239,filterLoc,,
3690,1242,filterLoc,,
3690,1245,filterLoc,,
3690,1248,filterLoc,,
3690,1251,filterLoc,,
3690,1254,filterLoc,,
3690,1257,filterLoc,,
3690,1260,filterLoc,,
3690,1263,filterLoc,,
3690,1266,filterLoc,,
3690,1269,filterLoc,,;Evacuee;146;in triage category;G;is leaving helicopter;1
3690,1272,filterLoc,,
3690,1275,filterLoc,,;Evacuee;145;in triage category;G;is leaving helicopter;1
3690,1278,filterLoc,,
3690,1281,filterLoc,,
3690,1284,filterLoc,,
3690,1287,filterLoc,,
3690,1290,filterLoc,,
3690,1293,filterLoc,,
3690,1296,filterLoc,,
3690,1299,filterLoc,,
3690,1302,filterLoc,,
3690,1305,filterLoc,,
3690,1308,filterLoc,,
3690,1311,filterLoc,,
3690,1314,filterLoc,,
3690,1317,filterLoc,,
3690,1320,filterLoc,,
3690,1323,filterLoc,,
3690,1326,filterLoc,,
3690,1329,filterLoc,,
3690,1332,filterLoc,,
3690,1335,filterLoc,,
3690,1338,filterLoc,,
3690,1341,filterLoc,,
3690,1344,filterLoc,,
3690,1347,filterLoc,,
3690,1350,filterLoc,,
3690,1353,filterLoc,,
3690,1356,filterLoc,,
3690,1359,filterLoc,,
3690,1362,filterLoc,,
3690,1365,filterLoc,,
3690,1368,filterLoc,,
3690,1371,filterLoc,,
3690,1374,filterLoc,,
3690,1377,filterLoc,,
3690,1380,filterLoc,,
3690,1383,filterLoc,,
3690,1386,filterLoc,,
3690,1389,filterLoc,,
3690,1392,filterLoc,,
3690,1395,filterLoc,,
3690,1398,filterLoc,,
3690,1401,filterLoc,,
3690,1404,filterLoc,,
3690,1407,filterLoc,,
3690,1410,filterLoc,,
3690,1413,filterLoc,,
3690,1416,filterLoc,,
3690,1419,filterLoc,,
3690,1422,filterLoc,,
3690,1425,filterLoc,,
3690,1428,filterLoc,,
3690,1431,filterLoc,,
3690,1434,filterLoc,,
3690,1437,filterLoc,,
3690,1440,filterLoc,,
3690,1443,filterLoc,,
3690,1446,filterLoc,,
3690,1449,filterLoc,,
3690,1452,filterLoc,,
3690,1455,filterLoc,,
3690,1458,filterLoc,,
3690,1461,filterLoc,,
3690,1464,filterLoc,,
3690,1467,filterLoc,,
3690,1470,filterLoc,,
3690,1473,filterLoc,,
3690,1476,filterLoc,,
3690,1479,filterLoc,,
3690,1482,filterLoc,,
3690,1485,filterLoc,,
3690,1488,filterLoc,,
3690,1491,filterLoc,,
3690,1494,filterLoc,,
3690,1497,filterLoc,,
3690,1500,filterLoc,,
3690,1503,filterLoc,,
3690,1506,filterLoc,,
3690,1509,filterLoc,,
3690,698,filterLoc,out,Evacuee 134 in triage category G is not assigned a helicopter
3690,698,filterLoc,,
3690,699,evacuee,,Evacuee;134;in triage state;G;is entering the FOL
3690,713,filterLoc,out,Evacuee 135 in triage category G is not assigned a helicopter
3690,713,filterLoc,,
3690,714,evacuee,,Evacuee;135;in triage state;G;is entering the FOL
3690,779,filterLoc,out,Evacuee 141 in triage category G is not assigned a helicopter
3690,779,filterLoc,,
3690,780,evacuee,,Evacuee;141;in triage state;G;is entering the FOL
3690,782,filterLoc,out,Evacuee 133 in triage category G is not assigned a helicopter
3690,782,filterLoc,,
3690,783,evacuee,,Evacuee;133;in triage state;G;is entering the FOL
3690,1200,filterLoc,out,Evacuee 140 in triage category G is not assigned a helicopter
3690,1200,filterLoc,,
3690,1201,evacuee,,Evacuee;140;in triage state;G;is entering the FOL
3690,1206,filterLoc,out,Evacuee 143 in triage category G is not assigned a helicopter
3690,1206,filterLoc,,
3690,1207,evacuee,,Evacuee;143;in triage state;G;is entering the FOL
3690,1209,filterLoc,out,Evacuee 149 in triage category G is not assigned a helicopter
3690,1209,filterLoc,,
3690,1210,evacuee,,Evacuee;149;in triage state;G;is entering the FOL
3690,1215,filterLoc,out,Evacuee 151 in triage category G is not assigned a helicopter
3690,1215,filterLoc,,
3690,1216,evacuee,,Evacuee;151;in triage state;G;is entering the FOL
3690,1269,filterLoc,out,Evacuee 146 in triage category G is not assigned a helicopter
3690,1269,filterLoc,,
3690,1270,evacuee,,Evacuee;146;in triage state;G;is entering the FOL
3690,1275,filterLoc,out,Evacuee 145 in triage category G is not assigned a helicopter
3690,1275,filterLoc,,
3690,1276,evacuee,,Evacuee;145;in triage state;G;is entering the FOL
3690,219,FOL,,;EvacueeID;3;Triage Status;G;EvacueeID;5;Triage Status;G;EvacueeID;8;Triage Status;G;EvacueeID;12;Triage Status;G;EvacueeID;15;Triage Status;G;EvacueeID;21;Triage Status;G;EvacueeID;30;Triage Status;G;EvacueeID;31;Triage Status;G;EvacueeID;36;Triage Status;G;EvacueeID;38;Triage Status;G;EvacueeID;39;Triage Status;G;EvacueeID;42;Triage Status;G;EvacueeID;43;Triage Status;G;EvacueeID;46;Triage Status;G;EvacueeID;47;Triage Status;G;EvacueeID;51;Triage Status;G;EvacueeID;53;Triage Status;G;EvacueeID;56;Triage Status;G;EvacueeID;57;Triage Status;G;EvacueeID;59;Triage Status;G;EvacueeID;62;Triage Status;G;EvacueeID;66;Triage Status;G;EvacueeID;68;Triage Status;G;EvacueeID;72;Triage Status;G;EvacueeID;79;Triage Status;G;EvacueeID;80;Triage Status;G;EvacueeID;84;Triage Status;G;EvacueeID;86;Triage Status;G;EvacueeID;89;Triage Status;G;EvacueeID;91;Triage Status;G;EvacueeID;101;Triage Status;G;EvacueeID;103;Triage Status;G;EvacueeID;107;Triage Status;G;EvacueeID;110;Triage Status;G;EvacueeID;111;Triage Status;G;EvacueeID;115;Triage Status;G;EvacueeID;118;Triage Status;G;EvacueeID;124;Triage Status;G;EvacueeID;130;Triage Status;G;EvacueeID;132;Triage Status;G;EvacueeID;133;Triage Status;G;EvacueeID;134;Triage Status;G;EvacueeID;135;Triage Status;G;EvacueeID;140;Triage Status;G;EvacueeID;141;Triage Status;G;EvacueeID;143;Triage Status;G;EvacueeID;145;Triage Status;G;EvacueeID;146;Triage Status;G;EvacueeID;149;Triage Status;G;EvacueeID;151;Triage Status;G;Lives Saved;50
3690,699,evacuee,outFOL,Evacuee 134 in triage category G is not assigned a helicopter
3690,699,evacuee,,Evacuee;134;in triage state;G;is at the FOL
3690,714,evacuee,outFOL,Evacuee 135 in triage category G is not assigned a helicopter
3690,714,evacuee,,Evacuee;135;in triage state;G;is at the FOL
3690,780,evacuee,outFOL,Evacuee 141 in triage category G is not assigned a helicopter
3690,780,evacuee,,Evacuee;141;in triage state;G;is at the FOL
3690,783,evacuee,outFOL,Evacuee 133 in triage category G is not assigned a helicopter
3690,783,evacuee,,Evacuee;133;in triage state;G;is at the FOL
3690,1201,evacuee,outFOL,Evacuee 140 in triage category G is not assigned a helicopter
3690,1201,evacuee,,Evacuee;140;in triage state;G;is at the FOL
3690,1207,evacuee,outFOL,Evacuee 143 in triage category G is not assigned a helicopter
3690,1207,evacuee,,Evacuee;143;in triage state;G;is at the FOL
3690,1210,evacuee,outFOL,Evacuee 149 in triage category G is not assigned a helicopter
3690,1210,evacuee,,Evacuee;149;in triage state;G;is at the FOL
3690,1216,evacuee,outFOL,Evacuee 151 in triage category G is not assigned a helicopter
3690,1216,evacuee,,Evacuee;151;in triage state;G;is at the FOL
3690,1270,evacuee,outFOL,Evacuee 146 in triage category G is not assigned a helicopter
3690,1270,evacuee,,Evacuee;146;in triage state;G;is at the FOL
3690,1276,evacuee,outFOL,Evacuee 145 in triage category G is not assigned a helicopter
3690,1276,evacuee,,Evacuee;145;in triage state;G;is at the FOL
3690,219,FOL,,;EvacueeID;3;Triage Status;G;EvacueeID;5;Triage Status;G;EvacueeID;8;Triage Status;G;EvacueeID;12;Triage Status;G;EvacueeID;15;Triage Status;G;EvacueeID;21;Triage Status;G;EvacueeID;30;Triage Status;G;EvacueeID;31;Triage Status;G;EvacueeID;36;Triage Status;G;EvacueeID;38;Triage Status;G;EvacueeID;39;Triage Status;G;EvacueeID;42;Triage Status;G;EvacueeID;43;Triage Status;G;EvacueeID;46;Triage Status;G;EvacueeID;47;Triage Status;G;EvacueeID;51;Triage Status;G;EvacueeID;53;Triage Status;G;EvacueeID;56;Triage Status;G;EvacueeID;57;Triage Status;G;EvacueeID;59;Triage Status;G;EvacueeID;62;Triage Status;G;EvacueeID;66;Triage Status;G;EvacueeID;68;Triage Status;G;EvacueeID;72;Triage Status;G;EvacueeID;79;Triage Status;G;EvacueeID;80;Triage Status;G;EvacueeID;84;Triage Status;G;EvacueeID;86;Triage Status;G;EvacueeID;89;Triage Status;G;EvacueeID;91;Triage Status;G;EvacueeID;101;Triage Status;G;EvacueeID;103;Triage Status;G;EvacueeID;107;Triage Status;G;EvacueeID;110;Triage Status;G;EvacueeID;111;Triage Status;G;EvacueeID;115;Triage Status;G;EvacueeID;118;Triage Status;G;EvacueeID;124;Triage Status;G;EvacueeID;130;Triage Status;G;EvacueeID;132;Triage Status;G;EvacueeID;133;Triage Status;G;EvacueeID;134;Triage Status;G;EvacueeID;135;Triage Status;G;EvacueeID;140;Triage Status;G;EvacueeID;141;Triage Status;G;EvacueeID;143;Triage Status;G;EvacueeID;145;Triage Status;G;EvacueeID;146;Triage Status;G;EvacueeID;149;Triage Status;G;EvacueeID;151;Triage Status;G;Lives Saved;50
3691.46,3,evacueeManager,,OFF SHIP: White;0;Green;86;Yellow;26;Red;4;Black;334;ON SHIP: White;0;Green;0;Yellow;0;Red;0;Evacuees to Transfer;
3691.46,155,evacuee,outES,Evacuee 397 in triage category G is not assigned a helicopter
3691.46,155,evacuee,,Evacuee;397;in triage state;Y;is at the evacuation site
3692.26,3,evacueeManager,,OFF SHIP: White;0;Green;86;Yellow;26;Red;3;Black;335;ON SHIP: White;0;Green;0;Yellow;0;Red;0;Evacuees to Transfer;
3692.26,1198,evacuee,outES,Evacuee 194 in triage category R is not assigned a helicopter
3692.26,1198,evacuee,,Evacuee;194;in triage state;B;is at the evacuation site
3696.28,3,evacueeManager,,OFF SHIP: White;0;Green;86;Yellow;26;Red;2;Black;336;ON SHIP: White;0;Green;0;Yellow;0;Red;0;Evacuees to Transfer;
3696.28,1480,evacuee,outES,Evacuee 96 in triage category R is not assigned a helicopter
3696.28,1480,evacuee,,Evacuee;96;in triage state;B;is at the evacuation site
3699.41,3,evacueeManager,,OFF SHIP: White;0;Green;86;Yellow;25;Red;3;Black;336;ON SHIP: White;0;Green;0;Yellow;0;Red;0;Evacuees to Transfer;
3699.41,1408,evacuee,outES,Evacuee 211 in triage category Y is not assigned a helicopter
3699.41,1408,evacuee,,Evacuee;211;in triage state;R;is at the evacuation site
3705,1153,helicopter,,Helicopter;1;Is going to the evacuation site;;and has;0;spots taken
3707.35,3,evacueeManager,,OFF SHIP: White;0;Green;85;Yellow;26;Red;3;Black;336;ON SHIP: White;0;Green;0;Yellow;0;Red;0;Evacuees to Transfer;
3707.35,912,evacuee,outES,Evacuee 359 in triage category G is not assigned a helicopter
3707.35,912,evacuee,,Evacuee;359;in triage state;Y;is at the evacuation site
3707.46,3,evacueeManager,,OFF SHIP: White;0;Green;85;Yellow;25;Red;4;Black;336;ON SHIP: White;0;Green;0;Yellow;0;Red;0;Evacuees to Transfer;
3707.46,1186,evacuee,outES,Evacuee 137 in triage category Y is not assigned a helicopter
3707.46,1186,evacuee,,Evacuee;137;in triage state;R;is at the evacuation site
3714.53,3,evacueeManager,,OFF SHIP: White;0;Green;84;Yellow;26;Red;4;Black;336;ON SHIP: White;0;Green;0;Yellow;0;Red;0;Evacuees to Transfer;
3714.53,1414,evacuee,outES,Evacuee 214 in triage category G is not assigned a helicopter
3714.53,1414,evacuee,,Evacuee;214;in triage state;Y;is at the evacuation site
3716.71,3,evacueeManager,,OFF SHIP: White;0;Green;84;Yellow;25;Red;5;Black;336;ON SHIP: White;0;Green;0;Yellow;0;Red;0;Evacuees to Transfer;
3716.71,969,evacuee,outES,Evacuee 61 in triage category Y is not assigned a helicopter
3716.71,969,evacuee,,Evacuee;61;in triage state;R;is at the evacuation site
3722.48,3,evacueeManager,,OFF SHIP: White;0;Green;84;Yellow;24;Red;6;Black;336;ON SHIP: White;0;Green;0;Yellow;0;Red;0;Evacuees to Transfer;
3722.48,83,evacuee,outES,Evacuee 448 in triage category Y is not assigned a helicopter
3722.48,83,evacuee,,Evacuee;448;in triage state;R;is at the evacuation site
3724.55,3,evacueeManager,,OFF SHIP: White;0;Green;84;Yellow;24;Red;5;Black;337;ON SHIP: White;0;Green;0;Yellow;0;Red;0;Evacuees to Transfer;
3724.55,83,evacuee,outES,Evacuee 448 in triage category R is not assigned a helicopter
3724.55,83,evacuee,,Evacuee;448;in triage state;B;is at the evacuation site
3732.22,3,evacueeManager,,OFF SHIP: White;0;Green;84;Yellow;23;Red;6;Black;337;ON SHIP: White;0;Green;0;Yellow;0;Red;0;Evacuees to Transfer;
3732.22,1336,evacuee,outES,Evacuee 253 in triage category Y is not assigned a helicopter
3732.22,1336,evacuee,,Evacuee;253;in triage state;R;is at the evacuation site
3753.44,3,evacueeManager,,OFF SHIP: White;0;Green;84;Yellow;22;Red;7;Black;337;ON SHIP: White;0;Green;0;Yellow;0;Red;0;Evacuees to Transfer;
3753.44,981,evacuee,outES,Evacuee 154 in triage category Y is not assigned a helicopter
3753.44,981,evacuee,,Evacuee;154;in triage state;R;is at the evacuation site
3755.74,3,evacueeManager,,OFF SHIP: White;0;Green;84;Yellow;21;Red;8;Black;337;ON SHIP: White;0;Green;0;Yellow;0;Red;0;Evacuees to Transfer;
3755.74,1483,evacuee,outES,Evacuee 244 in triage category Y is not assigned a helicopter
3755.74,1483,evacuee,,Evacuee;244;in triage state;R;is at the evacuation site
3755.96,3,evacueeManager,,OFF SHIP: White;0;Green;84;Yellow;21;Red;7;Black;338;ON SHIP: White;0;Green;0;Yellow;0;Red;0;Evacuees to Transfer;
3755.96,969,evacuee,outES,Evacuee 61 in triage category R is not assigned a helicopter
3755.96,969,evacuee,,Evacuee;61;in triage state;B;is at the evacuation site
3760.96,3,evacueeManager,,OFF SHIP: White;0;Green;84;Yellow;21;Red;6;Black;339;ON SHIP: White;0;Green;0;Yellow;0;Red;0;Evacuees to Transfer;
3760.96,1336,evacuee,outES,Evacuee 253 in triage category R is not assigned a helicopter
3760.96,1336,evacuee,,Evacuee;253;in triage state;B;is at the evacuation site
3761.27,3,evacueeManager,,OFF SHIP: White;0;Green;84;Yellow;20;Red;7;Black;339;ON SHIP: White;0;Green;0;Yellow;0;Red;0;Evacuees to Transfer;
3761.27,1122,evacuee,outES,Evacuee 175 in triage category Y is not assigned a helicopter
3761.27,1122,evacuee,,Evacuee;175;in triage state;R;is at the evacuation site
3762.86,3,evacueeManager,,OFF SHIP: White;0;Green;84;Yellow;20;Red;6;Black;340;ON SHIP: White;0;Green;0;Yellow;0;Red;0;Evacuees to Transfer;
3762.86,1122,evacuee,outES,Evacuee 175 in triage category R is not assigned a helicopter
3762.86,1122,evacuee,,Evacuee;175;in triage state;B;is at the evacuation site
3764.46,3,evacueeManager,,OFF SHIP: White;0;Green;84;Yellow;20;Red;5;Black;341;ON SHIP: White;0;Green;0;Yellow;0;Red;0;Evacuees to Transfer;
3764.46,1483,evacuee,outES,Evacuee 244 in triage category R is not assigned a helicopter
3764.46,1483,evacuee,,Evacuee;244;in triage state;B;is at the evacuation site
3765.48,3,evacueeManager,,OFF SHIP: White;0;Green;84;Yellow;19;Red;6;Black;341;ON SHIP: White;0;Green;0;Yellow;0;Red;0;Evacuees to Transfer;
3765.48,288,evacuee,outES,Evacuee 327 in triage category Y is not assigned a helicopter
3765.48,288,evacuee,,Evacuee;327;in triage state;R;is at the evacuation site
3766.31,3,evacueeManager,,OFF SHIP: White;0;Green;83;Yellow;20;Red;6;Black;341;ON SHIP: White;0;Green;0;Yellow;0;Red;0;Evacuees to Transfer;
3766.31,1486,evacuee,outES,Evacuee 247 in triage category G is not assigned a helicopter
3766.31,1486,evacuee,,Evacuee;247;in triage state;Y;is at the evacuation site
3768.54,3,evacueeManager,,OFF SHIP: White;0;Green;83;Yellow;19;Red;7;Black;341;ON SHIP: White;0;Green;0;Yellow;0;Red;0;Evacuees to Transfer;
3768.54,1414,evacuee,outES,Evacuee 214 in triage category Y is not assigned a helicopter
3768.54,1414,evacuee,,Evacuee;214;in triage state;R;is at the evacuation site
3780,5,helicopterQueue,,1;Helos are waiting to land;HeloID;1
3780,1153,helicopter,outES,Helicopter 1 is evacuating people1
3780,1153,helicopter,,Helicopter;1;is waiting to land at the evacuation site;;and has;0;spots taken
3780,4,helipadManager,,;No helos are at ES
3780,5,helicopterQueue,outHM,Helicopter 1 is evacuating people1
3780,5,helicopterQueue,outHelo,Helicopter 1 is evacuating people1
3780,5,helicopterQueue,,;No helos are waiting to land
3780,1152,filterES,,Helicopter;1;is evacuating people
3780,3,evacueeManager,,OFF SHIP: White;0;Green;73;Yellow;19;Red;7;Black;341;ON SHIP: White;0;Green;0;Yellow;0;Red;0;Evacuees to Transfer;;EvacueeID;167;HeloID;1;OnShip;0;Triage Status;G;EvacueeID;168;HeloID;1;OnShip;0;Triage Status;G;EvacueeID;169;HeloID;1;OnShip;0;Triage Status;G;EvacueeID;172;HeloID;1;OnShip;0;Triage Status;G;EvacueeID;176;HeloID;1;OnShip;0;Triage Status;G;EvacueeID;193;HeloID;1;OnShip;0;Triage Status;G;EvacueeID;195;HeloID;1;OnShip;0;Triage Status;G;EvacueeID;196;HeloID;1;OnShip;0;Triage Status;G;EvacueeID;197;HeloID;1;OnShip;0;Triage Status;G;EvacueeID;198;HeloID;1;OnShip;0;Triage Status;G
3780,4,helipadManager,outEM,Helicopter 1 is evacuating people1
3780,4,helipadManager,,Helo;1;is at the ES
3780,1152,filterES,out,Helicopter 1 is evacuating people1
3780,1152,filterES,,
3780,1153,helicopter,,Helicopter;1;is waiting to land at the evacuation site;;and has;0;spots taken
3780,3,evacueeManager,outEvac,Evacuee 167 in triage category G is assigned helicopter 1
3780,3,evacueeManager,outEvac,Evacuee 168 in triage category G is assigned helicopter 1
3780,3,evacueeManager,outEvac,Evacuee 169 in triage category G is assigned helicopter 1
3780,3,evacueeManager,outEvac,Evacuee 172 in triage category G is assigned helicopter 1
3780,3,evacueeManager,outEvac,Evacuee 176 in triage category G is assigned helicopter 1
3780,3,evacueeManager,outEvac,Evacuee 193 in triage category G is assigned helicopter 1
3780,3,evacueeManager,outEvac,Evacuee 195 in triage category G is assigned helicopter 1
3780,3,evacueeManager,outEvac,Evacuee 196 in triage category G is assigned helicopter 1
3780,3,evacueeManager,outEvac,Evacuee 197 in triage category G is assigned helicopter 1
3780,3,evacueeManager,outEvac,Evacuee 198 in triage category G is assigned helicopter 1
3780,3,evacueeManager,,OFF SHIP: White;0;Green;73;Yellow;19;Red;7;Black;341;ON SHIP: White;0;Green;0;Yellow;0;Red;0;Evacuees to Transfer;
3780,7,filterLoc,,
3780,10,filterLoc,,
3780,13,filterLoc,,
3780,16,filterLoc,,
3780,19,filterLoc,,
3780,22,filterLoc,,
3780,25,filterLoc,,
3780,28,filterLoc,,
3780,31,filterLoc,,
3780,34,filterLoc,,
3780,37,filterLoc,,
3780,40,filterLoc,,
3780,43,filterLoc,,
3780,46,filterLoc,,
3780,49,filterLoc,,
3780,52,filterLoc,,
3780,55,filterLoc,,
3780,58,filterLoc,,
3780,61,filterLoc,,
3780,64,filterLoc,,
3780,67,filterLoc,,
3780,70,filterLoc,,
3780,73,filterLoc,,
3780,76,filterLoc,,
3780,79,filterLoc,,
3780,82,filterLoc,,
3780,85,filterLoc,,
3780,88,filterLoc,,
3780,91,filterLoc,,
3780,94,filterLoc,,
3780,97,filterLoc,,
3780,100,filterLoc,,
3780,103,filterLoc,,
3780,106,filterLoc,,
3780,109,filterLoc,,
3780,112,filterLoc,,
3780,115,filterLoc,,
3780,118,filterLoc,,
3780,121,filterLoc,,
3780,124,filterLoc,,
3780,127,filterLoc,,
3780,130,filterLoc,,
3780,133,filterLoc,,
3780,136,filterLoc,,
3780,139,filterLoc,,
3780,142,filterLoc,,
3780,145,filterLoc,,
3780,148,filterLoc,,
3780,151,filterLoc,,
3780,154,filterLoc,,
3780,157,filterLoc,,
3780,160,filterLoc,,
3780,163,filterLoc,,
3780,166,filterLoc,,
3780,169,filterLoc,,
3780,172,filterLoc,,
3780,175,filterLoc,,
3780,178,filterLoc,,
3780,181,filterLoc,,
3780,184,filterLoc,,
3780,187,filterLoc,,
3780,190,filterLoc,,
3780,193,filterLoc,,
3780,196,filterLoc,,
3780,199,filterLoc,,
3780,202,filterLoc,,
3780,205,filterLoc,,
3780,208,filterLoc,,
3780,211,filterLoc,,
3780,214,filterLoc,,
3780,217,filterLoc,,
3780,221,filterLoc,,
3780,224,filterLoc,,
3780,227,filterLoc,,
3780,230,filterLoc,,
3780,233,filterLoc,,
3780,236,filterLoc,,
3780,239,filterLoc,,
3780,242,filterLoc,,
3780,245,filterLoc,,
3780,248,filterLoc,,
3780,251,filterLoc,,
3780,254,filterLoc,,
3780,257,filterLoc,,
3780,260,filterLoc,,
3780,263,filterLoc,,
3780,266,filterLoc,,
3780,269,filterLoc,,
3780,272,filterLoc,,
3780,275,filterLoc,,
3780,278,filterLoc,,
3780,281,filterLoc,,
3780,284,filterLoc,,
3780,287,filterLoc,,
3780,290,filterLoc,,
3780,293,filterLoc,,
3780,296,filterLoc,,
3780,299,filterLoc,,
3780,302,filterLoc,,
3780,305,filterLoc,,
3780,308,filterLoc,,
3780,311,filterLoc,,
3780,314,filterLoc,,
3780,317,filterLoc,,
3780,320,filterLoc,,
3780,323,filterLoc,,
3780,326,filterLoc,,
3780,329,filterLoc,,
3780,332,filterLoc,,
3780,335,filterLoc,,
3780,338,filterLoc,,
3780,341,filterLoc,,
3780,344,filterLoc,,
3780,347,filterLoc,,
3780,350,filterLoc,,
3780,353,filterLoc,,
3780,356,filterLoc,,
3780,359,filterLoc,,
3780,362,filterLoc,,
3780,365,filterLoc,,
3780,368,filterLoc,,
3780,371,filterLoc,,
3780,374,filterLoc,,
3780,377,filterLoc,,
3780,380,filterLoc,,
3780,383,filterLoc,,
3780,386,filterLoc,,
3780,389,filterLoc,,
3780,392,filterLoc,,
3780,395,filterLoc,,
3780,398,filterLoc,,
3780,401,filterLoc,,
3780,404,filterLoc,,
3780,407,filterLoc,,
3780,410,filterLoc,,
3780,413,filterLoc,,
3780,416,filterLoc,,
3780,419,filterLoc,,
3780,422,filterLoc,,
3780,425,filterLoc,,
3780,428,filterLoc,,
3780,431,filterLoc,,
3780,434,filterLoc,,
3780,437,filterLoc,,
3780,440,filterLoc,,
3780,443,filterLoc,,
3780,446,filterLoc,,
3780,449,filterLoc,,
3780,452,filterLoc,,
3780,455,filterLoc,,
3780,458,filterLoc,,
3780,461,filterLoc,,
3780,464,filterLoc,,
3780,467,filterLoc,,
3780,470,filterLoc,,
3780,473,filterLoc,,
3780,476,filterLoc,,
3780,479,filterLoc,,
3780,482,filterLoc,,
3780,485,filterLoc,,
3780,488,filterLoc,,
3780,491,filterLoc,,
3780,494,filterLoc,,
3780,497,filterLoc,,
3780,500,filterLoc,,
3780,503,filterLoc,,
3780,506,filterLoc,,
3780,509,filterLoc,,
3780,512,filterLoc,,
3780,515,filterLoc,,
3780,518,filterLoc,,
3780,521,filterLoc,,
3780,524,filterLoc,,
3780,527,filterLoc,,
3780,530,filterLoc,,
3780,533,filterLoc,,
3780,536,filterLoc,,
3780,539,filterLoc,,
3780,542,filterLoc,,
3780,545,filterLoc,,
3780,548,filterLoc,,
3780,551,filterLoc,,
3780,554,filterLoc,,
3780,557,filterLoc,,
3780,560,filterLoc,,
3780,563,filterLoc,,
3780,566,filterLoc,,
3780,569,filterLoc,,
3780,572,filterLoc,,
3780,575,filterLoc,,
3780,578,filterLoc,,
3780,581,filterLoc,,
3780,584,filterLoc,,
3780,587,filterLoc,,
3780,590,filterLoc,,
3780,593,filterLoc,,
3780,596,filterLoc,,
3780,599,filterLoc,,
3780,602,filterLoc,,
3780,605,filterLoc,,
3780,608,filterLoc,,
3780,611,filterLoc,,
3780,614,filterLoc,,
3780,617,filterLoc,,
3780,620,filterLoc,,
3780,623,filterLoc,,
3780,626,filterLoc,,
3780,629,filterLoc,,
3780,632,filterLoc,,
3780,635,filterLoc,,
3780,638,filterLoc,,
3780,641,filterLoc,,
3780,644,filterLoc,,
3780,647,filterLoc,,
3780,650,filterLoc,,
3780,653,filterLoc,,
3780,656,filterLoc,,
3780,659,filterLoc,,
3780,662,filterLoc,,
3780,665,filterLoc,,
3780,668,filterLoc,,
3780,671,filterLoc,,
3780,674,filterLoc,,
3780,677,filterLoc,,
3780,680,filterLoc,,
3780,683,filterLoc,,
3780,686,filterLoc,,
3780,689,filterLoc,,
3780,692,filterLoc,,
3780,695,filterLoc,,
3780,698,filterLoc,,
3780,701,filterLoc,,
3780,704,filterLoc,,
3780,707,filterLoc,,
3780,710,filterLoc,,
3780,713,filterLoc,,
3780,716,filterLoc,,
3780,719,filterLoc,,
3780,722,filterLoc,,
3780,725,filterLoc,,
3780,728,filterLoc,,
3780,731,filterLoc,,
3780,734,filterLoc,,
3780,737,filterLoc,,
3780,740,filterLoc,,
3780,743,filterLoc,,
3780,746,filterLoc,,
3780,749,filterLoc,,
3780,752,filterLoc,,
3780,755,filterLoc,,
3780,758,filterLoc,,
3780,761,filterLoc,,
3780,764,filterLoc,,
3780,767,filterLoc,,
3780,770,filterLoc,,
3780,773,filterLoc,,
3780,776,filterLoc,,
3780,779,filterLoc,,
3780,782,filterLoc,,
3780,785,filterLoc,,
3780,788,filterLoc,,
3780,791,filterLoc,,
3780,794,filterLoc,,
3780,797,filterLoc,,
3780,800,filterLoc,,
3780,803,filterLoc,,
3780,806,filterLoc,,
3780,809,filterLoc,,
3780,812,filterLoc,,
3780,815,filterLoc,,
3780,818,filterLoc,,
3780,821,filterLoc,,
3780,824,filterLoc,,
3780,827,filterLoc,,
3780,830,filterLoc,,
3780,833,filterLoc,,
3780,836,filterLoc,,
3780,839,filterLoc,,
3780,842,filterLoc,,
3780,845,filterLoc,,
3780,848,filterLoc,,
3780,851,filterLoc,,
3780,854,filterLoc,,;Evacuee;172;in triage category;G;is entering helicopter;1
3780,857,filterLoc,,
3780,860,filterLoc,,
3780,863,filterLoc,,
3780,866,filterLoc,,
3780,869,filterLoc,,
3780,872,filterLoc,,
3780,875,filterLoc,,
3780,878,filterLoc,,
3780,881,filterLoc,,
3780,884,filterLoc,,
3780,887,filterLoc,,
3780,890,filterLoc,,
3780,893,filterLoc,,
3780,896,filterLoc,,
3780,899,filterLoc,,
3780,902,filterLoc,,
3780,905,filterLoc,,
3780,908,filterLoc,,
3780,911,filterLoc,,
3780,914,filterLoc,,
3780,917,filterLoc,,;Evacuee;196;in triage category;G;is entering helicopter;1
3780,920,filterLoc,,
3780,923,filterLoc,,
3780,926,filterLoc,,
3780,929,filterLoc,,
3780,932,filterLoc,,
3780,935,filterLoc,,
3780,938,filterLoc,,
3780,941,filterLoc,,
3780,944,filterLoc,,
3780,947,filterLoc,,
3780,950,filterLoc,,
3780,953,filterLoc,,
3780,956,filterLoc,,
3780,959,filterLoc,,
3780,962,filterLoc,,
3780,965,filterLoc,,
3780,968,filterLoc,,
3780,971,filterLoc,,
3780,974,filterLoc,,
3780,977,filterLoc,,
3780,980,filterLoc,,
3780,983,filterLoc,,
3780,986,filterLoc,,
3780,989,filterLoc,,
3780,992,filterLoc,,
3780,995,filterLoc,,
3780,998,filterLoc,,
3780,1001,filterLoc,,
3780,1004,filterLoc,,
3780,1007,filterLoc,,
3780,1010,filterLoc,,
3780,1013,filterLoc,,
3780,1016,filterLoc,,
3780,1019,filterLoc,,
3780,1022,filterLoc,,
3780,1025,filterLoc,,
3780,1028,filterLoc,,
3780,1031,filterLoc,,
3780,1034,filterLoc,,
3780,1037,filterLoc,,
3780,1040,filterLoc,,
3780,1043,filterLoc,,
3780,1046,filterLoc,,
3780,1049,filterLoc,,
3780,1052,filterLoc,,
3780,1055,filterLoc,,;Evacuee;198;in triage category;G;is entering helicopter;1
3780,1058,filterLoc,,
3780,1061,filterLoc,,
3780,1064,filterLoc,,
3780,1067,filterLoc,,
3780,1070,filterLoc,,
3780,1073,filterLoc,,
3780,1076,filterLoc,,
3780,1079,filterLoc,,
3780,1082,filterLoc,,
3780,1085,filterLoc,,
3780,1088,filterLoc,,
3780,1091,filterLoc,,
3780,1094,filterLoc,,
3780,1097,filterLoc,,
3780,1100,filterLoc,,
3780,1103,filterLoc,,
3780,1106,filterLoc,,
3780,1109,filterLoc,,
3780,1112,filterLoc,,
3780,1115,filterLoc,,
3780,1118,filterLoc,,
3780,1121,filterLoc,,
3780,1124,filterLoc,,
3780,1127,filterLoc,,
3780,1130,filterLoc,,
3780,1133,filterLoc,,
3780,1136,filterLoc,,
3780,1139,filterLoc,,
3780,1142,filterLoc,,
3780,1145,filterLoc,,
3780,1148,filterLoc,,
3780,1153,helicopter,,Helicopter;1;is loading people at the evacuation site;;and has;0;spots taken
3780,1155,filterLoc,,
3780,1158,filterLoc,,
3780,1161,filterLoc,,
3780,1164,filterLoc,,
3780,1167,filterLoc,,
3780,1170,filterLoc,,
3780,1173,filterLoc,,
3780,1176,filterLoc,,
3780,1179,filterLoc,,
3780,1182,filterLoc,,
3780,1185,filterLoc,,
3780,1188,filterLoc,,
3780,1191,filterLoc,,
3780,1194,filterLoc,,
3780,1197,filterLoc,,
3780,1200,filterLoc,,
3780,1203,filterLoc,,
3780,1206,filterLoc,,
3780,1209,filterLoc,,
3780,1212,filterLoc,,
3780,1215,filterLoc,,
3780,1218,filterLoc,,
3780,1221,filterLoc,,
3780,1224,filterLoc,,
3780,1227,filterLoc,,
3780,1230,filterLoc,,
3780,1233,filterLoc,,
3780,1236,filterLoc,,
3780,1239,filterLoc,,
3780,1242,filterLoc,,
3780,1245,filterLoc,,
3780,1248,filterLoc,,
3780,1251,filterLoc,,
3780,1254,filterLoc,,
3780,1257,filterLoc,,
3780,1260,filterLoc,,
3780,1263,filterLoc,,
3780,1266,filterLoc,,
3780,1269,filterLoc,,
3780,1272,filterLoc,,;Evacuee;167;in triage category;G;is entering helicopter;1
3780,1275,filterLoc,,
3780,1278,filterLoc,,;Evacuee;168;in triage category;G;is entering helicopter;1
3780,1281,filterLoc,,;Evacuee;176;in triage category;G;is entering helicopter;1
3780,1284,filterLoc,,
3780,1287,filterLoc,,;Evacuee;169;in triage category;G;is entering helicopter;1
3780,1290,filterLoc,,
3780,1293,filterLoc,,
3780,1296,filterLoc,,
3780,1299,filterLoc,,
3780,1302,filterLoc,,
3780,1305,filterLoc,,
3780,1308,filterLoc,,
3780,1311,filterLoc,,
3780,1314,filterLoc,,
3780,1317,filterLoc,,
3780,1320,filterLoc,,
3780,1323,filterLoc,,
3780,1326,filterLoc,,
3780,1329,filterLoc,,
3780,1332,filterLoc,,
3780,1335,filterLoc,,
3780,1338,filterLoc,,
3780,1341,filterLoc,,
3780,1344,filterLoc,,
3780,1347,filterLoc,,;Evacuee;193;in triage category;G;is entering helicopter;1
3780,1350,filterLoc,,;Evacuee;195;in triage category;G;is entering helicopter;1
3780,1353,filterLoc,,
3780,1356,filterLoc,,;Evacuee;197;in triage category;G;is entering helicopter;1
3780,1359,filterLoc,,
3780,1362,filterLoc,,
3780,1365,filterLoc,,
3780,1368,filterLoc,,
3780,1371,filterLoc,,
3780,1374,filterLoc,,
3780,1377,filterLoc,,
3780,1380,filterLoc,,
3780,1383,filterLoc,,
3780,1386,filterLoc,,
3780,1389,filterLoc,,
3780,1392,filterLoc,,
3780,1395,filterLoc,,
3780,1398,filterLoc,,
3780,1401,filterLoc,,
3780,1404,filterLoc,,
3780,1407,filterLoc,,
3780,1410,filterLoc,,
3780,1413,filterLoc,,
3780,1416,filterLoc,,
3780,1419,filterLoc,,
3780,1422,filterLoc,,
3780,1425,filterLoc,,
3780,1428,filterLoc,,
3780,1431,filterLoc,,
3780,1434,filterLoc,,
3780,1437,filterLoc,,
3780,1440,filterLoc,,
3780,1443,filterLoc,,
3780,1446,filterLoc,,
3780,1449,filterLoc,,
3780,1452,filterLoc,,
3780,1455,filterLoc,,
3780,1458,filterLoc,,
3780,1461,filterLoc,,
3780,1464,filterLoc,,
3780,1467,filterLoc,,
3780,1470,filterLoc,,
3780,1473,filterLoc,,
3780,1476,filterLoc,,
3780,1479,filterLoc,,
3780,1482,filterLoc,,
3780,1485,filterLoc,,
3780,1488,filterLoc,,
3780,1491,filterLoc,,
3780,1494,filterLoc,,
3780,1497,filterLoc,,
3780,1500,filterLoc,,
3780,1503,filterLoc,,
3780,1506,filterLoc,,
3780,1509,filterLoc,,
3780,854,filterLoc,out,Evacuee 172 in triage category G is assigned helicopter 1
3780,854,filterLoc,,
3780,855,evacuee,,Evacuee;172;in triage state;G;is entering helicopter;1
3780,917,filterLoc,out,Evacuee 196 in triage category G is assigned helicopter 1
3780,917,filterLoc,,
3780,918,evacuee,,Evacuee;196;in triage state;G;is entering helicopter;1
3780,1055,filterLoc,out,Evacuee 198 in triage category G is assigned helicopter 1
3780,1055,filterLoc,,
3780,1056,evacuee,,Evacuee;198;in triage state;G;is entering helicopter;1
3780,1272,filterLoc,out,Evacuee 167 in triage category G is assigned helicopter 1
3780,1272,filterLoc,,
3780,1273,evacuee,,Evacuee;167;in triage state;G;is entering helicopter;1
3780,1278,filterLoc,out,Evacuee 168 in triage category G is assigned helicopter 1
3780,1278,filterLoc,,
3780,1279,evacuee,,Evacuee;168;in triage state;G;is entering helicopter;1
3780,1281,filterLoc,out,Evacuee 176 in triage category G is assigned helicopter 1
3780,1281,filterLoc,,
3780,1282,evacuee,,Evacuee;176;in triage state;G;is entering helicopter;1
3780,1287,filterLoc,out,Evacuee 169 in triage category G is assigned helicopter 1
3780,1287,filterLoc,,
3780,1288,evacuee,,Evacuee;169;in triage state;G;is entering helicopter;1
3780,1347,filterLoc,out,Evacuee 193 in triage category G is assigned helicopter 1
3780,1347,filterLoc,,
3780,1348,evacuee,,Evacuee;193;in triage state;G;is entering helicopter;1
3780,1350,filterLoc,out,Evacuee 195 in triage category G is assigned helicopter 1
3780,1350,filterLoc,,
3780,1351,evacuee,,Evacuee;195;in triage state;G;is entering helicopter;1
3780,1356,filterLoc,out,Evacuee 197 in triage category G is assigned helicopter 1
3780,1356,filterLoc,,
3780,1357,evacuee,,Evacuee;197;in triage state;G;is entering helicopter;1
3780,855,evacuee,outHelo,Evacuee 172 in triage category G is assigned helicopter 1
3780,855,evacuee,,Evacuee;172;in triage state;G;is in helicopter;1
3780,918,evacuee,outHelo,Evacuee 196 in triage category G is assigned helicopter 1
3780,918,evacuee,,Evacuee;196;in triage state;G;is in helicopter;1
3780,1056,evacuee,outHelo,Evacuee 198 in triage category G is assigned helicopter 1
3780,1056,evacuee,,Evacuee;198;in triage state;G;is in helicopter;1
3780,1151,filterEvac,,;Evacuee;167;in triage category;G;is entering helicopter;1;Evacuee;168;in triage category;G;is entering helicopter;1;Evacuee;169;in triage category;G;is entering helicopter;1;Evacuee;172;in triage category;G;is entering helicopter;1;Evacuee;176;in triage category;G;is entering helicopter;1;Evacuee;193;in triage category;G;is entering helicopter;1;Evacuee;195;in triage category;G;is entering helicopter;1;Evacuee;196;in triage category;G;is entering helicopter;1;Evacuee;197;in triage category;G;is entering helicopter;1;Evacuee;198;in triage category;G;is entering helicopter;1
3780,1273,evacuee,outHelo,Evacuee 167 in triage category G is assigned helicopter 1
3780,1273,evacuee,,Evacuee;167;in triage state;G;is in helicopter;1
3780,1279,evacuee,outHelo,Evacuee 168 in triage category G is assigned helicopter 1
3780,1279,evacuee,,Evacuee;168;in triage state;G;is in helicopter;1
3780,1282,evacuee,outHelo,Evacuee 176 in triage category G is assigned helicopter 1
3780,1282,evacuee,,Evacuee;176;in triage state;G;is in helicopter;1
3780,1288,evacuee,outHelo,Evacuee 169 in triage category G is assigned helicopter 1
3780,1288,evacuee,,Evacuee;169;in triage state;G;is in helicopter;1
3780,1348,evacuee,outHelo,Evacuee 193 in triage category G is assigned helicopter 1
3780,1348,evacuee,,Evacuee;193;in triage state;G;is in helicopter;1
3780,1351,evacuee,outHelo,Evacuee 195 in triage category G is assigned helicopter 1
3780,1351,evacuee,,Evacuee;195;in triage state;G;is in helicopter;1
3780,1357,evacuee,outHelo,Evacuee 197 in triage category G is assigned helicopter 1
3780,1357,evacuee,,Evacuee;197;in triage state;G;is in helicopter;1
3780,1151,filterEvac,out,Evacuee 167 in triage category G is assigned helicopter 1
3780,1151,filterEvac,out,Evacuee 168 in triage category G is assigned helicopter 1
3780,1151,filterEvac,out,Evacuee 169 in triage category G is assigned helicopter 1
3780,1151,filterEvac,out,Evacuee 172 in triage category G is assigned helicopter 1
3780,1151,filterEvac,out,Evacuee 176 in triage category G is assigned helicopter 1
3780,1151,filterEvac,out,Evacuee 193 in triage category G is assigned helicopter 1
3780,1151,filterEvac,out,Evacuee 195 in triage category G is assigned helicopter 1
3780,1151,filterEvac,out,Evacuee 196 in triage category G is assigned helicopter 1
3780,1151,filterEvac,out,Evacuee 197 in triage category G is assigned helicopter 1
3780,1151,filterEvac,out,Evacuee 198 in triage category G is assigned helicopter 1
3780,1151,filterEvac,,
3780,1153,helicopter,,Helicopter;1;is loading people at the evacuation site;;and has;10;spots taken
3784.05,3,evacueeManager,,OFF SHIP: White;0;Green;72;Yellow;20;Red;7;Black;341;ON SHIP: White;0;Green;0;Yellow;0;Red;0;Evacuees to Transfer;
3784.05,984,evacuee,outES,Evacuee 421 in triage category G is not assigned a helicopter
3784.05,984,evacuee,,Evacuee;421;in triage state;Y;is at the evacuation site
3795,4,helipadManager,outHelo,Helicopter 1 is evacuating people1
3795,4,helipadManager,,;No helos are at ES
3795,1152,filterES,,Helicopter;1;is evacuating people
3795,4,helipadManager,outHQ,0
3795,4,helipadManager,,;No helos are at ES
3795,5,helicopterQueue,,;No helos are waiting to land
3795,1152,filterES,out,Helicopter 1 is evacuating people1
3795,1152,filterES,,
3795,1153,helicopter,,Helicopter;1;is loading people at the evacuation site;;and has;10;spots taken
3795,5,helicopterQueue,,;No helos are waiting to land
3795,1153,helicopter,,Helicopter;1;is returning to the FOL;;and has;10;spots taken
3813.89,3,evacueeManager,,OFF SHIP: White;0;Green;72;Yellow;19;Red;8;Black;341;ON SHIP: White;0;Green;0;Yellow;0;Red;0;Evacuees to Transfer;
3813.89,909,evacuee,outES,Evacuee 451 in triage category Y is not assigned a helicopter
3813.89,909,evacuee,,Evacuee;451;in triage state;R;is at the evacuation site
3824.48,3,evacueeManager,,OFF SHIP: White;0;Green;72;Yellow;19;Red;7;Black;342;ON SHIP: White;0;Green;0;Yellow;0;Red;0;Evacuees to Transfer;
3824.48,288,evacuee,outES,Evacuee 327 in triage category R is not assigned a helicopter
3824.48,288,evacuee,,Evacuee;327;in triage state;B;is at the evacuation site
3842.89,3,evacueeManager,,OFF SHIP: White;0;Green;72;Yellow;19;Red;6;Black;343;ON SHIP: White;0;Green;0;Yellow;0;Red;0;Evacuees to Transfer;
3842.89,981,evacuee,outES,Evacuee 154 in triage category R is not assigned a helicopter
3842.89,981,evacuee,,Evacuee;154;in triage state;B;is at the evacuation site
3845.19,3,evacueeManager,,OFF SHIP: White;0;Green;72;Yellow;19;Red;5;Black;344;ON SHIP: White;0;Green;0;Yellow;0;Red;0;Evacuees to Transfer;
3845.19,1189,evacuee,outES,Evacuee 138 in triage category R is not assigned a helicopter
3845.19,1189,evacuee,,Evacuee;138;in triage state;B;is at the evacuation site
3869.9,3,evacueeManager,,OFF SHIP: White;0;Green;72;Yellow;19;Red;4;Black;345;ON SHIP: White;0;Green;0;Yellow;0;Red;0;Evacuees to Transfer;
3869.9,1414,evacuee,outES,Evacuee 214 in triage category R is not assigned a helicopter
3869.9,1414,evacuee,,Evacuee;214;in triage state;B;is at the evacuation site
3870,7,filterLoc,,
3870,10,filterLoc,,
3870,13,filterLoc,,
3870,16,filterLoc,,
3870,19,filterLoc,,
3870,22,filterLoc,,
3870,25,filterLoc,,
3870,28,filterLoc,,
3870,31,filterLoc,,
3870,34,filterLoc,,
3870,37,filterLoc,,
3870,40,filterLoc,,
3870,43,filterLoc,,
3870,46,filterLoc,,
3870,49,filterLoc,,
3870,52,filterLoc,,
3870,55,filterLoc,,
3870,58,filterLoc,,
3870,61,filterLoc,,
3870,64,filterLoc,,
3870,67,filterLoc,,
3870,70,filterLoc,,
3870,73,filterLoc,,
3870,76,filterLoc,,
3870,79,filterLoc,,
3870,82,filterLoc,,
3870,85,filterLoc,,
3870,88,filterLoc,,
3870,91,filterLoc,,
3870,94,filterLoc,,
3870,97,filterLoc,,
3870,100,filterLoc,,
3870,103,filterLoc,,
3870,106,filterLoc,,
3870,109,filterLoc,,
3870,112,filterLoc,,
3870,115,filterLoc,,
3870,118,filterLoc,,
3870,121,filterLoc,,
3870,124,filterLoc,,
3870,127,filterLoc,,
3870,130,filterLoc,,
3870,133,filterLoc,,
3870,136,filterLoc,,
3870,139,filterLoc,,
3870,142,filterLoc,,
3870,145,filterLoc,,
3870,148,filterLoc,,
3870,151,filterLoc,,
3870,154,filterLoc,,
3870,157,filterLoc,,
3870,160,filterLoc,,
3870,163,filterLoc,,
3870,166,filterLoc,,
3870,169,filterLoc,,
3870,172,filterLoc,,
3870,175,filterLoc,,
3870,178,filterLoc,,
3870,181,filterLoc,,
3870,184,filterLoc,,
3870,187,filterLoc,,
3870,190,filterLoc,,
3870,193,filterLoc,,
3870,196,filterLoc,,
3870,199,filterLoc,,
3870,202,filterLoc,,
3870,205,filterLoc,,
3870,208,filterLoc,,
3870,211,filterLoc,,
3870,214,filterLoc,,
3870,217,filterLoc,,
3870,221,filterLoc,,
3870,224,filterLoc,,
3870,227,filterLoc,,
3870,230,filterLoc,,
3870,233,filterLoc,,
3870,236,filterLoc,,
3870,239,filterLoc,,
3870,242,filterLoc,,
3870,245,filterLoc,,
3870,248,filterLoc,,
3870,251,filterLoc,,
3870,254,filterLoc,,
3870,257,filterLoc,,
3870,260,filterLoc,,
3870,263,filterLoc,,
3870,266,filterLoc,,
3870,269,filterLoc,,
3870,272,filterLoc,,
3870,275,filterLoc,,
3870,278,filterLoc,,
3870,281,filterLoc,,
3870,284,filterLoc,,
3870,287,filterLoc,,
3870,290,filterLoc,,
3870,293,filterLoc,,
3870,296,filterLoc,,
3870,299,filterLoc,,
3870,302,filterLoc,,
3870,305,filterLoc,,
3870,308,filterLoc,,
3870,311,filterLoc,,
3870,314,filterLoc,,
3870,317,filterLoc,,
3870,320,filterLoc,,
3870,323,filterLoc,,
3870,326,filterLoc,,
3870,329,filterLoc,,
3870,332,filterLoc,,
3870,335,filterLoc,,
3870,338,filterLoc,,
3870,341,filterLoc,,
3870,344,filterLoc,,
3870,347,filterLoc,,
3870,350,filterLoc,,
3870,353,filterLoc,,
3870,356,filterLoc,,
3870,359,filterLoc,,
3870,362,filterLoc,,
3870,365,filterLoc,,
3870,368,filterLoc,,
3870,371,filterLoc,,
3870,374,filterLoc,,
3870,377,filterLoc,,
3870,380,filterLoc,,
3870,383,filterLoc,,
3870,386,filterLoc,,
3870,389,filterLoc,,
3870,392,filterLoc,,
3870,395,filterLoc,,
3870,398,filterLoc,,
3870,401,filterLoc,,
3870,404,filterLoc,,
3870,407,filterLoc,,
3870,410,filterLoc,,
3870,413,filterLoc,,
3870,416,filterLoc,,
3870,419,filterLoc,,
3870,422,filterLoc,,
3870,425,filterLoc,,
3870,428,filterLoc,,
3870,431,filterLoc,,
3870,434,filterLoc,,
3870,437,filterLoc,,
3870,440,filterLoc,,
3870,443,filterLoc,,
3870,446,filterLoc,,
3870,449,filterLoc,,
3870,452,filterLoc,,
3870,455,filterLoc,,
3870,458,filterLoc,,
3870,461,filterLoc,,
3870,464,filterLoc,,
3870,467,filterLoc,,
3870,470,filterLoc,,
3870,473,filterLoc,,
3870,476,filterLoc,,
3870,479,filterLoc,,
3870,482,filterLoc,,
3870,485,filterLoc,,
3870,488,filterLoc,,
3870,491,filterLoc,,
3870,494,filterLoc,,
3870,497,filterLoc,,
3870,500,filterLoc,,
3870,503,filterLoc,,
3870,506,filterLoc,,
3870,509,filterLoc,,
3870,512,filterLoc,,
3870,515,filterLoc,,
3870,518,filterLoc,,
3870,521,filterLoc,,
3870,524,filterLoc,,
3870,527,filterLoc,,
3870,530,filterLoc,,
3870,533,filterLoc,,
3870,536,filterLoc,,
3870,539,filterLoc,,
3870,542,filterLoc,,
3870,545,filterLoc,,
3870,548,filterLoc,,
3870,551,filterLoc,,
3870,554,filterLoc,,
3870,557,filterLoc,,
3870,560,filterLoc,,
3870,563,filterLoc,,
3870,566,filterLoc,,
3870,569,filterLoc,,
3870,572,filterLoc,,
3870,575,filterLoc,,
3870,578,filterLoc,,
3870,581,filterLoc,,
3870,584,filterLoc,,
3870,587,filterLoc,,
3870,590,filterLoc,,
3870,593,filterLoc,,
3870,596,filterLoc,,
3870,599,filterLoc,,
3870,602,filterLoc,,
3870,605,filterLoc,,
3870,608,filterLoc,,
3870,611,filterLoc,,
3870,614,filterLoc,,
3870,617,filterLoc,,
3870,620,filterLoc,,
3870,623,filterLoc,,
3870,626,filterLoc,,
3870,629,filterLoc,,
3870,632,filterLoc,,
3870,635,filterLoc,,
3870,638,filterLoc,,
3870,641,filterLoc,,
3870,644,filterLoc,,
3870,647,filterLoc,,
3870,650,filterLoc,,
3870,653,filterLoc,,
3870,656,filterLoc,,
3870,659,filterLoc,,
3870,662,filterLoc,,
3870,665,filterLoc,,
3870,668,filterLoc,,
3870,671,filterLoc,,
3870,674,filterLoc,,
3870,677,filterLoc,,
3870,680,filterLoc,,
3870,683,filterLoc,,
3870,686,filterLoc,,
3870,689,filterLoc,,
3870,692,filterLoc,,
3870,695,filterLoc,,
3870,698,filterLoc,,
3870,701,filterLoc,,
3870,704,filterLoc,,
3870,707,filterLoc,,
3870,710,filterLoc,,
3870,713,filterLoc,,
3870,716,filterLoc,,
3870,719,filterLoc,,
3870,722,filterLoc,,
3870,725,filterLoc,,
3870,728,filterLoc,,
3870,731,filterLoc,,
3870,734,filterLoc,,
3870,737,filterLoc,,
3870,740,filterLoc,,
3870,743,filterLoc,,
3870,746,filterLoc,,
3870,749,filterLoc,,
3870,752,filterLoc,,
3870,755,filterLoc,,
3870,758,filterLoc,,
3870,761,filterLoc,,
3870,764,filterLoc,,
3870,767,filterLoc,,
3870,770,filterLoc,,
3870,773,filterLoc,,
3870,776,filterLoc,,
3870,779,filterLoc,,
3870,782,filterLoc,,
3870,785,filterLoc,,
3870,788,filterLoc,,
3870,791,filterLoc,,
3870,794,filterLoc,,
3870,797,filterLoc,,
3870,800,filterLoc,,
3870,803,filterLoc,,
3870,806,filterLoc,,
3870,809,filterLoc,,
3870,812,filterLoc,,
3870,815,filterLoc,,
3870,818,filterLoc,,
3870,821,filterLoc,,
3870,824,filterLoc,,
3870,827,filterLoc,,
3870,830,filterLoc,,
3870,833,filterLoc,,
3870,836,filterLoc,,
3870,839,filterLoc,,
3870,842,filterLoc,,
3870,845,filterLoc,,
3870,848,filterLoc,,
3870,851,filterLoc,,
3870,854,filterLoc,,;Evacuee;172;in triage category;G;is leaving helicopter;1
3870,857,filterLoc,,
3870,860,filterLoc,,
3870,863,filterLoc,,
3870,866,filterLoc,,
3870,869,filterLoc,,
3870,872,filterLoc,,
3870,875,filterLoc,,
3870,878,filterLoc,,
3870,881,filterLoc,,
3870,884,filterLoc,,
3870,887,filterLoc,,
3870,890,filterLoc,,
3870,893,filterLoc,,
3870,896,filterLoc,,
3870,899,filterLoc,,
3870,902,filterLoc,,
3870,905,filterLoc,,
3870,908,filterLoc,,
3870,911,filterLoc,,
3870,914,filterLoc,,
3870,917,filterLoc,,;Evacuee;196;in triage category;G;is leaving helicopter;1
3870,920,filterLoc,,
3870,923,filterLoc,,
3870,926,filterLoc,,
3870,929,filterLoc,,
3870,932,filterLoc,,
3870,935,filterLoc,,
3870,938,filterLoc,,
3870,941,filterLoc,,
3870,944,filterLoc,,
3870,947,filterLoc,,
3870,950,filterLoc,,
3870,953,filterLoc,,
3870,956,filterLoc,,
3870,959,filterLoc,,
3870,962,filterLoc,,
3870,965,filterLoc,,
3870,968,filterLoc,,
3870,971,filterLoc,,
3870,974,filterLoc,,
3870,977,filterLoc,,
3870,980,filterLoc,,
3870,983,filterLoc,,
3870,986,filterLoc,,
3870,989,filterLoc,,
3870,992,filterLoc,,
3870,995,filterLoc,,
3870,998,filterLoc,,
3870,1001,filterLoc,,
3870,1004,filterLoc,,
3870,1007,filterLoc,,
3870,1010,filterLoc,,
3870,1013,filterLoc,,
3870,1016,filterLoc,,
3870,1019,filterLoc,,
3870,1022,filterLoc,,
3870,1025,filterLoc,,
3870,1028,filterLoc,,
3870,1031,filterLoc,,
3870,1034,filterLoc,,
3870,1037,filterLoc,,
3870,1040,filterLoc,,
3870,1043,filterLoc,,
3870,1046,filterLoc,,
3870,1049,filterLoc,,
3870,1052,filterLoc,,
3870,1055,filterLoc,,;Evacuee;198;in triage category;G;is leaving helicopter;1
3870,1058,filterLoc,,
3870,1061,filterLoc,,
3870,1064,filterLoc,,
3870,1067,filterLoc,,
3870,1070,filterLoc,,
3870,1073,filterLoc,,
3870,1076,filterLoc,,
3870,1079,filterLoc,,
3870,1082,filterLoc,,
3870,1085,filterLoc,,
3870,1088,filterLoc,,
3870,1091,filterLoc,,
3870,1094,filterLoc,,
3870,1097,filterLoc,,
3870,1100,filterLoc,,
3870,1103,filterLoc,,
3870,1106,filterLoc,,
3870,1109,filterLoc,,
3870,1112,filterLoc,,
3870,1115,filterLoc,,
3870,1118,filterLoc,,
3870,1121,filterLoc,,
3870,1124,filterLoc,,
3870,1127,filterLoc,,
3870,1130,filterLoc,,
3870,1133,filterLoc,,
3870,1136,filterLoc,,
3870,1139,filterLoc,,
3870,1142,filterLoc,,
3870,1145,filterLoc,,
3870,1148,filterLoc,,
3870,1153,helicopter,outEvac,Evacuee 167 in triage category G is not assigned a helicopter
3870,1153,helicopter,outEvac,Evacuee 168 in triage category G is not assigned a helicopter
3870,1153,helicopter,outEvac,Evacuee 169 in triage category G is not assigned a helicopter
3870,1153,helicopter,outEvac,Evacuee 172 in triage category G is not assigned a helicopter
3870,1153,helicopter,outEvac,Evacuee 176 in triage category G is not assigned a helicopter
3870,1153,helicopter,outEvac,Evacuee 193 in triage category G is not assigned a helicopter
3870,1153,helicopter,outEvac,Evacuee 195 in triage category G is not assigned a helicopter
3870,1153,helicopter,outEvac,Evacuee 196 in triage category G is not assigned a helicopter
3870,1153,helicopter,outEvac,Evacuee 197 in triage category G is not assigned a helicopter
3870,1153,helicopter,outEvac,Evacuee 198 in triage category G is not assigned a helicopter
3870,1153,helicopter,,Helicopter;1;is unloading people at the FOL;;and has;0;spots taken
3870,1155,filterLoc,,
3870,1158,filterLoc,,
3870,1161,filterLoc,,
3870,1164,filterLoc,,
3870,1167,filterLoc,,
3870,1170,filterLoc,,
3870,1173,filterLoc,,
3870,1176,filterLoc,,
3870,1179,filterLoc,,
3870,1182,filterLoc,,
3870,1185,filterLoc,,
3870,1188,filterLoc,,
3870,1191,filterLoc,,
3870,1194,filterLoc,,
3870,1197,filterLoc,,
3870,1200,filterLoc,,
3870,1203,filterLoc,,
3870,1206,filterLoc,,
3870,1209,filterLoc,,
3870,1212,filterLoc,,
3870,1215,filterLoc,,
3870,1218,filterLoc,,
3870,1221,filterLoc,,
3870,1224,filterLoc,,
3870,1227,filterLoc,,
3870,1230,filterLoc,,
3870,1233,filterLoc,,
3870,1236,filterLoc,,
3870,1239,filterLoc,,
3870,1242,filterLoc,,
3870,1245,filterLoc,,
3870,1248,filterLoc,,
3870,1251,filterLoc,,
3870,1254,filterLoc,,
3870,1257,filterLoc,,
3870,1260,filterLoc,,
3870,1263,filterLoc,,
3870,1266,filterLoc,,
3870,1269,filterLoc,,
3870,1272,filterLoc,,;Evacuee;167;in triage category;G;is leaving helicopter;1
3870,1275,filterLoc,,
3870,1278,filterLoc,,;Evacuee;168;in triage category;G;is leaving helicopter;1
3870,1281,filterLoc,,;Evacuee;176;in triage category;G;is leaving helicopter;1
3870,1284,filterLoc,,
3870,1287,filterLoc,,;Evacuee;169;in triage category;G;is leaving helicopter;1
3870,1290,filterLoc,,
3870,1293,filterLoc,,
3870,1296,filterLoc,,
3870,1299,filterLoc,,
3870,1302,filterLoc,,
3870,1305,filterLoc,,
3870,1308,filterLoc,,
3870,1311,filterLoc,,
3870,1314,filterLoc,,
3870,1317,filterLoc,,
3870,1320,filterLoc,,
3870,1323,filterLoc,,
3870,1326,filterLoc,,
3870,1329,filterLoc,,
3870,1332,filterLoc,,
3870,1335,filterLoc,,
3870,1338,filterLoc,,
3870,1341,filterLoc,,
3870,1344,filterLoc,,
3870,1347,filterLoc,,;Evacuee;193;in triage category;G;is leaving helicopter;1
3870,1350,filterLoc,,;Evacuee;195;in triage category;G;is leaving helicopter;1
3870,1353,filterLoc,,
3870,1356,filterLoc,,;Evacuee;197;in triage category;G;is leaving helicopter;1
3870,1359,filterLoc,,
3870,1362,filterLoc,,
3870,1365,filterLoc,,
3870,1368,filterLoc,,
3870,1371,filterLoc,,
3870,1374,filterLoc,,
3870,1377,filterLoc,,
3870,1380,filterLoc,,
3870,1383,filterLoc,,
3870,1386,filterLoc,,
3870,1389,filterLoc,,
3870,1392,filterLoc,,
3870,1395,filterLoc,,
3870,1398,filterLoc,,
3870,1401,filterLoc,,
3870,1404,filterLoc,,
3870,1407,filterLoc,,
3870,1410,filterLoc,,
3870,1413,filterLoc,,
3870,1416,filterLoc,,
3870,1419,filterLoc,,
3870,1422,filterLoc,,
3870,1425,filterLoc,,
3870,1428,filterLoc,,
3870,1431,filterLoc,,
3870,1434,filterLoc,,
3870,1437,filterLoc,,
3870,1440,filterLoc,,
3870,1443,filterLoc,,
3870,1446,filterLoc,,
3870,1449,filterLoc,,
3870,1452,filterLoc,,
3870,1455,filterLoc,,
3870,1458,filterLoc,,
3870,1461,filterLoc,,
3870,1464,filterLoc,,
3870,1467,filterLoc,,
3870,1470,filterLoc,,
3870,1473,filterLoc,,
3870,1476,filterLoc,,
3870,1479,filterLoc,,
3870,1482,filterLoc,,
3870,1485,filterLoc,,
3870,1488,filterLoc,,
3870,1491,filterLoc,,
3870,1494,filterLoc,,
3870,1497,filterLoc,,
3870,1500,filterLoc,,
3870,1503,filterLoc,,
3870,1506,filterLoc,,
3870,1509,filterLoc,,
3870,854,filterLoc,out,Evacuee 172 in triage category G is not assigned a helicopter
3870,854,filterLoc,,
3870,855,evacuee,,Evacuee;172;in triage state;G;is entering the FOL
3870,917,filterLoc,out,Evacuee 196 in triage category G is not assigned a helicopter
3870,917,filterLoc,,
3870,918,evacuee,,Evacuee;196;in triage state;G;is entering the FOL
3870,1055,filterLoc,out,Evacuee 198 in triage category G is not assigned a helicopter
3870,1055,filterLoc,,
3870,1056,evacuee,,Evacuee;198;in triage state;G;is entering the FOL
3870,1272,filterLoc,out,Evacuee 167 in triage category G is not assigned a helicopter
3870,1272,filterLoc,,
3870,1273,evacuee,,Evacuee;167;in triage state;G;is entering the FOL
3870,1278,filterLoc,out,Evacuee 168 in triage category G is not assigned a helicopter
3870,1278,filterLoc,,
3870,1279,evacuee,,Evacuee;168;in triage state;G;is entering the FOL
3870,1281,filterLoc,out,Evacuee 176 in triage category G is not assigned a helicopter
3870,1281,filterLoc,,
3870,1282,evacuee,,Evacuee;176;in triage state;G;is entering the FOL
3870,1287,filterLoc,out,Evacuee 169 in triage category G is not assigned a helicopter
3870,1287,filterLoc,,
3870,1288,evacuee,,Evacuee;169;in triage state;G;is entering the FOL
3870,1347,filterLoc,out,Evacuee 193 in triage category G is not assigned a helicopter
3870,1347,filterLoc,,
3870,1348,evacuee,,Evacuee;193;in triage state;G;is entering the FOL
3870,1350,filterLoc,out,Evacuee 195 in triage category G is not assigned a helicopter
3870,1350,filterLoc,,
3870,1351,evacuee,,Evacuee;195;in triage state;G;is entering the FOL
3870,1356,filterLoc,out,Evacuee 197 in triage category G is not assigned a helicopter
3870,1356,filterLoc,,
3870,1357,evacuee,,Evacuee;197;in triage state;G;is entering the FOL
3870,219,FOL,,;EvacueeID;3;Triage Status;G;EvacueeID;5;Triage Status;G;EvacueeID;8;Triage Status;G;EvacueeID;12;Triage Status;G;EvacueeID;15;Triage Status;G;EvacueeID;21;Triage Status;G;EvacueeID;30;Triage Status;G;EvacueeID;31;Triage Status;G;EvacueeID;36;Triage Status;G;EvacueeID;38;Triage Status;G;EvacueeID;39;Triage Status;G;EvacueeID;42;Triage Status;G;EvacueeID;43;Triage Status;G;EvacueeID;46;Triage Status;G;EvacueeID;47;Triage Status;G;EvacueeID;51;Triage Status;G;EvacueeID;53;Triage Status;G;EvacueeID;56;Triage Status;G;EvacueeID;57;Triage Status;G;EvacueeID;59;Triage Status;G;EvacueeID;62;Triage Status;G;EvacueeID;66;Triage Status;G;EvacueeID;68;Triage Status;G;EvacueeID;72;Triage Status;G;EvacueeID;79;Triage Status;G;EvacueeID;80;Triage Status;G;EvacueeID;84;Triage Status;G;EvacueeID;86;Triage Status;G;EvacueeID;89;Triage Status;G;EvacueeID;91;Triage Status;G;EvacueeID;101;Triage Status;G;EvacueeID;103;Triage Status;G;EvacueeID;107;Triage Status;G;EvacueeID;110;Triage Status;G;EvacueeID;111;Triage Status;G;EvacueeID;115;Triage Status;G;EvacueeID;118;Triage Status;G;EvacueeID;124;Triage Status;G;EvacueeID;130;Triage Status;G;EvacueeID;132;Triage Status;G;EvacueeID;133;Triage Status;G;EvacueeID;134;Triage Status;G;EvacueeID;135;Triage Status;G;EvacueeID;140;Triage Status;G;EvacueeID;141;Triage Status;G;EvacueeID;143;Triage Status;G;EvacueeID;145;Triage Status;G;EvacueeID;146;Triage Status;G;EvacueeID;149;Triage Status;G;EvacueeID;151;Triage Status;G;EvacueeID;167;Triage Status;G;EvacueeID;168;Triage Status;G;EvacueeID;169;Triage Status;G;EvacueeID;172;Triage Status;G;EvacueeID;176;Triage Status;G;EvacueeID;193;Triage Status;G;EvacueeID;195;Triage Status;G;EvacueeID;196;Triage Status;G;EvacueeID;197;Triage Status;G;EvacueeID;198;Triage Status;G;Lives Saved;60
3870,855,evacuee,outFOL,Evacuee 172 in triage category G is not assigned a helicopter
3870,855,evacuee,,Evacuee;172;in triage state;G;is at the FOL
3870,918,evacuee,outFOL,Evacuee 196 in triage category G is not assigned a helicopter
3870,918,evacuee,,Evacuee;196;in triage state;G;is at the FOL
3870,1056,evacuee,outFOL,Evacuee 198 in triage category G is not assigned a helicopter
3870,1056,evacuee,,Evacuee;198;in triage state;G;is at the FOL
3870,1273,evacuee,outFOL,Evacuee 167 in triage category G is not assigned a helicopter
3870,1273,evacuee,,Evacuee;167;in triage state;G;is at the FOL
3870,1279,evacuee,outFOL,Evacuee 168 in triage category G is not assigned a helicopter
3870,1279,evacuee,,Evacuee;168;in triage state;G;is at the FOL
3870,1282,evacuee,outFOL,Evacuee 176 in triage category G is not assigned a helicopter
3870,1282,evacuee,,Evacuee;176;in triage state;G;is at the FOL
3870,1288,evacuee,outFOL,Evacuee 169 in triage category G is not assigned a helicopter
3870,1288,evacuee,,Evacuee;169;in triage state;G;is at the FOL
3870,1348,evacuee,outFOL,Evacuee 193 in triage category G is not assigned a helicopter
3870,1348,evacuee,,Evacuee;193;in triage state;G;is at the FOL
3870,1351,evacuee,outFOL,Evacuee 195 in triage category G is not assigned a helicopter
3870,1351,evacuee,,Evacuee;195;in triage state;G;is at the FOL
3870,1357,evacuee,outFOL,Evacuee 197 in triage category G is not assigned a helicopter
3870,1357,evacuee,,Evacuee;197;in triage state;G;is at the FOL
3870,219,FOL,,;EvacueeID;3;Triage Status;G;EvacueeID;5;Triage Status;G;EvacueeID;8;Triage Status;G;EvacueeID;12;Triage Status;G;EvacueeID;15;Triage Status;G;EvacueeID;21;Triage Status;G;EvacueeID;30;Triage Status;G;EvacueeID;31;Triage Status;G;EvacueeID;36;Triage Status;G;EvacueeID;38;Triage Status;G;EvacueeID;39;Triage Status;G;EvacueeID;42;Triage Status;G;EvacueeID;43;Triage Status;G;EvacueeID;46;Triage Status;G;EvacueeID;47;Triage Status;G;EvacueeID;51;Triage Status;G;EvacueeID;53;Triage Status;G;EvacueeID;56;Triage Status;G;EvacueeID;57;Triage Status;G;EvacueeID;59;Triage Status;G;EvacueeID;62;Triage Status;G;EvacueeID;66;Triage Status;G;EvacueeID;68;Triage Status;G;EvacueeID;72;Triage Status;G;EvacueeID;79;Triage Status;G;EvacueeID;80;Triage Status;G;EvacueeID;84;Triage Status;G;EvacueeID;86;Triage Status;G;EvacueeID;89;Triage Status;G;EvacueeID;91;Triage Status;G;EvacueeID;101;Triage Status;G;EvacueeID;103;Triage Status;G;EvacueeID;107;Triage Status;G;EvacueeID;110;Triage Status;G;EvacueeID;111;Triage Status;G;EvacueeID;115;Triage Status;G;EvacueeID;118;Triage Status;G;EvacueeID;124;Triage Status;G;EvacueeID;130;Triage Status;G;EvacueeID;132;Triage Status;G;EvacueeID;133;Triage Status;G;EvacueeID;134;Triage Status;G;EvacueeID;135;Triage Status;G;EvacueeID;140;Triage Status;G;EvacueeID;141;Triage Status;G;EvacueeID;143;Triage Status;G;EvacueeID;145;Triage Status;G;EvacueeID;146;Triage Status;G;EvacueeID;149;Triage Status;G;EvacueeID;151;Triage Status;G;EvacueeID;167;Triage Status;G;EvacueeID;168;Triage Status;G;EvacueeID;169;Triage Status;G;EvacueeID;172;Triage Status;G;EvacueeID;176;Triage Status;G;EvacueeID;193;Triage Status;G;EvacueeID;195;Triage Status;G;EvacueeID;196;Triage Status;G;EvacueeID;197;Triage Status;G;EvacueeID;198;Triage Status;G;Lives Saved;60
3873.35,3,evacueeManager,,OFF SHIP: White;0;Green;72;Yellow;19;Red;3;Black;346;ON SHIP: White;0;Green;0;Yellow;0;Red;0;Evacuees to Transfer;
3873.35,909,evacuee,outES,Evacuee 451 in triage category R is not assigned a helicopter
3873.35,909,evacuee,,Evacuee;451;in triage state;B;is at the evacuation site
3874.08,3,evacueeManager,,OFF SHIP: White;0;Green;72;Yellow;18;Red;4;Black;346;ON SHIP: White;0;Green;0;Yellow;0;Red;0;Evacuees to Transfer;
3874.08,984,evacuee,outES,Evacuee 421 in triage category Y is not assigned a helicopter
3874.08,984,evacuee,,Evacuee;421;in triage state;R;is at the evacuation site
3878.23,3,evacueeManager,,OFF SHIP: White;0;Green;71;Yellow;19;Red;4;Black;346;ON SHIP: White;0;Green;0;Yellow;0;Red;0;Evacuees to Transfer;
3878.23,218,evacuee,outES,Evacuee 371 in triage category G is not assigned a helicopter
3878.23,218,evacuee,,Evacuee;371;in triage state;Y;is at the evacuation site
3885,1153,helicopter,,Helicopter;1;Is going to the evacuation site;;and has;0;spots taken
3896.96,3,evacueeManager,,OFF SHIP: White;0;Green;71;Yellow;19;Red;3;Black;347;ON SHIP: White;0;Green;0;Yellow;0;Red;0;Evacuees to Transfer;
3896.96,1408,evacuee,outES,Evacuee 211 in triage category R is not assigned a helicopter
3896.96,1408,evacuee,,Evacuee;211;in triage state;B;is at the evacuation site
3915.99,3,evacueeManager,,OFF SHIP: White;0;Green;71;Yellow;18;Red;4;Black;347;ON SHIP: White;0;Green;0;Yellow;0;Red;0;Evacuees to Transfer;
3915.99,420,evacuee,outES,Evacuee 274 in triage category Y is not assigned a helicopter
3915.99,420,evacuee,,Evacuee;274;in triage state;R;is at the evacuation site
3916.84,3,evacueeManager,,OFF SHIP: White;0;Green;71;Yellow;17;Red;5;Black;347;ON SHIP: White;0;Green;0;Yellow;0;Red;0;Evacuees to Transfer;
3916.84,423,evacuee,outES,Evacuee 273 in triage category Y is not assigned a helicopter
3916.84,423,evacuee,,Evacuee;273;in triage state;R;is at the evacuation site
3925.54,3,evacueeManager,,OFF SHIP: White;0;Green;70;Yellow;18;Red;5;Black;347;ON SHIP: White;0;Green;0;Yellow;0;Red;0;Evacuees to Transfer;
3925.54,843,evacuee,outES,Evacuee 394 in triage category G is not assigned a helicopter
3925.54,843,evacuee,,Evacuee;394;in triage state;Y;is at the evacuation site
3928.23,3,evacueeManager,,OFF SHIP: White;0;Green;70;Yellow;18;Red;4;Black;348;ON SHIP: White;0;Green;0;Yellow;0;Red;0;Evacuees to Transfer;
3928.23,768,evacuee,outES,Evacuee 250 in triage category R is not assigned a helicopter
3928.23,768,evacuee,,Evacuee;250;in triage state;B;is at the evacuation site
3936.25,3,evacueeManager,,OFF SHIP: White;0;Green;70;Yellow;18;Red;3;Black;349;ON SHIP: White;0;Green;0;Yellow;0;Red;0;Evacuees to Transfer;
3936.25,984,evacuee,outES,Evacuee 421 in triage category R is not assigned a helicopter
3936.25,984,evacuee,,Evacuee;421;in triage state;B;is at the evacuation site
3960,5,helicopterQueue,,1;Helos are waiting to land;HeloID;1
3960,1153,helicopter,outES,Helicopter 1 is evacuating people1
3960,1153,helicopter,,Helicopter;1;is waiting to land at the evacuation site;;and has;0;spots taken
3960,4,helipadManager,,;No helos are at ES
3960,5,helicopterQueue,outHM,Helicopter 1 is evacuating people1
3960,5,helicopterQueue,outHelo,Helicopter 1 is evacuating people1
3960,5,helicopterQueue,,;No helos are waiting to land
3960,1152,filterES,,Helicopter;1;is evacuating people
3960,3,evacueeManager,,OFF SHIP: White;0;Green;60;Yellow;18;Red;3;Black;349;ON SHIP: White;0;Green;0;Yellow;0;Red;0;Evacuees to Transfer;;EvacueeID;199;HeloID;1;OnShip;0;Triage Status;G;EvacueeID;208;HeloID;1;OnShip;0;Triage Status;G;EvacueeID;215;HeloID;1;OnShip;0;Triage Status;G;EvacueeID;216;HeloID;1;OnShip;0;Triage Status;G;EvacueeID;219;HeloID;1;OnShip;0;Triage Status;G;EvacueeID;221;HeloID;1;OnShip;0;Triage Status;G;EvacueeID;222;HeloID;1;OnShip;0;Triage Status;G;EvacueeID;223;HeloID;1;OnShip;0;Triage Status;G;EvacueeID;224;HeloID;1;OnShip;0;Triage Status;G;EvacueeID;228;HeloID;1;OnShip;0;Triage Status;G
3960,4,helipadManager,outEM,Helicopter 1 is evacuating people1
3960,4,helipadManager,,Helo;1;is at the ES
3960,1152,filterES,out,Helicopter 1 is evacuating people1
3960,1152,filterES,,
3960,1153,helicopter,,Helicopter;1;is waiting to land at the evacuation site;;and has;0;spots taken
3960,3,evacueeManager,outEvac,Evacuee 199 in triage category G is assigned helicopter 1
3960,3,evacueeManager,outEvac,Evacuee 208 in triage category G is assigned helicopter 1
3960,3,evacueeManager,outEvac,Evacuee 215 in triage category G is assigned helicopter 1
3960,3,evacueeManager,outEvac,Evacuee 216 in triage category G is assigned helicopter 1
3960,3,evacueeManager,outEvac,Evacuee 219 in triage category G is assigned helicopter 1
3960,3,evacueeManager,outEvac,Evacuee 221 in triage category G is assigned helicopter 1
3960,3,evacueeManager,outEvac,Evacuee 222 in triage category G is assigned helicopter 1
3960,3,evacueeManager,outEvac,Evacuee 223 in triage category G is assigned helicopter 1
3960,3,evacueeManager,outEvac,Evacuee 224 in triage category G is assigned helicopter 1
3960,3,evacueeManager,outEvac,Evacuee 228 in triage category G is assigned helicopter 1
3960,3,evacueeManager,,OFF SHIP: White;0;Green;60;Yellow;18;Red;3;Black;349;ON SHIP: White;0;Green;0;Yellow;0;Red;0;Evacuees to Transfer;
3960,7,filterLoc,,
3960,10,filterLoc,,
3960,13,filterLoc,,
3960,16,filterLoc,,
3960,19,filterLoc,,
3960,22,filterLoc,,
3960,25,filterLoc,,
3960,28,filterLoc,,
3960,31,filterLoc,,
3960,34,filterLoc,,
3960,37,filterLoc,,
3960,40,filterLoc,,
3960,43,filterLoc,,
3960,46,filterLoc,,
3960,49,filterLoc,,
3960,52,filterLoc,,
3960,55,filterLoc,,
3960,58,filterLoc,,
3960,61,filterLoc,,
3960,64,filterLoc,,
3960,67,filterLoc,,
3960,70,filterLoc,,
3960,73,filterLoc,,
3960,76,filterLoc,,
3960,79,filterLoc,,
3960,82,filterLoc,,
3960,85,filterLoc,,
3960,88,filterLoc,,
3960,91,filterLoc,,
3960,94,filterLoc,,
3960,97,filterLoc,,
3960,100,filterLoc,,
3960,103,filterLoc,,
3960,106,filterLoc,,
3960,109,filterLoc,,
3960,112,filterLoc,,
3960,115,filterLoc,,
3960,118,filterLoc,,
3960,121,filterLoc,,
3960,124,filterLoc,,
3960,127,filterLoc,,
3960,130,filterLoc,,
3960,133,filterLoc,,
3960,136,filterLoc,,
3960,139,filterLoc,,
3960,142,filterLoc,,
3960,145,filterLoc,,
3960,148,filterLoc,,
3960,151,filterLoc,,
3960,154,filterLoc,,
3960,157,filterLoc,,
3960,160,filterLoc,,
3960,163,filterLoc,,
3960,166,filterLoc,,
3960,169,filterLoc,,
3960,172,filterLoc,,
3960,175,filterLoc,,
3960,178,filterLoc,,
3960,181,filterLoc,,
3960,184,filterLoc,,
3960,187,filterLoc,,
3960,190,filterLoc,,
3960,193,filterLoc,,
3960,196,filterLoc,,
3960,199,filterLoc,,
3960,202,filterLoc,,
3960,205,filterLoc,,
3960,208,filterLoc,,
3960,211,filterLoc,,
3960,214,filterLoc,,
3960,217,filterLoc,,
3960,221,filterLoc,,
3960,224,filterLoc,,
3960,227,filterLoc,,
3960,230,filterLoc,,
3960,233,filterLoc,,
3960,236,filterLoc,,
3960,239,filterLoc,,
3960,242,filterLoc,,
3960,245,filterLoc,,
3960,248,filterLoc,,
3960,251,filterLoc,,
3960,254,filterLoc,,
3960,257,filterLoc,,
3960,260,filterLoc,,
3960,263,filterLoc,,
3960,266,filterLoc,,
3960,269,filterLoc,,
3960,272,filterLoc,,
3960,275,filterLoc,,
3960,278,filterLoc,,
3960,281,filterLoc,,
3960,284,filterLoc,,
3960,287,filterLoc,,
3960,290,filterLoc,,
3960,293,filterLoc,,
3960,296,filterLoc,,
3960,299,filterLoc,,
3960,302,filterLoc,,
3960,305,filterLoc,,
3960,308,filterLoc,,
3960,311,filterLoc,,
3960,314,filterLoc,,
3960,317,filterLoc,,
3960,320,filterLoc,,
3960,323,filterLoc,,
3960,326,filterLoc,,
3960,329,filterLoc,,
3960,332,filterLoc,,
3960,335,filterLoc,,
3960,338,filterLoc,,
3960,341,filterLoc,,
3960,344,filterLoc,,
3960,347,filterLoc,,
3960,350,filterLoc,,
3960,353,filterLoc,,
3960,356,filterLoc,,
3960,359,filterLoc,,
3960,362,filterLoc,,
3960,365,filterLoc,,
3960,368,filterLoc,,
3960,371,filterLoc,,
3960,374,filterLoc,,
3960,377,filterLoc,,
3960,380,filterLoc,,
3960,383,filterLoc,,
3960,386,filterLoc,,
3960,389,filterLoc,,
3960,392,filterLoc,,
3960,395,filterLoc,,
3960,398,filterLoc,,
3960,401,filterLoc,,
3960,404,filterLoc,,
3960,407,filterLoc,,
3960,410,filterLoc,,
3960,413,filterLoc,,
3960,416,filterLoc,,
3960,419,filterLoc,,
3960,422,filterLoc,,
3960,425,filterLoc,,
3960,428,filterLoc,,
3960,431,filterLoc,,
3960,434,filterLoc,,
3960,437,filterLoc,,
3960,440,filterLoc,,
3960,443,filterLoc,,
3960,446,filterLoc,,
3960,449,filterLoc,,
3960,452,filterLoc,,
3960,455,filterLoc,,
3960,458,filterLoc,,
3960,461,filterLoc,,
3960,464,filterLoc,,
3960,467,filterLoc,,
3960,470,filterLoc,,
3960,473,filterLoc,,
3960,476,filterLoc,,
3960,479,filterLoc,,
3960,482,filterLoc,,
3960,485,filterLoc,,
3960,488,filterLoc,,
3960,491,filterLoc,,
3960,494,filterLoc,,
3960,497,filterLoc,,
3960,500,filterLoc,,
3960,503,filterLoc,,
3960,506,filterLoc,,
3960,509,filterLoc,,;Evacuee;215;in triage category;G;is entering helicopter;1
3960,512,filterLoc,,
3960,515,filterLoc,,
3960,518,filterLoc,,
3960,521,filterLoc,,
3960,524,filterLoc,,
3960,527,filterLoc,,
3960,530,filterLoc,,
3960,533,filterLoc,,
3960,536,filterLoc,,
3960,539,filterLoc,,
3960,542,filterLoc,,
3960,545,filterLoc,,
3960,548,filterLoc,,
3960,551,filterLoc,,
3960,554,filterLoc,,
3960,557,filterLoc,,
3960,560,filterLoc,,
3960,563,filterLoc,,
3960,566,filterLoc,,
3960,569,filterLoc,,;Evacuee;228;in triage category;G;is entering helicopter;1
3960,572,filterLoc,,
3960,575,filterLoc,,
3960,578,filterLoc,,
3960,581,filterLoc,,
3960,584,filterLoc,,
3960,587,filterLoc,,
3960,590,filterLoc,,
3960,593,filterLoc,,
3960,596,filterLoc,,
3960,599,filterLoc,,
3960,602,filterLoc,,
3960,605,filterLoc,,
3960,608,filterLoc,,
3960,611,filterLoc,,
3960,614,filterLoc,,
3960,617,filterLoc,,
3960,620,filterLoc,,
3960,623,filterLoc,,
3960,626,filterLoc,,
3960,629,filterLoc,,
3960,632,filterLoc,,
3960,635,filterLoc,,
3960,638,filterLoc,,
3960,641,filterLoc,,
3960,644,filterLoc,,
3960,647,filterLoc,,
3960,650,filterLoc,,
3960,653,filterLoc,,
3960,656,filterLoc,,
3960,659,filterLoc,,
3960,662,filterLoc,,
3960,665,filterLoc,,
3960,668,filterLoc,,
3960,671,filterLoc,,
3960,674,filterLoc,,
3960,677,filterLoc,,
3960,680,filterLoc,,
3960,683,filterLoc,,
3960,686,filterLoc,,
3960,689,filterLoc,,
3960,692,filterLoc,,
3960,695,filterLoc,,
3960,698,filterLoc,,
3960,701,filterLoc,,;Evacuee;199;in triage category;G;is entering helicopter;1
3960,704,filterLoc,,
3960,707,filterLoc,,
3960,710,filterLoc,,;Evacuee;223;in triage category;G;is entering helicopter;1
3960,713,filterLoc,,
3960,716,filterLoc,,
3960,719,filterLoc,,
3960,722,filterLoc,,
3960,725,filterLoc,,
3960,728,filterLoc,,
3960,731,filterLoc,,
3960,734,filterLoc,,
3960,737,filterLoc,,
3960,740,filterLoc,,
3960,743,filterLoc,,
3960,746,filterLoc,,
3960,749,filterLoc,,
3960,752,filterLoc,,
3960,755,filterLoc,,
3960,758,filterLoc,,
3960,761,filterLoc,,
3960,764,filterLoc,,
3960,767,filterLoc,,
3960,770,filterLoc,,
3960,773,filterLoc,,
3960,776,filterLoc,,
3960,779,filterLoc,,
3960,782,filterLoc,,
3960,785,filterLoc,,
3960,788,filterLoc,,
3960,791,filterLoc,,
3960,794,filterLoc,,
3960,797,filterLoc,,
3960,800,filterLoc,,
3960,803,filterLoc,,
3960,806,filterLoc,,
3960,809,filterLoc,,
3960,812,filterLoc,,
3960,815,filterLoc,,
3960,818,filterLoc,,
3960,821,filterLoc,,
3960,824,filterLoc,,
3960,827,filterLoc,,
3960,830,filterLoc,,
3960,833,filterLoc,,
3960,836,filterLoc,,
3960,839,filterLoc,,
3960,842,filterLoc,,
3960,845,filterLoc,,
3960,848,filterLoc,,
3960,851,filterLoc,,
3960,854,filterLoc,,
3960,857,filterLoc,,
3960,860,filterLoc,,
3960,863,filterLoc,,
3960,866,filterLoc,,
3960,869,filterLoc,,
3960,872,filterLoc,,
3960,875,filterLoc,,
3960,878,filterLoc,,
3960,881,filterLoc,,
3960,884,filterLoc,,
3960,887,filterLoc,,
3960,890,filterLoc,,
3960,893,filterLoc,,
3960,896,filterLoc,,
3960,899,filterLoc,,
3960,902,filterLoc,,
3960,905,filterLoc,,
3960,908,filterLoc,,
3960,911,filterLoc,,
3960,914,filterLoc,,
3960,917,filterLoc,,
3960,920,filterLoc,,
3960,923,filterLoc,,
3960,926,filterLoc,,
3960,929,filterLoc,,
3960,932,filterLoc,,
3960,935,filterLoc,,
3960,938,filterLoc,,
3960,941,filterLoc,,
3960,944,filterLoc,,
3960,947,filterLoc,,
3960,950,filterLoc,,
3960,953,filterLoc,,
3960,956,filterLoc,,
3960,959,filterLoc,,
3960,962,filterLoc,,
3960,965,filterLoc,,
3960,968,filterLoc,,
3960,971,filterLoc,,
3960,974,filterLoc,,
3960,977,filterLoc,,
3960,980,filterLoc,,
3960,983,filterLoc,,
3960,986,filterLoc,,
3960,989,filterLoc,,
3960,992,filterLoc,,
3960,995,filterLoc,,
3960,998,filterLoc,,
3960,1001,filterLoc,,
3960,1004,filterLoc,,
3960,1007,filterLoc,,
3960,1010,filterLoc,,
3960,1013,filterLoc,,
3960,1016,filterLoc,,
3960,1019,filterLoc,,
3960,1022,filterLoc,,
3960,1025,filterLoc,,
3960,1028,filterLoc,,
3960,1031,filterLoc,,
3960,1034,filterLoc,,
3960,1037,filterLoc,,
3960,1040,filterLoc,,
3960,1043,filterLoc,,
3960,1046,filterLoc,,
3960,1049,filterLoc,,
3960,1052,filterLoc,,
3960,1055,filterLoc,,
3960,1058,filterLoc,,
3960,1061,filterLoc,,
3960,1064,filterLoc,,
3960,1067,filterLoc,,
3960,1070,filterLoc,,
3960,1073,filterLoc,,
3960,1076,filterLoc,,
3960,1079,filterLoc,,
3960,1082,filterLoc,,
3960,1085,filterLoc,,
3960,1088,filterLoc,,
3960,1091,filterLoc,,
3960,1094,filterLoc,,
3960,1097,filterLoc,,
3960,1100,filterLoc,,
3960,1103,filterLoc,,
3960,1106,filterLoc,,
3960,1109,filterLoc,,
3960,1112,filterLoc,,
3960,1115,filterLoc,,
3960,1118,filterLoc,,
3960,1121,filterLoc,,
3960,1124,filterLoc,,
3960,1127,filterLoc,,
3960,1130,filterLoc,,
3960,1133,filterLoc,,
3960,1136,filterLoc,,;Evacuee;208;in triage category;G;is entering helicopter;1
3960,1139,filterLoc,,
3960,1142,filterLoc,,
3960,1145,filterLoc,,
3960,1148,filterLoc,,
3960,1153,helicopter,,Helicopter;1;is loading people at the evacuation site;;and has;0;spots taken
3960,1155,filterLoc,,
3960,1158,filterLoc,,
3960,1161,filterLoc,,
3960,1164,filterLoc,,
3960,1167,filterLoc,,
3960,1170,filterLoc,,
3960,1173,filterLoc,,
3960,1176,filterLoc,,
3960,1179,filterLoc,,
3960,1182,filterLoc,,
3960,1185,filterLoc,,
3960,1188,filterLoc,,
3960,1191,filterLoc,,
3960,1194,filterLoc,,
3960,1197,filterLoc,,
3960,1200,filterLoc,,
3960,1203,filterLoc,,
3960,1206,filterLoc,,
3960,1209,filterLoc,,
3960,1212,filterLoc,,
3960,1215,filterLoc,,
3960,1218,filterLoc,,;Evacuee;222;in triage category;G;is entering helicopter;1
3960,1221,filterLoc,,
3960,1224,filterLoc,,
3960,1227,filterLoc,,
3960,1230,filterLoc,,
3960,1233,filterLoc,,
3960,1236,filterLoc,,
3960,1239,filterLoc,,
3960,1242,filterLoc,,
3960,1245,filterLoc,,
3960,1248,filterLoc,,
3960,1251,filterLoc,,
3960,1254,filterLoc,,
3960,1257,filterLoc,,
3960,1260,filterLoc,,
3960,1263,filterLoc,,
3960,1266,filterLoc,,
3960,1269,filterLoc,,
3960,1272,filterLoc,,
3960,1275,filterLoc,,
3960,1278,filterLoc,,
3960,1281,filterLoc,,
3960,1284,filterLoc,,
3960,1287,filterLoc,,
3960,1290,filterLoc,,
3960,1293,filterLoc,,
3960,1296,filterLoc,,
3960,1299,filterLoc,,
3960,1302,filterLoc,,
3960,1305,filterLoc,,
3960,1308,filterLoc,,
3960,1311,filterLoc,,
3960,1314,filterLoc,,
3960,1317,filterLoc,,
3960,1320,filterLoc,,
3960,1323,filterLoc,,
3960,1326,filterLoc,,
3960,1329,filterLoc,,
3960,1332,filterLoc,,
3960,1335,filterLoc,,
3960,1338,filterLoc,,
3960,1341,filterLoc,,
3960,1344,filterLoc,,
3960,1347,filterLoc,,
3960,1350,filterLoc,,
3960,1353,filterLoc,,
3960,1356,filterLoc,,
3960,1359,filterLoc,,
3960,1362,filterLoc,,
3960,1365,filterLoc,,
3960,1368,filterLoc,,
3960,1371,filterLoc,,
3960,1374,filterLoc,,
3960,1377,filterLoc,,
3960,1380,filterLoc,,
3960,1383,filterLoc,,
3960,1386,filterLoc,,
3960,1389,filterLoc,,
3960,1392,filterLoc,,
3960,1395,filterLoc,,
3960,1398,filterLoc,,
3960,1401,filterLoc,,
3960,1404,filterLoc,,
3960,1407,filterLoc,,
3960,1410,filterLoc,,
3960,1413,filterLoc,,
3960,1416,filterLoc,,
3960,1419,filterLoc,,;Evacuee;216;in triage category;G;is entering helicopter;1
3960,1422,filterLoc,,;Evacuee;219;in triage category;G;is entering helicopter;1
3960,1425,filterLoc,,;Evacuee;221;in triage category;G;is entering helicopter;1
3960,1428,filterLoc,,;Evacuee;224;in triage category;G;is entering helicopter;1
3960,1431,filterLoc,,
3960,1434,filterLoc,,
3960,1437,filterLoc,,
3960,1440,filterLoc,,
3960,1443,filterLoc,,
3960,1446,filterLoc,,
3960,1449,filterLoc,,
3960,1452,filterLoc,,
3960,1455,filterLoc,,
3960,1458,filterLoc,,
3960,1461,filterLoc,,
3960,1464,filterLoc,,
3960,1467,filterLoc,,
3960,1470,filterLoc,,
3960,1473,filterLoc,,
3960,1476,filterLoc,,
3960,1479,filterLoc,,
3960,1482,filterLoc,,
3960,1485,filterLoc,,
3960,1488,filterLoc,,
3960,1491,filterLoc,,
3960,1494,filterLoc,,
3960,1497,filterLoc,,
3960,1500,filterLoc,,
3960,1503,filterLoc,,
3960,1506,filterLoc,,
3960,1509,filterLoc,,
3960,509,filterLoc,out,Evacuee 215 in triage category G is assigned helicopter 1
3960,509,filterLoc,,
3960,510,evacuee,,Evacuee;215;in triage state;G;is entering helicopter;1
3960,569,filterLoc,out,Evacuee 228 in triage category G is assigned helicopter 1
3960,569,filterLoc,,
3960,570,evacuee,,Evacuee;228;in triage state;G;is entering helicopter;1
3960,701,filterLoc,out,Evacuee 199 in triage category G is assigned helicopter 1
3960,701,filterLoc,,
3960,702,evacuee,,Evacuee;199;in triage state;G;is entering helicopter;1
3960,710,filterLoc,out,Evacuee 223 in triage category G is assigned helicopter 1
3960,710,filterLoc,,
3960,711,evacuee,,Evacuee;223;in triage state;G;is entering helicopter;1
3960,1136,filterLoc,out,Evacuee 208 in triage category G is assigned helicopter 1
3960,1136,filterLoc,,
3960,1137,evacuee,,Evacuee;208;in triage state;G;is entering helicopter;1
3960,1218,filterLoc,out,Evacuee 222 in triage category G is assigned helicopter 1
3960,1218,filterLoc,,
3960,1219,evacuee,,Evacuee;222;in triage state;G;is entering helicopter;1
3960,1419,filterLoc,out,Evacuee 216 in triage category G is assigned helicopter 1
3960,1419,filterLoc,,
3960,1420,evacuee,,Evacuee;216;in triage state;G;is entering helicopter;1
3960,1422,filterLoc,out,Evacuee 219 in triage category G is assigned helicopter 1
3960,1422,filterLoc,,
3960,1423,evacuee,,Evacuee;219;in triage state;G;is entering helicopter;1
3960,1425,filterLoc,out,Evacuee 221 in triage category G is assigned helicopter 1
3960,1425,filterLoc,,
3960,1426,evacuee,,Evacuee;221;in triage state;G;is entering helicopter;1
3960,1428,filterLoc,out,Evacuee 224 in triage category G is assigned helicopter 1
3960,1428,filterLoc,,
3960,1429,evacuee,,Evacuee;224;in triage state;G;is entering helicopter;1
3960,510,evacuee,outHelo,Evacuee 215 in triage category G is assigned helicopter 1
3960,510,evacuee,,Evacuee;215;in triage state;G;is in helicopter;1
3960,570,evacuee,outHelo,Evacuee 228 in triage category G is assigned helicopter 1
3960,570,evacuee,,Evacuee;228;in triage state;G;is in helicopter;1
3960,702,evacuee,outHelo,Evacuee 199 in triage category G is assigned helicopter 1
3960,702,evacuee,,Evacuee;199;in triage state;G;is in helicopter;1
3960,711,evacuee,outHelo,Evacuee 223 in triage category G is assigned helicopter 1
3960,711,evacuee,,Evacuee;223;in triage state;G;is in helicopter;1
3960,1137,evacuee,outHelo,Evacuee 208 in triage category G is assigned helicopter 1
3960,1137,evacuee,,Evacuee;208;in triage state;G;is in helicopter;1
3960,1151,filterEvac,,;Evacuee;199;in triage category;G;is entering helicopter;1;Evacuee;208;in triage category;G;is entering helicopter;1;Evacuee;215;in triage category;G;is entering helicopter;1;Evacuee;216;in triage category;G;is entering helicopter;1;Evacuee;219;in triage category;G;is entering helicopter;1;Evacuee;221;in triage category;G;is entering helicopter;1;Evacuee;222;in triage category;G;is entering helicopter;1;Evacuee;223;in triage category;G;is entering helicopter;1;Evacuee;224;in triage category;G;is entering helicopter;1;Evacuee;228;in triage category;G;is entering helicopter;1
3960,1219,evacuee,outHelo,Evacuee 222 in triage category G is assigned helicopter 1
3960,1219,evacuee,,Evacuee;222;in triage state;G;is in helicopter;1
3960,1420,evacuee,outHelo,Evacuee 216 in triage category G is assigned helicopter 1
3960,1420,evacuee,,Evacuee;216;in triage state;G;is in helicopter;1
3960,1423,evacuee,outHelo,Evacuee 219 in triage category G is assigned helicopter 1
3960,1423,evacuee,,Evacuee;219;in triage state;G;is in helicopter;1
3960,1426,evacuee,outHelo,Evacuee 221 in triage category G is assigned helicopter 1
3960,1426,evacuee,,Evacuee;221;in triage state;G;is in helicopter;1
3960,1429,evacuee,outHelo,Evacuee 224 in triage category G is assigned helicopter 1
3960,1429,evacuee,,Evacuee;224;in triage state;G;is in helicopter;1
3960,1151,filterEvac,out,Evacuee 199 in triage category G is assigned helicopter 1
3960,1151,filterEvac,out,Evacuee 208 in triage category G is assigned helicopter 1
3960,1151,filterEvac,out,Evacuee 215 in triage category G is assigned helicopter 1
3960,1151,filterEvac,out,Evacuee 216 in triage category G is assigned helicopter 1
3960,1151,filterEvac,out,Evacuee 219 in triage category G is assigned helicopter 1
3960,1151,filterEvac,out,Evacuee 221 in triage category G is assigned helicopter 1
3960,1151,filterEvac,out,Evacuee 222 in triage category G is assigned helicopter 1
3960,1151,filterEvac,out,Evacuee 223 in triage category G is assigned helicopter 1
3960,1151,filterEvac,out,Evacuee 224 in triage category G is assigned helicopter 1
3960,1151,filterEvac,out,Evacuee 228 in triage category G is assigned helicopter 1
3960,1151,filterEvac,,
3960,1153,helicopter,,Helicopter;1;is loading people at the evacuation site;;and has;10;spots taken
3966.11,3,evacueeManager,,OFF SHIP: White;0;Green;60;Yellow;17;Red;4;Black;349;ON SHIP: White;0;Green;0;Yellow;0;Red;0;Evacuees to Transfer;
3966.11,351,evacuee,outES,Evacuee 295 in triage category Y is not assigned a helicopter
3966.11,351,evacuee,,Evacuee;295;in triage state;R;is at the evacuation site
3971.46,3,evacueeManager,,OFF SHIP: White;0;Green;60;Yellow;16;Red;5;Black;349;ON SHIP: White;0;Green;0;Yellow;0;Red;0;Evacuees to Transfer;
3971.46,552,evacuee,outES,Evacuee 424 in triage category Y is not assigned a helicopter
3971.46,552,evacuee,,Evacuee;424;in triage state;R;is at the evacuation site
3975,4,helipadManager,outHelo,Helicopter 1 is evacuating people1
3975,4,helipadManager,,;No helos are at ES
3975,1152,filterES,,Helicopter;1;is evacuating people
3975,4,helipadManager,outHQ,0
3975,4,helipadManager,,;No helos are at ES
3975,5,helicopterQueue,,;No helos are waiting to land
3975,1152,filterES,out,Helicopter 1 is evacuating people1
3975,1152,filterES,,
3975,1153,helicopter,,Helicopter;1;is loading people at the evacuation site;;and has;10;spots taken
3975,5,helicopterQueue,,;No helos are waiting to land
3975,1153,helicopter,,Helicopter;1;is returning to the FOL;;and has;10;spots taken
3997.69,3,evacueeManager,,OFF SHIP: White;0;Green;60;Yellow;15;Red;6;Black;349;ON SHIP: White;0;Green;0;Yellow;0;Red;0;Evacuees to Transfer;
3997.69,843,evacuee,outES,Evacuee 394 in triage category Y is not assigned a helicopter
3997.69,843,evacuee,,Evacuee;394;in triage state;R;is at the evacuation site
4003.48,3,evacueeManager,,OFF SHIP: White;0;Green;60;Yellow;15;Red;5;Black;350;ON SHIP: White;0;Green;0;Yellow;0;Red;0;Evacuees to Transfer;
4003.48,843,evacuee,outES,Evacuee 394 in triage category R is not assigned a helicopter
4003.48,843,evacuee,,Evacuee;394;in triage state;B;is at the evacuation site
4013.58,3,evacueeManager,,OFF SHIP: White;0;Green;60;Yellow;14;Red;6;Black;350;ON SHIP: White;0;Green;0;Yellow;0;Red;0;Evacuees to Transfer;
4013.58,218,evacuee,outES,Evacuee 371 in triage category Y is not assigned a helicopter
4013.58,218,evacuee,,Evacuee;371;in triage state;R;is at the evacuation site
4014.49,3,evacueeManager,,OFF SHIP: White;0;Green;60;Yellow;13;Red;7;Black;350;ON SHIP: White;0;Green;0;Yellow;0;Red;0;Evacuees to Transfer;
4014.49,215,evacuee,outES,Evacuee 372 in triage category Y is not assigned a helicopter
4014.49,215,evacuee,,Evacuee;372;in triage state;R;is at the evacuation site
4016.11,3,evacueeManager,,OFF SHIP: White;0;Green;59;Yellow;14;Red;7;Black;350;ON SHIP: White;0;Green;0;Yellow;0;Red;0;Evacuees to Transfer;
4016.11,354,evacuee,outES,Evacuee 352 in triage category G is not assigned a helicopter
4016.11,354,evacuee,,Evacuee;352;in triage state;Y;is at the evacuation site
4028.9,3,evacueeManager,,OFF SHIP: White;0;Green;59;Yellow;14;Red;6;Black;351;ON SHIP: White;0;Green;0;Yellow;0;Red;0;Evacuees to Transfer;
4028.9,1186,evacuee,outES,Evacuee 137 in triage category R is not assigned a helicopter
4028.9,1186,evacuee,,Evacuee;137;in triage state;B;is at the evacuation site
4032.47,3,evacueeManager,,OFF SHIP: White;0;Green;59;Yellow;14;Red;5;Black;352;ON SHIP: White;0;Green;0;Yellow;0;Red;0;Evacuees to Transfer;
4032.47,423,evacuee,outES,Evacuee 273 in triage category R is not assigned a helicopter
4032.47,423,evacuee,,Evacuee;273;in triage state;B;is at the evacuation site
4041.05,3,evacueeManager,,OFF SHIP: White;0;Green;58;Yellow;15;Red;5;Black;352;ON SHIP: White;0;Green;0;Yellow;0;Red;0;Evacuees to Transfer;
4041.05,291,evacuee,outES,Evacuee 410 in triage category G is not assigned a helicopter
4041.05,291,evacuee,,Evacuee;410;in triage state;Y;is at the evacuation site
4041.32,3,evacueeManager,,OFF SHIP: White;0;Green;58;Yellow;14;Red;6;Black;352;ON SHIP: White;0;Green;0;Yellow;0;Red;0;Evacuees to Transfer;
4041.32,209,evacuee,outES,Evacuee 375 in triage category Y is not assigned a helicopter
4041.32,209,evacuee,,Evacuee;375;in triage state;R;is at the evacuation site
4049.83,3,evacueeManager,,OFF SHIP: White;0;Green;58;Yellow;13;Red;7;Black;352;ON SHIP: White;0;Green;0;Yellow;0;Red;0;Evacuees to Transfer;
4049.83,291,evacuee,outES,Evacuee 410 in triage category Y is not assigned a helicopter
4049.83,291,evacuee,,Evacuee;410;in triage state;R;is at the evacuation site
4050,7,filterLoc,,
4050,10,filterLoc,,
4050,13,filterLoc,,
4050,16,filterLoc,,
4050,19,filterLoc,,
4050,22,filterLoc,,
4050,25,filterLoc,,
4050,28,filterLoc,,
4050,31,filterLoc,,
4050,34,filterLoc,,
4050,37,filterLoc,,
4050,40,filterLoc,,
4050,43,filterLoc,,
4050,46,filterLoc,,
4050,49,filterLoc,,
4050,52,filterLoc,,
4050,55,filterLoc,,
4050,58,filterLoc,,
4050,61,filterLoc,,
4050,64,filterLoc,,
4050,67,filterLoc,,
4050,70,filterLoc,,
4050,73,filterLoc,,
4050,76,filterLoc,,
4050,79,filterLoc,,
4050,82,filterLoc,,
4050,85,filterLoc,,
4050,88,filterLoc,,
4050,91,filterLoc,,
4050,94,filterLoc,,
4050,97,filterLoc,,
4050,100,filterLoc,,
4050,103,filterLoc,,
4050,106,filterLoc,,
4050,109,filterLoc,,
4050,112,filterLoc,,
4050,115,filterLoc,,
4050,118,filterLoc,,
4050,121,filterLoc,,
4050,124,filterLoc,,
4050,127,filterLoc,,
4050,130,filterLoc,,
4050,133,filterLoc,,
4050,136,filterLoc,,
4050,139,filterLoc,,
4050,142,filterLoc,,
4050,145,filterLoc,,
4050,148,filterLoc,,
4050,151,filterLoc,,
4050,154,filterLoc,,
4050,157,filterLoc,,
4050,160,filterLoc,,
4050,163,filterLoc,,
4050,166,filterLoc,,
4050,169,filterLoc,,
4050,172,filterLoc,,
4050,175,filterLoc,,
4050,178,filterLoc,,
4050,181,filterLoc,,
4050,184,filterLoc,,
4050,187,filterLoc,,
4050,190,filterLoc,,
4050,193,filterLoc,,
4050,196,filterLoc,,
4050,199,filterLoc,,
4050,202,filterLoc,,
4050,205,filterLoc,,
4050,208,filterLoc,,
4050,211,filterLoc,,
4050,214,filterLoc,,
4050,217,filterLoc,,
4050,221,filterLoc,,
4050,224,filterLoc,,
4050,227,filterLoc,,
4050,230,filterLoc,,
4050,233,filterLoc,,
4050,236,filterLoc,,
4050,239,filterLoc,,
4050,242,filterLoc,,
4050,245,filterLoc,,
4050,248,filterLoc,,
4050,251,filterLoc,,
4050,254,filterLoc,,
4050,257,filterLoc,,
4050,260,filterLoc,,
4050,263,filterLoc,,
4050,266,filterLoc,,
4050,269,filterLoc,,
4050,272,filterLoc,,
4050,275,filterLoc,,
4050,278,filterLoc,,
4050,281,filterLoc,,
4050,284,filterLoc,,
4050,287,filterLoc,,
4050,290,filterLoc,,
4050,293,filterLoc,,
4050,296,filterLoc,,
4050,299,filterLoc,,
4050,302,filterLoc,,
4050,305,filterLoc,,
4050,308,filterLoc,,
4050,311,filterLoc,,
4050,314,filterLoc,,
4050,317,filterLoc,,
4050,320,filterLoc,,
4050,323,filterLoc,,
4050,326,filterLoc,,
4050,329,filterLoc,,
4050,332,filterLoc,,
4050,335,filterLoc,,
4050,338,filterLoc,,
4050,341,filterLoc,,
4050,344,filterLoc,,
4050,347,filterLoc,,
4050,350,filterLoc,,
4050,353,filterLoc,,
4050,356,filterLoc,,
4050,359,filterLoc,,
4050,362,filterLoc,,
4050,365,filterLoc,,
4050,368,filterLoc,,
4050,371,filterLoc,,
4050,374,filterLoc,,
4050,377,filterLoc,,
4050,380,filterLoc,,
4050,383,filterLoc,,
4050,386,filterLoc,,
4050,389,filterLoc,,
4050,392,filterLoc,,
4050,395,filterLoc,,
4050,398,filterLoc,,
4050,401,filterLoc,,
4050,404,filterLoc,,
4050,407,filterLoc,,
4050,410,filterLoc,,
4050,413,filterLoc,,
4050,416,filterLoc,,
4050,419,filterLoc,,
4050,422,filterLoc,,
4050,425,filterLoc,,
4050,428,filterLoc,,
4050,431,filterLoc,,
4050,434,filterLoc,,
4050,437,filterLoc,,
4050,440,filterLoc,,
4050,443,filterLoc,,
4050,446,filterLoc,,
4050,449,filterLoc,,
4050,452,filterLoc,,
4050,455,filterLoc,,
4050,458,filterLoc,,
4050,461,filterLoc,,
4050,464,filterLoc,,
4050,467,filterLoc,,
4050,470,filterLoc,,
4050,473,filterLoc,,
4050,476,filterLoc,,
4050,479,filterLoc,,
4050,482,filterLoc,,
4050,485,filterLoc,,
4050,488,filterLoc,,
4050,491,filterLoc,,
4050,494,filterLoc,,
4050,497,filterLoc,,
4050,500,filterLoc,,
4050,503,filterLoc,,
4050,506,filterLoc,,
4050,509,filterLoc,,;Evacuee;215;in triage category;G;is leaving helicopter;1
4050,512,filterLoc,,
4050,515,filterLoc,,
4050,518,filterLoc,,
4050,521,filterLoc,,
4050,524,filterLoc,,
4050,527,filterLoc,,
4050,530,filterLoc,,
4050,533,filterLoc,,
4050,536,filterLoc,,
4050,539,filterLoc,,
4050,542,filterLoc,,
4050,545,filterLoc,,
4050,548,filterLoc,,
4050,551,filterLoc,,
4050,554,filterLoc,,
4050,557,filterLoc,,
4050,560,filterLoc,,
4050,563,filterLoc,,
4050,566,filterLoc,,
4050,569,filterLoc,,;Evacuee;228;in triage category;G;is leaving helicopter;1
4050,572,filterLoc,,
4050,575,filterLoc,,
4050,578,filterLoc,,
4050,581,filterLoc,,
4050,584,filterLoc,,
4050,587,filterLoc,,
4050,590,filterLoc,,
4050,593,filterLoc,,
4050,596,filterLoc,,
4050,599,filterLoc,,
4050,602,filterLoc,,
4050,605,filterLoc,,
4050,608,filterLoc,,
4050,611,filterLoc,,
4050,614,filterLoc,,
4050,617,filterLoc,,
4050,620,filterLoc,,
4050,623,filterLoc,,
4050,626,filterLoc,,
4050,629,filterLoc,,
4050,632,filterLoc,,
4050,635,filterLoc,,
4050,638,filterLoc,,
4050,641,filterLoc,,
4050,644,filterLoc,,
4050,647,filterLoc,,
4050,650,filterLoc,,
4050,653,filterLoc,,
4050,656,filterLoc,,
4050,659,filterLoc,,
4050,662,filterLoc,,
4050,665,filterLoc,,
4050,668,filterLoc,,
4050,671,filterLoc,,
4050,674,filterLoc,,
4050,677,filterLoc,,
4050,680,filterLoc,,
4050,683,filterLoc,,
4050,686,filterLoc,,
4050,689,filterLoc,,
4050,692,filterLoc,,
4050,695,filterLoc,,
4050,698,filterLoc,,
4050,701,filterLoc,,;Evacuee;199;in triage category;G;is leaving helicopter;1
4050,704,filterLoc,,
4050,707,filterLoc,,
4050,710,filterLoc,,;Evacuee;223;in triage category;G;is leaving helicopter;1
4050,713,filterLoc,,
4050,716,filterLoc,,
4050,719,filterLoc,,
4050,722,filterLoc,,
4050,725,filterLoc,,
4050,728,filterLoc,,
4050,731,filterLoc,,
4050,734,filterLoc,,
4050,737,filterLoc,,
4050,740,filterLoc,,
4050,743,filterLoc,,
4050,746,filterLoc,,
4050,749,filterLoc,,
4050,752,filterLoc,,
4050,755,filterLoc,,
4050,758,filterLoc,,
4050,761,filterLoc,,
4050,764,filterLoc,,
4050,767,filterLoc,,
4050,770,filterLoc,,
4050,773,filterLoc,,
4050,776,filterLoc,,
4050,779,filterLoc,,
4050,782,filterLoc,,
4050,785,filterLoc,,
4050,788,filterLoc,,
4050,791,filterLoc,,
4050,794,filterLoc,,
4050,797,filterLoc,,
4050,800,filterLoc,,
4050,803,filterLoc,,
4050,806,filterLoc,,
4050,809,filterLoc,,
4050,812,filterLoc,,
4050,815,filterLoc,,
4050,818,filterLoc,,
4050,821,filterLoc,,
4050,824,filterLoc,,
4050,827,filterLoc,,
4050,830,filterLoc,,
4050,833,filterLoc,,
4050,836,filterLoc,,
4050,839,filterLoc,,
4050,842,filterLoc,,
4050,845,filterLoc,,
4050,848,filterLoc,,
4050,851,filterLoc,,
4050,854,filterLoc,,
4050,857,filterLoc,,
4050,860,filterLoc,,
4050,863,filterLoc,,
4050,866,filterLoc,,
4050,869,filterLoc,,
4050,872,filterLoc,,
4050,875,filterLoc,,
4050,878,filterLoc,,
4050,881,filterLoc,,
4050,884,filterLoc,,
4050,887,filterLoc,,
4050,890,filterLoc,,
4050,893,filterLoc,,
4050,896,filterLoc,,
4050,899,filterLoc,,
4050,902,filterLoc,,
4050,905,filterLoc,,
4050,908,filterLoc,,
4050,911,filterLoc,,
4050,914,filterLoc,,
4050,917,filterLoc,,
4050,920,filterLoc,,
4050,923,filterLoc,,
4050,926,filterLoc,,
4050,929,filterLoc,,
4050,932,filterLoc,,
4050,935,filterLoc,,
4050,938,filterLoc,,
4050,941,filterLoc,,
4050,944,filterLoc,,
4050,947,filterLoc,,
4050,950,filterLoc,,
4050,953,filterLoc,,
4050,956,filterLoc,,
4050,959,filterLoc,,
4050,962,filterLoc,,
4050,965,filterLoc,,
4050,968,filterLoc,,
4050,971,filterLoc,,
4050,974,filterLoc,,
4050,977,filterLoc,,
4050,980,filterLoc,,
4050,983,filterLoc,,
4050,986,filterLoc,,
4050,989,filterLoc,,
4050,992,filterLoc,,
4050,995,filterLoc,,
4050,998,filterLoc,,
4050,1001,filterLoc,,
4050,1004,filterLoc,,
4050,1007,filterLoc,,
4050,1010,filterLoc,,
4050,1013,filterLoc,,
4050,1016,filterLoc,,
4050,1019,filterLoc,,
4050,1022,filterLoc,,
4050,1025,filterLoc,,
4050,1028,filterLoc,,
4050,1031,filterLoc,,
4050,1034,filterLoc,,
4050,1037,filterLoc,,
4050,1040,filterLoc,,
4050,1043,filterLoc,,
4050,1046,filterLoc,,
4050,1049,filterLoc,,
4050,1052,filterLoc,,
4050,1055,filterLoc,,
4050,1058,filterLoc,,
4050,1061,filterLoc,,
4050,1064,filterLoc,,
4050,1067,filterLoc,,
4050,1070,filterLoc,,
4050,1073,filterLoc,,
4050,1076,filterLoc,,
4050,1079,filterLoc,,
4050,1082,filterLoc,,
4050,1085,filterLoc,,
4050,1088,filterLoc,,
4050,1091,filterLoc,,
4050,1094,filterLoc,,
4050,1097,filterLoc,,
4050,1100,filterLoc,,
4050,1103,filterLoc,,
4050,1106,filterLoc,,
4050,1109,filterLoc,,
4050,1112,filterLoc,,
4050,1115,filterLoc,,
4050,1118,filterLoc,,
4050,1121,filterLoc,,
4050,1124,filterLoc,,
4050,1127,filterLoc,,
4050,1130,filterLoc,,
4050,1133,filterLoc,,
4050,1136,filterLoc,,;Evacuee;208;in triage category;G;is leaving helicopter;1
4050,1139,filterLoc,,
4050,1142,filterLoc,,
4050,1145,filterLoc,,
4050,1148,filterLoc,,
4050,1153,helicopter,outEvac,Evacuee 199 in triage category G is not assigned a helicopter
4050,1153,helicopter,outEvac,Evacuee 208 in triage category G is not assigned a helicopter
4050,1153,helicopter,outEvac,Evacuee 215 in triage category G is not assigned a helicopter
4050,1153,helicopter,outEvac,Evacuee 216 in triage category G is not assigned a helicopter
4050,1153,helicopter,outEvac,Evacuee 219 in triage category G is not assigned a helicopter
4050,1153,helicopter,outEvac,Evacuee 221 in triage category G is not assigned a helicopter
4050,1153,helicopter,outEvac,Evacuee 222 in triage category G is not assigned a helicopter
4050,1153,helicopter,outEvac,Evacuee 223 in triage category G is not assigned a helicopter
4050,1153,helicopter,outEvac,Evacuee 224 in triage category G is not assigned a helicopter
4050,1153,helicopter,outEvac,Evacuee 228 in triage category G is not assigned a helicopter
4050,1153,helicopter,,Helicopter;1;is unloading people at the FOL;;and has;0;spots taken
4050,1155,filterLoc,,
4050,1158,filterLoc,,
4050,1161,filterLoc,,
4050,1164,filterLoc,,
4050,1167,filterLoc,,
4050,1170,filterLoc,,
4050,1173,filterLoc,,
4050,1176,filterLoc,,
4050,1179,filterLoc,,
4050,1182,filterLoc,,
4050,1185,filterLoc,,
4050,1188,filterLoc,,
4050,1191,filterLoc,,
4050,1194,filterLoc,,
4050,1197,filterLoc,,
4050,1200,filterLoc,,
4050,1203,filterLoc,,
4050,1206,filterLoc,,
4050,1209,filterLoc,,
4050,1212,filterLoc,,
4050,1215,filterLoc,,
4050,1218,filterLoc,,;Evacuee;222;in triage category;G;is leaving helicopter;1
4050,1221,filterLoc,,
4050,1224,filterLoc,,
4050,1227,filterLoc,,
4050,1230,filterLoc,,
4050,1233,filterLoc,,
4050,1236,filterLoc,,
4050,1239,filterLoc,,
4050,1242,filterLoc,,
4050,1245,filterLoc,,
4050,1248,filterLoc,,
4050,1251,filterLoc,,
4050,1254,filterLoc,,
4050,1257,filterLoc,,
4050,1260,filterLoc,,
4050,1263,filterLoc,,
4050,1266,filterLoc,,
4050,1269,filterLoc,,
4050,1272,filterLoc,,
4050,1275,filterLoc,,
4050,1278,filterLoc,,
4050,1281,filterLoc,,
4050,1284,filterLoc,,
4050,1287,filterLoc,,
4050,1290,filterLoc,,
4050,1293,filterLoc,,
4050,1296,filterLoc,,
4050,1299,filterLoc,,
4050,1302,filterLoc,,
4050,1305,filterLoc,,
4050,1308,filterLoc,,
4050,1311,filterLoc,,
4050,1314,filterLoc,,
4050,1317,filterLoc,,
4050,1320,filterLoc,,
4050,1323,filterLoc,,
4050,1326,filterLoc,,
4050,1329,filterLoc,,
4050,1332,filterLoc,,
4050,1335,filterLoc,,
4050,1338,filterLoc,,
4050,1341,filterLoc,,
4050,1344,filterLoc,,
4050,1347,filterLoc,,
4050,1350,filterLoc,,
4050,1353,filterLoc,,
4050,1356,filterLoc,,
4050,1359,filterLoc,,
4050,1362,filterLoc,,
4050,1365,filterLoc,,
4050,1368,filterLoc,,
4050,1371,filterLoc,,
4050,1374,filterLoc,,
4050,1377,filterLoc,,
4050,1380,filterLoc,,
4050,1383,filterLoc,,
4050,1386,filterLoc,,
4050,1389,filterLoc,,
4050,1392,filterLoc,,
4050,1395,filterLoc,,
4050,1398,filterLoc,,
4050,1401,filterLoc,,
4050,1404,filterLoc,,
4050,1407,filterLoc,,
4050,1410,filterLoc,,
4050,1413,filterLoc,,
4050,1416,filterLoc,,
4050,1419,filterLoc,,;Evacuee;216;in triage category;G;is leaving helicopter;1
4050,1422,filterLoc,,;Evacuee;219;in triage category;G;is leaving helicopter;1
4050,1425,filterLoc,,;Evacuee;221;in triage category;G;is leaving helicopter;1
4050,1428,filterLoc,,;Evacuee;224;in triage category;G;is leaving helicopter;1
4050,1431,filterLoc,,
4050,1434,filterLoc,,
4050,1437,filterLoc,,
4050,1440,filterLoc,,
4050,1443,filterLoc,,
4050,1446,filterLoc,,
4050,1449,filterLoc,,
4050,1452,filterLoc,,
4050,1455,filterLoc,,
4050,1458,filterLoc,,
4050,1461,filterLoc,,
4050,1464,filterLoc,,
4050,1467,filterLoc,,
4050,1470,filterLoc,,
4050,1473,filterLoc,,
4050,1476,filterLoc,,
4050,1479,filterLoc,,
4050,1482,filterLoc,,
4050,1485,filterLoc,,
4050,1488,filterLoc,,
4050,1491,filterLoc,,
4050,1494,filterLoc,,
4050,1497,filterLoc,,
4050,1500,filterLoc,,
4050,1503,filterLoc,,
4050,1506,filterLoc,,
4050,1509,filterLoc,,
4050,509,filterLoc,out,Evacuee 215 in triage category G is not assigned a helicopter
4050,509,filterLoc,,
4050,510,evacuee,,Evacuee;215;in triage state;G;is entering the FOL
4050,569,filterLoc,out,Evacuee 228 in triage category G is not assigned a helicopter
4050,569,filterLoc,,
4050,570,evacuee,,Evacuee;228;in triage state;G;is entering the FOL
4050,701,filterLoc,out,Evacuee 199 in triage category G is not assigned a helicopter
4050,701,filterLoc,,
4050,702,evacuee,,Evacuee;199;in triage state;G;is entering the FOL
4050,710,filterLoc,out,Evacuee 223 in triage category G is not assigned a helicopter
4050,710,filterLoc,,
4050,711,evacuee,,Evacuee;223;in triage state;G;is entering the FOL
4050,1136,filterLoc,out,Evacuee 208 in triage category G is not assigned a helicopter
4050,1136,filterLoc,,
4050,1137,evacuee,,Evacuee;208;in triage state;G;is entering the FOL
4050,1218,filterLoc,out,Evacuee 222 in triage category G is not assigned a helicopter
4050,1218,filterLoc,,
4050,1219,evacuee,,Evacuee;222;in triage state;G;is entering the FOL
4050,1419,filterLoc,out,Evacuee 216 in triage category G is not assigned a helicopter
4050,1419,filterLoc,,
4050,1420,evacuee,,Evacuee;216;in triage state;G;is entering the FOL
4050,1422,filterLoc,out,Evacuee 219 in triage category G is not assigned a helicopter
4050,1422,filterLoc,,
4050,1423,evacuee,,Evacuee;219;in triage state;G;is entering the FOL
4050,1425,filterLoc,out,Evacuee 221 in triage category G is not assigned a helicopter
4050,1425,filterLoc,,
4050,1426,evacuee,,Evacuee;221;in triage state;G;is entering the FOL
4050,1428,filterLoc,out,Evacuee 224 in triage category G is not assigned a helicopter
4050,1428,filterLoc,,
4050,1429,evacuee,,Evacuee;224;in triage state;G;is entering the FOL
4050,219,FOL,,;EvacueeID;3;Triage Status;G;EvacueeID;5;Triage Status;G;EvacueeID;8;Triage Status;G;EvacueeID;12;Triage Status;G;EvacueeID;15;Triage Status;G;EvacueeID;21;Triage Status;G;EvacueeID;30;Triage Status;G;EvacueeID;31;Triage Status;G;EvacueeID;36;Triage Status;G;EvacueeID;38;Triage Status;G;EvacueeID;39;Triage Status;G;EvacueeID;42;Triage Status;G;EvacueeID;43;Triage Status;G;EvacueeID;46;Triage Status;G;EvacueeID;47;Triage Status;G;EvacueeID;51;Triage Status;G;EvacueeID;53;Triage Status;G;EvacueeID;56;Triage Status;G;EvacueeID;57;Triage Status;G;EvacueeID;59;Triage Status;G;EvacueeID;62;Triage Status;G;EvacueeID;66;Triage Status;G;EvacueeID;68;Triage Status;G;EvacueeID;72;Triage Status;G;EvacueeID;79;Triage Status;G;EvacueeID;80;Triage Status;G;EvacueeID;84;Triage Status;G;EvacueeID;86;Triage Status;G;EvacueeID;89;Triage Status;G;EvacueeID;91;Triage Status;G;EvacueeID;101;Triage Status;G;EvacueeID;103;Triage Status;G;EvacueeID;107;Triage Status;G;EvacueeID;110;Triage Status;G;EvacueeID;111;Triage Status;G;EvacueeID;115;Triage Status;G;EvacueeID;118;Triage Status;G;EvacueeID;124;Triage Status;G;EvacueeID;130;Triage Status;G;EvacueeID;132;Triage Status;G;EvacueeID;133;Triage Status;G;EvacueeID;134;Triage Status;G;EvacueeID;135;Triage Status;G;EvacueeID;140;Triage Status;G;EvacueeID;141;Triage Status;G;EvacueeID;143;Triage Status;G;EvacueeID;145;Triage Status;G;EvacueeID;146;Triage Status;G;EvacueeID;149;Triage Status;G;EvacueeID;151;Triage Status;G;EvacueeID;167;Triage Status;G;EvacueeID;168;Triage Status;G;EvacueeID;169;Triage Status;G;EvacueeID;172;Triage Status;G;EvacueeID;176;Triage Status;G;EvacueeID;193;Triage Status;G;EvacueeID;195;Triage Status;G;EvacueeID;196;Triage Status;G;EvacueeID;197;Triage Status;G;EvacueeID;198;Triage Status;G;EvacueeID;199;Triage Status;G;EvacueeID;208;Triage Status;G;EvacueeID;215;Triage Status;G;EvacueeID;216;Triage Status;G;EvacueeID;219;Triage Status;G;EvacueeID;221;Triage Status;G;EvacueeID;222;Triage Status;G;EvacueeID;223;Triage Status;G;EvacueeID;224;Triage Status;G;EvacueeID;228;Triage Status;G;Lives Saved;70
4050,510,evacuee,outFOL,Evacuee 215 in triage category G is not assigned a helicopter
4050,510,evacuee,,Evacuee;215;in triage state;G;is at the FOL
4050,570,evacuee,outFOL,Evacuee 228 in triage category G is not assigned a helicopter
4050,570,evacuee,,Evacuee;228;in triage state;G;is at the FOL
4050,702,evacuee,outFOL,Evacuee 199 in triage category G is not assigned a helicopter
4050,702,evacuee,,Evacuee;199;in triage state;G;is at the FOL
4050,711,evacuee,outFOL,Evacuee 223 in triage category G is not assigned a helicopter
4050,711,evacuee,,Evacuee;223;in triage state;G;is at the FOL
4050,1137,evacuee,outFOL,Evacuee 208 in triage category G is not assigned a helicopter
4050,1137,evacuee,,Evacuee;208;in triage state;G;is at the FOL
4050,1219,evacuee,outFOL,Evacuee 222 in triage category G is not assigned a helicopter
4050,1219,evacuee,,Evacuee;222;in triage state;G;is at the FOL
4050,1420,evacuee,outFOL,Evacuee 216 in triage category G is not assigned a helicopter
4050,1420,evacuee,,Evacuee;216;in triage state;G;is at the FOL
4050,1423,evacuee,outFOL,Evacuee 219 in triage category G is not assigned a helicopter
4050,1423,evacuee,,Evacuee;219;in triage state;G;is at the FOL
4050,1426,evacuee,outFOL,Evacuee 221 in triage category G is not assigned a helicopter
4050,1426,evacuee,,Evacuee;221;in triage state;G;is at the FOL
4050,1429,evacuee,outFOL,Evacuee 224 in triage category G is not assigned a helicopter
4050,1429,evacuee,,Evacuee;224;in triage state;G;is at the FOL
4050,219,FOL,,;EvacueeID;3;Triage Status;G;EvacueeID;5;Triage Status;G;EvacueeID;8;Triage Status;G;EvacueeID;12;Triage Status;G;EvacueeID;15;Triage Status;G;EvacueeID;21;Triage Status;G;EvacueeID;30;Triage Status;G;EvacueeID;31;Triage Status;G;EvacueeID;36;Triage Status;G;EvacueeID;38;Triage Status;G;EvacueeID;39;Triage Status;G;EvacueeID;42;Triage Status;G;EvacueeID;43;Triage Status;G;EvacueeID;46;Triage Status;G;EvacueeID;47;Triage Status;G;EvacueeID;51;Triage Status;G;EvacueeID;53;Triage Status;G;EvacueeID;56;Triage Status;G;EvacueeID;57;Triage Status;G;EvacueeID;59;Triage Status;G;EvacueeID;62;Triage Status;G;EvacueeID;66;Triage Status;G;EvacueeID;68;Triage Status;G;EvacueeID;72;Triage Status;G;EvacueeID;79;Triage Status;G;EvacueeID;80;Triage Status;G;EvacueeID;84;Triage Status;G;EvacueeID;86;Triage Status;G;EvacueeID;89;Triage Status;G;EvacueeID;91;Triage Status;G;EvacueeID;101;Triage Status;G;EvacueeID;103;Triage Status;G;EvacueeID;107;Triage Status;G;EvacueeID;110;Triage Status;G;EvacueeID;111;Triage Status;G;EvacueeID;115;Triage Status;G;EvacueeID;118;Triage Status;G;EvacueeID;124;Triage Status;G;EvacueeID;130;Triage Status;G;EvacueeID;132;Triage Status;G;EvacueeID;133;Triage Status;G;EvacueeID;134;Triage Status;G;EvacueeID;135;Triage Status;G;EvacueeID;140;Triage Status;G;EvacueeID;141;Triage Status;G;EvacueeID;143;Triage Status;G;EvacueeID;145;Triage Status;G;EvacueeID;146;Triage Status;G;EvacueeID;149;Triage Status;G;EvacueeID;151;Triage Status;G;EvacueeID;167;Triage Status;G;EvacueeID;168;Triage Status;G;EvacueeID;169;Triage Status;G;EvacueeID;172;Triage Status;G;EvacueeID;176;Triage Status;G;EvacueeID;193;Triage Status;G;EvacueeID;195;Triage Status;G;EvacueeID;196;Triage Status;G;EvacueeID;197;Triage Status;G;EvacueeID;198;Triage Status;G;EvacueeID;199;Triage Status;G;EvacueeID;208;Triage Status;G;EvacueeID;215;Triage Status;G;EvacueeID;216;Triage Status;G;EvacueeID;219;Triage Status;G;EvacueeID;221;Triage Status;G;EvacueeID;222;Triage Status;G;EvacueeID;223;Triage Status;G;EvacueeID;224;Triage Status;G;EvacueeID;228;Triage Status;G;Lives Saved;70
4065,1153,helicopter,,Helicopter;1;Is going to the evacuation site;;and has;0;spots taken
4068.91,3,evacueeManager,,OFF SHIP: White;0;Green;57;Yellow;14;Red;7;Black;352;ON SHIP: White;0;Green;0;Yellow;0;Red;0;Evacuees to Transfer;
4068.91,1345,evacuee,outES,Evacuee 249 in triage category G is not assigned a helicopter
4068.91,1345,evacuee,,Evacuee;249;in triage state;Y;is at the evacuation site
4096.6,3,evacueeManager,,OFF SHIP: White;0;Green;57;Yellow;14;Red;6;Black;353;ON SHIP: White;0;Green;0;Yellow;0;Red;0;Evacuees to Transfer;
4096.6,215,evacuee,outES,Evacuee 372 in triage category R is not assigned a helicopter
4096.6,215,evacuee,,Evacuee;372;in triage state;B;is at the evacuation site
4108.24,3,evacueeManager,,OFF SHIP: White;0;Green;57;Yellow;13;Red;7;Black;353;ON SHIP: White;0;Green;0;Yellow;0;Red;0;Evacuees to Transfer;
4108.24,1345,evacuee,outES,Evacuee 249 in triage category Y is not assigned a helicopter
4108.24,1345,evacuee,,Evacuee;249;in triage state;R;is at the evacuation site
4110.99,3,evacueeManager,,OFF SHIP: White;0;Green;56;Yellow;14;Red;7;Black;353;ON SHIP: White;0;Green;0;Yellow;0;Red;0;Evacuees to Transfer;
4110.99,426,evacuee,outES,Evacuee 337 in triage category G is not assigned a helicopter
4110.99,426,evacuee,,Evacuee;337;in triage state;Y;is at the evacuation site
4112.9,3,evacueeManager,,OFF SHIP: White;0;Green;56;Yellow;14;Red;6;Black;354;ON SHIP: White;0;Green;0;Yellow;0;Red;0;Evacuees to Transfer;
4112.9,351,evacuee,outES,Evacuee 295 in triage category R is not assigned a helicopter
4112.9,351,evacuee,,Evacuee;295;in triage state;B;is at the evacuation site
4117.18,3,evacueeManager,,OFF SHIP: White;0;Green;55;Yellow;15;Red;6;Black;354;ON SHIP: White;0;Green;0;Yellow;0;Red;0;Evacuees to Transfer;
4117.18,86,evacuee,outES,Evacuee 445 in triage category G is not assigned a helicopter
4117.18,86,evacuee,,Evacuee;445;in triage state;Y;is at the evacuation site
4128.46,3,evacueeManager,,OFF SHIP: White;0;Green;55;Yellow;14;Red;7;Black;354;ON SHIP: White;0;Green;0;Yellow;0;Red;0;Evacuees to Transfer;
4128.46,1462,evacuee,outES,Evacuee 7 in triage category Y is not assigned a helicopter
4128.46,1462,evacuee,,Evacuee;7;in triage state;R;is at the evacuation site
4129.06,3,evacueeManager,,OFF SHIP: White;0;Green;55;Yellow;14;Red;6;Black;355;ON SHIP: White;0;Green;0;Yellow;0;Red;0;Evacuees to Transfer;
4129.06,1462,evacuee,outES,Evacuee 7 in triage category R is not assigned a helicopter
4129.06,1462,evacuee,,Evacuee;7;in triage state;B;is at the evacuation site
4132.37,3,evacueeManager,,OFF SHIP: White;0;Green;55;Yellow;14;Red;5;Black;356;ON SHIP: White;0;Green;0;Yellow;0;Red;0;Evacuees to Transfer;
4132.37,420,evacuee,outES,Evacuee 274 in triage category R is not assigned a helicopter
4132.37,420,evacuee,,Evacuee;274;in triage state;B;is at the evacuation site
4140,5,helicopterQueue,,1;Helos are waiting to land;HeloID;1
4140,1153,helicopter,outES,Helicopter 1 is evacuating people1
4140,1153,helicopter,,Helicopter;1;is waiting to land at the evacuation site;;and has;0;spots taken
4140,4,helipadManager,,;No helos are at ES
4140,5,helicopterQueue,outHM,Helicopter 1 is evacuating people1
4140,5,helicopterQueue,outHelo,Helicopter 1 is evacuating people1
4140,5,helicopterQueue,,;No helos are waiting to land
4140,1152,filterES,,Helicopter;1;is evacuating people
4140,3,evacueeManager,,OFF SHIP: White;0;Green;45;Yellow;14;Red;5;Black;356;ON SHIP: White;0;Green;0;Yellow;0;Red;0;Evacuees to Transfer;;EvacueeID;229;HeloID;1;OnShip;0;Triage Status;G;EvacueeID;230;HeloID;1;OnShip;0;Triage Status;G;EvacueeID;231;HeloID;1;OnShip;0;Triage Status;G;EvacueeID;240;HeloID;1;OnShip;0;Triage Status;G;EvacueeID;248;HeloID;1;OnShip;0;Triage Status;G;EvacueeID;254;HeloID;1;OnShip;0;Triage Status;G;EvacueeID;256;HeloID;1;OnShip;0;Triage Status;G;EvacueeID;257;HeloID;1;OnShip;0;Triage Status;G;EvacueeID;262;HeloID;1;OnShip;0;Triage Status;G;EvacueeID;264;HeloID;1;OnShip;0;Triage Status;G
4140,4,helipadManager,outEM,Helicopter 1 is evacuating people1
4140,4,helipadManager,,Helo;1;is at the ES
4140,1152,filterES,out,Helicopter 1 is evacuating people1
4140,1152,filterES,,
4140,1153,helicopter,,Helicopter;1;is waiting to land at the evacuation site;;and has;0;spots taken
4140,3,evacueeManager,outEvac,Evacuee 229 in triage category G is assigned helicopter 1
4140,3,evacueeManager,outEvac,Evacuee 230 in triage category G is assigned helicopter 1
4140,3,evacueeManager,outEvac,Evacuee 231 in triage category G is assigned helicopter 1
4140,3,evacueeManager,outEvac,Evacuee 240 in triage category G is assigned helicopter 1
4140,3,evacueeManager,outEvac,Evacuee 248 in triage category G is assigned helicopter 1
4140,3,evacueeManager,outEvac,Evacuee 254 in triage category G is assigned helicopter 1
4140,3,evacueeManager,outEvac,Evacuee 256 in triage category G is assigned helicopter 1
4140,3,evacueeManager,outEvac,Evacuee 257 in triage category G is assigned helicopter 1
4140,3,evacueeManager,outEvac,Evacuee 262 in triage category G is assigned helicopter 1
4140,3,evacueeManager,outEvac,Evacuee 264 in triage category G is assigned helicopter 1
4140,3,evacueeManager,,OFF SHIP: White;0;Green;45;Yellow;14;Red;5;Black;356;ON SHIP: White;0;Green;0;Yellow;0;Red;0;Evacuees to Transfer;
4140,7,filterLoc,,
4140,10,filterLoc,,
4140,13,filterLoc,,
4140,16,filterLoc,,
4140,19,filterLoc,,
4140,22,filterLoc,,
4140,25,filterLoc,,
4140,28,filterLoc,,
4140,31,filterLoc,,
4140,34,filterLoc,,
4140,37,filterLoc,,
4140,40,filterLoc,,
4140,43,filterLoc,,
4140,46,filterLoc,,
4140,49,filterLoc,,
4140,52,filterLoc,,
4140,55,filterLoc,,
4140,58,filterLoc,,
4140,61,filterLoc,,
4140,64,filterLoc,,
4140,67,filterLoc,,
4140,70,filterLoc,,
4140,73,filterLoc,,
4140,76,filterLoc,,
4140,79,filterLoc,,
4140,82,filterLoc,,
4140,85,filterLoc,,
4140,88,filterLoc,,
4140,91,filterLoc,,
4140,94,filterLoc,,
4140,97,filterLoc,,
4140,100,filterLoc,,
4140,103,filterLoc,,
4140,106,filterLoc,,
4140,109,filterLoc,,
4140,112,filterLoc,,
4140,115,filterLoc,,
4140,118,filterLoc,,
4140,121,filterLoc,,
4140,124,filterLoc,,
4140,127,filterLoc,,
4140,130,filterLoc,,
4140,133,filterLoc,,
4140,136,filterLoc,,
4140,139,filterLoc,,
4140,142,filterLoc,,
4140,145,filterLoc,,
4140,148,filterLoc,,
4140,151,filterLoc,,
4140,154,filterLoc,,
4140,157,filterLoc,,
4140,160,filterLoc,,
4140,163,filterLoc,,
4140,166,filterLoc,,
4140,169,filterLoc,,
4140,172,filterLoc,,
4140,175,filterLoc,,
4140,178,filterLoc,,
4140,181,filterLoc,,
4140,184,filterLoc,,
4140,187,filterLoc,,
4140,190,filterLoc,,
4140,193,filterLoc,,
4140,196,filterLoc,,
4140,199,filterLoc,,
4140,202,filterLoc,,
4140,205,filterLoc,,
4140,208,filterLoc,,
4140,211,filterLoc,,
4140,214,filterLoc,,
4140,217,filterLoc,,
4140,221,filterLoc,,
4140,224,filterLoc,,
4140,227,filterLoc,,
4140,230,filterLoc,,
4140,233,filterLoc,,
4140,236,filterLoc,,
4140,239,filterLoc,,
4140,242,filterLoc,,
4140,245,filterLoc,,
4140,248,filterLoc,,
4140,251,filterLoc,,
4140,254,filterLoc,,
4140,257,filterLoc,,
4140,260,filterLoc,,
4140,263,filterLoc,,
4140,266,filterLoc,,
4140,269,filterLoc,,
4140,272,filterLoc,,
4140,275,filterLoc,,
4140,278,filterLoc,,
4140,281,filterLoc,,
4140,284,filterLoc,,
4140,287,filterLoc,,
4140,290,filterLoc,,
4140,293,filterLoc,,
4140,296,filterLoc,,
4140,299,filterLoc,,
4140,302,filterLoc,,
4140,305,filterLoc,,
4140,308,filterLoc,,
4140,311,filterLoc,,
4140,314,filterLoc,,
4140,317,filterLoc,,
4140,320,filterLoc,,
4140,323,filterLoc,,
4140,326,filterLoc,,
4140,329,filterLoc,,
4140,332,filterLoc,,
4140,335,filterLoc,,
4140,338,filterLoc,,
4140,341,filterLoc,,
4140,344,filterLoc,,
4140,347,filterLoc,,
4140,350,filterLoc,,
4140,353,filterLoc,,
4140,356,filterLoc,,
4140,359,filterLoc,,
4140,362,filterLoc,,
4140,365,filterLoc,,
4140,368,filterLoc,,
4140,371,filterLoc,,
4140,374,filterLoc,,
4140,377,filterLoc,,
4140,380,filterLoc,,
4140,383,filterLoc,,
4140,386,filterLoc,,
4140,389,filterLoc,,
4140,392,filterLoc,,
4140,395,filterLoc,,
4140,398,filterLoc,,
4140,401,filterLoc,,
4140,404,filterLoc,,
4140,407,filterLoc,,
4140,410,filterLoc,,
4140,413,filterLoc,,
4140,416,filterLoc,,
4140,419,filterLoc,,
4140,422,filterLoc,,
4140,425,filterLoc,,
4140,428,filterLoc,,
4140,431,filterLoc,,
4140,434,filterLoc,,
4140,437,filterLoc,,;Evacuee;264;in triage category;G;is entering helicopter;1
4140,440,filterLoc,,;Evacuee;262;in triage category;G;is entering helicopter;1
4140,443,filterLoc,,
4140,446,filterLoc,,
4140,449,filterLoc,,
4140,452,filterLoc,,
4140,455,filterLoc,,
4140,458,filterLoc,,
4140,461,filterLoc,,
4140,464,filterLoc,,
4140,467,filterLoc,,
4140,470,filterLoc,,
4140,473,filterLoc,,
4140,476,filterLoc,,
4140,479,filterLoc,,
4140,482,filterLoc,,
4140,485,filterLoc,,
4140,488,filterLoc,,
4140,491,filterLoc,,
4140,494,filterLoc,,
4140,497,filterLoc,,
4140,500,filterLoc,,
4140,503,filterLoc,,
4140,506,filterLoc,,
4140,509,filterLoc,,
4140,512,filterLoc,,
4140,515,filterLoc,,
4140,518,filterLoc,,
4140,521,filterLoc,,
4140,524,filterLoc,,
4140,527,filterLoc,,
4140,530,filterLoc,,
4140,533,filterLoc,,
4140,536,filterLoc,,
4140,539,filterLoc,,
4140,542,filterLoc,,
4140,545,filterLoc,,
4140,548,filterLoc,,
4140,551,filterLoc,,
4140,554,filterLoc,,
4140,557,filterLoc,,
4140,560,filterLoc,,
4140,563,filterLoc,,
4140,566,filterLoc,,
4140,569,filterLoc,,
4140,572,filterLoc,,
4140,575,filterLoc,,
4140,578,filterLoc,,
4140,581,filterLoc,,
4140,584,filterLoc,,
4140,587,filterLoc,,
4140,590,filterLoc,,
4140,593,filterLoc,,
4140,596,filterLoc,,
4140,599,filterLoc,,
4140,602,filterLoc,,
4140,605,filterLoc,,
4140,608,filterLoc,,
4140,611,filterLoc,,
4140,614,filterLoc,,
4140,617,filterLoc,,
4140,620,filterLoc,,
4140,623,filterLoc,,
4140,626,filterLoc,,
4140,629,filterLoc,,
4140,632,filterLoc,,
4140,635,filterLoc,,
4140,638,filterLoc,,
4140,641,filterLoc,,
4140,644,filterLoc,,
4140,647,filterLoc,,
4140,650,filterLoc,,
4140,653,filterLoc,,
4140,656,filterLoc,,
4140,659,filterLoc,,
4140,662,filterLoc,,
4140,665,filterLoc,,
4140,668,filterLoc,,
4140,671,filterLoc,,
4140,674,filterLoc,,
4140,677,filterLoc,,
4140,680,filterLoc,,
4140,683,filterLoc,,
4140,686,filterLoc,,
4140,689,filterLoc,,
4140,692,filterLoc,,
4140,695,filterLoc,,
4140,698,filterLoc,,
4140,701,filterLoc,,
4140,704,filterLoc,,
4140,707,filterLoc,,
4140,710,filterLoc,,
4140,713,filterLoc,,
4140,716,filterLoc,,
4140,719,filterLoc,,
4140,722,filterLoc,,
4140,725,filterLoc,,
4140,728,filterLoc,,
4140,731,filterLoc,,
4140,734,filterLoc,,
4140,737,filterLoc,,
4140,740,filterLoc,,
4140,743,filterLoc,,
4140,746,filterLoc,,
4140,749,filterLoc,,
4140,752,filterLoc,,
4140,755,filterLoc,,
4140,758,filterLoc,,
4140,761,filterLoc,,
4140,764,filterLoc,,
4140,767,filterLoc,,
4140,770,filterLoc,,
4140,773,filterLoc,,;Evacuee;229;in triage category;G;is entering helicopter;1
4140,776,filterLoc,,
4140,779,filterLoc,,
4140,782,filterLoc,,
4140,785,filterLoc,,
4140,788,filterLoc,,
4140,791,filterLoc,,
4140,794,filterLoc,,
4140,797,filterLoc,,
4140,800,filterLoc,,
4140,803,filterLoc,,
4140,806,filterLoc,,
4140,809,filterLoc,,
4140,812,filterLoc,,
4140,815,filterLoc,,
4140,818,filterLoc,,
4140,821,filterLoc,,
4140,824,filterLoc,,
4140,827,filterLoc,,
4140,830,filterLoc,,
4140,833,filterLoc,,
4140,836,filterLoc,,
4140,839,filterLoc,,
4140,842,filterLoc,,
4140,845,filterLoc,,;Evacuee;240;in triage category;G;is entering helicopter;1
4140,848,filterLoc,,
4140,851,filterLoc,,
4140,854,filterLoc,,
4140,857,filterLoc,,;Evacuee;256;in triage category;G;is entering helicopter;1
4140,860,filterLoc,,
4140,863,filterLoc,,
4140,866,filterLoc,,
4140,869,filterLoc,,
4140,872,filterLoc,,
4140,875,filterLoc,,
4140,878,filterLoc,,
4140,881,filterLoc,,
4140,884,filterLoc,,
4140,887,filterLoc,,
4140,890,filterLoc,,
4140,893,filterLoc,,
4140,896,filterLoc,,
4140,899,filterLoc,,
4140,902,filterLoc,,
4140,905,filterLoc,,
4140,908,filterLoc,,
4140,911,filterLoc,,
4140,914,filterLoc,,
4140,917,filterLoc,,
4140,920,filterLoc,,
4140,923,filterLoc,,
4140,926,filterLoc,,
4140,929,filterLoc,,
4140,932,filterLoc,,
4140,935,filterLoc,,
4140,938,filterLoc,,
4140,941,filterLoc,,
4140,944,filterLoc,,
4140,947,filterLoc,,
4140,950,filterLoc,,
4140,953,filterLoc,,
4140,956,filterLoc,,
4140,959,filterLoc,,
4140,962,filterLoc,,
4140,965,filterLoc,,
4140,968,filterLoc,,
4140,971,filterLoc,,
4140,974,filterLoc,,
4140,977,filterLoc,,
4140,980,filterLoc,,
4140,983,filterLoc,,
4140,986,filterLoc,,
4140,989,filterLoc,,
4140,992,filterLoc,,
4140,995,filterLoc,,
4140,998,filterLoc,,
4140,1001,filterLoc,,
4140,1004,filterLoc,,
4140,1007,filterLoc,,
4140,1010,filterLoc,,
4140,1013,filterLoc,,
4140,1016,filterLoc,,
4140,1019,filterLoc,,
4140,1022,filterLoc,,
4140,1025,filterLoc,,
4140,1028,filterLoc,,
4140,1031,filterLoc,,
4140,1034,filterLoc,,
4140,1037,filterLoc,,
4140,1040,filterLoc,,
4140,1043,filterLoc,,
4140,1046,filterLoc,,
4140,1049,filterLoc,,
4140,1052,filterLoc,,
4140,1055,filterLoc,,
4140,1058,filterLoc,,
4140,1061,filterLoc,,
4140,1064,filterLoc,,
4140,1067,filterLoc,,
4140,1070,filterLoc,,
4140,1073,filterLoc,,
4140,1076,filterLoc,,
4140,1079,filterLoc,,
4140,1082,filterLoc,,
4140,1085,filterLoc,,
4140,1088,filterLoc,,
4140,1091,filterLoc,,
4140,1094,filterLoc,,
4140,1097,filterLoc,,
4140,1100,filterLoc,,
4140,1103,filterLoc,,
4140,1106,filterLoc,,
4140,1109,filterLoc,,
4140,1112,filterLoc,,
4140,1115,filterLoc,,
4140,1118,filterLoc,,
4140,1121,filterLoc,,
4140,1124,filterLoc,,
4140,1127,filterLoc,,
4140,1130,filterLoc,,
4140,1133,filterLoc,,
4140,1136,filterLoc,,
4140,1139,filterLoc,,
4140,1142,filterLoc,,;Evacuee;231;in triage category;G;is entering helicopter;1
4140,1145,filterLoc,,
4140,1148,filterLoc,,
4140,1153,helicopter,,Helicopter;1;is loading people at the evacuation site;;and has;0;spots taken
4140,1155,filterLoc,,
4140,1158,filterLoc,,
4140,1161,filterLoc,,
4140,1164,filterLoc,,
4140,1167,filterLoc,,
4140,1170,filterLoc,,
4140,1173,filterLoc,,
4140,1176,filterLoc,,
4140,1179,filterLoc,,
4140,1182,filterLoc,,
4140,1185,filterLoc,,
4140,1188,filterLoc,,
4140,1191,filterLoc,,
4140,1194,filterLoc,,
4140,1197,filterLoc,,
4140,1200,filterLoc,,
4140,1203,filterLoc,,
4140,1206,filterLoc,,
4140,1209,filterLoc,,
4140,1212,filterLoc,,
4140,1215,filterLoc,,
4140,1218,filterLoc,,
4140,1221,filterLoc,,
4140,1224,filterLoc,,
4140,1227,filterLoc,,
4140,1230,filterLoc,,
4140,1233,filterLoc,,
4140,1236,filterLoc,,
4140,1239,filterLoc,,
4140,1242,filterLoc,,
4140,1245,filterLoc,,
4140,1248,filterLoc,,
4140,1251,filterLoc,,
4140,1254,filterLoc,,
4140,1257,filterLoc,,
4140,1260,filterLoc,,
4140,1263,filterLoc,,
4140,1266,filterLoc,,
4140,1269,filterLoc,,
4140,1272,filterLoc,,
4140,1275,filterLoc,,
4140,1278,filterLoc,,
4140,1281,filterLoc,,
4140,1284,filterLoc,,;Evacuee;230;in triage category;G;is entering helicopter;1
4140,1287,filterLoc,,
4140,1290,filterLoc,,
4140,1293,filterLoc,,
4140,1296,filterLoc,,
4140,1299,filterLoc,,
4140,1302,filterLoc,,
4140,1305,filterLoc,,
4140,1308,filterLoc,,
4140,1311,filterLoc,,
4140,1314,filterLoc,,
4140,1317,filterLoc,,
4140,1320,filterLoc,,
4140,1323,filterLoc,,
4140,1326,filterLoc,,
4140,1329,filterLoc,,
4140,1332,filterLoc,,
4140,1335,filterLoc,,
4140,1338,filterLoc,,
4140,1341,filterLoc,,
4140,1344,filterLoc,,
4140,1347,filterLoc,,
4140,1350,filterLoc,,
4140,1353,filterLoc,,
4140,1356,filterLoc,,
4140,1359,filterLoc,,
4140,1362,filterLoc,,
4140,1365,filterLoc,,
4140,1368,filterLoc,,
4140,1371,filterLoc,,
4140,1374,filterLoc,,
4140,1377,filterLoc,,
4140,1380,filterLoc,,
4140,1383,filterLoc,,
4140,1386,filterLoc,,
4140,1389,filterLoc,,
4140,1392,filterLoc,,
4140,1395,filterLoc,,
4140,1398,filterLoc,,
4140,1401,filterLoc,,
4140,1404,filterLoc,,
4140,1407,filterLoc,,
4140,1410,filterLoc,,
4140,1413,filterLoc,,
4140,1416,filterLoc,,
4140,1419,filterLoc,,
4140,1422,filterLoc,,
4140,1425,filterLoc,,
4140,1428,filterLoc,,
4140,1431,filterLoc,,
4140,1434,filterLoc,,
4140,1437,filterLoc,,
4140,1440,filterLoc,,
4140,1443,filterLoc,,
4140,1446,filterLoc,,
4140,1449,filterLoc,,
4140,1452,filterLoc,,
4140,1455,filterLoc,,
4140,1458,filterLoc,,
4140,1461,filterLoc,,
4140,1464,filterLoc,,
4140,1467,filterLoc,,
4140,1470,filterLoc,,
4140,1473,filterLoc,,
4140,1476,filterLoc,,
4140,1479,filterLoc,,
4140,1482,filterLoc,,
4140,1485,filterLoc,,
4140,1488,filterLoc,,
4140,1491,filterLoc,,;Evacuee;248;in triage category;G;is entering helicopter;1
4140,1494,filterLoc,,
4140,1497,filterLoc,,
4140,1500,filterLoc,,;Evacuee;254;in triage category;G;is entering helicopter;1
4140,1503,filterLoc,,;Evacuee;257;in triage category;G;is entering helicopter;1
4140,1506,filterLoc,,
4140,1509,filterLoc,,
4140,437,filterLoc,out,Evacuee 264 in triage category G is assigned helicopter 1
4140,437,filterLoc,,
4140,438,evacuee,,Evacuee;264;in triage state;G;is entering helicopter;1
4140,440,filterLoc,out,Evacuee 262 in triage category G is assigned helicopter 1
4140,440,filterLoc,,
4140,441,evacuee,,Evacuee;262;in triage state;G;is entering helicopter;1
4140,773,filterLoc,out,Evacuee 229 in triage category G is assigned helicopter 1
4140,773,filterLoc,,
4140,774,evacuee,,Evacuee;229;in triage state;G;is entering helicopter;1
4140,845,filterLoc,out,Evacuee 240 in triage category G is assigned helicopter 1
4140,845,filterLoc,,
4140,846,evacuee,,Evacuee;240;in triage state;G;is entering helicopter;1
4140,857,filterLoc,out,Evacuee 256 in triage category G is assigned helicopter 1
4140,857,filterLoc,,
4140,858,evacuee,,Evacuee;256;in triage state;G;is entering helicopter;1
4140,1142,filterLoc,out,Evacuee 231 in triage category G is assigned helicopter 1
4140,1142,filterLoc,,
4140,1143,evacuee,,Evacuee;231;in triage state;G;is entering helicopter;1
4140,1284,filterLoc,out,Evacuee 230 in triage category G is assigned helicopter 1
4140,1284,filterLoc,,
4140,1285,evacuee,,Evacuee;230;in triage state;G;is entering helicopter;1
4140,1491,filterLoc,out,Evacuee 248 in triage category G is assigned helicopter 1
4140,1491,filterLoc,,
4140,1492,evacuee,,Evacuee;248;in triage state;G;is entering helicopter;1
4140,1500,filterLoc,out,Evacuee 254 in triage category G is assigned helicopter 1
4140,1500,filterLoc,,
4140,1501,evacuee,,Evacuee;254;in triage state;G;is entering helicopter;1
4140,1503,filterLoc,out,Evacuee 257 in triage category G is assigned helicopter 1
4140,1503,filterLoc,,
4140,1504,evacuee,,Evacuee;257;in triage state;G;is entering helicopter;1
4140,438,evacuee,outHelo,Evacuee 264 in triage category G is assigned helicopter 1
4140,438,evacuee,,Evacuee;264;in triage state;G;is in helicopter;1
4140,441,evacuee,outHelo,Evacuee 262 in triage category G is assigned helicopter 1
4140,441,evacuee,,Evacuee;262;in triage state;G;is in helicopter;1
4140,774,evacuee,outHelo,Evacuee 229 in triage category G is assigned helicopter 1
4140,774,evacuee,,Evacuee;229;in triage state;G;is in helicopter;1
4140,846,evacuee,outHelo,Evacuee 240 in triage category G is assigned helicopter 1
4140,846,evacuee,,Evacuee;240;in triage state;G;is in helicopter;1
4140,858,evacuee,outHelo,Evacuee 256 in triage category G is assigned helicopter 1
4140,858,evacuee,,Evacuee;256;in triage state;G;is in helicopter;1
4140,1143,evacuee,outHelo,Evacuee 231 in triage category G is assigned helicopter 1
4140,1143,evacuee,,Evacuee;231;in triage state;G;is in helicopter;1
4140,1151,filterEvac,,;Evacuee;229;in triage category;G;is entering helicopter;1;Evacuee;230;in triage category;G;is entering helicopter;1;Evacuee;231;in triage category;G;is entering helicopter;1;Evacuee;240;in triage category;G;is entering helicopter;1;Evacuee;248;in triage category;G;is entering helicopter;1;Evacuee;254;in triage category;G;is entering helicopter;1;Evacuee;256;in triage category;G;is entering helicopter;1;Evacuee;257;in triage category;G;is entering helicopter;1;Evacuee;262;in triage category;G;is entering helicopter;1;Evacuee;264;in triage category;G;is entering helicopter;1
4140,1285,evacuee,outHelo,Evacuee 230 in triage category G is assigned helicopter 1
4140,1285,evacuee,,Evacuee;230;in triage state;G;is in helicopter;1
4140,1492,evacuee,outHelo,Evacuee 248 in triage category G is assigned helicopter 1
4140,1492,evacuee,,Evacuee;248;in triage state;G;is in helicopter;1
4140,1501,evacuee,outHelo,Evacuee 254 in triage category G is assigned helicopter 1
4140,1501,evacuee,,Evacuee;254;in triage state;G;is in helicopter;1
4140,1504,evacuee,outHelo,Evacuee 257 in triage category G is assigned helicopter 1
4140,1504,evacuee,,Evacuee;257;in triage state;G;is in helicopter;1
4140,1151,filterEvac,out,Evacuee 229 in triage category G is assigned helicopter 1
4140,1151,filterEvac,out,Evacuee 230 in triage category G is assigned helicopter 1
4140,1151,filterEvac,out,Evacuee 231 in triage category G is assigned helicopter 1
4140,1151,filterEvac,out,Evacuee 240 in triage category G is assigned helicopter 1
4140,1151,filterEvac,out,Evacuee 248 in triage category G is assigned helicopter 1
4140,1151,filterEvac,out,Evacuee 254 in triage category G is assigned helicopter 1
4140,1151,filterEvac,out,Evacuee 256 in triage category G is assigned helicopter 1
4140,1151,filterEvac,out,Evacuee 257 in triage category G is assigned helicopter 1
4140,1151,filterEvac,out,Evacuee 262 in triage category G is assigned helicopter 1
4140,1151,filterEvac,out,Evacuee 264 in triage category G is assigned helicopter 1
4140,1151,filterEvac,,
4140,1153,helicopter,,Helicopter;1;is loading people at the evacuation site;;and has;10;spots taken
4143.85,3,evacueeManager,,OFF SHIP: White;0;Green;45;Yellow;14;Red;4;Black;357;ON SHIP: White;0;Green;0;Yellow;0;Red;0;Evacuees to Transfer;
4143.85,209,evacuee,outES,Evacuee 375 in triage category R is not assigned a helicopter
4143.85,209,evacuee,,Evacuee;375;in triage state;B;is at the evacuation site
4155,4,helipadManager,outHelo,Helicopter 1 is evacuating people1
4155,4,helipadManager,,;No helos are at ES
4155,1152,filterES,,Helicopter;1;is evacuating people
4155,4,helipadManager,outHQ,0
4155,4,helipadManager,,;No helos are at ES
4155,5,helicopterQueue,,;No helos are waiting to land
4155,1152,filterES,out,Helicopter 1 is evacuating people1
4155,1152,filterES,,
4155,1153,helicopter,,Helicopter;1;is loading people at the evacuation site;;and has;10;spots taken
4155,5,helicopterQueue,,;No helos are waiting to land
4155,1153,helicopter,,Helicopter;1;is returning to the FOL;;and has;10;spots taken
4157.65,3,evacueeManager,,OFF SHIP: White;0;Green;44;Yellow;15;Red;4;Black;357;ON SHIP: White;0;Green;0;Yellow;0;Red;0;Evacuees to Transfer;
4157.65,158,evacuee,outES,Evacuee 452 in triage category G is not assigned a helicopter
4157.65,158,evacuee,,Evacuee;452;in triage state;Y;is at the evacuation site
4164.82,3,evacueeManager,,OFF SHIP: White;0;Green;44;Yellow;15;Red;3;Black;358;ON SHIP: White;0;Green;0;Yellow;0;Red;0;Evacuees to Transfer;
4164.82,291,evacuee,outES,Evacuee 410 in triage category R is not assigned a helicopter
4164.82,291,evacuee,,Evacuee;410;in triage state;B;is at the evacuation site
4176.54,3,evacueeManager,,OFF SHIP: White;0;Green;44;Yellow;15;Red;2;Black;359;ON SHIP: White;0;Green;0;Yellow;0;Red;0;Evacuees to Transfer;
4176.54,218,evacuee,outES,Evacuee 371 in triage category R is not assigned a helicopter
4176.54,218,evacuee,,Evacuee;371;in triage state;B;is at the evacuation site
4185.97,3,evacueeManager,,OFF SHIP: White;0;Green;43;Yellow;16;Red;2;Black;359;ON SHIP: White;0;Green;0;Yellow;0;Red;0;Evacuees to Transfer;
4185.97,915,evacuee,outES,Evacuee 286 in triage category G is not assigned a helicopter
4185.97,915,evacuee,,Evacuee;286;in triage state;Y;is at the evacuation site
4199.25,3,evacueeManager,,OFF SHIP: White;0;Green;43;Yellow;15;Red;3;Black;359;ON SHIP: White;0;Green;0;Yellow;0;Red;0;Evacuees to Transfer;
4199.25,426,evacuee,outES,Evacuee 337 in triage category Y is not assigned a helicopter
4199.25,426,evacuee,,Evacuee;337;in triage state;R;is at the evacuation site
4200.78,3,evacueeManager,,OFF SHIP: White;0;Green;43;Yellow;15;Red;2;Black;360;ON SHIP: White;0;Green;0;Yellow;0;Red;0;Evacuees to Transfer;
4200.78,426,evacuee,outES,Evacuee 337 in triage category R is not assigned a helicopter
4200.78,426,evacuee,,Evacuee;337;in triage state;B;is at the evacuation site
4200.93,3,evacueeManager,,OFF SHIP: White;0;Green;43;Yellow;14;Red;3;Black;360;ON SHIP: White;0;Green;0;Yellow;0;Red;0;Evacuees to Transfer;
4200.93,1342,evacuee,outES,Evacuee 314 in triage category Y is not assigned a helicopter
4200.93,1342,evacuee,,Evacuee;314;in triage state;R;is at the evacuation site
4208.22,3,evacueeManager,,OFF SHIP: White;0;Green;43;Yellow;14;Red;2;Black;361;ON SHIP: White;0;Green;0;Yellow;0;Red;0;Evacuees to Transfer;
4208.22,1345,evacuee,outES,Evacuee 249 in triage category R is not assigned a helicopter
4208.22,1345,evacuee,,Evacuee;249;in triage state;B;is at the evacuation site
4214.09,3,evacueeManager,,OFF SHIP: White;0;Green;43;Yellow;14;Red;1;Black;362;ON SHIP: White;0;Green;0;Yellow;0;Red;0;Evacuees to Transfer;
4214.09,552,evacuee,outES,Evacuee 424 in triage category R is not assigned a helicopter
4214.09,552,evacuee,,Evacuee;424;in triage state;B;is at the evacuation site
4223.01,3,evacueeManager,,OFF SHIP: White;0;Green;43;Yellow;13;Red;2;Black;362;ON SHIP: White;0;Green;0;Yellow;0;Red;0;Evacuees to Transfer;
4223.01,155,evacuee,outES,Evacuee 397 in triage category Y is not assigned a helicopter
4223.01,155,evacuee,,Evacuee;397;in triage state;R;is at the evacuation site
4230,7,filterLoc,,
4230,10,filterLoc,,
4230,13,filterLoc,,
4230,16,filterLoc,,
4230,19,filterLoc,,
4230,22,filterLoc,,
4230,25,filterLoc,,
4230,28,filterLoc,,
4230,31,filterLoc,,
4230,34,filterLoc,,
4230,37,filterLoc,,
4230,40,filterLoc,,
4230,43,filterLoc,,
4230,46,filterLoc,,
4230,49,filterLoc,,
4230,52,filterLoc,,
4230,55,filterLoc,,
4230,58,filterLoc,,
4230,61,filterLoc,,
4230,64,filterLoc,,
4230,67,filterLoc,,
4230,70,filterLoc,,
4230,73,filterLoc,,
4230,76,filterLoc,,
4230,79,filterLoc,,
4230,82,filterLoc,,
4230,85,filterLoc,,
4230,88,filterLoc,,
4230,91,filterLoc,,
4230,94,filterLoc,,
4230,97,filterLoc,,
4230,100,filterLoc,,
4230,103,filterLoc,,
4230,106,filterLoc,,
4230,109,filterLoc,,
4230,112,filterLoc,,
4230,115,filterLoc,,
4230,118,filterLoc,,
4230,121,filterLoc,,
4230,124,filterLoc,,
4230,127,filterLoc,,
4230,130,filterLoc,,
4230,133,filterLoc,,
4230,136,filterLoc,,
4230,139,filterLoc,,
4230,142,filterLoc,,
4230,145,filterLoc,,
4230,148,filterLoc,,
4230,151,filterLoc,,
4230,154,filterLoc,,
4230,157,filterLoc,,
4230,160,filterLoc,,
4230,163,filterLoc,,
4230,166,filterLoc,,
4230,169,filterLoc,,
4230,172,filterLoc,,
4230,175,filterLoc,,
4230,178,filterLoc,,
4230,181,filterLoc,,
4230,184,filterLoc,,
4230,187,filterLoc,,
4230,190,filterLoc,,
4230,193,filterLoc,,
4230,196,filterLoc,,
4230,199,filterLoc,,
4230,202,filterLoc,,
4230,205,filterLoc,,
4230,208,filterLoc,,
4230,211,filterLoc,,
4230,214,filterLoc,,
4230,217,filterLoc,,
4230,221,filterLoc,,
4230,224,filterLoc,,
4230,227,filterLoc,,
4230,230,filterLoc,,
4230,233,filterLoc,,
4230,236,filterLoc,,
4230,239,filterLoc,,
4230,242,filterLoc,,
4230,245,filterLoc,,
4230,248,filterLoc,,
4230,251,filterLoc,,
4230,254,filterLoc,,
4230,257,filterLoc,,
4230,260,filterLoc,,
4230,263,filterLoc,,
4230,266,filterLoc,,
4230,269,filterLoc,,
4230,272,filterLoc,,
4230,275,filterLoc,,
4230,278,filterLoc,,
4230,281,filterLoc,,
4230,284,filterLoc,,
4230,287,filterLoc,,
4230,290,filterLoc,,
4230,293,filterLoc,,
4230,296,filterLoc,,
4230,299,filterLoc,,
4230,302,filterLoc,,
4230,305,filterLoc,,
4230,308,filterLoc,,
4230,311,filterLoc,,
4230,314,filterLoc,,
4230,317,filterLoc,,
4230,320,filterLoc,,
4230,323,filterLoc,,
4230,326,filterLoc,,
4230,329,filterLoc,,
4230,332,filterLoc,,
4230,335,filterLoc,,
4230,338,filterLoc,,
4230,341,filterLoc,,
4230,344,filterLoc,,
4230,347,filterLoc,,
4230,350,filterLoc,,
4230,353,filterLoc,,
4230,356,filterLoc,,
4230,359,filterLoc,,
4230,362,filterLoc,,
4230,365,filterLoc,,
4230,368,filterLoc,,
4230,371,filterLoc,,
4230,374,filterLoc,,
4230,377,filterLoc,,
4230,380,filterLoc,,
4230,383,filterLoc,,
4230,386,filterLoc,,
4230,389,filterLoc,,
4230,392,filterLoc,,
4230,395,filterLoc,,
4230,398,filterLoc,,
4230,401,filterLoc,,
4230,404,filterLoc,,
4230,407,filterLoc,,
4230,410,filterLoc,,
4230,413,filterLoc,,
4230,416,filterLoc,,
4230,419,filterLoc,,
4230,422,filterLoc,,
4230,425,filterLoc,,
4230,428,filterLoc,,
4230,431,filterLoc,,
4230,434,filterLoc,,
4230,437,filterLoc,,;Evacuee;264;in triage category;G;is leaving helicopter;1
4230,440,filterLoc,,;Evacuee;262;in triage category;G;is leaving helicopter;1
4230,443,filterLoc,,
4230,446,filterLoc,,
4230,449,filterLoc,,
4230,452,filterLoc,,
4230,455,filterLoc,,
4230,458,filterLoc,,
4230,461,filterLoc,,
4230,464,filterLoc,,
4230,467,filterLoc,,
4230,470,filterLoc,,
4230,473,filterLoc,,
4230,476,filterLoc,,
4230,479,filterLoc,,
4230,482,filterLoc,,
4230,485,filterLoc,,
4230,488,filterLoc,,
4230,491,filterLoc,,
4230,494,filterLoc,,
4230,497,filterLoc,,
4230,500,filterLoc,,
4230,503,filterLoc,,
4230,506,filterLoc,,
4230,509,filterLoc,,
4230,512,filterLoc,,
4230,515,filterLoc,,
4230,518,filterLoc,,
4230,521,filterLoc,,
4230,524,filterLoc,,
4230,527,filterLoc,,
4230,530,filterLoc,,
4230,533,filterLoc,,
4230,536,filterLoc,,
4230,539,filterLoc,,
4230,542,filterLoc,,
4230,545,filterLoc,,
4230,548,filterLoc,,
4230,551,filterLoc,,
4230,554,filterLoc,,
4230,557,filterLoc,,
4230,560,filterLoc,,
4230,563,filterLoc,,
4230,566,filterLoc,,
4230,569,filterLoc,,
4230,572,filterLoc,,
4230,575,filterLoc,,
4230,578,filterLoc,,
4230,581,filterLoc,,
4230,584,filterLoc,,
4230,587,filterLoc,,
4230,590,filterLoc,,
4230,593,filterLoc,,
4230,596,filterLoc,,
4230,599,filterLoc,,
4230,602,filterLoc,,
4230,605,filterLoc,,
4230,608,filterLoc,,
4230,611,filterLoc,,
4230,614,filterLoc,,
4230,617,filterLoc,,
4230,620,filterLoc,,
4230,623,filterLoc,,
4230,626,filterLoc,,
4230,629,filterLoc,,
4230,632,filterLoc,,
4230,635,filterLoc,,
4230,638,filterLoc,,
4230,641,filterLoc,,
4230,644,filterLoc,,
4230,647,filterLoc,,
4230,650,filterLoc,,
4230,653,filterLoc,,
4230,656,filterLoc,,
4230,659,filterLoc,,
4230,662,filterLoc,,
4230,665,filterLoc,,
4230,668,filterLoc,,
4230,671,filterLoc,,
4230,674,filterLoc,,
4230,677,filterLoc,,
4230,680,filterLoc,,
4230,683,filterLoc,,
4230,686,filterLoc,,
4230,689,filterLoc,,
4230,692,filterLoc,,
4230,695,filterLoc,,
4230,698,filterLoc,,
4230,701,filterLoc,,
4230,704,filterLoc,,
4230,707,filterLoc,,
4230,710,filterLoc,,
4230,713,filterLoc,,
4230,716,filterLoc,,
4230,719,filterLoc,,
4230,722,filterLoc,,
4230,725,filterLoc,,
4230,728,filterLoc,,
4230,731,filterLoc,,
4230,734,filterLoc,,
4230,737,filterLoc,,
4230,740,filterLoc,,
4230,743,filterLoc,,
4230,746,filterLoc,,
4230,749,filterLoc,,
4230,752,filterLoc,,
4230,755,filterLoc,,
4230,758,filterLoc,,
4230,761,filterLoc,,
4230,764,filterLoc,,
4230,767,filterLoc,,
4230,770,filterLoc,,
4230,773,filterLoc,,;Evacuee;229;in triage category;G;is leaving helicopter;1
4230,776,filterLoc,,
4230,779,filterLoc,,
4230,782,filterLoc,,
4230,785,filterLoc,,
4230,788,filterLoc,,
4230,791,filterLoc,,
4230,794,filterLoc,,
4230,797,filterLoc,,
4230,800,filterLoc,,
4230,803,filterLoc,,
4230,806,filterLoc,,
4230,809,filterLoc,,
4230,812,filterLoc,,
4230,815,filterLoc,,
4230,818,filterLoc,,
4230,821,filterLoc,,
4230,824,filterLoc,,
4230,827,filterLoc,,
4230,830,filterLoc,,
4230,833,filterLoc,,
4230,836,filterLoc,,
4230,839,filterLoc,,
4230,842,filterLoc,,
4230,845,filterLoc,,;Evacuee;240;in triage category;G;is leaving helicopter;1
4230,848,filterLoc,,
4230,851,filterLoc,,
4230,854,filterLoc,,
4230,857,filterLoc,,;Evacuee;256;in triage category;G;is leaving helicopter;1
4230,860,filterLoc,,
4230,863,filterLoc,,
4230,866,filterLoc,,
4230,869,filterLoc,,
4230,872,filterLoc,,
4230,875,filterLoc,,
4230,878,filterLoc,,
4230,881,filterLoc,,
4230,884,filterLoc,,
4230,887,filterLoc,,
4230,890,filterLoc,,
4230,893,filterLoc,,
4230,896,filterLoc,,
4230,899,filterLoc,,
4230,902,filterLoc,,
4230,905,filterLoc,,
4230,908,filterLoc,,
4230,911,filterLoc,,
4230,914,filterLoc,,
4230,917,filterLoc,,
4230,920,filterLoc,,
4230,923,filterLoc,,
4230,926,filterLoc,,
4230,929,filterLoc,,
4230,932,filterLoc,,
4230,935,filterLoc,,
4230,938,filterLoc,,
4230,941,filterLoc,,
4230,944,filterLoc,,
4230,947,filterLoc,,
4230,950,filterLoc,,
4230,953,filterLoc,,
4230,956,filterLoc,,
4230,959,filterLoc,,
4230,962,filterLoc,,
4230,965,filterLoc,,
4230,968,filterLoc,,
4230,971,filterLoc,,
4230,974,filterLoc,,
4230,977,filterLoc,,
4230,980,filterLoc,,
4230,983,filterLoc,,
4230,986,filterLoc,,
4230,989,filterLoc,,
4230,992,filterLoc,,
4230,995,filterLoc,,
4230,998,filterLoc,,
4230,1001,filterLoc,,
4230,1004,filterLoc,,
4230,1007,filterLoc,,
4230,1010,filterLoc,,
4230,1013,filterLoc,,
4230,1016,filterLoc,,
4230,1019,filterLoc,,
4230,1022,filterLoc,,
4230,1025,filterLoc,,
4230,1028,filterLoc,,
4230,1031,filterLoc,,
4230,1034,filterLoc,,
4230,1037,filterLoc,,
4230,1040,filterLoc,,
4230,1043,filterLoc,,
4230,1046,filterLoc,,
4230,1049,filterLoc,,
4230,1052,filterLoc,,
4230,1055,filterLoc,,
4230,1058,filterLoc,,
4230,1061,filterLoc,,
4230,1064,filterLoc,,
4230,1067,filterLoc,,
4230,1070,filterLoc,,
4230,1073,filterLoc,,
4230,1076,filterLoc,,
4230,1079,filterLoc,,
4230,1082,filterLoc,,
4230,1085,filterLoc,,
4230,1088,filterLoc,,
4230,1091,filterLoc,,
4230,1094,filterLoc,,
4230,1097,filterLoc,,
4230,1100,filterLoc,,
4230,1103,filterLoc,,
4230,1106,filterLoc,,
4230,1109,filterLoc,,
4230,1112,filterLoc,,
4230,1115,filterLoc,,
4230,1118,filterLoc,,
4230,1121,filterLoc,,
4230,1124,filterLoc,,
4230,1127,filterLoc,,
4230,1130,filterLoc,,
4230,1133,filterLoc,,
4230,1136,filterLoc,,
4230,1139,filterLoc,,
4230,1142,filterLoc,,;Evacuee;231;in triage category;G;is leaving helicopter;1
4230,1145,filterLoc,,
4230,1148,filterLoc,,
4230,1153,helicopter,outEvac,Evacuee 229 in triage category G is not assigned a helicopter
4230,1153,helicopter,outEvac,Evacuee 230 in triage category G is not assigned a helicopter
4230,1153,helicopter,outEvac,Evacuee 231 in triage category G is not assigned a helicopter
4230,1153,helicopter,outEvac,Evacuee 240 in triage category G is not assigned a helicopter
4230,1153,helicopter,outEvac,Evacuee 248 in triage category G is not assigned a helicopter
4230,1153,helicopter,outEvac,Evacuee 254 in triage category G is not assigned a helicopter
4230,1153,helicopter,outEvac,Evacuee 256 in triage category G is not assigned a helicopter
4230,1153,helicopter,outEvac,Evacuee 257 in triage category G is not assigned a helicopter
4230,1153,helicopter,outEvac,Evacuee 262 in triage category G is not assigned a helicopter
4230,1153,helicopter,outEvac,Evacuee 264 in triage category G is not assigned a helicopter
4230,1153,helicopter,,Helicopter;1;is unloading people at the FOL;;and has;0;spots taken
4230,1155,filterLoc,,
4230,1158,filterLoc,,
4230,1161,filterLoc,,
4230,1164,filterLoc,,
4230,1167,filterLoc,,
4230,1170,filterLoc,,
4230,1173,filterLoc,,
4230,1176,filterLoc,,
4230,1179,filterLoc,,
4230,1182,filterLoc,,
4230,1185,filterLoc,,
4230,1188,filterLoc,,
4230,1191,filterLoc,,
4230,1194,filterLoc,,
4230,1197,filterLoc,,
4230,1200,filterLoc,,
4230,1203,filterLoc,,
4230,1206,filterLoc,,
4230,1209,filterLoc,,
4230,1212,filterLoc,,
4230,1215,filterLoc,,
4230,1218,filterLoc,,
4230,1221,filterLoc,,
4230,1224,filterLoc,,
4230,1227,filterLoc,,
4230,1230,filterLoc,,
4230,1233,filterLoc,,
4230,1236,filterLoc,,
4230,1239,filterLoc,,
4230,1242,filterLoc,,
4230,1245,filterLoc,,
4230,1248,filterLoc,,
4230,1251,filterLoc,,
4230,1254,filterLoc,,
4230,1257,filterLoc,,
4230,1260,filterLoc,,
4230,1263,filterLoc,,
4230,1266,filterLoc,,
4230,1269,filterLoc,,
4230,1272,filterLoc,,
4230,1275,filterLoc,,
4230,1278,filterLoc,,
4230,1281,filterLoc,,
4230,1284,filterLoc,,;Evacuee;230;in triage category;G;is leaving helicopter;1
4230,1287,filterLoc,,
4230,1290,filterLoc,,
4230,1293,filterLoc,,
4230,1296,filterLoc,,
4230,1299,filterLoc,,
4230,1302,filterLoc,,
4230,1305,filterLoc,,
4230,1308,filterLoc,,
4230,1311,filterLoc,,
4230,1314,filterLoc,,
4230,1317,filterLoc,,
4230,1320,filterLoc,,
4230,1323,filterLoc,,
4230,1326,filterLoc,,
4230,1329,filterLoc,,
4230,1332,filterLoc,,
4230,1335,filterLoc,,
4230,1338,filterLoc,,
4230,1341,filterLoc,,
4230,1344,filterLoc,,
4230,1347,filterLoc,,
4230,1350,filterLoc,,
4230,1353,filterLoc,,
4230,1356,filterLoc,,
4230,1359,filterLoc,,
4230,1362,filterLoc,,
4230,1365,filterLoc,,
4230,1368,filterLoc,,
4230,1371,filterLoc,,
4230,1374,filterLoc,,
4230,1377,filterLoc,,
4230,1380,filterLoc,,
4230,1383,filterLoc,,
4230,1386,filterLoc,,
4230,1389,filterLoc,,
4230,1392,filterLoc,,
4230,1395,filterLoc,,
4230,1398,filterLoc,,
4230,1401,filterLoc,,
4230,1404,filterLoc,,
4230,1407,filterLoc,,
4230,1410,filterLoc,,
4230,1413,filterLoc,,
4230,1416,filterLoc,,
4230,1419,filterLoc,,
4230,1422,filterLoc,,
4230,1425,filterLoc,,
4230,1428,filterLoc,,
4230,1431,filterLoc,,
4230,1434,filterLoc,,
4230,1437,filterLoc,,
4230,1440,filterLoc,,
4230,1443,filterLoc,,
4230,1446,filterLoc,,
4230,1449,filterLoc,,
4230,1452,filterLoc,,
4230,1455,filterLoc,,
4230,1458,filterLoc,,
4230,1461,filterLoc,,
4230,1464,filterLoc,,
4230,1467,filterLoc,,
4230,1470,filterLoc,,
4230,1473,filterLoc,,
4230,1476,filterLoc,,
4230,1479,filterLoc,,
4230,1482,filterLoc,,
4230,1485,filterLoc,,
4230,1488,filterLoc,,
4230,1491,filterLoc,,;Evacuee;248;in triage category;G;is leaving helicopter;1
4230,1494,filterLoc,,
4230,1497,filterLoc,,
4230,1500,filterLoc,,;Evacuee;254;in triage category;G;is leaving helicopter;1
4230,1503,filterLoc,,;Evacuee;257;in triage category;G;is leaving helicopter;1
4230,1506,filterLoc,,
4230,1509,filterLoc,,
4230,437,filterLoc,out,Evacuee 264 in triage category G is not assigned a helicopter
4230,437,filterLoc,,
4230,438,evacuee,,Evacuee;264;in triage state;G;is entering the FOL
4230,440,filterLoc,out,Evacuee 262 in triage category G is not assigned a helicopter
4230,440,filterLoc,,
4230,441,evacuee,,Evacuee;262;in triage state;G;is entering the FOL
4230,773,filterLoc,out,Evacuee 229 in triage category G is not assigned a helicopter
4230,773,filterLoc,,
4230,774,evacuee,,Evacuee;229;in triage state;G;is entering the FOL
4230,845,filterLoc,out,Evacuee 240 in triage category G is not assigned a helicopter
4230,845,filterLoc,,
4230,846,evacuee,,Evacuee;240;in triage state;G;is entering the FOL
4230,857,filterLoc,out,Evacuee 256 in triage category G is not assigned a helicopter
4230,857,filterLoc,,
4230,858,evacuee,,Evacuee;256;in triage state;G;is entering the FOL
4230,1142,filterLoc,out,Evacuee 231 in triage category G is not assigned a helicopter
4230,1142,filterLoc,,
4230,1143,evacuee,,Evacuee;231;in triage state;G;is entering the FOL
4230,1284,filterLoc,out,Evacuee 230 in triage category G is not assigned a helicopter
4230,1284,filterLoc,,
4230,1285,evacuee,,Evacuee;230;in triage state;G;is entering the FOL
4230,1491,filterLoc,out,Evacuee 248 in triage category G is not assigned a helicopter
4230,1491,filterLoc,,
4230,1492,evacuee,,Evacuee;248;in triage state;G;is entering the FOL
4230,1500,filterLoc,out,Evacuee 254 in triage category G is not assigned a helicopter
4230,1500,filterLoc,,
4230,1501,evacuee,,Evacuee;254;in triage state;G;is entering the FOL
4230,1503,filterLoc,out,Evacuee 257 in triage category G is not assigned a helicopter
4230,1503,filterLoc,,
4230,1504,evacuee,,Evacuee;257;in triage state;G;is entering the FOL
4230,219,FOL,,;EvacueeID;3;Triage Status;G;EvacueeID;5;Triage Status;G;EvacueeID;8;Triage Status;G;EvacueeID;12;Triage Status;G;EvacueeID;15;Triage Status;G;EvacueeID;21;Triage Status;G;EvacueeID;30;Triage Status;G;EvacueeID;31;Triage Status;G;EvacueeID;36;Triage Status;G;EvacueeID;38;Triage Status;G;EvacueeID;39;Triage Status;G;EvacueeID;42;Triage Status;G;EvacueeID;43;Triage Status;G;EvacueeID;46;Triage Status;G;EvacueeID;47;Triage Status;G;EvacueeID;51;Triage Status;G;EvacueeID;53;Triage Status;G;EvacueeID;56;Triage Status;G;EvacueeID;57;Triage Status;G;EvacueeID;59;Triage Status;G;EvacueeID;62;Triage Status;G;EvacueeID;66;Triage Status;G;EvacueeID;68;Triage Status;G;EvacueeID;72;Triage Status;G;EvacueeID;79;Triage Status;G;EvacueeID;80;Triage Status;G;EvacueeID;84;Triage Status;G;EvacueeID;86;Triage Status;G;EvacueeID;89;Triage Status;G;EvacueeID;91;Triage Status;G;EvacueeID;101;Triage Status;G;EvacueeID;103;Triage Status;G;EvacueeID;107;Triage Status;G;EvacueeID;110;Triage Status;G;EvacueeID;111;Triage Status;G;EvacueeID;115;Triage Status;G;EvacueeID;118;Triage Status;G;EvacueeID;124;Triage Status;G;EvacueeID;130;Triage Status;G;EvacueeID;132;Triage Status;G;EvacueeID;133;Triage Status;G;EvacueeID;134;Triage Status;G;EvacueeID;135;Triage Status;G;EvacueeID;140;Triage Status;G;EvacueeID;141;Triage Status;G;EvacueeID;143;Triage Status;G;EvacueeID;145;Triage Status;G;EvacueeID;146;Triage Status;G;EvacueeID;149;Triage Status;G;EvacueeID;151;Triage Status;G;EvacueeID;167;Triage Status;G;EvacueeID;168;Triage Status;G;EvacueeID;169;Triage Status;G;EvacueeID;172;Triage Status;G;EvacueeID;176;Triage Status;G;EvacueeID;193;Triage Status;G;EvacueeID;195;Triage Status;G;EvacueeID;196;Triage Status;G;EvacueeID;197;Triage Status;G;EvacueeID;198;Triage Status;G;EvacueeID;199;Triage Status;G;EvacueeID;208;Triage Status;G;EvacueeID;215;Triage Status;G;EvacueeID;216;Triage Status;G;EvacueeID;219;Triage Status;G;EvacueeID;221;Triage Status;G;EvacueeID;222;Triage Status;G;EvacueeID;223;Triage Status;G;EvacueeID;224;Triage Status;G;EvacueeID;228;Triage Status;G;EvacueeID;229;Triage Status;G;EvacueeID;230;Triage Status;G;EvacueeID;231;Triage Status;G;EvacueeID;240;Triage Status;G;EvacueeID;248;Triage Status;G;EvacueeID;254;Triage Status;G;EvacueeID;256;Triage Status;G;EvacueeID;257;Triage Status;G;EvacueeID;262;Triage Status;G;EvacueeID;264;Triage Status;G;Lives Saved;80
4230,438,evacuee,outFOL,Evacuee 264 in triage category G is not assigned a helicopter
4230,438,evacuee,,Evacuee;264;in triage state;G;is at the FOL
4230,441,evacuee,outFOL,Evacuee 262 in triage category G is not assigned a helicopter
4230,441,evacuee,,Evacuee;262;in triage state;G;is at the FOL
4230,774,evacuee,outFOL,Evacuee 229 in triage category G is not assigned a helicopter
4230,774,evacuee,,Evacuee;229;in triage state;G;is at the FOL
4230,846,evacuee,outFOL,Evacuee 240 in triage category G is not assigned a helicopter
4230,846,evacuee,,Evacuee;240;in triage state;G;is at the FOL
4230,858,evacuee,outFOL,Evacuee 256 in triage category G is not assigned a helicopter
4230,858,evacuee,,Evacuee;256;in triage state;G;is at the FOL
4230,1143,evacuee,outFOL,Evacuee 231 in triage category G is not assigned a helicopter
4230,1143,evacuee,,Evacuee;231;in triage state;G;is at the FOL
4230,1285,evacuee,outFOL,Evacuee 230 in triage category G is not assigned a helicopter
4230,1285,evacuee,,Evacuee;230;in triage state;G;is at the FOL
4230,1492,evacuee,outFOL,Evacuee 248 in triage category G is not assigned a helicopter
4230,1492,evacuee,,Evacuee;248;in triage state;G;is at the FOL
4230,1501,evacuee,outFOL,Evacuee 254 in triage category G is not assigned a helicopter
4230,1501,evacuee,,Evacuee;254;in triage state;G;is at the FOL
4230,1504,evacuee,outFOL,Evacuee 257 in triage category G is not assigned a helicopter
4230,1504,evacuee,,Evacuee;257;in triage state;G;is at the FOL
4230,219,FOL,,;EvacueeID;3;Triage Status;G;EvacueeID;5;Triage Status;G;EvacueeID;8;Triage Status;G;EvacueeID;12;Triage Status;G;EvacueeID;15;Triage Status;G;EvacueeID;21;Triage Status;G;EvacueeID;30;Triage Status;G;EvacueeID;31;Triage Status;G;EvacueeID;36;Triage Status;G;EvacueeID;38;Triage Status;G;EvacueeID;39;Triage Status;G;EvacueeID;42;Triage Status;G;EvacueeID;43;Triage Status;G;EvacueeID;46;Triage Status;G;EvacueeID;47;Triage Status;G;EvacueeID;51;Triage Status;G;EvacueeID;53;Triage Status;G;EvacueeID;56;Triage Status;G;EvacueeID;57;Triage Status;G;EvacueeID;59;Triage Status;G;EvacueeID;62;Triage Status;G;EvacueeID;66;Triage Status;G;EvacueeID;68;Triage Status;G;EvacueeID;72;Triage Status;G;EvacueeID;79;Triage Status;G;EvacueeID;80;Triage Status;G;EvacueeID;84;Triage Status;G;EvacueeID;86;Triage Status;G;EvacueeID;89;Triage Status;G;EvacueeID;91;Triage Status;G;EvacueeID;101;Triage Status;G;EvacueeID;103;Triage Status;G;EvacueeID;107;Triage Status;G;EvacueeID;110;Triage Status;G;EvacueeID;111;Triage Status;G;EvacueeID;115;Triage Status;G;EvacueeID;118;Triage Status;G;EvacueeID;124;Triage Status;G;EvacueeID;130;Triage Status;G;EvacueeID;132;Triage Status;G;EvacueeID;133;Triage Status;G;EvacueeID;134;Triage Status;G;EvacueeID;135;Triage Status;G;EvacueeID;140;Triage Status;G;EvacueeID;141;Triage Status;G;EvacueeID;143;Triage Status;G;EvacueeID;145;Triage Status;G;EvacueeID;146;Triage Status;G;EvacueeID;149;Triage Status;G;EvacueeID;151;Triage Status;G;EvacueeID;167;Triage Status;G;EvacueeID;168;Triage Status;G;EvacueeID;169;Triage Status;G;EvacueeID;172;Triage Status;G;EvacueeID;176;Triage Status;G;EvacueeID;193;Triage Status;G;EvacueeID;195;Triage Status;G;EvacueeID;196;Triage Status;G;EvacueeID;197;Triage Status;G;EvacueeID;198;Triage Status;G;EvacueeID;199;Triage Status;G;EvacueeID;208;Triage Status;G;EvacueeID;215;Triage Status;G;EvacueeID;216;Triage Status;G;EvacueeID;219;Triage Status;G;EvacueeID;221;Triage Status;G;EvacueeID;222;Triage Status;G;EvacueeID;223;Triage Status;G;EvacueeID;224;Triage Status;G;EvacueeID;228;Triage Status;G;EvacueeID;229;Triage Status;G;EvacueeID;230;Triage Status;G;EvacueeID;231;Triage Status;G;EvacueeID;240;Triage Status;G;EvacueeID;248;Triage Status;G;EvacueeID;254;Triage Status;G;EvacueeID;256;Triage Status;G;EvacueeID;257;Triage Status;G;EvacueeID;262;Triage Status;G;EvacueeID;264;Triage Status;G;Lives Saved;80
4244.28,3,evacueeManager,,OFF SHIP: White;0;Green;43;Yellow;13;Red;1;Black;363;ON SHIP: White;0;Green;0;Yellow;0;Red;0;Evacuees to Transfer;
4244.28,155,evacuee,outES,Evacuee 397 in triage category R is not assigned a helicopter
4244.28,155,evacuee,,Evacuee;397;in triage state;B;is at the evacuation site
4245,1153,helicopter,,Helicopter;1;Is going to the evacuation site;;and has;0;spots taken
4256.92,3,evacueeManager,,OFF SHIP: White;0;Green;42;Yellow;14;Red;1;Black;363;ON SHIP: White;0;Green;0;Yellow;0;Red;0;Evacuees to Transfer;
4256.92,987,evacuee,outES,Evacuee 405 in triage category G is not assigned a helicopter
4256.92,987,evacuee,,Evacuee;405;in triage state;Y;is at the evacuation site
4303.12,3,evacueeManager,,OFF SHIP: White;0;Green;42;Yellow;13;Red;2;Black;363;ON SHIP: White;0;Green;0;Yellow;0;Red;0;Evacuees to Transfer;
4303.12,158,evacuee,outES,Evacuee 452 in triage category Y is not assigned a helicopter
4303.12,158,evacuee,,Evacuee;452;in triage state;R;is at the evacuation site
4313.62,3,evacueeManager,,OFF SHIP: White;0;Green;42;Yellow;13;Red;1;Black;364;ON SHIP: White;0;Green;0;Yellow;0;Red;0;Evacuees to Transfer;
4313.62,158,evacuee,outES,Evacuee 452 in triage category R is not assigned a helicopter
4313.62,158,evacuee,,Evacuee;452;in triage state;B;is at the evacuation site
4320,5,helicopterQueue,,1;Helos are waiting to land;HeloID;1
4320,1153,helicopter,outES,Helicopter 1 is evacuating people1
4320,1153,helicopter,,Helicopter;1;is waiting to land at the evacuation site;;and has;0;spots taken
4320,4,helipadManager,,;No helos are at ES
4320,5,helicopterQueue,outHM,Helicopter 1 is evacuating people1
4320,5,helicopterQueue,outHelo,Helicopter 1 is evacuating people1
4320,5,helicopterQueue,,;No helos are waiting to land
4320,1152,filterES,,Helicopter;1;is evacuating people
4320,3,evacueeManager,,OFF SHIP: White;0;Green;32;Yellow;13;Red;1;Black;364;ON SHIP: White;0;Green;0;Yellow;0;Red;0;Evacuees to Transfer;;EvacueeID;270;HeloID;1;OnShip;0;Triage Status;G;EvacueeID;272;HeloID;1;OnShip;0;Triage Status;G;EvacueeID;291;HeloID;1;OnShip;0;Triage Status;G;EvacueeID;292;HeloID;1;OnShip;0;Triage Status;G;EvacueeID;293;HeloID;1;OnShip;0;Triage Status;G;EvacueeID;296;HeloID;1;OnShip;0;Triage Status;G;EvacueeID;298;HeloID;1;OnShip;0;Triage Status;G;EvacueeID;301;HeloID;1;OnShip;0;Triage Status;G;EvacueeID;322;HeloID;1;OnShip;0;Triage Status;G;EvacueeID;325;HeloID;1;OnShip;0;Triage Status;G
4320,4,helipadManager,outEM,Helicopter 1 is evacuating people1
4320,4,helipadManager,,Helo;1;is at the ES
4320,1152,filterES,out,Helicopter 1 is evacuating people1
4320,1152,filterES,,
4320,1153,helicopter,,Helicopter;1;is waiting to land at the evacuation site;;and has;0;spots taken
4320,3,evacueeManager,outEvac,Evacuee 270 in triage category G is assigned helicopter 1
4320,3,evacueeManager,outEvac,Evacuee 272 in triage category G is assigned helicopter 1
4320,3,evacueeManager,outEvac,Evacuee 291 in triage category G is assigned helicopter 1
4320,3,evacueeManager,outEvac,Evacuee 292 in triage category G is assigned helicopter 1
4320,3,evacueeManager,outEvac,Evacuee 293 in triage category G is assigned helicopter 1
4320,3,evacueeManager,outEvac,Evacuee 296 in triage category G is assigned helicopter 1
4320,3,evacueeManager,outEvac,Evacuee 298 in triage category G is assigned helicopter 1
4320,3,evacueeManager,outEvac,Evacuee 301 in triage category G is assigned helicopter 1
4320,3,evacueeManager,outEvac,Evacuee 322 in triage category G is assigned helicopter 1
4320,3,evacueeManager,outEvac,Evacuee 325 in triage category G is assigned helicopter 1
4320,3,evacueeManager,,OFF SHIP: White;0;Green;32;Yellow;13;Red;1;Black;364;ON SHIP: White;0;Green;0;Yellow;0;Red;0;Evacuees to Transfer;
4320,7,filterLoc,,
4320,10,filterLoc,,
4320,13,filterLoc,,
4320,16,filterLoc,,
4320,19,filterLoc,,
4320,22,filterLoc,,
4320,25,filterLoc,,
4320,28,filterLoc,,
4320,31,filterLoc,,
4320,34,filterLoc,,
4320,37,filterLoc,,
4320,40,filterLoc,,
4320,43,filterLoc,,
4320,46,filterLoc,,
4320,49,filterLoc,,
4320,52,filterLoc,,
4320,55,filterLoc,,
4320,58,filterLoc,,
4320,61,filterLoc,,
4320,64,filterLoc,,
4320,67,filterLoc,,
4320,70,filterLoc,,
4320,73,filterLoc,,
4320,76,filterLoc,,
4320,79,filterLoc,,
4320,82,filterLoc,,
4320,85,filterLoc,,
4320,88,filterLoc,,
4320,91,filterLoc,,
4320,94,filterLoc,,
4320,97,filterLoc,,
4320,100,filterLoc,,
4320,103,filterLoc,,
4320,106,filterLoc,,
4320,109,filterLoc,,
4320,112,filterLoc,,
4320,115,filterLoc,,
4320,118,filterLoc,,
4320,121,filterLoc,,
4320,124,filterLoc,,
4320,127,filterLoc,,
4320,130,filterLoc,,
4320,133,filterLoc,,
4320,136,filterLoc,,
4320,139,filterLoc,,
4320,142,filterLoc,,
4320,145,filterLoc,,
4320,148,filterLoc,,
4320,151,filterLoc,,
4320,154,filterLoc,,
4320,157,filterLoc,,
4320,160,filterLoc,,
4320,163,filterLoc,,
4320,166,filterLoc,,
4320,169,filterLoc,,
4320,172,filterLoc,,
4320,175,filterLoc,,
4320,178,filterLoc,,
4320,181,filterLoc,,
4320,184,filterLoc,,
4320,187,filterLoc,,
4320,190,filterLoc,,
4320,193,filterLoc,,
4320,196,filterLoc,,
4320,199,filterLoc,,
4320,202,filterLoc,,
4320,205,filterLoc,,
4320,208,filterLoc,,
4320,211,filterLoc,,
4320,214,filterLoc,,
4320,217,filterLoc,,
4320,221,filterLoc,,
4320,224,filterLoc,,
4320,227,filterLoc,,
4320,230,filterLoc,,
4320,233,filterLoc,,
4320,236,filterLoc,,
4320,239,filterLoc,,
4320,242,filterLoc,,
4320,245,filterLoc,,
4320,248,filterLoc,,
4320,251,filterLoc,,
4320,254,filterLoc,,
4320,257,filterLoc,,
4320,260,filterLoc,,
4320,263,filterLoc,,
4320,266,filterLoc,,
4320,269,filterLoc,,
4320,272,filterLoc,,
4320,275,filterLoc,,
4320,278,filterLoc,,
4320,281,filterLoc,,
4320,284,filterLoc,,
4320,287,filterLoc,,
4320,290,filterLoc,,
4320,293,filterLoc,,
4320,296,filterLoc,,
4320,299,filterLoc,,;Evacuee;325;in triage category;G;is entering helicopter;1
4320,302,filterLoc,,
4320,305,filterLoc,,;Evacuee;322;in triage category;G;is entering helicopter;1
4320,308,filterLoc,,
4320,311,filterLoc,,
4320,314,filterLoc,,
4320,317,filterLoc,,
4320,320,filterLoc,,
4320,323,filterLoc,,
4320,326,filterLoc,,
4320,329,filterLoc,,
4320,332,filterLoc,,
4320,335,filterLoc,,
4320,338,filterLoc,,
4320,341,filterLoc,,
4320,344,filterLoc,,
4320,347,filterLoc,,
4320,350,filterLoc,,
4320,353,filterLoc,,
4320,356,filterLoc,,;Evacuee;293;in triage category;G;is entering helicopter;1
4320,359,filterLoc,,
4320,362,filterLoc,,
4320,365,filterLoc,,;Evacuee;292;in triage category;G;is entering helicopter;1
4320,368,filterLoc,,;Evacuee;291;in triage category;G;is entering helicopter;1
4320,371,filterLoc,,
4320,374,filterLoc,,
4320,377,filterLoc,,
4320,380,filterLoc,,
4320,383,filterLoc,,
4320,386,filterLoc,,
4320,389,filterLoc,,
4320,392,filterLoc,,
4320,395,filterLoc,,
4320,398,filterLoc,,
4320,401,filterLoc,,
4320,404,filterLoc,,
4320,407,filterLoc,,
4320,410,filterLoc,,
4320,413,filterLoc,,
4320,416,filterLoc,,
4320,419,filterLoc,,
4320,422,filterLoc,,
4320,425,filterLoc,,
4320,428,filterLoc,,;Evacuee;301;in triage category;G;is entering helicopter;1
4320,431,filterLoc,,;Evacuee;272;in triage category;G;is entering helicopter;1
4320,434,filterLoc,,;Evacuee;270;in triage category;G;is entering helicopter;1
4320,437,filterLoc,,
4320,440,filterLoc,,
4320,443,filterLoc,,
4320,446,filterLoc,,
4320,449,filterLoc,,
4320,452,filterLoc,,
4320,455,filterLoc,,
4320,458,filterLoc,,
4320,461,filterLoc,,
4320,464,filterLoc,,
4320,467,filterLoc,,
4320,470,filterLoc,,
4320,473,filterLoc,,
4320,476,filterLoc,,
4320,479,filterLoc,,
4320,482,filterLoc,,
4320,485,filterLoc,,
4320,488,filterLoc,,
4320,491,filterLoc,,
4320,494,filterLoc,,
4320,497,filterLoc,,
4320,500,filterLoc,,
4320,503,filterLoc,,
4320,506,filterLoc,,
4320,509,filterLoc,,
4320,512,filterLoc,,
4320,515,filterLoc,,
4320,518,filterLoc,,
4320,521,filterLoc,,
4320,524,filterLoc,,
4320,527,filterLoc,,
4320,530,filterLoc,,
4320,533,filterLoc,,
4320,536,filterLoc,,
4320,539,filterLoc,,
4320,542,filterLoc,,
4320,545,filterLoc,,
4320,548,filterLoc,,
4320,551,filterLoc,,
4320,554,filterLoc,,
4320,557,filterLoc,,
4320,560,filterLoc,,
4320,563,filterLoc,,
4320,566,filterLoc,,
4320,569,filterLoc,,
4320,572,filterLoc,,
4320,575,filterLoc,,
4320,578,filterLoc,,
4320,581,filterLoc,,
4320,584,filterLoc,,
4320,587,filterLoc,,
4320,590,filterLoc,,
4320,593,filterLoc,,
4320,596,filterLoc,,
4320,599,filterLoc,,
4320,602,filterLoc,,
4320,605,filterLoc,,
4320,608,filterLoc,,
4320,611,filterLoc,,
4320,614,filterLoc,,
4320,617,filterLoc,,
4320,620,filterLoc,,
4320,623,filterLoc,,
4320,626,filterLoc,,
4320,629,filterLoc,,
4320,632,filterLoc,,
4320,635,filterLoc,,
4320,638,filterLoc,,
4320,641,filterLoc,,
4320,644,filterLoc,,
4320,647,filterLoc,,
4320,650,filterLoc,,
4320,653,filterLoc,,
4320,656,filterLoc,,
4320,659,filterLoc,,
4320,662,filterLoc,,
4320,665,filterLoc,,
4320,668,filterLoc,,
4320,671,filterLoc,,
4320,674,filterLoc,,
4320,677,filterLoc,,
4320,680,filterLoc,,
4320,683,filterLoc,,
4320,686,filterLoc,,
4320,689,filterLoc,,
4320,692,filterLoc,,
4320,695,filterLoc,,
4320,698,filterLoc,,
4320,701,filterLoc,,
4320,704,filterLoc,,
4320,707,filterLoc,,
4320,710,filterLoc,,
4320,713,filterLoc,,
4320,716,filterLoc,,
4320,719,filterLoc,,
4320,722,filterLoc,,
4320,725,filterLoc,,
4320,728,filterLoc,,
4320,731,filterLoc,,
4320,734,filterLoc,,
4320,737,filterLoc,,
4320,740,filterLoc,,
4320,743,filterLoc,,
4320,746,filterLoc,,
4320,749,filterLoc,,
4320,752,filterLoc,,
4320,755,filterLoc,,
4320,758,filterLoc,,
4320,761,filterLoc,,
4320,764,filterLoc,,
4320,767,filterLoc,,
4320,770,filterLoc,,
4320,773,filterLoc,,
4320,776,filterLoc,,
4320,779,filterLoc,,
4320,782,filterLoc,,
4320,785,filterLoc,,
4320,788,filterLoc,,
4320,791,filterLoc,,
4320,794,filterLoc,,
4320,797,filterLoc,,
4320,800,filterLoc,,
4320,803,filterLoc,,
4320,806,filterLoc,,
4320,809,filterLoc,,
4320,812,filterLoc,,
4320,815,filterLoc,,
4320,818,filterLoc,,
4320,821,filterLoc,,
4320,824,filterLoc,,
4320,827,filterLoc,,
4320,830,filterLoc,,
4320,833,filterLoc,,
4320,836,filterLoc,,
4320,839,filterLoc,,
4320,842,filterLoc,,
4320,845,filterLoc,,
4320,848,filterLoc,,
4320,851,filterLoc,,
4320,854,filterLoc,,
4320,857,filterLoc,,
4320,860,filterLoc,,
4320,863,filterLoc,,
4320,866,filterLoc,,
4320,869,filterLoc,,
4320,872,filterLoc,,
4320,875,filterLoc,,
4320,878,filterLoc,,
4320,881,filterLoc,,
4320,884,filterLoc,,
4320,887,filterLoc,,
4320,890,filterLoc,,
4320,893,filterLoc,,
4320,896,filterLoc,,
4320,899,filterLoc,,
4320,902,filterLoc,,
4320,905,filterLoc,,
4320,908,filterLoc,,
4320,911,filterLoc,,
4320,914,filterLoc,,
4320,917,filterLoc,,
4320,920,filterLoc,,
4320,923,filterLoc,,
4320,926,filterLoc,,
4320,929,filterLoc,,
4320,932,filterLoc,,
4320,935,filterLoc,,
4320,938,filterLoc,,
4320,941,filterLoc,,
4320,944,filterLoc,,
4320,947,filterLoc,,
4320,950,filterLoc,,
4320,953,filterLoc,,
4320,956,filterLoc,,
4320,959,filterLoc,,
4320,962,filterLoc,,
4320,965,filterLoc,,
4320,968,filterLoc,,
4320,971,filterLoc,,
4320,974,filterLoc,,
4320,977,filterLoc,,
4320,980,filterLoc,,
4320,983,filterLoc,,
4320,986,filterLoc,,
4320,989,filterLoc,,
4320,992,filterLoc,,
4320,995,filterLoc,,
4320,998,filterLoc,,
4320,1001,filterLoc,,
4320,1004,filterLoc,,
4320,1007,filterLoc,,
4320,1010,filterLoc,,
4320,1013,filterLoc,,
4320,1016,filterLoc,,
4320,1019,filterLoc,,
4320,1022,filterLoc,,
4320,1025,filterLoc,,
4320,1028,filterLoc,,
4320,1031,filterLoc,,
4320,1034,filterLoc,,
4320,1037,filterLoc,,
4320,1040,filterLoc,,
4320,1043,filterLoc,,
4320,1046,filterLoc,,
4320,1049,filterLoc,,
4320,1052,filterLoc,,
4320,1055,filterLoc,,
4320,1058,filterLoc,,
4320,1061,filterLoc,,
4320,1064,filterLoc,,
4320,1067,filterLoc,,
4320,1070,filterLoc,,
4320,1073,filterLoc,,
4320,1076,filterLoc,,
4320,1079,filterLoc,,
4320,1082,filterLoc,,
4320,1085,filterLoc,,
4320,1088,filterLoc,,
4320,1091,filterLoc,,
4320,1094,filterLoc,,
4320,1097,filterLoc,,
4320,1100,filterLoc,,
4320,1103,filterLoc,,
4320,1106,filterLoc,,
4320,1109,filterLoc,,
4320,1112,filterLoc,,
4320,1115,filterLoc,,
4320,1118,filterLoc,,
4320,1121,filterLoc,,
4320,1124,filterLoc,,
4320,1127,filterLoc,,
4320,1130,filterLoc,,
4320,1133,filterLoc,,
4320,1136,filterLoc,,
4320,1139,filterLoc,,
4320,1142,filterLoc,,
4320,1145,filterLoc,,
4320,1148,filterLoc,,
4320,1153,helicopter,,Helicopter;1;is loading people at the evacuation site;;and has;0;spots taken
4320,1155,filterLoc,,
4320,1158,filterLoc,,
4320,1161,filterLoc,,
4320,1164,filterLoc,,
4320,1167,filterLoc,,
4320,1170,filterLoc,,
4320,1173,filterLoc,,
4320,1176,filterLoc,,
4320,1179,filterLoc,,
4320,1182,filterLoc,,
4320,1185,filterLoc,,
4320,1188,filterLoc,,
4320,1191,filterLoc,,
4320,1194,filterLoc,,
4320,1197,filterLoc,,
4320,1200,filterLoc,,
4320,1203,filterLoc,,
4320,1206,filterLoc,,
4320,1209,filterLoc,,
4320,1212,filterLoc,,;Evacuee;296;in triage category;G;is entering helicopter;1
4320,1215,filterLoc,,
4320,1218,filterLoc,,
4320,1221,filterLoc,,
4320,1224,filterLoc,,
4320,1227,filterLoc,,
4320,1230,filterLoc,,
4320,1233,filterLoc,,
4320,1236,filterLoc,,
4320,1239,filterLoc,,
4320,1242,filterLoc,,
4320,1245,filterLoc,,
4320,1248,filterLoc,,
4320,1251,filterLoc,,
4320,1254,filterLoc,,
4320,1257,filterLoc,,
4320,1260,filterLoc,,
4320,1263,filterLoc,,
4320,1266,filterLoc,,
4320,1269,filterLoc,,
4320,1272,filterLoc,,
4320,1275,filterLoc,,
4320,1278,filterLoc,,
4320,1281,filterLoc,,
4320,1284,filterLoc,,
4320,1287,filterLoc,,
4320,1290,filterLoc,,
4320,1293,filterLoc,,
4320,1296,filterLoc,,
4320,1299,filterLoc,,
4320,1302,filterLoc,,
4320,1305,filterLoc,,
4320,1308,filterLoc,,
4320,1311,filterLoc,,
4320,1314,filterLoc,,
4320,1317,filterLoc,,
4320,1320,filterLoc,,
4320,1323,filterLoc,,
4320,1326,filterLoc,,
4320,1329,filterLoc,,
4320,1332,filterLoc,,
4320,1335,filterLoc,,
4320,1338,filterLoc,,
4320,1341,filterLoc,,
4320,1344,filterLoc,,
4320,1347,filterLoc,,
4320,1350,filterLoc,,
4320,1353,filterLoc,,
4320,1356,filterLoc,,
4320,1359,filterLoc,,
4320,1362,filterLoc,,
4320,1365,filterLoc,,
4320,1368,filterLoc,,
4320,1371,filterLoc,,
4320,1374,filterLoc,,
4320,1377,filterLoc,,
4320,1380,filterLoc,,
4320,1383,filterLoc,,
4320,1386,filterLoc,,
4320,1389,filterLoc,,
4320,1392,filterLoc,,
4320,1395,filterLoc,,
4320,1398,filterLoc,,
4320,1401,filterLoc,,
4320,1404,filterLoc,,
4320,1407,filterLoc,,
4320,1410,filterLoc,,
4320,1413,filterLoc,,
4320,1416,filterLoc,,
4320,1419,filterLoc,,
4320,1422,filterLoc,,
4320,1425,filterLoc,,
4320,1428,filterLoc,,
4320,1431,filterLoc,,
4320,1434,filterLoc,,
4320,1437,filterLoc,,
4320,1440,filterLoc,,
4320,1443,filterLoc,,
4320,1446,filterLoc,,
4320,1449,filterLoc,,
4320,1452,filterLoc,,
4320,1455,filterLoc,,
4320,1458,filterLoc,,
4320,1461,filterLoc,,
4320,1464,filterLoc,,
4320,1467,filterLoc,,
4320,1470,filterLoc,,
4320,1473,filterLoc,,
4320,1476,filterLoc,,
4320,1479,filterLoc,,
4320,1482,filterLoc,,
4320,1485,filterLoc,,
4320,1488,filterLoc,,
4320,1491,filterLoc,,
4320,1494,filterLoc,,
4320,1497,filterLoc,,;Evacuee;298;in triage category;G;is entering helicopter;1
4320,1500,filterLoc,,
4320,1503,filterLoc,,
4320,1506,filterLoc,,
4320,1509,filterLoc,,
4320,299,filterLoc,out,Evacuee 325 in triage category G is assigned helicopter 1
4320,299,filterLoc,,
4320,300,evacuee,,Evacuee;325;in triage state;G;is entering helicopter;1
4320,305,filterLoc,out,Evacuee 322 in triage category G is assigned helicopter 1
4320,305,filterLoc,,
4320,306,evacuee,,Evacuee;322;in triage state;G;is entering helicopter;1
4320,356,filterLoc,out,Evacuee 293 in triage category G is assigned helicopter 1
4320,356,filterLoc,,
4320,357,evacuee,,Evacuee;293;in triage state;G;is entering helicopter;1
4320,365,filterLoc,out,Evacuee 292 in triage category G is assigned helicopter 1
4320,365,filterLoc,,
4320,366,evacuee,,Evacuee;292;in triage state;G;is entering helicopter;1
4320,368,filterLoc,out,Evacuee 291 in triage category G is assigned helicopter 1
4320,368,filterLoc,,
4320,369,evacuee,,Evacuee;291;in triage state;G;is entering helicopter;1
4320,428,filterLoc,out,Evacuee 301 in triage category G is assigned helicopter 1
4320,428,filterLoc,,
4320,429,evacuee,,Evacuee;301;in triage state;G;is entering helicopter;1
4320,431,filterLoc,out,Evacuee 272 in triage category G is assigned helicopter 1
4320,431,filterLoc,,
4320,432,evacuee,,Evacuee;272;in triage state;G;is entering helicopter;1
4320,434,filterLoc,out,Evacuee 270 in triage category G is assigned helicopter 1
4320,434,filterLoc,,
4320,435,evacuee,,Evacuee;270;in triage state;G;is entering helicopter;1
4320,1212,filterLoc,out,Evacuee 296 in triage category G is assigned helicopter 1
4320,1212,filterLoc,,
4320,1213,evacuee,,Evacuee;296;in triage state;G;is entering helicopter;1
4320,1497,filterLoc,out,Evacuee 298 in triage category G is assigned helicopter 1
4320,1497,filterLoc,,
4320,1498,evacuee,,Evacuee;298;in triage state;G;is entering helicopter;1
4320,300,evacuee,outHelo,Evacuee 325 in triage category G is assigned helicopter 1
4320,300,evacuee,,Evacuee;325;in triage state;G;is in helicopter;1
4320,306,evacuee,outHelo,Evacuee 322 in triage category G is assigned helicopter 1
4320,306,evacuee,,Evacuee;322;in triage state;G;is in helicopter;1
4320,357,evacuee,outHelo,Evacuee 293 in triage category G is assigned helicopter 1
4320,357,evacuee,,Evacuee;293;in triage state;G;is in helicopter;1
4320,366,evacuee,outHelo,Evacuee 292 in triage category G is assigned helicopter 1
4320,366,evacuee,,Evacuee;292;in triage state;G;is in helicopter;1
4320,369,evacuee,outHelo,Evacuee 291 in triage category G is assigned helicopter 1
4320,369,evacuee,,Evacuee;291;in triage state;G;is in helicopter;1
4320,429,evacuee,outHelo,Evacuee 301 in triage category G is assigned helicopter 1
4320,429,evacuee,,Evacuee;301;in triage state;G;is in helicopter;1
4320,432,evacuee,outHelo,Evacuee 272 in triage category G is assigned helicopter 1
4320,432,evacuee,,Evacuee;272;in triage state;G;is in helicopter;1
4320,435,evacuee,outHelo,Evacuee 270 in triage category G is assigned helicopter 1
4320,435,evacuee,,Evacuee;270;in triage state;G;is in helicopter;1
4320,1151,filterEvac,,;Evacuee;270;in triage category;G;is entering helicopter;1;Evacuee;272;in triage category;G;is entering helicopter;1;Evacuee;291;in triage category;G;is entering helicopter;1;Evacuee;292;in triage category;G;is entering helicopter;1;Evacuee;293;in triage category;G;is entering helicopter;1;Evacuee;296;in triage category;G;is entering helicopter;1;Evacuee;298;in triage category;G;is entering helicopter;1;Evacuee;301;in triage category;G;is entering helicopter;1;Evacuee;322;in triage category;G;is entering helicopter;1;Evacuee;325;in triage category;G;is entering helicopter;1
4320,1213,evacuee,outHelo,Evacuee 296 in triage category G is assigned helicopter 1
4320,1213,evacuee,,Evacuee;296;in triage state;G;is in helicopter;1
4320,1498,evacuee,outHelo,Evacuee 298 in triage category G is assigned helicopter 1
4320,1498,evacuee,,Evacuee;298;in triage state;G;is in helicopter;1
4320,1151,filterEvac,out,Evacuee 270 in triage category G is assigned helicopter 1
4320,1151,filterEvac,out,Evacuee 272 in triage category G is assigned helicopter 1
4320,1151,filterEvac,out,Evacuee 291 in triage category G is assigned helicopter 1
4320,1151,filterEvac,out,Evacuee 292 in triage category G is assigned helicopter 1
4320,1151,filterEvac,out,Evacuee 293 in triage category G is assigned helicopter 1
4320,1151,filterEvac,out,Evacuee 296 in triage category G is assigned helicopter 1
4320,1151,filterEvac,out,Evacuee 298 in triage category G is assigned helicopter 1
4320,1151,filterEvac,out,Evacuee 301 in triage category G is assigned helicopter 1
4320,1151,filterEvac,out,Evacuee 322 in triage category G is assigned helicopter 1
4320,1151,filterEvac,out,Evacuee 325 in triage category G is assigned helicopter 1
4320,1151,filterEvac,,
4320,1153,helicopter,,Helicopter;1;is loading people at the evacuation site;;and has;10;spots taken
4325.05,3,evacueeManager,,OFF SHIP: White;0;Green;32;Yellow;12;Red;2;Black;364;ON SHIP: White;0;Green;0;Yellow;0;Red;0;Evacuees to Transfer;
4325.05,86,evacuee,outES,Evacuee 445 in triage category Y is not assigned a helicopter
4325.05,86,evacuee,,Evacuee;445;in triage state;R;is at the evacuation site
4335,4,helipadManager,outHelo,Helicopter 1 is evacuating people1
4335,4,helipadManager,,;No helos are at ES
4335,1152,filterES,,Helicopter;1;is evacuating people
4335,4,helipadManager,outHQ,0
4335,4,helipadManager,,;No helos are at ES
4335,5,helicopterQueue,,;No helos are waiting to land
4335,1152,filterES,out,Helicopter 1 is evacuating people1
4335,1152,filterES,,
4335,1153,helicopter,,Helicopter;1;is loading people at the evacuation site;;and has;10;spots taken
4335,5,helicopterQueue,,;No helos are waiting to land
4335,1153,helicopter,,Helicopter;1;is returning to the FOL;;and has;10;spots taken
4344.7,3,evacueeManager,,OFF SHIP: White;0;Green;32;Yellow;12;Red;1;Black;365;ON SHIP: White;0;Green;0;Yellow;0;Red;0;Evacuees to Transfer;
4344.7,86,evacuee,outES,Evacuee 445 in triage category R is not assigned a helicopter
4344.7,86,evacuee,,Evacuee;445;in triage state;B;is at the evacuation site
4399.22,3,evacueeManager,,OFF SHIP: White;0;Green;31;Yellow;13;Red;1;Black;365;ON SHIP: White;0;Green;0;Yellow;0;Red;0;Evacuees to Transfer;
4399.22,222,evacuee,outES,Evacuee 370 in triage category G is not assigned a helicopter
4399.22,222,evacuee,,Evacuee;370;in triage state;Y;is at the evacuation site
4410,7,filterLoc,,
4410,10,filterLoc,,
4410,13,filterLoc,,
4410,16,filterLoc,,
4410,19,filterLoc,,
4410,22,filterLoc,,
4410,25,filterLoc,,
4410,28,filterLoc,,
4410,31,filterLoc,,
4410,34,filterLoc,,
4410,37,filterLoc,,
4410,40,filterLoc,,
4410,43,filterLoc,,
4410,46,filterLoc,,
4410,49,filterLoc,,
4410,52,filterLoc,,
4410,55,filterLoc,,
4410,58,filterLoc,,
4410,61,filterLoc,,
4410,64,filterLoc,,
4410,67,filterLoc,,
4410,70,filterLoc,,
4410,73,filterLoc,,
4410,76,filterLoc,,
4410,79,filterLoc,,
4410,82,filterLoc,,
4410,85,filterLoc,,
4410,88,filterLoc,,
4410,91,filterLoc,,
4410,94,filterLoc,,
4410,97,filterLoc,,
4410,100,filterLoc,,
4410,103,filterLoc,,
4410,106,filterLoc,,
4410,109,filterLoc,,
4410,112,filterLoc,,
4410,115,filterLoc,,
4410,118,filterLoc,,
4410,121,filterLoc,,
4410,124,filterLoc,,
4410,127,filterLoc,,
4410,130,filterLoc,,
4410,133,filterLoc,,
4410,136,filterLoc,,
4410,139,filterLoc,,
4410,142,filterLoc,,
4410,145,filterLoc,,
4410,148,filterLoc,,
4410,151,filterLoc,,
4410,154,filterLoc,,
4410,157,filterLoc,,
4410,160,filterLoc,,
4410,163,filterLoc,,
4410,166,filterLoc,,
4410,169,filterLoc,,
4410,172,filterLoc,,
4410,175,filterLoc,,
4410,178,filterLoc,,
4410,181,filterLoc,,
4410,184,filterLoc,,
4410,187,filterLoc,,
4410,190,filterLoc,,
4410,193,filterLoc,,
4410,196,filterLoc,,
4410,199,filterLoc,,
4410,202,filterLoc,,
4410,205,filterLoc,,
4410,208,filterLoc,,
4410,211,filterLoc,,
4410,214,filterLoc,,
4410,217,filterLoc,,
4410,221,filterLoc,,
4410,224,filterLoc,,
4410,227,filterLoc,,
4410,230,filterLoc,,
4410,233,filterLoc,,
4410,236,filterLoc,,
4410,239,filterLoc,,
4410,242,filterLoc,,
4410,245,filterLoc,,
4410,248,filterLoc,,
4410,251,filterLoc,,
4410,254,filterLoc,,
4410,257,filterLoc,,
4410,260,filterLoc,,
4410,263,filterLoc,,
4410,266,filterLoc,,
4410,269,filterLoc,,
4410,272,filterLoc,,
4410,275,filterLoc,,
4410,278,filterLoc,,
4410,281,filterLoc,,
4410,284,filterLoc,,
4410,287,filterLoc,,
4410,290,filterLoc,,
4410,293,filterLoc,,
4410,296,filterLoc,,
4410,299,filterLoc,,;Evacuee;325;in triage category;G;is leaving helicopter;1
4410,302,filterLoc,,
4410,305,filterLoc,,;Evacuee;322;in triage category;G;is leaving helicopter;1
4410,308,filterLoc,,
4410,311,filterLoc,,
4410,314,filterLoc,,
4410,317,filterLoc,,
4410,320,filterLoc,,
4410,323,filterLoc,,
4410,326,filterLoc,,
4410,329,filterLoc,,
4410,332,filterLoc,,
4410,335,filterLoc,,
4410,338,filterLoc,,
4410,341,filterLoc,,
4410,344,filterLoc,,
4410,347,filterLoc,,
4410,350,filterLoc,,
4410,353,filterLoc,,
4410,356,filterLoc,,;Evacuee;293;in triage category;G;is leaving helicopter;1
4410,359,filterLoc,,
4410,362,filterLoc,,
4410,365,filterLoc,,;Evacuee;292;in triage category;G;is leaving helicopter;1
4410,368,filterLoc,,;Evacuee;291;in triage category;G;is leaving helicopter;1
4410,371,filterLoc,,
4410,374,filterLoc,,
4410,377,filterLoc,,
4410,380,filterLoc,,
4410,383,filterLoc,,
4410,386,filterLoc,,
4410,389,filterLoc,,
4410,392,filterLoc,,
4410,395,filterLoc,,
4410,398,filterLoc,,
4410,401,filterLoc,,
4410,404,filterLoc,,
4410,407,filterLoc,,
4410,410,filterLoc,,
4410,413,filterLoc,,
4410,416,filterLoc,,
4410,419,filterLoc,,
4410,422,filterLoc,,
4410,425,filterLoc,,
4410,428,filterLoc,,;Evacuee;301;in triage category;G;is leaving helicopter;1
4410,431,filterLoc,,;Evacuee;272;in triage category;G;is leaving helicopter;1
4410,434,filterLoc,,;Evacuee;270;in triage category;G;is leaving helicopter;1
4410,437,filterLoc,,
4410,440,filterLoc,,
4410,443,filterLoc,,
4410,446,filterLoc,,
4410,449,filterLoc,,
4410,452,filterLoc,,
4410,455,filterLoc,,
4410,458,filterLoc,,
4410,461,filterLoc,,
4410,464,filterLoc,,
4410,467,filterLoc,,
4410,470,filterLoc,,
4410,473,filterLoc,,
4410,476,filterLoc,,
4410,479,filterLoc,,
4410,482,filterLoc,,
4410,485,filterLoc,,
4410,488,filterLoc,,
4410,491,filterLoc,,
4410,494,filterLoc,,
4410,497,filterLoc,,
4410,500,filterLoc,,
4410,503,filterLoc,,
4410,506,filterLoc,,
4410,509,filterLoc,,
4410,512,filterLoc,,
4410,515,filterLoc,,
4410,518,filterLoc,,
4410,521,filterLoc,,
4410,524,filterLoc,,
4410,527,filterLoc,,
4410,530,filterLoc,,
4410,533,filterLoc,,
4410,536,filterLoc,,
4410,539,filterLoc,,
4410,542,filterLoc,,
4410,545,filterLoc,,
4410,548,filterLoc,,
4410,551,filterLoc,,
4410,554,filterLoc,,
4410,557,filterLoc,,
4410,560,filterLoc,,
4410,563,filterLoc,,
4410,566,filterLoc,,
4410,569,filterLoc,,
4410,572,filterLoc,,
4410,575,filterLoc,,
4410,578,filterLoc,,
4410,581,filterLoc,,
4410,584,filterLoc,,
4410,587,filterLoc,,
4410,590,filterLoc,,
4410,593,filterLoc,,
4410,596,filterLoc,,
4410,599,filterLoc,,
4410,602,filterLoc,,
4410,605,filterLoc,,
4410,608,filterLoc,,
4410,611,filterLoc,,
4410,614,filterLoc,,
4410,617,filterLoc,,
4410,620,filterLoc,,
4410,623,filterLoc,,
4410,626,filterLoc,,
4410,629,filterLoc,,
4410,632,filterLoc,,
4410,635,filterLoc,,
4410,638,filterLoc,,
4410,641,filterLoc,,
4410,644,filterLoc,,
4410,647,filterLoc,,
4410,650,filterLoc,,
4410,653,filterLoc,,
4410,656,filterLoc,,
4410,659,filterLoc,,
4410,662,filterLoc,,
4410,665,filterLoc,,
4410,668,filterLoc,,
4410,671,filterLoc,,
4410,674,filterLoc,,
4410,677,filterLoc,,
4410,680,filterLoc,,
4410,683,filterLoc,,
4410,686,filterLoc,,
4410,689,filterLoc,,
4410,692,filterLoc,,
4410,695,filterLoc,,
4410,698,filterLoc,,
4410,701,filterLoc,,
4410,704,filterLoc,,
4410,707,filterLoc,,
4410,710,filterLoc,,
4410,713,filterLoc,,
4410,716,filterLoc,,
4410,719,filterLoc,,
4410,722,filterLoc,,
4410,725,filterLoc,,
4410,728,filterLoc,,
4410,731,filterLoc,,
4410,734,filterLoc,,
4410,737,filterLoc,,
4410,740,filterLoc,,
4410,743,filterLoc,,
4410,746,filterLoc,,
4410,749,filterLoc,,
4410,752,filterLoc,,
4410,755,filterLoc,,
4410,758,filterLoc,,
4410,761,filterLoc,,
4410,764,filterLoc,,
4410,767,filterLoc,,
4410,770,filterLoc,,
4410,773,filterLoc,,
4410,776,filterLoc,,
4410,779,filterLoc,,
4410,782,filterLoc,,
4410,785,filterLoc,,
4410,788,filterLoc,,
4410,791,filterLoc,,
4410,794,filterLoc,,
4410,797,filterLoc,,
4410,800,filterLoc,,
4410,803,filterLoc,,
4410,806,filterLoc,,
4410,809,filterLoc,,
4410,812,filterLoc,,
4410,815,filterLoc,,
4410,818,filterLoc,,
4410,821,filterLoc,,
4410,824,filterLoc,,
4410,827,filterLoc,,
4410,830,filterLoc,,
4410,833,filterLoc,,
4410,836,filterLoc,,
4410,839,filterLoc,,
4410,842,filterLoc,,
4410,845,filterLoc,,
4410,848,filterLoc,,
4410,851,filterLoc,,
4410,854,filterLoc,,
4410,857,filterLoc,,
4410,860,filterLoc,,
4410,863,filterLoc,,
4410,866,filterLoc,,
4410,869,filterLoc,,
4410,872,filterLoc,,
4410,875,filterLoc,,
4410,878,filterLoc,,
4410,881,filterLoc,,
4410,884,filterLoc,,
4410,887,filterLoc,,
4410,890,filterLoc,,
4410,893,filterLoc,,
4410,896,filterLoc,,
4410,899,filterLoc,,
4410,902,filterLoc,,
4410,905,filterLoc,,
4410,908,filterLoc,,
4410,911,filterLoc,,
4410,914,filterLoc,,
4410,917,filterLoc,,
4410,920,filterLoc,,
4410,923,filterLoc,,
4410,926,filterLoc,,
4410,929,filterLoc,,
4410,932,filterLoc,,
4410,935,filterLoc,,
4410,938,filterLoc,,
4410,941,filterLoc,,
4410,944,filterLoc,,
4410,947,filterLoc,,
4410,950,filterLoc,,
4410,953,filterLoc,,
4410,956,filterLoc,,
4410,959,filterLoc,,
4410,962,filterLoc,,
4410,965,filterLoc,,
4410,968,filterLoc,,
4410,971,filterLoc,,
4410,974,filterLoc,,
4410,977,filterLoc,,
4410,980,filterLoc,,
4410,983,filterLoc,,
4410,986,filterLoc,,
4410,989,filterLoc,,
4410,992,filterLoc,,
4410,995,filterLoc,,
4410,998,filterLoc,,
4410,1001,filterLoc,,
4410,1004,filterLoc,,
4410,1007,filterLoc,,
4410,1010,filterLoc,,
4410,1013,filterLoc,,
4410,1016,filterLoc,,
4410,1019,filterLoc,,
4410,1022,filterLoc,,
4410,1025,filterLoc,,
4410,1028,filterLoc,,
4410,1031,filterLoc,,
4410,1034,filterLoc,,
4410,1037,filterLoc,,
4410,1040,filterLoc,,
4410,1043,filterLoc,,
4410,1046,filterLoc,,
4410,1049,filterLoc,,
4410,1052,filterLoc,,
4410,1055,filterLoc,,
4410,1058,filterLoc,,
4410,1061,filterLoc,,
4410,1064,filterLoc,,
4410,1067,filterLoc,,
4410,1070,filterLoc,,
4410,1073,filterLoc,,
4410,1076,filterLoc,,
4410,1079,filterLoc,,
4410,1082,filterLoc,,
4410,1085,filterLoc,,
4410,1088,filterLoc,,
4410,1091,filterLoc,,
4410,1094,filterLoc,,
4410,1097,filterLoc,,
4410,1100,filterLoc,,
4410,1103,filterLoc,,
4410,1106,filterLoc,,
4410,1109,filterLoc,,
4410,1112,filterLoc,,
4410,1115,filterLoc,,
4410,1118,filterLoc,,
4410,1121,filterLoc,,
4410,1124,filterLoc,,
4410,1127,filterLoc,,
4410,1130,filterLoc,,
4410,1133,filterLoc,,
4410,1136,filterLoc,,
4410,1139,filterLoc,,
4410,1142,filterLoc,,
4410,1145,filterLoc,,
4410,1148,filterLoc,,
4410,1153,helicopter,outEvac,Evacuee 270 in triage category G is not assigned a helicopter
4410,1153,helicopter,outEvac,Evacuee 272 in triage category G is not assigned a helicopter
4410,1153,helicopter,outEvac,Evacuee 291 in triage category G is not assigned a helicopter
4410,1153,helicopter,outEvac,Evacuee 292 in triage category G is not assigned a helicopter
4410,1153,helicopter,outEvac,Evacuee 293 in triage category G is not assigned a helicopter
4410,1153,helicopter,outEvac,Evacuee 296 in triage category G is not assigned a helicopter
4410,1153,helicopter,outEvac,Evacuee 298 in triage category G is not assigned a helicopter
4410,1153,helicopter,outEvac,Evacuee 301 in triage category G is not assigned a helicopter
4410,1153,helicopter,outEvac,Evacuee 322 in triage category G is not assigned a helicopter
4410,1153,helicopter,outEvac,Evacuee 325 in triage category G is not assigned a helicopter
4410,1153,helicopter,,Helicopter;1;is unloading people at the FOL;;and has;0;spots taken
4410,1155,filterLoc,,
4410,1158,filterLoc,,
4410,1161,filterLoc,,
4410,1164,filterLoc,,
4410,1167,filterLoc,,
4410,1170,filterLoc,,
4410,1173,filterLoc,,
4410,1176,filterLoc,,
4410,1179,filterLoc,,
4410,1182,filterLoc,,
4410,1185,filterLoc,,
4410,1188,filterLoc,,
4410,1191,filterLoc,,
4410,1194,filterLoc,,
4410,1197,filterLoc,,
4410,1200,filterLoc,,
4410,1203,filterLoc,,
4410,1206,filterLoc,,
4410,1209,filterLoc,,
4410,1212,filterLoc,,;Evacuee;296;in triage category;G;is leaving helicopter;1
4410,1215,filterLoc,,
4410,1218,filterLoc,,
4410,1221,filterLoc,,
4410,1224,filterLoc,,
4410,1227,filterLoc,,
4410,1230,filterLoc,,
4410,1233,filterLoc,,
4410,1236,filterLoc,,
4410,1239,filterLoc,,
4410,1242,filterLoc,,
4410,1245,filterLoc,,
4410,1248,filterLoc,,
4410,1251,filterLoc,,
4410,1254,filterLoc,,
4410,1257,filterLoc,,
4410,1260,filterLoc,,
4410,1263,filterLoc,,
4410,1266,filterLoc,,
4410,1269,filterLoc,,
4410,1272,filterLoc,,
4410,1275,filterLoc,,
4410,1278,filterLoc,,
4410,1281,filterLoc,,
4410,1284,filterLoc,,
4410,1287,filterLoc,,
4410,1290,filterLoc,,
4410,1293,filterLoc,,
4410,1296,filterLoc,,
4410,1299,filterLoc,,
4410,1302,filterLoc,,
4410,1305,filterLoc,,
4410,1308,filterLoc,,
4410,1311,filterLoc,,
4410,1314,filterLoc,,
4410,1317,filterLoc,,
4410,1320,filterLoc,,
4410,1323,filterLoc,,
4410,1326,filterLoc,,
4410,1329,filterLoc,,
4410,1332,filterLoc,,
4410,1335,filterLoc,,
4410,1338,filterLoc,,
4410,1341,filterLoc,,
4410,1344,filterLoc,,
4410,1347,filterLoc,,
4410,1350,filterLoc,,
4410,1353,filterLoc,,
4410,1356,filterLoc,,
4410,1359,filterLoc,,
4410,1362,filterLoc,,
4410,1365,filterLoc,,
4410,1368,filterLoc,,
4410,1371,filterLoc,,
4410,1374,filterLoc,,
4410,1377,filterLoc,,
4410,1380,filterLoc,,
4410,1383,filterLoc,,
4410,1386,filterLoc,,
4410,1389,filterLoc,,
4410,1392,filterLoc,,
4410,1395,filterLoc,,
4410,1398,filterLoc,,
4410,1401,filterLoc,,
4410,1404,filterLoc,,
4410,1407,filterLoc,,
4410,1410,filterLoc,,
4410,1413,filterLoc,,
4410,1416,filterLoc,,
4410,1419,filterLoc,,
4410,1422,filterLoc,,
4410,1425,filterLoc,,
4410,1428,filterLoc,,
4410,1431,filterLoc,,
4410,1434,filterLoc,,
4410,1437,filterLoc,,
4410,1440,filterLoc,,
4410,1443,filterLoc,,
4410,1446,filterLoc,,
4410,1449,filterLoc,,
4410,1452,filterLoc,,
4410,1455,filterLoc,,
4410,1458,filterLoc,,
4410,1461,filterLoc,,
4410,1464,filterLoc,,
4410,1467,filterLoc,,
4410,1470,filterLoc,,
4410,1473,filterLoc,,
4410,1476,filterLoc,,
4410,1479,filterLoc,,
4410,1482,filterLoc,,
4410,1485,filterLoc,,
4410,1488,filterLoc,,
4410,1491,filterLoc,,
4410,1494,filterLoc,,
4410,1497,filterLoc,,;Evacuee;298;in triage category;G;is leaving helicopter;1
4410,1500,filterLoc,,
4410,1503,filterLoc,,
4410,1506,filterLoc,,
4410,1509,filterLoc,,
4410,299,filterLoc,out,Evacuee 325 in triage category G is not assigned a helicopter
4410,299,filterLoc,,
4410,300,evacuee,,Evacuee;325;in triage state;G;is entering the FOL
4410,305,filterLoc,out,Evacuee 322 in triage category G is not assigned a helicopter
4410,305,filterLoc,,
4410,306,evacuee,,Evacuee;322;in triage state;G;is entering the FOL
4410,356,filterLoc,out,Evacuee 293 in triage category G is not assigned a helicopter
4410,356,filterLoc,,
4410,357,evacuee,,Evacuee;293;in triage state;G;is entering the FOL
4410,365,filterLoc,out,Evacuee 292 in triage category G is not assigned a helicopter
4410,365,filterLoc,,
4410,366,evacuee,,Evacuee;292;in triage state;G;is entering the FOL
4410,368,filterLoc,out,Evacuee 291 in triage category G is not assigned a helicopter
4410,368,filterLoc,,
4410,369,evacuee,,Evacuee;291;in triage state;G;is entering the FOL
4410,428,filterLoc,out,Evacuee 301 in triage category G is not assigned a helicopter
4410,428,filterLoc,,
4410,429,evacuee,,Evacuee;301;in triage state;G;is entering the FOL
4410,431,filterLoc,out,Evacuee 272 in triage category G is not assigned a helicopter
4410,431,filterLoc,,
4410,432,evacuee,,Evacuee;272;in triage state;G;is entering the FOL
4410,434,filterLoc,out,Evacuee 270 in triage category G is not assigned a helicopter
4410,434,filterLoc,,
4410,435,evacuee,,Evacuee;270;in triage state;G;is entering the FOL
4410,1212,filterLoc,out,Evacuee 296 in triage category G is not assigned a helicopter
4410,1212,filterLoc,,
4410,1213,evacuee,,Evacuee;296;in triage state;G;is entering the FOL
4410,1497,filterLoc,out,Evacuee 298 in triage category G is not assigned a helicopter
4410,1497,filterLoc,,
4410,1498,evacuee,,Evacuee;298;in triage state;G;is entering the FOL
4410,219,FOL,,;EvacueeID;3;Triage Status;G;EvacueeID;5;Triage Status;G;EvacueeID;8;Triage Status;G;EvacueeID;12;Triage Status;G;EvacueeID;15;Triage Status;G;EvacueeID;21;Triage Status;G;EvacueeID;30;Triage Status;G;EvacueeID;31;Triage Status;G;EvacueeID;36;Triage Status;G;EvacueeID;38;Triage Status;G;EvacueeID;39;Triage Status;G;EvacueeID;42;Triage Status;G;EvacueeID;43;Triage Status;G;EvacueeID;46;Triage Status;G;EvacueeID;47;Triage Status;G;EvacueeID;51;Triage Status;G;EvacueeID;53;Triage Status;G;EvacueeID;56;Triage Status;G;EvacueeID;57;Triage Status;G;EvacueeID;59;Triage Status;G;EvacueeID;62;Triage Status;G;EvacueeID;66;Triage Status;G;EvacueeID;68;Triage Status;G;EvacueeID;72;Triage Status;G;EvacueeID;79;Triage Status;G;EvacueeID;80;Triage Status;G;EvacueeID;84;Triage Status;G;EvacueeID;86;Triage Status;G;EvacueeID;89;Triage Status;G;EvacueeID;91;Triage Status;G;EvacueeID;101;Triage Status;G;EvacueeID;103;Triage Status;G;EvacueeID;107;Triage Status;G;EvacueeID;110;Triage Status;G;EvacueeID;111;Triage Status;G;EvacueeID;115;Triage Status;G;EvacueeID;118;Triage Status;G;EvacueeID;124;Triage Status;G;EvacueeID;130;Triage Status;G;EvacueeID;132;Triage Status;G;EvacueeID;133;Triage Status;G;EvacueeID;134;Triage Status;G;EvacueeID;135;Triage Status;G;EvacueeID;140;Triage Status;G;EvacueeID;141;Triage Status;G;EvacueeID;143;Triage Status;G;EvacueeID;145;Triage Status;G;EvacueeID;146;Triage Status;G;EvacueeID;149;Triage Status;G;EvacueeID;151;Triage Status;G;EvacueeID;167;Triage Status;G;EvacueeID;168;Triage Status;G;EvacueeID;169;Triage Status;G;EvacueeID;172;Triage Status;G;EvacueeID;176;Triage Status;G;EvacueeID;193;Triage Status;G;EvacueeID;195;Triage Status;G;EvacueeID;196;Triage Status;G;EvacueeID;197;Triage Status;G;EvacueeID;198;Triage Status;G;EvacueeID;199;Triage Status;G;EvacueeID;208;Triage Status;G;EvacueeID;215;Triage Status;G;EvacueeID;216;Triage Status;G;EvacueeID;219;Triage Status;G;EvacueeID;221;Triage Status;G;EvacueeID;222;Triage Status;G;EvacueeID;223;Triage Status;G;EvacueeID;224;Triage Status;G;EvacueeID;228;Triage Status;G;EvacueeID;229;Triage Status;G;EvacueeID;230;Triage Status;G;EvacueeID;231;Triage Status;G;EvacueeID;240;Triage Status;G;EvacueeID;248;Triage Status;G;EvacueeID;254;Triage Status;G;EvacueeID;256;Triage Status;G;EvacueeID;257;Triage Status;G;EvacueeID;262;Triage Status;G;EvacueeID;264;Triage Status;G;EvacueeID;270;Triage Status;G;EvacueeID;272;Triage Status;G;EvacueeID;291;Triage Status;G;EvacueeID;292;Triage Status;G;EvacueeID;293;Triage Status;G;EvacueeID;296;Triage Status;G;EvacueeID;298;Triage Status;G;EvacueeID;301;Triage Status;G;EvacueeID;322;Triage Status;G;EvacueeID;325;Triage Status;G;Lives Saved;90
4410,300,evacuee,outFOL,Evacuee 325 in triage category G is not assigned a helicopter
4410,300,evacuee,,Evacuee;325;in triage state;G;is at the FOL
4410,306,evacuee,outFOL,Evacuee 322 in triage category G is not assigned a helicopter
4410,306,evacuee,,Evacuee;322;in triage state;G;is at the FOL
4410,357,evacuee,outFOL,Evacuee 293 in triage category G is not assigned a helicopter
4410,357,evacuee,,Evacuee;293;in triage state;G;is at the FOL
4410,366,evacuee,outFOL,Evacuee 292 in triage category G is not assigned a helicopter
4410,366,evacuee,,Evacuee;292;in triage state;G;is at the FOL
4410,369,evacuee,outFOL,Evacuee 291 in triage category G is not assigned a helicopter
4410,369,evacuee,,Evacuee;291;in triage state;G;is at the FOL
4410,429,evacuee,outFOL,Evacuee 301 in triage category G is not assigned a helicopter
4410,429,evacuee,,Evacuee;301;in triage state;G;is at the FOL
4410,432,evacuee,outFOL,Evacuee 272 in triage category G is not assigned a helicopter
4410,432,evacuee,,Evacuee;272;in triage state;G;is at the FOL
4410,435,evacuee,outFOL,Evacuee 270 in triage category G is not assigned a helicopter
4410,435,evacuee,,Evacuee;270;in triage state;G;is at the FOL
4410,1213,evacuee,outFOL,Evacuee 296 in triage category G is not assigned a helicopter
4410,1213,evacuee,,Evacuee;296;in triage state;G;is at the FOL
4410,1498,evacuee,outFOL,Evacuee 298 in triage category G is not assigned a helicopter
4410,1498,evacuee,,Evacuee;298;in triage state;G;is at the FOL
4410,219,FOL,,;EvacueeID;3;Triage Status;G;EvacueeID;5;Triage Status;G;EvacueeID;8;Triage Status;G;EvacueeID;12;Triage Status;G;EvacueeID;15;Triage Status;G;EvacueeID;21;Triage Status;G;EvacueeID;30;Triage Status;G;EvacueeID;31;Triage Status;G;EvacueeID;36;Triage Status;G;EvacueeID;38;Triage Status;G;EvacueeID;39;Triage Status;G;EvacueeID;42;Triage Status;G;EvacueeID;43;Triage Status;G;EvacueeID;46;Triage Status;G;EvacueeID;47;Triage Status;G;EvacueeID;51;Triage Status;G;EvacueeID;53;Triage Status;G;EvacueeID;56;Triage Status;G;EvacueeID;57;Triage Status;G;EvacueeID;59;Triage Status;G;EvacueeID;62;Triage Status;G;EvacueeID;66;Triage Status;G;EvacueeID;68;Triage Status;G;EvacueeID;72;Triage Status;G;EvacueeID;79;Triage Status;G;EvacueeID;80;Triage Status;G;EvacueeID;84;Triage Status;G;EvacueeID;86;Triage Status;G;EvacueeID;89;Triage Status;G;EvacueeID;91;Triage Status;G;EvacueeID;101;Triage Status;G;EvacueeID;103;Triage Status;G;EvacueeID;107;Triage Status;G;EvacueeID;110;Triage Status;G;EvacueeID;111;Triage Status;G;EvacueeID;115;Triage Status;G;EvacueeID;118;Triage Status;G;EvacueeID;124;Triage Status;G;EvacueeID;130;Triage Status;G;EvacueeID;132;Triage Status;G;EvacueeID;133;Triage Status;G;EvacueeID;134;Triage Status;G;EvacueeID;135;Triage Status;G;EvacueeID;140;Triage Status;G;EvacueeID;141;Triage Status;G;EvacueeID;143;Triage Status;G;EvacueeID;145;Triage Status;G;EvacueeID;146;Triage Status;G;EvacueeID;149;Triage Status;G;EvacueeID;151;Triage Status;G;EvacueeID;167;Triage Status;G;EvacueeID;168;Triage Status;G;EvacueeID;169;Triage Status;G;EvacueeID;172;Triage Status;G;EvacueeID;176;Triage Status;G;EvacueeID;193;Triage Status;G;EvacueeID;195;Triage Status;G;EvacueeID;196;Triage Status;G;EvacueeID;197;Triage Status;G;EvacueeID;198;Triage Status;G;EvacueeID;199;Triage Status;G;EvacueeID;208;Triage Status;G;EvacueeID;215;Triage Status;G;EvacueeID;216;Triage Status;G;EvacueeID;219;Triage Status;G;EvacueeID;221;Triage Status;G;EvacueeID;222;Triage Status;G;EvacueeID;223;Triage Status;G;EvacueeID;224;Triage Status;G;EvacueeID;228;Triage Status;G;EvacueeID;229;Triage Status;G;EvacueeID;230;Triage Status;G;EvacueeID;231;Triage Status;G;EvacueeID;240;Triage Status;G;EvacueeID;248;Triage Status;G;EvacueeID;254;Triage Status;G;EvacueeID;256;Triage Status;G;EvacueeID;257;Triage Status;G;EvacueeID;262;Triage Status;G;EvacueeID;264;Triage Status;G;EvacueeID;270;Triage Status;G;EvacueeID;272;Triage Status;G;EvacueeID;291;Triage Status;G;EvacueeID;292;Triage Status;G;EvacueeID;293;Triage Status;G;EvacueeID;296;Triage Status;G;EvacueeID;298;Triage Status;G;EvacueeID;301;Triage Status;G;EvacueeID;322;Triage Status;G;EvacueeID;325;Triage Status;G;Lives Saved;90
4425,1153,helicopter,,Helicopter;1;Is going to the evacuation site;;and has;0;spots taken
4432.58,3,evacueeManager,,OFF SHIP: White;0;Green;31;Yellow;13;Red;0;Black;366;ON SHIP: White;0;Green;0;Yellow;0;Red;0;Evacuees to Transfer;
4432.58,1342,evacuee,outES,Evacuee 314 in triage category R is not assigned a helicopter
4432.58,1342,evacuee,,Evacuee;314;in triage state;B;is at the evacuation site
4433.54,3,evacueeManager,,OFF SHIP: White;0;Green;31;Yellow;12;Red;1;Black;366;ON SHIP: White;0;Green;0;Yellow;0;Red;0;Evacuees to Transfer;
4433.54,828,evacuee,outES,Evacuee 40 in triage category Y is not assigned a helicopter
4433.54,828,evacuee,,Evacuee;40;in triage state;R;is at the evacuation site
4437.6,3,evacueeManager,,OFF SHIP: White;0;Green;31;Yellow;11;Red;2;Black;366;ON SHIP: White;0;Green;0;Yellow;0;Red;0;Evacuees to Transfer;
4437.6,285,evacuee,outES,Evacuee 328 in triage category Y is not assigned a helicopter
4437.6,285,evacuee,,Evacuee;328;in triage state;R;is at the evacuation site
4438.09,3,evacueeManager,,OFF SHIP: White;0;Green;31;Yellow;10;Red;3;Black;366;ON SHIP: White;0;Green;0;Yellow;0;Red;0;Evacuees to Transfer;
4438.09,912,evacuee,outES,Evacuee 359 in triage category Y is not assigned a helicopter
4438.09,912,evacuee,,Evacuee;359;in triage state;R;is at the evacuation site
4449.06,3,evacueeManager,,OFF SHIP: White;0;Green;31;Yellow;9;Red;4;Black;366;ON SHIP: White;0;Green;0;Yellow;0;Red;0;Evacuees to Transfer;
4449.06,68,evacuee,outES,Evacuee 459 in triage category Y is not assigned a helicopter
4449.06,68,evacuee,,Evacuee;459;in triage state;R;is at the evacuation site
4455.24,3,evacueeManager,,OFF SHIP: White;0;Green;31;Yellow;8;Red;5;Black;366;ON SHIP: White;0;Green;0;Yellow;0;Red;0;Evacuees to Transfer;
4455.24,1411,evacuee,outES,Evacuee 294 in triage category Y is not assigned a helicopter
4455.24,1411,evacuee,,Evacuee;294;in triage state;R;is at the evacuation site
4458.28,3,evacueeManager,,OFF SHIP: White;0;Green;31;Yellow;8;Red;4;Black;367;ON SHIP: White;0;Green;0;Yellow;0;Red;0;Evacuees to Transfer;
4458.28,828,evacuee,outES,Evacuee 40 in triage category R is not assigned a helicopter
4458.28,828,evacuee,,Evacuee;40;in triage state;B;is at the evacuation site
4471.98,3,evacueeManager,,OFF SHIP: White;0;Green;31;Yellow;8;Red;3;Black;368;ON SHIP: White;0;Green;0;Yellow;0;Red;0;Evacuees to Transfer;
4471.98,285,evacuee,outES,Evacuee 328 in triage category R is not assigned a helicopter
4471.98,285,evacuee,,Evacuee;328;in triage state;B;is at the evacuation site
4494.54,3,evacueeManager,,OFF SHIP: White;0;Green;31;Yellow;7;Red;4;Black;368;ON SHIP: White;0;Green;0;Yellow;0;Red;0;Evacuees to Transfer;
4494.54,1393,evacuee,outES,Evacuee 180 in triage category Y is not assigned a helicopter
4494.54,1393,evacuee,,Evacuee;180;in triage state;R;is at the evacuation site
4500,5,helicopterQueue,,1;Helos are waiting to land;HeloID;1
4500,1153,helicopter,outES,Helicopter 1 is evacuating people1
4500,1153,helicopter,,Helicopter;1;is waiting to land at the evacuation site;;and has;0;spots taken
4500,4,helipadManager,,;No helos are at ES
4500,5,helicopterQueue,outHM,Helicopter 1 is evacuating people1
4500,5,helicopterQueue,outHelo,Helicopter 1 is evacuating people1
4500,5,helicopterQueue,,;No helos are waiting to land
4500,1152,filterES,,Helicopter;1;is evacuating people
4500,3,evacueeManager,,OFF SHIP: White;0;Green;21;Yellow;7;Red;4;Black;368;ON SHIP: White;0;Green;0;Yellow;0;Red;0;Evacuees to Transfer;;EvacueeID;326;HeloID;1;OnShip;0;Triage Status;G;EvacueeID;339;HeloID;1;OnShip;0;Triage Status;G;EvacueeID;345;HeloID;1;OnShip;0;Triage Status;G;EvacueeID;362;HeloID;1;OnShip;0;Triage Status;G;EvacueeID;364;HeloID;1;OnShip;0;Triage Status;G;EvacueeID;365;HeloID;1;OnShip;0;Triage Status;G;EvacueeID;366;HeloID;1;OnShip;0;Triage Status;G;EvacueeID;367;HeloID;1;OnShip;0;Triage Status;G;EvacueeID;369;HeloID;1;OnShip;0;Triage Status;G;EvacueeID;389;HeloID;1;OnShip;0;Triage Status;G
4500,4,helipadManager,outEM,Helicopter 1 is evacuating people1
4500,4,helipadManager,,Helo;1;is at the ES
4500,1152,filterES,out,Helicopter 1 is evacuating people1
4500,1152,filterES,,
4500,1153,helicopter,,Helicopter;1;is waiting to land at the evacuation site;;and has;0;spots taken
4500,3,evacueeManager,outEvac,Evacuee 326 in triage category G is assigned helicopter 1
4500,3,evacueeManager,outEvac,Evacuee 339 in triage category G is assigned helicopter 1
4500,3,evacueeManager,outEvac,Evacuee 345 in triage category G is assigned helicopter 1
4500,3,evacueeManager,outEvac,Evacuee 362 in triage category G is assigned helicopter 1
4500,3,evacueeManager,outEvac,Evacuee 364 in triage category G is assigned helicopter 1
4500,3,evacueeManager,outEvac,Evacuee 365 in triage category G is assigned helicopter 1
4500,3,evacueeManager,outEvac,Evacuee 366 in triage category G is assigned helicopter 1
4500,3,evacueeManager,outEvac,Evacuee 367 in triage category G is assigned helicopter 1
4500,3,evacueeManager,outEvac,Evacuee 369 in triage category G is assigned helicopter 1
4500,3,evacueeManager,outEvac,Evacuee 389 in triage category G is assigned helicopter 1
4500,3,evacueeManager,,OFF SHIP: White;0;Green;21;Yellow;7;Red;4;Black;368;ON SHIP: White;0;Green;0;Yellow;0;Red;0;Evacuees to Transfer;
4500,7,filterLoc,,
4500,10,filterLoc,,
4500,13,filterLoc,,
4500,16,filterLoc,,
4500,19,filterLoc,,
4500,22,filterLoc,,
4500,25,filterLoc,,
4500,28,filterLoc,,
4500,31,filterLoc,,
4500,34,filterLoc,,
4500,37,filterLoc,,
4500,40,filterLoc,,
4500,43,filterLoc,,
4500,46,filterLoc,,
4500,49,filterLoc,,
4500,52,filterLoc,,
4500,55,filterLoc,,
4500,58,filterLoc,,
4500,61,filterLoc,,
4500,64,filterLoc,,
4500,67,filterLoc,,
4500,70,filterLoc,,
4500,73,filterLoc,,
4500,76,filterLoc,,
4500,79,filterLoc,,
4500,82,filterLoc,,
4500,85,filterLoc,,
4500,88,filterLoc,,
4500,91,filterLoc,,
4500,94,filterLoc,,
4500,97,filterLoc,,
4500,100,filterLoc,,
4500,103,filterLoc,,
4500,106,filterLoc,,
4500,109,filterLoc,,
4500,112,filterLoc,,
4500,115,filterLoc,,
4500,118,filterLoc,,
4500,121,filterLoc,,
4500,124,filterLoc,,
4500,127,filterLoc,,
4500,130,filterLoc,,
4500,133,filterLoc,,
4500,136,filterLoc,,
4500,139,filterLoc,,
4500,142,filterLoc,,
4500,145,filterLoc,,
4500,148,filterLoc,,
4500,151,filterLoc,,
4500,154,filterLoc,,
4500,157,filterLoc,,
4500,160,filterLoc,,
4500,163,filterLoc,,
4500,166,filterLoc,,
4500,169,filterLoc,,
4500,172,filterLoc,,;Evacuee;389;in triage category;G;is entering helicopter;1
4500,175,filterLoc,,
4500,178,filterLoc,,
4500,181,filterLoc,,
4500,184,filterLoc,,
4500,187,filterLoc,,
4500,190,filterLoc,,
4500,193,filterLoc,,
4500,196,filterLoc,,
4500,199,filterLoc,,
4500,202,filterLoc,,
4500,205,filterLoc,,
4500,208,filterLoc,,
4500,211,filterLoc,,
4500,214,filterLoc,,
4500,217,filterLoc,,
4500,221,filterLoc,,
4500,224,filterLoc,,
4500,227,filterLoc,,;Evacuee;369;in triage category;G;is entering helicopter;1
4500,230,filterLoc,,;Evacuee;366;in triage category;G;is entering helicopter;1
4500,233,filterLoc,,;Evacuee;362;in triage category;G;is entering helicopter;1
4500,236,filterLoc,,
4500,239,filterLoc,,
4500,242,filterLoc,,
4500,245,filterLoc,,
4500,248,filterLoc,,
4500,251,filterLoc,,
4500,254,filterLoc,,
4500,257,filterLoc,,
4500,260,filterLoc,,
4500,263,filterLoc,,
4500,266,filterLoc,,
4500,269,filterLoc,,
4500,272,filterLoc,,
4500,275,filterLoc,,
4500,278,filterLoc,,
4500,281,filterLoc,,
4500,284,filterLoc,,
4500,287,filterLoc,,
4500,290,filterLoc,,
4500,293,filterLoc,,;Evacuee;326;in triage category;G;is entering helicopter;1
4500,296,filterLoc,,
4500,299,filterLoc,,
4500,302,filterLoc,,;Evacuee;365;in triage category;G;is entering helicopter;1
4500,305,filterLoc,,
4500,308,filterLoc,,
4500,311,filterLoc,,
4500,314,filterLoc,,
4500,317,filterLoc,,
4500,320,filterLoc,,
4500,323,filterLoc,,
4500,326,filterLoc,,
4500,329,filterLoc,,
4500,332,filterLoc,,
4500,335,filterLoc,,
4500,338,filterLoc,,
4500,341,filterLoc,,
4500,344,filterLoc,,
4500,347,filterLoc,,
4500,350,filterLoc,,
4500,353,filterLoc,,
4500,356,filterLoc,,
4500,359,filterLoc,,
4500,362,filterLoc,,
4500,365,filterLoc,,
4500,368,filterLoc,,
4500,371,filterLoc,,
4500,374,filterLoc,,
4500,377,filterLoc,,
4500,380,filterLoc,,
4500,383,filterLoc,,
4500,386,filterLoc,,
4500,389,filterLoc,,
4500,392,filterLoc,,
4500,395,filterLoc,,
4500,398,filterLoc,,
4500,401,filterLoc,,
4500,404,filterLoc,,
4500,407,filterLoc,,
4500,410,filterLoc,,
4500,413,filterLoc,,
4500,416,filterLoc,,
4500,419,filterLoc,,
4500,422,filterLoc,,
4500,425,filterLoc,,
4500,428,filterLoc,,
4500,431,filterLoc,,
4500,434,filterLoc,,
4500,437,filterLoc,,
4500,440,filterLoc,,
4500,443,filterLoc,,
4500,446,filterLoc,,
4500,449,filterLoc,,
4500,452,filterLoc,,
4500,455,filterLoc,,
4500,458,filterLoc,,
4500,461,filterLoc,,
4500,464,filterLoc,,
4500,467,filterLoc,,
4500,470,filterLoc,,
4500,473,filterLoc,,
4500,476,filterLoc,,
4500,479,filterLoc,,
4500,482,filterLoc,,
4500,485,filterLoc,,
4500,488,filterLoc,,
4500,491,filterLoc,,
4500,494,filterLoc,,
4500,497,filterLoc,,
4500,500,filterLoc,,
4500,503,filterLoc,,
4500,506,filterLoc,,
4500,509,filterLoc,,
4500,512,filterLoc,,;Evacuee;345;in triage category;G;is entering helicopter;1
4500,515,filterLoc,,
4500,518,filterLoc,,
4500,521,filterLoc,,
4500,524,filterLoc,,
4500,527,filterLoc,,
4500,530,filterLoc,,
4500,533,filterLoc,,
4500,536,filterLoc,,
4500,539,filterLoc,,
4500,542,filterLoc,,
4500,545,filterLoc,,
4500,548,filterLoc,,
4500,551,filterLoc,,
4500,554,filterLoc,,
4500,557,filterLoc,,
4500,560,filterLoc,,
4500,563,filterLoc,,
4500,566,filterLoc,,
4500,569,filterLoc,,
4500,572,filterLoc,,
4500,575,filterLoc,,
4500,578,filterLoc,,
4500,581,filterLoc,,
4500,584,filterLoc,,
4500,587,filterLoc,,
4500,590,filterLoc,,
4500,593,filterLoc,,
4500,596,filterLoc,,
4500,599,filterLoc,,
4500,602,filterLoc,,
4500,605,filterLoc,,
4500,608,filterLoc,,
4500,611,filterLoc,,
4500,614,filterLoc,,
4500,617,filterLoc,,
4500,620,filterLoc,,
4500,623,filterLoc,,
4500,626,filterLoc,,
4500,629,filterLoc,,
4500,632,filterLoc,,
4500,635,filterLoc,,
4500,638,filterLoc,,
4500,641,filterLoc,,
4500,644,filterLoc,,
4500,647,filterLoc,,
4500,650,filterLoc,,
4500,653,filterLoc,,
4500,656,filterLoc,,
4500,659,filterLoc,,
4500,662,filterLoc,,
4500,665,filterLoc,,
4500,668,filterLoc,,
4500,671,filterLoc,,
4500,674,filterLoc,,
4500,677,filterLoc,,
4500,680,filterLoc,,
4500,683,filterLoc,,
4500,686,filterLoc,,
4500,689,filterLoc,,
4500,692,filterLoc,,
4500,695,filterLoc,,
4500,698,filterLoc,,
4500,701,filterLoc,,
4500,704,filterLoc,,
4500,707,filterLoc,,
4500,710,filterLoc,,
4500,713,filterLoc,,
4500,716,filterLoc,,
4500,719,filterLoc,,
4500,722,filterLoc,,
4500,725,filterLoc,,
4500,728,filterLoc,,
4500,731,filterLoc,,
4500,734,filterLoc,,
4500,737,filterLoc,,
4500,740,filterLoc,,
4500,743,filterLoc,,
4500,746,filterLoc,,
4500,749,filterLoc,,
4500,752,filterLoc,,
4500,755,filterLoc,,
4500,758,filterLoc,,
4500,761,filterLoc,,
4500,764,filterLoc,,
4500,767,filterLoc,,
4500,770,filterLoc,,
4500,773,filterLoc,,
4500,776,filterLoc,,
4500,779,filterLoc,,
4500,782,filterLoc,,
4500,785,filterLoc,,
4500,788,filterLoc,,
4500,791,filterLoc,,
4500,794,filterLoc,,
4500,797,filterLoc,,
4500,800,filterLoc,,
4500,803,filterLoc,,
4500,806,filterLoc,,
4500,809,filterLoc,,
4500,812,filterLoc,,
4500,815,filterLoc,,
4500,818,filterLoc,,
4500,821,filterLoc,,
4500,824,filterLoc,,
4500,827,filterLoc,,
4500,830,filterLoc,,
4500,833,filterLoc,,
4500,836,filterLoc,,
4500,839,filterLoc,,
4500,842,filterLoc,,
4500,845,filterLoc,,
4500,848,filterLoc,,
4500,851,filterLoc,,
4500,854,filterLoc,,
4500,857,filterLoc,,
4500,860,filterLoc,,
4500,863,filterLoc,,
4500,866,filterLoc,,
4500,869,filterLoc,,
4500,872,filterLoc,,
4500,875,filterLoc,,
4500,878,filterLoc,,
4500,881,filterLoc,,
4500,884,filterLoc,,
4500,887,filterLoc,,
4500,890,filterLoc,,
4500,893,filterLoc,,
4500,896,filterLoc,,
4500,899,filterLoc,,
4500,902,filterLoc,,
4500,905,filterLoc,,
4500,908,filterLoc,,
4500,911,filterLoc,,
4500,914,filterLoc,,
4500,917,filterLoc,,
4500,920,filterLoc,,
4500,923,filterLoc,,
4500,926,filterLoc,,
4500,929,filterLoc,,
4500,932,filterLoc,,
4500,935,filterLoc,,
4500,938,filterLoc,,
4500,941,filterLoc,,
4500,944,filterLoc,,
4500,947,filterLoc,,
4500,950,filterLoc,,
4500,953,filterLoc,,
4500,956,filterLoc,,
4500,959,filterLoc,,
4500,962,filterLoc,,
4500,965,filterLoc,,
4500,968,filterLoc,,
4500,971,filterLoc,,
4500,974,filterLoc,,
4500,977,filterLoc,,
4500,980,filterLoc,,
4500,983,filterLoc,,
4500,986,filterLoc,,
4500,989,filterLoc,,
4500,992,filterLoc,,
4500,995,filterLoc,,
4500,998,filterLoc,,
4500,1001,filterLoc,,
4500,1004,filterLoc,,
4500,1007,filterLoc,,
4500,1010,filterLoc,,
4500,1013,filterLoc,,
4500,1016,filterLoc,,
4500,1019,filterLoc,,
4500,1022,filterLoc,,
4500,1025,filterLoc,,
4500,1028,filterLoc,,
4500,1031,filterLoc,,
4500,1034,filterLoc,,
4500,1037,filterLoc,,
4500,1040,filterLoc,,
4500,1043,filterLoc,,
4500,1046,filterLoc,,
4500,1049,filterLoc,,
4500,1052,filterLoc,,
4500,1055,filterLoc,,
4500,1058,filterLoc,,
4500,1061,filterLoc,,
4500,1064,filterLoc,,
4500,1067,filterLoc,,
4500,1070,filterLoc,,
4500,1073,filterLoc,,
4500,1076,filterLoc,,
4500,1079,filterLoc,,
4500,1082,filterLoc,,
4500,1085,filterLoc,,
4500,1088,filterLoc,,
4500,1091,filterLoc,,
4500,1094,filterLoc,,
4500,1097,filterLoc,,
4500,1100,filterLoc,,
4500,1103,filterLoc,,
4500,1106,filterLoc,,
4500,1109,filterLoc,,
4500,1112,filterLoc,,
4500,1115,filterLoc,,
4500,1118,filterLoc,,
4500,1121,filterLoc,,
4500,1124,filterLoc,,
4500,1127,filterLoc,,
4500,1130,filterLoc,,;Evacuee;367;in triage category;G;is entering helicopter;1
4500,1133,filterLoc,,;Evacuee;364;in triage category;G;is entering helicopter;1
4500,1136,filterLoc,,
4500,1139,filterLoc,,
4500,1142,filterLoc,,
4500,1145,filterLoc,,
4500,1148,filterLoc,,
4500,1153,helicopter,,Helicopter;1;is loading people at the evacuation site;;and has;0;spots taken
4500,1155,filterLoc,,
4500,1158,filterLoc,,
4500,1161,filterLoc,,
4500,1164,filterLoc,,
4500,1167,filterLoc,,
4500,1170,filterLoc,,
4500,1173,filterLoc,,
4500,1176,filterLoc,,
4500,1179,filterLoc,,
4500,1182,filterLoc,,
4500,1185,filterLoc,,
4500,1188,filterLoc,,
4500,1191,filterLoc,,
4500,1194,filterLoc,,
4500,1197,filterLoc,,
4500,1200,filterLoc,,
4500,1203,filterLoc,,
4500,1206,filterLoc,,
4500,1209,filterLoc,,
4500,1212,filterLoc,,
4500,1215,filterLoc,,
4500,1218,filterLoc,,
4500,1221,filterLoc,,
4500,1224,filterLoc,,
4500,1227,filterLoc,,
4500,1230,filterLoc,,
4500,1233,filterLoc,,
4500,1236,filterLoc,,
4500,1239,filterLoc,,
4500,1242,filterLoc,,
4500,1245,filterLoc,,
4500,1248,filterLoc,,
4500,1251,filterLoc,,
4500,1254,filterLoc,,
4500,1257,filterLoc,,
4500,1260,filterLoc,,
4500,1263,filterLoc,,
4500,1266,filterLoc,,
4500,1269,filterLoc,,
4500,1272,filterLoc,,
4500,1275,filterLoc,,
4500,1278,filterLoc,,
4500,1281,filterLoc,,
4500,1284,filterLoc,,
4500,1287,filterLoc,,
4500,1290,filterLoc,,
4500,1293,filterLoc,,
4500,1296,filterLoc,,
4500,1299,filterLoc,,
4500,1302,filterLoc,,
4500,1305,filterLoc,,
4500,1308,filterLoc,,
4500,1311,filterLoc,,
4500,1314,filterLoc,,
4500,1317,filterLoc,,
4500,1320,filterLoc,,
4500,1323,filterLoc,,
4500,1326,filterLoc,,
4500,1329,filterLoc,,
4500,1332,filterLoc,,
4500,1335,filterLoc,,
4500,1338,filterLoc,,
4500,1341,filterLoc,,
4500,1344,filterLoc,,
4500,1347,filterLoc,,
4500,1350,filterLoc,,
4500,1353,filterLoc,,
4500,1356,filterLoc,,
4500,1359,filterLoc,,
4500,1362,filterLoc,,
4500,1365,filterLoc,,
4500,1368,filterLoc,,
4500,1371,filterLoc,,
4500,1374,filterLoc,,
4500,1377,filterLoc,,
4500,1380,filterLoc,,
4500,1383,filterLoc,,
4500,1386,filterLoc,,
4500,1389,filterLoc,,
4500,1392,filterLoc,,
4500,1395,filterLoc,,
4500,1398,filterLoc,,
4500,1401,filterLoc,,
4500,1404,filterLoc,,
4500,1407,filterLoc,,
4500,1410,filterLoc,,
4500,1413,filterLoc,,
4500,1416,filterLoc,,
4500,1419,filterLoc,,
4500,1422,filterLoc,,
4500,1425,filterLoc,,
4500,1428,filterLoc,,
4500,1431,filterLoc,,;Evacuee;339;in triage category;G;is entering helicopter;1
4500,1434,filterLoc,,
4500,1437,filterLoc,,
4500,1440,filterLoc,,
4500,1443,filterLoc,,
4500,1446,filterLoc,,
4500,1449,filterLoc,,
4500,1452,filterLoc,,
4500,1455,filterLoc,,
4500,1458,filterLoc,,
4500,1461,filterLoc,,
4500,1464,filterLoc,,
4500,1467,filterLoc,,
4500,1470,filterLoc,,
4500,1473,filterLoc,,
4500,1476,filterLoc,,
4500,1479,filterLoc,,
4500,1482,filterLoc,,
4500,1485,filterLoc,,
4500,1488,filterLoc,,
4500,1491,filterLoc,,
4500,1494,filterLoc,,
4500,1497,filterLoc,,
4500,1500,filterLoc,,
4500,1503,filterLoc,,
4500,1506,filterLoc,,
4500,1509,filterLoc,,
4500,172,filterLoc,out,Evacuee 389 in triage category G is assigned helicopter 1
4500,172,filterLoc,,
4500,173,evacuee,,Evacuee;389;in triage state;G;is entering helicopter;1
4500,227,filterLoc,out,Evacuee 369 in triage category G is assigned helicopter 1
4500,227,filterLoc,,
4500,228,evacuee,,Evacuee;369;in triage state;G;is entering helicopter;1
4500,230,filterLoc,out,Evacuee 366 in triage category G is assigned helicopter 1
4500,230,filterLoc,,
4500,231,evacuee,,Evacuee;366;in triage state;G;is entering helicopter;1
4500,233,filterLoc,out,Evacuee 362 in triage category G is assigned helicopter 1
4500,233,filterLoc,,
4500,234,evacuee,,Evacuee;362;in triage state;G;is entering helicopter;1
4500,293,filterLoc,out,Evacuee 326 in triage category G is assigned helicopter 1
4500,293,filterLoc,,
4500,294,evacuee,,Evacuee;326;in triage state;G;is entering helicopter;1
4500,302,filterLoc,out,Evacuee 365 in triage category G is assigned helicopter 1
4500,302,filterLoc,,
4500,303,evacuee,,Evacuee;365;in triage state;G;is entering helicopter;1
4500,512,filterLoc,out,Evacuee 345 in triage category G is assigned helicopter 1
4500,512,filterLoc,,
4500,513,evacuee,,Evacuee;345;in triage state;G;is entering helicopter;1
4500,1130,filterLoc,out,Evacuee 367 in triage category G is assigned helicopter 1
4500,1130,filterLoc,,
4500,1131,evacuee,,Evacuee;367;in triage state;G;is entering helicopter;1
4500,1133,filterLoc,out,Evacuee 364 in triage category G is assigned helicopter 1
4500,1133,filterLoc,,
4500,1134,evacuee,,Evacuee;364;in triage state;G;is entering helicopter;1
4500,1431,filterLoc,out,Evacuee 339 in triage category G is assigned helicopter 1
4500,1431,filterLoc,,
4500,1432,evacuee,,Evacuee;339;in triage state;G;is entering helicopter;1
4500,173,evacuee,outHelo,Evacuee 389 in triage category G is assigned helicopter 1
4500,173,evacuee,,Evacuee;389;in triage state;G;is in helicopter;1
4500,228,evacuee,outHelo,Evacuee 369 in triage category G is assigned helicopter 1
4500,228,evacuee,,Evacuee;369;in triage state;G;is in helicopter;1
4500,231,evacuee,outHelo,Evacuee 366 in triage category G is assigned helicopter 1
4500,231,evacuee,,Evacuee;366;in triage state;G;is in helicopter;1
4500,234,evacuee,outHelo,Evacuee 362 in triage category G is assigned helicopter 1
4500,234,evacuee,,Evacuee;362;in triage state;G;is in helicopter;1
4500,294,evacuee,outHelo,Evacuee 326 in triage category G is assigned helicopter 1
4500,294,evacuee,,Evacuee;326;in triage state;G;is in helicopter;1
4500,303,evacuee,outHelo,Evacuee 365 in triage category G is assigned helicopter 1
4500,303,evacuee,,Evacuee;365;in triage state;G;is in helicopter;1
4500,513,evacuee,outHelo,Evacuee 345 in triage category G is assigned helicopter 1
4500,513,evacuee,,Evacuee;345;in triage state;G;is in helicopter;1
4500,1131,evacuee,outHelo,Evacuee 367 in triage category G is assigned helicopter 1
4500,1131,evacuee,,Evacuee;367;in triage state;G;is in helicopter;1
4500,1134,evacuee,outHelo,Evacuee 364 in triage category G is assigned helicopter 1
4500,1134,evacuee,,Evacuee;364;in triage state;G;is in helicopter;1
4500,1151,filterEvac,,;Evacuee;326;in triage category;G;is entering helicopter;1;Evacuee;339;in triage category;G;is entering helicopter;1;Evacuee;345;in triage category;G;is entering helicopter;1;Evacuee;362;in triage category;G;is entering helicopter;1;Evacuee;364;in triage category;G;is entering helicopter;1;Evacuee;365;in triage category;G;is entering helicopter;1;Evacuee;366;in triage category;G;is entering helicopter;1;Evacuee;367;in triage category;G;is entering helicopter;1;Evacuee;369;in triage category;G;is entering helicopter;1;Evacuee;389;in triage category;G;is entering helicopter;1
4500,1432,evacuee,outHelo,Evacuee 339 in triage category G is assigned helicopter 1
4500,1432,evacuee,,Evacuee;339;in triage state;G;is in helicopter;1
4500,1151,filterEvac,out,Evacuee 326 in triage category G is assigned helicopter 1
4500,1151,filterEvac,out,Evacuee 339 in triage category G is assigned helicopter 1
4500,1151,filterEvac,out,Evacuee 345 in triage category G is assigned helicopter 1
4500,1151,filterEvac,out,Evacuee 362 in triage category G is assigned helicopter 1
4500,1151,filterEvac,out,Evacuee 364 in triage category G is assigned helicopter 1
4500,1151,filterEvac,out,Evacuee 365 in triage category G is assigned helicopter 1
4500,1151,filterEvac,out,Evacuee 366 in triage category G is assigned helicopter 1
4500,1151,filterEvac,out,Evacuee 367 in triage category G is assigned helicopter 1
4500,1151,filterEvac,out,Evacuee 369 in triage category G is assigned helicopter 1
4500,1151,filterEvac,out,Evacuee 389 in triage category G is assigned helicopter 1
4500,1151,filterEvac,,
4500,1153,helicopter,,Helicopter;1;is loading people at the evacuation site;;and has;10;spots taken
4503.41,3,evacueeManager,,OFF SHIP: White;0;Green;21;Yellow;7;Red;3;Black;369;ON SHIP: White;0;Green;0;Yellow;0;Red;0;Evacuees to Transfer;
4503.41,1411,evacuee,outES,Evacuee 294 in triage category R is not assigned a helicopter
4503.41,1411,evacuee,,Evacuee;294;in triage state;B;is at the evacuation site
4515,4,helipadManager,outHelo,Helicopter 1 is evacuating people1
4515,4,helipadManager,,;No helos are at ES
4515,1152,filterES,,Helicopter;1;is evacuating people
4515,4,helipadManager,outHQ,0
4515,4,helipadManager,,;No helos are at ES
4515,5,helicopterQueue,,;No helos are waiting to land
4515,1152,filterES,out,Helicopter 1 is evacuating people1
4515,1152,filterES,,
4515,1153,helicopter,,Helicopter;1;is loading people at the evacuation site;;and has;10;spots taken
4515,5,helicopterQueue,,;No helos are waiting to land
4515,1153,helicopter,,Helicopter;1;is returning to the FOL;;and has;10;spots taken
4537.52,3,evacueeManager,,OFF SHIP: White;0;Green;21;Yellow;6;Red;4;Black;369;ON SHIP: White;0;Green;0;Yellow;0;Red;0;Evacuees to Transfer;
4537.52,354,evacuee,outES,Evacuee 352 in triage category Y is not assigned a helicopter
4537.52,354,evacuee,,Evacuee;352;in triage state;R;is at the evacuation site
4542.68,3,evacueeManager,,OFF SHIP: White;0;Green;21;Yellow;6;Red;3;Black;370;ON SHIP: White;0;Green;0;Yellow;0;Red;0;Evacuees to Transfer;
4542.68,68,evacuee,outES,Evacuee 459 in triage category R is not assigned a helicopter
4542.68,68,evacuee,,Evacuee;459;in triage state;B;is at the evacuation site
4548.12,3,evacueeManager,,OFF SHIP: White;0;Green;21;Yellow;5;Red;4;Black;370;ON SHIP: White;0;Green;0;Yellow;0;Red;0;Evacuees to Transfer;
4548.12,987,evacuee,outES,Evacuee 405 in triage category Y is not assigned a helicopter
4548.12,987,evacuee,,Evacuee;405;in triage state;R;is at the evacuation site
4561.64,3,evacueeManager,,OFF SHIP: White;0;Green;21;Yellow;5;Red;3;Black;371;ON SHIP: White;0;Green;0;Yellow;0;Red;0;Evacuees to Transfer;
4561.64,987,evacuee,outES,Evacuee 405 in triage category R is not assigned a helicopter
4561.64,987,evacuee,,Evacuee;405;in triage state;B;is at the evacuation site
4574.41,3,evacueeManager,,OFF SHIP: White;0;Green;21;Yellow;4;Red;4;Black;371;ON SHIP: White;0;Green;0;Yellow;0;Red;0;Evacuees to Transfer;
4574.41,837,evacuee,outES,Evacuee 285 in triage category Y is not assigned a helicopter
4574.41,837,evacuee,,Evacuee;285;in triage state;R;is at the evacuation site
4590,7,filterLoc,,
4590,10,filterLoc,,
4590,13,filterLoc,,
4590,16,filterLoc,,
4590,19,filterLoc,,
4590,22,filterLoc,,
4590,25,filterLoc,,
4590,28,filterLoc,,
4590,31,filterLoc,,
4590,34,filterLoc,,
4590,37,filterLoc,,
4590,40,filterLoc,,
4590,43,filterLoc,,
4590,46,filterLoc,,
4590,49,filterLoc,,
4590,52,filterLoc,,
4590,55,filterLoc,,
4590,58,filterLoc,,
4590,61,filterLoc,,
4590,64,filterLoc,,
4590,67,filterLoc,,
4590,70,filterLoc,,
4590,73,filterLoc,,
4590,76,filterLoc,,
4590,79,filterLoc,,
4590,82,filterLoc,,
4590,85,filterLoc,,
4590,88,filterLoc,,
4590,91,filterLoc,,
4590,94,filterLoc,,
4590,97,filterLoc,,
4590,100,filterLoc,,
4590,103,filterLoc,,
4590,106,filterLoc,,
4590,109,filterLoc,,
4590,112,filterLoc,,
4590,115,filterLoc,,
4590,118,filterLoc,,
4590,121,filterLoc,,
4590,124,filterLoc,,
4590,127,filterLoc,,
4590,130,filterLoc,,
4590,133,filterLoc,,
4590,136,filterLoc,,
4590,139,filterLoc,,
4590,142,filterLoc,,
4590,145,filterLoc,,
4590,148,filterLoc,,
4590,151,filterLoc,,
4590,154,filterLoc,,
4590,157,filterLoc,,
4590,160,filterLoc,,
4590,163,filterLoc,,
4590,166,filterLoc,,
4590,169,filterLoc,,
4590,172,filterLoc,,;Evacuee;389;in triage category;G;is leaving helicopter;1
4590,175,filterLoc,,
4590,178,filterLoc,,
4590,181,filterLoc,,
4590,184,filterLoc,,
4590,187,filterLoc,,
4590,190,filterLoc,,
4590,193,filterLoc,,
4590,196,filterLoc,,
4590,199,filterLoc,,
4590,202,filterLoc,,
4590,205,filterLoc,,
4590,208,filterLoc,,
4590,211,filterLoc,,
4590,214,filterLoc,,
4590,217,filterLoc,,
4590,221,filterLoc,,
4590,224,filterLoc,,
4590,227,filterLoc,,;Evacuee;369;in triage category;G;is leaving helicopter;1
4590,230,filterLoc,,;Evacuee;366;in triage category;G;is leaving helicopter;1
4590,233,filterLoc,,;Evacuee;362;in triage category;G;is leaving helicopter;1
4590,236,filterLoc,,
4590,239,filterLoc,,
4590,242,filterLoc,,
4590,245,filterLoc,,
4590,248,filterLoc,,
4590,251,filterLoc,,
4590,254,filterLoc,,
4590,257,filterLoc,,
4590,260,filterLoc,,
4590,263,filterLoc,,
4590,266,filterLoc,,
4590,269,filterLoc,,
4590,272,filterLoc,,
4590,275,filterLoc,,
4590,278,filterLoc,,
4590,281,filterLoc,,
4590,284,filterLoc,,
4590,287,filterLoc,,
4590,290,filterLoc,,
4590,293,filterLoc,,;Evacuee;326;in triage category;G;is leaving helicopter;1
4590,296,filterLoc,,
4590,299,filterLoc,,
4590,302,filterLoc,,;Evacuee;365;in triage category;G;is leaving helicopter;1
4590,305,filterLoc,,
4590,308,filterLoc,,
4590,311,filterLoc,,
4590,314,filterLoc,,
4590,317,filterLoc,,
4590,320,filterLoc,,
4590,323,filterLoc,,
4590,326,filterLoc,,
4590,329,filterLoc,,
4590,332,filterLoc,,
4590,335,filterLoc,,
4590,338,filterLoc,,
4590,341,filterLoc,,
4590,344,filterLoc,,
4590,347,filterLoc,,
4590,350,filterLoc,,
4590,353,filterLoc,,
4590,356,filterLoc,,
4590,359,filterLoc,,
4590,362,filterLoc,,
4590,365,filterLoc,,
4590,368,filterLoc,,
4590,371,filterLoc,,
4590,374,filterLoc,,
4590,377,filterLoc,,
4590,380,filterLoc,,
4590,383,filterLoc,,
4590,386,filterLoc,,
4590,389,filterLoc,,
4590,392,filterLoc,,
4590,395,filterLoc,,
4590,398,filterLoc,,
4590,401,filterLoc,,
4590,404,filterLoc,,
4590,407,filterLoc,,
4590,410,filterLoc,,
4590,413,filterLoc,,
4590,416,filterLoc,,
4590,419,filterLoc,,
4590,422,filterLoc,,
4590,425,filterLoc,,
4590,428,filterLoc,,
4590,431,filterLoc,,
4590,434,filterLoc,,
4590,437,filterLoc,,
4590,440,filterLoc,,
4590,443,filterLoc,,
4590,446,filterLoc,,
4590,449,filterLoc,,
4590,452,filterLoc,,
4590,455,filterLoc,,
4590,458,filterLoc,,
4590,461,filterLoc,,
4590,464,filterLoc,,
4590,467,filterLoc,,
4590,470,filterLoc,,
4590,473,filterLoc,,
4590,476,filterLoc,,
4590,479,filterLoc,,
4590,482,filterLoc,,
4590,485,filterLoc,,
4590,488,filterLoc,,
4590,491,filterLoc,,
4590,494,filterLoc,,
4590,497,filterLoc,,
4590,500,filterLoc,,
4590,503,filterLoc,,
4590,506,filterLoc,,
4590,509,filterLoc,,
4590,512,filterLoc,,;Evacuee;345;in triage category;G;is leaving helicopter;1
4590,515,filterLoc,,
4590,518,filterLoc,,
4590,521,filterLoc,,
4590,524,filterLoc,,
4590,527,filterLoc,,
4590,530,filterLoc,,
4590,533,filterLoc,,
4590,536,filterLoc,,
4590,539,filterLoc,,
4590,542,filterLoc,,
4590,545,filterLoc,,
4590,548,filterLoc,,
4590,551,filterLoc,,
4590,554,filterLoc,,
4590,557,filterLoc,,
4590,560,filterLoc,,
4590,563,filterLoc,,
4590,566,filterLoc,,
4590,569,filterLoc,,
4590,572,filterLoc,,
4590,575,filterLoc,,
4590,578,filterLoc,,
4590,581,filterLoc,,
4590,584,filterLoc,,
4590,587,filterLoc,,
4590,590,filterLoc,,
4590,593,filterLoc,,
4590,596,filterLoc,,
4590,599,filterLoc,,
4590,602,filterLoc,,
4590,605,filterLoc,,
4590,608,filterLoc,,
4590,611,filterLoc,,
4590,614,filterLoc,,
4590,617,filterLoc,,
4590,620,filterLoc,,
4590,623,filterLoc,,
4590,626,filterLoc,,
4590,629,filterLoc,,
4590,632,filterLoc,,
4590,635,filterLoc,,
4590,638,filterLoc,,
4590,641,filterLoc,,
4590,644,filterLoc,,
4590,647,filterLoc,,
4590,650,filterLoc,,
4590,653,filterLoc,,
4590,656,filterLoc,,
4590,659,filterLoc,,
4590,662,filterLoc,,
4590,665,filterLoc,,
4590,668,filterLoc,,
4590,671,filterLoc,,
4590,674,filterLoc,,
4590,677,filterLoc,,
4590,680,filterLoc,,
4590,683,filterLoc,,
4590,686,filterLoc,,
4590,689,filterLoc,,
4590,692,filterLoc,,
4590,695,filterLoc,,
4590,698,filterLoc,,
4590,701,filterLoc,,
4590,704,filterLoc,,
4590,707,filterLoc,,
4590,710,filterLoc,,
4590,713,filterLoc,,
4590,716,filterLoc,,
4590,719,filterLoc,,
4590,722,filterLoc,,
4590,725,filterLoc,,
4590,728,filterLoc,,
4590,731,filterLoc,,
4590,734,filterLoc,,
4590,737,filterLoc,,
4590,740,filterLoc,,
4590,743,filterLoc,,
4590,746,filterLoc,,
4590,749,filterLoc,,
4590,752,filterLoc,,
4590,755,filterLoc,,
4590,758,filterLoc,,
4590,761,filterLoc,,
4590,764,filterLoc,,
4590,767,filterLoc,,
4590,770,filterLoc,,
4590,773,filterLoc,,
4590,776,filterLoc,,
4590,779,filterLoc,,
4590,782,filterLoc,,
4590,785,filterLoc,,
4590,788,filterLoc,,
4590,791,filterLoc,,
4590,794,filterLoc,,
4590,797,filterLoc,,
4590,800,filterLoc,,
4590,803,filterLoc,,
4590,806,filterLoc,,
4590,809,filterLoc,,
4590,812,filterLoc,,
4590,815,filterLoc,,
4590,818,filterLoc,,
4590,821,filterLoc,,
4590,824,filterLoc,,
4590,827,filterLoc,,
4590,830,filterLoc,,
4590,833,filterLoc,,
4590,836,filterLoc,,
4590,839,filterLoc,,
4590,842,filterLoc,,
4590,845,filterLoc,,
4590,848,filterLoc,,
4590,851,filterLoc,,
4590,854,filterLoc,,
4590,857,filterLoc,,
4590,860,filterLoc,,
4590,863,filterLoc,,
4590,866,filterLoc,,
4590,869,filterLoc,,
4590,872,filterLoc,,
4590,875,filterLoc,,
4590,878,filterLoc,,
4590,881,filterLoc,,
4590,884,filterLoc,,
4590,887,filterLoc,,
4590,890,filterLoc,,
4590,893,filterLoc,,
4590,896,filterLoc,,
4590,899,filterLoc,,
4590,902,filterLoc,,
4590,905,filterLoc,,
4590,908,filterLoc,,
4590,911,filterLoc,,
4590,914,filterLoc,,
4590,917,filterLoc,,
4590,920,filterLoc,,
4590,923,filterLoc,,
4590,926,filterLoc,,
4590,929,filterLoc,,
4590,932,filterLoc,,
4590,935,filterLoc,,
4590,938,filterLoc,,
4590,941,filterLoc,,
4590,944,filterLoc,,
4590,947,filterLoc,,
4590,950,filterLoc,,
4590,953,filterLoc,,
4590,956,filterLoc,,
4590,959,filterLoc,,
4590,962,filterLoc,,
4590,965,filterLoc,,
4590,968,filterLoc,,
4590,971,filterLoc,,
4590,974,filterLoc,,
4590,977,filterLoc,,
4590,980,filterLoc,,
4590,983,filterLoc,,
4590,986,filterLoc,,
4590,989,filterLoc,,
4590,992,filterLoc,,
4590,995,filterLoc,,
4590,998,filterLoc,,
4590,1001,filterLoc,,
4590,1004,filterLoc,,
4590,1007,filterLoc,,
4590,1010,filterLoc,,
4590,1013,filterLoc,,
4590,1016,filterLoc,,
4590,1019,filterLoc,,
4590,1022,filterLoc,,
4590,1025,filterLoc,,
4590,1028,filterLoc,,
4590,1031,filterLoc,,
4590,1034,filterLoc,,
4590,1037,filterLoc,,
4590,1040,filterLoc,,
4590,1043,filterLoc,,
4590,1046,filterLoc,,
4590,1049,filterLoc,,
4590,1052,filterLoc,,
4590,1055,filterLoc,,
4590,1058,filterLoc,,
4590,1061,filterLoc,,
4590,1064,filterLoc,,
4590,1067,filterLoc,,
4590,1070,filterLoc,,
4590,1073,filterLoc,,
4590,1076,filterLoc,,
4590,1079,filterLoc,,
4590,1082,filterLoc,,
4590,1085,filterLoc,,
4590,1088,filterLoc,,
4590,1091,filterLoc,,
4590,1094,filterLoc,,
4590,1097,filterLoc,,
4590,1100,filterLoc,,
4590,1103,filterLoc,,
4590,1106,filterLoc,,
4590,1109,filterLoc,,
4590,1112,filterLoc,,
4590,1115,filterLoc,,
4590,1118,filterLoc,,
4590,1121,filterLoc,,
4590,1124,filterLoc,,
4590,1127,filterLoc,,
4590,1130,filterLoc,,;Evacuee;367;in triage category;G;is leaving helicopter;1
4590,1133,filterLoc,,;Evacuee;364;in triage category;G;is leaving helicopter;1
4590,1136,filterLoc,,
4590,1139,filterLoc,,
4590,1142,filterLoc,,
4590,1145,filterLoc,,
4590,1148,filterLoc,,
4590,1153,helicopter,outEvac,Evacuee 326 in triage category G is not assigned a helicopter
4590,1153,helicopter,outEvac,Evacuee 339 in triage category G is not assigned a helicopter
4590,1153,helicopter,outEvac,Evacuee 345 in triage category G is not assigned a helicopter
4590,1153,helicopter,outEvac,Evacuee 362 in triage category G is not assigned a helicopter
4590,1153,helicopter,outEvac,Evacuee 364 in triage category G is not assigned a helicopter
4590,1153,helicopter,outEvac,Evacuee 365 in triage category G is not assigned a helicopter
4590,1153,helicopter,outEvac,Evacuee 366 in triage category G is not assigned a helicopter
4590,1153,helicopter,outEvac,Evacuee 367 in triage category G is not assigned a helicopter
4590,1153,helicopter,outEvac,Evacuee 369 in triage category G is not assigned a helicopter
4590,1153,helicopter,outEvac,Evacuee 389 in triage category G is not assigned a helicopter
4590,1153,helicopter,,Helicopter;1;is unloading people at the FOL;;and has;0;spots taken
4590,1155,filterLoc,,
4590,1158,filterLoc,,
4590,1161,filterLoc,,
4590,1164,filterLoc,,
4590,1167,filterLoc,,
4590,1170,filterLoc,,
4590,1173,filterLoc,,
4590,1176,filterLoc,,
4590,1179,filterLoc,,
4590,1182,filterLoc,,
4590,1185,filterLoc,,
4590,1188,filterLoc,,
4590,1191,filterLoc,,
4590,1194,filterLoc,,
4590,1197,filterLoc,,
4590,1200,filterLoc,,
4590,1203,filterLoc,,
4590,1206,filterLoc,,
4590,1209,filterLoc,,
4590,1212,filterLoc,,
4590,1215,filterLoc,,
4590,1218,filterLoc,,
4590,1221,filterLoc,,
4590,1224,filterLoc,,
4590,1227,filterLoc,,
4590,1230,filterLoc,,
4590,1233,filterLoc,,
4590,1236,filterLoc,,
4590,1239,filterLoc,,
4590,1242,filterLoc,,
4590,1245,filterLoc,,
4590,1248,filterLoc,,
4590,1251,filterLoc,,
4590,1254,filterLoc,,
4590,1257,filterLoc,,
4590,1260,filterLoc,,
4590,1263,filterLoc,,
4590,1266,filterLoc,,
4590,1269,filterLoc,,
4590,1272,filterLoc,,
4590,1275,filterLoc,,
4590,1278,filterLoc,,
4590,1281,filterLoc,,
4590,1284,filterLoc,,
4590,1287,filterLoc,,
4590,1290,filterLoc,,
4590,1293,filterLoc,,
4590,1296,filterLoc,,
4590,1299,filterLoc,,
4590,1302,filterLoc,,
4590,1305,filterLoc,,
4590,1308,filterLoc,,
4590,1311,filterLoc,,
4590,1314,filterLoc,,
4590,1317,filterLoc,,
4590,1320,filterLoc,,
4590,1323,filterLoc,,
4590,1326,filterLoc,,
4590,1329,filterLoc,,
4590,1332,filterLoc,,
4590,1335,filterLoc,,
4590,1338,filterLoc,,
4590,1341,filterLoc,,
4590,1344,filterLoc,,
4590,1347,filterLoc,,
4590,1350,filterLoc,,
4590,1353,filterLoc,,
4590,1356,filterLoc,,
4590,1359,filterLoc,,
4590,1362,filterLoc,,
4590,1365,filterLoc,,
4590,1368,filterLoc,,
4590,1371,filterLoc,,
4590,1374,filterLoc,,
4590,1377,filterLoc,,
4590,1380,filterLoc,,
4590,1383,filterLoc,,
4590,1386,filterLoc,,
4590,1389,filterLoc,,
4590,1392,filterLoc,,
4590,1395,filterLoc,,
4590,1398,filterLoc,,
4590,1401,filterLoc,,
4590,1404,filterLoc,,
4590,1407,filterLoc,,
4590,1410,filterLoc,,
4590,1413,filterLoc,,
4590,1416,filterLoc,,
4590,1419,filterLoc,,
4590,1422,filterLoc,,
4590,1425,filterLoc,,
4590,1428,filterLoc,,
4590,1431,filterLoc,,;Evacuee;339;in triage category;G;is leaving helicopter;1
4590,1434,filterLoc,,
4590,1437,filterLoc,,
4590,1440,filterLoc,,
4590,1443,filterLoc,,
4590,1446,filterLoc,,
4590,1449,filterLoc,,
4590,1452,filterLoc,,
4590,1455,filterLoc,,
4590,1458,filterLoc,,
4590,1461,filterLoc,,
4590,1464,filterLoc,,
4590,1467,filterLoc,,
4590,1470,filterLoc,,
4590,1473,filterLoc,,
4590,1476,filterLoc,,
4590,1479,filterLoc,,
4590,1482,filterLoc,,
4590,1485,filterLoc,,
4590,1488,filterLoc,,
4590,1491,filterLoc,,
4590,1494,filterLoc,,
4590,1497,filterLoc,,
4590,1500,filterLoc,,
4590,1503,filterLoc,,
4590,1506,filterLoc,,
4590,1509,filterLoc,,
4590,172,filterLoc,out,Evacuee 389 in triage category G is not assigned a helicopter
4590,172,filterLoc,,
4590,173,evacuee,,Evacuee;389;in triage state;G;is entering the FOL
4590,227,filterLoc,out,Evacuee 369 in triage category G is not assigned a helicopter
4590,227,filterLoc,,
4590,228,evacuee,,Evacuee;369;in triage state;G;is entering the FOL
4590,230,filterLoc,out,Evacuee 366 in triage category G is not assigned a helicopter
4590,230,filterLoc,,
4590,231,evacuee,,Evacuee;366;in triage state;G;is entering the FOL
4590,233,filterLoc,out,Evacuee 362 in triage category G is not assigned a helicopter
4590,233,filterLoc,,
4590,234,evacuee,,Evacuee;362;in triage state;G;is entering the FOL
4590,293,filterLoc,out,Evacuee 326 in triage category G is not assigned a helicopter
4590,293,filterLoc,,
4590,294,evacuee,,Evacuee;326;in triage state;G;is entering the FOL
4590,302,filterLoc,out,Evacuee 365 in triage category G is not assigned a helicopter
4590,302,filterLoc,,
4590,303,evacuee,,Evacuee;365;in triage state;G;is entering the FOL
4590,512,filterLoc,out,Evacuee 345 in triage category G is not assigned a helicopter
4590,512,filterLoc,,
4590,513,evacuee,,Evacuee;345;in triage state;G;is entering the FOL
4590,1130,filterLoc,out,Evacuee 367 in triage category G is not assigned a helicopter
4590,1130,filterLoc,,
4590,1131,evacuee,,Evacuee;367;in triage state;G;is entering the FOL
4590,1133,filterLoc,out,Evacuee 364 in triage category G is not assigned a helicopter
4590,1133,filterLoc,,
4590,1134,evacuee,,Evacuee;364;in triage state;G;is entering the FOL
4590,1431,filterLoc,out,Evacuee 339 in triage category G is not assigned a helicopter
4590,1431,filterLoc,,
4590,1432,evacuee,,Evacuee;339;in triage state;G;is entering the FOL
4590,173,evacuee,outFOL,Evacuee 389 in triage category G is not assigned a helicopter
4590,173,evacuee,,Evacuee;389;in triage state;G;is at the FOL
4590,219,FOL,,;EvacueeID;3;Triage Status;G;EvacueeID;5;Triage Status;G;EvacueeID;8;Triage Status;G;EvacueeID;12;Triage Status;G;EvacueeID;15;Triage Status;G;EvacueeID;21;Triage Status;G;EvacueeID;30;Triage Status;G;EvacueeID;31;Triage Status;G;EvacueeID;36;Triage Status;G;EvacueeID;38;Triage Status;G;EvacueeID;39;Triage Status;G;EvacueeID;42;Triage Status;G;EvacueeID;43;Triage Status;G;EvacueeID;46;Triage Status;G;EvacueeID;47;Triage Status;G;EvacueeID;51;Triage Status;G;EvacueeID;53;Triage Status;G;EvacueeID;56;Triage Status;G;EvacueeID;57;Triage Status;G;EvacueeID;59;Triage Status;G;EvacueeID;62;Triage Status;G;EvacueeID;66;Triage Status;G;EvacueeID;68;Triage Status;G;EvacueeID;72;Triage Status;G;EvacueeID;79;Triage Status;G;EvacueeID;80;Triage Status;G;EvacueeID;84;Triage Status;G;EvacueeID;86;Triage Status;G;EvacueeID;89;Triage Status;G;EvacueeID;91;Triage Status;G;EvacueeID;101;Triage Status;G;EvacueeID;103;Triage Status;G;EvacueeID;107;Triage Status;G;EvacueeID;110;Triage Status;G;EvacueeID;111;Triage Status;G;EvacueeID;115;Triage Status;G;EvacueeID;118;Triage Status;G;EvacueeID;124;Triage Status;G;EvacueeID;130;Triage Status;G;EvacueeID;132;Triage Status;G;EvacueeID;133;Triage Status;G;EvacueeID;134;Triage Status;G;EvacueeID;135;Triage Status;G;EvacueeID;140;Triage Status;G;EvacueeID;141;Triage Status;G;EvacueeID;143;Triage Status;G;EvacueeID;145;Triage Status;G;EvacueeID;146;Triage Status;G;EvacueeID;149;Triage Status;G;EvacueeID;151;Triage Status;G;EvacueeID;167;Triage Status;G;EvacueeID;168;Triage Status;G;EvacueeID;169;Triage Status;G;EvacueeID;172;Triage Status;G;EvacueeID;176;Triage Status;G;EvacueeID;193;Triage Status;G;EvacueeID;195;Triage Status;G;EvacueeID;196;Triage Status;G;EvacueeID;197;Triage Status;G;EvacueeID;198;Triage Status;G;EvacueeID;199;Triage Status;G;EvacueeID;208;Triage Status;G;EvacueeID;215;Triage Status;G;EvacueeID;216;Triage Status;G;EvacueeID;219;Triage Status;G;EvacueeID;221;Triage Status;G;EvacueeID;222;Triage Status;G;EvacueeID;223;Triage Status;G;EvacueeID;224;Triage Status;G;EvacueeID;228;Triage Status;G;EvacueeID;229;Triage Status;G;EvacueeID;230;Triage Status;G;EvacueeID;231;Triage Status;G;EvacueeID;240;Triage Status;G;EvacueeID;248;Triage Status;G;EvacueeID;254;Triage Status;G;EvacueeID;256;Triage Status;G;EvacueeID;257;Triage Status;G;EvacueeID;262;Triage Status;G;EvacueeID;264;Triage Status;G;EvacueeID;270;Triage Status;G;EvacueeID;272;Triage Status;G;EvacueeID;291;Triage Status;G;EvacueeID;292;Triage Status;G;EvacueeID;293;Triage Status;G;EvacueeID;296;Triage Status;G;EvacueeID;298;Triage Status;G;EvacueeID;301;Triage Status;G;EvacueeID;322;Triage Status;G;EvacueeID;325;Triage Status;G;EvacueeID;326;Triage Status;G;EvacueeID;339;Triage Status;G;EvacueeID;345;Triage Status;G;EvacueeID;362;Triage Status;G;EvacueeID;364;Triage Status;G;EvacueeID;365;Triage Status;G;EvacueeID;366;Triage Status;G;EvacueeID;367;Triage Status;G;EvacueeID;369;Triage Status;G;EvacueeID;389;Triage Status;G;Lives Saved;100
4590,228,evacuee,outFOL,Evacuee 369 in triage category G is not assigned a helicopter
4590,228,evacuee,,Evacuee;369;in triage state;G;is at the FOL
4590,231,evacuee,outFOL,Evacuee 366 in triage category G is not assigned a helicopter
4590,231,evacuee,,Evacuee;366;in triage state;G;is at the FOL
4590,234,evacuee,outFOL,Evacuee 362 in triage category G is not assigned a helicopter
4590,234,evacuee,,Evacuee;362;in triage state;G;is at the FOL
4590,294,evacuee,outFOL,Evacuee 326 in triage category G is not assigned a helicopter
4590,294,evacuee,,Evacuee;326;in triage state;G;is at the FOL
4590,303,evacuee,outFOL,Evacuee 365 in triage category G is not assigned a helicopter
4590,303,evacuee,,Evacuee;365;in triage state;G;is at the FOL
4590,513,evacuee,outFOL,Evacuee 345 in triage category G is not assigned a helicopter
4590,513,evacuee,,Evacuee;345;in triage state;G;is at the FOL
4590,1131,evacuee,outFOL,Evacuee 367 in triage category G is not assigned a helicopter
4590,1131,evacuee,,Evacuee;367;in triage state;G;is at the FOL
4590,1134,evacuee,outFOL,Evacuee 364 in triage category G is not assigned a helicopter
4590,1134,evacuee,,Evacuee;364;in triage state;G;is at the FOL
4590,1432,evacuee,outFOL,Evacuee 339 in triage category G is not assigned a helicopter
4590,1432,evacuee,,Evacuee;339;in triage state;G;is at the FOL
4590,219,FOL,,;EvacueeID;3;Triage Status;G;EvacueeID;5;Triage Status;G;EvacueeID;8;Triage Status;G;EvacueeID;12;Triage Status;G;EvacueeID;15;Triage Status;G;EvacueeID;21;Triage Status;G;EvacueeID;30;Triage Status;G;EvacueeID;31;Triage Status;G;EvacueeID;36;Triage Status;G;EvacueeID;38;Triage Status;G;EvacueeID;39;Triage Status;G;EvacueeID;42;Triage Status;G;EvacueeID;43;Triage Status;G;EvacueeID;46;Triage Status;G;EvacueeID;47;Triage Status;G;EvacueeID;51;Triage Status;G;EvacueeID;53;Triage Status;G;EvacueeID;56;Triage Status;G;EvacueeID;57;Triage Status;G;EvacueeID;59;Triage Status;G;EvacueeID;62;Triage Status;G;EvacueeID;66;Triage Status;G;EvacueeID;68;Triage Status;G;EvacueeID;72;Triage Status;G;EvacueeID;79;Triage Status;G;EvacueeID;80;Triage Status;G;EvacueeID;84;Triage Status;G;EvacueeID;86;Triage Status;G;EvacueeID;89;Triage Status;G;EvacueeID;91;Triage Status;G;EvacueeID;101;Triage Status;G;EvacueeID;103;Triage Status;G;EvacueeID;107;Triage Status;G;EvacueeID;110;Triage Status;G;EvacueeID;111;Triage Status;G;EvacueeID;115;Triage Status;G;EvacueeID;118;Triage Status;G;EvacueeID;124;Triage Status;G;EvacueeID;130;Triage Status;G;EvacueeID;132;Triage Status;G;EvacueeID;133;Triage Status;G;EvacueeID;134;Triage Status;G;EvacueeID;135;Triage Status;G;EvacueeID;140;Triage Status;G;EvacueeID;141;Triage Status;G;EvacueeID;143;Triage Status;G;EvacueeID;145;Triage Status;G;EvacueeID;146;Triage Status;G;EvacueeID;149;Triage Status;G;EvacueeID;151;Triage Status;G;EvacueeID;167;Triage Status;G;EvacueeID;168;Triage Status;G;EvacueeID;169;Triage Status;G;EvacueeID;172;Triage Status;G;EvacueeID;176;Triage Status;G;EvacueeID;193;Triage Status;G;EvacueeID;195;Triage Status;G;EvacueeID;196;Triage Status;G;EvacueeID;197;Triage Status;G;EvacueeID;198;Triage Status;G;EvacueeID;199;Triage Status;G;EvacueeID;208;Triage Status;G;EvacueeID;215;Triage Status;G;EvacueeID;216;Triage Status;G;EvacueeID;219;Triage Status;G;EvacueeID;221;Triage Status;G;EvacueeID;222;Triage Status;G;EvacueeID;223;Triage Status;G;EvacueeID;224;Triage Status;G;EvacueeID;228;Triage Status;G;EvacueeID;229;Triage Status;G;EvacueeID;230;Triage Status;G;EvacueeID;231;Triage Status;G;EvacueeID;240;Triage Status;G;EvacueeID;248;Triage Status;G;EvacueeID;254;Triage Status;G;EvacueeID;256;Triage Status;G;EvacueeID;257;Triage Status;G;EvacueeID;262;Triage Status;G;EvacueeID;264;Triage Status;G;EvacueeID;270;Triage Status;G;EvacueeID;272;Triage Status;G;EvacueeID;291;Triage Status;G;EvacueeID;292;Triage Status;G;EvacueeID;293;Triage Status;G;EvacueeID;296;Triage Status;G;EvacueeID;298;Triage Status;G;EvacueeID;301;Triage Status;G;EvacueeID;322;Triage Status;G;EvacueeID;325;Triage Status;G;EvacueeID;326;Triage Status;G;EvacueeID;339;Triage Status;G;EvacueeID;345;Triage Status;G;EvacueeID;362;Triage Status;G;EvacueeID;364;Triage Status;G;EvacueeID;365;Triage Status;G;EvacueeID;366;Triage Status;G;EvacueeID;367;Triage Status;G;EvacueeID;369;Triage Status;G;EvacueeID;389;Triage Status;G;Lives Saved;100
4591.45,3,evacueeManager,,OFF SHIP: White;0;Green;21;Yellow;3;Red;5;Black;371;ON SHIP: White;0;Green;0;Yellow;0;Red;0;Evacuees to Transfer;
4591.45,1339,evacuee,outES,Evacuee 191 in triage category Y is not assigned a helicopter
4591.45,1339,evacuee,,Evacuee;191;in triage state;R;is at the evacuation site
4605,1153,helicopter,,Helicopter;1;Is going to the evacuation site;;and has;0;spots taken
4610.09,3,evacueeManager,,OFF SHIP: White;0;Green;21;Yellow;3;Red;4;Black;372;ON SHIP: White;0;Green;0;Yellow;0;Red;0;Evacuees to Transfer;
4610.09,354,evacuee,outES,Evacuee 352 in triage category R is not assigned a helicopter
4610.09,354,evacuee,,Evacuee;352;in triage state;B;is at the evacuation site
4660.22,3,evacueeManager,,OFF SHIP: White;0;Green;21;Yellow;3;Red;3;Black;373;ON SHIP: White;0;Green;0;Yellow;0;Red;0;Evacuees to Transfer;
4660.22,1393,evacuee,outES,Evacuee 180 in triage category R is not assigned a helicopter
4660.22,1393,evacuee,,Evacuee;180;in triage state;B;is at the evacuation site
4663.47,3,evacueeManager,,OFF SHIP: White;0;Green;21;Yellow;3;Red;2;Black;374;ON SHIP: White;0;Green;0;Yellow;0;Red;0;Evacuees to Transfer;
4663.47,837,evacuee,outES,Evacuee 285 in triage category R is not assigned a helicopter
4663.47,837,evacuee,,Evacuee;285;in triage state;B;is at the evacuation site
4675.31,3,evacueeManager,,OFF SHIP: White;0;Green;21;Yellow;3;Red;1;Black;375;ON SHIP: White;0;Green;0;Yellow;0;Red;0;Evacuees to Transfer;
4675.31,1339,evacuee,outES,Evacuee 191 in triage category R is not assigned a helicopter
4675.31,1339,evacuee,,Evacuee;191;in triage state;B;is at the evacuation site
4676.55,3,evacueeManager,,OFF SHIP: White;0;Green;20;Yellow;4;Red;1;Black;375;ON SHIP: White;0;Green;0;Yellow;0;Red;0;Evacuees to Transfer;
4676.55,89,evacuee,outES,Evacuee 442 in triage category G is not assigned a helicopter
4676.55,89,evacuee,,Evacuee;442;in triage state;Y;is at the evacuation site
4680,5,helicopterQueue,,1;Helos are waiting to land;HeloID;1
4680,1153,helicopter,outES,Helicopter 1 is evacuating people1
4680,1153,helicopter,,Helicopter;1;is waiting to land at the evacuation site;;and has;0;spots taken
4680,4,helipadManager,,;No helos are at ES
4680,5,helicopterQueue,outHM,Helicopter 1 is evacuating people1
4680,5,helicopterQueue,outHelo,Helicopter 1 is evacuating people1
4680,5,helicopterQueue,,;No helos are waiting to land
4680,1152,filterES,,Helicopter;1;is evacuating people
4680,3,evacueeManager,,OFF SHIP: White;0;Green;10;Yellow;4;Red;1;Black;375;ON SHIP: White;0;Green;0;Yellow;0;Red;0;Evacuees to Transfer;;EvacueeID;392;HeloID;1;OnShip;0;Triage Status;G;EvacueeID;393;HeloID;1;OnShip;0;Triage Status;G;EvacueeID;395;HeloID;1;OnShip;0;Triage Status;G;EvacueeID;396;HeloID;1;OnShip;0;Triage Status;G;EvacueeID;399;HeloID;1;OnShip;0;Triage Status;G;EvacueeID;407;HeloID;1;OnShip;0;Triage Status;G;EvacueeID;413;HeloID;1;OnShip;0;Triage Status;G;EvacueeID;425;HeloID;1;OnShip;0;Triage Status;G;EvacueeID;436;HeloID;1;OnShip;0;Triage Status;G;EvacueeID;437;HeloID;1;OnShip;0;Triage Status;G
4680,4,helipadManager,outEM,Helicopter 1 is evacuating people1
4680,4,helipadManager,,Helo;1;is at the ES
4680,1152,filterES,out,Helicopter 1 is evacuating people1
4680,1152,filterES,,
4680,1153,helicopter,,Helicopter;1;is waiting to land at the evacuation site;;and has;0;spots taken
4680,3,evacueeManager,outEvac,Evacuee 392 in triage category G is assigned helicopter 1
4680,3,evacueeManager,outEvac,Evacuee 393 in triage category G is assigned helicopter 1
4680,3,evacueeManager,outEvac,Evacuee 395 in triage category G is assigned helicopter 1
4680,3,evacueeManager,outEvac,Evacuee 396 in triage category G is assigned helicopter 1
4680,3,evacueeManager,outEvac,Evacuee 399 in triage category G is assigned helicopter 1
4680,3,evacueeManager,outEvac,Evacuee 407 in triage category G is assigned helicopter 1
4680,3,evacueeManager,outEvac,Evacuee 413 in triage category G is assigned helicopter 1
4680,3,evacueeManager,outEvac,Evacuee 425 in triage category G is assigned helicopter 1
4680,3,evacueeManager,outEvac,Evacuee 436 in triage category G is assigned helicopter 1
4680,3,evacueeManager,outEvac,Evacuee 437 in triage category G is assigned helicopter 1
4680,3,evacueeManager,,OFF SHIP: White;0;Green;10;Yellow;4;Red;1;Black;375;ON SHIP: White;0;Green;0;Yellow;0;Red;0;Evacuees to Transfer;
4680,7,filterLoc,,
4680,10,filterLoc,,
4680,13,filterLoc,,
4680,16,filterLoc,,
4680,19,filterLoc,,
4680,22,filterLoc,,
4680,25,filterLoc,,
4680,28,filterLoc,,
4680,31,filterLoc,,
4680,34,filterLoc,,
4680,37,filterLoc,,
4680,40,filterLoc,,
4680,43,filterLoc,,
4680,46,filterLoc,,
4680,49,filterLoc,,
4680,52,filterLoc,,
4680,55,filterLoc,,
4680,58,filterLoc,,
4680,61,filterLoc,,
4680,64,filterLoc,,
4680,67,filterLoc,,
4680,70,filterLoc,,
4680,73,filterLoc,,
4680,76,filterLoc,,
4680,79,filterLoc,,
4680,82,filterLoc,,
4680,85,filterLoc,,
4680,88,filterLoc,,
4680,91,filterLoc,,
4680,94,filterLoc,,
4680,97,filterLoc,,;Evacuee;437;in triage category;G;is entering helicopter;1
4680,100,filterLoc,,;Evacuee;436;in triage category;G;is entering helicopter;1
4680,103,filterLoc,,
4680,106,filterLoc,,
4680,109,filterLoc,,
4680,112,filterLoc,,
4680,115,filterLoc,,
4680,118,filterLoc,,
4680,121,filterLoc,,
4680,124,filterLoc,,
4680,127,filterLoc,,
4680,130,filterLoc,,
4680,133,filterLoc,,
4680,136,filterLoc,,
4680,139,filterLoc,,
4680,142,filterLoc,,
4680,145,filterLoc,,
4680,148,filterLoc,,
4680,151,filterLoc,,
4680,154,filterLoc,,
4680,157,filterLoc,,
4680,160,filterLoc,,;Evacuee;396;in triage category;G;is entering helicopter;1
4680,163,filterLoc,,;Evacuee;395;in triage category;G;is entering helicopter;1
4680,166,filterLoc,,;Evacuee;393;in triage category;G;is entering helicopter;1
4680,169,filterLoc,,;Evacuee;392;in triage category;G;is entering helicopter;1
4680,172,filterLoc,,
4680,175,filterLoc,,
4680,178,filterLoc,,
4680,181,filterLoc,,
4680,184,filterLoc,,
4680,187,filterLoc,,
4680,190,filterLoc,,
4680,193,filterLoc,,
4680,196,filterLoc,,
4680,199,filterLoc,,
4680,202,filterLoc,,
4680,205,filterLoc,,
4680,208,filterLoc,,
4680,211,filterLoc,,
4680,214,filterLoc,,
4680,217,filterLoc,,
4680,221,filterLoc,,
4680,224,filterLoc,,
4680,227,filterLoc,,
4680,230,filterLoc,,
4680,233,filterLoc,,
4680,236,filterLoc,,;Evacuee;425;in triage category;G;is entering helicopter;1
4680,239,filterLoc,,
4680,242,filterLoc,,
4680,245,filterLoc,,
4680,248,filterLoc,,
4680,251,filterLoc,,
4680,254,filterLoc,,
4680,257,filterLoc,,
4680,260,filterLoc,,
4680,263,filterLoc,,
4680,266,filterLoc,,
4680,269,filterLoc,,
4680,272,filterLoc,,
4680,275,filterLoc,,
4680,278,filterLoc,,
4680,281,filterLoc,,
4680,284,filterLoc,,
4680,287,filterLoc,,
4680,290,filterLoc,,
4680,293,filterLoc,,
4680,296,filterLoc,,
4680,299,filterLoc,,
4680,302,filterLoc,,
4680,305,filterLoc,,
4680,308,filterLoc,,
4680,311,filterLoc,,
4680,314,filterLoc,,
4680,317,filterLoc,,
4680,320,filterLoc,,
4680,323,filterLoc,,
4680,326,filterLoc,,
4680,329,filterLoc,,
4680,332,filterLoc,,
4680,335,filterLoc,,
4680,338,filterLoc,,
4680,341,filterLoc,,
4680,344,filterLoc,,
4680,347,filterLoc,,
4680,350,filterLoc,,
4680,353,filterLoc,,
4680,356,filterLoc,,
4680,359,filterLoc,,
4680,362,filterLoc,,;Evacuee;413;in triage category;G;is entering helicopter;1
4680,365,filterLoc,,
4680,368,filterLoc,,
4680,371,filterLoc,,
4680,374,filterLoc,,
4680,377,filterLoc,,
4680,380,filterLoc,,
4680,383,filterLoc,,
4680,386,filterLoc,,
4680,389,filterLoc,,
4680,392,filterLoc,,
4680,395,filterLoc,,
4680,398,filterLoc,,
4680,401,filterLoc,,
4680,404,filterLoc,,
4680,407,filterLoc,,
4680,410,filterLoc,,
4680,413,filterLoc,,
4680,416,filterLoc,,
4680,419,filterLoc,,
4680,422,filterLoc,,
4680,425,filterLoc,,
4680,428,filterLoc,,
4680,431,filterLoc,,
4680,434,filterLoc,,
4680,437,filterLoc,,
4680,440,filterLoc,,
4680,443,filterLoc,,
4680,446,filterLoc,,
4680,449,filterLoc,,
4680,452,filterLoc,,
4680,455,filterLoc,,
4680,458,filterLoc,,
4680,461,filterLoc,,
4680,464,filterLoc,,
4680,467,filterLoc,,
4680,470,filterLoc,,
4680,473,filterLoc,,
4680,476,filterLoc,,
4680,479,filterLoc,,
4680,482,filterLoc,,
4680,485,filterLoc,,
4680,488,filterLoc,,
4680,491,filterLoc,,
4680,494,filterLoc,,
4680,497,filterLoc,,
4680,500,filterLoc,,
4680,503,filterLoc,,
4680,506,filterLoc,,
4680,509,filterLoc,,
4680,512,filterLoc,,
4680,515,filterLoc,,
4680,518,filterLoc,,
4680,521,filterLoc,,
4680,524,filterLoc,,
4680,527,filterLoc,,
4680,530,filterLoc,,
4680,533,filterLoc,,
4680,536,filterLoc,,
4680,539,filterLoc,,
4680,542,filterLoc,,
4680,545,filterLoc,,
4680,548,filterLoc,,
4680,551,filterLoc,,
4680,554,filterLoc,,
4680,557,filterLoc,,
4680,560,filterLoc,,
4680,563,filterLoc,,
4680,566,filterLoc,,
4680,569,filterLoc,,
4680,572,filterLoc,,
4680,575,filterLoc,,
4680,578,filterLoc,,
4680,581,filterLoc,,
4680,584,filterLoc,,
4680,587,filterLoc,,
4680,590,filterLoc,,
4680,593,filterLoc,,
4680,596,filterLoc,,
4680,599,filterLoc,,
4680,602,filterLoc,,
4680,605,filterLoc,,
4680,608,filterLoc,,
4680,611,filterLoc,,
4680,614,filterLoc,,
4680,617,filterLoc,,
4680,620,filterLoc,,
4680,623,filterLoc,,
4680,626,filterLoc,,
4680,629,filterLoc,,
4680,632,filterLoc,,
4680,635,filterLoc,,
4680,638,filterLoc,,
4680,641,filterLoc,,
4680,644,filterLoc,,
4680,647,filterLoc,,
4680,650,filterLoc,,
4680,653,filterLoc,,
4680,656,filterLoc,,
4680,659,filterLoc,,
4680,662,filterLoc,,
4680,665,filterLoc,,
4680,668,filterLoc,,
4680,671,filterLoc,,
4680,674,filterLoc,,
4680,677,filterLoc,,
4680,680,filterLoc,,
4680,683,filterLoc,,
4680,686,filterLoc,,
4680,689,filterLoc,,
4680,692,filterLoc,,
4680,695,filterLoc,,
4680,698,filterLoc,,
4680,701,filterLoc,,
4680,704,filterLoc,,
4680,707,filterLoc,,
4680,710,filterLoc,,
4680,713,filterLoc,,
4680,716,filterLoc,,
4680,719,filterLoc,,
4680,722,filterLoc,,
4680,725,filterLoc,,
4680,728,filterLoc,,
4680,731,filterLoc,,
4680,734,filterLoc,,
4680,737,filterLoc,,
4680,740,filterLoc,,
4680,743,filterLoc,,
4680,746,filterLoc,,
4680,749,filterLoc,,
4680,752,filterLoc,,
4680,755,filterLoc,,
4680,758,filterLoc,,
4680,761,filterLoc,,
4680,764,filterLoc,,
4680,767,filterLoc,,
4680,770,filterLoc,,
4680,773,filterLoc,,
4680,776,filterLoc,,
4680,779,filterLoc,,
4680,782,filterLoc,,
4680,785,filterLoc,,
4680,788,filterLoc,,
4680,791,filterLoc,,
4680,794,filterLoc,,
4680,797,filterLoc,,
4680,800,filterLoc,,
4680,803,filterLoc,,
4680,806,filterLoc,,
4680,809,filterLoc,,
4680,812,filterLoc,,
4680,815,filterLoc,,
4680,818,filterLoc,,
4680,821,filterLoc,,
4680,824,filterLoc,,
4680,827,filterLoc,,
4680,830,filterLoc,,
4680,833,filterLoc,,
4680,836,filterLoc,,
4680,839,filterLoc,,
4680,842,filterLoc,,
4680,845,filterLoc,,
4680,848,filterLoc,,
4680,851,filterLoc,,
4680,854,filterLoc,,
4680,857,filterLoc,,
4680,860,filterLoc,,
4680,863,filterLoc,,
4680,866,filterLoc,,
4680,869,filterLoc,,
4680,872,filterLoc,,
4680,875,filterLoc,,
4680,878,filterLoc,,
4680,881,filterLoc,,
4680,884,filterLoc,,
4680,887,filterLoc,,
4680,890,filterLoc,,
4680,893,filterLoc,,
4680,896,filterLoc,,
4680,899,filterLoc,,
4680,902,filterLoc,,
4680,905,filterLoc,,
4680,908,filterLoc,,
4680,911,filterLoc,,
4680,914,filterLoc,,
4680,917,filterLoc,,
4680,920,filterLoc,,;Evacuee;407;in triage category;G;is entering helicopter;1
4680,923,filterLoc,,
4680,926,filterLoc,,
4680,929,filterLoc,,
4680,932,filterLoc,,
4680,935,filterLoc,,
4680,938,filterLoc,,
4680,941,filterLoc,,
4680,944,filterLoc,,
4680,947,filterLoc,,
4680,950,filterLoc,,
4680,953,filterLoc,,
4680,956,filterLoc,,
4680,959,filterLoc,,
4680,962,filterLoc,,
4680,965,filterLoc,,
4680,968,filterLoc,,
4680,971,filterLoc,,
4680,974,filterLoc,,
4680,977,filterLoc,,
4680,980,filterLoc,,
4680,983,filterLoc,,
4680,986,filterLoc,,
4680,989,filterLoc,,
4680,992,filterLoc,,
4680,995,filterLoc,,
4680,998,filterLoc,,
4680,1001,filterLoc,,
4680,1004,filterLoc,,
4680,1007,filterLoc,,
4680,1010,filterLoc,,
4680,1013,filterLoc,,
4680,1016,filterLoc,,
4680,1019,filterLoc,,
4680,1022,filterLoc,,
4680,1025,filterLoc,,
4680,1028,filterLoc,,
4680,1031,filterLoc,,
4680,1034,filterLoc,,
4680,1037,filterLoc,,
4680,1040,filterLoc,,
4680,1043,filterLoc,,
4680,1046,filterLoc,,
4680,1049,filterLoc,,
4680,1052,filterLoc,,
4680,1055,filterLoc,,
4680,1058,filterLoc,,
4680,1061,filterLoc,,
4680,1064,filterLoc,,
4680,1067,filterLoc,,
4680,1070,filterLoc,,
4680,1073,filterLoc,,
4680,1076,filterLoc,,
4680,1079,filterLoc,,
4680,1082,filterLoc,,
4680,1085,filterLoc,,
4680,1088,filterLoc,,
4680,1091,filterLoc,,
4680,1094,filterLoc,,
4680,1097,filterLoc,,
4680,1100,filterLoc,,
4680,1103,filterLoc,,
4680,1106,filterLoc,,
4680,1109,filterLoc,,
4680,1112,filterLoc,,
4680,1115,filterLoc,,
4680,1118,filterLoc,,
4680,1121,filterLoc,,
4680,1124,filterLoc,,
4680,1127,filterLoc,,
4680,1130,filterLoc,,
4680,1133,filterLoc,,
4680,1136,filterLoc,,
4680,1139,filterLoc,,
4680,1142,filterLoc,,
4680,1145,filterLoc,,
4680,1148,filterLoc,,
4680,1153,helicopter,,Helicopter;1;is loading people at the evacuation site;;and has;0;spots taken
4680,1155,filterLoc,,
4680,1158,filterLoc,,
4680,1161,filterLoc,,
4680,1164,filterLoc,,
4680,1167,filterLoc,,
4680,1170,filterLoc,,
4680,1173,filterLoc,,
4680,1176,filterLoc,,
4680,1179,filterLoc,,
4680,1182,filterLoc,,
4680,1185,filterLoc,,
4680,1188,filterLoc,,
4680,1191,filterLoc,,
4680,1194,filterLoc,,
4680,1197,filterLoc,,
4680,1200,filterLoc,,
4680,1203,filterLoc,,
4680,1206,filterLoc,,
4680,1209,filterLoc,,
4680,1212,filterLoc,,
4680,1215,filterLoc,,
4680,1218,filterLoc,,
4680,1221,filterLoc,,
4680,1224,filterLoc,,
4680,1227,filterLoc,,
4680,1230,filterLoc,,
4680,1233,filterLoc,,
4680,1236,filterLoc,,
4680,1239,filterLoc,,
4680,1242,filterLoc,,
4680,1245,filterLoc,,
4680,1248,filterLoc,,
4680,1251,filterLoc,,
4680,1254,filterLoc,,
4680,1257,filterLoc,,
4680,1260,filterLoc,,
4680,1263,filterLoc,,
4680,1266,filterLoc,,
4680,1269,filterLoc,,
4680,1272,filterLoc,,
4680,1275,filterLoc,,
4680,1278,filterLoc,,
4680,1281,filterLoc,,
4680,1284,filterLoc,,
4680,1287,filterLoc,,
4680,1290,filterLoc,,
4680,1293,filterLoc,,
4680,1296,filterLoc,,
4680,1299,filterLoc,,
4680,1302,filterLoc,,
4680,1305,filterLoc,,
4680,1308,filterLoc,,
4680,1311,filterLoc,,
4680,1314,filterLoc,,
4680,1317,filterLoc,,
4680,1320,filterLoc,,
4680,1323,filterLoc,,
4680,1326,filterLoc,,
4680,1329,filterLoc,,
4680,1332,filterLoc,,
4680,1335,filterLoc,,
4680,1338,filterLoc,,
4680,1341,filterLoc,,
4680,1344,filterLoc,,
4680,1347,filterLoc,,
4680,1350,filterLoc,,
4680,1353,filterLoc,,;Evacuee;399;in triage category;G;is entering helicopter;1
4680,1356,filterLoc,,
4680,1359,filterLoc,,
4680,1362,filterLoc,,
4680,1365,filterLoc,,
4680,1368,filterLoc,,
4680,1371,filterLoc,,
4680,1374,filterLoc,,
4680,1377,filterLoc,,
4680,1380,filterLoc,,
4680,1383,filterLoc,,
4680,1386,filterLoc,,
4680,1389,filterLoc,,
4680,1392,filterLoc,,
4680,1395,filterLoc,,
4680,1398,filterLoc,,
4680,1401,filterLoc,,
4680,1404,filterLoc,,
4680,1407,filterLoc,,
4680,1410,filterLoc,,
4680,1413,filterLoc,,
4680,1416,filterLoc,,
4680,1419,filterLoc,,
4680,1422,filterLoc,,
4680,1425,filterLoc,,
4680,1428,filterLoc,,
4680,1431,filterLoc,,
4680,1434,filterLoc,,
4680,1437,filterLoc,,
4680,1440,filterLoc,,
4680,1443,filterLoc,,
4680,1446,filterLoc,,
4680,1449,filterLoc,,
4680,1452,filterLoc,,
4680,1455,filterLoc,,
4680,1458,filterLoc,,
4680,1461,filterLoc,,
4680,1464,filterLoc,,
4680,1467,filterLoc,,
4680,1470,filterLoc,,
4680,1473,filterLoc,,
4680,1476,filterLoc,,
4680,1479,filterLoc,,
4680,1482,filterLoc,,
4680,1485,filterLoc,,
4680,1488,filterLoc,,
4680,1491,filterLoc,,
4680,1494,filterLoc,,
4680,1497,filterLoc,,
4680,1500,filterLoc,,
4680,1503,filterLoc,,
4680,1506,filterLoc,,
4680,1509,filterLoc,,
4680,97,filterLoc,out,Evacuee 437 in triage category G is assigned helicopter 1
4680,97,filterLoc,,
4680,98,evacuee,,Evacuee;437;in triage state;G;is entering helicopter;1
4680,100,filterLoc,out,Evacuee 436 in triage category G is assigned helicopter 1
4680,100,filterLoc,,
4680,101,evacuee,,Evacuee;436;in triage state;G;is entering helicopter;1
4680,160,filterLoc,out,Evacuee 396 in triage category G is assigned helicopter 1
4680,160,filterLoc,,
4680,161,evacuee,,Evacuee;396;in triage state;G;is entering helicopter;1
4680,163,filterLoc,out,Evacuee 395 in triage category G is assigned helicopter 1
4680,163,filterLoc,,
4680,164,evacuee,,Evacuee;395;in triage state;G;is entering helicopter;1
4680,166,filterLoc,out,Evacuee 393 in triage category G is assigned helicopter 1
4680,166,filterLoc,,
4680,167,evacuee,,Evacuee;393;in triage state;G;is entering helicopter;1
4680,169,filterLoc,out,Evacuee 392 in triage category G is assigned helicopter 1
4680,169,filterLoc,,
4680,170,evacuee,,Evacuee;392;in triage state;G;is entering helicopter;1
4680,236,filterLoc,out,Evacuee 425 in triage category G is assigned helicopter 1
4680,236,filterLoc,,
4680,237,evacuee,,Evacuee;425;in triage state;G;is entering helicopter;1
4680,362,filterLoc,out,Evacuee 413 in triage category G is assigned helicopter 1
4680,362,filterLoc,,
4680,363,evacuee,,Evacuee;413;in triage state;G;is entering helicopter;1
4680,920,filterLoc,out,Evacuee 407 in triage category G is assigned helicopter 1
4680,920,filterLoc,,
4680,921,evacuee,,Evacuee;407;in triage state;G;is entering helicopter;1
4680,1353,filterLoc,out,Evacuee 399 in triage category G is assigned helicopter 1
4680,1353,filterLoc,,
4680,1354,evacuee,,Evacuee;399;in triage state;G;is entering helicopter;1
4680,98,evacuee,outHelo,Evacuee 437 in triage category G is assigned helicopter 1
4680,98,evacuee,,Evacuee;437;in triage state;G;is in helicopter;1
4680,101,evacuee,outHelo,Evacuee 436 in triage category G is assigned helicopter 1
4680,101,evacuee,,Evacuee;436;in triage state;G;is in helicopter;1
4680,161,evacuee,outHelo,Evacuee 396 in triage category G is assigned helicopter 1
4680,161,evacuee,,Evacuee;396;in triage state;G;is in helicopter;1
4680,164,evacuee,outHelo,Evacuee 395 in triage category G is assigned helicopter 1
4680,164,evacuee,,Evacuee;395;in triage state;G;is in helicopter;1
4680,167,evacuee,outHelo,Evacuee 393 in triage category G is assigned helicopter 1
4680,167,evacuee,,Evacuee;393;in triage state;G;is in helicopter;1
4680,170,evacuee,outHelo,Evacuee 392 in triage category G is assigned helicopter 1
4680,170,evacuee,,Evacuee;392;in triage state;G;is in helicopter;1
4680,237,evacuee,outHelo,Evacuee 425 in triage category G is assigned helicopter 1
4680,237,evacuee,,Evacuee;425;in triage state;G;is in helicopter;1
4680,363,evacuee,outHelo,Evacuee 413 in triage category G is assigned helicopter 1
4680,363,evacuee,,Evacuee;413;in triage state;G;is in helicopter;1
4680,921,evacuee,outHelo,Evacuee 407 in triage category G is assigned helicopter 1
4680,921,evacuee,,Evacuee;407;in triage state;G;is in helicopter;1
4680,1151,filterEvac,,;Evacuee;392;in triage category;G;is entering helicopter;1;Evacuee;393;in triage category;G;is entering helicopter;1;Evacuee;395;in triage category;G;is entering helicopter;1;Evacuee;396;in triage category;G;is entering helicopter;1;Evacuee;399;in triage category;G;is entering helicopter;1;Evacuee;407;in triage category;G;is entering helicopter;1;Evacuee;413;in triage category;G;is entering helicopter;1;Evacuee;425;in triage category;G;is entering helicopter;1;Evacuee;436;in triage category;G;is entering helicopter;1;Evacuee;437;in triage category;G;is entering helicopter;1
4680,1354,evacuee,outHelo,Evacuee 399 in triage category G is assigned helicopter 1
4680,1354,evacuee,,Evacuee;399;in triage state;G;is in helicopter;1
4680,1151,filterEvac,out,Evacuee 392 in triage category G is assigned helicopter 1
4680,1151,filterEvac,out,Evacuee 393 in triage category G is assigned helicopter 1
4680,1151,filterEvac,out,Evacuee 395 in triage category G is assigned helicopter 1
4680,1151,filterEvac,out,Evacuee 396 in triage category G is assigned helicopter 1
4680,1151,filterEvac,out,Evacuee 399 in triage category G is assigned helicopter 1
4680,1151,filterEvac,out,Evacuee 407 in triage category G is assigned helicopter 1
4680,1151,filterEvac,out,Evacuee 413 in triage category G is assigned helicopter 1
4680,1151,filterEvac,out,Evacuee 425 in triage category G is assigned helicopter 1
4680,1151,filterEvac,out,Evacuee 436 in triage category G is assigned helicopter 1
4680,1151,filterEvac,out,Evacuee 437 in triage category G is assigned helicopter 1
4680,1151,filterEvac,,
4680,1153,helicopter,,Helicopter;1;is loading people at the evacuation site;;and has;10;spots taken
4695,4,helipadManager,outHelo,Helicopter 1 is evacuating people1
4695,4,helipadManager,,;No helos are at ES
4695,1152,filterES,,Helicopter;1;is evacuating people
4695,4,helipadManager,outHQ,0
4695,4,helipadManager,,;No helos are at ES
4695,5,helicopterQueue,,;No helos are waiting to land
4695,1152,filterES,out,Helicopter 1 is evacuating people1
4695,1152,filterES,,
4695,1153,helicopter,,Helicopter;1;is loading people at the evacuation site;;and has;10;spots taken
4695,5,helicopterQueue,,;No helos are waiting to land
4695,1153,helicopter,,Helicopter;1;is returning to the FOL;;and has;10;spots taken
4770,7,filterLoc,,
4770,10,filterLoc,,
4770,13,filterLoc,,
4770,16,filterLoc,,
4770,19,filterLoc,,
4770,22,filterLoc,,
4770,25,filterLoc,,
4770,28,filterLoc,,
4770,31,filterLoc,,
4770,34,filterLoc,,
4770,37,filterLoc,,
4770,40,filterLoc,,
4770,43,filterLoc,,
4770,46,filterLoc,,
4770,49,filterLoc,,
4770,52,filterLoc,,
4770,55,filterLoc,,
4770,58,filterLoc,,
4770,61,filterLoc,,
4770,64,filterLoc,,
4770,67,filterLoc,,
4770,70,filterLoc,,
4770,73,filterLoc,,
4770,76,filterLoc,,
4770,79,filterLoc,,
4770,82,filterLoc,,
4770,85,filterLoc,,
4770,88,filterLoc,,
4770,91,filterLoc,,
4770,94,filterLoc,,
4770,97,filterLoc,,;Evacuee;437;in triage category;G;is leaving helicopter;1
4770,100,filterLoc,,;Evacuee;436;in triage category;G;is leaving helicopter;1
4770,103,filterLoc,,
4770,106,filterLoc,,
4770,109,filterLoc,,
4770,112,filterLoc,,
4770,115,filterLoc,,
4770,118,filterLoc,,
4770,121,filterLoc,,
4770,124,filterLoc,,
4770,127,filterLoc,,
4770,130,filterLoc,,
4770,133,filterLoc,,
4770,136,filterLoc,,
4770,139,filterLoc,,
4770,142,filterLoc,,
4770,145,filterLoc,,
4770,148,filterLoc,,
4770,151,filterLoc,,
4770,154,filterLoc,,
4770,157,filterLoc,,
4770,160,filterLoc,,;Evacuee;396;in triage category;G;is leaving helicopter;1
4770,163,filterLoc,,;Evacuee;395;in triage category;G;is leaving helicopter;1
4770,166,filterLoc,,;Evacuee;393;in triage category;G;is leaving helicopter;1
4770,169,filterLoc,,;Evacuee;392;in triage category;G;is leaving helicopter;1
4770,172,filterLoc,,
4770,175,filterLoc,,
4770,178,filterLoc,,
4770,181,filterLoc,,
4770,184,filterLoc,,
4770,187,filterLoc,,
4770,190,filterLoc,,
4770,193,filterLoc,,
4770,196,filterLoc,,
4770,199,filterLoc,,
4770,202,filterLoc,,
4770,205,filterLoc,,
4770,208,filterLoc,,
4770,211,filterLoc,,
4770,214,filterLoc,,
4770,217,filterLoc,,
4770,221,filterLoc,,
4770,224,filterLoc,,
4770,227,filterLoc,,
4770,230,filterLoc,,
4770,233,filterLoc,,
4770,236,filterLoc,,;Evacuee;425;in triage category;G;is leaving helicopter;1
4770,239,filterLoc,,
4770,242,filterLoc,,
4770,245,filterLoc,,
4770,248,filterLoc,,
4770,251,filterLoc,,
4770,254,filterLoc,,
4770,257,filterLoc,,
4770,260,filterLoc,,
4770,263,filterLoc,,
4770,266,filterLoc,,
4770,269,filterLoc,,
4770,272,filterLoc,,
4770,275,filterLoc,,
4770,278,filterLoc,,
4770,281,filterLoc,,
4770,284,filterLoc,,
4770,287,filterLoc,,
4770,290,filterLoc,,
4770,293,filterLoc,,
4770,296,filterLoc,,
4770,299,filterLoc,,
4770,302,filterLoc,,
4770,305,filterLoc,,
4770,308,filterLoc,,
4770,311,filterLoc,,
4770,314,filterLoc,,
4770,317,filterLoc,,
4770,320,filterLoc,,
4770,323,filterLoc,,
4770,326,filterLoc,,
4770,329,filterLoc,,
4770,332,filterLoc,,
4770,335,filterLoc,,
4770,338,filterLoc,,
4770,341,filterLoc,,
4770,344,filterLoc,,
4770,347,filterLoc,,
4770,350,filterLoc,,
4770,353,filterLoc,,
4770,356,filterLoc,,
4770,359,filterLoc,,
4770,362,filterLoc,,;Evacuee;413;in triage category;G;is leaving helicopter;1
4770,365,filterLoc,,
4770,368,filterLoc,,
4770,371,filterLoc,,
4770,374,filterLoc,,
4770,377,filterLoc,,
4770,380,filterLoc,,
4770,383,filterLoc,,
4770,386,filterLoc,,
4770,389,filterLoc,,
4770,392,filterLoc,,
4770,395,filterLoc,,
4770,398,filterLoc,,
4770,401,filterLoc,,
4770,404,filterLoc,,
4770,407,filterLoc,,
4770,410,filterLoc,,
4770,413,filterLoc,,
4770,416,filterLoc,,
4770,419,filterLoc,,
4770,422,filterLoc,,
4770,425,filterLoc,,
4770,428,filterLoc,,
4770,431,filterLoc,,
4770,434,filterLoc,,
4770,437,filterLoc,,
4770,440,filterLoc,,
4770,443,filterLoc,,
4770,446,filterLoc,,
4770,449,filterLoc,,
4770,452,filterLoc,,
4770,455,filterLoc,,
4770,458,filterLoc,,
4770,461,filterLoc,,
4770,464,filterLoc,,
4770,467,filterLoc,,
4770,470,filterLoc,,
4770,473,filterLoc,,
4770,476,filterLoc,,
4770,479,filterLoc,,
4770,482,filterLoc,,
4770,485,filterLoc,,
4770,488,filterLoc,,
4770,491,filterLoc,,
4770,494,filterLoc,,
4770,497,filterLoc,,
4770,500,filterLoc,,
4770,503,filterLoc,,
4770,506,filterLoc,,
4770,509,filterLoc,,
4770,512,filterLoc,,
4770,515,filterLoc,,
4770,518,filterLoc,,
4770,521,filterLoc,,
4770,524,filterLoc,,
4770,527,filterLoc,,
4770,530,filterLoc,,
4770,533,filterLoc,,
4770,536,filterLoc,,
4770,539,filterLoc,,
4770,542,filterLoc,,
4770,545,filterLoc,,
4770,548,filterLoc,,
4770,551,filterLoc,,
4770,554,filterLoc,,
4770,557,filterLoc,,
4770,560,filterLoc,,
4770,563,filterLoc,,
4770,566,filterLoc,,
4770,569,filterLoc,,
4770,572,filterLoc,,
4770,575,filterLoc,,
4770,578,filterLoc,,
4770,581,filterLoc,,
4770,584,filterLoc,,
4770,587,filterLoc,,
4770,590,filterLoc,,
4770,593,filterLoc,,
4770,596,filterLoc,,
4770,599,filterLoc,,
4770,602,filterLoc,,
4770,605,filterLoc,,
4770,608,filterLoc,,
4770,611,filterLoc,,
4770,614,filterLoc,,
4770,617,filterLoc,,
4770,620,filterLoc,,
4770,623,filterLoc,,
4770,626,filterLoc,,
4770,629,filterLoc,,
4770,632,filterLoc,,
4770,635,filterLoc,,
4770,638,filterLoc,,
4770,641,filterLoc,,
4770,644,filterLoc,,
4770,647,filterLoc,,
4770,650,filterLoc,,
4770,653,filterLoc,,
4770,656,filterLoc,,
4770,659,filterLoc,,
4770,662,filterLoc,,
4770,665,filterLoc,,
4770,668,filterLoc,,
4770,671,filterLoc,,
4770,674,filterLoc,,
4770,677,filterLoc,,
4770,680,filterLoc,,
4770,683,filterLoc,,
4770,686,filterLoc,,
4770,689,filterLoc,,
4770,692,filterLoc,,
4770,695,filterLoc,,
4770,698,filterLoc,,
4770,701,filterLoc,,
4770,704,filterLoc,,
4770,707,filterLoc,,
4770,710,filterLoc,,
4770,713,filterLoc,,
4770,716,filterLoc,,
4770,719,filterLoc,,
4770,722,filterLoc,,
4770,725,filterLoc,,
4770,728,filterLoc,,
4770,731,filterLoc,,
4770,734,filterLoc,,
4770,737,filterLoc,,
4770,740,filterLoc,,
4770,743,filterLoc,,
4770,746,filterLoc,,
4770,749,filterLoc,,
4770,752,filterLoc,,
4770,755,filterLoc,,
4770,758,filterLoc,,
4770,761,filterLoc,,
4770,764,filterLoc,,
4770,767,filterLoc,,
4770,770,filterLoc,,
4770,773,filterLoc,,
4770,776,filterLoc,,
4770,779,filterLoc,,
4770,782,filterLoc,,
4770,785,filterLoc,,
4770,788,filterLoc,,
4770,791,filterLoc,,
4770,794,filterLoc,,
4770,797,filterLoc,,
4770,800,filterLoc,,
4770,803,filterLoc,,
4770,806,filterLoc,,
4770,809,filterLoc,,
4770,812,filterLoc,,
4770,815,filterLoc,,
4770,818,filterLoc,,
4770,821,filterLoc,,
4770,824,filterLoc,,
4770,827,filterLoc,,
4770,830,filterLoc,,
4770,833,filterLoc,,
4770,836,filterLoc,,
4770,839,filterLoc,,
4770,842,filterLoc,,
4770,845,filterLoc,,
4770,848,filterLoc,,
4770,851,filterLoc,,
4770,854,filterLoc,,
4770,857,filterLoc,,
4770,860,filterLoc,,
4770,863,filterLoc,,
4770,866,filterLoc,,
4770,869,filterLoc,,
4770,872,filterLoc,,
4770,875,filterLoc,,
4770,878,filterLoc,,
4770,881,filterLoc,,
4770,884,filterLoc,,
4770,887,filterLoc,,
4770,890,filterLoc,,
4770,893,filterLoc,,
4770,896,filterLoc,,
4770,899,filterLoc,,
4770,902,filterLoc,,
4770,905,filterLoc,,
4770,908,filterLoc,,
4770,911,filterLoc,,
4770,914,filterLoc,,
4770,917,filterLoc,,
4770,920,filterLoc,,;Evacuee;407;in triage category;G;is leaving helicopter;1
4770,923,filterLoc,,
4770,926,filterLoc,,
4770,929,filterLoc,,
4770,932,filterLoc,,
4770,935,filterLoc,,
4770,938,filterLoc,,
4770,941,filterLoc,,
4770,944,filterLoc,,
4770,947,filterLoc,,
4770,950,filterLoc,,
4770,953,filterLoc,,
4770,956,filterLoc,,
4770,959,filterLoc,,
4770,962,filterLoc,,
4770,965,filterLoc,,
4770,968,filterLoc,,
4770,971,filterLoc,,
4770,974,filterLoc,,
4770,977,filterLoc,,
4770,980,filterLoc,,
4770,983,filterLoc,,
4770,986,filterLoc,,
4770,989,filterLoc,,
4770,992,filterLoc,,
4770,995,filterLoc,,
4770,998,filterLoc,,
4770,1001,filterLoc,,
4770,1004,filterLoc,,
4770,1007,filterLoc,,
4770,1010,filterLoc,,
4770,1013,filterLoc,,
4770,1016,filterLoc,,
4770,1019,filterLoc,,
4770,1022,filterLoc,,
4770,1025,filterLoc,,
4770,1028,filterLoc,,
4770,1031,filterLoc,,
4770,1034,filterLoc,,
4770,1037,filterLoc,,
4770,1040,filterLoc,,
4770,1043,filterLoc,,
4770,1046,filterLoc,,
4770,1049,filterLoc,,
4770,1052,filterLoc,,
4770,1055,filterLoc,,
4770,1058,filterLoc,,
4770,1061,filterLoc,,
4770,1064,filterLoc,,
4770,1067,filterLoc,,
4770,1070,filterLoc,,
4770,1073,filterLoc,,
4770,1076,filterLoc,,
4770,1079,filterLoc,,
4770,1082,filterLoc,,
4770,1085,filterLoc,,
4770,1088,filterLoc,,
4770,1091,filterLoc,,
4770,1094,filterLoc,,
4770,1097,filterLoc,,
4770,1100,filterLoc,,
4770,1103,filterLoc,,
4770,1106,filterLoc,,
4770,1109,filterLoc,,
4770,1112,filterLoc,,
4770,1115,filterLoc,,
4770,1118,filterLoc,,
4770,1121,filterLoc,,
4770,1124,filterLoc,,
4770,1127,filterLoc,,
4770,1130,filterLoc,,
4770,1133,filterLoc,,
4770,1136,filterLoc,,
4770,1139,filterLoc,,
4770,1142,filterLoc,,
4770,1145,filterLoc,,
4770,1148,filterLoc,,
4770,1153,helicopter,outEvac,Evacuee 392 in triage category G is not assigned a helicopter
4770,1153,helicopter,outEvac,Evacuee 393 in triage category G is not assigned a helicopter
4770,1153,helicopter,outEvac,Evacuee 395 in triage category G is not assigned a helicopter
4770,1153,helicopter,outEvac,Evacuee 396 in triage category G is not assigned a helicopter
4770,1153,helicopter,outEvac,Evacuee 399 in triage category G is not assigned a helicopter
4770,1153,helicopter,outEvac,Evacuee 407 in triage category G is not assigned a helicopter
4770,1153,helicopter,outEvac,Evacuee 413 in triage category G is not assigned a helicopter
4770,1153,helicopter,outEvac,Evacuee 425 in triage category G is not assigned a helicopter
4770,1153,helicopter,outEvac,Evacuee 436 in triage category G is not assigned a helicopter
4770,1153,helicopter,outEvac,Evacuee 437 in triage category G is not assigned a helicopter
4770,1153,helicopter,,Helicopter;1;is unloading people at the FOL;;and has;0;spots taken
4770,1155,filterLoc,,
4770,1158,filterLoc,,
4770,1161,filterLoc,,
4770,1164,filterLoc,,
4770,1167,filterLoc,,
4770,1170,filterLoc,,
4770,1173,filterLoc,,
4770,1176,filterLoc,,
4770,1179,filterLoc,,
4770,1182,filterLoc,,
4770,1185,filterLoc,,
4770,1188,filterLoc,,
4770,1191,filterLoc,,
4770,1194,filterLoc,,
4770,1197,filterLoc,,
4770,1200,filterLoc,,
4770,1203,filterLoc,,
4770,1206,filterLoc,,
4770,1209,filterLoc,,
4770,1212,filterLoc,,
4770,1215,filterLoc,,
4770,1218,filterLoc,,
4770,1221,filterLoc,,
4770,1224,filterLoc,,
4770,1227,filterLoc,,
4770,1230,filterLoc,,
4770,1233,filterLoc,,
4770,1236,filterLoc,,
4770,1239,filterLoc,,
4770,1242,filterLoc,,
4770,1245,filterLoc,,
4770,1248,filterLoc,,
4770,1251,filterLoc,,
4770,1254,filterLoc,,
4770,1257,filterLoc,,
4770,1260,filterLoc,,
4770,1263,filterLoc,,
4770,1266,filterLoc,,
4770,1269,filterLoc,,
4770,1272,filterLoc,,
4770,1275,filterLoc,,
4770,1278,filterLoc,,
4770,1281,filterLoc,,
4770,1284,filterLoc,,
4770,1287,filterLoc,,
4770,1290,filterLoc,,
4770,1293,filterLoc,,
4770,1296,filterLoc,,
4770,1299,filterLoc,,
4770,1302,filterLoc,,
4770,1305,filterLoc,,
4770,1308,filterLoc,,
4770,1311,filterLoc,,
4770,1314,filterLoc,,
4770,1317,filterLoc,,
4770,1320,filterLoc,,
4770,1323,filterLoc,,
4770,1326,filterLoc,,
4770,1329,filterLoc,,
4770,1332,filterLoc,,
4770,1335,filterLoc,,
4770,1338,filterLoc,,
4770,1341,filterLoc,,
4770,1344,filterLoc,,
4770,1347,filterLoc,,
4770,1350,filterLoc,,
4770,1353,filterLoc,,;Evacuee;399;in triage category;G;is leaving helicopter;1
4770,1356,filterLoc,,
4770,1359,filterLoc,,
4770,1362,filterLoc,,
4770,1365,filterLoc,,
4770,1368,filterLoc,,
4770,1371,filterLoc,,
4770,1374,filterLoc,,
4770,1377,filterLoc,,
4770,1380,filterLoc,,
4770,1383,filterLoc,,
4770,1386,filterLoc,,
4770,1389,filterLoc,,
4770,1392,filterLoc,,
4770,1395,filterLoc,,
4770,1398,filterLoc,,
4770,1401,filterLoc,,
4770,1404,filterLoc,,
4770,1407,filterLoc,,
4770,1410,filterLoc,,
4770,1413,filterLoc,,
4770,1416,filterLoc,,
4770,1419,filterLoc,,
4770,1422,filterLoc,,
4770,1425,filterLoc,,
4770,1428,filterLoc,,
4770,1431,filterLoc,,
4770,1434,filterLoc,,
4770,1437,filterLoc,,
4770,1440,filterLoc,,
4770,1443,filterLoc,,
4770,1446,filterLoc,,
4770,1449,filterLoc,,
4770,1452,filterLoc,,
4770,1455,filterLoc,,
4770,1458,filterLoc,,
4770,1461,filterLoc,,
4770,1464,filterLoc,,
4770,1467,filterLoc,,
4770,1470,filterLoc,,
4770,1473,filterLoc,,
4770,1476,filterLoc,,
4770,1479,filterLoc,,
4770,1482,filterLoc,,
4770,1485,filterLoc,,
4770,1488,filterLoc,,
4770,1491,filterLoc,,
4770,1494,filterLoc,,
4770,1497,filterLoc,,
4770,1500,filterLoc,,
4770,1503,filterLoc,,
4770,1506,filterLoc,,
4770,1509,filterLoc,,
4770,97,filterLoc,out,Evacuee 437 in triage category G is not assigned a helicopter
4770,97,filterLoc,,
4770,98,evacuee,,Evacuee;437;in triage state;G;is entering the FOL
4770,100,filterLoc,out,Evacuee 436 in triage category G is not assigned a helicopter
4770,100,filterLoc,,
4770,101,evacuee,,Evacuee;436;in triage state;G;is entering the FOL
4770,160,filterLoc,out,Evacuee 396 in triage category G is not assigned a helicopter
4770,160,filterLoc,,
4770,161,evacuee,,Evacuee;396;in triage state;G;is entering the FOL
4770,163,filterLoc,out,Evacuee 395 in triage category G is not assigned a helicopter
4770,163,filterLoc,,
4770,164,evacuee,,Evacuee;395;in triage state;G;is entering the FOL
4770,166,filterLoc,out,Evacuee 393 in triage category G is not assigned a helicopter
4770,166,filterLoc,,
4770,167,evacuee,,Evacuee;393;in triage state;G;is entering the FOL
4770,169,filterLoc,out,Evacuee 392 in triage category G is not assigned a helicopter
4770,169,filterLoc,,
4770,170,evacuee,,Evacuee;392;in triage state;G;is entering the FOL
4770,236,filterLoc,out,Evacuee 425 in triage category G is not assigned a helicopter
4770,236,filterLoc,,
4770,237,evacuee,,Evacuee;425;in triage state;G;is entering the FOL
4770,362,filterLoc,out,Evacuee 413 in triage category G is not assigned a helicopter
4770,362,filterLoc,,
4770,363,evacuee,,Evacuee;413;in triage state;G;is entering the FOL
4770,920,filterLoc,out,Evacuee 407 in triage category G is not assigned a helicopter
4770,920,filterLoc,,
4770,921,evacuee,,Evacuee;407;in triage state;G;is entering the FOL
4770,1353,filterLoc,out,Evacuee 399 in triage category G is not assigned a helicopter
4770,1353,filterLoc,,
4770,1354,evacuee,,Evacuee;399;in triage state;G;is entering the FOL
4770,98,evacuee,outFOL,Evacuee 437 in triage category G is not assigned a helicopter
4770,98,evacuee,,Evacuee;437;in triage state;G;is at the FOL
4770,101,evacuee,outFOL,Evacuee 436 in triage category G is not assigned a helicopter
4770,101,evacuee,,Evacuee;436;in triage state;G;is at the FOL
4770,161,evacuee,outFOL,Evacuee 396 in triage category G is not assigned a helicopter
4770,161,evacuee,,Evacuee;396;in triage state;G;is at the FOL
4770,164,evacuee,outFOL,Evacuee 395 in triage category G is not assigned a helicopter
4770,164,evacuee,,Evacuee;395;in triage state;G;is at the FOL
4770,167,evacuee,outFOL,Evacuee 393 in triage category G is not assigned a helicopter
4770,167,evacuee,,Evacuee;393;in triage state;G;is at the FOL
4770,170,evacuee,outFOL,Evacuee 392 in triage category G is not assigned a helicopter
4770,170,evacuee,,Evacuee;392;in triage state;G;is at the FOL
4770,219,FOL,,;EvacueeID;3;Triage Status;G;EvacueeID;5;Triage Status;G;EvacueeID;8;Triage Status;G;EvacueeID;12;Triage Status;G;EvacueeID;15;Triage Status;G;EvacueeID;21;Triage Status;G;EvacueeID;30;Triage Status;G;EvacueeID;31;Triage Status;G;EvacueeID;36;Triage Status;G;EvacueeID;38;Triage Status;G;EvacueeID;39;Triage Status;G;EvacueeID;42;Triage Status;G;EvacueeID;43;Triage Status;G;EvacueeID;46;Triage Status;G;EvacueeID;47;Triage Status;G;EvacueeID;51;Triage Status;G;EvacueeID;53;Triage Status;G;EvacueeID;56;Triage Status;G;EvacueeID;57;Triage Status;G;EvacueeID;59;Triage Status;G;EvacueeID;62;Triage Status;G;EvacueeID;66;Triage Status;G;EvacueeID;68;Triage Status;G;EvacueeID;72;Triage Status;G;EvacueeID;79;Triage Status;G;EvacueeID;80;Triage Status;G;EvacueeID;84;Triage Status;G;EvacueeID;86;Triage Status;G;EvacueeID;89;Triage Status;G;EvacueeID;91;Triage Status;G;EvacueeID;101;Triage Status;G;EvacueeID;103;Triage Status;G;EvacueeID;107;Triage Status;G;EvacueeID;110;Triage Status;G;EvacueeID;111;Triage Status;G;EvacueeID;115;Triage Status;G;EvacueeID;118;Triage Status;G;EvacueeID;124;Triage Status;G;EvacueeID;130;Triage Status;G;EvacueeID;132;Triage Status;G;EvacueeID;133;Triage Status;G;EvacueeID;134;Triage Status;G;EvacueeID;135;Triage Status;G;EvacueeID;140;Triage Status;G;EvacueeID;141;Triage Status;G;EvacueeID;143;Triage Status;G;EvacueeID;145;Triage Status;G;EvacueeID;146;Triage Status;G;EvacueeID;149;Triage Status;G;EvacueeID;151;Triage Status;G;EvacueeID;167;Triage Status;G;EvacueeID;168;Triage Status;G;EvacueeID;169;Triage Status;G;EvacueeID;172;Triage Status;G;EvacueeID;176;Triage Status;G;EvacueeID;193;Triage Status;G;EvacueeID;195;Triage Status;G;EvacueeID;196;Triage Status;G;EvacueeID;197;Triage Status;G;EvacueeID;198;Triage Status;G;EvacueeID;199;Triage Status;G;EvacueeID;208;Triage Status;G;EvacueeID;215;Triage Status;G;EvacueeID;216;Triage Status;G;EvacueeID;219;Triage Status;G;EvacueeID;221;Triage Status;G;EvacueeID;222;Triage Status;G;EvacueeID;223;Triage Status;G;EvacueeID;224;Triage Status;G;EvacueeID;228;Triage Status;G;EvacueeID;229;Triage Status;G;EvacueeID;230;Triage Status;G;EvacueeID;231;Triage Status;G;EvacueeID;240;Triage Status;G;EvacueeID;248;Triage Status;G;EvacueeID;254;Triage Status;G;EvacueeID;256;Triage Status;G;EvacueeID;257;Triage Status;G;EvacueeID;262;Triage Status;G;EvacueeID;264;Triage Status;G;EvacueeID;270;Triage Status;G;EvacueeID;272;Triage Status;G;EvacueeID;291;Triage Status;G;EvacueeID;292;Triage Status;G;EvacueeID;293;Triage Status;G;EvacueeID;296;Triage Status;G;EvacueeID;298;Triage Status;G;EvacueeID;301;Triage Status;G;EvacueeID;322;Triage Status;G;EvacueeID;325;Triage Status;G;EvacueeID;326;Triage Status;G;EvacueeID;339;Triage Status;G;EvacueeID;345;Triage Status;G;EvacueeID;362;Triage Status;G;EvacueeID;364;Triage Status;G;EvacueeID;365;Triage Status;G;EvacueeID;366;Triage Status;G;EvacueeID;367;Triage Status;G;EvacueeID;369;Triage Status;G;EvacueeID;389;Triage Status;G;EvacueeID;392;Triage Status;G;EvacueeID;393;Triage Status;G;EvacueeID;395;Triage Status;G;EvacueeID;396;Triage Status;G;EvacueeID;399;Triage Status;G;EvacueeID;407;Triage Status;G;EvacueeID;413;Triage Status;G;EvacueeID;425;Triage Status;G;EvacueeID;436;Triage Status;G;EvacueeID;437;Triage Status;G;Lives Saved;110
4770,237,evacuee,outFOL,Evacuee 425 in triage category G is not assigned a helicopter
4770,237,evacuee,,Evacuee;425;in triage state;G;is at the FOL
4770,363,evacuee,outFOL,Evacuee 413 in triage category G is not assigned a helicopter
4770,363,evacuee,,Evacuee;413;in triage state;G;is at the FOL
4770,921,evacuee,outFOL,Evacuee 407 in triage category G is not assigned a helicopter
4770,921,evacuee,,Evacuee;407;in triage state;G;is at the FOL
4770,1354,evacuee,outFOL,Evacuee 399 in triage category G is not assigned a helicopter
4770,1354,evacuee,,Evacuee;399;in triage state;G;is at the FOL
4770,219,FOL,,;EvacueeID;3;Triage Status;G;EvacueeID;5;Triage Status;G;EvacueeID;8;Triage Status;G;EvacueeID;12;Triage Status;G;EvacueeID;15;Triage Status;G;EvacueeID;21;Triage Status;G;EvacueeID;30;Triage Status;G;EvacueeID;31;Triage Status;G;EvacueeID;36;Triage Status;G;EvacueeID;38;Triage Status;G;EvacueeID;39;Triage Status;G;EvacueeID;42;Triage Status;G;EvacueeID;43;Triage Status;G;EvacueeID;46;Triage Status;G;EvacueeID;47;Triage Status;G;EvacueeID;51;Triage Status;G;EvacueeID;53;Triage Status;G;EvacueeID;56;Triage Status;G;EvacueeID;57;Triage Status;G;EvacueeID;59;Triage Status;G;EvacueeID;62;Triage Status;G;EvacueeID;66;Triage Status;G;EvacueeID;68;Triage Status;G;EvacueeID;72;Triage Status;G;EvacueeID;79;Triage Status;G;EvacueeID;80;Triage Status;G;EvacueeID;84;Triage Status;G;EvacueeID;86;Triage Status;G;EvacueeID;89;Triage Status;G;EvacueeID;91;Triage Status;G;EvacueeID;101;Triage Status;G;EvacueeID;103;Triage Status;G;EvacueeID;107;Triage Status;G;EvacueeID;110;Triage Status;G;EvacueeID;111;Triage Status;G;EvacueeID;115;Triage Status;G;EvacueeID;118;Triage Status;G;EvacueeID;124;Triage Status;G;EvacueeID;130;Triage Status;G;EvacueeID;132;Triage Status;G;EvacueeID;133;Triage Status;G;EvacueeID;134;Triage Status;G;EvacueeID;135;Triage Status;G;EvacueeID;140;Triage Status;G;EvacueeID;141;Triage Status;G;EvacueeID;143;Triage Status;G;EvacueeID;145;Triage Status;G;EvacueeID;146;Triage Status;G;EvacueeID;149;Triage Status;G;EvacueeID;151;Triage Status;G;EvacueeID;167;Triage Status;G;EvacueeID;168;Triage Status;G;EvacueeID;169;Triage Status;G;EvacueeID;172;Triage Status;G;EvacueeID;176;Triage Status;G;EvacueeID;193;Triage Status;G;EvacueeID;195;Triage Status;G;EvacueeID;196;Triage Status;G;EvacueeID;197;Triage Status;G;EvacueeID;198;Triage Status;G;EvacueeID;199;Triage Status;G;EvacueeID;208;Triage Status;G;EvacueeID;215;Triage Status;G;EvacueeID;216;Triage Status;G;EvacueeID;219;Triage Status;G;EvacueeID;221;Triage Status;G;EvacueeID;222;Triage Status;G;EvacueeID;223;Triage Status;G;EvacueeID;224;Triage Status;G;EvacueeID;228;Triage Status;G;EvacueeID;229;Triage Status;G;EvacueeID;230;Triage Status;G;EvacueeID;231;Triage Status;G;EvacueeID;240;Triage Status;G;EvacueeID;248;Triage Status;G;EvacueeID;254;Triage Status;G;EvacueeID;256;Triage Status;G;EvacueeID;257;Triage Status;G;EvacueeID;262;Triage Status;G;EvacueeID;264;Triage Status;G;EvacueeID;270;Triage Status;G;EvacueeID;272;Triage Status;G;EvacueeID;291;Triage Status;G;EvacueeID;292;Triage Status;G;EvacueeID;293;Triage Status;G;EvacueeID;296;Triage Status;G;EvacueeID;298;Triage Status;G;EvacueeID;301;Triage Status;G;EvacueeID;322;Triage Status;G;EvacueeID;325;Triage Status;G;EvacueeID;326;Triage Status;G;EvacueeID;339;Triage Status;G;EvacueeID;345;Triage Status;G;EvacueeID;362;Triage Status;G;EvacueeID;364;Triage Status;G;EvacueeID;365;Triage Status;G;EvacueeID;366;Triage Status;G;EvacueeID;367;Triage Status;G;EvacueeID;369;Triage Status;G;EvacueeID;389;Triage Status;G;EvacueeID;392;Triage Status;G;EvacueeID;393;Triage Status;G;EvacueeID;395;Triage Status;G;EvacueeID;396;Triage Status;G;EvacueeID;399;Triage Status;G;EvacueeID;407;Triage Status;G;EvacueeID;413;Triage Status;G;EvacueeID;425;Triage Status;G;EvacueeID;436;Triage Status;G;EvacueeID;437;Triage Status;G;Lives Saved;110
4785,1153,helicopter,,Helicopter;1;Is going to the evacuation site;;and has;0;spots taken
4813.63,3,evacueeManager,,OFF SHIP: White;0;Green;10;Yellow;3;Red;2;Black;375;ON SHIP: White;0;Green;0;Yellow;0;Red;0;Evacuees to Transfer;
4813.63,1486,evacuee,outES,Evacuee 247 in triage category Y is not assigned a helicopter
4813.63,1486,evacuee,,Evacuee;247;in triage state;R;is at the evacuation site
4853.76,3,evacueeManager,,OFF SHIP: White;0;Green;10;Yellow;3;Red;1;Black;376;ON SHIP: White;0;Green;0;Yellow;0;Red;0;Evacuees to Transfer;
4853.76,1486,evacuee,outES,Evacuee 247 in triage category R is not assigned a helicopter
4853.76,1486,evacuee,,Evacuee;247;in triage state;B;is at the evacuation site
4860,5,helicopterQueue,,1;Helos are waiting to land;HeloID;1
4860,1153,helicopter,outES,Helicopter 1 is evacuating people1
4860,1153,helicopter,,Helicopter;1;is waiting to land at the evacuation site;;and has;0;spots taken
4860,4,helipadManager,,;No helos are at ES
4860,5,helicopterQueue,outHM,Helicopter 1 is evacuating people1
4860,5,helicopterQueue,outHelo,Helicopter 1 is evacuating people1
4860,5,helicopterQueue,,;No helos are waiting to land
4860,1152,filterES,,Helicopter;1;is evacuating people
4860,3,evacueeManager,,OFF SHIP: White;0;Green;0;Yellow;3;Red;1;Black;376;ON SHIP: White;0;Green;0;Yellow;0;Red;0;Evacuees to Transfer;;EvacueeID;439;HeloID;1;OnShip;0;Triage Status;G;EvacueeID;441;HeloID;1;OnShip;0;Triage Status;G;EvacueeID;444;HeloID;1;OnShip;0;Triage Status;G;EvacueeID;450;HeloID;1;OnShip;0;Triage Status;G;EvacueeID;457;HeloID;1;OnShip;0;Triage Status;G;EvacueeID;466;HeloID;1;OnShip;0;Triage Status;G;EvacueeID;467;HeloID;1;OnShip;0;Triage Status;G;EvacueeID;469;HeloID;1;OnShip;0;Triage Status;G;EvacueeID;470;HeloID;1;OnShip;0;Triage Status;G;EvacueeID;473;HeloID;1;OnShip;0;Triage Status;G
4860,4,helipadManager,outEM,Helicopter 1 is evacuating people1
4860,4,helipadManager,,Helo;1;is at the ES
4860,1152,filterES,out,Helicopter 1 is evacuating people1
4860,1152,filterES,,
4860,1153,helicopter,,Helicopter;1;is waiting to land at the evacuation site;;and has;0;spots taken
4860,3,evacueeManager,outEvac,Evacuee 439 in triage category G is assigned helicopter 1
4860,3,evacueeManager,outEvac,Evacuee 441 in triage category G is assigned helicopter 1
4860,3,evacueeManager,outEvac,Evacuee 444 in triage category G is assigned helicopter 1
4860,3,evacueeManager,outEvac,Evacuee 450 in triage category G is assigned helicopter 1
4860,3,evacueeManager,outEvac,Evacuee 457 in triage category G is assigned helicopter 1
4860,3,evacueeManager,outEvac,Evacuee 466 in triage category G is assigned helicopter 1
4860,3,evacueeManager,outEvac,Evacuee 467 in triage category G is assigned helicopter 1
4860,3,evacueeManager,outEvac,Evacuee 469 in triage category G is assigned helicopter 1
4860,3,evacueeManager,outEvac,Evacuee 470 in triage category G is assigned helicopter 1
4860,3,evacueeManager,outEvac,Evacuee 473 in triage category G is assigned helicopter 1
4860,3,evacueeManager,,OFF SHIP: White;0;Green;0;Yellow;3;Red;1;Black;376;ON SHIP: White;0;Green;0;Yellow;0;Red;0;Evacuees to Transfer;
4860,7,filterLoc,,
4860,10,filterLoc,,
4860,13,filterLoc,,
4860,16,filterLoc,,
4860,19,filterLoc,,
4860,22,filterLoc,,
4860,25,filterLoc,,
4860,28,filterLoc,,
4860,31,filterLoc,,
4860,34,filterLoc,,
4860,37,filterLoc,,
4860,40,filterLoc,,
4860,43,filterLoc,,
4860,46,filterLoc,,
4860,49,filterLoc,,
4860,52,filterLoc,,
4860,55,filterLoc,,
4860,58,filterLoc,,
4860,61,filterLoc,,
4860,64,filterLoc,,
4860,67,filterLoc,,
4860,70,filterLoc,,
4860,73,filterLoc,,
4860,76,filterLoc,,
4860,79,filterLoc,,
4860,82,filterLoc,,
4860,85,filterLoc,,
4860,88,filterLoc,,
4860,91,filterLoc,,;Evacuee;441;in triage category;G;is entering helicopter;1
4860,94,filterLoc,,;Evacuee;439;in triage category;G;is entering helicopter;1
4860,97,filterLoc,,
4860,100,filterLoc,,
4860,103,filterLoc,,
4860,106,filterLoc,,
4860,109,filterLoc,,
4860,112,filterLoc,,
4860,115,filterLoc,,
4860,118,filterLoc,,
4860,121,filterLoc,,
4860,124,filterLoc,,
4860,127,filterLoc,,
4860,130,filterLoc,,
4860,133,filterLoc,,
4860,136,filterLoc,,
4860,139,filterLoc,,
4860,142,filterLoc,,
4860,145,filterLoc,,
4860,148,filterLoc,,
4860,151,filterLoc,,
4860,154,filterLoc,,
4860,157,filterLoc,,
4860,160,filterLoc,,
4860,163,filterLoc,,
4860,166,filterLoc,,
4860,169,filterLoc,,
4860,172,filterLoc,,
4860,175,filterLoc,,
4860,178,filterLoc,,
4860,181,filterLoc,,
4860,184,filterLoc,,
4860,187,filterLoc,,
4860,190,filterLoc,,
4860,193,filterLoc,,
4860,196,filterLoc,,
4860,199,filterLoc,,
4860,202,filterLoc,,
4860,205,filterLoc,,
4860,208,filterLoc,,
4860,211,filterLoc,,
4860,214,filterLoc,,
4860,217,filterLoc,,
4860,221,filterLoc,,
4860,224,filterLoc,,;Evacuee;457;in triage category;G;is entering helicopter;1
4860,227,filterLoc,,
4860,230,filterLoc,,
4860,233,filterLoc,,
4860,236,filterLoc,,
4860,239,filterLoc,,
4860,242,filterLoc,,
4860,245,filterLoc,,
4860,248,filterLoc,,
4860,251,filterLoc,,
4860,254,filterLoc,,
4860,257,filterLoc,,
4860,260,filterLoc,,
4860,263,filterLoc,,
4860,266,filterLoc,,
4860,269,filterLoc,,
4860,272,filterLoc,,
4860,275,filterLoc,,
4860,278,filterLoc,,
4860,281,filterLoc,,
4860,284,filterLoc,,
4860,287,filterLoc,,
4860,290,filterLoc,,
4860,293,filterLoc,,
4860,296,filterLoc,,;Evacuee;466;in triage category;G;is entering helicopter;1
4860,299,filterLoc,,
4860,302,filterLoc,,
4860,305,filterLoc,,
4860,308,filterLoc,,
4860,311,filterLoc,,
4860,314,filterLoc,,
4860,317,filterLoc,,
4860,320,filterLoc,,
4860,323,filterLoc,,
4860,326,filterLoc,,
4860,329,filterLoc,,
4860,332,filterLoc,,
4860,335,filterLoc,,
4860,338,filterLoc,,
4860,341,filterLoc,,
4860,344,filterLoc,,
4860,347,filterLoc,,
4860,350,filterLoc,,
4860,353,filterLoc,,
4860,356,filterLoc,,
4860,359,filterLoc,,
4860,362,filterLoc,,
4860,365,filterLoc,,
4860,368,filterLoc,,
4860,371,filterLoc,,
4860,374,filterLoc,,
4860,377,filterLoc,,
4860,380,filterLoc,,
4860,383,filterLoc,,
4860,386,filterLoc,,
4860,389,filterLoc,,
4860,392,filterLoc,,
4860,395,filterLoc,,
4860,398,filterLoc,,
4860,401,filterLoc,,
4860,404,filterLoc,,
4860,407,filterLoc,,
4860,410,filterLoc,,
4860,413,filterLoc,,
4860,416,filterLoc,,
4860,419,filterLoc,,
4860,422,filterLoc,,
4860,425,filterLoc,,
4860,428,filterLoc,,
4860,431,filterLoc,,
4860,434,filterLoc,,
4860,437,filterLoc,,
4860,440,filterLoc,,
4860,443,filterLoc,,
4860,446,filterLoc,,
4860,449,filterLoc,,
4860,452,filterLoc,,
4860,455,filterLoc,,
4860,458,filterLoc,,
4860,461,filterLoc,,
4860,464,filterLoc,,
4860,467,filterLoc,,
4860,470,filterLoc,,
4860,473,filterLoc,,
4860,476,filterLoc,,
4860,479,filterLoc,,
4860,482,filterLoc,,
4860,485,filterLoc,,
4860,488,filterLoc,,
4860,491,filterLoc,,
4860,494,filterLoc,,
4860,497,filterLoc,,
4860,500,filterLoc,,
4860,503,filterLoc,,;Evacuee;470;in triage category;G;is entering helicopter;1
4860,506,filterLoc,,;Evacuee;469;in triage category;G;is entering helicopter;1
4860,509,filterLoc,,
4860,512,filterLoc,,
4860,515,filterLoc,,
4860,518,filterLoc,,
4860,521,filterLoc,,
4860,524,filterLoc,,
4860,527,filterLoc,,
4860,530,filterLoc,,
4860,533,filterLoc,,
4860,536,filterLoc,,
4860,539,filterLoc,,
4860,542,filterLoc,,
4860,545,filterLoc,,
4860,548,filterLoc,,
4860,551,filterLoc,,
4860,554,filterLoc,,
4860,557,filterLoc,,
4860,560,filterLoc,,
4860,563,filterLoc,,
4860,566,filterLoc,,
4860,569,filterLoc,,
4860,572,filterLoc,,
4860,575,filterLoc,,
4860,578,filterLoc,,
4860,581,filterLoc,,
4860,584,filterLoc,,
4860,587,filterLoc,,
4860,590,filterLoc,,
4860,593,filterLoc,,
4860,596,filterLoc,,
4860,599,filterLoc,,
4860,602,filterLoc,,
4860,605,filterLoc,,
4860,608,filterLoc,,
4860,611,filterLoc,,
4860,614,filterLoc,,
4860,617,filterLoc,,
4860,620,filterLoc,,
4860,623,filterLoc,,
4860,626,filterLoc,,
4860,629,filterLoc,,
4860,632,filterLoc,,
4860,635,filterLoc,,;Evacuee;444;in triage category;G;is entering helicopter;1
4860,638,filterLoc,,
4860,641,filterLoc,,
4860,644,filterLoc,,
4860,647,filterLoc,,
4860,650,filterLoc,,
4860,653,filterLoc,,
4860,656,filterLoc,,
4860,659,filterLoc,,
4860,662,filterLoc,,
4860,665,filterLoc,,
4860,668,filterLoc,,
4860,671,filterLoc,,
4860,674,filterLoc,,
4860,677,filterLoc,,
4860,680,filterLoc,,
4860,683,filterLoc,,
4860,686,filterLoc,,
4860,689,filterLoc,,
4860,692,filterLoc,,
4860,695,filterLoc,,
4860,698,filterLoc,,
4860,701,filterLoc,,
4860,704,filterLoc,,
4860,707,filterLoc,,
4860,710,filterLoc,,
4860,713,filterLoc,,
4860,716,filterLoc,,
4860,719,filterLoc,,
4860,722,filterLoc,,
4860,725,filterLoc,,
4860,728,filterLoc,,
4860,731,filterLoc,,
4860,734,filterLoc,,
4860,737,filterLoc,,
4860,740,filterLoc,,
4860,743,filterLoc,,
4860,746,filterLoc,,
4860,749,filterLoc,,
4860,752,filterLoc,,
4860,755,filterLoc,,
4860,758,filterLoc,,
4860,761,filterLoc,,
4860,764,filterLoc,,
4860,767,filterLoc,,
4860,770,filterLoc,,
4860,773,filterLoc,,
4860,776,filterLoc,,
4860,779,filterLoc,,
4860,782,filterLoc,,
4860,785,filterLoc,,
4860,788,filterLoc,,;Evacuee;473;in triage category;G;is entering helicopter;1
4860,791,filterLoc,,
4860,794,filterLoc,,
4860,797,filterLoc,,
4860,800,filterLoc,,
4860,803,filterLoc,,
4860,806,filterLoc,,
4860,809,filterLoc,,
4860,812,filterLoc,,
4860,815,filterLoc,,
4860,818,filterLoc,,
4860,821,filterLoc,,
4860,824,filterLoc,,
4860,827,filterLoc,,
4860,830,filterLoc,,
4860,833,filterLoc,,
4860,836,filterLoc,,
4860,839,filterLoc,,
4860,842,filterLoc,,
4860,845,filterLoc,,
4860,848,filterLoc,,
4860,851,filterLoc,,
4860,854,filterLoc,,
4860,857,filterLoc,,
4860,860,filterLoc,,
4860,863,filterLoc,,
4860,866,filterLoc,,
4860,869,filterLoc,,
4860,872,filterLoc,,
4860,875,filterLoc,,
4860,878,filterLoc,,
4860,881,filterLoc,,
4860,884,filterLoc,,
4860,887,filterLoc,,
4860,890,filterLoc,,
4860,893,filterLoc,,
4860,896,filterLoc,,
4860,899,filterLoc,,
4860,902,filterLoc,,
4860,905,filterLoc,,
4860,908,filterLoc,,
4860,911,filterLoc,,
4860,914,filterLoc,,
4860,917,filterLoc,,
4860,920,filterLoc,,
4860,923,filterLoc,,
4860,926,filterLoc,,
4860,929,filterLoc,,
4860,932,filterLoc,,
4860,935,filterLoc,,
4860,938,filterLoc,,
4860,941,filterLoc,,
4860,944,filterLoc,,
4860,947,filterLoc,,
4860,950,filterLoc,,
4860,953,filterLoc,,
4860,956,filterLoc,,
4860,959,filterLoc,,
4860,962,filterLoc,,
4860,965,filterLoc,,
4860,968,filterLoc,,
4860,971,filterLoc,,
4860,974,filterLoc,,
4860,977,filterLoc,,
4860,980,filterLoc,,
4860,983,filterLoc,,
4860,986,filterLoc,,
4860,989,filterLoc,,
4860,992,filterLoc,,
4860,995,filterLoc,,
4860,998,filterLoc,,
4860,1001,filterLoc,,
4860,1004,filterLoc,,
4860,1007,filterLoc,,
4860,1010,filterLoc,,
4860,1013,filterLoc,,
4860,1016,filterLoc,,
4860,1019,filterLoc,,
4860,1022,filterLoc,,
4860,1025,filterLoc,,
4860,1028,filterLoc,,
4860,1031,filterLoc,,
4860,1034,filterLoc,,
4860,1037,filterLoc,,
4860,1040,filterLoc,,
4860,1043,filterLoc,,
4860,1046,filterLoc,,
4860,1049,filterLoc,,
4860,1052,filterLoc,,
4860,1055,filterLoc,,
4860,1058,filterLoc,,
4860,1061,filterLoc,,
4860,1064,filterLoc,,
4860,1067,filterLoc,,
4860,1070,filterLoc,,
4860,1073,filterLoc,,
4860,1076,filterLoc,,
4860,1079,filterLoc,,
4860,1082,filterLoc,,
4860,1085,filterLoc,,
4860,1088,filterLoc,,
4860,1091,filterLoc,,
4860,1094,filterLoc,,
4860,1097,filterLoc,,
4860,1100,filterLoc,,
4860,1103,filterLoc,,
4860,1106,filterLoc,,
4860,1109,filterLoc,,
4860,1112,filterLoc,,
4860,1115,filterLoc,,
4860,1118,filterLoc,,
4860,1121,filterLoc,,
4860,1124,filterLoc,,
4860,1127,filterLoc,,
4860,1130,filterLoc,,
4860,1133,filterLoc,,
4860,1136,filterLoc,,
4860,1139,filterLoc,,
4860,1142,filterLoc,,
4860,1145,filterLoc,,
4860,1148,filterLoc,,
4860,1153,helicopter,,Helicopter;1;is loading people at the evacuation site;;and has;0;spots taken
4860,1155,filterLoc,,
4860,1158,filterLoc,,
4860,1161,filterLoc,,
4860,1164,filterLoc,,
4860,1167,filterLoc,,
4860,1170,filterLoc,,
4860,1173,filterLoc,,
4860,1176,filterLoc,,
4860,1179,filterLoc,,
4860,1182,filterLoc,,
4860,1185,filterLoc,,
4860,1188,filterLoc,,
4860,1191,filterLoc,,
4860,1194,filterLoc,,
4860,1197,filterLoc,,
4860,1200,filterLoc,,
4860,1203,filterLoc,,
4860,1206,filterLoc,,
4860,1209,filterLoc,,
4860,1212,filterLoc,,
4860,1215,filterLoc,,
4860,1218,filterLoc,,
4860,1221,filterLoc,,
4860,1224,filterLoc,,
4860,1227,filterLoc,,
4860,1230,filterLoc,,
4860,1233,filterLoc,,
4860,1236,filterLoc,,
4860,1239,filterLoc,,
4860,1242,filterLoc,,
4860,1245,filterLoc,,
4860,1248,filterLoc,,
4860,1251,filterLoc,,
4860,1254,filterLoc,,
4860,1257,filterLoc,,
4860,1260,filterLoc,,
4860,1263,filterLoc,,
4860,1266,filterLoc,,
4860,1269,filterLoc,,
4860,1272,filterLoc,,
4860,1275,filterLoc,,
4860,1278,filterLoc,,
4860,1281,filterLoc,,
4860,1284,filterLoc,,
4860,1287,filterLoc,,
4860,1290,filterLoc,,
4860,1293,filterLoc,,
4860,1296,filterLoc,,
4860,1299,filterLoc,,
4860,1302,filterLoc,,
4860,1305,filterLoc,,
4860,1308,filterLoc,,
4860,1311,filterLoc,,
4860,1314,filterLoc,,
4860,1317,filterLoc,,
4860,1320,filterLoc,,
4860,1323,filterLoc,,
4860,1326,filterLoc,,
4860,1329,filterLoc,,
4860,1332,filterLoc,,
4860,1335,filterLoc,,
4860,1338,filterLoc,,
4860,1341,filterLoc,,
4860,1344,filterLoc,,
4860,1347,filterLoc,,
4860,1350,filterLoc,,
4860,1353,filterLoc,,
4860,1356,filterLoc,,
4860,1359,filterLoc,,;Evacuee;450;in triage category;G;is entering helicopter;1
4860,1362,filterLoc,,
4860,1365,filterLoc,,
4860,1368,filterLoc,,
4860,1371,filterLoc,,
4860,1374,filterLoc,,
4860,1377,filterLoc,,
4860,1380,filterLoc,,
4860,1383,filterLoc,,
4860,1386,filterLoc,,
4860,1389,filterLoc,,
4860,1392,filterLoc,,
4860,1395,filterLoc,,
4860,1398,filterLoc,,
4860,1401,filterLoc,,
4860,1404,filterLoc,,
4860,1407,filterLoc,,
4860,1410,filterLoc,,
4860,1413,filterLoc,,
4860,1416,filterLoc,,
4860,1419,filterLoc,,
4860,1422,filterLoc,,
4860,1425,filterLoc,,
4860,1428,filterLoc,,
4860,1431,filterLoc,,
4860,1434,filterLoc,,
4860,1437,filterLoc,,
4860,1440,filterLoc,,
4860,1443,filterLoc,,
4860,1446,filterLoc,,
4860,1449,filterLoc,,
4860,1452,filterLoc,,
4860,1455,filterLoc,,
4860,1458,filterLoc,,
4860,1461,filterLoc,,
4860,1464,filterLoc,,
4860,1467,filterLoc,,
4860,1470,filterLoc,,
4860,1473,filterLoc,,
4860,1476,filterLoc,,
4860,1479,filterLoc,,
4860,1482,filterLoc,,
4860,1485,filterLoc,,
4860,1488,filterLoc,,
4860,1491,filterLoc,,
4860,1494,filterLoc,,;Evacuee;467;in triage category;G;is entering helicopter;1
4860,1497,filterLoc,,
4860,1500,filterLoc,,
4860,1503,filterLoc,,
4860,1506,filterLoc,,
4860,1509,filterLoc,,
4860,91,filterLoc,out,Evacuee 441 in triage category G is assigned helicopter 1
4860,91,filterLoc,,
4860,92,evacuee,,Evacuee;441;in triage state;G;is entering helicopter;1
4860,94,filterLoc,out,Evacuee 439 in triage category G is assigned helicopter 1
4860,94,filterLoc,,
4860,95,evacuee,,Evacuee;439;in triage state;G;is entering helicopter;1
4860,224,filterLoc,out,Evacuee 457 in triage category G is assigned helicopter 1
4860,224,filterLoc,,
4860,225,evacuee,,Evacuee;457;in triage state;G;is entering helicopter;1
4860,296,filterLoc,out,Evacuee 466 in triage category G is assigned helicopter 1
4860,296,filterLoc,,
4860,297,evacuee,,Evacuee;466;in triage state;G;is entering helicopter;1
4860,503,filterLoc,out,Evacuee 470 in triage category G is assigned helicopter 1
4860,503,filterLoc,,
4860,504,evacuee,,Evacuee;470;in triage state;G;is entering helicopter;1
4860,506,filterLoc,out,Evacuee 469 in triage category G is assigned helicopter 1
4860,506,filterLoc,,
4860,507,evacuee,,Evacuee;469;in triage state;G;is entering helicopter;1
4860,635,filterLoc,out,Evacuee 444 in triage category G is assigned helicopter 1
4860,635,filterLoc,,
4860,636,evacuee,,Evacuee;444;in triage state;G;is entering helicopter;1
4860,788,filterLoc,out,Evacuee 473 in triage category G is assigned helicopter 1
4860,788,filterLoc,,
4860,789,evacuee,,Evacuee;473;in triage state;G;is entering helicopter;1
4860,1359,filterLoc,out,Evacuee 450 in triage category G is assigned helicopter 1
4860,1359,filterLoc,,
4860,1360,evacuee,,Evacuee;450;in triage state;G;is entering helicopter;1
4860,1494,filterLoc,out,Evacuee 467 in triage category G is assigned helicopter 1
4860,1494,filterLoc,,
4860,1495,evacuee,,Evacuee;467;in triage state;G;is entering helicopter;1
4860,92,evacuee,outHelo,Evacuee 441 in triage category G is assigned helicopter 1
4860,92,evacuee,,Evacuee;441;in triage state;G;is in helicopter;1
4860,95,evacuee,outHelo,Evacuee 439 in triage category G is assigned helicopter 1
4860,95,evacuee,,Evacuee;439;in triage state;G;is in helicopter;1
4860,225,evacuee,outHelo,Evacuee 457 in triage category G is assigned helicopter 1
4860,225,evacuee,,Evacuee;457;in triage state;G;is in helicopter;1
4860,297,evacuee,outHelo,Evacuee 466 in triage category G is assigned helicopter 1
4860,297,evacuee,,Evacuee;466;in triage state;G;is in helicopter;1
4860,504,evacuee,outHelo,Evacuee 470 in triage category G is assigned helicopter 1
4860,504,evacuee,,Evacuee;470;in triage state;G;is in helicopter;1
4860,507,evacuee,outHelo,Evacuee 469 in triage category G is assigned helicopter 1
4860,507,evacuee,,Evacuee;469;in triage state;G;is in helicopter;1
4860,636,evacuee,outHelo,Evacuee 444 in triage category G is assigned helicopter 1
4860,636,evacuee,,Evacuee;444;in triage state;G;is in helicopter;1
4860,789,evacuee,outHelo,Evacuee 473 in triage category G is assigned helicopter 1
4860,789,evacuee,,Evacuee;473;in triage state;G;is in helicopter;1
4860,1151,filterEvac,,;Evacuee;439;in triage category;G;is entering helicopter;1;Evacuee;441;in triage category;G;is entering helicopter;1;Evacuee;444;in triage category;G;is entering helicopter;1;Evacuee;450;in triage category;G;is entering helicopter;1;Evacuee;457;in triage category;G;is entering helicopter;1;Evacuee;466;in triage category;G;is entering helicopter;1;Evacuee;467;in triage category;G;is entering helicopter;1;Evacuee;469;in triage category;G;is entering helicopter;1;Evacuee;470;in triage category;G;is entering helicopter;1;Evacuee;473;in triage category;G;is entering helicopter;1
4860,1360,evacuee,outHelo,Evacuee 450 in triage category G is assigned helicopter 1
4860,1360,evacuee,,Evacuee;450;in triage state;G;is in helicopter;1
4860,1495,evacuee,outHelo,Evacuee 467 in triage category G is assigned helicopter 1
4860,1495,evacuee,,Evacuee;467;in triage state;G;is in helicopter;1
4860,1151,filterEvac,out,Evacuee 439 in triage category G is assigned helicopter 1
4860,1151,filterEvac,out,Evacuee 441 in triage category G is assigned helicopter 1
4860,1151,filterEvac,out,Evacuee 444 in triage category G is assigned helicopter 1
4860,1151,filterEvac,out,Evacuee 450 in triage category G is assigned helicopter 1
4860,1151,filterEvac,out,Evacuee 457 in triage category G is assigned helicopter 1
4860,1151,filterEvac,out,Evacuee 466 in triage category G is assigned helicopter 1
4860,1151,filterEvac,out,Evacuee 467 in triage category G is assigned helicopter 1
4860,1151,filterEvac,out,Evacuee 469 in triage category G is assigned helicopter 1
4860,1151,filterEvac,out,Evacuee 470 in triage category G is assigned helicopter 1
4860,1151,filterEvac,out,Evacuee 473 in triage category G is assigned helicopter 1
4860,1151,filterEvac,,
4860,1153,helicopter,,Helicopter;1;is loading people at the evacuation site;;and has;10;spots taken
4870.38,3,evacueeManager,,OFF SHIP: White;0;Green;0;Yellow;2;Red;2;Black;376;ON SHIP: White;0;Green;0;Yellow;0;Red;0;Evacuees to Transfer;
4870.38,915,evacuee,outES,Evacuee 286 in triage category Y is not assigned a helicopter
4870.38,915,evacuee,,Evacuee;286;in triage state;R;is at the evacuation site
4875,4,helipadManager,outHelo,Helicopter 1 is evacuating people1
4875,4,helipadManager,,;No helos are at ES
4875,1152,filterES,,Helicopter;1;is evacuating people
4875,4,helipadManager,outHQ,0
4875,4,helipadManager,,;No helos are at ES
4875,5,helicopterQueue,,;No helos are waiting to land
4875,1152,filterES,out,Helicopter 1 is evacuating people1
4875,1152,filterES,,
4875,1153,helicopter,,Helicopter;1;is loading people at the evacuation site;;and has;10;spots taken
4875,5,helicopterQueue,,;No helos are waiting to land
4875,1153,helicopter,,Helicopter;1;is returning to the FOL;;and has;10;spots taken
4904.85,3,evacueeManager,,OFF SHIP: White;0;Green;0;Yellow;2;Red;1;Black;377;ON SHIP: White;0;Green;0;Yellow;0;Red;0;Evacuees to Transfer;
4904.85,915,evacuee,outES,Evacuee 286 in triage category R is not assigned a helicopter
4904.85,915,evacuee,,Evacuee;286;in triage state;B;is at the evacuation site
4934.55,3,evacueeManager,,OFF SHIP: White;0;Green;0;Yellow;2;Red;0;Black;378;ON SHIP: White;0;Green;0;Yellow;0;Red;0;Evacuees to Transfer;
4934.55,912,evacuee,outES,Evacuee 359 in triage category R is not assigned a helicopter
4934.55,912,evacuee,,Evacuee;359;in triage state;B;is at the evacuation site
4950,7,filterLoc,,
4950,10,filterLoc,,
4950,13,filterLoc,,
4950,16,filterLoc,,
4950,19,filterLoc,,
4950,22,filterLoc,,
4950,25,filterLoc,,
4950,28,filterLoc,,
4950,31,filterLoc,,
4950,34,filterLoc,,
4950,37,filterLoc,,
4950,40,filterLoc,,
4950,43,filterLoc,,
4950,46,filterLoc,,
4950,49,filterLoc,,
4950,52,filterLoc,,
4950,55,filterLoc,,
4950,58,filterLoc,,
4950,61,filterLoc,,
4950,64,filterLoc,,
4950,67,filterLoc,,
4950,70,filterLoc,,
4950,73,filterLoc,,
4950,76,filterLoc,,
4950,79,filterLoc,,
4950,82,filterLoc,,
4950,85,filterLoc,,
4950,88,filterLoc,,
4950,91,filterLoc,,;Evacuee;441;in triage category;G;is leaving helicopter;1
4950,94,filterLoc,,;Evacuee;439;in triage category;G;is leaving helicopter;1
4950,97,filterLoc,,
4950,100,filterLoc,,
4950,103,filterLoc,,
4950,106,filterLoc,,
4950,109,filterLoc,,
4950,112,filterLoc,,
4950,115,filterLoc,,
4950,118,filterLoc,,
4950,121,filterLoc,,
4950,124,filterLoc,,
4950,127,filterLoc,,
4950,130,filterLoc,,
4950,133,filterLoc,,
4950,136,filterLoc,,
4950,139,filterLoc,,
4950,142,filterLoc,,
4950,145,filterLoc,,
4950,148,filterLoc,,
4950,151,filterLoc,,
4950,154,filterLoc,,
4950,157,filterLoc,,
4950,160,filterLoc,,
4950,163,filterLoc,,
4950,166,filterLoc,,
4950,169,filterLoc,,
4950,172,filterLoc,,
4950,175,filterLoc,,
4950,178,filterLoc,,
4950,181,filterLoc,,
4950,184,filterLoc,,
4950,187,filterLoc,,
4950,190,filterLoc,,
4950,193,filterLoc,,
4950,196,filterLoc,,
4950,199,filterLoc,,
4950,202,filterLoc,,
4950,205,filterLoc,,
4950,208,filterLoc,,
4950,211,filterLoc,,
4950,214,filterLoc,,
4950,217,filterLoc,,
4950,221,filterLoc,,
4950,224,filterLoc,,;Evacuee;457;in triage category;G;is leaving helicopter;1
4950,227,filterLoc,,
4950,230,filterLoc,,
4950,233,filterLoc,,
4950,236,filterLoc,,
4950,239,filterLoc,,
4950,242,filterLoc,,
4950,245,filterLoc,,
4950,248,filterLoc,,
4950,251,filterLoc,,
4950,254,filterLoc,,
4950,257,filterLoc,,
4950,260,filterLoc,,
4950,263,filterLoc,,
4950,266,filterLoc,,
4950,269,filterLoc,,
4950,272,filterLoc,,
4950,275,filterLoc,,
4950,278,filterLoc,,
4950,281,filterLoc,,
4950,284,filterLoc,,
4950,287,filterLoc,,
4950,290,filterLoc,,
4950,293,filterLoc,,
4950,296,filterLoc,,;Evacuee;466;in triage category;G;is leaving helicopter;1
4950,299,filterLoc,,
4950,302,filterLoc,,
4950,305,filterLoc,,
4950,308,filterLoc,,
4950,311,filterLoc,,
4950,314,filterLoc,,
4950,317,filterLoc,,
4950,320,filterLoc,,
4950,323,filterLoc,,
4950,326,filterLoc,,
4950,329,filterLoc,,
4950,332,filterLoc,,
4950,335,filterLoc,,
4950,338,filterLoc,,
4950,341,filterLoc,,
4950,344,filterLoc,,
4950,347,filterLoc,,
4950,350,filterLoc,,
4950,353,filterLoc,,
4950,356,filterLoc,,
4950,359,filterLoc,,
4950,362,filterLoc,,
4950,365,filterLoc,,
4950,368,filterLoc,,
4950,371,filterLoc,,
4950,374,filterLoc,,
4950,377,filterLoc,,
4950,380,filterLoc,,
4950,383,filterLoc,,
4950,386,filterLoc,,
4950,389,filterLoc,,
4950,392,filterLoc,,
4950,395,filterLoc,,
4950,398,filterLoc,,
4950,401,filterLoc,,
4950,404,filterLoc,,
4950,407,filterLoc,,
4950,410,filterLoc,,
4950,413,filterLoc,,
4950,416,filterLoc,,
4950,419,filterLoc,,
4950,422,filterLoc,,
4950,425,filterLoc,,
4950,428,filterLoc,,
4950,431,filterLoc,,
4950,434,filterLoc,,
4950,437,filterLoc,,
4950,440,filterLoc,,
4950,443,filterLoc,,
4950,446,filterLoc,,
4950,449,filterLoc,,
4950,452,filterLoc,,
4950,455,filterLoc,,
4950,458,filterLoc,,
4950,461,filterLoc,,
4950,464,filterLoc,,
4950,467,filterLoc,,
4950,470,filterLoc,,
4950,473,filterLoc,,
4950,476,filterLoc,,
4950,479,filterLoc,,
4950,482,filterLoc,,
4950,485,filterLoc,,
4950,488,filterLoc,,
4950,491,filterLoc,,
4950,494,filterLoc,,
4950,497,filterLoc,,
4950,500,filterLoc,,
4950,503,filterLoc,,;Evacuee;470;in triage category;G;is leaving helicopter;1
4950,506,filterLoc,,;Evacuee;469;in triage category;G;is leaving helicopter;1
4950,509,filterLoc,,
4950,512,filterLoc,,
4950,515,filterLoc,,
4950,518,filterLoc,,
4950,521,filterLoc,,
4950,524,filterLoc,,
4950,527,filterLoc,,
4950,530,filterLoc,,
4950,533,filterLoc,,
4950,536,filterLoc,,
4950,539,filterLoc,,
4950,542,filterLoc,,
4950,545,filterLoc,,
4950,548,filterLoc,,
4950,551,filterLoc,,
4950,554,filterLoc,,
4950,557,filterLoc,,
4950,560,filterLoc,,
4950,563,filterLoc,,
4950,566,filterLoc,,
4950,569,filterLoc,,
4950,572,filterLoc,,
4950,575,filterLoc,,
4950,578,filterLoc,,
4950,581,filterLoc,,
4950,584,filterLoc,,
4950,587,filterLoc,,
4950,590,filterLoc,,
4950,593,filterLoc,,
4950,596,filterLoc,,
4950,599,filterLoc,,
4950,602,filterLoc,,
4950,605,filterLoc,,
4950,608,filterLoc,,
4950,611,filterLoc,,
4950,614,filterLoc,,
4950,617,filterLoc,,
4950,620,filterLoc,,
4950,623,filterLoc,,
4950,626,filterLoc,,
4950,629,filterLoc,,
4950,632,filterLoc,,
4950,635,filterLoc,,;Evacuee;444;in triage category;G;is leaving helicopter;1
4950,638,filterLoc,,
4950,641,filterLoc,,
4950,644,filterLoc,,
4950,647,filterLoc,,
4950,650,filterLoc,,
4950,653,filterLoc,,
4950,656,filterLoc,,
4950,659,filterLoc,,
4950,662,filterLoc,,
4950,665,filterLoc,,
4950,668,filterLoc,,
4950,671,filterLoc,,
4950,674,filterLoc,,
4950,677,filterLoc,,
4950,680,filterLoc,,
4950,683,filterLoc,,
4950,686,filterLoc,,
4950,689,filterLoc,,
4950,692,filterLoc,,
4950,695,filterLoc,,
4950,698,filterLoc,,
4950,701,filterLoc,,
4950,704,filterLoc,,
4950,707,filterLoc,,
4950,710,filterLoc,,
4950,713,filterLoc,,
4950,716,filterLoc,,
4950,719,filterLoc,,
4950,722,filterLoc,,
4950,725,filterLoc,,
4950,728,filterLoc,,
4950,731,filterLoc,,
4950,734,filterLoc,,
4950,737,filterLoc,,
4950,740,filterLoc,,
4950,743,filterLoc,,
4950,746,filterLoc,,
4950,749,filterLoc,,
4950,752,filterLoc,,
4950,755,filterLoc,,
4950,758,filterLoc,,
4950,761,filterLoc,,
4950,764,filterLoc,,
4950,767,filterLoc,,
4950,770,filterLoc,,
4950,773,filterLoc,,
4950,776,filterLoc,,
4950,779,filterLoc,,
4950,782,filterLoc,,
4950,785,filterLoc,,
4950,788,filterLoc,,;Evacuee;473;in triage category;G;is leaving helicopter;1
4950,791,filterLoc,,
4950,794,filterLoc,,
4950,797,filterLoc,,
4950,800,filterLoc,,
4950,803,filterLoc,,
4950,806,filterLoc,,
4950,809,filterLoc,,
4950,812,filterLoc,,
4950,815,filterLoc,,
4950,818,filterLoc,,
4950,821,filterLoc,,
4950,824,filterLoc,,
4950,827,filterLoc,,
4950,830,filterLoc,,
4950,833,filterLoc,,
4950,836,filterLoc,,
4950,839,filterLoc,,
4950,842,filterLoc,,
4950,845,filterLoc,,
4950,848,filterLoc,,
4950,851,filterLoc,,
4950,854,filterLoc,,
4950,857,filterLoc,,
4950,860,filterLoc,,
4950,863,filterLoc,,
4950,866,filterLoc,,
4950,869,filterLoc,,
4950,872,filterLoc,,
4950,875,filterLoc,,
4950,878,filterLoc,,
4950,881,filterLoc,,
4950,884,filterLoc,,
4950,887,filterLoc,,
4950,890,filterLoc,,
4950,893,filterLoc,,
4950,896,filterLoc,,
4950,899,filterLoc,,
4950,902,filterLoc,,
4950,905,filterLoc,,
4950,908,filterLoc,,
4950,911,filterLoc,,
4950,914,filterLoc,,
4950,917,filterLoc,,
4950,920,filterLoc,,
4950,923,filterLoc,,
4950,926,filterLoc,,
4950,929,filterLoc,,
4950,932,filterLoc,,
4950,935,filterLoc,,
4950,938,filterLoc,,
4950,941,filterLoc,,
4950,944,filterLoc,,
4950,947,filterLoc,,
4950,950,filterLoc,,
4950,953,filterLoc,,
4950,956,filterLoc,,
4950,959,filterLoc,,
4950,962,filterLoc,,
4950,965,filterLoc,,
4950,968,filterLoc,,
4950,971,filterLoc,,
4950,974,filterLoc,,
4950,977,filterLoc,,
4950,980,filterLoc,,
4950,983,filterLoc,,
4950,986,filterLoc,,
4950,989,filterLoc,,
4950,992,filterLoc,,
4950,995,filterLoc,,
4950,998,filterLoc,,
4950,1001,filterLoc,,
4950,1004,filterLoc,,
4950,1007,filterLoc,,
4950,1010,filterLoc,,
4950,1013,filterLoc,,
4950,1016,filterLoc,,
4950,1019,filterLoc,,
4950,1022,filterLoc,,
4950,1025,filterLoc,,
4950,1028,filterLoc,,
4950,1031,filterLoc,,
4950,1034,filterLoc,,
4950,1037,filterLoc,,
4950,1040,filterLoc,,
4950,1043,filterLoc,,
4950,1046,filterLoc,,
4950,1049,filterLoc,,
4950,1052,filterLoc,,
4950,1055,filterLoc,,
4950,1058,filterLoc,,
4950,1061,filterLoc,,
4950,1064,filterLoc,,
4950,1067,filterLoc,,
4950,1070,filterLoc,,
4950,1073,filterLoc,,
4950,1076,filterLoc,,
4950,1079,filterLoc,,
4950,1082,filterLoc,,
4950,1085,filterLoc,,
4950,1088,filterLoc,,
4950,1091,filterLoc,,
4950,1094,filterLoc,,
4950,1097,filterLoc,,
4950,1100,filterLoc,,
4950,1103,filterLoc,,
4950,1106,filterLoc,,
4950,1109,filterLoc,,
4950,1112,filterLoc,,
4950,1115,filterLoc,,
4950,1118,filterLoc,,
4950,1121,filterLoc,,
4950,1124,filterLoc,,
4950,1127,filterLoc,,
4950,1130,filterLoc,,
4950,1133,filterLoc,,
4950,1136,filterLoc,,
4950,1139,filterLoc,,
4950,1142,filterLoc,,
4950,1145,filterLoc,,
4950,1148,filterLoc,,
4950,1153,helicopter,outEvac,Evacuee 439 in triage category G is not assigned a helicopter
4950,1153,helicopter,outEvac,Evacuee 441 in triage category G is not assigned a helicopter
4950,1153,helicopter,outEvac,Evacuee 444 in triage category G is not assigned a helicopter
4950,1153,helicopter,outEvac,Evacuee 450 in triage category G is not assigned a helicopter
4950,1153,helicopter,outEvac,Evacuee 457 in triage category G is not assigned a helicopter
4950,1153,helicopter,outEvac,Evacuee 466 in triage category G is not assigned a helicopter
4950,1153,helicopter,outEvac,Evacuee 467 in triage category G is not assigned a helicopter
4950,1153,helicopter,outEvac,Evacuee 469 in triage category G is not assigned a helicopter
4950,1153,helicopter,outEvac,Evacuee 470 in triage category G is not assigned a helicopter
4950,1153,helicopter,outEvac,Evacuee 473 in triage category G is not assigned a helicopter
4950,1153,helicopter,,Helicopter;1;is unloading people at the FOL;;and has;0;spots taken
4950,1155,filterLoc,,
4950,1158,filterLoc,,
4950,1161,filterLoc,,
4950,1164,filterLoc,,
4950,1167,filterLoc,,
4950,1170,filterLoc,,
4950,1173,filterLoc,,
4950,1176,filterLoc,,
4950,1179,filterLoc,,
4950,1182,filterLoc,,
4950,1185,filterLoc,,
4950,1188,filterLoc,,
4950,1191,filterLoc,,
4950,1194,filterLoc,,
4950,1197,filterLoc,,
4950,1200,filterLoc,,
4950,1203,filterLoc,,
4950,1206,filterLoc,,
4950,1209,filterLoc,,
4950,1212,filterLoc,,
4950,1215,filterLoc,,
4950,1218,filterLoc,,
4950,1221,filterLoc,,
4950,1224,filterLoc,,
4950,1227,filterLoc,,
4950,1230,filterLoc,,
4950,1233,filterLoc,,
4950,1236,filterLoc,,
4950,1239,filterLoc,,
4950,1242,filterLoc,,
4950,1245,filterLoc,,
4950,1248,filterLoc,,
4950,1251,filterLoc,,
4950,1254,filterLoc,,
4950,1257,filterLoc,,
4950,1260,filterLoc,,
4950,1263,filterLoc,,
4950,1266,filterLoc,,
4950,1269,filterLoc,,
4950,1272,filterLoc,,
4950,1275,filterLoc,,
4950,1278,filterLoc,,
4950,1281,filterLoc,,
4950,1284,filterLoc,,
4950,1287,filterLoc,,
4950,1290,filterLoc,,
4950,1293,filterLoc,,
4950,1296,filterLoc,,
4950,1299,filterLoc,,
4950,1302,filterLoc,,
4950,1305,filterLoc,,
4950,1308,filterLoc,,
4950,1311,filterLoc,,
4950,1314,filterLoc,,
4950,1317,filterLoc,,
4950,1320,filterLoc,,
4950,1323,filterLoc,,
4950,1326,filterLoc,,
4950,1329,filterLoc,,
4950,1332,filterLoc,,
4950,1335,filterLoc,,
4950,1338,filterLoc,,
4950,1341,filterLoc,,
4950,1344,filterLoc,,
4950,1347,filterLoc,,
4950,1350,filterLoc,,
4950,1353,filterLoc,,
4950,1356,filterLoc,,
4950,1359,filterLoc,,;Evacuee;450;in triage category;G;is leaving helicopter;1
4950,1362,filterLoc,,
4950,1365,filterLoc,,
4950,1368,filterLoc,,
4950,1371,filterLoc,,
4950,1374,filterLoc,,
4950,1377,filterLoc,,
4950,1380,filterLoc,,
4950,1383,filterLoc,,
4950,1386,filterLoc,,
4950,1389,filterLoc,,
4950,1392,filterLoc,,
4950,1395,filterLoc,,
4950,1398,filterLoc,,
4950,1401,filterLoc,,
4950,1404,filterLoc,,
4950,1407,filterLoc,,
4950,1410,filterLoc,,
4950,1413,filterLoc,,
4950,1416,filterLoc,,
4950,1419,filterLoc,,
4950,1422,filterLoc,,
4950,1425,filterLoc,,
4950,1428,filterLoc,,
4950,1431,filterLoc,,
4950,1434,filterLoc,,
4950,1437,filterLoc,,
4950,1440,filterLoc,,
4950,1443,filterLoc,,
4950,1446,filterLoc,,
4950,1449,filterLoc,,
4950,1452,filterLoc,,
4950,1455,filterLoc,,
4950,1458,filterLoc,,
4950,1461,filterLoc,,
4950,1464,filterLoc,,
4950,1467,filterLoc,,
4950,1470,filterLoc,,
4950,1473,filterLoc,,
4950,1476,filterLoc,,
4950,1479,filterLoc,,
4950,1482,filterLoc,,
4950,1485,filterLoc,,
4950,1488,filterLoc,,
4950,1491,filterLoc,,
4950,1494,filterLoc,,;Evacuee;467;in triage category;G;is leaving helicopter;1
4950,1497,filterLoc,,
4950,1500,filterLoc,,
4950,1503,filterLoc,,
4950,1506,filterLoc,,
4950,1509,filterLoc,,
4950,91,filterLoc,out,Evacuee 441 in triage category G is not assigned a helicopter
4950,91,filterLoc,,
4950,92,evacuee,,Evacuee;441;in triage state;G;is entering the FOL
4950,94,filterLoc,out,Evacuee 439 in triage category G is not assigned a helicopter
4950,94,filterLoc,,
4950,95,evacuee,,Evacuee;439;in triage state;G;is entering the FOL
4950,224,filterLoc,out,Evacuee 457 in triage category G is not assigned a helicopter
4950,224,filterLoc,,
4950,225,evacuee,,Evacuee;457;in triage state;G;is entering the FOL
4950,296,filterLoc,out,Evacuee 466 in triage category G is not assigned a helicopter
4950,296,filterLoc,,
4950,297,evacuee,,Evacuee;466;in triage state;G;is entering the FOL
4950,503,filterLoc,out,Evacuee 470 in triage category G is not assigned a helicopter
4950,503,filterLoc,,
4950,504,evacuee,,Evacuee;470;in triage state;G;is entering the FOL
4950,506,filterLoc,out,Evacuee 469 in triage category G is not assigned a helicopter
4950,506,filterLoc,,
4950,507,evacuee,,Evacuee;469;in triage state;G;is entering the FOL
4950,635,filterLoc,out,Evacuee 444 in triage category G is not assigned a helicopter
4950,635,filterLoc,,
4950,636,evacuee,,Evacuee;444;in triage state;G;is entering the FOL
4950,788,filterLoc,out,Evacuee 473 in triage category G is not assigned a helicopter
4950,788,filterLoc,,
4950,789,evacuee,,Evacuee;473;in triage state;G;is entering the FOL
4950,1359,filterLoc,out,Evacuee 450 in triage category G is not assigned a helicopter
4950,1359,filterLoc,,
4950,1360,evacuee,,Evacuee;450;in triage state;G;is entering the FOL
4950,1494,filterLoc,out,Evacuee 467 in triage category G is not assigned a helicopter
4950,1494,filterLoc,,
4950,1495,evacuee,,Evacuee;467;in triage state;G;is entering the FOL
4950,92,evacuee,outFOL,Evacuee 441 in triage category G is not assigned a helicopter
4950,92,evacuee,,Evacuee;441;in triage state;G;is at the FOL
4950,95,evacuee,outFOL,Evacuee 439 in triage category G is not assigned a helicopter
4950,95,evacuee,,Evacuee;439;in triage state;G;is at the FOL
4950,219,FOL,,;EvacueeID;3;Triage Status;G;EvacueeID;5;Triage Status;G;EvacueeID;8;Triage Status;G;EvacueeID;12;Triage Status;G;EvacueeID;15;Triage Status;G;EvacueeID;21;Triage Status;G;EvacueeID;30;Triage Status;G;EvacueeID;31;Triage Status;G;EvacueeID;36;Triage Status;G;EvacueeID;38;Triage Status;G;EvacueeID;39;Triage Status;G;EvacueeID;42;Triage Status;G;EvacueeID;43;Triage Status;G;EvacueeID;46;Triage Status;G;EvacueeID;47;Triage Status;G;EvacueeID;51;Triage Status;G;EvacueeID;53;Triage Status;G;EvacueeID;56;Triage Status;G;EvacueeID;57;Triage Status;G;EvacueeID;59;Triage Status;G;EvacueeID;62;Triage Status;G;EvacueeID;66;Triage Status;G;EvacueeID;68;Triage Status;G;EvacueeID;72;Triage Status;G;EvacueeID;79;Triage Status;G;EvacueeID;80;Triage Status;G;EvacueeID;84;Triage Status;G;EvacueeID;86;Triage Status;G;EvacueeID;89;Triage Status;G;EvacueeID;91;Triage Status;G;EvacueeID;101;Triage Status;G;EvacueeID;103;Triage Status;G;EvacueeID;107;Triage Status;G;EvacueeID;110;Triage Status;G;EvacueeID;111;Triage Status;G;EvacueeID;115;Triage Status;G;EvacueeID;118;Triage Status;G;EvacueeID;124;Triage Status;G;EvacueeID;130;Triage Status;G;EvacueeID;132;Triage Status;G;EvacueeID;133;Triage Status;G;EvacueeID;134;Triage Status;G;EvacueeID;135;Triage Status;G;EvacueeID;140;Triage Status;G;EvacueeID;141;Triage Status;G;EvacueeID;143;Triage Status;G;EvacueeID;145;Triage Status;G;EvacueeID;146;Triage Status;G;EvacueeID;149;Triage Status;G;EvacueeID;151;Triage Status;G;EvacueeID;167;Triage Status;G;EvacueeID;168;Triage Status;G;EvacueeID;169;Triage Status;G;EvacueeID;172;Triage Status;G;EvacueeID;176;Triage Status;G;EvacueeID;193;Triage Status;G;EvacueeID;195;Triage Status;G;EvacueeID;196;Triage Status;G;EvacueeID;197;Triage Status;G;EvacueeID;198;Triage Status;G;EvacueeID;199;Triage Status;G;EvacueeID;208;Triage Status;G;EvacueeID;215;Triage Status;G;EvacueeID;216;Triage Status;G;EvacueeID;219;Triage Status;G;EvacueeID;221;Triage Status;G;EvacueeID;222;Triage Status;G;EvacueeID;223;Triage Status;G;EvacueeID;224;Triage Status;G;EvacueeID;228;Triage Status;G;EvacueeID;229;Triage Status;G;EvacueeID;230;Triage Status;G;EvacueeID;231;Triage Status;G;EvacueeID;240;Triage Status;G;EvacueeID;248;Triage Status;G;EvacueeID;254;Triage Status;G;EvacueeID;256;Triage Status;G;EvacueeID;257;Triage Status;G;EvacueeID;262;Triage Status;G;EvacueeID;264;Triage Status;G;EvacueeID;270;Triage Status;G;EvacueeID;272;Triage Status;G;EvacueeID;291;Triage Status;G;EvacueeID;292;Triage Status;G;EvacueeID;293;Triage Status;G;EvacueeID;296;Triage Status;G;EvacueeID;298;Triage Status;G;EvacueeID;301;Triage Status;G;EvacueeID;322;Triage Status;G;EvacueeID;325;Triage Status;G;EvacueeID;326;Triage Status;G;EvacueeID;339;Triage Status;G;EvacueeID;345;Triage Status;G;EvacueeID;362;Triage Status;G;EvacueeID;364;Triage Status;G;EvacueeID;365;Triage Status;G;EvacueeID;366;Triage Status;G;EvacueeID;367;Triage Status;G;EvacueeID;369;Triage Status;G;EvacueeID;389;Triage Status;G;EvacueeID;392;Triage Status;G;EvacueeID;393;Triage Status;G;EvacueeID;395;Triage Status;G;EvacueeID;396;Triage Status;G;EvacueeID;399;Triage Status;G;EvacueeID;407;Triage Status;G;EvacueeID;413;Triage Status;G;EvacueeID;425;Triage Status;G;EvacueeID;436;Triage Status;G;EvacueeID;437;Triage Status;G;EvacueeID;439;Triage Status;G;EvacueeID;441;Triage Status;G;EvacueeID;444;Triage Status;G;EvacueeID;450;Triage Status;G;EvacueeID;457;Triage Status;G;EvacueeID;466;Triage Status;G;EvacueeID;467;Triage Status;G;EvacueeID;469;Triage Status;G;EvacueeID;470;Triage Status;G;EvacueeID;473;Triage Status;G;Lives Saved;120
4950,225,evacuee,outFOL,Evacuee 457 in triage category G is not assigned a helicopter
4950,225,evacuee,,Evacuee;457;in triage state;G;is at the FOL
4950,297,evacuee,outFOL,Evacuee 466 in triage category G is not assigned a helicopter
4950,297,evacuee,,Evacuee;466;in triage state;G;is at the FOL
4950,504,evacuee,outFOL,Evacuee 470 in triage category G is not assigned a helicopter
4950,504,evacuee,,Evacuee;470;in triage state;G;is at the FOL
4950,507,evacuee,outFOL,Evacuee 469 in triage category G is not assigned a helicopter
4950,507,evacuee,,Evacuee;469;in triage state;G;is at the FOL
4950,636,evacuee,outFOL,Evacuee 444 in triage category G is not assigned a helicopter
4950,636,evacuee,,Evacuee;444;in triage state;G;is at the FOL
4950,789,evacuee,outFOL,Evacuee 473 in triage category G is not assigned a helicopter
4950,789,evacuee,,Evacuee;473;in triage state;G;is at the FOL
4950,1360,evacuee,outFOL,Evacuee 450 in triage category G is not assigned a helicopter
4950,1360,evacuee,,Evacuee;450;in triage state;G;is at the FOL
4950,1495,evacuee,outFOL,Evacuee 467 in triage category G is not assigned a helicopter
4950,1495,evacuee,,Evacuee;467;in triage state;G;is at the FOL
4950,219,FOL,,;EvacueeID;3;Triage Status;G;EvacueeID;5;Triage Status;G;EvacueeID;8;Triage Status;G;EvacueeID;12;Triage Status;G;EvacueeID;15;Triage Status;G;EvacueeID;21;Triage Status;G;EvacueeID;30;Triage Status;G;EvacueeID;31;Triage Status;G;EvacueeID;36;Triage Status;G;EvacueeID;38;Triage Status;G;EvacueeID;39;Triage Status;G;EvacueeID;42;Triage Status;G;EvacueeID;43;Triage Status;G;EvacueeID;46;Triage Status;G;EvacueeID;47;Triage Status;G;EvacueeID;51;Triage Status;G;EvacueeID;53;Triage Status;G;EvacueeID;56;Triage Status;G;EvacueeID;57;Triage Status;G;EvacueeID;59;Triage Status;G;EvacueeID;62;Triage Status;G;EvacueeID;66;Triage Status;G;EvacueeID;68;Triage Status;G;EvacueeID;72;Triage Status;G;EvacueeID;79;Triage Status;G;EvacueeID;80;Triage Status;G;EvacueeID;84;Triage Status;G;EvacueeID;86;Triage Status;G;EvacueeID;89;Triage Status;G;EvacueeID;91;Triage Status;G;EvacueeID;101;Triage Status;G;EvacueeID;103;Triage Status;G;EvacueeID;107;Triage Status;G;EvacueeID;110;Triage Status;G;EvacueeID;111;Triage Status;G;EvacueeID;115;Triage Status;G;EvacueeID;118;Triage Status;G;EvacueeID;124;Triage Status;G;EvacueeID;130;Triage Status;G;EvacueeID;132;Triage Status;G;EvacueeID;133;Triage Status;G;EvacueeID;134;Triage Status;G;EvacueeID;135;Triage Status;G;EvacueeID;140;Triage Status;G;EvacueeID;141;Triage Status;G;EvacueeID;143;Triage Status;G;EvacueeID;145;Triage Status;G;EvacueeID;146;Triage Status;G;EvacueeID;149;Triage Status;G;EvacueeID;151;Triage Status;G;EvacueeID;167;Triage Status;G;EvacueeID;168;Triage Status;G;EvacueeID;169;Triage Status;G;EvacueeID;172;Triage Status;G;EvacueeID;176;Triage Status;G;EvacueeID;193;Triage Status;G;EvacueeID;195;Triage Status;G;EvacueeID;196;Triage Status;G;EvacueeID;197;Triage Status;G;EvacueeID;198;Triage Status;G;EvacueeID;199;Triage Status;G;EvacueeID;208;Triage Status;G;EvacueeID;215;Triage Status;G;EvacueeID;216;Triage Status;G;EvacueeID;219;Triage Status;G;EvacueeID;221;Triage Status;G;EvacueeID;222;Triage Status;G;EvacueeID;223;Triage Status;G;EvacueeID;224;Triage Status;G;EvacueeID;228;Triage Status;G;EvacueeID;229;Triage Status;G;EvacueeID;230;Triage Status;G;EvacueeID;231;Triage Status;G;EvacueeID;240;Triage Status;G;EvacueeID;248;Triage Status;G;EvacueeID;254;Triage Status;G;EvacueeID;256;Triage Status;G;EvacueeID;257;Triage Status;G;EvacueeID;262;Triage Status;G;EvacueeID;264;Triage Status;G;EvacueeID;270;Triage Status;G;EvacueeID;272;Triage Status;G;EvacueeID;291;Triage Status;G;EvacueeID;292;Triage Status;G;EvacueeID;293;Triage Status;G;EvacueeID;296;Triage Status;G;EvacueeID;298;Triage Status;G;EvacueeID;301;Triage Status;G;EvacueeID;322;Triage Status;G;EvacueeID;325;Triage Status;G;EvacueeID;326;Triage Status;G;EvacueeID;339;Triage Status;G;EvacueeID;345;Triage Status;G;EvacueeID;362;Triage Status;G;EvacueeID;364;Triage Status;G;EvacueeID;365;Triage Status;G;EvacueeID;366;Triage Status;G;EvacueeID;367;Triage Status;G;EvacueeID;369;Triage Status;G;EvacueeID;389;Triage Status;G;EvacueeID;392;Triage Status;G;EvacueeID;393;Triage Status;G;EvacueeID;395;Triage Status;G;EvacueeID;396;Triage Status;G;EvacueeID;399;Triage Status;G;EvacueeID;407;Triage Status;G;EvacueeID;413;Triage Status;G;EvacueeID;425;Triage Status;G;EvacueeID;436;Triage Status;G;EvacueeID;437;Triage Status;G;EvacueeID;439;Triage Status;G;EvacueeID;441;Triage Status;G;EvacueeID;444;Triage Status;G;EvacueeID;450;Triage Status;G;EvacueeID;457;Triage Status;G;EvacueeID;466;Triage Status;G;EvacueeID;467;Triage Status;G;EvacueeID;469;Triage Status;G;EvacueeID;470;Triage Status;G;EvacueeID;473;Triage Status;G;Lives Saved;120
4965,1153,helicopter,,Helicopter;1;Is going to the evacuation site;;and has;0;spots taken
5040,5,helicopterQueue,,1;Helos are waiting to land;HeloID;1
5040,1153,helicopter,outES,Helicopter 1 is evacuating people1
5040,1153,helicopter,,Helicopter;1;is waiting to land at the evacuation site;;and has;0;spots taken
5040,4,helipadManager,,;No helos are at ES
5040,5,helicopterQueue,outHM,Helicopter 1 is evacuating people1
5040,5,helicopterQueue,outHelo,Helicopter 1 is evacuating people1
5040,5,helicopterQueue,,;No helos are waiting to land
5040,1152,filterES,,Helicopter;1;is evacuating people
5040,3,evacueeManager,,OFF SHIP: White;0;Green;0;Yellow;0;Red;0;Black;378;ON SHIP: White;0;Green;0;Yellow;0;Red;0;Evacuees to Transfer;;EvacueeID;370;HeloID;1;OnShip;0;Triage Status;Y;EvacueeID;442;HeloID;1;OnShip;0;Triage Status;Y
5040,4,helipadManager,outEM,Helicopter 1 is evacuating people1
5040,4,helipadManager,,Helo;1;is at the ES
5040,1152,filterES,out,Helicopter 1 is evacuating people1
5040,1152,filterES,,
5040,1153,helicopter,,Helicopter;1;is waiting to land at the evacuation site;;and has;0;spots taken
5040,2,coastGuardShip,,The ship will arrive in 156 hours.
5040,3,evacueeManager,outEvac,Evacuee 370 in triage category Y is assigned helicopter 1
5040,3,evacueeManager,outEvac,Evacuee 442 in triage category Y is assigned helicopter 1
5040,3,evacueeManager,outHM,1
5040,3,evacueeManager,outCGS,1
5040,3,evacueeManager,,OFF SHIP: White;0;Green;0;Yellow;0;Red;0;Black;378;ON SHIP: White;0;Green;0;Yellow;0;Red;0;Evacuees to Transfer;
5040,4,helipadManager,,Helo;1;is at the ES;Stopped evacuating people
5040,7,filterLoc,,
5040,10,filterLoc,,
5040,13,filterLoc,,
5040,16,filterLoc,,
5040,19,filterLoc,,
5040,22,filterLoc,,
5040,25,filterLoc,,
5040,28,filterLoc,,
5040,31,filterLoc,,
5040,34,filterLoc,,
5040,37,filterLoc,,
5040,40,filterLoc,,
5040,43,filterLoc,,
5040,46,filterLoc,,
5040,49,filterLoc,,
5040,52,filterLoc,,
5040,55,filterLoc,,
5040,58,filterLoc,,
5040,61,filterLoc,,
5040,64,filterLoc,,
5040,67,filterLoc,,
5040,70,filterLoc,,
5040,73,filterLoc,,
5040,76,filterLoc,,
5040,79,filterLoc,,
5040,82,filterLoc,,
5040,85,filterLoc,,
5040,88,filterLoc,,;Evacuee;442;in triage category;Y;is entering helicopter;1
5040,91,filterLoc,,
5040,94,filterLoc,,
5040,97,filterLoc,,
5040,100,filterLoc,,
5040,103,filterLoc,,
5040,106,filterLoc,,
5040,109,filterLoc,,
5040,112,filterLoc,,
5040,115,filterLoc,,
5040,118,filterLoc,,
5040,121,filterLoc,,
5040,124,filterLoc,,
5040,127,filterLoc,,
5040,130,filterLoc,,
5040,133,filterLoc,,
5040,136,filterLoc,,
5040,139,filterLoc,,
5040,142,filterLoc,,
5040,145,filterLoc,,
5040,148,filterLoc,,
5040,151,filterLoc,,
5040,154,filterLoc,,
5040,157,filterLoc,,
5040,160,filterLoc,,
5040,163,filterLoc,,
5040,166,filterLoc,,
5040,169,filterLoc,,
5040,172,filterLoc,,
5040,175,filterLoc,,
5040,178,filterLoc,,
5040,181,filterLoc,,
5040,184,filterLoc,,
5040,187,filterLoc,,
5040,190,filterLoc,,
5040,193,filterLoc,,
5040,196,filterLoc,,
5040,199,filterLoc,,
5040,202,filterLoc,,
5040,205,filterLoc,,
5040,208,filterLoc,,
5040,211,filterLoc,,
5040,214,filterLoc,,
5040,217,filterLoc,,
5040,221,filterLoc,,;Evacuee;370;in triage category;Y;is entering helicopter;1
5040,224,filterLoc,,
5040,227,filterLoc,,
5040,230,filterLoc,,
5040,233,filterLoc,,
5040,236,filterLoc,,
5040,239,filterLoc,,
5040,242,filterLoc,,
5040,245,filterLoc,,
5040,248,filterLoc,,
5040,251,filterLoc,,
5040,254,filterLoc,,
5040,257,filterLoc,,
5040,260,filterLoc,,
5040,263,filterLoc,,
5040,266,filterLoc,,
5040,269,filterLoc,,
5040,272,filterLoc,,
5040,275,filterLoc,,
5040,278,filterLoc,,
5040,281,filterLoc,,
5040,284,filterLoc,,
5040,287,filterLoc,,
5040,290,filterLoc,,
5040,293,filterLoc,,
5040,296,filterLoc,,
5040,299,filterLoc,,
5040,302,filterLoc,,
5040,305,filterLoc,,
5040,308,filterLoc,,
5040,311,filterLoc,,
5040,314,filterLoc,,
5040,317,filterLoc,,
5040,320,filterLoc,,
5040,323,filterLoc,,
5040,326,filterLoc,,
5040,329,filterLoc,,
5040,332,filterLoc,,
5040,335,filterLoc,,
5040,338,filterLoc,,
5040,341,filterLoc,,
5040,344,filterLoc,,
5040,347,filterLoc,,
5040,350,filterLoc,,
5040,353,filterLoc,,
5040,356,filterLoc,,
5040,359,filterLoc,,
5040,362,filterLoc,,
5040,365,filterLoc,,
5040,368,filterLoc,,
5040,371,filterLoc,,
5040,374,filterLoc,,
5040,377,filterLoc,,
5040,380,filterLoc,,
5040,383,filterLoc,,
5040,386,filterLoc,,
5040,389,filterLoc,,
5040,392,filterLoc,,
5040,395,filterLoc,,
5040,398,filterLoc,,
5040,401,filterLoc,,
5040,404,filterLoc,,
5040,407,filterLoc,,
5040,410,filterLoc,,
5040,413,filterLoc,,
5040,416,filterLoc,,
5040,419,filterLoc,,
5040,422,filterLoc,,
5040,425,filterLoc,,
5040,428,filterLoc,,
5040,431,filterLoc,,
5040,434,filterLoc,,
5040,437,filterLoc,,
5040,440,filterLoc,,
5040,443,filterLoc,,
5040,446,filterLoc,,
5040,449,filterLoc,,
5040,452,filterLoc,,
5040,455,filterLoc,,
5040,458,filterLoc,,
5040,461,filterLoc,,
5040,464,filterLoc,,
5040,467,filterLoc,,
5040,470,filterLoc,,
5040,473,filterLoc,,
5040,476,filterLoc,,
5040,479,filterLoc,,
5040,482,filterLoc,,
5040,485,filterLoc,,
5040,488,filterLoc,,
5040,491,filterLoc,,
5040,494,filterLoc,,
5040,497,filterLoc,,
5040,500,filterLoc,,
5040,503,filterLoc,,
5040,506,filterLoc,,
5040,509,filterLoc,,
5040,512,filterLoc,,
5040,515,filterLoc,,
5040,518,filterLoc,,
5040,521,filterLoc,,
5040,524,filterLoc,,
5040,527,filterLoc,,
5040,530,filterLoc,,
5040,533,filterLoc,,
5040,536,filterLoc,,
5040,539,filterLoc,,
5040,542,filterLoc,,
5040,545,filterLoc,,
5040,548,filterLoc,,
5040,551,filterLoc,,
5040,554,filterLoc,,
5040,557,filterLoc,,
5040,560,filterLoc,,
5040,563,filterLoc,,
5040,566,filterLoc,,
5040,569,filterLoc,,
5040,572,filterLoc,,
5040,575,filterLoc,,
5040,578,filterLoc,,
5040,581,filterLoc,,
5040,584,filterLoc,,
5040,587,filterLoc,,
5040,590,filterLoc,,
5040,593,filterLoc,,
5040,596,filterLoc,,
5040,599,filterLoc,,
5040,602,filterLoc,,
5040,605,filterLoc,,
5040,608,filterLoc,,
5040,611,filterLoc,,
5040,614,filterLoc,,
5040,617,filterLoc,,
5040,620,filterLoc,,
5040,623,filterLoc,,
5040,626,filterLoc,,
5040,629,filterLoc,,
5040,632,filterLoc,,
5040,635,filterLoc,,
5040,638,filterLoc,,
5040,641,filterLoc,,
5040,644,filterLoc,,
5040,647,filterLoc,,
5040,650,filterLoc,,
5040,653,filterLoc,,
5040,656,filterLoc,,
5040,659,filterLoc,,
5040,662,filterLoc,,
5040,665,filterLoc,,
5040,668,filterLoc,,
5040,671,filterLoc,,
5040,674,filterLoc,,
5040,677,filterLoc,,
5040,680,filterLoc,,
5040,683,filterLoc,,
5040,686,filterLoc,,
5040,689,filterLoc,,
5040,692,filterLoc,,
5040,695,filterLoc,,
5040,698,filterLoc,,
5040,701,filterLoc,,
5040,704,filterLoc,,
5040,707,filterLoc,,
5040,710,filterLoc,,
5040,713,filterLoc,,
5040,716,filterLoc,,
5040,719,filterLoc,,
5040,722,filterLoc,,
5040,725,filterLoc,,
5040,728,filterLoc,,
5040,731,filterLoc,,
5040,734,filterLoc,,
5040,737,filterLoc,,
5040,740,filterLoc,,
5040,743,filterLoc,,
5040,746,filterLoc,,
5040,749,filterLoc,,
5040,752,filterLoc,,
5040,755,filterLoc,,
5040,758,filterLoc,,
5040,761,filterLoc,,
5040,764,filterLoc,,
5040,767,filterLoc,,
5040,770,filterLoc,,
5040,773,filterLoc,,
5040,776,filterLoc,,
5040,779,filterLoc,,
5040,782,filterLoc,,
5040,785,filterLoc,,
5040,788,filterLoc,,
5040,791,filterLoc,,
5040,794,filterLoc,,
5040,797,filterLoc,,
5040,800,filterLoc,,
5040,803,filterLoc,,
5040,806,filterLoc,,
5040,809,filterLoc,,
5040,812,filterLoc,,
5040,815,filterLoc,,
5040,818,filterLoc,,
5040,821,filterLoc,,
5040,824,filterLoc,,
5040,827,filterLoc,,
5040,830,filterLoc,,
5040,833,filterLoc,,
5040,836,filterLoc,,
5040,839,filterLoc,,
5040,842,filterLoc,,
5040,845,filterLoc,,
5040,848,filterLoc,,
5040,851,filterLoc,,
5040,854,filterLoc,,
5040,857,filterLoc,,
5040,860,filterLoc,,
5040,863,filterLoc,,
5040,866,filterLoc,,
5040,869,filterLoc,,
5040,872,filterLoc,,
5040,875,filterLoc,,
5040,878,filterLoc,,
5040,881,filterLoc,,
5040,884,filterLoc,,
5040,887,filterLoc,,
5040,890,filterLoc,,
5040,893,filterLoc,,
5040,896,filterLoc,,
5040,899,filterLoc,,
5040,902,filterLoc,,
5040,905,filterLoc,,
5040,908,filterLoc,,
5040,911,filterLoc,,
5040,914,filterLoc,,
5040,917,filterLoc,,
5040,920,filterLoc,,
5040,923,filterLoc,,
5040,926,filterLoc,,
5040,929,filterLoc,,
5040,932,filterLoc,,
5040,935,filterLoc,,
5040,938,filterLoc,,
5040,941,filterLoc,,
5040,944,filterLoc,,
5040,947,filterLoc,,
5040,950,filterLoc,,
5040,953,filterLoc,,
5040,956,filterLoc,,
5040,959,filterLoc,,
5040,962,filterLoc,,
5040,965,filterLoc,,
5040,968,filterLoc,,
5040,971,filterLoc,,
5040,974,filterLoc,,
5040,977,filterLoc,,
5040,980,filterLoc,,
5040,983,filterLoc,,
5040,986,filterLoc,,
5040,989,filterLoc,,
5040,992,filterLoc,,
5040,995,filterLoc,,
5040,998,filterLoc,,
5040,1001,filterLoc,,
5040,1004,filterLoc,,
5040,1007,filterLoc,,
5040,1010,filterLoc,,
5040,1013,filterLoc,,
5040,1016,filterLoc,,
5040,1019,filterLoc,,
5040,1022,filterLoc,,
5040,1025,filterLoc,,
5040,1028,filterLoc,,
5040,1031,filterLoc,,
5040,1034,filterLoc,,
5040,1037,filterLoc,,
5040,1040,filterLoc,,
5040,1043,filterLoc,,
5040,1046,filterLoc,,
5040,1049,filterLoc,,
5040,1052,filterLoc,,
5040,1055,filterLoc,,
5040,1058,filterLoc,,
5040,1061,filterLoc,,
5040,1064,filterLoc,,
5040,1067,filterLoc,,
5040,1070,filterLoc,,
5040,1073,filterLoc,,
5040,1076,filterLoc,,
5040,1079,filterLoc,,
5040,1082,filterLoc,,
5040,1085,filterLoc,,
5040,1088,filterLoc,,
5040,1091,filterLoc,,
5040,1094,filterLoc,,
5040,1097,filterLoc,,
5040,1100,filterLoc,,
5040,1103,filterLoc,,
5040,1106,filterLoc,,
5040,1109,filterLoc,,
5040,1112,filterLoc,,
5040,1115,filterLoc,,
5040,1118,filterLoc,,
5040,1121,filterLoc,,
5040,1124,filterLoc,,
5040,1127,filterLoc,,
5040,1130,filterLoc,,
5040,1133,filterLoc,,
5040,1136,filterLoc,,
5040,1139,filterLoc,,
5040,1142,filterLoc,,
5040,1145,filterLoc,,
5040,1148,filterLoc,,
5040,1153,helicopter,,Helicopter;1;is loading people at the evacuation site;;and has;0;spots taken
5040,1155,filterLoc,,
5040,1158,filterLoc,,
5040,1161,filterLoc,,
5040,1164,filterLoc,,
5040,1167,filterLoc,,
5040,1170,filterLoc,,
5040,1173,filterLoc,,
5040,1176,filterLoc,,
5040,1179,filterLoc,,
5040,1182,filterLoc,,
5040,1185,filterLoc,,
5040,1188,filterLoc,,
5040,1191,filterLoc,,
5040,1194,filterLoc,,
5040,1197,filterLoc,,
5040,1200,filterLoc,,
5040,1203,filterLoc,,
5040,1206,filterLoc,,
5040,1209,filterLoc,,
5040,1212,filterLoc,,
5040,1215,filterLoc,,
5040,1218,filterLoc,,
5040,1221,filterLoc,,
5040,1224,filterLoc,,
5040,1227,filterLoc,,
5040,1230,filterLoc,,
5040,1233,filterLoc,,
5040,1236,filterLoc,,
5040,1239,filterLoc,,
5040,1242,filterLoc,,
5040,1245,filterLoc,,
5040,1248,filterLoc,,
5040,1251,filterLoc,,
5040,1254,filterLoc,,
5040,1257,filterLoc,,
5040,1260,filterLoc,,
5040,1263,filterLoc,,
5040,1266,filterLoc,,
5040,1269,filterLoc,,
5040,1272,filterLoc,,
5040,1275,filterLoc,,
5040,1278,filterLoc,,
5040,1281,filterLoc,,
5040,1284,filterLoc,,
5040,1287,filterLoc,,
5040,1290,filterLoc,,
5040,1293,filterLoc,,
5040,1296,filterLoc,,
5040,1299,filterLoc,,
5040,1302,filterLoc,,
5040,1305,filterLoc,,
5040,1308,filterLoc,,
5040,1311,filterLoc,,
5040,1314,filterLoc,,
5040,1317,filterLoc,,
5040,1320,filterLoc,,
5040,1323,filterLoc,,
5040,1326,filterLoc,,
5040,1329,filterLoc,,
5040,1332,filterLoc,,
5040,1335,filterLoc,,
5040,1338,filterLoc,,
5040,1341,filterLoc,,
5040,1344,filterLoc,,
5040,1347,filterLoc,,
5040,1350,filterLoc,,
5040,1353,filterLoc,,
5040,1356,filterLoc,,
5040,1359,filterLoc,,
5040,1362,filterLoc,,
5040,1365,filterLoc,,
5040,1368,filterLoc,,
5040,1371,filterLoc,,
5040,1374,filterLoc,,
5040,1377,filterLoc,,
5040,1380,filterLoc,,
5040,1383,filterLoc,,
5040,1386,filterLoc,,
5040,1389,filterLoc,,
5040,1392,filterLoc,,
5040,1395,filterLoc,,
5040,1398,filterLoc,,
5040,1401,filterLoc,,
5040,1404,filterLoc,,
5040,1407,filterLoc,,
5040,1410,filterLoc,,
5040,1413,filterLoc,,
5040,1416,filterLoc,,
5040,1419,filterLoc,,
5040,1422,filterLoc,,
5040,1425,filterLoc,,
5040,1428,filterLoc,,
5040,1431,filterLoc,,
5040,1434,filterLoc,,
5040,1437,filterLoc,,
5040,1440,filterLoc,,
5040,1443,filterLoc,,
5040,1446,filterLoc,,
5040,1449,filterLoc,,
5040,1452,filterLoc,,
5040,1455,filterLoc,,
5040,1458,filterLoc,,
5040,1461,filterLoc,,
5040,1464,filterLoc,,
5040,1467,filterLoc,,
5040,1470,filterLoc,,
5040,1473,filterLoc,,
5040,1476,filterLoc,,
5040,1479,filterLoc,,
5040,1482,filterLoc,,
5040,1485,filterLoc,,
5040,1488,filterLoc,,
5040,1491,filterLoc,,
5040,1494,filterLoc,,
5040,1497,filterLoc,,
5040,1500,filterLoc,,
5040,1503,filterLoc,,
5040,1506,filterLoc,,
5040,1509,filterLoc,,
5040,88,filterLoc,out,Evacuee 442 in triage category Y is assigned helicopter 1
5040,88,filterLoc,,
5040,89,evacuee,,Evacuee;442;in triage state;Y;is entering helicopter;1
5040,221,filterLoc,out,Evacuee 370 in triage category Y is assigned helicopter 1
5040,221,filterLoc,,
5040,222,evacuee,,Evacuee;370;in triage state;Y;is entering helicopter;1
5040,89,evacuee,outHelo,Evacuee 442 in triage category Y is assigned helicopter 1
5040,89,evacuee,,Evacuee;442;in triage state;Y;is in helicopter;1
5040,222,evacuee,outHelo,Evacuee 370 in triage category Y is assigned helicopter 1
5040,222,evacuee,,Evacuee;370;in triage state;Y;is in helicopter;1
5040,1151,filterEvac,,;Evacuee;370;in triage category;Y;is entering helicopter;1;Evacuee;442;in triage category;Y;is entering helicopter;1
5040,1151,filterEvac,out,Evacuee 370 in triage category Y is assigned helicopter 1
5040,1151,filterEvac,out,Evacuee 442 in triage category Y is assigned helicopter 1
5040,1151,filterEvac,,
5040,1153,helicopter,,Helicopter;1;is loading people at the evacuation site;;and has;6;spots taken
5055,4,helipadManager,outHelo,Helicopter 1 has stopped
5055,4,helipadManager,outHQ,1
5055,4,helipadManager,,;No helos are at ES;Stopped evacuating people
5055,5,helicopterQueue,,;No helos are waiting to land
5055,1152,filterES,,Helicopter;1;has stopped
5055,5,helicopterQueue,,;No helos are waiting to land
5055,1152,filterES,out,Helicopter 1 has stopped
5055,1152,filterES,,
5055,1153,helicopter,,Helicopter;1;is loading people at the evacuation site;;and has;6;spots taken
5055,1153,helicopter,,Helicopter;1;is returning to the FOL;;and has;6;spots taken
5130,7,filterLoc,,
5130,10,filterLoc,,
5130,13,filterLoc,,
5130,16,filterLoc,,
5130,19,filterLoc,,
5130,22,filterLoc,,
5130,25,filterLoc,,
5130,28,filterLoc,,
5130,31,filterLoc,,
5130,34,filterLoc,,
5130,37,filterLoc,,
5130,40,filterLoc,,
5130,43,filterLoc,,
5130,46,filterLoc,,
5130,49,filterLoc,,
5130,52,filterLoc,,
5130,55,filterLoc,,
5130,58,filterLoc,,
5130,61,filterLoc,,
5130,64,filterLoc,,
5130,67,filterLoc,,
5130,70,filterLoc,,
5130,73,filterLoc,,
5130,76,filterLoc,,
5130,79,filterLoc,,
5130,82,filterLoc,,
5130,85,filterLoc,,
5130,88,filterLoc,,;Evacuee;442;in triage category;Y;is leaving helicopter;1
5130,91,filterLoc,,
5130,94,filterLoc,,
5130,97,filterLoc,,
5130,100,filterLoc,,
5130,103,filterLoc,,
5130,106,filterLoc,,
5130,109,filterLoc,,
5130,112,filterLoc,,
5130,115,filterLoc,,
5130,118,filterLoc,,
5130,121,filterLoc,,
5130,124,filterLoc,,
5130,127,filterLoc,,
5130,130,filterLoc,,
5130,133,filterLoc,,
5130,136,filterLoc,,
5130,139,filterLoc,,
5130,142,filterLoc,,
5130,145,filterLoc,,
5130,148,filterLoc,,
5130,151,filterLoc,,
5130,154,filterLoc,,
5130,157,filterLoc,,
5130,160,filterLoc,,
5130,163,filterLoc,,
5130,166,filterLoc,,
5130,169,filterLoc,,
5130,172,filterLoc,,
5130,175,filterLoc,,
5130,178,filterLoc,,
5130,181,filterLoc,,
5130,184,filterLoc,,
5130,187,filterLoc,,
5130,190,filterLoc,,
5130,193,filterLoc,,
5130,196,filterLoc,,
5130,199,filterLoc,,
5130,202,filterLoc,,
5130,205,filterLoc,,
5130,208,filterLoc,,
5130,211,filterLoc,,
5130,214,filterLoc,,
5130,217,filterLoc,,
5130,221,filterLoc,,;Evacuee;370;in triage category;Y;is leaving helicopter;1
5130,224,filterLoc,,
5130,227,filterLoc,,
5130,230,filterLoc,,
5130,233,filterLoc,,
5130,236,filterLoc,,
5130,239,filterLoc,,
5130,242,filterLoc,,
5130,245,filterLoc,,
5130,248,filterLoc,,
5130,251,filterLoc,,
5130,254,filterLoc,,
5130,257,filterLoc,,
5130,260,filterLoc,,
5130,263,filterLoc,,
5130,266,filterLoc,,
5130,269,filterLoc,,
5130,272,filterLoc,,
5130,275,filterLoc,,
5130,278,filterLoc,,
5130,281,filterLoc,,
5130,284,filterLoc,,
5130,287,filterLoc,,
5130,290,filterLoc,,
5130,293,filterLoc,,
5130,296,filterLoc,,
5130,299,filterLoc,,
5130,302,filterLoc,,
5130,305,filterLoc,,
5130,308,filterLoc,,
5130,311,filterLoc,,
5130,314,filterLoc,,
5130,317,filterLoc,,
5130,320,filterLoc,,
5130,323,filterLoc,,
5130,326,filterLoc,,
5130,329,filterLoc,,
5130,332,filterLoc,,
5130,335,filterLoc,,
5130,338,filterLoc,,
5130,341,filterLoc,,
5130,344,filterLoc,,
5130,347,filterLoc,,
5130,350,filterLoc,,
5130,353,filterLoc,,
5130,356,filterLoc,,
5130,359,filterLoc,,
5130,362,filterLoc,,
5130,365,filterLoc,,
5130,368,filterLoc,,
5130,371,filterLoc,,
5130,374,filterLoc,,
5130,377,filterLoc,,
5130,380,filterLoc,,
5130,383,filterLoc,,
5130,386,filterLoc,,
5130,389,filterLoc,,
5130,392,filterLoc,,
5130,395,filterLoc,,
5130,398,filterLoc,,
5130,401,filterLoc,,
5130,404,filterLoc,,
5130,407,filterLoc,,
5130,410,filterLoc,,
5130,413,filterLoc,,
5130,416,filterLoc,,
5130,419,filterLoc,,
5130,422,filterLoc,,
5130,425,filterLoc,,
5130,428,filterLoc,,
5130,431,filterLoc,,
5130,434,filterLoc,,
5130,437,filterLoc,,
5130,440,filterLoc,,
5130,443,filterLoc,,
5130,446,filterLoc,,
5130,449,filterLoc,,
5130,452,filterLoc,,
5130,455,filterLoc,,
5130,458,filterLoc,,
5130,461,filterLoc,,
5130,464,filterLoc,,
5130,467,filterLoc,,
5130,470,filterLoc,,
5130,473,filterLoc,,
5130,476,filterLoc,,
5130,479,filterLoc,,
5130,482,filterLoc,,
5130,485,filterLoc,,
5130,488,filterLoc,,
5130,491,filterLoc,,
5130,494,filterLoc,,
5130,497,filterLoc,,
5130,500,filterLoc,,
5130,503,filterLoc,,
5130,506,filterLoc,,
5130,509,filterLoc,,
5130,512,filterLoc,,
5130,515,filterLoc,,
5130,518,filterLoc,,
5130,521,filterLoc,,
5130,524,filterLoc,,
5130,527,filterLoc,,
5130,530,filterLoc,,
5130,533,filterLoc,,
5130,536,filterLoc,,
5130,539,filterLoc,,
5130,542,filterLoc,,
5130,545,filterLoc,,
5130,548,filterLoc,,
5130,551,filterLoc,,
5130,554,filterLoc,,
5130,557,filterLoc,,
5130,560,filterLoc,,
5130,563,filterLoc,,
5130,566,filterLoc,,
5130,569,filterLoc,,
5130,572,filterLoc,,
5130,575,filterLoc,,
5130,578,filterLoc,,
5130,581,filterLoc,,
5130,584,filterLoc,,
5130,587,filterLoc,,
5130,590,filterLoc,,
5130,593,filterLoc,,
5130,596,filterLoc,,
5130,599,filterLoc,,
5130,602,filterLoc,,
5130,605,filterLoc,,
5130,608,filterLoc,,
5130,611,filterLoc,,
5130,614,filterLoc,,
5130,617,filterLoc,,
5130,620,filterLoc,,
5130,623,filterLoc,,
5130,626,filterLoc,,
5130,629,filterLoc,,
5130,632,filterLoc,,
5130,635,filterLoc,,
5130,638,filterLoc,,
5130,641,filterLoc,,
5130,644,filterLoc,,
5130,647,filterLoc,,
5130,650,filterLoc,,
5130,653,filterLoc,,
5130,656,filterLoc,,
5130,659,filterLoc,,
5130,662,filterLoc,,
5130,665,filterLoc,,
5130,668,filterLoc,,
5130,671,filterLoc,,
5130,674,filterLoc,,
5130,677,filterLoc,,
5130,680,filterLoc,,
5130,683,filterLoc,,
5130,686,filterLoc,,
5130,689,filterLoc,,
5130,692,filterLoc,,
5130,695,filterLoc,,
5130,698,filterLoc,,
5130,701,filterLoc,,
5130,704,filterLoc,,
5130,707,filterLoc,,
5130,710,filterLoc,,
5130,713,filterLoc,,
5130,716,filterLoc,,
5130,719,filterLoc,,
5130,722,filterLoc,,
5130,725,filterLoc,,
5130,728,filterLoc,,
5130,731,filterLoc,,
5130,734,filterLoc,,
5130,737,filterLoc,,
5130,740,filterLoc,,
5130,743,filterLoc,,
5130,746,filterLoc,,
5130,749,filterLoc,,
5130,752,filterLoc,,
5130,755,filterLoc,,
5130,758,filterLoc,,
5130,761,filterLoc,,
5130,764,filterLoc,,
5130,767,filterLoc,,
5130,770,filterLoc,,
5130,773,filterLoc,,
5130,776,filterLoc,,
5130,779,filterLoc,,
5130,782,filterLoc,,
5130,785,filterLoc,,
5130,788,filterLoc,,
5130,791,filterLoc,,
5130,794,filterLoc,,
5130,797,filterLoc,,
5130,800,filterLoc,,
5130,803,filterLoc,,
5130,806,filterLoc,,
5130,809,filterLoc,,
5130,812,filterLoc,,
5130,815,filterLoc,,
5130,818,filterLoc,,
5130,821,filterLoc,,
5130,824,filterLoc,,
5130,827,filterLoc,,
5130,830,filterLoc,,
5130,833,filterLoc,,
5130,836,filterLoc,,
5130,839,filterLoc,,
5130,842,filterLoc,,
5130,845,filterLoc,,
5130,848,filterLoc,,
5130,851,filterLoc,,
5130,854,filterLoc,,
5130,857,filterLoc,,
5130,860,filterLoc,,
5130,863,filterLoc,,
5130,866,filterLoc,,
5130,869,filterLoc,,
5130,872,filterLoc,,
5130,875,filterLoc,,
5130,878,filterLoc,,
5130,881,filterLoc,,
5130,884,filterLoc,,
5130,887,filterLoc,,
5130,890,filterLoc,,
5130,893,filterLoc,,
5130,896,filterLoc,,
5130,899,filterLoc,,
5130,902,filterLoc,,
5130,905,filterLoc,,
5130,908,filterLoc,,
5130,911,filterLoc,,
5130,914,filterLoc,,
5130,917,filterLoc,,
5130,920,filterLoc,,
5130,923,filterLoc,,
5130,926,filterLoc,,
5130,929,filterLoc,,
5130,932,filterLoc,,
5130,935,filterLoc,,
5130,938,filterLoc,,
5130,941,filterLoc,,
5130,944,filterLoc,,
5130,947,filterLoc,,
5130,950,filterLoc,,
5130,953,filterLoc,,
5130,956,filterLoc,,
5130,959,filterLoc,,
5130,962,filterLoc,,
5130,965,filterLoc,,
5130,968,filterLoc,,
5130,971,filterLoc,,
5130,974,filterLoc,,
5130,977,filterLoc,,
5130,980,filterLoc,,
5130,983,filterLoc,,
5130,986,filterLoc,,
5130,989,filterLoc,,
5130,992,filterLoc,,
5130,995,filterLoc,,
5130,998,filterLoc,,
5130,1001,filterLoc,,
5130,1004,filterLoc,,
5130,1007,filterLoc,,
5130,1010,filterLoc,,
5130,1013,filterLoc,,
5130,1016,filterLoc,,
5130,1019,filterLoc,,
5130,1022,filterLoc,,
5130,1025,filterLoc,,
5130,1028,filterLoc,,
5130,1031,filterLoc,,
5130,1034,filterLoc,,
5130,1037,filterLoc,,
5130,1040,filterLoc,,
5130,1043,filterLoc,,
5130,1046,filterLoc,,
5130,1049,filterLoc,,
5130,1052,filterLoc,,
5130,1055,filterLoc,,
5130,1058,filterLoc,,
5130,1061,filterLoc,,
5130,1064,filterLoc,,
5130,1067,filterLoc,,
5130,1070,filterLoc,,
5130,1073,filterLoc,,
5130,1076,filterLoc,,
5130,1079,filterLoc,,
5130,1082,filterLoc,,
5130,1085,filterLoc,,
5130,1088,filterLoc,,
5130,1091,filterLoc,,
5130,1094,filterLoc,,
5130,1097,filterLoc,,
5130,1100,filterLoc,,
5130,1103,filterLoc,,
5130,1106,filterLoc,,
5130,1109,filterLoc,,
5130,1112,filterLoc,,
5130,1115,filterLoc,,
5130,1118,filterLoc,,
5130,1121,filterLoc,,
5130,1124,filterLoc,,
5130,1127,filterLoc,,
5130,1130,filterLoc,,
5130,1133,filterLoc,,
5130,1136,filterLoc,,
5130,1139,filterLoc,,
5130,1142,filterLoc,,
5130,1145,filterLoc,,
5130,1148,filterLoc,,
5130,1153,helicopter,outEvac,Evacuee 370 in triage category Y is not assigned a helicopter
5130,1153,helicopter,outEvac,Evacuee 442 in triage category Y is not assigned a helicopter
5130,1153,helicopter,,Helicopter;1;is unloading people at the FOL;;and has;0;spots taken
5130,1155,filterLoc,,
5130,1158,filterLoc,,
5130,1161,filterLoc,,
5130,1164,filterLoc,,
5130,1167,filterLoc,,
5130,1170,filterLoc,,
5130,1173,filterLoc,,
5130,1176,filterLoc,,
5130,1179,filterLoc,,
5130,1182,filterLoc,,
5130,1185,filterLoc,,
5130,1188,filterLoc,,
5130,1191,filterLoc,,
5130,1194,filterLoc,,
5130,1197,filterLoc,,
5130,1200,filterLoc,,
5130,1203,filterLoc,,
5130,1206,filterLoc,,
5130,1209,filterLoc,,
5130,1212,filterLoc,,
5130,1215,filterLoc,,
5130,1218,filterLoc,,
5130,1221,filterLoc,,
5130,1224,filterLoc,,
5130,1227,filterLoc,,
5130,1230,filterLoc,,
5130,1233,filterLoc,,
5130,1236,filterLoc,,
5130,1239,filterLoc,,
5130,1242,filterLoc,,
5130,1245,filterLoc,,
5130,1248,filterLoc,,
5130,1251,filterLoc,,
5130,1254,filterLoc,,
5130,1257,filterLoc,,
5130,1260,filterLoc,,
5130,1263,filterLoc,,
5130,1266,filterLoc,,
5130,1269,filterLoc,,
5130,1272,filterLoc,,
5130,1275,filterLoc,,
5130,1278,filterLoc,,
5130,1281,filterLoc,,
5130,1284,filterLoc,,
5130,1287,filterLoc,,
5130,1290,filterLoc,,
5130,1293,filterLoc,,
5130,1296,filterLoc,,
5130,1299,filterLoc,,
5130,1302,filterLoc,,
5130,1305,filterLoc,,
5130,1308,filterLoc,,
5130,1311,filterLoc,,
5130,1314,filterLoc,,
5130,1317,filterLoc,,
5130,1320,filterLoc,,
5130,1323,filterLoc,,
5130,1326,filterLoc,,
5130,1329,filterLoc,,
5130,1332,filterLoc,,
5130,1335,filterLoc,,
5130,1338,filterLoc,,
5130,1341,filterLoc,,
5130,1344,filterLoc,,
5130,1347,filterLoc,,
5130,1350,filterLoc,,
5130,1353,filterLoc,,
5130,1356,filterLoc,,
5130,1359,filterLoc,,
5130,1362,filterLoc,,
5130,1365,filterLoc,,
5130,1368,filterLoc,,
5130,1371,filterLoc,,
5130,1374,filterLoc,,
5130,1377,filterLoc,,
5130,1380,filterLoc,,
5130,1383,filterLoc,,
5130,1386,filterLoc,,
5130,1389,filterLoc,,
5130,1392,filterLoc,,
5130,1395,filterLoc,,
5130,1398,filterLoc,,
5130,1401,filterLoc,,
5130,1404,filterLoc,,
5130,1407,filterLoc,,
5130,1410,filterLoc,,
5130,1413,filterLoc,,
5130,1416,filterLoc,,
5130,1419,filterLoc,,
5130,1422,filterLoc,,
5130,1425,filterLoc,,
5130,1428,filterLoc,,
5130,1431,filterLoc,,
5130,1434,filterLoc,,
5130,1437,filterLoc,,
5130,1440,filterLoc,,
5130,1443,filterLoc,,
5130,1446,filterLoc,,
5130,1449,filterLoc,,
5130,1452,filterLoc,,
5130,1455,filterLoc,,
5130,1458,filterLoc,,
5130,1461,filterLoc,,
5130,1464,filterLoc,,
5130,1467,filterLoc,,
5130,1470,filterLoc,,
5130,1473,filterLoc,,
5130,1476,filterLoc,,
5130,1479,filterLoc,,
5130,1482,filterLoc,,
5130,1485,filterLoc,,
5130,1488,filterLoc,,
5130,1491,filterLoc,,
5130,1494,filterLoc,,
5130,1497,filterLoc,,
5130,1500,filterLoc,,
5130,1503,filterLoc,,
5130,1506,filterLoc,,
5130,1509,filterLoc,,
5130,88,filterLoc,out,Evacuee 442 in triage category Y is not assigned a helicopter
5130,88,filterLoc,,
5130,89,evacuee,,Evacuee;442;in triage state;Y;is entering the FOL
5130,221,filterLoc,out,Evacuee 370 in triage category Y is not assigned a helicopter
5130,221,filterLoc,,
5130,222,evacuee,,Evacuee;370;in triage state;Y;is entering the FOL
5130,89,evacuee,outFOL,Evacuee 442 in triage category Y is not assigned a helicopter
5130,89,evacuee,,Evacuee;442;in triage state;Y;is at the FOL
5130,219,FOL,,;EvacueeID;3;Triage Status;G;EvacueeID;5;Triage Status;G;EvacueeID;8;Triage Status;G;EvacueeID;12;Triage Status;G;EvacueeID;15;Triage Status;G;EvacueeID;21;Triage Status;G;EvacueeID;30;Triage Status;G;EvacueeID;31;Triage Status;G;EvacueeID;36;Triage Status;G;EvacueeID;38;Triage Status;G;EvacueeID;39;Triage Status;G;EvacueeID;42;Triage Status;G;EvacueeID;43;Triage Status;G;EvacueeID;46;Triage Status;G;EvacueeID;47;Triage Status;G;EvacueeID;51;Triage Status;G;EvacueeID;53;Triage Status;G;EvacueeID;56;Triage Status;G;EvacueeID;57;Triage Status;G;EvacueeID;59;Triage Status;G;EvacueeID;62;Triage Status;G;EvacueeID;66;Triage Status;G;EvacueeID;68;Triage Status;G;EvacueeID;72;Triage Status;G;EvacueeID;79;Triage Status;G;EvacueeID;80;Triage Status;G;EvacueeID;84;Triage Status;G;EvacueeID;86;Triage Status;G;EvacueeID;89;Triage Status;G;EvacueeID;91;Triage Status;G;EvacueeID;101;Triage Status;G;EvacueeID;103;Triage Status;G;EvacueeID;107;Triage Status;G;EvacueeID;110;Triage Status;G;EvacueeID;111;Triage Status;G;EvacueeID;115;Triage Status;G;EvacueeID;118;Triage Status;G;EvacueeID;124;Triage Status;G;EvacueeID;130;Triage Status;G;EvacueeID;132;Triage Status;G;EvacueeID;133;Triage Status;G;EvacueeID;134;Triage Status;G;EvacueeID;135;Triage Status;G;EvacueeID;140;Triage Status;G;EvacueeID;141;Triage Status;G;EvacueeID;143;Triage Status;G;EvacueeID;145;Triage Status;G;EvacueeID;146;Triage Status;G;EvacueeID;149;Triage Status;G;EvacueeID;151;Triage Status;G;EvacueeID;167;Triage Status;G;EvacueeID;168;Triage Status;G;EvacueeID;169;Triage Status;G;EvacueeID;172;Triage Status;G;EvacueeID;176;Triage Status;G;EvacueeID;193;Triage Status;G;EvacueeID;195;Triage Status;G;EvacueeID;196;Triage Status;G;EvacueeID;197;Triage Status;G;EvacueeID;198;Triage Status;G;EvacueeID;199;Triage Status;G;EvacueeID;208;Triage Status;G;EvacueeID;215;Triage Status;G;EvacueeID;216;Triage Status;G;EvacueeID;219;Triage Status;G;EvacueeID;221;Triage Status;G;EvacueeID;222;Triage Status;G;EvacueeID;223;Triage Status;G;EvacueeID;224;Triage Status;G;EvacueeID;228;Triage Status;G;EvacueeID;229;Triage Status;G;EvacueeID;230;Triage Status;G;EvacueeID;231;Triage Status;G;EvacueeID;240;Triage Status;G;EvacueeID;248;Triage Status;G;EvacueeID;254;Triage Status;G;EvacueeID;256;Triage Status;G;EvacueeID;257;Triage Status;G;EvacueeID;262;Triage Status;G;EvacueeID;264;Triage Status;G;EvacueeID;270;Triage Status;G;EvacueeID;272;Triage Status;G;EvacueeID;291;Triage Status;G;EvacueeID;292;Triage Status;G;EvacueeID;293;Triage Status;G;EvacueeID;296;Triage Status;G;EvacueeID;298;Triage Status;G;EvacueeID;301;Triage Status;G;EvacueeID;322;Triage Status;G;EvacueeID;325;Triage Status;G;EvacueeID;326;Triage Status;G;EvacueeID;339;Triage Status;G;EvacueeID;345;Triage Status;G;EvacueeID;362;Triage Status;G;EvacueeID;364;Triage Status;G;EvacueeID;365;Triage Status;G;EvacueeID;366;Triage Status;G;EvacueeID;367;Triage Status;G;EvacueeID;369;Triage Status;G;EvacueeID;389;Triage Status;G;EvacueeID;392;Triage Status;G;EvacueeID;393;Triage Status;G;EvacueeID;395;Triage Status;G;EvacueeID;396;Triage Status;G;EvacueeID;399;Triage Status;G;EvacueeID;407;Triage Status;G;EvacueeID;413;Triage Status;G;EvacueeID;425;Triage Status;G;EvacueeID;436;Triage Status;G;EvacueeID;437;Triage Status;G;EvacueeID;439;Triage Status;G;EvacueeID;441;Triage Status;G;EvacueeID;444;Triage Status;G;EvacueeID;450;Triage Status;G;EvacueeID;457;Triage Status;G;EvacueeID;466;Triage Status;G;EvacueeID;467;Triage Status;G;EvacueeID;469;Triage Status;G;EvacueeID;470;Triage Status;G;EvacueeID;473;Triage Status;G;EvacueeID;370;Triage Status;Y;EvacueeID;442;Triage Status;Y;Lives Saved;122
5130,222,evacuee,outFOL,Evacuee 370 in triage category Y is not assigned a helicopter
5130,222,evacuee,,Evacuee;370;in triage state;Y;is at the FOL
5130,219,FOL,,;EvacueeID;3;Triage Status;G;EvacueeID;5;Triage Status;G;EvacueeID;8;Triage Status;G;EvacueeID;12;Triage Status;G;EvacueeID;15;Triage Status;G;EvacueeID;21;Triage Status;G;EvacueeID;30;Triage Status;G;EvacueeID;31;Triage Status;G;EvacueeID;36;Triage Status;G;EvacueeID;38;Triage Status;G;EvacueeID;39;Triage Status;G;EvacueeID;42;Triage Status;G;EvacueeID;43;Triage Status;G;EvacueeID;46;Triage Status;G;EvacueeID;47;Triage Status;G;EvacueeID;51;Triage Status;G;EvacueeID;53;Triage Status;G;EvacueeID;56;Triage Status;G;EvacueeID;57;Triage Status;G;EvacueeID;59;Triage Status;G;EvacueeID;62;Triage Status;G;EvacueeID;66;Triage Status;G;EvacueeID;68;Triage Status;G;EvacueeID;72;Triage Status;G;EvacueeID;79;Triage Status;G;EvacueeID;80;Triage Status;G;EvacueeID;84;Triage Status;G;EvacueeID;86;Triage Status;G;EvacueeID;89;Triage Status;G;EvacueeID;91;Triage Status;G;EvacueeID;101;Triage Status;G;EvacueeID;103;Triage Status;G;EvacueeID;107;Triage Status;G;EvacueeID;110;Triage Status;G;EvacueeID;111;Triage Status;G;EvacueeID;115;Triage Status;G;EvacueeID;118;Triage Status;G;EvacueeID;124;Triage Status;G;EvacueeID;130;Triage Status;G;EvacueeID;132;Triage Status;G;EvacueeID;133;Triage Status;G;EvacueeID;134;Triage Status;G;EvacueeID;135;Triage Status;G;EvacueeID;140;Triage Status;G;EvacueeID;141;Triage Status;G;EvacueeID;143;Triage Status;G;EvacueeID;145;Triage Status;G;EvacueeID;146;Triage Status;G;EvacueeID;149;Triage Status;G;EvacueeID;151;Triage Status;G;EvacueeID;167;Triage Status;G;EvacueeID;168;Triage Status;G;EvacueeID;169;Triage Status;G;EvacueeID;172;Triage Status;G;EvacueeID;176;Triage Status;G;EvacueeID;193;Triage Status;G;EvacueeID;195;Triage Status;G;EvacueeID;196;Triage Status;G;EvacueeID;197;Triage Status;G;EvacueeID;198;Triage Status;G;EvacueeID;199;Triage Status;G;EvacueeID;208;Triage Status;G;EvacueeID;215;Triage Status;G;EvacueeID;216;Triage Status;G;EvacueeID;219;Triage Status;G;EvacueeID;221;Triage Status;G;EvacueeID;222;Triage Status;G;EvacueeID;223;Triage Status;G;EvacueeID;224;Triage Status;G;EvacueeID;228;Triage Status;G;EvacueeID;229;Triage Status;G;EvacueeID;230;Triage Status;G;EvacueeID;231;Triage Status;G;EvacueeID;240;Triage Status;G;EvacueeID;248;Triage Status;G;EvacueeID;254;Triage Status;G;EvacueeID;256;Triage Status;G;EvacueeID;257;Triage Status;G;EvacueeID;262;Triage Status;G;EvacueeID;264;Triage Status;G;EvacueeID;270;Triage Status;G;EvacueeID;272;Triage Status;G;EvacueeID;291;Triage Status;G;EvacueeID;292;Triage Status;G;EvacueeID;293;Triage Status;G;EvacueeID;296;Triage Status;G;EvacueeID;298;Triage Status;G;EvacueeID;301;Triage Status;G;EvacueeID;322;Triage Status;G;EvacueeID;325;Triage Status;G;EvacueeID;326;Triage Status;G;EvacueeID;339;Triage Status;G;EvacueeID;345;Triage Status;G;EvacueeID;362;Triage Status;G;EvacueeID;364;Triage Status;G;EvacueeID;365;Triage Status;G;EvacueeID;366;Triage Status;G;EvacueeID;367;Triage Status;G;EvacueeID;369;Triage Status;G;EvacueeID;389;Triage Status;G;EvacueeID;392;Triage Status;G;EvacueeID;393;Triage Status;G;EvacueeID;395;Triage Status;G;EvacueeID;396;Triage Status;G;EvacueeID;399;Triage Status;G;EvacueeID;407;Triage Status;G;EvacueeID;413;Triage Status;G;EvacueeID;425;Triage Status;G;EvacueeID;436;Triage Status;G;EvacueeID;437;Triage Status;G;EvacueeID;439;Triage Status;G;EvacueeID;441;Triage Status;G;EvacueeID;444;Triage Status;G;EvacueeID;450;Triage Status;G;EvacueeID;457;Triage Status;G;EvacueeID;466;Triage Status;G;EvacueeID;467;Triage Status;G;EvacueeID;469;Triage Status;G;EvacueeID;470;Triage Status;G;EvacueeID;473;Triage Status;G;EvacueeID;370;Triage Status;Y;EvacueeID;442;Triage Status;Y;Lives Saved;122
5130,2,coastGuardShip,,The ship will arrive in 156 hours.
5130,3,evacueeManager,,OFF SHIP: White;0;Green;0;Yellow;0;Red;0;Black;378;ON SHIP: White;0;Green;0;Yellow;0;Red;0;Evacuees to Transfer;
5130,4,helipadManager,,;No helos are at ES;Stopped evacuating people
5130,5,helicopterQueue,,;No helos are waiting to land
5130,7,filterLoc,,
5130,8,evacuee,,Evacuee;501;in triage state;B;is at the evacuation site
5130,10,filterLoc,,
5130,11,evacuee,,Evacuee;500;in triage state;B;is at the evacuation site
5130,13,filterLoc,,
5130,14,evacuee,,Evacuee;494;in triage state;B;is at the evacuation site
5130,16,filterLoc,,
5130,17,evacuee,,Evacuee;492;in triage state;B;is at the evacuation site
5130,19,filterLoc,,
5130,20,evacuee,,Evacuee;489;in triage state;B;is at the evacuation site
5130,22,filterLoc,,
5130,23,evacuee,,Evacuee;486;in triage state;B;is at the evacuation site
5130,25,filterLoc,,
5130,26,evacuee,,Evacuee;484;in triage state;B;is at the evacuation site
5130,28,filterLoc,,
5130,29,evacuee,,Evacuee;483;in triage state;B;is at the evacuation site
5130,31,filterLoc,,
5130,32,evacuee,,Evacuee;482;in triage state;B;is at the evacuation site
5130,34,filterLoc,,
5130,35,evacuee,,Evacuee;499;in triage state;B;is at the evacuation site
5130,37,filterLoc,,
5130,38,evacuee,,Evacuee;479;in triage state;B;is at the evacuation site
5130,40,filterLoc,,
5130,41,evacuee,,Evacuee;478;in triage state;B;is at the evacuation site
5130,43,filterLoc,,
5130,44,evacuee,,Evacuee;476;in triage state;B;is at the evacuation site
5130,46,filterLoc,,
5130,47,evacuee,,Evacuee;475;in triage state;B;is at the evacuation site
5130,49,filterLoc,,
5130,50,evacuee,,Evacuee;472;in triage state;B;is at the evacuation site
5130,52,filterLoc,,
5130,53,evacuee,,Evacuee;471;in triage state;B;is at the evacuation site
5130,55,filterLoc,,
5130,56,evacuee,,Evacuee;468;in triage state;B;is at the evacuation site
5130,58,filterLoc,,
5130,59,evacuee,,Evacuee;463;in triage state;B;is at the evacuation site
5130,61,filterLoc,,
5130,62,evacuee,,Evacuee;462;in triage state;B;is at the evacuation site
5130,64,filterLoc,,
5130,65,evacuee,,Evacuee;461;in triage state;B;is at the evacuation site
5130,67,filterLoc,,
5130,68,evacuee,,Evacuee;459;in triage state;B;is at the evacuation site
5130,70,filterLoc,,
5130,71,evacuee,,Evacuee;495;in triage state;B;is at the evacuation site
5130,73,filterLoc,,
5130,74,evacuee,,Evacuee;458;in triage state;B;is at the evacuation site
5130,76,filterLoc,,
5130,77,evacuee,,Evacuee;456;in triage state;B;is at the evacuation site
5130,79,filterLoc,,
5130,80,evacuee,,Evacuee;455;in triage state;B;is at the evacuation site
5130,82,filterLoc,,
5130,83,evacuee,,Evacuee;448;in triage state;B;is at the evacuation site
5130,85,filterLoc,,
5130,86,evacuee,,Evacuee;445;in triage state;B;is at the evacuation site
5130,88,filterLoc,,
5130,89,evacuee,,Evacuee;442;in triage state;Y;is at the FOL
5130,91,filterLoc,,
5130,92,evacuee,,Evacuee;441;in triage state;G;is at the FOL
5130,94,filterLoc,,
5130,95,evacuee,,Evacuee;439;in triage state;G;is at the FOL
5130,97,filterLoc,,
5130,98,evacuee,,Evacuee;437;in triage state;G;is at the FOL
5130,100,filterLoc,,
5130,101,evacuee,,Evacuee;436;in triage state;G;is at the FOL
5130,103,filterLoc,,
5130,104,evacuee,,Evacuee;434;in triage state;B;is at the evacuation site
5130,106,filterLoc,,
5130,107,evacuee,,Evacuee;433;in triage state;B;is at the evacuation site
5130,109,filterLoc,,
5130,110,evacuee,,Evacuee;428;in triage state;B;is at the evacuation site
5130,112,filterLoc,,
5130,113,evacuee,,Evacuee;426;in triage state;B;is at the evacuation site
5130,115,filterLoc,,
5130,116,evacuee,,Evacuee;423;in triage state;B;is at the evacuation site
5130,118,filterLoc,,
5130,119,evacuee,,Evacuee;420;in triage state;B;is at the evacuation site
5130,121,filterLoc,,
5130,122,evacuee,,Evacuee;419;in triage state;B;is at the evacuation site
5130,124,filterLoc,,
5130,125,evacuee,,Evacuee;414;in triage state;B;is at the evacuation site
5130,127,filterLoc,,
5130,128,evacuee,,Evacuee;411;in triage state;B;is at the evacuation site
5130,130,filterLoc,,
5130,131,evacuee,,Evacuee;422;in triage state;B;is at the evacuation site
5130,133,filterLoc,,
5130,134,evacuee,,Evacuee;409;in triage state;B;is at the evacuation site
5130,136,filterLoc,,
5130,137,evacuee,,Evacuee;408;in triage state;B;is at the evacuation site
5130,139,filterLoc,,
5130,140,evacuee,,Evacuee;406;in triage state;B;is at the evacuation site
5130,142,filterLoc,,
5130,143,evacuee,,Evacuee;404;in triage state;B;is at the evacuation site
5130,145,filterLoc,,
5130,146,evacuee,,Evacuee;403;in triage state;B;is at the evacuation site
5130,148,filterLoc,,
5130,149,evacuee,,Evacuee;401;in triage state;B;is at the evacuation site
5130,151,filterLoc,,
5130,152,evacuee,,Evacuee;398;in triage state;B;is at the evacuation site
5130,154,filterLoc,,
5130,155,evacuee,,Evacuee;397;in triage state;B;is at the evacuation site
5130,157,filterLoc,,
5130,158,evacuee,,Evacuee;452;in triage state;B;is at the evacuation site
5130,160,filterLoc,,
5130,161,evacuee,,Evacuee;396;in triage state;G;is at the FOL
5130,163,filterLoc,,
5130,164,evacuee,,Evacuee;395;in triage state;G;is at the FOL
5130,166,filterLoc,,
5130,167,evacuee,,Evacuee;393;in triage state;G;is at the FOL
5130,169,filterLoc,,
5130,170,evacuee,,Evacuee;392;in triage state;G;is at the FOL
5130,172,filterLoc,,
5130,173,evacuee,,Evacuee;389;in triage state;G;is at the FOL
5130,175,filterLoc,,
5130,176,evacuee,,Evacuee;384;in triage state;B;is at the evacuation site
5130,178,filterLoc,,
5130,179,evacuee,,Evacuee;430;in triage state;B;is at the evacuation site
5130,181,filterLoc,,
5130,182,evacuee,,Evacuee;383;in triage state;B;is at the evacuation site
5130,184,filterLoc,,
5130,185,evacuee,,Evacuee;480;in triage state;B;is at the evacuation site
5130,187,filterLoc,,
5130,188,evacuee,,Evacuee;382;in triage state;B;is at the evacuation site
5130,190,filterLoc,,
5130,191,evacuee,,Evacuee;381;in triage state;B;is at the evacuation site
5130,193,filterLoc,,
5130,194,evacuee,,Evacuee;427;in triage state;B;is at the evacuation site
5130,196,filterLoc,,
5130,197,evacuee,,Evacuee;380;in triage state;B;is at the evacuation site
5130,199,filterLoc,,
5130,200,evacuee,,Evacuee;379;in triage state;B;is at the evacuation site
5130,202,filterLoc,,
5130,203,evacuee,,Evacuee;378;in triage state;B;is at the evacuation site
5130,205,filterLoc,,
5130,206,evacuee,,Evacuee;377;in triage state;B;is at the evacuation site
5130,208,filterLoc,,
5130,209,evacuee,,Evacuee;375;in triage state;B;is at the evacuation site
5130,211,filterLoc,,
5130,212,evacuee,,Evacuee;374;in triage state;B;is at the evacuation site
5130,214,filterLoc,,
5130,215,evacuee,,Evacuee;372;in triage state;B;is at the evacuation site
5130,217,filterLoc,,
5130,218,evacuee,,Evacuee;371;in triage state;B;is at the evacuation site
5130,219,FOL,,;EvacueeID;3;Triage Status;G;EvacueeID;5;Triage Status;G;EvacueeID;8;Triage Status;G;EvacueeID;12;Triage Status;G;EvacueeID;15;Triage Status;G;EvacueeID;21;Triage Status;G;EvacueeID;30;Triage Status;G;EvacueeID;31;Triage Status;G;EvacueeID;36;Triage Status;G;EvacueeID;38;Triage Status;G;EvacueeID;39;Triage Status;G;EvacueeID;42;Triage Status;G;EvacueeID;43;Triage Status;G;EvacueeID;46;Triage Status;G;EvacueeID;47;Triage Status;G;EvacueeID;51;Triage Status;G;EvacueeID;53;Triage Status;G;EvacueeID;56;Triage Status;G;EvacueeID;57;Triage Status;G;EvacueeID;59;Triage Status;G;EvacueeID;62;Triage Status;G;EvacueeID;66;Triage Status;G;EvacueeID;68;Triage Status;G;EvacueeID;72;Triage Status;G;EvacueeID;79;Triage Status;G;EvacueeID;80;Triage Status;G;EvacueeID;84;Triage Status;G;EvacueeID;86;Triage Status;G;EvacueeID;89;Triage Status;G;EvacueeID;91;Triage Status;G;EvacueeID;101;Triage Status;G;EvacueeID;103;Triage Status;G;EvacueeID;107;Triage Status;G;EvacueeID;110;Triage Status;G;EvacueeID;111;Triage Status;G;EvacueeID;115;Triage Status;G;EvacueeID;118;Triage Status;G;EvacueeID;124;Triage Status;G;EvacueeID;130;Triage Status;G;EvacueeID;132;Triage Status;G;EvacueeID;133;Triage Status;G;EvacueeID;134;Triage Status;G;EvacueeID;135;Triage Status;G;EvacueeID;140;Triage Status;G;EvacueeID;141;Triage Status;G;EvacueeID;143;Triage Status;G;EvacueeID;145;Triage Status;G;EvacueeID;146;Triage Status;G;EvacueeID;149;Triage Status;G;EvacueeID;151;Triage Status;G;EvacueeID;167;Triage Status;G;EvacueeID;168;Triage Status;G;EvacueeID;169;Triage Status;G;EvacueeID;172;Triage Status;G;EvacueeID;176;Triage Status;G;EvacueeID;193;Triage Status;G;EvacueeID;195;Triage Status;G;EvacueeID;196;Triage Status;G;EvacueeID;197;Triage Status;G;EvacueeID;198;Triage Status;G;EvacueeID;199;Triage Status;G;EvacueeID;208;Triage Status;G;EvacueeID;215;Triage Status;G;EvacueeID;216;Triage Status;G;EvacueeID;219;Triage Status;G;EvacueeID;221;Triage Status;G;EvacueeID;222;Triage Status;G;EvacueeID;223;Triage Status;G;EvacueeID;224;Triage Status;G;EvacueeID;228;Triage Status;G;EvacueeID;229;Triage Status;G;EvacueeID;230;Triage Status;G;EvacueeID;231;Triage Status;G;EvacueeID;240;Triage Status;G;EvacueeID;248;Triage Status;G;EvacueeID;254;Triage Status;G;EvacueeID;256;Triage Status;G;EvacueeID;257;Triage Status;G;EvacueeID;262;Triage Status;G;EvacueeID;264;Triage Status;G;EvacueeID;270;Triage Status;G;EvacueeID;272;Triage Status;G;EvacueeID;291;Triage Status;G;EvacueeID;292;Triage Status;G;EvacueeID;293;Triage Status;G;EvacueeID;296;Triage Status;G;EvacueeID;298;Triage Status;G;EvacueeID;301;Triage Status;G;EvacueeID;322;Triage Status;G;EvacueeID;325;Triage Status;G;EvacueeID;326;Triage Status;G;EvacueeID;339;Triage Status;G;EvacueeID;345;Triage Status;G;EvacueeID;362;Triage Status;G;EvacueeID;364;Triage Status;G;EvacueeID;365;Triage Status;G;EvacueeID;366;Triage Status;G;EvacueeID;367;Triage Status;G;EvacueeID;369;Triage Status;G;EvacueeID;389;Triage Status;G;EvacueeID;392;Triage Status;G;EvacueeID;393;Triage Status;G;EvacueeID;395;Triage Status;G;EvacueeID;396;Triage Status;G;EvacueeID;399;Triage Status;G;EvacueeID;407;Triage Status;G;EvacueeID;413;Triage Status;G;EvacueeID;425;Triage Status;G;EvacueeID;436;Triage Status;G;EvacueeID;437;Triage Status;G;EvacueeID;439;Triage Status;G;EvacueeID;441;Triage Status;G;EvacueeID;444;Triage Status;G;EvacueeID;450;Triage Status;G;EvacueeID;457;Triage Status;G;EvacueeID;466;Triage Status;G;EvacueeID;467;Triage Status;G;EvacueeID;469;Triage Status;G;EvacueeID;470;Triage Status;G;EvacueeID;473;Triage Status;G;EvacueeID;370;Triage Status;Y;EvacueeID;442;Triage Status;Y;Lives Saved;122
5130,221,filterLoc,,
5130,222,evacuee,,Evacuee;370;in triage state;Y;is at the FOL
5130,224,filterLoc,,
5130,225,evacuee,,Evacuee;457;in triage state;G;is at the FOL
5130,227,filterLoc,,
5130,228,evacuee,,Evacuee;369;in triage state;G;is at the FOL
5130,230,filterLoc,,
5130,231,evacuee,,Evacuee;366;in triage state;G;is at the FOL
5130,233,filterLoc,,
5130,234,evacuee,,Evacuee;362;in triage state;G;is at the FOL
5130,236,filterLoc,,
5130,237,evacuee,,Evacuee;425;in triage state;G;is at the FOL
5130,239,filterLoc,,
5130,240,evacuee,,Evacuee;360;in triage state;B;is at the evacuation site
5130,242,filterLoc,,
5130,243,evacuee,,Evacuee;357;in triage state;B;is at the evacuation site
5130,245,filterLoc,,
5130,246,evacuee,,Evacuee;354;in triage state;B;is at the evacuation site
5130,248,filterLoc,,
5130,249,evacuee,,Evacuee;353;in triage state;B;is at the evacuation site
5130,251,filterLoc,,
5130,252,evacuee,,Evacuee;351;in triage state;B;is at the evacuation site
5130,254,filterLoc,,
5130,255,evacuee,,Evacuee;349;in triage state;B;is at the evacuation site
5130,257,filterLoc,,
5130,258,evacuee,,Evacuee;348;in triage state;B;is at the evacuation site
5130,260,filterLoc,,
5130,261,evacuee,,Evacuee;346;in triage state;B;is at the evacuation site
5130,263,filterLoc,,
5130,264,evacuee,,Evacuee;341;in triage state;B;is at the evacuation site
5130,266,filterLoc,,
5130,267,evacuee,,Evacuee;340;in triage state;B;is at the evacuation site
5130,269,filterLoc,,
5130,270,evacuee,,Evacuee;338;in triage state;B;is at the evacuation site
5130,272,filterLoc,,
5130,273,evacuee,,Evacuee;335;in triage state;B;is at the evacuation site
5130,275,filterLoc,,
5130,276,evacuee,,Evacuee;331;in triage state;B;is at the evacuation site
5130,278,filterLoc,,
5130,279,evacuee,,Evacuee;503;in triage state;B;is at the evacuation site
5130,281,filterLoc,,
5130,282,evacuee,,Evacuee;330;in triage state;B;is at the evacuation site
5130,284,filterLoc,,
5130,285,evacuee,,Evacuee;328;in triage state;B;is at the evacuation site
5130,287,filterLoc,,
5130,288,evacuee,,Evacuee;327;in triage state;B;is at the evacuation site
5130,290,filterLoc,,
5130,291,evacuee,,Evacuee;410;in triage state;B;is at the evacuation site
5130,293,filterLoc,,
5130,294,evacuee,,Evacuee;326;in triage state;G;is at the FOL
5130,296,filterLoc,,
5130,297,evacuee,,Evacuee;466;in triage state;G;is at the FOL
5130,299,filterLoc,,
5130,300,evacuee,,Evacuee;325;in triage state;G;is at the FOL
5130,302,filterLoc,,
5130,303,evacuee,,Evacuee;365;in triage state;G;is at the FOL
5130,305,filterLoc,,
5130,306,evacuee,,Evacuee;322;in triage state;G;is at the FOL
5130,308,filterLoc,,
5130,309,evacuee,,Evacuee;321;in triage state;B;is at the evacuation site
5130,311,filterLoc,,
5130,312,evacuee,,Evacuee;319;in triage state;B;is at the evacuation site
5130,314,filterLoc,,
5130,315,evacuee,,Evacuee;318;in triage state;B;is at the evacuation site
5130,317,filterLoc,,
5130,318,evacuee,,Evacuee;317;in triage state;B;is at the evacuation site
5130,320,filterLoc,,
5130,321,evacuee,,Evacuee;460;in triage state;B;is at the evacuation site
5130,323,filterLoc,,
5130,324,evacuee,,Evacuee;316;in triage state;B;is at the evacuation site
5130,326,filterLoc,,
5130,327,evacuee,,Evacuee;446;in triage state;B;is at the evacuation site
5130,329,filterLoc,,
5130,330,evacuee,,Evacuee;313;in triage state;B;is at the evacuation site
5130,332,filterLoc,,
5130,333,evacuee,,Evacuee;443;in triage state;B;is at the evacuation site
5130,335,filterLoc,,
5130,336,evacuee,,Evacuee;312;in triage state;B;is at the evacuation site
5130,338,filterLoc,,
5130,339,evacuee,,Evacuee;309;in triage state;B;is at the evacuation site
5130,341,filterLoc,,
5130,342,evacuee,,Evacuee;306;in triage state;B;is at the evacuation site
5130,344,filterLoc,,
5130,345,evacuee,,Evacuee;305;in triage state;B;is at the evacuation site
5130,347,filterLoc,,
5130,348,evacuee,,Evacuee;303;in triage state;B;is at the evacuation site
5130,350,filterLoc,,
5130,351,evacuee,,Evacuee;295;in triage state;B;is at the evacuation site
5130,353,filterLoc,,
5130,354,evacuee,,Evacuee;352;in triage state;B;is at the evacuation site
5130,356,filterLoc,,
5130,357,evacuee,,Evacuee;293;in triage state;G;is at the FOL
5130,359,filterLoc,,
5130,360,evacuee,,Evacuee;488;in triage state;B;is at the evacuation site
5130,362,filterLoc,,
5130,363,evacuee,,Evacuee;413;in triage state;G;is at the FOL
5130,365,filterLoc,,
5130,366,evacuee,,Evacuee;292;in triage state;G;is at the FOL
5130,368,filterLoc,,
5130,369,evacuee,,Evacuee;291;in triage state;G;is at the FOL
5130,371,filterLoc,,
5130,372,evacuee,,Evacuee;290;in triage state;B;is at the evacuation site
5130,374,filterLoc,,
5130,375,evacuee,,Evacuee;350;in triage state;B;is at the evacuation site
5130,377,filterLoc,,
5130,378,evacuee,,Evacuee;288;in triage state;B;is at the evacuation site
5130,380,filterLoc,,
5130,381,evacuee,,Evacuee;287;in triage state;B;is at the evacuation site
5130,383,filterLoc,,
5130,384,evacuee,,Evacuee;415;in triage state;B;is at the evacuation site
5130,386,filterLoc,,
5130,387,evacuee,,Evacuee;376;in triage state;B;is at the evacuation site
5130,389,filterLoc,,
5130,390,evacuee,,Evacuee;284;in triage state;B;is at the evacuation site
5130,392,filterLoc,,
5130,393,evacuee,,Evacuee;283;in triage state;B;is at the evacuation site
5130,395,filterLoc,,
5130,396,evacuee,,Evacuee;282;in triage state;B;is at the evacuation site
5130,398,filterLoc,,
5130,399,evacuee,,Evacuee;281;in triage state;B;is at the evacuation site
5130,401,filterLoc,,
5130,402,evacuee,,Evacuee;280;in triage state;B;is at the evacuation site
5130,404,filterLoc,,
5130,405,evacuee,,Evacuee;333;in triage state;B;is at the evacuation site
5130,407,filterLoc,,
5130,408,evacuee,,Evacuee;279;in triage state;B;is at the evacuation site
5130,410,filterLoc,,
5130,411,evacuee,,Evacuee;278;in triage state;B;is at the evacuation site
5130,413,filterLoc,,
5130,414,evacuee,,Evacuee;277;in triage state;B;is at the evacuation site
5130,416,filterLoc,,
5130,417,evacuee,,Evacuee;315;in triage state;B;is at the evacuation site
5130,419,filterLoc,,
5130,420,evacuee,,Evacuee;274;in triage state;B;is at the evacuation site
5130,422,filterLoc,,
5130,423,evacuee,,Evacuee;273;in triage state;B;is at the evacuation site
5130,425,filterLoc,,
5130,426,evacuee,,Evacuee;337;in triage state;B;is at the evacuation site
5130,428,filterLoc,,
5130,429,evacuee,,Evacuee;301;in triage state;G;is at the FOL
5130,431,filterLoc,,
5130,432,evacuee,,Evacuee;272;in triage state;G;is at the FOL
5130,434,filterLoc,,
5130,435,evacuee,,Evacuee;270;in triage state;G;is at the FOL
5130,437,filterLoc,,
5130,438,evacuee,,Evacuee;264;in triage state;G;is at the FOL
5130,440,filterLoc,,
5130,441,evacuee,,Evacuee;262;in triage state;G;is at the FOL
5130,443,filterLoc,,
5130,444,evacuee,,Evacuee;260;in triage state;B;is at the evacuation site
5130,446,filterLoc,,
5130,447,evacuee,,Evacuee;259;in triage state;B;is at the evacuation site
5130,449,filterLoc,,
5130,450,evacuee,,Evacuee;125;in triage state;B;is at the evacuation site
5130,452,filterLoc,,
5130,453,evacuee,,Evacuee;114;in triage state;B;is at the evacuation site
5130,455,filterLoc,,
5130,456,evacuee,,Evacuee;289;in triage state;B;is at the evacuation site
5130,458,filterLoc,,
5130,459,evacuee,,Evacuee;88;in triage state;B;is at the evacuation site
5130,461,filterLoc,,
5130,462,evacuee,,Evacuee;449;in triage state;B;is at the evacuation site
5130,464,filterLoc,,
5130,465,evacuee,,Evacuee;122;in triage state;B;is at the evacuation site
5130,467,filterLoc,,
5130,468,evacuee,,Evacuee;108;in triage state;B;is at the evacuation site
5130,470,filterLoc,,
5130,471,evacuee,,Evacuee;276;in triage state;B;is at the evacuation site
5130,473,filterLoc,,
5130,474,evacuee,,Evacuee;121;in triage state;B;is at the evacuation site
5130,476,filterLoc,,
5130,477,evacuee,,Evacuee;386;in triage state;B;is at the evacuation site
5130,479,filterLoc,,
5130,480,evacuee,,Evacuee;117;in triage state;B;is at the evacuation site
5130,482,filterLoc,,
5130,483,evacuee,,Evacuee;192;in triage state;B;is at the evacuation site
5130,485,filterLoc,,
5130,486,evacuee,,Evacuee;432;in triage state;B;is at the evacuation site
5130,488,filterLoc,,
5130,489,evacuee,,Evacuee;245;in triage state;B;is at the evacuation site
5130,491,filterLoc,,
5130,492,evacuee,,Evacuee;310;in triage state;B;is at the evacuation site
5130,494,filterLoc,,
5130,495,evacuee,,Evacuee;118;in triage state;G;is at the FOL
5130,497,filterLoc,,
5130,498,evacuee,,Evacuee;502;in triage state;B;is at the evacuation site
5130,500,filterLoc,,
5130,501,evacuee,,Evacuee;491;in triage state;B;is at the evacuation site
5130,503,filterLoc,,
5130,504,evacuee,,Evacuee;470;in triage state;G;is at the FOL
5130,506,filterLoc,,
5130,507,evacuee,,Evacuee;469;in triage state;G;is at the FOL
5130,509,filterLoc,,
5130,510,evacuee,,Evacuee;215;in triage state;G;is at the FOL
5130,512,filterLoc,,
5130,513,evacuee,,Evacuee;345;in triage state;G;is at the FOL
5130,515,filterLoc,,
5130,516,evacuee,,Evacuee;302;in triage state;B;is at the evacuation site
5130,518,filterLoc,,
5130,519,evacuee,,Evacuee;112;in triage state;B;is at the evacuation site
5130,521,filterLoc,,
5130,522,evacuee,,Evacuee;299;in triage state;B;is at the evacuation site
5130,524,filterLoc,,
5130,525,evacuee,,Evacuee;109;in triage state;B;is at the evacuation site
5130,527,filterLoc,,
5130,528,evacuee,,Evacuee;373;in triage state;B;is at the evacuation site
5130,530,filterLoc,,
5130,531,evacuee,,Evacuee;358;in triage state;B;is at the evacuation site
5130,533,filterLoc,,
5130,534,evacuee,,Evacuee;188;in triage state;B;is at the evacuation site
5130,536,filterLoc,,
5130,537,evacuee,,Evacuee;106;in triage state;B;is at the evacuation site
5130,539,filterLoc,,
5130,540,evacuee,,Evacuee;311;in triage state;B;is at the evacuation site
5130,542,filterLoc,,
5130,543,evacuee,,Evacuee;148;in triage state;B;is at the evacuation site
5130,545,filterLoc,,
5130,546,evacuee,,Evacuee;235;in triage state;B;is at the evacuation site
5130,548,filterLoc,,
5130,549,evacuee,,Evacuee;105;in triage state;B;is at the evacuation site
5130,551,filterLoc,,
5130,552,evacuee,,Evacuee;424;in triage state;B;is at the evacuation site
5130,554,filterLoc,,
5130,555,evacuee,,Evacuee;269;in triage state;B;is at the evacuation site
5130,557,filterLoc,,
5130,558,evacuee,,Evacuee;103;in triage state;G;is at the FOL
5130,560,filterLoc,,
5130,561,evacuee,,Evacuee;124;in triage state;G;is at the FOL
5130,563,filterLoc,,
5130,564,evacuee,,Evacuee;111;in triage state;G;is at the FOL
5130,566,filterLoc,,
5130,567,evacuee,,Evacuee;39;in triage state;G;is at the FOL
5130,569,filterLoc,,
5130,570,evacuee,,Evacuee;228;in triage state;G;is at the FOL
5130,572,filterLoc,,
5130,573,evacuee,,Evacuee;497;in triage state;B;is at the evacuation site
5130,575,filterLoc,,
5130,576,evacuee,,Evacuee;101;in triage state;G;is at the FOL
5130,578,filterLoc,,
5130,579,evacuee,,Evacuee;142;in triage state;B;is at the evacuation site
5130,581,filterLoc,,
5130,582,evacuee,,Evacuee;99;in triage state;B;is at the evacuation site
5130,584,filterLoc,,
5130,585,evacuee,,Evacuee;485;in triage state;B;is at the evacuation site
5130,587,filterLoc,,
5130,588,evacuee,,Evacuee;324;in triage state;B;is at the evacuation site
5130,590,filterLoc,,
5130,591,evacuee,,Evacuee;95;in triage state;B;is at the evacuation site
5130,593,filterLoc,,
5130,594,evacuee,,Evacuee;447;in triage state;B;is at the evacuation site
5130,596,filterLoc,,
5130,597,evacuee,,Evacuee;361;in triage state;B;is at the evacuation site
5130,599,filterLoc,,
5130,600,evacuee,,Evacuee;342;in triage state;B;is at the evacuation site
5130,602,filterLoc,,
5130,603,evacuee,,Evacuee;93;in triage state;B;is at the evacuation site
5130,605,filterLoc,,
5130,606,evacuee,,Evacuee;136;in triage state;B;is at the evacuation site
5130,608,filterLoc,,
5130,609,evacuee,,Evacuee;412;in triage state;B;is at the evacuation site
5130,611,filterLoc,,
5130,612,evacuee,,Evacuee;90;in triage state;B;is at the evacuation site
5130,614,filterLoc,,
5130,615,evacuee,,Evacuee;83;in triage state;B;is at the evacuation site
5130,617,filterLoc,,
5130,618,evacuee,,Evacuee;127;in triage state;B;is at the evacuation site
5130,620,filterLoc,,
5130,621,evacuee,,Evacuee;49;in triage state;B;is at the evacuation site
5130,623,filterLoc,,
5130,624,evacuee,,Evacuee;87;in triage state;B;is at the evacuation site
5130,626,filterLoc,,
5130,627,evacuee,,Evacuee;297;in triage state;B;is at the evacuation site
5130,629,filterLoc,,
5130,630,evacuee,,Evacuee;86;in triage state;G;is at the FOL
5130,632,filterLoc,,
5130,633,evacuee,,Evacuee;51;in triage state;G;is at the FOL
5130,635,filterLoc,,
5130,636,evacuee,,Evacuee;444;in triage state;G;is at the FOL
5130,638,filterLoc,,
5130,639,evacuee,,Evacuee;80;in triage state;G;is at the FOL
5130,641,filterLoc,,
5130,642,evacuee,,Evacuee;79;in triage state;G;is at the FOL
5130,644,filterLoc,,
5130,645,evacuee,,Evacuee;115;in triage state;G;is at the FOL
5130,647,filterLoc,,
5130,648,evacuee,,Evacuee;98;in triage state;B;is at the evacuation site
5130,650,filterLoc,,
5130,651,evacuee,,Evacuee;356;in triage state;B;is at the evacuation site
5130,653,filterLoc,,
5130,654,evacuee,,Evacuee;78;in triage state;B;is at the evacuation site
5130,656,filterLoc,,
5130,657,evacuee,,Evacuee;213;in triage state;B;is at the evacuation site
5130,659,filterLoc,,
5130,660,evacuee,,Evacuee;344;in triage state;B;is at the evacuation site
5130,662,filterLoc,,
5130,663,evacuee,,Evacuee;77;in triage state;B;is at the evacuation site
5130,665,filterLoc,,
5130,666,evacuee,,Evacuee;156;in triage state;B;is at the evacuation site
5130,668,filterLoc,,
5130,669,evacuee,,Evacuee;300;in triage state;B;is at the evacuation site
5130,671,filterLoc,,
5130,672,evacuee,,Evacuee;165;in triage state;B;is at the evacuation site
5130,674,filterLoc,,
5130,675,evacuee,,Evacuee;454;in triage state;B;is at the evacuation site
5130,677,filterLoc,,
5130,678,evacuee,,Evacuee;440;in triage state;B;is at the evacuation site
5130,680,filterLoc,,
5130,681,evacuee,,Evacuee;76;in triage state;B;is at the evacuation site
5130,683,filterLoc,,
5130,684,evacuee,,Evacuee;431;in triage state;B;is at the evacuation site
5130,686,filterLoc,,
5130,687,evacuee,,Evacuee;74;in triage state;B;is at the evacuation site
5130,689,filterLoc,,
5130,690,evacuee,,Evacuee;363;in triage state;B;is at the evacuation site
5130,692,filterLoc,,
5130,693,evacuee,,Evacuee;251;in triage state;B;is at the evacuation site
5130,695,filterLoc,,
5130,696,evacuee,,Evacuee;128;in triage state;B;is at the evacuation site
5130,698,filterLoc,,
5130,699,evacuee,,Evacuee;134;in triage state;G;is at the FOL
5130,701,filterLoc,,
5130,702,evacuee,,Evacuee;199;in triage state;G;is at the FOL
5130,704,filterLoc,,
5130,705,evacuee,,Evacuee;66;in triage state;G;is at the FOL
5130,707,filterLoc,,
5130,708,evacuee,,Evacuee;62;in triage state;G;is at the FOL
5130,710,filterLoc,,
5130,711,evacuee,,Evacuee;223;in triage state;G;is at the FOL
5130,713,filterLoc,,
5130,714,evacuee,,Evacuee;135;in triage state;G;is at the FOL
5130,716,filterLoc,,
5130,717,evacuee,,Evacuee;15;in triage state;G;is at the FOL
5130,719,filterLoc,,
5130,720,evacuee,,Evacuee;474;in triage state;B;is at the evacuation site
5130,722,filterLoc,,
5130,723,evacuee,,Evacuee;17;in triage state;B;is at the evacuation site
5130,725,filterLoc,,
5130,726,evacuee,,Evacuee;481;in triage state;B;is at the evacuation site
5130,728,filterLoc,,
5130,729,evacuee,,Evacuee;179;in triage state;B;is at the evacuation site
5130,731,filterLoc,,
5130,732,evacuee,,Evacuee;147;in triage state;B;is at the evacuation site
5130,734,filterLoc,,
5130,735,evacuee,,Evacuee;65;in triage state;B;is at the evacuation site
5130,737,filterLoc,,
5130,738,evacuee,,Evacuee;14;in triage state;B;is at the evacuation site
5130,740,filterLoc,,
5130,741,evacuee,,Evacuee;218;in triage state;B;is at the evacuation site
5130,743,filterLoc,,
5130,744,evacuee,,Evacuee;2;in triage state;B;is at the evacuation site
5130,746,filterLoc,,
5130,747,evacuee,,Evacuee;33;in triage state;B;is at the evacuation site
5130,749,filterLoc,,
5130,750,evacuee,,Evacuee;271;in triage state;B;is at the evacuation site
5130,752,filterLoc,,
5130,753,evacuee,,Evacuee;9;in triage state;B;is at the evacuation site
5130,755,filterLoc,,
5130,756,evacuee,,Evacuee;25;in triage state;B;is at the evacuation site
5130,758,filterLoc,,
5130,759,evacuee,,Evacuee;334;in triage state;B;is at the evacuation site
5130,761,filterLoc,,
5130,762,evacuee,,Evacuee;70;in triage state;B;is at the evacuation site
5130,764,filterLoc,,
5130,765,evacuee,,Evacuee;5;in triage state;G;is at the FOL
5130,767,filterLoc,,
5130,768,evacuee,,Evacuee;250;in triage state;B;is at the evacuation site
5130,770,filterLoc,,
5130,771,evacuee,,Evacuee;107;in triage state;G;is at the FOL
5130,773,filterLoc,,
5130,774,evacuee,,Evacuee;229;in triage state;G;is at the FOL
5130,776,filterLoc,,
5130,777,evacuee,,Evacuee;110;in triage state;G;is at the FOL
5130,779,filterLoc,,
5130,780,evacuee,,Evacuee;141;in triage state;G;is at the FOL
5130,782,filterLoc,,
5130,783,evacuee,,Evacuee;133;in triage state;G;is at the FOL
5130,785,filterLoc,,
5130,786,evacuee,,Evacuee;493;in triage state;B;is at the evacuation site
5130,788,filterLoc,,
5130,789,evacuee,,Evacuee;473;in triage state;G;is at the FOL
5130,791,filterLoc,,
5130,792,evacuee,,Evacuee;400;in triage state;B;is at the evacuation site
5130,794,filterLoc,,
5130,795,evacuee,,Evacuee;268;in triage state;B;is at the evacuation site
5130,797,filterLoc,,
5130,798,evacuee,,Evacuee;100;in triage state;B;is at the evacuation site
5130,800,filterLoc,,
5130,801,evacuee,,Evacuee;29;in triage state;B;is at the evacuation site
5130,803,filterLoc,,
5130,804,evacuee,,Evacuee;158;in triage state;B;is at the evacuation site
5130,806,filterLoc,,
5130,807,evacuee,,Evacuee;187;in triage state;B;is at the evacuation site
5130,809,filterLoc,,
5130,810,evacuee,,Evacuee;85;in triage state;B;is at the evacuation site
5130,812,filterLoc,,
5130,813,evacuee,,Evacuee;487;in triage state;B;is at the evacuation site
5130,815,filterLoc,,
5130,816,evacuee,,Evacuee;71;in triage state;B;is at the evacuation site
5130,818,filterLoc,,
5130,819,evacuee,,Evacuee;332;in triage state;B;is at the evacuation site
5130,821,filterLoc,,
5130,822,evacuee,,Evacuee;81;in triage state;B;is at the evacuation site
5130,824,filterLoc,,
5130,825,evacuee,,Evacuee;104;in triage state;B;is at the evacuation site
5130,827,filterLoc,,
5130,828,evacuee,,Evacuee;40;in triage state;B;is at the evacuation site
5130,830,filterLoc,,
5130,831,evacuee,,Evacuee;97;in triage state;B;is at the evacuation site
5130,833,filterLoc,,
5130,834,evacuee,,Evacuee;453;in triage state;B;is at the evacuation site
5130,836,filterLoc,,
5130,837,evacuee,,Evacuee;285;in triage state;B;is at the evacuation site
5130,839,filterLoc,,
5130,840,evacuee,,Evacuee;89;in triage state;G;is at the FOL
5130,842,filterLoc,,
5130,843,evacuee,,Evacuee;394;in triage state;B;is at the evacuation site
5130,845,filterLoc,,
5130,846,evacuee,,Evacuee;240;in triage state;G;is at the FOL
5130,848,filterLoc,,
5130,849,evacuee,,Evacuee;8;in triage state;G;is at the FOL
5130,851,filterLoc,,
5130,852,evacuee,,Evacuee;3;in triage state;G;is at the FOL
5130,854,filterLoc,,
5130,855,evacuee,,Evacuee;172;in triage state;G;is at the FOL
5130,857,filterLoc,,
5130,858,evacuee,,Evacuee;256;in triage state;G;is at the FOL
5130,860,filterLoc,,
5130,861,evacuee,,Evacuee;347;in triage state;B;is at the evacuation site
5130,863,filterLoc,,
5130,864,evacuee,,Evacuee;82;in triage state;B;is at the evacuation site
5130,866,filterLoc,,
5130,867,evacuee,,Evacuee;54;in triage state;B;is at the evacuation site
5130,869,filterLoc,,
5130,870,evacuee,,Evacuee;368;in triage state;B;is at the evacuation site
5130,872,filterLoc,,
5130,873,evacuee,,Evacuee;4;in triage state;B;is at the evacuation site
5130,875,filterLoc,,
5130,876,evacuee,,Evacuee;18;in triage state;B;is at the evacuation site
5130,878,filterLoc,,
5130,879,evacuee,,Evacuee;387;in triage state;B;is at the evacuation site
5130,881,filterLoc,,
5130,882,evacuee,,Evacuee;246;in triage state;B;is at the evacuation site
5130,884,filterLoc,,
5130,885,evacuee,,Evacuee;22;in triage state;B;is at the evacuation site
5130,887,filterLoc,,
5130,888,evacuee,,Evacuee;92;in triage state;B;is at the evacuation site
5130,890,filterLoc,,
5130,891,evacuee,,Evacuee;44;in triage state;B;is at the evacuation site
5130,893,filterLoc,,
5130,894,evacuee,,Evacuee;150;in triage state;B;is at the evacuation site
5130,896,filterLoc,,
5130,897,evacuee,,Evacuee;119;in triage state;B;is at the evacuation site
5130,899,filterLoc,,
5130,900,evacuee,,Evacuee;6;in triage state;B;is at the evacuation site
5130,902,filterLoc,,
5130,903,evacuee,,Evacuee;173;in triage state;B;is at the evacuation site
5130,905,filterLoc,,
5130,906,evacuee,,Evacuee;157;in triage state;B;is at the evacuation site
5130,908,filterLoc,,
5130,909,evacuee,,Evacuee;451;in triage state;B;is at the evacuation site
5130,911,filterLoc,,
5130,912,evacuee,,Evacuee;359;in triage state;B;is at the evacuation site
5130,914,filterLoc,,
5130,915,evacuee,,Evacuee;286;in triage state;B;is at the evacuation site
5130,917,filterLoc,,
5130,918,evacuee,,Evacuee;196;in triage state;G;is at the FOL
5130,920,filterLoc,,
5130,921,evacuee,,Evacuee;407;in triage state;G;is at the FOL
5130,923,filterLoc,,
5130,924,evacuee,,Evacuee;132;in triage state;G;is at the FOL
5130,926,filterLoc,,
5130,927,evacuee,,Evacuee;31;in triage state;G;is at the FOL
5130,929,filterLoc,,
5130,930,evacuee,,Evacuee;38;in triage state;G;is at the FOL
5130,932,filterLoc,,
5130,933,evacuee,,Evacuee;10;in triage state;B;is at the evacuation site
5130,935,filterLoc,,
5130,936,evacuee,,Evacuee;26;in triage state;B;is at the evacuation site
5130,938,filterLoc,,
5130,939,evacuee,,Evacuee;343;in triage state;B;is at the evacuation site
5130,941,filterLoc,,
5130,942,evacuee,,Evacuee;241;in triage state;B;is at the evacuation site
5130,944,filterLoc,,
5130,945,evacuee,,Evacuee;418;in triage state;B;is at the evacuation site
5130,947,filterLoc,,
5130,948,evacuee,,Evacuee;75;in triage state;B;is at the evacuation site
5130,950,filterLoc,,
5130,951,evacuee,,Evacuee;37;in triage state;B;is at the evacuation site
5130,953,filterLoc,,
5130,954,evacuee,,Evacuee;496;in triage state;B;is at the evacuation site
5130,956,filterLoc,,
5130,957,evacuee,,Evacuee;209;in triage state;B;is at the evacuation site
5130,959,filterLoc,,
5130,960,evacuee,,Evacuee;402;in triage state;B;is at the evacuation site
5130,962,filterLoc,,
5130,963,evacuee,,Evacuee;320;in triage state;B;is at the evacuation site
5130,965,filterLoc,,
5130,966,evacuee,,Evacuee;116;in triage state;B;is at the evacuation site
5130,968,filterLoc,,
5130,969,evacuee,,Evacuee;61;in triage state;B;is at the evacuation site
5130,971,filterLoc,,
5130,972,evacuee,,Evacuee;52;in triage state;B;is at the evacuation site
5130,974,filterLoc,,
5130,975,evacuee,,Evacuee;41;in triage state;B;is at the evacuation site
5130,977,filterLoc,,
5130,978,evacuee,,Evacuee;304;in triage state;B;is at the evacuation site
5130,980,filterLoc,,
5130,981,evacuee,,Evacuee;154;in triage state;B;is at the evacuation site
5130,983,filterLoc,,
5130,984,evacuee,,Evacuee;421;in triage state;B;is at the evacuation site
5130,986,filterLoc,,
5130,987,evacuee,,Evacuee;405;in triage state;B;is at the evacuation site
5130,989,filterLoc,,
5130,990,evacuee,,Evacuee;21;in triage state;G;is at the FOL
5130,992,filterLoc,,
5130,993,evacuee,,Evacuee;68;in triage state;G;is at the FOL
5130,995,filterLoc,,
5130,996,evacuee,,Evacuee;72;in triage state;G;is at the FOL
5130,998,filterLoc,,
5130,999,evacuee,,Evacuee;46;in triage state;G;is at the FOL
5130,1001,filterLoc,,
5130,1002,evacuee,,Evacuee;53;in triage state;G;is at the FOL
5130,1004,filterLoc,,
5130,1005,evacuee,,Evacuee;220;in triage state;B;is at the evacuation site
5130,1007,filterLoc,,
5130,1008,evacuee,,Evacuee;355;in triage state;B;is at the evacuation site
5130,1010,filterLoc,,
5130,1011,evacuee,,Evacuee;23;in triage state;B;is at the evacuation site
5130,1013,filterLoc,,
5130,1014,evacuee,,Evacuee;200;in triage state;B;is at the evacuation site
5130,1016,filterLoc,,
5130,1017,evacuee,,Evacuee;255;in triage state;B;is at the evacuation site
5130,1019,filterLoc,,
5130,1020,evacuee,,Evacuee;13;in triage state;B;is at the evacuation site
5130,1022,filterLoc,,
5130,1023,evacuee,,Evacuee;24;in triage state;B;is at the evacuation site
5130,1025,filterLoc,,
5130,1026,evacuee,,Evacuee;32;in triage state;B;is at the evacuation site
5130,1028,filterLoc,,
5130,1029,evacuee,,Evacuee;34;in triage state;B;is at the evacuation site
5130,1031,filterLoc,,
5130,1032,evacuee,,Evacuee;64;in triage state;B;is at the evacuation site
5130,1034,filterLoc,,
5130,1035,evacuee,,Evacuee;429;in triage state;B;is at the evacuation site
5130,1037,filterLoc,,
5130,1038,evacuee,,Evacuee;102;in triage state;B;is at the evacuation site
5130,1040,filterLoc,,
5130,1041,evacuee,,Evacuee;160;in triage state;B;is at the evacuation site
5130,1043,filterLoc,,
5130,1044,evacuee,,Evacuee;20;in triage state;B;is at the evacuation site
5130,1046,filterLoc,,
5130,1047,evacuee,,Evacuee;35;in triage state;B;is at the evacuation site
5130,1049,filterLoc,,
5130,1050,evacuee,,Evacuee;155;in triage state;B;is at the evacuation site
5130,1052,filterLoc,,
5130,1053,evacuee,,Evacuee;36;in triage state;G;is at the FOL
5130,1055,filterLoc,,
5130,1056,evacuee,,Evacuee;198;in triage state;G;is at the FOL
5130,1058,filterLoc,,
5130,1059,evacuee,,Evacuee;84;in triage state;G;is at the FOL
5130,1061,filterLoc,,
5130,1062,evacuee,,Evacuee;42;in triage state;G;is at the FOL
5130,1064,filterLoc,,
5130,1065,evacuee,,Evacuee;91;in triage state;G;is at the FOL
5130,1067,filterLoc,,
5130,1068,evacuee,,Evacuee;43;in triage state;G;is at the FOL
5130,1070,filterLoc,,
5130,1071,evacuee,,Evacuee;30;in triage state;G;is at the FOL
5130,1073,filterLoc,,
5130,1074,evacuee,,Evacuee;336;in triage state;B;is at the evacuation site
5130,1076,filterLoc,,
5130,1077,evacuee,,Evacuee;307;in triage state;B;is at the evacuation site
5130,1079,filterLoc,,
5130,1080,evacuee,,Evacuee;212;in triage state;B;is at the evacuation site
5130,1082,filterLoc,,
5130,1083,evacuee,,Evacuee;391;in triage state;B;is at the evacuation site
5130,1085,filterLoc,,
5130,1086,evacuee,,Evacuee;388;in triage state;B;is at the evacuation site
5130,1088,filterLoc,,
5130,1089,evacuee,,Evacuee;55;in triage state;B;is at the evacuation site
5130,1091,filterLoc,,
5130,1092,evacuee,,Evacuee;48;in triage state;B;is at the evacuation site
5130,1094,filterLoc,,
5130,1095,evacuee,,Evacuee;144;in triage state;B;is at the evacuation site
5130,1097,filterLoc,,
5130,1098,evacuee,,Evacuee;50;in triage state;B;is at the evacuation site
5130,1100,filterLoc,,
5130,1101,evacuee,,Evacuee;19;in triage state;B;is at the evacuation site
5130,1103,filterLoc,,
5130,1104,evacuee,,Evacuee;182;in triage state;B;is at the evacuation site
5130,1106,filterLoc,,
5130,1107,evacuee,,Evacuee;490;in triage state;B;is at the evacuation site
5130,1109,filterLoc,,
5130,1110,evacuee,,Evacuee;266;in triage state;B;is at the evacuation site
5130,1112,filterLoc,,
5130,1113,evacuee,,Evacuee;120;in triage state;B;is at the evacuation site
5130,1115,filterLoc,,
5130,1116,evacuee,,Evacuee;94;in triage state;B;is at the evacuation site
5130,1118,filterLoc,,
5130,1119,evacuee,,Evacuee;63;in triage state;B;is at the evacuation site
5130,1121,filterLoc,,
5130,1122,evacuee,,Evacuee;175;in triage state;B;is at the evacuation site
5130,1124,filterLoc,,
5130,1125,evacuee,,Evacuee;47;in triage state;G;is at the FOL
5130,1127,filterLoc,,
5130,1128,evacuee,,Evacuee;56;in triage state;G;is at the FOL
5130,1130,filterLoc,,
5130,1131,evacuee,,Evacuee;367;in triage state;G;is at the FOL
5130,1133,filterLoc,,
5130,1134,evacuee,,Evacuee;364;in triage state;G;is at the FOL
5130,1136,filterLoc,,
5130,1137,evacuee,,Evacuee;208;in triage state;G;is at the FOL
5130,1139,filterLoc,,
5130,1140,evacuee,,Evacuee;57;in triage state;G;is at the FOL
5130,1142,filterLoc,,
5130,1143,evacuee,,Evacuee;231;in triage state;G;is at the FOL
5130,1145,filterLoc,,
5130,1146,evacuee,,Evacuee;261;in triage state;B;is at the evacuation site
5130,1148,filterLoc,,
5130,1149,evacuee,,Evacuee;45;in triage state;B;is at the evacuation site
5130,1151,filterEvac,,
5130,1152,filterES,,
5130,1153,helicopter,,Helicopter;1;is unloading people at the FOL;;and has;0;spots taken
5130,1155,filterLoc,,
5130,1156,evacuee,,Evacuee;263;in triage state;B;is at the evacuation site
5130,1158,filterLoc,,
5130,1159,evacuee,,Evacuee;190;in triage state;B;is at the evacuation site
5130,1161,filterLoc,,
5130,1162,evacuee,,Evacuee;465;in triage state;B;is at the evacuation site
5130,1164,filterLoc,,
5130,1165,evacuee,,Evacuee;60;in triage state;B;is at the evacuation site
5130,1167,filterLoc,,
5130,1168,evacuee,,Evacuee;385;in triage state;B;is at the evacuation site
5130,1170,filterLoc,,
5130,1171,evacuee,,Evacuee;181;in triage state;B;is at the evacuation site
5130,1173,filterLoc,,
5130,1174,evacuee,,Evacuee;416;in triage state;B;is at the evacuation site
5130,1176,filterLoc,,
5130,1177,evacuee,,Evacuee;129;in triage state;B;is at the evacuation site
5130,1179,filterLoc,,
5130,1180,evacuee,,Evacuee;308;in triage state;B;is at the evacuation site
5130,1182,filterLoc,,
5130,1183,evacuee,,Evacuee;131;in triage state;B;is at the evacuation site
5130,1185,filterLoc,,
5130,1186,evacuee,,Evacuee;137;in triage state;B;is at the evacuation site
5130,1188,filterLoc,,
5130,1189,evacuee,,Evacuee;138;in triage state;B;is at the evacuation site
5130,1191,filterLoc,,
5130,1192,evacuee,,Evacuee;265;in triage state;B;is at the evacuation site
5130,1194,filterLoc,,
5130,1195,evacuee,,Evacuee;139;in triage state;B;is at the evacuation site
5130,1197,filterLoc,,
5130,1198,evacuee,,Evacuee;194;in triage state;B;is at the evacuation site
5130,1200,filterLoc,,
5130,1201,evacuee,,Evacuee;140;in triage state;G;is at the FOL
5130,1203,filterLoc,,
5130,1204,evacuee,,Evacuee;130;in triage state;G;is at the FOL
5130,1206,filterLoc,,
5130,1207,evacuee,,Evacuee;143;in triage state;G;is at the FOL
5130,1209,filterLoc,,
5130,1210,evacuee,,Evacuee;149;in triage state;G;is at the FOL
5130,1212,filterLoc,,
5130,1213,evacuee,,Evacuee;296;in triage state;G;is at the FOL
5130,1215,filterLoc,,
5130,1216,evacuee,,Evacuee;151;in triage state;G;is at the FOL
5130,1218,filterLoc,,
5130,1219,evacuee,,Evacuee;222;in triage state;G;is at the FOL
5130,1221,filterLoc,,
5130,1222,evacuee,,Evacuee;152;in triage state;B;is at the evacuation site
5130,1224,filterLoc,,
5130,1225,evacuee,,Evacuee;153;in triage state;B;is at the evacuation site
5130,1227,filterLoc,,
5130,1228,evacuee,,Evacuee;67;in triage state;B;is at the evacuation site
5130,1230,filterLoc,,
5130,1231,evacuee,,Evacuee;123;in triage state;B;is at the evacuation site
5130,1233,filterLoc,,
5130,1234,evacuee,,Evacuee;159;in triage state;B;is at the evacuation site
5130,1236,filterLoc,,
5130,1237,evacuee,,Evacuee;161;in triage state;B;is at the evacuation site
5130,1239,filterLoc,,
5130,1240,evacuee,,Evacuee;28;in triage state;B;is at the evacuation site
5130,1242,filterLoc,,
5130,1243,evacuee,,Evacuee;126;in triage state;B;is at the evacuation site
5130,1245,filterLoc,,
5130,1246,evacuee,,Evacuee;234;in triage state;B;is at the evacuation site
5130,1248,filterLoc,,
5130,1249,evacuee,,Evacuee;162;in triage state;B;is at the evacuation site
5130,1251,filterLoc,,
5130,1252,evacuee,,Evacuee;163;in triage state;B;is at the evacuation site
5130,1254,filterLoc,,
5130,1255,evacuee,,Evacuee;166;in triage state;B;is at the evacuation site
5130,1257,filterLoc,,
5130,1258,evacuee,,Evacuee;16;in triage state;B;is at the evacuation site
5130,1260,filterLoc,,
5130,1261,evacuee,,Evacuee;242;in triage state;B;is at the evacuation site
5130,1263,filterLoc,,
5130,1264,evacuee,,Evacuee;178;in triage state;B;is at the evacuation site
5130,1266,filterLoc,,
5130,1267,evacuee,,Evacuee;438;in triage state;B;is at the evacuation site
5130,1269,filterLoc,,
5130,1270,evacuee,,Evacuee;146;in triage state;G;is at the FOL
5130,1272,filterLoc,,
5130,1273,evacuee,,Evacuee;167;in triage state;G;is at the FOL
5130,1275,filterLoc,,
5130,1276,evacuee,,Evacuee;145;in triage state;G;is at the FOL
5130,1278,filterLoc,,
5130,1279,evacuee,,Evacuee;168;in triage state;G;is at the FOL
5130,1281,filterLoc,,
5130,1282,evacuee,,Evacuee;176;in triage state;G;is at the FOL
5130,1284,filterLoc,,
5130,1285,evacuee,,Evacuee;230;in triage state;G;is at the FOL
5130,1287,filterLoc,,
5130,1288,evacuee,,Evacuee;169;in triage state;G;is at the FOL
5130,1290,filterLoc,,
5130,1291,evacuee,,Evacuee;170;in triage state;B;is at the evacuation site
5130,1293,filterLoc,,
5130,1294,evacuee,,Evacuee;171;in triage state;B;is at the evacuation site
5130,1296,filterLoc,,
5130,1297,evacuee,,Evacuee;174;in triage state;B;is at the evacuation site
5130,1299,filterLoc,,
5130,1300,evacuee,,Evacuee;177;in triage state;B;is at the evacuation site
5130,1302,filterLoc,,
5130,1303,evacuee,,Evacuee;435;in triage state;B;is at the evacuation site
5130,1305,filterLoc,,
5130,1306,evacuee,,Evacuee;58;in triage state;B;is at the evacuation site
5130,1308,filterLoc,,
5130,1309,evacuee,,Evacuee;203;in triage state;B;is at the evacuation site
5130,1311,filterLoc,,
5130,1312,evacuee,,Evacuee;232;in triage state;B;is at the evacuation site
5130,1314,filterLoc,,
5130,1315,evacuee,,Evacuee;183;in triage state;B;is at the evacuation site
5130,1317,filterLoc,,
5130,1318,evacuee,,Evacuee;184;in triage state;B;is at the evacuation site
5130,1320,filterLoc,,
5130,1321,evacuee,,Evacuee;185;in triage state;B;is at the evacuation site
5130,1323,filterLoc,,
5130,1324,evacuee,,Evacuee;186;in triage state;B;is at the evacuation site
5130,1326,filterLoc,,
5130,1327,evacuee,,Evacuee;417;in triage state;B;is at the evacuation site
5130,1329,filterLoc,,
5130,1330,evacuee,,Evacuee;217;in triage state;B;is at the evacuation site
5130,1332,filterLoc,,
5130,1333,evacuee,,Evacuee;189;in triage state;B;is at the evacuation site
5130,1335,filterLoc,,
5130,1336,evacuee,,Evacuee;253;in triage state;B;is at the evacuation site
5130,1338,filterLoc,,
5130,1339,evacuee,,Evacuee;191;in triage state;B;is at the evacuation site
5130,1341,filterLoc,,
5130,1342,evacuee,,Evacuee;314;in triage state;B;is at the evacuation site
5130,1344,filterLoc,,
5130,1345,evacuee,,Evacuee;249;in triage state;B;is at the evacuation site
5130,1347,filterLoc,,
5130,1348,evacuee,,Evacuee;193;in triage state;G;is at the FOL
5130,1350,filterLoc,,
5130,1351,evacuee,,Evacuee;195;in triage state;G;is at the FOL
5130,1353,filterLoc,,
5130,1354,evacuee,,Evacuee;399;in triage state;G;is at the FOL
5130,1356,filterLoc,,
5130,1357,evacuee,,Evacuee;197;in triage state;G;is at the FOL
5130,1359,filterLoc,,
5130,1360,evacuee,,Evacuee;450;in triage state;G;is at the FOL
5130,1362,filterLoc,,
5130,1363,evacuee,,Evacuee;252;in triage state;B;is at the evacuation site
5130,1365,filterLoc,,
5130,1366,evacuee,,Evacuee;329;in triage state;B;is at the evacuation site
5130,1368,filterLoc,,
5130,1369,evacuee,,Evacuee;201;in triage state;B;is at the evacuation site
5130,1371,filterLoc,,
5130,1372,evacuee,,Evacuee;11;in triage state;B;is at the evacuation site
5130,1374,filterLoc,,
5130,1375,evacuee,,Evacuee;202;in triage state;B;is at the evacuation site
5130,1377,filterLoc,,
5130,1378,evacuee,,Evacuee;390;in triage state;B;is at the evacuation site
5130,1380,filterLoc,,
5130,1381,evacuee,,Evacuee;204;in triage state;B;is at the evacuation site
5130,1383,filterLoc,,
5130,1384,evacuee,,Evacuee;275;in triage state;B;is at the evacuation site
5130,1386,filterLoc,,
5130,1387,evacuee,,Evacuee;205;in triage state;B;is at the evacuation site
5130,1389,filterLoc,,
5130,1390,evacuee,,Evacuee;323;in triage state;B;is at the evacuation site
5130,1392,filterLoc,,
5130,1393,evacuee,,Evacuee;180;in triage state;B;is at the evacuation site
5130,1395,filterLoc,,
5130,1396,evacuee,,Evacuee;206;in triage state;B;is at the evacuation site
5130,1398,filterLoc,,
5130,1399,evacuee,,Evacuee;69;in triage state;B;is at the evacuation site
5130,1401,filterLoc,,
5130,1402,evacuee,,Evacuee;207;in triage state;B;is at the evacuation site
5130,1404,filterLoc,,
5130,1405,evacuee,,Evacuee;27;in triage state;B;is at the evacuation site
5130,1407,filterLoc,,
5130,1408,evacuee,,Evacuee;211;in triage state;B;is at the evacuation site
5130,1410,filterLoc,,
5130,1411,evacuee,,Evacuee;294;in triage state;B;is at the evacuation site
5130,1413,filterLoc,,
5130,1414,evacuee,,Evacuee;214;in triage state;B;is at the evacuation site
5130,1416,filterLoc,,
5130,1417,evacuee,,Evacuee;12;in triage state;G;is at the FOL
5130,1419,filterLoc,,
5130,1420,evacuee,,Evacuee;216;in triage state;G;is at the FOL
5130,1422,filterLoc,,
5130,1423,evacuee,,Evacuee;219;in triage state;G;is at the FOL
5130,1425,filterLoc,,
5130,1426,evacuee,,Evacuee;221;in triage state;G;is at the FOL
5130,1428,filterLoc,,
5130,1429,evacuee,,Evacuee;224;in triage state;G;is at the FOL
5130,1431,filterLoc,,
5130,1432,evacuee,,Evacuee;339;in triage state;G;is at the FOL
5130,1434,filterLoc,,
5130,1435,evacuee,,Evacuee;225;in triage state;B;is at the evacuation site
5130,1437,filterLoc,,
5130,1438,evacuee,,Evacuee;164;in triage state;B;is at the evacuation site
5130,1440,filterLoc,,
5130,1441,evacuee,,Evacuee;226;in triage state;B;is at the evacuation site
5130,1443,filterLoc,,
5130,1444,evacuee,,Evacuee;464;in triage state;B;is at the evacuation site
5130,1446,filterLoc,,
5130,1447,evacuee,,Evacuee;227;in triage state;B;is at the evacuation site
5130,1449,filterLoc,,
5130,1450,evacuee,,Evacuee;267;in triage state;B;is at the evacuation site
5130,1452,filterLoc,,
5130,1453,evacuee,,Evacuee;73;in triage state;B;is at the evacuation site
5130,1455,filterLoc,,
5130,1456,evacuee,,Evacuee;233;in triage state;B;is at the evacuation site
5130,1458,filterLoc,,
5130,1459,evacuee,,Evacuee;236;in triage state;B;is at the evacuation site
5130,1461,filterLoc,,
5130,1462,evacuee,,Evacuee;7;in triage state;B;is at the evacuation site
5130,1464,filterLoc,,
5130,1465,evacuee,,Evacuee;237;in triage state;B;is at the evacuation site
5130,1467,filterLoc,,
5130,1468,evacuee,,Evacuee;238;in triage state;B;is at the evacuation site
5130,1470,filterLoc,,
5130,1471,evacuee,,Evacuee;113;in triage state;B;is at the evacuation site
5130,1473,filterLoc,,
5130,1474,evacuee,,Evacuee;239;in triage state;B;is at the evacuation site
5130,1476,filterLoc,,
5130,1477,evacuee,,Evacuee;243;in triage state;B;is at the evacuation site
5130,1479,filterLoc,,
5130,1480,evacuee,,Evacuee;96;in triage state;B;is at the evacuation site
5130,1482,filterLoc,,
5130,1483,evacuee,,Evacuee;244;in triage state;B;is at the evacuation site
5130,1485,filterLoc,,
5130,1486,evacuee,,Evacuee;247;in triage state;B;is at the evacuation site
5130,1488,filterLoc,,
5130,1489,evacuee,,Evacuee;59;in triage state;G;is at the FOL
5130,1491,filterLoc,,
5130,1492,evacuee,,Evacuee;248;in triage state;G;is at the FOL
5130,1494,filterLoc,,
5130,1495,evacuee,,Evacuee;467;in triage state;G;is at the FOL
5130,1497,filterLoc,,
5130,1498,evacuee,,Evacuee;298;in triage state;G;is at the FOL
5130,1500,filterLoc,,
5130,1501,evacuee,,Evacuee;254;in triage state;G;is at the FOL
5130,1503,filterLoc,,
5130,1504,evacuee,,Evacuee;257;in triage state;G;is at the FOL
5130,1506,filterLoc,,
5130,1507,evacuee,,Evacuee;210;in triage state;B;is at the evacuation site
5130,1509,filterLoc,,
5130,1510,evacuee,,Evacuee;258;in triage state;B;is at the evacuation site
