time,model_id,model_name,port_name,data
0,2,coastGuardShip,,The ship will arrive in 168 hours.
0,3,evacueeManager,,OFF SHIP: White;0;Green;475;Yellow;20;Red;5;Black;0;ON SHIP: White;0;Green;0;Yellow;0;Red;0;Evacuees to Transfer;
0,4,helipadManager,,;No helos are at ES
0,5,helicopterQueue,,;No helos are waiting to land
0,7,filterLoc,,
0,8,evacuee,,Evacuee;501;in triage state;R;is at the evacuation site
0,10,filterLoc,,
0,11,evacuee,,Evacuee;500;in triage state;R;is at the evacuation site
0,13,filterLoc,,
0,14,evacuee,,Evacuee;494;in triage state;Y;is at the evacuation site
0,16,filterLoc,,
0,17,evacuee,,Evacuee;492;in triage state;Y;is at the evacuation site
0,19,filterLoc,,
0,20,evacuee,,Evacuee;489;in triage state;Y;is at the evacuation site
0,22,filterLoc,,
0,23,evacuee,,Evacuee;486;in triage state;Y;is at the evacuation site
0,25,filterLoc,,
0,26,evacuee,,Evacuee;484;in triage state;Y;is at the evacuation site
0,28,filterLoc,,
0,29,evacuee,,Evacuee;483;in triage state;Y;is at the evacuation site
0,31,filterLoc,,
0,32,evacuee,,Evacuee;482;in triage state;Y;is at the evacuation site
0,34,filterLoc,,
0,35,evacuee,,Evacuee;499;in triage state;R;is at the evacuation site
0,37,filterLoc,,
0,38,evacuee,,Evacuee;479;in triage state;Y;is at the evacuation site
0,40,filterLoc,,
0,41,evacuee,,Evacuee;478;in triage state;Y;is at the evacuation site
0,43,filterLoc,,
0,44,evacuee,,Evacuee;476;in triage state;G;is at the evacuation site
0,46,filterLoc,,
0,47,evacuee,,Evacuee;475;in triage state;G;is at the evacuation site
0,49,filterLoc,,
0,50,evacuee,,Evacuee;472;in triage state;G;is at the evacuation site
0,52,filterLoc,,
0,53,evacuee,,Evacuee;471;in triage state;G;is at the evacuation site
0,55,filterLoc,,
0,56,evacuee,,Evacuee;468;in triage state;G;is at the evacuation site
0,58,filterLoc,,
0,59,evacuee,,Evacuee;463;in triage state;G;is at the evacuation site
0,61,filterLoc,,
0,62,evacuee,,Evacuee;462;in triage state;G;is at the evacuation site
0,64,filterLoc,,
0,65,evacuee,,Evacuee;461;in triage state;G;is at the evacuation site
0,67,filterLoc,,
0,68,evacuee,,Evacuee;459;in triage state;G;is at the evacuation site
0,70,filterLoc,,
0,71,evacuee,,Evacuee;495;in triage state;Y;is at the evacuation site
0,73,filterLoc,,
0,74,evacuee,,Evacuee;458;in triage state;G;is at the evacuation site
0,76,filterLoc,,
0,77,evacuee,,Evacuee;456;in triage state;G;is at the evacuation site
0,79,filterLoc,,
0,80,evacuee,,Evacuee;455;in triage state;G;is at the evacuation site
0,82,filterLoc,,
0,83,evacuee,,Evacuee;448;in triage state;G;is at the evacuation site
0,85,filterLoc,,
0,86,evacuee,,Evacuee;445;in triage state;G;is at the evacuation site
0,88,filterLoc,,
0,89,evacuee,,Evacuee;442;in triage state;G;is at the evacuation site
0,91,filterLoc,,
0,92,evacuee,,Evacuee;441;in triage state;G;is at the evacuation site
0,94,filterLoc,,
0,95,evacuee,,Evacuee;439;in triage state;G;is at the evacuation site
0,97,filterLoc,,
0,98,evacuee,,Evacuee;437;in triage state;G;is at the evacuation site
0,100,filterLoc,,
0,101,evacuee,,Evacuee;436;in triage state;G;is at the evacuation site
0,103,filterLoc,,
0,104,evacuee,,Evacuee;434;in triage state;G;is at the evacuation site
0,106,filterLoc,,
0,107,evacuee,,Evacuee;433;in triage state;G;is at the evacuation site
0,109,filterLoc,,
0,110,evacuee,,Evacuee;428;in triage state;G;is at the evacuation site
0,112,filterLoc,,
0,113,evacuee,,Evacuee;426;in triage state;G;is at the evacuation site
0,115,filterLoc,,
0,116,evacuee,,Evacuee;423;in triage state;G;is at the evacuation site
0,118,filterLoc,,
0,119,evacuee,,Evacuee;420;in triage state;G;is at the evacuation site
0,121,filterLoc,,
0,122,evacuee,,Evacuee;419;in triage state;G;is at the evacuation site
0,124,filterLoc,,
0,125,evacuee,,Evacuee;414;in triage state;G;is at the evacuation site
0,127,filterLoc,,
0,128,evacuee,,Evacuee;411;in triage state;G;is at the evacuation site
0,130,filterLoc,,
0,131,evacuee,,Evacuee;422;in triage state;G;is at the evacuation site
0,133,filterLoc,,
0,134,evacuee,,Evacuee;409;in triage state;G;is at the evacuation site
0,136,filterLoc,,
0,137,evacuee,,Evacuee;408;in triage state;G;is at the evacuation site
0,139,filterLoc,,
0,140,evacuee,,Evacuee;406;in triage state;G;is at the evacuation site
0,142,filterLoc,,
0,143,evacuee,,Evacuee;404;in triage state;G;is at the evacuation site
0,145,filterLoc,,
0,146,evacuee,,Evacuee;403;in triage state;G;is at the evacuation site
0,148,filterLoc,,
0,149,evacuee,,Evacuee;401;in triage state;G;is at the evacuation site
0,151,filterLoc,,
0,152,evacuee,,Evacuee;398;in triage state;G;is at the evacuation site
0,154,filterLoc,,
0,155,evacuee,,Evacuee;397;in triage state;G;is at the evacuation site
0,157,filterLoc,,
0,158,evacuee,,Evacuee;452;in triage state;G;is at the evacuation site
0,160,filterLoc,,
0,161,evacuee,,Evacuee;396;in triage state;G;is at the evacuation site
0,163,filterLoc,,
0,164,evacuee,,Evacuee;395;in triage state;G;is at the evacuation site
0,166,filterLoc,,
0,167,evacuee,,Evacuee;393;in triage state;G;is at the evacuation site
0,169,filterLoc,,
0,170,evacuee,,Evacuee;392;in triage state;G;is at the evacuation site
0,172,filterLoc,,
0,173,evacuee,,Evacuee;389;in triage state;G;is at the evacuation site
0,175,filterLoc,,
0,176,evacuee,,Evacuee;384;in triage state;G;is at the evacuation site
0,178,filterLoc,,
0,179,evacuee,,Evacuee;430;in triage state;G;is at the evacuation site
0,181,filterLoc,,
0,182,evacuee,,Evacuee;383;in triage state;G;is at the evacuation site
0,184,filterLoc,,
0,185,evacuee,,Evacuee;480;in triage state;Y;is at the evacuation site
0,187,filterLoc,,
0,188,evacuee,,Evacuee;382;in triage state;G;is at the evacuation site
0,190,filterLoc,,
0,191,evacuee,,Evacuee;381;in triage state;G;is at the evacuation site
0,193,filterLoc,,
0,194,evacuee,,Evacuee;427;in triage state;G;is at the evacuation site
0,196,filterLoc,,
0,197,evacuee,,Evacuee;380;in triage state;G;is at the evacuation site
0,199,filterLoc,,
0,200,evacuee,,Evacuee;379;in triage state;G;is at the evacuation site
0,202,filterLoc,,
0,203,evacuee,,Evacuee;378;in triage state;G;is at the evacuation site
0,205,filterLoc,,
0,206,evacuee,,Evacuee;377;in triage state;G;is at the evacuation site
0,208,filterLoc,,
0,209,evacuee,,Evacuee;375;in triage state;G;is at the evacuation site
0,211,filterLoc,,
0,212,evacuee,,Evacuee;374;in triage state;G;is at the evacuation site
0,214,filterLoc,,
0,215,evacuee,,Evacuee;372;in triage state;G;is at the evacuation site
0,217,filterLoc,,
0,218,evacuee,,Evacuee;371;in triage state;G;is at the evacuation site
0,219,FOL,,;Lives Saved;0
0,221,filterLoc,,
0,222,evacuee,,Evacuee;370;in triage state;G;is at the evacuation site
0,224,filterLoc,,
0,225,evacuee,,Evacuee;457;in triage state;G;is at the evacuation site
0,227,filterLoc,,
0,228,evacuee,,Evacuee;369;in triage state;G;is at the evacuation site
0,230,filterLoc,,
0,231,evacuee,,Evacuee;366;in triage state;G;is at the evacuation site
0,233,filterLoc,,
0,234,evacuee,,Evacuee;362;in triage state;G;is at the evacuation site
0,236,filterLoc,,
0,237,evacuee,,Evacuee;425;in triage state;G;is at the evacuation site
0,239,filterLoc,,
0,240,evacuee,,Evacuee;360;in triage state;G;is at the evacuation site
0,242,filterLoc,,
0,243,evacuee,,Evacuee;357;in triage state;G;is at the evacuation site
0,245,filterLoc,,
0,246,evacuee,,Evacuee;354;in triage state;G;is at the evacuation site
0,248,filterLoc,,
0,249,evacuee,,Evacuee;353;in triage state;G;is at the evacuation site
0,251,filterLoc,,
0,252,evacuee,,Evacuee;351;in triage state;G;is at the evacuation site
0,254,filterLoc,,
0,255,evacuee,,Evacuee;349;in triage state;G;is at the evacuation site
0,257,filterLoc,,
0,258,evacuee,,Evacuee;348;in triage state;G;is at the evacuation site
0,260,filterLoc,,
0,261,evacuee,,Evacuee;346;in triage state;G;is at the evacuation site
0,263,filterLoc,,
0,264,evacuee,,Evacuee;341;in triage state;G;is at the evacuation site
0,266,filterLoc,,
0,267,evacuee,,Evacuee;340;in triage state;G;is at the evacuation site
0,269,filterLoc,,
0,270,evacuee,,Evacuee;338;in triage state;G;is at the evacuation site
0,272,filterLoc,,
0,273,evacuee,,Evacuee;335;in triage state;G;is at the evacuation site
0,275,filterLoc,,
0,276,evacuee,,Evacuee;331;in triage state;G;is at the evacuation site
0,278,filterLoc,,
0,279,evacuee,,Evacuee;503;in triage state;R;is at the evacuation site
0,281,filterLoc,,
0,282,evacuee,,Evacuee;330;in triage state;G;is at the evacuation site
0,284,filterLoc,,
0,285,evacuee,,Evacuee;328;in triage state;G;is at the evacuation site
0,287,filterLoc,,
0,288,evacuee,,Evacuee;327;in triage state;G;is at the evacuation site
0,290,filterLoc,,
0,291,evacuee,,Evacuee;410;in triage state;G;is at the evacuation site
0,293,filterLoc,,
0,294,evacuee,,Evacuee;326;in triage state;G;is at the evacuation site
0,296,filterLoc,,
0,297,evacuee,,Evacuee;466;in triage state;G;is at the evacuation site
0,299,filterLoc,,
0,300,evacuee,,Evacuee;325;in triage state;G;is at the evacuation site
0,302,filterLoc,,
0,303,evacuee,,Evacuee;365;in triage state;G;is at the evacuation site
0,305,filterLoc,,
0,306,evacuee,,Evacuee;322;in triage state;G;is at the evacuation site
0,308,filterLoc,,
0,309,evacuee,,Evacuee;321;in triage state;G;is at the evacuation site
0,311,filterLoc,,
0,312,evacuee,,Evacuee;319;in triage state;G;is at the evacuation site
0,314,filterLoc,,
0,315,evacuee,,Evacuee;318;in triage state;G;is at the evacuation site
0,317,filterLoc,,
0,318,evacuee,,Evacuee;317;in triage state;G;is at the evacuation site
0,320,filterLoc,,
0,321,evacuee,,Evacuee;460;in triage state;G;is at the evacuation site
0,323,filterLoc,,
0,324,evacuee,,Evacuee;316;in triage state;G;is at the evacuation site
0,326,filterLoc,,
0,327,evacuee,,Evacuee;446;in triage state;G;is at the evacuation site
0,329,filterLoc,,
0,330,evacuee,,Evacuee;313;in triage state;G;is at the evacuation site
0,332,filterLoc,,
0,333,evacuee,,Evacuee;443;in triage state;G;is at the evacuation site
0,335,filterLoc,,
0,336,evacuee,,Evacuee;312;in triage state;G;is at the evacuation site
0,338,filterLoc,,
0,339,evacuee,,Evacuee;309;in triage state;G;is at the evacuation site
0,341,filterLoc,,
0,342,evacuee,,Evacuee;306;in triage state;G;is at the evacuation site
0,344,filterLoc,,
0,345,evacuee,,Evacuee;305;in triage state;G;is at the evacuation site
0,347,filterLoc,,
0,348,evacuee,,Evacuee;303;in triage state;G;is at the evacuation site
0,350,filterLoc,,
0,351,evacuee,,Evacuee;295;in triage state;G;is at the evacuation site
0,353,filterLoc,,
0,354,evacuee,,Evacuee;352;in triage state;G;is at the evacuation site
0,356,filterLoc,,
0,357,evacuee,,Evacuee;293;in triage state;G;is at the evacuation site
0,359,filterLoc,,
0,360,evacuee,,Evacuee;488;in triage state;Y;is at the evacuation site
0,362,filterLoc,,
0,363,evacuee,,Evacuee;413;in triage state;G;is at the evacuation site
0,365,filterLoc,,
0,366,evacuee,,Evacuee;292;in triage state;G;is at the evacuation site
0,368,filterLoc,,
0,369,evacuee,,Evacuee;291;in triage state;G;is at the evacuation site
0,371,filterLoc,,
0,372,evacuee,,Evacuee;290;in triage state;G;is at the evacuation site
0,374,filterLoc,,
0,375,evacuee,,Evacuee;350;in triage state;G;is at the evacuation site
0,377,filterLoc,,
0,378,evacuee,,Evacuee;288;in triage state;G;is at the evacuation site
0,380,filterLoc,,
0,381,evacuee,,Evacuee;287;in triage state;G;is at the evacuation site
0,383,filterLoc,,
0,384,evacuee,,Evacuee;415;in triage state;G;is at the evacuation site
0,386,filterLoc,,
0,387,evacuee,,Evacuee;376;in triage state;G;is at the evacuation site
0,389,filterLoc,,
0,390,evacuee,,Evacuee;284;in triage state;G;is at the evacuation site
0,392,filterLoc,,
0,393,evacuee,,Evacuee;283;in triage state;G;is at the evacuation site
0,395,filterLoc,,
0,396,evacuee,,Evacuee;282;in triage state;G;is at the evacuation site
0,398,filterLoc,,
0,399,evacuee,,Evacuee;281;in triage state;G;is at the evacuation site
0,401,filterLoc,,
0,402,evacuee,,Evacuee;280;in triage state;G;is at the evacuation site
0,404,filterLoc,,
0,405,evacuee,,Evacuee;333;in triage state;G;is at the evacuation site
0,407,filterLoc,,
0,408,evacuee,,Evacuee;279;in triage state;G;is at the evacuation site
0,410,filterLoc,,
0,411,evacuee,,Evacuee;278;in triage state;G;is at the evacuation site
0,413,filterLoc,,
0,414,evacuee,,Evacuee;277;in triage state;G;is at the evacuation site
0,416,filterLoc,,
0,417,evacuee,,Evacuee;315;in triage state;G;is at the evacuation site
0,419,filterLoc,,
0,420,evacuee,,Evacuee;274;in triage state;G;is at the evacuation site
0,422,filterLoc,,
0,423,evacuee,,Evacuee;273;in triage state;G;is at the evacuation site
0,425,filterLoc,,
0,426,evacuee,,Evacuee;337;in triage state;G;is at the evacuation site
0,428,filterLoc,,
0,429,evacuee,,Evacuee;301;in triage state;G;is at the evacuation site
0,431,filterLoc,,
0,432,evacuee,,Evacuee;272;in triage state;G;is at the evacuation site
0,434,filterLoc,,
0,435,evacuee,,Evacuee;270;in triage state;G;is at the evacuation site
0,437,filterLoc,,
0,438,evacuee,,Evacuee;264;in triage state;G;is at the evacuation site
0,440,filterLoc,,
0,441,evacuee,,Evacuee;262;in triage state;G;is at the evacuation site
0,443,filterLoc,,
0,444,evacuee,,Evacuee;260;in triage state;G;is at the evacuation site
0,446,filterLoc,,
0,447,evacuee,,Evacuee;259;in triage state;G;is at the evacuation site
0,449,filterLoc,,
0,450,evacuee,,Evacuee;125;in triage state;G;is at the evacuation site
0,452,filterLoc,,
0,453,evacuee,,Evacuee;114;in triage state;G;is at the evacuation site
0,455,filterLoc,,
0,456,evacuee,,Evacuee;289;in triage state;G;is at the evacuation site
0,458,filterLoc,,
0,459,evacuee,,Evacuee;88;in triage state;G;is at the evacuation site
0,461,filterLoc,,
0,462,evacuee,,Evacuee;449;in triage state;G;is at the evacuation site
0,464,filterLoc,,
0,465,evacuee,,Evacuee;122;in triage state;G;is at the evacuation site
0,467,filterLoc,,
0,468,evacuee,,Evacuee;108;in triage state;G;is at the evacuation site
0,470,filterLoc,,
0,471,evacuee,,Evacuee;276;in triage state;G;is at the evacuation site
0,473,filterLoc,,
0,474,evacuee,,Evacuee;121;in triage state;G;is at the evacuation site
0,476,filterLoc,,
0,477,evacuee,,Evacuee;386;in triage state;G;is at the evacuation site
0,479,filterLoc,,
0,480,evacuee,,Evacuee;117;in triage state;G;is at the evacuation site
0,482,filterLoc,,
0,483,evacuee,,Evacuee;192;in triage state;G;is at the evacuation site
0,485,filterLoc,,
0,486,evacuee,,Evacuee;432;in triage state;G;is at the evacuation site
0,488,filterLoc,,
0,489,evacuee,,Evacuee;245;in triage state;G;is at the evacuation site
0,491,filterLoc,,
0,492,evacuee,,Evacuee;310;in triage state;G;is at the evacuation site
0,494,filterLoc,,
0,495,evacuee,,Evacuee;118;in triage state;G;is at the evacuation site
0,497,filterLoc,,
0,498,evacuee,,Evacuee;502;in triage state;R;is at the evacuation site
0,500,filterLoc,,
0,501,evacuee,,Evacuee;491;in triage state;Y;is at the evacuation site
0,503,filterLoc,,
0,504,evacuee,,Evacuee;470;in triage state;G;is at the evacuation site
0,506,filterLoc,,
0,507,evacuee,,Evacuee;469;in triage state;G;is at the evacuation site
0,509,filterLoc,,
0,510,evacuee,,Evacuee;215;in triage state;G;is at the evacuation site
0,512,filterLoc,,
0,513,evacuee,,Evacuee;345;in triage state;G;is at the evacuation site
0,515,filterLoc,,
0,516,evacuee,,Evacuee;302;in triage state;G;is at the evacuation site
0,518,filterLoc,,
0,519,evacuee,,Evacuee;112;in triage state;G;is at the evacuation site
0,521,filterLoc,,
0,522,evacuee,,Evacuee;299;in triage state;G;is at the evacuation site
0,524,filterLoc,,
0,525,evacuee,,Evacuee;109;in triage state;G;is at the evacuation site
0,527,filterLoc,,
0,528,evacuee,,Evacuee;373;in triage state;G;is at the evacuation site
0,530,filterLoc,,
0,531,evacuee,,Evacuee;358;in triage state;G;is at the evacuation site
0,533,filterLoc,,
0,534,evacuee,,Evacuee;188;in triage state;G;is at the evacuation site
0,536,filterLoc,,
0,537,evacuee,,Evacuee;106;in triage state;G;is at the evacuation site
0,539,filterLoc,,
0,540,evacuee,,Evacuee;311;in triage state;G;is at the evacuation site
0,542,filterLoc,,
0,543,evacuee,,Evacuee;148;in triage state;G;is at the evacuation site
0,545,filterLoc,,
0,546,evacuee,,Evacuee;235;in triage state;G;is at the evacuation site
0,548,filterLoc,,
0,549,evacuee,,Evacuee;105;in triage state;G;is at the evacuation site
0,551,filterLoc,,
0,552,evacuee,,Evacuee;424;in triage state;G;is at the evacuation site
0,554,filterLoc,,
0,555,evacuee,,Evacuee;269;in triage state;G;is at the evacuation site
0,557,filterLoc,,
0,558,evacuee,,Evacuee;103;in triage state;G;is at the evacuation site
0,560,filterLoc,,
0,561,evacuee,,Evacuee;124;in triage state;G;is at the evacuation site
0,563,filterLoc,,
0,564,evacuee,,Evacuee;111;in triage state;G;is at the evacuation site
0,566,filterLoc,,
0,567,evacuee,,Evacuee;39;in triage state;G;is at the evacuation site
0,569,filterLoc,,
0,570,evacuee,,Evacuee;228;in triage state;G;is at the evacuation site
0,572,filterLoc,,
0,573,evacuee,,Evacuee;497;in triage state;Y;is at the evacuation site
0,575,filterLoc,,
0,576,evacuee,,Evacuee;101;in triage state;G;is at the evacuation site
0,578,filterLoc,,
0,579,evacuee,,Evacuee;142;in triage state;G;is at the evacuation site
0,581,filterLoc,,
0,582,evacuee,,Evacuee;99;in triage state;G;is at the evacuation site
0,584,filterLoc,,
0,585,evacuee,,Evacuee;485;in triage state;Y;is at the evacuation site
0,587,filterLoc,,
0,588,evacuee,,Evacuee;324;in triage state;G;is at the evacuation site
0,590,filterLoc,,
0,591,evacuee,,Evacuee;95;in triage state;G;is at the evacuation site
0,593,filterLoc,,
0,594,evacuee,,Evacuee;447;in triage state;G;is at the evacuation site
0,596,filterLoc,,
0,597,evacuee,,Evacuee;361;in triage state;G;is at the evacuation site
0,599,filterLoc,,
0,600,evacuee,,Evacuee;342;in triage state;G;is at the evacuation site
0,602,filterLoc,,
0,603,evacuee,,Evacuee;93;in triage state;G;is at the evacuation site
0,605,filterLoc,,
0,606,evacuee,,Evacuee;136;in triage state;G;is at the evacuation site
0,608,filterLoc,,
0,609,evacuee,,Evacuee;412;in triage state;G;is at the evacuation site
0,611,filterLoc,,
0,612,evacuee,,Evacuee;90;in triage state;G;is at the evacuation site
0,614,filterLoc,,
0,615,evacuee,,Evacuee;83;in triage state;G;is at the evacuation site
0,617,filterLoc,,
0,618,evacuee,,Evacuee;127;in triage state;G;is at the evacuation site
0,620,filterLoc,,
0,621,evacuee,,Evacuee;49;in triage state;G;is at the evacuation site
0,623,filterLoc,,
0,624,evacuee,,Evacuee;87;in triage state;G;is at the evacuation site
0,626,filterLoc,,
0,627,evacuee,,Evacuee;297;in triage state;G;is at the evacuation site
0,629,filterLoc,,
0,630,evacuee,,Evacuee;86;in triage state;G;is at the evacuation site
0,632,filterLoc,,
0,633,evacuee,,Evacuee;51;in triage state;G;is at the evacuation site
0,635,filterLoc,,
0,636,evacuee,,Evacuee;444;in triage state;G;is at the evacuation site
0,638,filterLoc,,
0,639,evacuee,,Evacuee;80;in triage state;G;is at the evacuation site
0,641,filterLoc,,
0,642,evacuee,,Evacuee;79;in triage state;G;is at the evacuation site
0,644,filterLoc,,
0,645,evacuee,,Evacuee;115;in triage state;G;is at the evacuation site
0,647,filterLoc,,
0,648,evacuee,,Evacuee;98;in triage state;G;is at the evacuation site
0,650,filterLoc,,
0,651,evacuee,,Evacuee;356;in triage state;G;is at the evacuation site
0,653,filterLoc,,
0,654,evacuee,,Evacuee;78;in triage state;G;is at the evacuation site
0,656,filterLoc,,
0,657,evacuee,,Evacuee;213;in triage state;G;is at the evacuation site
0,659,filterLoc,,
0,660,evacuee,,Evacuee;344;in triage state;G;is at the evacuation site
0,662,filterLoc,,
0,663,evacuee,,Evacuee;77;in triage state;G;is at the evacuation site
0,665,filterLoc,,
0,666,evacuee,,Evacuee;156;in triage state;G;is at the evacuation site
0,668,filterLoc,,
0,669,evacuee,,Evacuee;300;in triage state;G;is at the evacuation site
0,671,filterLoc,,
0,672,evacuee,,Evacuee;165;in triage state;G;is at the evacuation site
0,674,filterLoc,,
0,675,evacuee,,Evacuee;454;in triage state;G;is at the evacuation site
0,677,filterLoc,,
0,678,evacuee,,Evacuee;440;in triage state;G;is at the evacuation site
0,680,filterLoc,,
0,681,evacuee,,Evacuee;76;in triage state;G;is at the evacuation site
0,683,filterLoc,,
0,684,evacuee,,Evacuee;431;in triage state;G;is at the evacuation site
0,686,filterLoc,,
0,687,evacuee,,Evacuee;74;in triage state;G;is at the evacuation site
0,689,filterLoc,,
0,690,evacuee,,Evacuee;363;in triage state;G;is at the evacuation site
0,692,filterLoc,,
0,693,evacuee,,Evacuee;251;in triage state;G;is at the evacuation site
0,695,filterLoc,,
0,696,evacuee,,Evacuee;128;in triage state;G;is at the evacuation site
0,698,filterLoc,,
0,699,evacuee,,Evacuee;134;in triage state;G;is at the evacuation site
0,701,filterLoc,,
0,702,evacuee,,Evacuee;199;in triage state;G;is at the evacuation site
0,704,filterLoc,,
0,705,evacuee,,Evacuee;66;in triage state;G;is at the evacuation site
0,707,filterLoc,,
0,708,evacuee,,Evacuee;62;in triage state;G;is at the evacuation site
0,710,filterLoc,,
0,711,evacuee,,Evacuee;223;in triage state;G;is at the evacuation site
0,713,filterLoc,,
0,714,evacuee,,Evacuee;135;in triage state;G;is at the evacuation site
0,716,filterLoc,,
0,717,evacuee,,Evacuee;15;in triage state;G;is at the evacuation site
0,719,filterLoc,,
0,720,evacuee,,Evacuee;474;in triage state;G;is at the evacuation site
0,722,filterLoc,,
0,723,evacuee,,Evacuee;17;in triage state;G;is at the evacuation site
0,725,filterLoc,,
0,726,evacuee,,Evacuee;481;in triage state;Y;is at the evacuation site
0,728,filterLoc,,
0,729,evacuee,,Evacuee;179;in triage state;G;is at the evacuation site
0,731,filterLoc,,
0,732,evacuee,,Evacuee;147;in triage state;G;is at the evacuation site
0,734,filterLoc,,
0,735,evacuee,,Evacuee;65;in triage state;G;is at the evacuation site
0,737,filterLoc,,
0,738,evacuee,,Evacuee;14;in triage state;G;is at the evacuation site
0,740,filterLoc,,
0,741,evacuee,,Evacuee;218;in triage state;G;is at the evacuation site
0,743,filterLoc,,
0,744,evacuee,,Evacuee;2;in triage state;G;is at the evacuation site
0,746,filterLoc,,
0,747,evacuee,,Evacuee;33;in triage state;G;is at the evacuation site
0,749,filterLoc,,
0,750,evacuee,,Evacuee;271;in triage state;G;is at the evacuation site
0,752,filterLoc,,
0,753,evacuee,,Evacuee;9;in triage state;G;is at the evacuation site
0,755,filterLoc,,
0,756,evacuee,,Evacuee;25;in triage state;G;is at the evacuation site
0,758,filterLoc,,
0,759,evacuee,,Evacuee;334;in triage state;G;is at the evacuation site
0,761,filterLoc,,
0,762,evacuee,,Evacuee;70;in triage state;G;is at the evacuation site
0,764,filterLoc,,
0,765,evacuee,,Evacuee;5;in triage state;G;is at the evacuation site
0,767,filterLoc,,
0,768,evacuee,,Evacuee;250;in triage state;G;is at the evacuation site
0,770,filterLoc,,
0,771,evacuee,,Evacuee;107;in triage state;G;is at the evacuation site
0,773,filterLoc,,
0,774,evacuee,,Evacuee;229;in triage state;G;is at the evacuation site
0,776,filterLoc,,
0,777,evacuee,,Evacuee;110;in triage state;G;is at the evacuation site
0,779,filterLoc,,
0,780,evacuee,,Evacuee;141;in triage state;G;is at the evacuation site
0,782,filterLoc,,
0,783,evacuee,,Evacuee;133;in triage state;G;is at the evacuation site
0,785,filterLoc,,
0,786,evacuee,,Evacuee;493;in triage state;Y;is at the evacuation site
0,788,filterLoc,,
0,789,evacuee,,Evacuee;473;in triage state;G;is at the evacuation site
0,791,filterLoc,,
0,792,evacuee,,Evacuee;400;in triage state;G;is at the evacuation site
0,794,filterLoc,,
0,795,evacuee,,Evacuee;268;in triage state;G;is at the evacuation site
0,797,filterLoc,,
0,798,evacuee,,Evacuee;100;in triage state;G;is at the evacuation site
0,800,filterLoc,,
0,801,evacuee,,Evacuee;29;in triage state;G;is at the evacuation site
0,803,filterLoc,,
0,804,evacuee,,Evacuee;158;in triage state;G;is at the evacuation site
0,806,filterLoc,,
0,807,evacuee,,Evacuee;187;in triage state;G;is at the evacuation site
0,809,filterLoc,,
0,810,evacuee,,Evacuee;85;in triage state;G;is at the evacuation site
0,812,filterLoc,,
0,813,evacuee,,Evacuee;487;in triage state;Y;is at the evacuation site
0,815,filterLoc,,
0,816,evacuee,,Evacuee;71;in triage state;G;is at the evacuation site
0,818,filterLoc,,
0,819,evacuee,,Evacuee;332;in triage state;G;is at the evacuation site
0,821,filterLoc,,
0,822,evacuee,,Evacuee;81;in triage state;G;is at the evacuation site
0,824,filterLoc,,
0,825,evacuee,,Evacuee;104;in triage state;G;is at the evacuation site
0,827,filterLoc,,
0,828,evacuee,,Evacuee;40;in triage state;G;is at the evacuation site
0,830,filterLoc,,
0,831,evacuee,,Evacuee;97;in triage state;G;is at the evacuation site
0,833,filterLoc,,
0,834,evacuee,,Evacuee;453;in triage state;G;is at the evacuation site
0,836,filterLoc,,
0,837,evacuee,,Evacuee;285;in triage state;G;is at the evacuation site
0,839,filterLoc,,
0,840,evacuee,,Evacuee;89;in triage state;G;is at the evacuation site
0,842,filterLoc,,
0,843,evacuee,,Evacuee;394;in triage state;G;is at the evacuation site
0,845,filterLoc,,
0,846,evacuee,,Evacuee;240;in triage state;G;is at the evacuation site
0,848,filterLoc,,
0,849,evacuee,,Evacuee;8;in triage state;G;is at the evacuation site
0,851,filterLoc,,
0,852,evacuee,,Evacuee;3;in triage state;G;is at the evacuation site
0,854,filterLoc,,
0,855,evacuee,,Evacuee;172;in triage state;G;is at the evacuation site
0,857,filterLoc,,
0,858,evacuee,,Evacuee;256;in triage state;G;is at the evacuation site
0,860,filterLoc,,
0,861,evacuee,,Evacuee;347;in triage state;G;is at the evacuation site
0,863,filterLoc,,
0,864,evacuee,,Evacuee;82;in triage state;G;is at the evacuation site
0,866,filterLoc,,
0,867,evacuee,,Evacuee;54;in triage state;G;is at the evacuation site
0,869,filterLoc,,
0,870,evacuee,,Evacuee;368;in triage state;G;is at the evacuation site
0,872,filterLoc,,
0,873,evacuee,,Evacuee;4;in triage state;G;is at the evacuation site
0,875,filterLoc,,
0,876,evacuee,,Evacuee;18;in triage state;G;is at the evacuation site
0,878,filterLoc,,
0,879,evacuee,,Evacuee;387;in triage state;G;is at the evacuation site
0,881,filterLoc,,
0,882,evacuee,,Evacuee;246;in triage state;G;is at the evacuation site
0,884,filterLoc,,
0,885,evacuee,,Evacuee;22;in triage state;G;is at the evacuation site
0,887,filterLoc,,
0,888,evacuee,,Evacuee;92;in triage state;G;is at the evacuation site
0,890,filterLoc,,
0,891,evacuee,,Evacuee;44;in triage state;G;is at the evacuation site
0,893,filterLoc,,
0,894,evacuee,,Evacuee;150;in triage state;G;is at the evacuation site
0,896,filterLoc,,
0,897,evacuee,,Evacuee;119;in triage state;G;is at the evacuation site
0,899,filterLoc,,
0,900,evacuee,,Evacuee;6;in triage state;G;is at the evacuation site
0,902,filterLoc,,
0,903,evacuee,,Evacuee;173;in triage state;G;is at the evacuation site
0,905,filterLoc,,
0,906,evacuee,,Evacuee;157;in triage state;G;is at the evacuation site
0,908,filterLoc,,
0,909,evacuee,,Evacuee;451;in triage state;G;is at the evacuation site
0,911,filterLoc,,
0,912,evacuee,,Evacuee;359;in triage state;G;is at the evacuation site
0,914,filterLoc,,
0,915,evacuee,,Evacuee;286;in triage state;G;is at the evacuation site
0,917,filterLoc,,
0,918,evacuee,,Evacuee;196;in triage state;G;is at the evacuation site
0,920,filterLoc,,
0,921,evacuee,,Evacuee;407;in triage state;G;is at the evacuation site
0,923,filterLoc,,
0,924,evacuee,,Evacuee;132;in triage state;G;is at the evacuation site
0,926,filterLoc,,
0,927,evacuee,,Evacuee;31;in triage state;G;is at the evacuation site
0,929,filterLoc,,
0,930,evacuee,,Evacuee;38;in triage state;G;is at the evacuation site
0,932,filterLoc,,
0,933,evacuee,,Evacuee;10;in triage state;G;is at the evacuation site
0,935,filterLoc,,
0,936,evacuee,,Evacuee;26;in triage state;G;is at the evacuation site
0,938,filterLoc,,
0,939,evacuee,,Evacuee;343;in triage state;G;is at the evacuation site
0,941,filterLoc,,
0,942,evacuee,,Evacuee;241;in triage state;G;is at the evacuation site
0,944,filterLoc,,
0,945,evacuee,,Evacuee;418;in triage state;G;is at the evacuation site
0,947,filterLoc,,
0,948,evacuee,,Evacuee;75;in triage state;G;is at the evacuation site
0,950,filterLoc,,
0,951,evacuee,,Evacuee;37;in triage state;G;is at the evacuation site
0,953,filterLoc,,
0,954,evacuee,,Evacuee;496;in triage state;Y;is at the evacuation site
0,956,filterLoc,,
0,957,evacuee,,Evacuee;209;in triage state;G;is at the evacuation site
0,959,filterLoc,,
0,960,evacuee,,Evacuee;402;in triage state;G;is at the evacuation site
0,962,filterLoc,,
0,963,evacuee,,Evacuee;320;in triage state;G;is at the evacuation site
0,965,filterLoc,,
0,966,evacuee,,Evacuee;116;in triage state;G;is at the evacuation site
0,968,filterLoc,,
0,969,evacuee,,Evacuee;61;in triage state;G;is at the evacuation site
0,971,filterLoc,,
0,972,evacuee,,Evacuee;52;in triage state;G;is at the evacuation site
0,974,filterLoc,,
0,975,evacuee,,Evacuee;41;in triage state;G;is at the evacuation site
0,977,filterLoc,,
0,978,evacuee,,Evacuee;304;in triage state;G;is at the evacuation site
0,980,filterLoc,,
0,981,evacuee,,Evacuee;154;in triage state;G;is at the evacuation site
0,983,filterLoc,,
0,984,evacuee,,Evacuee;421;in triage state;G;is at the evacuation site
0,986,filterLoc,,
0,987,evacuee,,Evacuee;405;in triage state;G;is at the evacuation site
0,989,filterLoc,,
0,990,evacuee,,Evacuee;21;in triage state;G;is at the evacuation site
0,992,filterLoc,,
0,993,evacuee,,Evacuee;68;in triage state;G;is at the evacuation site
0,995,filterLoc,,
0,996,evacuee,,Evacuee;72;in triage state;G;is at the evacuation site
0,998,filterLoc,,
0,999,evacuee,,Evacuee;46;in triage state;G;is at the evacuation site
0,1001,filterLoc,,
0,1002,evacuee,,Evacuee;53;in triage state;G;is at the evacuation site
0,1004,filterLoc,,
0,1005,evacuee,,Evacuee;220;in triage state;G;is at the evacuation site
0,1007,filterLoc,,
0,1008,evacuee,,Evacuee;355;in triage state;G;is at the evacuation site
0,1010,filterLoc,,
0,1011,evacuee,,Evacuee;23;in triage state;G;is at the evacuation site
0,1013,filterLoc,,
0,1014,evacuee,,Evacuee;200;in triage state;G;is at the evacuation site
0,1016,filterLoc,,
0,1017,evacuee,,Evacuee;255;in triage state;G;is at the evacuation site
0,1019,filterLoc,,
0,1020,evacuee,,Evacuee;13;in triage state;G;is at the evacuation site
0,1022,filterLoc,,
0,1023,evacuee,,Evacuee;24;in triage state;G;is at the evacuation site
0,1025,filterLoc,,
0,1026,evacuee,,Evacuee;32;in triage state;G;is at the evacuation site
0,1028,filterLoc,,
0,1029,evacuee,,Evacuee;34;in triage state;G;is at the evacuation site
0,1031,filterLoc,,
0,1032,evacuee,,Evacuee;64;in triage state;G;is at the evacuation site
0,1034,filterLoc,,
0,1035,evacuee,,Evacuee;429;in triage state;G;is at the evacuation site
0,1037,filterLoc,,
0,1038,evacuee,,Evacuee;102;in triage state;G;is at the evacuation site
0,1040,filterLoc,,
0,1041,evacuee,,Evacuee;160;in triage state;G;is at the evacuation site
0,1043,filterLoc,,
0,1044,evacuee,,Evacuee;20;in triage state;G;is at the evacuation site
0,1046,filterLoc,,
0,1047,evacuee,,Evacuee;35;in triage state;G;is at the evacuation site
0,1049,filterLoc,,
0,1050,evacuee,,Evacuee;155;in triage state;G;is at the evacuation site
0,1052,filterLoc,,
0,1053,evacuee,,Evacuee;36;in triage state;G;is at the evacuation site
0,1055,filterLoc,,
0,1056,evacuee,,Evacuee;198;in triage state;G;is at the evacuation site
0,1058,filterLoc,,
0,1059,evacuee,,Evacuee;84;in triage state;G;is at the evacuation site
0,1061,filterLoc,,
0,1062,evacuee,,Evacuee;42;in triage state;G;is at the evacuation site
0,1064,filterLoc,,
0,1065,evacuee,,Evacuee;91;in triage state;G;is at the evacuation site
0,1067,filterLoc,,
0,1068,evacuee,,Evacuee;43;in triage state;G;is at the evacuation site
0,1070,filterLoc,,
0,1071,evacuee,,Evacuee;30;in triage state;G;is at the evacuation site
0,1073,filterLoc,,
0,1074,evacuee,,Evacuee;336;in triage state;G;is at the evacuation site
0,1076,filterLoc,,
0,1077,evacuee,,Evacuee;307;in triage state;G;is at the evacuation site
0,1079,filterLoc,,
0,1080,evacuee,,Evacuee;212;in triage state;G;is at the evacuation site
0,1082,filterLoc,,
0,1083,evacuee,,Evacuee;391;in triage state;G;is at the evacuation site
0,1085,filterLoc,,
0,1086,evacuee,,Evacuee;388;in triage state;G;is at the evacuation site
0,1088,filterLoc,,
0,1089,evacuee,,Evacuee;55;in triage state;G;is at the evacuation site
0,1091,filterLoc,,
0,1092,evacuee,,Evacuee;48;in triage state;G;is at the evacuation site
0,1094,filterLoc,,
0,1095,evacuee,,Evacuee;144;in triage state;G;is at the evacuation site
0,1097,filterLoc,,
0,1098,evacuee,,Evacuee;50;in triage state;G;is at the evacuation site
0,1100,filterLoc,,
0,1101,evacuee,,Evacuee;19;in triage state;G;is at the evacuation site
0,1103,filterLoc,,
0,1104,evacuee,,Evacuee;182;in triage state;G;is at the evacuation site
0,1106,filterLoc,,
0,1107,evacuee,,Evacuee;490;in triage state;Y;is at the evacuation site
0,1109,filterLoc,,
0,1110,evacuee,,Evacuee;266;in triage state;G;is at the evacuation site
0,1112,filterLoc,,
0,1113,evacuee,,Evacuee;120;in triage state;G;is at the evacuation site
0,1115,filterLoc,,
0,1116,evacuee,,Evacuee;94;in triage state;G;is at the evacuation site
0,1118,filterLoc,,
0,1119,evacuee,,Evacuee;63;in triage state;G;is at the evacuation site
0,1121,filterLoc,,
0,1122,evacuee,,Evacuee;175;in triage state;G;is at the evacuation site
0,1124,filterLoc,,
0,1125,evacuee,,Evacuee;47;in triage state;G;is at the evacuation site
0,1127,filterLoc,,
0,1128,evacuee,,Evacuee;56;in triage state;G;is at the evacuation site
0,1130,filterLoc,,
0,1131,evacuee,,Evacuee;367;in triage state;G;is at the evacuation site
0,1133,filterLoc,,
0,1134,evacuee,,Evacuee;364;in triage state;G;is at the evacuation site
0,1136,filterLoc,,
0,1137,evacuee,,Evacuee;208;in triage state;G;is at the evacuation site
0,1139,filterLoc,,
0,1140,evacuee,,Evacuee;57;in triage state;G;is at the evacuation site
0,1142,filterLoc,,
0,1143,evacuee,,Evacuee;231;in triage state;G;is at the evacuation site
0,1145,filterLoc,,
0,1146,evacuee,,Evacuee;261;in triage state;G;is at the evacuation site
0,1148,filterLoc,,
0,1149,evacuee,,Evacuee;45;in triage state;G;is at the evacuation site
0,1151,filterEvac,,
0,1152,filterES,,
0,1153,helicopter,,Helicopter;1;is unloading people at the FOL;;and has;0;spots taken
0,1155,filterLoc,,
0,1156,evacuee,,Evacuee;263;in triage state;G;is at the evacuation site
0,1158,filterLoc,,
0,1159,evacuee,,Evacuee;190;in triage state;G;is at the evacuation site
0,1161,filterLoc,,
0,1162,evacuee,,Evacuee;465;in triage state;G;is at the evacuation site
0,1164,filterLoc,,
0,1165,evacuee,,Evacuee;60;in triage state;G;is at the evacuation site
0,1167,filterLoc,,
0,1168,evacuee,,Evacuee;385;in triage state;G;is at the evacuation site
0,1170,filterLoc,,
0,1171,evacuee,,Evacuee;181;in triage state;G;is at the evacuation site
0,1173,filterLoc,,
0,1174,evacuee,,Evacuee;416;in triage state;G;is at the evacuation site
0,1176,filterLoc,,
0,1177,evacuee,,Evacuee;129;in triage state;G;is at the evacuation site
0,1179,filterLoc,,
0,1180,evacuee,,Evacuee;308;in triage state;G;is at the evacuation site
0,1182,filterLoc,,
0,1183,evacuee,,Evacuee;131;in triage state;G;is at the evacuation site
0,1185,filterLoc,,
0,1186,evacuee,,Evacuee;137;in triage state;G;is at the evacuation site
0,1188,filterLoc,,
0,1189,evacuee,,Evacuee;138;in triage state;G;is at the evacuation site
0,1191,filterLoc,,
0,1192,evacuee,,Evacuee;265;in triage state;G;is at the evacuation site
0,1194,filterLoc,,
0,1195,evacuee,,Evacuee;139;in triage state;G;is at the evacuation site
0,1197,filterLoc,,
0,1198,evacuee,,Evacuee;194;in triage state;G;is at the evacuation site
0,1200,filterLoc,,
0,1201,evacuee,,Evacuee;140;in triage state;G;is at the evacuation site
0,1203,filterLoc,,
0,1204,evacuee,,Evacuee;130;in triage state;G;is at the evacuation site
0,1206,filterLoc,,
0,1207,evacuee,,Evacuee;143;in triage state;G;is at the evacuation site
0,1209,filterLoc,,
0,1210,evacuee,,Evacuee;149;in triage state;G;is at the evacuation site
0,1212,filterLoc,,
0,1213,evacuee,,Evacuee;296;in triage state;G;is at the evacuation site
0,1215,filterLoc,,
0,1216,evacuee,,Evacuee;151;in triage state;G;is at the evacuation site
0,1218,filterLoc,,
0,1219,evacuee,,Evacuee;222;in triage state;G;is at the evacuation site
0,1221,filterLoc,,
0,1222,evacuee,,Evacuee;152;in triage state;G;is at the evacuation site
0,1224,filterLoc,,
0,1225,evacuee,,Evacuee;153;in triage state;G;is at the evacuation site
0,1227,filterLoc,,
0,1228,evacuee,,Evacuee;67;in triage state;G;is at the evacuation site
0,1230,filterLoc,,
0,1231,evacuee,,Evacuee;123;in triage state;G;is at the evacuation site
0,1233,filterLoc,,
0,1234,evacuee,,Evacuee;159;in triage state;G;is at the evacuation site
0,1236,filterLoc,,
0,1237,evacuee,,Evacuee;161;in triage state;G;is at the evacuation site
0,1239,filterLoc,,
0,1240,evacuee,,Evacuee;28;in triage state;G;is at the evacuation site
0,1242,filterLoc,,
0,1243,evacuee,,Evacuee;126;in triage state;G;is at the evacuation site
0,1245,filterLoc,,
0,1246,evacuee,,Evacuee;234;in triage state;G;is at the evacuation site
0,1248,filterLoc,,
0,1249,evacuee,,Evacuee;162;in triage state;G;is at the evacuation site
0,1251,filterLoc,,
0,1252,evacuee,,Evacuee;163;in triage state;G;is at the evacuation site
0,1254,filterLoc,,
0,1255,evacuee,,Evacuee;166;in triage state;G;is at the evacuation site
0,1257,filterLoc,,
0,1258,evacuee,,Evacuee;16;in triage state;G;is at the evacuation site
0,1260,filterLoc,,
0,1261,evacuee,,Evacuee;242;in triage state;G;is at the evacuation site
0,1263,filterLoc,,
0,1264,evacuee,,Evacuee;178;in triage state;G;is at the evacuation site
0,1266,filterLoc,,
0,1267,evacuee,,Evacuee;438;in triage state;G;is at the evacuation site
0,1269,filterLoc,,
0,1270,evacuee,,Evacuee;146;in triage state;G;is at the evacuation site
0,1272,filterLoc,,
0,1273,evacuee,,Evacuee;167;in triage state;G;is at the evacuation site
0,1275,filterLoc,,
0,1276,evacuee,,Evacuee;145;in triage state;G;is at the evacuation site
0,1278,filterLoc,,
0,1279,evacuee,,Evacuee;168;in triage state;G;is at the evacuation site
0,1281,filterLoc,,
0,1282,evacuee,,Evacuee;176;in triage state;G;is at the evacuation site
0,1284,filterLoc,,
0,1285,evacuee,,Evacuee;230;in triage state;G;is at the evacuation site
0,1287,filterLoc,,
0,1288,evacuee,,Evacuee;169;in triage state;G;is at the evacuation site
0,1290,filterLoc,,
0,1291,evacuee,,Evacuee;170;in triage state;G;is at the evacuation site
0,1293,filterLoc,,
0,1294,evacuee,,Evacuee;171;in triage state;G;is at the evacuation site
0,1296,filterLoc,,
0,1297,evacuee,,Evacuee;174;in triage state;G;is at the evacuation site
0,1299,filterLoc,,
0,1300,evacuee,,Evacuee;177;in triage state;G;is at the evacuation site
0,1302,filterLoc,,
0,1303,evacuee,,Evacuee;435;in triage state;G;is at the evacuation site
0,1305,filterLoc,,
0,1306,evacuee,,Evacuee;58;in triage state;G;is at the evacuation site
0,1308,filterLoc,,
0,1309,evacuee,,Evacuee;203;in triage state;G;is at the evacuation site
0,1311,filterLoc,,
0,1312,evacuee,,Evacuee;232;in triage state;G;is at the evacuation site
0,1314,filterLoc,,
0,1315,evacuee,,Evacuee;183;in triage state;G;is at the evacuation site
0,1317,filterLoc,,
0,1318,evacuee,,Evacuee;184;in triage state;G;is at the evacuation site
0,1320,filterLoc,,
0,1321,evacuee,,Evacuee;185;in triage state;G;is at the evacuation site
0,1323,filterLoc,,
0,1324,evacuee,,Evacuee;186;in triage state;G;is at the evacuation site
0,1326,filterLoc,,
0,1327,evacuee,,Evacuee;417;in triage state;G;is at the evacuation site
0,1329,filterLoc,,
0,1330,evacuee,,Evacuee;217;in triage state;G;is at the evacuation site
0,1332,filterLoc,,
0,1333,evacuee,,Evacuee;189;in triage state;G;is at the evacuation site
0,1335,filterLoc,,
0,1336,evacuee,,Evacuee;253;in triage state;G;is at the evacuation site
0,1338,filterLoc,,
0,1339,evacuee,,Evacuee;191;in triage state;G;is at the evacuation site
0,1341,filterLoc,,
0,1342,evacuee,,Evacuee;314;in triage state;G;is at the evacuation site
0,1344,filterLoc,,
0,1345,evacuee,,Evacuee;249;in triage state;G;is at the evacuation site
0,1347,filterLoc,,
0,1348,evacuee,,Evacuee;193;in triage state;G;is at the evacuation site
0,1350,filterLoc,,
0,1351,evacuee,,Evacuee;195;in triage state;G;is at the evacuation site
0,1353,filterLoc,,
0,1354,evacuee,,Evacuee;399;in triage state;G;is at the evacuation site
0,1356,filterLoc,,
0,1357,evacuee,,Evacuee;197;in triage state;G;is at the evacuation site
0,1359,filterLoc,,
0,1360,evacuee,,Evacuee;450;in triage state;G;is at the evacuation site
0,1362,filterLoc,,
0,1363,evacuee,,Evacuee;252;in triage state;G;is at the evacuation site
0,1365,filterLoc,,
0,1366,evacuee,,Evacuee;329;in triage state;G;is at the evacuation site
0,1368,filterLoc,,
0,1369,evacuee,,Evacuee;201;in triage state;G;is at the evacuation site
0,1371,filterLoc,,
0,1372,evacuee,,Evacuee;11;in triage state;G;is at the evacuation site
0,1374,filterLoc,,
0,1375,evacuee,,Evacuee;202;in triage state;G;is at the evacuation site
0,1377,filterLoc,,
0,1378,evacuee,,Evacuee;390;in triage state;G;is at the evacuation site
0,1380,filterLoc,,
0,1381,evacuee,,Evacuee;204;in triage state;G;is at the evacuation site
0,1383,filterLoc,,
0,1384,evacuee,,Evacuee;275;in triage state;G;is at the evacuation site
0,1386,filterLoc,,
0,1387,evacuee,,Evacuee;205;in triage state;G;is at the evacuation site
0,1389,filterLoc,,
0,1390,evacuee,,Evacuee;323;in triage state;G;is at the evacuation site
0,1392,filterLoc,,
0,1393,evacuee,,Evacuee;180;in triage state;G;is at the evacuation site
0,1395,filterLoc,,
0,1396,evacuee,,Evacuee;206;in triage state;G;is at the evacuation site
0,1398,filterLoc,,
0,1399,evacuee,,Evacuee;69;in triage state;G;is at the evacuation site
0,1401,filterLoc,,
0,1402,evacuee,,Evacuee;207;in triage state;G;is at the evacuation site
0,1404,filterLoc,,
0,1405,evacuee,,Evacuee;27;in triage state;G;is at the evacuation site
0,1407,filterLoc,,
0,1408,evacuee,,Evacuee;211;in triage state;G;is at the evacuation site
0,1410,filterLoc,,
0,1411,evacuee,,Evacuee;294;in triage state;G;is at the evacuation site
0,1413,filterLoc,,
0,1414,evacuee,,Evacuee;214;in triage state;G;is at the evacuation site
0,1416,filterLoc,,
0,1417,evacuee,,Evacuee;12;in triage state;G;is at the evacuation site
0,1419,filterLoc,,
0,1420,evacuee,,Evacuee;216;in triage state;G;is at the evacuation site
0,1422,filterLoc,,
0,1423,evacuee,,Evacuee;219;in triage state;G;is at the evacuation site
0,1425,filterLoc,,
0,1426,evacuee,,Evacuee;221;in triage state;G;is at the evacuation site
0,1428,filterLoc,,
0,1429,evacuee,,Evacuee;224;in triage state;G;is at the evacuation site
0,1431,filterLoc,,
0,1432,evacuee,,Evacuee;339;in triage state;G;is at the evacuation site
0,1434,filterLoc,,
0,1435,evacuee,,Evacuee;225;in triage state;G;is at the evacuation site
0,1437,filterLoc,,
0,1438,evacuee,,Evacuee;164;in triage state;G;is at the evacuation site
0,1440,filterLoc,,
0,1441,evacuee,,Evacuee;226;in triage state;G;is at the evacuation site
0,1443,filterLoc,,
0,1444,evacuee,,Evacuee;464;in triage state;G;is at the evacuation site
0,1446,filterLoc,,
0,1447,evacuee,,Evacuee;227;in triage state;G;is at the evacuation site
0,1449,filterLoc,,
0,1450,evacuee,,Evacuee;267;in triage state;G;is at the evacuation site
0,1452,filterLoc,,
0,1453,evacuee,,Evacuee;73;in triage state;G;is at the evacuation site
0,1455,filterLoc,,
0,1456,evacuee,,Evacuee;233;in triage state;G;is at the evacuation site
0,1458,filterLoc,,
0,1459,evacuee,,Evacuee;236;in triage state;G;is at the evacuation site
0,1461,filterLoc,,
0,1462,evacuee,,Evacuee;7;in triage state;G;is at the evacuation site
0,1464,filterLoc,,
0,1465,evacuee,,Evacuee;237;in triage state;G;is at the evacuation site
0,1467,filterLoc,,
0,1468,evacuee,,Evacuee;238;in triage state;G;is at the evacuation site
0,1470,filterLoc,,
0,1471,evacuee,,Evacuee;113;in triage state;G;is at the evacuation site
0,1473,filterLoc,,
0,1474,evacuee,,Evacuee;239;in triage state;G;is at the evacuation site
0,1476,filterLoc,,
0,1477,evacuee,,Evacuee;243;in triage state;G;is at the evacuation site
0,1479,filterLoc,,
0,1480,evacuee,,Evacuee;96;in triage state;G;is at the evacuation site
0,1482,filterLoc,,
0,1483,evacuee,,Evacuee;244;in triage state;G;is at the evacuation site
0,1485,filterLoc,,
0,1486,evacuee,,Evacuee;247;in triage state;G;is at the evacuation site
0,1488,filterLoc,,
0,1489,evacuee,,Evacuee;59;in triage state;G;is at the evacuation site
0,1491,filterLoc,,
0,1492,evacuee,,Evacuee;248;in triage state;G;is at the evacuation site
0,1494,filterLoc,,
0,1495,evacuee,,Evacuee;467;in triage state;G;is at the evacuation site
0,1497,filterLoc,,
0,1498,evacuee,,Evacuee;298;in triage state;G;is at the evacuation site
0,1500,filterLoc,,
0,1501,evacuee,,Evacuee;254;in triage state;G;is at the evacuation site
0,1503,filterLoc,,
0,1504,evacuee,,Evacuee;257;in triage state;G;is at the evacuation site
0,1506,filterLoc,,
0,1507,evacuee,,Evacuee;210;in triage state;G;is at the evacuation site
0,1509,filterLoc,,
0,1510,evacuee,,Evacuee;258;in triage state;G;is at the evacuation site
0,4,helipadManager,outHQ,0
0,4,helipadManager,,;No helos are at ES
0,5,helicopterQueue,,;No helos are waiting to land
0,8,evacuee,,Evacuee;501;in triage state;R;is at the evacuation site
0,11,evacuee,,Evacuee;500;in triage state;R;is at the evacuation site
0,14,evacuee,,Evacuee;494;in triage state;Y;is at the evacuation site
0,17,evacuee,,Evacuee;492;in triage state;Y;is at the evacuation site
0,20,evacuee,,Evacuee;489;in triage state;Y;is at the evacuation site
0,23,evacuee,,Evacuee;486;in triage state;Y;is at the evacuation site
0,26,evacuee,,Evacuee;484;in triage state;Y;is at the evacuation site
0,29,evacuee,,Evacuee;483;in triage state;Y;is at the evacuation site
0,32,evacuee,,Evacuee;482;in triage state;Y;is at the evacuation site
0,35,evacuee,,Evacuee;499;in triage state;R;is at the evacuation site
0,38,evacuee,,Evacuee;479;in triage state;Y;is at the evacuation site
0,41,evacuee,,Evacuee;478;in triage state;Y;is at the evacuation site
0,44,evacuee,,Evacuee;476;in triage state;G;is at the evacuation site
0,47,evacuee,,Evacuee;475;in triage state;G;is at the evacuation site
0,50,evacuee,,Evacuee;472;in triage state;G;is at the evacuation site
0,53,evacuee,,Evacuee;471;in triage state;G;is at the evacuation site
0,56,evacuee,,Evacuee;468;in triage state;G;is at the evacuation site
0,59,evacuee,,Evacuee;463;in triage state;G;is at the evacuation site
0,62,evacuee,,Evacuee;462;in triage state;G;is at the evacuation site
0,65,evacuee,,Evacuee;461;in triage state;G;is at the evacuation site
0,68,evacuee,,Evacuee;459;in triage state;G;is at the evacuation site
0,71,evacuee,,Evacuee;495;in triage state;Y;is at the evacuation site
0,74,evacuee,,Evacuee;458;in triage state;G;is at the evacuation site
0,77,evacuee,,Evacuee;456;in triage state;G;is at the evacuation site
0,80,evacuee,,Evacuee;455;in triage state;G;is at the evacuation site
0,83,evacuee,,Evacuee;448;in triage state;G;is at the evacuation site
0,86,evacuee,,Evacuee;445;in triage state;G;is at the evacuation site
0,89,evacuee,,Evacuee;442;in triage state;G;is at the evacuation site
0,92,evacuee,,Evacuee;441;in triage state;G;is at the evacuation site
0,95,evacuee,,Evacuee;439;in triage state;G;is at the evacuation site
0,98,evacuee,,Evacuee;437;in triage state;G;is at the evacuation site
0,101,evacuee,,Evacuee;436;in triage state;G;is at the evacuation site
0,104,evacuee,,Evacuee;434;in triage state;G;is at the evacuation site
0,107,evacuee,,Evacuee;433;in triage state;G;is at the evacuation site
0,110,evacuee,,Evacuee;428;in triage state;G;is at the evacuation site
0,113,evacuee,,Evacuee;426;in triage state;G;is at the evacuation site
0,116,evacuee,,Evacuee;423;in triage state;G;is at the evacuation site
0,119,evacuee,,Evacuee;420;in triage state;G;is at the evacuation site
0,122,evacuee,,Evacuee;419;in triage state;G;is at the evacuation site
0,125,evacuee,,Evacuee;414;in triage state;G;is at the evacuation site
0,128,evacuee,,Evacuee;411;in triage state;G;is at the evacuation site
0,131,evacuee,,Evacuee;422;in triage state;G;is at the evacuation site
0,134,evacuee,,Evacuee;409;in triage state;G;is at the evacuation site
0,137,evacuee,,Evacuee;408;in triage state;G;is at the evacuation site
0,140,evacuee,,Evacuee;406;in triage state;G;is at the evacuation site
0,143,evacuee,,Evacuee;404;in triage state;G;is at the evacuation site
0,146,evacuee,,Evacuee;403;in triage state;G;is at the evacuation site
0,149,evacuee,,Evacuee;401;in triage state;G;is at the evacuation site
0,152,evacuee,,Evacuee;398;in triage state;G;is at the evacuation site
0,155,evacuee,,Evacuee;397;in triage state;G;is at the evacuation site
0,158,evacuee,,Evacuee;452;in triage state;G;is at the evacuation site
0,161,evacuee,,Evacuee;396;in triage state;G;is at the evacuation site
0,164,evacuee,,Evacuee;395;in triage state;G;is at the evacuation site
0,167,evacuee,,Evacuee;393;in triage state;G;is at the evacuation site
0,170,evacuee,,Evacuee;392;in triage state;G;is at the evacuation site
0,173,evacuee,,Evacuee;389;in triage state;G;is at the evacuation site
0,176,evacuee,,Evacuee;384;in triage state;G;is at the evacuation site
0,179,evacuee,,Evacuee;430;in triage state;G;is at the evacuation site
0,182,evacuee,,Evacuee;383;in triage state;G;is at the evacuation site
0,185,evacuee,,Evacuee;480;in triage state;Y;is at the evacuation site
0,188,evacuee,,Evacuee;382;in triage state;G;is at the evacuation site
0,191,evacuee,,Evacuee;381;in triage state;G;is at the evacuation site
0,194,evacuee,,Evacuee;427;in triage state;G;is at the evacuation site
0,197,evacuee,,Evacuee;380;in triage state;G;is at the evacuation site
0,200,evacuee,,Evacuee;379;in triage state;G;is at the evacuation site
0,203,evacuee,,Evacuee;378;in triage state;G;is at the evacuation site
0,206,evacuee,,Evacuee;377;in triage state;G;is at the evacuation site
0,209,evacuee,,Evacuee;375;in triage state;G;is at the evacuation site
0,212,evacuee,,Evacuee;374;in triage state;G;is at the evacuation site
0,215,evacuee,,Evacuee;372;in triage state;G;is at the evacuation site
0,218,evacuee,,Evacuee;371;in triage state;G;is at the evacuation site
0,222,evacuee,,Evacuee;370;in triage state;G;is at the evacuation site
0,225,evacuee,,Evacuee;457;in triage state;G;is at the evacuation site
0,228,evacuee,,Evacuee;369;in triage state;G;is at the evacuation site
0,231,evacuee,,Evacuee;366;in triage state;G;is at the evacuation site
0,234,evacuee,,Evacuee;362;in triage state;G;is at the evacuation site
0,237,evacuee,,Evacuee;425;in triage state;G;is at the evacuation site
0,240,evacuee,,Evacuee;360;in triage state;G;is at the evacuation site
0,243,evacuee,,Evacuee;357;in triage state;G;is at the evacuation site
0,246,evacuee,,Evacuee;354;in triage state;G;is at the evacuation site
0,249,evacuee,,Evacuee;353;in triage state;G;is at the evacuation site
0,252,evacuee,,Evacuee;351;in triage state;G;is at the evacuation site
0,255,evacuee,,Evacuee;349;in triage state;G;is at the evacuation site
0,258,evacuee,,Evacuee;348;in triage state;G;is at the evacuation site
0,261,evacuee,,Evacuee;346;in triage state;G;is at the evacuation site
0,264,evacuee,,Evacuee;341;in triage state;G;is at the evacuation site
0,267,evacuee,,Evacuee;340;in triage state;G;is at the evacuation site
0,270,evacuee,,Evacuee;338;in triage state;G;is at the evacuation site
0,273,evacuee,,Evacuee;335;in triage state;G;is at the evacuation site
0,276,evacuee,,Evacuee;331;in triage state;G;is at the evacuation site
0,279,evacuee,,Evacuee;503;in triage state;R;is at the evacuation site
0,282,evacuee,,Evacuee;330;in triage state;G;is at the evacuation site
0,285,evacuee,,Evacuee;328;in triage state;G;is at the evacuation site
0,288,evacuee,,Evacuee;327;in triage state;G;is at the evacuation site
0,291,evacuee,,Evacuee;410;in triage state;G;is at the evacuation site
0,294,evacuee,,Evacuee;326;in triage state;G;is at the evacuation site
0,297,evacuee,,Evacuee;466;in triage state;G;is at the evacuation site
0,300,evacuee,,Evacuee;325;in triage state;G;is at the evacuation site
0,303,evacuee,,Evacuee;365;in triage state;G;is at the evacuation site
0,306,evacuee,,Evacuee;322;in triage state;G;is at the evacuation site
0,309,evacuee,,Evacuee;321;in triage state;G;is at the evacuation site
0,312,evacuee,,Evacuee;319;in triage state;G;is at the evacuation site
0,315,evacuee,,Evacuee;318;in triage state;G;is at the evacuation site
0,318,evacuee,,Evacuee;317;in triage state;G;is at the evacuation site
0,321,evacuee,,Evacuee;460;in triage state;G;is at the evacuation site
0,324,evacuee,,Evacuee;316;in triage state;G;is at the evacuation site
0,327,evacuee,,Evacuee;446;in triage state;G;is at the evacuation site
0,330,evacuee,,Evacuee;313;in triage state;G;is at the evacuation site
0,333,evacuee,,Evacuee;443;in triage state;G;is at the evacuation site
0,336,evacuee,,Evacuee;312;in triage state;G;is at the evacuation site
0,339,evacuee,,Evacuee;309;in triage state;G;is at the evacuation site
0,342,evacuee,,Evacuee;306;in triage state;G;is at the evacuation site
0,345,evacuee,,Evacuee;305;in triage state;G;is at the evacuation site
0,348,evacuee,,Evacuee;303;in triage state;G;is at the evacuation site
0,351,evacuee,,Evacuee;295;in triage state;G;is at the evacuation site
0,354,evacuee,,Evacuee;352;in triage state;G;is at the evacuation site
0,357,evacuee,,Evacuee;293;in triage state;G;is at the evacuation site
0,360,evacuee,,Evacuee;488;in triage state;Y;is at the evacuation site
0,363,evacuee,,Evacuee;413;in triage state;G;is at the evacuation site
0,366,evacuee,,Evacuee;292;in triage state;G;is at the evacuation site
0,369,evacuee,,Evacuee;291;in triage state;G;is at the evacuation site
0,372,evacuee,,Evacuee;290;in triage state;G;is at the evacuation site
0,375,evacuee,,Evacuee;350;in triage state;G;is at the evacuation site
0,378,evacuee,,Evacuee;288;in triage state;G;is at the evacuation site
0,381,evacuee,,Evacuee;287;in triage state;G;is at the evacuation site
0,384,evacuee,,Evacuee;415;in triage state;G;is at the evacuation site
0,387,evacuee,,Evacuee;376;in triage state;G;is at the evacuation site
0,390,evacuee,,Evacuee;284;in triage state;G;is at the evacuation site
0,393,evacuee,,Evacuee;283;in triage state;G;is at the evacuation site
0,396,evacuee,,Evacuee;282;in triage state;G;is at the evacuation site
0,399,evacuee,,Evacuee;281;in triage state;G;is at the evacuation site
0,402,evacuee,,Evacuee;280;in triage state;G;is at the evacuation site
0,405,evacuee,,Evacuee;333;in triage state;G;is at the evacuation site
0,408,evacuee,,Evacuee;279;in triage state;G;is at the evacuation site
0,411,evacuee,,Evacuee;278;in triage state;G;is at the evacuation site
0,414,evacuee,,Evacuee;277;in triage state;G;is at the evacuation site
0,417,evacuee,,Evacuee;315;in triage state;G;is at the evacuation site
0,420,evacuee,,Evacuee;274;in triage state;G;is at the evacuation site
0,423,evacuee,,Evacuee;273;in triage state;G;is at the evacuation site
0,426,evacuee,,Evacuee;337;in triage state;G;is at the evacuation site
0,429,evacuee,,Evacuee;301;in triage state;G;is at the evacuation site
0,432,evacuee,,Evacuee;272;in triage state;G;is at the evacuation site
0,435,evacuee,,Evacuee;270;in triage state;G;is at the evacuation site
0,438,evacuee,,Evacuee;264;in triage state;G;is at the evacuation site
0,441,evacuee,,Evacuee;262;in triage state;G;is at the evacuation site
0,444,evacuee,,Evacuee;260;in triage state;G;is at the evacuation site
0,447,evacuee,,Evacuee;259;in triage state;G;is at the evacuation site
0,450,evacuee,,Evacuee;125;in triage state;G;is at the evacuation site
0,453,evacuee,,Evacuee;114;in triage state;G;is at the evacuation site
0,456,evacuee,,Evacuee;289;in triage state;G;is at the evacuation site
0,459,evacuee,,Evacuee;88;in triage state;G;is at the evacuation site
0,462,evacuee,,Evacuee;449;in triage state;G;is at the evacuation site
0,465,evacuee,,Evacuee;122;in triage state;G;is at the evacuation site
0,468,evacuee,,Evacuee;108;in triage state;G;is at the evacuation site
0,471,evacuee,,Evacuee;276;in triage state;G;is at the evacuation site
0,474,evacuee,,Evacuee;121;in triage state;G;is at the evacuation site
0,477,evacuee,,Evacuee;386;in triage state;G;is at the evacuation site
0,480,evacuee,,Evacuee;117;in triage state;G;is at the evacuation site
0,483,evacuee,,Evacuee;192;in triage state;G;is at the evacuation site
0,486,evacuee,,Evacuee;432;in triage state;G;is at the evacuation site
0,489,evacuee,,Evacuee;245;in triage state;G;is at the evacuation site
0,492,evacuee,,Evacuee;310;in triage state;G;is at the evacuation site
0,495,evacuee,,Evacuee;118;in triage state;G;is at the evacuation site
0,498,evacuee,,Evacuee;502;in triage state;R;is at the evacuation site
0,501,evacuee,,Evacuee;491;in triage state;Y;is at the evacuation site
0,504,evacuee,,Evacuee;470;in triage state;G;is at the evacuation site
0,507,evacuee,,Evacuee;469;in triage state;G;is at the evacuation site
0,510,evacuee,,Evacuee;215;in triage state;G;is at the evacuation site
0,513,evacuee,,Evacuee;345;in triage state;G;is at the evacuation site
0,516,evacuee,,Evacuee;302;in triage state;G;is at the evacuation site
0,519,evacuee,,Evacuee;112;in triage state;G;is at the evacuation site
0,522,evacuee,,Evacuee;299;in triage state;G;is at the evacuation site
0,525,evacuee,,Evacuee;109;in triage state;G;is at the evacuation site
0,528,evacuee,,Evacuee;373;in triage state;G;is at the evacuation site
0,531,evacuee,,Evacuee;358;in triage state;G;is at the evacuation site
0,534,evacuee,,Evacuee;188;in triage state;G;is at the evacuation site
0,537,evacuee,,Evacuee;106;in triage state;G;is at the evacuation site
0,540,evacuee,,Evacuee;311;in triage state;G;is at the evacuation site
0,543,evacuee,,Evacuee;148;in triage state;G;is at the evacuation site
0,546,evacuee,,Evacuee;235;in triage state;G;is at the evacuation site
0,549,evacuee,,Evacuee;105;in triage state;G;is at the evacuation site
0,552,evacuee,,Evacuee;424;in triage state;G;is at the evacuation site
0,555,evacuee,,Evacuee;269;in triage state;G;is at the evacuation site
0,558,evacuee,,Evacuee;103;in triage state;G;is at the evacuation site
0,561,evacuee,,Evacuee;124;in triage state;G;is at the evacuation site
0,564,evacuee,,Evacuee;111;in triage state;G;is at the evacuation site
0,567,evacuee,,Evacuee;39;in triage state;G;is at the evacuation site
0,570,evacuee,,Evacuee;228;in triage state;G;is at the evacuation site
0,573,evacuee,,Evacuee;497;in triage state;Y;is at the evacuation site
0,576,evacuee,,Evacuee;101;in triage state;G;is at the evacuation site
0,579,evacuee,,Evacuee;142;in triage state;G;is at the evacuation site
0,582,evacuee,,Evacuee;99;in triage state;G;is at the evacuation site
0,585,evacuee,,Evacuee;485;in triage state;Y;is at the evacuation site
0,588,evacuee,,Evacuee;324;in triage state;G;is at the evacuation site
0,591,evacuee,,Evacuee;95;in triage state;G;is at the evacuation site
0,594,evacuee,,Evacuee;447;in triage state;G;is at the evacuation site
0,597,evacuee,,Evacuee;361;in triage state;G;is at the evacuation site
0,600,evacuee,,Evacuee;342;in triage state;G;is at the evacuation site
0,603,evacuee,,Evacuee;93;in triage state;G;is at the evacuation site
0,606,evacuee,,Evacuee;136;in triage state;G;is at the evacuation site
0,609,evacuee,,Evacuee;412;in triage state;G;is at the evacuation site
0,612,evacuee,,Evacuee;90;in triage state;G;is at the evacuation site
0,615,evacuee,,Evacuee;83;in triage state;G;is at the evacuation site
0,618,evacuee,,Evacuee;127;in triage state;G;is at the evacuation site
0,621,evacuee,,Evacuee;49;in triage state;G;is at the evacuation site
0,624,evacuee,,Evacuee;87;in triage state;G;is at the evacuation site
0,627,evacuee,,Evacuee;297;in triage state;G;is at the evacuation site
0,630,evacuee,,Evacuee;86;in triage state;G;is at the evacuation site
0,633,evacuee,,Evacuee;51;in triage state;G;is at the evacuation site
0,636,evacuee,,Evacuee;444;in triage state;G;is at the evacuation site
0,639,evacuee,,Evacuee;80;in triage state;G;is at the evacuation site
0,642,evacuee,,Evacuee;79;in triage state;G;is at the evacuation site
0,645,evacuee,,Evacuee;115;in triage state;G;is at the evacuation site
0,648,evacuee,,Evacuee;98;in triage state;G;is at the evacuation site
0,651,evacuee,,Evacuee;356;in triage state;G;is at the evacuation site
0,654,evacuee,,Evacuee;78;in triage state;G;is at the evacuation site
0,657,evacuee,,Evacuee;213;in triage state;G;is at the evacuation site
0,660,evacuee,,Evacuee;344;in triage state;G;is at the evacuation site
0,663,evacuee,,Evacuee;77;in triage state;G;is at the evacuation site
0,666,evacuee,,Evacuee;156;in triage state;G;is at the evacuation site
0,669,evacuee,,Evacuee;300;in triage state;G;is at the evacuation site
0,672,evacuee,,Evacuee;165;in triage state;G;is at the evacuation site
0,675,evacuee,,Evacuee;454;in triage state;G;is at the evacuation site
0,678,evacuee,,Evacuee;440;in triage state;G;is at the evacuation site
0,681,evacuee,,Evacuee;76;in triage state;G;is at the evacuation site
0,684,evacuee,,Evacuee;431;in triage state;G;is at the evacuation site
0,687,evacuee,,Evacuee;74;in triage state;G;is at the evacuation site
0,690,evacuee,,Evacuee;363;in triage state;G;is at the evacuation site
0,693,evacuee,,Evacuee;251;in triage state;G;is at the evacuation site
0,696,evacuee,,Evacuee;128;in triage state;G;is at the evacuation site
0,699,evacuee,,Evacuee;134;in triage state;G;is at the evacuation site
0,702,evacuee,,Evacuee;199;in triage state;G;is at the evacuation site
0,705,evacuee,,Evacuee;66;in triage state;G;is at the evacuation site
0,708,evacuee,,Evacuee;62;in triage state;G;is at the evacuation site
0,711,evacuee,,Evacuee;223;in triage state;G;is at the evacuation site
0,714,evacuee,,Evacuee;135;in triage state;G;is at the evacuation site
0,717,evacuee,,Evacuee;15;in triage state;G;is at the evacuation site
0,720,evacuee,,Evacuee;474;in triage state;G;is at the evacuation site
0,723,evacuee,,Evacuee;17;in triage state;G;is at the evacuation site
0,726,evacuee,,Evacuee;481;in triage state;Y;is at the evacuation site
0,729,evacuee,,Evacuee;179;in triage state;G;is at the evacuation site
0,732,evacuee,,Evacuee;147;in triage state;G;is at the evacuation site
0,735,evacuee,,Evacuee;65;in triage state;G;is at the evacuation site
0,738,evacuee,,Evacuee;14;in triage state;G;is at the evacuation site
0,741,evacuee,,Evacuee;218;in triage state;G;is at the evacuation site
0,744,evacuee,,Evacuee;2;in triage state;G;is at the evacuation site
0,747,evacuee,,Evacuee;33;in triage state;G;is at the evacuation site
0,750,evacuee,,Evacuee;271;in triage state;G;is at the evacuation site
0,753,evacuee,,Evacuee;9;in triage state;G;is at the evacuation site
0,756,evacuee,,Evacuee;25;in triage state;G;is at the evacuation site
0,759,evacuee,,Evacuee;334;in triage state;G;is at the evacuation site
0,762,evacuee,,Evacuee;70;in triage state;G;is at the evacuation site
0,765,evacuee,,Evacuee;5;in triage state;G;is at the evacuation site
0,768,evacuee,,Evacuee;250;in triage state;G;is at the evacuation site
0,771,evacuee,,Evacuee;107;in triage state;G;is at the evacuation site
0,774,evacuee,,Evacuee;229;in triage state;G;is at the evacuation site
0,777,evacuee,,Evacuee;110;in triage state;G;is at the evacuation site
0,780,evacuee,,Evacuee;141;in triage state;G;is at the evacuation site
0,783,evacuee,,Evacuee;133;in triage state;G;is at the evacuation site
0,786,evacuee,,Evacuee;493;in triage state;Y;is at the evacuation site
0,789,evacuee,,Evacuee;473;in triage state;G;is at the evacuation site
0,792,evacuee,,Evacuee;400;in triage state;G;is at the evacuation site
0,795,evacuee,,Evacuee;268;in triage state;G;is at the evacuation site
0,798,evacuee,,Evacuee;100;in triage state;G;is at the evacuation site
0,801,evacuee,,Evacuee;29;in triage state;G;is at the evacuation site
0,804,evacuee,,Evacuee;158;in triage state;G;is at the evacuation site
0,807,evacuee,,Evacuee;187;in triage state;G;is at the evacuation site
0,810,evacuee,,Evacuee;85;in triage state;G;is at the evacuation site
0,813,evacuee,,Evacuee;487;in triage state;Y;is at the evacuation site
0,816,evacuee,,Evacuee;71;in triage state;G;is at the evacuation site
0,819,evacuee,,Evacuee;332;in triage state;G;is at the evacuation site
0,822,evacuee,,Evacuee;81;in triage state;G;is at the evacuation site
0,825,evacuee,,Evacuee;104;in triage state;G;is at the evacuation site
0,828,evacuee,,Evacuee;40;in triage state;G;is at the evacuation site
0,831,evacuee,,Evacuee;97;in triage state;G;is at the evacuation site
0,834,evacuee,,Evacuee;453;in triage state;G;is at the evacuation site
0,837,evacuee,,Evacuee;285;in triage state;G;is at the evacuation site
0,840,evacuee,,Evacuee;89;in triage state;G;is at the evacuation site
0,843,evacuee,,Evacuee;394;in triage state;G;is at the evacuation site
0,846,evacuee,,Evacuee;240;in triage state;G;is at the evacuation site
0,849,evacuee,,Evacuee;8;in triage state;G;is at the evacuation site
0,852,evacuee,,Evacuee;3;in triage state;G;is at the evacuation site
0,855,evacuee,,Evacuee;172;in triage state;G;is at the evacuation site
0,858,evacuee,,Evacuee;256;in triage state;G;is at the evacuation site
0,861,evacuee,,Evacuee;347;in triage state;G;is at the evacuation site
0,864,evacuee,,Evacuee;82;in triage state;G;is at the evacuation site
0,867,evacuee,,Evacuee;54;in triage state;G;is at the evacuation site
0,870,evacuee,,Evacuee;368;in triage state;G;is at the evacuation site
0,873,evacuee,,Evacuee;4;in triage state;G;is at the evacuation site
0,876,evacuee,,Evacuee;18;in triage state;G;is at the evacuation site
0,879,evacuee,,Evacuee;387;in triage state;G;is at the evacuation site
0,882,evacuee,,Evacuee;246;in triage state;G;is at the evacuation site
0,885,evacuee,,Evacuee;22;in triage state;G;is at the evacuation site
0,888,evacuee,,Evacuee;92;in triage state;G;is at the evacuation site
0,891,evacuee,,Evacuee;44;in triage state;G;is at the evacuation site
0,894,evacuee,,Evacuee;150;in triage state;G;is at the evacuation site
0,897,evacuee,,Evacuee;119;in triage state;G;is at the evacuation site
0,900,evacuee,,Evacuee;6;in triage state;G;is at the evacuation site
0,903,evacuee,,Evacuee;173;in triage state;G;is at the evacuation site
0,906,evacuee,,Evacuee;157;in triage state;G;is at the evacuation site
0,909,evacuee,,Evacuee;451;in triage state;G;is at the evacuation site
0,912,evacuee,,Evacuee;359;in triage state;G;is at the evacuation site
0,915,evacuee,,Evacuee;286;in triage state;G;is at the evacuation site
0,918,evacuee,,Evacuee;196;in triage state;G;is at the evacuation site
0,921,evacuee,,Evacuee;407;in triage state;G;is at the evacuation site
0,924,evacuee,,Evacuee;132;in triage state;G;is at the evacuation site
0,927,evacuee,,Evacuee;31;in triage state;G;is at the evacuation site
0,930,evacuee,,Evacuee;38;in triage state;G;is at the evacuation site
0,933,evacuee,,Evacuee;10;in triage state;G;is at the evacuation site
0,936,evacuee,,Evacuee;26;in triage state;G;is at the evacuation site
0,939,evacuee,,Evacuee;343;in triage state;G;is at the evacuation site
0,942,evacuee,,Evacuee;241;in triage state;G;is at the evacuation site
0,945,evacuee,,Evacuee;418;in triage state;G;is at the evacuation site
0,948,evacuee,,Evacuee;75;in triage state;G;is at the evacuation site
0,951,evacuee,,Evacuee;37;in triage state;G;is at the evacuation site
0,954,evacuee,,Evacuee;496;in triage state;Y;is at the evacuation site
0,957,evacuee,,Evacuee;209;in triage state;G;is at the evacuation site
0,960,evacuee,,Evacuee;402;in triage state;G;is at the evacuation site
0,963,evacuee,,Evacuee;320;in triage state;G;is at the evacuation site
0,966,evacuee,,Evacuee;116;in triage state;G;is at the evacuation site
0,969,evacuee,,Evacuee;61;in triage state;G;is at the evacuation site
0,972,evacuee,,Evacuee;52;in triage state;G;is at the evacuation site
0,975,evacuee,,Evacuee;41;in triage state;G;is at the evacuation site
0,978,evacuee,,Evacuee;304;in triage state;G;is at the evacuation site
0,981,evacuee,,Evacuee;154;in triage state;G;is at the evacuation site
0,984,evacuee,,Evacuee;421;in triage state;G;is at the evacuation site
0,987,evacuee,,Evacuee;405;in triage state;G;is at the evacuation site
0,990,evacuee,,Evacuee;21;in triage state;G;is at the evacuation site
0,993,evacuee,,Evacuee;68;in triage state;G;is at the evacuation site
0,996,evacuee,,Evacuee;72;in triage state;G;is at the evacuation site
0,999,evacuee,,Evacuee;46;in triage state;G;is at the evacuation site
0,1002,evacuee,,Evacuee;53;in triage state;G;is at the evacuation site
0,1005,evacuee,,Evacuee;220;in triage state;G;is at the evacuation site
0,1008,evacuee,,Evacuee;355;in triage state;G;is at the evacuation site
0,1011,evacuee,,Evacuee;23;in triage state;G;is at the evacuation site
0,1014,evacuee,,Evacuee;200;in triage state;G;is at the evacuation site
0,1017,evacuee,,Evacuee;255;in triage state;G;is at the evacuation site
0,1020,evacuee,,Evacuee;13;in triage state;G;is at the evacuation site
0,1023,evacuee,,Evacuee;24;in triage state;G;is at the evacuation site
0,1026,evacuee,,Evacuee;32;in triage state;G;is at the evacuation site
0,1029,evacuee,,Evacuee;34;in triage state;G;is at the evacuation site
0,1032,evacuee,,Evacuee;64;in triage state;G;is at the evacuation site
0,1035,evacuee,,Evacuee;429;in triage state;G;is at the evacuation site
0,1038,evacuee,,Evacuee;102;in triage state;G;is at the evacuation site
0,1041,evacuee,,Evacuee;160;in triage state;G;is at the evacuation site
0,1044,evacuee,,Evacuee;20;in triage state;G;is at the evacuation site
0,1047,evacuee,,Evacuee;35;in triage state;G;is at the evacuation site
0,1050,evacuee,,Evacuee;155;in triage state;G;is at the evacuation site
0,1053,evacuee,,Evacuee;36;in triage state;G;is at the evacuation site
0,1056,evacuee,,Evacuee;198;in triage state;G;is at the evacuation site
0,1059,evacuee,,Evacuee;84;in triage state;G;is at the evacuation site
0,1062,evacuee,,Evacuee;42;in triage state;G;is at the evacuation site
0,1065,evacuee,,Evacuee;91;in triage state;G;is at the evacuation site
0,1068,evacuee,,Evacuee;43;in triage state;G;is at the evacuation site
0,1071,evacuee,,Evacuee;30;in triage state;G;is at the evacuation site
0,1074,evacuee,,Evacuee;336;in triage state;G;is at the evacuation site
0,1077,evacuee,,Evacuee;307;in triage state;G;is at the evacuation site
0,1080,evacuee,,Evacuee;212;in triage state;G;is at the evacuation site
0,1083,evacuee,,Evacuee;391;in triage state;G;is at the evacuation site
0,1086,evacuee,,Evacuee;388;in triage state;G;is at the evacuation site
0,1089,evacuee,,Evacuee;55;in triage state;G;is at the evacuation site
0,1092,evacuee,,Evacuee;48;in triage state;G;is at the evacuation site
0,1095,evacuee,,Evacuee;144;in triage state;G;is at the evacuation site
0,1098,evacuee,,Evacuee;50;in triage state;G;is at the evacuation site
0,1101,evacuee,,Evacuee;19;in triage state;G;is at the evacuation site
0,1104,evacuee,,Evacuee;182;in triage state;G;is at the evacuation site
0,1107,evacuee,,Evacuee;490;in triage state;Y;is at the evacuation site
0,1110,evacuee,,Evacuee;266;in triage state;G;is at the evacuation site
0,1113,evacuee,,Evacuee;120;in triage state;G;is at the evacuation site
0,1116,evacuee,,Evacuee;94;in triage state;G;is at the evacuation site
0,1119,evacuee,,Evacuee;63;in triage state;G;is at the evacuation site
0,1122,evacuee,,Evacuee;175;in triage state;G;is at the evacuation site
0,1125,evacuee,,Evacuee;47;in triage state;G;is at the evacuation site
0,1128,evacuee,,Evacuee;56;in triage state;G;is at the evacuation site
0,1131,evacuee,,Evacuee;367;in triage state;G;is at the evacuation site
0,1134,evacuee,,Evacuee;364;in triage state;G;is at the evacuation site
0,1137,evacuee,,Evacuee;208;in triage state;G;is at the evacuation site
0,1140,evacuee,,Evacuee;57;in triage state;G;is at the evacuation site
0,1143,evacuee,,Evacuee;231;in triage state;G;is at the evacuation site
0,1146,evacuee,,Evacuee;261;in triage state;G;is at the evacuation site
0,1149,evacuee,,Evacuee;45;in triage state;G;is at the evacuation site
0,1156,evacuee,,Evacuee;263;in triage state;G;is at the evacuation site
0,1159,evacuee,,Evacuee;190;in triage state;G;is at the evacuation site
0,1162,evacuee,,Evacuee;465;in triage state;G;is at the evacuation site
0,1165,evacuee,,Evacuee;60;in triage state;G;is at the evacuation site
0,1168,evacuee,,Evacuee;385;in triage state;G;is at the evacuation site
0,1171,evacuee,,Evacuee;181;in triage state;G;is at the evacuation site
0,1174,evacuee,,Evacuee;416;in triage state;G;is at the evacuation site
0,1177,evacuee,,Evacuee;129;in triage state;G;is at the evacuation site
0,1180,evacuee,,Evacuee;308;in triage state;G;is at the evacuation site
0,1183,evacuee,,Evacuee;131;in triage state;G;is at the evacuation site
0,1186,evacuee,,Evacuee;137;in triage state;G;is at the evacuation site
0,1189,evacuee,,Evacuee;138;in triage state;G;is at the evacuation site
0,1192,evacuee,,Evacuee;265;in triage state;G;is at the evacuation site
0,1195,evacuee,,Evacuee;139;in triage state;G;is at the evacuation site
0,1198,evacuee,,Evacuee;194;in triage state;G;is at the evacuation site
0,1201,evacuee,,Evacuee;140;in triage state;G;is at the evacuation site
0,1204,evacuee,,Evacuee;130;in triage state;G;is at the evacuation site
0,1207,evacuee,,Evacuee;143;in triage state;G;is at the evacuation site
0,1210,evacuee,,Evacuee;149;in triage state;G;is at the evacuation site
0,1213,evacuee,,Evacuee;296;in triage state;G;is at the evacuation site
0,1216,evacuee,,Evacuee;151;in triage state;G;is at the evacuation site
0,1219,evacuee,,Evacuee;222;in triage state;G;is at the evacuation site
0,1222,evacuee,,Evacuee;152;in triage state;G;is at the evacuation site
0,1225,evacuee,,Evacuee;153;in triage state;G;is at the evacuation site
0,1228,evacuee,,Evacuee;67;in triage state;G;is at the evacuation site
0,1231,evacuee,,Evacuee;123;in triage state;G;is at the evacuation site
0,1234,evacuee,,Evacuee;159;in triage state;G;is at the evacuation site
0,1237,evacuee,,Evacuee;161;in triage state;G;is at the evacuation site
0,1240,evacuee,,Evacuee;28;in triage state;G;is at the evacuation site
0,1243,evacuee,,Evacuee;126;in triage state;G;is at the evacuation site
0,1246,evacuee,,Evacuee;234;in triage state;G;is at the evacuation site
0,1249,evacuee,,Evacuee;162;in triage state;G;is at the evacuation site
0,1252,evacuee,,Evacuee;163;in triage state;G;is at the evacuation site
0,1255,evacuee,,Evacuee;166;in triage state;G;is at the evacuation site
0,1258,evacuee,,Evacuee;16;in triage state;G;is at the evacuation site
0,1261,evacuee,,Evacuee;242;in triage state;G;is at the evacuation site
0,1264,evacuee,,Evacuee;178;in triage state;G;is at the evacuation site
0,1267,evacuee,,Evacuee;438;in triage state;G;is at the evacuation site
0,1270,evacuee,,Evacuee;146;in triage state;G;is at the evacuation site
0,1273,evacuee,,Evacuee;167;in triage state;G;is at the evacuation site
0,1276,evacuee,,Evacuee;145;in triage state;G;is at the evacuation site
0,1279,evacuee,,Evacuee;168;in triage state;G;is at the evacuation site
0,1282,evacuee,,Evacuee;176;in triage state;G;is at the evacuation site
0,1285,evacuee,,Evacuee;230;in triage state;G;is at the evacuation site
0,1288,evacuee,,Evacuee;169;in triage state;G;is at the evacuation site
0,1291,evacuee,,Evacuee;170;in triage state;G;is at the evacuation site
0,1294,evacuee,,Evacuee;171;in triage state;G;is at the evacuation site
0,1297,evacuee,,Evacuee;174;in triage state;G;is at the evacuation site
0,1300,evacuee,,Evacuee;177;in triage state;G;is at the evacuation site
0,1303,evacuee,,Evacuee;435;in triage state;G;is at the evacuation site
0,1306,evacuee,,Evacuee;58;in triage state;G;is at the evacuation site
0,1309,evacuee,,Evacuee;203;in triage state;G;is at the evacuation site
0,1312,evacuee,,Evacuee;232;in triage state;G;is at the evacuation site
0,1315,evacuee,,Evacuee;183;in triage state;G;is at the evacuation site
0,1318,evacuee,,Evacuee;184;in triage state;G;is at the evacuation site
0,1321,evacuee,,Evacuee;185;in triage state;G;is at the evacuation site
0,1324,evacuee,,Evacuee;186;in triage state;G;is at the evacuation site
0,1327,evacuee,,Evacuee;417;in triage state;G;is at the evacuation site
0,1330,evacuee,,Evacuee;217;in triage state;G;is at the evacuation site
0,1333,evacuee,,Evacuee;189;in triage state;G;is at the evacuation site
0,1336,evacuee,,Evacuee;253;in triage state;G;is at the evacuation site
0,1339,evacuee,,Evacuee;191;in triage state;G;is at the evacuation site
0,1342,evacuee,,Evacuee;314;in triage state;G;is at the evacuation site
0,1345,evacuee,,Evacuee;249;in triage state;G;is at the evacuation site
0,1348,evacuee,,Evacuee;193;in triage state;G;is at the evacuation site
0,1351,evacuee,,Evacuee;195;in triage state;G;is at the evacuation site
0,1354,evacuee,,Evacuee;399;in triage state;G;is at the evacuation site
0,1357,evacuee,,Evacuee;197;in triage state;G;is at the evacuation site
0,1360,evacuee,,Evacuee;450;in triage state;G;is at the evacuation site
0,1363,evacuee,,Evacuee;252;in triage state;G;is at the evacuation site
0,1366,evacuee,,Evacuee;329;in triage state;G;is at the evacuation site
0,1369,evacuee,,Evacuee;201;in triage state;G;is at the evacuation site
0,1372,evacuee,,Evacuee;11;in triage state;G;is at the evacuation site
0,1375,evacuee,,Evacuee;202;in triage state;G;is at the evacuation site
0,1378,evacuee,,Evacuee;390;in triage state;G;is at the evacuation site
0,1381,evacuee,,Evacuee;204;in triage state;G;is at the evacuation site
0,1384,evacuee,,Evacuee;275;in triage state;G;is at the evacuation site
0,1387,evacuee,,Evacuee;205;in triage state;G;is at the evacuation site
0,1390,evacuee,,Evacuee;323;in triage state;G;is at the evacuation site
0,1393,evacuee,,Evacuee;180;in triage state;G;is at the evacuation site
0,1396,evacuee,,Evacuee;206;in triage state;G;is at the evacuation site
0,1399,evacuee,,Evacuee;69;in triage state;G;is at the evacuation site
0,1402,evacuee,,Evacuee;207;in triage state;G;is at the evacuation site
0,1405,evacuee,,Evacuee;27;in triage state;G;is at the evacuation site
0,1408,evacuee,,Evacuee;211;in triage state;G;is at the evacuation site
0,1411,evacuee,,Evacuee;294;in triage state;G;is at the evacuation site
0,1414,evacuee,,Evacuee;214;in triage state;G;is at the evacuation site
0,1417,evacuee,,Evacuee;12;in triage state;G;is at the evacuation site
0,1420,evacuee,,Evacuee;216;in triage state;G;is at the evacuation site
0,1423,evacuee,,Evacuee;219;in triage state;G;is at the evacuation site
0,1426,evacuee,,Evacuee;221;in triage state;G;is at the evacuation site
0,1429,evacuee,,Evacuee;224;in triage state;G;is at the evacuation site
0,1432,evacuee,,Evacuee;339;in triage state;G;is at the evacuation site
0,1435,evacuee,,Evacuee;225;in triage state;G;is at the evacuation site
0,1438,evacuee,,Evacuee;164;in triage state;G;is at the evacuation site
0,1441,evacuee,,Evacuee;226;in triage state;G;is at the evacuation site
0,1444,evacuee,,Evacuee;464;in triage state;G;is at the evacuation site
0,1447,evacuee,,Evacuee;227;in triage state;G;is at the evacuation site
0,1450,evacuee,,Evacuee;267;in triage state;G;is at the evacuation site
0,1453,evacuee,,Evacuee;73;in triage state;G;is at the evacuation site
0,1456,evacuee,,Evacuee;233;in triage state;G;is at the evacuation site
0,1459,evacuee,,Evacuee;236;in triage state;G;is at the evacuation site
0,1462,evacuee,,Evacuee;7;in triage state;G;is at the evacuation site
0,1465,evacuee,,Evacuee;237;in triage state;G;is at the evacuation site
0,1468,evacuee,,Evacuee;238;in triage state;G;is at the evacuation site
0,1471,evacuee,,Evacuee;113;in triage state;G;is at the evacuation site
0,1474,evacuee,,Evacuee;239;in triage state;G;is at the evacuation site
0,1477,evacuee,,Evacuee;243;in triage state;G;is at the evacuation site
0,1480,evacuee,,Evacuee;96;in triage state;G;is at the evacuation site
0,1483,evacuee,,Evacuee;244;in triage state;G;is at the evacuation site
0,1486,evacuee,,Evacuee;247;in triage state;G;is at the evacuation site
0,1489,evacuee,,Evacuee;59;in triage state;G;is at the evacuation site
0,1492,evacuee,,Evacuee;248;in triage state;G;is at the evacuation site
0,1495,evacuee,,Evacuee;467;in triage state;G;is at the evacuation site
0,1498,evacuee,,Evacuee;298;in triage state;G;is at the evacuation site
0,1501,evacuee,,Evacuee;254;in triage state;G;is at the evacuation site
0,1504,evacuee,,Evacuee;257;in triage state;G;is at the evacuation site
0,1507,evacuee,,Evacuee;210;in triage state;G;is at the evacuation site
0,1510,evacuee,,Evacuee;258;in triage state;G;is at the evacuation site
0,5,helicopterQueue,,;No helos are waiting to land
5.04886,3,evacueeManager,,OFF SHIP: White;0;Green;474;Yellow;21;Red;5;Black;0;ON SHIP: White;0;Green;0;Yellow;0;Red;0;Evacuees to Transfer;
5.04886,984,evacuee,outES,Evacuee 421 in triage category G is not assigned a helicopter
5.04886,984,evacuee,,Evacuee;421;in triage state;Y;is at the evacuation site
15.718,3,evacueeManager,,OFF SHIP: White;0;Green;474;Yellow;21;Red;4;Black;1;ON SHIP: White;0;Green;0;Yellow;0;Red;0;Evacuees to Transfer;
15.718,35,evacuee,outES,Evacuee 499 in triage category R is not assigned a helicopter
15.718,35,evacuee,,Evacuee;499;in triage state;B;is at the evacuation site
15.8627,3,evacueeManager,,OFF SHIP: White;0;Green;473;Yellow;22;Red;4;Black;1;ON SHIP: White;0;Green;0;Yellow;0;Red;0;Evacuees to Transfer;
15.8627,98,evacuee,outES,Evacuee 437 in triage category G is not assigned a helicopter
15.8627,98,evacuee,,Evacuee;437;in triage state;Y;is at the evacuation site
19.0629,3,evacueeManager,,OFF SHIP: White;0;Green;473;Yellow;21;Red;5;Black;1;ON SHIP: White;0;Green;0;Yellow;0;Red;0;Evacuees to Transfer;
19.0629,26,evacuee,outES,Evacuee 484 in triage category Y is not assigned a helicopter
19.0629,26,evacuee,,Evacuee;484;in triage state;R;is at the evacuation site
22.8365,3,evacueeManager,,OFF SHIP: White;0;Green;472;Yellow;22;Red;5;Black;1;ON SHIP: White;0;Green;0;Yellow;0;Red;0;Evacuees to Transfer;
22.8365,396,evacuee,outES,Evacuee 282 in triage category G is not assigned a helicopter
22.8365,396,evacuee,,Evacuee;282;in triage state;Y;is at the evacuation site
31.3834,3,evacueeManager,,OFF SHIP: White;0;Green;471;Yellow;23;Red;5;Black;1;ON SHIP: White;0;Green;0;Yellow;0;Red;0;Evacuees to Transfer;
31.3834,1429,evacuee,outES,Evacuee 224 in triage category G is not assigned a helicopter
31.3834,1429,evacuee,,Evacuee;224;in triage state;Y;is at the evacuation site
31.4941,3,evacueeManager,,OFF SHIP: White;0;Green;470;Yellow;24;Red;5;Black;1;ON SHIP: White;0;Green;0;Yellow;0;Red;0;Evacuees to Transfer;
31.4941,618,evacuee,outES,Evacuee 127 in triage category G is not assigned a helicopter
31.4941,618,evacuee,,Evacuee;127;in triage state;Y;is at the evacuation site
34.6636,3,evacueeManager,,OFF SHIP: White;0;Green;469;Yellow;25;Red;5;Black;1;ON SHIP: White;0;Green;0;Yellow;0;Red;0;Evacuees to Transfer;
34.6636,173,evacuee,outES,Evacuee 389 in triage category G is not assigned a helicopter
34.6636,173,evacuee,,Evacuee;389;in triage state;Y;is at the evacuation site
39.4239,3,evacueeManager,,OFF SHIP: White;0;Green;469;Yellow;24;Red;6;Black;1;ON SHIP: White;0;Green;0;Yellow;0;Red;0;Evacuees to Transfer;
39.4239,29,evacuee,outES,Evacuee 483 in triage category Y is not assigned a helicopter
39.4239,29,evacuee,,Evacuee;483;in triage state;R;is at the evacuation site
41.572,3,evacueeManager,,OFF SHIP: White;0;Green;468;Yellow;25;Red;6;Black;1;ON SHIP: White;0;Green;0;Yellow;0;Red;0;Evacuees to Transfer;
41.572,1282,evacuee,outES,Evacuee 176 in triage category G is not assigned a helicopter
41.572,1282,evacuee,,Evacuee;176;in triage state;Y;is at the evacuation site
42.5498,3,evacueeManager,,OFF SHIP: White;0;Green;468;Yellow;25;Red;5;Black;2;ON SHIP: White;0;Green;0;Yellow;0;Red;0;Evacuees to Transfer;
42.5498,498,evacuee,outES,Evacuee 502 in triage category R is not assigned a helicopter
42.5498,498,evacuee,,Evacuee;502;in triage state;B;is at the evacuation site
44.1385,3,evacueeManager,,OFF SHIP: White;0;Green;467;Yellow;26;Red;5;Black;2;ON SHIP: White;0;Green;0;Yellow;0;Red;0;Evacuees to Transfer;
44.1385,765,evacuee,outES,Evacuee 5 in triage category G is not assigned a helicopter
44.1385,765,evacuee,,Evacuee;5;in triage state;Y;is at the evacuation site
46.2605,3,evacueeManager,,OFF SHIP: White;0;Green;466;Yellow;27;Red;5;Black;2;ON SHIP: White;0;Green;0;Yellow;0;Red;0;Evacuees to Transfer;
46.2605,471,evacuee,outES,Evacuee 276 in triage category G is not assigned a helicopter
46.2605,471,evacuee,,Evacuee;276;in triage state;Y;is at the evacuation site
51.3514,3,evacueeManager,,OFF SHIP: White;0;Green;466;Yellow;27;Red;4;Black;3;ON SHIP: White;0;Green;0;Yellow;0;Red;0;Evacuees to Transfer;
51.3514,279,evacuee,outES,Evacuee 503 in triage category R is not assigned a helicopter
51.3514,279,evacuee,,Evacuee;503;in triage state;B;is at the evacuation site
61.1134,3,evacueeManager,,OFF SHIP: White;0;Green;466;Yellow;26;Red;5;Black;3;ON SHIP: White;0;Green;0;Yellow;0;Red;0;Evacuees to Transfer;
61.1134,32,evacuee,outES,Evacuee 482 in triage category Y is not assigned a helicopter
61.1134,32,evacuee,,Evacuee;482;in triage state;R;is at the evacuation site
71.1161,3,evacueeManager,,OFF SHIP: White;0;Green;465;Yellow;27;Red;5;Black;3;ON SHIP: White;0;Green;0;Yellow;0;Red;0;Evacuees to Transfer;
71.1161,693,evacuee,outES,Evacuee 251 in triage category G is not assigned a helicopter
71.1161,693,evacuee,,Evacuee;251;in triage state;Y;is at the evacuation site
72.9763,3,evacueeManager,,OFF SHIP: White;0;Green;464;Yellow;28;Red;5;Black;3;ON SHIP: White;0;Green;0;Yellow;0;Red;0;Evacuees to Transfer;
72.9763,912,evacuee,outES,Evacuee 359 in triage category G is not assigned a helicopter
72.9763,912,evacuee,,Evacuee;359;in triage state;Y;is at the evacuation site
74.1221,3,evacueeManager,,OFF SHIP: White;0;Green;464;Yellow;28;Red;4;Black;4;ON SHIP: White;0;Green;0;Yellow;0;Red;0;Evacuees to Transfer;
74.1221,26,evacuee,outES,Evacuee 484 in triage category R is not assigned a helicopter
74.1221,26,evacuee,,Evacuee;484;in triage state;B;is at the evacuation site
84.7288,3,evacueeManager,,OFF SHIP: White;0;Green;463;Yellow;29;Red;4;Black;4;ON SHIP: White;0;Green;0;Yellow;0;Red;0;Evacuees to Transfer;
84.7288,1210,evacuee,outES,Evacuee 149 in triage category G is not assigned a helicopter
84.7288,1210,evacuee,,Evacuee;149;in triage state;Y;is at the evacuation site
84.8988,3,evacueeManager,,OFF SHIP: White;0;Green;462;Yellow;30;Red;4;Black;4;ON SHIP: White;0;Green;0;Yellow;0;Red;0;Evacuees to Transfer;
84.8988,1504,evacuee,outES,Evacuee 257 in triage category G is not assigned a helicopter
84.8988,1504,evacuee,,Evacuee;257;in triage state;Y;is at the evacuation site
88.581,3,evacueeManager,,OFF SHIP: White;0;Green;461;Yellow;31;Red;4;Black;4;ON SHIP: White;0;Green;0;Yellow;0;Red;0;Evacuees to Transfer;
88.581,840,evacuee,outES,Evacuee 89 in triage category G is not assigned a helicopter
88.581,840,evacuee,,Evacuee;89;in triage state;Y;is at the evacuation site
90.4526,3,evacueeManager,,OFF SHIP: White;0;Green;460;Yellow;32;Red;4;Black;4;ON SHIP: White;0;Green;0;Yellow;0;Red;0;Evacuees to Transfer;
90.4526,1059,evacuee,outES,Evacuee 84 in triage category G is not assigned a helicopter
90.4526,1059,evacuee,,Evacuee;84;in triage state;Y;is at the evacuation site
90.5656,3,evacueeManager,,OFF SHIP: White;0;Green;459;Yellow;33;Red;4;Black;4;ON SHIP: White;0;Green;0;Yellow;0;Red;0;Evacuees to Transfer;
90.5656,249,evacuee,outES,Evacuee 353 in triage category G is not assigned a helicopter
90.5656,249,evacuee,,Evacuee;353;in triage state;Y;is at the evacuation site
90.623,3,evacueeManager,,OFF SHIP: White;0;Green;458;Yellow;34;Red;4;Black;4;ON SHIP: White;0;Green;0;Yellow;0;Red;0;Evacuees to Transfer;
90.623,1357,evacuee,outES,Evacuee 197 in triage category G is not assigned a helicopter
90.623,1357,evacuee,,Evacuee;197;in triage state;Y;is at the evacuation site
99.0717,3,evacueeManager,,OFF SHIP: White;0;Green;458;Yellow;33;Red;5;Black;4;ON SHIP: White;0;Green;0;Yellow;0;Red;0;Evacuees to Transfer;
99.0717,185,evacuee,outES,Evacuee 480 in triage category Y is not assigned a helicopter
99.0717,185,evacuee,,Evacuee;480;in triage state;R;is at the evacuation site
102.508,3,evacueeManager,,OFF SHIP: White;0;Green;458;Yellow;33;Red;4;Black;5;ON SHIP: White;0;Green;0;Yellow;0;Red;0;Evacuees to Transfer;
102.508,29,evacuee,outES,Evacuee 483 in triage category R is not assigned a helicopter
102.508,29,evacuee,,Evacuee;483;in triage state;B;is at the evacuation site
107.674,3,evacueeManager,,OFF SHIP: White;0;Green;458;Yellow;32;Red;5;Black;5;ON SHIP: White;0;Green;0;Yellow;0;Red;0;Evacuees to Transfer;
107.674,38,evacuee,outES,Evacuee 479 in triage category Y is not assigned a helicopter
107.674,38,evacuee,,Evacuee;479;in triage state;R;is at the evacuation site
107.809,3,evacueeManager,,OFF SHIP: White;0;Green;458;Yellow;31;Red;6;Black;5;ON SHIP: White;0;Green;0;Yellow;0;Red;0;Evacuees to Transfer;
107.809,765,evacuee,outES,Evacuee 5 in triage category Y is not assigned a helicopter
107.809,765,evacuee,,Evacuee;5;in triage state;R;is at the evacuation site
112.091,3,evacueeManager,,OFF SHIP: White;0;Green;457;Yellow;32;Red;6;Black;5;ON SHIP: White;0;Green;0;Yellow;0;Red;0;Evacuees to Transfer;
112.091,1134,evacuee,outES,Evacuee 364 in triage category G is not assigned a helicopter
112.091,1134,evacuee,,Evacuee;364;in triage state;Y;is at the evacuation site
114.092,3,evacueeManager,,OFF SHIP: White;0;Green;456;Yellow;33;Red;6;Black;5;ON SHIP: White;0;Green;0;Yellow;0;Red;0;Evacuees to Transfer;
114.092,546,evacuee,outES,Evacuee 235 in triage category G is not assigned a helicopter
114.092,546,evacuee,,Evacuee;235;in triage state;Y;is at the evacuation site
114.549,3,evacueeManager,,OFF SHIP: White;0;Green;455;Yellow;34;Red;6;Black;5;ON SHIP: White;0;Green;0;Yellow;0;Red;0;Evacuees to Transfer;
114.549,324,evacuee,outES,Evacuee 316 in triage category G is not assigned a helicopter
114.549,324,evacuee,,Evacuee;316;in triage state;Y;is at the evacuation site
122.57,3,evacueeManager,,OFF SHIP: White;0;Green;454;Yellow;35;Red;6;Black;5;ON SHIP: White;0;Green;0;Yellow;0;Red;0;Evacuees to Transfer;
122.57,987,evacuee,outES,Evacuee 405 in triage category G is not assigned a helicopter
122.57,987,evacuee,,Evacuee;405;in triage state;Y;is at the evacuation site
129.743,3,evacueeManager,,OFF SHIP: White;0;Green;454;Yellow;35;Red;5;Black;6;ON SHIP: White;0;Green;0;Yellow;0;Red;0;Evacuees to Transfer;
129.743,8,evacuee,outES,Evacuee 501 in triage category R is not assigned a helicopter
129.743,8,evacuee,,Evacuee;501;in triage state;B;is at the evacuation site
131.475,3,evacueeManager,,OFF SHIP: White;0;Green;453;Yellow;36;Red;5;Black;6;ON SHIP: White;0;Green;0;Yellow;0;Red;0;Evacuees to Transfer;
131.475,101,evacuee,outES,Evacuee 436 in triage category G is not assigned a helicopter
131.475,101,evacuee,,Evacuee;436;in triage state;Y;is at the evacuation site
131.776,3,evacueeManager,,OFF SHIP: White;0;Green;453;Yellow;35;Red;6;Black;6;ON SHIP: White;0;Green;0;Yellow;0;Red;0;Evacuees to Transfer;
131.776,41,evacuee,outES,Evacuee 478 in triage category Y is not assigned a helicopter
131.776,41,evacuee,,Evacuee;478;in triage state;R;is at the evacuation site
135.703,3,evacueeManager,,OFF SHIP: White;0;Green;453;Yellow;34;Red;7;Black;6;ON SHIP: White;0;Green;0;Yellow;0;Red;0;Evacuees to Transfer;
135.703,987,evacuee,outES,Evacuee 405 in triage category Y is not assigned a helicopter
135.703,987,evacuee,,Evacuee;405;in triage state;R;is at the evacuation site
135.927,3,evacueeManager,,OFF SHIP: White;0;Green;453;Yellow;34;Red;6;Black;7;ON SHIP: White;0;Green;0;Yellow;0;Red;0;Evacuees to Transfer;
135.927,41,evacuee,outES,Evacuee 478 in triage category R is not assigned a helicopter
135.927,41,evacuee,,Evacuee;478;in triage state;B;is at the evacuation site
145.839,3,evacueeManager,,OFF SHIP: White;0;Green;452;Yellow;35;Red;6;Black;7;ON SHIP: White;0;Green;0;Yellow;0;Red;0;Evacuees to Transfer;
145.839,399,evacuee,outES,Evacuee 281 in triage category G is not assigned a helicopter
145.839,399,evacuee,,Evacuee;281;in triage state;Y;is at the evacuation site
148.856,3,evacueeManager,,OFF SHIP: White;0;Green;452;Yellow;35;Red;5;Black;8;ON SHIP: White;0;Green;0;Yellow;0;Red;0;Evacuees to Transfer;
148.856,987,evacuee,outES,Evacuee 405 in triage category R is not assigned a helicopter
148.856,987,evacuee,,Evacuee;405;in triage state;B;is at the evacuation site
152.382,3,evacueeManager,,OFF SHIP: White;0;Green;451;Yellow;36;Red;5;Black;8;ON SHIP: White;0;Green;0;Yellow;0;Red;0;Evacuees to Transfer;
152.382,1432,evacuee,outES,Evacuee 339 in triage category G is not assigned a helicopter
152.382,1432,evacuee,,Evacuee;339;in triage state;Y;is at the evacuation site
152.497,3,evacueeManager,,OFF SHIP: White;0;Green;450;Yellow;37;Red;5;Black;8;ON SHIP: White;0;Green;0;Yellow;0;Red;0;Evacuees to Transfer;
152.497,621,evacuee,outES,Evacuee 49 in triage category G is not assigned a helicopter
152.497,621,evacuee,,Evacuee;49;in triage state;Y;is at the evacuation site
152.781,3,evacueeManager,,OFF SHIP: White;0;Green;450;Yellow;36;Red;6;Black;8;ON SHIP: White;0;Green;0;Yellow;0;Red;0;Evacuees to Transfer;
152.781,1282,evacuee,outES,Evacuee 176 in triage category Y is not assigned a helicopter
152.781,1282,evacuee,,Evacuee;176;in triage state;R;is at the evacuation site
155.859,3,evacueeManager,,OFF SHIP: White;0;Green;450;Yellow;36;Red;5;Black;9;ON SHIP: White;0;Green;0;Yellow;0;Red;0;Evacuees to Transfer;
155.859,32,evacuee,outES,Evacuee 482 in triage category R is not assigned a helicopter
155.859,32,evacuee,,Evacuee;482;in triage state;B;is at the evacuation site
157.729,3,evacueeManager,,OFF SHIP: White;0;Green;450;Yellow;36;Red;4;Black;10;ON SHIP: White;0;Green;0;Yellow;0;Red;0;Evacuees to Transfer;
157.729,765,evacuee,outES,Evacuee 5 in triage category R is not assigned a helicopter
157.729,765,evacuee,,Evacuee;5;in triage state;B;is at the evacuation site
161.982,3,evacueeManager,,OFF SHIP: White;0;Green;450;Yellow;36;Red;3;Black;11;ON SHIP: White;0;Green;0;Yellow;0;Red;0;Evacuees to Transfer;
161.982,11,evacuee,outES,Evacuee 500 in triage category R is not assigned a helicopter
161.982,11,evacuee,,Evacuee;500;in triage state;B;is at the evacuation site
162.88,3,evacueeManager,,OFF SHIP: White;0;Green;450;Yellow;36;Red;2;Black;12;ON SHIP: White;0;Green;0;Yellow;0;Red;0;Evacuees to Transfer;
162.88,38,evacuee,outES,Evacuee 479 in triage category R is not assigned a helicopter
162.88,38,evacuee,,Evacuee;479;in triage state;B;is at the evacuation site
163.009,3,evacueeManager,,OFF SHIP: White;0;Green;449;Yellow;37;Red;2;Black;12;ON SHIP: White;0;Green;0;Yellow;0;Red;0;Evacuees to Transfer;
163.009,1285,evacuee,outES,Evacuee 230 in triage category G is not assigned a helicopter
163.009,1285,evacuee,,Evacuee;230;in triage state;Y;is at the evacuation site
163.124,3,evacueeManager,,OFF SHIP: White;0;Green;448;Yellow;38;Red;2;Black;12;ON SHIP: White;0;Green;0;Yellow;0;Red;0;Evacuees to Transfer;
163.124,474,evacuee,outES,Evacuee 121 in triage category G is not assigned a helicopter
163.124,474,evacuee,,Evacuee;121;in triage state;Y;is at the evacuation site
169.657,3,evacueeManager,,OFF SHIP: White;0;Green;448;Yellow;37;Red;3;Black;12;ON SHIP: White;0;Green;0;Yellow;0;Red;0;Evacuees to Transfer;
169.657,786,evacuee,outES,Evacuee 493 in triage category Y is not assigned a helicopter
169.657,786,evacuee,,Evacuee;493;in triage state;R;is at the evacuation site
170.465,3,evacueeManager,,OFF SHIP: White;0;Green;447;Yellow;38;Red;3;Black;12;ON SHIP: White;0;Green;0;Yellow;0;Red;0;Evacuees to Transfer;
170.465,768,evacuee,outES,Evacuee 250 in triage category G is not assigned a helicopter
170.465,768,evacuee,,Evacuee;250;in triage state;Y;is at the evacuation site
177.296,3,evacueeManager,,OFF SHIP: White;0;Green;446;Yellow;39;Red;3;Black;12;ON SHIP: White;0;Green;0;Yellow;0;Red;0;Evacuees to Transfer;
177.296,176,evacuee,outES,Evacuee 384 in triage category G is not assigned a helicopter
177.296,176,evacuee,,Evacuee;384;in triage state;Y;is at the evacuation site
180.12,3,evacueeManager,,OFF SHIP: White;0;Green;446;Yellow;39;Red;2;Black;13;ON SHIP: White;0;Green;0;Yellow;0;Red;0;Evacuees to Transfer;
180.12,1282,evacuee,outES,Evacuee 176 in triage category R is not assigned a helicopter
180.12,1282,evacuee,,Evacuee;176;in triage state;B;is at the evacuation site
181.262,3,evacueeManager,,OFF SHIP: White;0;Green;446;Yellow;38;Red;3;Black;13;ON SHIP: White;0;Green;0;Yellow;0;Red;0;Evacuees to Transfer;
181.262,984,evacuee,outES,Evacuee 421 in triage category Y is not assigned a helicopter
181.262,984,evacuee,,Evacuee;421;in triage state;R;is at the evacuation site
195.773,3,evacueeManager,,OFF SHIP: White;0;Green;445;Yellow;39;Red;3;Black;13;ON SHIP: White;0;Green;0;Yellow;0;Red;0;Evacuees to Transfer;
195.773,915,evacuee,outES,Evacuee 286 in triage category G is not assigned a helicopter
195.773,915,evacuee,,Evacuee;286;in triage state;Y;is at the evacuation site
205.794,3,evacueeManager,,OFF SHIP: White;0;Green;444;Yellow;40;Red;3;Black;13;ON SHIP: White;0;Green;0;Yellow;0;Red;0;Evacuees to Transfer;
205.794,1507,evacuee,outES,Evacuee 210 in triage category G is not assigned a helicopter
205.794,1507,evacuee,,Evacuee;210;in triage state;Y;is at the evacuation site
211.764,3,evacueeManager,,OFF SHIP: White;0;Green;443;Yellow;41;Red;3;Black;13;ON SHIP: White;0;Green;0;Yellow;0;Red;0;Evacuees to Transfer;
211.764,1360,evacuee,outES,Evacuee 450 in triage category G is not assigned a helicopter
211.764,1360,evacuee,,Evacuee;450;in triage state;Y;is at the evacuation site
214.013,3,evacueeManager,,OFF SHIP: White;0;Green;442;Yellow;42;Red;3;Black;13;ON SHIP: White;0;Green;0;Yellow;0;Red;0;Evacuees to Transfer;
214.013,1062,evacuee,outES,Evacuee 42 in triage category G is not assigned a helicopter
214.013,1062,evacuee,,Evacuee;42;in triage state;Y;is at the evacuation site
214.131,3,evacueeManager,,OFF SHIP: White;0;Green;441;Yellow;43;Red;3;Black;13;ON SHIP: White;0;Green;0;Yellow;0;Red;0;Evacuees to Transfer;
214.131,252,evacuee,outES,Evacuee 351 in triage category G is not assigned a helicopter
214.131,252,evacuee,,Evacuee;351;in triage state;Y;is at the evacuation site
214.487,3,evacueeManager,,OFF SHIP: White;0;Green;440;Yellow;44;Red;3;Black;13;ON SHIP: White;0;Green;0;Yellow;0;Red;0;Evacuees to Transfer;
214.487,843,evacuee,outES,Evacuee 394 in triage category G is not assigned a helicopter
214.487,843,evacuee,,Evacuee;394;in triage state;Y;is at the evacuation site
215.316,3,evacueeManager,,OFF SHIP: White;0;Green;439;Yellow;45;Red;3;Black;13;ON SHIP: White;0;Green;0;Yellow;0;Red;0;Evacuees to Transfer;
215.316,1213,evacuee,outES,Evacuee 296 in triage category G is not assigned a helicopter
215.316,1213,evacuee,,Evacuee;296;in triage state;Y;is at the evacuation site
221.985,3,evacueeManager,,OFF SHIP: White;0;Green;439;Yellow;45;Red;2;Black;14;ON SHIP: White;0;Green;0;Yellow;0;Red;0;Evacuees to Transfer;
221.985,786,evacuee,outES,Evacuee 493 in triage category R is not assigned a helicopter
221.985,786,evacuee,,Evacuee;493;in triage state;B;is at the evacuation site
225.345,3,evacueeManager,,OFF SHIP: White;0;Green;438;Yellow;46;Red;2;Black;14;ON SHIP: White;0;Green;0;Yellow;0;Red;0;Evacuees to Transfer;
225.345,696,evacuee,outES,Evacuee 128 in triage category G is not assigned a helicopter
225.345,696,evacuee,,Evacuee;128;in triage state;Y;is at the evacuation site
234.158,3,evacueeManager,,OFF SHIP: White;0;Green;437;Yellow;47;Red;2;Black;14;ON SHIP: White;0;Green;0;Yellow;0;Red;0;Evacuees to Transfer;
234.158,1137,evacuee,outES,Evacuee 208 in triage category G is not assigned a helicopter
234.158,1137,evacuee,,Evacuee;208;in triage state;Y;is at the evacuation site
238.693,3,evacueeManager,,OFF SHIP: White;0;Green;436;Yellow;48;Red;2;Black;14;ON SHIP: White;0;Green;0;Yellow;0;Red;0;Evacuees to Transfer;
238.693,549,evacuee,outES,Evacuee 105 in triage category G is not assigned a helicopter
238.693,549,evacuee,,Evacuee;105;in triage state;Y;is at the evacuation site
241.621,3,evacueeManager,,OFF SHIP: White;0;Green;435;Yellow;49;Red;2;Black;14;ON SHIP: White;0;Green;0;Yellow;0;Red;0;Evacuees to Transfer;
241.621,327,evacuee,outES,Evacuee 446 in triage category G is not assigned a helicopter
241.621,327,evacuee,,Evacuee;446;in triage state;Y;is at the evacuation site
245.486,3,evacueeManager,,OFF SHIP: White;0;Green;435;Yellow;48;Red;3;Black;14;ON SHIP: White;0;Green;0;Yellow;0;Red;0;Evacuees to Transfer;
245.486,474,evacuee,outES,Evacuee 121 in triage category Y is not assigned a helicopter
245.486,474,evacuee,,Evacuee;121;in triage state;R;is at the evacuation site
248.675,3,evacueeManager,,OFF SHIP: White;0;Green;435;Yellow;47;Red;4;Black;14;ON SHIP: White;0;Green;0;Yellow;0;Red;0;Evacuees to Transfer;
248.675,573,evacuee,outES,Evacuee 497 in triage category Y is not assigned a helicopter
248.675,573,evacuee,,Evacuee;497;in triage state;R;is at the evacuation site
251.922,3,evacueeManager,,OFF SHIP: White;0;Green;434;Yellow;48;Red;4;Black;14;ON SHIP: White;0;Green;0;Yellow;0;Red;0;Evacuees to Transfer;
251.922,104,evacuee,outES,Evacuee 434 in triage category G is not assigned a helicopter
251.922,104,evacuee,,Evacuee;434;in triage state;Y;is at the evacuation site
252.463,3,evacueeManager,,OFF SHIP: White;0;Green;433;Yellow;49;Red;4;Black;14;ON SHIP: White;0;Green;0;Yellow;0;Red;0;Evacuees to Transfer;
252.463,990,evacuee,outES,Evacuee 21 in triage category G is not assigned a helicopter
252.463,990,evacuee,,Evacuee;21;in triage state;Y;is at the evacuation site
259.99,3,evacueeManager,,OFF SHIP: White;0;Green;433;Yellow;48;Red;5;Black;14;ON SHIP: White;0;Green;0;Yellow;0;Red;0;Evacuees to Transfer;
259.99,501,evacuee,outES,Evacuee 491 in triage category Y is not assigned a helicopter
259.99,501,evacuee,,Evacuee;491;in triage state;R;is at the evacuation site
274.33,3,evacueeManager,,OFF SHIP: White;0;Green;432;Yellow;49;Red;5;Black;14;ON SHIP: White;0;Green;0;Yellow;0;Red;0;Evacuees to Transfer;
274.33,402,evacuee,outES,Evacuee 280 in triage category G is not assigned a helicopter
274.33,402,evacuee,,Evacuee;280;in triage state;Y;is at the evacuation site
276.014,3,evacueeManager,,OFF SHIP: White;0;Green;432;Yellow;48;Red;6;Black;14;ON SHIP: White;0;Green;0;Yellow;0;Red;0;Evacuees to Transfer;
276.014,768,evacuee,outES,Evacuee 250 in triage category Y is not assigned a helicopter
276.014,768,evacuee,,Evacuee;250;in triage state;R;is at the evacuation site
276.206,3,evacueeManager,,OFF SHIP: White;0;Green;431;Yellow;49;Red;6;Black;14;ON SHIP: White;0;Green;0;Yellow;0;Red;0;Evacuees to Transfer;
276.206,1435,evacuee,outES,Evacuee 225 in triage category G is not assigned a helicopter
276.206,1435,evacuee,,Evacuee;225;in triage state;Y;is at the evacuation site
281.292,3,evacueeManager,,OFF SHIP: White;0;Green;430;Yellow;50;Red;6;Black;14;ON SHIP: White;0;Green;0;Yellow;0;Red;0;Evacuees to Transfer;
281.292,624,evacuee,outES,Evacuee 87 in triage category G is not assigned a helicopter
281.292,624,evacuee,,Evacuee;87;in triage state;Y;is at the evacuation site
281.869,3,evacueeManager,,OFF SHIP: White;0;Green;430;Yellow;50;Red;5;Black;15;ON SHIP: White;0;Green;0;Yellow;0;Red;0;Evacuees to Transfer;
281.869,768,evacuee,outES,Evacuee 250 in triage category R is not assigned a helicopter
281.869,768,evacuee,,Evacuee;250;in triage state;B;is at the evacuation site
281.954,3,evacueeManager,,OFF SHIP: White;0;Green;430;Yellow;49;Red;6;Black;15;ON SHIP: White;0;Green;0;Yellow;0;Red;0;Evacuees to Transfer;
281.954,1137,evacuee,outES,Evacuee 208 in triage category Y is not assigned a helicopter
281.954,1137,evacuee,,Evacuee;208;in triage state;R;is at the evacuation site
282.022,3,evacueeManager,,OFF SHIP: White;0;Green;430;Yellow;48;Red;7;Black;15;ON SHIP: White;0;Green;0;Yellow;0;Red;0;Evacuees to Transfer;
282.022,324,evacuee,outES,Evacuee 316 in triage category Y is not assigned a helicopter
282.022,324,evacuee,,Evacuee;316;in triage state;R;is at the evacuation site
283.57,3,evacueeManager,,OFF SHIP: White;0;Green;430;Yellow;47;Red;8;Black;15;ON SHIP: White;0;Green;0;Yellow;0;Red;0;Evacuees to Transfer;
283.57,693,evacuee,outES,Evacuee 251 in triage category Y is not assigned a helicopter
283.57,693,evacuee,,Evacuee;251;in triage state;R;is at the evacuation site
287.421,3,evacueeManager,,OFF SHIP: White;0;Green;429;Yellow;48;Red;8;Black;15;ON SHIP: White;0;Green;0;Yellow;0;Red;0;Evacuees to Transfer;
287.421,477,evacuee,outES,Evacuee 386 in triage category G is not assigned a helicopter
287.421,477,evacuee,,Evacuee;386;in triage state;Y;is at the evacuation site
287.776,3,evacueeManager,,OFF SHIP: White;0;Green;429;Yellow;47;Red;9;Black;15;ON SHIP: White;0;Green;0;Yellow;0;Red;0;Evacuees to Transfer;
287.776,1507,evacuee,outES,Evacuee 210 in triage category Y is not assigned a helicopter
287.776,1507,evacuee,,Evacuee;210;in triage state;R;is at the evacuation site
289.792,3,evacueeManager,,OFF SHIP: White;0;Green;428;Yellow;48;Red;9;Black;15;ON SHIP: White;0;Green;0;Yellow;0;Red;0;Evacuees to Transfer;
289.792,1288,evacuee,outES,Evacuee 169 in triage category G is not assigned a helicopter
289.792,1288,evacuee,,Evacuee;169;in triage state;Y;is at the evacuation site
293.102,3,evacueeManager,,OFF SHIP: White;0;Green;428;Yellow;47;Red;10;Black;15;ON SHIP: White;0;Green;0;Yellow;0;Red;0;Evacuees to Transfer;
293.102,1062,evacuee,outES,Evacuee 42 in triage category Y is not assigned a helicopter
293.102,1062,evacuee,,Evacuee;42;in triage state;R;is at the evacuation site
297.584,3,evacueeManager,,OFF SHIP: White;0;Green;427;Yellow;48;Red;10;Black;15;ON SHIP: White;0;Green;0;Yellow;0;Red;0;Evacuees to Transfer;
297.584,771,evacuee,outES,Evacuee 107 in triage category G is not assigned a helicopter
297.584,771,evacuee,,Evacuee;107;in triage state;Y;is at the evacuation site
298.357,3,evacueeManager,,OFF SHIP: White;0;Green;427;Yellow;47;Red;11;Black;15;ON SHIP: White;0;Green;0;Yellow;0;Red;0;Evacuees to Transfer;
298.357,176,evacuee,outES,Evacuee 384 in triage category Y is not assigned a helicopter
298.357,176,evacuee,,Evacuee;384;in triage state;R;is at the evacuation site
303.55,3,evacueeManager,,OFF SHIP: White;0;Green;427;Yellow;46;Red;12;Black;15;ON SHIP: White;0;Green;0;Yellow;0;Red;0;Evacuees to Transfer;
303.55,1288,evacuee,outES,Evacuee 169 in triage category Y is not assigned a helicopter
303.55,1288,evacuee,,Evacuee;169;in triage state;R;is at the evacuation site
311.544,3,evacueeManager,,OFF SHIP: White;0;Green;427;Yellow;46;Red;11;Black;16;ON SHIP: White;0;Green;0;Yellow;0;Red;0;Evacuees to Transfer;
311.544,324,evacuee,outES,Evacuee 316 in triage category R is not assigned a helicopter
311.544,324,evacuee,,Evacuee;316;in triage state;B;is at the evacuation site
316.677,3,evacueeManager,,OFF SHIP: White;0;Green;427;Yellow;45;Red;12;Black;16;ON SHIP: White;0;Green;0;Yellow;0;Red;0;Evacuees to Transfer;
316.677,726,evacuee,outES,Evacuee 481 in triage category Y is not assigned a helicopter
316.677,726,evacuee,,Evacuee;481;in triage state;R;is at the evacuation site
317.279,3,evacueeManager,,OFF SHIP: White;0;Green;426;Yellow;46;Red;12;Black;16;ON SHIP: White;0;Green;0;Yellow;0;Red;0;Evacuees to Transfer;
317.279,179,evacuee,outES,Evacuee 430 in triage category G is not assigned a helicopter
317.279,179,evacuee,,Evacuee;430;in triage state;Y;is at the evacuation site
323.699,3,evacueeManager,,OFF SHIP: White;0;Green;426;Yellow;45;Red;13;Black;16;ON SHIP: White;0;Green;0;Yellow;0;Red;0;Evacuees to Transfer;
323.699,249,evacuee,outES,Evacuee 353 in triage category Y is not assigned a helicopter
323.699,249,evacuee,,Evacuee;353;in triage state;R;is at the evacuation site
324.04,3,evacueeManager,,OFF SHIP: White;0;Green;425;Yellow;46;Red;13;Black;16;ON SHIP: White;0;Green;0;Yellow;0;Red;0;Evacuees to Transfer;
324.04,918,evacuee,outES,Evacuee 196 in triage category G is not assigned a helicopter
324.04,918,evacuee,,Evacuee;196;in triage state;Y;is at the evacuation site
325.196,3,evacueeManager,,OFF SHIP: White;0;Green;425;Yellow;45;Red;14;Black;16;ON SHIP: White;0;Green;0;Yellow;0;Red;0;Evacuees to Transfer;
325.196,549,evacuee,outES,Evacuee 105 in triage category Y is not assigned a helicopter
325.196,549,evacuee,,Evacuee;105;in triage state;R;is at the evacuation site
329.945,3,evacueeManager,,OFF SHIP: White;0;Green;425;Yellow;45;Red;13;Black;17;ON SHIP: White;0;Green;0;Yellow;0;Red;0;Evacuees to Transfer;
329.945,176,evacuee,outES,Evacuee 384 in triage category R is not assigned a helicopter
329.945,176,evacuee,,Evacuee;384;in triage state;B;is at the evacuation site
331.987,3,evacueeManager,,OFF SHIP: White;0;Green;424;Yellow;46;Red;13;Black;17;ON SHIP: White;0;Green;0;Yellow;0;Red;0;Evacuees to Transfer;
331.987,1510,evacuee,outES,Evacuee 258 in triage category G is not assigned a helicopter
331.987,1510,evacuee,,Evacuee;258;in triage state;Y;is at the evacuation site
335.691,3,evacueeManager,,OFF SHIP: White;0;Green;423;Yellow;47;Red;13;Black;17;ON SHIP: White;0;Green;0;Yellow;0;Red;0;Evacuees to Transfer;
335.691,1363,evacuee,outES,Evacuee 252 in triage category G is not assigned a helicopter
335.691,1363,evacuee,,Evacuee;252;in triage state;Y;is at the evacuation site
338.095,3,evacueeManager,,OFF SHIP: White;0;Green;423;Yellow;47;Red;12;Black;18;ON SHIP: White;0;Green;0;Yellow;0;Red;0;Evacuees to Transfer;
338.095,1507,evacuee,outES,Evacuee 210 in triage category R is not assigned a helicopter
338.095,1507,evacuee,,Evacuee;210;in triage state;B;is at the evacuation site
339.503,3,evacueeManager,,OFF SHIP: White;0;Green;423;Yellow;47;Red;11;Black;19;ON SHIP: White;0;Green;0;Yellow;0;Red;0;Evacuees to Transfer;
339.503,474,evacuee,outES,Evacuee 121 in triage category R is not assigned a helicopter
339.503,474,evacuee,,Evacuee;121;in triage state;B;is at the evacuation site
340.575,3,evacueeManager,,OFF SHIP: White;0;Green;422;Yellow;48;Red;11;Black;19;ON SHIP: White;0;Green;0;Yellow;0;Red;0;Evacuees to Transfer;
340.575,1065,evacuee,outES,Evacuee 91 in triage category G is not assigned a helicopter
340.575,1065,evacuee,,Evacuee;91;in triage state;Y;is at the evacuation site
340.698,3,evacueeManager,,OFF SHIP: White;0;Green;421;Yellow;49;Red;11;Black;19;ON SHIP: White;0;Green;0;Yellow;0;Red;0;Evacuees to Transfer;
340.698,255,evacuee,outES,Evacuee 349 in triage category G is not assigned a helicopter
340.698,255,evacuee,,Evacuee;349;in triage state;Y;is at the evacuation site
341.07,3,evacueeManager,,OFF SHIP: White;0;Green;420;Yellow;50;Red;11;Black;19;ON SHIP: White;0;Green;0;Yellow;0;Red;0;Evacuees to Transfer;
341.07,846,evacuee,outES,Evacuee 240 in triage category G is not assigned a helicopter
341.07,846,evacuee,,Evacuee;240;in triage state;Y;is at the evacuation site
344.476,3,evacueeManager,,OFF SHIP: White;0;Green;419;Yellow;51;Red;11;Black;19;ON SHIP: White;0;Green;0;Yellow;0;Red;0;Evacuees to Transfer;
344.476,1216,evacuee,outES,Evacuee 151 in triage category G is not assigned a helicopter
344.476,1216,evacuee,,Evacuee;151;in triage state;Y;is at the evacuation site
349.096,3,evacueeManager,,OFF SHIP: White;0;Green;419;Yellow;51;Red;10;Black;20;ON SHIP: White;0;Green;0;Yellow;0;Red;0;Evacuees to Transfer;
349.096,573,evacuee,outES,Evacuee 497 in triage category R is not assigned a helicopter
349.096,573,evacuee,,Evacuee;497;in triage state;B;is at the evacuation site
355.011,3,evacueeManager,,OFF SHIP: White;0;Green;419;Yellow;50;Red;11;Black;20;ON SHIP: White;0;Green;0;Yellow;0;Red;0;Evacuees to Transfer;
355.011,101,evacuee,outES,Evacuee 436 in triage category Y is not assigned a helicopter
355.011,101,evacuee,,Evacuee;436;in triage state;R;is at the evacuation site
361.313,3,evacueeManager,,OFF SHIP: White;0;Green;419;Yellow;49;Red;12;Black;20;ON SHIP: White;0;Green;0;Yellow;0;Red;0;Evacuees to Transfer;
361.313,360,evacuee,outES,Evacuee 488 in triage category Y is not assigned a helicopter
361.313,360,evacuee,,Evacuee;488;in triage state;R;is at the evacuation site
365.183,3,evacueeManager,,OFF SHIP: White;0;Green;418;Yellow;50;Red;12;Black;20;ON SHIP: White;0;Green;0;Yellow;0;Red;0;Evacuees to Transfer;
365.183,699,evacuee,outES,Evacuee 134 in triage category G is not assigned a helicopter
365.183,699,evacuee,,Evacuee;134;in triage state;Y;is at the evacuation site
369.305,3,evacueeManager,,OFF SHIP: White;0;Green;417;Yellow;51;Red;12;Black;20;ON SHIP: White;0;Green;0;Yellow;0;Red;0;Evacuees to Transfer;
369.305,1140,evacuee,outES,Evacuee 57 in triage category G is not assigned a helicopter
369.305,1140,evacuee,,Evacuee;57;in triage state;Y;is at the evacuation site
370.441,3,evacueeManager,,OFF SHIP: White;0;Green;417;Yellow;51;Red;11;Black;21;ON SHIP: White;0;Green;0;Yellow;0;Red;0;Evacuees to Transfer;
370.441,1137,evacuee,outES,Evacuee 208 in triage category R is not assigned a helicopter
370.441,1137,evacuee,,Evacuee;208;in triage state;B;is at the evacuation site
371.493,3,evacueeManager,,OFF SHIP: White;0;Green;416;Yellow;52;Red;11;Black;21;ON SHIP: White;0;Green;0;Yellow;0;Red;0;Evacuees to Transfer;
371.493,552,evacuee,outES,Evacuee 424 in triage category G is not assigned a helicopter
371.493,552,evacuee,,Evacuee;424;in triage state;Y;is at the evacuation site
371.993,3,evacueeManager,,OFF SHIP: White;0;Green;415;Yellow;53;Red;11;Black;21;ON SHIP: White;0;Green;0;Yellow;0;Red;0;Evacuees to Transfer;
371.993,330,evacuee,outES,Evacuee 313 in triage category G is not assigned a helicopter
371.993,330,evacuee,,Evacuee;313;in triage state;Y;is at the evacuation site
372.443,3,evacueeManager,,OFF SHIP: White;0;Green;415;Yellow;53;Red;10;Black;22;ON SHIP: White;0;Green;0;Yellow;0;Red;0;Evacuees to Transfer;
372.443,249,evacuee,outES,Evacuee 353 in triage category R is not assigned a helicopter
372.443,249,evacuee,,Evacuee;353;in triage state;B;is at the evacuation site
373.039,3,evacueeManager,,OFF SHIP: White;0;Green;415;Yellow;53;Red;9;Black;23;ON SHIP: White;0;Green;0;Yellow;0;Red;0;Evacuees to Transfer;
373.039,360,evacuee,outES,Evacuee 488 in triage category R is not assigned a helicopter
373.039,360,evacuee,,Evacuee;488;in triage state;B;is at the evacuation site
373.989,3,evacueeManager,,OFF SHIP: White;0;Green;415;Yellow;53;Red;8;Black;24;ON SHIP: White;0;Green;0;Yellow;0;Red;0;Evacuees to Transfer;
373.989,726,evacuee,outES,Evacuee 481 in triage category R is not assigned a helicopter
373.989,726,evacuee,,Evacuee;481;in triage state;B;is at the evacuation site
374.575,3,evacueeManager,,OFF SHIP: White;0;Green;415;Yellow;53;Red;7;Black;25;ON SHIP: White;0;Green;0;Yellow;0;Red;0;Evacuees to Transfer;
374.575,984,evacuee,outES,Evacuee 421 in triage category R is not assigned a helicopter
374.575,984,evacuee,,Evacuee;421;in triage state;B;is at the evacuation site
376.789,3,evacueeManager,,OFF SHIP: White;0;Green;415;Yellow;53;Red;6;Black;26;ON SHIP: White;0;Green;0;Yellow;0;Red;0;Evacuees to Transfer;
376.789,693,evacuee,outES,Evacuee 251 in triage category R is not assigned a helicopter
376.789,693,evacuee,,Evacuee;251;in triage state;B;is at the evacuation site
377.628,3,evacueeManager,,OFF SHIP: White;0;Green;414;Yellow;54;Red;6;Black;26;ON SHIP: White;0;Green;0;Yellow;0;Red;0;Evacuees to Transfer;
377.628,107,evacuee,outES,Evacuee 433 in triage category G is not assigned a helicopter
377.628,107,evacuee,,Evacuee;433;in triage state;Y;is at the evacuation site
379.428,3,evacueeManager,,OFF SHIP: White;0;Green;414;Yellow;53;Red;7;Black;26;ON SHIP: White;0;Green;0;Yellow;0;Red;0;Evacuees to Transfer;
379.428,1065,evacuee,outES,Evacuee 91 in triage category Y is not assigned a helicopter
379.428,1065,evacuee,,Evacuee;91;in triage state;R;is at the evacuation site
382.808,3,evacueeManager,,OFF SHIP: White;0;Green;414;Yellow;53;Red;6;Black;27;ON SHIP: White;0;Green;0;Yellow;0;Red;0;Evacuees to Transfer;
382.808,549,evacuee,outES,Evacuee 105 in triage category R is not assigned a helicopter
382.808,549,evacuee,,Evacuee;105;in triage state;B;is at the evacuation site
383.338,3,evacueeManager,,OFF SHIP: White;0;Green;413;Yellow;54;Red;6;Black;27;ON SHIP: White;0;Green;0;Yellow;0;Red;0;Evacuees to Transfer;
383.338,993,evacuee,outES,Evacuee 68 in triage category G is not assigned a helicopter
383.338,993,evacuee,,Evacuee;68;in triage state;Y;is at the evacuation site
388.247,3,evacueeManager,,OFF SHIP: White;0;Green;413;Yellow;53;Red;7;Black;27;ON SHIP: White;0;Green;0;Yellow;0;Red;0;Evacuees to Transfer;
388.247,477,evacuee,outES,Evacuee 386 in triage category Y is not assigned a helicopter
388.247,477,evacuee,,Evacuee;386;in triage state;R;is at the evacuation site
389.66,3,evacueeManager,,OFF SHIP: White;0;Green;413;Yellow;53;Red;6;Black;28;ON SHIP: White;0;Green;0;Yellow;0;Red;0;Evacuees to Transfer;
389.66,1062,evacuee,outES,Evacuee 42 in triage category R is not assigned a helicopter
389.66,1062,evacuee,,Evacuee;42;in triage state;B;is at the evacuation site
395.224,3,evacueeManager,,OFF SHIP: White;0;Green;413;Yellow;53;Red;5;Black;29;ON SHIP: White;0;Green;0;Yellow;0;Red;0;Evacuees to Transfer;
395.224,1288,evacuee,outES,Evacuee 169 in triage category R is not assigned a helicopter
395.224,1288,evacuee,,Evacuee;169;in triage state;B;is at the evacuation site
401.035,3,evacueeManager,,OFF SHIP: White;0;Green;413;Yellow;52;Red;6;Black;29;ON SHIP: White;0;Green;0;Yellow;0;Red;0;Evacuees to Transfer;
401.035,585,evacuee,outES,Evacuee 485 in triage category Y is not assigned a helicopter
401.035,585,evacuee,,Evacuee;485;in triage state;R;is at the evacuation site
403.631,3,evacueeManager,,OFF SHIP: White;0;Green;412;Yellow;53;Red;6;Black;29;ON SHIP: White;0;Green;0;Yellow;0;Red;0;Evacuees to Transfer;
403.631,405,evacuee,outES,Evacuee 333 in triage category G is not assigned a helicopter
403.631,405,evacuee,,Evacuee;333;in triage state;Y;is at the evacuation site
404.925,3,evacueeManager,,OFF SHIP: White;0;Green;412;Yellow;52;Red;7;Black;29;ON SHIP: White;0;Green;0;Yellow;0;Red;0;Evacuees to Transfer;
404.925,912,evacuee,outES,Evacuee 359 in triage category Y is not assigned a helicopter
404.925,912,evacuee,,Evacuee;359;in triage state;R;is at the evacuation site
408.19,3,evacueeManager,,OFF SHIP: White;0;Green;411;Yellow;53;Red;7;Black;29;ON SHIP: White;0;Green;0;Yellow;0;Red;0;Evacuees to Transfer;
408.19,1438,evacuee,outES,Evacuee 164 in triage category G is not assigned a helicopter
408.19,1438,evacuee,,Evacuee;164;in triage state;Y;is at the evacuation site
410.38,3,evacueeManager,,OFF SHIP: White;0;Green;411;Yellow;52;Red;8;Black;29;ON SHIP: White;0;Green;0;Yellow;0;Red;0;Evacuees to Transfer;
410.38,330,evacuee,outES,Evacuee 313 in triage category Y is not assigned a helicopter
410.38,330,evacuee,,Evacuee;313;in triage state;R;is at the evacuation site
410.435,3,evacueeManager,,OFF SHIP: White;0;Green;411;Yellow;51;Red;9;Black;29;ON SHIP: White;0;Green;0;Yellow;0;Red;0;Evacuees to Transfer;
410.435,918,evacuee,outES,Evacuee 196 in triage category Y is not assigned a helicopter
410.435,918,evacuee,,Evacuee;196;in triage state;R;is at the evacuation site
416.118,3,evacueeManager,,OFF SHIP: White;0;Green;410;Yellow;52;Red;9;Black;29;ON SHIP: White;0;Green;0;Yellow;0;Red;0;Evacuees to Transfer;
416.118,627,evacuee,outES,Evacuee 297 in triage category G is not assigned a helicopter
416.118,627,evacuee,,Evacuee;297;in triage state;Y;is at the evacuation site
416.186,3,evacueeManager,,OFF SHIP: White;0;Green;410;Yellow;52;Red;8;Black;30;ON SHIP: White;0;Green;0;Yellow;0;Red;0;Evacuees to Transfer;
416.186,477,evacuee,outES,Evacuee 386 in triage category R is not assigned a helicopter
416.186,477,evacuee,,Evacuee;386;in triage state;B;is at the evacuation site
417.199,3,evacueeManager,,OFF SHIP: White;0;Green;409;Yellow;53;Red;8;Black;30;ON SHIP: White;0;Green;0;Yellow;0;Red;0;Evacuees to Transfer;
417.199,1291,evacuee,outES,Evacuee 170 in triage category G is not assigned a helicopter
417.199,1291,evacuee,,Evacuee;170;in triage state;Y;is at the evacuation site
417.325,3,evacueeManager,,OFF SHIP: White;0;Green;408;Yellow;54;Red;8;Black;30;ON SHIP: White;0;Green;0;Yellow;0;Red;0;Evacuees to Transfer;
417.325,480,evacuee,outES,Evacuee 117 in triage category G is not assigned a helicopter
417.325,480,evacuee,,Evacuee;117;in triage state;Y;is at the evacuation site
420.952,3,evacueeManager,,OFF SHIP: White;0;Green;408;Yellow;53;Red;9;Black;30;ON SHIP: White;0;Green;0;Yellow;0;Red;0;Evacuees to Transfer;
420.952,771,evacuee,outES,Evacuee 107 in triage category Y is not assigned a helicopter
420.952,771,evacuee,,Evacuee;107;in triage state;R;is at the evacuation site
423.394,3,evacueeManager,,OFF SHIP: White;0;Green;408;Yellow;52;Red;10;Black;30;ON SHIP: White;0;Green;0;Yellow;0;Red;0;Evacuees to Transfer;
423.394,471,evacuee,outES,Evacuee 276 in triage category Y is not assigned a helicopter
423.394,471,evacuee,,Evacuee;276;in triage state;R;is at the evacuation site
425.343,3,evacueeManager,,OFF SHIP: White;0;Green;407;Yellow;53;Red;10;Black;30;ON SHIP: White;0;Green;0;Yellow;0;Red;0;Evacuees to Transfer;
425.343,774,evacuee,outES,Evacuee 229 in triage category G is not assigned a helicopter
425.343,774,evacuee,,Evacuee;229;in triage state;Y;is at the evacuation site
429.072,3,evacueeManager,,OFF SHIP: White;0;Green;407;Yellow;53;Red;9;Black;31;ON SHIP: White;0;Green;0;Yellow;0;Red;0;Evacuees to Transfer;
429.072,185,evacuee,outES,Evacuee 480 in triage category R is not assigned a helicopter
429.072,185,evacuee,,Evacuee;480;in triage state;B;is at the evacuation site
429.725,3,evacueeManager,,OFF SHIP: White;0;Green;407;Yellow;53;Red;8;Black;32;ON SHIP: White;0;Green;0;Yellow;0;Red;0;Evacuees to Transfer;
429.725,330,evacuee,outES,Evacuee 313 in triage category R is not assigned a helicopter
429.725,330,evacuee,,Evacuee;313;in triage state;B;is at the evacuation site
431.731,3,evacueeManager,,OFF SHIP: White;0;Green;407;Yellow;52;Red;9;Black;32;ON SHIP: White;0;Green;0;Yellow;0;Red;0;Evacuees to Transfer;
431.731,1210,evacuee,outES,Evacuee 149 in triage category Y is not assigned a helicopter
431.731,1210,evacuee,,Evacuee;149;in triage state;R;is at the evacuation site
434.524,3,evacueeManager,,OFF SHIP: White;0;Green;407;Yellow;51;Red;10;Black;32;ON SHIP: White;0;Green;0;Yellow;0;Red;0;Evacuees to Transfer;
434.524,954,evacuee,outES,Evacuee 496 in triage category Y is not assigned a helicopter
434.524,954,evacuee,,Evacuee;496;in triage state;R;is at the evacuation site
435.961,3,evacueeManager,,OFF SHIP: White;0;Green;407;Yellow;50;Red;11;Black;32;ON SHIP: White;0;Green;0;Yellow;0;Red;0;Evacuees to Transfer;
435.961,840,evacuee,outES,Evacuee 89 in triage category Y is not assigned a helicopter
435.961,840,evacuee,,Evacuee;89;in triage state;R;is at the evacuation site
442.431,3,evacueeManager,,OFF SHIP: White;0;Green;407;Yellow;49;Red;12;Black;32;ON SHIP: White;0;Green;0;Yellow;0;Red;0;Evacuees to Transfer;
442.431,1285,evacuee,outES,Evacuee 230 in triage category Y is not assigned a helicopter
442.431,1285,evacuee,,Evacuee;230;in triage state;R;is at the evacuation site
443.29,3,evacueeManager,,OFF SHIP: White;0;Green;407;Yellow;48;Red;13;Black;32;ON SHIP: White;0;Green;0;Yellow;0;Red;0;Evacuees to Transfer;
443.29,774,evacuee,outES,Evacuee 229 in triage category Y is not assigned a helicopter
443.29,774,evacuee,,Evacuee;229;in triage state;R;is at the evacuation site
453.305,3,evacueeManager,,OFF SHIP: White;0;Green;407;Yellow;48;Red;12;Black;33;ON SHIP: White;0;Green;0;Yellow;0;Red;0;Evacuees to Transfer;
453.305,585,evacuee,outES,Evacuee 485 in triage category R is not assigned a helicopter
453.305,585,evacuee,,Evacuee;485;in triage state;B;is at the evacuation site
453.841,3,evacueeManager,,OFF SHIP: White;0;Green;406;Yellow;49;Red;12;Black;33;ON SHIP: White;0;Green;0;Yellow;0;Red;0;Evacuees to Transfer;
453.841,182,evacuee,outES,Evacuee 383 in triage category G is not assigned a helicopter
453.841,182,evacuee,,Evacuee;383;in triage state;Y;is at the evacuation site
458.815,3,evacueeManager,,OFF SHIP: White;0;Green;406;Yellow;49;Red;11;Black;34;ON SHIP: White;0;Green;0;Yellow;0;Red;0;Evacuees to Transfer;
458.815,912,evacuee,outES,Evacuee 359 in triage category R is not assigned a helicopter
458.815,912,evacuee,,Evacuee;359;in triage state;B;is at the evacuation site
459.146,3,evacueeManager,,OFF SHIP: White;0;Green;406;Yellow;49;Red;10;Black;35;ON SHIP: White;0;Green;0;Yellow;0;Red;0;Evacuees to Transfer;
459.146,1210,evacuee,outES,Evacuee 149 in triage category R is not assigned a helicopter
459.146,1210,evacuee,,Evacuee;149;in triage state;B;is at the evacuation site
460.93,3,evacueeManager,,OFF SHIP: White;0;Green;405;Yellow;50;Red;10;Black;35;ON SHIP: White;0;Green;0;Yellow;0;Red;0;Evacuees to Transfer;
460.93,921,evacuee,outES,Evacuee 407 in triage category G is not assigned a helicopter
460.93,921,evacuee,,Evacuee;407;in triage state;Y;is at the evacuation site
467.609,3,evacueeManager,,OFF SHIP: White;0;Green;405;Yellow;50;Red;9;Black;36;ON SHIP: White;0;Green;0;Yellow;0;Red;0;Evacuees to Transfer;
467.609,1065,evacuee,outES,Evacuee 91 in triage category R is not assigned a helicopter
467.609,1065,evacuee,,Evacuee;91;in triage state;B;is at the evacuation site
467.842,3,evacueeManager,,OFF SHIP: White;0;Green;404;Yellow;51;Red;9;Black;36;ON SHIP: White;0;Green;0;Yellow;0;Red;0;Evacuees to Transfer;
467.842,1366,evacuee,outES,Evacuee 329 in triage category G is not assigned a helicopter
467.842,1366,evacuee,,Evacuee;329;in triage state;Y;is at the evacuation site
471.506,3,evacueeManager,,OFF SHIP: White;0;Green;404;Yellow;51;Red;8;Black;37;ON SHIP: White;0;Green;0;Yellow;0;Red;0;Evacuees to Transfer;
471.506,771,evacuee,outES,Evacuee 107 in triage category R is not assigned a helicopter
471.506,771,evacuee,,Evacuee;107;in triage state;B;is at the evacuation site
472.955,3,evacueeManager,,OFF SHIP: White;0;Green;403;Yellow;52;Red;8;Black;37;ON SHIP: White;0;Green;0;Yellow;0;Red;0;Evacuees to Transfer;
472.955,1068,evacuee,outES,Evacuee 43 in triage category G is not assigned a helicopter
472.955,1068,evacuee,,Evacuee;43;in triage state;Y;is at the evacuation site
474.278,3,evacueeManager,,OFF SHIP: White;0;Green;403;Yellow;52;Red;7;Black;38;ON SHIP: White;0;Green;0;Yellow;0;Red;0;Evacuees to Transfer;
474.278,840,evacuee,outES,Evacuee 89 in triage category R is not assigned a helicopter
474.278,840,evacuee,,Evacuee;89;in triage state;B;is at the evacuation site
475.742,3,evacueeManager,,OFF SHIP: White;0;Green;402;Yellow;53;Red;7;Black;38;ON SHIP: White;0;Green;0;Yellow;0;Red;0;Evacuees to Transfer;
475.742,258,evacuee,outES,Evacuee 348 in triage category G is not assigned a helicopter
475.742,258,evacuee,,Evacuee;348;in triage state;Y;is at the evacuation site
481.455,3,evacueeManager,,OFF SHIP: White;0;Green;401;Yellow;54;Red;7;Black;38;ON SHIP: White;0;Green;0;Yellow;0;Red;0;Evacuees to Transfer;
481.455,849,evacuee,outES,Evacuee 8 in triage category G is not assigned a helicopter
481.455,849,evacuee,,Evacuee;8;in triage state;Y;is at the evacuation site
489.829,3,evacueeManager,,OFF SHIP: White;0;Green;401;Yellow;53;Red;8;Black;38;ON SHIP: White;0;Green;0;Yellow;0;Red;0;Evacuees to Transfer;
489.829,627,evacuee,outES,Evacuee 297 in triage category Y is not assigned a helicopter
489.829,627,evacuee,,Evacuee;297;in triage state;R;is at the evacuation site
491.121,3,evacueeManager,,OFF SHIP: White;0;Green;401;Yellow;52;Red;9;Black;38;ON SHIP: White;0;Green;0;Yellow;0;Red;0;Evacuees to Transfer;
491.121,921,evacuee,outES,Evacuee 407 in triage category Y is not assigned a helicopter
491.121,921,evacuee,,Evacuee;407;in triage state;R;is at the evacuation site
491.251,3,evacueeManager,,OFF SHIP: White;0;Green;401;Yellow;51;Red;10;Black;38;ON SHIP: White;0;Green;0;Yellow;0;Red;0;Evacuees to Transfer;
491.251,258,evacuee,outES,Evacuee 348 in triage category Y is not assigned a helicopter
491.251,258,evacuee,,Evacuee;348;in triage state;R;is at the evacuation site
495.64,3,evacueeManager,,OFF SHIP: White;0;Green;401;Yellow;50;Red;11;Black;38;ON SHIP: White;0;Green;0;Yellow;0;Red;0;Evacuees to Transfer;
495.64,71,evacuee,outES,Evacuee 495 in triage category Y is not assigned a helicopter
495.64,71,evacuee,,Evacuee;495;in triage state;R;is at the evacuation site
498.399,3,evacueeManager,,OFF SHIP: White;0;Green;400;Yellow;51;Red;11;Black;38;ON SHIP: White;0;Green;0;Yellow;0;Red;0;Evacuees to Transfer;
498.399,1219,evacuee,outES,Evacuee 222 in triage category G is not assigned a helicopter
498.399,1219,evacuee,,Evacuee;222;in triage state;Y;is at the evacuation site
501.055,3,evacueeManager,,OFF SHIP: White;0;Green;400;Yellow;51;Red;10;Black;39;ON SHIP: White;0;Green;0;Yellow;0;Red;0;Evacuees to Transfer;
501.055,921,evacuee,outES,Evacuee 407 in triage category R is not assigned a helicopter
501.055,921,evacuee,,Evacuee;407;in triage state;B;is at the evacuation site
503.044,3,evacueeManager,,OFF SHIP: White;0;Green;399;Yellow;52;Red;10;Black;39;ON SHIP: White;0;Green;0;Yellow;0;Red;0;Evacuees to Transfer;
503.044,1143,evacuee,outES,Evacuee 231 in triage category G is not assigned a helicopter
503.044,1143,evacuee,,Evacuee;231;in triage state;Y;is at the evacuation site
504.091,3,evacueeManager,,OFF SHIP: White;0;Green;398;Yellow;53;Red;10;Black;39;ON SHIP: White;0;Green;0;Yellow;0;Red;0;Evacuees to Transfer;
504.091,702,evacuee,outES,Evacuee 199 in triage category G is not assigned a helicopter
504.091,702,evacuee,,Evacuee;199;in triage state;Y;is at the evacuation site
508.548,3,evacueeManager,,OFF SHIP: White;0;Green;397;Yellow;54;Red;10;Black;39;ON SHIP: White;0;Green;0;Yellow;0;Red;0;Evacuees to Transfer;
508.548,333,evacuee,outES,Evacuee 443 in triage category G is not assigned a helicopter
508.548,333,evacuee,,Evacuee;443;in triage state;Y;is at the evacuation site
513.406,3,evacueeManager,,OFF SHIP: White;0;Green;396;Yellow;55;Red;10;Black;39;ON SHIP: White;0;Green;0;Yellow;0;Red;0;Evacuees to Transfer;
513.406,555,evacuee,outES,Evacuee 269 in triage category G is not assigned a helicopter
513.406,555,evacuee,,Evacuee;269;in triage state;Y;is at the evacuation site
514.457,3,evacueeManager,,OFF SHIP: White;0;Green;395;Yellow;56;Red;10;Black;39;ON SHIP: White;0;Green;0;Yellow;0;Red;0;Evacuees to Transfer;
514.457,110,evacuee,outES,Evacuee 428 in triage category G is not assigned a helicopter
514.457,110,evacuee,,Evacuee;428;in triage state;Y;is at the evacuation site
517.305,3,evacueeManager,,OFF SHIP: White;0;Green;395;Yellow;55;Red;11;Black;39;ON SHIP: White;0;Green;0;Yellow;0;Red;0;Evacuees to Transfer;
517.305,618,evacuee,outES,Evacuee 127 in triage category Y is not assigned a helicopter
517.305,618,evacuee,,Evacuee;127;in triage state;R;is at the evacuation site
518.698,3,evacueeManager,,OFF SHIP: White;0;Green;395;Yellow;55;Red;10;Black;40;ON SHIP: White;0;Green;0;Yellow;0;Red;0;Evacuees to Transfer;
518.698,918,evacuee,outES,Evacuee 196 in triage category R is not assigned a helicopter
518.698,918,evacuee,,Evacuee;196;in triage state;B;is at the evacuation site
520.445,3,evacueeManager,,OFF SHIP: White;0;Green;394;Yellow;56;Red;10;Black;40;ON SHIP: White;0;Green;0;Yellow;0;Red;0;Evacuees to Transfer;
520.445,996,evacuee,outES,Evacuee 72 in triage category G is not assigned a helicopter
520.445,996,evacuee,,Evacuee;72;in triage state;Y;is at the evacuation site
530.287,3,evacueeManager,,OFF SHIP: White;0;Green;394;Yellow;55;Red;11;Black;40;ON SHIP: White;0;Green;0;Yellow;0;Red;0;Evacuees to Transfer;
530.287,813,evacuee,outES,Evacuee 487 in triage category Y is not assigned a helicopter
530.287,813,evacuee,,Evacuee;487;in triage state;R;is at the evacuation site
532.927,3,evacueeManager,,OFF SHIP: White;0;Green;394;Yellow;54;Red;12;Black;40;ON SHIP: White;0;Green;0;Yellow;0;Red;0;Evacuees to Transfer;
532.927,843,evacuee,outES,Evacuee 394 in triage category Y is not assigned a helicopter
532.927,843,evacuee,,Evacuee;394;in triage state;R;is at the evacuation site
541.731,3,evacueeManager,,OFF SHIP: White;0;Green;393;Yellow;55;Red;12;Black;40;ON SHIP: White;0;Green;0;Yellow;0;Red;0;Evacuees to Transfer;
541.731,408,evacuee,outES,Evacuee 279 in triage category G is not assigned a helicopter
541.731,408,evacuee,,Evacuee;279;in triage state;Y;is at the evacuation site
541.847,3,evacueeManager,,OFF SHIP: White;0;Green;393;Yellow;54;Red;13;Black;40;ON SHIP: White;0;Green;0;Yellow;0;Red;0;Evacuees to Transfer;
541.847,1107,evacuee,outES,Evacuee 490 in triage category Y is not assigned a helicopter
541.847,1107,evacuee,,Evacuee;490;in triage state;R;is at the evacuation site
542.961,3,evacueeManager,,OFF SHIP: White;0;Green;393;Yellow;53;Red;14;Black;40;ON SHIP: White;0;Green;0;Yellow;0;Red;0;Evacuees to Transfer;
542.961,624,evacuee,outES,Evacuee 87 in triage category Y is not assigned a helicopter
542.961,624,evacuee,,Evacuee;87;in triage state;R;is at the evacuation site
544.356,3,evacueeManager,,OFF SHIP: White;0;Green;393;Yellow;53;Red;13;Black;41;ON SHIP: White;0;Green;0;Yellow;0;Red;0;Evacuees to Transfer;
544.356,624,evacuee,outES,Evacuee 87 in triage category R is not assigned a helicopter
544.356,624,evacuee,,Evacuee;87;in triage state;B;is at the evacuation site
548.326,3,evacueeManager,,OFF SHIP: White;0;Green;393;Yellow;52;Red;14;Black;41;ON SHIP: White;0;Green;0;Yellow;0;Red;0;Evacuees to Transfer;
548.326,621,evacuee,outES,Evacuee 49 in triage category Y is not assigned a helicopter
548.326,621,evacuee,,Evacuee;49;in triage state;R;is at the evacuation site
549.352,3,evacueeManager,,OFF SHIP: White;0;Green;393;Yellow;51;Red;15;Black;41;ON SHIP: White;0;Green;0;Yellow;0;Red;0;Evacuees to Transfer;
549.352,480,evacuee,outES,Evacuee 117 in triage category Y is not assigned a helicopter
549.352,480,evacuee,,Evacuee;117;in triage state;R;is at the evacuation site
551.969,3,evacueeManager,,OFF SHIP: White;0;Green;392;Yellow;52;Red;15;Black;41;ON SHIP: White;0;Green;0;Yellow;0;Red;0;Evacuees to Transfer;
551.969,1441,evacuee,outES,Evacuee 226 in triage category G is not assigned a helicopter
551.969,1441,evacuee,,Evacuee;226;in triage state;Y;is at the evacuation site
552.778,3,evacueeManager,,OFF SHIP: White;0;Green;392;Yellow;51;Red;16;Black;41;ON SHIP: White;0;Green;0;Yellow;0;Red;0;Evacuees to Transfer;
552.778,1510,evacuee,outES,Evacuee 258 in triage category Y is not assigned a helicopter
552.778,1510,evacuee,,Evacuee;258;in triage state;R;is at the evacuation site
554.689,3,evacueeManager,,OFF SHIP: White;0;Green;392;Yellow;51;Red;15;Black;42;ON SHIP: White;0;Green;0;Yellow;0;Red;0;Evacuees to Transfer;
554.689,71,evacuee,outES,Evacuee 495 in triage category R is not assigned a helicopter
554.689,71,evacuee,,Evacuee;495;in triage state;B;is at the evacuation site
555.967,3,evacueeManager,,OFF SHIP: White;0;Green;391;Yellow;52;Red;15;Black;42;ON SHIP: White;0;Green;0;Yellow;0;Red;0;Evacuees to Transfer;
555.967,1294,evacuee,outES,Evacuee 171 in triage category G is not assigned a helicopter
555.967,1294,evacuee,,Evacuee;171;in triage state;Y;is at the evacuation site
557.02,3,evacueeManager,,OFF SHIP: White;0;Green;391;Yellow;52;Red;14;Black;43;ON SHIP: White;0;Green;0;Yellow;0;Red;0;Evacuees to Transfer;
557.02,954,evacuee,outES,Evacuee 496 in triage category R is not assigned a helicopter
557.02,954,evacuee,,Evacuee;496;in triage state;B;is at the evacuation site
557.567,3,evacueeManager,,OFF SHIP: White;0;Green;390;Yellow;53;Red;14;Black;43;ON SHIP: White;0;Green;0;Yellow;0;Red;0;Evacuees to Transfer;
557.567,630,evacuee,outES,Evacuee 86 in triage category G is not assigned a helicopter
557.567,630,evacuee,,Evacuee;86;in triage state;Y;is at the evacuation site
558.835,3,evacueeManager,,OFF SHIP: White;0;Green;389;Yellow;54;Red;14;Black;43;ON SHIP: White;0;Green;0;Yellow;0;Red;0;Evacuees to Transfer;
558.835,483,evacuee,outES,Evacuee 192 in triage category G is not assigned a helicopter
558.835,483,evacuee,,Evacuee;192;in triage state;Y;is at the evacuation site
561.773,3,evacueeManager,,OFF SHIP: White;0;Green;388;Yellow;55;Red;14;Black;43;ON SHIP: White;0;Green;0;Yellow;0;Red;0;Evacuees to Transfer;
561.773,777,evacuee,outES,Evacuee 110 in triage category G is not assigned a helicopter
561.773,777,evacuee,,Evacuee;110;in triage state;Y;is at the evacuation site
570.539,3,evacueeManager,,OFF SHIP: White;0;Green;388;Yellow;55;Red;13;Black;44;ON SHIP: White;0;Green;0;Yellow;0;Red;0;Evacuees to Transfer;
570.539,480,evacuee,outES,Evacuee 117 in triage category R is not assigned a helicopter
570.539,480,evacuee,,Evacuee;117;in triage state;B;is at the evacuation site
573.15,3,evacueeManager,,OFF SHIP: White;0;Green;388;Yellow;55;Red;12;Black;45;ON SHIP: White;0;Green;0;Yellow;0;Red;0;Evacuees to Transfer;
573.15,471,evacuee,outES,Evacuee 276 in triage category R is not assigned a helicopter
573.15,471,evacuee,,Evacuee;276;in triage state;B;is at the evacuation site
573.928,3,evacueeManager,,OFF SHIP: White;0;Green;388;Yellow;54;Red;13;Black;45;ON SHIP: White;0;Green;0;Yellow;0;Red;0;Evacuees to Transfer;
573.928,408,evacuee,outES,Evacuee 279 in triage category Y is not assigned a helicopter
573.928,408,evacuee,,Evacuee;279;in triage state;R;is at the evacuation site
574.856,3,evacueeManager,,OFF SHIP: White;0;Green;388;Yellow;53;Red;14;Black;45;ON SHIP: White;0;Green;0;Yellow;0;Red;0;Evacuees to Transfer;
574.856,1059,evacuee,outES,Evacuee 84 in triage category Y is not assigned a helicopter
574.856,1059,evacuee,,Evacuee;84;in triage state;R;is at the evacuation site
579.198,3,evacueeManager,,OFF SHIP: White;0;Green;388;Yellow;53;Red;13;Black;46;ON SHIP: White;0;Green;0;Yellow;0;Red;0;Evacuees to Transfer;
579.198,1510,evacuee,outES,Evacuee 258 in triage category R is not assigned a helicopter
579.198,1510,evacuee,,Evacuee;258;in triage state;B;is at the evacuation site
583.683,3,evacueeManager,,OFF SHIP: White;0;Green;388;Yellow;52;Red;14;Black;46;ON SHIP: White;0;Green;0;Yellow;0;Red;0;Evacuees to Transfer;
583.683,333,evacuee,outES,Evacuee 443 in triage category Y is not assigned a helicopter
583.683,333,evacuee,,Evacuee;443;in triage state;R;is at the evacuation site
585.781,3,evacueeManager,,OFF SHIP: White;0;Green;388;Yellow;52;Red;13;Black;47;ON SHIP: White;0;Green;0;Yellow;0;Red;0;Evacuees to Transfer;
585.781,1285,evacuee,outES,Evacuee 230 in triage category R is not assigned a helicopter
585.781,1285,evacuee,,Evacuee;230;in triage state;B;is at the evacuation site
599.097,3,evacueeManager,,OFF SHIP: White;0;Green;387;Yellow;53;Red;13;Black;47;ON SHIP: White;0;Green;0;Yellow;0;Red;0;Evacuees to Transfer;
599.097,924,evacuee,outES,Evacuee 132 in triage category G is not assigned a helicopter
599.097,924,evacuee,,Evacuee;132;in triage state;Y;is at the evacuation site
599.465,3,evacueeManager,,OFF SHIP: White;0;Green;387;Yellow;53;Red;12;Black;48;ON SHIP: White;0;Green;0;Yellow;0;Red;0;Evacuees to Transfer;
599.465,333,evacuee,outES,Evacuee 443 in triage category R is not assigned a helicopter
599.465,333,evacuee,,Evacuee;443;in triage state;B;is at the evacuation site
608.062,3,evacueeManager,,OFF SHIP: White;0;Green;387;Yellow;53;Red;11;Black;49;ON SHIP: White;0;Green;0;Yellow;0;Red;0;Evacuees to Transfer;
608.062,101,evacuee,outES,Evacuee 436 in triage category R is not assigned a helicopter
608.062,101,evacuee,,Evacuee;436;in triage state;B;is at the evacuation site
608.929,3,evacueeManager,,OFF SHIP: White;0;Green;386;Yellow;54;Red;11;Black;49;ON SHIP: White;0;Green;0;Yellow;0;Red;0;Evacuees to Transfer;
608.929,1071,evacuee,outES,Evacuee 30 in triage category G is not assigned a helicopter
608.929,1071,evacuee,,Evacuee;30;in triage state;Y;is at the evacuation site
609.045,3,evacueeManager,,OFF SHIP: White;0;Green;386;Yellow;53;Red;12;Black;49;ON SHIP: White;0;Green;0;Yellow;0;Red;0;Evacuees to Transfer;
609.045,699,evacuee,outES,Evacuee 134 in triage category Y is not assigned a helicopter
609.045,699,evacuee,,Evacuee;134;in triage state;R;is at the evacuation site
611.594,3,evacueeManager,,OFF SHIP: White;0;Green;386;Yellow;52;Red;13;Black;49;ON SHIP: White;0;Green;0;Yellow;0;Red;0;Evacuees to Transfer;
611.594,630,evacuee,outES,Evacuee 86 in triage category Y is not assigned a helicopter
611.594,630,evacuee,,Evacuee;86;in triage state;R;is at the evacuation site
614.639,3,evacueeManager,,OFF SHIP: White;0;Green;385;Yellow;53;Red;13;Black;49;ON SHIP: White;0;Green;0;Yellow;0;Red;0;Evacuees to Transfer;
614.639,261,evacuee,outES,Evacuee 346 in triage category G is not assigned a helicopter
614.639,261,evacuee,,Evacuee;346;in triage state;Y;is at the evacuation site
614.708,3,evacueeManager,,OFF SHIP: White;0;Green;384;Yellow;54;Red;13;Black;49;ON SHIP: White;0;Green;0;Yellow;0;Red;0;Evacuees to Transfer;
614.708,1369,evacuee,outES,Evacuee 201 in triage category G is not assigned a helicopter
614.708,1369,evacuee,,Evacuee;201;in triage state;Y;is at the evacuation site
623.432,3,evacueeManager,,OFF SHIP: White;0;Green;383;Yellow;55;Red;13;Black;49;ON SHIP: White;0;Green;0;Yellow;0;Red;0;Evacuees to Transfer;
623.432,852,evacuee,outES,Evacuee 3 in triage category G is not assigned a helicopter
623.432,852,evacuee,,Evacuee;3;in triage state;Y;is at the evacuation site
625.046,3,evacueeManager,,OFF SHIP: White;0;Green;383;Yellow;55;Red;12;Black;50;ON SHIP: White;0;Green;0;Yellow;0;Red;0;Evacuees to Transfer;
625.046,630,evacuee,outES,Evacuee 86 in triage category R is not assigned a helicopter
625.046,630,evacuee,,Evacuee;86;in triage state;B;is at the evacuation site
629.309,3,evacueeManager,,OFF SHIP: White;0;Green;383;Yellow;55;Red;11;Black;51;ON SHIP: White;0;Green;0;Yellow;0;Red;0;Evacuees to Transfer;
629.309,1059,evacuee,outES,Evacuee 84 in triage category R is not assigned a helicopter
629.309,1059,evacuee,,Evacuee;84;in triage state;B;is at the evacuation site
631.688,3,evacueeManager,,OFF SHIP: White;0;Green;383;Yellow;54;Red;12;Black;51;ON SHIP: White;0;Green;0;Yellow;0;Red;0;Evacuees to Transfer;
631.688,915,evacuee,outES,Evacuee 286 in triage category Y is not assigned a helicopter
631.688,915,evacuee,,Evacuee;286;in triage state;R;is at the evacuation site
635.399,3,evacueeManager,,OFF SHIP: White;0;Green;383;Yellow;54;Red;11;Black;52;ON SHIP: White;0;Green;0;Yellow;0;Red;0;Evacuees to Transfer;
635.399,621,evacuee,outES,Evacuee 49 in triage category R is not assigned a helicopter
635.399,621,evacuee,,Evacuee;49;in triage state;B;is at the evacuation site
637.388,3,evacueeManager,,OFF SHIP: White;0;Green;383;Yellow;54;Red;10;Black;53;ON SHIP: White;0;Green;0;Yellow;0;Red;0;Evacuees to Transfer;
637.388,501,evacuee,outES,Evacuee 491 in triage category R is not assigned a helicopter
637.388,501,evacuee,,Evacuee;491;in triage state;B;is at the evacuation site
644.754,3,evacueeManager,,OFF SHIP: White;0;Green;383;Yellow;54;Red;9;Black;54;ON SHIP: White;0;Green;0;Yellow;0;Red;0;Evacuees to Transfer;
644.754,774,evacuee,outES,Evacuee 229 in triage category R is not assigned a helicopter
644.754,774,evacuee,,Evacuee;229;in triage state;B;is at the evacuation site
649.076,3,evacueeManager,,OFF SHIP: White;0;Green;382;Yellow;55;Red;9;Black;54;ON SHIP: White;0;Green;0;Yellow;0;Red;0;Evacuees to Transfer;
649.076,336,evacuee,outES,Evacuee 312 in triage category G is not assigned a helicopter
649.076,336,evacuee,,Evacuee;312;in triage state;Y;is at the evacuation site
650.053,3,evacueeManager,,OFF SHIP: White;0;Green;382;Yellow;54;Red;10;Black;54;ON SHIP: White;0;Green;0;Yellow;0;Red;0;Evacuees to Transfer;
650.053,98,evacuee,outES,Evacuee 437 in triage category Y is not assigned a helicopter
650.053,98,evacuee,,Evacuee;437;in triage state;R;is at the evacuation site
651.763,3,evacueeManager,,OFF SHIP: White;0;Green;381;Yellow;55;Red;10;Black;54;ON SHIP: White;0;Green;0;Yellow;0;Red;0;Evacuees to Transfer;
651.763,1146,evacuee,outES,Evacuee 261 in triage category G is not assigned a helicopter
651.763,1146,evacuee,,Evacuee;261;in triage state;Y;is at the evacuation site
652.522,3,evacueeManager,,OFF SHIP: White;0;Green;380;Yellow;56;Red;10;Black;54;ON SHIP: White;0;Green;0;Yellow;0;Red;0;Evacuees to Transfer;
652.522,1222,evacuee,outES,Evacuee 152 in triage category G is not assigned a helicopter
652.522,1222,evacuee,,Evacuee;152;in triage state;Y;is at the evacuation site
652.866,3,evacueeManager,,OFF SHIP: White;0;Green;379;Yellow;57;Red;10;Black;54;ON SHIP: White;0;Green;0;Yellow;0;Red;0;Evacuees to Transfer;
652.866,705,evacuee,outES,Evacuee 66 in triage category G is not assigned a helicopter
652.866,705,evacuee,,Evacuee;66;in triage state;Y;is at the evacuation site
655.44,3,evacueeManager,,OFF SHIP: White;0;Green;379;Yellow;56;Red;11;Black;54;ON SHIP: White;0;Green;0;Yellow;0;Red;0;Evacuees to Transfer;
655.44,1504,evacuee,outES,Evacuee 257 in triage category Y is not assigned a helicopter
655.44,1504,evacuee,,Evacuee;257;in triage state;R;is at the evacuation site
657.007,3,evacueeManager,,OFF SHIP: White;0;Green;378;Yellow;57;Red;11;Black;54;ON SHIP: White;0;Green;0;Yellow;0;Red;0;Evacuees to Transfer;
657.007,558,evacuee,outES,Evacuee 103 in triage category G is not assigned a helicopter
657.007,558,evacuee,,Evacuee;103;in triage state;Y;is at the evacuation site
657.107,3,evacueeManager,,OFF SHIP: White;0;Green;378;Yellow;57;Red;10;Black;55;ON SHIP: White;0;Green;0;Yellow;0;Red;0;Evacuees to Transfer;
657.107,915,evacuee,outES,Evacuee 286 in triage category R is not assigned a helicopter
657.107,915,evacuee,,Evacuee;286;in triage state;B;is at the evacuation site
658.112,3,evacueeManager,,OFF SHIP: White;0;Green;377;Yellow;58;Red;10;Black;55;ON SHIP: White;0;Green;0;Yellow;0;Red;0;Evacuees to Transfer;
658.112,113,evacuee,outES,Evacuee 426 in triage category G is not assigned a helicopter
658.112,113,evacuee,,Evacuee;426;in triage state;Y;is at the evacuation site
668.536,3,evacueeManager,,OFF SHIP: White;0;Green;377;Yellow;58;Red;9;Black;56;ON SHIP: White;0;Green;0;Yellow;0;Red;0;Evacuees to Transfer;
668.536,1504,evacuee,outES,Evacuee 257 in triage category R is not assigned a helicopter
668.536,1504,evacuee,,Evacuee;257;in triage state;B;is at the evacuation site
670.09,3,evacueeManager,,OFF SHIP: White;0;Green;376;Yellow;59;Red;9;Black;56;ON SHIP: White;0;Green;0;Yellow;0;Red;0;Evacuees to Transfer;
670.09,999,evacuee,outES,Evacuee 46 in triage category G is not assigned a helicopter
670.09,999,evacuee,,Evacuee;46;in triage state;Y;is at the evacuation site
672.797,3,evacueeManager,,OFF SHIP: White;0;Green;376;Yellow;59;Red;8;Black;57;ON SHIP: White;0;Green;0;Yellow;0;Red;0;Evacuees to Transfer;
672.797,699,evacuee,outES,Evacuee 134 in triage category R is not assigned a helicopter
672.797,699,evacuee,,Evacuee;134;in triage state;B;is at the evacuation site
683.158,3,evacueeManager,,OFF SHIP: White;0;Green;376;Yellow;59;Red;7;Black;58;ON SHIP: White;0;Green;0;Yellow;0;Red;0;Evacuees to Transfer;
683.158,843,evacuee,outES,Evacuee 394 in triage category R is not assigned a helicopter
683.158,843,evacuee,,Evacuee;394;in triage state;B;is at the evacuation site
683.929,3,evacueeManager,,OFF SHIP: White;0;Green;375;Yellow;60;Red;7;Black;58;ON SHIP: White;0;Green;0;Yellow;0;Red;0;Evacuees to Transfer;
683.929,411,evacuee,outES,Evacuee 278 in triage category G is not assigned a helicopter
683.929,411,evacuee,,Evacuee;278;in triage state;Y;is at the evacuation site
689.081,3,evacueeManager,,OFF SHIP: White;0;Green;375;Yellow;59;Red;8;Black;58;ON SHIP: White;0;Green;0;Yellow;0;Red;0;Evacuees to Transfer;
689.081,107,evacuee,outES,Evacuee 433 in triage category Y is not assigned a helicopter
689.081,107,evacuee,,Evacuee;433;in triage state;R;is at the evacuation site
689.738,3,evacueeManager,,OFF SHIP: White;0;Green;375;Yellow;59;Red;7;Black;59;ON SHIP: White;0;Green;0;Yellow;0;Red;0;Evacuees to Transfer;
689.738,408,evacuee,outES,Evacuee 279 in triage category R is not assigned a helicopter
689.738,408,evacuee,,Evacuee;279;in triage state;B;is at the evacuation site
690.928,3,evacueeManager,,OFF SHIP: White;0;Green;375;Yellow;58;Red;8;Black;59;ON SHIP: White;0;Green;0;Yellow;0;Red;0;Evacuees to Transfer;
690.928,555,evacuee,outES,Evacuee 269 in triage category Y is not assigned a helicopter
690.928,555,evacuee,,Evacuee;269;in triage state;R;is at the evacuation site
692.035,3,evacueeManager,,OFF SHIP: White;0;Green;375;Yellow;57;Red;9;Black;59;ON SHIP: White;0;Green;0;Yellow;0;Red;0;Evacuees to Transfer;
692.035,179,evacuee,outES,Evacuee 430 in triage category Y is not assigned a helicopter
692.035,179,evacuee,,Evacuee;430;in triage state;R;is at the evacuation site
696.015,3,evacueeManager,,OFF SHIP: White;0;Green;374;Yellow;58;Red;9;Black;59;ON SHIP: White;0;Green;0;Yellow;0;Red;0;Evacuees to Transfer;
696.015,1297,evacuee,outES,Evacuee 174 in triage category G is not assigned a helicopter
696.015,1297,evacuee,,Evacuee;174;in triage state;Y;is at the evacuation site
697.555,3,evacueeManager,,OFF SHIP: White;0;Green;373;Yellow;59;Red;9;Black;59;ON SHIP: White;0;Green;0;Yellow;0;Red;0;Evacuees to Transfer;
697.555,1444,evacuee,outES,Evacuee 464 in triage category G is not assigned a helicopter
697.555,1444,evacuee,,Evacuee;464;in triage state;Y;is at the evacuation site
699.101,3,evacueeManager,,OFF SHIP: White;0;Green;373;Yellow;59;Red;8;Black;60;ON SHIP: White;0;Green;0;Yellow;0;Red;0;Evacuees to Transfer;
699.101,179,evacuee,outES,Evacuee 430 in triage category R is not assigned a helicopter
699.101,179,evacuee,,Evacuee;430;in triage state;B;is at the evacuation site
699.29,3,evacueeManager,,OFF SHIP: White;0;Green;373;Yellow;58;Red;9;Black;60;ON SHIP: White;0;Green;0;Yellow;0;Red;0;Evacuees to Transfer;
699.29,411,evacuee,outES,Evacuee 278 in triage category Y is not assigned a helicopter
699.29,411,evacuee,,Evacuee;278;in triage state;R;is at the evacuation site
701.901,3,evacueeManager,,OFF SHIP: White;0;Green;372;Yellow;59;Red;9;Black;60;ON SHIP: White;0;Green;0;Yellow;0;Red;0;Evacuees to Transfer;
701.901,486,evacuee,outES,Evacuee 432 in triage category G is not assigned a helicopter
701.901,486,evacuee,,Evacuee;432;in triage state;Y;is at the evacuation site
707.87,3,evacueeManager,,OFF SHIP: White;0;Green;371;Yellow;60;Red;9;Black;60;ON SHIP: White;0;Green;0;Yellow;0;Red;0;Evacuees to Transfer;
707.87,780,evacuee,outES,Evacuee 141 in triage category G is not assigned a helicopter
707.87,780,evacuee,,Evacuee;141;in triage state;Y;is at the evacuation site
712.09,3,evacueeManager,,OFF SHIP: White;0;Green;370;Yellow;61;Red;9;Black;60;ON SHIP: White;0;Green;0;Yellow;0;Red;0;Evacuees to Transfer;
712.09,633,evacuee,outES,Evacuee 51 in triage category G is not assigned a helicopter
712.09,633,evacuee,,Evacuee;51;in triage state;Y;is at the evacuation site
712.735,3,evacueeManager,,OFF SHIP: White;0;Green;370;Yellow;61;Red;8;Black;61;ON SHIP: White;0;Green;0;Yellow;0;Red;0;Evacuees to Transfer;
712.735,627,evacuee,outES,Evacuee 297 in triage category R is not assigned a helicopter
712.735,627,evacuee,,Evacuee;297;in triage state;B;is at the evacuation site
715.953,3,evacueeManager,,OFF SHIP: White;0;Green;370;Yellow;60;Red;9;Black;61;ON SHIP: White;0;Green;0;Yellow;0;Red;0;Evacuees to Transfer;
715.953,696,evacuee,outES,Evacuee 128 in triage category Y is not assigned a helicopter
715.953,696,evacuee,,Evacuee;128;in triage state;R;is at the evacuation site
721.829,3,evacueeManager,,OFF SHIP: White;0;Green;370;Yellow;60;Red;8;Black;62;ON SHIP: White;0;Green;0;Yellow;0;Red;0;Evacuees to Transfer;
721.829,1107,evacuee,outES,Evacuee 490 in triage category R is not assigned a helicopter
721.829,1107,evacuee,,Evacuee;490;in triage state;B;is at the evacuation site
723.779,3,evacueeManager,,OFF SHIP: White;0;Green;370;Yellow;59;Red;9;Black;62;ON SHIP: White;0;Green;0;Yellow;0;Red;0;Evacuees to Transfer;
723.779,1071,evacuee,outES,Evacuee 30 in triage category Y is not assigned a helicopter
723.779,1071,evacuee,,Evacuee;30;in triage state;R;is at the evacuation site
726.936,3,evacueeManager,,OFF SHIP: White;0;Green;370;Yellow;58;Red;10;Black;62;ON SHIP: White;0;Green;0;Yellow;0;Red;0;Evacuees to Transfer;
726.936,846,evacuee,outES,Evacuee 240 in triage category Y is not assigned a helicopter
726.936,846,evacuee,,Evacuee;240;in triage state;R;is at the evacuation site
732.561,3,evacueeManager,,OFF SHIP: White;0;Green;370;Yellow;57;Red;11;Black;62;ON SHIP: White;0;Green;0;Yellow;0;Red;0;Evacuees to Transfer;
732.561,1366,evacuee,outES,Evacuee 329 in triage category Y is not assigned a helicopter
732.561,1366,evacuee,,Evacuee;329;in triage state;R;is at the evacuation site
734.924,3,evacueeManager,,OFF SHIP: White;0;Green;370;Yellow;56;Red;12;Black;62;ON SHIP: White;0;Green;0;Yellow;0;Red;0;Evacuees to Transfer;
734.924,780,evacuee,outES,Evacuee 141 in triage category Y is not assigned a helicopter
734.924,780,evacuee,,Evacuee;141;in triage state;R;is at the evacuation site
742.236,3,evacueeManager,,OFF SHIP: White;0;Green;369;Yellow;57;Red;12;Black;62;ON SHIP: White;0;Green;0;Yellow;0;Red;0;Evacuees to Transfer;
742.236,188,evacuee,outES,Evacuee 382 in triage category G is not assigned a helicopter
742.236,188,evacuee,,Evacuee;382;in triage state;Y;is at the evacuation site
742.974,3,evacueeManager,,OFF SHIP: White;0;Green;369;Yellow;57;Red;11;Black;63;ON SHIP: White;0;Green;0;Yellow;0;Red;0;Evacuees to Transfer;
742.974,696,evacuee,outES,Evacuee 128 in triage category R is not assigned a helicopter
742.974,696,evacuee,,Evacuee;128;in triage state;B;is at the evacuation site
747.149,3,evacueeManager,,OFF SHIP: White;0;Green;368;Yellow;58;Red;11;Black;63;ON SHIP: White;0;Green;0;Yellow;0;Red;0;Evacuees to Transfer;
747.149,927,evacuee,outES,Evacuee 31 in triage category G is not assigned a helicopter
747.149,927,evacuee,,Evacuee;31;in triage state;Y;is at the evacuation site
749.374,3,evacueeManager,,OFF SHIP: White;0;Green;368;Yellow;58;Red;10;Black;64;ON SHIP: White;0;Green;0;Yellow;0;Red;0;Evacuees to Transfer;
749.374,107,evacuee,outES,Evacuee 433 in triage category R is not assigned a helicopter
749.374,107,evacuee,,Evacuee;433;in triage state;B;is at the evacuation site
751.796,3,evacueeManager,,OFF SHIP: White;0;Green;368;Yellow;57;Red;11;Black;64;ON SHIP: White;0;Green;0;Yellow;0;Red;0;Evacuees to Transfer;
751.796,327,evacuee,outES,Evacuee 446 in triage category Y is not assigned a helicopter
751.796,327,evacuee,,Evacuee;446;in triage state;R;is at the evacuation site
752.602,3,evacueeManager,,OFF SHIP: White;0;Green;368;Yellow;57;Red;10;Black;65;ON SHIP: White;0;Green;0;Yellow;0;Red;0;Evacuees to Transfer;
752.602,1071,evacuee,outES,Evacuee 30 in triage category R is not assigned a helicopter
752.602,1071,evacuee,,Evacuee;30;in triage state;B;is at the evacuation site
754.57,3,evacueeManager,,OFF SHIP: White;0;Green;367;Yellow;58;Red;10;Black;65;ON SHIP: White;0;Green;0;Yellow;0;Red;0;Evacuees to Transfer;
754.57,1074,evacuee,outES,Evacuee 336 in triage category G is not assigned a helicopter
754.57,1074,evacuee,,Evacuee;336;in triage state;Y;is at the evacuation site
757.223,3,evacueeManager,,OFF SHIP: White;0;Green;367;Yellow;57;Red;11;Black;65;ON SHIP: White;0;Green;0;Yellow;0;Red;0;Evacuees to Transfer;
757.223,996,evacuee,outES,Evacuee 72 in triage category Y is not assigned a helicopter
757.223,996,evacuee,,Evacuee;72;in triage state;R;is at the evacuation site
758.964,3,evacueeManager,,OFF SHIP: White;0;Green;367;Yellow;57;Red;10;Black;66;ON SHIP: White;0;Green;0;Yellow;0;Red;0;Evacuees to Transfer;
758.964,780,evacuee,outES,Evacuee 141 in triage category R is not assigned a helicopter
758.964,780,evacuee,,Evacuee;141;in triage state;B;is at the evacuation site
759.822,3,evacueeManager,,OFF SHIP: White;0;Green;367;Yellow;57;Red;9;Black;67;ON SHIP: White;0;Green;0;Yellow;0;Red;0;Evacuees to Transfer;
759.822,1366,evacuee,outES,Evacuee 329 in triage category R is not assigned a helicopter
759.822,1366,evacuee,,Evacuee;329;in triage state;B;is at the evacuation site
760.543,3,evacueeManager,,OFF SHIP: White;0;Green;367;Yellow;57;Red;8;Black;68;ON SHIP: White;0;Green;0;Yellow;0;Red;0;Evacuees to Transfer;
760.543,996,evacuee,outES,Evacuee 72 in triage category R is not assigned a helicopter
760.543,996,evacuee,,Evacuee;72;in triage state;B;is at the evacuation site
762.321,3,evacueeManager,,OFF SHIP: White;0;Green;367;Yellow;57;Red;7;Black;69;ON SHIP: White;0;Green;0;Yellow;0;Red;0;Evacuees to Transfer;
762.321,258,evacuee,outES,Evacuee 348 in triage category R is not assigned a helicopter
762.321,258,evacuee,,Evacuee;348;in triage state;B;is at the evacuation site
762.697,3,evacueeManager,,OFF SHIP: White;0;Green;367;Yellow;57;Red;6;Black;70;ON SHIP: White;0;Green;0;Yellow;0;Red;0;Evacuees to Transfer;
762.697,813,evacuee,outES,Evacuee 487 in triage category R is not assigned a helicopter
762.697,813,evacuee,,Evacuee;487;in triage state;B;is at the evacuation site
763.513,3,evacueeManager,,OFF SHIP: White;0;Green;366;Yellow;58;Red;6;Black;70;ON SHIP: White;0;Green;0;Yellow;0;Red;0;Evacuees to Transfer;
763.513,264,evacuee,outES,Evacuee 341 in triage category G is not assigned a helicopter
763.513,264,evacuee,,Evacuee;341;in triage state;Y;is at the evacuation site
763.586,3,evacueeManager,,OFF SHIP: White;0;Green;365;Yellow;59;Red;6;Black;70;ON SHIP: White;0;Green;0;Yellow;0;Red;0;Evacuees to Transfer;
763.586,1372,evacuee,outES,Evacuee 11 in triage category G is not assigned a helicopter
763.586,1372,evacuee,,Evacuee;11;in triage state;Y;is at the evacuation site
768.647,3,evacueeManager,,OFF SHIP: White;0;Green;365;Yellow;58;Red;7;Black;70;ON SHIP: White;0;Green;0;Yellow;0;Red;0;Evacuees to Transfer;
768.647,1441,evacuee,outES,Evacuee 226 in triage category Y is not assigned a helicopter
768.647,1441,evacuee,,Evacuee;226;in triage state;R;is at the evacuation site
778.674,3,evacueeManager,,OFF SHIP: White;0;Green;364;Yellow;59;Red;7;Black;70;ON SHIP: White;0;Green;0;Yellow;0;Red;0;Evacuees to Transfer;
778.674,855,evacuee,outES,Evacuee 172 in triage category G is not assigned a helicopter
778.674,855,evacuee,,Evacuee;172;in triage state;Y;is at the evacuation site
779.144,3,evacueeManager,,OFF SHIP: White;0;Green;364;Yellow;58;Red;8;Black;70;ON SHIP: White;0;Green;0;Yellow;0;Red;0;Evacuees to Transfer;
779.144,1222,evacuee,outES,Evacuee 152 in triage category Y is not assigned a helicopter
779.144,1222,evacuee,,Evacuee;152;in triage state;R;is at the evacuation site
779.81,3,evacueeManager,,OFF SHIP: White;0;Green;364;Yellow;57;Red;9;Black;70;ON SHIP: White;0;Green;0;Yellow;0;Red;0;Evacuees to Transfer;
779.81,1357,evacuee,outES,Evacuee 197 in triage category Y is not assigned a helicopter
779.81,1357,evacuee,,Evacuee;197;in triage state;R;is at the evacuation site
783.656,3,evacueeManager,,OFF SHIP: White;0;Green;364;Yellow;56;Red;10;Black;70;ON SHIP: White;0;Green;0;Yellow;0;Red;0;Evacuees to Transfer;
783.656,552,evacuee,outES,Evacuee 424 in triage category Y is not assigned a helicopter
783.656,552,evacuee,,Evacuee;424;in triage state;R;is at the evacuation site
790.54,3,evacueeManager,,OFF SHIP: White;0;Green;364;Yellow;55;Red;11;Black;70;ON SHIP: White;0;Green;0;Yellow;0;Red;0;Evacuees to Transfer;
790.54,1134,evacuee,outES,Evacuee 364 in triage category Y is not assigned a helicopter
790.54,1134,evacuee,,Evacuee;364;in triage state;R;is at the evacuation site
793.843,3,evacueeManager,,OFF SHIP: White;0;Green;363;Yellow;56;Red;11;Black;70;ON SHIP: White;0;Green;0;Yellow;0;Red;0;Evacuees to Transfer;
793.843,339,evacuee,outES,Evacuee 309 in triage category G is not assigned a helicopter
793.843,339,evacuee,,Evacuee;309;in triage state;Y;is at the evacuation site
803.419,3,evacueeManager,,OFF SHIP: White;0;Green;362;Yellow;57;Red;11;Black;70;ON SHIP: White;0;Green;0;Yellow;0;Red;0;Evacuees to Transfer;
803.419,1225,evacuee,outES,Evacuee 153 in triage category G is not assigned a helicopter
803.419,1225,evacuee,,Evacuee;153;in triage state;Y;is at the evacuation site
803.563,3,evacueeManager,,OFF SHIP: White;0;Green;362;Yellow;57;Red;10;Black;71;ON SHIP: White;0;Green;0;Yellow;0;Red;0;Evacuees to Transfer;
803.563,1357,evacuee,outES,Evacuee 197 in triage category R is not assigned a helicopter
803.563,1357,evacuee,,Evacuee;197;in triage state;B;is at the evacuation site
803.782,3,evacueeManager,,OFF SHIP: White;0;Green;361;Yellow;58;Red;10;Black;71;ON SHIP: White;0;Green;0;Yellow;0;Red;0;Evacuees to Transfer;
803.782,708,evacuee,outES,Evacuee 62 in triage category G is not assigned a helicopter
803.782,708,evacuee,,Evacuee;62;in triage state;Y;is at the evacuation site
804.949,3,evacueeManager,,OFF SHIP: White;0;Green;361;Yellow;58;Red;9;Black;72;ON SHIP: White;0;Green;0;Yellow;0;Red;0;Evacuees to Transfer;
804.949,1222,evacuee,outES,Evacuee 152 in triage category R is not assigned a helicopter
804.949,1222,evacuee,,Evacuee;152;in triage state;B;is at the evacuation site
805.164,3,evacueeManager,,OFF SHIP: White;0;Green;360;Yellow;59;Red;9;Black;72;ON SHIP: White;0;Green;0;Yellow;0;Red;0;Evacuees to Transfer;
805.164,561,evacuee,outES,Evacuee 124 in triage category G is not assigned a helicopter
805.164,561,evacuee,,Evacuee;124;in triage state;Y;is at the evacuation site
805.6,3,evacueeManager,,OFF SHIP: White;0;Green;359;Yellow;60;Red;9;Black;72;ON SHIP: White;0;Green;0;Yellow;0;Red;0;Evacuees to Transfer;
805.6,1149,evacuee,outES,Evacuee 45 in triage category G is not assigned a helicopter
805.6,1149,evacuee,,Evacuee;45;in triage state;Y;is at the evacuation site
809.31,3,evacueeManager,,OFF SHIP: White;0;Green;358;Yellow;61;Red;9;Black;72;ON SHIP: White;0;Green;0;Yellow;0;Red;0;Evacuees to Transfer;
809.31,116,evacuee,outES,Evacuee 423 in triage category G is not assigned a helicopter
809.31,116,evacuee,,Evacuee;423;in triage state;Y;is at the evacuation site
810.712,3,evacueeManager,,OFF SHIP: White;0;Green;358;Yellow;60;Red;10;Black;72;ON SHIP: White;0;Green;0;Yellow;0;Red;0;Evacuees to Transfer;
810.712,1143,evacuee,outES,Evacuee 231 in triage category Y is not assigned a helicopter
810.712,1143,evacuee,,Evacuee;231;in triage state;R;is at the evacuation site
816.077,3,evacueeManager,,OFF SHIP: White;0;Green;358;Yellow;59;Red;11;Black;72;ON SHIP: White;0;Green;0;Yellow;0;Red;0;Evacuees to Transfer;
816.077,1146,evacuee,outES,Evacuee 261 in triage category Y is not assigned a helicopter
816.077,1146,evacuee,,Evacuee;261;in triage state;R;is at the evacuation site
818.068,3,evacueeManager,,OFF SHIP: White;0;Green;358;Yellow;59;Red;10;Black;73;ON SHIP: White;0;Green;0;Yellow;0;Red;0;Evacuees to Transfer;
818.068,555,evacuee,outES,Evacuee 269 in triage category R is not assigned a helicopter
818.068,555,evacuee,,Evacuee;269;in triage state;B;is at the evacuation site
819.561,3,evacueeManager,,OFF SHIP: White;0;Green;358;Yellow;58;Red;11;Black;73;ON SHIP: White;0;Green;0;Yellow;0;Red;0;Evacuees to Transfer;
819.561,705,evacuee,outES,Evacuee 66 in triage category Y is not assigned a helicopter
819.561,705,evacuee,,Evacuee;66;in triage state;R;is at the evacuation site
821.935,3,evacueeManager,,OFF SHIP: White;0;Green;357;Yellow;59;Red;11;Black;73;ON SHIP: White;0;Green;0;Yellow;0;Red;0;Evacuees to Transfer;
821.935,1002,evacuee,outES,Evacuee 53 in triage category G is not assigned a helicopter
821.935,1002,evacuee,,Evacuee;53;in triage state;Y;is at the evacuation site
824.387,3,evacueeManager,,OFF SHIP: White;0;Green;357;Yellow;59;Red;10;Black;74;ON SHIP: White;0;Green;0;Yellow;0;Red;0;Evacuees to Transfer;
824.387,327,evacuee,outES,Evacuee 446 in triage category R is not assigned a helicopter
824.387,327,evacuee,,Evacuee;446;in triage state;B;is at the evacuation site
827.498,3,evacueeManager,,OFF SHIP: White;0;Green;356;Yellow;60;Red;10;Black;74;ON SHIP: White;0;Green;0;Yellow;0;Red;0;Evacuees to Transfer;
827.498,414,evacuee,outES,Evacuee 277 in triage category G is not assigned a helicopter
827.498,414,evacuee,,Evacuee;277;in triage state;Y;is at the evacuation site
830.528,3,evacueeManager,,OFF SHIP: White;0;Green;356;Yellow;60;Red;9;Black;75;ON SHIP: White;0;Green;0;Yellow;0;Red;0;Evacuees to Transfer;
830.528,1143,evacuee,outES,Evacuee 231 in triage category R is not assigned a helicopter
830.528,1143,evacuee,,Evacuee;231;in triage state;B;is at the evacuation site
835.29,3,evacueeManager,,OFF SHIP: White;0;Green;356;Yellow;59;Red;10;Black;75;ON SHIP: White;0;Green;0;Yellow;0;Red;0;Evacuees to Transfer;
835.29,396,evacuee,outES,Evacuee 282 in triage category Y is not assigned a helicopter
835.29,396,evacuee,,Evacuee;282;in triage state;R;is at the evacuation site
837.33,3,evacueeManager,,OFF SHIP: White;0;Green;356;Yellow;58;Red;11;Black;75;ON SHIP: White;0;Green;0;Yellow;0;Red;0;Evacuees to Transfer;
837.33,402,evacuee,outES,Evacuee 280 in triage category Y is not assigned a helicopter
837.33,402,evacuee,,Evacuee;280;in triage state;R;is at the evacuation site
837.751,3,evacueeManager,,OFF SHIP: White;0;Green;356;Yellow;57;Red;12;Black;75;ON SHIP: White;0;Green;0;Yellow;0;Red;0;Evacuees to Transfer;
837.751,173,evacuee,outES,Evacuee 389 in triage category Y is not assigned a helicopter
837.751,173,evacuee,,Evacuee;389;in triage state;R;is at the evacuation site
841.674,3,evacueeManager,,OFF SHIP: White;0;Green;356;Yellow;57;Red;11;Black;76;ON SHIP: White;0;Green;0;Yellow;0;Red;0;Evacuees to Transfer;
841.674,173,evacuee,outES,Evacuee 389 in triage category R is not assigned a helicopter
841.674,173,evacuee,,Evacuee;389;in triage state;B;is at the evacuation site
843.583,3,evacueeManager,,OFF SHIP: White;0;Green;356;Yellow;56;Red;12;Black;76;ON SHIP: White;0;Green;0;Yellow;0;Red;0;Evacuees to Transfer;
843.583,1372,evacuee,outES,Evacuee 11 in triage category Y is not assigned a helicopter
843.583,1372,evacuee,,Evacuee;11;in triage state;R;is at the evacuation site
846.988,3,evacueeManager,,OFF SHIP: White;0;Green;356;Yellow;55;Red;13;Black;76;ON SHIP: White;0;Green;0;Yellow;0;Red;0;Evacuees to Transfer;
846.988,110,evacuee,outES,Evacuee 428 in triage category Y is not assigned a helicopter
846.988,110,evacuee,,Evacuee;428;in triage state;R;is at the evacuation site
847.868,3,evacueeManager,,OFF SHIP: White;0;Green;355;Yellow;56;Red;13;Black;76;ON SHIP: White;0;Green;0;Yellow;0;Red;0;Evacuees to Transfer;
847.868,1447,evacuee,outES,Evacuee 227 in triage category G is not assigned a helicopter
847.868,1447,evacuee,,Evacuee;227;in triage state;Y;is at the evacuation site
849.271,3,evacueeManager,,OFF SHIP: White;0;Green;354;Yellow;57;Red;13;Black;76;ON SHIP: White;0;Green;0;Yellow;0;Red;0;Evacuees to Transfer;
849.271,1300,evacuee,outES,Evacuee 177 in triage category G is not assigned a helicopter
849.271,1300,evacuee,,Evacuee;177;in triage state;Y;is at the evacuation site
850.411,3,evacueeManager,,OFF SHIP: White;0;Green;354;Yellow;56;Red;14;Black;76;ON SHIP: White;0;Green;0;Yellow;0;Red;0;Evacuees to Transfer;
850.411,1213,evacuee,outES,Evacuee 296 in triage category Y is not assigned a helicopter
850.411,1213,evacuee,,Evacuee;296;in triage state;R;is at the evacuation site
852.446,3,evacueeManager,,OFF SHIP: White;0;Green;353;Yellow;57;Red;14;Black;76;ON SHIP: White;0;Green;0;Yellow;0;Red;0;Evacuees to Transfer;
852.446,489,evacuee,outES,Evacuee 245 in triage category G is not assigned a helicopter
852.446,489,evacuee,,Evacuee;245;in triage state;Y;is at the evacuation site
852.644,3,evacueeManager,,OFF SHIP: White;0;Green;353;Yellow;57;Red;13;Black;77;ON SHIP: White;0;Green;0;Yellow;0;Red;0;Evacuees to Transfer;
852.644,1134,evacuee,outES,Evacuee 364 in triage category R is not assigned a helicopter
852.644,1134,evacuee,,Evacuee;364;in triage state;B;is at the evacuation site
853.23,3,evacueeManager,,OFF SHIP: White;0;Green;353;Yellow;56;Red;14;Black;77;ON SHIP: White;0;Green;0;Yellow;0;Red;0;Evacuees to Transfer;
853.23,1068,evacuee,outES,Evacuee 43 in triage category Y is not assigned a helicopter
853.23,1068,evacuee,,Evacuee;43;in triage state;R;is at the evacuation site
856.716,3,evacueeManager,,OFF SHIP: White;0;Green;353;Yellow;55;Red;15;Black;77;ON SHIP: White;0;Green;0;Yellow;0;Red;0;Evacuees to Transfer;
856.716,188,evacuee,outES,Evacuee 382 in triage category Y is not assigned a helicopter
856.716,188,evacuee,,Evacuee;382;in triage state;R;is at the evacuation site
858.736,3,evacueeManager,,OFF SHIP: White;0;Green;352;Yellow;56;Red;15;Black;77;ON SHIP: White;0;Green;0;Yellow;0;Red;0;Evacuees to Transfer;
858.736,783,evacuee,outES,Evacuee 133 in triage category G is not assigned a helicopter
858.736,783,evacuee,,Evacuee;133;in triage state;Y;is at the evacuation site
859.734,3,evacueeManager,,OFF SHIP: White;0;Green;352;Yellow;55;Red;16;Black;77;ON SHIP: White;0;Green;0;Yellow;0;Red;0;Evacuees to Transfer;
859.734,546,evacuee,outES,Evacuee 235 in triage category Y is not assigned a helicopter
859.734,546,evacuee,,Evacuee;235;in triage state;R;is at the evacuation site
866.227,3,evacueeManager,,OFF SHIP: White;0;Green;351;Yellow;56;Red;16;Black;77;ON SHIP: White;0;Green;0;Yellow;0;Red;0;Evacuees to Transfer;
866.227,636,evacuee,outES,Evacuee 444 in triage category G is not assigned a helicopter
866.227,636,evacuee,,Evacuee;444;in triage state;Y;is at the evacuation site
870.548,3,evacueeManager,,OFF SHIP: White;0;Green;351;Yellow;56;Red;15;Black;78;ON SHIP: White;0;Green;0;Yellow;0;Red;0;Evacuees to Transfer;
870.548,618,evacuee,outES,Evacuee 127 in triage category R is not assigned a helicopter
870.548,618,evacuee,,Evacuee;127;in triage state;B;is at the evacuation site
872.341,3,evacueeManager,,OFF SHIP: White;0;Green;351;Yellow;56;Red;14;Black;79;ON SHIP: White;0;Green;0;Yellow;0;Red;0;Evacuees to Transfer;
872.341,846,evacuee,outES,Evacuee 240 in triage category R is not assigned a helicopter
872.341,846,evacuee,,Evacuee;240;in triage state;B;is at the evacuation site
878.145,3,evacueeManager,,OFF SHIP: White;0;Green;351;Yellow;55;Red;15;Black;79;ON SHIP: White;0;Green;0;Yellow;0;Red;0;Evacuees to Transfer;
878.145,1291,evacuee,outES,Evacuee 170 in triage category Y is not assigned a helicopter
878.145,1291,evacuee,,Evacuee;170;in triage state;R;is at the evacuation site
898.039,3,evacueeManager,,OFF SHIP: White;0;Green;350;Yellow;56;Red;15;Black;79;ON SHIP: White;0;Green;0;Yellow;0;Red;0;Evacuees to Transfer;
898.039,191,evacuee,outES,Evacuee 381 in triage category G is not assigned a helicopter
898.039,191,evacuee,,Evacuee;381;in triage state;Y;is at the evacuation site
901.781,3,evacueeManager,,OFF SHIP: White;0;Green;350;Yellow;55;Red;16;Black;79;ON SHIP: White;0;Green;0;Yellow;0;Red;0;Evacuees to Transfer;
901.781,1444,evacuee,outES,Evacuee 464 in triage category Y is not assigned a helicopter
901.781,1444,evacuee,,Evacuee;464;in triage state;R;is at the evacuation site
903.226,3,evacueeManager,,OFF SHIP: White;0;Green;349;Yellow;56;Red;16;Black;79;ON SHIP: White;0;Green;0;Yellow;0;Red;0;Evacuees to Transfer;
903.226,930,evacuee,outES,Evacuee 38 in triage category G is not assigned a helicopter
903.226,930,evacuee,,Evacuee;38;in triage state;Y;is at the evacuation site
903.684,3,evacueeManager,,OFF SHIP: White;0;Green;349;Yellow;55;Red;17;Black;79;ON SHIP: White;0;Green;0;Yellow;0;Red;0;Evacuees to Transfer;
903.684,1294,evacuee,outES,Evacuee 171 in triage category Y is not assigned a helicopter
903.684,1294,evacuee,,Evacuee;171;in triage state;R;is at the evacuation site
906.307,3,evacueeManager,,OFF SHIP: White;0;Green;349;Yellow;54;Red;18;Black;79;ON SHIP: White;0;Green;0;Yellow;0;Red;0;Evacuees to Transfer;
906.307,1300,evacuee,outES,Evacuee 177 in triage category Y is not assigned a helicopter
906.307,1300,evacuee,,Evacuee;177;in triage state;R;is at the evacuation site
907.969,3,evacueeManager,,OFF SHIP: White;0;Green;348;Yellow;55;Red;18;Black;79;ON SHIP: White;0;Green;0;Yellow;0;Red;0;Evacuees to Transfer;
907.969,1077,evacuee,outES,Evacuee 307 in triage category G is not assigned a helicopter
907.969,1077,evacuee,,Evacuee;307;in triage state;Y;is at the evacuation site
910.244,3,evacueeManager,,OFF SHIP: White;0;Green;348;Yellow;55;Red;17;Black;80;ON SHIP: White;0;Green;0;Yellow;0;Red;0;Evacuees to Transfer;
910.244,1372,evacuee,outES,Evacuee 11 in triage category R is not assigned a helicopter
910.244,1372,evacuee,,Evacuee;11;in triage state;B;is at the evacuation site
910.717,3,evacueeManager,,OFF SHIP: White;0;Green;348;Yellow;54;Red;18;Black;80;ON SHIP: White;0;Green;0;Yellow;0;Red;0;Evacuees to Transfer;
910.717,1002,evacuee,outES,Evacuee 53 in triage category Y is not assigned a helicopter
910.717,1002,evacuee,,Evacuee;53;in triage state;R;is at the evacuation site
911.313,3,evacueeManager,,OFF SHIP: White;0;Green;348;Yellow;53;Red;19;Black;80;ON SHIP: White;0;Green;0;Yellow;0;Red;0;Evacuees to Transfer;
911.313,1360,evacuee,outES,Evacuee 450 in triage category Y is not assigned a helicopter
911.313,1360,evacuee,,Evacuee;450;in triage state;R;is at the evacuation site
911.392,3,evacueeManager,,OFF SHIP: White;0;Green;348;Yellow;53;Red;18;Black;81;ON SHIP: White;0;Green;0;Yellow;0;Red;0;Evacuees to Transfer;
911.392,402,evacuee,outES,Evacuee 280 in triage category R is not assigned a helicopter
911.392,402,evacuee,,Evacuee;280;in triage state;B;is at the evacuation site
912.708,3,evacueeManager,,OFF SHIP: White;0;Green;348;Yellow;52;Red;19;Black;81;ON SHIP: White;0;Green;0;Yellow;0;Red;0;Evacuees to Transfer;
912.708,783,evacuee,outES,Evacuee 133 in triage category Y is not assigned a helicopter
912.708,783,evacuee,,Evacuee;133;in triage state;R;is at the evacuation site
913.212,3,evacueeManager,,OFF SHIP: White;0;Green;348;Yellow;52;Red;18;Black;82;ON SHIP: White;0;Green;0;Yellow;0;Red;0;Evacuees to Transfer;
913.212,783,evacuee,outES,Evacuee 133 in triage category R is not assigned a helicopter
913.212,783,evacuee,,Evacuee;133;in triage state;B;is at the evacuation site
917.403,3,evacueeManager,,OFF SHIP: White;0;Green;347;Yellow;53;Red;18;Black;82;ON SHIP: White;0;Green;0;Yellow;0;Red;0;Evacuees to Transfer;
917.403,267,evacuee,outES,Evacuee 340 in triage category G is not assigned a helicopter
917.403,267,evacuee,,Evacuee;340;in triage state;Y;is at the evacuation site
923.685,3,evacueeManager,,OFF SHIP: White;0;Green;346;Yellow;54;Red;18;Black;82;ON SHIP: White;0;Green;0;Yellow;0;Red;0;Evacuees to Transfer;
923.685,1375,evacuee,outES,Evacuee 202 in triage category G is not assigned a helicopter
923.685,1375,evacuee,,Evacuee;202;in triage state;Y;is at the evacuation site
924.54,3,evacueeManager,,OFF SHIP: White;0;Green;346;Yellow;54;Red;17;Black;83;ON SHIP: White;0;Green;0;Yellow;0;Red;0;Evacuees to Transfer;
924.54,1360,evacuee,outES,Evacuee 450 in triage category R is not assigned a helicopter
924.54,1360,evacuee,,Evacuee;450;in triage state;B;is at the evacuation site
930.317,3,evacueeManager,,OFF SHIP: White;0;Green;346;Yellow;54;Red;16;Black;84;ON SHIP: White;0;Green;0;Yellow;0;Red;0;Evacuees to Transfer;
930.317,546,evacuee,outES,Evacuee 235 in triage category R is not assigned a helicopter
930.317,546,evacuee,,Evacuee;235;in triage state;B;is at the evacuation site
936.517,3,evacueeManager,,OFF SHIP: White;0;Green;345;Yellow;55;Red;16;Black;84;ON SHIP: White;0;Green;0;Yellow;0;Red;0;Evacuees to Transfer;
936.517,858,evacuee,outES,Evacuee 256 in triage category G is not assigned a helicopter
936.517,858,evacuee,,Evacuee;256;in triage state;Y;is at the evacuation site
937.629,3,evacueeManager,,OFF SHIP: White;0;Green;345;Yellow;55;Red;15;Black;85;ON SHIP: White;0;Green;0;Yellow;0;Red;0;Evacuees to Transfer;
937.629,188,evacuee,outES,Evacuee 382 in triage category R is not assigned a helicopter
937.629,188,evacuee,,Evacuee;382;in triage state;B;is at the evacuation site
938.332,3,evacueeManager,,OFF SHIP: White;0;Green;345;Yellow;55;Red;14;Black;86;ON SHIP: White;0;Green;0;Yellow;0;Red;0;Evacuees to Transfer;
938.332,411,evacuee,outES,Evacuee 278 in triage category R is not assigned a helicopter
938.332,411,evacuee,,Evacuee;278;in triage state;B;is at the evacuation site
940.205,3,evacueeManager,,OFF SHIP: White;0;Green;345;Yellow;54;Red;15;Black;86;ON SHIP: White;0;Green;0;Yellow;0;Red;0;Evacuees to Transfer;
940.205,999,evacuee,outES,Evacuee 46 in triage category Y is not assigned a helicopter
940.205,999,evacuee,,Evacuee;46;in triage state;R;is at the evacuation site
941.11,3,evacueeManager,,OFF SHIP: White;0;Green;345;Yellow;53;Red;16;Black;86;ON SHIP: White;0;Green;0;Yellow;0;Red;0;Evacuees to Transfer;
941.11,1225,evacuee,outES,Evacuee 153 in triage category Y is not assigned a helicopter
941.11,1225,evacuee,,Evacuee;153;in triage state;R;is at the evacuation site
942.96,3,evacueeManager,,OFF SHIP: White;0;Green;345;Yellow;52;Red;17;Black;86;ON SHIP: White;0;Green;0;Yellow;0;Red;0;Evacuees to Transfer;
942.96,261,evacuee,outES,Evacuee 346 in triage category Y is not assigned a helicopter
942.96,261,evacuee,,Evacuee;346;in triage state;R;is at the evacuation site
946.783,3,evacueeManager,,OFF SHIP: White;0;Green;345;Yellow;52;Red;16;Black;87;ON SHIP: White;0;Green;0;Yellow;0;Red;0;Evacuees to Transfer;
946.783,1444,evacuee,outES,Evacuee 464 in triage category R is not assigned a helicopter
946.783,1444,evacuee,,Evacuee;464;in triage state;B;is at the evacuation site
947.811,3,evacueeManager,,OFF SHIP: White;0;Green;345;Yellow;52;Red;15;Black;88;ON SHIP: White;0;Green;0;Yellow;0;Red;0;Evacuees to Transfer;
947.811,396,evacuee,outES,Evacuee 282 in triage category R is not assigned a helicopter
947.811,396,evacuee,,Evacuee;282;in triage state;B;is at the evacuation site
949.177,3,evacueeManager,,OFF SHIP: White;0;Green;344;Yellow;53;Red;15;Black;88;ON SHIP: White;0;Green;0;Yellow;0;Red;0;Evacuees to Transfer;
949.177,44,evacuee,outES,Evacuee 476 in triage category G is not assigned a helicopter
949.177,44,evacuee,,Evacuee;476;in triage state;Y;is at the evacuation site
949.406,3,evacueeManager,,OFF SHIP: White;0;Green;343;Yellow;54;Red;15;Black;88;ON SHIP: White;0;Green;0;Yellow;0;Red;0;Evacuees to Transfer;
949.406,342,evacuee,outES,Evacuee 306 in triage category G is not assigned a helicopter
949.406,342,evacuee,,Evacuee;306;in triage state;Y;is at the evacuation site
955.574,3,evacueeManager,,OFF SHIP: White;0;Green;343;Yellow;53;Red;16;Black;88;ON SHIP: White;0;Green;0;Yellow;0;Red;0;Evacuees to Transfer;
955.574,339,evacuee,outES,Evacuee 309 in triage category Y is not assigned a helicopter
955.574,339,evacuee,,Evacuee;309;in triage state;R;is at the evacuation site
956.755,3,evacueeManager,,OFF SHIP: White;0;Green;342;Yellow;54;Red;16;Black;88;ON SHIP: White;0;Green;0;Yellow;0;Red;0;Evacuees to Transfer;
956.755,711,evacuee,outES,Evacuee 223 in triage category G is not assigned a helicopter
956.755,711,evacuee,,Evacuee;223;in triage state;Y;is at the evacuation site
959.516,3,evacueeManager,,OFF SHIP: White;0;Green;341;Yellow;55;Red;16;Black;88;ON SHIP: White;0;Green;0;Yellow;0;Red;0;Evacuees to Transfer;
959.516,1228,evacuee,outES,Evacuee 67 in triage category G is not assigned a helicopter
959.516,1228,evacuee,,Evacuee;67;in triage state;Y;is at the evacuation site
959.538,3,evacueeManager,,OFF SHIP: White;0;Green;341;Yellow;55;Red;15;Black;89;ON SHIP: White;0;Green;0;Yellow;0;Red;0;Evacuees to Transfer;
959.538,110,evacuee,outES,Evacuee 428 in triage category R is not assigned a helicopter
959.538,110,evacuee,,Evacuee;428;in triage state;B;is at the evacuation site
961.357,3,evacueeManager,,OFF SHIP: White;0;Green;340;Yellow;56;Red;15;Black;89;ON SHIP: White;0;Green;0;Yellow;0;Red;0;Evacuees to Transfer;
961.357,564,evacuee,outES,Evacuee 111 in triage category G is not assigned a helicopter
961.357,564,evacuee,,Evacuee;111;in triage state;Y;is at the evacuation site
968.889,3,evacueeManager,,OFF SHIP: White;0;Green;339;Yellow;57;Red;15;Black;89;ON SHIP: White;0;Green;0;Yellow;0;Red;0;Evacuees to Transfer;
968.889,119,evacuee,outES,Evacuee 420 in triage category G is not assigned a helicopter
968.889,119,evacuee,,Evacuee;420;in triage state;Y;is at the evacuation site
970.368,3,evacueeManager,,OFF SHIP: White;0;Green;339;Yellow;57;Red;14;Black;90;ON SHIP: White;0;Green;0;Yellow;0;Red;0;Evacuees to Transfer;
970.368,1213,evacuee,outES,Evacuee 296 in triage category R is not assigned a helicopter
970.368,1213,evacuee,,Evacuee;296;in triage state;B;is at the evacuation site
977.564,3,evacueeManager,,OFF SHIP: White;0;Green;339;Yellow;56;Red;15;Black;90;ON SHIP: White;0;Green;0;Yellow;0;Red;0;Evacuees to Transfer;
977.564,711,evacuee,outES,Evacuee 223 in triage category Y is not assigned a helicopter
977.564,711,evacuee,,Evacuee;223;in triage state;R;is at the evacuation site
979.066,3,evacueeManager,,OFF SHIP: White;0;Green;338;Yellow;57;Red;15;Black;90;ON SHIP: White;0;Green;0;Yellow;0;Red;0;Evacuees to Transfer;
979.066,1005,evacuee,outES,Evacuee 220 in triage category G is not assigned a helicopter
979.066,1005,evacuee,,Evacuee;220;in triage state;Y;is at the evacuation site
985.574,3,evacueeManager,,OFF SHIP: White;0;Green;338;Yellow;56;Red;16;Black;90;ON SHIP: White;0;Green;0;Yellow;0;Red;0;Evacuees to Transfer;
985.574,858,evacuee,outES,Evacuee 256 in triage category Y is not assigned a helicopter
985.574,858,evacuee,,Evacuee;256;in triage state;R;is at the evacuation site
988.117,3,evacueeManager,,OFF SHIP: White;0;Green;337;Yellow;57;Red;16;Black;90;ON SHIP: White;0;Green;0;Yellow;0;Red;0;Evacuees to Transfer;
988.117,417,evacuee,outES,Evacuee 315 in triage category G is not assigned a helicopter
988.117,417,evacuee,,Evacuee;315;in triage state;Y;is at the evacuation site
988.925,3,evacueeManager,,OFF SHIP: White;0;Green;337;Yellow;56;Red;17;Black;90;ON SHIP: White;0;Green;0;Yellow;0;Red;0;Evacuees to Transfer;
988.925,1297,evacuee,outES,Evacuee 174 in triage category Y is not assigned a helicopter
988.925,1297,evacuee,,Evacuee;174;in triage state;R;is at the evacuation site
996.832,3,evacueeManager,,OFF SHIP: White;0;Green;337;Yellow;55;Red;18;Black;90;ON SHIP: White;0;Green;0;Yellow;0;Red;0;Evacuees to Transfer;
996.832,1074,evacuee,outES,Evacuee 336 in triage category Y is not assigned a helicopter
996.832,1074,evacuee,,Evacuee;336;in triage state;R;is at the evacuation site
1002.56,3,evacueeManager,,OFF SHIP: White;0;Green;337;Yellow;54;Red;19;Black;90;ON SHIP: White;0;Green;0;Yellow;0;Red;0;Evacuees to Transfer;
1002.56,14,evacuee,outES,Evacuee 494 in triage category Y is not assigned a helicopter
1002.56,14,evacuee,,Evacuee;494;in triage state;R;is at the evacuation site
1003.27,3,evacueeManager,,OFF SHIP: White;0;Green;336;Yellow;55;Red;19;Black;90;ON SHIP: White;0;Green;0;Yellow;0;Red;0;Evacuees to Transfer;
1003.27,1450,evacuee,outES,Evacuee 267 in triage category G is not assigned a helicopter
1003.27,1450,evacuee,,Evacuee;267;in triage state;Y;is at the evacuation site
1005.92,3,evacueeManager,,OFF SHIP: White;0;Green;336;Yellow;54;Red;20;Black;90;ON SHIP: White;0;Green;0;Yellow;0;Red;0;Evacuees to Transfer;
1005.92,1435,evacuee,outES,Evacuee 225 in triage category Y is not assigned a helicopter
1005.92,1435,evacuee,,Evacuee;225;in triage state;R;is at the evacuation site
1005.98,3,evacueeManager,,OFF SHIP: White;0;Green;336;Yellow;54;Red;19;Black;91;ON SHIP: White;0;Green;0;Yellow;0;Red;0;Evacuees to Transfer;
1005.98,1291,evacuee,outES,Evacuee 170 in triage category R is not assigned a helicopter
1005.98,1291,evacuee,,Evacuee;170;in triage state;B;is at the evacuation site
1006.23,3,evacueeManager,,OFF SHIP: White;0;Green;335;Yellow;55;Red;19;Black;91;ON SHIP: White;0;Green;0;Yellow;0;Red;0;Evacuees to Transfer;
1006.23,1156,evacuee,outES,Evacuee 263 in triage category G is not assigned a helicopter
1006.23,1156,evacuee,,Evacuee;263;in triage state;Y;is at the evacuation site
1011.14,3,evacueeManager,,OFF SHIP: White;0;Green;334;Yellow;56;Red;19;Black;91;ON SHIP: White;0;Green;0;Yellow;0;Red;0;Evacuees to Transfer;
1011.14,1303,evacuee,outES,Evacuee 435 in triage category G is not assigned a helicopter
1011.14,1303,evacuee,,Evacuee;435;in triage state;Y;is at the evacuation site
1014.6,3,evacueeManager,,OFF SHIP: White;0;Green;334;Yellow;56;Red;18;Black;92;ON SHIP: White;0;Green;0;Yellow;0;Red;0;Evacuees to Transfer;
1014.6,1300,evacuee,outES,Evacuee 177 in triage category R is not assigned a helicopter
1014.6,1300,evacuee,,Evacuee;177;in triage state;B;is at the evacuation site
1017.71,3,evacueeManager,,OFF SHIP: White;0;Green;333;Yellow;57;Red;18;Black;92;ON SHIP: White;0;Green;0;Yellow;0;Red;0;Evacuees to Transfer;
1017.71,492,evacuee,outES,Evacuee 310 in triage category G is not assigned a helicopter
1017.71,492,evacuee,,Evacuee;310;in triage state;Y;is at the evacuation site
1020.97,3,evacueeManager,,OFF SHIP: White;0;Green;333;Yellow;56;Red;19;Black;92;ON SHIP: White;0;Green;0;Yellow;0;Red;0;Evacuees to Transfer;
1020.97,1077,evacuee,outES,Evacuee 307 in triage category Y is not assigned a helicopter
1020.97,1077,evacuee,,Evacuee;307;in triage state;R;is at the evacuation site
1021.9,3,evacueeManager,,OFF SHIP: White;0;Green;333;Yellow;55;Red;20;Black;92;ON SHIP: White;0;Green;0;Yellow;0;Red;0;Evacuees to Transfer;
1021.9,1005,evacuee,outES,Evacuee 220 in triage category Y is not assigned a helicopter
1021.9,1005,evacuee,,Evacuee;220;in triage state;R;is at the evacuation site
1022.14,3,evacueeManager,,OFF SHIP: White;0;Green;333;Yellow;54;Red;21;Black;92;ON SHIP: White;0;Green;0;Yellow;0;Red;0;Evacuees to Transfer;
1022.14,849,evacuee,outES,Evacuee 8 in triage category Y is not assigned a helicopter
1022.14,849,evacuee,,Evacuee;8;in triage state;R;is at the evacuation site
1022.65,3,evacueeManager,,OFF SHIP: White;0;Green;332;Yellow;55;Red;21;Black;92;ON SHIP: White;0;Green;0;Yellow;0;Red;0;Evacuees to Transfer;
1022.65,639,evacuee,outES,Evacuee 80 in triage category G is not assigned a helicopter
1022.65,639,evacuee,,Evacuee;80;in triage state;Y;is at the evacuation site
1023.77,3,evacueeManager,,OFF SHIP: White;0;Green;332;Yellow;54;Red;22;Black;92;ON SHIP: White;0;Green;0;Yellow;0;Red;0;Evacuees to Transfer;
1023.77,182,evacuee,outES,Evacuee 383 in triage category Y is not assigned a helicopter
1023.77,182,evacuee,,Evacuee;383;in triage state;R;is at the evacuation site
1025.84,3,evacueeManager,,OFF SHIP: White;0;Green;332;Yellow;54;Red;21;Black;93;ON SHIP: White;0;Green;0;Yellow;0;Red;0;Evacuees to Transfer;
1025.84,14,evacuee,outES,Evacuee 494 in triage category R is not assigned a helicopter
1025.84,14,evacuee,,Evacuee;494;in triage state;B;is at the evacuation site
1031.92,3,evacueeManager,,OFF SHIP: White;0;Green;332;Yellow;54;Red;20;Black;94;ON SHIP: White;0;Green;0;Yellow;0;Red;0;Evacuees to Transfer;
1031.92,552,evacuee,outES,Evacuee 424 in triage category R is not assigned a helicopter
1031.92,552,evacuee,,Evacuee;424;in triage state;B;is at the evacuation site
1039.71,3,evacueeManager,,OFF SHIP: White;0;Green;332;Yellow;54;Red;19;Black;95;ON SHIP: White;0;Green;0;Yellow;0;Red;0;Evacuees to Transfer;
1039.71,1077,evacuee,outES,Evacuee 307 in triage category R is not assigned a helicopter
1039.71,1077,evacuee,,Evacuee;307;in triage state;B;is at the evacuation site
1042.66,3,evacueeManager,,OFF SHIP: White;0;Green;332;Yellow;54;Red;18;Black;96;ON SHIP: White;0;Green;0;Yellow;0;Red;0;Evacuees to Transfer;
1042.66,705,evacuee,outES,Evacuee 66 in triage category R is not assigned a helicopter
1042.66,705,evacuee,,Evacuee;66;in triage state;B;is at the evacuation site
1048.15,3,evacueeManager,,OFF SHIP: White;0;Green;332;Yellow;53;Red;19;Black;96;ON SHIP: White;0;Green;0;Yellow;0;Red;0;Evacuees to Transfer;
1048.15,336,evacuee,outES,Evacuee 312 in triage category Y is not assigned a helicopter
1048.15,336,evacuee,,Evacuee;312;in triage state;R;is at the evacuation site
1052.25,3,evacueeManager,,OFF SHIP: White;0;Green;332;Yellow;52;Red;20;Black;96;ON SHIP: White;0;Green;0;Yellow;0;Red;0;Evacuees to Transfer;
1052.25,1303,evacuee,outES,Evacuee 435 in triage category Y is not assigned a helicopter
1052.25,1303,evacuee,,Evacuee;435;in triage state;R;is at the evacuation site
1057.49,3,evacueeManager,,OFF SHIP: White;0;Green;332;Yellow;52;Red;19;Black;97;ON SHIP: White;0;Green;0;Yellow;0;Red;0;Evacuees to Transfer;
1057.49,182,evacuee,outES,Evacuee 383 in triage category R is not assigned a helicopter
1057.49,182,evacuee,,Evacuee;383;in triage state;B;is at the evacuation site
1059.5,3,evacueeManager,,OFF SHIP: White;0;Green;331;Yellow;53;Red;19;Black;97;ON SHIP: White;0;Green;0;Yellow;0;Red;0;Evacuees to Transfer;
1059.5,194,evacuee,outES,Evacuee 427 in triage category G is not assigned a helicopter
1059.5,194,evacuee,,Evacuee;427;in triage state;Y;is at the evacuation site
1060.66,3,evacueeManager,,OFF SHIP: White;0;Green;331;Yellow;52;Red;20;Black;97;ON SHIP: White;0;Green;0;Yellow;0;Red;0;Evacuees to Transfer;
1060.66,1156,evacuee,outES,Evacuee 263 in triage category Y is not assigned a helicopter
1060.66,1156,evacuee,,Evacuee;263;in triage state;R;is at the evacuation site
1061.72,3,evacueeManager,,OFF SHIP: White;0;Green;330;Yellow;53;Red;20;Black;97;ON SHIP: White;0;Green;0;Yellow;0;Red;0;Evacuees to Transfer;
1061.72,933,evacuee,outES,Evacuee 10 in triage category G is not assigned a helicopter
1061.72,933,evacuee,,Evacuee;10;in triage state;Y;is at the evacuation site
1062.33,3,evacueeManager,,OFF SHIP: White;0;Green;330;Yellow;52;Red;21;Black;97;ON SHIP: White;0;Green;0;Yellow;0;Red;0;Evacuees to Transfer;
1062.33,708,evacuee,outES,Evacuee 62 in triage category Y is not assigned a helicopter
1062.33,708,evacuee,,Evacuee;62;in triage state;R;is at the evacuation site
1067.54,3,evacueeManager,,OFF SHIP: White;0;Green;330;Yellow;51;Red;22;Black;97;ON SHIP: White;0;Green;0;Yellow;0;Red;0;Evacuees to Transfer;
1067.54,564,evacuee,outES,Evacuee 111 in triage category Y is not assigned a helicopter
1067.54,564,evacuee,,Evacuee;111;in triage state;R;is at the evacuation site
1068.19,3,evacueeManager,,OFF SHIP: White;0;Green;330;Yellow;51;Red;21;Black;98;ON SHIP: White;0;Green;0;Yellow;0;Red;0;Evacuees to Transfer;
1068.19,1146,evacuee,outES,Evacuee 261 in triage category R is not assigned a helicopter
1068.19,1146,evacuee,,Evacuee;261;in triage state;B;is at the evacuation site
1069.66,3,evacueeManager,,OFF SHIP: White;0;Green;330;Yellow;51;Red;20;Black;99;ON SHIP: White;0;Green;0;Yellow;0;Red;0;Evacuees to Transfer;
1069.66,999,evacuee,outES,Evacuee 46 in triage category R is not assigned a helicopter
1069.66,999,evacuee,,Evacuee;46;in triage state;B;is at the evacuation site
1071.9,3,evacueeManager,,OFF SHIP: White;0;Green;330;Yellow;50;Red;21;Black;99;ON SHIP: White;0;Green;0;Yellow;0;Red;0;Evacuees to Transfer;
1071.9,639,evacuee,outES,Evacuee 80 in triage category Y is not assigned a helicopter
1071.9,639,evacuee,,Evacuee;80;in triage state;R;is at the evacuation site
1072,3,evacueeManager,,OFF SHIP: White;0;Green;330;Yellow;50;Red;20;Black;100;ON SHIP: White;0;Green;0;Yellow;0;Red;0;Evacuees to Transfer;
1072,98,evacuee,outES,Evacuee 437 in triage category R is not assigned a helicopter
1072,98,evacuee,,Evacuee;437;in triage state;B;is at the evacuation site
1073.27,3,evacueeManager,,OFF SHIP: White;0;Green;329;Yellow;51;Red;20;Black;100;ON SHIP: White;0;Green;0;Yellow;0;Red;0;Evacuees to Transfer;
1073.27,1080,evacuee,outES,Evacuee 212 in triage category G is not assigned a helicopter
1073.27,1080,evacuee,,Evacuee;212;in triage state;Y;is at the evacuation site
1077.65,3,evacueeManager,,OFF SHIP: White;0;Green;329;Yellow;50;Red;21;Black;100;ON SHIP: White;0;Green;0;Yellow;0;Red;0;Evacuees to Transfer;
1077.65,924,evacuee,outES,Evacuee 132 in triage category Y is not assigned a helicopter
1077.65,924,evacuee,,Evacuee;132;in triage state;R;is at the evacuation site
1079.8,3,evacueeManager,,OFF SHIP: White;0;Green;329;Yellow;50;Red;20;Black;101;ON SHIP: White;0;Green;0;Yellow;0;Red;0;Evacuees to Transfer;
1079.8,1002,evacuee,outES,Evacuee 53 in triage category R is not assigned a helicopter
1079.8,1002,evacuee,,Evacuee;53;in triage state;B;is at the evacuation site
1083.26,3,evacueeManager,,OFF SHIP: White;0;Green;328;Yellow;51;Red;20;Black;101;ON SHIP: White;0;Green;0;Yellow;0;Red;0;Evacuees to Transfer;
1083.26,270,evacuee,outES,Evacuee 338 in triage category G is not assigned a helicopter
1083.26,270,evacuee,,Evacuee;338;in triage state;Y;is at the evacuation site
1092.6,3,evacueeManager,,OFF SHIP: White;0;Green;328;Yellow;51;Red;19;Black;102;ON SHIP: White;0;Green;0;Yellow;0;Red;0;Evacuees to Transfer;
1092.6,849,evacuee,outES,Evacuee 8 in triage category R is not assigned a helicopter
1092.6,849,evacuee,,Evacuee;8;in triage state;B;is at the evacuation site
1093.21,3,evacueeManager,,OFF SHIP: White;0;Green;327;Yellow;52;Red;19;Black;102;ON SHIP: White;0;Green;0;Yellow;0;Red;0;Evacuees to Transfer;
1093.21,1378,evacuee,outES,Evacuee 390 in triage category G is not assigned a helicopter
1093.21,1378,evacuee,,Evacuee;390;in triage state;Y;is at the evacuation site
1096.91,3,evacueeManager,,OFF SHIP: White;0;Green;326;Yellow;53;Red;19;Black;102;ON SHIP: White;0;Green;0;Yellow;0;Red;0;Evacuees to Transfer;
1096.91,861,evacuee,outES,Evacuee 347 in triage category G is not assigned a helicopter
1096.91,861,evacuee,,Evacuee;347;in triage state;Y;is at the evacuation site
1102.88,3,evacueeManager,,OFF SHIP: White;0;Green;326;Yellow;53;Red;18;Black;103;ON SHIP: White;0;Green;0;Yellow;0;Red;0;Evacuees to Transfer;
1102.88,339,evacuee,outES,Evacuee 309 in triage category R is not assigned a helicopter
1102.88,339,evacuee,,Evacuee;309;in triage state;B;is at the evacuation site
1104.32,3,evacueeManager,,OFF SHIP: White;0;Green;326;Yellow;52;Red;19;Black;103;ON SHIP: White;0;Green;0;Yellow;0;Red;0;Evacuees to Transfer;
1104.32,483,evacuee,outES,Evacuee 192 in triage category Y is not assigned a helicopter
1104.32,483,evacuee,,Evacuee;192;in triage state;R;is at the evacuation site
1105.51,3,evacueeManager,,OFF SHIP: White;0;Green;326;Yellow;52;Red;18;Black;104;ON SHIP: White;0;Green;0;Yellow;0;Red;0;Evacuees to Transfer;
1105.51,858,evacuee,outES,Evacuee 256 in triage category R is not assigned a helicopter
1105.51,858,evacuee,,Evacuee;256;in triage state;B;is at the evacuation site
1106.7,3,evacueeManager,,OFF SHIP: White;0;Green;326;Yellow;52;Red;17;Black;105;ON SHIP: White;0;Green;0;Yellow;0;Red;0;Evacuees to Transfer;
1106.7,564,evacuee,outES,Evacuee 111 in triage category R is not assigned a helicopter
1106.7,564,evacuee,,Evacuee;111;in triage state;B;is at the evacuation site
1106.98,3,evacueeManager,,OFF SHIP: White;0;Green;325;Yellow;53;Red;17;Black;105;ON SHIP: White;0;Green;0;Yellow;0;Red;0;Evacuees to Transfer;
1106.98,47,evacuee,outES,Evacuee 475 in triage category G is not assigned a helicopter
1106.98,47,evacuee,,Evacuee;475;in triage state;Y;is at the evacuation site
1110.54,3,evacueeManager,,OFF SHIP: White;0;Green;324;Yellow;54;Red;17;Black;105;ON SHIP: White;0;Green;0;Yellow;0;Red;0;Evacuees to Transfer;
1110.54,345,evacuee,outES,Evacuee 305 in triage category G is not assigned a helicopter
1110.54,345,evacuee,,Evacuee;305;in triage state;Y;is at the evacuation site
1112.83,3,evacueeManager,,OFF SHIP: White;0;Green;324;Yellow;53;Red;18;Black;105;ON SHIP: White;0;Green;0;Yellow;0;Red;0;Evacuees to Transfer;
1112.83,702,evacuee,outES,Evacuee 199 in triage category Y is not assigned a helicopter
1112.83,702,evacuee,,Evacuee;199;in triage state;R;is at the evacuation site
1112.98,3,evacueeManager,,OFF SHIP: White;0;Green;324;Yellow;53;Red;17;Black;106;ON SHIP: White;0;Green;0;Yellow;0;Red;0;Evacuees to Transfer;
1112.98,483,evacuee,outES,Evacuee 192 in triage category R is not assigned a helicopter
1112.98,483,evacuee,,Evacuee;192;in triage state;B;is at the evacuation site
1113.26,3,evacueeManager,,OFF SHIP: White;0;Green;324;Yellow;53;Red;16;Black;107;ON SHIP: White;0;Green;0;Yellow;0;Red;0;Evacuees to Transfer;
1113.26,261,evacuee,outES,Evacuee 346 in triage category R is not assigned a helicopter
1113.26,261,evacuee,,Evacuee;346;in triage state;B;is at the evacuation site
1115.98,3,evacueeManager,,OFF SHIP: White;0;Green;324;Yellow;52;Red;17;Black;107;ON SHIP: White;0;Green;0;Yellow;0;Red;0;Evacuees to Transfer;
1115.98,1375,evacuee,outES,Evacuee 202 in triage category Y is not assigned a helicopter
1115.98,1375,evacuee,,Evacuee;202;in triage state;R;is at the evacuation site
1124.56,3,evacueeManager,,OFF SHIP: White;0;Green;323;Yellow;53;Red;17;Black;107;ON SHIP: White;0;Green;0;Yellow;0;Red;0;Evacuees to Transfer;
1124.56,1231,evacuee,outES,Evacuee 123 in triage category G is not assigned a helicopter
1124.56,1231,evacuee,,Evacuee;123;in triage state;Y;is at the evacuation site
1124.97,3,evacueeManager,,OFF SHIP: White;0;Green;322;Yellow;54;Red;17;Black;107;ON SHIP: White;0;Green;0;Yellow;0;Red;0;Evacuees to Transfer;
1124.97,714,evacuee,outES,Evacuee 135 in triage category G is not assigned a helicopter
1124.97,714,evacuee,,Evacuee;135;in triage state;Y;is at the evacuation site
1125.52,3,evacueeManager,,OFF SHIP: White;0;Green;322;Yellow;54;Red;16;Black;108;ON SHIP: White;0;Green;0;Yellow;0;Red;0;Evacuees to Transfer;
1125.52,336,evacuee,outES,Evacuee 312 in triage category R is not assigned a helicopter
1125.52,336,evacuee,,Evacuee;312;in triage state;B;is at the evacuation site
1126.51,3,evacueeManager,,OFF SHIP: White;0;Green;321;Yellow;55;Red;16;Black;108;ON SHIP: White;0;Green;0;Yellow;0;Red;0;Evacuees to Transfer;
1126.51,567,evacuee,outES,Evacuee 39 in triage category G is not assigned a helicopter
1126.51,567,evacuee,,Evacuee;39;in triage state;Y;is at the evacuation site
1134.49,3,evacueeManager,,OFF SHIP: White;0;Green;320;Yellow;56;Red;16;Black;108;ON SHIP: White;0;Green;0;Yellow;0;Red;0;Evacuees to Transfer;
1134.49,122,evacuee,outES,Evacuee 419 in triage category G is not assigned a helicopter
1134.49,122,evacuee,,Evacuee;419;in triage state;Y;is at the evacuation site
1138.9,3,evacueeManager,,OFF SHIP: White;0;Green;320;Yellow;56;Red;15;Black;109;ON SHIP: White;0;Green;0;Yellow;0;Red;0;Evacuees to Transfer;
1138.9,924,evacuee,outES,Evacuee 132 in triage category R is not assigned a helicopter
1138.9,924,evacuee,,Evacuee;132;in triage state;B;is at the evacuation site
1139.84,3,evacueeManager,,OFF SHIP: White;0;Green;320;Yellow;55;Red;16;Black;109;ON SHIP: White;0;Green;0;Yellow;0;Red;0;Evacuees to Transfer;
1139.84,1447,evacuee,outES,Evacuee 227 in triage category Y is not assigned a helicopter
1139.84,1447,evacuee,,Evacuee;227;in triage state;R;is at the evacuation site
1141.99,3,evacueeManager,,OFF SHIP: White;0;Green;320;Yellow;54;Red;17;Black;109;ON SHIP: White;0;Green;0;Yellow;0;Red;0;Evacuees to Transfer;
1141.99,104,evacuee,outES,Evacuee 434 in triage category Y is not assigned a helicopter
1141.99,104,evacuee,,Evacuee;434;in triage state;R;is at the evacuation site
1144.47,3,evacueeManager,,OFF SHIP: White;0;Green;320;Yellow;54;Red;16;Black;110;ON SHIP: White;0;Green;0;Yellow;0;Red;0;Evacuees to Transfer;
1144.47,1447,evacuee,outES,Evacuee 227 in triage category R is not assigned a helicopter
1144.47,1447,evacuee,,Evacuee;227;in triage state;B;is at the evacuation site
1145.27,3,evacueeManager,,OFF SHIP: White;0;Green;319;Yellow;55;Red;16;Black;110;ON SHIP: White;0;Green;0;Yellow;0;Red;0;Evacuees to Transfer;
1145.27,1008,evacuee,outES,Evacuee 355 in triage category G is not assigned a helicopter
1145.27,1008,evacuee,,Evacuee;355;in triage state;Y;is at the evacuation site
1151.19,3,evacueeManager,,OFF SHIP: White;0;Green;319;Yellow;54;Red;17;Black;110;ON SHIP: White;0;Green;0;Yellow;0;Red;0;Evacuees to Transfer;
1151.19,558,evacuee,outES,Evacuee 103 in triage category Y is not assigned a helicopter
1151.19,558,evacuee,,Evacuee;103;in triage state;R;is at the evacuation site
1151.49,3,evacueeManager,,OFF SHIP: White;0;Green;318;Yellow;55;Red;17;Black;110;ON SHIP: White;0;Green;0;Yellow;0;Red;0;Evacuees to Transfer;
1151.49,420,evacuee,outES,Evacuee 274 in triage category G is not assigned a helicopter
1151.49,420,evacuee,,Evacuee;274;in triage state;Y;is at the evacuation site
1152.4,3,evacueeManager,,OFF SHIP: White;0;Green;318;Yellow;54;Red;18;Black;110;ON SHIP: White;0;Green;0;Yellow;0;Red;0;Evacuees to Transfer;
1152.4,44,evacuee,outES,Evacuee 476 in triage category Y is not assigned a helicopter
1152.4,44,evacuee,,Evacuee;476;in triage state;R;is at the evacuation site
1154.79,3,evacueeManager,,OFF SHIP: White;0;Green;318;Yellow;54;Red;17;Black;111;ON SHIP: White;0;Green;0;Yellow;0;Red;0;Evacuees to Transfer;
1154.79,104,evacuee,outES,Evacuee 434 in triage category R is not assigned a helicopter
1154.79,104,evacuee,,Evacuee;434;in triage state;B;is at the evacuation site
1156.37,3,evacueeManager,,OFF SHIP: White;0;Green;318;Yellow;53;Red;18;Black;111;ON SHIP: White;0;Green;0;Yellow;0;Red;0;Evacuees to Transfer;
1156.37,420,evacuee,outES,Evacuee 274 in triage category Y is not assigned a helicopter
1156.37,420,evacuee,,Evacuee;274;in triage state;R;is at the evacuation site
1157.57,3,evacueeManager,,OFF SHIP: White;0;Green;318;Yellow;53;Red;17;Black;112;ON SHIP: White;0;Green;0;Yellow;0;Red;0;Evacuees to Transfer;
1157.57,1441,evacuee,outES,Evacuee 226 in triage category R is not assigned a helicopter
1157.57,1441,evacuee,,Evacuee;226;in triage state;B;is at the evacuation site
1158.96,3,evacueeManager,,OFF SHIP: White;0;Green;318;Yellow;52;Red;18;Black;112;ON SHIP: White;0;Green;0;Yellow;0;Red;0;Evacuees to Transfer;
1158.96,1149,evacuee,outES,Evacuee 45 in triage category Y is not assigned a helicopter
1158.96,1149,evacuee,,Evacuee;45;in triage state;R;is at the evacuation site
1161.63,3,evacueeManager,,OFF SHIP: White;0;Green;318;Yellow;52;Red;17;Black;113;ON SHIP: White;0;Green;0;Yellow;0;Red;0;Evacuees to Transfer;
1161.63,1435,evacuee,outES,Evacuee 225 in triage category R is not assigned a helicopter
1161.63,1435,evacuee,,Evacuee;225;in triage state;B;is at the evacuation site
1163.2,3,evacueeManager,,OFF SHIP: White;0;Green;318;Yellow;52;Red;16;Black;114;ON SHIP: White;0;Green;0;Yellow;0;Red;0;Evacuees to Transfer;
1163.2,1294,evacuee,outES,Evacuee 171 in triage category R is not assigned a helicopter
1163.2,1294,evacuee,,Evacuee;171;in triage state;B;is at the evacuation site
1166.38,3,evacueeManager,,OFF SHIP: White;0;Green;318;Yellow;52;Red;15;Black;115;ON SHIP: White;0;Green;0;Yellow;0;Red;0;Evacuees to Transfer;
1166.38,711,evacuee,outES,Evacuee 223 in triage category R is not assigned a helicopter
1166.38,711,evacuee,,Evacuee;223;in triage state;B;is at the evacuation site
1166.42,3,evacueeManager,,OFF SHIP: White;0;Green;318;Yellow;52;Red;14;Black;116;ON SHIP: White;0;Green;0;Yellow;0;Red;0;Evacuees to Transfer;
1166.42,702,evacuee,outES,Evacuee 199 in triage category R is not assigned a helicopter
1166.42,702,evacuee,,Evacuee;199;in triage state;B;is at the evacuation site
1173.16,3,evacueeManager,,OFF SHIP: White;0;Green;318;Yellow;52;Red;13;Black;117;ON SHIP: White;0;Green;0;Yellow;0;Red;0;Evacuees to Transfer;
1173.16,1074,evacuee,outES,Evacuee 336 in triage category R is not assigned a helicopter
1173.16,1074,evacuee,,Evacuee;336;in triage state;B;is at the evacuation site
1174.3,3,evacueeManager,,OFF SHIP: White;0;Green;317;Yellow;53;Red;13;Black;117;ON SHIP: White;0;Green;0;Yellow;0;Red;0;Evacuees to Transfer;
1174.3,1453,evacuee,outES,Evacuee 73 in triage category G is not assigned a helicopter
1174.3,1453,evacuee,,Evacuee;73;in triage state;Y;is at the evacuation site
1174.47,3,evacueeManager,,OFF SHIP: White;0;Green;317;Yellow;53;Red;12;Black;118;ON SHIP: White;0;Green;0;Yellow;0;Red;0;Evacuees to Transfer;
1174.47,1149,evacuee,outES,Evacuee 45 in triage category R is not assigned a helicopter
1174.47,1149,evacuee,,Evacuee;45;in triage state;B;is at the evacuation site
1179.09,3,evacueeManager,,OFF SHIP: White;0;Green;317;Yellow;52;Red;13;Black;118;ON SHIP: White;0;Green;0;Yellow;0;Red;0;Evacuees to Transfer;
1179.09,270,evacuee,outES,Evacuee 338 in triage category Y is not assigned a helicopter
1179.09,270,evacuee,,Evacuee;338;in triage state;R;is at the evacuation site
1182.82,3,evacueeManager,,OFF SHIP: White;0;Green;316;Yellow;53;Red;13;Black;118;ON SHIP: White;0;Green;0;Yellow;0;Red;0;Evacuees to Transfer;
1182.82,495,evacuee,outES,Evacuee 118 in triage category G is not assigned a helicopter
1182.82,495,evacuee,,Evacuee;118;in triage state;Y;is at the evacuation site
1184.23,3,evacueeManager,,OFF SHIP: White;0;Green;315;Yellow;54;Red;13;Black;118;ON SHIP: White;0;Green;0;Yellow;0;Red;0;Evacuees to Transfer;
1184.23,1159,evacuee,outES,Evacuee 190 in triage category G is not assigned a helicopter
1184.23,1159,evacuee,,Evacuee;190;in triage state;Y;is at the evacuation site
1186.06,3,evacueeManager,,OFF SHIP: White;0;Green;314;Yellow;55;Red;13;Black;118;ON SHIP: White;0;Green;0;Yellow;0;Red;0;Evacuees to Transfer;
1186.06,1306,evacuee,outES,Evacuee 58 in triage category G is not assigned a helicopter
1186.06,1306,evacuee,,Evacuee;58;in triage state;Y;is at the evacuation site
1186.47,3,evacueeManager,,OFF SHIP: White;0;Green;313;Yellow;56;Red;13;Black;118;ON SHIP: White;0;Green;0;Yellow;0;Red;0;Evacuees to Transfer;
1186.47,789,evacuee,outES,Evacuee 473 in triage category G is not assigned a helicopter
1186.47,789,evacuee,,Evacuee;473;in triage state;Y;is at the evacuation site
1187.18,3,evacueeManager,,OFF SHIP: White;0;Green;313;Yellow;56;Red;12;Black;119;ON SHIP: White;0;Green;0;Yellow;0;Red;0;Evacuees to Transfer;
1187.18,44,evacuee,outES,Evacuee 476 in triage category R is not assigned a helicopter
1187.18,44,evacuee,,Evacuee;476;in triage state;B;is at the evacuation site
1189.29,3,evacueeManager,,OFF SHIP: White;0;Green;313;Yellow;55;Red;13;Black;119;ON SHIP: White;0;Green;0;Yellow;0;Red;0;Evacuees to Transfer;
1189.29,17,evacuee,outES,Evacuee 492 in triage category Y is not assigned a helicopter
1189.29,17,evacuee,,Evacuee;492;in triage state;R;is at the evacuation site
1189.29,3,evacueeManager,,OFF SHIP: White;0;Green;313;Yellow;55;Red;12;Black;120;ON SHIP: White;0;Green;0;Yellow;0;Red;0;Evacuees to Transfer;
1189.29,1303,evacuee,outES,Evacuee 435 in triage category R is not assigned a helicopter
1189.29,1303,evacuee,,Evacuee;435;in triage state;B;is at the evacuation site
1191.46,3,evacueeManager,,OFF SHIP: White;0;Green;312;Yellow;56;Red;12;Black;120;ON SHIP: White;0;Green;0;Yellow;0;Red;0;Evacuees to Transfer;
1191.46,642,evacuee,outES,Evacuee 79 in triage category G is not assigned a helicopter
1191.46,642,evacuee,,Evacuee;79;in triage state;Y;is at the evacuation site
1192.48,3,evacueeManager,,OFF SHIP: White;0;Green;312;Yellow;56;Red;11;Black;121;ON SHIP: White;0;Green;0;Yellow;0;Red;0;Evacuees to Transfer;
1192.48,639,evacuee,outES,Evacuee 80 in triage category R is not assigned a helicopter
1192.48,639,evacuee,,Evacuee;80;in triage state;B;is at the evacuation site
1193.88,3,evacueeManager,,OFF SHIP: White;0;Green;312;Yellow;55;Red;12;Black;121;ON SHIP: White;0;Green;0;Yellow;0;Red;0;Evacuees to Transfer;
1193.88,489,evacuee,outES,Evacuee 245 in triage category Y is not assigned a helicopter
1193.88,489,evacuee,,Evacuee;245;in triage state;R;is at the evacuation site
1196.22,3,evacueeManager,,OFF SHIP: White;0;Green;312;Yellow;55;Red;11;Black;122;ON SHIP: White;0;Green;0;Yellow;0;Red;0;Evacuees to Transfer;
1196.22,558,evacuee,outES,Evacuee 103 in triage category R is not assigned a helicopter
1196.22,558,evacuee,,Evacuee;103;in triage state;B;is at the evacuation site
1199.43,3,evacueeManager,,OFF SHIP: White;0;Green;312;Yellow;54;Red;12;Black;122;ON SHIP: White;0;Green;0;Yellow;0;Red;0;Evacuees to Transfer;
1199.43,930,evacuee,outES,Evacuee 38 in triage category Y is not assigned a helicopter
1199.43,930,evacuee,,Evacuee;38;in triage state;R;is at the evacuation site
1203.42,3,evacueeManager,,OFF SHIP: White;0;Green;312;Yellow;53;Red;13;Black;122;ON SHIP: White;0;Green;0;Yellow;0;Red;0;Evacuees to Transfer;
1203.42,567,evacuee,outES,Evacuee 39 in triage category Y is not assigned a helicopter
1203.42,567,evacuee,,Evacuee;39;in triage state;R;is at the evacuation site
1208.91,3,evacueeManager,,OFF SHIP: White;0;Green;312;Yellow;52;Red;14;Black;122;ON SHIP: White;0;Green;0;Yellow;0;Red;0;Evacuees to Transfer;
1208.91,1216,evacuee,outES,Evacuee 151 in triage category Y is not assigned a helicopter
1208.91,1216,evacuee,,Evacuee;151;in triage state;R;is at the evacuation site
1210.66,3,evacueeManager,,OFF SHIP: White;0;Green;312;Yellow;52;Red;13;Black;123;ON SHIP: White;0;Green;0;Yellow;0;Red;0;Evacuees to Transfer;
1210.66,708,evacuee,outES,Evacuee 62 in triage category R is not assigned a helicopter
1210.66,708,evacuee,,Evacuee;62;in triage state;B;is at the evacuation site
1211.41,3,evacueeManager,,OFF SHIP: White;0;Green;312;Yellow;51;Red;14;Black;123;ON SHIP: White;0;Green;0;Yellow;0;Red;0;Evacuees to Transfer;
1211.41,399,evacuee,outES,Evacuee 281 in triage category Y is not assigned a helicopter
1211.41,399,evacuee,,Evacuee;281;in triage state;R;is at the evacuation site
1211.52,3,evacueeManager,,OFF SHIP: White;0;Green;312;Yellow;50;Red;15;Black;123;ON SHIP: White;0;Green;0;Yellow;0;Red;0;Evacuees to Transfer;
1211.52,345,evacuee,outES,Evacuee 305 in triage category Y is not assigned a helicopter
1211.52,345,evacuee,,Evacuee;305;in triage state;R;is at the evacuation site
1213.12,3,evacueeManager,,OFF SHIP: White;0;Green;312;Yellow;49;Red;16;Black;123;ON SHIP: White;0;Green;0;Yellow;0;Red;0;Evacuees to Transfer;
1213.12,1008,evacuee,outES,Evacuee 355 in triage category Y is not assigned a helicopter
1213.12,1008,evacuee,,Evacuee;355;in triage state;R;is at the evacuation site
1213.75,3,evacueeManager,,OFF SHIP: White;0;Green;312;Yellow;49;Red;15;Black;124;ON SHIP: White;0;Green;0;Yellow;0;Red;0;Evacuees to Transfer;
1213.75,489,evacuee,outES,Evacuee 245 in triage category R is not assigned a helicopter
1213.75,489,evacuee,,Evacuee;245;in triage state;B;is at the evacuation site
1215.31,3,evacueeManager,,OFF SHIP: White;0;Green;312;Yellow;48;Red;16;Black;124;ON SHIP: White;0;Green;0;Yellow;0;Red;0;Evacuees to Transfer;
1215.31,990,evacuee,outES,Evacuee 21 in triage category Y is not assigned a helicopter
1215.31,990,evacuee,,Evacuee;21;in triage state;R;is at the evacuation site
1215.36,3,evacueeManager,,OFF SHIP: White;0;Green;312;Yellow;48;Red;15;Black;125;ON SHIP: White;0;Green;0;Yellow;0;Red;0;Evacuees to Transfer;
1215.36,420,evacuee,outES,Evacuee 274 in triage category R is not assigned a helicopter
1215.36,420,evacuee,,Evacuee;274;in triage state;B;is at the evacuation site
1218.21,3,evacueeManager,,OFF SHIP: White;0;Green;312;Yellow;48;Red;14;Black;126;ON SHIP: White;0;Green;0;Yellow;0;Red;0;Evacuees to Transfer;
1218.21,1297,evacuee,outES,Evacuee 174 in triage category R is not assigned a helicopter
1218.21,1297,evacuee,,Evacuee;174;in triage state;B;is at the evacuation site
1218.98,3,evacueeManager,,OFF SHIP: White;0;Green;312;Yellow;48;Red;13;Black;127;ON SHIP: White;0;Green;0;Yellow;0;Red;0;Evacuees to Transfer;
1218.98,399,evacuee,outES,Evacuee 281 in triage category R is not assigned a helicopter
1218.98,399,evacuee,,Evacuee;281;in triage state;B;is at the evacuation site
1223.7,3,evacueeManager,,OFF SHIP: White;0;Green;312;Yellow;47;Red;14;Black;127;ON SHIP: White;0;Green;0;Yellow;0;Red;0;Evacuees to Transfer;
1223.7,633,evacuee,outES,Evacuee 51 in triage category Y is not assigned a helicopter
1223.7,633,evacuee,,Evacuee;51;in triage state;R;is at the evacuation site
1225.32,3,evacueeManager,,OFF SHIP: White;0;Green;312;Yellow;47;Red;13;Black;128;ON SHIP: White;0;Green;0;Yellow;0;Red;0;Evacuees to Transfer;
1225.32,17,evacuee,outES,Evacuee 492 in triage category R is not assigned a helicopter
1225.32,17,evacuee,,Evacuee;492;in triage state;B;is at the evacuation site
1225.75,3,evacueeManager,,OFF SHIP: White;0;Green;312;Yellow;46;Red;14;Black;128;ON SHIP: White;0;Green;0;Yellow;0;Red;0;Evacuees to Transfer;
1225.75,252,evacuee,outES,Evacuee 351 in triage category Y is not assigned a helicopter
1225.75,252,evacuee,,Evacuee;351;in triage state;R;is at the evacuation site
1228.59,3,evacueeManager,,OFF SHIP: White;0;Green;312;Yellow;46;Red;13;Black;129;ON SHIP: White;0;Green;0;Yellow;0;Red;0;Evacuees to Transfer;
1228.59,270,evacuee,outES,Evacuee 338 in triage category R is not assigned a helicopter
1228.59,270,evacuee,,Evacuee;338;in triage state;B;is at the evacuation site
1231.18,3,evacueeManager,,OFF SHIP: White;0;Green;312;Yellow;45;Red;14;Black;129;ON SHIP: White;0;Green;0;Yellow;0;Red;0;Evacuees to Transfer;
1231.18,636,evacuee,outES,Evacuee 444 in triage category Y is not assigned a helicopter
1231.18,636,evacuee,,Evacuee;444;in triage state;R;is at the evacuation site
1233.18,3,evacueeManager,,OFF SHIP: White;0;Green;312;Yellow;44;Red;15;Black;129;ON SHIP: White;0;Green;0;Yellow;0;Red;0;Evacuees to Transfer;
1233.18,255,evacuee,outES,Evacuee 349 in triage category Y is not assigned a helicopter
1233.18,255,evacuee,,Evacuee;349;in triage state;R;is at the evacuation site
1236.53,3,evacueeManager,,OFF SHIP: White;0;Green;312;Yellow;44;Red;14;Black;130;ON SHIP: White;0;Green;0;Yellow;0;Red;0;Evacuees to Transfer;
1236.53,633,evacuee,outES,Evacuee 51 in triage category R is not assigned a helicopter
1236.53,633,evacuee,,Evacuee;51;in triage state;B;is at the evacuation site
1237.23,3,evacueeManager,,OFF SHIP: White;0;Green;312;Yellow;43;Red;15;Black;130;ON SHIP: White;0;Green;0;Yellow;0;Red;0;Evacuees to Transfer;
1237.23,119,evacuee,outES,Evacuee 420 in triage category Y is not assigned a helicopter
1237.23,119,evacuee,,Evacuee;420;in triage state;R;is at the evacuation site
1237.47,3,evacueeManager,,OFF SHIP: White;0;Green;311;Yellow;44;Red;15;Black;130;ON SHIP: White;0;Green;0;Yellow;0;Red;0;Evacuees to Transfer;
1237.47,197,evacuee,outES,Evacuee 380 in triage category G is not assigned a helicopter
1237.47,197,evacuee,,Evacuee;380;in triage state;Y;is at the evacuation site
1239.84,3,evacueeManager,,OFF SHIP: White;0;Green;310;Yellow;45;Red;15;Black;130;ON SHIP: White;0;Green;0;Yellow;0;Red;0;Evacuees to Transfer;
1239.84,936,evacuee,outES,Evacuee 26 in triage category G is not assigned a helicopter
1239.84,936,evacuee,,Evacuee;26;in triage state;Y;is at the evacuation site
1243.69,3,evacueeManager,,OFF SHIP: White;0;Green;310;Yellow;45;Red;14;Black;131;ON SHIP: White;0;Green;0;Yellow;0;Red;0;Evacuees to Transfer;
1243.69,990,evacuee,outES,Evacuee 21 in triage category R is not assigned a helicopter
1243.69,990,evacuee,,Evacuee;21;in triage state;B;is at the evacuation site
1249.22,3,evacueeManager,,OFF SHIP: White;0;Green;310;Yellow;45;Red;13;Black;132;ON SHIP: White;0;Green;0;Yellow;0;Red;0;Evacuees to Transfer;
1249.22,252,evacuee,outES,Evacuee 351 in triage category R is not assigned a helicopter
1249.22,252,evacuee,,Evacuee;351;in triage state;B;is at the evacuation site
1252.12,3,evacueeManager,,OFF SHIP: White;0;Green;309;Yellow;46;Red;13;Black;132;ON SHIP: White;0;Green;0;Yellow;0;Red;0;Evacuees to Transfer;
1252.12,1083,evacuee,outES,Evacuee 391 in triage category G is not assigned a helicopter
1252.12,1083,evacuee,,Evacuee;391;in triage state;Y;is at the evacuation site
1253.64,3,evacueeManager,,OFF SHIP: White;0;Green;309;Yellow;46;Red;12;Black;133;ON SHIP: White;0;Green;0;Yellow;0;Red;0;Evacuees to Transfer;
1253.64,1375,evacuee,outES,Evacuee 202 in triage category R is not assigned a helicopter
1253.64,1375,evacuee,,Evacuee;202;in triage state;B;is at the evacuation site
1255.77,3,evacueeManager,,OFF SHIP: White;0;Green;308;Yellow;47;Red;12;Black;133;ON SHIP: White;0;Green;0;Yellow;0;Red;0;Evacuees to Transfer;
1255.77,273,evacuee,outES,Evacuee 335 in triage category G is not assigned a helicopter
1255.77,273,evacuee,,Evacuee;335;in triage state;Y;is at the evacuation site
1257.69,3,evacueeManager,,OFF SHIP: White;0;Green;308;Yellow;46;Red;13;Black;133;ON SHIP: White;0;Green;0;Yellow;0;Red;0;Evacuees to Transfer;
1257.69,1432,evacuee,outES,Evacuee 339 in triage category Y is not assigned a helicopter
1257.69,1432,evacuee,,Evacuee;339;in triage state;R;is at the evacuation site
1259.03,3,evacueeManager,,OFF SHIP: White;0;Green;308;Yellow;46;Red;12;Black;134;ON SHIP: White;0;Green;0;Yellow;0;Red;0;Evacuees to Transfer;
1259.03,1225,evacuee,outES,Evacuee 153 in triage category R is not assigned a helicopter
1259.03,1225,evacuee,,Evacuee;153;in triage state;B;is at the evacuation site
1260.09,3,evacueeManager,,OFF SHIP: White;0;Green;308;Yellow;46;Red;11;Black;135;ON SHIP: White;0;Green;0;Yellow;0;Red;0;Evacuees to Transfer;
1260.09,1156,evacuee,outES,Evacuee 263 in triage category R is not assigned a helicopter
1260.09,1156,evacuee,,Evacuee;263;in triage state;B;is at the evacuation site
1263.65,3,evacueeManager,,OFF SHIP: White;0;Green;308;Yellow;46;Red;10;Black;136;ON SHIP: White;0;Green;0;Yellow;0;Red;0;Evacuees to Transfer;
1263.65,930,evacuee,outES,Evacuee 38 in triage category R is not assigned a helicopter
1263.65,930,evacuee,,Evacuee;38;in triage state;B;is at the evacuation site
1269.18,3,evacueeManager,,OFF SHIP: White;0;Green;308;Yellow;46;Red;9;Black;137;ON SHIP: White;0;Green;0;Yellow;0;Red;0;Evacuees to Transfer;
1269.18,1005,evacuee,outES,Evacuee 220 in triage category R is not assigned a helicopter
1269.18,1005,evacuee,,Evacuee;220;in triage state;B;is at the evacuation site
1269.84,3,evacueeManager,,OFF SHIP: White;0;Green;307;Yellow;47;Red;9;Black;137;ON SHIP: White;0;Green;0;Yellow;0;Red;0;Evacuees to Transfer;
1269.84,1381,evacuee,outES,Evacuee 204 in triage category G is not assigned a helicopter
1269.84,1381,evacuee,,Evacuee;204;in triage state;Y;is at the evacuation site
1270.27,3,evacueeManager,,OFF SHIP: White;0;Green;306;Yellow;48;Red;9;Black;137;ON SHIP: White;0;Green;0;Yellow;0;Red;0;Evacuees to Transfer;
1270.27,864,evacuee,outES,Evacuee 82 in triage category G is not assigned a helicopter
1270.27,864,evacuee,,Evacuee;82;in triage state;Y;is at the evacuation site
1275.41,3,evacueeManager,,OFF SHIP: White;0;Green;306;Yellow;47;Red;10;Black;137;ON SHIP: White;0;Green;0;Yellow;0;Red;0;Evacuees to Transfer;
1275.41,1228,evacuee,outES,Evacuee 67 in triage category Y is not assigned a helicopter
1275.41,1228,evacuee,,Evacuee;67;in triage state;R;is at the evacuation site
1277.7,3,evacueeManager,,OFF SHIP: White;0;Green;306;Yellow;47;Red;9;Black;138;ON SHIP: White;0;Green;0;Yellow;0;Red;0;Evacuees to Transfer;
1277.7,1432,evacuee,outES,Evacuee 339 in triage category R is not assigned a helicopter
1277.7,1432,evacuee,,Evacuee;339;in triage state;B;is at the evacuation site
1280.97,3,evacueeManager,,OFF SHIP: White;0;Green;305;Yellow;48;Red;9;Black;138;ON SHIP: White;0;Green;0;Yellow;0;Red;0;Evacuees to Transfer;
1280.97,50,evacuee,outES,Evacuee 472 in triage category G is not assigned a helicopter
1280.97,50,evacuee,,Evacuee;472;in triage state;Y;is at the evacuation site
1281.22,3,evacueeManager,,OFF SHIP: White;0;Green;304;Yellow;49;Red;9;Black;138;ON SHIP: White;0;Green;0;Yellow;0;Red;0;Evacuees to Transfer;
1281.22,348,evacuee,outES,Evacuee 303 in triage category G is not assigned a helicopter
1281.22,348,evacuee,,Evacuee;303;in triage state;Y;is at the evacuation site
1284.75,3,evacueeManager,,OFF SHIP: White;0;Green;304;Yellow;49;Red;8;Black;139;ON SHIP: White;0;Green;0;Yellow;0;Red;0;Evacuees to Transfer;
1284.75,1216,evacuee,outES,Evacuee 151 in triage category R is not assigned a helicopter
1284.75,1216,evacuee,,Evacuee;151;in triage state;B;is at the evacuation site
1287.77,3,evacueeManager,,OFF SHIP: White;0;Green;304;Yellow;48;Red;9;Black;139;ON SHIP: White;0;Green;0;Yellow;0;Red;0;Evacuees to Transfer;
1287.77,1378,evacuee,outES,Evacuee 390 in triage category Y is not assigned a helicopter
1287.77,1378,evacuee,,Evacuee;390;in triage state;R;is at the evacuation site
1288.82,3,evacueeManager,,OFF SHIP: White;0;Green;304;Yellow;48;Red;8;Black;140;ON SHIP: White;0;Green;0;Yellow;0;Red;0;Evacuees to Transfer;
1288.82,119,evacuee,outES,Evacuee 420 in triage category R is not assigned a helicopter
1288.82,119,evacuee,,Evacuee;420;in triage state;B;is at the evacuation site
1296.53,3,evacueeManager,,OFF SHIP: White;0;Green;303;Yellow;49;Red;8;Black;140;ON SHIP: White;0;Green;0;Yellow;0;Red;0;Evacuees to Transfer;
1296.53,717,evacuee,outES,Evacuee 15 in triage category G is not assigned a helicopter
1296.53,717,evacuee,,Evacuee;15;in triage state;Y;is at the evacuation site
1297.04,3,evacueeManager,,OFF SHIP: White;0;Green;303;Yellow;49;Red;7;Black;141;ON SHIP: White;0;Green;0;Yellow;0;Red;0;Evacuees to Transfer;
1297.04,636,evacuee,outES,Evacuee 444 in triage category R is not assigned a helicopter
1297.04,636,evacuee,,Evacuee;444;in triage state;B;is at the evacuation site
1297.72,3,evacueeManager,,OFF SHIP: White;0;Green;303;Yellow;48;Red;8;Black;141;ON SHIP: White;0;Green;0;Yellow;0;Red;0;Evacuees to Transfer;
1297.72,933,evacuee,outES,Evacuee 10 in triage category Y is not assigned a helicopter
1297.72,933,evacuee,,Evacuee;10;in triage state;R;is at the evacuation site
1301.61,3,evacueeManager,,OFF SHIP: White;0;Green;303;Yellow;48;Red;7;Black;142;ON SHIP: White;0;Green;0;Yellow;0;Red;0;Evacuees to Transfer;
1301.61,933,evacuee,outES,Evacuee 10 in triage category R is not assigned a helicopter
1301.61,933,evacuee,,Evacuee;10;in triage state;B;is at the evacuation site
1303.18,3,evacueeManager,,OFF SHIP: White;0;Green;302;Yellow;49;Red;7;Black;142;ON SHIP: White;0;Green;0;Yellow;0;Red;0;Evacuees to Transfer;
1303.18,1234,evacuee,outES,Evacuee 159 in triage category G is not assigned a helicopter
1303.18,1234,evacuee,,Evacuee;159;in triage state;Y;is at the evacuation site
1303.74,3,evacueeManager,,OFF SHIP: White;0;Green;302;Yellow;48;Red;8;Black;142;ON SHIP: White;0;Green;0;Yellow;0;Red;0;Evacuees to Transfer;
1303.74,113,evacuee,outES,Evacuee 426 in triage category Y is not assigned a helicopter
1303.74,113,evacuee,,Evacuee;426;in triage state;R;is at the evacuation site
1305.26,3,evacueeManager,,OFF SHIP: White;0;Green;301;Yellow;49;Red;8;Black;142;ON SHIP: White;0;Green;0;Yellow;0;Red;0;Evacuees to Transfer;
1305.26,570,evacuee,outES,Evacuee 228 in triage category G is not assigned a helicopter
1305.26,570,evacuee,,Evacuee;228;in triage state;Y;is at the evacuation site
1306.56,3,evacueeManager,,OFF SHIP: White;0;Green;301;Yellow;49;Red;7;Black;143;ON SHIP: White;0;Green;0;Yellow;0;Red;0;Evacuees to Transfer;
1306.56,1378,evacuee,outES,Evacuee 390 in triage category R is not assigned a helicopter
1306.56,1378,evacuee,,Evacuee;390;in triage state;B;is at the evacuation site
1310.19,3,evacueeManager,,OFF SHIP: White;0;Green;300;Yellow;50;Red;7;Black;143;ON SHIP: White;0;Green;0;Yellow;0;Red;0;Evacuees to Transfer;
1310.19,125,evacuee,outES,Evacuee 414 in triage category G is not assigned a helicopter
1310.19,125,evacuee,,Evacuee;414;in triage state;Y;is at the evacuation site
1312.84,3,evacueeManager,,OFF SHIP: White;0;Green;300;Yellow;50;Red;6;Black;144;ON SHIP: White;0;Green;0;Yellow;0;Red;0;Evacuees to Transfer;
1312.84,1008,evacuee,outES,Evacuee 355 in triage category R is not assigned a helicopter
1312.84,1008,evacuee,,Evacuee;355;in triage state;B;is at the evacuation site
1314.44,3,evacueeManager,,OFF SHIP: White;0;Green;300;Yellow;50;Red;5;Black;145;ON SHIP: White;0;Green;0;Yellow;0;Red;0;Evacuees to Transfer;
1314.44,1068,evacuee,outES,Evacuee 43 in triage category R is not assigned a helicopter
1314.44,1068,evacuee,,Evacuee;43;in triage state;B;is at the evacuation site
1318.09,3,evacueeManager,,OFF SHIP: White;0;Green;299;Yellow;51;Red;5;Black;145;ON SHIP: White;0;Green;0;Yellow;0;Red;0;Evacuees to Transfer;
1318.09,1011,evacuee,outES,Evacuee 23 in triage category G is not assigned a helicopter
1318.09,1011,evacuee,,Evacuee;23;in triage state;Y;is at the evacuation site
1320.63,3,evacueeManager,,OFF SHIP: White;0;Green;299;Yellow;50;Red;6;Black;145;ON SHIP: White;0;Green;0;Yellow;0;Red;0;Evacuees to Transfer;
1320.63,1369,evacuee,outES,Evacuee 201 in triage category Y is not assigned a helicopter
1320.63,1369,evacuee,,Evacuee;201;in triage state;R;is at the evacuation site
1321.55,3,evacueeManager,,OFF SHIP: White;0;Green;299;Yellow;49;Red;7;Black;145;ON SHIP: White;0;Green;0;Yellow;0;Red;0;Evacuees to Transfer;
1321.55,1083,evacuee,outES,Evacuee 391 in triage category Y is not assigned a helicopter
1321.55,1083,evacuee,,Evacuee;391;in triage state;R;is at the evacuation site
1328.27,3,evacueeManager,,OFF SHIP: White;0;Green;298;Yellow;50;Red;7;Black;145;ON SHIP: White;0;Green;0;Yellow;0;Red;0;Evacuees to Transfer;
1328.27,423,evacuee,outES,Evacuee 273 in triage category G is not assigned a helicopter
1328.27,423,evacuee,,Evacuee;273;in triage state;Y;is at the evacuation site
1336.37,3,evacueeManager,,OFF SHIP: White;0;Green;298;Yellow;49;Red;8;Black;145;ON SHIP: White;0;Green;0;Yellow;0;Red;0;Evacuees to Transfer;
1336.37,570,evacuee,outES,Evacuee 228 in triage category Y is not assigned a helicopter
1336.37,570,evacuee,,Evacuee;228;in triage state;R;is at the evacuation site
1342.3,3,evacueeManager,,OFF SHIP: White;0;Green;298;Yellow;49;Red;7;Black;146;ON SHIP: White;0;Green;0;Yellow;0;Red;0;Evacuees to Transfer;
1342.3,1369,evacuee,outES,Evacuee 201 in triage category R is not assigned a helicopter
1342.3,1369,evacuee,,Evacuee;201;in triage state;B;is at the evacuation site
1343.51,3,evacueeManager,,OFF SHIP: White;0;Green;298;Yellow;48;Red;8;Black;146;ON SHIP: White;0;Green;0;Yellow;0;Red;0;Evacuees to Transfer;
1343.51,125,evacuee,outES,Evacuee 414 in triage category Y is not assigned a helicopter
1343.51,125,evacuee,,Evacuee;414;in triage state;R;is at the evacuation site
1346.03,3,evacueeManager,,OFF SHIP: White;0;Green;298;Yellow;47;Red;9;Black;146;ON SHIP: White;0;Green;0;Yellow;0;Red;0;Evacuees to Transfer;
1346.03,717,evacuee,outES,Evacuee 15 in triage category Y is not assigned a helicopter
1346.03,717,evacuee,,Evacuee;15;in triage state;R;is at the evacuation site
1346.57,3,evacueeManager,,OFF SHIP: White;0;Green;298;Yellow;46;Red;10;Black;146;ON SHIP: White;0;Green;0;Yellow;0;Red;0;Evacuees to Transfer;
1346.57,1453,evacuee,outES,Evacuee 73 in triage category Y is not assigned a helicopter
1346.57,1453,evacuee,,Evacuee;73;in triage state;R;is at the evacuation site
1348.75,3,evacueeManager,,OFF SHIP: White;0;Green;298;Yellow;45;Red;11;Black;146;ON SHIP: White;0;Green;0;Yellow;0;Red;0;Evacuees to Transfer;
1348.75,348,evacuee,outES,Evacuee 303 in triage category Y is not assigned a helicopter
1348.75,348,evacuee,,Evacuee;303;in triage state;R;is at the evacuation site
1351.16,3,evacueeManager,,OFF SHIP: White;0;Green;298;Yellow;44;Red;12;Black;146;ON SHIP: White;0;Green;0;Yellow;0;Red;0;Evacuees to Transfer;
1351.16,1231,evacuee,outES,Evacuee 123 in triage category Y is not assigned a helicopter
1351.16,1231,evacuee,,Evacuee;123;in triage state;R;is at the evacuation site
1363.09,3,evacueeManager,,OFF SHIP: White;0;Green;297;Yellow;45;Red;12;Black;146;ON SHIP: White;0;Green;0;Yellow;0;Red;0;Evacuees to Transfer;
1363.09,1162,evacuee,outES,Evacuee 465 in triage category G is not assigned a helicopter
1363.09,1162,evacuee,,Evacuee;465;in triage state;Y;is at the evacuation site
1363.36,3,evacueeManager,,OFF SHIP: White;0;Green;296;Yellow;46;Red;12;Black;146;ON SHIP: White;0;Green;0;Yellow;0;Red;0;Evacuees to Transfer;
1363.36,1456,evacuee,outES,Evacuee 233 in triage category G is not assigned a helicopter
1363.36,1456,evacuee,,Evacuee;233;in triage state;Y;is at the evacuation site
1368.15,3,evacueeManager,,OFF SHIP: White;0;Green;296;Yellow;46;Red;11;Black;147;ON SHIP: White;0;Green;0;Yellow;0;Red;0;Evacuees to Transfer;
1368.15,113,evacuee,outES,Evacuee 426 in triage category R is not assigned a helicopter
1368.15,113,evacuee,,Evacuee;426;in triage state;B;is at the evacuation site
1368.4,3,evacueeManager,,OFF SHIP: White;0;Green;296;Yellow;46;Red;10;Black;148;ON SHIP: White;0;Green;0;Yellow;0;Red;0;Evacuees to Transfer;
1368.4,567,evacuee,outES,Evacuee 39 in triage category R is not assigned a helicopter
1368.4,567,evacuee,,Evacuee;39;in triage state;B;is at the evacuation site
1368.66,3,evacueeManager,,OFF SHIP: White;0;Green;295;Yellow;47;Red;10;Black;148;ON SHIP: White;0;Green;0;Yellow;0;Red;0;Evacuees to Transfer;
1368.66,1309,evacuee,outES,Evacuee 203 in triage category G is not assigned a helicopter
1368.66,1309,evacuee,,Evacuee;203;in triage state;Y;is at the evacuation site
1369.1,3,evacueeManager,,OFF SHIP: White;0;Green;294;Yellow;48;Red;10;Black;148;ON SHIP: White;0;Green;0;Yellow;0;Red;0;Evacuees to Transfer;
1369.1,792,evacuee,outES,Evacuee 400 in triage category G is not assigned a helicopter
1369.1,792,evacuee,,Evacuee;400;in triage state;Y;is at the evacuation site
1370.78,3,evacueeManager,,OFF SHIP: White;0;Green;293;Yellow;49;Red;10;Black;148;ON SHIP: White;0;Green;0;Yellow;0;Red;0;Evacuees to Transfer;
1370.78,645,evacuee,outES,Evacuee 115 in triage category G is not assigned a helicopter
1370.78,645,evacuee,,Evacuee;115;in triage state;Y;is at the evacuation site
1382.86,3,evacueeManager,,OFF SHIP: White;0;Green;293;Yellow;48;Red;11;Black;148;ON SHIP: White;0;Green;0;Yellow;0;Red;0;Evacuees to Transfer;
1382.86,1456,evacuee,outES,Evacuee 233 in triage category Y is not assigned a helicopter
1382.86,1456,evacuee,,Evacuee;233;in triage state;R;is at the evacuation site
1398.62,3,evacueeManager,,OFF SHIP: White;0;Green;293;Yellow;47;Red;12;Black;148;ON SHIP: White;0;Green;0;Yellow;0;Red;0;Evacuees to Transfer;
1398.62,927,evacuee,outES,Evacuee 31 in triage category Y is not assigned a helicopter
1398.62,927,evacuee,,Evacuee;31;in triage state;R;is at the evacuation site
1401.12,3,evacueeManager,,OFF SHIP: White;0;Green;293;Yellow;46;Red;13;Black;148;ON SHIP: White;0;Green;0;Yellow;0;Red;0;Evacuees to Transfer;
1401.12,1140,evacuee,outES,Evacuee 57 in triage category Y is not assigned a helicopter
1401.12,1140,evacuee,,Evacuee;57;in triage state;R;is at the evacuation site
1405.29,3,evacueeManager,,OFF SHIP: White;0;Green;293;Yellow;45;Red;14;Black;148;ON SHIP: White;0;Green;0;Yellow;0;Red;0;Evacuees to Transfer;
1405.29,1159,evacuee,outES,Evacuee 190 in triage category Y is not assigned a helicopter
1405.29,1159,evacuee,,Evacuee;190;in triage state;R;is at the evacuation site
1408,3,evacueeManager,,OFF SHIP: White;0;Green;293;Yellow;44;Red;15;Black;148;ON SHIP: White;0;Green;0;Yellow;0;Red;0;Evacuees to Transfer;
1408,492,evacuee,outES,Evacuee 310 in triage category Y is not assigned a helicopter
1408,492,evacuee,,Evacuee;310;in triage state;R;is at the evacuation site
1409.74,3,evacueeManager,,OFF SHIP: White;0;Green;293;Yellow;44;Red;14;Black;149;ON SHIP: White;0;Green;0;Yellow;0;Red;0;Evacuees to Transfer;
1409.74,927,evacuee,outES,Evacuee 31 in triage category R is not assigned a helicopter
1409.74,927,evacuee,,Evacuee;31;in triage state;B;is at the evacuation site
1410.54,3,evacueeManager,,OFF SHIP: White;0;Green;293;Yellow;44;Red;13;Black;150;ON SHIP: White;0;Green;0;Yellow;0;Red;0;Evacuees to Transfer;
1410.54,255,evacuee,outES,Evacuee 349 in triage category R is not assigned a helicopter
1410.54,255,evacuee,,Evacuee;349;in triage state;B;is at the evacuation site
1411.58,3,evacueeManager,,OFF SHIP: White;0;Green;293;Yellow;44;Red;12;Black;151;ON SHIP: White;0;Green;0;Yellow;0;Red;0;Evacuees to Transfer;
1411.58,1159,evacuee,outES,Evacuee 190 in triage category R is not assigned a helicopter
1411.58,1159,evacuee,,Evacuee;190;in triage state;B;is at the evacuation site
1412.51,3,evacueeManager,,OFF SHIP: White;0;Green;293;Yellow;43;Red;13;Black;151;ON SHIP: White;0;Green;0;Yellow;0;Red;0;Evacuees to Transfer;
1412.51,122,evacuee,outES,Evacuee 419 in triage category Y is not assigned a helicopter
1412.51,122,evacuee,,Evacuee;419;in triage state;R;is at the evacuation site
1415.84,3,evacueeManager,,OFF SHIP: White;0;Green;293;Yellow;43;Red;12;Black;152;ON SHIP: White;0;Green;0;Yellow;0;Red;0;Evacuees to Transfer;
1415.84,1228,evacuee,outES,Evacuee 67 in triage category R is not assigned a helicopter
1415.84,1228,evacuee,,Evacuee;67;in triage state;B;is at the evacuation site
1419.77,3,evacueeManager,,OFF SHIP: White;0;Green;292;Yellow;44;Red;12;Black;152;ON SHIP: White;0;Green;0;Yellow;0;Red;0;Evacuees to Transfer;
1419.77,200,evacuee,outES,Evacuee 379 in triage category G is not assigned a helicopter
1419.77,200,evacuee,,Evacuee;379;in triage state;Y;is at the evacuation site
1420.08,3,evacueeManager,,OFF SHIP: White;0;Green;292;Yellow;43;Red;13;Black;152;ON SHIP: White;0;Green;0;Yellow;0;Red;0;Evacuees to Transfer;
1420.08,645,evacuee,outES,Evacuee 115 in triage category Y is not assigned a helicopter
1420.08,645,evacuee,,Evacuee;115;in triage state;R;is at the evacuation site
1421.3,3,evacueeManager,,OFF SHIP: White;0;Green;292;Yellow;42;Red;14;Black;152;ON SHIP: White;0;Green;0;Yellow;0;Red;0;Evacuees to Transfer;
1421.3,1234,evacuee,outES,Evacuee 159 in triage category Y is not assigned a helicopter
1421.3,1234,evacuee,,Evacuee;159;in triage state;R;is at the evacuation site
1424.14,3,evacueeManager,,OFF SHIP: White;0;Green;292;Yellow;41;Red;15;Black;152;ON SHIP: White;0;Green;0;Yellow;0;Red;0;Evacuees to Transfer;
1424.14,852,evacuee,outES,Evacuee 3 in triage category Y is not assigned a helicopter
1424.14,852,evacuee,,Evacuee;3;in triage state;R;is at the evacuation site
1424.35,3,evacueeManager,,OFF SHIP: White;0;Green;292;Yellow;41;Red;14;Black;153;ON SHIP: White;0;Green;0;Yellow;0;Red;0;Evacuees to Transfer;
1424.35,345,evacuee,outES,Evacuee 305 in triage category R is not assigned a helicopter
1424.35,345,evacuee,,Evacuee;305;in triage state;B;is at the evacuation site
1429.38,3,evacueeManager,,OFF SHIP: White;0;Green;292;Yellow;41;Red;13;Black;154;ON SHIP: White;0;Green;0;Yellow;0;Red;0;Evacuees to Transfer;
1429.38,1140,evacuee,outES,Evacuee 57 in triage category R is not assigned a helicopter
1429.38,1140,evacuee,,Evacuee;57;in triage state;B;is at the evacuation site
1431.73,3,evacueeManager,,OFF SHIP: White;0;Green;292;Yellow;41;Red;12;Black;155;ON SHIP: White;0;Green;0;Yellow;0;Red;0;Evacuees to Transfer;
1431.73,1083,evacuee,outES,Evacuee 391 in triage category R is not assigned a helicopter
1431.73,1083,evacuee,,Evacuee;391;in triage state;B;is at the evacuation site
1433.4,3,evacueeManager,,OFF SHIP: White;0;Green;291;Yellow;42;Red;12;Black;155;ON SHIP: White;0;Green;0;Yellow;0;Red;0;Evacuees to Transfer;
1433.4,939,evacuee,outES,Evacuee 343 in triage category G is not assigned a helicopter
1433.4,939,evacuee,,Evacuee;343;in triage state;Y;is at the evacuation site
1441.22,3,evacueeManager,,OFF SHIP: White;0;Green;291;Yellow;42;Red;11;Black;156;ON SHIP: White;0;Green;0;Yellow;0;Red;0;Evacuees to Transfer;
1441.22,1453,evacuee,outES,Evacuee 73 in triage category R is not assigned a helicopter
1441.22,1453,evacuee,,Evacuee;73;in triage state;B;is at the evacuation site
1444.55,3,evacueeManager,,OFF SHIP: White;0;Green;291;Yellow;41;Red;12;Black;156;ON SHIP: White;0;Green;0;Yellow;0;Red;0;Evacuees to Transfer;
1444.55,1381,evacuee,outES,Evacuee 204 in triage category Y is not assigned a helicopter
1444.55,1381,evacuee,,Evacuee;204;in triage state;R;is at the evacuation site
1445.59,3,evacueeManager,,OFF SHIP: White;0;Green;291;Yellow;40;Red;13;Black;156;ON SHIP: White;0;Green;0;Yellow;0;Red;0;Evacuees to Transfer;
1445.59,936,evacuee,outES,Evacuee 26 in triage category Y is not assigned a helicopter
1445.59,936,evacuee,,Evacuee;26;in triage state;R;is at the evacuation site
1446.54,3,evacueeManager,,OFF SHIP: White;0;Green;290;Yellow;41;Red;13;Black;156;ON SHIP: White;0;Green;0;Yellow;0;Red;0;Evacuees to Transfer;
1446.54,1086,evacuee,outES,Evacuee 388 in triage category G is not assigned a helicopter
1446.54,1086,evacuee,,Evacuee;388;in triage state;Y;is at the evacuation site
1446.72,3,evacueeManager,,OFF SHIP: White;0;Green;289;Yellow;42;Red;13;Black;156;ON SHIP: White;0;Green;0;Yellow;0;Red;0;Evacuees to Transfer;
1446.72,276,evacuee,outES,Evacuee 331 in triage category G is not assigned a helicopter
1446.72,276,evacuee,,Evacuee;331;in triage state;Y;is at the evacuation site
1447.39,3,evacueeManager,,OFF SHIP: White;0;Green;289;Yellow;42;Red;12;Black;157;ON SHIP: White;0;Green;0;Yellow;0;Red;0;Evacuees to Transfer;
1447.39,570,evacuee,outES,Evacuee 228 in triage category R is not assigned a helicopter
1447.39,570,evacuee,,Evacuee;228;in triage state;B;is at the evacuation site
1450.54,3,evacueeManager,,OFF SHIP: White;0;Green;288;Yellow;43;Red;12;Black;157;ON SHIP: White;0;Green;0;Yellow;0;Red;0;Evacuees to Transfer;
1450.54,1384,evacuee,outES,Evacuee 275 in triage category G is not assigned a helicopter
1450.54,1384,evacuee,,Evacuee;275;in triage state;Y;is at the evacuation site
1452.03,3,evacueeManager,,OFF SHIP: White;0;Green;288;Yellow;42;Red;13;Black;157;ON SHIP: White;0;Green;0;Yellow;0;Red;0;Evacuees to Transfer;
1452.03,1438,evacuee,outES,Evacuee 164 in triage category Y is not assigned a helicopter
1452.03,1438,evacuee,,Evacuee;164;in triage state;R;is at the evacuation site
1454.73,3,evacueeManager,,OFF SHIP: White;0;Green;287;Yellow;43;Red;13;Black;157;ON SHIP: White;0;Green;0;Yellow;0;Red;0;Evacuees to Transfer;
1454.73,867,evacuee,outES,Evacuee 54 in triage category G is not assigned a helicopter
1454.73,867,evacuee,,Evacuee;54;in triage state;Y;is at the evacuation site
1456.54,3,evacueeManager,,OFF SHIP: White;0;Green;287;Yellow;42;Red;14;Black;157;ON SHIP: White;0;Green;0;Yellow;0;Red;0;Evacuees to Transfer;
1456.54,1306,evacuee,outES,Evacuee 58 in triage category Y is not assigned a helicopter
1456.54,1306,evacuee,,Evacuee;58;in triage state;R;is at the evacuation site
1466.14,3,evacueeManager,,OFF SHIP: White;0;Green;286;Yellow;43;Red;14;Black;157;ON SHIP: White;0;Green;0;Yellow;0;Red;0;Evacuees to Transfer;
1466.14,53,evacuee,outES,Evacuee 471 in triage category G is not assigned a helicopter
1466.14,53,evacuee,,Evacuee;471;in triage state;Y;is at the evacuation site
1467.86,3,evacueeManager,,OFF SHIP: White;0;Green;286;Yellow;42;Red;15;Black;157;ON SHIP: White;0;Green;0;Yellow;0;Red;0;Evacuees to Transfer;
1467.86,53,evacuee,outES,Evacuee 471 in triage category Y is not assigned a helicopter
1467.86,53,evacuee,,Evacuee;471;in triage state;R;is at the evacuation site
1470.37,3,evacueeManager,,OFF SHIP: White;0;Green;286;Yellow;41;Red;16;Black;157;ON SHIP: White;0;Green;0;Yellow;0;Red;0;Evacuees to Transfer;
1470.37,939,evacuee,outES,Evacuee 343 in triage category Y is not assigned a helicopter
1470.37,939,evacuee,,Evacuee;343;in triage state;R;is at the evacuation site
1471.06,3,evacueeManager,,OFF SHIP: White;0;Green;286;Yellow;41;Red;15;Black;158;ON SHIP: White;0;Green;0;Yellow;0;Red;0;Evacuees to Transfer;
1471.06,717,evacuee,outES,Evacuee 15 in triage category R is not assigned a helicopter
1471.06,717,evacuee,,Evacuee;15;in triage state;B;is at the evacuation site
1489.83,3,evacueeManager,,OFF SHIP: White;0;Green;285;Yellow;42;Red;15;Black;158;ON SHIP: White;0;Green;0;Yellow;0;Red;0;Evacuees to Transfer;
1489.83,1237,evacuee,outES,Evacuee 161 in triage category G is not assigned a helicopter
1489.83,1237,evacuee,,Evacuee;161;in triage state;Y;is at the evacuation site
1490.3,3,evacueeManager,,OFF SHIP: White;0;Green;284;Yellow;43;Red;15;Black;158;ON SHIP: White;0;Green;0;Yellow;0;Red;0;Evacuees to Transfer;
1490.3,720,evacuee,outES,Evacuee 474 in triage category G is not assigned a helicopter
1490.3,720,evacuee,,Evacuee;474;in triage state;Y;is at the evacuation site
1490.34,3,evacueeManager,,OFF SHIP: White;0;Green;284;Yellow;43;Red;14;Black;159;ON SHIP: White;0;Green;0;Yellow;0;Red;0;Evacuees to Transfer;
1490.34,1381,evacuee,outES,Evacuee 204 in triage category R is not assigned a helicopter
1490.34,1381,evacuee,,Evacuee;204;in triage state;B;is at the evacuation site
1494.56,3,evacueeManager,,OFF SHIP: White;0;Green;284;Yellow;43;Red;13;Black;160;ON SHIP: White;0;Green;0;Yellow;0;Red;0;Evacuees to Transfer;
1494.56,1234,evacuee,outES,Evacuee 159 in triage category R is not assigned a helicopter
1494.56,1234,evacuee,,Evacuee;159;in triage state;B;is at the evacuation site
1496.19,3,evacueeManager,,OFF SHIP: White;0;Green;284;Yellow;43;Red;12;Black;161;ON SHIP: White;0;Green;0;Yellow;0;Red;0;Evacuees to Transfer;
1496.19,1438,evacuee,outES,Evacuee 164 in triage category R is not assigned a helicopter
1496.19,1438,evacuee,,Evacuee;164;in triage state;B;is at the evacuation site
1497.31,3,evacueeManager,,OFF SHIP: White;0;Green;283;Yellow;44;Red;12;Black;161;ON SHIP: White;0;Green;0;Yellow;0;Red;0;Evacuees to Transfer;
1497.31,128,evacuee,outES,Evacuee 411 in triage category G is not assigned a helicopter
1497.31,128,evacuee,,Evacuee;411;in triage state;Y;is at the evacuation site
1500.36,3,evacueeManager,,OFF SHIP: White;0;Green;283;Yellow;43;Red;13;Black;161;ON SHIP: White;0;Green;0;Yellow;0;Red;0;Evacuees to Transfer;
1500.36,861,evacuee,outES,Evacuee 347 in triage category Y is not assigned a helicopter
1500.36,861,evacuee,,Evacuee;347;in triage state;R;is at the evacuation site
1504.16,3,evacueeManager,,OFF SHIP: White;0;Green;282;Yellow;44;Red;13;Black;161;ON SHIP: White;0;Green;0;Yellow;0;Red;0;Evacuees to Transfer;
1504.16,351,evacuee,outES,Evacuee 295 in triage category G is not assigned a helicopter
1504.16,351,evacuee,,Evacuee;295;in triage state;Y;is at the evacuation site
1507.46,3,evacueeManager,,OFF SHIP: White;0;Green;282;Yellow;44;Red;12;Black;162;ON SHIP: White;0;Green;0;Yellow;0;Red;0;Evacuees to Transfer;
1507.46,125,evacuee,outES,Evacuee 414 in triage category R is not assigned a helicopter
1507.46,125,evacuee,,Evacuee;414;in triage state;B;is at the evacuation site
1516.61,3,evacueeManager,,OFF SHIP: White;0;Green;281;Yellow;45;Red;12;Black;162;ON SHIP: White;0;Green;0;Yellow;0;Red;0;Evacuees to Transfer;
1516.61,426,evacuee,outES,Evacuee 337 in triage category G is not assigned a helicopter
1516.61,426,evacuee,,Evacuee;337;in triage state;Y;is at the evacuation site
1517.17,3,evacueeManager,,OFF SHIP: White;0;Green;280;Yellow;46;Red;12;Black;162;ON SHIP: White;0;Green;0;Yellow;0;Red;0;Evacuees to Transfer;
1517.17,1014,evacuee,outES,Evacuee 200 in triage category G is not assigned a helicopter
1517.17,1014,evacuee,,Evacuee;200;in triage state;Y;is at the evacuation site
1517.82,3,evacueeManager,,OFF SHIP: White;0;Green;280;Yellow;45;Red;13;Black;162;ON SHIP: White;0;Green;0;Yellow;0;Red;0;Evacuees to Transfer;
1517.82,1237,evacuee,outES,Evacuee 161 in triage category Y is not assigned a helicopter
1517.82,1237,evacuee,,Evacuee;161;in triage state;R;is at the evacuation site
1523.5,3,evacueeManager,,OFF SHIP: White;0;Green;280;Yellow;45;Red;12;Black;163;ON SHIP: White;0;Green;0;Yellow;0;Red;0;Evacuees to Transfer;
1523.5,936,evacuee,outES,Evacuee 26 in triage category R is not assigned a helicopter
1523.5,936,evacuee,,Evacuee;26;in triage state;B;is at the evacuation site
1525.33,3,evacueeManager,,OFF SHIP: White;0;Green;280;Yellow;44;Red;13;Black;163;ON SHIP: White;0;Green;0;Yellow;0;Red;0;Evacuees to Transfer;
1525.33,197,evacuee,outES,Evacuee 380 in triage category Y is not assigned a helicopter
1525.33,197,evacuee,,Evacuee;380;in triage state;R;is at the evacuation site
1525.36,3,evacueeManager,,OFF SHIP: White;0;Green;280;Yellow;43;Red;14;Black;163;ON SHIP: White;0;Green;0;Yellow;0;Red;0;Evacuees to Transfer;
1525.36,20,evacuee,outES,Evacuee 489 in triage category Y is not assigned a helicopter
1525.36,20,evacuee,,Evacuee;489;in triage state;R;is at the evacuation site
1553.8,3,evacueeManager,,OFF SHIP: White;0;Green;279;Yellow;44;Red;14;Black;163;ON SHIP: White;0;Green;0;Yellow;0;Red;0;Evacuees to Transfer;
1553.8,1165,evacuee,outES,Evacuee 60 in triage category G is not assigned a helicopter
1553.8,1165,evacuee,,Evacuee;60;in triage state;Y;is at the evacuation site
1555.6,3,evacueeManager,,OFF SHIP: White;0;Green;279;Yellow;44;Red;13;Black;164;ON SHIP: White;0;Green;0;Yellow;0;Red;0;Evacuees to Transfer;
1555.6,861,evacuee,outES,Evacuee 347 in triage category R is not assigned a helicopter
1555.6,861,evacuee,,Evacuee;347;in triage state;B;is at the evacuation site
1557.59,3,evacueeManager,,OFF SHIP: White;0;Green;279;Yellow;44;Red;12;Black;165;ON SHIP: White;0;Green;0;Yellow;0;Red;0;Evacuees to Transfer;
1557.59,122,evacuee,outES,Evacuee 419 in triage category R is not assigned a helicopter
1557.59,122,evacuee,,Evacuee;419;in triage state;B;is at the evacuation site
1559.75,3,evacueeManager,,OFF SHIP: White;0;Green;278;Yellow;45;Red;12;Black;165;ON SHIP: White;0;Green;0;Yellow;0;Red;0;Evacuees to Transfer;
1559.75,1312,evacuee,outES,Evacuee 232 in triage category G is not assigned a helicopter
1559.75,1312,evacuee,,Evacuee;232;in triage state;Y;is at the evacuation site
1561.83,3,evacueeManager,,OFF SHIP: White;0;Green;277;Yellow;46;Red;12;Black;165;ON SHIP: White;0;Green;0;Yellow;0;Red;0;Evacuees to Transfer;
1561.83,1459,evacuee,outES,Evacuee 236 in triage category G is not assigned a helicopter
1561.83,1459,evacuee,,Evacuee;236;in triage state;Y;is at the evacuation site
1562.02,3,evacueeManager,,OFF SHIP: White;0;Green;276;Yellow;47;Red;12;Black;165;ON SHIP: White;0;Green;0;Yellow;0;Red;0;Evacuees to Transfer;
1562.02,648,evacuee,outES,Evacuee 98 in triage category G is not assigned a helicopter
1562.02,648,evacuee,,Evacuee;98;in triage state;Y;is at the evacuation site
1563.86,3,evacueeManager,,OFF SHIP: White;0;Green;276;Yellow;47;Red;11;Black;166;ON SHIP: White;0;Green;0;Yellow;0;Red;0;Evacuees to Transfer;
1563.86,852,evacuee,outES,Evacuee 3 in triage category R is not assigned a helicopter
1563.86,852,evacuee,,Evacuee;3;in triage state;B;is at the evacuation site
1564.1,3,evacueeManager,,OFF SHIP: White;0;Green;275;Yellow;48;Red;11;Black;166;ON SHIP: White;0;Green;0;Yellow;0;Red;0;Evacuees to Transfer;
1564.1,795,evacuee,outES,Evacuee 268 in triage category G is not assigned a helicopter
1564.1,795,evacuee,,Evacuee;268;in triage state;Y;is at the evacuation site
1565.96,3,evacueeManager,,OFF SHIP: White;0;Green;275;Yellow;48;Red;10;Black;167;ON SHIP: White;0;Green;0;Yellow;0;Red;0;Evacuees to Transfer;
1565.96,20,evacuee,outES,Evacuee 489 in triage category R is not assigned a helicopter
1565.96,20,evacuee,,Evacuee;489;in triage state;B;is at the evacuation site
1571.99,3,evacueeManager,,OFF SHIP: White;0;Green;275;Yellow;47;Red;11;Black;167;ON SHIP: White;0;Green;0;Yellow;0;Red;0;Evacuees to Transfer;
1571.99,1309,evacuee,outES,Evacuee 203 in triage category Y is not assigned a helicopter
1571.99,1309,evacuee,,Evacuee;203;in triage state;R;is at the evacuation site
1573.01,3,evacueeManager,,OFF SHIP: White;0;Green;275;Yellow;46;Red;12;Black;167;ON SHIP: White;0;Green;0;Yellow;0;Red;0;Evacuees to Transfer;
1573.01,276,evacuee,outES,Evacuee 331 in triage category Y is not assigned a helicopter
1573.01,276,evacuee,,Evacuee;331;in triage state;R;is at the evacuation site
1576.36,3,evacueeManager,,OFF SHIP: White;0;Green;275;Yellow;45;Red;13;Black;167;ON SHIP: White;0;Green;0;Yellow;0;Red;0;Evacuees to Transfer;
1576.36,864,evacuee,outES,Evacuee 82 in triage category Y is not assigned a helicopter
1576.36,864,evacuee,,Evacuee;82;in triage state;R;is at the evacuation site
1579.17,3,evacueeManager,,OFF SHIP: White;0;Green;275;Yellow;44;Red;14;Black;167;ON SHIP: White;0;Green;0;Yellow;0;Red;0;Evacuees to Transfer;
1579.17,720,evacuee,outES,Evacuee 474 in triage category Y is not assigned a helicopter
1579.17,720,evacuee,,Evacuee;474;in triage state;R;is at the evacuation site
1579.66,3,evacueeManager,,OFF SHIP: White;0;Green;275;Yellow;43;Red;15;Black;167;ON SHIP: White;0;Green;0;Yellow;0;Red;0;Evacuees to Transfer;
1579.66,648,evacuee,outES,Evacuee 98 in triage category Y is not assigned a helicopter
1579.66,648,evacuee,,Evacuee;98;in triage state;R;is at the evacuation site
1586.29,3,evacueeManager,,OFF SHIP: White;0;Green;275;Yellow;43;Red;14;Black;168;ON SHIP: White;0;Green;0;Yellow;0;Red;0;Evacuees to Transfer;
1586.29,1309,evacuee,outES,Evacuee 203 in triage category R is not assigned a helicopter
1586.29,1309,evacuee,,Evacuee;203;in triage state;B;is at the evacuation site
1599.27,3,evacueeManager,,OFF SHIP: White;0;Green;275;Yellow;43;Red;13;Black;169;ON SHIP: White;0;Green;0;Yellow;0;Red;0;Evacuees to Transfer;
1599.27,864,evacuee,outES,Evacuee 82 in triage category R is not assigned a helicopter
1599.27,864,evacuee,,Evacuee;82;in triage state;B;is at the evacuation site
1605.63,3,evacueeManager,,OFF SHIP: White;0;Green;275;Yellow;43;Red;12;Black;170;ON SHIP: White;0;Green;0;Yellow;0;Red;0;Evacuees to Transfer;
1605.63,492,evacuee,outES,Evacuee 310 in triage category R is not assigned a helicopter
1605.63,492,evacuee,,Evacuee;310;in triage state;B;is at the evacuation site
1607.56,3,evacueeManager,,OFF SHIP: White;0;Green;275;Yellow;43;Red;11;Black;171;ON SHIP: White;0;Green;0;Yellow;0;Red;0;Evacuees to Transfer;
1607.56,348,evacuee,outES,Evacuee 303 in triage category R is not assigned a helicopter
1607.56,348,evacuee,,Evacuee;303;in triage state;B;is at the evacuation site
1610.46,3,evacueeManager,,OFF SHIP: White;0;Green;274;Yellow;44;Red;11;Black;171;ON SHIP: White;0;Green;0;Yellow;0;Red;0;Evacuees to Transfer;
1610.46,203,evacuee,outES,Evacuee 378 in triage category G is not assigned a helicopter
1610.46,203,evacuee,,Evacuee;378;in triage state;Y;is at the evacuation site
1619.62,3,evacueeManager,,OFF SHIP: White;0;Green;274;Yellow;43;Red;12;Black;171;ON SHIP: White;0;Green;0;Yellow;0;Red;0;Evacuees to Transfer;
1619.62,495,evacuee,outES,Evacuee 118 in triage category Y is not assigned a helicopter
1619.62,495,evacuee,,Evacuee;118;in triage state;R;is at the evacuation site
1626.96,3,evacueeManager,,OFF SHIP: White;0;Green;274;Yellow;43;Red;11;Black;172;ON SHIP: White;0;Green;0;Yellow;0;Red;0;Evacuees to Transfer;
1626.96,1237,evacuee,outES,Evacuee 161 in triage category R is not assigned a helicopter
1626.96,1237,evacuee,,Evacuee;161;in triage state;B;is at the evacuation site
1628.98,3,evacueeManager,,OFF SHIP: White;0;Green;273;Yellow;44;Red;11;Black;172;ON SHIP: White;0;Green;0;Yellow;0;Red;0;Evacuees to Transfer;
1628.98,942,evacuee,outES,Evacuee 241 in triage category G is not assigned a helicopter
1628.98,942,evacuee,,Evacuee;241;in triage state;Y;is at the evacuation site
1631.56,3,evacueeManager,,OFF SHIP: White;0;Green;273;Yellow;44;Red;10;Black;173;ON SHIP: White;0;Green;0;Yellow;0;Red;0;Evacuees to Transfer;
1631.56,1306,evacuee,outES,Evacuee 58 in triage category R is not assigned a helicopter
1631.56,1306,evacuee,,Evacuee;58;in triage state;B;is at the evacuation site
1641.84,3,evacueeManager,,OFF SHIP: White;0;Green;273;Yellow;43;Red;11;Black;173;ON SHIP: White;0;Green;0;Yellow;0;Red;0;Evacuees to Transfer;
1641.84,264,evacuee,outES,Evacuee 341 in triage category Y is not assigned a helicopter
1641.84,264,evacuee,,Evacuee;341;in triage state;R;is at the evacuation site
1646.01,3,evacueeManager,,OFF SHIP: White;0;Green;273;Yellow;43;Red;10;Black;174;ON SHIP: White;0;Green;0;Yellow;0;Red;0;Evacuees to Transfer;
1646.01,276,evacuee,outES,Evacuee 331 in triage category R is not assigned a helicopter
1646.01,276,evacuee,,Evacuee;331;in triage state;B;is at the evacuation site
1647.04,3,evacueeManager,,OFF SHIP: White;0;Green;272;Yellow;44;Red;10;Black;174;ON SHIP: White;0;Green;0;Yellow;0;Red;0;Evacuees to Transfer;
1647.04,1089,evacuee,outES,Evacuee 55 in triage category G is not assigned a helicopter
1647.04,1089,evacuee,,Evacuee;55;in triage state;Y;is at the evacuation site
1647.34,3,evacueeManager,,OFF SHIP: White;0;Green;271;Yellow;45;Red;10;Black;174;ON SHIP: White;0;Green;0;Yellow;0;Red;0;Evacuees to Transfer;
1647.34,1387,evacuee,outES,Evacuee 205 in triage category G is not assigned a helicopter
1647.34,1387,evacuee,,Evacuee;205;in triage state;Y;is at the evacuation site
1664.04,3,evacueeManager,,OFF SHIP: White;0;Green;270;Yellow;46;Red;10;Black;174;ON SHIP: White;0;Green;0;Yellow;0;Red;0;Evacuees to Transfer;
1664.04,56,evacuee,outES,Evacuee 468 in triage category G is not assigned a helicopter
1664.04,56,evacuee,,Evacuee;468;in triage state;Y;is at the evacuation site
1671.89,3,evacueeManager,,OFF SHIP: White;0;Green;270;Yellow;45;Red;11;Black;174;ON SHIP: White;0;Green;0;Yellow;0;Red;0;Evacuees to Transfer;
1671.89,1219,evacuee,outES,Evacuee 222 in triage category Y is not assigned a helicopter
1671.89,1219,evacuee,,Evacuee;222;in triage state;R;is at the evacuation site
1672.6,3,evacueeManager,,OFF SHIP: White;0;Green;270;Yellow;45;Red;10;Black;175;ON SHIP: White;0;Green;0;Yellow;0;Red;0;Evacuees to Transfer;
1672.6,197,evacuee,outES,Evacuee 380 in triage category R is not assigned a helicopter
1672.6,197,evacuee,,Evacuee;380;in triage state;B;is at the evacuation site
1679.27,3,evacueeManager,,OFF SHIP: White;0;Green;270;Yellow;44;Red;11;Black;175;ON SHIP: White;0;Green;0;Yellow;0;Red;0;Evacuees to Transfer;
1679.27,789,evacuee,outES,Evacuee 473 in triage category Y is not assigned a helicopter
1679.27,789,evacuee,,Evacuee;473;in triage state;R;is at the evacuation site
1681.94,3,evacueeManager,,OFF SHIP: White;0;Green;270;Yellow;43;Red;12;Black;175;ON SHIP: White;0;Green;0;Yellow;0;Red;0;Evacuees to Transfer;
1681.94,486,evacuee,outES,Evacuee 432 in triage category Y is not assigned a helicopter
1681.94,486,evacuee,,Evacuee;432;in triage state;R;is at the evacuation site
1688.95,3,evacueeManager,,OFF SHIP: White;0;Green;270;Yellow;43;Red;11;Black;176;ON SHIP: White;0;Green;0;Yellow;0;Red;0;Evacuees to Transfer;
1688.95,53,evacuee,outES,Evacuee 471 in triage category R is not assigned a helicopter
1688.95,53,evacuee,,Evacuee;471;in triage state;B;is at the evacuation site
1689.43,3,evacueeManager,,OFF SHIP: White;0;Green;269;Yellow;44;Red;11;Black;176;ON SHIP: White;0;Green;0;Yellow;0;Red;0;Evacuees to Transfer;
1689.43,1240,evacuee,outES,Evacuee 28 in triage category G is not assigned a helicopter
1689.43,1240,evacuee,,Evacuee;28;in triage state;Y;is at the evacuation site
1689.92,3,evacueeManager,,OFF SHIP: White;0;Green;268;Yellow;45;Red;11;Black;176;ON SHIP: White;0;Green;0;Yellow;0;Red;0;Evacuees to Transfer;
1689.92,723,evacuee,outES,Evacuee 17 in triage category G is not assigned a helicopter
1689.92,723,evacuee,,Evacuee;17;in triage state;Y;is at the evacuation site
1693.38,3,evacueeManager,,OFF SHIP: White;0;Green;267;Yellow;46;Red;11;Black;176;ON SHIP: White;0;Green;0;Yellow;0;Red;0;Evacuees to Transfer;
1693.38,131,evacuee,outES,Evacuee 422 in triage category G is not assigned a helicopter
1693.38,131,evacuee,,Evacuee;422;in triage state;Y;is at the evacuation site
1694.39,3,evacueeManager,,OFF SHIP: White;0;Green;267;Yellow;46;Red;10;Black;177;ON SHIP: White;0;Green;0;Yellow;0;Red;0;Evacuees to Transfer;
1694.39,648,evacuee,outES,Evacuee 98 in triage category R is not assigned a helicopter
1694.39,648,evacuee,,Evacuee;98;in triage state;B;is at the evacuation site
1695.86,3,evacueeManager,,OFF SHIP: White;0;Green;266;Yellow;47;Red;10;Black;177;ON SHIP: White;0;Green;0;Yellow;0;Red;0;Evacuees to Transfer;
1695.86,576,evacuee,outES,Evacuee 101 in triage category G is not assigned a helicopter
1695.86,576,evacuee,,Evacuee;101;in triage state;Y;is at the evacuation site
1700.22,3,evacueeManager,,OFF SHIP: White;0;Green;265;Yellow;48;Red;10;Black;177;ON SHIP: White;0;Green;0;Yellow;0;Red;0;Evacuees to Transfer;
1700.22,870,evacuee,outES,Evacuee 368 in triage category G is not assigned a helicopter
1700.22,870,evacuee,,Evacuee;368;in triage state;Y;is at the evacuation site
1701.18,3,evacueeManager,,OFF SHIP: White;0;Green;265;Yellow;47;Red;11;Black;177;ON SHIP: White;0;Green;0;Yellow;0;Red;0;Evacuees to Transfer;
1701.18,1240,evacuee,outES,Evacuee 28 in triage category Y is not assigned a helicopter
1701.18,1240,evacuee,,Evacuee;28;in triage state;R;is at the evacuation site
1705.31,3,evacueeManager,,OFF SHIP: White;0;Green;265;Yellow;47;Red;10;Black;178;ON SHIP: White;0;Green;0;Yellow;0;Red;0;Evacuees to Transfer;
1705.31,495,evacuee,outES,Evacuee 118 in triage category R is not assigned a helicopter
1705.31,495,evacuee,,Evacuee;118;in triage state;B;is at the evacuation site
1711.02,3,evacueeManager,,OFF SHIP: White;0;Green;265;Yellow;47;Red;9;Black;179;ON SHIP: White;0;Green;0;Yellow;0;Red;0;Evacuees to Transfer;
1711.02,486,evacuee,outES,Evacuee 432 in triage category R is not assigned a helicopter
1711.02,486,evacuee,,Evacuee;432;in triage state;B;is at the evacuation site
1711.25,3,evacueeManager,,OFF SHIP: White;0;Green;265;Yellow;47;Red;8;Black;180;ON SHIP: White;0;Green;0;Yellow;0;Red;0;Evacuees to Transfer;
1711.25,645,evacuee,outES,Evacuee 115 in triage category R is not assigned a helicopter
1711.25,645,evacuee,,Evacuee;115;in triage state;B;is at the evacuation site
1711.56,3,evacueeManager,,OFF SHIP: White;0;Green;265;Yellow;47;Red;7;Black;181;ON SHIP: White;0;Green;0;Yellow;0;Red;0;Evacuees to Transfer;
1711.56,264,evacuee,outES,Evacuee 341 in triage category R is not assigned a helicopter
1711.56,264,evacuee,,Evacuee;341;in triage state;B;is at the evacuation site
1711.66,3,evacueeManager,,OFF SHIP: White;0;Green;265;Yellow;46;Red;8;Black;181;ON SHIP: White;0;Green;0;Yellow;0;Red;0;Evacuees to Transfer;
1711.66,792,evacuee,outES,Evacuee 400 in triage category Y is not assigned a helicopter
1711.66,792,evacuee,,Evacuee;400;in triage state;R;is at the evacuation site
1718.13,3,evacueeManager,,OFF SHIP: White;0;Green;264;Yellow;47;Red;8;Black;181;ON SHIP: White;0;Green;0;Yellow;0;Red;0;Evacuees to Transfer;
1718.13,429,evacuee,outES,Evacuee 301 in triage category G is not assigned a helicopter
1718.13,429,evacuee,,Evacuee;301;in triage state;Y;is at the evacuation site
1718.73,3,evacueeManager,,OFF SHIP: White;0;Green;263;Yellow;48;Red;8;Black;181;ON SHIP: White;0;Green;0;Yellow;0;Red;0;Evacuees to Transfer;
1718.73,1017,evacuee,outES,Evacuee 255 in triage category G is not assigned a helicopter
1718.73,1017,evacuee,,Evacuee;255;in triage state;Y;is at the evacuation site
1720.91,3,evacueeManager,,OFF SHIP: White;0;Green;263;Yellow;48;Red;7;Black;182;ON SHIP: White;0;Green;0;Yellow;0;Red;0;Evacuees to Transfer;
1720.91,792,evacuee,outES,Evacuee 400 in triage category R is not assigned a helicopter
1720.91,792,evacuee,,Evacuee;400;in triage state;B;is at the evacuation site
1721.13,3,evacueeManager,,OFF SHIP: White;0;Green;262;Yellow;49;Red;7;Black;182;ON SHIP: White;0;Green;0;Yellow;0;Red;0;Evacuees to Transfer;
1721.13,354,evacuee,outES,Evacuee 352 in triage category G is not assigned a helicopter
1721.13,354,evacuee,,Evacuee;352;in triage state;Y;is at the evacuation site
1723.86,3,evacueeManager,,OFF SHIP: White;0;Green;262;Yellow;49;Red;6;Black;183;ON SHIP: White;0;Green;0;Yellow;0;Red;0;Evacuees to Transfer;
1723.86,720,evacuee,outES,Evacuee 474 in triage category R is not assigned a helicopter
1723.86,720,evacuee,,Evacuee;474;in triage state;B;is at the evacuation site
1732.96,3,evacueeManager,,OFF SHIP: White;0;Green;262;Yellow;48;Red;7;Black;183;ON SHIP: White;0;Green;0;Yellow;0;Red;0;Evacuees to Transfer;
1732.96,867,evacuee,outES,Evacuee 54 in triage category Y is not assigned a helicopter
1732.96,867,evacuee,,Evacuee;54;in triage state;R;is at the evacuation site
1746.95,3,evacueeManager,,OFF SHIP: White;0;Green;262;Yellow;47;Red;8;Black;183;ON SHIP: White;0;Green;0;Yellow;0;Red;0;Evacuees to Transfer;
1746.95,1312,evacuee,outES,Evacuee 232 in triage category Y is not assigned a helicopter
1746.95,1312,evacuee,,Evacuee;232;in triage state;R;is at the evacuation site
1753.34,3,evacueeManager,,OFF SHIP: White;0;Green;262;Yellow;46;Red;9;Black;183;ON SHIP: White;0;Green;0;Yellow;0;Red;0;Evacuees to Transfer;
1753.34,426,evacuee,outES,Evacuee 337 in triage category Y is not assigned a helicopter
1753.34,426,evacuee,,Evacuee;337;in triage state;R;is at the evacuation site
1758.04,3,evacueeManager,,OFF SHIP: White;0;Green;261;Yellow;47;Red;9;Black;183;ON SHIP: White;0;Green;0;Yellow;0;Red;0;Evacuees to Transfer;
1758.04,1168,evacuee,outES,Evacuee 385 in triage category G is not assigned a helicopter
1758.04,1168,evacuee,,Evacuee;385;in triage state;Y;is at the evacuation site
1759.56,3,evacueeManager,,OFF SHIP: White;0;Green;261;Yellow;47;Red;8;Black;184;ON SHIP: White;0;Green;0;Yellow;0;Red;0;Evacuees to Transfer;
1759.56,939,evacuee,outES,Evacuee 343 in triage category R is not assigned a helicopter
1759.56,939,evacuee,,Evacuee;343;in triage state;B;is at the evacuation site
1759.59,3,evacueeManager,,OFF SHIP: White;0;Green;261;Yellow;46;Red;9;Black;184;ON SHIP: White;0;Green;0;Yellow;0;Red;0;Evacuees to Transfer;
1759.59,576,evacuee,outES,Evacuee 101 in triage category Y is not assigned a helicopter
1759.59,576,evacuee,,Evacuee;101;in triage state;R;is at the evacuation site
1762.83,3,evacueeManager,,OFF SHIP: White;0;Green;261;Yellow;45;Red;10;Black;184;ON SHIP: White;0;Green;0;Yellow;0;Red;0;Evacuees to Transfer;
1762.83,131,evacuee,outES,Evacuee 422 in triage category Y is not assigned a helicopter
1762.83,131,evacuee,,Evacuee;422;in triage state;R;is at the evacuation site
1763.9,3,evacueeManager,,OFF SHIP: White;0;Green;261;Yellow;44;Red;11;Black;184;ON SHIP: White;0;Green;0;Yellow;0;Red;0;Evacuees to Transfer;
1763.9,723,evacuee,outES,Evacuee 17 in triage category Y is not assigned a helicopter
1763.9,723,evacuee,,Evacuee;17;in triage state;R;is at the evacuation site
1764.43,3,evacueeManager,,OFF SHIP: White;0;Green;260;Yellow;45;Red;11;Black;184;ON SHIP: White;0;Green;0;Yellow;0;Red;0;Evacuees to Transfer;
1764.43,1315,evacuee,outES,Evacuee 183 in triage category G is not assigned a helicopter
1764.43,1315,evacuee,,Evacuee;183;in triage state;Y;is at the evacuation site
1769.1,3,evacueeManager,,OFF SHIP: White;0;Green;259;Yellow;46;Red;11;Black;184;ON SHIP: White;0;Green;0;Yellow;0;Red;0;Evacuees to Transfer;
1769.1,798,evacuee,outES,Evacuee 100 in triage category G is not assigned a helicopter
1769.1,798,evacuee,,Evacuee;100;in triage state;Y;is at the evacuation site
1770.93,3,evacueeManager,,OFF SHIP: White;0;Green;259;Yellow;46;Red;10;Black;185;ON SHIP: White;0;Green;0;Yellow;0;Red;0;Evacuees to Transfer;
1770.93,867,evacuee,outES,Evacuee 54 in triage category R is not assigned a helicopter
1770.93,867,evacuee,,Evacuee;54;in triage state;B;is at the evacuation site
1771.03,3,evacueeManager,,OFF SHIP: White;0;Green;258;Yellow;47;Red;10;Black;185;ON SHIP: White;0;Green;0;Yellow;0;Red;0;Evacuees to Transfer;
1771.03,651,evacuee,outES,Evacuee 356 in triage category G is not assigned a helicopter
1771.03,651,evacuee,,Evacuee;356;in triage state;Y;is at the evacuation site
1771.35,3,evacueeManager,,OFF SHIP: White;0;Green;258;Yellow;46;Red;11;Black;185;ON SHIP: White;0;Green;0;Yellow;0;Red;0;Evacuees to Transfer;
1771.35,993,evacuee,outES,Evacuee 68 in triage category Y is not assigned a helicopter
1771.35,993,evacuee,,Evacuee;68;in triage state;R;is at the evacuation site
1772.96,3,evacueeManager,,OFF SHIP: White;0;Green;257;Yellow;47;Red;11;Black;185;ON SHIP: White;0;Green;0;Yellow;0;Red;0;Evacuees to Transfer;
1772.96,504,evacuee,outES,Evacuee 470 in triage category G is not assigned a helicopter
1772.96,504,evacuee,,Evacuee;470;in triage state;Y;is at the evacuation site
1774.94,3,evacueeManager,,OFF SHIP: White;0;Green;257;Yellow;46;Red;12;Black;185;ON SHIP: White;0;Green;0;Yellow;0;Red;0;Evacuees to Transfer;
1774.94,1089,evacuee,outES,Evacuee 55 in triage category Y is not assigned a helicopter
1774.94,1089,evacuee,,Evacuee;55;in triage state;R;is at the evacuation site
1778.53,3,evacueeManager,,OFF SHIP: White;0;Green;257;Yellow;46;Red;11;Black;186;ON SHIP: White;0;Green;0;Yellow;0;Red;0;Evacuees to Transfer;
1778.53,131,evacuee,outES,Evacuee 422 in triage category R is not assigned a helicopter
1778.53,131,evacuee,,Evacuee;422;in triage state;B;is at the evacuation site
1778.71,3,evacueeManager,,OFF SHIP: White;0;Green;257;Yellow;45;Red;12;Black;186;ON SHIP: White;0;Green;0;Yellow;0;Red;0;Evacuees to Transfer;
1778.71,1459,evacuee,outES,Evacuee 236 in triage category Y is not assigned a helicopter
1778.71,1459,evacuee,,Evacuee;236;in triage state;R;is at the evacuation site
1779.17,3,evacueeManager,,OFF SHIP: White;0;Green;256;Yellow;46;Red;12;Black;186;ON SHIP: White;0;Green;0;Yellow;0;Red;0;Evacuees to Transfer;
1779.17,1462,evacuee,outES,Evacuee 7 in triage category G is not assigned a helicopter
1779.17,1462,evacuee,,Evacuee;7;in triage state;Y;is at the evacuation site
1779.63,3,evacueeManager,,OFF SHIP: White;0;Green;256;Yellow;45;Red;13;Black;186;ON SHIP: White;0;Green;0;Yellow;0;Red;0;Evacuees to Transfer;
1779.63,504,evacuee,outES,Evacuee 470 in triage category Y is not assigned a helicopter
1779.63,504,evacuee,,Evacuee;470;in triage state;R;is at the evacuation site
1780.36,3,evacueeManager,,OFF SHIP: White;0;Green;256;Yellow;45;Red;12;Black;187;ON SHIP: White;0;Green;0;Yellow;0;Red;0;Evacuees to Transfer;
1780.36,1240,evacuee,outES,Evacuee 28 in triage category R is not assigned a helicopter
1780.36,1240,evacuee,,Evacuee;28;in triage state;B;is at the evacuation site
1781.79,3,evacueeManager,,OFF SHIP: White;0;Green;256;Yellow;45;Red;11;Black;188;ON SHIP: White;0;Green;0;Yellow;0;Red;0;Evacuees to Transfer;
1781.79,426,evacuee,outES,Evacuee 337 in triage category R is not assigned a helicopter
1781.79,426,evacuee,,Evacuee;337;in triage state;B;is at the evacuation site
1786.19,3,evacueeManager,,OFF SHIP: White;0;Green;256;Yellow;44;Red;12;Black;188;ON SHIP: White;0;Green;0;Yellow;0;Red;0;Evacuees to Transfer;
1786.19,1017,evacuee,outES,Evacuee 255 in triage category Y is not assigned a helicopter
1786.19,1017,evacuee,,Evacuee;255;in triage state;R;is at the evacuation site
1788.66,3,evacueeManager,,OFF SHIP: White;0;Green;256;Yellow;44;Red;11;Black;189;ON SHIP: White;0;Green;0;Yellow;0;Red;0;Evacuees to Transfer;
1788.66,1231,evacuee,outES,Evacuee 123 in triage category R is not assigned a helicopter
1788.66,1231,evacuee,,Evacuee;123;in triage state;B;is at the evacuation site
1795.02,3,evacueeManager,,OFF SHIP: White;0;Green;256;Yellow;44;Red;10;Black;190;ON SHIP: White;0;Green;0;Yellow;0;Red;0;Evacuees to Transfer;
1795.02,504,evacuee,outES,Evacuee 470 in triage category R is not assigned a helicopter
1795.02,504,evacuee,,Evacuee;470;in triage state;B;is at the evacuation site
1798.17,3,evacueeManager,,OFF SHIP: White;0;Green;256;Yellow;43;Red;11;Black;190;ON SHIP: White;0;Green;0;Yellow;0;Red;0;Evacuees to Transfer;
1798.17,777,evacuee,outES,Evacuee 110 in triage category Y is not assigned a helicopter
1798.17,777,evacuee,,Evacuee;110;in triage state;R;is at the evacuation site
1802.99,3,evacueeManager,,OFF SHIP: White;0;Green;256;Yellow;42;Red;12;Black;190;ON SHIP: White;0;Green;0;Yellow;0;Red;0;Evacuees to Transfer;
1802.99,1384,evacuee,outES,Evacuee 275 in triage category Y is not assigned a helicopter
1802.99,1384,evacuee,,Evacuee;275;in triage state;R;is at the evacuation site
1810.48,3,evacueeManager,,OFF SHIP: White;0;Green;256;Yellow;41;Red;13;Black;190;ON SHIP: White;0;Green;0;Yellow;0;Red;0;Evacuees to Transfer;
1810.48,200,evacuee,outES,Evacuee 379 in triage category Y is not assigned a helicopter
1810.48,200,evacuee,,Evacuee;379;in triage state;R;is at the evacuation site
1818.18,3,evacueeManager,,OFF SHIP: White;0;Green;256;Yellow;41;Red;12;Black;191;ON SHIP: White;0;Green;0;Yellow;0;Red;0;Evacuees to Transfer;
1818.18,1456,evacuee,outES,Evacuee 233 in triage category R is not assigned a helicopter
1818.18,1456,evacuee,,Evacuee;233;in triage state;B;is at the evacuation site
1820.43,3,evacueeManager,,OFF SHIP: White;0;Green;256;Yellow;40;Red;13;Black;191;ON SHIP: White;0;Green;0;Yellow;0;Red;0;Evacuees to Transfer;
1820.43,561,evacuee,outES,Evacuee 124 in triage category Y is not assigned a helicopter
1820.43,561,evacuee,,Evacuee;124;in triage state;R;is at the evacuation site
1820.64,3,evacueeManager,,OFF SHIP: White;0;Green;256;Yellow;40;Red;12;Black;192;ON SHIP: White;0;Green;0;Yellow;0;Red;0;Evacuees to Transfer;
1820.64,1017,evacuee,outES,Evacuee 255 in triage category R is not assigned a helicopter
1820.64,1017,evacuee,,Evacuee;255;in triage state;B;is at the evacuation site
1820.71,3,evacueeManager,,OFF SHIP: White;0;Green;256;Yellow;39;Red;13;Black;192;ON SHIP: White;0;Green;0;Yellow;0;Red;0;Evacuees to Transfer;
1820.71,1168,evacuee,outES,Evacuee 385 in triage category Y is not assigned a helicopter
1820.71,1168,evacuee,,Evacuee;385;in triage state;R;is at the evacuation site
1820.85,3,evacueeManager,,OFF SHIP: White;0;Green;256;Yellow;39;Red;12;Black;193;ON SHIP: White;0;Green;0;Yellow;0;Red;0;Evacuees to Transfer;
1820.85,789,evacuee,outES,Evacuee 473 in triage category R is not assigned a helicopter
1820.85,789,evacuee,,Evacuee;473;in triage state;B;is at the evacuation site
1821.83,3,evacueeManager,,OFF SHIP: White;0;Green;256;Yellow;39;Red;11;Black;194;ON SHIP: White;0;Green;0;Yellow;0;Red;0;Evacuees to Transfer;
1821.83,1219,evacuee,outES,Evacuee 222 in triage category R is not assigned a helicopter
1821.83,1219,evacuee,,Evacuee;222;in triage state;B;is at the evacuation site
1822.4,3,evacueeManager,,OFF SHIP: White;0;Green;256;Yellow;38;Red;12;Black;194;ON SHIP: White;0;Green;0;Yellow;0;Red;0;Evacuees to Transfer;
1822.4,273,evacuee,outES,Evacuee 335 in triage category Y is not assigned a helicopter
1822.4,273,evacuee,,Evacuee;335;in triage state;R;is at the evacuation site
1823.15,3,evacueeManager,,OFF SHIP: White;0;Green;255;Yellow;39;Red;12;Black;194;ON SHIP: White;0;Green;0;Yellow;0;Red;0;Evacuees to Transfer;
1823.15,206,evacuee,outES,Evacuee 377 in triage category G is not assigned a helicopter
1823.15,206,evacuee,,Evacuee;377;in triage state;Y;is at the evacuation site
1825.84,3,evacueeManager,,OFF SHIP: White;0;Green;255;Yellow;38;Red;13;Black;194;ON SHIP: White;0;Green;0;Yellow;0;Red;0;Evacuees to Transfer;
1825.84,1086,evacuee,outES,Evacuee 388 in triage category Y is not assigned a helicopter
1825.84,1086,evacuee,,Evacuee;388;in triage state;R;is at the evacuation site
1825.96,3,evacueeManager,,OFF SHIP: White;0;Green;255;Yellow;38;Red;12;Black;195;ON SHIP: White;0;Green;0;Yellow;0;Red;0;Evacuees to Transfer;
1825.96,1384,evacuee,outES,Evacuee 275 in triage category R is not assigned a helicopter
1825.96,1384,evacuee,,Evacuee;275;in triage state;B;is at the evacuation site
1841.66,3,evacueeManager,,OFF SHIP: White;0;Green;255;Yellow;38;Red;11;Black;196;ON SHIP: White;0;Green;0;Yellow;0;Red;0;Evacuees to Transfer;
1841.66,273,evacuee,outES,Evacuee 335 in triage category R is not assigned a helicopter
1841.66,273,evacuee,,Evacuee;335;in triage state;B;is at the evacuation site
1842.92,3,evacueeManager,,OFF SHIP: White;0;Green;255;Yellow;37;Red;12;Black;196;ON SHIP: White;0;Green;0;Yellow;0;Red;0;Evacuees to Transfer;
1842.92,714,evacuee,outES,Evacuee 135 in triage category Y is not assigned a helicopter
1842.92,714,evacuee,,Evacuee;135;in triage state;R;is at the evacuation site
1843.07,3,evacueeManager,,OFF SHIP: White;0;Green;255;Yellow;36;Red;13;Black;196;ON SHIP: White;0;Green;0;Yellow;0;Red;0;Evacuees to Transfer;
1843.07,203,evacuee,outES,Evacuee 378 in triage category Y is not assigned a helicopter
1843.07,203,evacuee,,Evacuee;378;in triage state;R;is at the evacuation site
1843.1,3,evacueeManager,,OFF SHIP: White;0;Green;254;Yellow;37;Red;13;Black;196;ON SHIP: White;0;Green;0;Yellow;0;Red;0;Evacuees to Transfer;
1843.1,945,evacuee,outES,Evacuee 418 in triage category G is not assigned a helicopter
1843.1,945,evacuee,,Evacuee;418;in triage state;Y;is at the evacuation site
1844,3,evacueeManager,,OFF SHIP: White;0;Green;254;Yellow;37;Red;12;Black;197;ON SHIP: White;0;Green;0;Yellow;0;Red;0;Evacuees to Transfer;
1844,203,evacuee,outES,Evacuee 378 in triage category R is not assigned a helicopter
1844,203,evacuee,,Evacuee;378;in triage state;B;is at the evacuation site
1857.89,3,evacueeManager,,OFF SHIP: White;0;Green;254;Yellow;37;Red;11;Black;198;ON SHIP: White;0;Green;0;Yellow;0;Red;0;Evacuees to Transfer;
1857.89,200,evacuee,outES,Evacuee 379 in triage category R is not assigned a helicopter
1857.89,200,evacuee,,Evacuee;379;in triage state;B;is at the evacuation site
1858.26,3,evacueeManager,,OFF SHIP: White;0;Green;253;Yellow;38;Red;11;Black;198;ON SHIP: White;0;Green;0;Yellow;0;Red;0;Evacuees to Transfer;
1858.26,1092,evacuee,outES,Evacuee 48 in triage category G is not assigned a helicopter
1858.26,1092,evacuee,,Evacuee;48;in triage state;Y;is at the evacuation site
1858.46,3,evacueeManager,,OFF SHIP: White;0;Green;252;Yellow;39;Red;11;Black;198;ON SHIP: White;0;Green;0;Yellow;0;Red;0;Evacuees to Transfer;
1858.46,282,evacuee,outES,Evacuee 330 in triage category G is not assigned a helicopter
1858.46,282,evacuee,,Evacuee;330;in triage state;Y;is at the evacuation site
1858.81,3,evacueeManager,,OFF SHIP: White;0;Green;252;Yellow;39;Red;10;Black;199;ON SHIP: White;0;Green;0;Yellow;0;Red;0;Evacuees to Transfer;
1858.81,1089,evacuee,outES,Evacuee 55 in triage category R is not assigned a helicopter
1858.81,1089,evacuee,,Evacuee;55;in triage state;B;is at the evacuation site
1859.18,3,evacueeManager,,OFF SHIP: White;0;Green;252;Yellow;38;Red;11;Black;199;ON SHIP: White;0;Green;0;Yellow;0;Red;0;Evacuees to Transfer;
1859.18,194,evacuee,outES,Evacuee 427 in triage category Y is not assigned a helicopter
1859.18,194,evacuee,,Evacuee;427;in triage state;R;is at the evacuation site
1862.82,3,evacueeManager,,OFF SHIP: White;0;Green;252;Yellow;38;Red;10;Black;200;ON SHIP: White;0;Green;0;Yellow;0;Red;0;Evacuees to Transfer;
1862.82,777,evacuee,outES,Evacuee 110 in triage category R is not assigned a helicopter
1862.82,777,evacuee,,Evacuee;110;in triage state;B;is at the evacuation site
1866.87,3,evacueeManager,,OFF SHIP: White;0;Green;252;Yellow;38;Red;9;Black;201;ON SHIP: White;0;Green;0;Yellow;0;Red;0;Evacuees to Transfer;
1866.87,1312,evacuee,outES,Evacuee 232 in triage category R is not assigned a helicopter
1866.87,1312,evacuee,,Evacuee;232;in triage state;B;is at the evacuation site
1877.89,3,evacueeManager,,OFF SHIP: White;0;Green;252;Yellow;37;Red;10;Black;201;ON SHIP: White;0;Green;0;Yellow;0;Red;0;Evacuees to Transfer;
1877.89,405,evacuee,outES,Evacuee 333 in triage category Y is not assigned a helicopter
1877.89,405,evacuee,,Evacuee;333;in triage state;R;is at the evacuation site
1879.72,3,evacueeManager,,OFF SHIP: White;0;Green;252;Yellow;36;Red;11;Black;201;ON SHIP: White;0;Green;0;Yellow;0;Red;0;Evacuees to Transfer;
1879.72,423,evacuee,outES,Evacuee 273 in triage category Y is not assigned a helicopter
1879.72,423,evacuee,,Evacuee;273;in triage state;R;is at the evacuation site
1880.88,3,evacueeManager,,OFF SHIP: White;0;Green;251;Yellow;37;Red;11;Black;201;ON SHIP: White;0;Green;0;Yellow;0;Red;0;Evacuees to Transfer;
1880.88,59,evacuee,outES,Evacuee 463 in triage category G is not assigned a helicopter
1880.88,59,evacuee,,Evacuee;463;in triage state;Y;is at the evacuation site
1892.49,3,evacueeManager,,OFF SHIP: White;0;Green;251;Yellow;37;Red;10;Black;202;ON SHIP: White;0;Green;0;Yellow;0;Red;0;Evacuees to Transfer;
1892.49,561,evacuee,outES,Evacuee 124 in triage category R is not assigned a helicopter
1892.49,561,evacuee,,Evacuee;124;in triage state;B;is at the evacuation site
1897.02,3,evacueeManager,,OFF SHIP: White;0;Green;251;Yellow;36;Red;11;Black;202;ON SHIP: White;0;Green;0;Yellow;0;Red;0;Evacuees to Transfer;
1897.02,870,evacuee,outES,Evacuee 368 in triage category Y is not assigned a helicopter
1897.02,870,evacuee,,Evacuee;368;in triage state;R;is at the evacuation site
1901.87,3,evacueeManager,,OFF SHIP: White;0;Green;250;Yellow;37;Red;11;Black;202;ON SHIP: White;0;Green;0;Yellow;0;Red;0;Evacuees to Transfer;
1901.87,1390,evacuee,outES,Evacuee 323 in triage category G is not assigned a helicopter
1901.87,1390,evacuee,,Evacuee;323;in triage state;Y;is at the evacuation site
1906.04,3,evacueeManager,,OFF SHIP: White;0;Green;250;Yellow;37;Red;10;Black;203;ON SHIP: White;0;Green;0;Yellow;0;Red;0;Evacuees to Transfer;
1906.04,723,evacuee,outES,Evacuee 17 in triage category R is not assigned a helicopter
1906.04,723,evacuee,,Evacuee;17;in triage state;B;is at the evacuation site
1908.26,3,evacueeManager,,OFF SHIP: White;0;Green;249;Yellow;38;Red;10;Black;203;ON SHIP: White;0;Green;0;Yellow;0;Red;0;Evacuees to Transfer;
1908.26,1243,evacuee,outES,Evacuee 126 in triage category G is not assigned a helicopter
1908.26,1243,evacuee,,Evacuee;126;in triage state;Y;is at the evacuation site
1910.82,3,evacueeManager,,OFF SHIP: White;0;Green;248;Yellow;39;Red;10;Black;203;ON SHIP: White;0;Green;0;Yellow;0;Red;0;Evacuees to Transfer;
1910.82,579,evacuee,outES,Evacuee 142 in triage category G is not assigned a helicopter
1910.82,579,evacuee,,Evacuee;142;in triage state;Y;is at the evacuation site
1912.53,3,evacueeManager,,OFF SHIP: White;0;Green;247;Yellow;40;Red;10;Black;203;ON SHIP: White;0;Green;0;Yellow;0;Red;0;Evacuees to Transfer;
1912.53,134,evacuee,outES,Evacuee 409 in triage category G is not assigned a helicopter
1912.53,134,evacuee,,Evacuee;409;in triage state;Y;is at the evacuation site
1915.96,3,evacueeManager,,OFF SHIP: White;0;Green;247;Yellow;39;Red;11;Black;203;ON SHIP: White;0;Green;0;Yellow;0;Red;0;Evacuees to Transfer;
1915.96,642,evacuee,outES,Evacuee 79 in triage category Y is not assigned a helicopter
1915.96,642,evacuee,,Evacuee;79;in triage state;R;is at the evacuation site
1933.65,3,evacueeManager,,OFF SHIP: White;0;Green;246;Yellow;40;Red;11;Black;203;ON SHIP: White;0;Green;0;Yellow;0;Red;0;Evacuees to Transfer;
1933.65,357,evacuee,outES,Evacuee 293 in triage category G is not assigned a helicopter
1933.65,357,evacuee,,Evacuee;293;in triage state;Y;is at the evacuation site
1938.08,3,evacueeManager,,OFF SHIP: White;0;Green;246;Yellow;40;Red;10;Black;204;ON SHIP: White;0;Green;0;Yellow;0;Red;0;Evacuees to Transfer;
1938.08,1459,evacuee,outES,Evacuee 236 in triage category R is not assigned a helicopter
1938.08,1459,evacuee,,Evacuee;236;in triage state;B;is at the evacuation site
1939.25,3,evacueeManager,,OFF SHIP: White;0;Green;245;Yellow;41;Red;10;Black;204;ON SHIP: White;0;Green;0;Yellow;0;Red;0;Evacuees to Transfer;
1939.25,432,evacuee,outES,Evacuee 272 in triage category G is not assigned a helicopter
1939.25,432,evacuee,,Evacuee;272;in triage state;Y;is at the evacuation site
1939.89,3,evacueeManager,,OFF SHIP: White;0;Green;244;Yellow;42;Red;10;Black;204;ON SHIP: White;0;Green;0;Yellow;0;Red;0;Evacuees to Transfer;
1939.89,1020,evacuee,outES,Evacuee 13 in triage category G is not assigned a helicopter
1939.89,1020,evacuee,,Evacuee;13;in triage state;Y;is at the evacuation site
1944.04,3,evacueeManager,,OFF SHIP: White;0;Green;244;Yellow;41;Red;11;Black;204;ON SHIP: White;0;Green;0;Yellow;0;Red;0;Evacuees to Transfer;
1944.04,128,evacuee,outES,Evacuee 411 in triage category Y is not assigned a helicopter
1944.04,128,evacuee,,Evacuee;411;in triage state;R;is at the evacuation site
1945.61,3,evacueeManager,,OFF SHIP: White;0;Green;244;Yellow;41;Red;10;Black;205;ON SHIP: White;0;Green;0;Yellow;0;Red;0;Evacuees to Transfer;
1945.61,423,evacuee,outES,Evacuee 273 in triage category R is not assigned a helicopter
1945.61,423,evacuee,,Evacuee;273;in triage state;B;is at the evacuation site
1945.83,3,evacueeManager,,OFF SHIP: White;0;Green;244;Yellow;41;Red;9;Black;206;ON SHIP: White;0;Green;0;Yellow;0;Red;0;Evacuees to Transfer;
1945.83,642,evacuee,outES,Evacuee 79 in triage category R is not assigned a helicopter
1945.83,642,evacuee,,Evacuee;79;in triage state;B;is at the evacuation site
1950.8,3,evacueeManager,,OFF SHIP: White;0;Green;243;Yellow;42;Red;9;Black;206;ON SHIP: White;0;Green;0;Yellow;0;Red;0;Evacuees to Transfer;
1950.8,873,evacuee,outES,Evacuee 4 in triage category G is not assigned a helicopter
1950.8,873,evacuee,,Evacuee;4;in triage state;Y;is at the evacuation site
1954.49,3,evacueeManager,,OFF SHIP: White;0;Green;243;Yellow;41;Red;10;Black;206;ON SHIP: White;0;Green;0;Yellow;0;Red;0;Evacuees to Transfer;
1954.49,351,evacuee,outES,Evacuee 295 in triage category Y is not assigned a helicopter
1954.49,351,evacuee,,Evacuee;295;in triage state;R;is at the evacuation site
1955.79,3,evacueeManager,,OFF SHIP: White;0;Green;243;Yellow;40;Red;11;Black;206;ON SHIP: White;0;Green;0;Yellow;0;Red;0;Evacuees to Transfer;
1955.79,1387,evacuee,outES,Evacuee 205 in triage category Y is not assigned a helicopter
1955.79,1387,evacuee,,Evacuee;205;in triage state;R;is at the evacuation site
1965.19,3,evacueeManager,,OFF SHIP: White;0;Green;243;Yellow;40;Red;10;Black;207;ON SHIP: White;0;Green;0;Yellow;0;Red;0;Evacuees to Transfer;
1965.19,576,evacuee,outES,Evacuee 101 in triage category R is not assigned a helicopter
1965.19,576,evacuee,,Evacuee;101;in triage state;B;is at the evacuation site
1968.47,3,evacueeManager,,OFF SHIP: White;0;Green;243;Yellow;39;Red;11;Black;207;ON SHIP: White;0;Green;0;Yellow;0;Red;0;Evacuees to Transfer;
1968.47,56,evacuee,outES,Evacuee 468 in triage category Y is not assigned a helicopter
1968.47,56,evacuee,,Evacuee;468;in triage state;R;is at the evacuation site
1969.89,3,evacueeManager,,OFF SHIP: White;0;Green;243;Yellow;38;Red;12;Black;207;ON SHIP: White;0;Green;0;Yellow;0;Red;0;Evacuees to Transfer;
1969.89,1020,evacuee,outES,Evacuee 13 in triage category Y is not assigned a helicopter
1969.89,1020,evacuee,,Evacuee;13;in triage state;R;is at the evacuation site
1970.15,3,evacueeManager,,OFF SHIP: White;0;Green;243;Yellow;38;Red;11;Black;208;ON SHIP: White;0;Green;0;Yellow;0;Red;0;Evacuees to Transfer;
1970.15,405,evacuee,outES,Evacuee 333 in triage category R is not assigned a helicopter
1970.15,405,evacuee,,Evacuee;333;in triage state;B;is at the evacuation site
1970.37,3,evacueeManager,,OFF SHIP: White;0;Green;243;Yellow;38;Red;10;Black;209;ON SHIP: White;0;Green;0;Yellow;0;Red;0;Evacuees to Transfer;
1970.37,993,evacuee,outES,Evacuee 68 in triage category R is not assigned a helicopter
1970.37,993,evacuee,,Evacuee;68;in triage state;B;is at the evacuation site
1973.32,3,evacueeManager,,OFF SHIP: White;0;Green;243;Yellow;38;Red;9;Black;210;ON SHIP: White;0;Green;0;Yellow;0;Red;0;Evacuees to Transfer;
1973.32,351,evacuee,outES,Evacuee 295 in triage category R is not assigned a helicopter
1973.32,351,evacuee,,Evacuee;295;in triage state;B;is at the evacuation site
1977.88,3,evacueeManager,,OFF SHIP: White;0;Green;242;Yellow;39;Red;9;Black;210;ON SHIP: White;0;Green;0;Yellow;0;Red;0;Evacuees to Transfer;
1977.88,1171,evacuee,outES,Evacuee 181 in triage category G is not assigned a helicopter
1977.88,1171,evacuee,,Evacuee;181;in triage state;Y;is at the evacuation site
1982.9,3,evacueeManager,,OFF SHIP: White;0;Green;242;Yellow;38;Red;10;Black;210;ON SHIP: White;0;Green;0;Yellow;0;Red;0;Evacuees to Transfer;
1982.9,873,evacuee,outES,Evacuee 4 in triage category Y is not assigned a helicopter
1982.9,873,evacuee,,Evacuee;4;in triage state;R;is at the evacuation site
1984.77,3,evacueeManager,,OFF SHIP: White;0;Green;241;Yellow;39;Red;10;Black;210;ON SHIP: White;0;Green;0;Yellow;0;Red;0;Evacuees to Transfer;
1984.77,1318,evacuee,outES,Evacuee 184 in triage category G is not assigned a helicopter
1984.77,1318,evacuee,,Evacuee;184;in triage state;Y;is at the evacuation site
1990.15,3,evacueeManager,,OFF SHIP: White;0;Green;241;Yellow;38;Red;11;Black;210;ON SHIP: White;0;Green;0;Yellow;0;Red;0;Evacuees to Transfer;
1990.15,1162,evacuee,outES,Evacuee 465 in triage category Y is not assigned a helicopter
1990.15,1162,evacuee,,Evacuee;465;in triage state;R;is at the evacuation site
1996.69,3,evacueeManager,,OFF SHIP: White;0;Green;241;Yellow;37;Red;12;Black;210;ON SHIP: White;0;Green;0;Yellow;0;Red;0;Evacuees to Transfer;
1996.69,1390,evacuee,outES,Evacuee 323 in triage category Y is not assigned a helicopter
1996.69,1390,evacuee,,Evacuee;323;in triage state;R;is at the evacuation site
1997.9,3,evacueeManager,,OFF SHIP: White;0;Green;241;Yellow;36;Red;13;Black;210;ON SHIP: White;0;Green;0;Yellow;0;Red;0;Evacuees to Transfer;
1997.9,429,evacuee,outES,Evacuee 301 in triage category Y is not assigned a helicopter
1997.9,429,evacuee,,Evacuee;301;in triage state;R;is at the evacuation site
1999.83,3,evacueeManager,,OFF SHIP: White;0;Green;241;Yellow;36;Red;12;Black;211;ON SHIP: White;0;Green;0;Yellow;0;Red;0;Evacuees to Transfer;
1999.83,1387,evacuee,outES,Evacuee 205 in triage category R is not assigned a helicopter
1999.83,1387,evacuee,,Evacuee;205;in triage state;B;is at the evacuation site
2000.91,3,evacueeManager,,OFF SHIP: White;0;Green;240;Yellow;37;Red;12;Black;211;ON SHIP: White;0;Green;0;Yellow;0;Red;0;Evacuees to Transfer;
2000.91,654,evacuee,outES,Evacuee 78 in triage category G is not assigned a helicopter
2000.91,654,evacuee,,Evacuee;78;in triage state;Y;is at the evacuation site
2003.01,3,evacueeManager,,OFF SHIP: White;0;Green;239;Yellow;38;Red;12;Black;211;ON SHIP: White;0;Green;0;Yellow;0;Red;0;Evacuees to Transfer;
2003.01,507,evacuee,outES,Evacuee 469 in triage category G is not assigned a helicopter
2003.01,507,evacuee,,Evacuee;469;in triage state;Y;is at the evacuation site
2008.27,3,evacueeManager,,OFF SHIP: White;0;Green;239;Yellow;38;Red;11;Black;212;ON SHIP: White;0;Green;0;Yellow;0;Red;0;Evacuees to Transfer;
2008.27,714,evacuee,outES,Evacuee 135 in triage category R is not assigned a helicopter
2008.27,714,evacuee,,Evacuee;135;in triage state;B;is at the evacuation site
2008.47,3,evacueeManager,,OFF SHIP: White;0;Green;239;Yellow;38;Red;10;Black;213;ON SHIP: White;0;Green;0;Yellow;0;Red;0;Evacuees to Transfer;
2008.47,1390,evacuee,outES,Evacuee 323 in triage category R is not assigned a helicopter
2008.47,1390,evacuee,,Evacuee;323;in triage state;B;is at the evacuation site
2009.74,3,evacueeManager,,OFF SHIP: White;0;Green;238;Yellow;39;Red;10;Black;213;ON SHIP: White;0;Green;0;Yellow;0;Red;0;Evacuees to Transfer;
2009.74,1465,evacuee,outES,Evacuee 237 in triage category G is not assigned a helicopter
2009.74,1465,evacuee,,Evacuee;237;in triage state;Y;is at the evacuation site
2010.07,3,evacueeManager,,OFF SHIP: White;0;Green;238;Yellow;39;Red;9;Black;214;ON SHIP: White;0;Green;0;Yellow;0;Red;0;Evacuees to Transfer;
2010.07,870,evacuee,outES,Evacuee 368 in triage category R is not assigned a helicopter
2010.07,870,evacuee,,Evacuee;368;in triage state;B;is at the evacuation site
2012.39,3,evacueeManager,,OFF SHIP: White;0;Green;237;Yellow;40;Red;9;Black;214;ON SHIP: White;0;Green;0;Yellow;0;Red;0;Evacuees to Transfer;
2012.39,801,evacuee,outES,Evacuee 29 in triage category G is not assigned a helicopter
2012.39,801,evacuee,,Evacuee;29;in triage state;Y;is at the evacuation site
2018.1,3,evacueeManager,,OFF SHIP: White;0;Green;237;Yellow;39;Red;10;Black;214;ON SHIP: White;0;Green;0;Yellow;0;Red;0;Evacuees to Transfer;
2018.1,1315,evacuee,outES,Evacuee 183 in triage category Y is not assigned a helicopter
2018.1,1315,evacuee,,Evacuee;183;in triage state;R;is at the evacuation site
2032.53,3,evacueeManager,,OFF SHIP: White;0;Green;237;Yellow;39;Red;9;Black;215;ON SHIP: White;0;Green;0;Yellow;0;Red;0;Evacuees to Transfer;
2032.53,128,evacuee,outES,Evacuee 411 in triage category R is not assigned a helicopter
2032.53,128,evacuee,,Evacuee;411;in triage state;B;is at the evacuation site
2040.55,3,evacueeManager,,OFF SHIP: White;0;Green;237;Yellow;39;Red;8;Black;216;ON SHIP: White;0;Green;0;Yellow;0;Red;0;Evacuees to Transfer;
2040.55,1315,evacuee,outES,Evacuee 183 in triage category R is not assigned a helicopter
2040.55,1315,evacuee,,Evacuee;183;in triage state;B;is at the evacuation site
2043.63,3,evacueeManager,,OFF SHIP: White;0;Green;236;Yellow;40;Red;8;Black;216;ON SHIP: White;0;Green;0;Yellow;0;Red;0;Evacuees to Transfer;
2043.63,209,evacuee,outES,Evacuee 375 in triage category G is not assigned a helicopter
2043.63,209,evacuee,,Evacuee;375;in triage state;Y;is at the evacuation site
2065.82,3,evacueeManager,,OFF SHIP: White;0;Green;236;Yellow;39;Red;9;Black;216;ON SHIP: White;0;Green;0;Yellow;0;Red;0;Evacuees to Transfer;
2065.82,798,evacuee,outES,Evacuee 100 in triage category Y is not assigned a helicopter
2065.82,798,evacuee,,Evacuee;100;in triage state;R;is at the evacuation site
2074.42,3,evacueeManager,,OFF SHIP: White;0;Green;235;Yellow;40;Red;9;Black;216;ON SHIP: White;0;Green;0;Yellow;0;Red;0;Evacuees to Transfer;
2074.42,948,evacuee,outES,Evacuee 75 in triage category G is not assigned a helicopter
2074.42,948,evacuee,,Evacuee;75;in triage state;Y;is at the evacuation site
2081.54,3,evacueeManager,,OFF SHIP: White;0;Green;234;Yellow;41;Red;9;Black;216;ON SHIP: White;0;Green;0;Yellow;0;Red;0;Evacuees to Transfer;
2081.54,1095,evacuee,outES,Evacuee 144 in triage category G is not assigned a helicopter
2081.54,1095,evacuee,,Evacuee;144;in triage state;Y;is at the evacuation site
2090.89,3,evacueeManager,,OFF SHIP: White;0;Green;234;Yellow;40;Red;10;Black;216;ON SHIP: White;0;Green;0;Yellow;0;Red;0;Evacuees to Transfer;
2090.89,507,evacuee,outES,Evacuee 469 in triage category Y is not assigned a helicopter
2090.89,507,evacuee,,Evacuee;469;in triage state;R;is at the evacuation site
2095.37,3,evacueeManager,,OFF SHIP: White;0;Green;234;Yellow;40;Red;9;Black;217;ON SHIP: White;0;Green;0;Yellow;0;Red;0;Evacuees to Transfer;
2095.37,429,evacuee,outES,Evacuee 301 in triage category R is not assigned a helicopter
2095.37,429,evacuee,,Evacuee;301;in triage state;B;is at the evacuation site
2096.3,3,evacueeManager,,OFF SHIP: White;0;Green;234;Yellow;39;Red;10;Black;217;ON SHIP: White;0;Green;0;Yellow;0;Red;0;Evacuees to Transfer;
2096.3,282,evacuee,outES,Evacuee 330 in triage category Y is not assigned a helicopter
2096.3,282,evacuee,,Evacuee;330;in triage state;R;is at the evacuation site
2100.41,3,evacueeManager,,OFF SHIP: White;0;Green;233;Yellow;40;Red;10;Black;217;ON SHIP: White;0;Green;0;Yellow;0;Red;0;Evacuees to Transfer;
2100.41,285,evacuee,outES,Evacuee 328 in triage category G is not assigned a helicopter
2100.41,285,evacuee,,Evacuee;328;in triage state;Y;is at the evacuation site
2101.16,3,evacueeManager,,OFF SHIP: White;0;Green;233;Yellow;40;Red;9;Black;218;ON SHIP: White;0;Green;0;Yellow;0;Red;0;Evacuees to Transfer;
2101.16,282,evacuee,outES,Evacuee 330 in triage category R is not assigned a helicopter
2101.16,282,evacuee,,Evacuee;330;in triage state;B;is at the evacuation site
2115.38,3,evacueeManager,,OFF SHIP: White;0;Green;232;Yellow;41;Red;9;Black;218;ON SHIP: White;0;Green;0;Yellow;0;Red;0;Evacuees to Transfer;
2115.38,62,evacuee,outES,Evacuee 462 in triage category G is not assigned a helicopter
2115.38,62,evacuee,,Evacuee;462;in triage state;Y;is at the evacuation site
2122.73,3,evacueeManager,,OFF SHIP: White;0;Green;232;Yellow;40;Red;10;Black;218;ON SHIP: White;0;Green;0;Yellow;0;Red;0;Evacuees to Transfer;
2122.73,209,evacuee,outES,Evacuee 375 in triage category Y is not assigned a helicopter
2122.73,209,evacuee,,Evacuee;375;in triage state;R;is at the evacuation site
2131.8,3,evacueeManager,,OFF SHIP: White;0;Green;232;Yellow;40;Red;9;Black;219;ON SHIP: White;0;Green;0;Yellow;0;Red;0;Evacuees to Transfer;
2131.8,56,evacuee,outES,Evacuee 468 in triage category R is not assigned a helicopter
2131.8,56,evacuee,,Evacuee;468;in triage state;B;is at the evacuation site
2136.12,3,evacueeManager,,OFF SHIP: White;0;Green;232;Yellow;40;Red;8;Black;220;ON SHIP: White;0;Green;0;Yellow;0;Red;0;Evacuees to Transfer;
2136.12,873,evacuee,outES,Evacuee 4 in triage category R is not assigned a helicopter
2136.12,873,evacuee,,Evacuee;4;in triage state;B;is at the evacuation site
2139.07,3,evacueeManager,,OFF SHIP: White;0;Green;232;Yellow;40;Red;7;Black;221;ON SHIP: White;0;Green;0;Yellow;0;Red;0;Evacuees to Transfer;
2139.07,194,evacuee,outES,Evacuee 427 in triage category R is not assigned a helicopter
2139.07,194,evacuee,,Evacuee;427;in triage state;B;is at the evacuation site
2140.37,3,evacueeManager,,OFF SHIP: White;0;Green;232;Yellow;40;Red;6;Black;222;ON SHIP: White;0;Green;0;Yellow;0;Red;0;Evacuees to Transfer;
2140.37,209,evacuee,outES,Evacuee 375 in triage category R is not assigned a helicopter
2140.37,209,evacuee,,Evacuee;375;in triage state;B;is at the evacuation site
2143.12,3,evacueeManager,,OFF SHIP: White;0;Green;232;Yellow;39;Red;7;Black;222;ON SHIP: White;0;Green;0;Yellow;0;Red;0;Evacuees to Transfer;
2143.12,1318,evacuee,outES,Evacuee 184 in triage category Y is not assigned a helicopter
2143.12,1318,evacuee,,Evacuee;184;in triage state;R;is at the evacuation site
2144.98,3,evacueeManager,,OFF SHIP: White;0;Green;231;Yellow;40;Red;7;Black;222;ON SHIP: White;0;Green;0;Yellow;0;Red;0;Evacuees to Transfer;
2144.98,137,evacuee,outES,Evacuee 408 in triage category G is not assigned a helicopter
2144.98,137,evacuee,,Evacuee;408;in triage state;Y;is at the evacuation site
2145.1,3,evacueeManager,,OFF SHIP: White;0;Green;230;Yellow;41;Red;7;Black;222;ON SHIP: White;0;Green;0;Yellow;0;Red;0;Evacuees to Transfer;
2145.1,1246,evacuee,outES,Evacuee 234 in triage category G is not assigned a helicopter
2145.1,1246,evacuee,,Evacuee;234;in triage state;Y;is at the evacuation site
2145.54,3,evacueeManager,,OFF SHIP: White;0;Green;230;Yellow;40;Red;8;Black;222;ON SHIP: White;0;Green;0;Yellow;0;Red;0;Evacuees to Transfer;
2145.54,1080,evacuee,outES,Evacuee 212 in triage category Y is not assigned a helicopter
2145.54,1080,evacuee,,Evacuee;212;in triage state;R;is at the evacuation site
2145.68,3,evacueeManager,,OFF SHIP: White;0;Green;229;Yellow;41;Red;8;Black;222;ON SHIP: White;0;Green;0;Yellow;0;Red;0;Evacuees to Transfer;
2145.68,729,evacuee,outES,Evacuee 179 in triage category G is not assigned a helicopter
2145.68,729,evacuee,,Evacuee;179;in triage state;Y;is at the evacuation site
2147.88,3,evacueeManager,,OFF SHIP: White;0;Green;228;Yellow;42;Red;8;Black;222;ON SHIP: White;0;Green;0;Yellow;0;Red;0;Evacuees to Transfer;
2147.88,582,evacuee,outES,Evacuee 99 in triage category G is not assigned a helicopter
2147.88,582,evacuee,,Evacuee;99;in triage state;Y;is at the evacuation site
2148.13,3,evacueeManager,,OFF SHIP: White;0;Green;228;Yellow;41;Red;9;Black;222;ON SHIP: White;0;Green;0;Yellow;0;Red;0;Evacuees to Transfer;
2148.13,267,evacuee,outES,Evacuee 340 in triage category Y is not assigned a helicopter
2148.13,267,evacuee,,Evacuee;340;in triage state;R;is at the evacuation site
2161.94,3,evacueeManager,,OFF SHIP: White;0;Green;227;Yellow;42;Red;9;Black;222;ON SHIP: White;0;Green;0;Yellow;0;Red;0;Evacuees to Transfer;
2161.94,1393,evacuee,outES,Evacuee 180 in triage category G is not assigned a helicopter
2161.94,1393,evacuee,,Evacuee;180;in triage state;Y;is at the evacuation site
2163.69,3,evacueeManager,,OFF SHIP: White;0;Green;227;Yellow;41;Red;10;Black;222;ON SHIP: White;0;Green;0;Yellow;0;Red;0;Evacuees to Transfer;
2163.69,651,evacuee,outES,Evacuee 356 in triage category Y is not assigned a helicopter
2163.69,651,evacuee,,Evacuee;356;in triage state;R;is at the evacuation site
2171.71,3,evacueeManager,,OFF SHIP: White;0;Green;227;Yellow;41;Red;9;Black;223;ON SHIP: White;0;Green;0;Yellow;0;Red;0;Evacuees to Transfer;
2171.71,267,evacuee,outES,Evacuee 340 in triage category R is not assigned a helicopter
2171.71,267,evacuee,,Evacuee;340;in triage state;B;is at the evacuation site
2174.66,3,evacueeManager,,OFF SHIP: White;0;Green;226;Yellow;42;Red;9;Black;223;ON SHIP: White;0;Green;0;Yellow;0;Red;0;Evacuees to Transfer;
2174.66,1023,evacuee,outES,Evacuee 24 in triage category G is not assigned a helicopter
2174.66,1023,evacuee,,Evacuee;24;in triage state;Y;is at the evacuation site
2182.67,3,evacueeManager,,OFF SHIP: White;0;Green;226;Yellow;41;Red;10;Black;223;ON SHIP: White;0;Green;0;Yellow;0;Red;0;Evacuees to Transfer;
2182.67,432,evacuee,outES,Evacuee 272 in triage category Y is not assigned a helicopter
2182.67,432,evacuee,,Evacuee;272;in triage state;R;is at the evacuation site
2184.21,3,evacueeManager,,OFF SHIP: White;0;Green;226;Yellow;40;Red;11;Black;223;ON SHIP: White;0;Green;0;Yellow;0;Red;0;Evacuees to Transfer;
2184.21,342,evacuee,outES,Evacuee 306 in triage category Y is not assigned a helicopter
2184.21,342,evacuee,,Evacuee;306;in triage state;R;is at the evacuation site
2188.01,3,evacueeManager,,OFF SHIP: White;0;Green;226;Yellow;40;Red;10;Black;224;ON SHIP: White;0;Green;0;Yellow;0;Red;0;Evacuees to Transfer;
2188.01,798,evacuee,outES,Evacuee 100 in triage category R is not assigned a helicopter
2188.01,798,evacuee,,Evacuee;100;in triage state;B;is at the evacuation site
2188.38,3,evacueeManager,,OFF SHIP: White;0;Green;225;Yellow;41;Red;10;Black;224;ON SHIP: White;0;Green;0;Yellow;0;Red;0;Evacuees to Transfer;
2188.38,435,evacuee,outES,Evacuee 270 in triage category G is not assigned a helicopter
2188.38,435,evacuee,,Evacuee;270;in triage state;Y;is at the evacuation site
2191.32,3,evacueeManager,,OFF SHIP: White;0;Green;224;Yellow;42;Red;10;Black;224;ON SHIP: White;0;Green;0;Yellow;0;Red;0;Evacuees to Transfer;
2191.32,876,evacuee,outES,Evacuee 18 in triage category G is not assigned a helicopter
2191.32,876,evacuee,,Evacuee;18;in triage state;Y;is at the evacuation site
2206.01,3,evacueeManager,,OFF SHIP: White;0;Green;224;Yellow;42;Red;9;Black;225;ON SHIP: White;0;Green;0;Yellow;0;Red;0;Evacuees to Transfer;
2206.01,1162,evacuee,outES,Evacuee 465 in triage category R is not assigned a helicopter
2206.01,1162,evacuee,,Evacuee;465;in triage state;B;is at the evacuation site
2210.23,3,evacueeManager,,OFF SHIP: White;0;Green;224;Yellow;42;Red;8;Black;226;ON SHIP: White;0;Green;0;Yellow;0;Red;0;Evacuees to Transfer;
2210.23,1086,evacuee,outES,Evacuee 388 in triage category R is not assigned a helicopter
2210.23,1086,evacuee,,Evacuee;388;in triage state;B;is at the evacuation site
2215.94,3,evacueeManager,,OFF SHIP: White;0;Green;224;Yellow;41;Red;9;Black;226;ON SHIP: White;0;Green;0;Yellow;0;Red;0;Evacuees to Transfer;
2215.94,62,evacuee,outES,Evacuee 462 in triage category Y is not assigned a helicopter
2215.94,62,evacuee,,Evacuee;462;in triage state;R;is at the evacuation site
2219.35,3,evacueeManager,,OFF SHIP: White;0;Green;224;Yellow;41;Red;8;Black;227;ON SHIP: White;0;Green;0;Yellow;0;Red;0;Evacuees to Transfer;
2219.35,62,evacuee,outES,Evacuee 462 in triage category R is not assigned a helicopter
2219.35,62,evacuee,,Evacuee;462;in triage state;B;is at the evacuation site
2224.56,3,evacueeManager,,OFF SHIP: White;0;Green;224;Yellow;41;Red;7;Black;228;ON SHIP: White;0;Green;0;Yellow;0;Red;0;Evacuees to Transfer;
2224.56,507,evacuee,outES,Evacuee 469 in triage category R is not assigned a helicopter
2224.56,507,evacuee,,Evacuee;469;in triage state;B;is at the evacuation site
2225.64,3,evacueeManager,,OFF SHIP: White;0;Green;223;Yellow;42;Red;7;Black;228;ON SHIP: White;0;Green;0;Yellow;0;Red;0;Evacuees to Transfer;
2225.64,1174,evacuee,outES,Evacuee 416 in triage category G is not assigned a helicopter
2225.64,1174,evacuee,,Evacuee;416;in triage state;Y;is at the evacuation site
2228.26,3,evacueeManager,,OFF SHIP: White;0;Green;222;Yellow;43;Red;7;Black;228;ON SHIP: White;0;Green;0;Yellow;0;Red;0;Evacuees to Transfer;
2228.26,1321,evacuee,outES,Evacuee 185 in triage category G is not assigned a helicopter
2228.26,1321,evacuee,,Evacuee;185;in triage state;Y;is at the evacuation site
2232.37,3,evacueeManager,,OFF SHIP: White;0;Green;222;Yellow;43;Red;6;Black;229;ON SHIP: White;0;Green;0;Yellow;0;Red;0;Evacuees to Transfer;
2232.37,342,evacuee,outES,Evacuee 306 in triage category R is not assigned a helicopter
2232.37,342,evacuee,,Evacuee;306;in triage state;B;is at the evacuation site
2237.2,3,evacueeManager,,OFF SHIP: White;0;Green;222;Yellow;42;Red;7;Black;229;ON SHIP: White;0;Green;0;Yellow;0;Red;0;Evacuees to Transfer;
2237.2,1174,evacuee,outES,Evacuee 416 in triage category Y is not assigned a helicopter
2237.2,1174,evacuee,,Evacuee;416;in triage state;R;is at the evacuation site
2243.83,3,evacueeManager,,OFF SHIP: White;0;Green;222;Yellow;42;Red;6;Black;230;ON SHIP: White;0;Green;0;Yellow;0;Red;0;Evacuees to Transfer;
2243.83,651,evacuee,outES,Evacuee 356 in triage category R is not assigned a helicopter
2243.83,651,evacuee,,Evacuee;356;in triage state;B;is at the evacuation site
2245.26,3,evacueeManager,,OFF SHIP: White;0;Green;222;Yellow;41;Red;7;Black;230;ON SHIP: White;0;Green;0;Yellow;0;Red;0;Evacuees to Transfer;
2245.26,795,evacuee,outES,Evacuee 268 in triage category Y is not assigned a helicopter
2245.26,795,evacuee,,Evacuee;268;in triage state;R;is at the evacuation site
2250.75,3,evacueeManager,,OFF SHIP: White;0;Green;221;Yellow;42;Red;7;Black;230;ON SHIP: White;0;Green;0;Yellow;0;Red;0;Evacuees to Transfer;
2250.75,657,evacuee,outES,Evacuee 213 in triage category G is not assigned a helicopter
2250.75,657,evacuee,,Evacuee;213;in triage state;Y;is at the evacuation site
2252.24,3,evacueeManager,,OFF SHIP: White;0;Green;221;Yellow;41;Red;8;Black;230;ON SHIP: White;0;Green;0;Yellow;0;Red;0;Evacuees to Transfer;
2252.24,1171,evacuee,outES,Evacuee 181 in triage category Y is not assigned a helicopter
2252.24,1171,evacuee,,Evacuee;181;in triage state;R;is at the evacuation site
2255.44,3,evacueeManager,,OFF SHIP: White;0;Green;220;Yellow;42;Red;8;Black;230;ON SHIP: White;0;Green;0;Yellow;0;Red;0;Evacuees to Transfer;
2255.44,1468,evacuee,outES,Evacuee 238 in triage category G is not assigned a helicopter
2255.44,1468,evacuee,,Evacuee;238;in triage state;Y;is at the evacuation site
2257.97,3,evacueeManager,,OFF SHIP: White;0;Green;219;Yellow;43;Red;8;Black;230;ON SHIP: White;0;Green;0;Yellow;0;Red;0;Evacuees to Transfer;
2257.97,510,evacuee,outES,Evacuee 215 in triage category G is not assigned a helicopter
2257.97,510,evacuee,,Evacuee;215;in triage state;Y;is at the evacuation site
2266.65,3,evacueeManager,,OFF SHIP: White;0;Green;219;Yellow;42;Red;9;Black;230;ON SHIP: White;0;Green;0;Yellow;0;Red;0;Evacuees to Transfer;
2266.65,435,evacuee,outES,Evacuee 270 in triage category Y is not assigned a helicopter
2266.65,435,evacuee,,Evacuee;270;in triage state;R;is at the evacuation site
2268.58,3,evacueeManager,,OFF SHIP: White;0;Green;219;Yellow;42;Red;8;Black;231;ON SHIP: White;0;Green;0;Yellow;0;Red;0;Evacuees to Transfer;
2268.58,1318,evacuee,outES,Evacuee 184 in triage category R is not assigned a helicopter
2268.58,1318,evacuee,,Evacuee;184;in triage state;B;is at the evacuation site
2278.15,3,evacueeManager,,OFF SHIP: White;0;Green;218;Yellow;43;Red;8;Black;231;ON SHIP: White;0;Green;0;Yellow;0;Red;0;Evacuees to Transfer;
2278.15,804,evacuee,outES,Evacuee 158 in triage category G is not assigned a helicopter
2278.15,804,evacuee,,Evacuee;158;in triage state;Y;is at the evacuation site
2282,3,evacueeManager,,OFF SHIP: White;0;Green;218;Yellow;43;Red;7;Black;232;ON SHIP: White;0;Green;0;Yellow;0;Red;0;Evacuees to Transfer;
2282,435,evacuee,outES,Evacuee 270 in triage category R is not assigned a helicopter
2282,435,evacuee,,Evacuee;270;in triage state;B;is at the evacuation site
2282.06,3,evacueeManager,,OFF SHIP: White;0;Green;218;Yellow;42;Red;8;Black;232;ON SHIP: White;0;Green;0;Yellow;0;Red;0;Evacuees to Transfer;
2282.06,729,evacuee,outES,Evacuee 179 in triage category Y is not assigned a helicopter
2282.06,729,evacuee,,Evacuee;179;in triage state;R;is at the evacuation site
2282.39,3,evacueeManager,,OFF SHIP: White;0;Green;217;Yellow;43;Red;8;Black;232;ON SHIP: White;0;Green;0;Yellow;0;Red;0;Evacuees to Transfer;
2282.39,212,evacuee,outES,Evacuee 374 in triage category G is not assigned a helicopter
2282.39,212,evacuee,,Evacuee;374;in triage state;Y;is at the evacuation site
2284.09,3,evacueeManager,,OFF SHIP: White;0;Green;217;Yellow;42;Red;9;Black;232;ON SHIP: White;0;Green;0;Yellow;0;Red;0;Evacuees to Transfer;
2284.09,1321,evacuee,outES,Evacuee 185 in triage category Y is not assigned a helicopter
2284.09,1321,evacuee,,Evacuee;185;in triage state;R;is at the evacuation site
2289.79,3,evacueeManager,,OFF SHIP: White;0;Green;217;Yellow;41;Red;10;Black;232;ON SHIP: White;0;Green;0;Yellow;0;Red;0;Evacuees to Transfer;
2289.79,1246,evacuee,outES,Evacuee 234 in triage category Y is not assigned a helicopter
2289.79,1246,evacuee,,Evacuee;234;in triage state;R;is at the evacuation site
2292.4,3,evacueeManager,,OFF SHIP: White;0;Green;217;Yellow;41;Red;9;Black;233;ON SHIP: White;0;Green;0;Yellow;0;Red;0;Evacuees to Transfer;
2292.4,1246,evacuee,outES,Evacuee 234 in triage category R is not assigned a helicopter
2292.4,1246,evacuee,,Evacuee;234;in triage state;B;is at the evacuation site
2295.54,3,evacueeManager,,OFF SHIP: White;0;Green;217;Yellow;40;Red;10;Black;233;ON SHIP: White;0;Green;0;Yellow;0;Red;0;Evacuees to Transfer;
2295.54,212,evacuee,outES,Evacuee 374 in triage category Y is not assigned a helicopter
2295.54,212,evacuee,,Evacuee;374;in triage state;R;is at the evacuation site
2296.75,3,evacueeManager,,OFF SHIP: White;0;Green;217;Yellow;39;Red;11;Black;233;ON SHIP: White;0;Green;0;Yellow;0;Red;0;Evacuees to Transfer;
2296.75,116,evacuee,outES,Evacuee 423 in triage category Y is not assigned a helicopter
2296.75,116,evacuee,,Evacuee;423;in triage state;R;is at the evacuation site
2298.87,3,evacueeManager,,OFF SHIP: White;0;Green;217;Yellow;39;Red;10;Black;234;ON SHIP: White;0;Green;0;Yellow;0;Red;0;Evacuees to Transfer;
2298.87,1174,evacuee,outES,Evacuee 416 in triage category R is not assigned a helicopter
2298.87,1174,evacuee,,Evacuee;416;in triage state;B;is at the evacuation site
2302.05,3,evacueeManager,,OFF SHIP: White;0;Green;217;Yellow;39;Red;9;Black;235;ON SHIP: White;0;Green;0;Yellow;0;Red;0;Evacuees to Transfer;
2302.05,432,evacuee,outES,Evacuee 272 in triage category R is not assigned a helicopter
2302.05,432,evacuee,,Evacuee;272;in triage state;B;is at the evacuation site
2303.65,3,evacueeManager,,OFF SHIP: White;0;Green;217;Yellow;39;Red;8;Black;236;ON SHIP: White;0;Green;0;Yellow;0;Red;0;Evacuees to Transfer;
2303.65,1168,evacuee,outES,Evacuee 385 in triage category R is not assigned a helicopter
2303.65,1168,evacuee,,Evacuee;385;in triage state;B;is at the evacuation site
2314.9,3,evacueeManager,,OFF SHIP: White;0;Green;217;Yellow;38;Red;9;Black;236;ON SHIP: White;0;Green;0;Yellow;0;Red;0;Evacuees to Transfer;
2314.9,579,evacuee,outES,Evacuee 142 in triage category Y is not assigned a helicopter
2314.9,579,evacuee,,Evacuee;142;in triage state;R;is at the evacuation site
2320.97,3,evacueeManager,,OFF SHIP: White;0;Green;217;Yellow;38;Red;8;Black;237;ON SHIP: White;0;Green;0;Yellow;0;Red;0;Evacuees to Transfer;
2320.97,1321,evacuee,outES,Evacuee 185 in triage category R is not assigned a helicopter
2320.97,1321,evacuee,,Evacuee;185;in triage state;B;is at the evacuation site
2324.03,3,evacueeManager,,OFF SHIP: White;0;Green;217;Yellow;38;Red;7;Black;238;ON SHIP: White;0;Green;0;Yellow;0;Red;0;Evacuees to Transfer;
2324.03,212,evacuee,outES,Evacuee 374 in triage category R is not assigned a helicopter
2324.03,212,evacuee,,Evacuee;374;in triage state;B;is at the evacuation site
2324.04,3,evacueeManager,,OFF SHIP: White;0;Green;217;Yellow;38;Red;6;Black;239;ON SHIP: White;0;Green;0;Yellow;0;Red;0;Evacuees to Transfer;
2324.04,795,evacuee,outES,Evacuee 268 in triage category R is not assigned a helicopter
2324.04,795,evacuee,,Evacuee;268;in triage state;B;is at the evacuation site
2325.95,3,evacueeManager,,OFF SHIP: White;0;Green;216;Yellow;39;Red;6;Black;239;ON SHIP: White;0;Green;0;Yellow;0;Red;0;Evacuees to Transfer;
2325.95,951,evacuee,outES,Evacuee 37 in triage category G is not assigned a helicopter
2325.95,951,evacuee,,Evacuee;37;in triage state;Y;is at the evacuation site
2330.85,3,evacueeManager,,OFF SHIP: White;0;Green;216;Yellow;38;Red;7;Black;239;ON SHIP: White;0;Green;0;Yellow;0;Red;0;Evacuees to Transfer;
2330.85,414,evacuee,outES,Evacuee 277 in triage category Y is not assigned a helicopter
2330.85,414,evacuee,,Evacuee;277;in triage state;R;is at the evacuation site
2333.73,3,evacueeManager,,OFF SHIP: White;0;Green;215;Yellow;39;Red;7;Black;239;ON SHIP: White;0;Green;0;Yellow;0;Red;0;Evacuees to Transfer;
2333.73,1098,evacuee,outES,Evacuee 50 in triage category G is not assigned a helicopter
2333.73,1098,evacuee,,Evacuee;50;in triage state;Y;is at the evacuation site
2336.83,3,evacueeManager,,OFF SHIP: White;0;Green;215;Yellow;38;Red;8;Black;239;ON SHIP: White;0;Green;0;Yellow;0;Red;0;Evacuees to Transfer;
2336.83,1243,evacuee,outES,Evacuee 126 in triage category Y is not assigned a helicopter
2336.83,1243,evacuee,,Evacuee;126;in triage state;R;is at the evacuation site
2339.25,3,evacueeManager,,OFF SHIP: White;0;Green;215;Yellow;37;Red;9;Black;239;ON SHIP: White;0;Green;0;Yellow;0;Red;0;Evacuees to Transfer;
2339.25,657,evacuee,outES,Evacuee 213 in triage category Y is not assigned a helicopter
2339.25,657,evacuee,,Evacuee;213;in triage state;R;is at the evacuation site
2342.68,3,evacueeManager,,OFF SHIP: White;0;Green;215;Yellow;37;Red;8;Black;240;ON SHIP: White;0;Green;0;Yellow;0;Red;0;Evacuees to Transfer;
2342.68,1171,evacuee,outES,Evacuee 181 in triage category R is not assigned a helicopter
2342.68,1171,evacuee,,Evacuee;181;in triage state;B;is at the evacuation site
2353.78,3,evacueeManager,,OFF SHIP: White;0;Green;215;Yellow;36;Red;9;Black;240;ON SHIP: White;0;Green;0;Yellow;0;Red;0;Evacuees to Transfer;
2353.78,1092,evacuee,outES,Evacuee 48 in triage category Y is not assigned a helicopter
2353.78,1092,evacuee,,Evacuee;48;in triage state;R;is at the evacuation site
2354.72,3,evacueeManager,,OFF SHIP: White;0;Green;215;Yellow;35;Red;10;Black;240;ON SHIP: White;0;Green;0;Yellow;0;Red;0;Evacuees to Transfer;
2354.72,1011,evacuee,outES,Evacuee 23 in triage category Y is not assigned a helicopter
2354.72,1011,evacuee,,Evacuee;23;in triage state;R;is at the evacuation site
2359.27,3,evacueeManager,,OFF SHIP: White;0;Green;215;Yellow;34;Red;11;Black;240;ON SHIP: White;0;Green;0;Yellow;0;Red;0;Evacuees to Transfer;
2359.27,1429,evacuee,outES,Evacuee 224 in triage category Y is not assigned a helicopter
2359.27,1429,evacuee,,Evacuee;224;in triage state;R;is at the evacuation site
2359.43,3,evacueeManager,,OFF SHIP: White;0;Green;214;Yellow;35;Red;11;Black;240;ON SHIP: White;0;Green;0;Yellow;0;Red;0;Evacuees to Transfer;
2359.43,288,evacuee,outES,Evacuee 327 in triage category G is not assigned a helicopter
2359.43,288,evacuee,,Evacuee;327;in triage state;Y;is at the evacuation site
2361.78,3,evacueeManager,,OFF SHIP: White;0;Green;214;Yellow;34;Red;12;Black;240;ON SHIP: White;0;Green;0;Yellow;0;Red;0;Evacuees to Transfer;
2361.78,1462,evacuee,outES,Evacuee 7 in triage category Y is not assigned a helicopter
2361.78,1462,evacuee,,Evacuee;7;in triage state;R;is at the evacuation site
2363.08,3,evacueeManager,,OFF SHIP: White;0;Green;214;Yellow;33;Red;13;Black;240;ON SHIP: White;0;Green;0;Yellow;0;Red;0;Evacuees to Transfer;
2363.08,191,evacuee,outES,Evacuee 381 in triage category Y is not assigned a helicopter
2363.08,191,evacuee,,Evacuee;381;in triage state;R;is at the evacuation site
2366.28,3,evacueeManager,,OFF SHIP: White;0;Green;214;Yellow;32;Red;14;Black;240;ON SHIP: White;0;Green;0;Yellow;0;Red;0;Evacuees to Transfer;
2366.28,50,evacuee,outES,Evacuee 472 in triage category Y is not assigned a helicopter
2366.28,50,evacuee,,Evacuee;472;in triage state;R;is at the evacuation site
2375.82,3,evacueeManager,,OFF SHIP: White;0;Green;213;Yellow;33;Red;14;Black;240;ON SHIP: White;0;Green;0;Yellow;0;Red;0;Evacuees to Transfer;
2375.82,65,evacuee,outES,Evacuee 461 in triage category G is not assigned a helicopter
2375.82,65,evacuee,,Evacuee;461;in triage state;Y;is at the evacuation site
2378.89,3,evacueeManager,,OFF SHIP: White;0;Green;213;Yellow;33;Red;13;Black;241;ON SHIP: White;0;Green;0;Yellow;0;Red;0;Evacuees to Transfer;
2378.89,1080,evacuee,outES,Evacuee 212 in triage category R is not assigned a helicopter
2378.89,1080,evacuee,,Evacuee;212;in triage state;B;is at the evacuation site
2385.92,3,evacueeManager,,OFF SHIP: White;0;Green;213;Yellow;32;Red;14;Black;241;ON SHIP: White;0;Green;0;Yellow;0;Red;0;Evacuees to Transfer;
2385.92,1014,evacuee,outES,Evacuee 200 in triage category Y is not assigned a helicopter
2385.92,1014,evacuee,,Evacuee;200;in triage state;R;is at the evacuation site
2388,3,evacueeManager,,OFF SHIP: White;0;Green;213;Yellow;31;Red;15;Black;241;ON SHIP: White;0;Green;0;Yellow;0;Red;0;Evacuees to Transfer;
2388,1165,evacuee,outES,Evacuee 60 in triage category Y is not assigned a helicopter
2388,1165,evacuee,,Evacuee;60;in triage state;R;is at the evacuation site
2397.72,3,evacueeManager,,OFF SHIP: White;0;Green;213;Yellow;31;Red;14;Black;242;ON SHIP: White;0;Green;0;Yellow;0;Red;0;Evacuees to Transfer;
2397.72,1014,evacuee,outES,Evacuee 200 in triage category R is not assigned a helicopter
2397.72,1014,evacuee,,Evacuee;200;in triage state;B;is at the evacuation site
2401.12,3,evacueeManager,,OFF SHIP: White;0;Green;213;Yellow;31;Red;13;Black;243;ON SHIP: White;0;Green;0;Yellow;0;Red;0;Evacuees to Transfer;
2401.12,50,evacuee,outES,Evacuee 472 in triage category R is not assigned a helicopter
2401.12,50,evacuee,,Evacuee;472;in triage state;B;is at the evacuation site
2402.81,3,evacueeManager,,OFF SHIP: White;0;Green;213;Yellow;31;Red;12;Black;244;ON SHIP: White;0;Green;0;Yellow;0;Red;0;Evacuees to Transfer;
2402.81,1165,evacuee,outES,Evacuee 60 in triage category R is not assigned a helicopter
2402.81,1165,evacuee,,Evacuee;60;in triage state;B;is at the evacuation site
2403.17,3,evacueeManager,,OFF SHIP: White;0;Green;212;Yellow;32;Red;12;Black;244;ON SHIP: White;0;Green;0;Yellow;0;Red;0;Evacuees to Transfer;
2403.17,1249,evacuee,outES,Evacuee 162 in triage category G is not assigned a helicopter
2403.17,1249,evacuee,,Evacuee;162;in triage state;Y;is at the evacuation site
2403.8,3,evacueeManager,,OFF SHIP: White;0;Green;211;Yellow;33;Red;12;Black;244;ON SHIP: White;0;Green;0;Yellow;0;Red;0;Evacuees to Transfer;
2403.8,732,evacuee,outES,Evacuee 147 in triage category G is not assigned a helicopter
2403.8,732,evacuee,,Evacuee;147;in triage state;Y;is at the evacuation site
2408.24,3,evacueeManager,,OFF SHIP: White;0;Green;210;Yellow;34;Red;12;Black;244;ON SHIP: White;0;Green;0;Yellow;0;Red;0;Evacuees to Transfer;
2408.24,140,evacuee,outES,Evacuee 406 in triage category G is not assigned a helicopter
2408.24,140,evacuee,,Evacuee;406;in triage state;Y;is at the evacuation site
2414.61,3,evacueeManager,,OFF SHIP: White;0;Green;210;Yellow;34;Red;11;Black;245;ON SHIP: White;0;Green;0;Yellow;0;Red;0;Evacuees to Transfer;
2414.61,657,evacuee,outES,Evacuee 213 in triage category R is not assigned a helicopter
2414.61,657,evacuee,,Evacuee;213;in triage state;B;is at the evacuation site
2416.24,3,evacueeManager,,OFF SHIP: White;0;Green;210;Yellow;34;Red;10;Black;246;ON SHIP: White;0;Green;0;Yellow;0;Red;0;Evacuees to Transfer;
2416.24,1020,evacuee,outES,Evacuee 13 in triage category R is not assigned a helicopter
2416.24,1020,evacuee,,Evacuee;13;in triage state;B;is at the evacuation site
2419.19,3,evacueeManager,,OFF SHIP: White;0;Green;210;Yellow;34;Red;9;Black;247;ON SHIP: White;0;Green;0;Yellow;0;Red;0;Evacuees to Transfer;
2419.19,1243,evacuee,outES,Evacuee 126 in triage category R is not assigned a helicopter
2419.19,1243,evacuee,,Evacuee;126;in triage state;B;is at the evacuation site
2421.59,3,evacueeManager,,OFF SHIP: White;0;Green;209;Yellow;35;Red;9;Black;247;ON SHIP: White;0;Green;0;Yellow;0;Red;0;Evacuees to Transfer;
2421.59,1396,evacuee,outES,Evacuee 206 in triage category G is not assigned a helicopter
2421.59,1396,evacuee,,Evacuee;206;in triage state;Y;is at the evacuation site
2422.23,3,evacueeManager,,OFF SHIP: White;0;Green;209;Yellow;35;Red;8;Black;248;ON SHIP: White;0;Green;0;Yellow;0;Red;0;Evacuees to Transfer;
2422.23,1011,evacuee,outES,Evacuee 23 in triage category R is not assigned a helicopter
2422.23,1011,evacuee,,Evacuee;23;in triage state;B;is at the evacuation site
2422.87,3,evacueeManager,,OFF SHIP: White;0;Green;208;Yellow;36;Red;8;Black;248;ON SHIP: White;0;Green;0;Yellow;0;Red;0;Evacuees to Transfer;
2422.87,363,evacuee,outES,Evacuee 413 in triage category G is not assigned a helicopter
2422.87,363,evacuee,,Evacuee;413;in triage state;Y;is at the evacuation site
2432.39,3,evacueeManager,,OFF SHIP: White;0;Green;208;Yellow;35;Red;9;Black;248;ON SHIP: White;0;Green;0;Yellow;0;Red;0;Evacuees to Transfer;
2432.39,804,evacuee,outES,Evacuee 158 in triage category Y is not assigned a helicopter
2432.39,804,evacuee,,Evacuee;158;in triage state;R;is at the evacuation site
2435.52,3,evacueeManager,,OFF SHIP: White;0;Green;207;Yellow;36;Red;9;Black;248;ON SHIP: White;0;Green;0;Yellow;0;Red;0;Evacuees to Transfer;
2435.52,1026,evacuee,outES,Evacuee 32 in triage category G is not assigned a helicopter
2435.52,1026,evacuee,,Evacuee;32;in triage state;Y;is at the evacuation site
2440.97,3,evacueeManager,,OFF SHIP: White;0;Green;207;Yellow;35;Red;10;Black;248;ON SHIP: White;0;Green;0;Yellow;0;Red;0;Evacuees to Transfer;
2440.97,654,evacuee,outES,Evacuee 78 in triage category Y is not assigned a helicopter
2440.97,654,evacuee,,Evacuee;78;in triage state;R;is at the evacuation site
2445.27,3,evacueeManager,,OFF SHIP: White;0;Green;206;Yellow;36;Red;10;Black;248;ON SHIP: White;0;Green;0;Yellow;0;Red;0;Evacuees to Transfer;
2445.27,438,evacuee,outES,Evacuee 264 in triage category G is not assigned a helicopter
2445.27,438,evacuee,,Evacuee;264;in triage state;Y;is at the evacuation site
2453.76,3,evacueeManager,,OFF SHIP: White;0;Green;205;Yellow;37;Red;10;Black;248;ON SHIP: White;0;Green;0;Yellow;0;Red;0;Evacuees to Transfer;
2453.76,879,evacuee,outES,Evacuee 387 in triage category G is not assigned a helicopter
2453.76,879,evacuee,,Evacuee;387;in triage state;Y;is at the evacuation site
2465.9,3,evacueeManager,,OFF SHIP: White;0;Green;205;Yellow;37;Red;9;Black;249;ON SHIP: White;0;Green;0;Yellow;0;Red;0;Evacuees to Transfer;
2465.9,1462,evacuee,outES,Evacuee 7 in triage category R is not assigned a helicopter
2465.9,1462,evacuee,,Evacuee;7;in triage state;B;is at the evacuation site
2471.84,3,evacueeManager,,OFF SHIP: White;0;Green;205;Yellow;37;Red;8;Black;250;ON SHIP: White;0;Green;0;Yellow;0;Red;0;Evacuees to Transfer;
2471.84,414,evacuee,outES,Evacuee 277 in triage category R is not assigned a helicopter
2471.84,414,evacuee,,Evacuee;277;in triage state;B;is at the evacuation site
2473.57,3,evacueeManager,,OFF SHIP: White;0;Green;205;Yellow;36;Red;9;Black;250;ON SHIP: White;0;Green;0;Yellow;0;Red;0;Evacuees to Transfer;
2473.57,1026,evacuee,outES,Evacuee 32 in triage category Y is not assigned a helicopter
2473.57,1026,evacuee,,Evacuee;32;in triage state;R;is at the evacuation site
2477.54,3,evacueeManager,,OFF SHIP: White;0;Green;205;Yellow;35;Red;10;Black;250;ON SHIP: White;0;Green;0;Yellow;0;Red;0;Evacuees to Transfer;
2477.54,65,evacuee,outES,Evacuee 461 in triage category Y is not assigned a helicopter
2477.54,65,evacuee,,Evacuee;461;in triage state;R;is at the evacuation site
2481.47,3,evacueeManager,,OFF SHIP: White;0;Green;205;Yellow;35;Red;9;Black;251;ON SHIP: White;0;Green;0;Yellow;0;Red;0;Evacuees to Transfer;
2481.47,654,evacuee,outES,Evacuee 78 in triage category R is not assigned a helicopter
2481.47,654,evacuee,,Evacuee;78;in triage state;B;is at the evacuation site
2483.97,3,evacueeManager,,OFF SHIP: White;0;Green;205;Yellow;35;Red;8;Black;252;ON SHIP: White;0;Green;0;Yellow;0;Red;0;Evacuees to Transfer;
2483.97,191,evacuee,outES,Evacuee 381 in triage category R is not assigned a helicopter
2483.97,191,evacuee,,Evacuee;381;in triage state;B;is at the evacuation site
2486.03,3,evacueeManager,,OFF SHIP: White;0;Green;204;Yellow;36;Red;8;Black;252;ON SHIP: White;0;Green;0;Yellow;0;Red;0;Evacuees to Transfer;
2486.03,1177,evacuee,outES,Evacuee 129 in triage category G is not assigned a helicopter
2486.03,1177,evacuee,,Evacuee;129;in triage state;Y;is at the evacuation site
2486.29,3,evacueeManager,,OFF SHIP: White;0;Green;204;Yellow;36;Red;7;Black;253;ON SHIP: White;0;Green;0;Yellow;0;Red;0;Evacuees to Transfer;
2486.29,729,evacuee,outES,Evacuee 179 in triage category R is not assigned a helicopter
2486.29,729,evacuee,,Evacuee;179;in triage state;B;is at the evacuation site
2486.97,3,evacueeManager,,OFF SHIP: White;0;Green;204;Yellow;36;Red;6;Black;254;ON SHIP: White;0;Green;0;Yellow;0;Red;0;Evacuees to Transfer;
2486.97,579,evacuee,outES,Evacuee 142 in triage category R is not assigned a helicopter
2486.97,579,evacuee,,Evacuee;142;in triage state;B;is at the evacuation site
2488.26,3,evacueeManager,,OFF SHIP: White;0;Green;204;Yellow;35;Red;7;Black;254;ON SHIP: White;0;Green;0;Yellow;0;Red;0;Evacuees to Transfer;
2488.26,288,evacuee,outES,Evacuee 327 in triage category Y is not assigned a helicopter
2488.26,288,evacuee,,Evacuee;327;in triage state;R;is at the evacuation site
2494.26,3,evacueeManager,,OFF SHIP: White;0;Green;203;Yellow;36;Red;7;Black;254;ON SHIP: White;0;Green;0;Yellow;0;Red;0;Evacuees to Transfer;
2494.26,1324,evacuee,outES,Evacuee 186 in triage category G is not assigned a helicopter
2494.26,1324,evacuee,,Evacuee;186;in triage state;Y;is at the evacuation site
2500.54,3,evacueeManager,,OFF SHIP: White;0;Green;203;Yellow;35;Red;8;Black;254;ON SHIP: White;0;Green;0;Yellow;0;Red;0;Evacuees to Transfer;
2500.54,855,evacuee,outES,Evacuee 172 in triage category Y is not assigned a helicopter
2500.54,855,evacuee,,Evacuee;172;in triage state;R;is at the evacuation site
2510.37,3,evacueeManager,,OFF SHIP: White;0;Green;203;Yellow;34;Red;9;Black;254;ON SHIP: White;0;Green;0;Yellow;0;Red;0;Evacuees to Transfer;
2510.37,510,evacuee,outES,Evacuee 215 in triage category Y is not assigned a helicopter
2510.37,510,evacuee,,Evacuee;215;in triage state;R;is at the evacuation site
2513.53,3,evacueeManager,,OFF SHIP: White;0;Green;202;Yellow;35;Red;9;Black;254;ON SHIP: White;0;Green;0;Yellow;0;Red;0;Evacuees to Transfer;
2513.53,660,evacuee,outES,Evacuee 344 in triage category G is not assigned a helicopter
2513.53,660,evacuee,,Evacuee;344;in triage state;Y;is at the evacuation site
2521.44,3,evacueeManager,,OFF SHIP: White;0;Green;201;Yellow;36;Red;9;Black;254;ON SHIP: White;0;Green;0;Yellow;0;Red;0;Evacuees to Transfer;
2521.44,513,evacuee,outES,Evacuee 345 in triage category G is not assigned a helicopter
2521.44,513,evacuee,,Evacuee;345;in triage state;Y;is at the evacuation site
2523.73,3,evacueeManager,,OFF SHIP: White;0;Green;201;Yellow;36;Red;8;Black;255;ON SHIP: White;0;Green;0;Yellow;0;Red;0;Evacuees to Transfer;
2523.73,1092,evacuee,outES,Evacuee 48 in triage category R is not assigned a helicopter
2523.73,1092,evacuee,,Evacuee;48;in triage state;B;is at the evacuation site
2524.08,3,evacueeManager,,OFF SHIP: White;0;Green;200;Yellow;37;Red;8;Black;255;ON SHIP: White;0;Green;0;Yellow;0;Red;0;Evacuees to Transfer;
2524.08,1471,evacuee,outES,Evacuee 113 in triage category G is not assigned a helicopter
2524.08,1471,evacuee,,Evacuee;113;in triage state;Y;is at the evacuation site
2532.21,3,evacueeManager,,OFF SHIP: White;0;Green;200;Yellow;37;Red;7;Black;256;ON SHIP: White;0;Green;0;Yellow;0;Red;0;Evacuees to Transfer;
2532.21,65,evacuee,outES,Evacuee 461 in triage category R is not assigned a helicopter
2532.21,65,evacuee,,Evacuee;461;in triage state;B;is at the evacuation site
2536.38,3,evacueeManager,,OFF SHIP: White;0;Green;200;Yellow;37;Red;6;Black;257;ON SHIP: White;0;Green;0;Yellow;0;Red;0;Evacuees to Transfer;
2536.38,855,evacuee,outES,Evacuee 172 in triage category R is not assigned a helicopter
2536.38,855,evacuee,,Evacuee;172;in triage state;B;is at the evacuation site
2549.01,3,evacueeManager,,OFF SHIP: White;0;Green;199;Yellow;38;Red;6;Black;257;ON SHIP: White;0;Green;0;Yellow;0;Red;0;Evacuees to Transfer;
2549.01,807,evacuee,outES,Evacuee 187 in triage category G is not assigned a helicopter
2549.01,807,evacuee,,Evacuee;187;in triage state;Y;is at the evacuation site
2553.68,3,evacueeManager,,OFF SHIP: White;0;Green;198;Yellow;39;Red;6;Black;257;ON SHIP: White;0;Green;0;Yellow;0;Red;0;Evacuees to Transfer;
2553.68,215,evacuee,outES,Evacuee 372 in triage category G is not assigned a helicopter
2553.68,215,evacuee,,Evacuee;372;in triage state;Y;is at the evacuation site
2555.72,3,evacueeManager,,OFF SHIP: White;0;Green;198;Yellow;38;Red;7;Black;257;ON SHIP: White;0;Green;0;Yellow;0;Red;0;Evacuees to Transfer;
2555.72,47,evacuee,outES,Evacuee 475 in triage category Y is not assigned a helicopter
2555.72,47,evacuee,,Evacuee;475;in triage state;R;is at the evacuation site
2562.85,3,evacueeManager,,OFF SHIP: White;0;Green;198;Yellow;37;Red;8;Black;257;ON SHIP: White;0;Green;0;Yellow;0;Red;0;Evacuees to Transfer;
2562.85,1324,evacuee,outES,Evacuee 186 in triage category Y is not assigned a helicopter
2562.85,1324,evacuee,,Evacuee;186;in triage state;R;is at the evacuation site
2568.53,3,evacueeManager,,OFF SHIP: White;0;Green;198;Yellow;37;Red;7;Black;258;ON SHIP: White;0;Green;0;Yellow;0;Red;0;Evacuees to Transfer;
2568.53,1324,evacuee,outES,Evacuee 186 in triage category R is not assigned a helicopter
2568.53,1324,evacuee,,Evacuee;186;in triage state;B;is at the evacuation site
2575.61,3,evacueeManager,,OFF SHIP: White;0;Green;198;Yellow;36;Red;8;Black;258;ON SHIP: White;0;Green;0;Yellow;0;Red;0;Evacuees to Transfer;
2575.61,1363,evacuee,outES,Evacuee 252 in triage category Y is not assigned a helicopter
2575.61,1363,evacuee,,Evacuee;252;in triage state;R;is at the evacuation site
2583.1,3,evacueeManager,,OFF SHIP: White;0;Green;198;Yellow;35;Red;9;Black;258;ON SHIP: White;0;Green;0;Yellow;0;Red;0;Evacuees to Transfer;
2583.1,357,evacuee,outES,Evacuee 293 in triage category Y is not assigned a helicopter
2583.1,357,evacuee,,Evacuee;293;in triage state;R;is at the evacuation site
2584.98,3,evacueeManager,,OFF SHIP: White;0;Green;198;Yellow;34;Red;10;Black;258;ON SHIP: White;0;Green;0;Yellow;0;Red;0;Evacuees to Transfer;
2584.98,942,evacuee,outES,Evacuee 241 in triage category Y is not assigned a helicopter
2584.98,942,evacuee,,Evacuee;241;in triage state;R;is at the evacuation site
2599,3,evacueeManager,,OFF SHIP: White;0;Green;197;Yellow;35;Red;10;Black;258;ON SHIP: White;0;Green;0;Yellow;0;Red;0;Evacuees to Transfer;
2599,1101,evacuee,outES,Evacuee 19 in triage category G is not assigned a helicopter
2599,1101,evacuee,,Evacuee;19;in triage state;Y;is at the evacuation site
2601.23,3,evacueeManager,,OFF SHIP: White;0;Green;197;Yellow;35;Red;9;Black;259;ON SHIP: White;0;Green;0;Yellow;0;Red;0;Evacuees to Transfer;
2601.23,116,evacuee,outES,Evacuee 423 in triage category R is not assigned a helicopter
2601.23,116,evacuee,,Evacuee;423;in triage state;B;is at the evacuation site
2604.64,3,evacueeManager,,OFF SHIP: White;0;Green;197;Yellow;35;Red;8;Black;260;ON SHIP: White;0;Green;0;Yellow;0;Red;0;Evacuees to Transfer;
2604.64,47,evacuee,outES,Evacuee 475 in triage category R is not assigned a helicopter
2604.64,47,evacuee,,Evacuee;475;in triage state;B;is at the evacuation site
2607.12,3,evacueeManager,,OFF SHIP: White;0;Green;197;Yellow;35;Red;7;Black;261;ON SHIP: White;0;Green;0;Yellow;0;Red;0;Evacuees to Transfer;
2607.12,357,evacuee,outES,Evacuee 293 in triage category R is not assigned a helicopter
2607.12,357,evacuee,,Evacuee;293;in triage state;B;is at the evacuation site
2608.93,3,evacueeManager,,OFF SHIP: White;0;Green;197;Yellow;35;Red;6;Black;262;ON SHIP: White;0;Green;0;Yellow;0;Red;0;Evacuees to Transfer;
2608.93,510,evacuee,outES,Evacuee 215 in triage category R is not assigned a helicopter
2608.93,510,evacuee,,Evacuee;215;in triage state;B;is at the evacuation site
2616.13,3,evacueeManager,,OFF SHIP: White;0;Green;197;Yellow;34;Red;7;Black;262;ON SHIP: White;0;Green;0;Yellow;0;Red;0;Evacuees to Transfer;
2616.13,354,evacuee,outES,Evacuee 352 in triage category Y is not assigned a helicopter
2616.13,354,evacuee,,Evacuee;352;in triage state;R;is at the evacuation site
2622.58,3,evacueeManager,,OFF SHIP: White;0;Green;197;Yellow;33;Red;8;Black;262;ON SHIP: White;0;Green;0;Yellow;0;Red;0;Evacuees to Transfer;
2622.58,417,evacuee,outES,Evacuee 315 in triage category Y is not assigned a helicopter
2622.58,417,evacuee,,Evacuee;315;in triage state;R;is at the evacuation site
2622.8,3,evacueeManager,,OFF SHIP: White;0;Green;197;Yellow;32;Red;9;Black;262;ON SHIP: White;0;Green;0;Yellow;0;Red;0;Evacuees to Transfer;
2622.8,1249,evacuee,outES,Evacuee 162 in triage category Y is not assigned a helicopter
2622.8,1249,evacuee,,Evacuee;162;in triage state;R;is at the evacuation site
2624.14,3,evacueeManager,,OFF SHIP: White;0;Green;197;Yellow;31;Red;10;Black;262;ON SHIP: White;0;Green;0;Yellow;0;Red;0;Evacuees to Transfer;
2624.14,876,evacuee,outES,Evacuee 18 in triage category Y is not assigned a helicopter
2624.14,876,evacuee,,Evacuee;18;in triage state;R;is at the evacuation site
2625.17,3,evacueeManager,,OFF SHIP: White;0;Green;197;Yellow;31;Red;9;Black;263;ON SHIP: White;0;Green;0;Yellow;0;Red;0;Evacuees to Transfer;
2625.17,1429,evacuee,outES,Evacuee 224 in triage category R is not assigned a helicopter
2625.17,1429,evacuee,,Evacuee;224;in triage state;B;is at the evacuation site
2628.71,3,evacueeManager,,OFF SHIP: White;0;Green;197;Yellow;30;Red;10;Black;263;ON SHIP: White;0;Green;0;Yellow;0;Red;0;Evacuees to Transfer;
2628.71,801,evacuee,outES,Evacuee 29 in triage category Y is not assigned a helicopter
2628.71,801,evacuee,,Evacuee;29;in triage state;R;is at the evacuation site
2638.44,3,evacueeManager,,OFF SHIP: White;0;Green;196;Yellow;31;Red;10;Black;263;ON SHIP: White;0;Green;0;Yellow;0;Red;0;Evacuees to Transfer;
2638.44,291,evacuee,outES,Evacuee 410 in triage category G is not assigned a helicopter
2638.44,291,evacuee,,Evacuee;410;in triage state;Y;is at the evacuation site
2639.37,3,evacueeManager,,OFF SHIP: White;0;Green;196;Yellow;30;Red;11;Black;263;ON SHIP: White;0;Green;0;Yellow;0;Red;0;Evacuees to Transfer;
2639.37,879,evacuee,outES,Evacuee 387 in triage category Y is not assigned a helicopter
2639.37,879,evacuee,,Evacuee;387;in triage state;R;is at the evacuation site
2643.81,3,evacueeManager,,OFF SHIP: White;0;Green;196;Yellow;30;Red;10;Black;264;ON SHIP: White;0;Green;0;Yellow;0;Red;0;Evacuees to Transfer;
2643.81,876,evacuee,outES,Evacuee 18 in triage category R is not assigned a helicopter
2643.81,876,evacuee,,Evacuee;18;in triage state;B;is at the evacuation site
2651.61,3,evacueeManager,,OFF SHIP: White;0;Green;196;Yellow;29;Red;11;Black;264;ON SHIP: White;0;Green;0;Yellow;0;Red;0;Evacuees to Transfer;
2651.61,134,evacuee,outES,Evacuee 409 in triage category Y is not assigned a helicopter
2651.61,134,evacuee,,Evacuee;409;in triage state;R;is at the evacuation site
2651.64,3,evacueeManager,,OFF SHIP: White;0;Green;196;Yellow;29;Red;10;Black;265;ON SHIP: White;0;Green;0;Yellow;0;Red;0;Evacuees to Transfer;
2651.64,134,evacuee,outES,Evacuee 409 in triage category R is not assigned a helicopter
2651.64,134,evacuee,,Evacuee;409;in triage state;B;is at the evacuation site
2656.5,3,evacueeManager,,OFF SHIP: White;0;Green;195;Yellow;30;Red;10;Black;265;ON SHIP: White;0;Green;0;Yellow;0;Red;0;Evacuees to Transfer;
2656.5,68,evacuee,outES,Evacuee 459 in triage category G is not assigned a helicopter
2656.5,68,evacuee,,Evacuee;459;in triage state;Y;is at the evacuation site
2663.08,3,evacueeManager,,OFF SHIP: White;0;Green;195;Yellow;29;Red;11;Black;265;ON SHIP: White;0;Green;0;Yellow;0;Red;0;Evacuees to Transfer;
2663.08,1396,evacuee,outES,Evacuee 206 in triage category Y is not assigned a helicopter
2663.08,1396,evacuee,,Evacuee;206;in triage state;R;is at the evacuation site
2675.76,3,evacueeManager,,OFF SHIP: White;0;Green;195;Yellow;29;Red;10;Black;266;ON SHIP: White;0;Green;0;Yellow;0;Red;0;Evacuees to Transfer;
2675.76,879,evacuee,outES,Evacuee 387 in triage category R is not assigned a helicopter
2675.76,879,evacuee,,Evacuee;387;in triage state;B;is at the evacuation site
2677.29,3,evacueeManager,,OFF SHIP: White;0;Green;195;Yellow;28;Red;11;Black;266;ON SHIP: White;0;Green;0;Yellow;0;Red;0;Evacuees to Transfer;
2677.29,1098,evacuee,outES,Evacuee 50 in triage category Y is not assigned a helicopter
2677.29,1098,evacuee,,Evacuee;50;in triage state;R;is at the evacuation site
2680.94,3,evacueeManager,,OFF SHIP: White;0;Green;194;Yellow;29;Red;11;Black;266;ON SHIP: White;0;Green;0;Yellow;0;Red;0;Evacuees to Transfer;
2680.94,1252,evacuee,outES,Evacuee 163 in triage category G is not assigned a helicopter
2680.94,1252,evacuee,,Evacuee;163;in triage state;Y;is at the evacuation site
2681.64,3,evacueeManager,,OFF SHIP: White;0;Green;193;Yellow;30;Red;11;Black;266;ON SHIP: White;0;Green;0;Yellow;0;Red;0;Evacuees to Transfer;
2681.64,735,evacuee,outES,Evacuee 65 in triage category G is not assigned a helicopter
2681.64,735,evacuee,,Evacuee;65;in triage state;Y;is at the evacuation site
2690.02,3,evacueeManager,,OFF SHIP: White;0;Green;192;Yellow;31;Red;11;Black;266;ON SHIP: White;0;Green;0;Yellow;0;Red;0;Evacuees to Transfer;
2690.02,588,evacuee,outES,Evacuee 324 in triage category G is not assigned a helicopter
2690.02,588,evacuee,,Evacuee;324;in triage state;Y;is at the evacuation site
2690.05,3,evacueeManager,,OFF SHIP: White;0;Green;192;Yellow;31;Red;10;Black;267;ON SHIP: White;0;Green;0;Yellow;0;Red;0;Evacuees to Transfer;
2690.05,1098,evacuee,outES,Evacuee 50 in triage category R is not assigned a helicopter
2690.05,1098,evacuee,,Evacuee;50;in triage state;B;is at the evacuation site
2690.92,3,evacueeManager,,OFF SHIP: White;0;Green;192;Yellow;30;Red;11;Black;267;ON SHIP: White;0;Green;0;Yellow;0;Red;0;Evacuees to Transfer;
2690.92,1471,evacuee,outES,Evacuee 113 in triage category Y is not assigned a helicopter
2690.92,1471,evacuee,,Evacuee;113;in triage state;R;is at the evacuation site
2692.26,3,evacueeManager,,OFF SHIP: White;0;Green;191;Yellow;31;Red;11;Black;267;ON SHIP: White;0;Green;0;Yellow;0;Red;0;Evacuees to Transfer;
2692.26,143,evacuee,outES,Evacuee 404 in triage category G is not assigned a helicopter
2692.26,143,evacuee,,Evacuee;404;in triage state;Y;is at the evacuation site
2706.3,3,evacueeManager,,OFF SHIP: White;0;Green;191;Yellow;31;Red;10;Black;268;ON SHIP: White;0;Green;0;Yellow;0;Red;0;Evacuees to Transfer;
2706.3,1363,evacuee,outES,Evacuee 252 in triage category R is not assigned a helicopter
2706.3,1363,evacuee,,Evacuee;252;in triage state;B;is at the evacuation site
2707,3,evacueeManager,,OFF SHIP: White;0;Green;190;Yellow;32;Red;10;Black;268;ON SHIP: White;0;Green;0;Yellow;0;Red;0;Evacuees to Transfer;
2707,1399,evacuee,outES,Evacuee 69 in triage category G is not assigned a helicopter
2707,1399,evacuee,,Evacuee;69;in triage state;Y;is at the evacuation site
2708.41,3,evacueeManager,,OFF SHIP: White;0;Green;189;Yellow;33;Red;10;Black;268;ON SHIP: White;0;Green;0;Yellow;0;Red;0;Evacuees to Transfer;
2708.41,366,evacuee,outES,Evacuee 292 in triage category G is not assigned a helicopter
2708.41,366,evacuee,,Evacuee;292;in triage state;Y;is at the evacuation site
2709.95,3,evacueeManager,,OFF SHIP: White;0;Green;189;Yellow;33;Red;9;Black;269;ON SHIP: White;0;Green;0;Yellow;0;Red;0;Evacuees to Transfer;
2709.95,804,evacuee,outES,Evacuee 158 in triage category R is not assigned a helicopter
2709.95,804,evacuee,,Evacuee;158;in triage state;B;is at the evacuation site
2715.85,3,evacueeManager,,OFF SHIP: White;0;Green;189;Yellow;32;Red;10;Black;269;ON SHIP: White;0;Green;0;Yellow;0;Red;0;Evacuees to Transfer;
2715.85,732,evacuee,outES,Evacuee 147 in triage category Y is not assigned a helicopter
2715.85,732,evacuee,,Evacuee;147;in triage state;R;is at the evacuation site
2718.45,3,evacueeManager,,OFF SHIP: White;0;Green;189;Yellow;32;Red;9;Black;270;ON SHIP: White;0;Green;0;Yellow;0;Red;0;Evacuees to Transfer;
2718.45,288,evacuee,outES,Evacuee 327 in triage category R is not assigned a helicopter
2718.45,288,evacuee,,Evacuee;327;in triage state;B;is at the evacuation site
2724.18,3,evacueeManager,,OFF SHIP: White;0;Green;189;Yellow;31;Red;10;Black;270;ON SHIP: White;0;Green;0;Yellow;0;Red;0;Evacuees to Transfer;
2724.18,1095,evacuee,outES,Evacuee 144 in triage category Y is not assigned a helicopter
2724.18,1095,evacuee,,Evacuee;144;in triage state;R;is at the evacuation site
2725.63,3,evacueeManager,,OFF SHIP: White;0;Green;189;Yellow;30;Red;11;Black;270;ON SHIP: White;0;Green;0;Yellow;0;Red;0;Evacuees to Transfer;
2725.63,1399,evacuee,outES,Evacuee 69 in triage category Y is not assigned a helicopter
2725.63,1399,evacuee,,Evacuee;69;in triage state;R;is at the evacuation site
2727.25,3,evacueeManager,,OFF SHIP: White;0;Green;189;Yellow;29;Red;12;Black;270;ON SHIP: White;0;Green;0;Yellow;0;Red;0;Evacuees to Transfer;
2727.25,140,evacuee,outES,Evacuee 406 in triage category Y is not assigned a helicopter
2727.25,140,evacuee,,Evacuee;406;in triage state;R;is at the evacuation site
2728.19,3,evacueeManager,,OFF SHIP: White;0;Green;188;Yellow;30;Red;12;Black;270;ON SHIP: White;0;Green;0;Yellow;0;Red;0;Evacuees to Transfer;
2728.19,1029,evacuee,outES,Evacuee 34 in triage category G is not assigned a helicopter
2728.19,1029,evacuee,,Evacuee;34;in triage state;Y;is at the evacuation site
2731.78,3,evacueeManager,,OFF SHIP: White;0;Green;188;Yellow;30;Red;11;Black;271;ON SHIP: White;0;Green;0;Yellow;0;Red;0;Evacuees to Transfer;
2731.78,801,evacuee,outES,Evacuee 29 in triage category R is not assigned a helicopter
2731.78,801,evacuee,,Evacuee;29;in triage state;B;is at the evacuation site
2733.15,3,evacueeManager,,OFF SHIP: White;0;Green;187;Yellow;31;Red;11;Black;271;ON SHIP: White;0;Green;0;Yellow;0;Red;0;Evacuees to Transfer;
2733.15,441,evacuee,outES,Evacuee 262 in triage category G is not assigned a helicopter
2733.15,441,evacuee,,Evacuee;262;in triage state;Y;is at the evacuation site
2734.88,3,evacueeManager,,OFF SHIP: White;0;Green;187;Yellow;31;Red;10;Black;272;ON SHIP: White;0;Green;0;Yellow;0;Red;0;Evacuees to Transfer;
2734.88,942,evacuee,outES,Evacuee 241 in triage category R is not assigned a helicopter
2734.88,942,evacuee,,Evacuee;241;in triage state;B;is at the evacuation site
2736.29,3,evacueeManager,,OFF SHIP: White;0;Green;187;Yellow;31;Red;9;Black;273;ON SHIP: White;0;Green;0;Yellow;0;Red;0;Evacuees to Transfer;
2736.29,1399,evacuee,outES,Evacuee 69 in triage category R is not assigned a helicopter
2736.29,1399,evacuee,,Evacuee;69;in triage state;B;is at the evacuation site
2737.54,3,evacueeManager,,OFF SHIP: White;0;Green;187;Yellow;30;Red;10;Black;273;ON SHIP: White;0;Green;0;Yellow;0;Red;0;Evacuees to Transfer;
2737.54,441,evacuee,outES,Evacuee 262 in triage category Y is not assigned a helicopter
2737.54,441,evacuee,,Evacuee;262;in triage state;R;is at the evacuation site
2739.29,3,evacueeManager,,OFF SHIP: White;0;Green;187;Yellow;30;Red;9;Black;274;ON SHIP: White;0;Green;0;Yellow;0;Red;0;Evacuees to Transfer;
2739.29,140,evacuee,outES,Evacuee 406 in triage category R is not assigned a helicopter
2739.29,140,evacuee,,Evacuee;406;in triage state;B;is at the evacuation site
2740.78,3,evacueeManager,,OFF SHIP: White;0;Green;187;Yellow;29;Red;10;Black;274;ON SHIP: White;0;Green;0;Yellow;0;Red;0;Evacuees to Transfer;
2740.78,1252,evacuee,outES,Evacuee 163 in triage category Y is not assigned a helicopter
2740.78,1252,evacuee,,Evacuee;163;in triage state;R;is at the evacuation site
2742.54,3,evacueeManager,,OFF SHIP: White;0;Green;186;Yellow;30;Red;10;Black;274;ON SHIP: White;0;Green;0;Yellow;0;Red;0;Evacuees to Transfer;
2742.54,882,evacuee,outES,Evacuee 246 in triage category G is not assigned a helicopter
2742.54,882,evacuee,,Evacuee;246;in triage state;Y;is at the evacuation site
2746.45,3,evacueeManager,,OFF SHIP: White;0;Green;186;Yellow;29;Red;11;Black;274;ON SHIP: White;0;Green;0;Yellow;0;Red;0;Evacuees to Transfer;
2746.45,1393,evacuee,outES,Evacuee 180 in triage category Y is not assigned a helicopter
2746.45,1393,evacuee,,Evacuee;180;in triage state;R;is at the evacuation site
2756.03,3,evacueeManager,,OFF SHIP: White;0;Green;186;Yellow;28;Red;12;Black;274;ON SHIP: White;0;Green;0;Yellow;0;Red;0;Evacuees to Transfer;
2756.03,948,evacuee,outES,Evacuee 75 in triage category Y is not assigned a helicopter
2756.03,948,evacuee,,Evacuee;75;in triage state;R;is at the evacuation site
2761,3,evacueeManager,,OFF SHIP: White;0;Green;186;Yellow;28;Red;11;Black;275;ON SHIP: White;0;Green;0;Yellow;0;Red;0;Evacuees to Transfer;
2761,1252,evacuee,outES,Evacuee 163 in triage category R is not assigned a helicopter
2761,1252,evacuee,,Evacuee;163;in triage state;B;is at the evacuation site
2765.96,3,evacueeManager,,OFF SHIP: White;0;Green;186;Yellow;28;Red;10;Black;276;ON SHIP: White;0;Green;0;Yellow;0;Red;0;Evacuees to Transfer;
2765.96,1026,evacuee,outES,Evacuee 32 in triage category R is not assigned a helicopter
2765.96,1026,evacuee,,Evacuee;32;in triage state;B;is at the evacuation site
2767.91,3,evacueeManager,,OFF SHIP: White;0;Green;186;Yellow;27;Red;11;Black;276;ON SHIP: White;0;Green;0;Yellow;0;Red;0;Evacuees to Transfer;
2767.91,513,evacuee,outES,Evacuee 345 in triage category Y is not assigned a helicopter
2767.91,513,evacuee,,Evacuee;345;in triage state;R;is at the evacuation site
2772.81,3,evacueeManager,,OFF SHIP: White;0;Green;186;Yellow;27;Red;10;Black;277;ON SHIP: White;0;Green;0;Yellow;0;Red;0;Evacuees to Transfer;
2772.81,948,evacuee,outES,Evacuee 75 in triage category R is not assigned a helicopter
2772.81,948,evacuee,,Evacuee;75;in triage state;B;is at the evacuation site
2774.69,3,evacueeManager,,OFF SHIP: White;0;Green;186;Yellow;27;Red;9;Black;278;ON SHIP: White;0;Green;0;Yellow;0;Red;0;Evacuees to Transfer;
2774.69,513,evacuee,outES,Evacuee 345 in triage category R is not assigned a helicopter
2774.69,513,evacuee,,Evacuee;345;in triage state;B;is at the evacuation site
2778.24,3,evacueeManager,,OFF SHIP: White;0;Green;185;Yellow;28;Red;9;Black;278;ON SHIP: White;0;Green;0;Yellow;0;Red;0;Evacuees to Transfer;
2778.24,1180,evacuee,outES,Evacuee 308 in triage category G is not assigned a helicopter
2778.24,1180,evacuee,,Evacuee;308;in triage state;Y;is at the evacuation site
2778.71,3,evacueeManager,,OFF SHIP: White;0;Green;185;Yellow;28;Red;8;Black;279;ON SHIP: White;0;Green;0;Yellow;0;Red;0;Evacuees to Transfer;
2778.71,1471,evacuee,outES,Evacuee 113 in triage category R is not assigned a helicopter
2778.71,1471,evacuee,,Evacuee;113;in triage state;B;is at the evacuation site
2783.02,3,evacueeManager,,OFF SHIP: White;0;Green;185;Yellow;27;Red;9;Black;279;ON SHIP: White;0;Green;0;Yellow;0;Red;0;Evacuees to Transfer;
2783.02,363,evacuee,outES,Evacuee 413 in triage category Y is not assigned a helicopter
2783.02,363,evacuee,,Evacuee;413;in triage state;R;is at the evacuation site
2791.88,3,evacueeManager,,OFF SHIP: White;0;Green;185;Yellow;27;Red;8;Black;280;ON SHIP: White;0;Green;0;Yellow;0;Red;0;Evacuees to Transfer;
2791.88,732,evacuee,outES,Evacuee 147 in triage category R is not assigned a helicopter
2791.88,732,evacuee,,Evacuee;147;in triage state;B;is at the evacuation site
2791.97,3,evacueeManager,,OFF SHIP: White;0;Green;185;Yellow;26;Red;9;Black;280;ON SHIP: White;0;Green;0;Yellow;0;Red;0;Evacuees to Transfer;
2791.97,735,evacuee,outES,Evacuee 65 in triage category Y is not assigned a helicopter
2791.97,735,evacuee,,Evacuee;65;in triage state;R;is at the evacuation site
2799.23,3,evacueeManager,,OFF SHIP: White;0;Green;184;Yellow;27;Red;9;Black;280;ON SHIP: White;0;Green;0;Yellow;0;Red;0;Evacuees to Transfer;
2799.23,1327,evacuee,outES,Evacuee 417 in triage category G is not assigned a helicopter
2799.23,1327,evacuee,,Evacuee;417;in triage state;Y;is at the evacuation site
2801.52,3,evacueeManager,,OFF SHIP: White;0;Green;184;Yellow;27;Red;8;Black;281;ON SHIP: White;0;Green;0;Yellow;0;Red;0;Evacuees to Transfer;
2801.52,354,evacuee,outES,Evacuee 352 in triage category R is not assigned a helicopter
2801.52,354,evacuee,,Evacuee;352;in triage state;B;is at the evacuation site
2802.66,3,evacueeManager,,OFF SHIP: White;0;Green;184;Yellow;27;Red;7;Black;282;ON SHIP: White;0;Green;0;Yellow;0;Red;0;Evacuees to Transfer;
2802.66,441,evacuee,outES,Evacuee 262 in triage category R is not assigned a helicopter
2802.66,441,evacuee,,Evacuee;262;in triage state;B;is at the evacuation site
2805,1153,helicopter,,Helicopter;1;Is going to the evacuation site;;and has;0;spots taken
2808.18,3,evacueeManager,,OFF SHIP: White;0;Green;184;Yellow;26;Red;8;Black;282;ON SHIP: White;0;Green;0;Yellow;0;Red;0;Evacuees to Transfer;
2808.18,1029,evacuee,outES,Evacuee 34 in triage category Y is not assigned a helicopter
2808.18,1029,evacuee,,Evacuee;34;in triage state;R;is at the evacuation site
2808.69,3,evacueeManager,,OFF SHIP: White;0;Green;183;Yellow;27;Red;8;Black;282;ON SHIP: White;0;Green;0;Yellow;0;Red;0;Evacuees to Transfer;
2808.69,663,evacuee,outES,Evacuee 77 in triage category G is not assigned a helicopter
2808.69,663,evacuee,,Evacuee;77;in triage state;Y;is at the evacuation site
2817.45,3,evacueeManager,,OFF SHIP: White;0;Green;182;Yellow;28;Red;8;Black;282;ON SHIP: White;0;Green;0;Yellow;0;Red;0;Evacuees to Transfer;
2817.45,516,evacuee,outES,Evacuee 302 in triage category G is not assigned a helicopter
2817.45,516,evacuee,,Evacuee;302;in triage state;Y;is at the evacuation site
2826.33,3,evacueeManager,,OFF SHIP: White;0;Green;182;Yellow;27;Red;9;Black;282;ON SHIP: White;0;Green;0;Yellow;0;Red;0;Evacuees to Transfer;
2826.33,1023,evacuee,outES,Evacuee 24 in triage category Y is not assigned a helicopter
2826.33,1023,evacuee,,Evacuee;24;in triage state;R;is at the evacuation site
2832.41,3,evacueeManager,,OFF SHIP: White;0;Green;181;Yellow;28;Red;9;Black;282;ON SHIP: White;0;Green;0;Yellow;0;Red;0;Evacuees to Transfer;
2832.41,1474,evacuee,outES,Evacuee 239 in triage category G is not assigned a helicopter
2832.41,1474,evacuee,,Evacuee;239;in triage state;Y;is at the evacuation site
2836.14,3,evacueeManager,,OFF SHIP: White;0;Green;181;Yellow;27;Red;10;Black;282;ON SHIP: White;0;Green;0;Yellow;0;Red;0;Evacuees to Transfer;
2836.14,1327,evacuee,outES,Evacuee 417 in triage category Y is not assigned a helicopter
2836.14,1327,evacuee,,Evacuee;417;in triage state;R;is at the evacuation site
2836.95,3,evacueeManager,,OFF SHIP: White;0;Green;181;Yellow;27;Red;9;Black;283;ON SHIP: White;0;Green;0;Yellow;0;Red;0;Evacuees to Transfer;
2836.95,1023,evacuee,outES,Evacuee 24 in triage category R is not assigned a helicopter
2836.95,1023,evacuee,,Evacuee;24;in triage state;B;is at the evacuation site
2837.51,3,evacueeManager,,OFF SHIP: White;0;Green;181;Yellow;27;Red;8;Black;284;ON SHIP: White;0;Green;0;Yellow;0;Red;0;Evacuees to Transfer;
2837.51,735,evacuee,outES,Evacuee 65 in triage category R is not assigned a helicopter
2837.51,735,evacuee,,Evacuee;65;in triage state;B;is at the evacuation site
2841.09,3,evacueeManager,,OFF SHIP: White;0;Green;180;Yellow;28;Red;8;Black;284;ON SHIP: White;0;Green;0;Yellow;0;Red;0;Evacuees to Transfer;
2841.09,218,evacuee,outES,Evacuee 371 in triage category G is not assigned a helicopter
2841.09,218,evacuee,,Evacuee;371;in triage state;Y;is at the evacuation site
2847.15,3,evacueeManager,,OFF SHIP: White;0;Green;180;Yellow;28;Red;7;Black;285;ON SHIP: White;0;Green;0;Yellow;0;Red;0;Evacuees to Transfer;
2847.15,363,evacuee,outES,Evacuee 413 in triage category R is not assigned a helicopter
2847.15,363,evacuee,,Evacuee;413;in triage state;B;is at the evacuation site
2848.03,3,evacueeManager,,OFF SHIP: White;0;Green;179;Yellow;29;Red;7;Black;285;ON SHIP: White;0;Green;0;Yellow;0;Red;0;Evacuees to Transfer;
2848.03,810,evacuee,outES,Evacuee 85 in triage category G is not assigned a helicopter
2848.03,810,evacuee,,Evacuee;85;in triage state;Y;is at the evacuation site
2854.08,3,evacueeManager,,OFF SHIP: White;0;Green;179;Yellow;29;Red;6;Black;286;ON SHIP: White;0;Green;0;Yellow;0;Red;0;Evacuees to Transfer;
2854.08,1327,evacuee,outES,Evacuee 417 in triage category R is not assigned a helicopter
2854.08,1327,evacuee,,Evacuee;417;in triage state;B;is at the evacuation site
2857.8,3,evacueeManager,,OFF SHIP: White;0;Green;179;Yellow;29;Red;5;Black;287;ON SHIP: White;0;Green;0;Yellow;0;Red;0;Evacuees to Transfer;
2857.8,1249,evacuee,outES,Evacuee 162 in triage category R is not assigned a helicopter
2857.8,1249,evacuee,,Evacuee;162;in triage state;B;is at the evacuation site
2858.46,3,evacueeManager,,OFF SHIP: White;0;Green;179;Yellow;28;Red;6;Black;287;ON SHIP: White;0;Green;0;Yellow;0;Red;0;Evacuees to Transfer;
2858.46,951,evacuee,outES,Evacuee 37 in triage category Y is not assigned a helicopter
2858.46,951,evacuee,,Evacuee;37;in triage state;R;is at the evacuation site
2867.66,3,evacueeManager,,OFF SHIP: White;0;Green;179;Yellow;28;Red;5;Black;288;ON SHIP: White;0;Green;0;Yellow;0;Red;0;Evacuees to Transfer;
2867.66,1396,evacuee,outES,Evacuee 206 in triage category R is not assigned a helicopter
2867.66,1396,evacuee,,Evacuee;206;in triage state;B;is at the evacuation site
2880,5,helicopterQueue,,1;Helos are waiting to land;HeloID;1
2880,1153,helicopter,outES,Helicopter 1 is evacuating people1
2880,1153,helicopter,,Helicopter;1;is waiting to land at the evacuation site;;and has;0;spots taken
2880,4,helipadManager,,;No helos are at ES
2880,5,helicopterQueue,outHM,Helicopter 1 is evacuating people1
2880,5,helicopterQueue,outHelo,Helicopter 1 is evacuating people1
2880,5,helicopterQueue,,;No helos are waiting to land
2880,1152,filterES,,Helicopter;1;is evacuating people
2880,3,evacueeManager,,OFF SHIP: White;0;Green;169;Yellow;28;Red;5;Black;288;ON SHIP: White;0;Green;0;Yellow;0;Red;0;Evacuees to Transfer;;EvacueeID;2;HeloID;1;OnShip;0;Triage Status;G;EvacueeID;6;HeloID;1;OnShip;0;Triage Status;G;EvacueeID;9;HeloID;1;OnShip;0;Triage Status;G;EvacueeID;12;HeloID;1;OnShip;0;Triage Status;G;EvacueeID;14;HeloID;1;OnShip;0;Triage Status;G;EvacueeID;16;HeloID;1;OnShip;0;Triage Status;G;EvacueeID;20;HeloID;1;OnShip;0;Triage Status;G;EvacueeID;22;HeloID;1;OnShip;0;Triage Status;G;EvacueeID;25;HeloID;1;OnShip;0;Triage Status;G;EvacueeID;27;HeloID;1;OnShip;0;Triage Status;G
2880,4,helipadManager,outEM,Helicopter 1 is evacuating people1
2880,4,helipadManager,,Helo;1;is at the ES
2880,1152,filterES,out,Helicopter 1 is evacuating people1
2880,1152,filterES,,
2880,1153,helicopter,,Helicopter;1;is waiting to land at the evacuation site;;and has;0;spots taken
2880,3,evacueeManager,outEvac,Evacuee 2 in triage category G is assigned helicopter 1
2880,3,evacueeManager,outEvac,Evacuee 6 in triage category G is assigned helicopter 1
2880,3,evacueeManager,outEvac,Evacuee 9 in triage category G is assigned helicopter 1
2880,3,evacueeManager,outEvac,Evacuee 12 in triage category G is assigned helicopter 1
2880,3,evacueeManager,outEvac,Evacuee 14 in triage category G is assigned helicopter 1
2880,3,evacueeManager,outEvac,Evacuee 16 in triage category G is assigned helicopter 1
2880,3,evacueeManager,outEvac,Evacuee 20 in triage category G is assigned helicopter 1
2880,3,evacueeManager,outEvac,Evacuee 22 in triage category G is assigned helicopter 1
2880,3,evacueeManager,outEvac,Evacuee 25 in triage category G is assigned helicopter 1
2880,3,evacueeManager,outEvac,Evacuee 27 in triage category G is assigned helicopter 1
2880,3,evacueeManager,,OFF SHIP: White;0;Green;169;Yellow;28;Red;5;Black;288;ON SHIP: White;0;Green;0;Yellow;0;Red;0;Evacuees to Transfer;
2880,7,filterLoc,,
2880,10,filterLoc,,
2880,13,filterLoc,,
2880,16,filterLoc,,
2880,19,filterLoc,,
2880,22,filterLoc,,
2880,25,filterLoc,,
2880,28,filterLoc,,
2880,31,filterLoc,,
2880,34,filterLoc,,
2880,37,filterLoc,,
2880,40,filterLoc,,
2880,43,filterLoc,,
2880,46,filterLoc,,
2880,49,filterLoc,,
2880,52,filterLoc,,
2880,55,filterLoc,,
2880,58,filterLoc,,
2880,61,filterLoc,,
2880,64,filterLoc,,
2880,67,filterLoc,,
2880,70,filterLoc,,
2880,73,filterLoc,,
2880,76,filterLoc,,
2880,79,filterLoc,,
2880,82,filterLoc,,
2880,85,filterLoc,,
2880,88,filterLoc,,
2880,91,filterLoc,,
2880,94,filterLoc,,
2880,97,filterLoc,,
2880,100,filterLoc,,
2880,103,filterLoc,,
2880,106,filterLoc,,
2880,109,filterLoc,,
2880,112,filterLoc,,
2880,115,filterLoc,,
2880,118,filterLoc,,
2880,121,filterLoc,,
2880,124,filterLoc,,
2880,127,filterLoc,,
2880,130,filterLoc,,
2880,133,filterLoc,,
2880,136,filterLoc,,
2880,139,filterLoc,,
2880,142,filterLoc,,
2880,145,filterLoc,,
2880,148,filterLoc,,
2880,151,filterLoc,,
2880,154,filterLoc,,
2880,157,filterLoc,,
2880,160,filterLoc,,
2880,163,filterLoc,,
2880,166,filterLoc,,
2880,169,filterLoc,,
2880,172,filterLoc,,
2880,175,filterLoc,,
2880,178,filterLoc,,
2880,181,filterLoc,,
2880,184,filterLoc,,
2880,187,filterLoc,,
2880,190,filterLoc,,
2880,193,filterLoc,,
2880,196,filterLoc,,
2880,199,filterLoc,,
2880,202,filterLoc,,
2880,205,filterLoc,,
2880,208,filterLoc,,
2880,211,filterLoc,,
2880,214,filterLoc,,
2880,217,filterLoc,,
2880,221,filterLoc,,
2880,224,filterLoc,,
2880,227,filterLoc,,
2880,230,filterLoc,,
2880,233,filterLoc,,
2880,236,filterLoc,,
2880,239,filterLoc,,
2880,242,filterLoc,,
2880,245,filterLoc,,
2880,248,filterLoc,,
2880,251,filterLoc,,
2880,254,filterLoc,,
2880,257,filterLoc,,
2880,260,filterLoc,,
2880,263,filterLoc,,
2880,266,filterLoc,,
2880,269,filterLoc,,
2880,272,filterLoc,,
2880,275,filterLoc,,
2880,278,filterLoc,,
2880,281,filterLoc,,
2880,284,filterLoc,,
2880,287,filterLoc,,
2880,290,filterLoc,,
2880,293,filterLoc,,
2880,296,filterLoc,,
2880,299,filterLoc,,
2880,302,filterLoc,,
2880,305,filterLoc,,
2880,308,filterLoc,,
2880,311,filterLoc,,
2880,314,filterLoc,,
2880,317,filterLoc,,
2880,320,filterLoc,,
2880,323,filterLoc,,
2880,326,filterLoc,,
2880,329,filterLoc,,
2880,332,filterLoc,,
2880,335,filterLoc,,
2880,338,filterLoc,,
2880,341,filterLoc,,
2880,344,filterLoc,,
2880,347,filterLoc,,
2880,350,filterLoc,,
2880,353,filterLoc,,
2880,356,filterLoc,,
2880,359,filterLoc,,
2880,362,filterLoc,,
2880,365,filterLoc,,
2880,368,filterLoc,,
2880,371,filterLoc,,
2880,374,filterLoc,,
2880,377,filterLoc,,
2880,380,filterLoc,,
2880,383,filterLoc,,
2880,386,filterLoc,,
2880,389,filterLoc,,
2880,392,filterLoc,,
2880,395,filterLoc,,
2880,398,filterLoc,,
2880,401,filterLoc,,
2880,404,filterLoc,,
2880,407,filterLoc,,
2880,410,filterLoc,,
2880,413,filterLoc,,
2880,416,filterLoc,,
2880,419,filterLoc,,
2880,422,filterLoc,,
2880,425,filterLoc,,
2880,428,filterLoc,,
2880,431,filterLoc,,
2880,434,filterLoc,,
2880,437,filterLoc,,
2880,440,filterLoc,,
2880,443,filterLoc,,
2880,446,filterLoc,,
2880,449,filterLoc,,
2880,452,filterLoc,,
2880,455,filterLoc,,
2880,458,filterLoc,,
2880,461,filterLoc,,
2880,464,filterLoc,,
2880,467,filterLoc,,
2880,470,filterLoc,,
2880,473,filterLoc,,
2880,476,filterLoc,,
2880,479,filterLoc,,
2880,482,filterLoc,,
2880,485,filterLoc,,
2880,488,filterLoc,,
2880,491,filterLoc,,
2880,494,filterLoc,,
2880,497,filterLoc,,
2880,500,filterLoc,,
2880,503,filterLoc,,
2880,506,filterLoc,,
2880,509,filterLoc,,
2880,512,filterLoc,,
2880,515,filterLoc,,
2880,518,filterLoc,,
2880,521,filterLoc,,
2880,524,filterLoc,,
2880,527,filterLoc,,
2880,530,filterLoc,,
2880,533,filterLoc,,
2880,536,filterLoc,,
2880,539,filterLoc,,
2880,542,filterLoc,,
2880,545,filterLoc,,
2880,548,filterLoc,,
2880,551,filterLoc,,
2880,554,filterLoc,,
2880,557,filterLoc,,
2880,560,filterLoc,,
2880,563,filterLoc,,
2880,566,filterLoc,,
2880,569,filterLoc,,
2880,572,filterLoc,,
2880,575,filterLoc,,
2880,578,filterLoc,,
2880,581,filterLoc,,
2880,584,filterLoc,,
2880,587,filterLoc,,
2880,590,filterLoc,,
2880,593,filterLoc,,
2880,596,filterLoc,,
2880,599,filterLoc,,
2880,602,filterLoc,,
2880,605,filterLoc,,
2880,608,filterLoc,,
2880,611,filterLoc,,
2880,614,filterLoc,,
2880,617,filterLoc,,
2880,620,filterLoc,,
2880,623,filterLoc,,
2880,626,filterLoc,,
2880,629,filterLoc,,
2880,632,filterLoc,,
2880,635,filterLoc,,
2880,638,filterLoc,,
2880,641,filterLoc,,
2880,644,filterLoc,,
2880,647,filterLoc,,
2880,650,filterLoc,,
2880,653,filterLoc,,
2880,656,filterLoc,,
2880,659,filterLoc,,
2880,662,filterLoc,,
2880,665,filterLoc,,
2880,668,filterLoc,,
2880,671,filterLoc,,
2880,674,filterLoc,,
2880,677,filterLoc,,
2880,680,filterLoc,,
2880,683,filterLoc,,
2880,686,filterLoc,,
2880,689,filterLoc,,
2880,692,filterLoc,,
2880,695,filterLoc,,
2880,698,filterLoc,,
2880,701,filterLoc,,
2880,704,filterLoc,,
2880,707,filterLoc,,
2880,710,filterLoc,,
2880,713,filterLoc,,
2880,716,filterLoc,,
2880,719,filterLoc,,
2880,722,filterLoc,,
2880,725,filterLoc,,
2880,728,filterLoc,,
2880,731,filterLoc,,
2880,734,filterLoc,,
2880,737,filterLoc,,;Evacuee;14;in triage category;G;is entering helicopter;1
2880,740,filterLoc,,
2880,743,filterLoc,,;Evacuee;2;in triage category;G;is entering helicopter;1
2880,746,filterLoc,,
2880,749,filterLoc,,
2880,752,filterLoc,,;Evacuee;9;in triage category;G;is entering helicopter;1
2880,755,filterLoc,,;Evacuee;25;in triage category;G;is entering helicopter;1
2880,758,filterLoc,,
2880,761,filterLoc,,
2880,764,filterLoc,,
2880,767,filterLoc,,
2880,770,filterLoc,,
2880,773,filterLoc,,
2880,776,filterLoc,,
2880,779,filterLoc,,
2880,782,filterLoc,,
2880,785,filterLoc,,
2880,788,filterLoc,,
2880,791,filterLoc,,
2880,794,filterLoc,,
2880,797,filterLoc,,
2880,800,filterLoc,,
2880,803,filterLoc,,
2880,806,filterLoc,,
2880,809,filterLoc,,
2880,812,filterLoc,,
2880,815,filterLoc,,
2880,818,filterLoc,,
2880,821,filterLoc,,
2880,824,filterLoc,,
2880,827,filterLoc,,
2880,830,filterLoc,,
2880,833,filterLoc,,
2880,836,filterLoc,,
2880,839,filterLoc,,
2880,842,filterLoc,,
2880,845,filterLoc,,
2880,848,filterLoc,,
2880,851,filterLoc,,
2880,854,filterLoc,,
2880,857,filterLoc,,
2880,860,filterLoc,,
2880,863,filterLoc,,
2880,866,filterLoc,,
2880,869,filterLoc,,
2880,872,filterLoc,,
2880,875,filterLoc,,
2880,878,filterLoc,,
2880,881,filterLoc,,
2880,884,filterLoc,,;Evacuee;22;in triage category;G;is entering helicopter;1
2880,887,filterLoc,,
2880,890,filterLoc,,
2880,893,filterLoc,,
2880,896,filterLoc,,
2880,899,filterLoc,,;Evacuee;6;in triage category;G;is entering helicopter;1
2880,902,filterLoc,,
2880,905,filterLoc,,
2880,908,filterLoc,,
2880,911,filterLoc,,
2880,914,filterLoc,,
2880,917,filterLoc,,
2880,920,filterLoc,,
2880,923,filterLoc,,
2880,926,filterLoc,,
2880,929,filterLoc,,
2880,932,filterLoc,,
2880,935,filterLoc,,
2880,938,filterLoc,,
2880,941,filterLoc,,
2880,944,filterLoc,,
2880,947,filterLoc,,
2880,950,filterLoc,,
2880,953,filterLoc,,
2880,956,filterLoc,,
2880,959,filterLoc,,
2880,962,filterLoc,,
2880,965,filterLoc,,
2880,968,filterLoc,,
2880,971,filterLoc,,
2880,974,filterLoc,,
2880,977,filterLoc,,
2880,980,filterLoc,,
2880,983,filterLoc,,
2880,986,filterLoc,,
2880,989,filterLoc,,
2880,992,filterLoc,,
2880,995,filterLoc,,
2880,998,filterLoc,,
2880,1001,filterLoc,,
2880,1004,filterLoc,,
2880,1007,filterLoc,,
2880,1010,filterLoc,,
2880,1013,filterLoc,,
2880,1016,filterLoc,,
2880,1019,filterLoc,,
2880,1022,filterLoc,,
2880,1025,filterLoc,,
2880,1028,filterLoc,,
2880,1031,filterLoc,,
2880,1034,filterLoc,,
2880,1037,filterLoc,,
2880,1040,filterLoc,,
2880,1043,filterLoc,,;Evacuee;20;in triage category;G;is entering helicopter;1
2880,1046,filterLoc,,
2880,1049,filterLoc,,
2880,1052,filterLoc,,
2880,1055,filterLoc,,
2880,1058,filterLoc,,
2880,1061,filterLoc,,
2880,1064,filterLoc,,
2880,1067,filterLoc,,
2880,1070,filterLoc,,
2880,1073,filterLoc,,
2880,1076,filterLoc,,
2880,1079,filterLoc,,
2880,1082,filterLoc,,
2880,1085,filterLoc,,
2880,1088,filterLoc,,
2880,1091,filterLoc,,
2880,1094,filterLoc,,
2880,1097,filterLoc,,
2880,1100,filterLoc,,
2880,1103,filterLoc,,
2880,1106,filterLoc,,
2880,1109,filterLoc,,
2880,1112,filterLoc,,
2880,1115,filterLoc,,
2880,1118,filterLoc,,
2880,1121,filterLoc,,
2880,1124,filterLoc,,
2880,1127,filterLoc,,
2880,1130,filterLoc,,
2880,1133,filterLoc,,
2880,1136,filterLoc,,
2880,1139,filterLoc,,
2880,1142,filterLoc,,
2880,1145,filterLoc,,
2880,1148,filterLoc,,
2880,1153,helicopter,,Helicopter;1;is loading people at the evacuation site;;and has;0;spots taken
2880,1155,filterLoc,,
2880,1158,filterLoc,,
2880,1161,filterLoc,,
2880,1164,filterLoc,,
2880,1167,filterLoc,,
2880,1170,filterLoc,,
2880,1173,filterLoc,,
2880,1176,filterLoc,,
2880,1179,filterLoc,,
2880,1182,filterLoc,,
2880,1185,filterLoc,,
2880,1188,filterLoc,,
2880,1191,filterLoc,,
2880,1194,filterLoc,,
2880,1197,filterLoc,,
2880,1200,filterLoc,,
2880,1203,filterLoc,,
2880,1206,filterLoc,,
2880,1209,filterLoc,,
2880,1212,filterLoc,,
2880,1215,filterLoc,,
2880,1218,filterLoc,,
2880,1221,filterLoc,,
2880,1224,filterLoc,,
2880,1227,filterLoc,,
2880,1230,filterLoc,,
2880,1233,filterLoc,,
2880,1236,filterLoc,,
2880,1239,filterLoc,,
2880,1242,filterLoc,,
2880,1245,filterLoc,,
2880,1248,filterLoc,,
2880,1251,filterLoc,,
2880,1254,filterLoc,,
2880,1257,filterLoc,,;Evacuee;16;in triage category;G;is entering helicopter;1
2880,1260,filterLoc,,
2880,1263,filterLoc,,
2880,1266,filterLoc,,
2880,1269,filterLoc,,
2880,1272,filterLoc,,
2880,1275,filterLoc,,
2880,1278,filterLoc,,
2880,1281,filterLoc,,
2880,1284,filterLoc,,
2880,1287,filterLoc,,
2880,1290,filterLoc,,
2880,1293,filterLoc,,
2880,1296,filterLoc,,
2880,1299,filterLoc,,
2880,1302,filterLoc,,
2880,1305,filterLoc,,
2880,1308,filterLoc,,
2880,1311,filterLoc,,
2880,1314,filterLoc,,
2880,1317,filterLoc,,
2880,1320,filterLoc,,
2880,1323,filterLoc,,
2880,1326,filterLoc,,
2880,1329,filterLoc,,
2880,1332,filterLoc,,
2880,1335,filterLoc,,
2880,1338,filterLoc,,
2880,1341,filterLoc,,
2880,1344,filterLoc,,
2880,1347,filterLoc,,
2880,1350,filterLoc,,
2880,1353,filterLoc,,
2880,1356,filterLoc,,
2880,1359,filterLoc,,
2880,1362,filterLoc,,
2880,1365,filterLoc,,
2880,1368,filterLoc,,
2880,1371,filterLoc,,
2880,1374,filterLoc,,
2880,1377,filterLoc,,
2880,1380,filterLoc,,
2880,1383,filterLoc,,
2880,1386,filterLoc,,
2880,1389,filterLoc,,
2880,1392,filterLoc,,
2880,1395,filterLoc,,
2880,1398,filterLoc,,
2880,1401,filterLoc,,
2880,1404,filterLoc,,;Evacuee;27;in triage category;G;is entering helicopter;1
2880,1407,filterLoc,,
2880,1410,filterLoc,,
2880,1413,filterLoc,,
2880,1416,filterLoc,,;Evacuee;12;in triage category;G;is entering helicopter;1
2880,1419,filterLoc,,
2880,1422,filterLoc,,
2880,1425,filterLoc,,
2880,1428,filterLoc,,
2880,1431,filterLoc,,
2880,1434,filterLoc,,
2880,1437,filterLoc,,
2880,1440,filterLoc,,
2880,1443,filterLoc,,
2880,1446,filterLoc,,
2880,1449,filterLoc,,
2880,1452,filterLoc,,
2880,1455,filterLoc,,
2880,1458,filterLoc,,
2880,1461,filterLoc,,
2880,1464,filterLoc,,
2880,1467,filterLoc,,
2880,1470,filterLoc,,
2880,1473,filterLoc,,
2880,1476,filterLoc,,
2880,1479,filterLoc,,
2880,1482,filterLoc,,
2880,1485,filterLoc,,
2880,1488,filterLoc,,
2880,1491,filterLoc,,
2880,1494,filterLoc,,
2880,1497,filterLoc,,
2880,1500,filterLoc,,
2880,1503,filterLoc,,
2880,1506,filterLoc,,
2880,1509,filterLoc,,
2880,737,filterLoc,out,Evacuee 14 in triage category G is assigned helicopter 1
2880,737,filterLoc,,
2880,738,evacuee,,Evacuee;14;in triage state;G;is entering helicopter;1
2880,743,filterLoc,out,Evacuee 2 in triage category G is assigned helicopter 1
2880,743,filterLoc,,
2880,744,evacuee,,Evacuee;2;in triage state;G;is entering helicopter;1
2880,752,filterLoc,out,Evacuee 9 in triage category G is assigned helicopter 1
2880,752,filterLoc,,
2880,753,evacuee,,Evacuee;9;in triage state;G;is entering helicopter;1
2880,755,filterLoc,out,Evacuee 25 in triage category G is assigned helicopter 1
2880,755,filterLoc,,
2880,756,evacuee,,Evacuee;25;in triage state;G;is entering helicopter;1
2880,884,filterLoc,out,Evacuee 22 in triage category G is assigned helicopter 1
2880,884,filterLoc,,
2880,885,evacuee,,Evacuee;22;in triage state;G;is entering helicopter;1
2880,899,filterLoc,out,Evacuee 6 in triage category G is assigned helicopter 1
2880,899,filterLoc,,
2880,900,evacuee,,Evacuee;6;in triage state;G;is entering helicopter;1
2880,1043,filterLoc,out,Evacuee 20 in triage category G is assigned helicopter 1
2880,1043,filterLoc,,
2880,1044,evacuee,,Evacuee;20;in triage state;G;is entering helicopter;1
2880,1257,filterLoc,out,Evacuee 16 in triage category G is assigned helicopter 1
2880,1257,filterLoc,,
2880,1258,evacuee,,Evacuee;16;in triage state;G;is entering helicopter;1
2880,1404,filterLoc,out,Evacuee 27 in triage category G is assigned helicopter 1
2880,1404,filterLoc,,
2880,1405,evacuee,,Evacuee;27;in triage state;G;is entering helicopter;1
2880,1416,filterLoc,out,Evacuee 12 in triage category G is assigned helicopter 1
2880,1416,filterLoc,,
2880,1417,evacuee,,Evacuee;12;in triage state;G;is entering helicopter;1
2880,738,evacuee,outHelo,Evacuee 14 in triage category G is assigned helicopter 1
2880,738,evacuee,,Evacuee;14;in triage state;G;is in helicopter;1
2880,744,evacuee,outHelo,Evacuee 2 in triage category G is assigned helicopter 1
2880,744,evacuee,,Evacuee;2;in triage state;G;is in helicopter;1
2880,753,evacuee,outHelo,Evacuee 9 in triage category G is assigned helicopter 1
2880,753,evacuee,,Evacuee;9;in triage state;G;is in helicopter;1
2880,756,evacuee,outHelo,Evacuee 25 in triage category G is assigned helicopter 1
2880,756,evacuee,,Evacuee;25;in triage state;G;is in helicopter;1
2880,885,evacuee,outHelo,Evacuee 22 in triage category G is assigned helicopter 1
2880,885,evacuee,,Evacuee;22;in triage state;G;is in helicopter;1
2880,900,evacuee,outHelo,Evacuee 6 in triage category G is assigned helicopter 1
2880,900,evacuee,,Evacuee;6;in triage state;G;is in helicopter;1
2880,1044,evacuee,outHelo,Evacuee 20 in triage category G is assigned helicopter 1
2880,1044,evacuee,,Evacuee;20;in triage state;G;is in helicopter;1
2880,1151,filterEvac,,;Evacuee;2;in triage category;G;is entering helicopter;1;Evacuee;6;in triage category;G;is entering helicopter;1;Evacuee;9;in triage category;G;is entering helicopter;1;Evacuee;12;in triage category;G;is entering helicopter;1;Evacuee;14;in triage category;G;is entering helicopter;1;Evacuee;16;in triage category;G;is entering helicopter;1;Evacuee;20;in triage category;G;is entering helicopter;1;Evacuee;22;in triage category;G;is entering helicopter;1;Evacuee;25;in triage category;G;is entering helicopter;1;Evacuee;27;in triage category;G;is entering helicopter;1
2880,1258,evacuee,outHelo,Evacuee 16 in triage category G is assigned helicopter 1
2880,1258,evacuee,,Evacuee;16;in triage state;G;is in helicopter;1
2880,1405,evacuee,outHelo,Evacuee 27 in triage category G is assigned helicopter 1
2880,1405,evacuee,,Evacuee;27;in triage state;G;is in helicopter;1
2880,1417,evacuee,outHelo,Evacuee 12 in triage category G is assigned helicopter 1
2880,1417,evacuee,,Evacuee;12;in triage state;G;is in helicopter;1
2880,1151,filterEvac,out,Evacuee 2 in triage category G is assigned helicopter 1
2880,1151,filterEvac,out,Evacuee 6 in triage category G is assigned helicopter 1
2880,1151,filterEvac,out,Evacuee 9 in triage category G is assigned helicopter 1
2880,1151,filterEvac,out,Evacuee 12 in triage category G is assigned helicopter 1
2880,1151,filterEvac,out,Evacuee 14 in triage category G is assigned helicopter 1
2880,1151,filterEvac,out,Evacuee 16 in triage category G is assigned helicopter 1
2880,1151,filterEvac,out,Evacuee 20 in triage category G is assigned helicopter 1
2880,1151,filterEvac,out,Evacuee 22 in triage category G is assigned helicopter 1
2880,1151,filterEvac,out,Evacuee 25 in triage category G is assigned helicopter 1
2880,1151,filterEvac,out,Evacuee 27 in triage category G is assigned helicopter 1
2880,1151,filterEvac,,
2880,1153,helicopter,,Helicopter;1;is loading people at the evacuation site;;and has;10;spots taken
2884.43,3,evacueeManager,,OFF SHIP: White;0;Green;169;Yellow;27;Red;6;Black;288;ON SHIP: White;0;Green;0;Yellow;0;Red;0;Evacuees to Transfer;
2884.43,1450,evacuee,outES,Evacuee 267 in triage category Y is not assigned a helicopter
2884.43,1450,evacuee,,Evacuee;267;in triage state;R;is at the evacuation site
2886.17,3,evacueeManager,,OFF SHIP: White;0;Green;169;Yellow;27;Red;5;Black;289;ON SHIP: White;0;Green;0;Yellow;0;Red;0;Evacuees to Transfer;
2886.17,1095,evacuee,outES,Evacuee 144 in triage category R is not assigned a helicopter
2886.17,1095,evacuee,,Evacuee;144;in triage state;B;is at the evacuation site
2895,4,helipadManager,outHelo,Helicopter 1 is evacuating people1
2895,4,helipadManager,,;No helos are at ES
2895,1152,filterES,,Helicopter;1;is evacuating people
2895,4,helipadManager,outHQ,0
2895,4,helipadManager,,;No helos are at ES
2895,5,helicopterQueue,,;No helos are waiting to land
2895,1152,filterES,out,Helicopter 1 is evacuating people1
2895,1152,filterES,,
2895,1153,helicopter,,Helicopter;1;is loading people at the evacuation site;;and has;10;spots taken
2895,5,helicopterQueue,,;No helos are waiting to land
2895,1153,helicopter,,Helicopter;1;is returning to the FOL;;and has;10;spots taken
2896.65,3,evacueeManager,,OFF SHIP: White;0;Green;169;Yellow;26;Red;6;Black;289;ON SHIP: White;0;Green;0;Yellow;0;Red;0;Evacuees to Transfer;
2896.65,68,evacuee,outES,Evacuee 459 in triage category Y is not assigned a helicopter
2896.65,68,evacuee,,Evacuee;459;in triage state;R;is at the evacuation site
2906.4,3,evacueeManager,,OFF SHIP: White;0;Green;168;Yellow;27;Red;6;Black;289;ON SHIP: White;0;Green;0;Yellow;0;Red;0;Evacuees to Transfer;
2906.4,957,evacuee,outES,Evacuee 209 in triage category G is not assigned a helicopter
2906.4,957,evacuee,,Evacuee;209;in triage state;Y;is at the evacuation site
2908.32,3,evacueeManager,,OFF SHIP: White;0;Green;168;Yellow;27;Red;5;Black;290;ON SHIP: White;0;Green;0;Yellow;0;Red;0;Evacuees to Transfer;
2908.32,951,evacuee,outES,Evacuee 37 in triage category R is not assigned a helicopter
2908.32,951,evacuee,,Evacuee;37;in triage state;B;is at the evacuation site
2909.72,3,evacueeManager,,OFF SHIP: White;0;Green;167;Yellow;28;Red;5;Black;290;ON SHIP: White;0;Green;0;Yellow;0;Red;0;Evacuees to Transfer;
2909.72,1104,evacuee,outES,Evacuee 182 in triage category G is not assigned a helicopter
2909.72,1104,evacuee,,Evacuee;182;in triage state;Y;is at the evacuation site
2932.45,3,evacueeManager,,OFF SHIP: White;0;Green;167;Yellow;28;Red;4;Black;291;ON SHIP: White;0;Green;0;Yellow;0;Red;0;Evacuees to Transfer;
2932.45,1029,evacuee,outES,Evacuee 34 in triage category R is not assigned a helicopter
2932.45,1029,evacuee,,Evacuee;34;in triage state;B;is at the evacuation site
2933.7,3,evacueeManager,,OFF SHIP: White;0;Green;167;Yellow;27;Red;5;Black;291;ON SHIP: White;0;Green;0;Yellow;0;Red;0;Evacuees to Transfer;
2933.7,957,evacuee,outES,Evacuee 209 in triage category Y is not assigned a helicopter
2933.7,957,evacuee,,Evacuee;209;in triage state;R;is at the evacuation site
2935.12,3,evacueeManager,,OFF SHIP: White;0;Green;167;Yellow;26;Red;6;Black;291;ON SHIP: White;0;Green;0;Yellow;0;Red;0;Evacuees to Transfer;
2935.12,206,evacuee,outES,Evacuee 377 in triage category Y is not assigned a helicopter
2935.12,206,evacuee,,Evacuee;377;in triage state;R;is at the evacuation site
2940.38,3,evacueeManager,,OFF SHIP: White;0;Green;167;Yellow;26;Red;5;Black;292;ON SHIP: White;0;Green;0;Yellow;0;Red;0;Evacuees to Transfer;
2940.38,206,evacuee,outES,Evacuee 377 in triage category R is not assigned a helicopter
2940.38,206,evacuee,,Evacuee;377;in triage state;B;is at the evacuation site
2941.12,3,evacueeManager,,OFF SHIP: White;0;Green;167;Yellow;25;Red;6;Black;292;ON SHIP: White;0;Green;0;Yellow;0;Red;0;Evacuees to Transfer;
2941.12,1177,evacuee,outES,Evacuee 129 in triage category Y is not assigned a helicopter
2941.12,1177,evacuee,,Evacuee;129;in triage state;R;is at the evacuation site
2941.15,3,evacueeManager,,OFF SHIP: White;0;Green;166;Yellow;26;Red;6;Black;292;ON SHIP: White;0;Green;0;Yellow;0;Red;0;Evacuees to Transfer;
2941.15,294,evacuee,outES,Evacuee 326 in triage category G is not assigned a helicopter
2941.15,294,evacuee,,Evacuee;326;in triage state;Y;is at the evacuation site
2942.7,3,evacueeManager,,OFF SHIP: White;0;Green;166;Yellow;25;Red;7;Black;292;ON SHIP: White;0;Green;0;Yellow;0;Red;0;Evacuees to Transfer;
2942.7,59,evacuee,outES,Evacuee 463 in triage category Y is not assigned a helicopter
2942.7,59,evacuee,,Evacuee;463;in triage state;R;is at the evacuation site
2951.13,3,evacueeManager,,OFF SHIP: White;0;Green;166;Yellow;25;Red;6;Black;293;ON SHIP: White;0;Green;0;Yellow;0;Red;0;Evacuees to Transfer;
2951.13,1177,evacuee,outES,Evacuee 129 in triage category R is not assigned a helicopter
2951.13,1177,evacuee,,Evacuee;129;in triage state;B;is at the evacuation site
2956.67,3,evacueeManager,,OFF SHIP: White;0;Green;166;Yellow;25;Red;5;Black;294;ON SHIP: White;0;Green;0;Yellow;0;Red;0;Evacuees to Transfer;
2956.67,59,evacuee,outES,Evacuee 463 in triage category R is not assigned a helicopter
2956.67,59,evacuee,,Evacuee;463;in triage state;B;is at the evacuation site
2959.08,3,evacueeManager,,OFF SHIP: White;0;Green;166;Yellow;25;Red;4;Black;295;ON SHIP: White;0;Green;0;Yellow;0;Red;0;Evacuees to Transfer;
2959.08,957,evacuee,outES,Evacuee 209 in triage category R is not assigned a helicopter
2959.08,957,evacuee,,Evacuee;209;in triage state;B;is at the evacuation site
2968.14,3,evacueeManager,,OFF SHIP: White;0;Green;166;Yellow;25;Red;3;Black;296;ON SHIP: White;0;Green;0;Yellow;0;Red;0;Evacuees to Transfer;
2968.14,1450,evacuee,outES,Evacuee 267 in triage category R is not assigned a helicopter
2968.14,1450,evacuee,,Evacuee;267;in triage state;B;is at the evacuation site
2970,7,filterLoc,,
2970,10,filterLoc,,
2970,13,filterLoc,,
2970,16,filterLoc,,
2970,19,filterLoc,,
2970,22,filterLoc,,
2970,25,filterLoc,,
2970,28,filterLoc,,
2970,31,filterLoc,,
2970,34,filterLoc,,
2970,37,filterLoc,,
2970,40,filterLoc,,
2970,43,filterLoc,,
2970,46,filterLoc,,
2970,49,filterLoc,,
2970,52,filterLoc,,
2970,55,filterLoc,,
2970,58,filterLoc,,
2970,61,filterLoc,,
2970,64,filterLoc,,
2970,67,filterLoc,,
2970,70,filterLoc,,
2970,73,filterLoc,,
2970,76,filterLoc,,
2970,79,filterLoc,,
2970,82,filterLoc,,
2970,85,filterLoc,,
2970,88,filterLoc,,
2970,91,filterLoc,,
2970,94,filterLoc,,
2970,97,filterLoc,,
2970,100,filterLoc,,
2970,103,filterLoc,,
2970,106,filterLoc,,
2970,109,filterLoc,,
2970,112,filterLoc,,
2970,115,filterLoc,,
2970,118,filterLoc,,
2970,121,filterLoc,,
2970,124,filterLoc,,
2970,127,filterLoc,,
2970,130,filterLoc,,
2970,133,filterLoc,,
2970,136,filterLoc,,
2970,139,filterLoc,,
2970,142,filterLoc,,
2970,145,filterLoc,,
2970,148,filterLoc,,
2970,151,filterLoc,,
2970,154,filterLoc,,
2970,157,filterLoc,,
2970,160,filterLoc,,
2970,163,filterLoc,,
2970,166,filterLoc,,
2970,169,filterLoc,,
2970,172,filterLoc,,
2970,175,filterLoc,,
2970,178,filterLoc,,
2970,181,filterLoc,,
2970,184,filterLoc,,
2970,187,filterLoc,,
2970,190,filterLoc,,
2970,193,filterLoc,,
2970,196,filterLoc,,
2970,199,filterLoc,,
2970,202,filterLoc,,
2970,205,filterLoc,,
2970,208,filterLoc,,
2970,211,filterLoc,,
2970,214,filterLoc,,
2970,217,filterLoc,,
2970,221,filterLoc,,
2970,224,filterLoc,,
2970,227,filterLoc,,
2970,230,filterLoc,,
2970,233,filterLoc,,
2970,236,filterLoc,,
2970,239,filterLoc,,
2970,242,filterLoc,,
2970,245,filterLoc,,
2970,248,filterLoc,,
2970,251,filterLoc,,
2970,254,filterLoc,,
2970,257,filterLoc,,
2970,260,filterLoc,,
2970,263,filterLoc,,
2970,266,filterLoc,,
2970,269,filterLoc,,
2970,272,filterLoc,,
2970,275,filterLoc,,
2970,278,filterLoc,,
2970,281,filterLoc,,
2970,284,filterLoc,,
2970,287,filterLoc,,
2970,290,filterLoc,,
2970,293,filterLoc,,
2970,296,filterLoc,,
2970,299,filterLoc,,
2970,302,filterLoc,,
2970,305,filterLoc,,
2970,308,filterLoc,,
2970,311,filterLoc,,
2970,314,filterLoc,,
2970,317,filterLoc,,
2970,320,filterLoc,,
2970,323,filterLoc,,
2970,326,filterLoc,,
2970,329,filterLoc,,
2970,332,filterLoc,,
2970,335,filterLoc,,
2970,338,filterLoc,,
2970,341,filterLoc,,
2970,344,filterLoc,,
2970,347,filterLoc,,
2970,350,filterLoc,,
2970,353,filterLoc,,
2970,356,filterLoc,,
2970,359,filterLoc,,
2970,362,filterLoc,,
2970,365,filterLoc,,
2970,368,filterLoc,,
2970,371,filterLoc,,
2970,374,filterLoc,,
2970,377,filterLoc,,
2970,380,filterLoc,,
2970,383,filterLoc,,
2970,386,filterLoc,,
2970,389,filterLoc,,
2970,392,filterLoc,,
2970,395,filterLoc,,
2970,398,filterLoc,,
2970,401,filterLoc,,
2970,404,filterLoc,,
2970,407,filterLoc,,
2970,410,filterLoc,,
2970,413,filterLoc,,
2970,416,filterLoc,,
2970,419,filterLoc,,
2970,422,filterLoc,,
2970,425,filterLoc,,
2970,428,filterLoc,,
2970,431,filterLoc,,
2970,434,filterLoc,,
2970,437,filterLoc,,
2970,440,filterLoc,,
2970,443,filterLoc,,
2970,446,filterLoc,,
2970,449,filterLoc,,
2970,452,filterLoc,,
2970,455,filterLoc,,
2970,458,filterLoc,,
2970,461,filterLoc,,
2970,464,filterLoc,,
2970,467,filterLoc,,
2970,470,filterLoc,,
2970,473,filterLoc,,
2970,476,filterLoc,,
2970,479,filterLoc,,
2970,482,filterLoc,,
2970,485,filterLoc,,
2970,488,filterLoc,,
2970,491,filterLoc,,
2970,494,filterLoc,,
2970,497,filterLoc,,
2970,500,filterLoc,,
2970,503,filterLoc,,
2970,506,filterLoc,,
2970,509,filterLoc,,
2970,512,filterLoc,,
2970,515,filterLoc,,
2970,518,filterLoc,,
2970,521,filterLoc,,
2970,524,filterLoc,,
2970,527,filterLoc,,
2970,530,filterLoc,,
2970,533,filterLoc,,
2970,536,filterLoc,,
2970,539,filterLoc,,
2970,542,filterLoc,,
2970,545,filterLoc,,
2970,548,filterLoc,,
2970,551,filterLoc,,
2970,554,filterLoc,,
2970,557,filterLoc,,
2970,560,filterLoc,,
2970,563,filterLoc,,
2970,566,filterLoc,,
2970,569,filterLoc,,
2970,572,filterLoc,,
2970,575,filterLoc,,
2970,578,filterLoc,,
2970,581,filterLoc,,
2970,584,filterLoc,,
2970,587,filterLoc,,
2970,590,filterLoc,,
2970,593,filterLoc,,
2970,596,filterLoc,,
2970,599,filterLoc,,
2970,602,filterLoc,,
2970,605,filterLoc,,
2970,608,filterLoc,,
2970,611,filterLoc,,
2970,614,filterLoc,,
2970,617,filterLoc,,
2970,620,filterLoc,,
2970,623,filterLoc,,
2970,626,filterLoc,,
2970,629,filterLoc,,
2970,632,filterLoc,,
2970,635,filterLoc,,
2970,638,filterLoc,,
2970,641,filterLoc,,
2970,644,filterLoc,,
2970,647,filterLoc,,
2970,650,filterLoc,,
2970,653,filterLoc,,
2970,656,filterLoc,,
2970,659,filterLoc,,
2970,662,filterLoc,,
2970,665,filterLoc,,
2970,668,filterLoc,,
2970,671,filterLoc,,
2970,674,filterLoc,,
2970,677,filterLoc,,
2970,680,filterLoc,,
2970,683,filterLoc,,
2970,686,filterLoc,,
2970,689,filterLoc,,
2970,692,filterLoc,,
2970,695,filterLoc,,
2970,698,filterLoc,,
2970,701,filterLoc,,
2970,704,filterLoc,,
2970,707,filterLoc,,
2970,710,filterLoc,,
2970,713,filterLoc,,
2970,716,filterLoc,,
2970,719,filterLoc,,
2970,722,filterLoc,,
2970,725,filterLoc,,
2970,728,filterLoc,,
2970,731,filterLoc,,
2970,734,filterLoc,,
2970,737,filterLoc,,;Evacuee;14;in triage category;G;is leaving helicopter;1
2970,740,filterLoc,,
2970,743,filterLoc,,;Evacuee;2;in triage category;G;is leaving helicopter;1
2970,746,filterLoc,,
2970,749,filterLoc,,
2970,752,filterLoc,,;Evacuee;9;in triage category;G;is leaving helicopter;1
2970,755,filterLoc,,;Evacuee;25;in triage category;G;is leaving helicopter;1
2970,758,filterLoc,,
2970,761,filterLoc,,
2970,764,filterLoc,,
2970,767,filterLoc,,
2970,770,filterLoc,,
2970,773,filterLoc,,
2970,776,filterLoc,,
2970,779,filterLoc,,
2970,782,filterLoc,,
2970,785,filterLoc,,
2970,788,filterLoc,,
2970,791,filterLoc,,
2970,794,filterLoc,,
2970,797,filterLoc,,
2970,800,filterLoc,,
2970,803,filterLoc,,
2970,806,filterLoc,,
2970,809,filterLoc,,
2970,812,filterLoc,,
2970,815,filterLoc,,
2970,818,filterLoc,,
2970,821,filterLoc,,
2970,824,filterLoc,,
2970,827,filterLoc,,
2970,830,filterLoc,,
2970,833,filterLoc,,
2970,836,filterLoc,,
2970,839,filterLoc,,
2970,842,filterLoc,,
2970,845,filterLoc,,
2970,848,filterLoc,,
2970,851,filterLoc,,
2970,854,filterLoc,,
2970,857,filterLoc,,
2970,860,filterLoc,,
2970,863,filterLoc,,
2970,866,filterLoc,,
2970,869,filterLoc,,
2970,872,filterLoc,,
2970,875,filterLoc,,
2970,878,filterLoc,,
2970,881,filterLoc,,
2970,884,filterLoc,,;Evacuee;22;in triage category;G;is leaving helicopter;1
2970,887,filterLoc,,
2970,890,filterLoc,,
2970,893,filterLoc,,
2970,896,filterLoc,,
2970,899,filterLoc,,;Evacuee;6;in triage category;G;is leaving helicopter;1
2970,902,filterLoc,,
2970,905,filterLoc,,
2970,908,filterLoc,,
2970,911,filterLoc,,
2970,914,filterLoc,,
2970,917,filterLoc,,
2970,920,filterLoc,,
2970,923,filterLoc,,
2970,926,filterLoc,,
2970,929,filterLoc,,
2970,932,filterLoc,,
2970,935,filterLoc,,
2970,938,filterLoc,,
2970,941,filterLoc,,
2970,944,filterLoc,,
2970,947,filterLoc,,
2970,950,filterLoc,,
2970,953,filterLoc,,
2970,956,filterLoc,,
2970,959,filterLoc,,
2970,962,filterLoc,,
2970,965,filterLoc,,
2970,968,filterLoc,,
2970,971,filterLoc,,
2970,974,filterLoc,,
2970,977,filterLoc,,
2970,980,filterLoc,,
2970,983,filterLoc,,
2970,986,filterLoc,,
2970,989,filterLoc,,
2970,992,filterLoc,,
2970,995,filterLoc,,
2970,998,filterLoc,,
2970,1001,filterLoc,,
2970,1004,filterLoc,,
2970,1007,filterLoc,,
2970,1010,filterLoc,,
2970,1013,filterLoc,,
2970,1016,filterLoc,,
2970,1019,filterLoc,,
2970,1022,filterLoc,,
2970,1025,filterLoc,,
2970,1028,filterLoc,,
2970,1031,filterLoc,,
2970,1034,filterLoc,,
2970,1037,filterLoc,,
2970,1040,filterLoc,,
2970,1043,filterLoc,,;Evacuee;20;in triage category;G;is leaving helicopter;1
2970,1046,filterLoc,,
2970,1049,filterLoc,,
2970,1052,filterLoc,,
2970,1055,filterLoc,,
2970,1058,filterLoc,,
2970,1061,filterLoc,,
2970,1064,filterLoc,,
2970,1067,filterLoc,,
2970,1070,filterLoc,,
2970,1073,filterLoc,,
2970,1076,filterLoc,,
2970,1079,filterLoc,,
2970,1082,filterLoc,,
2970,1085,filterLoc,,
2970,1088,filterLoc,,
2970,1091,filterLoc,,
2970,1094,filterLoc,,
2970,1097,filterLoc,,
2970,1100,filterLoc,,
2970,1103,filterLoc,,
2970,1106,filterLoc,,
2970,1109,filterLoc,,
2970,1112,filterLoc,,
2970,1115,filterLoc,,
2970,1118,filterLoc,,
2970,1121,filterLoc,,
2970,1124,filterLoc,,
2970,1127,filterLoc,,
2970,1130,filterLoc,,
2970,1133,filterLoc,,
2970,1136,filterLoc,,
2970,1139,filterLoc,,
2970,1142,filterLoc,,
2970,1145,filterLoc,,
2970,1148,filterLoc,,
2970,1153,helicopter,outEvac,Evacuee 2 in triage category G is not assigned a helicopter
2970,1153,helicopter,outEvac,Evacuee 6 in triage category G is not assigned a helicopter
2970,1153,helicopter,outEvac,Evacuee 9 in triage category G is not assigned a helicopter
2970,1153,helicopter,outEvac,Evacuee 12 in triage category G is not assigned a helicopter
2970,1153,helicopter,outEvac,Evacuee 14 in triage category G is not assigned a helicopter
2970,1153,helicopter,outEvac,Evacuee 16 in triage category G is not assigned a helicopter
2970,1153,helicopter,outEvac,Evacuee 20 in triage category G is not assigned a helicopter
2970,1153,helicopter,outEvac,Evacuee 22 in triage category G is not assigned a helicopter
2970,1153,helicopter,outEvac,Evacuee 25 in triage category G is not assigned a helicopter
2970,1153,helicopter,outEvac,Evacuee 27 in triage category G is not assigned a helicopter
2970,1153,helicopter,,Helicopter;1;is unloading people at the FOL;;and has;0;spots taken
2970,1155,filterLoc,,
2970,1158,filterLoc,,
2970,1161,filterLoc,,
2970,1164,filterLoc,,
2970,1167,filterLoc,,
2970,1170,filterLoc,,
2970,1173,filterLoc,,
2970,1176,filterLoc,,
2970,1179,filterLoc,,
2970,1182,filterLoc,,
2970,1185,filterLoc,,
2970,1188,filterLoc,,
2970,1191,filterLoc,,
2970,1194,filterLoc,,
2970,1197,filterLoc,,
2970,1200,filterLoc,,
2970,1203,filterLoc,,
2970,1206,filterLoc,,
2970,1209,filterLoc,,
2970,1212,filterLoc,,
2970,1215,filterLoc,,
2970,1218,filterLoc,,
2970,1221,filterLoc,,
2970,1224,filterLoc,,
2970,1227,filterLoc,,
2970,1230,filterLoc,,
2970,1233,filterLoc,,
2970,1236,filterLoc,,
2970,1239,filterLoc,,
2970,1242,filterLoc,,
2970,1245,filterLoc,,
2970,1248,filterLoc,,
2970,1251,filterLoc,,
2970,1254,filterLoc,,
2970,1257,filterLoc,,;Evacuee;16;in triage category;G;is leaving helicopter;1
2970,1260,filterLoc,,
2970,1263,filterLoc,,
2970,1266,filterLoc,,
2970,1269,filterLoc,,
2970,1272,filterLoc,,
2970,1275,filterLoc,,
2970,1278,filterLoc,,
2970,1281,filterLoc,,
2970,1284,filterLoc,,
2970,1287,filterLoc,,
2970,1290,filterLoc,,
2970,1293,filterLoc,,
2970,1296,filterLoc,,
2970,1299,filterLoc,,
2970,1302,filterLoc,,
2970,1305,filterLoc,,
2970,1308,filterLoc,,
2970,1311,filterLoc,,
2970,1314,filterLoc,,
2970,1317,filterLoc,,
2970,1320,filterLoc,,
2970,1323,filterLoc,,
2970,1326,filterLoc,,
2970,1329,filterLoc,,
2970,1332,filterLoc,,
2970,1335,filterLoc,,
2970,1338,filterLoc,,
2970,1341,filterLoc,,
2970,1344,filterLoc,,
2970,1347,filterLoc,,
2970,1350,filterLoc,,
2970,1353,filterLoc,,
2970,1356,filterLoc,,
2970,1359,filterLoc,,
2970,1362,filterLoc,,
2970,1365,filterLoc,,
2970,1368,filterLoc,,
2970,1371,filterLoc,,
2970,1374,filterLoc,,
2970,1377,filterLoc,,
2970,1380,filterLoc,,
2970,1383,filterLoc,,
2970,1386,filterLoc,,
2970,1389,filterLoc,,
2970,1392,filterLoc,,
2970,1395,filterLoc,,
2970,1398,filterLoc,,
2970,1401,filterLoc,,
2970,1404,filterLoc,,;Evacuee;27;in triage category;G;is leaving helicopter;1
2970,1407,filterLoc,,
2970,1410,filterLoc,,
2970,1413,filterLoc,,
2970,1416,filterLoc,,;Evacuee;12;in triage category;G;is leaving helicopter;1
2970,1419,filterLoc,,
2970,1422,filterLoc,,
2970,1425,filterLoc,,
2970,1428,filterLoc,,
2970,1431,filterLoc,,
2970,1434,filterLoc,,
2970,1437,filterLoc,,
2970,1440,filterLoc,,
2970,1443,filterLoc,,
2970,1446,filterLoc,,
2970,1449,filterLoc,,
2970,1452,filterLoc,,
2970,1455,filterLoc,,
2970,1458,filterLoc,,
2970,1461,filterLoc,,
2970,1464,filterLoc,,
2970,1467,filterLoc,,
2970,1470,filterLoc,,
2970,1473,filterLoc,,
2970,1476,filterLoc,,
2970,1479,filterLoc,,
2970,1482,filterLoc,,
2970,1485,filterLoc,,
2970,1488,filterLoc,,
2970,1491,filterLoc,,
2970,1494,filterLoc,,
2970,1497,filterLoc,,
2970,1500,filterLoc,,
2970,1503,filterLoc,,
2970,1506,filterLoc,,
2970,1509,filterLoc,,
2970,737,filterLoc,out,Evacuee 14 in triage category G is not assigned a helicopter
2970,737,filterLoc,,
2970,738,evacuee,,Evacuee;14;in triage state;G;is entering the FOL
2970,743,filterLoc,out,Evacuee 2 in triage category G is not assigned a helicopter
2970,743,filterLoc,,
2970,744,evacuee,,Evacuee;2;in triage state;G;is entering the FOL
2970,752,filterLoc,out,Evacuee 9 in triage category G is not assigned a helicopter
2970,752,filterLoc,,
2970,753,evacuee,,Evacuee;9;in triage state;G;is entering the FOL
2970,755,filterLoc,out,Evacuee 25 in triage category G is not assigned a helicopter
2970,755,filterLoc,,
2970,756,evacuee,,Evacuee;25;in triage state;G;is entering the FOL
2970,884,filterLoc,out,Evacuee 22 in triage category G is not assigned a helicopter
2970,884,filterLoc,,
2970,885,evacuee,,Evacuee;22;in triage state;G;is entering the FOL
2970,899,filterLoc,out,Evacuee 6 in triage category G is not assigned a helicopter
2970,899,filterLoc,,
2970,900,evacuee,,Evacuee;6;in triage state;G;is entering the FOL
2970,1043,filterLoc,out,Evacuee 20 in triage category G is not assigned a helicopter
2970,1043,filterLoc,,
2970,1044,evacuee,,Evacuee;20;in triage state;G;is entering the FOL
2970,1257,filterLoc,out,Evacuee 16 in triage category G is not assigned a helicopter
2970,1257,filterLoc,,
2970,1258,evacuee,,Evacuee;16;in triage state;G;is entering the FOL
2970,1404,filterLoc,out,Evacuee 27 in triage category G is not assigned a helicopter
2970,1404,filterLoc,,
2970,1405,evacuee,,Evacuee;27;in triage state;G;is entering the FOL
2970,1416,filterLoc,out,Evacuee 12 in triage category G is not assigned a helicopter
2970,1416,filterLoc,,
2970,1417,evacuee,,Evacuee;12;in triage state;G;is entering the FOL
2970,219,FOL,,;EvacueeID;2;Triage Status;G;EvacueeID;6;Triage Status;G;EvacueeID;9;Triage Status;G;EvacueeID;12;Triage Status;G;EvacueeID;14;Triage Status;G;EvacueeID;16;Triage Status;G;EvacueeID;20;Triage Status;G;EvacueeID;22;Triage Status;G;EvacueeID;25;Triage Status;G;EvacueeID;27;Triage Status;G;Lives Saved;10
2970,738,evacuee,outFOL,Evacuee 14 in triage category G is not assigned a helicopter
2970,738,evacuee,,Evacuee;14;in triage state;G;is at the FOL
2970,744,evacuee,outFOL,Evacuee 2 in triage category G is not assigned a helicopter
2970,744,evacuee,,Evacuee;2;in triage state;G;is at the FOL
2970,753,evacuee,outFOL,Evacuee 9 in triage category G is not assigned a helicopter
2970,753,evacuee,,Evacuee;9;in triage state;G;is at the FOL
2970,756,evacuee,outFOL,Evacuee 25 in triage category G is not assigned a helicopter
2970,756,evacuee,,Evacuee;25;in triage state;G;is at the FOL
2970,885,evacuee,outFOL,Evacuee 22 in triage category G is not assigned a helicopter
2970,885,evacuee,,Evacuee;22;in triage state;G;is at the FOL
2970,900,evacuee,outFOL,Evacuee 6 in triage category G is not assigned a helicopter
2970,900,evacuee,,Evacuee;6;in triage state;G;is at the FOL
2970,1044,evacuee,outFOL,Evacuee 20 in triage category G is not assigned a helicopter
2970,1044,evacuee,,Evacuee;20;in triage state;G;is at the FOL
2970,1258,evacuee,outFOL,Evacuee 16 in triage category G is not assigned a helicopter
2970,1258,evacuee,,Evacuee;16;in triage state;G;is at the FOL
2970,1405,evacuee,outFOL,Evacuee 27 in triage category G is not assigned a helicopter
2970,1405,evacuee,,Evacuee;27;in triage state;G;is at the FOL
2970,1417,evacuee,outFOL,Evacuee 12 in triage category G is not assigned a helicopter
2970,1417,evacuee,,Evacuee;12;in triage state;G;is at the FOL
2970,219,FOL,,;EvacueeID;2;Triage Status;G;EvacueeID;6;Triage Status;G;EvacueeID;9;Triage Status;G;EvacueeID;12;Triage Status;G;EvacueeID;14;Triage Status;G;EvacueeID;16;Triage Status;G;EvacueeID;20;Triage Status;G;EvacueeID;22;Triage Status;G;EvacueeID;25;Triage Status;G;EvacueeID;27;Triage Status;G;Lives Saved;10
2976.66,3,evacueeManager,,OFF SHIP: White;0;Green;166;Yellow;25;Red;2;Black;297;ON SHIP: White;0;Green;0;Yellow;0;Red;0;Evacuees to Transfer;
2976.66,417,evacuee,outES,Evacuee 315 in triage category R is not assigned a helicopter
2976.66,417,evacuee,,Evacuee;315;in triage state;B;is at the evacuation site
2984.57,3,evacueeManager,,OFF SHIP: White;0;Green;166;Yellow;24;Red;3;Black;297;ON SHIP: White;0;Green;0;Yellow;0;Red;0;Evacuees to Transfer;
2984.57,366,evacuee,outES,Evacuee 292 in triage category Y is not assigned a helicopter
2984.57,366,evacuee,,Evacuee;292;in triage state;R;is at the evacuation site
2985,1153,helicopter,,Helicopter;1;Is going to the evacuation site;;and has;0;spots taken
2988.39,3,evacueeManager,,OFF SHIP: White;0;Green;165;Yellow;25;Red;3;Black;297;ON SHIP: White;0;Green;0;Yellow;0;Red;0;Evacuees to Transfer;
2988.39,1255,evacuee,outES,Evacuee 166 in triage category G is not assigned a helicopter
2988.39,1255,evacuee,,Evacuee;166;in triage state;Y;is at the evacuation site
2989.1,3,evacueeManager,,OFF SHIP: White;0;Green;165;Yellow;24;Red;4;Black;297;ON SHIP: White;0;Green;0;Yellow;0;Red;0;Evacuees to Transfer;
2989.1,218,evacuee,outES,Evacuee 371 in triage category Y is not assigned a helicopter
2989.1,218,evacuee,,Evacuee;371;in triage state;R;is at the evacuation site
3000.99,3,evacueeManager,,OFF SHIP: White;0;Green;164;Yellow;25;Red;4;Black;297;ON SHIP: White;0;Green;0;Yellow;0;Red;0;Evacuees to Transfer;
3000.99,146,evacuee,outES,Evacuee 403 in triage category G is not assigned a helicopter
3000.99,146,evacuee,,Evacuee;403;in triage state;Y;is at the evacuation site
3011.29,3,evacueeManager,,OFF SHIP: White;0;Green;163;Yellow;26;Red;4;Black;297;ON SHIP: White;0;Green;0;Yellow;0;Red;0;Evacuees to Transfer;
3011.29,591,evacuee,outES,Evacuee 95 in triage category G is not assigned a helicopter
3011.29,591,evacuee,,Evacuee;95;in triage state;Y;is at the evacuation site
3017.4,3,evacueeManager,,OFF SHIP: White;0;Green;162;Yellow;27;Red;4;Black;297;ON SHIP: White;0;Green;0;Yellow;0;Red;0;Evacuees to Transfer;
3017.4,1402,evacuee,outES,Evacuee 207 in triage category G is not assigned a helicopter
3017.4,1402,evacuee,,Evacuee;207;in triage state;Y;is at the evacuation site
3018.97,3,evacueeManager,,OFF SHIP: White;0;Green;161;Yellow;28;Red;4;Black;297;ON SHIP: White;0;Green;0;Yellow;0;Red;0;Evacuees to Transfer;
3018.97,369,evacuee,outES,Evacuee 291 in triage category G is not assigned a helicopter
3018.97,369,evacuee,,Evacuee;291;in triage state;Y;is at the evacuation site
3041.81,3,evacueeManager,,OFF SHIP: White;0;Green;161;Yellow;28;Red;3;Black;298;ON SHIP: White;0;Green;0;Yellow;0;Red;0;Evacuees to Transfer;
3041.81,366,evacuee,outES,Evacuee 292 in triage category R is not assigned a helicopter
3041.81,366,evacuee,,Evacuee;292;in triage state;B;is at the evacuation site
3044.11,3,evacueeManager,,OFF SHIP: White;0;Green;161;Yellow;27;Red;4;Black;298;ON SHIP: White;0;Green;0;Yellow;0;Red;0;Evacuees to Transfer;
3044.11,23,evacuee,outES,Evacuee 486 in triage category Y is not assigned a helicopter
3044.11,23,evacuee,,Evacuee;486;in triage state;R;is at the evacuation site
3046.54,3,evacueeManager,,OFF SHIP: White;0;Green;160;Yellow;28;Red;4;Black;298;ON SHIP: White;0;Green;0;Yellow;0;Red;0;Evacuees to Transfer;
3046.54,444,evacuee,outES,Evacuee 260 in triage category G is not assigned a helicopter
3046.54,444,evacuee,,Evacuee;260;in triage state;Y;is at the evacuation site
3047.5,3,evacueeManager,,OFF SHIP: White;0;Green;159;Yellow;29;Red;4;Black;298;ON SHIP: White;0;Green;0;Yellow;0;Red;0;Evacuees to Transfer;
3047.5,1032,evacuee,outES,Evacuee 64 in triage category G is not assigned a helicopter
3047.5,1032,evacuee,,Evacuee;64;in triage state;Y;is at the evacuation site
3060,5,helicopterQueue,,1;Helos are waiting to land;HeloID;1
3060,1153,helicopter,outES,Helicopter 1 is evacuating people1
3060,1153,helicopter,,Helicopter;1;is waiting to land at the evacuation site;;and has;0;spots taken
3060,4,helipadManager,,;No helos are at ES
3060,5,helicopterQueue,outHM,Helicopter 1 is evacuating people1
3060,5,helicopterQueue,outHelo,Helicopter 1 is evacuating people1
3060,5,helicopterQueue,,;No helos are waiting to land
3060,1152,filterES,,Helicopter;1;is evacuating people
3060,3,evacueeManager,,OFF SHIP: White;0;Green;149;Yellow;29;Red;4;Black;298;ON SHIP: White;0;Green;0;Yellow;0;Red;0;Evacuees to Transfer;;EvacueeID;33;HeloID;1;OnShip;0;Triage Status;G;EvacueeID;35;HeloID;1;OnShip;0;Triage Status;G;EvacueeID;36;HeloID;1;OnShip;0;Triage Status;G;EvacueeID;40;HeloID;1;OnShip;0;Triage Status;G;EvacueeID;41;HeloID;1;OnShip;0;Triage Status;G;EvacueeID;44;HeloID;1;OnShip;0;Triage Status;G;EvacueeID;47;HeloID;1;OnShip;0;Triage Status;G;EvacueeID;52;HeloID;1;OnShip;0;Triage Status;G;EvacueeID;56;HeloID;1;OnShip;0;Triage Status;G;EvacueeID;59;HeloID;1;OnShip;0;Triage Status;G
3060,4,helipadManager,outEM,Helicopter 1 is evacuating people1
3060,4,helipadManager,,Helo;1;is at the ES
3060,1152,filterES,out,Helicopter 1 is evacuating people1
3060,1152,filterES,,
3060,1153,helicopter,,Helicopter;1;is waiting to land at the evacuation site;;and has;0;spots taken
3060,3,evacueeManager,outEvac,Evacuee 33 in triage category G is assigned helicopter 1
3060,3,evacueeManager,outEvac,Evacuee 35 in triage category G is assigned helicopter 1
3060,3,evacueeManager,outEvac,Evacuee 36 in triage category G is assigned helicopter 1
3060,3,evacueeManager,outEvac,Evacuee 40 in triage category G is assigned helicopter 1
3060,3,evacueeManager,outEvac,Evacuee 41 in triage category G is assigned helicopter 1
3060,3,evacueeManager,outEvac,Evacuee 44 in triage category G is assigned helicopter 1
3060,3,evacueeManager,outEvac,Evacuee 47 in triage category G is assigned helicopter 1
3060,3,evacueeManager,outEvac,Evacuee 52 in triage category G is assigned helicopter 1
3060,3,evacueeManager,outEvac,Evacuee 56 in triage category G is assigned helicopter 1
3060,3,evacueeManager,outEvac,Evacuee 59 in triage category G is assigned helicopter 1
3060,3,evacueeManager,,OFF SHIP: White;0;Green;149;Yellow;29;Red;4;Black;298;ON SHIP: White;0;Green;0;Yellow;0;Red;0;Evacuees to Transfer;
3060,7,filterLoc,,
3060,10,filterLoc,,
3060,13,filterLoc,,
3060,16,filterLoc,,
3060,19,filterLoc,,
3060,22,filterLoc,,
3060,25,filterLoc,,
3060,28,filterLoc,,
3060,31,filterLoc,,
3060,34,filterLoc,,
3060,37,filterLoc,,
3060,40,filterLoc,,
3060,43,filterLoc,,
3060,46,filterLoc,,
3060,49,filterLoc,,
3060,52,filterLoc,,
3060,55,filterLoc,,
3060,58,filterLoc,,
3060,61,filterLoc,,
3060,64,filterLoc,,
3060,67,filterLoc,,
3060,70,filterLoc,,
3060,73,filterLoc,,
3060,76,filterLoc,,
3060,79,filterLoc,,
3060,82,filterLoc,,
3060,85,filterLoc,,
3060,88,filterLoc,,
3060,91,filterLoc,,
3060,94,filterLoc,,
3060,97,filterLoc,,
3060,100,filterLoc,,
3060,103,filterLoc,,
3060,106,filterLoc,,
3060,109,filterLoc,,
3060,112,filterLoc,,
3060,115,filterLoc,,
3060,118,filterLoc,,
3060,121,filterLoc,,
3060,124,filterLoc,,
3060,127,filterLoc,,
3060,130,filterLoc,,
3060,133,filterLoc,,
3060,136,filterLoc,,
3060,139,filterLoc,,
3060,142,filterLoc,,
3060,145,filterLoc,,
3060,148,filterLoc,,
3060,151,filterLoc,,
3060,154,filterLoc,,
3060,157,filterLoc,,
3060,160,filterLoc,,
3060,163,filterLoc,,
3060,166,filterLoc,,
3060,169,filterLoc,,
3060,172,filterLoc,,
3060,175,filterLoc,,
3060,178,filterLoc,,
3060,181,filterLoc,,
3060,184,filterLoc,,
3060,187,filterLoc,,
3060,190,filterLoc,,
3060,193,filterLoc,,
3060,196,filterLoc,,
3060,199,filterLoc,,
3060,202,filterLoc,,
3060,205,filterLoc,,
3060,208,filterLoc,,
3060,211,filterLoc,,
3060,214,filterLoc,,
3060,217,filterLoc,,
3060,221,filterLoc,,
3060,224,filterLoc,,
3060,227,filterLoc,,
3060,230,filterLoc,,
3060,233,filterLoc,,
3060,236,filterLoc,,
3060,239,filterLoc,,
3060,242,filterLoc,,
3060,245,filterLoc,,
3060,248,filterLoc,,
3060,251,filterLoc,,
3060,254,filterLoc,,
3060,257,filterLoc,,
3060,260,filterLoc,,
3060,263,filterLoc,,
3060,266,filterLoc,,
3060,269,filterLoc,,
3060,272,filterLoc,,
3060,275,filterLoc,,
3060,278,filterLoc,,
3060,281,filterLoc,,
3060,284,filterLoc,,
3060,287,filterLoc,,
3060,290,filterLoc,,
3060,293,filterLoc,,
3060,296,filterLoc,,
3060,299,filterLoc,,
3060,302,filterLoc,,
3060,305,filterLoc,,
3060,308,filterLoc,,
3060,311,filterLoc,,
3060,314,filterLoc,,
3060,317,filterLoc,,
3060,320,filterLoc,,
3060,323,filterLoc,,
3060,326,filterLoc,,
3060,329,filterLoc,,
3060,332,filterLoc,,
3060,335,filterLoc,,
3060,338,filterLoc,,
3060,341,filterLoc,,
3060,344,filterLoc,,
3060,347,filterLoc,,
3060,350,filterLoc,,
3060,353,filterLoc,,
3060,356,filterLoc,,
3060,359,filterLoc,,
3060,362,filterLoc,,
3060,365,filterLoc,,
3060,368,filterLoc,,
3060,371,filterLoc,,
3060,374,filterLoc,,
3060,377,filterLoc,,
3060,380,filterLoc,,
3060,383,filterLoc,,
3060,386,filterLoc,,
3060,389,filterLoc,,
3060,392,filterLoc,,
3060,395,filterLoc,,
3060,398,filterLoc,,
3060,401,filterLoc,,
3060,404,filterLoc,,
3060,407,filterLoc,,
3060,410,filterLoc,,
3060,413,filterLoc,,
3060,416,filterLoc,,
3060,419,filterLoc,,
3060,422,filterLoc,,
3060,425,filterLoc,,
3060,428,filterLoc,,
3060,431,filterLoc,,
3060,434,filterLoc,,
3060,437,filterLoc,,
3060,440,filterLoc,,
3060,443,filterLoc,,
3060,446,filterLoc,,
3060,449,filterLoc,,
3060,452,filterLoc,,
3060,455,filterLoc,,
3060,458,filterLoc,,
3060,461,filterLoc,,
3060,464,filterLoc,,
3060,467,filterLoc,,
3060,470,filterLoc,,
3060,473,filterLoc,,
3060,476,filterLoc,,
3060,479,filterLoc,,
3060,482,filterLoc,,
3060,485,filterLoc,,
3060,488,filterLoc,,
3060,491,filterLoc,,
3060,494,filterLoc,,
3060,497,filterLoc,,
3060,500,filterLoc,,
3060,503,filterLoc,,
3060,506,filterLoc,,
3060,509,filterLoc,,
3060,512,filterLoc,,
3060,515,filterLoc,,
3060,518,filterLoc,,
3060,521,filterLoc,,
3060,524,filterLoc,,
3060,527,filterLoc,,
3060,530,filterLoc,,
3060,533,filterLoc,,
3060,536,filterLoc,,
3060,539,filterLoc,,
3060,542,filterLoc,,
3060,545,filterLoc,,
3060,548,filterLoc,,
3060,551,filterLoc,,
3060,554,filterLoc,,
3060,557,filterLoc,,
3060,560,filterLoc,,
3060,563,filterLoc,,
3060,566,filterLoc,,
3060,569,filterLoc,,
3060,572,filterLoc,,
3060,575,filterLoc,,
3060,578,filterLoc,,
3060,581,filterLoc,,
3060,584,filterLoc,,
3060,587,filterLoc,,
3060,590,filterLoc,,
3060,593,filterLoc,,
3060,596,filterLoc,,
3060,599,filterLoc,,
3060,602,filterLoc,,
3060,605,filterLoc,,
3060,608,filterLoc,,
3060,611,filterLoc,,
3060,614,filterLoc,,
3060,617,filterLoc,,
3060,620,filterLoc,,
3060,623,filterLoc,,
3060,626,filterLoc,,
3060,629,filterLoc,,
3060,632,filterLoc,,
3060,635,filterLoc,,
3060,638,filterLoc,,
3060,641,filterLoc,,
3060,644,filterLoc,,
3060,647,filterLoc,,
3060,650,filterLoc,,
3060,653,filterLoc,,
3060,656,filterLoc,,
3060,659,filterLoc,,
3060,662,filterLoc,,
3060,665,filterLoc,,
3060,668,filterLoc,,
3060,671,filterLoc,,
3060,674,filterLoc,,
3060,677,filterLoc,,
3060,680,filterLoc,,
3060,683,filterLoc,,
3060,686,filterLoc,,
3060,689,filterLoc,,
3060,692,filterLoc,,
3060,695,filterLoc,,
3060,698,filterLoc,,
3060,701,filterLoc,,
3060,704,filterLoc,,
3060,707,filterLoc,,
3060,710,filterLoc,,
3060,713,filterLoc,,
3060,716,filterLoc,,
3060,719,filterLoc,,
3060,722,filterLoc,,
3060,725,filterLoc,,
3060,728,filterLoc,,
3060,731,filterLoc,,
3060,734,filterLoc,,
3060,737,filterLoc,,
3060,740,filterLoc,,
3060,743,filterLoc,,
3060,746,filterLoc,,;Evacuee;33;in triage category;G;is entering helicopter;1
3060,749,filterLoc,,
3060,752,filterLoc,,
3060,755,filterLoc,,
3060,758,filterLoc,,
3060,761,filterLoc,,
3060,764,filterLoc,,
3060,767,filterLoc,,
3060,770,filterLoc,,
3060,773,filterLoc,,
3060,776,filterLoc,,
3060,779,filterLoc,,
3060,782,filterLoc,,
3060,785,filterLoc,,
3060,788,filterLoc,,
3060,791,filterLoc,,
3060,794,filterLoc,,
3060,797,filterLoc,,
3060,800,filterLoc,,
3060,803,filterLoc,,
3060,806,filterLoc,,
3060,809,filterLoc,,
3060,812,filterLoc,,
3060,815,filterLoc,,
3060,818,filterLoc,,
3060,821,filterLoc,,
3060,824,filterLoc,,
3060,827,filterLoc,,;Evacuee;40;in triage category;G;is entering helicopter;1
3060,830,filterLoc,,
3060,833,filterLoc,,
3060,836,filterLoc,,
3060,839,filterLoc,,
3060,842,filterLoc,,
3060,845,filterLoc,,
3060,848,filterLoc,,
3060,851,filterLoc,,
3060,854,filterLoc,,
3060,857,filterLoc,,
3060,860,filterLoc,,
3060,863,filterLoc,,
3060,866,filterLoc,,
3060,869,filterLoc,,
3060,872,filterLoc,,
3060,875,filterLoc,,
3060,878,filterLoc,,
3060,881,filterLoc,,
3060,884,filterLoc,,
3060,887,filterLoc,,
3060,890,filterLoc,,;Evacuee;44;in triage category;G;is entering helicopter;1
3060,893,filterLoc,,
3060,896,filterLoc,,
3060,899,filterLoc,,
3060,902,filterLoc,,
3060,905,filterLoc,,
3060,908,filterLoc,,
3060,911,filterLoc,,
3060,914,filterLoc,,
3060,917,filterLoc,,
3060,920,filterLoc,,
3060,923,filterLoc,,
3060,926,filterLoc,,
3060,929,filterLoc,,
3060,932,filterLoc,,
3060,935,filterLoc,,
3060,938,filterLoc,,
3060,941,filterLoc,,
3060,944,filterLoc,,
3060,947,filterLoc,,
3060,950,filterLoc,,
3060,953,filterLoc,,
3060,956,filterLoc,,
3060,959,filterLoc,,
3060,962,filterLoc,,
3060,965,filterLoc,,
3060,968,filterLoc,,
3060,971,filterLoc,,;Evacuee;52;in triage category;G;is entering helicopter;1
3060,974,filterLoc,,;Evacuee;41;in triage category;G;is entering helicopter;1
3060,977,filterLoc,,
3060,980,filterLoc,,
3060,983,filterLoc,,
3060,986,filterLoc,,
3060,989,filterLoc,,
3060,992,filterLoc,,
3060,995,filterLoc,,
3060,998,filterLoc,,
3060,1001,filterLoc,,
3060,1004,filterLoc,,
3060,1007,filterLoc,,
3060,1010,filterLoc,,
3060,1013,filterLoc,,
3060,1016,filterLoc,,
3060,1019,filterLoc,,
3060,1022,filterLoc,,
3060,1025,filterLoc,,
3060,1028,filterLoc,,
3060,1031,filterLoc,,
3060,1034,filterLoc,,
3060,1037,filterLoc,,
3060,1040,filterLoc,,
3060,1043,filterLoc,,
3060,1046,filterLoc,,;Evacuee;35;in triage category;G;is entering helicopter;1
3060,1049,filterLoc,,
3060,1052,filterLoc,,;Evacuee;36;in triage category;G;is entering helicopter;1
3060,1055,filterLoc,,
3060,1058,filterLoc,,
3060,1061,filterLoc,,
3060,1064,filterLoc,,
3060,1067,filterLoc,,
3060,1070,filterLoc,,
3060,1073,filterLoc,,
3060,1076,filterLoc,,
3060,1079,filterLoc,,
3060,1082,filterLoc,,
3060,1085,filterLoc,,
3060,1088,filterLoc,,
3060,1091,filterLoc,,
3060,1094,filterLoc,,
3060,1097,filterLoc,,
3060,1100,filterLoc,,
3060,1103,filterLoc,,
3060,1106,filterLoc,,
3060,1109,filterLoc,,
3060,1112,filterLoc,,
3060,1115,filterLoc,,
3060,1118,filterLoc,,
3060,1121,filterLoc,,
3060,1124,filterLoc,,;Evacuee;47;in triage category;G;is entering helicopter;1
3060,1127,filterLoc,,;Evacuee;56;in triage category;G;is entering helicopter;1
3060,1130,filterLoc,,
3060,1133,filterLoc,,
3060,1136,filterLoc,,
3060,1139,filterLoc,,
3060,1142,filterLoc,,
3060,1145,filterLoc,,
3060,1148,filterLoc,,
3060,1153,helicopter,,Helicopter;1;is loading people at the evacuation site;;and has;0;spots taken
3060,1155,filterLoc,,
3060,1158,filterLoc,,
3060,1161,filterLoc,,
3060,1164,filterLoc,,
3060,1167,filterLoc,,
3060,1170,filterLoc,,
3060,1173,filterLoc,,
3060,1176,filterLoc,,
3060,1179,filterLoc,,
3060,1182,filterLoc,,
3060,1185,filterLoc,,
3060,1188,filterLoc,,
3060,1191,filterLoc,,
3060,1194,filterLoc,,
3060,1197,filterLoc,,
3060,1200,filterLoc,,
3060,1203,filterLoc,,
3060,1206,filterLoc,,
3060,1209,filterLoc,,
3060,1212,filterLoc,,
3060,1215,filterLoc,,
3060,1218,filterLoc,,
3060,1221,filterLoc,,
3060,1224,filterLoc,,
3060,1227,filterLoc,,
3060,1230,filterLoc,,
3060,1233,filterLoc,,
3060,1236,filterLoc,,
3060,1239,filterLoc,,
3060,1242,filterLoc,,
3060,1245,filterLoc,,
3060,1248,filterLoc,,
3060,1251,filterLoc,,
3060,1254,filterLoc,,
3060,1257,filterLoc,,
3060,1260,filterLoc,,
3060,1263,filterLoc,,
3060,1266,filterLoc,,
3060,1269,filterLoc,,
3060,1272,filterLoc,,
3060,1275,filterLoc,,
3060,1278,filterLoc,,
3060,1281,filterLoc,,
3060,1284,filterLoc,,
3060,1287,filterLoc,,
3060,1290,filterLoc,,
3060,1293,filterLoc,,
3060,1296,filterLoc,,
3060,1299,filterLoc,,
3060,1302,filterLoc,,
3060,1305,filterLoc,,
3060,1308,filterLoc,,
3060,1311,filterLoc,,
3060,1314,filterLoc,,
3060,1317,filterLoc,,
3060,1320,filterLoc,,
3060,1323,filterLoc,,
3060,1326,filterLoc,,
3060,1329,filterLoc,,
3060,1332,filterLoc,,
3060,1335,filterLoc,,
3060,1338,filterLoc,,
3060,1341,filterLoc,,
3060,1344,filterLoc,,
3060,1347,filterLoc,,
3060,1350,filterLoc,,
3060,1353,filterLoc,,
3060,1356,filterLoc,,
3060,1359,filterLoc,,
3060,1362,filterLoc,,
3060,1365,filterLoc,,
3060,1368,filterLoc,,
3060,1371,filterLoc,,
3060,1374,filterLoc,,
3060,1377,filterLoc,,
3060,1380,filterLoc,,
3060,1383,filterLoc,,
3060,1386,filterLoc,,
3060,1389,filterLoc,,
3060,1392,filterLoc,,
3060,1395,filterLoc,,
3060,1398,filterLoc,,
3060,1401,filterLoc,,
3060,1404,filterLoc,,
3060,1407,filterLoc,,
3060,1410,filterLoc,,
3060,1413,filterLoc,,
3060,1416,filterLoc,,
3060,1419,filterLoc,,
3060,1422,filterLoc,,
3060,1425,filterLoc,,
3060,1428,filterLoc,,
3060,1431,filterLoc,,
3060,1434,filterLoc,,
3060,1437,filterLoc,,
3060,1440,filterLoc,,
3060,1443,filterLoc,,
3060,1446,filterLoc,,
3060,1449,filterLoc,,
3060,1452,filterLoc,,
3060,1455,filterLoc,,
3060,1458,filterLoc,,
3060,1461,filterLoc,,
3060,1464,filterLoc,,
3060,1467,filterLoc,,
3060,1470,filterLoc,,
3060,1473,filterLoc,,
3060,1476,filterLoc,,
3060,1479,filterLoc,,
3060,1482,filterLoc,,
3060,1485,filterLoc,,
3060,1488,filterLoc,,;Evacuee;59;in triage category;G;is entering helicopter;1
3060,1491,filterLoc,,
3060,1494,filterLoc,,
3060,1497,filterLoc,,
3060,1500,filterLoc,,
3060,1503,filterLoc,,
3060,1506,filterLoc,,
3060,1509,filterLoc,,
3060,746,filterLoc,out,Evacuee 33 in triage category G is assigned helicopter 1
3060,746,filterLoc,,
3060,747,evacuee,,Evacuee;33;in triage state;G;is entering helicopter;1
3060,827,filterLoc,out,Evacuee 40 in triage category G is assigned helicopter 1
3060,827,filterLoc,,
3060,828,evacuee,,Evacuee;40;in triage state;G;is entering helicopter;1
3060,890,filterLoc,out,Evacuee 44 in triage category G is assigned helicopter 1
3060,890,filterLoc,,
3060,891,evacuee,,Evacuee;44;in triage state;G;is entering helicopter;1
3060,971,filterLoc,out,Evacuee 52 in triage category G is assigned helicopter 1
3060,971,filterLoc,,
3060,972,evacuee,,Evacuee;52;in triage state;G;is entering helicopter;1
3060,974,filterLoc,out,Evacuee 41 in triage category G is assigned helicopter 1
3060,974,filterLoc,,
3060,975,evacuee,,Evacuee;41;in triage state;G;is entering helicopter;1
3060,1046,filterLoc,out,Evacuee 35 in triage category G is assigned helicopter 1
3060,1046,filterLoc,,
3060,1047,evacuee,,Evacuee;35;in triage state;G;is entering helicopter;1
3060,1052,filterLoc,out,Evacuee 36 in triage category G is assigned helicopter 1
3060,1052,filterLoc,,
3060,1053,evacuee,,Evacuee;36;in triage state;G;is entering helicopter;1
3060,1124,filterLoc,out,Evacuee 47 in triage category G is assigned helicopter 1
3060,1124,filterLoc,,
3060,1125,evacuee,,Evacuee;47;in triage state;G;is entering helicopter;1
3060,1127,filterLoc,out,Evacuee 56 in triage category G is assigned helicopter 1
3060,1127,filterLoc,,
3060,1128,evacuee,,Evacuee;56;in triage state;G;is entering helicopter;1
3060,1488,filterLoc,out,Evacuee 59 in triage category G is assigned helicopter 1
3060,1488,filterLoc,,
3060,1489,evacuee,,Evacuee;59;in triage state;G;is entering helicopter;1
3060,747,evacuee,outHelo,Evacuee 33 in triage category G is assigned helicopter 1
3060,747,evacuee,,Evacuee;33;in triage state;G;is in helicopter;1
3060,828,evacuee,outHelo,Evacuee 40 in triage category G is assigned helicopter 1
3060,828,evacuee,,Evacuee;40;in triage state;G;is in helicopter;1
3060,891,evacuee,outHelo,Evacuee 44 in triage category G is assigned helicopter 1
3060,891,evacuee,,Evacuee;44;in triage state;G;is in helicopter;1
3060,972,evacuee,outHelo,Evacuee 52 in triage category G is assigned helicopter 1
3060,972,evacuee,,Evacuee;52;in triage state;G;is in helicopter;1
3060,975,evacuee,outHelo,Evacuee 41 in triage category G is assigned helicopter 1
3060,975,evacuee,,Evacuee;41;in triage state;G;is in helicopter;1
3060,1047,evacuee,outHelo,Evacuee 35 in triage category G is assigned helicopter 1
3060,1047,evacuee,,Evacuee;35;in triage state;G;is in helicopter;1
3060,1053,evacuee,outHelo,Evacuee 36 in triage category G is assigned helicopter 1
3060,1053,evacuee,,Evacuee;36;in triage state;G;is in helicopter;1
3060,1125,evacuee,outHelo,Evacuee 47 in triage category G is assigned helicopter 1
3060,1125,evacuee,,Evacuee;47;in triage state;G;is in helicopter;1
3060,1128,evacuee,outHelo,Evacuee 56 in triage category G is assigned helicopter 1
3060,1128,evacuee,,Evacuee;56;in triage state;G;is in helicopter;1
3060,1151,filterEvac,,;Evacuee;33;in triage category;G;is entering helicopter;1;Evacuee;35;in triage category;G;is entering helicopter;1;Evacuee;36;in triage category;G;is entering helicopter;1;Evacuee;40;in triage category;G;is entering helicopter;1;Evacuee;41;in triage category;G;is entering helicopter;1;Evacuee;44;in triage category;G;is entering helicopter;1;Evacuee;47;in triage category;G;is entering helicopter;1;Evacuee;52;in triage category;G;is entering helicopter;1;Evacuee;56;in triage category;G;is entering helicopter;1;Evacuee;59;in triage category;G;is entering helicopter;1
3060,1489,evacuee,outHelo,Evacuee 59 in triage category G is assigned helicopter 1
3060,1489,evacuee,,Evacuee;59;in triage state;G;is in helicopter;1
3060,1151,filterEvac,out,Evacuee 33 in triage category G is assigned helicopter 1
3060,1151,filterEvac,out,Evacuee 35 in triage category G is assigned helicopter 1
3060,1151,filterEvac,out,Evacuee 36 in triage category G is assigned helicopter 1
3060,1151,filterEvac,out,Evacuee 40 in triage category G is assigned helicopter 1
3060,1151,filterEvac,out,Evacuee 41 in triage category G is assigned helicopter 1
3060,1151,filterEvac,out,Evacuee 44 in triage category G is assigned helicopter 1
3060,1151,filterEvac,out,Evacuee 47 in triage category G is assigned helicopter 1
3060,1151,filterEvac,out,Evacuee 52 in triage category G is assigned helicopter 1
3060,1151,filterEvac,out,Evacuee 56 in triage category G is assigned helicopter 1
3060,1151,filterEvac,out,Evacuee 59 in triage category G is assigned helicopter 1
3060,1151,filterEvac,,
3060,1153,helicopter,,Helicopter;1;is loading people at the evacuation site;;and has;10;spots taken
3075,4,helipadManager,outHelo,Helicopter 1 is evacuating people1
3075,4,helipadManager,,;No helos are at ES
3075,1152,filterES,,Helicopter;1;is evacuating people
3075,4,helipadManager,outHQ,0
3075,4,helipadManager,,;No helos are at ES
3075,5,helicopterQueue,,;No helos are waiting to land
3075,1152,filterES,out,Helicopter 1 is evacuating people1
3075,1152,filterES,,
3075,1153,helicopter,,Helicopter;1;is loading people at the evacuation site;;and has;10;spots taken
3075,5,helicopterQueue,,;No helos are waiting to land
3075,1153,helicopter,,Helicopter;1;is returning to the FOL;;and has;10;spots taken
3076.88,3,evacueeManager,,OFF SHIP: White;0;Green;149;Yellow;28;Red;5;Black;298;ON SHIP: White;0;Green;0;Yellow;0;Red;0;Evacuees to Transfer;
3076.88,1465,evacuee,outES,Evacuee 237 in triage category Y is not assigned a helicopter
3076.88,1465,evacuee,,Evacuee;237;in triage state;R;is at the evacuation site
3093.44,3,evacueeManager,,OFF SHIP: White;0;Green;149;Yellow;27;Red;6;Black;298;ON SHIP: White;0;Green;0;Yellow;0;Red;0;Evacuees to Transfer;
3093.44,882,evacuee,outES,Evacuee 246 in triage category Y is not assigned a helicopter
3093.44,882,evacuee,,Evacuee;246;in triage state;R;is at the evacuation site
3095.89,3,evacueeManager,,OFF SHIP: White;0;Green;149;Yellow;27;Red;5;Black;299;ON SHIP: White;0;Green;0;Yellow;0;Red;0;Evacuees to Transfer;
3095.89,218,evacuee,outES,Evacuee 371 in triage category R is not assigned a helicopter
3095.89,218,evacuee,,Evacuee;371;in triage state;B;is at the evacuation site
3096.86,3,evacueeManager,,OFF SHIP: White;0;Green;148;Yellow;28;Red;5;Black;299;ON SHIP: White;0;Green;0;Yellow;0;Red;0;Evacuees to Transfer;
3096.86,1183,evacuee,outES,Evacuee 131 in triage category G is not assigned a helicopter
3096.86,1183,evacuee,,Evacuee;131;in triage state;Y;is at the evacuation site
3116.08,3,evacueeManager,,OFF SHIP: White;0;Green;148;Yellow;27;Red;6;Black;299;ON SHIP: White;0;Green;0;Yellow;0;Red;0;Evacuees to Transfer;
3116.08,285,evacuee,outES,Evacuee 328 in triage category Y is not assigned a helicopter
3116.08,285,evacuee,,Evacuee;328;in triage state;R;is at the evacuation site
3116.32,3,evacueeManager,,OFF SHIP: White;0;Green;148;Yellow;27;Red;5;Black;300;ON SHIP: White;0;Green;0;Yellow;0;Red;0;Evacuees to Transfer;
3116.32,285,evacuee,outES,Evacuee 328 in triage category R is not assigned a helicopter
3116.32,285,evacuee,,Evacuee;328;in triage state;B;is at the evacuation site
3121.12,3,evacueeManager,,OFF SHIP: White;0;Green;148;Yellow;27;Red;4;Black;301;ON SHIP: White;0;Green;0;Yellow;0;Red;0;Evacuees to Transfer;
3121.12,23,evacuee,outES,Evacuee 486 in triage category R is not assigned a helicopter
3121.12,23,evacuee,,Evacuee;486;in triage state;B;is at the evacuation site
3121.12,3,evacueeManager,,OFF SHIP: White;0;Green;148;Yellow;27;Red;3;Black;302;ON SHIP: White;0;Green;0;Yellow;0;Red;0;Evacuees to Transfer;
3121.12,68,evacuee,outES,Evacuee 459 in triage category R is not assigned a helicopter
3121.12,68,evacuee,,Evacuee;459;in triage state;B;is at the evacuation site
3124.22,3,evacueeManager,,OFF SHIP: White;0;Green;147;Yellow;28;Red;3;Black;302;ON SHIP: White;0;Green;0;Yellow;0;Red;0;Evacuees to Transfer;
3124.22,666,evacuee,outES,Evacuee 156 in triage category G is not assigned a helicopter
3124.22,666,evacuee,,Evacuee;156;in triage state;Y;is at the evacuation site
3126.98,3,evacueeManager,,OFF SHIP: White;0;Green;146;Yellow;29;Red;3;Black;302;ON SHIP: White;0;Green;0;Yellow;0;Red;0;Evacuees to Transfer;
3126.98,1330,evacuee,outES,Evacuee 217 in triage category G is not assigned a helicopter
3126.98,1330,evacuee,,Evacuee;217;in triage state;Y;is at the evacuation site
3130.87,3,evacueeManager,,OFF SHIP: White;0;Green;146;Yellow;29;Red;2;Black;303;ON SHIP: White;0;Green;0;Yellow;0;Red;0;Evacuees to Transfer;
3130.87,1465,evacuee,outES,Evacuee 237 in triage category R is not assigned a helicopter
3130.87,1465,evacuee,,Evacuee;237;in triage state;B;is at the evacuation site
3141.32,3,evacueeManager,,OFF SHIP: White;0;Green;146;Yellow;28;Red;3;Black;303;ON SHIP: White;0;Green;0;Yellow;0;Red;0;Evacuees to Transfer;
3141.32,660,evacuee,outES,Evacuee 344 in triage category Y is not assigned a helicopter
3141.32,660,evacuee,,Evacuee;344;in triage state;R;is at the evacuation site
3148.8,3,evacueeManager,,OFF SHIP: White;0;Green;146;Yellow;28;Red;2;Black;304;ON SHIP: White;0;Green;0;Yellow;0;Red;0;Evacuees to Transfer;
3148.8,882,evacuee,outES,Evacuee 246 in triage category R is not assigned a helicopter
3148.8,882,evacuee,,Evacuee;246;in triage state;B;is at the evacuation site
3150,7,filterLoc,,
3150,10,filterLoc,,
3150,13,filterLoc,,
3150,16,filterLoc,,
3150,19,filterLoc,,
3150,22,filterLoc,,
3150,25,filterLoc,,
3150,28,filterLoc,,
3150,31,filterLoc,,
3150,34,filterLoc,,
3150,37,filterLoc,,
3150,40,filterLoc,,
3150,43,filterLoc,,
3150,46,filterLoc,,
3150,49,filterLoc,,
3150,52,filterLoc,,
3150,55,filterLoc,,
3150,58,filterLoc,,
3150,61,filterLoc,,
3150,64,filterLoc,,
3150,67,filterLoc,,
3150,70,filterLoc,,
3150,73,filterLoc,,
3150,76,filterLoc,,
3150,79,filterLoc,,
3150,82,filterLoc,,
3150,85,filterLoc,,
3150,88,filterLoc,,
3150,91,filterLoc,,
3150,94,filterLoc,,
3150,97,filterLoc,,
3150,100,filterLoc,,
3150,103,filterLoc,,
3150,106,filterLoc,,
3150,109,filterLoc,,
3150,112,filterLoc,,
3150,115,filterLoc,,
3150,118,filterLoc,,
3150,121,filterLoc,,
3150,124,filterLoc,,
3150,127,filterLoc,,
3150,130,filterLoc,,
3150,133,filterLoc,,
3150,136,filterLoc,,
3150,139,filterLoc,,
3150,142,filterLoc,,
3150,145,filterLoc,,
3150,148,filterLoc,,
3150,151,filterLoc,,
3150,154,filterLoc,,
3150,157,filterLoc,,
3150,160,filterLoc,,
3150,163,filterLoc,,
3150,166,filterLoc,,
3150,169,filterLoc,,
3150,172,filterLoc,,
3150,175,filterLoc,,
3150,178,filterLoc,,
3150,181,filterLoc,,
3150,184,filterLoc,,
3150,187,filterLoc,,
3150,190,filterLoc,,
3150,193,filterLoc,,
3150,196,filterLoc,,
3150,199,filterLoc,,
3150,202,filterLoc,,
3150,205,filterLoc,,
3150,208,filterLoc,,
3150,211,filterLoc,,
3150,214,filterLoc,,
3150,217,filterLoc,,
3150,221,filterLoc,,
3150,224,filterLoc,,
3150,227,filterLoc,,
3150,230,filterLoc,,
3150,233,filterLoc,,
3150,236,filterLoc,,
3150,239,filterLoc,,
3150,242,filterLoc,,
3150,245,filterLoc,,
3150,248,filterLoc,,
3150,251,filterLoc,,
3150,254,filterLoc,,
3150,257,filterLoc,,
3150,260,filterLoc,,
3150,263,filterLoc,,
3150,266,filterLoc,,
3150,269,filterLoc,,
3150,272,filterLoc,,
3150,275,filterLoc,,
3150,278,filterLoc,,
3150,281,filterLoc,,
3150,284,filterLoc,,
3150,287,filterLoc,,
3150,290,filterLoc,,
3150,293,filterLoc,,
3150,296,filterLoc,,
3150,299,filterLoc,,
3150,302,filterLoc,,
3150,305,filterLoc,,
3150,308,filterLoc,,
3150,311,filterLoc,,
3150,314,filterLoc,,
3150,317,filterLoc,,
3150,320,filterLoc,,
3150,323,filterLoc,,
3150,326,filterLoc,,
3150,329,filterLoc,,
3150,332,filterLoc,,
3150,335,filterLoc,,
3150,338,filterLoc,,
3150,341,filterLoc,,
3150,344,filterLoc,,
3150,347,filterLoc,,
3150,350,filterLoc,,
3150,353,filterLoc,,
3150,356,filterLoc,,
3150,359,filterLoc,,
3150,362,filterLoc,,
3150,365,filterLoc,,
3150,368,filterLoc,,
3150,371,filterLoc,,
3150,374,filterLoc,,
3150,377,filterLoc,,
3150,380,filterLoc,,
3150,383,filterLoc,,
3150,386,filterLoc,,
3150,389,filterLoc,,
3150,392,filterLoc,,
3150,395,filterLoc,,
3150,398,filterLoc,,
3150,401,filterLoc,,
3150,404,filterLoc,,
3150,407,filterLoc,,
3150,410,filterLoc,,
3150,413,filterLoc,,
3150,416,filterLoc,,
3150,419,filterLoc,,
3150,422,filterLoc,,
3150,425,filterLoc,,
3150,428,filterLoc,,
3150,431,filterLoc,,
3150,434,filterLoc,,
3150,437,filterLoc,,
3150,440,filterLoc,,
3150,443,filterLoc,,
3150,446,filterLoc,,
3150,449,filterLoc,,
3150,452,filterLoc,,
3150,455,filterLoc,,
3150,458,filterLoc,,
3150,461,filterLoc,,
3150,464,filterLoc,,
3150,467,filterLoc,,
3150,470,filterLoc,,
3150,473,filterLoc,,
3150,476,filterLoc,,
3150,479,filterLoc,,
3150,482,filterLoc,,
3150,485,filterLoc,,
3150,488,filterLoc,,
3150,491,filterLoc,,
3150,494,filterLoc,,
3150,497,filterLoc,,
3150,500,filterLoc,,
3150,503,filterLoc,,
3150,506,filterLoc,,
3150,509,filterLoc,,
3150,512,filterLoc,,
3150,515,filterLoc,,
3150,518,filterLoc,,
3150,521,filterLoc,,
3150,524,filterLoc,,
3150,527,filterLoc,,
3150,530,filterLoc,,
3150,533,filterLoc,,
3150,536,filterLoc,,
3150,539,filterLoc,,
3150,542,filterLoc,,
3150,545,filterLoc,,
3150,548,filterLoc,,
3150,551,filterLoc,,
3150,554,filterLoc,,
3150,557,filterLoc,,
3150,560,filterLoc,,
3150,563,filterLoc,,
3150,566,filterLoc,,
3150,569,filterLoc,,
3150,572,filterLoc,,
3150,575,filterLoc,,
3150,578,filterLoc,,
3150,581,filterLoc,,
3150,584,filterLoc,,
3150,587,filterLoc,,
3150,590,filterLoc,,
3150,593,filterLoc,,
3150,596,filterLoc,,
3150,599,filterLoc,,
3150,602,filterLoc,,
3150,605,filterLoc,,
3150,608,filterLoc,,
3150,611,filterLoc,,
3150,614,filterLoc,,
3150,617,filterLoc,,
3150,620,filterLoc,,
3150,623,filterLoc,,
3150,626,filterLoc,,
3150,629,filterLoc,,
3150,632,filterLoc,,
3150,635,filterLoc,,
3150,638,filterLoc,,
3150,641,filterLoc,,
3150,644,filterLoc,,
3150,647,filterLoc,,
3150,650,filterLoc,,
3150,653,filterLoc,,
3150,656,filterLoc,,
3150,659,filterLoc,,
3150,662,filterLoc,,
3150,665,filterLoc,,
3150,668,filterLoc,,
3150,671,filterLoc,,
3150,674,filterLoc,,
3150,677,filterLoc,,
3150,680,filterLoc,,
3150,683,filterLoc,,
3150,686,filterLoc,,
3150,689,filterLoc,,
3150,692,filterLoc,,
3150,695,filterLoc,,
3150,698,filterLoc,,
3150,701,filterLoc,,
3150,704,filterLoc,,
3150,707,filterLoc,,
3150,710,filterLoc,,
3150,713,filterLoc,,
3150,716,filterLoc,,
3150,719,filterLoc,,
3150,722,filterLoc,,
3150,725,filterLoc,,
3150,728,filterLoc,,
3150,731,filterLoc,,
3150,734,filterLoc,,
3150,737,filterLoc,,
3150,740,filterLoc,,
3150,743,filterLoc,,
3150,746,filterLoc,,;Evacuee;33;in triage category;G;is leaving helicopter;1
3150,749,filterLoc,,
3150,752,filterLoc,,
3150,755,filterLoc,,
3150,758,filterLoc,,
3150,761,filterLoc,,
3150,764,filterLoc,,
3150,767,filterLoc,,
3150,770,filterLoc,,
3150,773,filterLoc,,
3150,776,filterLoc,,
3150,779,filterLoc,,
3150,782,filterLoc,,
3150,785,filterLoc,,
3150,788,filterLoc,,
3150,791,filterLoc,,
3150,794,filterLoc,,
3150,797,filterLoc,,
3150,800,filterLoc,,
3150,803,filterLoc,,
3150,806,filterLoc,,
3150,809,filterLoc,,
3150,812,filterLoc,,
3150,815,filterLoc,,
3150,818,filterLoc,,
3150,821,filterLoc,,
3150,824,filterLoc,,
3150,827,filterLoc,,;Evacuee;40;in triage category;G;is leaving helicopter;1
3150,830,filterLoc,,
3150,833,filterLoc,,
3150,836,filterLoc,,
3150,839,filterLoc,,
3150,842,filterLoc,,
3150,845,filterLoc,,
3150,848,filterLoc,,
3150,851,filterLoc,,
3150,854,filterLoc,,
3150,857,filterLoc,,
3150,860,filterLoc,,
3150,863,filterLoc,,
3150,866,filterLoc,,
3150,869,filterLoc,,
3150,872,filterLoc,,
3150,875,filterLoc,,
3150,878,filterLoc,,
3150,881,filterLoc,,
3150,884,filterLoc,,
3150,887,filterLoc,,
3150,890,filterLoc,,;Evacuee;44;in triage category;G;is leaving helicopter;1
3150,893,filterLoc,,
3150,896,filterLoc,,
3150,899,filterLoc,,
3150,902,filterLoc,,
3150,905,filterLoc,,
3150,908,filterLoc,,
3150,911,filterLoc,,
3150,914,filterLoc,,
3150,917,filterLoc,,
3150,920,filterLoc,,
3150,923,filterLoc,,
3150,926,filterLoc,,
3150,929,filterLoc,,
3150,932,filterLoc,,
3150,935,filterLoc,,
3150,938,filterLoc,,
3150,941,filterLoc,,
3150,944,filterLoc,,
3150,947,filterLoc,,
3150,950,filterLoc,,
3150,953,filterLoc,,
3150,956,filterLoc,,
3150,959,filterLoc,,
3150,962,filterLoc,,
3150,965,filterLoc,,
3150,968,filterLoc,,
3150,971,filterLoc,,;Evacuee;52;in triage category;G;is leaving helicopter;1
3150,974,filterLoc,,;Evacuee;41;in triage category;G;is leaving helicopter;1
3150,977,filterLoc,,
3150,980,filterLoc,,
3150,983,filterLoc,,
3150,986,filterLoc,,
3150,989,filterLoc,,
3150,992,filterLoc,,
3150,995,filterLoc,,
3150,998,filterLoc,,
3150,1001,filterLoc,,
3150,1004,filterLoc,,
3150,1007,filterLoc,,
3150,1010,filterLoc,,
3150,1013,filterLoc,,
3150,1016,filterLoc,,
3150,1019,filterLoc,,
3150,1022,filterLoc,,
3150,1025,filterLoc,,
3150,1028,filterLoc,,
3150,1031,filterLoc,,
3150,1034,filterLoc,,
3150,1037,filterLoc,,
3150,1040,filterLoc,,
3150,1043,filterLoc,,
3150,1046,filterLoc,,;Evacuee;35;in triage category;G;is leaving helicopter;1
3150,1049,filterLoc,,
3150,1052,filterLoc,,;Evacuee;36;in triage category;G;is leaving helicopter;1
3150,1055,filterLoc,,
3150,1058,filterLoc,,
3150,1061,filterLoc,,
3150,1064,filterLoc,,
3150,1067,filterLoc,,
3150,1070,filterLoc,,
3150,1073,filterLoc,,
3150,1076,filterLoc,,
3150,1079,filterLoc,,
3150,1082,filterLoc,,
3150,1085,filterLoc,,
3150,1088,filterLoc,,
3150,1091,filterLoc,,
3150,1094,filterLoc,,
3150,1097,filterLoc,,
3150,1100,filterLoc,,
3150,1103,filterLoc,,
3150,1106,filterLoc,,
3150,1109,filterLoc,,
3150,1112,filterLoc,,
3150,1115,filterLoc,,
3150,1118,filterLoc,,
3150,1121,filterLoc,,
3150,1124,filterLoc,,;Evacuee;47;in triage category;G;is leaving helicopter;1
3150,1127,filterLoc,,;Evacuee;56;in triage category;G;is leaving helicopter;1
3150,1130,filterLoc,,
3150,1133,filterLoc,,
3150,1136,filterLoc,,
3150,1139,filterLoc,,
3150,1142,filterLoc,,
3150,1145,filterLoc,,
3150,1148,filterLoc,,
3150,1153,helicopter,outEvac,Evacuee 33 in triage category G is not assigned a helicopter
3150,1153,helicopter,outEvac,Evacuee 35 in triage category G is not assigned a helicopter
3150,1153,helicopter,outEvac,Evacuee 36 in triage category G is not assigned a helicopter
3150,1153,helicopter,outEvac,Evacuee 40 in triage category G is not assigned a helicopter
3150,1153,helicopter,outEvac,Evacuee 41 in triage category G is not assigned a helicopter
3150,1153,helicopter,outEvac,Evacuee 44 in triage category G is not assigned a helicopter
3150,1153,helicopter,outEvac,Evacuee 47 in triage category G is not assigned a helicopter
3150,1153,helicopter,outEvac,Evacuee 52 in triage category G is not assigned a helicopter
3150,1153,helicopter,outEvac,Evacuee 56 in triage category G is not assigned a helicopter
3150,1153,helicopter,outEvac,Evacuee 59 in triage category G is not assigned a helicopter
3150,1153,helicopter,,Helicopter;1;is unloading people at the FOL;;and has;0;spots taken
3150,1155,filterLoc,,
3150,1158,filterLoc,,
3150,1161,filterLoc,,
3150,1164,filterLoc,,
3150,1167,filterLoc,,
3150,1170,filterLoc,,
3150,1173,filterLoc,,
3150,1176,filterLoc,,
3150,1179,filterLoc,,
3150,1182,filterLoc,,
3150,1185,filterLoc,,
3150,1188,filterLoc,,
3150,1191,filterLoc,,
3150,1194,filterLoc,,
3150,1197,filterLoc,,
3150,1200,filterLoc,,
3150,1203,filterLoc,,
3150,1206,filterLoc,,
3150,1209,filterLoc,,
3150,1212,filterLoc,,
3150,1215,filterLoc,,
3150,1218,filterLoc,,
3150,1221,filterLoc,,
3150,1224,filterLoc,,
3150,1227,filterLoc,,
3150,1230,filterLoc,,
3150,1233,filterLoc,,
3150,1236,filterLoc,,
3150,1239,filterLoc,,
3150,1242,filterLoc,,
3150,1245,filterLoc,,
3150,1248,filterLoc,,
3150,1251,filterLoc,,
3150,1254,filterLoc,,
3150,1257,filterLoc,,
3150,1260,filterLoc,,
3150,1263,filterLoc,,
3150,1266,filterLoc,,
3150,1269,filterLoc,,
3150,1272,filterLoc,,
3150,1275,filterLoc,,
3150,1278,filterLoc,,
3150,1281,filterLoc,,
3150,1284,filterLoc,,
3150,1287,filterLoc,,
3150,1290,filterLoc,,
3150,1293,filterLoc,,
3150,1296,filterLoc,,
3150,1299,filterLoc,,
3150,1302,filterLoc,,
3150,1305,filterLoc,,
3150,1308,filterLoc,,
3150,1311,filterLoc,,
3150,1314,filterLoc,,
3150,1317,filterLoc,,
3150,1320,filterLoc,,
3150,1323,filterLoc,,
3150,1326,filterLoc,,
3150,1329,filterLoc,,
3150,1332,filterLoc,,
3150,1335,filterLoc,,
3150,1338,filterLoc,,
3150,1341,filterLoc,,
3150,1344,filterLoc,,
3150,1347,filterLoc,,
3150,1350,filterLoc,,
3150,1353,filterLoc,,
3150,1356,filterLoc,,
3150,1359,filterLoc,,
3150,1362,filterLoc,,
3150,1365,filterLoc,,
3150,1368,filterLoc,,
3150,1371,filterLoc,,
3150,1374,filterLoc,,
3150,1377,filterLoc,,
3150,1380,filterLoc,,
3150,1383,filterLoc,,
3150,1386,filterLoc,,
3150,1389,filterLoc,,
3150,1392,filterLoc,,
3150,1395,filterLoc,,
3150,1398,filterLoc,,
3150,1401,filterLoc,,
3150,1404,filterLoc,,
3150,1407,filterLoc,,
3150,1410,filterLoc,,
3150,1413,filterLoc,,
3150,1416,filterLoc,,
3150,1419,filterLoc,,
3150,1422,filterLoc,,
3150,1425,filterLoc,,
3150,1428,filterLoc,,
3150,1431,filterLoc,,
3150,1434,filterLoc,,
3150,1437,filterLoc,,
3150,1440,filterLoc,,
3150,1443,filterLoc,,
3150,1446,filterLoc,,
3150,1449,filterLoc,,
3150,1452,filterLoc,,
3150,1455,filterLoc,,
3150,1458,filterLoc,,
3150,1461,filterLoc,,
3150,1464,filterLoc,,
3150,1467,filterLoc,,
3150,1470,filterLoc,,
3150,1473,filterLoc,,
3150,1476,filterLoc,,
3150,1479,filterLoc,,
3150,1482,filterLoc,,
3150,1485,filterLoc,,
3150,1488,filterLoc,,;Evacuee;59;in triage category;G;is leaving helicopter;1
3150,1491,filterLoc,,
3150,1494,filterLoc,,
3150,1497,filterLoc,,
3150,1500,filterLoc,,
3150,1503,filterLoc,,
3150,1506,filterLoc,,
3150,1509,filterLoc,,
3150,746,filterLoc,out,Evacuee 33 in triage category G is not assigned a helicopter
3150,746,filterLoc,,
3150,747,evacuee,,Evacuee;33;in triage state;G;is entering the FOL
3150,827,filterLoc,out,Evacuee 40 in triage category G is not assigned a helicopter
3150,827,filterLoc,,
3150,828,evacuee,,Evacuee;40;in triage state;G;is entering the FOL
3150,890,filterLoc,out,Evacuee 44 in triage category G is not assigned a helicopter
3150,890,filterLoc,,
3150,891,evacuee,,Evacuee;44;in triage state;G;is entering the FOL
3150,971,filterLoc,out,Evacuee 52 in triage category G is not assigned a helicopter
3150,971,filterLoc,,
3150,972,evacuee,,Evacuee;52;in triage state;G;is entering the FOL
3150,974,filterLoc,out,Evacuee 41 in triage category G is not assigned a helicopter
3150,974,filterLoc,,
3150,975,evacuee,,Evacuee;41;in triage state;G;is entering the FOL
3150,1046,filterLoc,out,Evacuee 35 in triage category G is not assigned a helicopter
3150,1046,filterLoc,,
3150,1047,evacuee,,Evacuee;35;in triage state;G;is entering the FOL
3150,1052,filterLoc,out,Evacuee 36 in triage category G is not assigned a helicopter
3150,1052,filterLoc,,
3150,1053,evacuee,,Evacuee;36;in triage state;G;is entering the FOL
3150,1124,filterLoc,out,Evacuee 47 in triage category G is not assigned a helicopter
3150,1124,filterLoc,,
3150,1125,evacuee,,Evacuee;47;in triage state;G;is entering the FOL
3150,1127,filterLoc,out,Evacuee 56 in triage category G is not assigned a helicopter
3150,1127,filterLoc,,
3150,1128,evacuee,,Evacuee;56;in triage state;G;is entering the FOL
3150,1488,filterLoc,out,Evacuee 59 in triage category G is not assigned a helicopter
3150,1488,filterLoc,,
3150,1489,evacuee,,Evacuee;59;in triage state;G;is entering the FOL
3150,219,FOL,,;EvacueeID;2;Triage Status;G;EvacueeID;6;Triage Status;G;EvacueeID;9;Triage Status;G;EvacueeID;12;Triage Status;G;EvacueeID;14;Triage Status;G;EvacueeID;16;Triage Status;G;EvacueeID;20;Triage Status;G;EvacueeID;22;Triage Status;G;EvacueeID;25;Triage Status;G;EvacueeID;27;Triage Status;G;EvacueeID;33;Triage Status;G;EvacueeID;35;Triage Status;G;EvacueeID;36;Triage Status;G;EvacueeID;40;Triage Status;G;EvacueeID;41;Triage Status;G;EvacueeID;44;Triage Status;G;EvacueeID;47;Triage Status;G;EvacueeID;52;Triage Status;G;EvacueeID;56;Triage Status;G;EvacueeID;59;Triage Status;G;Lives Saved;20
3150,747,evacuee,outFOL,Evacuee 33 in triage category G is not assigned a helicopter
3150,747,evacuee,,Evacuee;33;in triage state;G;is at the FOL
3150,828,evacuee,outFOL,Evacuee 40 in triage category G is not assigned a helicopter
3150,828,evacuee,,Evacuee;40;in triage state;G;is at the FOL
3150,891,evacuee,outFOL,Evacuee 44 in triage category G is not assigned a helicopter
3150,891,evacuee,,Evacuee;44;in triage state;G;is at the FOL
3150,972,evacuee,outFOL,Evacuee 52 in triage category G is not assigned a helicopter
3150,972,evacuee,,Evacuee;52;in triage state;G;is at the FOL
3150,975,evacuee,outFOL,Evacuee 41 in triage category G is not assigned a helicopter
3150,975,evacuee,,Evacuee;41;in triage state;G;is at the FOL
3150,1047,evacuee,outFOL,Evacuee 35 in triage category G is not assigned a helicopter
3150,1047,evacuee,,Evacuee;35;in triage state;G;is at the FOL
3150,1053,evacuee,outFOL,Evacuee 36 in triage category G is not assigned a helicopter
3150,1053,evacuee,,Evacuee;36;in triage state;G;is at the FOL
3150,1125,evacuee,outFOL,Evacuee 47 in triage category G is not assigned a helicopter
3150,1125,evacuee,,Evacuee;47;in triage state;G;is at the FOL
3150,1128,evacuee,outFOL,Evacuee 56 in triage category G is not assigned a helicopter
3150,1128,evacuee,,Evacuee;56;in triage state;G;is at the FOL
3150,1489,evacuee,outFOL,Evacuee 59 in triage category G is not assigned a helicopter
3150,1489,evacuee,,Evacuee;59;in triage state;G;is at the FOL
3150,219,FOL,,;EvacueeID;2;Triage Status;G;EvacueeID;6;Triage Status;G;EvacueeID;9;Triage Status;G;EvacueeID;12;Triage Status;G;EvacueeID;14;Triage Status;G;EvacueeID;16;Triage Status;G;EvacueeID;20;Triage Status;G;EvacueeID;22;Triage Status;G;EvacueeID;25;Triage Status;G;EvacueeID;27;Triage Status;G;EvacueeID;33;Triage Status;G;EvacueeID;35;Triage Status;G;EvacueeID;36;Triage Status;G;EvacueeID;40;Triage Status;G;EvacueeID;41;Triage Status;G;EvacueeID;44;Triage Status;G;EvacueeID;47;Triage Status;G;EvacueeID;52;Triage Status;G;EvacueeID;56;Triage Status;G;EvacueeID;59;Triage Status;G;Lives Saved;20
3153.21,3,evacueeManager,,OFF SHIP: White;0;Green;146;Yellow;27;Red;3;Black;304;ON SHIP: White;0;Green;0;Yellow;0;Red;0;Evacuees to Transfer;
3153.21,1255,evacuee,outES,Evacuee 166 in triage category Y is not assigned a helicopter
3153.21,1255,evacuee,,Evacuee;166;in triage state;R;is at the evacuation site
3153.63,3,evacueeManager,,OFF SHIP: White;0;Green;146;Yellow;27;Red;2;Black;305;ON SHIP: White;0;Green;0;Yellow;0;Red;0;Evacuees to Transfer;
3153.63,660,evacuee,outES,Evacuee 344 in triage category R is not assigned a helicopter
3153.63,660,evacuee,,Evacuee;344;in triage state;B;is at the evacuation site
3154.14,3,evacueeManager,,OFF SHIP: White;0;Green;145;Yellow;28;Red;2;Black;305;ON SHIP: White;0;Green;0;Yellow;0;Red;0;Evacuees to Transfer;
3154.14,519,evacuee,outES,Evacuee 112 in triage category G is not assigned a helicopter
3154.14,519,evacuee,,Evacuee;112;in triage state;Y;is at the evacuation site
3160.07,3,evacueeManager,,OFF SHIP: White;0;Green;145;Yellow;27;Red;3;Black;305;ON SHIP: White;0;Green;0;Yellow;0;Red;0;Evacuees to Transfer;
3160.07,582,evacuee,outES,Evacuee 99 in triage category Y is not assigned a helicopter
3160.07,582,evacuee,,Evacuee;99;in triage state;R;is at the evacuation site
3161.97,3,evacueeManager,,OFF SHIP: White;0;Green;145;Yellow;26;Red;4;Black;305;ON SHIP: White;0;Green;0;Yellow;0;Red;0;Evacuees to Transfer;
3161.97,369,evacuee,outES,Evacuee 291 in triage category Y is not assigned a helicopter
3161.97,369,evacuee,,Evacuee;291;in triage state;R;is at the evacuation site
3164.18,3,evacueeManager,,OFF SHIP: White;0;Green;144;Yellow;27;Red;4;Black;305;ON SHIP: White;0;Green;0;Yellow;0;Red;0;Evacuees to Transfer;
3164.18,1477,evacuee,outES,Evacuee 243 in triage category G is not assigned a helicopter
3164.18,1477,evacuee,,Evacuee;243;in triage state;Y;is at the evacuation site
3165,1153,helicopter,,Helicopter;1;Is going to the evacuation site;;and has;0;spots taken
3168.28,3,evacueeManager,,OFF SHIP: White;0;Green;144;Yellow;26;Red;5;Black;305;ON SHIP: White;0;Green;0;Yellow;0;Red;0;Evacuees to Transfer;
3168.28,1474,evacuee,outES,Evacuee 239 in triage category Y is not assigned a helicopter
3168.28,1474,evacuee,,Evacuee;239;in triage state;R;is at the evacuation site
3187.53,3,evacueeManager,,OFF SHIP: White;0;Green;143;Yellow;27;Red;5;Black;305;ON SHIP: White;0;Green;0;Yellow;0;Red;0;Evacuees to Transfer;
3187.53,222,evacuee,outES,Evacuee 370 in triage category G is not assigned a helicopter
3187.53,222,evacuee,,Evacuee;370;in triage state;Y;is at the evacuation site
3193.15,3,evacueeManager,,OFF SHIP: White;0;Green;143;Yellow;26;Red;6;Black;305;ON SHIP: White;0;Green;0;Yellow;0;Red;0;Evacuees to Transfer;
3193.15,945,evacuee,outES,Evacuee 418 in triage category Y is not assigned a helicopter
3193.15,945,evacuee,,Evacuee;418;in triage state;R;is at the evacuation site
3194.66,3,evacueeManager,,OFF SHIP: White;0;Green;143;Yellow;26;Red;5;Black;306;ON SHIP: White;0;Green;0;Yellow;0;Red;0;Evacuees to Transfer;
3194.66,1255,evacuee,outES,Evacuee 166 in triage category R is not assigned a helicopter
3194.66,1255,evacuee,,Evacuee;166;in triage state;B;is at the evacuation site
3214.42,3,evacueeManager,,OFF SHIP: White;0;Green;143;Yellow;26;Red;4;Black;307;ON SHIP: White;0;Green;0;Yellow;0;Red;0;Evacuees to Transfer;
3214.42,945,evacuee,outES,Evacuee 418 in triage category R is not assigned a helicopter
3214.42,945,evacuee,,Evacuee;418;in triage state;B;is at the evacuation site
3214.53,3,evacueeManager,,OFF SHIP: White;0;Green;143;Yellow;26;Red;3;Black;308;ON SHIP: White;0;Green;0;Yellow;0;Red;0;Evacuees to Transfer;
3214.53,1474,evacuee,outES,Evacuee 239 in triage category R is not assigned a helicopter
3214.53,1474,evacuee,,Evacuee;239;in triage state;B;is at the evacuation site
3220.32,3,evacueeManager,,OFF SHIP: White;0;Green;143;Yellow;26;Red;2;Black;309;ON SHIP: White;0;Green;0;Yellow;0;Red;0;Evacuees to Transfer;
3220.32,369,evacuee,outES,Evacuee 291 in triage category R is not assigned a helicopter
3220.32,369,evacuee,,Evacuee;291;in triage state;B;is at the evacuation site
3228.47,3,evacueeManager,,OFF SHIP: White;0;Green;143;Yellow;25;Red;3;Black;309;ON SHIP: White;0;Green;0;Yellow;0;Red;0;Evacuees to Transfer;
3228.47,516,evacuee,outES,Evacuee 302 in triage category Y is not assigned a helicopter
3228.47,516,evacuee,,Evacuee;302;in triage state;R;is at the evacuation site
3229.78,3,evacueeManager,,OFF SHIP: White;0;Green;143;Yellow;24;Red;4;Black;309;ON SHIP: White;0;Green;0;Yellow;0;Red;0;Evacuees to Transfer;
3229.78,1468,evacuee,outES,Evacuee 238 in triage category Y is not assigned a helicopter
3229.78,1468,evacuee,,Evacuee;238;in triage state;R;is at the evacuation site
3230.46,3,evacueeManager,,OFF SHIP: White;0;Green;143;Yellow;23;Red;5;Black;309;ON SHIP: White;0;Green;0;Yellow;0;Red;0;Evacuees to Transfer;
3230.46,143,evacuee,outES,Evacuee 404 in triage category Y is not assigned a helicopter
3230.46,143,evacuee,,Evacuee;404;in triage state;R;is at the evacuation site
3233.31,3,evacueeManager,,OFF SHIP: White;0;Green;143;Yellow;23;Red;4;Black;310;ON SHIP: White;0;Green;0;Yellow;0;Red;0;Evacuees to Transfer;
3233.31,1468,evacuee,outES,Evacuee 238 in triage category R is not assigned a helicopter
3233.31,1468,evacuee,,Evacuee;238;in triage state;B;is at the evacuation site
3235.05,3,evacueeManager,,OFF SHIP: White;0;Green;143;Yellow;23;Red;3;Black;311;ON SHIP: White;0;Green;0;Yellow;0;Red;0;Evacuees to Transfer;
3235.05,143,evacuee,outES,Evacuee 404 in triage category R is not assigned a helicopter
3235.05,143,evacuee,,Evacuee;404;in triage state;B;is at the evacuation site
3240,5,helicopterQueue,,1;Helos are waiting to land;HeloID;1
3240,1153,helicopter,outES,Helicopter 1 is evacuating people1
3240,1153,helicopter,,Helicopter;1;is waiting to land at the evacuation site;;and has;0;spots taken
3240,4,helipadManager,,;No helos are at ES
3240,5,helicopterQueue,outHM,Helicopter 1 is evacuating people1
3240,5,helicopterQueue,outHelo,Helicopter 1 is evacuating people1
3240,5,helicopterQueue,,;No helos are waiting to land
3240,1152,filterES,,Helicopter;1;is evacuating people
3240,3,evacueeManager,,OFF SHIP: White;0;Green;133;Yellow;23;Red;3;Black;311;ON SHIP: White;0;Green;0;Yellow;0;Red;0;Evacuees to Transfer;;EvacueeID;61;HeloID;1;OnShip;0;Triage Status;G;EvacueeID;63;HeloID;1;OnShip;0;Triage Status;G;EvacueeID;70;HeloID;1;OnShip;0;Triage Status;G;EvacueeID;71;HeloID;1;OnShip;0;Triage Status;G;EvacueeID;74;HeloID;1;OnShip;0;Triage Status;G;EvacueeID;76;HeloID;1;OnShip;0;Triage Status;G;EvacueeID;81;HeloID;1;OnShip;0;Triage Status;G;EvacueeID;83;HeloID;1;OnShip;0;Triage Status;G;EvacueeID;88;HeloID;1;OnShip;0;Triage Status;G;EvacueeID;90;HeloID;1;OnShip;0;Triage Status;G
3240,4,helipadManager,outEM,Helicopter 1 is evacuating people1
3240,4,helipadManager,,Helo;1;is at the ES
3240,1152,filterES,out,Helicopter 1 is evacuating people1
3240,1152,filterES,,
3240,1153,helicopter,,Helicopter;1;is waiting to land at the evacuation site;;and has;0;spots taken
3240,3,evacueeManager,outEvac,Evacuee 61 in triage category G is assigned helicopter 1
3240,3,evacueeManager,outEvac,Evacuee 63 in triage category G is assigned helicopter 1
3240,3,evacueeManager,outEvac,Evacuee 70 in triage category G is assigned helicopter 1
3240,3,evacueeManager,outEvac,Evacuee 71 in triage category G is assigned helicopter 1
3240,3,evacueeManager,outEvac,Evacuee 74 in triage category G is assigned helicopter 1
3240,3,evacueeManager,outEvac,Evacuee 76 in triage category G is assigned helicopter 1
3240,3,evacueeManager,outEvac,Evacuee 81 in triage category G is assigned helicopter 1
3240,3,evacueeManager,outEvac,Evacuee 83 in triage category G is assigned helicopter 1
3240,3,evacueeManager,outEvac,Evacuee 88 in triage category G is assigned helicopter 1
3240,3,evacueeManager,outEvac,Evacuee 90 in triage category G is assigned helicopter 1
3240,3,evacueeManager,,OFF SHIP: White;0;Green;133;Yellow;23;Red;3;Black;311;ON SHIP: White;0;Green;0;Yellow;0;Red;0;Evacuees to Transfer;
3240,7,filterLoc,,
3240,10,filterLoc,,
3240,13,filterLoc,,
3240,16,filterLoc,,
3240,19,filterLoc,,
3240,22,filterLoc,,
3240,25,filterLoc,,
3240,28,filterLoc,,
3240,31,filterLoc,,
3240,34,filterLoc,,
3240,37,filterLoc,,
3240,40,filterLoc,,
3240,43,filterLoc,,
3240,46,filterLoc,,
3240,49,filterLoc,,
3240,52,filterLoc,,
3240,55,filterLoc,,
3240,58,filterLoc,,
3240,61,filterLoc,,
3240,64,filterLoc,,
3240,67,filterLoc,,
3240,70,filterLoc,,
3240,73,filterLoc,,
3240,76,filterLoc,,
3240,79,filterLoc,,
3240,82,filterLoc,,
3240,85,filterLoc,,
3240,88,filterLoc,,
3240,91,filterLoc,,
3240,94,filterLoc,,
3240,97,filterLoc,,
3240,100,filterLoc,,
3240,103,filterLoc,,
3240,106,filterLoc,,
3240,109,filterLoc,,
3240,112,filterLoc,,
3240,115,filterLoc,,
3240,118,filterLoc,,
3240,121,filterLoc,,
3240,124,filterLoc,,
3240,127,filterLoc,,
3240,130,filterLoc,,
3240,133,filterLoc,,
3240,136,filterLoc,,
3240,139,filterLoc,,
3240,142,filterLoc,,
3240,145,filterLoc,,
3240,148,filterLoc,,
3240,151,filterLoc,,
3240,154,filterLoc,,
3240,157,filterLoc,,
3240,160,filterLoc,,
3240,163,filterLoc,,
3240,166,filterLoc,,
3240,169,filterLoc,,
3240,172,filterLoc,,
3240,175,filterLoc,,
3240,178,filterLoc,,
3240,181,filterLoc,,
3240,184,filterLoc,,
3240,187,filterLoc,,
3240,190,filterLoc,,
3240,193,filterLoc,,
3240,196,filterLoc,,
3240,199,filterLoc,,
3240,202,filterLoc,,
3240,205,filterLoc,,
3240,208,filterLoc,,
3240,211,filterLoc,,
3240,214,filterLoc,,
3240,217,filterLoc,,
3240,221,filterLoc,,
3240,224,filterLoc,,
3240,227,filterLoc,,
3240,230,filterLoc,,
3240,233,filterLoc,,
3240,236,filterLoc,,
3240,239,filterLoc,,
3240,242,filterLoc,,
3240,245,filterLoc,,
3240,248,filterLoc,,
3240,251,filterLoc,,
3240,254,filterLoc,,
3240,257,filterLoc,,
3240,260,filterLoc,,
3240,263,filterLoc,,
3240,266,filterLoc,,
3240,269,filterLoc,,
3240,272,filterLoc,,
3240,275,filterLoc,,
3240,278,filterLoc,,
3240,281,filterLoc,,
3240,284,filterLoc,,
3240,287,filterLoc,,
3240,290,filterLoc,,
3240,293,filterLoc,,
3240,296,filterLoc,,
3240,299,filterLoc,,
3240,302,filterLoc,,
3240,305,filterLoc,,
3240,308,filterLoc,,
3240,311,filterLoc,,
3240,314,filterLoc,,
3240,317,filterLoc,,
3240,320,filterLoc,,
3240,323,filterLoc,,
3240,326,filterLoc,,
3240,329,filterLoc,,
3240,332,filterLoc,,
3240,335,filterLoc,,
3240,338,filterLoc,,
3240,341,filterLoc,,
3240,344,filterLoc,,
3240,347,filterLoc,,
3240,350,filterLoc,,
3240,353,filterLoc,,
3240,356,filterLoc,,
3240,359,filterLoc,,
3240,362,filterLoc,,
3240,365,filterLoc,,
3240,368,filterLoc,,
3240,371,filterLoc,,
3240,374,filterLoc,,
3240,377,filterLoc,,
3240,380,filterLoc,,
3240,383,filterLoc,,
3240,386,filterLoc,,
3240,389,filterLoc,,
3240,392,filterLoc,,
3240,395,filterLoc,,
3240,398,filterLoc,,
3240,401,filterLoc,,
3240,404,filterLoc,,
3240,407,filterLoc,,
3240,410,filterLoc,,
3240,413,filterLoc,,
3240,416,filterLoc,,
3240,419,filterLoc,,
3240,422,filterLoc,,
3240,425,filterLoc,,
3240,428,filterLoc,,
3240,431,filterLoc,,
3240,434,filterLoc,,
3240,437,filterLoc,,
3240,440,filterLoc,,
3240,443,filterLoc,,
3240,446,filterLoc,,
3240,449,filterLoc,,
3240,452,filterLoc,,
3240,455,filterLoc,,
3240,458,filterLoc,,;Evacuee;88;in triage category;G;is entering helicopter;1
3240,461,filterLoc,,
3240,464,filterLoc,,
3240,467,filterLoc,,
3240,470,filterLoc,,
3240,473,filterLoc,,
3240,476,filterLoc,,
3240,479,filterLoc,,
3240,482,filterLoc,,
3240,485,filterLoc,,
3240,488,filterLoc,,
3240,491,filterLoc,,
3240,494,filterLoc,,
3240,497,filterLoc,,
3240,500,filterLoc,,
3240,503,filterLoc,,
3240,506,filterLoc,,
3240,509,filterLoc,,
3240,512,filterLoc,,
3240,515,filterLoc,,
3240,518,filterLoc,,
3240,521,filterLoc,,
3240,524,filterLoc,,
3240,527,filterLoc,,
3240,530,filterLoc,,
3240,533,filterLoc,,
3240,536,filterLoc,,
3240,539,filterLoc,,
3240,542,filterLoc,,
3240,545,filterLoc,,
3240,548,filterLoc,,
3240,551,filterLoc,,
3240,554,filterLoc,,
3240,557,filterLoc,,
3240,560,filterLoc,,
3240,563,filterLoc,,
3240,566,filterLoc,,
3240,569,filterLoc,,
3240,572,filterLoc,,
3240,575,filterLoc,,
3240,578,filterLoc,,
3240,581,filterLoc,,
3240,584,filterLoc,,
3240,587,filterLoc,,
3240,590,filterLoc,,
3240,593,filterLoc,,
3240,596,filterLoc,,
3240,599,filterLoc,,
3240,602,filterLoc,,
3240,605,filterLoc,,
3240,608,filterLoc,,
3240,611,filterLoc,,;Evacuee;90;in triage category;G;is entering helicopter;1
3240,614,filterLoc,,;Evacuee;83;in triage category;G;is entering helicopter;1
3240,617,filterLoc,,
3240,620,filterLoc,,
3240,623,filterLoc,,
3240,626,filterLoc,,
3240,629,filterLoc,,
3240,632,filterLoc,,
3240,635,filterLoc,,
3240,638,filterLoc,,
3240,641,filterLoc,,
3240,644,filterLoc,,
3240,647,filterLoc,,
3240,650,filterLoc,,
3240,653,filterLoc,,
3240,656,filterLoc,,
3240,659,filterLoc,,
3240,662,filterLoc,,
3240,665,filterLoc,,
3240,668,filterLoc,,
3240,671,filterLoc,,
3240,674,filterLoc,,
3240,677,filterLoc,,
3240,680,filterLoc,,;Evacuee;76;in triage category;G;is entering helicopter;1
3240,683,filterLoc,,
3240,686,filterLoc,,;Evacuee;74;in triage category;G;is entering helicopter;1
3240,689,filterLoc,,
3240,692,filterLoc,,
3240,695,filterLoc,,
3240,698,filterLoc,,
3240,701,filterLoc,,
3240,704,filterLoc,,
3240,707,filterLoc,,
3240,710,filterLoc,,
3240,713,filterLoc,,
3240,716,filterLoc,,
3240,719,filterLoc,,
3240,722,filterLoc,,
3240,725,filterLoc,,
3240,728,filterLoc,,
3240,731,filterLoc,,
3240,734,filterLoc,,
3240,737,filterLoc,,
3240,740,filterLoc,,
3240,743,filterLoc,,
3240,746,filterLoc,,
3240,749,filterLoc,,
3240,752,filterLoc,,
3240,755,filterLoc,,
3240,758,filterLoc,,
3240,761,filterLoc,,;Evacuee;70;in triage category;G;is entering helicopter;1
3240,764,filterLoc,,
3240,767,filterLoc,,
3240,770,filterLoc,,
3240,773,filterLoc,,
3240,776,filterLoc,,
3240,779,filterLoc,,
3240,782,filterLoc,,
3240,785,filterLoc,,
3240,788,filterLoc,,
3240,791,filterLoc,,
3240,794,filterLoc,,
3240,797,filterLoc,,
3240,800,filterLoc,,
3240,803,filterLoc,,
3240,806,filterLoc,,
3240,809,filterLoc,,
3240,812,filterLoc,,
3240,815,filterLoc,,;Evacuee;71;in triage category;G;is entering helicopter;1
3240,818,filterLoc,,
3240,821,filterLoc,,;Evacuee;81;in triage category;G;is entering helicopter;1
3240,824,filterLoc,,
3240,827,filterLoc,,
3240,830,filterLoc,,
3240,833,filterLoc,,
3240,836,filterLoc,,
3240,839,filterLoc,,
3240,842,filterLoc,,
3240,845,filterLoc,,
3240,848,filterLoc,,
3240,851,filterLoc,,
3240,854,filterLoc,,
3240,857,filterLoc,,
3240,860,filterLoc,,
3240,863,filterLoc,,
3240,866,filterLoc,,
3240,869,filterLoc,,
3240,872,filterLoc,,
3240,875,filterLoc,,
3240,878,filterLoc,,
3240,881,filterLoc,,
3240,884,filterLoc,,
3240,887,filterLoc,,
3240,890,filterLoc,,
3240,893,filterLoc,,
3240,896,filterLoc,,
3240,899,filterLoc,,
3240,902,filterLoc,,
3240,905,filterLoc,,
3240,908,filterLoc,,
3240,911,filterLoc,,
3240,914,filterLoc,,
3240,917,filterLoc,,
3240,920,filterLoc,,
3240,923,filterLoc,,
3240,926,filterLoc,,
3240,929,filterLoc,,
3240,932,filterLoc,,
3240,935,filterLoc,,
3240,938,filterLoc,,
3240,941,filterLoc,,
3240,944,filterLoc,,
3240,947,filterLoc,,
3240,950,filterLoc,,
3240,953,filterLoc,,
3240,956,filterLoc,,
3240,959,filterLoc,,
3240,962,filterLoc,,
3240,965,filterLoc,,
3240,968,filterLoc,,;Evacuee;61;in triage category;G;is entering helicopter;1
3240,971,filterLoc,,
3240,974,filterLoc,,
3240,977,filterLoc,,
3240,980,filterLoc,,
3240,983,filterLoc,,
3240,986,filterLoc,,
3240,989,filterLoc,,
3240,992,filterLoc,,
3240,995,filterLoc,,
3240,998,filterLoc,,
3240,1001,filterLoc,,
3240,1004,filterLoc,,
3240,1007,filterLoc,,
3240,1010,filterLoc,,
3240,1013,filterLoc,,
3240,1016,filterLoc,,
3240,1019,filterLoc,,
3240,1022,filterLoc,,
3240,1025,filterLoc,,
3240,1028,filterLoc,,
3240,1031,filterLoc,,
3240,1034,filterLoc,,
3240,1037,filterLoc,,
3240,1040,filterLoc,,
3240,1043,filterLoc,,
3240,1046,filterLoc,,
3240,1049,filterLoc,,
3240,1052,filterLoc,,
3240,1055,filterLoc,,
3240,1058,filterLoc,,
3240,1061,filterLoc,,
3240,1064,filterLoc,,
3240,1067,filterLoc,,
3240,1070,filterLoc,,
3240,1073,filterLoc,,
3240,1076,filterLoc,,
3240,1079,filterLoc,,
3240,1082,filterLoc,,
3240,1085,filterLoc,,
3240,1088,filterLoc,,
3240,1091,filterLoc,,
3240,1094,filterLoc,,
3240,1097,filterLoc,,
3240,1100,filterLoc,,
3240,1103,filterLoc,,
3240,1106,filterLoc,,
3240,1109,filterLoc,,
3240,1112,filterLoc,,
3240,1115,filterLoc,,
3240,1118,filterLoc,,;Evacuee;63;in triage category;G;is entering helicopter;1
3240,1121,filterLoc,,
3240,1124,filterLoc,,
3240,1127,filterLoc,,
3240,1130,filterLoc,,
3240,1133,filterLoc,,
3240,1136,filterLoc,,
3240,1139,filterLoc,,
3240,1142,filterLoc,,
3240,1145,filterLoc,,
3240,1148,filterLoc,,
3240,1153,helicopter,,Helicopter;1;is loading people at the evacuation site;;and has;0;spots taken
3240,1155,filterLoc,,
3240,1158,filterLoc,,
3240,1161,filterLoc,,
3240,1164,filterLoc,,
3240,1167,filterLoc,,
3240,1170,filterLoc,,
3240,1173,filterLoc,,
3240,1176,filterLoc,,
3240,1179,filterLoc,,
3240,1182,filterLoc,,
3240,1185,filterLoc,,
3240,1188,filterLoc,,
3240,1191,filterLoc,,
3240,1194,filterLoc,,
3240,1197,filterLoc,,
3240,1200,filterLoc,,
3240,1203,filterLoc,,
3240,1206,filterLoc,,
3240,1209,filterLoc,,
3240,1212,filterLoc,,
3240,1215,filterLoc,,
3240,1218,filterLoc,,
3240,1221,filterLoc,,
3240,1224,filterLoc,,
3240,1227,filterLoc,,
3240,1230,filterLoc,,
3240,1233,filterLoc,,
3240,1236,filterLoc,,
3240,1239,filterLoc,,
3240,1242,filterLoc,,
3240,1245,filterLoc,,
3240,1248,filterLoc,,
3240,1251,filterLoc,,
3240,1254,filterLoc,,
3240,1257,filterLoc,,
3240,1260,filterLoc,,
3240,1263,filterLoc,,
3240,1266,filterLoc,,
3240,1269,filterLoc,,
3240,1272,filterLoc,,
3240,1275,filterLoc,,
3240,1278,filterLoc,,
3240,1281,filterLoc,,
3240,1284,filterLoc,,
3240,1287,filterLoc,,
3240,1290,filterLoc,,
3240,1293,filterLoc,,
3240,1296,filterLoc,,
3240,1299,filterLoc,,
3240,1302,filterLoc,,
3240,1305,filterLoc,,
3240,1308,filterLoc,,
3240,1311,filterLoc,,
3240,1314,filterLoc,,
3240,1317,filterLoc,,
3240,1320,filterLoc,,
3240,1323,filterLoc,,
3240,1326,filterLoc,,
3240,1329,filterLoc,,
3240,1332,filterLoc,,
3240,1335,filterLoc,,
3240,1338,filterLoc,,
3240,1341,filterLoc,,
3240,1344,filterLoc,,
3240,1347,filterLoc,,
3240,1350,filterLoc,,
3240,1353,filterLoc,,
3240,1356,filterLoc,,
3240,1359,filterLoc,,
3240,1362,filterLoc,,
3240,1365,filterLoc,,
3240,1368,filterLoc,,
3240,1371,filterLoc,,
3240,1374,filterLoc,,
3240,1377,filterLoc,,
3240,1380,filterLoc,,
3240,1383,filterLoc,,
3240,1386,filterLoc,,
3240,1389,filterLoc,,
3240,1392,filterLoc,,
3240,1395,filterLoc,,
3240,1398,filterLoc,,
3240,1401,filterLoc,,
3240,1404,filterLoc,,
3240,1407,filterLoc,,
3240,1410,filterLoc,,
3240,1413,filterLoc,,
3240,1416,filterLoc,,
3240,1419,filterLoc,,
3240,1422,filterLoc,,
3240,1425,filterLoc,,
3240,1428,filterLoc,,
3240,1431,filterLoc,,
3240,1434,filterLoc,,
3240,1437,filterLoc,,
3240,1440,filterLoc,,
3240,1443,filterLoc,,
3240,1446,filterLoc,,
3240,1449,filterLoc,,
3240,1452,filterLoc,,
3240,1455,filterLoc,,
3240,1458,filterLoc,,
3240,1461,filterLoc,,
3240,1464,filterLoc,,
3240,1467,filterLoc,,
3240,1470,filterLoc,,
3240,1473,filterLoc,,
3240,1476,filterLoc,,
3240,1479,filterLoc,,
3240,1482,filterLoc,,
3240,1485,filterLoc,,
3240,1488,filterLoc,,
3240,1491,filterLoc,,
3240,1494,filterLoc,,
3240,1497,filterLoc,,
3240,1500,filterLoc,,
3240,1503,filterLoc,,
3240,1506,filterLoc,,
3240,1509,filterLoc,,
3240,458,filterLoc,out,Evacuee 88 in triage category G is assigned helicopter 1
3240,458,filterLoc,,
3240,459,evacuee,,Evacuee;88;in triage state;G;is entering helicopter;1
3240,611,filterLoc,out,Evacuee 90 in triage category G is assigned helicopter 1
3240,611,filterLoc,,
3240,612,evacuee,,Evacuee;90;in triage state;G;is entering helicopter;1
3240,614,filterLoc,out,Evacuee 83 in triage category G is assigned helicopter 1
3240,614,filterLoc,,
3240,615,evacuee,,Evacuee;83;in triage state;G;is entering helicopter;1
3240,680,filterLoc,out,Evacuee 76 in triage category G is assigned helicopter 1
3240,680,filterLoc,,
3240,681,evacuee,,Evacuee;76;in triage state;G;is entering helicopter;1
3240,686,filterLoc,out,Evacuee 74 in triage category G is assigned helicopter 1
3240,686,filterLoc,,
3240,687,evacuee,,Evacuee;74;in triage state;G;is entering helicopter;1
3240,761,filterLoc,out,Evacuee 70 in triage category G is assigned helicopter 1
3240,761,filterLoc,,
3240,762,evacuee,,Evacuee;70;in triage state;G;is entering helicopter;1
3240,815,filterLoc,out,Evacuee 71 in triage category G is assigned helicopter 1
3240,815,filterLoc,,
3240,816,evacuee,,Evacuee;71;in triage state;G;is entering helicopter;1
3240,821,filterLoc,out,Evacuee 81 in triage category G is assigned helicopter 1
3240,821,filterLoc,,
3240,822,evacuee,,Evacuee;81;in triage state;G;is entering helicopter;1
3240,968,filterLoc,out,Evacuee 61 in triage category G is assigned helicopter 1
3240,968,filterLoc,,
3240,969,evacuee,,Evacuee;61;in triage state;G;is entering helicopter;1
3240,1118,filterLoc,out,Evacuee 63 in triage category G is assigned helicopter 1
3240,1118,filterLoc,,
3240,1119,evacuee,,Evacuee;63;in triage state;G;is entering helicopter;1
3240,459,evacuee,outHelo,Evacuee 88 in triage category G is assigned helicopter 1
3240,459,evacuee,,Evacuee;88;in triage state;G;is in helicopter;1
3240,612,evacuee,outHelo,Evacuee 90 in triage category G is assigned helicopter 1
3240,612,evacuee,,Evacuee;90;in triage state;G;is in helicopter;1
3240,615,evacuee,outHelo,Evacuee 83 in triage category G is assigned helicopter 1
3240,615,evacuee,,Evacuee;83;in triage state;G;is in helicopter;1
3240,681,evacuee,outHelo,Evacuee 76 in triage category G is assigned helicopter 1
3240,681,evacuee,,Evacuee;76;in triage state;G;is in helicopter;1
3240,687,evacuee,outHelo,Evacuee 74 in triage category G is assigned helicopter 1
3240,687,evacuee,,Evacuee;74;in triage state;G;is in helicopter;1
3240,762,evacuee,outHelo,Evacuee 70 in triage category G is assigned helicopter 1
3240,762,evacuee,,Evacuee;70;in triage state;G;is in helicopter;1
3240,816,evacuee,outHelo,Evacuee 71 in triage category G is assigned helicopter 1
3240,816,evacuee,,Evacuee;71;in triage state;G;is in helicopter;1
3240,822,evacuee,outHelo,Evacuee 81 in triage category G is assigned helicopter 1
3240,822,evacuee,,Evacuee;81;in triage state;G;is in helicopter;1
3240,969,evacuee,outHelo,Evacuee 61 in triage category G is assigned helicopter 1
3240,969,evacuee,,Evacuee;61;in triage state;G;is in helicopter;1
3240,1119,evacuee,outHelo,Evacuee 63 in triage category G is assigned helicopter 1
3240,1119,evacuee,,Evacuee;63;in triage state;G;is in helicopter;1
3240,1151,filterEvac,,;Evacuee;61;in triage category;G;is entering helicopter;1;Evacuee;63;in triage category;G;is entering helicopter;1;Evacuee;70;in triage category;G;is entering helicopter;1;Evacuee;71;in triage category;G;is entering helicopter;1;Evacuee;74;in triage category;G;is entering helicopter;1;Evacuee;76;in triage category;G;is entering helicopter;1;Evacuee;81;in triage category;G;is entering helicopter;1;Evacuee;83;in triage category;G;is entering helicopter;1;Evacuee;88;in triage category;G;is entering helicopter;1;Evacuee;90;in triage category;G;is entering helicopter;1
3240,1151,filterEvac,out,Evacuee 61 in triage category G is assigned helicopter 1
3240,1151,filterEvac,out,Evacuee 63 in triage category G is assigned helicopter 1
3240,1151,filterEvac,out,Evacuee 70 in triage category G is assigned helicopter 1
3240,1151,filterEvac,out,Evacuee 71 in triage category G is assigned helicopter 1
3240,1151,filterEvac,out,Evacuee 74 in triage category G is assigned helicopter 1
3240,1151,filterEvac,out,Evacuee 76 in triage category G is assigned helicopter 1
3240,1151,filterEvac,out,Evacuee 81 in triage category G is assigned helicopter 1
3240,1151,filterEvac,out,Evacuee 83 in triage category G is assigned helicopter 1
3240,1151,filterEvac,out,Evacuee 88 in triage category G is assigned helicopter 1
3240,1151,filterEvac,out,Evacuee 90 in triage category G is assigned helicopter 1
3240,1151,filterEvac,,
3240,1153,helicopter,,Helicopter;1;is loading people at the evacuation site;;and has;10;spots taken
3254.31,3,evacueeManager,,OFF SHIP: White;0;Green;132;Yellow;24;Red;3;Black;311;ON SHIP: White;0;Green;0;Yellow;0;Red;0;Evacuees to Transfer;
3254.31,960,evacuee,outES,Evacuee 402 in triage category G is not assigned a helicopter
3254.31,960,evacuee,,Evacuee;402;in triage state;Y;is at the evacuation site
3255,4,helipadManager,outHelo,Helicopter 1 is evacuating people1
3255,4,helipadManager,,;No helos are at ES
3255,1152,filterES,,Helicopter;1;is evacuating people
3255,4,helipadManager,outHQ,0
3255,4,helipadManager,,;No helos are at ES
3255,5,helicopterQueue,,;No helos are waiting to land
3255,1152,filterES,out,Helicopter 1 is evacuating people1
3255,1152,filterES,,
3255,1153,helicopter,,Helicopter;1;is loading people at the evacuation site;;and has;10;spots taken
3255,5,helicopterQueue,,;No helos are waiting to land
3255,1153,helicopter,,Helicopter;1;is returning to the FOL;;and has;10;spots taken
3293.55,3,evacueeManager,,OFF SHIP: White;0;Green;131;Yellow;25;Red;3;Black;311;ON SHIP: White;0;Green;0;Yellow;0;Red;0;Evacuees to Transfer;
3293.55,297,evacuee,outES,Evacuee 466 in triage category G is not assigned a helicopter
3293.55,297,evacuee,,Evacuee;466;in triage state;Y;is at the evacuation site
3294.07,3,evacueeManager,,OFF SHIP: White;0;Green;131;Yellow;24;Red;4;Black;311;ON SHIP: White;0;Green;0;Yellow;0;Red;0;Evacuees to Transfer;
3294.07,137,evacuee,outES,Evacuee 408 in triage category Y is not assigned a helicopter
3294.07,137,evacuee,,Evacuee;408;in triage state;R;is at the evacuation site
3307.78,3,evacueeManager,,OFF SHIP: White;0;Green;131;Yellow;24;Red;3;Black;312;ON SHIP: White;0;Green;0;Yellow;0;Red;0;Evacuees to Transfer;
3307.78,137,evacuee,outES,Evacuee 408 in triage category R is not assigned a helicopter
3307.78,137,evacuee,,Evacuee;408;in triage state;B;is at the evacuation site
3312.89,3,evacueeManager,,OFF SHIP: White;0;Green;131;Yellow;23;Red;4;Black;312;ON SHIP: White;0;Green;0;Yellow;0;Red;0;Evacuees to Transfer;
3312.89,146,evacuee,outES,Evacuee 403 in triage category Y is not assigned a helicopter
3312.89,146,evacuee,,Evacuee;403;in triage state;R;is at the evacuation site
3323.38,3,evacueeManager,,OFF SHIP: White;0;Green;130;Yellow;24;Red;4;Black;312;ON SHIP: White;0;Green;0;Yellow;0;Red;0;Evacuees to Transfer;
3323.38,74,evacuee,outES,Evacuee 458 in triage category G is not assigned a helicopter
3323.38,74,evacuee,,Evacuee;458;in triage state;Y;is at the evacuation site
3330,7,filterLoc,,
3330,10,filterLoc,,
3330,13,filterLoc,,
3330,16,filterLoc,,
3330,19,filterLoc,,
3330,22,filterLoc,,
3330,25,filterLoc,,
3330,28,filterLoc,,
3330,31,filterLoc,,
3330,34,filterLoc,,
3330,37,filterLoc,,
3330,40,filterLoc,,
3330,43,filterLoc,,
3330,46,filterLoc,,
3330,49,filterLoc,,
3330,52,filterLoc,,
3330,55,filterLoc,,
3330,58,filterLoc,,
3330,61,filterLoc,,
3330,64,filterLoc,,
3330,67,filterLoc,,
3330,70,filterLoc,,
3330,73,filterLoc,,
3330,76,filterLoc,,
3330,79,filterLoc,,
3330,82,filterLoc,,
3330,85,filterLoc,,
3330,88,filterLoc,,
3330,91,filterLoc,,
3330,94,filterLoc,,
3330,97,filterLoc,,
3330,100,filterLoc,,
3330,103,filterLoc,,
3330,106,filterLoc,,
3330,109,filterLoc,,
3330,112,filterLoc,,
3330,115,filterLoc,,
3330,118,filterLoc,,
3330,121,filterLoc,,
3330,124,filterLoc,,
3330,127,filterLoc,,
3330,130,filterLoc,,
3330,133,filterLoc,,
3330,136,filterLoc,,
3330,139,filterLoc,,
3330,142,filterLoc,,
3330,145,filterLoc,,
3330,148,filterLoc,,
3330,151,filterLoc,,
3330,154,filterLoc,,
3330,157,filterLoc,,
3330,160,filterLoc,,
3330,163,filterLoc,,
3330,166,filterLoc,,
3330,169,filterLoc,,
3330,172,filterLoc,,
3330,175,filterLoc,,
3330,178,filterLoc,,
3330,181,filterLoc,,
3330,184,filterLoc,,
3330,187,filterLoc,,
3330,190,filterLoc,,
3330,193,filterLoc,,
3330,196,filterLoc,,
3330,199,filterLoc,,
3330,202,filterLoc,,
3330,205,filterLoc,,
3330,208,filterLoc,,
3330,211,filterLoc,,
3330,214,filterLoc,,
3330,217,filterLoc,,
3330,221,filterLoc,,
3330,224,filterLoc,,
3330,227,filterLoc,,
3330,230,filterLoc,,
3330,233,filterLoc,,
3330,236,filterLoc,,
3330,239,filterLoc,,
3330,242,filterLoc,,
3330,245,filterLoc,,
3330,248,filterLoc,,
3330,251,filterLoc,,
3330,254,filterLoc,,
3330,257,filterLoc,,
3330,260,filterLoc,,
3330,263,filterLoc,,
3330,266,filterLoc,,
3330,269,filterLoc,,
3330,272,filterLoc,,
3330,275,filterLoc,,
3330,278,filterLoc,,
3330,281,filterLoc,,
3330,284,filterLoc,,
3330,287,filterLoc,,
3330,290,filterLoc,,
3330,293,filterLoc,,
3330,296,filterLoc,,
3330,299,filterLoc,,
3330,302,filterLoc,,
3330,305,filterLoc,,
3330,308,filterLoc,,
3330,311,filterLoc,,
3330,314,filterLoc,,
3330,317,filterLoc,,
3330,320,filterLoc,,
3330,323,filterLoc,,
3330,326,filterLoc,,
3330,329,filterLoc,,
3330,332,filterLoc,,
3330,335,filterLoc,,
3330,338,filterLoc,,
3330,341,filterLoc,,
3330,344,filterLoc,,
3330,347,filterLoc,,
3330,350,filterLoc,,
3330,353,filterLoc,,
3330,356,filterLoc,,
3330,359,filterLoc,,
3330,362,filterLoc,,
3330,365,filterLoc,,
3330,368,filterLoc,,
3330,371,filterLoc,,
3330,374,filterLoc,,
3330,377,filterLoc,,
3330,380,filterLoc,,
3330,383,filterLoc,,
3330,386,filterLoc,,
3330,389,filterLoc,,
3330,392,filterLoc,,
3330,395,filterLoc,,
3330,398,filterLoc,,
3330,401,filterLoc,,
3330,404,filterLoc,,
3330,407,filterLoc,,
3330,410,filterLoc,,
3330,413,filterLoc,,
3330,416,filterLoc,,
3330,419,filterLoc,,
3330,422,filterLoc,,
3330,425,filterLoc,,
3330,428,filterLoc,,
3330,431,filterLoc,,
3330,434,filterLoc,,
3330,437,filterLoc,,
3330,440,filterLoc,,
3330,443,filterLoc,,
3330,446,filterLoc,,
3330,449,filterLoc,,
3330,452,filterLoc,,
3330,455,filterLoc,,
3330,458,filterLoc,,;Evacuee;88;in triage category;G;is leaving helicopter;1
3330,461,filterLoc,,
3330,464,filterLoc,,
3330,467,filterLoc,,
3330,470,filterLoc,,
3330,473,filterLoc,,
3330,476,filterLoc,,
3330,479,filterLoc,,
3330,482,filterLoc,,
3330,485,filterLoc,,
3330,488,filterLoc,,
3330,491,filterLoc,,
3330,494,filterLoc,,
3330,497,filterLoc,,
3330,500,filterLoc,,
3330,503,filterLoc,,
3330,506,filterLoc,,
3330,509,filterLoc,,
3330,512,filterLoc,,
3330,515,filterLoc,,
3330,518,filterLoc,,
3330,521,filterLoc,,
3330,524,filterLoc,,
3330,527,filterLoc,,
3330,530,filterLoc,,
3330,533,filterLoc,,
3330,536,filterLoc,,
3330,539,filterLoc,,
3330,542,filterLoc,,
3330,545,filterLoc,,
3330,548,filterLoc,,
3330,551,filterLoc,,
3330,554,filterLoc,,
3330,557,filterLoc,,
3330,560,filterLoc,,
3330,563,filterLoc,,
3330,566,filterLoc,,
3330,569,filterLoc,,
3330,572,filterLoc,,
3330,575,filterLoc,,
3330,578,filterLoc,,
3330,581,filterLoc,,
3330,584,filterLoc,,
3330,587,filterLoc,,
3330,590,filterLoc,,
3330,593,filterLoc,,
3330,596,filterLoc,,
3330,599,filterLoc,,
3330,602,filterLoc,,
3330,605,filterLoc,,
3330,608,filterLoc,,
3330,611,filterLoc,,;Evacuee;90;in triage category;G;is leaving helicopter;1
3330,614,filterLoc,,;Evacuee;83;in triage category;G;is leaving helicopter;1
3330,617,filterLoc,,
3330,620,filterLoc,,
3330,623,filterLoc,,
3330,626,filterLoc,,
3330,629,filterLoc,,
3330,632,filterLoc,,
3330,635,filterLoc,,
3330,638,filterLoc,,
3330,641,filterLoc,,
3330,644,filterLoc,,
3330,647,filterLoc,,
3330,650,filterLoc,,
3330,653,filterLoc,,
3330,656,filterLoc,,
3330,659,filterLoc,,
3330,662,filterLoc,,
3330,665,filterLoc,,
3330,668,filterLoc,,
3330,671,filterLoc,,
3330,674,filterLoc,,
3330,677,filterLoc,,
3330,680,filterLoc,,;Evacuee;76;in triage category;G;is leaving helicopter;1
3330,683,filterLoc,,
3330,686,filterLoc,,;Evacuee;74;in triage category;G;is leaving helicopter;1
3330,689,filterLoc,,
3330,692,filterLoc,,
3330,695,filterLoc,,
3330,698,filterLoc,,
3330,701,filterLoc,,
3330,704,filterLoc,,
3330,707,filterLoc,,
3330,710,filterLoc,,
3330,713,filterLoc,,
3330,716,filterLoc,,
3330,719,filterLoc,,
3330,722,filterLoc,,
3330,725,filterLoc,,
3330,728,filterLoc,,
3330,731,filterLoc,,
3330,734,filterLoc,,
3330,737,filterLoc,,
3330,740,filterLoc,,
3330,743,filterLoc,,
3330,746,filterLoc,,
3330,749,filterLoc,,
3330,752,filterLoc,,
3330,755,filterLoc,,
3330,758,filterLoc,,
3330,761,filterLoc,,;Evacuee;70;in triage category;G;is leaving helicopter;1
3330,764,filterLoc,,
3330,767,filterLoc,,
3330,770,filterLoc,,
3330,773,filterLoc,,
3330,776,filterLoc,,
3330,779,filterLoc,,
3330,782,filterLoc,,
3330,785,filterLoc,,
3330,788,filterLoc,,
3330,791,filterLoc,,
3330,794,filterLoc,,
3330,797,filterLoc,,
3330,800,filterLoc,,
3330,803,filterLoc,,
3330,806,filterLoc,,
3330,809,filterLoc,,
3330,812,filterLoc,,
3330,815,filterLoc,,;Evacuee;71;in triage category;G;is leaving helicopter;1
3330,818,filterLoc,,
3330,821,filterLoc,,;Evacuee;81;in triage category;G;is leaving helicopter;1
3330,824,filterLoc,,
3330,827,filterLoc,,
3330,830,filterLoc,,
3330,833,filterLoc,,
3330,836,filterLoc,,
3330,839,filterLoc,,
3330,842,filterLoc,,
3330,845,filterLoc,,
3330,848,filterLoc,,
3330,851,filterLoc,,
3330,854,filterLoc,,
3330,857,filterLoc,,
3330,860,filterLoc,,
3330,863,filterLoc,,
3330,866,filterLoc,,
3330,869,filterLoc,,
3330,872,filterLoc,,
3330,875,filterLoc,,
3330,878,filterLoc,,
3330,881,filterLoc,,
3330,884,filterLoc,,
3330,887,filterLoc,,
3330,890,filterLoc,,
3330,893,filterLoc,,
3330,896,filterLoc,,
3330,899,filterLoc,,
3330,902,filterLoc,,
3330,905,filterLoc,,
3330,908,filterLoc,,
3330,911,filterLoc,,
3330,914,filterLoc,,
3330,917,filterLoc,,
3330,920,filterLoc,,
3330,923,filterLoc,,
3330,926,filterLoc,,
3330,929,filterLoc,,
3330,932,filterLoc,,
3330,935,filterLoc,,
3330,938,filterLoc,,
3330,941,filterLoc,,
3330,944,filterLoc,,
3330,947,filterLoc,,
3330,950,filterLoc,,
3330,953,filterLoc,,
3330,956,filterLoc,,
3330,959,filterLoc,,
3330,962,filterLoc,,
3330,965,filterLoc,,
3330,968,filterLoc,,;Evacuee;61;in triage category;G;is leaving helicopter;1
3330,971,filterLoc,,
3330,974,filterLoc,,
3330,977,filterLoc,,
3330,980,filterLoc,,
3330,983,filterLoc,,
3330,986,filterLoc,,
3330,989,filterLoc,,
3330,992,filterLoc,,
3330,995,filterLoc,,
3330,998,filterLoc,,
3330,1001,filterLoc,,
3330,1004,filterLoc,,
3330,1007,filterLoc,,
3330,1010,filterLoc,,
3330,1013,filterLoc,,
3330,1016,filterLoc,,
3330,1019,filterLoc,,
3330,1022,filterLoc,,
3330,1025,filterLoc,,
3330,1028,filterLoc,,
3330,1031,filterLoc,,
3330,1034,filterLoc,,
3330,1037,filterLoc,,
3330,1040,filterLoc,,
3330,1043,filterLoc,,
3330,1046,filterLoc,,
3330,1049,filterLoc,,
3330,1052,filterLoc,,
3330,1055,filterLoc,,
3330,1058,filterLoc,,
3330,1061,filterLoc,,
3330,1064,filterLoc,,
3330,1067,filterLoc,,
3330,1070,filterLoc,,
3330,1073,filterLoc,,
3330,1076,filterLoc,,
3330,1079,filterLoc,,
3330,1082,filterLoc,,
3330,1085,filterLoc,,
3330,1088,filterLoc,,
3330,1091,filterLoc,,
3330,1094,filterLoc,,
3330,1097,filterLoc,,
3330,1100,filterLoc,,
3330,1103,filterLoc,,
3330,1106,filterLoc,,
3330,1109,filterLoc,,
3330,1112,filterLoc,,
3330,1115,filterLoc,,
3330,1118,filterLoc,,;Evacuee;63;in triage category;G;is leaving helicopter;1
3330,1121,filterLoc,,
3330,1124,filterLoc,,
3330,1127,filterLoc,,
3330,1130,filterLoc,,
3330,1133,filterLoc,,
3330,1136,filterLoc,,
3330,1139,filterLoc,,
3330,1142,filterLoc,,
3330,1145,filterLoc,,
3330,1148,filterLoc,,
3330,1153,helicopter,outEvac,Evacuee 61 in triage category G is not assigned a helicopter
3330,1153,helicopter,outEvac,Evacuee 63 in triage category G is not assigned a helicopter
3330,1153,helicopter,outEvac,Evacuee 70 in triage category G is not assigned a helicopter
3330,1153,helicopter,outEvac,Evacuee 71 in triage category G is not assigned a helicopter
3330,1153,helicopter,outEvac,Evacuee 74 in triage category G is not assigned a helicopter
3330,1153,helicopter,outEvac,Evacuee 76 in triage category G is not assigned a helicopter
3330,1153,helicopter,outEvac,Evacuee 81 in triage category G is not assigned a helicopter
3330,1153,helicopter,outEvac,Evacuee 83 in triage category G is not assigned a helicopter
3330,1153,helicopter,outEvac,Evacuee 88 in triage category G is not assigned a helicopter
3330,1153,helicopter,outEvac,Evacuee 90 in triage category G is not assigned a helicopter
3330,1153,helicopter,,Helicopter;1;is unloading people at the FOL;;and has;0;spots taken
3330,1155,filterLoc,,
3330,1158,filterLoc,,
3330,1161,filterLoc,,
3330,1164,filterLoc,,
3330,1167,filterLoc,,
3330,1170,filterLoc,,
3330,1173,filterLoc,,
3330,1176,filterLoc,,
3330,1179,filterLoc,,
3330,1182,filterLoc,,
3330,1185,filterLoc,,
3330,1188,filterLoc,,
3330,1191,filterLoc,,
3330,1194,filterLoc,,
3330,1197,filterLoc,,
3330,1200,filterLoc,,
3330,1203,filterLoc,,
3330,1206,filterLoc,,
3330,1209,filterLoc,,
3330,1212,filterLoc,,
3330,1215,filterLoc,,
3330,1218,filterLoc,,
3330,1221,filterLoc,,
3330,1224,filterLoc,,
3330,1227,filterLoc,,
3330,1230,filterLoc,,
3330,1233,filterLoc,,
3330,1236,filterLoc,,
3330,1239,filterLoc,,
3330,1242,filterLoc,,
3330,1245,filterLoc,,
3330,1248,filterLoc,,
3330,1251,filterLoc,,
3330,1254,filterLoc,,
3330,1257,filterLoc,,
3330,1260,filterLoc,,
3330,1263,filterLoc,,
3330,1266,filterLoc,,
3330,1269,filterLoc,,
3330,1272,filterLoc,,
3330,1275,filterLoc,,
3330,1278,filterLoc,,
3330,1281,filterLoc,,
3330,1284,filterLoc,,
3330,1287,filterLoc,,
3330,1290,filterLoc,,
3330,1293,filterLoc,,
3330,1296,filterLoc,,
3330,1299,filterLoc,,
3330,1302,filterLoc,,
3330,1305,filterLoc,,
3330,1308,filterLoc,,
3330,1311,filterLoc,,
3330,1314,filterLoc,,
3330,1317,filterLoc,,
3330,1320,filterLoc,,
3330,1323,filterLoc,,
3330,1326,filterLoc,,
3330,1329,filterLoc,,
3330,1332,filterLoc,,
3330,1335,filterLoc,,
3330,1338,filterLoc,,
3330,1341,filterLoc,,
3330,1344,filterLoc,,
3330,1347,filterLoc,,
3330,1350,filterLoc,,
3330,1353,filterLoc,,
3330,1356,filterLoc,,
3330,1359,filterLoc,,
3330,1362,filterLoc,,
3330,1365,filterLoc,,
3330,1368,filterLoc,,
3330,1371,filterLoc,,
3330,1374,filterLoc,,
3330,1377,filterLoc,,
3330,1380,filterLoc,,
3330,1383,filterLoc,,
3330,1386,filterLoc,,
3330,1389,filterLoc,,
3330,1392,filterLoc,,
3330,1395,filterLoc,,
3330,1398,filterLoc,,
3330,1401,filterLoc,,
3330,1404,filterLoc,,
3330,1407,filterLoc,,
3330,1410,filterLoc,,
3330,1413,filterLoc,,
3330,1416,filterLoc,,
3330,1419,filterLoc,,
3330,1422,filterLoc,,
3330,1425,filterLoc,,
3330,1428,filterLoc,,
3330,1431,filterLoc,,
3330,1434,filterLoc,,
3330,1437,filterLoc,,
3330,1440,filterLoc,,
3330,1443,filterLoc,,
3330,1446,filterLoc,,
3330,1449,filterLoc,,
3330,1452,filterLoc,,
3330,1455,filterLoc,,
3330,1458,filterLoc,,
3330,1461,filterLoc,,
3330,1464,filterLoc,,
3330,1467,filterLoc,,
3330,1470,filterLoc,,
3330,1473,filterLoc,,
3330,1476,filterLoc,,
3330,1479,filterLoc,,
3330,1482,filterLoc,,
3330,1485,filterLoc,,
3330,1488,filterLoc,,
3330,1491,filterLoc,,
3330,1494,filterLoc,,
3330,1497,filterLoc,,
3330,1500,filterLoc,,
3330,1503,filterLoc,,
3330,1506,filterLoc,,
3330,1509,filterLoc,,
3330,458,filterLoc,out,Evacuee 88 in triage category G is not assigned a helicopter
3330,458,filterLoc,,
3330,459,evacuee,,Evacuee;88;in triage state;G;is entering the FOL
3330,611,filterLoc,out,Evacuee 90 in triage category G is not assigned a helicopter
3330,611,filterLoc,,
3330,612,evacuee,,Evacuee;90;in triage state;G;is entering the FOL
3330,614,filterLoc,out,Evacuee 83 in triage category G is not assigned a helicopter
3330,614,filterLoc,,
3330,615,evacuee,,Evacuee;83;in triage state;G;is entering the FOL
3330,680,filterLoc,out,Evacuee 76 in triage category G is not assigned a helicopter
3330,680,filterLoc,,
3330,681,evacuee,,Evacuee;76;in triage state;G;is entering the FOL
3330,686,filterLoc,out,Evacuee 74 in triage category G is not assigned a helicopter
3330,686,filterLoc,,
3330,687,evacuee,,Evacuee;74;in triage state;G;is entering the FOL
3330,761,filterLoc,out,Evacuee 70 in triage category G is not assigned a helicopter
3330,761,filterLoc,,
3330,762,evacuee,,Evacuee;70;in triage state;G;is entering the FOL
3330,815,filterLoc,out,Evacuee 71 in triage category G is not assigned a helicopter
3330,815,filterLoc,,
3330,816,evacuee,,Evacuee;71;in triage state;G;is entering the FOL
3330,821,filterLoc,out,Evacuee 81 in triage category G is not assigned a helicopter
3330,821,filterLoc,,
3330,822,evacuee,,Evacuee;81;in triage state;G;is entering the FOL
3330,968,filterLoc,out,Evacuee 61 in triage category G is not assigned a helicopter
3330,968,filterLoc,,
3330,969,evacuee,,Evacuee;61;in triage state;G;is entering the FOL
3330,1118,filterLoc,out,Evacuee 63 in triage category G is not assigned a helicopter
3330,1118,filterLoc,,
3330,1119,evacuee,,Evacuee;63;in triage state;G;is entering the FOL
3330,219,FOL,,;EvacueeID;2;Triage Status;G;EvacueeID;6;Triage Status;G;EvacueeID;9;Triage Status;G;EvacueeID;12;Triage Status;G;EvacueeID;14;Triage Status;G;EvacueeID;16;Triage Status;G;EvacueeID;20;Triage Status;G;EvacueeID;22;Triage Status;G;EvacueeID;25;Triage Status;G;EvacueeID;27;Triage Status;G;EvacueeID;33;Triage Status;G;EvacueeID;35;Triage Status;G;EvacueeID;36;Triage Status;G;EvacueeID;40;Triage Status;G;EvacueeID;41;Triage Status;G;EvacueeID;44;Triage Status;G;EvacueeID;47;Triage Status;G;EvacueeID;52;Triage Status;G;EvacueeID;56;Triage Status;G;EvacueeID;59;Triage Status;G;EvacueeID;61;Triage Status;G;EvacueeID;63;Triage Status;G;EvacueeID;70;Triage Status;G;EvacueeID;71;Triage Status;G;EvacueeID;74;Triage Status;G;EvacueeID;76;Triage Status;G;EvacueeID;81;Triage Status;G;EvacueeID;83;Triage Status;G;EvacueeID;88;Triage Status;G;EvacueeID;90;Triage Status;G;Lives Saved;30
3330,459,evacuee,outFOL,Evacuee 88 in triage category G is not assigned a helicopter
3330,459,evacuee,,Evacuee;88;in triage state;G;is at the FOL
3330,612,evacuee,outFOL,Evacuee 90 in triage category G is not assigned a helicopter
3330,612,evacuee,,Evacuee;90;in triage state;G;is at the FOL
3330,615,evacuee,outFOL,Evacuee 83 in triage category G is not assigned a helicopter
3330,615,evacuee,,Evacuee;83;in triage state;G;is at the FOL
3330,681,evacuee,outFOL,Evacuee 76 in triage category G is not assigned a helicopter
3330,681,evacuee,,Evacuee;76;in triage state;G;is at the FOL
3330,687,evacuee,outFOL,Evacuee 74 in triage category G is not assigned a helicopter
3330,687,evacuee,,Evacuee;74;in triage state;G;is at the FOL
3330,762,evacuee,outFOL,Evacuee 70 in triage category G is not assigned a helicopter
3330,762,evacuee,,Evacuee;70;in triage state;G;is at the FOL
3330,816,evacuee,outFOL,Evacuee 71 in triage category G is not assigned a helicopter
3330,816,evacuee,,Evacuee;71;in triage state;G;is at the FOL
3330,822,evacuee,outFOL,Evacuee 81 in triage category G is not assigned a helicopter
3330,822,evacuee,,Evacuee;81;in triage state;G;is at the FOL
3330,969,evacuee,outFOL,Evacuee 61 in triage category G is not assigned a helicopter
3330,969,evacuee,,Evacuee;61;in triage state;G;is at the FOL
3330,1119,evacuee,outFOL,Evacuee 63 in triage category G is not assigned a helicopter
3330,1119,evacuee,,Evacuee;63;in triage state;G;is at the FOL
3330,219,FOL,,;EvacueeID;2;Triage Status;G;EvacueeID;6;Triage Status;G;EvacueeID;9;Triage Status;G;EvacueeID;12;Triage Status;G;EvacueeID;14;Triage Status;G;EvacueeID;16;Triage Status;G;EvacueeID;20;Triage Status;G;EvacueeID;22;Triage Status;G;EvacueeID;25;Triage Status;G;EvacueeID;27;Triage Status;G;EvacueeID;33;Triage Status;G;EvacueeID;35;Triage Status;G;EvacueeID;36;Triage Status;G;EvacueeID;40;Triage Status;G;EvacueeID;41;Triage Status;G;EvacueeID;44;Triage Status;G;EvacueeID;47;Triage Status;G;EvacueeID;52;Triage Status;G;EvacueeID;56;Triage Status;G;EvacueeID;59;Triage Status;G;EvacueeID;61;Triage Status;G;EvacueeID;63;Triage Status;G;EvacueeID;70;Triage Status;G;EvacueeID;71;Triage Status;G;EvacueeID;74;Triage Status;G;EvacueeID;76;Triage Status;G;EvacueeID;81;Triage Status;G;EvacueeID;83;Triage Status;G;EvacueeID;88;Triage Status;G;EvacueeID;90;Triage Status;G;Lives Saved;30
3333.51,3,evacueeManager,,OFF SHIP: White;0;Green;129;Yellow;25;Red;4;Black;312;ON SHIP: White;0;Green;0;Yellow;0;Red;0;Evacuees to Transfer;
3333.51,741,evacuee,outES,Evacuee 218 in triage category G is not assigned a helicopter
3333.51,741,evacuee,,Evacuee;218;in triage state;Y;is at the evacuation site
3345,1153,helicopter,,Helicopter;1;Is going to the evacuation site;;and has;0;spots taken
3346.83,3,evacueeManager,,OFF SHIP: White;0;Green;128;Yellow;26;Red;4;Black;312;ON SHIP: White;0;Green;0;Yellow;0;Red;0;Evacuees to Transfer;
3346.83,149,evacuee,outES,Evacuee 401 in triage category G is not assigned a helicopter
3346.83,149,evacuee,,Evacuee;401;in triage state;Y;is at the evacuation site
3351.23,3,evacueeManager,,OFF SHIP: White;0;Green;127;Yellow;27;Red;4;Black;312;ON SHIP: White;0;Green;0;Yellow;0;Red;0;Evacuees to Transfer;
3351.23,594,evacuee,outES,Evacuee 447 in triage category G is not assigned a helicopter
3351.23,594,evacuee,,Evacuee;447;in triage state;Y;is at the evacuation site
3367.11,3,evacueeManager,,OFF SHIP: White;0;Green;126;Yellow;28;Red;4;Black;312;ON SHIP: White;0;Green;0;Yellow;0;Red;0;Evacuees to Transfer;
3367.11,372,evacuee,outES,Evacuee 290 in triage category G is not assigned a helicopter
3367.11,372,evacuee,,Evacuee;290;in triage state;Y;is at the evacuation site
3371.42,3,evacueeManager,,OFF SHIP: White;0;Green;126;Yellow;28;Red;3;Black;313;ON SHIP: White;0;Green;0;Yellow;0;Red;0;Evacuees to Transfer;
3371.42,1393,evacuee,outES,Evacuee 180 in triage category R is not assigned a helicopter
3371.42,1393,evacuee,,Evacuee;180;in triage state;B;is at the evacuation site
3380.96,3,evacueeManager,,OFF SHIP: White;0;Green;126;Yellow;27;Red;4;Black;313;ON SHIP: White;0;Green;0;Yellow;0;Red;0;Evacuees to Transfer;
3380.96,1183,evacuee,outES,Evacuee 131 in triage category Y is not assigned a helicopter
3380.96,1183,evacuee,,Evacuee;131;in triage state;R;is at the evacuation site
3390.92,3,evacueeManager,,OFF SHIP: White;0;Green;125;Yellow;28;Red;4;Black;313;ON SHIP: White;0;Green;0;Yellow;0;Red;0;Evacuees to Transfer;
3390.92,447,evacuee,outES,Evacuee 259 in triage category G is not assigned a helicopter
3390.92,447,evacuee,,Evacuee;259;in triage state;Y;is at the evacuation site
3399.32,3,evacueeManager,,OFF SHIP: White;0;Green;124;Yellow;29;Red;4;Black;313;ON SHIP: White;0;Green;0;Yellow;0;Red;0;Evacuees to Transfer;
3399.32,1035,evacuee,outES,Evacuee 429 in triage category G is not assigned a helicopter
3399.32,1035,evacuee,,Evacuee;429;in triage state;Y;is at the evacuation site
3400.03,3,evacueeManager,,OFF SHIP: White;0;Green;124;Yellow;29;Red;3;Black;314;ON SHIP: White;0;Green;0;Yellow;0;Red;0;Evacuees to Transfer;
3400.03,516,evacuee,outES,Evacuee 302 in triage category R is not assigned a helicopter
3400.03,516,evacuee,,Evacuee;302;in triage state;B;is at the evacuation site
3407.03,3,evacueeManager,,OFF SHIP: White;0;Green;124;Yellow;28;Red;4;Black;314;ON SHIP: White;0;Green;0;Yellow;0;Red;0;Evacuees to Transfer;
3407.03,1330,evacuee,outES,Evacuee 217 in triage category Y is not assigned a helicopter
3407.03,1330,evacuee,,Evacuee;217;in triage state;R;is at the evacuation site
3412.24,3,evacueeManager,,OFF SHIP: White;0;Green;124;Yellow;27;Red;5;Black;314;ON SHIP: White;0;Green;0;Yellow;0;Red;0;Evacuees to Transfer;
3412.24,291,evacuee,outES,Evacuee 410 in triage category Y is not assigned a helicopter
3412.24,291,evacuee,,Evacuee;410;in triage state;R;is at the evacuation site
3420,5,helicopterQueue,,1;Helos are waiting to land;HeloID;1
3420,1153,helicopter,outES,Helicopter 1 is evacuating people1
3420,1153,helicopter,,Helicopter;1;is waiting to land at the evacuation site;;and has;0;spots taken
3420,4,helipadManager,,;No helos are at ES
3420,5,helicopterQueue,outHM,Helicopter 1 is evacuating people1
3420,5,helicopterQueue,outHelo,Helicopter 1 is evacuating people1
3420,5,helicopterQueue,,;No helos are waiting to land
3420,1152,filterES,,Helicopter;1;is evacuating people
3420,3,evacueeManager,,OFF SHIP: White;0;Green;114;Yellow;27;Red;5;Black;314;ON SHIP: White;0;Green;0;Yellow;0;Red;0;Evacuees to Transfer;;EvacueeID;92;HeloID;1;OnShip;0;Triage Status;G;EvacueeID;93;HeloID;1;OnShip;0;Triage Status;G;EvacueeID;94;HeloID;1;OnShip;0;Triage Status;G;EvacueeID;96;HeloID;1;OnShip;0;Triage Status;G;EvacueeID;97;HeloID;1;OnShip;0;Triage Status;G;EvacueeID;102;HeloID;1;OnShip;0;Triage Status;G;EvacueeID;104;HeloID;1;OnShip;0;Triage Status;G;EvacueeID;106;HeloID;1;OnShip;0;Triage Status;G;EvacueeID;108;HeloID;1;OnShip;0;Triage Status;G;EvacueeID;109;HeloID;1;OnShip;0;Triage Status;G
3420,4,helipadManager,outEM,Helicopter 1 is evacuating people1
3420,4,helipadManager,,Helo;1;is at the ES
3420,1152,filterES,out,Helicopter 1 is evacuating people1
3420,1152,filterES,,
3420,1153,helicopter,,Helicopter;1;is waiting to land at the evacuation site;;and has;0;spots taken
3420,3,evacueeManager,outEvac,Evacuee 92 in triage category G is assigned helicopter 1
3420,3,evacueeManager,outEvac,Evacuee 93 in triage category G is assigned helicopter 1
3420,3,evacueeManager,outEvac,Evacuee 94 in triage category G is assigned helicopter 1
3420,3,evacueeManager,outEvac,Evacuee 96 in triage category G is assigned helicopter 1
3420,3,evacueeManager,outEvac,Evacuee 97 in triage category G is assigned helicopter 1
3420,3,evacueeManager,outEvac,Evacuee 102 in triage category G is assigned helicopter 1
3420,3,evacueeManager,outEvac,Evacuee 104 in triage category G is assigned helicopter 1
3420,3,evacueeManager,outEvac,Evacuee 106 in triage category G is assigned helicopter 1
3420,3,evacueeManager,outEvac,Evacuee 108 in triage category G is assigned helicopter 1
3420,3,evacueeManager,outEvac,Evacuee 109 in triage category G is assigned helicopter 1
3420,3,evacueeManager,,OFF SHIP: White;0;Green;114;Yellow;27;Red;5;Black;314;ON SHIP: White;0;Green;0;Yellow;0;Red;0;Evacuees to Transfer;
3420,7,filterLoc,,
3420,10,filterLoc,,
3420,13,filterLoc,,
3420,16,filterLoc,,
3420,19,filterLoc,,
3420,22,filterLoc,,
3420,25,filterLoc,,
3420,28,filterLoc,,
3420,31,filterLoc,,
3420,34,filterLoc,,
3420,37,filterLoc,,
3420,40,filterLoc,,
3420,43,filterLoc,,
3420,46,filterLoc,,
3420,49,filterLoc,,
3420,52,filterLoc,,
3420,55,filterLoc,,
3420,58,filterLoc,,
3420,61,filterLoc,,
3420,64,filterLoc,,
3420,67,filterLoc,,
3420,70,filterLoc,,
3420,73,filterLoc,,
3420,76,filterLoc,,
3420,79,filterLoc,,
3420,82,filterLoc,,
3420,85,filterLoc,,
3420,88,filterLoc,,
3420,91,filterLoc,,
3420,94,filterLoc,,
3420,97,filterLoc,,
3420,100,filterLoc,,
3420,103,filterLoc,,
3420,106,filterLoc,,
3420,109,filterLoc,,
3420,112,filterLoc,,
3420,115,filterLoc,,
3420,118,filterLoc,,
3420,121,filterLoc,,
3420,124,filterLoc,,
3420,127,filterLoc,,
3420,130,filterLoc,,
3420,133,filterLoc,,
3420,136,filterLoc,,
3420,139,filterLoc,,
3420,142,filterLoc,,
3420,145,filterLoc,,
3420,148,filterLoc,,
3420,151,filterLoc,,
3420,154,filterLoc,,
3420,157,filterLoc,,
3420,160,filterLoc,,
3420,163,filterLoc,,
3420,166,filterLoc,,
3420,169,filterLoc,,
3420,172,filterLoc,,
3420,175,filterLoc,,
3420,178,filterLoc,,
3420,181,filterLoc,,
3420,184,filterLoc,,
3420,187,filterLoc,,
3420,190,filterLoc,,
3420,193,filterLoc,,
3420,196,filterLoc,,
3420,199,filterLoc,,
3420,202,filterLoc,,
3420,205,filterLoc,,
3420,208,filterLoc,,
3420,211,filterLoc,,
3420,214,filterLoc,,
3420,217,filterLoc,,
3420,221,filterLoc,,
3420,224,filterLoc,,
3420,227,filterLoc,,
3420,230,filterLoc,,
3420,233,filterLoc,,
3420,236,filterLoc,,
3420,239,filterLoc,,
3420,242,filterLoc,,
3420,245,filterLoc,,
3420,248,filterLoc,,
3420,251,filterLoc,,
3420,254,filterLoc,,
3420,257,filterLoc,,
3420,260,filterLoc,,
3420,263,filterLoc,,
3420,266,filterLoc,,
3420,269,filterLoc,,
3420,272,filterLoc,,
3420,275,filterLoc,,
3420,278,filterLoc,,
3420,281,filterLoc,,
3420,284,filterLoc,,
3420,287,filterLoc,,
3420,290,filterLoc,,
3420,293,filterLoc,,
3420,296,filterLoc,,
3420,299,filterLoc,,
3420,302,filterLoc,,
3420,305,filterLoc,,
3420,308,filterLoc,,
3420,311,filterLoc,,
3420,314,filterLoc,,
3420,317,filterLoc,,
3420,320,filterLoc,,
3420,323,filterLoc,,
3420,326,filterLoc,,
3420,329,filterLoc,,
3420,332,filterLoc,,
3420,335,filterLoc,,
3420,338,filterLoc,,
3420,341,filterLoc,,
3420,344,filterLoc,,
3420,347,filterLoc,,
3420,350,filterLoc,,
3420,353,filterLoc,,
3420,356,filterLoc,,
3420,359,filterLoc,,
3420,362,filterLoc,,
3420,365,filterLoc,,
3420,368,filterLoc,,
3420,371,filterLoc,,
3420,374,filterLoc,,
3420,377,filterLoc,,
3420,380,filterLoc,,
3420,383,filterLoc,,
3420,386,filterLoc,,
3420,389,filterLoc,,
3420,392,filterLoc,,
3420,395,filterLoc,,
3420,398,filterLoc,,
3420,401,filterLoc,,
3420,404,filterLoc,,
3420,407,filterLoc,,
3420,410,filterLoc,,
3420,413,filterLoc,,
3420,416,filterLoc,,
3420,419,filterLoc,,
3420,422,filterLoc,,
3420,425,filterLoc,,
3420,428,filterLoc,,
3420,431,filterLoc,,
3420,434,filterLoc,,
3420,437,filterLoc,,
3420,440,filterLoc,,
3420,443,filterLoc,,
3420,446,filterLoc,,
3420,449,filterLoc,,
3420,452,filterLoc,,
3420,455,filterLoc,,
3420,458,filterLoc,,
3420,461,filterLoc,,
3420,464,filterLoc,,
3420,467,filterLoc,,;Evacuee;108;in triage category;G;is entering helicopter;1
3420,470,filterLoc,,
3420,473,filterLoc,,
3420,476,filterLoc,,
3420,479,filterLoc,,
3420,482,filterLoc,,
3420,485,filterLoc,,
3420,488,filterLoc,,
3420,491,filterLoc,,
3420,494,filterLoc,,
3420,497,filterLoc,,
3420,500,filterLoc,,
3420,503,filterLoc,,
3420,506,filterLoc,,
3420,509,filterLoc,,
3420,512,filterLoc,,
3420,515,filterLoc,,
3420,518,filterLoc,,
3420,521,filterLoc,,
3420,524,filterLoc,,;Evacuee;109;in triage category;G;is entering helicopter;1
3420,527,filterLoc,,
3420,530,filterLoc,,
3420,533,filterLoc,,
3420,536,filterLoc,,;Evacuee;106;in triage category;G;is entering helicopter;1
3420,539,filterLoc,,
3420,542,filterLoc,,
3420,545,filterLoc,,
3420,548,filterLoc,,
3420,551,filterLoc,,
3420,554,filterLoc,,
3420,557,filterLoc,,
3420,560,filterLoc,,
3420,563,filterLoc,,
3420,566,filterLoc,,
3420,569,filterLoc,,
3420,572,filterLoc,,
3420,575,filterLoc,,
3420,578,filterLoc,,
3420,581,filterLoc,,
3420,584,filterLoc,,
3420,587,filterLoc,,
3420,590,filterLoc,,
3420,593,filterLoc,,
3420,596,filterLoc,,
3420,599,filterLoc,,
3420,602,filterLoc,,;Evacuee;93;in triage category;G;is entering helicopter;1
3420,605,filterLoc,,
3420,608,filterLoc,,
3420,611,filterLoc,,
3420,614,filterLoc,,
3420,617,filterLoc,,
3420,620,filterLoc,,
3420,623,filterLoc,,
3420,626,filterLoc,,
3420,629,filterLoc,,
3420,632,filterLoc,,
3420,635,filterLoc,,
3420,638,filterLoc,,
3420,641,filterLoc,,
3420,644,filterLoc,,
3420,647,filterLoc,,
3420,650,filterLoc,,
3420,653,filterLoc,,
3420,656,filterLoc,,
3420,659,filterLoc,,
3420,662,filterLoc,,
3420,665,filterLoc,,
3420,668,filterLoc,,
3420,671,filterLoc,,
3420,674,filterLoc,,
3420,677,filterLoc,,
3420,680,filterLoc,,
3420,683,filterLoc,,
3420,686,filterLoc,,
3420,689,filterLoc,,
3420,692,filterLoc,,
3420,695,filterLoc,,
3420,698,filterLoc,,
3420,701,filterLoc,,
3420,704,filterLoc,,
3420,707,filterLoc,,
3420,710,filterLoc,,
3420,713,filterLoc,,
3420,716,filterLoc,,
3420,719,filterLoc,,
3420,722,filterLoc,,
3420,725,filterLoc,,
3420,728,filterLoc,,
3420,731,filterLoc,,
3420,734,filterLoc,,
3420,737,filterLoc,,
3420,740,filterLoc,,
3420,743,filterLoc,,
3420,746,filterLoc,,
3420,749,filterLoc,,
3420,752,filterLoc,,
3420,755,filterLoc,,
3420,758,filterLoc,,
3420,761,filterLoc,,
3420,764,filterLoc,,
3420,767,filterLoc,,
3420,770,filterLoc,,
3420,773,filterLoc,,
3420,776,filterLoc,,
3420,779,filterLoc,,
3420,782,filterLoc,,
3420,785,filterLoc,,
3420,788,filterLoc,,
3420,791,filterLoc,,
3420,794,filterLoc,,
3420,797,filterLoc,,
3420,800,filterLoc,,
3420,803,filterLoc,,
3420,806,filterLoc,,
3420,809,filterLoc,,
3420,812,filterLoc,,
3420,815,filterLoc,,
3420,818,filterLoc,,
3420,821,filterLoc,,
3420,824,filterLoc,,;Evacuee;104;in triage category;G;is entering helicopter;1
3420,827,filterLoc,,
3420,830,filterLoc,,;Evacuee;97;in triage category;G;is entering helicopter;1
3420,833,filterLoc,,
3420,836,filterLoc,,
3420,839,filterLoc,,
3420,842,filterLoc,,
3420,845,filterLoc,,
3420,848,filterLoc,,
3420,851,filterLoc,,
3420,854,filterLoc,,
3420,857,filterLoc,,
3420,860,filterLoc,,
3420,863,filterLoc,,
3420,866,filterLoc,,
3420,869,filterLoc,,
3420,872,filterLoc,,
3420,875,filterLoc,,
3420,878,filterLoc,,
3420,881,filterLoc,,
3420,884,filterLoc,,
3420,887,filterLoc,,;Evacuee;92;in triage category;G;is entering helicopter;1
3420,890,filterLoc,,
3420,893,filterLoc,,
3420,896,filterLoc,,
3420,899,filterLoc,,
3420,902,filterLoc,,
3420,905,filterLoc,,
3420,908,filterLoc,,
3420,911,filterLoc,,
3420,914,filterLoc,,
3420,917,filterLoc,,
3420,920,filterLoc,,
3420,923,filterLoc,,
3420,926,filterLoc,,
3420,929,filterLoc,,
3420,932,filterLoc,,
3420,935,filterLoc,,
3420,938,filterLoc,,
3420,941,filterLoc,,
3420,944,filterLoc,,
3420,947,filterLoc,,
3420,950,filterLoc,,
3420,953,filterLoc,,
3420,956,filterLoc,,
3420,959,filterLoc,,
3420,962,filterLoc,,
3420,965,filterLoc,,
3420,968,filterLoc,,
3420,971,filterLoc,,
3420,974,filterLoc,,
3420,977,filterLoc,,
3420,980,filterLoc,,
3420,983,filterLoc,,
3420,986,filterLoc,,
3420,989,filterLoc,,
3420,992,filterLoc,,
3420,995,filterLoc,,
3420,998,filterLoc,,
3420,1001,filterLoc,,
3420,1004,filterLoc,,
3420,1007,filterLoc,,
3420,1010,filterLoc,,
3420,1013,filterLoc,,
3420,1016,filterLoc,,
3420,1019,filterLoc,,
3420,1022,filterLoc,,
3420,1025,filterLoc,,
3420,1028,filterLoc,,
3420,1031,filterLoc,,
3420,1034,filterLoc,,
3420,1037,filterLoc,,;Evacuee;102;in triage category;G;is entering helicopter;1
3420,1040,filterLoc,,
3420,1043,filterLoc,,
3420,1046,filterLoc,,
3420,1049,filterLoc,,
3420,1052,filterLoc,,
3420,1055,filterLoc,,
3420,1058,filterLoc,,
3420,1061,filterLoc,,
3420,1064,filterLoc,,
3420,1067,filterLoc,,
3420,1070,filterLoc,,
3420,1073,filterLoc,,
3420,1076,filterLoc,,
3420,1079,filterLoc,,
3420,1082,filterLoc,,
3420,1085,filterLoc,,
3420,1088,filterLoc,,
3420,1091,filterLoc,,
3420,1094,filterLoc,,
3420,1097,filterLoc,,
3420,1100,filterLoc,,
3420,1103,filterLoc,,
3420,1106,filterLoc,,
3420,1109,filterLoc,,
3420,1112,filterLoc,,
3420,1115,filterLoc,,;Evacuee;94;in triage category;G;is entering helicopter;1
3420,1118,filterLoc,,
3420,1121,filterLoc,,
3420,1124,filterLoc,,
3420,1127,filterLoc,,
3420,1130,filterLoc,,
3420,1133,filterLoc,,
3420,1136,filterLoc,,
3420,1139,filterLoc,,
3420,1142,filterLoc,,
3420,1145,filterLoc,,
3420,1148,filterLoc,,
3420,1153,helicopter,,Helicopter;1;is loading people at the evacuation site;;and has;0;spots taken
3420,1155,filterLoc,,
3420,1158,filterLoc,,
3420,1161,filterLoc,,
3420,1164,filterLoc,,
3420,1167,filterLoc,,
3420,1170,filterLoc,,
3420,1173,filterLoc,,
3420,1176,filterLoc,,
3420,1179,filterLoc,,
3420,1182,filterLoc,,
3420,1185,filterLoc,,
3420,1188,filterLoc,,
3420,1191,filterLoc,,
3420,1194,filterLoc,,
3420,1197,filterLoc,,
3420,1200,filterLoc,,
3420,1203,filterLoc,,
3420,1206,filterLoc,,
3420,1209,filterLoc,,
3420,1212,filterLoc,,
3420,1215,filterLoc,,
3420,1218,filterLoc,,
3420,1221,filterLoc,,
3420,1224,filterLoc,,
3420,1227,filterLoc,,
3420,1230,filterLoc,,
3420,1233,filterLoc,,
3420,1236,filterLoc,,
3420,1239,filterLoc,,
3420,1242,filterLoc,,
3420,1245,filterLoc,,
3420,1248,filterLoc,,
3420,1251,filterLoc,,
3420,1254,filterLoc,,
3420,1257,filterLoc,,
3420,1260,filterLoc,,
3420,1263,filterLoc,,
3420,1266,filterLoc,,
3420,1269,filterLoc,,
3420,1272,filterLoc,,
3420,1275,filterLoc,,
3420,1278,filterLoc,,
3420,1281,filterLoc,,
3420,1284,filterLoc,,
3420,1287,filterLoc,,
3420,1290,filterLoc,,
3420,1293,filterLoc,,
3420,1296,filterLoc,,
3420,1299,filterLoc,,
3420,1302,filterLoc,,
3420,1305,filterLoc,,
3420,1308,filterLoc,,
3420,1311,filterLoc,,
3420,1314,filterLoc,,
3420,1317,filterLoc,,
3420,1320,filterLoc,,
3420,1323,filterLoc,,
3420,1326,filterLoc,,
3420,1329,filterLoc,,
3420,1332,filterLoc,,
3420,1335,filterLoc,,
3420,1338,filterLoc,,
3420,1341,filterLoc,,
3420,1344,filterLoc,,
3420,1347,filterLoc,,
3420,1350,filterLoc,,
3420,1353,filterLoc,,
3420,1356,filterLoc,,
3420,1359,filterLoc,,
3420,1362,filterLoc,,
3420,1365,filterLoc,,
3420,1368,filterLoc,,
3420,1371,filterLoc,,
3420,1374,filterLoc,,
3420,1377,filterLoc,,
3420,1380,filterLoc,,
3420,1383,filterLoc,,
3420,1386,filterLoc,,
3420,1389,filterLoc,,
3420,1392,filterLoc,,
3420,1395,filterLoc,,
3420,1398,filterLoc,,
3420,1401,filterLoc,,
3420,1404,filterLoc,,
3420,1407,filterLoc,,
3420,1410,filterLoc,,
3420,1413,filterLoc,,
3420,1416,filterLoc,,
3420,1419,filterLoc,,
3420,1422,filterLoc,,
3420,1425,filterLoc,,
3420,1428,filterLoc,,
3420,1431,filterLoc,,
3420,1434,filterLoc,,
3420,1437,filterLoc,,
3420,1440,filterLoc,,
3420,1443,filterLoc,,
3420,1446,filterLoc,,
3420,1449,filterLoc,,
3420,1452,filterLoc,,
3420,1455,filterLoc,,
3420,1458,filterLoc,,
3420,1461,filterLoc,,
3420,1464,filterLoc,,
3420,1467,filterLoc,,
3420,1470,filterLoc,,
3420,1473,filterLoc,,
3420,1476,filterLoc,,
3420,1479,filterLoc,,;Evacuee;96;in triage category;G;is entering helicopter;1
3420,1482,filterLoc,,
3420,1485,filterLoc,,
3420,1488,filterLoc,,
3420,1491,filterLoc,,
3420,1494,filterLoc,,
3420,1497,filterLoc,,
3420,1500,filterLoc,,
3420,1503,filterLoc,,
3420,1506,filterLoc,,
3420,1509,filterLoc,,
3420,467,filterLoc,out,Evacuee 108 in triage category G is assigned helicopter 1
3420,467,filterLoc,,
3420,468,evacuee,,Evacuee;108;in triage state;G;is entering helicopter;1
3420,524,filterLoc,out,Evacuee 109 in triage category G is assigned helicopter 1
3420,524,filterLoc,,
3420,525,evacuee,,Evacuee;109;in triage state;G;is entering helicopter;1
3420,536,filterLoc,out,Evacuee 106 in triage category G is assigned helicopter 1
3420,536,filterLoc,,
3420,537,evacuee,,Evacuee;106;in triage state;G;is entering helicopter;1
3420,602,filterLoc,out,Evacuee 93 in triage category G is assigned helicopter 1
3420,602,filterLoc,,
3420,603,evacuee,,Evacuee;93;in triage state;G;is entering helicopter;1
3420,824,filterLoc,out,Evacuee 104 in triage category G is assigned helicopter 1
3420,824,filterLoc,,
3420,825,evacuee,,Evacuee;104;in triage state;G;is entering helicopter;1
3420,830,filterLoc,out,Evacuee 97 in triage category G is assigned helicopter 1
3420,830,filterLoc,,
3420,831,evacuee,,Evacuee;97;in triage state;G;is entering helicopter;1
3420,887,filterLoc,out,Evacuee 92 in triage category G is assigned helicopter 1
3420,887,filterLoc,,
3420,888,evacuee,,Evacuee;92;in triage state;G;is entering helicopter;1
3420,1037,filterLoc,out,Evacuee 102 in triage category G is assigned helicopter 1
3420,1037,filterLoc,,
3420,1038,evacuee,,Evacuee;102;in triage state;G;is entering helicopter;1
3420,1115,filterLoc,out,Evacuee 94 in triage category G is assigned helicopter 1
3420,1115,filterLoc,,
3420,1116,evacuee,,Evacuee;94;in triage state;G;is entering helicopter;1
3420,1479,filterLoc,out,Evacuee 96 in triage category G is assigned helicopter 1
3420,1479,filterLoc,,
3420,1480,evacuee,,Evacuee;96;in triage state;G;is entering helicopter;1
3420,468,evacuee,outHelo,Evacuee 108 in triage category G is assigned helicopter 1
3420,468,evacuee,,Evacuee;108;in triage state;G;is in helicopter;1
3420,525,evacuee,outHelo,Evacuee 109 in triage category G is assigned helicopter 1
3420,525,evacuee,,Evacuee;109;in triage state;G;is in helicopter;1
3420,537,evacuee,outHelo,Evacuee 106 in triage category G is assigned helicopter 1
3420,537,evacuee,,Evacuee;106;in triage state;G;is in helicopter;1
3420,603,evacuee,outHelo,Evacuee 93 in triage category G is assigned helicopter 1
3420,603,evacuee,,Evacuee;93;in triage state;G;is in helicopter;1
3420,825,evacuee,outHelo,Evacuee 104 in triage category G is assigned helicopter 1
3420,825,evacuee,,Evacuee;104;in triage state;G;is in helicopter;1
3420,831,evacuee,outHelo,Evacuee 97 in triage category G is assigned helicopter 1
3420,831,evacuee,,Evacuee;97;in triage state;G;is in helicopter;1
3420,888,evacuee,outHelo,Evacuee 92 in triage category G is assigned helicopter 1
3420,888,evacuee,,Evacuee;92;in triage state;G;is in helicopter;1
3420,1038,evacuee,outHelo,Evacuee 102 in triage category G is assigned helicopter 1
3420,1038,evacuee,,Evacuee;102;in triage state;G;is in helicopter;1
3420,1116,evacuee,outHelo,Evacuee 94 in triage category G is assigned helicopter 1
3420,1116,evacuee,,Evacuee;94;in triage state;G;is in helicopter;1
3420,1151,filterEvac,,;Evacuee;92;in triage category;G;is entering helicopter;1;Evacuee;93;in triage category;G;is entering helicopter;1;Evacuee;94;in triage category;G;is entering helicopter;1;Evacuee;96;in triage category;G;is entering helicopter;1;Evacuee;97;in triage category;G;is entering helicopter;1;Evacuee;102;in triage category;G;is entering helicopter;1;Evacuee;104;in triage category;G;is entering helicopter;1;Evacuee;106;in triage category;G;is entering helicopter;1;Evacuee;108;in triage category;G;is entering helicopter;1;Evacuee;109;in triage category;G;is entering helicopter;1
3420,1480,evacuee,outHelo,Evacuee 96 in triage category G is assigned helicopter 1
3420,1480,evacuee,,Evacuee;96;in triage state;G;is in helicopter;1
3420,1151,filterEvac,out,Evacuee 92 in triage category G is assigned helicopter 1
3420,1151,filterEvac,out,Evacuee 93 in triage category G is assigned helicopter 1
3420,1151,filterEvac,out,Evacuee 94 in triage category G is assigned helicopter 1
3420,1151,filterEvac,out,Evacuee 96 in triage category G is assigned helicopter 1
3420,1151,filterEvac,out,Evacuee 97 in triage category G is assigned helicopter 1
3420,1151,filterEvac,out,Evacuee 102 in triage category G is assigned helicopter 1
3420,1151,filterEvac,out,Evacuee 104 in triage category G is assigned helicopter 1
3420,1151,filterEvac,out,Evacuee 106 in triage category G is assigned helicopter 1
3420,1151,filterEvac,out,Evacuee 108 in triage category G is assigned helicopter 1
3420,1151,filterEvac,out,Evacuee 109 in triage category G is assigned helicopter 1
3420,1151,filterEvac,,
3420,1153,helicopter,,Helicopter;1;is loading people at the evacuation site;;and has;10;spots taken
3422.56,3,evacueeManager,,OFF SHIP: White;0;Green;114;Yellow;26;Red;6;Black;314;ON SHIP: White;0;Green;0;Yellow;0;Red;0;Evacuees to Transfer;
3422.56,588,evacuee,outES,Evacuee 324 in triage category Y is not assigned a helicopter
3422.56,588,evacuee,,Evacuee;324;in triage state;R;is at the evacuation site
3423.99,3,evacueeManager,,OFF SHIP: White;0;Green;114;Yellow;26;Red;5;Black;315;ON SHIP: White;0;Green;0;Yellow;0;Red;0;Evacuees to Transfer;
3423.99,1183,evacuee,outES,Evacuee 131 in triage category R is not assigned a helicopter
3423.99,1183,evacuee,,Evacuee;131;in triage state;B;is at the evacuation site
3429.58,3,evacueeManager,,OFF SHIP: White;0;Green;114;Yellow;26;Red;4;Black;316;ON SHIP: White;0;Green;0;Yellow;0;Red;0;Evacuees to Transfer;
3429.58,588,evacuee,outES,Evacuee 324 in triage category R is not assigned a helicopter
3429.58,588,evacuee,,Evacuee;324;in triage state;B;is at the evacuation site
3434.09,3,evacueeManager,,OFF SHIP: White;0;Green;114;Yellow;25;Red;5;Black;316;ON SHIP: White;0;Green;0;Yellow;0;Red;0;Evacuees to Transfer;
3434.09,1032,evacuee,outES,Evacuee 64 in triage category Y is not assigned a helicopter
3434.09,1032,evacuee,,Evacuee;64;in triage state;R;is at the evacuation site
3435,4,helipadManager,outHelo,Helicopter 1 is evacuating people1
3435,4,helipadManager,,;No helos are at ES
3435,1152,filterES,,Helicopter;1;is evacuating people
3435,4,helipadManager,outHQ,0
3435,4,helipadManager,,;No helos are at ES
3435,5,helicopterQueue,,;No helos are waiting to land
3435,1152,filterES,out,Helicopter 1 is evacuating people1
3435,1152,filterES,,
3435,1153,helicopter,,Helicopter;1;is loading people at the evacuation site;;and has;10;spots taken
3435,5,helicopterQueue,,;No helos are waiting to land
3435,1153,helicopter,,Helicopter;1;is returning to the FOL;;and has;10;spots taken
3435.27,3,evacueeManager,,OFF SHIP: White;0;Green;114;Yellow;25;Red;4;Black;317;ON SHIP: White;0;Green;0;Yellow;0;Red;0;Evacuees to Transfer;
3435.27,582,evacuee,outES,Evacuee 99 in triage category R is not assigned a helicopter
3435.27,582,evacuee,,Evacuee;99;in triage state;B;is at the evacuation site
3437.51,3,evacueeManager,,OFF SHIP: White;0;Green;114;Yellow;24;Red;5;Black;317;ON SHIP: White;0;Green;0;Yellow;0;Red;0;Evacuees to Transfer;
3437.51,1101,evacuee,outES,Evacuee 19 in triage category Y is not assigned a helicopter
3437.51,1101,evacuee,,Evacuee;19;in triage state;R;is at the evacuation site
3442.23,3,evacueeManager,,OFF SHIP: White;0;Green;114;Yellow;24;Red;4;Black;318;ON SHIP: White;0;Green;0;Yellow;0;Red;0;Evacuees to Transfer;
3442.23,1032,evacuee,outES,Evacuee 64 in triage category R is not assigned a helicopter
3442.23,1032,evacuee,,Evacuee;64;in triage state;B;is at the evacuation site
3459.92,3,evacueeManager,,OFF SHIP: White;0;Green;114;Yellow;24;Red;3;Black;319;ON SHIP: White;0;Green;0;Yellow;0;Red;0;Evacuees to Transfer;
3459.92,291,evacuee,outES,Evacuee 410 in triage category R is not assigned a helicopter
3459.92,291,evacuee,,Evacuee;410;in triage state;B;is at the evacuation site
3462.66,3,evacueeManager,,OFF SHIP: White;0;Green;113;Yellow;25;Red;3;Black;319;ON SHIP: White;0;Green;0;Yellow;0;Red;0;Evacuees to Transfer;
3462.66,1186,evacuee,outES,Evacuee 137 in triage category G is not assigned a helicopter
3462.66,1186,evacuee,,Evacuee;137;in triage state;Y;is at the evacuation site
3475.75,3,evacueeManager,,OFF SHIP: White;0;Green;113;Yellow;24;Red;4;Black;319;ON SHIP: White;0;Green;0;Yellow;0;Red;0;Evacuees to Transfer;
3475.75,222,evacuee,outES,Evacuee 370 in triage category Y is not assigned a helicopter
3475.75,222,evacuee,,Evacuee;370;in triage state;R;is at the evacuation site
3481.8,3,evacueeManager,,OFF SHIP: White;0;Green;113;Yellow;24;Red;3;Black;320;ON SHIP: White;0;Green;0;Yellow;0;Red;0;Evacuees to Transfer;
3481.8,1101,evacuee,outES,Evacuee 19 in triage category R is not assigned a helicopter
3481.8,1101,evacuee,,Evacuee;19;in triage state;B;is at the evacuation site
3485.98,3,evacueeManager,,OFF SHIP: White;0;Green;113;Yellow;24;Red;2;Black;321;ON SHIP: White;0;Green;0;Yellow;0;Red;0;Evacuees to Transfer;
3485.98,146,evacuee,outES,Evacuee 403 in triage category R is not assigned a helicopter
3485.98,146,evacuee,,Evacuee;403;in triage state;B;is at the evacuation site
3486.17,3,evacueeManager,,OFF SHIP: White;0;Green;112;Yellow;25;Red;2;Black;321;ON SHIP: White;0;Green;0;Yellow;0;Red;0;Evacuees to Transfer;
3486.17,669,evacuee,outES,Evacuee 300 in triage category G is not assigned a helicopter
3486.17,669,evacuee,,Evacuee;300;in triage state;Y;is at the evacuation site
3495.19,3,evacueeManager,,OFF SHIP: White;0;Green;112;Yellow;24;Red;3;Black;321;ON SHIP: White;0;Green;0;Yellow;0;Red;0;Evacuees to Transfer;
3495.19,294,evacuee,outES,Evacuee 326 in triage category Y is not assigned a helicopter
3495.19,294,evacuee,,Evacuee;326;in triage state;R;is at the evacuation site
3504.49,3,evacueeManager,,OFF SHIP: White;0;Green;111;Yellow;25;Red;3;Black;321;ON SHIP: White;0;Green;0;Yellow;0;Red;0;Evacuees to Transfer;
3504.49,1333,evacuee,outES,Evacuee 189 in triage category G is not assigned a helicopter
3504.49,1333,evacuee,,Evacuee;189;in triage state;Y;is at the evacuation site
3510,7,filterLoc,,
3510,10,filterLoc,,
3510,13,filterLoc,,
3510,16,filterLoc,,
3510,19,filterLoc,,
3510,22,filterLoc,,
3510,25,filterLoc,,
3510,28,filterLoc,,
3510,31,filterLoc,,
3510,34,filterLoc,,
3510,37,filterLoc,,
3510,40,filterLoc,,
3510,43,filterLoc,,
3510,46,filterLoc,,
3510,49,filterLoc,,
3510,52,filterLoc,,
3510,55,filterLoc,,
3510,58,filterLoc,,
3510,61,filterLoc,,
3510,64,filterLoc,,
3510,67,filterLoc,,
3510,70,filterLoc,,
3510,73,filterLoc,,
3510,76,filterLoc,,
3510,79,filterLoc,,
3510,82,filterLoc,,
3510,85,filterLoc,,
3510,88,filterLoc,,
3510,91,filterLoc,,
3510,94,filterLoc,,
3510,97,filterLoc,,
3510,100,filterLoc,,
3510,103,filterLoc,,
3510,106,filterLoc,,
3510,109,filterLoc,,
3510,112,filterLoc,,
3510,115,filterLoc,,
3510,118,filterLoc,,
3510,121,filterLoc,,
3510,124,filterLoc,,
3510,127,filterLoc,,
3510,130,filterLoc,,
3510,133,filterLoc,,
3510,136,filterLoc,,
3510,139,filterLoc,,
3510,142,filterLoc,,
3510,145,filterLoc,,
3510,148,filterLoc,,
3510,151,filterLoc,,
3510,154,filterLoc,,
3510,157,filterLoc,,
3510,160,filterLoc,,
3510,163,filterLoc,,
3510,166,filterLoc,,
3510,169,filterLoc,,
3510,172,filterLoc,,
3510,175,filterLoc,,
3510,178,filterLoc,,
3510,181,filterLoc,,
3510,184,filterLoc,,
3510,187,filterLoc,,
3510,190,filterLoc,,
3510,193,filterLoc,,
3510,196,filterLoc,,
3510,199,filterLoc,,
3510,202,filterLoc,,
3510,205,filterLoc,,
3510,208,filterLoc,,
3510,211,filterLoc,,
3510,214,filterLoc,,
3510,217,filterLoc,,
3510,221,filterLoc,,
3510,224,filterLoc,,
3510,227,filterLoc,,
3510,230,filterLoc,,
3510,233,filterLoc,,
3510,236,filterLoc,,
3510,239,filterLoc,,
3510,242,filterLoc,,
3510,245,filterLoc,,
3510,248,filterLoc,,
3510,251,filterLoc,,
3510,254,filterLoc,,
3510,257,filterLoc,,
3510,260,filterLoc,,
3510,263,filterLoc,,
3510,266,filterLoc,,
3510,269,filterLoc,,
3510,272,filterLoc,,
3510,275,filterLoc,,
3510,278,filterLoc,,
3510,281,filterLoc,,
3510,284,filterLoc,,
3510,287,filterLoc,,
3510,290,filterLoc,,
3510,293,filterLoc,,
3510,296,filterLoc,,
3510,299,filterLoc,,
3510,302,filterLoc,,
3510,305,filterLoc,,
3510,308,filterLoc,,
3510,311,filterLoc,,
3510,314,filterLoc,,
3510,317,filterLoc,,
3510,320,filterLoc,,
3510,323,filterLoc,,
3510,326,filterLoc,,
3510,329,filterLoc,,
3510,332,filterLoc,,
3510,335,filterLoc,,
3510,338,filterLoc,,
3510,341,filterLoc,,
3510,344,filterLoc,,
3510,347,filterLoc,,
3510,350,filterLoc,,
3510,353,filterLoc,,
3510,356,filterLoc,,
3510,359,filterLoc,,
3510,362,filterLoc,,
3510,365,filterLoc,,
3510,368,filterLoc,,
3510,371,filterLoc,,
3510,374,filterLoc,,
3510,377,filterLoc,,
3510,380,filterLoc,,
3510,383,filterLoc,,
3510,386,filterLoc,,
3510,389,filterLoc,,
3510,392,filterLoc,,
3510,395,filterLoc,,
3510,398,filterLoc,,
3510,401,filterLoc,,
3510,404,filterLoc,,
3510,407,filterLoc,,
3510,410,filterLoc,,
3510,413,filterLoc,,
3510,416,filterLoc,,
3510,419,filterLoc,,
3510,422,filterLoc,,
3510,425,filterLoc,,
3510,428,filterLoc,,
3510,431,filterLoc,,
3510,434,filterLoc,,
3510,437,filterLoc,,
3510,440,filterLoc,,
3510,443,filterLoc,,
3510,446,filterLoc,,
3510,449,filterLoc,,
3510,452,filterLoc,,
3510,455,filterLoc,,
3510,458,filterLoc,,
3510,461,filterLoc,,
3510,464,filterLoc,,
3510,467,filterLoc,,;Evacuee;108;in triage category;G;is leaving helicopter;1
3510,470,filterLoc,,
3510,473,filterLoc,,
3510,476,filterLoc,,
3510,479,filterLoc,,
3510,482,filterLoc,,
3510,485,filterLoc,,
3510,488,filterLoc,,
3510,491,filterLoc,,
3510,494,filterLoc,,
3510,497,filterLoc,,
3510,500,filterLoc,,
3510,503,filterLoc,,
3510,506,filterLoc,,
3510,509,filterLoc,,
3510,512,filterLoc,,
3510,515,filterLoc,,
3510,518,filterLoc,,
3510,521,filterLoc,,
3510,524,filterLoc,,;Evacuee;109;in triage category;G;is leaving helicopter;1
3510,527,filterLoc,,
3510,530,filterLoc,,
3510,533,filterLoc,,
3510,536,filterLoc,,;Evacuee;106;in triage category;G;is leaving helicopter;1
3510,539,filterLoc,,
3510,542,filterLoc,,
3510,545,filterLoc,,
3510,548,filterLoc,,
3510,551,filterLoc,,
3510,554,filterLoc,,
3510,557,filterLoc,,
3510,560,filterLoc,,
3510,563,filterLoc,,
3510,566,filterLoc,,
3510,569,filterLoc,,
3510,572,filterLoc,,
3510,575,filterLoc,,
3510,578,filterLoc,,
3510,581,filterLoc,,
3510,584,filterLoc,,
3510,587,filterLoc,,
3510,590,filterLoc,,
3510,593,filterLoc,,
3510,596,filterLoc,,
3510,599,filterLoc,,
3510,602,filterLoc,,;Evacuee;93;in triage category;G;is leaving helicopter;1
3510,605,filterLoc,,
3510,608,filterLoc,,
3510,611,filterLoc,,
3510,614,filterLoc,,
3510,617,filterLoc,,
3510,620,filterLoc,,
3510,623,filterLoc,,
3510,626,filterLoc,,
3510,629,filterLoc,,
3510,632,filterLoc,,
3510,635,filterLoc,,
3510,638,filterLoc,,
3510,641,filterLoc,,
3510,644,filterLoc,,
3510,647,filterLoc,,
3510,650,filterLoc,,
3510,653,filterLoc,,
3510,656,filterLoc,,
3510,659,filterLoc,,
3510,662,filterLoc,,
3510,665,filterLoc,,
3510,668,filterLoc,,
3510,671,filterLoc,,
3510,674,filterLoc,,
3510,677,filterLoc,,
3510,680,filterLoc,,
3510,683,filterLoc,,
3510,686,filterLoc,,
3510,689,filterLoc,,
3510,692,filterLoc,,
3510,695,filterLoc,,
3510,698,filterLoc,,
3510,701,filterLoc,,
3510,704,filterLoc,,
3510,707,filterLoc,,
3510,710,filterLoc,,
3510,713,filterLoc,,
3510,716,filterLoc,,
3510,719,filterLoc,,
3510,722,filterLoc,,
3510,725,filterLoc,,
3510,728,filterLoc,,
3510,731,filterLoc,,
3510,734,filterLoc,,
3510,737,filterLoc,,
3510,740,filterLoc,,
3510,743,filterLoc,,
3510,746,filterLoc,,
3510,749,filterLoc,,
3510,752,filterLoc,,
3510,755,filterLoc,,
3510,758,filterLoc,,
3510,761,filterLoc,,
3510,764,filterLoc,,
3510,767,filterLoc,,
3510,770,filterLoc,,
3510,773,filterLoc,,
3510,776,filterLoc,,
3510,779,filterLoc,,
3510,782,filterLoc,,
3510,785,filterLoc,,
3510,788,filterLoc,,
3510,791,filterLoc,,
3510,794,filterLoc,,
3510,797,filterLoc,,
3510,800,filterLoc,,
3510,803,filterLoc,,
3510,806,filterLoc,,
3510,809,filterLoc,,
3510,812,filterLoc,,
3510,815,filterLoc,,
3510,818,filterLoc,,
3510,821,filterLoc,,
3510,824,filterLoc,,;Evacuee;104;in triage category;G;is leaving helicopter;1
3510,827,filterLoc,,
3510,830,filterLoc,,;Evacuee;97;in triage category;G;is leaving helicopter;1
3510,833,filterLoc,,
3510,836,filterLoc,,
3510,839,filterLoc,,
3510,842,filterLoc,,
3510,845,filterLoc,,
3510,848,filterLoc,,
3510,851,filterLoc,,
3510,854,filterLoc,,
3510,857,filterLoc,,
3510,860,filterLoc,,
3510,863,filterLoc,,
3510,866,filterLoc,,
3510,869,filterLoc,,
3510,872,filterLoc,,
3510,875,filterLoc,,
3510,878,filterLoc,,
3510,881,filterLoc,,
3510,884,filterLoc,,
3510,887,filterLoc,,;Evacuee;92;in triage category;G;is leaving helicopter;1
3510,890,filterLoc,,
3510,893,filterLoc,,
3510,896,filterLoc,,
3510,899,filterLoc,,
3510,902,filterLoc,,
3510,905,filterLoc,,
3510,908,filterLoc,,
3510,911,filterLoc,,
3510,914,filterLoc,,
3510,917,filterLoc,,
3510,920,filterLoc,,
3510,923,filterLoc,,
3510,926,filterLoc,,
3510,929,filterLoc,,
3510,932,filterLoc,,
3510,935,filterLoc,,
3510,938,filterLoc,,
3510,941,filterLoc,,
3510,944,filterLoc,,
3510,947,filterLoc,,
3510,950,filterLoc,,
3510,953,filterLoc,,
3510,956,filterLoc,,
3510,959,filterLoc,,
3510,962,filterLoc,,
3510,965,filterLoc,,
3510,968,filterLoc,,
3510,971,filterLoc,,
3510,974,filterLoc,,
3510,977,filterLoc,,
3510,980,filterLoc,,
3510,983,filterLoc,,
3510,986,filterLoc,,
3510,989,filterLoc,,
3510,992,filterLoc,,
3510,995,filterLoc,,
3510,998,filterLoc,,
3510,1001,filterLoc,,
3510,1004,filterLoc,,
3510,1007,filterLoc,,
3510,1010,filterLoc,,
3510,1013,filterLoc,,
3510,1016,filterLoc,,
3510,1019,filterLoc,,
3510,1022,filterLoc,,
3510,1025,filterLoc,,
3510,1028,filterLoc,,
3510,1031,filterLoc,,
3510,1034,filterLoc,,
3510,1037,filterLoc,,;Evacuee;102;in triage category;G;is leaving helicopter;1
3510,1040,filterLoc,,
3510,1043,filterLoc,,
3510,1046,filterLoc,,
3510,1049,filterLoc,,
3510,1052,filterLoc,,
3510,1055,filterLoc,,
3510,1058,filterLoc,,
3510,1061,filterLoc,,
3510,1064,filterLoc,,
3510,1067,filterLoc,,
3510,1070,filterLoc,,
3510,1073,filterLoc,,
3510,1076,filterLoc,,
3510,1079,filterLoc,,
3510,1082,filterLoc,,
3510,1085,filterLoc,,
3510,1088,filterLoc,,
3510,1091,filterLoc,,
3510,1094,filterLoc,,
3510,1097,filterLoc,,
3510,1100,filterLoc,,
3510,1103,filterLoc,,
3510,1106,filterLoc,,
3510,1109,filterLoc,,
3510,1112,filterLoc,,
3510,1115,filterLoc,,;Evacuee;94;in triage category;G;is leaving helicopter;1
3510,1118,filterLoc,,
3510,1121,filterLoc,,
3510,1124,filterLoc,,
3510,1127,filterLoc,,
3510,1130,filterLoc,,
3510,1133,filterLoc,,
3510,1136,filterLoc,,
3510,1139,filterLoc,,
3510,1142,filterLoc,,
3510,1145,filterLoc,,
3510,1148,filterLoc,,
3510,1153,helicopter,outEvac,Evacuee 92 in triage category G is not assigned a helicopter
3510,1153,helicopter,outEvac,Evacuee 93 in triage category G is not assigned a helicopter
3510,1153,helicopter,outEvac,Evacuee 94 in triage category G is not assigned a helicopter
3510,1153,helicopter,outEvac,Evacuee 96 in triage category G is not assigned a helicopter
3510,1153,helicopter,outEvac,Evacuee 97 in triage category G is not assigned a helicopter
3510,1153,helicopter,outEvac,Evacuee 102 in triage category G is not assigned a helicopter
3510,1153,helicopter,outEvac,Evacuee 104 in triage category G is not assigned a helicopter
3510,1153,helicopter,outEvac,Evacuee 106 in triage category G is not assigned a helicopter
3510,1153,helicopter,outEvac,Evacuee 108 in triage category G is not assigned a helicopter
3510,1153,helicopter,outEvac,Evacuee 109 in triage category G is not assigned a helicopter
3510,1153,helicopter,,Helicopter;1;is unloading people at the FOL;;and has;0;spots taken
3510,1155,filterLoc,,
3510,1158,filterLoc,,
3510,1161,filterLoc,,
3510,1164,filterLoc,,
3510,1167,filterLoc,,
3510,1170,filterLoc,,
3510,1173,filterLoc,,
3510,1176,filterLoc,,
3510,1179,filterLoc,,
3510,1182,filterLoc,,
3510,1185,filterLoc,,
3510,1188,filterLoc,,
3510,1191,filterLoc,,
3510,1194,filterLoc,,
3510,1197,filterLoc,,
3510,1200,filterLoc,,
3510,1203,filterLoc,,
3510,1206,filterLoc,,
3510,1209,filterLoc,,
3510,1212,filterLoc,,
3510,1215,filterLoc,,
3510,1218,filterLoc,,
3510,1221,filterLoc,,
3510,1224,filterLoc,,
3510,1227,filterLoc,,
3510,1230,filterLoc,,
3510,1233,filterLoc,,
3510,1236,filterLoc,,
3510,1239,filterLoc,,
3510,1242,filterLoc,,
3510,1245,filterLoc,,
3510,1248,filterLoc,,
3510,1251,filterLoc,,
3510,1254,filterLoc,,
3510,1257,filterLoc,,
3510,1260,filterLoc,,
3510,1263,filterLoc,,
3510,1266,filterLoc,,
3510,1269,filterLoc,,
3510,1272,filterLoc,,
3510,1275,filterLoc,,
3510,1278,filterLoc,,
3510,1281,filterLoc,,
3510,1284,filterLoc,,
3510,1287,filterLoc,,
3510,1290,filterLoc,,
3510,1293,filterLoc,,
3510,1296,filterLoc,,
3510,1299,filterLoc,,
3510,1302,filterLoc,,
3510,1305,filterLoc,,
3510,1308,filterLoc,,
3510,1311,filterLoc,,
3510,1314,filterLoc,,
3510,1317,filterLoc,,
3510,1320,filterLoc,,
3510,1323,filterLoc,,
3510,1326,filterLoc,,
3510,1329,filterLoc,,
3510,1332,filterLoc,,
3510,1335,filterLoc,,
3510,1338,filterLoc,,
3510,1341,filterLoc,,
3510,1344,filterLoc,,
3510,1347,filterLoc,,
3510,1350,filterLoc,,
3510,1353,filterLoc,,
3510,1356,filterLoc,,
3510,1359,filterLoc,,
3510,1362,filterLoc,,
3510,1365,filterLoc,,
3510,1368,filterLoc,,
3510,1371,filterLoc,,
3510,1374,filterLoc,,
3510,1377,filterLoc,,
3510,1380,filterLoc,,
3510,1383,filterLoc,,
3510,1386,filterLoc,,
3510,1389,filterLoc,,
3510,1392,filterLoc,,
3510,1395,filterLoc,,
3510,1398,filterLoc,,
3510,1401,filterLoc,,
3510,1404,filterLoc,,
3510,1407,filterLoc,,
3510,1410,filterLoc,,
3510,1413,filterLoc,,
3510,1416,filterLoc,,
3510,1419,filterLoc,,
3510,1422,filterLoc,,
3510,1425,filterLoc,,
3510,1428,filterLoc,,
3510,1431,filterLoc,,
3510,1434,filterLoc,,
3510,1437,filterLoc,,
3510,1440,filterLoc,,
3510,1443,filterLoc,,
3510,1446,filterLoc,,
3510,1449,filterLoc,,
3510,1452,filterLoc,,
3510,1455,filterLoc,,
3510,1458,filterLoc,,
3510,1461,filterLoc,,
3510,1464,filterLoc,,
3510,1467,filterLoc,,
3510,1470,filterLoc,,
3510,1473,filterLoc,,
3510,1476,filterLoc,,
3510,1479,filterLoc,,;Evacuee;96;in triage category;G;is leaving helicopter;1
3510,1482,filterLoc,,
3510,1485,filterLoc,,
3510,1488,filterLoc,,
3510,1491,filterLoc,,
3510,1494,filterLoc,,
3510,1497,filterLoc,,
3510,1500,filterLoc,,
3510,1503,filterLoc,,
3510,1506,filterLoc,,
3510,1509,filterLoc,,
3510,467,filterLoc,out,Evacuee 108 in triage category G is not assigned a helicopter
3510,467,filterLoc,,
3510,468,evacuee,,Evacuee;108;in triage state;G;is entering the FOL
3510,524,filterLoc,out,Evacuee 109 in triage category G is not assigned a helicopter
3510,524,filterLoc,,
3510,525,evacuee,,Evacuee;109;in triage state;G;is entering the FOL
3510,536,filterLoc,out,Evacuee 106 in triage category G is not assigned a helicopter
3510,536,filterLoc,,
3510,537,evacuee,,Evacuee;106;in triage state;G;is entering the FOL
3510,602,filterLoc,out,Evacuee 93 in triage category G is not assigned a helicopter
3510,602,filterLoc,,
3510,603,evacuee,,Evacuee;93;in triage state;G;is entering the FOL
3510,824,filterLoc,out,Evacuee 104 in triage category G is not assigned a helicopter
3510,824,filterLoc,,
3510,825,evacuee,,Evacuee;104;in triage state;G;is entering the FOL
3510,830,filterLoc,out,Evacuee 97 in triage category G is not assigned a helicopter
3510,830,filterLoc,,
3510,831,evacuee,,Evacuee;97;in triage state;G;is entering the FOL
3510,887,filterLoc,out,Evacuee 92 in triage category G is not assigned a helicopter
3510,887,filterLoc,,
3510,888,evacuee,,Evacuee;92;in triage state;G;is entering the FOL
3510,1037,filterLoc,out,Evacuee 102 in triage category G is not assigned a helicopter
3510,1037,filterLoc,,
3510,1038,evacuee,,Evacuee;102;in triage state;G;is entering the FOL
3510,1115,filterLoc,out,Evacuee 94 in triage category G is not assigned a helicopter
3510,1115,filterLoc,,
3510,1116,evacuee,,Evacuee;94;in triage state;G;is entering the FOL
3510,1479,filterLoc,out,Evacuee 96 in triage category G is not assigned a helicopter
3510,1479,filterLoc,,
3510,1480,evacuee,,Evacuee;96;in triage state;G;is entering the FOL
3510,219,FOL,,;EvacueeID;2;Triage Status;G;EvacueeID;6;Triage Status;G;EvacueeID;9;Triage Status;G;EvacueeID;12;Triage Status;G;EvacueeID;14;Triage Status;G;EvacueeID;16;Triage Status;G;EvacueeID;20;Triage Status;G;EvacueeID;22;Triage Status;G;EvacueeID;25;Triage Status;G;EvacueeID;27;Triage Status;G;EvacueeID;33;Triage Status;G;EvacueeID;35;Triage Status;G;EvacueeID;36;Triage Status;G;EvacueeID;40;Triage Status;G;EvacueeID;41;Triage Status;G;EvacueeID;44;Triage Status;G;EvacueeID;47;Triage Status;G;EvacueeID;52;Triage Status;G;EvacueeID;56;Triage Status;G;EvacueeID;59;Triage Status;G;EvacueeID;61;Triage Status;G;EvacueeID;63;Triage Status;G;EvacueeID;70;Triage Status;G;EvacueeID;71;Triage Status;G;EvacueeID;74;Triage Status;G;EvacueeID;76;Triage Status;G;EvacueeID;81;Triage Status;G;EvacueeID;83;Triage Status;G;EvacueeID;88;Triage Status;G;EvacueeID;90;Triage Status;G;EvacueeID;92;Triage Status;G;EvacueeID;93;Triage Status;G;EvacueeID;94;Triage Status;G;EvacueeID;96;Triage Status;G;EvacueeID;97;Triage Status;G;EvacueeID;102;Triage Status;G;EvacueeID;104;Triage Status;G;EvacueeID;106;Triage Status;G;EvacueeID;108;Triage Status;G;EvacueeID;109;Triage Status;G;Lives Saved;40
3510,468,evacuee,outFOL,Evacuee 108 in triage category G is not assigned a helicopter
3510,468,evacuee,,Evacuee;108;in triage state;G;is at the FOL
3510,525,evacuee,outFOL,Evacuee 109 in triage category G is not assigned a helicopter
3510,525,evacuee,,Evacuee;109;in triage state;G;is at the FOL
3510,537,evacuee,outFOL,Evacuee 106 in triage category G is not assigned a helicopter
3510,537,evacuee,,Evacuee;106;in triage state;G;is at the FOL
3510,603,evacuee,outFOL,Evacuee 93 in triage category G is not assigned a helicopter
3510,603,evacuee,,Evacuee;93;in triage state;G;is at the FOL
3510,825,evacuee,outFOL,Evacuee 104 in triage category G is not assigned a helicopter
3510,825,evacuee,,Evacuee;104;in triage state;G;is at the FOL
3510,831,evacuee,outFOL,Evacuee 97 in triage category G is not assigned a helicopter
3510,831,evacuee,,Evacuee;97;in triage state;G;is at the FOL
3510,888,evacuee,outFOL,Evacuee 92 in triage category G is not assigned a helicopter
3510,888,evacuee,,Evacuee;92;in triage state;G;is at the FOL
3510,1038,evacuee,outFOL,Evacuee 102 in triage category G is not assigned a helicopter
3510,1038,evacuee,,Evacuee;102;in triage state;G;is at the FOL
3510,1116,evacuee,outFOL,Evacuee 94 in triage category G is not assigned a helicopter
3510,1116,evacuee,,Evacuee;94;in triage state;G;is at the FOL
3510,1480,evacuee,outFOL,Evacuee 96 in triage category G is not assigned a helicopter
3510,1480,evacuee,,Evacuee;96;in triage state;G;is at the FOL
3510,219,FOL,,;EvacueeID;2;Triage Status;G;EvacueeID;6;Triage Status;G;EvacueeID;9;Triage Status;G;EvacueeID;12;Triage Status;G;EvacueeID;14;Triage Status;G;EvacueeID;16;Triage Status;G;EvacueeID;20;Triage Status;G;EvacueeID;22;Triage Status;G;EvacueeID;25;Triage Status;G;EvacueeID;27;Triage Status;G;EvacueeID;33;Triage Status;G;EvacueeID;35;Triage Status;G;EvacueeID;36;Triage Status;G;EvacueeID;40;Triage Status;G;EvacueeID;41;Triage Status;G;EvacueeID;44;Triage Status;G;EvacueeID;47;Triage Status;G;EvacueeID;52;Triage Status;G;EvacueeID;56;Triage Status;G;EvacueeID;59;Triage Status;G;EvacueeID;61;Triage Status;G;EvacueeID;63;Triage Status;G;EvacueeID;70;Triage Status;G;EvacueeID;71;Triage Status;G;EvacueeID;74;Triage Status;G;EvacueeID;76;Triage Status;G;EvacueeID;81;Triage Status;G;EvacueeID;83;Triage Status;G;EvacueeID;88;Triage Status;G;EvacueeID;90;Triage Status;G;EvacueeID;92;Triage Status;G;EvacueeID;93;Triage Status;G;EvacueeID;94;Triage Status;G;EvacueeID;96;Triage Status;G;EvacueeID;97;Triage Status;G;EvacueeID;102;Triage Status;G;EvacueeID;104;Triage Status;G;EvacueeID;106;Triage Status;G;EvacueeID;108;Triage Status;G;EvacueeID;109;Triage Status;G;Lives Saved;40
3514.11,3,evacueeManager,,OFF SHIP: White;0;Green;111;Yellow;24;Red;4;Black;321;ON SHIP: White;0;Green;0;Yellow;0;Red;0;Evacuees to Transfer;
3514.11,447,evacuee,outES,Evacuee 259 in triage category Y is not assigned a helicopter
3514.11,447,evacuee,,Evacuee;259;in triage state;R;is at the evacuation site
3524.95,3,evacueeManager,,OFF SHIP: White;0;Green;111;Yellow;24;Red;3;Black;322;ON SHIP: White;0;Green;0;Yellow;0;Red;0;Evacuees to Transfer;
3524.95,447,evacuee,outES,Evacuee 259 in triage category R is not assigned a helicopter
3524.95,447,evacuee,,Evacuee;259;in triage state;B;is at the evacuation site
3525,1153,helicopter,,Helicopter;1;Is going to the evacuation site;;and has;0;spots taken
3525.05,3,evacueeManager,,OFF SHIP: White;0;Green;111;Yellow;23;Red;4;Black;322;ON SHIP: White;0;Green;0;Yellow;0;Red;0;Evacuees to Transfer;
3525.05,215,evacuee,outES,Evacuee 372 in triage category Y is not assigned a helicopter
3525.05,215,evacuee,,Evacuee;372;in triage state;R;is at the evacuation site
3534.09,3,evacueeManager,,OFF SHIP: White;0;Green;111;Yellow;23;Red;3;Black;323;ON SHIP: White;0;Green;0;Yellow;0;Red;0;Evacuees to Transfer;
3534.09,222,evacuee,outES,Evacuee 370 in triage category R is not assigned a helicopter
3534.09,222,evacuee,,Evacuee;370;in triage state;B;is at the evacuation site
3553.38,3,evacueeManager,,OFF SHIP: White;0;Green;111;Yellow;22;Red;4;Black;323;ON SHIP: White;0;Green;0;Yellow;0;Red;0;Evacuees to Transfer;
3553.38,810,evacuee,outES,Evacuee 85 in triage category Y is not assigned a helicopter
3553.38,810,evacuee,,Evacuee;85;in triage state;R;is at the evacuation site
3565.83,3,evacueeManager,,OFF SHIP: White;0;Green;110;Yellow;23;Red;4;Black;323;ON SHIP: White;0;Green;0;Yellow;0;Red;0;Evacuees to Transfer;
3565.83,225,evacuee,outES,Evacuee 457 in triage category G is not assigned a helicopter
3565.83,225,evacuee,,Evacuee;457;in triage state;Y;is at the evacuation site
3577.65,3,evacueeManager,,OFF SHIP: White;0;Green;110;Yellow;23;Red;3;Black;324;ON SHIP: White;0;Green;0;Yellow;0;Red;0;Evacuees to Transfer;
3577.65,215,evacuee,outES,Evacuee 372 in triage category R is not assigned a helicopter
3577.65,215,evacuee,,Evacuee;372;in triage state;B;is at the evacuation site
3581.65,3,evacueeManager,,OFF SHIP: White;0;Green;110;Yellow;22;Red;4;Black;324;ON SHIP: White;0;Green;0;Yellow;0;Red;0;Evacuees to Transfer;
3581.65,297,evacuee,outES,Evacuee 466 in triage category Y is not assigned a helicopter
3581.65,297,evacuee,,Evacuee;466;in triage state;R;is at the evacuation site
3589.82,3,evacueeManager,,OFF SHIP: White;0;Green;109;Yellow;23;Red;4;Black;324;ON SHIP: White;0;Green;0;Yellow;0;Red;0;Evacuees to Transfer;
3589.82,522,evacuee,outES,Evacuee 299 in triage category G is not assigned a helicopter
3589.82,522,evacuee,,Evacuee;299;in triage state;Y;is at the evacuation site
3600,5,helicopterQueue,,1;Helos are waiting to land;HeloID;1
3600,1153,helicopter,outES,Helicopter 1 is evacuating people1
3600,1153,helicopter,,Helicopter;1;is waiting to land at the evacuation site;;and has;0;spots taken
3600,4,helipadManager,,;No helos are at ES
3600,5,helicopterQueue,outHM,Helicopter 1 is evacuating people1
3600,5,helicopterQueue,outHelo,Helicopter 1 is evacuating people1
3600,5,helicopterQueue,,;No helos are waiting to land
3600,1152,filterES,,Helicopter;1;is evacuating people
3600,3,evacueeManager,,OFF SHIP: White;0;Green;99;Yellow;23;Red;4;Black;324;ON SHIP: White;0;Green;0;Yellow;0;Red;0;Evacuees to Transfer;;EvacueeID;114;HeloID;1;OnShip;0;Triage Status;G;EvacueeID;116;HeloID;1;OnShip;0;Triage Status;G;EvacueeID;119;HeloID;1;OnShip;0;Triage Status;G;EvacueeID;120;HeloID;1;OnShip;0;Triage Status;G;EvacueeID;122;HeloID;1;OnShip;0;Triage Status;G;EvacueeID;125;HeloID;1;OnShip;0;Triage Status;G;EvacueeID;130;HeloID;1;OnShip;0;Triage Status;G;EvacueeID;136;HeloID;1;OnShip;0;Triage Status;G;EvacueeID;138;HeloID;1;OnShip;0;Triage Status;G;EvacueeID;139;HeloID;1;OnShip;0;Triage Status;G
3600,4,helipadManager,outEM,Helicopter 1 is evacuating people1
3600,4,helipadManager,,Helo;1;is at the ES
3600,1152,filterES,out,Helicopter 1 is evacuating people1
3600,1152,filterES,,
3600,1153,helicopter,,Helicopter;1;is waiting to land at the evacuation site;;and has;0;spots taken
3600,3,evacueeManager,outEvac,Evacuee 114 in triage category G is assigned helicopter 1
3600,3,evacueeManager,outEvac,Evacuee 116 in triage category G is assigned helicopter 1
3600,3,evacueeManager,outEvac,Evacuee 119 in triage category G is assigned helicopter 1
3600,3,evacueeManager,outEvac,Evacuee 120 in triage category G is assigned helicopter 1
3600,3,evacueeManager,outEvac,Evacuee 122 in triage category G is assigned helicopter 1
3600,3,evacueeManager,outEvac,Evacuee 125 in triage category G is assigned helicopter 1
3600,3,evacueeManager,outEvac,Evacuee 130 in triage category G is assigned helicopter 1
3600,3,evacueeManager,outEvac,Evacuee 136 in triage category G is assigned helicopter 1
3600,3,evacueeManager,outEvac,Evacuee 138 in triage category G is assigned helicopter 1
3600,3,evacueeManager,outEvac,Evacuee 139 in triage category G is assigned helicopter 1
3600,3,evacueeManager,,OFF SHIP: White;0;Green;99;Yellow;23;Red;4;Black;324;ON SHIP: White;0;Green;0;Yellow;0;Red;0;Evacuees to Transfer;
3600,7,filterLoc,,
3600,10,filterLoc,,
3600,13,filterLoc,,
3600,16,filterLoc,,
3600,19,filterLoc,,
3600,22,filterLoc,,
3600,25,filterLoc,,
3600,28,filterLoc,,
3600,31,filterLoc,,
3600,34,filterLoc,,
3600,37,filterLoc,,
3600,40,filterLoc,,
3600,43,filterLoc,,
3600,46,filterLoc,,
3600,49,filterLoc,,
3600,52,filterLoc,,
3600,55,filterLoc,,
3600,58,filterLoc,,
3600,61,filterLoc,,
3600,64,filterLoc,,
3600,67,filterLoc,,
3600,70,filterLoc,,
3600,73,filterLoc,,
3600,76,filterLoc,,
3600,79,filterLoc,,
3600,82,filterLoc,,
3600,85,filterLoc,,
3600,88,filterLoc,,
3600,91,filterLoc,,
3600,94,filterLoc,,
3600,97,filterLoc,,
3600,100,filterLoc,,
3600,103,filterLoc,,
3600,106,filterLoc,,
3600,109,filterLoc,,
3600,112,filterLoc,,
3600,115,filterLoc,,
3600,118,filterLoc,,
3600,121,filterLoc,,
3600,124,filterLoc,,
3600,127,filterLoc,,
3600,130,filterLoc,,
3600,133,filterLoc,,
3600,136,filterLoc,,
3600,139,filterLoc,,
3600,142,filterLoc,,
3600,145,filterLoc,,
3600,148,filterLoc,,
3600,151,filterLoc,,
3600,154,filterLoc,,
3600,157,filterLoc,,
3600,160,filterLoc,,
3600,163,filterLoc,,
3600,166,filterLoc,,
3600,169,filterLoc,,
3600,172,filterLoc,,
3600,175,filterLoc,,
3600,178,filterLoc,,
3600,181,filterLoc,,
3600,184,filterLoc,,
3600,187,filterLoc,,
3600,190,filterLoc,,
3600,193,filterLoc,,
3600,196,filterLoc,,
3600,199,filterLoc,,
3600,202,filterLoc,,
3600,205,filterLoc,,
3600,208,filterLoc,,
3600,211,filterLoc,,
3600,214,filterLoc,,
3600,217,filterLoc,,
3600,221,filterLoc,,
3600,224,filterLoc,,
3600,227,filterLoc,,
3600,230,filterLoc,,
3600,233,filterLoc,,
3600,236,filterLoc,,
3600,239,filterLoc,,
3600,242,filterLoc,,
3600,245,filterLoc,,
3600,248,filterLoc,,
3600,251,filterLoc,,
3600,254,filterLoc,,
3600,257,filterLoc,,
3600,260,filterLoc,,
3600,263,filterLoc,,
3600,266,filterLoc,,
3600,269,filterLoc,,
3600,272,filterLoc,,
3600,275,filterLoc,,
3600,278,filterLoc,,
3600,281,filterLoc,,
3600,284,filterLoc,,
3600,287,filterLoc,,
3600,290,filterLoc,,
3600,293,filterLoc,,
3600,296,filterLoc,,
3600,299,filterLoc,,
3600,302,filterLoc,,
3600,305,filterLoc,,
3600,308,filterLoc,,
3600,311,filterLoc,,
3600,314,filterLoc,,
3600,317,filterLoc,,
3600,320,filterLoc,,
3600,323,filterLoc,,
3600,326,filterLoc,,
3600,329,filterLoc,,
3600,332,filterLoc,,
3600,335,filterLoc,,
3600,338,filterLoc,,
3600,341,filterLoc,,
3600,344,filterLoc,,
3600,347,filterLoc,,
3600,350,filterLoc,,
3600,353,filterLoc,,
3600,356,filterLoc,,
3600,359,filterLoc,,
3600,362,filterLoc,,
3600,365,filterLoc,,
3600,368,filterLoc,,
3600,371,filterLoc,,
3600,374,filterLoc,,
3600,377,filterLoc,,
3600,380,filterLoc,,
3600,383,filterLoc,,
3600,386,filterLoc,,
3600,389,filterLoc,,
3600,392,filterLoc,,
3600,395,filterLoc,,
3600,398,filterLoc,,
3600,401,filterLoc,,
3600,404,filterLoc,,
3600,407,filterLoc,,
3600,410,filterLoc,,
3600,413,filterLoc,,
3600,416,filterLoc,,
3600,419,filterLoc,,
3600,422,filterLoc,,
3600,425,filterLoc,,
3600,428,filterLoc,,
3600,431,filterLoc,,
3600,434,filterLoc,,
3600,437,filterLoc,,
3600,440,filterLoc,,
3600,443,filterLoc,,
3600,446,filterLoc,,
3600,449,filterLoc,,;Evacuee;125;in triage category;G;is entering helicopter;1
3600,452,filterLoc,,;Evacuee;114;in triage category;G;is entering helicopter;1
3600,455,filterLoc,,
3600,458,filterLoc,,
3600,461,filterLoc,,
3600,464,filterLoc,,;Evacuee;122;in triage category;G;is entering helicopter;1
3600,467,filterLoc,,
3600,470,filterLoc,,
3600,473,filterLoc,,
3600,476,filterLoc,,
3600,479,filterLoc,,
3600,482,filterLoc,,
3600,485,filterLoc,,
3600,488,filterLoc,,
3600,491,filterLoc,,
3600,494,filterLoc,,
3600,497,filterLoc,,
3600,500,filterLoc,,
3600,503,filterLoc,,
3600,506,filterLoc,,
3600,509,filterLoc,,
3600,512,filterLoc,,
3600,515,filterLoc,,
3600,518,filterLoc,,
3600,521,filterLoc,,
3600,524,filterLoc,,
3600,527,filterLoc,,
3600,530,filterLoc,,
3600,533,filterLoc,,
3600,536,filterLoc,,
3600,539,filterLoc,,
3600,542,filterLoc,,
3600,545,filterLoc,,
3600,548,filterLoc,,
3600,551,filterLoc,,
3600,554,filterLoc,,
3600,557,filterLoc,,
3600,560,filterLoc,,
3600,563,filterLoc,,
3600,566,filterLoc,,
3600,569,filterLoc,,
3600,572,filterLoc,,
3600,575,filterLoc,,
3600,578,filterLoc,,
3600,581,filterLoc,,
3600,584,filterLoc,,
3600,587,filterLoc,,
3600,590,filterLoc,,
3600,593,filterLoc,,
3600,596,filterLoc,,
3600,599,filterLoc,,
3600,602,filterLoc,,
3600,605,filterLoc,,;Evacuee;136;in triage category;G;is entering helicopter;1
3600,608,filterLoc,,
3600,611,filterLoc,,
3600,614,filterLoc,,
3600,617,filterLoc,,
3600,620,filterLoc,,
3600,623,filterLoc,,
3600,626,filterLoc,,
3600,629,filterLoc,,
3600,632,filterLoc,,
3600,635,filterLoc,,
3600,638,filterLoc,,
3600,641,filterLoc,,
3600,644,filterLoc,,
3600,647,filterLoc,,
3600,650,filterLoc,,
3600,653,filterLoc,,
3600,656,filterLoc,,
3600,659,filterLoc,,
3600,662,filterLoc,,
3600,665,filterLoc,,
3600,668,filterLoc,,
3600,671,filterLoc,,
3600,674,filterLoc,,
3600,677,filterLoc,,
3600,680,filterLoc,,
3600,683,filterLoc,,
3600,686,filterLoc,,
3600,689,filterLoc,,
3600,692,filterLoc,,
3600,695,filterLoc,,
3600,698,filterLoc,,
3600,701,filterLoc,,
3600,704,filterLoc,,
3600,707,filterLoc,,
3600,710,filterLoc,,
3600,713,filterLoc,,
3600,716,filterLoc,,
3600,719,filterLoc,,
3600,722,filterLoc,,
3600,725,filterLoc,,
3600,728,filterLoc,,
3600,731,filterLoc,,
3600,734,filterLoc,,
3600,737,filterLoc,,
3600,740,filterLoc,,
3600,743,filterLoc,,
3600,746,filterLoc,,
3600,749,filterLoc,,
3600,752,filterLoc,,
3600,755,filterLoc,,
3600,758,filterLoc,,
3600,761,filterLoc,,
3600,764,filterLoc,,
3600,767,filterLoc,,
3600,770,filterLoc,,
3600,773,filterLoc,,
3600,776,filterLoc,,
3600,779,filterLoc,,
3600,782,filterLoc,,
3600,785,filterLoc,,
3600,788,filterLoc,,
3600,791,filterLoc,,
3600,794,filterLoc,,
3600,797,filterLoc,,
3600,800,filterLoc,,
3600,803,filterLoc,,
3600,806,filterLoc,,
3600,809,filterLoc,,
3600,812,filterLoc,,
3600,815,filterLoc,,
3600,818,filterLoc,,
3600,821,filterLoc,,
3600,824,filterLoc,,
3600,827,filterLoc,,
3600,830,filterLoc,,
3600,833,filterLoc,,
3600,836,filterLoc,,
3600,839,filterLoc,,
3600,842,filterLoc,,
3600,845,filterLoc,,
3600,848,filterLoc,,
3600,851,filterLoc,,
3600,854,filterLoc,,
3600,857,filterLoc,,
3600,860,filterLoc,,
3600,863,filterLoc,,
3600,866,filterLoc,,
3600,869,filterLoc,,
3600,872,filterLoc,,
3600,875,filterLoc,,
3600,878,filterLoc,,
3600,881,filterLoc,,
3600,884,filterLoc,,
3600,887,filterLoc,,
3600,890,filterLoc,,
3600,893,filterLoc,,
3600,896,filterLoc,,;Evacuee;119;in triage category;G;is entering helicopter;1
3600,899,filterLoc,,
3600,902,filterLoc,,
3600,905,filterLoc,,
3600,908,filterLoc,,
3600,911,filterLoc,,
3600,914,filterLoc,,
3600,917,filterLoc,,
3600,920,filterLoc,,
3600,923,filterLoc,,
3600,926,filterLoc,,
3600,929,filterLoc,,
3600,932,filterLoc,,
3600,935,filterLoc,,
3600,938,filterLoc,,
3600,941,filterLoc,,
3600,944,filterLoc,,
3600,947,filterLoc,,
3600,950,filterLoc,,
3600,953,filterLoc,,
3600,956,filterLoc,,
3600,959,filterLoc,,
3600,962,filterLoc,,
3600,965,filterLoc,,;Evacuee;116;in triage category;G;is entering helicopter;1
3600,968,filterLoc,,
3600,971,filterLoc,,
3600,974,filterLoc,,
3600,977,filterLoc,,
3600,980,filterLoc,,
3600,983,filterLoc,,
3600,986,filterLoc,,
3600,989,filterLoc,,
3600,992,filterLoc,,
3600,995,filterLoc,,
3600,998,filterLoc,,
3600,1001,filterLoc,,
3600,1004,filterLoc,,
3600,1007,filterLoc,,
3600,1010,filterLoc,,
3600,1013,filterLoc,,
3600,1016,filterLoc,,
3600,1019,filterLoc,,
3600,1022,filterLoc,,
3600,1025,filterLoc,,
3600,1028,filterLoc,,
3600,1031,filterLoc,,
3600,1034,filterLoc,,
3600,1037,filterLoc,,
3600,1040,filterLoc,,
3600,1043,filterLoc,,
3600,1046,filterLoc,,
3600,1049,filterLoc,,
3600,1052,filterLoc,,
3600,1055,filterLoc,,
3600,1058,filterLoc,,
3600,1061,filterLoc,,
3600,1064,filterLoc,,
3600,1067,filterLoc,,
3600,1070,filterLoc,,
3600,1073,filterLoc,,
3600,1076,filterLoc,,
3600,1079,filterLoc,,
3600,1082,filterLoc,,
3600,1085,filterLoc,,
3600,1088,filterLoc,,
3600,1091,filterLoc,,
3600,1094,filterLoc,,
3600,1097,filterLoc,,
3600,1100,filterLoc,,
3600,1103,filterLoc,,
3600,1106,filterLoc,,
3600,1109,filterLoc,,
3600,1112,filterLoc,,;Evacuee;120;in triage category;G;is entering helicopter;1
3600,1115,filterLoc,,
3600,1118,filterLoc,,
3600,1121,filterLoc,,
3600,1124,filterLoc,,
3600,1127,filterLoc,,
3600,1130,filterLoc,,
3600,1133,filterLoc,,
3600,1136,filterLoc,,
3600,1139,filterLoc,,
3600,1142,filterLoc,,
3600,1145,filterLoc,,
3600,1148,filterLoc,,
3600,1153,helicopter,,Helicopter;1;is loading people at the evacuation site;;and has;0;spots taken
3600,1155,filterLoc,,
3600,1158,filterLoc,,
3600,1161,filterLoc,,
3600,1164,filterLoc,,
3600,1167,filterLoc,,
3600,1170,filterLoc,,
3600,1173,filterLoc,,
3600,1176,filterLoc,,
3600,1179,filterLoc,,
3600,1182,filterLoc,,
3600,1185,filterLoc,,
3600,1188,filterLoc,,;Evacuee;138;in triage category;G;is entering helicopter;1
3600,1191,filterLoc,,
3600,1194,filterLoc,,;Evacuee;139;in triage category;G;is entering helicopter;1
3600,1197,filterLoc,,
3600,1200,filterLoc,,
3600,1203,filterLoc,,;Evacuee;130;in triage category;G;is entering helicopter;1
3600,1206,filterLoc,,
3600,1209,filterLoc,,
3600,1212,filterLoc,,
3600,1215,filterLoc,,
3600,1218,filterLoc,,
3600,1221,filterLoc,,
3600,1224,filterLoc,,
3600,1227,filterLoc,,
3600,1230,filterLoc,,
3600,1233,filterLoc,,
3600,1236,filterLoc,,
3600,1239,filterLoc,,
3600,1242,filterLoc,,
3600,1245,filterLoc,,
3600,1248,filterLoc,,
3600,1251,filterLoc,,
3600,1254,filterLoc,,
3600,1257,filterLoc,,
3600,1260,filterLoc,,
3600,1263,filterLoc,,
3600,1266,filterLoc,,
3600,1269,filterLoc,,
3600,1272,filterLoc,,
3600,1275,filterLoc,,
3600,1278,filterLoc,,
3600,1281,filterLoc,,
3600,1284,filterLoc,,
3600,1287,filterLoc,,
3600,1290,filterLoc,,
3600,1293,filterLoc,,
3600,1296,filterLoc,,
3600,1299,filterLoc,,
3600,1302,filterLoc,,
3600,1305,filterLoc,,
3600,1308,filterLoc,,
3600,1311,filterLoc,,
3600,1314,filterLoc,,
3600,1317,filterLoc,,
3600,1320,filterLoc,,
3600,1323,filterLoc,,
3600,1326,filterLoc,,
3600,1329,filterLoc,,
3600,1332,filterLoc,,
3600,1335,filterLoc,,
3600,1338,filterLoc,,
3600,1341,filterLoc,,
3600,1344,filterLoc,,
3600,1347,filterLoc,,
3600,1350,filterLoc,,
3600,1353,filterLoc,,
3600,1356,filterLoc,,
3600,1359,filterLoc,,
3600,1362,filterLoc,,
3600,1365,filterLoc,,
3600,1368,filterLoc,,
3600,1371,filterLoc,,
3600,1374,filterLoc,,
3600,1377,filterLoc,,
3600,1380,filterLoc,,
3600,1383,filterLoc,,
3600,1386,filterLoc,,
3600,1389,filterLoc,,
3600,1392,filterLoc,,
3600,1395,filterLoc,,
3600,1398,filterLoc,,
3600,1401,filterLoc,,
3600,1404,filterLoc,,
3600,1407,filterLoc,,
3600,1410,filterLoc,,
3600,1413,filterLoc,,
3600,1416,filterLoc,,
3600,1419,filterLoc,,
3600,1422,filterLoc,,
3600,1425,filterLoc,,
3600,1428,filterLoc,,
3600,1431,filterLoc,,
3600,1434,filterLoc,,
3600,1437,filterLoc,,
3600,1440,filterLoc,,
3600,1443,filterLoc,,
3600,1446,filterLoc,,
3600,1449,filterLoc,,
3600,1452,filterLoc,,
3600,1455,filterLoc,,
3600,1458,filterLoc,,
3600,1461,filterLoc,,
3600,1464,filterLoc,,
3600,1467,filterLoc,,
3600,1470,filterLoc,,
3600,1473,filterLoc,,
3600,1476,filterLoc,,
3600,1479,filterLoc,,
3600,1482,filterLoc,,
3600,1485,filterLoc,,
3600,1488,filterLoc,,
3600,1491,filterLoc,,
3600,1494,filterLoc,,
3600,1497,filterLoc,,
3600,1500,filterLoc,,
3600,1503,filterLoc,,
3600,1506,filterLoc,,
3600,1509,filterLoc,,
3600,449,filterLoc,out,Evacuee 125 in triage category G is assigned helicopter 1
3600,449,filterLoc,,
3600,450,evacuee,,Evacuee;125;in triage state;G;is entering helicopter;1
3600,452,filterLoc,out,Evacuee 114 in triage category G is assigned helicopter 1
3600,452,filterLoc,,
3600,453,evacuee,,Evacuee;114;in triage state;G;is entering helicopter;1
3600,464,filterLoc,out,Evacuee 122 in triage category G is assigned helicopter 1
3600,464,filterLoc,,
3600,465,evacuee,,Evacuee;122;in triage state;G;is entering helicopter;1
3600,605,filterLoc,out,Evacuee 136 in triage category G is assigned helicopter 1
3600,605,filterLoc,,
3600,606,evacuee,,Evacuee;136;in triage state;G;is entering helicopter;1
3600,896,filterLoc,out,Evacuee 119 in triage category G is assigned helicopter 1
3600,896,filterLoc,,
3600,897,evacuee,,Evacuee;119;in triage state;G;is entering helicopter;1
3600,965,filterLoc,out,Evacuee 116 in triage category G is assigned helicopter 1
3600,965,filterLoc,,
3600,966,evacuee,,Evacuee;116;in triage state;G;is entering helicopter;1
3600,1112,filterLoc,out,Evacuee 120 in triage category G is assigned helicopter 1
3600,1112,filterLoc,,
3600,1113,evacuee,,Evacuee;120;in triage state;G;is entering helicopter;1
3600,1188,filterLoc,out,Evacuee 138 in triage category G is assigned helicopter 1
3600,1188,filterLoc,,
3600,1189,evacuee,,Evacuee;138;in triage state;G;is entering helicopter;1
3600,1194,filterLoc,out,Evacuee 139 in triage category G is assigned helicopter 1
3600,1194,filterLoc,,
3600,1195,evacuee,,Evacuee;139;in triage state;G;is entering helicopter;1
3600,1203,filterLoc,out,Evacuee 130 in triage category G is assigned helicopter 1
3600,1203,filterLoc,,
3600,1204,evacuee,,Evacuee;130;in triage state;G;is entering helicopter;1
3600,450,evacuee,outHelo,Evacuee 125 in triage category G is assigned helicopter 1
3600,450,evacuee,,Evacuee;125;in triage state;G;is in helicopter;1
3600,453,evacuee,outHelo,Evacuee 114 in triage category G is assigned helicopter 1
3600,453,evacuee,,Evacuee;114;in triage state;G;is in helicopter;1
3600,465,evacuee,outHelo,Evacuee 122 in triage category G is assigned helicopter 1
3600,465,evacuee,,Evacuee;122;in triage state;G;is in helicopter;1
3600,606,evacuee,outHelo,Evacuee 136 in triage category G is assigned helicopter 1
3600,606,evacuee,,Evacuee;136;in triage state;G;is in helicopter;1
3600,897,evacuee,outHelo,Evacuee 119 in triage category G is assigned helicopter 1
3600,897,evacuee,,Evacuee;119;in triage state;G;is in helicopter;1
3600,966,evacuee,outHelo,Evacuee 116 in triage category G is assigned helicopter 1
3600,966,evacuee,,Evacuee;116;in triage state;G;is in helicopter;1
3600,1113,evacuee,outHelo,Evacuee 120 in triage category G is assigned helicopter 1
3600,1113,evacuee,,Evacuee;120;in triage state;G;is in helicopter;1
3600,1151,filterEvac,,;Evacuee;114;in triage category;G;is entering helicopter;1;Evacuee;116;in triage category;G;is entering helicopter;1;Evacuee;119;in triage category;G;is entering helicopter;1;Evacuee;120;in triage category;G;is entering helicopter;1;Evacuee;122;in triage category;G;is entering helicopter;1;Evacuee;125;in triage category;G;is entering helicopter;1;Evacuee;130;in triage category;G;is entering helicopter;1;Evacuee;136;in triage category;G;is entering helicopter;1;Evacuee;138;in triage category;G;is entering helicopter;1;Evacuee;139;in triage category;G;is entering helicopter;1
3600,1189,evacuee,outHelo,Evacuee 138 in triage category G is assigned helicopter 1
3600,1189,evacuee,,Evacuee;138;in triage state;G;is in helicopter;1
3600,1195,evacuee,outHelo,Evacuee 139 in triage category G is assigned helicopter 1
3600,1195,evacuee,,Evacuee;139;in triage state;G;is in helicopter;1
3600,1204,evacuee,outHelo,Evacuee 130 in triage category G is assigned helicopter 1
3600,1204,evacuee,,Evacuee;130;in triage state;G;is in helicopter;1
3600,1151,filterEvac,out,Evacuee 114 in triage category G is assigned helicopter 1
3600,1151,filterEvac,out,Evacuee 116 in triage category G is assigned helicopter 1
3600,1151,filterEvac,out,Evacuee 119 in triage category G is assigned helicopter 1
3600,1151,filterEvac,out,Evacuee 120 in triage category G is assigned helicopter 1
3600,1151,filterEvac,out,Evacuee 122 in triage category G is assigned helicopter 1
3600,1151,filterEvac,out,Evacuee 125 in triage category G is assigned helicopter 1
3600,1151,filterEvac,out,Evacuee 130 in triage category G is assigned helicopter 1
3600,1151,filterEvac,out,Evacuee 136 in triage category G is assigned helicopter 1
3600,1151,filterEvac,out,Evacuee 138 in triage category G is assigned helicopter 1
3600,1151,filterEvac,out,Evacuee 139 in triage category G is assigned helicopter 1
3600,1151,filterEvac,,
3600,1153,helicopter,,Helicopter;1;is loading people at the evacuation site;;and has;10;spots taken
3615,4,helipadManager,outHelo,Helicopter 1 is evacuating people1
3615,4,helipadManager,,;No helos are at ES
3615,1152,filterES,,Helicopter;1;is evacuating people
3615,4,helipadManager,outHQ,0
3615,4,helipadManager,,;No helos are at ES
3615,5,helicopterQueue,,;No helos are waiting to land
3615,1152,filterES,out,Helicopter 1 is evacuating people1
3615,1152,filterES,,
3615,1153,helicopter,,Helicopter;1;is loading people at the evacuation site;;and has;10;spots taken
3615,5,helicopterQueue,,;No helos are waiting to land
3615,1153,helicopter,,Helicopter;1;is returning to the FOL;;and has;10;spots taken
3626.19,3,evacueeManager,,OFF SHIP: White;0;Green;98;Yellow;24;Red;4;Black;324;ON SHIP: White;0;Green;0;Yellow;0;Red;0;Evacuees to Transfer;
3626.19,963,evacuee,outES,Evacuee 320 in triage category G is not assigned a helicopter
3626.19,963,evacuee,,Evacuee;320;in triage state;Y;is at the evacuation site
3626.2,3,evacueeManager,,OFF SHIP: White;0;Green;98;Yellow;23;Red;5;Black;324;ON SHIP: White;0;Green;0;Yellow;0;Red;0;Evacuees to Transfer;
3626.2,1333,evacuee,outES,Evacuee 189 in triage category Y is not assigned a helicopter
3626.2,1333,evacuee,,Evacuee;189;in triage state;R;is at the evacuation site
3630.46,3,evacueeManager,,OFF SHIP: White;0;Green;97;Yellow;24;Red;5;Black;324;ON SHIP: White;0;Green;0;Yellow;0;Red;0;Evacuees to Transfer;
3630.46,1110,evacuee,outES,Evacuee 266 in triage category G is not assigned a helicopter
3630.46,1110,evacuee,,Evacuee;266;in triage state;Y;is at the evacuation site
3634.36,3,evacueeManager,,OFF SHIP: White;0;Green;97;Yellow;23;Red;6;Black;324;ON SHIP: White;0;Green;0;Yellow;0;Red;0;Evacuees to Transfer;
3634.36,149,evacuee,outES,Evacuee 401 in triage category Y is not assigned a helicopter
3634.36,149,evacuee,,Evacuee;401;in triage state;R;is at the evacuation site
3651.6,3,evacueeManager,,OFF SHIP: White;0;Green;97;Yellow;22;Red;7;Black;324;ON SHIP: White;0;Green;0;Yellow;0;Red;0;Evacuees to Transfer;
3651.6,807,evacuee,outES,Evacuee 187 in triage category Y is not assigned a helicopter
3651.6,807,evacuee,,Evacuee;187;in triage state;R;is at the evacuation site
3657.91,3,evacueeManager,,OFF SHIP: White;0;Green;97;Yellow;21;Red;8;Black;324;ON SHIP: White;0;Green;0;Yellow;0;Red;0;Evacuees to Transfer;
3657.91,372,evacuee,outES,Evacuee 290 in triage category Y is not assigned a helicopter
3657.91,372,evacuee,,Evacuee;290;in triage state;R;is at the evacuation site
3674.27,3,evacueeManager,,OFF SHIP: White;0;Green;97;Yellow;20;Red;9;Black;324;ON SHIP: White;0;Green;0;Yellow;0;Red;0;Evacuees to Transfer;
3674.27,1110,evacuee,outES,Evacuee 266 in triage category Y is not assigned a helicopter
3674.27,1110,evacuee,,Evacuee;266;in triage state;R;is at the evacuation site
3678.95,3,evacueeManager,,OFF SHIP: White;0;Green;96;Yellow;21;Red;9;Black;324;ON SHIP: White;0;Green;0;Yellow;0;Red;0;Evacuees to Transfer;
3678.95,300,evacuee,outES,Evacuee 325 in triage category G is not assigned a helicopter
3678.95,300,evacuee,,Evacuee;325;in triage state;Y;is at the evacuation site
3685.92,3,evacueeManager,,OFF SHIP: White;0;Green;96;Yellow;21;Red;8;Black;325;ON SHIP: White;0;Green;0;Yellow;0;Red;0;Evacuees to Transfer;
3685.92,297,evacuee,outES,Evacuee 466 in triage category R is not assigned a helicopter
3685.92,297,evacuee,,Evacuee;466;in triage state;B;is at the evacuation site
3690,7,filterLoc,,
3690,10,filterLoc,,
3690,13,filterLoc,,
3690,16,filterLoc,,
3690,19,filterLoc,,
3690,22,filterLoc,,
3690,25,filterLoc,,
3690,28,filterLoc,,
3690,31,filterLoc,,
3690,34,filterLoc,,
3690,37,filterLoc,,
3690,40,filterLoc,,
3690,43,filterLoc,,
3690,46,filterLoc,,
3690,49,filterLoc,,
3690,52,filterLoc,,
3690,55,filterLoc,,
3690,58,filterLoc,,
3690,61,filterLoc,,
3690,64,filterLoc,,
3690,67,filterLoc,,
3690,70,filterLoc,,
3690,73,filterLoc,,
3690,76,filterLoc,,
3690,79,filterLoc,,
3690,82,filterLoc,,
3690,85,filterLoc,,
3690,88,filterLoc,,
3690,91,filterLoc,,
3690,94,filterLoc,,
3690,97,filterLoc,,
3690,100,filterLoc,,
3690,103,filterLoc,,
3690,106,filterLoc,,
3690,109,filterLoc,,
3690,112,filterLoc,,
3690,115,filterLoc,,
3690,118,filterLoc,,
3690,121,filterLoc,,
3690,124,filterLoc,,
3690,127,filterLoc,,
3690,130,filterLoc,,
3690,133,filterLoc,,
3690,136,filterLoc,,
3690,139,filterLoc,,
3690,142,filterLoc,,
3690,145,filterLoc,,
3690,148,filterLoc,,
3690,151,filterLoc,,
3690,154,filterLoc,,
3690,157,filterLoc,,
3690,160,filterLoc,,
3690,163,filterLoc,,
3690,166,filterLoc,,
3690,169,filterLoc,,
3690,172,filterLoc,,
3690,175,filterLoc,,
3690,178,filterLoc,,
3690,181,filterLoc,,
3690,184,filterLoc,,
3690,187,filterLoc,,
3690,190,filterLoc,,
3690,193,filterLoc,,
3690,196,filterLoc,,
3690,199,filterLoc,,
3690,202,filterLoc,,
3690,205,filterLoc,,
3690,208,filterLoc,,
3690,211,filterLoc,,
3690,214,filterLoc,,
3690,217,filterLoc,,
3690,221,filterLoc,,
3690,224,filterLoc,,
3690,227,filterLoc,,
3690,230,filterLoc,,
3690,233,filterLoc,,
3690,236,filterLoc,,
3690,239,filterLoc,,
3690,242,filterLoc,,
3690,245,filterLoc,,
3690,248,filterLoc,,
3690,251,filterLoc,,
3690,254,filterLoc,,
3690,257,filterLoc,,
3690,260,filterLoc,,
3690,263,filterLoc,,
3690,266,filterLoc,,
3690,269,filterLoc,,
3690,272,filterLoc,,
3690,275,filterLoc,,
3690,278,filterLoc,,
3690,281,filterLoc,,
3690,284,filterLoc,,
3690,287,filterLoc,,
3690,290,filterLoc,,
3690,293,filterLoc,,
3690,296,filterLoc,,
3690,299,filterLoc,,
3690,302,filterLoc,,
3690,305,filterLoc,,
3690,308,filterLoc,,
3690,311,filterLoc,,
3690,314,filterLoc,,
3690,317,filterLoc,,
3690,320,filterLoc,,
3690,323,filterLoc,,
3690,326,filterLoc,,
3690,329,filterLoc,,
3690,332,filterLoc,,
3690,335,filterLoc,,
3690,338,filterLoc,,
3690,341,filterLoc,,
3690,344,filterLoc,,
3690,347,filterLoc,,
3690,350,filterLoc,,
3690,353,filterLoc,,
3690,356,filterLoc,,
3690,359,filterLoc,,
3690,362,filterLoc,,
3690,365,filterLoc,,
3690,368,filterLoc,,
3690,371,filterLoc,,
3690,374,filterLoc,,
3690,377,filterLoc,,
3690,380,filterLoc,,
3690,383,filterLoc,,
3690,386,filterLoc,,
3690,389,filterLoc,,
3690,392,filterLoc,,
3690,395,filterLoc,,
3690,398,filterLoc,,
3690,401,filterLoc,,
3690,404,filterLoc,,
3690,407,filterLoc,,
3690,410,filterLoc,,
3690,413,filterLoc,,
3690,416,filterLoc,,
3690,419,filterLoc,,
3690,422,filterLoc,,
3690,425,filterLoc,,
3690,428,filterLoc,,
3690,431,filterLoc,,
3690,434,filterLoc,,
3690,437,filterLoc,,
3690,440,filterLoc,,
3690,443,filterLoc,,
3690,446,filterLoc,,
3690,449,filterLoc,,;Evacuee;125;in triage category;G;is leaving helicopter;1
3690,452,filterLoc,,;Evacuee;114;in triage category;G;is leaving helicopter;1
3690,455,filterLoc,,
3690,458,filterLoc,,
3690,461,filterLoc,,
3690,464,filterLoc,,;Evacuee;122;in triage category;G;is leaving helicopter;1
3690,467,filterLoc,,
3690,470,filterLoc,,
3690,473,filterLoc,,
3690,476,filterLoc,,
3690,479,filterLoc,,
3690,482,filterLoc,,
3690,485,filterLoc,,
3690,488,filterLoc,,
3690,491,filterLoc,,
3690,494,filterLoc,,
3690,497,filterLoc,,
3690,500,filterLoc,,
3690,503,filterLoc,,
3690,506,filterLoc,,
3690,509,filterLoc,,
3690,512,filterLoc,,
3690,515,filterLoc,,
3690,518,filterLoc,,
3690,521,filterLoc,,
3690,524,filterLoc,,
3690,527,filterLoc,,
3690,530,filterLoc,,
3690,533,filterLoc,,
3690,536,filterLoc,,
3690,539,filterLoc,,
3690,542,filterLoc,,
3690,545,filterLoc,,
3690,548,filterLoc,,
3690,551,filterLoc,,
3690,554,filterLoc,,
3690,557,filterLoc,,
3690,560,filterLoc,,
3690,563,filterLoc,,
3690,566,filterLoc,,
3690,569,filterLoc,,
3690,572,filterLoc,,
3690,575,filterLoc,,
3690,578,filterLoc,,
3690,581,filterLoc,,
3690,584,filterLoc,,
3690,587,filterLoc,,
3690,590,filterLoc,,
3690,593,filterLoc,,
3690,596,filterLoc,,
3690,599,filterLoc,,
3690,602,filterLoc,,
3690,605,filterLoc,,;Evacuee;136;in triage category;G;is leaving helicopter;1
3690,608,filterLoc,,
3690,611,filterLoc,,
3690,614,filterLoc,,
3690,617,filterLoc,,
3690,620,filterLoc,,
3690,623,filterLoc,,
3690,626,filterLoc,,
3690,629,filterLoc,,
3690,632,filterLoc,,
3690,635,filterLoc,,
3690,638,filterLoc,,
3690,641,filterLoc,,
3690,644,filterLoc,,
3690,647,filterLoc,,
3690,650,filterLoc,,
3690,653,filterLoc,,
3690,656,filterLoc,,
3690,659,filterLoc,,
3690,662,filterLoc,,
3690,665,filterLoc,,
3690,668,filterLoc,,
3690,671,filterLoc,,
3690,674,filterLoc,,
3690,677,filterLoc,,
3690,680,filterLoc,,
3690,683,filterLoc,,
3690,686,filterLoc,,
3690,689,filterLoc,,
3690,692,filterLoc,,
3690,695,filterLoc,,
3690,698,filterLoc,,
3690,701,filterLoc,,
3690,704,filterLoc,,
3690,707,filterLoc,,
3690,710,filterLoc,,
3690,713,filterLoc,,
3690,716,filterLoc,,
3690,719,filterLoc,,
3690,722,filterLoc,,
3690,725,filterLoc,,
3690,728,filterLoc,,
3690,731,filterLoc,,
3690,734,filterLoc,,
3690,737,filterLoc,,
3690,740,filterLoc,,
3690,743,filterLoc,,
3690,746,filterLoc,,
3690,749,filterLoc,,
3690,752,filterLoc,,
3690,755,filterLoc,,
3690,758,filterLoc,,
3690,761,filterLoc,,
3690,764,filterLoc,,
3690,767,filterLoc,,
3690,770,filterLoc,,
3690,773,filterLoc,,
3690,776,filterLoc,,
3690,779,filterLoc,,
3690,782,filterLoc,,
3690,785,filterLoc,,
3690,788,filterLoc,,
3690,791,filterLoc,,
3690,794,filterLoc,,
3690,797,filterLoc,,
3690,800,filterLoc,,
3690,803,filterLoc,,
3690,806,filterLoc,,
3690,809,filterLoc,,
3690,812,filterLoc,,
3690,815,filterLoc,,
3690,818,filterLoc,,
3690,821,filterLoc,,
3690,824,filterLoc,,
3690,827,filterLoc,,
3690,830,filterLoc,,
3690,833,filterLoc,,
3690,836,filterLoc,,
3690,839,filterLoc,,
3690,842,filterLoc,,
3690,845,filterLoc,,
3690,848,filterLoc,,
3690,851,filterLoc,,
3690,854,filterLoc,,
3690,857,filterLoc,,
3690,860,filterLoc,,
3690,863,filterLoc,,
3690,866,filterLoc,,
3690,869,filterLoc,,
3690,872,filterLoc,,
3690,875,filterLoc,,
3690,878,filterLoc,,
3690,881,filterLoc,,
3690,884,filterLoc,,
3690,887,filterLoc,,
3690,890,filterLoc,,
3690,893,filterLoc,,
3690,896,filterLoc,,;Evacuee;119;in triage category;G;is leaving helicopter;1
3690,899,filterLoc,,
3690,902,filterLoc,,
3690,905,filterLoc,,
3690,908,filterLoc,,
3690,911,filterLoc,,
3690,914,filterLoc,,
3690,917,filterLoc,,
3690,920,filterLoc,,
3690,923,filterLoc,,
3690,926,filterLoc,,
3690,929,filterLoc,,
3690,932,filterLoc,,
3690,935,filterLoc,,
3690,938,filterLoc,,
3690,941,filterLoc,,
3690,944,filterLoc,,
3690,947,filterLoc,,
3690,950,filterLoc,,
3690,953,filterLoc,,
3690,956,filterLoc,,
3690,959,filterLoc,,
3690,962,filterLoc,,
3690,965,filterLoc,,;Evacuee;116;in triage category;G;is leaving helicopter;1
3690,968,filterLoc,,
3690,971,filterLoc,,
3690,974,filterLoc,,
3690,977,filterLoc,,
3690,980,filterLoc,,
3690,983,filterLoc,,
3690,986,filterLoc,,
3690,989,filterLoc,,
3690,992,filterLoc,,
3690,995,filterLoc,,
3690,998,filterLoc,,
3690,1001,filterLoc,,
3690,1004,filterLoc,,
3690,1007,filterLoc,,
3690,1010,filterLoc,,
3690,1013,filterLoc,,
3690,1016,filterLoc,,
3690,1019,filterLoc,,
3690,1022,filterLoc,,
3690,1025,filterLoc,,
3690,1028,filterLoc,,
3690,1031,filterLoc,,
3690,1034,filterLoc,,
3690,1037,filterLoc,,
3690,1040,filterLoc,,
3690,1043,filterLoc,,
3690,1046,filterLoc,,
3690,1049,filterLoc,,
3690,1052,filterLoc,,
3690,1055,filterLoc,,
3690,1058,filterLoc,,
3690,1061,filterLoc,,
3690,1064,filterLoc,,
3690,1067,filterLoc,,
3690,1070,filterLoc,,
3690,1073,filterLoc,,
3690,1076,filterLoc,,
3690,1079,filterLoc,,
3690,1082,filterLoc,,
3690,1085,filterLoc,,
3690,1088,filterLoc,,
3690,1091,filterLoc,,
3690,1094,filterLoc,,
3690,1097,filterLoc,,
3690,1100,filterLoc,,
3690,1103,filterLoc,,
3690,1106,filterLoc,,
3690,1109,filterLoc,,
3690,1112,filterLoc,,;Evacuee;120;in triage category;G;is leaving helicopter;1
3690,1115,filterLoc,,
3690,1118,filterLoc,,
3690,1121,filterLoc,,
3690,1124,filterLoc,,
3690,1127,filterLoc,,
3690,1130,filterLoc,,
3690,1133,filterLoc,,
3690,1136,filterLoc,,
3690,1139,filterLoc,,
3690,1142,filterLoc,,
3690,1145,filterLoc,,
3690,1148,filterLoc,,
3690,1153,helicopter,outEvac,Evacuee 114 in triage category G is not assigned a helicopter
3690,1153,helicopter,outEvac,Evacuee 116 in triage category G is not assigned a helicopter
3690,1153,helicopter,outEvac,Evacuee 119 in triage category G is not assigned a helicopter
3690,1153,helicopter,outEvac,Evacuee 120 in triage category G is not assigned a helicopter
3690,1153,helicopter,outEvac,Evacuee 122 in triage category G is not assigned a helicopter
3690,1153,helicopter,outEvac,Evacuee 125 in triage category G is not assigned a helicopter
3690,1153,helicopter,outEvac,Evacuee 130 in triage category G is not assigned a helicopter
3690,1153,helicopter,outEvac,Evacuee 136 in triage category G is not assigned a helicopter
3690,1153,helicopter,outEvac,Evacuee 138 in triage category G is not assigned a helicopter
3690,1153,helicopter,outEvac,Evacuee 139 in triage category G is not assigned a helicopter
3690,1153,helicopter,,Helicopter;1;is unloading people at the FOL;;and has;0;spots taken
3690,1155,filterLoc,,
3690,1158,filterLoc,,
3690,1161,filterLoc,,
3690,1164,filterLoc,,
3690,1167,filterLoc,,
3690,1170,filterLoc,,
3690,1173,filterLoc,,
3690,1176,filterLoc,,
3690,1179,filterLoc,,
3690,1182,filterLoc,,
3690,1185,filterLoc,,
3690,1188,filterLoc,,;Evacuee;138;in triage category;G;is leaving helicopter;1
3690,1191,filterLoc,,
3690,1194,filterLoc,,;Evacuee;139;in triage category;G;is leaving helicopter;1
3690,1197,filterLoc,,
3690,1200,filterLoc,,
3690,1203,filterLoc,,;Evacuee;130;in triage category;G;is leaving helicopter;1
3690,1206,filterLoc,,
3690,1209,filterLoc,,
3690,1212,filterLoc,,
3690,1215,filterLoc,,
3690,1218,filterLoc,,
3690,1221,filterLoc,,
3690,1224,filterLoc,,
3690,1227,filterLoc,,
3690,1230,filterLoc,,
3690,1233,filterLoc,,
3690,1236,filterLoc,,
3690,1239,filterLoc,,
3690,1242,filterLoc,,
3690,1245,filterLoc,,
3690,1248,filterLoc,,
3690,1251,filterLoc,,
3690,1254,filterLoc,,
3690,1257,filterLoc,,
3690,1260,filterLoc,,
3690,1263,filterLoc,,
3690,1266,filterLoc,,
3690,1269,filterLoc,,
3690,1272,filterLoc,,
3690,1275,filterLoc,,
3690,1278,filterLoc,,
3690,1281,filterLoc,,
3690,1284,filterLoc,,
3690,1287,filterLoc,,
3690,1290,filterLoc,,
3690,1293,filterLoc,,
3690,1296,filterLoc,,
3690,1299,filterLoc,,
3690,1302,filterLoc,,
3690,1305,filterLoc,,
3690,1308,filterLoc,,
3690,1311,filterLoc,,
3690,1314,filterLoc,,
3690,1317,filterLoc,,
3690,1320,filterLoc,,
3690,1323,filterLoc,,
3690,1326,filterLoc,,
3690,1329,filterLoc,,
3690,1332,filterLoc,,
3690,1335,filterLoc,,
3690,1338,filterLoc,,
3690,1341,filterLoc,,
3690,1344,filterLoc,,
3690,1347,filterLoc,,
3690,1350,filterLoc,,
3690,1353,filterLoc,,
3690,1356,filterLoc,,
3690,1359,filterLoc,,
3690,1362,filterLoc,,
3690,1365,filterLoc,,
3690,1368,filterLoc,,
3690,1371,filterLoc,,
3690,1374,filterLoc,,
3690,1377,filterLoc,,
3690,1380,filterLoc,,
3690,1383,filterLoc,,
3690,1386,filterLoc,,
3690,1389,filterLoc,,
3690,1392,filterLoc,,
3690,1395,filterLoc,,
3690,1398,filterLoc,,
3690,1401,filterLoc,,
3690,1404,filterLoc,,
3690,1407,filterLoc,,
3690,1410,filterLoc,,
3690,1413,filterLoc,,
3690,1416,filterLoc,,
3690,1419,filterLoc,,
3690,1422,filterLoc,,
3690,1425,filterLoc,,
3690,1428,filterLoc,,
3690,1431,filterLoc,,
3690,1434,filterLoc,,
3690,1437,filterLoc,,
3690,1440,filterLoc,,
3690,1443,filterLoc,,
3690,1446,filterLoc,,
3690,1449,filterLoc,,
3690,1452,filterLoc,,
3690,1455,filterLoc,,
3690,1458,filterLoc,,
3690,1461,filterLoc,,
3690,1464,filterLoc,,
3690,1467,filterLoc,,
3690,1470,filterLoc,,
3690,1473,filterLoc,,
3690,1476,filterLoc,,
3690,1479,filterLoc,,
3690,1482,filterLoc,,
3690,1485,filterLoc,,
3690,1488,filterLoc,,
3690,1491,filterLoc,,
3690,1494,filterLoc,,
3690,1497,filterLoc,,
3690,1500,filterLoc,,
3690,1503,filterLoc,,
3690,1506,filterLoc,,
3690,1509,filterLoc,,
3690,449,filterLoc,out,Evacuee 125 in triage category G is not assigned a helicopter
3690,449,filterLoc,,
3690,450,evacuee,,Evacuee;125;in triage state;G;is entering the FOL
3690,452,filterLoc,out,Evacuee 114 in triage category G is not assigned a helicopter
3690,452,filterLoc,,
3690,453,evacuee,,Evacuee;114;in triage state;G;is entering the FOL
3690,464,filterLoc,out,Evacuee 122 in triage category G is not assigned a helicopter
3690,464,filterLoc,,
3690,465,evacuee,,Evacuee;122;in triage state;G;is entering the FOL
3690,605,filterLoc,out,Evacuee 136 in triage category G is not assigned a helicopter
3690,605,filterLoc,,
3690,606,evacuee,,Evacuee;136;in triage state;G;is entering the FOL
3690,896,filterLoc,out,Evacuee 119 in triage category G is not assigned a helicopter
3690,896,filterLoc,,
3690,897,evacuee,,Evacuee;119;in triage state;G;is entering the FOL
3690,965,filterLoc,out,Evacuee 116 in triage category G is not assigned a helicopter
3690,965,filterLoc,,
3690,966,evacuee,,Evacuee;116;in triage state;G;is entering the FOL
3690,1112,filterLoc,out,Evacuee 120 in triage category G is not assigned a helicopter
3690,1112,filterLoc,,
3690,1113,evacuee,,Evacuee;120;in triage state;G;is entering the FOL
3690,1188,filterLoc,out,Evacuee 138 in triage category G is not assigned a helicopter
3690,1188,filterLoc,,
3690,1189,evacuee,,Evacuee;138;in triage state;G;is entering the FOL
3690,1194,filterLoc,out,Evacuee 139 in triage category G is not assigned a helicopter
3690,1194,filterLoc,,
3690,1195,evacuee,,Evacuee;139;in triage state;G;is entering the FOL
3690,1203,filterLoc,out,Evacuee 130 in triage category G is not assigned a helicopter
3690,1203,filterLoc,,
3690,1204,evacuee,,Evacuee;130;in triage state;G;is entering the FOL
3690,219,FOL,,;EvacueeID;2;Triage Status;G;EvacueeID;6;Triage Status;G;EvacueeID;9;Triage Status;G;EvacueeID;12;Triage Status;G;EvacueeID;14;Triage Status;G;EvacueeID;16;Triage Status;G;EvacueeID;20;Triage Status;G;EvacueeID;22;Triage Status;G;EvacueeID;25;Triage Status;G;EvacueeID;27;Triage Status;G;EvacueeID;33;Triage Status;G;EvacueeID;35;Triage Status;G;EvacueeID;36;Triage Status;G;EvacueeID;40;Triage Status;G;EvacueeID;41;Triage Status;G;EvacueeID;44;Triage Status;G;EvacueeID;47;Triage Status;G;EvacueeID;52;Triage Status;G;EvacueeID;56;Triage Status;G;EvacueeID;59;Triage Status;G;EvacueeID;61;Triage Status;G;EvacueeID;63;Triage Status;G;EvacueeID;70;Triage Status;G;EvacueeID;71;Triage Status;G;EvacueeID;74;Triage Status;G;EvacueeID;76;Triage Status;G;EvacueeID;81;Triage Status;G;EvacueeID;83;Triage Status;G;EvacueeID;88;Triage Status;G;EvacueeID;90;Triage Status;G;EvacueeID;92;Triage Status;G;EvacueeID;93;Triage Status;G;EvacueeID;94;Triage Status;G;EvacueeID;96;Triage Status;G;EvacueeID;97;Triage Status;G;EvacueeID;102;Triage Status;G;EvacueeID;104;Triage Status;G;EvacueeID;106;Triage Status;G;EvacueeID;108;Triage Status;G;EvacueeID;109;Triage Status;G;EvacueeID;114;Triage Status;G;EvacueeID;116;Triage Status;G;EvacueeID;119;Triage Status;G;EvacueeID;120;Triage Status;G;EvacueeID;122;Triage Status;G;EvacueeID;125;Triage Status;G;EvacueeID;130;Triage Status;G;EvacueeID;136;Triage Status;G;EvacueeID;138;Triage Status;G;EvacueeID;139;Triage Status;G;Lives Saved;50
3690,450,evacuee,outFOL,Evacuee 125 in triage category G is not assigned a helicopter
3690,450,evacuee,,Evacuee;125;in triage state;G;is at the FOL
3690,453,evacuee,outFOL,Evacuee 114 in triage category G is not assigned a helicopter
3690,453,evacuee,,Evacuee;114;in triage state;G;is at the FOL
3690,465,evacuee,outFOL,Evacuee 122 in triage category G is not assigned a helicopter
3690,465,evacuee,,Evacuee;122;in triage state;G;is at the FOL
3690,606,evacuee,outFOL,Evacuee 136 in triage category G is not assigned a helicopter
3690,606,evacuee,,Evacuee;136;in triage state;G;is at the FOL
3690,897,evacuee,outFOL,Evacuee 119 in triage category G is not assigned a helicopter
3690,897,evacuee,,Evacuee;119;in triage state;G;is at the FOL
3690,966,evacuee,outFOL,Evacuee 116 in triage category G is not assigned a helicopter
3690,966,evacuee,,Evacuee;116;in triage state;G;is at the FOL
3690,1113,evacuee,outFOL,Evacuee 120 in triage category G is not assigned a helicopter
3690,1113,evacuee,,Evacuee;120;in triage state;G;is at the FOL
3690,1189,evacuee,outFOL,Evacuee 138 in triage category G is not assigned a helicopter
3690,1189,evacuee,,Evacuee;138;in triage state;G;is at the FOL
3690,1195,evacuee,outFOL,Evacuee 139 in triage category G is not assigned a helicopter
3690,1195,evacuee,,Evacuee;139;in triage state;G;is at the FOL
3690,1204,evacuee,outFOL,Evacuee 130 in triage category G is not assigned a helicopter
3690,1204,evacuee,,Evacuee;130;in triage state;G;is at the FOL
3690,219,FOL,,;EvacueeID;2;Triage Status;G;EvacueeID;6;Triage Status;G;EvacueeID;9;Triage Status;G;EvacueeID;12;Triage Status;G;EvacueeID;14;Triage Status;G;EvacueeID;16;Triage Status;G;EvacueeID;20;Triage Status;G;EvacueeID;22;Triage Status;G;EvacueeID;25;Triage Status;G;EvacueeID;27;Triage Status;G;EvacueeID;33;Triage Status;G;EvacueeID;35;Triage Status;G;EvacueeID;36;Triage Status;G;EvacueeID;40;Triage Status;G;EvacueeID;41;Triage Status;G;EvacueeID;44;Triage Status;G;EvacueeID;47;Triage Status;G;EvacueeID;52;Triage Status;G;EvacueeID;56;Triage Status;G;EvacueeID;59;Triage Status;G;EvacueeID;61;Triage Status;G;EvacueeID;63;Triage Status;G;EvacueeID;70;Triage Status;G;EvacueeID;71;Triage Status;G;EvacueeID;74;Triage Status;G;EvacueeID;76;Triage Status;G;EvacueeID;81;Triage Status;G;EvacueeID;83;Triage Status;G;EvacueeID;88;Triage Status;G;EvacueeID;90;Triage Status;G;EvacueeID;92;Triage Status;G;EvacueeID;93;Triage Status;G;EvacueeID;94;Triage Status;G;EvacueeID;96;Triage Status;G;EvacueeID;97;Triage Status;G;EvacueeID;102;Triage Status;G;EvacueeID;104;Triage Status;G;EvacueeID;106;Triage Status;G;EvacueeID;108;Triage Status;G;EvacueeID;109;Triage Status;G;EvacueeID;114;Triage Status;G;EvacueeID;116;Triage Status;G;EvacueeID;119;Triage Status;G;EvacueeID;120;Triage Status;G;EvacueeID;122;Triage Status;G;EvacueeID;125;Triage Status;G;EvacueeID;130;Triage Status;G;EvacueeID;136;Triage Status;G;EvacueeID;138;Triage Status;G;EvacueeID;139;Triage Status;G;Lives Saved;50
3692.64,3,evacueeManager,,OFF SHIP: White;0;Green;96;Yellow;21;Red;7;Black;326;ON SHIP: White;0;Green;0;Yellow;0;Red;0;Evacuees to Transfer;
3692.64,807,evacuee,outES,Evacuee 187 in triage category R is not assigned a helicopter
3692.64,807,evacuee,,Evacuee;187;in triage state;B;is at the evacuation site
3705,1153,helicopter,,Helicopter;1;Is going to the evacuation site;;and has;0;spots taken
3706.92,3,evacueeManager,,OFF SHIP: White;0;Green;96;Yellow;21;Red;6;Black;327;ON SHIP: White;0;Green;0;Yellow;0;Red;0;Evacuees to Transfer;
3706.92,1333,evacuee,outES,Evacuee 189 in triage category R is not assigned a helicopter
3706.92,1333,evacuee,,Evacuee;189;in triage state;B;is at the evacuation site
3709.29,3,evacueeManager,,OFF SHIP: White;0;Green;96;Yellow;20;Red;7;Black;327;ON SHIP: White;0;Green;0;Yellow;0;Red;0;Evacuees to Transfer;
3709.29,74,evacuee,outES,Evacuee 458 in triage category Y is not assigned a helicopter
3709.29,74,evacuee,,Evacuee;458;in triage state;R;is at the evacuation site
3713.08,3,evacueeManager,,OFF SHIP: White;0;Green;95;Yellow;21;Red;7;Black;327;ON SHIP: White;0;Green;0;Yellow;0;Red;0;Evacuees to Transfer;
3713.08,77,evacuee,outES,Evacuee 456 in triage category G is not assigned a helicopter
3713.08,77,evacuee,,Evacuee;456;in triage state;Y;is at the evacuation site
3719.03,3,evacueeManager,,OFF SHIP: White;0;Green;95;Yellow;21;Red;6;Black;328;ON SHIP: White;0;Green;0;Yellow;0;Red;0;Evacuees to Transfer;
3719.03,1330,evacuee,outES,Evacuee 217 in triage category R is not assigned a helicopter
3719.03,1330,evacuee,,Evacuee;217;in triage state;B;is at the evacuation site
3720.64,3,evacueeManager,,OFF SHIP: White;0;Green;95;Yellow;21;Red;5;Black;329;ON SHIP: White;0;Green;0;Yellow;0;Red;0;Evacuees to Transfer;
3720.64,149,evacuee,outES,Evacuee 401 in triage category R is not assigned a helicopter
3720.64,149,evacuee,,Evacuee;401;in triage state;B;is at the evacuation site
3722.3,3,evacueeManager,,OFF SHIP: White;0;Green;95;Yellow;21;Red;4;Black;330;ON SHIP: White;0;Green;0;Yellow;0;Red;0;Evacuees to Transfer;
3722.3,74,evacuee,outES,Evacuee 458 in triage category R is not assigned a helicopter
3722.3,74,evacuee,,Evacuee;458;in triage state;B;is at the evacuation site
3729.47,3,evacueeManager,,OFF SHIP: White;0;Green;95;Yellow;20;Red;5;Black;330;ON SHIP: White;0;Green;0;Yellow;0;Red;0;Evacuees to Transfer;
3729.47,666,evacuee,outES,Evacuee 156 in triage category Y is not assigned a helicopter
3729.47,666,evacuee,,Evacuee;156;in triage state;R;is at the evacuation site
3731.42,3,evacueeManager,,OFF SHIP: White;0;Green;95;Yellow;20;Red;4;Black;331;ON SHIP: White;0;Green;0;Yellow;0;Red;0;Evacuees to Transfer;
3731.42,666,evacuee,outES,Evacuee 156 in triage category R is not assigned a helicopter
3731.42,666,evacuee,,Evacuee;156;in triage state;B;is at the evacuation site
3731.7,3,evacueeManager,,OFF SHIP: White;0;Green;94;Yellow;21;Red;4;Black;331;ON SHIP: White;0;Green;0;Yellow;0;Red;0;Evacuees to Transfer;
3731.7,152,evacuee,outES,Evacuee 398 in triage category G is not assigned a helicopter
3731.7,152,evacuee,,Evacuee;398;in triage state;Y;is at the evacuation site
3744.98,3,evacueeManager,,OFF SHIP: White;0;Green;93;Yellow;22;Red;4;Black;331;ON SHIP: White;0;Green;0;Yellow;0;Red;0;Evacuees to Transfer;
3744.98,597,evacuee,outES,Evacuee 361 in triage category G is not assigned a helicopter
3744.98,597,evacuee,,Evacuee;361;in triage state;Y;is at the evacuation site
3748.42,3,evacueeManager,,OFF SHIP: White;0;Green;92;Yellow;23;Red;4;Black;331;ON SHIP: White;0;Green;0;Yellow;0;Red;0;Evacuees to Transfer;
3748.42,1261,evacuee,outES,Evacuee 242 in triage category G is not assigned a helicopter
3748.42,1261,evacuee,,Evacuee;242;in triage state;Y;is at the evacuation site
3754.89,3,evacueeManager,,OFF SHIP: White;0;Green;91;Yellow;24;Red;4;Black;331;ON SHIP: White;0;Green;0;Yellow;0;Red;0;Evacuees to Transfer;
3754.89,375,evacuee,outES,Evacuee 350 in triage category G is not assigned a helicopter
3754.89,375,evacuee,,Evacuee;350;in triage state;Y;is at the evacuation site
3755.26,3,evacueeManager,,OFF SHIP: White;0;Green;91;Yellow;24;Red;3;Black;332;ON SHIP: White;0;Green;0;Yellow;0;Red;0;Evacuees to Transfer;
3755.26,372,evacuee,outES,Evacuee 290 in triage category R is not assigned a helicopter
3755.26,372,evacuee,,Evacuee;290;in triage state;B;is at the evacuation site
3757.95,3,evacueeManager,,OFF SHIP: White;0;Green;91;Yellow;23;Red;4;Black;332;ON SHIP: White;0;Green;0;Yellow;0;Red;0;Evacuees to Transfer;
3757.95,963,evacuee,outES,Evacuee 320 in triage category Y is not assigned a helicopter
3757.95,963,evacuee,,Evacuee;320;in triage state;R;is at the evacuation site
3767.59,3,evacueeManager,,OFF SHIP: White;0;Green;91;Yellow;23;Red;3;Black;333;ON SHIP: White;0;Green;0;Yellow;0;Red;0;Evacuees to Transfer;
3767.59,1110,evacuee,outES,Evacuee 266 in triage category R is not assigned a helicopter
3767.59,1110,evacuee,,Evacuee;266;in triage state;B;is at the evacuation site
3769.51,3,evacueeManager,,OFF SHIP: White;0;Green;90;Yellow;24;Red;3;Black;333;ON SHIP: White;0;Green;0;Yellow;0;Red;0;Evacuees to Transfer;
3769.51,1408,evacuee,outES,Evacuee 211 in triage category G is not assigned a helicopter
3769.51,1408,evacuee,,Evacuee;211;in triage state;Y;is at the evacuation site
3776.73,3,evacueeManager,,OFF SHIP: White;0;Green;90;Yellow;24;Red;2;Black;334;ON SHIP: White;0;Green;0;Yellow;0;Red;0;Evacuees to Transfer;
3776.73,294,evacuee,outES,Evacuee 326 in triage category R is not assigned a helicopter
3776.73,294,evacuee,,Evacuee;326;in triage state;B;is at the evacuation site
3780,5,helicopterQueue,,1;Helos are waiting to land;HeloID;1
3780,1153,helicopter,outES,Helicopter 1 is evacuating people1
3780,1153,helicopter,,Helicopter;1;is waiting to land at the evacuation site;;and has;0;spots taken
3780,4,helipadManager,,;No helos are at ES
3780,5,helicopterQueue,outHM,Helicopter 1 is evacuating people1
3780,5,helicopterQueue,outHelo,Helicopter 1 is evacuating people1
3780,5,helicopterQueue,,;No helos are waiting to land
3780,1152,filterES,,Helicopter;1;is evacuating people
3780,3,evacueeManager,,OFF SHIP: White;0;Green;80;Yellow;24;Red;2;Black;334;ON SHIP: White;0;Green;0;Yellow;0;Red;0;Evacuees to Transfer;;EvacueeID;140;HeloID;1;OnShip;0;Triage Status;G;EvacueeID;143;HeloID;1;OnShip;0;Triage Status;G;EvacueeID;145;HeloID;1;OnShip;0;Triage Status;G;EvacueeID;146;HeloID;1;OnShip;0;Triage Status;G;EvacueeID;148;HeloID;1;OnShip;0;Triage Status;G;EvacueeID;150;HeloID;1;OnShip;0;Triage Status;G;EvacueeID;154;HeloID;1;OnShip;0;Triage Status;G;EvacueeID;155;HeloID;1;OnShip;0;Triage Status;G;EvacueeID;157;HeloID;1;OnShip;0;Triage Status;G;EvacueeID;160;HeloID;1;OnShip;0;Triage Status;G
3780,4,helipadManager,outEM,Helicopter 1 is evacuating people1
3780,4,helipadManager,,Helo;1;is at the ES
3780,1152,filterES,out,Helicopter 1 is evacuating people1
3780,1152,filterES,,
3780,1153,helicopter,,Helicopter;1;is waiting to land at the evacuation site;;and has;0;spots taken
3780,3,evacueeManager,outEvac,Evacuee 140 in triage category G is assigned helicopter 1
3780,3,evacueeManager,outEvac,Evacuee 143 in triage category G is assigned helicopter 1
3780,3,evacueeManager,outEvac,Evacuee 145 in triage category G is assigned helicopter 1
3780,3,evacueeManager,outEvac,Evacuee 146 in triage category G is assigned helicopter 1
3780,3,evacueeManager,outEvac,Evacuee 148 in triage category G is assigned helicopter 1
3780,3,evacueeManager,outEvac,Evacuee 150 in triage category G is assigned helicopter 1
3780,3,evacueeManager,outEvac,Evacuee 154 in triage category G is assigned helicopter 1
3780,3,evacueeManager,outEvac,Evacuee 155 in triage category G is assigned helicopter 1
3780,3,evacueeManager,outEvac,Evacuee 157 in triage category G is assigned helicopter 1
3780,3,evacueeManager,outEvac,Evacuee 160 in triage category G is assigned helicopter 1
3780,3,evacueeManager,,OFF SHIP: White;0;Green;80;Yellow;24;Red;2;Black;334;ON SHIP: White;0;Green;0;Yellow;0;Red;0;Evacuees to Transfer;
3780,7,filterLoc,,
3780,10,filterLoc,,
3780,13,filterLoc,,
3780,16,filterLoc,,
3780,19,filterLoc,,
3780,22,filterLoc,,
3780,25,filterLoc,,
3780,28,filterLoc,,
3780,31,filterLoc,,
3780,34,filterLoc,,
3780,37,filterLoc,,
3780,40,filterLoc,,
3780,43,filterLoc,,
3780,46,filterLoc,,
3780,49,filterLoc,,
3780,52,filterLoc,,
3780,55,filterLoc,,
3780,58,filterLoc,,
3780,61,filterLoc,,
3780,64,filterLoc,,
3780,67,filterLoc,,
3780,70,filterLoc,,
3780,73,filterLoc,,
3780,76,filterLoc,,
3780,79,filterLoc,,
3780,82,filterLoc,,
3780,85,filterLoc,,
3780,88,filterLoc,,
3780,91,filterLoc,,
3780,94,filterLoc,,
3780,97,filterLoc,,
3780,100,filterLoc,,
3780,103,filterLoc,,
3780,106,filterLoc,,
3780,109,filterLoc,,
3780,112,filterLoc,,
3780,115,filterLoc,,
3780,118,filterLoc,,
3780,121,filterLoc,,
3780,124,filterLoc,,
3780,127,filterLoc,,
3780,130,filterLoc,,
3780,133,filterLoc,,
3780,136,filterLoc,,
3780,139,filterLoc,,
3780,142,filterLoc,,
3780,145,filterLoc,,
3780,148,filterLoc,,
3780,151,filterLoc,,
3780,154,filterLoc,,
3780,157,filterLoc,,
3780,160,filterLoc,,
3780,163,filterLoc,,
3780,166,filterLoc,,
3780,169,filterLoc,,
3780,172,filterLoc,,
3780,175,filterLoc,,
3780,178,filterLoc,,
3780,181,filterLoc,,
3780,184,filterLoc,,
3780,187,filterLoc,,
3780,190,filterLoc,,
3780,193,filterLoc,,
3780,196,filterLoc,,
3780,199,filterLoc,,
3780,202,filterLoc,,
3780,205,filterLoc,,
3780,208,filterLoc,,
3780,211,filterLoc,,
3780,214,filterLoc,,
3780,217,filterLoc,,
3780,221,filterLoc,,
3780,224,filterLoc,,
3780,227,filterLoc,,
3780,230,filterLoc,,
3780,233,filterLoc,,
3780,236,filterLoc,,
3780,239,filterLoc,,
3780,242,filterLoc,,
3780,245,filterLoc,,
3780,248,filterLoc,,
3780,251,filterLoc,,
3780,254,filterLoc,,
3780,257,filterLoc,,
3780,260,filterLoc,,
3780,263,filterLoc,,
3780,266,filterLoc,,
3780,269,filterLoc,,
3780,272,filterLoc,,
3780,275,filterLoc,,
3780,278,filterLoc,,
3780,281,filterLoc,,
3780,284,filterLoc,,
3780,287,filterLoc,,
3780,290,filterLoc,,
3780,293,filterLoc,,
3780,296,filterLoc,,
3780,299,filterLoc,,
3780,302,filterLoc,,
3780,305,filterLoc,,
3780,308,filterLoc,,
3780,311,filterLoc,,
3780,314,filterLoc,,
3780,317,filterLoc,,
3780,320,filterLoc,,
3780,323,filterLoc,,
3780,326,filterLoc,,
3780,329,filterLoc,,
3780,332,filterLoc,,
3780,335,filterLoc,,
3780,338,filterLoc,,
3780,341,filterLoc,,
3780,344,filterLoc,,
3780,347,filterLoc,,
3780,350,filterLoc,,
3780,353,filterLoc,,
3780,356,filterLoc,,
3780,359,filterLoc,,
3780,362,filterLoc,,
3780,365,filterLoc,,
3780,368,filterLoc,,
3780,371,filterLoc,,
3780,374,filterLoc,,
3780,377,filterLoc,,
3780,380,filterLoc,,
3780,383,filterLoc,,
3780,386,filterLoc,,
3780,389,filterLoc,,
3780,392,filterLoc,,
3780,395,filterLoc,,
3780,398,filterLoc,,
3780,401,filterLoc,,
3780,404,filterLoc,,
3780,407,filterLoc,,
3780,410,filterLoc,,
3780,413,filterLoc,,
3780,416,filterLoc,,
3780,419,filterLoc,,
3780,422,filterLoc,,
3780,425,filterLoc,,
3780,428,filterLoc,,
3780,431,filterLoc,,
3780,434,filterLoc,,
3780,437,filterLoc,,
3780,440,filterLoc,,
3780,443,filterLoc,,
3780,446,filterLoc,,
3780,449,filterLoc,,
3780,452,filterLoc,,
3780,455,filterLoc,,
3780,458,filterLoc,,
3780,461,filterLoc,,
3780,464,filterLoc,,
3780,467,filterLoc,,
3780,470,filterLoc,,
3780,473,filterLoc,,
3780,476,filterLoc,,
3780,479,filterLoc,,
3780,482,filterLoc,,
3780,485,filterLoc,,
3780,488,filterLoc,,
3780,491,filterLoc,,
3780,494,filterLoc,,
3780,497,filterLoc,,
3780,500,filterLoc,,
3780,503,filterLoc,,
3780,506,filterLoc,,
3780,509,filterLoc,,
3780,512,filterLoc,,
3780,515,filterLoc,,
3780,518,filterLoc,,
3780,521,filterLoc,,
3780,524,filterLoc,,
3780,527,filterLoc,,
3780,530,filterLoc,,
3780,533,filterLoc,,
3780,536,filterLoc,,
3780,539,filterLoc,,
3780,542,filterLoc,,;Evacuee;148;in triage category;G;is entering helicopter;1
3780,545,filterLoc,,
3780,548,filterLoc,,
3780,551,filterLoc,,
3780,554,filterLoc,,
3780,557,filterLoc,,
3780,560,filterLoc,,
3780,563,filterLoc,,
3780,566,filterLoc,,
3780,569,filterLoc,,
3780,572,filterLoc,,
3780,575,filterLoc,,
3780,578,filterLoc,,
3780,581,filterLoc,,
3780,584,filterLoc,,
3780,587,filterLoc,,
3780,590,filterLoc,,
3780,593,filterLoc,,
3780,596,filterLoc,,
3780,599,filterLoc,,
3780,602,filterLoc,,
3780,605,filterLoc,,
3780,608,filterLoc,,
3780,611,filterLoc,,
3780,614,filterLoc,,
3780,617,filterLoc,,
3780,620,filterLoc,,
3780,623,filterLoc,,
3780,626,filterLoc,,
3780,629,filterLoc,,
3780,632,filterLoc,,
3780,635,filterLoc,,
3780,638,filterLoc,,
3780,641,filterLoc,,
3780,644,filterLoc,,
3780,647,filterLoc,,
3780,650,filterLoc,,
3780,653,filterLoc,,
3780,656,filterLoc,,
3780,659,filterLoc,,
3780,662,filterLoc,,
3780,665,filterLoc,,
3780,668,filterLoc,,
3780,671,filterLoc,,
3780,674,filterLoc,,
3780,677,filterLoc,,
3780,680,filterLoc,,
3780,683,filterLoc,,
3780,686,filterLoc,,
3780,689,filterLoc,,
3780,692,filterLoc,,
3780,695,filterLoc,,
3780,698,filterLoc,,
3780,701,filterLoc,,
3780,704,filterLoc,,
3780,707,filterLoc,,
3780,710,filterLoc,,
3780,713,filterLoc,,
3780,716,filterLoc,,
3780,719,filterLoc,,
3780,722,filterLoc,,
3780,725,filterLoc,,
3780,728,filterLoc,,
3780,731,filterLoc,,
3780,734,filterLoc,,
3780,737,filterLoc,,
3780,740,filterLoc,,
3780,743,filterLoc,,
3780,746,filterLoc,,
3780,749,filterLoc,,
3780,752,filterLoc,,
3780,755,filterLoc,,
3780,758,filterLoc,,
3780,761,filterLoc,,
3780,764,filterLoc,,
3780,767,filterLoc,,
3780,770,filterLoc,,
3780,773,filterLoc,,
3780,776,filterLoc,,
3780,779,filterLoc,,
3780,782,filterLoc,,
3780,785,filterLoc,,
3780,788,filterLoc,,
3780,791,filterLoc,,
3780,794,filterLoc,,
3780,797,filterLoc,,
3780,800,filterLoc,,
3780,803,filterLoc,,
3780,806,filterLoc,,
3780,809,filterLoc,,
3780,812,filterLoc,,
3780,815,filterLoc,,
3780,818,filterLoc,,
3780,821,filterLoc,,
3780,824,filterLoc,,
3780,827,filterLoc,,
3780,830,filterLoc,,
3780,833,filterLoc,,
3780,836,filterLoc,,
3780,839,filterLoc,,
3780,842,filterLoc,,
3780,845,filterLoc,,
3780,848,filterLoc,,
3780,851,filterLoc,,
3780,854,filterLoc,,
3780,857,filterLoc,,
3780,860,filterLoc,,
3780,863,filterLoc,,
3780,866,filterLoc,,
3780,869,filterLoc,,
3780,872,filterLoc,,
3780,875,filterLoc,,
3780,878,filterLoc,,
3780,881,filterLoc,,
3780,884,filterLoc,,
3780,887,filterLoc,,
3780,890,filterLoc,,
3780,893,filterLoc,,;Evacuee;150;in triage category;G;is entering helicopter;1
3780,896,filterLoc,,
3780,899,filterLoc,,
3780,902,filterLoc,,
3780,905,filterLoc,,;Evacuee;157;in triage category;G;is entering helicopter;1
3780,908,filterLoc,,
3780,911,filterLoc,,
3780,914,filterLoc,,
3780,917,filterLoc,,
3780,920,filterLoc,,
3780,923,filterLoc,,
3780,926,filterLoc,,
3780,929,filterLoc,,
3780,932,filterLoc,,
3780,935,filterLoc,,
3780,938,filterLoc,,
3780,941,filterLoc,,
3780,944,filterLoc,,
3780,947,filterLoc,,
3780,950,filterLoc,,
3780,953,filterLoc,,
3780,956,filterLoc,,
3780,959,filterLoc,,
3780,962,filterLoc,,
3780,965,filterLoc,,
3780,968,filterLoc,,
3780,971,filterLoc,,
3780,974,filterLoc,,
3780,977,filterLoc,,
3780,980,filterLoc,,;Evacuee;154;in triage category;G;is entering helicopter;1
3780,983,filterLoc,,
3780,986,filterLoc,,
3780,989,filterLoc,,
3780,992,filterLoc,,
3780,995,filterLoc,,
3780,998,filterLoc,,
3780,1001,filterLoc,,
3780,1004,filterLoc,,
3780,1007,filterLoc,,
3780,1010,filterLoc,,
3780,1013,filterLoc,,
3780,1016,filterLoc,,
3780,1019,filterLoc,,
3780,1022,filterLoc,,
3780,1025,filterLoc,,
3780,1028,filterLoc,,
3780,1031,filterLoc,,
3780,1034,filterLoc,,
3780,1037,filterLoc,,
3780,1040,filterLoc,,;Evacuee;160;in triage category;G;is entering helicopter;1
3780,1043,filterLoc,,
3780,1046,filterLoc,,
3780,1049,filterLoc,,;Evacuee;155;in triage category;G;is entering helicopter;1
3780,1052,filterLoc,,
3780,1055,filterLoc,,
3780,1058,filterLoc,,
3780,1061,filterLoc,,
3780,1064,filterLoc,,
3780,1067,filterLoc,,
3780,1070,filterLoc,,
3780,1073,filterLoc,,
3780,1076,filterLoc,,
3780,1079,filterLoc,,
3780,1082,filterLoc,,
3780,1085,filterLoc,,
3780,1088,filterLoc,,
3780,1091,filterLoc,,
3780,1094,filterLoc,,
3780,1097,filterLoc,,
3780,1100,filterLoc,,
3780,1103,filterLoc,,
3780,1106,filterLoc,,
3780,1109,filterLoc,,
3780,1112,filterLoc,,
3780,1115,filterLoc,,
3780,1118,filterLoc,,
3780,1121,filterLoc,,
3780,1124,filterLoc,,
3780,1127,filterLoc,,
3780,1130,filterLoc,,
3780,1133,filterLoc,,
3780,1136,filterLoc,,
3780,1139,filterLoc,,
3780,1142,filterLoc,,
3780,1145,filterLoc,,
3780,1148,filterLoc,,
3780,1153,helicopter,,Helicopter;1;is loading people at the evacuation site;;and has;0;spots taken
3780,1155,filterLoc,,
3780,1158,filterLoc,,
3780,1161,filterLoc,,
3780,1164,filterLoc,,
3780,1167,filterLoc,,
3780,1170,filterLoc,,
3780,1173,filterLoc,,
3780,1176,filterLoc,,
3780,1179,filterLoc,,
3780,1182,filterLoc,,
3780,1185,filterLoc,,
3780,1188,filterLoc,,
3780,1191,filterLoc,,
3780,1194,filterLoc,,
3780,1197,filterLoc,,
3780,1200,filterLoc,,;Evacuee;140;in triage category;G;is entering helicopter;1
3780,1203,filterLoc,,
3780,1206,filterLoc,,;Evacuee;143;in triage category;G;is entering helicopter;1
3780,1209,filterLoc,,
3780,1212,filterLoc,,
3780,1215,filterLoc,,
3780,1218,filterLoc,,
3780,1221,filterLoc,,
3780,1224,filterLoc,,
3780,1227,filterLoc,,
3780,1230,filterLoc,,
3780,1233,filterLoc,,
3780,1236,filterLoc,,
3780,1239,filterLoc,,
3780,1242,filterLoc,,
3780,1245,filterLoc,,
3780,1248,filterLoc,,
3780,1251,filterLoc,,
3780,1254,filterLoc,,
3780,1257,filterLoc,,
3780,1260,filterLoc,,
3780,1263,filterLoc,,
3780,1266,filterLoc,,
3780,1269,filterLoc,,;Evacuee;146;in triage category;G;is entering helicopter;1
3780,1272,filterLoc,,
3780,1275,filterLoc,,;Evacuee;145;in triage category;G;is entering helicopter;1
3780,1278,filterLoc,,
3780,1281,filterLoc,,
3780,1284,filterLoc,,
3780,1287,filterLoc,,
3780,1290,filterLoc,,
3780,1293,filterLoc,,
3780,1296,filterLoc,,
3780,1299,filterLoc,,
3780,1302,filterLoc,,
3780,1305,filterLoc,,
3780,1308,filterLoc,,
3780,1311,filterLoc,,
3780,1314,filterLoc,,
3780,1317,filterLoc,,
3780,1320,filterLoc,,
3780,1323,filterLoc,,
3780,1326,filterLoc,,
3780,1329,filterLoc,,
3780,1332,filterLoc,,
3780,1335,filterLoc,,
3780,1338,filterLoc,,
3780,1341,filterLoc,,
3780,1344,filterLoc,,
3780,1347,filterLoc,,
3780,1350,filterLoc,,
3780,1353,filterLoc,,
3780,1356,filterLoc,,
3780,1359,filterLoc,,
3780,1362,filterLoc,,
3780,1365,filterLoc,,
3780,1368,filterLoc,,
3780,1371,filterLoc,,
3780,1374,filterLoc,,
3780,1377,filterLoc,,
3780,1380,filterLoc,,
3780,1383,filterLoc,,
3780,1386,filterLoc,,
3780,1389,filterLoc,,
3780,1392,filterLoc,,
3780,1395,filterLoc,,
3780,1398,filterLoc,,
3780,1401,filterLoc,,
3780,1404,filterLoc,,
3780,1407,filterLoc,,
3780,1410,filterLoc,,
3780,1413,filterLoc,,
3780,1416,filterLoc,,
3780,1419,filterLoc,,
3780,1422,filterLoc,,
3780,1425,filterLoc,,
3780,1428,filterLoc,,
3780,1431,filterLoc,,
3780,1434,filterLoc,,
3780,1437,filterLoc,,
3780,1440,filterLoc,,
3780,1443,filterLoc,,
3780,1446,filterLoc,,
3780,1449,filterLoc,,
3780,1452,filterLoc,,
3780,1455,filterLoc,,
3780,1458,filterLoc,,
3780,1461,filterLoc,,
3780,1464,filterLoc,,
3780,1467,filterLoc,,
3780,1470,filterLoc,,
3780,1473,filterLoc,,
3780,1476,filterLoc,,
3780,1479,filterLoc,,
3780,1482,filterLoc,,
3780,1485,filterLoc,,
3780,1488,filterLoc,,
3780,1491,filterLoc,,
3780,1494,filterLoc,,
3780,1497,filterLoc,,
3780,1500,filterLoc,,
3780,1503,filterLoc,,
3780,1506,filterLoc,,
3780,1509,filterLoc,,
3780,542,filterLoc,out,Evacuee 148 in triage category G is assigned helicopter 1
3780,542,filterLoc,,
3780,543,evacuee,,Evacuee;148;in triage state;G;is entering helicopter;1
3780,893,filterLoc,out,Evacuee 150 in triage category G is assigned helicopter 1
3780,893,filterLoc,,
3780,894,evacuee,,Evacuee;150;in triage state;G;is entering helicopter;1
3780,905,filterLoc,out,Evacuee 157 in triage category G is assigned helicopter 1
3780,905,filterLoc,,
3780,906,evacuee,,Evacuee;157;in triage state;G;is entering helicopter;1
3780,980,filterLoc,out,Evacuee 154 in triage category G is assigned helicopter 1
3780,980,filterLoc,,
3780,981,evacuee,,Evacuee;154;in triage state;G;is entering helicopter;1
3780,1040,filterLoc,out,Evacuee 160 in triage category G is assigned helicopter 1
3780,1040,filterLoc,,
3780,1041,evacuee,,Evacuee;160;in triage state;G;is entering helicopter;1
3780,1049,filterLoc,out,Evacuee 155 in triage category G is assigned helicopter 1
3780,1049,filterLoc,,
3780,1050,evacuee,,Evacuee;155;in triage state;G;is entering helicopter;1
3780,1200,filterLoc,out,Evacuee 140 in triage category G is assigned helicopter 1
3780,1200,filterLoc,,
3780,1201,evacuee,,Evacuee;140;in triage state;G;is entering helicopter;1
3780,1206,filterLoc,out,Evacuee 143 in triage category G is assigned helicopter 1
3780,1206,filterLoc,,
3780,1207,evacuee,,Evacuee;143;in triage state;G;is entering helicopter;1
3780,1269,filterLoc,out,Evacuee 146 in triage category G is assigned helicopter 1
3780,1269,filterLoc,,
3780,1270,evacuee,,Evacuee;146;in triage state;G;is entering helicopter;1
3780,1275,filterLoc,out,Evacuee 145 in triage category G is assigned helicopter 1
3780,1275,filterLoc,,
3780,1276,evacuee,,Evacuee;145;in triage state;G;is entering helicopter;1
3780,543,evacuee,outHelo,Evacuee 148 in triage category G is assigned helicopter 1
3780,543,evacuee,,Evacuee;148;in triage state;G;is in helicopter;1
3780,894,evacuee,outHelo,Evacuee 150 in triage category G is assigned helicopter 1
3780,894,evacuee,,Evacuee;150;in triage state;G;is in helicopter;1
3780,906,evacuee,outHelo,Evacuee 157 in triage category G is assigned helicopter 1
3780,906,evacuee,,Evacuee;157;in triage state;G;is in helicopter;1
3780,981,evacuee,outHelo,Evacuee 154 in triage category G is assigned helicopter 1
3780,981,evacuee,,Evacuee;154;in triage state;G;is in helicopter;1
3780,1041,evacuee,outHelo,Evacuee 160 in triage category G is assigned helicopter 1
3780,1041,evacuee,,Evacuee;160;in triage state;G;is in helicopter;1
3780,1050,evacuee,outHelo,Evacuee 155 in triage category G is assigned helicopter 1
3780,1050,evacuee,,Evacuee;155;in triage state;G;is in helicopter;1
3780,1151,filterEvac,,;Evacuee;140;in triage category;G;is entering helicopter;1;Evacuee;143;in triage category;G;is entering helicopter;1;Evacuee;145;in triage category;G;is entering helicopter;1;Evacuee;146;in triage category;G;is entering helicopter;1;Evacuee;148;in triage category;G;is entering helicopter;1;Evacuee;150;in triage category;G;is entering helicopter;1;Evacuee;154;in triage category;G;is entering helicopter;1;Evacuee;155;in triage category;G;is entering helicopter;1;Evacuee;157;in triage category;G;is entering helicopter;1;Evacuee;160;in triage category;G;is entering helicopter;1
3780,1201,evacuee,outHelo,Evacuee 140 in triage category G is assigned helicopter 1
3780,1201,evacuee,,Evacuee;140;in triage state;G;is in helicopter;1
3780,1207,evacuee,outHelo,Evacuee 143 in triage category G is assigned helicopter 1
3780,1207,evacuee,,Evacuee;143;in triage state;G;is in helicopter;1
3780,1270,evacuee,outHelo,Evacuee 146 in triage category G is assigned helicopter 1
3780,1270,evacuee,,Evacuee;146;in triage state;G;is in helicopter;1
3780,1276,evacuee,outHelo,Evacuee 145 in triage category G is assigned helicopter 1
3780,1276,evacuee,,Evacuee;145;in triage state;G;is in helicopter;1
3780,1151,filterEvac,out,Evacuee 140 in triage category G is assigned helicopter 1
3780,1151,filterEvac,out,Evacuee 143 in triage category G is assigned helicopter 1
3780,1151,filterEvac,out,Evacuee 145 in triage category G is assigned helicopter 1
3780,1151,filterEvac,out,Evacuee 146 in triage category G is assigned helicopter 1
3780,1151,filterEvac,out,Evacuee 148 in triage category G is assigned helicopter 1
3780,1151,filterEvac,out,Evacuee 150 in triage category G is assigned helicopter 1
3780,1151,filterEvac,out,Evacuee 154 in triage category G is assigned helicopter 1
3780,1151,filterEvac,out,Evacuee 155 in triage category G is assigned helicopter 1
3780,1151,filterEvac,out,Evacuee 157 in triage category G is assigned helicopter 1
3780,1151,filterEvac,out,Evacuee 160 in triage category G is assigned helicopter 1
3780,1151,filterEvac,,
3780,1153,helicopter,,Helicopter;1;is loading people at the evacuation site;;and has;10;spots taken
3795,4,helipadManager,outHelo,Helicopter 1 is evacuating people1
3795,4,helipadManager,,;No helos are at ES
3795,1152,filterES,,Helicopter;1;is evacuating people
3795,4,helipadManager,outHQ,0
3795,4,helipadManager,,;No helos are at ES
3795,5,helicopterQueue,,;No helos are waiting to land
3795,1152,filterES,out,Helicopter 1 is evacuating people1
3795,1152,filterES,,
3795,1153,helicopter,,Helicopter;1;is loading people at the evacuation site;;and has;10;spots taken
3795,5,helicopterQueue,,;No helos are waiting to land
3795,1153,helicopter,,Helicopter;1;is returning to the FOL;;and has;10;spots taken
3796.75,3,evacueeManager,,OFF SHIP: White;0;Green;80;Yellow;24;Red;1;Black;335;ON SHIP: White;0;Green;0;Yellow;0;Red;0;Evacuees to Transfer;
3796.75,810,evacuee,outES,Evacuee 85 in triage category R is not assigned a helicopter
3796.75,810,evacuee,,Evacuee;85;in triage state;B;is at the evacuation site
3800.49,3,evacueeManager,,OFF SHIP: White;0;Green;80;Yellow;24;Red;0;Black;336;ON SHIP: White;0;Green;0;Yellow;0;Red;0;Evacuees to Transfer;
3800.49,963,evacuee,outES,Evacuee 320 in triage category R is not assigned a helicopter
3800.49,963,evacuee,,Evacuee;320;in triage state;B;is at the evacuation site
3815.61,3,evacueeManager,,OFF SHIP: White;0;Green;80;Yellow;23;Red;1;Black;336;ON SHIP: White;0;Green;0;Yellow;0;Red;0;Evacuees to Transfer;
3815.61,1261,evacuee,outES,Evacuee 242 in triage category Y is not assigned a helicopter
3815.61,1261,evacuee,,Evacuee;242;in triage state;R;is at the evacuation site
3843.61,3,evacueeManager,,OFF SHIP: White;0;Green;80;Yellow;22;Red;2;Black;336;ON SHIP: White;0;Green;0;Yellow;0;Red;0;Evacuees to Transfer;
3843.61,1104,evacuee,outES,Evacuee 182 in triage category Y is not assigned a helicopter
3843.61,1104,evacuee,,Evacuee;182;in triage state;R;is at the evacuation site
3851.7,3,evacueeManager,,OFF SHIP: White;0;Green;80;Yellow;22;Red;1;Black;337;ON SHIP: White;0;Green;0;Yellow;0;Red;0;Evacuees to Transfer;
3851.7,1261,evacuee,outES,Evacuee 242 in triage category R is not assigned a helicopter
3851.7,1261,evacuee,,Evacuee;242;in triage state;B;is at the evacuation site
3858.51,3,evacueeManager,,OFF SHIP: White;0;Green;80;Yellow;22;Red;0;Black;338;ON SHIP: White;0;Green;0;Yellow;0;Red;0;Evacuees to Transfer;
3858.51,1104,evacuee,outES,Evacuee 182 in triage category R is not assigned a helicopter
3858.51,1104,evacuee,,Evacuee;182;in triage state;B;is at the evacuation site
3870,7,filterLoc,,
3870,10,filterLoc,,
3870,13,filterLoc,,
3870,16,filterLoc,,
3870,19,filterLoc,,
3870,22,filterLoc,,
3870,25,filterLoc,,
3870,28,filterLoc,,
3870,31,filterLoc,,
3870,34,filterLoc,,
3870,37,filterLoc,,
3870,40,filterLoc,,
3870,43,filterLoc,,
3870,46,filterLoc,,
3870,49,filterLoc,,
3870,52,filterLoc,,
3870,55,filterLoc,,
3870,58,filterLoc,,
3870,61,filterLoc,,
3870,64,filterLoc,,
3870,67,filterLoc,,
3870,70,filterLoc,,
3870,73,filterLoc,,
3870,76,filterLoc,,
3870,79,filterLoc,,
3870,82,filterLoc,,
3870,85,filterLoc,,
3870,88,filterLoc,,
3870,91,filterLoc,,
3870,94,filterLoc,,
3870,97,filterLoc,,
3870,100,filterLoc,,
3870,103,filterLoc,,
3870,106,filterLoc,,
3870,109,filterLoc,,
3870,112,filterLoc,,
3870,115,filterLoc,,
3870,118,filterLoc,,
3870,121,filterLoc,,
3870,124,filterLoc,,
3870,127,filterLoc,,
3870,130,filterLoc,,
3870,133,filterLoc,,
3870,136,filterLoc,,
3870,139,filterLoc,,
3870,142,filterLoc,,
3870,145,filterLoc,,
3870,148,filterLoc,,
3870,151,filterLoc,,
3870,154,filterLoc,,
3870,157,filterLoc,,
3870,160,filterLoc,,
3870,163,filterLoc,,
3870,166,filterLoc,,
3870,169,filterLoc,,
3870,172,filterLoc,,
3870,175,filterLoc,,
3870,178,filterLoc,,
3870,181,filterLoc,,
3870,184,filterLoc,,
3870,187,filterLoc,,
3870,190,filterLoc,,
3870,193,filterLoc,,
3870,196,filterLoc,,
3870,199,filterLoc,,
3870,202,filterLoc,,
3870,205,filterLoc,,
3870,208,filterLoc,,
3870,211,filterLoc,,
3870,214,filterLoc,,
3870,217,filterLoc,,
3870,221,filterLoc,,
3870,224,filterLoc,,
3870,227,filterLoc,,
3870,230,filterLoc,,
3870,233,filterLoc,,
3870,236,filterLoc,,
3870,239,filterLoc,,
3870,242,filterLoc,,
3870,245,filterLoc,,
3870,248,filterLoc,,
3870,251,filterLoc,,
3870,254,filterLoc,,
3870,257,filterLoc,,
3870,260,filterLoc,,
3870,263,filterLoc,,
3870,266,filterLoc,,
3870,269,filterLoc,,
3870,272,filterLoc,,
3870,275,filterLoc,,
3870,278,filterLoc,,
3870,281,filterLoc,,
3870,284,filterLoc,,
3870,287,filterLoc,,
3870,290,filterLoc,,
3870,293,filterLoc,,
3870,296,filterLoc,,
3870,299,filterLoc,,
3870,302,filterLoc,,
3870,305,filterLoc,,
3870,308,filterLoc,,
3870,311,filterLoc,,
3870,314,filterLoc,,
3870,317,filterLoc,,
3870,320,filterLoc,,
3870,323,filterLoc,,
3870,326,filterLoc,,
3870,329,filterLoc,,
3870,332,filterLoc,,
3870,335,filterLoc,,
3870,338,filterLoc,,
3870,341,filterLoc,,
3870,344,filterLoc,,
3870,347,filterLoc,,
3870,350,filterLoc,,
3870,353,filterLoc,,
3870,356,filterLoc,,
3870,359,filterLoc,,
3870,362,filterLoc,,
3870,365,filterLoc,,
3870,368,filterLoc,,
3870,371,filterLoc,,
3870,374,filterLoc,,
3870,377,filterLoc,,
3870,380,filterLoc,,
3870,383,filterLoc,,
3870,386,filterLoc,,
3870,389,filterLoc,,
3870,392,filterLoc,,
3870,395,filterLoc,,
3870,398,filterLoc,,
3870,401,filterLoc,,
3870,404,filterLoc,,
3870,407,filterLoc,,
3870,410,filterLoc,,
3870,413,filterLoc,,
3870,416,filterLoc,,
3870,419,filterLoc,,
3870,422,filterLoc,,
3870,425,filterLoc,,
3870,428,filterLoc,,
3870,431,filterLoc,,
3870,434,filterLoc,,
3870,437,filterLoc,,
3870,440,filterLoc,,
3870,443,filterLoc,,
3870,446,filterLoc,,
3870,449,filterLoc,,
3870,452,filterLoc,,
3870,455,filterLoc,,
3870,458,filterLoc,,
3870,461,filterLoc,,
3870,464,filterLoc,,
3870,467,filterLoc,,
3870,470,filterLoc,,
3870,473,filterLoc,,
3870,476,filterLoc,,
3870,479,filterLoc,,
3870,482,filterLoc,,
3870,485,filterLoc,,
3870,488,filterLoc,,
3870,491,filterLoc,,
3870,494,filterLoc,,
3870,497,filterLoc,,
3870,500,filterLoc,,
3870,503,filterLoc,,
3870,506,filterLoc,,
3870,509,filterLoc,,
3870,512,filterLoc,,
3870,515,filterLoc,,
3870,518,filterLoc,,
3870,521,filterLoc,,
3870,524,filterLoc,,
3870,527,filterLoc,,
3870,530,filterLoc,,
3870,533,filterLoc,,
3870,536,filterLoc,,
3870,539,filterLoc,,
3870,542,filterLoc,,;Evacuee;148;in triage category;G;is leaving helicopter;1
3870,545,filterLoc,,
3870,548,filterLoc,,
3870,551,filterLoc,,
3870,554,filterLoc,,
3870,557,filterLoc,,
3870,560,filterLoc,,
3870,563,filterLoc,,
3870,566,filterLoc,,
3870,569,filterLoc,,
3870,572,filterLoc,,
3870,575,filterLoc,,
3870,578,filterLoc,,
3870,581,filterLoc,,
3870,584,filterLoc,,
3870,587,filterLoc,,
3870,590,filterLoc,,
3870,593,filterLoc,,
3870,596,filterLoc,,
3870,599,filterLoc,,
3870,602,filterLoc,,
3870,605,filterLoc,,
3870,608,filterLoc,,
3870,611,filterLoc,,
3870,614,filterLoc,,
3870,617,filterLoc,,
3870,620,filterLoc,,
3870,623,filterLoc,,
3870,626,filterLoc,,
3870,629,filterLoc,,
3870,632,filterLoc,,
3870,635,filterLoc,,
3870,638,filterLoc,,
3870,641,filterLoc,,
3870,644,filterLoc,,
3870,647,filterLoc,,
3870,650,filterLoc,,
3870,653,filterLoc,,
3870,656,filterLoc,,
3870,659,filterLoc,,
3870,662,filterLoc,,
3870,665,filterLoc,,
3870,668,filterLoc,,
3870,671,filterLoc,,
3870,674,filterLoc,,
3870,677,filterLoc,,
3870,680,filterLoc,,
3870,683,filterLoc,,
3870,686,filterLoc,,
3870,689,filterLoc,,
3870,692,filterLoc,,
3870,695,filterLoc,,
3870,698,filterLoc,,
3870,701,filterLoc,,
3870,704,filterLoc,,
3870,707,filterLoc,,
3870,710,filterLoc,,
3870,713,filterLoc,,
3870,716,filterLoc,,
3870,719,filterLoc,,
3870,722,filterLoc,,
3870,725,filterLoc,,
3870,728,filterLoc,,
3870,731,filterLoc,,
3870,734,filterLoc,,
3870,737,filterLoc,,
3870,740,filterLoc,,
3870,743,filterLoc,,
3870,746,filterLoc,,
3870,749,filterLoc,,
3870,752,filterLoc,,
3870,755,filterLoc,,
3870,758,filterLoc,,
3870,761,filterLoc,,
3870,764,filterLoc,,
3870,767,filterLoc,,
3870,770,filterLoc,,
3870,773,filterLoc,,
3870,776,filterLoc,,
3870,779,filterLoc,,
3870,782,filterLoc,,
3870,785,filterLoc,,
3870,788,filterLoc,,
3870,791,filterLoc,,
3870,794,filterLoc,,
3870,797,filterLoc,,
3870,800,filterLoc,,
3870,803,filterLoc,,
3870,806,filterLoc,,
3870,809,filterLoc,,
3870,812,filterLoc,,
3870,815,filterLoc,,
3870,818,filterLoc,,
3870,821,filterLoc,,
3870,824,filterLoc,,
3870,827,filterLoc,,
3870,830,filterLoc,,
3870,833,filterLoc,,
3870,836,filterLoc,,
3870,839,filterLoc,,
3870,842,filterLoc,,
3870,845,filterLoc,,
3870,848,filterLoc,,
3870,851,filterLoc,,
3870,854,filterLoc,,
3870,857,filterLoc,,
3870,860,filterLoc,,
3870,863,filterLoc,,
3870,866,filterLoc,,
3870,869,filterLoc,,
3870,872,filterLoc,,
3870,875,filterLoc,,
3870,878,filterLoc,,
3870,881,filterLoc,,
3870,884,filterLoc,,
3870,887,filterLoc,,
3870,890,filterLoc,,
3870,893,filterLoc,,;Evacuee;150;in triage category;G;is leaving helicopter;1
3870,896,filterLoc,,
3870,899,filterLoc,,
3870,902,filterLoc,,
3870,905,filterLoc,,;Evacuee;157;in triage category;G;is leaving helicopter;1
3870,908,filterLoc,,
3870,911,filterLoc,,
3870,914,filterLoc,,
3870,917,filterLoc,,
3870,920,filterLoc,,
3870,923,filterLoc,,
3870,926,filterLoc,,
3870,929,filterLoc,,
3870,932,filterLoc,,
3870,935,filterLoc,,
3870,938,filterLoc,,
3870,941,filterLoc,,
3870,944,filterLoc,,
3870,947,filterLoc,,
3870,950,filterLoc,,
3870,953,filterLoc,,
3870,956,filterLoc,,
3870,959,filterLoc,,
3870,962,filterLoc,,
3870,965,filterLoc,,
3870,968,filterLoc,,
3870,971,filterLoc,,
3870,974,filterLoc,,
3870,977,filterLoc,,
3870,980,filterLoc,,;Evacuee;154;in triage category;G;is leaving helicopter;1
3870,983,filterLoc,,
3870,986,filterLoc,,
3870,989,filterLoc,,
3870,992,filterLoc,,
3870,995,filterLoc,,
3870,998,filterLoc,,
3870,1001,filterLoc,,
3870,1004,filterLoc,,
3870,1007,filterLoc,,
3870,1010,filterLoc,,
3870,1013,filterLoc,,
3870,1016,filterLoc,,
3870,1019,filterLoc,,
3870,1022,filterLoc,,
3870,1025,filterLoc,,
3870,1028,filterLoc,,
3870,1031,filterLoc,,
3870,1034,filterLoc,,
3870,1037,filterLoc,,
3870,1040,filterLoc,,;Evacuee;160;in triage category;G;is leaving helicopter;1
3870,1043,filterLoc,,
3870,1046,filterLoc,,
3870,1049,filterLoc,,;Evacuee;155;in triage category;G;is leaving helicopter;1
3870,1052,filterLoc,,
3870,1055,filterLoc,,
3870,1058,filterLoc,,
3870,1061,filterLoc,,
3870,1064,filterLoc,,
3870,1067,filterLoc,,
3870,1070,filterLoc,,
3870,1073,filterLoc,,
3870,1076,filterLoc,,
3870,1079,filterLoc,,
3870,1082,filterLoc,,
3870,1085,filterLoc,,
3870,1088,filterLoc,,
3870,1091,filterLoc,,
3870,1094,filterLoc,,
3870,1097,filterLoc,,
3870,1100,filterLoc,,
3870,1103,filterLoc,,
3870,1106,filterLoc,,
3870,1109,filterLoc,,
3870,1112,filterLoc,,
3870,1115,filterLoc,,
3870,1118,filterLoc,,
3870,1121,filterLoc,,
3870,1124,filterLoc,,
3870,1127,filterLoc,,
3870,1130,filterLoc,,
3870,1133,filterLoc,,
3870,1136,filterLoc,,
3870,1139,filterLoc,,
3870,1142,filterLoc,,
3870,1145,filterLoc,,
3870,1148,filterLoc,,
3870,1153,helicopter,outEvac,Evacuee 140 in triage category G is not assigned a helicopter
3870,1153,helicopter,outEvac,Evacuee 143 in triage category G is not assigned a helicopter
3870,1153,helicopter,outEvac,Evacuee 145 in triage category G is not assigned a helicopter
3870,1153,helicopter,outEvac,Evacuee 146 in triage category G is not assigned a helicopter
3870,1153,helicopter,outEvac,Evacuee 148 in triage category G is not assigned a helicopter
3870,1153,helicopter,outEvac,Evacuee 150 in triage category G is not assigned a helicopter
3870,1153,helicopter,outEvac,Evacuee 154 in triage category G is not assigned a helicopter
3870,1153,helicopter,outEvac,Evacuee 155 in triage category G is not assigned a helicopter
3870,1153,helicopter,outEvac,Evacuee 157 in triage category G is not assigned a helicopter
3870,1153,helicopter,outEvac,Evacuee 160 in triage category G is not assigned a helicopter
3870,1153,helicopter,,Helicopter;1;is unloading people at the FOL;;and has;0;spots taken
3870,1155,filterLoc,,
3870,1158,filterLoc,,
3870,1161,filterLoc,,
3870,1164,filterLoc,,
3870,1167,filterLoc,,
3870,1170,filterLoc,,
3870,1173,filterLoc,,
3870,1176,filterLoc,,
3870,1179,filterLoc,,
3870,1182,filterLoc,,
3870,1185,filterLoc,,
3870,1188,filterLoc,,
3870,1191,filterLoc,,
3870,1194,filterLoc,,
3870,1197,filterLoc,,
3870,1200,filterLoc,,;Evacuee;140;in triage category;G;is leaving helicopter;1
3870,1203,filterLoc,,
3870,1206,filterLoc,,;Evacuee;143;in triage category;G;is leaving helicopter;1
3870,1209,filterLoc,,
3870,1212,filterLoc,,
3870,1215,filterLoc,,
3870,1218,filterLoc,,
3870,1221,filterLoc,,
3870,1224,filterLoc,,
3870,1227,filterLoc,,
3870,1230,filterLoc,,
3870,1233,filterLoc,,
3870,1236,filterLoc,,
3870,1239,filterLoc,,
3870,1242,filterLoc,,
3870,1245,filterLoc,,
3870,1248,filterLoc,,
3870,1251,filterLoc,,
3870,1254,filterLoc,,
3870,1257,filterLoc,,
3870,1260,filterLoc,,
3870,1263,filterLoc,,
3870,1266,filterLoc,,
3870,1269,filterLoc,,;Evacuee;146;in triage category;G;is leaving helicopter;1
3870,1272,filterLoc,,
3870,1275,filterLoc,,;Evacuee;145;in triage category;G;is leaving helicopter;1
3870,1278,filterLoc,,
3870,1281,filterLoc,,
3870,1284,filterLoc,,
3870,1287,filterLoc,,
3870,1290,filterLoc,,
3870,1293,filterLoc,,
3870,1296,filterLoc,,
3870,1299,filterLoc,,
3870,1302,filterLoc,,
3870,1305,filterLoc,,
3870,1308,filterLoc,,
3870,1311,filterLoc,,
3870,1314,filterLoc,,
3870,1317,filterLoc,,
3870,1320,filterLoc,,
3870,1323,filterLoc,,
3870,1326,filterLoc,,
3870,1329,filterLoc,,
3870,1332,filterLoc,,
3870,1335,filterLoc,,
3870,1338,filterLoc,,
3870,1341,filterLoc,,
3870,1344,filterLoc,,
3870,1347,filterLoc,,
3870,1350,filterLoc,,
3870,1353,filterLoc,,
3870,1356,filterLoc,,
3870,1359,filterLoc,,
3870,1362,filterLoc,,
3870,1365,filterLoc,,
3870,1368,filterLoc,,
3870,1371,filterLoc,,
3870,1374,filterLoc,,
3870,1377,filterLoc,,
3870,1380,filterLoc,,
3870,1383,filterLoc,,
3870,1386,filterLoc,,
3870,1389,filterLoc,,
3870,1392,filterLoc,,
3870,1395,filterLoc,,
3870,1398,filterLoc,,
3870,1401,filterLoc,,
3870,1404,filterLoc,,
3870,1407,filterLoc,,
3870,1410,filterLoc,,
3870,1413,filterLoc,,
3870,1416,filterLoc,,
3870,1419,filterLoc,,
3870,1422,filterLoc,,
3870,1425,filterLoc,,
3870,1428,filterLoc,,
3870,1431,filterLoc,,
3870,1434,filterLoc,,
3870,1437,filterLoc,,
3870,1440,filterLoc,,
3870,1443,filterLoc,,
3870,1446,filterLoc,,
3870,1449,filterLoc,,
3870,1452,filterLoc,,
3870,1455,filterLoc,,
3870,1458,filterLoc,,
3870,1461,filterLoc,,
3870,1464,filterLoc,,
3870,1467,filterLoc,,
3870,1470,filterLoc,,
3870,1473,filterLoc,,
3870,1476,filterLoc,,
3870,1479,filterLoc,,
3870,1482,filterLoc,,
3870,1485,filterLoc,,
3870,1488,filterLoc,,
3870,1491,filterLoc,,
3870,1494,filterLoc,,
3870,1497,filterLoc,,
3870,1500,filterLoc,,
3870,1503,filterLoc,,
3870,1506,filterLoc,,
3870,1509,filterLoc,,
3870,542,filterLoc,out,Evacuee 148 in triage category G is not assigned a helicopter
3870,542,filterLoc,,
3870,543,evacuee,,Evacuee;148;in triage state;G;is entering the FOL
3870,893,filterLoc,out,Evacuee 150 in triage category G is not assigned a helicopter
3870,893,filterLoc,,
3870,894,evacuee,,Evacuee;150;in triage state;G;is entering the FOL
3870,905,filterLoc,out,Evacuee 157 in triage category G is not assigned a helicopter
3870,905,filterLoc,,
3870,906,evacuee,,Evacuee;157;in triage state;G;is entering the FOL
3870,980,filterLoc,out,Evacuee 154 in triage category G is not assigned a helicopter
3870,980,filterLoc,,
3870,981,evacuee,,Evacuee;154;in triage state;G;is entering the FOL
3870,1040,filterLoc,out,Evacuee 160 in triage category G is not assigned a helicopter
3870,1040,filterLoc,,
3870,1041,evacuee,,Evacuee;160;in triage state;G;is entering the FOL
3870,1049,filterLoc,out,Evacuee 155 in triage category G is not assigned a helicopter
3870,1049,filterLoc,,
3870,1050,evacuee,,Evacuee;155;in triage state;G;is entering the FOL
3870,1200,filterLoc,out,Evacuee 140 in triage category G is not assigned a helicopter
3870,1200,filterLoc,,
3870,1201,evacuee,,Evacuee;140;in triage state;G;is entering the FOL
3870,1206,filterLoc,out,Evacuee 143 in triage category G is not assigned a helicopter
3870,1206,filterLoc,,
3870,1207,evacuee,,Evacuee;143;in triage state;G;is entering the FOL
3870,1269,filterLoc,out,Evacuee 146 in triage category G is not assigned a helicopter
3870,1269,filterLoc,,
3870,1270,evacuee,,Evacuee;146;in triage state;G;is entering the FOL
3870,1275,filterLoc,out,Evacuee 145 in triage category G is not assigned a helicopter
3870,1275,filterLoc,,
3870,1276,evacuee,,Evacuee;145;in triage state;G;is entering the FOL
3870,219,FOL,,;EvacueeID;2;Triage Status;G;EvacueeID;6;Triage Status;G;EvacueeID;9;Triage Status;G;EvacueeID;12;Triage Status;G;EvacueeID;14;Triage Status;G;EvacueeID;16;Triage Status;G;EvacueeID;20;Triage Status;G;EvacueeID;22;Triage Status;G;EvacueeID;25;Triage Status;G;EvacueeID;27;Triage Status;G;EvacueeID;33;Triage Status;G;EvacueeID;35;Triage Status;G;EvacueeID;36;Triage Status;G;EvacueeID;40;Triage Status;G;EvacueeID;41;Triage Status;G;EvacueeID;44;Triage Status;G;EvacueeID;47;Triage Status;G;EvacueeID;52;Triage Status;G;EvacueeID;56;Triage Status;G;EvacueeID;59;Triage Status;G;EvacueeID;61;Triage Status;G;EvacueeID;63;Triage Status;G;EvacueeID;70;Triage Status;G;EvacueeID;71;Triage Status;G;EvacueeID;74;Triage Status;G;EvacueeID;76;Triage Status;G;EvacueeID;81;Triage Status;G;EvacueeID;83;Triage Status;G;EvacueeID;88;Triage Status;G;EvacueeID;90;Triage Status;G;EvacueeID;92;Triage Status;G;EvacueeID;93;Triage Status;G;EvacueeID;94;Triage Status;G;EvacueeID;96;Triage Status;G;EvacueeID;97;Triage Status;G;EvacueeID;102;Triage Status;G;EvacueeID;104;Triage Status;G;EvacueeID;106;Triage Status;G;EvacueeID;108;Triage Status;G;EvacueeID;109;Triage Status;G;EvacueeID;114;Triage Status;G;EvacueeID;116;Triage Status;G;EvacueeID;119;Triage Status;G;EvacueeID;120;Triage Status;G;EvacueeID;122;Triage Status;G;EvacueeID;125;Triage Status;G;EvacueeID;130;Triage Status;G;EvacueeID;136;Triage Status;G;EvacueeID;138;Triage Status;G;EvacueeID;139;Triage Status;G;EvacueeID;140;Triage Status;G;EvacueeID;143;Triage Status;G;EvacueeID;145;Triage Status;G;EvacueeID;146;Triage Status;G;EvacueeID;148;Triage Status;G;EvacueeID;150;Triage Status;G;EvacueeID;154;Triage Status;G;EvacueeID;155;Triage Status;G;EvacueeID;157;Triage Status;G;EvacueeID;160;Triage Status;G;Lives Saved;60
3870,543,evacuee,outFOL,Evacuee 148 in triage category G is not assigned a helicopter
3870,543,evacuee,,Evacuee;148;in triage state;G;is at the FOL
3870,894,evacuee,outFOL,Evacuee 150 in triage category G is not assigned a helicopter
3870,894,evacuee,,Evacuee;150;in triage state;G;is at the FOL
3870,906,evacuee,outFOL,Evacuee 157 in triage category G is not assigned a helicopter
3870,906,evacuee,,Evacuee;157;in triage state;G;is at the FOL
3870,981,evacuee,outFOL,Evacuee 154 in triage category G is not assigned a helicopter
3870,981,evacuee,,Evacuee;154;in triage state;G;is at the FOL
3870,1041,evacuee,outFOL,Evacuee 160 in triage category G is not assigned a helicopter
3870,1041,evacuee,,Evacuee;160;in triage state;G;is at the FOL
3870,1050,evacuee,outFOL,Evacuee 155 in triage category G is not assigned a helicopter
3870,1050,evacuee,,Evacuee;155;in triage state;G;is at the FOL
3870,1201,evacuee,outFOL,Evacuee 140 in triage category G is not assigned a helicopter
3870,1201,evacuee,,Evacuee;140;in triage state;G;is at the FOL
3870,1207,evacuee,outFOL,Evacuee 143 in triage category G is not assigned a helicopter
3870,1207,evacuee,,Evacuee;143;in triage state;G;is at the FOL
3870,1270,evacuee,outFOL,Evacuee 146 in triage category G is not assigned a helicopter
3870,1270,evacuee,,Evacuee;146;in triage state;G;is at the FOL
3870,1276,evacuee,outFOL,Evacuee 145 in triage category G is not assigned a helicopter
3870,1276,evacuee,,Evacuee;145;in triage state;G;is at the FOL
3870,219,FOL,,;EvacueeID;2;Triage Status;G;EvacueeID;6;Triage Status;G;EvacueeID;9;Triage Status;G;EvacueeID;12;Triage Status;G;EvacueeID;14;Triage Status;G;EvacueeID;16;Triage Status;G;EvacueeID;20;Triage Status;G;EvacueeID;22;Triage Status;G;EvacueeID;25;Triage Status;G;EvacueeID;27;Triage Status;G;EvacueeID;33;Triage Status;G;EvacueeID;35;Triage Status;G;EvacueeID;36;Triage Status;G;EvacueeID;40;Triage Status;G;EvacueeID;41;Triage Status;G;EvacueeID;44;Triage Status;G;EvacueeID;47;Triage Status;G;EvacueeID;52;Triage Status;G;EvacueeID;56;Triage Status;G;EvacueeID;59;Triage Status;G;EvacueeID;61;Triage Status;G;EvacueeID;63;Triage Status;G;EvacueeID;70;Triage Status;G;EvacueeID;71;Triage Status;G;EvacueeID;74;Triage Status;G;EvacueeID;76;Triage Status;G;EvacueeID;81;Triage Status;G;EvacueeID;83;Triage Status;G;EvacueeID;88;Triage Status;G;EvacueeID;90;Triage Status;G;EvacueeID;92;Triage Status;G;EvacueeID;93;Triage Status;G;EvacueeID;94;Triage Status;G;EvacueeID;96;Triage Status;G;EvacueeID;97;Triage Status;G;EvacueeID;102;Triage Status;G;EvacueeID;104;Triage Status;G;EvacueeID;106;Triage Status;G;EvacueeID;108;Triage Status;G;EvacueeID;109;Triage Status;G;EvacueeID;114;Triage Status;G;EvacueeID;116;Triage Status;G;EvacueeID;119;Triage Status;G;EvacueeID;120;Triage Status;G;EvacueeID;122;Triage Status;G;EvacueeID;125;Triage Status;G;EvacueeID;130;Triage Status;G;EvacueeID;136;Triage Status;G;EvacueeID;138;Triage Status;G;EvacueeID;139;Triage Status;G;EvacueeID;140;Triage Status;G;EvacueeID;143;Triage Status;G;EvacueeID;145;Triage Status;G;EvacueeID;146;Triage Status;G;EvacueeID;148;Triage Status;G;EvacueeID;150;Triage Status;G;EvacueeID;154;Triage Status;G;EvacueeID;155;Triage Status;G;EvacueeID;157;Triage Status;G;EvacueeID;160;Triage Status;G;Lives Saved;60
3883.35,3,evacueeManager,,OFF SHIP: White;0;Green;80;Yellow;21;Red;1;Black;338;ON SHIP: White;0;Green;0;Yellow;0;Red;0;Evacuees to Transfer;
3883.35,669,evacuee,outES,Evacuee 300 in triage category Y is not assigned a helicopter
3883.35,669,evacuee,,Evacuee;300;in triage state;R;is at the evacuation site
3885,1153,helicopter,,Helicopter;1;Is going to the evacuation site;;and has;0;spots taken
3891.52,3,evacueeManager,,OFF SHIP: White;0;Green;79;Yellow;22;Red;1;Black;338;ON SHIP: White;0;Green;0;Yellow;0;Red;0;Evacuees to Transfer;
3891.52,672,evacuee,outES,Evacuee 165 in triage category G is not assigned a helicopter
3891.52,672,evacuee,,Evacuee;165;in triage state;Y;is at the evacuation site
3912.62,3,evacueeManager,,OFF SHIP: White;0;Green;78;Yellow;23;Red;1;Black;338;ON SHIP: White;0;Green;0;Yellow;0;Red;0;Evacuees to Transfer;
3912.62,1336,evacuee,outES,Evacuee 253 in triage category G is not assigned a helicopter
3912.62,1336,evacuee,,Evacuee;253;in triage state;Y;is at the evacuation site
3914.37,3,evacueeManager,,OFF SHIP: White;0;Green;78;Yellow;22;Red;2;Black;338;ON SHIP: White;0;Green;0;Yellow;0;Red;0;Evacuees to Transfer;
3914.37,300,evacuee,outES,Evacuee 325 in triage category Y is not assigned a helicopter
3914.37,300,evacuee,,Evacuee;325;in triage state;R;is at the evacuation site
3925.41,3,evacueeManager,,OFF SHIP: White;0;Green;78;Yellow;21;Red;3;Black;338;ON SHIP: White;0;Green;0;Yellow;0;Red;0;Evacuees to Transfer;
3925.41,1180,evacuee,outES,Evacuee 308 in triage category Y is not assigned a helicopter
3925.41,1180,evacuee,,Evacuee;308;in triage state;R;is at the evacuation site
3960,5,helicopterQueue,,1;Helos are waiting to land;HeloID;1
3960,1153,helicopter,outES,Helicopter 1 is evacuating people1
3960,1153,helicopter,,Helicopter;1;is waiting to land at the evacuation site;;and has;0;spots taken
3960,4,helipadManager,,;No helos are at ES
3960,5,helicopterQueue,outHM,Helicopter 1 is evacuating people1
3960,5,helicopterQueue,outHelo,Helicopter 1 is evacuating people1
3960,5,helicopterQueue,,;No helos are waiting to land
3960,1152,filterES,,Helicopter;1;is evacuating people
3960,3,evacueeManager,,OFF SHIP: White;0;Green;68;Yellow;21;Red;3;Black;338;ON SHIP: White;0;Green;0;Yellow;0;Red;0;Evacuees to Transfer;;EvacueeID;167;HeloID;1;OnShip;0;Triage Status;G;EvacueeID;168;HeloID;1;OnShip;0;Triage Status;G;EvacueeID;173;HeloID;1;OnShip;0;Triage Status;G;EvacueeID;175;HeloID;1;OnShip;0;Triage Status;G;EvacueeID;178;HeloID;1;OnShip;0;Triage Status;G;EvacueeID;188;HeloID;1;OnShip;0;Triage Status;G;EvacueeID;191;HeloID;1;OnShip;0;Triage Status;G;EvacueeID;193;HeloID;1;OnShip;0;Triage Status;G;EvacueeID;194;HeloID;1;OnShip;0;Triage Status;G;EvacueeID;195;HeloID;1;OnShip;0;Triage Status;G
3960,4,helipadManager,outEM,Helicopter 1 is evacuating people1
3960,4,helipadManager,,Helo;1;is at the ES
3960,1152,filterES,out,Helicopter 1 is evacuating people1
3960,1152,filterES,,
3960,1153,helicopter,,Helicopter;1;is waiting to land at the evacuation site;;and has;0;spots taken
3960,3,evacueeManager,outEvac,Evacuee 167 in triage category G is assigned helicopter 1
3960,3,evacueeManager,outEvac,Evacuee 168 in triage category G is assigned helicopter 1
3960,3,evacueeManager,outEvac,Evacuee 173 in triage category G is assigned helicopter 1
3960,3,evacueeManager,outEvac,Evacuee 175 in triage category G is assigned helicopter 1
3960,3,evacueeManager,outEvac,Evacuee 178 in triage category G is assigned helicopter 1
3960,3,evacueeManager,outEvac,Evacuee 188 in triage category G is assigned helicopter 1
3960,3,evacueeManager,outEvac,Evacuee 191 in triage category G is assigned helicopter 1
3960,3,evacueeManager,outEvac,Evacuee 193 in triage category G is assigned helicopter 1
3960,3,evacueeManager,outEvac,Evacuee 194 in triage category G is assigned helicopter 1
3960,3,evacueeManager,outEvac,Evacuee 195 in triage category G is assigned helicopter 1
3960,3,evacueeManager,,OFF SHIP: White;0;Green;68;Yellow;21;Red;3;Black;338;ON SHIP: White;0;Green;0;Yellow;0;Red;0;Evacuees to Transfer;
3960,7,filterLoc,,
3960,10,filterLoc,,
3960,13,filterLoc,,
3960,16,filterLoc,,
3960,19,filterLoc,,
3960,22,filterLoc,,
3960,25,filterLoc,,
3960,28,filterLoc,,
3960,31,filterLoc,,
3960,34,filterLoc,,
3960,37,filterLoc,,
3960,40,filterLoc,,
3960,43,filterLoc,,
3960,46,filterLoc,,
3960,49,filterLoc,,
3960,52,filterLoc,,
3960,55,filterLoc,,
3960,58,filterLoc,,
3960,61,filterLoc,,
3960,64,filterLoc,,
3960,67,filterLoc,,
3960,70,filterLoc,,
3960,73,filterLoc,,
3960,76,filterLoc,,
3960,79,filterLoc,,
3960,82,filterLoc,,
3960,85,filterLoc,,
3960,88,filterLoc,,
3960,91,filterLoc,,
3960,94,filterLoc,,
3960,97,filterLoc,,
3960,100,filterLoc,,
3960,103,filterLoc,,
3960,106,filterLoc,,
3960,109,filterLoc,,
3960,112,filterLoc,,
3960,115,filterLoc,,
3960,118,filterLoc,,
3960,121,filterLoc,,
3960,124,filterLoc,,
3960,127,filterLoc,,
3960,130,filterLoc,,
3960,133,filterLoc,,
3960,136,filterLoc,,
3960,139,filterLoc,,
3960,142,filterLoc,,
3960,145,filterLoc,,
3960,148,filterLoc,,
3960,151,filterLoc,,
3960,154,filterLoc,,
3960,157,filterLoc,,
3960,160,filterLoc,,
3960,163,filterLoc,,
3960,166,filterLoc,,
3960,169,filterLoc,,
3960,172,filterLoc,,
3960,175,filterLoc,,
3960,178,filterLoc,,
3960,181,filterLoc,,
3960,184,filterLoc,,
3960,187,filterLoc,,
3960,190,filterLoc,,
3960,193,filterLoc,,
3960,196,filterLoc,,
3960,199,filterLoc,,
3960,202,filterLoc,,
3960,205,filterLoc,,
3960,208,filterLoc,,
3960,211,filterLoc,,
3960,214,filterLoc,,
3960,217,filterLoc,,
3960,221,filterLoc,,
3960,224,filterLoc,,
3960,227,filterLoc,,
3960,230,filterLoc,,
3960,233,filterLoc,,
3960,236,filterLoc,,
3960,239,filterLoc,,
3960,242,filterLoc,,
3960,245,filterLoc,,
3960,248,filterLoc,,
3960,251,filterLoc,,
3960,254,filterLoc,,
3960,257,filterLoc,,
3960,260,filterLoc,,
3960,263,filterLoc,,
3960,266,filterLoc,,
3960,269,filterLoc,,
3960,272,filterLoc,,
3960,275,filterLoc,,
3960,278,filterLoc,,
3960,281,filterLoc,,
3960,284,filterLoc,,
3960,287,filterLoc,,
3960,290,filterLoc,,
3960,293,filterLoc,,
3960,296,filterLoc,,
3960,299,filterLoc,,
3960,302,filterLoc,,
3960,305,filterLoc,,
3960,308,filterLoc,,
3960,311,filterLoc,,
3960,314,filterLoc,,
3960,317,filterLoc,,
3960,320,filterLoc,,
3960,323,filterLoc,,
3960,326,filterLoc,,
3960,329,filterLoc,,
3960,332,filterLoc,,
3960,335,filterLoc,,
3960,338,filterLoc,,
3960,341,filterLoc,,
3960,344,filterLoc,,
3960,347,filterLoc,,
3960,350,filterLoc,,
3960,353,filterLoc,,
3960,356,filterLoc,,
3960,359,filterLoc,,
3960,362,filterLoc,,
3960,365,filterLoc,,
3960,368,filterLoc,,
3960,371,filterLoc,,
3960,374,filterLoc,,
3960,377,filterLoc,,
3960,380,filterLoc,,
3960,383,filterLoc,,
3960,386,filterLoc,,
3960,389,filterLoc,,
3960,392,filterLoc,,
3960,395,filterLoc,,
3960,398,filterLoc,,
3960,401,filterLoc,,
3960,404,filterLoc,,
3960,407,filterLoc,,
3960,410,filterLoc,,
3960,413,filterLoc,,
3960,416,filterLoc,,
3960,419,filterLoc,,
3960,422,filterLoc,,
3960,425,filterLoc,,
3960,428,filterLoc,,
3960,431,filterLoc,,
3960,434,filterLoc,,
3960,437,filterLoc,,
3960,440,filterLoc,,
3960,443,filterLoc,,
3960,446,filterLoc,,
3960,449,filterLoc,,
3960,452,filterLoc,,
3960,455,filterLoc,,
3960,458,filterLoc,,
3960,461,filterLoc,,
3960,464,filterLoc,,
3960,467,filterLoc,,
3960,470,filterLoc,,
3960,473,filterLoc,,
3960,476,filterLoc,,
3960,479,filterLoc,,
3960,482,filterLoc,,
3960,485,filterLoc,,
3960,488,filterLoc,,
3960,491,filterLoc,,
3960,494,filterLoc,,
3960,497,filterLoc,,
3960,500,filterLoc,,
3960,503,filterLoc,,
3960,506,filterLoc,,
3960,509,filterLoc,,
3960,512,filterLoc,,
3960,515,filterLoc,,
3960,518,filterLoc,,
3960,521,filterLoc,,
3960,524,filterLoc,,
3960,527,filterLoc,,
3960,530,filterLoc,,
3960,533,filterLoc,,;Evacuee;188;in triage category;G;is entering helicopter;1
3960,536,filterLoc,,
3960,539,filterLoc,,
3960,542,filterLoc,,
3960,545,filterLoc,,
3960,548,filterLoc,,
3960,551,filterLoc,,
3960,554,filterLoc,,
3960,557,filterLoc,,
3960,560,filterLoc,,
3960,563,filterLoc,,
3960,566,filterLoc,,
3960,569,filterLoc,,
3960,572,filterLoc,,
3960,575,filterLoc,,
3960,578,filterLoc,,
3960,581,filterLoc,,
3960,584,filterLoc,,
3960,587,filterLoc,,
3960,590,filterLoc,,
3960,593,filterLoc,,
3960,596,filterLoc,,
3960,599,filterLoc,,
3960,602,filterLoc,,
3960,605,filterLoc,,
3960,608,filterLoc,,
3960,611,filterLoc,,
3960,614,filterLoc,,
3960,617,filterLoc,,
3960,620,filterLoc,,
3960,623,filterLoc,,
3960,626,filterLoc,,
3960,629,filterLoc,,
3960,632,filterLoc,,
3960,635,filterLoc,,
3960,638,filterLoc,,
3960,641,filterLoc,,
3960,644,filterLoc,,
3960,647,filterLoc,,
3960,650,filterLoc,,
3960,653,filterLoc,,
3960,656,filterLoc,,
3960,659,filterLoc,,
3960,662,filterLoc,,
3960,665,filterLoc,,
3960,668,filterLoc,,
3960,671,filterLoc,,
3960,674,filterLoc,,
3960,677,filterLoc,,
3960,680,filterLoc,,
3960,683,filterLoc,,
3960,686,filterLoc,,
3960,689,filterLoc,,
3960,692,filterLoc,,
3960,695,filterLoc,,
3960,698,filterLoc,,
3960,701,filterLoc,,
3960,704,filterLoc,,
3960,707,filterLoc,,
3960,710,filterLoc,,
3960,713,filterLoc,,
3960,716,filterLoc,,
3960,719,filterLoc,,
3960,722,filterLoc,,
3960,725,filterLoc,,
3960,728,filterLoc,,
3960,731,filterLoc,,
3960,734,filterLoc,,
3960,737,filterLoc,,
3960,740,filterLoc,,
3960,743,filterLoc,,
3960,746,filterLoc,,
3960,749,filterLoc,,
3960,752,filterLoc,,
3960,755,filterLoc,,
3960,758,filterLoc,,
3960,761,filterLoc,,
3960,764,filterLoc,,
3960,767,filterLoc,,
3960,770,filterLoc,,
3960,773,filterLoc,,
3960,776,filterLoc,,
3960,779,filterLoc,,
3960,782,filterLoc,,
3960,785,filterLoc,,
3960,788,filterLoc,,
3960,791,filterLoc,,
3960,794,filterLoc,,
3960,797,filterLoc,,
3960,800,filterLoc,,
3960,803,filterLoc,,
3960,806,filterLoc,,
3960,809,filterLoc,,
3960,812,filterLoc,,
3960,815,filterLoc,,
3960,818,filterLoc,,
3960,821,filterLoc,,
3960,824,filterLoc,,
3960,827,filterLoc,,
3960,830,filterLoc,,
3960,833,filterLoc,,
3960,836,filterLoc,,
3960,839,filterLoc,,
3960,842,filterLoc,,
3960,845,filterLoc,,
3960,848,filterLoc,,
3960,851,filterLoc,,
3960,854,filterLoc,,
3960,857,filterLoc,,
3960,860,filterLoc,,
3960,863,filterLoc,,
3960,866,filterLoc,,
3960,869,filterLoc,,
3960,872,filterLoc,,
3960,875,filterLoc,,
3960,878,filterLoc,,
3960,881,filterLoc,,
3960,884,filterLoc,,
3960,887,filterLoc,,
3960,890,filterLoc,,
3960,893,filterLoc,,
3960,896,filterLoc,,
3960,899,filterLoc,,
3960,902,filterLoc,,;Evacuee;173;in triage category;G;is entering helicopter;1
3960,905,filterLoc,,
3960,908,filterLoc,,
3960,911,filterLoc,,
3960,914,filterLoc,,
3960,917,filterLoc,,
3960,920,filterLoc,,
3960,923,filterLoc,,
3960,926,filterLoc,,
3960,929,filterLoc,,
3960,932,filterLoc,,
3960,935,filterLoc,,
3960,938,filterLoc,,
3960,941,filterLoc,,
3960,944,filterLoc,,
3960,947,filterLoc,,
3960,950,filterLoc,,
3960,953,filterLoc,,
3960,956,filterLoc,,
3960,959,filterLoc,,
3960,962,filterLoc,,
3960,965,filterLoc,,
3960,968,filterLoc,,
3960,971,filterLoc,,
3960,974,filterLoc,,
3960,977,filterLoc,,
3960,980,filterLoc,,
3960,983,filterLoc,,
3960,986,filterLoc,,
3960,989,filterLoc,,
3960,992,filterLoc,,
3960,995,filterLoc,,
3960,998,filterLoc,,
3960,1001,filterLoc,,
3960,1004,filterLoc,,
3960,1007,filterLoc,,
3960,1010,filterLoc,,
3960,1013,filterLoc,,
3960,1016,filterLoc,,
3960,1019,filterLoc,,
3960,1022,filterLoc,,
3960,1025,filterLoc,,
3960,1028,filterLoc,,
3960,1031,filterLoc,,
3960,1034,filterLoc,,
3960,1037,filterLoc,,
3960,1040,filterLoc,,
3960,1043,filterLoc,,
3960,1046,filterLoc,,
3960,1049,filterLoc,,
3960,1052,filterLoc,,
3960,1055,filterLoc,,
3960,1058,filterLoc,,
3960,1061,filterLoc,,
3960,1064,filterLoc,,
3960,1067,filterLoc,,
3960,1070,filterLoc,,
3960,1073,filterLoc,,
3960,1076,filterLoc,,
3960,1079,filterLoc,,
3960,1082,filterLoc,,
3960,1085,filterLoc,,
3960,1088,filterLoc,,
3960,1091,filterLoc,,
3960,1094,filterLoc,,
3960,1097,filterLoc,,
3960,1100,filterLoc,,
3960,1103,filterLoc,,
3960,1106,filterLoc,,
3960,1109,filterLoc,,
3960,1112,filterLoc,,
3960,1115,filterLoc,,
3960,1118,filterLoc,,
3960,1121,filterLoc,,;Evacuee;175;in triage category;G;is entering helicopter;1
3960,1124,filterLoc,,
3960,1127,filterLoc,,
3960,1130,filterLoc,,
3960,1133,filterLoc,,
3960,1136,filterLoc,,
3960,1139,filterLoc,,
3960,1142,filterLoc,,
3960,1145,filterLoc,,
3960,1148,filterLoc,,
3960,1153,helicopter,,Helicopter;1;is loading people at the evacuation site;;and has;0;spots taken
3960,1155,filterLoc,,
3960,1158,filterLoc,,
3960,1161,filterLoc,,
3960,1164,filterLoc,,
3960,1167,filterLoc,,
3960,1170,filterLoc,,
3960,1173,filterLoc,,
3960,1176,filterLoc,,
3960,1179,filterLoc,,
3960,1182,filterLoc,,
3960,1185,filterLoc,,
3960,1188,filterLoc,,
3960,1191,filterLoc,,
3960,1194,filterLoc,,
3960,1197,filterLoc,,;Evacuee;194;in triage category;G;is entering helicopter;1
3960,1200,filterLoc,,
3960,1203,filterLoc,,
3960,1206,filterLoc,,
3960,1209,filterLoc,,
3960,1212,filterLoc,,
3960,1215,filterLoc,,
3960,1218,filterLoc,,
3960,1221,filterLoc,,
3960,1224,filterLoc,,
3960,1227,filterLoc,,
3960,1230,filterLoc,,
3960,1233,filterLoc,,
3960,1236,filterLoc,,
3960,1239,filterLoc,,
3960,1242,filterLoc,,
3960,1245,filterLoc,,
3960,1248,filterLoc,,
3960,1251,filterLoc,,
3960,1254,filterLoc,,
3960,1257,filterLoc,,
3960,1260,filterLoc,,
3960,1263,filterLoc,,;Evacuee;178;in triage category;G;is entering helicopter;1
3960,1266,filterLoc,,
3960,1269,filterLoc,,
3960,1272,filterLoc,,;Evacuee;167;in triage category;G;is entering helicopter;1
3960,1275,filterLoc,,
3960,1278,filterLoc,,;Evacuee;168;in triage category;G;is entering helicopter;1
3960,1281,filterLoc,,
3960,1284,filterLoc,,
3960,1287,filterLoc,,
3960,1290,filterLoc,,
3960,1293,filterLoc,,
3960,1296,filterLoc,,
3960,1299,filterLoc,,
3960,1302,filterLoc,,
3960,1305,filterLoc,,
3960,1308,filterLoc,,
3960,1311,filterLoc,,
3960,1314,filterLoc,,
3960,1317,filterLoc,,
3960,1320,filterLoc,,
3960,1323,filterLoc,,
3960,1326,filterLoc,,
3960,1329,filterLoc,,
3960,1332,filterLoc,,
3960,1335,filterLoc,,
3960,1338,filterLoc,,;Evacuee;191;in triage category;G;is entering helicopter;1
3960,1341,filterLoc,,
3960,1344,filterLoc,,
3960,1347,filterLoc,,;Evacuee;193;in triage category;G;is entering helicopter;1
3960,1350,filterLoc,,;Evacuee;195;in triage category;G;is entering helicopter;1
3960,1353,filterLoc,,
3960,1356,filterLoc,,
3960,1359,filterLoc,,
3960,1362,filterLoc,,
3960,1365,filterLoc,,
3960,1368,filterLoc,,
3960,1371,filterLoc,,
3960,1374,filterLoc,,
3960,1377,filterLoc,,
3960,1380,filterLoc,,
3960,1383,filterLoc,,
3960,1386,filterLoc,,
3960,1389,filterLoc,,
3960,1392,filterLoc,,
3960,1395,filterLoc,,
3960,1398,filterLoc,,
3960,1401,filterLoc,,
3960,1404,filterLoc,,
3960,1407,filterLoc,,
3960,1410,filterLoc,,
3960,1413,filterLoc,,
3960,1416,filterLoc,,
3960,1419,filterLoc,,
3960,1422,filterLoc,,
3960,1425,filterLoc,,
3960,1428,filterLoc,,
3960,1431,filterLoc,,
3960,1434,filterLoc,,
3960,1437,filterLoc,,
3960,1440,filterLoc,,
3960,1443,filterLoc,,
3960,1446,filterLoc,,
3960,1449,filterLoc,,
3960,1452,filterLoc,,
3960,1455,filterLoc,,
3960,1458,filterLoc,,
3960,1461,filterLoc,,
3960,1464,filterLoc,,
3960,1467,filterLoc,,
3960,1470,filterLoc,,
3960,1473,filterLoc,,
3960,1476,filterLoc,,
3960,1479,filterLoc,,
3960,1482,filterLoc,,
3960,1485,filterLoc,,
3960,1488,filterLoc,,
3960,1491,filterLoc,,
3960,1494,filterLoc,,
3960,1497,filterLoc,,
3960,1500,filterLoc,,
3960,1503,filterLoc,,
3960,1506,filterLoc,,
3960,1509,filterLoc,,
3960,533,filterLoc,out,Evacuee 188 in triage category G is assigned helicopter 1
3960,533,filterLoc,,
3960,534,evacuee,,Evacuee;188;in triage state;G;is entering helicopter;1
3960,902,filterLoc,out,Evacuee 173 in triage category G is assigned helicopter 1
3960,902,filterLoc,,
3960,903,evacuee,,Evacuee;173;in triage state;G;is entering helicopter;1
3960,1121,filterLoc,out,Evacuee 175 in triage category G is assigned helicopter 1
3960,1121,filterLoc,,
3960,1122,evacuee,,Evacuee;175;in triage state;G;is entering helicopter;1
3960,1197,filterLoc,out,Evacuee 194 in triage category G is assigned helicopter 1
3960,1197,filterLoc,,
3960,1198,evacuee,,Evacuee;194;in triage state;G;is entering helicopter;1
3960,1263,filterLoc,out,Evacuee 178 in triage category G is assigned helicopter 1
3960,1263,filterLoc,,
3960,1264,evacuee,,Evacuee;178;in triage state;G;is entering helicopter;1
3960,1272,filterLoc,out,Evacuee 167 in triage category G is assigned helicopter 1
3960,1272,filterLoc,,
3960,1273,evacuee,,Evacuee;167;in triage state;G;is entering helicopter;1
3960,1278,filterLoc,out,Evacuee 168 in triage category G is assigned helicopter 1
3960,1278,filterLoc,,
3960,1279,evacuee,,Evacuee;168;in triage state;G;is entering helicopter;1
3960,1338,filterLoc,out,Evacuee 191 in triage category G is assigned helicopter 1
3960,1338,filterLoc,,
3960,1339,evacuee,,Evacuee;191;in triage state;G;is entering helicopter;1
3960,1347,filterLoc,out,Evacuee 193 in triage category G is assigned helicopter 1
3960,1347,filterLoc,,
3960,1348,evacuee,,Evacuee;193;in triage state;G;is entering helicopter;1
3960,1350,filterLoc,out,Evacuee 195 in triage category G is assigned helicopter 1
3960,1350,filterLoc,,
3960,1351,evacuee,,Evacuee;195;in triage state;G;is entering helicopter;1
3960,534,evacuee,outHelo,Evacuee 188 in triage category G is assigned helicopter 1
3960,534,evacuee,,Evacuee;188;in triage state;G;is in helicopter;1
3960,903,evacuee,outHelo,Evacuee 173 in triage category G is assigned helicopter 1
3960,903,evacuee,,Evacuee;173;in triage state;G;is in helicopter;1
3960,1122,evacuee,outHelo,Evacuee 175 in triage category G is assigned helicopter 1
3960,1122,evacuee,,Evacuee;175;in triage state;G;is in helicopter;1
3960,1151,filterEvac,,;Evacuee;167;in triage category;G;is entering helicopter;1;Evacuee;168;in triage category;G;is entering helicopter;1;Evacuee;173;in triage category;G;is entering helicopter;1;Evacuee;175;in triage category;G;is entering helicopter;1;Evacuee;178;in triage category;G;is entering helicopter;1;Evacuee;188;in triage category;G;is entering helicopter;1;Evacuee;191;in triage category;G;is entering helicopter;1;Evacuee;193;in triage category;G;is entering helicopter;1;Evacuee;194;in triage category;G;is entering helicopter;1;Evacuee;195;in triage category;G;is entering helicopter;1
3960,1198,evacuee,outHelo,Evacuee 194 in triage category G is assigned helicopter 1
3960,1198,evacuee,,Evacuee;194;in triage state;G;is in helicopter;1
3960,1264,evacuee,outHelo,Evacuee 178 in triage category G is assigned helicopter 1
3960,1264,evacuee,,Evacuee;178;in triage state;G;is in helicopter;1
3960,1273,evacuee,outHelo,Evacuee 167 in triage category G is assigned helicopter 1
3960,1273,evacuee,,Evacuee;167;in triage state;G;is in helicopter;1
3960,1279,evacuee,outHelo,Evacuee 168 in triage category G is assigned helicopter 1
3960,1279,evacuee,,Evacuee;168;in triage state;G;is in helicopter;1
3960,1339,evacuee,outHelo,Evacuee 191 in triage category G is assigned helicopter 1
3960,1339,evacuee,,Evacuee;191;in triage state;G;is in helicopter;1
3960,1348,evacuee,outHelo,Evacuee 193 in triage category G is assigned helicopter 1
3960,1348,evacuee,,Evacuee;193;in triage state;G;is in helicopter;1
3960,1351,evacuee,outHelo,Evacuee 195 in triage category G is assigned helicopter 1
3960,1351,evacuee,,Evacuee;195;in triage state;G;is in helicopter;1
3960,1151,filterEvac,out,Evacuee 167 in triage category G is assigned helicopter 1
3960,1151,filterEvac,out,Evacuee 168 in triage category G is assigned helicopter 1
3960,1151,filterEvac,out,Evacuee 173 in triage category G is assigned helicopter 1
3960,1151,filterEvac,out,Evacuee 175 in triage category G is assigned helicopter 1
3960,1151,filterEvac,out,Evacuee 178 in triage category G is assigned helicopter 1
3960,1151,filterEvac,out,Evacuee 188 in triage category G is assigned helicopter 1
3960,1151,filterEvac,out,Evacuee 191 in triage category G is assigned helicopter 1
3960,1151,filterEvac,out,Evacuee 193 in triage category G is assigned helicopter 1
3960,1151,filterEvac,out,Evacuee 194 in triage category G is assigned helicopter 1
3960,1151,filterEvac,out,Evacuee 195 in triage category G is assigned helicopter 1
3960,1151,filterEvac,,
3960,1153,helicopter,,Helicopter;1;is loading people at the evacuation site;;and has;10;spots taken
3960.02,3,evacueeManager,,OFF SHIP: White;0;Green;68;Yellow;20;Red;4;Black;338;ON SHIP: White;0;Green;0;Yellow;0;Red;0;Evacuees to Transfer;
3960.02,672,evacuee,outES,Evacuee 165 in triage category Y is not assigned a helicopter
3960.02,672,evacuee,,Evacuee;165;in triage state;R;is at the evacuation site
3961.58,3,evacueeManager,,OFF SHIP: White;0;Green;67;Yellow;21;Red;4;Black;338;ON SHIP: White;0;Green;0;Yellow;0;Red;0;Evacuees to Transfer;
3961.58,1483,evacuee,outES,Evacuee 244 in triage category G is not assigned a helicopter
3961.58,1483,evacuee,,Evacuee;244;in triage state;Y;is at the evacuation site
3963.79,3,evacueeManager,,OFF SHIP: White;0;Green;67;Yellow;20;Red;5;Black;338;ON SHIP: White;0;Green;0;Yellow;0;Red;0;Evacuees to Transfer;
3963.79,597,evacuee,outES,Evacuee 361 in triage category Y is not assigned a helicopter
3963.79,597,evacuee,,Evacuee;361;in triage state;R;is at the evacuation site
3972.46,3,evacueeManager,,OFF SHIP: White;0;Green;67;Yellow;20;Red;4;Black;339;ON SHIP: White;0;Green;0;Yellow;0;Red;0;Evacuees to Transfer;
3972.46,597,evacuee,outES,Evacuee 361 in triage category R is not assigned a helicopter
3972.46,597,evacuee,,Evacuee;361;in triage state;B;is at the evacuation site
3975,4,helipadManager,outHelo,Helicopter 1 is evacuating people1
3975,4,helipadManager,,;No helos are at ES
3975,1152,filterES,,Helicopter;1;is evacuating people
3975,4,helipadManager,outHQ,0
3975,4,helipadManager,,;No helos are at ES
3975,5,helicopterQueue,,;No helos are waiting to land
3975,1152,filterES,out,Helicopter 1 is evacuating people1
3975,1152,filterES,,
3975,1153,helicopter,,Helicopter;1;is loading people at the evacuation site;;and has;10;spots taken
3975,5,helicopterQueue,,;No helos are waiting to land
3975,1153,helicopter,,Helicopter;1;is returning to the FOL;;and has;10;spots taken
3975.76,3,evacueeManager,,OFF SHIP: White;0;Green;66;Yellow;21;Red;4;Black;339;ON SHIP: White;0;Green;0;Yellow;0;Red;0;Evacuees to Transfer;
3975.76,819,evacuee,outES,Evacuee 332 in triage category G is not assigned a helicopter
3975.76,819,evacuee,,Evacuee;332;in triage state;Y;is at the evacuation site
3985.16,3,evacueeManager,,OFF SHIP: White;0;Green;66;Yellow;20;Red;5;Black;339;ON SHIP: White;0;Green;0;Yellow;0;Red;0;Evacuees to Transfer;
3985.16,1402,evacuee,outES,Evacuee 207 in triage category Y is not assigned a helicopter
3985.16,1402,evacuee,,Evacuee;207;in triage state;R;is at the evacuation site
3985.63,3,evacueeManager,,OFF SHIP: White;0;Green;66;Yellow;19;Red;6;Black;339;ON SHIP: White;0;Green;0;Yellow;0;Red;0;Evacuees to Transfer;
3985.63,741,evacuee,outES,Evacuee 218 in triage category Y is not assigned a helicopter
3985.63,741,evacuee,,Evacuee;218;in triage state;R;is at the evacuation site
3991.76,3,evacueeManager,,OFF SHIP: White;0;Green;66;Yellow;19;Red;5;Black;340;ON SHIP: White;0;Green;0;Yellow;0;Red;0;Evacuees to Transfer;
3991.76,669,evacuee,outES,Evacuee 300 in triage category R is not assigned a helicopter
3991.76,669,evacuee,,Evacuee;300;in triage state;B;is at the evacuation site
3992.42,3,evacueeManager,,OFF SHIP: White;0;Green;65;Yellow;20;Red;5;Black;340;ON SHIP: White;0;Green;0;Yellow;0;Red;0;Evacuees to Transfer;
3992.42,228,evacuee,outES,Evacuee 369 in triage category G is not assigned a helicopter
3992.42,228,evacuee,,Evacuee;369;in triage state;Y;is at the evacuation site
3998.27,3,evacueeManager,,OFF SHIP: White;0;Green;65;Yellow;20;Red;4;Black;341;ON SHIP: White;0;Green;0;Yellow;0;Red;0;Evacuees to Transfer;
3998.27,300,evacuee,outES,Evacuee 325 in triage category R is not assigned a helicopter
3998.27,300,evacuee,,Evacuee;325;in triage state;B;is at the evacuation site
4010.39,3,evacueeManager,,OFF SHIP: White;0;Green;65;Yellow;20;Red;3;Black;342;ON SHIP: White;0;Green;0;Yellow;0;Red;0;Evacuees to Transfer;
4010.39,672,evacuee,outES,Evacuee 165 in triage category R is not assigned a helicopter
4010.39,672,evacuee,,Evacuee;165;in triage state;B;is at the evacuation site
4019.05,3,evacueeManager,,OFF SHIP: White;0;Green;65;Yellow;20;Red;2;Black;343;ON SHIP: White;0;Green;0;Yellow;0;Red;0;Evacuees to Transfer;
4019.05,741,evacuee,outES,Evacuee 218 in triage category R is not assigned a helicopter
4019.05,741,evacuee,,Evacuee;218;in triage state;B;is at the evacuation site
4028.54,3,evacueeManager,,OFF SHIP: White;0;Green;65;Yellow;20;Red;1;Black;344;ON SHIP: White;0;Green;0;Yellow;0;Red;0;Evacuees to Transfer;
4028.54,1402,evacuee,outES,Evacuee 207 in triage category R is not assigned a helicopter
4028.54,1402,evacuee,,Evacuee;207;in triage state;B;is at the evacuation site
4048.37,3,evacueeManager,,OFF SHIP: White;0;Green;65;Yellow;20;Red;0;Black;345;ON SHIP: White;0;Green;0;Yellow;0;Red;0;Evacuees to Transfer;
4048.37,1180,evacuee,outES,Evacuee 308 in triage category R is not assigned a helicopter
4048.37,1180,evacuee,,Evacuee;308;in triage state;B;is at the evacuation site
4050,7,filterLoc,,
4050,10,filterLoc,,
4050,13,filterLoc,,
4050,16,filterLoc,,
4050,19,filterLoc,,
4050,22,filterLoc,,
4050,25,filterLoc,,
4050,28,filterLoc,,
4050,31,filterLoc,,
4050,34,filterLoc,,
4050,37,filterLoc,,
4050,40,filterLoc,,
4050,43,filterLoc,,
4050,46,filterLoc,,
4050,49,filterLoc,,
4050,52,filterLoc,,
4050,55,filterLoc,,
4050,58,filterLoc,,
4050,61,filterLoc,,
4050,64,filterLoc,,
4050,67,filterLoc,,
4050,70,filterLoc,,
4050,73,filterLoc,,
4050,76,filterLoc,,
4050,79,filterLoc,,
4050,82,filterLoc,,
4050,85,filterLoc,,
4050,88,filterLoc,,
4050,91,filterLoc,,
4050,94,filterLoc,,
4050,97,filterLoc,,
4050,100,filterLoc,,
4050,103,filterLoc,,
4050,106,filterLoc,,
4050,109,filterLoc,,
4050,112,filterLoc,,
4050,115,filterLoc,,
4050,118,filterLoc,,
4050,121,filterLoc,,
4050,124,filterLoc,,
4050,127,filterLoc,,
4050,130,filterLoc,,
4050,133,filterLoc,,
4050,136,filterLoc,,
4050,139,filterLoc,,
4050,142,filterLoc,,
4050,145,filterLoc,,
4050,148,filterLoc,,
4050,151,filterLoc,,
4050,154,filterLoc,,
4050,157,filterLoc,,
4050,160,filterLoc,,
4050,163,filterLoc,,
4050,166,filterLoc,,
4050,169,filterLoc,,
4050,172,filterLoc,,
4050,175,filterLoc,,
4050,178,filterLoc,,
4050,181,filterLoc,,
4050,184,filterLoc,,
4050,187,filterLoc,,
4050,190,filterLoc,,
4050,193,filterLoc,,
4050,196,filterLoc,,
4050,199,filterLoc,,
4050,202,filterLoc,,
4050,205,filterLoc,,
4050,208,filterLoc,,
4050,211,filterLoc,,
4050,214,filterLoc,,
4050,217,filterLoc,,
4050,221,filterLoc,,
4050,224,filterLoc,,
4050,227,filterLoc,,
4050,230,filterLoc,,
4050,233,filterLoc,,
4050,236,filterLoc,,
4050,239,filterLoc,,
4050,242,filterLoc,,
4050,245,filterLoc,,
4050,248,filterLoc,,
4050,251,filterLoc,,
4050,254,filterLoc,,
4050,257,filterLoc,,
4050,260,filterLoc,,
4050,263,filterLoc,,
4050,266,filterLoc,,
4050,269,filterLoc,,
4050,272,filterLoc,,
4050,275,filterLoc,,
4050,278,filterLoc,,
4050,281,filterLoc,,
4050,284,filterLoc,,
4050,287,filterLoc,,
4050,290,filterLoc,,
4050,293,filterLoc,,
4050,296,filterLoc,,
4050,299,filterLoc,,
4050,302,filterLoc,,
4050,305,filterLoc,,
4050,308,filterLoc,,
4050,311,filterLoc,,
4050,314,filterLoc,,
4050,317,filterLoc,,
4050,320,filterLoc,,
4050,323,filterLoc,,
4050,326,filterLoc,,
4050,329,filterLoc,,
4050,332,filterLoc,,
4050,335,filterLoc,,
4050,338,filterLoc,,
4050,341,filterLoc,,
4050,344,filterLoc,,
4050,347,filterLoc,,
4050,350,filterLoc,,
4050,353,filterLoc,,
4050,356,filterLoc,,
4050,359,filterLoc,,
4050,362,filterLoc,,
4050,365,filterLoc,,
4050,368,filterLoc,,
4050,371,filterLoc,,
4050,374,filterLoc,,
4050,377,filterLoc,,
4050,380,filterLoc,,
4050,383,filterLoc,,
4050,386,filterLoc,,
4050,389,filterLoc,,
4050,392,filterLoc,,
4050,395,filterLoc,,
4050,398,filterLoc,,
4050,401,filterLoc,,
4050,404,filterLoc,,
4050,407,filterLoc,,
4050,410,filterLoc,,
4050,413,filterLoc,,
4050,416,filterLoc,,
4050,419,filterLoc,,
4050,422,filterLoc,,
4050,425,filterLoc,,
4050,428,filterLoc,,
4050,431,filterLoc,,
4050,434,filterLoc,,
4050,437,filterLoc,,
4050,440,filterLoc,,
4050,443,filterLoc,,
4050,446,filterLoc,,
4050,449,filterLoc,,
4050,452,filterLoc,,
4050,455,filterLoc,,
4050,458,filterLoc,,
4050,461,filterLoc,,
4050,464,filterLoc,,
4050,467,filterLoc,,
4050,470,filterLoc,,
4050,473,filterLoc,,
4050,476,filterLoc,,
4050,479,filterLoc,,
4050,482,filterLoc,,
4050,485,filterLoc,,
4050,488,filterLoc,,
4050,491,filterLoc,,
4050,494,filterLoc,,
4050,497,filterLoc,,
4050,500,filterLoc,,
4050,503,filterLoc,,
4050,506,filterLoc,,
4050,509,filterLoc,,
4050,512,filterLoc,,
4050,515,filterLoc,,
4050,518,filterLoc,,
4050,521,filterLoc,,
4050,524,filterLoc,,
4050,527,filterLoc,,
4050,530,filterLoc,,
4050,533,filterLoc,,;Evacuee;188;in triage category;G;is leaving helicopter;1
4050,536,filterLoc,,
4050,539,filterLoc,,
4050,542,filterLoc,,
4050,545,filterLoc,,
4050,548,filterLoc,,
4050,551,filterLoc,,
4050,554,filterLoc,,
4050,557,filterLoc,,
4050,560,filterLoc,,
4050,563,filterLoc,,
4050,566,filterLoc,,
4050,569,filterLoc,,
4050,572,filterLoc,,
4050,575,filterLoc,,
4050,578,filterLoc,,
4050,581,filterLoc,,
4050,584,filterLoc,,
4050,587,filterLoc,,
4050,590,filterLoc,,
4050,593,filterLoc,,
4050,596,filterLoc,,
4050,599,filterLoc,,
4050,602,filterLoc,,
4050,605,filterLoc,,
4050,608,filterLoc,,
4050,611,filterLoc,,
4050,614,filterLoc,,
4050,617,filterLoc,,
4050,620,filterLoc,,
4050,623,filterLoc,,
4050,626,filterLoc,,
4050,629,filterLoc,,
4050,632,filterLoc,,
4050,635,filterLoc,,
4050,638,filterLoc,,
4050,641,filterLoc,,
4050,644,filterLoc,,
4050,647,filterLoc,,
4050,650,filterLoc,,
4050,653,filterLoc,,
4050,656,filterLoc,,
4050,659,filterLoc,,
4050,662,filterLoc,,
4050,665,filterLoc,,
4050,668,filterLoc,,
4050,671,filterLoc,,
4050,674,filterLoc,,
4050,677,filterLoc,,
4050,680,filterLoc,,
4050,683,filterLoc,,
4050,686,filterLoc,,
4050,689,filterLoc,,
4050,692,filterLoc,,
4050,695,filterLoc,,
4050,698,filterLoc,,
4050,701,filterLoc,,
4050,704,filterLoc,,
4050,707,filterLoc,,
4050,710,filterLoc,,
4050,713,filterLoc,,
4050,716,filterLoc,,
4050,719,filterLoc,,
4050,722,filterLoc,,
4050,725,filterLoc,,
4050,728,filterLoc,,
4050,731,filterLoc,,
4050,734,filterLoc,,
4050,737,filterLoc,,
4050,740,filterLoc,,
4050,743,filterLoc,,
4050,746,filterLoc,,
4050,749,filterLoc,,
4050,752,filterLoc,,
4050,755,filterLoc,,
4050,758,filterLoc,,
4050,761,filterLoc,,
4050,764,filterLoc,,
4050,767,filterLoc,,
4050,770,filterLoc,,
4050,773,filterLoc,,
4050,776,filterLoc,,
4050,779,filterLoc,,
4050,782,filterLoc,,
4050,785,filterLoc,,
4050,788,filterLoc,,
4050,791,filterLoc,,
4050,794,filterLoc,,
4050,797,filterLoc,,
4050,800,filterLoc,,
4050,803,filterLoc,,
4050,806,filterLoc,,
4050,809,filterLoc,,
4050,812,filterLoc,,
4050,815,filterLoc,,
4050,818,filterLoc,,
4050,821,filterLoc,,
4050,824,filterLoc,,
4050,827,filterLoc,,
4050,830,filterLoc,,
4050,833,filterLoc,,
4050,836,filterLoc,,
4050,839,filterLoc,,
4050,842,filterLoc,,
4050,845,filterLoc,,
4050,848,filterLoc,,
4050,851,filterLoc,,
4050,854,filterLoc,,
4050,857,filterLoc,,
4050,860,filterLoc,,
4050,863,filterLoc,,
4050,866,filterLoc,,
4050,869,filterLoc,,
4050,872,filterLoc,,
4050,875,filterLoc,,
4050,878,filterLoc,,
4050,881,filterLoc,,
4050,884,filterLoc,,
4050,887,filterLoc,,
4050,890,filterLoc,,
4050,893,filterLoc,,
4050,896,filterLoc,,
4050,899,filterLoc,,
4050,902,filterLoc,,;Evacuee;173;in triage category;G;is leaving helicopter;1
4050,905,filterLoc,,
4050,908,filterLoc,,
4050,911,filterLoc,,
4050,914,filterLoc,,
4050,917,filterLoc,,
4050,920,filterLoc,,
4050,923,filterLoc,,
4050,926,filterLoc,,
4050,929,filterLoc,,
4050,932,filterLoc,,
4050,935,filterLoc,,
4050,938,filterLoc,,
4050,941,filterLoc,,
4050,944,filterLoc,,
4050,947,filterLoc,,
4050,950,filterLoc,,
4050,953,filterLoc,,
4050,956,filterLoc,,
4050,959,filterLoc,,
4050,962,filterLoc,,
4050,965,filterLoc,,
4050,968,filterLoc,,
4050,971,filterLoc,,
4050,974,filterLoc,,
4050,977,filterLoc,,
4050,980,filterLoc,,
4050,983,filterLoc,,
4050,986,filterLoc,,
4050,989,filterLoc,,
4050,992,filterLoc,,
4050,995,filterLoc,,
4050,998,filterLoc,,
4050,1001,filterLoc,,
4050,1004,filterLoc,,
4050,1007,filterLoc,,
4050,1010,filterLoc,,
4050,1013,filterLoc,,
4050,1016,filterLoc,,
4050,1019,filterLoc,,
4050,1022,filterLoc,,
4050,1025,filterLoc,,
4050,1028,filterLoc,,
4050,1031,filterLoc,,
4050,1034,filterLoc,,
4050,1037,filterLoc,,
4050,1040,filterLoc,,
4050,1043,filterLoc,,
4050,1046,filterLoc,,
4050,1049,filterLoc,,
4050,1052,filterLoc,,
4050,1055,filterLoc,,
4050,1058,filterLoc,,
4050,1061,filterLoc,,
4050,1064,filterLoc,,
4050,1067,filterLoc,,
4050,1070,filterLoc,,
4050,1073,filterLoc,,
4050,1076,filterLoc,,
4050,1079,filterLoc,,
4050,1082,filterLoc,,
4050,1085,filterLoc,,
4050,1088,filterLoc,,
4050,1091,filterLoc,,
4050,1094,filterLoc,,
4050,1097,filterLoc,,
4050,1100,filterLoc,,
4050,1103,filterLoc,,
4050,1106,filterLoc,,
4050,1109,filterLoc,,
4050,1112,filterLoc,,
4050,1115,filterLoc,,
4050,1118,filterLoc,,
4050,1121,filterLoc,,;Evacuee;175;in triage category;G;is leaving helicopter;1
4050,1124,filterLoc,,
4050,1127,filterLoc,,
4050,1130,filterLoc,,
4050,1133,filterLoc,,
4050,1136,filterLoc,,
4050,1139,filterLoc,,
4050,1142,filterLoc,,
4050,1145,filterLoc,,
4050,1148,filterLoc,,
4050,1153,helicopter,outEvac,Evacuee 167 in triage category G is not assigned a helicopter
4050,1153,helicopter,outEvac,Evacuee 168 in triage category G is not assigned a helicopter
4050,1153,helicopter,outEvac,Evacuee 173 in triage category G is not assigned a helicopter
4050,1153,helicopter,outEvac,Evacuee 175 in triage category G is not assigned a helicopter
4050,1153,helicopter,outEvac,Evacuee 178 in triage category G is not assigned a helicopter
4050,1153,helicopter,outEvac,Evacuee 188 in triage category G is not assigned a helicopter
4050,1153,helicopter,outEvac,Evacuee 191 in triage category G is not assigned a helicopter
4050,1153,helicopter,outEvac,Evacuee 193 in triage category G is not assigned a helicopter
4050,1153,helicopter,outEvac,Evacuee 194 in triage category G is not assigned a helicopter
4050,1153,helicopter,outEvac,Evacuee 195 in triage category G is not assigned a helicopter
4050,1153,helicopter,,Helicopter;1;is unloading people at the FOL;;and has;0;spots taken
4050,1155,filterLoc,,
4050,1158,filterLoc,,
4050,1161,filterLoc,,
4050,1164,filterLoc,,
4050,1167,filterLoc,,
4050,1170,filterLoc,,
4050,1173,filterLoc,,
4050,1176,filterLoc,,
4050,1179,filterLoc,,
4050,1182,filterLoc,,
4050,1185,filterLoc,,
4050,1188,filterLoc,,
4050,1191,filterLoc,,
4050,1194,filterLoc,,
4050,1197,filterLoc,,;Evacuee;194;in triage category;G;is leaving helicopter;1
4050,1200,filterLoc,,
4050,1203,filterLoc,,
4050,1206,filterLoc,,
4050,1209,filterLoc,,
4050,1212,filterLoc,,
4050,1215,filterLoc,,
4050,1218,filterLoc,,
4050,1221,filterLoc,,
4050,1224,filterLoc,,
4050,1227,filterLoc,,
4050,1230,filterLoc,,
4050,1233,filterLoc,,
4050,1236,filterLoc,,
4050,1239,filterLoc,,
4050,1242,filterLoc,,
4050,1245,filterLoc,,
4050,1248,filterLoc,,
4050,1251,filterLoc,,
4050,1254,filterLoc,,
4050,1257,filterLoc,,
4050,1260,filterLoc,,
4050,1263,filterLoc,,;Evacuee;178;in triage category;G;is leaving helicopter;1
4050,1266,filterLoc,,
4050,1269,filterLoc,,
4050,1272,filterLoc,,;Evacuee;167;in triage category;G;is leaving helicopter;1
4050,1275,filterLoc,,
4050,1278,filterLoc,,;Evacuee;168;in triage category;G;is leaving helicopter;1
4050,1281,filterLoc,,
4050,1284,filterLoc,,
4050,1287,filterLoc,,
4050,1290,filterLoc,,
4050,1293,filterLoc,,
4050,1296,filterLoc,,
4050,1299,filterLoc,,
4050,1302,filterLoc,,
4050,1305,filterLoc,,
4050,1308,filterLoc,,
4050,1311,filterLoc,,
4050,1314,filterLoc,,
4050,1317,filterLoc,,
4050,1320,filterLoc,,
4050,1323,filterLoc,,
4050,1326,filterLoc,,
4050,1329,filterLoc,,
4050,1332,filterLoc,,
4050,1335,filterLoc,,
4050,1338,filterLoc,,;Evacuee;191;in triage category;G;is leaving helicopter;1
4050,1341,filterLoc,,
4050,1344,filterLoc,,
4050,1347,filterLoc,,;Evacuee;193;in triage category;G;is leaving helicopter;1
4050,1350,filterLoc,,;Evacuee;195;in triage category;G;is leaving helicopter;1
4050,1353,filterLoc,,
4050,1356,filterLoc,,
4050,1359,filterLoc,,
4050,1362,filterLoc,,
4050,1365,filterLoc,,
4050,1368,filterLoc,,
4050,1371,filterLoc,,
4050,1374,filterLoc,,
4050,1377,filterLoc,,
4050,1380,filterLoc,,
4050,1383,filterLoc,,
4050,1386,filterLoc,,
4050,1389,filterLoc,,
4050,1392,filterLoc,,
4050,1395,filterLoc,,
4050,1398,filterLoc,,
4050,1401,filterLoc,,
4050,1404,filterLoc,,
4050,1407,filterLoc,,
4050,1410,filterLoc,,
4050,1413,filterLoc,,
4050,1416,filterLoc,,
4050,1419,filterLoc,,
4050,1422,filterLoc,,
4050,1425,filterLoc,,
4050,1428,filterLoc,,
4050,1431,filterLoc,,
4050,1434,filterLoc,,
4050,1437,filterLoc,,
4050,1440,filterLoc,,
4050,1443,filterLoc,,
4050,1446,filterLoc,,
4050,1449,filterLoc,,
4050,1452,filterLoc,,
4050,1455,filterLoc,,
4050,1458,filterLoc,,
4050,1461,filterLoc,,
4050,1464,filterLoc,,
4050,1467,filterLoc,,
4050,1470,filterLoc,,
4050,1473,filterLoc,,
4050,1476,filterLoc,,
4050,1479,filterLoc,,
4050,1482,filterLoc,,
4050,1485,filterLoc,,
4050,1488,filterLoc,,
4050,1491,filterLoc,,
4050,1494,filterLoc,,
4050,1497,filterLoc,,
4050,1500,filterLoc,,
4050,1503,filterLoc,,
4050,1506,filterLoc,,
4050,1509,filterLoc,,
4050,533,filterLoc,out,Evacuee 188 in triage category G is not assigned a helicopter
4050,533,filterLoc,,
4050,534,evacuee,,Evacuee;188;in triage state;G;is entering the FOL
4050,902,filterLoc,out,Evacuee 173 in triage category G is not assigned a helicopter
4050,902,filterLoc,,
4050,903,evacuee,,Evacuee;173;in triage state;G;is entering the FOL
4050,1121,filterLoc,out,Evacuee 175 in triage category G is not assigned a helicopter
4050,1121,filterLoc,,
4050,1122,evacuee,,Evacuee;175;in triage state;G;is entering the FOL
4050,1197,filterLoc,out,Evacuee 194 in triage category G is not assigned a helicopter
4050,1197,filterLoc,,
4050,1198,evacuee,,Evacuee;194;in triage state;G;is entering the FOL
4050,1263,filterLoc,out,Evacuee 178 in triage category G is not assigned a helicopter
4050,1263,filterLoc,,
4050,1264,evacuee,,Evacuee;178;in triage state;G;is entering the FOL
4050,1272,filterLoc,out,Evacuee 167 in triage category G is not assigned a helicopter
4050,1272,filterLoc,,
4050,1273,evacuee,,Evacuee;167;in triage state;G;is entering the FOL
4050,1278,filterLoc,out,Evacuee 168 in triage category G is not assigned a helicopter
4050,1278,filterLoc,,
4050,1279,evacuee,,Evacuee;168;in triage state;G;is entering the FOL
4050,1338,filterLoc,out,Evacuee 191 in triage category G is not assigned a helicopter
4050,1338,filterLoc,,
4050,1339,evacuee,,Evacuee;191;in triage state;G;is entering the FOL
4050,1347,filterLoc,out,Evacuee 193 in triage category G is not assigned a helicopter
4050,1347,filterLoc,,
4050,1348,evacuee,,Evacuee;193;in triage state;G;is entering the FOL
4050,1350,filterLoc,out,Evacuee 195 in triage category G is not assigned a helicopter
4050,1350,filterLoc,,
4050,1351,evacuee,,Evacuee;195;in triage state;G;is entering the FOL
4050,219,FOL,,;EvacueeID;2;Triage Status;G;EvacueeID;6;Triage Status;G;EvacueeID;9;Triage Status;G;EvacueeID;12;Triage Status;G;EvacueeID;14;Triage Status;G;EvacueeID;16;Triage Status;G;EvacueeID;20;Triage Status;G;EvacueeID;22;Triage Status;G;EvacueeID;25;Triage Status;G;EvacueeID;27;Triage Status;G;EvacueeID;33;Triage Status;G;EvacueeID;35;Triage Status;G;EvacueeID;36;Triage Status;G;EvacueeID;40;Triage Status;G;EvacueeID;41;Triage Status;G;EvacueeID;44;Triage Status;G;EvacueeID;47;Triage Status;G;EvacueeID;52;Triage Status;G;EvacueeID;56;Triage Status;G;EvacueeID;59;Triage Status;G;EvacueeID;61;Triage Status;G;EvacueeID;63;Triage Status;G;EvacueeID;70;Triage Status;G;EvacueeID;71;Triage Status;G;EvacueeID;74;Triage Status;G;EvacueeID;76;Triage Status;G;EvacueeID;81;Triage Status;G;EvacueeID;83;Triage Status;G;EvacueeID;88;Triage Status;G;EvacueeID;90;Triage Status;G;EvacueeID;92;Triage Status;G;EvacueeID;93;Triage Status;G;EvacueeID;94;Triage Status;G;EvacueeID;96;Triage Status;G;EvacueeID;97;Triage Status;G;EvacueeID;102;Triage Status;G;EvacueeID;104;Triage Status;G;EvacueeID;106;Triage Status;G;EvacueeID;108;Triage Status;G;EvacueeID;109;Triage Status;G;EvacueeID;114;Triage Status;G;EvacueeID;116;Triage Status;G;EvacueeID;119;Triage Status;G;EvacueeID;120;Triage Status;G;EvacueeID;122;Triage Status;G;EvacueeID;125;Triage Status;G;EvacueeID;130;Triage Status;G;EvacueeID;136;Triage Status;G;EvacueeID;138;Triage Status;G;EvacueeID;139;Triage Status;G;EvacueeID;140;Triage Status;G;EvacueeID;143;Triage Status;G;EvacueeID;145;Triage Status;G;EvacueeID;146;Triage Status;G;EvacueeID;148;Triage Status;G;EvacueeID;150;Triage Status;G;EvacueeID;154;Triage Status;G;EvacueeID;155;Triage Status;G;EvacueeID;157;Triage Status;G;EvacueeID;160;Triage Status;G;EvacueeID;167;Triage Status;G;EvacueeID;168;Triage Status;G;EvacueeID;173;Triage Status;G;EvacueeID;175;Triage Status;G;EvacueeID;178;Triage Status;G;EvacueeID;188;Triage Status;G;EvacueeID;191;Triage Status;G;EvacueeID;193;Triage Status;G;EvacueeID;194;Triage Status;G;EvacueeID;195;Triage Status;G;Lives Saved;70
4050,534,evacuee,outFOL,Evacuee 188 in triage category G is not assigned a helicopter
4050,534,evacuee,,Evacuee;188;in triage state;G;is at the FOL
4050,903,evacuee,outFOL,Evacuee 173 in triage category G is not assigned a helicopter
4050,903,evacuee,,Evacuee;173;in triage state;G;is at the FOL
4050,1122,evacuee,outFOL,Evacuee 175 in triage category G is not assigned a helicopter
4050,1122,evacuee,,Evacuee;175;in triage state;G;is at the FOL
4050,1198,evacuee,outFOL,Evacuee 194 in triage category G is not assigned a helicopter
4050,1198,evacuee,,Evacuee;194;in triage state;G;is at the FOL
4050,1264,evacuee,outFOL,Evacuee 178 in triage category G is not assigned a helicopter
4050,1264,evacuee,,Evacuee;178;in triage state;G;is at the FOL
4050,1273,evacuee,outFOL,Evacuee 167 in triage category G is not assigned a helicopter
4050,1273,evacuee,,Evacuee;167;in triage state;G;is at the FOL
4050,1279,evacuee,outFOL,Evacuee 168 in triage category G is not assigned a helicopter
4050,1279,evacuee,,Evacuee;168;in triage state;G;is at the FOL
4050,1339,evacuee,outFOL,Evacuee 191 in triage category G is not assigned a helicopter
4050,1339,evacuee,,Evacuee;191;in triage state;G;is at the FOL
4050,1348,evacuee,outFOL,Evacuee 193 in triage category G is not assigned a helicopter
4050,1348,evacuee,,Evacuee;193;in triage state;G;is at the FOL
4050,1351,evacuee,outFOL,Evacuee 195 in triage category G is not assigned a helicopter
4050,1351,evacuee,,Evacuee;195;in triage state;G;is at the FOL
4050,219,FOL,,;EvacueeID;2;Triage Status;G;EvacueeID;6;Triage Status;G;EvacueeID;9;Triage Status;G;EvacueeID;12;Triage Status;G;EvacueeID;14;Triage Status;G;EvacueeID;16;Triage Status;G;EvacueeID;20;Triage Status;G;EvacueeID;22;Triage Status;G;EvacueeID;25;Triage Status;G;EvacueeID;27;Triage Status;G;EvacueeID;33;Triage Status;G;EvacueeID;35;Triage Status;G;EvacueeID;36;Triage Status;G;EvacueeID;40;Triage Status;G;EvacueeID;41;Triage Status;G;EvacueeID;44;Triage Status;G;EvacueeID;47;Triage Status;G;EvacueeID;52;Triage Status;G;EvacueeID;56;Triage Status;G;EvacueeID;59;Triage Status;G;EvacueeID;61;Triage Status;G;EvacueeID;63;Triage Status;G;EvacueeID;70;Triage Status;G;EvacueeID;71;Triage Status;G;EvacueeID;74;Triage Status;G;EvacueeID;76;Triage Status;G;EvacueeID;81;Triage Status;G;EvacueeID;83;Triage Status;G;EvacueeID;88;Triage Status;G;EvacueeID;90;Triage Status;G;EvacueeID;92;Triage Status;G;EvacueeID;93;Triage Status;G;EvacueeID;94;Triage Status;G;EvacueeID;96;Triage Status;G;EvacueeID;97;Triage Status;G;EvacueeID;102;Triage Status;G;EvacueeID;104;Triage Status;G;EvacueeID;106;Triage Status;G;EvacueeID;108;Triage Status;G;EvacueeID;109;Triage Status;G;EvacueeID;114;Triage Status;G;EvacueeID;116;Triage Status;G;EvacueeID;119;Triage Status;G;EvacueeID;120;Triage Status;G;EvacueeID;122;Triage Status;G;EvacueeID;125;Triage Status;G;EvacueeID;130;Triage Status;G;EvacueeID;136;Triage Status;G;EvacueeID;138;Triage Status;G;EvacueeID;139;Triage Status;G;EvacueeID;140;Triage Status;G;EvacueeID;143;Triage Status;G;EvacueeID;145;Triage Status;G;EvacueeID;146;Triage Status;G;EvacueeID;148;Triage Status;G;EvacueeID;150;Triage Status;G;EvacueeID;154;Triage Status;G;EvacueeID;155;Triage Status;G;EvacueeID;157;Triage Status;G;EvacueeID;160;Triage Status;G;EvacueeID;167;Triage Status;G;EvacueeID;168;Triage Status;G;EvacueeID;173;Triage Status;G;EvacueeID;175;Triage Status;G;EvacueeID;178;Triage Status;G;EvacueeID;188;Triage Status;G;EvacueeID;191;Triage Status;G;EvacueeID;193;Triage Status;G;EvacueeID;194;Triage Status;G;EvacueeID;195;Triage Status;G;Lives Saved;70
4065,1153,helicopter,,Helicopter;1;Is going to the evacuation site;;and has;0;spots taken
4083.18,3,evacueeManager,,OFF SHIP: White;0;Green;65;Yellow;19;Red;1;Black;345;ON SHIP: White;0;Green;0;Yellow;0;Red;0;Evacuees to Transfer;
4083.18,438,evacuee,outES,Evacuee 264 in triage category Y is not assigned a helicopter
4083.18,438,evacuee,,Evacuee;264;in triage state;R;is at the evacuation site
4091.73,3,evacueeManager,,OFF SHIP: White;0;Green;65;Yellow;18;Red;2;Black;345;ON SHIP: White;0;Green;0;Yellow;0;Red;0;Evacuees to Transfer;
4091.73,1477,evacuee,outES,Evacuee 243 in triage category Y is not assigned a helicopter
4091.73,1477,evacuee,,Evacuee;243;in triage state;R;is at the evacuation site
4093.33,3,evacueeManager,,OFF SHIP: White;0;Green;65;Yellow;18;Red;1;Black;346;ON SHIP: White;0;Green;0;Yellow;0;Red;0;Evacuees to Transfer;
4093.33,1477,evacuee,outES,Evacuee 243 in triage category R is not assigned a helicopter
4093.33,1477,evacuee,,Evacuee;243;in triage state;B;is at the evacuation site
4114.6,3,evacueeManager,,OFF SHIP: White;0;Green;64;Yellow;19;Red;1;Black;346;ON SHIP: White;0;Green;0;Yellow;0;Red;0;Evacuees to Transfer;
4114.6,303,evacuee,outES,Evacuee 365 in triage category G is not assigned a helicopter
4114.6,303,evacuee,,Evacuee;365;in triage state;Y;is at the evacuation site
4140,5,helicopterQueue,,1;Helos are waiting to land;HeloID;1
4140,1153,helicopter,outES,Helicopter 1 is evacuating people1
4140,1153,helicopter,,Helicopter;1;is waiting to land at the evacuation site;;and has;0;spots taken
4140,4,helipadManager,,;No helos are at ES
4140,5,helicopterQueue,outHM,Helicopter 1 is evacuating people1
4140,5,helicopterQueue,outHelo,Helicopter 1 is evacuating people1
4140,5,helicopterQueue,,;No helos are waiting to land
4140,1152,filterES,,Helicopter;1;is evacuating people
4140,3,evacueeManager,,OFF SHIP: White;0;Green;54;Yellow;19;Red;1;Black;346;ON SHIP: White;0;Green;0;Yellow;0;Red;0;Evacuees to Transfer;;EvacueeID;198;HeloID;1;OnShip;0;Triage Status;G;EvacueeID;214;HeloID;1;OnShip;0;Triage Status;G;EvacueeID;216;HeloID;1;OnShip;0;Triage Status;G;EvacueeID;219;HeloID;1;OnShip;0;Triage Status;G;EvacueeID;221;HeloID;1;OnShip;0;Triage Status;G;EvacueeID;247;HeloID;1;OnShip;0;Triage Status;G;EvacueeID;248;HeloID;1;OnShip;0;Triage Status;G;EvacueeID;249;HeloID;1;OnShip;0;Triage Status;G;EvacueeID;254;HeloID;1;OnShip;0;Triage Status;G;EvacueeID;265;HeloID;1;OnShip;0;Triage Status;G
4140,4,helipadManager,outEM,Helicopter 1 is evacuating people1
4140,4,helipadManager,,Helo;1;is at the ES
4140,1152,filterES,out,Helicopter 1 is evacuating people1
4140,1152,filterES,,
4140,1153,helicopter,,Helicopter;1;is waiting to land at the evacuation site;;and has;0;spots taken
4140,3,evacueeManager,outEvac,Evacuee 198 in triage category G is assigned helicopter 1
4140,3,evacueeManager,outEvac,Evacuee 214 in triage category G is assigned helicopter 1
4140,3,evacueeManager,outEvac,Evacuee 216 in triage category G is assigned helicopter 1
4140,3,evacueeManager,outEvac,Evacuee 219 in triage category G is assigned helicopter 1
4140,3,evacueeManager,outEvac,Evacuee 221 in triage category G is assigned helicopter 1
4140,3,evacueeManager,outEvac,Evacuee 247 in triage category G is assigned helicopter 1
4140,3,evacueeManager,outEvac,Evacuee 248 in triage category G is assigned helicopter 1
4140,3,evacueeManager,outEvac,Evacuee 249 in triage category G is assigned helicopter 1
4140,3,evacueeManager,outEvac,Evacuee 254 in triage category G is assigned helicopter 1
4140,3,evacueeManager,outEvac,Evacuee 265 in triage category G is assigned helicopter 1
4140,3,evacueeManager,,OFF SHIP: White;0;Green;54;Yellow;19;Red;1;Black;346;ON SHIP: White;0;Green;0;Yellow;0;Red;0;Evacuees to Transfer;
4140,7,filterLoc,,
4140,10,filterLoc,,
4140,13,filterLoc,,
4140,16,filterLoc,,
4140,19,filterLoc,,
4140,22,filterLoc,,
4140,25,filterLoc,,
4140,28,filterLoc,,
4140,31,filterLoc,,
4140,34,filterLoc,,
4140,37,filterLoc,,
4140,40,filterLoc,,
4140,43,filterLoc,,
4140,46,filterLoc,,
4140,49,filterLoc,,
4140,52,filterLoc,,
4140,55,filterLoc,,
4140,58,filterLoc,,
4140,61,filterLoc,,
4140,64,filterLoc,,
4140,67,filterLoc,,
4140,70,filterLoc,,
4140,73,filterLoc,,
4140,76,filterLoc,,
4140,79,filterLoc,,
4140,82,filterLoc,,
4140,85,filterLoc,,
4140,88,filterLoc,,
4140,91,filterLoc,,
4140,94,filterLoc,,
4140,97,filterLoc,,
4140,100,filterLoc,,
4140,103,filterLoc,,
4140,106,filterLoc,,
4140,109,filterLoc,,
4140,112,filterLoc,,
4140,115,filterLoc,,
4140,118,filterLoc,,
4140,121,filterLoc,,
4140,124,filterLoc,,
4140,127,filterLoc,,
4140,130,filterLoc,,
4140,133,filterLoc,,
4140,136,filterLoc,,
4140,139,filterLoc,,
4140,142,filterLoc,,
4140,145,filterLoc,,
4140,148,filterLoc,,
4140,151,filterLoc,,
4140,154,filterLoc,,
4140,157,filterLoc,,
4140,160,filterLoc,,
4140,163,filterLoc,,
4140,166,filterLoc,,
4140,169,filterLoc,,
4140,172,filterLoc,,
4140,175,filterLoc,,
4140,178,filterLoc,,
4140,181,filterLoc,,
4140,184,filterLoc,,
4140,187,filterLoc,,
4140,190,filterLoc,,
4140,193,filterLoc,,
4140,196,filterLoc,,
4140,199,filterLoc,,
4140,202,filterLoc,,
4140,205,filterLoc,,
4140,208,filterLoc,,
4140,211,filterLoc,,
4140,214,filterLoc,,
4140,217,filterLoc,,
4140,221,filterLoc,,
4140,224,filterLoc,,
4140,227,filterLoc,,
4140,230,filterLoc,,
4140,233,filterLoc,,
4140,236,filterLoc,,
4140,239,filterLoc,,
4140,242,filterLoc,,
4140,245,filterLoc,,
4140,248,filterLoc,,
4140,251,filterLoc,,
4140,254,filterLoc,,
4140,257,filterLoc,,
4140,260,filterLoc,,
4140,263,filterLoc,,
4140,266,filterLoc,,
4140,269,filterLoc,,
4140,272,filterLoc,,
4140,275,filterLoc,,
4140,278,filterLoc,,
4140,281,filterLoc,,
4140,284,filterLoc,,
4140,287,filterLoc,,
4140,290,filterLoc,,
4140,293,filterLoc,,
4140,296,filterLoc,,
4140,299,filterLoc,,
4140,302,filterLoc,,
4140,305,filterLoc,,
4140,308,filterLoc,,
4140,311,filterLoc,,
4140,314,filterLoc,,
4140,317,filterLoc,,
4140,320,filterLoc,,
4140,323,filterLoc,,
4140,326,filterLoc,,
4140,329,filterLoc,,
4140,332,filterLoc,,
4140,335,filterLoc,,
4140,338,filterLoc,,
4140,341,filterLoc,,
4140,344,filterLoc,,
4140,347,filterLoc,,
4140,350,filterLoc,,
4140,353,filterLoc,,
4140,356,filterLoc,,
4140,359,filterLoc,,
4140,362,filterLoc,,
4140,365,filterLoc,,
4140,368,filterLoc,,
4140,371,filterLoc,,
4140,374,filterLoc,,
4140,377,filterLoc,,
4140,380,filterLoc,,
4140,383,filterLoc,,
4140,386,filterLoc,,
4140,389,filterLoc,,
4140,392,filterLoc,,
4140,395,filterLoc,,
4140,398,filterLoc,,
4140,401,filterLoc,,
4140,404,filterLoc,,
4140,407,filterLoc,,
4140,410,filterLoc,,
4140,413,filterLoc,,
4140,416,filterLoc,,
4140,419,filterLoc,,
4140,422,filterLoc,,
4140,425,filterLoc,,
4140,428,filterLoc,,
4140,431,filterLoc,,
4140,434,filterLoc,,
4140,437,filterLoc,,
4140,440,filterLoc,,
4140,443,filterLoc,,
4140,446,filterLoc,,
4140,449,filterLoc,,
4140,452,filterLoc,,
4140,455,filterLoc,,
4140,458,filterLoc,,
4140,461,filterLoc,,
4140,464,filterLoc,,
4140,467,filterLoc,,
4140,470,filterLoc,,
4140,473,filterLoc,,
4140,476,filterLoc,,
4140,479,filterLoc,,
4140,482,filterLoc,,
4140,485,filterLoc,,
4140,488,filterLoc,,
4140,491,filterLoc,,
4140,494,filterLoc,,
4140,497,filterLoc,,
4140,500,filterLoc,,
4140,503,filterLoc,,
4140,506,filterLoc,,
4140,509,filterLoc,,
4140,512,filterLoc,,
4140,515,filterLoc,,
4140,518,filterLoc,,
4140,521,filterLoc,,
4140,524,filterLoc,,
4140,527,filterLoc,,
4140,530,filterLoc,,
4140,533,filterLoc,,
4140,536,filterLoc,,
4140,539,filterLoc,,
4140,542,filterLoc,,
4140,545,filterLoc,,
4140,548,filterLoc,,
4140,551,filterLoc,,
4140,554,filterLoc,,
4140,557,filterLoc,,
4140,560,filterLoc,,
4140,563,filterLoc,,
4140,566,filterLoc,,
4140,569,filterLoc,,
4140,572,filterLoc,,
4140,575,filterLoc,,
4140,578,filterLoc,,
4140,581,filterLoc,,
4140,584,filterLoc,,
4140,587,filterLoc,,
4140,590,filterLoc,,
4140,593,filterLoc,,
4140,596,filterLoc,,
4140,599,filterLoc,,
4140,602,filterLoc,,
4140,605,filterLoc,,
4140,608,filterLoc,,
4140,611,filterLoc,,
4140,614,filterLoc,,
4140,617,filterLoc,,
4140,620,filterLoc,,
4140,623,filterLoc,,
4140,626,filterLoc,,
4140,629,filterLoc,,
4140,632,filterLoc,,
4140,635,filterLoc,,
4140,638,filterLoc,,
4140,641,filterLoc,,
4140,644,filterLoc,,
4140,647,filterLoc,,
4140,650,filterLoc,,
4140,653,filterLoc,,
4140,656,filterLoc,,
4140,659,filterLoc,,
4140,662,filterLoc,,
4140,665,filterLoc,,
4140,668,filterLoc,,
4140,671,filterLoc,,
4140,674,filterLoc,,
4140,677,filterLoc,,
4140,680,filterLoc,,
4140,683,filterLoc,,
4140,686,filterLoc,,
4140,689,filterLoc,,
4140,692,filterLoc,,
4140,695,filterLoc,,
4140,698,filterLoc,,
4140,701,filterLoc,,
4140,704,filterLoc,,
4140,707,filterLoc,,
4140,710,filterLoc,,
4140,713,filterLoc,,
4140,716,filterLoc,,
4140,719,filterLoc,,
4140,722,filterLoc,,
4140,725,filterLoc,,
4140,728,filterLoc,,
4140,731,filterLoc,,
4140,734,filterLoc,,
4140,737,filterLoc,,
4140,740,filterLoc,,
4140,743,filterLoc,,
4140,746,filterLoc,,
4140,749,filterLoc,,
4140,752,filterLoc,,
4140,755,filterLoc,,
4140,758,filterLoc,,
4140,761,filterLoc,,
4140,764,filterLoc,,
4140,767,filterLoc,,
4140,770,filterLoc,,
4140,773,filterLoc,,
4140,776,filterLoc,,
4140,779,filterLoc,,
4140,782,filterLoc,,
4140,785,filterLoc,,
4140,788,filterLoc,,
4140,791,filterLoc,,
4140,794,filterLoc,,
4140,797,filterLoc,,
4140,800,filterLoc,,
4140,803,filterLoc,,
4140,806,filterLoc,,
4140,809,filterLoc,,
4140,812,filterLoc,,
4140,815,filterLoc,,
4140,818,filterLoc,,
4140,821,filterLoc,,
4140,824,filterLoc,,
4140,827,filterLoc,,
4140,830,filterLoc,,
4140,833,filterLoc,,
4140,836,filterLoc,,
4140,839,filterLoc,,
4140,842,filterLoc,,
4140,845,filterLoc,,
4140,848,filterLoc,,
4140,851,filterLoc,,
4140,854,filterLoc,,
4140,857,filterLoc,,
4140,860,filterLoc,,
4140,863,filterLoc,,
4140,866,filterLoc,,
4140,869,filterLoc,,
4140,872,filterLoc,,
4140,875,filterLoc,,
4140,878,filterLoc,,
4140,881,filterLoc,,
4140,884,filterLoc,,
4140,887,filterLoc,,
4140,890,filterLoc,,
4140,893,filterLoc,,
4140,896,filterLoc,,
4140,899,filterLoc,,
4140,902,filterLoc,,
4140,905,filterLoc,,
4140,908,filterLoc,,
4140,911,filterLoc,,
4140,914,filterLoc,,
4140,917,filterLoc,,
4140,920,filterLoc,,
4140,923,filterLoc,,
4140,926,filterLoc,,
4140,929,filterLoc,,
4140,932,filterLoc,,
4140,935,filterLoc,,
4140,938,filterLoc,,
4140,941,filterLoc,,
4140,944,filterLoc,,
4140,947,filterLoc,,
4140,950,filterLoc,,
4140,953,filterLoc,,
4140,956,filterLoc,,
4140,959,filterLoc,,
4140,962,filterLoc,,
4140,965,filterLoc,,
4140,968,filterLoc,,
4140,971,filterLoc,,
4140,974,filterLoc,,
4140,977,filterLoc,,
4140,980,filterLoc,,
4140,983,filterLoc,,
4140,986,filterLoc,,
4140,989,filterLoc,,
4140,992,filterLoc,,
4140,995,filterLoc,,
4140,998,filterLoc,,
4140,1001,filterLoc,,
4140,1004,filterLoc,,
4140,1007,filterLoc,,
4140,1010,filterLoc,,
4140,1013,filterLoc,,
4140,1016,filterLoc,,
4140,1019,filterLoc,,
4140,1022,filterLoc,,
4140,1025,filterLoc,,
4140,1028,filterLoc,,
4140,1031,filterLoc,,
4140,1034,filterLoc,,
4140,1037,filterLoc,,
4140,1040,filterLoc,,
4140,1043,filterLoc,,
4140,1046,filterLoc,,
4140,1049,filterLoc,,
4140,1052,filterLoc,,
4140,1055,filterLoc,,;Evacuee;198;in triage category;G;is entering helicopter;1
4140,1058,filterLoc,,
4140,1061,filterLoc,,
4140,1064,filterLoc,,
4140,1067,filterLoc,,
4140,1070,filterLoc,,
4140,1073,filterLoc,,
4140,1076,filterLoc,,
4140,1079,filterLoc,,
4140,1082,filterLoc,,
4140,1085,filterLoc,,
4140,1088,filterLoc,,
4140,1091,filterLoc,,
4140,1094,filterLoc,,
4140,1097,filterLoc,,
4140,1100,filterLoc,,
4140,1103,filterLoc,,
4140,1106,filterLoc,,
4140,1109,filterLoc,,
4140,1112,filterLoc,,
4140,1115,filterLoc,,
4140,1118,filterLoc,,
4140,1121,filterLoc,,
4140,1124,filterLoc,,
4140,1127,filterLoc,,
4140,1130,filterLoc,,
4140,1133,filterLoc,,
4140,1136,filterLoc,,
4140,1139,filterLoc,,
4140,1142,filterLoc,,
4140,1145,filterLoc,,
4140,1148,filterLoc,,
4140,1153,helicopter,,Helicopter;1;is loading people at the evacuation site;;and has;0;spots taken
4140,1155,filterLoc,,
4140,1158,filterLoc,,
4140,1161,filterLoc,,
4140,1164,filterLoc,,
4140,1167,filterLoc,,
4140,1170,filterLoc,,
4140,1173,filterLoc,,
4140,1176,filterLoc,,
4140,1179,filterLoc,,
4140,1182,filterLoc,,
4140,1185,filterLoc,,
4140,1188,filterLoc,,
4140,1191,filterLoc,,;Evacuee;265;in triage category;G;is entering helicopter;1
4140,1194,filterLoc,,
4140,1197,filterLoc,,
4140,1200,filterLoc,,
4140,1203,filterLoc,,
4140,1206,filterLoc,,
4140,1209,filterLoc,,
4140,1212,filterLoc,,
4140,1215,filterLoc,,
4140,1218,filterLoc,,
4140,1221,filterLoc,,
4140,1224,filterLoc,,
4140,1227,filterLoc,,
4140,1230,filterLoc,,
4140,1233,filterLoc,,
4140,1236,filterLoc,,
4140,1239,filterLoc,,
4140,1242,filterLoc,,
4140,1245,filterLoc,,
4140,1248,filterLoc,,
4140,1251,filterLoc,,
4140,1254,filterLoc,,
4140,1257,filterLoc,,
4140,1260,filterLoc,,
4140,1263,filterLoc,,
4140,1266,filterLoc,,
4140,1269,filterLoc,,
4140,1272,filterLoc,,
4140,1275,filterLoc,,
4140,1278,filterLoc,,
4140,1281,filterLoc,,
4140,1284,filterLoc,,
4140,1287,filterLoc,,
4140,1290,filterLoc,,
4140,1293,filterLoc,,
4140,1296,filterLoc,,
4140,1299,filterLoc,,
4140,1302,filterLoc,,
4140,1305,filterLoc,,
4140,1308,filterLoc,,
4140,1311,filterLoc,,
4140,1314,filterLoc,,
4140,1317,filterLoc,,
4140,1320,filterLoc,,
4140,1323,filterLoc,,
4140,1326,filterLoc,,
4140,1329,filterLoc,,
4140,1332,filterLoc,,
4140,1335,filterLoc,,
4140,1338,filterLoc,,
4140,1341,filterLoc,,
4140,1344,filterLoc,,;Evacuee;249;in triage category;G;is entering helicopter;1
4140,1347,filterLoc,,
4140,1350,filterLoc,,
4140,1353,filterLoc,,
4140,1356,filterLoc,,
4140,1359,filterLoc,,
4140,1362,filterLoc,,
4140,1365,filterLoc,,
4140,1368,filterLoc,,
4140,1371,filterLoc,,
4140,1374,filterLoc,,
4140,1377,filterLoc,,
4140,1380,filterLoc,,
4140,1383,filterLoc,,
4140,1386,filterLoc,,
4140,1389,filterLoc,,
4140,1392,filterLoc,,
4140,1395,filterLoc,,
4140,1398,filterLoc,,
4140,1401,filterLoc,,
4140,1404,filterLoc,,
4140,1407,filterLoc,,
4140,1410,filterLoc,,
4140,1413,filterLoc,,;Evacuee;214;in triage category;G;is entering helicopter;1
4140,1416,filterLoc,,
4140,1419,filterLoc,,;Evacuee;216;in triage category;G;is entering helicopter;1
4140,1422,filterLoc,,;Evacuee;219;in triage category;G;is entering helicopter;1
4140,1425,filterLoc,,;Evacuee;221;in triage category;G;is entering helicopter;1
4140,1428,filterLoc,,
4140,1431,filterLoc,,
4140,1434,filterLoc,,
4140,1437,filterLoc,,
4140,1440,filterLoc,,
4140,1443,filterLoc,,
4140,1446,filterLoc,,
4140,1449,filterLoc,,
4140,1452,filterLoc,,
4140,1455,filterLoc,,
4140,1458,filterLoc,,
4140,1461,filterLoc,,
4140,1464,filterLoc,,
4140,1467,filterLoc,,
4140,1470,filterLoc,,
4140,1473,filterLoc,,
4140,1476,filterLoc,,
4140,1479,filterLoc,,
4140,1482,filterLoc,,
4140,1485,filterLoc,,;Evacuee;247;in triage category;G;is entering helicopter;1
4140,1488,filterLoc,,
4140,1491,filterLoc,,;Evacuee;248;in triage category;G;is entering helicopter;1
4140,1494,filterLoc,,
4140,1497,filterLoc,,
4140,1500,filterLoc,,;Evacuee;254;in triage category;G;is entering helicopter;1
4140,1503,filterLoc,,
4140,1506,filterLoc,,
4140,1509,filterLoc,,
4140,1055,filterLoc,out,Evacuee 198 in triage category G is assigned helicopter 1
4140,1055,filterLoc,,
4140,1056,evacuee,,Evacuee;198;in triage state;G;is entering helicopter;1
4140,1191,filterLoc,out,Evacuee 265 in triage category G is assigned helicopter 1
4140,1191,filterLoc,,
4140,1192,evacuee,,Evacuee;265;in triage state;G;is entering helicopter;1
4140,1344,filterLoc,out,Evacuee 249 in triage category G is assigned helicopter 1
4140,1344,filterLoc,,
4140,1345,evacuee,,Evacuee;249;in triage state;G;is entering helicopter;1
4140,1413,filterLoc,out,Evacuee 214 in triage category G is assigned helicopter 1
4140,1413,filterLoc,,
4140,1414,evacuee,,Evacuee;214;in triage state;G;is entering helicopter;1
4140,1419,filterLoc,out,Evacuee 216 in triage category G is assigned helicopter 1
4140,1419,filterLoc,,
4140,1420,evacuee,,Evacuee;216;in triage state;G;is entering helicopter;1
4140,1422,filterLoc,out,Evacuee 219 in triage category G is assigned helicopter 1
4140,1422,filterLoc,,
4140,1423,evacuee,,Evacuee;219;in triage state;G;is entering helicopter;1
4140,1425,filterLoc,out,Evacuee 221 in triage category G is assigned helicopter 1
4140,1425,filterLoc,,
4140,1426,evacuee,,Evacuee;221;in triage state;G;is entering helicopter;1
4140,1485,filterLoc,out,Evacuee 247 in triage category G is assigned helicopter 1
4140,1485,filterLoc,,
4140,1486,evacuee,,Evacuee;247;in triage state;G;is entering helicopter;1
4140,1491,filterLoc,out,Evacuee 248 in triage category G is assigned helicopter 1
4140,1491,filterLoc,,
4140,1492,evacuee,,Evacuee;248;in triage state;G;is entering helicopter;1
4140,1500,filterLoc,out,Evacuee 254 in triage category G is assigned helicopter 1
4140,1500,filterLoc,,
4140,1501,evacuee,,Evacuee;254;in triage state;G;is entering helicopter;1
4140,1056,evacuee,outHelo,Evacuee 198 in triage category G is assigned helicopter 1
4140,1056,evacuee,,Evacuee;198;in triage state;G;is in helicopter;1
4140,1151,filterEvac,,;Evacuee;198;in triage category;G;is entering helicopter;1;Evacuee;214;in triage category;G;is entering helicopter;1;Evacuee;216;in triage category;G;is entering helicopter;1;Evacuee;219;in triage category;G;is entering helicopter;1;Evacuee;221;in triage category;G;is entering helicopter;1;Evacuee;247;in triage category;G;is entering helicopter;1;Evacuee;248;in triage category;G;is entering helicopter;1;Evacuee;249;in triage category;G;is entering helicopter;1;Evacuee;254;in triage category;G;is entering helicopter;1;Evacuee;265;in triage category;G;is entering helicopter;1
4140,1192,evacuee,outHelo,Evacuee 265 in triage category G is assigned helicopter 1
4140,1192,evacuee,,Evacuee;265;in triage state;G;is in helicopter;1
4140,1345,evacuee,outHelo,Evacuee 249 in triage category G is assigned helicopter 1
4140,1345,evacuee,,Evacuee;249;in triage state;G;is in helicopter;1
4140,1414,evacuee,outHelo,Evacuee 214 in triage category G is assigned helicopter 1
4140,1414,evacuee,,Evacuee;214;in triage state;G;is in helicopter;1
4140,1420,evacuee,outHelo,Evacuee 216 in triage category G is assigned helicopter 1
4140,1420,evacuee,,Evacuee;216;in triage state;G;is in helicopter;1
4140,1423,evacuee,outHelo,Evacuee 219 in triage category G is assigned helicopter 1
4140,1423,evacuee,,Evacuee;219;in triage state;G;is in helicopter;1
4140,1426,evacuee,outHelo,Evacuee 221 in triage category G is assigned helicopter 1
4140,1426,evacuee,,Evacuee;221;in triage state;G;is in helicopter;1
4140,1486,evacuee,outHelo,Evacuee 247 in triage category G is assigned helicopter 1
4140,1486,evacuee,,Evacuee;247;in triage state;G;is in helicopter;1
4140,1492,evacuee,outHelo,Evacuee 248 in triage category G is assigned helicopter 1
4140,1492,evacuee,,Evacuee;248;in triage state;G;is in helicopter;1
4140,1501,evacuee,outHelo,Evacuee 254 in triage category G is assigned helicopter 1
4140,1501,evacuee,,Evacuee;254;in triage state;G;is in helicopter;1
4140,1151,filterEvac,out,Evacuee 198 in triage category G is assigned helicopter 1
4140,1151,filterEvac,out,Evacuee 214 in triage category G is assigned helicopter 1
4140,1151,filterEvac,out,Evacuee 216 in triage category G is assigned helicopter 1
4140,1151,filterEvac,out,Evacuee 219 in triage category G is assigned helicopter 1
4140,1151,filterEvac,out,Evacuee 221 in triage category G is assigned helicopter 1
4140,1151,filterEvac,out,Evacuee 247 in triage category G is assigned helicopter 1
4140,1151,filterEvac,out,Evacuee 248 in triage category G is assigned helicopter 1
4140,1151,filterEvac,out,Evacuee 249 in triage category G is assigned helicopter 1
4140,1151,filterEvac,out,Evacuee 254 in triage category G is assigned helicopter 1
4140,1151,filterEvac,out,Evacuee 265 in triage category G is assigned helicopter 1
4140,1151,filterEvac,,
4140,1153,helicopter,,Helicopter;1;is loading people at the evacuation site;;and has;10;spots taken
4155,4,helipadManager,outHelo,Helicopter 1 is evacuating people1
4155,4,helipadManager,,;No helos are at ES
4155,1152,filterES,,Helicopter;1;is evacuating people
4155,4,helipadManager,outHQ,0
4155,4,helipadManager,,;No helos are at ES
4155,5,helicopterQueue,,;No helos are waiting to land
4155,1152,filterES,out,Helicopter 1 is evacuating people1
4155,1152,filterES,,
4155,1153,helicopter,,Helicopter;1;is loading people at the evacuation site;;and has;10;spots taken
4155,5,helicopterQueue,,;No helos are waiting to land
4155,1153,helicopter,,Helicopter;1;is returning to the FOL;;and has;10;spots taken
4156.88,3,evacueeManager,,OFF SHIP: White;0;Green;54;Yellow;18;Red;2;Black;346;ON SHIP: White;0;Green;0;Yellow;0;Red;0;Evacuees to Transfer;
4156.88,1035,evacuee,outES,Evacuee 429 in triage category Y is not assigned a helicopter
4156.88,1035,evacuee,,Evacuee;429;in triage state;R;is at the evacuation site
4170.18,3,evacueeManager,,OFF SHIP: White;0;Green;54;Yellow;18;Red;1;Black;347;ON SHIP: White;0;Green;0;Yellow;0;Red;0;Evacuees to Transfer;
4170.18,1035,evacuee,outES,Evacuee 429 in triage category R is not assigned a helicopter
4170.18,1035,evacuee,,Evacuee;429;in triage state;B;is at the evacuation site
4173.47,3,evacueeManager,,OFF SHIP: White;0;Green;53;Yellow;19;Red;1;Black;347;ON SHIP: White;0;Green;0;Yellow;0;Red;0;Evacuees to Transfer;
4173.47,80,evacuee,outES,Evacuee 455 in triage category G is not assigned a helicopter
4173.47,80,evacuee,,Evacuee;455;in triage state;Y;is at the evacuation site
4191.55,3,evacueeManager,,OFF SHIP: White;0;Green;52;Yellow;20;Red;1;Black;347;ON SHIP: White;0;Green;0;Yellow;0;Red;0;Evacuees to Transfer;
4191.55,600,evacuee,outES,Evacuee 342 in triage category G is not assigned a helicopter
4191.55,600,evacuee,,Evacuee;342;in triage state;Y;is at the evacuation site
4200.1,3,evacueeManager,,OFF SHIP: White;0;Green;52;Yellow;19;Red;2;Black;347;ON SHIP: White;0;Green;0;Yellow;0;Red;0;Evacuees to Transfer;
4200.1,228,evacuee,outES,Evacuee 369 in triage category Y is not assigned a helicopter
4200.1,228,evacuee,,Evacuee;369;in triage state;R;is at the evacuation site
4202.99,3,evacueeManager,,OFF SHIP: White;0;Green;52;Yellow;19;Red;1;Black;348;ON SHIP: White;0;Green;0;Yellow;0;Red;0;Evacuees to Transfer;
4202.99,438,evacuee,outES,Evacuee 264 in triage category R is not assigned a helicopter
4202.99,438,evacuee,,Evacuee;264;in triage state;B;is at the evacuation site
4212.84,3,evacueeManager,,OFF SHIP: White;0;Green;51;Yellow;20;Red;1;Black;348;ON SHIP: White;0;Green;0;Yellow;0;Red;0;Evacuees to Transfer;
4212.84,378,evacuee,outES,Evacuee 288 in triage category G is not assigned a helicopter
4212.84,378,evacuee,,Evacuee;288;in triage state;Y;is at the evacuation site
4222.59,3,evacueeManager,,OFF SHIP: White;0;Green;51;Yellow;19;Red;2;Black;348;ON SHIP: White;0;Green;0;Yellow;0;Red;0;Evacuees to Transfer;
4222.59,600,evacuee,outES,Evacuee 342 in triage category Y is not assigned a helicopter
4222.59,600,evacuee,,Evacuee;342;in triage state;R;is at the evacuation site
4224.49,3,evacueeManager,,OFF SHIP: White;0;Green;50;Yellow;20;Red;2;Black;348;ON SHIP: White;0;Green;0;Yellow;0;Red;0;Evacuees to Transfer;
4224.49,155,evacuee,outES,Evacuee 397 in triage category G is not assigned a helicopter
4224.49,155,evacuee,,Evacuee;397;in triage state;Y;is at the evacuation site
4229.98,3,evacueeManager,,OFF SHIP: White;0;Green;49;Yellow;21;Red;2;Black;348;ON SHIP: White;0;Green;0;Yellow;0;Red;0;Evacuees to Transfer;
4229.98,1411,evacuee,outES,Evacuee 294 in triage category G is not assigned a helicopter
4229.98,1411,evacuee,,Evacuee;294;in triage state;Y;is at the evacuation site
4230,7,filterLoc,,
4230,10,filterLoc,,
4230,13,filterLoc,,
4230,16,filterLoc,,
4230,19,filterLoc,,
4230,22,filterLoc,,
4230,25,filterLoc,,
4230,28,filterLoc,,
4230,31,filterLoc,,
4230,34,filterLoc,,
4230,37,filterLoc,,
4230,40,filterLoc,,
4230,43,filterLoc,,
4230,46,filterLoc,,
4230,49,filterLoc,,
4230,52,filterLoc,,
4230,55,filterLoc,,
4230,58,filterLoc,,
4230,61,filterLoc,,
4230,64,filterLoc,,
4230,67,filterLoc,,
4230,70,filterLoc,,
4230,73,filterLoc,,
4230,76,filterLoc,,
4230,79,filterLoc,,
4230,82,filterLoc,,
4230,85,filterLoc,,
4230,88,filterLoc,,
4230,91,filterLoc,,
4230,94,filterLoc,,
4230,97,filterLoc,,
4230,100,filterLoc,,
4230,103,filterLoc,,
4230,106,filterLoc,,
4230,109,filterLoc,,
4230,112,filterLoc,,
4230,115,filterLoc,,
4230,118,filterLoc,,
4230,121,filterLoc,,
4230,124,filterLoc,,
4230,127,filterLoc,,
4230,130,filterLoc,,
4230,133,filterLoc,,
4230,136,filterLoc,,
4230,139,filterLoc,,
4230,142,filterLoc,,
4230,145,filterLoc,,
4230,148,filterLoc,,
4230,151,filterLoc,,
4230,154,filterLoc,,
4230,157,filterLoc,,
4230,160,filterLoc,,
4230,163,filterLoc,,
4230,166,filterLoc,,
4230,169,filterLoc,,
4230,172,filterLoc,,
4230,175,filterLoc,,
4230,178,filterLoc,,
4230,181,filterLoc,,
4230,184,filterLoc,,
4230,187,filterLoc,,
4230,190,filterLoc,,
4230,193,filterLoc,,
4230,196,filterLoc,,
4230,199,filterLoc,,
4230,202,filterLoc,,
4230,205,filterLoc,,
4230,208,filterLoc,,
4230,211,filterLoc,,
4230,214,filterLoc,,
4230,217,filterLoc,,
4230,221,filterLoc,,
4230,224,filterLoc,,
4230,227,filterLoc,,
4230,230,filterLoc,,
4230,233,filterLoc,,
4230,236,filterLoc,,
4230,239,filterLoc,,
4230,242,filterLoc,,
4230,245,filterLoc,,
4230,248,filterLoc,,
4230,251,filterLoc,,
4230,254,filterLoc,,
4230,257,filterLoc,,
4230,260,filterLoc,,
4230,263,filterLoc,,
4230,266,filterLoc,,
4230,269,filterLoc,,
4230,272,filterLoc,,
4230,275,filterLoc,,
4230,278,filterLoc,,
4230,281,filterLoc,,
4230,284,filterLoc,,
4230,287,filterLoc,,
4230,290,filterLoc,,
4230,293,filterLoc,,
4230,296,filterLoc,,
4230,299,filterLoc,,
4230,302,filterLoc,,
4230,305,filterLoc,,
4230,308,filterLoc,,
4230,311,filterLoc,,
4230,314,filterLoc,,
4230,317,filterLoc,,
4230,320,filterLoc,,
4230,323,filterLoc,,
4230,326,filterLoc,,
4230,329,filterLoc,,
4230,332,filterLoc,,
4230,335,filterLoc,,
4230,338,filterLoc,,
4230,341,filterLoc,,
4230,344,filterLoc,,
4230,347,filterLoc,,
4230,350,filterLoc,,
4230,353,filterLoc,,
4230,356,filterLoc,,
4230,359,filterLoc,,
4230,362,filterLoc,,
4230,365,filterLoc,,
4230,368,filterLoc,,
4230,371,filterLoc,,
4230,374,filterLoc,,
4230,377,filterLoc,,
4230,380,filterLoc,,
4230,383,filterLoc,,
4230,386,filterLoc,,
4230,389,filterLoc,,
4230,392,filterLoc,,
4230,395,filterLoc,,
4230,398,filterLoc,,
4230,401,filterLoc,,
4230,404,filterLoc,,
4230,407,filterLoc,,
4230,410,filterLoc,,
4230,413,filterLoc,,
4230,416,filterLoc,,
4230,419,filterLoc,,
4230,422,filterLoc,,
4230,425,filterLoc,,
4230,428,filterLoc,,
4230,431,filterLoc,,
4230,434,filterLoc,,
4230,437,filterLoc,,
4230,440,filterLoc,,
4230,443,filterLoc,,
4230,446,filterLoc,,
4230,449,filterLoc,,
4230,452,filterLoc,,
4230,455,filterLoc,,
4230,458,filterLoc,,
4230,461,filterLoc,,
4230,464,filterLoc,,
4230,467,filterLoc,,
4230,470,filterLoc,,
4230,473,filterLoc,,
4230,476,filterLoc,,
4230,479,filterLoc,,
4230,482,filterLoc,,
4230,485,filterLoc,,
4230,488,filterLoc,,
4230,491,filterLoc,,
4230,494,filterLoc,,
4230,497,filterLoc,,
4230,500,filterLoc,,
4230,503,filterLoc,,
4230,506,filterLoc,,
4230,509,filterLoc,,
4230,512,filterLoc,,
4230,515,filterLoc,,
4230,518,filterLoc,,
4230,521,filterLoc,,
4230,524,filterLoc,,
4230,527,filterLoc,,
4230,530,filterLoc,,
4230,533,filterLoc,,
4230,536,filterLoc,,
4230,539,filterLoc,,
4230,542,filterLoc,,
4230,545,filterLoc,,
4230,548,filterLoc,,
4230,551,filterLoc,,
4230,554,filterLoc,,
4230,557,filterLoc,,
4230,560,filterLoc,,
4230,563,filterLoc,,
4230,566,filterLoc,,
4230,569,filterLoc,,
4230,572,filterLoc,,
4230,575,filterLoc,,
4230,578,filterLoc,,
4230,581,filterLoc,,
4230,584,filterLoc,,
4230,587,filterLoc,,
4230,590,filterLoc,,
4230,593,filterLoc,,
4230,596,filterLoc,,
4230,599,filterLoc,,
4230,602,filterLoc,,
4230,605,filterLoc,,
4230,608,filterLoc,,
4230,611,filterLoc,,
4230,614,filterLoc,,
4230,617,filterLoc,,
4230,620,filterLoc,,
4230,623,filterLoc,,
4230,626,filterLoc,,
4230,629,filterLoc,,
4230,632,filterLoc,,
4230,635,filterLoc,,
4230,638,filterLoc,,
4230,641,filterLoc,,
4230,644,filterLoc,,
4230,647,filterLoc,,
4230,650,filterLoc,,
4230,653,filterLoc,,
4230,656,filterLoc,,
4230,659,filterLoc,,
4230,662,filterLoc,,
4230,665,filterLoc,,
4230,668,filterLoc,,
4230,671,filterLoc,,
4230,674,filterLoc,,
4230,677,filterLoc,,
4230,680,filterLoc,,
4230,683,filterLoc,,
4230,686,filterLoc,,
4230,689,filterLoc,,
4230,692,filterLoc,,
4230,695,filterLoc,,
4230,698,filterLoc,,
4230,701,filterLoc,,
4230,704,filterLoc,,
4230,707,filterLoc,,
4230,710,filterLoc,,
4230,713,filterLoc,,
4230,716,filterLoc,,
4230,719,filterLoc,,
4230,722,filterLoc,,
4230,725,filterLoc,,
4230,728,filterLoc,,
4230,731,filterLoc,,
4230,734,filterLoc,,
4230,737,filterLoc,,
4230,740,filterLoc,,
4230,743,filterLoc,,
4230,746,filterLoc,,
4230,749,filterLoc,,
4230,752,filterLoc,,
4230,755,filterLoc,,
4230,758,filterLoc,,
4230,761,filterLoc,,
4230,764,filterLoc,,
4230,767,filterLoc,,
4230,770,filterLoc,,
4230,773,filterLoc,,
4230,776,filterLoc,,
4230,779,filterLoc,,
4230,782,filterLoc,,
4230,785,filterLoc,,
4230,788,filterLoc,,
4230,791,filterLoc,,
4230,794,filterLoc,,
4230,797,filterLoc,,
4230,800,filterLoc,,
4230,803,filterLoc,,
4230,806,filterLoc,,
4230,809,filterLoc,,
4230,812,filterLoc,,
4230,815,filterLoc,,
4230,818,filterLoc,,
4230,821,filterLoc,,
4230,824,filterLoc,,
4230,827,filterLoc,,
4230,830,filterLoc,,
4230,833,filterLoc,,
4230,836,filterLoc,,
4230,839,filterLoc,,
4230,842,filterLoc,,
4230,845,filterLoc,,
4230,848,filterLoc,,
4230,851,filterLoc,,
4230,854,filterLoc,,
4230,857,filterLoc,,
4230,860,filterLoc,,
4230,863,filterLoc,,
4230,866,filterLoc,,
4230,869,filterLoc,,
4230,872,filterLoc,,
4230,875,filterLoc,,
4230,878,filterLoc,,
4230,881,filterLoc,,
4230,884,filterLoc,,
4230,887,filterLoc,,
4230,890,filterLoc,,
4230,893,filterLoc,,
4230,896,filterLoc,,
4230,899,filterLoc,,
4230,902,filterLoc,,
4230,905,filterLoc,,
4230,908,filterLoc,,
4230,911,filterLoc,,
4230,914,filterLoc,,
4230,917,filterLoc,,
4230,920,filterLoc,,
4230,923,filterLoc,,
4230,926,filterLoc,,
4230,929,filterLoc,,
4230,932,filterLoc,,
4230,935,filterLoc,,
4230,938,filterLoc,,
4230,941,filterLoc,,
4230,944,filterLoc,,
4230,947,filterLoc,,
4230,950,filterLoc,,
4230,953,filterLoc,,
4230,956,filterLoc,,
4230,959,filterLoc,,
4230,962,filterLoc,,
4230,965,filterLoc,,
4230,968,filterLoc,,
4230,971,filterLoc,,
4230,974,filterLoc,,
4230,977,filterLoc,,
4230,980,filterLoc,,
4230,983,filterLoc,,
4230,986,filterLoc,,
4230,989,filterLoc,,
4230,992,filterLoc,,
4230,995,filterLoc,,
4230,998,filterLoc,,
4230,1001,filterLoc,,
4230,1004,filterLoc,,
4230,1007,filterLoc,,
4230,1010,filterLoc,,
4230,1013,filterLoc,,
4230,1016,filterLoc,,
4230,1019,filterLoc,,
4230,1022,filterLoc,,
4230,1025,filterLoc,,
4230,1028,filterLoc,,
4230,1031,filterLoc,,
4230,1034,filterLoc,,
4230,1037,filterLoc,,
4230,1040,filterLoc,,
4230,1043,filterLoc,,
4230,1046,filterLoc,,
4230,1049,filterLoc,,
4230,1052,filterLoc,,
4230,1055,filterLoc,,;Evacuee;198;in triage category;G;is leaving helicopter;1
4230,1058,filterLoc,,
4230,1061,filterLoc,,
4230,1064,filterLoc,,
4230,1067,filterLoc,,
4230,1070,filterLoc,,
4230,1073,filterLoc,,
4230,1076,filterLoc,,
4230,1079,filterLoc,,
4230,1082,filterLoc,,
4230,1085,filterLoc,,
4230,1088,filterLoc,,
4230,1091,filterLoc,,
4230,1094,filterLoc,,
4230,1097,filterLoc,,
4230,1100,filterLoc,,
4230,1103,filterLoc,,
4230,1106,filterLoc,,
4230,1109,filterLoc,,
4230,1112,filterLoc,,
4230,1115,filterLoc,,
4230,1118,filterLoc,,
4230,1121,filterLoc,,
4230,1124,filterLoc,,
4230,1127,filterLoc,,
4230,1130,filterLoc,,
4230,1133,filterLoc,,
4230,1136,filterLoc,,
4230,1139,filterLoc,,
4230,1142,filterLoc,,
4230,1145,filterLoc,,
4230,1148,filterLoc,,
4230,1153,helicopter,outEvac,Evacuee 198 in triage category G is not assigned a helicopter
4230,1153,helicopter,outEvac,Evacuee 214 in triage category G is not assigned a helicopter
4230,1153,helicopter,outEvac,Evacuee 216 in triage category G is not assigned a helicopter
4230,1153,helicopter,outEvac,Evacuee 219 in triage category G is not assigned a helicopter
4230,1153,helicopter,outEvac,Evacuee 221 in triage category G is not assigned a helicopter
4230,1153,helicopter,outEvac,Evacuee 247 in triage category G is not assigned a helicopter
4230,1153,helicopter,outEvac,Evacuee 248 in triage category G is not assigned a helicopter
4230,1153,helicopter,outEvac,Evacuee 249 in triage category G is not assigned a helicopter
4230,1153,helicopter,outEvac,Evacuee 254 in triage category G is not assigned a helicopter
4230,1153,helicopter,outEvac,Evacuee 265 in triage category G is not assigned a helicopter
4230,1153,helicopter,,Helicopter;1;is unloading people at the FOL;;and has;0;spots taken
4230,1155,filterLoc,,
4230,1158,filterLoc,,
4230,1161,filterLoc,,
4230,1164,filterLoc,,
4230,1167,filterLoc,,
4230,1170,filterLoc,,
4230,1173,filterLoc,,
4230,1176,filterLoc,,
4230,1179,filterLoc,,
4230,1182,filterLoc,,
4230,1185,filterLoc,,
4230,1188,filterLoc,,
4230,1191,filterLoc,,;Evacuee;265;in triage category;G;is leaving helicopter;1
4230,1194,filterLoc,,
4230,1197,filterLoc,,
4230,1200,filterLoc,,
4230,1203,filterLoc,,
4230,1206,filterLoc,,
4230,1209,filterLoc,,
4230,1212,filterLoc,,
4230,1215,filterLoc,,
4230,1218,filterLoc,,
4230,1221,filterLoc,,
4230,1224,filterLoc,,
4230,1227,filterLoc,,
4230,1230,filterLoc,,
4230,1233,filterLoc,,
4230,1236,filterLoc,,
4230,1239,filterLoc,,
4230,1242,filterLoc,,
4230,1245,filterLoc,,
4230,1248,filterLoc,,
4230,1251,filterLoc,,
4230,1254,filterLoc,,
4230,1257,filterLoc,,
4230,1260,filterLoc,,
4230,1263,filterLoc,,
4230,1266,filterLoc,,
4230,1269,filterLoc,,
4230,1272,filterLoc,,
4230,1275,filterLoc,,
4230,1278,filterLoc,,
4230,1281,filterLoc,,
4230,1284,filterLoc,,
4230,1287,filterLoc,,
4230,1290,filterLoc,,
4230,1293,filterLoc,,
4230,1296,filterLoc,,
4230,1299,filterLoc,,
4230,1302,filterLoc,,
4230,1305,filterLoc,,
4230,1308,filterLoc,,
4230,1311,filterLoc,,
4230,1314,filterLoc,,
4230,1317,filterLoc,,
4230,1320,filterLoc,,
4230,1323,filterLoc,,
4230,1326,filterLoc,,
4230,1329,filterLoc,,
4230,1332,filterLoc,,
4230,1335,filterLoc,,
4230,1338,filterLoc,,
4230,1341,filterLoc,,
4230,1344,filterLoc,,;Evacuee;249;in triage category;G;is leaving helicopter;1
4230,1347,filterLoc,,
4230,1350,filterLoc,,
4230,1353,filterLoc,,
4230,1356,filterLoc,,
4230,1359,filterLoc,,
4230,1362,filterLoc,,
4230,1365,filterLoc,,
4230,1368,filterLoc,,
4230,1371,filterLoc,,
4230,1374,filterLoc,,
4230,1377,filterLoc,,
4230,1380,filterLoc,,
4230,1383,filterLoc,,
4230,1386,filterLoc,,
4230,1389,filterLoc,,
4230,1392,filterLoc,,
4230,1395,filterLoc,,
4230,1398,filterLoc,,
4230,1401,filterLoc,,
4230,1404,filterLoc,,
4230,1407,filterLoc,,
4230,1410,filterLoc,,
4230,1413,filterLoc,,;Evacuee;214;in triage category;G;is leaving helicopter;1
4230,1416,filterLoc,,
4230,1419,filterLoc,,;Evacuee;216;in triage category;G;is leaving helicopter;1
4230,1422,filterLoc,,;Evacuee;219;in triage category;G;is leaving helicopter;1
4230,1425,filterLoc,,;Evacuee;221;in triage category;G;is leaving helicopter;1
4230,1428,filterLoc,,
4230,1431,filterLoc,,
4230,1434,filterLoc,,
4230,1437,filterLoc,,
4230,1440,filterLoc,,
4230,1443,filterLoc,,
4230,1446,filterLoc,,
4230,1449,filterLoc,,
4230,1452,filterLoc,,
4230,1455,filterLoc,,
4230,1458,filterLoc,,
4230,1461,filterLoc,,
4230,1464,filterLoc,,
4230,1467,filterLoc,,
4230,1470,filterLoc,,
4230,1473,filterLoc,,
4230,1476,filterLoc,,
4230,1479,filterLoc,,
4230,1482,filterLoc,,
4230,1485,filterLoc,,;Evacuee;247;in triage category;G;is leaving helicopter;1
4230,1488,filterLoc,,
4230,1491,filterLoc,,;Evacuee;248;in triage category;G;is leaving helicopter;1
4230,1494,filterLoc,,
4230,1497,filterLoc,,
4230,1500,filterLoc,,;Evacuee;254;in triage category;G;is leaving helicopter;1
4230,1503,filterLoc,,
4230,1506,filterLoc,,
4230,1509,filterLoc,,
4230,1055,filterLoc,out,Evacuee 198 in triage category G is not assigned a helicopter
4230,1055,filterLoc,,
4230,1056,evacuee,,Evacuee;198;in triage state;G;is entering the FOL
4230,1191,filterLoc,out,Evacuee 265 in triage category G is not assigned a helicopter
4230,1191,filterLoc,,
4230,1192,evacuee,,Evacuee;265;in triage state;G;is entering the FOL
4230,1344,filterLoc,out,Evacuee 249 in triage category G is not assigned a helicopter
4230,1344,filterLoc,,
4230,1345,evacuee,,Evacuee;249;in triage state;G;is entering the FOL
4230,1413,filterLoc,out,Evacuee 214 in triage category G is not assigned a helicopter
4230,1413,filterLoc,,
4230,1414,evacuee,,Evacuee;214;in triage state;G;is entering the FOL
4230,1419,filterLoc,out,Evacuee 216 in triage category G is not assigned a helicopter
4230,1419,filterLoc,,
4230,1420,evacuee,,Evacuee;216;in triage state;G;is entering the FOL
4230,1422,filterLoc,out,Evacuee 219 in triage category G is not assigned a helicopter
4230,1422,filterLoc,,
4230,1423,evacuee,,Evacuee;219;in triage state;G;is entering the FOL
4230,1425,filterLoc,out,Evacuee 221 in triage category G is not assigned a helicopter
4230,1425,filterLoc,,
4230,1426,evacuee,,Evacuee;221;in triage state;G;is entering the FOL
4230,1485,filterLoc,out,Evacuee 247 in triage category G is not assigned a helicopter
4230,1485,filterLoc,,
4230,1486,evacuee,,Evacuee;247;in triage state;G;is entering the FOL
4230,1491,filterLoc,out,Evacuee 248 in triage category G is not assigned a helicopter
4230,1491,filterLoc,,
4230,1492,evacuee,,Evacuee;248;in triage state;G;is entering the FOL
4230,1500,filterLoc,out,Evacuee 254 in triage category G is not assigned a helicopter
4230,1500,filterLoc,,
4230,1501,evacuee,,Evacuee;254;in triage state;G;is entering the FOL
4230,219,FOL,,;EvacueeID;2;Triage Status;G;EvacueeID;6;Triage Status;G;EvacueeID;9;Triage Status;G;EvacueeID;12;Triage Status;G;EvacueeID;14;Triage Status;G;EvacueeID;16;Triage Status;G;EvacueeID;20;Triage Status;G;EvacueeID;22;Triage Status;G;EvacueeID;25;Triage Status;G;EvacueeID;27;Triage Status;G;EvacueeID;33;Triage Status;G;EvacueeID;35;Triage Status;G;EvacueeID;36;Triage Status;G;EvacueeID;40;Triage Status;G;EvacueeID;41;Triage Status;G;EvacueeID;44;Triage Status;G;EvacueeID;47;Triage Status;G;EvacueeID;52;Triage Status;G;EvacueeID;56;Triage Status;G;EvacueeID;59;Triage Status;G;EvacueeID;61;Triage Status;G;EvacueeID;63;Triage Status;G;EvacueeID;70;Triage Status;G;EvacueeID;71;Triage Status;G;EvacueeID;74;Triage Status;G;EvacueeID;76;Triage Status;G;EvacueeID;81;Triage Status;G;EvacueeID;83;Triage Status;G;EvacueeID;88;Triage Status;G;EvacueeID;90;Triage Status;G;EvacueeID;92;Triage Status;G;EvacueeID;93;Triage Status;G;EvacueeID;94;Triage Status;G;EvacueeID;96;Triage Status;G;EvacueeID;97;Triage Status;G;EvacueeID;102;Triage Status;G;EvacueeID;104;Triage Status;G;EvacueeID;106;Triage Status;G;EvacueeID;108;Triage Status;G;EvacueeID;109;Triage Status;G;EvacueeID;114;Triage Status;G;EvacueeID;116;Triage Status;G;EvacueeID;119;Triage Status;G;EvacueeID;120;Triage Status;G;EvacueeID;122;Triage Status;G;EvacueeID;125;Triage Status;G;EvacueeID;130;Triage Status;G;EvacueeID;136;Triage Status;G;EvacueeID;138;Triage Status;G;EvacueeID;139;Triage Status;G;EvacueeID;140;Triage Status;G;EvacueeID;143;Triage Status;G;EvacueeID;145;Triage Status;G;EvacueeID;146;Triage Status;G;EvacueeID;148;Triage Status;G;EvacueeID;150;Triage Status;G;EvacueeID;154;Triage Status;G;EvacueeID;155;Triage Status;G;EvacueeID;157;Triage Status;G;EvacueeID;160;Triage Status;G;EvacueeID;167;Triage Status;G;EvacueeID;168;Triage Status;G;EvacueeID;173;Triage Status;G;EvacueeID;175;Triage Status;G;EvacueeID;178;Triage Status;G;EvacueeID;188;Triage Status;G;EvacueeID;191;Triage Status;G;EvacueeID;193;Triage Status;G;EvacueeID;194;Triage Status;G;EvacueeID;195;Triage Status;G;EvacueeID;198;Triage Status;G;EvacueeID;214;Triage Status;G;EvacueeID;216;Triage Status;G;EvacueeID;219;Triage Status;G;EvacueeID;221;Triage Status;G;EvacueeID;247;Triage Status;G;EvacueeID;248;Triage Status;G;EvacueeID;249;Triage Status;G;EvacueeID;254;Triage Status;G;EvacueeID;265;Triage Status;G;Lives Saved;80
4230,1056,evacuee,outFOL,Evacuee 198 in triage category G is not assigned a helicopter
4230,1056,evacuee,,Evacuee;198;in triage state;G;is at the FOL
4230,1192,evacuee,outFOL,Evacuee 265 in triage category G is not assigned a helicopter
4230,1192,evacuee,,Evacuee;265;in triage state;G;is at the FOL
4230,1345,evacuee,outFOL,Evacuee 249 in triage category G is not assigned a helicopter
4230,1345,evacuee,,Evacuee;249;in triage state;G;is at the FOL
4230,1414,evacuee,outFOL,Evacuee 214 in triage category G is not assigned a helicopter
4230,1414,evacuee,,Evacuee;214;in triage state;G;is at the FOL
4230,1420,evacuee,outFOL,Evacuee 216 in triage category G is not assigned a helicopter
4230,1420,evacuee,,Evacuee;216;in triage state;G;is at the FOL
4230,1423,evacuee,outFOL,Evacuee 219 in triage category G is not assigned a helicopter
4230,1423,evacuee,,Evacuee;219;in triage state;G;is at the FOL
4230,1426,evacuee,outFOL,Evacuee 221 in triage category G is not assigned a helicopter
4230,1426,evacuee,,Evacuee;221;in triage state;G;is at the FOL
4230,1486,evacuee,outFOL,Evacuee 247 in triage category G is not assigned a helicopter
4230,1486,evacuee,,Evacuee;247;in triage state;G;is at the FOL
4230,1492,evacuee,outFOL,Evacuee 248 in triage category G is not assigned a helicopter
4230,1492,evacuee,,Evacuee;248;in triage state;G;is at the FOL
4230,1501,evacuee,outFOL,Evacuee 254 in triage category G is not assigned a helicopter
4230,1501,evacuee,,Evacuee;254;in triage state;G;is at the FOL
4230,219,FOL,,;EvacueeID;2;Triage Status;G;EvacueeID;6;Triage Status;G;EvacueeID;9;Triage Status;G;EvacueeID;12;Triage Status;G;EvacueeID;14;Triage Status;G;EvacueeID;16;Triage Status;G;EvacueeID;20;Triage Status;G;EvacueeID;22;Triage Status;G;EvacueeID;25;Triage Status;G;EvacueeID;27;Triage Status;G;EvacueeID;33;Triage Status;G;EvacueeID;35;Triage Status;G;EvacueeID;36;Triage Status;G;EvacueeID;40;Triage Status;G;EvacueeID;41;Triage Status;G;EvacueeID;44;Triage Status;G;EvacueeID;47;Triage Status;G;EvacueeID;52;Triage Status;G;EvacueeID;56;Triage Status;G;EvacueeID;59;Triage Status;G;EvacueeID;61;Triage Status;G;EvacueeID;63;Triage Status;G;EvacueeID;70;Triage Status;G;EvacueeID;71;Triage Status;G;EvacueeID;74;Triage Status;G;EvacueeID;76;Triage Status;G;EvacueeID;81;Triage Status;G;EvacueeID;83;Triage Status;G;EvacueeID;88;Triage Status;G;EvacueeID;90;Triage Status;G;EvacueeID;92;Triage Status;G;EvacueeID;93;Triage Status;G;EvacueeID;94;Triage Status;G;EvacueeID;96;Triage Status;G;EvacueeID;97;Triage Status;G;EvacueeID;102;Triage Status;G;EvacueeID;104;Triage Status;G;EvacueeID;106;Triage Status;G;EvacueeID;108;Triage Status;G;EvacueeID;109;Triage Status;G;EvacueeID;114;Triage Status;G;EvacueeID;116;Triage Status;G;EvacueeID;119;Triage Status;G;EvacueeID;120;Triage Status;G;EvacueeID;122;Triage Status;G;EvacueeID;125;Triage Status;G;EvacueeID;130;Triage Status;G;EvacueeID;136;Triage Status;G;EvacueeID;138;Triage Status;G;EvacueeID;139;Triage Status;G;EvacueeID;140;Triage Status;G;EvacueeID;143;Triage Status;G;EvacueeID;145;Triage Status;G;EvacueeID;146;Triage Status;G;EvacueeID;148;Triage Status;G;EvacueeID;150;Triage Status;G;EvacueeID;154;Triage Status;G;EvacueeID;155;Triage Status;G;EvacueeID;157;Triage Status;G;EvacueeID;160;Triage Status;G;EvacueeID;167;Triage Status;G;EvacueeID;168;Triage Status;G;EvacueeID;173;Triage Status;G;EvacueeID;175;Triage Status;G;EvacueeID;178;Triage Status;G;EvacueeID;188;Triage Status;G;EvacueeID;191;Triage Status;G;EvacueeID;193;Triage Status;G;EvacueeID;194;Triage Status;G;EvacueeID;195;Triage Status;G;EvacueeID;198;Triage Status;G;EvacueeID;214;Triage Status;G;EvacueeID;216;Triage Status;G;EvacueeID;219;Triage Status;G;EvacueeID;221;Triage Status;G;EvacueeID;247;Triage Status;G;EvacueeID;248;Triage Status;G;EvacueeID;249;Triage Status;G;EvacueeID;254;Triage Status;G;EvacueeID;265;Triage Status;G;Lives Saved;80
4245,1153,helicopter,,Helicopter;1;Is going to the evacuation site;;and has;0;spots taken
4249.86,3,evacueeManager,,OFF SHIP: White;0;Green;49;Yellow;20;Red;3;Black;348;ON SHIP: White;0;Green;0;Yellow;0;Red;0;Evacuees to Transfer;
4249.86,1408,evacuee,outES,Evacuee 211 in triage category Y is not assigned a helicopter
4249.86,1408,evacuee,,Evacuee;211;in triage state;R;is at the evacuation site
4250.92,3,evacueeManager,,OFF SHIP: White;0;Green;49;Yellow;19;Red;4;Black;348;ON SHIP: White;0;Green;0;Yellow;0;Red;0;Evacuees to Transfer;
4250.92,1411,evacuee,outES,Evacuee 294 in triage category Y is not assigned a helicopter
4250.92,1411,evacuee,,Evacuee;294;in triage state;R;is at the evacuation site
4252.58,3,evacueeManager,,OFF SHIP: White;0;Green;49;Yellow;19;Red;3;Black;349;ON SHIP: White;0;Green;0;Yellow;0;Red;0;Evacuees to Transfer;
4252.58,228,evacuee,outES,Evacuee 369 in triage category R is not assigned a helicopter
4252.58,228,evacuee,,Evacuee;369;in triage state;B;is at the evacuation site
4259.96,3,evacueeManager,,OFF SHIP: White;0;Green;49;Yellow;19;Red;2;Black;350;ON SHIP: White;0;Green;0;Yellow;0;Red;0;Evacuees to Transfer;
4259.96,600,evacuee,outES,Evacuee 342 in triage category R is not assigned a helicopter
4259.96,600,evacuee,,Evacuee;342;in triage state;B;is at the evacuation site
4262.97,3,evacueeManager,,OFF SHIP: White;0;Green;49;Yellow;18;Red;3;Black;350;ON SHIP: White;0;Green;0;Yellow;0;Red;0;Evacuees to Transfer;
4262.97,1483,evacuee,outES,Evacuee 244 in triage category Y is not assigned a helicopter
4262.97,1483,evacuee,,Evacuee;244;in triage state;R;is at the evacuation site
4265.79,3,evacueeManager,,OFF SHIP: White;0;Green;49;Yellow;18;Red;2;Black;351;ON SHIP: White;0;Green;0;Yellow;0;Red;0;Evacuees to Transfer;
4265.79,1483,evacuee,outES,Evacuee 244 in triage category R is not assigned a helicopter
4265.79,1483,evacuee,,Evacuee;244;in triage state;B;is at the evacuation site
4279.68,3,evacueeManager,,OFF SHIP: White;0;Green;49;Yellow;17;Red;3;Black;351;ON SHIP: White;0;Green;0;Yellow;0;Red;0;Evacuees to Transfer;
4279.68,303,evacuee,outES,Evacuee 365 in triage category Y is not assigned a helicopter
4279.68,303,evacuee,,Evacuee;365;in triage state;R;is at the evacuation site
4282.22,3,evacueeManager,,OFF SHIP: White;0;Green;49;Yellow;17;Red;2;Black;352;ON SHIP: White;0;Green;0;Yellow;0;Red;0;Evacuees to Transfer;
4282.22,303,evacuee,outES,Evacuee 365 in triage category R is not assigned a helicopter
4282.22,303,evacuee,,Evacuee;365;in triage state;B;is at the evacuation site
4301.06,3,evacueeManager,,OFF SHIP: White;0;Green;49;Yellow;16;Red;3;Black;352;ON SHIP: White;0;Green;0;Yellow;0;Red;0;Evacuees to Transfer;
4301.06,960,evacuee,outES,Evacuee 402 in triage category Y is not assigned a helicopter
4301.06,960,evacuee,,Evacuee;402;in triage state;R;is at the evacuation site
4303.37,3,evacueeManager,,OFF SHIP: White;0;Green;49;Yellow;15;Red;4;Black;352;ON SHIP: White;0;Green;0;Yellow;0;Red;0;Evacuees to Transfer;
4303.37,444,evacuee,outES,Evacuee 260 in triage category Y is not assigned a helicopter
4303.37,444,evacuee,,Evacuee;260;in triage state;R;is at the evacuation site
4317.17,3,evacueeManager,,OFF SHIP: White;0;Green;49;Yellow;15;Red;3;Black;353;ON SHIP: White;0;Green;0;Yellow;0;Red;0;Evacuees to Transfer;
4317.17,1411,evacuee,outES,Evacuee 294 in triage category R is not assigned a helicopter
4317.17,1411,evacuee,,Evacuee;294;in triage state;B;is at the evacuation site
4320,5,helicopterQueue,,1;Helos are waiting to land;HeloID;1
4320,1153,helicopter,outES,Helicopter 1 is evacuating people1
4320,1153,helicopter,,Helicopter;1;is waiting to land at the evacuation site;;and has;0;spots taken
4320,4,helipadManager,,;No helos are at ES
4320,5,helicopterQueue,outHM,Helicopter 1 is evacuating people1
4320,5,helicopterQueue,outHelo,Helicopter 1 is evacuating people1
4320,5,helicopterQueue,,;No helos are waiting to land
4320,1152,filterES,,Helicopter;1;is evacuating people
4320,3,evacueeManager,,OFF SHIP: White;0;Green;39;Yellow;15;Red;3;Black;353;ON SHIP: White;0;Green;0;Yellow;0;Red;0;Evacuees to Transfer;;EvacueeID;271;HeloID;1;OnShip;0;Triage Status;G;EvacueeID;283;HeloID;1;OnShip;0;Triage Status;G;EvacueeID;284;HeloID;1;OnShip;0;Triage Status;G;EvacueeID;285;HeloID;1;OnShip;0;Triage Status;G;EvacueeID;287;HeloID;1;OnShip;0;Triage Status;G;EvacueeID;289;HeloID;1;OnShip;0;Triage Status;G;EvacueeID;298;HeloID;1;OnShip;0;Triage Status;G;EvacueeID;304;HeloID;1;OnShip;0;Triage Status;G;EvacueeID;311;HeloID;1;OnShip;0;Triage Status;G;EvacueeID;314;HeloID;1;OnShip;0;Triage Status;G
4320,4,helipadManager,outEM,Helicopter 1 is evacuating people1
4320,4,helipadManager,,Helo;1;is at the ES
4320,1152,filterES,out,Helicopter 1 is evacuating people1
4320,1152,filterES,,
4320,1153,helicopter,,Helicopter;1;is waiting to land at the evacuation site;;and has;0;spots taken
4320,3,evacueeManager,outEvac,Evacuee 271 in triage category G is assigned helicopter 1
4320,3,evacueeManager,outEvac,Evacuee 283 in triage category G is assigned helicopter 1
4320,3,evacueeManager,outEvac,Evacuee 284 in triage category G is assigned helicopter 1
4320,3,evacueeManager,outEvac,Evacuee 285 in triage category G is assigned helicopter 1
4320,3,evacueeManager,outEvac,Evacuee 287 in triage category G is assigned helicopter 1
4320,3,evacueeManager,outEvac,Evacuee 289 in triage category G is assigned helicopter 1
4320,3,evacueeManager,outEvac,Evacuee 298 in triage category G is assigned helicopter 1
4320,3,evacueeManager,outEvac,Evacuee 304 in triage category G is assigned helicopter 1
4320,3,evacueeManager,outEvac,Evacuee 311 in triage category G is assigned helicopter 1
4320,3,evacueeManager,outEvac,Evacuee 314 in triage category G is assigned helicopter 1
4320,3,evacueeManager,,OFF SHIP: White;0;Green;39;Yellow;15;Red;3;Black;353;ON SHIP: White;0;Green;0;Yellow;0;Red;0;Evacuees to Transfer;
4320,7,filterLoc,,
4320,10,filterLoc,,
4320,13,filterLoc,,
4320,16,filterLoc,,
4320,19,filterLoc,,
4320,22,filterLoc,,
4320,25,filterLoc,,
4320,28,filterLoc,,
4320,31,filterLoc,,
4320,34,filterLoc,,
4320,37,filterLoc,,
4320,40,filterLoc,,
4320,43,filterLoc,,
4320,46,filterLoc,,
4320,49,filterLoc,,
4320,52,filterLoc,,
4320,55,filterLoc,,
4320,58,filterLoc,,
4320,61,filterLoc,,
4320,64,filterLoc,,
4320,67,filterLoc,,
4320,70,filterLoc,,
4320,73,filterLoc,,
4320,76,filterLoc,,
4320,79,filterLoc,,
4320,82,filterLoc,,
4320,85,filterLoc,,
4320,88,filterLoc,,
4320,91,filterLoc,,
4320,94,filterLoc,,
4320,97,filterLoc,,
4320,100,filterLoc,,
4320,103,filterLoc,,
4320,106,filterLoc,,
4320,109,filterLoc,,
4320,112,filterLoc,,
4320,115,filterLoc,,
4320,118,filterLoc,,
4320,121,filterLoc,,
4320,124,filterLoc,,
4320,127,filterLoc,,
4320,130,filterLoc,,
4320,133,filterLoc,,
4320,136,filterLoc,,
4320,139,filterLoc,,
4320,142,filterLoc,,
4320,145,filterLoc,,
4320,148,filterLoc,,
4320,151,filterLoc,,
4320,154,filterLoc,,
4320,157,filterLoc,,
4320,160,filterLoc,,
4320,163,filterLoc,,
4320,166,filterLoc,,
4320,169,filterLoc,,
4320,172,filterLoc,,
4320,175,filterLoc,,
4320,178,filterLoc,,
4320,181,filterLoc,,
4320,184,filterLoc,,
4320,187,filterLoc,,
4320,190,filterLoc,,
4320,193,filterLoc,,
4320,196,filterLoc,,
4320,199,filterLoc,,
4320,202,filterLoc,,
4320,205,filterLoc,,
4320,208,filterLoc,,
4320,211,filterLoc,,
4320,214,filterLoc,,
4320,217,filterLoc,,
4320,221,filterLoc,,
4320,224,filterLoc,,
4320,227,filterLoc,,
4320,230,filterLoc,,
4320,233,filterLoc,,
4320,236,filterLoc,,
4320,239,filterLoc,,
4320,242,filterLoc,,
4320,245,filterLoc,,
4320,248,filterLoc,,
4320,251,filterLoc,,
4320,254,filterLoc,,
4320,257,filterLoc,,
4320,260,filterLoc,,
4320,263,filterLoc,,
4320,266,filterLoc,,
4320,269,filterLoc,,
4320,272,filterLoc,,
4320,275,filterLoc,,
4320,278,filterLoc,,
4320,281,filterLoc,,
4320,284,filterLoc,,
4320,287,filterLoc,,
4320,290,filterLoc,,
4320,293,filterLoc,,
4320,296,filterLoc,,
4320,299,filterLoc,,
4320,302,filterLoc,,
4320,305,filterLoc,,
4320,308,filterLoc,,
4320,311,filterLoc,,
4320,314,filterLoc,,
4320,317,filterLoc,,
4320,320,filterLoc,,
4320,323,filterLoc,,
4320,326,filterLoc,,
4320,329,filterLoc,,
4320,332,filterLoc,,
4320,335,filterLoc,,
4320,338,filterLoc,,
4320,341,filterLoc,,
4320,344,filterLoc,,
4320,347,filterLoc,,
4320,350,filterLoc,,
4320,353,filterLoc,,
4320,356,filterLoc,,
4320,359,filterLoc,,
4320,362,filterLoc,,
4320,365,filterLoc,,
4320,368,filterLoc,,
4320,371,filterLoc,,
4320,374,filterLoc,,
4320,377,filterLoc,,
4320,380,filterLoc,,;Evacuee;287;in triage category;G;is entering helicopter;1
4320,383,filterLoc,,
4320,386,filterLoc,,
4320,389,filterLoc,,;Evacuee;284;in triage category;G;is entering helicopter;1
4320,392,filterLoc,,;Evacuee;283;in triage category;G;is entering helicopter;1
4320,395,filterLoc,,
4320,398,filterLoc,,
4320,401,filterLoc,,
4320,404,filterLoc,,
4320,407,filterLoc,,
4320,410,filterLoc,,
4320,413,filterLoc,,
4320,416,filterLoc,,
4320,419,filterLoc,,
4320,422,filterLoc,,
4320,425,filterLoc,,
4320,428,filterLoc,,
4320,431,filterLoc,,
4320,434,filterLoc,,
4320,437,filterLoc,,
4320,440,filterLoc,,
4320,443,filterLoc,,
4320,446,filterLoc,,
4320,449,filterLoc,,
4320,452,filterLoc,,
4320,455,filterLoc,,;Evacuee;289;in triage category;G;is entering helicopter;1
4320,458,filterLoc,,
4320,461,filterLoc,,
4320,464,filterLoc,,
4320,467,filterLoc,,
4320,470,filterLoc,,
4320,473,filterLoc,,
4320,476,filterLoc,,
4320,479,filterLoc,,
4320,482,filterLoc,,
4320,485,filterLoc,,
4320,488,filterLoc,,
4320,491,filterLoc,,
4320,494,filterLoc,,
4320,497,filterLoc,,
4320,500,filterLoc,,
4320,503,filterLoc,,
4320,506,filterLoc,,
4320,509,filterLoc,,
4320,512,filterLoc,,
4320,515,filterLoc,,
4320,518,filterLoc,,
4320,521,filterLoc,,
4320,524,filterLoc,,
4320,527,filterLoc,,
4320,530,filterLoc,,
4320,533,filterLoc,,
4320,536,filterLoc,,
4320,539,filterLoc,,;Evacuee;311;in triage category;G;is entering helicopter;1
4320,542,filterLoc,,
4320,545,filterLoc,,
4320,548,filterLoc,,
4320,551,filterLoc,,
4320,554,filterLoc,,
4320,557,filterLoc,,
4320,560,filterLoc,,
4320,563,filterLoc,,
4320,566,filterLoc,,
4320,569,filterLoc,,
4320,572,filterLoc,,
4320,575,filterLoc,,
4320,578,filterLoc,,
4320,581,filterLoc,,
4320,584,filterLoc,,
4320,587,filterLoc,,
4320,590,filterLoc,,
4320,593,filterLoc,,
4320,596,filterLoc,,
4320,599,filterLoc,,
4320,602,filterLoc,,
4320,605,filterLoc,,
4320,608,filterLoc,,
4320,611,filterLoc,,
4320,614,filterLoc,,
4320,617,filterLoc,,
4320,620,filterLoc,,
4320,623,filterLoc,,
4320,626,filterLoc,,
4320,629,filterLoc,,
4320,632,filterLoc,,
4320,635,filterLoc,,
4320,638,filterLoc,,
4320,641,filterLoc,,
4320,644,filterLoc,,
4320,647,filterLoc,,
4320,650,filterLoc,,
4320,653,filterLoc,,
4320,656,filterLoc,,
4320,659,filterLoc,,
4320,662,filterLoc,,
4320,665,filterLoc,,
4320,668,filterLoc,,
4320,671,filterLoc,,
4320,674,filterLoc,,
4320,677,filterLoc,,
4320,680,filterLoc,,
4320,683,filterLoc,,
4320,686,filterLoc,,
4320,689,filterLoc,,
4320,692,filterLoc,,
4320,695,filterLoc,,
4320,698,filterLoc,,
4320,701,filterLoc,,
4320,704,filterLoc,,
4320,707,filterLoc,,
4320,710,filterLoc,,
4320,713,filterLoc,,
4320,716,filterLoc,,
4320,719,filterLoc,,
4320,722,filterLoc,,
4320,725,filterLoc,,
4320,728,filterLoc,,
4320,731,filterLoc,,
4320,734,filterLoc,,
4320,737,filterLoc,,
4320,740,filterLoc,,
4320,743,filterLoc,,
4320,746,filterLoc,,
4320,749,filterLoc,,;Evacuee;271;in triage category;G;is entering helicopter;1
4320,752,filterLoc,,
4320,755,filterLoc,,
4320,758,filterLoc,,
4320,761,filterLoc,,
4320,764,filterLoc,,
4320,767,filterLoc,,
4320,770,filterLoc,,
4320,773,filterLoc,,
4320,776,filterLoc,,
4320,779,filterLoc,,
4320,782,filterLoc,,
4320,785,filterLoc,,
4320,788,filterLoc,,
4320,791,filterLoc,,
4320,794,filterLoc,,
4320,797,filterLoc,,
4320,800,filterLoc,,
4320,803,filterLoc,,
4320,806,filterLoc,,
4320,809,filterLoc,,
4320,812,filterLoc,,
4320,815,filterLoc,,
4320,818,filterLoc,,
4320,821,filterLoc,,
4320,824,filterLoc,,
4320,827,filterLoc,,
4320,830,filterLoc,,
4320,833,filterLoc,,
4320,836,filterLoc,,;Evacuee;285;in triage category;G;is entering helicopter;1
4320,839,filterLoc,,
4320,842,filterLoc,,
4320,845,filterLoc,,
4320,848,filterLoc,,
4320,851,filterLoc,,
4320,854,filterLoc,,
4320,857,filterLoc,,
4320,860,filterLoc,,
4320,863,filterLoc,,
4320,866,filterLoc,,
4320,869,filterLoc,,
4320,872,filterLoc,,
4320,875,filterLoc,,
4320,878,filterLoc,,
4320,881,filterLoc,,
4320,884,filterLoc,,
4320,887,filterLoc,,
4320,890,filterLoc,,
4320,893,filterLoc,,
4320,896,filterLoc,,
4320,899,filterLoc,,
4320,902,filterLoc,,
4320,905,filterLoc,,
4320,908,filterLoc,,
4320,911,filterLoc,,
4320,914,filterLoc,,
4320,917,filterLoc,,
4320,920,filterLoc,,
4320,923,filterLoc,,
4320,926,filterLoc,,
4320,929,filterLoc,,
4320,932,filterLoc,,
4320,935,filterLoc,,
4320,938,filterLoc,,
4320,941,filterLoc,,
4320,944,filterLoc,,
4320,947,filterLoc,,
4320,950,filterLoc,,
4320,953,filterLoc,,
4320,956,filterLoc,,
4320,959,filterLoc,,
4320,962,filterLoc,,
4320,965,filterLoc,,
4320,968,filterLoc,,
4320,971,filterLoc,,
4320,974,filterLoc,,
4320,977,filterLoc,,;Evacuee;304;in triage category;G;is entering helicopter;1
4320,980,filterLoc,,
4320,983,filterLoc,,
4320,986,filterLoc,,
4320,989,filterLoc,,
4320,992,filterLoc,,
4320,995,filterLoc,,
4320,998,filterLoc,,
4320,1001,filterLoc,,
4320,1004,filterLoc,,
4320,1007,filterLoc,,
4320,1010,filterLoc,,
4320,1013,filterLoc,,
4320,1016,filterLoc,,
4320,1019,filterLoc,,
4320,1022,filterLoc,,
4320,1025,filterLoc,,
4320,1028,filterLoc,,
4320,1031,filterLoc,,
4320,1034,filterLoc,,
4320,1037,filterLoc,,
4320,1040,filterLoc,,
4320,1043,filterLoc,,
4320,1046,filterLoc,,
4320,1049,filterLoc,,
4320,1052,filterLoc,,
4320,1055,filterLoc,,
4320,1058,filterLoc,,
4320,1061,filterLoc,,
4320,1064,filterLoc,,
4320,1067,filterLoc,,
4320,1070,filterLoc,,
4320,1073,filterLoc,,
4320,1076,filterLoc,,
4320,1079,filterLoc,,
4320,1082,filterLoc,,
4320,1085,filterLoc,,
4320,1088,filterLoc,,
4320,1091,filterLoc,,
4320,1094,filterLoc,,
4320,1097,filterLoc,,
4320,1100,filterLoc,,
4320,1103,filterLoc,,
4320,1106,filterLoc,,
4320,1109,filterLoc,,
4320,1112,filterLoc,,
4320,1115,filterLoc,,
4320,1118,filterLoc,,
4320,1121,filterLoc,,
4320,1124,filterLoc,,
4320,1127,filterLoc,,
4320,1130,filterLoc,,
4320,1133,filterLoc,,
4320,1136,filterLoc,,
4320,1139,filterLoc,,
4320,1142,filterLoc,,
4320,1145,filterLoc,,
4320,1148,filterLoc,,
4320,1153,helicopter,,Helicopter;1;is loading people at the evacuation site;;and has;0;spots taken
4320,1155,filterLoc,,
4320,1158,filterLoc,,
4320,1161,filterLoc,,
4320,1164,filterLoc,,
4320,1167,filterLoc,,
4320,1170,filterLoc,,
4320,1173,filterLoc,,
4320,1176,filterLoc,,
4320,1179,filterLoc,,
4320,1182,filterLoc,,
4320,1185,filterLoc,,
4320,1188,filterLoc,,
4320,1191,filterLoc,,
4320,1194,filterLoc,,
4320,1197,filterLoc,,
4320,1200,filterLoc,,
4320,1203,filterLoc,,
4320,1206,filterLoc,,
4320,1209,filterLoc,,
4320,1212,filterLoc,,
4320,1215,filterLoc,,
4320,1218,filterLoc,,
4320,1221,filterLoc,,
4320,1224,filterLoc,,
4320,1227,filterLoc,,
4320,1230,filterLoc,,
4320,1233,filterLoc,,
4320,1236,filterLoc,,
4320,1239,filterLoc,,
4320,1242,filterLoc,,
4320,1245,filterLoc,,
4320,1248,filterLoc,,
4320,1251,filterLoc,,
4320,1254,filterLoc,,
4320,1257,filterLoc,,
4320,1260,filterLoc,,
4320,1263,filterLoc,,
4320,1266,filterLoc,,
4320,1269,filterLoc,,
4320,1272,filterLoc,,
4320,1275,filterLoc,,
4320,1278,filterLoc,,
4320,1281,filterLoc,,
4320,1284,filterLoc,,
4320,1287,filterLoc,,
4320,1290,filterLoc,,
4320,1293,filterLoc,,
4320,1296,filterLoc,,
4320,1299,filterLoc,,
4320,1302,filterLoc,,
4320,1305,filterLoc,,
4320,1308,filterLoc,,
4320,1311,filterLoc,,
4320,1314,filterLoc,,
4320,1317,filterLoc,,
4320,1320,filterLoc,,
4320,1323,filterLoc,,
4320,1326,filterLoc,,
4320,1329,filterLoc,,
4320,1332,filterLoc,,
4320,1335,filterLoc,,
4320,1338,filterLoc,,
4320,1341,filterLoc,,;Evacuee;314;in triage category;G;is entering helicopter;1
4320,1344,filterLoc,,
4320,1347,filterLoc,,
4320,1350,filterLoc,,
4320,1353,filterLoc,,
4320,1356,filterLoc,,
4320,1359,filterLoc,,
4320,1362,filterLoc,,
4320,1365,filterLoc,,
4320,1368,filterLoc,,
4320,1371,filterLoc,,
4320,1374,filterLoc,,
4320,1377,filterLoc,,
4320,1380,filterLoc,,
4320,1383,filterLoc,,
4320,1386,filterLoc,,
4320,1389,filterLoc,,
4320,1392,filterLoc,,
4320,1395,filterLoc,,
4320,1398,filterLoc,,
4320,1401,filterLoc,,
4320,1404,filterLoc,,
4320,1407,filterLoc,,
4320,1410,filterLoc,,
4320,1413,filterLoc,,
4320,1416,filterLoc,,
4320,1419,filterLoc,,
4320,1422,filterLoc,,
4320,1425,filterLoc,,
4320,1428,filterLoc,,
4320,1431,filterLoc,,
4320,1434,filterLoc,,
4320,1437,filterLoc,,
4320,1440,filterLoc,,
4320,1443,filterLoc,,
4320,1446,filterLoc,,
4320,1449,filterLoc,,
4320,1452,filterLoc,,
4320,1455,filterLoc,,
4320,1458,filterLoc,,
4320,1461,filterLoc,,
4320,1464,filterLoc,,
4320,1467,filterLoc,,
4320,1470,filterLoc,,
4320,1473,filterLoc,,
4320,1476,filterLoc,,
4320,1479,filterLoc,,
4320,1482,filterLoc,,
4320,1485,filterLoc,,
4320,1488,filterLoc,,
4320,1491,filterLoc,,
4320,1494,filterLoc,,
4320,1497,filterLoc,,;Evacuee;298;in triage category;G;is entering helicopter;1
4320,1500,filterLoc,,
4320,1503,filterLoc,,
4320,1506,filterLoc,,
4320,1509,filterLoc,,
4320,380,filterLoc,out,Evacuee 287 in triage category G is assigned helicopter 1
4320,380,filterLoc,,
4320,381,evacuee,,Evacuee;287;in triage state;G;is entering helicopter;1
4320,389,filterLoc,out,Evacuee 284 in triage category G is assigned helicopter 1
4320,389,filterLoc,,
4320,390,evacuee,,Evacuee;284;in triage state;G;is entering helicopter;1
4320,392,filterLoc,out,Evacuee 283 in triage category G is assigned helicopter 1
4320,392,filterLoc,,
4320,393,evacuee,,Evacuee;283;in triage state;G;is entering helicopter;1
4320,455,filterLoc,out,Evacuee 289 in triage category G is assigned helicopter 1
4320,455,filterLoc,,
4320,456,evacuee,,Evacuee;289;in triage state;G;is entering helicopter;1
4320,539,filterLoc,out,Evacuee 311 in triage category G is assigned helicopter 1
4320,539,filterLoc,,
4320,540,evacuee,,Evacuee;311;in triage state;G;is entering helicopter;1
4320,749,filterLoc,out,Evacuee 271 in triage category G is assigned helicopter 1
4320,749,filterLoc,,
4320,750,evacuee,,Evacuee;271;in triage state;G;is entering helicopter;1
4320,836,filterLoc,out,Evacuee 285 in triage category G is assigned helicopter 1
4320,836,filterLoc,,
4320,837,evacuee,,Evacuee;285;in triage state;G;is entering helicopter;1
4320,977,filterLoc,out,Evacuee 304 in triage category G is assigned helicopter 1
4320,977,filterLoc,,
4320,978,evacuee,,Evacuee;304;in triage state;G;is entering helicopter;1
4320,1341,filterLoc,out,Evacuee 314 in triage category G is assigned helicopter 1
4320,1341,filterLoc,,
4320,1342,evacuee,,Evacuee;314;in triage state;G;is entering helicopter;1
4320,1497,filterLoc,out,Evacuee 298 in triage category G is assigned helicopter 1
4320,1497,filterLoc,,
4320,1498,evacuee,,Evacuee;298;in triage state;G;is entering helicopter;1
4320,381,evacuee,outHelo,Evacuee 287 in triage category G is assigned helicopter 1
4320,381,evacuee,,Evacuee;287;in triage state;G;is in helicopter;1
4320,390,evacuee,outHelo,Evacuee 284 in triage category G is assigned helicopter 1
4320,390,evacuee,,Evacuee;284;in triage state;G;is in helicopter;1
4320,393,evacuee,outHelo,Evacuee 283 in triage category G is assigned helicopter 1
4320,393,evacuee,,Evacuee;283;in triage state;G;is in helicopter;1
4320,456,evacuee,outHelo,Evacuee 289 in triage category G is assigned helicopter 1
4320,456,evacuee,,Evacuee;289;in triage state;G;is in helicopter;1
4320,540,evacuee,outHelo,Evacuee 311 in triage category G is assigned helicopter 1
4320,540,evacuee,,Evacuee;311;in triage state;G;is in helicopter;1
4320,750,evacuee,outHelo,Evacuee 271 in triage category G is assigned helicopter 1
4320,750,evacuee,,Evacuee;271;in triage state;G;is in helicopter;1
4320,837,evacuee,outHelo,Evacuee 285 in triage category G is assigned helicopter 1
4320,837,evacuee,,Evacuee;285;in triage state;G;is in helicopter;1
4320,978,evacuee,outHelo,Evacuee 304 in triage category G is assigned helicopter 1
4320,978,evacuee,,Evacuee;304;in triage state;G;is in helicopter;1
4320,1151,filterEvac,,;Evacuee;271;in triage category;G;is entering helicopter;1;Evacuee;283;in triage category;G;is entering helicopter;1;Evacuee;284;in triage category;G;is entering helicopter;1;Evacuee;285;in triage category;G;is entering helicopter;1;Evacuee;287;in triage category;G;is entering helicopter;1;Evacuee;289;in triage category;G;is entering helicopter;1;Evacuee;298;in triage category;G;is entering helicopter;1;Evacuee;304;in triage category;G;is entering helicopter;1;Evacuee;311;in triage category;G;is entering helicopter;1;Evacuee;314;in triage category;G;is entering helicopter;1
4320,1342,evacuee,outHelo,Evacuee 314 in triage category G is assigned helicopter 1
4320,1342,evacuee,,Evacuee;314;in triage state;G;is in helicopter;1
4320,1498,evacuee,outHelo,Evacuee 298 in triage category G is assigned helicopter 1
4320,1498,evacuee,,Evacuee;298;in triage state;G;is in helicopter;1
4320,1151,filterEvac,out,Evacuee 271 in triage category G is assigned helicopter 1
4320,1151,filterEvac,out,Evacuee 283 in triage category G is assigned helicopter 1
4320,1151,filterEvac,out,Evacuee 284 in triage category G is assigned helicopter 1
4320,1151,filterEvac,out,Evacuee 285 in triage category G is assigned helicopter 1
4320,1151,filterEvac,out,Evacuee 287 in triage category G is assigned helicopter 1
4320,1151,filterEvac,out,Evacuee 289 in triage category G is assigned helicopter 1
4320,1151,filterEvac,out,Evacuee 298 in triage category G is assigned helicopter 1
4320,1151,filterEvac,out,Evacuee 304 in triage category G is assigned helicopter 1
4320,1151,filterEvac,out,Evacuee 311 in triage category G is assigned helicopter 1
4320,1151,filterEvac,out,Evacuee 314 in triage category G is assigned helicopter 1
4320,1151,filterEvac,,
4320,1153,helicopter,,Helicopter;1;is loading people at the evacuation site;;and has;10;spots taken
4335,4,helipadManager,outHelo,Helicopter 1 is evacuating people1
4335,4,helipadManager,,;No helos are at ES
4335,1152,filterES,,Helicopter;1;is evacuating people
4335,4,helipadManager,outHQ,0
4335,4,helipadManager,,;No helos are at ES
4335,5,helicopterQueue,,;No helos are waiting to land
4335,1152,filterES,out,Helicopter 1 is evacuating people1
4335,1152,filterES,,
4335,1153,helicopter,,Helicopter;1;is loading people at the evacuation site;;and has;10;spots taken
4335,5,helicopterQueue,,;No helos are waiting to land
4335,1153,helicopter,,Helicopter;1;is returning to the FOL;;and has;10;spots taken
4349.89,3,evacueeManager,,OFF SHIP: White;0;Green;39;Yellow;14;Red;4;Black;353;ON SHIP: White;0;Green;0;Yellow;0;Red;0;Evacuees to Transfer;
4349.89,378,evacuee,outES,Evacuee 288 in triage category Y is not assigned a helicopter
4349.89,378,evacuee,,Evacuee;288;in triage state;R;is at the evacuation site
4355.04,3,evacueeManager,,OFF SHIP: White;0;Green;39;Yellow;14;Red;3;Black;354;ON SHIP: White;0;Green;0;Yellow;0;Red;0;Evacuees to Transfer;
4355.04,378,evacuee,outES,Evacuee 288 in triage category R is not assigned a helicopter
4355.04,378,evacuee,,Evacuee;288;in triage state;B;is at the evacuation site
4359.03,3,evacueeManager,,OFF SHIP: White;0;Green;39;Yellow;14;Red;2;Black;355;ON SHIP: White;0;Green;0;Yellow;0;Red;0;Evacuees to Transfer;
4359.03,1408,evacuee,outES,Evacuee 211 in triage category R is not assigned a helicopter
4359.03,1408,evacuee,,Evacuee;211;in triage state;B;is at the evacuation site
4374.28,3,evacueeManager,,OFF SHIP: White;0;Green;39;Yellow;13;Red;3;Black;355;ON SHIP: White;0;Green;0;Yellow;0;Red;0;Evacuees to Transfer;
4374.28,522,evacuee,outES,Evacuee 299 in triage category Y is not assigned a helicopter
4374.28,522,evacuee,,Evacuee;299;in triage state;R;is at the evacuation site
4384,3,evacueeManager,,OFF SHIP: White;0;Green;38;Yellow;14;Red;3;Black;355;ON SHIP: White;0;Green;0;Yellow;0;Red;0;Evacuees to Transfer;
4384,675,evacuee,outES,Evacuee 454 in triage category G is not assigned a helicopter
4384,675,evacuee,,Evacuee;454;in triage state;Y;is at the evacuation site
4387.98,3,evacueeManager,,OFF SHIP: White;0;Green;38;Yellow;14;Red;2;Black;356;ON SHIP: White;0;Green;0;Yellow;0;Red;0;Evacuees to Transfer;
4387.98,960,evacuee,outES,Evacuee 402 in triage category R is not assigned a helicopter
4387.98,960,evacuee,,Evacuee;402;in triage state;B;is at the evacuation site
4410,7,filterLoc,,
4410,10,filterLoc,,
4410,13,filterLoc,,
4410,16,filterLoc,,
4410,19,filterLoc,,
4410,22,filterLoc,,
4410,25,filterLoc,,
4410,28,filterLoc,,
4410,31,filterLoc,,
4410,34,filterLoc,,
4410,37,filterLoc,,
4410,40,filterLoc,,
4410,43,filterLoc,,
4410,46,filterLoc,,
4410,49,filterLoc,,
4410,52,filterLoc,,
4410,55,filterLoc,,
4410,58,filterLoc,,
4410,61,filterLoc,,
4410,64,filterLoc,,
4410,67,filterLoc,,
4410,70,filterLoc,,
4410,73,filterLoc,,
4410,76,filterLoc,,
4410,79,filterLoc,,
4410,82,filterLoc,,
4410,85,filterLoc,,
4410,88,filterLoc,,
4410,91,filterLoc,,
4410,94,filterLoc,,
4410,97,filterLoc,,
4410,100,filterLoc,,
4410,103,filterLoc,,
4410,106,filterLoc,,
4410,109,filterLoc,,
4410,112,filterLoc,,
4410,115,filterLoc,,
4410,118,filterLoc,,
4410,121,filterLoc,,
4410,124,filterLoc,,
4410,127,filterLoc,,
4410,130,filterLoc,,
4410,133,filterLoc,,
4410,136,filterLoc,,
4410,139,filterLoc,,
4410,142,filterLoc,,
4410,145,filterLoc,,
4410,148,filterLoc,,
4410,151,filterLoc,,
4410,154,filterLoc,,
4410,157,filterLoc,,
4410,160,filterLoc,,
4410,163,filterLoc,,
4410,166,filterLoc,,
4410,169,filterLoc,,
4410,172,filterLoc,,
4410,175,filterLoc,,
4410,178,filterLoc,,
4410,181,filterLoc,,
4410,184,filterLoc,,
4410,187,filterLoc,,
4410,190,filterLoc,,
4410,193,filterLoc,,
4410,196,filterLoc,,
4410,199,filterLoc,,
4410,202,filterLoc,,
4410,205,filterLoc,,
4410,208,filterLoc,,
4410,211,filterLoc,,
4410,214,filterLoc,,
4410,217,filterLoc,,
4410,221,filterLoc,,
4410,224,filterLoc,,
4410,227,filterLoc,,
4410,230,filterLoc,,
4410,233,filterLoc,,
4410,236,filterLoc,,
4410,239,filterLoc,,
4410,242,filterLoc,,
4410,245,filterLoc,,
4410,248,filterLoc,,
4410,251,filterLoc,,
4410,254,filterLoc,,
4410,257,filterLoc,,
4410,260,filterLoc,,
4410,263,filterLoc,,
4410,266,filterLoc,,
4410,269,filterLoc,,
4410,272,filterLoc,,
4410,275,filterLoc,,
4410,278,filterLoc,,
4410,281,filterLoc,,
4410,284,filterLoc,,
4410,287,filterLoc,,
4410,290,filterLoc,,
4410,293,filterLoc,,
4410,296,filterLoc,,
4410,299,filterLoc,,
4410,302,filterLoc,,
4410,305,filterLoc,,
4410,308,filterLoc,,
4410,311,filterLoc,,
4410,314,filterLoc,,
4410,317,filterLoc,,
4410,320,filterLoc,,
4410,323,filterLoc,,
4410,326,filterLoc,,
4410,329,filterLoc,,
4410,332,filterLoc,,
4410,335,filterLoc,,
4410,338,filterLoc,,
4410,341,filterLoc,,
4410,344,filterLoc,,
4410,347,filterLoc,,
4410,350,filterLoc,,
4410,353,filterLoc,,
4410,356,filterLoc,,
4410,359,filterLoc,,
4410,362,filterLoc,,
4410,365,filterLoc,,
4410,368,filterLoc,,
4410,371,filterLoc,,
4410,374,filterLoc,,
4410,377,filterLoc,,
4410,380,filterLoc,,;Evacuee;287;in triage category;G;is leaving helicopter;1
4410,383,filterLoc,,
4410,386,filterLoc,,
4410,389,filterLoc,,;Evacuee;284;in triage category;G;is leaving helicopter;1
4410,392,filterLoc,,;Evacuee;283;in triage category;G;is leaving helicopter;1
4410,395,filterLoc,,
4410,398,filterLoc,,
4410,401,filterLoc,,
4410,404,filterLoc,,
4410,407,filterLoc,,
4410,410,filterLoc,,
4410,413,filterLoc,,
4410,416,filterLoc,,
4410,419,filterLoc,,
4410,422,filterLoc,,
4410,425,filterLoc,,
4410,428,filterLoc,,
4410,431,filterLoc,,
4410,434,filterLoc,,
4410,437,filterLoc,,
4410,440,filterLoc,,
4410,443,filterLoc,,
4410,446,filterLoc,,
4410,449,filterLoc,,
4410,452,filterLoc,,
4410,455,filterLoc,,;Evacuee;289;in triage category;G;is leaving helicopter;1
4410,458,filterLoc,,
4410,461,filterLoc,,
4410,464,filterLoc,,
4410,467,filterLoc,,
4410,470,filterLoc,,
4410,473,filterLoc,,
4410,476,filterLoc,,
4410,479,filterLoc,,
4410,482,filterLoc,,
4410,485,filterLoc,,
4410,488,filterLoc,,
4410,491,filterLoc,,
4410,494,filterLoc,,
4410,497,filterLoc,,
4410,500,filterLoc,,
4410,503,filterLoc,,
4410,506,filterLoc,,
4410,509,filterLoc,,
4410,512,filterLoc,,
4410,515,filterLoc,,
4410,518,filterLoc,,
4410,521,filterLoc,,
4410,524,filterLoc,,
4410,527,filterLoc,,
4410,530,filterLoc,,
4410,533,filterLoc,,
4410,536,filterLoc,,
4410,539,filterLoc,,;Evacuee;311;in triage category;G;is leaving helicopter;1
4410,542,filterLoc,,
4410,545,filterLoc,,
4410,548,filterLoc,,
4410,551,filterLoc,,
4410,554,filterLoc,,
4410,557,filterLoc,,
4410,560,filterLoc,,
4410,563,filterLoc,,
4410,566,filterLoc,,
4410,569,filterLoc,,
4410,572,filterLoc,,
4410,575,filterLoc,,
4410,578,filterLoc,,
4410,581,filterLoc,,
4410,584,filterLoc,,
4410,587,filterLoc,,
4410,590,filterLoc,,
4410,593,filterLoc,,
4410,596,filterLoc,,
4410,599,filterLoc,,
4410,602,filterLoc,,
4410,605,filterLoc,,
4410,608,filterLoc,,
4410,611,filterLoc,,
4410,614,filterLoc,,
4410,617,filterLoc,,
4410,620,filterLoc,,
4410,623,filterLoc,,
4410,626,filterLoc,,
4410,629,filterLoc,,
4410,632,filterLoc,,
4410,635,filterLoc,,
4410,638,filterLoc,,
4410,641,filterLoc,,
4410,644,filterLoc,,
4410,647,filterLoc,,
4410,650,filterLoc,,
4410,653,filterLoc,,
4410,656,filterLoc,,
4410,659,filterLoc,,
4410,662,filterLoc,,
4410,665,filterLoc,,
4410,668,filterLoc,,
4410,671,filterLoc,,
4410,674,filterLoc,,
4410,677,filterLoc,,
4410,680,filterLoc,,
4410,683,filterLoc,,
4410,686,filterLoc,,
4410,689,filterLoc,,
4410,692,filterLoc,,
4410,695,filterLoc,,
4410,698,filterLoc,,
4410,701,filterLoc,,
4410,704,filterLoc,,
4410,707,filterLoc,,
4410,710,filterLoc,,
4410,713,filterLoc,,
4410,716,filterLoc,,
4410,719,filterLoc,,
4410,722,filterLoc,,
4410,725,filterLoc,,
4410,728,filterLoc,,
4410,731,filterLoc,,
4410,734,filterLoc,,
4410,737,filterLoc,,
4410,740,filterLoc,,
4410,743,filterLoc,,
4410,746,filterLoc,,
4410,749,filterLoc,,;Evacuee;271;in triage category;G;is leaving helicopter;1
4410,752,filterLoc,,
4410,755,filterLoc,,
4410,758,filterLoc,,
4410,761,filterLoc,,
4410,764,filterLoc,,
4410,767,filterLoc,,
4410,770,filterLoc,,
4410,773,filterLoc,,
4410,776,filterLoc,,
4410,779,filterLoc,,
4410,782,filterLoc,,
4410,785,filterLoc,,
4410,788,filterLoc,,
4410,791,filterLoc,,
4410,794,filterLoc,,
4410,797,filterLoc,,
4410,800,filterLoc,,
4410,803,filterLoc,,
4410,806,filterLoc,,
4410,809,filterLoc,,
4410,812,filterLoc,,
4410,815,filterLoc,,
4410,818,filterLoc,,
4410,821,filterLoc,,
4410,824,filterLoc,,
4410,827,filterLoc,,
4410,830,filterLoc,,
4410,833,filterLoc,,
4410,836,filterLoc,,;Evacuee;285;in triage category;G;is leaving helicopter;1
4410,839,filterLoc,,
4410,842,filterLoc,,
4410,845,filterLoc,,
4410,848,filterLoc,,
4410,851,filterLoc,,
4410,854,filterLoc,,
4410,857,filterLoc,,
4410,860,filterLoc,,
4410,863,filterLoc,,
4410,866,filterLoc,,
4410,869,filterLoc,,
4410,872,filterLoc,,
4410,875,filterLoc,,
4410,878,filterLoc,,
4410,881,filterLoc,,
4410,884,filterLoc,,
4410,887,filterLoc,,
4410,890,filterLoc,,
4410,893,filterLoc,,
4410,896,filterLoc,,
4410,899,filterLoc,,
4410,902,filterLoc,,
4410,905,filterLoc,,
4410,908,filterLoc,,
4410,911,filterLoc,,
4410,914,filterLoc,,
4410,917,filterLoc,,
4410,920,filterLoc,,
4410,923,filterLoc,,
4410,926,filterLoc,,
4410,929,filterLoc,,
4410,932,filterLoc,,
4410,935,filterLoc,,
4410,938,filterLoc,,
4410,941,filterLoc,,
4410,944,filterLoc,,
4410,947,filterLoc,,
4410,950,filterLoc,,
4410,953,filterLoc,,
4410,956,filterLoc,,
4410,959,filterLoc,,
4410,962,filterLoc,,
4410,965,filterLoc,,
4410,968,filterLoc,,
4410,971,filterLoc,,
4410,974,filterLoc,,
4410,977,filterLoc,,;Evacuee;304;in triage category;G;is leaving helicopter;1
4410,980,filterLoc,,
4410,983,filterLoc,,
4410,986,filterLoc,,
4410,989,filterLoc,,
4410,992,filterLoc,,
4410,995,filterLoc,,
4410,998,filterLoc,,
4410,1001,filterLoc,,
4410,1004,filterLoc,,
4410,1007,filterLoc,,
4410,1010,filterLoc,,
4410,1013,filterLoc,,
4410,1016,filterLoc,,
4410,1019,filterLoc,,
4410,1022,filterLoc,,
4410,1025,filterLoc,,
4410,1028,filterLoc,,
4410,1031,filterLoc,,
4410,1034,filterLoc,,
4410,1037,filterLoc,,
4410,1040,filterLoc,,
4410,1043,filterLoc,,
4410,1046,filterLoc,,
4410,1049,filterLoc,,
4410,1052,filterLoc,,
4410,1055,filterLoc,,
4410,1058,filterLoc,,
4410,1061,filterLoc,,
4410,1064,filterLoc,,
4410,1067,filterLoc,,
4410,1070,filterLoc,,
4410,1073,filterLoc,,
4410,1076,filterLoc,,
4410,1079,filterLoc,,
4410,1082,filterLoc,,
4410,1085,filterLoc,,
4410,1088,filterLoc,,
4410,1091,filterLoc,,
4410,1094,filterLoc,,
4410,1097,filterLoc,,
4410,1100,filterLoc,,
4410,1103,filterLoc,,
4410,1106,filterLoc,,
4410,1109,filterLoc,,
4410,1112,filterLoc,,
4410,1115,filterLoc,,
4410,1118,filterLoc,,
4410,1121,filterLoc,,
4410,1124,filterLoc,,
4410,1127,filterLoc,,
4410,1130,filterLoc,,
4410,1133,filterLoc,,
4410,1136,filterLoc,,
4410,1139,filterLoc,,
4410,1142,filterLoc,,
4410,1145,filterLoc,,
4410,1148,filterLoc,,
4410,1153,helicopter,outEvac,Evacuee 271 in triage category G is not assigned a helicopter
4410,1153,helicopter,outEvac,Evacuee 283 in triage category G is not assigned a helicopter
4410,1153,helicopter,outEvac,Evacuee 284 in triage category G is not assigned a helicopter
4410,1153,helicopter,outEvac,Evacuee 285 in triage category G is not assigned a helicopter
4410,1153,helicopter,outEvac,Evacuee 287 in triage category G is not assigned a helicopter
4410,1153,helicopter,outEvac,Evacuee 289 in triage category G is not assigned a helicopter
4410,1153,helicopter,outEvac,Evacuee 298 in triage category G is not assigned a helicopter
4410,1153,helicopter,outEvac,Evacuee 304 in triage category G is not assigned a helicopter
4410,1153,helicopter,outEvac,Evacuee 311 in triage category G is not assigned a helicopter
4410,1153,helicopter,outEvac,Evacuee 314 in triage category G is not assigned a helicopter
4410,1153,helicopter,,Helicopter;1;is unloading people at the FOL;;and has;0;spots taken
4410,1155,filterLoc,,
4410,1158,filterLoc,,
4410,1161,filterLoc,,
4410,1164,filterLoc,,
4410,1167,filterLoc,,
4410,1170,filterLoc,,
4410,1173,filterLoc,,
4410,1176,filterLoc,,
4410,1179,filterLoc,,
4410,1182,filterLoc,,
4410,1185,filterLoc,,
4410,1188,filterLoc,,
4410,1191,filterLoc,,
4410,1194,filterLoc,,
4410,1197,filterLoc,,
4410,1200,filterLoc,,
4410,1203,filterLoc,,
4410,1206,filterLoc,,
4410,1209,filterLoc,,
4410,1212,filterLoc,,
4410,1215,filterLoc,,
4410,1218,filterLoc,,
4410,1221,filterLoc,,
4410,1224,filterLoc,,
4410,1227,filterLoc,,
4410,1230,filterLoc,,
4410,1233,filterLoc,,
4410,1236,filterLoc,,
4410,1239,filterLoc,,
4410,1242,filterLoc,,
4410,1245,filterLoc,,
4410,1248,filterLoc,,
4410,1251,filterLoc,,
4410,1254,filterLoc,,
4410,1257,filterLoc,,
4410,1260,filterLoc,,
4410,1263,filterLoc,,
4410,1266,filterLoc,,
4410,1269,filterLoc,,
4410,1272,filterLoc,,
4410,1275,filterLoc,,
4410,1278,filterLoc,,
4410,1281,filterLoc,,
4410,1284,filterLoc,,
4410,1287,filterLoc,,
4410,1290,filterLoc,,
4410,1293,filterLoc,,
4410,1296,filterLoc,,
4410,1299,filterLoc,,
4410,1302,filterLoc,,
4410,1305,filterLoc,,
4410,1308,filterLoc,,
4410,1311,filterLoc,,
4410,1314,filterLoc,,
4410,1317,filterLoc,,
4410,1320,filterLoc,,
4410,1323,filterLoc,,
4410,1326,filterLoc,,
4410,1329,filterLoc,,
4410,1332,filterLoc,,
4410,1335,filterLoc,,
4410,1338,filterLoc,,
4410,1341,filterLoc,,;Evacuee;314;in triage category;G;is leaving helicopter;1
4410,1344,filterLoc,,
4410,1347,filterLoc,,
4410,1350,filterLoc,,
4410,1353,filterLoc,,
4410,1356,filterLoc,,
4410,1359,filterLoc,,
4410,1362,filterLoc,,
4410,1365,filterLoc,,
4410,1368,filterLoc,,
4410,1371,filterLoc,,
4410,1374,filterLoc,,
4410,1377,filterLoc,,
4410,1380,filterLoc,,
4410,1383,filterLoc,,
4410,1386,filterLoc,,
4410,1389,filterLoc,,
4410,1392,filterLoc,,
4410,1395,filterLoc,,
4410,1398,filterLoc,,
4410,1401,filterLoc,,
4410,1404,filterLoc,,
4410,1407,filterLoc,,
4410,1410,filterLoc,,
4410,1413,filterLoc,,
4410,1416,filterLoc,,
4410,1419,filterLoc,,
4410,1422,filterLoc,,
4410,1425,filterLoc,,
4410,1428,filterLoc,,
4410,1431,filterLoc,,
4410,1434,filterLoc,,
4410,1437,filterLoc,,
4410,1440,filterLoc,,
4410,1443,filterLoc,,
4410,1446,filterLoc,,
4410,1449,filterLoc,,
4410,1452,filterLoc,,
4410,1455,filterLoc,,
4410,1458,filterLoc,,
4410,1461,filterLoc,,
4410,1464,filterLoc,,
4410,1467,filterLoc,,
4410,1470,filterLoc,,
4410,1473,filterLoc,,
4410,1476,filterLoc,,
4410,1479,filterLoc,,
4410,1482,filterLoc,,
4410,1485,filterLoc,,
4410,1488,filterLoc,,
4410,1491,filterLoc,,
4410,1494,filterLoc,,
4410,1497,filterLoc,,;Evacuee;298;in triage category;G;is leaving helicopter;1
4410,1500,filterLoc,,
4410,1503,filterLoc,,
4410,1506,filterLoc,,
4410,1509,filterLoc,,
4410,380,filterLoc,out,Evacuee 287 in triage category G is not assigned a helicopter
4410,380,filterLoc,,
4410,381,evacuee,,Evacuee;287;in triage state;G;is entering the FOL
4410,389,filterLoc,out,Evacuee 284 in triage category G is not assigned a helicopter
4410,389,filterLoc,,
4410,390,evacuee,,Evacuee;284;in triage state;G;is entering the FOL
4410,392,filterLoc,out,Evacuee 283 in triage category G is not assigned a helicopter
4410,392,filterLoc,,
4410,393,evacuee,,Evacuee;283;in triage state;G;is entering the FOL
4410,455,filterLoc,out,Evacuee 289 in triage category G is not assigned a helicopter
4410,455,filterLoc,,
4410,456,evacuee,,Evacuee;289;in triage state;G;is entering the FOL
4410,539,filterLoc,out,Evacuee 311 in triage category G is not assigned a helicopter
4410,539,filterLoc,,
4410,540,evacuee,,Evacuee;311;in triage state;G;is entering the FOL
4410,749,filterLoc,out,Evacuee 271 in triage category G is not assigned a helicopter
4410,749,filterLoc,,
4410,750,evacuee,,Evacuee;271;in triage state;G;is entering the FOL
4410,836,filterLoc,out,Evacuee 285 in triage category G is not assigned a helicopter
4410,836,filterLoc,,
4410,837,evacuee,,Evacuee;285;in triage state;G;is entering the FOL
4410,977,filterLoc,out,Evacuee 304 in triage category G is not assigned a helicopter
4410,977,filterLoc,,
4410,978,evacuee,,Evacuee;304;in triage state;G;is entering the FOL
4410,1341,filterLoc,out,Evacuee 314 in triage category G is not assigned a helicopter
4410,1341,filterLoc,,
4410,1342,evacuee,,Evacuee;314;in triage state;G;is entering the FOL
4410,1497,filterLoc,out,Evacuee 298 in triage category G is not assigned a helicopter
4410,1497,filterLoc,,
4410,1498,evacuee,,Evacuee;298;in triage state;G;is entering the FOL
4410,219,FOL,,;EvacueeID;2;Triage Status;G;EvacueeID;6;Triage Status;G;EvacueeID;9;Triage Status;G;EvacueeID;12;Triage Status;G;EvacueeID;14;Triage Status;G;EvacueeID;16;Triage Status;G;EvacueeID;20;Triage Status;G;EvacueeID;22;Triage Status;G;EvacueeID;25;Triage Status;G;EvacueeID;27;Triage Status;G;EvacueeID;33;Triage Status;G;EvacueeID;35;Triage Status;G;EvacueeID;36;Triage Status;G;EvacueeID;40;Triage Status;G;EvacueeID;41;Triage Status;G;EvacueeID;44;Triage Status;G;EvacueeID;47;Triage Status;G;EvacueeID;52;Triage Status;G;EvacueeID;56;Triage Status;G;EvacueeID;59;Triage Status;G;EvacueeID;61;Triage Status;G;EvacueeID;63;Triage Status;G;EvacueeID;70;Triage Status;G;EvacueeID;71;Triage Status;G;EvacueeID;74;Triage Status;G;EvacueeID;76;Triage Status;G;EvacueeID;81;Triage Status;G;EvacueeID;83;Triage Status;G;EvacueeID;88;Triage Status;G;EvacueeID;90;Triage Status;G;EvacueeID;92;Triage Status;G;EvacueeID;93;Triage Status;G;EvacueeID;94;Triage Status;G;EvacueeID;96;Triage Status;G;EvacueeID;97;Triage Status;G;EvacueeID;102;Triage Status;G;EvacueeID;104;Triage Status;G;EvacueeID;106;Triage Status;G;EvacueeID;108;Triage Status;G;EvacueeID;109;Triage Status;G;EvacueeID;114;Triage Status;G;EvacueeID;116;Triage Status;G;EvacueeID;119;Triage Status;G;EvacueeID;120;Triage Status;G;EvacueeID;122;Triage Status;G;EvacueeID;125;Triage Status;G;EvacueeID;130;Triage Status;G;EvacueeID;136;Triage Status;G;EvacueeID;138;Triage Status;G;EvacueeID;139;Triage Status;G;EvacueeID;140;Triage Status;G;EvacueeID;143;Triage Status;G;EvacueeID;145;Triage Status;G;EvacueeID;146;Triage Status;G;EvacueeID;148;Triage Status;G;EvacueeID;150;Triage Status;G;EvacueeID;154;Triage Status;G;EvacueeID;155;Triage Status;G;EvacueeID;157;Triage Status;G;EvacueeID;160;Triage Status;G;EvacueeID;167;Triage Status;G;EvacueeID;168;Triage Status;G;EvacueeID;173;Triage Status;G;EvacueeID;175;Triage Status;G;EvacueeID;178;Triage Status;G;EvacueeID;188;Triage Status;G;EvacueeID;191;Triage Status;G;EvacueeID;193;Triage Status;G;EvacueeID;194;Triage Status;G;EvacueeID;195;Triage Status;G;EvacueeID;198;Triage Status;G;EvacueeID;214;Triage Status;G;EvacueeID;216;Triage Status;G;EvacueeID;219;Triage Status;G;EvacueeID;221;Triage Status;G;EvacueeID;247;Triage Status;G;EvacueeID;248;Triage Status;G;EvacueeID;249;Triage Status;G;EvacueeID;254;Triage Status;G;EvacueeID;265;Triage Status;G;EvacueeID;271;Triage Status;G;EvacueeID;283;Triage Status;G;EvacueeID;284;Triage Status;G;EvacueeID;285;Triage Status;G;EvacueeID;287;Triage Status;G;EvacueeID;289;Triage Status;G;EvacueeID;298;Triage Status;G;EvacueeID;304;Triage Status;G;EvacueeID;311;Triage Status;G;EvacueeID;314;Triage Status;G;Lives Saved;90
4410,381,evacuee,outFOL,Evacuee 287 in triage category G is not assigned a helicopter
4410,381,evacuee,,Evacuee;287;in triage state;G;is at the FOL
4410,390,evacuee,outFOL,Evacuee 284 in triage category G is not assigned a helicopter
4410,390,evacuee,,Evacuee;284;in triage state;G;is at the FOL
4410,393,evacuee,outFOL,Evacuee 283 in triage category G is not assigned a helicopter
4410,393,evacuee,,Evacuee;283;in triage state;G;is at the FOL
4410,456,evacuee,outFOL,Evacuee 289 in triage category G is not assigned a helicopter
4410,456,evacuee,,Evacuee;289;in triage state;G;is at the FOL
4410,540,evacuee,outFOL,Evacuee 311 in triage category G is not assigned a helicopter
4410,540,evacuee,,Evacuee;311;in triage state;G;is at the FOL
4410,750,evacuee,outFOL,Evacuee 271 in triage category G is not assigned a helicopter
4410,750,evacuee,,Evacuee;271;in triage state;G;is at the FOL
4410,837,evacuee,outFOL,Evacuee 285 in triage category G is not assigned a helicopter
4410,837,evacuee,,Evacuee;285;in triage state;G;is at the FOL
4410,978,evacuee,outFOL,Evacuee 304 in triage category G is not assigned a helicopter
4410,978,evacuee,,Evacuee;304;in triage state;G;is at the FOL
4410,1342,evacuee,outFOL,Evacuee 314 in triage category G is not assigned a helicopter
4410,1342,evacuee,,Evacuee;314;in triage state;G;is at the FOL
4410,1498,evacuee,outFOL,Evacuee 298 in triage category G is not assigned a helicopter
4410,1498,evacuee,,Evacuee;298;in triage state;G;is at the FOL
4410,219,FOL,,;EvacueeID;2;Triage Status;G;EvacueeID;6;Triage Status;G;EvacueeID;9;Triage Status;G;EvacueeID;12;Triage Status;G;EvacueeID;14;Triage Status;G;EvacueeID;16;Triage Status;G;EvacueeID;20;Triage Status;G;EvacueeID;22;Triage Status;G;EvacueeID;25;Triage Status;G;EvacueeID;27;Triage Status;G;EvacueeID;33;Triage Status;G;EvacueeID;35;Triage Status;G;EvacueeID;36;Triage Status;G;EvacueeID;40;Triage Status;G;EvacueeID;41;Triage Status;G;EvacueeID;44;Triage Status;G;EvacueeID;47;Triage Status;G;EvacueeID;52;Triage Status;G;EvacueeID;56;Triage Status;G;EvacueeID;59;Triage Status;G;EvacueeID;61;Triage Status;G;EvacueeID;63;Triage Status;G;EvacueeID;70;Triage Status;G;EvacueeID;71;Triage Status;G;EvacueeID;74;Triage Status;G;EvacueeID;76;Triage Status;G;EvacueeID;81;Triage Status;G;EvacueeID;83;Triage Status;G;EvacueeID;88;Triage Status;G;EvacueeID;90;Triage Status;G;EvacueeID;92;Triage Status;G;EvacueeID;93;Triage Status;G;EvacueeID;94;Triage Status;G;EvacueeID;96;Triage Status;G;EvacueeID;97;Triage Status;G;EvacueeID;102;Triage Status;G;EvacueeID;104;Triage Status;G;EvacueeID;106;Triage Status;G;EvacueeID;108;Triage Status;G;EvacueeID;109;Triage Status;G;EvacueeID;114;Triage Status;G;EvacueeID;116;Triage Status;G;EvacueeID;119;Triage Status;G;EvacueeID;120;Triage Status;G;EvacueeID;122;Triage Status;G;EvacueeID;125;Triage Status;G;EvacueeID;130;Triage Status;G;EvacueeID;136;Triage Status;G;EvacueeID;138;Triage Status;G;EvacueeID;139;Triage Status;G;EvacueeID;140;Triage Status;G;EvacueeID;143;Triage Status;G;EvacueeID;145;Triage Status;G;EvacueeID;146;Triage Status;G;EvacueeID;148;Triage Status;G;EvacueeID;150;Triage Status;G;EvacueeID;154;Triage Status;G;EvacueeID;155;Triage Status;G;EvacueeID;157;Triage Status;G;EvacueeID;160;Triage Status;G;EvacueeID;167;Triage Status;G;EvacueeID;168;Triage Status;G;EvacueeID;173;Triage Status;G;EvacueeID;175;Triage Status;G;EvacueeID;178;Triage Status;G;EvacueeID;188;Triage Status;G;EvacueeID;191;Triage Status;G;EvacueeID;193;Triage Status;G;EvacueeID;194;Triage Status;G;EvacueeID;195;Triage Status;G;EvacueeID;198;Triage Status;G;EvacueeID;214;Triage Status;G;EvacueeID;216;Triage Status;G;EvacueeID;219;Triage Status;G;EvacueeID;221;Triage Status;G;EvacueeID;247;Triage Status;G;EvacueeID;248;Triage Status;G;EvacueeID;249;Triage Status;G;EvacueeID;254;Triage Status;G;EvacueeID;265;Triage Status;G;EvacueeID;271;Triage Status;G;EvacueeID;283;Triage Status;G;EvacueeID;284;Triage Status;G;EvacueeID;285;Triage Status;G;EvacueeID;287;Triage Status;G;EvacueeID;289;Triage Status;G;EvacueeID;298;Triage Status;G;EvacueeID;304;Triage Status;G;EvacueeID;311;Triage Status;G;EvacueeID;314;Triage Status;G;Lives Saved;90
4421.53,3,evacueeManager,,OFF SHIP: White;0;Green;38;Yellow;14;Red;1;Black;357;ON SHIP: White;0;Green;0;Yellow;0;Red;0;Evacuees to Transfer;
4421.53,444,evacuee,outES,Evacuee 260 in triage category R is not assigned a helicopter
4421.53,444,evacuee,,Evacuee;260;in triage state;B;is at the evacuation site
4425,1153,helicopter,,Helicopter;1;Is going to the evacuation site;;and has;0;spots taken
4478.74,3,evacueeManager,,OFF SHIP: White;0;Green;38;Yellow;14;Red;0;Black;358;ON SHIP: White;0;Green;0;Yellow;0;Red;0;Evacuees to Transfer;
4478.74,522,evacuee,outES,Evacuee 299 in triage category R is not assigned a helicopter
4478.74,522,evacuee,,Evacuee;299;in triage state;B;is at the evacuation site
4500,5,helicopterQueue,,1;Helos are waiting to land;HeloID;1
4500,1153,helicopter,outES,Helicopter 1 is evacuating people1
4500,1153,helicopter,,Helicopter;1;is waiting to land at the evacuation site;;and has;0;spots taken
4500,4,helipadManager,,;No helos are at ES
4500,5,helicopterQueue,outHM,Helicopter 1 is evacuating people1
4500,5,helicopterQueue,outHelo,Helicopter 1 is evacuating people1
4500,5,helicopterQueue,,;No helos are waiting to land
4500,1152,filterES,,Helicopter;1;is evacuating people
4500,3,evacueeManager,,OFF SHIP: White;0;Green;28;Yellow;14;Red;0;Black;358;ON SHIP: White;0;Green;0;Yellow;0;Red;0;Evacuees to Transfer;;EvacueeID;317;HeloID;1;OnShip;0;Triage Status;G;EvacueeID;318;HeloID;1;OnShip;0;Triage Status;G;EvacueeID;319;HeloID;1;OnShip;0;Triage Status;G;EvacueeID;321;HeloID;1;OnShip;0;Triage Status;G;EvacueeID;322;HeloID;1;OnShip;0;Triage Status;G;EvacueeID;334;HeloID;1;OnShip;0;Triage Status;G;EvacueeID;354;HeloID;1;OnShip;0;Triage Status;G;EvacueeID;357;HeloID;1;OnShip;0;Triage Status;G;EvacueeID;358;HeloID;1;OnShip;0;Triage Status;G;EvacueeID;360;HeloID;1;OnShip;0;Triage Status;G
4500,4,helipadManager,outEM,Helicopter 1 is evacuating people1
4500,4,helipadManager,,Helo;1;is at the ES
4500,1152,filterES,out,Helicopter 1 is evacuating people1
4500,1152,filterES,,
4500,1153,helicopter,,Helicopter;1;is waiting to land at the evacuation site;;and has;0;spots taken
4500,3,evacueeManager,outEvac,Evacuee 317 in triage category G is assigned helicopter 1
4500,3,evacueeManager,outEvac,Evacuee 318 in triage category G is assigned helicopter 1
4500,3,evacueeManager,outEvac,Evacuee 319 in triage category G is assigned helicopter 1
4500,3,evacueeManager,outEvac,Evacuee 321 in triage category G is assigned helicopter 1
4500,3,evacueeManager,outEvac,Evacuee 322 in triage category G is assigned helicopter 1
4500,3,evacueeManager,outEvac,Evacuee 334 in triage category G is assigned helicopter 1
4500,3,evacueeManager,outEvac,Evacuee 354 in triage category G is assigned helicopter 1
4500,3,evacueeManager,outEvac,Evacuee 357 in triage category G is assigned helicopter 1
4500,3,evacueeManager,outEvac,Evacuee 358 in triage category G is assigned helicopter 1
4500,3,evacueeManager,outEvac,Evacuee 360 in triage category G is assigned helicopter 1
4500,3,evacueeManager,,OFF SHIP: White;0;Green;28;Yellow;14;Red;0;Black;358;ON SHIP: White;0;Green;0;Yellow;0;Red;0;Evacuees to Transfer;
4500,7,filterLoc,,
4500,10,filterLoc,,
4500,13,filterLoc,,
4500,16,filterLoc,,
4500,19,filterLoc,,
4500,22,filterLoc,,
4500,25,filterLoc,,
4500,28,filterLoc,,
4500,31,filterLoc,,
4500,34,filterLoc,,
4500,37,filterLoc,,
4500,40,filterLoc,,
4500,43,filterLoc,,
4500,46,filterLoc,,
4500,49,filterLoc,,
4500,52,filterLoc,,
4500,55,filterLoc,,
4500,58,filterLoc,,
4500,61,filterLoc,,
4500,64,filterLoc,,
4500,67,filterLoc,,
4500,70,filterLoc,,
4500,73,filterLoc,,
4500,76,filterLoc,,
4500,79,filterLoc,,
4500,82,filterLoc,,
4500,85,filterLoc,,
4500,88,filterLoc,,
4500,91,filterLoc,,
4500,94,filterLoc,,
4500,97,filterLoc,,
4500,100,filterLoc,,
4500,103,filterLoc,,
4500,106,filterLoc,,
4500,109,filterLoc,,
4500,112,filterLoc,,
4500,115,filterLoc,,
4500,118,filterLoc,,
4500,121,filterLoc,,
4500,124,filterLoc,,
4500,127,filterLoc,,
4500,130,filterLoc,,
4500,133,filterLoc,,
4500,136,filterLoc,,
4500,139,filterLoc,,
4500,142,filterLoc,,
4500,145,filterLoc,,
4500,148,filterLoc,,
4500,151,filterLoc,,
4500,154,filterLoc,,
4500,157,filterLoc,,
4500,160,filterLoc,,
4500,163,filterLoc,,
4500,166,filterLoc,,
4500,169,filterLoc,,
4500,172,filterLoc,,
4500,175,filterLoc,,
4500,178,filterLoc,,
4500,181,filterLoc,,
4500,184,filterLoc,,
4500,187,filterLoc,,
4500,190,filterLoc,,
4500,193,filterLoc,,
4500,196,filterLoc,,
4500,199,filterLoc,,
4500,202,filterLoc,,
4500,205,filterLoc,,
4500,208,filterLoc,,
4500,211,filterLoc,,
4500,214,filterLoc,,
4500,217,filterLoc,,
4500,221,filterLoc,,
4500,224,filterLoc,,
4500,227,filterLoc,,
4500,230,filterLoc,,
4500,233,filterLoc,,
4500,236,filterLoc,,
4500,239,filterLoc,,;Evacuee;360;in triage category;G;is entering helicopter;1
4500,242,filterLoc,,;Evacuee;357;in triage category;G;is entering helicopter;1
4500,245,filterLoc,,;Evacuee;354;in triage category;G;is entering helicopter;1
4500,248,filterLoc,,
4500,251,filterLoc,,
4500,254,filterLoc,,
4500,257,filterLoc,,
4500,260,filterLoc,,
4500,263,filterLoc,,
4500,266,filterLoc,,
4500,269,filterLoc,,
4500,272,filterLoc,,
4500,275,filterLoc,,
4500,278,filterLoc,,
4500,281,filterLoc,,
4500,284,filterLoc,,
4500,287,filterLoc,,
4500,290,filterLoc,,
4500,293,filterLoc,,
4500,296,filterLoc,,
4500,299,filterLoc,,
4500,302,filterLoc,,
4500,305,filterLoc,,;Evacuee;322;in triage category;G;is entering helicopter;1
4500,308,filterLoc,,;Evacuee;321;in triage category;G;is entering helicopter;1
4500,311,filterLoc,,;Evacuee;319;in triage category;G;is entering helicopter;1
4500,314,filterLoc,,;Evacuee;318;in triage category;G;is entering helicopter;1
4500,317,filterLoc,,;Evacuee;317;in triage category;G;is entering helicopter;1
4500,320,filterLoc,,
4500,323,filterLoc,,
4500,326,filterLoc,,
4500,329,filterLoc,,
4500,332,filterLoc,,
4500,335,filterLoc,,
4500,338,filterLoc,,
4500,341,filterLoc,,
4500,344,filterLoc,,
4500,347,filterLoc,,
4500,350,filterLoc,,
4500,353,filterLoc,,
4500,356,filterLoc,,
4500,359,filterLoc,,
4500,362,filterLoc,,
4500,365,filterLoc,,
4500,368,filterLoc,,
4500,371,filterLoc,,
4500,374,filterLoc,,
4500,377,filterLoc,,
4500,380,filterLoc,,
4500,383,filterLoc,,
4500,386,filterLoc,,
4500,389,filterLoc,,
4500,392,filterLoc,,
4500,395,filterLoc,,
4500,398,filterLoc,,
4500,401,filterLoc,,
4500,404,filterLoc,,
4500,407,filterLoc,,
4500,410,filterLoc,,
4500,413,filterLoc,,
4500,416,filterLoc,,
4500,419,filterLoc,,
4500,422,filterLoc,,
4500,425,filterLoc,,
4500,428,filterLoc,,
4500,431,filterLoc,,
4500,434,filterLoc,,
4500,437,filterLoc,,
4500,440,filterLoc,,
4500,443,filterLoc,,
4500,446,filterLoc,,
4500,449,filterLoc,,
4500,452,filterLoc,,
4500,455,filterLoc,,
4500,458,filterLoc,,
4500,461,filterLoc,,
4500,464,filterLoc,,
4500,467,filterLoc,,
4500,470,filterLoc,,
4500,473,filterLoc,,
4500,476,filterLoc,,
4500,479,filterLoc,,
4500,482,filterLoc,,
4500,485,filterLoc,,
4500,488,filterLoc,,
4500,491,filterLoc,,
4500,494,filterLoc,,
4500,497,filterLoc,,
4500,500,filterLoc,,
4500,503,filterLoc,,
4500,506,filterLoc,,
4500,509,filterLoc,,
4500,512,filterLoc,,
4500,515,filterLoc,,
4500,518,filterLoc,,
4500,521,filterLoc,,
4500,524,filterLoc,,
4500,527,filterLoc,,
4500,530,filterLoc,,;Evacuee;358;in triage category;G;is entering helicopter;1
4500,533,filterLoc,,
4500,536,filterLoc,,
4500,539,filterLoc,,
4500,542,filterLoc,,
4500,545,filterLoc,,
4500,548,filterLoc,,
4500,551,filterLoc,,
4500,554,filterLoc,,
4500,557,filterLoc,,
4500,560,filterLoc,,
4500,563,filterLoc,,
4500,566,filterLoc,,
4500,569,filterLoc,,
4500,572,filterLoc,,
4500,575,filterLoc,,
4500,578,filterLoc,,
4500,581,filterLoc,,
4500,584,filterLoc,,
4500,587,filterLoc,,
4500,590,filterLoc,,
4500,593,filterLoc,,
4500,596,filterLoc,,
4500,599,filterLoc,,
4500,602,filterLoc,,
4500,605,filterLoc,,
4500,608,filterLoc,,
4500,611,filterLoc,,
4500,614,filterLoc,,
4500,617,filterLoc,,
4500,620,filterLoc,,
4500,623,filterLoc,,
4500,626,filterLoc,,
4500,629,filterLoc,,
4500,632,filterLoc,,
4500,635,filterLoc,,
4500,638,filterLoc,,
4500,641,filterLoc,,
4500,644,filterLoc,,
4500,647,filterLoc,,
4500,650,filterLoc,,
4500,653,filterLoc,,
4500,656,filterLoc,,
4500,659,filterLoc,,
4500,662,filterLoc,,
4500,665,filterLoc,,
4500,668,filterLoc,,
4500,671,filterLoc,,
4500,674,filterLoc,,
4500,677,filterLoc,,
4500,680,filterLoc,,
4500,683,filterLoc,,
4500,686,filterLoc,,
4500,689,filterLoc,,
4500,692,filterLoc,,
4500,695,filterLoc,,
4500,698,filterLoc,,
4500,701,filterLoc,,
4500,704,filterLoc,,
4500,707,filterLoc,,
4500,710,filterLoc,,
4500,713,filterLoc,,
4500,716,filterLoc,,
4500,719,filterLoc,,
4500,722,filterLoc,,
4500,725,filterLoc,,
4500,728,filterLoc,,
4500,731,filterLoc,,
4500,734,filterLoc,,
4500,737,filterLoc,,
4500,740,filterLoc,,
4500,743,filterLoc,,
4500,746,filterLoc,,
4500,749,filterLoc,,
4500,752,filterLoc,,
4500,755,filterLoc,,
4500,758,filterLoc,,;Evacuee;334;in triage category;G;is entering helicopter;1
4500,761,filterLoc,,
4500,764,filterLoc,,
4500,767,filterLoc,,
4500,770,filterLoc,,
4500,773,filterLoc,,
4500,776,filterLoc,,
4500,779,filterLoc,,
4500,782,filterLoc,,
4500,785,filterLoc,,
4500,788,filterLoc,,
4500,791,filterLoc,,
4500,794,filterLoc,,
4500,797,filterLoc,,
4500,800,filterLoc,,
4500,803,filterLoc,,
4500,806,filterLoc,,
4500,809,filterLoc,,
4500,812,filterLoc,,
4500,815,filterLoc,,
4500,818,filterLoc,,
4500,821,filterLoc,,
4500,824,filterLoc,,
4500,827,filterLoc,,
4500,830,filterLoc,,
4500,833,filterLoc,,
4500,836,filterLoc,,
4500,839,filterLoc,,
4500,842,filterLoc,,
4500,845,filterLoc,,
4500,848,filterLoc,,
4500,851,filterLoc,,
4500,854,filterLoc,,
4500,857,filterLoc,,
4500,860,filterLoc,,
4500,863,filterLoc,,
4500,866,filterLoc,,
4500,869,filterLoc,,
4500,872,filterLoc,,
4500,875,filterLoc,,
4500,878,filterLoc,,
4500,881,filterLoc,,
4500,884,filterLoc,,
4500,887,filterLoc,,
4500,890,filterLoc,,
4500,893,filterLoc,,
4500,896,filterLoc,,
4500,899,filterLoc,,
4500,902,filterLoc,,
4500,905,filterLoc,,
4500,908,filterLoc,,
4500,911,filterLoc,,
4500,914,filterLoc,,
4500,917,filterLoc,,
4500,920,filterLoc,,
4500,923,filterLoc,,
4500,926,filterLoc,,
4500,929,filterLoc,,
4500,932,filterLoc,,
4500,935,filterLoc,,
4500,938,filterLoc,,
4500,941,filterLoc,,
4500,944,filterLoc,,
4500,947,filterLoc,,
4500,950,filterLoc,,
4500,953,filterLoc,,
4500,956,filterLoc,,
4500,959,filterLoc,,
4500,962,filterLoc,,
4500,965,filterLoc,,
4500,968,filterLoc,,
4500,971,filterLoc,,
4500,974,filterLoc,,
4500,977,filterLoc,,
4500,980,filterLoc,,
4500,983,filterLoc,,
4500,986,filterLoc,,
4500,989,filterLoc,,
4500,992,filterLoc,,
4500,995,filterLoc,,
4500,998,filterLoc,,
4500,1001,filterLoc,,
4500,1004,filterLoc,,
4500,1007,filterLoc,,
4500,1010,filterLoc,,
4500,1013,filterLoc,,
4500,1016,filterLoc,,
4500,1019,filterLoc,,
4500,1022,filterLoc,,
4500,1025,filterLoc,,
4500,1028,filterLoc,,
4500,1031,filterLoc,,
4500,1034,filterLoc,,
4500,1037,filterLoc,,
4500,1040,filterLoc,,
4500,1043,filterLoc,,
4500,1046,filterLoc,,
4500,1049,filterLoc,,
4500,1052,filterLoc,,
4500,1055,filterLoc,,
4500,1058,filterLoc,,
4500,1061,filterLoc,,
4500,1064,filterLoc,,
4500,1067,filterLoc,,
4500,1070,filterLoc,,
4500,1073,filterLoc,,
4500,1076,filterLoc,,
4500,1079,filterLoc,,
4500,1082,filterLoc,,
4500,1085,filterLoc,,
4500,1088,filterLoc,,
4500,1091,filterLoc,,
4500,1094,filterLoc,,
4500,1097,filterLoc,,
4500,1100,filterLoc,,
4500,1103,filterLoc,,
4500,1106,filterLoc,,
4500,1109,filterLoc,,
4500,1112,filterLoc,,
4500,1115,filterLoc,,
4500,1118,filterLoc,,
4500,1121,filterLoc,,
4500,1124,filterLoc,,
4500,1127,filterLoc,,
4500,1130,filterLoc,,
4500,1133,filterLoc,,
4500,1136,filterLoc,,
4500,1139,filterLoc,,
4500,1142,filterLoc,,
4500,1145,filterLoc,,
4500,1148,filterLoc,,
4500,1153,helicopter,,Helicopter;1;is loading people at the evacuation site;;and has;0;spots taken
4500,1155,filterLoc,,
4500,1158,filterLoc,,
4500,1161,filterLoc,,
4500,1164,filterLoc,,
4500,1167,filterLoc,,
4500,1170,filterLoc,,
4500,1173,filterLoc,,
4500,1176,filterLoc,,
4500,1179,filterLoc,,
4500,1182,filterLoc,,
4500,1185,filterLoc,,
4500,1188,filterLoc,,
4500,1191,filterLoc,,
4500,1194,filterLoc,,
4500,1197,filterLoc,,
4500,1200,filterLoc,,
4500,1203,filterLoc,,
4500,1206,filterLoc,,
4500,1209,filterLoc,,
4500,1212,filterLoc,,
4500,1215,filterLoc,,
4500,1218,filterLoc,,
4500,1221,filterLoc,,
4500,1224,filterLoc,,
4500,1227,filterLoc,,
4500,1230,filterLoc,,
4500,1233,filterLoc,,
4500,1236,filterLoc,,
4500,1239,filterLoc,,
4500,1242,filterLoc,,
4500,1245,filterLoc,,
4500,1248,filterLoc,,
4500,1251,filterLoc,,
4500,1254,filterLoc,,
4500,1257,filterLoc,,
4500,1260,filterLoc,,
4500,1263,filterLoc,,
4500,1266,filterLoc,,
4500,1269,filterLoc,,
4500,1272,filterLoc,,
4500,1275,filterLoc,,
4500,1278,filterLoc,,
4500,1281,filterLoc,,
4500,1284,filterLoc,,
4500,1287,filterLoc,,
4500,1290,filterLoc,,
4500,1293,filterLoc,,
4500,1296,filterLoc,,
4500,1299,filterLoc,,
4500,1302,filterLoc,,
4500,1305,filterLoc,,
4500,1308,filterLoc,,
4500,1311,filterLoc,,
4500,1314,filterLoc,,
4500,1317,filterLoc,,
4500,1320,filterLoc,,
4500,1323,filterLoc,,
4500,1326,filterLoc,,
4500,1329,filterLoc,,
4500,1332,filterLoc,,
4500,1335,filterLoc,,
4500,1338,filterLoc,,
4500,1341,filterLoc,,
4500,1344,filterLoc,,
4500,1347,filterLoc,,
4500,1350,filterLoc,,
4500,1353,filterLoc,,
4500,1356,filterLoc,,
4500,1359,filterLoc,,
4500,1362,filterLoc,,
4500,1365,filterLoc,,
4500,1368,filterLoc,,
4500,1371,filterLoc,,
4500,1374,filterLoc,,
4500,1377,filterLoc,,
4500,1380,filterLoc,,
4500,1383,filterLoc,,
4500,1386,filterLoc,,
4500,1389,filterLoc,,
4500,1392,filterLoc,,
4500,1395,filterLoc,,
4500,1398,filterLoc,,
4500,1401,filterLoc,,
4500,1404,filterLoc,,
4500,1407,filterLoc,,
4500,1410,filterLoc,,
4500,1413,filterLoc,,
4500,1416,filterLoc,,
4500,1419,filterLoc,,
4500,1422,filterLoc,,
4500,1425,filterLoc,,
4500,1428,filterLoc,,
4500,1431,filterLoc,,
4500,1434,filterLoc,,
4500,1437,filterLoc,,
4500,1440,filterLoc,,
4500,1443,filterLoc,,
4500,1446,filterLoc,,
4500,1449,filterLoc,,
4500,1452,filterLoc,,
4500,1455,filterLoc,,
4500,1458,filterLoc,,
4500,1461,filterLoc,,
4500,1464,filterLoc,,
4500,1467,filterLoc,,
4500,1470,filterLoc,,
4500,1473,filterLoc,,
4500,1476,filterLoc,,
4500,1479,filterLoc,,
4500,1482,filterLoc,,
4500,1485,filterLoc,,
4500,1488,filterLoc,,
4500,1491,filterLoc,,
4500,1494,filterLoc,,
4500,1497,filterLoc,,
4500,1500,filterLoc,,
4500,1503,filterLoc,,
4500,1506,filterLoc,,
4500,1509,filterLoc,,
4500,239,filterLoc,out,Evacuee 360 in triage category G is assigned helicopter 1
4500,239,filterLoc,,
4500,240,evacuee,,Evacuee;360;in triage state;G;is entering helicopter;1
4500,242,filterLoc,out,Evacuee 357 in triage category G is assigned helicopter 1
4500,242,filterLoc,,
4500,243,evacuee,,Evacuee;357;in triage state;G;is entering helicopter;1
4500,245,filterLoc,out,Evacuee 354 in triage category G is assigned helicopter 1
4500,245,filterLoc,,
4500,246,evacuee,,Evacuee;354;in triage state;G;is entering helicopter;1
4500,305,filterLoc,out,Evacuee 322 in triage category G is assigned helicopter 1
4500,305,filterLoc,,
4500,306,evacuee,,Evacuee;322;in triage state;G;is entering helicopter;1
4500,308,filterLoc,out,Evacuee 321 in triage category G is assigned helicopter 1
4500,308,filterLoc,,
4500,309,evacuee,,Evacuee;321;in triage state;G;is entering helicopter;1
4500,311,filterLoc,out,Evacuee 319 in triage category G is assigned helicopter 1
4500,311,filterLoc,,
4500,312,evacuee,,Evacuee;319;in triage state;G;is entering helicopter;1
4500,314,filterLoc,out,Evacuee 318 in triage category G is assigned helicopter 1
4500,314,filterLoc,,
4500,315,evacuee,,Evacuee;318;in triage state;G;is entering helicopter;1
4500,317,filterLoc,out,Evacuee 317 in triage category G is assigned helicopter 1
4500,317,filterLoc,,
4500,318,evacuee,,Evacuee;317;in triage state;G;is entering helicopter;1
4500,530,filterLoc,out,Evacuee 358 in triage category G is assigned helicopter 1
4500,530,filterLoc,,
4500,531,evacuee,,Evacuee;358;in triage state;G;is entering helicopter;1
4500,758,filterLoc,out,Evacuee 334 in triage category G is assigned helicopter 1
4500,758,filterLoc,,
4500,759,evacuee,,Evacuee;334;in triage state;G;is entering helicopter;1
4500,240,evacuee,outHelo,Evacuee 360 in triage category G is assigned helicopter 1
4500,240,evacuee,,Evacuee;360;in triage state;G;is in helicopter;1
4500,243,evacuee,outHelo,Evacuee 357 in triage category G is assigned helicopter 1
4500,243,evacuee,,Evacuee;357;in triage state;G;is in helicopter;1
4500,246,evacuee,outHelo,Evacuee 354 in triage category G is assigned helicopter 1
4500,246,evacuee,,Evacuee;354;in triage state;G;is in helicopter;1
4500,306,evacuee,outHelo,Evacuee 322 in triage category G is assigned helicopter 1
4500,306,evacuee,,Evacuee;322;in triage state;G;is in helicopter;1
4500,309,evacuee,outHelo,Evacuee 321 in triage category G is assigned helicopter 1
4500,309,evacuee,,Evacuee;321;in triage state;G;is in helicopter;1
4500,312,evacuee,outHelo,Evacuee 319 in triage category G is assigned helicopter 1
4500,312,evacuee,,Evacuee;319;in triage state;G;is in helicopter;1
4500,315,evacuee,outHelo,Evacuee 318 in triage category G is assigned helicopter 1
4500,315,evacuee,,Evacuee;318;in triage state;G;is in helicopter;1
4500,318,evacuee,outHelo,Evacuee 317 in triage category G is assigned helicopter 1
4500,318,evacuee,,Evacuee;317;in triage state;G;is in helicopter;1
4500,531,evacuee,outHelo,Evacuee 358 in triage category G is assigned helicopter 1
4500,531,evacuee,,Evacuee;358;in triage state;G;is in helicopter;1
4500,759,evacuee,outHelo,Evacuee 334 in triage category G is assigned helicopter 1
4500,759,evacuee,,Evacuee;334;in triage state;G;is in helicopter;1
4500,1151,filterEvac,,;Evacuee;317;in triage category;G;is entering helicopter;1;Evacuee;318;in triage category;G;is entering helicopter;1;Evacuee;319;in triage category;G;is entering helicopter;1;Evacuee;321;in triage category;G;is entering helicopter;1;Evacuee;322;in triage category;G;is entering helicopter;1;Evacuee;334;in triage category;G;is entering helicopter;1;Evacuee;354;in triage category;G;is entering helicopter;1;Evacuee;357;in triage category;G;is entering helicopter;1;Evacuee;358;in triage category;G;is entering helicopter;1;Evacuee;360;in triage category;G;is entering helicopter;1
4500,1151,filterEvac,out,Evacuee 317 in triage category G is assigned helicopter 1
4500,1151,filterEvac,out,Evacuee 318 in triage category G is assigned helicopter 1
4500,1151,filterEvac,out,Evacuee 319 in triage category G is assigned helicopter 1
4500,1151,filterEvac,out,Evacuee 321 in triage category G is assigned helicopter 1
4500,1151,filterEvac,out,Evacuee 322 in triage category G is assigned helicopter 1
4500,1151,filterEvac,out,Evacuee 334 in triage category G is assigned helicopter 1
4500,1151,filterEvac,out,Evacuee 354 in triage category G is assigned helicopter 1
4500,1151,filterEvac,out,Evacuee 357 in triage category G is assigned helicopter 1
4500,1151,filterEvac,out,Evacuee 358 in triage category G is assigned helicopter 1
4500,1151,filterEvac,out,Evacuee 360 in triage category G is assigned helicopter 1
4500,1151,filterEvac,,
4500,1153,helicopter,,Helicopter;1;is loading people at the evacuation site;;and has;10;spots taken
4504.11,3,evacueeManager,,OFF SHIP: White;0;Green;27;Yellow;15;Red;0;Black;358;ON SHIP: White;0;Green;0;Yellow;0;Red;0;Evacuees to Transfer;
4504.11,231,evacuee,outES,Evacuee 366 in triage category G is not assigned a helicopter
4504.11,231,evacuee,,Evacuee;366;in triage state;Y;is at the evacuation site
4515,4,helipadManager,outHelo,Helicopter 1 is evacuating people1
4515,4,helipadManager,,;No helos are at ES
4515,1152,filterES,,Helicopter;1;is evacuating people
4515,4,helipadManager,outHQ,0
4515,4,helipadManager,,;No helos are at ES
4515,5,helicopterQueue,,;No helos are waiting to land
4515,1152,filterES,out,Helicopter 1 is evacuating people1
4515,1152,filterES,,
4515,1153,helicopter,,Helicopter;1;is loading people at the evacuation site;;and has;10;spots taken
4515,5,helicopterQueue,,;No helos are waiting to land
4515,1153,helicopter,,Helicopter;1;is returning to the FOL;;and has;10;spots taken
4525.32,3,evacueeManager,,OFF SHIP: White;0;Green;27;Yellow;14;Red;1;Black;358;ON SHIP: White;0;Green;0;Yellow;0;Red;0;Evacuees to Transfer;
4525.32,80,evacuee,outES,Evacuee 455 in triage category Y is not assigned a helicopter
4525.32,80,evacuee,,Evacuee;455;in triage state;R;is at the evacuation site
4548.99,3,evacueeManager,,OFF SHIP: White;0;Green;27;Yellow;13;Red;2;Black;358;ON SHIP: White;0;Green;0;Yellow;0;Red;0;Evacuees to Transfer;
4548.99,155,evacuee,outES,Evacuee 397 in triage category Y is not assigned a helicopter
4548.99,155,evacuee,,Evacuee;397;in triage state;R;is at the evacuation site
4563.92,3,evacueeManager,,OFF SHIP: White;0;Green;27;Yellow;12;Red;3;Black;358;ON SHIP: White;0;Green;0;Yellow;0;Red;0;Evacuees to Transfer;
4563.92,819,evacuee,outES,Evacuee 332 in triage category Y is not assigned a helicopter
4563.92,819,evacuee,,Evacuee;332;in triage state;R;is at the evacuation site
4581.3,3,evacueeManager,,OFF SHIP: White;0;Green;26;Yellow;13;Red;3;Black;358;ON SHIP: White;0;Green;0;Yellow;0;Red;0;Evacuees to Transfer;
4581.3,528,evacuee,outES,Evacuee 373 in triage category G is not assigned a helicopter
4581.3,528,evacuee,,Evacuee;373;in triage state;Y;is at the evacuation site
4590,7,filterLoc,,
4590,10,filterLoc,,
4590,13,filterLoc,,
4590,16,filterLoc,,
4590,19,filterLoc,,
4590,22,filterLoc,,
4590,25,filterLoc,,
4590,28,filterLoc,,
4590,31,filterLoc,,
4590,34,filterLoc,,
4590,37,filterLoc,,
4590,40,filterLoc,,
4590,43,filterLoc,,
4590,46,filterLoc,,
4590,49,filterLoc,,
4590,52,filterLoc,,
4590,55,filterLoc,,
4590,58,filterLoc,,
4590,61,filterLoc,,
4590,64,filterLoc,,
4590,67,filterLoc,,
4590,70,filterLoc,,
4590,73,filterLoc,,
4590,76,filterLoc,,
4590,79,filterLoc,,
4590,82,filterLoc,,
4590,85,filterLoc,,
4590,88,filterLoc,,
4590,91,filterLoc,,
4590,94,filterLoc,,
4590,97,filterLoc,,
4590,100,filterLoc,,
4590,103,filterLoc,,
4590,106,filterLoc,,
4590,109,filterLoc,,
4590,112,filterLoc,,
4590,115,filterLoc,,
4590,118,filterLoc,,
4590,121,filterLoc,,
4590,124,filterLoc,,
4590,127,filterLoc,,
4590,130,filterLoc,,
4590,133,filterLoc,,
4590,136,filterLoc,,
4590,139,filterLoc,,
4590,142,filterLoc,,
4590,145,filterLoc,,
4590,148,filterLoc,,
4590,151,filterLoc,,
4590,154,filterLoc,,
4590,157,filterLoc,,
4590,160,filterLoc,,
4590,163,filterLoc,,
4590,166,filterLoc,,
4590,169,filterLoc,,
4590,172,filterLoc,,
4590,175,filterLoc,,
4590,178,filterLoc,,
4590,181,filterLoc,,
4590,184,filterLoc,,
4590,187,filterLoc,,
4590,190,filterLoc,,
4590,193,filterLoc,,
4590,196,filterLoc,,
4590,199,filterLoc,,
4590,202,filterLoc,,
4590,205,filterLoc,,
4590,208,filterLoc,,
4590,211,filterLoc,,
4590,214,filterLoc,,
4590,217,filterLoc,,
4590,221,filterLoc,,
4590,224,filterLoc,,
4590,227,filterLoc,,
4590,230,filterLoc,,
4590,233,filterLoc,,
4590,236,filterLoc,,
4590,239,filterLoc,,;Evacuee;360;in triage category;G;is leaving helicopter;1
4590,242,filterLoc,,;Evacuee;357;in triage category;G;is leaving helicopter;1
4590,245,filterLoc,,;Evacuee;354;in triage category;G;is leaving helicopter;1
4590,248,filterLoc,,
4590,251,filterLoc,,
4590,254,filterLoc,,
4590,257,filterLoc,,
4590,260,filterLoc,,
4590,263,filterLoc,,
4590,266,filterLoc,,
4590,269,filterLoc,,
4590,272,filterLoc,,
4590,275,filterLoc,,
4590,278,filterLoc,,
4590,281,filterLoc,,
4590,284,filterLoc,,
4590,287,filterLoc,,
4590,290,filterLoc,,
4590,293,filterLoc,,
4590,296,filterLoc,,
4590,299,filterLoc,,
4590,302,filterLoc,,
4590,305,filterLoc,,;Evacuee;322;in triage category;G;is leaving helicopter;1
4590,308,filterLoc,,;Evacuee;321;in triage category;G;is leaving helicopter;1
4590,311,filterLoc,,;Evacuee;319;in triage category;G;is leaving helicopter;1
4590,314,filterLoc,,;Evacuee;318;in triage category;G;is leaving helicopter;1
4590,317,filterLoc,,;Evacuee;317;in triage category;G;is leaving helicopter;1
4590,320,filterLoc,,
4590,323,filterLoc,,
4590,326,filterLoc,,
4590,329,filterLoc,,
4590,332,filterLoc,,
4590,335,filterLoc,,
4590,338,filterLoc,,
4590,341,filterLoc,,
4590,344,filterLoc,,
4590,347,filterLoc,,
4590,350,filterLoc,,
4590,353,filterLoc,,
4590,356,filterLoc,,
4590,359,filterLoc,,
4590,362,filterLoc,,
4590,365,filterLoc,,
4590,368,filterLoc,,
4590,371,filterLoc,,
4590,374,filterLoc,,
4590,377,filterLoc,,
4590,380,filterLoc,,
4590,383,filterLoc,,
4590,386,filterLoc,,
4590,389,filterLoc,,
4590,392,filterLoc,,
4590,395,filterLoc,,
4590,398,filterLoc,,
4590,401,filterLoc,,
4590,404,filterLoc,,
4590,407,filterLoc,,
4590,410,filterLoc,,
4590,413,filterLoc,,
4590,416,filterLoc,,
4590,419,filterLoc,,
4590,422,filterLoc,,
4590,425,filterLoc,,
4590,428,filterLoc,,
4590,431,filterLoc,,
4590,434,filterLoc,,
4590,437,filterLoc,,
4590,440,filterLoc,,
4590,443,filterLoc,,
4590,446,filterLoc,,
4590,449,filterLoc,,
4590,452,filterLoc,,
4590,455,filterLoc,,
4590,458,filterLoc,,
4590,461,filterLoc,,
4590,464,filterLoc,,
4590,467,filterLoc,,
4590,470,filterLoc,,
4590,473,filterLoc,,
4590,476,filterLoc,,
4590,479,filterLoc,,
4590,482,filterLoc,,
4590,485,filterLoc,,
4590,488,filterLoc,,
4590,491,filterLoc,,
4590,494,filterLoc,,
4590,497,filterLoc,,
4590,500,filterLoc,,
4590,503,filterLoc,,
4590,506,filterLoc,,
4590,509,filterLoc,,
4590,512,filterLoc,,
4590,515,filterLoc,,
4590,518,filterLoc,,
4590,521,filterLoc,,
4590,524,filterLoc,,
4590,527,filterLoc,,
4590,530,filterLoc,,;Evacuee;358;in triage category;G;is leaving helicopter;1
4590,533,filterLoc,,
4590,536,filterLoc,,
4590,539,filterLoc,,
4590,542,filterLoc,,
4590,545,filterLoc,,
4590,548,filterLoc,,
4590,551,filterLoc,,
4590,554,filterLoc,,
4590,557,filterLoc,,
4590,560,filterLoc,,
4590,563,filterLoc,,
4590,566,filterLoc,,
4590,569,filterLoc,,
4590,572,filterLoc,,
4590,575,filterLoc,,
4590,578,filterLoc,,
4590,581,filterLoc,,
4590,584,filterLoc,,
4590,587,filterLoc,,
4590,590,filterLoc,,
4590,593,filterLoc,,
4590,596,filterLoc,,
4590,599,filterLoc,,
4590,602,filterLoc,,
4590,605,filterLoc,,
4590,608,filterLoc,,
4590,611,filterLoc,,
4590,614,filterLoc,,
4590,617,filterLoc,,
4590,620,filterLoc,,
4590,623,filterLoc,,
4590,626,filterLoc,,
4590,629,filterLoc,,
4590,632,filterLoc,,
4590,635,filterLoc,,
4590,638,filterLoc,,
4590,641,filterLoc,,
4590,644,filterLoc,,
4590,647,filterLoc,,
4590,650,filterLoc,,
4590,653,filterLoc,,
4590,656,filterLoc,,
4590,659,filterLoc,,
4590,662,filterLoc,,
4590,665,filterLoc,,
4590,668,filterLoc,,
4590,671,filterLoc,,
4590,674,filterLoc,,
4590,677,filterLoc,,
4590,680,filterLoc,,
4590,683,filterLoc,,
4590,686,filterLoc,,
4590,689,filterLoc,,
4590,692,filterLoc,,
4590,695,filterLoc,,
4590,698,filterLoc,,
4590,701,filterLoc,,
4590,704,filterLoc,,
4590,707,filterLoc,,
4590,710,filterLoc,,
4590,713,filterLoc,,
4590,716,filterLoc,,
4590,719,filterLoc,,
4590,722,filterLoc,,
4590,725,filterLoc,,
4590,728,filterLoc,,
4590,731,filterLoc,,
4590,734,filterLoc,,
4590,737,filterLoc,,
4590,740,filterLoc,,
4590,743,filterLoc,,
4590,746,filterLoc,,
4590,749,filterLoc,,
4590,752,filterLoc,,
4590,755,filterLoc,,
4590,758,filterLoc,,;Evacuee;334;in triage category;G;is leaving helicopter;1
4590,761,filterLoc,,
4590,764,filterLoc,,
4590,767,filterLoc,,
4590,770,filterLoc,,
4590,773,filterLoc,,
4590,776,filterLoc,,
4590,779,filterLoc,,
4590,782,filterLoc,,
4590,785,filterLoc,,
4590,788,filterLoc,,
4590,791,filterLoc,,
4590,794,filterLoc,,
4590,797,filterLoc,,
4590,800,filterLoc,,
4590,803,filterLoc,,
4590,806,filterLoc,,
4590,809,filterLoc,,
4590,812,filterLoc,,
4590,815,filterLoc,,
4590,818,filterLoc,,
4590,821,filterLoc,,
4590,824,filterLoc,,
4590,827,filterLoc,,
4590,830,filterLoc,,
4590,833,filterLoc,,
4590,836,filterLoc,,
4590,839,filterLoc,,
4590,842,filterLoc,,
4590,845,filterLoc,,
4590,848,filterLoc,,
4590,851,filterLoc,,
4590,854,filterLoc,,
4590,857,filterLoc,,
4590,860,filterLoc,,
4590,863,filterLoc,,
4590,866,filterLoc,,
4590,869,filterLoc,,
4590,872,filterLoc,,
4590,875,filterLoc,,
4590,878,filterLoc,,
4590,881,filterLoc,,
4590,884,filterLoc,,
4590,887,filterLoc,,
4590,890,filterLoc,,
4590,893,filterLoc,,
4590,896,filterLoc,,
4590,899,filterLoc,,
4590,902,filterLoc,,
4590,905,filterLoc,,
4590,908,filterLoc,,
4590,911,filterLoc,,
4590,914,filterLoc,,
4590,917,filterLoc,,
4590,920,filterLoc,,
4590,923,filterLoc,,
4590,926,filterLoc,,
4590,929,filterLoc,,
4590,932,filterLoc,,
4590,935,filterLoc,,
4590,938,filterLoc,,
4590,941,filterLoc,,
4590,944,filterLoc,,
4590,947,filterLoc,,
4590,950,filterLoc,,
4590,953,filterLoc,,
4590,956,filterLoc,,
4590,959,filterLoc,,
4590,962,filterLoc,,
4590,965,filterLoc,,
4590,968,filterLoc,,
4590,971,filterLoc,,
4590,974,filterLoc,,
4590,977,filterLoc,,
4590,980,filterLoc,,
4590,983,filterLoc,,
4590,986,filterLoc,,
4590,989,filterLoc,,
4590,992,filterLoc,,
4590,995,filterLoc,,
4590,998,filterLoc,,
4590,1001,filterLoc,,
4590,1004,filterLoc,,
4590,1007,filterLoc,,
4590,1010,filterLoc,,
4590,1013,filterLoc,,
4590,1016,filterLoc,,
4590,1019,filterLoc,,
4590,1022,filterLoc,,
4590,1025,filterLoc,,
4590,1028,filterLoc,,
4590,1031,filterLoc,,
4590,1034,filterLoc,,
4590,1037,filterLoc,,
4590,1040,filterLoc,,
4590,1043,filterLoc,,
4590,1046,filterLoc,,
4590,1049,filterLoc,,
4590,1052,filterLoc,,
4590,1055,filterLoc,,
4590,1058,filterLoc,,
4590,1061,filterLoc,,
4590,1064,filterLoc,,
4590,1067,filterLoc,,
4590,1070,filterLoc,,
4590,1073,filterLoc,,
4590,1076,filterLoc,,
4590,1079,filterLoc,,
4590,1082,filterLoc,,
4590,1085,filterLoc,,
4590,1088,filterLoc,,
4590,1091,filterLoc,,
4590,1094,filterLoc,,
4590,1097,filterLoc,,
4590,1100,filterLoc,,
4590,1103,filterLoc,,
4590,1106,filterLoc,,
4590,1109,filterLoc,,
4590,1112,filterLoc,,
4590,1115,filterLoc,,
4590,1118,filterLoc,,
4590,1121,filterLoc,,
4590,1124,filterLoc,,
4590,1127,filterLoc,,
4590,1130,filterLoc,,
4590,1133,filterLoc,,
4590,1136,filterLoc,,
4590,1139,filterLoc,,
4590,1142,filterLoc,,
4590,1145,filterLoc,,
4590,1148,filterLoc,,
4590,1153,helicopter,outEvac,Evacuee 317 in triage category G is not assigned a helicopter
4590,1153,helicopter,outEvac,Evacuee 318 in triage category G is not assigned a helicopter
4590,1153,helicopter,outEvac,Evacuee 319 in triage category G is not assigned a helicopter
4590,1153,helicopter,outEvac,Evacuee 321 in triage category G is not assigned a helicopter
4590,1153,helicopter,outEvac,Evacuee 322 in triage category G is not assigned a helicopter
4590,1153,helicopter,outEvac,Evacuee 334 in triage category G is not assigned a helicopter
4590,1153,helicopter,outEvac,Evacuee 354 in triage category G is not assigned a helicopter
4590,1153,helicopter,outEvac,Evacuee 357 in triage category G is not assigned a helicopter
4590,1153,helicopter,outEvac,Evacuee 358 in triage category G is not assigned a helicopter
4590,1153,helicopter,outEvac,Evacuee 360 in triage category G is not assigned a helicopter
4590,1153,helicopter,,Helicopter;1;is unloading people at the FOL;;and has;0;spots taken
4590,1155,filterLoc,,
4590,1158,filterLoc,,
4590,1161,filterLoc,,
4590,1164,filterLoc,,
4590,1167,filterLoc,,
4590,1170,filterLoc,,
4590,1173,filterLoc,,
4590,1176,filterLoc,,
4590,1179,filterLoc,,
4590,1182,filterLoc,,
4590,1185,filterLoc,,
4590,1188,filterLoc,,
4590,1191,filterLoc,,
4590,1194,filterLoc,,
4590,1197,filterLoc,,
4590,1200,filterLoc,,
4590,1203,filterLoc,,
4590,1206,filterLoc,,
4590,1209,filterLoc,,
4590,1212,filterLoc,,
4590,1215,filterLoc,,
4590,1218,filterLoc,,
4590,1221,filterLoc,,
4590,1224,filterLoc,,
4590,1227,filterLoc,,
4590,1230,filterLoc,,
4590,1233,filterLoc,,
4590,1236,filterLoc,,
4590,1239,filterLoc,,
4590,1242,filterLoc,,
4590,1245,filterLoc,,
4590,1248,filterLoc,,
4590,1251,filterLoc,,
4590,1254,filterLoc,,
4590,1257,filterLoc,,
4590,1260,filterLoc,,
4590,1263,filterLoc,,
4590,1266,filterLoc,,
4590,1269,filterLoc,,
4590,1272,filterLoc,,
4590,1275,filterLoc,,
4590,1278,filterLoc,,
4590,1281,filterLoc,,
4590,1284,filterLoc,,
4590,1287,filterLoc,,
4590,1290,filterLoc,,
4590,1293,filterLoc,,
4590,1296,filterLoc,,
4590,1299,filterLoc,,
4590,1302,filterLoc,,
4590,1305,filterLoc,,
4590,1308,filterLoc,,
4590,1311,filterLoc,,
4590,1314,filterLoc,,
4590,1317,filterLoc,,
4590,1320,filterLoc,,
4590,1323,filterLoc,,
4590,1326,filterLoc,,
4590,1329,filterLoc,,
4590,1332,filterLoc,,
4590,1335,filterLoc,,
4590,1338,filterLoc,,
4590,1341,filterLoc,,
4590,1344,filterLoc,,
4590,1347,filterLoc,,
4590,1350,filterLoc,,
4590,1353,filterLoc,,
4590,1356,filterLoc,,
4590,1359,filterLoc,,
4590,1362,filterLoc,,
4590,1365,filterLoc,,
4590,1368,filterLoc,,
4590,1371,filterLoc,,
4590,1374,filterLoc,,
4590,1377,filterLoc,,
4590,1380,filterLoc,,
4590,1383,filterLoc,,
4590,1386,filterLoc,,
4590,1389,filterLoc,,
4590,1392,filterLoc,,
4590,1395,filterLoc,,
4590,1398,filterLoc,,
4590,1401,filterLoc,,
4590,1404,filterLoc,,
4590,1407,filterLoc,,
4590,1410,filterLoc,,
4590,1413,filterLoc,,
4590,1416,filterLoc,,
4590,1419,filterLoc,,
4590,1422,filterLoc,,
4590,1425,filterLoc,,
4590,1428,filterLoc,,
4590,1431,filterLoc,,
4590,1434,filterLoc,,
4590,1437,filterLoc,,
4590,1440,filterLoc,,
4590,1443,filterLoc,,
4590,1446,filterLoc,,
4590,1449,filterLoc,,
4590,1452,filterLoc,,
4590,1455,filterLoc,,
4590,1458,filterLoc,,
4590,1461,filterLoc,,
4590,1464,filterLoc,,
4590,1467,filterLoc,,
4590,1470,filterLoc,,
4590,1473,filterLoc,,
4590,1476,filterLoc,,
4590,1479,filterLoc,,
4590,1482,filterLoc,,
4590,1485,filterLoc,,
4590,1488,filterLoc,,
4590,1491,filterLoc,,
4590,1494,filterLoc,,
4590,1497,filterLoc,,
4590,1500,filterLoc,,
4590,1503,filterLoc,,
4590,1506,filterLoc,,
4590,1509,filterLoc,,
4590,239,filterLoc,out,Evacuee 360 in triage category G is not assigned a helicopter
4590,239,filterLoc,,
4590,240,evacuee,,Evacuee;360;in triage state;G;is entering the FOL
4590,242,filterLoc,out,Evacuee 357 in triage category G is not assigned a helicopter
4590,242,filterLoc,,
4590,243,evacuee,,Evacuee;357;in triage state;G;is entering the FOL
4590,245,filterLoc,out,Evacuee 354 in triage category G is not assigned a helicopter
4590,245,filterLoc,,
4590,246,evacuee,,Evacuee;354;in triage state;G;is entering the FOL
4590,305,filterLoc,out,Evacuee 322 in triage category G is not assigned a helicopter
4590,305,filterLoc,,
4590,306,evacuee,,Evacuee;322;in triage state;G;is entering the FOL
4590,308,filterLoc,out,Evacuee 321 in triage category G is not assigned a helicopter
4590,308,filterLoc,,
4590,309,evacuee,,Evacuee;321;in triage state;G;is entering the FOL
4590,311,filterLoc,out,Evacuee 319 in triage category G is not assigned a helicopter
4590,311,filterLoc,,
4590,312,evacuee,,Evacuee;319;in triage state;G;is entering the FOL
4590,314,filterLoc,out,Evacuee 318 in triage category G is not assigned a helicopter
4590,314,filterLoc,,
4590,315,evacuee,,Evacuee;318;in triage state;G;is entering the FOL
4590,317,filterLoc,out,Evacuee 317 in triage category G is not assigned a helicopter
4590,317,filterLoc,,
4590,318,evacuee,,Evacuee;317;in triage state;G;is entering the FOL
4590,530,filterLoc,out,Evacuee 358 in triage category G is not assigned a helicopter
4590,530,filterLoc,,
4590,531,evacuee,,Evacuee;358;in triage state;G;is entering the FOL
4590,758,filterLoc,out,Evacuee 334 in triage category G is not assigned a helicopter
4590,758,filterLoc,,
4590,759,evacuee,,Evacuee;334;in triage state;G;is entering the FOL
4590,219,FOL,,;EvacueeID;2;Triage Status;G;EvacueeID;6;Triage Status;G;EvacueeID;9;Triage Status;G;EvacueeID;12;Triage Status;G;EvacueeID;14;Triage Status;G;EvacueeID;16;Triage Status;G;EvacueeID;20;Triage Status;G;EvacueeID;22;Triage Status;G;EvacueeID;25;Triage Status;G;EvacueeID;27;Triage Status;G;EvacueeID;33;Triage Status;G;EvacueeID;35;Triage Status;G;EvacueeID;36;Triage Status;G;EvacueeID;40;Triage Status;G;EvacueeID;41;Triage Status;G;EvacueeID;44;Triage Status;G;EvacueeID;47;Triage Status;G;EvacueeID;52;Triage Status;G;EvacueeID;56;Triage Status;G;EvacueeID;59;Triage Status;G;EvacueeID;61;Triage Status;G;EvacueeID;63;Triage Status;G;EvacueeID;70;Triage Status;G;EvacueeID;71;Triage Status;G;EvacueeID;74;Triage Status;G;EvacueeID;76;Triage Status;G;EvacueeID;81;Triage Status;G;EvacueeID;83;Triage Status;G;EvacueeID;88;Triage Status;G;EvacueeID;90;Triage Status;G;EvacueeID;92;Triage Status;G;EvacueeID;93;Triage Status;G;EvacueeID;94;Triage Status;G;EvacueeID;96;Triage Status;G;EvacueeID;97;Triage Status;G;EvacueeID;102;Triage Status;G;EvacueeID;104;Triage Status;G;EvacueeID;106;Triage Status;G;EvacueeID;108;Triage Status;G;EvacueeID;109;Triage Status;G;EvacueeID;114;Triage Status;G;EvacueeID;116;Triage Status;G;EvacueeID;119;Triage Status;G;EvacueeID;120;Triage Status;G;EvacueeID;122;Triage Status;G;EvacueeID;125;Triage Status;G;EvacueeID;130;Triage Status;G;EvacueeID;136;Triage Status;G;EvacueeID;138;Triage Status;G;EvacueeID;139;Triage Status;G;EvacueeID;140;Triage Status;G;EvacueeID;143;Triage Status;G;EvacueeID;145;Triage Status;G;EvacueeID;146;Triage Status;G;EvacueeID;148;Triage Status;G;EvacueeID;150;Triage Status;G;EvacueeID;154;Triage Status;G;EvacueeID;155;Triage Status;G;EvacueeID;157;Triage Status;G;EvacueeID;160;Triage Status;G;EvacueeID;167;Triage Status;G;EvacueeID;168;Triage Status;G;EvacueeID;173;Triage Status;G;EvacueeID;175;Triage Status;G;EvacueeID;178;Triage Status;G;EvacueeID;188;Triage Status;G;EvacueeID;191;Triage Status;G;EvacueeID;193;Triage Status;G;EvacueeID;194;Triage Status;G;EvacueeID;195;Triage Status;G;EvacueeID;198;Triage Status;G;EvacueeID;214;Triage Status;G;EvacueeID;216;Triage Status;G;EvacueeID;219;Triage Status;G;EvacueeID;221;Triage Status;G;EvacueeID;247;Triage Status;G;EvacueeID;248;Triage Status;G;EvacueeID;249;Triage Status;G;EvacueeID;254;Triage Status;G;EvacueeID;265;Triage Status;G;EvacueeID;271;Triage Status;G;EvacueeID;283;Triage Status;G;EvacueeID;284;Triage Status;G;EvacueeID;285;Triage Status;G;EvacueeID;287;Triage Status;G;EvacueeID;289;Triage Status;G;EvacueeID;298;Triage Status;G;EvacueeID;304;Triage Status;G;EvacueeID;311;Triage Status;G;EvacueeID;314;Triage Status;G;EvacueeID;317;Triage Status;G;EvacueeID;318;Triage Status;G;EvacueeID;319;Triage Status;G;EvacueeID;321;Triage Status;G;EvacueeID;322;Triage Status;G;EvacueeID;334;Triage Status;G;EvacueeID;354;Triage Status;G;EvacueeID;357;Triage Status;G;EvacueeID;358;Triage Status;G;EvacueeID;360;Triage Status;G;Lives Saved;100
4590,240,evacuee,outFOL,Evacuee 360 in triage category G is not assigned a helicopter
4590,240,evacuee,,Evacuee;360;in triage state;G;is at the FOL
4590,243,evacuee,outFOL,Evacuee 357 in triage category G is not assigned a helicopter
4590,243,evacuee,,Evacuee;357;in triage state;G;is at the FOL
4590,246,evacuee,outFOL,Evacuee 354 in triage category G is not assigned a helicopter
4590,246,evacuee,,Evacuee;354;in triage state;G;is at the FOL
4590,306,evacuee,outFOL,Evacuee 322 in triage category G is not assigned a helicopter
4590,306,evacuee,,Evacuee;322;in triage state;G;is at the FOL
4590,309,evacuee,outFOL,Evacuee 321 in triage category G is not assigned a helicopter
4590,309,evacuee,,Evacuee;321;in triage state;G;is at the FOL
4590,312,evacuee,outFOL,Evacuee 319 in triage category G is not assigned a helicopter
4590,312,evacuee,,Evacuee;319;in triage state;G;is at the FOL
4590,315,evacuee,outFOL,Evacuee 318 in triage category G is not assigned a helicopter
4590,315,evacuee,,Evacuee;318;in triage state;G;is at the FOL
4590,318,evacuee,outFOL,Evacuee 317 in triage category G is not assigned a helicopter
4590,318,evacuee,,Evacuee;317;in triage state;G;is at the FOL
4590,531,evacuee,outFOL,Evacuee 358 in triage category G is not assigned a helicopter
4590,531,evacuee,,Evacuee;358;in triage state;G;is at the FOL
4590,759,evacuee,outFOL,Evacuee 334 in triage category G is not assigned a helicopter
4590,759,evacuee,,Evacuee;334;in triage state;G;is at the FOL
4590,219,FOL,,;EvacueeID;2;Triage Status;G;EvacueeID;6;Triage Status;G;EvacueeID;9;Triage Status;G;EvacueeID;12;Triage Status;G;EvacueeID;14;Triage Status;G;EvacueeID;16;Triage Status;G;EvacueeID;20;Triage Status;G;EvacueeID;22;Triage Status;G;EvacueeID;25;Triage Status;G;EvacueeID;27;Triage Status;G;EvacueeID;33;Triage Status;G;EvacueeID;35;Triage Status;G;EvacueeID;36;Triage Status;G;EvacueeID;40;Triage Status;G;EvacueeID;41;Triage Status;G;EvacueeID;44;Triage Status;G;EvacueeID;47;Triage Status;G;EvacueeID;52;Triage Status;G;EvacueeID;56;Triage Status;G;EvacueeID;59;Triage Status;G;EvacueeID;61;Triage Status;G;EvacueeID;63;Triage Status;G;EvacueeID;70;Triage Status;G;EvacueeID;71;Triage Status;G;EvacueeID;74;Triage Status;G;EvacueeID;76;Triage Status;G;EvacueeID;81;Triage Status;G;EvacueeID;83;Triage Status;G;EvacueeID;88;Triage Status;G;EvacueeID;90;Triage Status;G;EvacueeID;92;Triage Status;G;EvacueeID;93;Triage Status;G;EvacueeID;94;Triage Status;G;EvacueeID;96;Triage Status;G;EvacueeID;97;Triage Status;G;EvacueeID;102;Triage Status;G;EvacueeID;104;Triage Status;G;EvacueeID;106;Triage Status;G;EvacueeID;108;Triage Status;G;EvacueeID;109;Triage Status;G;EvacueeID;114;Triage Status;G;EvacueeID;116;Triage Status;G;EvacueeID;119;Triage Status;G;EvacueeID;120;Triage Status;G;EvacueeID;122;Triage Status;G;EvacueeID;125;Triage Status;G;EvacueeID;130;Triage Status;G;EvacueeID;136;Triage Status;G;EvacueeID;138;Triage Status;G;EvacueeID;139;Triage Status;G;EvacueeID;140;Triage Status;G;EvacueeID;143;Triage Status;G;EvacueeID;145;Triage Status;G;EvacueeID;146;Triage Status;G;EvacueeID;148;Triage Status;G;EvacueeID;150;Triage Status;G;EvacueeID;154;Triage Status;G;EvacueeID;155;Triage Status;G;EvacueeID;157;Triage Status;G;EvacueeID;160;Triage Status;G;EvacueeID;167;Triage Status;G;EvacueeID;168;Triage Status;G;EvacueeID;173;Triage Status;G;EvacueeID;175;Triage Status;G;EvacueeID;178;Triage Status;G;EvacueeID;188;Triage Status;G;EvacueeID;191;Triage Status;G;EvacueeID;193;Triage Status;G;EvacueeID;194;Triage Status;G;EvacueeID;195;Triage Status;G;EvacueeID;198;Triage Status;G;EvacueeID;214;Triage Status;G;EvacueeID;216;Triage Status;G;EvacueeID;219;Triage Status;G;EvacueeID;221;Triage Status;G;EvacueeID;247;Triage Status;G;EvacueeID;248;Triage Status;G;EvacueeID;249;Triage Status;G;EvacueeID;254;Triage Status;G;EvacueeID;265;Triage Status;G;EvacueeID;271;Triage Status;G;EvacueeID;283;Triage Status;G;EvacueeID;284;Triage Status;G;EvacueeID;285;Triage Status;G;EvacueeID;287;Triage Status;G;EvacueeID;289;Triage Status;G;EvacueeID;298;Triage Status;G;EvacueeID;304;Triage Status;G;EvacueeID;311;Triage Status;G;EvacueeID;314;Triage Status;G;EvacueeID;317;Triage Status;G;EvacueeID;318;Triage Status;G;EvacueeID;319;Triage Status;G;EvacueeID;321;Triage Status;G;EvacueeID;322;Triage Status;G;EvacueeID;334;Triage Status;G;EvacueeID;354;Triage Status;G;EvacueeID;357;Triage Status;G;EvacueeID;358;Triage Status;G;EvacueeID;360;Triage Status;G;Lives Saved;100
4605,1153,helicopter,,Helicopter;1;Is going to the evacuation site;;and has;0;spots taken
4680,5,helicopterQueue,,1;Helos are waiting to land;HeloID;1
4680,1153,helicopter,outES,Helicopter 1 is evacuating people1
4680,1153,helicopter,,Helicopter;1;is waiting to land at the evacuation site;;and has;0;spots taken
4680,4,helipadManager,,;No helos are at ES
4680,5,helicopterQueue,outHM,Helicopter 1 is evacuating people1
4680,5,helicopterQueue,outHelo,Helicopter 1 is evacuating people1
4680,5,helicopterQueue,,;No helos are waiting to land
4680,1152,filterES,,Helicopter;1;is evacuating people
4680,3,evacueeManager,,OFF SHIP: White;0;Green;16;Yellow;13;Red;3;Black;358;ON SHIP: White;0;Green;0;Yellow;0;Red;0;Evacuees to Transfer;;EvacueeID;362;HeloID;1;OnShip;0;Triage Status;G;EvacueeID;363;HeloID;1;OnShip;0;Triage Status;G;EvacueeID;367;HeloID;1;OnShip;0;Triage Status;G;EvacueeID;376;HeloID;1;OnShip;0;Triage Status;G;EvacueeID;392;HeloID;1;OnShip;0;Triage Status;G;EvacueeID;393;HeloID;1;OnShip;0;Triage Status;G;EvacueeID;395;HeloID;1;OnShip;0;Triage Status;G;EvacueeID;396;HeloID;1;OnShip;0;Triage Status;G;EvacueeID;399;HeloID;1;OnShip;0;Triage Status;G;EvacueeID;412;HeloID;1;OnShip;0;Triage Status;G
4680,4,helipadManager,outEM,Helicopter 1 is evacuating people1
4680,4,helipadManager,,Helo;1;is at the ES
4680,1152,filterES,out,Helicopter 1 is evacuating people1
4680,1152,filterES,,
4680,1153,helicopter,,Helicopter;1;is waiting to land at the evacuation site;;and has;0;spots taken
4680,3,evacueeManager,outEvac,Evacuee 362 in triage category G is assigned helicopter 1
4680,3,evacueeManager,outEvac,Evacuee 363 in triage category G is assigned helicopter 1
4680,3,evacueeManager,outEvac,Evacuee 367 in triage category G is assigned helicopter 1
4680,3,evacueeManager,outEvac,Evacuee 376 in triage category G is assigned helicopter 1
4680,3,evacueeManager,outEvac,Evacuee 392 in triage category G is assigned helicopter 1
4680,3,evacueeManager,outEvac,Evacuee 393 in triage category G is assigned helicopter 1
4680,3,evacueeManager,outEvac,Evacuee 395 in triage category G is assigned helicopter 1
4680,3,evacueeManager,outEvac,Evacuee 396 in triage category G is assigned helicopter 1
4680,3,evacueeManager,outEvac,Evacuee 399 in triage category G is assigned helicopter 1
4680,3,evacueeManager,outEvac,Evacuee 412 in triage category G is assigned helicopter 1
4680,3,evacueeManager,,OFF SHIP: White;0;Green;16;Yellow;13;Red;3;Black;358;ON SHIP: White;0;Green;0;Yellow;0;Red;0;Evacuees to Transfer;
4680,7,filterLoc,,
4680,10,filterLoc,,
4680,13,filterLoc,,
4680,16,filterLoc,,
4680,19,filterLoc,,
4680,22,filterLoc,,
4680,25,filterLoc,,
4680,28,filterLoc,,
4680,31,filterLoc,,
4680,34,filterLoc,,
4680,37,filterLoc,,
4680,40,filterLoc,,
4680,43,filterLoc,,
4680,46,filterLoc,,
4680,49,filterLoc,,
4680,52,filterLoc,,
4680,55,filterLoc,,
4680,58,filterLoc,,
4680,61,filterLoc,,
4680,64,filterLoc,,
4680,67,filterLoc,,
4680,70,filterLoc,,
4680,73,filterLoc,,
4680,76,filterLoc,,
4680,79,filterLoc,,
4680,82,filterLoc,,
4680,85,filterLoc,,
4680,88,filterLoc,,
4680,91,filterLoc,,
4680,94,filterLoc,,
4680,97,filterLoc,,
4680,100,filterLoc,,
4680,103,filterLoc,,
4680,106,filterLoc,,
4680,109,filterLoc,,
4680,112,filterLoc,,
4680,115,filterLoc,,
4680,118,filterLoc,,
4680,121,filterLoc,,
4680,124,filterLoc,,
4680,127,filterLoc,,
4680,130,filterLoc,,
4680,133,filterLoc,,
4680,136,filterLoc,,
4680,139,filterLoc,,
4680,142,filterLoc,,
4680,145,filterLoc,,
4680,148,filterLoc,,
4680,151,filterLoc,,
4680,154,filterLoc,,
4680,157,filterLoc,,
4680,160,filterLoc,,;Evacuee;396;in triage category;G;is entering helicopter;1
4680,163,filterLoc,,;Evacuee;395;in triage category;G;is entering helicopter;1
4680,166,filterLoc,,;Evacuee;393;in triage category;G;is entering helicopter;1
4680,169,filterLoc,,;Evacuee;392;in triage category;G;is entering helicopter;1
4680,172,filterLoc,,
4680,175,filterLoc,,
4680,178,filterLoc,,
4680,181,filterLoc,,
4680,184,filterLoc,,
4680,187,filterLoc,,
4680,190,filterLoc,,
4680,193,filterLoc,,
4680,196,filterLoc,,
4680,199,filterLoc,,
4680,202,filterLoc,,
4680,205,filterLoc,,
4680,208,filterLoc,,
4680,211,filterLoc,,
4680,214,filterLoc,,
4680,217,filterLoc,,
4680,221,filterLoc,,
4680,224,filterLoc,,
4680,227,filterLoc,,
4680,230,filterLoc,,
4680,233,filterLoc,,;Evacuee;362;in triage category;G;is entering helicopter;1
4680,236,filterLoc,,
4680,239,filterLoc,,
4680,242,filterLoc,,
4680,245,filterLoc,,
4680,248,filterLoc,,
4680,251,filterLoc,,
4680,254,filterLoc,,
4680,257,filterLoc,,
4680,260,filterLoc,,
4680,263,filterLoc,,
4680,266,filterLoc,,
4680,269,filterLoc,,
4680,272,filterLoc,,
4680,275,filterLoc,,
4680,278,filterLoc,,
4680,281,filterLoc,,
4680,284,filterLoc,,
4680,287,filterLoc,,
4680,290,filterLoc,,
4680,293,filterLoc,,
4680,296,filterLoc,,
4680,299,filterLoc,,
4680,302,filterLoc,,
4680,305,filterLoc,,
4680,308,filterLoc,,
4680,311,filterLoc,,
4680,314,filterLoc,,
4680,317,filterLoc,,
4680,320,filterLoc,,
4680,323,filterLoc,,
4680,326,filterLoc,,
4680,329,filterLoc,,
4680,332,filterLoc,,
4680,335,filterLoc,,
4680,338,filterLoc,,
4680,341,filterLoc,,
4680,344,filterLoc,,
4680,347,filterLoc,,
4680,350,filterLoc,,
4680,353,filterLoc,,
4680,356,filterLoc,,
4680,359,filterLoc,,
4680,362,filterLoc,,
4680,365,filterLoc,,
4680,368,filterLoc,,
4680,371,filterLoc,,
4680,374,filterLoc,,
4680,377,filterLoc,,
4680,380,filterLoc,,
4680,383,filterLoc,,
4680,386,filterLoc,,;Evacuee;376;in triage category;G;is entering helicopter;1
4680,389,filterLoc,,
4680,392,filterLoc,,
4680,395,filterLoc,,
4680,398,filterLoc,,
4680,401,filterLoc,,
4680,404,filterLoc,,
4680,407,filterLoc,,
4680,410,filterLoc,,
4680,413,filterLoc,,
4680,416,filterLoc,,
4680,419,filterLoc,,
4680,422,filterLoc,,
4680,425,filterLoc,,
4680,428,filterLoc,,
4680,431,filterLoc,,
4680,434,filterLoc,,
4680,437,filterLoc,,
4680,440,filterLoc,,
4680,443,filterLoc,,
4680,446,filterLoc,,
4680,449,filterLoc,,
4680,452,filterLoc,,
4680,455,filterLoc,,
4680,458,filterLoc,,
4680,461,filterLoc,,
4680,464,filterLoc,,
4680,467,filterLoc,,
4680,470,filterLoc,,
4680,473,filterLoc,,
4680,476,filterLoc,,
4680,479,filterLoc,,
4680,482,filterLoc,,
4680,485,filterLoc,,
4680,488,filterLoc,,
4680,491,filterLoc,,
4680,494,filterLoc,,
4680,497,filterLoc,,
4680,500,filterLoc,,
4680,503,filterLoc,,
4680,506,filterLoc,,
4680,509,filterLoc,,
4680,512,filterLoc,,
4680,515,filterLoc,,
4680,518,filterLoc,,
4680,521,filterLoc,,
4680,524,filterLoc,,
4680,527,filterLoc,,
4680,530,filterLoc,,
4680,533,filterLoc,,
4680,536,filterLoc,,
4680,539,filterLoc,,
4680,542,filterLoc,,
4680,545,filterLoc,,
4680,548,filterLoc,,
4680,551,filterLoc,,
4680,554,filterLoc,,
4680,557,filterLoc,,
4680,560,filterLoc,,
4680,563,filterLoc,,
4680,566,filterLoc,,
4680,569,filterLoc,,
4680,572,filterLoc,,
4680,575,filterLoc,,
4680,578,filterLoc,,
4680,581,filterLoc,,
4680,584,filterLoc,,
4680,587,filterLoc,,
4680,590,filterLoc,,
4680,593,filterLoc,,
4680,596,filterLoc,,
4680,599,filterLoc,,
4680,602,filterLoc,,
4680,605,filterLoc,,
4680,608,filterLoc,,;Evacuee;412;in triage category;G;is entering helicopter;1
4680,611,filterLoc,,
4680,614,filterLoc,,
4680,617,filterLoc,,
4680,620,filterLoc,,
4680,623,filterLoc,,
4680,626,filterLoc,,
4680,629,filterLoc,,
4680,632,filterLoc,,
4680,635,filterLoc,,
4680,638,filterLoc,,
4680,641,filterLoc,,
4680,644,filterLoc,,
4680,647,filterLoc,,
4680,650,filterLoc,,
4680,653,filterLoc,,
4680,656,filterLoc,,
4680,659,filterLoc,,
4680,662,filterLoc,,
4680,665,filterLoc,,
4680,668,filterLoc,,
4680,671,filterLoc,,
4680,674,filterLoc,,
4680,677,filterLoc,,
4680,680,filterLoc,,
4680,683,filterLoc,,
4680,686,filterLoc,,
4680,689,filterLoc,,;Evacuee;363;in triage category;G;is entering helicopter;1
4680,692,filterLoc,,
4680,695,filterLoc,,
4680,698,filterLoc,,
4680,701,filterLoc,,
4680,704,filterLoc,,
4680,707,filterLoc,,
4680,710,filterLoc,,
4680,713,filterLoc,,
4680,716,filterLoc,,
4680,719,filterLoc,,
4680,722,filterLoc,,
4680,725,filterLoc,,
4680,728,filterLoc,,
4680,731,filterLoc,,
4680,734,filterLoc,,
4680,737,filterLoc,,
4680,740,filterLoc,,
4680,743,filterLoc,,
4680,746,filterLoc,,
4680,749,filterLoc,,
4680,752,filterLoc,,
4680,755,filterLoc,,
4680,758,filterLoc,,
4680,761,filterLoc,,
4680,764,filterLoc,,
4680,767,filterLoc,,
4680,770,filterLoc,,
4680,773,filterLoc,,
4680,776,filterLoc,,
4680,779,filterLoc,,
4680,782,filterLoc,,
4680,785,filterLoc,,
4680,788,filterLoc,,
4680,791,filterLoc,,
4680,794,filterLoc,,
4680,797,filterLoc,,
4680,800,filterLoc,,
4680,803,filterLoc,,
4680,806,filterLoc,,
4680,809,filterLoc,,
4680,812,filterLoc,,
4680,815,filterLoc,,
4680,818,filterLoc,,
4680,821,filterLoc,,
4680,824,filterLoc,,
4680,827,filterLoc,,
4680,830,filterLoc,,
4680,833,filterLoc,,
4680,836,filterLoc,,
4680,839,filterLoc,,
4680,842,filterLoc,,
4680,845,filterLoc,,
4680,848,filterLoc,,
4680,851,filterLoc,,
4680,854,filterLoc,,
4680,857,filterLoc,,
4680,860,filterLoc,,
4680,863,filterLoc,,
4680,866,filterLoc,,
4680,869,filterLoc,,
4680,872,filterLoc,,
4680,875,filterLoc,,
4680,878,filterLoc,,
4680,881,filterLoc,,
4680,884,filterLoc,,
4680,887,filterLoc,,
4680,890,filterLoc,,
4680,893,filterLoc,,
4680,896,filterLoc,,
4680,899,filterLoc,,
4680,902,filterLoc,,
4680,905,filterLoc,,
4680,908,filterLoc,,
4680,911,filterLoc,,
4680,914,filterLoc,,
4680,917,filterLoc,,
4680,920,filterLoc,,
4680,923,filterLoc,,
4680,926,filterLoc,,
4680,929,filterLoc,,
4680,932,filterLoc,,
4680,935,filterLoc,,
4680,938,filterLoc,,
4680,941,filterLoc,,
4680,944,filterLoc,,
4680,947,filterLoc,,
4680,950,filterLoc,,
4680,953,filterLoc,,
4680,956,filterLoc,,
4680,959,filterLoc,,
4680,962,filterLoc,,
4680,965,filterLoc,,
4680,968,filterLoc,,
4680,971,filterLoc,,
4680,974,filterLoc,,
4680,977,filterLoc,,
4680,980,filterLoc,,
4680,983,filterLoc,,
4680,986,filterLoc,,
4680,989,filterLoc,,
4680,992,filterLoc,,
4680,995,filterLoc,,
4680,998,filterLoc,,
4680,1001,filterLoc,,
4680,1004,filterLoc,,
4680,1007,filterLoc,,
4680,1010,filterLoc,,
4680,1013,filterLoc,,
4680,1016,filterLoc,,
4680,1019,filterLoc,,
4680,1022,filterLoc,,
4680,1025,filterLoc,,
4680,1028,filterLoc,,
4680,1031,filterLoc,,
4680,1034,filterLoc,,
4680,1037,filterLoc,,
4680,1040,filterLoc,,
4680,1043,filterLoc,,
4680,1046,filterLoc,,
4680,1049,filterLoc,,
4680,1052,filterLoc,,
4680,1055,filterLoc,,
4680,1058,filterLoc,,
4680,1061,filterLoc,,
4680,1064,filterLoc,,
4680,1067,filterLoc,,
4680,1070,filterLoc,,
4680,1073,filterLoc,,
4680,1076,filterLoc,,
4680,1079,filterLoc,,
4680,1082,filterLoc,,
4680,1085,filterLoc,,
4680,1088,filterLoc,,
4680,1091,filterLoc,,
4680,1094,filterLoc,,
4680,1097,filterLoc,,
4680,1100,filterLoc,,
4680,1103,filterLoc,,
4680,1106,filterLoc,,
4680,1109,filterLoc,,
4680,1112,filterLoc,,
4680,1115,filterLoc,,
4680,1118,filterLoc,,
4680,1121,filterLoc,,
4680,1124,filterLoc,,
4680,1127,filterLoc,,
4680,1130,filterLoc,,;Evacuee;367;in triage category;G;is entering helicopter;1
4680,1133,filterLoc,,
4680,1136,filterLoc,,
4680,1139,filterLoc,,
4680,1142,filterLoc,,
4680,1145,filterLoc,,
4680,1148,filterLoc,,
4680,1153,helicopter,,Helicopter;1;is loading people at the evacuation site;;and has;0;spots taken
4680,1155,filterLoc,,
4680,1158,filterLoc,,
4680,1161,filterLoc,,
4680,1164,filterLoc,,
4680,1167,filterLoc,,
4680,1170,filterLoc,,
4680,1173,filterLoc,,
4680,1176,filterLoc,,
4680,1179,filterLoc,,
4680,1182,filterLoc,,
4680,1185,filterLoc,,
4680,1188,filterLoc,,
4680,1191,filterLoc,,
4680,1194,filterLoc,,
4680,1197,filterLoc,,
4680,1200,filterLoc,,
4680,1203,filterLoc,,
4680,1206,filterLoc,,
4680,1209,filterLoc,,
4680,1212,filterLoc,,
4680,1215,filterLoc,,
4680,1218,filterLoc,,
4680,1221,filterLoc,,
4680,1224,filterLoc,,
4680,1227,filterLoc,,
4680,1230,filterLoc,,
4680,1233,filterLoc,,
4680,1236,filterLoc,,
4680,1239,filterLoc,,
4680,1242,filterLoc,,
4680,1245,filterLoc,,
4680,1248,filterLoc,,
4680,1251,filterLoc,,
4680,1254,filterLoc,,
4680,1257,filterLoc,,
4680,1260,filterLoc,,
4680,1263,filterLoc,,
4680,1266,filterLoc,,
4680,1269,filterLoc,,
4680,1272,filterLoc,,
4680,1275,filterLoc,,
4680,1278,filterLoc,,
4680,1281,filterLoc,,
4680,1284,filterLoc,,
4680,1287,filterLoc,,
4680,1290,filterLoc,,
4680,1293,filterLoc,,
4680,1296,filterLoc,,
4680,1299,filterLoc,,
4680,1302,filterLoc,,
4680,1305,filterLoc,,
4680,1308,filterLoc,,
4680,1311,filterLoc,,
4680,1314,filterLoc,,
4680,1317,filterLoc,,
4680,1320,filterLoc,,
4680,1323,filterLoc,,
4680,1326,filterLoc,,
4680,1329,filterLoc,,
4680,1332,filterLoc,,
4680,1335,filterLoc,,
4680,1338,filterLoc,,
4680,1341,filterLoc,,
4680,1344,filterLoc,,
4680,1347,filterLoc,,
4680,1350,filterLoc,,
4680,1353,filterLoc,,;Evacuee;399;in triage category;G;is entering helicopter;1
4680,1356,filterLoc,,
4680,1359,filterLoc,,
4680,1362,filterLoc,,
4680,1365,filterLoc,,
4680,1368,filterLoc,,
4680,1371,filterLoc,,
4680,1374,filterLoc,,
4680,1377,filterLoc,,
4680,1380,filterLoc,,
4680,1383,filterLoc,,
4680,1386,filterLoc,,
4680,1389,filterLoc,,
4680,1392,filterLoc,,
4680,1395,filterLoc,,
4680,1398,filterLoc,,
4680,1401,filterLoc,,
4680,1404,filterLoc,,
4680,1407,filterLoc,,
4680,1410,filterLoc,,
4680,1413,filterLoc,,
4680,1416,filterLoc,,
4680,1419,filterLoc,,
4680,1422,filterLoc,,
4680,1425,filterLoc,,
4680,1428,filterLoc,,
4680,1431,filterLoc,,
4680,1434,filterLoc,,
4680,1437,filterLoc,,
4680,1440,filterLoc,,
4680,1443,filterLoc,,
4680,1446,filterLoc,,
4680,1449,filterLoc,,
4680,1452,filterLoc,,
4680,1455,filterLoc,,
4680,1458,filterLoc,,
4680,1461,filterLoc,,
4680,1464,filterLoc,,
4680,1467,filterLoc,,
4680,1470,filterLoc,,
4680,1473,filterLoc,,
4680,1476,filterLoc,,
4680,1479,filterLoc,,
4680,1482,filterLoc,,
4680,1485,filterLoc,,
4680,1488,filterLoc,,
4680,1491,filterLoc,,
4680,1494,filterLoc,,
4680,1497,filterLoc,,
4680,1500,filterLoc,,
4680,1503,filterLoc,,
4680,1506,filterLoc,,
4680,1509,filterLoc,,
4680,160,filterLoc,out,Evacuee 396 in triage category G is assigned helicopter 1
4680,160,filterLoc,,
4680,161,evacuee,,Evacuee;396;in triage state;G;is entering helicopter;1
4680,163,filterLoc,out,Evacuee 395 in triage category G is assigned helicopter 1
4680,163,filterLoc,,
4680,164,evacuee,,Evacuee;395;in triage state;G;is entering helicopter;1
4680,166,filterLoc,out,Evacuee 393 in triage category G is assigned helicopter 1
4680,166,filterLoc,,
4680,167,evacuee,,Evacuee;393;in triage state;G;is entering helicopter;1
4680,169,filterLoc,out,Evacuee 392 in triage category G is assigned helicopter 1
4680,169,filterLoc,,
4680,170,evacuee,,Evacuee;392;in triage state;G;is entering helicopter;1
4680,233,filterLoc,out,Evacuee 362 in triage category G is assigned helicopter 1
4680,233,filterLoc,,
4680,234,evacuee,,Evacuee;362;in triage state;G;is entering helicopter;1
4680,386,filterLoc,out,Evacuee 376 in triage category G is assigned helicopter 1
4680,386,filterLoc,,
4680,387,evacuee,,Evacuee;376;in triage state;G;is entering helicopter;1
4680,608,filterLoc,out,Evacuee 412 in triage category G is assigned helicopter 1
4680,608,filterLoc,,
4680,609,evacuee,,Evacuee;412;in triage state;G;is entering helicopter;1
4680,689,filterLoc,out,Evacuee 363 in triage category G is assigned helicopter 1
4680,689,filterLoc,,
4680,690,evacuee,,Evacuee;363;in triage state;G;is entering helicopter;1
4680,1130,filterLoc,out,Evacuee 367 in triage category G is assigned helicopter 1
4680,1130,filterLoc,,
4680,1131,evacuee,,Evacuee;367;in triage state;G;is entering helicopter;1
4680,1353,filterLoc,out,Evacuee 399 in triage category G is assigned helicopter 1
4680,1353,filterLoc,,
4680,1354,evacuee,,Evacuee;399;in triage state;G;is entering helicopter;1
4680,161,evacuee,outHelo,Evacuee 396 in triage category G is assigned helicopter 1
4680,161,evacuee,,Evacuee;396;in triage state;G;is in helicopter;1
4680,164,evacuee,outHelo,Evacuee 395 in triage category G is assigned helicopter 1
4680,164,evacuee,,Evacuee;395;in triage state;G;is in helicopter;1
4680,167,evacuee,outHelo,Evacuee 393 in triage category G is assigned helicopter 1
4680,167,evacuee,,Evacuee;393;in triage state;G;is in helicopter;1
4680,170,evacuee,outHelo,Evacuee 392 in triage category G is assigned helicopter 1
4680,170,evacuee,,Evacuee;392;in triage state;G;is in helicopter;1
4680,234,evacuee,outHelo,Evacuee 362 in triage category G is assigned helicopter 1
4680,234,evacuee,,Evacuee;362;in triage state;G;is in helicopter;1
4680,387,evacuee,outHelo,Evacuee 376 in triage category G is assigned helicopter 1
4680,387,evacuee,,Evacuee;376;in triage state;G;is in helicopter;1
4680,609,evacuee,outHelo,Evacuee 412 in triage category G is assigned helicopter 1
4680,609,evacuee,,Evacuee;412;in triage state;G;is in helicopter;1
4680,690,evacuee,outHelo,Evacuee 363 in triage category G is assigned helicopter 1
4680,690,evacuee,,Evacuee;363;in triage state;G;is in helicopter;1
4680,1131,evacuee,outHelo,Evacuee 367 in triage category G is assigned helicopter 1
4680,1131,evacuee,,Evacuee;367;in triage state;G;is in helicopter;1
4680,1151,filterEvac,,;Evacuee;362;in triage category;G;is entering helicopter;1;Evacuee;363;in triage category;G;is entering helicopter;1;Evacuee;367;in triage category;G;is entering helicopter;1;Evacuee;376;in triage category;G;is entering helicopter;1;Evacuee;392;in triage category;G;is entering helicopter;1;Evacuee;393;in triage category;G;is entering helicopter;1;Evacuee;395;in triage category;G;is entering helicopter;1;Evacuee;396;in triage category;G;is entering helicopter;1;Evacuee;399;in triage category;G;is entering helicopter;1;Evacuee;412;in triage category;G;is entering helicopter;1
4680,1354,evacuee,outHelo,Evacuee 399 in triage category G is assigned helicopter 1
4680,1354,evacuee,,Evacuee;399;in triage state;G;is in helicopter;1
4680,1151,filterEvac,out,Evacuee 362 in triage category G is assigned helicopter 1
4680,1151,filterEvac,out,Evacuee 363 in triage category G is assigned helicopter 1
4680,1151,filterEvac,out,Evacuee 367 in triage category G is assigned helicopter 1
4680,1151,filterEvac,out,Evacuee 376 in triage category G is assigned helicopter 1
4680,1151,filterEvac,out,Evacuee 392 in triage category G is assigned helicopter 1
4680,1151,filterEvac,out,Evacuee 393 in triage category G is assigned helicopter 1
4680,1151,filterEvac,out,Evacuee 395 in triage category G is assigned helicopter 1
4680,1151,filterEvac,out,Evacuee 396 in triage category G is assigned helicopter 1
4680,1151,filterEvac,out,Evacuee 399 in triage category G is assigned helicopter 1
4680,1151,filterEvac,out,Evacuee 412 in triage category G is assigned helicopter 1
4680,1151,filterEvac,,
4680,1153,helicopter,,Helicopter;1;is loading people at the evacuation site;;and has;10;spots taken
4695,4,helipadManager,outHelo,Helicopter 1 is evacuating people1
4695,4,helipadManager,,;No helos are at ES
4695,1152,filterES,,Helicopter;1;is evacuating people
4695,4,helipadManager,outHQ,0
4695,4,helipadManager,,;No helos are at ES
4695,5,helicopterQueue,,;No helos are waiting to land
4695,1152,filterES,out,Helicopter 1 is evacuating people1
4695,1152,filterES,,
4695,1153,helicopter,,Helicopter;1;is loading people at the evacuation site;;and has;10;spots taken
4695,5,helicopterQueue,,;No helos are waiting to land
4695,1153,helicopter,,Helicopter;1;is returning to the FOL;;and has;10;spots taken
4699.33,3,evacueeManager,,OFF SHIP: White;0;Green;16;Yellow;12;Red;4;Black;358;ON SHIP: White;0;Green;0;Yellow;0;Red;0;Evacuees to Transfer;
4699.33,594,evacuee,outES,Evacuee 447 in triage category Y is not assigned a helicopter
4699.33,594,evacuee,,Evacuee;447;in triage state;R;is at the evacuation site
4708.02,3,evacueeManager,,OFF SHIP: White;0;Green;16;Yellow;11;Red;5;Black;358;ON SHIP: White;0;Green;0;Yellow;0;Red;0;Evacuees to Transfer;
4708.02,1336,evacuee,outES,Evacuee 253 in triage category Y is not assigned a helicopter
4708.02,1336,evacuee,,Evacuee;253;in triage state;R;is at the evacuation site
4710.13,3,evacueeManager,,OFF SHIP: White;0;Green;15;Yellow;12;Red;5;Black;358;ON SHIP: White;0;Green;0;Yellow;0;Red;0;Evacuees to Transfer;
4710.13,83,evacuee,outES,Evacuee 448 in triage category G is not assigned a helicopter
4710.13,83,evacuee,,Evacuee;448;in triage state;Y;is at the evacuation site
4710.82,3,evacueeManager,,OFF SHIP: White;0;Green;15;Yellow;12;Red;4;Black;359;ON SHIP: White;0;Green;0;Yellow;0;Red;0;Evacuees to Transfer;
4710.82,819,evacuee,outES,Evacuee 332 in triage category R is not assigned a helicopter
4710.82,819,evacuee,,Evacuee;332;in triage state;B;is at the evacuation site
4738.89,3,evacueeManager,,OFF SHIP: White;0;Green;15;Yellow;11;Red;5;Black;359;ON SHIP: White;0;Green;0;Yellow;0;Red;0;Evacuees to Transfer;
4738.89,375,evacuee,outES,Evacuee 350 in triage category Y is not assigned a helicopter
4738.89,375,evacuee,,Evacuee;350;in triage state;R;is at the evacuation site
4747.86,3,evacueeManager,,OFF SHIP: White;0;Green;15;Yellow;10;Red;6;Black;359;ON SHIP: White;0;Green;0;Yellow;0;Red;0;Evacuees to Transfer;
4747.86,591,evacuee,outES,Evacuee 95 in triage category Y is not assigned a helicopter
4747.86,591,evacuee,,Evacuee;95;in triage state;R;is at the evacuation site
4760.22,3,evacueeManager,,OFF SHIP: White;0;Green;14;Yellow;11;Red;6;Black;359;ON SHIP: White;0;Green;0;Yellow;0;Red;0;Evacuees to Transfer;
4760.22,1267,evacuee,outES,Evacuee 438 in triage category G is not assigned a helicopter
4760.22,1267,evacuee,,Evacuee;438;in triage state;Y;is at the evacuation site
4761.71,3,evacueeManager,,OFF SHIP: White;0;Green;14;Yellow;11;Red;5;Black;360;ON SHIP: White;0;Green;0;Yellow;0;Red;0;Evacuees to Transfer;
4761.71,155,evacuee,outES,Evacuee 397 in triage category R is not assigned a helicopter
4761.71,155,evacuee,,Evacuee;397;in triage state;B;is at the evacuation site
4770,7,filterLoc,,
4770,10,filterLoc,,
4770,13,filterLoc,,
4770,16,filterLoc,,
4770,19,filterLoc,,
4770,22,filterLoc,,
4770,25,filterLoc,,
4770,28,filterLoc,,
4770,31,filterLoc,,
4770,34,filterLoc,,
4770,37,filterLoc,,
4770,40,filterLoc,,
4770,43,filterLoc,,
4770,46,filterLoc,,
4770,49,filterLoc,,
4770,52,filterLoc,,
4770,55,filterLoc,,
4770,58,filterLoc,,
4770,61,filterLoc,,
4770,64,filterLoc,,
4770,67,filterLoc,,
4770,70,filterLoc,,
4770,73,filterLoc,,
4770,76,filterLoc,,
4770,79,filterLoc,,
4770,82,filterLoc,,
4770,85,filterLoc,,
4770,88,filterLoc,,
4770,91,filterLoc,,
4770,94,filterLoc,,
4770,97,filterLoc,,
4770,100,filterLoc,,
4770,103,filterLoc,,
4770,106,filterLoc,,
4770,109,filterLoc,,
4770,112,filterLoc,,
4770,115,filterLoc,,
4770,118,filterLoc,,
4770,121,filterLoc,,
4770,124,filterLoc,,
4770,127,filterLoc,,
4770,130,filterLoc,,
4770,133,filterLoc,,
4770,136,filterLoc,,
4770,139,filterLoc,,
4770,142,filterLoc,,
4770,145,filterLoc,,
4770,148,filterLoc,,
4770,151,filterLoc,,
4770,154,filterLoc,,
4770,157,filterLoc,,
4770,160,filterLoc,,;Evacuee;396;in triage category;G;is leaving helicopter;1
4770,163,filterLoc,,;Evacuee;395;in triage category;G;is leaving helicopter;1
4770,166,filterLoc,,;Evacuee;393;in triage category;G;is leaving helicopter;1
4770,169,filterLoc,,;Evacuee;392;in triage category;G;is leaving helicopter;1
4770,172,filterLoc,,
4770,175,filterLoc,,
4770,178,filterLoc,,
4770,181,filterLoc,,
4770,184,filterLoc,,
4770,187,filterLoc,,
4770,190,filterLoc,,
4770,193,filterLoc,,
4770,196,filterLoc,,
4770,199,filterLoc,,
4770,202,filterLoc,,
4770,205,filterLoc,,
4770,208,filterLoc,,
4770,211,filterLoc,,
4770,214,filterLoc,,
4770,217,filterLoc,,
4770,221,filterLoc,,
4770,224,filterLoc,,
4770,227,filterLoc,,
4770,230,filterLoc,,
4770,233,filterLoc,,;Evacuee;362;in triage category;G;is leaving helicopter;1
4770,236,filterLoc,,
4770,239,filterLoc,,
4770,242,filterLoc,,
4770,245,filterLoc,,
4770,248,filterLoc,,
4770,251,filterLoc,,
4770,254,filterLoc,,
4770,257,filterLoc,,
4770,260,filterLoc,,
4770,263,filterLoc,,
4770,266,filterLoc,,
4770,269,filterLoc,,
4770,272,filterLoc,,
4770,275,filterLoc,,
4770,278,filterLoc,,
4770,281,filterLoc,,
4770,284,filterLoc,,
4770,287,filterLoc,,
4770,290,filterLoc,,
4770,293,filterLoc,,
4770,296,filterLoc,,
4770,299,filterLoc,,
4770,302,filterLoc,,
4770,305,filterLoc,,
4770,308,filterLoc,,
4770,311,filterLoc,,
4770,314,filterLoc,,
4770,317,filterLoc,,
4770,320,filterLoc,,
4770,323,filterLoc,,
4770,326,filterLoc,,
4770,329,filterLoc,,
4770,332,filterLoc,,
4770,335,filterLoc,,
4770,338,filterLoc,,
4770,341,filterLoc,,
4770,344,filterLoc,,
4770,347,filterLoc,,
4770,350,filterLoc,,
4770,353,filterLoc,,
4770,356,filterLoc,,
4770,359,filterLoc,,
4770,362,filterLoc,,
4770,365,filterLoc,,
4770,368,filterLoc,,
4770,371,filterLoc,,
4770,374,filterLoc,,
4770,377,filterLoc,,
4770,380,filterLoc,,
4770,383,filterLoc,,
4770,386,filterLoc,,;Evacuee;376;in triage category;G;is leaving helicopter;1
4770,389,filterLoc,,
4770,392,filterLoc,,
4770,395,filterLoc,,
4770,398,filterLoc,,
4770,401,filterLoc,,
4770,404,filterLoc,,
4770,407,filterLoc,,
4770,410,filterLoc,,
4770,413,filterLoc,,
4770,416,filterLoc,,
4770,419,filterLoc,,
4770,422,filterLoc,,
4770,425,filterLoc,,
4770,428,filterLoc,,
4770,431,filterLoc,,
4770,434,filterLoc,,
4770,437,filterLoc,,
4770,440,filterLoc,,
4770,443,filterLoc,,
4770,446,filterLoc,,
4770,449,filterLoc,,
4770,452,filterLoc,,
4770,455,filterLoc,,
4770,458,filterLoc,,
4770,461,filterLoc,,
4770,464,filterLoc,,
4770,467,filterLoc,,
4770,470,filterLoc,,
4770,473,filterLoc,,
4770,476,filterLoc,,
4770,479,filterLoc,,
4770,482,filterLoc,,
4770,485,filterLoc,,
4770,488,filterLoc,,
4770,491,filterLoc,,
4770,494,filterLoc,,
4770,497,filterLoc,,
4770,500,filterLoc,,
4770,503,filterLoc,,
4770,506,filterLoc,,
4770,509,filterLoc,,
4770,512,filterLoc,,
4770,515,filterLoc,,
4770,518,filterLoc,,
4770,521,filterLoc,,
4770,524,filterLoc,,
4770,527,filterLoc,,
4770,530,filterLoc,,
4770,533,filterLoc,,
4770,536,filterLoc,,
4770,539,filterLoc,,
4770,542,filterLoc,,
4770,545,filterLoc,,
4770,548,filterLoc,,
4770,551,filterLoc,,
4770,554,filterLoc,,
4770,557,filterLoc,,
4770,560,filterLoc,,
4770,563,filterLoc,,
4770,566,filterLoc,,
4770,569,filterLoc,,
4770,572,filterLoc,,
4770,575,filterLoc,,
4770,578,filterLoc,,
4770,581,filterLoc,,
4770,584,filterLoc,,
4770,587,filterLoc,,
4770,590,filterLoc,,
4770,593,filterLoc,,
4770,596,filterLoc,,
4770,599,filterLoc,,
4770,602,filterLoc,,
4770,605,filterLoc,,
4770,608,filterLoc,,;Evacuee;412;in triage category;G;is leaving helicopter;1
4770,611,filterLoc,,
4770,614,filterLoc,,
4770,617,filterLoc,,
4770,620,filterLoc,,
4770,623,filterLoc,,
4770,626,filterLoc,,
4770,629,filterLoc,,
4770,632,filterLoc,,
4770,635,filterLoc,,
4770,638,filterLoc,,
4770,641,filterLoc,,
4770,644,filterLoc,,
4770,647,filterLoc,,
4770,650,filterLoc,,
4770,653,filterLoc,,
4770,656,filterLoc,,
4770,659,filterLoc,,
4770,662,filterLoc,,
4770,665,filterLoc,,
4770,668,filterLoc,,
4770,671,filterLoc,,
4770,674,filterLoc,,
4770,677,filterLoc,,
4770,680,filterLoc,,
4770,683,filterLoc,,
4770,686,filterLoc,,
4770,689,filterLoc,,;Evacuee;363;in triage category;G;is leaving helicopter;1
4770,692,filterLoc,,
4770,695,filterLoc,,
4770,698,filterLoc,,
4770,701,filterLoc,,
4770,704,filterLoc,,
4770,707,filterLoc,,
4770,710,filterLoc,,
4770,713,filterLoc,,
4770,716,filterLoc,,
4770,719,filterLoc,,
4770,722,filterLoc,,
4770,725,filterLoc,,
4770,728,filterLoc,,
4770,731,filterLoc,,
4770,734,filterLoc,,
4770,737,filterLoc,,
4770,740,filterLoc,,
4770,743,filterLoc,,
4770,746,filterLoc,,
4770,749,filterLoc,,
4770,752,filterLoc,,
4770,755,filterLoc,,
4770,758,filterLoc,,
4770,761,filterLoc,,
4770,764,filterLoc,,
4770,767,filterLoc,,
4770,770,filterLoc,,
4770,773,filterLoc,,
4770,776,filterLoc,,
4770,779,filterLoc,,
4770,782,filterLoc,,
4770,785,filterLoc,,
4770,788,filterLoc,,
4770,791,filterLoc,,
4770,794,filterLoc,,
4770,797,filterLoc,,
4770,800,filterLoc,,
4770,803,filterLoc,,
4770,806,filterLoc,,
4770,809,filterLoc,,
4770,812,filterLoc,,
4770,815,filterLoc,,
4770,818,filterLoc,,
4770,821,filterLoc,,
4770,824,filterLoc,,
4770,827,filterLoc,,
4770,830,filterLoc,,
4770,833,filterLoc,,
4770,836,filterLoc,,
4770,839,filterLoc,,
4770,842,filterLoc,,
4770,845,filterLoc,,
4770,848,filterLoc,,
4770,851,filterLoc,,
4770,854,filterLoc,,
4770,857,filterLoc,,
4770,860,filterLoc,,
4770,863,filterLoc,,
4770,866,filterLoc,,
4770,869,filterLoc,,
4770,872,filterLoc,,
4770,875,filterLoc,,
4770,878,filterLoc,,
4770,881,filterLoc,,
4770,884,filterLoc,,
4770,887,filterLoc,,
4770,890,filterLoc,,
4770,893,filterLoc,,
4770,896,filterLoc,,
4770,899,filterLoc,,
4770,902,filterLoc,,
4770,905,filterLoc,,
4770,908,filterLoc,,
4770,911,filterLoc,,
4770,914,filterLoc,,
4770,917,filterLoc,,
4770,920,filterLoc,,
4770,923,filterLoc,,
4770,926,filterLoc,,
4770,929,filterLoc,,
4770,932,filterLoc,,
4770,935,filterLoc,,
4770,938,filterLoc,,
4770,941,filterLoc,,
4770,944,filterLoc,,
4770,947,filterLoc,,
4770,950,filterLoc,,
4770,953,filterLoc,,
4770,956,filterLoc,,
4770,959,filterLoc,,
4770,962,filterLoc,,
4770,965,filterLoc,,
4770,968,filterLoc,,
4770,971,filterLoc,,
4770,974,filterLoc,,
4770,977,filterLoc,,
4770,980,filterLoc,,
4770,983,filterLoc,,
4770,986,filterLoc,,
4770,989,filterLoc,,
4770,992,filterLoc,,
4770,995,filterLoc,,
4770,998,filterLoc,,
4770,1001,filterLoc,,
4770,1004,filterLoc,,
4770,1007,filterLoc,,
4770,1010,filterLoc,,
4770,1013,filterLoc,,
4770,1016,filterLoc,,
4770,1019,filterLoc,,
4770,1022,filterLoc,,
4770,1025,filterLoc,,
4770,1028,filterLoc,,
4770,1031,filterLoc,,
4770,1034,filterLoc,,
4770,1037,filterLoc,,
4770,1040,filterLoc,,
4770,1043,filterLoc,,
4770,1046,filterLoc,,
4770,1049,filterLoc,,
4770,1052,filterLoc,,
4770,1055,filterLoc,,
4770,1058,filterLoc,,
4770,1061,filterLoc,,
4770,1064,filterLoc,,
4770,1067,filterLoc,,
4770,1070,filterLoc,,
4770,1073,filterLoc,,
4770,1076,filterLoc,,
4770,1079,filterLoc,,
4770,1082,filterLoc,,
4770,1085,filterLoc,,
4770,1088,filterLoc,,
4770,1091,filterLoc,,
4770,1094,filterLoc,,
4770,1097,filterLoc,,
4770,1100,filterLoc,,
4770,1103,filterLoc,,
4770,1106,filterLoc,,
4770,1109,filterLoc,,
4770,1112,filterLoc,,
4770,1115,filterLoc,,
4770,1118,filterLoc,,
4770,1121,filterLoc,,
4770,1124,filterLoc,,
4770,1127,filterLoc,,
4770,1130,filterLoc,,;Evacuee;367;in triage category;G;is leaving helicopter;1
4770,1133,filterLoc,,
4770,1136,filterLoc,,
4770,1139,filterLoc,,
4770,1142,filterLoc,,
4770,1145,filterLoc,,
4770,1148,filterLoc,,
4770,1153,helicopter,outEvac,Evacuee 362 in triage category G is not assigned a helicopter
4770,1153,helicopter,outEvac,Evacuee 363 in triage category G is not assigned a helicopter
4770,1153,helicopter,outEvac,Evacuee 367 in triage category G is not assigned a helicopter
4770,1153,helicopter,outEvac,Evacuee 376 in triage category G is not assigned a helicopter
4770,1153,helicopter,outEvac,Evacuee 392 in triage category G is not assigned a helicopter
4770,1153,helicopter,outEvac,Evacuee 393 in triage category G is not assigned a helicopter
4770,1153,helicopter,outEvac,Evacuee 395 in triage category G is not assigned a helicopter
4770,1153,helicopter,outEvac,Evacuee 396 in triage category G is not assigned a helicopter
4770,1153,helicopter,outEvac,Evacuee 399 in triage category G is not assigned a helicopter
4770,1153,helicopter,outEvac,Evacuee 412 in triage category G is not assigned a helicopter
4770,1153,helicopter,,Helicopter;1;is unloading people at the FOL;;and has;0;spots taken
4770,1155,filterLoc,,
4770,1158,filterLoc,,
4770,1161,filterLoc,,
4770,1164,filterLoc,,
4770,1167,filterLoc,,
4770,1170,filterLoc,,
4770,1173,filterLoc,,
4770,1176,filterLoc,,
4770,1179,filterLoc,,
4770,1182,filterLoc,,
4770,1185,filterLoc,,
4770,1188,filterLoc,,
4770,1191,filterLoc,,
4770,1194,filterLoc,,
4770,1197,filterLoc,,
4770,1200,filterLoc,,
4770,1203,filterLoc,,
4770,1206,filterLoc,,
4770,1209,filterLoc,,
4770,1212,filterLoc,,
4770,1215,filterLoc,,
4770,1218,filterLoc,,
4770,1221,filterLoc,,
4770,1224,filterLoc,,
4770,1227,filterLoc,,
4770,1230,filterLoc,,
4770,1233,filterLoc,,
4770,1236,filterLoc,,
4770,1239,filterLoc,,
4770,1242,filterLoc,,
4770,1245,filterLoc,,
4770,1248,filterLoc,,
4770,1251,filterLoc,,
4770,1254,filterLoc,,
4770,1257,filterLoc,,
4770,1260,filterLoc,,
4770,1263,filterLoc,,
4770,1266,filterLoc,,
4770,1269,filterLoc,,
4770,1272,filterLoc,,
4770,1275,filterLoc,,
4770,1278,filterLoc,,
4770,1281,filterLoc,,
4770,1284,filterLoc,,
4770,1287,filterLoc,,
4770,1290,filterLoc,,
4770,1293,filterLoc,,
4770,1296,filterLoc,,
4770,1299,filterLoc,,
4770,1302,filterLoc,,
4770,1305,filterLoc,,
4770,1308,filterLoc,,
4770,1311,filterLoc,,
4770,1314,filterLoc,,
4770,1317,filterLoc,,
4770,1320,filterLoc,,
4770,1323,filterLoc,,
4770,1326,filterLoc,,
4770,1329,filterLoc,,
4770,1332,filterLoc,,
4770,1335,filterLoc,,
4770,1338,filterLoc,,
4770,1341,filterLoc,,
4770,1344,filterLoc,,
4770,1347,filterLoc,,
4770,1350,filterLoc,,
4770,1353,filterLoc,,;Evacuee;399;in triage category;G;is leaving helicopter;1
4770,1356,filterLoc,,
4770,1359,filterLoc,,
4770,1362,filterLoc,,
4770,1365,filterLoc,,
4770,1368,filterLoc,,
4770,1371,filterLoc,,
4770,1374,filterLoc,,
4770,1377,filterLoc,,
4770,1380,filterLoc,,
4770,1383,filterLoc,,
4770,1386,filterLoc,,
4770,1389,filterLoc,,
4770,1392,filterLoc,,
4770,1395,filterLoc,,
4770,1398,filterLoc,,
4770,1401,filterLoc,,
4770,1404,filterLoc,,
4770,1407,filterLoc,,
4770,1410,filterLoc,,
4770,1413,filterLoc,,
4770,1416,filterLoc,,
4770,1419,filterLoc,,
4770,1422,filterLoc,,
4770,1425,filterLoc,,
4770,1428,filterLoc,,
4770,1431,filterLoc,,
4770,1434,filterLoc,,
4770,1437,filterLoc,,
4770,1440,filterLoc,,
4770,1443,filterLoc,,
4770,1446,filterLoc,,
4770,1449,filterLoc,,
4770,1452,filterLoc,,
4770,1455,filterLoc,,
4770,1458,filterLoc,,
4770,1461,filterLoc,,
4770,1464,filterLoc,,
4770,1467,filterLoc,,
4770,1470,filterLoc,,
4770,1473,filterLoc,,
4770,1476,filterLoc,,
4770,1479,filterLoc,,
4770,1482,filterLoc,,
4770,1485,filterLoc,,
4770,1488,filterLoc,,
4770,1491,filterLoc,,
4770,1494,filterLoc,,
4770,1497,filterLoc,,
4770,1500,filterLoc,,
4770,1503,filterLoc,,
4770,1506,filterLoc,,
4770,1509,filterLoc,,
4770,160,filterLoc,out,Evacuee 396 in triage category G is not assigned a helicopter
4770,160,filterLoc,,
4770,161,evacuee,,Evacuee;396;in triage state;G;is entering the FOL
4770,163,filterLoc,out,Evacuee 395 in triage category G is not assigned a helicopter
4770,163,filterLoc,,
4770,164,evacuee,,Evacuee;395;in triage state;G;is entering the FOL
4770,166,filterLoc,out,Evacuee 393 in triage category G is not assigned a helicopter
4770,166,filterLoc,,
4770,167,evacuee,,Evacuee;393;in triage state;G;is entering the FOL
4770,169,filterLoc,out,Evacuee 392 in triage category G is not assigned a helicopter
4770,169,filterLoc,,
4770,170,evacuee,,Evacuee;392;in triage state;G;is entering the FOL
4770,233,filterLoc,out,Evacuee 362 in triage category G is not assigned a helicopter
4770,233,filterLoc,,
4770,234,evacuee,,Evacuee;362;in triage state;G;is entering the FOL
4770,386,filterLoc,out,Evacuee 376 in triage category G is not assigned a helicopter
4770,386,filterLoc,,
4770,387,evacuee,,Evacuee;376;in triage state;G;is entering the FOL
4770,608,filterLoc,out,Evacuee 412 in triage category G is not assigned a helicopter
4770,608,filterLoc,,
4770,609,evacuee,,Evacuee;412;in triage state;G;is entering the FOL
4770,689,filterLoc,out,Evacuee 363 in triage category G is not assigned a helicopter
4770,689,filterLoc,,
4770,690,evacuee,,Evacuee;363;in triage state;G;is entering the FOL
4770,1130,filterLoc,out,Evacuee 367 in triage category G is not assigned a helicopter
4770,1130,filterLoc,,
4770,1131,evacuee,,Evacuee;367;in triage state;G;is entering the FOL
4770,1353,filterLoc,out,Evacuee 399 in triage category G is not assigned a helicopter
4770,1353,filterLoc,,
4770,1354,evacuee,,Evacuee;399;in triage state;G;is entering the FOL
4770,161,evacuee,outFOL,Evacuee 396 in triage category G is not assigned a helicopter
4770,161,evacuee,,Evacuee;396;in triage state;G;is at the FOL
4770,164,evacuee,outFOL,Evacuee 395 in triage category G is not assigned a helicopter
4770,164,evacuee,,Evacuee;395;in triage state;G;is at the FOL
4770,167,evacuee,outFOL,Evacuee 393 in triage category G is not assigned a helicopter
4770,167,evacuee,,Evacuee;393;in triage state;G;is at the FOL
4770,170,evacuee,outFOL,Evacuee 392 in triage category G is not assigned a helicopter
4770,170,evacuee,,Evacuee;392;in triage state;G;is at the FOL
4770,219,FOL,,;EvacueeID;2;Triage Status;G;EvacueeID;6;Triage Status;G;EvacueeID;9;Triage Status;G;EvacueeID;12;Triage Status;G;EvacueeID;14;Triage Status;G;EvacueeID;16;Triage Status;G;EvacueeID;20;Triage Status;G;EvacueeID;22;Triage Status;G;EvacueeID;25;Triage Status;G;EvacueeID;27;Triage Status;G;EvacueeID;33;Triage Status;G;EvacueeID;35;Triage Status;G;EvacueeID;36;Triage Status;G;EvacueeID;40;Triage Status;G;EvacueeID;41;Triage Status;G;EvacueeID;44;Triage Status;G;EvacueeID;47;Triage Status;G;EvacueeID;52;Triage Status;G;EvacueeID;56;Triage Status;G;EvacueeID;59;Triage Status;G;EvacueeID;61;Triage Status;G;EvacueeID;63;Triage Status;G;EvacueeID;70;Triage Status;G;EvacueeID;71;Triage Status;G;EvacueeID;74;Triage Status;G;EvacueeID;76;Triage Status;G;EvacueeID;81;Triage Status;G;EvacueeID;83;Triage Status;G;EvacueeID;88;Triage Status;G;EvacueeID;90;Triage Status;G;EvacueeID;92;Triage Status;G;EvacueeID;93;Triage Status;G;EvacueeID;94;Triage Status;G;EvacueeID;96;Triage Status;G;EvacueeID;97;Triage Status;G;EvacueeID;102;Triage Status;G;EvacueeID;104;Triage Status;G;EvacueeID;106;Triage Status;G;EvacueeID;108;Triage Status;G;EvacueeID;109;Triage Status;G;EvacueeID;114;Triage Status;G;EvacueeID;116;Triage Status;G;EvacueeID;119;Triage Status;G;EvacueeID;120;Triage Status;G;EvacueeID;122;Triage Status;G;EvacueeID;125;Triage Status;G;EvacueeID;130;Triage Status;G;EvacueeID;136;Triage Status;G;EvacueeID;138;Triage Status;G;EvacueeID;139;Triage Status;G;EvacueeID;140;Triage Status;G;EvacueeID;143;Triage Status;G;EvacueeID;145;Triage Status;G;EvacueeID;146;Triage Status;G;EvacueeID;148;Triage Status;G;EvacueeID;150;Triage Status;G;EvacueeID;154;Triage Status;G;EvacueeID;155;Triage Status;G;EvacueeID;157;Triage Status;G;EvacueeID;160;Triage Status;G;EvacueeID;167;Triage Status;G;EvacueeID;168;Triage Status;G;EvacueeID;173;Triage Status;G;EvacueeID;175;Triage Status;G;EvacueeID;178;Triage Status;G;EvacueeID;188;Triage Status;G;EvacueeID;191;Triage Status;G;EvacueeID;193;Triage Status;G;EvacueeID;194;Triage Status;G;EvacueeID;195;Triage Status;G;EvacueeID;198;Triage Status;G;EvacueeID;214;Triage Status;G;EvacueeID;216;Triage Status;G;EvacueeID;219;Triage Status;G;EvacueeID;221;Triage Status;G;EvacueeID;247;Triage Status;G;EvacueeID;248;Triage Status;G;EvacueeID;249;Triage Status;G;EvacueeID;254;Triage Status;G;EvacueeID;265;Triage Status;G;EvacueeID;271;Triage Status;G;EvacueeID;283;Triage Status;G;EvacueeID;284;Triage Status;G;EvacueeID;285;Triage Status;G;EvacueeID;287;Triage Status;G;EvacueeID;289;Triage Status;G;EvacueeID;298;Triage Status;G;EvacueeID;304;Triage Status;G;EvacueeID;311;Triage Status;G;EvacueeID;314;Triage Status;G;EvacueeID;317;Triage Status;G;EvacueeID;318;Triage Status;G;EvacueeID;319;Triage Status;G;EvacueeID;321;Triage Status;G;EvacueeID;322;Triage Status;G;EvacueeID;334;Triage Status;G;EvacueeID;354;Triage Status;G;EvacueeID;357;Triage Status;G;EvacueeID;358;Triage Status;G;EvacueeID;360;Triage Status;G;EvacueeID;362;Triage Status;G;EvacueeID;363;Triage Status;G;EvacueeID;367;Triage Status;G;EvacueeID;376;Triage Status;G;EvacueeID;392;Triage Status;G;EvacueeID;393;Triage Status;G;EvacueeID;395;Triage Status;G;EvacueeID;396;Triage Status;G;EvacueeID;399;Triage Status;G;EvacueeID;412;Triage Status;G;Lives Saved;110
4770,234,evacuee,outFOL,Evacuee 362 in triage category G is not assigned a helicopter
4770,234,evacuee,,Evacuee;362;in triage state;G;is at the FOL
4770,387,evacuee,outFOL,Evacuee 376 in triage category G is not assigned a helicopter
4770,387,evacuee,,Evacuee;376;in triage state;G;is at the FOL
4770,609,evacuee,outFOL,Evacuee 412 in triage category G is not assigned a helicopter
4770,609,evacuee,,Evacuee;412;in triage state;G;is at the FOL
4770,690,evacuee,outFOL,Evacuee 363 in triage category G is not assigned a helicopter
4770,690,evacuee,,Evacuee;363;in triage state;G;is at the FOL
4770,1131,evacuee,outFOL,Evacuee 367 in triage category G is not assigned a helicopter
4770,1131,evacuee,,Evacuee;367;in triage state;G;is at the FOL
4770,1354,evacuee,outFOL,Evacuee 399 in triage category G is not assigned a helicopter
4770,1354,evacuee,,Evacuee;399;in triage state;G;is at the FOL
4770,219,FOL,,;EvacueeID;2;Triage Status;G;EvacueeID;6;Triage Status;G;EvacueeID;9;Triage Status;G;EvacueeID;12;Triage Status;G;EvacueeID;14;Triage Status;G;EvacueeID;16;Triage Status;G;EvacueeID;20;Triage Status;G;EvacueeID;22;Triage Status;G;EvacueeID;25;Triage Status;G;EvacueeID;27;Triage Status;G;EvacueeID;33;Triage Status;G;EvacueeID;35;Triage Status;G;EvacueeID;36;Triage Status;G;EvacueeID;40;Triage Status;G;EvacueeID;41;Triage Status;G;EvacueeID;44;Triage Status;G;EvacueeID;47;Triage Status;G;EvacueeID;52;Triage Status;G;EvacueeID;56;Triage Status;G;EvacueeID;59;Triage Status;G;EvacueeID;61;Triage Status;G;EvacueeID;63;Triage Status;G;EvacueeID;70;Triage Status;G;EvacueeID;71;Triage Status;G;EvacueeID;74;Triage Status;G;EvacueeID;76;Triage Status;G;EvacueeID;81;Triage Status;G;EvacueeID;83;Triage Status;G;EvacueeID;88;Triage Status;G;EvacueeID;90;Triage Status;G;EvacueeID;92;Triage Status;G;EvacueeID;93;Triage Status;G;EvacueeID;94;Triage Status;G;EvacueeID;96;Triage Status;G;EvacueeID;97;Triage Status;G;EvacueeID;102;Triage Status;G;EvacueeID;104;Triage Status;G;EvacueeID;106;Triage Status;G;EvacueeID;108;Triage Status;G;EvacueeID;109;Triage Status;G;EvacueeID;114;Triage Status;G;EvacueeID;116;Triage Status;G;EvacueeID;119;Triage Status;G;EvacueeID;120;Triage Status;G;EvacueeID;122;Triage Status;G;EvacueeID;125;Triage Status;G;EvacueeID;130;Triage Status;G;EvacueeID;136;Triage Status;G;EvacueeID;138;Triage Status;G;EvacueeID;139;Triage Status;G;EvacueeID;140;Triage Status;G;EvacueeID;143;Triage Status;G;EvacueeID;145;Triage Status;G;EvacueeID;146;Triage Status;G;EvacueeID;148;Triage Status;G;EvacueeID;150;Triage Status;G;EvacueeID;154;Triage Status;G;EvacueeID;155;Triage Status;G;EvacueeID;157;Triage Status;G;EvacueeID;160;Triage Status;G;EvacueeID;167;Triage Status;G;EvacueeID;168;Triage Status;G;EvacueeID;173;Triage Status;G;EvacueeID;175;Triage Status;G;EvacueeID;178;Triage Status;G;EvacueeID;188;Triage Status;G;EvacueeID;191;Triage Status;G;EvacueeID;193;Triage Status;G;EvacueeID;194;Triage Status;G;EvacueeID;195;Triage Status;G;EvacueeID;198;Triage Status;G;EvacueeID;214;Triage Status;G;EvacueeID;216;Triage Status;G;EvacueeID;219;Triage Status;G;EvacueeID;221;Triage Status;G;EvacueeID;247;Triage Status;G;EvacueeID;248;Triage Status;G;EvacueeID;249;Triage Status;G;EvacueeID;254;Triage Status;G;EvacueeID;265;Triage Status;G;EvacueeID;271;Triage Status;G;EvacueeID;283;Triage Status;G;EvacueeID;284;Triage Status;G;EvacueeID;285;Triage Status;G;EvacueeID;287;Triage Status;G;EvacueeID;289;Triage Status;G;EvacueeID;298;Triage Status;G;EvacueeID;304;Triage Status;G;EvacueeID;311;Triage Status;G;EvacueeID;314;Triage Status;G;EvacueeID;317;Triage Status;G;EvacueeID;318;Triage Status;G;EvacueeID;319;Triage Status;G;EvacueeID;321;Triage Status;G;EvacueeID;322;Triage Status;G;EvacueeID;334;Triage Status;G;EvacueeID;354;Triage Status;G;EvacueeID;357;Triage Status;G;EvacueeID;358;Triage Status;G;EvacueeID;360;Triage Status;G;EvacueeID;362;Triage Status;G;EvacueeID;363;Triage Status;G;EvacueeID;367;Triage Status;G;EvacueeID;376;Triage Status;G;EvacueeID;392;Triage Status;G;EvacueeID;393;Triage Status;G;EvacueeID;395;Triage Status;G;EvacueeID;396;Triage Status;G;EvacueeID;399;Triage Status;G;EvacueeID;412;Triage Status;G;Lives Saved;110
4782.99,3,evacueeManager,,OFF SHIP: White;0;Green;14;Yellow;10;Red;6;Black;360;ON SHIP: White;0;Green;0;Yellow;0;Red;0;Evacuees to Transfer;
4782.99,519,evacuee,outES,Evacuee 112 in triage category Y is not assigned a helicopter
4782.99,519,evacuee,,Evacuee;112;in triage state;R;is at the evacuation site
4783.57,3,evacueeManager,,OFF SHIP: White;0;Green;13;Yellow;11;Red;6;Black;360;ON SHIP: White;0;Green;0;Yellow;0;Red;0;Evacuees to Transfer;
4783.57,158,evacuee,outES,Evacuee 452 in triage category G is not assigned a helicopter
4783.57,158,evacuee,,Evacuee;452;in triage state;Y;is at the evacuation site
4785,1153,helicopter,,Helicopter;1;Is going to the evacuation site;;and has;0;spots taken
4798.95,3,evacueeManager,,OFF SHIP: White;0;Green;13;Yellow;11;Red;5;Black;361;ON SHIP: White;0;Green;0;Yellow;0;Red;0;Evacuees to Transfer;
4798.95,80,evacuee,outES,Evacuee 455 in triage category R is not assigned a helicopter
4798.95,80,evacuee,,Evacuee;455;in triage state;B;is at the evacuation site
4804.98,3,evacueeManager,,OFF SHIP: White;0;Green;13;Yellow;11;Red;4;Black;362;ON SHIP: White;0;Green;0;Yellow;0;Red;0;Evacuees to Transfer;
4804.98,1336,evacuee,outES,Evacuee 253 in triage category R is not assigned a helicopter
4804.98,1336,evacuee,,Evacuee;253;in triage state;B;is at the evacuation site
4837.17,3,evacueeManager,,OFF SHIP: White;0;Green;13;Yellow;11;Red;3;Black;363;ON SHIP: White;0;Green;0;Yellow;0;Red;0;Evacuees to Transfer;
4837.17,594,evacuee,outES,Evacuee 447 in triage category R is not assigned a helicopter
4837.17,594,evacuee,,Evacuee;447;in triage state;B;is at the evacuation site
4860,5,helicopterQueue,,1;Helos are waiting to land;HeloID;1
4860,1153,helicopter,outES,Helicopter 1 is evacuating people1
4860,1153,helicopter,,Helicopter;1;is waiting to land at the evacuation site;;and has;0;spots taken
4860,4,helipadManager,,;No helos are at ES
4860,5,helicopterQueue,outHM,Helicopter 1 is evacuating people1
4860,5,helicopterQueue,outHelo,Helicopter 1 is evacuating people1
4860,5,helicopterQueue,,;No helos are waiting to land
4860,1152,filterES,,Helicopter;1;is evacuating people
4860,3,evacueeManager,,OFF SHIP: White;0;Green;3;Yellow;11;Red;3;Black;363;ON SHIP: White;0;Green;0;Yellow;0;Red;0;Evacuees to Transfer;;EvacueeID;415;HeloID;1;OnShip;0;Triage Status;G;EvacueeID;425;HeloID;1;OnShip;0;Triage Status;G;EvacueeID;431;HeloID;1;OnShip;0;Triage Status;G;EvacueeID;439;HeloID;1;OnShip;0;Triage Status;G;EvacueeID;440;HeloID;1;OnShip;0;Triage Status;G;EvacueeID;441;HeloID;1;OnShip;0;Triage Status;G;EvacueeID;442;HeloID;1;OnShip;0;Triage Status;G;EvacueeID;445;HeloID;1;OnShip;0;Triage Status;G;EvacueeID;449;HeloID;1;OnShip;0;Triage Status;G;EvacueeID;451;HeloID;1;OnShip;0;Triage Status;G
4860,4,helipadManager,outEM,Helicopter 1 is evacuating people1
4860,4,helipadManager,,Helo;1;is at the ES
4860,1152,filterES,out,Helicopter 1 is evacuating people1
4860,1152,filterES,,
4860,1153,helicopter,,Helicopter;1;is waiting to land at the evacuation site;;and has;0;spots taken
4860,3,evacueeManager,outEvac,Evacuee 415 in triage category G is assigned helicopter 1
4860,3,evacueeManager,outEvac,Evacuee 425 in triage category G is assigned helicopter 1
4860,3,evacueeManager,outEvac,Evacuee 431 in triage category G is assigned helicopter 1
4860,3,evacueeManager,outEvac,Evacuee 439 in triage category G is assigned helicopter 1
4860,3,evacueeManager,outEvac,Evacuee 440 in triage category G is assigned helicopter 1
4860,3,evacueeManager,outEvac,Evacuee 441 in triage category G is assigned helicopter 1
4860,3,evacueeManager,outEvac,Evacuee 442 in triage category G is assigned helicopter 1
4860,3,evacueeManager,outEvac,Evacuee 445 in triage category G is assigned helicopter 1
4860,3,evacueeManager,outEvac,Evacuee 449 in triage category G is assigned helicopter 1
4860,3,evacueeManager,outEvac,Evacuee 451 in triage category G is assigned helicopter 1
4860,3,evacueeManager,,OFF SHIP: White;0;Green;3;Yellow;11;Red;3;Black;363;ON SHIP: White;0;Green;0;Yellow;0;Red;0;Evacuees to Transfer;
4860,7,filterLoc,,
4860,10,filterLoc,,
4860,13,filterLoc,,
4860,16,filterLoc,,
4860,19,filterLoc,,
4860,22,filterLoc,,
4860,25,filterLoc,,
4860,28,filterLoc,,
4860,31,filterLoc,,
4860,34,filterLoc,,
4860,37,filterLoc,,
4860,40,filterLoc,,
4860,43,filterLoc,,
4860,46,filterLoc,,
4860,49,filterLoc,,
4860,52,filterLoc,,
4860,55,filterLoc,,
4860,58,filterLoc,,
4860,61,filterLoc,,
4860,64,filterLoc,,
4860,67,filterLoc,,
4860,70,filterLoc,,
4860,73,filterLoc,,
4860,76,filterLoc,,
4860,79,filterLoc,,
4860,82,filterLoc,,
4860,85,filterLoc,,;Evacuee;445;in triage category;G;is entering helicopter;1
4860,88,filterLoc,,;Evacuee;442;in triage category;G;is entering helicopter;1
4860,91,filterLoc,,;Evacuee;441;in triage category;G;is entering helicopter;1
4860,94,filterLoc,,;Evacuee;439;in triage category;G;is entering helicopter;1
4860,97,filterLoc,,
4860,100,filterLoc,,
4860,103,filterLoc,,
4860,106,filterLoc,,
4860,109,filterLoc,,
4860,112,filterLoc,,
4860,115,filterLoc,,
4860,118,filterLoc,,
4860,121,filterLoc,,
4860,124,filterLoc,,
4860,127,filterLoc,,
4860,130,filterLoc,,
4860,133,filterLoc,,
4860,136,filterLoc,,
4860,139,filterLoc,,
4860,142,filterLoc,,
4860,145,filterLoc,,
4860,148,filterLoc,,
4860,151,filterLoc,,
4860,154,filterLoc,,
4860,157,filterLoc,,
4860,160,filterLoc,,
4860,163,filterLoc,,
4860,166,filterLoc,,
4860,169,filterLoc,,
4860,172,filterLoc,,
4860,175,filterLoc,,
4860,178,filterLoc,,
4860,181,filterLoc,,
4860,184,filterLoc,,
4860,187,filterLoc,,
4860,190,filterLoc,,
4860,193,filterLoc,,
4860,196,filterLoc,,
4860,199,filterLoc,,
4860,202,filterLoc,,
4860,205,filterLoc,,
4860,208,filterLoc,,
4860,211,filterLoc,,
4860,214,filterLoc,,
4860,217,filterLoc,,
4860,221,filterLoc,,
4860,224,filterLoc,,
4860,227,filterLoc,,
4860,230,filterLoc,,
4860,233,filterLoc,,
4860,236,filterLoc,,;Evacuee;425;in triage category;G;is entering helicopter;1
4860,239,filterLoc,,
4860,242,filterLoc,,
4860,245,filterLoc,,
4860,248,filterLoc,,
4860,251,filterLoc,,
4860,254,filterLoc,,
4860,257,filterLoc,,
4860,260,filterLoc,,
4860,263,filterLoc,,
4860,266,filterLoc,,
4860,269,filterLoc,,
4860,272,filterLoc,,
4860,275,filterLoc,,
4860,278,filterLoc,,
4860,281,filterLoc,,
4860,284,filterLoc,,
4860,287,filterLoc,,
4860,290,filterLoc,,
4860,293,filterLoc,,
4860,296,filterLoc,,
4860,299,filterLoc,,
4860,302,filterLoc,,
4860,305,filterLoc,,
4860,308,filterLoc,,
4860,311,filterLoc,,
4860,314,filterLoc,,
4860,317,filterLoc,,
4860,320,filterLoc,,
4860,323,filterLoc,,
4860,326,filterLoc,,
4860,329,filterLoc,,
4860,332,filterLoc,,
4860,335,filterLoc,,
4860,338,filterLoc,,
4860,341,filterLoc,,
4860,344,filterLoc,,
4860,347,filterLoc,,
4860,350,filterLoc,,
4860,353,filterLoc,,
4860,356,filterLoc,,
4860,359,filterLoc,,
4860,362,filterLoc,,
4860,365,filterLoc,,
4860,368,filterLoc,,
4860,371,filterLoc,,
4860,374,filterLoc,,
4860,377,filterLoc,,
4860,380,filterLoc,,
4860,383,filterLoc,,;Evacuee;415;in triage category;G;is entering helicopter;1
4860,386,filterLoc,,
4860,389,filterLoc,,
4860,392,filterLoc,,
4860,395,filterLoc,,
4860,398,filterLoc,,
4860,401,filterLoc,,
4860,404,filterLoc,,
4860,407,filterLoc,,
4860,410,filterLoc,,
4860,413,filterLoc,,
4860,416,filterLoc,,
4860,419,filterLoc,,
4860,422,filterLoc,,
4860,425,filterLoc,,
4860,428,filterLoc,,
4860,431,filterLoc,,
4860,434,filterLoc,,
4860,437,filterLoc,,
4860,440,filterLoc,,
4860,443,filterLoc,,
4860,446,filterLoc,,
4860,449,filterLoc,,
4860,452,filterLoc,,
4860,455,filterLoc,,
4860,458,filterLoc,,
4860,461,filterLoc,,;Evacuee;449;in triage category;G;is entering helicopter;1
4860,464,filterLoc,,
4860,467,filterLoc,,
4860,470,filterLoc,,
4860,473,filterLoc,,
4860,476,filterLoc,,
4860,479,filterLoc,,
4860,482,filterLoc,,
4860,485,filterLoc,,
4860,488,filterLoc,,
4860,491,filterLoc,,
4860,494,filterLoc,,
4860,497,filterLoc,,
4860,500,filterLoc,,
4860,503,filterLoc,,
4860,506,filterLoc,,
4860,509,filterLoc,,
4860,512,filterLoc,,
4860,515,filterLoc,,
4860,518,filterLoc,,
4860,521,filterLoc,,
4860,524,filterLoc,,
4860,527,filterLoc,,
4860,530,filterLoc,,
4860,533,filterLoc,,
4860,536,filterLoc,,
4860,539,filterLoc,,
4860,542,filterLoc,,
4860,545,filterLoc,,
4860,548,filterLoc,,
4860,551,filterLoc,,
4860,554,filterLoc,,
4860,557,filterLoc,,
4860,560,filterLoc,,
4860,563,filterLoc,,
4860,566,filterLoc,,
4860,569,filterLoc,,
4860,572,filterLoc,,
4860,575,filterLoc,,
4860,578,filterLoc,,
4860,581,filterLoc,,
4860,584,filterLoc,,
4860,587,filterLoc,,
4860,590,filterLoc,,
4860,593,filterLoc,,
4860,596,filterLoc,,
4860,599,filterLoc,,
4860,602,filterLoc,,
4860,605,filterLoc,,
4860,608,filterLoc,,
4860,611,filterLoc,,
4860,614,filterLoc,,
4860,617,filterLoc,,
4860,620,filterLoc,,
4860,623,filterLoc,,
4860,626,filterLoc,,
4860,629,filterLoc,,
4860,632,filterLoc,,
4860,635,filterLoc,,
4860,638,filterLoc,,
4860,641,filterLoc,,
4860,644,filterLoc,,
4860,647,filterLoc,,
4860,650,filterLoc,,
4860,653,filterLoc,,
4860,656,filterLoc,,
4860,659,filterLoc,,
4860,662,filterLoc,,
4860,665,filterLoc,,
4860,668,filterLoc,,
4860,671,filterLoc,,
4860,674,filterLoc,,
4860,677,filterLoc,,;Evacuee;440;in triage category;G;is entering helicopter;1
4860,680,filterLoc,,
4860,683,filterLoc,,;Evacuee;431;in triage category;G;is entering helicopter;1
4860,686,filterLoc,,
4860,689,filterLoc,,
4860,692,filterLoc,,
4860,695,filterLoc,,
4860,698,filterLoc,,
4860,701,filterLoc,,
4860,704,filterLoc,,
4860,707,filterLoc,,
4860,710,filterLoc,,
4860,713,filterLoc,,
4860,716,filterLoc,,
4860,719,filterLoc,,
4860,722,filterLoc,,
4860,725,filterLoc,,
4860,728,filterLoc,,
4860,731,filterLoc,,
4860,734,filterLoc,,
4860,737,filterLoc,,
4860,740,filterLoc,,
4860,743,filterLoc,,
4860,746,filterLoc,,
4860,749,filterLoc,,
4860,752,filterLoc,,
4860,755,filterLoc,,
4860,758,filterLoc,,
4860,761,filterLoc,,
4860,764,filterLoc,,
4860,767,filterLoc,,
4860,770,filterLoc,,
4860,773,filterLoc,,
4860,776,filterLoc,,
4860,779,filterLoc,,
4860,782,filterLoc,,
4860,785,filterLoc,,
4860,788,filterLoc,,
4860,791,filterLoc,,
4860,794,filterLoc,,
4860,797,filterLoc,,
4860,800,filterLoc,,
4860,803,filterLoc,,
4860,806,filterLoc,,
4860,809,filterLoc,,
4860,812,filterLoc,,
4860,815,filterLoc,,
4860,818,filterLoc,,
4860,821,filterLoc,,
4860,824,filterLoc,,
4860,827,filterLoc,,
4860,830,filterLoc,,
4860,833,filterLoc,,
4860,836,filterLoc,,
4860,839,filterLoc,,
4860,842,filterLoc,,
4860,845,filterLoc,,
4860,848,filterLoc,,
4860,851,filterLoc,,
4860,854,filterLoc,,
4860,857,filterLoc,,
4860,860,filterLoc,,
4860,863,filterLoc,,
4860,866,filterLoc,,
4860,869,filterLoc,,
4860,872,filterLoc,,
4860,875,filterLoc,,
4860,878,filterLoc,,
4860,881,filterLoc,,
4860,884,filterLoc,,
4860,887,filterLoc,,
4860,890,filterLoc,,
4860,893,filterLoc,,
4860,896,filterLoc,,
4860,899,filterLoc,,
4860,902,filterLoc,,
4860,905,filterLoc,,
4860,908,filterLoc,,;Evacuee;451;in triage category;G;is entering helicopter;1
4860,911,filterLoc,,
4860,914,filterLoc,,
4860,917,filterLoc,,
4860,920,filterLoc,,
4860,923,filterLoc,,
4860,926,filterLoc,,
4860,929,filterLoc,,
4860,932,filterLoc,,
4860,935,filterLoc,,
4860,938,filterLoc,,
4860,941,filterLoc,,
4860,944,filterLoc,,
4860,947,filterLoc,,
4860,950,filterLoc,,
4860,953,filterLoc,,
4860,956,filterLoc,,
4860,959,filterLoc,,
4860,962,filterLoc,,
4860,965,filterLoc,,
4860,968,filterLoc,,
4860,971,filterLoc,,
4860,974,filterLoc,,
4860,977,filterLoc,,
4860,980,filterLoc,,
4860,983,filterLoc,,
4860,986,filterLoc,,
4860,989,filterLoc,,
4860,992,filterLoc,,
4860,995,filterLoc,,
4860,998,filterLoc,,
4860,1001,filterLoc,,
4860,1004,filterLoc,,
4860,1007,filterLoc,,
4860,1010,filterLoc,,
4860,1013,filterLoc,,
4860,1016,filterLoc,,
4860,1019,filterLoc,,
4860,1022,filterLoc,,
4860,1025,filterLoc,,
4860,1028,filterLoc,,
4860,1031,filterLoc,,
4860,1034,filterLoc,,
4860,1037,filterLoc,,
4860,1040,filterLoc,,
4860,1043,filterLoc,,
4860,1046,filterLoc,,
4860,1049,filterLoc,,
4860,1052,filterLoc,,
4860,1055,filterLoc,,
4860,1058,filterLoc,,
4860,1061,filterLoc,,
4860,1064,filterLoc,,
4860,1067,filterLoc,,
4860,1070,filterLoc,,
4860,1073,filterLoc,,
4860,1076,filterLoc,,
4860,1079,filterLoc,,
4860,1082,filterLoc,,
4860,1085,filterLoc,,
4860,1088,filterLoc,,
4860,1091,filterLoc,,
4860,1094,filterLoc,,
4860,1097,filterLoc,,
4860,1100,filterLoc,,
4860,1103,filterLoc,,
4860,1106,filterLoc,,
4860,1109,filterLoc,,
4860,1112,filterLoc,,
4860,1115,filterLoc,,
4860,1118,filterLoc,,
4860,1121,filterLoc,,
4860,1124,filterLoc,,
4860,1127,filterLoc,,
4860,1130,filterLoc,,
4860,1133,filterLoc,,
4860,1136,filterLoc,,
4860,1139,filterLoc,,
4860,1142,filterLoc,,
4860,1145,filterLoc,,
4860,1148,filterLoc,,
4860,1153,helicopter,,Helicopter;1;is loading people at the evacuation site;;and has;0;spots taken
4860,1155,filterLoc,,
4860,1158,filterLoc,,
4860,1161,filterLoc,,
4860,1164,filterLoc,,
4860,1167,filterLoc,,
4860,1170,filterLoc,,
4860,1173,filterLoc,,
4860,1176,filterLoc,,
4860,1179,filterLoc,,
4860,1182,filterLoc,,
4860,1185,filterLoc,,
4860,1188,filterLoc,,
4860,1191,filterLoc,,
4860,1194,filterLoc,,
4860,1197,filterLoc,,
4860,1200,filterLoc,,
4860,1203,filterLoc,,
4860,1206,filterLoc,,
4860,1209,filterLoc,,
4860,1212,filterLoc,,
4860,1215,filterLoc,,
4860,1218,filterLoc,,
4860,1221,filterLoc,,
4860,1224,filterLoc,,
4860,1227,filterLoc,,
4860,1230,filterLoc,,
4860,1233,filterLoc,,
4860,1236,filterLoc,,
4860,1239,filterLoc,,
4860,1242,filterLoc,,
4860,1245,filterLoc,,
4860,1248,filterLoc,,
4860,1251,filterLoc,,
4860,1254,filterLoc,,
4860,1257,filterLoc,,
4860,1260,filterLoc,,
4860,1263,filterLoc,,
4860,1266,filterLoc,,
4860,1269,filterLoc,,
4860,1272,filterLoc,,
4860,1275,filterLoc,,
4860,1278,filterLoc,,
4860,1281,filterLoc,,
4860,1284,filterLoc,,
4860,1287,filterLoc,,
4860,1290,filterLoc,,
4860,1293,filterLoc,,
4860,1296,filterLoc,,
4860,1299,filterLoc,,
4860,1302,filterLoc,,
4860,1305,filterLoc,,
4860,1308,filterLoc,,
4860,1311,filterLoc,,
4860,1314,filterLoc,,
4860,1317,filterLoc,,
4860,1320,filterLoc,,
4860,1323,filterLoc,,
4860,1326,filterLoc,,
4860,1329,filterLoc,,
4860,1332,filterLoc,,
4860,1335,filterLoc,,
4860,1338,filterLoc,,
4860,1341,filterLoc,,
4860,1344,filterLoc,,
4860,1347,filterLoc,,
4860,1350,filterLoc,,
4860,1353,filterLoc,,
4860,1356,filterLoc,,
4860,1359,filterLoc,,
4860,1362,filterLoc,,
4860,1365,filterLoc,,
4860,1368,filterLoc,,
4860,1371,filterLoc,,
4860,1374,filterLoc,,
4860,1377,filterLoc,,
4860,1380,filterLoc,,
4860,1383,filterLoc,,
4860,1386,filterLoc,,
4860,1389,filterLoc,,
4860,1392,filterLoc,,
4860,1395,filterLoc,,
4860,1398,filterLoc,,
4860,1401,filterLoc,,
4860,1404,filterLoc,,
4860,1407,filterLoc,,
4860,1410,filterLoc,,
4860,1413,filterLoc,,
4860,1416,filterLoc,,
4860,1419,filterLoc,,
4860,1422,filterLoc,,
4860,1425,filterLoc,,
4860,1428,filterLoc,,
4860,1431,filterLoc,,
4860,1434,filterLoc,,
4860,1437,filterLoc,,
4860,1440,filterLoc,,
4860,1443,filterLoc,,
4860,1446,filterLoc,,
4860,1449,filterLoc,,
4860,1452,filterLoc,,
4860,1455,filterLoc,,
4860,1458,filterLoc,,
4860,1461,filterLoc,,
4860,1464,filterLoc,,
4860,1467,filterLoc,,
4860,1470,filterLoc,,
4860,1473,filterLoc,,
4860,1476,filterLoc,,
4860,1479,filterLoc,,
4860,1482,filterLoc,,
4860,1485,filterLoc,,
4860,1488,filterLoc,,
4860,1491,filterLoc,,
4860,1494,filterLoc,,
4860,1497,filterLoc,,
4860,1500,filterLoc,,
4860,1503,filterLoc,,
4860,1506,filterLoc,,
4860,1509,filterLoc,,
4860,85,filterLoc,out,Evacuee 445 in triage category G is assigned helicopter 1
4860,85,filterLoc,,
4860,86,evacuee,,Evacuee;445;in triage state;G;is entering helicopter;1
4860,88,filterLoc,out,Evacuee 442 in triage category G is assigned helicopter 1
4860,88,filterLoc,,
4860,89,evacuee,,Evacuee;442;in triage state;G;is entering helicopter;1
4860,91,filterLoc,out,Evacuee 441 in triage category G is assigned helicopter 1
4860,91,filterLoc,,
4860,92,evacuee,,Evacuee;441;in triage state;G;is entering helicopter;1
4860,94,filterLoc,out,Evacuee 439 in triage category G is assigned helicopter 1
4860,94,filterLoc,,
4860,95,evacuee,,Evacuee;439;in triage state;G;is entering helicopter;1
4860,236,filterLoc,out,Evacuee 425 in triage category G is assigned helicopter 1
4860,236,filterLoc,,
4860,237,evacuee,,Evacuee;425;in triage state;G;is entering helicopter;1
4860,383,filterLoc,out,Evacuee 415 in triage category G is assigned helicopter 1
4860,383,filterLoc,,
4860,384,evacuee,,Evacuee;415;in triage state;G;is entering helicopter;1
4860,461,filterLoc,out,Evacuee 449 in triage category G is assigned helicopter 1
4860,461,filterLoc,,
4860,462,evacuee,,Evacuee;449;in triage state;G;is entering helicopter;1
4860,677,filterLoc,out,Evacuee 440 in triage category G is assigned helicopter 1
4860,677,filterLoc,,
4860,678,evacuee,,Evacuee;440;in triage state;G;is entering helicopter;1
4860,683,filterLoc,out,Evacuee 431 in triage category G is assigned helicopter 1
4860,683,filterLoc,,
4860,684,evacuee,,Evacuee;431;in triage state;G;is entering helicopter;1
4860,908,filterLoc,out,Evacuee 451 in triage category G is assigned helicopter 1
4860,908,filterLoc,,
4860,909,evacuee,,Evacuee;451;in triage state;G;is entering helicopter;1
4860,86,evacuee,outHelo,Evacuee 445 in triage category G is assigned helicopter 1
4860,86,evacuee,,Evacuee;445;in triage state;G;is in helicopter;1
4860,89,evacuee,outHelo,Evacuee 442 in triage category G is assigned helicopter 1
4860,89,evacuee,,Evacuee;442;in triage state;G;is in helicopter;1
4860,92,evacuee,outHelo,Evacuee 441 in triage category G is assigned helicopter 1
4860,92,evacuee,,Evacuee;441;in triage state;G;is in helicopter;1
4860,95,evacuee,outHelo,Evacuee 439 in triage category G is assigned helicopter 1
4860,95,evacuee,,Evacuee;439;in triage state;G;is in helicopter;1
4860,237,evacuee,outHelo,Evacuee 425 in triage category G is assigned helicopter 1
4860,237,evacuee,,Evacuee;425;in triage state;G;is in helicopter;1
4860,384,evacuee,outHelo,Evacuee 415 in triage category G is assigned helicopter 1
4860,384,evacuee,,Evacuee;415;in triage state;G;is in helicopter;1
4860,462,evacuee,outHelo,Evacuee 449 in triage category G is assigned helicopter 1
4860,462,evacuee,,Evacuee;449;in triage state;G;is in helicopter;1
4860,678,evacuee,outHelo,Evacuee 440 in triage category G is assigned helicopter 1
4860,678,evacuee,,Evacuee;440;in triage state;G;is in helicopter;1
4860,684,evacuee,outHelo,Evacuee 431 in triage category G is assigned helicopter 1
4860,684,evacuee,,Evacuee;431;in triage state;G;is in helicopter;1
4860,909,evacuee,outHelo,Evacuee 451 in triage category G is assigned helicopter 1
4860,909,evacuee,,Evacuee;451;in triage state;G;is in helicopter;1
4860,1151,filterEvac,,;Evacuee;415;in triage category;G;is entering helicopter;1;Evacuee;425;in triage category;G;is entering helicopter;1;Evacuee;431;in triage category;G;is entering helicopter;1;Evacuee;439;in triage category;G;is entering helicopter;1;Evacuee;440;in triage category;G;is entering helicopter;1;Evacuee;441;in triage category;G;is entering helicopter;1;Evacuee;442;in triage category;G;is entering helicopter;1;Evacuee;445;in triage category;G;is entering helicopter;1;Evacuee;449;in triage category;G;is entering helicopter;1;Evacuee;451;in triage category;G;is entering helicopter;1
4860,1151,filterEvac,out,Evacuee 415 in triage category G is assigned helicopter 1
4860,1151,filterEvac,out,Evacuee 425 in triage category G is assigned helicopter 1
4860,1151,filterEvac,out,Evacuee 431 in triage category G is assigned helicopter 1
4860,1151,filterEvac,out,Evacuee 439 in triage category G is assigned helicopter 1
4860,1151,filterEvac,out,Evacuee 440 in triage category G is assigned helicopter 1
4860,1151,filterEvac,out,Evacuee 441 in triage category G is assigned helicopter 1
4860,1151,filterEvac,out,Evacuee 442 in triage category G is assigned helicopter 1
4860,1151,filterEvac,out,Evacuee 445 in triage category G is assigned helicopter 1
4860,1151,filterEvac,out,Evacuee 449 in triage category G is assigned helicopter 1
4860,1151,filterEvac,out,Evacuee 451 in triage category G is assigned helicopter 1
4860,1151,filterEvac,,
4860,1153,helicopter,,Helicopter;1;is loading people at the evacuation site;;and has;10;spots taken
4869.31,3,evacueeManager,,OFF SHIP: White;0;Green;3;Yellow;11;Red;2;Black;364;ON SHIP: White;0;Green;0;Yellow;0;Red;0;Evacuees to Transfer;
4869.31,375,evacuee,outES,Evacuee 350 in triage category R is not assigned a helicopter
4869.31,375,evacuee,,Evacuee;350;in triage state;B;is at the evacuation site
4875,4,helipadManager,outHelo,Helicopter 1 is evacuating people1
4875,4,helipadManager,,;No helos are at ES
4875,1152,filterES,,Helicopter;1;is evacuating people
4875,4,helipadManager,outHQ,0
4875,4,helipadManager,,;No helos are at ES
4875,5,helicopterQueue,,;No helos are waiting to land
4875,1152,filterES,out,Helicopter 1 is evacuating people1
4875,1152,filterES,,
4875,1153,helicopter,,Helicopter;1;is loading people at the evacuation site;;and has;10;spots taken
4875,5,helicopterQueue,,;No helos are waiting to land
4875,1153,helicopter,,Helicopter;1;is returning to the FOL;;and has;10;spots taken
4876.98,3,evacueeManager,,OFF SHIP: White;0;Green;3;Yellow;11;Red;1;Black;365;ON SHIP: White;0;Green;0;Yellow;0;Red;0;Evacuees to Transfer;
4876.98,519,evacuee,outES,Evacuee 112 in triage category R is not assigned a helicopter
4876.98,519,evacuee,,Evacuee;112;in triage state;B;is at the evacuation site
4950,7,filterLoc,,
4950,10,filterLoc,,
4950,13,filterLoc,,
4950,16,filterLoc,,
4950,19,filterLoc,,
4950,22,filterLoc,,
4950,25,filterLoc,,
4950,28,filterLoc,,
4950,31,filterLoc,,
4950,34,filterLoc,,
4950,37,filterLoc,,
4950,40,filterLoc,,
4950,43,filterLoc,,
4950,46,filterLoc,,
4950,49,filterLoc,,
4950,52,filterLoc,,
4950,55,filterLoc,,
4950,58,filterLoc,,
4950,61,filterLoc,,
4950,64,filterLoc,,
4950,67,filterLoc,,
4950,70,filterLoc,,
4950,73,filterLoc,,
4950,76,filterLoc,,
4950,79,filterLoc,,
4950,82,filterLoc,,
4950,85,filterLoc,,;Evacuee;445;in triage category;G;is leaving helicopter;1
4950,88,filterLoc,,;Evacuee;442;in triage category;G;is leaving helicopter;1
4950,91,filterLoc,,;Evacuee;441;in triage category;G;is leaving helicopter;1
4950,94,filterLoc,,;Evacuee;439;in triage category;G;is leaving helicopter;1
4950,97,filterLoc,,
4950,100,filterLoc,,
4950,103,filterLoc,,
4950,106,filterLoc,,
4950,109,filterLoc,,
4950,112,filterLoc,,
4950,115,filterLoc,,
4950,118,filterLoc,,
4950,121,filterLoc,,
4950,124,filterLoc,,
4950,127,filterLoc,,
4950,130,filterLoc,,
4950,133,filterLoc,,
4950,136,filterLoc,,
4950,139,filterLoc,,
4950,142,filterLoc,,
4950,145,filterLoc,,
4950,148,filterLoc,,
4950,151,filterLoc,,
4950,154,filterLoc,,
4950,157,filterLoc,,
4950,160,filterLoc,,
4950,163,filterLoc,,
4950,166,filterLoc,,
4950,169,filterLoc,,
4950,172,filterLoc,,
4950,175,filterLoc,,
4950,178,filterLoc,,
4950,181,filterLoc,,
4950,184,filterLoc,,
4950,187,filterLoc,,
4950,190,filterLoc,,
4950,193,filterLoc,,
4950,196,filterLoc,,
4950,199,filterLoc,,
4950,202,filterLoc,,
4950,205,filterLoc,,
4950,208,filterLoc,,
4950,211,filterLoc,,
4950,214,filterLoc,,
4950,217,filterLoc,,
4950,221,filterLoc,,
4950,224,filterLoc,,
4950,227,filterLoc,,
4950,230,filterLoc,,
4950,233,filterLoc,,
4950,236,filterLoc,,;Evacuee;425;in triage category;G;is leaving helicopter;1
4950,239,filterLoc,,
4950,242,filterLoc,,
4950,245,filterLoc,,
4950,248,filterLoc,,
4950,251,filterLoc,,
4950,254,filterLoc,,
4950,257,filterLoc,,
4950,260,filterLoc,,
4950,263,filterLoc,,
4950,266,filterLoc,,
4950,269,filterLoc,,
4950,272,filterLoc,,
4950,275,filterLoc,,
4950,278,filterLoc,,
4950,281,filterLoc,,
4950,284,filterLoc,,
4950,287,filterLoc,,
4950,290,filterLoc,,
4950,293,filterLoc,,
4950,296,filterLoc,,
4950,299,filterLoc,,
4950,302,filterLoc,,
4950,305,filterLoc,,
4950,308,filterLoc,,
4950,311,filterLoc,,
4950,314,filterLoc,,
4950,317,filterLoc,,
4950,320,filterLoc,,
4950,323,filterLoc,,
4950,326,filterLoc,,
4950,329,filterLoc,,
4950,332,filterLoc,,
4950,335,filterLoc,,
4950,338,filterLoc,,
4950,341,filterLoc,,
4950,344,filterLoc,,
4950,347,filterLoc,,
4950,350,filterLoc,,
4950,353,filterLoc,,
4950,356,filterLoc,,
4950,359,filterLoc,,
4950,362,filterLoc,,
4950,365,filterLoc,,
4950,368,filterLoc,,
4950,371,filterLoc,,
4950,374,filterLoc,,
4950,377,filterLoc,,
4950,380,filterLoc,,
4950,383,filterLoc,,;Evacuee;415;in triage category;G;is leaving helicopter;1
4950,386,filterLoc,,
4950,389,filterLoc,,
4950,392,filterLoc,,
4950,395,filterLoc,,
4950,398,filterLoc,,
4950,401,filterLoc,,
4950,404,filterLoc,,
4950,407,filterLoc,,
4950,410,filterLoc,,
4950,413,filterLoc,,
4950,416,filterLoc,,
4950,419,filterLoc,,
4950,422,filterLoc,,
4950,425,filterLoc,,
4950,428,filterLoc,,
4950,431,filterLoc,,
4950,434,filterLoc,,
4950,437,filterLoc,,
4950,440,filterLoc,,
4950,443,filterLoc,,
4950,446,filterLoc,,
4950,449,filterLoc,,
4950,452,filterLoc,,
4950,455,filterLoc,,
4950,458,filterLoc,,
4950,461,filterLoc,,;Evacuee;449;in triage category;G;is leaving helicopter;1
4950,464,filterLoc,,
4950,467,filterLoc,,
4950,470,filterLoc,,
4950,473,filterLoc,,
4950,476,filterLoc,,
4950,479,filterLoc,,
4950,482,filterLoc,,
4950,485,filterLoc,,
4950,488,filterLoc,,
4950,491,filterLoc,,
4950,494,filterLoc,,
4950,497,filterLoc,,
4950,500,filterLoc,,
4950,503,filterLoc,,
4950,506,filterLoc,,
4950,509,filterLoc,,
4950,512,filterLoc,,
4950,515,filterLoc,,
4950,518,filterLoc,,
4950,521,filterLoc,,
4950,524,filterLoc,,
4950,527,filterLoc,,
4950,530,filterLoc,,
4950,533,filterLoc,,
4950,536,filterLoc,,
4950,539,filterLoc,,
4950,542,filterLoc,,
4950,545,filterLoc,,
4950,548,filterLoc,,
4950,551,filterLoc,,
4950,554,filterLoc,,
4950,557,filterLoc,,
4950,560,filterLoc,,
4950,563,filterLoc,,
4950,566,filterLoc,,
4950,569,filterLoc,,
4950,572,filterLoc,,
4950,575,filterLoc,,
4950,578,filterLoc,,
4950,581,filterLoc,,
4950,584,filterLoc,,
4950,587,filterLoc,,
4950,590,filterLoc,,
4950,593,filterLoc,,
4950,596,filterLoc,,
4950,599,filterLoc,,
4950,602,filterLoc,,
4950,605,filterLoc,,
4950,608,filterLoc,,
4950,611,filterLoc,,
4950,614,filterLoc,,
4950,617,filterLoc,,
4950,620,filterLoc,,
4950,623,filterLoc,,
4950,626,filterLoc,,
4950,629,filterLoc,,
4950,632,filterLoc,,
4950,635,filterLoc,,
4950,638,filterLoc,,
4950,641,filterLoc,,
4950,644,filterLoc,,
4950,647,filterLoc,,
4950,650,filterLoc,,
4950,653,filterLoc,,
4950,656,filterLoc,,
4950,659,filterLoc,,
4950,662,filterLoc,,
4950,665,filterLoc,,
4950,668,filterLoc,,
4950,671,filterLoc,,
4950,674,filterLoc,,
4950,677,filterLoc,,;Evacuee;440;in triage category;G;is leaving helicopter;1
4950,680,filterLoc,,
4950,683,filterLoc,,;Evacuee;431;in triage category;G;is leaving helicopter;1
4950,686,filterLoc,,
4950,689,filterLoc,,
4950,692,filterLoc,,
4950,695,filterLoc,,
4950,698,filterLoc,,
4950,701,filterLoc,,
4950,704,filterLoc,,
4950,707,filterLoc,,
4950,710,filterLoc,,
4950,713,filterLoc,,
4950,716,filterLoc,,
4950,719,filterLoc,,
4950,722,filterLoc,,
4950,725,filterLoc,,
4950,728,filterLoc,,
4950,731,filterLoc,,
4950,734,filterLoc,,
4950,737,filterLoc,,
4950,740,filterLoc,,
4950,743,filterLoc,,
4950,746,filterLoc,,
4950,749,filterLoc,,
4950,752,filterLoc,,
4950,755,filterLoc,,
4950,758,filterLoc,,
4950,761,filterLoc,,
4950,764,filterLoc,,
4950,767,filterLoc,,
4950,770,filterLoc,,
4950,773,filterLoc,,
4950,776,filterLoc,,
4950,779,filterLoc,,
4950,782,filterLoc,,
4950,785,filterLoc,,
4950,788,filterLoc,,
4950,791,filterLoc,,
4950,794,filterLoc,,
4950,797,filterLoc,,
4950,800,filterLoc,,
4950,803,filterLoc,,
4950,806,filterLoc,,
4950,809,filterLoc,,
4950,812,filterLoc,,
4950,815,filterLoc,,
4950,818,filterLoc,,
4950,821,filterLoc,,
4950,824,filterLoc,,
4950,827,filterLoc,,
4950,830,filterLoc,,
4950,833,filterLoc,,
4950,836,filterLoc,,
4950,839,filterLoc,,
4950,842,filterLoc,,
4950,845,filterLoc,,
4950,848,filterLoc,,
4950,851,filterLoc,,
4950,854,filterLoc,,
4950,857,filterLoc,,
4950,860,filterLoc,,
4950,863,filterLoc,,
4950,866,filterLoc,,
4950,869,filterLoc,,
4950,872,filterLoc,,
4950,875,filterLoc,,
4950,878,filterLoc,,
4950,881,filterLoc,,
4950,884,filterLoc,,
4950,887,filterLoc,,
4950,890,filterLoc,,
4950,893,filterLoc,,
4950,896,filterLoc,,
4950,899,filterLoc,,
4950,902,filterLoc,,
4950,905,filterLoc,,
4950,908,filterLoc,,;Evacuee;451;in triage category;G;is leaving helicopter;1
4950,911,filterLoc,,
4950,914,filterLoc,,
4950,917,filterLoc,,
4950,920,filterLoc,,
4950,923,filterLoc,,
4950,926,filterLoc,,
4950,929,filterLoc,,
4950,932,filterLoc,,
4950,935,filterLoc,,
4950,938,filterLoc,,
4950,941,filterLoc,,
4950,944,filterLoc,,
4950,947,filterLoc,,
4950,950,filterLoc,,
4950,953,filterLoc,,
4950,956,filterLoc,,
4950,959,filterLoc,,
4950,962,filterLoc,,
4950,965,filterLoc,,
4950,968,filterLoc,,
4950,971,filterLoc,,
4950,974,filterLoc,,
4950,977,filterLoc,,
4950,980,filterLoc,,
4950,983,filterLoc,,
4950,986,filterLoc,,
4950,989,filterLoc,,
4950,992,filterLoc,,
4950,995,filterLoc,,
4950,998,filterLoc,,
4950,1001,filterLoc,,
4950,1004,filterLoc,,
4950,1007,filterLoc,,
4950,1010,filterLoc,,
4950,1013,filterLoc,,
4950,1016,filterLoc,,
4950,1019,filterLoc,,
4950,1022,filterLoc,,
4950,1025,filterLoc,,
4950,1028,filterLoc,,
4950,1031,filterLoc,,
4950,1034,filterLoc,,
4950,1037,filterLoc,,
4950,1040,filterLoc,,
4950,1043,filterLoc,,
4950,1046,filterLoc,,
4950,1049,filterLoc,,
4950,1052,filterLoc,,
4950,1055,filterLoc,,
4950,1058,filterLoc,,
4950,1061,filterLoc,,
4950,1064,filterLoc,,
4950,1067,filterLoc,,
4950,1070,filterLoc,,
4950,1073,filterLoc,,
4950,1076,filterLoc,,
4950,1079,filterLoc,,
4950,1082,filterLoc,,
4950,1085,filterLoc,,
4950,1088,filterLoc,,
4950,1091,filterLoc,,
4950,1094,filterLoc,,
4950,1097,filterLoc,,
4950,1100,filterLoc,,
4950,1103,filterLoc,,
4950,1106,filterLoc,,
4950,1109,filterLoc,,
4950,1112,filterLoc,,
4950,1115,filterLoc,,
4950,1118,filterLoc,,
4950,1121,filterLoc,,
4950,1124,filterLoc,,
4950,1127,filterLoc,,
4950,1130,filterLoc,,
4950,1133,filterLoc,,
4950,1136,filterLoc,,
4950,1139,filterLoc,,
4950,1142,filterLoc,,
4950,1145,filterLoc,,
4950,1148,filterLoc,,
4950,1153,helicopter,outEvac,Evacuee 415 in triage category G is not assigned a helicopter
4950,1153,helicopter,outEvac,Evacuee 425 in triage category G is not assigned a helicopter
4950,1153,helicopter,outEvac,Evacuee 431 in triage category G is not assigned a helicopter
4950,1153,helicopter,outEvac,Evacuee 439 in triage category G is not assigned a helicopter
4950,1153,helicopter,outEvac,Evacuee 440 in triage category G is not assigned a helicopter
4950,1153,helicopter,outEvac,Evacuee 441 in triage category G is not assigned a helicopter
4950,1153,helicopter,outEvac,Evacuee 442 in triage category G is not assigned a helicopter
4950,1153,helicopter,outEvac,Evacuee 445 in triage category G is not assigned a helicopter
4950,1153,helicopter,outEvac,Evacuee 449 in triage category G is not assigned a helicopter
4950,1153,helicopter,outEvac,Evacuee 451 in triage category G is not assigned a helicopter
4950,1153,helicopter,,Helicopter;1;is unloading people at the FOL;;and has;0;spots taken
4950,1155,filterLoc,,
4950,1158,filterLoc,,
4950,1161,filterLoc,,
4950,1164,filterLoc,,
4950,1167,filterLoc,,
4950,1170,filterLoc,,
4950,1173,filterLoc,,
4950,1176,filterLoc,,
4950,1179,filterLoc,,
4950,1182,filterLoc,,
4950,1185,filterLoc,,
4950,1188,filterLoc,,
4950,1191,filterLoc,,
4950,1194,filterLoc,,
4950,1197,filterLoc,,
4950,1200,filterLoc,,
4950,1203,filterLoc,,
4950,1206,filterLoc,,
4950,1209,filterLoc,,
4950,1212,filterLoc,,
4950,1215,filterLoc,,
4950,1218,filterLoc,,
4950,1221,filterLoc,,
4950,1224,filterLoc,,
4950,1227,filterLoc,,
4950,1230,filterLoc,,
4950,1233,filterLoc,,
4950,1236,filterLoc,,
4950,1239,filterLoc,,
4950,1242,filterLoc,,
4950,1245,filterLoc,,
4950,1248,filterLoc,,
4950,1251,filterLoc,,
4950,1254,filterLoc,,
4950,1257,filterLoc,,
4950,1260,filterLoc,,
4950,1263,filterLoc,,
4950,1266,filterLoc,,
4950,1269,filterLoc,,
4950,1272,filterLoc,,
4950,1275,filterLoc,,
4950,1278,filterLoc,,
4950,1281,filterLoc,,
4950,1284,filterLoc,,
4950,1287,filterLoc,,
4950,1290,filterLoc,,
4950,1293,filterLoc,,
4950,1296,filterLoc,,
4950,1299,filterLoc,,
4950,1302,filterLoc,,
4950,1305,filterLoc,,
4950,1308,filterLoc,,
4950,1311,filterLoc,,
4950,1314,filterLoc,,
4950,1317,filterLoc,,
4950,1320,filterLoc,,
4950,1323,filterLoc,,
4950,1326,filterLoc,,
4950,1329,filterLoc,,
4950,1332,filterLoc,,
4950,1335,filterLoc,,
4950,1338,filterLoc,,
4950,1341,filterLoc,,
4950,1344,filterLoc,,
4950,1347,filterLoc,,
4950,1350,filterLoc,,
4950,1353,filterLoc,,
4950,1356,filterLoc,,
4950,1359,filterLoc,,
4950,1362,filterLoc,,
4950,1365,filterLoc,,
4950,1368,filterLoc,,
4950,1371,filterLoc,,
4950,1374,filterLoc,,
4950,1377,filterLoc,,
4950,1380,filterLoc,,
4950,1383,filterLoc,,
4950,1386,filterLoc,,
4950,1389,filterLoc,,
4950,1392,filterLoc,,
4950,1395,filterLoc,,
4950,1398,filterLoc,,
4950,1401,filterLoc,,
4950,1404,filterLoc,,
4950,1407,filterLoc,,
4950,1410,filterLoc,,
4950,1413,filterLoc,,
4950,1416,filterLoc,,
4950,1419,filterLoc,,
4950,1422,filterLoc,,
4950,1425,filterLoc,,
4950,1428,filterLoc,,
4950,1431,filterLoc,,
4950,1434,filterLoc,,
4950,1437,filterLoc,,
4950,1440,filterLoc,,
4950,1443,filterLoc,,
4950,1446,filterLoc,,
4950,1449,filterLoc,,
4950,1452,filterLoc,,
4950,1455,filterLoc,,
4950,1458,filterLoc,,
4950,1461,filterLoc,,
4950,1464,filterLoc,,
4950,1467,filterLoc,,
4950,1470,filterLoc,,
4950,1473,filterLoc,,
4950,1476,filterLoc,,
4950,1479,filterLoc,,
4950,1482,filterLoc,,
4950,1485,filterLoc,,
4950,1488,filterLoc,,
4950,1491,filterLoc,,
4950,1494,filterLoc,,
4950,1497,filterLoc,,
4950,1500,filterLoc,,
4950,1503,filterLoc,,
4950,1506,filterLoc,,
4950,1509,filterLoc,,
4950,85,filterLoc,out,Evacuee 445 in triage category G is not assigned a helicopter
4950,85,filterLoc,,
4950,86,evacuee,,Evacuee;445;in triage state;G;is entering the FOL
4950,88,filterLoc,out,Evacuee 442 in triage category G is not assigned a helicopter
4950,88,filterLoc,,
4950,89,evacuee,,Evacuee;442;in triage state;G;is entering the FOL
4950,91,filterLoc,out,Evacuee 441 in triage category G is not assigned a helicopter
4950,91,filterLoc,,
4950,92,evacuee,,Evacuee;441;in triage state;G;is entering the FOL
4950,94,filterLoc,out,Evacuee 439 in triage category G is not assigned a helicopter
4950,94,filterLoc,,
4950,95,evacuee,,Evacuee;439;in triage state;G;is entering the FOL
4950,236,filterLoc,out,Evacuee 425 in triage category G is not assigned a helicopter
4950,236,filterLoc,,
4950,237,evacuee,,Evacuee;425;in triage state;G;is entering the FOL
4950,383,filterLoc,out,Evacuee 415 in triage category G is not assigned a helicopter
4950,383,filterLoc,,
4950,384,evacuee,,Evacuee;415;in triage state;G;is entering the FOL
4950,461,filterLoc,out,Evacuee 449 in triage category G is not assigned a helicopter
4950,461,filterLoc,,
4950,462,evacuee,,Evacuee;449;in triage state;G;is entering the FOL
4950,677,filterLoc,out,Evacuee 440 in triage category G is not assigned a helicopter
4950,677,filterLoc,,
4950,678,evacuee,,Evacuee;440;in triage state;G;is entering the FOL
4950,683,filterLoc,out,Evacuee 431 in triage category G is not assigned a helicopter
4950,683,filterLoc,,
4950,684,evacuee,,Evacuee;431;in triage state;G;is entering the FOL
4950,908,filterLoc,out,Evacuee 451 in triage category G is not assigned a helicopter
4950,908,filterLoc,,
4950,909,evacuee,,Evacuee;451;in triage state;G;is entering the FOL
4950,86,evacuee,outFOL,Evacuee 445 in triage category G is not assigned a helicopter
4950,86,evacuee,,Evacuee;445;in triage state;G;is at the FOL
4950,89,evacuee,outFOL,Evacuee 442 in triage category G is not assigned a helicopter
4950,89,evacuee,,Evacuee;442;in triage state;G;is at the FOL
4950,92,evacuee,outFOL,Evacuee 441 in triage category G is not assigned a helicopter
4950,92,evacuee,,Evacuee;441;in triage state;G;is at the FOL
4950,95,evacuee,outFOL,Evacuee 439 in triage category G is not assigned a helicopter
4950,95,evacuee,,Evacuee;439;in triage state;G;is at the FOL
4950,219,FOL,,;EvacueeID;2;Triage Status;G;EvacueeID;6;Triage Status;G;EvacueeID;9;Triage Status;G;EvacueeID;12;Triage Status;G;EvacueeID;14;Triage Status;G;EvacueeID;16;Triage Status;G;EvacueeID;20;Triage Status;G;EvacueeID;22;Triage Status;G;EvacueeID;25;Triage Status;G;EvacueeID;27;Triage Status;G;EvacueeID;33;Triage Status;G;EvacueeID;35;Triage Status;G;EvacueeID;36;Triage Status;G;EvacueeID;40;Triage Status;G;EvacueeID;41;Triage Status;G;EvacueeID;44;Triage Status;G;EvacueeID;47;Triage Status;G;EvacueeID;52;Triage Status;G;EvacueeID;56;Triage Status;G;EvacueeID;59;Triage Status;G;EvacueeID;61;Triage Status;G;EvacueeID;63;Triage Status;G;EvacueeID;70;Triage Status;G;EvacueeID;71;Triage Status;G;EvacueeID;74;Triage Status;G;EvacueeID;76;Triage Status;G;EvacueeID;81;Triage Status;G;EvacueeID;83;Triage Status;G;EvacueeID;88;Triage Status;G;EvacueeID;90;Triage Status;G;EvacueeID;92;Triage Status;G;EvacueeID;93;Triage Status;G;EvacueeID;94;Triage Status;G;EvacueeID;96;Triage Status;G;EvacueeID;97;Triage Status;G;EvacueeID;102;Triage Status;G;EvacueeID;104;Triage Status;G;EvacueeID;106;Triage Status;G;EvacueeID;108;Triage Status;G;EvacueeID;109;Triage Status;G;EvacueeID;114;Triage Status;G;EvacueeID;116;Triage Status;G;EvacueeID;119;Triage Status;G;EvacueeID;120;Triage Status;G;EvacueeID;122;Triage Status;G;EvacueeID;125;Triage Status;G;EvacueeID;130;Triage Status;G;EvacueeID;136;Triage Status;G;EvacueeID;138;Triage Status;G;EvacueeID;139;Triage Status;G;EvacueeID;140;Triage Status;G;EvacueeID;143;Triage Status;G;EvacueeID;145;Triage Status;G;EvacueeID;146;Triage Status;G;EvacueeID;148;Triage Status;G;EvacueeID;150;Triage Status;G;EvacueeID;154;Triage Status;G;EvacueeID;155;Triage Status;G;EvacueeID;157;Triage Status;G;EvacueeID;160;Triage Status;G;EvacueeID;167;Triage Status;G;EvacueeID;168;Triage Status;G;EvacueeID;173;Triage Status;G;EvacueeID;175;Triage Status;G;EvacueeID;178;Triage Status;G;EvacueeID;188;Triage Status;G;EvacueeID;191;Triage Status;G;EvacueeID;193;Triage Status;G;EvacueeID;194;Triage Status;G;EvacueeID;195;Triage Status;G;EvacueeID;198;Triage Status;G;EvacueeID;214;Triage Status;G;EvacueeID;216;Triage Status;G;EvacueeID;219;Triage Status;G;EvacueeID;221;Triage Status;G;EvacueeID;247;Triage Status;G;EvacueeID;248;Triage Status;G;EvacueeID;249;Triage Status;G;EvacueeID;254;Triage Status;G;EvacueeID;265;Triage Status;G;EvacueeID;271;Triage Status;G;EvacueeID;283;Triage Status;G;EvacueeID;284;Triage Status;G;EvacueeID;285;Triage Status;G;EvacueeID;287;Triage Status;G;EvacueeID;289;Triage Status;G;EvacueeID;298;Triage Status;G;EvacueeID;304;Triage Status;G;EvacueeID;311;Triage Status;G;EvacueeID;314;Triage Status;G;EvacueeID;317;Triage Status;G;EvacueeID;318;Triage Status;G;EvacueeID;319;Triage Status;G;EvacueeID;321;Triage Status;G;EvacueeID;322;Triage Status;G;EvacueeID;334;Triage Status;G;EvacueeID;354;Triage Status;G;EvacueeID;357;Triage Status;G;EvacueeID;358;Triage Status;G;EvacueeID;360;Triage Status;G;EvacueeID;362;Triage Status;G;EvacueeID;363;Triage Status;G;EvacueeID;367;Triage Status;G;EvacueeID;376;Triage Status;G;EvacueeID;392;Triage Status;G;EvacueeID;393;Triage Status;G;EvacueeID;395;Triage Status;G;EvacueeID;396;Triage Status;G;EvacueeID;399;Triage Status;G;EvacueeID;412;Triage Status;G;EvacueeID;415;Triage Status;G;EvacueeID;425;Triage Status;G;EvacueeID;431;Triage Status;G;EvacueeID;439;Triage Status;G;EvacueeID;440;Triage Status;G;EvacueeID;441;Triage Status;G;EvacueeID;442;Triage Status;G;EvacueeID;445;Triage Status;G;EvacueeID;449;Triage Status;G;EvacueeID;451;Triage Status;G;Lives Saved;120
4950,237,evacuee,outFOL,Evacuee 425 in triage category G is not assigned a helicopter
4950,237,evacuee,,Evacuee;425;in triage state;G;is at the FOL
4950,384,evacuee,outFOL,Evacuee 415 in triage category G is not assigned a helicopter
4950,384,evacuee,,Evacuee;415;in triage state;G;is at the FOL
4950,462,evacuee,outFOL,Evacuee 449 in triage category G is not assigned a helicopter
4950,462,evacuee,,Evacuee;449;in triage state;G;is at the FOL
4950,678,evacuee,outFOL,Evacuee 440 in triage category G is not assigned a helicopter
4950,678,evacuee,,Evacuee;440;in triage state;G;is at the FOL
4950,684,evacuee,outFOL,Evacuee 431 in triage category G is not assigned a helicopter
4950,684,evacuee,,Evacuee;431;in triage state;G;is at the FOL
4950,909,evacuee,outFOL,Evacuee 451 in triage category G is not assigned a helicopter
4950,909,evacuee,,Evacuee;451;in triage state;G;is at the FOL
4950,219,FOL,,;EvacueeID;2;Triage Status;G;EvacueeID;6;Triage Status;G;EvacueeID;9;Triage Status;G;EvacueeID;12;Triage Status;G;EvacueeID;14;Triage Status;G;EvacueeID;16;Triage Status;G;EvacueeID;20;Triage Status;G;EvacueeID;22;Triage Status;G;EvacueeID;25;Triage Status;G;EvacueeID;27;Triage Status;G;EvacueeID;33;Triage Status;G;EvacueeID;35;Triage Status;G;EvacueeID;36;Triage Status;G;EvacueeID;40;Triage Status;G;EvacueeID;41;Triage Status;G;EvacueeID;44;Triage Status;G;EvacueeID;47;Triage Status;G;EvacueeID;52;Triage Status;G;EvacueeID;56;Triage Status;G;EvacueeID;59;Triage Status;G;EvacueeID;61;Triage Status;G;EvacueeID;63;Triage Status;G;EvacueeID;70;Triage Status;G;EvacueeID;71;Triage Status;G;EvacueeID;74;Triage Status;G;EvacueeID;76;Triage Status;G;EvacueeID;81;Triage Status;G;EvacueeID;83;Triage Status;G;EvacueeID;88;Triage Status;G;EvacueeID;90;Triage Status;G;EvacueeID;92;Triage Status;G;EvacueeID;93;Triage Status;G;EvacueeID;94;Triage Status;G;EvacueeID;96;Triage Status;G;EvacueeID;97;Triage Status;G;EvacueeID;102;Triage Status;G;EvacueeID;104;Triage Status;G;EvacueeID;106;Triage Status;G;EvacueeID;108;Triage Status;G;EvacueeID;109;Triage Status;G;EvacueeID;114;Triage Status;G;EvacueeID;116;Triage Status;G;EvacueeID;119;Triage Status;G;EvacueeID;120;Triage Status;G;EvacueeID;122;Triage Status;G;EvacueeID;125;Triage Status;G;EvacueeID;130;Triage Status;G;EvacueeID;136;Triage Status;G;EvacueeID;138;Triage Status;G;EvacueeID;139;Triage Status;G;EvacueeID;140;Triage Status;G;EvacueeID;143;Triage Status;G;EvacueeID;145;Triage Status;G;EvacueeID;146;Triage Status;G;EvacueeID;148;Triage Status;G;EvacueeID;150;Triage Status;G;EvacueeID;154;Triage Status;G;EvacueeID;155;Triage Status;G;EvacueeID;157;Triage Status;G;EvacueeID;160;Triage Status;G;EvacueeID;167;Triage Status;G;EvacueeID;168;Triage Status;G;EvacueeID;173;Triage Status;G;EvacueeID;175;Triage Status;G;EvacueeID;178;Triage Status;G;EvacueeID;188;Triage Status;G;EvacueeID;191;Triage Status;G;EvacueeID;193;Triage Status;G;EvacueeID;194;Triage Status;G;EvacueeID;195;Triage Status;G;EvacueeID;198;Triage Status;G;EvacueeID;214;Triage Status;G;EvacueeID;216;Triage Status;G;EvacueeID;219;Triage Status;G;EvacueeID;221;Triage Status;G;EvacueeID;247;Triage Status;G;EvacueeID;248;Triage Status;G;EvacueeID;249;Triage Status;G;EvacueeID;254;Triage Status;G;EvacueeID;265;Triage Status;G;EvacueeID;271;Triage Status;G;EvacueeID;283;Triage Status;G;EvacueeID;284;Triage Status;G;EvacueeID;285;Triage Status;G;EvacueeID;287;Triage Status;G;EvacueeID;289;Triage Status;G;EvacueeID;298;Triage Status;G;EvacueeID;304;Triage Status;G;EvacueeID;311;Triage Status;G;EvacueeID;314;Triage Status;G;EvacueeID;317;Triage Status;G;EvacueeID;318;Triage Status;G;EvacueeID;319;Triage Status;G;EvacueeID;321;Triage Status;G;EvacueeID;322;Triage Status;G;EvacueeID;334;Triage Status;G;EvacueeID;354;Triage Status;G;EvacueeID;357;Triage Status;G;EvacueeID;358;Triage Status;G;EvacueeID;360;Triage Status;G;EvacueeID;362;Triage Status;G;EvacueeID;363;Triage Status;G;EvacueeID;367;Triage Status;G;EvacueeID;376;Triage Status;G;EvacueeID;392;Triage Status;G;EvacueeID;393;Triage Status;G;EvacueeID;395;Triage Status;G;EvacueeID;396;Triage Status;G;EvacueeID;399;Triage Status;G;EvacueeID;412;Triage Status;G;EvacueeID;415;Triage Status;G;EvacueeID;425;Triage Status;G;EvacueeID;431;Triage Status;G;EvacueeID;439;Triage Status;G;EvacueeID;440;Triage Status;G;EvacueeID;441;Triage Status;G;EvacueeID;442;Triage Status;G;EvacueeID;445;Triage Status;G;EvacueeID;449;Triage Status;G;EvacueeID;451;Triage Status;G;Lives Saved;120
4954.85,3,evacueeManager,,OFF SHIP: White;0;Green;3;Yellow;11;Red;0;Black;366;ON SHIP: White;0;Green;0;Yellow;0;Red;0;Evacuees to Transfer;
4954.85,591,evacuee,outES,Evacuee 95 in triage category R is not assigned a helicopter
4954.85,591,evacuee,,Evacuee;95;in triage state;B;is at the evacuation site
4956.11,3,evacueeManager,,OFF SHIP: White;0;Green;3;Yellow;10;Red;1;Black;366;ON SHIP: White;0;Green;0;Yellow;0;Red;0;Evacuees to Transfer;
4956.11,663,evacuee,outES,Evacuee 77 in triage category Y is not assigned a helicopter
4956.11,663,evacuee,,Evacuee;77;in triage state;R;is at the evacuation site
4956.33,3,evacueeManager,,OFF SHIP: White;0;Green;3;Yellow;10;Red;0;Black;367;ON SHIP: White;0;Green;0;Yellow;0;Red;0;Evacuees to Transfer;
4956.33,663,evacuee,outES,Evacuee 77 in triage category R is not assigned a helicopter
4956.33,663,evacuee,,Evacuee;77;in triage state;B;is at the evacuation site
4965,1153,helicopter,,Helicopter;1;Is going to the evacuation site;;and has;0;spots taken
5024.55,3,evacueeManager,,OFF SHIP: White;0;Green;3;Yellow;9;Red;1;Black;367;ON SHIP: White;0;Green;0;Yellow;0;Red;0;Evacuees to Transfer;
5024.55,675,evacuee,outES,Evacuee 454 in triage category Y is not assigned a helicopter
5024.55,675,evacuee,,Evacuee;454;in triage state;R;is at the evacuation site
5040,5,helicopterQueue,,1;Helos are waiting to land;HeloID;1
5040,1153,helicopter,outES,Helicopter 1 is evacuating people1
5040,1153,helicopter,,Helicopter;1;is waiting to land at the evacuation site;;and has;0;spots taken
5040,4,helipadManager,,;No helos are at ES
5040,5,helicopterQueue,outHM,Helicopter 1 is evacuating people1
5040,5,helicopterQueue,outHelo,Helicopter 1 is evacuating people1
5040,5,helicopterQueue,,;No helos are waiting to land
5040,1152,filterES,,Helicopter;1;is evacuating people
5040,3,evacueeManager,,OFF SHIP: White;0;Green;0;Yellow;8;Red;0;Black;367;ON SHIP: White;0;Green;0;Yellow;0;Red;0;Evacuees to Transfer;;EvacueeID;453;HeloID;1;OnShip;0;Triage Status;G;EvacueeID;460;HeloID;1;OnShip;0;Triage Status;G;EvacueeID;467;HeloID;1;OnShip;0;Triage Status;G;EvacueeID;454;HeloID;1;OnShip;0;Triage Status;R;EvacueeID;137;HeloID;1;OnShip;0;Triage Status;Y
5040,4,helipadManager,outEM,Helicopter 1 is evacuating people1
5040,4,helipadManager,,Helo;1;is at the ES
5040,1152,filterES,out,Helicopter 1 is evacuating people1
5040,1152,filterES,,
5040,1153,helicopter,,Helicopter;1;is waiting to land at the evacuation site;;and has;0;spots taken
5040,3,evacueeManager,outEvac,Evacuee 453 in triage category G is assigned helicopter 1
5040,3,evacueeManager,outEvac,Evacuee 460 in triage category G is assigned helicopter 1
5040,3,evacueeManager,outEvac,Evacuee 467 in triage category G is assigned helicopter 1
5040,3,evacueeManager,outEvac,Evacuee 454 in triage category R is assigned helicopter 1
5040,3,evacueeManager,outEvac,Evacuee 137 in triage category Y is assigned helicopter 1
5040,3,evacueeManager,,OFF SHIP: White;0;Green;0;Yellow;8;Red;0;Black;367;ON SHIP: White;0;Green;0;Yellow;0;Red;0;Evacuees to Transfer;
5040,7,filterLoc,,
5040,10,filterLoc,,
5040,13,filterLoc,,
5040,16,filterLoc,,
5040,19,filterLoc,,
5040,22,filterLoc,,
5040,25,filterLoc,,
5040,28,filterLoc,,
5040,31,filterLoc,,
5040,34,filterLoc,,
5040,37,filterLoc,,
5040,40,filterLoc,,
5040,43,filterLoc,,
5040,46,filterLoc,,
5040,49,filterLoc,,
5040,52,filterLoc,,
5040,55,filterLoc,,
5040,58,filterLoc,,
5040,61,filterLoc,,
5040,64,filterLoc,,
5040,67,filterLoc,,
5040,70,filterLoc,,
5040,73,filterLoc,,
5040,76,filterLoc,,
5040,79,filterLoc,,
5040,82,filterLoc,,
5040,85,filterLoc,,
5040,88,filterLoc,,
5040,91,filterLoc,,
5040,94,filterLoc,,
5040,97,filterLoc,,
5040,100,filterLoc,,
5040,103,filterLoc,,
5040,106,filterLoc,,
5040,109,filterLoc,,
5040,112,filterLoc,,
5040,115,filterLoc,,
5040,118,filterLoc,,
5040,121,filterLoc,,
5040,124,filterLoc,,
5040,127,filterLoc,,
5040,130,filterLoc,,
5040,133,filterLoc,,
5040,136,filterLoc,,
5040,139,filterLoc,,
5040,142,filterLoc,,
5040,145,filterLoc,,
5040,148,filterLoc,,
5040,151,filterLoc,,
5040,154,filterLoc,,
5040,157,filterLoc,,
5040,160,filterLoc,,
5040,163,filterLoc,,
5040,166,filterLoc,,
5040,169,filterLoc,,
5040,172,filterLoc,,
5040,175,filterLoc,,
5040,178,filterLoc,,
5040,181,filterLoc,,
5040,184,filterLoc,,
5040,187,filterLoc,,
5040,190,filterLoc,,
5040,193,filterLoc,,
5040,196,filterLoc,,
5040,199,filterLoc,,
5040,202,filterLoc,,
5040,205,filterLoc,,
5040,208,filterLoc,,
5040,211,filterLoc,,
5040,214,filterLoc,,
5040,217,filterLoc,,
5040,221,filterLoc,,
5040,224,filterLoc,,
5040,227,filterLoc,,
5040,230,filterLoc,,
5040,233,filterLoc,,
5040,236,filterLoc,,
5040,239,filterLoc,,
5040,242,filterLoc,,
5040,245,filterLoc,,
5040,248,filterLoc,,
5040,251,filterLoc,,
5040,254,filterLoc,,
5040,257,filterLoc,,
5040,260,filterLoc,,
5040,263,filterLoc,,
5040,266,filterLoc,,
5040,269,filterLoc,,
5040,272,filterLoc,,
5040,275,filterLoc,,
5040,278,filterLoc,,
5040,281,filterLoc,,
5040,284,filterLoc,,
5040,287,filterLoc,,
5040,290,filterLoc,,
5040,293,filterLoc,,
5040,296,filterLoc,,
5040,299,filterLoc,,
5040,302,filterLoc,,
5040,305,filterLoc,,
5040,308,filterLoc,,
5040,311,filterLoc,,
5040,314,filterLoc,,
5040,317,filterLoc,,
5040,320,filterLoc,,;Evacuee;460;in triage category;G;is entering helicopter;1
5040,323,filterLoc,,
5040,326,filterLoc,,
5040,329,filterLoc,,
5040,332,filterLoc,,
5040,335,filterLoc,,
5040,338,filterLoc,,
5040,341,filterLoc,,
5040,344,filterLoc,,
5040,347,filterLoc,,
5040,350,filterLoc,,
5040,353,filterLoc,,
5040,356,filterLoc,,
5040,359,filterLoc,,
5040,362,filterLoc,,
5040,365,filterLoc,,
5040,368,filterLoc,,
5040,371,filterLoc,,
5040,374,filterLoc,,
5040,377,filterLoc,,
5040,380,filterLoc,,
5040,383,filterLoc,,
5040,386,filterLoc,,
5040,389,filterLoc,,
5040,392,filterLoc,,
5040,395,filterLoc,,
5040,398,filterLoc,,
5040,401,filterLoc,,
5040,404,filterLoc,,
5040,407,filterLoc,,
5040,410,filterLoc,,
5040,413,filterLoc,,
5040,416,filterLoc,,
5040,419,filterLoc,,
5040,422,filterLoc,,
5040,425,filterLoc,,
5040,428,filterLoc,,
5040,431,filterLoc,,
5040,434,filterLoc,,
5040,437,filterLoc,,
5040,440,filterLoc,,
5040,443,filterLoc,,
5040,446,filterLoc,,
5040,449,filterLoc,,
5040,452,filterLoc,,
5040,455,filterLoc,,
5040,458,filterLoc,,
5040,461,filterLoc,,
5040,464,filterLoc,,
5040,467,filterLoc,,
5040,470,filterLoc,,
5040,473,filterLoc,,
5040,476,filterLoc,,
5040,479,filterLoc,,
5040,482,filterLoc,,
5040,485,filterLoc,,
5040,488,filterLoc,,
5040,491,filterLoc,,
5040,494,filterLoc,,
5040,497,filterLoc,,
5040,500,filterLoc,,
5040,503,filterLoc,,
5040,506,filterLoc,,
5040,509,filterLoc,,
5040,512,filterLoc,,
5040,515,filterLoc,,
5040,518,filterLoc,,
5040,521,filterLoc,,
5040,524,filterLoc,,
5040,527,filterLoc,,
5040,530,filterLoc,,
5040,533,filterLoc,,
5040,536,filterLoc,,
5040,539,filterLoc,,
5040,542,filterLoc,,
5040,545,filterLoc,,
5040,548,filterLoc,,
5040,551,filterLoc,,
5040,554,filterLoc,,
5040,557,filterLoc,,
5040,560,filterLoc,,
5040,563,filterLoc,,
5040,566,filterLoc,,
5040,569,filterLoc,,
5040,572,filterLoc,,
5040,575,filterLoc,,
5040,578,filterLoc,,
5040,581,filterLoc,,
5040,584,filterLoc,,
5040,587,filterLoc,,
5040,590,filterLoc,,
5040,593,filterLoc,,
5040,596,filterLoc,,
5040,599,filterLoc,,
5040,602,filterLoc,,
5040,605,filterLoc,,
5040,608,filterLoc,,
5040,611,filterLoc,,
5040,614,filterLoc,,
5040,617,filterLoc,,
5040,620,filterLoc,,
5040,623,filterLoc,,
5040,626,filterLoc,,
5040,629,filterLoc,,
5040,632,filterLoc,,
5040,635,filterLoc,,
5040,638,filterLoc,,
5040,641,filterLoc,,
5040,644,filterLoc,,
5040,647,filterLoc,,
5040,650,filterLoc,,
5040,653,filterLoc,,
5040,656,filterLoc,,
5040,659,filterLoc,,
5040,662,filterLoc,,
5040,665,filterLoc,,
5040,668,filterLoc,,
5040,671,filterLoc,,
5040,674,filterLoc,,;Evacuee;454;in triage category;R;is entering helicopter;1
5040,677,filterLoc,,
5040,680,filterLoc,,
5040,683,filterLoc,,
5040,686,filterLoc,,
5040,689,filterLoc,,
5040,692,filterLoc,,
5040,695,filterLoc,,
5040,698,filterLoc,,
5040,701,filterLoc,,
5040,704,filterLoc,,
5040,707,filterLoc,,
5040,710,filterLoc,,
5040,713,filterLoc,,
5040,716,filterLoc,,
5040,719,filterLoc,,
5040,722,filterLoc,,
5040,725,filterLoc,,
5040,728,filterLoc,,
5040,731,filterLoc,,
5040,734,filterLoc,,
5040,737,filterLoc,,
5040,740,filterLoc,,
5040,743,filterLoc,,
5040,746,filterLoc,,
5040,749,filterLoc,,
5040,752,filterLoc,,
5040,755,filterLoc,,
5040,758,filterLoc,,
5040,761,filterLoc,,
5040,764,filterLoc,,
5040,767,filterLoc,,
5040,770,filterLoc,,
5040,773,filterLoc,,
5040,776,filterLoc,,
5040,779,filterLoc,,
5040,782,filterLoc,,
5040,785,filterLoc,,
5040,788,filterLoc,,
5040,791,filterLoc,,
5040,794,filterLoc,,
5040,797,filterLoc,,
5040,800,filterLoc,,
5040,803,filterLoc,,
5040,806,filterLoc,,
5040,809,filterLoc,,
5040,812,filterLoc,,
5040,815,filterLoc,,
5040,818,filterLoc,,
5040,821,filterLoc,,
5040,824,filterLoc,,
5040,827,filterLoc,,
5040,830,filterLoc,,
5040,833,filterLoc,,;Evacuee;453;in triage category;G;is entering helicopter;1
5040,836,filterLoc,,
5040,839,filterLoc,,
5040,842,filterLoc,,
5040,845,filterLoc,,
5040,848,filterLoc,,
5040,851,filterLoc,,
5040,854,filterLoc,,
5040,857,filterLoc,,
5040,860,filterLoc,,
5040,863,filterLoc,,
5040,866,filterLoc,,
5040,869,filterLoc,,
5040,872,filterLoc,,
5040,875,filterLoc,,
5040,878,filterLoc,,
5040,881,filterLoc,,
5040,884,filterLoc,,
5040,887,filterLoc,,
5040,890,filterLoc,,
5040,893,filterLoc,,
5040,896,filterLoc,,
5040,899,filterLoc,,
5040,902,filterLoc,,
5040,905,filterLoc,,
5040,908,filterLoc,,
5040,911,filterLoc,,
5040,914,filterLoc,,
5040,917,filterLoc,,
5040,920,filterLoc,,
5040,923,filterLoc,,
5040,926,filterLoc,,
5040,929,filterLoc,,
5040,932,filterLoc,,
5040,935,filterLoc,,
5040,938,filterLoc,,
5040,941,filterLoc,,
5040,944,filterLoc,,
5040,947,filterLoc,,
5040,950,filterLoc,,
5040,953,filterLoc,,
5040,956,filterLoc,,
5040,959,filterLoc,,
5040,962,filterLoc,,
5040,965,filterLoc,,
5040,968,filterLoc,,
5040,971,filterLoc,,
5040,974,filterLoc,,
5040,977,filterLoc,,
5040,980,filterLoc,,
5040,983,filterLoc,,
5040,986,filterLoc,,
5040,989,filterLoc,,
5040,992,filterLoc,,
5040,995,filterLoc,,
5040,998,filterLoc,,
5040,1001,filterLoc,,
5040,1004,filterLoc,,
5040,1007,filterLoc,,
5040,1010,filterLoc,,
5040,1013,filterLoc,,
5040,1016,filterLoc,,
5040,1019,filterLoc,,
5040,1022,filterLoc,,
5040,1025,filterLoc,,
5040,1028,filterLoc,,
5040,1031,filterLoc,,
5040,1034,filterLoc,,
5040,1037,filterLoc,,
5040,1040,filterLoc,,
5040,1043,filterLoc,,
5040,1046,filterLoc,,
5040,1049,filterLoc,,
5040,1052,filterLoc,,
5040,1055,filterLoc,,
5040,1058,filterLoc,,
5040,1061,filterLoc,,
5040,1064,filterLoc,,
5040,1067,filterLoc,,
5040,1070,filterLoc,,
5040,1073,filterLoc,,
5040,1076,filterLoc,,
5040,1079,filterLoc,,
5040,1082,filterLoc,,
5040,1085,filterLoc,,
5040,1088,filterLoc,,
5040,1091,filterLoc,,
5040,1094,filterLoc,,
5040,1097,filterLoc,,
5040,1100,filterLoc,,
5040,1103,filterLoc,,
5040,1106,filterLoc,,
5040,1109,filterLoc,,
5040,1112,filterLoc,,
5040,1115,filterLoc,,
5040,1118,filterLoc,,
5040,1121,filterLoc,,
5040,1124,filterLoc,,
5040,1127,filterLoc,,
5040,1130,filterLoc,,
5040,1133,filterLoc,,
5040,1136,filterLoc,,
5040,1139,filterLoc,,
5040,1142,filterLoc,,
5040,1145,filterLoc,,
5040,1148,filterLoc,,
5040,1153,helicopter,,Helicopter;1;is loading people at the evacuation site;;and has;0;spots taken
5040,1155,filterLoc,,
5040,1158,filterLoc,,
5040,1161,filterLoc,,
5040,1164,filterLoc,,
5040,1167,filterLoc,,
5040,1170,filterLoc,,
5040,1173,filterLoc,,
5040,1176,filterLoc,,
5040,1179,filterLoc,,
5040,1182,filterLoc,,
5040,1185,filterLoc,,;Evacuee;137;in triage category;Y;is entering helicopter;1
5040,1188,filterLoc,,
5040,1191,filterLoc,,
5040,1194,filterLoc,,
5040,1197,filterLoc,,
5040,1200,filterLoc,,
5040,1203,filterLoc,,
5040,1206,filterLoc,,
5040,1209,filterLoc,,
5040,1212,filterLoc,,
5040,1215,filterLoc,,
5040,1218,filterLoc,,
5040,1221,filterLoc,,
5040,1224,filterLoc,,
5040,1227,filterLoc,,
5040,1230,filterLoc,,
5040,1233,filterLoc,,
5040,1236,filterLoc,,
5040,1239,filterLoc,,
5040,1242,filterLoc,,
5040,1245,filterLoc,,
5040,1248,filterLoc,,
5040,1251,filterLoc,,
5040,1254,filterLoc,,
5040,1257,filterLoc,,
5040,1260,filterLoc,,
5040,1263,filterLoc,,
5040,1266,filterLoc,,
5040,1269,filterLoc,,
5040,1272,filterLoc,,
5040,1275,filterLoc,,
5040,1278,filterLoc,,
5040,1281,filterLoc,,
5040,1284,filterLoc,,
5040,1287,filterLoc,,
5040,1290,filterLoc,,
5040,1293,filterLoc,,
5040,1296,filterLoc,,
5040,1299,filterLoc,,
5040,1302,filterLoc,,
5040,1305,filterLoc,,
5040,1308,filterLoc,,
5040,1311,filterLoc,,
5040,1314,filterLoc,,
5040,1317,filterLoc,,
5040,1320,filterLoc,,
5040,1323,filterLoc,,
5040,1326,filterLoc,,
5040,1329,filterLoc,,
5040,1332,filterLoc,,
5040,1335,filterLoc,,
5040,1338,filterLoc,,
5040,1341,filterLoc,,
5040,1344,filterLoc,,
5040,1347,filterLoc,,
5040,1350,filterLoc,,
5040,1353,filterLoc,,
5040,1356,filterLoc,,
5040,1359,filterLoc,,
5040,1362,filterLoc,,
5040,1365,filterLoc,,
5040,1368,filterLoc,,
5040,1371,filterLoc,,
5040,1374,filterLoc,,
5040,1377,filterLoc,,
5040,1380,filterLoc,,
5040,1383,filterLoc,,
5040,1386,filterLoc,,
5040,1389,filterLoc,,
5040,1392,filterLoc,,
5040,1395,filterLoc,,
5040,1398,filterLoc,,
5040,1401,filterLoc,,
5040,1404,filterLoc,,
5040,1407,filterLoc,,
5040,1410,filterLoc,,
5040,1413,filterLoc,,
5040,1416,filterLoc,,
5040,1419,filterLoc,,
5040,1422,filterLoc,,
5040,1425,filterLoc,,
5040,1428,filterLoc,,
5040,1431,filterLoc,,
5040,1434,filterLoc,,
5040,1437,filterLoc,,
5040,1440,filterLoc,,
5040,1443,filterLoc,,
5040,1446,filterLoc,,
5040,1449,filterLoc,,
5040,1452,filterLoc,,
5040,1455,filterLoc,,
5040,1458,filterLoc,,
5040,1461,filterLoc,,
5040,1464,filterLoc,,
5040,1467,filterLoc,,
5040,1470,filterLoc,,
5040,1473,filterLoc,,
5040,1476,filterLoc,,
5040,1479,filterLoc,,
5040,1482,filterLoc,,
5040,1485,filterLoc,,
5040,1488,filterLoc,,
5040,1491,filterLoc,,
5040,1494,filterLoc,,;Evacuee;467;in triage category;G;is entering helicopter;1
5040,1497,filterLoc,,
5040,1500,filterLoc,,
5040,1503,filterLoc,,
5040,1506,filterLoc,,
5040,1509,filterLoc,,
5040,320,filterLoc,out,Evacuee 460 in triage category G is assigned helicopter 1
5040,320,filterLoc,,
5040,321,evacuee,,Evacuee;460;in triage state;G;is entering helicopter;1
5040,674,filterLoc,out,Evacuee 454 in triage category R is assigned helicopter 1
5040,674,filterLoc,,
5040,675,evacuee,,Evacuee;454;in triage state;R;is entering helicopter;1
5040,833,filterLoc,out,Evacuee 453 in triage category G is assigned helicopter 1
5040,833,filterLoc,,
5040,834,evacuee,,Evacuee;453;in triage state;G;is entering helicopter;1
5040,1185,filterLoc,out,Evacuee 137 in triage category Y is assigned helicopter 1
5040,1185,filterLoc,,
5040,1186,evacuee,,Evacuee;137;in triage state;Y;is entering helicopter;1
5040,1494,filterLoc,out,Evacuee 467 in triage category G is assigned helicopter 1
5040,1494,filterLoc,,
5040,1495,evacuee,,Evacuee;467;in triage state;G;is entering helicopter;1
5040,321,evacuee,outHelo,Evacuee 460 in triage category G is assigned helicopter 1
5040,321,evacuee,,Evacuee;460;in triage state;G;is in helicopter;1
5040,675,evacuee,outHelo,Evacuee 454 in triage category R is assigned helicopter 1
5040,675,evacuee,,Evacuee;454;in triage state;R;is in helicopter;1
5040,834,evacuee,outHelo,Evacuee 453 in triage category G is assigned helicopter 1
5040,834,evacuee,,Evacuee;453;in triage state;G;is in helicopter;1
5040,1151,filterEvac,,;Evacuee;137;in triage category;Y;is entering helicopter;1;Evacuee;453;in triage category;G;is entering helicopter;1;Evacuee;454;in triage category;R;is entering helicopter;1;Evacuee;460;in triage category;G;is entering helicopter;1;Evacuee;467;in triage category;G;is entering helicopter;1
5040,1186,evacuee,outHelo,Evacuee 137 in triage category Y is assigned helicopter 1
5040,1186,evacuee,,Evacuee;137;in triage state;Y;is in helicopter;1
5040,1495,evacuee,outHelo,Evacuee 467 in triage category G is assigned helicopter 1
5040,1495,evacuee,,Evacuee;467;in triage state;G;is in helicopter;1
5040,1151,filterEvac,out,Evacuee 137 in triage category Y is assigned helicopter 1
5040,1151,filterEvac,out,Evacuee 453 in triage category G is assigned helicopter 1
5040,1151,filterEvac,out,Evacuee 454 in triage category R is assigned helicopter 1
5040,1151,filterEvac,out,Evacuee 460 in triage category G is assigned helicopter 1
5040,1151,filterEvac,out,Evacuee 467 in triage category G is assigned helicopter 1
5040,1151,filterEvac,,
5040,1153,helicopter,,Helicopter;1;is loading people at the evacuation site;;and has;9;spots taken
5055,4,helipadManager,outHelo,Helicopter 1 is evacuating people1
5055,4,helipadManager,,;No helos are at ES
5055,1152,filterES,,Helicopter;1;is evacuating people
5055,4,helipadManager,outHQ,0
5055,4,helipadManager,,;No helos are at ES
5055,5,helicopterQueue,,;No helos are waiting to land
5055,1152,filterES,out,Helicopter 1 is evacuating people1
5055,1152,filterES,,
5055,1153,helicopter,,Helicopter;1;is loading people at the evacuation site;;and has;9;spots taken
5055,5,helicopterQueue,,;No helos are waiting to land
5055,1153,helicopter,,Helicopter;1;is returning to the FOL;;and has;9;spots taken
5094.28,3,evacueeManager,,OFF SHIP: White;0;Green;0;Yellow;7;Red;1;Black;367;ON SHIP: White;0;Green;0;Yellow;0;Red;0;Evacuees to Transfer;
5094.28,225,evacuee,outES,Evacuee 457 in triage category Y is not assigned a helicopter
5094.28,225,evacuee,,Evacuee;457;in triage state;R;is at the evacuation site
5130,7,filterLoc,,
5130,10,filterLoc,,
5130,13,filterLoc,,
5130,16,filterLoc,,
5130,19,filterLoc,,
5130,22,filterLoc,,
5130,25,filterLoc,,
5130,28,filterLoc,,
5130,31,filterLoc,,
5130,34,filterLoc,,
5130,37,filterLoc,,
5130,40,filterLoc,,
5130,43,filterLoc,,
5130,46,filterLoc,,
5130,49,filterLoc,,
5130,52,filterLoc,,
5130,55,filterLoc,,
5130,58,filterLoc,,
5130,61,filterLoc,,
5130,64,filterLoc,,
5130,67,filterLoc,,
5130,70,filterLoc,,
5130,73,filterLoc,,
5130,76,filterLoc,,
5130,79,filterLoc,,
5130,82,filterLoc,,
5130,85,filterLoc,,
5130,88,filterLoc,,
5130,91,filterLoc,,
5130,94,filterLoc,,
5130,97,filterLoc,,
5130,100,filterLoc,,
5130,103,filterLoc,,
5130,106,filterLoc,,
5130,109,filterLoc,,
5130,112,filterLoc,,
5130,115,filterLoc,,
5130,118,filterLoc,,
5130,121,filterLoc,,
5130,124,filterLoc,,
5130,127,filterLoc,,
5130,130,filterLoc,,
5130,133,filterLoc,,
5130,136,filterLoc,,
5130,139,filterLoc,,
5130,142,filterLoc,,
5130,145,filterLoc,,
5130,148,filterLoc,,
5130,151,filterLoc,,
5130,154,filterLoc,,
5130,157,filterLoc,,
5130,160,filterLoc,,
5130,163,filterLoc,,
5130,166,filterLoc,,
5130,169,filterLoc,,
5130,172,filterLoc,,
5130,175,filterLoc,,
5130,178,filterLoc,,
5130,181,filterLoc,,
5130,184,filterLoc,,
5130,187,filterLoc,,
5130,190,filterLoc,,
5130,193,filterLoc,,
5130,196,filterLoc,,
5130,199,filterLoc,,
5130,202,filterLoc,,
5130,205,filterLoc,,
5130,208,filterLoc,,
5130,211,filterLoc,,
5130,214,filterLoc,,
5130,217,filterLoc,,
5130,221,filterLoc,,
5130,224,filterLoc,,
5130,227,filterLoc,,
5130,230,filterLoc,,
5130,233,filterLoc,,
5130,236,filterLoc,,
5130,239,filterLoc,,
5130,242,filterLoc,,
5130,245,filterLoc,,
5130,248,filterLoc,,
5130,251,filterLoc,,
5130,254,filterLoc,,
5130,257,filterLoc,,
5130,260,filterLoc,,
5130,263,filterLoc,,
5130,266,filterLoc,,
5130,269,filterLoc,,
5130,272,filterLoc,,
5130,275,filterLoc,,
5130,278,filterLoc,,
5130,281,filterLoc,,
5130,284,filterLoc,,
5130,287,filterLoc,,
5130,290,filterLoc,,
5130,293,filterLoc,,
5130,296,filterLoc,,
5130,299,filterLoc,,
5130,302,filterLoc,,
5130,305,filterLoc,,
5130,308,filterLoc,,
5130,311,filterLoc,,
5130,314,filterLoc,,
5130,317,filterLoc,,
5130,320,filterLoc,,;Evacuee;460;in triage category;G;is leaving helicopter;1
5130,323,filterLoc,,
5130,326,filterLoc,,
5130,329,filterLoc,,
5130,332,filterLoc,,
5130,335,filterLoc,,
5130,338,filterLoc,,
5130,341,filterLoc,,
5130,344,filterLoc,,
5130,347,filterLoc,,
5130,350,filterLoc,,
5130,353,filterLoc,,
5130,356,filterLoc,,
5130,359,filterLoc,,
5130,362,filterLoc,,
5130,365,filterLoc,,
5130,368,filterLoc,,
5130,371,filterLoc,,
5130,374,filterLoc,,
5130,377,filterLoc,,
5130,380,filterLoc,,
5130,383,filterLoc,,
5130,386,filterLoc,,
5130,389,filterLoc,,
5130,392,filterLoc,,
5130,395,filterLoc,,
5130,398,filterLoc,,
5130,401,filterLoc,,
5130,404,filterLoc,,
5130,407,filterLoc,,
5130,410,filterLoc,,
5130,413,filterLoc,,
5130,416,filterLoc,,
5130,419,filterLoc,,
5130,422,filterLoc,,
5130,425,filterLoc,,
5130,428,filterLoc,,
5130,431,filterLoc,,
5130,434,filterLoc,,
5130,437,filterLoc,,
5130,440,filterLoc,,
5130,443,filterLoc,,
5130,446,filterLoc,,
5130,449,filterLoc,,
5130,452,filterLoc,,
5130,455,filterLoc,,
5130,458,filterLoc,,
5130,461,filterLoc,,
5130,464,filterLoc,,
5130,467,filterLoc,,
5130,470,filterLoc,,
5130,473,filterLoc,,
5130,476,filterLoc,,
5130,479,filterLoc,,
5130,482,filterLoc,,
5130,485,filterLoc,,
5130,488,filterLoc,,
5130,491,filterLoc,,
5130,494,filterLoc,,
5130,497,filterLoc,,
5130,500,filterLoc,,
5130,503,filterLoc,,
5130,506,filterLoc,,
5130,509,filterLoc,,
5130,512,filterLoc,,
5130,515,filterLoc,,
5130,518,filterLoc,,
5130,521,filterLoc,,
5130,524,filterLoc,,
5130,527,filterLoc,,
5130,530,filterLoc,,
5130,533,filterLoc,,
5130,536,filterLoc,,
5130,539,filterLoc,,
5130,542,filterLoc,,
5130,545,filterLoc,,
5130,548,filterLoc,,
5130,551,filterLoc,,
5130,554,filterLoc,,
5130,557,filterLoc,,
5130,560,filterLoc,,
5130,563,filterLoc,,
5130,566,filterLoc,,
5130,569,filterLoc,,
5130,572,filterLoc,,
5130,575,filterLoc,,
5130,578,filterLoc,,
5130,581,filterLoc,,
5130,584,filterLoc,,
5130,587,filterLoc,,
5130,590,filterLoc,,
5130,593,filterLoc,,
5130,596,filterLoc,,
5130,599,filterLoc,,
5130,602,filterLoc,,
5130,605,filterLoc,,
5130,608,filterLoc,,
5130,611,filterLoc,,
5130,614,filterLoc,,
5130,617,filterLoc,,
5130,620,filterLoc,,
5130,623,filterLoc,,
5130,626,filterLoc,,
5130,629,filterLoc,,
5130,632,filterLoc,,
5130,635,filterLoc,,
5130,638,filterLoc,,
5130,641,filterLoc,,
5130,644,filterLoc,,
5130,647,filterLoc,,
5130,650,filterLoc,,
5130,653,filterLoc,,
5130,656,filterLoc,,
5130,659,filterLoc,,
5130,662,filterLoc,,
5130,665,filterLoc,,
5130,668,filterLoc,,
5130,671,filterLoc,,
5130,674,filterLoc,,;Evacuee;454;in triage category;R;is leaving helicopter;1
5130,677,filterLoc,,
5130,680,filterLoc,,
5130,683,filterLoc,,
5130,686,filterLoc,,
5130,689,filterLoc,,
5130,692,filterLoc,,
5130,695,filterLoc,,
5130,698,filterLoc,,
5130,701,filterLoc,,
5130,704,filterLoc,,
5130,707,filterLoc,,
5130,710,filterLoc,,
5130,713,filterLoc,,
5130,716,filterLoc,,
5130,719,filterLoc,,
5130,722,filterLoc,,
5130,725,filterLoc,,
5130,728,filterLoc,,
5130,731,filterLoc,,
5130,734,filterLoc,,
5130,737,filterLoc,,
5130,740,filterLoc,,
5130,743,filterLoc,,
5130,746,filterLoc,,
5130,749,filterLoc,,
5130,752,filterLoc,,
5130,755,filterLoc,,
5130,758,filterLoc,,
5130,761,filterLoc,,
5130,764,filterLoc,,
5130,767,filterLoc,,
5130,770,filterLoc,,
5130,773,filterLoc,,
5130,776,filterLoc,,
5130,779,filterLoc,,
5130,782,filterLoc,,
5130,785,filterLoc,,
5130,788,filterLoc,,
5130,791,filterLoc,,
5130,794,filterLoc,,
5130,797,filterLoc,,
5130,800,filterLoc,,
5130,803,filterLoc,,
5130,806,filterLoc,,
5130,809,filterLoc,,
5130,812,filterLoc,,
5130,815,filterLoc,,
5130,818,filterLoc,,
5130,821,filterLoc,,
5130,824,filterLoc,,
5130,827,filterLoc,,
5130,830,filterLoc,,
5130,833,filterLoc,,;Evacuee;453;in triage category;G;is leaving helicopter;1
5130,836,filterLoc,,
5130,839,filterLoc,,
5130,842,filterLoc,,
5130,845,filterLoc,,
5130,848,filterLoc,,
5130,851,filterLoc,,
5130,854,filterLoc,,
5130,857,filterLoc,,
5130,860,filterLoc,,
5130,863,filterLoc,,
5130,866,filterLoc,,
5130,869,filterLoc,,
5130,872,filterLoc,,
5130,875,filterLoc,,
5130,878,filterLoc,,
5130,881,filterLoc,,
5130,884,filterLoc,,
5130,887,filterLoc,,
5130,890,filterLoc,,
5130,893,filterLoc,,
5130,896,filterLoc,,
5130,899,filterLoc,,
5130,902,filterLoc,,
5130,905,filterLoc,,
5130,908,filterLoc,,
5130,911,filterLoc,,
5130,914,filterLoc,,
5130,917,filterLoc,,
5130,920,filterLoc,,
5130,923,filterLoc,,
5130,926,filterLoc,,
5130,929,filterLoc,,
5130,932,filterLoc,,
5130,935,filterLoc,,
5130,938,filterLoc,,
5130,941,filterLoc,,
5130,944,filterLoc,,
5130,947,filterLoc,,
5130,950,filterLoc,,
5130,953,filterLoc,,
5130,956,filterLoc,,
5130,959,filterLoc,,
5130,962,filterLoc,,
5130,965,filterLoc,,
5130,968,filterLoc,,
5130,971,filterLoc,,
5130,974,filterLoc,,
5130,977,filterLoc,,
5130,980,filterLoc,,
5130,983,filterLoc,,
5130,986,filterLoc,,
5130,989,filterLoc,,
5130,992,filterLoc,,
5130,995,filterLoc,,
5130,998,filterLoc,,
5130,1001,filterLoc,,
5130,1004,filterLoc,,
5130,1007,filterLoc,,
5130,1010,filterLoc,,
5130,1013,filterLoc,,
5130,1016,filterLoc,,
5130,1019,filterLoc,,
5130,1022,filterLoc,,
5130,1025,filterLoc,,
5130,1028,filterLoc,,
5130,1031,filterLoc,,
5130,1034,filterLoc,,
5130,1037,filterLoc,,
5130,1040,filterLoc,,
5130,1043,filterLoc,,
5130,1046,filterLoc,,
5130,1049,filterLoc,,
5130,1052,filterLoc,,
5130,1055,filterLoc,,
5130,1058,filterLoc,,
5130,1061,filterLoc,,
5130,1064,filterLoc,,
5130,1067,filterLoc,,
5130,1070,filterLoc,,
5130,1073,filterLoc,,
5130,1076,filterLoc,,
5130,1079,filterLoc,,
5130,1082,filterLoc,,
5130,1085,filterLoc,,
5130,1088,filterLoc,,
5130,1091,filterLoc,,
5130,1094,filterLoc,,
5130,1097,filterLoc,,
5130,1100,filterLoc,,
5130,1103,filterLoc,,
5130,1106,filterLoc,,
5130,1109,filterLoc,,
5130,1112,filterLoc,,
5130,1115,filterLoc,,
5130,1118,filterLoc,,
5130,1121,filterLoc,,
5130,1124,filterLoc,,
5130,1127,filterLoc,,
5130,1130,filterLoc,,
5130,1133,filterLoc,,
5130,1136,filterLoc,,
5130,1139,filterLoc,,
5130,1142,filterLoc,,
5130,1145,filterLoc,,
5130,1148,filterLoc,,
5130,1153,helicopter,outEvac,Evacuee 137 in triage category Y is not assigned a helicopter
5130,1153,helicopter,outEvac,Evacuee 453 in triage category G is not assigned a helicopter
5130,1153,helicopter,outEvac,Evacuee 454 in triage category R is not assigned a helicopter
5130,1153,helicopter,outEvac,Evacuee 460 in triage category G is not assigned a helicopter
5130,1153,helicopter,outEvac,Evacuee 467 in triage category G is not assigned a helicopter
5130,1153,helicopter,,Helicopter;1;is unloading people at the FOL;;and has;0;spots taken
5130,1155,filterLoc,,
5130,1158,filterLoc,,
5130,1161,filterLoc,,
5130,1164,filterLoc,,
5130,1167,filterLoc,,
5130,1170,filterLoc,,
5130,1173,filterLoc,,
5130,1176,filterLoc,,
5130,1179,filterLoc,,
5130,1182,filterLoc,,
5130,1185,filterLoc,,;Evacuee;137;in triage category;Y;is leaving helicopter;1
5130,1188,filterLoc,,
5130,1191,filterLoc,,
5130,1194,filterLoc,,
5130,1197,filterLoc,,
5130,1200,filterLoc,,
5130,1203,filterLoc,,
5130,1206,filterLoc,,
5130,1209,filterLoc,,
5130,1212,filterLoc,,
5130,1215,filterLoc,,
5130,1218,filterLoc,,
5130,1221,filterLoc,,
5130,1224,filterLoc,,
5130,1227,filterLoc,,
5130,1230,filterLoc,,
5130,1233,filterLoc,,
5130,1236,filterLoc,,
5130,1239,filterLoc,,
5130,1242,filterLoc,,
5130,1245,filterLoc,,
5130,1248,filterLoc,,
5130,1251,filterLoc,,
5130,1254,filterLoc,,
5130,1257,filterLoc,,
5130,1260,filterLoc,,
5130,1263,filterLoc,,
5130,1266,filterLoc,,
5130,1269,filterLoc,,
5130,1272,filterLoc,,
5130,1275,filterLoc,,
5130,1278,filterLoc,,
5130,1281,filterLoc,,
5130,1284,filterLoc,,
5130,1287,filterLoc,,
5130,1290,filterLoc,,
5130,1293,filterLoc,,
5130,1296,filterLoc,,
5130,1299,filterLoc,,
5130,1302,filterLoc,,
5130,1305,filterLoc,,
5130,1308,filterLoc,,
5130,1311,filterLoc,,
5130,1314,filterLoc,,
5130,1317,filterLoc,,
5130,1320,filterLoc,,
5130,1323,filterLoc,,
5130,1326,filterLoc,,
5130,1329,filterLoc,,
5130,1332,filterLoc,,
5130,1335,filterLoc,,
5130,1338,filterLoc,,
5130,1341,filterLoc,,
5130,1344,filterLoc,,
5130,1347,filterLoc,,
5130,1350,filterLoc,,
5130,1353,filterLoc,,
5130,1356,filterLoc,,
5130,1359,filterLoc,,
5130,1362,filterLoc,,
5130,1365,filterLoc,,
5130,1368,filterLoc,,
5130,1371,filterLoc,,
5130,1374,filterLoc,,
5130,1377,filterLoc,,
5130,1380,filterLoc,,
5130,1383,filterLoc,,
5130,1386,filterLoc,,
5130,1389,filterLoc,,
5130,1392,filterLoc,,
5130,1395,filterLoc,,
5130,1398,filterLoc,,
5130,1401,filterLoc,,
5130,1404,filterLoc,,
5130,1407,filterLoc,,
5130,1410,filterLoc,,
5130,1413,filterLoc,,
5130,1416,filterLoc,,
5130,1419,filterLoc,,
5130,1422,filterLoc,,
5130,1425,filterLoc,,
5130,1428,filterLoc,,
5130,1431,filterLoc,,
5130,1434,filterLoc,,
5130,1437,filterLoc,,
5130,1440,filterLoc,,
5130,1443,filterLoc,,
5130,1446,filterLoc,,
5130,1449,filterLoc,,
5130,1452,filterLoc,,
5130,1455,filterLoc,,
5130,1458,filterLoc,,
5130,1461,filterLoc,,
5130,1464,filterLoc,,
5130,1467,filterLoc,,
5130,1470,filterLoc,,
5130,1473,filterLoc,,
5130,1476,filterLoc,,
5130,1479,filterLoc,,
5130,1482,filterLoc,,
5130,1485,filterLoc,,
5130,1488,filterLoc,,
5130,1491,filterLoc,,
5130,1494,filterLoc,,;Evacuee;467;in triage category;G;is leaving helicopter;1
5130,1497,filterLoc,,
5130,1500,filterLoc,,
5130,1503,filterLoc,,
5130,1506,filterLoc,,
5130,1509,filterLoc,,
5130,320,filterLoc,out,Evacuee 460 in triage category G is not assigned a helicopter
5130,320,filterLoc,,
5130,321,evacuee,,Evacuee;460;in triage state;G;is entering the FOL
5130,674,filterLoc,out,Evacuee 454 in triage category R is not assigned a helicopter
5130,674,filterLoc,,
5130,675,evacuee,,Evacuee;454;in triage state;R;is entering the FOL
5130,833,filterLoc,out,Evacuee 453 in triage category G is not assigned a helicopter
5130,833,filterLoc,,
5130,834,evacuee,,Evacuee;453;in triage state;G;is entering the FOL
5130,1185,filterLoc,out,Evacuee 137 in triage category Y is not assigned a helicopter
5130,1185,filterLoc,,
5130,1186,evacuee,,Evacuee;137;in triage state;Y;is entering the FOL
5130,1494,filterLoc,out,Evacuee 467 in triage category G is not assigned a helicopter
5130,1494,filterLoc,,
5130,1495,evacuee,,Evacuee;467;in triage state;G;is entering the FOL
5130,219,FOL,,;EvacueeID;2;Triage Status;G;EvacueeID;6;Triage Status;G;EvacueeID;9;Triage Status;G;EvacueeID;12;Triage Status;G;EvacueeID;14;Triage Status;G;EvacueeID;16;Triage Status;G;EvacueeID;20;Triage Status;G;EvacueeID;22;Triage Status;G;EvacueeID;25;Triage Status;G;EvacueeID;27;Triage Status;G;EvacueeID;33;Triage Status;G;EvacueeID;35;Triage Status;G;EvacueeID;36;Triage Status;G;EvacueeID;40;Triage Status;G;EvacueeID;41;Triage Status;G;EvacueeID;44;Triage Status;G;EvacueeID;47;Triage Status;G;EvacueeID;52;Triage Status;G;EvacueeID;56;Triage Status;G;EvacueeID;59;Triage Status;G;EvacueeID;61;Triage Status;G;EvacueeID;63;Triage Status;G;EvacueeID;70;Triage Status;G;EvacueeID;71;Triage Status;G;EvacueeID;74;Triage Status;G;EvacueeID;76;Triage Status;G;EvacueeID;81;Triage Status;G;EvacueeID;83;Triage Status;G;EvacueeID;88;Triage Status;G;EvacueeID;90;Triage Status;G;EvacueeID;92;Triage Status;G;EvacueeID;93;Triage Status;G;EvacueeID;94;Triage Status;G;EvacueeID;96;Triage Status;G;EvacueeID;97;Triage Status;G;EvacueeID;102;Triage Status;G;EvacueeID;104;Triage Status;G;EvacueeID;106;Triage Status;G;EvacueeID;108;Triage Status;G;EvacueeID;109;Triage Status;G;EvacueeID;114;Triage Status;G;EvacueeID;116;Triage Status;G;EvacueeID;119;Triage Status;G;EvacueeID;120;Triage Status;G;EvacueeID;122;Triage Status;G;EvacueeID;125;Triage Status;G;EvacueeID;130;Triage Status;G;EvacueeID;136;Triage Status;G;EvacueeID;138;Triage Status;G;EvacueeID;139;Triage Status;G;EvacueeID;140;Triage Status;G;EvacueeID;143;Triage Status;G;EvacueeID;145;Triage Status;G;EvacueeID;146;Triage Status;G;EvacueeID;148;Triage Status;G;EvacueeID;150;Triage Status;G;EvacueeID;154;Triage Status;G;EvacueeID;155;Triage Status;G;EvacueeID;157;Triage Status;G;EvacueeID;160;Triage Status;G;EvacueeID;167;Triage Status;G;EvacueeID;168;Triage Status;G;EvacueeID;173;Triage Status;G;EvacueeID;175;Triage Status;G;EvacueeID;178;Triage Status;G;EvacueeID;188;Triage Status;G;EvacueeID;191;Triage Status;G;EvacueeID;193;Triage Status;G;EvacueeID;194;Triage Status;G;EvacueeID;195;Triage Status;G;EvacueeID;198;Triage Status;G;EvacueeID;214;Triage Status;G;EvacueeID;216;Triage Status;G;EvacueeID;219;Triage Status;G;EvacueeID;221;Triage Status;G;EvacueeID;247;Triage Status;G;EvacueeID;248;Triage Status;G;EvacueeID;249;Triage Status;G;EvacueeID;254;Triage Status;G;EvacueeID;265;Triage Status;G;EvacueeID;271;Triage Status;G;EvacueeID;283;Triage Status;G;EvacueeID;284;Triage Status;G;EvacueeID;285;Triage Status;G;EvacueeID;287;Triage Status;G;EvacueeID;289;Triage Status;G;EvacueeID;298;Triage Status;G;EvacueeID;304;Triage Status;G;EvacueeID;311;Triage Status;G;EvacueeID;314;Triage Status;G;EvacueeID;317;Triage Status;G;EvacueeID;318;Triage Status;G;EvacueeID;319;Triage Status;G;EvacueeID;321;Triage Status;G;EvacueeID;322;Triage Status;G;EvacueeID;334;Triage Status;G;EvacueeID;354;Triage Status;G;EvacueeID;357;Triage Status;G;EvacueeID;358;Triage Status;G;EvacueeID;360;Triage Status;G;EvacueeID;362;Triage Status;G;EvacueeID;363;Triage Status;G;EvacueeID;367;Triage Status;G;EvacueeID;376;Triage Status;G;EvacueeID;392;Triage Status;G;EvacueeID;393;Triage Status;G;EvacueeID;395;Triage Status;G;EvacueeID;396;Triage Status;G;EvacueeID;399;Triage Status;G;EvacueeID;412;Triage Status;G;EvacueeID;415;Triage Status;G;EvacueeID;425;Triage Status;G;EvacueeID;431;Triage Status;G;EvacueeID;439;Triage Status;G;EvacueeID;440;Triage Status;G;EvacueeID;441;Triage Status;G;EvacueeID;442;Triage Status;G;EvacueeID;445;Triage Status;G;EvacueeID;449;Triage Status;G;EvacueeID;451;Triage Status;G;EvacueeID;137;Triage Status;Y;EvacueeID;453;Triage Status;G;EvacueeID;454;Triage Status;R;EvacueeID;460;Triage Status;G;EvacueeID;467;Triage Status;G;Lives Saved;125
5130,321,evacuee,outFOL,Evacuee 460 in triage category G is not assigned a helicopter
5130,321,evacuee,,Evacuee;460;in triage state;G;is at the FOL
5130,675,evacuee,outFOL,Evacuee 454 in triage category R is not assigned a helicopter
5130,675,evacuee,,Evacuee;454;in triage state;R;is at the FOL
5130,834,evacuee,outFOL,Evacuee 453 in triage category G is not assigned a helicopter
5130,834,evacuee,,Evacuee;453;in triage state;G;is at the FOL
5130,1186,evacuee,outFOL,Evacuee 137 in triage category Y is not assigned a helicopter
5130,1186,evacuee,,Evacuee;137;in triage state;Y;is at the FOL
5130,1495,evacuee,outFOL,Evacuee 467 in triage category G is not assigned a helicopter
5130,1495,evacuee,,Evacuee;467;in triage state;G;is at the FOL
5130,219,FOL,,;EvacueeID;2;Triage Status;G;EvacueeID;6;Triage Status;G;EvacueeID;9;Triage Status;G;EvacueeID;12;Triage Status;G;EvacueeID;14;Triage Status;G;EvacueeID;16;Triage Status;G;EvacueeID;20;Triage Status;G;EvacueeID;22;Triage Status;G;EvacueeID;25;Triage Status;G;EvacueeID;27;Triage Status;G;EvacueeID;33;Triage Status;G;EvacueeID;35;Triage Status;G;EvacueeID;36;Triage Status;G;EvacueeID;40;Triage Status;G;EvacueeID;41;Triage Status;G;EvacueeID;44;Triage Status;G;EvacueeID;47;Triage Status;G;EvacueeID;52;Triage Status;G;EvacueeID;56;Triage Status;G;EvacueeID;59;Triage Status;G;EvacueeID;61;Triage Status;G;EvacueeID;63;Triage Status;G;EvacueeID;70;Triage Status;G;EvacueeID;71;Triage Status;G;EvacueeID;74;Triage Status;G;EvacueeID;76;Triage Status;G;EvacueeID;81;Triage Status;G;EvacueeID;83;Triage Status;G;EvacueeID;88;Triage Status;G;EvacueeID;90;Triage Status;G;EvacueeID;92;Triage Status;G;EvacueeID;93;Triage Status;G;EvacueeID;94;Triage Status;G;EvacueeID;96;Triage Status;G;EvacueeID;97;Triage Status;G;EvacueeID;102;Triage Status;G;EvacueeID;104;Triage Status;G;EvacueeID;106;Triage Status;G;EvacueeID;108;Triage Status;G;EvacueeID;109;Triage Status;G;EvacueeID;114;Triage Status;G;EvacueeID;116;Triage Status;G;EvacueeID;119;Triage Status;G;EvacueeID;120;Triage Status;G;EvacueeID;122;Triage Status;G;EvacueeID;125;Triage Status;G;EvacueeID;130;Triage Status;G;EvacueeID;136;Triage Status;G;EvacueeID;138;Triage Status;G;EvacueeID;139;Triage Status;G;EvacueeID;140;Triage Status;G;EvacueeID;143;Triage Status;G;EvacueeID;145;Triage Status;G;EvacueeID;146;Triage Status;G;EvacueeID;148;Triage Status;G;EvacueeID;150;Triage Status;G;EvacueeID;154;Triage Status;G;EvacueeID;155;Triage Status;G;EvacueeID;157;Triage Status;G;EvacueeID;160;Triage Status;G;EvacueeID;167;Triage Status;G;EvacueeID;168;Triage Status;G;EvacueeID;173;Triage Status;G;EvacueeID;175;Triage Status;G;EvacueeID;178;Triage Status;G;EvacueeID;188;Triage Status;G;EvacueeID;191;Triage Status;G;EvacueeID;193;Triage Status;G;EvacueeID;194;Triage Status;G;EvacueeID;195;Triage Status;G;EvacueeID;198;Triage Status;G;EvacueeID;214;Triage Status;G;EvacueeID;216;Triage Status;G;EvacueeID;219;Triage Status;G;EvacueeID;221;Triage Status;G;EvacueeID;247;Triage Status;G;EvacueeID;248;Triage Status;G;EvacueeID;249;Triage Status;G;EvacueeID;254;Triage Status;G;EvacueeID;265;Triage Status;G;EvacueeID;271;Triage Status;G;EvacueeID;283;Triage Status;G;EvacueeID;284;Triage Status;G;EvacueeID;285;Triage Status;G;EvacueeID;287;Triage Status;G;EvacueeID;289;Triage Status;G;EvacueeID;298;Triage Status;G;EvacueeID;304;Triage Status;G;EvacueeID;311;Triage Status;G;EvacueeID;314;Triage Status;G;EvacueeID;317;Triage Status;G;EvacueeID;318;Triage Status;G;EvacueeID;319;Triage Status;G;EvacueeID;321;Triage Status;G;EvacueeID;322;Triage Status;G;EvacueeID;334;Triage Status;G;EvacueeID;354;Triage Status;G;EvacueeID;357;Triage Status;G;EvacueeID;358;Triage Status;G;EvacueeID;360;Triage Status;G;EvacueeID;362;Triage Status;G;EvacueeID;363;Triage Status;G;EvacueeID;367;Triage Status;G;EvacueeID;376;Triage Status;G;EvacueeID;392;Triage Status;G;EvacueeID;393;Triage Status;G;EvacueeID;395;Triage Status;G;EvacueeID;396;Triage Status;G;EvacueeID;399;Triage Status;G;EvacueeID;412;Triage Status;G;EvacueeID;415;Triage Status;G;EvacueeID;425;Triage Status;G;EvacueeID;431;Triage Status;G;EvacueeID;439;Triage Status;G;EvacueeID;440;Triage Status;G;EvacueeID;441;Triage Status;G;EvacueeID;442;Triage Status;G;EvacueeID;445;Triage Status;G;EvacueeID;449;Triage Status;G;EvacueeID;451;Triage Status;G;EvacueeID;137;Triage Status;Y;EvacueeID;453;Triage Status;G;EvacueeID;454;Triage Status;R;EvacueeID;460;Triage Status;G;EvacueeID;467;Triage Status;G;Lives Saved;125
5145,1153,helicopter,,Helicopter;1;Is going to the evacuation site;;and has;0;spots taken
5153.14,3,evacueeManager,,OFF SHIP: White;0;Green;0;Yellow;6;Red;2;Black;367;ON SHIP: White;0;Green;0;Yellow;0;Red;0;Evacuees to Transfer;
5153.14,152,evacuee,outES,Evacuee 398 in triage category Y is not assigned a helicopter
5153.14,152,evacuee,,Evacuee;398;in triage state;R;is at the evacuation site
5172.25,3,evacueeManager,,OFF SHIP: White;0;Green;0;Yellow;5;Red;3;Black;367;ON SHIP: White;0;Green;0;Yellow;0;Red;0;Evacuees to Transfer;
5172.25,77,evacuee,outES,Evacuee 456 in triage category Y is not assigned a helicopter
5172.25,77,evacuee,,Evacuee;456;in triage state;R;is at the evacuation site
5217.23,3,evacueeManager,,OFF SHIP: White;0;Green;0;Yellow;5;Red;2;Black;368;ON SHIP: White;0;Green;0;Yellow;0;Red;0;Evacuees to Transfer;
5217.23,77,evacuee,outES,Evacuee 456 in triage category R is not assigned a helicopter
5217.23,77,evacuee,,Evacuee;456;in triage state;B;is at the evacuation site
5220,5,helicopterQueue,,1;Helos are waiting to land;HeloID;1
5220,1153,helicopter,outES,Helicopter 1 is evacuating people1
5220,1153,helicopter,,Helicopter;1;is waiting to land at the evacuation site;;and has;0;spots taken
5220,4,helipadManager,,;No helos are at ES
5220,5,helicopterQueue,outHM,Helicopter 1 is evacuating people1
5220,5,helicopterQueue,outHelo,Helicopter 1 is evacuating people1
5220,5,helicopterQueue,,;No helos are waiting to land
5220,1152,filterES,,Helicopter;1;is evacuating people
5220,3,evacueeManager,,OFF SHIP: White;0;Green;0;Yellow;4;Red;0;Black;368;ON SHIP: White;0;Green;0;Yellow;0;Red;0;Evacuees to Transfer;;EvacueeID;457;HeloID;1;OnShip;0;Triage Status;R;EvacueeID;398;HeloID;1;OnShip;0;Triage Status;R;EvacueeID;366;HeloID;1;OnShip;0;Triage Status;Y
5220,4,helipadManager,outEM,Helicopter 1 is evacuating people1
5220,4,helipadManager,,Helo;1;is at the ES
5220,1152,filterES,out,Helicopter 1 is evacuating people1
5220,1152,filterES,,
5220,1153,helicopter,,Helicopter;1;is waiting to land at the evacuation site;;and has;0;spots taken
5220,3,evacueeManager,outEvac,Evacuee 457 in triage category R is assigned helicopter 1
5220,3,evacueeManager,outEvac,Evacuee 398 in triage category R is assigned helicopter 1
5220,3,evacueeManager,outEvac,Evacuee 366 in triage category Y is assigned helicopter 1
5220,3,evacueeManager,,OFF SHIP: White;0;Green;0;Yellow;4;Red;0;Black;368;ON SHIP: White;0;Green;0;Yellow;0;Red;0;Evacuees to Transfer;
5220,7,filterLoc,,
5220,10,filterLoc,,
5220,13,filterLoc,,
5220,16,filterLoc,,
5220,19,filterLoc,,
5220,22,filterLoc,,
5220,25,filterLoc,,
5220,28,filterLoc,,
5220,31,filterLoc,,
5220,34,filterLoc,,
5220,37,filterLoc,,
5220,40,filterLoc,,
5220,43,filterLoc,,
5220,46,filterLoc,,
5220,49,filterLoc,,
5220,52,filterLoc,,
5220,55,filterLoc,,
5220,58,filterLoc,,
5220,61,filterLoc,,
5220,64,filterLoc,,
5220,67,filterLoc,,
5220,70,filterLoc,,
5220,73,filterLoc,,
5220,76,filterLoc,,
5220,79,filterLoc,,
5220,82,filterLoc,,
5220,85,filterLoc,,
5220,88,filterLoc,,
5220,91,filterLoc,,
5220,94,filterLoc,,
5220,97,filterLoc,,
5220,100,filterLoc,,
5220,103,filterLoc,,
5220,106,filterLoc,,
5220,109,filterLoc,,
5220,112,filterLoc,,
5220,115,filterLoc,,
5220,118,filterLoc,,
5220,121,filterLoc,,
5220,124,filterLoc,,
5220,127,filterLoc,,
5220,130,filterLoc,,
5220,133,filterLoc,,
5220,136,filterLoc,,
5220,139,filterLoc,,
5220,142,filterLoc,,
5220,145,filterLoc,,
5220,148,filterLoc,,
5220,151,filterLoc,,;Evacuee;398;in triage category;R;is entering helicopter;1
5220,154,filterLoc,,
5220,157,filterLoc,,
5220,160,filterLoc,,
5220,163,filterLoc,,
5220,166,filterLoc,,
5220,169,filterLoc,,
5220,172,filterLoc,,
5220,175,filterLoc,,
5220,178,filterLoc,,
5220,181,filterLoc,,
5220,184,filterLoc,,
5220,187,filterLoc,,
5220,190,filterLoc,,
5220,193,filterLoc,,
5220,196,filterLoc,,
5220,199,filterLoc,,
5220,202,filterLoc,,
5220,205,filterLoc,,
5220,208,filterLoc,,
5220,211,filterLoc,,
5220,214,filterLoc,,
5220,217,filterLoc,,
5220,221,filterLoc,,
5220,224,filterLoc,,;Evacuee;457;in triage category;R;is entering helicopter;1
5220,227,filterLoc,,
5220,230,filterLoc,,;Evacuee;366;in triage category;Y;is entering helicopter;1
5220,233,filterLoc,,
5220,236,filterLoc,,
5220,239,filterLoc,,
5220,242,filterLoc,,
5220,245,filterLoc,,
5220,248,filterLoc,,
5220,251,filterLoc,,
5220,254,filterLoc,,
5220,257,filterLoc,,
5220,260,filterLoc,,
5220,263,filterLoc,,
5220,266,filterLoc,,
5220,269,filterLoc,,
5220,272,filterLoc,,
5220,275,filterLoc,,
5220,278,filterLoc,,
5220,281,filterLoc,,
5220,284,filterLoc,,
5220,287,filterLoc,,
5220,290,filterLoc,,
5220,293,filterLoc,,
5220,296,filterLoc,,
5220,299,filterLoc,,
5220,302,filterLoc,,
5220,305,filterLoc,,
5220,308,filterLoc,,
5220,311,filterLoc,,
5220,314,filterLoc,,
5220,317,filterLoc,,
5220,320,filterLoc,,
5220,323,filterLoc,,
5220,326,filterLoc,,
5220,329,filterLoc,,
5220,332,filterLoc,,
5220,335,filterLoc,,
5220,338,filterLoc,,
5220,341,filterLoc,,
5220,344,filterLoc,,
5220,347,filterLoc,,
5220,350,filterLoc,,
5220,353,filterLoc,,
5220,356,filterLoc,,
5220,359,filterLoc,,
5220,362,filterLoc,,
5220,365,filterLoc,,
5220,368,filterLoc,,
5220,371,filterLoc,,
5220,374,filterLoc,,
5220,377,filterLoc,,
5220,380,filterLoc,,
5220,383,filterLoc,,
5220,386,filterLoc,,
5220,389,filterLoc,,
5220,392,filterLoc,,
5220,395,filterLoc,,
5220,398,filterLoc,,
5220,401,filterLoc,,
5220,404,filterLoc,,
5220,407,filterLoc,,
5220,410,filterLoc,,
5220,413,filterLoc,,
5220,416,filterLoc,,
5220,419,filterLoc,,
5220,422,filterLoc,,
5220,425,filterLoc,,
5220,428,filterLoc,,
5220,431,filterLoc,,
5220,434,filterLoc,,
5220,437,filterLoc,,
5220,440,filterLoc,,
5220,443,filterLoc,,
5220,446,filterLoc,,
5220,449,filterLoc,,
5220,452,filterLoc,,
5220,455,filterLoc,,
5220,458,filterLoc,,
5220,461,filterLoc,,
5220,464,filterLoc,,
5220,467,filterLoc,,
5220,470,filterLoc,,
5220,473,filterLoc,,
5220,476,filterLoc,,
5220,479,filterLoc,,
5220,482,filterLoc,,
5220,485,filterLoc,,
5220,488,filterLoc,,
5220,491,filterLoc,,
5220,494,filterLoc,,
5220,497,filterLoc,,
5220,500,filterLoc,,
5220,503,filterLoc,,
5220,506,filterLoc,,
5220,509,filterLoc,,
5220,512,filterLoc,,
5220,515,filterLoc,,
5220,518,filterLoc,,
5220,521,filterLoc,,
5220,524,filterLoc,,
5220,527,filterLoc,,
5220,530,filterLoc,,
5220,533,filterLoc,,
5220,536,filterLoc,,
5220,539,filterLoc,,
5220,542,filterLoc,,
5220,545,filterLoc,,
5220,548,filterLoc,,
5220,551,filterLoc,,
5220,554,filterLoc,,
5220,557,filterLoc,,
5220,560,filterLoc,,
5220,563,filterLoc,,
5220,566,filterLoc,,
5220,569,filterLoc,,
5220,572,filterLoc,,
5220,575,filterLoc,,
5220,578,filterLoc,,
5220,581,filterLoc,,
5220,584,filterLoc,,
5220,587,filterLoc,,
5220,590,filterLoc,,
5220,593,filterLoc,,
5220,596,filterLoc,,
5220,599,filterLoc,,
5220,602,filterLoc,,
5220,605,filterLoc,,
5220,608,filterLoc,,
5220,611,filterLoc,,
5220,614,filterLoc,,
5220,617,filterLoc,,
5220,620,filterLoc,,
5220,623,filterLoc,,
5220,626,filterLoc,,
5220,629,filterLoc,,
5220,632,filterLoc,,
5220,635,filterLoc,,
5220,638,filterLoc,,
5220,641,filterLoc,,
5220,644,filterLoc,,
5220,647,filterLoc,,
5220,650,filterLoc,,
5220,653,filterLoc,,
5220,656,filterLoc,,
5220,659,filterLoc,,
5220,662,filterLoc,,
5220,665,filterLoc,,
5220,668,filterLoc,,
5220,671,filterLoc,,
5220,674,filterLoc,,
5220,677,filterLoc,,
5220,680,filterLoc,,
5220,683,filterLoc,,
5220,686,filterLoc,,
5220,689,filterLoc,,
5220,692,filterLoc,,
5220,695,filterLoc,,
5220,698,filterLoc,,
5220,701,filterLoc,,
5220,704,filterLoc,,
5220,707,filterLoc,,
5220,710,filterLoc,,
5220,713,filterLoc,,
5220,716,filterLoc,,
5220,719,filterLoc,,
5220,722,filterLoc,,
5220,725,filterLoc,,
5220,728,filterLoc,,
5220,731,filterLoc,,
5220,734,filterLoc,,
5220,737,filterLoc,,
5220,740,filterLoc,,
5220,743,filterLoc,,
5220,746,filterLoc,,
5220,749,filterLoc,,
5220,752,filterLoc,,
5220,755,filterLoc,,
5220,758,filterLoc,,
5220,761,filterLoc,,
5220,764,filterLoc,,
5220,767,filterLoc,,
5220,770,filterLoc,,
5220,773,filterLoc,,
5220,776,filterLoc,,
5220,779,filterLoc,,
5220,782,filterLoc,,
5220,785,filterLoc,,
5220,788,filterLoc,,
5220,791,filterLoc,,
5220,794,filterLoc,,
5220,797,filterLoc,,
5220,800,filterLoc,,
5220,803,filterLoc,,
5220,806,filterLoc,,
5220,809,filterLoc,,
5220,812,filterLoc,,
5220,815,filterLoc,,
5220,818,filterLoc,,
5220,821,filterLoc,,
5220,824,filterLoc,,
5220,827,filterLoc,,
5220,830,filterLoc,,
5220,833,filterLoc,,
5220,836,filterLoc,,
5220,839,filterLoc,,
5220,842,filterLoc,,
5220,845,filterLoc,,
5220,848,filterLoc,,
5220,851,filterLoc,,
5220,854,filterLoc,,
5220,857,filterLoc,,
5220,860,filterLoc,,
5220,863,filterLoc,,
5220,866,filterLoc,,
5220,869,filterLoc,,
5220,872,filterLoc,,
5220,875,filterLoc,,
5220,878,filterLoc,,
5220,881,filterLoc,,
5220,884,filterLoc,,
5220,887,filterLoc,,
5220,890,filterLoc,,
5220,893,filterLoc,,
5220,896,filterLoc,,
5220,899,filterLoc,,
5220,902,filterLoc,,
5220,905,filterLoc,,
5220,908,filterLoc,,
5220,911,filterLoc,,
5220,914,filterLoc,,
5220,917,filterLoc,,
5220,920,filterLoc,,
5220,923,filterLoc,,
5220,926,filterLoc,,
5220,929,filterLoc,,
5220,932,filterLoc,,
5220,935,filterLoc,,
5220,938,filterLoc,,
5220,941,filterLoc,,
5220,944,filterLoc,,
5220,947,filterLoc,,
5220,950,filterLoc,,
5220,953,filterLoc,,
5220,956,filterLoc,,
5220,959,filterLoc,,
5220,962,filterLoc,,
5220,965,filterLoc,,
5220,968,filterLoc,,
5220,971,filterLoc,,
5220,974,filterLoc,,
5220,977,filterLoc,,
5220,980,filterLoc,,
5220,983,filterLoc,,
5220,986,filterLoc,,
5220,989,filterLoc,,
5220,992,filterLoc,,
5220,995,filterLoc,,
5220,998,filterLoc,,
5220,1001,filterLoc,,
5220,1004,filterLoc,,
5220,1007,filterLoc,,
5220,1010,filterLoc,,
5220,1013,filterLoc,,
5220,1016,filterLoc,,
5220,1019,filterLoc,,
5220,1022,filterLoc,,
5220,1025,filterLoc,,
5220,1028,filterLoc,,
5220,1031,filterLoc,,
5220,1034,filterLoc,,
5220,1037,filterLoc,,
5220,1040,filterLoc,,
5220,1043,filterLoc,,
5220,1046,filterLoc,,
5220,1049,filterLoc,,
5220,1052,filterLoc,,
5220,1055,filterLoc,,
5220,1058,filterLoc,,
5220,1061,filterLoc,,
5220,1064,filterLoc,,
5220,1067,filterLoc,,
5220,1070,filterLoc,,
5220,1073,filterLoc,,
5220,1076,filterLoc,,
5220,1079,filterLoc,,
5220,1082,filterLoc,,
5220,1085,filterLoc,,
5220,1088,filterLoc,,
5220,1091,filterLoc,,
5220,1094,filterLoc,,
5220,1097,filterLoc,,
5220,1100,filterLoc,,
5220,1103,filterLoc,,
5220,1106,filterLoc,,
5220,1109,filterLoc,,
5220,1112,filterLoc,,
5220,1115,filterLoc,,
5220,1118,filterLoc,,
5220,1121,filterLoc,,
5220,1124,filterLoc,,
5220,1127,filterLoc,,
5220,1130,filterLoc,,
5220,1133,filterLoc,,
5220,1136,filterLoc,,
5220,1139,filterLoc,,
5220,1142,filterLoc,,
5220,1145,filterLoc,,
5220,1148,filterLoc,,
5220,1153,helicopter,,Helicopter;1;is loading people at the evacuation site;;and has;0;spots taken
5220,1155,filterLoc,,
5220,1158,filterLoc,,
5220,1161,filterLoc,,
5220,1164,filterLoc,,
5220,1167,filterLoc,,
5220,1170,filterLoc,,
5220,1173,filterLoc,,
5220,1176,filterLoc,,
5220,1179,filterLoc,,
5220,1182,filterLoc,,
5220,1185,filterLoc,,
5220,1188,filterLoc,,
5220,1191,filterLoc,,
5220,1194,filterLoc,,
5220,1197,filterLoc,,
5220,1200,filterLoc,,
5220,1203,filterLoc,,
5220,1206,filterLoc,,
5220,1209,filterLoc,,
5220,1212,filterLoc,,
5220,1215,filterLoc,,
5220,1218,filterLoc,,
5220,1221,filterLoc,,
5220,1224,filterLoc,,
5220,1227,filterLoc,,
5220,1230,filterLoc,,
5220,1233,filterLoc,,
5220,1236,filterLoc,,
5220,1239,filterLoc,,
5220,1242,filterLoc,,
5220,1245,filterLoc,,
5220,1248,filterLoc,,
5220,1251,filterLoc,,
5220,1254,filterLoc,,
5220,1257,filterLoc,,
5220,1260,filterLoc,,
5220,1263,filterLoc,,
5220,1266,filterLoc,,
5220,1269,filterLoc,,
5220,1272,filterLoc,,
5220,1275,filterLoc,,
5220,1278,filterLoc,,
5220,1281,filterLoc,,
5220,1284,filterLoc,,
5220,1287,filterLoc,,
5220,1290,filterLoc,,
5220,1293,filterLoc,,
5220,1296,filterLoc,,
5220,1299,filterLoc,,
5220,1302,filterLoc,,
5220,1305,filterLoc,,
5220,1308,filterLoc,,
5220,1311,filterLoc,,
5220,1314,filterLoc,,
5220,1317,filterLoc,,
5220,1320,filterLoc,,
5220,1323,filterLoc,,
5220,1326,filterLoc,,
5220,1329,filterLoc,,
5220,1332,filterLoc,,
5220,1335,filterLoc,,
5220,1338,filterLoc,,
5220,1341,filterLoc,,
5220,1344,filterLoc,,
5220,1347,filterLoc,,
5220,1350,filterLoc,,
5220,1353,filterLoc,,
5220,1356,filterLoc,,
5220,1359,filterLoc,,
5220,1362,filterLoc,,
5220,1365,filterLoc,,
5220,1368,filterLoc,,
5220,1371,filterLoc,,
5220,1374,filterLoc,,
5220,1377,filterLoc,,
5220,1380,filterLoc,,
5220,1383,filterLoc,,
5220,1386,filterLoc,,
5220,1389,filterLoc,,
5220,1392,filterLoc,,
5220,1395,filterLoc,,
5220,1398,filterLoc,,
5220,1401,filterLoc,,
5220,1404,filterLoc,,
5220,1407,filterLoc,,
5220,1410,filterLoc,,
5220,1413,filterLoc,,
5220,1416,filterLoc,,
5220,1419,filterLoc,,
5220,1422,filterLoc,,
5220,1425,filterLoc,,
5220,1428,filterLoc,,
5220,1431,filterLoc,,
5220,1434,filterLoc,,
5220,1437,filterLoc,,
5220,1440,filterLoc,,
5220,1443,filterLoc,,
5220,1446,filterLoc,,
5220,1449,filterLoc,,
5220,1452,filterLoc,,
5220,1455,filterLoc,,
5220,1458,filterLoc,,
5220,1461,filterLoc,,
5220,1464,filterLoc,,
5220,1467,filterLoc,,
5220,1470,filterLoc,,
5220,1473,filterLoc,,
5220,1476,filterLoc,,
5220,1479,filterLoc,,
5220,1482,filterLoc,,
5220,1485,filterLoc,,
5220,1488,filterLoc,,
5220,1491,filterLoc,,
5220,1494,filterLoc,,
5220,1497,filterLoc,,
5220,1500,filterLoc,,
5220,1503,filterLoc,,
5220,1506,filterLoc,,
5220,1509,filterLoc,,
5220,151,filterLoc,out,Evacuee 398 in triage category R is assigned helicopter 1
5220,151,filterLoc,,
5220,152,evacuee,,Evacuee;398;in triage state;R;is entering helicopter;1
5220,224,filterLoc,out,Evacuee 457 in triage category R is assigned helicopter 1
5220,224,filterLoc,,
5220,225,evacuee,,Evacuee;457;in triage state;R;is entering helicopter;1
5220,230,filterLoc,out,Evacuee 366 in triage category Y is assigned helicopter 1
5220,230,filterLoc,,
5220,231,evacuee,,Evacuee;366;in triage state;Y;is entering helicopter;1
5220,152,evacuee,outHelo,Evacuee 398 in triage category R is assigned helicopter 1
5220,152,evacuee,,Evacuee;398;in triage state;R;is in helicopter;1
5220,225,evacuee,outHelo,Evacuee 457 in triage category R is assigned helicopter 1
5220,225,evacuee,,Evacuee;457;in triage state;R;is in helicopter;1
5220,231,evacuee,outHelo,Evacuee 366 in triage category Y is assigned helicopter 1
5220,231,evacuee,,Evacuee;366;in triage state;Y;is in helicopter;1
5220,1151,filterEvac,,;Evacuee;366;in triage category;Y;is entering helicopter;1;Evacuee;398;in triage category;R;is entering helicopter;1;Evacuee;457;in triage category;R;is entering helicopter;1
5220,1151,filterEvac,out,Evacuee 366 in triage category Y is assigned helicopter 1
5220,1151,filterEvac,out,Evacuee 398 in triage category R is assigned helicopter 1
5220,1151,filterEvac,out,Evacuee 457 in triage category R is assigned helicopter 1
5220,1151,filterEvac,,
5220,1153,helicopter,,Helicopter;1;is loading people at the evacuation site;;and has;9;spots taken
5235,4,helipadManager,outHelo,Helicopter 1 is evacuating people1
5235,4,helipadManager,,;No helos are at ES
5235,1152,filterES,,Helicopter;1;is evacuating people
5235,4,helipadManager,outHQ,0
5235,4,helipadManager,,;No helos are at ES
5235,5,helicopterQueue,,;No helos are waiting to land
5235,1152,filterES,out,Helicopter 1 is evacuating people1
5235,1152,filterES,,
5235,1153,helicopter,,Helicopter;1;is loading people at the evacuation site;;and has;9;spots taken
5235,5,helicopterQueue,,;No helos are waiting to land
5235,1153,helicopter,,Helicopter;1;is returning to the FOL;;and has;9;spots taken
5286.36,3,evacueeManager,,OFF SHIP: White;0;Green;0;Yellow;3;Red;1;Black;368;ON SHIP: White;0;Green;0;Yellow;0;Red;0;Evacuees to Transfer;
5286.36,1267,evacuee,outES,Evacuee 438 in triage category Y is not assigned a helicopter
5286.36,1267,evacuee,,Evacuee;438;in triage state;R;is at the evacuation site
5310,7,filterLoc,,
5310,10,filterLoc,,
5310,13,filterLoc,,
5310,16,filterLoc,,
5310,19,filterLoc,,
5310,22,filterLoc,,
5310,25,filterLoc,,
5310,28,filterLoc,,
5310,31,filterLoc,,
5310,34,filterLoc,,
5310,37,filterLoc,,
5310,40,filterLoc,,
5310,43,filterLoc,,
5310,46,filterLoc,,
5310,49,filterLoc,,
5310,52,filterLoc,,
5310,55,filterLoc,,
5310,58,filterLoc,,
5310,61,filterLoc,,
5310,64,filterLoc,,
5310,67,filterLoc,,
5310,70,filterLoc,,
5310,73,filterLoc,,
5310,76,filterLoc,,
5310,79,filterLoc,,
5310,82,filterLoc,,
5310,85,filterLoc,,
5310,88,filterLoc,,
5310,91,filterLoc,,
5310,94,filterLoc,,
5310,97,filterLoc,,
5310,100,filterLoc,,
5310,103,filterLoc,,
5310,106,filterLoc,,
5310,109,filterLoc,,
5310,112,filterLoc,,
5310,115,filterLoc,,
5310,118,filterLoc,,
5310,121,filterLoc,,
5310,124,filterLoc,,
5310,127,filterLoc,,
5310,130,filterLoc,,
5310,133,filterLoc,,
5310,136,filterLoc,,
5310,139,filterLoc,,
5310,142,filterLoc,,
5310,145,filterLoc,,
5310,148,filterLoc,,
5310,151,filterLoc,,;Evacuee;398;in triage category;R;is leaving helicopter;1
5310,154,filterLoc,,
5310,157,filterLoc,,
5310,160,filterLoc,,
5310,163,filterLoc,,
5310,166,filterLoc,,
5310,169,filterLoc,,
5310,172,filterLoc,,
5310,175,filterLoc,,
5310,178,filterLoc,,
5310,181,filterLoc,,
5310,184,filterLoc,,
5310,187,filterLoc,,
5310,190,filterLoc,,
5310,193,filterLoc,,
5310,196,filterLoc,,
5310,199,filterLoc,,
5310,202,filterLoc,,
5310,205,filterLoc,,
5310,208,filterLoc,,
5310,211,filterLoc,,
5310,214,filterLoc,,
5310,217,filterLoc,,
5310,221,filterLoc,,
5310,224,filterLoc,,;Evacuee;457;in triage category;R;is leaving helicopter;1
5310,227,filterLoc,,
5310,230,filterLoc,,;Evacuee;366;in triage category;Y;is leaving helicopter;1
5310,233,filterLoc,,
5310,236,filterLoc,,
5310,239,filterLoc,,
5310,242,filterLoc,,
5310,245,filterLoc,,
5310,248,filterLoc,,
5310,251,filterLoc,,
5310,254,filterLoc,,
5310,257,filterLoc,,
5310,260,filterLoc,,
5310,263,filterLoc,,
5310,266,filterLoc,,
5310,269,filterLoc,,
5310,272,filterLoc,,
5310,275,filterLoc,,
5310,278,filterLoc,,
5310,281,filterLoc,,
5310,284,filterLoc,,
5310,287,filterLoc,,
5310,290,filterLoc,,
5310,293,filterLoc,,
5310,296,filterLoc,,
5310,299,filterLoc,,
5310,302,filterLoc,,
5310,305,filterLoc,,
5310,308,filterLoc,,
5310,311,filterLoc,,
5310,314,filterLoc,,
5310,317,filterLoc,,
5310,320,filterLoc,,
5310,323,filterLoc,,
5310,326,filterLoc,,
5310,329,filterLoc,,
5310,332,filterLoc,,
5310,335,filterLoc,,
5310,338,filterLoc,,
5310,341,filterLoc,,
5310,344,filterLoc,,
5310,347,filterLoc,,
5310,350,filterLoc,,
5310,353,filterLoc,,
5310,356,filterLoc,,
5310,359,filterLoc,,
5310,362,filterLoc,,
5310,365,filterLoc,,
5310,368,filterLoc,,
5310,371,filterLoc,,
5310,374,filterLoc,,
5310,377,filterLoc,,
5310,380,filterLoc,,
5310,383,filterLoc,,
5310,386,filterLoc,,
5310,389,filterLoc,,
5310,392,filterLoc,,
5310,395,filterLoc,,
5310,398,filterLoc,,
5310,401,filterLoc,,
5310,404,filterLoc,,
5310,407,filterLoc,,
5310,410,filterLoc,,
5310,413,filterLoc,,
5310,416,filterLoc,,
5310,419,filterLoc,,
5310,422,filterLoc,,
5310,425,filterLoc,,
5310,428,filterLoc,,
5310,431,filterLoc,,
5310,434,filterLoc,,
5310,437,filterLoc,,
5310,440,filterLoc,,
5310,443,filterLoc,,
5310,446,filterLoc,,
5310,449,filterLoc,,
5310,452,filterLoc,,
5310,455,filterLoc,,
5310,458,filterLoc,,
5310,461,filterLoc,,
5310,464,filterLoc,,
5310,467,filterLoc,,
5310,470,filterLoc,,
5310,473,filterLoc,,
5310,476,filterLoc,,
5310,479,filterLoc,,
5310,482,filterLoc,,
5310,485,filterLoc,,
5310,488,filterLoc,,
5310,491,filterLoc,,
5310,494,filterLoc,,
5310,497,filterLoc,,
5310,500,filterLoc,,
5310,503,filterLoc,,
5310,506,filterLoc,,
5310,509,filterLoc,,
5310,512,filterLoc,,
5310,515,filterLoc,,
5310,518,filterLoc,,
5310,521,filterLoc,,
5310,524,filterLoc,,
5310,527,filterLoc,,
5310,530,filterLoc,,
5310,533,filterLoc,,
5310,536,filterLoc,,
5310,539,filterLoc,,
5310,542,filterLoc,,
5310,545,filterLoc,,
5310,548,filterLoc,,
5310,551,filterLoc,,
5310,554,filterLoc,,
5310,557,filterLoc,,
5310,560,filterLoc,,
5310,563,filterLoc,,
5310,566,filterLoc,,
5310,569,filterLoc,,
5310,572,filterLoc,,
5310,575,filterLoc,,
5310,578,filterLoc,,
5310,581,filterLoc,,
5310,584,filterLoc,,
5310,587,filterLoc,,
5310,590,filterLoc,,
5310,593,filterLoc,,
5310,596,filterLoc,,
5310,599,filterLoc,,
5310,602,filterLoc,,
5310,605,filterLoc,,
5310,608,filterLoc,,
5310,611,filterLoc,,
5310,614,filterLoc,,
5310,617,filterLoc,,
5310,620,filterLoc,,
5310,623,filterLoc,,
5310,626,filterLoc,,
5310,629,filterLoc,,
5310,632,filterLoc,,
5310,635,filterLoc,,
5310,638,filterLoc,,
5310,641,filterLoc,,
5310,644,filterLoc,,
5310,647,filterLoc,,
5310,650,filterLoc,,
5310,653,filterLoc,,
5310,656,filterLoc,,
5310,659,filterLoc,,
5310,662,filterLoc,,
5310,665,filterLoc,,
5310,668,filterLoc,,
5310,671,filterLoc,,
5310,674,filterLoc,,
5310,677,filterLoc,,
5310,680,filterLoc,,
5310,683,filterLoc,,
5310,686,filterLoc,,
5310,689,filterLoc,,
5310,692,filterLoc,,
5310,695,filterLoc,,
5310,698,filterLoc,,
5310,701,filterLoc,,
5310,704,filterLoc,,
5310,707,filterLoc,,
5310,710,filterLoc,,
5310,713,filterLoc,,
5310,716,filterLoc,,
5310,719,filterLoc,,
5310,722,filterLoc,,
5310,725,filterLoc,,
5310,728,filterLoc,,
5310,731,filterLoc,,
5310,734,filterLoc,,
5310,737,filterLoc,,
5310,740,filterLoc,,
5310,743,filterLoc,,
5310,746,filterLoc,,
5310,749,filterLoc,,
5310,752,filterLoc,,
5310,755,filterLoc,,
5310,758,filterLoc,,
5310,761,filterLoc,,
5310,764,filterLoc,,
5310,767,filterLoc,,
5310,770,filterLoc,,
5310,773,filterLoc,,
5310,776,filterLoc,,
5310,779,filterLoc,,
5310,782,filterLoc,,
5310,785,filterLoc,,
5310,788,filterLoc,,
5310,791,filterLoc,,
5310,794,filterLoc,,
5310,797,filterLoc,,
5310,800,filterLoc,,
5310,803,filterLoc,,
5310,806,filterLoc,,
5310,809,filterLoc,,
5310,812,filterLoc,,
5310,815,filterLoc,,
5310,818,filterLoc,,
5310,821,filterLoc,,
5310,824,filterLoc,,
5310,827,filterLoc,,
5310,830,filterLoc,,
5310,833,filterLoc,,
5310,836,filterLoc,,
5310,839,filterLoc,,
5310,842,filterLoc,,
5310,845,filterLoc,,
5310,848,filterLoc,,
5310,851,filterLoc,,
5310,854,filterLoc,,
5310,857,filterLoc,,
5310,860,filterLoc,,
5310,863,filterLoc,,
5310,866,filterLoc,,
5310,869,filterLoc,,
5310,872,filterLoc,,
5310,875,filterLoc,,
5310,878,filterLoc,,
5310,881,filterLoc,,
5310,884,filterLoc,,
5310,887,filterLoc,,
5310,890,filterLoc,,
5310,893,filterLoc,,
5310,896,filterLoc,,
5310,899,filterLoc,,
5310,902,filterLoc,,
5310,905,filterLoc,,
5310,908,filterLoc,,
5310,911,filterLoc,,
5310,914,filterLoc,,
5310,917,filterLoc,,
5310,920,filterLoc,,
5310,923,filterLoc,,
5310,926,filterLoc,,
5310,929,filterLoc,,
5310,932,filterLoc,,
5310,935,filterLoc,,
5310,938,filterLoc,,
5310,941,filterLoc,,
5310,944,filterLoc,,
5310,947,filterLoc,,
5310,950,filterLoc,,
5310,953,filterLoc,,
5310,956,filterLoc,,
5310,959,filterLoc,,
5310,962,filterLoc,,
5310,965,filterLoc,,
5310,968,filterLoc,,
5310,971,filterLoc,,
5310,974,filterLoc,,
5310,977,filterLoc,,
5310,980,filterLoc,,
5310,983,filterLoc,,
5310,986,filterLoc,,
5310,989,filterLoc,,
5310,992,filterLoc,,
5310,995,filterLoc,,
5310,998,filterLoc,,
5310,1001,filterLoc,,
5310,1004,filterLoc,,
5310,1007,filterLoc,,
5310,1010,filterLoc,,
5310,1013,filterLoc,,
5310,1016,filterLoc,,
5310,1019,filterLoc,,
5310,1022,filterLoc,,
5310,1025,filterLoc,,
5310,1028,filterLoc,,
5310,1031,filterLoc,,
5310,1034,filterLoc,,
5310,1037,filterLoc,,
5310,1040,filterLoc,,
5310,1043,filterLoc,,
5310,1046,filterLoc,,
5310,1049,filterLoc,,
5310,1052,filterLoc,,
5310,1055,filterLoc,,
5310,1058,filterLoc,,
5310,1061,filterLoc,,
5310,1064,filterLoc,,
5310,1067,filterLoc,,
5310,1070,filterLoc,,
5310,1073,filterLoc,,
5310,1076,filterLoc,,
5310,1079,filterLoc,,
5310,1082,filterLoc,,
5310,1085,filterLoc,,
5310,1088,filterLoc,,
5310,1091,filterLoc,,
5310,1094,filterLoc,,
5310,1097,filterLoc,,
5310,1100,filterLoc,,
5310,1103,filterLoc,,
5310,1106,filterLoc,,
5310,1109,filterLoc,,
5310,1112,filterLoc,,
5310,1115,filterLoc,,
5310,1118,filterLoc,,
5310,1121,filterLoc,,
5310,1124,filterLoc,,
5310,1127,filterLoc,,
5310,1130,filterLoc,,
5310,1133,filterLoc,,
5310,1136,filterLoc,,
5310,1139,filterLoc,,
5310,1142,filterLoc,,
5310,1145,filterLoc,,
5310,1148,filterLoc,,
5310,1153,helicopter,outEvac,Evacuee 366 in triage category Y is not assigned a helicopter
5310,1153,helicopter,outEvac,Evacuee 398 in triage category R is not assigned a helicopter
5310,1153,helicopter,outEvac,Evacuee 457 in triage category R is not assigned a helicopter
5310,1153,helicopter,,Helicopter;1;is unloading people at the FOL;;and has;0;spots taken
5310,1155,filterLoc,,
5310,1158,filterLoc,,
5310,1161,filterLoc,,
5310,1164,filterLoc,,
5310,1167,filterLoc,,
5310,1170,filterLoc,,
5310,1173,filterLoc,,
5310,1176,filterLoc,,
5310,1179,filterLoc,,
5310,1182,filterLoc,,
5310,1185,filterLoc,,
5310,1188,filterLoc,,
5310,1191,filterLoc,,
5310,1194,filterLoc,,
5310,1197,filterLoc,,
5310,1200,filterLoc,,
5310,1203,filterLoc,,
5310,1206,filterLoc,,
5310,1209,filterLoc,,
5310,1212,filterLoc,,
5310,1215,filterLoc,,
5310,1218,filterLoc,,
5310,1221,filterLoc,,
5310,1224,filterLoc,,
5310,1227,filterLoc,,
5310,1230,filterLoc,,
5310,1233,filterLoc,,
5310,1236,filterLoc,,
5310,1239,filterLoc,,
5310,1242,filterLoc,,
5310,1245,filterLoc,,
5310,1248,filterLoc,,
5310,1251,filterLoc,,
5310,1254,filterLoc,,
5310,1257,filterLoc,,
5310,1260,filterLoc,,
5310,1263,filterLoc,,
5310,1266,filterLoc,,
5310,1269,filterLoc,,
5310,1272,filterLoc,,
5310,1275,filterLoc,,
5310,1278,filterLoc,,
5310,1281,filterLoc,,
5310,1284,filterLoc,,
5310,1287,filterLoc,,
5310,1290,filterLoc,,
5310,1293,filterLoc,,
5310,1296,filterLoc,,
5310,1299,filterLoc,,
5310,1302,filterLoc,,
5310,1305,filterLoc,,
5310,1308,filterLoc,,
5310,1311,filterLoc,,
5310,1314,filterLoc,,
5310,1317,filterLoc,,
5310,1320,filterLoc,,
5310,1323,filterLoc,,
5310,1326,filterLoc,,
5310,1329,filterLoc,,
5310,1332,filterLoc,,
5310,1335,filterLoc,,
5310,1338,filterLoc,,
5310,1341,filterLoc,,
5310,1344,filterLoc,,
5310,1347,filterLoc,,
5310,1350,filterLoc,,
5310,1353,filterLoc,,
5310,1356,filterLoc,,
5310,1359,filterLoc,,
5310,1362,filterLoc,,
5310,1365,filterLoc,,
5310,1368,filterLoc,,
5310,1371,filterLoc,,
5310,1374,filterLoc,,
5310,1377,filterLoc,,
5310,1380,filterLoc,,
5310,1383,filterLoc,,
5310,1386,filterLoc,,
5310,1389,filterLoc,,
5310,1392,filterLoc,,
5310,1395,filterLoc,,
5310,1398,filterLoc,,
5310,1401,filterLoc,,
5310,1404,filterLoc,,
5310,1407,filterLoc,,
5310,1410,filterLoc,,
5310,1413,filterLoc,,
5310,1416,filterLoc,,
5310,1419,filterLoc,,
5310,1422,filterLoc,,
5310,1425,filterLoc,,
5310,1428,filterLoc,,
5310,1431,filterLoc,,
5310,1434,filterLoc,,
5310,1437,filterLoc,,
5310,1440,filterLoc,,
5310,1443,filterLoc,,
5310,1446,filterLoc,,
5310,1449,filterLoc,,
5310,1452,filterLoc,,
5310,1455,filterLoc,,
5310,1458,filterLoc,,
5310,1461,filterLoc,,
5310,1464,filterLoc,,
5310,1467,filterLoc,,
5310,1470,filterLoc,,
5310,1473,filterLoc,,
5310,1476,filterLoc,,
5310,1479,filterLoc,,
5310,1482,filterLoc,,
5310,1485,filterLoc,,
5310,1488,filterLoc,,
5310,1491,filterLoc,,
5310,1494,filterLoc,,
5310,1497,filterLoc,,
5310,1500,filterLoc,,
5310,1503,filterLoc,,
5310,1506,filterLoc,,
5310,1509,filterLoc,,
5310,151,filterLoc,out,Evacuee 398 in triage category R is not assigned a helicopter
5310,151,filterLoc,,
5310,152,evacuee,,Evacuee;398;in triage state;R;is entering the FOL
5310,224,filterLoc,out,Evacuee 457 in triage category R is not assigned a helicopter
5310,224,filterLoc,,
5310,225,evacuee,,Evacuee;457;in triage state;R;is entering the FOL
5310,230,filterLoc,out,Evacuee 366 in triage category Y is not assigned a helicopter
5310,230,filterLoc,,
5310,231,evacuee,,Evacuee;366;in triage state;Y;is entering the FOL
5310,152,evacuee,outFOL,Evacuee 398 in triage category R is not assigned a helicopter
5310,152,evacuee,,Evacuee;398;in triage state;R;is at the FOL
5310,219,FOL,,;EvacueeID;2;Triage Status;G;EvacueeID;6;Triage Status;G;EvacueeID;9;Triage Status;G;EvacueeID;12;Triage Status;G;EvacueeID;14;Triage Status;G;EvacueeID;16;Triage Status;G;EvacueeID;20;Triage Status;G;EvacueeID;22;Triage Status;G;EvacueeID;25;Triage Status;G;EvacueeID;27;Triage Status;G;EvacueeID;33;Triage Status;G;EvacueeID;35;Triage Status;G;EvacueeID;36;Triage Status;G;EvacueeID;40;Triage Status;G;EvacueeID;41;Triage Status;G;EvacueeID;44;Triage Status;G;EvacueeID;47;Triage Status;G;EvacueeID;52;Triage Status;G;EvacueeID;56;Triage Status;G;EvacueeID;59;Triage Status;G;EvacueeID;61;Triage Status;G;EvacueeID;63;Triage Status;G;EvacueeID;70;Triage Status;G;EvacueeID;71;Triage Status;G;EvacueeID;74;Triage Status;G;EvacueeID;76;Triage Status;G;EvacueeID;81;Triage Status;G;EvacueeID;83;Triage Status;G;EvacueeID;88;Triage Status;G;EvacueeID;90;Triage Status;G;EvacueeID;92;Triage Status;G;EvacueeID;93;Triage Status;G;EvacueeID;94;Triage Status;G;EvacueeID;96;Triage Status;G;EvacueeID;97;Triage Status;G;EvacueeID;102;Triage Status;G;EvacueeID;104;Triage Status;G;EvacueeID;106;Triage Status;G;EvacueeID;108;Triage Status;G;EvacueeID;109;Triage Status;G;EvacueeID;114;Triage Status;G;EvacueeID;116;Triage Status;G;EvacueeID;119;Triage Status;G;EvacueeID;120;Triage Status;G;EvacueeID;122;Triage Status;G;EvacueeID;125;Triage Status;G;EvacueeID;130;Triage Status;G;EvacueeID;136;Triage Status;G;EvacueeID;138;Triage Status;G;EvacueeID;139;Triage Status;G;EvacueeID;140;Triage Status;G;EvacueeID;143;Triage Status;G;EvacueeID;145;Triage Status;G;EvacueeID;146;Triage Status;G;EvacueeID;148;Triage Status;G;EvacueeID;150;Triage Status;G;EvacueeID;154;Triage Status;G;EvacueeID;155;Triage Status;G;EvacueeID;157;Triage Status;G;EvacueeID;160;Triage Status;G;EvacueeID;167;Triage Status;G;EvacueeID;168;Triage Status;G;EvacueeID;173;Triage Status;G;EvacueeID;175;Triage Status;G;EvacueeID;178;Triage Status;G;EvacueeID;188;Triage Status;G;EvacueeID;191;Triage Status;G;EvacueeID;193;Triage Status;G;EvacueeID;194;Triage Status;G;EvacueeID;195;Triage Status;G;EvacueeID;198;Triage Status;G;EvacueeID;214;Triage Status;G;EvacueeID;216;Triage Status;G;EvacueeID;219;Triage Status;G;EvacueeID;221;Triage Status;G;EvacueeID;247;Triage Status;G;EvacueeID;248;Triage Status;G;EvacueeID;249;Triage Status;G;EvacueeID;254;Triage Status;G;EvacueeID;265;Triage Status;G;EvacueeID;271;Triage Status;G;EvacueeID;283;Triage Status;G;EvacueeID;284;Triage Status;G;EvacueeID;285;Triage Status;G;EvacueeID;287;Triage Status;G;EvacueeID;289;Triage Status;G;EvacueeID;298;Triage Status;G;EvacueeID;304;Triage Status;G;EvacueeID;311;Triage Status;G;EvacueeID;314;Triage Status;G;EvacueeID;317;Triage Status;G;EvacueeID;318;Triage Status;G;EvacueeID;319;Triage Status;G;EvacueeID;321;Triage Status;G;EvacueeID;322;Triage Status;G;EvacueeID;334;Triage Status;G;EvacueeID;354;Triage Status;G;EvacueeID;357;Triage Status;G;EvacueeID;358;Triage Status;G;EvacueeID;360;Triage Status;G;EvacueeID;362;Triage Status;G;EvacueeID;363;Triage Status;G;EvacueeID;367;Triage Status;G;EvacueeID;376;Triage Status;G;EvacueeID;392;Triage Status;G;EvacueeID;393;Triage Status;G;EvacueeID;395;Triage Status;G;EvacueeID;396;Triage Status;G;EvacueeID;399;Triage Status;G;EvacueeID;412;Triage Status;G;EvacueeID;415;Triage Status;G;EvacueeID;425;Triage Status;G;EvacueeID;431;Triage Status;G;EvacueeID;439;Triage Status;G;EvacueeID;440;Triage Status;G;EvacueeID;441;Triage Status;G;EvacueeID;442;Triage Status;G;EvacueeID;445;Triage Status;G;EvacueeID;449;Triage Status;G;EvacueeID;451;Triage Status;G;EvacueeID;137;Triage Status;Y;EvacueeID;453;Triage Status;G;EvacueeID;454;Triage Status;R;EvacueeID;460;Triage Status;G;EvacueeID;467;Triage Status;G;EvacueeID;366;Triage Status;Y;EvacueeID;398;Triage Status;R;EvacueeID;457;Triage Status;R;Lives Saved;128
5310,225,evacuee,outFOL,Evacuee 457 in triage category R is not assigned a helicopter
5310,225,evacuee,,Evacuee;457;in triage state;R;is at the FOL
5310,231,evacuee,outFOL,Evacuee 366 in triage category Y is not assigned a helicopter
5310,231,evacuee,,Evacuee;366;in triage state;Y;is at the FOL
5310,219,FOL,,;EvacueeID;2;Triage Status;G;EvacueeID;6;Triage Status;G;EvacueeID;9;Triage Status;G;EvacueeID;12;Triage Status;G;EvacueeID;14;Triage Status;G;EvacueeID;16;Triage Status;G;EvacueeID;20;Triage Status;G;EvacueeID;22;Triage Status;G;EvacueeID;25;Triage Status;G;EvacueeID;27;Triage Status;G;EvacueeID;33;Triage Status;G;EvacueeID;35;Triage Status;G;EvacueeID;36;Triage Status;G;EvacueeID;40;Triage Status;G;EvacueeID;41;Triage Status;G;EvacueeID;44;Triage Status;G;EvacueeID;47;Triage Status;G;EvacueeID;52;Triage Status;G;EvacueeID;56;Triage Status;G;EvacueeID;59;Triage Status;G;EvacueeID;61;Triage Status;G;EvacueeID;63;Triage Status;G;EvacueeID;70;Triage Status;G;EvacueeID;71;Triage Status;G;EvacueeID;74;Triage Status;G;EvacueeID;76;Triage Status;G;EvacueeID;81;Triage Status;G;EvacueeID;83;Triage Status;G;EvacueeID;88;Triage Status;G;EvacueeID;90;Triage Status;G;EvacueeID;92;Triage Status;G;EvacueeID;93;Triage Status;G;EvacueeID;94;Triage Status;G;EvacueeID;96;Triage Status;G;EvacueeID;97;Triage Status;G;EvacueeID;102;Triage Status;G;EvacueeID;104;Triage Status;G;EvacueeID;106;Triage Status;G;EvacueeID;108;Triage Status;G;EvacueeID;109;Triage Status;G;EvacueeID;114;Triage Status;G;EvacueeID;116;Triage Status;G;EvacueeID;119;Triage Status;G;EvacueeID;120;Triage Status;G;EvacueeID;122;Triage Status;G;EvacueeID;125;Triage Status;G;EvacueeID;130;Triage Status;G;EvacueeID;136;Triage Status;G;EvacueeID;138;Triage Status;G;EvacueeID;139;Triage Status;G;EvacueeID;140;Triage Status;G;EvacueeID;143;Triage Status;G;EvacueeID;145;Triage Status;G;EvacueeID;146;Triage Status;G;EvacueeID;148;Triage Status;G;EvacueeID;150;Triage Status;G;EvacueeID;154;Triage Status;G;EvacueeID;155;Triage Status;G;EvacueeID;157;Triage Status;G;EvacueeID;160;Triage Status;G;EvacueeID;167;Triage Status;G;EvacueeID;168;Triage Status;G;EvacueeID;173;Triage Status;G;EvacueeID;175;Triage Status;G;EvacueeID;178;Triage Status;G;EvacueeID;188;Triage Status;G;EvacueeID;191;Triage Status;G;EvacueeID;193;Triage Status;G;EvacueeID;194;Triage Status;G;EvacueeID;195;Triage Status;G;EvacueeID;198;Triage Status;G;EvacueeID;214;Triage Status;G;EvacueeID;216;Triage Status;G;EvacueeID;219;Triage Status;G;EvacueeID;221;Triage Status;G;EvacueeID;247;Triage Status;G;EvacueeID;248;Triage Status;G;EvacueeID;249;Triage Status;G;EvacueeID;254;Triage Status;G;EvacueeID;265;Triage Status;G;EvacueeID;271;Triage Status;G;EvacueeID;283;Triage Status;G;EvacueeID;284;Triage Status;G;EvacueeID;285;Triage Status;G;EvacueeID;287;Triage Status;G;EvacueeID;289;Triage Status;G;EvacueeID;298;Triage Status;G;EvacueeID;304;Triage Status;G;EvacueeID;311;Triage Status;G;EvacueeID;314;Triage Status;G;EvacueeID;317;Triage Status;G;EvacueeID;318;Triage Status;G;EvacueeID;319;Triage Status;G;EvacueeID;321;Triage Status;G;EvacueeID;322;Triage Status;G;EvacueeID;334;Triage Status;G;EvacueeID;354;Triage Status;G;EvacueeID;357;Triage Status;G;EvacueeID;358;Triage Status;G;EvacueeID;360;Triage Status;G;EvacueeID;362;Triage Status;G;EvacueeID;363;Triage Status;G;EvacueeID;367;Triage Status;G;EvacueeID;376;Triage Status;G;EvacueeID;392;Triage Status;G;EvacueeID;393;Triage Status;G;EvacueeID;395;Triage Status;G;EvacueeID;396;Triage Status;G;EvacueeID;399;Triage Status;G;EvacueeID;412;Triage Status;G;EvacueeID;415;Triage Status;G;EvacueeID;425;Triage Status;G;EvacueeID;431;Triage Status;G;EvacueeID;439;Triage Status;G;EvacueeID;440;Triage Status;G;EvacueeID;441;Triage Status;G;EvacueeID;442;Triage Status;G;EvacueeID;445;Triage Status;G;EvacueeID;449;Triage Status;G;EvacueeID;451;Triage Status;G;EvacueeID;137;Triage Status;Y;EvacueeID;453;Triage Status;G;EvacueeID;454;Triage Status;R;EvacueeID;460;Triage Status;G;EvacueeID;467;Triage Status;G;EvacueeID;366;Triage Status;Y;EvacueeID;398;Triage Status;R;EvacueeID;457;Triage Status;R;Lives Saved;128
5325,1153,helicopter,,Helicopter;1;Is going to the evacuation site;;and has;0;spots taken
5337.96,3,evacueeManager,,OFF SHIP: White;0;Green;0;Yellow;3;Red;0;Black;369;ON SHIP: White;0;Green;0;Yellow;0;Red;0;Evacuees to Transfer;
5337.96,1267,evacuee,outES,Evacuee 438 in triage category R is not assigned a helicopter
5337.96,1267,evacuee,,Evacuee;438;in triage state;B;is at the evacuation site
5354.5,3,evacueeManager,,OFF SHIP: White;0;Green;0;Yellow;2;Red;1;Black;369;ON SHIP: White;0;Green;0;Yellow;0;Red;0;Evacuees to Transfer;
5354.5,83,evacuee,outES,Evacuee 448 in triage category Y is not assigned a helicopter
5354.5,83,evacuee,,Evacuee;448;in triage state;R;is at the evacuation site
5400,5,helicopterQueue,,1;Helos are waiting to land;HeloID;1
5400,1153,helicopter,outES,Helicopter 1 is evacuating people1
5400,1153,helicopter,,Helicopter;1;is waiting to land at the evacuation site;;and has;0;spots taken
5400,4,helipadManager,,;No helos are at ES
5400,5,helicopterQueue,outHM,Helicopter 1 is evacuating people1
5400,5,helicopterQueue,outHelo,Helicopter 1 is evacuating people1
5400,5,helicopterQueue,,;No helos are waiting to land
5400,1152,filterES,,Helicopter;1;is evacuating people
5400,3,evacueeManager,,OFF SHIP: White;0;Green;0;Yellow;0;Red;0;Black;369;ON SHIP: White;0;Green;0;Yellow;0;Red;0;Evacuees to Transfer;;EvacueeID;448;HeloID;1;OnShip;0;Triage Status;R;EvacueeID;373;HeloID;1;OnShip;0;Triage Status;Y;EvacueeID;452;HeloID;1;OnShip;0;Triage Status;Y
5400,4,helipadManager,outEM,Helicopter 1 is evacuating people1
5400,4,helipadManager,,Helo;1;is at the ES
5400,1152,filterES,out,Helicopter 1 is evacuating people1
5400,1152,filterES,,
5400,1153,helicopter,,Helicopter;1;is waiting to land at the evacuation site;;and has;0;spots taken
5400,2,coastGuardShip,,The ship will arrive in 168 hours.
5400,3,evacueeManager,outEvac,Evacuee 448 in triage category R is assigned helicopter 1
5400,3,evacueeManager,outEvac,Evacuee 373 in triage category Y is assigned helicopter 1
5400,3,evacueeManager,outEvac,Evacuee 452 in triage category Y is assigned helicopter 1
5400,3,evacueeManager,outHM,1
5400,3,evacueeManager,outCGS,1
5400,3,evacueeManager,,OFF SHIP: White;0;Green;0;Yellow;0;Red;0;Black;369;ON SHIP: White;0;Green;0;Yellow;0;Red;0;Evacuees to Transfer;
5400,4,helipadManager,,Helo;1;is at the ES;Stopped evacuating people
5400,7,filterLoc,,
5400,10,filterLoc,,
5400,13,filterLoc,,
5400,16,filterLoc,,
5400,19,filterLoc,,
5400,22,filterLoc,,
5400,25,filterLoc,,
5400,28,filterLoc,,
5400,31,filterLoc,,
5400,34,filterLoc,,
5400,37,filterLoc,,
5400,40,filterLoc,,
5400,43,filterLoc,,
5400,46,filterLoc,,
5400,49,filterLoc,,
5400,52,filterLoc,,
5400,55,filterLoc,,
5400,58,filterLoc,,
5400,61,filterLoc,,
5400,64,filterLoc,,
5400,67,filterLoc,,
5400,70,filterLoc,,
5400,73,filterLoc,,
5400,76,filterLoc,,
5400,79,filterLoc,,
5400,82,filterLoc,,;Evacuee;448;in triage category;R;is entering helicopter;1
5400,85,filterLoc,,
5400,88,filterLoc,,
5400,91,filterLoc,,
5400,94,filterLoc,,
5400,97,filterLoc,,
5400,100,filterLoc,,
5400,103,filterLoc,,
5400,106,filterLoc,,
5400,109,filterLoc,,
5400,112,filterLoc,,
5400,115,filterLoc,,
5400,118,filterLoc,,
5400,121,filterLoc,,
5400,124,filterLoc,,
5400,127,filterLoc,,
5400,130,filterLoc,,
5400,133,filterLoc,,
5400,136,filterLoc,,
5400,139,filterLoc,,
5400,142,filterLoc,,
5400,145,filterLoc,,
5400,148,filterLoc,,
5400,151,filterLoc,,
5400,154,filterLoc,,
5400,157,filterLoc,,;Evacuee;452;in triage category;Y;is entering helicopter;1
5400,160,filterLoc,,
5400,163,filterLoc,,
5400,166,filterLoc,,
5400,169,filterLoc,,
5400,172,filterLoc,,
5400,175,filterLoc,,
5400,178,filterLoc,,
5400,181,filterLoc,,
5400,184,filterLoc,,
5400,187,filterLoc,,
5400,190,filterLoc,,
5400,193,filterLoc,,
5400,196,filterLoc,,
5400,199,filterLoc,,
5400,202,filterLoc,,
5400,205,filterLoc,,
5400,208,filterLoc,,
5400,211,filterLoc,,
5400,214,filterLoc,,
5400,217,filterLoc,,
5400,221,filterLoc,,
5400,224,filterLoc,,
5400,227,filterLoc,,
5400,230,filterLoc,,
5400,233,filterLoc,,
5400,236,filterLoc,,
5400,239,filterLoc,,
5400,242,filterLoc,,
5400,245,filterLoc,,
5400,248,filterLoc,,
5400,251,filterLoc,,
5400,254,filterLoc,,
5400,257,filterLoc,,
5400,260,filterLoc,,
5400,263,filterLoc,,
5400,266,filterLoc,,
5400,269,filterLoc,,
5400,272,filterLoc,,
5400,275,filterLoc,,
5400,278,filterLoc,,
5400,281,filterLoc,,
5400,284,filterLoc,,
5400,287,filterLoc,,
5400,290,filterLoc,,
5400,293,filterLoc,,
5400,296,filterLoc,,
5400,299,filterLoc,,
5400,302,filterLoc,,
5400,305,filterLoc,,
5400,308,filterLoc,,
5400,311,filterLoc,,
5400,314,filterLoc,,
5400,317,filterLoc,,
5400,320,filterLoc,,
5400,323,filterLoc,,
5400,326,filterLoc,,
5400,329,filterLoc,,
5400,332,filterLoc,,
5400,335,filterLoc,,
5400,338,filterLoc,,
5400,341,filterLoc,,
5400,344,filterLoc,,
5400,347,filterLoc,,
5400,350,filterLoc,,
5400,353,filterLoc,,
5400,356,filterLoc,,
5400,359,filterLoc,,
5400,362,filterLoc,,
5400,365,filterLoc,,
5400,368,filterLoc,,
5400,371,filterLoc,,
5400,374,filterLoc,,
5400,377,filterLoc,,
5400,380,filterLoc,,
5400,383,filterLoc,,
5400,386,filterLoc,,
5400,389,filterLoc,,
5400,392,filterLoc,,
5400,395,filterLoc,,
5400,398,filterLoc,,
5400,401,filterLoc,,
5400,404,filterLoc,,
5400,407,filterLoc,,
5400,410,filterLoc,,
5400,413,filterLoc,,
5400,416,filterLoc,,
5400,419,filterLoc,,
5400,422,filterLoc,,
5400,425,filterLoc,,
5400,428,filterLoc,,
5400,431,filterLoc,,
5400,434,filterLoc,,
5400,437,filterLoc,,
5400,440,filterLoc,,
5400,443,filterLoc,,
5400,446,filterLoc,,
5400,449,filterLoc,,
5400,452,filterLoc,,
5400,455,filterLoc,,
5400,458,filterLoc,,
5400,461,filterLoc,,
5400,464,filterLoc,,
5400,467,filterLoc,,
5400,470,filterLoc,,
5400,473,filterLoc,,
5400,476,filterLoc,,
5400,479,filterLoc,,
5400,482,filterLoc,,
5400,485,filterLoc,,
5400,488,filterLoc,,
5400,491,filterLoc,,
5400,494,filterLoc,,
5400,497,filterLoc,,
5400,500,filterLoc,,
5400,503,filterLoc,,
5400,506,filterLoc,,
5400,509,filterLoc,,
5400,512,filterLoc,,
5400,515,filterLoc,,
5400,518,filterLoc,,
5400,521,filterLoc,,
5400,524,filterLoc,,
5400,527,filterLoc,,;Evacuee;373;in triage category;Y;is entering helicopter;1
5400,530,filterLoc,,
5400,533,filterLoc,,
5400,536,filterLoc,,
5400,539,filterLoc,,
5400,542,filterLoc,,
5400,545,filterLoc,,
5400,548,filterLoc,,
5400,551,filterLoc,,
5400,554,filterLoc,,
5400,557,filterLoc,,
5400,560,filterLoc,,
5400,563,filterLoc,,
5400,566,filterLoc,,
5400,569,filterLoc,,
5400,572,filterLoc,,
5400,575,filterLoc,,
5400,578,filterLoc,,
5400,581,filterLoc,,
5400,584,filterLoc,,
5400,587,filterLoc,,
5400,590,filterLoc,,
5400,593,filterLoc,,
5400,596,filterLoc,,
5400,599,filterLoc,,
5400,602,filterLoc,,
5400,605,filterLoc,,
5400,608,filterLoc,,
5400,611,filterLoc,,
5400,614,filterLoc,,
5400,617,filterLoc,,
5400,620,filterLoc,,
5400,623,filterLoc,,
5400,626,filterLoc,,
5400,629,filterLoc,,
5400,632,filterLoc,,
5400,635,filterLoc,,
5400,638,filterLoc,,
5400,641,filterLoc,,
5400,644,filterLoc,,
5400,647,filterLoc,,
5400,650,filterLoc,,
5400,653,filterLoc,,
5400,656,filterLoc,,
5400,659,filterLoc,,
5400,662,filterLoc,,
5400,665,filterLoc,,
5400,668,filterLoc,,
5400,671,filterLoc,,
5400,674,filterLoc,,
5400,677,filterLoc,,
5400,680,filterLoc,,
5400,683,filterLoc,,
5400,686,filterLoc,,
5400,689,filterLoc,,
5400,692,filterLoc,,
5400,695,filterLoc,,
5400,698,filterLoc,,
5400,701,filterLoc,,
5400,704,filterLoc,,
5400,707,filterLoc,,
5400,710,filterLoc,,
5400,713,filterLoc,,
5400,716,filterLoc,,
5400,719,filterLoc,,
5400,722,filterLoc,,
5400,725,filterLoc,,
5400,728,filterLoc,,
5400,731,filterLoc,,
5400,734,filterLoc,,
5400,737,filterLoc,,
5400,740,filterLoc,,
5400,743,filterLoc,,
5400,746,filterLoc,,
5400,749,filterLoc,,
5400,752,filterLoc,,
5400,755,filterLoc,,
5400,758,filterLoc,,
5400,761,filterLoc,,
5400,764,filterLoc,,
5400,767,filterLoc,,
5400,770,filterLoc,,
5400,773,filterLoc,,
5400,776,filterLoc,,
5400,779,filterLoc,,
5400,782,filterLoc,,
5400,785,filterLoc,,
5400,788,filterLoc,,
5400,791,filterLoc,,
5400,794,filterLoc,,
5400,797,filterLoc,,
5400,800,filterLoc,,
5400,803,filterLoc,,
5400,806,filterLoc,,
5400,809,filterLoc,,
5400,812,filterLoc,,
5400,815,filterLoc,,
5400,818,filterLoc,,
5400,821,filterLoc,,
5400,824,filterLoc,,
5400,827,filterLoc,,
5400,830,filterLoc,,
5400,833,filterLoc,,
5400,836,filterLoc,,
5400,839,filterLoc,,
5400,842,filterLoc,,
5400,845,filterLoc,,
5400,848,filterLoc,,
5400,851,filterLoc,,
5400,854,filterLoc,,
5400,857,filterLoc,,
5400,860,filterLoc,,
5400,863,filterLoc,,
5400,866,filterLoc,,
5400,869,filterLoc,,
5400,872,filterLoc,,
5400,875,filterLoc,,
5400,878,filterLoc,,
5400,881,filterLoc,,
5400,884,filterLoc,,
5400,887,filterLoc,,
5400,890,filterLoc,,
5400,893,filterLoc,,
5400,896,filterLoc,,
5400,899,filterLoc,,
5400,902,filterLoc,,
5400,905,filterLoc,,
5400,908,filterLoc,,
5400,911,filterLoc,,
5400,914,filterLoc,,
5400,917,filterLoc,,
5400,920,filterLoc,,
5400,923,filterLoc,,
5400,926,filterLoc,,
5400,929,filterLoc,,
5400,932,filterLoc,,
5400,935,filterLoc,,
5400,938,filterLoc,,
5400,941,filterLoc,,
5400,944,filterLoc,,
5400,947,filterLoc,,
5400,950,filterLoc,,
5400,953,filterLoc,,
5400,956,filterLoc,,
5400,959,filterLoc,,
5400,962,filterLoc,,
5400,965,filterLoc,,
5400,968,filterLoc,,
5400,971,filterLoc,,
5400,974,filterLoc,,
5400,977,filterLoc,,
5400,980,filterLoc,,
5400,983,filterLoc,,
5400,986,filterLoc,,
5400,989,filterLoc,,
5400,992,filterLoc,,
5400,995,filterLoc,,
5400,998,filterLoc,,
5400,1001,filterLoc,,
5400,1004,filterLoc,,
5400,1007,filterLoc,,
5400,1010,filterLoc,,
5400,1013,filterLoc,,
5400,1016,filterLoc,,
5400,1019,filterLoc,,
5400,1022,filterLoc,,
5400,1025,filterLoc,,
5400,1028,filterLoc,,
5400,1031,filterLoc,,
5400,1034,filterLoc,,
5400,1037,filterLoc,,
5400,1040,filterLoc,,
5400,1043,filterLoc,,
5400,1046,filterLoc,,
5400,1049,filterLoc,,
5400,1052,filterLoc,,
5400,1055,filterLoc,,
5400,1058,filterLoc,,
5400,1061,filterLoc,,
5400,1064,filterLoc,,
5400,1067,filterLoc,,
5400,1070,filterLoc,,
5400,1073,filterLoc,,
5400,1076,filterLoc,,
5400,1079,filterLoc,,
5400,1082,filterLoc,,
5400,1085,filterLoc,,
5400,1088,filterLoc,,
5400,1091,filterLoc,,
5400,1094,filterLoc,,
5400,1097,filterLoc,,
5400,1100,filterLoc,,
5400,1103,filterLoc,,
5400,1106,filterLoc,,
5400,1109,filterLoc,,
5400,1112,filterLoc,,
5400,1115,filterLoc,,
5400,1118,filterLoc,,
5400,1121,filterLoc,,
5400,1124,filterLoc,,
5400,1127,filterLoc,,
5400,1130,filterLoc,,
5400,1133,filterLoc,,
5400,1136,filterLoc,,
5400,1139,filterLoc,,
5400,1142,filterLoc,,
5400,1145,filterLoc,,
5400,1148,filterLoc,,
5400,1153,helicopter,,Helicopter;1;is loading people at the evacuation site;;and has;0;spots taken
5400,1155,filterLoc,,
5400,1158,filterLoc,,
5400,1161,filterLoc,,
5400,1164,filterLoc,,
5400,1167,filterLoc,,
5400,1170,filterLoc,,
5400,1173,filterLoc,,
5400,1176,filterLoc,,
5400,1179,filterLoc,,
5400,1182,filterLoc,,
5400,1185,filterLoc,,
5400,1188,filterLoc,,
5400,1191,filterLoc,,
5400,1194,filterLoc,,
5400,1197,filterLoc,,
5400,1200,filterLoc,,
5400,1203,filterLoc,,
5400,1206,filterLoc,,
5400,1209,filterLoc,,
5400,1212,filterLoc,,
5400,1215,filterLoc,,
5400,1218,filterLoc,,
5400,1221,filterLoc,,
5400,1224,filterLoc,,
5400,1227,filterLoc,,
5400,1230,filterLoc,,
5400,1233,filterLoc,,
5400,1236,filterLoc,,
5400,1239,filterLoc,,
5400,1242,filterLoc,,
5400,1245,filterLoc,,
5400,1248,filterLoc,,
5400,1251,filterLoc,,
5400,1254,filterLoc,,
5400,1257,filterLoc,,
5400,1260,filterLoc,,
5400,1263,filterLoc,,
5400,1266,filterLoc,,
5400,1269,filterLoc,,
5400,1272,filterLoc,,
5400,1275,filterLoc,,
5400,1278,filterLoc,,
5400,1281,filterLoc,,
5400,1284,filterLoc,,
5400,1287,filterLoc,,
5400,1290,filterLoc,,
5400,1293,filterLoc,,
5400,1296,filterLoc,,
5400,1299,filterLoc,,
5400,1302,filterLoc,,
5400,1305,filterLoc,,
5400,1308,filterLoc,,
5400,1311,filterLoc,,
5400,1314,filterLoc,,
5400,1317,filterLoc,,
5400,1320,filterLoc,,
5400,1323,filterLoc,,
5400,1326,filterLoc,,
5400,1329,filterLoc,,
5400,1332,filterLoc,,
5400,1335,filterLoc,,
5400,1338,filterLoc,,
5400,1341,filterLoc,,
5400,1344,filterLoc,,
5400,1347,filterLoc,,
5400,1350,filterLoc,,
5400,1353,filterLoc,,
5400,1356,filterLoc,,
5400,1359,filterLoc,,
5400,1362,filterLoc,,
5400,1365,filterLoc,,
5400,1368,filterLoc,,
5400,1371,filterLoc,,
5400,1374,filterLoc,,
5400,1377,filterLoc,,
5400,1380,filterLoc,,
5400,1383,filterLoc,,
5400,1386,filterLoc,,
5400,1389,filterLoc,,
5400,1392,filterLoc,,
5400,1395,filterLoc,,
5400,1398,filterLoc,,
5400,1401,filterLoc,,
5400,1404,filterLoc,,
5400,1407,filterLoc,,
5400,1410,filterLoc,,
5400,1413,filterLoc,,
5400,1416,filterLoc,,
5400,1419,filterLoc,,
5400,1422,filterLoc,,
5400,1425,filterLoc,,
5400,1428,filterLoc,,
5400,1431,filterLoc,,
5400,1434,filterLoc,,
5400,1437,filterLoc,,
5400,1440,filterLoc,,
5400,1443,filterLoc,,
5400,1446,filterLoc,,
5400,1449,filterLoc,,
5400,1452,filterLoc,,
5400,1455,filterLoc,,
5400,1458,filterLoc,,
5400,1461,filterLoc,,
5400,1464,filterLoc,,
5400,1467,filterLoc,,
5400,1470,filterLoc,,
5400,1473,filterLoc,,
5400,1476,filterLoc,,
5400,1479,filterLoc,,
5400,1482,filterLoc,,
5400,1485,filterLoc,,
5400,1488,filterLoc,,
5400,1491,filterLoc,,
5400,1494,filterLoc,,
5400,1497,filterLoc,,
5400,1500,filterLoc,,
5400,1503,filterLoc,,
5400,1506,filterLoc,,
5400,1509,filterLoc,,
5400,82,filterLoc,out,Evacuee 448 in triage category R is assigned helicopter 1
5400,82,filterLoc,,
5400,83,evacuee,,Evacuee;448;in triage state;R;is entering helicopter;1
5400,157,filterLoc,out,Evacuee 452 in triage category Y is assigned helicopter 1
5400,157,filterLoc,,
5400,158,evacuee,,Evacuee;452;in triage state;Y;is entering helicopter;1
5400,527,filterLoc,out,Evacuee 373 in triage category Y is assigned helicopter 1
5400,527,filterLoc,,
5400,528,evacuee,,Evacuee;373;in triage state;Y;is entering helicopter;1
5400,83,evacuee,outHelo,Evacuee 448 in triage category R is assigned helicopter 1
5400,83,evacuee,,Evacuee;448;in triage state;R;is in helicopter;1
5400,158,evacuee,outHelo,Evacuee 452 in triage category Y is assigned helicopter 1
5400,158,evacuee,,Evacuee;452;in triage state;Y;is in helicopter;1
5400,528,evacuee,outHelo,Evacuee 373 in triage category Y is assigned helicopter 1
5400,528,evacuee,,Evacuee;373;in triage state;Y;is in helicopter;1
5400,1151,filterEvac,,;Evacuee;373;in triage category;Y;is entering helicopter;1;Evacuee;448;in triage category;R;is entering helicopter;1;Evacuee;452;in triage category;Y;is entering helicopter;1
5400,1151,filterEvac,out,Evacuee 373 in triage category Y is assigned helicopter 1
5400,1151,filterEvac,out,Evacuee 448 in triage category R is assigned helicopter 1
5400,1151,filterEvac,out,Evacuee 452 in triage category Y is assigned helicopter 1
5400,1151,filterEvac,,
5400,1153,helicopter,,Helicopter;1;is loading people at the evacuation site;;and has;9;spots taken
5415,4,helipadManager,outHelo,Helicopter 1 has stopped
5415,4,helipadManager,outHQ,1
5415,4,helipadManager,,;No helos are at ES;Stopped evacuating people
5415,5,helicopterQueue,,;No helos are waiting to land
5415,1152,filterES,,Helicopter;1;has stopped
5415,5,helicopterQueue,,;No helos are waiting to land
5415,1152,filterES,out,Helicopter 1 has stopped
5415,1152,filterES,,
5415,1153,helicopter,,Helicopter;1;is loading people at the evacuation site;;and has;9;spots taken
5415,1153,helicopter,,Helicopter;1;is returning to the FOL;;and has;9;spots taken
5490,7,filterLoc,,
5490,10,filterLoc,,
5490,13,filterLoc,,
5490,16,filterLoc,,
5490,19,filterLoc,,
5490,22,filterLoc,,
5490,25,filterLoc,,
5490,28,filterLoc,,
5490,31,filterLoc,,
5490,34,filterLoc,,
5490,37,filterLoc,,
5490,40,filterLoc,,
5490,43,filterLoc,,
5490,46,filterLoc,,
5490,49,filterLoc,,
5490,52,filterLoc,,
5490,55,filterLoc,,
5490,58,filterLoc,,
5490,61,filterLoc,,
5490,64,filterLoc,,
5490,67,filterLoc,,
5490,70,filterLoc,,
5490,73,filterLoc,,
5490,76,filterLoc,,
5490,79,filterLoc,,
5490,82,filterLoc,,;Evacuee;448;in triage category;R;is leaving helicopter;1
5490,85,filterLoc,,
5490,88,filterLoc,,
5490,91,filterLoc,,
5490,94,filterLoc,,
5490,97,filterLoc,,
5490,100,filterLoc,,
5490,103,filterLoc,,
5490,106,filterLoc,,
5490,109,filterLoc,,
5490,112,filterLoc,,
5490,115,filterLoc,,
5490,118,filterLoc,,
5490,121,filterLoc,,
5490,124,filterLoc,,
5490,127,filterLoc,,
5490,130,filterLoc,,
5490,133,filterLoc,,
5490,136,filterLoc,,
5490,139,filterLoc,,
5490,142,filterLoc,,
5490,145,filterLoc,,
5490,148,filterLoc,,
5490,151,filterLoc,,
5490,154,filterLoc,,
5490,157,filterLoc,,;Evacuee;452;in triage category;Y;is leaving helicopter;1
5490,160,filterLoc,,
5490,163,filterLoc,,
5490,166,filterLoc,,
5490,169,filterLoc,,
5490,172,filterLoc,,
5490,175,filterLoc,,
5490,178,filterLoc,,
5490,181,filterLoc,,
5490,184,filterLoc,,
5490,187,filterLoc,,
5490,190,filterLoc,,
5490,193,filterLoc,,
5490,196,filterLoc,,
5490,199,filterLoc,,
5490,202,filterLoc,,
5490,205,filterLoc,,
5490,208,filterLoc,,
5490,211,filterLoc,,
5490,214,filterLoc,,
5490,217,filterLoc,,
5490,221,filterLoc,,
5490,224,filterLoc,,
5490,227,filterLoc,,
5490,230,filterLoc,,
5490,233,filterLoc,,
5490,236,filterLoc,,
5490,239,filterLoc,,
5490,242,filterLoc,,
5490,245,filterLoc,,
5490,248,filterLoc,,
5490,251,filterLoc,,
5490,254,filterLoc,,
5490,257,filterLoc,,
5490,260,filterLoc,,
5490,263,filterLoc,,
5490,266,filterLoc,,
5490,269,filterLoc,,
5490,272,filterLoc,,
5490,275,filterLoc,,
5490,278,filterLoc,,
5490,281,filterLoc,,
5490,284,filterLoc,,
5490,287,filterLoc,,
5490,290,filterLoc,,
5490,293,filterLoc,,
5490,296,filterLoc,,
5490,299,filterLoc,,
5490,302,filterLoc,,
5490,305,filterLoc,,
5490,308,filterLoc,,
5490,311,filterLoc,,
5490,314,filterLoc,,
5490,317,filterLoc,,
5490,320,filterLoc,,
5490,323,filterLoc,,
5490,326,filterLoc,,
5490,329,filterLoc,,
5490,332,filterLoc,,
5490,335,filterLoc,,
5490,338,filterLoc,,
5490,341,filterLoc,,
5490,344,filterLoc,,
5490,347,filterLoc,,
5490,350,filterLoc,,
5490,353,filterLoc,,
5490,356,filterLoc,,
5490,359,filterLoc,,
5490,362,filterLoc,,
5490,365,filterLoc,,
5490,368,filterLoc,,
5490,371,filterLoc,,
5490,374,filterLoc,,
5490,377,filterLoc,,
5490,380,filterLoc,,
5490,383,filterLoc,,
5490,386,filterLoc,,
5490,389,filterLoc,,
5490,392,filterLoc,,
5490,395,filterLoc,,
5490,398,filterLoc,,
5490,401,filterLoc,,
5490,404,filterLoc,,
5490,407,filterLoc,,
5490,410,filterLoc,,
5490,413,filterLoc,,
5490,416,filterLoc,,
5490,419,filterLoc,,
5490,422,filterLoc,,
5490,425,filterLoc,,
5490,428,filterLoc,,
5490,431,filterLoc,,
5490,434,filterLoc,,
5490,437,filterLoc,,
5490,440,filterLoc,,
5490,443,filterLoc,,
5490,446,filterLoc,,
5490,449,filterLoc,,
5490,452,filterLoc,,
5490,455,filterLoc,,
5490,458,filterLoc,,
5490,461,filterLoc,,
5490,464,filterLoc,,
5490,467,filterLoc,,
5490,470,filterLoc,,
5490,473,filterLoc,,
5490,476,filterLoc,,
5490,479,filterLoc,,
5490,482,filterLoc,,
5490,485,filterLoc,,
5490,488,filterLoc,,
5490,491,filterLoc,,
5490,494,filterLoc,,
5490,497,filterLoc,,
5490,500,filterLoc,,
5490,503,filterLoc,,
5490,506,filterLoc,,
5490,509,filterLoc,,
5490,512,filterLoc,,
5490,515,filterLoc,,
5490,518,filterLoc,,
5490,521,filterLoc,,
5490,524,filterLoc,,
5490,527,filterLoc,,;Evacuee;373;in triage category;Y;is leaving helicopter;1
5490,530,filterLoc,,
5490,533,filterLoc,,
5490,536,filterLoc,,
5490,539,filterLoc,,
5490,542,filterLoc,,
5490,545,filterLoc,,
5490,548,filterLoc,,
5490,551,filterLoc,,
5490,554,filterLoc,,
5490,557,filterLoc,,
5490,560,filterLoc,,
5490,563,filterLoc,,
5490,566,filterLoc,,
5490,569,filterLoc,,
5490,572,filterLoc,,
5490,575,filterLoc,,
5490,578,filterLoc,,
5490,581,filterLoc,,
5490,584,filterLoc,,
5490,587,filterLoc,,
5490,590,filterLoc,,
5490,593,filterLoc,,
5490,596,filterLoc,,
5490,599,filterLoc,,
5490,602,filterLoc,,
5490,605,filterLoc,,
5490,608,filterLoc,,
5490,611,filterLoc,,
5490,614,filterLoc,,
5490,617,filterLoc,,
5490,620,filterLoc,,
5490,623,filterLoc,,
5490,626,filterLoc,,
5490,629,filterLoc,,
5490,632,filterLoc,,
5490,635,filterLoc,,
5490,638,filterLoc,,
5490,641,filterLoc,,
5490,644,filterLoc,,
5490,647,filterLoc,,
5490,650,filterLoc,,
5490,653,filterLoc,,
5490,656,filterLoc,,
5490,659,filterLoc,,
5490,662,filterLoc,,
5490,665,filterLoc,,
5490,668,filterLoc,,
5490,671,filterLoc,,
5490,674,filterLoc,,
5490,677,filterLoc,,
5490,680,filterLoc,,
5490,683,filterLoc,,
5490,686,filterLoc,,
5490,689,filterLoc,,
5490,692,filterLoc,,
5490,695,filterLoc,,
5490,698,filterLoc,,
5490,701,filterLoc,,
5490,704,filterLoc,,
5490,707,filterLoc,,
5490,710,filterLoc,,
5490,713,filterLoc,,
5490,716,filterLoc,,
5490,719,filterLoc,,
5490,722,filterLoc,,
5490,725,filterLoc,,
5490,728,filterLoc,,
5490,731,filterLoc,,
5490,734,filterLoc,,
5490,737,filterLoc,,
5490,740,filterLoc,,
5490,743,filterLoc,,
5490,746,filterLoc,,
5490,749,filterLoc,,
5490,752,filterLoc,,
5490,755,filterLoc,,
5490,758,filterLoc,,
5490,761,filterLoc,,
5490,764,filterLoc,,
5490,767,filterLoc,,
5490,770,filterLoc,,
5490,773,filterLoc,,
5490,776,filterLoc,,
5490,779,filterLoc,,
5490,782,filterLoc,,
5490,785,filterLoc,,
5490,788,filterLoc,,
5490,791,filterLoc,,
5490,794,filterLoc,,
5490,797,filterLoc,,
5490,800,filterLoc,,
5490,803,filterLoc,,
5490,806,filterLoc,,
5490,809,filterLoc,,
5490,812,filterLoc,,
5490,815,filterLoc,,
5490,818,filterLoc,,
5490,821,filterLoc,,
5490,824,filterLoc,,
5490,827,filterLoc,,
5490,830,filterLoc,,
5490,833,filterLoc,,
5490,836,filterLoc,,
5490,839,filterLoc,,
5490,842,filterLoc,,
5490,845,filterLoc,,
5490,848,filterLoc,,
5490,851,filterLoc,,
5490,854,filterLoc,,
5490,857,filterLoc,,
5490,860,filterLoc,,
5490,863,filterLoc,,
5490,866,filterLoc,,
5490,869,filterLoc,,
5490,872,filterLoc,,
5490,875,filterLoc,,
5490,878,filterLoc,,
5490,881,filterLoc,,
5490,884,filterLoc,,
5490,887,filterLoc,,
5490,890,filterLoc,,
5490,893,filterLoc,,
5490,896,filterLoc,,
5490,899,filterLoc,,
5490,902,filterLoc,,
5490,905,filterLoc,,
5490,908,filterLoc,,
5490,911,filterLoc,,
5490,914,filterLoc,,
5490,917,filterLoc,,
5490,920,filterLoc,,
5490,923,filterLoc,,
5490,926,filterLoc,,
5490,929,filterLoc,,
5490,932,filterLoc,,
5490,935,filterLoc,,
5490,938,filterLoc,,
5490,941,filterLoc,,
5490,944,filterLoc,,
5490,947,filterLoc,,
5490,950,filterLoc,,
5490,953,filterLoc,,
5490,956,filterLoc,,
5490,959,filterLoc,,
5490,962,filterLoc,,
5490,965,filterLoc,,
5490,968,filterLoc,,
5490,971,filterLoc,,
5490,974,filterLoc,,
5490,977,filterLoc,,
5490,980,filterLoc,,
5490,983,filterLoc,,
5490,986,filterLoc,,
5490,989,filterLoc,,
5490,992,filterLoc,,
5490,995,filterLoc,,
5490,998,filterLoc,,
5490,1001,filterLoc,,
5490,1004,filterLoc,,
5490,1007,filterLoc,,
5490,1010,filterLoc,,
5490,1013,filterLoc,,
5490,1016,filterLoc,,
5490,1019,filterLoc,,
5490,1022,filterLoc,,
5490,1025,filterLoc,,
5490,1028,filterLoc,,
5490,1031,filterLoc,,
5490,1034,filterLoc,,
5490,1037,filterLoc,,
5490,1040,filterLoc,,
5490,1043,filterLoc,,
5490,1046,filterLoc,,
5490,1049,filterLoc,,
5490,1052,filterLoc,,
5490,1055,filterLoc,,
5490,1058,filterLoc,,
5490,1061,filterLoc,,
5490,1064,filterLoc,,
5490,1067,filterLoc,,
5490,1070,filterLoc,,
5490,1073,filterLoc,,
5490,1076,filterLoc,,
5490,1079,filterLoc,,
5490,1082,filterLoc,,
5490,1085,filterLoc,,
5490,1088,filterLoc,,
5490,1091,filterLoc,,
5490,1094,filterLoc,,
5490,1097,filterLoc,,
5490,1100,filterLoc,,
5490,1103,filterLoc,,
5490,1106,filterLoc,,
5490,1109,filterLoc,,
5490,1112,filterLoc,,
5490,1115,filterLoc,,
5490,1118,filterLoc,,
5490,1121,filterLoc,,
5490,1124,filterLoc,,
5490,1127,filterLoc,,
5490,1130,filterLoc,,
5490,1133,filterLoc,,
5490,1136,filterLoc,,
5490,1139,filterLoc,,
5490,1142,filterLoc,,
5490,1145,filterLoc,,
5490,1148,filterLoc,,
5490,1153,helicopter,outEvac,Evacuee 373 in triage category Y is not assigned a helicopter
5490,1153,helicopter,outEvac,Evacuee 448 in triage category R is not assigned a helicopter
5490,1153,helicopter,outEvac,Evacuee 452 in triage category Y is not assigned a helicopter
5490,1153,helicopter,,Helicopter;1;is unloading people at the FOL;;and has;0;spots taken
5490,1155,filterLoc,,
5490,1158,filterLoc,,
5490,1161,filterLoc,,
5490,1164,filterLoc,,
5490,1167,filterLoc,,
5490,1170,filterLoc,,
5490,1173,filterLoc,,
5490,1176,filterLoc,,
5490,1179,filterLoc,,
5490,1182,filterLoc,,
5490,1185,filterLoc,,
5490,1188,filterLoc,,
5490,1191,filterLoc,,
5490,1194,filterLoc,,
5490,1197,filterLoc,,
5490,1200,filterLoc,,
5490,1203,filterLoc,,
5490,1206,filterLoc,,
5490,1209,filterLoc,,
5490,1212,filterLoc,,
5490,1215,filterLoc,,
5490,1218,filterLoc,,
5490,1221,filterLoc,,
5490,1224,filterLoc,,
5490,1227,filterLoc,,
5490,1230,filterLoc,,
5490,1233,filterLoc,,
5490,1236,filterLoc,,
5490,1239,filterLoc,,
5490,1242,filterLoc,,
5490,1245,filterLoc,,
5490,1248,filterLoc,,
5490,1251,filterLoc,,
5490,1254,filterLoc,,
5490,1257,filterLoc,,
5490,1260,filterLoc,,
5490,1263,filterLoc,,
5490,1266,filterLoc,,
5490,1269,filterLoc,,
5490,1272,filterLoc,,
5490,1275,filterLoc,,
5490,1278,filterLoc,,
5490,1281,filterLoc,,
5490,1284,filterLoc,,
5490,1287,filterLoc,,
5490,1290,filterLoc,,
5490,1293,filterLoc,,
5490,1296,filterLoc,,
5490,1299,filterLoc,,
5490,1302,filterLoc,,
5490,1305,filterLoc,,
5490,1308,filterLoc,,
5490,1311,filterLoc,,
5490,1314,filterLoc,,
5490,1317,filterLoc,,
5490,1320,filterLoc,,
5490,1323,filterLoc,,
5490,1326,filterLoc,,
5490,1329,filterLoc,,
5490,1332,filterLoc,,
5490,1335,filterLoc,,
5490,1338,filterLoc,,
5490,1341,filterLoc,,
5490,1344,filterLoc,,
5490,1347,filterLoc,,
5490,1350,filterLoc,,
5490,1353,filterLoc,,
5490,1356,filterLoc,,
5490,1359,filterLoc,,
5490,1362,filterLoc,,
5490,1365,filterLoc,,
5490,1368,filterLoc,,
5490,1371,filterLoc,,
5490,1374,filterLoc,,
5490,1377,filterLoc,,
5490,1380,filterLoc,,
5490,1383,filterLoc,,
5490,1386,filterLoc,,
5490,1389,filterLoc,,
5490,1392,filterLoc,,
5490,1395,filterLoc,,
5490,1398,filterLoc,,
5490,1401,filterLoc,,
5490,1404,filterLoc,,
5490,1407,filterLoc,,
5490,1410,filterLoc,,
5490,1413,filterLoc,,
5490,1416,filterLoc,,
5490,1419,filterLoc,,
5490,1422,filterLoc,,
5490,1425,filterLoc,,
5490,1428,filterLoc,,
5490,1431,filterLoc,,
5490,1434,filterLoc,,
5490,1437,filterLoc,,
5490,1440,filterLoc,,
5490,1443,filterLoc,,
5490,1446,filterLoc,,
5490,1449,filterLoc,,
5490,1452,filterLoc,,
5490,1455,filterLoc,,
5490,1458,filterLoc,,
5490,1461,filterLoc,,
5490,1464,filterLoc,,
5490,1467,filterLoc,,
5490,1470,filterLoc,,
5490,1473,filterLoc,,
5490,1476,filterLoc,,
5490,1479,filterLoc,,
5490,1482,filterLoc,,
5490,1485,filterLoc,,
5490,1488,filterLoc,,
5490,1491,filterLoc,,
5490,1494,filterLoc,,
5490,1497,filterLoc,,
5490,1500,filterLoc,,
5490,1503,filterLoc,,
5490,1506,filterLoc,,
5490,1509,filterLoc,,
5490,82,filterLoc,out,Evacuee 448 in triage category R is not assigned a helicopter
5490,82,filterLoc,,
5490,83,evacuee,,Evacuee;448;in triage state;R;is entering the FOL
5490,157,filterLoc,out,Evacuee 452 in triage category Y is not assigned a helicopter
5490,157,filterLoc,,
5490,158,evacuee,,Evacuee;452;in triage state;Y;is entering the FOL
5490,527,filterLoc,out,Evacuee 373 in triage category Y is not assigned a helicopter
5490,527,filterLoc,,
5490,528,evacuee,,Evacuee;373;in triage state;Y;is entering the FOL
5490,83,evacuee,outFOL,Evacuee 448 in triage category R is not assigned a helicopter
5490,83,evacuee,,Evacuee;448;in triage state;R;is at the FOL
5490,158,evacuee,outFOL,Evacuee 452 in triage category Y is not assigned a helicopter
5490,158,evacuee,,Evacuee;452;in triage state;Y;is at the FOL
5490,219,FOL,,;EvacueeID;2;Triage Status;G;EvacueeID;6;Triage Status;G;EvacueeID;9;Triage Status;G;EvacueeID;12;Triage Status;G;EvacueeID;14;Triage Status;G;EvacueeID;16;Triage Status;G;EvacueeID;20;Triage Status;G;EvacueeID;22;Triage Status;G;EvacueeID;25;Triage Status;G;EvacueeID;27;Triage Status;G;EvacueeID;33;Triage Status;G;EvacueeID;35;Triage Status;G;EvacueeID;36;Triage Status;G;EvacueeID;40;Triage Status;G;EvacueeID;41;Triage Status;G;EvacueeID;44;Triage Status;G;EvacueeID;47;Triage Status;G;EvacueeID;52;Triage Status;G;EvacueeID;56;Triage Status;G;EvacueeID;59;Triage Status;G;EvacueeID;61;Triage Status;G;EvacueeID;63;Triage Status;G;EvacueeID;70;Triage Status;G;EvacueeID;71;Triage Status;G;EvacueeID;74;Triage Status;G;EvacueeID;76;Triage Status;G;EvacueeID;81;Triage Status;G;EvacueeID;83;Triage Status;G;EvacueeID;88;Triage Status;G;EvacueeID;90;Triage Status;G;EvacueeID;92;Triage Status;G;EvacueeID;93;Triage Status;G;EvacueeID;94;Triage Status;G;EvacueeID;96;Triage Status;G;EvacueeID;97;Triage Status;G;EvacueeID;102;Triage Status;G;EvacueeID;104;Triage Status;G;EvacueeID;106;Triage Status;G;EvacueeID;108;Triage Status;G;EvacueeID;109;Triage Status;G;EvacueeID;114;Triage Status;G;EvacueeID;116;Triage Status;G;EvacueeID;119;Triage Status;G;EvacueeID;120;Triage Status;G;EvacueeID;122;Triage Status;G;EvacueeID;125;Triage Status;G;EvacueeID;130;Triage Status;G;EvacueeID;136;Triage Status;G;EvacueeID;138;Triage Status;G;EvacueeID;139;Triage Status;G;EvacueeID;140;Triage Status;G;EvacueeID;143;Triage Status;G;EvacueeID;145;Triage Status;G;EvacueeID;146;Triage Status;G;EvacueeID;148;Triage Status;G;EvacueeID;150;Triage Status;G;EvacueeID;154;Triage Status;G;EvacueeID;155;Triage Status;G;EvacueeID;157;Triage Status;G;EvacueeID;160;Triage Status;G;EvacueeID;167;Triage Status;G;EvacueeID;168;Triage Status;G;EvacueeID;173;Triage Status;G;EvacueeID;175;Triage Status;G;EvacueeID;178;Triage Status;G;EvacueeID;188;Triage Status;G;EvacueeID;191;Triage Status;G;EvacueeID;193;Triage Status;G;EvacueeID;194;Triage Status;G;EvacueeID;195;Triage Status;G;EvacueeID;198;Triage Status;G;EvacueeID;214;Triage Status;G;EvacueeID;216;Triage Status;G;EvacueeID;219;Triage Status;G;EvacueeID;221;Triage Status;G;EvacueeID;247;Triage Status;G;EvacueeID;248;Triage Status;G;EvacueeID;249;Triage Status;G;EvacueeID;254;Triage Status;G;EvacueeID;265;Triage Status;G;EvacueeID;271;Triage Status;G;EvacueeID;283;Triage Status;G;EvacueeID;284;Triage Status;G;EvacueeID;285;Triage Status;G;EvacueeID;287;Triage Status;G;EvacueeID;289;Triage Status;G;EvacueeID;298;Triage Status;G;EvacueeID;304;Triage Status;G;EvacueeID;311;Triage Status;G;EvacueeID;314;Triage Status;G;EvacueeID;317;Triage Status;G;EvacueeID;318;Triage Status;G;EvacueeID;319;Triage Status;G;EvacueeID;321;Triage Status;G;EvacueeID;322;Triage Status;G;EvacueeID;334;Triage Status;G;EvacueeID;354;Triage Status;G;EvacueeID;357;Triage Status;G;EvacueeID;358;Triage Status;G;EvacueeID;360;Triage Status;G;EvacueeID;362;Triage Status;G;EvacueeID;363;Triage Status;G;EvacueeID;367;Triage Status;G;EvacueeID;376;Triage Status;G;EvacueeID;392;Triage Status;G;EvacueeID;393;Triage Status;G;EvacueeID;395;Triage Status;G;EvacueeID;396;Triage Status;G;EvacueeID;399;Triage Status;G;EvacueeID;412;Triage Status;G;EvacueeID;415;Triage Status;G;EvacueeID;425;Triage Status;G;EvacueeID;431;Triage Status;G;EvacueeID;439;Triage Status;G;EvacueeID;440;Triage Status;G;EvacueeID;441;Triage Status;G;EvacueeID;442;Triage Status;G;EvacueeID;445;Triage Status;G;EvacueeID;449;Triage Status;G;EvacueeID;451;Triage Status;G;EvacueeID;137;Triage Status;Y;EvacueeID;453;Triage Status;G;EvacueeID;454;Triage Status;R;EvacueeID;460;Triage Status;G;EvacueeID;467;Triage Status;G;EvacueeID;366;Triage Status;Y;EvacueeID;398;Triage Status;R;EvacueeID;457;Triage Status;R;EvacueeID;373;Triage Status;Y;EvacueeID;448;Triage Status;R;EvacueeID;452;Triage Status;Y;Lives Saved;131
5490,528,evacuee,outFOL,Evacuee 373 in triage category Y is not assigned a helicopter
5490,528,evacuee,,Evacuee;373;in triage state;Y;is at the FOL
5490,219,FOL,,;EvacueeID;2;Triage Status;G;EvacueeID;6;Triage Status;G;EvacueeID;9;Triage Status;G;EvacueeID;12;Triage Status;G;EvacueeID;14;Triage Status;G;EvacueeID;16;Triage Status;G;EvacueeID;20;Triage Status;G;EvacueeID;22;Triage Status;G;EvacueeID;25;Triage Status;G;EvacueeID;27;Triage Status;G;EvacueeID;33;Triage Status;G;EvacueeID;35;Triage Status;G;EvacueeID;36;Triage Status;G;EvacueeID;40;Triage Status;G;EvacueeID;41;Triage Status;G;EvacueeID;44;Triage Status;G;EvacueeID;47;Triage Status;G;EvacueeID;52;Triage Status;G;EvacueeID;56;Triage Status;G;EvacueeID;59;Triage Status;G;EvacueeID;61;Triage Status;G;EvacueeID;63;Triage Status;G;EvacueeID;70;Triage Status;G;EvacueeID;71;Triage Status;G;EvacueeID;74;Triage Status;G;EvacueeID;76;Triage Status;G;EvacueeID;81;Triage Status;G;EvacueeID;83;Triage Status;G;EvacueeID;88;Triage Status;G;EvacueeID;90;Triage Status;G;EvacueeID;92;Triage Status;G;EvacueeID;93;Triage Status;G;EvacueeID;94;Triage Status;G;EvacueeID;96;Triage Status;G;EvacueeID;97;Triage Status;G;EvacueeID;102;Triage Status;G;EvacueeID;104;Triage Status;G;EvacueeID;106;Triage Status;G;EvacueeID;108;Triage Status;G;EvacueeID;109;Triage Status;G;EvacueeID;114;Triage Status;G;EvacueeID;116;Triage Status;G;EvacueeID;119;Triage Status;G;EvacueeID;120;Triage Status;G;EvacueeID;122;Triage Status;G;EvacueeID;125;Triage Status;G;EvacueeID;130;Triage Status;G;EvacueeID;136;Triage Status;G;EvacueeID;138;Triage Status;G;EvacueeID;139;Triage Status;G;EvacueeID;140;Triage Status;G;EvacueeID;143;Triage Status;G;EvacueeID;145;Triage Status;G;EvacueeID;146;Triage Status;G;EvacueeID;148;Triage Status;G;EvacueeID;150;Triage Status;G;EvacueeID;154;Triage Status;G;EvacueeID;155;Triage Status;G;EvacueeID;157;Triage Status;G;EvacueeID;160;Triage Status;G;EvacueeID;167;Triage Status;G;EvacueeID;168;Triage Status;G;EvacueeID;173;Triage Status;G;EvacueeID;175;Triage Status;G;EvacueeID;178;Triage Status;G;EvacueeID;188;Triage Status;G;EvacueeID;191;Triage Status;G;EvacueeID;193;Triage Status;G;EvacueeID;194;Triage Status;G;EvacueeID;195;Triage Status;G;EvacueeID;198;Triage Status;G;EvacueeID;214;Triage Status;G;EvacueeID;216;Triage Status;G;EvacueeID;219;Triage Status;G;EvacueeID;221;Triage Status;G;EvacueeID;247;Triage Status;G;EvacueeID;248;Triage Status;G;EvacueeID;249;Triage Status;G;EvacueeID;254;Triage Status;G;EvacueeID;265;Triage Status;G;EvacueeID;271;Triage Status;G;EvacueeID;283;Triage Status;G;EvacueeID;284;Triage Status;G;EvacueeID;285;Triage Status;G;EvacueeID;287;Triage Status;G;EvacueeID;289;Triage Status;G;EvacueeID;298;Triage Status;G;EvacueeID;304;Triage Status;G;EvacueeID;311;Triage Status;G;EvacueeID;314;Triage Status;G;EvacueeID;317;Triage Status;G;EvacueeID;318;Triage Status;G;EvacueeID;319;Triage Status;G;EvacueeID;321;Triage Status;G;EvacueeID;322;Triage Status;G;EvacueeID;334;Triage Status;G;EvacueeID;354;Triage Status;G;EvacueeID;357;Triage Status;G;EvacueeID;358;Triage Status;G;EvacueeID;360;Triage Status;G;EvacueeID;362;Triage Status;G;EvacueeID;363;Triage Status;G;EvacueeID;367;Triage Status;G;EvacueeID;376;Triage Status;G;EvacueeID;392;Triage Status;G;EvacueeID;393;Triage Status;G;EvacueeID;395;Triage Status;G;EvacueeID;396;Triage Status;G;EvacueeID;399;Triage Status;G;EvacueeID;412;Triage Status;G;EvacueeID;415;Triage Status;G;EvacueeID;425;Triage Status;G;EvacueeID;431;Triage Status;G;EvacueeID;439;Triage Status;G;EvacueeID;440;Triage Status;G;EvacueeID;441;Triage Status;G;EvacueeID;442;Triage Status;G;EvacueeID;445;Triage Status;G;EvacueeID;449;Triage Status;G;EvacueeID;451;Triage Status;G;EvacueeID;137;Triage Status;Y;EvacueeID;453;Triage Status;G;EvacueeID;454;Triage Status;R;EvacueeID;460;Triage Status;G;EvacueeID;467;Triage Status;G;EvacueeID;366;Triage Status;Y;EvacueeID;398;Triage Status;R;EvacueeID;457;Triage Status;R;EvacueeID;373;Triage Status;Y;EvacueeID;448;Triage Status;R;EvacueeID;452;Triage Status;Y;Lives Saved;131
5490,2,coastGuardShip,,The ship will arrive in 168 hours.
5490,3,evacueeManager,,OFF SHIP: White;0;Green;0;Yellow;0;Red;0;Black;369;ON SHIP: White;0;Green;0;Yellow;0;Red;0;Evacuees to Transfer;
5490,4,helipadManager,,;No helos are at ES;Stopped evacuating people
5490,5,helicopterQueue,,;No helos are waiting to land
5490,7,filterLoc,,
5490,8,evacuee,,Evacuee;501;in triage state;B;is at the evacuation site
5490,10,filterLoc,,
5490,11,evacuee,,Evacuee;500;in triage state;B;is at the evacuation site
5490,13,filterLoc,,
5490,14,evacuee,,Evacuee;494;in triage state;B;is at the evacuation site
5490,16,filterLoc,,
5490,17,evacuee,,Evacuee;492;in triage state;B;is at the evacuation site
5490,19,filterLoc,,
5490,20,evacuee,,Evacuee;489;in triage state;B;is at the evacuation site
5490,22,filterLoc,,
5490,23,evacuee,,Evacuee;486;in triage state;B;is at the evacuation site
5490,25,filterLoc,,
5490,26,evacuee,,Evacuee;484;in triage state;B;is at the evacuation site
5490,28,filterLoc,,
5490,29,evacuee,,Evacuee;483;in triage state;B;is at the evacuation site
5490,31,filterLoc,,
5490,32,evacuee,,Evacuee;482;in triage state;B;is at the evacuation site
5490,34,filterLoc,,
5490,35,evacuee,,Evacuee;499;in triage state;B;is at the evacuation site
5490,37,filterLoc,,
5490,38,evacuee,,Evacuee;479;in triage state;B;is at the evacuation site
5490,40,filterLoc,,
5490,41,evacuee,,Evacuee;478;in triage state;B;is at the evacuation site
5490,43,filterLoc,,
5490,44,evacuee,,Evacuee;476;in triage state;B;is at the evacuation site
5490,46,filterLoc,,
5490,47,evacuee,,Evacuee;475;in triage state;B;is at the evacuation site
5490,49,filterLoc,,
5490,50,evacuee,,Evacuee;472;in triage state;B;is at the evacuation site
5490,52,filterLoc,,
5490,53,evacuee,,Evacuee;471;in triage state;B;is at the evacuation site
5490,55,filterLoc,,
5490,56,evacuee,,Evacuee;468;in triage state;B;is at the evacuation site
5490,58,filterLoc,,
5490,59,evacuee,,Evacuee;463;in triage state;B;is at the evacuation site
5490,61,filterLoc,,
5490,62,evacuee,,Evacuee;462;in triage state;B;is at the evacuation site
5490,64,filterLoc,,
5490,65,evacuee,,Evacuee;461;in triage state;B;is at the evacuation site
5490,67,filterLoc,,
5490,68,evacuee,,Evacuee;459;in triage state;B;is at the evacuation site
5490,70,filterLoc,,
5490,71,evacuee,,Evacuee;495;in triage state;B;is at the evacuation site
5490,73,filterLoc,,
5490,74,evacuee,,Evacuee;458;in triage state;B;is at the evacuation site
5490,76,filterLoc,,
5490,77,evacuee,,Evacuee;456;in triage state;B;is at the evacuation site
5490,79,filterLoc,,
5490,80,evacuee,,Evacuee;455;in triage state;B;is at the evacuation site
5490,82,filterLoc,,
5490,83,evacuee,,Evacuee;448;in triage state;R;is at the FOL
5490,85,filterLoc,,
5490,86,evacuee,,Evacuee;445;in triage state;G;is at the FOL
5490,88,filterLoc,,
5490,89,evacuee,,Evacuee;442;in triage state;G;is at the FOL
5490,91,filterLoc,,
5490,92,evacuee,,Evacuee;441;in triage state;G;is at the FOL
5490,94,filterLoc,,
5490,95,evacuee,,Evacuee;439;in triage state;G;is at the FOL
5490,97,filterLoc,,
5490,98,evacuee,,Evacuee;437;in triage state;B;is at the evacuation site
5490,100,filterLoc,,
5490,101,evacuee,,Evacuee;436;in triage state;B;is at the evacuation site
5490,103,filterLoc,,
5490,104,evacuee,,Evacuee;434;in triage state;B;is at the evacuation site
5490,106,filterLoc,,
5490,107,evacuee,,Evacuee;433;in triage state;B;is at the evacuation site
5490,109,filterLoc,,
5490,110,evacuee,,Evacuee;428;in triage state;B;is at the evacuation site
5490,112,filterLoc,,
5490,113,evacuee,,Evacuee;426;in triage state;B;is at the evacuation site
5490,115,filterLoc,,
5490,116,evacuee,,Evacuee;423;in triage state;B;is at the evacuation site
5490,118,filterLoc,,
5490,119,evacuee,,Evacuee;420;in triage state;B;is at the evacuation site
5490,121,filterLoc,,
5490,122,evacuee,,Evacuee;419;in triage state;B;is at the evacuation site
5490,124,filterLoc,,
5490,125,evacuee,,Evacuee;414;in triage state;B;is at the evacuation site
5490,127,filterLoc,,
5490,128,evacuee,,Evacuee;411;in triage state;B;is at the evacuation site
5490,130,filterLoc,,
5490,131,evacuee,,Evacuee;422;in triage state;B;is at the evacuation site
5490,133,filterLoc,,
5490,134,evacuee,,Evacuee;409;in triage state;B;is at the evacuation site
5490,136,filterLoc,,
5490,137,evacuee,,Evacuee;408;in triage state;B;is at the evacuation site
5490,139,filterLoc,,
5490,140,evacuee,,Evacuee;406;in triage state;B;is at the evacuation site
5490,142,filterLoc,,
5490,143,evacuee,,Evacuee;404;in triage state;B;is at the evacuation site
5490,145,filterLoc,,
5490,146,evacuee,,Evacuee;403;in triage state;B;is at the evacuation site
5490,148,filterLoc,,
5490,149,evacuee,,Evacuee;401;in triage state;B;is at the evacuation site
5490,151,filterLoc,,
5490,152,evacuee,,Evacuee;398;in triage state;R;is at the FOL
5490,154,filterLoc,,
5490,155,evacuee,,Evacuee;397;in triage state;B;is at the evacuation site
5490,157,filterLoc,,
5490,158,evacuee,,Evacuee;452;in triage state;Y;is at the FOL
5490,160,filterLoc,,
5490,161,evacuee,,Evacuee;396;in triage state;G;is at the FOL
5490,163,filterLoc,,
5490,164,evacuee,,Evacuee;395;in triage state;G;is at the FOL
5490,166,filterLoc,,
5490,167,evacuee,,Evacuee;393;in triage state;G;is at the FOL
5490,169,filterLoc,,
5490,170,evacuee,,Evacuee;392;in triage state;G;is at the FOL
5490,172,filterLoc,,
5490,173,evacuee,,Evacuee;389;in triage state;B;is at the evacuation site
5490,175,filterLoc,,
5490,176,evacuee,,Evacuee;384;in triage state;B;is at the evacuation site
5490,178,filterLoc,,
5490,179,evacuee,,Evacuee;430;in triage state;B;is at the evacuation site
5490,181,filterLoc,,
5490,182,evacuee,,Evacuee;383;in triage state;B;is at the evacuation site
5490,184,filterLoc,,
5490,185,evacuee,,Evacuee;480;in triage state;B;is at the evacuation site
5490,187,filterLoc,,
5490,188,evacuee,,Evacuee;382;in triage state;B;is at the evacuation site
5490,190,filterLoc,,
5490,191,evacuee,,Evacuee;381;in triage state;B;is at the evacuation site
5490,193,filterLoc,,
5490,194,evacuee,,Evacuee;427;in triage state;B;is at the evacuation site
5490,196,filterLoc,,
5490,197,evacuee,,Evacuee;380;in triage state;B;is at the evacuation site
5490,199,filterLoc,,
5490,200,evacuee,,Evacuee;379;in triage state;B;is at the evacuation site
5490,202,filterLoc,,
5490,203,evacuee,,Evacuee;378;in triage state;B;is at the evacuation site
5490,205,filterLoc,,
5490,206,evacuee,,Evacuee;377;in triage state;B;is at the evacuation site
5490,208,filterLoc,,
5490,209,evacuee,,Evacuee;375;in triage state;B;is at the evacuation site
5490,211,filterLoc,,
5490,212,evacuee,,Evacuee;374;in triage state;B;is at the evacuation site
5490,214,filterLoc,,
5490,215,evacuee,,Evacuee;372;in triage state;B;is at the evacuation site
5490,217,filterLoc,,
5490,218,evacuee,,Evacuee;371;in triage state;B;is at the evacuation site
5490,219,FOL,,;EvacueeID;2;Triage Status;G;EvacueeID;6;Triage Status;G;EvacueeID;9;Triage Status;G;EvacueeID;12;Triage Status;G;EvacueeID;14;Triage Status;G;EvacueeID;16;Triage Status;G;EvacueeID;20;Triage Status;G;EvacueeID;22;Triage Status;G;EvacueeID;25;Triage Status;G;EvacueeID;27;Triage Status;G;EvacueeID;33;Triage Status;G;EvacueeID;35;Triage Status;G;EvacueeID;36;Triage Status;G;EvacueeID;40;Triage Status;G;EvacueeID;41;Triage Status;G;EvacueeID;44;Triage Status;G;EvacueeID;47;Triage Status;G;EvacueeID;52;Triage Status;G;EvacueeID;56;Triage Status;G;EvacueeID;59;Triage Status;G;EvacueeID;61;Triage Status;G;EvacueeID;63;Triage Status;G;EvacueeID;70;Triage Status;G;EvacueeID;71;Triage Status;G;EvacueeID;74;Triage Status;G;EvacueeID;76;Triage Status;G;EvacueeID;81;Triage Status;G;EvacueeID;83;Triage Status;G;EvacueeID;88;Triage Status;G;EvacueeID;90;Triage Status;G;EvacueeID;92;Triage Status;G;EvacueeID;93;Triage Status;G;EvacueeID;94;Triage Status;G;EvacueeID;96;Triage Status;G;EvacueeID;97;Triage Status;G;EvacueeID;102;Triage Status;G;EvacueeID;104;Triage Status;G;EvacueeID;106;Triage Status;G;EvacueeID;108;Triage Status;G;EvacueeID;109;Triage Status;G;EvacueeID;114;Triage Status;G;EvacueeID;116;Triage Status;G;EvacueeID;119;Triage Status;G;EvacueeID;120;Triage Status;G;EvacueeID;122;Triage Status;G;EvacueeID;125;Triage Status;G;EvacueeID;130;Triage Status;G;EvacueeID;136;Triage Status;G;EvacueeID;138;Triage Status;G;EvacueeID;139;Triage Status;G;EvacueeID;140;Triage Status;G;EvacueeID;143;Triage Status;G;EvacueeID;145;Triage Status;G;EvacueeID;146;Triage Status;G;EvacueeID;148;Triage Status;G;EvacueeID;150;Triage Status;G;EvacueeID;154;Triage Status;G;EvacueeID;155;Triage Status;G;EvacueeID;157;Triage Status;G;EvacueeID;160;Triage Status;G;EvacueeID;167;Triage Status;G;EvacueeID;168;Triage Status;G;EvacueeID;173;Triage Status;G;EvacueeID;175;Triage Status;G;EvacueeID;178;Triage Status;G;EvacueeID;188;Triage Status;G;EvacueeID;191;Triage Status;G;EvacueeID;193;Triage Status;G;EvacueeID;194;Triage Status;G;EvacueeID;195;Triage Status;G;EvacueeID;198;Triage Status;G;EvacueeID;214;Triage Status;G;EvacueeID;216;Triage Status;G;EvacueeID;219;Triage Status;G;EvacueeID;221;Triage Status;G;EvacueeID;247;Triage Status;G;EvacueeID;248;Triage Status;G;EvacueeID;249;Triage Status;G;EvacueeID;254;Triage Status;G;EvacueeID;265;Triage Status;G;EvacueeID;271;Triage Status;G;EvacueeID;283;Triage Status;G;EvacueeID;284;Triage Status;G;EvacueeID;285;Triage Status;G;EvacueeID;287;Triage Status;G;EvacueeID;289;Triage Status;G;EvacueeID;298;Triage Status;G;EvacueeID;304;Triage Status;G;EvacueeID;311;Triage Status;G;EvacueeID;314;Triage Status;G;EvacueeID;317;Triage Status;G;EvacueeID;318;Triage Status;G;EvacueeID;319;Triage Status;G;EvacueeID;321;Triage Status;G;EvacueeID;322;Triage Status;G;EvacueeID;334;Triage Status;G;EvacueeID;354;Triage Status;G;EvacueeID;357;Triage Status;G;EvacueeID;358;Triage Status;G;EvacueeID;360;Triage Status;G;EvacueeID;362;Triage Status;G;EvacueeID;363;Triage Status;G;EvacueeID;367;Triage Status;G;EvacueeID;376;Triage Status;G;EvacueeID;392;Triage Status;G;EvacueeID;393;Triage Status;G;EvacueeID;395;Triage Status;G;EvacueeID;396;Triage Status;G;EvacueeID;399;Triage Status;G;EvacueeID;412;Triage Status;G;EvacueeID;415;Triage Status;G;EvacueeID;425;Triage Status;G;EvacueeID;431;Triage Status;G;EvacueeID;439;Triage Status;G;EvacueeID;440;Triage Status;G;EvacueeID;441;Triage Status;G;EvacueeID;442;Triage Status;G;EvacueeID;445;Triage Status;G;EvacueeID;449;Triage Status;G;EvacueeID;451;Triage Status;G;EvacueeID;137;Triage Status;Y;EvacueeID;453;Triage Status;G;EvacueeID;454;Triage Status;R;EvacueeID;460;Triage Status;G;EvacueeID;467;Triage Status;G;EvacueeID;366;Triage Status;Y;EvacueeID;398;Triage Status;R;EvacueeID;457;Triage Status;R;EvacueeID;373;Triage Status;Y;EvacueeID;448;Triage Status;R;EvacueeID;452;Triage Status;Y;Lives Saved;131
5490,221,filterLoc,,
5490,222,evacuee,,Evacuee;370;in triage state;B;is at the evacuation site
5490,224,filterLoc,,
5490,225,evacuee,,Evacuee;457;in triage state;R;is at the FOL
5490,227,filterLoc,,
5490,228,evacuee,,Evacuee;369;in triage state;B;is at the evacuation site
5490,230,filterLoc,,
5490,231,evacuee,,Evacuee;366;in triage state;Y;is at the FOL
5490,233,filterLoc,,
5490,234,evacuee,,Evacuee;362;in triage state;G;is at the FOL
5490,236,filterLoc,,
5490,237,evacuee,,Evacuee;425;in triage state;G;is at the FOL
5490,239,filterLoc,,
5490,240,evacuee,,Evacuee;360;in triage state;G;is at the FOL
5490,242,filterLoc,,
5490,243,evacuee,,Evacuee;357;in triage state;G;is at the FOL
5490,245,filterLoc,,
5490,246,evacuee,,Evacuee;354;in triage state;G;is at the FOL
5490,248,filterLoc,,
5490,249,evacuee,,Evacuee;353;in triage state;B;is at the evacuation site
5490,251,filterLoc,,
5490,252,evacuee,,Evacuee;351;in triage state;B;is at the evacuation site
5490,254,filterLoc,,
5490,255,evacuee,,Evacuee;349;in triage state;B;is at the evacuation site
5490,257,filterLoc,,
5490,258,evacuee,,Evacuee;348;in triage state;B;is at the evacuation site
5490,260,filterLoc,,
5490,261,evacuee,,Evacuee;346;in triage state;B;is at the evacuation site
5490,263,filterLoc,,
5490,264,evacuee,,Evacuee;341;in triage state;B;is at the evacuation site
5490,266,filterLoc,,
5490,267,evacuee,,Evacuee;340;in triage state;B;is at the evacuation site
5490,269,filterLoc,,
5490,270,evacuee,,Evacuee;338;in triage state;B;is at the evacuation site
5490,272,filterLoc,,
5490,273,evacuee,,Evacuee;335;in triage state;B;is at the evacuation site
5490,275,filterLoc,,
5490,276,evacuee,,Evacuee;331;in triage state;B;is at the evacuation site
5490,278,filterLoc,,
5490,279,evacuee,,Evacuee;503;in triage state;B;is at the evacuation site
5490,281,filterLoc,,
5490,282,evacuee,,Evacuee;330;in triage state;B;is at the evacuation site
5490,284,filterLoc,,
5490,285,evacuee,,Evacuee;328;in triage state;B;is at the evacuation site
5490,287,filterLoc,,
5490,288,evacuee,,Evacuee;327;in triage state;B;is at the evacuation site
5490,290,filterLoc,,
5490,291,evacuee,,Evacuee;410;in triage state;B;is at the evacuation site
5490,293,filterLoc,,
5490,294,evacuee,,Evacuee;326;in triage state;B;is at the evacuation site
5490,296,filterLoc,,
5490,297,evacuee,,Evacuee;466;in triage state;B;is at the evacuation site
5490,299,filterLoc,,
5490,300,evacuee,,Evacuee;325;in triage state;B;is at the evacuation site
5490,302,filterLoc,,
5490,303,evacuee,,Evacuee;365;in triage state;B;is at the evacuation site
5490,305,filterLoc,,
5490,306,evacuee,,Evacuee;322;in triage state;G;is at the FOL
5490,308,filterLoc,,
5490,309,evacuee,,Evacuee;321;in triage state;G;is at the FOL
5490,311,filterLoc,,
5490,312,evacuee,,Evacuee;319;in triage state;G;is at the FOL
5490,314,filterLoc,,
5490,315,evacuee,,Evacuee;318;in triage state;G;is at the FOL
5490,317,filterLoc,,
5490,318,evacuee,,Evacuee;317;in triage state;G;is at the FOL
5490,320,filterLoc,,
5490,321,evacuee,,Evacuee;460;in triage state;G;is at the FOL
5490,323,filterLoc,,
5490,324,evacuee,,Evacuee;316;in triage state;B;is at the evacuation site
5490,326,filterLoc,,
5490,327,evacuee,,Evacuee;446;in triage state;B;is at the evacuation site
5490,329,filterLoc,,
5490,330,evacuee,,Evacuee;313;in triage state;B;is at the evacuation site
5490,332,filterLoc,,
5490,333,evacuee,,Evacuee;443;in triage state;B;is at the evacuation site
5490,335,filterLoc,,
5490,336,evacuee,,Evacuee;312;in triage state;B;is at the evacuation site
5490,338,filterLoc,,
5490,339,evacuee,,Evacuee;309;in triage state;B;is at the evacuation site
5490,341,filterLoc,,
5490,342,evacuee,,Evacuee;306;in triage state;B;is at the evacuation site
5490,344,filterLoc,,
5490,345,evacuee,,Evacuee;305;in triage state;B;is at the evacuation site
5490,347,filterLoc,,
5490,348,evacuee,,Evacuee;303;in triage state;B;is at the evacuation site
5490,350,filterLoc,,
5490,351,evacuee,,Evacuee;295;in triage state;B;is at the evacuation site
5490,353,filterLoc,,
5490,354,evacuee,,Evacuee;352;in triage state;B;is at the evacuation site
5490,356,filterLoc,,
5490,357,evacuee,,Evacuee;293;in triage state;B;is at the evacuation site
5490,359,filterLoc,,
5490,360,evacuee,,Evacuee;488;in triage state;B;is at the evacuation site
5490,362,filterLoc,,
5490,363,evacuee,,Evacuee;413;in triage state;B;is at the evacuation site
5490,365,filterLoc,,
5490,366,evacuee,,Evacuee;292;in triage state;B;is at the evacuation site
5490,368,filterLoc,,
5490,369,evacuee,,Evacuee;291;in triage state;B;is at the evacuation site
5490,371,filterLoc,,
5490,372,evacuee,,Evacuee;290;in triage state;B;is at the evacuation site
5490,374,filterLoc,,
5490,375,evacuee,,Evacuee;350;in triage state;B;is at the evacuation site
5490,377,filterLoc,,
5490,378,evacuee,,Evacuee;288;in triage state;B;is at the evacuation site
5490,380,filterLoc,,
5490,381,evacuee,,Evacuee;287;in triage state;G;is at the FOL
5490,383,filterLoc,,
5490,384,evacuee,,Evacuee;415;in triage state;G;is at the FOL
5490,386,filterLoc,,
5490,387,evacuee,,Evacuee;376;in triage state;G;is at the FOL
5490,389,filterLoc,,
5490,390,evacuee,,Evacuee;284;in triage state;G;is at the FOL
5490,392,filterLoc,,
5490,393,evacuee,,Evacuee;283;in triage state;G;is at the FOL
5490,395,filterLoc,,
5490,396,evacuee,,Evacuee;282;in triage state;B;is at the evacuation site
5490,398,filterLoc,,
5490,399,evacuee,,Evacuee;281;in triage state;B;is at the evacuation site
5490,401,filterLoc,,
5490,402,evacuee,,Evacuee;280;in triage state;B;is at the evacuation site
5490,404,filterLoc,,
5490,405,evacuee,,Evacuee;333;in triage state;B;is at the evacuation site
5490,407,filterLoc,,
5490,408,evacuee,,Evacuee;279;in triage state;B;is at the evacuation site
5490,410,filterLoc,,
5490,411,evacuee,,Evacuee;278;in triage state;B;is at the evacuation site
5490,413,filterLoc,,
5490,414,evacuee,,Evacuee;277;in triage state;B;is at the evacuation site
5490,416,filterLoc,,
5490,417,evacuee,,Evacuee;315;in triage state;B;is at the evacuation site
5490,419,filterLoc,,
5490,420,evacuee,,Evacuee;274;in triage state;B;is at the evacuation site
5490,422,filterLoc,,
5490,423,evacuee,,Evacuee;273;in triage state;B;is at the evacuation site
5490,425,filterLoc,,
5490,426,evacuee,,Evacuee;337;in triage state;B;is at the evacuation site
5490,428,filterLoc,,
5490,429,evacuee,,Evacuee;301;in triage state;B;is at the evacuation site
5490,431,filterLoc,,
5490,432,evacuee,,Evacuee;272;in triage state;B;is at the evacuation site
5490,434,filterLoc,,
5490,435,evacuee,,Evacuee;270;in triage state;B;is at the evacuation site
5490,437,filterLoc,,
5490,438,evacuee,,Evacuee;264;in triage state;B;is at the evacuation site
5490,440,filterLoc,,
5490,441,evacuee,,Evacuee;262;in triage state;B;is at the evacuation site
5490,443,filterLoc,,
5490,444,evacuee,,Evacuee;260;in triage state;B;is at the evacuation site
5490,446,filterLoc,,
5490,447,evacuee,,Evacuee;259;in triage state;B;is at the evacuation site
5490,449,filterLoc,,
5490,450,evacuee,,Evacuee;125;in triage state;G;is at the FOL
5490,452,filterLoc,,
5490,453,evacuee,,Evacuee;114;in triage state;G;is at the FOL
5490,455,filterLoc,,
5490,456,evacuee,,Evacuee;289;in triage state;G;is at the FOL
5490,458,filterLoc,,
5490,459,evacuee,,Evacuee;88;in triage state;G;is at the FOL
5490,461,filterLoc,,
5490,462,evacuee,,Evacuee;449;in triage state;G;is at the FOL
5490,464,filterLoc,,
5490,465,evacuee,,Evacuee;122;in triage state;G;is at the FOL
5490,467,filterLoc,,
5490,468,evacuee,,Evacuee;108;in triage state;G;is at the FOL
5490,470,filterLoc,,
5490,471,evacuee,,Evacuee;276;in triage state;B;is at the evacuation site
5490,473,filterLoc,,
5490,474,evacuee,,Evacuee;121;in triage state;B;is at the evacuation site
5490,476,filterLoc,,
5490,477,evacuee,,Evacuee;386;in triage state;B;is at the evacuation site
5490,479,filterLoc,,
5490,480,evacuee,,Evacuee;117;in triage state;B;is at the evacuation site
5490,482,filterLoc,,
5490,483,evacuee,,Evacuee;192;in triage state;B;is at the evacuation site
5490,485,filterLoc,,
5490,486,evacuee,,Evacuee;432;in triage state;B;is at the evacuation site
5490,488,filterLoc,,
5490,489,evacuee,,Evacuee;245;in triage state;B;is at the evacuation site
5490,491,filterLoc,,
5490,492,evacuee,,Evacuee;310;in triage state;B;is at the evacuation site
5490,494,filterLoc,,
5490,495,evacuee,,Evacuee;118;in triage state;B;is at the evacuation site
5490,497,filterLoc,,
5490,498,evacuee,,Evacuee;502;in triage state;B;is at the evacuation site
5490,500,filterLoc,,
5490,501,evacuee,,Evacuee;491;in triage state;B;is at the evacuation site
5490,503,filterLoc,,
5490,504,evacuee,,Evacuee;470;in triage state;B;is at the evacuation site
5490,506,filterLoc,,
5490,507,evacuee,,Evacuee;469;in triage state;B;is at the evacuation site
5490,509,filterLoc,,
5490,510,evacuee,,Evacuee;215;in triage state;B;is at the evacuation site
5490,512,filterLoc,,
5490,513,evacuee,,Evacuee;345;in triage state;B;is at the evacuation site
5490,515,filterLoc,,
5490,516,evacuee,,Evacuee;302;in triage state;B;is at the evacuation site
5490,518,filterLoc,,
5490,519,evacuee,,Evacuee;112;in triage state;B;is at the evacuation site
5490,521,filterLoc,,
5490,522,evacuee,,Evacuee;299;in triage state;B;is at the evacuation site
5490,524,filterLoc,,
5490,525,evacuee,,Evacuee;109;in triage state;G;is at the FOL
5490,527,filterLoc,,
5490,528,evacuee,,Evacuee;373;in triage state;Y;is at the FOL
5490,530,filterLoc,,
5490,531,evacuee,,Evacuee;358;in triage state;G;is at the FOL
5490,533,filterLoc,,
5490,534,evacuee,,Evacuee;188;in triage state;G;is at the FOL
5490,536,filterLoc,,
5490,537,evacuee,,Evacuee;106;in triage state;G;is at the FOL
5490,539,filterLoc,,
5490,540,evacuee,,Evacuee;311;in triage state;G;is at the FOL
5490,542,filterLoc,,
5490,543,evacuee,,Evacuee;148;in triage state;G;is at the FOL
5490,545,filterLoc,,
5490,546,evacuee,,Evacuee;235;in triage state;B;is at the evacuation site
5490,548,filterLoc,,
5490,549,evacuee,,Evacuee;105;in triage state;B;is at the evacuation site
5490,551,filterLoc,,
5490,552,evacuee,,Evacuee;424;in triage state;B;is at the evacuation site
5490,554,filterLoc,,
5490,555,evacuee,,Evacuee;269;in triage state;B;is at the evacuation site
5490,557,filterLoc,,
5490,558,evacuee,,Evacuee;103;in triage state;B;is at the evacuation site
5490,560,filterLoc,,
5490,561,evacuee,,Evacuee;124;in triage state;B;is at the evacuation site
5490,563,filterLoc,,
5490,564,evacuee,,Evacuee;111;in triage state;B;is at the evacuation site
5490,566,filterLoc,,
5490,567,evacuee,,Evacuee;39;in triage state;B;is at the evacuation site
5490,569,filterLoc,,
5490,570,evacuee,,Evacuee;228;in triage state;B;is at the evacuation site
5490,572,filterLoc,,
5490,573,evacuee,,Evacuee;497;in triage state;B;is at the evacuation site
5490,575,filterLoc,,
5490,576,evacuee,,Evacuee;101;in triage state;B;is at the evacuation site
5490,578,filterLoc,,
5490,579,evacuee,,Evacuee;142;in triage state;B;is at the evacuation site
5490,581,filterLoc,,
5490,582,evacuee,,Evacuee;99;in triage state;B;is at the evacuation site
5490,584,filterLoc,,
5490,585,evacuee,,Evacuee;485;in triage state;B;is at the evacuation site
5490,587,filterLoc,,
5490,588,evacuee,,Evacuee;324;in triage state;B;is at the evacuation site
5490,590,filterLoc,,
5490,591,evacuee,,Evacuee;95;in triage state;B;is at the evacuation site
5490,593,filterLoc,,
5490,594,evacuee,,Evacuee;447;in triage state;B;is at the evacuation site
5490,596,filterLoc,,
5490,597,evacuee,,Evacuee;361;in triage state;B;is at the evacuation site
5490,599,filterLoc,,
5490,600,evacuee,,Evacuee;342;in triage state;B;is at the evacuation site
5490,602,filterLoc,,
5490,603,evacuee,,Evacuee;93;in triage state;G;is at the FOL
5490,605,filterLoc,,
5490,606,evacuee,,Evacuee;136;in triage state;G;is at the FOL
5490,608,filterLoc,,
5490,609,evacuee,,Evacuee;412;in triage state;G;is at the FOL
5490,611,filterLoc,,
5490,612,evacuee,,Evacuee;90;in triage state;G;is at the FOL
5490,614,filterLoc,,
5490,615,evacuee,,Evacuee;83;in triage state;G;is at the FOL
5490,617,filterLoc,,
5490,618,evacuee,,Evacuee;127;in triage state;B;is at the evacuation site
5490,620,filterLoc,,
5490,621,evacuee,,Evacuee;49;in triage state;B;is at the evacuation site
5490,623,filterLoc,,
5490,624,evacuee,,Evacuee;87;in triage state;B;is at the evacuation site
5490,626,filterLoc,,
5490,627,evacuee,,Evacuee;297;in triage state;B;is at the evacuation site
5490,629,filterLoc,,
5490,630,evacuee,,Evacuee;86;in triage state;B;is at the evacuation site
5490,632,filterLoc,,
5490,633,evacuee,,Evacuee;51;in triage state;B;is at the evacuation site
5490,635,filterLoc,,
5490,636,evacuee,,Evacuee;444;in triage state;B;is at the evacuation site
5490,638,filterLoc,,
5490,639,evacuee,,Evacuee;80;in triage state;B;is at the evacuation site
5490,641,filterLoc,,
5490,642,evacuee,,Evacuee;79;in triage state;B;is at the evacuation site
5490,644,filterLoc,,
5490,645,evacuee,,Evacuee;115;in triage state;B;is at the evacuation site
5490,647,filterLoc,,
5490,648,evacuee,,Evacuee;98;in triage state;B;is at the evacuation site
5490,650,filterLoc,,
5490,651,evacuee,,Evacuee;356;in triage state;B;is at the evacuation site
5490,653,filterLoc,,
5490,654,evacuee,,Evacuee;78;in triage state;B;is at the evacuation site
5490,656,filterLoc,,
5490,657,evacuee,,Evacuee;213;in triage state;B;is at the evacuation site
5490,659,filterLoc,,
5490,660,evacuee,,Evacuee;344;in triage state;B;is at the evacuation site
5490,662,filterLoc,,
5490,663,evacuee,,Evacuee;77;in triage state;B;is at the evacuation site
5490,665,filterLoc,,
5490,666,evacuee,,Evacuee;156;in triage state;B;is at the evacuation site
5490,668,filterLoc,,
5490,669,evacuee,,Evacuee;300;in triage state;B;is at the evacuation site
5490,671,filterLoc,,
5490,672,evacuee,,Evacuee;165;in triage state;B;is at the evacuation site
5490,674,filterLoc,,
5490,675,evacuee,,Evacuee;454;in triage state;R;is at the FOL
5490,677,filterLoc,,
5490,678,evacuee,,Evacuee;440;in triage state;G;is at the FOL
5490,680,filterLoc,,
5490,681,evacuee,,Evacuee;76;in triage state;G;is at the FOL
5490,683,filterLoc,,
5490,684,evacuee,,Evacuee;431;in triage state;G;is at the FOL
5490,686,filterLoc,,
5490,687,evacuee,,Evacuee;74;in triage state;G;is at the FOL
5490,689,filterLoc,,
5490,690,evacuee,,Evacuee;363;in triage state;G;is at the FOL
5490,692,filterLoc,,
5490,693,evacuee,,Evacuee;251;in triage state;B;is at the evacuation site
5490,695,filterLoc,,
5490,696,evacuee,,Evacuee;128;in triage state;B;is at the evacuation site
5490,698,filterLoc,,
5490,699,evacuee,,Evacuee;134;in triage state;B;is at the evacuation site
5490,701,filterLoc,,
5490,702,evacuee,,Evacuee;199;in triage state;B;is at the evacuation site
5490,704,filterLoc,,
5490,705,evacuee,,Evacuee;66;in triage state;B;is at the evacuation site
5490,707,filterLoc,,
5490,708,evacuee,,Evacuee;62;in triage state;B;is at the evacuation site
5490,710,filterLoc,,
5490,711,evacuee,,Evacuee;223;in triage state;B;is at the evacuation site
5490,713,filterLoc,,
5490,714,evacuee,,Evacuee;135;in triage state;B;is at the evacuation site
5490,716,filterLoc,,
5490,717,evacuee,,Evacuee;15;in triage state;B;is at the evacuation site
5490,719,filterLoc,,
5490,720,evacuee,,Evacuee;474;in triage state;B;is at the evacuation site
5490,722,filterLoc,,
5490,723,evacuee,,Evacuee;17;in triage state;B;is at the evacuation site
5490,725,filterLoc,,
5490,726,evacuee,,Evacuee;481;in triage state;B;is at the evacuation site
5490,728,filterLoc,,
5490,729,evacuee,,Evacuee;179;in triage state;B;is at the evacuation site
5490,731,filterLoc,,
5490,732,evacuee,,Evacuee;147;in triage state;B;is at the evacuation site
5490,734,filterLoc,,
5490,735,evacuee,,Evacuee;65;in triage state;B;is at the evacuation site
5490,737,filterLoc,,
5490,738,evacuee,,Evacuee;14;in triage state;G;is at the FOL
5490,740,filterLoc,,
5490,741,evacuee,,Evacuee;218;in triage state;B;is at the evacuation site
5490,743,filterLoc,,
5490,744,evacuee,,Evacuee;2;in triage state;G;is at the FOL
5490,746,filterLoc,,
5490,747,evacuee,,Evacuee;33;in triage state;G;is at the FOL
5490,749,filterLoc,,
5490,750,evacuee,,Evacuee;271;in triage state;G;is at the FOL
5490,752,filterLoc,,
5490,753,evacuee,,Evacuee;9;in triage state;G;is at the FOL
5490,755,filterLoc,,
5490,756,evacuee,,Evacuee;25;in triage state;G;is at the FOL
5490,758,filterLoc,,
5490,759,evacuee,,Evacuee;334;in triage state;G;is at the FOL
5490,761,filterLoc,,
5490,762,evacuee,,Evacuee;70;in triage state;G;is at the FOL
5490,764,filterLoc,,
5490,765,evacuee,,Evacuee;5;in triage state;B;is at the evacuation site
5490,767,filterLoc,,
5490,768,evacuee,,Evacuee;250;in triage state;B;is at the evacuation site
5490,770,filterLoc,,
5490,771,evacuee,,Evacuee;107;in triage state;B;is at the evacuation site
5490,773,filterLoc,,
5490,774,evacuee,,Evacuee;229;in triage state;B;is at the evacuation site
5490,776,filterLoc,,
5490,777,evacuee,,Evacuee;110;in triage state;B;is at the evacuation site
5490,779,filterLoc,,
5490,780,evacuee,,Evacuee;141;in triage state;B;is at the evacuation site
5490,782,filterLoc,,
5490,783,evacuee,,Evacuee;133;in triage state;B;is at the evacuation site
5490,785,filterLoc,,
5490,786,evacuee,,Evacuee;493;in triage state;B;is at the evacuation site
5490,788,filterLoc,,
5490,789,evacuee,,Evacuee;473;in triage state;B;is at the evacuation site
5490,791,filterLoc,,
5490,792,evacuee,,Evacuee;400;in triage state;B;is at the evacuation site
5490,794,filterLoc,,
5490,795,evacuee,,Evacuee;268;in triage state;B;is at the evacuation site
5490,797,filterLoc,,
5490,798,evacuee,,Evacuee;100;in triage state;B;is at the evacuation site
5490,800,filterLoc,,
5490,801,evacuee,,Evacuee;29;in triage state;B;is at the evacuation site
5490,803,filterLoc,,
5490,804,evacuee,,Evacuee;158;in triage state;B;is at the evacuation site
5490,806,filterLoc,,
5490,807,evacuee,,Evacuee;187;in triage state;B;is at the evacuation site
5490,809,filterLoc,,
5490,810,evacuee,,Evacuee;85;in triage state;B;is at the evacuation site
5490,812,filterLoc,,
5490,813,evacuee,,Evacuee;487;in triage state;B;is at the evacuation site
5490,815,filterLoc,,
5490,816,evacuee,,Evacuee;71;in triage state;G;is at the FOL
5490,818,filterLoc,,
5490,819,evacuee,,Evacuee;332;in triage state;B;is at the evacuation site
5490,821,filterLoc,,
5490,822,evacuee,,Evacuee;81;in triage state;G;is at the FOL
5490,824,filterLoc,,
5490,825,evacuee,,Evacuee;104;in triage state;G;is at the FOL
5490,827,filterLoc,,
5490,828,evacuee,,Evacuee;40;in triage state;G;is at the FOL
5490,830,filterLoc,,
5490,831,evacuee,,Evacuee;97;in triage state;G;is at the FOL
5490,833,filterLoc,,
5490,834,evacuee,,Evacuee;453;in triage state;G;is at the FOL
5490,836,filterLoc,,
5490,837,evacuee,,Evacuee;285;in triage state;G;is at the FOL
5490,839,filterLoc,,
5490,840,evacuee,,Evacuee;89;in triage state;B;is at the evacuation site
5490,842,filterLoc,,
5490,843,evacuee,,Evacuee;394;in triage state;B;is at the evacuation site
5490,845,filterLoc,,
5490,846,evacuee,,Evacuee;240;in triage state;B;is at the evacuation site
5490,848,filterLoc,,
5490,849,evacuee,,Evacuee;8;in triage state;B;is at the evacuation site
5490,851,filterLoc,,
5490,852,evacuee,,Evacuee;3;in triage state;B;is at the evacuation site
5490,854,filterLoc,,
5490,855,evacuee,,Evacuee;172;in triage state;B;is at the evacuation site
5490,857,filterLoc,,
5490,858,evacuee,,Evacuee;256;in triage state;B;is at the evacuation site
5490,860,filterLoc,,
5490,861,evacuee,,Evacuee;347;in triage state;B;is at the evacuation site
5490,863,filterLoc,,
5490,864,evacuee,,Evacuee;82;in triage state;B;is at the evacuation site
5490,866,filterLoc,,
5490,867,evacuee,,Evacuee;54;in triage state;B;is at the evacuation site
5490,869,filterLoc,,
5490,870,evacuee,,Evacuee;368;in triage state;B;is at the evacuation site
5490,872,filterLoc,,
5490,873,evacuee,,Evacuee;4;in triage state;B;is at the evacuation site
5490,875,filterLoc,,
5490,876,evacuee,,Evacuee;18;in triage state;B;is at the evacuation site
5490,878,filterLoc,,
5490,879,evacuee,,Evacuee;387;in triage state;B;is at the evacuation site
5490,881,filterLoc,,
5490,882,evacuee,,Evacuee;246;in triage state;B;is at the evacuation site
5490,884,filterLoc,,
5490,885,evacuee,,Evacuee;22;in triage state;G;is at the FOL
5490,887,filterLoc,,
5490,888,evacuee,,Evacuee;92;in triage state;G;is at the FOL
5490,890,filterLoc,,
5490,891,evacuee,,Evacuee;44;in triage state;G;is at the FOL
5490,893,filterLoc,,
5490,894,evacuee,,Evacuee;150;in triage state;G;is at the FOL
5490,896,filterLoc,,
5490,897,evacuee,,Evacuee;119;in triage state;G;is at the FOL
5490,899,filterLoc,,
5490,900,evacuee,,Evacuee;6;in triage state;G;is at the FOL
5490,902,filterLoc,,
5490,903,evacuee,,Evacuee;173;in triage state;G;is at the FOL
5490,905,filterLoc,,
5490,906,evacuee,,Evacuee;157;in triage state;G;is at the FOL
5490,908,filterLoc,,
5490,909,evacuee,,Evacuee;451;in triage state;G;is at the FOL
5490,911,filterLoc,,
5490,912,evacuee,,Evacuee;359;in triage state;B;is at the evacuation site
5490,914,filterLoc,,
5490,915,evacuee,,Evacuee;286;in triage state;B;is at the evacuation site
5490,917,filterLoc,,
5490,918,evacuee,,Evacuee;196;in triage state;B;is at the evacuation site
5490,920,filterLoc,,
5490,921,evacuee,,Evacuee;407;in triage state;B;is at the evacuation site
5490,923,filterLoc,,
5490,924,evacuee,,Evacuee;132;in triage state;B;is at the evacuation site
5490,926,filterLoc,,
5490,927,evacuee,,Evacuee;31;in triage state;B;is at the evacuation site
5490,929,filterLoc,,
5490,930,evacuee,,Evacuee;38;in triage state;B;is at the evacuation site
5490,932,filterLoc,,
5490,933,evacuee,,Evacuee;10;in triage state;B;is at the evacuation site
5490,935,filterLoc,,
5490,936,evacuee,,Evacuee;26;in triage state;B;is at the evacuation site
5490,938,filterLoc,,
5490,939,evacuee,,Evacuee;343;in triage state;B;is at the evacuation site
5490,941,filterLoc,,
5490,942,evacuee,,Evacuee;241;in triage state;B;is at the evacuation site
5490,944,filterLoc,,
5490,945,evacuee,,Evacuee;418;in triage state;B;is at the evacuation site
5490,947,filterLoc,,
5490,948,evacuee,,Evacuee;75;in triage state;B;is at the evacuation site
5490,950,filterLoc,,
5490,951,evacuee,,Evacuee;37;in triage state;B;is at the evacuation site
5490,953,filterLoc,,
5490,954,evacuee,,Evacuee;496;in triage state;B;is at the evacuation site
5490,956,filterLoc,,
5490,957,evacuee,,Evacuee;209;in triage state;B;is at the evacuation site
5490,959,filterLoc,,
5490,960,evacuee,,Evacuee;402;in triage state;B;is at the evacuation site
5490,962,filterLoc,,
5490,963,evacuee,,Evacuee;320;in triage state;B;is at the evacuation site
5490,965,filterLoc,,
5490,966,evacuee,,Evacuee;116;in triage state;G;is at the FOL
5490,968,filterLoc,,
5490,969,evacuee,,Evacuee;61;in triage state;G;is at the FOL
5490,971,filterLoc,,
5490,972,evacuee,,Evacuee;52;in triage state;G;is at the FOL
5490,974,filterLoc,,
5490,975,evacuee,,Evacuee;41;in triage state;G;is at the FOL
5490,977,filterLoc,,
5490,978,evacuee,,Evacuee;304;in triage state;G;is at the FOL
5490,980,filterLoc,,
5490,981,evacuee,,Evacuee;154;in triage state;G;is at the FOL
5490,983,filterLoc,,
5490,984,evacuee,,Evacuee;421;in triage state;B;is at the evacuation site
5490,986,filterLoc,,
5490,987,evacuee,,Evacuee;405;in triage state;B;is at the evacuation site
5490,989,filterLoc,,
5490,990,evacuee,,Evacuee;21;in triage state;B;is at the evacuation site
5490,992,filterLoc,,
5490,993,evacuee,,Evacuee;68;in triage state;B;is at the evacuation site
5490,995,filterLoc,,
5490,996,evacuee,,Evacuee;72;in triage state;B;is at the evacuation site
5490,998,filterLoc,,
5490,999,evacuee,,Evacuee;46;in triage state;B;is at the evacuation site
5490,1001,filterLoc,,
5490,1002,evacuee,,Evacuee;53;in triage state;B;is at the evacuation site
5490,1004,filterLoc,,
5490,1005,evacuee,,Evacuee;220;in triage state;B;is at the evacuation site
5490,1007,filterLoc,,
5490,1008,evacuee,,Evacuee;355;in triage state;B;is at the evacuation site
5490,1010,filterLoc,,
5490,1011,evacuee,,Evacuee;23;in triage state;B;is at the evacuation site
5490,1013,filterLoc,,
5490,1014,evacuee,,Evacuee;200;in triage state;B;is at the evacuation site
5490,1016,filterLoc,,
5490,1017,evacuee,,Evacuee;255;in triage state;B;is at the evacuation site
5490,1019,filterLoc,,
5490,1020,evacuee,,Evacuee;13;in triage state;B;is at the evacuation site
5490,1022,filterLoc,,
5490,1023,evacuee,,Evacuee;24;in triage state;B;is at the evacuation site
5490,1025,filterLoc,,
5490,1026,evacuee,,Evacuee;32;in triage state;B;is at the evacuation site
5490,1028,filterLoc,,
5490,1029,evacuee,,Evacuee;34;in triage state;B;is at the evacuation site
5490,1031,filterLoc,,
5490,1032,evacuee,,Evacuee;64;in triage state;B;is at the evacuation site
5490,1034,filterLoc,,
5490,1035,evacuee,,Evacuee;429;in triage state;B;is at the evacuation site
5490,1037,filterLoc,,
5490,1038,evacuee,,Evacuee;102;in triage state;G;is at the FOL
5490,1040,filterLoc,,
5490,1041,evacuee,,Evacuee;160;in triage state;G;is at the FOL
5490,1043,filterLoc,,
5490,1044,evacuee,,Evacuee;20;in triage state;G;is at the FOL
5490,1046,filterLoc,,
5490,1047,evacuee,,Evacuee;35;in triage state;G;is at the FOL
5490,1049,filterLoc,,
5490,1050,evacuee,,Evacuee;155;in triage state;G;is at the FOL
5490,1052,filterLoc,,
5490,1053,evacuee,,Evacuee;36;in triage state;G;is at the FOL
5490,1055,filterLoc,,
5490,1056,evacuee,,Evacuee;198;in triage state;G;is at the FOL
5490,1058,filterLoc,,
5490,1059,evacuee,,Evacuee;84;in triage state;B;is at the evacuation site
5490,1061,filterLoc,,
5490,1062,evacuee,,Evacuee;42;in triage state;B;is at the evacuation site
5490,1064,filterLoc,,
5490,1065,evacuee,,Evacuee;91;in triage state;B;is at the evacuation site
5490,1067,filterLoc,,
5490,1068,evacuee,,Evacuee;43;in triage state;B;is at the evacuation site
5490,1070,filterLoc,,
5490,1071,evacuee,,Evacuee;30;in triage state;B;is at the evacuation site
5490,1073,filterLoc,,
5490,1074,evacuee,,Evacuee;336;in triage state;B;is at the evacuation site
5490,1076,filterLoc,,
5490,1077,evacuee,,Evacuee;307;in triage state;B;is at the evacuation site
5490,1079,filterLoc,,
5490,1080,evacuee,,Evacuee;212;in triage state;B;is at the evacuation site
5490,1082,filterLoc,,
5490,1083,evacuee,,Evacuee;391;in triage state;B;is at the evacuation site
5490,1085,filterLoc,,
5490,1086,evacuee,,Evacuee;388;in triage state;B;is at the evacuation site
5490,1088,filterLoc,,
5490,1089,evacuee,,Evacuee;55;in triage state;B;is at the evacuation site
5490,1091,filterLoc,,
5490,1092,evacuee,,Evacuee;48;in triage state;B;is at the evacuation site
5490,1094,filterLoc,,
5490,1095,evacuee,,Evacuee;144;in triage state;B;is at the evacuation site
5490,1097,filterLoc,,
5490,1098,evacuee,,Evacuee;50;in triage state;B;is at the evacuation site
5490,1100,filterLoc,,
5490,1101,evacuee,,Evacuee;19;in triage state;B;is at the evacuation site
5490,1103,filterLoc,,
5490,1104,evacuee,,Evacuee;182;in triage state;B;is at the evacuation site
5490,1106,filterLoc,,
5490,1107,evacuee,,Evacuee;490;in triage state;B;is at the evacuation site
5490,1109,filterLoc,,
5490,1110,evacuee,,Evacuee;266;in triage state;B;is at the evacuation site
5490,1112,filterLoc,,
5490,1113,evacuee,,Evacuee;120;in triage state;G;is at the FOL
5490,1115,filterLoc,,
5490,1116,evacuee,,Evacuee;94;in triage state;G;is at the FOL
5490,1118,filterLoc,,
5490,1119,evacuee,,Evacuee;63;in triage state;G;is at the FOL
5490,1121,filterLoc,,
5490,1122,evacuee,,Evacuee;175;in triage state;G;is at the FOL
5490,1124,filterLoc,,
5490,1125,evacuee,,Evacuee;47;in triage state;G;is at the FOL
5490,1127,filterLoc,,
5490,1128,evacuee,,Evacuee;56;in triage state;G;is at the FOL
5490,1130,filterLoc,,
5490,1131,evacuee,,Evacuee;367;in triage state;G;is at the FOL
5490,1133,filterLoc,,
5490,1134,evacuee,,Evacuee;364;in triage state;B;is at the evacuation site
5490,1136,filterLoc,,
5490,1137,evacuee,,Evacuee;208;in triage state;B;is at the evacuation site
5490,1139,filterLoc,,
5490,1140,evacuee,,Evacuee;57;in triage state;B;is at the evacuation site
5490,1142,filterLoc,,
5490,1143,evacuee,,Evacuee;231;in triage state;B;is at the evacuation site
5490,1145,filterLoc,,
5490,1146,evacuee,,Evacuee;261;in triage state;B;is at the evacuation site
5490,1148,filterLoc,,
5490,1149,evacuee,,Evacuee;45;in triage state;B;is at the evacuation site
5490,1151,filterEvac,,
5490,1152,filterES,,
5490,1153,helicopter,,Helicopter;1;is unloading people at the FOL;;and has;0;spots taken
5490,1155,filterLoc,,
5490,1156,evacuee,,Evacuee;263;in triage state;B;is at the evacuation site
5490,1158,filterLoc,,
5490,1159,evacuee,,Evacuee;190;in triage state;B;is at the evacuation site
5490,1161,filterLoc,,
5490,1162,evacuee,,Evacuee;465;in triage state;B;is at the evacuation site
5490,1164,filterLoc,,
5490,1165,evacuee,,Evacuee;60;in triage state;B;is at the evacuation site
5490,1167,filterLoc,,
5490,1168,evacuee,,Evacuee;385;in triage state;B;is at the evacuation site
5490,1170,filterLoc,,
5490,1171,evacuee,,Evacuee;181;in triage state;B;is at the evacuation site
5490,1173,filterLoc,,
5490,1174,evacuee,,Evacuee;416;in triage state;B;is at the evacuation site
5490,1176,filterLoc,,
5490,1177,evacuee,,Evacuee;129;in triage state;B;is at the evacuation site
5490,1179,filterLoc,,
5490,1180,evacuee,,Evacuee;308;in triage state;B;is at the evacuation site
5490,1182,filterLoc,,
5490,1183,evacuee,,Evacuee;131;in triage state;B;is at the evacuation site
5490,1185,filterLoc,,
5490,1186,evacuee,,Evacuee;137;in triage state;Y;is at the FOL
5490,1188,filterLoc,,
5490,1189,evacuee,,Evacuee;138;in triage state;G;is at the FOL
5490,1191,filterLoc,,
5490,1192,evacuee,,Evacuee;265;in triage state;G;is at the FOL
5490,1194,filterLoc,,
5490,1195,evacuee,,Evacuee;139;in triage state;G;is at the FOL
5490,1197,filterLoc,,
5490,1198,evacuee,,Evacuee;194;in triage state;G;is at the FOL
5490,1200,filterLoc,,
5490,1201,evacuee,,Evacuee;140;in triage state;G;is at the FOL
5490,1203,filterLoc,,
5490,1204,evacuee,,Evacuee;130;in triage state;G;is at the FOL
5490,1206,filterLoc,,
5490,1207,evacuee,,Evacuee;143;in triage state;G;is at the FOL
5490,1209,filterLoc,,
5490,1210,evacuee,,Evacuee;149;in triage state;B;is at the evacuation site
5490,1212,filterLoc,,
5490,1213,evacuee,,Evacuee;296;in triage state;B;is at the evacuation site
5490,1215,filterLoc,,
5490,1216,evacuee,,Evacuee;151;in triage state;B;is at the evacuation site
5490,1218,filterLoc,,
5490,1219,evacuee,,Evacuee;222;in triage state;B;is at the evacuation site
5490,1221,filterLoc,,
5490,1222,evacuee,,Evacuee;152;in triage state;B;is at the evacuation site
5490,1224,filterLoc,,
5490,1225,evacuee,,Evacuee;153;in triage state;B;is at the evacuation site
5490,1227,filterLoc,,
5490,1228,evacuee,,Evacuee;67;in triage state;B;is at the evacuation site
5490,1230,filterLoc,,
5490,1231,evacuee,,Evacuee;123;in triage state;B;is at the evacuation site
5490,1233,filterLoc,,
5490,1234,evacuee,,Evacuee;159;in triage state;B;is at the evacuation site
5490,1236,filterLoc,,
5490,1237,evacuee,,Evacuee;161;in triage state;B;is at the evacuation site
5490,1239,filterLoc,,
5490,1240,evacuee,,Evacuee;28;in triage state;B;is at the evacuation site
5490,1242,filterLoc,,
5490,1243,evacuee,,Evacuee;126;in triage state;B;is at the evacuation site
5490,1245,filterLoc,,
5490,1246,evacuee,,Evacuee;234;in triage state;B;is at the evacuation site
5490,1248,filterLoc,,
5490,1249,evacuee,,Evacuee;162;in triage state;B;is at the evacuation site
5490,1251,filterLoc,,
5490,1252,evacuee,,Evacuee;163;in triage state;B;is at the evacuation site
5490,1254,filterLoc,,
5490,1255,evacuee,,Evacuee;166;in triage state;B;is at the evacuation site
5490,1257,filterLoc,,
5490,1258,evacuee,,Evacuee;16;in triage state;G;is at the FOL
5490,1260,filterLoc,,
5490,1261,evacuee,,Evacuee;242;in triage state;B;is at the evacuation site
5490,1263,filterLoc,,
5490,1264,evacuee,,Evacuee;178;in triage state;G;is at the FOL
5490,1266,filterLoc,,
5490,1267,evacuee,,Evacuee;438;in triage state;B;is at the evacuation site
5490,1269,filterLoc,,
5490,1270,evacuee,,Evacuee;146;in triage state;G;is at the FOL
5490,1272,filterLoc,,
5490,1273,evacuee,,Evacuee;167;in triage state;G;is at the FOL
5490,1275,filterLoc,,
5490,1276,evacuee,,Evacuee;145;in triage state;G;is at the FOL
5490,1278,filterLoc,,
5490,1279,evacuee,,Evacuee;168;in triage state;G;is at the FOL
5490,1281,filterLoc,,
5490,1282,evacuee,,Evacuee;176;in triage state;B;is at the evacuation site
5490,1284,filterLoc,,
5490,1285,evacuee,,Evacuee;230;in triage state;B;is at the evacuation site
5490,1287,filterLoc,,
5490,1288,evacuee,,Evacuee;169;in triage state;B;is at the evacuation site
5490,1290,filterLoc,,
5490,1291,evacuee,,Evacuee;170;in triage state;B;is at the evacuation site
5490,1293,filterLoc,,
5490,1294,evacuee,,Evacuee;171;in triage state;B;is at the evacuation site
5490,1296,filterLoc,,
5490,1297,evacuee,,Evacuee;174;in triage state;B;is at the evacuation site
5490,1299,filterLoc,,
5490,1300,evacuee,,Evacuee;177;in triage state;B;is at the evacuation site
5490,1302,filterLoc,,
5490,1303,evacuee,,Evacuee;435;in triage state;B;is at the evacuation site
5490,1305,filterLoc,,
5490,1306,evacuee,,Evacuee;58;in triage state;B;is at the evacuation site
5490,1308,filterLoc,,
5490,1309,evacuee,,Evacuee;203;in triage state;B;is at the evacuation site
5490,1311,filterLoc,,
5490,1312,evacuee,,Evacuee;232;in triage state;B;is at the evacuation site
5490,1314,filterLoc,,
5490,1315,evacuee,,Evacuee;183;in triage state;B;is at the evacuation site
5490,1317,filterLoc,,
5490,1318,evacuee,,Evacuee;184;in triage state;B;is at the evacuation site
5490,1320,filterLoc,,
5490,1321,evacuee,,Evacuee;185;in triage state;B;is at the evacuation site
5490,1323,filterLoc,,
5490,1324,evacuee,,Evacuee;186;in triage state;B;is at the evacuation site
5490,1326,filterLoc,,
5490,1327,evacuee,,Evacuee;417;in triage state;B;is at the evacuation site
5490,1329,filterLoc,,
5490,1330,evacuee,,Evacuee;217;in triage state;B;is at the evacuation site
5490,1332,filterLoc,,
5490,1333,evacuee,,Evacuee;189;in triage state;B;is at the evacuation site
5490,1335,filterLoc,,
5490,1336,evacuee,,Evacuee;253;in triage state;B;is at the evacuation site
5490,1338,filterLoc,,
5490,1339,evacuee,,Evacuee;191;in triage state;G;is at the FOL
5490,1341,filterLoc,,
5490,1342,evacuee,,Evacuee;314;in triage state;G;is at the FOL
5490,1344,filterLoc,,
5490,1345,evacuee,,Evacuee;249;in triage state;G;is at the FOL
5490,1347,filterLoc,,
5490,1348,evacuee,,Evacuee;193;in triage state;G;is at the FOL
5490,1350,filterLoc,,
5490,1351,evacuee,,Evacuee;195;in triage state;G;is at the FOL
5490,1353,filterLoc,,
5490,1354,evacuee,,Evacuee;399;in triage state;G;is at the FOL
5490,1356,filterLoc,,
5490,1357,evacuee,,Evacuee;197;in triage state;B;is at the evacuation site
5490,1359,filterLoc,,
5490,1360,evacuee,,Evacuee;450;in triage state;B;is at the evacuation site
5490,1362,filterLoc,,
5490,1363,evacuee,,Evacuee;252;in triage state;B;is at the evacuation site
5490,1365,filterLoc,,
5490,1366,evacuee,,Evacuee;329;in triage state;B;is at the evacuation site
5490,1368,filterLoc,,
5490,1369,evacuee,,Evacuee;201;in triage state;B;is at the evacuation site
5490,1371,filterLoc,,
5490,1372,evacuee,,Evacuee;11;in triage state;B;is at the evacuation site
5490,1374,filterLoc,,
5490,1375,evacuee,,Evacuee;202;in triage state;B;is at the evacuation site
5490,1377,filterLoc,,
5490,1378,evacuee,,Evacuee;390;in triage state;B;is at the evacuation site
5490,1380,filterLoc,,
5490,1381,evacuee,,Evacuee;204;in triage state;B;is at the evacuation site
5490,1383,filterLoc,,
5490,1384,evacuee,,Evacuee;275;in triage state;B;is at the evacuation site
5490,1386,filterLoc,,
5490,1387,evacuee,,Evacuee;205;in triage state;B;is at the evacuation site
5490,1389,filterLoc,,
5490,1390,evacuee,,Evacuee;323;in triage state;B;is at the evacuation site
5490,1392,filterLoc,,
5490,1393,evacuee,,Evacuee;180;in triage state;B;is at the evacuation site
5490,1395,filterLoc,,
5490,1396,evacuee,,Evacuee;206;in triage state;B;is at the evacuation site
5490,1398,filterLoc,,
5490,1399,evacuee,,Evacuee;69;in triage state;B;is at the evacuation site
5490,1401,filterLoc,,
5490,1402,evacuee,,Evacuee;207;in triage state;B;is at the evacuation site
5490,1404,filterLoc,,
5490,1405,evacuee,,Evacuee;27;in triage state;G;is at the FOL
5490,1407,filterLoc,,
5490,1408,evacuee,,Evacuee;211;in triage state;B;is at the evacuation site
5490,1410,filterLoc,,
5490,1411,evacuee,,Evacuee;294;in triage state;B;is at the evacuation site
5490,1413,filterLoc,,
5490,1414,evacuee,,Evacuee;214;in triage state;G;is at the FOL
5490,1416,filterLoc,,
5490,1417,evacuee,,Evacuee;12;in triage state;G;is at the FOL
5490,1419,filterLoc,,
5490,1420,evacuee,,Evacuee;216;in triage state;G;is at the FOL
5490,1422,filterLoc,,
5490,1423,evacuee,,Evacuee;219;in triage state;G;is at the FOL
5490,1425,filterLoc,,
5490,1426,evacuee,,Evacuee;221;in triage state;G;is at the FOL
5490,1428,filterLoc,,
5490,1429,evacuee,,Evacuee;224;in triage state;B;is at the evacuation site
5490,1431,filterLoc,,
5490,1432,evacuee,,Evacuee;339;in triage state;B;is at the evacuation site
5490,1434,filterLoc,,
5490,1435,evacuee,,Evacuee;225;in triage state;B;is at the evacuation site
5490,1437,filterLoc,,
5490,1438,evacuee,,Evacuee;164;in triage state;B;is at the evacuation site
5490,1440,filterLoc,,
5490,1441,evacuee,,Evacuee;226;in triage state;B;is at the evacuation site
5490,1443,filterLoc,,
5490,1444,evacuee,,Evacuee;464;in triage state;B;is at the evacuation site
5490,1446,filterLoc,,
5490,1447,evacuee,,Evacuee;227;in triage state;B;is at the evacuation site
5490,1449,filterLoc,,
5490,1450,evacuee,,Evacuee;267;in triage state;B;is at the evacuation site
5490,1452,filterLoc,,
5490,1453,evacuee,,Evacuee;73;in triage state;B;is at the evacuation site
5490,1455,filterLoc,,
5490,1456,evacuee,,Evacuee;233;in triage state;B;is at the evacuation site
5490,1458,filterLoc,,
5490,1459,evacuee,,Evacuee;236;in triage state;B;is at the evacuation site
5490,1461,filterLoc,,
5490,1462,evacuee,,Evacuee;7;in triage state;B;is at the evacuation site
5490,1464,filterLoc,,
5490,1465,evacuee,,Evacuee;237;in triage state;B;is at the evacuation site
5490,1467,filterLoc,,
5490,1468,evacuee,,Evacuee;238;in triage state;B;is at the evacuation site
5490,1470,filterLoc,,
5490,1471,evacuee,,Evacuee;113;in triage state;B;is at the evacuation site
5490,1473,filterLoc,,
5490,1474,evacuee,,Evacuee;239;in triage state;B;is at the evacuation site
5490,1476,filterLoc,,
5490,1477,evacuee,,Evacuee;243;in triage state;B;is at the evacuation site
5490,1479,filterLoc,,
5490,1480,evacuee,,Evacuee;96;in triage state;G;is at the FOL
5490,1482,filterLoc,,
5490,1483,evacuee,,Evacuee;244;in triage state;B;is at the evacuation site
5490,1485,filterLoc,,
5490,1486,evacuee,,Evacuee;247;in triage state;G;is at the FOL
5490,1488,filterLoc,,
5490,1489,evacuee,,Evacuee;59;in triage state;G;is at the FOL
5490,1491,filterLoc,,
5490,1492,evacuee,,Evacuee;248;in triage state;G;is at the FOL
5490,1494,filterLoc,,
5490,1495,evacuee,,Evacuee;467;in triage state;G;is at the FOL
5490,1497,filterLoc,,
5490,1498,evacuee,,Evacuee;298;in triage state;G;is at the FOL
5490,1500,filterLoc,,
5490,1501,evacuee,,Evacuee;254;in triage state;G;is at the FOL
5490,1503,filterLoc,,
5490,1504,evacuee,,Evacuee;257;in triage state;B;is at the evacuation site
5490,1506,filterLoc,,
5490,1507,evacuee,,Evacuee;210;in triage state;B;is at the evacuation site
5490,1509,filterLoc,,
5490,1510,evacuee,,Evacuee;258;in triage state;B;is at the evacuation site
