time,model_id,model_name,port_name,data
0,2,coastGuardShip,,The ship will arrive in 156 hours.
0,3,evacueeManager,,OFF SHIP: White;0;Green;475;Yellow;20;Red;5;Black;0;ON SHIP: White;0;Green;0;Yellow;0;Red;0;Evacuees to Transfer;
0,4,helipadManager,,;No helos are at ES
0,5,helicopterQueue,,;No helos are waiting to land
0,7,filterLoc,,
0,8,evacuee,,Evacuee;501;in triage state;R;is at the evacuation site
0,10,filterLoc,,
0,11,evacuee,,Evacuee;500;in triage state;R;is at the evacuation site
0,13,filterLoc,,
0,14,evacuee,,Evacuee;494;in triage state;Y;is at the evacuation site
0,16,filterLoc,,
0,17,evacuee,,Evacuee;492;in triage state;Y;is at the evacuation site
0,19,filterLoc,,
0,20,evacuee,,Evacuee;489;in triage state;Y;is at the evacuation site
0,22,filterLoc,,
0,23,evacuee,,Evacuee;486;in triage state;Y;is at the evacuation site
0,25,filterLoc,,
0,26,evacuee,,Evacuee;484;in triage state;Y;is at the evacuation site
0,28,filterLoc,,
0,29,evacuee,,Evacuee;483;in triage state;Y;is at the evacuation site
0,31,filterLoc,,
0,32,evacuee,,Evacuee;482;in triage state;Y;is at the evacuation site
0,34,filterLoc,,
0,35,evacuee,,Evacuee;499;in triage state;R;is at the evacuation site
0,37,filterLoc,,
0,38,evacuee,,Evacuee;479;in triage state;Y;is at the evacuation site
0,40,filterLoc,,
0,41,evacuee,,Evacuee;478;in triage state;Y;is at the evacuation site
0,43,filterLoc,,
0,44,evacuee,,Evacuee;476;in triage state;G;is at the evacuation site
0,46,filterLoc,,
0,47,evacuee,,Evacuee;475;in triage state;G;is at the evacuation site
0,49,filterLoc,,
0,50,evacuee,,Evacuee;472;in triage state;G;is at the evacuation site
0,52,filterLoc,,
0,53,evacuee,,Evacuee;471;in triage state;G;is at the evacuation site
0,55,filterLoc,,
0,56,evacuee,,Evacuee;468;in triage state;G;is at the evacuation site
0,58,filterLoc,,
0,59,evacuee,,Evacuee;463;in triage state;G;is at the evacuation site
0,61,filterLoc,,
0,62,evacuee,,Evacuee;462;in triage state;G;is at the evacuation site
0,64,filterLoc,,
0,65,evacuee,,Evacuee;461;in triage state;G;is at the evacuation site
0,67,filterLoc,,
0,68,evacuee,,Evacuee;459;in triage state;G;is at the evacuation site
0,70,filterLoc,,
0,71,evacuee,,Evacuee;495;in triage state;Y;is at the evacuation site
0,73,filterLoc,,
0,74,evacuee,,Evacuee;458;in triage state;G;is at the evacuation site
0,76,filterLoc,,
0,77,evacuee,,Evacuee;456;in triage state;G;is at the evacuation site
0,79,filterLoc,,
0,80,evacuee,,Evacuee;455;in triage state;G;is at the evacuation site
0,82,filterLoc,,
0,83,evacuee,,Evacuee;448;in triage state;G;is at the evacuation site
0,85,filterLoc,,
0,86,evacuee,,Evacuee;445;in triage state;G;is at the evacuation site
0,88,filterLoc,,
0,89,evacuee,,Evacuee;442;in triage state;G;is at the evacuation site
0,91,filterLoc,,
0,92,evacuee,,Evacuee;441;in triage state;G;is at the evacuation site
0,94,filterLoc,,
0,95,evacuee,,Evacuee;439;in triage state;G;is at the evacuation site
0,97,filterLoc,,
0,98,evacuee,,Evacuee;437;in triage state;G;is at the evacuation site
0,100,filterLoc,,
0,101,evacuee,,Evacuee;436;in triage state;G;is at the evacuation site
0,103,filterEvac,,
0,104,filterES,,
0,105,helicopter,,Helicopter;3;is unloading people at the FOL;;and has;0;spots taken
0,107,filterLoc,,
0,108,evacuee,,Evacuee;434;in triage state;G;is at the evacuation site
0,110,filterLoc,,
0,111,evacuee,,Evacuee;433;in triage state;G;is at the evacuation site
0,113,filterLoc,,
0,114,evacuee,,Evacuee;428;in triage state;G;is at the evacuation site
0,116,filterLoc,,
0,117,evacuee,,Evacuee;426;in triage state;G;is at the evacuation site
0,119,filterLoc,,
0,120,evacuee,,Evacuee;423;in triage state;G;is at the evacuation site
0,122,filterLoc,,
0,123,evacuee,,Evacuee;420;in triage state;G;is at the evacuation site
0,125,filterLoc,,
0,126,evacuee,,Evacuee;419;in triage state;G;is at the evacuation site
0,128,filterLoc,,
0,129,evacuee,,Evacuee;414;in triage state;G;is at the evacuation site
0,131,filterLoc,,
0,132,evacuee,,Evacuee;411;in triage state;G;is at the evacuation site
0,134,filterLoc,,
0,135,evacuee,,Evacuee;422;in triage state;G;is at the evacuation site
0,137,filterLoc,,
0,138,evacuee,,Evacuee;409;in triage state;G;is at the evacuation site
0,140,filterLoc,,
0,141,evacuee,,Evacuee;408;in triage state;G;is at the evacuation site
0,143,filterLoc,,
0,144,evacuee,,Evacuee;406;in triage state;G;is at the evacuation site
0,146,filterLoc,,
0,147,evacuee,,Evacuee;404;in triage state;G;is at the evacuation site
0,149,filterLoc,,
0,150,evacuee,,Evacuee;403;in triage state;G;is at the evacuation site
0,152,filterLoc,,
0,153,evacuee,,Evacuee;401;in triage state;G;is at the evacuation site
0,155,filterLoc,,
0,156,evacuee,,Evacuee;398;in triage state;G;is at the evacuation site
0,158,filterLoc,,
0,159,evacuee,,Evacuee;397;in triage state;G;is at the evacuation site
0,161,filterLoc,,
0,162,evacuee,,Evacuee;452;in triage state;G;is at the evacuation site
0,164,filterLoc,,
0,165,evacuee,,Evacuee;396;in triage state;G;is at the evacuation site
0,167,filterLoc,,
0,168,evacuee,,Evacuee;395;in triage state;G;is at the evacuation site
0,170,filterLoc,,
0,171,evacuee,,Evacuee;393;in triage state;G;is at the evacuation site
0,173,filterLoc,,
0,174,evacuee,,Evacuee;392;in triage state;G;is at the evacuation site
0,176,filterLoc,,
0,177,evacuee,,Evacuee;389;in triage state;G;is at the evacuation site
0,179,filterLoc,,
0,180,evacuee,,Evacuee;384;in triage state;G;is at the evacuation site
0,182,filterLoc,,
0,183,evacuee,,Evacuee;430;in triage state;G;is at the evacuation site
0,185,filterLoc,,
0,186,evacuee,,Evacuee;383;in triage state;G;is at the evacuation site
0,188,filterLoc,,
0,189,evacuee,,Evacuee;480;in triage state;Y;is at the evacuation site
0,191,filterLoc,,
0,192,evacuee,,Evacuee;382;in triage state;G;is at the evacuation site
0,194,filterLoc,,
0,195,evacuee,,Evacuee;381;in triage state;G;is at the evacuation site
0,197,filterLoc,,
0,198,evacuee,,Evacuee;427;in triage state;G;is at the evacuation site
0,200,filterLoc,,
0,201,evacuee,,Evacuee;380;in triage state;G;is at the evacuation site
0,203,filterLoc,,
0,204,evacuee,,Evacuee;379;in triage state;G;is at the evacuation site
0,206,filterLoc,,
0,207,evacuee,,Evacuee;378;in triage state;G;is at the evacuation site
0,209,filterLoc,,
0,210,evacuee,,Evacuee;377;in triage state;G;is at the evacuation site
0,212,filterLoc,,
0,213,evacuee,,Evacuee;375;in triage state;G;is at the evacuation site
0,215,filterLoc,,
0,216,evacuee,,Evacuee;374;in triage state;G;is at the evacuation site
0,218,filterLoc,,
0,219,evacuee,,Evacuee;372;in triage state;G;is at the evacuation site
0,221,filterLoc,,
0,222,evacuee,,Evacuee;371;in triage state;G;is at the evacuation site
0,223,FOL,,;Lives Saved;0
0,225,filterLoc,,
0,226,evacuee,,Evacuee;370;in triage state;G;is at the evacuation site
0,228,filterLoc,,
0,229,evacuee,,Evacuee;457;in triage state;G;is at the evacuation site
0,231,filterLoc,,
0,232,evacuee,,Evacuee;369;in triage state;G;is at the evacuation site
0,234,filterLoc,,
0,235,evacuee,,Evacuee;366;in triage state;G;is at the evacuation site
0,237,filterLoc,,
0,238,evacuee,,Evacuee;362;in triage state;G;is at the evacuation site
0,240,filterLoc,,
0,241,evacuee,,Evacuee;425;in triage state;G;is at the evacuation site
0,243,filterLoc,,
0,244,evacuee,,Evacuee;360;in triage state;G;is at the evacuation site
0,246,filterLoc,,
0,247,evacuee,,Evacuee;357;in triage state;G;is at the evacuation site
0,249,filterLoc,,
0,250,evacuee,,Evacuee;354;in triage state;G;is at the evacuation site
0,252,filterLoc,,
0,253,evacuee,,Evacuee;353;in triage state;G;is at the evacuation site
0,255,filterLoc,,
0,256,evacuee,,Evacuee;351;in triage state;G;is at the evacuation site
0,258,filterLoc,,
0,259,evacuee,,Evacuee;349;in triage state;G;is at the evacuation site
0,261,filterLoc,,
0,262,evacuee,,Evacuee;348;in triage state;G;is at the evacuation site
0,264,filterLoc,,
0,265,evacuee,,Evacuee;346;in triage state;G;is at the evacuation site
0,267,filterLoc,,
0,268,evacuee,,Evacuee;341;in triage state;G;is at the evacuation site
0,270,filterLoc,,
0,271,evacuee,,Evacuee;340;in triage state;G;is at the evacuation site
0,273,filterLoc,,
0,274,evacuee,,Evacuee;338;in triage state;G;is at the evacuation site
0,276,filterLoc,,
0,277,evacuee,,Evacuee;335;in triage state;G;is at the evacuation site
0,279,filterLoc,,
0,280,evacuee,,Evacuee;331;in triage state;G;is at the evacuation site
0,282,filterLoc,,
0,283,evacuee,,Evacuee;503;in triage state;R;is at the evacuation site
0,285,filterLoc,,
0,286,evacuee,,Evacuee;330;in triage state;G;is at the evacuation site
0,288,filterLoc,,
0,289,evacuee,,Evacuee;328;in triage state;G;is at the evacuation site
0,291,filterLoc,,
0,292,evacuee,,Evacuee;327;in triage state;G;is at the evacuation site
0,294,filterLoc,,
0,295,evacuee,,Evacuee;410;in triage state;G;is at the evacuation site
0,297,filterLoc,,
0,298,evacuee,,Evacuee;326;in triage state;G;is at the evacuation site
0,300,filterLoc,,
0,301,evacuee,,Evacuee;466;in triage state;G;is at the evacuation site
0,303,filterLoc,,
0,304,evacuee,,Evacuee;325;in triage state;G;is at the evacuation site
0,306,filterLoc,,
0,307,evacuee,,Evacuee;365;in triage state;G;is at the evacuation site
0,309,filterLoc,,
0,310,evacuee,,Evacuee;322;in triage state;G;is at the evacuation site
0,312,filterLoc,,
0,313,evacuee,,Evacuee;321;in triage state;G;is at the evacuation site
0,315,filterLoc,,
0,316,evacuee,,Evacuee;319;in triage state;G;is at the evacuation site
0,318,filterLoc,,
0,319,evacuee,,Evacuee;318;in triage state;G;is at the evacuation site
0,321,filterLoc,,
0,322,evacuee,,Evacuee;317;in triage state;G;is at the evacuation site
0,324,filterLoc,,
0,325,evacuee,,Evacuee;460;in triage state;G;is at the evacuation site
0,327,filterLoc,,
0,328,evacuee,,Evacuee;316;in triage state;G;is at the evacuation site
0,330,filterLoc,,
0,331,evacuee,,Evacuee;446;in triage state;G;is at the evacuation site
0,333,filterLoc,,
0,334,evacuee,,Evacuee;313;in triage state;G;is at the evacuation site
0,336,filterLoc,,
0,337,evacuee,,Evacuee;443;in triage state;G;is at the evacuation site
0,339,filterLoc,,
0,340,evacuee,,Evacuee;312;in triage state;G;is at the evacuation site
0,342,filterLoc,,
0,343,evacuee,,Evacuee;309;in triage state;G;is at the evacuation site
0,345,filterLoc,,
0,346,evacuee,,Evacuee;306;in triage state;G;is at the evacuation site
0,348,filterLoc,,
0,349,evacuee,,Evacuee;305;in triage state;G;is at the evacuation site
0,351,filterLoc,,
0,352,evacuee,,Evacuee;303;in triage state;G;is at the evacuation site
0,354,filterLoc,,
0,355,evacuee,,Evacuee;295;in triage state;G;is at the evacuation site
0,357,filterLoc,,
0,358,evacuee,,Evacuee;352;in triage state;G;is at the evacuation site
0,360,filterLoc,,
0,361,evacuee,,Evacuee;293;in triage state;G;is at the evacuation site
0,363,filterLoc,,
0,364,evacuee,,Evacuee;488;in triage state;Y;is at the evacuation site
0,366,filterLoc,,
0,367,evacuee,,Evacuee;413;in triage state;G;is at the evacuation site
0,369,filterLoc,,
0,370,evacuee,,Evacuee;292;in triage state;G;is at the evacuation site
0,372,filterLoc,,
0,373,evacuee,,Evacuee;291;in triage state;G;is at the evacuation site
0,375,filterLoc,,
0,376,evacuee,,Evacuee;290;in triage state;G;is at the evacuation site
0,378,filterLoc,,
0,379,evacuee,,Evacuee;350;in triage state;G;is at the evacuation site
0,381,filterLoc,,
0,382,evacuee,,Evacuee;288;in triage state;G;is at the evacuation site
0,384,filterLoc,,
0,385,evacuee,,Evacuee;287;in triage state;G;is at the evacuation site
0,387,filterLoc,,
0,388,evacuee,,Evacuee;415;in triage state;G;is at the evacuation site
0,390,filterLoc,,
0,391,evacuee,,Evacuee;376;in triage state;G;is at the evacuation site
0,393,filterLoc,,
0,394,evacuee,,Evacuee;284;in triage state;G;is at the evacuation site
0,396,filterLoc,,
0,397,evacuee,,Evacuee;283;in triage state;G;is at the evacuation site
0,399,filterLoc,,
0,400,evacuee,,Evacuee;282;in triage state;G;is at the evacuation site
0,402,filterLoc,,
0,403,evacuee,,Evacuee;281;in triage state;G;is at the evacuation site
0,405,filterLoc,,
0,406,evacuee,,Evacuee;280;in triage state;G;is at the evacuation site
0,408,filterLoc,,
0,409,evacuee,,Evacuee;333;in triage state;G;is at the evacuation site
0,411,filterLoc,,
0,412,evacuee,,Evacuee;279;in triage state;G;is at the evacuation site
0,414,filterLoc,,
0,415,evacuee,,Evacuee;278;in triage state;G;is at the evacuation site
0,417,filterLoc,,
0,418,evacuee,,Evacuee;277;in triage state;G;is at the evacuation site
0,420,filterLoc,,
0,421,evacuee,,Evacuee;315;in triage state;G;is at the evacuation site
0,423,filterLoc,,
0,424,evacuee,,Evacuee;274;in triage state;G;is at the evacuation site
0,426,filterLoc,,
0,427,evacuee,,Evacuee;273;in triage state;G;is at the evacuation site
0,429,filterLoc,,
0,430,evacuee,,Evacuee;337;in triage state;G;is at the evacuation site
0,432,filterLoc,,
0,433,evacuee,,Evacuee;301;in triage state;G;is at the evacuation site
0,435,filterLoc,,
0,436,evacuee,,Evacuee;272;in triage state;G;is at the evacuation site
0,438,filterLoc,,
0,439,evacuee,,Evacuee;270;in triage state;G;is at the evacuation site
0,441,filterLoc,,
0,442,evacuee,,Evacuee;264;in triage state;G;is at the evacuation site
0,444,filterLoc,,
0,445,evacuee,,Evacuee;262;in triage state;G;is at the evacuation site
0,447,filterLoc,,
0,448,evacuee,,Evacuee;260;in triage state;G;is at the evacuation site
0,450,filterLoc,,
0,451,evacuee,,Evacuee;259;in triage state;G;is at the evacuation site
0,453,filterLoc,,
0,454,evacuee,,Evacuee;125;in triage state;G;is at the evacuation site
0,456,filterLoc,,
0,457,evacuee,,Evacuee;114;in triage state;G;is at the evacuation site
0,459,filterLoc,,
0,460,evacuee,,Evacuee;289;in triage state;G;is at the evacuation site
0,462,filterLoc,,
0,463,evacuee,,Evacuee;88;in triage state;G;is at the evacuation site
0,465,filterLoc,,
0,466,evacuee,,Evacuee;449;in triage state;G;is at the evacuation site
0,468,filterLoc,,
0,469,evacuee,,Evacuee;122;in triage state;G;is at the evacuation site
0,471,filterLoc,,
0,472,evacuee,,Evacuee;108;in triage state;G;is at the evacuation site
0,474,filterLoc,,
0,475,evacuee,,Evacuee;276;in triage state;G;is at the evacuation site
0,477,filterLoc,,
0,478,evacuee,,Evacuee;121;in triage state;G;is at the evacuation site
0,480,filterLoc,,
0,481,evacuee,,Evacuee;386;in triage state;G;is at the evacuation site
0,483,filterLoc,,
0,484,evacuee,,Evacuee;117;in triage state;G;is at the evacuation site
0,486,filterLoc,,
0,487,evacuee,,Evacuee;192;in triage state;G;is at the evacuation site
0,489,filterLoc,,
0,490,evacuee,,Evacuee;432;in triage state;G;is at the evacuation site
0,492,filterLoc,,
0,493,evacuee,,Evacuee;245;in triage state;G;is at the evacuation site
0,495,filterLoc,,
0,496,evacuee,,Evacuee;310;in triage state;G;is at the evacuation site
0,498,filterLoc,,
0,499,evacuee,,Evacuee;118;in triage state;G;is at the evacuation site
0,501,filterLoc,,
0,502,evacuee,,Evacuee;502;in triage state;R;is at the evacuation site
0,504,filterLoc,,
0,505,evacuee,,Evacuee;491;in triage state;Y;is at the evacuation site
0,507,filterLoc,,
0,508,evacuee,,Evacuee;470;in triage state;G;is at the evacuation site
0,510,filterLoc,,
0,511,evacuee,,Evacuee;469;in triage state;G;is at the evacuation site
0,513,filterLoc,,
0,514,evacuee,,Evacuee;215;in triage state;G;is at the evacuation site
0,516,filterLoc,,
0,517,evacuee,,Evacuee;345;in triage state;G;is at the evacuation site
0,519,filterLoc,,
0,520,evacuee,,Evacuee;302;in triage state;G;is at the evacuation site
0,522,filterLoc,,
0,523,evacuee,,Evacuee;112;in triage state;G;is at the evacuation site
0,525,filterLoc,,
0,526,evacuee,,Evacuee;299;in triage state;G;is at the evacuation site
0,528,filterLoc,,
0,529,evacuee,,Evacuee;109;in triage state;G;is at the evacuation site
0,531,filterLoc,,
0,532,evacuee,,Evacuee;373;in triage state;G;is at the evacuation site
0,534,filterLoc,,
0,535,evacuee,,Evacuee;358;in triage state;G;is at the evacuation site
0,537,filterLoc,,
0,538,evacuee,,Evacuee;188;in triage state;G;is at the evacuation site
0,540,filterLoc,,
0,541,evacuee,,Evacuee;106;in triage state;G;is at the evacuation site
0,543,filterLoc,,
0,544,evacuee,,Evacuee;311;in triage state;G;is at the evacuation site
0,546,filterLoc,,
0,547,evacuee,,Evacuee;148;in triage state;G;is at the evacuation site
0,549,filterLoc,,
0,550,evacuee,,Evacuee;235;in triage state;G;is at the evacuation site
0,552,filterLoc,,
0,553,evacuee,,Evacuee;105;in triage state;G;is at the evacuation site
0,555,filterLoc,,
0,556,evacuee,,Evacuee;424;in triage state;G;is at the evacuation site
0,558,filterLoc,,
0,559,evacuee,,Evacuee;269;in triage state;G;is at the evacuation site
0,561,filterLoc,,
0,562,evacuee,,Evacuee;103;in triage state;G;is at the evacuation site
0,564,filterLoc,,
0,565,evacuee,,Evacuee;124;in triage state;G;is at the evacuation site
0,567,filterLoc,,
0,568,evacuee,,Evacuee;111;in triage state;G;is at the evacuation site
0,570,filterLoc,,
0,571,evacuee,,Evacuee;39;in triage state;G;is at the evacuation site
0,573,filterLoc,,
0,574,evacuee,,Evacuee;228;in triage state;G;is at the evacuation site
0,576,filterLoc,,
0,577,evacuee,,Evacuee;497;in triage state;Y;is at the evacuation site
0,579,filterLoc,,
0,580,evacuee,,Evacuee;101;in triage state;G;is at the evacuation site
0,582,filterLoc,,
0,583,evacuee,,Evacuee;142;in triage state;G;is at the evacuation site
0,585,filterLoc,,
0,586,evacuee,,Evacuee;99;in triage state;G;is at the evacuation site
0,588,filterLoc,,
0,589,evacuee,,Evacuee;485;in triage state;Y;is at the evacuation site
0,591,filterLoc,,
0,592,evacuee,,Evacuee;324;in triage state;G;is at the evacuation site
0,594,filterLoc,,
0,595,evacuee,,Evacuee;95;in triage state;G;is at the evacuation site
0,597,filterLoc,,
0,598,evacuee,,Evacuee;447;in triage state;G;is at the evacuation site
0,600,filterLoc,,
0,601,evacuee,,Evacuee;361;in triage state;G;is at the evacuation site
0,603,filterLoc,,
0,604,evacuee,,Evacuee;342;in triage state;G;is at the evacuation site
0,606,filterLoc,,
0,607,evacuee,,Evacuee;93;in triage state;G;is at the evacuation site
0,609,filterLoc,,
0,610,evacuee,,Evacuee;136;in triage state;G;is at the evacuation site
0,612,filterLoc,,
0,613,evacuee,,Evacuee;412;in triage state;G;is at the evacuation site
0,615,filterLoc,,
0,616,evacuee,,Evacuee;90;in triage state;G;is at the evacuation site
0,618,filterLoc,,
0,619,evacuee,,Evacuee;83;in triage state;G;is at the evacuation site
0,621,filterLoc,,
0,622,evacuee,,Evacuee;127;in triage state;G;is at the evacuation site
0,624,filterLoc,,
0,625,evacuee,,Evacuee;49;in triage state;G;is at the evacuation site
0,627,filterLoc,,
0,628,evacuee,,Evacuee;87;in triage state;G;is at the evacuation site
0,630,filterLoc,,
0,631,evacuee,,Evacuee;297;in triage state;G;is at the evacuation site
0,633,filterLoc,,
0,634,evacuee,,Evacuee;86;in triage state;G;is at the evacuation site
0,636,filterLoc,,
0,637,evacuee,,Evacuee;51;in triage state;G;is at the evacuation site
0,639,filterLoc,,
0,640,evacuee,,Evacuee;444;in triage state;G;is at the evacuation site
0,642,filterLoc,,
0,643,evacuee,,Evacuee;80;in triage state;G;is at the evacuation site
0,645,filterLoc,,
0,646,evacuee,,Evacuee;79;in triage state;G;is at the evacuation site
0,648,filterLoc,,
0,649,evacuee,,Evacuee;115;in triage state;G;is at the evacuation site
0,651,filterLoc,,
0,652,evacuee,,Evacuee;98;in triage state;G;is at the evacuation site
0,654,filterLoc,,
0,655,evacuee,,Evacuee;356;in triage state;G;is at the evacuation site
0,657,filterLoc,,
0,658,evacuee,,Evacuee;78;in triage state;G;is at the evacuation site
0,660,filterLoc,,
0,661,evacuee,,Evacuee;213;in triage state;G;is at the evacuation site
0,663,filterLoc,,
0,664,evacuee,,Evacuee;344;in triage state;G;is at the evacuation site
0,666,filterLoc,,
0,667,evacuee,,Evacuee;77;in triage state;G;is at the evacuation site
0,669,filterLoc,,
0,670,evacuee,,Evacuee;156;in triage state;G;is at the evacuation site
0,672,filterLoc,,
0,673,evacuee,,Evacuee;300;in triage state;G;is at the evacuation site
0,675,filterLoc,,
0,676,evacuee,,Evacuee;165;in triage state;G;is at the evacuation site
0,678,filterLoc,,
0,679,evacuee,,Evacuee;454;in triage state;G;is at the evacuation site
0,681,filterLoc,,
0,682,evacuee,,Evacuee;440;in triage state;G;is at the evacuation site
0,684,filterLoc,,
0,685,evacuee,,Evacuee;76;in triage state;G;is at the evacuation site
0,687,filterLoc,,
0,688,evacuee,,Evacuee;431;in triage state;G;is at the evacuation site
0,690,filterLoc,,
0,691,evacuee,,Evacuee;74;in triage state;G;is at the evacuation site
0,693,filterLoc,,
0,694,evacuee,,Evacuee;363;in triage state;G;is at the evacuation site
0,696,filterLoc,,
0,697,evacuee,,Evacuee;251;in triage state;G;is at the evacuation site
0,699,filterLoc,,
0,700,evacuee,,Evacuee;128;in triage state;G;is at the evacuation site
0,702,filterLoc,,
0,703,evacuee,,Evacuee;134;in triage state;G;is at the evacuation site
0,705,filterLoc,,
0,706,evacuee,,Evacuee;199;in triage state;G;is at the evacuation site
0,708,filterLoc,,
0,709,evacuee,,Evacuee;66;in triage state;G;is at the evacuation site
0,711,filterLoc,,
0,712,evacuee,,Evacuee;62;in triage state;G;is at the evacuation site
0,714,filterLoc,,
0,715,evacuee,,Evacuee;223;in triage state;G;is at the evacuation site
0,717,filterLoc,,
0,718,evacuee,,Evacuee;135;in triage state;G;is at the evacuation site
0,720,filterLoc,,
0,721,evacuee,,Evacuee;15;in triage state;G;is at the evacuation site
0,723,filterLoc,,
0,724,evacuee,,Evacuee;474;in triage state;G;is at the evacuation site
0,726,filterLoc,,
0,727,evacuee,,Evacuee;17;in triage state;G;is at the evacuation site
0,729,filterLoc,,
0,730,evacuee,,Evacuee;481;in triage state;Y;is at the evacuation site
0,732,filterLoc,,
0,733,evacuee,,Evacuee;179;in triage state;G;is at the evacuation site
0,735,filterLoc,,
0,736,evacuee,,Evacuee;147;in triage state;G;is at the evacuation site
0,738,filterLoc,,
0,739,evacuee,,Evacuee;65;in triage state;G;is at the evacuation site
0,741,filterLoc,,
0,742,evacuee,,Evacuee;14;in triage state;G;is at the evacuation site
0,744,filterLoc,,
0,745,evacuee,,Evacuee;218;in triage state;G;is at the evacuation site
0,747,filterLoc,,
0,748,evacuee,,Evacuee;2;in triage state;G;is at the evacuation site
0,750,filterLoc,,
0,751,evacuee,,Evacuee;33;in triage state;G;is at the evacuation site
0,753,filterLoc,,
0,754,evacuee,,Evacuee;271;in triage state;G;is at the evacuation site
0,756,filterLoc,,
0,757,evacuee,,Evacuee;9;in triage state;G;is at the evacuation site
0,759,filterLoc,,
0,760,evacuee,,Evacuee;25;in triage state;G;is at the evacuation site
0,762,filterLoc,,
0,763,evacuee,,Evacuee;334;in triage state;G;is at the evacuation site
0,765,filterLoc,,
0,766,evacuee,,Evacuee;70;in triage state;G;is at the evacuation site
0,768,filterLoc,,
0,769,evacuee,,Evacuee;5;in triage state;G;is at the evacuation site
0,771,filterLoc,,
0,772,evacuee,,Evacuee;250;in triage state;G;is at the evacuation site
0,774,filterLoc,,
0,775,evacuee,,Evacuee;107;in triage state;G;is at the evacuation site
0,777,filterLoc,,
0,778,evacuee,,Evacuee;229;in triage state;G;is at the evacuation site
0,780,filterLoc,,
0,781,evacuee,,Evacuee;110;in triage state;G;is at the evacuation site
0,783,filterLoc,,
0,784,evacuee,,Evacuee;141;in triage state;G;is at the evacuation site
0,786,filterLoc,,
0,787,evacuee,,Evacuee;133;in triage state;G;is at the evacuation site
0,789,filterLoc,,
0,790,evacuee,,Evacuee;493;in triage state;Y;is at the evacuation site
0,792,filterLoc,,
0,793,evacuee,,Evacuee;473;in triage state;G;is at the evacuation site
0,795,filterLoc,,
0,796,evacuee,,Evacuee;400;in triage state;G;is at the evacuation site
0,798,filterLoc,,
0,799,evacuee,,Evacuee;268;in triage state;G;is at the evacuation site
0,801,filterLoc,,
0,802,evacuee,,Evacuee;100;in triage state;G;is at the evacuation site
0,804,filterLoc,,
0,805,evacuee,,Evacuee;29;in triage state;G;is at the evacuation site
0,807,filterLoc,,
0,808,evacuee,,Evacuee;158;in triage state;G;is at the evacuation site
0,810,filterLoc,,
0,811,evacuee,,Evacuee;187;in triage state;G;is at the evacuation site
0,813,filterLoc,,
0,814,evacuee,,Evacuee;85;in triage state;G;is at the evacuation site
0,816,filterLoc,,
0,817,evacuee,,Evacuee;487;in triage state;Y;is at the evacuation site
0,819,filterLoc,,
0,820,evacuee,,Evacuee;71;in triage state;G;is at the evacuation site
0,822,filterLoc,,
0,823,evacuee,,Evacuee;332;in triage state;G;is at the evacuation site
0,825,filterLoc,,
0,826,evacuee,,Evacuee;81;in triage state;G;is at the evacuation site
0,828,filterLoc,,
0,829,evacuee,,Evacuee;104;in triage state;G;is at the evacuation site
0,831,filterLoc,,
0,832,evacuee,,Evacuee;40;in triage state;G;is at the evacuation site
0,834,filterLoc,,
0,835,evacuee,,Evacuee;97;in triage state;G;is at the evacuation site
0,837,filterLoc,,
0,838,evacuee,,Evacuee;453;in triage state;G;is at the evacuation site
0,840,filterLoc,,
0,841,evacuee,,Evacuee;285;in triage state;G;is at the evacuation site
0,843,filterLoc,,
0,844,evacuee,,Evacuee;89;in triage state;G;is at the evacuation site
0,846,filterLoc,,
0,847,evacuee,,Evacuee;394;in triage state;G;is at the evacuation site
0,849,filterLoc,,
0,850,evacuee,,Evacuee;240;in triage state;G;is at the evacuation site
0,852,filterLoc,,
0,853,evacuee,,Evacuee;8;in triage state;G;is at the evacuation site
0,855,filterLoc,,
0,856,evacuee,,Evacuee;3;in triage state;G;is at the evacuation site
0,858,filterLoc,,
0,859,evacuee,,Evacuee;172;in triage state;G;is at the evacuation site
0,861,filterLoc,,
0,862,evacuee,,Evacuee;256;in triage state;G;is at the evacuation site
0,864,filterLoc,,
0,865,evacuee,,Evacuee;347;in triage state;G;is at the evacuation site
0,867,filterLoc,,
0,868,evacuee,,Evacuee;82;in triage state;G;is at the evacuation site
0,870,filterLoc,,
0,871,evacuee,,Evacuee;54;in triage state;G;is at the evacuation site
0,873,filterLoc,,
0,874,evacuee,,Evacuee;368;in triage state;G;is at the evacuation site
0,876,filterLoc,,
0,877,evacuee,,Evacuee;4;in triage state;G;is at the evacuation site
0,879,filterLoc,,
0,880,evacuee,,Evacuee;18;in triage state;G;is at the evacuation site
0,882,filterLoc,,
0,883,evacuee,,Evacuee;387;in triage state;G;is at the evacuation site
0,885,filterLoc,,
0,886,evacuee,,Evacuee;246;in triage state;G;is at the evacuation site
0,888,filterLoc,,
0,889,evacuee,,Evacuee;22;in triage state;G;is at the evacuation site
0,891,filterLoc,,
0,892,evacuee,,Evacuee;92;in triage state;G;is at the evacuation site
0,894,filterLoc,,
0,895,evacuee,,Evacuee;44;in triage state;G;is at the evacuation site
0,897,filterLoc,,
0,898,evacuee,,Evacuee;150;in triage state;G;is at the evacuation site
0,900,filterLoc,,
0,901,evacuee,,Evacuee;119;in triage state;G;is at the evacuation site
0,903,filterLoc,,
0,904,evacuee,,Evacuee;6;in triage state;G;is at the evacuation site
0,906,filterLoc,,
0,907,evacuee,,Evacuee;173;in triage state;G;is at the evacuation site
0,909,filterLoc,,
0,910,evacuee,,Evacuee;157;in triage state;G;is at the evacuation site
0,912,filterLoc,,
0,913,evacuee,,Evacuee;451;in triage state;G;is at the evacuation site
0,915,filterLoc,,
0,916,evacuee,,Evacuee;359;in triage state;G;is at the evacuation site
0,918,filterLoc,,
0,919,evacuee,,Evacuee;286;in triage state;G;is at the evacuation site
0,921,filterLoc,,
0,922,evacuee,,Evacuee;196;in triage state;G;is at the evacuation site
0,924,filterLoc,,
0,925,evacuee,,Evacuee;407;in triage state;G;is at the evacuation site
0,927,filterLoc,,
0,928,evacuee,,Evacuee;132;in triage state;G;is at the evacuation site
0,930,filterLoc,,
0,931,evacuee,,Evacuee;31;in triage state;G;is at the evacuation site
0,933,filterLoc,,
0,934,evacuee,,Evacuee;38;in triage state;G;is at the evacuation site
0,936,filterLoc,,
0,937,evacuee,,Evacuee;10;in triage state;G;is at the evacuation site
0,939,filterLoc,,
0,940,evacuee,,Evacuee;26;in triage state;G;is at the evacuation site
0,942,filterLoc,,
0,943,evacuee,,Evacuee;343;in triage state;G;is at the evacuation site
0,945,filterLoc,,
0,946,evacuee,,Evacuee;241;in triage state;G;is at the evacuation site
0,948,filterLoc,,
0,949,evacuee,,Evacuee;418;in triage state;G;is at the evacuation site
0,951,filterLoc,,
0,952,evacuee,,Evacuee;75;in triage state;G;is at the evacuation site
0,954,filterLoc,,
0,955,evacuee,,Evacuee;37;in triage state;G;is at the evacuation site
0,957,filterLoc,,
0,958,evacuee,,Evacuee;496;in triage state;Y;is at the evacuation site
0,960,filterLoc,,
0,961,evacuee,,Evacuee;209;in triage state;G;is at the evacuation site
0,963,filterLoc,,
0,964,evacuee,,Evacuee;402;in triage state;G;is at the evacuation site
0,966,filterLoc,,
0,967,evacuee,,Evacuee;320;in triage state;G;is at the evacuation site
0,969,filterLoc,,
0,970,evacuee,,Evacuee;116;in triage state;G;is at the evacuation site
0,972,filterLoc,,
0,973,evacuee,,Evacuee;61;in triage state;G;is at the evacuation site
0,975,filterLoc,,
0,976,evacuee,,Evacuee;52;in triage state;G;is at the evacuation site
0,978,filterLoc,,
0,979,evacuee,,Evacuee;41;in triage state;G;is at the evacuation site
0,981,filterLoc,,
0,982,evacuee,,Evacuee;304;in triage state;G;is at the evacuation site
0,984,filterLoc,,
0,985,evacuee,,Evacuee;154;in triage state;G;is at the evacuation site
0,987,filterLoc,,
0,988,evacuee,,Evacuee;421;in triage state;G;is at the evacuation site
0,990,filterLoc,,
0,991,evacuee,,Evacuee;405;in triage state;G;is at the evacuation site
0,993,filterLoc,,
0,994,evacuee,,Evacuee;21;in triage state;G;is at the evacuation site
0,996,filterLoc,,
0,997,evacuee,,Evacuee;68;in triage state;G;is at the evacuation site
0,999,filterLoc,,
0,1000,evacuee,,Evacuee;72;in triage state;G;is at the evacuation site
0,1002,filterLoc,,
0,1003,evacuee,,Evacuee;46;in triage state;G;is at the evacuation site
0,1005,filterLoc,,
0,1006,evacuee,,Evacuee;53;in triage state;G;is at the evacuation site
0,1008,filterLoc,,
0,1009,evacuee,,Evacuee;220;in triage state;G;is at the evacuation site
0,1011,filterLoc,,
0,1012,evacuee,,Evacuee;355;in triage state;G;is at the evacuation site
0,1014,filterLoc,,
0,1015,evacuee,,Evacuee;23;in triage state;G;is at the evacuation site
0,1017,filterLoc,,
0,1018,evacuee,,Evacuee;200;in triage state;G;is at the evacuation site
0,1020,filterLoc,,
0,1021,evacuee,,Evacuee;255;in triage state;G;is at the evacuation site
0,1023,filterLoc,,
0,1024,evacuee,,Evacuee;13;in triage state;G;is at the evacuation site
0,1026,filterLoc,,
0,1027,evacuee,,Evacuee;24;in triage state;G;is at the evacuation site
0,1029,filterLoc,,
0,1030,evacuee,,Evacuee;32;in triage state;G;is at the evacuation site
0,1032,filterLoc,,
0,1033,evacuee,,Evacuee;34;in triage state;G;is at the evacuation site
0,1035,filterLoc,,
0,1036,evacuee,,Evacuee;64;in triage state;G;is at the evacuation site
0,1038,filterLoc,,
0,1039,evacuee,,Evacuee;429;in triage state;G;is at the evacuation site
0,1041,filterLoc,,
0,1042,evacuee,,Evacuee;102;in triage state;G;is at the evacuation site
0,1044,filterLoc,,
0,1045,evacuee,,Evacuee;160;in triage state;G;is at the evacuation site
0,1047,filterLoc,,
0,1048,evacuee,,Evacuee;20;in triage state;G;is at the evacuation site
0,1050,filterLoc,,
0,1051,evacuee,,Evacuee;35;in triage state;G;is at the evacuation site
0,1053,filterLoc,,
0,1054,evacuee,,Evacuee;155;in triage state;G;is at the evacuation site
0,1056,filterLoc,,
0,1057,evacuee,,Evacuee;36;in triage state;G;is at the evacuation site
0,1059,filterLoc,,
0,1060,evacuee,,Evacuee;198;in triage state;G;is at the evacuation site
0,1062,filterLoc,,
0,1063,evacuee,,Evacuee;84;in triage state;G;is at the evacuation site
0,1065,filterLoc,,
0,1066,evacuee,,Evacuee;42;in triage state;G;is at the evacuation site
0,1068,filterLoc,,
0,1069,evacuee,,Evacuee;91;in triage state;G;is at the evacuation site
0,1071,filterLoc,,
0,1072,evacuee,,Evacuee;43;in triage state;G;is at the evacuation site
0,1074,filterLoc,,
0,1075,evacuee,,Evacuee;30;in triage state;G;is at the evacuation site
0,1077,filterLoc,,
0,1078,evacuee,,Evacuee;336;in triage state;G;is at the evacuation site
0,1080,filterLoc,,
0,1081,evacuee,,Evacuee;307;in triage state;G;is at the evacuation site
0,1083,filterLoc,,
0,1084,evacuee,,Evacuee;212;in triage state;G;is at the evacuation site
0,1086,filterLoc,,
0,1087,evacuee,,Evacuee;391;in triage state;G;is at the evacuation site
0,1089,filterLoc,,
0,1090,evacuee,,Evacuee;388;in triage state;G;is at the evacuation site
0,1092,filterLoc,,
0,1093,evacuee,,Evacuee;55;in triage state;G;is at the evacuation site
0,1095,filterLoc,,
0,1096,evacuee,,Evacuee;48;in triage state;G;is at the evacuation site
0,1098,filterLoc,,
0,1099,evacuee,,Evacuee;144;in triage state;G;is at the evacuation site
0,1101,filterLoc,,
0,1102,evacuee,,Evacuee;50;in triage state;G;is at the evacuation site
0,1104,filterLoc,,
0,1105,evacuee,,Evacuee;19;in triage state;G;is at the evacuation site
0,1107,filterLoc,,
0,1108,evacuee,,Evacuee;182;in triage state;G;is at the evacuation site
0,1110,filterLoc,,
0,1111,evacuee,,Evacuee;490;in triage state;Y;is at the evacuation site
0,1113,filterLoc,,
0,1114,evacuee,,Evacuee;266;in triage state;G;is at the evacuation site
0,1116,filterLoc,,
0,1117,evacuee,,Evacuee;120;in triage state;G;is at the evacuation site
0,1119,filterEvac,,
0,1120,filterES,,
0,1121,helicopter,,Helicopter;2;is unloading people at the FOL;;and has;0;spots taken
0,1123,filterLoc,,
0,1124,evacuee,,Evacuee;94;in triage state;G;is at the evacuation site
0,1126,filterLoc,,
0,1127,evacuee,,Evacuee;63;in triage state;G;is at the evacuation site
0,1129,filterLoc,,
0,1130,evacuee,,Evacuee;175;in triage state;G;is at the evacuation site
0,1132,filterLoc,,
0,1133,evacuee,,Evacuee;47;in triage state;G;is at the evacuation site
0,1135,filterLoc,,
0,1136,evacuee,,Evacuee;56;in triage state;G;is at the evacuation site
0,1138,filterLoc,,
0,1139,evacuee,,Evacuee;367;in triage state;G;is at the evacuation site
0,1141,filterLoc,,
0,1142,evacuee,,Evacuee;364;in triage state;G;is at the evacuation site
0,1144,filterLoc,,
0,1145,evacuee,,Evacuee;208;in triage state;G;is at the evacuation site
0,1147,filterLoc,,
0,1148,evacuee,,Evacuee;57;in triage state;G;is at the evacuation site
0,1150,filterLoc,,
0,1151,evacuee,,Evacuee;231;in triage state;G;is at the evacuation site
0,1153,filterLoc,,
0,1154,evacuee,,Evacuee;261;in triage state;G;is at the evacuation site
0,1156,filterLoc,,
0,1157,evacuee,,Evacuee;45;in triage state;G;is at the evacuation site
0,1159,filterEvac,,
0,1160,filterES,,
0,1161,helicopter,,Helicopter;1;is unloading people at the FOL;;and has;0;spots taken
0,1163,filterLoc,,
0,1164,evacuee,,Evacuee;263;in triage state;G;is at the evacuation site
0,1166,filterLoc,,
0,1167,evacuee,,Evacuee;190;in triage state;G;is at the evacuation site
0,1169,filterLoc,,
0,1170,evacuee,,Evacuee;465;in triage state;G;is at the evacuation site
0,1172,filterLoc,,
0,1173,evacuee,,Evacuee;60;in triage state;G;is at the evacuation site
0,1175,filterLoc,,
0,1176,evacuee,,Evacuee;385;in triage state;G;is at the evacuation site
0,1178,filterLoc,,
0,1179,evacuee,,Evacuee;181;in triage state;G;is at the evacuation site
0,1181,filterLoc,,
0,1182,evacuee,,Evacuee;416;in triage state;G;is at the evacuation site
0,1184,filterLoc,,
0,1185,evacuee,,Evacuee;129;in triage state;G;is at the evacuation site
0,1187,filterLoc,,
0,1188,evacuee,,Evacuee;308;in triage state;G;is at the evacuation site
0,1190,filterLoc,,
0,1191,evacuee,,Evacuee;131;in triage state;G;is at the evacuation site
0,1193,filterLoc,,
0,1194,evacuee,,Evacuee;137;in triage state;G;is at the evacuation site
0,1196,filterLoc,,
0,1197,evacuee,,Evacuee;138;in triage state;G;is at the evacuation site
0,1199,filterLoc,,
0,1200,evacuee,,Evacuee;265;in triage state;G;is at the evacuation site
0,1202,filterLoc,,
0,1203,evacuee,,Evacuee;139;in triage state;G;is at the evacuation site
0,1205,filterLoc,,
0,1206,evacuee,,Evacuee;194;in triage state;G;is at the evacuation site
0,1208,filterLoc,,
0,1209,evacuee,,Evacuee;140;in triage state;G;is at the evacuation site
0,1211,filterLoc,,
0,1212,evacuee,,Evacuee;130;in triage state;G;is at the evacuation site
0,1214,filterLoc,,
0,1215,evacuee,,Evacuee;143;in triage state;G;is at the evacuation site
0,1217,filterLoc,,
0,1218,evacuee,,Evacuee;149;in triage state;G;is at the evacuation site
0,1220,filterLoc,,
0,1221,evacuee,,Evacuee;296;in triage state;G;is at the evacuation site
0,1223,filterLoc,,
0,1224,evacuee,,Evacuee;151;in triage state;G;is at the evacuation site
0,1226,filterLoc,,
0,1227,evacuee,,Evacuee;222;in triage state;G;is at the evacuation site
0,1229,filterLoc,,
0,1230,evacuee,,Evacuee;152;in triage state;G;is at the evacuation site
0,1232,filterLoc,,
0,1233,evacuee,,Evacuee;153;in triage state;G;is at the evacuation site
0,1235,filterLoc,,
0,1236,evacuee,,Evacuee;67;in triage state;G;is at the evacuation site
0,1238,filterLoc,,
0,1239,evacuee,,Evacuee;123;in triage state;G;is at the evacuation site
0,1241,filterLoc,,
0,1242,evacuee,,Evacuee;159;in triage state;G;is at the evacuation site
0,1244,filterLoc,,
0,1245,evacuee,,Evacuee;161;in triage state;G;is at the evacuation site
0,1247,filterLoc,,
0,1248,evacuee,,Evacuee;28;in triage state;G;is at the evacuation site
0,1250,filterLoc,,
0,1251,evacuee,,Evacuee;126;in triage state;G;is at the evacuation site
0,1253,filterLoc,,
0,1254,evacuee,,Evacuee;234;in triage state;G;is at the evacuation site
0,1256,filterLoc,,
0,1257,evacuee,,Evacuee;162;in triage state;G;is at the evacuation site
0,1259,filterLoc,,
0,1260,evacuee,,Evacuee;163;in triage state;G;is at the evacuation site
0,1262,filterLoc,,
0,1263,evacuee,,Evacuee;166;in triage state;G;is at the evacuation site
0,1265,filterLoc,,
0,1266,evacuee,,Evacuee;16;in triage state;G;is at the evacuation site
0,1268,filterLoc,,
0,1269,evacuee,,Evacuee;242;in triage state;G;is at the evacuation site
0,1271,filterLoc,,
0,1272,evacuee,,Evacuee;178;in triage state;G;is at the evacuation site
0,1274,filterLoc,,
0,1275,evacuee,,Evacuee;438;in triage state;G;is at the evacuation site
0,1277,filterLoc,,
0,1278,evacuee,,Evacuee;146;in triage state;G;is at the evacuation site
0,1280,filterLoc,,
0,1281,evacuee,,Evacuee;167;in triage state;G;is at the evacuation site
0,1283,filterLoc,,
0,1284,evacuee,,Evacuee;145;in triage state;G;is at the evacuation site
0,1286,filterLoc,,
0,1287,evacuee,,Evacuee;168;in triage state;G;is at the evacuation site
0,1289,filterLoc,,
0,1290,evacuee,,Evacuee;176;in triage state;G;is at the evacuation site
0,1292,filterLoc,,
0,1293,evacuee,,Evacuee;230;in triage state;G;is at the evacuation site
0,1295,filterLoc,,
0,1296,evacuee,,Evacuee;169;in triage state;G;is at the evacuation site
0,1298,filterLoc,,
0,1299,evacuee,,Evacuee;170;in triage state;G;is at the evacuation site
0,1301,filterLoc,,
0,1302,evacuee,,Evacuee;171;in triage state;G;is at the evacuation site
0,1304,filterLoc,,
0,1305,evacuee,,Evacuee;174;in triage state;G;is at the evacuation site
0,1307,filterLoc,,
0,1308,evacuee,,Evacuee;177;in triage state;G;is at the evacuation site
0,1310,filterLoc,,
0,1311,evacuee,,Evacuee;435;in triage state;G;is at the evacuation site
0,1313,filterLoc,,
0,1314,evacuee,,Evacuee;58;in triage state;G;is at the evacuation site
0,1316,filterLoc,,
0,1317,evacuee,,Evacuee;203;in triage state;G;is at the evacuation site
0,1319,filterLoc,,
0,1320,evacuee,,Evacuee;232;in triage state;G;is at the evacuation site
0,1322,filterLoc,,
0,1323,evacuee,,Evacuee;183;in triage state;G;is at the evacuation site
0,1325,filterLoc,,
0,1326,evacuee,,Evacuee;184;in triage state;G;is at the evacuation site
0,1328,filterLoc,,
0,1329,evacuee,,Evacuee;185;in triage state;G;is at the evacuation site
0,1331,filterLoc,,
0,1332,evacuee,,Evacuee;186;in triage state;G;is at the evacuation site
0,1334,filterLoc,,
0,1335,evacuee,,Evacuee;417;in triage state;G;is at the evacuation site
0,1337,filterLoc,,
0,1338,evacuee,,Evacuee;217;in triage state;G;is at the evacuation site
0,1340,filterLoc,,
0,1341,evacuee,,Evacuee;189;in triage state;G;is at the evacuation site
0,1343,filterLoc,,
0,1344,evacuee,,Evacuee;253;in triage state;G;is at the evacuation site
0,1346,filterLoc,,
0,1347,evacuee,,Evacuee;191;in triage state;G;is at the evacuation site
0,1349,filterLoc,,
0,1350,evacuee,,Evacuee;314;in triage state;G;is at the evacuation site
0,1352,filterLoc,,
0,1353,evacuee,,Evacuee;249;in triage state;G;is at the evacuation site
0,1355,filterLoc,,
0,1356,evacuee,,Evacuee;193;in triage state;G;is at the evacuation site
0,1358,filterLoc,,
0,1359,evacuee,,Evacuee;195;in triage state;G;is at the evacuation site
0,1361,filterLoc,,
0,1362,evacuee,,Evacuee;399;in triage state;G;is at the evacuation site
0,1364,filterLoc,,
0,1365,evacuee,,Evacuee;197;in triage state;G;is at the evacuation site
0,1367,filterLoc,,
0,1368,evacuee,,Evacuee;450;in triage state;G;is at the evacuation site
0,1370,filterLoc,,
0,1371,evacuee,,Evacuee;252;in triage state;G;is at the evacuation site
0,1373,filterLoc,,
0,1374,evacuee,,Evacuee;329;in triage state;G;is at the evacuation site
0,1376,filterLoc,,
0,1377,evacuee,,Evacuee;201;in triage state;G;is at the evacuation site
0,1379,filterLoc,,
0,1380,evacuee,,Evacuee;11;in triage state;G;is at the evacuation site
0,1382,filterLoc,,
0,1383,evacuee,,Evacuee;202;in triage state;G;is at the evacuation site
0,1385,filterLoc,,
0,1386,evacuee,,Evacuee;390;in triage state;G;is at the evacuation site
0,1388,filterLoc,,
0,1389,evacuee,,Evacuee;204;in triage state;G;is at the evacuation site
0,1391,filterLoc,,
0,1392,evacuee,,Evacuee;275;in triage state;G;is at the evacuation site
0,1394,filterLoc,,
0,1395,evacuee,,Evacuee;205;in triage state;G;is at the evacuation site
0,1397,filterLoc,,
0,1398,evacuee,,Evacuee;323;in triage state;G;is at the evacuation site
0,1400,filterLoc,,
0,1401,evacuee,,Evacuee;180;in triage state;G;is at the evacuation site
0,1403,filterLoc,,
0,1404,evacuee,,Evacuee;206;in triage state;G;is at the evacuation site
0,1406,filterLoc,,
0,1407,evacuee,,Evacuee;69;in triage state;G;is at the evacuation site
0,1409,filterLoc,,
0,1410,evacuee,,Evacuee;207;in triage state;G;is at the evacuation site
0,1412,filterLoc,,
0,1413,evacuee,,Evacuee;27;in triage state;G;is at the evacuation site
0,1415,filterLoc,,
0,1416,evacuee,,Evacuee;211;in triage state;G;is at the evacuation site
0,1418,filterLoc,,
0,1419,evacuee,,Evacuee;294;in triage state;G;is at the evacuation site
0,1421,filterLoc,,
0,1422,evacuee,,Evacuee;214;in triage state;G;is at the evacuation site
0,1424,filterLoc,,
0,1425,evacuee,,Evacuee;12;in triage state;G;is at the evacuation site
0,1427,filterLoc,,
0,1428,evacuee,,Evacuee;216;in triage state;G;is at the evacuation site
0,1430,filterLoc,,
0,1431,evacuee,,Evacuee;219;in triage state;G;is at the evacuation site
0,1433,filterLoc,,
0,1434,evacuee,,Evacuee;221;in triage state;G;is at the evacuation site
0,1436,filterLoc,,
0,1437,evacuee,,Evacuee;224;in triage state;G;is at the evacuation site
0,1439,filterLoc,,
0,1440,evacuee,,Evacuee;339;in triage state;G;is at the evacuation site
0,1442,filterLoc,,
0,1443,evacuee,,Evacuee;225;in triage state;G;is at the evacuation site
0,1445,filterLoc,,
0,1446,evacuee,,Evacuee;164;in triage state;G;is at the evacuation site
0,1448,filterLoc,,
0,1449,evacuee,,Evacuee;226;in triage state;G;is at the evacuation site
0,1451,filterLoc,,
0,1452,evacuee,,Evacuee;464;in triage state;G;is at the evacuation site
0,1454,filterLoc,,
0,1455,evacuee,,Evacuee;227;in triage state;G;is at the evacuation site
0,1457,filterLoc,,
0,1458,evacuee,,Evacuee;267;in triage state;G;is at the evacuation site
0,1460,filterLoc,,
0,1461,evacuee,,Evacuee;73;in triage state;G;is at the evacuation site
0,1463,filterLoc,,
0,1464,evacuee,,Evacuee;233;in triage state;G;is at the evacuation site
0,1466,filterLoc,,
0,1467,evacuee,,Evacuee;236;in triage state;G;is at the evacuation site
0,1469,filterLoc,,
0,1470,evacuee,,Evacuee;7;in triage state;G;is at the evacuation site
0,1472,filterLoc,,
0,1473,evacuee,,Evacuee;237;in triage state;G;is at the evacuation site
0,1475,filterLoc,,
0,1476,evacuee,,Evacuee;238;in triage state;G;is at the evacuation site
0,1478,filterLoc,,
0,1479,evacuee,,Evacuee;113;in triage state;G;is at the evacuation site
0,1481,filterLoc,,
0,1482,evacuee,,Evacuee;239;in triage state;G;is at the evacuation site
0,1484,filterLoc,,
0,1485,evacuee,,Evacuee;243;in triage state;G;is at the evacuation site
0,1487,filterLoc,,
0,1488,evacuee,,Evacuee;96;in triage state;G;is at the evacuation site
0,1490,filterLoc,,
0,1491,evacuee,,Evacuee;244;in triage state;G;is at the evacuation site
0,1493,filterLoc,,
0,1494,evacuee,,Evacuee;247;in triage state;G;is at the evacuation site
0,1496,filterLoc,,
0,1497,evacuee,,Evacuee;59;in triage state;G;is at the evacuation site
0,1499,filterLoc,,
0,1500,evacuee,,Evacuee;248;in triage state;G;is at the evacuation site
0,1502,filterLoc,,
0,1503,evacuee,,Evacuee;467;in triage state;G;is at the evacuation site
0,1505,filterLoc,,
0,1506,evacuee,,Evacuee;298;in triage state;G;is at the evacuation site
0,1508,filterLoc,,
0,1509,evacuee,,Evacuee;254;in triage state;G;is at the evacuation site
0,1511,filterLoc,,
0,1512,evacuee,,Evacuee;257;in triage state;G;is at the evacuation site
0,1514,filterLoc,,
0,1515,evacuee,,Evacuee;210;in triage state;G;is at the evacuation site
0,1517,filterLoc,,
0,1518,evacuee,,Evacuee;258;in triage state;G;is at the evacuation site
0,4,helipadManager,outHQ,0
0,4,helipadManager,,;No helos are at ES
0,5,helicopterQueue,,;No helos are waiting to land
0,8,evacuee,,Evacuee;501;in triage state;R;is at the evacuation site
0,11,evacuee,,Evacuee;500;in triage state;R;is at the evacuation site
0,14,evacuee,,Evacuee;494;in triage state;Y;is at the evacuation site
0,17,evacuee,,Evacuee;492;in triage state;Y;is at the evacuation site
0,20,evacuee,,Evacuee;489;in triage state;Y;is at the evacuation site
0,23,evacuee,,Evacuee;486;in triage state;Y;is at the evacuation site
0,26,evacuee,,Evacuee;484;in triage state;Y;is at the evacuation site
0,29,evacuee,,Evacuee;483;in triage state;Y;is at the evacuation site
0,32,evacuee,,Evacuee;482;in triage state;Y;is at the evacuation site
0,35,evacuee,,Evacuee;499;in triage state;R;is at the evacuation site
0,38,evacuee,,Evacuee;479;in triage state;Y;is at the evacuation site
0,41,evacuee,,Evacuee;478;in triage state;Y;is at the evacuation site
0,44,evacuee,,Evacuee;476;in triage state;G;is at the evacuation site
0,47,evacuee,,Evacuee;475;in triage state;G;is at the evacuation site
0,50,evacuee,,Evacuee;472;in triage state;G;is at the evacuation site
0,53,evacuee,,Evacuee;471;in triage state;G;is at the evacuation site
0,56,evacuee,,Evacuee;468;in triage state;G;is at the evacuation site
0,59,evacuee,,Evacuee;463;in triage state;G;is at the evacuation site
0,62,evacuee,,Evacuee;462;in triage state;G;is at the evacuation site
0,65,evacuee,,Evacuee;461;in triage state;G;is at the evacuation site
0,68,evacuee,,Evacuee;459;in triage state;G;is at the evacuation site
0,71,evacuee,,Evacuee;495;in triage state;Y;is at the evacuation site
0,74,evacuee,,Evacuee;458;in triage state;G;is at the evacuation site
0,77,evacuee,,Evacuee;456;in triage state;G;is at the evacuation site
0,80,evacuee,,Evacuee;455;in triage state;G;is at the evacuation site
0,83,evacuee,,Evacuee;448;in triage state;G;is at the evacuation site
0,86,evacuee,,Evacuee;445;in triage state;G;is at the evacuation site
0,89,evacuee,,Evacuee;442;in triage state;G;is at the evacuation site
0,92,evacuee,,Evacuee;441;in triage state;G;is at the evacuation site
0,95,evacuee,,Evacuee;439;in triage state;G;is at the evacuation site
0,98,evacuee,,Evacuee;437;in triage state;G;is at the evacuation site
0,101,evacuee,,Evacuee;436;in triage state;G;is at the evacuation site
0,108,evacuee,,Evacuee;434;in triage state;G;is at the evacuation site
0,111,evacuee,,Evacuee;433;in triage state;G;is at the evacuation site
0,114,evacuee,,Evacuee;428;in triage state;G;is at the evacuation site
0,117,evacuee,,Evacuee;426;in triage state;G;is at the evacuation site
0,120,evacuee,,Evacuee;423;in triage state;G;is at the evacuation site
0,123,evacuee,,Evacuee;420;in triage state;G;is at the evacuation site
0,126,evacuee,,Evacuee;419;in triage state;G;is at the evacuation site
0,129,evacuee,,Evacuee;414;in triage state;G;is at the evacuation site
0,132,evacuee,,Evacuee;411;in triage state;G;is at the evacuation site
0,135,evacuee,,Evacuee;422;in triage state;G;is at the evacuation site
0,138,evacuee,,Evacuee;409;in triage state;G;is at the evacuation site
0,141,evacuee,,Evacuee;408;in triage state;G;is at the evacuation site
0,144,evacuee,,Evacuee;406;in triage state;G;is at the evacuation site
0,147,evacuee,,Evacuee;404;in triage state;G;is at the evacuation site
0,150,evacuee,,Evacuee;403;in triage state;G;is at the evacuation site
0,153,evacuee,,Evacuee;401;in triage state;G;is at the evacuation site
0,156,evacuee,,Evacuee;398;in triage state;G;is at the evacuation site
0,159,evacuee,,Evacuee;397;in triage state;G;is at the evacuation site
0,162,evacuee,,Evacuee;452;in triage state;G;is at the evacuation site
0,165,evacuee,,Evacuee;396;in triage state;G;is at the evacuation site
0,168,evacuee,,Evacuee;395;in triage state;G;is at the evacuation site
0,171,evacuee,,Evacuee;393;in triage state;G;is at the evacuation site
0,174,evacuee,,Evacuee;392;in triage state;G;is at the evacuation site
0,177,evacuee,,Evacuee;389;in triage state;G;is at the evacuation site
0,180,evacuee,,Evacuee;384;in triage state;G;is at the evacuation site
0,183,evacuee,,Evacuee;430;in triage state;G;is at the evacuation site
0,186,evacuee,,Evacuee;383;in triage state;G;is at the evacuation site
0,189,evacuee,,Evacuee;480;in triage state;Y;is at the evacuation site
0,192,evacuee,,Evacuee;382;in triage state;G;is at the evacuation site
0,195,evacuee,,Evacuee;381;in triage state;G;is at the evacuation site
0,198,evacuee,,Evacuee;427;in triage state;G;is at the evacuation site
0,201,evacuee,,Evacuee;380;in triage state;G;is at the evacuation site
0,204,evacuee,,Evacuee;379;in triage state;G;is at the evacuation site
0,207,evacuee,,Evacuee;378;in triage state;G;is at the evacuation site
0,210,evacuee,,Evacuee;377;in triage state;G;is at the evacuation site
0,213,evacuee,,Evacuee;375;in triage state;G;is at the evacuation site
0,216,evacuee,,Evacuee;374;in triage state;G;is at the evacuation site
0,219,evacuee,,Evacuee;372;in triage state;G;is at the evacuation site
0,222,evacuee,,Evacuee;371;in triage state;G;is at the evacuation site
0,226,evacuee,,Evacuee;370;in triage state;G;is at the evacuation site
0,229,evacuee,,Evacuee;457;in triage state;G;is at the evacuation site
0,232,evacuee,,Evacuee;369;in triage state;G;is at the evacuation site
0,235,evacuee,,Evacuee;366;in triage state;G;is at the evacuation site
0,238,evacuee,,Evacuee;362;in triage state;G;is at the evacuation site
0,241,evacuee,,Evacuee;425;in triage state;G;is at the evacuation site
0,244,evacuee,,Evacuee;360;in triage state;G;is at the evacuation site
0,247,evacuee,,Evacuee;357;in triage state;G;is at the evacuation site
0,250,evacuee,,Evacuee;354;in triage state;G;is at the evacuation site
0,253,evacuee,,Evacuee;353;in triage state;G;is at the evacuation site
0,256,evacuee,,Evacuee;351;in triage state;G;is at the evacuation site
0,259,evacuee,,Evacuee;349;in triage state;G;is at the evacuation site
0,262,evacuee,,Evacuee;348;in triage state;G;is at the evacuation site
0,265,evacuee,,Evacuee;346;in triage state;G;is at the evacuation site
0,268,evacuee,,Evacuee;341;in triage state;G;is at the evacuation site
0,271,evacuee,,Evacuee;340;in triage state;G;is at the evacuation site
0,274,evacuee,,Evacuee;338;in triage state;G;is at the evacuation site
0,277,evacuee,,Evacuee;335;in triage state;G;is at the evacuation site
0,280,evacuee,,Evacuee;331;in triage state;G;is at the evacuation site
0,283,evacuee,,Evacuee;503;in triage state;R;is at the evacuation site
0,286,evacuee,,Evacuee;330;in triage state;G;is at the evacuation site
0,289,evacuee,,Evacuee;328;in triage state;G;is at the evacuation site
0,292,evacuee,,Evacuee;327;in triage state;G;is at the evacuation site
0,295,evacuee,,Evacuee;410;in triage state;G;is at the evacuation site
0,298,evacuee,,Evacuee;326;in triage state;G;is at the evacuation site
0,301,evacuee,,Evacuee;466;in triage state;G;is at the evacuation site
0,304,evacuee,,Evacuee;325;in triage state;G;is at the evacuation site
0,307,evacuee,,Evacuee;365;in triage state;G;is at the evacuation site
0,310,evacuee,,Evacuee;322;in triage state;G;is at the evacuation site
0,313,evacuee,,Evacuee;321;in triage state;G;is at the evacuation site
0,316,evacuee,,Evacuee;319;in triage state;G;is at the evacuation site
0,319,evacuee,,Evacuee;318;in triage state;G;is at the evacuation site
0,322,evacuee,,Evacuee;317;in triage state;G;is at the evacuation site
0,325,evacuee,,Evacuee;460;in triage state;G;is at the evacuation site
0,328,evacuee,,Evacuee;316;in triage state;G;is at the evacuation site
0,331,evacuee,,Evacuee;446;in triage state;G;is at the evacuation site
0,334,evacuee,,Evacuee;313;in triage state;G;is at the evacuation site
0,337,evacuee,,Evacuee;443;in triage state;G;is at the evacuation site
0,340,evacuee,,Evacuee;312;in triage state;G;is at the evacuation site
0,343,evacuee,,Evacuee;309;in triage state;G;is at the evacuation site
0,346,evacuee,,Evacuee;306;in triage state;G;is at the evacuation site
0,349,evacuee,,Evacuee;305;in triage state;G;is at the evacuation site
0,352,evacuee,,Evacuee;303;in triage state;G;is at the evacuation site
0,355,evacuee,,Evacuee;295;in triage state;G;is at the evacuation site
0,358,evacuee,,Evacuee;352;in triage state;G;is at the evacuation site
0,361,evacuee,,Evacuee;293;in triage state;G;is at the evacuation site
0,364,evacuee,,Evacuee;488;in triage state;Y;is at the evacuation site
0,367,evacuee,,Evacuee;413;in triage state;G;is at the evacuation site
0,370,evacuee,,Evacuee;292;in triage state;G;is at the evacuation site
0,373,evacuee,,Evacuee;291;in triage state;G;is at the evacuation site
0,376,evacuee,,Evacuee;290;in triage state;G;is at the evacuation site
0,379,evacuee,,Evacuee;350;in triage state;G;is at the evacuation site
0,382,evacuee,,Evacuee;288;in triage state;G;is at the evacuation site
0,385,evacuee,,Evacuee;287;in triage state;G;is at the evacuation site
0,388,evacuee,,Evacuee;415;in triage state;G;is at the evacuation site
0,391,evacuee,,Evacuee;376;in triage state;G;is at the evacuation site
0,394,evacuee,,Evacuee;284;in triage state;G;is at the evacuation site
0,397,evacuee,,Evacuee;283;in triage state;G;is at the evacuation site
0,400,evacuee,,Evacuee;282;in triage state;G;is at the evacuation site
0,403,evacuee,,Evacuee;281;in triage state;G;is at the evacuation site
0,406,evacuee,,Evacuee;280;in triage state;G;is at the evacuation site
0,409,evacuee,,Evacuee;333;in triage state;G;is at the evacuation site
0,412,evacuee,,Evacuee;279;in triage state;G;is at the evacuation site
0,415,evacuee,,Evacuee;278;in triage state;G;is at the evacuation site
0,418,evacuee,,Evacuee;277;in triage state;G;is at the evacuation site
0,421,evacuee,,Evacuee;315;in triage state;G;is at the evacuation site
0,424,evacuee,,Evacuee;274;in triage state;G;is at the evacuation site
0,427,evacuee,,Evacuee;273;in triage state;G;is at the evacuation site
0,430,evacuee,,Evacuee;337;in triage state;G;is at the evacuation site
0,433,evacuee,,Evacuee;301;in triage state;G;is at the evacuation site
0,436,evacuee,,Evacuee;272;in triage state;G;is at the evacuation site
0,439,evacuee,,Evacuee;270;in triage state;G;is at the evacuation site
0,442,evacuee,,Evacuee;264;in triage state;G;is at the evacuation site
0,445,evacuee,,Evacuee;262;in triage state;G;is at the evacuation site
0,448,evacuee,,Evacuee;260;in triage state;G;is at the evacuation site
0,451,evacuee,,Evacuee;259;in triage state;G;is at the evacuation site
0,454,evacuee,,Evacuee;125;in triage state;G;is at the evacuation site
0,457,evacuee,,Evacuee;114;in triage state;G;is at the evacuation site
0,460,evacuee,,Evacuee;289;in triage state;G;is at the evacuation site
0,463,evacuee,,Evacuee;88;in triage state;G;is at the evacuation site
0,466,evacuee,,Evacuee;449;in triage state;G;is at the evacuation site
0,469,evacuee,,Evacuee;122;in triage state;G;is at the evacuation site
0,472,evacuee,,Evacuee;108;in triage state;G;is at the evacuation site
0,475,evacuee,,Evacuee;276;in triage state;G;is at the evacuation site
0,478,evacuee,,Evacuee;121;in triage state;G;is at the evacuation site
0,481,evacuee,,Evacuee;386;in triage state;G;is at the evacuation site
0,484,evacuee,,Evacuee;117;in triage state;G;is at the evacuation site
0,487,evacuee,,Evacuee;192;in triage state;G;is at the evacuation site
0,490,evacuee,,Evacuee;432;in triage state;G;is at the evacuation site
0,493,evacuee,,Evacuee;245;in triage state;G;is at the evacuation site
0,496,evacuee,,Evacuee;310;in triage state;G;is at the evacuation site
0,499,evacuee,,Evacuee;118;in triage state;G;is at the evacuation site
0,502,evacuee,,Evacuee;502;in triage state;R;is at the evacuation site
0,505,evacuee,,Evacuee;491;in triage state;Y;is at the evacuation site
0,508,evacuee,,Evacuee;470;in triage state;G;is at the evacuation site
0,511,evacuee,,Evacuee;469;in triage state;G;is at the evacuation site
0,514,evacuee,,Evacuee;215;in triage state;G;is at the evacuation site
0,517,evacuee,,Evacuee;345;in triage state;G;is at the evacuation site
0,520,evacuee,,Evacuee;302;in triage state;G;is at the evacuation site
0,523,evacuee,,Evacuee;112;in triage state;G;is at the evacuation site
0,526,evacuee,,Evacuee;299;in triage state;G;is at the evacuation site
0,529,evacuee,,Evacuee;109;in triage state;G;is at the evacuation site
0,532,evacuee,,Evacuee;373;in triage state;G;is at the evacuation site
0,535,evacuee,,Evacuee;358;in triage state;G;is at the evacuation site
0,538,evacuee,,Evacuee;188;in triage state;G;is at the evacuation site
0,541,evacuee,,Evacuee;106;in triage state;G;is at the evacuation site
0,544,evacuee,,Evacuee;311;in triage state;G;is at the evacuation site
0,547,evacuee,,Evacuee;148;in triage state;G;is at the evacuation site
0,550,evacuee,,Evacuee;235;in triage state;G;is at the evacuation site
0,553,evacuee,,Evacuee;105;in triage state;G;is at the evacuation site
0,556,evacuee,,Evacuee;424;in triage state;G;is at the evacuation site
0,559,evacuee,,Evacuee;269;in triage state;G;is at the evacuation site
0,562,evacuee,,Evacuee;103;in triage state;G;is at the evacuation site
0,565,evacuee,,Evacuee;124;in triage state;G;is at the evacuation site
0,568,evacuee,,Evacuee;111;in triage state;G;is at the evacuation site
0,571,evacuee,,Evacuee;39;in triage state;G;is at the evacuation site
0,574,evacuee,,Evacuee;228;in triage state;G;is at the evacuation site
0,577,evacuee,,Evacuee;497;in triage state;Y;is at the evacuation site
0,580,evacuee,,Evacuee;101;in triage state;G;is at the evacuation site
0,583,evacuee,,Evacuee;142;in triage state;G;is at the evacuation site
0,586,evacuee,,Evacuee;99;in triage state;G;is at the evacuation site
0,589,evacuee,,Evacuee;485;in triage state;Y;is at the evacuation site
0,592,evacuee,,Evacuee;324;in triage state;G;is at the evacuation site
0,595,evacuee,,Evacuee;95;in triage state;G;is at the evacuation site
0,598,evacuee,,Evacuee;447;in triage state;G;is at the evacuation site
0,601,evacuee,,Evacuee;361;in triage state;G;is at the evacuation site
0,604,evacuee,,Evacuee;342;in triage state;G;is at the evacuation site
0,607,evacuee,,Evacuee;93;in triage state;G;is at the evacuation site
0,610,evacuee,,Evacuee;136;in triage state;G;is at the evacuation site
0,613,evacuee,,Evacuee;412;in triage state;G;is at the evacuation site
0,616,evacuee,,Evacuee;90;in triage state;G;is at the evacuation site
0,619,evacuee,,Evacuee;83;in triage state;G;is at the evacuation site
0,622,evacuee,,Evacuee;127;in triage state;G;is at the evacuation site
0,625,evacuee,,Evacuee;49;in triage state;G;is at the evacuation site
0,628,evacuee,,Evacuee;87;in triage state;G;is at the evacuation site
0,631,evacuee,,Evacuee;297;in triage state;G;is at the evacuation site
0,634,evacuee,,Evacuee;86;in triage state;G;is at the evacuation site
0,637,evacuee,,Evacuee;51;in triage state;G;is at the evacuation site
0,640,evacuee,,Evacuee;444;in triage state;G;is at the evacuation site
0,643,evacuee,,Evacuee;80;in triage state;G;is at the evacuation site
0,646,evacuee,,Evacuee;79;in triage state;G;is at the evacuation site
0,649,evacuee,,Evacuee;115;in triage state;G;is at the evacuation site
0,652,evacuee,,Evacuee;98;in triage state;G;is at the evacuation site
0,655,evacuee,,Evacuee;356;in triage state;G;is at the evacuation site
0,658,evacuee,,Evacuee;78;in triage state;G;is at the evacuation site
0,661,evacuee,,Evacuee;213;in triage state;G;is at the evacuation site
0,664,evacuee,,Evacuee;344;in triage state;G;is at the evacuation site
0,667,evacuee,,Evacuee;77;in triage state;G;is at the evacuation site
0,670,evacuee,,Evacuee;156;in triage state;G;is at the evacuation site
0,673,evacuee,,Evacuee;300;in triage state;G;is at the evacuation site
0,676,evacuee,,Evacuee;165;in triage state;G;is at the evacuation site
0,679,evacuee,,Evacuee;454;in triage state;G;is at the evacuation site
0,682,evacuee,,Evacuee;440;in triage state;G;is at the evacuation site
0,685,evacuee,,Evacuee;76;in triage state;G;is at the evacuation site
0,688,evacuee,,Evacuee;431;in triage state;G;is at the evacuation site
0,691,evacuee,,Evacuee;74;in triage state;G;is at the evacuation site
0,694,evacuee,,Evacuee;363;in triage state;G;is at the evacuation site
0,697,evacuee,,Evacuee;251;in triage state;G;is at the evacuation site
0,700,evacuee,,Evacuee;128;in triage state;G;is at the evacuation site
0,703,evacuee,,Evacuee;134;in triage state;G;is at the evacuation site
0,706,evacuee,,Evacuee;199;in triage state;G;is at the evacuation site
0,709,evacuee,,Evacuee;66;in triage state;G;is at the evacuation site
0,712,evacuee,,Evacuee;62;in triage state;G;is at the evacuation site
0,715,evacuee,,Evacuee;223;in triage state;G;is at the evacuation site
0,718,evacuee,,Evacuee;135;in triage state;G;is at the evacuation site
0,721,evacuee,,Evacuee;15;in triage state;G;is at the evacuation site
0,724,evacuee,,Evacuee;474;in triage state;G;is at the evacuation site
0,727,evacuee,,Evacuee;17;in triage state;G;is at the evacuation site
0,730,evacuee,,Evacuee;481;in triage state;Y;is at the evacuation site
0,733,evacuee,,Evacuee;179;in triage state;G;is at the evacuation site
0,736,evacuee,,Evacuee;147;in triage state;G;is at the evacuation site
0,739,evacuee,,Evacuee;65;in triage state;G;is at the evacuation site
0,742,evacuee,,Evacuee;14;in triage state;G;is at the evacuation site
0,745,evacuee,,Evacuee;218;in triage state;G;is at the evacuation site
0,748,evacuee,,Evacuee;2;in triage state;G;is at the evacuation site
0,751,evacuee,,Evacuee;33;in triage state;G;is at the evacuation site
0,754,evacuee,,Evacuee;271;in triage state;G;is at the evacuation site
0,757,evacuee,,Evacuee;9;in triage state;G;is at the evacuation site
0,760,evacuee,,Evacuee;25;in triage state;G;is at the evacuation site
0,763,evacuee,,Evacuee;334;in triage state;G;is at the evacuation site
0,766,evacuee,,Evacuee;70;in triage state;G;is at the evacuation site
0,769,evacuee,,Evacuee;5;in triage state;G;is at the evacuation site
0,772,evacuee,,Evacuee;250;in triage state;G;is at the evacuation site
0,775,evacuee,,Evacuee;107;in triage state;G;is at the evacuation site
0,778,evacuee,,Evacuee;229;in triage state;G;is at the evacuation site
0,781,evacuee,,Evacuee;110;in triage state;G;is at the evacuation site
0,784,evacuee,,Evacuee;141;in triage state;G;is at the evacuation site
0,787,evacuee,,Evacuee;133;in triage state;G;is at the evacuation site
0,790,evacuee,,Evacuee;493;in triage state;Y;is at the evacuation site
0,793,evacuee,,Evacuee;473;in triage state;G;is at the evacuation site
0,796,evacuee,,Evacuee;400;in triage state;G;is at the evacuation site
0,799,evacuee,,Evacuee;268;in triage state;G;is at the evacuation site
0,802,evacuee,,Evacuee;100;in triage state;G;is at the evacuation site
0,805,evacuee,,Evacuee;29;in triage state;G;is at the evacuation site
0,808,evacuee,,Evacuee;158;in triage state;G;is at the evacuation site
0,811,evacuee,,Evacuee;187;in triage state;G;is at the evacuation site
0,814,evacuee,,Evacuee;85;in triage state;G;is at the evacuation site
0,817,evacuee,,Evacuee;487;in triage state;Y;is at the evacuation site
0,820,evacuee,,Evacuee;71;in triage state;G;is at the evacuation site
0,823,evacuee,,Evacuee;332;in triage state;G;is at the evacuation site
0,826,evacuee,,Evacuee;81;in triage state;G;is at the evacuation site
0,829,evacuee,,Evacuee;104;in triage state;G;is at the evacuation site
0,832,evacuee,,Evacuee;40;in triage state;G;is at the evacuation site
0,835,evacuee,,Evacuee;97;in triage state;G;is at the evacuation site
0,838,evacuee,,Evacuee;453;in triage state;G;is at the evacuation site
0,841,evacuee,,Evacuee;285;in triage state;G;is at the evacuation site
0,844,evacuee,,Evacuee;89;in triage state;G;is at the evacuation site
0,847,evacuee,,Evacuee;394;in triage state;G;is at the evacuation site
0,850,evacuee,,Evacuee;240;in triage state;G;is at the evacuation site
0,853,evacuee,,Evacuee;8;in triage state;G;is at the evacuation site
0,856,evacuee,,Evacuee;3;in triage state;G;is at the evacuation site
0,859,evacuee,,Evacuee;172;in triage state;G;is at the evacuation site
0,862,evacuee,,Evacuee;256;in triage state;G;is at the evacuation site
0,865,evacuee,,Evacuee;347;in triage state;G;is at the evacuation site
0,868,evacuee,,Evacuee;82;in triage state;G;is at the evacuation site
0,871,evacuee,,Evacuee;54;in triage state;G;is at the evacuation site
0,874,evacuee,,Evacuee;368;in triage state;G;is at the evacuation site
0,877,evacuee,,Evacuee;4;in triage state;G;is at the evacuation site
0,880,evacuee,,Evacuee;18;in triage state;G;is at the evacuation site
0,883,evacuee,,Evacuee;387;in triage state;G;is at the evacuation site
0,886,evacuee,,Evacuee;246;in triage state;G;is at the evacuation site
0,889,evacuee,,Evacuee;22;in triage state;G;is at the evacuation site
0,892,evacuee,,Evacuee;92;in triage state;G;is at the evacuation site
0,895,evacuee,,Evacuee;44;in triage state;G;is at the evacuation site
0,898,evacuee,,Evacuee;150;in triage state;G;is at the evacuation site
0,901,evacuee,,Evacuee;119;in triage state;G;is at the evacuation site
0,904,evacuee,,Evacuee;6;in triage state;G;is at the evacuation site
0,907,evacuee,,Evacuee;173;in triage state;G;is at the evacuation site
0,910,evacuee,,Evacuee;157;in triage state;G;is at the evacuation site
0,913,evacuee,,Evacuee;451;in triage state;G;is at the evacuation site
0,916,evacuee,,Evacuee;359;in triage state;G;is at the evacuation site
0,919,evacuee,,Evacuee;286;in triage state;G;is at the evacuation site
0,922,evacuee,,Evacuee;196;in triage state;G;is at the evacuation site
0,925,evacuee,,Evacuee;407;in triage state;G;is at the evacuation site
0,928,evacuee,,Evacuee;132;in triage state;G;is at the evacuation site
0,931,evacuee,,Evacuee;31;in triage state;G;is at the evacuation site
0,934,evacuee,,Evacuee;38;in triage state;G;is at the evacuation site
0,937,evacuee,,Evacuee;10;in triage state;G;is at the evacuation site
0,940,evacuee,,Evacuee;26;in triage state;G;is at the evacuation site
0,943,evacuee,,Evacuee;343;in triage state;G;is at the evacuation site
0,946,evacuee,,Evacuee;241;in triage state;G;is at the evacuation site
0,949,evacuee,,Evacuee;418;in triage state;G;is at the evacuation site
0,952,evacuee,,Evacuee;75;in triage state;G;is at the evacuation site
0,955,evacuee,,Evacuee;37;in triage state;G;is at the evacuation site
0,958,evacuee,,Evacuee;496;in triage state;Y;is at the evacuation site
0,961,evacuee,,Evacuee;209;in triage state;G;is at the evacuation site
0,964,evacuee,,Evacuee;402;in triage state;G;is at the evacuation site
0,967,evacuee,,Evacuee;320;in triage state;G;is at the evacuation site
0,970,evacuee,,Evacuee;116;in triage state;G;is at the evacuation site
0,973,evacuee,,Evacuee;61;in triage state;G;is at the evacuation site
0,976,evacuee,,Evacuee;52;in triage state;G;is at the evacuation site
0,979,evacuee,,Evacuee;41;in triage state;G;is at the evacuation site
0,982,evacuee,,Evacuee;304;in triage state;G;is at the evacuation site
0,985,evacuee,,Evacuee;154;in triage state;G;is at the evacuation site
0,988,evacuee,,Evacuee;421;in triage state;G;is at the evacuation site
0,991,evacuee,,Evacuee;405;in triage state;G;is at the evacuation site
0,994,evacuee,,Evacuee;21;in triage state;G;is at the evacuation site
0,997,evacuee,,Evacuee;68;in triage state;G;is at the evacuation site
0,1000,evacuee,,Evacuee;72;in triage state;G;is at the evacuation site
0,1003,evacuee,,Evacuee;46;in triage state;G;is at the evacuation site
0,1006,evacuee,,Evacuee;53;in triage state;G;is at the evacuation site
0,1009,evacuee,,Evacuee;220;in triage state;G;is at the evacuation site
0,1012,evacuee,,Evacuee;355;in triage state;G;is at the evacuation site
0,1015,evacuee,,Evacuee;23;in triage state;G;is at the evacuation site
0,1018,evacuee,,Evacuee;200;in triage state;G;is at the evacuation site
0,1021,evacuee,,Evacuee;255;in triage state;G;is at the evacuation site
0,1024,evacuee,,Evacuee;13;in triage state;G;is at the evacuation site
0,1027,evacuee,,Evacuee;24;in triage state;G;is at the evacuation site
0,1030,evacuee,,Evacuee;32;in triage state;G;is at the evacuation site
0,1033,evacuee,,Evacuee;34;in triage state;G;is at the evacuation site
0,1036,evacuee,,Evacuee;64;in triage state;G;is at the evacuation site
0,1039,evacuee,,Evacuee;429;in triage state;G;is at the evacuation site
0,1042,evacuee,,Evacuee;102;in triage state;G;is at the evacuation site
0,1045,evacuee,,Evacuee;160;in triage state;G;is at the evacuation site
0,1048,evacuee,,Evacuee;20;in triage state;G;is at the evacuation site
0,1051,evacuee,,Evacuee;35;in triage state;G;is at the evacuation site
0,1054,evacuee,,Evacuee;155;in triage state;G;is at the evacuation site
0,1057,evacuee,,Evacuee;36;in triage state;G;is at the evacuation site
0,1060,evacuee,,Evacuee;198;in triage state;G;is at the evacuation site
0,1063,evacuee,,Evacuee;84;in triage state;G;is at the evacuation site
0,1066,evacuee,,Evacuee;42;in triage state;G;is at the evacuation site
0,1069,evacuee,,Evacuee;91;in triage state;G;is at the evacuation site
0,1072,evacuee,,Evacuee;43;in triage state;G;is at the evacuation site
0,1075,evacuee,,Evacuee;30;in triage state;G;is at the evacuation site
0,1078,evacuee,,Evacuee;336;in triage state;G;is at the evacuation site
0,1081,evacuee,,Evacuee;307;in triage state;G;is at the evacuation site
0,1084,evacuee,,Evacuee;212;in triage state;G;is at the evacuation site
0,1087,evacuee,,Evacuee;391;in triage state;G;is at the evacuation site
0,1090,evacuee,,Evacuee;388;in triage state;G;is at the evacuation site
0,1093,evacuee,,Evacuee;55;in triage state;G;is at the evacuation site
0,1096,evacuee,,Evacuee;48;in triage state;G;is at the evacuation site
0,1099,evacuee,,Evacuee;144;in triage state;G;is at the evacuation site
0,1102,evacuee,,Evacuee;50;in triage state;G;is at the evacuation site
0,1105,evacuee,,Evacuee;19;in triage state;G;is at the evacuation site
0,1108,evacuee,,Evacuee;182;in triage state;G;is at the evacuation site
0,1111,evacuee,,Evacuee;490;in triage state;Y;is at the evacuation site
0,1114,evacuee,,Evacuee;266;in triage state;G;is at the evacuation site
0,1117,evacuee,,Evacuee;120;in triage state;G;is at the evacuation site
0,1124,evacuee,,Evacuee;94;in triage state;G;is at the evacuation site
0,1127,evacuee,,Evacuee;63;in triage state;G;is at the evacuation site
0,1130,evacuee,,Evacuee;175;in triage state;G;is at the evacuation site
0,1133,evacuee,,Evacuee;47;in triage state;G;is at the evacuation site
0,1136,evacuee,,Evacuee;56;in triage state;G;is at the evacuation site
0,1139,evacuee,,Evacuee;367;in triage state;G;is at the evacuation site
0,1142,evacuee,,Evacuee;364;in triage state;G;is at the evacuation site
0,1145,evacuee,,Evacuee;208;in triage state;G;is at the evacuation site
0,1148,evacuee,,Evacuee;57;in triage state;G;is at the evacuation site
0,1151,evacuee,,Evacuee;231;in triage state;G;is at the evacuation site
0,1154,evacuee,,Evacuee;261;in triage state;G;is at the evacuation site
0,1157,evacuee,,Evacuee;45;in triage state;G;is at the evacuation site
0,1164,evacuee,,Evacuee;263;in triage state;G;is at the evacuation site
0,1167,evacuee,,Evacuee;190;in triage state;G;is at the evacuation site
0,1170,evacuee,,Evacuee;465;in triage state;G;is at the evacuation site
0,1173,evacuee,,Evacuee;60;in triage state;G;is at the evacuation site
0,1176,evacuee,,Evacuee;385;in triage state;G;is at the evacuation site
0,1179,evacuee,,Evacuee;181;in triage state;G;is at the evacuation site
0,1182,evacuee,,Evacuee;416;in triage state;G;is at the evacuation site
0,1185,evacuee,,Evacuee;129;in triage state;G;is at the evacuation site
0,1188,evacuee,,Evacuee;308;in triage state;G;is at the evacuation site
0,1191,evacuee,,Evacuee;131;in triage state;G;is at the evacuation site
0,1194,evacuee,,Evacuee;137;in triage state;G;is at the evacuation site
0,1197,evacuee,,Evacuee;138;in triage state;G;is at the evacuation site
0,1200,evacuee,,Evacuee;265;in triage state;G;is at the evacuation site
0,1203,evacuee,,Evacuee;139;in triage state;G;is at the evacuation site
0,1206,evacuee,,Evacuee;194;in triage state;G;is at the evacuation site
0,1209,evacuee,,Evacuee;140;in triage state;G;is at the evacuation site
0,1212,evacuee,,Evacuee;130;in triage state;G;is at the evacuation site
0,1215,evacuee,,Evacuee;143;in triage state;G;is at the evacuation site
0,1218,evacuee,,Evacuee;149;in triage state;G;is at the evacuation site
0,1221,evacuee,,Evacuee;296;in triage state;G;is at the evacuation site
0,1224,evacuee,,Evacuee;151;in triage state;G;is at the evacuation site
0,1227,evacuee,,Evacuee;222;in triage state;G;is at the evacuation site
0,1230,evacuee,,Evacuee;152;in triage state;G;is at the evacuation site
0,1233,evacuee,,Evacuee;153;in triage state;G;is at the evacuation site
0,1236,evacuee,,Evacuee;67;in triage state;G;is at the evacuation site
0,1239,evacuee,,Evacuee;123;in triage state;G;is at the evacuation site
0,1242,evacuee,,Evacuee;159;in triage state;G;is at the evacuation site
0,1245,evacuee,,Evacuee;161;in triage state;G;is at the evacuation site
0,1248,evacuee,,Evacuee;28;in triage state;G;is at the evacuation site
0,1251,evacuee,,Evacuee;126;in triage state;G;is at the evacuation site
0,1254,evacuee,,Evacuee;234;in triage state;G;is at the evacuation site
0,1257,evacuee,,Evacuee;162;in triage state;G;is at the evacuation site
0,1260,evacuee,,Evacuee;163;in triage state;G;is at the evacuation site
0,1263,evacuee,,Evacuee;166;in triage state;G;is at the evacuation site
0,1266,evacuee,,Evacuee;16;in triage state;G;is at the evacuation site
0,1269,evacuee,,Evacuee;242;in triage state;G;is at the evacuation site
0,1272,evacuee,,Evacuee;178;in triage state;G;is at the evacuation site
0,1275,evacuee,,Evacuee;438;in triage state;G;is at the evacuation site
0,1278,evacuee,,Evacuee;146;in triage state;G;is at the evacuation site
0,1281,evacuee,,Evacuee;167;in triage state;G;is at the evacuation site
0,1284,evacuee,,Evacuee;145;in triage state;G;is at the evacuation site
0,1287,evacuee,,Evacuee;168;in triage state;G;is at the evacuation site
0,1290,evacuee,,Evacuee;176;in triage state;G;is at the evacuation site
0,1293,evacuee,,Evacuee;230;in triage state;G;is at the evacuation site
0,1296,evacuee,,Evacuee;169;in triage state;G;is at the evacuation site
0,1299,evacuee,,Evacuee;170;in triage state;G;is at the evacuation site
0,1302,evacuee,,Evacuee;171;in triage state;G;is at the evacuation site
0,1305,evacuee,,Evacuee;174;in triage state;G;is at the evacuation site
0,1308,evacuee,,Evacuee;177;in triage state;G;is at the evacuation site
0,1311,evacuee,,Evacuee;435;in triage state;G;is at the evacuation site
0,1314,evacuee,,Evacuee;58;in triage state;G;is at the evacuation site
0,1317,evacuee,,Evacuee;203;in triage state;G;is at the evacuation site
0,1320,evacuee,,Evacuee;232;in triage state;G;is at the evacuation site
0,1323,evacuee,,Evacuee;183;in triage state;G;is at the evacuation site
0,1326,evacuee,,Evacuee;184;in triage state;G;is at the evacuation site
0,1329,evacuee,,Evacuee;185;in triage state;G;is at the evacuation site
0,1332,evacuee,,Evacuee;186;in triage state;G;is at the evacuation site
0,1335,evacuee,,Evacuee;417;in triage state;G;is at the evacuation site
0,1338,evacuee,,Evacuee;217;in triage state;G;is at the evacuation site
0,1341,evacuee,,Evacuee;189;in triage state;G;is at the evacuation site
0,1344,evacuee,,Evacuee;253;in triage state;G;is at the evacuation site
0,1347,evacuee,,Evacuee;191;in triage state;G;is at the evacuation site
0,1350,evacuee,,Evacuee;314;in triage state;G;is at the evacuation site
0,1353,evacuee,,Evacuee;249;in triage state;G;is at the evacuation site
0,1356,evacuee,,Evacuee;193;in triage state;G;is at the evacuation site
0,1359,evacuee,,Evacuee;195;in triage state;G;is at the evacuation site
0,1362,evacuee,,Evacuee;399;in triage state;G;is at the evacuation site
0,1365,evacuee,,Evacuee;197;in triage state;G;is at the evacuation site
0,1368,evacuee,,Evacuee;450;in triage state;G;is at the evacuation site
0,1371,evacuee,,Evacuee;252;in triage state;G;is at the evacuation site
0,1374,evacuee,,Evacuee;329;in triage state;G;is at the evacuation site
0,1377,evacuee,,Evacuee;201;in triage state;G;is at the evacuation site
0,1380,evacuee,,Evacuee;11;in triage state;G;is at the evacuation site
0,1383,evacuee,,Evacuee;202;in triage state;G;is at the evacuation site
0,1386,evacuee,,Evacuee;390;in triage state;G;is at the evacuation site
0,1389,evacuee,,Evacuee;204;in triage state;G;is at the evacuation site
0,1392,evacuee,,Evacuee;275;in triage state;G;is at the evacuation site
0,1395,evacuee,,Evacuee;205;in triage state;G;is at the evacuation site
0,1398,evacuee,,Evacuee;323;in triage state;G;is at the evacuation site
0,1401,evacuee,,Evacuee;180;in triage state;G;is at the evacuation site
0,1404,evacuee,,Evacuee;206;in triage state;G;is at the evacuation site
0,1407,evacuee,,Evacuee;69;in triage state;G;is at the evacuation site
0,1410,evacuee,,Evacuee;207;in triage state;G;is at the evacuation site
0,1413,evacuee,,Evacuee;27;in triage state;G;is at the evacuation site
0,1416,evacuee,,Evacuee;211;in triage state;G;is at the evacuation site
0,1419,evacuee,,Evacuee;294;in triage state;G;is at the evacuation site
0,1422,evacuee,,Evacuee;214;in triage state;G;is at the evacuation site
0,1425,evacuee,,Evacuee;12;in triage state;G;is at the evacuation site
0,1428,evacuee,,Evacuee;216;in triage state;G;is at the evacuation site
0,1431,evacuee,,Evacuee;219;in triage state;G;is at the evacuation site
0,1434,evacuee,,Evacuee;221;in triage state;G;is at the evacuation site
0,1437,evacuee,,Evacuee;224;in triage state;G;is at the evacuation site
0,1440,evacuee,,Evacuee;339;in triage state;G;is at the evacuation site
0,1443,evacuee,,Evacuee;225;in triage state;G;is at the evacuation site
0,1446,evacuee,,Evacuee;164;in triage state;G;is at the evacuation site
0,1449,evacuee,,Evacuee;226;in triage state;G;is at the evacuation site
0,1452,evacuee,,Evacuee;464;in triage state;G;is at the evacuation site
0,1455,evacuee,,Evacuee;227;in triage state;G;is at the evacuation site
0,1458,evacuee,,Evacuee;267;in triage state;G;is at the evacuation site
0,1461,evacuee,,Evacuee;73;in triage state;G;is at the evacuation site
0,1464,evacuee,,Evacuee;233;in triage state;G;is at the evacuation site
0,1467,evacuee,,Evacuee;236;in triage state;G;is at the evacuation site
0,1470,evacuee,,Evacuee;7;in triage state;G;is at the evacuation site
0,1473,evacuee,,Evacuee;237;in triage state;G;is at the evacuation site
0,1476,evacuee,,Evacuee;238;in triage state;G;is at the evacuation site
0,1479,evacuee,,Evacuee;113;in triage state;G;is at the evacuation site
0,1482,evacuee,,Evacuee;239;in triage state;G;is at the evacuation site
0,1485,evacuee,,Evacuee;243;in triage state;G;is at the evacuation site
0,1488,evacuee,,Evacuee;96;in triage state;G;is at the evacuation site
0,1491,evacuee,,Evacuee;244;in triage state;G;is at the evacuation site
0,1494,evacuee,,Evacuee;247;in triage state;G;is at the evacuation site
0,1497,evacuee,,Evacuee;59;in triage state;G;is at the evacuation site
0,1500,evacuee,,Evacuee;248;in triage state;G;is at the evacuation site
0,1503,evacuee,,Evacuee;467;in triage state;G;is at the evacuation site
0,1506,evacuee,,Evacuee;298;in triage state;G;is at the evacuation site
0,1509,evacuee,,Evacuee;254;in triage state;G;is at the evacuation site
0,1512,evacuee,,Evacuee;257;in triage state;G;is at the evacuation site
0,1515,evacuee,,Evacuee;210;in triage state;G;is at the evacuation site
0,1518,evacuee,,Evacuee;258;in triage state;G;is at the evacuation site
0,5,helicopterQueue,,;No helos are waiting to land
1.31214,3,evacueeManager,,OFF SHIP: White;0;Green;474;Yellow;21;Red;5;Black;0;ON SHIP: White;0;Green;0;Yellow;0;Red;0;Evacuees to Transfer;
1.31214,367,evacuee,outES,Evacuee 413 in triage category G is not assigned a helicopter
1.31214,367,evacuee,,Evacuee;413;in triage state;Y;is at the evacuation site
6.26627,3,evacueeManager,,OFF SHIP: White;0;Green;473;Yellow;22;Red;5;Black;0;ON SHIP: White;0;Green;0;Yellow;0;Red;0;Evacuees to Transfer;
6.26627,153,evacuee,outES,Evacuee 401 in triage category G is not assigned a helicopter
6.26627,153,evacuee,,Evacuee;401;in triage state;Y;is at the evacuation site
6.36483,3,evacueeManager,,OFF SHIP: White;0;Green;473;Yellow;22;Red;4;Black;1;ON SHIP: White;0;Green;0;Yellow;0;Red;0;Evacuees to Transfer;
6.36483,11,evacuee,outES,Evacuee 500 in triage category R is not assigned a helicopter
6.36483,11,evacuee,,Evacuee;500;in triage state;B;is at the evacuation site
7.64598,3,evacueeManager,,OFF SHIP: White;0;Green;473;Yellow;21;Red;5;Black;1;ON SHIP: White;0;Green;0;Yellow;0;Red;0;Evacuees to Transfer;
7.64598,790,evacuee,outES,Evacuee 493 in triage category Y is not assigned a helicopter
7.64598,790,evacuee,,Evacuee;493;in triage state;R;is at the evacuation site
9.62963,3,evacueeManager,,OFF SHIP: White;0;Green;472;Yellow;22;Red;5;Black;1;ON SHIP: White;0;Green;0;Yellow;0;Red;0;Evacuees to Transfer;
9.62963,1069,evacuee,outES,Evacuee 91 in triage category G is not assigned a helicopter
9.62963,1069,evacuee,,Evacuee;91;in triage state;Y;is at the evacuation site
9.79533,3,evacueeManager,,OFF SHIP: White;0;Green;471;Yellow;23;Red;5;Black;1;ON SHIP: White;0;Green;0;Yellow;0;Red;0;Evacuees to Transfer;
9.79533,1353,evacuee,outES,Evacuee 249 in triage category G is not assigned a helicopter
9.79533,1353,evacuee,,Evacuee;249;in triage state;Y;is at the evacuation site
20.5167,3,evacueeManager,,OFF SHIP: White;0;Green;470;Yellow;24;Red;5;Black;1;ON SHIP: White;0;Green;0;Yellow;0;Red;0;Evacuees to Transfer;
20.5167,1284,evacuee,outES,Evacuee 145 in triage category G is not assigned a helicopter
20.5167,1284,evacuee,,Evacuee;145;in triage state;Y;is at the evacuation site
32.946,3,evacueeManager,,OFF SHIP: White;0;Green;469;Yellow;25;Red;5;Black;1;ON SHIP: White;0;Green;0;Yellow;0;Red;0;Evacuees to Transfer;
32.946,1142,evacuee,outES,Evacuee 364 in triage category G is not assigned a helicopter
32.946,1142,evacuee,,Evacuee;364;in triage state;Y;is at the evacuation site
35.5611,3,evacueeManager,,OFF SHIP: White;0;Green;469;Yellow;24;Red;6;Black;1;ON SHIP: White;0;Green;0;Yellow;0;Red;0;Evacuees to Transfer;
35.5611,1353,evacuee,outES,Evacuee 249 in triage category Y is not assigned a helicopter
35.5611,1353,evacuee,,Evacuee;249;in triage state;R;is at the evacuation site
45.8552,3,evacueeManager,,OFF SHIP: White;0;Green;469;Yellow;24;Red;5;Black;2;ON SHIP: White;0;Green;0;Yellow;0;Red;0;Evacuees to Transfer;
45.8552,1353,evacuee,outES,Evacuee 249 in triage category R is not assigned a helicopter
45.8552,1353,evacuee,,Evacuee;249;in triage state;B;is at the evacuation site
47.5312,3,evacueeManager,,OFF SHIP: White;0;Green;469;Yellow;24;Red;4;Black;3;ON SHIP: White;0;Green;0;Yellow;0;Red;0;Evacuees to Transfer;
47.5312,35,evacuee,outES,Evacuee 499 in triage category R is not assigned a helicopter
47.5312,35,evacuee,,Evacuee;499;in triage state;B;is at the evacuation site
53.707,3,evacueeManager,,OFF SHIP: White;0;Green;468;Yellow;25;Red;4;Black;3;ON SHIP: White;0;Green;0;Yellow;0;Red;0;Evacuees to Transfer;
53.707,1422,evacuee,outES,Evacuee 214 in triage category G is not assigned a helicopter
53.707,1422,evacuee,,Evacuee;214;in triage state;Y;is at the evacuation site
56.6212,3,evacueeManager,,OFF SHIP: White;0;Green;467;Yellow;26;Red;4;Black;3;ON SHIP: White;0;Green;0;Yellow;0;Red;0;Evacuees to Transfer;
56.6212,1491,evacuee,outES,Evacuee 244 in triage category G is not assigned a helicopter
56.6212,1491,evacuee,,Evacuee;244;in triage state;Y;is at the evacuation site
58.7684,3,evacueeManager,,OFF SHIP: White;0;Green;467;Yellow;25;Red;5;Black;3;ON SHIP: White;0;Green;0;Yellow;0;Red;0;Evacuees to Transfer;
58.7684,14,evacuee,outES,Evacuee 494 in triage category Y is not assigned a helicopter
58.7684,14,evacuee,,Evacuee;494;in triage state;R;is at the evacuation site
59.3127,3,evacueeManager,,OFF SHIP: White;0;Green;466;Yellow;26;Red;5;Black;3;ON SHIP: White;0;Green;0;Yellow;0;Red;0;Evacuees to Transfer;
59.3127,226,evacuee,outES,Evacuee 370 in triage category G is not assigned a helicopter
59.3127,226,evacuee,,Evacuee;370;in triage state;Y;is at the evacuation site
62.6677,3,evacueeManager,,OFF SHIP: White;0;Green;466;Yellow;25;Red;6;Black;3;ON SHIP: White;0;Green;0;Yellow;0;Red;0;Evacuees to Transfer;
62.6677,589,evacuee,outES,Evacuee 485 in triage category Y is not assigned a helicopter
62.6677,589,evacuee,,Evacuee;485;in triage state;R;is at the evacuation site
70.7642,3,evacueeManager,,OFF SHIP: White;0;Green;466;Yellow;25;Red;5;Black;4;ON SHIP: White;0;Green;0;Yellow;0;Red;0;Evacuees to Transfer;
70.7642,589,evacuee,outES,Evacuee 485 in triage category R is not assigned a helicopter
70.7642,589,evacuee,,Evacuee;485;in triage state;B;is at the evacuation site
77.4968,3,evacueeManager,,OFF SHIP: White;0;Green;465;Yellow;26;Red;5;Black;4;ON SHIP: White;0;Green;0;Yellow;0;Red;0;Evacuees to Transfer;
77.4968,721,evacuee,outES,Evacuee 15 in triage category G is not assigned a helicopter
77.4968,721,evacuee,,Evacuee;15;in triage state;Y;is at the evacuation site
82.2622,3,evacueeManager,,OFF SHIP: White;0;Green;465;Yellow;25;Red;6;Black;4;ON SHIP: White;0;Green;0;Yellow;0;Red;0;Evacuees to Transfer;
82.2622,17,evacuee,outES,Evacuee 492 in triage category Y is not assigned a helicopter
82.2622,17,evacuee,,Evacuee;492;in triage state;R;is at the evacuation site
82.8486,3,evacueeManager,,OFF SHIP: White;0;Green;465;Yellow;25;Red;5;Black;5;ON SHIP: White;0;Green;0;Yellow;0;Red;0;Evacuees to Transfer;
82.8486,790,evacuee,outES,Evacuee 493 in triage category R is not assigned a helicopter
82.8486,790,evacuee,,Evacuee;493;in triage state;B;is at the evacuation site
84.8029,3,evacueeManager,,OFF SHIP: White;0;Green;465;Yellow;24;Red;6;Black;5;ON SHIP: White;0;Green;0;Yellow;0;Red;0;Evacuees to Transfer;
84.8029,730,evacuee,outES,Evacuee 481 in triage category Y is not assigned a helicopter
84.8029,730,evacuee,,Evacuee;481;in triage state;R;is at the evacuation site
90.0047,3,evacueeManager,,OFF SHIP: White;0;Green;464;Yellow;25;Red;6;Black;5;ON SHIP: White;0;Green;0;Yellow;0;Red;0;Evacuees to Transfer;
90.0047,298,evacuee,outES,Evacuee 326 in triage category G is not assigned a helicopter
90.0047,298,evacuee,,Evacuee;326;in triage state;Y;is at the evacuation site
95.4553,3,evacueeManager,,OFF SHIP: White;0;Green;463;Yellow;26;Red;6;Black;5;ON SHIP: White;0;Green;0;Yellow;0;Red;0;Evacuees to Transfer;
95.4553,652,evacuee,outES,Evacuee 98 in triage category G is not assigned a helicopter
95.4553,652,evacuee,,Evacuee;98;in triage state;Y;is at the evacuation site
96.7958,3,evacueeManager,,OFF SHIP: White;0;Green;463;Yellow;25;Red;7;Black;5;ON SHIP: White;0;Green;0;Yellow;0;Red;0;Evacuees to Transfer;
96.7958,1142,evacuee,outES,Evacuee 364 in triage category Y is not assigned a helicopter
96.7958,1142,evacuee,,Evacuee;364;in triage state;R;is at the evacuation site
99.6296,3,evacueeManager,,OFF SHIP: White;0;Green;463;Yellow;24;Red;8;Black;5;ON SHIP: White;0;Green;0;Yellow;0;Red;0;Evacuees to Transfer;
99.6296,153,evacuee,outES,Evacuee 401 in triage category Y is not assigned a helicopter
99.6296,153,evacuee,,Evacuee;401;in triage state;R;is at the evacuation site
99.777,3,evacueeManager,,OFF SHIP: White;0;Green;462;Yellow;25;Red;8;Black;5;ON SHIP: White;0;Green;0;Yellow;0;Red;0;Evacuees to Transfer;
99.777,80,evacuee,outES,Evacuee 455 in triage category G is not assigned a helicopter
99.777,80,evacuee,,Evacuee;455;in triage state;Y;is at the evacuation site
100.29,3,evacueeManager,,OFF SHIP: White;0;Green;461;Yellow;26;Red;8;Black;5;ON SHIP: White;0;Green;0;Yellow;0;Red;0;Evacuees to Transfer;
100.29,931,evacuee,outES,Evacuee 31 in triage category G is not assigned a helicopter
100.29,931,evacuee,,Evacuee;31;in triage state;Y;is at the evacuation site
106.727,3,evacueeManager,,OFF SHIP: White;0;Green;461;Yellow;25;Red;9;Black;5;ON SHIP: White;0;Green;0;Yellow;0;Red;0;Evacuees to Transfer;
106.727,721,evacuee,outES,Evacuee 15 in triage category Y is not assigned a helicopter
106.727,721,evacuee,,Evacuee;15;in triage state;R;is at the evacuation site
106.965,3,evacueeManager,,OFF SHIP: White;0;Green;461;Yellow;24;Red;10;Black;5;ON SHIP: White;0;Green;0;Yellow;0;Red;0;Evacuees to Transfer;
106.965,20,evacuee,outES,Evacuee 489 in triage category Y is not assigned a helicopter
106.965,20,evacuee,,Evacuee;489;in triage state;R;is at the evacuation site
112.897,3,evacueeManager,,OFF SHIP: White;0;Green;460;Yellow;25;Red;10;Black;5;ON SHIP: White;0;Green;0;Yellow;0;Red;0;Evacuees to Transfer;
112.897,514,evacuee,outES,Evacuee 215 in triage category G is not assigned a helicopter
112.897,514,evacuee,,Evacuee;215;in triage state;Y;is at the evacuation site
113.698,3,evacueeManager,,OFF SHIP: White;0;Green;459;Yellow;26;Red;10;Black;5;ON SHIP: White;0;Green;0;Yellow;0;Red;0;Evacuees to Transfer;
113.698,862,evacuee,outES,Evacuee 256 in triage category G is not assigned a helicopter
113.698,862,evacuee,,Evacuee;256;in triage state;Y;is at the evacuation site
115.872,3,evacueeManager,,OFF SHIP: White;0;Green;458;Yellow;27;Red;10;Black;5;ON SHIP: White;0;Green;0;Yellow;0;Red;0;Evacuees to Transfer;
115.872,583,evacuee,outES,Evacuee 142 in triage category G is not assigned a helicopter
115.872,583,evacuee,,Evacuee;142;in triage state;Y;is at the evacuation site
116.845,3,evacueeManager,,OFF SHIP: White;0;Green;457;Yellow;28;Red;10;Black;5;ON SHIP: White;0;Green;0;Yellow;0;Red;0;Evacuees to Transfer;
116.845,1218,evacuee,outES,Evacuee 149 in triage category G is not assigned a helicopter
116.845,1218,evacuee,,Evacuee;149;in triage state;Y;is at the evacuation site
119.308,3,evacueeManager,,OFF SHIP: White;0;Green;456;Yellow;29;Red;10;Black;5;ON SHIP: White;0;Green;0;Yellow;0;Red;0;Evacuees to Transfer;
119.308,442,evacuee,outES,Evacuee 264 in triage category G is not assigned a helicopter
119.308,442,evacuee,,Evacuee;264;in triage state;Y;is at the evacuation site
124.191,3,evacueeManager,,OFF SHIP: White;0;Green;456;Yellow;28;Red;11;Black;5;ON SHIP: White;0;Green;0;Yellow;0;Red;0;Evacuees to Transfer;
124.191,583,evacuee,outES,Evacuee 142 in triage category Y is not assigned a helicopter
124.191,583,evacuee,,Evacuee;142;in triage state;R;is at the evacuation site
125.733,3,evacueeManager,,OFF SHIP: White;0;Green;455;Yellow;29;Red;11;Black;5;ON SHIP: White;0;Green;0;Yellow;0;Red;0;Evacuees to Transfer;
125.733,370,evacuee,outES,Evacuee 292 in triage category G is not assigned a helicopter
125.733,370,evacuee,,Evacuee;292;in triage state;Y;is at the evacuation site
126.709,3,evacueeManager,,OFF SHIP: White;0;Green;454;Yellow;30;Red;11;Black;5;ON SHIP: White;0;Green;0;Yellow;0;Red;0;Evacuees to Transfer;
126.709,1003,evacuee,outES,Evacuee 46 in triage category G is not assigned a helicopter
126.709,1003,evacuee,,Evacuee;46;in triage state;Y;is at the evacuation site
128.045,3,evacueeManager,,OFF SHIP: White;0;Green;454;Yellow;30;Red;10;Black;6;ON SHIP: White;0;Green;0;Yellow;0;Red;0;Evacuees to Transfer;
128.045,730,evacuee,outES,Evacuee 481 in triage category R is not assigned a helicopter
128.045,730,evacuee,,Evacuee;481;in triage state;B;is at the evacuation site
128.367,3,evacueeManager,,OFF SHIP: White;0;Green;454;Yellow;30;Red;9;Black;7;ON SHIP: White;0;Green;0;Yellow;0;Red;0;Evacuees to Transfer;
128.367,583,evacuee,outES,Evacuee 142 in triage category R is not assigned a helicopter
128.367,583,evacuee,,Evacuee;142;in triage state;B;is at the evacuation site
128.548,3,evacueeManager,,OFF SHIP: White;0;Green;453;Yellow;31;Red;9;Black;7;ON SHIP: White;0;Green;0;Yellow;0;Red;0;Evacuees to Transfer;
128.548,156,evacuee,outES,Evacuee 398 in triage category G is not assigned a helicopter
128.548,156,evacuee,,Evacuee;398;in triage state;Y;is at the evacuation site
130.845,3,evacueeManager,,OFF SHIP: White;0;Green;453;Yellow;31;Red;8;Black;8;ON SHIP: White;0;Green;0;Yellow;0;Red;0;Evacuees to Transfer;
130.845,14,evacuee,outES,Evacuee 494 in triage category R is not assigned a helicopter
130.845,14,evacuee,,Evacuee;494;in triage state;B;is at the evacuation site
132.514,3,evacueeManager,,OFF SHIP: White;0;Green;453;Yellow;30;Red;9;Black;8;ON SHIP: White;0;Green;0;Yellow;0;Red;0;Evacuees to Transfer;
132.514,23,evacuee,outES,Evacuee 486 in triage category Y is not assigned a helicopter
132.514,23,evacuee,,Evacuee;486;in triage state;R;is at the evacuation site
135.439,3,evacueeManager,,OFF SHIP: White;0;Green;453;Yellow;29;Red;10;Black;8;ON SHIP: White;0;Green;0;Yellow;0;Red;0;Evacuees to Transfer;
135.439,1491,evacuee,outES,Evacuee 244 in triage category Y is not assigned a helicopter
135.439,1491,evacuee,,Evacuee;244;in triage state;R;is at the evacuation site
136.781,3,evacueeManager,,OFF SHIP: White;0;Green;452;Yellow;30;Red;10;Black;8;ON SHIP: White;0;Green;0;Yellow;0;Red;0;Evacuees to Transfer;
136.781,1072,evacuee,outES,Evacuee 43 in triage category G is not assigned a helicopter
136.781,1072,evacuee,,Evacuee;43;in triage state;Y;is at the evacuation site
144.054,3,evacueeManager,,OFF SHIP: White;0;Green;451;Yellow;31;Red;10;Black;8;ON SHIP: White;0;Green;0;Yellow;0;Red;0;Evacuees to Transfer;
144.054,1356,evacuee,outES,Evacuee 193 in triage category G is not assigned a helicopter
144.054,1356,evacuee,,Evacuee;193;in triage state;Y;is at the evacuation site
149.784,3,evacueeManager,,OFF SHIP: White;0;Green;451;Yellow;31;Red;9;Black;9;ON SHIP: White;0;Green;0;Yellow;0;Red;0;Evacuees to Transfer;
149.784,721,evacuee,outES,Evacuee 15 in triage category R is not assigned a helicopter
149.784,721,evacuee,,Evacuee;15;in triage state;B;is at the evacuation site
150.534,3,evacueeManager,,OFF SHIP: White;0;Green;450;Yellow;32;Red;9;Black;9;ON SHIP: White;0;Green;0;Yellow;0;Red;0;Evacuees to Transfer;
150.534,1287,evacuee,outES,Evacuee 168 in triage category G is not assigned a helicopter
150.534,1287,evacuee,,Evacuee;168;in triage state;Y;is at the evacuation site
152.057,3,evacueeManager,,OFF SHIP: White;0;Green;450;Yellow;32;Red;8;Black;10;ON SHIP: White;0;Green;0;Yellow;0;Red;0;Evacuees to Transfer;
152.057,17,evacuee,outES,Evacuee 492 in triage category R is not assigned a helicopter
152.057,17,evacuee,,Evacuee;492;in triage state;B;is at the evacuation site
152.354,3,evacueeManager,,OFF SHIP: White;0;Green;450;Yellow;31;Red;9;Black;10;ON SHIP: White;0;Green;0;Yellow;0;Red;0;Evacuees to Transfer;
152.354,1287,evacuee,outES,Evacuee 168 in triage category Y is not assigned a helicopter
152.354,1287,evacuee,,Evacuee;168;in triage state;R;is at the evacuation site
154.451,3,evacueeManager,,OFF SHIP: White;0;Green;450;Yellow;31;Red;8;Black;11;ON SHIP: White;0;Green;0;Yellow;0;Red;0;Evacuees to Transfer;
154.451,283,evacuee,outES,Evacuee 503 in triage category R is not assigned a helicopter
154.451,283,evacuee,,Evacuee;503;in triage state;B;is at the evacuation site
158.975,3,evacueeManager,,OFF SHIP: White;0;Green;450;Yellow;30;Red;9;Black;11;ON SHIP: White;0;Green;0;Yellow;0;Red;0;Evacuees to Transfer;
158.975,26,evacuee,outES,Evacuee 484 in triage category Y is not assigned a helicopter
158.975,26,evacuee,,Evacuee;484;in triage state;R;is at the evacuation site
159.672,3,evacueeManager,,OFF SHIP: White;0;Green;450;Yellow;29;Red;10;Black;11;ON SHIP: White;0;Green;0;Yellow;0;Red;0;Evacuees to Transfer;
159.672,931,evacuee,outES,Evacuee 31 in triage category Y is not assigned a helicopter
159.672,931,evacuee,,Evacuee;31;in triage state;R;is at the evacuation site
165.925,3,evacueeManager,,OFF SHIP: White;0;Green;449;Yellow;30;Red;10;Black;11;ON SHIP: White;0;Green;0;Yellow;0;Red;0;Evacuees to Transfer;
165.925,1145,evacuee,outES,Evacuee 208 in triage category G is not assigned a helicopter
165.925,1145,evacuee,,Evacuee;208;in triage state;Y;is at the evacuation site
174.807,3,evacueeManager,,OFF SHIP: White;0;Green;449;Yellow;29;Red;11;Black;11;ON SHIP: White;0;Green;0;Yellow;0;Red;0;Evacuees to Transfer;
174.807,442,evacuee,outES,Evacuee 264 in triage category Y is not assigned a helicopter
174.807,442,evacuee,,Evacuee;264;in triage state;R;is at the evacuation site
175.136,3,evacueeManager,,OFF SHIP: White;0;Green;449;Yellow;29;Red;10;Black;12;ON SHIP: White;0;Green;0;Yellow;0;Red;0;Evacuees to Transfer;
175.136,1491,evacuee,outES,Evacuee 244 in triage category R is not assigned a helicopter
175.136,1491,evacuee,,Evacuee;244;in triage state;B;is at the evacuation site
176.796,3,evacueeManager,,OFF SHIP: White;0;Green;449;Yellow;29;Red;9;Black;13;ON SHIP: White;0;Green;0;Yellow;0;Red;0;Evacuees to Transfer;
176.796,1142,evacuee,outES,Evacuee 364 in triage category R is not assigned a helicopter
176.796,1142,evacuee,,Evacuee;364;in triage state;B;is at the evacuation site
177.07,3,evacueeManager,,OFF SHIP: White;0;Green;448;Yellow;30;Red;9;Black;13;ON SHIP: White;0;Green;0;Yellow;0;Red;0;Evacuees to Transfer;
177.07,793,evacuee,outES,Evacuee 473 in triage category G is not assigned a helicopter
177.07,793,evacuee,,Evacuee;473;in triage state;Y;is at the evacuation site
180.22,3,evacueeManager,,OFF SHIP: White;0;Green;448;Yellow;29;Red;10;Black;13;ON SHIP: White;0;Green;0;Yellow;0;Red;0;Evacuees to Transfer;
180.22,226,evacuee,outES,Evacuee 370 in triage category Y is not assigned a helicopter
180.22,226,evacuee,,Evacuee;370;in triage state;R;is at the evacuation site
184.285,3,evacueeManager,,OFF SHIP: White;0;Green;448;Yellow;29;Red;9;Black;14;ON SHIP: White;0;Green;0;Yellow;0;Red;0;Evacuees to Transfer;
184.285,502,evacuee,outES,Evacuee 502 in triage category R is not assigned a helicopter
184.285,502,evacuee,,Evacuee;502;in triage state;B;is at the evacuation site
185.266,3,evacueeManager,,OFF SHIP: White;0;Green;447;Yellow;30;Red;9;Black;14;ON SHIP: White;0;Green;0;Yellow;0;Red;0;Evacuees to Transfer;
185.266,1425,evacuee,outES,Evacuee 12 in triage category G is not assigned a helicopter
185.266,1425,evacuee,,Evacuee;12;in triage state;Y;is at the evacuation site
186.321,3,evacueeManager,,OFF SHIP: White;0;Green;446;Yellow;31;Red;9;Black;14;ON SHIP: White;0;Green;0;Yellow;0;Red;0;Evacuees to Transfer;
186.321,229,evacuee,outES,Evacuee 457 in triage category G is not assigned a helicopter
186.321,229,evacuee,,Evacuee;457;in triage state;Y;is at the evacuation site
188.648,3,evacueeManager,,OFF SHIP: White;0;Green;446;Yellow;30;Red;10;Black;14;ON SHIP: White;0;Green;0;Yellow;0;Red;0;Evacuees to Transfer;
188.648,29,evacuee,outES,Evacuee 483 in triage category Y is not assigned a helicopter
188.648,29,evacuee,,Evacuee;483;in triage state;R;is at the evacuation site
190.724,3,evacueeManager,,OFF SHIP: White;0;Green;445;Yellow;31;Red;10;Black;14;ON SHIP: White;0;Green;0;Yellow;0;Red;0;Evacuees to Transfer;
190.724,1494,evacuee,outES,Evacuee 247 in triage category G is not assigned a helicopter
190.724,1494,evacuee,,Evacuee;247;in triage state;Y;is at the evacuation site
205.939,3,evacueeManager,,OFF SHIP: White;0;Green;445;Yellow;31;Red;9;Black;15;ON SHIP: White;0;Green;0;Yellow;0;Red;0;Evacuees to Transfer;
205.939,153,evacuee,outES,Evacuee 401 in triage category R is not assigned a helicopter
205.939,153,evacuee,,Evacuee;401;in triage state;B;is at the evacuation site
210.173,3,evacueeManager,,OFF SHIP: White;0;Green;444;Yellow;32;Red;9;Black;15;ON SHIP: White;0;Green;0;Yellow;0;Red;0;Evacuees to Transfer;
210.173,724,evacuee,outES,Evacuee 474 in triage category G is not assigned a helicopter
210.173,724,evacuee,,Evacuee;474;in triage state;Y;is at the evacuation site
218.405,3,evacueeManager,,OFF SHIP: White;0;Green;443;Yellow;33;Red;9;Black;15;ON SHIP: White;0;Green;0;Yellow;0;Red;0;Evacuees to Transfer;
218.405,301,evacuee,outES,Evacuee 466 in triage category G is not assigned a helicopter
218.405,301,evacuee,,Evacuee;466;in triage state;Y;is at the evacuation site
219.682,3,evacueeManager,,OFF SHIP: White;0;Green;443;Yellow;32;Red;10;Black;15;ON SHIP: White;0;Green;0;Yellow;0;Red;0;Evacuees to Transfer;
219.682,32,evacuee,outES,Evacuee 482 in triage category Y is not assigned a helicopter
219.682,32,evacuee,,Evacuee;482;in triage state;R;is at the evacuation site
221.312,3,evacueeManager,,OFF SHIP: White;0;Green;442;Yellow;33;Red;10;Black;15;ON SHIP: White;0;Green;0;Yellow;0;Red;0;Evacuees to Transfer;
221.312,83,evacuee,outES,Evacuee 448 in triage category G is not assigned a helicopter
221.312,83,evacuee,,Evacuee;448;in triage state;Y;is at the evacuation site
224.104,3,evacueeManager,,OFF SHIP: White;0;Green;441;Yellow;34;Red;10;Black;15;ON SHIP: White;0;Green;0;Yellow;0;Red;0;Evacuees to Transfer;
224.104,655,evacuee,outES,Evacuee 356 in triage category G is not assigned a helicopter
224.104,655,evacuee,,Evacuee;356;in triage state;Y;is at the evacuation site
226.38,3,evacueeManager,,OFF SHIP: White;0;Green;441;Yellow;33;Red;11;Black;15;ON SHIP: White;0;Green;0;Yellow;0;Red;0;Evacuees to Transfer;
226.38,652,evacuee,outES,Evacuee 98 in triage category Y is not assigned a helicopter
226.38,652,evacuee,,Evacuee;98;in triage state;R;is at the evacuation site
226.72,3,evacueeManager,,OFF SHIP: White;0;Green;440;Yellow;34;Red;11;Black;15;ON SHIP: White;0;Green;0;Yellow;0;Red;0;Evacuees to Transfer;
226.72,934,evacuee,outES,Evacuee 38 in triage category G is not assigned a helicopter
226.72,934,evacuee,,Evacuee;38;in triage state;Y;is at the evacuation site
227.503,3,evacueeManager,,OFF SHIP: White;0;Green;440;Yellow;34;Red;10;Black;16;ON SHIP: White;0;Green;0;Yellow;0;Red;0;Evacuees to Transfer;
227.503,29,evacuee,outES,Evacuee 483 in triage category R is not assigned a helicopter
227.503,29,evacuee,,Evacuee;483;in triage state;B;is at the evacuation site
231.709,3,evacueeManager,,OFF SHIP: White;0;Green;440;Yellow;34;Red;9;Black;17;ON SHIP: White;0;Green;0;Yellow;0;Red;0;Evacuees to Transfer;
231.709,1287,evacuee,outES,Evacuee 168 in triage category R is not assigned a helicopter
231.709,1287,evacuee,,Evacuee;168;in triage state;B;is at the evacuation site
240.552,3,evacueeManager,,OFF SHIP: White;0;Green;439;Yellow;35;Red;9;Black;17;ON SHIP: White;0;Green;0;Yellow;0;Red;0;Evacuees to Transfer;
240.552,586,evacuee,outES,Evacuee 99 in triage category G is not assigned a helicopter
240.552,586,evacuee,,Evacuee;99;in triage state;Y;is at the evacuation site
241.687,3,evacueeManager,,OFF SHIP: White;0;Green;438;Yellow;36;Red;9;Black;17;ON SHIP: White;0;Green;0;Yellow;0;Red;0;Evacuees to Transfer;
241.687,445,evacuee,outES,Evacuee 262 in triage category G is not assigned a helicopter
241.687,445,evacuee,,Evacuee;262;in triage state;Y;is at the evacuation site
244.369,3,evacueeManager,,OFF SHIP: White;0;Green;438;Yellow;36;Red;8;Black;18;ON SHIP: White;0;Green;0;Yellow;0;Red;0;Evacuees to Transfer;
244.369,32,evacuee,outES,Evacuee 482 in triage category R is not assigned a helicopter
244.369,32,evacuee,,Evacuee;482;in triage state;B;is at the evacuation site
246.539,3,evacueeManager,,OFF SHIP: White;0;Green;438;Yellow;35;Red;9;Black;18;ON SHIP: White;0;Green;0;Yellow;0;Red;0;Evacuees to Transfer;
246.539,724,evacuee,outES,Evacuee 474 in triage category Y is not assigned a helicopter
246.539,724,evacuee,,Evacuee;474;in triage state;R;is at the evacuation site
246.863,3,evacueeManager,,OFF SHIP: White;0;Green;438;Yellow;34;Red;10;Black;18;ON SHIP: White;0;Green;0;Yellow;0;Red;0;Evacuees to Transfer;
246.863,1072,evacuee,outES,Evacuee 43 in triage category Y is not assigned a helicopter
246.863,1072,evacuee,,Evacuee;43;in triage state;R;is at the evacuation site
247.457,3,evacueeManager,,OFF SHIP: White;0;Green;438;Yellow;34;Red;9;Black;19;ON SHIP: White;0;Green;0;Yellow;0;Red;0;Evacuees to Transfer;
247.457,442,evacuee,outES,Evacuee 264 in triage category R is not assigned a helicopter
247.457,442,evacuee,,Evacuee;264;in triage state;B;is at the evacuation site
248.4,3,evacueeManager,,OFF SHIP: White;0;Green;438;Yellow;33;Red;10;Black;19;ON SHIP: White;0;Green;0;Yellow;0;Red;0;Evacuees to Transfer;
248.4,817,evacuee,outES,Evacuee 487 in triage category Y is not assigned a helicopter
248.4,817,evacuee,,Evacuee;487;in triage state;R;is at the evacuation site
248.55,3,evacueeManager,,OFF SHIP: White;0;Green;438;Yellow;33;Red;9;Black;20;ON SHIP: White;0;Green;0;Yellow;0;Red;0;Evacuees to Transfer;
248.55,23,evacuee,outES,Evacuee 486 in triage category R is not assigned a helicopter
248.55,23,evacuee,,Evacuee;486;in triage state;B;is at the evacuation site
254.332,3,evacueeManager,,OFF SHIP: White;0;Green;438;Yellow;32;Red;10;Black;20;ON SHIP: White;0;Green;0;Yellow;0;Red;0;Evacuees to Transfer;
254.332,1356,evacuee,outES,Evacuee 193 in triage category Y is not assigned a helicopter
254.332,1356,evacuee,,Evacuee;193;in triage state;R;is at the evacuation site
256.794,3,evacueeManager,,OFF SHIP: White;0;Green;437;Yellow;33;Red;10;Black;20;ON SHIP: White;0;Green;0;Yellow;0;Red;0;Evacuees to Transfer;
256.794,1006,evacuee,outES,Evacuee 53 in triage category G is not assigned a helicopter
256.794,1006,evacuee,,Evacuee;53;in triage state;Y;is at the evacuation site
258.236,3,evacueeManager,,OFF SHIP: White;0;Green;436;Yellow;34;Red;10;Black;20;ON SHIP: White;0;Green;0;Yellow;0;Red;0;Evacuees to Transfer;
258.236,373,evacuee,outES,Evacuee 291 in triage category G is not assigned a helicopter
258.236,373,evacuee,,Evacuee;291;in triage state;Y;is at the evacuation site
258.294,3,evacueeManager,,OFF SHIP: White;0;Green;436;Yellow;33;Red;11;Black;20;ON SHIP: White;0;Green;0;Yellow;0;Red;0;Evacuees to Transfer;
258.294,958,evacuee,outES,Evacuee 496 in triage category Y is not assigned a helicopter
258.294,958,evacuee,,Evacuee;496;in triage state;R;is at the evacuation site
258.717,3,evacueeManager,,OFF SHIP: White;0;Green;435;Yellow;34;Red;11;Black;20;ON SHIP: White;0;Green;0;Yellow;0;Red;0;Evacuees to Transfer;
258.717,159,evacuee,outES,Evacuee 397 in triage category G is not assigned a helicopter
258.717,159,evacuee,,Evacuee;397;in triage state;Y;is at the evacuation site
260.538,3,evacueeManager,,OFF SHIP: White;0;Green;435;Yellow;33;Red;12;Black;20;ON SHIP: White;0;Green;0;Yellow;0;Red;0;Evacuees to Transfer;
260.538,301,evacuee,outES,Evacuee 466 in triage category Y is not assigned a helicopter
260.538,301,evacuee,,Evacuee;466;in triage state;R;is at the evacuation site
261.245,3,evacueeManager,,OFF SHIP: White;0;Green;434;Yellow;34;Red;12;Black;20;ON SHIP: White;0;Green;0;Yellow;0;Red;0;Evacuees to Transfer;
261.245,1221,evacuee,outES,Evacuee 296 in triage category G is not assigned a helicopter
261.245,1221,evacuee,,Evacuee;296;in triage state;Y;is at the evacuation site
264.497,3,evacueeManager,,OFF SHIP: White;0;Green;433;Yellow;35;Red;12;Black;20;ON SHIP: White;0;Green;0;Yellow;0;Red;0;Evacuees to Transfer;
264.497,517,evacuee,outES,Evacuee 345 in triage category G is not assigned a helicopter
264.497,517,evacuee,,Evacuee;345;in triage state;Y;is at the evacuation site
267.331,3,evacueeManager,,OFF SHIP: White;0;Green;432;Yellow;36;Red;12;Black;20;ON SHIP: White;0;Green;0;Yellow;0;Red;0;Evacuees to Transfer;
267.331,1075,evacuee,outES,Evacuee 30 in triage category G is not assigned a helicopter
267.331,1075,evacuee,,Evacuee;30;in triage state;Y;is at the evacuation site
267.814,3,evacueeManager,,OFF SHIP: White;0;Green;431;Yellow;37;Red;12;Black;20;ON SHIP: White;0;Green;0;Yellow;0;Red;0;Evacuees to Transfer;
267.814,865,evacuee,outES,Evacuee 347 in triage category G is not assigned a helicopter
267.814,865,evacuee,,Evacuee;347;in triage state;Y;is at the evacuation site
271.8,3,evacueeManager,,OFF SHIP: White;0;Green;431;Yellow;37;Red;11;Black;21;ON SHIP: White;0;Green;0;Yellow;0;Red;0;Evacuees to Transfer;
271.8,226,evacuee,outES,Evacuee 370 in triage category R is not assigned a helicopter
271.8,226,evacuee,,Evacuee;370;in triage state;B;is at the evacuation site
274.277,3,evacueeManager,,OFF SHIP: White;0;Green;430;Yellow;38;Red;11;Black;21;ON SHIP: White;0;Green;0;Yellow;0;Red;0;Evacuees to Transfer;
274.277,1290,evacuee,outES,Evacuee 176 in triage category G is not assigned a helicopter
274.277,1290,evacuee,,Evacuee;176;in triage state;Y;is at the evacuation site
276.965,3,evacueeManager,,OFF SHIP: White;0;Green;430;Yellow;38;Red;10;Black;22;ON SHIP: White;0;Green;0;Yellow;0;Red;0;Evacuees to Transfer;
276.965,931,evacuee,outES,Evacuee 31 in triage category R is not assigned a helicopter
276.965,931,evacuee,,Evacuee;31;in triage state;B;is at the evacuation site
277.191,3,evacueeManager,,OFF SHIP: White;0;Green;430;Yellow;37;Red;11;Black;22;ON SHIP: White;0;Green;0;Yellow;0;Red;0;Evacuees to Transfer;
277.191,298,evacuee,outES,Evacuee 326 in triage category Y is not assigned a helicopter
277.191,298,evacuee,,Evacuee;326;in triage state;R;is at the evacuation site
282.391,3,evacueeManager,,OFF SHIP: White;0;Green;429;Yellow;38;Red;11;Black;22;ON SHIP: White;0;Green;0;Yellow;0;Red;0;Evacuees to Transfer;
282.391,1359,evacuee,outES,Evacuee 195 in triage category G is not assigned a helicopter
282.391,1359,evacuee,,Evacuee;195;in triage state;Y;is at the evacuation site
282.424,3,evacueeManager,,OFF SHIP: White;0;Green;429;Yellow;37;Red;12;Black;22;ON SHIP: White;0;Green;0;Yellow;0;Red;0;Evacuees to Transfer;
282.424,229,evacuee,outES,Evacuee 457 in triage category Y is not assigned a helicopter
282.424,229,evacuee,,Evacuee;457;in triage state;R;is at the evacuation site
287.96,3,evacueeManager,,OFF SHIP: White;0;Green;429;Yellow;37;Red;11;Black;23;ON SHIP: White;0;Green;0;Yellow;0;Red;0;Evacuees to Transfer;
287.96,20,evacuee,outES,Evacuee 489 in triage category R is not assigned a helicopter
287.96,20,evacuee,,Evacuee;489;in triage state;B;is at the evacuation site
289.194,3,evacueeManager,,OFF SHIP: White;0;Green;429;Yellow;36;Red;12;Black;23;ON SHIP: White;0;Green;0;Yellow;0;Red;0;Evacuees to Transfer;
289.194,38,evacuee,outES,Evacuee 479 in triage category Y is not assigned a helicopter
289.194,38,evacuee,,Evacuee;479;in triage state;R;is at the evacuation site
297.834,3,evacueeManager,,OFF SHIP: White;0;Green;428;Yellow;37;Red;12;Black;23;ON SHIP: White;0;Green;0;Yellow;0;Red;0;Evacuees to Transfer;
297.834,1148,evacuee,outES,Evacuee 57 in triage category G is not assigned a helicopter
297.834,1148,evacuee,,Evacuee;57;in triage state;Y;is at the evacuation site
301.751,3,evacueeManager,,OFF SHIP: White;0;Green;428;Yellow;36;Red;13;Black;23;ON SHIP: White;0;Green;0;Yellow;0;Red;0;Evacuees to Transfer;
301.751,367,evacuee,outES,Evacuee 413 in triage category Y is not assigned a helicopter
301.751,367,evacuee,,Evacuee;413;in triage state;R;is at the evacuation site
312.013,3,evacueeManager,,OFF SHIP: White;0;Green;427;Yellow;37;Red;13;Black;23;ON SHIP: White;0;Green;0;Yellow;0;Red;0;Evacuees to Transfer;
312.013,796,evacuee,outES,Evacuee 400 in triage category G is not assigned a helicopter
312.013,796,evacuee,,Evacuee;400;in triage state;Y;is at the evacuation site
315.253,3,evacueeManager,,OFF SHIP: White;0;Green;427;Yellow;37;Red;12;Black;24;ON SHIP: White;0;Green;0;Yellow;0;Red;0;Evacuees to Transfer;
315.253,1356,evacuee,outES,Evacuee 193 in triage category R is not assigned a helicopter
315.253,1356,evacuee,,Evacuee;193;in triage state;B;is at the evacuation site
318.994,3,evacueeManager,,OFF SHIP: White;0;Green;427;Yellow;37;Red;11;Black;25;ON SHIP: White;0;Green;0;Yellow;0;Red;0;Evacuees to Transfer;
318.994,817,evacuee,outES,Evacuee 487 in triage category R is not assigned a helicopter
318.994,817,evacuee,,Evacuee;487;in triage state;B;is at the evacuation site
323.801,3,evacueeManager,,OFF SHIP: White;0;Green;426;Yellow;38;Red;11;Black;25;ON SHIP: White;0;Green;0;Yellow;0;Red;0;Evacuees to Transfer;
323.801,1497,evacuee,outES,Evacuee 59 in triage category G is not assigned a helicopter
323.801,1497,evacuee,,Evacuee;59;in triage state;Y;is at the evacuation site
324.23,3,evacueeManager,,OFF SHIP: White;0;Green;425;Yellow;39;Red;11;Black;25;ON SHIP: White;0;Green;0;Yellow;0;Red;0;Evacuees to Transfer;
324.23,232,evacuee,outES,Evacuee 369 in triage category G is not assigned a helicopter
324.23,232,evacuee,,Evacuee;369;in triage state;Y;is at the evacuation site
325.647,3,evacueeManager,,OFF SHIP: White;0;Green;424;Yellow;40;Red;11;Black;25;ON SHIP: White;0;Green;0;Yellow;0;Red;0;Evacuees to Transfer;
325.647,1428,evacuee,outES,Evacuee 216 in triage category G is not assigned a helicopter
325.647,1428,evacuee,,Evacuee;216;in triage state;Y;is at the evacuation site
325.984,3,evacueeManager,,OFF SHIP: White;0;Green;424;Yellow;40;Red;10;Black;26;ON SHIP: White;0;Green;0;Yellow;0;Red;0;Evacuees to Transfer;
325.984,26,evacuee,outES,Evacuee 484 in triage category R is not assigned a helicopter
325.984,26,evacuee,,Evacuee;484;in triage state;B;is at the evacuation site
326.273,3,evacueeManager,,OFF SHIP: White;0;Green;424;Yellow;39;Red;11;Black;26;ON SHIP: White;0;Green;0;Yellow;0;Red;0;Evacuees to Transfer;
326.273,41,evacuee,outES,Evacuee 478 in triage category Y is not assigned a helicopter
326.273,41,evacuee,,Evacuee;478;in triage state;R;is at the evacuation site
329.095,3,evacueeManager,,OFF SHIP: White;0;Green;424;Yellow;38;Red;12;Black;26;ON SHIP: White;0;Green;0;Yellow;0;Red;0;Evacuees to Transfer;
329.095,159,evacuee,outES,Evacuee 397 in triage category Y is not assigned a helicopter
329.095,159,evacuee,,Evacuee;397;in triage state;R;is at the evacuation site
331.229,3,evacueeManager,,OFF SHIP: White;0;Green;424;Yellow;38;Red;11;Black;27;ON SHIP: White;0;Green;0;Yellow;0;Red;0;Evacuees to Transfer;
331.229,367,evacuee,outES,Evacuee 413 in triage category R is not assigned a helicopter
331.229,367,evacuee,,Evacuee;413;in triage state;B;is at the evacuation site
344.916,3,evacueeManager,,OFF SHIP: White;0;Green;424;Yellow;37;Red;12;Black;27;ON SHIP: White;0;Green;0;Yellow;0;Red;0;Evacuees to Transfer;
344.916,80,evacuee,outES,Evacuee 455 in triage category Y is not assigned a helicopter
344.916,80,evacuee,,Evacuee;455;in triage state;R;is at the evacuation site
347.706,3,evacueeManager,,OFF SHIP: White;0;Green;423;Yellow;38;Red;12;Black;27;ON SHIP: White;0;Green;0;Yellow;0;Red;0;Evacuees to Transfer;
347.706,304,evacuee,outES,Evacuee 325 in triage category G is not assigned a helicopter
347.706,304,evacuee,,Evacuee;325;in triage state;Y;is at the evacuation site
348.685,3,evacueeManager,,OFF SHIP: White;0;Green;423;Yellow;37;Red;13;Black;27;ON SHIP: White;0;Green;0;Yellow;0;Red;0;Evacuees to Transfer;
348.685,189,evacuee,outES,Evacuee 480 in triage category Y is not assigned a helicopter
348.685,189,evacuee,,Evacuee;480;in triage state;R;is at the evacuation site
350.747,3,evacueeManager,,OFF SHIP: White;0;Green;422;Yellow;38;Red;13;Black;27;ON SHIP: White;0;Green;0;Yellow;0;Red;0;Evacuees to Transfer;
350.747,86,evacuee,outES,Evacuee 445 in triage category G is not assigned a helicopter
350.747,86,evacuee,,Evacuee;445;in triage state;Y;is at the evacuation site
351.803,3,evacueeManager,,OFF SHIP: White;0;Green;421;Yellow;39;Red;13;Black;27;ON SHIP: White;0;Green;0;Yellow;0;Red;0;Evacuees to Transfer;
351.803,727,evacuee,outES,Evacuee 17 in triage category G is not assigned a helicopter
351.803,727,evacuee,,Evacuee;17;in triage state;Y;is at the evacuation site
353.907,3,evacueeManager,,OFF SHIP: White;0;Green;421;Yellow;39;Red;12;Black;28;ON SHIP: White;0;Green;0;Yellow;0;Red;0;Evacuees to Transfer;
353.907,298,evacuee,outES,Evacuee 326 in triage category R is not assigned a helicopter
353.907,298,evacuee,,Evacuee;326;in triage state;B;is at the evacuation site
361.51,3,evacueeManager,,OFF SHIP: White;0;Green;420;Yellow;40;Red;12;Black;28;ON SHIP: White;0;Green;0;Yellow;0;Red;0;Evacuees to Transfer;
361.51,937,evacuee,outES,Evacuee 10 in triage category G is not assigned a helicopter
361.51,937,evacuee,,Evacuee;10;in triage state;Y;is at the evacuation site
363.102,3,evacueeManager,,OFF SHIP: White;0;Green;420;Yellow;39;Red;13;Black;28;ON SHIP: White;0;Green;0;Yellow;0;Red;0;Evacuees to Transfer;
363.102,865,evacuee,outES,Evacuee 347 in triage category Y is not assigned a helicopter
363.102,865,evacuee,,Evacuee;347;in triage state;R;is at the evacuation site
369.499,3,evacueeManager,,OFF SHIP: White;0;Green;419;Yellow;40;Red;13;Black;28;ON SHIP: White;0;Green;0;Yellow;0;Red;0;Evacuees to Transfer;
369.499,448,evacuee,outES,Evacuee 260 in triage category G is not assigned a helicopter
369.499,448,evacuee,,Evacuee;260;in triage state;Y;is at the evacuation site
370.659,3,evacueeManager,,OFF SHIP: White;0;Green;419;Yellow;40;Red;12;Black;29;ON SHIP: White;0;Green;0;Yellow;0;Red;0;Evacuees to Transfer;
370.659,958,evacuee,outES,Evacuee 496 in triage category R is not assigned a helicopter
370.659,958,evacuee,,Evacuee;496;in triage state;B;is at the evacuation site
371.562,3,evacueeManager,,OFF SHIP: White;0;Green;418;Yellow;41;Red;12;Black;29;ON SHIP: White;0;Green;0;Yellow;0;Red;0;Evacuees to Transfer;
371.562,658,evacuee,outES,Evacuee 78 in triage category G is not assigned a helicopter
371.562,658,evacuee,,Evacuee;78;in triage state;Y;is at the evacuation site
374.265,3,evacueeManager,,OFF SHIP: White;0;Green;418;Yellow;40;Red;13;Black;29;ON SHIP: White;0;Green;0;Yellow;0;Red;0;Evacuees to Transfer;
374.265,1218,evacuee,outES,Evacuee 149 in triage category Y is not assigned a helicopter
374.265,1218,evacuee,,Evacuee;149;in triage state;R;is at the evacuation site
377.078,3,evacueeManager,,OFF SHIP: White;0;Green;418;Yellow;39;Red;14;Black;29;ON SHIP: White;0;Green;0;Yellow;0;Red;0;Evacuees to Transfer;
377.078,445,evacuee,outES,Evacuee 262 in triage category Y is not assigned a helicopter
377.078,445,evacuee,,Evacuee;262;in triage state;R;is at the evacuation site
386.727,3,evacueeManager,,OFF SHIP: White;0;Green;418;Yellow;38;Red;15;Black;29;ON SHIP: White;0;Green;0;Yellow;0;Red;0;Evacuees to Transfer;
386.727,1425,evacuee,outES,Evacuee 12 in triage category Y is not assigned a helicopter
386.727,1425,evacuee,,Evacuee;12;in triage state;R;is at the evacuation site
391.344,3,evacueeManager,,OFF SHIP: White;0;Green;418;Yellow;38;Red;14;Black;30;ON SHIP: White;0;Green;0;Yellow;0;Red;0;Evacuees to Transfer;
391.344,38,evacuee,outES,Evacuee 479 in triage category R is not assigned a helicopter
391.344,38,evacuee,,Evacuee;479;in triage state;B;is at the evacuation site
391.855,3,evacueeManager,,OFF SHIP: White;0;Green;418;Yellow;38;Red;13;Black;31;ON SHIP: White;0;Green;0;Yellow;0;Red;0;Evacuees to Transfer;
391.855,159,evacuee,outES,Evacuee 397 in triage category R is not assigned a helicopter
391.855,159,evacuee,,Evacuee;397;in triage state;B;is at the evacuation site
393.428,3,evacueeManager,,OFF SHIP: White;0;Green;418;Yellow;37;Red;14;Black;31;ON SHIP: White;0;Green;0;Yellow;0;Red;0;Evacuees to Transfer;
393.428,1497,evacuee,outES,Evacuee 59 in triage category Y is not assigned a helicopter
393.428,1497,evacuee,,Evacuee;59;in triage state;R;is at the evacuation site
394.545,3,evacueeManager,,OFF SHIP: White;0;Green;417;Yellow;38;Red;14;Black;31;ON SHIP: White;0;Green;0;Yellow;0;Red;0;Evacuees to Transfer;
394.545,376,evacuee,outES,Evacuee 290 in triage category G is not assigned a helicopter
394.545,376,evacuee,,Evacuee;290;in triage state;Y;is at the evacuation site
395.618,3,evacueeManager,,OFF SHIP: White;0;Green;416;Yellow;39;Red;14;Black;31;ON SHIP: White;0;Green;0;Yellow;0;Red;0;Evacuees to Transfer;
395.618,1009,evacuee,outES,Evacuee 220 in triage category G is not assigned a helicopter
395.618,1009,evacuee,,Evacuee;220;in triage state;Y;is at the evacuation site
397.636,3,evacueeManager,,OFF SHIP: White;0;Green;415;Yellow;40;Red;14;Black;31;ON SHIP: White;0;Green;0;Yellow;0;Red;0;Evacuees to Transfer;
397.636,162,evacuee,outES,Evacuee 452 in triage category G is not assigned a helicopter
397.636,162,evacuee,,Evacuee;452;in triage state;Y;is at the evacuation site
399.896,3,evacueeManager,,OFF SHIP: White;0;Green;415;Yellow;40;Red;13;Black;32;ON SHIP: White;0;Green;0;Yellow;0;Red;0;Evacuees to Transfer;
399.896,80,evacuee,outES,Evacuee 455 in triage category R is not assigned a helicopter
399.896,80,evacuee,,Evacuee;455;in triage state;B;is at the evacuation site
408.893,3,evacueeManager,,OFF SHIP: White;0;Green;414;Yellow;41;Red;13;Black;32;ON SHIP: White;0;Green;0;Yellow;0;Red;0;Evacuees to Transfer;
408.893,520,evacuee,outES,Evacuee 302 in triage category G is not assigned a helicopter
408.893,520,evacuee,,Evacuee;302;in triage state;Y;is at the evacuation site
409.426,3,evacueeManager,,OFF SHIP: White;0;Green;414;Yellow;41;Red;12;Black;33;ON SHIP: White;0;Green;0;Yellow;0;Red;0;Evacuees to Transfer;
409.426,724,evacuee,outES,Evacuee 474 in triage category R is not assigned a helicopter
409.426,724,evacuee,,Evacuee;474;in triage state;B;is at the evacuation site
409.635,3,evacueeManager,,OFF SHIP: White;0;Green;414;Yellow;40;Red;13;Black;33;ON SHIP: White;0;Green;0;Yellow;0;Red;0;Evacuees to Transfer;
409.635,658,evacuee,outES,Evacuee 78 in triage category Y is not assigned a helicopter
409.635,658,evacuee,,Evacuee;78;in triage state;R;is at the evacuation site
410.64,3,evacueeManager,,OFF SHIP: White;0;Green;414;Yellow;39;Red;14;Black;33;ON SHIP: White;0;Green;0;Yellow;0;Red;0;Evacuees to Transfer;
410.64,937,evacuee,outES,Evacuee 10 in triage category Y is not assigned a helicopter
410.64,937,evacuee,,Evacuee;10;in triage state;R;is at the evacuation site
411.142,3,evacueeManager,,OFF SHIP: White;0;Green;414;Yellow;38;Red;15;Black;33;ON SHIP: White;0;Green;0;Yellow;0;Red;0;Evacuees to Transfer;
411.142,86,evacuee,outES,Evacuee 445 in triage category Y is not assigned a helicopter
411.142,86,evacuee,,Evacuee;445;in triage state;R;is at the evacuation site
412.761,3,evacueeManager,,OFF SHIP: White;0;Green;414;Yellow;37;Red;16;Black;33;ON SHIP: White;0;Green;0;Yellow;0;Red;0;Evacuees to Transfer;
412.761,370,evacuee,outES,Evacuee 292 in triage category Y is not assigned a helicopter
412.761,370,evacuee,,Evacuee;292;in triage state;R;is at the evacuation site
413.446,3,evacueeManager,,OFF SHIP: White;0;Green;414;Yellow;37;Red;15;Black;34;ON SHIP: White;0;Green;0;Yellow;0;Red;0;Evacuees to Transfer;
413.446,1072,evacuee,outES,Evacuee 43 in triage category R is not assigned a helicopter
413.446,1072,evacuee,,Evacuee;43;in triage state;B;is at the evacuation site
413.755,3,evacueeManager,,OFF SHIP: White;0;Green;414;Yellow;36;Red;16;Black;34;ON SHIP: White;0;Green;0;Yellow;0;Red;0;Evacuees to Transfer;
413.755,232,evacuee,outES,Evacuee 369 in triage category Y is not assigned a helicopter
413.755,232,evacuee,,Evacuee;369;in triage state;R;is at the evacuation site
416.404,3,evacueeManager,,OFF SHIP: White;0;Green;414;Yellow;35;Red;17;Black;34;ON SHIP: White;0;Green;0;Yellow;0;Red;0;Evacuees to Transfer;
416.404,373,evacuee,outES,Evacuee 291 in triage category Y is not assigned a helicopter
416.404,373,evacuee,,Evacuee;291;in triage state;R;is at the evacuation site
417.078,3,evacueeManager,,OFF SHIP: White;0;Green;413;Yellow;36;Red;17;Black;34;ON SHIP: White;0;Green;0;Yellow;0;Red;0;Evacuees to Transfer;
417.078,1078,evacuee,outES,Evacuee 336 in triage category G is not assigned a helicopter
417.078,1078,evacuee,,Evacuee;336;in triage state;Y;is at the evacuation site
419.176,3,evacueeManager,,OFF SHIP: White;0;Green;412;Yellow;37;Red;17;Black;34;ON SHIP: White;0;Green;0;Yellow;0;Red;0;Evacuees to Transfer;
419.176,1293,evacuee,outES,Evacuee 230 in triage category G is not assigned a helicopter
419.176,1293,evacuee,,Evacuee;230;in triage state;Y;is at the evacuation site
420.194,3,evacueeManager,,OFF SHIP: White;0;Green;411;Yellow;38;Red;17;Black;34;ON SHIP: White;0;Green;0;Yellow;0;Red;0;Evacuees to Transfer;
420.194,868,evacuee,outES,Evacuee 82 in triage category G is not assigned a helicopter
420.194,868,evacuee,,Evacuee;82;in triage state;Y;is at the evacuation site
422.792,3,evacueeManager,,OFF SHIP: White;0;Green;411;Yellow;38;Red;16;Black;35;ON SHIP: White;0;Green;0;Yellow;0;Red;0;Evacuees to Transfer;
422.792,865,evacuee,outES,Evacuee 347 in triage category R is not assigned a helicopter
422.792,865,evacuee,,Evacuee;347;in triage state;B;is at the evacuation site
426.06,3,evacueeManager,,OFF SHIP: White;0;Green;411;Yellow;38;Red;15;Black;36;ON SHIP: White;0;Green;0;Yellow;0;Red;0;Evacuees to Transfer;
426.06,41,evacuee,outES,Evacuee 478 in triage category R is not assigned a helicopter
426.06,41,evacuee,,Evacuee;478;in triage state;B;is at the evacuation site
426.36,3,evacueeManager,,OFF SHIP: White;0;Green;411;Yellow;38;Red;14;Black;37;ON SHIP: White;0;Green;0;Yellow;0;Red;0;Evacuees to Transfer;
426.36,370,evacuee,outES,Evacuee 292 in triage category R is not assigned a helicopter
426.36,370,evacuee,,Evacuee;292;in triage state;B;is at the evacuation site
430.837,3,evacueeManager,,OFF SHIP: White;0;Green;410;Yellow;39;Red;14;Black;37;ON SHIP: White;0;Green;0;Yellow;0;Red;0;Evacuees to Transfer;
430.837,1151,evacuee,outES,Evacuee 231 in triage category G is not assigned a helicopter
430.837,1151,evacuee,,Evacuee;231;in triage state;Y;is at the evacuation site
431.048,3,evacueeManager,,OFF SHIP: White;0;Green;410;Yellow;39;Red;13;Black;38;ON SHIP: White;0;Green;0;Yellow;0;Red;0;Evacuees to Transfer;
431.048,1218,evacuee,outES,Evacuee 149 in triage category R is not assigned a helicopter
431.048,1218,evacuee,,Evacuee;149;in triage state;B;is at the evacuation site
432.944,3,evacueeManager,,OFF SHIP: White;0;Green;409;Yellow;40;Red;13;Black;38;ON SHIP: White;0;Green;0;Yellow;0;Red;0;Evacuees to Transfer;
432.944,1362,evacuee,outES,Evacuee 399 in triage category G is not assigned a helicopter
432.944,1362,evacuee,,Evacuee;399;in triage state;Y;is at the evacuation site
438.677,3,evacueeManager,,OFF SHIP: White;0;Green;409;Yellow;40;Red;12;Black;39;ON SHIP: White;0;Green;0;Yellow;0;Red;0;Evacuees to Transfer;
438.677,86,evacuee,outES,Evacuee 445 in triage category R is not assigned a helicopter
438.677,86,evacuee,,Evacuee;445;in triage state;B;is at the evacuation site
440.241,3,evacueeManager,,OFF SHIP: White;0;Green;409;Yellow;40;Red;11;Black;40;ON SHIP: White;0;Green;0;Yellow;0;Red;0;Evacuees to Transfer;
440.241,229,evacuee,outES,Evacuee 457 in triage category R is not assigned a helicopter
440.241,229,evacuee,,Evacuee;457;in triage state;B;is at the evacuation site
455.201,3,evacueeManager,,OFF SHIP: White;0;Green;408;Yellow;41;Red;11;Black;40;ON SHIP: White;0;Green;0;Yellow;0;Red;0;Evacuees to Transfer;
455.201,1224,evacuee,outES,Evacuee 151 in triage category G is not assigned a helicopter
455.201,1224,evacuee,,Evacuee;151;in triage state;Y;is at the evacuation site
456.666,3,evacueeManager,,OFF SHIP: White;0;Green;408;Yellow;40;Red;12;Black;40;ON SHIP: White;0;Green;0;Yellow;0;Red;0;Evacuees to Transfer;
456.666,1111,evacuee,outES,Evacuee 490 in triage category Y is not assigned a helicopter
456.666,1111,evacuee,,Evacuee;490;in triage state;R;is at the evacuation site
458.873,3,evacueeManager,,OFF SHIP: White;0;Green;407;Yellow;41;Red;12;Black;40;ON SHIP: White;0;Green;0;Yellow;0;Red;0;Evacuees to Transfer;
458.873,799,evacuee,outES,Evacuee 268 in triage category G is not assigned a helicopter
458.873,799,evacuee,,Evacuee;268;in triage state;Y;is at the evacuation site
459.353,3,evacueeManager,,OFF SHIP: White;0;Green;407;Yellow;41;Red;11;Black;41;ON SHIP: White;0;Green;0;Yellow;0;Red;0;Evacuees to Transfer;
459.353,8,evacuee,outES,Evacuee 501 in triage category R is not assigned a helicopter
459.353,8,evacuee,,Evacuee;501;in triage state;B;is at the evacuation site
460.68,3,evacueeManager,,OFF SHIP: White;0;Green;406;Yellow;42;Red;11;Black;41;ON SHIP: White;0;Green;0;Yellow;0;Red;0;Evacuees to Transfer;
460.68,1500,evacuee,outES,Evacuee 248 in triage category G is not assigned a helicopter
460.68,1500,evacuee,,Evacuee;248;in triage state;Y;is at the evacuation site
461.13,3,evacueeManager,,OFF SHIP: White;0;Green;405;Yellow;43;Red;11;Black;41;ON SHIP: White;0;Green;0;Yellow;0;Red;0;Evacuees to Transfer;
461.13,235,evacuee,outES,Evacuee 366 in triage category G is not assigned a helicopter
461.13,235,evacuee,,Evacuee;366;in triage state;Y;is at the evacuation site
464.477,3,evacueeManager,,OFF SHIP: White;0;Green;405;Yellow;42;Red;12;Black;41;ON SHIP: White;0;Green;0;Yellow;0;Red;0;Evacuees to Transfer;
464.477,655,evacuee,outES,Evacuee 356 in triage category Y is not assigned a helicopter
464.477,655,evacuee,,Evacuee;356;in triage state;R;is at the evacuation site
467.914,3,evacueeManager,,OFF SHIP: White;0;Green;404;Yellow;43;Red;12;Black;41;ON SHIP: White;0;Green;0;Yellow;0;Red;0;Evacuees to Transfer;
467.914,1431,evacuee,outES,Evacuee 219 in triage category G is not assigned a helicopter
467.914,1431,evacuee,,Evacuee;219;in triage state;Y;is at the evacuation site
471.548,3,evacueeManager,,OFF SHIP: White;0;Green;404;Yellow;42;Red;13;Black;41;ON SHIP: White;0;Green;0;Yellow;0;Red;0;Evacuees to Transfer;
471.548,1009,evacuee,outES,Evacuee 220 in triage category Y is not assigned a helicopter
471.548,1009,evacuee,,Evacuee;220;in triage state;R;is at the evacuation site
472.961,3,evacueeManager,,OFF SHIP: White;0;Green;404;Yellow;41;Red;14;Black;41;ON SHIP: White;0;Green;0;Yellow;0;Red;0;Evacuees to Transfer;
472.961,520,evacuee,outES,Evacuee 302 in triage category Y is not assigned a helicopter
472.961,520,evacuee,,Evacuee;302;in triage state;R;is at the evacuation site
473.269,3,evacueeManager,,OFF SHIP: White;0;Green;404;Yellow;41;Red;13;Black;42;ON SHIP: White;0;Green;0;Yellow;0;Red;0;Evacuees to Transfer;
473.269,189,evacuee,outES,Evacuee 480 in triage category R is not assigned a helicopter
473.269,189,evacuee,,Evacuee;480;in triage state;B;is at the evacuation site
474.973,3,evacueeManager,,OFF SHIP: White;0;Green;404;Yellow;41;Red;12;Black;43;ON SHIP: White;0;Green;0;Yellow;0;Red;0;Evacuees to Transfer;
474.973,1497,evacuee,outES,Evacuee 59 in triage category R is not assigned a helicopter
474.973,1497,evacuee,,Evacuee;59;in triage state;B;is at the evacuation site
480.216,3,evacueeManager,,OFF SHIP: White;0;Green;404;Yellow;41;Red;11;Black;44;ON SHIP: White;0;Green;0;Yellow;0;Red;0;Evacuees to Transfer;
480.216,1009,evacuee,outES,Evacuee 220 in triage category R is not assigned a helicopter
480.216,1009,evacuee,,Evacuee;220;in triage state;B;is at the evacuation site
486.274,3,evacueeManager,,OFF SHIP: White;0;Green;403;Yellow;42;Red;11;Black;44;ON SHIP: White;0;Green;0;Yellow;0;Red;0;Evacuees to Transfer;
486.274,89,evacuee,outES,Evacuee 442 in triage category G is not assigned a helicopter
486.274,89,evacuee,,Evacuee;442;in triage state;Y;is at the evacuation site
490.997,3,evacueeManager,,OFF SHIP: White;0;Green;403;Yellow;42;Red;10;Black;45;ON SHIP: White;0;Green;0;Yellow;0;Red;0;Evacuees to Transfer;
490.997,1111,evacuee,outES,Evacuee 490 in triage category R is not assigned a helicopter
490.997,1111,evacuee,,Evacuee;490;in triage state;B;is at the evacuation site
492.747,3,evacueeManager,,OFF SHIP: White;0;Green;403;Yellow;42;Red;9;Black;46;ON SHIP: White;0;Green;0;Yellow;0;Red;0;Evacuees to Transfer;
492.747,652,evacuee,outES,Evacuee 98 in triage category R is not assigned a helicopter
492.747,652,evacuee,,Evacuee;98;in triage state;B;is at the evacuation site
496.446,3,evacueeManager,,OFF SHIP: White;0;Green;402;Yellow;43;Red;9;Black;46;ON SHIP: White;0;Green;0;Yellow;0;Red;0;Evacuees to Transfer;
496.446,307,evacuee,outES,Evacuee 365 in triage category G is not assigned a helicopter
496.446,307,evacuee,,Evacuee;365;in triage state;Y;is at the evacuation site
505.932,3,evacueeManager,,OFF SHIP: White;0;Green;401;Yellow;44;Red;9;Black;46;ON SHIP: White;0;Green;0;Yellow;0;Red;0;Evacuees to Transfer;
505.932,451,evacuee,outES,Evacuee 259 in triage category G is not assigned a helicopter
505.932,451,evacuee,,Evacuee;259;in triage state;Y;is at the evacuation site
508.293,3,evacueeManager,,OFF SHIP: White;0;Green;400;Yellow;45;Red;9;Black;46;ON SHIP: White;0;Green;0;Yellow;0;Red;0;Evacuees to Transfer;
508.293,940,evacuee,outES,Evacuee 26 in triage category G is not assigned a helicopter
508.293,940,evacuee,,Evacuee;26;in triage state;Y;is at the evacuation site
517.819,3,evacueeManager,,OFF SHIP: White;0;Green;400;Yellow;44;Red;10;Black;46;ON SHIP: White;0;Green;0;Yellow;0;Red;0;Evacuees to Transfer;
517.819,1431,evacuee,outES,Evacuee 219 in triage category Y is not assigned a helicopter
517.819,1431,evacuee,,Evacuee;219;in triage state;R;is at the evacuation site
518.604,3,evacueeManager,,OFF SHIP: White;0;Green;400;Yellow;44;Red;9;Black;47;ON SHIP: White;0;Green;0;Yellow;0;Red;0;Evacuees to Transfer;
518.604,655,evacuee,outES,Evacuee 356 in triage category R is not assigned a helicopter
518.604,655,evacuee,,Evacuee;356;in triage state;B;is at the evacuation site
518.872,3,evacueeManager,,OFF SHIP: White;0;Green;399;Yellow;45;Red;9;Black;47;ON SHIP: White;0;Green;0;Yellow;0;Red;0;Evacuees to Transfer;
518.872,661,evacuee,outES,Evacuee 213 in triage category G is not assigned a helicopter
518.872,661,evacuee,,Evacuee;213;in triage state;Y;is at the evacuation site
522.795,3,evacueeManager,,OFF SHIP: White;0;Green;399;Yellow;45;Red;8;Black;48;ON SHIP: White;0;Green;0;Yellow;0;Red;0;Evacuees to Transfer;
522.795,301,evacuee,outES,Evacuee 466 in triage category R is not assigned a helicopter
522.795,301,evacuee,,Evacuee;466;in triage state;B;is at the evacuation site
523.549,3,evacueeManager,,OFF SHIP: White;0;Green;398;Yellow;46;Red;8;Black;48;ON SHIP: White;0;Green;0;Yellow;0;Red;0;Evacuees to Transfer;
523.549,592,evacuee,outES,Evacuee 324 in triage category G is not assigned a helicopter
523.549,592,evacuee,,Evacuee;324;in triage state;Y;is at the evacuation site
529.489,3,evacueeManager,,OFF SHIP: White;0;Green;397;Yellow;47;Red;8;Black;48;ON SHIP: White;0;Green;0;Yellow;0;Red;0;Evacuees to Transfer;
529.489,379,evacuee,outES,Evacuee 350 in triage category G is not assigned a helicopter
529.489,379,evacuee,,Evacuee;350;in triage state;Y;is at the evacuation site
530.702,3,evacueeManager,,OFF SHIP: White;0;Green;397;Yellow;47;Red;7;Black;49;ON SHIP: White;0;Green;0;Yellow;0;Red;0;Evacuees to Transfer;
530.702,373,evacuee,outES,Evacuee 291 in triage category R is not assigned a helicopter
530.702,373,evacuee,,Evacuee;291;in triage state;B;is at the evacuation site
531.831,3,evacueeManager,,OFF SHIP: White;0;Green;397;Yellow;46;Red;8;Black;49;ON SHIP: White;0;Green;0;Yellow;0;Red;0;Evacuees to Transfer;
531.831,868,evacuee,outES,Evacuee 82 in triage category Y is not assigned a helicopter
531.831,868,evacuee,,Evacuee;82;in triage state;R;is at the evacuation site
538.755,3,evacueeManager,,OFF SHIP: White;0;Green;396;Yellow;47;Red;8;Black;49;ON SHIP: White;0;Green;0;Yellow;0;Red;0;Evacuees to Transfer;
538.755,1012,evacuee,outES,Evacuee 355 in triage category G is not assigned a helicopter
538.755,1012,evacuee,,Evacuee;355;in triage state;Y;is at the evacuation site
539.077,3,evacueeManager,,OFF SHIP: White;0;Green;396;Yellow;46;Red;9;Black;49;ON SHIP: White;0;Green;0;Yellow;0;Red;0;Evacuees to Transfer;
539.077,1012,evacuee,outES,Evacuee 355 in triage category Y is not assigned a helicopter
539.077,1012,evacuee,,Evacuee;355;in triage state;R;is at the evacuation site
543.597,3,evacueeManager,,OFF SHIP: White;0;Green;395;Yellow;47;Red;9;Black;49;ON SHIP: White;0;Green;0;Yellow;0;Red;0;Evacuees to Transfer;
543.597,165,evacuee,outES,Evacuee 396 in triage category G is not assigned a helicopter
543.597,165,evacuee,,Evacuee;396;in triage state;Y;is at the evacuation site
546.872,3,evacueeManager,,OFF SHIP: White;0;Green;395;Yellow;46;Red;10;Black;49;ON SHIP: White;0;Green;0;Yellow;0;Red;0;Evacuees to Transfer;
546.872,517,evacuee,outES,Evacuee 345 in triage category Y is not assigned a helicopter
546.872,517,evacuee,,Evacuee;345;in triage state;R;is at the evacuation site
548.678,3,evacueeManager,,OFF SHIP: White;0;Green;395;Yellow;46;Red;9;Black;50;ON SHIP: White;0;Green;0;Yellow;0;Red;0;Evacuees to Transfer;
548.678,1425,evacuee,outES,Evacuee 12 in triage category R is not assigned a helicopter
548.678,1425,evacuee,,Evacuee;12;in triage state;B;is at the evacuation site
549.594,3,evacueeManager,,OFF SHIP: White;0;Green;395;Yellow;45;Red;10;Black;50;ON SHIP: White;0;Green;0;Yellow;0;Red;0;Evacuees to Transfer;
549.594,1293,evacuee,outES,Evacuee 230 in triage category Y is not assigned a helicopter
549.594,1293,evacuee,,Evacuee;230;in triage state;R;is at the evacuation site
552.347,3,evacueeManager,,OFF SHIP: White;0;Green;395;Yellow;44;Red;11;Black;50;ON SHIP: White;0;Green;0;Yellow;0;Red;0;Evacuees to Transfer;
552.347,304,evacuee,outES,Evacuee 325 in triage category Y is not assigned a helicopter
552.347,304,evacuee,,Evacuee;325;in triage state;R;is at the evacuation site
552.708,3,evacueeManager,,OFF SHIP: White;0;Green;394;Yellow;45;Red;11;Black;50;ON SHIP: White;0;Green;0;Yellow;0;Red;0;Evacuees to Transfer;
552.708,523,evacuee,outES,Evacuee 112 in triage category G is not assigned a helicopter
552.708,523,evacuee,,Evacuee;112;in triage state;Y;is at the evacuation site
561.953,3,evacueeManager,,OFF SHIP: White;0;Green;394;Yellow;45;Red;10;Black;51;ON SHIP: White;0;Green;0;Yellow;0;Red;0;Evacuees to Transfer;
561.953,868,evacuee,outES,Evacuee 82 in triage category R is not assigned a helicopter
561.953,868,evacuee,,Evacuee;82;in triage state;B;is at the evacuation site
562.894,3,evacueeManager,,OFF SHIP: White;0;Green;394;Yellow;44;Red;11;Black;51;ON SHIP: White;0;Green;0;Yellow;0;Red;0;Evacuees to Transfer;
562.894,451,evacuee,outES,Evacuee 259 in triage category Y is not assigned a helicopter
562.894,451,evacuee,,Evacuee;259;in triage state;R;is at the evacuation site
563.613,3,evacueeManager,,OFF SHIP: White;0;Green;394;Yellow;43;Red;12;Black;51;ON SHIP: White;0;Green;0;Yellow;0;Red;0;Evacuees to Transfer;
563.613,1422,evacuee,outES,Evacuee 214 in triage category Y is not assigned a helicopter
563.613,1422,evacuee,,Evacuee;214;in triage state;R;is at the evacuation site
566.261,3,evacueeManager,,OFF SHIP: White;0;Green;393;Yellow;44;Red;12;Black;51;ON SHIP: White;0;Green;0;Yellow;0;Red;0;Evacuees to Transfer;
566.261,1296,evacuee,outES,Evacuee 169 in triage category G is not assigned a helicopter
566.261,1296,evacuee,,Evacuee;169;in triage state;Y;is at the evacuation site
568.787,3,evacueeManager,,OFF SHIP: White;0;Green;393;Yellow;44;Red;11;Black;52;ON SHIP: White;0;Green;0;Yellow;0;Red;0;Evacuees to Transfer;
568.787,1293,evacuee,outES,Evacuee 230 in triage category R is not assigned a helicopter
568.787,1293,evacuee,,Evacuee;230;in triage state;B;is at the evacuation site
570.078,3,evacueeManager,,OFF SHIP: White;0;Green;392;Yellow;45;Red;11;Black;52;ON SHIP: White;0;Green;0;Yellow;0;Red;0;Evacuees to Transfer;
570.078,871,evacuee,outES,Evacuee 54 in triage category G is not assigned a helicopter
570.078,871,evacuee,,Evacuee;54;in triage state;Y;is at the evacuation site
572.29,3,evacueeManager,,OFF SHIP: White;0;Green;391;Yellow;46;Red;11;Black;52;ON SHIP: White;0;Green;0;Yellow;0;Red;0;Evacuees to Transfer;
572.29,1081,evacuee,outES,Evacuee 307 in triage category G is not assigned a helicopter
572.29,1081,evacuee,,Evacuee;307;in triage state;Y;is at the evacuation site
575.78,3,evacueeManager,,OFF SHIP: White;0;Green;390;Yellow;47;Red;11;Black;52;ON SHIP: White;0;Green;0;Yellow;0;Red;0;Evacuees to Transfer;
575.78,1154,evacuee,outES,Evacuee 261 in triage category G is not assigned a helicopter
575.78,1154,evacuee,,Evacuee;261;in triage state;Y;is at the evacuation site
589.327,3,evacueeManager,,OFF SHIP: White;0;Green;390;Yellow;47;Red;10;Black;53;ON SHIP: White;0;Green;0;Yellow;0;Red;0;Evacuees to Transfer;
589.327,658,evacuee,outES,Evacuee 78 in triage category R is not assigned a helicopter
589.327,658,evacuee,,Evacuee;78;in triage state;B;is at the evacuation site
592.072,3,evacueeManager,,OFF SHIP: White;0;Green;390;Yellow;47;Red;9;Black;54;ON SHIP: White;0;Green;0;Yellow;0;Red;0;Evacuees to Transfer;
592.072,1431,evacuee,outES,Evacuee 219 in triage category R is not assigned a helicopter
592.072,1431,evacuee,,Evacuee;219;in triage state;B;is at the evacuation site
593.046,3,evacueeManager,,OFF SHIP: White;0;Green;390;Yellow;46;Red;10;Black;54;ON SHIP: White;0;Green;0;Yellow;0;Red;0;Evacuees to Transfer;
593.046,1296,evacuee,outES,Evacuee 169 in triage category Y is not assigned a helicopter
593.046,1296,evacuee,,Evacuee;169;in triage state;R;is at the evacuation site
597.346,3,evacueeManager,,OFF SHIP: White;0;Green;389;Yellow;47;Red;10;Black;54;ON SHIP: White;0;Green;0;Yellow;0;Red;0;Evacuees to Transfer;
597.346,1365,evacuee,outES,Evacuee 197 in triage category G is not assigned a helicopter
597.346,1365,evacuee,,Evacuee;197;in triage state;Y;is at the evacuation site
602.347,3,evacueeManager,,OFF SHIP: White;0;Green;389;Yellow;47;Red;9;Black;55;ON SHIP: White;0;Green;0;Yellow;0;Red;0;Evacuees to Transfer;
602.347,1296,evacuee,outES,Evacuee 169 in triage category R is not assigned a helicopter
602.347,1296,evacuee,,Evacuee;169;in triage state;B;is at the evacuation site
604.39,3,evacueeManager,,OFF SHIP: White;0;Green;388;Yellow;48;Red;9;Black;55;ON SHIP: White;0;Green;0;Yellow;0;Red;0;Evacuees to Transfer;
604.39,1503,evacuee,outES,Evacuee 467 in triage category G is not assigned a helicopter
604.39,1503,evacuee,,Evacuee;467;in triage state;Y;is at the evacuation site
604.864,3,evacueeManager,,OFF SHIP: White;0;Green;387;Yellow;49;Red;9;Black;55;ON SHIP: White;0;Green;0;Yellow;0;Red;0;Evacuees to Transfer;
604.864,238,evacuee,outES,Evacuee 362 in triage category G is not assigned a helicopter
604.864,238,evacuee,,Evacuee;362;in triage state;Y;is at the evacuation site
608.054,3,evacueeManager,,OFF SHIP: White;0;Green;386;Yellow;50;Red;9;Black;55;ON SHIP: White;0;Green;0;Yellow;0;Red;0;Evacuees to Transfer;
608.054,802,evacuee,outES,Evacuee 100 in triage category G is not assigned a helicopter
608.054,802,evacuee,,Evacuee;100;in triage state;Y;is at the evacuation site
608.149,3,evacueeManager,,OFF SHIP: White;0;Green;386;Yellow;49;Red;10;Black;55;ON SHIP: White;0;Green;0;Yellow;0;Red;0;Evacuees to Transfer;
608.149,796,evacuee,outES,Evacuee 400 in triage category Y is not assigned a helicopter
608.149,796,evacuee,,Evacuee;400;in triage state;R;is at the evacuation site
609.752,3,evacueeManager,,OFF SHIP: White;0;Green;385;Yellow;50;Red;10;Black;55;ON SHIP: White;0;Green;0;Yellow;0;Red;0;Evacuees to Transfer;
609.752,1227,evacuee,outES,Evacuee 222 in triage category G is not assigned a helicopter
609.752,1227,evacuee,,Evacuee;222;in triage state;Y;is at the evacuation site
611.195,3,evacueeManager,,OFF SHIP: White;0;Green;385;Yellow;50;Red;9;Black;56;ON SHIP: White;0;Green;0;Yellow;0;Red;0;Evacuees to Transfer;
611.195,304,evacuee,outES,Evacuee 325 in triage category R is not assigned a helicopter
611.195,304,evacuee,,Evacuee;325;in triage state;B;is at the evacuation site
611.296,3,evacueeManager,,OFF SHIP: White;0;Green;385;Yellow;50;Red;8;Black;57;ON SHIP: White;0;Green;0;Yellow;0;Red;0;Evacuees to Transfer;
611.296,1012,evacuee,outES,Evacuee 355 in triage category R is not assigned a helicopter
611.296,1012,evacuee,,Evacuee;355;in triage state;B;is at the evacuation site
613.775,3,evacueeManager,,OFF SHIP: White;0;Green;385;Yellow;49;Red;9;Black;57;ON SHIP: White;0;Green;0;Yellow;0;Red;0;Evacuees to Transfer;
613.775,1078,evacuee,outES,Evacuee 336 in triage category Y is not assigned a helicopter
613.775,1078,evacuee,,Evacuee;336;in triage state;R;is at the evacuation site
615.261,3,evacueeManager,,OFF SHIP: White;0;Green;385;Yellow;49;Red;8;Black;58;ON SHIP: White;0;Green;0;Yellow;0;Red;0;Evacuees to Transfer;
615.261,1422,evacuee,outES,Evacuee 214 in triage category R is not assigned a helicopter
615.261,1422,evacuee,,Evacuee;214;in triage state;B;is at the evacuation site
617.576,3,evacueeManager,,OFF SHIP: White;0;Green;384;Yellow;50;Red;8;Black;58;ON SHIP: White;0;Green;0;Yellow;0;Red;0;Evacuees to Transfer;
617.576,1434,evacuee,outES,Evacuee 221 in triage category G is not assigned a helicopter
617.576,1434,evacuee,,Evacuee;221;in triage state;Y;is at the evacuation site
625.277,3,evacueeManager,,OFF SHIP: White;0;Green;384;Yellow;49;Red;9;Black;58;ON SHIP: White;0;Green;0;Yellow;0;Red;0;Evacuees to Transfer;
625.277,235,evacuee,outES,Evacuee 366 in triage category Y is not assigned a helicopter
625.277,235,evacuee,,Evacuee;366;in triage state;R;is at the evacuation site
628.495,3,evacueeManager,,OFF SHIP: White;0;Green;383;Yellow;50;Red;9;Black;58;ON SHIP: White;0;Green;0;Yellow;0;Red;0;Evacuees to Transfer;
628.495,92,evacuee,outES,Evacuee 441 in triage category G is not assigned a helicopter
628.495,92,evacuee,,Evacuee;441;in triage state;Y;is at the evacuation site
628.633,3,evacueeManager,,OFF SHIP: White;0;Green;383;Yellow;50;Red;8;Black;59;ON SHIP: White;0;Green;0;Yellow;0;Red;0;Evacuees to Transfer;
628.633,451,evacuee,outES,Evacuee 259 in triage category R is not assigned a helicopter
628.633,451,evacuee,,Evacuee;259;in triage state;B;is at the evacuation site
630.048,3,evacueeManager,,OFF SHIP: White;0;Green;383;Yellow;50;Red;7;Black;60;ON SHIP: White;0;Green;0;Yellow;0;Red;0;Evacuees to Transfer;
630.048,235,evacuee,outES,Evacuee 366 in triage category R is not assigned a helicopter
630.048,235,evacuee,,Evacuee;366;in triage state;B;is at the evacuation site
641.998,3,evacueeManager,,OFF SHIP: White;0;Green;382;Yellow;51;Red;7;Black;60;ON SHIP: White;0;Green;0;Yellow;0;Red;0;Evacuees to Transfer;
641.998,310,evacuee,outES,Evacuee 322 in triage category G is not assigned a helicopter
641.998,310,evacuee,,Evacuee;322;in triage state;Y;is at the evacuation site
649.152,3,evacueeManager,,OFF SHIP: White;0;Green;381;Yellow;52;Red;7;Black;60;ON SHIP: White;0;Green;0;Yellow;0;Red;0;Evacuees to Transfer;
649.152,454,evacuee,outES,Evacuee 125 in triage category G is not assigned a helicopter
649.152,454,evacuee,,Evacuee;125;in triage state;Y;is at the evacuation site
650.847,3,evacueeManager,,OFF SHIP: White;0;Green;381;Yellow;52;Red;6;Black;61;ON SHIP: White;0;Green;0;Yellow;0;Red;0;Evacuees to Transfer;
650.847,445,evacuee,outES,Evacuee 262 in triage category R is not assigned a helicopter
650.847,445,evacuee,,Evacuee;262;in triage state;B;is at the evacuation site
654.461,3,evacueeManager,,OFF SHIP: White;0;Green;380;Yellow;53;Red;6;Black;61;ON SHIP: White;0;Green;0;Yellow;0;Red;0;Evacuees to Transfer;
654.461,943,evacuee,outES,Evacuee 343 in triage category G is not assigned a helicopter
654.461,943,evacuee,,Evacuee;343;in triage state;Y;is at the evacuation site
659.704,3,evacueeManager,,OFF SHIP: White;0;Green;380;Yellow;52;Red;7;Black;61;ON SHIP: White;0;Green;0;Yellow;0;Red;0;Evacuees to Transfer;
659.704,156,evacuee,outES,Evacuee 398 in triage category Y is not assigned a helicopter
659.704,156,evacuee,,Evacuee;398;in triage state;R;is at the evacuation site
663.075,3,evacueeManager,,OFF SHIP: White;0;Green;380;Yellow;51;Red;8;Black;61;ON SHIP: White;0;Green;0;Yellow;0;Red;0;Evacuees to Transfer;
663.075,1154,evacuee,outES,Evacuee 261 in triage category Y is not assigned a helicopter
663.075,1154,evacuee,,Evacuee;261;in triage state;R;is at the evacuation site
664.904,3,evacueeManager,,OFF SHIP: White;0;Green;380;Yellow;50;Red;9;Black;61;ON SHIP: White;0;Green;0;Yellow;0;Red;0;Evacuees to Transfer;
664.904,802,evacuee,outES,Evacuee 100 in triage category Y is not assigned a helicopter
664.904,802,evacuee,,Evacuee;100;in triage state;R;is at the evacuation site
666.353,3,evacueeManager,,OFF SHIP: White;0;Green;379;Yellow;51;Red;9;Black;61;ON SHIP: White;0;Green;0;Yellow;0;Red;0;Evacuees to Transfer;
666.353,733,evacuee,outES,Evacuee 179 in triage category G is not assigned a helicopter
666.353,733,evacuee,,Evacuee;179;in triage state;Y;is at the evacuation site
669.218,3,evacueeManager,,OFF SHIP: White;0;Green;379;Yellow;50;Red;10;Black;61;ON SHIP: White;0;Green;0;Yellow;0;Red;0;Evacuees to Transfer;
669.218,1503,evacuee,outES,Evacuee 467 in triage category Y is not assigned a helicopter
669.218,1503,evacuee,,Evacuee;467;in triage state;R;is at the evacuation site
670.472,3,evacueeManager,,OFF SHIP: White;0;Green;379;Yellow;49;Red;11;Black;61;ON SHIP: White;0;Green;0;Yellow;0;Red;0;Evacuees to Transfer;
670.472,307,evacuee,outES,Evacuee 365 in triage category Y is not assigned a helicopter
670.472,307,evacuee,,Evacuee;365;in triage state;R;is at the evacuation site
671.068,3,evacueeManager,,OFF SHIP: White;0;Green;378;Yellow;50;Red;11;Black;61;ON SHIP: White;0;Green;0;Yellow;0;Red;0;Evacuees to Transfer;
671.068,382,evacuee,outES,Evacuee 288 in triage category G is not assigned a helicopter
671.068,382,evacuee,,Evacuee;288;in triage state;Y;is at the evacuation site
673.36,3,evacueeManager,,OFF SHIP: White;0;Green;377;Yellow;51;Red;11;Black;61;ON SHIP: White;0;Green;0;Yellow;0;Red;0;Evacuees to Transfer;
673.36,595,evacuee,outES,Evacuee 95 in triage category G is not assigned a helicopter
673.36,595,evacuee,,Evacuee;95;in triage state;Y;is at the evacuation site
676.974,3,evacueeManager,,OFF SHIP: White;0;Green;376;Yellow;52;Red;11;Black;61;ON SHIP: White;0;Green;0;Yellow;0;Red;0;Evacuees to Transfer;
676.974,664,evacuee,outES,Evacuee 344 in triage category G is not assigned a helicopter
676.974,664,evacuee,,Evacuee;344;in triage state;Y;is at the evacuation site
679.954,3,evacueeManager,,OFF SHIP: White;0;Green;376;Yellow;52;Red;10;Black;62;ON SHIP: White;0;Green;0;Yellow;0;Red;0;Evacuees to Transfer;
679.954,937,evacuee,outES,Evacuee 10 in triage category R is not assigned a helicopter
679.954,937,evacuee,,Evacuee;10;in triage state;B;is at the evacuation site
680.693,3,evacueeManager,,OFF SHIP: White;0;Green;376;Yellow;52;Red;9;Black;63;ON SHIP: White;0;Green;0;Yellow;0;Red;0;Evacuees to Transfer;
680.693,1078,evacuee,outES,Evacuee 336 in triage category R is not assigned a helicopter
680.693,1078,evacuee,,Evacuee;336;in triage state;B;is at the evacuation site
689.38,3,evacueeManager,,OFF SHIP: White;0;Green;375;Yellow;53;Red;9;Black;63;ON SHIP: White;0;Green;0;Yellow;0;Red;0;Evacuees to Transfer;
689.38,1015,evacuee,outES,Evacuee 23 in triage category G is not assigned a helicopter
689.38,1015,evacuee,,Evacuee;23;in triage state;Y;is at the evacuation site
690.594,3,evacueeManager,,OFF SHIP: White;0;Green;375;Yellow;53;Red;8;Black;64;ON SHIP: White;0;Green;0;Yellow;0;Red;0;Evacuees to Transfer;
690.594,156,evacuee,outES,Evacuee 398 in triage category R is not assigned a helicopter
690.594,156,evacuee,,Evacuee;398;in triage state;B;is at the evacuation site
694.989,3,evacueeManager,,OFF SHIP: White;0;Green;375;Yellow;53;Red;7;Black;65;ON SHIP: White;0;Green;0;Yellow;0;Red;0;Evacuees to Transfer;
694.989,517,evacuee,outES,Evacuee 345 in triage category R is not assigned a helicopter
694.989,517,evacuee,,Evacuee;345;in triage state;B;is at the evacuation site
695.719,3,evacueeManager,,OFF SHIP: White;0;Green;375;Yellow;53;Red;6;Black;66;ON SHIP: White;0;Green;0;Yellow;0;Red;0;Evacuees to Transfer;
695.719,307,evacuee,outES,Evacuee 365 in triage category R is not assigned a helicopter
695.719,307,evacuee,,Evacuee;365;in triage state;B;is at the evacuation site
700.213,3,evacueeManager,,OFF SHIP: White;0;Green;375;Yellow;52;Red;7;Black;66;ON SHIP: White;0;Green;0;Yellow;0;Red;0;Evacuees to Transfer;
700.213,1434,evacuee,outES,Evacuee 221 in triage category Y is not assigned a helicopter
700.213,1434,evacuee,,Evacuee;221;in triage state;R;is at the evacuation site
700.299,3,evacueeManager,,OFF SHIP: White;0;Green;375;Yellow;51;Red;8;Black;66;ON SHIP: White;0;Green;0;Yellow;0;Red;0;Evacuees to Transfer;
700.299,1006,evacuee,outES,Evacuee 53 in triage category Y is not assigned a helicopter
700.299,1006,evacuee,,Evacuee;53;in triage state;R;is at the evacuation site
706.795,3,evacueeManager,,OFF SHIP: White;0;Green;375;Yellow;51;Red;7;Black;67;ON SHIP: White;0;Green;0;Yellow;0;Red;0;Evacuees to Transfer;
706.795,232,evacuee,outES,Evacuee 369 in triage category R is not assigned a helicopter
706.795,232,evacuee,,Evacuee;369;in triage state;B;is at the evacuation site
706.963,3,evacueeManager,,OFF SHIP: White;0;Green;374;Yellow;52;Red;7;Black;67;ON SHIP: White;0;Green;0;Yellow;0;Red;0;Evacuees to Transfer;
706.963,526,evacuee,outES,Evacuee 299 in triage category G is not assigned a helicopter
706.963,526,evacuee,,Evacuee;299;in triage state;Y;is at the evacuation site
710.158,3,evacueeManager,,OFF SHIP: White;0;Green;374;Yellow;51;Red;8;Black;67;ON SHIP: White;0;Green;0;Yellow;0;Red;0;Evacuees to Transfer;
710.158,454,evacuee,outES,Evacuee 125 in triage category Y is not assigned a helicopter
710.158,454,evacuee,,Evacuee;125;in triage state;R;is at the evacuation site
714.022,3,evacueeManager,,OFF SHIP: White;0;Green;374;Yellow;50;Red;9;Black;67;ON SHIP: White;0;Green;0;Yellow;0;Red;0;Evacuees to Transfer;
714.022,940,evacuee,outES,Evacuee 26 in triage category Y is not assigned a helicopter
714.022,940,evacuee,,Evacuee;26;in triage state;R;is at the evacuation site
716.607,3,evacueeManager,,OFF SHIP: White;0;Green;373;Yellow;51;Red;9;Black;67;ON SHIP: White;0;Green;0;Yellow;0;Red;0;Evacuees to Transfer;
716.607,874,evacuee,outES,Evacuee 368 in triage category G is not assigned a helicopter
716.607,874,evacuee,,Evacuee;368;in triage state;Y;is at the evacuation site
720.416,3,evacueeManager,,OFF SHIP: White;0;Green;372;Yellow;52;Red;9;Black;67;ON SHIP: White;0;Green;0;Yellow;0;Red;0;Evacuees to Transfer;
720.416,168,evacuee,outES,Evacuee 395 in triage category G is not assigned a helicopter
720.416,168,evacuee,,Evacuee;395;in triage state;Y;is at the evacuation site
724.161,3,evacueeManager,,OFF SHIP: White;0;Green;371;Yellow;53;Red;9;Black;67;ON SHIP: White;0;Green;0;Yellow;0;Red;0;Evacuees to Transfer;
724.161,1299,evacuee,outES,Evacuee 170 in triage category G is not assigned a helicopter
724.161,1299,evacuee,,Evacuee;170;in triage state;Y;is at the evacuation site
728.406,3,evacueeManager,,OFF SHIP: White;0;Green;370;Yellow;54;Red;9;Black;67;ON SHIP: White;0;Green;0;Yellow;0;Red;0;Evacuees to Transfer;
728.406,1157,evacuee,outES,Evacuee 45 in triage category G is not assigned a helicopter
728.406,1157,evacuee,,Evacuee;45;in triage state;Y;is at the evacuation site
730.531,3,evacueeManager,,OFF SHIP: White;0;Green;369;Yellow;55;Red;9;Black;67;ON SHIP: White;0;Green;0;Yellow;0;Red;0;Evacuees to Transfer;
730.531,1084,evacuee,outES,Evacuee 212 in triage category G is not assigned a helicopter
730.531,1084,evacuee,,Evacuee;212;in triage state;Y;is at the evacuation site
731.435,3,evacueeManager,,OFF SHIP: White;0;Green;369;Yellow;54;Red;10;Black;67;ON SHIP: White;0;Green;0;Yellow;0;Red;0;Evacuees to Transfer;
731.435,448,evacuee,outES,Evacuee 260 in triage category Y is not assigned a helicopter
731.435,448,evacuee,,Evacuee;260;in triage state;R;is at the evacuation site
731.436,3,evacueeManager,,OFF SHIP: White;0;Green;369;Yellow;53;Red;11;Black;67;ON SHIP: White;0;Green;0;Yellow;0;Red;0;Evacuees to Transfer;
731.436,1428,evacuee,outES,Evacuee 216 in triage category Y is not assigned a helicopter
731.436,1428,evacuee,,Evacuee;216;in triage state;R;is at the evacuation site
732.954,3,evacueeManager,,OFF SHIP: White;0;Green;369;Yellow;53;Red;10;Black;68;ON SHIP: White;0;Green;0;Yellow;0;Red;0;Evacuees to Transfer;
732.954,1503,evacuee,outES,Evacuee 467 in triage category R is not assigned a helicopter
732.954,1503,evacuee,,Evacuee;467;in triage state;B;is at the evacuation site
734.784,3,evacueeManager,,OFF SHIP: White;0;Green;369;Yellow;53;Red;9;Black;69;ON SHIP: White;0;Green;0;Yellow;0;Red;0;Evacuees to Transfer;
734.784,796,evacuee,outES,Evacuee 400 in triage category R is not assigned a helicopter
734.784,796,evacuee,,Evacuee;400;in triage state;B;is at the evacuation site
742.84,3,evacueeManager,,OFF SHIP: White;0;Green;369;Yellow;53;Red;8;Black;70;ON SHIP: White;0;Green;0;Yellow;0;Red;0;Evacuees to Transfer;
742.84,1428,evacuee,outES,Evacuee 216 in triage category R is not assigned a helicopter
742.84,1428,evacuee,,Evacuee;216;in triage state;B;is at the evacuation site
753.494,3,evacueeManager,,OFF SHIP: White;0;Green;369;Yellow;53;Red;7;Black;71;ON SHIP: White;0;Green;0;Yellow;0;Red;0;Evacuees to Transfer;
753.494,454,evacuee,outES,Evacuee 125 in triage category R is not assigned a helicopter
753.494,454,evacuee,,Evacuee;125;in triage state;B;is at the evacuation site
753.948,3,evacueeManager,,OFF SHIP: White;0;Green;369;Yellow;53;Red;6;Black;72;ON SHIP: White;0;Green;0;Yellow;0;Red;0;Evacuees to Transfer;
753.948,1434,evacuee,outES,Evacuee 221 in triage category R is not assigned a helicopter
753.948,1434,evacuee,,Evacuee;221;in triage state;B;is at the evacuation site
754.002,3,evacueeManager,,OFF SHIP: White;0;Green;369;Yellow;53;Red;5;Black;73;ON SHIP: White;0;Green;0;Yellow;0;Red;0;Evacuees to Transfer;
754.002,448,evacuee,outES,Evacuee 260 in triage category R is not assigned a helicopter
754.002,448,evacuee,,Evacuee;260;in triage state;B;is at the evacuation site
754.078,3,evacueeManager,,OFF SHIP: White;0;Green;368;Yellow;54;Red;5;Black;73;ON SHIP: White;0;Green;0;Yellow;0;Red;0;Evacuees to Transfer;
754.078,1368,evacuee,outES,Evacuee 450 in triage category G is not assigned a helicopter
754.078,1368,evacuee,,Evacuee;450;in triage state;Y;is at the evacuation site
754.685,3,evacueeManager,,OFF SHIP: White;0;Green;368;Yellow;53;Red;6;Black;73;ON SHIP: White;0;Green;0;Yellow;0;Red;0;Evacuees to Transfer;
754.685,1362,evacuee,outES,Evacuee 399 in triage category Y is not assigned a helicopter
754.685,1362,evacuee,,Evacuee;399;in triage state;R;is at the evacuation site
762.016,3,evacueeManager,,OFF SHIP: White;0;Green;367;Yellow;54;Red;6;Black;73;ON SHIP: White;0;Green;0;Yellow;0;Red;0;Evacuees to Transfer;
762.016,241,evacuee,outES,Evacuee 425 in triage category G is not assigned a helicopter
762.016,241,evacuee,,Evacuee;425;in triage state;Y;is at the evacuation site
764.161,3,evacueeManager,,OFF SHIP: White;0;Green;367;Yellow;54;Red;5;Black;74;ON SHIP: White;0;Green;0;Yellow;0;Red;0;Evacuees to Transfer;
764.161,1154,evacuee,outES,Evacuee 261 in triage category R is not assigned a helicopter
764.161,1154,evacuee,,Evacuee;261;in triage state;B;is at the evacuation site
764.239,3,evacueeManager,,OFF SHIP: White;0;Green;366;Yellow;55;Red;5;Black;74;ON SHIP: White;0;Green;0;Yellow;0;Red;0;Evacuees to Transfer;
764.239,1230,evacuee,outES,Evacuee 152 in triage category G is not assigned a helicopter
764.239,1230,evacuee,,Evacuee;152;in triage state;Y;is at the evacuation site
764.454,3,evacueeManager,,OFF SHIP: White;0;Green;365;Yellow;56;Red;5;Black;74;ON SHIP: White;0;Green;0;Yellow;0;Red;0;Evacuees to Transfer;
764.454,1506,evacuee,outES,Evacuee 298 in triage category G is not assigned a helicopter
764.454,1506,evacuee,,Evacuee;298;in triage state;Y;is at the evacuation site
771.272,3,evacueeManager,,OFF SHIP: White;0;Green;364;Yellow;57;Red;5;Black;74;ON SHIP: White;0;Green;0;Yellow;0;Red;0;Evacuees to Transfer;
771.272,805,evacuee,outES,Evacuee 29 in triage category G is not assigned a helicopter
771.272,805,evacuee,,Evacuee;29;in triage state;Y;is at the evacuation site
775.154,3,evacueeManager,,OFF SHIP: White;0;Green;363;Yellow;58;Red;5;Black;74;ON SHIP: White;0;Green;0;Yellow;0;Red;0;Evacuees to Transfer;
775.154,95,evacuee,outES,Evacuee 439 in triage category G is not assigned a helicopter
775.154,95,evacuee,,Evacuee;439;in triage state;Y;is at the evacuation site
776.824,3,evacueeManager,,OFF SHIP: White;0;Green;363;Yellow;57;Red;6;Black;74;ON SHIP: White;0;Green;0;Yellow;0;Red;0;Evacuees to Transfer;
776.824,162,evacuee,outES,Evacuee 452 in triage category Y is not assigned a helicopter
776.824,162,evacuee,,Evacuee;452;in triage state;R;is at the evacuation site
778.395,3,evacueeManager,,OFF SHIP: White;0;Green;362;Yellow;58;Red;6;Black;74;ON SHIP: White;0;Green;0;Yellow;0;Red;0;Evacuees to Transfer;
778.395,1437,evacuee,outES,Evacuee 224 in triage category G is not assigned a helicopter
778.395,1437,evacuee,,Evacuee;224;in triage state;Y;is at the evacuation site
785.439,3,evacueeManager,,OFF SHIP: White;0;Green;362;Yellow;57;Red;7;Black;74;ON SHIP: White;0;Green;0;Yellow;0;Red;0;Evacuees to Transfer;
785.439,1500,evacuee,outES,Evacuee 248 in triage category Y is not assigned a helicopter
785.439,1500,evacuee,,Evacuee;248;in triage state;R;is at the evacuation site
787.534,3,evacueeManager,,OFF SHIP: White;0;Green;362;Yellow;56;Red;8;Black;74;ON SHIP: White;0;Green;0;Yellow;0;Red;0;Evacuees to Transfer;
787.534,1157,evacuee,outES,Evacuee 45 in triage category Y is not assigned a helicopter
787.534,1157,evacuee,,Evacuee;45;in triage state;R;is at the evacuation site
789.709,3,evacueeManager,,OFF SHIP: White;0;Green;362;Yellow;55;Red;9;Black;74;ON SHIP: White;0;Green;0;Yellow;0;Red;0;Evacuees to Transfer;
789.709,799,evacuee,outES,Evacuee 268 in triage category Y is not assigned a helicopter
789.709,799,evacuee,,Evacuee;268;in triage state;R;is at the evacuation site
792.331,3,evacueeManager,,OFF SHIP: White;0;Green;361;Yellow;56;Red;9;Black;74;ON SHIP: White;0;Green;0;Yellow;0;Red;0;Evacuees to Transfer;
792.331,313,evacuee,outES,Evacuee 321 in triage category G is not assigned a helicopter
792.331,313,evacuee,,Evacuee;321;in triage state;Y;is at the evacuation site
795.2,3,evacueeManager,,OFF SHIP: White;0;Green;361;Yellow;55;Red;10;Black;74;ON SHIP: White;0;Green;0;Yellow;0;Red;0;Evacuees to Transfer;
795.2,95,evacuee,outES,Evacuee 439 in triage category Y is not assigned a helicopter
795.2,95,evacuee,,Evacuee;439;in triage state;R;is at the evacuation site
796.009,3,evacueeManager,,OFF SHIP: White;0;Green;361;Yellow;55;Red;9;Black;75;ON SHIP: White;0;Green;0;Yellow;0;Red;0;Evacuees to Transfer;
796.009,1006,evacuee,outES,Evacuee 53 in triage category R is not assigned a helicopter
796.009,1006,evacuee,,Evacuee;53;in triage state;B;is at the evacuation site
796.277,3,evacueeManager,,OFF SHIP: White;0;Green;361;Yellow;55;Red;8;Black;76;ON SHIP: White;0;Green;0;Yellow;0;Red;0;Evacuees to Transfer;
796.277,1362,evacuee,outES,Evacuee 399 in triage category R is not assigned a helicopter
796.277,1362,evacuee,,Evacuee;399;in triage state;B;is at the evacuation site
801.756,3,evacueeManager,,OFF SHIP: White;0;Green;361;Yellow;55;Red;7;Black;77;ON SHIP: White;0;Green;0;Yellow;0;Red;0;Evacuees to Transfer;
801.756,940,evacuee,outES,Evacuee 26 in triage category R is not assigned a helicopter
801.756,940,evacuee,,Evacuee;26;in triage state;B;is at the evacuation site
808.809,3,evacueeManager,,OFF SHIP: White;0;Green;360;Yellow;56;Red;7;Black;77;ON SHIP: White;0;Green;0;Yellow;0;Red;0;Evacuees to Transfer;
808.809,457,evacuee,outES,Evacuee 114 in triage category G is not assigned a helicopter
808.809,457,evacuee,,Evacuee;114;in triage state;Y;is at the evacuation site
811.431,3,evacueeManager,,OFF SHIP: White;0;Green;359;Yellow;57;Red;7;Black;77;ON SHIP: White;0;Green;0;Yellow;0;Red;0;Evacuees to Transfer;
811.431,946,evacuee,outES,Evacuee 241 in triage category G is not assigned a helicopter
811.431,946,evacuee,,Evacuee;241;in triage state;Y;is at the evacuation site
812.264,3,evacueeManager,,OFF SHIP: White;0;Green;359;Yellow;56;Red;8;Black;77;ON SHIP: White;0;Green;0;Yellow;0;Red;0;Evacuees to Transfer;
812.264,523,evacuee,outES,Evacuee 112 in triage category Y is not assigned a helicopter
812.264,523,evacuee,,Evacuee;112;in triage state;R;is at the evacuation site
822.5,3,evacueeManager,,OFF SHIP: White;0;Green;359;Yellow;55;Red;9;Black;77;ON SHIP: White;0;Green;0;Yellow;0;Red;0;Evacuees to Transfer;
822.5,793,evacuee,outES,Evacuee 473 in triage category Y is not assigned a helicopter
822.5,793,evacuee,,Evacuee;473;in triage state;R;is at the evacuation site
825.109,3,evacueeManager,,OFF SHIP: White;0;Green;359;Yellow;55;Red;8;Black;78;ON SHIP: White;0;Green;0;Yellow;0;Red;0;Evacuees to Transfer;
825.109,520,evacuee,outES,Evacuee 302 in triage category R is not assigned a helicopter
825.109,520,evacuee,,Evacuee;302;in triage state;B;is at the evacuation site
827.282,3,evacueeManager,,OFF SHIP: White;0;Green;359;Yellow;54;Red;9;Black;78;ON SHIP: White;0;Green;0;Yellow;0;Red;0;Evacuees to Transfer;
827.282,874,evacuee,outES,Evacuee 368 in triage category Y is not assigned a helicopter
827.282,874,evacuee,,Evacuee;368;in triage state;R;is at the evacuation site
829.999,3,evacueeManager,,OFF SHIP: White;0;Green;358;Yellow;55;Red;9;Black;78;ON SHIP: White;0;Green;0;Yellow;0;Red;0;Evacuees to Transfer;
829.999,736,evacuee,outES,Evacuee 147 in triage category G is not assigned a helicopter
829.999,736,evacuee,,Evacuee;147;in triage state;Y;is at the evacuation site
831.98,3,evacueeManager,,OFF SHIP: White;0;Green;357;Yellow;56;Red;9;Black;78;ON SHIP: White;0;Green;0;Yellow;0;Red;0;Evacuees to Transfer;
831.98,385,evacuee,outES,Evacuee 287 in triage category G is not assigned a helicopter
831.98,385,evacuee,,Evacuee;287;in triage state;Y;is at the evacuation site
832.2,3,evacueeManager,,OFF SHIP: White;0;Green;356;Yellow;57;Red;9;Black;78;ON SHIP: White;0;Green;0;Yellow;0;Red;0;Evacuees to Transfer;
832.2,667,evacuee,outES,Evacuee 77 in triage category G is not assigned a helicopter
832.2,667,evacuee,,Evacuee;77;in triage state;Y;is at the evacuation site
835.7,3,evacueeManager,,OFF SHIP: White;0;Green;356;Yellow;56;Red;10;Black;78;ON SHIP: White;0;Green;0;Yellow;0;Red;0;Evacuees to Transfer;
835.7,727,evacuee,outES,Evacuee 17 in triage category Y is not assigned a helicopter
835.7,727,evacuee,,Evacuee;17;in triage state;R;is at the evacuation site
837.416,3,evacueeManager,,OFF SHIP: White;0;Green;355;Yellow;57;Red;10;Black;78;ON SHIP: White;0;Green;0;Yellow;0;Red;0;Evacuees to Transfer;
837.416,598,evacuee,outES,Evacuee 447 in triage category G is not assigned a helicopter
837.416,598,evacuee,,Evacuee;447;in triage state;Y;is at the evacuation site
839.253,3,evacueeManager,,OFF SHIP: White;0;Green;355;Yellow;57;Red;9;Black;79;ON SHIP: White;0;Green;0;Yellow;0;Red;0;Evacuees to Transfer;
839.253,1500,evacuee,outES,Evacuee 248 in triage category R is not assigned a helicopter
839.253,1500,evacuee,,Evacuee;248;in triage state;B;is at the evacuation site
842.159,3,evacueeManager,,OFF SHIP: White;0;Green;355;Yellow;57;Red;8;Black;80;ON SHIP: White;0;Green;0;Yellow;0;Red;0;Evacuees to Transfer;
842.159,727,evacuee,outES,Evacuee 17 in triage category R is not assigned a helicopter
842.159,727,evacuee,,Evacuee;17;in triage state;B;is at the evacuation site
845.103,3,evacueeManager,,OFF SHIP: White;0;Green;355;Yellow;56;Red;9;Black;80;ON SHIP: White;0;Green;0;Yellow;0;Red;0;Evacuees to Transfer;
845.103,1145,evacuee,outES,Evacuee 208 in triage category Y is not assigned a helicopter
845.103,1145,evacuee,,Evacuee;208;in triage state;R;is at the evacuation site
848.319,3,evacueeManager,,OFF SHIP: White;0;Green;354;Yellow;57;Red;9;Black;80;ON SHIP: White;0;Green;0;Yellow;0;Red;0;Evacuees to Transfer;
848.319,1018,evacuee,outES,Evacuee 200 in triage category G is not assigned a helicopter
848.319,1018,evacuee,,Evacuee;200;in triage state;Y;is at the evacuation site
858.533,3,evacueeManager,,OFF SHIP: White;0;Green;354;Yellow;57;Red;8;Black;81;ON SHIP: White;0;Green;0;Yellow;0;Red;0;Evacuees to Transfer;
858.533,1157,evacuee,outES,Evacuee 45 in triage category R is not assigned a helicopter
858.533,1157,evacuee,,Evacuee;45;in triage state;B;is at the evacuation site
858.571,3,evacueeManager,,OFF SHIP: White;0;Green;354;Yellow;56;Red;9;Black;81;ON SHIP: White;0;Green;0;Yellow;0;Red;0;Evacuees to Transfer;
858.571,661,evacuee,outES,Evacuee 213 in triage category Y is not assigned a helicopter
858.571,661,evacuee,,Evacuee;213;in triage state;R;is at the evacuation site
860.819,3,evacueeManager,,OFF SHIP: White;0;Green;353;Yellow;57;Red;9;Black;81;ON SHIP: White;0;Green;0;Yellow;0;Red;0;Evacuees to Transfer;
860.819,529,evacuee,outES,Evacuee 109 in triage category G is not assigned a helicopter
860.819,529,evacuee,,Evacuee;109;in triage state;Y;is at the evacuation site
864.305,3,evacueeManager,,OFF SHIP: White;0;Green;353;Yellow;56;Red;10;Black;81;ON SHIP: White;0;Green;0;Yellow;0;Red;0;Evacuees to Transfer;
864.305,1359,evacuee,outES,Evacuee 195 in triage category Y is not assigned a helicopter
864.305,1359,evacuee,,Evacuee;195;in triage state;R;is at the evacuation site
873.164,3,evacueeManager,,OFF SHIP: White;0;Green;353;Yellow;55;Red;11;Black;81;ON SHIP: White;0;Green;0;Yellow;0;Red;0;Evacuees to Transfer;
873.164,1081,evacuee,outES,Evacuee 307 in triage category Y is not assigned a helicopter
873.164,1081,evacuee,,Evacuee;307;in triage state;R;is at the evacuation site
874.044,3,evacueeManager,,OFF SHIP: White;0;Green;352;Yellow;56;Red;11;Black;81;ON SHIP: White;0;Green;0;Yellow;0;Red;0;Evacuees to Transfer;
874.044,877,evacuee,outES,Evacuee 4 in triage category G is not assigned a helicopter
874.044,877,evacuee,,Evacuee;4;in triage state;Y;is at the evacuation site
879.185,3,evacueeManager,,OFF SHIP: White;0;Green;352;Yellow;55;Red;12;Black;81;ON SHIP: White;0;Green;0;Yellow;0;Red;0;Evacuees to Transfer;
879.185,592,evacuee,outES,Evacuee 324 in triage category Y is not assigned a helicopter
879.185,592,evacuee,,Evacuee;324;in triage state;R;is at the evacuation site
887.432,3,evacueeManager,,OFF SHIP: White;0;Green;352;Yellow;55;Red;11;Black;82;ON SHIP: White;0;Green;0;Yellow;0;Red;0;Evacuees to Transfer;
887.432,799,evacuee,outES,Evacuee 268 in triage category R is not assigned a helicopter
887.432,799,evacuee,,Evacuee;268;in triage state;B;is at the evacuation site
889.084,3,evacueeManager,,OFF SHIP: White;0;Green;352;Yellow;55;Red;10;Black;83;ON SHIP: White;0;Green;0;Yellow;0;Red;0;Evacuees to Transfer;
889.084,793,evacuee,outES,Evacuee 473 in triage category R is not assigned a helicopter
889.084,793,evacuee,,Evacuee;473;in triage state;B;is at the evacuation site
891.223,3,evacueeManager,,OFF SHIP: White;0;Green;351;Yellow;56;Red;10;Black;83;ON SHIP: White;0;Green;0;Yellow;0;Red;0;Evacuees to Transfer;
891.223,1302,evacuee,outES,Evacuee 171 in triage category G is not assigned a helicopter
891.223,1302,evacuee,,Evacuee;171;in triage state;Y;is at the evacuation site
899.234,3,evacueeManager,,OFF SHIP: White;0;Green;351;Yellow;55;Red;11;Black;83;ON SHIP: White;0;Green;0;Yellow;0;Red;0;Evacuees to Transfer;
899.234,310,evacuee,outES,Evacuee 322 in triage category Y is not assigned a helicopter
899.234,310,evacuee,,Evacuee;322;in triage state;R;is at the evacuation site
899.55,3,evacueeManager,,OFF SHIP: White;0;Green;350;Yellow;56;Red;11;Black;83;ON SHIP: White;0;Green;0;Yellow;0;Red;0;Evacuees to Transfer;
899.55,171,evacuee,outES,Evacuee 393 in triage category G is not assigned a helicopter
899.55,171,evacuee,,Evacuee;393;in triage state;Y;is at the evacuation site
900.181,3,evacueeManager,,OFF SHIP: White;0;Green;350;Yellow;55;Red;12;Black;83;ON SHIP: White;0;Green;0;Yellow;0;Red;0;Evacuees to Transfer;
900.181,733,evacuee,outES,Evacuee 179 in triage category Y is not assigned a helicopter
900.181,733,evacuee,,Evacuee;179;in triage state;R;is at the evacuation site
904.137,3,evacueeManager,,OFF SHIP: White;0;Green;349;Yellow;56;Red;12;Black;83;ON SHIP: White;0;Green;0;Yellow;0;Red;0;Evacuees to Transfer;
904.137,1087,evacuee,outES,Evacuee 391 in triage category G is not assigned a helicopter
904.137,1087,evacuee,,Evacuee;391;in triage state;Y;is at the evacuation site
904.768,3,evacueeManager,,OFF SHIP: White;0;Green;349;Yellow;56;Red;11;Black;84;ON SHIP: White;0;Green;0;Yellow;0;Red;0;Evacuees to Transfer;
904.768,523,evacuee,outES,Evacuee 112 in triage category R is not assigned a helicopter
904.768,523,evacuee,,Evacuee;112;in triage state;B;is at the evacuation site
906.301,3,evacueeManager,,OFF SHIP: White;0;Green;349;Yellow;56;Red;10;Black;85;ON SHIP: White;0;Green;0;Yellow;0;Red;0;Evacuees to Transfer;
906.301,1081,evacuee,outES,Evacuee 307 in triage category R is not assigned a helicopter
906.301,1081,evacuee,,Evacuee;307;in triage state;B;is at the evacuation site
907.691,3,evacueeManager,,OFF SHIP: White;0;Green;349;Yellow;56;Red;9;Black;86;ON SHIP: White;0;Green;0;Yellow;0;Red;0;Evacuees to Transfer;
907.691,874,evacuee,outES,Evacuee 368 in triage category R is not assigned a helicopter
907.691,874,evacuee,,Evacuee;368;in triage state;B;is at the evacuation site
918.924,3,evacueeManager,,OFF SHIP: White;0;Green;348;Yellow;57;Red;9;Black;86;ON SHIP: White;0;Green;0;Yellow;0;Red;0;Evacuees to Transfer;
918.924,244,evacuee,outES,Evacuee 360 in triage category G is not assigned a helicopter
918.924,244,evacuee,,Evacuee;360;in triage state;Y;is at the evacuation site
919.277,3,evacueeManager,,OFF SHIP: White;0;Green;348;Yellow;56;Red;10;Black;86;ON SHIP: White;0;Green;0;Yellow;0;Red;0;Evacuees to Transfer;
919.277,1494,evacuee,outES,Evacuee 247 in triage category Y is not assigned a helicopter
919.277,1494,evacuee,,Evacuee;247;in triage state;R;is at the evacuation site
919.574,3,evacueeManager,,OFF SHIP: White;0;Green;348;Yellow;56;Red;9;Black;87;ON SHIP: White;0;Green;0;Yellow;0;Red;0;Evacuees to Transfer;
919.574,802,evacuee,outES,Evacuee 100 in triage category R is not assigned a helicopter
919.574,802,evacuee,,Evacuee;100;in triage state;B;is at the evacuation site
921.27,3,evacueeManager,,OFF SHIP: White;0;Green;347;Yellow;57;Red;9;Black;87;ON SHIP: White;0;Green;0;Yellow;0;Red;0;Evacuees to Transfer;
921.27,1233,evacuee,outES,Evacuee 153 in triage category G is not assigned a helicopter
921.27,1233,evacuee,,Evacuee;153;in triage state;Y;is at the evacuation site
922.936,3,evacueeManager,,OFF SHIP: White;0;Green;346;Yellow;58;Red;9;Black;87;ON SHIP: White;0;Green;0;Yellow;0;Red;0;Evacuees to Transfer;
922.936,1371,evacuee,outES,Evacuee 252 in triage category G is not assigned a helicopter
922.936,1371,evacuee,,Evacuee;252;in triage state;Y;is at the evacuation site
927.712,3,evacueeManager,,OFF SHIP: White;0;Green;345;Yellow;59;Red;9;Black;87;ON SHIP: White;0;Green;0;Yellow;0;Red;0;Evacuees to Transfer;
927.712,1509,evacuee,outES,Evacuee 254 in triage category G is not assigned a helicopter
927.712,1509,evacuee,,Evacuee;254;in triage state;Y;is at the evacuation site
930.142,3,evacueeManager,,OFF SHIP: White;0;Green;345;Yellow;59;Red;8;Black;88;ON SHIP: White;0;Green;0;Yellow;0;Red;0;Evacuees to Transfer;
930.142,733,evacuee,outES,Evacuee 179 in triage category R is not assigned a helicopter
930.142,733,evacuee,,Evacuee;179;in triage state;B;is at the evacuation site
932.799,3,evacueeManager,,OFF SHIP: White;0;Green;344;Yellow;60;Red;8;Black;88;ON SHIP: White;0;Green;0;Yellow;0;Red;0;Evacuees to Transfer;
932.799,98,evacuee,outES,Evacuee 437 in triage category G is not assigned a helicopter
932.799,98,evacuee,,Evacuee;437;in triage state;Y;is at the evacuation site
932.875,3,evacueeManager,,OFF SHIP: White;0;Green;343;Yellow;61;Red;8;Black;88;ON SHIP: White;0;Green;0;Yellow;0;Red;0;Evacuees to Transfer;
932.875,1164,evacuee,outES,Evacuee 263 in triage category G is not assigned a helicopter
932.875,1164,evacuee,,Evacuee;263;in triage state;Y;is at the evacuation site
934.513,3,evacueeManager,,OFF SHIP: White;0;Green;343;Yellow;60;Red;9;Black;88;ON SHIP: White;0;Green;0;Yellow;0;Red;0;Evacuees to Transfer;
934.513,1018,evacuee,outES,Evacuee 200 in triage category Y is not assigned a helicopter
934.513,1018,evacuee,,Evacuee;200;in triage state;R;is at the evacuation site
936.222,3,evacueeManager,,OFF SHIP: White;0;Green;342;Yellow;61;Red;9;Black;88;ON SHIP: White;0;Green;0;Yellow;0;Red;0;Evacuees to Transfer;
936.222,1440,evacuee,outES,Evacuee 339 in triage category G is not assigned a helicopter
936.222,1440,evacuee,,Evacuee;339;in triage state;Y;is at the evacuation site
938.048,3,evacueeManager,,OFF SHIP: White;0;Green;341;Yellow;62;Red;9;Black;88;ON SHIP: White;0;Green;0;Yellow;0;Red;0;Evacuees to Transfer;
938.048,808,evacuee,outES,Evacuee 158 in triage category G is not assigned a helicopter
938.048,808,evacuee,,Evacuee;158;in triage state;Y;is at the evacuation site
940.465,3,evacueeManager,,OFF SHIP: White;0;Green;341;Yellow;61;Red;10;Black;88;ON SHIP: White;0;Green;0;Yellow;0;Red;0;Evacuees to Transfer;
940.465,244,evacuee,outES,Evacuee 360 in triage category Y is not assigned a helicopter
940.465,244,evacuee,,Evacuee;360;in triage state;R;is at the evacuation site
941.247,3,evacueeManager,,OFF SHIP: White;0;Green;341;Yellow;61;Red;9;Black;89;ON SHIP: White;0;Green;0;Yellow;0;Red;0;Evacuees to Transfer;
941.247,1494,evacuee,outES,Evacuee 247 in triage category R is not assigned a helicopter
941.247,1494,evacuee,,Evacuee;247;in triage state;B;is at the evacuation site
941.518,3,evacueeManager,,OFF SHIP: White;0;Green;341;Yellow;60;Red;10;Black;89;ON SHIP: White;0;Green;0;Yellow;0;Red;0;Evacuees to Transfer;
941.518,529,evacuee,outES,Evacuee 109 in triage category Y is not assigned a helicopter
941.518,529,evacuee,,Evacuee;109;in triage state;R;is at the evacuation site
944.718,3,evacueeManager,,OFF SHIP: White;0;Green;341;Yellow;59;Red;11;Black;89;ON SHIP: White;0;Green;0;Yellow;0;Red;0;Evacuees to Transfer;
944.718,1440,evacuee,outES,Evacuee 339 in triage category Y is not assigned a helicopter
944.718,1440,evacuee,,Evacuee;339;in triage state;R;is at the evacuation site
948.873,3,evacueeManager,,OFF SHIP: White;0;Green;341;Yellow;59;Red;10;Black;90;ON SHIP: White;0;Green;0;Yellow;0;Red;0;Evacuees to Transfer;
948.873,529,evacuee,outES,Evacuee 109 in triage category R is not assigned a helicopter
948.873,529,evacuee,,Evacuee;109;in triage state;B;is at the evacuation site
954.082,3,evacueeManager,,OFF SHIP: White;0;Green;340;Yellow;60;Red;10;Black;90;ON SHIP: White;0;Green;0;Yellow;0;Red;0;Evacuees to Transfer;
954.082,316,evacuee,outES,Evacuee 319 in triage category G is not assigned a helicopter
954.082,316,evacuee,,Evacuee;319;in triage state;Y;is at the evacuation site
962.355,3,evacueeManager,,OFF SHIP: White;0;Green;340;Yellow;59;Red;11;Black;90;ON SHIP: White;0;Green;0;Yellow;0;Red;0;Evacuees to Transfer;
962.355,376,evacuee,outES,Evacuee 290 in triage category Y is not assigned a helicopter
962.355,376,evacuee,,Evacuee;290;in triage state;R;is at the evacuation site
965.918,3,evacueeManager,,OFF SHIP: White;0;Green;340;Yellow;58;Red;12;Black;90;ON SHIP: White;0;Green;0;Yellow;0;Red;0;Evacuees to Transfer;
965.918,92,evacuee,outES,Evacuee 441 in triage category Y is not assigned a helicopter
965.918,92,evacuee,,Evacuee;441;in triage state;R;is at the evacuation site
966.463,3,evacueeManager,,OFF SHIP: White;0;Green;340;Yellow;57;Red;13;Black;90;ON SHIP: White;0;Green;0;Yellow;0;Red;0;Evacuees to Transfer;
966.463,1290,evacuee,outES,Evacuee 176 in triage category Y is not assigned a helicopter
966.463,1290,evacuee,,Evacuee;176;in triage state;R;is at the evacuation site
969.561,3,evacueeManager,,OFF SHIP: White;0;Green;340;Yellow;57;Red;12;Black;91;ON SHIP: White;0;Green;0;Yellow;0;Red;0;Evacuees to Transfer;
969.561,95,evacuee,outES,Evacuee 439 in triage category R is not assigned a helicopter
969.561,95,evacuee,,Evacuee;439;in triage state;B;is at the evacuation site
973.394,3,evacueeManager,,OFF SHIP: White;0;Green;340;Yellow;56;Red;13;Black;91;ON SHIP: White;0;Green;0;Yellow;0;Red;0;Evacuees to Transfer;
973.394,805,evacuee,outES,Evacuee 29 in triage category Y is not assigned a helicopter
973.394,805,evacuee,,Evacuee;29;in triage state;R;is at the evacuation site
974.651,3,evacueeManager,,OFF SHIP: White;0;Green;340;Yellow;55;Red;14;Black;91;ON SHIP: White;0;Green;0;Yellow;0;Red;0;Evacuees to Transfer;
974.651,1015,evacuee,outES,Evacuee 23 in triage category Y is not assigned a helicopter
974.651,1015,evacuee,,Evacuee;23;in triage state;R;is at the evacuation site
977.453,3,evacueeManager,,OFF SHIP: White;0;Green;339;Yellow;56;Red;14;Black;91;ON SHIP: White;0;Green;0;Yellow;0;Red;0;Evacuees to Transfer;
977.453,949,evacuee,outES,Evacuee 418 in triage category G is not assigned a helicopter
977.453,949,evacuee,,Evacuee;418;in triage state;Y;is at the evacuation site
977.839,3,evacueeManager,,OFF SHIP: White;0;Green;338;Yellow;57;Red;14;Black;91;ON SHIP: White;0;Green;0;Yellow;0;Red;0;Evacuees to Transfer;
977.839,460,evacuee,outES,Evacuee 289 in triage category G is not assigned a helicopter
977.839,460,evacuee,,Evacuee;289;in triage state;Y;is at the evacuation site
979.821,3,evacueeManager,,OFF SHIP: White;0;Green;338;Yellow;57;Red;13;Black;92;ON SHIP: White;0;Green;0;Yellow;0;Red;0;Evacuees to Transfer;
979.821,376,evacuee,outES,Evacuee 290 in triage category R is not assigned a helicopter
979.821,376,evacuee,,Evacuee;290;in triage state;B;is at the evacuation site
980.749,3,evacueeManager,,OFF SHIP: White;0;Green;338;Yellow;56;Red;14;Black;92;ON SHIP: White;0;Green;0;Yellow;0;Red;0;Evacuees to Transfer;
980.749,871,evacuee,outES,Evacuee 54 in triage category Y is not assigned a helicopter
980.749,871,evacuee,,Evacuee;54;in triage state;R;is at the evacuation site
984.536,3,evacueeManager,,OFF SHIP: White;0;Green;338;Yellow;56;Red;13;Black;93;ON SHIP: White;0;Green;0;Yellow;0;Red;0;Evacuees to Transfer;
984.536,805,evacuee,outES,Evacuee 29 in triage category R is not assigned a helicopter
984.536,805,evacuee,,Evacuee;29;in triage state;B;is at the evacuation site
990.761,3,evacueeManager,,OFF SHIP: White;0;Green;337;Yellow;57;Red;13;Black;93;ON SHIP: White;0;Green;0;Yellow;0;Red;0;Evacuees to Transfer;
990.761,739,evacuee,outES,Evacuee 65 in triage category G is not assigned a helicopter
990.761,739,evacuee,,Evacuee;65;in triage state;Y;is at the evacuation site
991.164,3,evacueeManager,,OFF SHIP: White;0;Green;337;Yellow;57;Red;12;Black;94;ON SHIP: White;0;Green;0;Yellow;0;Red;0;Evacuees to Transfer;
991.164,92,evacuee,outES,Evacuee 441 in triage category R is not assigned a helicopter
991.164,92,evacuee,,Evacuee;441;in triage state;B;is at the evacuation site
992.211,3,evacueeManager,,OFF SHIP: White;0;Green;337;Yellow;57;Red;11;Black;95;ON SHIP: White;0;Green;0;Yellow;0;Red;0;Evacuees to Transfer;
992.211,310,evacuee,outES,Evacuee 322 in triage category R is not assigned a helicopter
992.211,310,evacuee,,Evacuee;322;in triage state;B;is at the evacuation site
994.377,3,evacueeManager,,OFF SHIP: White;0;Green;337;Yellow;56;Red;12;Black;95;ON SHIP: White;0;Green;0;Yellow;0;Red;0;Evacuees to Transfer;
994.377,736,evacuee,outES,Evacuee 147 in triage category Y is not assigned a helicopter
994.377,736,evacuee,,Evacuee;147;in triage state;R;is at the evacuation site
996.098,3,evacueeManager,,OFF SHIP: White;0;Green;337;Yellow;55;Red;13;Black;95;ON SHIP: White;0;Green;0;Yellow;0;Red;0;Evacuees to Transfer;
996.098,664,evacuee,outES,Evacuee 344 in triage category Y is not assigned a helicopter
996.098,664,evacuee,,Evacuee;344;in triage state;R;is at the evacuation site
996.272,3,evacueeManager,,OFF SHIP: White;0;Green;336;Yellow;56;Red;13;Black;95;ON SHIP: White;0;Green;0;Yellow;0;Red;0;Evacuees to Transfer;
996.272,670,evacuee,outES,Evacuee 156 in triage category G is not assigned a helicopter
996.272,670,evacuee,,Evacuee;156;in triage state;Y;is at the evacuation site
1000.43,3,evacueeManager,,OFF SHIP: White;0;Green;336;Yellow;55;Red;14;Black;95;ON SHIP: White;0;Green;0;Yellow;0;Red;0;Evacuees to Transfer;
1000.43,83,evacuee,outES,Evacuee 448 in triage category Y is not assigned a helicopter
1000.43,83,evacuee,,Evacuee;448;in triage state;R;is at the evacuation site
1002.42,3,evacueeManager,,OFF SHIP: White;0;Green;335;Yellow;56;Red;14;Black;95;ON SHIP: White;0;Green;0;Yellow;0;Red;0;Evacuees to Transfer;
1002.42,388,evacuee,outES,Evacuee 415 in triage category G is not assigned a helicopter
1002.42,388,evacuee,,Evacuee;415;in triage state;Y;is at the evacuation site
1010.8,3,evacueeManager,,OFF SHIP: White;0;Green;335;Yellow;56;Red;13;Black;96;ON SHIP: White;0;Green;0;Yellow;0;Red;0;Evacuees to Transfer;
1010.8,661,evacuee,outES,Evacuee 213 in triage category R is not assigned a helicopter
1010.8,661,evacuee,,Evacuee;213;in triage state;B;is at the evacuation site
1011.37,3,evacueeManager,,OFF SHIP: White;0;Green;335;Yellow;56;Red;12;Black;97;ON SHIP: White;0;Green;0;Yellow;0;Red;0;Evacuees to Transfer;
1011.37,162,evacuee,outES,Evacuee 452 in triage category R is not assigned a helicopter
1011.37,162,evacuee,,Evacuee;452;in triage state;B;is at the evacuation site
1012.91,3,evacueeManager,,OFF SHIP: White;0;Green;335;Yellow;56;Red;11;Black;98;ON SHIP: White;0;Green;0;Yellow;0;Red;0;Evacuees to Transfer;
1012.91,244,evacuee,outES,Evacuee 360 in triage category R is not assigned a helicopter
1012.91,244,evacuee,,Evacuee;360;in triage state;B;is at the evacuation site
1015.11,3,evacueeManager,,OFF SHIP: White;0;Green;335;Yellow;56;Red;10;Black;99;ON SHIP: White;0;Green;0;Yellow;0;Red;0;Evacuees to Transfer;
1015.11,83,evacuee,outES,Evacuee 448 in triage category R is not assigned a helicopter
1015.11,83,evacuee,,Evacuee;448;in triage state;B;is at the evacuation site
1016.87,3,evacueeManager,,OFF SHIP: White;0;Green;335;Yellow;55;Red;11;Black;99;ON SHIP: White;0;Green;0;Yellow;0;Red;0;Evacuees to Transfer;
1016.87,1075,evacuee,outES,Evacuee 30 in triage category Y is not assigned a helicopter
1016.87,1075,evacuee,,Evacuee;30;in triage state;R;is at the evacuation site
1022.2,3,evacueeManager,,OFF SHIP: White;0;Green;335;Yellow;54;Red;12;Black;99;ON SHIP: White;0;Green;0;Yellow;0;Red;0;Evacuees to Transfer;
1022.2,1284,evacuee,outES,Evacuee 145 in triage category Y is not assigned a helicopter
1022.2,1284,evacuee,,Evacuee;145;in triage state;R;is at the evacuation site
1022.94,3,evacueeManager,,OFF SHIP: White;0;Green;335;Yellow;54;Red;11;Black;100;ON SHIP: White;0;Green;0;Yellow;0;Red;0;Evacuees to Transfer;
1022.94,1145,evacuee,outES,Evacuee 208 in triage category R is not assigned a helicopter
1022.94,1145,evacuee,,Evacuee;208;in triage state;B;is at the evacuation site
1022.97,3,evacueeManager,,OFF SHIP: White;0;Green;334;Yellow;55;Red;11;Black;100;ON SHIP: White;0;Green;0;Yellow;0;Red;0;Evacuees to Transfer;
1022.97,1021,evacuee,outES,Evacuee 255 in triage category G is not assigned a helicopter
1022.97,1021,evacuee,,Evacuee;255;in triage state;Y;is at the evacuation site
1024.66,3,evacueeManager,,OFF SHIP: White;0;Green;334;Yellow;54;Red;12;Black;100;ON SHIP: White;0;Green;0;Yellow;0;Red;0;Evacuees to Transfer;
1024.66,667,evacuee,outES,Evacuee 77 in triage category Y is not assigned a helicopter
1024.66,667,evacuee,,Evacuee;77;in triage state;R;is at the evacuation site
1025.63,3,evacueeManager,,OFF SHIP: White;0;Green;334;Yellow;54;Red;11;Black;101;ON SHIP: White;0;Green;0;Yellow;0;Red;0;Evacuees to Transfer;
1025.63,667,evacuee,outES,Evacuee 77 in triage category R is not assigned a helicopter
1025.63,667,evacuee,,Evacuee;77;in triage state;B;is at the evacuation site
1027.44,3,evacueeManager,,OFF SHIP: White;0;Green;333;Yellow;55;Red;11;Black;101;ON SHIP: White;0;Green;0;Yellow;0;Red;0;Evacuees to Transfer;
1027.44,601,evacuee,outES,Evacuee 361 in triage category G is not assigned a helicopter
1027.44,601,evacuee,,Evacuee;361;in triage state;Y;is at the evacuation site
1027.51,3,evacueeManager,,OFF SHIP: White;0;Green;333;Yellow;55;Red;10;Black;102;ON SHIP: White;0;Green;0;Yellow;0;Red;0;Evacuees to Transfer;
1027.51,1075,evacuee,outES,Evacuee 30 in triage category R is not assigned a helicopter
1027.51,1075,evacuee,,Evacuee;30;in triage state;B;is at the evacuation site
1030.95,3,evacueeManager,,OFF SHIP: White;0;Green;333;Yellow;55;Red;9;Black;103;ON SHIP: White;0;Green;0;Yellow;0;Red;0;Evacuees to Transfer;
1030.95,1359,evacuee,outES,Evacuee 195 in triage category R is not assigned a helicopter
1030.95,1359,evacuee,,Evacuee;195;in triage state;B;is at the evacuation site
1036.25,3,evacueeManager,,OFF SHIP: White;0;Green;332;Yellow;56;Red;9;Black;103;ON SHIP: White;0;Green;0;Yellow;0;Red;0;Evacuees to Transfer;
1036.25,532,evacuee,outES,Evacuee 373 in triage category G is not assigned a helicopter
1036.25,532,evacuee,,Evacuee;373;in triage state;Y;is at the evacuation site
1043.28,3,evacueeManager,,OFF SHIP: White;0;Green;332;Yellow;55;Red;10;Black;103;ON SHIP: White;0;Green;0;Yellow;0;Red;0;Evacuees to Transfer;
1043.28,598,evacuee,outES,Evacuee 447 in triage category Y is not assigned a helicopter
1043.28,598,evacuee,,Evacuee;447;in triage state;R;is at the evacuation site
1050.31,3,evacueeManager,,OFF SHIP: White;0;Green;331;Yellow;56;Red;10;Black;103;ON SHIP: White;0;Green;0;Yellow;0;Red;0;Evacuees to Transfer;
1050.31,880,evacuee,outES,Evacuee 18 in triage category G is not assigned a helicopter
1050.31,880,evacuee,,Evacuee;18;in triage state;Y;is at the evacuation site
1052.08,3,evacueeManager,,OFF SHIP: White;0;Green;331;Yellow;56;Red;9;Black;104;ON SHIP: White;0;Green;0;Yellow;0;Red;0;Evacuees to Transfer;
1052.08,1290,evacuee,outES,Evacuee 176 in triage category R is not assigned a helicopter
1052.08,1290,evacuee,,Evacuee;176;in triage state;B;is at the evacuation site
1056.72,3,evacueeManager,,OFF SHIP: White;0;Green;331;Yellow;56;Red;8;Black;105;ON SHIP: White;0;Green;0;Yellow;0;Red;0;Evacuees to Transfer;
1056.72,736,evacuee,outES,Evacuee 147 in triage category R is not assigned a helicopter
1056.72,736,evacuee,,Evacuee;147;in triage state;B;is at the evacuation site
1058.93,3,evacueeManager,,OFF SHIP: White;0;Green;331;Yellow;55;Red;9;Black;105;ON SHIP: White;0;Green;0;Yellow;0;Red;0;Evacuees to Transfer;
1058.93,1087,evacuee,outES,Evacuee 391 in triage category Y is not assigned a helicopter
1058.93,1087,evacuee,,Evacuee;391;in triage state;R;is at the evacuation site
1063.47,3,evacueeManager,,OFF SHIP: White;0;Green;331;Yellow;55;Red;8;Black;106;ON SHIP: White;0;Green;0;Yellow;0;Red;0;Evacuees to Transfer;
1063.47,592,evacuee,outES,Evacuee 324 in triage category R is not assigned a helicopter
1063.47,592,evacuee,,Evacuee;324;in triage state;B;is at the evacuation site
1064.36,3,evacueeManager,,OFF SHIP: White;0;Green;330;Yellow;56;Red;8;Black;106;ON SHIP: White;0;Green;0;Yellow;0;Red;0;Evacuees to Transfer;
1064.36,174,evacuee,outES,Evacuee 392 in triage category G is not assigned a helicopter
1064.36,174,evacuee,,Evacuee;392;in triage state;Y;is at the evacuation site
1065.31,3,evacueeManager,,OFF SHIP: White;0;Green;329;Yellow;57;Red;8;Black;106;ON SHIP: White;0;Green;0;Yellow;0;Red;0;Evacuees to Transfer;
1065.31,1305,evacuee,outES,Evacuee 174 in triage category G is not assigned a helicopter
1065.31,1305,evacuee,,Evacuee;174;in triage state;Y;is at the evacuation site
1074.82,3,evacueeManager,,OFF SHIP: White;0;Green;329;Yellow;57;Red;7;Black;107;ON SHIP: White;0;Green;0;Yellow;0;Red;0;Evacuees to Transfer;
1074.82,1440,evacuee,outES,Evacuee 339 in triage category R is not assigned a helicopter
1074.82,1440,evacuee,,Evacuee;339;in triage state;B;is at the evacuation site
1082.31,3,evacueeManager,,OFF SHIP: White;0;Green;328;Yellow;58;Red;7;Black;107;ON SHIP: White;0;Green;0;Yellow;0;Red;0;Evacuees to Transfer;
1082.31,1090,evacuee,outES,Evacuee 388 in triage category G is not assigned a helicopter
1082.31,1090,evacuee,,Evacuee;388;in triage state;Y;is at the evacuation site
1087.36,3,evacueeManager,,OFF SHIP: White;0;Green;327;Yellow;59;Red;7;Black;107;ON SHIP: White;0;Green;0;Yellow;0;Red;0;Evacuees to Transfer;
1087.36,1236,evacuee,outES,Evacuee 67 in triage category G is not assigned a helicopter
1087.36,1236,evacuee,,Evacuee;67;in triage state;Y;is at the evacuation site
1088.16,3,evacueeManager,,OFF SHIP: White;0;Green;326;Yellow;60;Red;7;Black;107;ON SHIP: White;0;Green;0;Yellow;0;Red;0;Evacuees to Transfer;
1088.16,247,evacuee,outES,Evacuee 357 in triage category G is not assigned a helicopter
1088.16,247,evacuee,,Evacuee;357;in triage state;Y;is at the evacuation site
1091.4,3,evacueeManager,,OFF SHIP: White;0;Green;326;Yellow;59;Red;8;Black;107;ON SHIP: White;0;Green;0;Yellow;0;Red;0;Evacuees to Transfer;
1091.4,174,evacuee,outES,Evacuee 392 in triage category Y is not assigned a helicopter
1091.4,174,evacuee,,Evacuee;392;in triage state;R;is at the evacuation site
1092.42,3,evacueeManager,,OFF SHIP: White;0;Green;325;Yellow;60;Red;8;Black;107;ON SHIP: White;0;Green;0;Yellow;0;Red;0;Evacuees to Transfer;
1092.42,1374,evacuee,outES,Evacuee 329 in triage category G is not assigned a helicopter
1092.42,1374,evacuee,,Evacuee;329;in triage state;Y;is at the evacuation site
1095.85,3,evacueeManager,,OFF SHIP: White;0;Green;325;Yellow;59;Red;9;Black;107;ON SHIP: White;0;Green;0;Yellow;0;Red;0;Evacuees to Transfer;
1095.85,460,evacuee,outES,Evacuee 289 in triage category Y is not assigned a helicopter
1095.85,460,evacuee,,Evacuee;289;in triage state;R;is at the evacuation site
1100.66,3,evacueeManager,,OFF SHIP: White;0;Green;325;Yellow;59;Red;8;Black;108;ON SHIP: White;0;Green;0;Yellow;0;Red;0;Evacuees to Transfer;
1100.66,598,evacuee,outES,Evacuee 447 in triage category R is not assigned a helicopter
1100.66,598,evacuee,,Evacuee;447;in triage state;B;is at the evacuation site
1100.78,3,evacueeManager,,OFF SHIP: White;0;Green;324;Yellow;60;Red;8;Black;108;ON SHIP: White;0;Green;0;Yellow;0;Red;0;Evacuees to Transfer;
1100.78,1512,evacuee,outES,Evacuee 257 in triage category G is not assigned a helicopter
1100.78,1512,evacuee,,Evacuee;257;in triage state;Y;is at the evacuation site
1100.83,3,evacueeManager,,OFF SHIP: White;0;Green;324;Yellow;59;Red;9;Black;108;ON SHIP: White;0;Green;0;Yellow;0;Red;0;Evacuees to Transfer;
1100.83,1302,evacuee,outES,Evacuee 171 in triage category Y is not assigned a helicopter
1100.83,1302,evacuee,,Evacuee;171;in triage state;R;is at the evacuation site
1102.43,3,evacueeManager,,OFF SHIP: White;0;Green;324;Yellow;59;Red;8;Black;109;ON SHIP: White;0;Green;0;Yellow;0;Red;0;Evacuees to Transfer;
1102.43,1087,evacuee,outES,Evacuee 391 in triage category R is not assigned a helicopter
1102.43,1087,evacuee,,Evacuee;391;in triage state;B;is at the evacuation site
1102.66,3,evacueeManager,,OFF SHIP: White;0;Green;324;Yellow;58;Red;9;Black;109;ON SHIP: White;0;Green;0;Yellow;0;Red;0;Evacuees to Transfer;
1102.66,1084,evacuee,outES,Evacuee 212 in triage category Y is not assigned a helicopter
1102.66,1084,evacuee,,Evacuee;212;in triage state;R;is at the evacuation site
1106.19,3,evacueeManager,,OFF SHIP: White;0;Green;323;Yellow;59;Red;9;Black;109;ON SHIP: White;0;Green;0;Yellow;0;Red;0;Evacuees to Transfer;
1106.19,101,evacuee,outES,Evacuee 436 in triage category G is not assigned a helicopter
1106.19,101,evacuee,,Evacuee;436;in triage state;Y;is at the evacuation site
1106.27,3,evacueeManager,,OFF SHIP: White;0;Green;322;Yellow;60;Red;9;Black;109;ON SHIP: White;0;Green;0;Yellow;0;Red;0;Evacuees to Transfer;
1106.27,1167,evacuee,outES,Evacuee 190 in triage category G is not assigned a helicopter
1106.27,1167,evacuee,,Evacuee;190;in triage state;Y;is at the evacuation site
1106.44,3,evacueeManager,,OFF SHIP: White;0;Green;322;Yellow;59;Red;10;Black;109;ON SHIP: White;0;Green;0;Yellow;0;Red;0;Evacuees to Transfer;
1106.44,1221,evacuee,outES,Evacuee 296 in triage category Y is not assigned a helicopter
1106.44,1221,evacuee,,Evacuee;296;in triage state;R;is at the evacuation site
1115.08,3,evacueeManager,,OFF SHIP: White;0;Green;321;Yellow;60;Red;10;Black;109;ON SHIP: White;0;Green;0;Yellow;0;Red;0;Evacuees to Transfer;
1115.08,811,evacuee,outES,Evacuee 187 in triage category G is not assigned a helicopter
1115.08,811,evacuee,,Evacuee;187;in triage state;Y;is at the evacuation site
1116.46,3,evacueeManager,,OFF SHIP: White;0;Green;320;Yellow;61;Red;10;Black;109;ON SHIP: White;0;Green;0;Yellow;0;Red;0;Evacuees to Transfer;
1116.46,1443,evacuee,outES,Evacuee 225 in triage category G is not assigned a helicopter
1116.46,1443,evacuee,,Evacuee;225;in triage state;Y;is at the evacuation site
1119.87,3,evacueeManager,,OFF SHIP: White;0;Green;320;Yellow;60;Red;11;Black;109;ON SHIP: White;0;Green;0;Yellow;0;Red;0;Evacuees to Transfer;
1119.87,1236,evacuee,outES,Evacuee 67 in triage category Y is not assigned a helicopter
1119.87,1236,evacuee,,Evacuee;67;in triage state;R;is at the evacuation site
1122.13,3,evacueeManager,,OFF SHIP: White;0;Green;319;Yellow;61;Red;11;Black;109;ON SHIP: White;0;Green;0;Yellow;0;Red;0;Evacuees to Transfer;
1122.13,319,evacuee,outES,Evacuee 318 in triage category G is not assigned a helicopter
1122.13,319,evacuee,,Evacuee;318;in triage state;Y;is at the evacuation site
1130.36,3,evacueeManager,,OFF SHIP: White;0;Green;319;Yellow;61;Red;10;Black;110;ON SHIP: White;0;Green;0;Yellow;0;Red;0;Evacuees to Transfer;
1130.36,1018,evacuee,outES,Evacuee 200 in triage category R is not assigned a helicopter
1130.36,1018,evacuee,,Evacuee;200;in triage state;B;is at the evacuation site
1130.85,3,evacueeManager,,OFF SHIP: White;0;Green;319;Yellow;60;Red;11;Black;110;ON SHIP: White;0;Green;0;Yellow;0;Red;0;Evacuees to Transfer;
1130.85,1509,evacuee,outES,Evacuee 254 in triage category Y is not assigned a helicopter
1130.85,1509,evacuee,,Evacuee;254;in triage state;R;is at the evacuation site
1134.71,3,evacueeManager,,OFF SHIP: White;0;Green;319;Yellow;60;Red;10;Black;111;ON SHIP: White;0;Green;0;Yellow;0;Red;0;Evacuees to Transfer;
1134.71,1236,evacuee,outES,Evacuee 67 in triage category R is not assigned a helicopter
1134.71,1236,evacuee,,Evacuee;67;in triage state;B;is at the evacuation site
1143.95,3,evacueeManager,,OFF SHIP: White;0;Green;319;Yellow;59;Red;11;Black;111;ON SHIP: White;0;Green;0;Yellow;0;Red;0;Evacuees to Transfer;
1143.95,385,evacuee,outES,Evacuee 287 in triage category Y is not assigned a helicopter
1143.95,385,evacuee,,Evacuee;287;in triage state;R;is at the evacuation site
1144.14,3,evacueeManager,,OFF SHIP: White;0;Green;319;Yellow;59;Red;10;Black;112;ON SHIP: White;0;Green;0;Yellow;0;Red;0;Evacuees to Transfer;
1144.14,1221,evacuee,outES,Evacuee 296 in triage category R is not assigned a helicopter
1144.14,1221,evacuee,,Evacuee;296;in triage state;B;is at the evacuation site
1145.03,3,evacueeManager,,OFF SHIP: White;0;Green;319;Yellow;59;Red;9;Black;113;ON SHIP: White;0;Green;0;Yellow;0;Red;0;Evacuees to Transfer;
1145.03,1509,evacuee,outES,Evacuee 254 in triage category R is not assigned a helicopter
1145.03,1509,evacuee,,Evacuee;254;in triage state;B;is at the evacuation site
1146.91,3,evacueeManager,,OFF SHIP: White;0;Green;318;Yellow;60;Red;9;Black;113;ON SHIP: White;0;Green;0;Yellow;0;Red;0;Evacuees to Transfer;
1146.91,952,evacuee,outES,Evacuee 75 in triage category G is not assigned a helicopter
1146.91,952,evacuee,,Evacuee;75;in triage state;Y;is at the evacuation site
1147.32,3,evacueeManager,,OFF SHIP: White;0;Green;317;Yellow;61;Red;9;Black;113;ON SHIP: White;0;Green;0;Yellow;0;Red;0;Evacuees to Transfer;
1147.32,463,evacuee,outES,Evacuee 88 in triage category G is not assigned a helicopter
1147.32,463,evacuee,,Evacuee;88;in triage state;Y;is at the evacuation site
1150.08,3,evacueeManager,,OFF SHIP: White;0;Green;317;Yellow;61;Red;8;Black;114;ON SHIP: White;0;Green;0;Yellow;0;Red;0;Evacuees to Transfer;
1150.08,871,evacuee,outES,Evacuee 54 in triage category R is not assigned a helicopter
1150.08,871,evacuee,,Evacuee;54;in triage state;B;is at the evacuation site
1152.85,3,evacueeManager,,OFF SHIP: White;0;Green;317;Yellow;60;Red;9;Black;114;ON SHIP: White;0;Green;0;Yellow;0;Red;0;Evacuees to Transfer;
1152.85,241,evacuee,outES,Evacuee 425 in triage category Y is not assigned a helicopter
1152.85,241,evacuee,,Evacuee;425;in triage state;R;is at the evacuation site
1153.73,3,evacueeManager,,OFF SHIP: White;0;Green;317;Yellow;60;Red;8;Black;115;ON SHIP: White;0;Green;0;Yellow;0;Red;0;Evacuees to Transfer;
1153.73,1084,evacuee,outES,Evacuee 212 in triage category R is not assigned a helicopter
1153.73,1084,evacuee,,Evacuee;212;in triage state;B;is at the evacuation site
1153.75,3,evacueeManager,,OFF SHIP: White;0;Green;317;Yellow;59;Red;9;Black;115;ON SHIP: White;0;Green;0;Yellow;0;Red;0;Evacuees to Transfer;
1153.75,71,evacuee,outES,Evacuee 495 in triage category Y is not assigned a helicopter
1153.75,71,evacuee,,Evacuee;495;in triage state;R;is at the evacuation site
1154.14,3,evacueeManager,,OFF SHIP: White;0;Green;317;Yellow;59;Red;8;Black;116;ON SHIP: White;0;Green;0;Yellow;0;Red;0;Evacuees to Transfer;
1154.14,241,evacuee,outES,Evacuee 425 in triage category R is not assigned a helicopter
1154.14,241,evacuee,,Evacuee;425;in triage state;B;is at the evacuation site
1154.94,3,evacueeManager,,OFF SHIP: White;0;Green;317;Yellow;59;Red;7;Black;117;ON SHIP: White;0;Green;0;Yellow;0;Red;0;Evacuees to Transfer;
1154.94,71,evacuee,outES,Evacuee 495 in triage category R is not assigned a helicopter
1154.94,71,evacuee,,Evacuee;495;in triage state;B;is at the evacuation site
1162.11,3,evacueeManager,,OFF SHIP: White;0;Green;317;Yellow;59;Red;6;Black;118;ON SHIP: White;0;Green;0;Yellow;0;Red;0;Evacuees to Transfer;
1162.11,664,evacuee,outES,Evacuee 344 in triage category R is not assigned a helicopter
1162.11,664,evacuee,,Evacuee;344;in triage state;B;is at the evacuation site
1166.88,3,evacueeManager,,OFF SHIP: White;0;Green;316;Yellow;60;Red;6;Black;118;ON SHIP: White;0;Green;0;Yellow;0;Red;0;Evacuees to Transfer;
1166.88,673,evacuee,outES,Evacuee 300 in triage category G is not assigned a helicopter
1166.88,673,evacuee,,Evacuee;300;in triage state;Y;is at the evacuation site
1167.78,3,evacueeManager,,OFF SHIP: White;0;Green;315;Yellow;61;Red;6;Black;118;ON SHIP: White;0;Green;0;Yellow;0;Red;0;Evacuees to Transfer;
1167.78,742,evacuee,outES,Evacuee 14 in triage category G is not assigned a helicopter
1167.78,742,evacuee,,Evacuee;14;in triage state;Y;is at the evacuation site
1168.99,3,evacueeManager,,OFF SHIP: White;0;Green;315;Yellow;60;Red;7;Black;118;ON SHIP: White;0;Green;0;Yellow;0;Red;0;Evacuees to Transfer;
1168.99,505,evacuee,outES,Evacuee 491 in triage category Y is not assigned a helicopter
1168.99,505,evacuee,,Evacuee;491;in triage state;R;is at the evacuation site
1170.01,3,evacueeManager,,OFF SHIP: White;0;Green;314;Yellow;61;Red;7;Black;118;ON SHIP: White;0;Green;0;Yellow;0;Red;0;Evacuees to Transfer;
1170.01,391,evacuee,outES,Evacuee 376 in triage category G is not assigned a helicopter
1170.01,391,evacuee,,Evacuee;376;in triage state;Y;is at the evacuation site
1173.07,3,evacueeManager,,OFF SHIP: White;0;Green;314;Yellow;60;Red;8;Black;118;ON SHIP: White;0;Green;0;Yellow;0;Red;0;Evacuees to Transfer;
1173.07,586,evacuee,outES,Evacuee 99 in triage category Y is not assigned a helicopter
1173.07,586,evacuee,,Evacuee;99;in triage state;R;is at the evacuation site
1178.55,3,evacueeManager,,OFF SHIP: White;0;Green;314;Yellow;60;Red;7;Black;119;ON SHIP: White;0;Green;0;Yellow;0;Red;0;Evacuees to Transfer;
1178.55,505,evacuee,outES,Evacuee 491 in triage category R is not assigned a helicopter
1178.55,505,evacuee,,Evacuee;491;in triage state;B;is at the evacuation site
1180.86,3,evacueeManager,,OFF SHIP: White;0;Green;314;Yellow;59;Red;8;Black;119;ON SHIP: White;0;Green;0;Yellow;0;Red;0;Evacuees to Transfer;
1180.86,388,evacuee,outES,Evacuee 415 in triage category Y is not assigned a helicopter
1180.86,388,evacuee,,Evacuee;415;in triage state;R;is at the evacuation site
1186.05,3,evacueeManager,,OFF SHIP: White;0;Green;314;Yellow;58;Red;9;Black;119;ON SHIP: White;0;Green;0;Yellow;0;Red;0;Evacuees to Transfer;
1186.05,949,evacuee,outES,Evacuee 418 in triage category Y is not assigned a helicopter
1186.05,949,evacuee,,Evacuee;418;in triage state;R;is at the evacuation site
1198.2,3,evacueeManager,,OFF SHIP: White;0;Green;314;Yellow;57;Red;10;Black;119;ON SHIP: White;0;Green;0;Yellow;0;Red;0;Evacuees to Transfer;
1198.2,457,evacuee,outES,Evacuee 114 in triage category Y is not assigned a helicopter
1198.2,457,evacuee,,Evacuee;114;in triage state;R;is at the evacuation site
1202.6,3,evacueeManager,,OFF SHIP: White;0;Green;314;Yellow;56;Red;11;Black;119;ON SHIP: White;0;Green;0;Yellow;0;Red;0;Evacuees to Transfer;
1202.6,1148,evacuee,outES,Evacuee 57 in triage category Y is not assigned a helicopter
1202.6,1148,evacuee,,Evacuee;57;in triage state;R;is at the evacuation site
1202.83,3,evacueeManager,,OFF SHIP: White;0;Green;314;Yellow;56;Red;10;Black;120;ON SHIP: White;0;Green;0;Yellow;0;Red;0;Evacuees to Transfer;
1202.83,460,evacuee,outES,Evacuee 289 in triage category R is not assigned a helicopter
1202.83,460,evacuee,,Evacuee;289;in triage state;B;is at the evacuation site
1203.38,3,evacueeManager,,OFF SHIP: White;0;Green;313;Yellow;57;Red;10;Black;120;ON SHIP: White;0;Green;0;Yellow;0;Red;0;Evacuees to Transfer;
1203.38,604,evacuee,outES,Evacuee 342 in triage category G is not assigned a helicopter
1203.38,604,evacuee,,Evacuee;342;in triage state;Y;is at the evacuation site
1204.16,3,evacueeManager,,OFF SHIP: White;0;Green;313;Yellow;56;Red;11;Black;120;ON SHIP: White;0;Green;0;Yellow;0;Red;0;Evacuees to Transfer;
1204.16,463,evacuee,outES,Evacuee 88 in triage category Y is not assigned a helicopter
1204.16,463,evacuee,,Evacuee;88;in triage state;R;is at the evacuation site
1205.47,3,evacueeManager,,OFF SHIP: White;0;Green;312;Yellow;57;Red;11;Black;120;ON SHIP: White;0;Green;0;Yellow;0;Red;0;Evacuees to Transfer;
1205.47,1024,evacuee,outES,Evacuee 13 in triage category G is not assigned a helicopter
1205.47,1024,evacuee,,Evacuee;13;in triage state;Y;is at the evacuation site
1205.51,3,evacueeManager,,OFF SHIP: White;0;Green;312;Yellow;56;Red;12;Black;120;ON SHIP: White;0;Green;0;Yellow;0;Red;0;Evacuees to Transfer;
1205.51,316,evacuee,outES,Evacuee 319 in triage category Y is not assigned a helicopter
1205.51,316,evacuee,,Evacuee;319;in triage state;R;is at the evacuation site
1210.67,3,evacueeManager,,OFF SHIP: White;0;Green;312;Yellow;56;Red;11;Black;121;ON SHIP: White;0;Green;0;Yellow;0;Red;0;Evacuees to Transfer;
1210.67,1015,evacuee,outES,Evacuee 23 in triage category R is not assigned a helicopter
1210.67,1015,evacuee,,Evacuee;23;in triage state;B;is at the evacuation site
1212.17,3,evacueeManager,,OFF SHIP: White;0;Green;312;Yellow;56;Red;10;Black;122;ON SHIP: White;0;Green;0;Yellow;0;Red;0;Evacuees to Transfer;
1212.17,463,evacuee,outES,Evacuee 88 in triage category R is not assigned a helicopter
1212.17,463,evacuee,,Evacuee;88;in triage state;B;is at the evacuation site
1216.18,3,evacueeManager,,OFF SHIP: White;0;Green;311;Yellow;57;Red;10;Black;122;ON SHIP: White;0;Green;0;Yellow;0;Red;0;Evacuees to Transfer;
1216.18,535,evacuee,outES,Evacuee 358 in triage category G is not assigned a helicopter
1216.18,535,evacuee,,Evacuee;358;in triage state;Y;is at the evacuation site
1221.78,3,evacueeManager,,OFF SHIP: White;0;Green;311;Yellow;56;Red;11;Black;122;ON SHIP: White;0;Green;0;Yellow;0;Red;0;Evacuees to Transfer;
1221.78,952,evacuee,outES,Evacuee 75 in triage category Y is not assigned a helicopter
1221.78,952,evacuee,,Evacuee;75;in triage state;R;is at the evacuation site
1223.83,3,evacueeManager,,OFF SHIP: White;0;Green;311;Yellow;56;Red;10;Black;123;ON SHIP: White;0;Green;0;Yellow;0;Red;0;Evacuees to Transfer;
1223.83,316,evacuee,outES,Evacuee 319 in triage category R is not assigned a helicopter
1223.83,316,evacuee,,Evacuee;319;in triage state;B;is at the evacuation site
1224.06,3,evacueeManager,,OFF SHIP: White;0;Green;311;Yellow;56;Red;9;Black;124;ON SHIP: White;0;Green;0;Yellow;0;Red;0;Evacuees to Transfer;
1224.06,1302,evacuee,outES,Evacuee 171 in triage category R is not assigned a helicopter
1224.06,1302,evacuee,,Evacuee;171;in triage state;B;is at the evacuation site
1227.62,3,evacueeManager,,OFF SHIP: White;0;Green;311;Yellow;56;Red;8;Black;125;ON SHIP: White;0;Green;0;Yellow;0;Red;0;Evacuees to Transfer;
1227.62,1148,evacuee,outES,Evacuee 57 in triage category R is not assigned a helicopter
1227.62,1148,evacuee,,Evacuee;57;in triage state;B;is at the evacuation site
1233.7,3,evacueeManager,,OFF SHIP: White;0;Green;311;Yellow;56;Red;7;Black;126;ON SHIP: White;0;Green;0;Yellow;0;Red;0;Evacuees to Transfer;
1233.7,586,evacuee,outES,Evacuee 99 in triage category R is not assigned a helicopter
1233.7,586,evacuee,,Evacuee;99;in triage state;B;is at the evacuation site
1233.89,3,evacueeManager,,OFF SHIP: White;0;Green;311;Yellow;56;Red;6;Black;127;ON SHIP: White;0;Green;0;Yellow;0;Red;0;Evacuees to Transfer;
1233.89,388,evacuee,outES,Evacuee 415 in triage category R is not assigned a helicopter
1233.89,388,evacuee,,Evacuee;415;in triage state;B;is at the evacuation site
1238.99,3,evacueeManager,,OFF SHIP: White;0;Green;311;Yellow;56;Red;5;Black;128;ON SHIP: White;0;Green;0;Yellow;0;Red;0;Evacuees to Transfer;
1238.99,385,evacuee,outES,Evacuee 287 in triage category R is not assigned a helicopter
1238.99,385,evacuee,,Evacuee;287;in triage state;B;is at the evacuation site
1239.17,3,evacueeManager,,OFF SHIP: White;0;Green;310;Yellow;57;Red;5;Black;128;ON SHIP: White;0;Green;0;Yellow;0;Red;0;Evacuees to Transfer;
1239.17,177,evacuee,outES,Evacuee 389 in triage category G is not assigned a helicopter
1239.17,177,evacuee,,Evacuee;389;in triage state;Y;is at the evacuation site
1245.01,3,evacueeManager,,OFF SHIP: White;0;Green;309;Yellow;58;Red;5;Black;128;ON SHIP: White;0;Green;0;Yellow;0;Red;0;Evacuees to Transfer;
1245.01,883,evacuee,outES,Evacuee 387 in triage category G is not assigned a helicopter
1245.01,883,evacuee,,Evacuee;387;in triage state;Y;is at the evacuation site
1250.2,3,evacueeManager,,OFF SHIP: White;0;Green;309;Yellow;57;Red;6;Black;128;ON SHIP: White;0;Green;0;Yellow;0;Red;0;Evacuees to Transfer;
1250.2,168,evacuee,outES,Evacuee 395 in triage category Y is not assigned a helicopter
1250.2,168,evacuee,,Evacuee;395;in triage state;R;is at the evacuation site
1254.09,3,evacueeManager,,OFF SHIP: White;0;Green;308;Yellow;58;Red;6;Black;128;ON SHIP: White;0;Green;0;Yellow;0;Red;0;Evacuees to Transfer;
1254.09,1308,evacuee,outES,Evacuee 177 in triage category G is not assigned a helicopter
1254.09,1308,evacuee,,Evacuee;177;in triage state;Y;is at the evacuation site
1254.77,3,evacueeManager,,OFF SHIP: White;0;Green;308;Yellow;57;Red;7;Black;128;ON SHIP: White;0;Green;0;Yellow;0;Red;0;Evacuees to Transfer;
1254.77,1305,evacuee,outES,Evacuee 174 in triage category Y is not assigned a helicopter
1254.77,1305,evacuee,,Evacuee;174;in triage state;R;is at the evacuation site
1263.03,3,evacueeManager,,OFF SHIP: White;0;Green;308;Yellow;56;Red;8;Black;128;ON SHIP: White;0;Green;0;Yellow;0;Red;0;Evacuees to Transfer;
1263.03,313,evacuee,outES,Evacuee 321 in triage category Y is not assigned a helicopter
1263.03,313,evacuee,,Evacuee;321;in triage state;R;is at the evacuation site
1265.24,3,evacueeManager,,OFF SHIP: White;0;Green;307;Yellow;57;Red;8;Black;128;ON SHIP: White;0;Green;0;Yellow;0;Red;0;Evacuees to Transfer;
1265.24,1093,evacuee,outES,Evacuee 55 in triage category G is not assigned a helicopter
1265.24,1093,evacuee,,Evacuee;55;in triage state;Y;is at the evacuation site
1268.39,3,evacueeManager,,OFF SHIP: White;0;Green;307;Yellow;56;Red;9;Black;128;ON SHIP: White;0;Green;0;Yellow;0;Red;0;Evacuees to Transfer;
1268.39,1164,evacuee,outES,Evacuee 263 in triage category Y is not assigned a helicopter
1268.39,1164,evacuee,,Evacuee;263;in triage state;R;is at the evacuation site
1271.56,3,evacueeManager,,OFF SHIP: White;0;Green;307;Yellow;55;Red;10;Black;128;ON SHIP: White;0;Green;0;Yellow;0;Red;0;Evacuees to Transfer;
1271.56,811,evacuee,outES,Evacuee 187 in triage category Y is not assigned a helicopter
1271.56,811,evacuee,,Evacuee;187;in triage state;R;is at the evacuation site
1272.5,3,evacueeManager,,OFF SHIP: White;0;Green;306;Yellow;56;Red;10;Black;128;ON SHIP: White;0;Green;0;Yellow;0;Red;0;Evacuees to Transfer;
1272.5,1377,evacuee,outES,Evacuee 201 in triage category G is not assigned a helicopter
1272.5,1377,evacuee,,Evacuee;201;in triage state;Y;is at the evacuation site
1277.63,3,evacueeManager,,OFF SHIP: White;0;Green;305;Yellow;57;Red;10;Black;128;ON SHIP: White;0;Green;0;Yellow;0;Red;0;Evacuees to Transfer;
1277.63,1239,evacuee,outES,Evacuee 123 in triage category G is not assigned a helicopter
1277.63,1239,evacuee,,Evacuee;123;in triage state;Y;is at the evacuation site
1281.41,3,evacueeManager,,OFF SHIP: White;0;Green;304;Yellow;58;Red;10;Black;128;ON SHIP: White;0;Green;0;Yellow;0;Red;0;Evacuees to Transfer;
1281.41,1515,evacuee,outES,Evacuee 210 in triage category G is not assigned a helicopter
1281.41,1515,evacuee,,Evacuee;210;in triage state;Y;is at the evacuation site
1282.01,3,evacueeManager,,OFF SHIP: White;0;Green;303;Yellow;59;Red;10;Black;128;ON SHIP: White;0;Green;0;Yellow;0;Red;0;Evacuees to Transfer;
1282.01,250,evacuee,outES,Evacuee 354 in triage category G is not assigned a helicopter
1282.01,250,evacuee,,Evacuee;354;in triage state;Y;is at the evacuation site
1284.27,3,evacueeManager,,OFF SHIP: White;0;Green;303;Yellow;58;Red;11;Black;128;ON SHIP: White;0;Green;0;Yellow;0;Red;0;Evacuees to Transfer;
1284.27,247,evacuee,outES,Evacuee 357 in triage category Y is not assigned a helicopter
1284.27,247,evacuee,,Evacuee;357;in triage state;R;is at the evacuation site
1287.24,3,evacueeManager,,OFF SHIP: White;0;Green;302;Yellow;59;Red;11;Black;128;ON SHIP: White;0;Green;0;Yellow;0;Red;0;Evacuees to Transfer;
1287.24,1170,evacuee,outES,Evacuee 465 in triage category G is not assigned a helicopter
1287.24,1170,evacuee,,Evacuee;465;in triage state;Y;is at the evacuation site
1289.22,3,evacueeManager,,OFF SHIP: White;0;Green;302;Yellow;59;Red;10;Black;129;ON SHIP: White;0;Green;0;Yellow;0;Red;0;Evacuees to Transfer;
1289.22,952,evacuee,outES,Evacuee 75 in triage category R is not assigned a helicopter
1289.22,952,evacuee,,Evacuee;75;in triage state;B;is at the evacuation site
1291.79,3,evacueeManager,,OFF SHIP: White;0;Green;302;Yellow;58;Red;11;Black;129;ON SHIP: White;0;Green;0;Yellow;0;Red;0;Evacuees to Transfer;
1291.79,98,evacuee,outES,Evacuee 437 in triage category Y is not assigned a helicopter
1291.79,98,evacuee,,Evacuee;437;in triage state;R;is at the evacuation site
1296.99,3,evacueeManager,,OFF SHIP: White;0;Green;302;Yellow;58;Red;10;Black;130;ON SHIP: White;0;Green;0;Yellow;0;Red;0;Evacuees to Transfer;
1296.99,457,evacuee,outES,Evacuee 114 in triage category R is not assigned a helicopter
1296.99,457,evacuee,,Evacuee;114;in triage state;B;is at the evacuation site
1297.06,3,evacueeManager,,OFF SHIP: White;0;Green;301;Yellow;59;Red;10;Black;130;ON SHIP: White;0;Green;0;Yellow;0;Red;0;Evacuees to Transfer;
1297.06,322,evacuee,outES,Evacuee 317 in triage category G is not assigned a helicopter
1297.06,322,evacuee,,Evacuee;317;in triage state;Y;is at the evacuation site
1300.17,3,evacueeManager,,OFF SHIP: White;0;Green;300;Yellow;60;Red;10;Black;130;ON SHIP: White;0;Green;0;Yellow;0;Red;0;Evacuees to Transfer;
1300.17,814,evacuee,outES,Evacuee 85 in triage category G is not assigned a helicopter
1300.17,814,evacuee,,Evacuee;85;in triage state;Y;is at the evacuation site
1300.74,3,evacueeManager,,OFF SHIP: White;0;Green;300;Yellow;59;Red;11;Black;130;ON SHIP: White;0;Green;0;Yellow;0;Red;0;Evacuees to Transfer;
1300.74,670,evacuee,outES,Evacuee 156 in triage category Y is not assigned a helicopter
1300.74,670,evacuee,,Evacuee;156;in triage state;R;is at the evacuation site
1301.12,3,evacueeManager,,OFF SHIP: White;0;Green;300;Yellow;59;Red;10;Black;131;ON SHIP: White;0;Green;0;Yellow;0;Red;0;Evacuees to Transfer;
1301.12,1305,evacuee,outES,Evacuee 174 in triage category R is not assigned a helicopter
1301.12,1305,evacuee,,Evacuee;174;in triage state;B;is at the evacuation site
1304.03,3,evacueeManager,,OFF SHIP: White;0;Green;300;Yellow;59;Red;9;Black;132;ON SHIP: White;0;Green;0;Yellow;0;Red;0;Evacuees to Transfer;
1304.03,949,evacuee,outES,Evacuee 418 in triage category R is not assigned a helicopter
1304.03,949,evacuee,,Evacuee;418;in triage state;B;is at the evacuation site
1306.19,3,evacueeManager,,OFF SHIP: White;0;Green;300;Yellow;58;Red;10;Black;132;ON SHIP: White;0;Green;0;Yellow;0;Red;0;Evacuees to Transfer;
1306.19,934,evacuee,outES,Evacuee 38 in triage category Y is not assigned a helicopter
1306.19,934,evacuee,,Evacuee;38;in triage state;R;is at the evacuation site
1308.73,3,evacueeManager,,OFF SHIP: White;0;Green;299;Yellow;59;Red;10;Black;132;ON SHIP: White;0;Green;0;Yellow;0;Red;0;Evacuees to Transfer;
1308.73,1446,evacuee,outES,Evacuee 164 in triage category G is not assigned a helicopter
1308.73,1446,evacuee,,Evacuee;164;in triage state;Y;is at the evacuation site
1310.39,3,evacueeManager,,OFF SHIP: White;0;Green;299;Yellow;58;Red;11;Black;132;ON SHIP: White;0;Green;0;Yellow;0;Red;0;Evacuees to Transfer;
1310.39,1090,evacuee,outES,Evacuee 388 in triage category Y is not assigned a helicopter
1310.39,1090,evacuee,,Evacuee;388;in triage state;R;is at the evacuation site
1312.28,3,evacueeManager,,OFF SHIP: White;0;Green;299;Yellow;57;Red;12;Black;132;ON SHIP: White;0;Green;0;Yellow;0;Red;0;Evacuees to Transfer;
1312.28,862,evacuee,outES,Evacuee 256 in triage category Y is not assigned a helicopter
1312.28,862,evacuee,,Evacuee;256;in triage state;R;is at the evacuation site
1318.86,3,evacueeManager,,OFF SHIP: White;0;Green;299;Yellow;57;Red;11;Black;133;ON SHIP: White;0;Green;0;Yellow;0;Red;0;Evacuees to Transfer;
1318.86,247,evacuee,outES,Evacuee 357 in triage category R is not assigned a helicopter
1318.86,247,evacuee,,Evacuee;357;in triage state;B;is at the evacuation site
1318.92,3,evacueeManager,,OFF SHIP: White;0;Green;299;Yellow;56;Red;12;Black;133;ON SHIP: White;0;Green;0;Yellow;0;Red;0;Evacuees to Transfer;
1318.92,1374,evacuee,outES,Evacuee 329 in triage category Y is not assigned a helicopter
1318.92,1374,evacuee,,Evacuee;329;in triage state;R;is at the evacuation site
1318.97,3,evacueeManager,,OFF SHIP: White;0;Green;299;Yellow;55;Red;13;Black;133;ON SHIP: White;0;Green;0;Yellow;0;Red;0;Evacuees to Transfer;
1318.97,1299,evacuee,outES,Evacuee 170 in triage category Y is not assigned a helicopter
1318.97,1299,evacuee,,Evacuee;170;in triage state;R;is at the evacuation site
1324.59,3,evacueeManager,,OFF SHIP: White;0;Green;299;Yellow;55;Red;12;Black;134;ON SHIP: White;0;Green;0;Yellow;0;Red;0;Evacuees to Transfer;
1324.59,1374,evacuee,outES,Evacuee 329 in triage category R is not assigned a helicopter
1324.59,1374,evacuee,,Evacuee;329;in triage state;B;is at the evacuation site
1329.76,3,evacueeManager,,OFF SHIP: White;0;Green;298;Yellow;56;Red;12;Black;134;ON SHIP: White;0;Green;0;Yellow;0;Red;0;Evacuees to Transfer;
1329.76,108,evacuee,outES,Evacuee 434 in triage category G is not assigned a helicopter
1329.76,108,evacuee,,Evacuee;434;in triage state;Y;is at the evacuation site
1341.47,3,evacueeManager,,OFF SHIP: White;0;Green;298;Yellow;55;Red;13;Black;134;ON SHIP: White;0;Green;0;Yellow;0;Red;0;Evacuees to Transfer;
1341.47,1371,evacuee,outES,Evacuee 252 in triage category Y is not assigned a helicopter
1341.47,1371,evacuee,,Evacuee;252;in triage state;R;is at the evacuation site
1344.89,3,evacueeManager,,OFF SHIP: White;0;Green;297;Yellow;56;Red;13;Black;134;ON SHIP: White;0;Green;0;Yellow;0;Red;0;Evacuees to Transfer;
1344.89,955,evacuee,outES,Evacuee 37 in triage category G is not assigned a helicopter
1344.89,955,evacuee,,Evacuee;37;in triage state;Y;is at the evacuation site
1345,3,evacueeManager,,OFF SHIP: White;0;Green;297;Yellow;55;Red;14;Black;134;ON SHIP: White;0;Green;0;Yellow;0;Red;0;Evacuees to Transfer;
1345,883,evacuee,outES,Evacuee 387 in triage category Y is not assigned a helicopter
1345,883,evacuee,,Evacuee;387;in triage state;R;is at the evacuation site
1345.33,3,evacueeManager,,OFF SHIP: White;0;Green;296;Yellow;56;Red;14;Black;134;ON SHIP: White;0;Green;0;Yellow;0;Red;0;Evacuees to Transfer;
1345.33,466,evacuee,outES,Evacuee 449 in triage category G is not assigned a helicopter
1345.33,466,evacuee,,Evacuee;449;in triage state;Y;is at the evacuation site
1348.09,3,evacueeManager,,OFF SHIP: White;0;Green;296;Yellow;56;Red;13;Black;135;ON SHIP: White;0;Green;0;Yellow;0;Red;0;Evacuees to Transfer;
1348.09,313,evacuee,outES,Evacuee 321 in triage category R is not assigned a helicopter
1348.09,313,evacuee,,Evacuee;321;in triage state;B;is at the evacuation site
1353.93,3,evacueeManager,,OFF SHIP: White;0;Green;296;Yellow;56;Red;12;Black;136;ON SHIP: White;0;Green;0;Yellow;0;Red;0;Evacuees to Transfer;
1353.93,168,evacuee,outES,Evacuee 395 in triage category R is not assigned a helicopter
1353.93,168,evacuee,,Evacuee;395;in triage state;B;is at the evacuation site
1355.49,3,evacueeManager,,OFF SHIP: White;0;Green;296;Yellow;55;Red;13;Black;136;ON SHIP: White;0;Green;0;Yellow;0;Red;0;Evacuees to Transfer;
1355.49,673,evacuee,outES,Evacuee 300 in triage category Y is not assigned a helicopter
1355.49,673,evacuee,,Evacuee;300;in triage state;R;is at the evacuation site
1357.65,3,evacueeManager,,OFF SHIP: White;0;Green;296;Yellow;54;Red;14;Black;136;ON SHIP: White;0;Green;0;Yellow;0;Red;0;Evacuees to Transfer;
1357.65,1365,evacuee,outES,Evacuee 197 in triage category Y is not assigned a helicopter
1357.65,1365,evacuee,,Evacuee;197;in triage state;R;is at the evacuation site
1358.78,3,evacueeManager,,OFF SHIP: White;0;Green;295;Yellow;55;Red;14;Black;136;ON SHIP: White;0;Green;0;Yellow;0;Red;0;Evacuees to Transfer;
1358.78,394,evacuee,outES,Evacuee 284 in triage category G is not assigned a helicopter
1358.78,394,evacuee,,Evacuee;284;in triage state;Y;is at the evacuation site
1359.05,3,evacueeManager,,OFF SHIP: White;0;Green;294;Yellow;56;Red;14;Black;136;ON SHIP: White;0;Green;0;Yellow;0;Red;0;Evacuees to Transfer;
1359.05,676,evacuee,outES,Evacuee 165 in triage category G is not assigned a helicopter
1359.05,676,evacuee,,Evacuee;165;in triage state;Y;is at the evacuation site
1366.12,3,evacueeManager,,OFF SHIP: White;0;Green;294;Yellow;55;Red;15;Black;136;ON SHIP: White;0;Green;0;Yellow;0;Red;0;Evacuees to Transfer;
1366.12,319,evacuee,outES,Evacuee 318 in triage category Y is not assigned a helicopter
1366.12,319,evacuee,,Evacuee;318;in triage state;R;is at the evacuation site
1372.87,3,evacueeManager,,OFF SHIP: White;0;Green;294;Yellow;55;Red;14;Black;137;ON SHIP: White;0;Green;0;Yellow;0;Red;0;Evacuees to Transfer;
1372.87,1090,evacuee,outES,Evacuee 388 in triage category R is not assigned a helicopter
1372.87,1090,evacuee,,Evacuee;388;in triage state;B;is at the evacuation site
1373.01,3,evacueeManager,,OFF SHIP: White;0;Green;294;Yellow;54;Red;15;Black;137;ON SHIP: White;0;Green;0;Yellow;0;Red;0;Evacuees to Transfer;
1373.01,1151,evacuee,outES,Evacuee 231 in triage category Y is not assigned a helicopter
1373.01,1151,evacuee,,Evacuee;231;in triage state;R;is at the evacuation site
1377.27,3,evacueeManager,,OFF SHIP: White;0;Green;294;Yellow;54;Red;14;Black;138;ON SHIP: White;0;Green;0;Yellow;0;Red;0;Evacuees to Transfer;
1377.27,1365,evacuee,outES,Evacuee 197 in triage category R is not assigned a helicopter
1377.27,1365,evacuee,,Evacuee;197;in triage state;B;is at the evacuation site
1378.15,3,evacueeManager,,OFF SHIP: White;0;Green;293;Yellow;55;Red;14;Black;138;ON SHIP: White;0;Green;0;Yellow;0;Red;0;Evacuees to Transfer;
1378.15,745,evacuee,outES,Evacuee 218 in triage category G is not assigned a helicopter
1378.15,745,evacuee,,Evacuee;218;in triage state;Y;is at the evacuation site
1379.93,3,evacueeManager,,OFF SHIP: White;0;Green;293;Yellow;54;Red;15;Black;138;ON SHIP: White;0;Green;0;Yellow;0;Red;0;Evacuees to Transfer;
1379.93,880,evacuee,outES,Evacuee 18 in triage category Y is not assigned a helicopter
1379.93,880,evacuee,,Evacuee;18;in triage state;R;is at the evacuation site
1381.54,3,evacueeManager,,OFF SHIP: White;0;Green;293;Yellow;53;Red;16;Black;138;ON SHIP: White;0;Green;0;Yellow;0;Red;0;Evacuees to Transfer;
1381.54,322,evacuee,outES,Evacuee 317 in triage category Y is not assigned a helicopter
1381.54,322,evacuee,,Evacuee;317;in triage state;R;is at the evacuation site
1382.43,3,evacueeManager,,OFF SHIP: White;0;Green;293;Yellow;53;Red;15;Black;139;ON SHIP: White;0;Green;0;Yellow;0;Red;0;Evacuees to Transfer;
1382.43,1371,evacuee,outES,Evacuee 252 in triage category R is not assigned a helicopter
1382.43,1371,evacuee,,Evacuee;252;in triage state;B;is at the evacuation site
1384,3,evacueeManager,,OFF SHIP: White;0;Green;293;Yellow;53;Red;14;Black;140;ON SHIP: White;0;Green;0;Yellow;0;Red;0;Evacuees to Transfer;
1384,880,evacuee,outES,Evacuee 18 in triage category R is not assigned a helicopter
1384,880,evacuee,,Evacuee;18;in triage state;B;is at the evacuation site
1390.24,3,evacueeManager,,OFF SHIP: White;0;Green;293;Yellow;52;Red;15;Black;140;ON SHIP: White;0;Green;0;Yellow;0;Red;0;Evacuees to Transfer;
1390.24,1512,evacuee,outES,Evacuee 257 in triage category Y is not assigned a helicopter
1390.24,1512,evacuee,,Evacuee;257;in triage state;R;is at the evacuation site
1396.66,3,evacueeManager,,OFF SHIP: White;0;Green;292;Yellow;53;Red;15;Black;140;ON SHIP: White;0;Green;0;Yellow;0;Red;0;Evacuees to Transfer;
1396.66,1027,evacuee,outES,Evacuee 24 in triage category G is not assigned a helicopter
1396.66,1027,evacuee,,Evacuee;24;in triage state;Y;is at the evacuation site
1397.08,3,evacueeManager,,OFF SHIP: White;0;Green;292;Yellow;52;Red;16;Black;140;ON SHIP: White;0;Green;0;Yellow;0;Red;0;Evacuees to Transfer;
1397.08,1170,evacuee,outES,Evacuee 465 in triage category Y is not assigned a helicopter
1397.08,1170,evacuee,,Evacuee;465;in triage state;R;is at the evacuation site
1398.09,3,evacueeManager,,OFF SHIP: White;0;Green;291;Yellow;53;Red;16;Black;140;ON SHIP: White;0;Green;0;Yellow;0;Red;0;Evacuees to Transfer;
1398.09,607,evacuee,outES,Evacuee 93 in triage category G is not assigned a helicopter
1398.09,607,evacuee,,Evacuee;93;in triage state;Y;is at the evacuation site
1399.91,3,evacueeManager,,OFF SHIP: White;0;Green;291;Yellow;52;Red;17;Black;140;ON SHIP: White;0;Green;0;Yellow;0;Red;0;Evacuees to Transfer;
1399.91,535,evacuee,outES,Evacuee 358 in triage category Y is not assigned a helicopter
1399.91,535,evacuee,,Evacuee;358;in triage state;R;is at the evacuation site
1402.38,3,evacueeManager,,OFF SHIP: White;0;Green;291;Yellow;51;Red;18;Black;140;ON SHIP: White;0;Green;0;Yellow;0;Red;0;Evacuees to Transfer;
1402.38,877,evacuee,outES,Evacuee 4 in triage category Y is not assigned a helicopter
1402.38,877,evacuee,,Evacuee;4;in triage state;R;is at the evacuation site
1404.43,3,evacueeManager,,OFF SHIP: White;0;Green;290;Yellow;52;Red;18;Black;140;ON SHIP: White;0;Green;0;Yellow;0;Red;0;Evacuees to Transfer;
1404.43,538,evacuee,outES,Evacuee 188 in triage category G is not assigned a helicopter
1404.43,538,evacuee,,Evacuee;188;in triage state;Y;is at the evacuation site
1405.32,3,evacueeManager,,OFF SHIP: White;0;Green;290;Yellow;52;Red;17;Black;141;ON SHIP: White;0;Green;0;Yellow;0;Red;0;Evacuees to Transfer;
1405.32,1299,evacuee,outES,Evacuee 170 in triage category R is not assigned a helicopter
1405.32,1299,evacuee,,Evacuee;170;in triage state;B;is at the evacuation site
1405.89,3,evacueeManager,,OFF SHIP: White;0;Green;290;Yellow;52;Red;16;Black;142;ON SHIP: White;0;Green;0;Yellow;0;Red;0;Evacuees to Transfer;
1405.89,1512,evacuee,outES,Evacuee 257 in triage category R is not assigned a helicopter
1405.89,1512,evacuee,,Evacuee;257;in triage state;B;is at the evacuation site
1413.89,3,evacueeManager,,OFF SHIP: White;0;Green;290;Yellow;52;Red;15;Black;143;ON SHIP: White;0;Green;0;Yellow;0;Red;0;Evacuees to Transfer;
1413.89,535,evacuee,outES,Evacuee 358 in triage category R is not assigned a helicopter
1413.89,535,evacuee,,Evacuee;358;in triage state;B;is at the evacuation site
1423.09,3,evacueeManager,,OFF SHIP: White;0;Green;290;Yellow;52;Red;14;Black;144;ON SHIP: White;0;Green;0;Yellow;0;Red;0;Evacuees to Transfer;
1423.09,862,evacuee,outES,Evacuee 256 in triage category R is not assigned a helicopter
1423.09,862,evacuee,,Evacuee;256;in triage state;B;is at the evacuation site
1424.3,3,evacueeManager,,OFF SHIP: White;0;Green;290;Yellow;52;Red;13;Black;145;ON SHIP: White;0;Green;0;Yellow;0;Red;0;Evacuees to Transfer;
1424.3,877,evacuee,outES,Evacuee 4 in triage category R is not assigned a helicopter
1424.3,877,evacuee,,Evacuee;4;in triage state;B;is at the evacuation site
1425.28,3,evacueeManager,,OFF SHIP: White;0;Green;289;Yellow;53;Red;13;Black;145;ON SHIP: White;0;Green;0;Yellow;0;Red;0;Evacuees to Transfer;
1425.28,180,evacuee,outES,Evacuee 384 in triage category G is not assigned a helicopter
1425.28,180,evacuee,,Evacuee;384;in triage state;Y;is at the evacuation site
1435.65,3,evacueeManager,,OFF SHIP: White;0;Green;289;Yellow;53;Red;12;Black;146;ON SHIP: White;0;Green;0;Yellow;0;Red;0;Evacuees to Transfer;
1435.65,98,evacuee,outES,Evacuee 437 in triage category R is not assigned a helicopter
1435.65,98,evacuee,,Evacuee;437;in triage state;B;is at the evacuation site
1436.42,3,evacueeManager,,OFF SHIP: White;0;Green;289;Yellow;53;Red;11;Black;147;ON SHIP: White;0;Green;0;Yellow;0;Red;0;Evacuees to Transfer;
1436.42,670,evacuee,outES,Evacuee 156 in triage category R is not assigned a helicopter
1436.42,670,evacuee,,Evacuee;156;in triage state;B;is at the evacuation site
1437.44,3,evacueeManager,,OFF SHIP: White;0;Green;289;Yellow;52;Red;12;Black;147;ON SHIP: White;0;Green;0;Yellow;0;Red;0;Evacuees to Transfer;
1437.44,808,evacuee,outES,Evacuee 158 in triage category Y is not assigned a helicopter
1437.44,808,evacuee,,Evacuee;158;in triage state;R;is at the evacuation site
1438.41,3,evacueeManager,,OFF SHIP: White;0;Green;289;Yellow;52;Red;11;Black;148;ON SHIP: White;0;Green;0;Yellow;0;Red;0;Evacuees to Transfer;
1438.41,174,evacuee,outES,Evacuee 392 in triage category R is not assigned a helicopter
1438.41,174,evacuee,,Evacuee;392;in triage state;B;is at the evacuation site
1440,3,evacueeManager,,OFF SHIP: White;0;Green;289;Yellow;51;Red;12;Black;148;ON SHIP: White;0;Green;0;Yellow;0;Red;0;Evacuees to Transfer;
1440,1506,evacuee,outES,Evacuee 298 in triage category Y is not assigned a helicopter
1440,1506,evacuee,,Evacuee;298;in triage state;R;is at the evacuation site
1443.8,3,evacueeManager,,OFF SHIP: White;0;Green;289;Yellow;51;Red;11;Black;149;ON SHIP: White;0;Green;0;Yellow;0;Red;0;Evacuees to Transfer;
1443.8,319,evacuee,outES,Evacuee 318 in triage category R is not assigned a helicopter
1443.8,319,evacuee,,Evacuee;318;in triage state;B;is at the evacuation site
1444.92,3,evacueeManager,,OFF SHIP: White;0;Green;288;Yellow;52;Red;11;Black;149;ON SHIP: White;0;Green;0;Yellow;0;Red;0;Evacuees to Transfer;
1444.92,1311,evacuee,outES,Evacuee 435 in triage category G is not assigned a helicopter
1444.92,1311,evacuee,,Evacuee;435;in triage state;Y;is at the evacuation site
1446.37,3,evacueeManager,,OFF SHIP: White;0;Green;287;Yellow;53;Red;11;Black;149;ON SHIP: White;0;Green;0;Yellow;0;Red;0;Evacuees to Transfer;
1446.37,886,evacuee,outES,Evacuee 246 in triage category G is not assigned a helicopter
1446.37,886,evacuee,,Evacuee;246;in triage state;Y;is at the evacuation site
1446.6,3,evacueeManager,,OFF SHIP: White;0;Green;287;Yellow;53;Red;10;Black;150;ON SHIP: White;0;Green;0;Yellow;0;Red;0;Evacuees to Transfer;
1446.6,883,evacuee,outES,Evacuee 387 in triage category R is not assigned a helicopter
1446.6,883,evacuee,,Evacuee;387;in triage state;B;is at the evacuation site
1447.61,3,evacueeManager,,OFF SHIP: White;0;Green;287;Yellow;53;Red;9;Black;151;ON SHIP: White;0;Green;0;Yellow;0;Red;0;Evacuees to Transfer;
1447.61,673,evacuee,outES,Evacuee 300 in triage category R is not assigned a helicopter
1447.61,673,evacuee,,Evacuee;300;in triage state;B;is at the evacuation site
1447.78,3,evacueeManager,,OFF SHIP: White;0;Green;287;Yellow;52;Red;10;Black;151;ON SHIP: White;0;Green;0;Yellow;0;Red;0;Evacuees to Transfer;
1447.78,1027,evacuee,outES,Evacuee 24 in triage category Y is not assigned a helicopter
1447.78,1027,evacuee,,Evacuee;24;in triage state;R;is at the evacuation site
1449.56,3,evacueeManager,,OFF SHIP: White;0;Green;287;Yellow;51;Red;11;Black;151;ON SHIP: White;0;Green;0;Yellow;0;Red;0;Evacuees to Transfer;
1449.56,180,evacuee,outES,Evacuee 384 in triage category Y is not assigned a helicopter
1449.56,180,evacuee,,Evacuee;384;in triage state;R;is at the evacuation site
1455.39,3,evacueeManager,,OFF SHIP: White;0;Green;287;Yellow;50;Red;12;Black;151;ON SHIP: White;0;Green;0;Yellow;0;Red;0;Evacuees to Transfer;
1455.39,379,evacuee,outES,Evacuee 350 in triage category Y is not assigned a helicopter
1455.39,379,evacuee,,Evacuee;350;in triage state;R;is at the evacuation site
1455.89,3,evacueeManager,,OFF SHIP: White;0;Green;287;Yellow;49;Red;13;Black;151;ON SHIP: White;0;Green;0;Yellow;0;Red;0;Evacuees to Transfer;
1455.89,1093,evacuee,outES,Evacuee 55 in triage category Y is not assigned a helicopter
1455.89,1093,evacuee,,Evacuee;55;in triage state;R;is at the evacuation site
1458.04,3,evacueeManager,,OFF SHIP: White;0;Green;287;Yellow;48;Red;14;Black;151;ON SHIP: White;0;Green;0;Yellow;0;Red;0;Evacuees to Transfer;
1458.04,1437,evacuee,outES,Evacuee 224 in triage category Y is not assigned a helicopter
1458.04,1437,evacuee,,Evacuee;224;in triage state;R;is at the evacuation site
1459.35,3,evacueeManager,,OFF SHIP: White;0;Green;287;Yellow;48;Red;13;Black;152;ON SHIP: White;0;Green;0;Yellow;0;Red;0;Evacuees to Transfer;
1459.35,180,evacuee,outES,Evacuee 384 in triage category R is not assigned a helicopter
1459.35,180,evacuee,,Evacuee;384;in triage state;B;is at the evacuation site
1463.71,3,evacueeManager,,OFF SHIP: White;0;Green;287;Yellow;47;Red;14;Black;152;ON SHIP: White;0;Green;0;Yellow;0;Red;0;Evacuees to Transfer;
1463.71,946,evacuee,outES,Evacuee 241 in triage category Y is not assigned a helicopter
1463.71,946,evacuee,,Evacuee;241;in triage state;R;is at the evacuation site
1467.25,3,evacueeManager,,OFF SHIP: White;0;Green;286;Yellow;48;Red;14;Black;152;ON SHIP: White;0;Green;0;Yellow;0;Red;0;Evacuees to Transfer;
1467.25,253,evacuee,outES,Evacuee 353 in triage category G is not assigned a helicopter
1467.25,253,evacuee,,Evacuee;353;in triage state;Y;is at the evacuation site
1471.83,3,evacueeManager,,OFF SHIP: White;0;Green;285;Yellow;49;Red;14;Black;152;ON SHIP: White;0;Green;0;Yellow;0;Red;0;Evacuees to Transfer;
1471.83,1096,evacuee,outES,Evacuee 48 in triage category G is not assigned a helicopter
1471.83,1096,evacuee,,Evacuee;48;in triage state;Y;is at the evacuation site
1472.32,3,evacueeManager,,OFF SHIP: White;0;Green;285;Yellow;49;Red;13;Black;153;ON SHIP: White;0;Green;0;Yellow;0;Red;0;Evacuees to Transfer;
1472.32,946,evacuee,outES,Evacuee 241 in triage category R is not assigned a helicopter
1472.32,946,evacuee,,Evacuee;241;in triage state;B;is at the evacuation site
1473.84,3,evacueeManager,,OFF SHIP: White;0;Green;284;Yellow;50;Red;13;Black;153;ON SHIP: White;0;Green;0;Yellow;0;Red;0;Evacuees to Transfer;
1473.84,1242,evacuee,outES,Evacuee 159 in triage category G is not assigned a helicopter
1473.84,1242,evacuee,,Evacuee;159;in triage state;Y;is at the evacuation site
1480.36,3,evacueeManager,,OFF SHIP: White;0;Green;283;Yellow;51;Red;13;Black;153;ON SHIP: White;0;Green;0;Yellow;0;Red;0;Evacuees to Transfer;
1480.36,1173,evacuee,outES,Evacuee 60 in triage category G is not assigned a helicopter
1480.36,1173,evacuee,,Evacuee;60;in triage state;Y;is at the evacuation site
1481.29,3,evacueeManager,,OFF SHIP: White;0;Green;283;Yellow;50;Red;14;Black;153;ON SHIP: White;0;Green;0;Yellow;0;Red;0;Evacuees to Transfer;
1481.29,814,evacuee,outES,Evacuee 85 in triage category Y is not assigned a helicopter
1481.29,814,evacuee,,Evacuee;85;in triage state;R;is at the evacuation site
1481.6,3,evacueeManager,,OFF SHIP: White;0;Green;283;Yellow;49;Red;15;Black;153;ON SHIP: White;0;Green;0;Yellow;0;Red;0;Evacuees to Transfer;
1481.6,1446,evacuee,outES,Evacuee 164 in triage category Y is not assigned a helicopter
1481.6,1446,evacuee,,Evacuee;164;in triage state;R;is at the evacuation site
1481.65,3,evacueeManager,,OFF SHIP: White;0;Green;282;Yellow;50;Red;15;Black;153;ON SHIP: White;0;Green;0;Yellow;0;Red;0;Evacuees to Transfer;
1481.65,1518,evacuee,outES,Evacuee 258 in triage category G is not assigned a helicopter
1481.65,1518,evacuee,,Evacuee;258;in triage state;Y;is at the evacuation site
1482.87,3,evacueeManager,,OFF SHIP: White;0;Green;282;Yellow;49;Red;16;Black;153;ON SHIP: White;0;Green;0;Yellow;0;Red;0;Evacuees to Transfer;
1482.87,391,evacuee,outES,Evacuee 376 in triage category Y is not assigned a helicopter
1482.87,391,evacuee,,Evacuee;376;in triage state;R;is at the evacuation site
1483.4,3,evacueeManager,,OFF SHIP: White;0;Green;281;Yellow;50;Red;16;Black;153;ON SHIP: White;0;Green;0;Yellow;0;Red;0;Evacuees to Transfer;
1483.4,1380,evacuee,outES,Evacuee 11 in triage category G is not assigned a helicopter
1483.4,1380,evacuee,,Evacuee;11;in triage state;Y;is at the evacuation site
1484.85,3,evacueeManager,,OFF SHIP: White;0;Green;281;Yellow;49;Red;17;Black;153;ON SHIP: White;0;Green;0;Yellow;0;Red;0;Evacuees to Transfer;
1484.85,595,evacuee,outES,Evacuee 95 in triage category Y is not assigned a helicopter
1484.85,595,evacuee,,Evacuee;95;in triage state;R;is at the evacuation site
1490.86,3,evacueeManager,,OFF SHIP: White;0;Green;280;Yellow;50;Red;17;Black;153;ON SHIP: White;0;Green;0;Yellow;0;Red;0;Evacuees to Transfer;
1490.86,325,evacuee,outES,Evacuee 460 in triage category G is not assigned a helicopter
1490.86,325,evacuee,,Evacuee;460;in triage state;Y;is at the evacuation site
1495.97,3,evacueeManager,,OFF SHIP: White;0;Green;280;Yellow;49;Red;18;Black;153;ON SHIP: White;0;Green;0;Yellow;0;Red;0;Evacuees to Transfer;
1495.97,577,evacuee,outES,Evacuee 497 in triage category Y is not assigned a helicopter
1495.97,577,evacuee,,Evacuee;497;in triage state;R;is at the evacuation site
1499.42,3,evacueeManager,,OFF SHIP: White;0;Green;280;Yellow;49;Red;17;Black;154;ON SHIP: White;0;Green;0;Yellow;0;Red;0;Evacuees to Transfer;
1499.42,808,evacuee,outES,Evacuee 158 in triage category R is not assigned a helicopter
1499.42,808,evacuee,,Evacuee;158;in triage state;B;is at the evacuation site
1506.82,3,evacueeManager,,OFF SHIP: White;0;Green;280;Yellow;48;Red;18;Black;154;ON SHIP: White;0;Green;0;Yellow;0;Red;0;Evacuees to Transfer;
1506.82,1368,evacuee,outES,Evacuee 450 in triage category Y is not assigned a helicopter
1506.82,1368,evacuee,,Evacuee;450;in triage state;R;is at the evacuation site
1508.09,3,evacueeManager,,OFF SHIP: White;0;Green;280;Yellow;48;Red;17;Black;155;ON SHIP: White;0;Green;0;Yellow;0;Red;0;Evacuees to Transfer;
1508.09,595,evacuee,outES,Evacuee 95 in triage category R is not assigned a helicopter
1508.09,595,evacuee,,Evacuee;95;in triage state;B;is at the evacuation site
1515.56,3,evacueeManager,,OFF SHIP: White;0;Green;280;Yellow;48;Red;16;Black;156;ON SHIP: White;0;Green;0;Yellow;0;Red;0;Evacuees to Transfer;
1515.56,1151,evacuee,outES,Evacuee 231 in triage category R is not assigned a helicopter
1515.56,1151,evacuee,,Evacuee;231;in triage state;B;is at the evacuation site
1518.58,3,evacueeManager,,OFF SHIP: White;0;Green;279;Yellow;49;Red;16;Black;156;ON SHIP: White;0;Green;0;Yellow;0;Red;0;Evacuees to Transfer;
1518.58,1449,evacuee,outES,Evacuee 226 in triage category G is not assigned a helicopter
1518.58,1449,evacuee,,Evacuee;226;in triage state;Y;is at the evacuation site
1523.68,3,evacueeManager,,OFF SHIP: White;0;Green;279;Yellow;48;Red;17;Black;156;ON SHIP: White;0;Green;0;Yellow;0;Red;0;Evacuees to Transfer;
1523.68,955,evacuee,outES,Evacuee 37 in triage category Y is not assigned a helicopter
1523.68,955,evacuee,,Evacuee;37;in triage state;R;is at the evacuation site
1523.85,3,evacueeManager,,OFF SHIP: White;0;Green;279;Yellow;47;Red;18;Black;156;ON SHIP: White;0;Green;0;Yellow;0;Red;0;Evacuees to Transfer;
1523.85,364,evacuee,outES,Evacuee 488 in triage category Y is not assigned a helicopter
1523.85,364,evacuee,,Evacuee;488;in triage state;R;is at the evacuation site
1529.65,3,evacueeManager,,OFF SHIP: White;0;Green;279;Yellow;47;Red;17;Black;157;ON SHIP: White;0;Green;0;Yellow;0;Red;0;Evacuees to Transfer;
1529.65,814,evacuee,outES,Evacuee 85 in triage category R is not assigned a helicopter
1529.65,814,evacuee,,Evacuee;85;in triage state;B;is at the evacuation site
1529.7,3,evacueeManager,,OFF SHIP: White;0;Green;279;Yellow;47;Red;16;Black;158;ON SHIP: White;0;Green;0;Yellow;0;Red;0;Evacuees to Transfer;
1529.7,322,evacuee,outES,Evacuee 317 in triage category R is not assigned a helicopter
1529.7,322,evacuee,,Evacuee;317;in triage state;B;is at the evacuation site
1533.52,3,evacueeManager,,OFF SHIP: White;0;Green;278;Yellow;48;Red;16;Black;158;ON SHIP: White;0;Green;0;Yellow;0;Red;0;Evacuees to Transfer;
1533.52,111,evacuee,outES,Evacuee 433 in triage category G is not assigned a helicopter
1533.52,111,evacuee,,Evacuee;433;in triage state;Y;is at the evacuation site
1534.83,3,evacueeManager,,OFF SHIP: White;0;Green;277;Yellow;49;Red;16;Black;158;ON SHIP: White;0;Green;0;Yellow;0;Red;0;Evacuees to Transfer;
1534.83,469,evacuee,outES,Evacuee 122 in triage category G is not assigned a helicopter
1534.83,469,evacuee,,Evacuee;122;in triage state;Y;is at the evacuation site
1535.16,3,evacueeManager,,OFF SHIP: White;0;Green;277;Yellow;49;Red;15;Black;159;ON SHIP: White;0;Green;0;Yellow;0;Red;0;Evacuees to Transfer;
1535.16,1170,evacuee,outES,Evacuee 465 in triage category R is not assigned a helicopter
1535.16,1170,evacuee,,Evacuee;465;in triage state;B;is at the evacuation site
1539.73,3,evacueeManager,,OFF SHIP: White;0;Green;277;Yellow;49;Red;14;Black;160;ON SHIP: White;0;Green;0;Yellow;0;Red;0;Evacuees to Transfer;
1539.73,1284,evacuee,outES,Evacuee 145 in triage category R is not assigned a helicopter
1539.73,1284,evacuee,,Evacuee;145;in triage state;B;is at the evacuation site
1544.27,3,evacueeManager,,OFF SHIP: White;0;Green;277;Yellow;49;Red;13;Black;161;ON SHIP: White;0;Green;0;Yellow;0;Red;0;Evacuees to Transfer;
1544.27,364,evacuee,outES,Evacuee 488 in triage category R is not assigned a helicopter
1544.27,364,evacuee,,Evacuee;488;in triage state;B;is at the evacuation site
1545.08,3,evacueeManager,,OFF SHIP: White;0;Green;277;Yellow;48;Red;14;Black;161;ON SHIP: White;0;Green;0;Yellow;0;Red;0;Evacuees to Transfer;
1545.08,1224,evacuee,outES,Evacuee 151 in triage category Y is not assigned a helicopter
1545.08,1224,evacuee,,Evacuee;151;in triage state;R;is at the evacuation site
1545.6,3,evacueeManager,,OFF SHIP: White;0;Green;277;Yellow;47;Red;15;Black;161;ON SHIP: White;0;Green;0;Yellow;0;Red;0;Evacuees to Transfer;
1545.6,101,evacuee,outES,Evacuee 436 in triage category Y is not assigned a helicopter
1545.6,101,evacuee,,Evacuee;436;in triage state;R;is at the evacuation site
1547.76,3,evacueeManager,,OFF SHIP: White;0;Green;277;Yellow;47;Red;14;Black;162;ON SHIP: White;0;Green;0;Yellow;0;Red;0;Evacuees to Transfer;
1547.76,1506,evacuee,outES,Evacuee 298 in triage category R is not assigned a helicopter
1547.76,1506,evacuee,,Evacuee;298;in triage state;B;is at the evacuation site
1549.2,3,evacueeManager,,OFF SHIP: White;0;Green;276;Yellow;48;Red;14;Black;162;ON SHIP: White;0;Green;0;Yellow;0;Red;0;Evacuees to Transfer;
1549.2,397,evacuee,outES,Evacuee 283 in triage category G is not assigned a helicopter
1549.2,397,evacuee,,Evacuee;283;in triage state;Y;is at the evacuation site
1549.48,3,evacueeManager,,OFF SHIP: White;0;Green;275;Yellow;49;Red;14;Black;162;ON SHIP: White;0;Green;0;Yellow;0;Red;0;Evacuees to Transfer;
1549.48,679,evacuee,outES,Evacuee 454 in triage category G is not assigned a helicopter
1549.48,679,evacuee,,Evacuee;454;in triage state;Y;is at the evacuation site
1550.45,3,evacueeManager,,OFF SHIP: White;0;Green;275;Yellow;49;Red;13;Black;163;ON SHIP: White;0;Green;0;Yellow;0;Red;0;Evacuees to Transfer;
1550.45,577,evacuee,outES,Evacuee 497 in triage category R is not assigned a helicopter
1550.45,577,evacuee,,Evacuee;497;in triage state;B;is at the evacuation site
1552.48,3,evacueeManager,,OFF SHIP: White;0;Green;275;Yellow;48;Red;14;Black;163;ON SHIP: White;0;Green;0;Yellow;0;Red;0;Evacuees to Transfer;
1552.48,745,evacuee,outES,Evacuee 218 in triage category Y is not assigned a helicopter
1552.48,745,evacuee,,Evacuee;218;in triage state;R;is at the evacuation site
1553.85,3,evacueeManager,,OFF SHIP: White;0;Green;275;Yellow;48;Red;13;Black;164;ON SHIP: White;0;Green;0;Yellow;0;Red;0;Evacuees to Transfer;
1553.85,1093,evacuee,outES,Evacuee 55 in triage category R is not assigned a helicopter
1553.85,1093,evacuee,,Evacuee;55;in triage state;B;is at the evacuation site
1556.28,3,evacueeManager,,OFF SHIP: White;0;Green;275;Yellow;48;Red;12;Black;165;ON SHIP: White;0;Green;0;Yellow;0;Red;0;Evacuees to Transfer;
1556.28,955,evacuee,outES,Evacuee 37 in triage category R is not assigned a helicopter
1556.28,955,evacuee,,Evacuee;37;in triage state;B;is at the evacuation site
1565.09,3,evacueeManager,,OFF SHIP: White;0;Green;275;Yellow;48;Red;11;Black;166;ON SHIP: White;0;Green;0;Yellow;0;Red;0;Evacuees to Transfer;
1565.09,745,evacuee,outES,Evacuee 218 in triage category R is not assigned a helicopter
1565.09,745,evacuee,,Evacuee;218;in triage state;B;is at the evacuation site
1570.32,3,evacueeManager,,OFF SHIP: White;0;Green;275;Yellow;47;Red;12;Black;166;ON SHIP: White;0;Green;0;Yellow;0;Red;0;Evacuees to Transfer;
1570.32,538,evacuee,outES,Evacuee 188 in triage category Y is not assigned a helicopter
1570.32,538,evacuee,,Evacuee;188;in triage state;R;is at the evacuation site
1571.09,3,evacueeManager,,OFF SHIP: White;0;Green;275;Yellow;46;Red;13;Black;166;ON SHIP: White;0;Green;0;Yellow;0;Red;0;Evacuees to Transfer;
1571.09,1377,evacuee,outES,Evacuee 201 in triage category Y is not assigned a helicopter
1571.09,1377,evacuee,,Evacuee;201;in triage state;R;is at the evacuation site
1571.38,3,evacueeManager,,OFF SHIP: White;0;Green;275;Yellow;46;Red;12;Black;167;ON SHIP: White;0;Green;0;Yellow;0;Red;0;Evacuees to Transfer;
1571.38,1377,evacuee,outES,Evacuee 201 in triage category R is not assigned a helicopter
1571.38,1377,evacuee,,Evacuee;201;in triage state;B;is at the evacuation site
1576.71,3,evacueeManager,,OFF SHIP: White;0;Green;275;Yellow;46;Red;11;Black;168;ON SHIP: White;0;Green;0;Yellow;0;Red;0;Evacuees to Transfer;
1576.71,1437,evacuee,outES,Evacuee 224 in triage category R is not assigned a helicopter
1576.71,1437,evacuee,,Evacuee;224;in triage state;B;is at the evacuation site
1581.57,3,evacueeManager,,OFF SHIP: White;0;Green;274;Yellow;47;Red;11;Black;168;ON SHIP: White;0;Green;0;Yellow;0;Red;0;Evacuees to Transfer;
1581.57,748,evacuee,outES,Evacuee 2 in triage category G is not assigned a helicopter
1581.57,748,evacuee,,Evacuee;2;in triage state;Y;is at the evacuation site
1581.77,3,evacueeManager,,OFF SHIP: White;0;Green;274;Yellow;47;Red;10;Black;169;ON SHIP: White;0;Green;0;Yellow;0;Red;0;Evacuees to Transfer;
1581.77,1368,evacuee,outES,Evacuee 450 in triage category R is not assigned a helicopter
1581.77,1368,evacuee,,Evacuee;450;in triage state;B;is at the evacuation site
1597.52,3,evacueeManager,,OFF SHIP: White;0;Green;273;Yellow;48;Red;10;Black;169;ON SHIP: White;0;Green;0;Yellow;0;Red;0;Evacuees to Transfer;
1597.52,1030,evacuee,outES,Evacuee 32 in triage category G is not assigned a helicopter
1597.52,1030,evacuee,,Evacuee;32;in triage state;Y;is at the evacuation site
1597.85,3,evacueeManager,,OFF SHIP: White;0;Green;273;Yellow;47;Red;11;Black;169;ON SHIP: White;0;Green;0;Yellow;0;Red;0;Evacuees to Transfer;
1597.85,1167,evacuee,outES,Evacuee 190 in triage category Y is not assigned a helicopter
1597.85,1167,evacuee,,Evacuee;190;in triage state;R;is at the evacuation site
1598.67,3,evacueeManager,,OFF SHIP: White;0;Green;273;Yellow;46;Red;12;Black;169;ON SHIP: White;0;Green;0;Yellow;0;Red;0;Evacuees to Transfer;
1598.67,165,evacuee,outES,Evacuee 396 in triage category Y is not assigned a helicopter
1598.67,165,evacuee,,Evacuee;396;in triage state;R;is at the evacuation site
1609.8,3,evacueeManager,,OFF SHIP: White;0;Green;272;Yellow;47;Red;12;Black;169;ON SHIP: White;0;Green;0;Yellow;0;Red;0;Evacuees to Transfer;
1609.8,541,evacuee,outES,Evacuee 106 in triage category G is not assigned a helicopter
1609.8,541,evacuee,,Evacuee;106;in triage state;Y;is at the evacuation site
1610.86,3,evacueeManager,,OFF SHIP: White;0;Green;271;Yellow;48;Red;12;Black;169;ON SHIP: White;0;Green;0;Yellow;0;Red;0;Evacuees to Transfer;
1610.86,610,evacuee,outES,Evacuee 136 in triage category G is not assigned a helicopter
1610.86,610,evacuee,,Evacuee;136;in triage state;Y;is at the evacuation site
1611.84,3,evacueeManager,,OFF SHIP: White;0;Green;271;Yellow;48;Red;11;Black;170;ON SHIP: White;0;Green;0;Yellow;0;Red;0;Evacuees to Transfer;
1611.84,391,evacuee,outES,Evacuee 376 in triage category R is not assigned a helicopter
1611.84,391,evacuee,,Evacuee;376;in triage state;B;is at the evacuation site
1620.46,3,evacueeManager,,OFF SHIP: White;0;Green;271;Yellow;48;Red;10;Black;171;ON SHIP: White;0;Green;0;Yellow;0;Red;0;Evacuees to Transfer;
1620.46,1167,evacuee,outES,Evacuee 190 in triage category R is not assigned a helicopter
1620.46,1167,evacuee,,Evacuee;190;in triage state;B;is at the evacuation site
1621.91,3,evacueeManager,,OFF SHIP: White;0;Green;271;Yellow;48;Red;9;Black;172;ON SHIP: White;0;Green;0;Yellow;0;Red;0;Evacuees to Transfer;
1621.91,538,evacuee,outES,Evacuee 188 in triage category R is not assigned a helicopter
1621.91,538,evacuee,,Evacuee;188;in triage state;B;is at the evacuation site
1632.19,3,evacueeManager,,OFF SHIP: White;0;Green;270;Yellow;49;Red;9;Black;172;ON SHIP: White;0;Green;0;Yellow;0;Red;0;Evacuees to Transfer;
1632.19,183,evacuee,outES,Evacuee 430 in triage category G is not assigned a helicopter
1632.19,183,evacuee,,Evacuee;430;in triage state;Y;is at the evacuation site
1636.92,3,evacueeManager,,OFF SHIP: White;0;Green;270;Yellow;49;Red;8;Black;173;ON SHIP: White;0;Green;0;Yellow;0;Red;0;Evacuees to Transfer;
1636.92,1027,evacuee,outES,Evacuee 24 in triage category R is not assigned a helicopter
1636.92,1027,evacuee,,Evacuee;24;in triage state;B;is at the evacuation site
1641.17,3,evacueeManager,,OFF SHIP: White;0;Green;270;Yellow;48;Red;9;Black;173;ON SHIP: White;0;Green;0;Yellow;0;Red;0;Evacuees to Transfer;
1641.17,1024,evacuee,outES,Evacuee 13 in triage category Y is not assigned a helicopter
1641.17,1024,evacuee,,Evacuee;13;in triage state;R;is at the evacuation site
1642.14,3,evacueeManager,,OFF SHIP: White;0;Green;270;Yellow;47;Red;10;Black;173;ON SHIP: White;0;Green;0;Yellow;0;Red;0;Evacuees to Transfer;
1642.14,1230,evacuee,outES,Evacuee 152 in triage category Y is not assigned a helicopter
1642.14,1230,evacuee,,Evacuee;152;in triage state;R;is at the evacuation site
1649.3,3,evacueeManager,,OFF SHIP: White;0;Green;269;Yellow;48;Red;10;Black;173;ON SHIP: White;0;Green;0;Yellow;0;Red;0;Evacuees to Transfer;
1649.3,1314,evacuee,outES,Evacuee 58 in triage category G is not assigned a helicopter
1649.3,1314,evacuee,,Evacuee;58;in triage state;Y;is at the evacuation site
1654.74,3,evacueeManager,,OFF SHIP: White;0;Green;269;Yellow;48;Red;9;Black;174;ON SHIP: White;0;Green;0;Yellow;0;Red;0;Evacuees to Transfer;
1654.74,101,evacuee,outES,Evacuee 436 in triage category R is not assigned a helicopter
1654.74,101,evacuee,,Evacuee;436;in triage state;B;is at the evacuation site
1655.32,3,evacueeManager,,OFF SHIP: White;0;Green;269;Yellow;47;Red;10;Black;174;ON SHIP: White;0;Green;0;Yellow;0;Red;0;Evacuees to Transfer;
1655.32,532,evacuee,outES,Evacuee 373 in triage category Y is not assigned a helicopter
1655.32,532,evacuee,,Evacuee;373;in triage state;R;is at the evacuation site
1655.45,3,evacueeManager,,OFF SHIP: White;0;Green;269;Yellow;47;Red;9;Black;175;ON SHIP: White;0;Green;0;Yellow;0;Red;0;Evacuees to Transfer;
1655.45,1224,evacuee,outES,Evacuee 151 in triage category R is not assigned a helicopter
1655.45,1224,evacuee,,Evacuee;151;in triage state;B;is at the evacuation site
1656.1,3,evacueeManager,,OFF SHIP: White;0;Green;269;Yellow;47;Red;8;Black;176;ON SHIP: White;0;Green;0;Yellow;0;Red;0;Evacuees to Transfer;
1656.1,165,evacuee,outES,Evacuee 396 in triage category R is not assigned a helicopter
1656.1,165,evacuee,,Evacuee;396;in triage state;B;is at the evacuation site
1661.26,3,evacueeManager,,OFF SHIP: White;0;Green;269;Yellow;46;Red;9;Black;176;ON SHIP: White;0;Green;0;Yellow;0;Red;0;Evacuees to Transfer;
1661.26,1003,evacuee,outES,Evacuee 46 in triage category Y is not assigned a helicopter
1661.26,1003,evacuee,,Evacuee;46;in triage state;R;is at the evacuation site
1666.89,3,evacueeManager,,OFF SHIP: White;0;Green;268;Yellow;47;Red;9;Black;176;ON SHIP: White;0;Green;0;Yellow;0;Red;0;Evacuees to Transfer;
1666.89,889,evacuee,outES,Evacuee 22 in triage category G is not assigned a helicopter
1666.89,889,evacuee,,Evacuee;22;in triage state;Y;is at the evacuation site
1668.25,3,evacueeManager,,OFF SHIP: White;0;Green;268;Yellow;46;Red;10;Black;176;ON SHIP: White;0;Green;0;Yellow;0;Red;0;Evacuees to Transfer;
1668.25,394,evacuee,outES,Evacuee 284 in triage category Y is not assigned a helicopter
1668.25,394,evacuee,,Evacuee;284;in triage state;R;is at the evacuation site
1670.62,3,evacueeManager,,OFF SHIP: White;0;Green;268;Yellow;45;Red;11;Black;176;ON SHIP: White;0;Green;0;Yellow;0;Red;0;Evacuees to Transfer;
1670.62,397,evacuee,outES,Evacuee 283 in triage category Y is not assigned a helicopter
1670.62,397,evacuee,,Evacuee;283;in triage state;R;is at the evacuation site
1672.16,3,evacueeManager,,OFF SHIP: White;0;Green;268;Yellow;45;Red;10;Black;177;ON SHIP: White;0;Green;0;Yellow;0;Red;0;Evacuees to Transfer;
1672.16,379,evacuee,outES,Evacuee 350 in triage category R is not assigned a helicopter
1672.16,379,evacuee,,Evacuee;350;in triage state;B;is at the evacuation site
1673.81,3,evacueeManager,,OFF SHIP: White;0;Green;268;Yellow;44;Red;11;Black;177;ON SHIP: White;0;Green;0;Yellow;0;Red;0;Evacuees to Transfer;
1673.81,1449,evacuee,outES,Evacuee 226 in triage category Y is not assigned a helicopter
1673.81,1449,evacuee,,Evacuee;226;in triage state;R;is at the evacuation site
1677.31,3,evacueeManager,,OFF SHIP: White;0;Green;267;Yellow;45;Red;11;Black;177;ON SHIP: White;0;Green;0;Yellow;0;Red;0;Evacuees to Transfer;
1677.31,256,evacuee,outES,Evacuee 351 in triage category G is not assigned a helicopter
1677.31,256,evacuee,,Evacuee;351;in triage state;Y;is at the evacuation site
1680.33,3,evacueeManager,,OFF SHIP: White;0;Green;267;Yellow;45;Red;10;Black;178;ON SHIP: White;0;Green;0;Yellow;0;Red;0;Evacuees to Transfer;
1680.33,934,evacuee,outES,Evacuee 38 in triage category R is not assigned a helicopter
1680.33,934,evacuee,,Evacuee;38;in triage state;B;is at the evacuation site
1680.54,3,evacueeManager,,OFF SHIP: White;0;Green;267;Yellow;45;Red;9;Black;179;ON SHIP: White;0;Green;0;Yellow;0;Red;0;Evacuees to Transfer;
1680.54,397,evacuee,outES,Evacuee 283 in triage category R is not assigned a helicopter
1680.54,397,evacuee,,Evacuee;283;in triage state;B;is at the evacuation site
1686.32,3,evacueeManager,,OFF SHIP: White;0;Green;267;Yellow;44;Red;10;Black;179;ON SHIP: White;0;Green;0;Yellow;0;Red;0;Evacuees to Transfer;
1686.32,676,evacuee,outES,Evacuee 165 in triage category Y is not assigned a helicopter
1686.32,676,evacuee,,Evacuee;165;in triage state;R;is at the evacuation site
1686.83,3,evacueeManager,,OFF SHIP: White;0;Green;267;Yellow;44;Red;9;Black;180;ON SHIP: White;0;Green;0;Yellow;0;Red;0;Evacuees to Transfer;
1686.83,676,evacuee,outES,Evacuee 165 in triage category R is not assigned a helicopter
1686.83,676,evacuee,,Evacuee;165;in triage state;B;is at the evacuation site
1688.45,3,evacueeManager,,OFF SHIP: White;0;Green;266;Yellow;45;Red;9;Black;180;ON SHIP: White;0;Green;0;Yellow;0;Red;0;Evacuees to Transfer;
1688.45,1245,evacuee,outES,Evacuee 161 in triage category G is not assigned a helicopter
1688.45,1245,evacuee,,Evacuee;161;in triage state;Y;is at the evacuation site
1690.03,3,evacueeManager,,OFF SHIP: White;0;Green;265;Yellow;46;Red;9;Black;180;ON SHIP: White;0;Green;0;Yellow;0;Red;0;Evacuees to Transfer;
1690.03,820,evacuee,outES,Evacuee 71 in triage category G is not assigned a helicopter
1690.03,820,evacuee,,Evacuee;71;in triage state;Y;is at the evacuation site
1690.23,3,evacueeManager,,OFF SHIP: White;0;Green;265;Yellow;45;Red;10;Black;180;ON SHIP: White;0;Green;0;Yellow;0;Red;0;Evacuees to Transfer;
1690.23,943,evacuee,outES,Evacuee 343 in triage category Y is not assigned a helicopter
1690.23,943,evacuee,,Evacuee;343;in triage state;R;is at the evacuation site
1690.69,3,evacueeManager,,OFF SHIP: White;0;Green;265;Yellow;45;Red;9;Black;181;ON SHIP: White;0;Green;0;Yellow;0;Red;0;Evacuees to Transfer;
1690.69,1446,evacuee,outES,Evacuee 164 in triage category R is not assigned a helicopter
1690.69,1446,evacuee,,Evacuee;164;in triage state;B;is at the evacuation site
1694.1,3,evacueeManager,,OFF SHIP: White;0;Green;265;Yellow;45;Red;8;Black;182;ON SHIP: White;0;Green;0;Yellow;0;Red;0;Evacuees to Transfer;
1694.1,1003,evacuee,outES,Evacuee 46 in triage category R is not assigned a helicopter
1694.1,1003,evacuee,,Evacuee;46;in triage state;B;is at the evacuation site
1694.39,3,evacueeManager,,OFF SHIP: White;0;Green;264;Yellow;46;Red;8;Black;182;ON SHIP: White;0;Green;0;Yellow;0;Red;0;Evacuees to Transfer;
1694.39,1099,evacuee,outES,Evacuee 144 in triage category G is not assigned a helicopter
1694.39,1099,evacuee,,Evacuee;144;in triage state;Y;is at the evacuation site
1695.47,3,evacueeManager,,OFF SHIP: White;0;Green;263;Yellow;47;Red;8;Black;182;ON SHIP: White;0;Green;0;Yellow;0;Red;0;Evacuees to Transfer;
1695.47,1176,evacuee,outES,Evacuee 385 in triage category G is not assigned a helicopter
1695.47,1176,evacuee,,Evacuee;385;in triage state;Y;is at the evacuation site
1702.71,3,evacueeManager,,OFF SHIP: White;0;Green;262;Yellow;48;Red;8;Black;182;ON SHIP: White;0;Green;0;Yellow;0;Red;0;Evacuees to Transfer;
1702.71,328,evacuee,outES,Evacuee 316 in triage category G is not assigned a helicopter
1702.71,328,evacuee,,Evacuee;316;in triage state;Y;is at the evacuation site
1702.81,3,evacueeManager,,OFF SHIP: White;0;Green;261;Yellow;49;Red;8;Black;182;ON SHIP: White;0;Green;0;Yellow;0;Red;0;Evacuees to Transfer;
1702.81,1383,evacuee,outES,Evacuee 202 in triage category G is not assigned a helicopter
1702.81,1383,evacuee,,Evacuee;202;in triage state;Y;is at the evacuation site
1703.63,3,evacueeManager,,OFF SHIP: White;0;Green;261;Yellow;48;Red;9;Black;182;ON SHIP: White;0;Green;0;Yellow;0;Red;0;Evacuees to Transfer;
1703.63,610,evacuee,outES,Evacuee 136 in triage category Y is not assigned a helicopter
1703.63,610,evacuee,,Evacuee;136;in triage state;R;is at the evacuation site
1715.15,3,evacueeManager,,OFF SHIP: White;0;Green;261;Yellow;48;Red;8;Black;183;ON SHIP: White;0;Green;0;Yellow;0;Red;0;Evacuees to Transfer;
1715.15,610,evacuee,outES,Evacuee 136 in triage category R is not assigned a helicopter
1715.15,610,evacuee,,Evacuee;136;in triage state;B;is at the evacuation site
1720.76,3,evacueeManager,,OFF SHIP: White;0;Green;261;Yellow;47;Red;9;Black;183;ON SHIP: White;0;Green;0;Yellow;0;Red;0;Evacuees to Transfer;
1720.76,607,evacuee,outES,Evacuee 93 in triage category Y is not assigned a helicopter
1720.76,607,evacuee,,Evacuee;93;in triage state;R;is at the evacuation site
1721.53,3,evacueeManager,,OFF SHIP: White;0;Green;261;Yellow;47;Red;8;Black;184;ON SHIP: White;0;Green;0;Yellow;0;Red;0;Evacuees to Transfer;
1721.53,811,evacuee,outES,Evacuee 187 in triage category R is not assigned a helicopter
1721.53,811,evacuee,,Evacuee;187;in triage state;B;is at the evacuation site
1733.7,3,evacueeManager,,OFF SHIP: White;0;Green;261;Yellow;47;Red;7;Black;185;ON SHIP: White;0;Green;0;Yellow;0;Red;0;Evacuees to Transfer;
1733.7,607,evacuee,outES,Evacuee 93 in triage category R is not assigned a helicopter
1733.7,607,evacuee,,Evacuee;93;in triage state;B;is at the evacuation site
1736.68,3,evacueeManager,,OFF SHIP: White;0;Green;260;Yellow;48;Red;7;Black;185;ON SHIP: White;0;Green;0;Yellow;0;Red;0;Evacuees to Transfer;
1736.68,1452,evacuee,outES,Evacuee 464 in triage category G is not assigned a helicopter
1736.68,1452,evacuee,,Evacuee;464;in triage state;Y;is at the evacuation site
1745.93,3,evacueeManager,,OFF SHIP: White;0;Green;259;Yellow;49;Red;7;Black;185;ON SHIP: White;0;Green;0;Yellow;0;Red;0;Evacuees to Transfer;
1745.93,472,evacuee,outES,Evacuee 108 in triage category G is not assigned a helicopter
1745.93,472,evacuee,,Evacuee;108;in triage state;Y;is at the evacuation site
1746.4,3,evacueeManager,,OFF SHIP: White;0;Green;259;Yellow;48;Red;8;Black;185;ON SHIP: White;0;Green;0;Yellow;0;Red;0;Evacuees to Transfer;
1746.4,177,evacuee,outES,Evacuee 389 in triage category Y is not assigned a helicopter
1746.4,177,evacuee,,Evacuee;389;in triage state;R;is at the evacuation site
1757.24,3,evacueeManager,,OFF SHIP: White;0;Green;258;Yellow;49;Red;8;Black;185;ON SHIP: White;0;Green;0;Yellow;0;Red;0;Evacuees to Transfer;
1757.24,400,evacuee,outES,Evacuee 282 in triage category G is not assigned a helicopter
1757.24,400,evacuee,,Evacuee;282;in triage state;Y;is at the evacuation site
1757.85,3,evacueeManager,,OFF SHIP: White;0;Green;257;Yellow;50;Red;8;Black;185;ON SHIP: White;0;Green;0;Yellow;0;Red;0;Evacuees to Transfer;
1757.85,961,evacuee,outES,Evacuee 209 in triage category G is not assigned a helicopter
1757.85,961,evacuee,,Evacuee;209;in triage state;Y;is at the evacuation site
1760.88,3,evacueeManager,,OFF SHIP: White;0;Green;257;Yellow;49;Red;9;Black;185;ON SHIP: White;0;Green;0;Yellow;0;Red;0;Evacuees to Transfer;
1760.88,472,evacuee,outES,Evacuee 108 in triage category Y is not assigned a helicopter
1760.88,472,evacuee,,Evacuee;108;in triage state;R;is at the evacuation site
1761.61,3,evacueeManager,,OFF SHIP: White;0;Green;257;Yellow;49;Red;8;Black;186;ON SHIP: White;0;Green;0;Yellow;0;Red;0;Evacuees to Transfer;
1761.61,394,evacuee,outES,Evacuee 284 in triage category R is not assigned a helicopter
1761.61,394,evacuee,,Evacuee;284;in triage state;B;is at the evacuation site
1762.94,3,evacueeManager,,OFF SHIP: White;0;Green;257;Yellow;48;Red;9;Black;186;ON SHIP: White;0;Green;0;Yellow;0;Red;0;Evacuees to Transfer;
1762.94,1096,evacuee,outES,Evacuee 48 in triage category Y is not assigned a helicopter
1762.94,1096,evacuee,,Evacuee;48;in triage state;R;is at the evacuation site
1765.25,3,evacueeManager,,OFF SHIP: White;0;Green;256;Yellow;49;Red;9;Black;186;ON SHIP: White;0;Green;0;Yellow;0;Red;0;Evacuees to Transfer;
1765.25,114,evacuee,outES,Evacuee 428 in triage category G is not assigned a helicopter
1765.25,114,evacuee,,Evacuee;428;in triage state;Y;is at the evacuation site
1766.12,3,evacueeManager,,OFF SHIP: White;0;Green;256;Yellow;48;Red;10;Black;186;ON SHIP: White;0;Green;0;Yellow;0;Red;0;Evacuees to Transfer;
1766.12,238,evacuee,outES,Evacuee 362 in triage category Y is not assigned a helicopter
1766.12,238,evacuee,,Evacuee;362;in triage state;R;is at the evacuation site
1770.02,3,evacueeManager,,OFF SHIP: White;0;Green;255;Yellow;49;Red;10;Black;186;ON SHIP: White;0;Green;0;Yellow;0;Red;0;Evacuees to Transfer;
1770.02,682,evacuee,outES,Evacuee 440 in triage category G is not assigned a helicopter
1770.02,682,evacuee,,Evacuee;440;in triage state;Y;is at the evacuation site
1776.12,3,evacueeManager,,OFF SHIP: White;0;Green;255;Yellow;49;Red;9;Black;187;ON SHIP: White;0;Green;0;Yellow;0;Red;0;Evacuees to Transfer;
1776.12,177,evacuee,outES,Evacuee 389 in triage category R is not assigned a helicopter
1776.12,177,evacuee,,Evacuee;389;in triage state;B;is at the evacuation site
1786.68,3,evacueeManager,,OFF SHIP: White;0;Green;255;Yellow;49;Red;8;Black;188;ON SHIP: White;0;Green;0;Yellow;0;Red;0;Evacuees to Transfer;
1786.68,1449,evacuee,outES,Evacuee 226 in triage category R is not assigned a helicopter
1786.68,1449,evacuee,,Evacuee;226;in triage state;B;is at the evacuation site
1792.06,3,evacueeManager,,OFF SHIP: White;0;Green;254;Yellow;50;Red;8;Black;188;ON SHIP: White;0;Green;0;Yellow;0;Red;0;Evacuees to Transfer;
1792.06,751,evacuee,outES,Evacuee 33 in triage category G is not assigned a helicopter
1792.06,751,evacuee,,Evacuee;33;in triage state;Y;is at the evacuation site
1792.69,3,evacueeManager,,OFF SHIP: White;0;Green;254;Yellow;49;Red;9;Black;188;ON SHIP: White;0;Green;0;Yellow;0;Red;0;Evacuees to Transfer;
1792.69,604,evacuee,outES,Evacuee 342 in triage category Y is not assigned a helicopter
1792.69,604,evacuee,,Evacuee;342;in triage state;R;is at the evacuation site
1804.25,3,evacueeManager,,OFF SHIP: White;0;Green;254;Yellow;48;Red;10;Black;188;ON SHIP: White;0;Green;0;Yellow;0;Red;0;Evacuees to Transfer;
1804.25,1173,evacuee,outES,Evacuee 60 in triage category Y is not assigned a helicopter
1804.25,1173,evacuee,,Evacuee;60;in triage state;R;is at the evacuation site
1804.62,3,evacueeManager,,OFF SHIP: White;0;Green;254;Yellow;48;Red;9;Black;189;ON SHIP: White;0;Green;0;Yellow;0;Red;0;Evacuees to Transfer;
1804.62,1230,evacuee,outES,Evacuee 152 in triage category R is not assigned a helicopter
1804.62,1230,evacuee,,Evacuee;152;in triage state;B;is at the evacuation site
1812.52,3,evacueeManager,,OFF SHIP: White;0;Green;254;Yellow;48;Red;8;Black;190;ON SHIP: White;0;Green;0;Yellow;0;Red;0;Evacuees to Transfer;
1812.52,943,evacuee,outES,Evacuee 343 in triage category R is not assigned a helicopter
1812.52,943,evacuee,,Evacuee;343;in triage state;B;is at the evacuation site
1822.68,3,evacueeManager,,OFF SHIP: White;0;Green;254;Yellow;48;Red;7;Black;191;ON SHIP: White;0;Green;0;Yellow;0;Red;0;Evacuees to Transfer;
1822.68,1173,evacuee,outES,Evacuee 60 in triage category R is not assigned a helicopter
1822.68,1173,evacuee,,Evacuee;60;in triage state;B;is at the evacuation site
1826.17,3,evacueeManager,,OFF SHIP: White;0;Green;253;Yellow;49;Red;7;Black;191;ON SHIP: White;0;Green;0;Yellow;0;Red;0;Evacuees to Transfer;
1826.17,1033,evacuee,outES,Evacuee 34 in triage category G is not assigned a helicopter
1826.17,1033,evacuee,,Evacuee;34;in triage state;Y;is at the evacuation site
1828.08,3,evacueeManager,,OFF SHIP: White;0;Green;253;Yellow;49;Red;6;Black;192;ON SHIP: White;0;Green;0;Yellow;0;Red;0;Evacuees to Transfer;
1828.08,1096,evacuee,outES,Evacuee 48 in triage category R is not assigned a helicopter
1828.08,1096,evacuee,,Evacuee;48;in triage state;B;is at the evacuation site
1829.55,3,evacueeManager,,OFF SHIP: White;0;Green;253;Yellow;49;Red;5;Black;193;ON SHIP: White;0;Green;0;Yellow;0;Red;0;Evacuees to Transfer;
1829.55,532,evacuee,outES,Evacuee 373 in triage category R is not assigned a helicopter
1829.55,532,evacuee,,Evacuee;373;in triage state;B;is at the evacuation site
1830.94,3,evacueeManager,,OFF SHIP: White;0;Green;252;Yellow;50;Red;5;Black;193;ON SHIP: White;0;Green;0;Yellow;0;Red;0;Evacuees to Transfer;
1830.94,544,evacuee,outES,Evacuee 311 in triage category G is not assigned a helicopter
1830.94,544,evacuee,,Evacuee;311;in triage state;Y;is at the evacuation site
1833.46,3,evacueeManager,,OFF SHIP: White;0;Green;252;Yellow;50;Red;4;Black;194;ON SHIP: White;0;Green;0;Yellow;0;Red;0;Evacuees to Transfer;
1833.46,472,evacuee,outES,Evacuee 108 in triage category R is not assigned a helicopter
1833.46,472,evacuee,,Evacuee;108;in triage state;B;is at the evacuation site
1834.93,3,evacueeManager,,OFF SHIP: White;0;Green;252;Yellow;49;Red;5;Black;194;ON SHIP: White;0;Green;0;Yellow;0;Red;0;Evacuees to Transfer;
1834.93,526,evacuee,outES,Evacuee 299 in triage category Y is not assigned a helicopter
1834.93,526,evacuee,,Evacuee;299;in triage state;R;is at the evacuation site
1837.31,3,evacueeManager,,OFF SHIP: White;0;Green;252;Yellow;49;Red;4;Black;195;ON SHIP: White;0;Green;0;Yellow;0;Red;0;Evacuees to Transfer;
1837.31,238,evacuee,outES,Evacuee 362 in triage category R is not assigned a helicopter
1837.31,238,evacuee,,Evacuee;362;in triage state;B;is at the evacuation site
1837.32,3,evacueeManager,,OFF SHIP: White;0;Green;252;Yellow;48;Red;5;Black;195;ON SHIP: White;0;Green;0;Yellow;0;Red;0;Evacuees to Transfer;
1837.32,1030,evacuee,outES,Evacuee 32 in triage category Y is not assigned a helicopter
1837.32,1030,evacuee,,Evacuee;32;in triage state;R;is at the evacuation site
1848.93,3,evacueeManager,,OFF SHIP: White;0;Green;252;Yellow;48;Red;4;Black;196;ON SHIP: White;0;Green;0;Yellow;0;Red;0;Evacuees to Transfer;
1848.93,526,evacuee,outES,Evacuee 299 in triage category R is not assigned a helicopter
1848.93,526,evacuee,,Evacuee;299;in triage state;B;is at the evacuation site
1853.45,3,evacueeManager,,OFF SHIP: White;0;Green;251;Yellow;49;Red;4;Black;196;ON SHIP: White;0;Green;0;Yellow;0;Red;0;Evacuees to Transfer;
1853.45,613,evacuee,outES,Evacuee 412 in triage category G is not assigned a helicopter
1853.45,613,evacuee,,Evacuee;412;in triage state;Y;is at the evacuation site
1855.12,3,evacueeManager,,OFF SHIP: White;0;Green;250;Yellow;50;Red;4;Black;196;ON SHIP: White;0;Green;0;Yellow;0;Red;0;Evacuees to Transfer;
1855.12,186,evacuee,outES,Evacuee 383 in triage category G is not assigned a helicopter
1855.12,186,evacuee,,Evacuee;383;in triage state;Y;is at the evacuation site
1857.37,3,evacueeManager,,OFF SHIP: White;0;Green;250;Yellow;49;Red;5;Black;196;ON SHIP: White;0;Green;0;Yellow;0;Red;0;Evacuees to Transfer;
1857.37,544,evacuee,outES,Evacuee 311 in triage category Y is not assigned a helicopter
1857.37,544,evacuee,,Evacuee;311;in triage state;R;is at the evacuation site
1869.23,3,evacueeManager,,OFF SHIP: White;0;Green;250;Yellow;48;Red;6;Black;196;ON SHIP: White;0;Green;0;Yellow;0;Red;0;Evacuees to Transfer;
1869.23,325,evacuee,outES,Evacuee 460 in triage category Y is not assigned a helicopter
1869.23,325,evacuee,,Evacuee;460;in triage state;R;is at the evacuation site
1877.15,3,evacueeManager,,OFF SHIP: White;0;Green;250;Yellow;47;Red;7;Black;196;ON SHIP: White;0;Green;0;Yellow;0;Red;0;Evacuees to Transfer;
1877.15,1033,evacuee,outES,Evacuee 34 in triage category Y is not assigned a helicopter
1877.15,1033,evacuee,,Evacuee;34;in triage state;R;is at the evacuation site
1879.79,3,evacueeManager,,OFF SHIP: White;0;Green;250;Yellow;47;Red;6;Black;197;ON SHIP: White;0;Green;0;Yellow;0;Red;0;Evacuees to Transfer;
1879.79,544,evacuee,outES,Evacuee 311 in triage category R is not assigned a helicopter
1879.79,544,evacuee,,Evacuee;311;in triage state;B;is at the evacuation site
1882.26,3,evacueeManager,,OFF SHIP: White;0;Green;249;Yellow;48;Red;6;Black;197;ON SHIP: White;0;Green;0;Yellow;0;Red;0;Evacuees to Transfer;
1882.26,1317,evacuee,outES,Evacuee 203 in triage category G is not assigned a helicopter
1882.26,1317,evacuee,,Evacuee;203;in triage state;Y;is at the evacuation site
1888.29,3,evacueeManager,,OFF SHIP: White;0;Green;248;Yellow;49;Red;6;Black;197;ON SHIP: White;0;Green;0;Yellow;0;Red;0;Evacuees to Transfer;
1888.29,892,evacuee,outES,Evacuee 92 in triage category G is not assigned a helicopter
1888.29,892,evacuee,,Evacuee;92;in triage state;Y;is at the evacuation site
1895.48,3,evacueeManager,,OFF SHIP: White;0;Green;248;Yellow;48;Red;7;Black;197;ON SHIP: White;0;Green;0;Yellow;0;Red;0;Evacuees to Transfer;
1895.48,400,evacuee,outES,Evacuee 282 in triage category Y is not assigned a helicopter
1895.48,400,evacuee,,Evacuee;282;in triage state;R;is at the evacuation site
1903.34,3,evacueeManager,,OFF SHIP: White;0;Green;248;Yellow;48;Red;6;Black;198;ON SHIP: White;0;Green;0;Yellow;0;Red;0;Evacuees to Transfer;
1903.34,1033,evacuee,outES,Evacuee 34 in triage category R is not assigned a helicopter
1903.34,1033,evacuee,,Evacuee;34;in triage state;B;is at the evacuation site
1904.52,3,evacueeManager,,OFF SHIP: White;0;Green;248;Yellow;48;Red;5;Black;199;ON SHIP: White;0;Green;0;Yellow;0;Red;0;Evacuees to Transfer;
1904.52,1024,evacuee,outES,Evacuee 13 in triage category R is not assigned a helicopter
1904.52,1024,evacuee,,Evacuee;13;in triage state;B;is at the evacuation site
1905.26,3,evacueeManager,,OFF SHIP: White;0;Green;248;Yellow;47;Red;6;Black;199;ON SHIP: White;0;Green;0;Yellow;0;Red;0;Evacuees to Transfer;
1905.26,739,evacuee,outES,Evacuee 65 in triage category Y is not assigned a helicopter
1905.26,739,evacuee,,Evacuee;65;in triage state;R;is at the evacuation site
1906.07,3,evacueeManager,,OFF SHIP: White;0;Green;248;Yellow;46;Red;7;Black;199;ON SHIP: White;0;Green;0;Yellow;0;Red;0;Evacuees to Transfer;
1906.07,1176,evacuee,outES,Evacuee 385 in triage category Y is not assigned a helicopter
1906.07,1176,evacuee,,Evacuee;385;in triage state;R;is at the evacuation site
1908.91,3,evacueeManager,,OFF SHIP: White;0;Green;247;Yellow;47;Red;7;Black;199;ON SHIP: White;0;Green;0;Yellow;0;Red;0;Evacuees to Transfer;
1908.91,823,evacuee,outES,Evacuee 332 in triage category G is not assigned a helicopter
1908.91,823,evacuee,,Evacuee;332;in triage state;Y;is at the evacuation site
1914.56,3,evacueeManager,,OFF SHIP: White;0;Green;247;Yellow;47;Red;6;Black;200;ON SHIP: White;0;Green;0;Yellow;0;Red;0;Evacuees to Transfer;
1914.56,1176,evacuee,outES,Evacuee 385 in triage category R is not assigned a helicopter
1914.56,1176,evacuee,,Evacuee;385;in triage state;B;is at the evacuation site
1917.03,3,evacueeManager,,OFF SHIP: White;0;Green;246;Yellow;48;Red;6;Black;200;ON SHIP: White;0;Green;0;Yellow;0;Red;0;Evacuees to Transfer;
1917.03,259,evacuee,outES,Evacuee 349 in triage category G is not assigned a helicopter
1917.03,259,evacuee,,Evacuee;349;in triage state;Y;is at the evacuation site
1920.28,3,evacueeManager,,OFF SHIP: White;0;Green;246;Yellow;47;Red;7;Black;200;ON SHIP: White;0;Green;0;Yellow;0;Red;0;Evacuees to Transfer;
1920.28,89,evacuee,outES,Evacuee 442 in triage category Y is not assigned a helicopter
1920.28,89,evacuee,,Evacuee;442;in triage state;R;is at the evacuation site
1920.35,3,evacueeManager,,OFF SHIP: White;0;Green;245;Yellow;48;Red;7;Black;200;ON SHIP: White;0;Green;0;Yellow;0;Red;0;Evacuees to Transfer;
1920.35,1248,evacuee,outES,Evacuee 28 in triage category G is not assigned a helicopter
1920.35,1248,evacuee,,Evacuee;28;in triage state;Y;is at the evacuation site
1920.95,3,evacueeManager,,OFF SHIP: White;0;Green;245;Yellow;47;Red;8;Black;200;ON SHIP: White;0;Green;0;Yellow;0;Red;0;Evacuees to Transfer;
1920.95,1248,evacuee,outES,Evacuee 28 in triage category Y is not assigned a helicopter
1920.95,1248,evacuee,,Evacuee;28;in triage state;R;is at the evacuation site
1921.23,3,evacueeManager,,OFF SHIP: White;0;Green;245;Yellow;46;Red;9;Black;200;ON SHIP: White;0;Green;0;Yellow;0;Red;0;Evacuees to Transfer;
1921.23,469,evacuee,outES,Evacuee 122 in triage category Y is not assigned a helicopter
1921.23,469,evacuee,,Evacuee;122;in triage state;R;is at the evacuation site
1922.38,3,evacueeManager,,OFF SHIP: White;0;Green;244;Yellow;47;Red;9;Black;200;ON SHIP: White;0;Green;0;Yellow;0;Red;0;Evacuees to Transfer;
1922.38,1102,evacuee,outES,Evacuee 50 in triage category G is not assigned a helicopter
1922.38,1102,evacuee,,Evacuee;50;in triage state;Y;is at the evacuation site
1922.6,3,evacueeManager,,OFF SHIP: White;0;Green;243;Yellow;48;Red;9;Black;200;ON SHIP: White;0;Green;0;Yellow;0;Red;0;Evacuees to Transfer;
1922.6,331,evacuee,outES,Evacuee 446 in triage category G is not assigned a helicopter
1922.6,331,evacuee,,Evacuee;446;in triage state;Y;is at the evacuation site
1927.96,3,evacueeManager,,OFF SHIP: White;0;Green;242;Yellow;49;Red;9;Black;200;ON SHIP: White;0;Green;0;Yellow;0;Red;0;Evacuees to Transfer;
1927.96,1179,evacuee,outES,Evacuee 181 in triage category G is not assigned a helicopter
1927.96,1179,evacuee,,Evacuee;181;in triage state;Y;is at the evacuation site
1937.03,3,evacueeManager,,OFF SHIP: White;0;Green;242;Yellow;49;Red;8;Black;201;ON SHIP: White;0;Green;0;Yellow;0;Red;0;Evacuees to Transfer;
1937.03,1164,evacuee,outES,Evacuee 263 in triage category R is not assigned a helicopter
1937.03,1164,evacuee,,Evacuee;263;in triage state;B;is at the evacuation site
1940.34,3,evacueeManager,,OFF SHIP: White;0;Green;241;Yellow;50;Red;8;Black;201;ON SHIP: White;0;Green;0;Yellow;0;Red;0;Evacuees to Transfer;
1940.34,1386,evacuee,outES,Evacuee 390 in triage category G is not assigned a helicopter
1940.34,1386,evacuee,,Evacuee;390;in triage state;Y;is at the evacuation site
1943.66,3,evacueeManager,,OFF SHIP: White;0;Green;241;Yellow;50;Red;7;Black;202;ON SHIP: White;0;Green;0;Yellow;0;Red;0;Evacuees to Transfer;
1943.66,325,evacuee,outES,Evacuee 460 in triage category R is not assigned a helicopter
1943.66,325,evacuee,,Evacuee;460;in triage state;B;is at the evacuation site
1947.69,3,evacueeManager,,OFF SHIP: White;0;Green;241;Yellow;50;Red;6;Black;203;ON SHIP: White;0;Green;0;Yellow;0;Red;0;Evacuees to Transfer;
1947.69,469,evacuee,outES,Evacuee 122 in triage category R is not assigned a helicopter
1947.69,469,evacuee,,Evacuee;122;in triage state;B;is at the evacuation site
1950.05,3,evacueeManager,,OFF SHIP: White;0;Green;241;Yellow;50;Red;5;Black;204;ON SHIP: White;0;Green;0;Yellow;0;Red;0;Evacuees to Transfer;
1950.05,1030,evacuee,outES,Evacuee 32 in triage category R is not assigned a helicopter
1950.05,1030,evacuee,,Evacuee;32;in triage state;B;is at the evacuation site
1965.56,3,evacueeManager,,OFF SHIP: White;0;Green;241;Yellow;49;Red;6;Black;204;ON SHIP: White;0;Green;0;Yellow;0;Red;0;Evacuees to Transfer;
1965.56,1443,evacuee,outES,Evacuee 225 in triage category Y is not assigned a helicopter
1965.56,1443,evacuee,,Evacuee;225;in triage state;R;is at the evacuation site
1969.69,3,evacueeManager,,OFF SHIP: White;0;Green;241;Yellow;49;Red;5;Black;205;ON SHIP: White;0;Green;0;Yellow;0;Red;0;Evacuees to Transfer;
1969.69,604,evacuee,outES,Evacuee 342 in triage category R is not assigned a helicopter
1969.69,604,evacuee,,Evacuee;342;in triage state;B;is at the evacuation site
1969.79,3,evacueeManager,,OFF SHIP: White;0;Green;241;Yellow;48;Red;6;Black;205;ON SHIP: White;0;Green;0;Yellow;0;Red;0;Evacuees to Transfer;
1969.79,823,evacuee,outES,Evacuee 332 in triage category Y is not assigned a helicopter
1969.79,823,evacuee,,Evacuee;332;in triage state;R;is at the evacuation site
1973.74,3,evacueeManager,,OFF SHIP: White;0;Green;240;Yellow;49;Red;6;Black;205;ON SHIP: White;0;Green;0;Yellow;0;Red;0;Evacuees to Transfer;
1973.74,475,evacuee,outES,Evacuee 276 in triage category G is not assigned a helicopter
1973.74,475,evacuee,,Evacuee;276;in triage state;Y;is at the evacuation site
1981.61,3,evacueeManager,,OFF SHIP: White;0;Green;239;Yellow;50;Red;6;Black;205;ON SHIP: White;0;Green;0;Yellow;0;Red;0;Evacuees to Transfer;
1981.61,1455,evacuee,outES,Evacuee 227 in triage category G is not assigned a helicopter
1981.61,1455,evacuee,,Evacuee;227;in triage state;Y;is at the evacuation site
1983.35,3,evacueeManager,,OFF SHIP: White;0;Green;239;Yellow;50;Red;5;Black;206;ON SHIP: White;0;Green;0;Yellow;0;Red;0;Evacuees to Transfer;
1983.35,1248,evacuee,outES,Evacuee 28 in triage category R is not assigned a helicopter
1983.35,1248,evacuee,,Evacuee;28;in triage state;B;is at the evacuation site
1984.13,3,evacueeManager,,OFF SHIP: White;0;Green;239;Yellow;49;Red;6;Black;206;ON SHIP: White;0;Green;0;Yellow;0;Red;0;Evacuees to Transfer;
1984.13,1021,evacuee,outES,Evacuee 255 in triage category Y is not assigned a helicopter
1984.13,1021,evacuee,,Evacuee;255;in triage state;R;is at the evacuation site
1984.99,3,evacueeManager,,OFF SHIP: White;0;Green;239;Yellow;48;Red;7;Black;206;ON SHIP: White;0;Green;0;Yellow;0;Red;0;Evacuees to Transfer;
1984.99,1518,evacuee,outES,Evacuee 258 in triage category Y is not assigned a helicopter
1984.99,1518,evacuee,,Evacuee;258;in triage state;R;is at the evacuation site
1985.88,3,evacueeManager,,OFF SHIP: White;0;Green;239;Yellow;48;Red;6;Black;207;ON SHIP: White;0;Green;0;Yellow;0;Red;0;Evacuees to Transfer;
1985.88,823,evacuee,outES,Evacuee 332 in triage category R is not assigned a helicopter
1985.88,823,evacuee,,Evacuee;332;in triage state;B;is at the evacuation site
1990.15,3,evacueeManager,,OFF SHIP: White;0;Green;238;Yellow;49;Red;6;Black;207;ON SHIP: White;0;Green;0;Yellow;0;Red;0;Evacuees to Transfer;
1990.15,117,evacuee,outES,Evacuee 426 in triage category G is not assigned a helicopter
1990.15,117,evacuee,,Evacuee;426;in triage state;Y;is at the evacuation site
1995.64,3,evacueeManager,,OFF SHIP: White;0;Green;237;Yellow;50;Red;6;Black;207;ON SHIP: White;0;Green;0;Yellow;0;Red;0;Evacuees to Transfer;
1995.64,964,evacuee,outES,Evacuee 402 in triage category G is not assigned a helicopter
1995.64,964,evacuee,,Evacuee;402;in triage state;Y;is at the evacuation site
1995.86,3,evacueeManager,,OFF SHIP: White;0;Green;237;Yellow;49;Red;7;Black;207;ON SHIP: White;0;Green;0;Yellow;0;Red;0;Evacuees to Transfer;
1995.86,111,evacuee,outES,Evacuee 433 in triage category Y is not assigned a helicopter
1995.86,111,evacuee,,Evacuee;433;in triage state;R;is at the evacuation site
1999.49,3,evacueeManager,,OFF SHIP: White;0;Green;236;Yellow;50;Red;7;Black;207;ON SHIP: White;0;Green;0;Yellow;0;Red;0;Evacuees to Transfer;
1999.49,403,evacuee,outES,Evacuee 281 in triage category G is not assigned a helicopter
1999.49,403,evacuee,,Evacuee;281;in triage state;Y;is at the evacuation site
1999.82,3,evacueeManager,,OFF SHIP: White;0;Green;235;Yellow;51;Red;7;Black;207;ON SHIP: White;0;Green;0;Yellow;0;Red;0;Evacuees to Transfer;
1999.82,685,evacuee,outES,Evacuee 76 in triage category G is not assigned a helicopter
1999.82,685,evacuee,,Evacuee;76;in triage state;Y;is at the evacuation site
2004.59,3,evacueeManager,,OFF SHIP: White;0;Green;235;Yellow;50;Red;8;Black;207;ON SHIP: White;0;Green;0;Yellow;0;Red;0;Evacuees to Transfer;
2004.59,1102,evacuee,outES,Evacuee 50 in triage category Y is not assigned a helicopter
2004.59,1102,evacuee,,Evacuee;50;in triage state;R;is at the evacuation site
2004.74,3,evacueeManager,,OFF SHIP: White;0;Green;235;Yellow;50;Red;7;Black;208;ON SHIP: White;0;Green;0;Yellow;0;Red;0;Evacuees to Transfer;
2004.74,111,evacuee,outES,Evacuee 433 in triage category R is not assigned a helicopter
2004.74,111,evacuee,,Evacuee;433;in triage state;B;is at the evacuation site
2005.21,3,evacueeManager,,OFF SHIP: White;0;Green;235;Yellow;49;Red;8;Black;208;ON SHIP: White;0;Green;0;Yellow;0;Red;0;Evacuees to Transfer;
2005.21,1179,evacuee,outES,Evacuee 181 in triage category Y is not assigned a helicopter
2005.21,1179,evacuee,,Evacuee;181;in triage state;R;is at the evacuation site
2008.93,3,evacueeManager,,OFF SHIP: White;0;Green;235;Yellow;48;Red;9;Black;208;ON SHIP: White;0;Green;0;Yellow;0;Red;0;Evacuees to Transfer;
2008.93,186,evacuee,outES,Evacuee 383 in triage category Y is not assigned a helicopter
2008.93,186,evacuee,,Evacuee;383;in triage state;R;is at the evacuation site
2013.03,3,evacueeManager,,OFF SHIP: White;0;Green;235;Yellow;47;Red;10;Black;208;ON SHIP: White;0;Green;0;Yellow;0;Red;0;Evacuees to Transfer;
2013.03,1308,evacuee,outES,Evacuee 177 in triage category Y is not assigned a helicopter
2013.03,1308,evacuee,,Evacuee;177;in triage state;R;is at the evacuation site
2014.28,3,evacueeManager,,OFF SHIP: White;0;Green;235;Yellow;46;Red;11;Black;208;ON SHIP: White;0;Green;0;Yellow;0;Red;0;Evacuees to Transfer;
2014.28,466,evacuee,outES,Evacuee 449 in triage category Y is not assigned a helicopter
2014.28,466,evacuee,,Evacuee;449;in triage state;R;is at the evacuation site
2017.39,3,evacueeManager,,OFF SHIP: White;0;Green;235;Yellow;45;Red;12;Black;208;ON SHIP: White;0;Green;0;Yellow;0;Red;0;Evacuees to Transfer;
2017.39,541,evacuee,outES,Evacuee 106 in triage category Y is not assigned a helicopter
2017.39,541,evacuee,,Evacuee;106;in triage state;R;is at the evacuation site
2018.58,3,evacueeManager,,OFF SHIP: White;0;Green;235;Yellow;45;Red;11;Black;209;ON SHIP: White;0;Green;0;Yellow;0;Red;0;Evacuees to Transfer;
2018.58,1179,evacuee,outES,Evacuee 181 in triage category R is not assigned a helicopter
2018.58,1179,evacuee,,Evacuee;181;in triage state;B;is at the evacuation site
2023.05,3,evacueeManager,,OFF SHIP: White;0;Green;235;Yellow;44;Red;12;Black;209;ON SHIP: White;0;Green;0;Yellow;0;Red;0;Evacuees to Transfer;
2023.05,253,evacuee,outES,Evacuee 353 in triage category Y is not assigned a helicopter
2023.05,253,evacuee,,Evacuee;353;in triage state;R;is at the evacuation site
2028.26,3,evacueeManager,,OFF SHIP: White;0;Green;234;Yellow;45;Red;12;Black;209;ON SHIP: White;0;Green;0;Yellow;0;Red;0;Evacuees to Transfer;
2028.26,754,evacuee,outES,Evacuee 271 in triage category G is not assigned a helicopter
2028.26,754,evacuee,,Evacuee;271;in triage state;Y;is at the evacuation site
2032.31,3,evacueeManager,,OFF SHIP: White;0;Green;234;Yellow;44;Red;13;Black;209;ON SHIP: White;0;Green;0;Yellow;0;Red;0;Evacuees to Transfer;
2032.31,1380,evacuee,outES,Evacuee 11 in triage category Y is not assigned a helicopter
2032.31,1380,evacuee,,Evacuee;11;in triage state;R;is at the evacuation site
2034.32,3,evacueeManager,,OFF SHIP: White;0;Green;234;Yellow;43;Red;14;Black;209;ON SHIP: White;0;Green;0;Yellow;0;Red;0;Evacuees to Transfer;
2034.32,613,evacuee,outES,Evacuee 412 in triage category Y is not assigned a helicopter
2034.32,613,evacuee,,Evacuee;412;in triage state;R;is at the evacuation site
2035.94,3,evacueeManager,,OFF SHIP: White;0;Green;234;Yellow;43;Red;13;Black;210;ON SHIP: White;0;Green;0;Yellow;0;Red;0;Evacuees to Transfer;
2035.94,400,evacuee,outES,Evacuee 282 in triage category R is not assigned a helicopter
2035.94,400,evacuee,,Evacuee;282;in triage state;B;is at the evacuation site
2039.79,3,evacueeManager,,OFF SHIP: White;0;Green;234;Yellow;43;Red;12;Black;211;ON SHIP: White;0;Green;0;Yellow;0;Red;0;Evacuees to Transfer;
2039.79,466,evacuee,outES,Evacuee 449 in triage category R is not assigned a helicopter
2039.79,466,evacuee,,Evacuee;449;in triage state;B;is at the evacuation site
2043.45,3,evacueeManager,,OFF SHIP: White;0;Green;234;Yellow;42;Red;13;Black;211;ON SHIP: White;0;Green;0;Yellow;0;Red;0;Evacuees to Transfer;
2043.45,1227,evacuee,outES,Evacuee 222 in triage category Y is not assigned a helicopter
2043.45,1227,evacuee,,Evacuee;222;in triage state;R;is at the evacuation site
2046.57,3,evacueeManager,,OFF SHIP: White;0;Green;234;Yellow;42;Red;12;Black;212;ON SHIP: White;0;Green;0;Yellow;0;Red;0;Evacuees to Transfer;
2046.57,1380,evacuee,outES,Evacuee 11 in triage category R is not assigned a helicopter
2046.57,1380,evacuee,,Evacuee;11;in triage state;B;is at the evacuation site
2048.07,3,evacueeManager,,OFF SHIP: White;0;Green;234;Yellow;42;Red;11;Black;213;ON SHIP: White;0;Green;0;Yellow;0;Red;0;Evacuees to Transfer;
2048.07,1021,evacuee,outES,Evacuee 255 in triage category R is not assigned a helicopter
2048.07,1021,evacuee,,Evacuee;255;in triage state;B;is at the evacuation site
2050.52,3,evacueeManager,,OFF SHIP: White;0;Green;234;Yellow;42;Red;10;Black;214;ON SHIP: White;0;Green;0;Yellow;0;Red;0;Evacuees to Transfer;
2050.52,1308,evacuee,outES,Evacuee 177 in triage category R is not assigned a helicopter
2050.52,1308,evacuee,,Evacuee;177;in triage state;B;is at the evacuation site
2053.1,3,evacueeManager,,OFF SHIP: White;0;Green;234;Yellow;42;Red;9;Black;215;ON SHIP: White;0;Green;0;Yellow;0;Red;0;Evacuees to Transfer;
2053.1,89,evacuee,outES,Evacuee 442 in triage category R is not assigned a helicopter
2053.1,89,evacuee,,Evacuee;442;in triage state;B;is at the evacuation site
2053.18,3,evacueeManager,,OFF SHIP: White;0;Green;234;Yellow;42;Red;8;Black;216;ON SHIP: White;0;Green;0;Yellow;0;Red;0;Evacuees to Transfer;
2053.18,186,evacuee,outES,Evacuee 383 in triage category R is not assigned a helicopter
2053.18,186,evacuee,,Evacuee;383;in triage state;B;is at the evacuation site
2060.68,3,evacueeManager,,OFF SHIP: White;0;Green;233;Yellow;43;Red;8;Black;216;ON SHIP: White;0;Green;0;Yellow;0;Red;0;Evacuees to Transfer;
2060.68,1036,evacuee,outES,Evacuee 64 in triage category G is not assigned a helicopter
2060.68,1036,evacuee,,Evacuee;64;in triage state;Y;is at the evacuation site
2064.94,3,evacueeManager,,OFF SHIP: White;0;Green;233;Yellow;42;Red;9;Black;216;ON SHIP: White;0;Green;0;Yellow;0;Red;0;Evacuees to Transfer;
2064.94,886,evacuee,outES,Evacuee 246 in triage category Y is not assigned a helicopter
2064.94,886,evacuee,,Evacuee;246;in triage state;R;is at the evacuation site
2070.48,3,evacueeManager,,OFF SHIP: White;0;Green;232;Yellow;43;Red;9;Black;216;ON SHIP: White;0;Green;0;Yellow;0;Red;0;Evacuees to Transfer;
2070.48,547,evacuee,outES,Evacuee 148 in triage category G is not assigned a helicopter
2070.48,547,evacuee,,Evacuee;148;in triage state;Y;is at the evacuation site
2076.16,3,evacueeManager,,OFF SHIP: White;0;Green;232;Yellow;43;Red;8;Black;217;ON SHIP: White;0;Green;0;Yellow;0;Red;0;Evacuees to Transfer;
2076.16,1227,evacuee,outES,Evacuee 222 in triage category R is not assigned a helicopter
2076.16,1227,evacuee,,Evacuee;222;in triage state;B;is at the evacuation site
2092.61,3,evacueeManager,,OFF SHIP: White;0;Green;232;Yellow;43;Red;7;Black;218;ON SHIP: White;0;Green;0;Yellow;0;Red;0;Evacuees to Transfer;
2092.61,1518,evacuee,outES,Evacuee 258 in triage category R is not assigned a helicopter
2092.61,1518,evacuee,,Evacuee;258;in triage state;B;is at the evacuation site
2094.95,3,evacueeManager,,OFF SHIP: White;0;Green;231;Yellow;44;Red;7;Black;218;ON SHIP: White;0;Green;0;Yellow;0;Red;0;Evacuees to Transfer;
2094.95,616,evacuee,outES,Evacuee 90 in triage category G is not assigned a helicopter
2094.95,616,evacuee,,Evacuee;90;in triage state;Y;is at the evacuation site
2098.17,3,evacueeManager,,OFF SHIP: White;0;Green;231;Yellow;44;Red;6;Black;219;ON SHIP: White;0;Green;0;Yellow;0;Red;0;Evacuees to Transfer;
2098.17,253,evacuee,outES,Evacuee 353 in triage category R is not assigned a helicopter
2098.17,253,evacuee,,Evacuee;353;in triage state;B;is at the evacuation site
2120.88,3,evacueeManager,,OFF SHIP: White;0;Green;231;Yellow;43;Red;7;Black;219;ON SHIP: White;0;Green;0;Yellow;0;Red;0;Evacuees to Transfer;
2120.88,475,evacuee,outES,Evacuee 276 in triage category Y is not assigned a helicopter
2120.88,475,evacuee,,Evacuee;276;in triage state;R;is at the evacuation site
2131.02,3,evacueeManager,,OFF SHIP: White;0;Green;230;Yellow;44;Red;7;Black;219;ON SHIP: White;0;Green;0;Yellow;0;Red;0;Evacuees to Transfer;
2131.02,1320,evacuee,outES,Evacuee 232 in triage category G is not assigned a helicopter
2131.02,1320,evacuee,,Evacuee;232;in triage state;Y;is at the evacuation site
2132.86,3,evacueeManager,,OFF SHIP: White;0;Green;229;Yellow;45;Red;7;Black;219;ON SHIP: White;0;Green;0;Yellow;0;Red;0;Evacuees to Transfer;
2132.86,895,evacuee,outES,Evacuee 44 in triage category G is not assigned a helicopter
2132.86,895,evacuee,,Evacuee;44;in triage state;Y;is at the evacuation site
2142.95,3,evacueeManager,,OFF SHIP: White;0;Green;229;Yellow;44;Red;8;Black;219;ON SHIP: White;0;Green;0;Yellow;0;Red;0;Evacuees to Transfer;
2142.95,514,evacuee,outES,Evacuee 215 in triage category Y is not assigned a helicopter
2142.95,514,evacuee,,Evacuee;215;in triage state;R;is at the evacuation site
2144.88,3,evacueeManager,,OFF SHIP: White;0;Green;229;Yellow;44;Red;7;Black;220;ON SHIP: White;0;Green;0;Yellow;0;Red;0;Evacuees to Transfer;
2144.88,514,evacuee,outES,Evacuee 215 in triage category R is not assigned a helicopter
2144.88,514,evacuee,,Evacuee;215;in triage state;B;is at the evacuation site
2145.27,3,evacueeManager,,OFF SHIP: White;0;Green;229;Yellow;43;Red;8;Black;220;ON SHIP: White;0;Green;0;Yellow;0;Red;0;Evacuees to Transfer;
2145.27,1314,evacuee,outES,Evacuee 58 in triage category Y is not assigned a helicopter
2145.27,1314,evacuee,,Evacuee;58;in triage state;R;is at the evacuation site
2151.33,3,evacueeManager,,OFF SHIP: White;0;Green;229;Yellow;42;Red;9;Black;220;ON SHIP: White;0;Green;0;Yellow;0;Red;0;Evacuees to Transfer;
2151.33,259,evacuee,outES,Evacuee 349 in triage category Y is not assigned a helicopter
2151.33,259,evacuee,,Evacuee;349;in triage state;R;is at the evacuation site
2154.19,3,evacueeManager,,OFF SHIP: White;0;Green;229;Yellow;42;Red;8;Black;221;ON SHIP: White;0;Green;0;Yellow;0;Red;0;Evacuees to Transfer;
2154.19,1443,evacuee,outES,Evacuee 225 in triage category R is not assigned a helicopter
2154.19,1443,evacuee,,Evacuee;225;in triage state;B;is at the evacuation site
2154.62,3,evacueeManager,,OFF SHIP: White;0;Green;228;Yellow;43;Red;8;Black;221;ON SHIP: White;0;Green;0;Yellow;0;Red;0;Evacuees to Transfer;
2154.62,262,evacuee,outES,Evacuee 348 in triage category G is not assigned a helicopter
2154.62,262,evacuee,,Evacuee;348;in triage state;Y;is at the evacuation site
2156.19,3,evacueeManager,,OFF SHIP: White;0;Green;228;Yellow;42;Red;9;Black;221;ON SHIP: White;0;Green;0;Yellow;0;Red;0;Evacuees to Transfer;
2156.19,1311,evacuee,outES,Evacuee 435 in triage category Y is not assigned a helicopter
2156.19,1311,evacuee,,Evacuee;435;in triage state;R;is at the evacuation site
2156.81,3,evacueeManager,,OFF SHIP: White;0;Green;228;Yellow;42;Red;8;Black;222;ON SHIP: White;0;Green;0;Yellow;0;Red;0;Evacuees to Transfer;
2156.81,613,evacuee,outES,Evacuee 412 in triage category R is not assigned a helicopter
2156.81,613,evacuee,,Evacuee;412;in triage state;B;is at the evacuation site
2160.44,3,evacueeManager,,OFF SHIP: White;0;Green;227;Yellow;43;Red;8;Black;222;ON SHIP: White;0;Green;0;Yellow;0;Red;0;Evacuees to Transfer;
2160.44,1105,evacuee,outES,Evacuee 19 in triage category G is not assigned a helicopter
2160.44,1105,evacuee,,Evacuee;19;in triage state;Y;is at the evacuation site
2160.67,3,evacueeManager,,OFF SHIP: White;0;Green;226;Yellow;44;Red;8;Black;222;ON SHIP: White;0;Green;0;Yellow;0;Red;0;Evacuees to Transfer;
2160.67,334,evacuee,outES,Evacuee 313 in triage category G is not assigned a helicopter
2160.67,334,evacuee,,Evacuee;313;in triage state;Y;is at the evacuation site
2163.28,3,evacueeManager,,OFF SHIP: White;0;Green;226;Yellow;44;Red;7;Black;223;ON SHIP: White;0;Green;0;Yellow;0;Red;0;Evacuees to Transfer;
2163.28,1102,evacuee,outES,Evacuee 50 in triage category R is not assigned a helicopter
2163.28,1102,evacuee,,Evacuee;50;in triage state;B;is at the evacuation site
2164.86,3,evacueeManager,,OFF SHIP: White;0;Green;225;Yellow;45;Red;7;Black;223;ON SHIP: White;0;Green;0;Yellow;0;Red;0;Evacuees to Transfer;
2164.86,826,evacuee,outES,Evacuee 81 in triage category G is not assigned a helicopter
2164.86,826,evacuee,,Evacuee;81;in triage state;Y;is at the evacuation site
2165.6,3,evacueeManager,,OFF SHIP: White;0;Green;225;Yellow;45;Red;6;Black;224;ON SHIP: White;0;Green;0;Yellow;0;Red;0;Evacuees to Transfer;
2165.6,259,evacuee,outES,Evacuee 349 in triage category R is not assigned a helicopter
2165.6,259,evacuee,,Evacuee;349;in triage state;B;is at the evacuation site
2166.9,3,evacueeManager,,OFF SHIP: White;0;Green;225;Yellow;45;Red;5;Black;225;ON SHIP: White;0;Green;0;Yellow;0;Red;0;Evacuees to Transfer;
2166.9,1314,evacuee,outES,Evacuee 58 in triage category R is not assigned a helicopter
2166.9,1314,evacuee,,Evacuee;58;in triage state;B;is at the evacuation site
2171.97,3,evacueeManager,,OFF SHIP: White;0;Green;225;Yellow;44;Red;6;Black;225;ON SHIP: White;0;Green;0;Yellow;0;Red;0;Evacuees to Transfer;
2171.97,895,evacuee,outES,Evacuee 44 in triage category Y is not assigned a helicopter
2171.97,895,evacuee,,Evacuee;44;in triage state;R;is at the evacuation site
2177.36,3,evacueeManager,,OFF SHIP: White;0;Green;224;Yellow;45;Red;6;Black;225;ON SHIP: White;0;Green;0;Yellow;0;Red;0;Evacuees to Transfer;
2177.36,1251,evacuee,outES,Evacuee 126 in triage category G is not assigned a helicopter
2177.36,1251,evacuee,,Evacuee;126;in triage state;Y;is at the evacuation site
2178.17,3,evacueeManager,,OFF SHIP: White;0;Green;224;Yellow;45;Red;5;Black;226;ON SHIP: White;0;Green;0;Yellow;0;Red;0;Evacuees to Transfer;
2178.17,895,evacuee,outES,Evacuee 44 in triage category R is not assigned a helicopter
2178.17,895,evacuee,,Evacuee;44;in triage state;B;is at the evacuation site
2179.44,3,evacueeManager,,OFF SHIP: White;0;Green;224;Yellow;45;Red;4;Black;227;ON SHIP: White;0;Green;0;Yellow;0;Red;0;Evacuees to Transfer;
2179.44,475,evacuee,outES,Evacuee 276 in triage category R is not assigned a helicopter
2179.44,475,evacuee,,Evacuee;276;in triage state;B;is at the evacuation site
2187.64,3,evacueeManager,,OFF SHIP: White;0;Green;224;Yellow;45;Red;3;Black;228;ON SHIP: White;0;Green;0;Yellow;0;Red;0;Evacuees to Transfer;
2187.64,1311,evacuee,outES,Evacuee 435 in triage category R is not assigned a helicopter
2187.64,1311,evacuee,,Evacuee;435;in triage state;B;is at the evacuation site
2189.26,3,evacueeManager,,OFF SHIP: White;0;Green;224;Yellow;44;Red;4;Black;228;ON SHIP: White;0;Green;0;Yellow;0;Red;0;Evacuees to Transfer;
2189.26,183,evacuee,outES,Evacuee 430 in triage category Y is not assigned a helicopter
2189.26,183,evacuee,,Evacuee;430;in triage state;R;is at the evacuation site
2190.51,3,evacueeManager,,OFF SHIP: White;0;Green;223;Yellow;45;Red;4;Black;228;ON SHIP: White;0;Green;0;Yellow;0;Red;0;Evacuees to Transfer;
2190.51,1182,evacuee,outES,Evacuee 416 in triage category G is not assigned a helicopter
2190.51,1182,evacuee,,Evacuee;416;in triage state;Y;is at the evacuation site
2191.52,3,evacueeManager,,OFF SHIP: White;0;Green;223;Yellow;44;Red;5;Black;228;ON SHIP: White;0;Green;0;Yellow;0;Red;0;Evacuees to Transfer;
2191.52,256,evacuee,outES,Evacuee 351 in triage category Y is not assigned a helicopter
2191.52,256,evacuee,,Evacuee;351;in triage state;R;is at the evacuation site
2193.92,3,evacueeManager,,OFF SHIP: White;0;Green;222;Yellow;45;Red;5;Black;228;ON SHIP: White;0;Green;0;Yellow;0;Red;0;Evacuees to Transfer;
2193.92,44,evacuee,outES,Evacuee 476 in triage category G is not assigned a helicopter
2193.92,44,evacuee,,Evacuee;476;in triage state;Y;is at the evacuation site
2199.2,3,evacueeManager,,OFF SHIP: White;0;Green;222;Yellow;44;Red;6;Black;228;ON SHIP: White;0;Green;0;Yellow;0;Red;0;Evacuees to Transfer;
2199.2,1099,evacuee,outES,Evacuee 144 in triage category Y is not assigned a helicopter
2199.2,1099,evacuee,,Evacuee;144;in triage state;R;is at the evacuation site
2199.57,3,evacueeManager,,OFF SHIP: White;0;Green;222;Yellow;44;Red;5;Black;229;ON SHIP: White;0;Green;0;Yellow;0;Red;0;Evacuees to Transfer;
2199.57,886,evacuee,outES,Evacuee 246 in triage category R is not assigned a helicopter
2199.57,886,evacuee,,Evacuee;246;in triage state;B;is at the evacuation site
2199.94,3,evacueeManager,,OFF SHIP: White;0;Green;222;Yellow;44;Red;4;Black;230;ON SHIP: White;0;Green;0;Yellow;0;Red;0;Evacuees to Transfer;
2199.94,739,evacuee,outES,Evacuee 65 in triage category R is not assigned a helicopter
2199.94,739,evacuee,,Evacuee;65;in triage state;B;is at the evacuation site
2208.33,3,evacueeManager,,OFF SHIP: White;0;Green;222;Yellow;43;Red;5;Black;230;ON SHIP: White;0;Green;0;Yellow;0;Red;0;Evacuees to Transfer;
2208.33,250,evacuee,outES,Evacuee 354 in triage category Y is not assigned a helicopter
2208.33,250,evacuee,,Evacuee;354;in triage state;R;is at the evacuation site
2214.59,3,evacueeManager,,OFF SHIP: White;0;Green;222;Yellow;43;Red;4;Black;231;ON SHIP: White;0;Green;0;Yellow;0;Red;0;Evacuees to Transfer;
2214.59,256,evacuee,outES,Evacuee 351 in triage category R is not assigned a helicopter
2214.59,256,evacuee,,Evacuee;351;in triage state;B;is at the evacuation site
2220.93,3,evacueeManager,,OFF SHIP: White;0;Green;222;Yellow;42;Red;5;Black;231;ON SHIP: White;0;Green;0;Yellow;0;Red;0;Evacuees to Transfer;
2220.93,328,evacuee,outES,Evacuee 316 in triage category Y is not assigned a helicopter
2220.93,328,evacuee,,Evacuee;316;in triage state;R;is at the evacuation site
2225.89,3,evacueeManager,,OFF SHIP: White;0;Green;222;Yellow;42;Red;4;Black;232;ON SHIP: White;0;Green;0;Yellow;0;Red;0;Evacuees to Transfer;
2225.89,250,evacuee,outES,Evacuee 354 in triage category R is not assigned a helicopter
2225.89,250,evacuee,,Evacuee;354;in triage state;B;is at the evacuation site
2226.01,3,evacueeManager,,OFF SHIP: White;0;Green;221;Yellow;43;Red;4;Black;232;ON SHIP: White;0;Green;0;Yellow;0;Red;0;Evacuees to Transfer;
2226.01,478,evacuee,outES,Evacuee 121 in triage category G is not assigned a helicopter
2226.01,478,evacuee,,Evacuee;121;in triage state;Y;is at the evacuation site
2234.55,3,evacueeManager,,OFF SHIP: White;0;Green;221;Yellow;42;Red;5;Black;232;ON SHIP: White;0;Green;0;Yellow;0;Red;0;Evacuees to Transfer;
2234.55,1182,evacuee,outES,Evacuee 416 in triage category Y is not assigned a helicopter
2234.55,1182,evacuee,,Evacuee;416;in triage state;R;is at the evacuation site
2238.18,3,evacueeManager,,OFF SHIP: White;0;Green;220;Yellow;43;Red;5;Black;232;ON SHIP: White;0;Green;0;Yellow;0;Red;0;Evacuees to Transfer;
2238.18,1389,evacuee,outES,Evacuee 204 in triage category G is not assigned a helicopter
2238.18,1389,evacuee,,Evacuee;204;in triage state;Y;is at the evacuation site
2239.02,3,evacueeManager,,OFF SHIP: White;0;Green;219;Yellow;44;Red;5;Black;232;ON SHIP: White;0;Green;0;Yellow;0;Red;0;Evacuees to Transfer;
2239.02,120,evacuee,outES,Evacuee 423 in triage category G is not assigned a helicopter
2239.02,120,evacuee,,Evacuee;423;in triage state;Y;is at the evacuation site
2239.5,3,evacueeManager,,OFF SHIP: White;0;Green;218;Yellow;45;Red;5;Black;232;ON SHIP: White;0;Green;0;Yellow;0;Red;0;Evacuees to Transfer;
2239.5,1458,evacuee,outES,Evacuee 267 in triage category G is not assigned a helicopter
2239.5,1458,evacuee,,Evacuee;267;in triage state;Y;is at the evacuation site
2244.29,3,evacueeManager,,OFF SHIP: White;0;Green;217;Yellow;46;Red;5;Black;232;ON SHIP: White;0;Green;0;Yellow;0;Red;0;Evacuees to Transfer;
2244.29,406,evacuee,outES,Evacuee 280 in triage category G is not assigned a helicopter
2244.29,406,evacuee,,Evacuee;280;in triage state;Y;is at the evacuation site
2244.47,3,evacueeManager,,OFF SHIP: White;0;Green;217;Yellow;45;Red;6;Black;232;ON SHIP: White;0;Green;0;Yellow;0;Red;0;Evacuees to Transfer;
2244.47,1383,evacuee,outES,Evacuee 202 in triage category Y is not assigned a helicopter
2244.47,1383,evacuee,,Evacuee;202;in triage state;R;is at the evacuation site
2249.05,3,evacueeManager,,OFF SHIP: White;0;Green;217;Yellow;44;Red;7;Black;232;ON SHIP: White;0;Green;0;Yellow;0;Red;0;Evacuees to Transfer;
2249.05,1105,evacuee,outES,Evacuee 19 in triage category Y is not assigned a helicopter
2249.05,1105,evacuee,,Evacuee;19;in triage state;R;is at the evacuation site
2249.81,3,evacueeManager,,OFF SHIP: White;0;Green;217;Yellow;44;Red;6;Black;233;ON SHIP: White;0;Green;0;Yellow;0;Red;0;Evacuees to Transfer;
2249.81,1182,evacuee,outES,Evacuee 416 in triage category R is not assigned a helicopter
2249.81,1182,evacuee,,Evacuee;416;in triage state;B;is at the evacuation site
2249.93,3,evacueeManager,,OFF SHIP: White;0;Green;216;Yellow;45;Red;6;Black;233;ON SHIP: White;0;Green;0;Yellow;0;Red;0;Evacuees to Transfer;
2249.93,967,evacuee,outES,Evacuee 320 in triage category G is not assigned a helicopter
2249.93,967,evacuee,,Evacuee;320;in triage state;Y;is at the evacuation site
2251.11,3,evacueeManager,,OFF SHIP: White;0;Green;216;Yellow;44;Red;7;Black;233;ON SHIP: White;0;Green;0;Yellow;0;Red;0;Evacuees to Transfer;
2251.11,1320,evacuee,outES,Evacuee 232 in triage category Y is not assigned a helicopter
2251.11,1320,evacuee,,Evacuee;232;in triage state;R;is at the evacuation site
2252.3,3,evacueeManager,,OFF SHIP: White;0;Green;216;Yellow;44;Red;6;Black;234;ON SHIP: White;0;Green;0;Yellow;0;Red;0;Evacuees to Transfer;
2252.3,328,evacuee,outES,Evacuee 316 in triage category R is not assigned a helicopter
2252.3,328,evacuee,,Evacuee;316;in triage state;B;is at the evacuation site
2259.43,3,evacueeManager,,OFF SHIP: White;0;Green;215;Yellow;45;Red;6;Black;234;ON SHIP: White;0;Green;0;Yellow;0;Red;0;Evacuees to Transfer;
2259.43,688,evacuee,outES,Evacuee 431 in triage category G is not assigned a helicopter
2259.43,688,evacuee,,Evacuee;431;in triage state;Y;is at the evacuation site
2266.24,3,evacueeManager,,OFF SHIP: White;0;Green;215;Yellow;44;Red;7;Black;234;ON SHIP: White;0;Green;0;Yellow;0;Red;0;Evacuees to Transfer;
2266.24,331,evacuee,outES,Evacuee 446 in triage category Y is not assigned a helicopter
2266.24,331,evacuee,,Evacuee;446;in triage state;R;is at the evacuation site
2267.71,3,evacueeManager,,OFF SHIP: White;0;Green;215;Yellow;44;Red;6;Black;235;ON SHIP: White;0;Green;0;Yellow;0;Red;0;Evacuees to Transfer;
2267.71,541,evacuee,outES,Evacuee 106 in triage category R is not assigned a helicopter
2267.71,541,evacuee,,Evacuee;106;in triage state;B;is at the evacuation site
2277.9,3,evacueeManager,,OFF SHIP: White;0;Green;215;Yellow;43;Red;7;Black;235;ON SHIP: White;0;Green;0;Yellow;0;Red;0;Evacuees to Transfer;
2277.9,1233,evacuee,outES,Evacuee 153 in triage category Y is not assigned a helicopter
2277.9,1233,evacuee,,Evacuee;153;in triage state;R;is at the evacuation site
2282.44,3,evacueeManager,,OFF SHIP: White;0;Green;215;Yellow;43;Red;6;Black;236;ON SHIP: White;0;Green;0;Yellow;0;Red;0;Evacuees to Transfer;
2282.44,1383,evacuee,outES,Evacuee 202 in triage category R is not assigned a helicopter
2282.44,1383,evacuee,,Evacuee;202;in triage state;B;is at the evacuation site
2290.56,3,evacueeManager,,OFF SHIP: White;0;Green;214;Yellow;44;Red;6;Black;236;ON SHIP: White;0;Green;0;Yellow;0;Red;0;Evacuees to Transfer;
2290.56,757,evacuee,outES,Evacuee 9 in triage category G is not assigned a helicopter
2290.56,757,evacuee,,Evacuee;9;in triage state;Y;is at the evacuation site
2297.75,3,evacueeManager,,OFF SHIP: White;0;Green;214;Yellow;43;Red;7;Black;236;ON SHIP: White;0;Green;0;Yellow;0;Red;0;Evacuees to Transfer;
2297.75,757,evacuee,outES,Evacuee 9 in triage category Y is not assigned a helicopter
2297.75,757,evacuee,,Evacuee;9;in triage state;R;is at the evacuation site
2297.98,3,evacueeManager,,OFF SHIP: White;0;Green;214;Yellow;43;Red;6;Black;237;ON SHIP: White;0;Green;0;Yellow;0;Red;0;Evacuees to Transfer;
2297.98,1105,evacuee,outES,Evacuee 19 in triage category R is not assigned a helicopter
2297.98,1105,evacuee,,Evacuee;19;in triage state;B;is at the evacuation site
2303.89,3,evacueeManager,,OFF SHIP: White;0;Green;214;Yellow;43;Red;5;Black;238;ON SHIP: White;0;Green;0;Yellow;0;Red;0;Evacuees to Transfer;
2303.89,1320,evacuee,outES,Evacuee 232 in triage category R is not assigned a helicopter
2303.89,1320,evacuee,,Evacuee;232;in triage state;B;is at the evacuation site
2309.5,3,evacueeManager,,OFF SHIP: White;0;Green;214;Yellow;42;Red;6;Black;238;ON SHIP: White;0;Green;0;Yellow;0;Red;0;Evacuees to Transfer;
2309.5,889,evacuee,outES,Evacuee 22 in triage category Y is not assigned a helicopter
2309.5,889,evacuee,,Evacuee;22;in triage state;R;is at the evacuation site
2314.7,3,evacueeManager,,OFF SHIP: White;0;Green;214;Yellow;41;Red;7;Black;238;ON SHIP: White;0;Green;0;Yellow;0;Red;0;Evacuees to Transfer;
2314.7,114,evacuee,outES,Evacuee 428 in triage category Y is not assigned a helicopter
2314.7,114,evacuee,,Evacuee;428;in triage state;R;is at the evacuation site
2317.51,3,evacueeManager,,OFF SHIP: White;0;Green;214;Yellow;41;Red;6;Black;239;ON SHIP: White;0;Green;0;Yellow;0;Red;0;Evacuees to Transfer;
2317.51,114,evacuee,outES,Evacuee 428 in triage category R is not assigned a helicopter
2317.51,114,evacuee,,Evacuee;428;in triage state;B;is at the evacuation site
2318.06,3,evacueeManager,,OFF SHIP: White;0;Green;214;Yellow;40;Red;7;Black;239;ON SHIP: White;0;Green;0;Yellow;0;Red;0;Evacuees to Transfer;
2318.06,1036,evacuee,outES,Evacuee 64 in triage category Y is not assigned a helicopter
2318.06,1036,evacuee,,Evacuee;64;in triage state;R;is at the evacuation site
2318.16,3,evacueeManager,,OFF SHIP: White;0;Green;214;Yellow;39;Red;8;Black;239;ON SHIP: White;0;Green;0;Yellow;0;Red;0;Evacuees to Transfer;
2318.16,1515,evacuee,outES,Evacuee 210 in triage category Y is not assigned a helicopter
2318.16,1515,evacuee,,Evacuee;210;in triage state;R;is at the evacuation site
2320.17,3,evacueeManager,,OFF SHIP: White;0;Green;214;Yellow;39;Red;7;Black;240;ON SHIP: White;0;Green;0;Yellow;0;Red;0;Evacuees to Transfer;
2320.17,1036,evacuee,outES,Evacuee 64 in triage category R is not assigned a helicopter
2320.17,1036,evacuee,,Evacuee;64;in triage state;B;is at the evacuation site
2320.49,3,evacueeManager,,OFF SHIP: White;0;Green;214;Yellow;39;Red;6;Black;241;ON SHIP: White;0;Green;0;Yellow;0;Red;0;Evacuees to Transfer;
2320.49,1099,evacuee,outES,Evacuee 144 in triage category R is not assigned a helicopter
2320.49,1099,evacuee,,Evacuee;144;in triage state;B;is at the evacuation site
2322.54,3,evacueeManager,,OFF SHIP: White;0;Green;214;Yellow;38;Red;7;Black;241;ON SHIP: White;0;Green;0;Yellow;0;Red;0;Evacuees to Transfer;
2322.54,1251,evacuee,outES,Evacuee 126 in triage category Y is not assigned a helicopter
2322.54,1251,evacuee,,Evacuee;126;in triage state;R;is at the evacuation site
2322.86,3,evacueeManager,,OFF SHIP: White;0;Green;214;Yellow;38;Red;6;Black;242;ON SHIP: White;0;Green;0;Yellow;0;Red;0;Evacuees to Transfer;
2322.86,1233,evacuee,outES,Evacuee 153 in triage category R is not assigned a helicopter
2322.86,1233,evacuee,,Evacuee;153;in triage state;B;is at the evacuation site
2326.1,3,evacueeManager,,OFF SHIP: White;0;Green;214;Yellow;37;Red;7;Black;242;ON SHIP: White;0;Green;0;Yellow;0;Red;0;Evacuees to Transfer;
2326.1,742,evacuee,outES,Evacuee 14 in triage category Y is not assigned a helicopter
2326.1,742,evacuee,,Evacuee;14;in triage state;R;is at the evacuation site
2328.48,3,evacueeManager,,OFF SHIP: White;0;Green;214;Yellow;36;Red;8;Black;242;ON SHIP: White;0;Green;0;Yellow;0;Red;0;Evacuees to Transfer;
2328.48,751,evacuee,outES,Evacuee 33 in triage category Y is not assigned a helicopter
2328.48,751,evacuee,,Evacuee;33;in triage state;R;is at the evacuation site
2331.67,3,evacueeManager,,OFF SHIP: White;0;Green;214;Yellow;35;Red;9;Black;242;ON SHIP: White;0;Green;0;Yellow;0;Red;0;Evacuees to Transfer;
2331.67,826,evacuee,outES,Evacuee 81 in triage category Y is not assigned a helicopter
2331.67,826,evacuee,,Evacuee;81;in triage state;R;is at the evacuation site
2336.84,3,evacueeManager,,OFF SHIP: White;0;Green;213;Yellow;36;Red;9;Black;242;ON SHIP: White;0;Green;0;Yellow;0;Red;0;Evacuees to Transfer;
2336.84,550,evacuee,outES,Evacuee 235 in triage category G is not assigned a helicopter
2336.84,550,evacuee,,Evacuee;235;in triage state;Y;is at the evacuation site
2350.17,3,evacueeManager,,OFF SHIP: White;0;Green;213;Yellow;35;Red;10;Black;242;ON SHIP: White;0;Green;0;Yellow;0;Red;0;Evacuees to Transfer;
2350.17,1239,evacuee,outES,Evacuee 123 in triage category Y is not assigned a helicopter
2350.17,1239,evacuee,,Evacuee;123;in triage state;R;is at the evacuation site
2356.61,3,evacueeManager,,OFF SHIP: White;0;Green;213;Yellow;35;Red;9;Black;243;ON SHIP: White;0;Green;0;Yellow;0;Red;0;Evacuees to Transfer;
2356.61,1239,evacuee,outES,Evacuee 123 in triage category R is not assigned a helicopter
2356.61,1239,evacuee,,Evacuee;123;in triage state;B;is at the evacuation site
2360.57,3,evacueeManager,,OFF SHIP: White;0;Green;212;Yellow;36;Red;9;Black;243;ON SHIP: White;0;Green;0;Yellow;0;Red;0;Evacuees to Transfer;
2360.57,192,evacuee,outES,Evacuee 382 in triage category G is not assigned a helicopter
2360.57,192,evacuee,,Evacuee;382;in triage state;Y;is at the evacuation site
2363.55,3,evacueeManager,,OFF SHIP: White;0;Green;212;Yellow;35;Red;10;Black;243;ON SHIP: White;0;Green;0;Yellow;0;Red;0;Evacuees to Transfer;
2363.55,616,evacuee,outES,Evacuee 90 in triage category Y is not assigned a helicopter
2363.55,616,evacuee,,Evacuee;90;in triage state;R;is at the evacuation site
2363.98,3,evacueeManager,,OFF SHIP: White;0;Green;212;Yellow;35;Red;9;Black;244;ON SHIP: White;0;Green;0;Yellow;0;Red;0;Evacuees to Transfer;
2363.98,826,evacuee,outES,Evacuee 81 in triage category R is not assigned a helicopter
2363.98,826,evacuee,,Evacuee;81;in triage state;B;is at the evacuation site
2365.08,3,evacueeManager,,OFF SHIP: White;0;Green;212;Yellow;35;Red;8;Black;245;ON SHIP: White;0;Green;0;Yellow;0;Red;0;Evacuees to Transfer;
2365.08,1251,evacuee,outES,Evacuee 126 in triage category R is not assigned a helicopter
2365.08,1251,evacuee,,Evacuee;126;in triage state;B;is at the evacuation site
2365.11,3,evacueeManager,,OFF SHIP: White;0;Green;212;Yellow;34;Red;9;Black;245;ON SHIP: White;0;Green;0;Yellow;0;Red;0;Evacuees to Transfer;
2365.11,964,evacuee,outES,Evacuee 402 in triage category Y is not assigned a helicopter
2365.11,964,evacuee,,Evacuee;402;in triage state;R;is at the evacuation site
2366.1,3,evacueeManager,,OFF SHIP: White;0;Green;212;Yellow;33;Red;10;Black;245;ON SHIP: White;0;Green;0;Yellow;0;Red;0;Evacuees to Transfer;
2366.1,1458,evacuee,outES,Evacuee 267 in triage category Y is not assigned a helicopter
2366.1,1458,evacuee,,Evacuee;267;in triage state;R;is at the evacuation site
2371.95,3,evacueeManager,,OFF SHIP: White;0;Green;211;Yellow;34;Red;10;Black;245;ON SHIP: White;0;Green;0;Yellow;0;Red;0;Evacuees to Transfer;
2371.95,1039,evacuee,outES,Evacuee 429 in triage category G is not assigned a helicopter
2371.95,1039,evacuee,,Evacuee;429;in triage state;Y;is at the evacuation site
2373.95,3,evacueeManager,,OFF SHIP: White;0;Green;210;Yellow;35;Red;10;Black;245;ON SHIP: White;0;Green;0;Yellow;0;Red;0;Evacuees to Transfer;
2373.95,619,evacuee,outES,Evacuee 83 in triage category G is not assigned a helicopter
2373.95,619,evacuee,,Evacuee;83;in triage state;Y;is at the evacuation site
2381.9,3,evacueeManager,,OFF SHIP: White;0;Green;210;Yellow;35;Red;9;Black;246;ON SHIP: White;0;Green;0;Yellow;0;Red;0;Evacuees to Transfer;
2381.9,757,evacuee,outES,Evacuee 9 in triage category R is not assigned a helicopter
2381.9,757,evacuee,,Evacuee;9;in triage state;B;is at the evacuation site
2385.5,3,evacueeManager,,OFF SHIP: White;0;Green;210;Yellow;34;Red;10;Black;246;ON SHIP: White;0;Green;0;Yellow;0;Red;0;Evacuees to Transfer;
2385.5,961,evacuee,outES,Evacuee 209 in triage category Y is not assigned a helicopter
2385.5,961,evacuee,,Evacuee;209;in triage state;R;is at the evacuation site
2386.29,3,evacueeManager,,OFF SHIP: White;0;Green;210;Yellow;34;Red;9;Black;247;ON SHIP: White;0;Green;0;Yellow;0;Red;0;Evacuees to Transfer;
2386.29,964,evacuee,outES,Evacuee 402 in triage category R is not assigned a helicopter
2386.29,964,evacuee,,Evacuee;402;in triage state;B;is at the evacuation site
2391.42,3,evacueeManager,,OFF SHIP: White;0;Green;210;Yellow;33;Red;10;Black;247;ON SHIP: White;0;Green;0;Yellow;0;Red;0;Evacuees to Transfer;
2391.42,1386,evacuee,outES,Evacuee 390 in triage category Y is not assigned a helicopter
2391.42,1386,evacuee,,Evacuee;390;in triage state;R;is at the evacuation site
2392.9,3,evacueeManager,,OFF SHIP: White;0;Green;210;Yellow;32;Red;11;Black;247;ON SHIP: White;0;Green;0;Yellow;0;Red;0;Evacuees to Transfer;
2392.9,108,evacuee,outES,Evacuee 434 in triage category Y is not assigned a helicopter
2392.9,108,evacuee,,Evacuee;434;in triage state;R;is at the evacuation site
2405.12,3,evacueeManager,,OFF SHIP: White;0;Green;210;Yellow;32;Red;10;Black;248;ON SHIP: White;0;Green;0;Yellow;0;Red;0;Evacuees to Transfer;
2405.12,889,evacuee,outES,Evacuee 22 in triage category R is not assigned a helicopter
2405.12,889,evacuee,,Evacuee;22;in triage state;B;is at the evacuation site
2405.34,3,evacueeManager,,OFF SHIP: White;0;Green;209;Yellow;33;Red;10;Black;248;ON SHIP: White;0;Green;0;Yellow;0;Red;0;Evacuees to Transfer;
2405.34,898,evacuee,outES,Evacuee 150 in triage category G is not assigned a helicopter
2405.34,898,evacuee,,Evacuee;150;in triage state;Y;is at the evacuation site
2408.51,3,evacueeManager,,OFF SHIP: White;0;Green;208;Yellow;34;Red;10;Black;248;ON SHIP: White;0;Green;0;Yellow;0;Red;0;Evacuees to Transfer;
2408.51,1323,evacuee,outES,Evacuee 183 in triage category G is not assigned a helicopter
2408.51,1323,evacuee,,Evacuee;183;in triage state;Y;is at the evacuation site
2409,3,evacueeManager,,OFF SHIP: White;0;Green;208;Yellow;34;Red;9;Black;249;ON SHIP: White;0;Green;0;Yellow;0;Red;0;Evacuees to Transfer;
2409,1515,evacuee,outES,Evacuee 210 in triage category R is not assigned a helicopter
2409,1515,evacuee,,Evacuee;210;in triage state;B;is at the evacuation site
2413.59,3,evacueeManager,,OFF SHIP: White;0;Green;207;Yellow;35;Red;9;Black;249;ON SHIP: White;0;Green;0;Yellow;0;Red;0;Evacuees to Transfer;
2413.59,265,evacuee,outES,Evacuee 346 in triage category G is not assigned a helicopter
2413.59,265,evacuee,,Evacuee;346;in triage state;Y;is at the evacuation site
2415.61,3,evacueeManager,,OFF SHIP: White;0;Green;207;Yellow;35;Red;8;Black;250;ON SHIP: White;0;Green;0;Yellow;0;Red;0;Evacuees to Transfer;
2415.61,108,evacuee,outES,Evacuee 434 in triage category R is not assigned a helicopter
2415.61,108,evacuee,,Evacuee;434;in triage state;B;is at the evacuation site
2416.41,3,evacueeManager,,OFF SHIP: White;0;Green;207;Yellow;34;Red;9;Black;250;ON SHIP: White;0;Green;0;Yellow;0;Red;0;Evacuees to Transfer;
2416.41,262,evacuee,outES,Evacuee 348 in triage category Y is not assigned a helicopter
2416.41,262,evacuee,,Evacuee;348;in triage state;R;is at the evacuation site
2418.43,3,evacueeManager,,OFF SHIP: White;0;Green;207;Yellow;34;Red;8;Black;251;ON SHIP: White;0;Green;0;Yellow;0;Red;0;Evacuees to Transfer;
2418.43,1458,evacuee,outES,Evacuee 267 in triage category R is not assigned a helicopter
2418.43,1458,evacuee,,Evacuee;267;in triage state;B;is at the evacuation site
2418.93,3,evacueeManager,,OFF SHIP: White;0;Green;207;Yellow;34;Red;7;Black;252;ON SHIP: White;0;Green;0;Yellow;0;Red;0;Evacuees to Transfer;
2418.93,751,evacuee,outES,Evacuee 33 in triage category R is not assigned a helicopter
2418.93,751,evacuee,,Evacuee;33;in triage state;B;is at the evacuation site
2420.2,3,evacueeManager,,OFF SHIP: White;0;Green;206;Yellow;35;Red;7;Black;252;ON SHIP: White;0;Green;0;Yellow;0;Red;0;Evacuees to Transfer;
2420.2,337,evacuee,outES,Evacuee 443 in triage category G is not assigned a helicopter
2420.2,337,evacuee,,Evacuee;443;in triage state;Y;is at the evacuation site
2420.84,3,evacueeManager,,OFF SHIP: White;0;Green;206;Yellow;34;Red;8;Black;252;ON SHIP: White;0;Green;0;Yellow;0;Red;0;Evacuees to Transfer;
2420.84,1455,evacuee,outES,Evacuee 227 in triage category Y is not assigned a helicopter
2420.84,1455,evacuee,,Evacuee;227;in triage state;R;is at the evacuation site
2427.91,3,evacueeManager,,OFF SHIP: White;0;Green;206;Yellow;33;Red;9;Black;252;ON SHIP: White;0;Green;0;Yellow;0;Red;0;Evacuees to Transfer;
2427.91,1452,evacuee,outES,Evacuee 464 in triage category Y is not assigned a helicopter
2427.91,1452,evacuee,,Evacuee;464;in triage state;R;is at the evacuation site
2440.92,3,evacueeManager,,OFF SHIP: White;0;Green;205;Yellow;34;Red;9;Black;252;ON SHIP: White;0;Green;0;Yellow;0;Red;0;Evacuees to Transfer;
2440.92,1108,evacuee,outES,Evacuee 182 in triage category G is not assigned a helicopter
2440.92,1108,evacuee,,Evacuee;182;in triage state;Y;is at the evacuation site
2451.07,3,evacueeManager,,OFF SHIP: White;0;Green;204;Yellow;35;Red;9;Black;252;ON SHIP: White;0;Green;0;Yellow;0;Red;0;Evacuees to Transfer;
2451.07,829,evacuee,outES,Evacuee 104 in triage category G is not assigned a helicopter
2451.07,829,evacuee,,Evacuee;104;in triage state;Y;is at the evacuation site
2452.06,3,evacueeManager,,OFF SHIP: White;0;Green;204;Yellow;34;Red;10;Black;252;ON SHIP: White;0;Green;0;Yellow;0;Red;0;Evacuees to Transfer;
2452.06,829,evacuee,outES,Evacuee 104 in triage category Y is not assigned a helicopter
2452.06,829,evacuee,,Evacuee;104;in triage state;R;is at the evacuation site
2456.61,3,evacueeManager,,OFF SHIP: White;0;Green;203;Yellow;35;Red;10;Black;252;ON SHIP: White;0;Green;0;Yellow;0;Red;0;Evacuees to Transfer;
2456.61,47,evacuee,outES,Evacuee 475 in triage category G is not assigned a helicopter
2456.61,47,evacuee,,Evacuee;475;in triage state;Y;is at the evacuation site
2458.16,3,evacueeManager,,OFF SHIP: White;0;Green;202;Yellow;36;Red;10;Black;252;ON SHIP: White;0;Green;0;Yellow;0;Red;0;Evacuees to Transfer;
2458.16,1185,evacuee,outES,Evacuee 129 in triage category G is not assigned a helicopter
2458.16,1185,evacuee,,Evacuee;129;in triage state;Y;is at the evacuation site
2459.58,3,evacueeManager,,OFF SHIP: White;0;Green;201;Yellow;37;Red;10;Black;252;ON SHIP: White;0;Green;0;Yellow;0;Red;0;Evacuees to Transfer;
2459.58,1254,evacuee,outES,Evacuee 234 in triage category G is not assigned a helicopter
2459.58,1254,evacuee,,Evacuee;234;in triage state;Y;is at the evacuation site
2468.67,3,evacueeManager,,OFF SHIP: White;0;Green;201;Yellow;36;Red;11;Black;252;ON SHIP: White;0;Green;0;Yellow;0;Red;0;Evacuees to Transfer;
2468.67,171,evacuee,outES,Evacuee 393 in triage category Y is not assigned a helicopter
2468.67,171,evacuee,,Evacuee;393;in triage state;R;is at the evacuation site
2478.75,3,evacueeManager,,OFF SHIP: White;0;Green;201;Yellow;35;Red;12;Black;252;ON SHIP: White;0;Green;0;Yellow;0;Red;0;Evacuees to Transfer;
2478.75,967,evacuee,outES,Evacuee 320 in triage category Y is not assigned a helicopter
2478.75,967,evacuee,,Evacuee;320;in triage state;R;is at the evacuation site
2480.73,3,evacueeManager,,OFF SHIP: White;0;Green;201;Yellow;35;Red;11;Black;253;ON SHIP: White;0;Green;0;Yellow;0;Red;0;Evacuees to Transfer;
2480.73,1386,evacuee,outES,Evacuee 390 in triage category R is not assigned a helicopter
2480.73,1386,evacuee,,Evacuee;390;in triage state;B;is at the evacuation site
2481.1,3,evacueeManager,,OFF SHIP: White;0;Green;201;Yellow;35;Red;10;Black;254;ON SHIP: White;0;Green;0;Yellow;0;Red;0;Evacuees to Transfer;
2481.1,331,evacuee,outES,Evacuee 446 in triage category R is not assigned a helicopter
2481.1,331,evacuee,,Evacuee;446;in triage state;B;is at the evacuation site
2491.18,3,evacueeManager,,OFF SHIP: White;0;Green;201;Yellow;35;Red;9;Black;255;ON SHIP: White;0;Green;0;Yellow;0;Red;0;Evacuees to Transfer;
2491.18,1452,evacuee,outES,Evacuee 464 in triage category R is not assigned a helicopter
2491.18,1452,evacuee,,Evacuee;464;in triage state;B;is at the evacuation site
2497.34,3,evacueeManager,,OFF SHIP: White;0;Green;201;Yellow;34;Red;10;Black;255;ON SHIP: White;0;Green;0;Yellow;0;Red;0;Evacuees to Transfer;
2497.34,47,evacuee,outES,Evacuee 475 in triage category Y is not assigned a helicopter
2497.34,47,evacuee,,Evacuee;475;in triage state;R;is at the evacuation site
2499.55,3,evacueeManager,,OFF SHIP: White;0;Green;201;Yellow;34;Red;9;Black;256;ON SHIP: White;0;Green;0;Yellow;0;Red;0;Evacuees to Transfer;
2499.55,183,evacuee,outES,Evacuee 430 in triage category R is not assigned a helicopter
2499.55,183,evacuee,,Evacuee;430;in triage state;B;is at the evacuation site
2502.52,3,evacueeManager,,OFF SHIP: White;0;Green;200;Yellow;35;Red;9;Black;256;ON SHIP: White;0;Green;0;Yellow;0;Red;0;Evacuees to Transfer;
2502.52,481,evacuee,outES,Evacuee 386 in triage category G is not assigned a helicopter
2502.52,481,evacuee,,Evacuee;386;in triage state;Y;is at the evacuation site
2503.42,3,evacueeManager,,OFF SHIP: White;0;Green;200;Yellow;35;Red;8;Black;257;ON SHIP: White;0;Green;0;Yellow;0;Red;0;Evacuees to Transfer;
2503.42,742,evacuee,outES,Evacuee 14 in triage category R is not assigned a helicopter
2503.42,742,evacuee,,Evacuee;14;in triage state;B;is at the evacuation site
2506.58,3,evacueeManager,,OFF SHIP: White;0;Green;199;Yellow;36;Red;8;Black;257;ON SHIP: White;0;Green;0;Yellow;0;Red;0;Evacuees to Transfer;
2506.58,1461,evacuee,outES,Evacuee 73 in triage category G is not assigned a helicopter
2506.58,1461,evacuee,,Evacuee;73;in triage state;Y;is at the evacuation site
2509.65,3,evacueeManager,,OFF SHIP: White;0;Green;199;Yellow;35;Red;9;Black;257;ON SHIP: White;0;Green;0;Yellow;0;Red;0;Evacuees to Transfer;
2509.65,1245,evacuee,outES,Evacuee 161 in triage category Y is not assigned a helicopter
2509.65,1245,evacuee,,Evacuee;161;in triage state;R;is at the evacuation site
2516.84,3,evacueeManager,,OFF SHIP: White;0;Green;198;Yellow;36;Red;9;Black;257;ON SHIP: White;0;Green;0;Yellow;0;Red;0;Evacuees to Transfer;
2516.84,123,evacuee,outES,Evacuee 420 in triage category G is not assigned a helicopter
2516.84,123,evacuee,,Evacuee;420;in triage state;Y;is at the evacuation site
2522.64,3,evacueeManager,,OFF SHIP: White;0;Green;197;Yellow;37;Red;9;Black;257;ON SHIP: White;0;Green;0;Yellow;0;Red;0;Evacuees to Transfer;
2522.64,409,evacuee,outES,Evacuee 333 in triage category G is not assigned a helicopter
2522.64,409,evacuee,,Evacuee;333;in triage state;Y;is at the evacuation site
2528.85,3,evacueeManager,,OFF SHIP: White;0;Green;196;Yellow;38;Red;9;Black;257;ON SHIP: White;0;Green;0;Yellow;0;Red;0;Evacuees to Transfer;
2528.85,970,evacuee,outES,Evacuee 116 in triage category G is not assigned a helicopter
2528.85,970,evacuee,,Evacuee;116;in triage state;Y;is at the evacuation site
2534.47,3,evacueeManager,,OFF SHIP: White;0;Green;196;Yellow;37;Red;10;Black;257;ON SHIP: White;0;Green;0;Yellow;0;Red;0;Evacuees to Transfer;
2534.47,1461,evacuee,outES,Evacuee 73 in triage category Y is not assigned a helicopter
2534.47,1461,evacuee,,Evacuee;73;in triage state;R;is at the evacuation site
2534.58,3,evacueeManager,,OFF SHIP: White;0;Green;196;Yellow;36;Red;11;Black;257;ON SHIP: White;0;Green;0;Yellow;0;Red;0;Evacuees to Transfer;
2534.58,1069,evacuee,outES,Evacuee 91 in triage category Y is not assigned a helicopter
2534.58,1069,evacuee,,Evacuee;91;in triage state;R;is at the evacuation site
2539.86,3,evacueeManager,,OFF SHIP: White;0;Green;196;Yellow;35;Red;12;Black;257;ON SHIP: White;0;Green;0;Yellow;0;Red;0;Evacuees to Transfer;
2539.86,382,evacuee,outES,Evacuee 288 in triage category Y is not assigned a helicopter
2539.86,382,evacuee,,Evacuee;288;in triage state;R;is at the evacuation site
2540.02,3,evacueeManager,,OFF SHIP: White;0;Green;196;Yellow;34;Red;13;Black;257;ON SHIP: White;0;Green;0;Yellow;0;Red;0;Evacuees to Transfer;
2540.02,682,evacuee,outES,Evacuee 440 in triage category Y is not assigned a helicopter
2540.02,682,evacuee,,Evacuee;440;in triage state;R;is at the evacuation site
2542.86,3,evacueeManager,,OFF SHIP: White;0;Green;196;Yellow;34;Red;12;Black;258;ON SHIP: White;0;Green;0;Yellow;0;Red;0;Evacuees to Transfer;
2542.86,1245,evacuee,outES,Evacuee 161 in triage category R is not assigned a helicopter
2542.86,1245,evacuee,,Evacuee;161;in triage state;B;is at the evacuation site
2544.61,3,evacueeManager,,OFF SHIP: White;0;Green;196;Yellow;34;Red;11;Black;259;ON SHIP: White;0;Green;0;Yellow;0;Red;0;Evacuees to Transfer;
2544.61,829,evacuee,outES,Evacuee 104 in triage category R is not assigned a helicopter
2544.61,829,evacuee,,Evacuee;104;in triage state;B;is at the evacuation site
2545.3,3,evacueeManager,,OFF SHIP: White;0;Green;196;Yellow;34;Red;10;Black;260;ON SHIP: White;0;Green;0;Yellow;0;Red;0;Evacuees to Transfer;
2545.3,382,evacuee,outES,Evacuee 288 in triage category R is not assigned a helicopter
2545.3,382,evacuee,,Evacuee;288;in triage state;B;is at the evacuation site
2548.5,3,evacueeManager,,OFF SHIP: White;0;Green;195;Yellow;35;Red;10;Black;260;ON SHIP: White;0;Green;0;Yellow;0;Red;0;Evacuees to Transfer;
2548.5,1392,evacuee,outES,Evacuee 275 in triage category G is not assigned a helicopter
2548.5,1392,evacuee,,Evacuee;275;in triage state;Y;is at the evacuation site
2549.08,3,evacueeManager,,OFF SHIP: White;0;Green;195;Yellow;35;Red;9;Black;261;ON SHIP: White;0;Green;0;Yellow;0;Red;0;Evacuees to Transfer;
2549.08,961,evacuee,outES,Evacuee 209 in triage category R is not assigned a helicopter
2549.08,961,evacuee,,Evacuee;209;in triage state;B;is at the evacuation site
2559.38,3,evacueeManager,,OFF SHIP: White;0;Green;195;Yellow;35;Red;8;Black;262;ON SHIP: White;0;Green;0;Yellow;0;Red;0;Evacuees to Transfer;
2559.38,682,evacuee,outES,Evacuee 440 in triage category R is not assigned a helicopter
2559.38,682,evacuee,,Evacuee;440;in triage state;B;is at the evacuation site
2560.85,3,evacueeManager,,OFF SHIP: White;0;Green;195;Yellow;35;Red;7;Black;263;ON SHIP: White;0;Green;0;Yellow;0;Red;0;Evacuees to Transfer;
2560.85,1461,evacuee,outES,Evacuee 73 in triage category R is not assigned a helicopter
2560.85,1461,evacuee,,Evacuee;73;in triage state;B;is at the evacuation site
2561.18,3,evacueeManager,,OFF SHIP: White;0;Green;194;Yellow;36;Red;7;Black;263;ON SHIP: White;0;Green;0;Yellow;0;Red;0;Evacuees to Transfer;
2561.18,691,evacuee,outES,Evacuee 74 in triage category G is not assigned a helicopter
2561.18,691,evacuee,,Evacuee;74;in triage state;Y;is at the evacuation site
2568.66,3,evacueeManager,,OFF SHIP: White;0;Green;194;Yellow;36;Red;6;Black;264;ON SHIP: White;0;Green;0;Yellow;0;Red;0;Evacuees to Transfer;
2568.66,1069,evacuee,outES,Evacuee 91 in triage category R is not assigned a helicopter
2568.66,1069,evacuee,,Evacuee;91;in triage state;B;is at the evacuation site
2569.71,3,evacueeManager,,OFF SHIP: White;0;Green;194;Yellow;35;Red;7;Black;264;ON SHIP: White;0;Green;0;Yellow;0;Red;0;Evacuees to Transfer;
2569.71,406,evacuee,outES,Evacuee 280 in triage category Y is not assigned a helicopter
2569.71,406,evacuee,,Evacuee;280;in triage state;R;is at the evacuation site
2573.23,3,evacueeManager,,OFF SHIP: White;0;Green;194;Yellow;35;Red;6;Black;265;ON SHIP: White;0;Green;0;Yellow;0;Red;0;Evacuees to Transfer;
2573.23,262,evacuee,outES,Evacuee 348 in triage category R is not assigned a helicopter
2573.23,262,evacuee,,Evacuee;348;in triage state;B;is at the evacuation site
2573.65,3,evacueeManager,,OFF SHIP: White;0;Green;193;Yellow;36;Red;6;Black;265;ON SHIP: White;0;Green;0;Yellow;0;Red;0;Evacuees to Transfer;
2573.65,760,evacuee,outES,Evacuee 25 in triage category G is not assigned a helicopter
2573.65,760,evacuee,,Evacuee;25;in triage state;Y;is at the evacuation site
2574.79,3,evacueeManager,,OFF SHIP: White;0;Green;193;Yellow;35;Red;7;Black;265;ON SHIP: White;0;Green;0;Yellow;0;Red;0;Evacuees to Transfer;
2574.79,1185,evacuee,outES,Evacuee 129 in triage category Y is not assigned a helicopter
2574.79,1185,evacuee,,Evacuee;129;in triage state;R;is at the evacuation site
2588.09,3,evacueeManager,,OFF SHIP: White;0;Green;193;Yellow;34;Red;8;Black;265;ON SHIP: White;0;Green;0;Yellow;0;Red;0;Evacuees to Transfer;
2588.09,334,evacuee,outES,Evacuee 313 in triage category Y is not assigned a helicopter
2588.09,334,evacuee,,Evacuee;313;in triage state;R;is at the evacuation site
2595.42,3,evacueeManager,,OFF SHIP: White;0;Green;193;Yellow;33;Red;9;Black;265;ON SHIP: White;0;Green;0;Yellow;0;Red;0;Evacuees to Transfer;
2595.42,820,evacuee,outES,Evacuee 71 in triage category Y is not assigned a helicopter
2595.42,820,evacuee,,Evacuee;71;in triage state;R;is at the evacuation site
2611.24,3,evacueeManager,,OFF SHIP: White;0;Green;193;Yellow;33;Red;8;Black;266;ON SHIP: White;0;Green;0;Yellow;0;Red;0;Evacuees to Transfer;
2611.24,334,evacuee,outES,Evacuee 313 in triage category R is not assigned a helicopter
2611.24,334,evacuee,,Evacuee;313;in triage state;B;is at the evacuation site
2616.86,3,evacueeManager,,OFF SHIP: White;0;Green;193;Yellow;33;Red;7;Black;267;ON SHIP: White;0;Green;0;Yellow;0;Red;0;Evacuees to Transfer;
2616.86,967,evacuee,outES,Evacuee 320 in triage category R is not assigned a helicopter
2616.86,967,evacuee,,Evacuee;320;in triage state;B;is at the evacuation site
2619.15,3,evacueeManager,,OFF SHIP: White;0;Green;192;Yellow;34;Red;7;Black;267;ON SHIP: White;0;Green;0;Yellow;0;Red;0;Evacuees to Transfer;
2619.15,553,evacuee,outES,Evacuee 105 in triage category G is not assigned a helicopter
2619.15,553,evacuee,,Evacuee;105;in triage state;Y;is at the evacuation site
2621.38,3,evacueeManager,,OFF SHIP: White;0;Green;192;Yellow;33;Red;8;Black;267;ON SHIP: White;0;Green;0;Yellow;0;Red;0;Evacuees to Transfer;
2621.38,619,evacuee,outES,Evacuee 83 in triage category Y is not assigned a helicopter
2621.38,619,evacuee,,Evacuee;83;in triage state;R;is at the evacuation site
2633.67,3,evacueeManager,,OFF SHIP: White;0;Green;192;Yellow;32;Red;9;Black;267;ON SHIP: White;0;Green;0;Yellow;0;Red;0;Evacuees to Transfer;
2633.67,1392,evacuee,outES,Evacuee 275 in triage category Y is not assigned a helicopter
2633.67,1392,evacuee,,Evacuee;275;in triage state;R;is at the evacuation site
2642.31,3,evacueeManager,,OFF SHIP: White;0;Green;192;Yellow;31;Red;10;Black;267;ON SHIP: White;0;Green;0;Yellow;0;Red;0;Evacuees to Transfer;
2642.31,550,evacuee,outES,Evacuee 235 in triage category Y is not assigned a helicopter
2642.31,550,evacuee,,Evacuee;235;in triage state;R;is at the evacuation site
2650.46,3,evacueeManager,,OFF SHIP: White;0;Green;192;Yellow;30;Red;11;Black;267;ON SHIP: White;0;Green;0;Yellow;0;Red;0;Evacuees to Transfer;
2650.46,1039,evacuee,outES,Evacuee 429 in triage category Y is not assigned a helicopter
2650.46,1039,evacuee,,Evacuee;429;in triage state;R;is at the evacuation site
2655.08,3,evacueeManager,,OFF SHIP: White;0;Green;192;Yellow;29;Red;12;Black;267;ON SHIP: White;0;Green;0;Yellow;0;Red;0;Evacuees to Transfer;
2655.08,754,evacuee,outES,Evacuee 271 in triage category Y is not assigned a helicopter
2655.08,754,evacuee,,Evacuee;271;in triage state;R;is at the evacuation site
2656.65,3,evacueeManager,,OFF SHIP: White;0;Green;191;Yellow;30;Red;12;Black;267;ON SHIP: White;0;Green;0;Yellow;0;Red;0;Evacuees to Transfer;
2656.65,195,evacuee,outES,Evacuee 381 in triage category G is not assigned a helicopter
2656.65,195,evacuee,,Evacuee;381;in triage state;Y;is at the evacuation site
2661.43,3,evacueeManager,,OFF SHIP: White;0;Green;191;Yellow;30;Red;11;Black;268;ON SHIP: White;0;Green;0;Yellow;0;Red;0;Evacuees to Transfer;
2661.43,1039,evacuee,outES,Evacuee 429 in triage category R is not assigned a helicopter
2661.43,1039,evacuee,,Evacuee;429;in triage state;B;is at the evacuation site
2665.8,3,evacueeManager,,OFF SHIP: White;0;Green;190;Yellow;31;Red;11;Black;268;ON SHIP: White;0;Green;0;Yellow;0;Red;0;Evacuees to Transfer;
2665.8,622,evacuee,outES,Evacuee 127 in triage category G is not assigned a helicopter
2665.8,622,evacuee,,Evacuee;127;in triage state;Y;is at the evacuation site
2675.41,3,evacueeManager,,OFF SHIP: White;0;Green;190;Yellow;30;Red;12;Black;268;ON SHIP: White;0;Green;0;Yellow;0;Red;0;Evacuees to Transfer;
2675.41,691,evacuee,outES,Evacuee 74 in triage category Y is not assigned a helicopter
2675.41,691,evacuee,,Evacuee;74;in triage state;R;is at the evacuation site
2679.6,3,evacueeManager,,OFF SHIP: White;0;Green;190;Yellow;30;Red;11;Black;269;ON SHIP: White;0;Green;0;Yellow;0;Red;0;Evacuees to Transfer;
2679.6,820,evacuee,outES,Evacuee 71 in triage category R is not assigned a helicopter
2679.6,820,evacuee,,Evacuee;71;in triage state;B;is at the evacuation site
2682.26,3,evacueeManager,,OFF SHIP: White;0;Green;190;Yellow;30;Red;10;Black;270;ON SHIP: White;0;Green;0;Yellow;0;Red;0;Evacuees to Transfer;
2682.26,1392,evacuee,outES,Evacuee 275 in triage category R is not assigned a helicopter
2682.26,1392,evacuee,,Evacuee;275;in triage state;B;is at the evacuation site
2682.9,3,evacueeManager,,OFF SHIP: White;0;Green;190;Yellow;30;Red;9;Black;271;ON SHIP: White;0;Green;0;Yellow;0;Red;0;Evacuees to Transfer;
2682.9,47,evacuee,outES,Evacuee 475 in triage category R is not assigned a helicopter
2682.9,47,evacuee,,Evacuee;475;in triage state;B;is at the evacuation site
2686.87,3,evacueeManager,,OFF SHIP: White;0;Green;190;Yellow;29;Red;10;Black;271;ON SHIP: White;0;Green;0;Yellow;0;Red;0;Evacuees to Transfer;
2686.87,478,evacuee,outES,Evacuee 121 in triage category Y is not assigned a helicopter
2686.87,478,evacuee,,Evacuee;121;in triage state;R;is at the evacuation site
2690.19,3,evacueeManager,,OFF SHIP: White;0;Green;190;Yellow;29;Red;9;Black;272;ON SHIP: White;0;Green;0;Yellow;0;Red;0;Evacuees to Transfer;
2690.19,754,evacuee,outES,Evacuee 271 in triage category R is not assigned a helicopter
2690.19,754,evacuee,,Evacuee;271;in triage state;B;is at the evacuation site
2690.21,3,evacueeManager,,OFF SHIP: White;0;Green;190;Yellow;29;Red;8;Black;273;ON SHIP: White;0;Green;0;Yellow;0;Red;0;Evacuees to Transfer;
2690.21,1455,evacuee,outES,Evacuee 227 in triage category R is not assigned a helicopter
2690.21,1455,evacuee,,Evacuee;227;in triage state;B;is at the evacuation site
2691.35,3,evacueeManager,,OFF SHIP: White;0;Green;190;Yellow;28;Red;9;Black;273;ON SHIP: White;0;Green;0;Yellow;0;Red;0;Evacuees to Transfer;
2691.35,685,evacuee,outES,Evacuee 76 in triage category Y is not assigned a helicopter
2691.35,685,evacuee,,Evacuee;76;in triage state;R;is at the evacuation site
2697.88,3,evacueeManager,,OFF SHIP: White;0;Green;189;Yellow;29;Red;9;Black;273;ON SHIP: White;0;Green;0;Yellow;0;Red;0;Evacuees to Transfer;
2697.88,1042,evacuee,outES,Evacuee 102 in triage category G is not assigned a helicopter
2697.88,1042,evacuee,,Evacuee;102;in triage state;Y;is at the evacuation site
2700.17,3,evacueeManager,,OFF SHIP: White;0;Green;189;Yellow;29;Red;8;Black;274;ON SHIP: White;0;Green;0;Yellow;0;Red;0;Evacuees to Transfer;
2700.17,619,evacuee,outES,Evacuee 83 in triage category R is not assigned a helicopter
2700.17,619,evacuee,,Evacuee;83;in triage state;B;is at the evacuation site
2706.31,3,evacueeManager,,OFF SHIP: White;0;Green;188;Yellow;30;Red;8;Black;274;ON SHIP: White;0;Green;0;Yellow;0;Red;0;Evacuees to Transfer;
2706.31,901,evacuee,outES,Evacuee 119 in triage category G is not assigned a helicopter
2706.31,901,evacuee,,Evacuee;119;in triage state;Y;is at the evacuation site
2709.69,3,evacueeManager,,OFF SHIP: White;0;Green;187;Yellow;31;Red;8;Black;274;ON SHIP: White;0;Green;0;Yellow;0;Red;0;Evacuees to Transfer;
2709.69,268,evacuee,outES,Evacuee 341 in triage category G is not assigned a helicopter
2709.69,268,evacuee,,Evacuee;341;in triage state;Y;is at the evacuation site
2709.83,3,evacueeManager,,OFF SHIP: White;0;Green;186;Yellow;32;Red;8;Black;274;ON SHIP: White;0;Green;0;Yellow;0;Red;0;Evacuees to Transfer;
2709.83,1326,evacuee,outES,Evacuee 184 in triage category G is not assigned a helicopter
2709.83,1326,evacuee,,Evacuee;184;in triage state;Y;is at the evacuation site
2711.24,3,evacueeManager,,OFF SHIP: White;0;Green;185;Yellow;33;Red;8;Black;274;ON SHIP: White;0;Green;0;Yellow;0;Red;0;Evacuees to Transfer;
2711.24,340,evacuee,outES,Evacuee 312 in triage category G is not assigned a helicopter
2711.24,340,evacuee,,Evacuee;312;in triage state;Y;is at the evacuation site
2732.14,3,evacueeManager,,OFF SHIP: White;0;Green;185;Yellow;32;Red;9;Black;274;ON SHIP: White;0;Green;0;Yellow;0;Red;0;Evacuees to Transfer;
2732.14,679,evacuee,outES,Evacuee 454 in triage category Y is not assigned a helicopter
2732.14,679,evacuee,,Evacuee;454;in triage state;R;is at the evacuation site
2733.12,3,evacueeManager,,OFF SHIP: White;0;Green;185;Yellow;32;Red;8;Black;275;ON SHIP: White;0;Green;0;Yellow;0;Red;0;Evacuees to Transfer;
2733.12,616,evacuee,outES,Evacuee 90 in triage category R is not assigned a helicopter
2733.12,616,evacuee,,Evacuee;90;in triage state;B;is at the evacuation site
2733.74,3,evacueeManager,,OFF SHIP: White;0;Green;184;Yellow;33;Red;8;Black;275;ON SHIP: White;0;Green;0;Yellow;0;Red;0;Evacuees to Transfer;
2733.74,832,evacuee,outES,Evacuee 40 in triage category G is not assigned a helicopter
2733.74,832,evacuee,,Evacuee;40;in triage state;Y;is at the evacuation site
2739.45,3,evacueeManager,,OFF SHIP: White;0;Green;184;Yellow;33;Red;7;Black;276;ON SHIP: White;0;Green;0;Yellow;0;Red;0;Evacuees to Transfer;
2739.45,1185,evacuee,outES,Evacuee 129 in triage category R is not assigned a helicopter
2739.45,1185,evacuee,,Evacuee;129;in triage state;B;is at the evacuation site
2740.31,3,evacueeManager,,OFF SHIP: White;0;Green;184;Yellow;32;Red;8;Black;276;ON SHIP: White;0;Green;0;Yellow;0;Red;0;Evacuees to Transfer;
2740.31,622,evacuee,outES,Evacuee 127 in triage category Y is not assigned a helicopter
2740.31,622,evacuee,,Evacuee;127;in triage state;R;is at the evacuation site
2745.69,3,evacueeManager,,OFF SHIP: White;0;Green;183;Yellow;33;Red;8;Black;276;ON SHIP: White;0;Green;0;Yellow;0;Red;0;Evacuees to Transfer;
2745.69,50,evacuee,outES,Evacuee 472 in triage category G is not assigned a helicopter
2745.69,50,evacuee,,Evacuee;472;in triage state;Y;is at the evacuation site
2752.82,3,evacueeManager,,OFF SHIP: White;0;Green;183;Yellow;33;Red;7;Black;277;ON SHIP: White;0;Green;0;Yellow;0;Red;0;Evacuees to Transfer;
2752.82,679,evacuee,outES,Evacuee 454 in triage category R is not assigned a helicopter
2752.82,679,evacuee,,Evacuee;454;in triage state;B;is at the evacuation site
2763.31,3,evacueeManager,,OFF SHIP: White;0;Green;183;Yellow;32;Red;8;Black;277;ON SHIP: White;0;Green;0;Yellow;0;Red;0;Evacuees to Transfer;
2763.31,123,evacuee,outES,Evacuee 420 in triage category Y is not assigned a helicopter
2763.31,123,evacuee,,Evacuee;420;in triage state;R;is at the evacuation site
2765.01,3,evacueeManager,,OFF SHIP: White;0;Green;182;Yellow;33;Red;8;Black;277;ON SHIP: White;0;Green;0;Yellow;0;Red;0;Evacuees to Transfer;
2765.01,1188,evacuee,outES,Evacuee 308 in triage category G is not assigned a helicopter
2765.01,1188,evacuee,,Evacuee;308;in triage state;Y;is at the evacuation site
2766.59,3,evacueeManager,,OFF SHIP: White;0;Green;181;Yellow;34;Red;8;Black;277;ON SHIP: White;0;Green;0;Yellow;0;Red;0;Evacuees to Transfer;
2766.59,1257,evacuee,outES,Evacuee 162 in triage category G is not assigned a helicopter
2766.59,1257,evacuee,,Evacuee;162;in triage state;Y;is at the evacuation site
2771.29,3,evacueeManager,,OFF SHIP: White;0;Green;181;Yellow;34;Red;7;Black;278;ON SHIP: White;0;Green;0;Yellow;0;Red;0;Evacuees to Transfer;
2771.29,550,evacuee,outES,Evacuee 235 in triage category R is not assigned a helicopter
2771.29,550,evacuee,,Evacuee;235;in triage state;B;is at the evacuation site
2779.54,3,evacueeManager,,OFF SHIP: White;0;Green;181;Yellow;34;Red;6;Black;279;ON SHIP: White;0;Green;0;Yellow;0;Red;0;Evacuees to Transfer;
2779.54,622,evacuee,outES,Evacuee 127 in triage category R is not assigned a helicopter
2779.54,622,evacuee,,Evacuee;127;in triage state;B;is at the evacuation site
2793.2,3,evacueeManager,,OFF SHIP: White;0;Green;181;Yellow;33;Red;7;Black;279;ON SHIP: White;0;Green;0;Yellow;0;Red;0;Evacuees to Transfer;
2793.2,409,evacuee,outES,Evacuee 333 in triage category Y is not assigned a helicopter
2793.2,409,evacuee,,Evacuee;333;in triage state;R;is at the evacuation site
2801.99,3,evacueeManager,,OFF SHIP: White;0;Green;181;Yellow;32;Red;8;Black;279;ON SHIP: White;0;Green;0;Yellow;0;Red;0;Evacuees to Transfer;
2801.99,117,evacuee,outES,Evacuee 426 in triage category Y is not assigned a helicopter
2801.99,117,evacuee,,Evacuee;426;in triage state;R;is at the evacuation site
2805,1161,helicopter,,Helicopter;1;Is going to the evacuation site;;and has;0;spots taken
2810.12,3,evacueeManager,,OFF SHIP: White;0;Green;181;Yellow;32;Red;7;Black;280;ON SHIP: White;0;Green;0;Yellow;0;Red;0;Evacuees to Transfer;
2810.12,123,evacuee,outES,Evacuee 420 in triage category R is not assigned a helicopter
2810.12,123,evacuee,,Evacuee;420;in triage state;B;is at the evacuation site
2812.35,3,evacueeManager,,OFF SHIP: White;0;Green;180;Yellow;33;Red;7;Black;280;ON SHIP: White;0;Green;0;Yellow;0;Red;0;Evacuees to Transfer;
2812.35,126,evacuee,outES,Evacuee 419 in triage category G is not assigned a helicopter
2812.35,126,evacuee,,Evacuee;419;in triage state;Y;is at the evacuation site
2814.4,3,evacueeManager,,OFF SHIP: White;0;Green;179;Yellow;34;Red;7;Black;280;ON SHIP: White;0;Green;0;Yellow;0;Red;0;Evacuees to Transfer;
2814.4,484,evacuee,outES,Evacuee 117 in triage category G is not assigned a helicopter
2814.4,484,evacuee,,Evacuee;117;in triage state;Y;is at the evacuation site
2816.1,3,evacueeManager,,OFF SHIP: White;0;Green;179;Yellow;33;Red;8;Black;280;ON SHIP: White;0;Green;0;Yellow;0;Red;0;Evacuees to Transfer;
2816.1,898,evacuee,outES,Evacuee 150 in triage category Y is not assigned a helicopter
2816.1,898,evacuee,,Evacuee;150;in triage state;R;is at the evacuation site
2818.78,3,evacueeManager,,OFF SHIP: White;0;Green;178;Yellow;34;Red;8;Black;280;ON SHIP: White;0;Green;0;Yellow;0;Red;0;Evacuees to Transfer;
2818.78,412,evacuee,outES,Evacuee 279 in triage category G is not assigned a helicopter
2818.78,412,evacuee,,Evacuee;279;in triage state;Y;is at the evacuation site
2818.93,3,evacueeManager,,OFF SHIP: White;0;Green;177;Yellow;35;Red;8;Black;280;ON SHIP: White;0;Green;0;Yellow;0;Red;0;Evacuees to Transfer;
2818.93,1464,evacuee,outES,Evacuee 233 in triage category G is not assigned a helicopter
2818.93,1464,evacuee,,Evacuee;233;in triage state;Y;is at the evacuation site
2819.66,3,evacueeManager,,OFF SHIP: White;0;Green;176;Yellow;36;Red;8;Black;280;ON SHIP: White;0;Green;0;Yellow;0;Red;0;Evacuees to Transfer;
2819.66,973,evacuee,outES,Evacuee 61 in triage category G is not assigned a helicopter
2819.66,973,evacuee,,Evacuee;61;in triage state;Y;is at the evacuation site
2820.18,3,evacueeManager,,OFF SHIP: White;0;Green;176;Yellow;35;Red;9;Black;280;ON SHIP: White;0;Green;0;Yellow;0;Red;0;Evacuees to Transfer;
2820.18,195,evacuee,outES,Evacuee 381 in triage category Y is not assigned a helicopter
2820.18,195,evacuee,,Evacuee;381;in triage state;R;is at the evacuation site
2829.43,3,evacueeManager,,OFF SHIP: White;0;Green;176;Yellow;34;Red;10;Black;280;ON SHIP: White;0;Green;0;Yellow;0;Red;0;Evacuees to Transfer;
2829.43,120,evacuee,outES,Evacuee 423 in triage category Y is not assigned a helicopter
2829.43,120,evacuee,,Evacuee;423;in triage state;R;is at the evacuation site
2833.56,3,evacueeManager,,OFF SHIP: White;0;Green;176;Yellow;34;Red;9;Black;281;ON SHIP: White;0;Green;0;Yellow;0;Red;0;Evacuees to Transfer;
2833.56,409,evacuee,outES,Evacuee 333 in triage category R is not assigned a helicopter
2833.56,409,evacuee,,Evacuee;333;in triage state;B;is at the evacuation site
2846.64,3,evacueeManager,,OFF SHIP: White;0;Green;176;Yellow;33;Red;10;Black;281;ON SHIP: White;0;Green;0;Yellow;0;Red;0;Evacuees to Transfer;
2846.64,126,evacuee,outES,Evacuee 419 in triage category Y is not assigned a helicopter
2846.64,126,evacuee,,Evacuee;419;in triage state;R;is at the evacuation site
2846.76,3,evacueeManager,,OFF SHIP: White;0;Green;176;Yellow;32;Red;11;Black;281;ON SHIP: White;0;Green;0;Yellow;0;Red;0;Evacuees to Transfer;
2846.76,50,evacuee,outES,Evacuee 472 in triage category Y is not assigned a helicopter
2846.76,50,evacuee,,Evacuee;472;in triage state;R;is at the evacuation site
2848.56,3,evacueeManager,,OFF SHIP: White;0;Green;176;Yellow;31;Red;12;Black;281;ON SHIP: White;0;Green;0;Yellow;0;Red;0;Evacuees to Transfer;
2848.56,44,evacuee,outES,Evacuee 476 in triage category Y is not assigned a helicopter
2848.56,44,evacuee,,Evacuee;476;in triage state;R;is at the evacuation site
2861.11,3,evacueeManager,,OFF SHIP: White;0;Green;176;Yellow;31;Red;11;Black;282;ON SHIP: White;0;Green;0;Yellow;0;Red;0;Evacuees to Transfer;
2861.11,685,evacuee,outES,Evacuee 76 in triage category R is not assigned a helicopter
2861.11,685,evacuee,,Evacuee;76;in triage state;B;is at the evacuation site
2861.79,3,evacueeManager,,OFF SHIP: White;0;Green;176;Yellow;31;Red;10;Black;283;ON SHIP: White;0;Green;0;Yellow;0;Red;0;Evacuees to Transfer;
2861.79,120,evacuee,outES,Evacuee 423 in triage category R is not assigned a helicopter
2861.79,120,evacuee,,Evacuee;423;in triage state;B;is at the evacuation site
2865,1121,helicopter,,Helicopter;2;Is going to the evacuation site;;and has;0;spots taken
2877.91,3,evacueeManager,,OFF SHIP: White;0;Green;175;Yellow;32;Red;10;Black;283;ON SHIP: White;0;Green;0;Yellow;0;Red;0;Evacuees to Transfer;
2877.91,1395,evacuee,outES,Evacuee 205 in triage category G is not assigned a helicopter
2877.91,1395,evacuee,,Evacuee;205;in triage state;Y;is at the evacuation site
2879.06,3,evacueeManager,,OFF SHIP: White;0;Green;175;Yellow;32;Red;9;Black;284;ON SHIP: White;0;Green;0;Yellow;0;Red;0;Evacuees to Transfer;
2879.06,126,evacuee,outES,Evacuee 419 in triage category R is not assigned a helicopter
2879.06,126,evacuee,,Evacuee;419;in triage state;B;is at the evacuation site
2880,5,helicopterQueue,,1;Helos are waiting to land;HeloID;1
2880,1161,helicopter,outES,Helicopter 1 is evacuating people1
2880,1161,helicopter,,Helicopter;1;is waiting to land at the evacuation site;;and has;0;spots taken
2880,4,helipadManager,,;No helos are at ES
2880,5,helicopterQueue,outHM,Helicopter 1 is evacuating people1
2880,5,helicopterQueue,outHelo,Helicopter 1 is evacuating people1
2880,5,helicopterQueue,,;No helos are waiting to land
2880,104,filterES,,
2880,1120,filterES,,
2880,1160,filterES,,Helicopter;1;is evacuating people
2880,3,evacueeManager,,OFF SHIP: White;0;Green;165;Yellow;32;Red;9;Black;284;ON SHIP: White;0;Green;0;Yellow;0;Red;0;Evacuees to Transfer;;EvacueeID;3;HeloID;1;OnShip;0;Triage Status;G;EvacueeID;5;HeloID;1;OnShip;0;Triage Status;G;EvacueeID;6;HeloID;1;OnShip;0;Triage Status;G;EvacueeID;7;HeloID;1;OnShip;0;Triage Status;G;EvacueeID;8;HeloID;1;OnShip;0;Triage Status;G;EvacueeID;16;HeloID;1;OnShip;0;Triage Status;G;EvacueeID;20;HeloID;1;OnShip;0;Triage Status;G;EvacueeID;21;HeloID;1;OnShip;0;Triage Status;G;EvacueeID;27;HeloID;1;OnShip;0;Triage Status;G;EvacueeID;35;HeloID;1;OnShip;0;Triage Status;G
2880,4,helipadManager,outEM,Helicopter 1 is evacuating people1
2880,4,helipadManager,,Helo;1;is at the ES
2880,1160,filterES,out,Helicopter 1 is evacuating people1
2880,1160,filterES,,
2880,1161,helicopter,,Helicopter;1;is waiting to land at the evacuation site;;and has;0;spots taken
2880,3,evacueeManager,outEvac,Evacuee 3 in triage category G is assigned helicopter 1
2880,3,evacueeManager,outEvac,Evacuee 5 in triage category G is assigned helicopter 1
2880,3,evacueeManager,outEvac,Evacuee 6 in triage category G is assigned helicopter 1
2880,3,evacueeManager,outEvac,Evacuee 7 in triage category G is assigned helicopter 1
2880,3,evacueeManager,outEvac,Evacuee 8 in triage category G is assigned helicopter 1
2880,3,evacueeManager,outEvac,Evacuee 16 in triage category G is assigned helicopter 1
2880,3,evacueeManager,outEvac,Evacuee 20 in triage category G is assigned helicopter 1
2880,3,evacueeManager,outEvac,Evacuee 21 in triage category G is assigned helicopter 1
2880,3,evacueeManager,outEvac,Evacuee 27 in triage category G is assigned helicopter 1
2880,3,evacueeManager,outEvac,Evacuee 35 in triage category G is assigned helicopter 1
2880,3,evacueeManager,,OFF SHIP: White;0;Green;165;Yellow;32;Red;9;Black;284;ON SHIP: White;0;Green;0;Yellow;0;Red;0;Evacuees to Transfer;
2880,7,filterLoc,,
2880,10,filterLoc,,
2880,13,filterLoc,,
2880,16,filterLoc,,
2880,19,filterLoc,,
2880,22,filterLoc,,
2880,25,filterLoc,,
2880,28,filterLoc,,
2880,31,filterLoc,,
2880,34,filterLoc,,
2880,37,filterLoc,,
2880,40,filterLoc,,
2880,43,filterLoc,,
2880,46,filterLoc,,
2880,49,filterLoc,,
2880,52,filterLoc,,
2880,55,filterLoc,,
2880,58,filterLoc,,
2880,61,filterLoc,,
2880,64,filterLoc,,
2880,67,filterLoc,,
2880,70,filterLoc,,
2880,73,filterLoc,,
2880,76,filterLoc,,
2880,79,filterLoc,,
2880,82,filterLoc,,
2880,85,filterLoc,,
2880,88,filterLoc,,
2880,91,filterLoc,,
2880,94,filterLoc,,
2880,97,filterLoc,,
2880,100,filterLoc,,
2880,107,filterLoc,,
2880,110,filterLoc,,
2880,113,filterLoc,,
2880,116,filterLoc,,
2880,119,filterLoc,,
2880,122,filterLoc,,
2880,125,filterLoc,,
2880,128,filterLoc,,
2880,131,filterLoc,,
2880,134,filterLoc,,
2880,137,filterLoc,,
2880,140,filterLoc,,
2880,143,filterLoc,,
2880,146,filterLoc,,
2880,149,filterLoc,,
2880,152,filterLoc,,
2880,155,filterLoc,,
2880,158,filterLoc,,
2880,161,filterLoc,,
2880,164,filterLoc,,
2880,167,filterLoc,,
2880,170,filterLoc,,
2880,173,filterLoc,,
2880,176,filterLoc,,
2880,179,filterLoc,,
2880,182,filterLoc,,
2880,185,filterLoc,,
2880,188,filterLoc,,
2880,191,filterLoc,,
2880,194,filterLoc,,
2880,197,filterLoc,,
2880,200,filterLoc,,
2880,203,filterLoc,,
2880,206,filterLoc,,
2880,209,filterLoc,,
2880,212,filterLoc,,
2880,215,filterLoc,,
2880,218,filterLoc,,
2880,221,filterLoc,,
2880,225,filterLoc,,
2880,228,filterLoc,,
2880,231,filterLoc,,
2880,234,filterLoc,,
2880,237,filterLoc,,
2880,240,filterLoc,,
2880,243,filterLoc,,
2880,246,filterLoc,,
2880,249,filterLoc,,
2880,252,filterLoc,,
2880,255,filterLoc,,
2880,258,filterLoc,,
2880,261,filterLoc,,
2880,264,filterLoc,,
2880,267,filterLoc,,
2880,270,filterLoc,,
2880,273,filterLoc,,
2880,276,filterLoc,,
2880,279,filterLoc,,
2880,282,filterLoc,,
2880,285,filterLoc,,
2880,288,filterLoc,,
2880,291,filterLoc,,
2880,294,filterLoc,,
2880,297,filterLoc,,
2880,300,filterLoc,,
2880,303,filterLoc,,
2880,306,filterLoc,,
2880,309,filterLoc,,
2880,312,filterLoc,,
2880,315,filterLoc,,
2880,318,filterLoc,,
2880,321,filterLoc,,
2880,324,filterLoc,,
2880,327,filterLoc,,
2880,330,filterLoc,,
2880,333,filterLoc,,
2880,336,filterLoc,,
2880,339,filterLoc,,
2880,342,filterLoc,,
2880,345,filterLoc,,
2880,348,filterLoc,,
2880,351,filterLoc,,
2880,354,filterLoc,,
2880,357,filterLoc,,
2880,360,filterLoc,,
2880,363,filterLoc,,
2880,366,filterLoc,,
2880,369,filterLoc,,
2880,372,filterLoc,,
2880,375,filterLoc,,
2880,378,filterLoc,,
2880,381,filterLoc,,
2880,384,filterLoc,,
2880,387,filterLoc,,
2880,390,filterLoc,,
2880,393,filterLoc,,
2880,396,filterLoc,,
2880,399,filterLoc,,
2880,402,filterLoc,,
2880,405,filterLoc,,
2880,408,filterLoc,,
2880,411,filterLoc,,
2880,414,filterLoc,,
2880,417,filterLoc,,
2880,420,filterLoc,,
2880,423,filterLoc,,
2880,426,filterLoc,,
2880,429,filterLoc,,
2880,432,filterLoc,,
2880,435,filterLoc,,
2880,438,filterLoc,,
2880,441,filterLoc,,
2880,444,filterLoc,,
2880,447,filterLoc,,
2880,450,filterLoc,,
2880,453,filterLoc,,
2880,456,filterLoc,,
2880,459,filterLoc,,
2880,462,filterLoc,,
2880,465,filterLoc,,
2880,468,filterLoc,,
2880,471,filterLoc,,
2880,474,filterLoc,,
2880,477,filterLoc,,
2880,480,filterLoc,,
2880,483,filterLoc,,
2880,486,filterLoc,,
2880,489,filterLoc,,
2880,492,filterLoc,,
2880,495,filterLoc,,
2880,498,filterLoc,,
2880,501,filterLoc,,
2880,504,filterLoc,,
2880,507,filterLoc,,
2880,510,filterLoc,,
2880,513,filterLoc,,
2880,516,filterLoc,,
2880,519,filterLoc,,
2880,522,filterLoc,,
2880,525,filterLoc,,
2880,528,filterLoc,,
2880,531,filterLoc,,
2880,534,filterLoc,,
2880,537,filterLoc,,
2880,540,filterLoc,,
2880,543,filterLoc,,
2880,546,filterLoc,,
2880,549,filterLoc,,
2880,552,filterLoc,,
2880,555,filterLoc,,
2880,558,filterLoc,,
2880,561,filterLoc,,
2880,564,filterLoc,,
2880,567,filterLoc,,
2880,570,filterLoc,,
2880,573,filterLoc,,
2880,576,filterLoc,,
2880,579,filterLoc,,
2880,582,filterLoc,,
2880,585,filterLoc,,
2880,588,filterLoc,,
2880,591,filterLoc,,
2880,594,filterLoc,,
2880,597,filterLoc,,
2880,600,filterLoc,,
2880,603,filterLoc,,
2880,606,filterLoc,,
2880,609,filterLoc,,
2880,612,filterLoc,,
2880,615,filterLoc,,
2880,618,filterLoc,,
2880,621,filterLoc,,
2880,624,filterLoc,,
2880,627,filterLoc,,
2880,630,filterLoc,,
2880,633,filterLoc,,
2880,636,filterLoc,,
2880,639,filterLoc,,
2880,642,filterLoc,,
2880,645,filterLoc,,
2880,648,filterLoc,,
2880,651,filterLoc,,
2880,654,filterLoc,,
2880,657,filterLoc,,
2880,660,filterLoc,,
2880,663,filterLoc,,
2880,666,filterLoc,,
2880,669,filterLoc,,
2880,672,filterLoc,,
2880,675,filterLoc,,
2880,678,filterLoc,,
2880,681,filterLoc,,
2880,684,filterLoc,,
2880,687,filterLoc,,
2880,690,filterLoc,,
2880,693,filterLoc,,
2880,696,filterLoc,,
2880,699,filterLoc,,
2880,702,filterLoc,,
2880,705,filterLoc,,
2880,708,filterLoc,,
2880,711,filterLoc,,
2880,714,filterLoc,,
2880,717,filterLoc,,
2880,720,filterLoc,,
2880,723,filterLoc,,
2880,726,filterLoc,,
2880,729,filterLoc,,
2880,732,filterLoc,,
2880,735,filterLoc,,
2880,738,filterLoc,,
2880,741,filterLoc,,
2880,744,filterLoc,,
2880,747,filterLoc,,
2880,750,filterLoc,,
2880,753,filterLoc,,
2880,756,filterLoc,,
2880,759,filterLoc,,
2880,762,filterLoc,,
2880,765,filterLoc,,
2880,768,filterLoc,,;Evacuee;5;in triage category;G;is entering helicopter;1
2880,771,filterLoc,,
2880,774,filterLoc,,
2880,777,filterLoc,,
2880,780,filterLoc,,
2880,783,filterLoc,,
2880,786,filterLoc,,
2880,789,filterLoc,,
2880,792,filterLoc,,
2880,795,filterLoc,,
2880,798,filterLoc,,
2880,801,filterLoc,,
2880,804,filterLoc,,
2880,807,filterLoc,,
2880,810,filterLoc,,
2880,813,filterLoc,,
2880,816,filterLoc,,
2880,819,filterLoc,,
2880,822,filterLoc,,
2880,825,filterLoc,,
2880,828,filterLoc,,
2880,831,filterLoc,,
2880,834,filterLoc,,
2880,837,filterLoc,,
2880,840,filterLoc,,
2880,843,filterLoc,,
2880,846,filterLoc,,
2880,849,filterLoc,,
2880,852,filterLoc,,;Evacuee;8;in triage category;G;is entering helicopter;1
2880,855,filterLoc,,;Evacuee;3;in triage category;G;is entering helicopter;1
2880,858,filterLoc,,
2880,861,filterLoc,,
2880,864,filterLoc,,
2880,867,filterLoc,,
2880,870,filterLoc,,
2880,873,filterLoc,,
2880,876,filterLoc,,
2880,879,filterLoc,,
2880,882,filterLoc,,
2880,885,filterLoc,,
2880,888,filterLoc,,
2880,891,filterLoc,,
2880,894,filterLoc,,
2880,897,filterLoc,,
2880,900,filterLoc,,
2880,903,filterLoc,,;Evacuee;6;in triage category;G;is entering helicopter;1
2880,906,filterLoc,,
2880,909,filterLoc,,
2880,912,filterLoc,,
2880,915,filterLoc,,
2880,918,filterLoc,,
2880,921,filterLoc,,
2880,924,filterLoc,,
2880,927,filterLoc,,
2880,930,filterLoc,,
2880,933,filterLoc,,
2880,936,filterLoc,,
2880,939,filterLoc,,
2880,942,filterLoc,,
2880,945,filterLoc,,
2880,948,filterLoc,,
2880,951,filterLoc,,
2880,954,filterLoc,,
2880,957,filterLoc,,
2880,960,filterLoc,,
2880,963,filterLoc,,
2880,966,filterLoc,,
2880,969,filterLoc,,
2880,972,filterLoc,,
2880,975,filterLoc,,
2880,978,filterLoc,,
2880,981,filterLoc,,
2880,984,filterLoc,,
2880,987,filterLoc,,
2880,990,filterLoc,,
2880,993,filterLoc,,;Evacuee;21;in triage category;G;is entering helicopter;1
2880,996,filterLoc,,
2880,999,filterLoc,,
2880,1002,filterLoc,,
2880,1005,filterLoc,,
2880,1008,filterLoc,,
2880,1011,filterLoc,,
2880,1014,filterLoc,,
2880,1017,filterLoc,,
2880,1020,filterLoc,,
2880,1023,filterLoc,,
2880,1026,filterLoc,,
2880,1029,filterLoc,,
2880,1032,filterLoc,,
2880,1035,filterLoc,,
2880,1038,filterLoc,,
2880,1041,filterLoc,,
2880,1044,filterLoc,,
2880,1047,filterLoc,,;Evacuee;20;in triage category;G;is entering helicopter;1
2880,1050,filterLoc,,;Evacuee;35;in triage category;G;is entering helicopter;1
2880,1053,filterLoc,,
2880,1056,filterLoc,,
2880,1059,filterLoc,,
2880,1062,filterLoc,,
2880,1065,filterLoc,,
2880,1068,filterLoc,,
2880,1071,filterLoc,,
2880,1074,filterLoc,,
2880,1077,filterLoc,,
2880,1080,filterLoc,,
2880,1083,filterLoc,,
2880,1086,filterLoc,,
2880,1089,filterLoc,,
2880,1092,filterLoc,,
2880,1095,filterLoc,,
2880,1098,filterLoc,,
2880,1101,filterLoc,,
2880,1104,filterLoc,,
2880,1107,filterLoc,,
2880,1110,filterLoc,,
2880,1113,filterLoc,,
2880,1116,filterLoc,,
2880,1123,filterLoc,,
2880,1126,filterLoc,,
2880,1129,filterLoc,,
2880,1132,filterLoc,,
2880,1135,filterLoc,,
2880,1138,filterLoc,,
2880,1141,filterLoc,,
2880,1144,filterLoc,,
2880,1147,filterLoc,,
2880,1150,filterLoc,,
2880,1153,filterLoc,,
2880,1156,filterLoc,,
2880,1161,helicopter,,Helicopter;1;is loading people at the evacuation site;;and has;0;spots taken
2880,1163,filterLoc,,
2880,1166,filterLoc,,
2880,1169,filterLoc,,
2880,1172,filterLoc,,
2880,1175,filterLoc,,
2880,1178,filterLoc,,
2880,1181,filterLoc,,
2880,1184,filterLoc,,
2880,1187,filterLoc,,
2880,1190,filterLoc,,
2880,1193,filterLoc,,
2880,1196,filterLoc,,
2880,1199,filterLoc,,
2880,1202,filterLoc,,
2880,1205,filterLoc,,
2880,1208,filterLoc,,
2880,1211,filterLoc,,
2880,1214,filterLoc,,
2880,1217,filterLoc,,
2880,1220,filterLoc,,
2880,1223,filterLoc,,
2880,1226,filterLoc,,
2880,1229,filterLoc,,
2880,1232,filterLoc,,
2880,1235,filterLoc,,
2880,1238,filterLoc,,
2880,1241,filterLoc,,
2880,1244,filterLoc,,
2880,1247,filterLoc,,
2880,1250,filterLoc,,
2880,1253,filterLoc,,
2880,1256,filterLoc,,
2880,1259,filterLoc,,
2880,1262,filterLoc,,
2880,1265,filterLoc,,;Evacuee;16;in triage category;G;is entering helicopter;1
2880,1268,filterLoc,,
2880,1271,filterLoc,,
2880,1274,filterLoc,,
2880,1277,filterLoc,,
2880,1280,filterLoc,,
2880,1283,filterLoc,,
2880,1286,filterLoc,,
2880,1289,filterLoc,,
2880,1292,filterLoc,,
2880,1295,filterLoc,,
2880,1298,filterLoc,,
2880,1301,filterLoc,,
2880,1304,filterLoc,,
2880,1307,filterLoc,,
2880,1310,filterLoc,,
2880,1313,filterLoc,,
2880,1316,filterLoc,,
2880,1319,filterLoc,,
2880,1322,filterLoc,,
2880,1325,filterLoc,,
2880,1328,filterLoc,,
2880,1331,filterLoc,,
2880,1334,filterLoc,,
2880,1337,filterLoc,,
2880,1340,filterLoc,,
2880,1343,filterLoc,,
2880,1346,filterLoc,,
2880,1349,filterLoc,,
2880,1352,filterLoc,,
2880,1355,filterLoc,,
2880,1358,filterLoc,,
2880,1361,filterLoc,,
2880,1364,filterLoc,,
2880,1367,filterLoc,,
2880,1370,filterLoc,,
2880,1373,filterLoc,,
2880,1376,filterLoc,,
2880,1379,filterLoc,,
2880,1382,filterLoc,,
2880,1385,filterLoc,,
2880,1388,filterLoc,,
2880,1391,filterLoc,,
2880,1394,filterLoc,,
2880,1397,filterLoc,,
2880,1400,filterLoc,,
2880,1403,filterLoc,,
2880,1406,filterLoc,,
2880,1409,filterLoc,,
2880,1412,filterLoc,,;Evacuee;27;in triage category;G;is entering helicopter;1
2880,1415,filterLoc,,
2880,1418,filterLoc,,
2880,1421,filterLoc,,
2880,1424,filterLoc,,
2880,1427,filterLoc,,
2880,1430,filterLoc,,
2880,1433,filterLoc,,
2880,1436,filterLoc,,
2880,1439,filterLoc,,
2880,1442,filterLoc,,
2880,1445,filterLoc,,
2880,1448,filterLoc,,
2880,1451,filterLoc,,
2880,1454,filterLoc,,
2880,1457,filterLoc,,
2880,1460,filterLoc,,
2880,1463,filterLoc,,
2880,1466,filterLoc,,
2880,1469,filterLoc,,;Evacuee;7;in triage category;G;is entering helicopter;1
2880,1472,filterLoc,,
2880,1475,filterLoc,,
2880,1478,filterLoc,,
2880,1481,filterLoc,,
2880,1484,filterLoc,,
2880,1487,filterLoc,,
2880,1490,filterLoc,,
2880,1493,filterLoc,,
2880,1496,filterLoc,,
2880,1499,filterLoc,,
2880,1502,filterLoc,,
2880,1505,filterLoc,,
2880,1508,filterLoc,,
2880,1511,filterLoc,,
2880,1514,filterLoc,,
2880,1517,filterLoc,,
2880,768,filterLoc,out,Evacuee 5 in triage category G is assigned helicopter 1
2880,768,filterLoc,,
2880,769,evacuee,,Evacuee;5;in triage state;G;is entering helicopter;1
2880,852,filterLoc,out,Evacuee 8 in triage category G is assigned helicopter 1
2880,852,filterLoc,,
2880,853,evacuee,,Evacuee;8;in triage state;G;is entering helicopter;1
2880,855,filterLoc,out,Evacuee 3 in triage category G is assigned helicopter 1
2880,855,filterLoc,,
2880,856,evacuee,,Evacuee;3;in triage state;G;is entering helicopter;1
2880,903,filterLoc,out,Evacuee 6 in triage category G is assigned helicopter 1
2880,903,filterLoc,,
2880,904,evacuee,,Evacuee;6;in triage state;G;is entering helicopter;1
2880,993,filterLoc,out,Evacuee 21 in triage category G is assigned helicopter 1
2880,993,filterLoc,,
2880,994,evacuee,,Evacuee;21;in triage state;G;is entering helicopter;1
2880,1047,filterLoc,out,Evacuee 20 in triage category G is assigned helicopter 1
2880,1047,filterLoc,,
2880,1048,evacuee,,Evacuee;20;in triage state;G;is entering helicopter;1
2880,1050,filterLoc,out,Evacuee 35 in triage category G is assigned helicopter 1
2880,1050,filterLoc,,
2880,1051,evacuee,,Evacuee;35;in triage state;G;is entering helicopter;1
2880,1265,filterLoc,out,Evacuee 16 in triage category G is assigned helicopter 1
2880,1265,filterLoc,,
2880,1266,evacuee,,Evacuee;16;in triage state;G;is entering helicopter;1
2880,1412,filterLoc,out,Evacuee 27 in triage category G is assigned helicopter 1
2880,1412,filterLoc,,
2880,1413,evacuee,,Evacuee;27;in triage state;G;is entering helicopter;1
2880,1469,filterLoc,out,Evacuee 7 in triage category G is assigned helicopter 1
2880,1469,filterLoc,,
2880,1470,evacuee,,Evacuee;7;in triage state;G;is entering helicopter;1
2880,103,filterEvac,,
2880,769,evacuee,outHelo,Evacuee 5 in triage category G is assigned helicopter 1
2880,769,evacuee,,Evacuee;5;in triage state;G;is in helicopter;1
2880,853,evacuee,outHelo,Evacuee 8 in triage category G is assigned helicopter 1
2880,853,evacuee,,Evacuee;8;in triage state;G;is in helicopter;1
2880,856,evacuee,outHelo,Evacuee 3 in triage category G is assigned helicopter 1
2880,856,evacuee,,Evacuee;3;in triage state;G;is in helicopter;1
2880,904,evacuee,outHelo,Evacuee 6 in triage category G is assigned helicopter 1
2880,904,evacuee,,Evacuee;6;in triage state;G;is in helicopter;1
2880,994,evacuee,outHelo,Evacuee 21 in triage category G is assigned helicopter 1
2880,994,evacuee,,Evacuee;21;in triage state;G;is in helicopter;1
2880,1048,evacuee,outHelo,Evacuee 20 in triage category G is assigned helicopter 1
2880,1048,evacuee,,Evacuee;20;in triage state;G;is in helicopter;1
2880,1051,evacuee,outHelo,Evacuee 35 in triage category G is assigned helicopter 1
2880,1051,evacuee,,Evacuee;35;in triage state;G;is in helicopter;1
2880,1119,filterEvac,,
2880,1159,filterEvac,,;Evacuee;3;in triage category;G;is entering helicopter;1;Evacuee;5;in triage category;G;is entering helicopter;1;Evacuee;6;in triage category;G;is entering helicopter;1;Evacuee;7;in triage category;G;is entering helicopter;1;Evacuee;8;in triage category;G;is entering helicopter;1;Evacuee;16;in triage category;G;is entering helicopter;1;Evacuee;20;in triage category;G;is entering helicopter;1;Evacuee;21;in triage category;G;is entering helicopter;1;Evacuee;27;in triage category;G;is entering helicopter;1;Evacuee;35;in triage category;G;is entering helicopter;1
2880,1266,evacuee,outHelo,Evacuee 16 in triage category G is assigned helicopter 1
2880,1266,evacuee,,Evacuee;16;in triage state;G;is in helicopter;1
2880,1413,evacuee,outHelo,Evacuee 27 in triage category G is assigned helicopter 1
2880,1413,evacuee,,Evacuee;27;in triage state;G;is in helicopter;1
2880,1470,evacuee,outHelo,Evacuee 7 in triage category G is assigned helicopter 1
2880,1470,evacuee,,Evacuee;7;in triage state;G;is in helicopter;1
2880,1159,filterEvac,out,Evacuee 3 in triage category G is assigned helicopter 1
2880,1159,filterEvac,out,Evacuee 5 in triage category G is assigned helicopter 1
2880,1159,filterEvac,out,Evacuee 6 in triage category G is assigned helicopter 1
2880,1159,filterEvac,out,Evacuee 7 in triage category G is assigned helicopter 1
2880,1159,filterEvac,out,Evacuee 8 in triage category G is assigned helicopter 1
2880,1159,filterEvac,out,Evacuee 16 in triage category G is assigned helicopter 1
2880,1159,filterEvac,out,Evacuee 20 in triage category G is assigned helicopter 1
2880,1159,filterEvac,out,Evacuee 21 in triage category G is assigned helicopter 1
2880,1159,filterEvac,out,Evacuee 27 in triage category G is assigned helicopter 1
2880,1159,filterEvac,out,Evacuee 35 in triage category G is assigned helicopter 1
2880,1159,filterEvac,,
2880,1161,helicopter,,Helicopter;1;is loading people at the evacuation site;;and has;10;spots taken
2882.58,3,evacueeManager,,OFF SHIP: White;0;Green;165;Yellow;32;Red;8;Black;285;ON SHIP: White;0;Green;0;Yellow;0;Red;0;Evacuees to Transfer;
2882.58,691,evacuee,outES,Evacuee 74 in triage category R is not assigned a helicopter
2882.58,691,evacuee,,Evacuee;74;in triage state;B;is at the evacuation site
2887.63,3,evacueeManager,,OFF SHIP: White;0;Green;164;Yellow;33;Red;8;Black;285;ON SHIP: White;0;Green;0;Yellow;0;Red;0;Evacuees to Transfer;
2887.63,763,evacuee,outES,Evacuee 334 in triage category G is not assigned a helicopter
2887.63,763,evacuee,,Evacuee;334;in triage state;Y;is at the evacuation site
2895,4,helipadManager,outHelo,Helicopter 1 is evacuating people1
2895,4,helipadManager,,;No helos are at ES
2895,104,filterES,,
2895,1120,filterES,,
2895,1160,filterES,,Helicopter;1;is evacuating people
2895,4,helipadManager,outHQ,0
2895,4,helipadManager,,;No helos are at ES
2895,5,helicopterQueue,,;No helos are waiting to land
2895,1160,filterES,out,Helicopter 1 is evacuating people1
2895,1160,filterES,,
2895,1161,helicopter,,Helicopter;1;is loading people at the evacuation site;;and has;10;spots taken
2895,5,helicopterQueue,,;No helos are waiting to land
2895,1161,helicopter,,Helicopter;1;is returning to the FOL;;and has;10;spots taken
2896.99,3,evacueeManager,,OFF SHIP: White;0;Green;164;Yellow;33;Red;7;Black;286;ON SHIP: White;0;Green;0;Yellow;0;Red;0;Evacuees to Transfer;
2896.99,478,evacuee,outES,Evacuee 121 in triage category R is not assigned a helicopter
2896.99,478,evacuee,,Evacuee;121;in triage state;B;is at the evacuation site
2899.13,3,evacueeManager,,OFF SHIP: White;0;Green;164;Yellow;33;Red;6;Black;287;ON SHIP: White;0;Green;0;Yellow;0;Red;0;Evacuees to Transfer;
2899.13,50,evacuee,outES,Evacuee 472 in triage category R is not assigned a helicopter
2899.13,50,evacuee,,Evacuee;472;in triage state;B;is at the evacuation site
2910.64,3,evacueeManager,,OFF SHIP: White;0;Green;163;Yellow;34;Red;6;Black;287;ON SHIP: White;0;Green;0;Yellow;0;Red;0;Evacuees to Transfer;
2910.64,694,evacuee,outES,Evacuee 363 in triage category G is not assigned a helicopter
2910.64,694,evacuee,,Evacuee;363;in triage state;Y;is at the evacuation site
2912.63,3,evacueeManager,,OFF SHIP: White;0;Green;163;Yellow;33;Red;7;Black;287;ON SHIP: White;0;Green;0;Yellow;0;Red;0;Evacuees to Transfer;
2912.63,481,evacuee,outES,Evacuee 386 in triage category Y is not assigned a helicopter
2912.63,481,evacuee,,Evacuee;386;in triage state;R;is at the evacuation site
2913.94,3,evacueeManager,,OFF SHIP: White;0;Green;163;Yellow;33;Red;6;Black;288;ON SHIP: White;0;Green;0;Yellow;0;Red;0;Evacuees to Transfer;
2913.94,481,evacuee,outES,Evacuee 386 in triage category R is not assigned a helicopter
2913.94,481,evacuee,,Evacuee;386;in triage state;B;is at the evacuation site
2921.48,3,evacueeManager,,OFF SHIP: White;0;Green;163;Yellow;32;Red;7;Black;288;ON SHIP: White;0;Green;0;Yellow;0;Red;0;Evacuees to Transfer;
2921.48,1108,evacuee,outES,Evacuee 182 in triage category Y is not assigned a helicopter
2921.48,1108,evacuee,,Evacuee;182;in triage state;R;is at the evacuation site
2925,105,helicopter,,Helicopter;3;Is going to the evacuation site;;and has;0;spots taken
2940,5,helicopterQueue,,1;Helos are waiting to land;HeloID;2
2940,1121,helicopter,outES,Helicopter 2 is evacuating people2
2940,1121,helicopter,,Helicopter;2;is waiting to land at the evacuation site;;and has;0;spots taken
2940,4,helipadManager,,;No helos are at ES
2940,5,helicopterQueue,outHM,Helicopter 2 is evacuating people2
2940,5,helicopterQueue,outHelo,Helicopter 2 is evacuating people2
2940,5,helicopterQueue,,;No helos are waiting to land
2940,104,filterES,,
2940,1120,filterES,,Helicopter;2;is evacuating people
2940,1160,filterES,,
2940,3,evacueeManager,,OFF SHIP: White;0;Green;153;Yellow;32;Red;7;Black;288;ON SHIP: White;0;Green;0;Yellow;0;Red;0;Evacuees to Transfer;;EvacueeID;36;HeloID;2;OnShip;0;Triage Status;G;EvacueeID;39;HeloID;2;OnShip;0;Triage Status;G;EvacueeID;41;HeloID;2;OnShip;0;Triage Status;G;EvacueeID;42;HeloID;2;OnShip;0;Triage Status;G;EvacueeID;47;HeloID;2;OnShip;0;Triage Status;G;EvacueeID;49;HeloID;2;OnShip;0;Triage Status;G;EvacueeID;51;HeloID;2;OnShip;0;Triage Status;G;EvacueeID;52;HeloID;2;OnShip;0;Triage Status;G;EvacueeID;56;HeloID;2;OnShip;0;Triage Status;G;EvacueeID;62;HeloID;2;OnShip;0;Triage Status;G
2940,4,helipadManager,outEM,Helicopter 2 is evacuating people2
2940,4,helipadManager,,Helo;2;is at the ES
2940,1120,filterES,out,Helicopter 2 is evacuating people2
2940,1120,filterES,,
2940,1121,helicopter,,Helicopter;2;is waiting to land at the evacuation site;;and has;0;spots taken
2940,3,evacueeManager,outEvac,Evacuee 36 in triage category G is assigned helicopter 2
2940,3,evacueeManager,outEvac,Evacuee 39 in triage category G is assigned helicopter 2
2940,3,evacueeManager,outEvac,Evacuee 41 in triage category G is assigned helicopter 2
2940,3,evacueeManager,outEvac,Evacuee 42 in triage category G is assigned helicopter 2
2940,3,evacueeManager,outEvac,Evacuee 47 in triage category G is assigned helicopter 2
2940,3,evacueeManager,outEvac,Evacuee 49 in triage category G is assigned helicopter 2
2940,3,evacueeManager,outEvac,Evacuee 51 in triage category G is assigned helicopter 2
2940,3,evacueeManager,outEvac,Evacuee 52 in triage category G is assigned helicopter 2
2940,3,evacueeManager,outEvac,Evacuee 56 in triage category G is assigned helicopter 2
2940,3,evacueeManager,outEvac,Evacuee 62 in triage category G is assigned helicopter 2
2940,3,evacueeManager,,OFF SHIP: White;0;Green;153;Yellow;32;Red;7;Black;288;ON SHIP: White;0;Green;0;Yellow;0;Red;0;Evacuees to Transfer;
2940,7,filterLoc,,
2940,10,filterLoc,,
2940,13,filterLoc,,
2940,16,filterLoc,,
2940,19,filterLoc,,
2940,22,filterLoc,,
2940,25,filterLoc,,
2940,28,filterLoc,,
2940,31,filterLoc,,
2940,34,filterLoc,,
2940,37,filterLoc,,
2940,40,filterLoc,,
2940,43,filterLoc,,
2940,46,filterLoc,,
2940,49,filterLoc,,
2940,52,filterLoc,,
2940,55,filterLoc,,
2940,58,filterLoc,,
2940,61,filterLoc,,
2940,64,filterLoc,,
2940,67,filterLoc,,
2940,70,filterLoc,,
2940,73,filterLoc,,
2940,76,filterLoc,,
2940,79,filterLoc,,
2940,82,filterLoc,,
2940,85,filterLoc,,
2940,88,filterLoc,,
2940,91,filterLoc,,
2940,94,filterLoc,,
2940,97,filterLoc,,
2940,100,filterLoc,,
2940,107,filterLoc,,
2940,110,filterLoc,,
2940,113,filterLoc,,
2940,116,filterLoc,,
2940,119,filterLoc,,
2940,122,filterLoc,,
2940,125,filterLoc,,
2940,128,filterLoc,,
2940,131,filterLoc,,
2940,134,filterLoc,,
2940,137,filterLoc,,
2940,140,filterLoc,,
2940,143,filterLoc,,
2940,146,filterLoc,,
2940,149,filterLoc,,
2940,152,filterLoc,,
2940,155,filterLoc,,
2940,158,filterLoc,,
2940,161,filterLoc,,
2940,164,filterLoc,,
2940,167,filterLoc,,
2940,170,filterLoc,,
2940,173,filterLoc,,
2940,176,filterLoc,,
2940,179,filterLoc,,
2940,182,filterLoc,,
2940,185,filterLoc,,
2940,188,filterLoc,,
2940,191,filterLoc,,
2940,194,filterLoc,,
2940,197,filterLoc,,
2940,200,filterLoc,,
2940,203,filterLoc,,
2940,206,filterLoc,,
2940,209,filterLoc,,
2940,212,filterLoc,,
2940,215,filterLoc,,
2940,218,filterLoc,,
2940,221,filterLoc,,
2940,225,filterLoc,,
2940,228,filterLoc,,
2940,231,filterLoc,,
2940,234,filterLoc,,
2940,237,filterLoc,,
2940,240,filterLoc,,
2940,243,filterLoc,,
2940,246,filterLoc,,
2940,249,filterLoc,,
2940,252,filterLoc,,
2940,255,filterLoc,,
2940,258,filterLoc,,
2940,261,filterLoc,,
2940,264,filterLoc,,
2940,267,filterLoc,,
2940,270,filterLoc,,
2940,273,filterLoc,,
2940,276,filterLoc,,
2940,279,filterLoc,,
2940,282,filterLoc,,
2940,285,filterLoc,,
2940,288,filterLoc,,
2940,291,filterLoc,,
2940,294,filterLoc,,
2940,297,filterLoc,,
2940,300,filterLoc,,
2940,303,filterLoc,,
2940,306,filterLoc,,
2940,309,filterLoc,,
2940,312,filterLoc,,
2940,315,filterLoc,,
2940,318,filterLoc,,
2940,321,filterLoc,,
2940,324,filterLoc,,
2940,327,filterLoc,,
2940,330,filterLoc,,
2940,333,filterLoc,,
2940,336,filterLoc,,
2940,339,filterLoc,,
2940,342,filterLoc,,
2940,345,filterLoc,,
2940,348,filterLoc,,
2940,351,filterLoc,,
2940,354,filterLoc,,
2940,357,filterLoc,,
2940,360,filterLoc,,
2940,363,filterLoc,,
2940,366,filterLoc,,
2940,369,filterLoc,,
2940,372,filterLoc,,
2940,375,filterLoc,,
2940,378,filterLoc,,
2940,381,filterLoc,,
2940,384,filterLoc,,
2940,387,filterLoc,,
2940,390,filterLoc,,
2940,393,filterLoc,,
2940,396,filterLoc,,
2940,399,filterLoc,,
2940,402,filterLoc,,
2940,405,filterLoc,,
2940,408,filterLoc,,
2940,411,filterLoc,,
2940,414,filterLoc,,
2940,417,filterLoc,,
2940,420,filterLoc,,
2940,423,filterLoc,,
2940,426,filterLoc,,
2940,429,filterLoc,,
2940,432,filterLoc,,
2940,435,filterLoc,,
2940,438,filterLoc,,
2940,441,filterLoc,,
2940,444,filterLoc,,
2940,447,filterLoc,,
2940,450,filterLoc,,
2940,453,filterLoc,,
2940,456,filterLoc,,
2940,459,filterLoc,,
2940,462,filterLoc,,
2940,465,filterLoc,,
2940,468,filterLoc,,
2940,471,filterLoc,,
2940,474,filterLoc,,
2940,477,filterLoc,,
2940,480,filterLoc,,
2940,483,filterLoc,,
2940,486,filterLoc,,
2940,489,filterLoc,,
2940,492,filterLoc,,
2940,495,filterLoc,,
2940,498,filterLoc,,
2940,501,filterLoc,,
2940,504,filterLoc,,
2940,507,filterLoc,,
2940,510,filterLoc,,
2940,513,filterLoc,,
2940,516,filterLoc,,
2940,519,filterLoc,,
2940,522,filterLoc,,
2940,525,filterLoc,,
2940,528,filterLoc,,
2940,531,filterLoc,,
2940,534,filterLoc,,
2940,537,filterLoc,,
2940,540,filterLoc,,
2940,543,filterLoc,,
2940,546,filterLoc,,
2940,549,filterLoc,,
2940,552,filterLoc,,
2940,555,filterLoc,,
2940,558,filterLoc,,
2940,561,filterLoc,,
2940,564,filterLoc,,
2940,567,filterLoc,,
2940,570,filterLoc,,;Evacuee;39;in triage category;G;is entering helicopter;2
2940,573,filterLoc,,
2940,576,filterLoc,,
2940,579,filterLoc,,
2940,582,filterLoc,,
2940,585,filterLoc,,
2940,588,filterLoc,,
2940,591,filterLoc,,
2940,594,filterLoc,,
2940,597,filterLoc,,
2940,600,filterLoc,,
2940,603,filterLoc,,
2940,606,filterLoc,,
2940,609,filterLoc,,
2940,612,filterLoc,,
2940,615,filterLoc,,
2940,618,filterLoc,,
2940,621,filterLoc,,
2940,624,filterLoc,,;Evacuee;49;in triage category;G;is entering helicopter;2
2940,627,filterLoc,,
2940,630,filterLoc,,
2940,633,filterLoc,,
2940,636,filterLoc,,;Evacuee;51;in triage category;G;is entering helicopter;2
2940,639,filterLoc,,
2940,642,filterLoc,,
2940,645,filterLoc,,
2940,648,filterLoc,,
2940,651,filterLoc,,
2940,654,filterLoc,,
2940,657,filterLoc,,
2940,660,filterLoc,,
2940,663,filterLoc,,
2940,666,filterLoc,,
2940,669,filterLoc,,
2940,672,filterLoc,,
2940,675,filterLoc,,
2940,678,filterLoc,,
2940,681,filterLoc,,
2940,684,filterLoc,,
2940,687,filterLoc,,
2940,690,filterLoc,,
2940,693,filterLoc,,
2940,696,filterLoc,,
2940,699,filterLoc,,
2940,702,filterLoc,,
2940,705,filterLoc,,
2940,708,filterLoc,,
2940,711,filterLoc,,;Evacuee;62;in triage category;G;is entering helicopter;2
2940,714,filterLoc,,
2940,717,filterLoc,,
2940,720,filterLoc,,
2940,723,filterLoc,,
2940,726,filterLoc,,
2940,729,filterLoc,,
2940,732,filterLoc,,
2940,735,filterLoc,,
2940,738,filterLoc,,
2940,741,filterLoc,,
2940,744,filterLoc,,
2940,747,filterLoc,,
2940,750,filterLoc,,
2940,753,filterLoc,,
2940,756,filterLoc,,
2940,759,filterLoc,,
2940,762,filterLoc,,
2940,765,filterLoc,,
2940,768,filterLoc,,
2940,771,filterLoc,,
2940,774,filterLoc,,
2940,777,filterLoc,,
2940,780,filterLoc,,
2940,783,filterLoc,,
2940,786,filterLoc,,
2940,789,filterLoc,,
2940,792,filterLoc,,
2940,795,filterLoc,,
2940,798,filterLoc,,
2940,801,filterLoc,,
2940,804,filterLoc,,
2940,807,filterLoc,,
2940,810,filterLoc,,
2940,813,filterLoc,,
2940,816,filterLoc,,
2940,819,filterLoc,,
2940,822,filterLoc,,
2940,825,filterLoc,,
2940,828,filterLoc,,
2940,831,filterLoc,,
2940,834,filterLoc,,
2940,837,filterLoc,,
2940,840,filterLoc,,
2940,843,filterLoc,,
2940,846,filterLoc,,
2940,849,filterLoc,,
2940,852,filterLoc,,
2940,855,filterLoc,,
2940,858,filterLoc,,
2940,861,filterLoc,,
2940,864,filterLoc,,
2940,867,filterLoc,,
2940,870,filterLoc,,
2940,873,filterLoc,,
2940,876,filterLoc,,
2940,879,filterLoc,,
2940,882,filterLoc,,
2940,885,filterLoc,,
2940,888,filterLoc,,
2940,891,filterLoc,,
2940,894,filterLoc,,
2940,897,filterLoc,,
2940,900,filterLoc,,
2940,903,filterLoc,,
2940,906,filterLoc,,
2940,909,filterLoc,,
2940,912,filterLoc,,
2940,915,filterLoc,,
2940,918,filterLoc,,
2940,921,filterLoc,,
2940,924,filterLoc,,
2940,927,filterLoc,,
2940,930,filterLoc,,
2940,933,filterLoc,,
2940,936,filterLoc,,
2940,939,filterLoc,,
2940,942,filterLoc,,
2940,945,filterLoc,,
2940,948,filterLoc,,
2940,951,filterLoc,,
2940,954,filterLoc,,
2940,957,filterLoc,,
2940,960,filterLoc,,
2940,963,filterLoc,,
2940,966,filterLoc,,
2940,969,filterLoc,,
2940,972,filterLoc,,
2940,975,filterLoc,,;Evacuee;52;in triage category;G;is entering helicopter;2
2940,978,filterLoc,,;Evacuee;41;in triage category;G;is entering helicopter;2
2940,981,filterLoc,,
2940,984,filterLoc,,
2940,987,filterLoc,,
2940,990,filterLoc,,
2940,993,filterLoc,,
2940,996,filterLoc,,
2940,999,filterLoc,,
2940,1002,filterLoc,,
2940,1005,filterLoc,,
2940,1008,filterLoc,,
2940,1011,filterLoc,,
2940,1014,filterLoc,,
2940,1017,filterLoc,,
2940,1020,filterLoc,,
2940,1023,filterLoc,,
2940,1026,filterLoc,,
2940,1029,filterLoc,,
2940,1032,filterLoc,,
2940,1035,filterLoc,,
2940,1038,filterLoc,,
2940,1041,filterLoc,,
2940,1044,filterLoc,,
2940,1047,filterLoc,,
2940,1050,filterLoc,,
2940,1053,filterLoc,,
2940,1056,filterLoc,,;Evacuee;36;in triage category;G;is entering helicopter;2
2940,1059,filterLoc,,
2940,1062,filterLoc,,
2940,1065,filterLoc,,;Evacuee;42;in triage category;G;is entering helicopter;2
2940,1068,filterLoc,,
2940,1071,filterLoc,,
2940,1074,filterLoc,,
2940,1077,filterLoc,,
2940,1080,filterLoc,,
2940,1083,filterLoc,,
2940,1086,filterLoc,,
2940,1089,filterLoc,,
2940,1092,filterLoc,,
2940,1095,filterLoc,,
2940,1098,filterLoc,,
2940,1101,filterLoc,,
2940,1104,filterLoc,,
2940,1107,filterLoc,,
2940,1110,filterLoc,,
2940,1113,filterLoc,,
2940,1116,filterLoc,,
2940,1121,helicopter,,Helicopter;2;is loading people at the evacuation site;;and has;0;spots taken
2940,1123,filterLoc,,
2940,1126,filterLoc,,
2940,1129,filterLoc,,
2940,1132,filterLoc,,;Evacuee;47;in triage category;G;is entering helicopter;2
2940,1135,filterLoc,,;Evacuee;56;in triage category;G;is entering helicopter;2
2940,1138,filterLoc,,
2940,1141,filterLoc,,
2940,1144,filterLoc,,
2940,1147,filterLoc,,
2940,1150,filterLoc,,
2940,1153,filterLoc,,
2940,1156,filterLoc,,
2940,1163,filterLoc,,
2940,1166,filterLoc,,
2940,1169,filterLoc,,
2940,1172,filterLoc,,
2940,1175,filterLoc,,
2940,1178,filterLoc,,
2940,1181,filterLoc,,
2940,1184,filterLoc,,
2940,1187,filterLoc,,
2940,1190,filterLoc,,
2940,1193,filterLoc,,
2940,1196,filterLoc,,
2940,1199,filterLoc,,
2940,1202,filterLoc,,
2940,1205,filterLoc,,
2940,1208,filterLoc,,
2940,1211,filterLoc,,
2940,1214,filterLoc,,
2940,1217,filterLoc,,
2940,1220,filterLoc,,
2940,1223,filterLoc,,
2940,1226,filterLoc,,
2940,1229,filterLoc,,
2940,1232,filterLoc,,
2940,1235,filterLoc,,
2940,1238,filterLoc,,
2940,1241,filterLoc,,
2940,1244,filterLoc,,
2940,1247,filterLoc,,
2940,1250,filterLoc,,
2940,1253,filterLoc,,
2940,1256,filterLoc,,
2940,1259,filterLoc,,
2940,1262,filterLoc,,
2940,1265,filterLoc,,
2940,1268,filterLoc,,
2940,1271,filterLoc,,
2940,1274,filterLoc,,
2940,1277,filterLoc,,
2940,1280,filterLoc,,
2940,1283,filterLoc,,
2940,1286,filterLoc,,
2940,1289,filterLoc,,
2940,1292,filterLoc,,
2940,1295,filterLoc,,
2940,1298,filterLoc,,
2940,1301,filterLoc,,
2940,1304,filterLoc,,
2940,1307,filterLoc,,
2940,1310,filterLoc,,
2940,1313,filterLoc,,
2940,1316,filterLoc,,
2940,1319,filterLoc,,
2940,1322,filterLoc,,
2940,1325,filterLoc,,
2940,1328,filterLoc,,
2940,1331,filterLoc,,
2940,1334,filterLoc,,
2940,1337,filterLoc,,
2940,1340,filterLoc,,
2940,1343,filterLoc,,
2940,1346,filterLoc,,
2940,1349,filterLoc,,
2940,1352,filterLoc,,
2940,1355,filterLoc,,
2940,1358,filterLoc,,
2940,1361,filterLoc,,
2940,1364,filterLoc,,
2940,1367,filterLoc,,
2940,1370,filterLoc,,
2940,1373,filterLoc,,
2940,1376,filterLoc,,
2940,1379,filterLoc,,
2940,1382,filterLoc,,
2940,1385,filterLoc,,
2940,1388,filterLoc,,
2940,1391,filterLoc,,
2940,1394,filterLoc,,
2940,1397,filterLoc,,
2940,1400,filterLoc,,
2940,1403,filterLoc,,
2940,1406,filterLoc,,
2940,1409,filterLoc,,
2940,1412,filterLoc,,
2940,1415,filterLoc,,
2940,1418,filterLoc,,
2940,1421,filterLoc,,
2940,1424,filterLoc,,
2940,1427,filterLoc,,
2940,1430,filterLoc,,
2940,1433,filterLoc,,
2940,1436,filterLoc,,
2940,1439,filterLoc,,
2940,1442,filterLoc,,
2940,1445,filterLoc,,
2940,1448,filterLoc,,
2940,1451,filterLoc,,
2940,1454,filterLoc,,
2940,1457,filterLoc,,
2940,1460,filterLoc,,
2940,1463,filterLoc,,
2940,1466,filterLoc,,
2940,1469,filterLoc,,
2940,1472,filterLoc,,
2940,1475,filterLoc,,
2940,1478,filterLoc,,
2940,1481,filterLoc,,
2940,1484,filterLoc,,
2940,1487,filterLoc,,
2940,1490,filterLoc,,
2940,1493,filterLoc,,
2940,1496,filterLoc,,
2940,1499,filterLoc,,
2940,1502,filterLoc,,
2940,1505,filterLoc,,
2940,1508,filterLoc,,
2940,1511,filterLoc,,
2940,1514,filterLoc,,
2940,1517,filterLoc,,
2940,570,filterLoc,out,Evacuee 39 in triage category G is assigned helicopter 2
2940,570,filterLoc,,
2940,571,evacuee,,Evacuee;39;in triage state;G;is entering helicopter;2
2940,624,filterLoc,out,Evacuee 49 in triage category G is assigned helicopter 2
2940,624,filterLoc,,
2940,625,evacuee,,Evacuee;49;in triage state;G;is entering helicopter;2
2940,636,filterLoc,out,Evacuee 51 in triage category G is assigned helicopter 2
2940,636,filterLoc,,
2940,637,evacuee,,Evacuee;51;in triage state;G;is entering helicopter;2
2940,711,filterLoc,out,Evacuee 62 in triage category G is assigned helicopter 2
2940,711,filterLoc,,
2940,712,evacuee,,Evacuee;62;in triage state;G;is entering helicopter;2
2940,975,filterLoc,out,Evacuee 52 in triage category G is assigned helicopter 2
2940,975,filterLoc,,
2940,976,evacuee,,Evacuee;52;in triage state;G;is entering helicopter;2
2940,978,filterLoc,out,Evacuee 41 in triage category G is assigned helicopter 2
2940,978,filterLoc,,
2940,979,evacuee,,Evacuee;41;in triage state;G;is entering helicopter;2
2940,1056,filterLoc,out,Evacuee 36 in triage category G is assigned helicopter 2
2940,1056,filterLoc,,
2940,1057,evacuee,,Evacuee;36;in triage state;G;is entering helicopter;2
2940,1065,filterLoc,out,Evacuee 42 in triage category G is assigned helicopter 2
2940,1065,filterLoc,,
2940,1066,evacuee,,Evacuee;42;in triage state;G;is entering helicopter;2
2940,1132,filterLoc,out,Evacuee 47 in triage category G is assigned helicopter 2
2940,1132,filterLoc,,
2940,1133,evacuee,,Evacuee;47;in triage state;G;is entering helicopter;2
2940,1135,filterLoc,out,Evacuee 56 in triage category G is assigned helicopter 2
2940,1135,filterLoc,,
2940,1136,evacuee,,Evacuee;56;in triage state;G;is entering helicopter;2
2940,103,filterEvac,,
2940,571,evacuee,outHelo,Evacuee 39 in triage category G is assigned helicopter 2
2940,571,evacuee,,Evacuee;39;in triage state;G;is in helicopter;2
2940,625,evacuee,outHelo,Evacuee 49 in triage category G is assigned helicopter 2
2940,625,evacuee,,Evacuee;49;in triage state;G;is in helicopter;2
2940,637,evacuee,outHelo,Evacuee 51 in triage category G is assigned helicopter 2
2940,637,evacuee,,Evacuee;51;in triage state;G;is in helicopter;2
2940,712,evacuee,outHelo,Evacuee 62 in triage category G is assigned helicopter 2
2940,712,evacuee,,Evacuee;62;in triage state;G;is in helicopter;2
2940,976,evacuee,outHelo,Evacuee 52 in triage category G is assigned helicopter 2
2940,976,evacuee,,Evacuee;52;in triage state;G;is in helicopter;2
2940,979,evacuee,outHelo,Evacuee 41 in triage category G is assigned helicopter 2
2940,979,evacuee,,Evacuee;41;in triage state;G;is in helicopter;2
2940,1057,evacuee,outHelo,Evacuee 36 in triage category G is assigned helicopter 2
2940,1057,evacuee,,Evacuee;36;in triage state;G;is in helicopter;2
2940,1066,evacuee,outHelo,Evacuee 42 in triage category G is assigned helicopter 2
2940,1066,evacuee,,Evacuee;42;in triage state;G;is in helicopter;2
2940,1119,filterEvac,,;Evacuee;36;in triage category;G;is entering helicopter;2;Evacuee;39;in triage category;G;is entering helicopter;2;Evacuee;41;in triage category;G;is entering helicopter;2;Evacuee;42;in triage category;G;is entering helicopter;2;Evacuee;47;in triage category;G;is entering helicopter;2;Evacuee;49;in triage category;G;is entering helicopter;2;Evacuee;51;in triage category;G;is entering helicopter;2;Evacuee;52;in triage category;G;is entering helicopter;2;Evacuee;56;in triage category;G;is entering helicopter;2;Evacuee;62;in triage category;G;is entering helicopter;2
2940,1133,evacuee,outHelo,Evacuee 47 in triage category G is assigned helicopter 2
2940,1133,evacuee,,Evacuee;47;in triage state;G;is in helicopter;2
2940,1136,evacuee,outHelo,Evacuee 56 in triage category G is assigned helicopter 2
2940,1136,evacuee,,Evacuee;56;in triage state;G;is in helicopter;2
2940,1159,filterEvac,,
2940,1119,filterEvac,out,Evacuee 36 in triage category G is assigned helicopter 2
2940,1119,filterEvac,out,Evacuee 39 in triage category G is assigned helicopter 2
2940,1119,filterEvac,out,Evacuee 41 in triage category G is assigned helicopter 2
2940,1119,filterEvac,out,Evacuee 42 in triage category G is assigned helicopter 2
2940,1119,filterEvac,out,Evacuee 47 in triage category G is assigned helicopter 2
2940,1119,filterEvac,out,Evacuee 49 in triage category G is assigned helicopter 2
2940,1119,filterEvac,out,Evacuee 51 in triage category G is assigned helicopter 2
2940,1119,filterEvac,out,Evacuee 52 in triage category G is assigned helicopter 2
2940,1119,filterEvac,out,Evacuee 56 in triage category G is assigned helicopter 2
2940,1119,filterEvac,out,Evacuee 62 in triage category G is assigned helicopter 2
2940,1119,filterEvac,,
2940,1121,helicopter,,Helicopter;2;is loading people at the evacuation site;;and has;10;spots taken
2942.31,3,evacueeManager,,OFF SHIP: White;0;Green;153;Yellow;31;Red;8;Black;288;ON SHIP: White;0;Green;0;Yellow;0;Red;0;Evacuees to Transfer;
2942.31,1395,evacuee,outES,Evacuee 205 in triage category Y is not assigned a helicopter
2942.31,1395,evacuee,,Evacuee;205;in triage state;R;is at the evacuation site
2955,4,helipadManager,outHelo,Helicopter 2 is evacuating people2
2955,4,helipadManager,,;No helos are at ES
2955,104,filterES,,
2955,1120,filterES,,Helicopter;2;is evacuating people
2955,1160,filterES,,
2955,4,helipadManager,outHQ,0
2955,4,helipadManager,,;No helos are at ES
2955,5,helicopterQueue,,;No helos are waiting to land
2955,1120,filterES,out,Helicopter 2 is evacuating people2
2955,1120,filterES,,
2955,1121,helicopter,,Helicopter;2;is loading people at the evacuation site;;and has;10;spots taken
2955,5,helicopterQueue,,;No helos are waiting to land
2955,1121,helicopter,,Helicopter;2;is returning to the FOL;;and has;10;spots taken
2964.49,3,evacueeManager,,OFF SHIP: White;0;Green;153;Yellow;31;Red;7;Black;289;ON SHIP: White;0;Green;0;Yellow;0;Red;0;Evacuees to Transfer;
2964.49,1395,evacuee,outES,Evacuee 205 in triage category R is not assigned a helicopter
2964.49,1395,evacuee,,Evacuee;205;in triage state;B;is at the evacuation site
2968.49,3,evacueeManager,,OFF SHIP: White;0;Green;153;Yellow;30;Red;8;Black;289;ON SHIP: White;0;Green;0;Yellow;0;Red;0;Evacuees to Transfer;
2968.49,973,evacuee,outES,Evacuee 61 in triage category Y is not assigned a helicopter
2968.49,973,evacuee,,Evacuee;61;in triage state;R;is at the evacuation site
2970,7,filterLoc,,
2970,10,filterLoc,,
2970,13,filterLoc,,
2970,16,filterLoc,,
2970,19,filterLoc,,
2970,22,filterLoc,,
2970,25,filterLoc,,
2970,28,filterLoc,,
2970,31,filterLoc,,
2970,34,filterLoc,,
2970,37,filterLoc,,
2970,40,filterLoc,,
2970,43,filterLoc,,
2970,46,filterLoc,,
2970,49,filterLoc,,
2970,52,filterLoc,,
2970,55,filterLoc,,
2970,58,filterLoc,,
2970,61,filterLoc,,
2970,64,filterLoc,,
2970,67,filterLoc,,
2970,70,filterLoc,,
2970,73,filterLoc,,
2970,76,filterLoc,,
2970,79,filterLoc,,
2970,82,filterLoc,,
2970,85,filterLoc,,
2970,88,filterLoc,,
2970,91,filterLoc,,
2970,94,filterLoc,,
2970,97,filterLoc,,
2970,100,filterLoc,,
2970,107,filterLoc,,
2970,110,filterLoc,,
2970,113,filterLoc,,
2970,116,filterLoc,,
2970,119,filterLoc,,
2970,122,filterLoc,,
2970,125,filterLoc,,
2970,128,filterLoc,,
2970,131,filterLoc,,
2970,134,filterLoc,,
2970,137,filterLoc,,
2970,140,filterLoc,,
2970,143,filterLoc,,
2970,146,filterLoc,,
2970,149,filterLoc,,
2970,152,filterLoc,,
2970,155,filterLoc,,
2970,158,filterLoc,,
2970,161,filterLoc,,
2970,164,filterLoc,,
2970,167,filterLoc,,
2970,170,filterLoc,,
2970,173,filterLoc,,
2970,176,filterLoc,,
2970,179,filterLoc,,
2970,182,filterLoc,,
2970,185,filterLoc,,
2970,188,filterLoc,,
2970,191,filterLoc,,
2970,194,filterLoc,,
2970,197,filterLoc,,
2970,200,filterLoc,,
2970,203,filterLoc,,
2970,206,filterLoc,,
2970,209,filterLoc,,
2970,212,filterLoc,,
2970,215,filterLoc,,
2970,218,filterLoc,,
2970,221,filterLoc,,
2970,225,filterLoc,,
2970,228,filterLoc,,
2970,231,filterLoc,,
2970,234,filterLoc,,
2970,237,filterLoc,,
2970,240,filterLoc,,
2970,243,filterLoc,,
2970,246,filterLoc,,
2970,249,filterLoc,,
2970,252,filterLoc,,
2970,255,filterLoc,,
2970,258,filterLoc,,
2970,261,filterLoc,,
2970,264,filterLoc,,
2970,267,filterLoc,,
2970,270,filterLoc,,
2970,273,filterLoc,,
2970,276,filterLoc,,
2970,279,filterLoc,,
2970,282,filterLoc,,
2970,285,filterLoc,,
2970,288,filterLoc,,
2970,291,filterLoc,,
2970,294,filterLoc,,
2970,297,filterLoc,,
2970,300,filterLoc,,
2970,303,filterLoc,,
2970,306,filterLoc,,
2970,309,filterLoc,,
2970,312,filterLoc,,
2970,315,filterLoc,,
2970,318,filterLoc,,
2970,321,filterLoc,,
2970,324,filterLoc,,
2970,327,filterLoc,,
2970,330,filterLoc,,
2970,333,filterLoc,,
2970,336,filterLoc,,
2970,339,filterLoc,,
2970,342,filterLoc,,
2970,345,filterLoc,,
2970,348,filterLoc,,
2970,351,filterLoc,,
2970,354,filterLoc,,
2970,357,filterLoc,,
2970,360,filterLoc,,
2970,363,filterLoc,,
2970,366,filterLoc,,
2970,369,filterLoc,,
2970,372,filterLoc,,
2970,375,filterLoc,,
2970,378,filterLoc,,
2970,381,filterLoc,,
2970,384,filterLoc,,
2970,387,filterLoc,,
2970,390,filterLoc,,
2970,393,filterLoc,,
2970,396,filterLoc,,
2970,399,filterLoc,,
2970,402,filterLoc,,
2970,405,filterLoc,,
2970,408,filterLoc,,
2970,411,filterLoc,,
2970,414,filterLoc,,
2970,417,filterLoc,,
2970,420,filterLoc,,
2970,423,filterLoc,,
2970,426,filterLoc,,
2970,429,filterLoc,,
2970,432,filterLoc,,
2970,435,filterLoc,,
2970,438,filterLoc,,
2970,441,filterLoc,,
2970,444,filterLoc,,
2970,447,filterLoc,,
2970,450,filterLoc,,
2970,453,filterLoc,,
2970,456,filterLoc,,
2970,459,filterLoc,,
2970,462,filterLoc,,
2970,465,filterLoc,,
2970,468,filterLoc,,
2970,471,filterLoc,,
2970,474,filterLoc,,
2970,477,filterLoc,,
2970,480,filterLoc,,
2970,483,filterLoc,,
2970,486,filterLoc,,
2970,489,filterLoc,,
2970,492,filterLoc,,
2970,495,filterLoc,,
2970,498,filterLoc,,
2970,501,filterLoc,,
2970,504,filterLoc,,
2970,507,filterLoc,,
2970,510,filterLoc,,
2970,513,filterLoc,,
2970,516,filterLoc,,
2970,519,filterLoc,,
2970,522,filterLoc,,
2970,525,filterLoc,,
2970,528,filterLoc,,
2970,531,filterLoc,,
2970,534,filterLoc,,
2970,537,filterLoc,,
2970,540,filterLoc,,
2970,543,filterLoc,,
2970,546,filterLoc,,
2970,549,filterLoc,,
2970,552,filterLoc,,
2970,555,filterLoc,,
2970,558,filterLoc,,
2970,561,filterLoc,,
2970,564,filterLoc,,
2970,567,filterLoc,,
2970,570,filterLoc,,
2970,573,filterLoc,,
2970,576,filterLoc,,
2970,579,filterLoc,,
2970,582,filterLoc,,
2970,585,filterLoc,,
2970,588,filterLoc,,
2970,591,filterLoc,,
2970,594,filterLoc,,
2970,597,filterLoc,,
2970,600,filterLoc,,
2970,603,filterLoc,,
2970,606,filterLoc,,
2970,609,filterLoc,,
2970,612,filterLoc,,
2970,615,filterLoc,,
2970,618,filterLoc,,
2970,621,filterLoc,,
2970,624,filterLoc,,
2970,627,filterLoc,,
2970,630,filterLoc,,
2970,633,filterLoc,,
2970,636,filterLoc,,
2970,639,filterLoc,,
2970,642,filterLoc,,
2970,645,filterLoc,,
2970,648,filterLoc,,
2970,651,filterLoc,,
2970,654,filterLoc,,
2970,657,filterLoc,,
2970,660,filterLoc,,
2970,663,filterLoc,,
2970,666,filterLoc,,
2970,669,filterLoc,,
2970,672,filterLoc,,
2970,675,filterLoc,,
2970,678,filterLoc,,
2970,681,filterLoc,,
2970,684,filterLoc,,
2970,687,filterLoc,,
2970,690,filterLoc,,
2970,693,filterLoc,,
2970,696,filterLoc,,
2970,699,filterLoc,,
2970,702,filterLoc,,
2970,705,filterLoc,,
2970,708,filterLoc,,
2970,711,filterLoc,,
2970,714,filterLoc,,
2970,717,filterLoc,,
2970,720,filterLoc,,
2970,723,filterLoc,,
2970,726,filterLoc,,
2970,729,filterLoc,,
2970,732,filterLoc,,
2970,735,filterLoc,,
2970,738,filterLoc,,
2970,741,filterLoc,,
2970,744,filterLoc,,
2970,747,filterLoc,,
2970,750,filterLoc,,
2970,753,filterLoc,,
2970,756,filterLoc,,
2970,759,filterLoc,,
2970,762,filterLoc,,
2970,765,filterLoc,,
2970,768,filterLoc,,;Evacuee;5;in triage category;G;is leaving helicopter;1
2970,771,filterLoc,,
2970,774,filterLoc,,
2970,777,filterLoc,,
2970,780,filterLoc,,
2970,783,filterLoc,,
2970,786,filterLoc,,
2970,789,filterLoc,,
2970,792,filterLoc,,
2970,795,filterLoc,,
2970,798,filterLoc,,
2970,801,filterLoc,,
2970,804,filterLoc,,
2970,807,filterLoc,,
2970,810,filterLoc,,
2970,813,filterLoc,,
2970,816,filterLoc,,
2970,819,filterLoc,,
2970,822,filterLoc,,
2970,825,filterLoc,,
2970,828,filterLoc,,
2970,831,filterLoc,,
2970,834,filterLoc,,
2970,837,filterLoc,,
2970,840,filterLoc,,
2970,843,filterLoc,,
2970,846,filterLoc,,
2970,849,filterLoc,,
2970,852,filterLoc,,;Evacuee;8;in triage category;G;is leaving helicopter;1
2970,855,filterLoc,,;Evacuee;3;in triage category;G;is leaving helicopter;1
2970,858,filterLoc,,
2970,861,filterLoc,,
2970,864,filterLoc,,
2970,867,filterLoc,,
2970,870,filterLoc,,
2970,873,filterLoc,,
2970,876,filterLoc,,
2970,879,filterLoc,,
2970,882,filterLoc,,
2970,885,filterLoc,,
2970,888,filterLoc,,
2970,891,filterLoc,,
2970,894,filterLoc,,
2970,897,filterLoc,,
2970,900,filterLoc,,
2970,903,filterLoc,,;Evacuee;6;in triage category;G;is leaving helicopter;1
2970,906,filterLoc,,
2970,909,filterLoc,,
2970,912,filterLoc,,
2970,915,filterLoc,,
2970,918,filterLoc,,
2970,921,filterLoc,,
2970,924,filterLoc,,
2970,927,filterLoc,,
2970,930,filterLoc,,
2970,933,filterLoc,,
2970,936,filterLoc,,
2970,939,filterLoc,,
2970,942,filterLoc,,
2970,945,filterLoc,,
2970,948,filterLoc,,
2970,951,filterLoc,,
2970,954,filterLoc,,
2970,957,filterLoc,,
2970,960,filterLoc,,
2970,963,filterLoc,,
2970,966,filterLoc,,
2970,969,filterLoc,,
2970,972,filterLoc,,
2970,975,filterLoc,,
2970,978,filterLoc,,
2970,981,filterLoc,,
2970,984,filterLoc,,
2970,987,filterLoc,,
2970,990,filterLoc,,
2970,993,filterLoc,,;Evacuee;21;in triage category;G;is leaving helicopter;1
2970,996,filterLoc,,
2970,999,filterLoc,,
2970,1002,filterLoc,,
2970,1005,filterLoc,,
2970,1008,filterLoc,,
2970,1011,filterLoc,,
2970,1014,filterLoc,,
2970,1017,filterLoc,,
2970,1020,filterLoc,,
2970,1023,filterLoc,,
2970,1026,filterLoc,,
2970,1029,filterLoc,,
2970,1032,filterLoc,,
2970,1035,filterLoc,,
2970,1038,filterLoc,,
2970,1041,filterLoc,,
2970,1044,filterLoc,,
2970,1047,filterLoc,,;Evacuee;20;in triage category;G;is leaving helicopter;1
2970,1050,filterLoc,,;Evacuee;35;in triage category;G;is leaving helicopter;1
2970,1053,filterLoc,,
2970,1056,filterLoc,,
2970,1059,filterLoc,,
2970,1062,filterLoc,,
2970,1065,filterLoc,,
2970,1068,filterLoc,,
2970,1071,filterLoc,,
2970,1074,filterLoc,,
2970,1077,filterLoc,,
2970,1080,filterLoc,,
2970,1083,filterLoc,,
2970,1086,filterLoc,,
2970,1089,filterLoc,,
2970,1092,filterLoc,,
2970,1095,filterLoc,,
2970,1098,filterLoc,,
2970,1101,filterLoc,,
2970,1104,filterLoc,,
2970,1107,filterLoc,,
2970,1110,filterLoc,,
2970,1113,filterLoc,,
2970,1116,filterLoc,,
2970,1123,filterLoc,,
2970,1126,filterLoc,,
2970,1129,filterLoc,,
2970,1132,filterLoc,,
2970,1135,filterLoc,,
2970,1138,filterLoc,,
2970,1141,filterLoc,,
2970,1144,filterLoc,,
2970,1147,filterLoc,,
2970,1150,filterLoc,,
2970,1153,filterLoc,,
2970,1156,filterLoc,,
2970,1161,helicopter,outEvac,Evacuee 3 in triage category G is not assigned a helicopter
2970,1161,helicopter,outEvac,Evacuee 5 in triage category G is not assigned a helicopter
2970,1161,helicopter,outEvac,Evacuee 6 in triage category G is not assigned a helicopter
2970,1161,helicopter,outEvac,Evacuee 7 in triage category G is not assigned a helicopter
2970,1161,helicopter,outEvac,Evacuee 8 in triage category G is not assigned a helicopter
2970,1161,helicopter,outEvac,Evacuee 16 in triage category G is not assigned a helicopter
2970,1161,helicopter,outEvac,Evacuee 20 in triage category G is not assigned a helicopter
2970,1161,helicopter,outEvac,Evacuee 21 in triage category G is not assigned a helicopter
2970,1161,helicopter,outEvac,Evacuee 27 in triage category G is not assigned a helicopter
2970,1161,helicopter,outEvac,Evacuee 35 in triage category G is not assigned a helicopter
2970,1161,helicopter,,Helicopter;1;is unloading people at the FOL;;and has;0;spots taken
2970,1163,filterLoc,,
2970,1166,filterLoc,,
2970,1169,filterLoc,,
2970,1172,filterLoc,,
2970,1175,filterLoc,,
2970,1178,filterLoc,,
2970,1181,filterLoc,,
2970,1184,filterLoc,,
2970,1187,filterLoc,,
2970,1190,filterLoc,,
2970,1193,filterLoc,,
2970,1196,filterLoc,,
2970,1199,filterLoc,,
2970,1202,filterLoc,,
2970,1205,filterLoc,,
2970,1208,filterLoc,,
2970,1211,filterLoc,,
2970,1214,filterLoc,,
2970,1217,filterLoc,,
2970,1220,filterLoc,,
2970,1223,filterLoc,,
2970,1226,filterLoc,,
2970,1229,filterLoc,,
2970,1232,filterLoc,,
2970,1235,filterLoc,,
2970,1238,filterLoc,,
2970,1241,filterLoc,,
2970,1244,filterLoc,,
2970,1247,filterLoc,,
2970,1250,filterLoc,,
2970,1253,filterLoc,,
2970,1256,filterLoc,,
2970,1259,filterLoc,,
2970,1262,filterLoc,,
2970,1265,filterLoc,,;Evacuee;16;in triage category;G;is leaving helicopter;1
2970,1268,filterLoc,,
2970,1271,filterLoc,,
2970,1274,filterLoc,,
2970,1277,filterLoc,,
2970,1280,filterLoc,,
2970,1283,filterLoc,,
2970,1286,filterLoc,,
2970,1289,filterLoc,,
2970,1292,filterLoc,,
2970,1295,filterLoc,,
2970,1298,filterLoc,,
2970,1301,filterLoc,,
2970,1304,filterLoc,,
2970,1307,filterLoc,,
2970,1310,filterLoc,,
2970,1313,filterLoc,,
2970,1316,filterLoc,,
2970,1319,filterLoc,,
2970,1322,filterLoc,,
2970,1325,filterLoc,,
2970,1328,filterLoc,,
2970,1331,filterLoc,,
2970,1334,filterLoc,,
2970,1337,filterLoc,,
2970,1340,filterLoc,,
2970,1343,filterLoc,,
2970,1346,filterLoc,,
2970,1349,filterLoc,,
2970,1352,filterLoc,,
2970,1355,filterLoc,,
2970,1358,filterLoc,,
2970,1361,filterLoc,,
2970,1364,filterLoc,,
2970,1367,filterLoc,,
2970,1370,filterLoc,,
2970,1373,filterLoc,,
2970,1376,filterLoc,,
2970,1379,filterLoc,,
2970,1382,filterLoc,,
2970,1385,filterLoc,,
2970,1388,filterLoc,,
2970,1391,filterLoc,,
2970,1394,filterLoc,,
2970,1397,filterLoc,,
2970,1400,filterLoc,,
2970,1403,filterLoc,,
2970,1406,filterLoc,,
2970,1409,filterLoc,,
2970,1412,filterLoc,,;Evacuee;27;in triage category;G;is leaving helicopter;1
2970,1415,filterLoc,,
2970,1418,filterLoc,,
2970,1421,filterLoc,,
2970,1424,filterLoc,,
2970,1427,filterLoc,,
2970,1430,filterLoc,,
2970,1433,filterLoc,,
2970,1436,filterLoc,,
2970,1439,filterLoc,,
2970,1442,filterLoc,,
2970,1445,filterLoc,,
2970,1448,filterLoc,,
2970,1451,filterLoc,,
2970,1454,filterLoc,,
2970,1457,filterLoc,,
2970,1460,filterLoc,,
2970,1463,filterLoc,,
2970,1466,filterLoc,,
2970,1469,filterLoc,,;Evacuee;7;in triage category;G;is leaving helicopter;1
2970,1472,filterLoc,,
2970,1475,filterLoc,,
2970,1478,filterLoc,,
2970,1481,filterLoc,,
2970,1484,filterLoc,,
2970,1487,filterLoc,,
2970,1490,filterLoc,,
2970,1493,filterLoc,,
2970,1496,filterLoc,,
2970,1499,filterLoc,,
2970,1502,filterLoc,,
2970,1505,filterLoc,,
2970,1508,filterLoc,,
2970,1511,filterLoc,,
2970,1514,filterLoc,,
2970,1517,filterLoc,,
2970,768,filterLoc,out,Evacuee 5 in triage category G is not assigned a helicopter
2970,768,filterLoc,,
2970,769,evacuee,,Evacuee;5;in triage state;G;is entering the FOL
2970,852,filterLoc,out,Evacuee 8 in triage category G is not assigned a helicopter
2970,852,filterLoc,,
2970,853,evacuee,,Evacuee;8;in triage state;G;is entering the FOL
2970,855,filterLoc,out,Evacuee 3 in triage category G is not assigned a helicopter
2970,855,filterLoc,,
2970,856,evacuee,,Evacuee;3;in triage state;G;is entering the FOL
2970,903,filterLoc,out,Evacuee 6 in triage category G is not assigned a helicopter
2970,903,filterLoc,,
2970,904,evacuee,,Evacuee;6;in triage state;G;is entering the FOL
2970,993,filterLoc,out,Evacuee 21 in triage category G is not assigned a helicopter
2970,993,filterLoc,,
2970,994,evacuee,,Evacuee;21;in triage state;G;is entering the FOL
2970,1047,filterLoc,out,Evacuee 20 in triage category G is not assigned a helicopter
2970,1047,filterLoc,,
2970,1048,evacuee,,Evacuee;20;in triage state;G;is entering the FOL
2970,1050,filterLoc,out,Evacuee 35 in triage category G is not assigned a helicopter
2970,1050,filterLoc,,
2970,1051,evacuee,,Evacuee;35;in triage state;G;is entering the FOL
2970,1265,filterLoc,out,Evacuee 16 in triage category G is not assigned a helicopter
2970,1265,filterLoc,,
2970,1266,evacuee,,Evacuee;16;in triage state;G;is entering the FOL
2970,1412,filterLoc,out,Evacuee 27 in triage category G is not assigned a helicopter
2970,1412,filterLoc,,
2970,1413,evacuee,,Evacuee;27;in triage state;G;is entering the FOL
2970,1469,filterLoc,out,Evacuee 7 in triage category G is not assigned a helicopter
2970,1469,filterLoc,,
2970,1470,evacuee,,Evacuee;7;in triage state;G;is entering the FOL
2970,223,FOL,,;EvacueeID;3;Triage Status;G;EvacueeID;5;Triage Status;G;EvacueeID;6;Triage Status;G;EvacueeID;7;Triage Status;G;EvacueeID;8;Triage Status;G;EvacueeID;16;Triage Status;G;EvacueeID;20;Triage Status;G;EvacueeID;21;Triage Status;G;EvacueeID;27;Triage Status;G;EvacueeID;35;Triage Status;G;Lives Saved;10
2970,769,evacuee,outFOL,Evacuee 5 in triage category G is not assigned a helicopter
2970,769,evacuee,,Evacuee;5;in triage state;G;is at the FOL
2970,853,evacuee,outFOL,Evacuee 8 in triage category G is not assigned a helicopter
2970,853,evacuee,,Evacuee;8;in triage state;G;is at the FOL
2970,856,evacuee,outFOL,Evacuee 3 in triage category G is not assigned a helicopter
2970,856,evacuee,,Evacuee;3;in triage state;G;is at the FOL
2970,904,evacuee,outFOL,Evacuee 6 in triage category G is not assigned a helicopter
2970,904,evacuee,,Evacuee;6;in triage state;G;is at the FOL
2970,994,evacuee,outFOL,Evacuee 21 in triage category G is not assigned a helicopter
2970,994,evacuee,,Evacuee;21;in triage state;G;is at the FOL
2970,1048,evacuee,outFOL,Evacuee 20 in triage category G is not assigned a helicopter
2970,1048,evacuee,,Evacuee;20;in triage state;G;is at the FOL
2970,1051,evacuee,outFOL,Evacuee 35 in triage category G is not assigned a helicopter
2970,1051,evacuee,,Evacuee;35;in triage state;G;is at the FOL
2970,1266,evacuee,outFOL,Evacuee 16 in triage category G is not assigned a helicopter
2970,1266,evacuee,,Evacuee;16;in triage state;G;is at the FOL
2970,1413,evacuee,outFOL,Evacuee 27 in triage category G is not assigned a helicopter
2970,1413,evacuee,,Evacuee;27;in triage state;G;is at the FOL
2970,1470,evacuee,outFOL,Evacuee 7 in triage category G is not assigned a helicopter
2970,1470,evacuee,,Evacuee;7;in triage state;G;is at the FOL
2970,223,FOL,,;EvacueeID;3;Triage Status;G;EvacueeID;5;Triage Status;G;EvacueeID;6;Triage Status;G;EvacueeID;7;Triage Status;G;EvacueeID;8;Triage Status;G;EvacueeID;16;Triage Status;G;EvacueeID;20;Triage Status;G;EvacueeID;21;Triage Status;G;EvacueeID;27;Triage Status;G;EvacueeID;35;Triage Status;G;Lives Saved;10
2977.31,3,evacueeManager,,OFF SHIP: White;0;Green;153;Yellow;30;Red;7;Black;290;ON SHIP: White;0;Green;0;Yellow;0;Red;0;Evacuees to Transfer;
2977.31,898,evacuee,outES,Evacuee 150 in triage category R is not assigned a helicopter
2977.31,898,evacuee,,Evacuee;150;in triage state;B;is at the evacuation site
2980.35,3,evacueeManager,,OFF SHIP: White;0;Green;152;Yellow;31;Red;7;Black;290;ON SHIP: White;0;Green;0;Yellow;0;Red;0;Evacuees to Transfer;
2980.35,198,evacuee,outES,Evacuee 427 in triage category G is not assigned a helicopter
2980.35,198,evacuee,,Evacuee;427;in triage state;Y;is at the evacuation site
2985,1161,helicopter,,Helicopter;1;Is going to the evacuation site;;and has;0;spots taken
2986.09,3,evacueeManager,,OFF SHIP: White;0;Green;152;Yellow;31;Red;6;Black;291;ON SHIP: White;0;Green;0;Yellow;0;Red;0;Evacuees to Transfer;
2986.09,195,evacuee,outES,Evacuee 381 in triage category R is not assigned a helicopter
2986.09,195,evacuee,,Evacuee;381;in triage state;B;is at the evacuation site
2995.4,3,evacueeManager,,OFF SHIP: White;0;Green;152;Yellow;30;Red;7;Black;291;ON SHIP: White;0;Green;0;Yellow;0;Red;0;Evacuees to Transfer;
2995.4,192,evacuee,outES,Evacuee 382 in triage category Y is not assigned a helicopter
2995.4,192,evacuee,,Evacuee;382;in triage state;R;is at the evacuation site
3000,5,helicopterQueue,,1;Helos are waiting to land;HeloID;3
3000,105,helicopter,outES,Helicopter 3 is evacuating people3
3000,105,helicopter,,Helicopter;3;is waiting to land at the evacuation site;;and has;0;spots taken
3000,4,helipadManager,,;No helos are at ES
3000,5,helicopterQueue,outHM,Helicopter 3 is evacuating people3
3000,5,helicopterQueue,outHelo,Helicopter 3 is evacuating people3
3000,5,helicopterQueue,,;No helos are waiting to land
3000,104,filterES,,Helicopter;3;is evacuating people
3000,1120,filterES,,
3000,1160,filterES,,
3000,3,evacueeManager,,OFF SHIP: White;0;Green;142;Yellow;30;Red;7;Black;291;ON SHIP: White;0;Green;0;Yellow;0;Red;0;Evacuees to Transfer;;EvacueeID;63;HeloID;3;OnShip;0;Triage Status;G;EvacueeID;66;HeloID;3;OnShip;0;Triage Status;G;EvacueeID;68;HeloID;3;OnShip;0;Triage Status;G;EvacueeID;69;HeloID;3;OnShip;0;Triage Status;G;EvacueeID;70;HeloID;3;OnShip;0;Triage Status;G;EvacueeID;72;HeloID;3;OnShip;0;Triage Status;G;EvacueeID;79;HeloID;3;OnShip;0;Triage Status;G;EvacueeID;80;HeloID;3;OnShip;0;Triage Status;G;EvacueeID;84;HeloID;3;OnShip;0;Triage Status;G;EvacueeID;86;HeloID;3;OnShip;0;Triage Status;G
3000,4,helipadManager,outEM,Helicopter 3 is evacuating people3
3000,4,helipadManager,,Helo;3;is at the ES
3000,104,filterES,out,Helicopter 3 is evacuating people3
3000,104,filterES,,
3000,105,helicopter,,Helicopter;3;is waiting to land at the evacuation site;;and has;0;spots taken
3000,3,evacueeManager,outEvac,Evacuee 63 in triage category G is assigned helicopter 3
3000,3,evacueeManager,outEvac,Evacuee 66 in triage category G is assigned helicopter 3
3000,3,evacueeManager,outEvac,Evacuee 68 in triage category G is assigned helicopter 3
3000,3,evacueeManager,outEvac,Evacuee 69 in triage category G is assigned helicopter 3
3000,3,evacueeManager,outEvac,Evacuee 70 in triage category G is assigned helicopter 3
3000,3,evacueeManager,outEvac,Evacuee 72 in triage category G is assigned helicopter 3
3000,3,evacueeManager,outEvac,Evacuee 79 in triage category G is assigned helicopter 3
3000,3,evacueeManager,outEvac,Evacuee 80 in triage category G is assigned helicopter 3
3000,3,evacueeManager,outEvac,Evacuee 84 in triage category G is assigned helicopter 3
3000,3,evacueeManager,outEvac,Evacuee 86 in triage category G is assigned helicopter 3
3000,3,evacueeManager,,OFF SHIP: White;0;Green;142;Yellow;30;Red;7;Black;291;ON SHIP: White;0;Green;0;Yellow;0;Red;0;Evacuees to Transfer;
3000,7,filterLoc,,
3000,10,filterLoc,,
3000,13,filterLoc,,
3000,16,filterLoc,,
3000,19,filterLoc,,
3000,22,filterLoc,,
3000,25,filterLoc,,
3000,28,filterLoc,,
3000,31,filterLoc,,
3000,34,filterLoc,,
3000,37,filterLoc,,
3000,40,filterLoc,,
3000,43,filterLoc,,
3000,46,filterLoc,,
3000,49,filterLoc,,
3000,52,filterLoc,,
3000,55,filterLoc,,
3000,58,filterLoc,,
3000,61,filterLoc,,
3000,64,filterLoc,,
3000,67,filterLoc,,
3000,70,filterLoc,,
3000,73,filterLoc,,
3000,76,filterLoc,,
3000,79,filterLoc,,
3000,82,filterLoc,,
3000,85,filterLoc,,
3000,88,filterLoc,,
3000,91,filterLoc,,
3000,94,filterLoc,,
3000,97,filterLoc,,
3000,100,filterLoc,,
3000,105,helicopter,,Helicopter;3;is loading people at the evacuation site;;and has;0;spots taken
3000,107,filterLoc,,
3000,110,filterLoc,,
3000,113,filterLoc,,
3000,116,filterLoc,,
3000,119,filterLoc,,
3000,122,filterLoc,,
3000,125,filterLoc,,
3000,128,filterLoc,,
3000,131,filterLoc,,
3000,134,filterLoc,,
3000,137,filterLoc,,
3000,140,filterLoc,,
3000,143,filterLoc,,
3000,146,filterLoc,,
3000,149,filterLoc,,
3000,152,filterLoc,,
3000,155,filterLoc,,
3000,158,filterLoc,,
3000,161,filterLoc,,
3000,164,filterLoc,,
3000,167,filterLoc,,
3000,170,filterLoc,,
3000,173,filterLoc,,
3000,176,filterLoc,,
3000,179,filterLoc,,
3000,182,filterLoc,,
3000,185,filterLoc,,
3000,188,filterLoc,,
3000,191,filterLoc,,
3000,194,filterLoc,,
3000,197,filterLoc,,
3000,200,filterLoc,,
3000,203,filterLoc,,
3000,206,filterLoc,,
3000,209,filterLoc,,
3000,212,filterLoc,,
3000,215,filterLoc,,
3000,218,filterLoc,,
3000,221,filterLoc,,
3000,225,filterLoc,,
3000,228,filterLoc,,
3000,231,filterLoc,,
3000,234,filterLoc,,
3000,237,filterLoc,,
3000,240,filterLoc,,
3000,243,filterLoc,,
3000,246,filterLoc,,
3000,249,filterLoc,,
3000,252,filterLoc,,
3000,255,filterLoc,,
3000,258,filterLoc,,
3000,261,filterLoc,,
3000,264,filterLoc,,
3000,267,filterLoc,,
3000,270,filterLoc,,
3000,273,filterLoc,,
3000,276,filterLoc,,
3000,279,filterLoc,,
3000,282,filterLoc,,
3000,285,filterLoc,,
3000,288,filterLoc,,
3000,291,filterLoc,,
3000,294,filterLoc,,
3000,297,filterLoc,,
3000,300,filterLoc,,
3000,303,filterLoc,,
3000,306,filterLoc,,
3000,309,filterLoc,,
3000,312,filterLoc,,
3000,315,filterLoc,,
3000,318,filterLoc,,
3000,321,filterLoc,,
3000,324,filterLoc,,
3000,327,filterLoc,,
3000,330,filterLoc,,
3000,333,filterLoc,,
3000,336,filterLoc,,
3000,339,filterLoc,,
3000,342,filterLoc,,
3000,345,filterLoc,,
3000,348,filterLoc,,
3000,351,filterLoc,,
3000,354,filterLoc,,
3000,357,filterLoc,,
3000,360,filterLoc,,
3000,363,filterLoc,,
3000,366,filterLoc,,
3000,369,filterLoc,,
3000,372,filterLoc,,
3000,375,filterLoc,,
3000,378,filterLoc,,
3000,381,filterLoc,,
3000,384,filterLoc,,
3000,387,filterLoc,,
3000,390,filterLoc,,
3000,393,filterLoc,,
3000,396,filterLoc,,
3000,399,filterLoc,,
3000,402,filterLoc,,
3000,405,filterLoc,,
3000,408,filterLoc,,
3000,411,filterLoc,,
3000,414,filterLoc,,
3000,417,filterLoc,,
3000,420,filterLoc,,
3000,423,filterLoc,,
3000,426,filterLoc,,
3000,429,filterLoc,,
3000,432,filterLoc,,
3000,435,filterLoc,,
3000,438,filterLoc,,
3000,441,filterLoc,,
3000,444,filterLoc,,
3000,447,filterLoc,,
3000,450,filterLoc,,
3000,453,filterLoc,,
3000,456,filterLoc,,
3000,459,filterLoc,,
3000,462,filterLoc,,
3000,465,filterLoc,,
3000,468,filterLoc,,
3000,471,filterLoc,,
3000,474,filterLoc,,
3000,477,filterLoc,,
3000,480,filterLoc,,
3000,483,filterLoc,,
3000,486,filterLoc,,
3000,489,filterLoc,,
3000,492,filterLoc,,
3000,495,filterLoc,,
3000,498,filterLoc,,
3000,501,filterLoc,,
3000,504,filterLoc,,
3000,507,filterLoc,,
3000,510,filterLoc,,
3000,513,filterLoc,,
3000,516,filterLoc,,
3000,519,filterLoc,,
3000,522,filterLoc,,
3000,525,filterLoc,,
3000,528,filterLoc,,
3000,531,filterLoc,,
3000,534,filterLoc,,
3000,537,filterLoc,,
3000,540,filterLoc,,
3000,543,filterLoc,,
3000,546,filterLoc,,
3000,549,filterLoc,,
3000,552,filterLoc,,
3000,555,filterLoc,,
3000,558,filterLoc,,
3000,561,filterLoc,,
3000,564,filterLoc,,
3000,567,filterLoc,,
3000,570,filterLoc,,
3000,573,filterLoc,,
3000,576,filterLoc,,
3000,579,filterLoc,,
3000,582,filterLoc,,
3000,585,filterLoc,,
3000,588,filterLoc,,
3000,591,filterLoc,,
3000,594,filterLoc,,
3000,597,filterLoc,,
3000,600,filterLoc,,
3000,603,filterLoc,,
3000,606,filterLoc,,
3000,609,filterLoc,,
3000,612,filterLoc,,
3000,615,filterLoc,,
3000,618,filterLoc,,
3000,621,filterLoc,,
3000,624,filterLoc,,
3000,627,filterLoc,,
3000,630,filterLoc,,
3000,633,filterLoc,,;Evacuee;86;in triage category;G;is entering helicopter;3
3000,636,filterLoc,,
3000,639,filterLoc,,
3000,642,filterLoc,,;Evacuee;80;in triage category;G;is entering helicopter;3
3000,645,filterLoc,,;Evacuee;79;in triage category;G;is entering helicopter;3
3000,648,filterLoc,,
3000,651,filterLoc,,
3000,654,filterLoc,,
3000,657,filterLoc,,
3000,660,filterLoc,,
3000,663,filterLoc,,
3000,666,filterLoc,,
3000,669,filterLoc,,
3000,672,filterLoc,,
3000,675,filterLoc,,
3000,678,filterLoc,,
3000,681,filterLoc,,
3000,684,filterLoc,,
3000,687,filterLoc,,
3000,690,filterLoc,,
3000,693,filterLoc,,
3000,696,filterLoc,,
3000,699,filterLoc,,
3000,702,filterLoc,,
3000,705,filterLoc,,
3000,708,filterLoc,,;Evacuee;66;in triage category;G;is entering helicopter;3
3000,711,filterLoc,,
3000,714,filterLoc,,
3000,717,filterLoc,,
3000,720,filterLoc,,
3000,723,filterLoc,,
3000,726,filterLoc,,
3000,729,filterLoc,,
3000,732,filterLoc,,
3000,735,filterLoc,,
3000,738,filterLoc,,
3000,741,filterLoc,,
3000,744,filterLoc,,
3000,747,filterLoc,,
3000,750,filterLoc,,
3000,753,filterLoc,,
3000,756,filterLoc,,
3000,759,filterLoc,,
3000,762,filterLoc,,
3000,765,filterLoc,,;Evacuee;70;in triage category;G;is entering helicopter;3
3000,768,filterLoc,,
3000,771,filterLoc,,
3000,774,filterLoc,,
3000,777,filterLoc,,
3000,780,filterLoc,,
3000,783,filterLoc,,
3000,786,filterLoc,,
3000,789,filterLoc,,
3000,792,filterLoc,,
3000,795,filterLoc,,
3000,798,filterLoc,,
3000,801,filterLoc,,
3000,804,filterLoc,,
3000,807,filterLoc,,
3000,810,filterLoc,,
3000,813,filterLoc,,
3000,816,filterLoc,,
3000,819,filterLoc,,
3000,822,filterLoc,,
3000,825,filterLoc,,
3000,828,filterLoc,,
3000,831,filterLoc,,
3000,834,filterLoc,,
3000,837,filterLoc,,
3000,840,filterLoc,,
3000,843,filterLoc,,
3000,846,filterLoc,,
3000,849,filterLoc,,
3000,852,filterLoc,,
3000,855,filterLoc,,
3000,858,filterLoc,,
3000,861,filterLoc,,
3000,864,filterLoc,,
3000,867,filterLoc,,
3000,870,filterLoc,,
3000,873,filterLoc,,
3000,876,filterLoc,,
3000,879,filterLoc,,
3000,882,filterLoc,,
3000,885,filterLoc,,
3000,888,filterLoc,,
3000,891,filterLoc,,
3000,894,filterLoc,,
3000,897,filterLoc,,
3000,900,filterLoc,,
3000,903,filterLoc,,
3000,906,filterLoc,,
3000,909,filterLoc,,
3000,912,filterLoc,,
3000,915,filterLoc,,
3000,918,filterLoc,,
3000,921,filterLoc,,
3000,924,filterLoc,,
3000,927,filterLoc,,
3000,930,filterLoc,,
3000,933,filterLoc,,
3000,936,filterLoc,,
3000,939,filterLoc,,
3000,942,filterLoc,,
3000,945,filterLoc,,
3000,948,filterLoc,,
3000,951,filterLoc,,
3000,954,filterLoc,,
3000,957,filterLoc,,
3000,960,filterLoc,,
3000,963,filterLoc,,
3000,966,filterLoc,,
3000,969,filterLoc,,
3000,972,filterLoc,,
3000,975,filterLoc,,
3000,978,filterLoc,,
3000,981,filterLoc,,
3000,984,filterLoc,,
3000,987,filterLoc,,
3000,990,filterLoc,,
3000,993,filterLoc,,
3000,996,filterLoc,,;Evacuee;68;in triage category;G;is entering helicopter;3
3000,999,filterLoc,,;Evacuee;72;in triage category;G;is entering helicopter;3
3000,1002,filterLoc,,
3000,1005,filterLoc,,
3000,1008,filterLoc,,
3000,1011,filterLoc,,
3000,1014,filterLoc,,
3000,1017,filterLoc,,
3000,1020,filterLoc,,
3000,1023,filterLoc,,
3000,1026,filterLoc,,
3000,1029,filterLoc,,
3000,1032,filterLoc,,
3000,1035,filterLoc,,
3000,1038,filterLoc,,
3000,1041,filterLoc,,
3000,1044,filterLoc,,
3000,1047,filterLoc,,
3000,1050,filterLoc,,
3000,1053,filterLoc,,
3000,1056,filterLoc,,
3000,1059,filterLoc,,
3000,1062,filterLoc,,;Evacuee;84;in triage category;G;is entering helicopter;3
3000,1065,filterLoc,,
3000,1068,filterLoc,,
3000,1071,filterLoc,,
3000,1074,filterLoc,,
3000,1077,filterLoc,,
3000,1080,filterLoc,,
3000,1083,filterLoc,,
3000,1086,filterLoc,,
3000,1089,filterLoc,,
3000,1092,filterLoc,,
3000,1095,filterLoc,,
3000,1098,filterLoc,,
3000,1101,filterLoc,,
3000,1104,filterLoc,,
3000,1107,filterLoc,,
3000,1110,filterLoc,,
3000,1113,filterLoc,,
3000,1116,filterLoc,,
3000,1123,filterLoc,,
3000,1126,filterLoc,,;Evacuee;63;in triage category;G;is entering helicopter;3
3000,1129,filterLoc,,
3000,1132,filterLoc,,
3000,1135,filterLoc,,
3000,1138,filterLoc,,
3000,1141,filterLoc,,
3000,1144,filterLoc,,
3000,1147,filterLoc,,
3000,1150,filterLoc,,
3000,1153,filterLoc,,
3000,1156,filterLoc,,
3000,1163,filterLoc,,
3000,1166,filterLoc,,
3000,1169,filterLoc,,
3000,1172,filterLoc,,
3000,1175,filterLoc,,
3000,1178,filterLoc,,
3000,1181,filterLoc,,
3000,1184,filterLoc,,
3000,1187,filterLoc,,
3000,1190,filterLoc,,
3000,1193,filterLoc,,
3000,1196,filterLoc,,
3000,1199,filterLoc,,
3000,1202,filterLoc,,
3000,1205,filterLoc,,
3000,1208,filterLoc,,
3000,1211,filterLoc,,
3000,1214,filterLoc,,
3000,1217,filterLoc,,
3000,1220,filterLoc,,
3000,1223,filterLoc,,
3000,1226,filterLoc,,
3000,1229,filterLoc,,
3000,1232,filterLoc,,
3000,1235,filterLoc,,
3000,1238,filterLoc,,
3000,1241,filterLoc,,
3000,1244,filterLoc,,
3000,1247,filterLoc,,
3000,1250,filterLoc,,
3000,1253,filterLoc,,
3000,1256,filterLoc,,
3000,1259,filterLoc,,
3000,1262,filterLoc,,
3000,1265,filterLoc,,
3000,1268,filterLoc,,
3000,1271,filterLoc,,
3000,1274,filterLoc,,
3000,1277,filterLoc,,
3000,1280,filterLoc,,
3000,1283,filterLoc,,
3000,1286,filterLoc,,
3000,1289,filterLoc,,
3000,1292,filterLoc,,
3000,1295,filterLoc,,
3000,1298,filterLoc,,
3000,1301,filterLoc,,
3000,1304,filterLoc,,
3000,1307,filterLoc,,
3000,1310,filterLoc,,
3000,1313,filterLoc,,
3000,1316,filterLoc,,
3000,1319,filterLoc,,
3000,1322,filterLoc,,
3000,1325,filterLoc,,
3000,1328,filterLoc,,
3000,1331,filterLoc,,
3000,1334,filterLoc,,
3000,1337,filterLoc,,
3000,1340,filterLoc,,
3000,1343,filterLoc,,
3000,1346,filterLoc,,
3000,1349,filterLoc,,
3000,1352,filterLoc,,
3000,1355,filterLoc,,
3000,1358,filterLoc,,
3000,1361,filterLoc,,
3000,1364,filterLoc,,
3000,1367,filterLoc,,
3000,1370,filterLoc,,
3000,1373,filterLoc,,
3000,1376,filterLoc,,
3000,1379,filterLoc,,
3000,1382,filterLoc,,
3000,1385,filterLoc,,
3000,1388,filterLoc,,
3000,1391,filterLoc,,
3000,1394,filterLoc,,
3000,1397,filterLoc,,
3000,1400,filterLoc,,
3000,1403,filterLoc,,
3000,1406,filterLoc,,;Evacuee;69;in triage category;G;is entering helicopter;3
3000,1409,filterLoc,,
3000,1412,filterLoc,,
3000,1415,filterLoc,,
3000,1418,filterLoc,,
3000,1421,filterLoc,,
3000,1424,filterLoc,,
3000,1427,filterLoc,,
3000,1430,filterLoc,,
3000,1433,filterLoc,,
3000,1436,filterLoc,,
3000,1439,filterLoc,,
3000,1442,filterLoc,,
3000,1445,filterLoc,,
3000,1448,filterLoc,,
3000,1451,filterLoc,,
3000,1454,filterLoc,,
3000,1457,filterLoc,,
3000,1460,filterLoc,,
3000,1463,filterLoc,,
3000,1466,filterLoc,,
3000,1469,filterLoc,,
3000,1472,filterLoc,,
3000,1475,filterLoc,,
3000,1478,filterLoc,,
3000,1481,filterLoc,,
3000,1484,filterLoc,,
3000,1487,filterLoc,,
3000,1490,filterLoc,,
3000,1493,filterLoc,,
3000,1496,filterLoc,,
3000,1499,filterLoc,,
3000,1502,filterLoc,,
3000,1505,filterLoc,,
3000,1508,filterLoc,,
3000,1511,filterLoc,,
3000,1514,filterLoc,,
3000,1517,filterLoc,,
3000,633,filterLoc,out,Evacuee 86 in triage category G is assigned helicopter 3
3000,633,filterLoc,,
3000,634,evacuee,,Evacuee;86;in triage state;G;is entering helicopter;3
3000,642,filterLoc,out,Evacuee 80 in triage category G is assigned helicopter 3
3000,642,filterLoc,,
3000,643,evacuee,,Evacuee;80;in triage state;G;is entering helicopter;3
3000,645,filterLoc,out,Evacuee 79 in triage category G is assigned helicopter 3
3000,645,filterLoc,,
3000,646,evacuee,,Evacuee;79;in triage state;G;is entering helicopter;3
3000,708,filterLoc,out,Evacuee 66 in triage category G is assigned helicopter 3
3000,708,filterLoc,,
3000,709,evacuee,,Evacuee;66;in triage state;G;is entering helicopter;3
3000,765,filterLoc,out,Evacuee 70 in triage category G is assigned helicopter 3
3000,765,filterLoc,,
3000,766,evacuee,,Evacuee;70;in triage state;G;is entering helicopter;3
3000,996,filterLoc,out,Evacuee 68 in triage category G is assigned helicopter 3
3000,996,filterLoc,,
3000,997,evacuee,,Evacuee;68;in triage state;G;is entering helicopter;3
3000,999,filterLoc,out,Evacuee 72 in triage category G is assigned helicopter 3
3000,999,filterLoc,,
3000,1000,evacuee,,Evacuee;72;in triage state;G;is entering helicopter;3
3000,1062,filterLoc,out,Evacuee 84 in triage category G is assigned helicopter 3
3000,1062,filterLoc,,
3000,1063,evacuee,,Evacuee;84;in triage state;G;is entering helicopter;3
3000,1126,filterLoc,out,Evacuee 63 in triage category G is assigned helicopter 3
3000,1126,filterLoc,,
3000,1127,evacuee,,Evacuee;63;in triage state;G;is entering helicopter;3
3000,1406,filterLoc,out,Evacuee 69 in triage category G is assigned helicopter 3
3000,1406,filterLoc,,
3000,1407,evacuee,,Evacuee;69;in triage state;G;is entering helicopter;3
3000,103,filterEvac,,;Evacuee;63;in triage category;G;is entering helicopter;3;Evacuee;66;in triage category;G;is entering helicopter;3;Evacuee;68;in triage category;G;is entering helicopter;3;Evacuee;69;in triage category;G;is entering helicopter;3;Evacuee;70;in triage category;G;is entering helicopter;3;Evacuee;72;in triage category;G;is entering helicopter;3;Evacuee;79;in triage category;G;is entering helicopter;3;Evacuee;80;in triage category;G;is entering helicopter;3;Evacuee;84;in triage category;G;is entering helicopter;3;Evacuee;86;in triage category;G;is entering helicopter;3
3000,634,evacuee,outHelo,Evacuee 86 in triage category G is assigned helicopter 3
3000,634,evacuee,,Evacuee;86;in triage state;G;is in helicopter;3
3000,643,evacuee,outHelo,Evacuee 80 in triage category G is assigned helicopter 3
3000,643,evacuee,,Evacuee;80;in triage state;G;is in helicopter;3
3000,646,evacuee,outHelo,Evacuee 79 in triage category G is assigned helicopter 3
3000,646,evacuee,,Evacuee;79;in triage state;G;is in helicopter;3
3000,709,evacuee,outHelo,Evacuee 66 in triage category G is assigned helicopter 3
3000,709,evacuee,,Evacuee;66;in triage state;G;is in helicopter;3
3000,766,evacuee,outHelo,Evacuee 70 in triage category G is assigned helicopter 3
3000,766,evacuee,,Evacuee;70;in triage state;G;is in helicopter;3
3000,997,evacuee,outHelo,Evacuee 68 in triage category G is assigned helicopter 3
3000,997,evacuee,,Evacuee;68;in triage state;G;is in helicopter;3
3000,1000,evacuee,outHelo,Evacuee 72 in triage category G is assigned helicopter 3
3000,1000,evacuee,,Evacuee;72;in triage state;G;is in helicopter;3
3000,1063,evacuee,outHelo,Evacuee 84 in triage category G is assigned helicopter 3
3000,1063,evacuee,,Evacuee;84;in triage state;G;is in helicopter;3
3000,1119,filterEvac,,
3000,1127,evacuee,outHelo,Evacuee 63 in triage category G is assigned helicopter 3
3000,1127,evacuee,,Evacuee;63;in triage state;G;is in helicopter;3
3000,1159,filterEvac,,
3000,1407,evacuee,outHelo,Evacuee 69 in triage category G is assigned helicopter 3
3000,1407,evacuee,,Evacuee;69;in triage state;G;is in helicopter;3
3000,103,filterEvac,out,Evacuee 63 in triage category G is assigned helicopter 3
3000,103,filterEvac,out,Evacuee 66 in triage category G is assigned helicopter 3
3000,103,filterEvac,out,Evacuee 68 in triage category G is assigned helicopter 3
3000,103,filterEvac,out,Evacuee 69 in triage category G is assigned helicopter 3
3000,103,filterEvac,out,Evacuee 70 in triage category G is assigned helicopter 3
3000,103,filterEvac,out,Evacuee 72 in triage category G is assigned helicopter 3
3000,103,filterEvac,out,Evacuee 79 in triage category G is assigned helicopter 3
3000,103,filterEvac,out,Evacuee 80 in triage category G is assigned helicopter 3
3000,103,filterEvac,out,Evacuee 84 in triage category G is assigned helicopter 3
3000,103,filterEvac,out,Evacuee 86 in triage category G is assigned helicopter 3
3000,103,filterEvac,,
3000,105,helicopter,,Helicopter;3;is loading people at the evacuation site;;and has;10;spots taken
3004.6,3,evacueeManager,,OFF SHIP: White;0;Green;142;Yellow;29;Red;8;Black;291;ON SHIP: White;0;Green;0;Yellow;0;Red;0;Evacuees to Transfer;
3004.6,688,evacuee,outES,Evacuee 431 in triage category Y is not assigned a helicopter
3004.6,688,evacuee,,Evacuee;431;in triage state;R;is at the evacuation site
3015,4,helipadManager,outHelo,Helicopter 3 is evacuating people3
3015,4,helipadManager,,;No helos are at ES
3015,104,filterES,,Helicopter;3;is evacuating people
3015,1120,filterES,,
3015,1160,filterES,,
3015,4,helipadManager,outHQ,0
3015,4,helipadManager,,;No helos are at ES
3015,5,helicopterQueue,,;No helos are waiting to land
3015,104,filterES,out,Helicopter 3 is evacuating people3
3015,104,filterES,,
3015,105,helicopter,,Helicopter;3;is loading people at the evacuation site;;and has;10;spots taken
3015,5,helicopterQueue,,;No helos are waiting to land
3015,105,helicopter,,Helicopter;3;is returning to the FOL;;and has;10;spots taken
3024.59,3,evacueeManager,,OFF SHIP: White;0;Green;142;Yellow;28;Red;9;Black;291;ON SHIP: White;0;Green;0;Yellow;0;Red;0;Evacuees to Transfer;
3024.59,337,evacuee,outES,Evacuee 443 in triage category Y is not assigned a helicopter
3024.59,337,evacuee,,Evacuee;443;in triage state;R;is at the evacuation site
3025.32,3,evacueeManager,,OFF SHIP: White;0;Green;142;Yellow;27;Red;10;Black;291;ON SHIP: White;0;Green;0;Yellow;0;Red;0;Evacuees to Transfer;
3025.32,1188,evacuee,outES,Evacuee 308 in triage category Y is not assigned a helicopter
3025.32,1188,evacuee,,Evacuee;308;in triage state;R;is at the evacuation site
3027.52,3,evacueeManager,,OFF SHIP: White;0;Green;142;Yellow;26;Red;11;Black;291;ON SHIP: White;0;Green;0;Yellow;0;Red;0;Evacuees to Transfer;
3027.52,832,evacuee,outES,Evacuee 40 in triage category Y is not assigned a helicopter
3027.52,832,evacuee,,Evacuee;40;in triage state;R;is at the evacuation site
3029.9,3,evacueeManager,,OFF SHIP: White;0;Green;142;Yellow;26;Red;10;Black;292;ON SHIP: White;0;Green;0;Yellow;0;Red;0;Evacuees to Transfer;
3029.9,192,evacuee,outES,Evacuee 382 in triage category R is not assigned a helicopter
3029.9,192,evacuee,,Evacuee;382;in triage state;B;is at the evacuation site
3030,7,filterLoc,,
3030,10,filterLoc,,
3030,13,filterLoc,,
3030,16,filterLoc,,
3030,19,filterLoc,,
3030,22,filterLoc,,
3030,25,filterLoc,,
3030,28,filterLoc,,
3030,31,filterLoc,,
3030,34,filterLoc,,
3030,37,filterLoc,,
3030,40,filterLoc,,
3030,43,filterLoc,,
3030,46,filterLoc,,
3030,49,filterLoc,,
3030,52,filterLoc,,
3030,55,filterLoc,,
3030,58,filterLoc,,
3030,61,filterLoc,,
3030,64,filterLoc,,
3030,67,filterLoc,,
3030,70,filterLoc,,
3030,73,filterLoc,,
3030,76,filterLoc,,
3030,79,filterLoc,,
3030,82,filterLoc,,
3030,85,filterLoc,,
3030,88,filterLoc,,
3030,91,filterLoc,,
3030,94,filterLoc,,
3030,97,filterLoc,,
3030,100,filterLoc,,
3030,107,filterLoc,,
3030,110,filterLoc,,
3030,113,filterLoc,,
3030,116,filterLoc,,
3030,119,filterLoc,,
3030,122,filterLoc,,
3030,125,filterLoc,,
3030,128,filterLoc,,
3030,131,filterLoc,,
3030,134,filterLoc,,
3030,137,filterLoc,,
3030,140,filterLoc,,
3030,143,filterLoc,,
3030,146,filterLoc,,
3030,149,filterLoc,,
3030,152,filterLoc,,
3030,155,filterLoc,,
3030,158,filterLoc,,
3030,161,filterLoc,,
3030,164,filterLoc,,
3030,167,filterLoc,,
3030,170,filterLoc,,
3030,173,filterLoc,,
3030,176,filterLoc,,
3030,179,filterLoc,,
3030,182,filterLoc,,
3030,185,filterLoc,,
3030,188,filterLoc,,
3030,191,filterLoc,,
3030,194,filterLoc,,
3030,197,filterLoc,,
3030,200,filterLoc,,
3030,203,filterLoc,,
3030,206,filterLoc,,
3030,209,filterLoc,,
3030,212,filterLoc,,
3030,215,filterLoc,,
3030,218,filterLoc,,
3030,221,filterLoc,,
3030,225,filterLoc,,
3030,228,filterLoc,,
3030,231,filterLoc,,
3030,234,filterLoc,,
3030,237,filterLoc,,
3030,240,filterLoc,,
3030,243,filterLoc,,
3030,246,filterLoc,,
3030,249,filterLoc,,
3030,252,filterLoc,,
3030,255,filterLoc,,
3030,258,filterLoc,,
3030,261,filterLoc,,
3030,264,filterLoc,,
3030,267,filterLoc,,
3030,270,filterLoc,,
3030,273,filterLoc,,
3030,276,filterLoc,,
3030,279,filterLoc,,
3030,282,filterLoc,,
3030,285,filterLoc,,
3030,288,filterLoc,,
3030,291,filterLoc,,
3030,294,filterLoc,,
3030,297,filterLoc,,
3030,300,filterLoc,,
3030,303,filterLoc,,
3030,306,filterLoc,,
3030,309,filterLoc,,
3030,312,filterLoc,,
3030,315,filterLoc,,
3030,318,filterLoc,,
3030,321,filterLoc,,
3030,324,filterLoc,,
3030,327,filterLoc,,
3030,330,filterLoc,,
3030,333,filterLoc,,
3030,336,filterLoc,,
3030,339,filterLoc,,
3030,342,filterLoc,,
3030,345,filterLoc,,
3030,348,filterLoc,,
3030,351,filterLoc,,
3030,354,filterLoc,,
3030,357,filterLoc,,
3030,360,filterLoc,,
3030,363,filterLoc,,
3030,366,filterLoc,,
3030,369,filterLoc,,
3030,372,filterLoc,,
3030,375,filterLoc,,
3030,378,filterLoc,,
3030,381,filterLoc,,
3030,384,filterLoc,,
3030,387,filterLoc,,
3030,390,filterLoc,,
3030,393,filterLoc,,
3030,396,filterLoc,,
3030,399,filterLoc,,
3030,402,filterLoc,,
3030,405,filterLoc,,
3030,408,filterLoc,,
3030,411,filterLoc,,
3030,414,filterLoc,,
3030,417,filterLoc,,
3030,420,filterLoc,,
3030,423,filterLoc,,
3030,426,filterLoc,,
3030,429,filterLoc,,
3030,432,filterLoc,,
3030,435,filterLoc,,
3030,438,filterLoc,,
3030,441,filterLoc,,
3030,444,filterLoc,,
3030,447,filterLoc,,
3030,450,filterLoc,,
3030,453,filterLoc,,
3030,456,filterLoc,,
3030,459,filterLoc,,
3030,462,filterLoc,,
3030,465,filterLoc,,
3030,468,filterLoc,,
3030,471,filterLoc,,
3030,474,filterLoc,,
3030,477,filterLoc,,
3030,480,filterLoc,,
3030,483,filterLoc,,
3030,486,filterLoc,,
3030,489,filterLoc,,
3030,492,filterLoc,,
3030,495,filterLoc,,
3030,498,filterLoc,,
3030,501,filterLoc,,
3030,504,filterLoc,,
3030,507,filterLoc,,
3030,510,filterLoc,,
3030,513,filterLoc,,
3030,516,filterLoc,,
3030,519,filterLoc,,
3030,522,filterLoc,,
3030,525,filterLoc,,
3030,528,filterLoc,,
3030,531,filterLoc,,
3030,534,filterLoc,,
3030,537,filterLoc,,
3030,540,filterLoc,,
3030,543,filterLoc,,
3030,546,filterLoc,,
3030,549,filterLoc,,
3030,552,filterLoc,,
3030,555,filterLoc,,
3030,558,filterLoc,,
3030,561,filterLoc,,
3030,564,filterLoc,,
3030,567,filterLoc,,
3030,570,filterLoc,,;Evacuee;39;in triage category;G;is leaving helicopter;2
3030,573,filterLoc,,
3030,576,filterLoc,,
3030,579,filterLoc,,
3030,582,filterLoc,,
3030,585,filterLoc,,
3030,588,filterLoc,,
3030,591,filterLoc,,
3030,594,filterLoc,,
3030,597,filterLoc,,
3030,600,filterLoc,,
3030,603,filterLoc,,
3030,606,filterLoc,,
3030,609,filterLoc,,
3030,612,filterLoc,,
3030,615,filterLoc,,
3030,618,filterLoc,,
3030,621,filterLoc,,
3030,624,filterLoc,,;Evacuee;49;in triage category;G;is leaving helicopter;2
3030,627,filterLoc,,
3030,630,filterLoc,,
3030,633,filterLoc,,
3030,636,filterLoc,,;Evacuee;51;in triage category;G;is leaving helicopter;2
3030,639,filterLoc,,
3030,642,filterLoc,,
3030,645,filterLoc,,
3030,648,filterLoc,,
3030,651,filterLoc,,
3030,654,filterLoc,,
3030,657,filterLoc,,
3030,660,filterLoc,,
3030,663,filterLoc,,
3030,666,filterLoc,,
3030,669,filterLoc,,
3030,672,filterLoc,,
3030,675,filterLoc,,
3030,678,filterLoc,,
3030,681,filterLoc,,
3030,684,filterLoc,,
3030,687,filterLoc,,
3030,690,filterLoc,,
3030,693,filterLoc,,
3030,696,filterLoc,,
3030,699,filterLoc,,
3030,702,filterLoc,,
3030,705,filterLoc,,
3030,708,filterLoc,,
3030,711,filterLoc,,;Evacuee;62;in triage category;G;is leaving helicopter;2
3030,714,filterLoc,,
3030,717,filterLoc,,
3030,720,filterLoc,,
3030,723,filterLoc,,
3030,726,filterLoc,,
3030,729,filterLoc,,
3030,732,filterLoc,,
3030,735,filterLoc,,
3030,738,filterLoc,,
3030,741,filterLoc,,
3030,744,filterLoc,,
3030,747,filterLoc,,
3030,750,filterLoc,,
3030,753,filterLoc,,
3030,756,filterLoc,,
3030,759,filterLoc,,
3030,762,filterLoc,,
3030,765,filterLoc,,
3030,768,filterLoc,,
3030,771,filterLoc,,
3030,774,filterLoc,,
3030,777,filterLoc,,
3030,780,filterLoc,,
3030,783,filterLoc,,
3030,786,filterLoc,,
3030,789,filterLoc,,
3030,792,filterLoc,,
3030,795,filterLoc,,
3030,798,filterLoc,,
3030,801,filterLoc,,
3030,804,filterLoc,,
3030,807,filterLoc,,
3030,810,filterLoc,,
3030,813,filterLoc,,
3030,816,filterLoc,,
3030,819,filterLoc,,
3030,822,filterLoc,,
3030,825,filterLoc,,
3030,828,filterLoc,,
3030,831,filterLoc,,
3030,834,filterLoc,,
3030,837,filterLoc,,
3030,840,filterLoc,,
3030,843,filterLoc,,
3030,846,filterLoc,,
3030,849,filterLoc,,
3030,852,filterLoc,,
3030,855,filterLoc,,
3030,858,filterLoc,,
3030,861,filterLoc,,
3030,864,filterLoc,,
3030,867,filterLoc,,
3030,870,filterLoc,,
3030,873,filterLoc,,
3030,876,filterLoc,,
3030,879,filterLoc,,
3030,882,filterLoc,,
3030,885,filterLoc,,
3030,888,filterLoc,,
3030,891,filterLoc,,
3030,894,filterLoc,,
3030,897,filterLoc,,
3030,900,filterLoc,,
3030,903,filterLoc,,
3030,906,filterLoc,,
3030,909,filterLoc,,
3030,912,filterLoc,,
3030,915,filterLoc,,
3030,918,filterLoc,,
3030,921,filterLoc,,
3030,924,filterLoc,,
3030,927,filterLoc,,
3030,930,filterLoc,,
3030,933,filterLoc,,
3030,936,filterLoc,,
3030,939,filterLoc,,
3030,942,filterLoc,,
3030,945,filterLoc,,
3030,948,filterLoc,,
3030,951,filterLoc,,
3030,954,filterLoc,,
3030,957,filterLoc,,
3030,960,filterLoc,,
3030,963,filterLoc,,
3030,966,filterLoc,,
3030,969,filterLoc,,
3030,972,filterLoc,,
3030,975,filterLoc,,;Evacuee;52;in triage category;G;is leaving helicopter;2
3030,978,filterLoc,,;Evacuee;41;in triage category;G;is leaving helicopter;2
3030,981,filterLoc,,
3030,984,filterLoc,,
3030,987,filterLoc,,
3030,990,filterLoc,,
3030,993,filterLoc,,
3030,996,filterLoc,,
3030,999,filterLoc,,
3030,1002,filterLoc,,
3030,1005,filterLoc,,
3030,1008,filterLoc,,
3030,1011,filterLoc,,
3030,1014,filterLoc,,
3030,1017,filterLoc,,
3030,1020,filterLoc,,
3030,1023,filterLoc,,
3030,1026,filterLoc,,
3030,1029,filterLoc,,
3030,1032,filterLoc,,
3030,1035,filterLoc,,
3030,1038,filterLoc,,
3030,1041,filterLoc,,
3030,1044,filterLoc,,
3030,1047,filterLoc,,
3030,1050,filterLoc,,
3030,1053,filterLoc,,
3030,1056,filterLoc,,;Evacuee;36;in triage category;G;is leaving helicopter;2
3030,1059,filterLoc,,
3030,1062,filterLoc,,
3030,1065,filterLoc,,;Evacuee;42;in triage category;G;is leaving helicopter;2
3030,1068,filterLoc,,
3030,1071,filterLoc,,
3030,1074,filterLoc,,
3030,1077,filterLoc,,
3030,1080,filterLoc,,
3030,1083,filterLoc,,
3030,1086,filterLoc,,
3030,1089,filterLoc,,
3030,1092,filterLoc,,
3030,1095,filterLoc,,
3030,1098,filterLoc,,
3030,1101,filterLoc,,
3030,1104,filterLoc,,
3030,1107,filterLoc,,
3030,1110,filterLoc,,
3030,1113,filterLoc,,
3030,1116,filterLoc,,
3030,1121,helicopter,outEvac,Evacuee 36 in triage category G is not assigned a helicopter
3030,1121,helicopter,outEvac,Evacuee 39 in triage category G is not assigned a helicopter
3030,1121,helicopter,outEvac,Evacuee 41 in triage category G is not assigned a helicopter
3030,1121,helicopter,outEvac,Evacuee 42 in triage category G is not assigned a helicopter
3030,1121,helicopter,outEvac,Evacuee 47 in triage category G is not assigned a helicopter
3030,1121,helicopter,outEvac,Evacuee 49 in triage category G is not assigned a helicopter
3030,1121,helicopter,outEvac,Evacuee 51 in triage category G is not assigned a helicopter
3030,1121,helicopter,outEvac,Evacuee 52 in triage category G is not assigned a helicopter
3030,1121,helicopter,outEvac,Evacuee 56 in triage category G is not assigned a helicopter
3030,1121,helicopter,outEvac,Evacuee 62 in triage category G is not assigned a helicopter
3030,1121,helicopter,,Helicopter;2;is unloading people at the FOL;;and has;0;spots taken
3030,1123,filterLoc,,
3030,1126,filterLoc,,
3030,1129,filterLoc,,
3030,1132,filterLoc,,;Evacuee;47;in triage category;G;is leaving helicopter;2
3030,1135,filterLoc,,;Evacuee;56;in triage category;G;is leaving helicopter;2
3030,1138,filterLoc,,
3030,1141,filterLoc,,
3030,1144,filterLoc,,
3030,1147,filterLoc,,
3030,1150,filterLoc,,
3030,1153,filterLoc,,
3030,1156,filterLoc,,
3030,1163,filterLoc,,
3030,1166,filterLoc,,
3030,1169,filterLoc,,
3030,1172,filterLoc,,
3030,1175,filterLoc,,
3030,1178,filterLoc,,
3030,1181,filterLoc,,
3030,1184,filterLoc,,
3030,1187,filterLoc,,
3030,1190,filterLoc,,
3030,1193,filterLoc,,
3030,1196,filterLoc,,
3030,1199,filterLoc,,
3030,1202,filterLoc,,
3030,1205,filterLoc,,
3030,1208,filterLoc,,
3030,1211,filterLoc,,
3030,1214,filterLoc,,
3030,1217,filterLoc,,
3030,1220,filterLoc,,
3030,1223,filterLoc,,
3030,1226,filterLoc,,
3030,1229,filterLoc,,
3030,1232,filterLoc,,
3030,1235,filterLoc,,
3030,1238,filterLoc,,
3030,1241,filterLoc,,
3030,1244,filterLoc,,
3030,1247,filterLoc,,
3030,1250,filterLoc,,
3030,1253,filterLoc,,
3030,1256,filterLoc,,
3030,1259,filterLoc,,
3030,1262,filterLoc,,
3030,1265,filterLoc,,
3030,1268,filterLoc,,
3030,1271,filterLoc,,
3030,1274,filterLoc,,
3030,1277,filterLoc,,
3030,1280,filterLoc,,
3030,1283,filterLoc,,
3030,1286,filterLoc,,
3030,1289,filterLoc,,
3030,1292,filterLoc,,
3030,1295,filterLoc,,
3030,1298,filterLoc,,
3030,1301,filterLoc,,
3030,1304,filterLoc,,
3030,1307,filterLoc,,
3030,1310,filterLoc,,
3030,1313,filterLoc,,
3030,1316,filterLoc,,
3030,1319,filterLoc,,
3030,1322,filterLoc,,
3030,1325,filterLoc,,
3030,1328,filterLoc,,
3030,1331,filterLoc,,
3030,1334,filterLoc,,
3030,1337,filterLoc,,
3030,1340,filterLoc,,
3030,1343,filterLoc,,
3030,1346,filterLoc,,
3030,1349,filterLoc,,
3030,1352,filterLoc,,
3030,1355,filterLoc,,
3030,1358,filterLoc,,
3030,1361,filterLoc,,
3030,1364,filterLoc,,
3030,1367,filterLoc,,
3030,1370,filterLoc,,
3030,1373,filterLoc,,
3030,1376,filterLoc,,
3030,1379,filterLoc,,
3030,1382,filterLoc,,
3030,1385,filterLoc,,
3030,1388,filterLoc,,
3030,1391,filterLoc,,
3030,1394,filterLoc,,
3030,1397,filterLoc,,
3030,1400,filterLoc,,
3030,1403,filterLoc,,
3030,1406,filterLoc,,
3030,1409,filterLoc,,
3030,1412,filterLoc,,
3030,1415,filterLoc,,
3030,1418,filterLoc,,
3030,1421,filterLoc,,
3030,1424,filterLoc,,
3030,1427,filterLoc,,
3030,1430,filterLoc,,
3030,1433,filterLoc,,
3030,1436,filterLoc,,
3030,1439,filterLoc,,
3030,1442,filterLoc,,
3030,1445,filterLoc,,
3030,1448,filterLoc,,
3030,1451,filterLoc,,
3030,1454,filterLoc,,
3030,1457,filterLoc,,
3030,1460,filterLoc,,
3030,1463,filterLoc,,
3030,1466,filterLoc,,
3030,1469,filterLoc,,
3030,1472,filterLoc,,
3030,1475,filterLoc,,
3030,1478,filterLoc,,
3030,1481,filterLoc,,
3030,1484,filterLoc,,
3030,1487,filterLoc,,
3030,1490,filterLoc,,
3030,1493,filterLoc,,
3030,1496,filterLoc,,
3030,1499,filterLoc,,
3030,1502,filterLoc,,
3030,1505,filterLoc,,
3030,1508,filterLoc,,
3030,1511,filterLoc,,
3030,1514,filterLoc,,
3030,1517,filterLoc,,
3030,570,filterLoc,out,Evacuee 39 in triage category G is not assigned a helicopter
3030,570,filterLoc,,
3030,571,evacuee,,Evacuee;39;in triage state;G;is entering the FOL
3030,624,filterLoc,out,Evacuee 49 in triage category G is not assigned a helicopter
3030,624,filterLoc,,
3030,625,evacuee,,Evacuee;49;in triage state;G;is entering the FOL
3030,636,filterLoc,out,Evacuee 51 in triage category G is not assigned a helicopter
3030,636,filterLoc,,
3030,637,evacuee,,Evacuee;51;in triage state;G;is entering the FOL
3030,711,filterLoc,out,Evacuee 62 in triage category G is not assigned a helicopter
3030,711,filterLoc,,
3030,712,evacuee,,Evacuee;62;in triage state;G;is entering the FOL
3030,975,filterLoc,out,Evacuee 52 in triage category G is not assigned a helicopter
3030,975,filterLoc,,
3030,976,evacuee,,Evacuee;52;in triage state;G;is entering the FOL
3030,978,filterLoc,out,Evacuee 41 in triage category G is not assigned a helicopter
3030,978,filterLoc,,
3030,979,evacuee,,Evacuee;41;in triage state;G;is entering the FOL
3030,1056,filterLoc,out,Evacuee 36 in triage category G is not assigned a helicopter
3030,1056,filterLoc,,
3030,1057,evacuee,,Evacuee;36;in triage state;G;is entering the FOL
3030,1065,filterLoc,out,Evacuee 42 in triage category G is not assigned a helicopter
3030,1065,filterLoc,,
3030,1066,evacuee,,Evacuee;42;in triage state;G;is entering the FOL
3030,1132,filterLoc,out,Evacuee 47 in triage category G is not assigned a helicopter
3030,1132,filterLoc,,
3030,1133,evacuee,,Evacuee;47;in triage state;G;is entering the FOL
3030,1135,filterLoc,out,Evacuee 56 in triage category G is not assigned a helicopter
3030,1135,filterLoc,,
3030,1136,evacuee,,Evacuee;56;in triage state;G;is entering the FOL
3030,223,FOL,,;EvacueeID;3;Triage Status;G;EvacueeID;5;Triage Status;G;EvacueeID;6;Triage Status;G;EvacueeID;7;Triage Status;G;EvacueeID;8;Triage Status;G;EvacueeID;16;Triage Status;G;EvacueeID;20;Triage Status;G;EvacueeID;21;Triage Status;G;EvacueeID;27;Triage Status;G;EvacueeID;35;Triage Status;G;EvacueeID;36;Triage Status;G;EvacueeID;39;Triage Status;G;EvacueeID;41;Triage Status;G;EvacueeID;42;Triage Status;G;EvacueeID;47;Triage Status;G;EvacueeID;49;Triage Status;G;EvacueeID;51;Triage Status;G;EvacueeID;52;Triage Status;G;EvacueeID;56;Triage Status;G;EvacueeID;62;Triage Status;G;Lives Saved;20
3030,571,evacuee,outFOL,Evacuee 39 in triage category G is not assigned a helicopter
3030,571,evacuee,,Evacuee;39;in triage state;G;is at the FOL
3030,625,evacuee,outFOL,Evacuee 49 in triage category G is not assigned a helicopter
3030,625,evacuee,,Evacuee;49;in triage state;G;is at the FOL
3030,637,evacuee,outFOL,Evacuee 51 in triage category G is not assigned a helicopter
3030,637,evacuee,,Evacuee;51;in triage state;G;is at the FOL
3030,712,evacuee,outFOL,Evacuee 62 in triage category G is not assigned a helicopter
3030,712,evacuee,,Evacuee;62;in triage state;G;is at the FOL
3030,976,evacuee,outFOL,Evacuee 52 in triage category G is not assigned a helicopter
3030,976,evacuee,,Evacuee;52;in triage state;G;is at the FOL
3030,979,evacuee,outFOL,Evacuee 41 in triage category G is not assigned a helicopter
3030,979,evacuee,,Evacuee;41;in triage state;G;is at the FOL
3030,1057,evacuee,outFOL,Evacuee 36 in triage category G is not assigned a helicopter
3030,1057,evacuee,,Evacuee;36;in triage state;G;is at the FOL
3030,1066,evacuee,outFOL,Evacuee 42 in triage category G is not assigned a helicopter
3030,1066,evacuee,,Evacuee;42;in triage state;G;is at the FOL
3030,1133,evacuee,outFOL,Evacuee 47 in triage category G is not assigned a helicopter
3030,1133,evacuee,,Evacuee;47;in triage state;G;is at the FOL
3030,1136,evacuee,outFOL,Evacuee 56 in triage category G is not assigned a helicopter
3030,1136,evacuee,,Evacuee;56;in triage state;G;is at the FOL
3030,223,FOL,,;EvacueeID;3;Triage Status;G;EvacueeID;5;Triage Status;G;EvacueeID;6;Triage Status;G;EvacueeID;7;Triage Status;G;EvacueeID;8;Triage Status;G;EvacueeID;16;Triage Status;G;EvacueeID;20;Triage Status;G;EvacueeID;21;Triage Status;G;EvacueeID;27;Triage Status;G;EvacueeID;35;Triage Status;G;EvacueeID;36;Triage Status;G;EvacueeID;39;Triage Status;G;EvacueeID;41;Triage Status;G;EvacueeID;42;Triage Status;G;EvacueeID;47;Triage Status;G;EvacueeID;49;Triage Status;G;EvacueeID;51;Triage Status;G;EvacueeID;52;Triage Status;G;EvacueeID;56;Triage Status;G;EvacueeID;62;Triage Status;G;Lives Saved;20
3035.33,3,evacueeManager,,OFF SHIP: White;0;Green;142;Yellow;26;Red;9;Black;293;ON SHIP: White;0;Green;0;Yellow;0;Red;0;Evacuees to Transfer;
3035.33,832,evacuee,outES,Evacuee 40 in triage category R is not assigned a helicopter
3035.33,832,evacuee,,Evacuee;40;in triage state;B;is at the evacuation site
3044.44,3,evacueeManager,,OFF SHIP: White;0;Green;142;Yellow;25;Red;10;Black;293;ON SHIP: White;0;Green;0;Yellow;0;Red;0;Evacuees to Transfer;
3044.44,265,evacuee,outES,Evacuee 346 in triage category Y is not assigned a helicopter
3044.44,265,evacuee,,Evacuee;346;in triage state;R;is at the evacuation site
3045,1121,helicopter,,Helicopter;2;Is going to the evacuation site;;and has;0;spots taken
3045.93,3,evacueeManager,,OFF SHIP: White;0;Green;141;Yellow;26;Red;10;Black;293;ON SHIP: White;0;Green;0;Yellow;0;Red;0;Evacuees to Transfer;
3045.93,1045,evacuee,outES,Evacuee 160 in triage category G is not assigned a helicopter
3045.93,1045,evacuee,,Evacuee;160;in triage state;Y;is at the evacuation site
3046.24,3,evacueeManager,,OFF SHIP: White;0;Green;140;Yellow;27;Red;10;Black;293;ON SHIP: White;0;Green;0;Yellow;0;Red;0;Evacuees to Transfer;
3046.24,271,evacuee,outES,Evacuee 340 in triage category G is not assigned a helicopter
3046.24,271,evacuee,,Evacuee;340;in triage state;Y;is at the evacuation site
3046.41,3,evacueeManager,,OFF SHIP: White;0;Green;139;Yellow;28;Red;10;Black;293;ON SHIP: White;0;Green;0;Yellow;0;Red;0;Evacuees to Transfer;
3046.41,1329,evacuee,outES,Evacuee 185 in triage category G is not assigned a helicopter
3046.41,1329,evacuee,,Evacuee;185;in triage state;Y;is at the evacuation site
3052.35,3,evacueeManager,,OFF SHIP: White;0;Green;139;Yellow;27;Red;11;Black;293;ON SHIP: White;0;Green;0;Yellow;0;Red;0;Evacuees to Transfer;
3052.35,1317,evacuee,outES,Evacuee 203 in triage category Y is not assigned a helicopter
3052.35,1317,evacuee,,Evacuee;203;in triage state;R;is at the evacuation site
3052.96,3,evacueeManager,,OFF SHIP: White;0;Green;139;Yellow;27;Red;10;Black;294;ON SHIP: White;0;Green;0;Yellow;0;Red;0;Evacuees to Transfer;
3052.96,688,evacuee,outES,Evacuee 431 in triage category R is not assigned a helicopter
3052.96,688,evacuee,,Evacuee;431;in triage state;B;is at the evacuation site
3054.4,3,evacueeManager,,OFF SHIP: White;0;Green;139;Yellow;27;Red;9;Black;295;ON SHIP: White;0;Green;0;Yellow;0;Red;0;Evacuees to Transfer;
3054.4,337,evacuee,outES,Evacuee 443 in triage category R is not assigned a helicopter
3054.4,337,evacuee,,Evacuee;443;in triage state;B;is at the evacuation site
3056.45,3,evacueeManager,,OFF SHIP: White;0;Green;139;Yellow;27;Red;8;Black;296;ON SHIP: White;0;Green;0;Yellow;0;Red;0;Evacuees to Transfer;
3056.45,117,evacuee,outES,Evacuee 426 in triage category R is not assigned a helicopter
3056.45,117,evacuee,,Evacuee;426;in triage state;B;is at the evacuation site
3060,5,helicopterQueue,,1;Helos are waiting to land;HeloID;1
3060,1161,helicopter,outES,Helicopter 1 is evacuating people1
3060,1161,helicopter,,Helicopter;1;is waiting to land at the evacuation site;;and has;0;spots taken
3060,4,helipadManager,,;No helos are at ES
3060,5,helicopterQueue,outHM,Helicopter 1 is evacuating people1
3060,5,helicopterQueue,outHelo,Helicopter 1 is evacuating people1
3060,5,helicopterQueue,,;No helos are waiting to land
3060,104,filterES,,
3060,1120,filterES,,
3060,1160,filterES,,Helicopter;1;is evacuating people
3060,3,evacueeManager,,OFF SHIP: White;0;Green;129;Yellow;27;Red;8;Black;296;ON SHIP: White;0;Green;0;Yellow;0;Red;0;Evacuees to Transfer;;EvacueeID;87;HeloID;1;OnShip;0;Triage Status;G;EvacueeID;89;HeloID;1;OnShip;0;Triage Status;G;EvacueeID;94;HeloID;1;OnShip;0;Triage Status;G;EvacueeID;96;HeloID;1;OnShip;0;Triage Status;G;EvacueeID;97;HeloID;1;OnShip;0;Triage Status;G;EvacueeID;101;HeloID;1;OnShip;0;Triage Status;G;EvacueeID;103;HeloID;1;OnShip;0;Triage Status;G;EvacueeID;107;HeloID;1;OnShip;0;Triage Status;G;EvacueeID;110;HeloID;1;OnShip;0;Triage Status;G;EvacueeID;111;HeloID;1;OnShip;0;Triage Status;G
3060,4,helipadManager,outEM,Helicopter 1 is evacuating people1
3060,4,helipadManager,,Helo;1;is at the ES
3060,1160,filterES,out,Helicopter 1 is evacuating people1
3060,1160,filterES,,
3060,1161,helicopter,,Helicopter;1;is waiting to land at the evacuation site;;and has;0;spots taken
3060,3,evacueeManager,outEvac,Evacuee 87 in triage category G is assigned helicopter 1
3060,3,evacueeManager,outEvac,Evacuee 89 in triage category G is assigned helicopter 1
3060,3,evacueeManager,outEvac,Evacuee 94 in triage category G is assigned helicopter 1
3060,3,evacueeManager,outEvac,Evacuee 96 in triage category G is assigned helicopter 1
3060,3,evacueeManager,outEvac,Evacuee 97 in triage category G is assigned helicopter 1
3060,3,evacueeManager,outEvac,Evacuee 101 in triage category G is assigned helicopter 1
3060,3,evacueeManager,outEvac,Evacuee 103 in triage category G is assigned helicopter 1
3060,3,evacueeManager,outEvac,Evacuee 107 in triage category G is assigned helicopter 1
3060,3,evacueeManager,outEvac,Evacuee 110 in triage category G is assigned helicopter 1
3060,3,evacueeManager,outEvac,Evacuee 111 in triage category G is assigned helicopter 1
3060,3,evacueeManager,,OFF SHIP: White;0;Green;129;Yellow;27;Red;8;Black;296;ON SHIP: White;0;Green;0;Yellow;0;Red;0;Evacuees to Transfer;
3060,7,filterLoc,,
3060,10,filterLoc,,
3060,13,filterLoc,,
3060,16,filterLoc,,
3060,19,filterLoc,,
3060,22,filterLoc,,
3060,25,filterLoc,,
3060,28,filterLoc,,
3060,31,filterLoc,,
3060,34,filterLoc,,
3060,37,filterLoc,,
3060,40,filterLoc,,
3060,43,filterLoc,,
3060,46,filterLoc,,
3060,49,filterLoc,,
3060,52,filterLoc,,
3060,55,filterLoc,,
3060,58,filterLoc,,
3060,61,filterLoc,,
3060,64,filterLoc,,
3060,67,filterLoc,,
3060,70,filterLoc,,
3060,73,filterLoc,,
3060,76,filterLoc,,
3060,79,filterLoc,,
3060,82,filterLoc,,
3060,85,filterLoc,,
3060,88,filterLoc,,
3060,91,filterLoc,,
3060,94,filterLoc,,
3060,97,filterLoc,,
3060,100,filterLoc,,
3060,107,filterLoc,,
3060,110,filterLoc,,
3060,113,filterLoc,,
3060,116,filterLoc,,
3060,119,filterLoc,,
3060,122,filterLoc,,
3060,125,filterLoc,,
3060,128,filterLoc,,
3060,131,filterLoc,,
3060,134,filterLoc,,
3060,137,filterLoc,,
3060,140,filterLoc,,
3060,143,filterLoc,,
3060,146,filterLoc,,
3060,149,filterLoc,,
3060,152,filterLoc,,
3060,155,filterLoc,,
3060,158,filterLoc,,
3060,161,filterLoc,,
3060,164,filterLoc,,
3060,167,filterLoc,,
3060,170,filterLoc,,
3060,173,filterLoc,,
3060,176,filterLoc,,
3060,179,filterLoc,,
3060,182,filterLoc,,
3060,185,filterLoc,,
3060,188,filterLoc,,
3060,191,filterLoc,,
3060,194,filterLoc,,
3060,197,filterLoc,,
3060,200,filterLoc,,
3060,203,filterLoc,,
3060,206,filterLoc,,
3060,209,filterLoc,,
3060,212,filterLoc,,
3060,215,filterLoc,,
3060,218,filterLoc,,
3060,221,filterLoc,,
3060,225,filterLoc,,
3060,228,filterLoc,,
3060,231,filterLoc,,
3060,234,filterLoc,,
3060,237,filterLoc,,
3060,240,filterLoc,,
3060,243,filterLoc,,
3060,246,filterLoc,,
3060,249,filterLoc,,
3060,252,filterLoc,,
3060,255,filterLoc,,
3060,258,filterLoc,,
3060,261,filterLoc,,
3060,264,filterLoc,,
3060,267,filterLoc,,
3060,270,filterLoc,,
3060,273,filterLoc,,
3060,276,filterLoc,,
3060,279,filterLoc,,
3060,282,filterLoc,,
3060,285,filterLoc,,
3060,288,filterLoc,,
3060,291,filterLoc,,
3060,294,filterLoc,,
3060,297,filterLoc,,
3060,300,filterLoc,,
3060,303,filterLoc,,
3060,306,filterLoc,,
3060,309,filterLoc,,
3060,312,filterLoc,,
3060,315,filterLoc,,
3060,318,filterLoc,,
3060,321,filterLoc,,
3060,324,filterLoc,,
3060,327,filterLoc,,
3060,330,filterLoc,,
3060,333,filterLoc,,
3060,336,filterLoc,,
3060,339,filterLoc,,
3060,342,filterLoc,,
3060,345,filterLoc,,
3060,348,filterLoc,,
3060,351,filterLoc,,
3060,354,filterLoc,,
3060,357,filterLoc,,
3060,360,filterLoc,,
3060,363,filterLoc,,
3060,366,filterLoc,,
3060,369,filterLoc,,
3060,372,filterLoc,,
3060,375,filterLoc,,
3060,378,filterLoc,,
3060,381,filterLoc,,
3060,384,filterLoc,,
3060,387,filterLoc,,
3060,390,filterLoc,,
3060,393,filterLoc,,
3060,396,filterLoc,,
3060,399,filterLoc,,
3060,402,filterLoc,,
3060,405,filterLoc,,
3060,408,filterLoc,,
3060,411,filterLoc,,
3060,414,filterLoc,,
3060,417,filterLoc,,
3060,420,filterLoc,,
3060,423,filterLoc,,
3060,426,filterLoc,,
3060,429,filterLoc,,
3060,432,filterLoc,,
3060,435,filterLoc,,
3060,438,filterLoc,,
3060,441,filterLoc,,
3060,444,filterLoc,,
3060,447,filterLoc,,
3060,450,filterLoc,,
3060,453,filterLoc,,
3060,456,filterLoc,,
3060,459,filterLoc,,
3060,462,filterLoc,,
3060,465,filterLoc,,
3060,468,filterLoc,,
3060,471,filterLoc,,
3060,474,filterLoc,,
3060,477,filterLoc,,
3060,480,filterLoc,,
3060,483,filterLoc,,
3060,486,filterLoc,,
3060,489,filterLoc,,
3060,492,filterLoc,,
3060,495,filterLoc,,
3060,498,filterLoc,,
3060,501,filterLoc,,
3060,504,filterLoc,,
3060,507,filterLoc,,
3060,510,filterLoc,,
3060,513,filterLoc,,
3060,516,filterLoc,,
3060,519,filterLoc,,
3060,522,filterLoc,,
3060,525,filterLoc,,
3060,528,filterLoc,,
3060,531,filterLoc,,
3060,534,filterLoc,,
3060,537,filterLoc,,
3060,540,filterLoc,,
3060,543,filterLoc,,
3060,546,filterLoc,,
3060,549,filterLoc,,
3060,552,filterLoc,,
3060,555,filterLoc,,
3060,558,filterLoc,,
3060,561,filterLoc,,;Evacuee;103;in triage category;G;is entering helicopter;1
3060,564,filterLoc,,
3060,567,filterLoc,,;Evacuee;111;in triage category;G;is entering helicopter;1
3060,570,filterLoc,,
3060,573,filterLoc,,
3060,576,filterLoc,,
3060,579,filterLoc,,;Evacuee;101;in triage category;G;is entering helicopter;1
3060,582,filterLoc,,
3060,585,filterLoc,,
3060,588,filterLoc,,
3060,591,filterLoc,,
3060,594,filterLoc,,
3060,597,filterLoc,,
3060,600,filterLoc,,
3060,603,filterLoc,,
3060,606,filterLoc,,
3060,609,filterLoc,,
3060,612,filterLoc,,
3060,615,filterLoc,,
3060,618,filterLoc,,
3060,621,filterLoc,,
3060,624,filterLoc,,
3060,627,filterLoc,,;Evacuee;87;in triage category;G;is entering helicopter;1
3060,630,filterLoc,,
3060,633,filterLoc,,
3060,636,filterLoc,,
3060,639,filterLoc,,
3060,642,filterLoc,,
3060,645,filterLoc,,
3060,648,filterLoc,,
3060,651,filterLoc,,
3060,654,filterLoc,,
3060,657,filterLoc,,
3060,660,filterLoc,,
3060,663,filterLoc,,
3060,666,filterLoc,,
3060,669,filterLoc,,
3060,672,filterLoc,,
3060,675,filterLoc,,
3060,678,filterLoc,,
3060,681,filterLoc,,
3060,684,filterLoc,,
3060,687,filterLoc,,
3060,690,filterLoc,,
3060,693,filterLoc,,
3060,696,filterLoc,,
3060,699,filterLoc,,
3060,702,filterLoc,,
3060,705,filterLoc,,
3060,708,filterLoc,,
3060,711,filterLoc,,
3060,714,filterLoc,,
3060,717,filterLoc,,
3060,720,filterLoc,,
3060,723,filterLoc,,
3060,726,filterLoc,,
3060,729,filterLoc,,
3060,732,filterLoc,,
3060,735,filterLoc,,
3060,738,filterLoc,,
3060,741,filterLoc,,
3060,744,filterLoc,,
3060,747,filterLoc,,
3060,750,filterLoc,,
3060,753,filterLoc,,
3060,756,filterLoc,,
3060,759,filterLoc,,
3060,762,filterLoc,,
3060,765,filterLoc,,
3060,768,filterLoc,,
3060,771,filterLoc,,
3060,774,filterLoc,,;Evacuee;107;in triage category;G;is entering helicopter;1
3060,777,filterLoc,,
3060,780,filterLoc,,;Evacuee;110;in triage category;G;is entering helicopter;1
3060,783,filterLoc,,
3060,786,filterLoc,,
3060,789,filterLoc,,
3060,792,filterLoc,,
3060,795,filterLoc,,
3060,798,filterLoc,,
3060,801,filterLoc,,
3060,804,filterLoc,,
3060,807,filterLoc,,
3060,810,filterLoc,,
3060,813,filterLoc,,
3060,816,filterLoc,,
3060,819,filterLoc,,
3060,822,filterLoc,,
3060,825,filterLoc,,
3060,828,filterLoc,,
3060,831,filterLoc,,
3060,834,filterLoc,,;Evacuee;97;in triage category;G;is entering helicopter;1
3060,837,filterLoc,,
3060,840,filterLoc,,
3060,843,filterLoc,,;Evacuee;89;in triage category;G;is entering helicopter;1
3060,846,filterLoc,,
3060,849,filterLoc,,
3060,852,filterLoc,,
3060,855,filterLoc,,
3060,858,filterLoc,,
3060,861,filterLoc,,
3060,864,filterLoc,,
3060,867,filterLoc,,
3060,870,filterLoc,,
3060,873,filterLoc,,
3060,876,filterLoc,,
3060,879,filterLoc,,
3060,882,filterLoc,,
3060,885,filterLoc,,
3060,888,filterLoc,,
3060,891,filterLoc,,
3060,894,filterLoc,,
3060,897,filterLoc,,
3060,900,filterLoc,,
3060,903,filterLoc,,
3060,906,filterLoc,,
3060,909,filterLoc,,
3060,912,filterLoc,,
3060,915,filterLoc,,
3060,918,filterLoc,,
3060,921,filterLoc,,
3060,924,filterLoc,,
3060,927,filterLoc,,
3060,930,filterLoc,,
3060,933,filterLoc,,
3060,936,filterLoc,,
3060,939,filterLoc,,
3060,942,filterLoc,,
3060,945,filterLoc,,
3060,948,filterLoc,,
3060,951,filterLoc,,
3060,954,filterLoc,,
3060,957,filterLoc,,
3060,960,filterLoc,,
3060,963,filterLoc,,
3060,966,filterLoc,,
3060,969,filterLoc,,
3060,972,filterLoc,,
3060,975,filterLoc,,
3060,978,filterLoc,,
3060,981,filterLoc,,
3060,984,filterLoc,,
3060,987,filterLoc,,
3060,990,filterLoc,,
3060,993,filterLoc,,
3060,996,filterLoc,,
3060,999,filterLoc,,
3060,1002,filterLoc,,
3060,1005,filterLoc,,
3060,1008,filterLoc,,
3060,1011,filterLoc,,
3060,1014,filterLoc,,
3060,1017,filterLoc,,
3060,1020,filterLoc,,
3060,1023,filterLoc,,
3060,1026,filterLoc,,
3060,1029,filterLoc,,
3060,1032,filterLoc,,
3060,1035,filterLoc,,
3060,1038,filterLoc,,
3060,1041,filterLoc,,
3060,1044,filterLoc,,
3060,1047,filterLoc,,
3060,1050,filterLoc,,
3060,1053,filterLoc,,
3060,1056,filterLoc,,
3060,1059,filterLoc,,
3060,1062,filterLoc,,
3060,1065,filterLoc,,
3060,1068,filterLoc,,
3060,1071,filterLoc,,
3060,1074,filterLoc,,
3060,1077,filterLoc,,
3060,1080,filterLoc,,
3060,1083,filterLoc,,
3060,1086,filterLoc,,
3060,1089,filterLoc,,
3060,1092,filterLoc,,
3060,1095,filterLoc,,
3060,1098,filterLoc,,
3060,1101,filterLoc,,
3060,1104,filterLoc,,
3060,1107,filterLoc,,
3060,1110,filterLoc,,
3060,1113,filterLoc,,
3060,1116,filterLoc,,
3060,1123,filterLoc,,;Evacuee;94;in triage category;G;is entering helicopter;1
3060,1126,filterLoc,,
3060,1129,filterLoc,,
3060,1132,filterLoc,,
3060,1135,filterLoc,,
3060,1138,filterLoc,,
3060,1141,filterLoc,,
3060,1144,filterLoc,,
3060,1147,filterLoc,,
3060,1150,filterLoc,,
3060,1153,filterLoc,,
3060,1156,filterLoc,,
3060,1161,helicopter,,Helicopter;1;is loading people at the evacuation site;;and has;0;spots taken
3060,1163,filterLoc,,
3060,1166,filterLoc,,
3060,1169,filterLoc,,
3060,1172,filterLoc,,
3060,1175,filterLoc,,
3060,1178,filterLoc,,
3060,1181,filterLoc,,
3060,1184,filterLoc,,
3060,1187,filterLoc,,
3060,1190,filterLoc,,
3060,1193,filterLoc,,
3060,1196,filterLoc,,
3060,1199,filterLoc,,
3060,1202,filterLoc,,
3060,1205,filterLoc,,
3060,1208,filterLoc,,
3060,1211,filterLoc,,
3060,1214,filterLoc,,
3060,1217,filterLoc,,
3060,1220,filterLoc,,
3060,1223,filterLoc,,
3060,1226,filterLoc,,
3060,1229,filterLoc,,
3060,1232,filterLoc,,
3060,1235,filterLoc,,
3060,1238,filterLoc,,
3060,1241,filterLoc,,
3060,1244,filterLoc,,
3060,1247,filterLoc,,
3060,1250,filterLoc,,
3060,1253,filterLoc,,
3060,1256,filterLoc,,
3060,1259,filterLoc,,
3060,1262,filterLoc,,
3060,1265,filterLoc,,
3060,1268,filterLoc,,
3060,1271,filterLoc,,
3060,1274,filterLoc,,
3060,1277,filterLoc,,
3060,1280,filterLoc,,
3060,1283,filterLoc,,
3060,1286,filterLoc,,
3060,1289,filterLoc,,
3060,1292,filterLoc,,
3060,1295,filterLoc,,
3060,1298,filterLoc,,
3060,1301,filterLoc,,
3060,1304,filterLoc,,
3060,1307,filterLoc,,
3060,1310,filterLoc,,
3060,1313,filterLoc,,
3060,1316,filterLoc,,
3060,1319,filterLoc,,
3060,1322,filterLoc,,
3060,1325,filterLoc,,
3060,1328,filterLoc,,
3060,1331,filterLoc,,
3060,1334,filterLoc,,
3060,1337,filterLoc,,
3060,1340,filterLoc,,
3060,1343,filterLoc,,
3060,1346,filterLoc,,
3060,1349,filterLoc,,
3060,1352,filterLoc,,
3060,1355,filterLoc,,
3060,1358,filterLoc,,
3060,1361,filterLoc,,
3060,1364,filterLoc,,
3060,1367,filterLoc,,
3060,1370,filterLoc,,
3060,1373,filterLoc,,
3060,1376,filterLoc,,
3060,1379,filterLoc,,
3060,1382,filterLoc,,
3060,1385,filterLoc,,
3060,1388,filterLoc,,
3060,1391,filterLoc,,
3060,1394,filterLoc,,
3060,1397,filterLoc,,
3060,1400,filterLoc,,
3060,1403,filterLoc,,
3060,1406,filterLoc,,
3060,1409,filterLoc,,
3060,1412,filterLoc,,
3060,1415,filterLoc,,
3060,1418,filterLoc,,
3060,1421,filterLoc,,
3060,1424,filterLoc,,
3060,1427,filterLoc,,
3060,1430,filterLoc,,
3060,1433,filterLoc,,
3060,1436,filterLoc,,
3060,1439,filterLoc,,
3060,1442,filterLoc,,
3060,1445,filterLoc,,
3060,1448,filterLoc,,
3060,1451,filterLoc,,
3060,1454,filterLoc,,
3060,1457,filterLoc,,
3060,1460,filterLoc,,
3060,1463,filterLoc,,
3060,1466,filterLoc,,
3060,1469,filterLoc,,
3060,1472,filterLoc,,
3060,1475,filterLoc,,
3060,1478,filterLoc,,
3060,1481,filterLoc,,
3060,1484,filterLoc,,
3060,1487,filterLoc,,;Evacuee;96;in triage category;G;is entering helicopter;1
3060,1490,filterLoc,,
3060,1493,filterLoc,,
3060,1496,filterLoc,,
3060,1499,filterLoc,,
3060,1502,filterLoc,,
3060,1505,filterLoc,,
3060,1508,filterLoc,,
3060,1511,filterLoc,,
3060,1514,filterLoc,,
3060,1517,filterLoc,,
3060,561,filterLoc,out,Evacuee 103 in triage category G is assigned helicopter 1
3060,561,filterLoc,,
3060,562,evacuee,,Evacuee;103;in triage state;G;is entering helicopter;1
3060,567,filterLoc,out,Evacuee 111 in triage category G is assigned helicopter 1
3060,567,filterLoc,,
3060,568,evacuee,,Evacuee;111;in triage state;G;is entering helicopter;1
3060,579,filterLoc,out,Evacuee 101 in triage category G is assigned helicopter 1
3060,579,filterLoc,,
3060,580,evacuee,,Evacuee;101;in triage state;G;is entering helicopter;1
3060,627,filterLoc,out,Evacuee 87 in triage category G is assigned helicopter 1
3060,627,filterLoc,,
3060,628,evacuee,,Evacuee;87;in triage state;G;is entering helicopter;1
3060,774,filterLoc,out,Evacuee 107 in triage category G is assigned helicopter 1
3060,774,filterLoc,,
3060,775,evacuee,,Evacuee;107;in triage state;G;is entering helicopter;1
3060,780,filterLoc,out,Evacuee 110 in triage category G is assigned helicopter 1
3060,780,filterLoc,,
3060,781,evacuee,,Evacuee;110;in triage state;G;is entering helicopter;1
3060,834,filterLoc,out,Evacuee 97 in triage category G is assigned helicopter 1
3060,834,filterLoc,,
3060,835,evacuee,,Evacuee;97;in triage state;G;is entering helicopter;1
3060,843,filterLoc,out,Evacuee 89 in triage category G is assigned helicopter 1
3060,843,filterLoc,,
3060,844,evacuee,,Evacuee;89;in triage state;G;is entering helicopter;1
3060,1123,filterLoc,out,Evacuee 94 in triage category G is assigned helicopter 1
3060,1123,filterLoc,,
3060,1124,evacuee,,Evacuee;94;in triage state;G;is entering helicopter;1
3060,1487,filterLoc,out,Evacuee 96 in triage category G is assigned helicopter 1
3060,1487,filterLoc,,
3060,1488,evacuee,,Evacuee;96;in triage state;G;is entering helicopter;1
3060,103,filterEvac,,
3060,562,evacuee,outHelo,Evacuee 103 in triage category G is assigned helicopter 1
3060,562,evacuee,,Evacuee;103;in triage state;G;is in helicopter;1
3060,568,evacuee,outHelo,Evacuee 111 in triage category G is assigned helicopter 1
3060,568,evacuee,,Evacuee;111;in triage state;G;is in helicopter;1
3060,580,evacuee,outHelo,Evacuee 101 in triage category G is assigned helicopter 1
3060,580,evacuee,,Evacuee;101;in triage state;G;is in helicopter;1
3060,628,evacuee,outHelo,Evacuee 87 in triage category G is assigned helicopter 1
3060,628,evacuee,,Evacuee;87;in triage state;G;is in helicopter;1
3060,775,evacuee,outHelo,Evacuee 107 in triage category G is assigned helicopter 1
3060,775,evacuee,,Evacuee;107;in triage state;G;is in helicopter;1
3060,781,evacuee,outHelo,Evacuee 110 in triage category G is assigned helicopter 1
3060,781,evacuee,,Evacuee;110;in triage state;G;is in helicopter;1
3060,835,evacuee,outHelo,Evacuee 97 in triage category G is assigned helicopter 1
3060,835,evacuee,,Evacuee;97;in triage state;G;is in helicopter;1
3060,844,evacuee,outHelo,Evacuee 89 in triage category G is assigned helicopter 1
3060,844,evacuee,,Evacuee;89;in triage state;G;is in helicopter;1
3060,1119,filterEvac,,
3060,1124,evacuee,outHelo,Evacuee 94 in triage category G is assigned helicopter 1
3060,1124,evacuee,,Evacuee;94;in triage state;G;is in helicopter;1
3060,1159,filterEvac,,;Evacuee;87;in triage category;G;is entering helicopter;1;Evacuee;89;in triage category;G;is entering helicopter;1;Evacuee;94;in triage category;G;is entering helicopter;1;Evacuee;96;in triage category;G;is entering helicopter;1;Evacuee;97;in triage category;G;is entering helicopter;1;Evacuee;101;in triage category;G;is entering helicopter;1;Evacuee;103;in triage category;G;is entering helicopter;1;Evacuee;107;in triage category;G;is entering helicopter;1;Evacuee;110;in triage category;G;is entering helicopter;1;Evacuee;111;in triage category;G;is entering helicopter;1
3060,1488,evacuee,outHelo,Evacuee 96 in triage category G is assigned helicopter 1
3060,1488,evacuee,,Evacuee;96;in triage state;G;is in helicopter;1
3060,1159,filterEvac,out,Evacuee 87 in triage category G is assigned helicopter 1
3060,1159,filterEvac,out,Evacuee 89 in triage category G is assigned helicopter 1
3060,1159,filterEvac,out,Evacuee 94 in triage category G is assigned helicopter 1
3060,1159,filterEvac,out,Evacuee 96 in triage category G is assigned helicopter 1
3060,1159,filterEvac,out,Evacuee 97 in triage category G is assigned helicopter 1
3060,1159,filterEvac,out,Evacuee 101 in triage category G is assigned helicopter 1
3060,1159,filterEvac,out,Evacuee 103 in triage category G is assigned helicopter 1
3060,1159,filterEvac,out,Evacuee 107 in triage category G is assigned helicopter 1
3060,1159,filterEvac,out,Evacuee 110 in triage category G is assigned helicopter 1
3060,1159,filterEvac,out,Evacuee 111 in triage category G is assigned helicopter 1
3060,1159,filterEvac,,
3060,1161,helicopter,,Helicopter;1;is loading people at the evacuation site;;and has;10;spots taken
3073.6,3,evacueeManager,,OFF SHIP: White;0;Green;128;Yellow;28;Red;8;Black;296;ON SHIP: White;0;Green;0;Yellow;0;Red;0;Evacuees to Transfer;
3073.6,53,evacuee,outES,Evacuee 471 in triage category G is not assigned a helicopter
3073.6,53,evacuee,,Evacuee;471;in triage state;Y;is at the evacuation site
3075,4,helipadManager,outHelo,Helicopter 1 is evacuating people1
3075,4,helipadManager,,;No helos are at ES
3075,104,filterES,,
3075,1120,filterES,,
3075,1160,filterES,,Helicopter;1;is evacuating people
3075,4,helipadManager,outHQ,0
3075,4,helipadManager,,;No helos are at ES
3075,5,helicopterQueue,,;No helos are waiting to land
3075,1160,filterES,out,Helicopter 1 is evacuating people1
3075,1160,filterES,,
3075,1161,helicopter,,Helicopter;1;is loading people at the evacuation site;;and has;10;spots taken
3075,5,helicopterQueue,,;No helos are waiting to land
3075,1161,helicopter,,Helicopter;1;is returning to the FOL;;and has;10;spots taken
3075.24,3,evacueeManager,,OFF SHIP: White;0;Green;128;Yellow;28;Red;7;Black;297;ON SHIP: White;0;Green;0;Yellow;0;Red;0;Evacuees to Transfer;
3075.24,44,evacuee,outES,Evacuee 476 in triage category R is not assigned a helicopter
3075.24,44,evacuee,,Evacuee;476;in triage state;B;is at the evacuation site
3075.53,3,evacueeManager,,OFF SHIP: White;0;Green;127;Yellow;29;Red;7;Black;297;ON SHIP: White;0;Green;0;Yellow;0;Red;0;Evacuees to Transfer;
3075.53,1191,evacuee,outES,Evacuee 131 in triage category G is not assigned a helicopter
3075.53,1191,evacuee,,Evacuee;131;in triage state;Y;is at the evacuation site
3078.44,3,evacueeManager,,OFF SHIP: White;0;Green;127;Yellow;29;Red;6;Black;298;ON SHIP: White;0;Green;0;Yellow;0;Red;0;Evacuees to Transfer;
3078.44,973,evacuee,outES,Evacuee 61 in triage category R is not assigned a helicopter
3078.44,973,evacuee,,Evacuee;61;in triage state;B;is at the evacuation site
3079.37,3,evacueeManager,,OFF SHIP: White;0;Green;126;Yellow;30;Red;6;Black;298;ON SHIP: White;0;Green;0;Yellow;0;Red;0;Evacuees to Transfer;
3079.37,556,evacuee,outES,Evacuee 424 in triage category G is not assigned a helicopter
3079.37,556,evacuee,,Evacuee;424;in triage state;Y;is at the evacuation site
3082.33,3,evacueeManager,,OFF SHIP: White;0;Green;126;Yellow;30;Red;5;Black;299;ON SHIP: White;0;Green;0;Yellow;0;Red;0;Evacuees to Transfer;
3082.33,265,evacuee,outES,Evacuee 346 in triage category R is not assigned a helicopter
3082.33,265,evacuee,,Evacuee;346;in triage state;B;is at the evacuation site
3086.9,3,evacueeManager,,OFF SHIP: White;0;Green;125;Yellow;31;Red;5;Black;299;ON SHIP: White;0;Green;0;Yellow;0;Red;0;Evacuees to Transfer;
3086.9,1114,evacuee,outES,Evacuee 266 in triage category G is not assigned a helicopter
3086.9,1114,evacuee,,Evacuee;266;in triage state;Y;is at the evacuation site
3090,7,filterLoc,,
3090,10,filterLoc,,
3090,13,filterLoc,,
3090,16,filterLoc,,
3090,19,filterLoc,,
3090,22,filterLoc,,
3090,25,filterLoc,,
3090,28,filterLoc,,
3090,31,filterLoc,,
3090,34,filterLoc,,
3090,37,filterLoc,,
3090,40,filterLoc,,
3090,43,filterLoc,,
3090,46,filterLoc,,
3090,49,filterLoc,,
3090,52,filterLoc,,
3090,55,filterLoc,,
3090,58,filterLoc,,
3090,61,filterLoc,,
3090,64,filterLoc,,
3090,67,filterLoc,,
3090,70,filterLoc,,
3090,73,filterLoc,,
3090,76,filterLoc,,
3090,79,filterLoc,,
3090,82,filterLoc,,
3090,85,filterLoc,,
3090,88,filterLoc,,
3090,91,filterLoc,,
3090,94,filterLoc,,
3090,97,filterLoc,,
3090,100,filterLoc,,
3090,105,helicopter,outEvac,Evacuee 63 in triage category G is not assigned a helicopter
3090,105,helicopter,outEvac,Evacuee 66 in triage category G is not assigned a helicopter
3090,105,helicopter,outEvac,Evacuee 68 in triage category G is not assigned a helicopter
3090,105,helicopter,outEvac,Evacuee 69 in triage category G is not assigned a helicopter
3090,105,helicopter,outEvac,Evacuee 70 in triage category G is not assigned a helicopter
3090,105,helicopter,outEvac,Evacuee 72 in triage category G is not assigned a helicopter
3090,105,helicopter,outEvac,Evacuee 79 in triage category G is not assigned a helicopter
3090,105,helicopter,outEvac,Evacuee 80 in triage category G is not assigned a helicopter
3090,105,helicopter,outEvac,Evacuee 84 in triage category G is not assigned a helicopter
3090,105,helicopter,outEvac,Evacuee 86 in triage category G is not assigned a helicopter
3090,105,helicopter,,Helicopter;3;is unloading people at the FOL;;and has;0;spots taken
3090,107,filterLoc,,
3090,110,filterLoc,,
3090,113,filterLoc,,
3090,116,filterLoc,,
3090,119,filterLoc,,
3090,122,filterLoc,,
3090,125,filterLoc,,
3090,128,filterLoc,,
3090,131,filterLoc,,
3090,134,filterLoc,,
3090,137,filterLoc,,
3090,140,filterLoc,,
3090,143,filterLoc,,
3090,146,filterLoc,,
3090,149,filterLoc,,
3090,152,filterLoc,,
3090,155,filterLoc,,
3090,158,filterLoc,,
3090,161,filterLoc,,
3090,164,filterLoc,,
3090,167,filterLoc,,
3090,170,filterLoc,,
3090,173,filterLoc,,
3090,176,filterLoc,,
3090,179,filterLoc,,
3090,182,filterLoc,,
3090,185,filterLoc,,
3090,188,filterLoc,,
3090,191,filterLoc,,
3090,194,filterLoc,,
3090,197,filterLoc,,
3090,200,filterLoc,,
3090,203,filterLoc,,
3090,206,filterLoc,,
3090,209,filterLoc,,
3090,212,filterLoc,,
3090,215,filterLoc,,
3090,218,filterLoc,,
3090,221,filterLoc,,
3090,225,filterLoc,,
3090,228,filterLoc,,
3090,231,filterLoc,,
3090,234,filterLoc,,
3090,237,filterLoc,,
3090,240,filterLoc,,
3090,243,filterLoc,,
3090,246,filterLoc,,
3090,249,filterLoc,,
3090,252,filterLoc,,
3090,255,filterLoc,,
3090,258,filterLoc,,
3090,261,filterLoc,,
3090,264,filterLoc,,
3090,267,filterLoc,,
3090,270,filterLoc,,
3090,273,filterLoc,,
3090,276,filterLoc,,
3090,279,filterLoc,,
3090,282,filterLoc,,
3090,285,filterLoc,,
3090,288,filterLoc,,
3090,291,filterLoc,,
3090,294,filterLoc,,
3090,297,filterLoc,,
3090,300,filterLoc,,
3090,303,filterLoc,,
3090,306,filterLoc,,
3090,309,filterLoc,,
3090,312,filterLoc,,
3090,315,filterLoc,,
3090,318,filterLoc,,
3090,321,filterLoc,,
3090,324,filterLoc,,
3090,327,filterLoc,,
3090,330,filterLoc,,
3090,333,filterLoc,,
3090,336,filterLoc,,
3090,339,filterLoc,,
3090,342,filterLoc,,
3090,345,filterLoc,,
3090,348,filterLoc,,
3090,351,filterLoc,,
3090,354,filterLoc,,
3090,357,filterLoc,,
3090,360,filterLoc,,
3090,363,filterLoc,,
3090,366,filterLoc,,
3090,369,filterLoc,,
3090,372,filterLoc,,
3090,375,filterLoc,,
3090,378,filterLoc,,
3090,381,filterLoc,,
3090,384,filterLoc,,
3090,387,filterLoc,,
3090,390,filterLoc,,
3090,393,filterLoc,,
3090,396,filterLoc,,
3090,399,filterLoc,,
3090,402,filterLoc,,
3090,405,filterLoc,,
3090,408,filterLoc,,
3090,411,filterLoc,,
3090,414,filterLoc,,
3090,417,filterLoc,,
3090,420,filterLoc,,
3090,423,filterLoc,,
3090,426,filterLoc,,
3090,429,filterLoc,,
3090,432,filterLoc,,
3090,435,filterLoc,,
3090,438,filterLoc,,
3090,441,filterLoc,,
3090,444,filterLoc,,
3090,447,filterLoc,,
3090,450,filterLoc,,
3090,453,filterLoc,,
3090,456,filterLoc,,
3090,459,filterLoc,,
3090,462,filterLoc,,
3090,465,filterLoc,,
3090,468,filterLoc,,
3090,471,filterLoc,,
3090,474,filterLoc,,
3090,477,filterLoc,,
3090,480,filterLoc,,
3090,483,filterLoc,,
3090,486,filterLoc,,
3090,489,filterLoc,,
3090,492,filterLoc,,
3090,495,filterLoc,,
3090,498,filterLoc,,
3090,501,filterLoc,,
3090,504,filterLoc,,
3090,507,filterLoc,,
3090,510,filterLoc,,
3090,513,filterLoc,,
3090,516,filterLoc,,
3090,519,filterLoc,,
3090,522,filterLoc,,
3090,525,filterLoc,,
3090,528,filterLoc,,
3090,531,filterLoc,,
3090,534,filterLoc,,
3090,537,filterLoc,,
3090,540,filterLoc,,
3090,543,filterLoc,,
3090,546,filterLoc,,
3090,549,filterLoc,,
3090,552,filterLoc,,
3090,555,filterLoc,,
3090,558,filterLoc,,
3090,561,filterLoc,,
3090,564,filterLoc,,
3090,567,filterLoc,,
3090,570,filterLoc,,
3090,573,filterLoc,,
3090,576,filterLoc,,
3090,579,filterLoc,,
3090,582,filterLoc,,
3090,585,filterLoc,,
3090,588,filterLoc,,
3090,591,filterLoc,,
3090,594,filterLoc,,
3090,597,filterLoc,,
3090,600,filterLoc,,
3090,603,filterLoc,,
3090,606,filterLoc,,
3090,609,filterLoc,,
3090,612,filterLoc,,
3090,615,filterLoc,,
3090,618,filterLoc,,
3090,621,filterLoc,,
3090,624,filterLoc,,
3090,627,filterLoc,,
3090,630,filterLoc,,
3090,633,filterLoc,,;Evacuee;86;in triage category;G;is leaving helicopter;3
3090,636,filterLoc,,
3090,639,filterLoc,,
3090,642,filterLoc,,;Evacuee;80;in triage category;G;is leaving helicopter;3
3090,645,filterLoc,,;Evacuee;79;in triage category;G;is leaving helicopter;3
3090,648,filterLoc,,
3090,651,filterLoc,,
3090,654,filterLoc,,
3090,657,filterLoc,,
3090,660,filterLoc,,
3090,663,filterLoc,,
3090,666,filterLoc,,
3090,669,filterLoc,,
3090,672,filterLoc,,
3090,675,filterLoc,,
3090,678,filterLoc,,
3090,681,filterLoc,,
3090,684,filterLoc,,
3090,687,filterLoc,,
3090,690,filterLoc,,
3090,693,filterLoc,,
3090,696,filterLoc,,
3090,699,filterLoc,,
3090,702,filterLoc,,
3090,705,filterLoc,,
3090,708,filterLoc,,;Evacuee;66;in triage category;G;is leaving helicopter;3
3090,711,filterLoc,,
3090,714,filterLoc,,
3090,717,filterLoc,,
3090,720,filterLoc,,
3090,723,filterLoc,,
3090,726,filterLoc,,
3090,729,filterLoc,,
3090,732,filterLoc,,
3090,735,filterLoc,,
3090,738,filterLoc,,
3090,741,filterLoc,,
3090,744,filterLoc,,
3090,747,filterLoc,,
3090,750,filterLoc,,
3090,753,filterLoc,,
3090,756,filterLoc,,
3090,759,filterLoc,,
3090,762,filterLoc,,
3090,765,filterLoc,,;Evacuee;70;in triage category;G;is leaving helicopter;3
3090,768,filterLoc,,
3090,771,filterLoc,,
3090,774,filterLoc,,
3090,777,filterLoc,,
3090,780,filterLoc,,
3090,783,filterLoc,,
3090,786,filterLoc,,
3090,789,filterLoc,,
3090,792,filterLoc,,
3090,795,filterLoc,,
3090,798,filterLoc,,
3090,801,filterLoc,,
3090,804,filterLoc,,
3090,807,filterLoc,,
3090,810,filterLoc,,
3090,813,filterLoc,,
3090,816,filterLoc,,
3090,819,filterLoc,,
3090,822,filterLoc,,
3090,825,filterLoc,,
3090,828,filterLoc,,
3090,831,filterLoc,,
3090,834,filterLoc,,
3090,837,filterLoc,,
3090,840,filterLoc,,
3090,843,filterLoc,,
3090,846,filterLoc,,
3090,849,filterLoc,,
3090,852,filterLoc,,
3090,855,filterLoc,,
3090,858,filterLoc,,
3090,861,filterLoc,,
3090,864,filterLoc,,
3090,867,filterLoc,,
3090,870,filterLoc,,
3090,873,filterLoc,,
3090,876,filterLoc,,
3090,879,filterLoc,,
3090,882,filterLoc,,
3090,885,filterLoc,,
3090,888,filterLoc,,
3090,891,filterLoc,,
3090,894,filterLoc,,
3090,897,filterLoc,,
3090,900,filterLoc,,
3090,903,filterLoc,,
3090,906,filterLoc,,
3090,909,filterLoc,,
3090,912,filterLoc,,
3090,915,filterLoc,,
3090,918,filterLoc,,
3090,921,filterLoc,,
3090,924,filterLoc,,
3090,927,filterLoc,,
3090,930,filterLoc,,
3090,933,filterLoc,,
3090,936,filterLoc,,
3090,939,filterLoc,,
3090,942,filterLoc,,
3090,945,filterLoc,,
3090,948,filterLoc,,
3090,951,filterLoc,,
3090,954,filterLoc,,
3090,957,filterLoc,,
3090,960,filterLoc,,
3090,963,filterLoc,,
3090,966,filterLoc,,
3090,969,filterLoc,,
3090,972,filterLoc,,
3090,975,filterLoc,,
3090,978,filterLoc,,
3090,981,filterLoc,,
3090,984,filterLoc,,
3090,987,filterLoc,,
3090,990,filterLoc,,
3090,993,filterLoc,,
3090,996,filterLoc,,;Evacuee;68;in triage category;G;is leaving helicopter;3
3090,999,filterLoc,,;Evacuee;72;in triage category;G;is leaving helicopter;3
3090,1002,filterLoc,,
3090,1005,filterLoc,,
3090,1008,filterLoc,,
3090,1011,filterLoc,,
3090,1014,filterLoc,,
3090,1017,filterLoc,,
3090,1020,filterLoc,,
3090,1023,filterLoc,,
3090,1026,filterLoc,,
3090,1029,filterLoc,,
3090,1032,filterLoc,,
3090,1035,filterLoc,,
3090,1038,filterLoc,,
3090,1041,filterLoc,,
3090,1044,filterLoc,,
3090,1047,filterLoc,,
3090,1050,filterLoc,,
3090,1053,filterLoc,,
3090,1056,filterLoc,,
3090,1059,filterLoc,,
3090,1062,filterLoc,,;Evacuee;84;in triage category;G;is leaving helicopter;3
3090,1065,filterLoc,,
3090,1068,filterLoc,,
3090,1071,filterLoc,,
3090,1074,filterLoc,,
3090,1077,filterLoc,,
3090,1080,filterLoc,,
3090,1083,filterLoc,,
3090,1086,filterLoc,,
3090,1089,filterLoc,,
3090,1092,filterLoc,,
3090,1095,filterLoc,,
3090,1098,filterLoc,,
3090,1101,filterLoc,,
3090,1104,filterLoc,,
3090,1107,filterLoc,,
3090,1110,filterLoc,,
3090,1113,filterLoc,,
3090,1116,filterLoc,,
3090,1123,filterLoc,,
3090,1126,filterLoc,,;Evacuee;63;in triage category;G;is leaving helicopter;3
3090,1129,filterLoc,,
3090,1132,filterLoc,,
3090,1135,filterLoc,,
3090,1138,filterLoc,,
3090,1141,filterLoc,,
3090,1144,filterLoc,,
3090,1147,filterLoc,,
3090,1150,filterLoc,,
3090,1153,filterLoc,,
3090,1156,filterLoc,,
3090,1163,filterLoc,,
3090,1166,filterLoc,,
3090,1169,filterLoc,,
3090,1172,filterLoc,,
3090,1175,filterLoc,,
3090,1178,filterLoc,,
3090,1181,filterLoc,,
3090,1184,filterLoc,,
3090,1187,filterLoc,,
3090,1190,filterLoc,,
3090,1193,filterLoc,,
3090,1196,filterLoc,,
3090,1199,filterLoc,,
3090,1202,filterLoc,,
3090,1205,filterLoc,,
3090,1208,filterLoc,,
3090,1211,filterLoc,,
3090,1214,filterLoc,,
3090,1217,filterLoc,,
3090,1220,filterLoc,,
3090,1223,filterLoc,,
3090,1226,filterLoc,,
3090,1229,filterLoc,,
3090,1232,filterLoc,,
3090,1235,filterLoc,,
3090,1238,filterLoc,,
3090,1241,filterLoc,,
3090,1244,filterLoc,,
3090,1247,filterLoc,,
3090,1250,filterLoc,,
3090,1253,filterLoc,,
3090,1256,filterLoc,,
3090,1259,filterLoc,,
3090,1262,filterLoc,,
3090,1265,filterLoc,,
3090,1268,filterLoc,,
3090,1271,filterLoc,,
3090,1274,filterLoc,,
3090,1277,filterLoc,,
3090,1280,filterLoc,,
3090,1283,filterLoc,,
3090,1286,filterLoc,,
3090,1289,filterLoc,,
3090,1292,filterLoc,,
3090,1295,filterLoc,,
3090,1298,filterLoc,,
3090,1301,filterLoc,,
3090,1304,filterLoc,,
3090,1307,filterLoc,,
3090,1310,filterLoc,,
3090,1313,filterLoc,,
3090,1316,filterLoc,,
3090,1319,filterLoc,,
3090,1322,filterLoc,,
3090,1325,filterLoc,,
3090,1328,filterLoc,,
3090,1331,filterLoc,,
3090,1334,filterLoc,,
3090,1337,filterLoc,,
3090,1340,filterLoc,,
3090,1343,filterLoc,,
3090,1346,filterLoc,,
3090,1349,filterLoc,,
3090,1352,filterLoc,,
3090,1355,filterLoc,,
3090,1358,filterLoc,,
3090,1361,filterLoc,,
3090,1364,filterLoc,,
3090,1367,filterLoc,,
3090,1370,filterLoc,,
3090,1373,filterLoc,,
3090,1376,filterLoc,,
3090,1379,filterLoc,,
3090,1382,filterLoc,,
3090,1385,filterLoc,,
3090,1388,filterLoc,,
3090,1391,filterLoc,,
3090,1394,filterLoc,,
3090,1397,filterLoc,,
3090,1400,filterLoc,,
3090,1403,filterLoc,,
3090,1406,filterLoc,,;Evacuee;69;in triage category;G;is leaving helicopter;3
3090,1409,filterLoc,,
3090,1412,filterLoc,,
3090,1415,filterLoc,,
3090,1418,filterLoc,,
3090,1421,filterLoc,,
3090,1424,filterLoc,,
3090,1427,filterLoc,,
3090,1430,filterLoc,,
3090,1433,filterLoc,,
3090,1436,filterLoc,,
3090,1439,filterLoc,,
3090,1442,filterLoc,,
3090,1445,filterLoc,,
3090,1448,filterLoc,,
3090,1451,filterLoc,,
3090,1454,filterLoc,,
3090,1457,filterLoc,,
3090,1460,filterLoc,,
3090,1463,filterLoc,,
3090,1466,filterLoc,,
3090,1469,filterLoc,,
3090,1472,filterLoc,,
3090,1475,filterLoc,,
3090,1478,filterLoc,,
3090,1481,filterLoc,,
3090,1484,filterLoc,,
3090,1487,filterLoc,,
3090,1490,filterLoc,,
3090,1493,filterLoc,,
3090,1496,filterLoc,,
3090,1499,filterLoc,,
3090,1502,filterLoc,,
3090,1505,filterLoc,,
3090,1508,filterLoc,,
3090,1511,filterLoc,,
3090,1514,filterLoc,,
3090,1517,filterLoc,,
3090,633,filterLoc,out,Evacuee 86 in triage category G is not assigned a helicopter
3090,633,filterLoc,,
3090,634,evacuee,,Evacuee;86;in triage state;G;is entering the FOL
3090,642,filterLoc,out,Evacuee 80 in triage category G is not assigned a helicopter
3090,642,filterLoc,,
3090,643,evacuee,,Evacuee;80;in triage state;G;is entering the FOL
3090,645,filterLoc,out,Evacuee 79 in triage category G is not assigned a helicopter
3090,645,filterLoc,,
3090,646,evacuee,,Evacuee;79;in triage state;G;is entering the FOL
3090,708,filterLoc,out,Evacuee 66 in triage category G is not assigned a helicopter
3090,708,filterLoc,,
3090,709,evacuee,,Evacuee;66;in triage state;G;is entering the FOL
3090,765,filterLoc,out,Evacuee 70 in triage category G is not assigned a helicopter
3090,765,filterLoc,,
3090,766,evacuee,,Evacuee;70;in triage state;G;is entering the FOL
3090,996,filterLoc,out,Evacuee 68 in triage category G is not assigned a helicopter
3090,996,filterLoc,,
3090,997,evacuee,,Evacuee;68;in triage state;G;is entering the FOL
3090,999,filterLoc,out,Evacuee 72 in triage category G is not assigned a helicopter
3090,999,filterLoc,,
3090,1000,evacuee,,Evacuee;72;in triage state;G;is entering the FOL
3090,1062,filterLoc,out,Evacuee 84 in triage category G is not assigned a helicopter
3090,1062,filterLoc,,
3090,1063,evacuee,,Evacuee;84;in triage state;G;is entering the FOL
3090,1126,filterLoc,out,Evacuee 63 in triage category G is not assigned a helicopter
3090,1126,filterLoc,,
3090,1127,evacuee,,Evacuee;63;in triage state;G;is entering the FOL
3090,1406,filterLoc,out,Evacuee 69 in triage category G is not assigned a helicopter
3090,1406,filterLoc,,
3090,1407,evacuee,,Evacuee;69;in triage state;G;is entering the FOL
3090,223,FOL,,;EvacueeID;3;Triage Status;G;EvacueeID;5;Triage Status;G;EvacueeID;6;Triage Status;G;EvacueeID;7;Triage Status;G;EvacueeID;8;Triage Status;G;EvacueeID;16;Triage Status;G;EvacueeID;20;Triage Status;G;EvacueeID;21;Triage Status;G;EvacueeID;27;Triage Status;G;EvacueeID;35;Triage Status;G;EvacueeID;36;Triage Status;G;EvacueeID;39;Triage Status;G;EvacueeID;41;Triage Status;G;EvacueeID;42;Triage Status;G;EvacueeID;47;Triage Status;G;EvacueeID;49;Triage Status;G;EvacueeID;51;Triage Status;G;EvacueeID;52;Triage Status;G;EvacueeID;56;Triage Status;G;EvacueeID;62;Triage Status;G;EvacueeID;63;Triage Status;G;EvacueeID;66;Triage Status;G;EvacueeID;68;Triage Status;G;EvacueeID;69;Triage Status;G;EvacueeID;70;Triage Status;G;EvacueeID;72;Triage Status;G;EvacueeID;79;Triage Status;G;EvacueeID;80;Triage Status;G;EvacueeID;84;Triage Status;G;EvacueeID;86;Triage Status;G;Lives Saved;30
3090,634,evacuee,outFOL,Evacuee 86 in triage category G is not assigned a helicopter
3090,634,evacuee,,Evacuee;86;in triage state;G;is at the FOL
3090,643,evacuee,outFOL,Evacuee 80 in triage category G is not assigned a helicopter
3090,643,evacuee,,Evacuee;80;in triage state;G;is at the FOL
3090,646,evacuee,outFOL,Evacuee 79 in triage category G is not assigned a helicopter
3090,646,evacuee,,Evacuee;79;in triage state;G;is at the FOL
3090,709,evacuee,outFOL,Evacuee 66 in triage category G is not assigned a helicopter
3090,709,evacuee,,Evacuee;66;in triage state;G;is at the FOL
3090,766,evacuee,outFOL,Evacuee 70 in triage category G is not assigned a helicopter
3090,766,evacuee,,Evacuee;70;in triage state;G;is at the FOL
3090,997,evacuee,outFOL,Evacuee 68 in triage category G is not assigned a helicopter
3090,997,evacuee,,Evacuee;68;in triage state;G;is at the FOL
3090,1000,evacuee,outFOL,Evacuee 72 in triage category G is not assigned a helicopter
3090,1000,evacuee,,Evacuee;72;in triage state;G;is at the FOL
3090,1063,evacuee,outFOL,Evacuee 84 in triage category G is not assigned a helicopter
3090,1063,evacuee,,Evacuee;84;in triage state;G;is at the FOL
3090,1127,evacuee,outFOL,Evacuee 63 in triage category G is not assigned a helicopter
3090,1127,evacuee,,Evacuee;63;in triage state;G;is at the FOL
3090,1407,evacuee,outFOL,Evacuee 69 in triage category G is not assigned a helicopter
3090,1407,evacuee,,Evacuee;69;in triage state;G;is at the FOL
3090,223,FOL,,;EvacueeID;3;Triage Status;G;EvacueeID;5;Triage Status;G;EvacueeID;6;Triage Status;G;EvacueeID;7;Triage Status;G;EvacueeID;8;Triage Status;G;EvacueeID;16;Triage Status;G;EvacueeID;20;Triage Status;G;EvacueeID;21;Triage Status;G;EvacueeID;27;Triage Status;G;EvacueeID;35;Triage Status;G;EvacueeID;36;Triage Status;G;EvacueeID;39;Triage Status;G;EvacueeID;41;Triage Status;G;EvacueeID;42;Triage Status;G;EvacueeID;47;Triage Status;G;EvacueeID;49;Triage Status;G;EvacueeID;51;Triage Status;G;EvacueeID;52;Triage Status;G;EvacueeID;56;Triage Status;G;EvacueeID;62;Triage Status;G;EvacueeID;63;Triage Status;G;EvacueeID;66;Triage Status;G;EvacueeID;68;Triage Status;G;EvacueeID;69;Triage Status;G;EvacueeID;70;Triage Status;G;EvacueeID;72;Triage Status;G;EvacueeID;79;Triage Status;G;EvacueeID;80;Triage Status;G;EvacueeID;84;Triage Status;G;EvacueeID;86;Triage Status;G;Lives Saved;30
3092.43,3,evacueeManager,,OFF SHIP: White;0;Green;125;Yellow;31;Red;4;Black;300;ON SHIP: White;0;Green;0;Yellow;0;Red;0;Evacuees to Transfer;
3092.43,406,evacuee,outES,Evacuee 280 in triage category R is not assigned a helicopter
3092.43,406,evacuee,,Evacuee;280;in triage state;B;is at the evacuation site
3100.04,3,evacueeManager,,OFF SHIP: White;0;Green;125;Yellow;31;Red;3;Black;301;ON SHIP: White;0;Green;0;Yellow;0;Red;0;Evacuees to Transfer;
3100.04,1108,evacuee,outES,Evacuee 182 in triage category R is not assigned a helicopter
3100.04,1108,evacuee,,Evacuee;182;in triage state;B;is at the evacuation site
3100.42,3,evacueeManager,,OFF SHIP: White;0;Green;124;Yellow;32;Red;3;Black;301;ON SHIP: White;0;Green;0;Yellow;0;Red;0;Evacuees to Transfer;
3100.42,343,evacuee,outES,Evacuee 309 in triage category G is not assigned a helicopter
3100.42,343,evacuee,,Evacuee;309;in triage state;Y;is at the evacuation site
3101.57,3,evacueeManager,,OFF SHIP: White;0;Green;124;Yellow;31;Red;4;Black;301;ON SHIP: White;0;Green;0;Yellow;0;Red;0;Evacuees to Transfer;
3101.57,1191,evacuee,outES,Evacuee 131 in triage category Y is not assigned a helicopter
3101.57,1191,evacuee,,Evacuee;131;in triage state;R;is at the evacuation site
3104.97,3,evacueeManager,,OFF SHIP: White;0;Green;124;Yellow;31;Red;3;Black;302;ON SHIP: White;0;Green;0;Yellow;0;Red;0;Evacuees to Transfer;
3104.97,171,evacuee,outES,Evacuee 393 in triage category R is not assigned a helicopter
3104.97,171,evacuee,,Evacuee;393;in triage state;B;is at the evacuation site
3105,105,helicopter,,Helicopter;3;Is going to the evacuation site;;and has;0;spots taken
3107.95,3,evacueeManager,,OFF SHIP: White;0;Green;124;Yellow;30;Red;4;Black;302;ON SHIP: White;0;Green;0;Yellow;0;Red;0;Evacuees to Transfer;
3107.95,1323,evacuee,outES,Evacuee 183 in triage category Y is not assigned a helicopter
3107.95,1323,evacuee,,Evacuee;183;in triage state;R;is at the evacuation site
3108.13,3,evacueeManager,,OFF SHIP: White;0;Green;124;Yellow;29;Red;5;Black;302;ON SHIP: White;0;Green;0;Yellow;0;Red;0;Evacuees to Transfer;
3108.13,53,evacuee,outES,Evacuee 471 in triage category Y is not assigned a helicopter
3108.13,53,evacuee,,Evacuee;471;in triage state;R;is at the evacuation site
3112.43,3,evacueeManager,,OFF SHIP: White;0;Green;124;Yellow;28;Red;6;Black;302;ON SHIP: White;0;Green;0;Yellow;0;Red;0;Evacuees to Transfer;
3112.43,1464,evacuee,outES,Evacuee 233 in triage category Y is not assigned a helicopter
3112.43,1464,evacuee,,Evacuee;233;in triage state;R;is at the evacuation site
3116.93,3,evacueeManager,,OFF SHIP: White;0;Green;123;Yellow;29;Red;6;Black;302;ON SHIP: White;0;Green;0;Yellow;0;Red;0;Evacuees to Transfer;
3116.93,1260,evacuee,outES,Evacuee 163 in triage category G is not assigned a helicopter
3116.93,1260,evacuee,,Evacuee;163;in triage state;Y;is at the evacuation site
3120,5,helicopterQueue,,1;Helos are waiting to land;HeloID;2
3120,1121,helicopter,outES,Helicopter 2 is evacuating people2
3120,1121,helicopter,,Helicopter;2;is waiting to land at the evacuation site;;and has;0;spots taken
3120,4,helipadManager,,;No helos are at ES
3120,5,helicopterQueue,outHM,Helicopter 2 is evacuating people2
3120,5,helicopterQueue,outHelo,Helicopter 2 is evacuating people2
3120,5,helicopterQueue,,;No helos are waiting to land
3120,104,filterES,,
3120,1120,filterES,,Helicopter;2;is evacuating people
3120,1160,filterES,,
3120,3,evacueeManager,,OFF SHIP: White;0;Green;113;Yellow;29;Red;6;Black;302;ON SHIP: White;0;Green;0;Yellow;0;Red;0;Evacuees to Transfer;;EvacueeID;113;HeloID;2;OnShip;0;Triage Status;G;EvacueeID;115;HeloID;2;OnShip;0;Triage Status;G;EvacueeID;118;HeloID;2;OnShip;0;Triage Status;G;EvacueeID;120;HeloID;2;OnShip;0;Triage Status;G;EvacueeID;124;HeloID;2;OnShip;0;Triage Status;G;EvacueeID;128;HeloID;2;OnShip;0;Triage Status;G;EvacueeID;130;HeloID;2;OnShip;0;Triage Status;G;EvacueeID;132;HeloID;2;OnShip;0;Triage Status;G;EvacueeID;133;HeloID;2;OnShip;0;Triage Status;G;EvacueeID;134;HeloID;2;OnShip;0;Triage Status;G
3120,4,helipadManager,outEM,Helicopter 2 is evacuating people2
3120,4,helipadManager,,Helo;2;is at the ES
3120,1120,filterES,out,Helicopter 2 is evacuating people2
3120,1120,filterES,,
3120,1121,helicopter,,Helicopter;2;is waiting to land at the evacuation site;;and has;0;spots taken
3120,3,evacueeManager,outEvac,Evacuee 113 in triage category G is assigned helicopter 2
3120,3,evacueeManager,outEvac,Evacuee 115 in triage category G is assigned helicopter 2
3120,3,evacueeManager,outEvac,Evacuee 118 in triage category G is assigned helicopter 2
3120,3,evacueeManager,outEvac,Evacuee 120 in triage category G is assigned helicopter 2
3120,3,evacueeManager,outEvac,Evacuee 124 in triage category G is assigned helicopter 2
3120,3,evacueeManager,outEvac,Evacuee 128 in triage category G is assigned helicopter 2
3120,3,evacueeManager,outEvac,Evacuee 130 in triage category G is assigned helicopter 2
3120,3,evacueeManager,outEvac,Evacuee 132 in triage category G is assigned helicopter 2
3120,3,evacueeManager,outEvac,Evacuee 133 in triage category G is assigned helicopter 2
3120,3,evacueeManager,outEvac,Evacuee 134 in triage category G is assigned helicopter 2
3120,3,evacueeManager,,OFF SHIP: White;0;Green;113;Yellow;29;Red;6;Black;302;ON SHIP: White;0;Green;0;Yellow;0;Red;0;Evacuees to Transfer;
3120,7,filterLoc,,
3120,10,filterLoc,,
3120,13,filterLoc,,
3120,16,filterLoc,,
3120,19,filterLoc,,
3120,22,filterLoc,,
3120,25,filterLoc,,
3120,28,filterLoc,,
3120,31,filterLoc,,
3120,34,filterLoc,,
3120,37,filterLoc,,
3120,40,filterLoc,,
3120,43,filterLoc,,
3120,46,filterLoc,,
3120,49,filterLoc,,
3120,52,filterLoc,,
3120,55,filterLoc,,
3120,58,filterLoc,,
3120,61,filterLoc,,
3120,64,filterLoc,,
3120,67,filterLoc,,
3120,70,filterLoc,,
3120,73,filterLoc,,
3120,76,filterLoc,,
3120,79,filterLoc,,
3120,82,filterLoc,,
3120,85,filterLoc,,
3120,88,filterLoc,,
3120,91,filterLoc,,
3120,94,filterLoc,,
3120,97,filterLoc,,
3120,100,filterLoc,,
3120,107,filterLoc,,
3120,110,filterLoc,,
3120,113,filterLoc,,
3120,116,filterLoc,,
3120,119,filterLoc,,
3120,122,filterLoc,,
3120,125,filterLoc,,
3120,128,filterLoc,,
3120,131,filterLoc,,
3120,134,filterLoc,,
3120,137,filterLoc,,
3120,140,filterLoc,,
3120,143,filterLoc,,
3120,146,filterLoc,,
3120,149,filterLoc,,
3120,152,filterLoc,,
3120,155,filterLoc,,
3120,158,filterLoc,,
3120,161,filterLoc,,
3120,164,filterLoc,,
3120,167,filterLoc,,
3120,170,filterLoc,,
3120,173,filterLoc,,
3120,176,filterLoc,,
3120,179,filterLoc,,
3120,182,filterLoc,,
3120,185,filterLoc,,
3120,188,filterLoc,,
3120,191,filterLoc,,
3120,194,filterLoc,,
3120,197,filterLoc,,
3120,200,filterLoc,,
3120,203,filterLoc,,
3120,206,filterLoc,,
3120,209,filterLoc,,
3120,212,filterLoc,,
3120,215,filterLoc,,
3120,218,filterLoc,,
3120,221,filterLoc,,
3120,225,filterLoc,,
3120,228,filterLoc,,
3120,231,filterLoc,,
3120,234,filterLoc,,
3120,237,filterLoc,,
3120,240,filterLoc,,
3120,243,filterLoc,,
3120,246,filterLoc,,
3120,249,filterLoc,,
3120,252,filterLoc,,
3120,255,filterLoc,,
3120,258,filterLoc,,
3120,261,filterLoc,,
3120,264,filterLoc,,
3120,267,filterLoc,,
3120,270,filterLoc,,
3120,273,filterLoc,,
3120,276,filterLoc,,
3120,279,filterLoc,,
3120,282,filterLoc,,
3120,285,filterLoc,,
3120,288,filterLoc,,
3120,291,filterLoc,,
3120,294,filterLoc,,
3120,297,filterLoc,,
3120,300,filterLoc,,
3120,303,filterLoc,,
3120,306,filterLoc,,
3120,309,filterLoc,,
3120,312,filterLoc,,
3120,315,filterLoc,,
3120,318,filterLoc,,
3120,321,filterLoc,,
3120,324,filterLoc,,
3120,327,filterLoc,,
3120,330,filterLoc,,
3120,333,filterLoc,,
3120,336,filterLoc,,
3120,339,filterLoc,,
3120,342,filterLoc,,
3120,345,filterLoc,,
3120,348,filterLoc,,
3120,351,filterLoc,,
3120,354,filterLoc,,
3120,357,filterLoc,,
3120,360,filterLoc,,
3120,363,filterLoc,,
3120,366,filterLoc,,
3120,369,filterLoc,,
3120,372,filterLoc,,
3120,375,filterLoc,,
3120,378,filterLoc,,
3120,381,filterLoc,,
3120,384,filterLoc,,
3120,387,filterLoc,,
3120,390,filterLoc,,
3120,393,filterLoc,,
3120,396,filterLoc,,
3120,399,filterLoc,,
3120,402,filterLoc,,
3120,405,filterLoc,,
3120,408,filterLoc,,
3120,411,filterLoc,,
3120,414,filterLoc,,
3120,417,filterLoc,,
3120,420,filterLoc,,
3120,423,filterLoc,,
3120,426,filterLoc,,
3120,429,filterLoc,,
3120,432,filterLoc,,
3120,435,filterLoc,,
3120,438,filterLoc,,
3120,441,filterLoc,,
3120,444,filterLoc,,
3120,447,filterLoc,,
3120,450,filterLoc,,
3120,453,filterLoc,,
3120,456,filterLoc,,
3120,459,filterLoc,,
3120,462,filterLoc,,
3120,465,filterLoc,,
3120,468,filterLoc,,
3120,471,filterLoc,,
3120,474,filterLoc,,
3120,477,filterLoc,,
3120,480,filterLoc,,
3120,483,filterLoc,,
3120,486,filterLoc,,
3120,489,filterLoc,,
3120,492,filterLoc,,
3120,495,filterLoc,,
3120,498,filterLoc,,;Evacuee;118;in triage category;G;is entering helicopter;2
3120,501,filterLoc,,
3120,504,filterLoc,,
3120,507,filterLoc,,
3120,510,filterLoc,,
3120,513,filterLoc,,
3120,516,filterLoc,,
3120,519,filterLoc,,
3120,522,filterLoc,,
3120,525,filterLoc,,
3120,528,filterLoc,,
3120,531,filterLoc,,
3120,534,filterLoc,,
3120,537,filterLoc,,
3120,540,filterLoc,,
3120,543,filterLoc,,
3120,546,filterLoc,,
3120,549,filterLoc,,
3120,552,filterLoc,,
3120,555,filterLoc,,
3120,558,filterLoc,,
3120,561,filterLoc,,
3120,564,filterLoc,,;Evacuee;124;in triage category;G;is entering helicopter;2
3120,567,filterLoc,,
3120,570,filterLoc,,
3120,573,filterLoc,,
3120,576,filterLoc,,
3120,579,filterLoc,,
3120,582,filterLoc,,
3120,585,filterLoc,,
3120,588,filterLoc,,
3120,591,filterLoc,,
3120,594,filterLoc,,
3120,597,filterLoc,,
3120,600,filterLoc,,
3120,603,filterLoc,,
3120,606,filterLoc,,
3120,609,filterLoc,,
3120,612,filterLoc,,
3120,615,filterLoc,,
3120,618,filterLoc,,
3120,621,filterLoc,,
3120,624,filterLoc,,
3120,627,filterLoc,,
3120,630,filterLoc,,
3120,633,filterLoc,,
3120,636,filterLoc,,
3120,639,filterLoc,,
3120,642,filterLoc,,
3120,645,filterLoc,,
3120,648,filterLoc,,;Evacuee;115;in triage category;G;is entering helicopter;2
3120,651,filterLoc,,
3120,654,filterLoc,,
3120,657,filterLoc,,
3120,660,filterLoc,,
3120,663,filterLoc,,
3120,666,filterLoc,,
3120,669,filterLoc,,
3120,672,filterLoc,,
3120,675,filterLoc,,
3120,678,filterLoc,,
3120,681,filterLoc,,
3120,684,filterLoc,,
3120,687,filterLoc,,
3120,690,filterLoc,,
3120,693,filterLoc,,
3120,696,filterLoc,,
3120,699,filterLoc,,;Evacuee;128;in triage category;G;is entering helicopter;2
3120,702,filterLoc,,;Evacuee;134;in triage category;G;is entering helicopter;2
3120,705,filterLoc,,
3120,708,filterLoc,,
3120,711,filterLoc,,
3120,714,filterLoc,,
3120,717,filterLoc,,
3120,720,filterLoc,,
3120,723,filterLoc,,
3120,726,filterLoc,,
3120,729,filterLoc,,
3120,732,filterLoc,,
3120,735,filterLoc,,
3120,738,filterLoc,,
3120,741,filterLoc,,
3120,744,filterLoc,,
3120,747,filterLoc,,
3120,750,filterLoc,,
3120,753,filterLoc,,
3120,756,filterLoc,,
3120,759,filterLoc,,
3120,762,filterLoc,,
3120,765,filterLoc,,
3120,768,filterLoc,,
3120,771,filterLoc,,
3120,774,filterLoc,,
3120,777,filterLoc,,
3120,780,filterLoc,,
3120,783,filterLoc,,
3120,786,filterLoc,,;Evacuee;133;in triage category;G;is entering helicopter;2
3120,789,filterLoc,,
3120,792,filterLoc,,
3120,795,filterLoc,,
3120,798,filterLoc,,
3120,801,filterLoc,,
3120,804,filterLoc,,
3120,807,filterLoc,,
3120,810,filterLoc,,
3120,813,filterLoc,,
3120,816,filterLoc,,
3120,819,filterLoc,,
3120,822,filterLoc,,
3120,825,filterLoc,,
3120,828,filterLoc,,
3120,831,filterLoc,,
3120,834,filterLoc,,
3120,837,filterLoc,,
3120,840,filterLoc,,
3120,843,filterLoc,,
3120,846,filterLoc,,
3120,849,filterLoc,,
3120,852,filterLoc,,
3120,855,filterLoc,,
3120,858,filterLoc,,
3120,861,filterLoc,,
3120,864,filterLoc,,
3120,867,filterLoc,,
3120,870,filterLoc,,
3120,873,filterLoc,,
3120,876,filterLoc,,
3120,879,filterLoc,,
3120,882,filterLoc,,
3120,885,filterLoc,,
3120,888,filterLoc,,
3120,891,filterLoc,,
3120,894,filterLoc,,
3120,897,filterLoc,,
3120,900,filterLoc,,
3120,903,filterLoc,,
3120,906,filterLoc,,
3120,909,filterLoc,,
3120,912,filterLoc,,
3120,915,filterLoc,,
3120,918,filterLoc,,
3120,921,filterLoc,,
3120,924,filterLoc,,
3120,927,filterLoc,,;Evacuee;132;in triage category;G;is entering helicopter;2
3120,930,filterLoc,,
3120,933,filterLoc,,
3120,936,filterLoc,,
3120,939,filterLoc,,
3120,942,filterLoc,,
3120,945,filterLoc,,
3120,948,filterLoc,,
3120,951,filterLoc,,
3120,954,filterLoc,,
3120,957,filterLoc,,
3120,960,filterLoc,,
3120,963,filterLoc,,
3120,966,filterLoc,,
3120,969,filterLoc,,
3120,972,filterLoc,,
3120,975,filterLoc,,
3120,978,filterLoc,,
3120,981,filterLoc,,
3120,984,filterLoc,,
3120,987,filterLoc,,
3120,990,filterLoc,,
3120,993,filterLoc,,
3120,996,filterLoc,,
3120,999,filterLoc,,
3120,1002,filterLoc,,
3120,1005,filterLoc,,
3120,1008,filterLoc,,
3120,1011,filterLoc,,
3120,1014,filterLoc,,
3120,1017,filterLoc,,
3120,1020,filterLoc,,
3120,1023,filterLoc,,
3120,1026,filterLoc,,
3120,1029,filterLoc,,
3120,1032,filterLoc,,
3120,1035,filterLoc,,
3120,1038,filterLoc,,
3120,1041,filterLoc,,
3120,1044,filterLoc,,
3120,1047,filterLoc,,
3120,1050,filterLoc,,
3120,1053,filterLoc,,
3120,1056,filterLoc,,
3120,1059,filterLoc,,
3120,1062,filterLoc,,
3120,1065,filterLoc,,
3120,1068,filterLoc,,
3120,1071,filterLoc,,
3120,1074,filterLoc,,
3120,1077,filterLoc,,
3120,1080,filterLoc,,
3120,1083,filterLoc,,
3120,1086,filterLoc,,
3120,1089,filterLoc,,
3120,1092,filterLoc,,
3120,1095,filterLoc,,
3120,1098,filterLoc,,
3120,1101,filterLoc,,
3120,1104,filterLoc,,
3120,1107,filterLoc,,
3120,1110,filterLoc,,
3120,1113,filterLoc,,
3120,1116,filterLoc,,;Evacuee;120;in triage category;G;is entering helicopter;2
3120,1121,helicopter,,Helicopter;2;is loading people at the evacuation site;;and has;0;spots taken
3120,1123,filterLoc,,
3120,1126,filterLoc,,
3120,1129,filterLoc,,
3120,1132,filterLoc,,
3120,1135,filterLoc,,
3120,1138,filterLoc,,
3120,1141,filterLoc,,
3120,1144,filterLoc,,
3120,1147,filterLoc,,
3120,1150,filterLoc,,
3120,1153,filterLoc,,
3120,1156,filterLoc,,
3120,1163,filterLoc,,
3120,1166,filterLoc,,
3120,1169,filterLoc,,
3120,1172,filterLoc,,
3120,1175,filterLoc,,
3120,1178,filterLoc,,
3120,1181,filterLoc,,
3120,1184,filterLoc,,
3120,1187,filterLoc,,
3120,1190,filterLoc,,
3120,1193,filterLoc,,
3120,1196,filterLoc,,
3120,1199,filterLoc,,
3120,1202,filterLoc,,
3120,1205,filterLoc,,
3120,1208,filterLoc,,
3120,1211,filterLoc,,;Evacuee;130;in triage category;G;is entering helicopter;2
3120,1214,filterLoc,,
3120,1217,filterLoc,,
3120,1220,filterLoc,,
3120,1223,filterLoc,,
3120,1226,filterLoc,,
3120,1229,filterLoc,,
3120,1232,filterLoc,,
3120,1235,filterLoc,,
3120,1238,filterLoc,,
3120,1241,filterLoc,,
3120,1244,filterLoc,,
3120,1247,filterLoc,,
3120,1250,filterLoc,,
3120,1253,filterLoc,,
3120,1256,filterLoc,,
3120,1259,filterLoc,,
3120,1262,filterLoc,,
3120,1265,filterLoc,,
3120,1268,filterLoc,,
3120,1271,filterLoc,,
3120,1274,filterLoc,,
3120,1277,filterLoc,,
3120,1280,filterLoc,,
3120,1283,filterLoc,,
3120,1286,filterLoc,,
3120,1289,filterLoc,,
3120,1292,filterLoc,,
3120,1295,filterLoc,,
3120,1298,filterLoc,,
3120,1301,filterLoc,,
3120,1304,filterLoc,,
3120,1307,filterLoc,,
3120,1310,filterLoc,,
3120,1313,filterLoc,,
3120,1316,filterLoc,,
3120,1319,filterLoc,,
3120,1322,filterLoc,,
3120,1325,filterLoc,,
3120,1328,filterLoc,,
3120,1331,filterLoc,,
3120,1334,filterLoc,,
3120,1337,filterLoc,,
3120,1340,filterLoc,,
3120,1343,filterLoc,,
3120,1346,filterLoc,,
3120,1349,filterLoc,,
3120,1352,filterLoc,,
3120,1355,filterLoc,,
3120,1358,filterLoc,,
3120,1361,filterLoc,,
3120,1364,filterLoc,,
3120,1367,filterLoc,,
3120,1370,filterLoc,,
3120,1373,filterLoc,,
3120,1376,filterLoc,,
3120,1379,filterLoc,,
3120,1382,filterLoc,,
3120,1385,filterLoc,,
3120,1388,filterLoc,,
3120,1391,filterLoc,,
3120,1394,filterLoc,,
3120,1397,filterLoc,,
3120,1400,filterLoc,,
3120,1403,filterLoc,,
3120,1406,filterLoc,,
3120,1409,filterLoc,,
3120,1412,filterLoc,,
3120,1415,filterLoc,,
3120,1418,filterLoc,,
3120,1421,filterLoc,,
3120,1424,filterLoc,,
3120,1427,filterLoc,,
3120,1430,filterLoc,,
3120,1433,filterLoc,,
3120,1436,filterLoc,,
3120,1439,filterLoc,,
3120,1442,filterLoc,,
3120,1445,filterLoc,,
3120,1448,filterLoc,,
3120,1451,filterLoc,,
3120,1454,filterLoc,,
3120,1457,filterLoc,,
3120,1460,filterLoc,,
3120,1463,filterLoc,,
3120,1466,filterLoc,,
3120,1469,filterLoc,,
3120,1472,filterLoc,,
3120,1475,filterLoc,,
3120,1478,filterLoc,,;Evacuee;113;in triage category;G;is entering helicopter;2
3120,1481,filterLoc,,
3120,1484,filterLoc,,
3120,1487,filterLoc,,
3120,1490,filterLoc,,
3120,1493,filterLoc,,
3120,1496,filterLoc,,
3120,1499,filterLoc,,
3120,1502,filterLoc,,
3120,1505,filterLoc,,
3120,1508,filterLoc,,
3120,1511,filterLoc,,
3120,1514,filterLoc,,
3120,1517,filterLoc,,
3120,498,filterLoc,out,Evacuee 118 in triage category G is assigned helicopter 2
3120,498,filterLoc,,
3120,499,evacuee,,Evacuee;118;in triage state;G;is entering helicopter;2
3120,564,filterLoc,out,Evacuee 124 in triage category G is assigned helicopter 2
3120,564,filterLoc,,
3120,565,evacuee,,Evacuee;124;in triage state;G;is entering helicopter;2
3120,648,filterLoc,out,Evacuee 115 in triage category G is assigned helicopter 2
3120,648,filterLoc,,
3120,649,evacuee,,Evacuee;115;in triage state;G;is entering helicopter;2
3120,699,filterLoc,out,Evacuee 128 in triage category G is assigned helicopter 2
3120,699,filterLoc,,
3120,700,evacuee,,Evacuee;128;in triage state;G;is entering helicopter;2
3120,702,filterLoc,out,Evacuee 134 in triage category G is assigned helicopter 2
3120,702,filterLoc,,
3120,703,evacuee,,Evacuee;134;in triage state;G;is entering helicopter;2
3120,786,filterLoc,out,Evacuee 133 in triage category G is assigned helicopter 2
3120,786,filterLoc,,
3120,787,evacuee,,Evacuee;133;in triage state;G;is entering helicopter;2
3120,927,filterLoc,out,Evacuee 132 in triage category G is assigned helicopter 2
3120,927,filterLoc,,
3120,928,evacuee,,Evacuee;132;in triage state;G;is entering helicopter;2
3120,1116,filterLoc,out,Evacuee 120 in triage category G is assigned helicopter 2
3120,1116,filterLoc,,
3120,1117,evacuee,,Evacuee;120;in triage state;G;is entering helicopter;2
3120,1211,filterLoc,out,Evacuee 130 in triage category G is assigned helicopter 2
3120,1211,filterLoc,,
3120,1212,evacuee,,Evacuee;130;in triage state;G;is entering helicopter;2
3120,1478,filterLoc,out,Evacuee 113 in triage category G is assigned helicopter 2
3120,1478,filterLoc,,
3120,1479,evacuee,,Evacuee;113;in triage state;G;is entering helicopter;2
3120,103,filterEvac,,
3120,499,evacuee,outHelo,Evacuee 118 in triage category G is assigned helicopter 2
3120,499,evacuee,,Evacuee;118;in triage state;G;is in helicopter;2
3120,565,evacuee,outHelo,Evacuee 124 in triage category G is assigned helicopter 2
3120,565,evacuee,,Evacuee;124;in triage state;G;is in helicopter;2
3120,649,evacuee,outHelo,Evacuee 115 in triage category G is assigned helicopter 2
3120,649,evacuee,,Evacuee;115;in triage state;G;is in helicopter;2
3120,700,evacuee,outHelo,Evacuee 128 in triage category G is assigned helicopter 2
3120,700,evacuee,,Evacuee;128;in triage state;G;is in helicopter;2
3120,703,evacuee,outHelo,Evacuee 134 in triage category G is assigned helicopter 2
3120,703,evacuee,,Evacuee;134;in triage state;G;is in helicopter;2
3120,787,evacuee,outHelo,Evacuee 133 in triage category G is assigned helicopter 2
3120,787,evacuee,,Evacuee;133;in triage state;G;is in helicopter;2
3120,928,evacuee,outHelo,Evacuee 132 in triage category G is assigned helicopter 2
3120,928,evacuee,,Evacuee;132;in triage state;G;is in helicopter;2
3120,1117,evacuee,outHelo,Evacuee 120 in triage category G is assigned helicopter 2
3120,1117,evacuee,,Evacuee;120;in triage state;G;is in helicopter;2
3120,1119,filterEvac,,;Evacuee;113;in triage category;G;is entering helicopter;2;Evacuee;115;in triage category;G;is entering helicopter;2;Evacuee;118;in triage category;G;is entering helicopter;2;Evacuee;120;in triage category;G;is entering helicopter;2;Evacuee;124;in triage category;G;is entering helicopter;2;Evacuee;128;in triage category;G;is entering helicopter;2;Evacuee;130;in triage category;G;is entering helicopter;2;Evacuee;132;in triage category;G;is entering helicopter;2;Evacuee;133;in triage category;G;is entering helicopter;2;Evacuee;134;in triage category;G;is entering helicopter;2
3120,1159,filterEvac,,
3120,1212,evacuee,outHelo,Evacuee 130 in triage category G is assigned helicopter 2
3120,1212,evacuee,,Evacuee;130;in triage state;G;is in helicopter;2
3120,1479,evacuee,outHelo,Evacuee 113 in triage category G is assigned helicopter 2
3120,1479,evacuee,,Evacuee;113;in triage state;G;is in helicopter;2
3120,1119,filterEvac,out,Evacuee 113 in triage category G is assigned helicopter 2
3120,1119,filterEvac,out,Evacuee 115 in triage category G is assigned helicopter 2
3120,1119,filterEvac,out,Evacuee 118 in triage category G is assigned helicopter 2
3120,1119,filterEvac,out,Evacuee 120 in triage category G is assigned helicopter 2
3120,1119,filterEvac,out,Evacuee 124 in triage category G is assigned helicopter 2
3120,1119,filterEvac,out,Evacuee 128 in triage category G is assigned helicopter 2
3120,1119,filterEvac,out,Evacuee 130 in triage category G is assigned helicopter 2
3120,1119,filterEvac,out,Evacuee 132 in triage category G is assigned helicopter 2
3120,1119,filterEvac,out,Evacuee 133 in triage category G is assigned helicopter 2
3120,1119,filterEvac,out,Evacuee 134 in triage category G is assigned helicopter 2
3120,1119,filterEvac,,
3120,1121,helicopter,,Helicopter;2;is loading people at the evacuation site;;and has;10;spots taken
3132.42,3,evacueeManager,,OFF SHIP: White;0;Green;113;Yellow;28;Red;7;Black;302;ON SHIP: White;0;Green;0;Yellow;0;Red;0;Evacuees to Transfer;
3132.42,1114,evacuee,outES,Evacuee 266 in triage category Y is not assigned a helicopter
3132.42,1114,evacuee,,Evacuee;266;in triage state;R;is at the evacuation site
3134.92,3,evacueeManager,,OFF SHIP: White;0;Green;113;Yellow;27;Red;8;Black;302;ON SHIP: White;0;Green;0;Yellow;0;Red;0;Evacuees to Transfer;
3134.92,1242,evacuee,outES,Evacuee 159 in triage category Y is not assigned a helicopter
3134.92,1242,evacuee,,Evacuee;159;in triage state;R;is at the evacuation site
3135,4,helipadManager,outHelo,Helicopter 2 is evacuating people2
3135,4,helipadManager,,;No helos are at ES
3135,104,filterES,,
3135,1120,filterES,,Helicopter;2;is evacuating people
3135,1160,filterES,,
3135,4,helipadManager,outHQ,0
3135,4,helipadManager,,;No helos are at ES
3135,5,helicopterQueue,,;No helos are waiting to land
3135,1120,filterES,out,Helicopter 2 is evacuating people2
3135,1120,filterES,,
3135,1121,helicopter,,Helicopter;2;is loading people at the evacuation site;;and has;10;spots taken
3135,5,helicopterQueue,,;No helos are waiting to land
3135,1121,helicopter,,Helicopter;2;is returning to the FOL;;and has;10;spots taken
3138.31,3,evacueeManager,,OFF SHIP: White;0;Green;113;Yellow;26;Red;9;Black;302;ON SHIP: White;0;Green;0;Yellow;0;Red;0;Evacuees to Transfer;
3138.31,547,evacuee,outES,Evacuee 148 in triage category Y is not assigned a helicopter
3138.31,547,evacuee,,Evacuee;148;in triage state;R;is at the evacuation site
3139.48,3,evacueeManager,,OFF SHIP: White;0;Green;113;Yellow;26;Red;8;Black;303;ON SHIP: White;0;Green;0;Yellow;0;Red;0;Evacuees to Transfer;
3139.48,1464,evacuee,outES,Evacuee 233 in triage category R is not assigned a helicopter
3139.48,1464,evacuee,,Evacuee;233;in triage state;B;is at the evacuation site
3143.12,3,evacueeManager,,OFF SHIP: White;0;Green;113;Yellow;25;Red;9;Black;303;ON SHIP: White;0;Green;0;Yellow;0;Red;0;Evacuees to Transfer;
3143.12,763,evacuee,outES,Evacuee 334 in triage category Y is not assigned a helicopter
3143.12,763,evacuee,,Evacuee;334;in triage state;R;is at the evacuation site
3148.41,3,evacueeManager,,OFF SHIP: White;0;Green;112;Yellow;26;Red;9;Black;303;ON SHIP: White;0;Green;0;Yellow;0;Red;0;Evacuees to Transfer;
3148.41,129,evacuee,outES,Evacuee 414 in triage category G is not assigned a helicopter
3148.41,129,evacuee,,Evacuee;414;in triage state;Y;is at the evacuation site
3150,7,filterLoc,,
3150,10,filterLoc,,
3150,13,filterLoc,,
3150,16,filterLoc,,
3150,19,filterLoc,,
3150,22,filterLoc,,
3150,25,filterLoc,,
3150,28,filterLoc,,
3150,31,filterLoc,,
3150,34,filterLoc,,
3150,37,filterLoc,,
3150,40,filterLoc,,
3150,43,filterLoc,,
3150,46,filterLoc,,
3150,49,filterLoc,,
3150,52,filterLoc,,
3150,55,filterLoc,,
3150,58,filterLoc,,
3150,61,filterLoc,,
3150,64,filterLoc,,
3150,67,filterLoc,,
3150,70,filterLoc,,
3150,73,filterLoc,,
3150,76,filterLoc,,
3150,79,filterLoc,,
3150,82,filterLoc,,
3150,85,filterLoc,,
3150,88,filterLoc,,
3150,91,filterLoc,,
3150,94,filterLoc,,
3150,97,filterLoc,,
3150,100,filterLoc,,
3150,107,filterLoc,,
3150,110,filterLoc,,
3150,113,filterLoc,,
3150,116,filterLoc,,
3150,119,filterLoc,,
3150,122,filterLoc,,
3150,125,filterLoc,,
3150,128,filterLoc,,
3150,131,filterLoc,,
3150,134,filterLoc,,
3150,137,filterLoc,,
3150,140,filterLoc,,
3150,143,filterLoc,,
3150,146,filterLoc,,
3150,149,filterLoc,,
3150,152,filterLoc,,
3150,155,filterLoc,,
3150,158,filterLoc,,
3150,161,filterLoc,,
3150,164,filterLoc,,
3150,167,filterLoc,,
3150,170,filterLoc,,
3150,173,filterLoc,,
3150,176,filterLoc,,
3150,179,filterLoc,,
3150,182,filterLoc,,
3150,185,filterLoc,,
3150,188,filterLoc,,
3150,191,filterLoc,,
3150,194,filterLoc,,
3150,197,filterLoc,,
3150,200,filterLoc,,
3150,203,filterLoc,,
3150,206,filterLoc,,
3150,209,filterLoc,,
3150,212,filterLoc,,
3150,215,filterLoc,,
3150,218,filterLoc,,
3150,221,filterLoc,,
3150,225,filterLoc,,
3150,228,filterLoc,,
3150,231,filterLoc,,
3150,234,filterLoc,,
3150,237,filterLoc,,
3150,240,filterLoc,,
3150,243,filterLoc,,
3150,246,filterLoc,,
3150,249,filterLoc,,
3150,252,filterLoc,,
3150,255,filterLoc,,
3150,258,filterLoc,,
3150,261,filterLoc,,
3150,264,filterLoc,,
3150,267,filterLoc,,
3150,270,filterLoc,,
3150,273,filterLoc,,
3150,276,filterLoc,,
3150,279,filterLoc,,
3150,282,filterLoc,,
3150,285,filterLoc,,
3150,288,filterLoc,,
3150,291,filterLoc,,
3150,294,filterLoc,,
3150,297,filterLoc,,
3150,300,filterLoc,,
3150,303,filterLoc,,
3150,306,filterLoc,,
3150,309,filterLoc,,
3150,312,filterLoc,,
3150,315,filterLoc,,
3150,318,filterLoc,,
3150,321,filterLoc,,
3150,324,filterLoc,,
3150,327,filterLoc,,
3150,330,filterLoc,,
3150,333,filterLoc,,
3150,336,filterLoc,,
3150,339,filterLoc,,
3150,342,filterLoc,,
3150,345,filterLoc,,
3150,348,filterLoc,,
3150,351,filterLoc,,
3150,354,filterLoc,,
3150,357,filterLoc,,
3150,360,filterLoc,,
3150,363,filterLoc,,
3150,366,filterLoc,,
3150,369,filterLoc,,
3150,372,filterLoc,,
3150,375,filterLoc,,
3150,378,filterLoc,,
3150,381,filterLoc,,
3150,384,filterLoc,,
3150,387,filterLoc,,
3150,390,filterLoc,,
3150,393,filterLoc,,
3150,396,filterLoc,,
3150,399,filterLoc,,
3150,402,filterLoc,,
3150,405,filterLoc,,
3150,408,filterLoc,,
3150,411,filterLoc,,
3150,414,filterLoc,,
3150,417,filterLoc,,
3150,420,filterLoc,,
3150,423,filterLoc,,
3150,426,filterLoc,,
3150,429,filterLoc,,
3150,432,filterLoc,,
3150,435,filterLoc,,
3150,438,filterLoc,,
3150,441,filterLoc,,
3150,444,filterLoc,,
3150,447,filterLoc,,
3150,450,filterLoc,,
3150,453,filterLoc,,
3150,456,filterLoc,,
3150,459,filterLoc,,
3150,462,filterLoc,,
3150,465,filterLoc,,
3150,468,filterLoc,,
3150,471,filterLoc,,
3150,474,filterLoc,,
3150,477,filterLoc,,
3150,480,filterLoc,,
3150,483,filterLoc,,
3150,486,filterLoc,,
3150,489,filterLoc,,
3150,492,filterLoc,,
3150,495,filterLoc,,
3150,498,filterLoc,,
3150,501,filterLoc,,
3150,504,filterLoc,,
3150,507,filterLoc,,
3150,510,filterLoc,,
3150,513,filterLoc,,
3150,516,filterLoc,,
3150,519,filterLoc,,
3150,522,filterLoc,,
3150,525,filterLoc,,
3150,528,filterLoc,,
3150,531,filterLoc,,
3150,534,filterLoc,,
3150,537,filterLoc,,
3150,540,filterLoc,,
3150,543,filterLoc,,
3150,546,filterLoc,,
3150,549,filterLoc,,
3150,552,filterLoc,,
3150,555,filterLoc,,
3150,558,filterLoc,,
3150,561,filterLoc,,;Evacuee;103;in triage category;G;is leaving helicopter;1
3150,564,filterLoc,,
3150,567,filterLoc,,;Evacuee;111;in triage category;G;is leaving helicopter;1
3150,570,filterLoc,,
3150,573,filterLoc,,
3150,576,filterLoc,,
3150,579,filterLoc,,;Evacuee;101;in triage category;G;is leaving helicopter;1
3150,582,filterLoc,,
3150,585,filterLoc,,
3150,588,filterLoc,,
3150,591,filterLoc,,
3150,594,filterLoc,,
3150,597,filterLoc,,
3150,600,filterLoc,,
3150,603,filterLoc,,
3150,606,filterLoc,,
3150,609,filterLoc,,
3150,612,filterLoc,,
3150,615,filterLoc,,
3150,618,filterLoc,,
3150,621,filterLoc,,
3150,624,filterLoc,,
3150,627,filterLoc,,;Evacuee;87;in triage category;G;is leaving helicopter;1
3150,630,filterLoc,,
3150,633,filterLoc,,
3150,636,filterLoc,,
3150,639,filterLoc,,
3150,642,filterLoc,,
3150,645,filterLoc,,
3150,648,filterLoc,,
3150,651,filterLoc,,
3150,654,filterLoc,,
3150,657,filterLoc,,
3150,660,filterLoc,,
3150,663,filterLoc,,
3150,666,filterLoc,,
3150,669,filterLoc,,
3150,672,filterLoc,,
3150,675,filterLoc,,
3150,678,filterLoc,,
3150,681,filterLoc,,
3150,684,filterLoc,,
3150,687,filterLoc,,
3150,690,filterLoc,,
3150,693,filterLoc,,
3150,696,filterLoc,,
3150,699,filterLoc,,
3150,702,filterLoc,,
3150,705,filterLoc,,
3150,708,filterLoc,,
3150,711,filterLoc,,
3150,714,filterLoc,,
3150,717,filterLoc,,
3150,720,filterLoc,,
3150,723,filterLoc,,
3150,726,filterLoc,,
3150,729,filterLoc,,
3150,732,filterLoc,,
3150,735,filterLoc,,
3150,738,filterLoc,,
3150,741,filterLoc,,
3150,744,filterLoc,,
3150,747,filterLoc,,
3150,750,filterLoc,,
3150,753,filterLoc,,
3150,756,filterLoc,,
3150,759,filterLoc,,
3150,762,filterLoc,,
3150,765,filterLoc,,
3150,768,filterLoc,,
3150,771,filterLoc,,
3150,774,filterLoc,,;Evacuee;107;in triage category;G;is leaving helicopter;1
3150,777,filterLoc,,
3150,780,filterLoc,,;Evacuee;110;in triage category;G;is leaving helicopter;1
3150,783,filterLoc,,
3150,786,filterLoc,,
3150,789,filterLoc,,
3150,792,filterLoc,,
3150,795,filterLoc,,
3150,798,filterLoc,,
3150,801,filterLoc,,
3150,804,filterLoc,,
3150,807,filterLoc,,
3150,810,filterLoc,,
3150,813,filterLoc,,
3150,816,filterLoc,,
3150,819,filterLoc,,
3150,822,filterLoc,,
3150,825,filterLoc,,
3150,828,filterLoc,,
3150,831,filterLoc,,
3150,834,filterLoc,,;Evacuee;97;in triage category;G;is leaving helicopter;1
3150,837,filterLoc,,
3150,840,filterLoc,,
3150,843,filterLoc,,;Evacuee;89;in triage category;G;is leaving helicopter;1
3150,846,filterLoc,,
3150,849,filterLoc,,
3150,852,filterLoc,,
3150,855,filterLoc,,
3150,858,filterLoc,,
3150,861,filterLoc,,
3150,864,filterLoc,,
3150,867,filterLoc,,
3150,870,filterLoc,,
3150,873,filterLoc,,
3150,876,filterLoc,,
3150,879,filterLoc,,
3150,882,filterLoc,,
3150,885,filterLoc,,
3150,888,filterLoc,,
3150,891,filterLoc,,
3150,894,filterLoc,,
3150,897,filterLoc,,
3150,900,filterLoc,,
3150,903,filterLoc,,
3150,906,filterLoc,,
3150,909,filterLoc,,
3150,912,filterLoc,,
3150,915,filterLoc,,
3150,918,filterLoc,,
3150,921,filterLoc,,
3150,924,filterLoc,,
3150,927,filterLoc,,
3150,930,filterLoc,,
3150,933,filterLoc,,
3150,936,filterLoc,,
3150,939,filterLoc,,
3150,942,filterLoc,,
3150,945,filterLoc,,
3150,948,filterLoc,,
3150,951,filterLoc,,
3150,954,filterLoc,,
3150,957,filterLoc,,
3150,960,filterLoc,,
3150,963,filterLoc,,
3150,966,filterLoc,,
3150,969,filterLoc,,
3150,972,filterLoc,,
3150,975,filterLoc,,
3150,978,filterLoc,,
3150,981,filterLoc,,
3150,984,filterLoc,,
3150,987,filterLoc,,
3150,990,filterLoc,,
3150,993,filterLoc,,
3150,996,filterLoc,,
3150,999,filterLoc,,
3150,1002,filterLoc,,
3150,1005,filterLoc,,
3150,1008,filterLoc,,
3150,1011,filterLoc,,
3150,1014,filterLoc,,
3150,1017,filterLoc,,
3150,1020,filterLoc,,
3150,1023,filterLoc,,
3150,1026,filterLoc,,
3150,1029,filterLoc,,
3150,1032,filterLoc,,
3150,1035,filterLoc,,
3150,1038,filterLoc,,
3150,1041,filterLoc,,
3150,1044,filterLoc,,
3150,1047,filterLoc,,
3150,1050,filterLoc,,
3150,1053,filterLoc,,
3150,1056,filterLoc,,
3150,1059,filterLoc,,
3150,1062,filterLoc,,
3150,1065,filterLoc,,
3150,1068,filterLoc,,
3150,1071,filterLoc,,
3150,1074,filterLoc,,
3150,1077,filterLoc,,
3150,1080,filterLoc,,
3150,1083,filterLoc,,
3150,1086,filterLoc,,
3150,1089,filterLoc,,
3150,1092,filterLoc,,
3150,1095,filterLoc,,
3150,1098,filterLoc,,
3150,1101,filterLoc,,
3150,1104,filterLoc,,
3150,1107,filterLoc,,
3150,1110,filterLoc,,
3150,1113,filterLoc,,
3150,1116,filterLoc,,
3150,1123,filterLoc,,;Evacuee;94;in triage category;G;is leaving helicopter;1
3150,1126,filterLoc,,
3150,1129,filterLoc,,
3150,1132,filterLoc,,
3150,1135,filterLoc,,
3150,1138,filterLoc,,
3150,1141,filterLoc,,
3150,1144,filterLoc,,
3150,1147,filterLoc,,
3150,1150,filterLoc,,
3150,1153,filterLoc,,
3150,1156,filterLoc,,
3150,1161,helicopter,outEvac,Evacuee 87 in triage category G is not assigned a helicopter
3150,1161,helicopter,outEvac,Evacuee 89 in triage category G is not assigned a helicopter
3150,1161,helicopter,outEvac,Evacuee 94 in triage category G is not assigned a helicopter
3150,1161,helicopter,outEvac,Evacuee 96 in triage category G is not assigned a helicopter
3150,1161,helicopter,outEvac,Evacuee 97 in triage category G is not assigned a helicopter
3150,1161,helicopter,outEvac,Evacuee 101 in triage category G is not assigned a helicopter
3150,1161,helicopter,outEvac,Evacuee 103 in triage category G is not assigned a helicopter
3150,1161,helicopter,outEvac,Evacuee 107 in triage category G is not assigned a helicopter
3150,1161,helicopter,outEvac,Evacuee 110 in triage category G is not assigned a helicopter
3150,1161,helicopter,outEvac,Evacuee 111 in triage category G is not assigned a helicopter
3150,1161,helicopter,,Helicopter;1;is unloading people at the FOL;;and has;0;spots taken
3150,1163,filterLoc,,
3150,1166,filterLoc,,
3150,1169,filterLoc,,
3150,1172,filterLoc,,
3150,1175,filterLoc,,
3150,1178,filterLoc,,
3150,1181,filterLoc,,
3150,1184,filterLoc,,
3150,1187,filterLoc,,
3150,1190,filterLoc,,
3150,1193,filterLoc,,
3150,1196,filterLoc,,
3150,1199,filterLoc,,
3150,1202,filterLoc,,
3150,1205,filterLoc,,
3150,1208,filterLoc,,
3150,1211,filterLoc,,
3150,1214,filterLoc,,
3150,1217,filterLoc,,
3150,1220,filterLoc,,
3150,1223,filterLoc,,
3150,1226,filterLoc,,
3150,1229,filterLoc,,
3150,1232,filterLoc,,
3150,1235,filterLoc,,
3150,1238,filterLoc,,
3150,1241,filterLoc,,
3150,1244,filterLoc,,
3150,1247,filterLoc,,
3150,1250,filterLoc,,
3150,1253,filterLoc,,
3150,1256,filterLoc,,
3150,1259,filterLoc,,
3150,1262,filterLoc,,
3150,1265,filterLoc,,
3150,1268,filterLoc,,
3150,1271,filterLoc,,
3150,1274,filterLoc,,
3150,1277,filterLoc,,
3150,1280,filterLoc,,
3150,1283,filterLoc,,
3150,1286,filterLoc,,
3150,1289,filterLoc,,
3150,1292,filterLoc,,
3150,1295,filterLoc,,
3150,1298,filterLoc,,
3150,1301,filterLoc,,
3150,1304,filterLoc,,
3150,1307,filterLoc,,
3150,1310,filterLoc,,
3150,1313,filterLoc,,
3150,1316,filterLoc,,
3150,1319,filterLoc,,
3150,1322,filterLoc,,
3150,1325,filterLoc,,
3150,1328,filterLoc,,
3150,1331,filterLoc,,
3150,1334,filterLoc,,
3150,1337,filterLoc,,
3150,1340,filterLoc,,
3150,1343,filterLoc,,
3150,1346,filterLoc,,
3150,1349,filterLoc,,
3150,1352,filterLoc,,
3150,1355,filterLoc,,
3150,1358,filterLoc,,
3150,1361,filterLoc,,
3150,1364,filterLoc,,
3150,1367,filterLoc,,
3150,1370,filterLoc,,
3150,1373,filterLoc,,
3150,1376,filterLoc,,
3150,1379,filterLoc,,
3150,1382,filterLoc,,
3150,1385,filterLoc,,
3150,1388,filterLoc,,
3150,1391,filterLoc,,
3150,1394,filterLoc,,
3150,1397,filterLoc,,
3150,1400,filterLoc,,
3150,1403,filterLoc,,
3150,1406,filterLoc,,
3150,1409,filterLoc,,
3150,1412,filterLoc,,
3150,1415,filterLoc,,
3150,1418,filterLoc,,
3150,1421,filterLoc,,
3150,1424,filterLoc,,
3150,1427,filterLoc,,
3150,1430,filterLoc,,
3150,1433,filterLoc,,
3150,1436,filterLoc,,
3150,1439,filterLoc,,
3150,1442,filterLoc,,
3150,1445,filterLoc,,
3150,1448,filterLoc,,
3150,1451,filterLoc,,
3150,1454,filterLoc,,
3150,1457,filterLoc,,
3150,1460,filterLoc,,
3150,1463,filterLoc,,
3150,1466,filterLoc,,
3150,1469,filterLoc,,
3150,1472,filterLoc,,
3150,1475,filterLoc,,
3150,1478,filterLoc,,
3150,1481,filterLoc,,
3150,1484,filterLoc,,
3150,1487,filterLoc,,;Evacuee;96;in triage category;G;is leaving helicopter;1
3150,1490,filterLoc,,
3150,1493,filterLoc,,
3150,1496,filterLoc,,
3150,1499,filterLoc,,
3150,1502,filterLoc,,
3150,1505,filterLoc,,
3150,1508,filterLoc,,
3150,1511,filterLoc,,
3150,1514,filterLoc,,
3150,1517,filterLoc,,
3150,561,filterLoc,out,Evacuee 103 in triage category G is not assigned a helicopter
3150,561,filterLoc,,
3150,562,evacuee,,Evacuee;103;in triage state;G;is entering the FOL
3150,567,filterLoc,out,Evacuee 111 in triage category G is not assigned a helicopter
3150,567,filterLoc,,
3150,568,evacuee,,Evacuee;111;in triage state;G;is entering the FOL
3150,579,filterLoc,out,Evacuee 101 in triage category G is not assigned a helicopter
3150,579,filterLoc,,
3150,580,evacuee,,Evacuee;101;in triage state;G;is entering the FOL
3150,627,filterLoc,out,Evacuee 87 in triage category G is not assigned a helicopter
3150,627,filterLoc,,
3150,628,evacuee,,Evacuee;87;in triage state;G;is entering the FOL
3150,774,filterLoc,out,Evacuee 107 in triage category G is not assigned a helicopter
3150,774,filterLoc,,
3150,775,evacuee,,Evacuee;107;in triage state;G;is entering the FOL
3150,780,filterLoc,out,Evacuee 110 in triage category G is not assigned a helicopter
3150,780,filterLoc,,
3150,781,evacuee,,Evacuee;110;in triage state;G;is entering the FOL
3150,834,filterLoc,out,Evacuee 97 in triage category G is not assigned a helicopter
3150,834,filterLoc,,
3150,835,evacuee,,Evacuee;97;in triage state;G;is entering the FOL
3150,843,filterLoc,out,Evacuee 89 in triage category G is not assigned a helicopter
3150,843,filterLoc,,
3150,844,evacuee,,Evacuee;89;in triage state;G;is entering the FOL
3150,1123,filterLoc,out,Evacuee 94 in triage category G is not assigned a helicopter
3150,1123,filterLoc,,
3150,1124,evacuee,,Evacuee;94;in triage state;G;is entering the FOL
3150,1487,filterLoc,out,Evacuee 96 in triage category G is not assigned a helicopter
3150,1487,filterLoc,,
3150,1488,evacuee,,Evacuee;96;in triage state;G;is entering the FOL
3150,223,FOL,,;EvacueeID;3;Triage Status;G;EvacueeID;5;Triage Status;G;EvacueeID;6;Triage Status;G;EvacueeID;7;Triage Status;G;EvacueeID;8;Triage Status;G;EvacueeID;16;Triage Status;G;EvacueeID;20;Triage Status;G;EvacueeID;21;Triage Status;G;EvacueeID;27;Triage Status;G;EvacueeID;35;Triage Status;G;EvacueeID;36;Triage Status;G;EvacueeID;39;Triage Status;G;EvacueeID;41;Triage Status;G;EvacueeID;42;Triage Status;G;EvacueeID;47;Triage Status;G;EvacueeID;49;Triage Status;G;EvacueeID;51;Triage Status;G;EvacueeID;52;Triage Status;G;EvacueeID;56;Triage Status;G;EvacueeID;62;Triage Status;G;EvacueeID;63;Triage Status;G;EvacueeID;66;Triage Status;G;EvacueeID;68;Triage Status;G;EvacueeID;69;Triage Status;G;EvacueeID;70;Triage Status;G;EvacueeID;72;Triage Status;G;EvacueeID;79;Triage Status;G;EvacueeID;80;Triage Status;G;EvacueeID;84;Triage Status;G;EvacueeID;86;Triage Status;G;EvacueeID;87;Triage Status;G;EvacueeID;89;Triage Status;G;EvacueeID;94;Triage Status;G;EvacueeID;96;Triage Status;G;EvacueeID;97;Triage Status;G;EvacueeID;101;Triage Status;G;EvacueeID;103;Triage Status;G;EvacueeID;107;Triage Status;G;EvacueeID;110;Triage Status;G;EvacueeID;111;Triage Status;G;Lives Saved;40
3150,562,evacuee,outFOL,Evacuee 103 in triage category G is not assigned a helicopter
3150,562,evacuee,,Evacuee;103;in triage state;G;is at the FOL
3150,568,evacuee,outFOL,Evacuee 111 in triage category G is not assigned a helicopter
3150,568,evacuee,,Evacuee;111;in triage state;G;is at the FOL
3150,580,evacuee,outFOL,Evacuee 101 in triage category G is not assigned a helicopter
3150,580,evacuee,,Evacuee;101;in triage state;G;is at the FOL
3150,628,evacuee,outFOL,Evacuee 87 in triage category G is not assigned a helicopter
3150,628,evacuee,,Evacuee;87;in triage state;G;is at the FOL
3150,775,evacuee,outFOL,Evacuee 107 in triage category G is not assigned a helicopter
3150,775,evacuee,,Evacuee;107;in triage state;G;is at the FOL
3150,781,evacuee,outFOL,Evacuee 110 in triage category G is not assigned a helicopter
3150,781,evacuee,,Evacuee;110;in triage state;G;is at the FOL
3150,835,evacuee,outFOL,Evacuee 97 in triage category G is not assigned a helicopter
3150,835,evacuee,,Evacuee;97;in triage state;G;is at the FOL
3150,844,evacuee,outFOL,Evacuee 89 in triage category G is not assigned a helicopter
3150,844,evacuee,,Evacuee;89;in triage state;G;is at the FOL
3150,1124,evacuee,outFOL,Evacuee 94 in triage category G is not assigned a helicopter
3150,1124,evacuee,,Evacuee;94;in triage state;G;is at the FOL
3150,1488,evacuee,outFOL,Evacuee 96 in triage category G is not assigned a helicopter
3150,1488,evacuee,,Evacuee;96;in triage state;G;is at the FOL
3150,223,FOL,,;EvacueeID;3;Triage Status;G;EvacueeID;5;Triage Status;G;EvacueeID;6;Triage Status;G;EvacueeID;7;Triage Status;G;EvacueeID;8;Triage Status;G;EvacueeID;16;Triage Status;G;EvacueeID;20;Triage Status;G;EvacueeID;21;Triage Status;G;EvacueeID;27;Triage Status;G;EvacueeID;35;Triage Status;G;EvacueeID;36;Triage Status;G;EvacueeID;39;Triage Status;G;EvacueeID;41;Triage Status;G;EvacueeID;42;Triage Status;G;EvacueeID;47;Triage Status;G;EvacueeID;49;Triage Status;G;EvacueeID;51;Triage Status;G;EvacueeID;52;Triage Status;G;EvacueeID;56;Triage Status;G;EvacueeID;62;Triage Status;G;EvacueeID;63;Triage Status;G;EvacueeID;66;Triage Status;G;EvacueeID;68;Triage Status;G;EvacueeID;69;Triage Status;G;EvacueeID;70;Triage Status;G;EvacueeID;72;Triage Status;G;EvacueeID;79;Triage Status;G;EvacueeID;80;Triage Status;G;EvacueeID;84;Triage Status;G;EvacueeID;86;Triage Status;G;EvacueeID;87;Triage Status;G;EvacueeID;89;Triage Status;G;EvacueeID;94;Triage Status;G;EvacueeID;96;Triage Status;G;EvacueeID;97;Triage Status;G;EvacueeID;101;Triage Status;G;EvacueeID;103;Triage Status;G;EvacueeID;107;Triage Status;G;EvacueeID;110;Triage Status;G;EvacueeID;111;Triage Status;G;Lives Saved;40
3150.71,3,evacueeManager,,OFF SHIP: White;0;Green;111;Yellow;27;Red;9;Black;303;ON SHIP: White;0;Green;0;Yellow;0;Red;0;Evacuees to Transfer;
3150.71,487,evacuee,outES,Evacuee 192 in triage category G is not assigned a helicopter
3150.71,487,evacuee,,Evacuee;192;in triage state;Y;is at the evacuation site
3155.64,3,evacueeManager,,OFF SHIP: White;0;Green;110;Yellow;28;Red;9;Black;303;ON SHIP: White;0;Green;0;Yellow;0;Red;0;Evacuees to Transfer;
3155.64,415,evacuee,outES,Evacuee 278 in triage category G is not assigned a helicopter
3155.64,415,evacuee,,Evacuee;278;in triage state;Y;is at the evacuation site
3165,1161,helicopter,,Helicopter;1;Is going to the evacuation site;;and has;0;spots taken
3173.15,3,evacueeManager,,OFF SHIP: White;0;Green;110;Yellow;28;Red;8;Black;304;ON SHIP: White;0;Green;0;Yellow;0;Red;0;Evacuees to Transfer;
3173.15,1191,evacuee,outES,Evacuee 131 in triage category R is not assigned a helicopter
3173.15,1191,evacuee,,Evacuee;131;in triage state;B;is at the evacuation site
3176.1,3,evacueeManager,,OFF SHIP: White;0;Green;109;Yellow;29;Red;8;Black;304;ON SHIP: White;0;Green;0;Yellow;0;Red;0;Evacuees to Transfer;
3176.1,1467,evacuee,outES,Evacuee 236 in triage category G is not assigned a helicopter
3176.1,1467,evacuee,,Evacuee;236;in triage state;Y;is at the evacuation site
3176.82,3,evacueeManager,,OFF SHIP: White;0;Green;109;Yellow;28;Red;9;Black;304;ON SHIP: White;0;Green;0;Yellow;0;Red;0;Evacuees to Transfer;
3176.82,556,evacuee,outES,Evacuee 424 in triage category Y is not assigned a helicopter
3176.82,556,evacuee,,Evacuee;424;in triage state;R;is at the evacuation site
3180,5,helicopterQueue,,1;Helos are waiting to land;HeloID;3
3180,105,helicopter,outES,Helicopter 3 is evacuating people3
3180,105,helicopter,,Helicopter;3;is waiting to land at the evacuation site;;and has;0;spots taken
3180,4,helipadManager,,;No helos are at ES
3180,5,helicopterQueue,outHM,Helicopter 3 is evacuating people3
3180,5,helicopterQueue,outHelo,Helicopter 3 is evacuating people3
3180,5,helicopterQueue,,;No helos are waiting to land
3180,104,filterES,,Helicopter;3;is evacuating people
3180,1120,filterES,,
3180,1160,filterES,,
3180,3,evacueeManager,,OFF SHIP: White;0;Green;99;Yellow;28;Red;9;Black;304;ON SHIP: White;0;Green;0;Yellow;0;Red;0;Evacuees to Transfer;;EvacueeID;135;HeloID;3;OnShip;0;Triage Status;G;EvacueeID;137;HeloID;3;OnShip;0;Triage Status;G;EvacueeID;138;HeloID;3;OnShip;0;Triage Status;G;EvacueeID;139;HeloID;3;OnShip;0;Triage Status;G;EvacueeID;140;HeloID;3;OnShip;0;Triage Status;G;EvacueeID;141;HeloID;3;OnShip;0;Triage Status;G;EvacueeID;143;HeloID;3;OnShip;0;Triage Status;G;EvacueeID;146;HeloID;3;OnShip;0;Triage Status;G;EvacueeID;154;HeloID;3;OnShip;0;Triage Status;G;EvacueeID;155;HeloID;3;OnShip;0;Triage Status;G
3180,4,helipadManager,outEM,Helicopter 3 is evacuating people3
3180,4,helipadManager,,Helo;3;is at the ES
3180,104,filterES,out,Helicopter 3 is evacuating people3
3180,104,filterES,,
3180,105,helicopter,,Helicopter;3;is waiting to land at the evacuation site;;and has;0;spots taken
3180,3,evacueeManager,outEvac,Evacuee 135 in triage category G is assigned helicopter 3
3180,3,evacueeManager,outEvac,Evacuee 137 in triage category G is assigned helicopter 3
3180,3,evacueeManager,outEvac,Evacuee 138 in triage category G is assigned helicopter 3
3180,3,evacueeManager,outEvac,Evacuee 139 in triage category G is assigned helicopter 3
3180,3,evacueeManager,outEvac,Evacuee 140 in triage category G is assigned helicopter 3
3180,3,evacueeManager,outEvac,Evacuee 141 in triage category G is assigned helicopter 3
3180,3,evacueeManager,outEvac,Evacuee 143 in triage category G is assigned helicopter 3
3180,3,evacueeManager,outEvac,Evacuee 146 in triage category G is assigned helicopter 3
3180,3,evacueeManager,outEvac,Evacuee 154 in triage category G is assigned helicopter 3
3180,3,evacueeManager,outEvac,Evacuee 155 in triage category G is assigned helicopter 3
3180,3,evacueeManager,,OFF SHIP: White;0;Green;99;Yellow;28;Red;9;Black;304;ON SHIP: White;0;Green;0;Yellow;0;Red;0;Evacuees to Transfer;
3180,7,filterLoc,,
3180,10,filterLoc,,
3180,13,filterLoc,,
3180,16,filterLoc,,
3180,19,filterLoc,,
3180,22,filterLoc,,
3180,25,filterLoc,,
3180,28,filterLoc,,
3180,31,filterLoc,,
3180,34,filterLoc,,
3180,37,filterLoc,,
3180,40,filterLoc,,
3180,43,filterLoc,,
3180,46,filterLoc,,
3180,49,filterLoc,,
3180,52,filterLoc,,
3180,55,filterLoc,,
3180,58,filterLoc,,
3180,61,filterLoc,,
3180,64,filterLoc,,
3180,67,filterLoc,,
3180,70,filterLoc,,
3180,73,filterLoc,,
3180,76,filterLoc,,
3180,79,filterLoc,,
3180,82,filterLoc,,
3180,85,filterLoc,,
3180,88,filterLoc,,
3180,91,filterLoc,,
3180,94,filterLoc,,
3180,97,filterLoc,,
3180,100,filterLoc,,
3180,105,helicopter,,Helicopter;3;is loading people at the evacuation site;;and has;0;spots taken
3180,107,filterLoc,,
3180,110,filterLoc,,
3180,113,filterLoc,,
3180,116,filterLoc,,
3180,119,filterLoc,,
3180,122,filterLoc,,
3180,125,filterLoc,,
3180,128,filterLoc,,
3180,131,filterLoc,,
3180,134,filterLoc,,
3180,137,filterLoc,,
3180,140,filterLoc,,
3180,143,filterLoc,,
3180,146,filterLoc,,
3180,149,filterLoc,,
3180,152,filterLoc,,
3180,155,filterLoc,,
3180,158,filterLoc,,
3180,161,filterLoc,,
3180,164,filterLoc,,
3180,167,filterLoc,,
3180,170,filterLoc,,
3180,173,filterLoc,,
3180,176,filterLoc,,
3180,179,filterLoc,,
3180,182,filterLoc,,
3180,185,filterLoc,,
3180,188,filterLoc,,
3180,191,filterLoc,,
3180,194,filterLoc,,
3180,197,filterLoc,,
3180,200,filterLoc,,
3180,203,filterLoc,,
3180,206,filterLoc,,
3180,209,filterLoc,,
3180,212,filterLoc,,
3180,215,filterLoc,,
3180,218,filterLoc,,
3180,221,filterLoc,,
3180,225,filterLoc,,
3180,228,filterLoc,,
3180,231,filterLoc,,
3180,234,filterLoc,,
3180,237,filterLoc,,
3180,240,filterLoc,,
3180,243,filterLoc,,
3180,246,filterLoc,,
3180,249,filterLoc,,
3180,252,filterLoc,,
3180,255,filterLoc,,
3180,258,filterLoc,,
3180,261,filterLoc,,
3180,264,filterLoc,,
3180,267,filterLoc,,
3180,270,filterLoc,,
3180,273,filterLoc,,
3180,276,filterLoc,,
3180,279,filterLoc,,
3180,282,filterLoc,,
3180,285,filterLoc,,
3180,288,filterLoc,,
3180,291,filterLoc,,
3180,294,filterLoc,,
3180,297,filterLoc,,
3180,300,filterLoc,,
3180,303,filterLoc,,
3180,306,filterLoc,,
3180,309,filterLoc,,
3180,312,filterLoc,,
3180,315,filterLoc,,
3180,318,filterLoc,,
3180,321,filterLoc,,
3180,324,filterLoc,,
3180,327,filterLoc,,
3180,330,filterLoc,,
3180,333,filterLoc,,
3180,336,filterLoc,,
3180,339,filterLoc,,
3180,342,filterLoc,,
3180,345,filterLoc,,
3180,348,filterLoc,,
3180,351,filterLoc,,
3180,354,filterLoc,,
3180,357,filterLoc,,
3180,360,filterLoc,,
3180,363,filterLoc,,
3180,366,filterLoc,,
3180,369,filterLoc,,
3180,372,filterLoc,,
3180,375,filterLoc,,
3180,378,filterLoc,,
3180,381,filterLoc,,
3180,384,filterLoc,,
3180,387,filterLoc,,
3180,390,filterLoc,,
3180,393,filterLoc,,
3180,396,filterLoc,,
3180,399,filterLoc,,
3180,402,filterLoc,,
3180,405,filterLoc,,
3180,408,filterLoc,,
3180,411,filterLoc,,
3180,414,filterLoc,,
3180,417,filterLoc,,
3180,420,filterLoc,,
3180,423,filterLoc,,
3180,426,filterLoc,,
3180,429,filterLoc,,
3180,432,filterLoc,,
3180,435,filterLoc,,
3180,438,filterLoc,,
3180,441,filterLoc,,
3180,444,filterLoc,,
3180,447,filterLoc,,
3180,450,filterLoc,,
3180,453,filterLoc,,
3180,456,filterLoc,,
3180,459,filterLoc,,
3180,462,filterLoc,,
3180,465,filterLoc,,
3180,468,filterLoc,,
3180,471,filterLoc,,
3180,474,filterLoc,,
3180,477,filterLoc,,
3180,480,filterLoc,,
3180,483,filterLoc,,
3180,486,filterLoc,,
3180,489,filterLoc,,
3180,492,filterLoc,,
3180,495,filterLoc,,
3180,498,filterLoc,,
3180,501,filterLoc,,
3180,504,filterLoc,,
3180,507,filterLoc,,
3180,510,filterLoc,,
3180,513,filterLoc,,
3180,516,filterLoc,,
3180,519,filterLoc,,
3180,522,filterLoc,,
3180,525,filterLoc,,
3180,528,filterLoc,,
3180,531,filterLoc,,
3180,534,filterLoc,,
3180,537,filterLoc,,
3180,540,filterLoc,,
3180,543,filterLoc,,
3180,546,filterLoc,,
3180,549,filterLoc,,
3180,552,filterLoc,,
3180,555,filterLoc,,
3180,558,filterLoc,,
3180,561,filterLoc,,
3180,564,filterLoc,,
3180,567,filterLoc,,
3180,570,filterLoc,,
3180,573,filterLoc,,
3180,576,filterLoc,,
3180,579,filterLoc,,
3180,582,filterLoc,,
3180,585,filterLoc,,
3180,588,filterLoc,,
3180,591,filterLoc,,
3180,594,filterLoc,,
3180,597,filterLoc,,
3180,600,filterLoc,,
3180,603,filterLoc,,
3180,606,filterLoc,,
3180,609,filterLoc,,
3180,612,filterLoc,,
3180,615,filterLoc,,
3180,618,filterLoc,,
3180,621,filterLoc,,
3180,624,filterLoc,,
3180,627,filterLoc,,
3180,630,filterLoc,,
3180,633,filterLoc,,
3180,636,filterLoc,,
3180,639,filterLoc,,
3180,642,filterLoc,,
3180,645,filterLoc,,
3180,648,filterLoc,,
3180,651,filterLoc,,
3180,654,filterLoc,,
3180,657,filterLoc,,
3180,660,filterLoc,,
3180,663,filterLoc,,
3180,666,filterLoc,,
3180,669,filterLoc,,
3180,672,filterLoc,,
3180,675,filterLoc,,
3180,678,filterLoc,,
3180,681,filterLoc,,
3180,684,filterLoc,,
3180,687,filterLoc,,
3180,690,filterLoc,,
3180,693,filterLoc,,
3180,696,filterLoc,,
3180,699,filterLoc,,
3180,702,filterLoc,,
3180,705,filterLoc,,
3180,708,filterLoc,,
3180,711,filterLoc,,
3180,714,filterLoc,,
3180,717,filterLoc,,;Evacuee;135;in triage category;G;is entering helicopter;3
3180,720,filterLoc,,
3180,723,filterLoc,,
3180,726,filterLoc,,
3180,729,filterLoc,,
3180,732,filterLoc,,
3180,735,filterLoc,,
3180,738,filterLoc,,
3180,741,filterLoc,,
3180,744,filterLoc,,
3180,747,filterLoc,,
3180,750,filterLoc,,
3180,753,filterLoc,,
3180,756,filterLoc,,
3180,759,filterLoc,,
3180,762,filterLoc,,
3180,765,filterLoc,,
3180,768,filterLoc,,
3180,771,filterLoc,,
3180,774,filterLoc,,
3180,777,filterLoc,,
3180,780,filterLoc,,
3180,783,filterLoc,,;Evacuee;141;in triage category;G;is entering helicopter;3
3180,786,filterLoc,,
3180,789,filterLoc,,
3180,792,filterLoc,,
3180,795,filterLoc,,
3180,798,filterLoc,,
3180,801,filterLoc,,
3180,804,filterLoc,,
3180,807,filterLoc,,
3180,810,filterLoc,,
3180,813,filterLoc,,
3180,816,filterLoc,,
3180,819,filterLoc,,
3180,822,filterLoc,,
3180,825,filterLoc,,
3180,828,filterLoc,,
3180,831,filterLoc,,
3180,834,filterLoc,,
3180,837,filterLoc,,
3180,840,filterLoc,,
3180,843,filterLoc,,
3180,846,filterLoc,,
3180,849,filterLoc,,
3180,852,filterLoc,,
3180,855,filterLoc,,
3180,858,filterLoc,,
3180,861,filterLoc,,
3180,864,filterLoc,,
3180,867,filterLoc,,
3180,870,filterLoc,,
3180,873,filterLoc,,
3180,876,filterLoc,,
3180,879,filterLoc,,
3180,882,filterLoc,,
3180,885,filterLoc,,
3180,888,filterLoc,,
3180,891,filterLoc,,
3180,894,filterLoc,,
3180,897,filterLoc,,
3180,900,filterLoc,,
3180,903,filterLoc,,
3180,906,filterLoc,,
3180,909,filterLoc,,
3180,912,filterLoc,,
3180,915,filterLoc,,
3180,918,filterLoc,,
3180,921,filterLoc,,
3180,924,filterLoc,,
3180,927,filterLoc,,
3180,930,filterLoc,,
3180,933,filterLoc,,
3180,936,filterLoc,,
3180,939,filterLoc,,
3180,942,filterLoc,,
3180,945,filterLoc,,
3180,948,filterLoc,,
3180,951,filterLoc,,
3180,954,filterLoc,,
3180,957,filterLoc,,
3180,960,filterLoc,,
3180,963,filterLoc,,
3180,966,filterLoc,,
3180,969,filterLoc,,
3180,972,filterLoc,,
3180,975,filterLoc,,
3180,978,filterLoc,,
3180,981,filterLoc,,
3180,984,filterLoc,,;Evacuee;154;in triage category;G;is entering helicopter;3
3180,987,filterLoc,,
3180,990,filterLoc,,
3180,993,filterLoc,,
3180,996,filterLoc,,
3180,999,filterLoc,,
3180,1002,filterLoc,,
3180,1005,filterLoc,,
3180,1008,filterLoc,,
3180,1011,filterLoc,,
3180,1014,filterLoc,,
3180,1017,filterLoc,,
3180,1020,filterLoc,,
3180,1023,filterLoc,,
3180,1026,filterLoc,,
3180,1029,filterLoc,,
3180,1032,filterLoc,,
3180,1035,filterLoc,,
3180,1038,filterLoc,,
3180,1041,filterLoc,,
3180,1044,filterLoc,,
3180,1047,filterLoc,,
3180,1050,filterLoc,,
3180,1053,filterLoc,,;Evacuee;155;in triage category;G;is entering helicopter;3
3180,1056,filterLoc,,
3180,1059,filterLoc,,
3180,1062,filterLoc,,
3180,1065,filterLoc,,
3180,1068,filterLoc,,
3180,1071,filterLoc,,
3180,1074,filterLoc,,
3180,1077,filterLoc,,
3180,1080,filterLoc,,
3180,1083,filterLoc,,
3180,1086,filterLoc,,
3180,1089,filterLoc,,
3180,1092,filterLoc,,
3180,1095,filterLoc,,
3180,1098,filterLoc,,
3180,1101,filterLoc,,
3180,1104,filterLoc,,
3180,1107,filterLoc,,
3180,1110,filterLoc,,
3180,1113,filterLoc,,
3180,1116,filterLoc,,
3180,1123,filterLoc,,
3180,1126,filterLoc,,
3180,1129,filterLoc,,
3180,1132,filterLoc,,
3180,1135,filterLoc,,
3180,1138,filterLoc,,
3180,1141,filterLoc,,
3180,1144,filterLoc,,
3180,1147,filterLoc,,
3180,1150,filterLoc,,
3180,1153,filterLoc,,
3180,1156,filterLoc,,
3180,1163,filterLoc,,
3180,1166,filterLoc,,
3180,1169,filterLoc,,
3180,1172,filterLoc,,
3180,1175,filterLoc,,
3180,1178,filterLoc,,
3180,1181,filterLoc,,
3180,1184,filterLoc,,
3180,1187,filterLoc,,
3180,1190,filterLoc,,
3180,1193,filterLoc,,;Evacuee;137;in triage category;G;is entering helicopter;3
3180,1196,filterLoc,,;Evacuee;138;in triage category;G;is entering helicopter;3
3180,1199,filterLoc,,
3180,1202,filterLoc,,;Evacuee;139;in triage category;G;is entering helicopter;3
3180,1205,filterLoc,,
3180,1208,filterLoc,,;Evacuee;140;in triage category;G;is entering helicopter;3
3180,1211,filterLoc,,
3180,1214,filterLoc,,;Evacuee;143;in triage category;G;is entering helicopter;3
3180,1217,filterLoc,,
3180,1220,filterLoc,,
3180,1223,filterLoc,,
3180,1226,filterLoc,,
3180,1229,filterLoc,,
3180,1232,filterLoc,,
3180,1235,filterLoc,,
3180,1238,filterLoc,,
3180,1241,filterLoc,,
3180,1244,filterLoc,,
3180,1247,filterLoc,,
3180,1250,filterLoc,,
3180,1253,filterLoc,,
3180,1256,filterLoc,,
3180,1259,filterLoc,,
3180,1262,filterLoc,,
3180,1265,filterLoc,,
3180,1268,filterLoc,,
3180,1271,filterLoc,,
3180,1274,filterLoc,,
3180,1277,filterLoc,,;Evacuee;146;in triage category;G;is entering helicopter;3
3180,1280,filterLoc,,
3180,1283,filterLoc,,
3180,1286,filterLoc,,
3180,1289,filterLoc,,
3180,1292,filterLoc,,
3180,1295,filterLoc,,
3180,1298,filterLoc,,
3180,1301,filterLoc,,
3180,1304,filterLoc,,
3180,1307,filterLoc,,
3180,1310,filterLoc,,
3180,1313,filterLoc,,
3180,1316,filterLoc,,
3180,1319,filterLoc,,
3180,1322,filterLoc,,
3180,1325,filterLoc,,
3180,1328,filterLoc,,
3180,1331,filterLoc,,
3180,1334,filterLoc,,
3180,1337,filterLoc,,
3180,1340,filterLoc,,
3180,1343,filterLoc,,
3180,1346,filterLoc,,
3180,1349,filterLoc,,
3180,1352,filterLoc,,
3180,1355,filterLoc,,
3180,1358,filterLoc,,
3180,1361,filterLoc,,
3180,1364,filterLoc,,
3180,1367,filterLoc,,
3180,1370,filterLoc,,
3180,1373,filterLoc,,
3180,1376,filterLoc,,
3180,1379,filterLoc,,
3180,1382,filterLoc,,
3180,1385,filterLoc,,
3180,1388,filterLoc,,
3180,1391,filterLoc,,
3180,1394,filterLoc,,
3180,1397,filterLoc,,
3180,1400,filterLoc,,
3180,1403,filterLoc,,
3180,1406,filterLoc,,
3180,1409,filterLoc,,
3180,1412,filterLoc,,
3180,1415,filterLoc,,
3180,1418,filterLoc,,
3180,1421,filterLoc,,
3180,1424,filterLoc,,
3180,1427,filterLoc,,
3180,1430,filterLoc,,
3180,1433,filterLoc,,
3180,1436,filterLoc,,
3180,1439,filterLoc,,
3180,1442,filterLoc,,
3180,1445,filterLoc,,
3180,1448,filterLoc,,
3180,1451,filterLoc,,
3180,1454,filterLoc,,
3180,1457,filterLoc,,
3180,1460,filterLoc,,
3180,1463,filterLoc,,
3180,1466,filterLoc,,
3180,1469,filterLoc,,
3180,1472,filterLoc,,
3180,1475,filterLoc,,
3180,1478,filterLoc,,
3180,1481,filterLoc,,
3180,1484,filterLoc,,
3180,1487,filterLoc,,
3180,1490,filterLoc,,
3180,1493,filterLoc,,
3180,1496,filterLoc,,
3180,1499,filterLoc,,
3180,1502,filterLoc,,
3180,1505,filterLoc,,
3180,1508,filterLoc,,
3180,1511,filterLoc,,
3180,1514,filterLoc,,
3180,1517,filterLoc,,
3180,717,filterLoc,out,Evacuee 135 in triage category G is assigned helicopter 3
3180,717,filterLoc,,
3180,718,evacuee,,Evacuee;135;in triage state;G;is entering helicopter;3
3180,783,filterLoc,out,Evacuee 141 in triage category G is assigned helicopter 3
3180,783,filterLoc,,
3180,784,evacuee,,Evacuee;141;in triage state;G;is entering helicopter;3
3180,984,filterLoc,out,Evacuee 154 in triage category G is assigned helicopter 3
3180,984,filterLoc,,
3180,985,evacuee,,Evacuee;154;in triage state;G;is entering helicopter;3
3180,1053,filterLoc,out,Evacuee 155 in triage category G is assigned helicopter 3
3180,1053,filterLoc,,
3180,1054,evacuee,,Evacuee;155;in triage state;G;is entering helicopter;3
3180,1193,filterLoc,out,Evacuee 137 in triage category G is assigned helicopter 3
3180,1193,filterLoc,,
3180,1194,evacuee,,Evacuee;137;in triage state;G;is entering helicopter;3
3180,1196,filterLoc,out,Evacuee 138 in triage category G is assigned helicopter 3
3180,1196,filterLoc,,
3180,1197,evacuee,,Evacuee;138;in triage state;G;is entering helicopter;3
3180,1202,filterLoc,out,Evacuee 139 in triage category G is assigned helicopter 3
3180,1202,filterLoc,,
3180,1203,evacuee,,Evacuee;139;in triage state;G;is entering helicopter;3
3180,1208,filterLoc,out,Evacuee 140 in triage category G is assigned helicopter 3
3180,1208,filterLoc,,
3180,1209,evacuee,,Evacuee;140;in triage state;G;is entering helicopter;3
3180,1214,filterLoc,out,Evacuee 143 in triage category G is assigned helicopter 3
3180,1214,filterLoc,,
3180,1215,evacuee,,Evacuee;143;in triage state;G;is entering helicopter;3
3180,1277,filterLoc,out,Evacuee 146 in triage category G is assigned helicopter 3
3180,1277,filterLoc,,
3180,1278,evacuee,,Evacuee;146;in triage state;G;is entering helicopter;3
3180,103,filterEvac,,;Evacuee;135;in triage category;G;is entering helicopter;3;Evacuee;137;in triage category;G;is entering helicopter;3;Evacuee;138;in triage category;G;is entering helicopter;3;Evacuee;139;in triage category;G;is entering helicopter;3;Evacuee;140;in triage category;G;is entering helicopter;3;Evacuee;141;in triage category;G;is entering helicopter;3;Evacuee;143;in triage category;G;is entering helicopter;3;Evacuee;146;in triage category;G;is entering helicopter;3;Evacuee;154;in triage category;G;is entering helicopter;3;Evacuee;155;in triage category;G;is entering helicopter;3
3180,718,evacuee,outHelo,Evacuee 135 in triage category G is assigned helicopter 3
3180,718,evacuee,,Evacuee;135;in triage state;G;is in helicopter;3
3180,784,evacuee,outHelo,Evacuee 141 in triage category G is assigned helicopter 3
3180,784,evacuee,,Evacuee;141;in triage state;G;is in helicopter;3
3180,985,evacuee,outHelo,Evacuee 154 in triage category G is assigned helicopter 3
3180,985,evacuee,,Evacuee;154;in triage state;G;is in helicopter;3
3180,1054,evacuee,outHelo,Evacuee 155 in triage category G is assigned helicopter 3
3180,1054,evacuee,,Evacuee;155;in triage state;G;is in helicopter;3
3180,1119,filterEvac,,
3180,1159,filterEvac,,
3180,1194,evacuee,outHelo,Evacuee 137 in triage category G is assigned helicopter 3
3180,1194,evacuee,,Evacuee;137;in triage state;G;is in helicopter;3
3180,1197,evacuee,outHelo,Evacuee 138 in triage category G is assigned helicopter 3
3180,1197,evacuee,,Evacuee;138;in triage state;G;is in helicopter;3
3180,1203,evacuee,outHelo,Evacuee 139 in triage category G is assigned helicopter 3
3180,1203,evacuee,,Evacuee;139;in triage state;G;is in helicopter;3
3180,1209,evacuee,outHelo,Evacuee 140 in triage category G is assigned helicopter 3
3180,1209,evacuee,,Evacuee;140;in triage state;G;is in helicopter;3
3180,1215,evacuee,outHelo,Evacuee 143 in triage category G is assigned helicopter 3
3180,1215,evacuee,,Evacuee;143;in triage state;G;is in helicopter;3
3180,1278,evacuee,outHelo,Evacuee 146 in triage category G is assigned helicopter 3
3180,1278,evacuee,,Evacuee;146;in triage state;G;is in helicopter;3
3180,103,filterEvac,out,Evacuee 135 in triage category G is assigned helicopter 3
3180,103,filterEvac,out,Evacuee 137 in triage category G is assigned helicopter 3
3180,103,filterEvac,out,Evacuee 138 in triage category G is assigned helicopter 3
3180,103,filterEvac,out,Evacuee 139 in triage category G is assigned helicopter 3
3180,103,filterEvac,out,Evacuee 140 in triage category G is assigned helicopter 3
3180,103,filterEvac,out,Evacuee 141 in triage category G is assigned helicopter 3
3180,103,filterEvac,out,Evacuee 143 in triage category G is assigned helicopter 3
3180,103,filterEvac,out,Evacuee 146 in triage category G is assigned helicopter 3
3180,103,filterEvac,out,Evacuee 154 in triage category G is assigned helicopter 3
3180,103,filterEvac,out,Evacuee 155 in triage category G is assigned helicopter 3
3180,103,filterEvac,,
3180,105,helicopter,,Helicopter;3;is loading people at the evacuation site;;and has;10;spots taken
3187.92,3,evacueeManager,,OFF SHIP: White;0;Green;99;Yellow;27;Red;10;Black;304;ON SHIP: White;0;Green;0;Yellow;0;Red;0;Evacuees to Transfer;
3187.92,271,evacuee,outES,Evacuee 340 in triage category Y is not assigned a helicopter
3187.92,271,evacuee,,Evacuee;340;in triage state;R;is at the evacuation site
3191.82,3,evacueeManager,,OFF SHIP: White;0;Green;99;Yellow;26;Red;11;Black;304;ON SHIP: White;0;Green;0;Yellow;0;Red;0;Evacuees to Transfer;
3191.82,760,evacuee,outES,Evacuee 25 in triage category Y is not assigned a helicopter
3191.82,760,evacuee,,Evacuee;25;in triage state;R;is at the evacuation site
3195,4,helipadManager,outHelo,Helicopter 3 is evacuating people3
3195,4,helipadManager,,;No helos are at ES
3195,104,filterES,,Helicopter;3;is evacuating people
3195,1120,filterES,,
3195,1160,filterES,,
3195,4,helipadManager,outHQ,0
3195,4,helipadManager,,;No helos are at ES
3195,5,helicopterQueue,,;No helos are waiting to land
3195,104,filterES,out,Helicopter 3 is evacuating people3
3195,104,filterES,,
3195,105,helicopter,,Helicopter;3;is loading people at the evacuation site;;and has;10;spots taken
3195,5,helicopterQueue,,;No helos are waiting to land
3195,105,helicopter,,Helicopter;3;is returning to the FOL;;and has;10;spots taken
3195,3,evacueeManager,,OFF SHIP: White;0;Green;99;Yellow;26;Red;10;Black;305;ON SHIP: White;0;Green;0;Yellow;0;Red;0;Evacuees to Transfer;
3195,271,evacuee,outES,Evacuee 340 in triage category R is not assigned a helicopter
3195,271,evacuee,,Evacuee;340;in triage state;B;is at the evacuation site
3201.55,3,evacueeManager,,OFF SHIP: White;0;Green;99;Yellow;26;Red;9;Black;306;ON SHIP: White;0;Green;0;Yellow;0;Red;0;Evacuees to Transfer;
3201.55,547,evacuee,outES,Evacuee 148 in triage category R is not assigned a helicopter
3201.55,547,evacuee,,Evacuee;148;in triage state;B;is at the evacuation site
3210,7,filterLoc,,
3210,10,filterLoc,,
3210,13,filterLoc,,
3210,16,filterLoc,,
3210,19,filterLoc,,
3210,22,filterLoc,,
3210,25,filterLoc,,
3210,28,filterLoc,,
3210,31,filterLoc,,
3210,34,filterLoc,,
3210,37,filterLoc,,
3210,40,filterLoc,,
3210,43,filterLoc,,
3210,46,filterLoc,,
3210,49,filterLoc,,
3210,52,filterLoc,,
3210,55,filterLoc,,
3210,58,filterLoc,,
3210,61,filterLoc,,
3210,64,filterLoc,,
3210,67,filterLoc,,
3210,70,filterLoc,,
3210,73,filterLoc,,
3210,76,filterLoc,,
3210,79,filterLoc,,
3210,82,filterLoc,,
3210,85,filterLoc,,
3210,88,filterLoc,,
3210,91,filterLoc,,
3210,94,filterLoc,,
3210,97,filterLoc,,
3210,100,filterLoc,,
3210,107,filterLoc,,
3210,110,filterLoc,,
3210,113,filterLoc,,
3210,116,filterLoc,,
3210,119,filterLoc,,
3210,122,filterLoc,,
3210,125,filterLoc,,
3210,128,filterLoc,,
3210,131,filterLoc,,
3210,134,filterLoc,,
3210,137,filterLoc,,
3210,140,filterLoc,,
3210,143,filterLoc,,
3210,146,filterLoc,,
3210,149,filterLoc,,
3210,152,filterLoc,,
3210,155,filterLoc,,
3210,158,filterLoc,,
3210,161,filterLoc,,
3210,164,filterLoc,,
3210,167,filterLoc,,
3210,170,filterLoc,,
3210,173,filterLoc,,
3210,176,filterLoc,,
3210,179,filterLoc,,
3210,182,filterLoc,,
3210,185,filterLoc,,
3210,188,filterLoc,,
3210,191,filterLoc,,
3210,194,filterLoc,,
3210,197,filterLoc,,
3210,200,filterLoc,,
3210,203,filterLoc,,
3210,206,filterLoc,,
3210,209,filterLoc,,
3210,212,filterLoc,,
3210,215,filterLoc,,
3210,218,filterLoc,,
3210,221,filterLoc,,
3210,225,filterLoc,,
3210,228,filterLoc,,
3210,231,filterLoc,,
3210,234,filterLoc,,
3210,237,filterLoc,,
3210,240,filterLoc,,
3210,243,filterLoc,,
3210,246,filterLoc,,
3210,249,filterLoc,,
3210,252,filterLoc,,
3210,255,filterLoc,,
3210,258,filterLoc,,
3210,261,filterLoc,,
3210,264,filterLoc,,
3210,267,filterLoc,,
3210,270,filterLoc,,
3210,273,filterLoc,,
3210,276,filterLoc,,
3210,279,filterLoc,,
3210,282,filterLoc,,
3210,285,filterLoc,,
3210,288,filterLoc,,
3210,291,filterLoc,,
3210,294,filterLoc,,
3210,297,filterLoc,,
3210,300,filterLoc,,
3210,303,filterLoc,,
3210,306,filterLoc,,
3210,309,filterLoc,,
3210,312,filterLoc,,
3210,315,filterLoc,,
3210,318,filterLoc,,
3210,321,filterLoc,,
3210,324,filterLoc,,
3210,327,filterLoc,,
3210,330,filterLoc,,
3210,333,filterLoc,,
3210,336,filterLoc,,
3210,339,filterLoc,,
3210,342,filterLoc,,
3210,345,filterLoc,,
3210,348,filterLoc,,
3210,351,filterLoc,,
3210,354,filterLoc,,
3210,357,filterLoc,,
3210,360,filterLoc,,
3210,363,filterLoc,,
3210,366,filterLoc,,
3210,369,filterLoc,,
3210,372,filterLoc,,
3210,375,filterLoc,,
3210,378,filterLoc,,
3210,381,filterLoc,,
3210,384,filterLoc,,
3210,387,filterLoc,,
3210,390,filterLoc,,
3210,393,filterLoc,,
3210,396,filterLoc,,
3210,399,filterLoc,,
3210,402,filterLoc,,
3210,405,filterLoc,,
3210,408,filterLoc,,
3210,411,filterLoc,,
3210,414,filterLoc,,
3210,417,filterLoc,,
3210,420,filterLoc,,
3210,423,filterLoc,,
3210,426,filterLoc,,
3210,429,filterLoc,,
3210,432,filterLoc,,
3210,435,filterLoc,,
3210,438,filterLoc,,
3210,441,filterLoc,,
3210,444,filterLoc,,
3210,447,filterLoc,,
3210,450,filterLoc,,
3210,453,filterLoc,,
3210,456,filterLoc,,
3210,459,filterLoc,,
3210,462,filterLoc,,
3210,465,filterLoc,,
3210,468,filterLoc,,
3210,471,filterLoc,,
3210,474,filterLoc,,
3210,477,filterLoc,,
3210,480,filterLoc,,
3210,483,filterLoc,,
3210,486,filterLoc,,
3210,489,filterLoc,,
3210,492,filterLoc,,
3210,495,filterLoc,,
3210,498,filterLoc,,;Evacuee;118;in triage category;G;is leaving helicopter;2
3210,501,filterLoc,,
3210,504,filterLoc,,
3210,507,filterLoc,,
3210,510,filterLoc,,
3210,513,filterLoc,,
3210,516,filterLoc,,
3210,519,filterLoc,,
3210,522,filterLoc,,
3210,525,filterLoc,,
3210,528,filterLoc,,
3210,531,filterLoc,,
3210,534,filterLoc,,
3210,537,filterLoc,,
3210,540,filterLoc,,
3210,543,filterLoc,,
3210,546,filterLoc,,
3210,549,filterLoc,,
3210,552,filterLoc,,
3210,555,filterLoc,,
3210,558,filterLoc,,
3210,561,filterLoc,,
3210,564,filterLoc,,;Evacuee;124;in triage category;G;is leaving helicopter;2
3210,567,filterLoc,,
3210,570,filterLoc,,
3210,573,filterLoc,,
3210,576,filterLoc,,
3210,579,filterLoc,,
3210,582,filterLoc,,
3210,585,filterLoc,,
3210,588,filterLoc,,
3210,591,filterLoc,,
3210,594,filterLoc,,
3210,597,filterLoc,,
3210,600,filterLoc,,
3210,603,filterLoc,,
3210,606,filterLoc,,
3210,609,filterLoc,,
3210,612,filterLoc,,
3210,615,filterLoc,,
3210,618,filterLoc,,
3210,621,filterLoc,,
3210,624,filterLoc,,
3210,627,filterLoc,,
3210,630,filterLoc,,
3210,633,filterLoc,,
3210,636,filterLoc,,
3210,639,filterLoc,,
3210,642,filterLoc,,
3210,645,filterLoc,,
3210,648,filterLoc,,;Evacuee;115;in triage category;G;is leaving helicopter;2
3210,651,filterLoc,,
3210,654,filterLoc,,
3210,657,filterLoc,,
3210,660,filterLoc,,
3210,663,filterLoc,,
3210,666,filterLoc,,
3210,669,filterLoc,,
3210,672,filterLoc,,
3210,675,filterLoc,,
3210,678,filterLoc,,
3210,681,filterLoc,,
3210,684,filterLoc,,
3210,687,filterLoc,,
3210,690,filterLoc,,
3210,693,filterLoc,,
3210,696,filterLoc,,
3210,699,filterLoc,,;Evacuee;128;in triage category;G;is leaving helicopter;2
3210,702,filterLoc,,;Evacuee;134;in triage category;G;is leaving helicopter;2
3210,705,filterLoc,,
3210,708,filterLoc,,
3210,711,filterLoc,,
3210,714,filterLoc,,
3210,717,filterLoc,,
3210,720,filterLoc,,
3210,723,filterLoc,,
3210,726,filterLoc,,
3210,729,filterLoc,,
3210,732,filterLoc,,
3210,735,filterLoc,,
3210,738,filterLoc,,
3210,741,filterLoc,,
3210,744,filterLoc,,
3210,747,filterLoc,,
3210,750,filterLoc,,
3210,753,filterLoc,,
3210,756,filterLoc,,
3210,759,filterLoc,,
3210,762,filterLoc,,
3210,765,filterLoc,,
3210,768,filterLoc,,
3210,771,filterLoc,,
3210,774,filterLoc,,
3210,777,filterLoc,,
3210,780,filterLoc,,
3210,783,filterLoc,,
3210,786,filterLoc,,;Evacuee;133;in triage category;G;is leaving helicopter;2
3210,789,filterLoc,,
3210,792,filterLoc,,
3210,795,filterLoc,,
3210,798,filterLoc,,
3210,801,filterLoc,,
3210,804,filterLoc,,
3210,807,filterLoc,,
3210,810,filterLoc,,
3210,813,filterLoc,,
3210,816,filterLoc,,
3210,819,filterLoc,,
3210,822,filterLoc,,
3210,825,filterLoc,,
3210,828,filterLoc,,
3210,831,filterLoc,,
3210,834,filterLoc,,
3210,837,filterLoc,,
3210,840,filterLoc,,
3210,843,filterLoc,,
3210,846,filterLoc,,
3210,849,filterLoc,,
3210,852,filterLoc,,
3210,855,filterLoc,,
3210,858,filterLoc,,
3210,861,filterLoc,,
3210,864,filterLoc,,
3210,867,filterLoc,,
3210,870,filterLoc,,
3210,873,filterLoc,,
3210,876,filterLoc,,
3210,879,filterLoc,,
3210,882,filterLoc,,
3210,885,filterLoc,,
3210,888,filterLoc,,
3210,891,filterLoc,,
3210,894,filterLoc,,
3210,897,filterLoc,,
3210,900,filterLoc,,
3210,903,filterLoc,,
3210,906,filterLoc,,
3210,909,filterLoc,,
3210,912,filterLoc,,
3210,915,filterLoc,,
3210,918,filterLoc,,
3210,921,filterLoc,,
3210,924,filterLoc,,
3210,927,filterLoc,,;Evacuee;132;in triage category;G;is leaving helicopter;2
3210,930,filterLoc,,
3210,933,filterLoc,,
3210,936,filterLoc,,
3210,939,filterLoc,,
3210,942,filterLoc,,
3210,945,filterLoc,,
3210,948,filterLoc,,
3210,951,filterLoc,,
3210,954,filterLoc,,
3210,957,filterLoc,,
3210,960,filterLoc,,
3210,963,filterLoc,,
3210,966,filterLoc,,
3210,969,filterLoc,,
3210,972,filterLoc,,
3210,975,filterLoc,,
3210,978,filterLoc,,
3210,981,filterLoc,,
3210,984,filterLoc,,
3210,987,filterLoc,,
3210,990,filterLoc,,
3210,993,filterLoc,,
3210,996,filterLoc,,
3210,999,filterLoc,,
3210,1002,filterLoc,,
3210,1005,filterLoc,,
3210,1008,filterLoc,,
3210,1011,filterLoc,,
3210,1014,filterLoc,,
3210,1017,filterLoc,,
3210,1020,filterLoc,,
3210,1023,filterLoc,,
3210,1026,filterLoc,,
3210,1029,filterLoc,,
3210,1032,filterLoc,,
3210,1035,filterLoc,,
3210,1038,filterLoc,,
3210,1041,filterLoc,,
3210,1044,filterLoc,,
3210,1047,filterLoc,,
3210,1050,filterLoc,,
3210,1053,filterLoc,,
3210,1056,filterLoc,,
3210,1059,filterLoc,,
3210,1062,filterLoc,,
3210,1065,filterLoc,,
3210,1068,filterLoc,,
3210,1071,filterLoc,,
3210,1074,filterLoc,,
3210,1077,filterLoc,,
3210,1080,filterLoc,,
3210,1083,filterLoc,,
3210,1086,filterLoc,,
3210,1089,filterLoc,,
3210,1092,filterLoc,,
3210,1095,filterLoc,,
3210,1098,filterLoc,,
3210,1101,filterLoc,,
3210,1104,filterLoc,,
3210,1107,filterLoc,,
3210,1110,filterLoc,,
3210,1113,filterLoc,,
3210,1116,filterLoc,,;Evacuee;120;in triage category;G;is leaving helicopter;2
3210,1121,helicopter,outEvac,Evacuee 113 in triage category G is not assigned a helicopter
3210,1121,helicopter,outEvac,Evacuee 115 in triage category G is not assigned a helicopter
3210,1121,helicopter,outEvac,Evacuee 118 in triage category G is not assigned a helicopter
3210,1121,helicopter,outEvac,Evacuee 120 in triage category G is not assigned a helicopter
3210,1121,helicopter,outEvac,Evacuee 124 in triage category G is not assigned a helicopter
3210,1121,helicopter,outEvac,Evacuee 128 in triage category G is not assigned a helicopter
3210,1121,helicopter,outEvac,Evacuee 130 in triage category G is not assigned a helicopter
3210,1121,helicopter,outEvac,Evacuee 132 in triage category G is not assigned a helicopter
3210,1121,helicopter,outEvac,Evacuee 133 in triage category G is not assigned a helicopter
3210,1121,helicopter,outEvac,Evacuee 134 in triage category G is not assigned a helicopter
3210,1121,helicopter,,Helicopter;2;is unloading people at the FOL;;and has;0;spots taken
3210,1123,filterLoc,,
3210,1126,filterLoc,,
3210,1129,filterLoc,,
3210,1132,filterLoc,,
3210,1135,filterLoc,,
3210,1138,filterLoc,,
3210,1141,filterLoc,,
3210,1144,filterLoc,,
3210,1147,filterLoc,,
3210,1150,filterLoc,,
3210,1153,filterLoc,,
3210,1156,filterLoc,,
3210,1163,filterLoc,,
3210,1166,filterLoc,,
3210,1169,filterLoc,,
3210,1172,filterLoc,,
3210,1175,filterLoc,,
3210,1178,filterLoc,,
3210,1181,filterLoc,,
3210,1184,filterLoc,,
3210,1187,filterLoc,,
3210,1190,filterLoc,,
3210,1193,filterLoc,,
3210,1196,filterLoc,,
3210,1199,filterLoc,,
3210,1202,filterLoc,,
3210,1205,filterLoc,,
3210,1208,filterLoc,,
3210,1211,filterLoc,,;Evacuee;130;in triage category;G;is leaving helicopter;2
3210,1214,filterLoc,,
3210,1217,filterLoc,,
3210,1220,filterLoc,,
3210,1223,filterLoc,,
3210,1226,filterLoc,,
3210,1229,filterLoc,,
3210,1232,filterLoc,,
3210,1235,filterLoc,,
3210,1238,filterLoc,,
3210,1241,filterLoc,,
3210,1244,filterLoc,,
3210,1247,filterLoc,,
3210,1250,filterLoc,,
3210,1253,filterLoc,,
3210,1256,filterLoc,,
3210,1259,filterLoc,,
3210,1262,filterLoc,,
3210,1265,filterLoc,,
3210,1268,filterLoc,,
3210,1271,filterLoc,,
3210,1274,filterLoc,,
3210,1277,filterLoc,,
3210,1280,filterLoc,,
3210,1283,filterLoc,,
3210,1286,filterLoc,,
3210,1289,filterLoc,,
3210,1292,filterLoc,,
3210,1295,filterLoc,,
3210,1298,filterLoc,,
3210,1301,filterLoc,,
3210,1304,filterLoc,,
3210,1307,filterLoc,,
3210,1310,filterLoc,,
3210,1313,filterLoc,,
3210,1316,filterLoc,,
3210,1319,filterLoc,,
3210,1322,filterLoc,,
3210,1325,filterLoc,,
3210,1328,filterLoc,,
3210,1331,filterLoc,,
3210,1334,filterLoc,,
3210,1337,filterLoc,,
3210,1340,filterLoc,,
3210,1343,filterLoc,,
3210,1346,filterLoc,,
3210,1349,filterLoc,,
3210,1352,filterLoc,,
3210,1355,filterLoc,,
3210,1358,filterLoc,,
3210,1361,filterLoc,,
3210,1364,filterLoc,,
3210,1367,filterLoc,,
3210,1370,filterLoc,,
3210,1373,filterLoc,,
3210,1376,filterLoc,,
3210,1379,filterLoc,,
3210,1382,filterLoc,,
3210,1385,filterLoc,,
3210,1388,filterLoc,,
3210,1391,filterLoc,,
3210,1394,filterLoc,,
3210,1397,filterLoc,,
3210,1400,filterLoc,,
3210,1403,filterLoc,,
3210,1406,filterLoc,,
3210,1409,filterLoc,,
3210,1412,filterLoc,,
3210,1415,filterLoc,,
3210,1418,filterLoc,,
3210,1421,filterLoc,,
3210,1424,filterLoc,,
3210,1427,filterLoc,,
3210,1430,filterLoc,,
3210,1433,filterLoc,,
3210,1436,filterLoc,,
3210,1439,filterLoc,,
3210,1442,filterLoc,,
3210,1445,filterLoc,,
3210,1448,filterLoc,,
3210,1451,filterLoc,,
3210,1454,filterLoc,,
3210,1457,filterLoc,,
3210,1460,filterLoc,,
3210,1463,filterLoc,,
3210,1466,filterLoc,,
3210,1469,filterLoc,,
3210,1472,filterLoc,,
3210,1475,filterLoc,,
3210,1478,filterLoc,,;Evacuee;113;in triage category;G;is leaving helicopter;2
3210,1481,filterLoc,,
3210,1484,filterLoc,,
3210,1487,filterLoc,,
3210,1490,filterLoc,,
3210,1493,filterLoc,,
3210,1496,filterLoc,,
3210,1499,filterLoc,,
3210,1502,filterLoc,,
3210,1505,filterLoc,,
3210,1508,filterLoc,,
3210,1511,filterLoc,,
3210,1514,filterLoc,,
3210,1517,filterLoc,,
3210,498,filterLoc,out,Evacuee 118 in triage category G is not assigned a helicopter
3210,498,filterLoc,,
3210,499,evacuee,,Evacuee;118;in triage state;G;is entering the FOL
3210,564,filterLoc,out,Evacuee 124 in triage category G is not assigned a helicopter
3210,564,filterLoc,,
3210,565,evacuee,,Evacuee;124;in triage state;G;is entering the FOL
3210,648,filterLoc,out,Evacuee 115 in triage category G is not assigned a helicopter
3210,648,filterLoc,,
3210,649,evacuee,,Evacuee;115;in triage state;G;is entering the FOL
3210,699,filterLoc,out,Evacuee 128 in triage category G is not assigned a helicopter
3210,699,filterLoc,,
3210,700,evacuee,,Evacuee;128;in triage state;G;is entering the FOL
3210,702,filterLoc,out,Evacuee 134 in triage category G is not assigned a helicopter
3210,702,filterLoc,,
3210,703,evacuee,,Evacuee;134;in triage state;G;is entering the FOL
3210,786,filterLoc,out,Evacuee 133 in triage category G is not assigned a helicopter
3210,786,filterLoc,,
3210,787,evacuee,,Evacuee;133;in triage state;G;is entering the FOL
3210,927,filterLoc,out,Evacuee 132 in triage category G is not assigned a helicopter
3210,927,filterLoc,,
3210,928,evacuee,,Evacuee;132;in triage state;G;is entering the FOL
3210,1116,filterLoc,out,Evacuee 120 in triage category G is not assigned a helicopter
3210,1116,filterLoc,,
3210,1117,evacuee,,Evacuee;120;in triage state;G;is entering the FOL
3210,1211,filterLoc,out,Evacuee 130 in triage category G is not assigned a helicopter
3210,1211,filterLoc,,
3210,1212,evacuee,,Evacuee;130;in triage state;G;is entering the FOL
3210,1478,filterLoc,out,Evacuee 113 in triage category G is not assigned a helicopter
3210,1478,filterLoc,,
3210,1479,evacuee,,Evacuee;113;in triage state;G;is entering the FOL
3210,223,FOL,,;EvacueeID;3;Triage Status;G;EvacueeID;5;Triage Status;G;EvacueeID;6;Triage Status;G;EvacueeID;7;Triage Status;G;EvacueeID;8;Triage Status;G;EvacueeID;16;Triage Status;G;EvacueeID;20;Triage Status;G;EvacueeID;21;Triage Status;G;EvacueeID;27;Triage Status;G;EvacueeID;35;Triage Status;G;EvacueeID;36;Triage Status;G;EvacueeID;39;Triage Status;G;EvacueeID;41;Triage Status;G;EvacueeID;42;Triage Status;G;EvacueeID;47;Triage Status;G;EvacueeID;49;Triage Status;G;EvacueeID;51;Triage Status;G;EvacueeID;52;Triage Status;G;EvacueeID;56;Triage Status;G;EvacueeID;62;Triage Status;G;EvacueeID;63;Triage Status;G;EvacueeID;66;Triage Status;G;EvacueeID;68;Triage Status;G;EvacueeID;69;Triage Status;G;EvacueeID;70;Triage Status;G;EvacueeID;72;Triage Status;G;EvacueeID;79;Triage Status;G;EvacueeID;80;Triage Status;G;EvacueeID;84;Triage Status;G;EvacueeID;86;Triage Status;G;EvacueeID;87;Triage Status;G;EvacueeID;89;Triage Status;G;EvacueeID;94;Triage Status;G;EvacueeID;96;Triage Status;G;EvacueeID;97;Triage Status;G;EvacueeID;101;Triage Status;G;EvacueeID;103;Triage Status;G;EvacueeID;107;Triage Status;G;EvacueeID;110;Triage Status;G;EvacueeID;111;Triage Status;G;EvacueeID;113;Triage Status;G;EvacueeID;115;Triage Status;G;EvacueeID;118;Triage Status;G;EvacueeID;120;Triage Status;G;EvacueeID;124;Triage Status;G;EvacueeID;128;Triage Status;G;EvacueeID;130;Triage Status;G;EvacueeID;132;Triage Status;G;EvacueeID;133;Triage Status;G;EvacueeID;134;Triage Status;G;Lives Saved;50
3210,499,evacuee,outFOL,Evacuee 118 in triage category G is not assigned a helicopter
3210,499,evacuee,,Evacuee;118;in triage state;G;is at the FOL
3210,565,evacuee,outFOL,Evacuee 124 in triage category G is not assigned a helicopter
3210,565,evacuee,,Evacuee;124;in triage state;G;is at the FOL
3210,649,evacuee,outFOL,Evacuee 115 in triage category G is not assigned a helicopter
3210,649,evacuee,,Evacuee;115;in triage state;G;is at the FOL
3210,700,evacuee,outFOL,Evacuee 128 in triage category G is not assigned a helicopter
3210,700,evacuee,,Evacuee;128;in triage state;G;is at the FOL
3210,703,evacuee,outFOL,Evacuee 134 in triage category G is not assigned a helicopter
3210,703,evacuee,,Evacuee;134;in triage state;G;is at the FOL
3210,787,evacuee,outFOL,Evacuee 133 in triage category G is not assigned a helicopter
3210,787,evacuee,,Evacuee;133;in triage state;G;is at the FOL
3210,928,evacuee,outFOL,Evacuee 132 in triage category G is not assigned a helicopter
3210,928,evacuee,,Evacuee;132;in triage state;G;is at the FOL
3210,1117,evacuee,outFOL,Evacuee 120 in triage category G is not assigned a helicopter
3210,1117,evacuee,,Evacuee;120;in triage state;G;is at the FOL
3210,1212,evacuee,outFOL,Evacuee 130 in triage category G is not assigned a helicopter
3210,1212,evacuee,,Evacuee;130;in triage state;G;is at the FOL
3210,1479,evacuee,outFOL,Evacuee 113 in triage category G is not assigned a helicopter
3210,1479,evacuee,,Evacuee;113;in triage state;G;is at the FOL
3210,223,FOL,,;EvacueeID;3;Triage Status;G;EvacueeID;5;Triage Status;G;EvacueeID;6;Triage Status;G;EvacueeID;7;Triage Status;G;EvacueeID;8;Triage Status;G;EvacueeID;16;Triage Status;G;EvacueeID;20;Triage Status;G;EvacueeID;21;Triage Status;G;EvacueeID;27;Triage Status;G;EvacueeID;35;Triage Status;G;EvacueeID;36;Triage Status;G;EvacueeID;39;Triage Status;G;EvacueeID;41;Triage Status;G;EvacueeID;42;Triage Status;G;EvacueeID;47;Triage Status;G;EvacueeID;49;Triage Status;G;EvacueeID;51;Triage Status;G;EvacueeID;52;Triage Status;G;EvacueeID;56;Triage Status;G;EvacueeID;62;Triage Status;G;EvacueeID;63;Triage Status;G;EvacueeID;66;Triage Status;G;EvacueeID;68;Triage Status;G;EvacueeID;69;Triage Status;G;EvacueeID;70;Triage Status;G;EvacueeID;72;Triage Status;G;EvacueeID;79;Triage Status;G;EvacueeID;80;Triage Status;G;EvacueeID;84;Triage Status;G;EvacueeID;86;Triage Status;G;EvacueeID;87;Triage Status;G;EvacueeID;89;Triage Status;G;EvacueeID;94;Triage Status;G;EvacueeID;96;Triage Status;G;EvacueeID;97;Triage Status;G;EvacueeID;101;Triage Status;G;EvacueeID;103;Triage Status;G;EvacueeID;107;Triage Status;G;EvacueeID;110;Triage Status;G;EvacueeID;111;Triage Status;G;EvacueeID;113;Triage Status;G;EvacueeID;115;Triage Status;G;EvacueeID;118;Triage Status;G;EvacueeID;120;Triage Status;G;EvacueeID;124;Triage Status;G;EvacueeID;128;Triage Status;G;EvacueeID;130;Triage Status;G;EvacueeID;132;Triage Status;G;EvacueeID;133;Triage Status;G;EvacueeID;134;Triage Status;G;Lives Saved;50
3211.13,3,evacueeManager,,OFF SHIP: White;0;Green;99;Yellow;26;Red;8;Black;307;ON SHIP: White;0;Green;0;Yellow;0;Red;0;Evacuees to Transfer;
3211.13,1242,evacuee,outES,Evacuee 159 in triage category R is not assigned a helicopter
3211.13,1242,evacuee,,Evacuee;159;in triage state;B;is at the evacuation site
3217.89,3,evacueeManager,,OFF SHIP: White;0;Green;99;Yellow;25;Red;9;Black;307;ON SHIP: White;0;Green;0;Yellow;0;Red;0;Evacuees to Transfer;
3217.89,403,evacuee,outES,Evacuee 281 in triage category Y is not assigned a helicopter
3217.89,403,evacuee,,Evacuee;281;in triage state;R;is at the evacuation site
3219.29,3,evacueeManager,,OFF SHIP: White;0;Green;99;Yellow;25;Red;8;Black;308;ON SHIP: White;0;Green;0;Yellow;0;Red;0;Evacuees to Transfer;
3219.29,760,evacuee,outES,Evacuee 25 in triage category R is not assigned a helicopter
3219.29,760,evacuee,,Evacuee;25;in triage state;B;is at the evacuation site
3222.18,3,evacueeManager,,OFF SHIP: White;0;Green;98;Yellow;26;Red;8;Black;308;ON SHIP: White;0;Green;0;Yellow;0;Red;0;Evacuees to Transfer;
3222.18,1398,evacuee,outES,Evacuee 323 in triage category G is not assigned a helicopter
3222.18,1398,evacuee,,Evacuee;323;in triage state;Y;is at the evacuation site
3225,1121,helicopter,,Helicopter;2;Is going to the evacuation site;;and has;0;spots taken
3230.92,3,evacueeManager,,OFF SHIP: White;0;Green;98;Yellow;25;Red;9;Black;308;ON SHIP: White;0;Green;0;Yellow;0;Red;0;Evacuees to Transfer;
3230.92,748,evacuee,outES,Evacuee 2 in triage category Y is not assigned a helicopter
3230.92,748,evacuee,,Evacuee;2;in triage state;R;is at the evacuation site
3234.26,3,evacueeManager,,OFF SHIP: White;0;Green;98;Yellow;24;Red;10;Black;308;ON SHIP: White;0;Green;0;Yellow;0;Red;0;Evacuees to Transfer;
3234.26,198,evacuee,outES,Evacuee 427 in triage category Y is not assigned a helicopter
3234.26,198,evacuee,,Evacuee;427;in triage state;R;is at the evacuation site
3237.1,3,evacueeManager,,OFF SHIP: White;0;Green;98;Yellow;24;Red;9;Black;309;ON SHIP: White;0;Green;0;Yellow;0;Red;0;Evacuees to Transfer;
3237.1,556,evacuee,outES,Evacuee 424 in triage category R is not assigned a helicopter
3237.1,556,evacuee,,Evacuee;424;in triage state;B;is at the evacuation site
3240,5,helicopterQueue,,1;Helos are waiting to land;HeloID;1
3240,1161,helicopter,outES,Helicopter 1 is evacuating people1
3240,1161,helicopter,,Helicopter;1;is waiting to land at the evacuation site;;and has;0;spots taken
3240,4,helipadManager,,;No helos are at ES
3240,5,helicopterQueue,outHM,Helicopter 1 is evacuating people1
3240,5,helicopterQueue,outHelo,Helicopter 1 is evacuating people1
3240,5,helicopterQueue,,;No helos are waiting to land
3240,104,filterES,,
3240,1120,filterES,,
3240,1160,filterES,,Helicopter;1;is evacuating people
3240,3,evacueeManager,,OFF SHIP: White;0;Green;88;Yellow;24;Red;9;Black;309;ON SHIP: White;0;Green;0;Yellow;0;Red;0;Evacuees to Transfer;;EvacueeID;157;HeloID;1;OnShip;0;Triage Status;G;EvacueeID;166;HeloID;1;OnShip;0;Triage Status;G;EvacueeID;167;HeloID;1;OnShip;0;Triage Status;G;EvacueeID;172;HeloID;1;OnShip;0;Triage Status;G;EvacueeID;173;HeloID;1;OnShip;0;Triage Status;G;EvacueeID;175;HeloID;1;OnShip;0;Triage Status;G;EvacueeID;178;HeloID;1;OnShip;0;Triage Status;G;EvacueeID;180;HeloID;1;OnShip;0;Triage Status;G;EvacueeID;186;HeloID;1;OnShip;0;Triage Status;G;EvacueeID;189;HeloID;1;OnShip;0;Triage Status;G
3240,4,helipadManager,outEM,Helicopter 1 is evacuating people1
3240,4,helipadManager,,Helo;1;is at the ES
3240,1160,filterES,out,Helicopter 1 is evacuating people1
3240,1160,filterES,,
3240,1161,helicopter,,Helicopter;1;is waiting to land at the evacuation site;;and has;0;spots taken
3240,3,evacueeManager,outEvac,Evacuee 157 in triage category G is assigned helicopter 1
3240,3,evacueeManager,outEvac,Evacuee 166 in triage category G is assigned helicopter 1
3240,3,evacueeManager,outEvac,Evacuee 167 in triage category G is assigned helicopter 1
3240,3,evacueeManager,outEvac,Evacuee 172 in triage category G is assigned helicopter 1
3240,3,evacueeManager,outEvac,Evacuee 173 in triage category G is assigned helicopter 1
3240,3,evacueeManager,outEvac,Evacuee 175 in triage category G is assigned helicopter 1
3240,3,evacueeManager,outEvac,Evacuee 178 in triage category G is assigned helicopter 1
3240,3,evacueeManager,outEvac,Evacuee 180 in triage category G is assigned helicopter 1
3240,3,evacueeManager,outEvac,Evacuee 186 in triage category G is assigned helicopter 1
3240,3,evacueeManager,outEvac,Evacuee 189 in triage category G is assigned helicopter 1
3240,3,evacueeManager,,OFF SHIP: White;0;Green;88;Yellow;24;Red;9;Black;309;ON SHIP: White;0;Green;0;Yellow;0;Red;0;Evacuees to Transfer;
3240,7,filterLoc,,
3240,10,filterLoc,,
3240,13,filterLoc,,
3240,16,filterLoc,,
3240,19,filterLoc,,
3240,22,filterLoc,,
3240,25,filterLoc,,
3240,28,filterLoc,,
3240,31,filterLoc,,
3240,34,filterLoc,,
3240,37,filterLoc,,
3240,40,filterLoc,,
3240,43,filterLoc,,
3240,46,filterLoc,,
3240,49,filterLoc,,
3240,52,filterLoc,,
3240,55,filterLoc,,
3240,58,filterLoc,,
3240,61,filterLoc,,
3240,64,filterLoc,,
3240,67,filterLoc,,
3240,70,filterLoc,,
3240,73,filterLoc,,
3240,76,filterLoc,,
3240,79,filterLoc,,
3240,82,filterLoc,,
3240,85,filterLoc,,
3240,88,filterLoc,,
3240,91,filterLoc,,
3240,94,filterLoc,,
3240,97,filterLoc,,
3240,100,filterLoc,,
3240,107,filterLoc,,
3240,110,filterLoc,,
3240,113,filterLoc,,
3240,116,filterLoc,,
3240,119,filterLoc,,
3240,122,filterLoc,,
3240,125,filterLoc,,
3240,128,filterLoc,,
3240,131,filterLoc,,
3240,134,filterLoc,,
3240,137,filterLoc,,
3240,140,filterLoc,,
3240,143,filterLoc,,
3240,146,filterLoc,,
3240,149,filterLoc,,
3240,152,filterLoc,,
3240,155,filterLoc,,
3240,158,filterLoc,,
3240,161,filterLoc,,
3240,164,filterLoc,,
3240,167,filterLoc,,
3240,170,filterLoc,,
3240,173,filterLoc,,
3240,176,filterLoc,,
3240,179,filterLoc,,
3240,182,filterLoc,,
3240,185,filterLoc,,
3240,188,filterLoc,,
3240,191,filterLoc,,
3240,194,filterLoc,,
3240,197,filterLoc,,
3240,200,filterLoc,,
3240,203,filterLoc,,
3240,206,filterLoc,,
3240,209,filterLoc,,
3240,212,filterLoc,,
3240,215,filterLoc,,
3240,218,filterLoc,,
3240,221,filterLoc,,
3240,225,filterLoc,,
3240,228,filterLoc,,
3240,231,filterLoc,,
3240,234,filterLoc,,
3240,237,filterLoc,,
3240,240,filterLoc,,
3240,243,filterLoc,,
3240,246,filterLoc,,
3240,249,filterLoc,,
3240,252,filterLoc,,
3240,255,filterLoc,,
3240,258,filterLoc,,
3240,261,filterLoc,,
3240,264,filterLoc,,
3240,267,filterLoc,,
3240,270,filterLoc,,
3240,273,filterLoc,,
3240,276,filterLoc,,
3240,279,filterLoc,,
3240,282,filterLoc,,
3240,285,filterLoc,,
3240,288,filterLoc,,
3240,291,filterLoc,,
3240,294,filterLoc,,
3240,297,filterLoc,,
3240,300,filterLoc,,
3240,303,filterLoc,,
3240,306,filterLoc,,
3240,309,filterLoc,,
3240,312,filterLoc,,
3240,315,filterLoc,,
3240,318,filterLoc,,
3240,321,filterLoc,,
3240,324,filterLoc,,
3240,327,filterLoc,,
3240,330,filterLoc,,
3240,333,filterLoc,,
3240,336,filterLoc,,
3240,339,filterLoc,,
3240,342,filterLoc,,
3240,345,filterLoc,,
3240,348,filterLoc,,
3240,351,filterLoc,,
3240,354,filterLoc,,
3240,357,filterLoc,,
3240,360,filterLoc,,
3240,363,filterLoc,,
3240,366,filterLoc,,
3240,369,filterLoc,,
3240,372,filterLoc,,
3240,375,filterLoc,,
3240,378,filterLoc,,
3240,381,filterLoc,,
3240,384,filterLoc,,
3240,387,filterLoc,,
3240,390,filterLoc,,
3240,393,filterLoc,,
3240,396,filterLoc,,
3240,399,filterLoc,,
3240,402,filterLoc,,
3240,405,filterLoc,,
3240,408,filterLoc,,
3240,411,filterLoc,,
3240,414,filterLoc,,
3240,417,filterLoc,,
3240,420,filterLoc,,
3240,423,filterLoc,,
3240,426,filterLoc,,
3240,429,filterLoc,,
3240,432,filterLoc,,
3240,435,filterLoc,,
3240,438,filterLoc,,
3240,441,filterLoc,,
3240,444,filterLoc,,
3240,447,filterLoc,,
3240,450,filterLoc,,
3240,453,filterLoc,,
3240,456,filterLoc,,
3240,459,filterLoc,,
3240,462,filterLoc,,
3240,465,filterLoc,,
3240,468,filterLoc,,
3240,471,filterLoc,,
3240,474,filterLoc,,
3240,477,filterLoc,,
3240,480,filterLoc,,
3240,483,filterLoc,,
3240,486,filterLoc,,
3240,489,filterLoc,,
3240,492,filterLoc,,
3240,495,filterLoc,,
3240,498,filterLoc,,
3240,501,filterLoc,,
3240,504,filterLoc,,
3240,507,filterLoc,,
3240,510,filterLoc,,
3240,513,filterLoc,,
3240,516,filterLoc,,
3240,519,filterLoc,,
3240,522,filterLoc,,
3240,525,filterLoc,,
3240,528,filterLoc,,
3240,531,filterLoc,,
3240,534,filterLoc,,
3240,537,filterLoc,,
3240,540,filterLoc,,
3240,543,filterLoc,,
3240,546,filterLoc,,
3240,549,filterLoc,,
3240,552,filterLoc,,
3240,555,filterLoc,,
3240,558,filterLoc,,
3240,561,filterLoc,,
3240,564,filterLoc,,
3240,567,filterLoc,,
3240,570,filterLoc,,
3240,573,filterLoc,,
3240,576,filterLoc,,
3240,579,filterLoc,,
3240,582,filterLoc,,
3240,585,filterLoc,,
3240,588,filterLoc,,
3240,591,filterLoc,,
3240,594,filterLoc,,
3240,597,filterLoc,,
3240,600,filterLoc,,
3240,603,filterLoc,,
3240,606,filterLoc,,
3240,609,filterLoc,,
3240,612,filterLoc,,
3240,615,filterLoc,,
3240,618,filterLoc,,
3240,621,filterLoc,,
3240,624,filterLoc,,
3240,627,filterLoc,,
3240,630,filterLoc,,
3240,633,filterLoc,,
3240,636,filterLoc,,
3240,639,filterLoc,,
3240,642,filterLoc,,
3240,645,filterLoc,,
3240,648,filterLoc,,
3240,651,filterLoc,,
3240,654,filterLoc,,
3240,657,filterLoc,,
3240,660,filterLoc,,
3240,663,filterLoc,,
3240,666,filterLoc,,
3240,669,filterLoc,,
3240,672,filterLoc,,
3240,675,filterLoc,,
3240,678,filterLoc,,
3240,681,filterLoc,,
3240,684,filterLoc,,
3240,687,filterLoc,,
3240,690,filterLoc,,
3240,693,filterLoc,,
3240,696,filterLoc,,
3240,699,filterLoc,,
3240,702,filterLoc,,
3240,705,filterLoc,,
3240,708,filterLoc,,
3240,711,filterLoc,,
3240,714,filterLoc,,
3240,717,filterLoc,,
3240,720,filterLoc,,
3240,723,filterLoc,,
3240,726,filterLoc,,
3240,729,filterLoc,,
3240,732,filterLoc,,
3240,735,filterLoc,,
3240,738,filterLoc,,
3240,741,filterLoc,,
3240,744,filterLoc,,
3240,747,filterLoc,,
3240,750,filterLoc,,
3240,753,filterLoc,,
3240,756,filterLoc,,
3240,759,filterLoc,,
3240,762,filterLoc,,
3240,765,filterLoc,,
3240,768,filterLoc,,
3240,771,filterLoc,,
3240,774,filterLoc,,
3240,777,filterLoc,,
3240,780,filterLoc,,
3240,783,filterLoc,,
3240,786,filterLoc,,
3240,789,filterLoc,,
3240,792,filterLoc,,
3240,795,filterLoc,,
3240,798,filterLoc,,
3240,801,filterLoc,,
3240,804,filterLoc,,
3240,807,filterLoc,,
3240,810,filterLoc,,
3240,813,filterLoc,,
3240,816,filterLoc,,
3240,819,filterLoc,,
3240,822,filterLoc,,
3240,825,filterLoc,,
3240,828,filterLoc,,
3240,831,filterLoc,,
3240,834,filterLoc,,
3240,837,filterLoc,,
3240,840,filterLoc,,
3240,843,filterLoc,,
3240,846,filterLoc,,
3240,849,filterLoc,,
3240,852,filterLoc,,
3240,855,filterLoc,,
3240,858,filterLoc,,;Evacuee;172;in triage category;G;is entering helicopter;1
3240,861,filterLoc,,
3240,864,filterLoc,,
3240,867,filterLoc,,
3240,870,filterLoc,,
3240,873,filterLoc,,
3240,876,filterLoc,,
3240,879,filterLoc,,
3240,882,filterLoc,,
3240,885,filterLoc,,
3240,888,filterLoc,,
3240,891,filterLoc,,
3240,894,filterLoc,,
3240,897,filterLoc,,
3240,900,filterLoc,,
3240,903,filterLoc,,
3240,906,filterLoc,,;Evacuee;173;in triage category;G;is entering helicopter;1
3240,909,filterLoc,,;Evacuee;157;in triage category;G;is entering helicopter;1
3240,912,filterLoc,,
3240,915,filterLoc,,
3240,918,filterLoc,,
3240,921,filterLoc,,
3240,924,filterLoc,,
3240,927,filterLoc,,
3240,930,filterLoc,,
3240,933,filterLoc,,
3240,936,filterLoc,,
3240,939,filterLoc,,
3240,942,filterLoc,,
3240,945,filterLoc,,
3240,948,filterLoc,,
3240,951,filterLoc,,
3240,954,filterLoc,,
3240,957,filterLoc,,
3240,960,filterLoc,,
3240,963,filterLoc,,
3240,966,filterLoc,,
3240,969,filterLoc,,
3240,972,filterLoc,,
3240,975,filterLoc,,
3240,978,filterLoc,,
3240,981,filterLoc,,
3240,984,filterLoc,,
3240,987,filterLoc,,
3240,990,filterLoc,,
3240,993,filterLoc,,
3240,996,filterLoc,,
3240,999,filterLoc,,
3240,1002,filterLoc,,
3240,1005,filterLoc,,
3240,1008,filterLoc,,
3240,1011,filterLoc,,
3240,1014,filterLoc,,
3240,1017,filterLoc,,
3240,1020,filterLoc,,
3240,1023,filterLoc,,
3240,1026,filterLoc,,
3240,1029,filterLoc,,
3240,1032,filterLoc,,
3240,1035,filterLoc,,
3240,1038,filterLoc,,
3240,1041,filterLoc,,
3240,1044,filterLoc,,
3240,1047,filterLoc,,
3240,1050,filterLoc,,
3240,1053,filterLoc,,
3240,1056,filterLoc,,
3240,1059,filterLoc,,
3240,1062,filterLoc,,
3240,1065,filterLoc,,
3240,1068,filterLoc,,
3240,1071,filterLoc,,
3240,1074,filterLoc,,
3240,1077,filterLoc,,
3240,1080,filterLoc,,
3240,1083,filterLoc,,
3240,1086,filterLoc,,
3240,1089,filterLoc,,
3240,1092,filterLoc,,
3240,1095,filterLoc,,
3240,1098,filterLoc,,
3240,1101,filterLoc,,
3240,1104,filterLoc,,
3240,1107,filterLoc,,
3240,1110,filterLoc,,
3240,1113,filterLoc,,
3240,1116,filterLoc,,
3240,1123,filterLoc,,
3240,1126,filterLoc,,
3240,1129,filterLoc,,;Evacuee;175;in triage category;G;is entering helicopter;1
3240,1132,filterLoc,,
3240,1135,filterLoc,,
3240,1138,filterLoc,,
3240,1141,filterLoc,,
3240,1144,filterLoc,,
3240,1147,filterLoc,,
3240,1150,filterLoc,,
3240,1153,filterLoc,,
3240,1156,filterLoc,,
3240,1161,helicopter,,Helicopter;1;is loading people at the evacuation site;;and has;0;spots taken
3240,1163,filterLoc,,
3240,1166,filterLoc,,
3240,1169,filterLoc,,
3240,1172,filterLoc,,
3240,1175,filterLoc,,
3240,1178,filterLoc,,
3240,1181,filterLoc,,
3240,1184,filterLoc,,
3240,1187,filterLoc,,
3240,1190,filterLoc,,
3240,1193,filterLoc,,
3240,1196,filterLoc,,
3240,1199,filterLoc,,
3240,1202,filterLoc,,
3240,1205,filterLoc,,
3240,1208,filterLoc,,
3240,1211,filterLoc,,
3240,1214,filterLoc,,
3240,1217,filterLoc,,
3240,1220,filterLoc,,
3240,1223,filterLoc,,
3240,1226,filterLoc,,
3240,1229,filterLoc,,
3240,1232,filterLoc,,
3240,1235,filterLoc,,
3240,1238,filterLoc,,
3240,1241,filterLoc,,
3240,1244,filterLoc,,
3240,1247,filterLoc,,
3240,1250,filterLoc,,
3240,1253,filterLoc,,
3240,1256,filterLoc,,
3240,1259,filterLoc,,
3240,1262,filterLoc,,;Evacuee;166;in triage category;G;is entering helicopter;1
3240,1265,filterLoc,,
3240,1268,filterLoc,,
3240,1271,filterLoc,,;Evacuee;178;in triage category;G;is entering helicopter;1
3240,1274,filterLoc,,
3240,1277,filterLoc,,
3240,1280,filterLoc,,;Evacuee;167;in triage category;G;is entering helicopter;1
3240,1283,filterLoc,,
3240,1286,filterLoc,,
3240,1289,filterLoc,,
3240,1292,filterLoc,,
3240,1295,filterLoc,,
3240,1298,filterLoc,,
3240,1301,filterLoc,,
3240,1304,filterLoc,,
3240,1307,filterLoc,,
3240,1310,filterLoc,,
3240,1313,filterLoc,,
3240,1316,filterLoc,,
3240,1319,filterLoc,,
3240,1322,filterLoc,,
3240,1325,filterLoc,,
3240,1328,filterLoc,,
3240,1331,filterLoc,,;Evacuee;186;in triage category;G;is entering helicopter;1
3240,1334,filterLoc,,
3240,1337,filterLoc,,
3240,1340,filterLoc,,;Evacuee;189;in triage category;G;is entering helicopter;1
3240,1343,filterLoc,,
3240,1346,filterLoc,,
3240,1349,filterLoc,,
3240,1352,filterLoc,,
3240,1355,filterLoc,,
3240,1358,filterLoc,,
3240,1361,filterLoc,,
3240,1364,filterLoc,,
3240,1367,filterLoc,,
3240,1370,filterLoc,,
3240,1373,filterLoc,,
3240,1376,filterLoc,,
3240,1379,filterLoc,,
3240,1382,filterLoc,,
3240,1385,filterLoc,,
3240,1388,filterLoc,,
3240,1391,filterLoc,,
3240,1394,filterLoc,,
3240,1397,filterLoc,,
3240,1400,filterLoc,,;Evacuee;180;in triage category;G;is entering helicopter;1
3240,1403,filterLoc,,
3240,1406,filterLoc,,
3240,1409,filterLoc,,
3240,1412,filterLoc,,
3240,1415,filterLoc,,
3240,1418,filterLoc,,
3240,1421,filterLoc,,
3240,1424,filterLoc,,
3240,1427,filterLoc,,
3240,1430,filterLoc,,
3240,1433,filterLoc,,
3240,1436,filterLoc,,
3240,1439,filterLoc,,
3240,1442,filterLoc,,
3240,1445,filterLoc,,
3240,1448,filterLoc,,
3240,1451,filterLoc,,
3240,1454,filterLoc,,
3240,1457,filterLoc,,
3240,1460,filterLoc,,
3240,1463,filterLoc,,
3240,1466,filterLoc,,
3240,1469,filterLoc,,
3240,1472,filterLoc,,
3240,1475,filterLoc,,
3240,1478,filterLoc,,
3240,1481,filterLoc,,
3240,1484,filterLoc,,
3240,1487,filterLoc,,
3240,1490,filterLoc,,
3240,1493,filterLoc,,
3240,1496,filterLoc,,
3240,1499,filterLoc,,
3240,1502,filterLoc,,
3240,1505,filterLoc,,
3240,1508,filterLoc,,
3240,1511,filterLoc,,
3240,1514,filterLoc,,
3240,1517,filterLoc,,
3240,858,filterLoc,out,Evacuee 172 in triage category G is assigned helicopter 1
3240,858,filterLoc,,
3240,859,evacuee,,Evacuee;172;in triage state;G;is entering helicopter;1
3240,906,filterLoc,out,Evacuee 173 in triage category G is assigned helicopter 1
3240,906,filterLoc,,
3240,907,evacuee,,Evacuee;173;in triage state;G;is entering helicopter;1
3240,909,filterLoc,out,Evacuee 157 in triage category G is assigned helicopter 1
3240,909,filterLoc,,
3240,910,evacuee,,Evacuee;157;in triage state;G;is entering helicopter;1
3240,1129,filterLoc,out,Evacuee 175 in triage category G is assigned helicopter 1
3240,1129,filterLoc,,
3240,1130,evacuee,,Evacuee;175;in triage state;G;is entering helicopter;1
3240,1262,filterLoc,out,Evacuee 166 in triage category G is assigned helicopter 1
3240,1262,filterLoc,,
3240,1263,evacuee,,Evacuee;166;in triage state;G;is entering helicopter;1
3240,1271,filterLoc,out,Evacuee 178 in triage category G is assigned helicopter 1
3240,1271,filterLoc,,
3240,1272,evacuee,,Evacuee;178;in triage state;G;is entering helicopter;1
3240,1280,filterLoc,out,Evacuee 167 in triage category G is assigned helicopter 1
3240,1280,filterLoc,,
3240,1281,evacuee,,Evacuee;167;in triage state;G;is entering helicopter;1
3240,1331,filterLoc,out,Evacuee 186 in triage category G is assigned helicopter 1
3240,1331,filterLoc,,
3240,1332,evacuee,,Evacuee;186;in triage state;G;is entering helicopter;1
3240,1340,filterLoc,out,Evacuee 189 in triage category G is assigned helicopter 1
3240,1340,filterLoc,,
3240,1341,evacuee,,Evacuee;189;in triage state;G;is entering helicopter;1
3240,1400,filterLoc,out,Evacuee 180 in triage category G is assigned helicopter 1
3240,1400,filterLoc,,
3240,1401,evacuee,,Evacuee;180;in triage state;G;is entering helicopter;1
3240,103,filterEvac,,
3240,859,evacuee,outHelo,Evacuee 172 in triage category G is assigned helicopter 1
3240,859,evacuee,,Evacuee;172;in triage state;G;is in helicopter;1
3240,907,evacuee,outHelo,Evacuee 173 in triage category G is assigned helicopter 1
3240,907,evacuee,,Evacuee;173;in triage state;G;is in helicopter;1
3240,910,evacuee,outHelo,Evacuee 157 in triage category G is assigned helicopter 1
3240,910,evacuee,,Evacuee;157;in triage state;G;is in helicopter;1
3240,1119,filterEvac,,
3240,1130,evacuee,outHelo,Evacuee 175 in triage category G is assigned helicopter 1
3240,1130,evacuee,,Evacuee;175;in triage state;G;is in helicopter;1
3240,1159,filterEvac,,;Evacuee;157;in triage category;G;is entering helicopter;1;Evacuee;166;in triage category;G;is entering helicopter;1;Evacuee;167;in triage category;G;is entering helicopter;1;Evacuee;172;in triage category;G;is entering helicopter;1;Evacuee;173;in triage category;G;is entering helicopter;1;Evacuee;175;in triage category;G;is entering helicopter;1;Evacuee;178;in triage category;G;is entering helicopter;1;Evacuee;180;in triage category;G;is entering helicopter;1;Evacuee;186;in triage category;G;is entering helicopter;1;Evacuee;189;in triage category;G;is entering helicopter;1
3240,1263,evacuee,outHelo,Evacuee 166 in triage category G is assigned helicopter 1
3240,1263,evacuee,,Evacuee;166;in triage state;G;is in helicopter;1
3240,1272,evacuee,outHelo,Evacuee 178 in triage category G is assigned helicopter 1
3240,1272,evacuee,,Evacuee;178;in triage state;G;is in helicopter;1
3240,1281,evacuee,outHelo,Evacuee 167 in triage category G is assigned helicopter 1
3240,1281,evacuee,,Evacuee;167;in triage state;G;is in helicopter;1
3240,1332,evacuee,outHelo,Evacuee 186 in triage category G is assigned helicopter 1
3240,1332,evacuee,,Evacuee;186;in triage state;G;is in helicopter;1
3240,1341,evacuee,outHelo,Evacuee 189 in triage category G is assigned helicopter 1
3240,1341,evacuee,,Evacuee;189;in triage state;G;is in helicopter;1
3240,1401,evacuee,outHelo,Evacuee 180 in triage category G is assigned helicopter 1
3240,1401,evacuee,,Evacuee;180;in triage state;G;is in helicopter;1
3240,1159,filterEvac,out,Evacuee 157 in triage category G is assigned helicopter 1
3240,1159,filterEvac,out,Evacuee 166 in triage category G is assigned helicopter 1
3240,1159,filterEvac,out,Evacuee 167 in triage category G is assigned helicopter 1
3240,1159,filterEvac,out,Evacuee 172 in triage category G is assigned helicopter 1
3240,1159,filterEvac,out,Evacuee 173 in triage category G is assigned helicopter 1
3240,1159,filterEvac,out,Evacuee 175 in triage category G is assigned helicopter 1
3240,1159,filterEvac,out,Evacuee 178 in triage category G is assigned helicopter 1
3240,1159,filterEvac,out,Evacuee 180 in triage category G is assigned helicopter 1
3240,1159,filterEvac,out,Evacuee 186 in triage category G is assigned helicopter 1
3240,1159,filterEvac,out,Evacuee 189 in triage category G is assigned helicopter 1
3240,1159,filterEvac,,
3240,1161,helicopter,,Helicopter;1;is loading people at the evacuation site;;and has;10;spots taken
3253.75,3,evacueeManager,,OFF SHIP: White;0;Green;88;Yellow;24;Red;8;Black;310;ON SHIP: White;0;Green;0;Yellow;0;Red;0;Evacuees to Transfer;
3253.75,1317,evacuee,outES,Evacuee 203 in triage category R is not assigned a helicopter
3253.75,1317,evacuee,,Evacuee;203;in triage state;B;is at the evacuation site
3255,4,helipadManager,outHelo,Helicopter 1 is evacuating people1
3255,4,helipadManager,,;No helos are at ES
3255,104,filterES,,
3255,1120,filterES,,
3255,1160,filterES,,Helicopter;1;is evacuating people
3255,4,helipadManager,outHQ,0
3255,4,helipadManager,,;No helos are at ES
3255,5,helicopterQueue,,;No helos are waiting to land
3255,1160,filterES,out,Helicopter 1 is evacuating people1
3255,1160,filterES,,
3255,1161,helicopter,,Helicopter;1;is loading people at the evacuation site;;and has;10;spots taken
3255,5,helicopterQueue,,;No helos are waiting to land
3255,1161,helicopter,,Helicopter;1;is returning to the FOL;;and has;10;spots taken
3257.89,3,evacueeManager,,OFF SHIP: White;0;Green;88;Yellow;24;Red;7;Black;311;ON SHIP: White;0;Green;0;Yellow;0;Red;0;Evacuees to Transfer;
3257.89,53,evacuee,outES,Evacuee 471 in triage category R is not assigned a helicopter
3257.89,53,evacuee,,Evacuee;471;in triage state;B;is at the evacuation site
3260.2,3,evacueeManager,,OFF SHIP: White;0;Green;88;Yellow;23;Red;8;Black;311;ON SHIP: White;0;Green;0;Yellow;0;Red;0;Evacuees to Transfer;
3260.2,1329,evacuee,outES,Evacuee 185 in triage category Y is not assigned a helicopter
3260.2,1329,evacuee,,Evacuee;185;in triage state;R;is at the evacuation site
3269.42,3,evacueeManager,,OFF SHIP: White;0;Green;88;Yellow;22;Red;9;Black;311;ON SHIP: White;0;Green;0;Yellow;0;Red;0;Evacuees to Transfer;
3269.42,415,evacuee,outES,Evacuee 278 in triage category Y is not assigned a helicopter
3269.42,415,evacuee,,Evacuee;278;in triage state;R;is at the evacuation site
3270,7,filterLoc,,
3270,10,filterLoc,,
3270,13,filterLoc,,
3270,16,filterLoc,,
3270,19,filterLoc,,
3270,22,filterLoc,,
3270,25,filterLoc,,
3270,28,filterLoc,,
3270,31,filterLoc,,
3270,34,filterLoc,,
3270,37,filterLoc,,
3270,40,filterLoc,,
3270,43,filterLoc,,
3270,46,filterLoc,,
3270,49,filterLoc,,
3270,52,filterLoc,,
3270,55,filterLoc,,
3270,58,filterLoc,,
3270,61,filterLoc,,
3270,64,filterLoc,,
3270,67,filterLoc,,
3270,70,filterLoc,,
3270,73,filterLoc,,
3270,76,filterLoc,,
3270,79,filterLoc,,
3270,82,filterLoc,,
3270,85,filterLoc,,
3270,88,filterLoc,,
3270,91,filterLoc,,
3270,94,filterLoc,,
3270,97,filterLoc,,
3270,100,filterLoc,,
3270,105,helicopter,outEvac,Evacuee 135 in triage category G is not assigned a helicopter
3270,105,helicopter,outEvac,Evacuee 137 in triage category G is not assigned a helicopter
3270,105,helicopter,outEvac,Evacuee 138 in triage category G is not assigned a helicopter
3270,105,helicopter,outEvac,Evacuee 139 in triage category G is not assigned a helicopter
3270,105,helicopter,outEvac,Evacuee 140 in triage category G is not assigned a helicopter
3270,105,helicopter,outEvac,Evacuee 141 in triage category G is not assigned a helicopter
3270,105,helicopter,outEvac,Evacuee 143 in triage category G is not assigned a helicopter
3270,105,helicopter,outEvac,Evacuee 146 in triage category G is not assigned a helicopter
3270,105,helicopter,outEvac,Evacuee 154 in triage category G is not assigned a helicopter
3270,105,helicopter,outEvac,Evacuee 155 in triage category G is not assigned a helicopter
3270,105,helicopter,,Helicopter;3;is unloading people at the FOL;;and has;0;spots taken
3270,107,filterLoc,,
3270,110,filterLoc,,
3270,113,filterLoc,,
3270,116,filterLoc,,
3270,119,filterLoc,,
3270,122,filterLoc,,
3270,125,filterLoc,,
3270,128,filterLoc,,
3270,131,filterLoc,,
3270,134,filterLoc,,
3270,137,filterLoc,,
3270,140,filterLoc,,
3270,143,filterLoc,,
3270,146,filterLoc,,
3270,149,filterLoc,,
3270,152,filterLoc,,
3270,155,filterLoc,,
3270,158,filterLoc,,
3270,161,filterLoc,,
3270,164,filterLoc,,
3270,167,filterLoc,,
3270,170,filterLoc,,
3270,173,filterLoc,,
3270,176,filterLoc,,
3270,179,filterLoc,,
3270,182,filterLoc,,
3270,185,filterLoc,,
3270,188,filterLoc,,
3270,191,filterLoc,,
3270,194,filterLoc,,
3270,197,filterLoc,,
3270,200,filterLoc,,
3270,203,filterLoc,,
3270,206,filterLoc,,
3270,209,filterLoc,,
3270,212,filterLoc,,
3270,215,filterLoc,,
3270,218,filterLoc,,
3270,221,filterLoc,,
3270,225,filterLoc,,
3270,228,filterLoc,,
3270,231,filterLoc,,
3270,234,filterLoc,,
3270,237,filterLoc,,
3270,240,filterLoc,,
3270,243,filterLoc,,
3270,246,filterLoc,,
3270,249,filterLoc,,
3270,252,filterLoc,,
3270,255,filterLoc,,
3270,258,filterLoc,,
3270,261,filterLoc,,
3270,264,filterLoc,,
3270,267,filterLoc,,
3270,270,filterLoc,,
3270,273,filterLoc,,
3270,276,filterLoc,,
3270,279,filterLoc,,
3270,282,filterLoc,,
3270,285,filterLoc,,
3270,288,filterLoc,,
3270,291,filterLoc,,
3270,294,filterLoc,,
3270,297,filterLoc,,
3270,300,filterLoc,,
3270,303,filterLoc,,
3270,306,filterLoc,,
3270,309,filterLoc,,
3270,312,filterLoc,,
3270,315,filterLoc,,
3270,318,filterLoc,,
3270,321,filterLoc,,
3270,324,filterLoc,,
3270,327,filterLoc,,
3270,330,filterLoc,,
3270,333,filterLoc,,
3270,336,filterLoc,,
3270,339,filterLoc,,
3270,342,filterLoc,,
3270,345,filterLoc,,
3270,348,filterLoc,,
3270,351,filterLoc,,
3270,354,filterLoc,,
3270,357,filterLoc,,
3270,360,filterLoc,,
3270,363,filterLoc,,
3270,366,filterLoc,,
3270,369,filterLoc,,
3270,372,filterLoc,,
3270,375,filterLoc,,
3270,378,filterLoc,,
3270,381,filterLoc,,
3270,384,filterLoc,,
3270,387,filterLoc,,
3270,390,filterLoc,,
3270,393,filterLoc,,
3270,396,filterLoc,,
3270,399,filterLoc,,
3270,402,filterLoc,,
3270,405,filterLoc,,
3270,408,filterLoc,,
3270,411,filterLoc,,
3270,414,filterLoc,,
3270,417,filterLoc,,
3270,420,filterLoc,,
3270,423,filterLoc,,
3270,426,filterLoc,,
3270,429,filterLoc,,
3270,432,filterLoc,,
3270,435,filterLoc,,
3270,438,filterLoc,,
3270,441,filterLoc,,
3270,444,filterLoc,,
3270,447,filterLoc,,
3270,450,filterLoc,,
3270,453,filterLoc,,
3270,456,filterLoc,,
3270,459,filterLoc,,
3270,462,filterLoc,,
3270,465,filterLoc,,
3270,468,filterLoc,,
3270,471,filterLoc,,
3270,474,filterLoc,,
3270,477,filterLoc,,
3270,480,filterLoc,,
3270,483,filterLoc,,
3270,486,filterLoc,,
3270,489,filterLoc,,
3270,492,filterLoc,,
3270,495,filterLoc,,
3270,498,filterLoc,,
3270,501,filterLoc,,
3270,504,filterLoc,,
3270,507,filterLoc,,
3270,510,filterLoc,,
3270,513,filterLoc,,
3270,516,filterLoc,,
3270,519,filterLoc,,
3270,522,filterLoc,,
3270,525,filterLoc,,
3270,528,filterLoc,,
3270,531,filterLoc,,
3270,534,filterLoc,,
3270,537,filterLoc,,
3270,540,filterLoc,,
3270,543,filterLoc,,
3270,546,filterLoc,,
3270,549,filterLoc,,
3270,552,filterLoc,,
3270,555,filterLoc,,
3270,558,filterLoc,,
3270,561,filterLoc,,
3270,564,filterLoc,,
3270,567,filterLoc,,
3270,570,filterLoc,,
3270,573,filterLoc,,
3270,576,filterLoc,,
3270,579,filterLoc,,
3270,582,filterLoc,,
3270,585,filterLoc,,
3270,588,filterLoc,,
3270,591,filterLoc,,
3270,594,filterLoc,,
3270,597,filterLoc,,
3270,600,filterLoc,,
3270,603,filterLoc,,
3270,606,filterLoc,,
3270,609,filterLoc,,
3270,612,filterLoc,,
3270,615,filterLoc,,
3270,618,filterLoc,,
3270,621,filterLoc,,
3270,624,filterLoc,,
3270,627,filterLoc,,
3270,630,filterLoc,,
3270,633,filterLoc,,
3270,636,filterLoc,,
3270,639,filterLoc,,
3270,642,filterLoc,,
3270,645,filterLoc,,
3270,648,filterLoc,,
3270,651,filterLoc,,
3270,654,filterLoc,,
3270,657,filterLoc,,
3270,660,filterLoc,,
3270,663,filterLoc,,
3270,666,filterLoc,,
3270,669,filterLoc,,
3270,672,filterLoc,,
3270,675,filterLoc,,
3270,678,filterLoc,,
3270,681,filterLoc,,
3270,684,filterLoc,,
3270,687,filterLoc,,
3270,690,filterLoc,,
3270,693,filterLoc,,
3270,696,filterLoc,,
3270,699,filterLoc,,
3270,702,filterLoc,,
3270,705,filterLoc,,
3270,708,filterLoc,,
3270,711,filterLoc,,
3270,714,filterLoc,,
3270,717,filterLoc,,;Evacuee;135;in triage category;G;is leaving helicopter;3
3270,720,filterLoc,,
3270,723,filterLoc,,
3270,726,filterLoc,,
3270,729,filterLoc,,
3270,732,filterLoc,,
3270,735,filterLoc,,
3270,738,filterLoc,,
3270,741,filterLoc,,
3270,744,filterLoc,,
3270,747,filterLoc,,
3270,750,filterLoc,,
3270,753,filterLoc,,
3270,756,filterLoc,,
3270,759,filterLoc,,
3270,762,filterLoc,,
3270,765,filterLoc,,
3270,768,filterLoc,,
3270,771,filterLoc,,
3270,774,filterLoc,,
3270,777,filterLoc,,
3270,780,filterLoc,,
3270,783,filterLoc,,;Evacuee;141;in triage category;G;is leaving helicopter;3
3270,786,filterLoc,,
3270,789,filterLoc,,
3270,792,filterLoc,,
3270,795,filterLoc,,
3270,798,filterLoc,,
3270,801,filterLoc,,
3270,804,filterLoc,,
3270,807,filterLoc,,
3270,810,filterLoc,,
3270,813,filterLoc,,
3270,816,filterLoc,,
3270,819,filterLoc,,
3270,822,filterLoc,,
3270,825,filterLoc,,
3270,828,filterLoc,,
3270,831,filterLoc,,
3270,834,filterLoc,,
3270,837,filterLoc,,
3270,840,filterLoc,,
3270,843,filterLoc,,
3270,846,filterLoc,,
3270,849,filterLoc,,
3270,852,filterLoc,,
3270,855,filterLoc,,
3270,858,filterLoc,,
3270,861,filterLoc,,
3270,864,filterLoc,,
3270,867,filterLoc,,
3270,870,filterLoc,,
3270,873,filterLoc,,
3270,876,filterLoc,,
3270,879,filterLoc,,
3270,882,filterLoc,,
3270,885,filterLoc,,
3270,888,filterLoc,,
3270,891,filterLoc,,
3270,894,filterLoc,,
3270,897,filterLoc,,
3270,900,filterLoc,,
3270,903,filterLoc,,
3270,906,filterLoc,,
3270,909,filterLoc,,
3270,912,filterLoc,,
3270,915,filterLoc,,
3270,918,filterLoc,,
3270,921,filterLoc,,
3270,924,filterLoc,,
3270,927,filterLoc,,
3270,930,filterLoc,,
3270,933,filterLoc,,
3270,936,filterLoc,,
3270,939,filterLoc,,
3270,942,filterLoc,,
3270,945,filterLoc,,
3270,948,filterLoc,,
3270,951,filterLoc,,
3270,954,filterLoc,,
3270,957,filterLoc,,
3270,960,filterLoc,,
3270,963,filterLoc,,
3270,966,filterLoc,,
3270,969,filterLoc,,
3270,972,filterLoc,,
3270,975,filterLoc,,
3270,978,filterLoc,,
3270,981,filterLoc,,
3270,984,filterLoc,,;Evacuee;154;in triage category;G;is leaving helicopter;3
3270,987,filterLoc,,
3270,990,filterLoc,,
3270,993,filterLoc,,
3270,996,filterLoc,,
3270,999,filterLoc,,
3270,1002,filterLoc,,
3270,1005,filterLoc,,
3270,1008,filterLoc,,
3270,1011,filterLoc,,
3270,1014,filterLoc,,
3270,1017,filterLoc,,
3270,1020,filterLoc,,
3270,1023,filterLoc,,
3270,1026,filterLoc,,
3270,1029,filterLoc,,
3270,1032,filterLoc,,
3270,1035,filterLoc,,
3270,1038,filterLoc,,
3270,1041,filterLoc,,
3270,1044,filterLoc,,
3270,1047,filterLoc,,
3270,1050,filterLoc,,
3270,1053,filterLoc,,;Evacuee;155;in triage category;G;is leaving helicopter;3
3270,1056,filterLoc,,
3270,1059,filterLoc,,
3270,1062,filterLoc,,
3270,1065,filterLoc,,
3270,1068,filterLoc,,
3270,1071,filterLoc,,
3270,1074,filterLoc,,
3270,1077,filterLoc,,
3270,1080,filterLoc,,
3270,1083,filterLoc,,
3270,1086,filterLoc,,
3270,1089,filterLoc,,
3270,1092,filterLoc,,
3270,1095,filterLoc,,
3270,1098,filterLoc,,
3270,1101,filterLoc,,
3270,1104,filterLoc,,
3270,1107,filterLoc,,
3270,1110,filterLoc,,
3270,1113,filterLoc,,
3270,1116,filterLoc,,
3270,1123,filterLoc,,
3270,1126,filterLoc,,
3270,1129,filterLoc,,
3270,1132,filterLoc,,
3270,1135,filterLoc,,
3270,1138,filterLoc,,
3270,1141,filterLoc,,
3270,1144,filterLoc,,
3270,1147,filterLoc,,
3270,1150,filterLoc,,
3270,1153,filterLoc,,
3270,1156,filterLoc,,
3270,1163,filterLoc,,
3270,1166,filterLoc,,
3270,1169,filterLoc,,
3270,1172,filterLoc,,
3270,1175,filterLoc,,
3270,1178,filterLoc,,
3270,1181,filterLoc,,
3270,1184,filterLoc,,
3270,1187,filterLoc,,
3270,1190,filterLoc,,
3270,1193,filterLoc,,;Evacuee;137;in triage category;G;is leaving helicopter;3
3270,1196,filterLoc,,;Evacuee;138;in triage category;G;is leaving helicopter;3
3270,1199,filterLoc,,
3270,1202,filterLoc,,;Evacuee;139;in triage category;G;is leaving helicopter;3
3270,1205,filterLoc,,
3270,1208,filterLoc,,;Evacuee;140;in triage category;G;is leaving helicopter;3
3270,1211,filterLoc,,
3270,1214,filterLoc,,;Evacuee;143;in triage category;G;is leaving helicopter;3
3270,1217,filterLoc,,
3270,1220,filterLoc,,
3270,1223,filterLoc,,
3270,1226,filterLoc,,
3270,1229,filterLoc,,
3270,1232,filterLoc,,
3270,1235,filterLoc,,
3270,1238,filterLoc,,
3270,1241,filterLoc,,
3270,1244,filterLoc,,
3270,1247,filterLoc,,
3270,1250,filterLoc,,
3270,1253,filterLoc,,
3270,1256,filterLoc,,
3270,1259,filterLoc,,
3270,1262,filterLoc,,
3270,1265,filterLoc,,
3270,1268,filterLoc,,
3270,1271,filterLoc,,
3270,1274,filterLoc,,
3270,1277,filterLoc,,;Evacuee;146;in triage category;G;is leaving helicopter;3
3270,1280,filterLoc,,
3270,1283,filterLoc,,
3270,1286,filterLoc,,
3270,1289,filterLoc,,
3270,1292,filterLoc,,
3270,1295,filterLoc,,
3270,1298,filterLoc,,
3270,1301,filterLoc,,
3270,1304,filterLoc,,
3270,1307,filterLoc,,
3270,1310,filterLoc,,
3270,1313,filterLoc,,
3270,1316,filterLoc,,
3270,1319,filterLoc,,
3270,1322,filterLoc,,
3270,1325,filterLoc,,
3270,1328,filterLoc,,
3270,1331,filterLoc,,
3270,1334,filterLoc,,
3270,1337,filterLoc,,
3270,1340,filterLoc,,
3270,1343,filterLoc,,
3270,1346,filterLoc,,
3270,1349,filterLoc,,
3270,1352,filterLoc,,
3270,1355,filterLoc,,
3270,1358,filterLoc,,
3270,1361,filterLoc,,
3270,1364,filterLoc,,
3270,1367,filterLoc,,
3270,1370,filterLoc,,
3270,1373,filterLoc,,
3270,1376,filterLoc,,
3270,1379,filterLoc,,
3270,1382,filterLoc,,
3270,1385,filterLoc,,
3270,1388,filterLoc,,
3270,1391,filterLoc,,
3270,1394,filterLoc,,
3270,1397,filterLoc,,
3270,1400,filterLoc,,
3270,1403,filterLoc,,
3270,1406,filterLoc,,
3270,1409,filterLoc,,
3270,1412,filterLoc,,
3270,1415,filterLoc,,
3270,1418,filterLoc,,
3270,1421,filterLoc,,
3270,1424,filterLoc,,
3270,1427,filterLoc,,
3270,1430,filterLoc,,
3270,1433,filterLoc,,
3270,1436,filterLoc,,
3270,1439,filterLoc,,
3270,1442,filterLoc,,
3270,1445,filterLoc,,
3270,1448,filterLoc,,
3270,1451,filterLoc,,
3270,1454,filterLoc,,
3270,1457,filterLoc,,
3270,1460,filterLoc,,
3270,1463,filterLoc,,
3270,1466,filterLoc,,
3270,1469,filterLoc,,
3270,1472,filterLoc,,
3270,1475,filterLoc,,
3270,1478,filterLoc,,
3270,1481,filterLoc,,
3270,1484,filterLoc,,
3270,1487,filterLoc,,
3270,1490,filterLoc,,
3270,1493,filterLoc,,
3270,1496,filterLoc,,
3270,1499,filterLoc,,
3270,1502,filterLoc,,
3270,1505,filterLoc,,
3270,1508,filterLoc,,
3270,1511,filterLoc,,
3270,1514,filterLoc,,
3270,1517,filterLoc,,
3270,717,filterLoc,out,Evacuee 135 in triage category G is not assigned a helicopter
3270,717,filterLoc,,
3270,718,evacuee,,Evacuee;135;in triage state;G;is entering the FOL
3270,783,filterLoc,out,Evacuee 141 in triage category G is not assigned a helicopter
3270,783,filterLoc,,
3270,784,evacuee,,Evacuee;141;in triage state;G;is entering the FOL
3270,984,filterLoc,out,Evacuee 154 in triage category G is not assigned a helicopter
3270,984,filterLoc,,
3270,985,evacuee,,Evacuee;154;in triage state;G;is entering the FOL
3270,1053,filterLoc,out,Evacuee 155 in triage category G is not assigned a helicopter
3270,1053,filterLoc,,
3270,1054,evacuee,,Evacuee;155;in triage state;G;is entering the FOL
3270,1193,filterLoc,out,Evacuee 137 in triage category G is not assigned a helicopter
3270,1193,filterLoc,,
3270,1194,evacuee,,Evacuee;137;in triage state;G;is entering the FOL
3270,1196,filterLoc,out,Evacuee 138 in triage category G is not assigned a helicopter
3270,1196,filterLoc,,
3270,1197,evacuee,,Evacuee;138;in triage state;G;is entering the FOL
3270,1202,filterLoc,out,Evacuee 139 in triage category G is not assigned a helicopter
3270,1202,filterLoc,,
3270,1203,evacuee,,Evacuee;139;in triage state;G;is entering the FOL
3270,1208,filterLoc,out,Evacuee 140 in triage category G is not assigned a helicopter
3270,1208,filterLoc,,
3270,1209,evacuee,,Evacuee;140;in triage state;G;is entering the FOL
3270,1214,filterLoc,out,Evacuee 143 in triage category G is not assigned a helicopter
3270,1214,filterLoc,,
3270,1215,evacuee,,Evacuee;143;in triage state;G;is entering the FOL
3270,1277,filterLoc,out,Evacuee 146 in triage category G is not assigned a helicopter
3270,1277,filterLoc,,
3270,1278,evacuee,,Evacuee;146;in triage state;G;is entering the FOL
3270,223,FOL,,;EvacueeID;3;Triage Status;G;EvacueeID;5;Triage Status;G;EvacueeID;6;Triage Status;G;EvacueeID;7;Triage Status;G;EvacueeID;8;Triage Status;G;EvacueeID;16;Triage Status;G;EvacueeID;20;Triage Status;G;EvacueeID;21;Triage Status;G;EvacueeID;27;Triage Status;G;EvacueeID;35;Triage Status;G;EvacueeID;36;Triage Status;G;EvacueeID;39;Triage Status;G;EvacueeID;41;Triage Status;G;EvacueeID;42;Triage Status;G;EvacueeID;47;Triage Status;G;EvacueeID;49;Triage Status;G;EvacueeID;51;Triage Status;G;EvacueeID;52;Triage Status;G;EvacueeID;56;Triage Status;G;EvacueeID;62;Triage Status;G;EvacueeID;63;Triage Status;G;EvacueeID;66;Triage Status;G;EvacueeID;68;Triage Status;G;EvacueeID;69;Triage Status;G;EvacueeID;70;Triage Status;G;EvacueeID;72;Triage Status;G;EvacueeID;79;Triage Status;G;EvacueeID;80;Triage Status;G;EvacueeID;84;Triage Status;G;EvacueeID;86;Triage Status;G;EvacueeID;87;Triage Status;G;EvacueeID;89;Triage Status;G;EvacueeID;94;Triage Status;G;EvacueeID;96;Triage Status;G;EvacueeID;97;Triage Status;G;EvacueeID;101;Triage Status;G;EvacueeID;103;Triage Status;G;EvacueeID;107;Triage Status;G;EvacueeID;110;Triage Status;G;EvacueeID;111;Triage Status;G;EvacueeID;113;Triage Status;G;EvacueeID;115;Triage Status;G;EvacueeID;118;Triage Status;G;EvacueeID;120;Triage Status;G;EvacueeID;124;Triage Status;G;EvacueeID;128;Triage Status;G;EvacueeID;130;Triage Status;G;EvacueeID;132;Triage Status;G;EvacueeID;133;Triage Status;G;EvacueeID;134;Triage Status;G;EvacueeID;135;Triage Status;G;EvacueeID;137;Triage Status;G;EvacueeID;138;Triage Status;G;EvacueeID;139;Triage Status;G;EvacueeID;140;Triage Status;G;EvacueeID;141;Triage Status;G;EvacueeID;143;Triage Status;G;EvacueeID;146;Triage Status;G;EvacueeID;154;Triage Status;G;EvacueeID;155;Triage Status;G;Lives Saved;60
3270,718,evacuee,outFOL,Evacuee 135 in triage category G is not assigned a helicopter
3270,718,evacuee,,Evacuee;135;in triage state;G;is at the FOL
3270,784,evacuee,outFOL,Evacuee 141 in triage category G is not assigned a helicopter
3270,784,evacuee,,Evacuee;141;in triage state;G;is at the FOL
3270,985,evacuee,outFOL,Evacuee 154 in triage category G is not assigned a helicopter
3270,985,evacuee,,Evacuee;154;in triage state;G;is at the FOL
3270,1054,evacuee,outFOL,Evacuee 155 in triage category G is not assigned a helicopter
3270,1054,evacuee,,Evacuee;155;in triage state;G;is at the FOL
3270,1194,evacuee,outFOL,Evacuee 137 in triage category G is not assigned a helicopter
3270,1194,evacuee,,Evacuee;137;in triage state;G;is at the FOL
3270,1197,evacuee,outFOL,Evacuee 138 in triage category G is not assigned a helicopter
3270,1197,evacuee,,Evacuee;138;in triage state;G;is at the FOL
3270,1203,evacuee,outFOL,Evacuee 139 in triage category G is not assigned a helicopter
3270,1203,evacuee,,Evacuee;139;in triage state;G;is at the FOL
3270,1209,evacuee,outFOL,Evacuee 140 in triage category G is not assigned a helicopter
3270,1209,evacuee,,Evacuee;140;in triage state;G;is at the FOL
3270,1215,evacuee,outFOL,Evacuee 143 in triage category G is not assigned a helicopter
3270,1215,evacuee,,Evacuee;143;in triage state;G;is at the FOL
3270,1278,evacuee,outFOL,Evacuee 146 in triage category G is not assigned a helicopter
3270,1278,evacuee,,Evacuee;146;in triage state;G;is at the FOL
3270,223,FOL,,;EvacueeID;3;Triage Status;G;EvacueeID;5;Triage Status;G;EvacueeID;6;Triage Status;G;EvacueeID;7;Triage Status;G;EvacueeID;8;Triage Status;G;EvacueeID;16;Triage Status;G;EvacueeID;20;Triage Status;G;EvacueeID;21;Triage Status;G;EvacueeID;27;Triage Status;G;EvacueeID;35;Triage Status;G;EvacueeID;36;Triage Status;G;EvacueeID;39;Triage Status;G;EvacueeID;41;Triage Status;G;EvacueeID;42;Triage Status;G;EvacueeID;47;Triage Status;G;EvacueeID;49;Triage Status;G;EvacueeID;51;Triage Status;G;EvacueeID;52;Triage Status;G;EvacueeID;56;Triage Status;G;EvacueeID;62;Triage Status;G;EvacueeID;63;Triage Status;G;EvacueeID;66;Triage Status;G;EvacueeID;68;Triage Status;G;EvacueeID;69;Triage Status;G;EvacueeID;70;Triage Status;G;EvacueeID;72;Triage Status;G;EvacueeID;79;Triage Status;G;EvacueeID;80;Triage Status;G;EvacueeID;84;Triage Status;G;EvacueeID;86;Triage Status;G;EvacueeID;87;Triage Status;G;EvacueeID;89;Triage Status;G;EvacueeID;94;Triage Status;G;EvacueeID;96;Triage Status;G;EvacueeID;97;Triage Status;G;EvacueeID;101;Triage Status;G;EvacueeID;103;Triage Status;G;EvacueeID;107;Triage Status;G;EvacueeID;110;Triage Status;G;EvacueeID;111;Triage Status;G;EvacueeID;113;Triage Status;G;EvacueeID;115;Triage Status;G;EvacueeID;118;Triage Status;G;EvacueeID;120;Triage Status;G;EvacueeID;124;Triage Status;G;EvacueeID;128;Triage Status;G;EvacueeID;130;Triage Status;G;EvacueeID;132;Triage Status;G;EvacueeID;133;Triage Status;G;EvacueeID;134;Triage Status;G;EvacueeID;135;Triage Status;G;EvacueeID;137;Triage Status;G;EvacueeID;138;Triage Status;G;EvacueeID;139;Triage Status;G;EvacueeID;140;Triage Status;G;EvacueeID;141;Triage Status;G;EvacueeID;143;Triage Status;G;EvacueeID;146;Triage Status;G;EvacueeID;154;Triage Status;G;EvacueeID;155;Triage Status;G;Lives Saved;60
3281.97,3,evacueeManager,,OFF SHIP: White;0;Green;88;Yellow;21;Red;10;Black;311;ON SHIP: White;0;Green;0;Yellow;0;Red;0;Evacuees to Transfer;
3281.97,1467,evacuee,outES,Evacuee 236 in triage category Y is not assigned a helicopter
3281.97,1467,evacuee,,Evacuee;236;in triage state;R;is at the evacuation site
3285,105,helicopter,,Helicopter;3;Is going to the evacuation site;;and has;0;spots taken
3285.6,3,evacueeManager,,OFF SHIP: White;0;Green;88;Yellow;20;Red;11;Black;311;ON SHIP: White;0;Green;0;Yellow;0;Red;0;Evacuees to Transfer;
3285.6,1398,evacuee,outES,Evacuee 323 in triage category Y is not assigned a helicopter
3285.6,1398,evacuee,,Evacuee;323;in triage state;R;is at the evacuation site
3290.05,3,evacueeManager,,OFF SHIP: White;0;Green;88;Yellow;20;Red;10;Black;312;ON SHIP: White;0;Green;0;Yellow;0;Red;0;Evacuees to Transfer;
3290.05,198,evacuee,outES,Evacuee 427 in triage category R is not assigned a helicopter
3290.05,198,evacuee,,Evacuee;427;in triage state;B;is at the evacuation site
3295.86,3,evacueeManager,,OFF SHIP: White;0;Green;88;Yellow;20;Red;9;Black;313;ON SHIP: White;0;Green;0;Yellow;0;Red;0;Evacuees to Transfer;
3295.86,1467,evacuee,outES,Evacuee 236 in triage category R is not assigned a helicopter
3295.86,1467,evacuee,,Evacuee;236;in triage state;B;is at the evacuation site
3300,5,helicopterQueue,,1;Helos are waiting to land;HeloID;2
3300,1121,helicopter,outES,Helicopter 2 is evacuating people2
3300,1121,helicopter,,Helicopter;2;is waiting to land at the evacuation site;;and has;0;spots taken
3300,4,helipadManager,,;No helos are at ES
3300,5,helicopterQueue,outHM,Helicopter 2 is evacuating people2
3300,5,helicopterQueue,outHelo,Helicopter 2 is evacuating people2
3300,5,helicopterQueue,,;No helos are waiting to land
3300,104,filterES,,
3300,1120,filterES,,Helicopter;2;is evacuating people
3300,1160,filterES,,
3300,3,evacueeManager,,OFF SHIP: White;0;Green;78;Yellow;20;Red;9;Black;313;ON SHIP: White;0;Green;0;Yellow;0;Red;0;Evacuees to Transfer;;EvacueeID;191;HeloID;2;OnShip;0;Triage Status;G;EvacueeID;194;HeloID;2;OnShip;0;Triage Status;G;EvacueeID;196;HeloID;2;OnShip;0;Triage Status;G;EvacueeID;198;HeloID;2;OnShip;0;Triage Status;G;EvacueeID;199;HeloID;2;OnShip;0;Triage Status;G;EvacueeID;206;HeloID;2;OnShip;0;Triage Status;G;EvacueeID;207;HeloID;2;OnShip;0;Triage Status;G;EvacueeID;211;HeloID;2;OnShip;0;Triage Status;G;EvacueeID;217;HeloID;2;OnShip;0;Triage Status;G;EvacueeID;223;HeloID;2;OnShip;0;Triage Status;G
3300,4,helipadManager,outEM,Helicopter 2 is evacuating people2
3300,4,helipadManager,,Helo;2;is at the ES
3300,1120,filterES,out,Helicopter 2 is evacuating people2
3300,1120,filterES,,
3300,1121,helicopter,,Helicopter;2;is waiting to land at the evacuation site;;and has;0;spots taken
3300,3,evacueeManager,outEvac,Evacuee 191 in triage category G is assigned helicopter 2
3300,3,evacueeManager,outEvac,Evacuee 194 in triage category G is assigned helicopter 2
3300,3,evacueeManager,outEvac,Evacuee 196 in triage category G is assigned helicopter 2
3300,3,evacueeManager,outEvac,Evacuee 198 in triage category G is assigned helicopter 2
3300,3,evacueeManager,outEvac,Evacuee 199 in triage category G is assigned helicopter 2
3300,3,evacueeManager,outEvac,Evacuee 206 in triage category G is assigned helicopter 2
3300,3,evacueeManager,outEvac,Evacuee 207 in triage category G is assigned helicopter 2
3300,3,evacueeManager,outEvac,Evacuee 211 in triage category G is assigned helicopter 2
3300,3,evacueeManager,outEvac,Evacuee 217 in triage category G is assigned helicopter 2
3300,3,evacueeManager,outEvac,Evacuee 223 in triage category G is assigned helicopter 2
3300,3,evacueeManager,,OFF SHIP: White;0;Green;78;Yellow;20;Red;9;Black;313;ON SHIP: White;0;Green;0;Yellow;0;Red;0;Evacuees to Transfer;
3300,7,filterLoc,,
3300,10,filterLoc,,
3300,13,filterLoc,,
3300,16,filterLoc,,
3300,19,filterLoc,,
3300,22,filterLoc,,
3300,25,filterLoc,,
3300,28,filterLoc,,
3300,31,filterLoc,,
3300,34,filterLoc,,
3300,37,filterLoc,,
3300,40,filterLoc,,
3300,43,filterLoc,,
3300,46,filterLoc,,
3300,49,filterLoc,,
3300,52,filterLoc,,
3300,55,filterLoc,,
3300,58,filterLoc,,
3300,61,filterLoc,,
3300,64,filterLoc,,
3300,67,filterLoc,,
3300,70,filterLoc,,
3300,73,filterLoc,,
3300,76,filterLoc,,
3300,79,filterLoc,,
3300,82,filterLoc,,
3300,85,filterLoc,,
3300,88,filterLoc,,
3300,91,filterLoc,,
3300,94,filterLoc,,
3300,97,filterLoc,,
3300,100,filterLoc,,
3300,107,filterLoc,,
3300,110,filterLoc,,
3300,113,filterLoc,,
3300,116,filterLoc,,
3300,119,filterLoc,,
3300,122,filterLoc,,
3300,125,filterLoc,,
3300,128,filterLoc,,
3300,131,filterLoc,,
3300,134,filterLoc,,
3300,137,filterLoc,,
3300,140,filterLoc,,
3300,143,filterLoc,,
3300,146,filterLoc,,
3300,149,filterLoc,,
3300,152,filterLoc,,
3300,155,filterLoc,,
3300,158,filterLoc,,
3300,161,filterLoc,,
3300,164,filterLoc,,
3300,167,filterLoc,,
3300,170,filterLoc,,
3300,173,filterLoc,,
3300,176,filterLoc,,
3300,179,filterLoc,,
3300,182,filterLoc,,
3300,185,filterLoc,,
3300,188,filterLoc,,
3300,191,filterLoc,,
3300,194,filterLoc,,
3300,197,filterLoc,,
3300,200,filterLoc,,
3300,203,filterLoc,,
3300,206,filterLoc,,
3300,209,filterLoc,,
3300,212,filterLoc,,
3300,215,filterLoc,,
3300,218,filterLoc,,
3300,221,filterLoc,,
3300,225,filterLoc,,
3300,228,filterLoc,,
3300,231,filterLoc,,
3300,234,filterLoc,,
3300,237,filterLoc,,
3300,240,filterLoc,,
3300,243,filterLoc,,
3300,246,filterLoc,,
3300,249,filterLoc,,
3300,252,filterLoc,,
3300,255,filterLoc,,
3300,258,filterLoc,,
3300,261,filterLoc,,
3300,264,filterLoc,,
3300,267,filterLoc,,
3300,270,filterLoc,,
3300,273,filterLoc,,
3300,276,filterLoc,,
3300,279,filterLoc,,
3300,282,filterLoc,,
3300,285,filterLoc,,
3300,288,filterLoc,,
3300,291,filterLoc,,
3300,294,filterLoc,,
3300,297,filterLoc,,
3300,300,filterLoc,,
3300,303,filterLoc,,
3300,306,filterLoc,,
3300,309,filterLoc,,
3300,312,filterLoc,,
3300,315,filterLoc,,
3300,318,filterLoc,,
3300,321,filterLoc,,
3300,324,filterLoc,,
3300,327,filterLoc,,
3300,330,filterLoc,,
3300,333,filterLoc,,
3300,336,filterLoc,,
3300,339,filterLoc,,
3300,342,filterLoc,,
3300,345,filterLoc,,
3300,348,filterLoc,,
3300,351,filterLoc,,
3300,354,filterLoc,,
3300,357,filterLoc,,
3300,360,filterLoc,,
3300,363,filterLoc,,
3300,366,filterLoc,,
3300,369,filterLoc,,
3300,372,filterLoc,,
3300,375,filterLoc,,
3300,378,filterLoc,,
3300,381,filterLoc,,
3300,384,filterLoc,,
3300,387,filterLoc,,
3300,390,filterLoc,,
3300,393,filterLoc,,
3300,396,filterLoc,,
3300,399,filterLoc,,
3300,402,filterLoc,,
3300,405,filterLoc,,
3300,408,filterLoc,,
3300,411,filterLoc,,
3300,414,filterLoc,,
3300,417,filterLoc,,
3300,420,filterLoc,,
3300,423,filterLoc,,
3300,426,filterLoc,,
3300,429,filterLoc,,
3300,432,filterLoc,,
3300,435,filterLoc,,
3300,438,filterLoc,,
3300,441,filterLoc,,
3300,444,filterLoc,,
3300,447,filterLoc,,
3300,450,filterLoc,,
3300,453,filterLoc,,
3300,456,filterLoc,,
3300,459,filterLoc,,
3300,462,filterLoc,,
3300,465,filterLoc,,
3300,468,filterLoc,,
3300,471,filterLoc,,
3300,474,filterLoc,,
3300,477,filterLoc,,
3300,480,filterLoc,,
3300,483,filterLoc,,
3300,486,filterLoc,,
3300,489,filterLoc,,
3300,492,filterLoc,,
3300,495,filterLoc,,
3300,498,filterLoc,,
3300,501,filterLoc,,
3300,504,filterLoc,,
3300,507,filterLoc,,
3300,510,filterLoc,,
3300,513,filterLoc,,
3300,516,filterLoc,,
3300,519,filterLoc,,
3300,522,filterLoc,,
3300,525,filterLoc,,
3300,528,filterLoc,,
3300,531,filterLoc,,
3300,534,filterLoc,,
3300,537,filterLoc,,
3300,540,filterLoc,,
3300,543,filterLoc,,
3300,546,filterLoc,,
3300,549,filterLoc,,
3300,552,filterLoc,,
3300,555,filterLoc,,
3300,558,filterLoc,,
3300,561,filterLoc,,
3300,564,filterLoc,,
3300,567,filterLoc,,
3300,570,filterLoc,,
3300,573,filterLoc,,
3300,576,filterLoc,,
3300,579,filterLoc,,
3300,582,filterLoc,,
3300,585,filterLoc,,
3300,588,filterLoc,,
3300,591,filterLoc,,
3300,594,filterLoc,,
3300,597,filterLoc,,
3300,600,filterLoc,,
3300,603,filterLoc,,
3300,606,filterLoc,,
3300,609,filterLoc,,
3300,612,filterLoc,,
3300,615,filterLoc,,
3300,618,filterLoc,,
3300,621,filterLoc,,
3300,624,filterLoc,,
3300,627,filterLoc,,
3300,630,filterLoc,,
3300,633,filterLoc,,
3300,636,filterLoc,,
3300,639,filterLoc,,
3300,642,filterLoc,,
3300,645,filterLoc,,
3300,648,filterLoc,,
3300,651,filterLoc,,
3300,654,filterLoc,,
3300,657,filterLoc,,
3300,660,filterLoc,,
3300,663,filterLoc,,
3300,666,filterLoc,,
3300,669,filterLoc,,
3300,672,filterLoc,,
3300,675,filterLoc,,
3300,678,filterLoc,,
3300,681,filterLoc,,
3300,684,filterLoc,,
3300,687,filterLoc,,
3300,690,filterLoc,,
3300,693,filterLoc,,
3300,696,filterLoc,,
3300,699,filterLoc,,
3300,702,filterLoc,,
3300,705,filterLoc,,;Evacuee;199;in triage category;G;is entering helicopter;2
3300,708,filterLoc,,
3300,711,filterLoc,,
3300,714,filterLoc,,;Evacuee;223;in triage category;G;is entering helicopter;2
3300,717,filterLoc,,
3300,720,filterLoc,,
3300,723,filterLoc,,
3300,726,filterLoc,,
3300,729,filterLoc,,
3300,732,filterLoc,,
3300,735,filterLoc,,
3300,738,filterLoc,,
3300,741,filterLoc,,
3300,744,filterLoc,,
3300,747,filterLoc,,
3300,750,filterLoc,,
3300,753,filterLoc,,
3300,756,filterLoc,,
3300,759,filterLoc,,
3300,762,filterLoc,,
3300,765,filterLoc,,
3300,768,filterLoc,,
3300,771,filterLoc,,
3300,774,filterLoc,,
3300,777,filterLoc,,
3300,780,filterLoc,,
3300,783,filterLoc,,
3300,786,filterLoc,,
3300,789,filterLoc,,
3300,792,filterLoc,,
3300,795,filterLoc,,
3300,798,filterLoc,,
3300,801,filterLoc,,
3300,804,filterLoc,,
3300,807,filterLoc,,
3300,810,filterLoc,,
3300,813,filterLoc,,
3300,816,filterLoc,,
3300,819,filterLoc,,
3300,822,filterLoc,,
3300,825,filterLoc,,
3300,828,filterLoc,,
3300,831,filterLoc,,
3300,834,filterLoc,,
3300,837,filterLoc,,
3300,840,filterLoc,,
3300,843,filterLoc,,
3300,846,filterLoc,,
3300,849,filterLoc,,
3300,852,filterLoc,,
3300,855,filterLoc,,
3300,858,filterLoc,,
3300,861,filterLoc,,
3300,864,filterLoc,,
3300,867,filterLoc,,
3300,870,filterLoc,,
3300,873,filterLoc,,
3300,876,filterLoc,,
3300,879,filterLoc,,
3300,882,filterLoc,,
3300,885,filterLoc,,
3300,888,filterLoc,,
3300,891,filterLoc,,
3300,894,filterLoc,,
3300,897,filterLoc,,
3300,900,filterLoc,,
3300,903,filterLoc,,
3300,906,filterLoc,,
3300,909,filterLoc,,
3300,912,filterLoc,,
3300,915,filterLoc,,
3300,918,filterLoc,,
3300,921,filterLoc,,;Evacuee;196;in triage category;G;is entering helicopter;2
3300,924,filterLoc,,
3300,927,filterLoc,,
3300,930,filterLoc,,
3300,933,filterLoc,,
3300,936,filterLoc,,
3300,939,filterLoc,,
3300,942,filterLoc,,
3300,945,filterLoc,,
3300,948,filterLoc,,
3300,951,filterLoc,,
3300,954,filterLoc,,
3300,957,filterLoc,,
3300,960,filterLoc,,
3300,963,filterLoc,,
3300,966,filterLoc,,
3300,969,filterLoc,,
3300,972,filterLoc,,
3300,975,filterLoc,,
3300,978,filterLoc,,
3300,981,filterLoc,,
3300,984,filterLoc,,
3300,987,filterLoc,,
3300,990,filterLoc,,
3300,993,filterLoc,,
3300,996,filterLoc,,
3300,999,filterLoc,,
3300,1002,filterLoc,,
3300,1005,filterLoc,,
3300,1008,filterLoc,,
3300,1011,filterLoc,,
3300,1014,filterLoc,,
3300,1017,filterLoc,,
3300,1020,filterLoc,,
3300,1023,filterLoc,,
3300,1026,filterLoc,,
3300,1029,filterLoc,,
3300,1032,filterLoc,,
3300,1035,filterLoc,,
3300,1038,filterLoc,,
3300,1041,filterLoc,,
3300,1044,filterLoc,,
3300,1047,filterLoc,,
3300,1050,filterLoc,,
3300,1053,filterLoc,,
3300,1056,filterLoc,,
3300,1059,filterLoc,,;Evacuee;198;in triage category;G;is entering helicopter;2
3300,1062,filterLoc,,
3300,1065,filterLoc,,
3300,1068,filterLoc,,
3300,1071,filterLoc,,
3300,1074,filterLoc,,
3300,1077,filterLoc,,
3300,1080,filterLoc,,
3300,1083,filterLoc,,
3300,1086,filterLoc,,
3300,1089,filterLoc,,
3300,1092,filterLoc,,
3300,1095,filterLoc,,
3300,1098,filterLoc,,
3300,1101,filterLoc,,
3300,1104,filterLoc,,
3300,1107,filterLoc,,
3300,1110,filterLoc,,
3300,1113,filterLoc,,
3300,1116,filterLoc,,
3300,1121,helicopter,,Helicopter;2;is loading people at the evacuation site;;and has;0;spots taken
3300,1123,filterLoc,,
3300,1126,filterLoc,,
3300,1129,filterLoc,,
3300,1132,filterLoc,,
3300,1135,filterLoc,,
3300,1138,filterLoc,,
3300,1141,filterLoc,,
3300,1144,filterLoc,,
3300,1147,filterLoc,,
3300,1150,filterLoc,,
3300,1153,filterLoc,,
3300,1156,filterLoc,,
3300,1163,filterLoc,,
3300,1166,filterLoc,,
3300,1169,filterLoc,,
3300,1172,filterLoc,,
3300,1175,filterLoc,,
3300,1178,filterLoc,,
3300,1181,filterLoc,,
3300,1184,filterLoc,,
3300,1187,filterLoc,,
3300,1190,filterLoc,,
3300,1193,filterLoc,,
3300,1196,filterLoc,,
3300,1199,filterLoc,,
3300,1202,filterLoc,,
3300,1205,filterLoc,,;Evacuee;194;in triage category;G;is entering helicopter;2
3300,1208,filterLoc,,
3300,1211,filterLoc,,
3300,1214,filterLoc,,
3300,1217,filterLoc,,
3300,1220,filterLoc,,
3300,1223,filterLoc,,
3300,1226,filterLoc,,
3300,1229,filterLoc,,
3300,1232,filterLoc,,
3300,1235,filterLoc,,
3300,1238,filterLoc,,
3300,1241,filterLoc,,
3300,1244,filterLoc,,
3300,1247,filterLoc,,
3300,1250,filterLoc,,
3300,1253,filterLoc,,
3300,1256,filterLoc,,
3300,1259,filterLoc,,
3300,1262,filterLoc,,
3300,1265,filterLoc,,
3300,1268,filterLoc,,
3300,1271,filterLoc,,
3300,1274,filterLoc,,
3300,1277,filterLoc,,
3300,1280,filterLoc,,
3300,1283,filterLoc,,
3300,1286,filterLoc,,
3300,1289,filterLoc,,
3300,1292,filterLoc,,
3300,1295,filterLoc,,
3300,1298,filterLoc,,
3300,1301,filterLoc,,
3300,1304,filterLoc,,
3300,1307,filterLoc,,
3300,1310,filterLoc,,
3300,1313,filterLoc,,
3300,1316,filterLoc,,
3300,1319,filterLoc,,
3300,1322,filterLoc,,
3300,1325,filterLoc,,
3300,1328,filterLoc,,
3300,1331,filterLoc,,
3300,1334,filterLoc,,
3300,1337,filterLoc,,;Evacuee;217;in triage category;G;is entering helicopter;2
3300,1340,filterLoc,,
3300,1343,filterLoc,,
3300,1346,filterLoc,,;Evacuee;191;in triage category;G;is entering helicopter;2
3300,1349,filterLoc,,
3300,1352,filterLoc,,
3300,1355,filterLoc,,
3300,1358,filterLoc,,
3300,1361,filterLoc,,
3300,1364,filterLoc,,
3300,1367,filterLoc,,
3300,1370,filterLoc,,
3300,1373,filterLoc,,
3300,1376,filterLoc,,
3300,1379,filterLoc,,
3300,1382,filterLoc,,
3300,1385,filterLoc,,
3300,1388,filterLoc,,
3300,1391,filterLoc,,
3300,1394,filterLoc,,
3300,1397,filterLoc,,
3300,1400,filterLoc,,
3300,1403,filterLoc,,;Evacuee;206;in triage category;G;is entering helicopter;2
3300,1406,filterLoc,,
3300,1409,filterLoc,,;Evacuee;207;in triage category;G;is entering helicopter;2
3300,1412,filterLoc,,
3300,1415,filterLoc,,;Evacuee;211;in triage category;G;is entering helicopter;2
3300,1418,filterLoc,,
3300,1421,filterLoc,,
3300,1424,filterLoc,,
3300,1427,filterLoc,,
3300,1430,filterLoc,,
3300,1433,filterLoc,,
3300,1436,filterLoc,,
3300,1439,filterLoc,,
3300,1442,filterLoc,,
3300,1445,filterLoc,,
3300,1448,filterLoc,,
3300,1451,filterLoc,,
3300,1454,filterLoc,,
3300,1457,filterLoc,,
3300,1460,filterLoc,,
3300,1463,filterLoc,,
3300,1466,filterLoc,,
3300,1469,filterLoc,,
3300,1472,filterLoc,,
3300,1475,filterLoc,,
3300,1478,filterLoc,,
3300,1481,filterLoc,,
3300,1484,filterLoc,,
3300,1487,filterLoc,,
3300,1490,filterLoc,,
3300,1493,filterLoc,,
3300,1496,filterLoc,,
3300,1499,filterLoc,,
3300,1502,filterLoc,,
3300,1505,filterLoc,,
3300,1508,filterLoc,,
3300,1511,filterLoc,,
3300,1514,filterLoc,,
3300,1517,filterLoc,,
3300,705,filterLoc,out,Evacuee 199 in triage category G is assigned helicopter 2
3300,705,filterLoc,,
3300,706,evacuee,,Evacuee;199;in triage state;G;is entering helicopter;2
3300,714,filterLoc,out,Evacuee 223 in triage category G is assigned helicopter 2
3300,714,filterLoc,,
3300,715,evacuee,,Evacuee;223;in triage state;G;is entering helicopter;2
3300,921,filterLoc,out,Evacuee 196 in triage category G is assigned helicopter 2
3300,921,filterLoc,,
3300,922,evacuee,,Evacuee;196;in triage state;G;is entering helicopter;2
3300,1059,filterLoc,out,Evacuee 198 in triage category G is assigned helicopter 2
3300,1059,filterLoc,,
3300,1060,evacuee,,Evacuee;198;in triage state;G;is entering helicopter;2
3300,1205,filterLoc,out,Evacuee 194 in triage category G is assigned helicopter 2
3300,1205,filterLoc,,
3300,1206,evacuee,,Evacuee;194;in triage state;G;is entering helicopter;2
3300,1337,filterLoc,out,Evacuee 217 in triage category G is assigned helicopter 2
3300,1337,filterLoc,,
3300,1338,evacuee,,Evacuee;217;in triage state;G;is entering helicopter;2
3300,1346,filterLoc,out,Evacuee 191 in triage category G is assigned helicopter 2
3300,1346,filterLoc,,
3300,1347,evacuee,,Evacuee;191;in triage state;G;is entering helicopter;2
3300,1403,filterLoc,out,Evacuee 206 in triage category G is assigned helicopter 2
3300,1403,filterLoc,,
3300,1404,evacuee,,Evacuee;206;in triage state;G;is entering helicopter;2
3300,1409,filterLoc,out,Evacuee 207 in triage category G is assigned helicopter 2
3300,1409,filterLoc,,
3300,1410,evacuee,,Evacuee;207;in triage state;G;is entering helicopter;2
3300,1415,filterLoc,out,Evacuee 211 in triage category G is assigned helicopter 2
3300,1415,filterLoc,,
3300,1416,evacuee,,Evacuee;211;in triage state;G;is entering helicopter;2
3300,103,filterEvac,,
3300,706,evacuee,outHelo,Evacuee 199 in triage category G is assigned helicopter 2
3300,706,evacuee,,Evacuee;199;in triage state;G;is in helicopter;2
3300,715,evacuee,outHelo,Evacuee 223 in triage category G is assigned helicopter 2
3300,715,evacuee,,Evacuee;223;in triage state;G;is in helicopter;2
3300,922,evacuee,outHelo,Evacuee 196 in triage category G is assigned helicopter 2
3300,922,evacuee,,Evacuee;196;in triage state;G;is in helicopter;2
3300,1060,evacuee,outHelo,Evacuee 198 in triage category G is assigned helicopter 2
3300,1060,evacuee,,Evacuee;198;in triage state;G;is in helicopter;2
3300,1119,filterEvac,,;Evacuee;191;in triage category;G;is entering helicopter;2;Evacuee;194;in triage category;G;is entering helicopter;2;Evacuee;196;in triage category;G;is entering helicopter;2;Evacuee;198;in triage category;G;is entering helicopter;2;Evacuee;199;in triage category;G;is entering helicopter;2;Evacuee;206;in triage category;G;is entering helicopter;2;Evacuee;207;in triage category;G;is entering helicopter;2;Evacuee;211;in triage category;G;is entering helicopter;2;Evacuee;217;in triage category;G;is entering helicopter;2;Evacuee;223;in triage category;G;is entering helicopter;2
3300,1159,filterEvac,,
3300,1206,evacuee,outHelo,Evacuee 194 in triage category G is assigned helicopter 2
3300,1206,evacuee,,Evacuee;194;in triage state;G;is in helicopter;2
3300,1338,evacuee,outHelo,Evacuee 217 in triage category G is assigned helicopter 2
3300,1338,evacuee,,Evacuee;217;in triage state;G;is in helicopter;2
3300,1347,evacuee,outHelo,Evacuee 191 in triage category G is assigned helicopter 2
3300,1347,evacuee,,Evacuee;191;in triage state;G;is in helicopter;2
3300,1404,evacuee,outHelo,Evacuee 206 in triage category G is assigned helicopter 2
3300,1404,evacuee,,Evacuee;206;in triage state;G;is in helicopter;2
3300,1410,evacuee,outHelo,Evacuee 207 in triage category G is assigned helicopter 2
3300,1410,evacuee,,Evacuee;207;in triage state;G;is in helicopter;2
3300,1416,evacuee,outHelo,Evacuee 211 in triage category G is assigned helicopter 2
3300,1416,evacuee,,Evacuee;211;in triage state;G;is in helicopter;2
3300,1119,filterEvac,out,Evacuee 191 in triage category G is assigned helicopter 2
3300,1119,filterEvac,out,Evacuee 194 in triage category G is assigned helicopter 2
3300,1119,filterEvac,out,Evacuee 196 in triage category G is assigned helicopter 2
3300,1119,filterEvac,out,Evacuee 198 in triage category G is assigned helicopter 2
3300,1119,filterEvac,out,Evacuee 199 in triage category G is assigned helicopter 2
3300,1119,filterEvac,out,Evacuee 206 in triage category G is assigned helicopter 2
3300,1119,filterEvac,out,Evacuee 207 in triage category G is assigned helicopter 2
3300,1119,filterEvac,out,Evacuee 211 in triage category G is assigned helicopter 2
3300,1119,filterEvac,out,Evacuee 217 in triage category G is assigned helicopter 2
3300,1119,filterEvac,out,Evacuee 223 in triage category G is assigned helicopter 2
3300,1119,filterEvac,,
3300,1121,helicopter,,Helicopter;2;is loading people at the evacuation site;;and has;10;spots taken
3301.34,3,evacueeManager,,OFF SHIP: White;0;Green;77;Yellow;21;Red;9;Black;313;ON SHIP: White;0;Green;0;Yellow;0;Red;0;Evacuees to Transfer;
3301.34,697,evacuee,outES,Evacuee 251 in triage category G is not assigned a helicopter
3301.34,697,evacuee,,Evacuee;251;in triage state;Y;is at the evacuation site
3302.53,3,evacueeManager,,OFF SHIP: White;0;Green;77;Yellow;21;Red;8;Black;314;ON SHIP: White;0;Green;0;Yellow;0;Red;0;Evacuees to Transfer;
3302.53,1398,evacuee,outES,Evacuee 323 in triage category R is not assigned a helicopter
3302.53,1398,evacuee,,Evacuee;323;in triage state;B;is at the evacuation site
3305.23,3,evacueeManager,,OFF SHIP: White;0;Green;77;Yellow;21;Red;7;Black;315;ON SHIP: White;0;Green;0;Yellow;0;Red;0;Evacuees to Transfer;
3305.23,1114,evacuee,outES,Evacuee 266 in triage category R is not assigned a helicopter
3305.23,1114,evacuee,,Evacuee;266;in triage state;B;is at the evacuation site
3315,4,helipadManager,outHelo,Helicopter 2 is evacuating people2
3315,4,helipadManager,,;No helos are at ES
3315,104,filterES,,
3315,1120,filterES,,Helicopter;2;is evacuating people
3315,1160,filterES,,
3315,4,helipadManager,outHQ,0
3315,4,helipadManager,,;No helos are at ES
3315,5,helicopterQueue,,;No helos are waiting to land
3315,1120,filterES,out,Helicopter 2 is evacuating people2
3315,1120,filterES,,
3315,1121,helicopter,,Helicopter;2;is loading people at the evacuation site;;and has;10;spots taken
3315,5,helicopterQueue,,;No helos are waiting to land
3315,1121,helicopter,,Helicopter;2;is returning to the FOL;;and has;10;spots taken
3320.85,3,evacueeManager,,OFF SHIP: White;0;Green;77;Yellow;20;Red;8;Black;315;ON SHIP: White;0;Green;0;Yellow;0;Red;0;Evacuees to Transfer;
3320.85,412,evacuee,outES,Evacuee 279 in triage category Y is not assigned a helicopter
3320.85,412,evacuee,,Evacuee;279;in triage state;R;is at the evacuation site
3330,7,filterLoc,,
3330,10,filterLoc,,
3330,13,filterLoc,,
3330,16,filterLoc,,
3330,19,filterLoc,,
3330,22,filterLoc,,
3330,25,filterLoc,,
3330,28,filterLoc,,
3330,31,filterLoc,,
3330,34,filterLoc,,
3330,37,filterLoc,,
3330,40,filterLoc,,
3330,43,filterLoc,,
3330,46,filterLoc,,
3330,49,filterLoc,,
3330,52,filterLoc,,
3330,55,filterLoc,,
3330,58,filterLoc,,
3330,61,filterLoc,,
3330,64,filterLoc,,
3330,67,filterLoc,,
3330,70,filterLoc,,
3330,73,filterLoc,,
3330,76,filterLoc,,
3330,79,filterLoc,,
3330,82,filterLoc,,
3330,85,filterLoc,,
3330,88,filterLoc,,
3330,91,filterLoc,,
3330,94,filterLoc,,
3330,97,filterLoc,,
3330,100,filterLoc,,
3330,107,filterLoc,,
3330,110,filterLoc,,
3330,113,filterLoc,,
3330,116,filterLoc,,
3330,119,filterLoc,,
3330,122,filterLoc,,
3330,125,filterLoc,,
3330,128,filterLoc,,
3330,131,filterLoc,,
3330,134,filterLoc,,
3330,137,filterLoc,,
3330,140,filterLoc,,
3330,143,filterLoc,,
3330,146,filterLoc,,
3330,149,filterLoc,,
3330,152,filterLoc,,
3330,155,filterLoc,,
3330,158,filterLoc,,
3330,161,filterLoc,,
3330,164,filterLoc,,
3330,167,filterLoc,,
3330,170,filterLoc,,
3330,173,filterLoc,,
3330,176,filterLoc,,
3330,179,filterLoc,,
3330,182,filterLoc,,
3330,185,filterLoc,,
3330,188,filterLoc,,
3330,191,filterLoc,,
3330,194,filterLoc,,
3330,197,filterLoc,,
3330,200,filterLoc,,
3330,203,filterLoc,,
3330,206,filterLoc,,
3330,209,filterLoc,,
3330,212,filterLoc,,
3330,215,filterLoc,,
3330,218,filterLoc,,
3330,221,filterLoc,,
3330,225,filterLoc,,
3330,228,filterLoc,,
3330,231,filterLoc,,
3330,234,filterLoc,,
3330,237,filterLoc,,
3330,240,filterLoc,,
3330,243,filterLoc,,
3330,246,filterLoc,,
3330,249,filterLoc,,
3330,252,filterLoc,,
3330,255,filterLoc,,
3330,258,filterLoc,,
3330,261,filterLoc,,
3330,264,filterLoc,,
3330,267,filterLoc,,
3330,270,filterLoc,,
3330,273,filterLoc,,
3330,276,filterLoc,,
3330,279,filterLoc,,
3330,282,filterLoc,,
3330,285,filterLoc,,
3330,288,filterLoc,,
3330,291,filterLoc,,
3330,294,filterLoc,,
3330,297,filterLoc,,
3330,300,filterLoc,,
3330,303,filterLoc,,
3330,306,filterLoc,,
3330,309,filterLoc,,
3330,312,filterLoc,,
3330,315,filterLoc,,
3330,318,filterLoc,,
3330,321,filterLoc,,
3330,324,filterLoc,,
3330,327,filterLoc,,
3330,330,filterLoc,,
3330,333,filterLoc,,
3330,336,filterLoc,,
3330,339,filterLoc,,
3330,342,filterLoc,,
3330,345,filterLoc,,
3330,348,filterLoc,,
3330,351,filterLoc,,
3330,354,filterLoc,,
3330,357,filterLoc,,
3330,360,filterLoc,,
3330,363,filterLoc,,
3330,366,filterLoc,,
3330,369,filterLoc,,
3330,372,filterLoc,,
3330,375,filterLoc,,
3330,378,filterLoc,,
3330,381,filterLoc,,
3330,384,filterLoc,,
3330,387,filterLoc,,
3330,390,filterLoc,,
3330,393,filterLoc,,
3330,396,filterLoc,,
3330,399,filterLoc,,
3330,402,filterLoc,,
3330,405,filterLoc,,
3330,408,filterLoc,,
3330,411,filterLoc,,
3330,414,filterLoc,,
3330,417,filterLoc,,
3330,420,filterLoc,,
3330,423,filterLoc,,
3330,426,filterLoc,,
3330,429,filterLoc,,
3330,432,filterLoc,,
3330,435,filterLoc,,
3330,438,filterLoc,,
3330,441,filterLoc,,
3330,444,filterLoc,,
3330,447,filterLoc,,
3330,450,filterLoc,,
3330,453,filterLoc,,
3330,456,filterLoc,,
3330,459,filterLoc,,
3330,462,filterLoc,,
3330,465,filterLoc,,
3330,468,filterLoc,,
3330,471,filterLoc,,
3330,474,filterLoc,,
3330,477,filterLoc,,
3330,480,filterLoc,,
3330,483,filterLoc,,
3330,486,filterLoc,,
3330,489,filterLoc,,
3330,492,filterLoc,,
3330,495,filterLoc,,
3330,498,filterLoc,,
3330,501,filterLoc,,
3330,504,filterLoc,,
3330,507,filterLoc,,
3330,510,filterLoc,,
3330,513,filterLoc,,
3330,516,filterLoc,,
3330,519,filterLoc,,
3330,522,filterLoc,,
3330,525,filterLoc,,
3330,528,filterLoc,,
3330,531,filterLoc,,
3330,534,filterLoc,,
3330,537,filterLoc,,
3330,540,filterLoc,,
3330,543,filterLoc,,
3330,546,filterLoc,,
3330,549,filterLoc,,
3330,552,filterLoc,,
3330,555,filterLoc,,
3330,558,filterLoc,,
3330,561,filterLoc,,
3330,564,filterLoc,,
3330,567,filterLoc,,
3330,570,filterLoc,,
3330,573,filterLoc,,
3330,576,filterLoc,,
3330,579,filterLoc,,
3330,582,filterLoc,,
3330,585,filterLoc,,
3330,588,filterLoc,,
3330,591,filterLoc,,
3330,594,filterLoc,,
3330,597,filterLoc,,
3330,600,filterLoc,,
3330,603,filterLoc,,
3330,606,filterLoc,,
3330,609,filterLoc,,
3330,612,filterLoc,,
3330,615,filterLoc,,
3330,618,filterLoc,,
3330,621,filterLoc,,
3330,624,filterLoc,,
3330,627,filterLoc,,
3330,630,filterLoc,,
3330,633,filterLoc,,
3330,636,filterLoc,,
3330,639,filterLoc,,
3330,642,filterLoc,,
3330,645,filterLoc,,
3330,648,filterLoc,,
3330,651,filterLoc,,
3330,654,filterLoc,,
3330,657,filterLoc,,
3330,660,filterLoc,,
3330,663,filterLoc,,
3330,666,filterLoc,,
3330,669,filterLoc,,
3330,672,filterLoc,,
3330,675,filterLoc,,
3330,678,filterLoc,,
3330,681,filterLoc,,
3330,684,filterLoc,,
3330,687,filterLoc,,
3330,690,filterLoc,,
3330,693,filterLoc,,
3330,696,filterLoc,,
3330,699,filterLoc,,
3330,702,filterLoc,,
3330,705,filterLoc,,
3330,708,filterLoc,,
3330,711,filterLoc,,
3330,714,filterLoc,,
3330,717,filterLoc,,
3330,720,filterLoc,,
3330,723,filterLoc,,
3330,726,filterLoc,,
3330,729,filterLoc,,
3330,732,filterLoc,,
3330,735,filterLoc,,
3330,738,filterLoc,,
3330,741,filterLoc,,
3330,744,filterLoc,,
3330,747,filterLoc,,
3330,750,filterLoc,,
3330,753,filterLoc,,
3330,756,filterLoc,,
3330,759,filterLoc,,
3330,762,filterLoc,,
3330,765,filterLoc,,
3330,768,filterLoc,,
3330,771,filterLoc,,
3330,774,filterLoc,,
3330,777,filterLoc,,
3330,780,filterLoc,,
3330,783,filterLoc,,
3330,786,filterLoc,,
3330,789,filterLoc,,
3330,792,filterLoc,,
3330,795,filterLoc,,
3330,798,filterLoc,,
3330,801,filterLoc,,
3330,804,filterLoc,,
3330,807,filterLoc,,
3330,810,filterLoc,,
3330,813,filterLoc,,
3330,816,filterLoc,,
3330,819,filterLoc,,
3330,822,filterLoc,,
3330,825,filterLoc,,
3330,828,filterLoc,,
3330,831,filterLoc,,
3330,834,filterLoc,,
3330,837,filterLoc,,
3330,840,filterLoc,,
3330,843,filterLoc,,
3330,846,filterLoc,,
3330,849,filterLoc,,
3330,852,filterLoc,,
3330,855,filterLoc,,
3330,858,filterLoc,,;Evacuee;172;in triage category;G;is leaving helicopter;1
3330,861,filterLoc,,
3330,864,filterLoc,,
3330,867,filterLoc,,
3330,870,filterLoc,,
3330,873,filterLoc,,
3330,876,filterLoc,,
3330,879,filterLoc,,
3330,882,filterLoc,,
3330,885,filterLoc,,
3330,888,filterLoc,,
3330,891,filterLoc,,
3330,894,filterLoc,,
3330,897,filterLoc,,
3330,900,filterLoc,,
3330,903,filterLoc,,
3330,906,filterLoc,,;Evacuee;173;in triage category;G;is leaving helicopter;1
3330,909,filterLoc,,;Evacuee;157;in triage category;G;is leaving helicopter;1
3330,912,filterLoc,,
3330,915,filterLoc,,
3330,918,filterLoc,,
3330,921,filterLoc,,
3330,924,filterLoc,,
3330,927,filterLoc,,
3330,930,filterLoc,,
3330,933,filterLoc,,
3330,936,filterLoc,,
3330,939,filterLoc,,
3330,942,filterLoc,,
3330,945,filterLoc,,
3330,948,filterLoc,,
3330,951,filterLoc,,
3330,954,filterLoc,,
3330,957,filterLoc,,
3330,960,filterLoc,,
3330,963,filterLoc,,
3330,966,filterLoc,,
3330,969,filterLoc,,
3330,972,filterLoc,,
3330,975,filterLoc,,
3330,978,filterLoc,,
3330,981,filterLoc,,
3330,984,filterLoc,,
3330,987,filterLoc,,
3330,990,filterLoc,,
3330,993,filterLoc,,
3330,996,filterLoc,,
3330,999,filterLoc,,
3330,1002,filterLoc,,
3330,1005,filterLoc,,
3330,1008,filterLoc,,
3330,1011,filterLoc,,
3330,1014,filterLoc,,
3330,1017,filterLoc,,
3330,1020,filterLoc,,
3330,1023,filterLoc,,
3330,1026,filterLoc,,
3330,1029,filterLoc,,
3330,1032,filterLoc,,
3330,1035,filterLoc,,
3330,1038,filterLoc,,
3330,1041,filterLoc,,
3330,1044,filterLoc,,
3330,1047,filterLoc,,
3330,1050,filterLoc,,
3330,1053,filterLoc,,
3330,1056,filterLoc,,
3330,1059,filterLoc,,
3330,1062,filterLoc,,
3330,1065,filterLoc,,
3330,1068,filterLoc,,
3330,1071,filterLoc,,
3330,1074,filterLoc,,
3330,1077,filterLoc,,
3330,1080,filterLoc,,
3330,1083,filterLoc,,
3330,1086,filterLoc,,
3330,1089,filterLoc,,
3330,1092,filterLoc,,
3330,1095,filterLoc,,
3330,1098,filterLoc,,
3330,1101,filterLoc,,
3330,1104,filterLoc,,
3330,1107,filterLoc,,
3330,1110,filterLoc,,
3330,1113,filterLoc,,
3330,1116,filterLoc,,
3330,1123,filterLoc,,
3330,1126,filterLoc,,
3330,1129,filterLoc,,;Evacuee;175;in triage category;G;is leaving helicopter;1
3330,1132,filterLoc,,
3330,1135,filterLoc,,
3330,1138,filterLoc,,
3330,1141,filterLoc,,
3330,1144,filterLoc,,
3330,1147,filterLoc,,
3330,1150,filterLoc,,
3330,1153,filterLoc,,
3330,1156,filterLoc,,
3330,1161,helicopter,outEvac,Evacuee 157 in triage category G is not assigned a helicopter
3330,1161,helicopter,outEvac,Evacuee 166 in triage category G is not assigned a helicopter
3330,1161,helicopter,outEvac,Evacuee 167 in triage category G is not assigned a helicopter
3330,1161,helicopter,outEvac,Evacuee 172 in triage category G is not assigned a helicopter
3330,1161,helicopter,outEvac,Evacuee 173 in triage category G is not assigned a helicopter
3330,1161,helicopter,outEvac,Evacuee 175 in triage category G is not assigned a helicopter
3330,1161,helicopter,outEvac,Evacuee 178 in triage category G is not assigned a helicopter
3330,1161,helicopter,outEvac,Evacuee 180 in triage category G is not assigned a helicopter
3330,1161,helicopter,outEvac,Evacuee 186 in triage category G is not assigned a helicopter
3330,1161,helicopter,outEvac,Evacuee 189 in triage category G is not assigned a helicopter
3330,1161,helicopter,,Helicopter;1;is unloading people at the FOL;;and has;0;spots taken
3330,1163,filterLoc,,
3330,1166,filterLoc,,
3330,1169,filterLoc,,
3330,1172,filterLoc,,
3330,1175,filterLoc,,
3330,1178,filterLoc,,
3330,1181,filterLoc,,
3330,1184,filterLoc,,
3330,1187,filterLoc,,
3330,1190,filterLoc,,
3330,1193,filterLoc,,
3330,1196,filterLoc,,
3330,1199,filterLoc,,
3330,1202,filterLoc,,
3330,1205,filterLoc,,
3330,1208,filterLoc,,
3330,1211,filterLoc,,
3330,1214,filterLoc,,
3330,1217,filterLoc,,
3330,1220,filterLoc,,
3330,1223,filterLoc,,
3330,1226,filterLoc,,
3330,1229,filterLoc,,
3330,1232,filterLoc,,
3330,1235,filterLoc,,
3330,1238,filterLoc,,
3330,1241,filterLoc,,
3330,1244,filterLoc,,
3330,1247,filterLoc,,
3330,1250,filterLoc,,
3330,1253,filterLoc,,
3330,1256,filterLoc,,
3330,1259,filterLoc,,
3330,1262,filterLoc,,;Evacuee;166;in triage category;G;is leaving helicopter;1
3330,1265,filterLoc,,
3330,1268,filterLoc,,
3330,1271,filterLoc,,;Evacuee;178;in triage category;G;is leaving helicopter;1
3330,1274,filterLoc,,
3330,1277,filterLoc,,
3330,1280,filterLoc,,;Evacuee;167;in triage category;G;is leaving helicopter;1
3330,1283,filterLoc,,
3330,1286,filterLoc,,
3330,1289,filterLoc,,
3330,1292,filterLoc,,
3330,1295,filterLoc,,
3330,1298,filterLoc,,
3330,1301,filterLoc,,
3330,1304,filterLoc,,
3330,1307,filterLoc,,
3330,1310,filterLoc,,
3330,1313,filterLoc,,
3330,1316,filterLoc,,
3330,1319,filterLoc,,
3330,1322,filterLoc,,
3330,1325,filterLoc,,
3330,1328,filterLoc,,
3330,1331,filterLoc,,;Evacuee;186;in triage category;G;is leaving helicopter;1
3330,1334,filterLoc,,
3330,1337,filterLoc,,
3330,1340,filterLoc,,;Evacuee;189;in triage category;G;is leaving helicopter;1
3330,1343,filterLoc,,
3330,1346,filterLoc,,
3330,1349,filterLoc,,
3330,1352,filterLoc,,
3330,1355,filterLoc,,
3330,1358,filterLoc,,
3330,1361,filterLoc,,
3330,1364,filterLoc,,
3330,1367,filterLoc,,
3330,1370,filterLoc,,
3330,1373,filterLoc,,
3330,1376,filterLoc,,
3330,1379,filterLoc,,
3330,1382,filterLoc,,
3330,1385,filterLoc,,
3330,1388,filterLoc,,
3330,1391,filterLoc,,
3330,1394,filterLoc,,
3330,1397,filterLoc,,
3330,1400,filterLoc,,;Evacuee;180;in triage category;G;is leaving helicopter;1
3330,1403,filterLoc,,
3330,1406,filterLoc,,
3330,1409,filterLoc,,
3330,1412,filterLoc,,
3330,1415,filterLoc,,
3330,1418,filterLoc,,
3330,1421,filterLoc,,
3330,1424,filterLoc,,
3330,1427,filterLoc,,
3330,1430,filterLoc,,
3330,1433,filterLoc,,
3330,1436,filterLoc,,
3330,1439,filterLoc,,
3330,1442,filterLoc,,
3330,1445,filterLoc,,
3330,1448,filterLoc,,
3330,1451,filterLoc,,
3330,1454,filterLoc,,
3330,1457,filterLoc,,
3330,1460,filterLoc,,
3330,1463,filterLoc,,
3330,1466,filterLoc,,
3330,1469,filterLoc,,
3330,1472,filterLoc,,
3330,1475,filterLoc,,
3330,1478,filterLoc,,
3330,1481,filterLoc,,
3330,1484,filterLoc,,
3330,1487,filterLoc,,
3330,1490,filterLoc,,
3330,1493,filterLoc,,
3330,1496,filterLoc,,
3330,1499,filterLoc,,
3330,1502,filterLoc,,
3330,1505,filterLoc,,
3330,1508,filterLoc,,
3330,1511,filterLoc,,
3330,1514,filterLoc,,
3330,1517,filterLoc,,
3330,858,filterLoc,out,Evacuee 172 in triage category G is not assigned a helicopter
3330,858,filterLoc,,
3330,859,evacuee,,Evacuee;172;in triage state;G;is entering the FOL
3330,906,filterLoc,out,Evacuee 173 in triage category G is not assigned a helicopter
3330,906,filterLoc,,
3330,907,evacuee,,Evacuee;173;in triage state;G;is entering the FOL
3330,909,filterLoc,out,Evacuee 157 in triage category G is not assigned a helicopter
3330,909,filterLoc,,
3330,910,evacuee,,Evacuee;157;in triage state;G;is entering the FOL
3330,1129,filterLoc,out,Evacuee 175 in triage category G is not assigned a helicopter
3330,1129,filterLoc,,
3330,1130,evacuee,,Evacuee;175;in triage state;G;is entering the FOL
3330,1262,filterLoc,out,Evacuee 166 in triage category G is not assigned a helicopter
3330,1262,filterLoc,,
3330,1263,evacuee,,Evacuee;166;in triage state;G;is entering the FOL
3330,1271,filterLoc,out,Evacuee 178 in triage category G is not assigned a helicopter
3330,1271,filterLoc,,
3330,1272,evacuee,,Evacuee;178;in triage state;G;is entering the FOL
3330,1280,filterLoc,out,Evacuee 167 in triage category G is not assigned a helicopter
3330,1280,filterLoc,,
3330,1281,evacuee,,Evacuee;167;in triage state;G;is entering the FOL
3330,1331,filterLoc,out,Evacuee 186 in triage category G is not assigned a helicopter
3330,1331,filterLoc,,
3330,1332,evacuee,,Evacuee;186;in triage state;G;is entering the FOL
3330,1340,filterLoc,out,Evacuee 189 in triage category G is not assigned a helicopter
3330,1340,filterLoc,,
3330,1341,evacuee,,Evacuee;189;in triage state;G;is entering the FOL
3330,1400,filterLoc,out,Evacuee 180 in triage category G is not assigned a helicopter
3330,1400,filterLoc,,
3330,1401,evacuee,,Evacuee;180;in triage state;G;is entering the FOL
3330,223,FOL,,;EvacueeID;3;Triage Status;G;EvacueeID;5;Triage Status;G;EvacueeID;6;Triage Status;G;EvacueeID;7;Triage Status;G;EvacueeID;8;Triage Status;G;EvacueeID;16;Triage Status;G;EvacueeID;20;Triage Status;G;EvacueeID;21;Triage Status;G;EvacueeID;27;Triage Status;G;EvacueeID;35;Triage Status;G;EvacueeID;36;Triage Status;G;EvacueeID;39;Triage Status;G;EvacueeID;41;Triage Status;G;EvacueeID;42;Triage Status;G;EvacueeID;47;Triage Status;G;EvacueeID;49;Triage Status;G;EvacueeID;51;Triage Status;G;EvacueeID;52;Triage Status;G;EvacueeID;56;Triage Status;G;EvacueeID;62;Triage Status;G;EvacueeID;63;Triage Status;G;EvacueeID;66;Triage Status;G;EvacueeID;68;Triage Status;G;EvacueeID;69;Triage Status;G;EvacueeID;70;Triage Status;G;EvacueeID;72;Triage Status;G;EvacueeID;79;Triage Status;G;EvacueeID;80;Triage Status;G;EvacueeID;84;Triage Status;G;EvacueeID;86;Triage Status;G;EvacueeID;87;Triage Status;G;EvacueeID;89;Triage Status;G;EvacueeID;94;Triage Status;G;EvacueeID;96;Triage Status;G;EvacueeID;97;Triage Status;G;EvacueeID;101;Triage Status;G;EvacueeID;103;Triage Status;G;EvacueeID;107;Triage Status;G;EvacueeID;110;Triage Status;G;EvacueeID;111;Triage Status;G;EvacueeID;113;Triage Status;G;EvacueeID;115;Triage Status;G;EvacueeID;118;Triage Status;G;EvacueeID;120;Triage Status;G;EvacueeID;124;Triage Status;G;EvacueeID;128;Triage Status;G;EvacueeID;130;Triage Status;G;EvacueeID;132;Triage Status;G;EvacueeID;133;Triage Status;G;EvacueeID;134;Triage Status;G;EvacueeID;135;Triage Status;G;EvacueeID;137;Triage Status;G;EvacueeID;138;Triage Status;G;EvacueeID;139;Triage Status;G;EvacueeID;140;Triage Status;G;EvacueeID;141;Triage Status;G;EvacueeID;143;Triage Status;G;EvacueeID;146;Triage Status;G;EvacueeID;154;Triage Status;G;EvacueeID;155;Triage Status;G;EvacueeID;157;Triage Status;G;EvacueeID;166;Triage Status;G;EvacueeID;167;Triage Status;G;EvacueeID;172;Triage Status;G;EvacueeID;173;Triage Status;G;EvacueeID;175;Triage Status;G;EvacueeID;178;Triage Status;G;EvacueeID;180;Triage Status;G;EvacueeID;186;Triage Status;G;EvacueeID;189;Triage Status;G;Lives Saved;70
3330,859,evacuee,outFOL,Evacuee 172 in triage category G is not assigned a helicopter
3330,859,evacuee,,Evacuee;172;in triage state;G;is at the FOL
3330,907,evacuee,outFOL,Evacuee 173 in triage category G is not assigned a helicopter
3330,907,evacuee,,Evacuee;173;in triage state;G;is at the FOL
3330,910,evacuee,outFOL,Evacuee 157 in triage category G is not assigned a helicopter
3330,910,evacuee,,Evacuee;157;in triage state;G;is at the FOL
3330,1130,evacuee,outFOL,Evacuee 175 in triage category G is not assigned a helicopter
3330,1130,evacuee,,Evacuee;175;in triage state;G;is at the FOL
3330,1263,evacuee,outFOL,Evacuee 166 in triage category G is not assigned a helicopter
3330,1263,evacuee,,Evacuee;166;in triage state;G;is at the FOL
3330,1272,evacuee,outFOL,Evacuee 178 in triage category G is not assigned a helicopter
3330,1272,evacuee,,Evacuee;178;in triage state;G;is at the FOL
3330,1281,evacuee,outFOL,Evacuee 167 in triage category G is not assigned a helicopter
3330,1281,evacuee,,Evacuee;167;in triage state;G;is at the FOL
3330,1332,evacuee,outFOL,Evacuee 186 in triage category G is not assigned a helicopter
3330,1332,evacuee,,Evacuee;186;in triage state;G;is at the FOL
3330,1341,evacuee,outFOL,Evacuee 189 in triage category G is not assigned a helicopter
3330,1341,evacuee,,Evacuee;189;in triage state;G;is at the FOL
3330,1401,evacuee,outFOL,Evacuee 180 in triage category G is not assigned a helicopter
3330,1401,evacuee,,Evacuee;180;in triage state;G;is at the FOL
3330,223,FOL,,;EvacueeID;3;Triage Status;G;EvacueeID;5;Triage Status;G;EvacueeID;6;Triage Status;G;EvacueeID;7;Triage Status;G;EvacueeID;8;Triage Status;G;EvacueeID;16;Triage Status;G;EvacueeID;20;Triage Status;G;EvacueeID;21;Triage Status;G;EvacueeID;27;Triage Status;G;EvacueeID;35;Triage Status;G;EvacueeID;36;Triage Status;G;EvacueeID;39;Triage Status;G;EvacueeID;41;Triage Status;G;EvacueeID;42;Triage Status;G;EvacueeID;47;Triage Status;G;EvacueeID;49;Triage Status;G;EvacueeID;51;Triage Status;G;EvacueeID;52;Triage Status;G;EvacueeID;56;Triage Status;G;EvacueeID;62;Triage Status;G;EvacueeID;63;Triage Status;G;EvacueeID;66;Triage Status;G;EvacueeID;68;Triage Status;G;EvacueeID;69;Triage Status;G;EvacueeID;70;Triage Status;G;EvacueeID;72;Triage Status;G;EvacueeID;79;Triage Status;G;EvacueeID;80;Triage Status;G;EvacueeID;84;Triage Status;G;EvacueeID;86;Triage Status;G;EvacueeID;87;Triage Status;G;EvacueeID;89;Triage Status;G;EvacueeID;94;Triage Status;G;EvacueeID;96;Triage Status;G;EvacueeID;97;Triage Status;G;EvacueeID;101;Triage Status;G;EvacueeID;103;Triage Status;G;EvacueeID;107;Triage Status;G;EvacueeID;110;Triage Status;G;EvacueeID;111;Triage Status;G;EvacueeID;113;Triage Status;G;EvacueeID;115;Triage Status;G;EvacueeID;118;Triage Status;G;EvacueeID;120;Triage Status;G;EvacueeID;124;Triage Status;G;EvacueeID;128;Triage Status;G;EvacueeID;130;Triage Status;G;EvacueeID;132;Triage Status;G;EvacueeID;133;Triage Status;G;EvacueeID;134;Triage Status;G;EvacueeID;135;Triage Status;G;EvacueeID;137;Triage Status;G;EvacueeID;138;Triage Status;G;EvacueeID;139;Triage Status;G;EvacueeID;140;Triage Status;G;EvacueeID;141;Triage Status;G;EvacueeID;143;Triage Status;G;EvacueeID;146;Triage Status;G;EvacueeID;154;Triage Status;G;EvacueeID;155;Triage Status;G;EvacueeID;157;Triage Status;G;EvacueeID;166;Triage Status;G;EvacueeID;167;Triage Status;G;EvacueeID;172;Triage Status;G;EvacueeID;173;Triage Status;G;EvacueeID;175;Triage Status;G;EvacueeID;178;Triage Status;G;EvacueeID;180;Triage Status;G;EvacueeID;186;Triage Status;G;EvacueeID;189;Triage Status;G;Lives Saved;70
3330.02,3,evacueeManager,,OFF SHIP: White;0;Green;77;Yellow;20;Red;7;Black;316;ON SHIP: White;0;Green;0;Yellow;0;Red;0;Evacuees to Transfer;
3330.02,412,evacuee,outES,Evacuee 279 in triage category R is not assigned a helicopter
3330.02,412,evacuee,,Evacuee;279;in triage state;B;is at the evacuation site
3332.22,3,evacueeManager,,OFF SHIP: White;0;Green;77;Yellow;20;Red;6;Black;317;ON SHIP: White;0;Green;0;Yellow;0;Red;0;Evacuees to Transfer;
3332.22,748,evacuee,outES,Evacuee 2 in triage category R is not assigned a helicopter
3332.22,748,evacuee,,Evacuee;2;in triage state;B;is at the evacuation site
3333.84,3,evacueeManager,,OFF SHIP: White;0;Green;77;Yellow;20;Red;5;Black;318;ON SHIP: White;0;Green;0;Yellow;0;Red;0;Evacuees to Transfer;
3333.84,1323,evacuee,outES,Evacuee 183 in triage category R is not assigned a helicopter
3333.84,1323,evacuee,,Evacuee;183;in triage state;B;is at the evacuation site
3340.72,3,evacueeManager,,OFF SHIP: White;0;Green;77;Yellow;20;Red;4;Black;319;ON SHIP: White;0;Green;0;Yellow;0;Red;0;Evacuees to Transfer;
3340.72,763,evacuee,outES,Evacuee 334 in triage category R is not assigned a helicopter
3340.72,763,evacuee,,Evacuee;334;in triage state;B;is at the evacuation site
3345,1161,helicopter,,Helicopter;1;Is going to the evacuation site;;and has;0;spots taken
3345.09,3,evacueeManager,,OFF SHIP: White;0;Green;76;Yellow;21;Red;4;Black;319;ON SHIP: White;0;Green;0;Yellow;0;Red;0;Evacuees to Transfer;
3345.09,201,evacuee,outES,Evacuee 380 in triage category G is not assigned a helicopter
3345.09,201,evacuee,,Evacuee;380;in triage state;Y;is at the evacuation site
3350.38,3,evacueeManager,,OFF SHIP: White;0;Green;76;Yellow;21;Red;3;Black;320;ON SHIP: White;0;Green;0;Yellow;0;Red;0;Evacuees to Transfer;
3350.38,1329,evacuee,outES,Evacuee 185 in triage category R is not assigned a helicopter
3350.38,1329,evacuee,,Evacuee;185;in triage state;B;is at the evacuation site
3351.36,3,evacueeManager,,OFF SHIP: White;0;Green;76;Yellow;20;Red;4;Black;320;ON SHIP: White;0;Green;0;Yellow;0;Red;0;Evacuees to Transfer;
3351.36,268,evacuee,outES,Evacuee 341 in triage category Y is not assigned a helicopter
3351.36,268,evacuee,,Evacuee;341;in triage state;R;is at the evacuation site
3360,5,helicopterQueue,,1;Helos are waiting to land;HeloID;3
3360,105,helicopter,outES,Helicopter 3 is evacuating people3
3360,105,helicopter,,Helicopter;3;is waiting to land at the evacuation site;;and has;0;spots taken
3360,4,helipadManager,,;No helos are at ES
3360,5,helicopterQueue,outHM,Helicopter 3 is evacuating people3
3360,5,helicopterQueue,outHelo,Helicopter 3 is evacuating people3
3360,5,helicopterQueue,,;No helos are waiting to land
3360,104,filterES,,Helicopter;3;is evacuating people
3360,1120,filterES,,
3360,1160,filterES,,
3360,3,evacueeManager,,OFF SHIP: White;0;Green;66;Yellow;20;Red;4;Black;320;ON SHIP: White;0;Green;0;Yellow;0;Red;0;Evacuees to Transfer;;EvacueeID;228;HeloID;3;OnShip;0;Triage Status;G;EvacueeID;229;HeloID;3;OnShip;0;Triage Status;G;EvacueeID;237;HeloID;3;OnShip;0;Triage Status;G;EvacueeID;238;HeloID;3;OnShip;0;Triage Status;G;EvacueeID;239;HeloID;3;OnShip;0;Triage Status;G;EvacueeID;240;HeloID;3;OnShip;0;Triage Status;G;EvacueeID;242;HeloID;3;OnShip;0;Triage Status;G;EvacueeID;243;HeloID;3;OnShip;0;Triage Status;G;EvacueeID;245;HeloID;3;OnShip;0;Triage Status;G;EvacueeID;250;HeloID;3;OnShip;0;Triage Status;G
3360,4,helipadManager,outEM,Helicopter 3 is evacuating people3
3360,4,helipadManager,,Helo;3;is at the ES
3360,104,filterES,out,Helicopter 3 is evacuating people3
3360,104,filterES,,
3360,105,helicopter,,Helicopter;3;is waiting to land at the evacuation site;;and has;0;spots taken
3360,3,evacueeManager,outEvac,Evacuee 228 in triage category G is assigned helicopter 3
3360,3,evacueeManager,outEvac,Evacuee 229 in triage category G is assigned helicopter 3
3360,3,evacueeManager,outEvac,Evacuee 237 in triage category G is assigned helicopter 3
3360,3,evacueeManager,outEvac,Evacuee 238 in triage category G is assigned helicopter 3
3360,3,evacueeManager,outEvac,Evacuee 239 in triage category G is assigned helicopter 3
3360,3,evacueeManager,outEvac,Evacuee 240 in triage category G is assigned helicopter 3
3360,3,evacueeManager,outEvac,Evacuee 242 in triage category G is assigned helicopter 3
3360,3,evacueeManager,outEvac,Evacuee 243 in triage category G is assigned helicopter 3
3360,3,evacueeManager,outEvac,Evacuee 245 in triage category G is assigned helicopter 3
3360,3,evacueeManager,outEvac,Evacuee 250 in triage category G is assigned helicopter 3
3360,3,evacueeManager,,OFF SHIP: White;0;Green;66;Yellow;20;Red;4;Black;320;ON SHIP: White;0;Green;0;Yellow;0;Red;0;Evacuees to Transfer;
3360,7,filterLoc,,
3360,10,filterLoc,,
3360,13,filterLoc,,
3360,16,filterLoc,,
3360,19,filterLoc,,
3360,22,filterLoc,,
3360,25,filterLoc,,
3360,28,filterLoc,,
3360,31,filterLoc,,
3360,34,filterLoc,,
3360,37,filterLoc,,
3360,40,filterLoc,,
3360,43,filterLoc,,
3360,46,filterLoc,,
3360,49,filterLoc,,
3360,52,filterLoc,,
3360,55,filterLoc,,
3360,58,filterLoc,,
3360,61,filterLoc,,
3360,64,filterLoc,,
3360,67,filterLoc,,
3360,70,filterLoc,,
3360,73,filterLoc,,
3360,76,filterLoc,,
3360,79,filterLoc,,
3360,82,filterLoc,,
3360,85,filterLoc,,
3360,88,filterLoc,,
3360,91,filterLoc,,
3360,94,filterLoc,,
3360,97,filterLoc,,
3360,100,filterLoc,,
3360,105,helicopter,,Helicopter;3;is loading people at the evacuation site;;and has;0;spots taken
3360,107,filterLoc,,
3360,110,filterLoc,,
3360,113,filterLoc,,
3360,116,filterLoc,,
3360,119,filterLoc,,
3360,122,filterLoc,,
3360,125,filterLoc,,
3360,128,filterLoc,,
3360,131,filterLoc,,
3360,134,filterLoc,,
3360,137,filterLoc,,
3360,140,filterLoc,,
3360,143,filterLoc,,
3360,146,filterLoc,,
3360,149,filterLoc,,
3360,152,filterLoc,,
3360,155,filterLoc,,
3360,158,filterLoc,,
3360,161,filterLoc,,
3360,164,filterLoc,,
3360,167,filterLoc,,
3360,170,filterLoc,,
3360,173,filterLoc,,
3360,176,filterLoc,,
3360,179,filterLoc,,
3360,182,filterLoc,,
3360,185,filterLoc,,
3360,188,filterLoc,,
3360,191,filterLoc,,
3360,194,filterLoc,,
3360,197,filterLoc,,
3360,200,filterLoc,,
3360,203,filterLoc,,
3360,206,filterLoc,,
3360,209,filterLoc,,
3360,212,filterLoc,,
3360,215,filterLoc,,
3360,218,filterLoc,,
3360,221,filterLoc,,
3360,225,filterLoc,,
3360,228,filterLoc,,
3360,231,filterLoc,,
3360,234,filterLoc,,
3360,237,filterLoc,,
3360,240,filterLoc,,
3360,243,filterLoc,,
3360,246,filterLoc,,
3360,249,filterLoc,,
3360,252,filterLoc,,
3360,255,filterLoc,,
3360,258,filterLoc,,
3360,261,filterLoc,,
3360,264,filterLoc,,
3360,267,filterLoc,,
3360,270,filterLoc,,
3360,273,filterLoc,,
3360,276,filterLoc,,
3360,279,filterLoc,,
3360,282,filterLoc,,
3360,285,filterLoc,,
3360,288,filterLoc,,
3360,291,filterLoc,,
3360,294,filterLoc,,
3360,297,filterLoc,,
3360,300,filterLoc,,
3360,303,filterLoc,,
3360,306,filterLoc,,
3360,309,filterLoc,,
3360,312,filterLoc,,
3360,315,filterLoc,,
3360,318,filterLoc,,
3360,321,filterLoc,,
3360,324,filterLoc,,
3360,327,filterLoc,,
3360,330,filterLoc,,
3360,333,filterLoc,,
3360,336,filterLoc,,
3360,339,filterLoc,,
3360,342,filterLoc,,
3360,345,filterLoc,,
3360,348,filterLoc,,
3360,351,filterLoc,,
3360,354,filterLoc,,
3360,357,filterLoc,,
3360,360,filterLoc,,
3360,363,filterLoc,,
3360,366,filterLoc,,
3360,369,filterLoc,,
3360,372,filterLoc,,
3360,375,filterLoc,,
3360,378,filterLoc,,
3360,381,filterLoc,,
3360,384,filterLoc,,
3360,387,filterLoc,,
3360,390,filterLoc,,
3360,393,filterLoc,,
3360,396,filterLoc,,
3360,399,filterLoc,,
3360,402,filterLoc,,
3360,405,filterLoc,,
3360,408,filterLoc,,
3360,411,filterLoc,,
3360,414,filterLoc,,
3360,417,filterLoc,,
3360,420,filterLoc,,
3360,423,filterLoc,,
3360,426,filterLoc,,
3360,429,filterLoc,,
3360,432,filterLoc,,
3360,435,filterLoc,,
3360,438,filterLoc,,
3360,441,filterLoc,,
3360,444,filterLoc,,
3360,447,filterLoc,,
3360,450,filterLoc,,
3360,453,filterLoc,,
3360,456,filterLoc,,
3360,459,filterLoc,,
3360,462,filterLoc,,
3360,465,filterLoc,,
3360,468,filterLoc,,
3360,471,filterLoc,,
3360,474,filterLoc,,
3360,477,filterLoc,,
3360,480,filterLoc,,
3360,483,filterLoc,,
3360,486,filterLoc,,
3360,489,filterLoc,,
3360,492,filterLoc,,;Evacuee;245;in triage category;G;is entering helicopter;3
3360,495,filterLoc,,
3360,498,filterLoc,,
3360,501,filterLoc,,
3360,504,filterLoc,,
3360,507,filterLoc,,
3360,510,filterLoc,,
3360,513,filterLoc,,
3360,516,filterLoc,,
3360,519,filterLoc,,
3360,522,filterLoc,,
3360,525,filterLoc,,
3360,528,filterLoc,,
3360,531,filterLoc,,
3360,534,filterLoc,,
3360,537,filterLoc,,
3360,540,filterLoc,,
3360,543,filterLoc,,
3360,546,filterLoc,,
3360,549,filterLoc,,
3360,552,filterLoc,,
3360,555,filterLoc,,
3360,558,filterLoc,,
3360,561,filterLoc,,
3360,564,filterLoc,,
3360,567,filterLoc,,
3360,570,filterLoc,,
3360,573,filterLoc,,;Evacuee;228;in triage category;G;is entering helicopter;3
3360,576,filterLoc,,
3360,579,filterLoc,,
3360,582,filterLoc,,
3360,585,filterLoc,,
3360,588,filterLoc,,
3360,591,filterLoc,,
3360,594,filterLoc,,
3360,597,filterLoc,,
3360,600,filterLoc,,
3360,603,filterLoc,,
3360,606,filterLoc,,
3360,609,filterLoc,,
3360,612,filterLoc,,
3360,615,filterLoc,,
3360,618,filterLoc,,
3360,621,filterLoc,,
3360,624,filterLoc,,
3360,627,filterLoc,,
3360,630,filterLoc,,
3360,633,filterLoc,,
3360,636,filterLoc,,
3360,639,filterLoc,,
3360,642,filterLoc,,
3360,645,filterLoc,,
3360,648,filterLoc,,
3360,651,filterLoc,,
3360,654,filterLoc,,
3360,657,filterLoc,,
3360,660,filterLoc,,
3360,663,filterLoc,,
3360,666,filterLoc,,
3360,669,filterLoc,,
3360,672,filterLoc,,
3360,675,filterLoc,,
3360,678,filterLoc,,
3360,681,filterLoc,,
3360,684,filterLoc,,
3360,687,filterLoc,,
3360,690,filterLoc,,
3360,693,filterLoc,,
3360,696,filterLoc,,
3360,699,filterLoc,,
3360,702,filterLoc,,
3360,705,filterLoc,,
3360,708,filterLoc,,
3360,711,filterLoc,,
3360,714,filterLoc,,
3360,717,filterLoc,,
3360,720,filterLoc,,
3360,723,filterLoc,,
3360,726,filterLoc,,
3360,729,filterLoc,,
3360,732,filterLoc,,
3360,735,filterLoc,,
3360,738,filterLoc,,
3360,741,filterLoc,,
3360,744,filterLoc,,
3360,747,filterLoc,,
3360,750,filterLoc,,
3360,753,filterLoc,,
3360,756,filterLoc,,
3360,759,filterLoc,,
3360,762,filterLoc,,
3360,765,filterLoc,,
3360,768,filterLoc,,
3360,771,filterLoc,,;Evacuee;250;in triage category;G;is entering helicopter;3
3360,774,filterLoc,,
3360,777,filterLoc,,;Evacuee;229;in triage category;G;is entering helicopter;3
3360,780,filterLoc,,
3360,783,filterLoc,,
3360,786,filterLoc,,
3360,789,filterLoc,,
3360,792,filterLoc,,
3360,795,filterLoc,,
3360,798,filterLoc,,
3360,801,filterLoc,,
3360,804,filterLoc,,
3360,807,filterLoc,,
3360,810,filterLoc,,
3360,813,filterLoc,,
3360,816,filterLoc,,
3360,819,filterLoc,,
3360,822,filterLoc,,
3360,825,filterLoc,,
3360,828,filterLoc,,
3360,831,filterLoc,,
3360,834,filterLoc,,
3360,837,filterLoc,,
3360,840,filterLoc,,
3360,843,filterLoc,,
3360,846,filterLoc,,
3360,849,filterLoc,,;Evacuee;240;in triage category;G;is entering helicopter;3
3360,852,filterLoc,,
3360,855,filterLoc,,
3360,858,filterLoc,,
3360,861,filterLoc,,
3360,864,filterLoc,,
3360,867,filterLoc,,
3360,870,filterLoc,,
3360,873,filterLoc,,
3360,876,filterLoc,,
3360,879,filterLoc,,
3360,882,filterLoc,,
3360,885,filterLoc,,
3360,888,filterLoc,,
3360,891,filterLoc,,
3360,894,filterLoc,,
3360,897,filterLoc,,
3360,900,filterLoc,,
3360,903,filterLoc,,
3360,906,filterLoc,,
3360,909,filterLoc,,
3360,912,filterLoc,,
3360,915,filterLoc,,
3360,918,filterLoc,,
3360,921,filterLoc,,
3360,924,filterLoc,,
3360,927,filterLoc,,
3360,930,filterLoc,,
3360,933,filterLoc,,
3360,936,filterLoc,,
3360,939,filterLoc,,
3360,942,filterLoc,,
3360,945,filterLoc,,
3360,948,filterLoc,,
3360,951,filterLoc,,
3360,954,filterLoc,,
3360,957,filterLoc,,
3360,960,filterLoc,,
3360,963,filterLoc,,
3360,966,filterLoc,,
3360,969,filterLoc,,
3360,972,filterLoc,,
3360,975,filterLoc,,
3360,978,filterLoc,,
3360,981,filterLoc,,
3360,984,filterLoc,,
3360,987,filterLoc,,
3360,990,filterLoc,,
3360,993,filterLoc,,
3360,996,filterLoc,,
3360,999,filterLoc,,
3360,1002,filterLoc,,
3360,1005,filterLoc,,
3360,1008,filterLoc,,
3360,1011,filterLoc,,
3360,1014,filterLoc,,
3360,1017,filterLoc,,
3360,1020,filterLoc,,
3360,1023,filterLoc,,
3360,1026,filterLoc,,
3360,1029,filterLoc,,
3360,1032,filterLoc,,
3360,1035,filterLoc,,
3360,1038,filterLoc,,
3360,1041,filterLoc,,
3360,1044,filterLoc,,
3360,1047,filterLoc,,
3360,1050,filterLoc,,
3360,1053,filterLoc,,
3360,1056,filterLoc,,
3360,1059,filterLoc,,
3360,1062,filterLoc,,
3360,1065,filterLoc,,
3360,1068,filterLoc,,
3360,1071,filterLoc,,
3360,1074,filterLoc,,
3360,1077,filterLoc,,
3360,1080,filterLoc,,
3360,1083,filterLoc,,
3360,1086,filterLoc,,
3360,1089,filterLoc,,
3360,1092,filterLoc,,
3360,1095,filterLoc,,
3360,1098,filterLoc,,
3360,1101,filterLoc,,
3360,1104,filterLoc,,
3360,1107,filterLoc,,
3360,1110,filterLoc,,
3360,1113,filterLoc,,
3360,1116,filterLoc,,
3360,1123,filterLoc,,
3360,1126,filterLoc,,
3360,1129,filterLoc,,
3360,1132,filterLoc,,
3360,1135,filterLoc,,
3360,1138,filterLoc,,
3360,1141,filterLoc,,
3360,1144,filterLoc,,
3360,1147,filterLoc,,
3360,1150,filterLoc,,
3360,1153,filterLoc,,
3360,1156,filterLoc,,
3360,1163,filterLoc,,
3360,1166,filterLoc,,
3360,1169,filterLoc,,
3360,1172,filterLoc,,
3360,1175,filterLoc,,
3360,1178,filterLoc,,
3360,1181,filterLoc,,
3360,1184,filterLoc,,
3360,1187,filterLoc,,
3360,1190,filterLoc,,
3360,1193,filterLoc,,
3360,1196,filterLoc,,
3360,1199,filterLoc,,
3360,1202,filterLoc,,
3360,1205,filterLoc,,
3360,1208,filterLoc,,
3360,1211,filterLoc,,
3360,1214,filterLoc,,
3360,1217,filterLoc,,
3360,1220,filterLoc,,
3360,1223,filterLoc,,
3360,1226,filterLoc,,
3360,1229,filterLoc,,
3360,1232,filterLoc,,
3360,1235,filterLoc,,
3360,1238,filterLoc,,
3360,1241,filterLoc,,
3360,1244,filterLoc,,
3360,1247,filterLoc,,
3360,1250,filterLoc,,
3360,1253,filterLoc,,
3360,1256,filterLoc,,
3360,1259,filterLoc,,
3360,1262,filterLoc,,
3360,1265,filterLoc,,
3360,1268,filterLoc,,;Evacuee;242;in triage category;G;is entering helicopter;3
3360,1271,filterLoc,,
3360,1274,filterLoc,,
3360,1277,filterLoc,,
3360,1280,filterLoc,,
3360,1283,filterLoc,,
3360,1286,filterLoc,,
3360,1289,filterLoc,,
3360,1292,filterLoc,,
3360,1295,filterLoc,,
3360,1298,filterLoc,,
3360,1301,filterLoc,,
3360,1304,filterLoc,,
3360,1307,filterLoc,,
3360,1310,filterLoc,,
3360,1313,filterLoc,,
3360,1316,filterLoc,,
3360,1319,filterLoc,,
3360,1322,filterLoc,,
3360,1325,filterLoc,,
3360,1328,filterLoc,,
3360,1331,filterLoc,,
3360,1334,filterLoc,,
3360,1337,filterLoc,,
3360,1340,filterLoc,,
3360,1343,filterLoc,,
3360,1346,filterLoc,,
3360,1349,filterLoc,,
3360,1352,filterLoc,,
3360,1355,filterLoc,,
3360,1358,filterLoc,,
3360,1361,filterLoc,,
3360,1364,filterLoc,,
3360,1367,filterLoc,,
3360,1370,filterLoc,,
3360,1373,filterLoc,,
3360,1376,filterLoc,,
3360,1379,filterLoc,,
3360,1382,filterLoc,,
3360,1385,filterLoc,,
3360,1388,filterLoc,,
3360,1391,filterLoc,,
3360,1394,filterLoc,,
3360,1397,filterLoc,,
3360,1400,filterLoc,,
3360,1403,filterLoc,,
3360,1406,filterLoc,,
3360,1409,filterLoc,,
3360,1412,filterLoc,,
3360,1415,filterLoc,,
3360,1418,filterLoc,,
3360,1421,filterLoc,,
3360,1424,filterLoc,,
3360,1427,filterLoc,,
3360,1430,filterLoc,,
3360,1433,filterLoc,,
3360,1436,filterLoc,,
3360,1439,filterLoc,,
3360,1442,filterLoc,,
3360,1445,filterLoc,,
3360,1448,filterLoc,,
3360,1451,filterLoc,,
3360,1454,filterLoc,,
3360,1457,filterLoc,,
3360,1460,filterLoc,,
3360,1463,filterLoc,,
3360,1466,filterLoc,,
3360,1469,filterLoc,,
3360,1472,filterLoc,,;Evacuee;237;in triage category;G;is entering helicopter;3
3360,1475,filterLoc,,;Evacuee;238;in triage category;G;is entering helicopter;3
3360,1478,filterLoc,,
3360,1481,filterLoc,,;Evacuee;239;in triage category;G;is entering helicopter;3
3360,1484,filterLoc,,;Evacuee;243;in triage category;G;is entering helicopter;3
3360,1487,filterLoc,,
3360,1490,filterLoc,,
3360,1493,filterLoc,,
3360,1496,filterLoc,,
3360,1499,filterLoc,,
3360,1502,filterLoc,,
3360,1505,filterLoc,,
3360,1508,filterLoc,,
3360,1511,filterLoc,,
3360,1514,filterLoc,,
3360,1517,filterLoc,,
3360,492,filterLoc,out,Evacuee 245 in triage category G is assigned helicopter 3
3360,492,filterLoc,,
3360,493,evacuee,,Evacuee;245;in triage state;G;is entering helicopter;3
3360,573,filterLoc,out,Evacuee 228 in triage category G is assigned helicopter 3
3360,573,filterLoc,,
3360,574,evacuee,,Evacuee;228;in triage state;G;is entering helicopter;3
3360,771,filterLoc,out,Evacuee 250 in triage category G is assigned helicopter 3
3360,771,filterLoc,,
3360,772,evacuee,,Evacuee;250;in triage state;G;is entering helicopter;3
3360,777,filterLoc,out,Evacuee 229 in triage category G is assigned helicopter 3
3360,777,filterLoc,,
3360,778,evacuee,,Evacuee;229;in triage state;G;is entering helicopter;3
3360,849,filterLoc,out,Evacuee 240 in triage category G is assigned helicopter 3
3360,849,filterLoc,,
3360,850,evacuee,,Evacuee;240;in triage state;G;is entering helicopter;3
3360,1268,filterLoc,out,Evacuee 242 in triage category G is assigned helicopter 3
3360,1268,filterLoc,,
3360,1269,evacuee,,Evacuee;242;in triage state;G;is entering helicopter;3
3360,1472,filterLoc,out,Evacuee 237 in triage category G is assigned helicopter 3
3360,1472,filterLoc,,
3360,1473,evacuee,,Evacuee;237;in triage state;G;is entering helicopter;3
3360,1475,filterLoc,out,Evacuee 238 in triage category G is assigned helicopter 3
3360,1475,filterLoc,,
3360,1476,evacuee,,Evacuee;238;in triage state;G;is entering helicopter;3
3360,1481,filterLoc,out,Evacuee 239 in triage category G is assigned helicopter 3
3360,1481,filterLoc,,
3360,1482,evacuee,,Evacuee;239;in triage state;G;is entering helicopter;3
3360,1484,filterLoc,out,Evacuee 243 in triage category G is assigned helicopter 3
3360,1484,filterLoc,,
3360,1485,evacuee,,Evacuee;243;in triage state;G;is entering helicopter;3
3360,103,filterEvac,,;Evacuee;228;in triage category;G;is entering helicopter;3;Evacuee;229;in triage category;G;is entering helicopter;3;Evacuee;237;in triage category;G;is entering helicopter;3;Evacuee;238;in triage category;G;is entering helicopter;3;Evacuee;239;in triage category;G;is entering helicopter;3;Evacuee;240;in triage category;G;is entering helicopter;3;Evacuee;242;in triage category;G;is entering helicopter;3;Evacuee;243;in triage category;G;is entering helicopter;3;Evacuee;245;in triage category;G;is entering helicopter;3;Evacuee;250;in triage category;G;is entering helicopter;3
3360,493,evacuee,outHelo,Evacuee 245 in triage category G is assigned helicopter 3
3360,493,evacuee,,Evacuee;245;in triage state;G;is in helicopter;3
3360,574,evacuee,outHelo,Evacuee 228 in triage category G is assigned helicopter 3
3360,574,evacuee,,Evacuee;228;in triage state;G;is in helicopter;3
3360,772,evacuee,outHelo,Evacuee 250 in triage category G is assigned helicopter 3
3360,772,evacuee,,Evacuee;250;in triage state;G;is in helicopter;3
3360,778,evacuee,outHelo,Evacuee 229 in triage category G is assigned helicopter 3
3360,778,evacuee,,Evacuee;229;in triage state;G;is in helicopter;3
3360,850,evacuee,outHelo,Evacuee 240 in triage category G is assigned helicopter 3
3360,850,evacuee,,Evacuee;240;in triage state;G;is in helicopter;3
3360,1119,filterEvac,,
3360,1159,filterEvac,,
3360,1269,evacuee,outHelo,Evacuee 242 in triage category G is assigned helicopter 3
3360,1269,evacuee,,Evacuee;242;in triage state;G;is in helicopter;3
3360,1473,evacuee,outHelo,Evacuee 237 in triage category G is assigned helicopter 3
3360,1473,evacuee,,Evacuee;237;in triage state;G;is in helicopter;3
3360,1476,evacuee,outHelo,Evacuee 238 in triage category G is assigned helicopter 3
3360,1476,evacuee,,Evacuee;238;in triage state;G;is in helicopter;3
3360,1482,evacuee,outHelo,Evacuee 239 in triage category G is assigned helicopter 3
3360,1482,evacuee,,Evacuee;239;in triage state;G;is in helicopter;3
3360,1485,evacuee,outHelo,Evacuee 243 in triage category G is assigned helicopter 3
3360,1485,evacuee,,Evacuee;243;in triage state;G;is in helicopter;3
3360,103,filterEvac,out,Evacuee 228 in triage category G is assigned helicopter 3
3360,103,filterEvac,out,Evacuee 229 in triage category G is assigned helicopter 3
3360,103,filterEvac,out,Evacuee 237 in triage category G is assigned helicopter 3
3360,103,filterEvac,out,Evacuee 238 in triage category G is assigned helicopter 3
3360,103,filterEvac,out,Evacuee 239 in triage category G is assigned helicopter 3
3360,103,filterEvac,out,Evacuee 240 in triage category G is assigned helicopter 3
3360,103,filterEvac,out,Evacuee 242 in triage category G is assigned helicopter 3
3360,103,filterEvac,out,Evacuee 243 in triage category G is assigned helicopter 3
3360,103,filterEvac,out,Evacuee 245 in triage category G is assigned helicopter 3
3360,103,filterEvac,out,Evacuee 250 in triage category G is assigned helicopter 3
3360,103,filterEvac,,
3360,105,helicopter,,Helicopter;3;is loading people at the evacuation site;;and has;10;spots taken
3368.68,3,evacueeManager,,OFF SHIP: White;0;Green;66;Yellow;19;Red;5;Black;320;ON SHIP: White;0;Green;0;Yellow;0;Red;0;Evacuees to Transfer;
3368.68,892,evacuee,outES,Evacuee 92 in triage category Y is not assigned a helicopter
3368.68,892,evacuee,,Evacuee;92;in triage state;R;is at the evacuation site
3375,4,helipadManager,outHelo,Helicopter 3 is evacuating people3
3375,4,helipadManager,,;No helos are at ES
3375,104,filterES,,Helicopter;3;is evacuating people
3375,1120,filterES,,
3375,1160,filterES,,
3375,4,helipadManager,outHQ,0
3375,4,helipadManager,,;No helos are at ES
3375,5,helicopterQueue,,;No helos are waiting to land
3375,104,filterES,out,Helicopter 3 is evacuating people3
3375,104,filterES,,
3375,105,helicopter,,Helicopter;3;is loading people at the evacuation site;;and has;10;spots taken
3375,5,helicopterQueue,,;No helos are waiting to land
3375,105,helicopter,,Helicopter;3;is returning to the FOL;;and has;10;spots taken
3382.6,3,evacueeManager,,OFF SHIP: White;0;Green;66;Yellow;18;Red;6;Black;320;ON SHIP: White;0;Green;0;Yellow;0;Red;0;Evacuees to Transfer;
3382.6,970,evacuee,outES,Evacuee 116 in triage category Y is not assigned a helicopter
3382.6,970,evacuee,,Evacuee;116;in triage state;R;is at the evacuation site
3389.42,3,evacueeManager,,OFF SHIP: White;0;Green;66;Yellow;18;Red;5;Black;321;ON SHIP: White;0;Green;0;Yellow;0;Red;0;Evacuees to Transfer;
3389.42,892,evacuee,outES,Evacuee 92 in triage category R is not assigned a helicopter
3389.42,892,evacuee,,Evacuee;92;in triage state;B;is at the evacuation site
3390,7,filterLoc,,
3390,10,filterLoc,,
3390,13,filterLoc,,
3390,16,filterLoc,,
3390,19,filterLoc,,
3390,22,filterLoc,,
3390,25,filterLoc,,
3390,28,filterLoc,,
3390,31,filterLoc,,
3390,34,filterLoc,,
3390,37,filterLoc,,
3390,40,filterLoc,,
3390,43,filterLoc,,
3390,46,filterLoc,,
3390,49,filterLoc,,
3390,52,filterLoc,,
3390,55,filterLoc,,
3390,58,filterLoc,,
3390,61,filterLoc,,
3390,64,filterLoc,,
3390,67,filterLoc,,
3390,70,filterLoc,,
3390,73,filterLoc,,
3390,76,filterLoc,,
3390,79,filterLoc,,
3390,82,filterLoc,,
3390,85,filterLoc,,
3390,88,filterLoc,,
3390,91,filterLoc,,
3390,94,filterLoc,,
3390,97,filterLoc,,
3390,100,filterLoc,,
3390,107,filterLoc,,
3390,110,filterLoc,,
3390,113,filterLoc,,
3390,116,filterLoc,,
3390,119,filterLoc,,
3390,122,filterLoc,,
3390,125,filterLoc,,
3390,128,filterLoc,,
3390,131,filterLoc,,
3390,134,filterLoc,,
3390,137,filterLoc,,
3390,140,filterLoc,,
3390,143,filterLoc,,
3390,146,filterLoc,,
3390,149,filterLoc,,
3390,152,filterLoc,,
3390,155,filterLoc,,
3390,158,filterLoc,,
3390,161,filterLoc,,
3390,164,filterLoc,,
3390,167,filterLoc,,
3390,170,filterLoc,,
3390,173,filterLoc,,
3390,176,filterLoc,,
3390,179,filterLoc,,
3390,182,filterLoc,,
3390,185,filterLoc,,
3390,188,filterLoc,,
3390,191,filterLoc,,
3390,194,filterLoc,,
3390,197,filterLoc,,
3390,200,filterLoc,,
3390,203,filterLoc,,
3390,206,filterLoc,,
3390,209,filterLoc,,
3390,212,filterLoc,,
3390,215,filterLoc,,
3390,218,filterLoc,,
3390,221,filterLoc,,
3390,225,filterLoc,,
3390,228,filterLoc,,
3390,231,filterLoc,,
3390,234,filterLoc,,
3390,237,filterLoc,,
3390,240,filterLoc,,
3390,243,filterLoc,,
3390,246,filterLoc,,
3390,249,filterLoc,,
3390,252,filterLoc,,
3390,255,filterLoc,,
3390,258,filterLoc,,
3390,261,filterLoc,,
3390,264,filterLoc,,
3390,267,filterLoc,,
3390,270,filterLoc,,
3390,273,filterLoc,,
3390,276,filterLoc,,
3390,279,filterLoc,,
3390,282,filterLoc,,
3390,285,filterLoc,,
3390,288,filterLoc,,
3390,291,filterLoc,,
3390,294,filterLoc,,
3390,297,filterLoc,,
3390,300,filterLoc,,
3390,303,filterLoc,,
3390,306,filterLoc,,
3390,309,filterLoc,,
3390,312,filterLoc,,
3390,315,filterLoc,,
3390,318,filterLoc,,
3390,321,filterLoc,,
3390,324,filterLoc,,
3390,327,filterLoc,,
3390,330,filterLoc,,
3390,333,filterLoc,,
3390,336,filterLoc,,
3390,339,filterLoc,,
3390,342,filterLoc,,
3390,345,filterLoc,,
3390,348,filterLoc,,
3390,351,filterLoc,,
3390,354,filterLoc,,
3390,357,filterLoc,,
3390,360,filterLoc,,
3390,363,filterLoc,,
3390,366,filterLoc,,
3390,369,filterLoc,,
3390,372,filterLoc,,
3390,375,filterLoc,,
3390,378,filterLoc,,
3390,381,filterLoc,,
3390,384,filterLoc,,
3390,387,filterLoc,,
3390,390,filterLoc,,
3390,393,filterLoc,,
3390,396,filterLoc,,
3390,399,filterLoc,,
3390,402,filterLoc,,
3390,405,filterLoc,,
3390,408,filterLoc,,
3390,411,filterLoc,,
3390,414,filterLoc,,
3390,417,filterLoc,,
3390,420,filterLoc,,
3390,423,filterLoc,,
3390,426,filterLoc,,
3390,429,filterLoc,,
3390,432,filterLoc,,
3390,435,filterLoc,,
3390,438,filterLoc,,
3390,441,filterLoc,,
3390,444,filterLoc,,
3390,447,filterLoc,,
3390,450,filterLoc,,
3390,453,filterLoc,,
3390,456,filterLoc,,
3390,459,filterLoc,,
3390,462,filterLoc,,
3390,465,filterLoc,,
3390,468,filterLoc,,
3390,471,filterLoc,,
3390,474,filterLoc,,
3390,477,filterLoc,,
3390,480,filterLoc,,
3390,483,filterLoc,,
3390,486,filterLoc,,
3390,489,filterLoc,,
3390,492,filterLoc,,
3390,495,filterLoc,,
3390,498,filterLoc,,
3390,501,filterLoc,,
3390,504,filterLoc,,
3390,507,filterLoc,,
3390,510,filterLoc,,
3390,513,filterLoc,,
3390,516,filterLoc,,
3390,519,filterLoc,,
3390,522,filterLoc,,
3390,525,filterLoc,,
3390,528,filterLoc,,
3390,531,filterLoc,,
3390,534,filterLoc,,
3390,537,filterLoc,,
3390,540,filterLoc,,
3390,543,filterLoc,,
3390,546,filterLoc,,
3390,549,filterLoc,,
3390,552,filterLoc,,
3390,555,filterLoc,,
3390,558,filterLoc,,
3390,561,filterLoc,,
3390,564,filterLoc,,
3390,567,filterLoc,,
3390,570,filterLoc,,
3390,573,filterLoc,,
3390,576,filterLoc,,
3390,579,filterLoc,,
3390,582,filterLoc,,
3390,585,filterLoc,,
3390,588,filterLoc,,
3390,591,filterLoc,,
3390,594,filterLoc,,
3390,597,filterLoc,,
3390,600,filterLoc,,
3390,603,filterLoc,,
3390,606,filterLoc,,
3390,609,filterLoc,,
3390,612,filterLoc,,
3390,615,filterLoc,,
3390,618,filterLoc,,
3390,621,filterLoc,,
3390,624,filterLoc,,
3390,627,filterLoc,,
3390,630,filterLoc,,
3390,633,filterLoc,,
3390,636,filterLoc,,
3390,639,filterLoc,,
3390,642,filterLoc,,
3390,645,filterLoc,,
3390,648,filterLoc,,
3390,651,filterLoc,,
3390,654,filterLoc,,
3390,657,filterLoc,,
3390,660,filterLoc,,
3390,663,filterLoc,,
3390,666,filterLoc,,
3390,669,filterLoc,,
3390,672,filterLoc,,
3390,675,filterLoc,,
3390,678,filterLoc,,
3390,681,filterLoc,,
3390,684,filterLoc,,
3390,687,filterLoc,,
3390,690,filterLoc,,
3390,693,filterLoc,,
3390,696,filterLoc,,
3390,699,filterLoc,,
3390,702,filterLoc,,
3390,705,filterLoc,,;Evacuee;199;in triage category;G;is leaving helicopter;2
3390,708,filterLoc,,
3390,711,filterLoc,,
3390,714,filterLoc,,;Evacuee;223;in triage category;G;is leaving helicopter;2
3390,717,filterLoc,,
3390,720,filterLoc,,
3390,723,filterLoc,,
3390,726,filterLoc,,
3390,729,filterLoc,,
3390,732,filterLoc,,
3390,735,filterLoc,,
3390,738,filterLoc,,
3390,741,filterLoc,,
3390,744,filterLoc,,
3390,747,filterLoc,,
3390,750,filterLoc,,
3390,753,filterLoc,,
3390,756,filterLoc,,
3390,759,filterLoc,,
3390,762,filterLoc,,
3390,765,filterLoc,,
3390,768,filterLoc,,
3390,771,filterLoc,,
3390,774,filterLoc,,
3390,777,filterLoc,,
3390,780,filterLoc,,
3390,783,filterLoc,,
3390,786,filterLoc,,
3390,789,filterLoc,,
3390,792,filterLoc,,
3390,795,filterLoc,,
3390,798,filterLoc,,
3390,801,filterLoc,,
3390,804,filterLoc,,
3390,807,filterLoc,,
3390,810,filterLoc,,
3390,813,filterLoc,,
3390,816,filterLoc,,
3390,819,filterLoc,,
3390,822,filterLoc,,
3390,825,filterLoc,,
3390,828,filterLoc,,
3390,831,filterLoc,,
3390,834,filterLoc,,
3390,837,filterLoc,,
3390,840,filterLoc,,
3390,843,filterLoc,,
3390,846,filterLoc,,
3390,849,filterLoc,,
3390,852,filterLoc,,
3390,855,filterLoc,,
3390,858,filterLoc,,
3390,861,filterLoc,,
3390,864,filterLoc,,
3390,867,filterLoc,,
3390,870,filterLoc,,
3390,873,filterLoc,,
3390,876,filterLoc,,
3390,879,filterLoc,,
3390,882,filterLoc,,
3390,885,filterLoc,,
3390,888,filterLoc,,
3390,891,filterLoc,,
3390,894,filterLoc,,
3390,897,filterLoc,,
3390,900,filterLoc,,
3390,903,filterLoc,,
3390,906,filterLoc,,
3390,909,filterLoc,,
3390,912,filterLoc,,
3390,915,filterLoc,,
3390,918,filterLoc,,
3390,921,filterLoc,,;Evacuee;196;in triage category;G;is leaving helicopter;2
3390,924,filterLoc,,
3390,927,filterLoc,,
3390,930,filterLoc,,
3390,933,filterLoc,,
3390,936,filterLoc,,
3390,939,filterLoc,,
3390,942,filterLoc,,
3390,945,filterLoc,,
3390,948,filterLoc,,
3390,951,filterLoc,,
3390,954,filterLoc,,
3390,957,filterLoc,,
3390,960,filterLoc,,
3390,963,filterLoc,,
3390,966,filterLoc,,
3390,969,filterLoc,,
3390,972,filterLoc,,
3390,975,filterLoc,,
3390,978,filterLoc,,
3390,981,filterLoc,,
3390,984,filterLoc,,
3390,987,filterLoc,,
3390,990,filterLoc,,
3390,993,filterLoc,,
3390,996,filterLoc,,
3390,999,filterLoc,,
3390,1002,filterLoc,,
3390,1005,filterLoc,,
3390,1008,filterLoc,,
3390,1011,filterLoc,,
3390,1014,filterLoc,,
3390,1017,filterLoc,,
3390,1020,filterLoc,,
3390,1023,filterLoc,,
3390,1026,filterLoc,,
3390,1029,filterLoc,,
3390,1032,filterLoc,,
3390,1035,filterLoc,,
3390,1038,filterLoc,,
3390,1041,filterLoc,,
3390,1044,filterLoc,,
3390,1047,filterLoc,,
3390,1050,filterLoc,,
3390,1053,filterLoc,,
3390,1056,filterLoc,,
3390,1059,filterLoc,,;Evacuee;198;in triage category;G;is leaving helicopter;2
3390,1062,filterLoc,,
3390,1065,filterLoc,,
3390,1068,filterLoc,,
3390,1071,filterLoc,,
3390,1074,filterLoc,,
3390,1077,filterLoc,,
3390,1080,filterLoc,,
3390,1083,filterLoc,,
3390,1086,filterLoc,,
3390,1089,filterLoc,,
3390,1092,filterLoc,,
3390,1095,filterLoc,,
3390,1098,filterLoc,,
3390,1101,filterLoc,,
3390,1104,filterLoc,,
3390,1107,filterLoc,,
3390,1110,filterLoc,,
3390,1113,filterLoc,,
3390,1116,filterLoc,,
3390,1121,helicopter,outEvac,Evacuee 191 in triage category G is not assigned a helicopter
3390,1121,helicopter,outEvac,Evacuee 194 in triage category G is not assigned a helicopter
3390,1121,helicopter,outEvac,Evacuee 196 in triage category G is not assigned a helicopter
3390,1121,helicopter,outEvac,Evacuee 198 in triage category G is not assigned a helicopter
3390,1121,helicopter,outEvac,Evacuee 199 in triage category G is not assigned a helicopter
3390,1121,helicopter,outEvac,Evacuee 206 in triage category G is not assigned a helicopter
3390,1121,helicopter,outEvac,Evacuee 207 in triage category G is not assigned a helicopter
3390,1121,helicopter,outEvac,Evacuee 211 in triage category G is not assigned a helicopter
3390,1121,helicopter,outEvac,Evacuee 217 in triage category G is not assigned a helicopter
3390,1121,helicopter,outEvac,Evacuee 223 in triage category G is not assigned a helicopter
3390,1121,helicopter,,Helicopter;2;is unloading people at the FOL;;and has;0;spots taken
3390,1123,filterLoc,,
3390,1126,filterLoc,,
3390,1129,filterLoc,,
3390,1132,filterLoc,,
3390,1135,filterLoc,,
3390,1138,filterLoc,,
3390,1141,filterLoc,,
3390,1144,filterLoc,,
3390,1147,filterLoc,,
3390,1150,filterLoc,,
3390,1153,filterLoc,,
3390,1156,filterLoc,,
3390,1163,filterLoc,,
3390,1166,filterLoc,,
3390,1169,filterLoc,,
3390,1172,filterLoc,,
3390,1175,filterLoc,,
3390,1178,filterLoc,,
3390,1181,filterLoc,,
3390,1184,filterLoc,,
3390,1187,filterLoc,,
3390,1190,filterLoc,,
3390,1193,filterLoc,,
3390,1196,filterLoc,,
3390,1199,filterLoc,,
3390,1202,filterLoc,,
3390,1205,filterLoc,,;Evacuee;194;in triage category;G;is leaving helicopter;2
3390,1208,filterLoc,,
3390,1211,filterLoc,,
3390,1214,filterLoc,,
3390,1217,filterLoc,,
3390,1220,filterLoc,,
3390,1223,filterLoc,,
3390,1226,filterLoc,,
3390,1229,filterLoc,,
3390,1232,filterLoc,,
3390,1235,filterLoc,,
3390,1238,filterLoc,,
3390,1241,filterLoc,,
3390,1244,filterLoc,,
3390,1247,filterLoc,,
3390,1250,filterLoc,,
3390,1253,filterLoc,,
3390,1256,filterLoc,,
3390,1259,filterLoc,,
3390,1262,filterLoc,,
3390,1265,filterLoc,,
3390,1268,filterLoc,,
3390,1271,filterLoc,,
3390,1274,filterLoc,,
3390,1277,filterLoc,,
3390,1280,filterLoc,,
3390,1283,filterLoc,,
3390,1286,filterLoc,,
3390,1289,filterLoc,,
3390,1292,filterLoc,,
3390,1295,filterLoc,,
3390,1298,filterLoc,,
3390,1301,filterLoc,,
3390,1304,filterLoc,,
3390,1307,filterLoc,,
3390,1310,filterLoc,,
3390,1313,filterLoc,,
3390,1316,filterLoc,,
3390,1319,filterLoc,,
3390,1322,filterLoc,,
3390,1325,filterLoc,,
3390,1328,filterLoc,,
3390,1331,filterLoc,,
3390,1334,filterLoc,,
3390,1337,filterLoc,,;Evacuee;217;in triage category;G;is leaving helicopter;2
3390,1340,filterLoc,,
3390,1343,filterLoc,,
3390,1346,filterLoc,,;Evacuee;191;in triage category;G;is leaving helicopter;2
3390,1349,filterLoc,,
3390,1352,filterLoc,,
3390,1355,filterLoc,,
3390,1358,filterLoc,,
3390,1361,filterLoc,,
3390,1364,filterLoc,,
3390,1367,filterLoc,,
3390,1370,filterLoc,,
3390,1373,filterLoc,,
3390,1376,filterLoc,,
3390,1379,filterLoc,,
3390,1382,filterLoc,,
3390,1385,filterLoc,,
3390,1388,filterLoc,,
3390,1391,filterLoc,,
3390,1394,filterLoc,,
3390,1397,filterLoc,,
3390,1400,filterLoc,,
3390,1403,filterLoc,,;Evacuee;206;in triage category;G;is leaving helicopter;2
3390,1406,filterLoc,,
3390,1409,filterLoc,,;Evacuee;207;in triage category;G;is leaving helicopter;2
3390,1412,filterLoc,,
3390,1415,filterLoc,,;Evacuee;211;in triage category;G;is leaving helicopter;2
3390,1418,filterLoc,,
3390,1421,filterLoc,,
3390,1424,filterLoc,,
3390,1427,filterLoc,,
3390,1430,filterLoc,,
3390,1433,filterLoc,,
3390,1436,filterLoc,,
3390,1439,filterLoc,,
3390,1442,filterLoc,,
3390,1445,filterLoc,,
3390,1448,filterLoc,,
3390,1451,filterLoc,,
3390,1454,filterLoc,,
3390,1457,filterLoc,,
3390,1460,filterLoc,,
3390,1463,filterLoc,,
3390,1466,filterLoc,,
3390,1469,filterLoc,,
3390,1472,filterLoc,,
3390,1475,filterLoc,,
3390,1478,filterLoc,,
3390,1481,filterLoc,,
3390,1484,filterLoc,,
3390,1487,filterLoc,,
3390,1490,filterLoc,,
3390,1493,filterLoc,,
3390,1496,filterLoc,,
3390,1499,filterLoc,,
3390,1502,filterLoc,,
3390,1505,filterLoc,,
3390,1508,filterLoc,,
3390,1511,filterLoc,,
3390,1514,filterLoc,,
3390,1517,filterLoc,,
3390,705,filterLoc,out,Evacuee 199 in triage category G is not assigned a helicopter
3390,705,filterLoc,,
3390,706,evacuee,,Evacuee;199;in triage state;G;is entering the FOL
3390,714,filterLoc,out,Evacuee 223 in triage category G is not assigned a helicopter
3390,714,filterLoc,,
3390,715,evacuee,,Evacuee;223;in triage state;G;is entering the FOL
3390,921,filterLoc,out,Evacuee 196 in triage category G is not assigned a helicopter
3390,921,filterLoc,,
3390,922,evacuee,,Evacuee;196;in triage state;G;is entering the FOL
3390,1059,filterLoc,out,Evacuee 198 in triage category G is not assigned a helicopter
3390,1059,filterLoc,,
3390,1060,evacuee,,Evacuee;198;in triage state;G;is entering the FOL
3390,1205,filterLoc,out,Evacuee 194 in triage category G is not assigned a helicopter
3390,1205,filterLoc,,
3390,1206,evacuee,,Evacuee;194;in triage state;G;is entering the FOL
3390,1337,filterLoc,out,Evacuee 217 in triage category G is not assigned a helicopter
3390,1337,filterLoc,,
3390,1338,evacuee,,Evacuee;217;in triage state;G;is entering the FOL
3390,1346,filterLoc,out,Evacuee 191 in triage category G is not assigned a helicopter
3390,1346,filterLoc,,
3390,1347,evacuee,,Evacuee;191;in triage state;G;is entering the FOL
3390,1403,filterLoc,out,Evacuee 206 in triage category G is not assigned a helicopter
3390,1403,filterLoc,,
3390,1404,evacuee,,Evacuee;206;in triage state;G;is entering the FOL
3390,1409,filterLoc,out,Evacuee 207 in triage category G is not assigned a helicopter
3390,1409,filterLoc,,
3390,1410,evacuee,,Evacuee;207;in triage state;G;is entering the FOL
3390,1415,filterLoc,out,Evacuee 211 in triage category G is not assigned a helicopter
3390,1415,filterLoc,,
3390,1416,evacuee,,Evacuee;211;in triage state;G;is entering the FOL
3390,223,FOL,,;EvacueeID;3;Triage Status;G;EvacueeID;5;Triage Status;G;EvacueeID;6;Triage Status;G;EvacueeID;7;Triage Status;G;EvacueeID;8;Triage Status;G;EvacueeID;16;Triage Status;G;EvacueeID;20;Triage Status;G;EvacueeID;21;Triage Status;G;EvacueeID;27;Triage Status;G;EvacueeID;35;Triage Status;G;EvacueeID;36;Triage Status;G;EvacueeID;39;Triage Status;G;EvacueeID;41;Triage Status;G;EvacueeID;42;Triage Status;G;EvacueeID;47;Triage Status;G;EvacueeID;49;Triage Status;G;EvacueeID;51;Triage Status;G;EvacueeID;52;Triage Status;G;EvacueeID;56;Triage Status;G;EvacueeID;62;Triage Status;G;EvacueeID;63;Triage Status;G;EvacueeID;66;Triage Status;G;EvacueeID;68;Triage Status;G;EvacueeID;69;Triage Status;G;EvacueeID;70;Triage Status;G;EvacueeID;72;Triage Status;G;EvacueeID;79;Triage Status;G;EvacueeID;80;Triage Status;G;EvacueeID;84;Triage Status;G;EvacueeID;86;Triage Status;G;EvacueeID;87;Triage Status;G;EvacueeID;89;Triage Status;G;EvacueeID;94;Triage Status;G;EvacueeID;96;Triage Status;G;EvacueeID;97;Triage Status;G;EvacueeID;101;Triage Status;G;EvacueeID;103;Triage Status;G;EvacueeID;107;Triage Status;G;EvacueeID;110;Triage Status;G;EvacueeID;111;Triage Status;G;EvacueeID;113;Triage Status;G;EvacueeID;115;Triage Status;G;EvacueeID;118;Triage Status;G;EvacueeID;120;Triage Status;G;EvacueeID;124;Triage Status;G;EvacueeID;128;Triage Status;G;EvacueeID;130;Triage Status;G;EvacueeID;132;Triage Status;G;EvacueeID;133;Triage Status;G;EvacueeID;134;Triage Status;G;EvacueeID;135;Triage Status;G;EvacueeID;137;Triage Status;G;EvacueeID;138;Triage Status;G;EvacueeID;139;Triage Status;G;EvacueeID;140;Triage Status;G;EvacueeID;141;Triage Status;G;EvacueeID;143;Triage Status;G;EvacueeID;146;Triage Status;G;EvacueeID;154;Triage Status;G;EvacueeID;155;Triage Status;G;EvacueeID;157;Triage Status;G;EvacueeID;166;Triage Status;G;EvacueeID;167;Triage Status;G;EvacueeID;172;Triage Status;G;EvacueeID;173;Triage Status;G;EvacueeID;175;Triage Status;G;EvacueeID;178;Triage Status;G;EvacueeID;180;Triage Status;G;EvacueeID;186;Triage Status;G;EvacueeID;189;Triage Status;G;EvacueeID;191;Triage Status;G;EvacueeID;194;Triage Status;G;EvacueeID;196;Triage Status;G;EvacueeID;198;Triage Status;G;EvacueeID;199;Triage Status;G;EvacueeID;206;Triage Status;G;EvacueeID;207;Triage Status;G;EvacueeID;211;Triage Status;G;EvacueeID;217;Triage Status;G;EvacueeID;223;Triage Status;G;Lives Saved;80
3390,706,evacuee,outFOL,Evacuee 199 in triage category G is not assigned a helicopter
3390,706,evacuee,,Evacuee;199;in triage state;G;is at the FOL
3390,715,evacuee,outFOL,Evacuee 223 in triage category G is not assigned a helicopter
3390,715,evacuee,,Evacuee;223;in triage state;G;is at the FOL
3390,922,evacuee,outFOL,Evacuee 196 in triage category G is not assigned a helicopter
3390,922,evacuee,,Evacuee;196;in triage state;G;is at the FOL
3390,1060,evacuee,outFOL,Evacuee 198 in triage category G is not assigned a helicopter
3390,1060,evacuee,,Evacuee;198;in triage state;G;is at the FOL
3390,1206,evacuee,outFOL,Evacuee 194 in triage category G is not assigned a helicopter
3390,1206,evacuee,,Evacuee;194;in triage state;G;is at the FOL
3390,1338,evacuee,outFOL,Evacuee 217 in triage category G is not assigned a helicopter
3390,1338,evacuee,,Evacuee;217;in triage state;G;is at the FOL
3390,1347,evacuee,outFOL,Evacuee 191 in triage category G is not assigned a helicopter
3390,1347,evacuee,,Evacuee;191;in triage state;G;is at the FOL
3390,1404,evacuee,outFOL,Evacuee 206 in triage category G is not assigned a helicopter
3390,1404,evacuee,,Evacuee;206;in triage state;G;is at the FOL
3390,1410,evacuee,outFOL,Evacuee 207 in triage category G is not assigned a helicopter
3390,1410,evacuee,,Evacuee;207;in triage state;G;is at the FOL
3390,1416,evacuee,outFOL,Evacuee 211 in triage category G is not assigned a helicopter
3390,1416,evacuee,,Evacuee;211;in triage state;G;is at the FOL
3390,223,FOL,,;EvacueeID;3;Triage Status;G;EvacueeID;5;Triage Status;G;EvacueeID;6;Triage Status;G;EvacueeID;7;Triage Status;G;EvacueeID;8;Triage Status;G;EvacueeID;16;Triage Status;G;EvacueeID;20;Triage Status;G;EvacueeID;21;Triage Status;G;EvacueeID;27;Triage Status;G;EvacueeID;35;Triage Status;G;EvacueeID;36;Triage Status;G;EvacueeID;39;Triage Status;G;EvacueeID;41;Triage Status;G;EvacueeID;42;Triage Status;G;EvacueeID;47;Triage Status;G;EvacueeID;49;Triage Status;G;EvacueeID;51;Triage Status;G;EvacueeID;52;Triage Status;G;EvacueeID;56;Triage Status;G;EvacueeID;62;Triage Status;G;EvacueeID;63;Triage Status;G;EvacueeID;66;Triage Status;G;EvacueeID;68;Triage Status;G;EvacueeID;69;Triage Status;G;EvacueeID;70;Triage Status;G;EvacueeID;72;Triage Status;G;EvacueeID;79;Triage Status;G;EvacueeID;80;Triage Status;G;EvacueeID;84;Triage Status;G;EvacueeID;86;Triage Status;G;EvacueeID;87;Triage Status;G;EvacueeID;89;Triage Status;G;EvacueeID;94;Triage Status;G;EvacueeID;96;Triage Status;G;EvacueeID;97;Triage Status;G;EvacueeID;101;Triage Status;G;EvacueeID;103;Triage Status;G;EvacueeID;107;Triage Status;G;EvacueeID;110;Triage Status;G;EvacueeID;111;Triage Status;G;EvacueeID;113;Triage Status;G;EvacueeID;115;Triage Status;G;EvacueeID;118;Triage Status;G;EvacueeID;120;Triage Status;G;EvacueeID;124;Triage Status;G;EvacueeID;128;Triage Status;G;EvacueeID;130;Triage Status;G;EvacueeID;132;Triage Status;G;EvacueeID;133;Triage Status;G;EvacueeID;134;Triage Status;G;EvacueeID;135;Triage Status;G;EvacueeID;137;Triage Status;G;EvacueeID;138;Triage Status;G;EvacueeID;139;Triage Status;G;EvacueeID;140;Triage Status;G;EvacueeID;141;Triage Status;G;EvacueeID;143;Triage Status;G;EvacueeID;146;Triage Status;G;EvacueeID;154;Triage Status;G;EvacueeID;155;Triage Status;G;EvacueeID;157;Triage Status;G;EvacueeID;166;Triage Status;G;EvacueeID;167;Triage Status;G;EvacueeID;172;Triage Status;G;EvacueeID;173;Triage Status;G;EvacueeID;175;Triage Status;G;EvacueeID;178;Triage Status;G;EvacueeID;180;Triage Status;G;EvacueeID;186;Triage Status;G;EvacueeID;189;Triage Status;G;EvacueeID;191;Triage Status;G;EvacueeID;194;Triage Status;G;EvacueeID;196;Triage Status;G;EvacueeID;198;Triage Status;G;EvacueeID;199;Triage Status;G;EvacueeID;206;Triage Status;G;EvacueeID;207;Triage Status;G;EvacueeID;211;Triage Status;G;EvacueeID;217;Triage Status;G;EvacueeID;223;Triage Status;G;Lives Saved;80
3405,1121,helicopter,,Helicopter;2;Is going to the evacuation site;;and has;0;spots taken
3412.62,3,evacueeManager,,OFF SHIP: White;0;Green;65;Yellow;19;Red;5;Black;321;ON SHIP: White;0;Green;0;Yellow;0;Red;0;Evacuees to Transfer;
3412.62,274,evacuee,outES,Evacuee 338 in triage category G is not assigned a helicopter
3412.62,274,evacuee,,Evacuee;338;in triage state;Y;is at the evacuation site
3420,5,helicopterQueue,,1;Helos are waiting to land;HeloID;1
3420,1161,helicopter,outES,Helicopter 1 is evacuating people1
3420,1161,helicopter,,Helicopter;1;is waiting to land at the evacuation site;;and has;0;spots taken
3420,4,helipadManager,,;No helos are at ES
3420,5,helicopterQueue,outHM,Helicopter 1 is evacuating people1
3420,5,helicopterQueue,outHelo,Helicopter 1 is evacuating people1
3420,5,helicopterQueue,,;No helos are waiting to land
3420,104,filterES,,
3420,1120,filterES,,
3420,1160,filterES,,Helicopter;1;is evacuating people
3420,3,evacueeManager,,OFF SHIP: White;0;Green;55;Yellow;19;Red;5;Black;321;ON SHIP: White;0;Green;0;Yellow;0;Red;0;Evacuees to Transfer;;EvacueeID;253;HeloID;1;OnShip;0;Triage Status;G;EvacueeID;265;HeloID;1;OnShip;0;Triage Status;G;EvacueeID;269;HeloID;1;OnShip;0;Triage Status;G;EvacueeID;270;HeloID;1;OnShip;0;Triage Status;G;EvacueeID;272;HeloID;1;OnShip;0;Triage Status;G;EvacueeID;273;HeloID;1;OnShip;0;Triage Status;G;EvacueeID;274;HeloID;1;OnShip;0;Triage Status;G;EvacueeID;277;HeloID;1;OnShip;0;Triage Status;G;EvacueeID;285;HeloID;1;OnShip;0;Triage Status;G;EvacueeID;286;HeloID;1;OnShip;0;Triage Status;G
3420,4,helipadManager,outEM,Helicopter 1 is evacuating people1
3420,4,helipadManager,,Helo;1;is at the ES
3420,1160,filterES,out,Helicopter 1 is evacuating people1
3420,1160,filterES,,
3420,1161,helicopter,,Helicopter;1;is waiting to land at the evacuation site;;and has;0;spots taken
3420,3,evacueeManager,outEvac,Evacuee 253 in triage category G is assigned helicopter 1
3420,3,evacueeManager,outEvac,Evacuee 265 in triage category G is assigned helicopter 1
3420,3,evacueeManager,outEvac,Evacuee 269 in triage category G is assigned helicopter 1
3420,3,evacueeManager,outEvac,Evacuee 270 in triage category G is assigned helicopter 1
3420,3,evacueeManager,outEvac,Evacuee 272 in triage category G is assigned helicopter 1
3420,3,evacueeManager,outEvac,Evacuee 273 in triage category G is assigned helicopter 1
3420,3,evacueeManager,outEvac,Evacuee 274 in triage category G is assigned helicopter 1
3420,3,evacueeManager,outEvac,Evacuee 277 in triage category G is assigned helicopter 1
3420,3,evacueeManager,outEvac,Evacuee 285 in triage category G is assigned helicopter 1
3420,3,evacueeManager,outEvac,Evacuee 286 in triage category G is assigned helicopter 1
3420,3,evacueeManager,,OFF SHIP: White;0;Green;55;Yellow;19;Red;5;Black;321;ON SHIP: White;0;Green;0;Yellow;0;Red;0;Evacuees to Transfer;
3420,7,filterLoc,,
3420,10,filterLoc,,
3420,13,filterLoc,,
3420,16,filterLoc,,
3420,19,filterLoc,,
3420,22,filterLoc,,
3420,25,filterLoc,,
3420,28,filterLoc,,
3420,31,filterLoc,,
3420,34,filterLoc,,
3420,37,filterLoc,,
3420,40,filterLoc,,
3420,43,filterLoc,,
3420,46,filterLoc,,
3420,49,filterLoc,,
3420,52,filterLoc,,
3420,55,filterLoc,,
3420,58,filterLoc,,
3420,61,filterLoc,,
3420,64,filterLoc,,
3420,67,filterLoc,,
3420,70,filterLoc,,
3420,73,filterLoc,,
3420,76,filterLoc,,
3420,79,filterLoc,,
3420,82,filterLoc,,
3420,85,filterLoc,,
3420,88,filterLoc,,
3420,91,filterLoc,,
3420,94,filterLoc,,
3420,97,filterLoc,,
3420,100,filterLoc,,
3420,107,filterLoc,,
3420,110,filterLoc,,
3420,113,filterLoc,,
3420,116,filterLoc,,
3420,119,filterLoc,,
3420,122,filterLoc,,
3420,125,filterLoc,,
3420,128,filterLoc,,
3420,131,filterLoc,,
3420,134,filterLoc,,
3420,137,filterLoc,,
3420,140,filterLoc,,
3420,143,filterLoc,,
3420,146,filterLoc,,
3420,149,filterLoc,,
3420,152,filterLoc,,
3420,155,filterLoc,,
3420,158,filterLoc,,
3420,161,filterLoc,,
3420,164,filterLoc,,
3420,167,filterLoc,,
3420,170,filterLoc,,
3420,173,filterLoc,,
3420,176,filterLoc,,
3420,179,filterLoc,,
3420,182,filterLoc,,
3420,185,filterLoc,,
3420,188,filterLoc,,
3420,191,filterLoc,,
3420,194,filterLoc,,
3420,197,filterLoc,,
3420,200,filterLoc,,
3420,203,filterLoc,,
3420,206,filterLoc,,
3420,209,filterLoc,,
3420,212,filterLoc,,
3420,215,filterLoc,,
3420,218,filterLoc,,
3420,221,filterLoc,,
3420,225,filterLoc,,
3420,228,filterLoc,,
3420,231,filterLoc,,
3420,234,filterLoc,,
3420,237,filterLoc,,
3420,240,filterLoc,,
3420,243,filterLoc,,
3420,246,filterLoc,,
3420,249,filterLoc,,
3420,252,filterLoc,,
3420,255,filterLoc,,
3420,258,filterLoc,,
3420,261,filterLoc,,
3420,264,filterLoc,,
3420,267,filterLoc,,
3420,270,filterLoc,,
3420,273,filterLoc,,
3420,276,filterLoc,,
3420,279,filterLoc,,
3420,282,filterLoc,,
3420,285,filterLoc,,
3420,288,filterLoc,,
3420,291,filterLoc,,
3420,294,filterLoc,,
3420,297,filterLoc,,
3420,300,filterLoc,,
3420,303,filterLoc,,
3420,306,filterLoc,,
3420,309,filterLoc,,
3420,312,filterLoc,,
3420,315,filterLoc,,
3420,318,filterLoc,,
3420,321,filterLoc,,
3420,324,filterLoc,,
3420,327,filterLoc,,
3420,330,filterLoc,,
3420,333,filterLoc,,
3420,336,filterLoc,,
3420,339,filterLoc,,
3420,342,filterLoc,,
3420,345,filterLoc,,
3420,348,filterLoc,,
3420,351,filterLoc,,
3420,354,filterLoc,,
3420,357,filterLoc,,
3420,360,filterLoc,,
3420,363,filterLoc,,
3420,366,filterLoc,,
3420,369,filterLoc,,
3420,372,filterLoc,,
3420,375,filterLoc,,
3420,378,filterLoc,,
3420,381,filterLoc,,
3420,384,filterLoc,,
3420,387,filterLoc,,
3420,390,filterLoc,,
3420,393,filterLoc,,
3420,396,filterLoc,,
3420,399,filterLoc,,
3420,402,filterLoc,,
3420,405,filterLoc,,
3420,408,filterLoc,,
3420,411,filterLoc,,
3420,414,filterLoc,,
3420,417,filterLoc,,;Evacuee;277;in triage category;G;is entering helicopter;1
3420,420,filterLoc,,
3420,423,filterLoc,,;Evacuee;274;in triage category;G;is entering helicopter;1
3420,426,filterLoc,,;Evacuee;273;in triage category;G;is entering helicopter;1
3420,429,filterLoc,,
3420,432,filterLoc,,
3420,435,filterLoc,,;Evacuee;272;in triage category;G;is entering helicopter;1
3420,438,filterLoc,,;Evacuee;270;in triage category;G;is entering helicopter;1
3420,441,filterLoc,,
3420,444,filterLoc,,
3420,447,filterLoc,,
3420,450,filterLoc,,
3420,453,filterLoc,,
3420,456,filterLoc,,
3420,459,filterLoc,,
3420,462,filterLoc,,
3420,465,filterLoc,,
3420,468,filterLoc,,
3420,471,filterLoc,,
3420,474,filterLoc,,
3420,477,filterLoc,,
3420,480,filterLoc,,
3420,483,filterLoc,,
3420,486,filterLoc,,
3420,489,filterLoc,,
3420,492,filterLoc,,
3420,495,filterLoc,,
3420,498,filterLoc,,
3420,501,filterLoc,,
3420,504,filterLoc,,
3420,507,filterLoc,,
3420,510,filterLoc,,
3420,513,filterLoc,,
3420,516,filterLoc,,
3420,519,filterLoc,,
3420,522,filterLoc,,
3420,525,filterLoc,,
3420,528,filterLoc,,
3420,531,filterLoc,,
3420,534,filterLoc,,
3420,537,filterLoc,,
3420,540,filterLoc,,
3420,543,filterLoc,,
3420,546,filterLoc,,
3420,549,filterLoc,,
3420,552,filterLoc,,
3420,555,filterLoc,,
3420,558,filterLoc,,;Evacuee;269;in triage category;G;is entering helicopter;1
3420,561,filterLoc,,
3420,564,filterLoc,,
3420,567,filterLoc,,
3420,570,filterLoc,,
3420,573,filterLoc,,
3420,576,filterLoc,,
3420,579,filterLoc,,
3420,582,filterLoc,,
3420,585,filterLoc,,
3420,588,filterLoc,,
3420,591,filterLoc,,
3420,594,filterLoc,,
3420,597,filterLoc,,
3420,600,filterLoc,,
3420,603,filterLoc,,
3420,606,filterLoc,,
3420,609,filterLoc,,
3420,612,filterLoc,,
3420,615,filterLoc,,
3420,618,filterLoc,,
3420,621,filterLoc,,
3420,624,filterLoc,,
3420,627,filterLoc,,
3420,630,filterLoc,,
3420,633,filterLoc,,
3420,636,filterLoc,,
3420,639,filterLoc,,
3420,642,filterLoc,,
3420,645,filterLoc,,
3420,648,filterLoc,,
3420,651,filterLoc,,
3420,654,filterLoc,,
3420,657,filterLoc,,
3420,660,filterLoc,,
3420,663,filterLoc,,
3420,666,filterLoc,,
3420,669,filterLoc,,
3420,672,filterLoc,,
3420,675,filterLoc,,
3420,678,filterLoc,,
3420,681,filterLoc,,
3420,684,filterLoc,,
3420,687,filterLoc,,
3420,690,filterLoc,,
3420,693,filterLoc,,
3420,696,filterLoc,,
3420,699,filterLoc,,
3420,702,filterLoc,,
3420,705,filterLoc,,
3420,708,filterLoc,,
3420,711,filterLoc,,
3420,714,filterLoc,,
3420,717,filterLoc,,
3420,720,filterLoc,,
3420,723,filterLoc,,
3420,726,filterLoc,,
3420,729,filterLoc,,
3420,732,filterLoc,,
3420,735,filterLoc,,
3420,738,filterLoc,,
3420,741,filterLoc,,
3420,744,filterLoc,,
3420,747,filterLoc,,
3420,750,filterLoc,,
3420,753,filterLoc,,
3420,756,filterLoc,,
3420,759,filterLoc,,
3420,762,filterLoc,,
3420,765,filterLoc,,
3420,768,filterLoc,,
3420,771,filterLoc,,
3420,774,filterLoc,,
3420,777,filterLoc,,
3420,780,filterLoc,,
3420,783,filterLoc,,
3420,786,filterLoc,,
3420,789,filterLoc,,
3420,792,filterLoc,,
3420,795,filterLoc,,
3420,798,filterLoc,,
3420,801,filterLoc,,
3420,804,filterLoc,,
3420,807,filterLoc,,
3420,810,filterLoc,,
3420,813,filterLoc,,
3420,816,filterLoc,,
3420,819,filterLoc,,
3420,822,filterLoc,,
3420,825,filterLoc,,
3420,828,filterLoc,,
3420,831,filterLoc,,
3420,834,filterLoc,,
3420,837,filterLoc,,
3420,840,filterLoc,,;Evacuee;285;in triage category;G;is entering helicopter;1
3420,843,filterLoc,,
3420,846,filterLoc,,
3420,849,filterLoc,,
3420,852,filterLoc,,
3420,855,filterLoc,,
3420,858,filterLoc,,
3420,861,filterLoc,,
3420,864,filterLoc,,
3420,867,filterLoc,,
3420,870,filterLoc,,
3420,873,filterLoc,,
3420,876,filterLoc,,
3420,879,filterLoc,,
3420,882,filterLoc,,
3420,885,filterLoc,,
3420,888,filterLoc,,
3420,891,filterLoc,,
3420,894,filterLoc,,
3420,897,filterLoc,,
3420,900,filterLoc,,
3420,903,filterLoc,,
3420,906,filterLoc,,
3420,909,filterLoc,,
3420,912,filterLoc,,
3420,915,filterLoc,,
3420,918,filterLoc,,;Evacuee;286;in triage category;G;is entering helicopter;1
3420,921,filterLoc,,
3420,924,filterLoc,,
3420,927,filterLoc,,
3420,930,filterLoc,,
3420,933,filterLoc,,
3420,936,filterLoc,,
3420,939,filterLoc,,
3420,942,filterLoc,,
3420,945,filterLoc,,
3420,948,filterLoc,,
3420,951,filterLoc,,
3420,954,filterLoc,,
3420,957,filterLoc,,
3420,960,filterLoc,,
3420,963,filterLoc,,
3420,966,filterLoc,,
3420,969,filterLoc,,
3420,972,filterLoc,,
3420,975,filterLoc,,
3420,978,filterLoc,,
3420,981,filterLoc,,
3420,984,filterLoc,,
3420,987,filterLoc,,
3420,990,filterLoc,,
3420,993,filterLoc,,
3420,996,filterLoc,,
3420,999,filterLoc,,
3420,1002,filterLoc,,
3420,1005,filterLoc,,
3420,1008,filterLoc,,
3420,1011,filterLoc,,
3420,1014,filterLoc,,
3420,1017,filterLoc,,
3420,1020,filterLoc,,
3420,1023,filterLoc,,
3420,1026,filterLoc,,
3420,1029,filterLoc,,
3420,1032,filterLoc,,
3420,1035,filterLoc,,
3420,1038,filterLoc,,
3420,1041,filterLoc,,
3420,1044,filterLoc,,
3420,1047,filterLoc,,
3420,1050,filterLoc,,
3420,1053,filterLoc,,
3420,1056,filterLoc,,
3420,1059,filterLoc,,
3420,1062,filterLoc,,
3420,1065,filterLoc,,
3420,1068,filterLoc,,
3420,1071,filterLoc,,
3420,1074,filterLoc,,
3420,1077,filterLoc,,
3420,1080,filterLoc,,
3420,1083,filterLoc,,
3420,1086,filterLoc,,
3420,1089,filterLoc,,
3420,1092,filterLoc,,
3420,1095,filterLoc,,
3420,1098,filterLoc,,
3420,1101,filterLoc,,
3420,1104,filterLoc,,
3420,1107,filterLoc,,
3420,1110,filterLoc,,
3420,1113,filterLoc,,
3420,1116,filterLoc,,
3420,1123,filterLoc,,
3420,1126,filterLoc,,
3420,1129,filterLoc,,
3420,1132,filterLoc,,
3420,1135,filterLoc,,
3420,1138,filterLoc,,
3420,1141,filterLoc,,
3420,1144,filterLoc,,
3420,1147,filterLoc,,
3420,1150,filterLoc,,
3420,1153,filterLoc,,
3420,1156,filterLoc,,
3420,1161,helicopter,,Helicopter;1;is loading people at the evacuation site;;and has;0;spots taken
3420,1163,filterLoc,,
3420,1166,filterLoc,,
3420,1169,filterLoc,,
3420,1172,filterLoc,,
3420,1175,filterLoc,,
3420,1178,filterLoc,,
3420,1181,filterLoc,,
3420,1184,filterLoc,,
3420,1187,filterLoc,,
3420,1190,filterLoc,,
3420,1193,filterLoc,,
3420,1196,filterLoc,,
3420,1199,filterLoc,,;Evacuee;265;in triage category;G;is entering helicopter;1
3420,1202,filterLoc,,
3420,1205,filterLoc,,
3420,1208,filterLoc,,
3420,1211,filterLoc,,
3420,1214,filterLoc,,
3420,1217,filterLoc,,
3420,1220,filterLoc,,
3420,1223,filterLoc,,
3420,1226,filterLoc,,
3420,1229,filterLoc,,
3420,1232,filterLoc,,
3420,1235,filterLoc,,
3420,1238,filterLoc,,
3420,1241,filterLoc,,
3420,1244,filterLoc,,
3420,1247,filterLoc,,
3420,1250,filterLoc,,
3420,1253,filterLoc,,
3420,1256,filterLoc,,
3420,1259,filterLoc,,
3420,1262,filterLoc,,
3420,1265,filterLoc,,
3420,1268,filterLoc,,
3420,1271,filterLoc,,
3420,1274,filterLoc,,
3420,1277,filterLoc,,
3420,1280,filterLoc,,
3420,1283,filterLoc,,
3420,1286,filterLoc,,
3420,1289,filterLoc,,
3420,1292,filterLoc,,
3420,1295,filterLoc,,
3420,1298,filterLoc,,
3420,1301,filterLoc,,
3420,1304,filterLoc,,
3420,1307,filterLoc,,
3420,1310,filterLoc,,
3420,1313,filterLoc,,
3420,1316,filterLoc,,
3420,1319,filterLoc,,
3420,1322,filterLoc,,
3420,1325,filterLoc,,
3420,1328,filterLoc,,
3420,1331,filterLoc,,
3420,1334,filterLoc,,
3420,1337,filterLoc,,
3420,1340,filterLoc,,
3420,1343,filterLoc,,;Evacuee;253;in triage category;G;is entering helicopter;1
3420,1346,filterLoc,,
3420,1349,filterLoc,,
3420,1352,filterLoc,,
3420,1355,filterLoc,,
3420,1358,filterLoc,,
3420,1361,filterLoc,,
3420,1364,filterLoc,,
3420,1367,filterLoc,,
3420,1370,filterLoc,,
3420,1373,filterLoc,,
3420,1376,filterLoc,,
3420,1379,filterLoc,,
3420,1382,filterLoc,,
3420,1385,filterLoc,,
3420,1388,filterLoc,,
3420,1391,filterLoc,,
3420,1394,filterLoc,,
3420,1397,filterLoc,,
3420,1400,filterLoc,,
3420,1403,filterLoc,,
3420,1406,filterLoc,,
3420,1409,filterLoc,,
3420,1412,filterLoc,,
3420,1415,filterLoc,,
3420,1418,filterLoc,,
3420,1421,filterLoc,,
3420,1424,filterLoc,,
3420,1427,filterLoc,,
3420,1430,filterLoc,,
3420,1433,filterLoc,,
3420,1436,filterLoc,,
3420,1439,filterLoc,,
3420,1442,filterLoc,,
3420,1445,filterLoc,,
3420,1448,filterLoc,,
3420,1451,filterLoc,,
3420,1454,filterLoc,,
3420,1457,filterLoc,,
3420,1460,filterLoc,,
3420,1463,filterLoc,,
3420,1466,filterLoc,,
3420,1469,filterLoc,,
3420,1472,filterLoc,,
3420,1475,filterLoc,,
3420,1478,filterLoc,,
3420,1481,filterLoc,,
3420,1484,filterLoc,,
3420,1487,filterLoc,,
3420,1490,filterLoc,,
3420,1493,filterLoc,,
3420,1496,filterLoc,,
3420,1499,filterLoc,,
3420,1502,filterLoc,,
3420,1505,filterLoc,,
3420,1508,filterLoc,,
3420,1511,filterLoc,,
3420,1514,filterLoc,,
3420,1517,filterLoc,,
3420,417,filterLoc,out,Evacuee 277 in triage category G is assigned helicopter 1
3420,417,filterLoc,,
3420,418,evacuee,,Evacuee;277;in triage state;G;is entering helicopter;1
3420,423,filterLoc,out,Evacuee 274 in triage category G is assigned helicopter 1
3420,423,filterLoc,,
3420,424,evacuee,,Evacuee;274;in triage state;G;is entering helicopter;1
3420,426,filterLoc,out,Evacuee 273 in triage category G is assigned helicopter 1
3420,426,filterLoc,,
3420,427,evacuee,,Evacuee;273;in triage state;G;is entering helicopter;1
3420,435,filterLoc,out,Evacuee 272 in triage category G is assigned helicopter 1
3420,435,filterLoc,,
3420,436,evacuee,,Evacuee;272;in triage state;G;is entering helicopter;1
3420,438,filterLoc,out,Evacuee 270 in triage category G is assigned helicopter 1
3420,438,filterLoc,,
3420,439,evacuee,,Evacuee;270;in triage state;G;is entering helicopter;1
3420,558,filterLoc,out,Evacuee 269 in triage category G is assigned helicopter 1
3420,558,filterLoc,,
3420,559,evacuee,,Evacuee;269;in triage state;G;is entering helicopter;1
3420,840,filterLoc,out,Evacuee 285 in triage category G is assigned helicopter 1
3420,840,filterLoc,,
3420,841,evacuee,,Evacuee;285;in triage state;G;is entering helicopter;1
3420,918,filterLoc,out,Evacuee 286 in triage category G is assigned helicopter 1
3420,918,filterLoc,,
3420,919,evacuee,,Evacuee;286;in triage state;G;is entering helicopter;1
3420,1199,filterLoc,out,Evacuee 265 in triage category G is assigned helicopter 1
3420,1199,filterLoc,,
3420,1200,evacuee,,Evacuee;265;in triage state;G;is entering helicopter;1
3420,1343,filterLoc,out,Evacuee 253 in triage category G is assigned helicopter 1
3420,1343,filterLoc,,
3420,1344,evacuee,,Evacuee;253;in triage state;G;is entering helicopter;1
3420,103,filterEvac,,
3420,418,evacuee,outHelo,Evacuee 277 in triage category G is assigned helicopter 1
3420,418,evacuee,,Evacuee;277;in triage state;G;is in helicopter;1
3420,424,evacuee,outHelo,Evacuee 274 in triage category G is assigned helicopter 1
3420,424,evacuee,,Evacuee;274;in triage state;G;is in helicopter;1
3420,427,evacuee,outHelo,Evacuee 273 in triage category G is assigned helicopter 1
3420,427,evacuee,,Evacuee;273;in triage state;G;is in helicopter;1
3420,436,evacuee,outHelo,Evacuee 272 in triage category G is assigned helicopter 1
3420,436,evacuee,,Evacuee;272;in triage state;G;is in helicopter;1
3420,439,evacuee,outHelo,Evacuee 270 in triage category G is assigned helicopter 1
3420,439,evacuee,,Evacuee;270;in triage state;G;is in helicopter;1
3420,559,evacuee,outHelo,Evacuee 269 in triage category G is assigned helicopter 1
3420,559,evacuee,,Evacuee;269;in triage state;G;is in helicopter;1
3420,841,evacuee,outHelo,Evacuee 285 in triage category G is assigned helicopter 1
3420,841,evacuee,,Evacuee;285;in triage state;G;is in helicopter;1
3420,919,evacuee,outHelo,Evacuee 286 in triage category G is assigned helicopter 1
3420,919,evacuee,,Evacuee;286;in triage state;G;is in helicopter;1
3420,1119,filterEvac,,
3420,1159,filterEvac,,;Evacuee;253;in triage category;G;is entering helicopter;1;Evacuee;265;in triage category;G;is entering helicopter;1;Evacuee;269;in triage category;G;is entering helicopter;1;Evacuee;270;in triage category;G;is entering helicopter;1;Evacuee;272;in triage category;G;is entering helicopter;1;Evacuee;273;in triage category;G;is entering helicopter;1;Evacuee;274;in triage category;G;is entering helicopter;1;Evacuee;277;in triage category;G;is entering helicopter;1;Evacuee;285;in triage category;G;is entering helicopter;1;Evacuee;286;in triage category;G;is entering helicopter;1
3420,1200,evacuee,outHelo,Evacuee 265 in triage category G is assigned helicopter 1
3420,1200,evacuee,,Evacuee;265;in triage state;G;is in helicopter;1
3420,1344,evacuee,outHelo,Evacuee 253 in triage category G is assigned helicopter 1
3420,1344,evacuee,,Evacuee;253;in triage state;G;is in helicopter;1
3420,1159,filterEvac,out,Evacuee 253 in triage category G is assigned helicopter 1
3420,1159,filterEvac,out,Evacuee 265 in triage category G is assigned helicopter 1
3420,1159,filterEvac,out,Evacuee 269 in triage category G is assigned helicopter 1
3420,1159,filterEvac,out,Evacuee 270 in triage category G is assigned helicopter 1
3420,1159,filterEvac,out,Evacuee 272 in triage category G is assigned helicopter 1
3420,1159,filterEvac,out,Evacuee 273 in triage category G is assigned helicopter 1
3420,1159,filterEvac,out,Evacuee 274 in triage category G is assigned helicopter 1
3420,1159,filterEvac,out,Evacuee 277 in triage category G is assigned helicopter 1
3420,1159,filterEvac,out,Evacuee 285 in triage category G is assigned helicopter 1
3420,1159,filterEvac,out,Evacuee 286 in triage category G is assigned helicopter 1
3420,1159,filterEvac,,
3420,1161,helicopter,,Helicopter;1;is loading people at the evacuation site;;and has;10;spots taken
3435,4,helipadManager,outHelo,Helicopter 1 is evacuating people1
3435,4,helipadManager,,;No helos are at ES
3435,104,filterES,,
3435,1120,filterES,,
3435,1160,filterES,,Helicopter;1;is evacuating people
3435,4,helipadManager,outHQ,0
3435,4,helipadManager,,;No helos are at ES
3435,5,helicopterQueue,,;No helos are waiting to land
3435,1160,filterES,out,Helicopter 1 is evacuating people1
3435,1160,filterES,,
3435,1161,helicopter,,Helicopter;1;is loading people at the evacuation site;;and has;10;spots taken
3435,5,helicopterQueue,,;No helos are waiting to land
3435,1161,helicopter,,Helicopter;1;is returning to the FOL;;and has;10;spots taken
3441.31,3,evacueeManager,,OFF SHIP: White;0;Green;55;Yellow;19;Red;4;Black;322;ON SHIP: White;0;Green;0;Yellow;0;Red;0;Evacuees to Transfer;
3441.31,415,evacuee,outES,Evacuee 278 in triage category R is not assigned a helicopter
3441.31,415,evacuee,,Evacuee;278;in triage state;B;is at the evacuation site
3441.52,3,evacueeManager,,OFF SHIP: White;0;Green;55;Yellow;19;Red;3;Black;323;ON SHIP: White;0;Green;0;Yellow;0;Red;0;Evacuees to Transfer;
3441.52,970,evacuee,outES,Evacuee 116 in triage category R is not assigned a helicopter
3441.52,970,evacuee,,Evacuee;116;in triage state;B;is at the evacuation site
3450,7,filterLoc,,
3450,10,filterLoc,,
3450,13,filterLoc,,
3450,16,filterLoc,,
3450,19,filterLoc,,
3450,22,filterLoc,,
3450,25,filterLoc,,
3450,28,filterLoc,,
3450,31,filterLoc,,
3450,34,filterLoc,,
3450,37,filterLoc,,
3450,40,filterLoc,,
3450,43,filterLoc,,
3450,46,filterLoc,,
3450,49,filterLoc,,
3450,52,filterLoc,,
3450,55,filterLoc,,
3450,58,filterLoc,,
3450,61,filterLoc,,
3450,64,filterLoc,,
3450,67,filterLoc,,
3450,70,filterLoc,,
3450,73,filterLoc,,
3450,76,filterLoc,,
3450,79,filterLoc,,
3450,82,filterLoc,,
3450,85,filterLoc,,
3450,88,filterLoc,,
3450,91,filterLoc,,
3450,94,filterLoc,,
3450,97,filterLoc,,
3450,100,filterLoc,,
3450,105,helicopter,outEvac,Evacuee 228 in triage category G is not assigned a helicopter
3450,105,helicopter,outEvac,Evacuee 229 in triage category G is not assigned a helicopter
3450,105,helicopter,outEvac,Evacuee 237 in triage category G is not assigned a helicopter
3450,105,helicopter,outEvac,Evacuee 238 in triage category G is not assigned a helicopter
3450,105,helicopter,outEvac,Evacuee 239 in triage category G is not assigned a helicopter
3450,105,helicopter,outEvac,Evacuee 240 in triage category G is not assigned a helicopter
3450,105,helicopter,outEvac,Evacuee 242 in triage category G is not assigned a helicopter
3450,105,helicopter,outEvac,Evacuee 243 in triage category G is not assigned a helicopter
3450,105,helicopter,outEvac,Evacuee 245 in triage category G is not assigned a helicopter
3450,105,helicopter,outEvac,Evacuee 250 in triage category G is not assigned a helicopter
3450,105,helicopter,,Helicopter;3;is unloading people at the FOL;;and has;0;spots taken
3450,107,filterLoc,,
3450,110,filterLoc,,
3450,113,filterLoc,,
3450,116,filterLoc,,
3450,119,filterLoc,,
3450,122,filterLoc,,
3450,125,filterLoc,,
3450,128,filterLoc,,
3450,131,filterLoc,,
3450,134,filterLoc,,
3450,137,filterLoc,,
3450,140,filterLoc,,
3450,143,filterLoc,,
3450,146,filterLoc,,
3450,149,filterLoc,,
3450,152,filterLoc,,
3450,155,filterLoc,,
3450,158,filterLoc,,
3450,161,filterLoc,,
3450,164,filterLoc,,
3450,167,filterLoc,,
3450,170,filterLoc,,
3450,173,filterLoc,,
3450,176,filterLoc,,
3450,179,filterLoc,,
3450,182,filterLoc,,
3450,185,filterLoc,,
3450,188,filterLoc,,
3450,191,filterLoc,,
3450,194,filterLoc,,
3450,197,filterLoc,,
3450,200,filterLoc,,
3450,203,filterLoc,,
3450,206,filterLoc,,
3450,209,filterLoc,,
3450,212,filterLoc,,
3450,215,filterLoc,,
3450,218,filterLoc,,
3450,221,filterLoc,,
3450,225,filterLoc,,
3450,228,filterLoc,,
3450,231,filterLoc,,
3450,234,filterLoc,,
3450,237,filterLoc,,
3450,240,filterLoc,,
3450,243,filterLoc,,
3450,246,filterLoc,,
3450,249,filterLoc,,
3450,252,filterLoc,,
3450,255,filterLoc,,
3450,258,filterLoc,,
3450,261,filterLoc,,
3450,264,filterLoc,,
3450,267,filterLoc,,
3450,270,filterLoc,,
3450,273,filterLoc,,
3450,276,filterLoc,,
3450,279,filterLoc,,
3450,282,filterLoc,,
3450,285,filterLoc,,
3450,288,filterLoc,,
3450,291,filterLoc,,
3450,294,filterLoc,,
3450,297,filterLoc,,
3450,300,filterLoc,,
3450,303,filterLoc,,
3450,306,filterLoc,,
3450,309,filterLoc,,
3450,312,filterLoc,,
3450,315,filterLoc,,
3450,318,filterLoc,,
3450,321,filterLoc,,
3450,324,filterLoc,,
3450,327,filterLoc,,
3450,330,filterLoc,,
3450,333,filterLoc,,
3450,336,filterLoc,,
3450,339,filterLoc,,
3450,342,filterLoc,,
3450,345,filterLoc,,
3450,348,filterLoc,,
3450,351,filterLoc,,
3450,354,filterLoc,,
3450,357,filterLoc,,
3450,360,filterLoc,,
3450,363,filterLoc,,
3450,366,filterLoc,,
3450,369,filterLoc,,
3450,372,filterLoc,,
3450,375,filterLoc,,
3450,378,filterLoc,,
3450,381,filterLoc,,
3450,384,filterLoc,,
3450,387,filterLoc,,
3450,390,filterLoc,,
3450,393,filterLoc,,
3450,396,filterLoc,,
3450,399,filterLoc,,
3450,402,filterLoc,,
3450,405,filterLoc,,
3450,408,filterLoc,,
3450,411,filterLoc,,
3450,414,filterLoc,,
3450,417,filterLoc,,
3450,420,filterLoc,,
3450,423,filterLoc,,
3450,426,filterLoc,,
3450,429,filterLoc,,
3450,432,filterLoc,,
3450,435,filterLoc,,
3450,438,filterLoc,,
3450,441,filterLoc,,
3450,444,filterLoc,,
3450,447,filterLoc,,
3450,450,filterLoc,,
3450,453,filterLoc,,
3450,456,filterLoc,,
3450,459,filterLoc,,
3450,462,filterLoc,,
3450,465,filterLoc,,
3450,468,filterLoc,,
3450,471,filterLoc,,
3450,474,filterLoc,,
3450,477,filterLoc,,
3450,480,filterLoc,,
3450,483,filterLoc,,
3450,486,filterLoc,,
3450,489,filterLoc,,
3450,492,filterLoc,,;Evacuee;245;in triage category;G;is leaving helicopter;3
3450,495,filterLoc,,
3450,498,filterLoc,,
3450,501,filterLoc,,
3450,504,filterLoc,,
3450,507,filterLoc,,
3450,510,filterLoc,,
3450,513,filterLoc,,
3450,516,filterLoc,,
3450,519,filterLoc,,
3450,522,filterLoc,,
3450,525,filterLoc,,
3450,528,filterLoc,,
3450,531,filterLoc,,
3450,534,filterLoc,,
3450,537,filterLoc,,
3450,540,filterLoc,,
3450,543,filterLoc,,
3450,546,filterLoc,,
3450,549,filterLoc,,
3450,552,filterLoc,,
3450,555,filterLoc,,
3450,558,filterLoc,,
3450,561,filterLoc,,
3450,564,filterLoc,,
3450,567,filterLoc,,
3450,570,filterLoc,,
3450,573,filterLoc,,;Evacuee;228;in triage category;G;is leaving helicopter;3
3450,576,filterLoc,,
3450,579,filterLoc,,
3450,582,filterLoc,,
3450,585,filterLoc,,
3450,588,filterLoc,,
3450,591,filterLoc,,
3450,594,filterLoc,,
3450,597,filterLoc,,
3450,600,filterLoc,,
3450,603,filterLoc,,
3450,606,filterLoc,,
3450,609,filterLoc,,
3450,612,filterLoc,,
3450,615,filterLoc,,
3450,618,filterLoc,,
3450,621,filterLoc,,
3450,624,filterLoc,,
3450,627,filterLoc,,
3450,630,filterLoc,,
3450,633,filterLoc,,
3450,636,filterLoc,,
3450,639,filterLoc,,
3450,642,filterLoc,,
3450,645,filterLoc,,
3450,648,filterLoc,,
3450,651,filterLoc,,
3450,654,filterLoc,,
3450,657,filterLoc,,
3450,660,filterLoc,,
3450,663,filterLoc,,
3450,666,filterLoc,,
3450,669,filterLoc,,
3450,672,filterLoc,,
3450,675,filterLoc,,
3450,678,filterLoc,,
3450,681,filterLoc,,
3450,684,filterLoc,,
3450,687,filterLoc,,
3450,690,filterLoc,,
3450,693,filterLoc,,
3450,696,filterLoc,,
3450,699,filterLoc,,
3450,702,filterLoc,,
3450,705,filterLoc,,
3450,708,filterLoc,,
3450,711,filterLoc,,
3450,714,filterLoc,,
3450,717,filterLoc,,
3450,720,filterLoc,,
3450,723,filterLoc,,
3450,726,filterLoc,,
3450,729,filterLoc,,
3450,732,filterLoc,,
3450,735,filterLoc,,
3450,738,filterLoc,,
3450,741,filterLoc,,
3450,744,filterLoc,,
3450,747,filterLoc,,
3450,750,filterLoc,,
3450,753,filterLoc,,
3450,756,filterLoc,,
3450,759,filterLoc,,
3450,762,filterLoc,,
3450,765,filterLoc,,
3450,768,filterLoc,,
3450,771,filterLoc,,;Evacuee;250;in triage category;G;is leaving helicopter;3
3450,774,filterLoc,,
3450,777,filterLoc,,;Evacuee;229;in triage category;G;is leaving helicopter;3
3450,780,filterLoc,,
3450,783,filterLoc,,
3450,786,filterLoc,,
3450,789,filterLoc,,
3450,792,filterLoc,,
3450,795,filterLoc,,
3450,798,filterLoc,,
3450,801,filterLoc,,
3450,804,filterLoc,,
3450,807,filterLoc,,
3450,810,filterLoc,,
3450,813,filterLoc,,
3450,816,filterLoc,,
3450,819,filterLoc,,
3450,822,filterLoc,,
3450,825,filterLoc,,
3450,828,filterLoc,,
3450,831,filterLoc,,
3450,834,filterLoc,,
3450,837,filterLoc,,
3450,840,filterLoc,,
3450,843,filterLoc,,
3450,846,filterLoc,,
3450,849,filterLoc,,;Evacuee;240;in triage category;G;is leaving helicopter;3
3450,852,filterLoc,,
3450,855,filterLoc,,
3450,858,filterLoc,,
3450,861,filterLoc,,
3450,864,filterLoc,,
3450,867,filterLoc,,
3450,870,filterLoc,,
3450,873,filterLoc,,
3450,876,filterLoc,,
3450,879,filterLoc,,
3450,882,filterLoc,,
3450,885,filterLoc,,
3450,888,filterLoc,,
3450,891,filterLoc,,
3450,894,filterLoc,,
3450,897,filterLoc,,
3450,900,filterLoc,,
3450,903,filterLoc,,
3450,906,filterLoc,,
3450,909,filterLoc,,
3450,912,filterLoc,,
3450,915,filterLoc,,
3450,918,filterLoc,,
3450,921,filterLoc,,
3450,924,filterLoc,,
3450,927,filterLoc,,
3450,930,filterLoc,,
3450,933,filterLoc,,
3450,936,filterLoc,,
3450,939,filterLoc,,
3450,942,filterLoc,,
3450,945,filterLoc,,
3450,948,filterLoc,,
3450,951,filterLoc,,
3450,954,filterLoc,,
3450,957,filterLoc,,
3450,960,filterLoc,,
3450,963,filterLoc,,
3450,966,filterLoc,,
3450,969,filterLoc,,
3450,972,filterLoc,,
3450,975,filterLoc,,
3450,978,filterLoc,,
3450,981,filterLoc,,
3450,984,filterLoc,,
3450,987,filterLoc,,
3450,990,filterLoc,,
3450,993,filterLoc,,
3450,996,filterLoc,,
3450,999,filterLoc,,
3450,1002,filterLoc,,
3450,1005,filterLoc,,
3450,1008,filterLoc,,
3450,1011,filterLoc,,
3450,1014,filterLoc,,
3450,1017,filterLoc,,
3450,1020,filterLoc,,
3450,1023,filterLoc,,
3450,1026,filterLoc,,
3450,1029,filterLoc,,
3450,1032,filterLoc,,
3450,1035,filterLoc,,
3450,1038,filterLoc,,
3450,1041,filterLoc,,
3450,1044,filterLoc,,
3450,1047,filterLoc,,
3450,1050,filterLoc,,
3450,1053,filterLoc,,
3450,1056,filterLoc,,
3450,1059,filterLoc,,
3450,1062,filterLoc,,
3450,1065,filterLoc,,
3450,1068,filterLoc,,
3450,1071,filterLoc,,
3450,1074,filterLoc,,
3450,1077,filterLoc,,
3450,1080,filterLoc,,
3450,1083,filterLoc,,
3450,1086,filterLoc,,
3450,1089,filterLoc,,
3450,1092,filterLoc,,
3450,1095,filterLoc,,
3450,1098,filterLoc,,
3450,1101,filterLoc,,
3450,1104,filterLoc,,
3450,1107,filterLoc,,
3450,1110,filterLoc,,
3450,1113,filterLoc,,
3450,1116,filterLoc,,
3450,1123,filterLoc,,
3450,1126,filterLoc,,
3450,1129,filterLoc,,
3450,1132,filterLoc,,
3450,1135,filterLoc,,
3450,1138,filterLoc,,
3450,1141,filterLoc,,
3450,1144,filterLoc,,
3450,1147,filterLoc,,
3450,1150,filterLoc,,
3450,1153,filterLoc,,
3450,1156,filterLoc,,
3450,1163,filterLoc,,
3450,1166,filterLoc,,
3450,1169,filterLoc,,
3450,1172,filterLoc,,
3450,1175,filterLoc,,
3450,1178,filterLoc,,
3450,1181,filterLoc,,
3450,1184,filterLoc,,
3450,1187,filterLoc,,
3450,1190,filterLoc,,
3450,1193,filterLoc,,
3450,1196,filterLoc,,
3450,1199,filterLoc,,
3450,1202,filterLoc,,
3450,1205,filterLoc,,
3450,1208,filterLoc,,
3450,1211,filterLoc,,
3450,1214,filterLoc,,
3450,1217,filterLoc,,
3450,1220,filterLoc,,
3450,1223,filterLoc,,
3450,1226,filterLoc,,
3450,1229,filterLoc,,
3450,1232,filterLoc,,
3450,1235,filterLoc,,
3450,1238,filterLoc,,
3450,1241,filterLoc,,
3450,1244,filterLoc,,
3450,1247,filterLoc,,
3450,1250,filterLoc,,
3450,1253,filterLoc,,
3450,1256,filterLoc,,
3450,1259,filterLoc,,
3450,1262,filterLoc,,
3450,1265,filterLoc,,
3450,1268,filterLoc,,;Evacuee;242;in triage category;G;is leaving helicopter;3
3450,1271,filterLoc,,
3450,1274,filterLoc,,
3450,1277,filterLoc,,
3450,1280,filterLoc,,
3450,1283,filterLoc,,
3450,1286,filterLoc,,
3450,1289,filterLoc,,
3450,1292,filterLoc,,
3450,1295,filterLoc,,
3450,1298,filterLoc,,
3450,1301,filterLoc,,
3450,1304,filterLoc,,
3450,1307,filterLoc,,
3450,1310,filterLoc,,
3450,1313,filterLoc,,
3450,1316,filterLoc,,
3450,1319,filterLoc,,
3450,1322,filterLoc,,
3450,1325,filterLoc,,
3450,1328,filterLoc,,
3450,1331,filterLoc,,
3450,1334,filterLoc,,
3450,1337,filterLoc,,
3450,1340,filterLoc,,
3450,1343,filterLoc,,
3450,1346,filterLoc,,
3450,1349,filterLoc,,
3450,1352,filterLoc,,
3450,1355,filterLoc,,
3450,1358,filterLoc,,
3450,1361,filterLoc,,
3450,1364,filterLoc,,
3450,1367,filterLoc,,
3450,1370,filterLoc,,
3450,1373,filterLoc,,
3450,1376,filterLoc,,
3450,1379,filterLoc,,
3450,1382,filterLoc,,
3450,1385,filterLoc,,
3450,1388,filterLoc,,
3450,1391,filterLoc,,
3450,1394,filterLoc,,
3450,1397,filterLoc,,
3450,1400,filterLoc,,
3450,1403,filterLoc,,
3450,1406,filterLoc,,
3450,1409,filterLoc,,
3450,1412,filterLoc,,
3450,1415,filterLoc,,
3450,1418,filterLoc,,
3450,1421,filterLoc,,
3450,1424,filterLoc,,
3450,1427,filterLoc,,
3450,1430,filterLoc,,
3450,1433,filterLoc,,
3450,1436,filterLoc,,
3450,1439,filterLoc,,
3450,1442,filterLoc,,
3450,1445,filterLoc,,
3450,1448,filterLoc,,
3450,1451,filterLoc,,
3450,1454,filterLoc,,
3450,1457,filterLoc,,
3450,1460,filterLoc,,
3450,1463,filterLoc,,
3450,1466,filterLoc,,
3450,1469,filterLoc,,
3450,1472,filterLoc,,;Evacuee;237;in triage category;G;is leaving helicopter;3
3450,1475,filterLoc,,;Evacuee;238;in triage category;G;is leaving helicopter;3
3450,1478,filterLoc,,
3450,1481,filterLoc,,;Evacuee;239;in triage category;G;is leaving helicopter;3
3450,1484,filterLoc,,;Evacuee;243;in triage category;G;is leaving helicopter;3
3450,1487,filterLoc,,
3450,1490,filterLoc,,
3450,1493,filterLoc,,
3450,1496,filterLoc,,
3450,1499,filterLoc,,
3450,1502,filterLoc,,
3450,1505,filterLoc,,
3450,1508,filterLoc,,
3450,1511,filterLoc,,
3450,1514,filterLoc,,
3450,1517,filterLoc,,
3450,492,filterLoc,out,Evacuee 245 in triage category G is not assigned a helicopter
3450,492,filterLoc,,
3450,493,evacuee,,Evacuee;245;in triage state;G;is entering the FOL
3450,573,filterLoc,out,Evacuee 228 in triage category G is not assigned a helicopter
3450,573,filterLoc,,
3450,574,evacuee,,Evacuee;228;in triage state;G;is entering the FOL
3450,771,filterLoc,out,Evacuee 250 in triage category G is not assigned a helicopter
3450,771,filterLoc,,
3450,772,evacuee,,Evacuee;250;in triage state;G;is entering the FOL
3450,777,filterLoc,out,Evacuee 229 in triage category G is not assigned a helicopter
3450,777,filterLoc,,
3450,778,evacuee,,Evacuee;229;in triage state;G;is entering the FOL
3450,849,filterLoc,out,Evacuee 240 in triage category G is not assigned a helicopter
3450,849,filterLoc,,
3450,850,evacuee,,Evacuee;240;in triage state;G;is entering the FOL
3450,1268,filterLoc,out,Evacuee 242 in triage category G is not assigned a helicopter
3450,1268,filterLoc,,
3450,1269,evacuee,,Evacuee;242;in triage state;G;is entering the FOL
3450,1472,filterLoc,out,Evacuee 237 in triage category G is not assigned a helicopter
3450,1472,filterLoc,,
3450,1473,evacuee,,Evacuee;237;in triage state;G;is entering the FOL
3450,1475,filterLoc,out,Evacuee 238 in triage category G is not assigned a helicopter
3450,1475,filterLoc,,
3450,1476,evacuee,,Evacuee;238;in triage state;G;is entering the FOL
3450,1481,filterLoc,out,Evacuee 239 in triage category G is not assigned a helicopter
3450,1481,filterLoc,,
3450,1482,evacuee,,Evacuee;239;in triage state;G;is entering the FOL
3450,1484,filterLoc,out,Evacuee 243 in triage category G is not assigned a helicopter
3450,1484,filterLoc,,
3450,1485,evacuee,,Evacuee;243;in triage state;G;is entering the FOL
3450,223,FOL,,;EvacueeID;3;Triage Status;G;EvacueeID;5;Triage Status;G;EvacueeID;6;Triage Status;G;EvacueeID;7;Triage Status;G;EvacueeID;8;Triage Status;G;EvacueeID;16;Triage Status;G;EvacueeID;20;Triage Status;G;EvacueeID;21;Triage Status;G;EvacueeID;27;Triage Status;G;EvacueeID;35;Triage Status;G;EvacueeID;36;Triage Status;G;EvacueeID;39;Triage Status;G;EvacueeID;41;Triage Status;G;EvacueeID;42;Triage Status;G;EvacueeID;47;Triage Status;G;EvacueeID;49;Triage Status;G;EvacueeID;51;Triage Status;G;EvacueeID;52;Triage Status;G;EvacueeID;56;Triage Status;G;EvacueeID;62;Triage Status;G;EvacueeID;63;Triage Status;G;EvacueeID;66;Triage Status;G;EvacueeID;68;Triage Status;G;EvacueeID;69;Triage Status;G;EvacueeID;70;Triage Status;G;EvacueeID;72;Triage Status;G;EvacueeID;79;Triage Status;G;EvacueeID;80;Triage Status;G;EvacueeID;84;Triage Status;G;EvacueeID;86;Triage Status;G;EvacueeID;87;Triage Status;G;EvacueeID;89;Triage Status;G;EvacueeID;94;Triage Status;G;EvacueeID;96;Triage Status;G;EvacueeID;97;Triage Status;G;EvacueeID;101;Triage Status;G;EvacueeID;103;Triage Status;G;EvacueeID;107;Triage Status;G;EvacueeID;110;Triage Status;G;EvacueeID;111;Triage Status;G;EvacueeID;113;Triage Status;G;EvacueeID;115;Triage Status;G;EvacueeID;118;Triage Status;G;EvacueeID;120;Triage Status;G;EvacueeID;124;Triage Status;G;EvacueeID;128;Triage Status;G;EvacueeID;130;Triage Status;G;EvacueeID;132;Triage Status;G;EvacueeID;133;Triage Status;G;EvacueeID;134;Triage Status;G;EvacueeID;135;Triage Status;G;EvacueeID;137;Triage Status;G;EvacueeID;138;Triage Status;G;EvacueeID;139;Triage Status;G;EvacueeID;140;Triage Status;G;EvacueeID;141;Triage Status;G;EvacueeID;143;Triage Status;G;EvacueeID;146;Triage Status;G;EvacueeID;154;Triage Status;G;EvacueeID;155;Triage Status;G;EvacueeID;157;Triage Status;G;EvacueeID;166;Triage Status;G;EvacueeID;167;Triage Status;G;EvacueeID;172;Triage Status;G;EvacueeID;173;Triage Status;G;EvacueeID;175;Triage Status;G;EvacueeID;178;Triage Status;G;EvacueeID;180;Triage Status;G;EvacueeID;186;Triage Status;G;EvacueeID;189;Triage Status;G;EvacueeID;191;Triage Status;G;EvacueeID;194;Triage Status;G;EvacueeID;196;Triage Status;G;EvacueeID;198;Triage Status;G;EvacueeID;199;Triage Status;G;EvacueeID;206;Triage Status;G;EvacueeID;207;Triage Status;G;EvacueeID;211;Triage Status;G;EvacueeID;217;Triage Status;G;EvacueeID;223;Triage Status;G;EvacueeID;228;Triage Status;G;EvacueeID;229;Triage Status;G;EvacueeID;237;Triage Status;G;EvacueeID;238;Triage Status;G;EvacueeID;239;Triage Status;G;EvacueeID;240;Triage Status;G;EvacueeID;242;Triage Status;G;EvacueeID;243;Triage Status;G;EvacueeID;245;Triage Status;G;EvacueeID;250;Triage Status;G;Lives Saved;90
3450,493,evacuee,outFOL,Evacuee 245 in triage category G is not assigned a helicopter
3450,493,evacuee,,Evacuee;245;in triage state;G;is at the FOL
3450,574,evacuee,outFOL,Evacuee 228 in triage category G is not assigned a helicopter
3450,574,evacuee,,Evacuee;228;in triage state;G;is at the FOL
3450,772,evacuee,outFOL,Evacuee 250 in triage category G is not assigned a helicopter
3450,772,evacuee,,Evacuee;250;in triage state;G;is at the FOL
3450,778,evacuee,outFOL,Evacuee 229 in triage category G is not assigned a helicopter
3450,778,evacuee,,Evacuee;229;in triage state;G;is at the FOL
3450,850,evacuee,outFOL,Evacuee 240 in triage category G is not assigned a helicopter
3450,850,evacuee,,Evacuee;240;in triage state;G;is at the FOL
3450,1269,evacuee,outFOL,Evacuee 242 in triage category G is not assigned a helicopter
3450,1269,evacuee,,Evacuee;242;in triage state;G;is at the FOL
3450,1473,evacuee,outFOL,Evacuee 237 in triage category G is not assigned a helicopter
3450,1473,evacuee,,Evacuee;237;in triage state;G;is at the FOL
3450,1476,evacuee,outFOL,Evacuee 238 in triage category G is not assigned a helicopter
3450,1476,evacuee,,Evacuee;238;in triage state;G;is at the FOL
3450,1482,evacuee,outFOL,Evacuee 239 in triage category G is not assigned a helicopter
3450,1482,evacuee,,Evacuee;239;in triage state;G;is at the FOL
3450,1485,evacuee,outFOL,Evacuee 243 in triage category G is not assigned a helicopter
3450,1485,evacuee,,Evacuee;243;in triage state;G;is at the FOL
3450,223,FOL,,;EvacueeID;3;Triage Status;G;EvacueeID;5;Triage Status;G;EvacueeID;6;Triage Status;G;EvacueeID;7;Triage Status;G;EvacueeID;8;Triage Status;G;EvacueeID;16;Triage Status;G;EvacueeID;20;Triage Status;G;EvacueeID;21;Triage Status;G;EvacueeID;27;Triage Status;G;EvacueeID;35;Triage Status;G;EvacueeID;36;Triage Status;G;EvacueeID;39;Triage Status;G;EvacueeID;41;Triage Status;G;EvacueeID;42;Triage Status;G;EvacueeID;47;Triage Status;G;EvacueeID;49;Triage Status;G;EvacueeID;51;Triage Status;G;EvacueeID;52;Triage Status;G;EvacueeID;56;Triage Status;G;EvacueeID;62;Triage Status;G;EvacueeID;63;Triage Status;G;EvacueeID;66;Triage Status;G;EvacueeID;68;Triage Status;G;EvacueeID;69;Triage Status;G;EvacueeID;70;Triage Status;G;EvacueeID;72;Triage Status;G;EvacueeID;79;Triage Status;G;EvacueeID;80;Triage Status;G;EvacueeID;84;Triage Status;G;EvacueeID;86;Triage Status;G;EvacueeID;87;Triage Status;G;EvacueeID;89;Triage Status;G;EvacueeID;94;Triage Status;G;EvacueeID;96;Triage Status;G;EvacueeID;97;Triage Status;G;EvacueeID;101;Triage Status;G;EvacueeID;103;Triage Status;G;EvacueeID;107;Triage Status;G;EvacueeID;110;Triage Status;G;EvacueeID;111;Triage Status;G;EvacueeID;113;Triage Status;G;EvacueeID;115;Triage Status;G;EvacueeID;118;Triage Status;G;EvacueeID;120;Triage Status;G;EvacueeID;124;Triage Status;G;EvacueeID;128;Triage Status;G;EvacueeID;130;Triage Status;G;EvacueeID;132;Triage Status;G;EvacueeID;133;Triage Status;G;EvacueeID;134;Triage Status;G;EvacueeID;135;Triage Status;G;EvacueeID;137;Triage Status;G;EvacueeID;138;Triage Status;G;EvacueeID;139;Triage Status;G;EvacueeID;140;Triage Status;G;EvacueeID;141;Triage Status;G;EvacueeID;143;Triage Status;G;EvacueeID;146;Triage Status;G;EvacueeID;154;Triage Status;G;EvacueeID;155;Triage Status;G;EvacueeID;157;Triage Status;G;EvacueeID;166;Triage Status;G;EvacueeID;167;Triage Status;G;EvacueeID;172;Triage Status;G;EvacueeID;173;Triage Status;G;EvacueeID;175;Triage Status;G;EvacueeID;178;Triage Status;G;EvacueeID;180;Triage Status;G;EvacueeID;186;Triage Status;G;EvacueeID;189;Triage Status;G;EvacueeID;191;Triage Status;G;EvacueeID;194;Triage Status;G;EvacueeID;196;Triage Status;G;EvacueeID;198;Triage Status;G;EvacueeID;199;Triage Status;G;EvacueeID;206;Triage Status;G;EvacueeID;207;Triage Status;G;EvacueeID;211;Triage Status;G;EvacueeID;217;Triage Status;G;EvacueeID;223;Triage Status;G;EvacueeID;228;Triage Status;G;EvacueeID;229;Triage Status;G;EvacueeID;237;Triage Status;G;EvacueeID;238;Triage Status;G;EvacueeID;239;Triage Status;G;EvacueeID;240;Triage Status;G;EvacueeID;242;Triage Status;G;EvacueeID;243;Triage Status;G;EvacueeID;245;Triage Status;G;EvacueeID;250;Triage Status;G;Lives Saved;90
3450.81,3,evacueeManager,,OFF SHIP: White;0;Green;54;Yellow;20;Red;3;Black;323;ON SHIP: White;0;Green;0;Yellow;0;Red;0;Evacuees to Transfer;
3450.81,838,evacuee,outES,Evacuee 453 in triage category G is not assigned a helicopter
3450.81,838,evacuee,,Evacuee;453;in triage state;Y;is at the evacuation site
3458.65,3,evacueeManager,,OFF SHIP: White;0;Green;53;Yellow;21;Red;3;Black;323;ON SHIP: White;0;Green;0;Yellow;0;Red;0;Evacuees to Transfer;
3458.65,56,evacuee,outES,Evacuee 468 in triage category G is not assigned a helicopter
3458.65,56,evacuee,,Evacuee;468;in triage state;Y;is at the evacuation site
3465,105,helicopter,,Helicopter;3;Is going to the evacuation site;;and has;0;spots taken
3480,5,helicopterQueue,,1;Helos are waiting to land;HeloID;2
3480,1121,helicopter,outES,Helicopter 2 is evacuating people2
3480,1121,helicopter,,Helicopter;2;is waiting to land at the evacuation site;;and has;0;spots taken
3480,4,helipadManager,,;No helos are at ES
3480,5,helicopterQueue,outHM,Helicopter 2 is evacuating people2
3480,5,helicopterQueue,outHelo,Helicopter 2 is evacuating people2
3480,5,helicopterQueue,,;No helos are waiting to land
3480,104,filterES,,
3480,1120,filterES,,Helicopter;2;is evacuating people
3480,1160,filterES,,
3480,3,evacueeManager,,OFF SHIP: White;0;Green;43;Yellow;21;Red;3;Black;323;ON SHIP: White;0;Green;0;Yellow;0;Red;0;Evacuees to Transfer;;EvacueeID;293;HeloID;2;OnShip;0;Triage Status;G;EvacueeID;294;HeloID;2;OnShip;0;Triage Status;G;EvacueeID;295;HeloID;2;OnShip;0;Triage Status;G;EvacueeID;297;HeloID;2;OnShip;0;Triage Status;G;EvacueeID;301;HeloID;2;OnShip;0;Triage Status;G;EvacueeID;303;HeloID;2;OnShip;0;Triage Status;G;EvacueeID;304;HeloID;2;OnShip;0;Triage Status;G;EvacueeID;305;HeloID;2;OnShip;0;Triage Status;G;EvacueeID;306;HeloID;2;OnShip;0;Triage Status;G;EvacueeID;310;HeloID;2;OnShip;0;Triage Status;G
3480,4,helipadManager,outEM,Helicopter 2 is evacuating people2
3480,4,helipadManager,,Helo;2;is at the ES
3480,1120,filterES,out,Helicopter 2 is evacuating people2
3480,1120,filterES,,
3480,1121,helicopter,,Helicopter;2;is waiting to land at the evacuation site;;and has;0;spots taken
3480,3,evacueeManager,outEvac,Evacuee 293 in triage category G is assigned helicopter 2
3480,3,evacueeManager,outEvac,Evacuee 294 in triage category G is assigned helicopter 2
3480,3,evacueeManager,outEvac,Evacuee 295 in triage category G is assigned helicopter 2
3480,3,evacueeManager,outEvac,Evacuee 297 in triage category G is assigned helicopter 2
3480,3,evacueeManager,outEvac,Evacuee 301 in triage category G is assigned helicopter 2
3480,3,evacueeManager,outEvac,Evacuee 303 in triage category G is assigned helicopter 2
3480,3,evacueeManager,outEvac,Evacuee 304 in triage category G is assigned helicopter 2
3480,3,evacueeManager,outEvac,Evacuee 305 in triage category G is assigned helicopter 2
3480,3,evacueeManager,outEvac,Evacuee 306 in triage category G is assigned helicopter 2
3480,3,evacueeManager,outEvac,Evacuee 310 in triage category G is assigned helicopter 2
3480,3,evacueeManager,,OFF SHIP: White;0;Green;43;Yellow;21;Red;3;Black;323;ON SHIP: White;0;Green;0;Yellow;0;Red;0;Evacuees to Transfer;
3480,7,filterLoc,,
3480,10,filterLoc,,
3480,13,filterLoc,,
3480,16,filterLoc,,
3480,19,filterLoc,,
3480,22,filterLoc,,
3480,25,filterLoc,,
3480,28,filterLoc,,
3480,31,filterLoc,,
3480,34,filterLoc,,
3480,37,filterLoc,,
3480,40,filterLoc,,
3480,43,filterLoc,,
3480,46,filterLoc,,
3480,49,filterLoc,,
3480,52,filterLoc,,
3480,55,filterLoc,,
3480,58,filterLoc,,
3480,61,filterLoc,,
3480,64,filterLoc,,
3480,67,filterLoc,,
3480,70,filterLoc,,
3480,73,filterLoc,,
3480,76,filterLoc,,
3480,79,filterLoc,,
3480,82,filterLoc,,
3480,85,filterLoc,,
3480,88,filterLoc,,
3480,91,filterLoc,,
3480,94,filterLoc,,
3480,97,filterLoc,,
3480,100,filterLoc,,
3480,107,filterLoc,,
3480,110,filterLoc,,
3480,113,filterLoc,,
3480,116,filterLoc,,
3480,119,filterLoc,,
3480,122,filterLoc,,
3480,125,filterLoc,,
3480,128,filterLoc,,
3480,131,filterLoc,,
3480,134,filterLoc,,
3480,137,filterLoc,,
3480,140,filterLoc,,
3480,143,filterLoc,,
3480,146,filterLoc,,
3480,149,filterLoc,,
3480,152,filterLoc,,
3480,155,filterLoc,,
3480,158,filterLoc,,
3480,161,filterLoc,,
3480,164,filterLoc,,
3480,167,filterLoc,,
3480,170,filterLoc,,
3480,173,filterLoc,,
3480,176,filterLoc,,
3480,179,filterLoc,,
3480,182,filterLoc,,
3480,185,filterLoc,,
3480,188,filterLoc,,
3480,191,filterLoc,,
3480,194,filterLoc,,
3480,197,filterLoc,,
3480,200,filterLoc,,
3480,203,filterLoc,,
3480,206,filterLoc,,
3480,209,filterLoc,,
3480,212,filterLoc,,
3480,215,filterLoc,,
3480,218,filterLoc,,
3480,221,filterLoc,,
3480,225,filterLoc,,
3480,228,filterLoc,,
3480,231,filterLoc,,
3480,234,filterLoc,,
3480,237,filterLoc,,
3480,240,filterLoc,,
3480,243,filterLoc,,
3480,246,filterLoc,,
3480,249,filterLoc,,
3480,252,filterLoc,,
3480,255,filterLoc,,
3480,258,filterLoc,,
3480,261,filterLoc,,
3480,264,filterLoc,,
3480,267,filterLoc,,
3480,270,filterLoc,,
3480,273,filterLoc,,
3480,276,filterLoc,,
3480,279,filterLoc,,
3480,282,filterLoc,,
3480,285,filterLoc,,
3480,288,filterLoc,,
3480,291,filterLoc,,
3480,294,filterLoc,,
3480,297,filterLoc,,
3480,300,filterLoc,,
3480,303,filterLoc,,
3480,306,filterLoc,,
3480,309,filterLoc,,
3480,312,filterLoc,,
3480,315,filterLoc,,
3480,318,filterLoc,,
3480,321,filterLoc,,
3480,324,filterLoc,,
3480,327,filterLoc,,
3480,330,filterLoc,,
3480,333,filterLoc,,
3480,336,filterLoc,,
3480,339,filterLoc,,
3480,342,filterLoc,,
3480,345,filterLoc,,;Evacuee;306;in triage category;G;is entering helicopter;2
3480,348,filterLoc,,;Evacuee;305;in triage category;G;is entering helicopter;2
3480,351,filterLoc,,;Evacuee;303;in triage category;G;is entering helicopter;2
3480,354,filterLoc,,;Evacuee;295;in triage category;G;is entering helicopter;2
3480,357,filterLoc,,
3480,360,filterLoc,,;Evacuee;293;in triage category;G;is entering helicopter;2
3480,363,filterLoc,,
3480,366,filterLoc,,
3480,369,filterLoc,,
3480,372,filterLoc,,
3480,375,filterLoc,,
3480,378,filterLoc,,
3480,381,filterLoc,,
3480,384,filterLoc,,
3480,387,filterLoc,,
3480,390,filterLoc,,
3480,393,filterLoc,,
3480,396,filterLoc,,
3480,399,filterLoc,,
3480,402,filterLoc,,
3480,405,filterLoc,,
3480,408,filterLoc,,
3480,411,filterLoc,,
3480,414,filterLoc,,
3480,417,filterLoc,,
3480,420,filterLoc,,
3480,423,filterLoc,,
3480,426,filterLoc,,
3480,429,filterLoc,,
3480,432,filterLoc,,;Evacuee;301;in triage category;G;is entering helicopter;2
3480,435,filterLoc,,
3480,438,filterLoc,,
3480,441,filterLoc,,
3480,444,filterLoc,,
3480,447,filterLoc,,
3480,450,filterLoc,,
3480,453,filterLoc,,
3480,456,filterLoc,,
3480,459,filterLoc,,
3480,462,filterLoc,,
3480,465,filterLoc,,
3480,468,filterLoc,,
3480,471,filterLoc,,
3480,474,filterLoc,,
3480,477,filterLoc,,
3480,480,filterLoc,,
3480,483,filterLoc,,
3480,486,filterLoc,,
3480,489,filterLoc,,
3480,492,filterLoc,,
3480,495,filterLoc,,;Evacuee;310;in triage category;G;is entering helicopter;2
3480,498,filterLoc,,
3480,501,filterLoc,,
3480,504,filterLoc,,
3480,507,filterLoc,,
3480,510,filterLoc,,
3480,513,filterLoc,,
3480,516,filterLoc,,
3480,519,filterLoc,,
3480,522,filterLoc,,
3480,525,filterLoc,,
3480,528,filterLoc,,
3480,531,filterLoc,,
3480,534,filterLoc,,
3480,537,filterLoc,,
3480,540,filterLoc,,
3480,543,filterLoc,,
3480,546,filterLoc,,
3480,549,filterLoc,,
3480,552,filterLoc,,
3480,555,filterLoc,,
3480,558,filterLoc,,
3480,561,filterLoc,,
3480,564,filterLoc,,
3480,567,filterLoc,,
3480,570,filterLoc,,
3480,573,filterLoc,,
3480,576,filterLoc,,
3480,579,filterLoc,,
3480,582,filterLoc,,
3480,585,filterLoc,,
3480,588,filterLoc,,
3480,591,filterLoc,,
3480,594,filterLoc,,
3480,597,filterLoc,,
3480,600,filterLoc,,
3480,603,filterLoc,,
3480,606,filterLoc,,
3480,609,filterLoc,,
3480,612,filterLoc,,
3480,615,filterLoc,,
3480,618,filterLoc,,
3480,621,filterLoc,,
3480,624,filterLoc,,
3480,627,filterLoc,,
3480,630,filterLoc,,;Evacuee;297;in triage category;G;is entering helicopter;2
3480,633,filterLoc,,
3480,636,filterLoc,,
3480,639,filterLoc,,
3480,642,filterLoc,,
3480,645,filterLoc,,
3480,648,filterLoc,,
3480,651,filterLoc,,
3480,654,filterLoc,,
3480,657,filterLoc,,
3480,660,filterLoc,,
3480,663,filterLoc,,
3480,666,filterLoc,,
3480,669,filterLoc,,
3480,672,filterLoc,,
3480,675,filterLoc,,
3480,678,filterLoc,,
3480,681,filterLoc,,
3480,684,filterLoc,,
3480,687,filterLoc,,
3480,690,filterLoc,,
3480,693,filterLoc,,
3480,696,filterLoc,,
3480,699,filterLoc,,
3480,702,filterLoc,,
3480,705,filterLoc,,
3480,708,filterLoc,,
3480,711,filterLoc,,
3480,714,filterLoc,,
3480,717,filterLoc,,
3480,720,filterLoc,,
3480,723,filterLoc,,
3480,726,filterLoc,,
3480,729,filterLoc,,
3480,732,filterLoc,,
3480,735,filterLoc,,
3480,738,filterLoc,,
3480,741,filterLoc,,
3480,744,filterLoc,,
3480,747,filterLoc,,
3480,750,filterLoc,,
3480,753,filterLoc,,
3480,756,filterLoc,,
3480,759,filterLoc,,
3480,762,filterLoc,,
3480,765,filterLoc,,
3480,768,filterLoc,,
3480,771,filterLoc,,
3480,774,filterLoc,,
3480,777,filterLoc,,
3480,780,filterLoc,,
3480,783,filterLoc,,
3480,786,filterLoc,,
3480,789,filterLoc,,
3480,792,filterLoc,,
3480,795,filterLoc,,
3480,798,filterLoc,,
3480,801,filterLoc,,
3480,804,filterLoc,,
3480,807,filterLoc,,
3480,810,filterLoc,,
3480,813,filterLoc,,
3480,816,filterLoc,,
3480,819,filterLoc,,
3480,822,filterLoc,,
3480,825,filterLoc,,
3480,828,filterLoc,,
3480,831,filterLoc,,
3480,834,filterLoc,,
3480,837,filterLoc,,
3480,840,filterLoc,,
3480,843,filterLoc,,
3480,846,filterLoc,,
3480,849,filterLoc,,
3480,852,filterLoc,,
3480,855,filterLoc,,
3480,858,filterLoc,,
3480,861,filterLoc,,
3480,864,filterLoc,,
3480,867,filterLoc,,
3480,870,filterLoc,,
3480,873,filterLoc,,
3480,876,filterLoc,,
3480,879,filterLoc,,
3480,882,filterLoc,,
3480,885,filterLoc,,
3480,888,filterLoc,,
3480,891,filterLoc,,
3480,894,filterLoc,,
3480,897,filterLoc,,
3480,900,filterLoc,,
3480,903,filterLoc,,
3480,906,filterLoc,,
3480,909,filterLoc,,
3480,912,filterLoc,,
3480,915,filterLoc,,
3480,918,filterLoc,,
3480,921,filterLoc,,
3480,924,filterLoc,,
3480,927,filterLoc,,
3480,930,filterLoc,,
3480,933,filterLoc,,
3480,936,filterLoc,,
3480,939,filterLoc,,
3480,942,filterLoc,,
3480,945,filterLoc,,
3480,948,filterLoc,,
3480,951,filterLoc,,
3480,954,filterLoc,,
3480,957,filterLoc,,
3480,960,filterLoc,,
3480,963,filterLoc,,
3480,966,filterLoc,,
3480,969,filterLoc,,
3480,972,filterLoc,,
3480,975,filterLoc,,
3480,978,filterLoc,,
3480,981,filterLoc,,;Evacuee;304;in triage category;G;is entering helicopter;2
3480,984,filterLoc,,
3480,987,filterLoc,,
3480,990,filterLoc,,
3480,993,filterLoc,,
3480,996,filterLoc,,
3480,999,filterLoc,,
3480,1002,filterLoc,,
3480,1005,filterLoc,,
3480,1008,filterLoc,,
3480,1011,filterLoc,,
3480,1014,filterLoc,,
3480,1017,filterLoc,,
3480,1020,filterLoc,,
3480,1023,filterLoc,,
3480,1026,filterLoc,,
3480,1029,filterLoc,,
3480,1032,filterLoc,,
3480,1035,filterLoc,,
3480,1038,filterLoc,,
3480,1041,filterLoc,,
3480,1044,filterLoc,,
3480,1047,filterLoc,,
3480,1050,filterLoc,,
3480,1053,filterLoc,,
3480,1056,filterLoc,,
3480,1059,filterLoc,,
3480,1062,filterLoc,,
3480,1065,filterLoc,,
3480,1068,filterLoc,,
3480,1071,filterLoc,,
3480,1074,filterLoc,,
3480,1077,filterLoc,,
3480,1080,filterLoc,,
3480,1083,filterLoc,,
3480,1086,filterLoc,,
3480,1089,filterLoc,,
3480,1092,filterLoc,,
3480,1095,filterLoc,,
3480,1098,filterLoc,,
3480,1101,filterLoc,,
3480,1104,filterLoc,,
3480,1107,filterLoc,,
3480,1110,filterLoc,,
3480,1113,filterLoc,,
3480,1116,filterLoc,,
3480,1121,helicopter,,Helicopter;2;is loading people at the evacuation site;;and has;0;spots taken
3480,1123,filterLoc,,
3480,1126,filterLoc,,
3480,1129,filterLoc,,
3480,1132,filterLoc,,
3480,1135,filterLoc,,
3480,1138,filterLoc,,
3480,1141,filterLoc,,
3480,1144,filterLoc,,
3480,1147,filterLoc,,
3480,1150,filterLoc,,
3480,1153,filterLoc,,
3480,1156,filterLoc,,
3480,1163,filterLoc,,
3480,1166,filterLoc,,
3480,1169,filterLoc,,
3480,1172,filterLoc,,
3480,1175,filterLoc,,
3480,1178,filterLoc,,
3480,1181,filterLoc,,
3480,1184,filterLoc,,
3480,1187,filterLoc,,
3480,1190,filterLoc,,
3480,1193,filterLoc,,
3480,1196,filterLoc,,
3480,1199,filterLoc,,
3480,1202,filterLoc,,
3480,1205,filterLoc,,
3480,1208,filterLoc,,
3480,1211,filterLoc,,
3480,1214,filterLoc,,
3480,1217,filterLoc,,
3480,1220,filterLoc,,
3480,1223,filterLoc,,
3480,1226,filterLoc,,
3480,1229,filterLoc,,
3480,1232,filterLoc,,
3480,1235,filterLoc,,
3480,1238,filterLoc,,
3480,1241,filterLoc,,
3480,1244,filterLoc,,
3480,1247,filterLoc,,
3480,1250,filterLoc,,
3480,1253,filterLoc,,
3480,1256,filterLoc,,
3480,1259,filterLoc,,
3480,1262,filterLoc,,
3480,1265,filterLoc,,
3480,1268,filterLoc,,
3480,1271,filterLoc,,
3480,1274,filterLoc,,
3480,1277,filterLoc,,
3480,1280,filterLoc,,
3480,1283,filterLoc,,
3480,1286,filterLoc,,
3480,1289,filterLoc,,
3480,1292,filterLoc,,
3480,1295,filterLoc,,
3480,1298,filterLoc,,
3480,1301,filterLoc,,
3480,1304,filterLoc,,
3480,1307,filterLoc,,
3480,1310,filterLoc,,
3480,1313,filterLoc,,
3480,1316,filterLoc,,
3480,1319,filterLoc,,
3480,1322,filterLoc,,
3480,1325,filterLoc,,
3480,1328,filterLoc,,
3480,1331,filterLoc,,
3480,1334,filterLoc,,
3480,1337,filterLoc,,
3480,1340,filterLoc,,
3480,1343,filterLoc,,
3480,1346,filterLoc,,
3480,1349,filterLoc,,
3480,1352,filterLoc,,
3480,1355,filterLoc,,
3480,1358,filterLoc,,
3480,1361,filterLoc,,
3480,1364,filterLoc,,
3480,1367,filterLoc,,
3480,1370,filterLoc,,
3480,1373,filterLoc,,
3480,1376,filterLoc,,
3480,1379,filterLoc,,
3480,1382,filterLoc,,
3480,1385,filterLoc,,
3480,1388,filterLoc,,
3480,1391,filterLoc,,
3480,1394,filterLoc,,
3480,1397,filterLoc,,
3480,1400,filterLoc,,
3480,1403,filterLoc,,
3480,1406,filterLoc,,
3480,1409,filterLoc,,
3480,1412,filterLoc,,
3480,1415,filterLoc,,
3480,1418,filterLoc,,;Evacuee;294;in triage category;G;is entering helicopter;2
3480,1421,filterLoc,,
3480,1424,filterLoc,,
3480,1427,filterLoc,,
3480,1430,filterLoc,,
3480,1433,filterLoc,,
3480,1436,filterLoc,,
3480,1439,filterLoc,,
3480,1442,filterLoc,,
3480,1445,filterLoc,,
3480,1448,filterLoc,,
3480,1451,filterLoc,,
3480,1454,filterLoc,,
3480,1457,filterLoc,,
3480,1460,filterLoc,,
3480,1463,filterLoc,,
3480,1466,filterLoc,,
3480,1469,filterLoc,,
3480,1472,filterLoc,,
3480,1475,filterLoc,,
3480,1478,filterLoc,,
3480,1481,filterLoc,,
3480,1484,filterLoc,,
3480,1487,filterLoc,,
3480,1490,filterLoc,,
3480,1493,filterLoc,,
3480,1496,filterLoc,,
3480,1499,filterLoc,,
3480,1502,filterLoc,,
3480,1505,filterLoc,,
3480,1508,filterLoc,,
3480,1511,filterLoc,,
3480,1514,filterLoc,,
3480,1517,filterLoc,,
3480,345,filterLoc,out,Evacuee 306 in triage category G is assigned helicopter 2
3480,345,filterLoc,,
3480,346,evacuee,,Evacuee;306;in triage state;G;is entering helicopter;2
3480,348,filterLoc,out,Evacuee 305 in triage category G is assigned helicopter 2
3480,348,filterLoc,,
3480,349,evacuee,,Evacuee;305;in triage state;G;is entering helicopter;2
3480,351,filterLoc,out,Evacuee 303 in triage category G is assigned helicopter 2
3480,351,filterLoc,,
3480,352,evacuee,,Evacuee;303;in triage state;G;is entering helicopter;2
3480,354,filterLoc,out,Evacuee 295 in triage category G is assigned helicopter 2
3480,354,filterLoc,,
3480,355,evacuee,,Evacuee;295;in triage state;G;is entering helicopter;2
3480,360,filterLoc,out,Evacuee 293 in triage category G is assigned helicopter 2
3480,360,filterLoc,,
3480,361,evacuee,,Evacuee;293;in triage state;G;is entering helicopter;2
3480,432,filterLoc,out,Evacuee 301 in triage category G is assigned helicopter 2
3480,432,filterLoc,,
3480,433,evacuee,,Evacuee;301;in triage state;G;is entering helicopter;2
3480,495,filterLoc,out,Evacuee 310 in triage category G is assigned helicopter 2
3480,495,filterLoc,,
3480,496,evacuee,,Evacuee;310;in triage state;G;is entering helicopter;2
3480,630,filterLoc,out,Evacuee 297 in triage category G is assigned helicopter 2
3480,630,filterLoc,,
3480,631,evacuee,,Evacuee;297;in triage state;G;is entering helicopter;2
3480,981,filterLoc,out,Evacuee 304 in triage category G is assigned helicopter 2
3480,981,filterLoc,,
3480,982,evacuee,,Evacuee;304;in triage state;G;is entering helicopter;2
3480,1418,filterLoc,out,Evacuee 294 in triage category G is assigned helicopter 2
3480,1418,filterLoc,,
3480,1419,evacuee,,Evacuee;294;in triage state;G;is entering helicopter;2
3480,103,filterEvac,,
3480,346,evacuee,outHelo,Evacuee 306 in triage category G is assigned helicopter 2
3480,346,evacuee,,Evacuee;306;in triage state;G;is in helicopter;2
3480,349,evacuee,outHelo,Evacuee 305 in triage category G is assigned helicopter 2
3480,349,evacuee,,Evacuee;305;in triage state;G;is in helicopter;2
3480,352,evacuee,outHelo,Evacuee 303 in triage category G is assigned helicopter 2
3480,352,evacuee,,Evacuee;303;in triage state;G;is in helicopter;2
3480,355,evacuee,outHelo,Evacuee 295 in triage category G is assigned helicopter 2
3480,355,evacuee,,Evacuee;295;in triage state;G;is in helicopter;2
3480,361,evacuee,outHelo,Evacuee 293 in triage category G is assigned helicopter 2
3480,361,evacuee,,Evacuee;293;in triage state;G;is in helicopter;2
3480,433,evacuee,outHelo,Evacuee 301 in triage category G is assigned helicopter 2
3480,433,evacuee,,Evacuee;301;in triage state;G;is in helicopter;2
3480,496,evacuee,outHelo,Evacuee 310 in triage category G is assigned helicopter 2
3480,496,evacuee,,Evacuee;310;in triage state;G;is in helicopter;2
3480,631,evacuee,outHelo,Evacuee 297 in triage category G is assigned helicopter 2
3480,631,evacuee,,Evacuee;297;in triage state;G;is in helicopter;2
3480,982,evacuee,outHelo,Evacuee 304 in triage category G is assigned helicopter 2
3480,982,evacuee,,Evacuee;304;in triage state;G;is in helicopter;2
3480,1119,filterEvac,,;Evacuee;293;in triage category;G;is entering helicopter;2;Evacuee;294;in triage category;G;is entering helicopter;2;Evacuee;295;in triage category;G;is entering helicopter;2;Evacuee;297;in triage category;G;is entering helicopter;2;Evacuee;301;in triage category;G;is entering helicopter;2;Evacuee;303;in triage category;G;is entering helicopter;2;Evacuee;304;in triage category;G;is entering helicopter;2;Evacuee;305;in triage category;G;is entering helicopter;2;Evacuee;306;in triage category;G;is entering helicopter;2;Evacuee;310;in triage category;G;is entering helicopter;2
3480,1159,filterEvac,,
3480,1419,evacuee,outHelo,Evacuee 294 in triage category G is assigned helicopter 2
3480,1419,evacuee,,Evacuee;294;in triage state;G;is in helicopter;2
3480,1119,filterEvac,out,Evacuee 293 in triage category G is assigned helicopter 2
3480,1119,filterEvac,out,Evacuee 294 in triage category G is assigned helicopter 2
3480,1119,filterEvac,out,Evacuee 295 in triage category G is assigned helicopter 2
3480,1119,filterEvac,out,Evacuee 297 in triage category G is assigned helicopter 2
3480,1119,filterEvac,out,Evacuee 301 in triage category G is assigned helicopter 2
3480,1119,filterEvac,out,Evacuee 303 in triage category G is assigned helicopter 2
3480,1119,filterEvac,out,Evacuee 304 in triage category G is assigned helicopter 2
3480,1119,filterEvac,out,Evacuee 305 in triage category G is assigned helicopter 2
3480,1119,filterEvac,out,Evacuee 306 in triage category G is assigned helicopter 2
3480,1119,filterEvac,out,Evacuee 310 in triage category G is assigned helicopter 2
3480,1119,filterEvac,,
3480,1121,helicopter,,Helicopter;2;is loading people at the evacuation site;;and has;10;spots taken
3491.16,3,evacueeManager,,OFF SHIP: White;0;Green;43;Yellow;20;Red;4;Black;323;ON SHIP: White;0;Green;0;Yellow;0;Red;0;Evacuees to Transfer;
3491.16,1254,evacuee,outES,Evacuee 234 in triage category Y is not assigned a helicopter
3491.16,1254,evacuee,,Evacuee;234;in triage state;R;is at the evacuation site
3491.45,3,evacueeManager,,OFF SHIP: White;0;Green;43;Yellow;19;Red;5;Black;323;ON SHIP: White;0;Green;0;Yellow;0;Red;0;Evacuees to Transfer;
3491.45,56,evacuee,outES,Evacuee 468 in triage category Y is not assigned a helicopter
3491.45,56,evacuee,,Evacuee;468;in triage state;R;is at the evacuation site
3495,4,helipadManager,outHelo,Helicopter 2 is evacuating people2
3495,4,helipadManager,,;No helos are at ES
3495,104,filterES,,
3495,1120,filterES,,Helicopter;2;is evacuating people
3495,1160,filterES,,
3495,4,helipadManager,outHQ,0
3495,4,helipadManager,,;No helos are at ES
3495,5,helicopterQueue,,;No helos are waiting to land
3495,1120,filterES,out,Helicopter 2 is evacuating people2
3495,1120,filterES,,
3495,1121,helicopter,,Helicopter;2;is loading people at the evacuation site;;and has;10;spots taken
3495,5,helicopterQueue,,;No helos are waiting to land
3495,1121,helicopter,,Helicopter;2;is returning to the FOL;;and has;10;spots taken
3510,7,filterLoc,,
3510,10,filterLoc,,
3510,13,filterLoc,,
3510,16,filterLoc,,
3510,19,filterLoc,,
3510,22,filterLoc,,
3510,25,filterLoc,,
3510,28,filterLoc,,
3510,31,filterLoc,,
3510,34,filterLoc,,
3510,37,filterLoc,,
3510,40,filterLoc,,
3510,43,filterLoc,,
3510,46,filterLoc,,
3510,49,filterLoc,,
3510,52,filterLoc,,
3510,55,filterLoc,,
3510,58,filterLoc,,
3510,61,filterLoc,,
3510,64,filterLoc,,
3510,67,filterLoc,,
3510,70,filterLoc,,
3510,73,filterLoc,,
3510,76,filterLoc,,
3510,79,filterLoc,,
3510,82,filterLoc,,
3510,85,filterLoc,,
3510,88,filterLoc,,
3510,91,filterLoc,,
3510,94,filterLoc,,
3510,97,filterLoc,,
3510,100,filterLoc,,
3510,107,filterLoc,,
3510,110,filterLoc,,
3510,113,filterLoc,,
3510,116,filterLoc,,
3510,119,filterLoc,,
3510,122,filterLoc,,
3510,125,filterLoc,,
3510,128,filterLoc,,
3510,131,filterLoc,,
3510,134,filterLoc,,
3510,137,filterLoc,,
3510,140,filterLoc,,
3510,143,filterLoc,,
3510,146,filterLoc,,
3510,149,filterLoc,,
3510,152,filterLoc,,
3510,155,filterLoc,,
3510,158,filterLoc,,
3510,161,filterLoc,,
3510,164,filterLoc,,
3510,167,filterLoc,,
3510,170,filterLoc,,
3510,173,filterLoc,,
3510,176,filterLoc,,
3510,179,filterLoc,,
3510,182,filterLoc,,
3510,185,filterLoc,,
3510,188,filterLoc,,
3510,191,filterLoc,,
3510,194,filterLoc,,
3510,197,filterLoc,,
3510,200,filterLoc,,
3510,203,filterLoc,,
3510,206,filterLoc,,
3510,209,filterLoc,,
3510,212,filterLoc,,
3510,215,filterLoc,,
3510,218,filterLoc,,
3510,221,filterLoc,,
3510,225,filterLoc,,
3510,228,filterLoc,,
3510,231,filterLoc,,
3510,234,filterLoc,,
3510,237,filterLoc,,
3510,240,filterLoc,,
3510,243,filterLoc,,
3510,246,filterLoc,,
3510,249,filterLoc,,
3510,252,filterLoc,,
3510,255,filterLoc,,
3510,258,filterLoc,,
3510,261,filterLoc,,
3510,264,filterLoc,,
3510,267,filterLoc,,
3510,270,filterLoc,,
3510,273,filterLoc,,
3510,276,filterLoc,,
3510,279,filterLoc,,
3510,282,filterLoc,,
3510,285,filterLoc,,
3510,288,filterLoc,,
3510,291,filterLoc,,
3510,294,filterLoc,,
3510,297,filterLoc,,
3510,300,filterLoc,,
3510,303,filterLoc,,
3510,306,filterLoc,,
3510,309,filterLoc,,
3510,312,filterLoc,,
3510,315,filterLoc,,
3510,318,filterLoc,,
3510,321,filterLoc,,
3510,324,filterLoc,,
3510,327,filterLoc,,
3510,330,filterLoc,,
3510,333,filterLoc,,
3510,336,filterLoc,,
3510,339,filterLoc,,
3510,342,filterLoc,,
3510,345,filterLoc,,
3510,348,filterLoc,,
3510,351,filterLoc,,
3510,354,filterLoc,,
3510,357,filterLoc,,
3510,360,filterLoc,,
3510,363,filterLoc,,
3510,366,filterLoc,,
3510,369,filterLoc,,
3510,372,filterLoc,,
3510,375,filterLoc,,
3510,378,filterLoc,,
3510,381,filterLoc,,
3510,384,filterLoc,,
3510,387,filterLoc,,
3510,390,filterLoc,,
3510,393,filterLoc,,
3510,396,filterLoc,,
3510,399,filterLoc,,
3510,402,filterLoc,,
3510,405,filterLoc,,
3510,408,filterLoc,,
3510,411,filterLoc,,
3510,414,filterLoc,,
3510,417,filterLoc,,;Evacuee;277;in triage category;G;is leaving helicopter;1
3510,420,filterLoc,,
3510,423,filterLoc,,;Evacuee;274;in triage category;G;is leaving helicopter;1
3510,426,filterLoc,,;Evacuee;273;in triage category;G;is leaving helicopter;1
3510,429,filterLoc,,
3510,432,filterLoc,,
3510,435,filterLoc,,;Evacuee;272;in triage category;G;is leaving helicopter;1
3510,438,filterLoc,,;Evacuee;270;in triage category;G;is leaving helicopter;1
3510,441,filterLoc,,
3510,444,filterLoc,,
3510,447,filterLoc,,
3510,450,filterLoc,,
3510,453,filterLoc,,
3510,456,filterLoc,,
3510,459,filterLoc,,
3510,462,filterLoc,,
3510,465,filterLoc,,
3510,468,filterLoc,,
3510,471,filterLoc,,
3510,474,filterLoc,,
3510,477,filterLoc,,
3510,480,filterLoc,,
3510,483,filterLoc,,
3510,486,filterLoc,,
3510,489,filterLoc,,
3510,492,filterLoc,,
3510,495,filterLoc,,
3510,498,filterLoc,,
3510,501,filterLoc,,
3510,504,filterLoc,,
3510,507,filterLoc,,
3510,510,filterLoc,,
3510,513,filterLoc,,
3510,516,filterLoc,,
3510,519,filterLoc,,
3510,522,filterLoc,,
3510,525,filterLoc,,
3510,528,filterLoc,,
3510,531,filterLoc,,
3510,534,filterLoc,,
3510,537,filterLoc,,
3510,540,filterLoc,,
3510,543,filterLoc,,
3510,546,filterLoc,,
3510,549,filterLoc,,
3510,552,filterLoc,,
3510,555,filterLoc,,
3510,558,filterLoc,,;Evacuee;269;in triage category;G;is leaving helicopter;1
3510,561,filterLoc,,
3510,564,filterLoc,,
3510,567,filterLoc,,
3510,570,filterLoc,,
3510,573,filterLoc,,
3510,576,filterLoc,,
3510,579,filterLoc,,
3510,582,filterLoc,,
3510,585,filterLoc,,
3510,588,filterLoc,,
3510,591,filterLoc,,
3510,594,filterLoc,,
3510,597,filterLoc,,
3510,600,filterLoc,,
3510,603,filterLoc,,
3510,606,filterLoc,,
3510,609,filterLoc,,
3510,612,filterLoc,,
3510,615,filterLoc,,
3510,618,filterLoc,,
3510,621,filterLoc,,
3510,624,filterLoc,,
3510,627,filterLoc,,
3510,630,filterLoc,,
3510,633,filterLoc,,
3510,636,filterLoc,,
3510,639,filterLoc,,
3510,642,filterLoc,,
3510,645,filterLoc,,
3510,648,filterLoc,,
3510,651,filterLoc,,
3510,654,filterLoc,,
3510,657,filterLoc,,
3510,660,filterLoc,,
3510,663,filterLoc,,
3510,666,filterLoc,,
3510,669,filterLoc,,
3510,672,filterLoc,,
3510,675,filterLoc,,
3510,678,filterLoc,,
3510,681,filterLoc,,
3510,684,filterLoc,,
3510,687,filterLoc,,
3510,690,filterLoc,,
3510,693,filterLoc,,
3510,696,filterLoc,,
3510,699,filterLoc,,
3510,702,filterLoc,,
3510,705,filterLoc,,
3510,708,filterLoc,,
3510,711,filterLoc,,
3510,714,filterLoc,,
3510,717,filterLoc,,
3510,720,filterLoc,,
3510,723,filterLoc,,
3510,726,filterLoc,,
3510,729,filterLoc,,
3510,732,filterLoc,,
3510,735,filterLoc,,
3510,738,filterLoc,,
3510,741,filterLoc,,
3510,744,filterLoc,,
3510,747,filterLoc,,
3510,750,filterLoc,,
3510,753,filterLoc,,
3510,756,filterLoc,,
3510,759,filterLoc,,
3510,762,filterLoc,,
3510,765,filterLoc,,
3510,768,filterLoc,,
3510,771,filterLoc,,
3510,774,filterLoc,,
3510,777,filterLoc,,
3510,780,filterLoc,,
3510,783,filterLoc,,
3510,786,filterLoc,,
3510,789,filterLoc,,
3510,792,filterLoc,,
3510,795,filterLoc,,
3510,798,filterLoc,,
3510,801,filterLoc,,
3510,804,filterLoc,,
3510,807,filterLoc,,
3510,810,filterLoc,,
3510,813,filterLoc,,
3510,816,filterLoc,,
3510,819,filterLoc,,
3510,822,filterLoc,,
3510,825,filterLoc,,
3510,828,filterLoc,,
3510,831,filterLoc,,
3510,834,filterLoc,,
3510,837,filterLoc,,
3510,840,filterLoc,,;Evacuee;285;in triage category;G;is leaving helicopter;1
3510,843,filterLoc,,
3510,846,filterLoc,,
3510,849,filterLoc,,
3510,852,filterLoc,,
3510,855,filterLoc,,
3510,858,filterLoc,,
3510,861,filterLoc,,
3510,864,filterLoc,,
3510,867,filterLoc,,
3510,870,filterLoc,,
3510,873,filterLoc,,
3510,876,filterLoc,,
3510,879,filterLoc,,
3510,882,filterLoc,,
3510,885,filterLoc,,
3510,888,filterLoc,,
3510,891,filterLoc,,
3510,894,filterLoc,,
3510,897,filterLoc,,
3510,900,filterLoc,,
3510,903,filterLoc,,
3510,906,filterLoc,,
3510,909,filterLoc,,
3510,912,filterLoc,,
3510,915,filterLoc,,
3510,918,filterLoc,,;Evacuee;286;in triage category;G;is leaving helicopter;1
3510,921,filterLoc,,
3510,924,filterLoc,,
3510,927,filterLoc,,
3510,930,filterLoc,,
3510,933,filterLoc,,
3510,936,filterLoc,,
3510,939,filterLoc,,
3510,942,filterLoc,,
3510,945,filterLoc,,
3510,948,filterLoc,,
3510,951,filterLoc,,
3510,954,filterLoc,,
3510,957,filterLoc,,
3510,960,filterLoc,,
3510,963,filterLoc,,
3510,966,filterLoc,,
3510,969,filterLoc,,
3510,972,filterLoc,,
3510,975,filterLoc,,
3510,978,filterLoc,,
3510,981,filterLoc,,
3510,984,filterLoc,,
3510,987,filterLoc,,
3510,990,filterLoc,,
3510,993,filterLoc,,
3510,996,filterLoc,,
3510,999,filterLoc,,
3510,1002,filterLoc,,
3510,1005,filterLoc,,
3510,1008,filterLoc,,
3510,1011,filterLoc,,
3510,1014,filterLoc,,
3510,1017,filterLoc,,
3510,1020,filterLoc,,
3510,1023,filterLoc,,
3510,1026,filterLoc,,
3510,1029,filterLoc,,
3510,1032,filterLoc,,
3510,1035,filterLoc,,
3510,1038,filterLoc,,
3510,1041,filterLoc,,
3510,1044,filterLoc,,
3510,1047,filterLoc,,
3510,1050,filterLoc,,
3510,1053,filterLoc,,
3510,1056,filterLoc,,
3510,1059,filterLoc,,
3510,1062,filterLoc,,
3510,1065,filterLoc,,
3510,1068,filterLoc,,
3510,1071,filterLoc,,
3510,1074,filterLoc,,
3510,1077,filterLoc,,
3510,1080,filterLoc,,
3510,1083,filterLoc,,
3510,1086,filterLoc,,
3510,1089,filterLoc,,
3510,1092,filterLoc,,
3510,1095,filterLoc,,
3510,1098,filterLoc,,
3510,1101,filterLoc,,
3510,1104,filterLoc,,
3510,1107,filterLoc,,
3510,1110,filterLoc,,
3510,1113,filterLoc,,
3510,1116,filterLoc,,
3510,1123,filterLoc,,
3510,1126,filterLoc,,
3510,1129,filterLoc,,
3510,1132,filterLoc,,
3510,1135,filterLoc,,
3510,1138,filterLoc,,
3510,1141,filterLoc,,
3510,1144,filterLoc,,
3510,1147,filterLoc,,
3510,1150,filterLoc,,
3510,1153,filterLoc,,
3510,1156,filterLoc,,
3510,1161,helicopter,outEvac,Evacuee 253 in triage category G is not assigned a helicopter
3510,1161,helicopter,outEvac,Evacuee 265 in triage category G is not assigned a helicopter
3510,1161,helicopter,outEvac,Evacuee 269 in triage category G is not assigned a helicopter
3510,1161,helicopter,outEvac,Evacuee 270 in triage category G is not assigned a helicopter
3510,1161,helicopter,outEvac,Evacuee 272 in triage category G is not assigned a helicopter
3510,1161,helicopter,outEvac,Evacuee 273 in triage category G is not assigned a helicopter
3510,1161,helicopter,outEvac,Evacuee 274 in triage category G is not assigned a helicopter
3510,1161,helicopter,outEvac,Evacuee 277 in triage category G is not assigned a helicopter
3510,1161,helicopter,outEvac,Evacuee 285 in triage category G is not assigned a helicopter
3510,1161,helicopter,outEvac,Evacuee 286 in triage category G is not assigned a helicopter
3510,1161,helicopter,,Helicopter;1;is unloading people at the FOL;;and has;0;spots taken
3510,1163,filterLoc,,
3510,1166,filterLoc,,
3510,1169,filterLoc,,
3510,1172,filterLoc,,
3510,1175,filterLoc,,
3510,1178,filterLoc,,
3510,1181,filterLoc,,
3510,1184,filterLoc,,
3510,1187,filterLoc,,
3510,1190,filterLoc,,
3510,1193,filterLoc,,
3510,1196,filterLoc,,
3510,1199,filterLoc,,;Evacuee;265;in triage category;G;is leaving helicopter;1
3510,1202,filterLoc,,
3510,1205,filterLoc,,
3510,1208,filterLoc,,
3510,1211,filterLoc,,
3510,1214,filterLoc,,
3510,1217,filterLoc,,
3510,1220,filterLoc,,
3510,1223,filterLoc,,
3510,1226,filterLoc,,
3510,1229,filterLoc,,
3510,1232,filterLoc,,
3510,1235,filterLoc,,
3510,1238,filterLoc,,
3510,1241,filterLoc,,
3510,1244,filterLoc,,
3510,1247,filterLoc,,
3510,1250,filterLoc,,
3510,1253,filterLoc,,
3510,1256,filterLoc,,
3510,1259,filterLoc,,
3510,1262,filterLoc,,
3510,1265,filterLoc,,
3510,1268,filterLoc,,
3510,1271,filterLoc,,
3510,1274,filterLoc,,
3510,1277,filterLoc,,
3510,1280,filterLoc,,
3510,1283,filterLoc,,
3510,1286,filterLoc,,
3510,1289,filterLoc,,
3510,1292,filterLoc,,
3510,1295,filterLoc,,
3510,1298,filterLoc,,
3510,1301,filterLoc,,
3510,1304,filterLoc,,
3510,1307,filterLoc,,
3510,1310,filterLoc,,
3510,1313,filterLoc,,
3510,1316,filterLoc,,
3510,1319,filterLoc,,
3510,1322,filterLoc,,
3510,1325,filterLoc,,
3510,1328,filterLoc,,
3510,1331,filterLoc,,
3510,1334,filterLoc,,
3510,1337,filterLoc,,
3510,1340,filterLoc,,
3510,1343,filterLoc,,;Evacuee;253;in triage category;G;is leaving helicopter;1
3510,1346,filterLoc,,
3510,1349,filterLoc,,
3510,1352,filterLoc,,
3510,1355,filterLoc,,
3510,1358,filterLoc,,
3510,1361,filterLoc,,
3510,1364,filterLoc,,
3510,1367,filterLoc,,
3510,1370,filterLoc,,
3510,1373,filterLoc,,
3510,1376,filterLoc,,
3510,1379,filterLoc,,
3510,1382,filterLoc,,
3510,1385,filterLoc,,
3510,1388,filterLoc,,
3510,1391,filterLoc,,
3510,1394,filterLoc,,
3510,1397,filterLoc,,
3510,1400,filterLoc,,
3510,1403,filterLoc,,
3510,1406,filterLoc,,
3510,1409,filterLoc,,
3510,1412,filterLoc,,
3510,1415,filterLoc,,
3510,1418,filterLoc,,
3510,1421,filterLoc,,
3510,1424,filterLoc,,
3510,1427,filterLoc,,
3510,1430,filterLoc,,
3510,1433,filterLoc,,
3510,1436,filterLoc,,
3510,1439,filterLoc,,
3510,1442,filterLoc,,
3510,1445,filterLoc,,
3510,1448,filterLoc,,
3510,1451,filterLoc,,
3510,1454,filterLoc,,
3510,1457,filterLoc,,
3510,1460,filterLoc,,
3510,1463,filterLoc,,
3510,1466,filterLoc,,
3510,1469,filterLoc,,
3510,1472,filterLoc,,
3510,1475,filterLoc,,
3510,1478,filterLoc,,
3510,1481,filterLoc,,
3510,1484,filterLoc,,
3510,1487,filterLoc,,
3510,1490,filterLoc,,
3510,1493,filterLoc,,
3510,1496,filterLoc,,
3510,1499,filterLoc,,
3510,1502,filterLoc,,
3510,1505,filterLoc,,
3510,1508,filterLoc,,
3510,1511,filterLoc,,
3510,1514,filterLoc,,
3510,1517,filterLoc,,
3510,417,filterLoc,out,Evacuee 277 in triage category G is not assigned a helicopter
3510,417,filterLoc,,
3510,418,evacuee,,Evacuee;277;in triage state;G;is entering the FOL
3510,423,filterLoc,out,Evacuee 274 in triage category G is not assigned a helicopter
3510,423,filterLoc,,
3510,424,evacuee,,Evacuee;274;in triage state;G;is entering the FOL
3510,426,filterLoc,out,Evacuee 273 in triage category G is not assigned a helicopter
3510,426,filterLoc,,
3510,427,evacuee,,Evacuee;273;in triage state;G;is entering the FOL
3510,435,filterLoc,out,Evacuee 272 in triage category G is not assigned a helicopter
3510,435,filterLoc,,
3510,436,evacuee,,Evacuee;272;in triage state;G;is entering the FOL
3510,438,filterLoc,out,Evacuee 270 in triage category G is not assigned a helicopter
3510,438,filterLoc,,
3510,439,evacuee,,Evacuee;270;in triage state;G;is entering the FOL
3510,558,filterLoc,out,Evacuee 269 in triage category G is not assigned a helicopter
3510,558,filterLoc,,
3510,559,evacuee,,Evacuee;269;in triage state;G;is entering the FOL
3510,840,filterLoc,out,Evacuee 285 in triage category G is not assigned a helicopter
3510,840,filterLoc,,
3510,841,evacuee,,Evacuee;285;in triage state;G;is entering the FOL
3510,918,filterLoc,out,Evacuee 286 in triage category G is not assigned a helicopter
3510,918,filterLoc,,
3510,919,evacuee,,Evacuee;286;in triage state;G;is entering the FOL
3510,1199,filterLoc,out,Evacuee 265 in triage category G is not assigned a helicopter
3510,1199,filterLoc,,
3510,1200,evacuee,,Evacuee;265;in triage state;G;is entering the FOL
3510,1343,filterLoc,out,Evacuee 253 in triage category G is not assigned a helicopter
3510,1343,filterLoc,,
3510,1344,evacuee,,Evacuee;253;in triage state;G;is entering the FOL
3510,223,FOL,,;EvacueeID;3;Triage Status;G;EvacueeID;5;Triage Status;G;EvacueeID;6;Triage Status;G;EvacueeID;7;Triage Status;G;EvacueeID;8;Triage Status;G;EvacueeID;16;Triage Status;G;EvacueeID;20;Triage Status;G;EvacueeID;21;Triage Status;G;EvacueeID;27;Triage Status;G;EvacueeID;35;Triage Status;G;EvacueeID;36;Triage Status;G;EvacueeID;39;Triage Status;G;EvacueeID;41;Triage Status;G;EvacueeID;42;Triage Status;G;EvacueeID;47;Triage Status;G;EvacueeID;49;Triage Status;G;EvacueeID;51;Triage Status;G;EvacueeID;52;Triage Status;G;EvacueeID;56;Triage Status;G;EvacueeID;62;Triage Status;G;EvacueeID;63;Triage Status;G;EvacueeID;66;Triage Status;G;EvacueeID;68;Triage Status;G;EvacueeID;69;Triage Status;G;EvacueeID;70;Triage Status;G;EvacueeID;72;Triage Status;G;EvacueeID;79;Triage Status;G;EvacueeID;80;Triage Status;G;EvacueeID;84;Triage Status;G;EvacueeID;86;Triage Status;G;EvacueeID;87;Triage Status;G;EvacueeID;89;Triage Status;G;EvacueeID;94;Triage Status;G;EvacueeID;96;Triage Status;G;EvacueeID;97;Triage Status;G;EvacueeID;101;Triage Status;G;EvacueeID;103;Triage Status;G;EvacueeID;107;Triage Status;G;EvacueeID;110;Triage Status;G;EvacueeID;111;Triage Status;G;EvacueeID;113;Triage Status;G;EvacueeID;115;Triage Status;G;EvacueeID;118;Triage Status;G;EvacueeID;120;Triage Status;G;EvacueeID;124;Triage Status;G;EvacueeID;128;Triage Status;G;EvacueeID;130;Triage Status;G;EvacueeID;132;Triage Status;G;EvacueeID;133;Triage Status;G;EvacueeID;134;Triage Status;G;EvacueeID;135;Triage Status;G;EvacueeID;137;Triage Status;G;EvacueeID;138;Triage Status;G;EvacueeID;139;Triage Status;G;EvacueeID;140;Triage Status;G;EvacueeID;141;Triage Status;G;EvacueeID;143;Triage Status;G;EvacueeID;146;Triage Status;G;EvacueeID;154;Triage Status;G;EvacueeID;155;Triage Status;G;EvacueeID;157;Triage Status;G;EvacueeID;166;Triage Status;G;EvacueeID;167;Triage Status;G;EvacueeID;172;Triage Status;G;EvacueeID;173;Triage Status;G;EvacueeID;175;Triage Status;G;EvacueeID;178;Triage Status;G;EvacueeID;180;Triage Status;G;EvacueeID;186;Triage Status;G;EvacueeID;189;Triage Status;G;EvacueeID;191;Triage Status;G;EvacueeID;194;Triage Status;G;EvacueeID;196;Triage Status;G;EvacueeID;198;Triage Status;G;EvacueeID;199;Triage Status;G;EvacueeID;206;Triage Status;G;EvacueeID;207;Triage Status;G;EvacueeID;211;Triage Status;G;EvacueeID;217;Triage Status;G;EvacueeID;223;Triage Status;G;EvacueeID;228;Triage Status;G;EvacueeID;229;Triage Status;G;EvacueeID;237;Triage Status;G;EvacueeID;238;Triage Status;G;EvacueeID;239;Triage Status;G;EvacueeID;240;Triage Status;G;EvacueeID;242;Triage Status;G;EvacueeID;243;Triage Status;G;EvacueeID;245;Triage Status;G;EvacueeID;250;Triage Status;G;EvacueeID;253;Triage Status;G;EvacueeID;265;Triage Status;G;EvacueeID;269;Triage Status;G;EvacueeID;270;Triage Status;G;EvacueeID;272;Triage Status;G;EvacueeID;273;Triage Status;G;EvacueeID;274;Triage Status;G;EvacueeID;277;Triage Status;G;EvacueeID;285;Triage Status;G;EvacueeID;286;Triage Status;G;Lives Saved;100
3510,418,evacuee,outFOL,Evacuee 277 in triage category G is not assigned a helicopter
3510,418,evacuee,,Evacuee;277;in triage state;G;is at the FOL
3510,424,evacuee,outFOL,Evacuee 274 in triage category G is not assigned a helicopter
3510,424,evacuee,,Evacuee;274;in triage state;G;is at the FOL
3510,427,evacuee,outFOL,Evacuee 273 in triage category G is not assigned a helicopter
3510,427,evacuee,,Evacuee;273;in triage state;G;is at the FOL
3510,436,evacuee,outFOL,Evacuee 272 in triage category G is not assigned a helicopter
3510,436,evacuee,,Evacuee;272;in triage state;G;is at the FOL
3510,439,evacuee,outFOL,Evacuee 270 in triage category G is not assigned a helicopter
3510,439,evacuee,,Evacuee;270;in triage state;G;is at the FOL
3510,559,evacuee,outFOL,Evacuee 269 in triage category G is not assigned a helicopter
3510,559,evacuee,,Evacuee;269;in triage state;G;is at the FOL
3510,841,evacuee,outFOL,Evacuee 285 in triage category G is not assigned a helicopter
3510,841,evacuee,,Evacuee;285;in triage state;G;is at the FOL
3510,919,evacuee,outFOL,Evacuee 286 in triage category G is not assigned a helicopter
3510,919,evacuee,,Evacuee;286;in triage state;G;is at the FOL
3510,1200,evacuee,outFOL,Evacuee 265 in triage category G is not assigned a helicopter
3510,1200,evacuee,,Evacuee;265;in triage state;G;is at the FOL
3510,1344,evacuee,outFOL,Evacuee 253 in triage category G is not assigned a helicopter
3510,1344,evacuee,,Evacuee;253;in triage state;G;is at the FOL
3510,223,FOL,,;EvacueeID;3;Triage Status;G;EvacueeID;5;Triage Status;G;EvacueeID;6;Triage Status;G;EvacueeID;7;Triage Status;G;EvacueeID;8;Triage Status;G;EvacueeID;16;Triage Status;G;EvacueeID;20;Triage Status;G;EvacueeID;21;Triage Status;G;EvacueeID;27;Triage Status;G;EvacueeID;35;Triage Status;G;EvacueeID;36;Triage Status;G;EvacueeID;39;Triage Status;G;EvacueeID;41;Triage Status;G;EvacueeID;42;Triage Status;G;EvacueeID;47;Triage Status;G;EvacueeID;49;Triage Status;G;EvacueeID;51;Triage Status;G;EvacueeID;52;Triage Status;G;EvacueeID;56;Triage Status;G;EvacueeID;62;Triage Status;G;EvacueeID;63;Triage Status;G;EvacueeID;66;Triage Status;G;EvacueeID;68;Triage Status;G;EvacueeID;69;Triage Status;G;EvacueeID;70;Triage Status;G;EvacueeID;72;Triage Status;G;EvacueeID;79;Triage Status;G;EvacueeID;80;Triage Status;G;EvacueeID;84;Triage Status;G;EvacueeID;86;Triage Status;G;EvacueeID;87;Triage Status;G;EvacueeID;89;Triage Status;G;EvacueeID;94;Triage Status;G;EvacueeID;96;Triage Status;G;EvacueeID;97;Triage Status;G;EvacueeID;101;Triage Status;G;EvacueeID;103;Triage Status;G;EvacueeID;107;Triage Status;G;EvacueeID;110;Triage Status;G;EvacueeID;111;Triage Status;G;EvacueeID;113;Triage Status;G;EvacueeID;115;Triage Status;G;EvacueeID;118;Triage Status;G;EvacueeID;120;Triage Status;G;EvacueeID;124;Triage Status;G;EvacueeID;128;Triage Status;G;EvacueeID;130;Triage Status;G;EvacueeID;132;Triage Status;G;EvacueeID;133;Triage Status;G;EvacueeID;134;Triage Status;G;EvacueeID;135;Triage Status;G;EvacueeID;137;Triage Status;G;EvacueeID;138;Triage Status;G;EvacueeID;139;Triage Status;G;EvacueeID;140;Triage Status;G;EvacueeID;141;Triage Status;G;EvacueeID;143;Triage Status;G;EvacueeID;146;Triage Status;G;EvacueeID;154;Triage Status;G;EvacueeID;155;Triage Status;G;EvacueeID;157;Triage Status;G;EvacueeID;166;Triage Status;G;EvacueeID;167;Triage Status;G;EvacueeID;172;Triage Status;G;EvacueeID;173;Triage Status;G;EvacueeID;175;Triage Status;G;EvacueeID;178;Triage Status;G;EvacueeID;180;Triage Status;G;EvacueeID;186;Triage Status;G;EvacueeID;189;Triage Status;G;EvacueeID;191;Triage Status;G;EvacueeID;194;Triage Status;G;EvacueeID;196;Triage Status;G;EvacueeID;198;Triage Status;G;EvacueeID;199;Triage Status;G;EvacueeID;206;Triage Status;G;EvacueeID;207;Triage Status;G;EvacueeID;211;Triage Status;G;EvacueeID;217;Triage Status;G;EvacueeID;223;Triage Status;G;EvacueeID;228;Triage Status;G;EvacueeID;229;Triage Status;G;EvacueeID;237;Triage Status;G;EvacueeID;238;Triage Status;G;EvacueeID;239;Triage Status;G;EvacueeID;240;Triage Status;G;EvacueeID;242;Triage Status;G;EvacueeID;243;Triage Status;G;EvacueeID;245;Triage Status;G;EvacueeID;250;Triage Status;G;EvacueeID;253;Triage Status;G;EvacueeID;265;Triage Status;G;EvacueeID;269;Triage Status;G;EvacueeID;270;Triage Status;G;EvacueeID;272;Triage Status;G;EvacueeID;273;Triage Status;G;EvacueeID;274;Triage Status;G;EvacueeID;277;Triage Status;G;EvacueeID;285;Triage Status;G;EvacueeID;286;Triage Status;G;Lives Saved;100
3513.2,3,evacueeManager,,OFF SHIP: White;0;Green;43;Yellow;19;Red;4;Black;324;ON SHIP: White;0;Green;0;Yellow;0;Red;0;Evacuees to Transfer;
3513.2,56,evacuee,outES,Evacuee 468 in triage category R is not assigned a helicopter
3513.2,56,evacuee,,Evacuee;468;in triage state;B;is at the evacuation site
3517.53,3,evacueeManager,,OFF SHIP: White;0;Green;43;Yellow;19;Red;3;Black;325;ON SHIP: White;0;Green;0;Yellow;0;Red;0;Evacuees to Transfer;
3517.53,1254,evacuee,outES,Evacuee 234 in triage category R is not assigned a helicopter
3517.53,1254,evacuee,,Evacuee;234;in triage state;B;is at the evacuation site
3525,1161,helicopter,,Helicopter;1;Is going to the evacuation site;;and has;0;spots taken
3525.81,3,evacueeManager,,OFF SHIP: White;0;Green;43;Yellow;18;Red;4;Black;325;ON SHIP: White;0;Green;0;Yellow;0;Red;0;Evacuees to Transfer;
3525.81,129,evacuee,outES,Evacuee 414 in triage category Y is not assigned a helicopter
3525.81,129,evacuee,,Evacuee;414;in triage state;R;is at the evacuation site
3528.93,3,evacueeManager,,OFF SHIP: White;0;Green;42;Yellow;19;Red;4;Black;325;ON SHIP: White;0;Green;0;Yellow;0;Red;0;Evacuees to Transfer;
3528.93,132,evacuee,outES,Evacuee 411 in triage category G is not assigned a helicopter
3528.93,132,evacuee,,Evacuee;411;in triage state;Y;is at the evacuation site
3531.55,3,evacueeManager,,OFF SHIP: White;0;Green;41;Yellow;20;Red;4;Black;325;ON SHIP: White;0;Green;0;Yellow;0;Red;0;Evacuees to Transfer;
3531.55,490,evacuee,outES,Evacuee 432 in triage category G is not assigned a helicopter
3531.55,490,evacuee,,Evacuee;432;in triage state;Y;is at the evacuation site
3540,5,helicopterQueue,,1;Helos are waiting to land;HeloID;3
3540,105,helicopter,outES,Helicopter 3 is evacuating people3
3540,105,helicopter,,Helicopter;3;is waiting to land at the evacuation site;;and has;0;spots taken
3540,4,helipadManager,,;No helos are at ES
3540,5,helicopterQueue,outHM,Helicopter 3 is evacuating people3
3540,5,helicopterQueue,outHelo,Helicopter 3 is evacuating people3
3540,5,helicopterQueue,,;No helos are waiting to land
3540,104,filterES,,Helicopter;3;is evacuating people
3540,1120,filterES,,
3540,1160,filterES,,
3540,3,evacueeManager,,OFF SHIP: White;0;Green;31;Yellow;20;Red;4;Black;325;ON SHIP: White;0;Green;0;Yellow;0;Red;0;Evacuees to Transfer;;EvacueeID;314;HeloID;3;OnShip;0;Triage Status;G;EvacueeID;315;HeloID;3;OnShip;0;Triage Status;G;EvacueeID;327;HeloID;3;OnShip;0;Triage Status;G;EvacueeID;328;HeloID;3;OnShip;0;Triage Status;G;EvacueeID;330;HeloID;3;OnShip;0;Triage Status;G;EvacueeID;331;HeloID;3;OnShip;0;Triage Status;G;EvacueeID;335;HeloID;3;OnShip;0;Triage Status;G;EvacueeID;337;HeloID;3;OnShip;0;Triage Status;G;EvacueeID;352;HeloID;3;OnShip;0;Triage Status;G;EvacueeID;359;HeloID;3;OnShip;0;Triage Status;G
3540,4,helipadManager,outEM,Helicopter 3 is evacuating people3
3540,4,helipadManager,,Helo;3;is at the ES
3540,104,filterES,out,Helicopter 3 is evacuating people3
3540,104,filterES,,
3540,105,helicopter,,Helicopter;3;is waiting to land at the evacuation site;;and has;0;spots taken
3540,3,evacueeManager,outEvac,Evacuee 314 in triage category G is assigned helicopter 3
3540,3,evacueeManager,outEvac,Evacuee 315 in triage category G is assigned helicopter 3
3540,3,evacueeManager,outEvac,Evacuee 327 in triage category G is assigned helicopter 3
3540,3,evacueeManager,outEvac,Evacuee 328 in triage category G is assigned helicopter 3
3540,3,evacueeManager,outEvac,Evacuee 330 in triage category G is assigned helicopter 3
3540,3,evacueeManager,outEvac,Evacuee 331 in triage category G is assigned helicopter 3
3540,3,evacueeManager,outEvac,Evacuee 335 in triage category G is assigned helicopter 3
3540,3,evacueeManager,outEvac,Evacuee 337 in triage category G is assigned helicopter 3
3540,3,evacueeManager,outEvac,Evacuee 352 in triage category G is assigned helicopter 3
3540,3,evacueeManager,outEvac,Evacuee 359 in triage category G is assigned helicopter 3
3540,3,evacueeManager,,OFF SHIP: White;0;Green;31;Yellow;20;Red;4;Black;325;ON SHIP: White;0;Green;0;Yellow;0;Red;0;Evacuees to Transfer;
3540,7,filterLoc,,
3540,10,filterLoc,,
3540,13,filterLoc,,
3540,16,filterLoc,,
3540,19,filterLoc,,
3540,22,filterLoc,,
3540,25,filterLoc,,
3540,28,filterLoc,,
3540,31,filterLoc,,
3540,34,filterLoc,,
3540,37,filterLoc,,
3540,40,filterLoc,,
3540,43,filterLoc,,
3540,46,filterLoc,,
3540,49,filterLoc,,
3540,52,filterLoc,,
3540,55,filterLoc,,
3540,58,filterLoc,,
3540,61,filterLoc,,
3540,64,filterLoc,,
3540,67,filterLoc,,
3540,70,filterLoc,,
3540,73,filterLoc,,
3540,76,filterLoc,,
3540,79,filterLoc,,
3540,82,filterLoc,,
3540,85,filterLoc,,
3540,88,filterLoc,,
3540,91,filterLoc,,
3540,94,filterLoc,,
3540,97,filterLoc,,
3540,100,filterLoc,,
3540,105,helicopter,,Helicopter;3;is loading people at the evacuation site;;and has;0;spots taken
3540,107,filterLoc,,
3540,110,filterLoc,,
3540,113,filterLoc,,
3540,116,filterLoc,,
3540,119,filterLoc,,
3540,122,filterLoc,,
3540,125,filterLoc,,
3540,128,filterLoc,,
3540,131,filterLoc,,
3540,134,filterLoc,,
3540,137,filterLoc,,
3540,140,filterLoc,,
3540,143,filterLoc,,
3540,146,filterLoc,,
3540,149,filterLoc,,
3540,152,filterLoc,,
3540,155,filterLoc,,
3540,158,filterLoc,,
3540,161,filterLoc,,
3540,164,filterLoc,,
3540,167,filterLoc,,
3540,170,filterLoc,,
3540,173,filterLoc,,
3540,176,filterLoc,,
3540,179,filterLoc,,
3540,182,filterLoc,,
3540,185,filterLoc,,
3540,188,filterLoc,,
3540,191,filterLoc,,
3540,194,filterLoc,,
3540,197,filterLoc,,
3540,200,filterLoc,,
3540,203,filterLoc,,
3540,206,filterLoc,,
3540,209,filterLoc,,
3540,212,filterLoc,,
3540,215,filterLoc,,
3540,218,filterLoc,,
3540,221,filterLoc,,
3540,225,filterLoc,,
3540,228,filterLoc,,
3540,231,filterLoc,,
3540,234,filterLoc,,
3540,237,filterLoc,,
3540,240,filterLoc,,
3540,243,filterLoc,,
3540,246,filterLoc,,
3540,249,filterLoc,,
3540,252,filterLoc,,
3540,255,filterLoc,,
3540,258,filterLoc,,
3540,261,filterLoc,,
3540,264,filterLoc,,
3540,267,filterLoc,,
3540,270,filterLoc,,
3540,273,filterLoc,,
3540,276,filterLoc,,;Evacuee;335;in triage category;G;is entering helicopter;3
3540,279,filterLoc,,;Evacuee;331;in triage category;G;is entering helicopter;3
3540,282,filterLoc,,
3540,285,filterLoc,,;Evacuee;330;in triage category;G;is entering helicopter;3
3540,288,filterLoc,,;Evacuee;328;in triage category;G;is entering helicopter;3
3540,291,filterLoc,,;Evacuee;327;in triage category;G;is entering helicopter;3
3540,294,filterLoc,,
3540,297,filterLoc,,
3540,300,filterLoc,,
3540,303,filterLoc,,
3540,306,filterLoc,,
3540,309,filterLoc,,
3540,312,filterLoc,,
3540,315,filterLoc,,
3540,318,filterLoc,,
3540,321,filterLoc,,
3540,324,filterLoc,,
3540,327,filterLoc,,
3540,330,filterLoc,,
3540,333,filterLoc,,
3540,336,filterLoc,,
3540,339,filterLoc,,
3540,342,filterLoc,,
3540,345,filterLoc,,
3540,348,filterLoc,,
3540,351,filterLoc,,
3540,354,filterLoc,,
3540,357,filterLoc,,;Evacuee;352;in triage category;G;is entering helicopter;3
3540,360,filterLoc,,
3540,363,filterLoc,,
3540,366,filterLoc,,
3540,369,filterLoc,,
3540,372,filterLoc,,
3540,375,filterLoc,,
3540,378,filterLoc,,
3540,381,filterLoc,,
3540,384,filterLoc,,
3540,387,filterLoc,,
3540,390,filterLoc,,
3540,393,filterLoc,,
3540,396,filterLoc,,
3540,399,filterLoc,,
3540,402,filterLoc,,
3540,405,filterLoc,,
3540,408,filterLoc,,
3540,411,filterLoc,,
3540,414,filterLoc,,
3540,417,filterLoc,,
3540,420,filterLoc,,;Evacuee;315;in triage category;G;is entering helicopter;3
3540,423,filterLoc,,
3540,426,filterLoc,,
3540,429,filterLoc,,;Evacuee;337;in triage category;G;is entering helicopter;3
3540,432,filterLoc,,
3540,435,filterLoc,,
3540,438,filterLoc,,
3540,441,filterLoc,,
3540,444,filterLoc,,
3540,447,filterLoc,,
3540,450,filterLoc,,
3540,453,filterLoc,,
3540,456,filterLoc,,
3540,459,filterLoc,,
3540,462,filterLoc,,
3540,465,filterLoc,,
3540,468,filterLoc,,
3540,471,filterLoc,,
3540,474,filterLoc,,
3540,477,filterLoc,,
3540,480,filterLoc,,
3540,483,filterLoc,,
3540,486,filterLoc,,
3540,489,filterLoc,,
3540,492,filterLoc,,
3540,495,filterLoc,,
3540,498,filterLoc,,
3540,501,filterLoc,,
3540,504,filterLoc,,
3540,507,filterLoc,,
3540,510,filterLoc,,
3540,513,filterLoc,,
3540,516,filterLoc,,
3540,519,filterLoc,,
3540,522,filterLoc,,
3540,525,filterLoc,,
3540,528,filterLoc,,
3540,531,filterLoc,,
3540,534,filterLoc,,
3540,537,filterLoc,,
3540,540,filterLoc,,
3540,543,filterLoc,,
3540,546,filterLoc,,
3540,549,filterLoc,,
3540,552,filterLoc,,
3540,555,filterLoc,,
3540,558,filterLoc,,
3540,561,filterLoc,,
3540,564,filterLoc,,
3540,567,filterLoc,,
3540,570,filterLoc,,
3540,573,filterLoc,,
3540,576,filterLoc,,
3540,579,filterLoc,,
3540,582,filterLoc,,
3540,585,filterLoc,,
3540,588,filterLoc,,
3540,591,filterLoc,,
3540,594,filterLoc,,
3540,597,filterLoc,,
3540,600,filterLoc,,
3540,603,filterLoc,,
3540,606,filterLoc,,
3540,609,filterLoc,,
3540,612,filterLoc,,
3540,615,filterLoc,,
3540,618,filterLoc,,
3540,621,filterLoc,,
3540,624,filterLoc,,
3540,627,filterLoc,,
3540,630,filterLoc,,
3540,633,filterLoc,,
3540,636,filterLoc,,
3540,639,filterLoc,,
3540,642,filterLoc,,
3540,645,filterLoc,,
3540,648,filterLoc,,
3540,651,filterLoc,,
3540,654,filterLoc,,
3540,657,filterLoc,,
3540,660,filterLoc,,
3540,663,filterLoc,,
3540,666,filterLoc,,
3540,669,filterLoc,,
3540,672,filterLoc,,
3540,675,filterLoc,,
3540,678,filterLoc,,
3540,681,filterLoc,,
3540,684,filterLoc,,
3540,687,filterLoc,,
3540,690,filterLoc,,
3540,693,filterLoc,,
3540,696,filterLoc,,
3540,699,filterLoc,,
3540,702,filterLoc,,
3540,705,filterLoc,,
3540,708,filterLoc,,
3540,711,filterLoc,,
3540,714,filterLoc,,
3540,717,filterLoc,,
3540,720,filterLoc,,
3540,723,filterLoc,,
3540,726,filterLoc,,
3540,729,filterLoc,,
3540,732,filterLoc,,
3540,735,filterLoc,,
3540,738,filterLoc,,
3540,741,filterLoc,,
3540,744,filterLoc,,
3540,747,filterLoc,,
3540,750,filterLoc,,
3540,753,filterLoc,,
3540,756,filterLoc,,
3540,759,filterLoc,,
3540,762,filterLoc,,
3540,765,filterLoc,,
3540,768,filterLoc,,
3540,771,filterLoc,,
3540,774,filterLoc,,
3540,777,filterLoc,,
3540,780,filterLoc,,
3540,783,filterLoc,,
3540,786,filterLoc,,
3540,789,filterLoc,,
3540,792,filterLoc,,
3540,795,filterLoc,,
3540,798,filterLoc,,
3540,801,filterLoc,,
3540,804,filterLoc,,
3540,807,filterLoc,,
3540,810,filterLoc,,
3540,813,filterLoc,,
3540,816,filterLoc,,
3540,819,filterLoc,,
3540,822,filterLoc,,
3540,825,filterLoc,,
3540,828,filterLoc,,
3540,831,filterLoc,,
3540,834,filterLoc,,
3540,837,filterLoc,,
3540,840,filterLoc,,
3540,843,filterLoc,,
3540,846,filterLoc,,
3540,849,filterLoc,,
3540,852,filterLoc,,
3540,855,filterLoc,,
3540,858,filterLoc,,
3540,861,filterLoc,,
3540,864,filterLoc,,
3540,867,filterLoc,,
3540,870,filterLoc,,
3540,873,filterLoc,,
3540,876,filterLoc,,
3540,879,filterLoc,,
3540,882,filterLoc,,
3540,885,filterLoc,,
3540,888,filterLoc,,
3540,891,filterLoc,,
3540,894,filterLoc,,
3540,897,filterLoc,,
3540,900,filterLoc,,
3540,903,filterLoc,,
3540,906,filterLoc,,
3540,909,filterLoc,,
3540,912,filterLoc,,
3540,915,filterLoc,,;Evacuee;359;in triage category;G;is entering helicopter;3
3540,918,filterLoc,,
3540,921,filterLoc,,
3540,924,filterLoc,,
3540,927,filterLoc,,
3540,930,filterLoc,,
3540,933,filterLoc,,
3540,936,filterLoc,,
3540,939,filterLoc,,
3540,942,filterLoc,,
3540,945,filterLoc,,
3540,948,filterLoc,,
3540,951,filterLoc,,
3540,954,filterLoc,,
3540,957,filterLoc,,
3540,960,filterLoc,,
3540,963,filterLoc,,
3540,966,filterLoc,,
3540,969,filterLoc,,
3540,972,filterLoc,,
3540,975,filterLoc,,
3540,978,filterLoc,,
3540,981,filterLoc,,
3540,984,filterLoc,,
3540,987,filterLoc,,
3540,990,filterLoc,,
3540,993,filterLoc,,
3540,996,filterLoc,,
3540,999,filterLoc,,
3540,1002,filterLoc,,
3540,1005,filterLoc,,
3540,1008,filterLoc,,
3540,1011,filterLoc,,
3540,1014,filterLoc,,
3540,1017,filterLoc,,
3540,1020,filterLoc,,
3540,1023,filterLoc,,
3540,1026,filterLoc,,
3540,1029,filterLoc,,
3540,1032,filterLoc,,
3540,1035,filterLoc,,
3540,1038,filterLoc,,
3540,1041,filterLoc,,
3540,1044,filterLoc,,
3540,1047,filterLoc,,
3540,1050,filterLoc,,
3540,1053,filterLoc,,
3540,1056,filterLoc,,
3540,1059,filterLoc,,
3540,1062,filterLoc,,
3540,1065,filterLoc,,
3540,1068,filterLoc,,
3540,1071,filterLoc,,
3540,1074,filterLoc,,
3540,1077,filterLoc,,
3540,1080,filterLoc,,
3540,1083,filterLoc,,
3540,1086,filterLoc,,
3540,1089,filterLoc,,
3540,1092,filterLoc,,
3540,1095,filterLoc,,
3540,1098,filterLoc,,
3540,1101,filterLoc,,
3540,1104,filterLoc,,
3540,1107,filterLoc,,
3540,1110,filterLoc,,
3540,1113,filterLoc,,
3540,1116,filterLoc,,
3540,1123,filterLoc,,
3540,1126,filterLoc,,
3540,1129,filterLoc,,
3540,1132,filterLoc,,
3540,1135,filterLoc,,
3540,1138,filterLoc,,
3540,1141,filterLoc,,
3540,1144,filterLoc,,
3540,1147,filterLoc,,
3540,1150,filterLoc,,
3540,1153,filterLoc,,
3540,1156,filterLoc,,
3540,1163,filterLoc,,
3540,1166,filterLoc,,
3540,1169,filterLoc,,
3540,1172,filterLoc,,
3540,1175,filterLoc,,
3540,1178,filterLoc,,
3540,1181,filterLoc,,
3540,1184,filterLoc,,
3540,1187,filterLoc,,
3540,1190,filterLoc,,
3540,1193,filterLoc,,
3540,1196,filterLoc,,
3540,1199,filterLoc,,
3540,1202,filterLoc,,
3540,1205,filterLoc,,
3540,1208,filterLoc,,
3540,1211,filterLoc,,
3540,1214,filterLoc,,
3540,1217,filterLoc,,
3540,1220,filterLoc,,
3540,1223,filterLoc,,
3540,1226,filterLoc,,
3540,1229,filterLoc,,
3540,1232,filterLoc,,
3540,1235,filterLoc,,
3540,1238,filterLoc,,
3540,1241,filterLoc,,
3540,1244,filterLoc,,
3540,1247,filterLoc,,
3540,1250,filterLoc,,
3540,1253,filterLoc,,
3540,1256,filterLoc,,
3540,1259,filterLoc,,
3540,1262,filterLoc,,
3540,1265,filterLoc,,
3540,1268,filterLoc,,
3540,1271,filterLoc,,
3540,1274,filterLoc,,
3540,1277,filterLoc,,
3540,1280,filterLoc,,
3540,1283,filterLoc,,
3540,1286,filterLoc,,
3540,1289,filterLoc,,
3540,1292,filterLoc,,
3540,1295,filterLoc,,
3540,1298,filterLoc,,
3540,1301,filterLoc,,
3540,1304,filterLoc,,
3540,1307,filterLoc,,
3540,1310,filterLoc,,
3540,1313,filterLoc,,
3540,1316,filterLoc,,
3540,1319,filterLoc,,
3540,1322,filterLoc,,
3540,1325,filterLoc,,
3540,1328,filterLoc,,
3540,1331,filterLoc,,
3540,1334,filterLoc,,
3540,1337,filterLoc,,
3540,1340,filterLoc,,
3540,1343,filterLoc,,
3540,1346,filterLoc,,
3540,1349,filterLoc,,;Evacuee;314;in triage category;G;is entering helicopter;3
3540,1352,filterLoc,,
3540,1355,filterLoc,,
3540,1358,filterLoc,,
3540,1361,filterLoc,,
3540,1364,filterLoc,,
3540,1367,filterLoc,,
3540,1370,filterLoc,,
3540,1373,filterLoc,,
3540,1376,filterLoc,,
3540,1379,filterLoc,,
3540,1382,filterLoc,,
3540,1385,filterLoc,,
3540,1388,filterLoc,,
3540,1391,filterLoc,,
3540,1394,filterLoc,,
3540,1397,filterLoc,,
3540,1400,filterLoc,,
3540,1403,filterLoc,,
3540,1406,filterLoc,,
3540,1409,filterLoc,,
3540,1412,filterLoc,,
3540,1415,filterLoc,,
3540,1418,filterLoc,,
3540,1421,filterLoc,,
3540,1424,filterLoc,,
3540,1427,filterLoc,,
3540,1430,filterLoc,,
3540,1433,filterLoc,,
3540,1436,filterLoc,,
3540,1439,filterLoc,,
3540,1442,filterLoc,,
3540,1445,filterLoc,,
3540,1448,filterLoc,,
3540,1451,filterLoc,,
3540,1454,filterLoc,,
3540,1457,filterLoc,,
3540,1460,filterLoc,,
3540,1463,filterLoc,,
3540,1466,filterLoc,,
3540,1469,filterLoc,,
3540,1472,filterLoc,,
3540,1475,filterLoc,,
3540,1478,filterLoc,,
3540,1481,filterLoc,,
3540,1484,filterLoc,,
3540,1487,filterLoc,,
3540,1490,filterLoc,,
3540,1493,filterLoc,,
3540,1496,filterLoc,,
3540,1499,filterLoc,,
3540,1502,filterLoc,,
3540,1505,filterLoc,,
3540,1508,filterLoc,,
3540,1511,filterLoc,,
3540,1514,filterLoc,,
3540,1517,filterLoc,,
3540,276,filterLoc,out,Evacuee 335 in triage category G is assigned helicopter 3
3540,276,filterLoc,,
3540,277,evacuee,,Evacuee;335;in triage state;G;is entering helicopter;3
3540,279,filterLoc,out,Evacuee 331 in triage category G is assigned helicopter 3
3540,279,filterLoc,,
3540,280,evacuee,,Evacuee;331;in triage state;G;is entering helicopter;3
3540,285,filterLoc,out,Evacuee 330 in triage category G is assigned helicopter 3
3540,285,filterLoc,,
3540,286,evacuee,,Evacuee;330;in triage state;G;is entering helicopter;3
3540,288,filterLoc,out,Evacuee 328 in triage category G is assigned helicopter 3
3540,288,filterLoc,,
3540,289,evacuee,,Evacuee;328;in triage state;G;is entering helicopter;3
3540,291,filterLoc,out,Evacuee 327 in triage category G is assigned helicopter 3
3540,291,filterLoc,,
3540,292,evacuee,,Evacuee;327;in triage state;G;is entering helicopter;3
3540,357,filterLoc,out,Evacuee 352 in triage category G is assigned helicopter 3
3540,357,filterLoc,,
3540,358,evacuee,,Evacuee;352;in triage state;G;is entering helicopter;3
3540,420,filterLoc,out,Evacuee 315 in triage category G is assigned helicopter 3
3540,420,filterLoc,,
3540,421,evacuee,,Evacuee;315;in triage state;G;is entering helicopter;3
3540,429,filterLoc,out,Evacuee 337 in triage category G is assigned helicopter 3
3540,429,filterLoc,,
3540,430,evacuee,,Evacuee;337;in triage state;G;is entering helicopter;3
3540,915,filterLoc,out,Evacuee 359 in triage category G is assigned helicopter 3
3540,915,filterLoc,,
3540,916,evacuee,,Evacuee;359;in triage state;G;is entering helicopter;3
3540,1349,filterLoc,out,Evacuee 314 in triage category G is assigned helicopter 3
3540,1349,filterLoc,,
3540,1350,evacuee,,Evacuee;314;in triage state;G;is entering helicopter;3
3540,103,filterEvac,,;Evacuee;314;in triage category;G;is entering helicopter;3;Evacuee;315;in triage category;G;is entering helicopter;3;Evacuee;327;in triage category;G;is entering helicopter;3;Evacuee;328;in triage category;G;is entering helicopter;3;Evacuee;330;in triage category;G;is entering helicopter;3;Evacuee;331;in triage category;G;is entering helicopter;3;Evacuee;335;in triage category;G;is entering helicopter;3;Evacuee;337;in triage category;G;is entering helicopter;3;Evacuee;352;in triage category;G;is entering helicopter;3;Evacuee;359;in triage category;G;is entering helicopter;3
3540,277,evacuee,outHelo,Evacuee 335 in triage category G is assigned helicopter 3
3540,277,evacuee,,Evacuee;335;in triage state;G;is in helicopter;3
3540,280,evacuee,outHelo,Evacuee 331 in triage category G is assigned helicopter 3
3540,280,evacuee,,Evacuee;331;in triage state;G;is in helicopter;3
3540,286,evacuee,outHelo,Evacuee 330 in triage category G is assigned helicopter 3
3540,286,evacuee,,Evacuee;330;in triage state;G;is in helicopter;3
3540,289,evacuee,outHelo,Evacuee 328 in triage category G is assigned helicopter 3
3540,289,evacuee,,Evacuee;328;in triage state;G;is in helicopter;3
3540,292,evacuee,outHelo,Evacuee 327 in triage category G is assigned helicopter 3
3540,292,evacuee,,Evacuee;327;in triage state;G;is in helicopter;3
3540,358,evacuee,outHelo,Evacuee 352 in triage category G is assigned helicopter 3
3540,358,evacuee,,Evacuee;352;in triage state;G;is in helicopter;3
3540,421,evacuee,outHelo,Evacuee 315 in triage category G is assigned helicopter 3
3540,421,evacuee,,Evacuee;315;in triage state;G;is in helicopter;3
3540,430,evacuee,outHelo,Evacuee 337 in triage category G is assigned helicopter 3
3540,430,evacuee,,Evacuee;337;in triage state;G;is in helicopter;3
3540,916,evacuee,outHelo,Evacuee 359 in triage category G is assigned helicopter 3
3540,916,evacuee,,Evacuee;359;in triage state;G;is in helicopter;3
3540,1119,filterEvac,,
3540,1159,filterEvac,,
3540,1350,evacuee,outHelo,Evacuee 314 in triage category G is assigned helicopter 3
3540,1350,evacuee,,Evacuee;314;in triage state;G;is in helicopter;3
3540,103,filterEvac,out,Evacuee 314 in triage category G is assigned helicopter 3
3540,103,filterEvac,out,Evacuee 315 in triage category G is assigned helicopter 3
3540,103,filterEvac,out,Evacuee 327 in triage category G is assigned helicopter 3
3540,103,filterEvac,out,Evacuee 328 in triage category G is assigned helicopter 3
3540,103,filterEvac,out,Evacuee 330 in triage category G is assigned helicopter 3
3540,103,filterEvac,out,Evacuee 331 in triage category G is assigned helicopter 3
3540,103,filterEvac,out,Evacuee 335 in triage category G is assigned helicopter 3
3540,103,filterEvac,out,Evacuee 337 in triage category G is assigned helicopter 3
3540,103,filterEvac,out,Evacuee 352 in triage category G is assigned helicopter 3
3540,103,filterEvac,out,Evacuee 359 in triage category G is assigned helicopter 3
3540,103,filterEvac,,
3540,105,helicopter,,Helicopter;3;is loading people at the evacuation site;;and has;10;spots taken
3548.56,3,evacueeManager,,OFF SHIP: White;0;Green;31;Yellow;19;Red;5;Black;325;ON SHIP: White;0;Green;0;Yellow;0;Red;0;Evacuees to Transfer;
3548.56,1260,evacuee,outES,Evacuee 163 in triage category Y is not assigned a helicopter
3548.56,1260,evacuee,,Evacuee;163;in triage state;R;is at the evacuation site
3552.18,3,evacueeManager,,OFF SHIP: White;0;Green;31;Yellow;18;Red;6;Black;325;ON SHIP: White;0;Green;0;Yellow;0;Red;0;Evacuees to Transfer;
3552.18,1326,evacuee,outES,Evacuee 184 in triage category Y is not assigned a helicopter
3552.18,1326,evacuee,,Evacuee;184;in triage state;R;is at the evacuation site
3555,4,helipadManager,outHelo,Helicopter 3 is evacuating people3
3555,4,helipadManager,,;No helos are at ES
3555,104,filterES,,Helicopter;3;is evacuating people
3555,1120,filterES,,
3555,1160,filterES,,
3555,4,helipadManager,outHQ,0
3555,4,helipadManager,,;No helos are at ES
3555,5,helicopterQueue,,;No helos are waiting to land
3555,104,filterES,out,Helicopter 3 is evacuating people3
3555,104,filterES,,
3555,105,helicopter,,Helicopter;3;is loading people at the evacuation site;;and has;10;spots taken
3555,5,helicopterQueue,,;No helos are waiting to land
3555,105,helicopter,,Helicopter;3;is returning to the FOL;;and has;10;spots taken
3560.19,3,evacueeManager,,OFF SHIP: White;0;Green;31;Yellow;17;Red;7;Black;325;ON SHIP: White;0;Green;0;Yellow;0;Red;0;Evacuees to Transfer;
3560.19,1389,evacuee,outES,Evacuee 204 in triage category Y is not assigned a helicopter
3560.19,1389,evacuee,,Evacuee;204;in triage state;R;is at the evacuation site
3570,7,filterLoc,,
3570,10,filterLoc,,
3570,13,filterLoc,,
3570,16,filterLoc,,
3570,19,filterLoc,,
3570,22,filterLoc,,
3570,25,filterLoc,,
3570,28,filterLoc,,
3570,31,filterLoc,,
3570,34,filterLoc,,
3570,37,filterLoc,,
3570,40,filterLoc,,
3570,43,filterLoc,,
3570,46,filterLoc,,
3570,49,filterLoc,,
3570,52,filterLoc,,
3570,55,filterLoc,,
3570,58,filterLoc,,
3570,61,filterLoc,,
3570,64,filterLoc,,
3570,67,filterLoc,,
3570,70,filterLoc,,
3570,73,filterLoc,,
3570,76,filterLoc,,
3570,79,filterLoc,,
3570,82,filterLoc,,
3570,85,filterLoc,,
3570,88,filterLoc,,
3570,91,filterLoc,,
3570,94,filterLoc,,
3570,97,filterLoc,,
3570,100,filterLoc,,
3570,107,filterLoc,,
3570,110,filterLoc,,
3570,113,filterLoc,,
3570,116,filterLoc,,
3570,119,filterLoc,,
3570,122,filterLoc,,
3570,125,filterLoc,,
3570,128,filterLoc,,
3570,131,filterLoc,,
3570,134,filterLoc,,
3570,137,filterLoc,,
3570,140,filterLoc,,
3570,143,filterLoc,,
3570,146,filterLoc,,
3570,149,filterLoc,,
3570,152,filterLoc,,
3570,155,filterLoc,,
3570,158,filterLoc,,
3570,161,filterLoc,,
3570,164,filterLoc,,
3570,167,filterLoc,,
3570,170,filterLoc,,
3570,173,filterLoc,,
3570,176,filterLoc,,
3570,179,filterLoc,,
3570,182,filterLoc,,
3570,185,filterLoc,,
3570,188,filterLoc,,
3570,191,filterLoc,,
3570,194,filterLoc,,
3570,197,filterLoc,,
3570,200,filterLoc,,
3570,203,filterLoc,,
3570,206,filterLoc,,
3570,209,filterLoc,,
3570,212,filterLoc,,
3570,215,filterLoc,,
3570,218,filterLoc,,
3570,221,filterLoc,,
3570,225,filterLoc,,
3570,228,filterLoc,,
3570,231,filterLoc,,
3570,234,filterLoc,,
3570,237,filterLoc,,
3570,240,filterLoc,,
3570,243,filterLoc,,
3570,246,filterLoc,,
3570,249,filterLoc,,
3570,252,filterLoc,,
3570,255,filterLoc,,
3570,258,filterLoc,,
3570,261,filterLoc,,
3570,264,filterLoc,,
3570,267,filterLoc,,
3570,270,filterLoc,,
3570,273,filterLoc,,
3570,276,filterLoc,,
3570,279,filterLoc,,
3570,282,filterLoc,,
3570,285,filterLoc,,
3570,288,filterLoc,,
3570,291,filterLoc,,
3570,294,filterLoc,,
3570,297,filterLoc,,
3570,300,filterLoc,,
3570,303,filterLoc,,
3570,306,filterLoc,,
3570,309,filterLoc,,
3570,312,filterLoc,,
3570,315,filterLoc,,
3570,318,filterLoc,,
3570,321,filterLoc,,
3570,324,filterLoc,,
3570,327,filterLoc,,
3570,330,filterLoc,,
3570,333,filterLoc,,
3570,336,filterLoc,,
3570,339,filterLoc,,
3570,342,filterLoc,,
3570,345,filterLoc,,;Evacuee;306;in triage category;G;is leaving helicopter;2
3570,348,filterLoc,,;Evacuee;305;in triage category;G;is leaving helicopter;2
3570,351,filterLoc,,;Evacuee;303;in triage category;G;is leaving helicopter;2
3570,354,filterLoc,,;Evacuee;295;in triage category;G;is leaving helicopter;2
3570,357,filterLoc,,
3570,360,filterLoc,,;Evacuee;293;in triage category;G;is leaving helicopter;2
3570,363,filterLoc,,
3570,366,filterLoc,,
3570,369,filterLoc,,
3570,372,filterLoc,,
3570,375,filterLoc,,
3570,378,filterLoc,,
3570,381,filterLoc,,
3570,384,filterLoc,,
3570,387,filterLoc,,
3570,390,filterLoc,,
3570,393,filterLoc,,
3570,396,filterLoc,,
3570,399,filterLoc,,
3570,402,filterLoc,,
3570,405,filterLoc,,
3570,408,filterLoc,,
3570,411,filterLoc,,
3570,414,filterLoc,,
3570,417,filterLoc,,
3570,420,filterLoc,,
3570,423,filterLoc,,
3570,426,filterLoc,,
3570,429,filterLoc,,
3570,432,filterLoc,,;Evacuee;301;in triage category;G;is leaving helicopter;2
3570,435,filterLoc,,
3570,438,filterLoc,,
3570,441,filterLoc,,
3570,444,filterLoc,,
3570,447,filterLoc,,
3570,450,filterLoc,,
3570,453,filterLoc,,
3570,456,filterLoc,,
3570,459,filterLoc,,
3570,462,filterLoc,,
3570,465,filterLoc,,
3570,468,filterLoc,,
3570,471,filterLoc,,
3570,474,filterLoc,,
3570,477,filterLoc,,
3570,480,filterLoc,,
3570,483,filterLoc,,
3570,486,filterLoc,,
3570,489,filterLoc,,
3570,492,filterLoc,,
3570,495,filterLoc,,;Evacuee;310;in triage category;G;is leaving helicopter;2
3570,498,filterLoc,,
3570,501,filterLoc,,
3570,504,filterLoc,,
3570,507,filterLoc,,
3570,510,filterLoc,,
3570,513,filterLoc,,
3570,516,filterLoc,,
3570,519,filterLoc,,
3570,522,filterLoc,,
3570,525,filterLoc,,
3570,528,filterLoc,,
3570,531,filterLoc,,
3570,534,filterLoc,,
3570,537,filterLoc,,
3570,540,filterLoc,,
3570,543,filterLoc,,
3570,546,filterLoc,,
3570,549,filterLoc,,
3570,552,filterLoc,,
3570,555,filterLoc,,
3570,558,filterLoc,,
3570,561,filterLoc,,
3570,564,filterLoc,,
3570,567,filterLoc,,
3570,570,filterLoc,,
3570,573,filterLoc,,
3570,576,filterLoc,,
3570,579,filterLoc,,
3570,582,filterLoc,,
3570,585,filterLoc,,
3570,588,filterLoc,,
3570,591,filterLoc,,
3570,594,filterLoc,,
3570,597,filterLoc,,
3570,600,filterLoc,,
3570,603,filterLoc,,
3570,606,filterLoc,,
3570,609,filterLoc,,
3570,612,filterLoc,,
3570,615,filterLoc,,
3570,618,filterLoc,,
3570,621,filterLoc,,
3570,624,filterLoc,,
3570,627,filterLoc,,
3570,630,filterLoc,,;Evacuee;297;in triage category;G;is leaving helicopter;2
3570,633,filterLoc,,
3570,636,filterLoc,,
3570,639,filterLoc,,
3570,642,filterLoc,,
3570,645,filterLoc,,
3570,648,filterLoc,,
3570,651,filterLoc,,
3570,654,filterLoc,,
3570,657,filterLoc,,
3570,660,filterLoc,,
3570,663,filterLoc,,
3570,666,filterLoc,,
3570,669,filterLoc,,
3570,672,filterLoc,,
3570,675,filterLoc,,
3570,678,filterLoc,,
3570,681,filterLoc,,
3570,684,filterLoc,,
3570,687,filterLoc,,
3570,690,filterLoc,,
3570,693,filterLoc,,
3570,696,filterLoc,,
3570,699,filterLoc,,
3570,702,filterLoc,,
3570,705,filterLoc,,
3570,708,filterLoc,,
3570,711,filterLoc,,
3570,714,filterLoc,,
3570,717,filterLoc,,
3570,720,filterLoc,,
3570,723,filterLoc,,
3570,726,filterLoc,,
3570,729,filterLoc,,
3570,732,filterLoc,,
3570,735,filterLoc,,
3570,738,filterLoc,,
3570,741,filterLoc,,
3570,744,filterLoc,,
3570,747,filterLoc,,
3570,750,filterLoc,,
3570,753,filterLoc,,
3570,756,filterLoc,,
3570,759,filterLoc,,
3570,762,filterLoc,,
3570,765,filterLoc,,
3570,768,filterLoc,,
3570,771,filterLoc,,
3570,774,filterLoc,,
3570,777,filterLoc,,
3570,780,filterLoc,,
3570,783,filterLoc,,
3570,786,filterLoc,,
3570,789,filterLoc,,
3570,792,filterLoc,,
3570,795,filterLoc,,
3570,798,filterLoc,,
3570,801,filterLoc,,
3570,804,filterLoc,,
3570,807,filterLoc,,
3570,810,filterLoc,,
3570,813,filterLoc,,
3570,816,filterLoc,,
3570,819,filterLoc,,
3570,822,filterLoc,,
3570,825,filterLoc,,
3570,828,filterLoc,,
3570,831,filterLoc,,
3570,834,filterLoc,,
3570,837,filterLoc,,
3570,840,filterLoc,,
3570,843,filterLoc,,
3570,846,filterLoc,,
3570,849,filterLoc,,
3570,852,filterLoc,,
3570,855,filterLoc,,
3570,858,filterLoc,,
3570,861,filterLoc,,
3570,864,filterLoc,,
3570,867,filterLoc,,
3570,870,filterLoc,,
3570,873,filterLoc,,
3570,876,filterLoc,,
3570,879,filterLoc,,
3570,882,filterLoc,,
3570,885,filterLoc,,
3570,888,filterLoc,,
3570,891,filterLoc,,
3570,894,filterLoc,,
3570,897,filterLoc,,
3570,900,filterLoc,,
3570,903,filterLoc,,
3570,906,filterLoc,,
3570,909,filterLoc,,
3570,912,filterLoc,,
3570,915,filterLoc,,
3570,918,filterLoc,,
3570,921,filterLoc,,
3570,924,filterLoc,,
3570,927,filterLoc,,
3570,930,filterLoc,,
3570,933,filterLoc,,
3570,936,filterLoc,,
3570,939,filterLoc,,
3570,942,filterLoc,,
3570,945,filterLoc,,
3570,948,filterLoc,,
3570,951,filterLoc,,
3570,954,filterLoc,,
3570,957,filterLoc,,
3570,960,filterLoc,,
3570,963,filterLoc,,
3570,966,filterLoc,,
3570,969,filterLoc,,
3570,972,filterLoc,,
3570,975,filterLoc,,
3570,978,filterLoc,,
3570,981,filterLoc,,;Evacuee;304;in triage category;G;is leaving helicopter;2
3570,984,filterLoc,,
3570,987,filterLoc,,
3570,990,filterLoc,,
3570,993,filterLoc,,
3570,996,filterLoc,,
3570,999,filterLoc,,
3570,1002,filterLoc,,
3570,1005,filterLoc,,
3570,1008,filterLoc,,
3570,1011,filterLoc,,
3570,1014,filterLoc,,
3570,1017,filterLoc,,
3570,1020,filterLoc,,
3570,1023,filterLoc,,
3570,1026,filterLoc,,
3570,1029,filterLoc,,
3570,1032,filterLoc,,
3570,1035,filterLoc,,
3570,1038,filterLoc,,
3570,1041,filterLoc,,
3570,1044,filterLoc,,
3570,1047,filterLoc,,
3570,1050,filterLoc,,
3570,1053,filterLoc,,
3570,1056,filterLoc,,
3570,1059,filterLoc,,
3570,1062,filterLoc,,
3570,1065,filterLoc,,
3570,1068,filterLoc,,
3570,1071,filterLoc,,
3570,1074,filterLoc,,
3570,1077,filterLoc,,
3570,1080,filterLoc,,
3570,1083,filterLoc,,
3570,1086,filterLoc,,
3570,1089,filterLoc,,
3570,1092,filterLoc,,
3570,1095,filterLoc,,
3570,1098,filterLoc,,
3570,1101,filterLoc,,
3570,1104,filterLoc,,
3570,1107,filterLoc,,
3570,1110,filterLoc,,
3570,1113,filterLoc,,
3570,1116,filterLoc,,
3570,1121,helicopter,outEvac,Evacuee 293 in triage category G is not assigned a helicopter
3570,1121,helicopter,outEvac,Evacuee 294 in triage category G is not assigned a helicopter
3570,1121,helicopter,outEvac,Evacuee 295 in triage category G is not assigned a helicopter
3570,1121,helicopter,outEvac,Evacuee 297 in triage category G is not assigned a helicopter
3570,1121,helicopter,outEvac,Evacuee 301 in triage category G is not assigned a helicopter
3570,1121,helicopter,outEvac,Evacuee 303 in triage category G is not assigned a helicopter
3570,1121,helicopter,outEvac,Evacuee 304 in triage category G is not assigned a helicopter
3570,1121,helicopter,outEvac,Evacuee 305 in triage category G is not assigned a helicopter
3570,1121,helicopter,outEvac,Evacuee 306 in triage category G is not assigned a helicopter
3570,1121,helicopter,outEvac,Evacuee 310 in triage category G is not assigned a helicopter
3570,1121,helicopter,,Helicopter;2;is unloading people at the FOL;;and has;0;spots taken
3570,1123,filterLoc,,
3570,1126,filterLoc,,
3570,1129,filterLoc,,
3570,1132,filterLoc,,
3570,1135,filterLoc,,
3570,1138,filterLoc,,
3570,1141,filterLoc,,
3570,1144,filterLoc,,
3570,1147,filterLoc,,
3570,1150,filterLoc,,
3570,1153,filterLoc,,
3570,1156,filterLoc,,
3570,1163,filterLoc,,
3570,1166,filterLoc,,
3570,1169,filterLoc,,
3570,1172,filterLoc,,
3570,1175,filterLoc,,
3570,1178,filterLoc,,
3570,1181,filterLoc,,
3570,1184,filterLoc,,
3570,1187,filterLoc,,
3570,1190,filterLoc,,
3570,1193,filterLoc,,
3570,1196,filterLoc,,
3570,1199,filterLoc,,
3570,1202,filterLoc,,
3570,1205,filterLoc,,
3570,1208,filterLoc,,
3570,1211,filterLoc,,
3570,1214,filterLoc,,
3570,1217,filterLoc,,
3570,1220,filterLoc,,
3570,1223,filterLoc,,
3570,1226,filterLoc,,
3570,1229,filterLoc,,
3570,1232,filterLoc,,
3570,1235,filterLoc,,
3570,1238,filterLoc,,
3570,1241,filterLoc,,
3570,1244,filterLoc,,
3570,1247,filterLoc,,
3570,1250,filterLoc,,
3570,1253,filterLoc,,
3570,1256,filterLoc,,
3570,1259,filterLoc,,
3570,1262,filterLoc,,
3570,1265,filterLoc,,
3570,1268,filterLoc,,
3570,1271,filterLoc,,
3570,1274,filterLoc,,
3570,1277,filterLoc,,
3570,1280,filterLoc,,
3570,1283,filterLoc,,
3570,1286,filterLoc,,
3570,1289,filterLoc,,
3570,1292,filterLoc,,
3570,1295,filterLoc,,
3570,1298,filterLoc,,
3570,1301,filterLoc,,
3570,1304,filterLoc,,
3570,1307,filterLoc,,
3570,1310,filterLoc,,
3570,1313,filterLoc,,
3570,1316,filterLoc,,
3570,1319,filterLoc,,
3570,1322,filterLoc,,
3570,1325,filterLoc,,
3570,1328,filterLoc,,
3570,1331,filterLoc,,
3570,1334,filterLoc,,
3570,1337,filterLoc,,
3570,1340,filterLoc,,
3570,1343,filterLoc,,
3570,1346,filterLoc,,
3570,1349,filterLoc,,
3570,1352,filterLoc,,
3570,1355,filterLoc,,
3570,1358,filterLoc,,
3570,1361,filterLoc,,
3570,1364,filterLoc,,
3570,1367,filterLoc,,
3570,1370,filterLoc,,
3570,1373,filterLoc,,
3570,1376,filterLoc,,
3570,1379,filterLoc,,
3570,1382,filterLoc,,
3570,1385,filterLoc,,
3570,1388,filterLoc,,
3570,1391,filterLoc,,
3570,1394,filterLoc,,
3570,1397,filterLoc,,
3570,1400,filterLoc,,
3570,1403,filterLoc,,
3570,1406,filterLoc,,
3570,1409,filterLoc,,
3570,1412,filterLoc,,
3570,1415,filterLoc,,
3570,1418,filterLoc,,;Evacuee;294;in triage category;G;is leaving helicopter;2
3570,1421,filterLoc,,
3570,1424,filterLoc,,
3570,1427,filterLoc,,
3570,1430,filterLoc,,
3570,1433,filterLoc,,
3570,1436,filterLoc,,
3570,1439,filterLoc,,
3570,1442,filterLoc,,
3570,1445,filterLoc,,
3570,1448,filterLoc,,
3570,1451,filterLoc,,
3570,1454,filterLoc,,
3570,1457,filterLoc,,
3570,1460,filterLoc,,
3570,1463,filterLoc,,
3570,1466,filterLoc,,
3570,1469,filterLoc,,
3570,1472,filterLoc,,
3570,1475,filterLoc,,
3570,1478,filterLoc,,
3570,1481,filterLoc,,
3570,1484,filterLoc,,
3570,1487,filterLoc,,
3570,1490,filterLoc,,
3570,1493,filterLoc,,
3570,1496,filterLoc,,
3570,1499,filterLoc,,
3570,1502,filterLoc,,
3570,1505,filterLoc,,
3570,1508,filterLoc,,
3570,1511,filterLoc,,
3570,1514,filterLoc,,
3570,1517,filterLoc,,
3570,345,filterLoc,out,Evacuee 306 in triage category G is not assigned a helicopter
3570,345,filterLoc,,
3570,346,evacuee,,Evacuee;306;in triage state;G;is entering the FOL
3570,348,filterLoc,out,Evacuee 305 in triage category G is not assigned a helicopter
3570,348,filterLoc,,
3570,349,evacuee,,Evacuee;305;in triage state;G;is entering the FOL
3570,351,filterLoc,out,Evacuee 303 in triage category G is not assigned a helicopter
3570,351,filterLoc,,
3570,352,evacuee,,Evacuee;303;in triage state;G;is entering the FOL
3570,354,filterLoc,out,Evacuee 295 in triage category G is not assigned a helicopter
3570,354,filterLoc,,
3570,355,evacuee,,Evacuee;295;in triage state;G;is entering the FOL
3570,360,filterLoc,out,Evacuee 293 in triage category G is not assigned a helicopter
3570,360,filterLoc,,
3570,361,evacuee,,Evacuee;293;in triage state;G;is entering the FOL
3570,432,filterLoc,out,Evacuee 301 in triage category G is not assigned a helicopter
3570,432,filterLoc,,
3570,433,evacuee,,Evacuee;301;in triage state;G;is entering the FOL
3570,495,filterLoc,out,Evacuee 310 in triage category G is not assigned a helicopter
3570,495,filterLoc,,
3570,496,evacuee,,Evacuee;310;in triage state;G;is entering the FOL
3570,630,filterLoc,out,Evacuee 297 in triage category G is not assigned a helicopter
3570,630,filterLoc,,
3570,631,evacuee,,Evacuee;297;in triage state;G;is entering the FOL
3570,981,filterLoc,out,Evacuee 304 in triage category G is not assigned a helicopter
3570,981,filterLoc,,
3570,982,evacuee,,Evacuee;304;in triage state;G;is entering the FOL
3570,1418,filterLoc,out,Evacuee 294 in triage category G is not assigned a helicopter
3570,1418,filterLoc,,
3570,1419,evacuee,,Evacuee;294;in triage state;G;is entering the FOL
3570,223,FOL,,;EvacueeID;3;Triage Status;G;EvacueeID;5;Triage Status;G;EvacueeID;6;Triage Status;G;EvacueeID;7;Triage Status;G;EvacueeID;8;Triage Status;G;EvacueeID;16;Triage Status;G;EvacueeID;20;Triage Status;G;EvacueeID;21;Triage Status;G;EvacueeID;27;Triage Status;G;EvacueeID;35;Triage Status;G;EvacueeID;36;Triage Status;G;EvacueeID;39;Triage Status;G;EvacueeID;41;Triage Status;G;EvacueeID;42;Triage Status;G;EvacueeID;47;Triage Status;G;EvacueeID;49;Triage Status;G;EvacueeID;51;Triage Status;G;EvacueeID;52;Triage Status;G;EvacueeID;56;Triage Status;G;EvacueeID;62;Triage Status;G;EvacueeID;63;Triage Status;G;EvacueeID;66;Triage Status;G;EvacueeID;68;Triage Status;G;EvacueeID;69;Triage Status;G;EvacueeID;70;Triage Status;G;EvacueeID;72;Triage Status;G;EvacueeID;79;Triage Status;G;EvacueeID;80;Triage Status;G;EvacueeID;84;Triage Status;G;EvacueeID;86;Triage Status;G;EvacueeID;87;Triage Status;G;EvacueeID;89;Triage Status;G;EvacueeID;94;Triage Status;G;EvacueeID;96;Triage Status;G;EvacueeID;97;Triage Status;G;EvacueeID;101;Triage Status;G;EvacueeID;103;Triage Status;G;EvacueeID;107;Triage Status;G;EvacueeID;110;Triage Status;G;EvacueeID;111;Triage Status;G;EvacueeID;113;Triage Status;G;EvacueeID;115;Triage Status;G;EvacueeID;118;Triage Status;G;EvacueeID;120;Triage Status;G;EvacueeID;124;Triage Status;G;EvacueeID;128;Triage Status;G;EvacueeID;130;Triage Status;G;EvacueeID;132;Triage Status;G;EvacueeID;133;Triage Status;G;EvacueeID;134;Triage Status;G;EvacueeID;135;Triage Status;G;EvacueeID;137;Triage Status;G;EvacueeID;138;Triage Status;G;EvacueeID;139;Triage Status;G;EvacueeID;140;Triage Status;G;EvacueeID;141;Triage Status;G;EvacueeID;143;Triage Status;G;EvacueeID;146;Triage Status;G;EvacueeID;154;Triage Status;G;EvacueeID;155;Triage Status;G;EvacueeID;157;Triage Status;G;EvacueeID;166;Triage Status;G;EvacueeID;167;Triage Status;G;EvacueeID;172;Triage Status;G;EvacueeID;173;Triage Status;G;EvacueeID;175;Triage Status;G;EvacueeID;178;Triage Status;G;EvacueeID;180;Triage Status;G;EvacueeID;186;Triage Status;G;EvacueeID;189;Triage Status;G;EvacueeID;191;Triage Status;G;EvacueeID;194;Triage Status;G;EvacueeID;196;Triage Status;G;EvacueeID;198;Triage Status;G;EvacueeID;199;Triage Status;G;EvacueeID;206;Triage Status;G;EvacueeID;207;Triage Status;G;EvacueeID;211;Triage Status;G;EvacueeID;217;Triage Status;G;EvacueeID;223;Triage Status;G;EvacueeID;228;Triage Status;G;EvacueeID;229;Triage Status;G;EvacueeID;237;Triage Status;G;EvacueeID;238;Triage Status;G;EvacueeID;239;Triage Status;G;EvacueeID;240;Triage Status;G;EvacueeID;242;Triage Status;G;EvacueeID;243;Triage Status;G;EvacueeID;245;Triage Status;G;EvacueeID;250;Triage Status;G;EvacueeID;253;Triage Status;G;EvacueeID;265;Triage Status;G;EvacueeID;269;Triage Status;G;EvacueeID;270;Triage Status;G;EvacueeID;272;Triage Status;G;EvacueeID;273;Triage Status;G;EvacueeID;274;Triage Status;G;EvacueeID;277;Triage Status;G;EvacueeID;285;Triage Status;G;EvacueeID;286;Triage Status;G;EvacueeID;293;Triage Status;G;EvacueeID;294;Triage Status;G;EvacueeID;295;Triage Status;G;EvacueeID;297;Triage Status;G;EvacueeID;301;Triage Status;G;EvacueeID;303;Triage Status;G;EvacueeID;304;Triage Status;G;EvacueeID;305;Triage Status;G;EvacueeID;306;Triage Status;G;EvacueeID;310;Triage Status;G;Lives Saved;110
3570,346,evacuee,outFOL,Evacuee 306 in triage category G is not assigned a helicopter
3570,346,evacuee,,Evacuee;306;in triage state;G;is at the FOL
3570,349,evacuee,outFOL,Evacuee 305 in triage category G is not assigned a helicopter
3570,349,evacuee,,Evacuee;305;in triage state;G;is at the FOL
3570,352,evacuee,outFOL,Evacuee 303 in triage category G is not assigned a helicopter
3570,352,evacuee,,Evacuee;303;in triage state;G;is at the FOL
3570,355,evacuee,outFOL,Evacuee 295 in triage category G is not assigned a helicopter
3570,355,evacuee,,Evacuee;295;in triage state;G;is at the FOL
3570,361,evacuee,outFOL,Evacuee 293 in triage category G is not assigned a helicopter
3570,361,evacuee,,Evacuee;293;in triage state;G;is at the FOL
3570,433,evacuee,outFOL,Evacuee 301 in triage category G is not assigned a helicopter
3570,433,evacuee,,Evacuee;301;in triage state;G;is at the FOL
3570,496,evacuee,outFOL,Evacuee 310 in triage category G is not assigned a helicopter
3570,496,evacuee,,Evacuee;310;in triage state;G;is at the FOL
3570,631,evacuee,outFOL,Evacuee 297 in triage category G is not assigned a helicopter
3570,631,evacuee,,Evacuee;297;in triage state;G;is at the FOL
3570,982,evacuee,outFOL,Evacuee 304 in triage category G is not assigned a helicopter
3570,982,evacuee,,Evacuee;304;in triage state;G;is at the FOL
3570,1419,evacuee,outFOL,Evacuee 294 in triage category G is not assigned a helicopter
3570,1419,evacuee,,Evacuee;294;in triage state;G;is at the FOL
3570,223,FOL,,;EvacueeID;3;Triage Status;G;EvacueeID;5;Triage Status;G;EvacueeID;6;Triage Status;G;EvacueeID;7;Triage Status;G;EvacueeID;8;Triage Status;G;EvacueeID;16;Triage Status;G;EvacueeID;20;Triage Status;G;EvacueeID;21;Triage Status;G;EvacueeID;27;Triage Status;G;EvacueeID;35;Triage Status;G;EvacueeID;36;Triage Status;G;EvacueeID;39;Triage Status;G;EvacueeID;41;Triage Status;G;EvacueeID;42;Triage Status;G;EvacueeID;47;Triage Status;G;EvacueeID;49;Triage Status;G;EvacueeID;51;Triage Status;G;EvacueeID;52;Triage Status;G;EvacueeID;56;Triage Status;G;EvacueeID;62;Triage Status;G;EvacueeID;63;Triage Status;G;EvacueeID;66;Triage Status;G;EvacueeID;68;Triage Status;G;EvacueeID;69;Triage Status;G;EvacueeID;70;Triage Status;G;EvacueeID;72;Triage Status;G;EvacueeID;79;Triage Status;G;EvacueeID;80;Triage Status;G;EvacueeID;84;Triage Status;G;EvacueeID;86;Triage Status;G;EvacueeID;87;Triage Status;G;EvacueeID;89;Triage Status;G;EvacueeID;94;Triage Status;G;EvacueeID;96;Triage Status;G;EvacueeID;97;Triage Status;G;EvacueeID;101;Triage Status;G;EvacueeID;103;Triage Status;G;EvacueeID;107;Triage Status;G;EvacueeID;110;Triage Status;G;EvacueeID;111;Triage Status;G;EvacueeID;113;Triage Status;G;EvacueeID;115;Triage Status;G;EvacueeID;118;Triage Status;G;EvacueeID;120;Triage Status;G;EvacueeID;124;Triage Status;G;EvacueeID;128;Triage Status;G;EvacueeID;130;Triage Status;G;EvacueeID;132;Triage Status;G;EvacueeID;133;Triage Status;G;EvacueeID;134;Triage Status;G;EvacueeID;135;Triage Status;G;EvacueeID;137;Triage Status;G;EvacueeID;138;Triage Status;G;EvacueeID;139;Triage Status;G;EvacueeID;140;Triage Status;G;EvacueeID;141;Triage Status;G;EvacueeID;143;Triage Status;G;EvacueeID;146;Triage Status;G;EvacueeID;154;Triage Status;G;EvacueeID;155;Triage Status;G;EvacueeID;157;Triage Status;G;EvacueeID;166;Triage Status;G;EvacueeID;167;Triage Status;G;EvacueeID;172;Triage Status;G;EvacueeID;173;Triage Status;G;EvacueeID;175;Triage Status;G;EvacueeID;178;Triage Status;G;EvacueeID;180;Triage Status;G;EvacueeID;186;Triage Status;G;EvacueeID;189;Triage Status;G;EvacueeID;191;Triage Status;G;EvacueeID;194;Triage Status;G;EvacueeID;196;Triage Status;G;EvacueeID;198;Triage Status;G;EvacueeID;199;Triage Status;G;EvacueeID;206;Triage Status;G;EvacueeID;207;Triage Status;G;EvacueeID;211;Triage Status;G;EvacueeID;217;Triage Status;G;EvacueeID;223;Triage Status;G;EvacueeID;228;Triage Status;G;EvacueeID;229;Triage Status;G;EvacueeID;237;Triage Status;G;EvacueeID;238;Triage Status;G;EvacueeID;239;Triage Status;G;EvacueeID;240;Triage Status;G;EvacueeID;242;Triage Status;G;EvacueeID;243;Triage Status;G;EvacueeID;245;Triage Status;G;EvacueeID;250;Triage Status;G;EvacueeID;253;Triage Status;G;EvacueeID;265;Triage Status;G;EvacueeID;269;Triage Status;G;EvacueeID;270;Triage Status;G;EvacueeID;272;Triage Status;G;EvacueeID;273;Triage Status;G;EvacueeID;274;Triage Status;G;EvacueeID;277;Triage Status;G;EvacueeID;285;Triage Status;G;EvacueeID;286;Triage Status;G;EvacueeID;293;Triage Status;G;EvacueeID;294;Triage Status;G;EvacueeID;295;Triage Status;G;EvacueeID;297;Triage Status;G;EvacueeID;301;Triage Status;G;EvacueeID;303;Triage Status;G;EvacueeID;304;Triage Status;G;EvacueeID;305;Triage Status;G;EvacueeID;306;Triage Status;G;EvacueeID;310;Triage Status;G;Lives Saved;110
3584.09,3,evacueeManager,,OFF SHIP: White;0;Green;31;Yellow;17;Red;6;Black;326;ON SHIP: White;0;Green;0;Yellow;0;Red;0;Evacuees to Transfer;
3584.09,1326,evacuee,outES,Evacuee 184 in triage category R is not assigned a helicopter
3584.09,1326,evacuee,,Evacuee;184;in triage state;B;is at the evacuation site
3585,1121,helicopter,,Helicopter;2;Is going to the evacuation site;;and has;0;spots taken
3585.38,3,evacueeManager,,OFF SHIP: White;0;Green;31;Yellow;17;Red;5;Black;327;ON SHIP: White;0;Green;0;Yellow;0;Red;0;Evacuees to Transfer;
3585.38,1389,evacuee,outES,Evacuee 204 in triage category R is not assigned a helicopter
3585.38,1389,evacuee,,Evacuee;204;in triage state;B;is at the evacuation site
3586.1,3,evacueeManager,,OFF SHIP: White;0;Green;31;Yellow;17;Red;4;Black;328;ON SHIP: White;0;Green;0;Yellow;0;Red;0;Evacuees to Transfer;
3586.1,129,evacuee,outES,Evacuee 414 in triage category R is not assigned a helicopter
3586.1,129,evacuee,,Evacuee;414;in triage state;B;is at the evacuation site
3593.4,3,evacueeManager,,OFF SHIP: White;0;Green;31;Yellow;17;Red;3;Black;329;ON SHIP: White;0;Green;0;Yellow;0;Red;0;Evacuees to Transfer;
3593.4,403,evacuee,outES,Evacuee 281 in triage category R is not assigned a helicopter
3593.4,403,evacuee,,Evacuee;281;in triage state;B;is at the evacuation site
3600,5,helicopterQueue,,1;Helos are waiting to land;HeloID;1
3600,1161,helicopter,outES,Helicopter 1 is evacuating people1
3600,1161,helicopter,,Helicopter;1;is waiting to land at the evacuation site;;and has;0;spots taken
3600,4,helipadManager,,;No helos are at ES
3600,5,helicopterQueue,outHM,Helicopter 1 is evacuating people1
3600,5,helicopterQueue,outHelo,Helicopter 1 is evacuating people1
3600,5,helicopterQueue,,;No helos are waiting to land
3600,104,filterES,,
3600,1120,filterES,,
3600,1160,filterES,,Helicopter;1;is evacuating people
3600,3,evacueeManager,,OFF SHIP: White;0;Green;21;Yellow;17;Red;3;Black;329;ON SHIP: White;0;Green;0;Yellow;0;Red;0;Evacuees to Transfer;;EvacueeID;367;HeloID;1;OnShip;0;Triage Status;G;EvacueeID;371;HeloID;1;OnShip;0;Triage Status;G;EvacueeID;372;HeloID;1;OnShip;0;Triage Status;G;EvacueeID;374;HeloID;1;OnShip;0;Triage Status;G;EvacueeID;375;HeloID;1;OnShip;0;Triage Status;G;EvacueeID;377;HeloID;1;OnShip;0;Triage Status;G;EvacueeID;378;HeloID;1;OnShip;0;Triage Status;G;EvacueeID;379;HeloID;1;OnShip;0;Triage Status;G;EvacueeID;394;HeloID;1;OnShip;0;Triage Status;G;EvacueeID;403;HeloID;1;OnShip;0;Triage Status;G
3600,4,helipadManager,outEM,Helicopter 1 is evacuating people1
3600,4,helipadManager,,Helo;1;is at the ES
3600,1160,filterES,out,Helicopter 1 is evacuating people1
3600,1160,filterES,,
3600,1161,helicopter,,Helicopter;1;is waiting to land at the evacuation site;;and has;0;spots taken
3600,3,evacueeManager,outEvac,Evacuee 367 in triage category G is assigned helicopter 1
3600,3,evacueeManager,outEvac,Evacuee 371 in triage category G is assigned helicopter 1
3600,3,evacueeManager,outEvac,Evacuee 372 in triage category G is assigned helicopter 1
3600,3,evacueeManager,outEvac,Evacuee 374 in triage category G is assigned helicopter 1
3600,3,evacueeManager,outEvac,Evacuee 375 in triage category G is assigned helicopter 1
3600,3,evacueeManager,outEvac,Evacuee 377 in triage category G is assigned helicopter 1
3600,3,evacueeManager,outEvac,Evacuee 378 in triage category G is assigned helicopter 1
3600,3,evacueeManager,outEvac,Evacuee 379 in triage category G is assigned helicopter 1
3600,3,evacueeManager,outEvac,Evacuee 394 in triage category G is assigned helicopter 1
3600,3,evacueeManager,outEvac,Evacuee 403 in triage category G is assigned helicopter 1
3600,3,evacueeManager,,OFF SHIP: White;0;Green;21;Yellow;17;Red;3;Black;329;ON SHIP: White;0;Green;0;Yellow;0;Red;0;Evacuees to Transfer;
3600,7,filterLoc,,
3600,10,filterLoc,,
3600,13,filterLoc,,
3600,16,filterLoc,,
3600,19,filterLoc,,
3600,22,filterLoc,,
3600,25,filterLoc,,
3600,28,filterLoc,,
3600,31,filterLoc,,
3600,34,filterLoc,,
3600,37,filterLoc,,
3600,40,filterLoc,,
3600,43,filterLoc,,
3600,46,filterLoc,,
3600,49,filterLoc,,
3600,52,filterLoc,,
3600,55,filterLoc,,
3600,58,filterLoc,,
3600,61,filterLoc,,
3600,64,filterLoc,,
3600,67,filterLoc,,
3600,70,filterLoc,,
3600,73,filterLoc,,
3600,76,filterLoc,,
3600,79,filterLoc,,
3600,82,filterLoc,,
3600,85,filterLoc,,
3600,88,filterLoc,,
3600,91,filterLoc,,
3600,94,filterLoc,,
3600,97,filterLoc,,
3600,100,filterLoc,,
3600,107,filterLoc,,
3600,110,filterLoc,,
3600,113,filterLoc,,
3600,116,filterLoc,,
3600,119,filterLoc,,
3600,122,filterLoc,,
3600,125,filterLoc,,
3600,128,filterLoc,,
3600,131,filterLoc,,
3600,134,filterLoc,,
3600,137,filterLoc,,
3600,140,filterLoc,,
3600,143,filterLoc,,
3600,146,filterLoc,,
3600,149,filterLoc,,;Evacuee;403;in triage category;G;is entering helicopter;1
3600,152,filterLoc,,
3600,155,filterLoc,,
3600,158,filterLoc,,
3600,161,filterLoc,,
3600,164,filterLoc,,
3600,167,filterLoc,,
3600,170,filterLoc,,
3600,173,filterLoc,,
3600,176,filterLoc,,
3600,179,filterLoc,,
3600,182,filterLoc,,
3600,185,filterLoc,,
3600,188,filterLoc,,
3600,191,filterLoc,,
3600,194,filterLoc,,
3600,197,filterLoc,,
3600,200,filterLoc,,
3600,203,filterLoc,,;Evacuee;379;in triage category;G;is entering helicopter;1
3600,206,filterLoc,,;Evacuee;378;in triage category;G;is entering helicopter;1
3600,209,filterLoc,,;Evacuee;377;in triage category;G;is entering helicopter;1
3600,212,filterLoc,,;Evacuee;375;in triage category;G;is entering helicopter;1
3600,215,filterLoc,,;Evacuee;374;in triage category;G;is entering helicopter;1
3600,218,filterLoc,,;Evacuee;372;in triage category;G;is entering helicopter;1
3600,221,filterLoc,,;Evacuee;371;in triage category;G;is entering helicopter;1
3600,225,filterLoc,,
3600,228,filterLoc,,
3600,231,filterLoc,,
3600,234,filterLoc,,
3600,237,filterLoc,,
3600,240,filterLoc,,
3600,243,filterLoc,,
3600,246,filterLoc,,
3600,249,filterLoc,,
3600,252,filterLoc,,
3600,255,filterLoc,,
3600,258,filterLoc,,
3600,261,filterLoc,,
3600,264,filterLoc,,
3600,267,filterLoc,,
3600,270,filterLoc,,
3600,273,filterLoc,,
3600,276,filterLoc,,
3600,279,filterLoc,,
3600,282,filterLoc,,
3600,285,filterLoc,,
3600,288,filterLoc,,
3600,291,filterLoc,,
3600,294,filterLoc,,
3600,297,filterLoc,,
3600,300,filterLoc,,
3600,303,filterLoc,,
3600,306,filterLoc,,
3600,309,filterLoc,,
3600,312,filterLoc,,
3600,315,filterLoc,,
3600,318,filterLoc,,
3600,321,filterLoc,,
3600,324,filterLoc,,
3600,327,filterLoc,,
3600,330,filterLoc,,
3600,333,filterLoc,,
3600,336,filterLoc,,
3600,339,filterLoc,,
3600,342,filterLoc,,
3600,345,filterLoc,,
3600,348,filterLoc,,
3600,351,filterLoc,,
3600,354,filterLoc,,
3600,357,filterLoc,,
3600,360,filterLoc,,
3600,363,filterLoc,,
3600,366,filterLoc,,
3600,369,filterLoc,,
3600,372,filterLoc,,
3600,375,filterLoc,,
3600,378,filterLoc,,
3600,381,filterLoc,,
3600,384,filterLoc,,
3600,387,filterLoc,,
3600,390,filterLoc,,
3600,393,filterLoc,,
3600,396,filterLoc,,
3600,399,filterLoc,,
3600,402,filterLoc,,
3600,405,filterLoc,,
3600,408,filterLoc,,
3600,411,filterLoc,,
3600,414,filterLoc,,
3600,417,filterLoc,,
3600,420,filterLoc,,
3600,423,filterLoc,,
3600,426,filterLoc,,
3600,429,filterLoc,,
3600,432,filterLoc,,
3600,435,filterLoc,,
3600,438,filterLoc,,
3600,441,filterLoc,,
3600,444,filterLoc,,
3600,447,filterLoc,,
3600,450,filterLoc,,
3600,453,filterLoc,,
3600,456,filterLoc,,
3600,459,filterLoc,,
3600,462,filterLoc,,
3600,465,filterLoc,,
3600,468,filterLoc,,
3600,471,filterLoc,,
3600,474,filterLoc,,
3600,477,filterLoc,,
3600,480,filterLoc,,
3600,483,filterLoc,,
3600,486,filterLoc,,
3600,489,filterLoc,,
3600,492,filterLoc,,
3600,495,filterLoc,,
3600,498,filterLoc,,
3600,501,filterLoc,,
3600,504,filterLoc,,
3600,507,filterLoc,,
3600,510,filterLoc,,
3600,513,filterLoc,,
3600,516,filterLoc,,
3600,519,filterLoc,,
3600,522,filterLoc,,
3600,525,filterLoc,,
3600,528,filterLoc,,
3600,531,filterLoc,,
3600,534,filterLoc,,
3600,537,filterLoc,,
3600,540,filterLoc,,
3600,543,filterLoc,,
3600,546,filterLoc,,
3600,549,filterLoc,,
3600,552,filterLoc,,
3600,555,filterLoc,,
3600,558,filterLoc,,
3600,561,filterLoc,,
3600,564,filterLoc,,
3600,567,filterLoc,,
3600,570,filterLoc,,
3600,573,filterLoc,,
3600,576,filterLoc,,
3600,579,filterLoc,,
3600,582,filterLoc,,
3600,585,filterLoc,,
3600,588,filterLoc,,
3600,591,filterLoc,,
3600,594,filterLoc,,
3600,597,filterLoc,,
3600,600,filterLoc,,
3600,603,filterLoc,,
3600,606,filterLoc,,
3600,609,filterLoc,,
3600,612,filterLoc,,
3600,615,filterLoc,,
3600,618,filterLoc,,
3600,621,filterLoc,,
3600,624,filterLoc,,
3600,627,filterLoc,,
3600,630,filterLoc,,
3600,633,filterLoc,,
3600,636,filterLoc,,
3600,639,filterLoc,,
3600,642,filterLoc,,
3600,645,filterLoc,,
3600,648,filterLoc,,
3600,651,filterLoc,,
3600,654,filterLoc,,
3600,657,filterLoc,,
3600,660,filterLoc,,
3600,663,filterLoc,,
3600,666,filterLoc,,
3600,669,filterLoc,,
3600,672,filterLoc,,
3600,675,filterLoc,,
3600,678,filterLoc,,
3600,681,filterLoc,,
3600,684,filterLoc,,
3600,687,filterLoc,,
3600,690,filterLoc,,
3600,693,filterLoc,,
3600,696,filterLoc,,
3600,699,filterLoc,,
3600,702,filterLoc,,
3600,705,filterLoc,,
3600,708,filterLoc,,
3600,711,filterLoc,,
3600,714,filterLoc,,
3600,717,filterLoc,,
3600,720,filterLoc,,
3600,723,filterLoc,,
3600,726,filterLoc,,
3600,729,filterLoc,,
3600,732,filterLoc,,
3600,735,filterLoc,,
3600,738,filterLoc,,
3600,741,filterLoc,,
3600,744,filterLoc,,
3600,747,filterLoc,,
3600,750,filterLoc,,
3600,753,filterLoc,,
3600,756,filterLoc,,
3600,759,filterLoc,,
3600,762,filterLoc,,
3600,765,filterLoc,,
3600,768,filterLoc,,
3600,771,filterLoc,,
3600,774,filterLoc,,
3600,777,filterLoc,,
3600,780,filterLoc,,
3600,783,filterLoc,,
3600,786,filterLoc,,
3600,789,filterLoc,,
3600,792,filterLoc,,
3600,795,filterLoc,,
3600,798,filterLoc,,
3600,801,filterLoc,,
3600,804,filterLoc,,
3600,807,filterLoc,,
3600,810,filterLoc,,
3600,813,filterLoc,,
3600,816,filterLoc,,
3600,819,filterLoc,,
3600,822,filterLoc,,
3600,825,filterLoc,,
3600,828,filterLoc,,
3600,831,filterLoc,,
3600,834,filterLoc,,
3600,837,filterLoc,,
3600,840,filterLoc,,
3600,843,filterLoc,,
3600,846,filterLoc,,;Evacuee;394;in triage category;G;is entering helicopter;1
3600,849,filterLoc,,
3600,852,filterLoc,,
3600,855,filterLoc,,
3600,858,filterLoc,,
3600,861,filterLoc,,
3600,864,filterLoc,,
3600,867,filterLoc,,
3600,870,filterLoc,,
3600,873,filterLoc,,
3600,876,filterLoc,,
3600,879,filterLoc,,
3600,882,filterLoc,,
3600,885,filterLoc,,
3600,888,filterLoc,,
3600,891,filterLoc,,
3600,894,filterLoc,,
3600,897,filterLoc,,
3600,900,filterLoc,,
3600,903,filterLoc,,
3600,906,filterLoc,,
3600,909,filterLoc,,
3600,912,filterLoc,,
3600,915,filterLoc,,
3600,918,filterLoc,,
3600,921,filterLoc,,
3600,924,filterLoc,,
3600,927,filterLoc,,
3600,930,filterLoc,,
3600,933,filterLoc,,
3600,936,filterLoc,,
3600,939,filterLoc,,
3600,942,filterLoc,,
3600,945,filterLoc,,
3600,948,filterLoc,,
3600,951,filterLoc,,
3600,954,filterLoc,,
3600,957,filterLoc,,
3600,960,filterLoc,,
3600,963,filterLoc,,
3600,966,filterLoc,,
3600,969,filterLoc,,
3600,972,filterLoc,,
3600,975,filterLoc,,
3600,978,filterLoc,,
3600,981,filterLoc,,
3600,984,filterLoc,,
3600,987,filterLoc,,
3600,990,filterLoc,,
3600,993,filterLoc,,
3600,996,filterLoc,,
3600,999,filterLoc,,
3600,1002,filterLoc,,
3600,1005,filterLoc,,
3600,1008,filterLoc,,
3600,1011,filterLoc,,
3600,1014,filterLoc,,
3600,1017,filterLoc,,
3600,1020,filterLoc,,
3600,1023,filterLoc,,
3600,1026,filterLoc,,
3600,1029,filterLoc,,
3600,1032,filterLoc,,
3600,1035,filterLoc,,
3600,1038,filterLoc,,
3600,1041,filterLoc,,
3600,1044,filterLoc,,
3600,1047,filterLoc,,
3600,1050,filterLoc,,
3600,1053,filterLoc,,
3600,1056,filterLoc,,
3600,1059,filterLoc,,
3600,1062,filterLoc,,
3600,1065,filterLoc,,
3600,1068,filterLoc,,
3600,1071,filterLoc,,
3600,1074,filterLoc,,
3600,1077,filterLoc,,
3600,1080,filterLoc,,
3600,1083,filterLoc,,
3600,1086,filterLoc,,
3600,1089,filterLoc,,
3600,1092,filterLoc,,
3600,1095,filterLoc,,
3600,1098,filterLoc,,
3600,1101,filterLoc,,
3600,1104,filterLoc,,
3600,1107,filterLoc,,
3600,1110,filterLoc,,
3600,1113,filterLoc,,
3600,1116,filterLoc,,
3600,1123,filterLoc,,
3600,1126,filterLoc,,
3600,1129,filterLoc,,
3600,1132,filterLoc,,
3600,1135,filterLoc,,
3600,1138,filterLoc,,;Evacuee;367;in triage category;G;is entering helicopter;1
3600,1141,filterLoc,,
3600,1144,filterLoc,,
3600,1147,filterLoc,,
3600,1150,filterLoc,,
3600,1153,filterLoc,,
3600,1156,filterLoc,,
3600,1161,helicopter,,Helicopter;1;is loading people at the evacuation site;;and has;0;spots taken
3600,1163,filterLoc,,
3600,1166,filterLoc,,
3600,1169,filterLoc,,
3600,1172,filterLoc,,
3600,1175,filterLoc,,
3600,1178,filterLoc,,
3600,1181,filterLoc,,
3600,1184,filterLoc,,
3600,1187,filterLoc,,
3600,1190,filterLoc,,
3600,1193,filterLoc,,
3600,1196,filterLoc,,
3600,1199,filterLoc,,
3600,1202,filterLoc,,
3600,1205,filterLoc,,
3600,1208,filterLoc,,
3600,1211,filterLoc,,
3600,1214,filterLoc,,
3600,1217,filterLoc,,
3600,1220,filterLoc,,
3600,1223,filterLoc,,
3600,1226,filterLoc,,
3600,1229,filterLoc,,
3600,1232,filterLoc,,
3600,1235,filterLoc,,
3600,1238,filterLoc,,
3600,1241,filterLoc,,
3600,1244,filterLoc,,
3600,1247,filterLoc,,
3600,1250,filterLoc,,
3600,1253,filterLoc,,
3600,1256,filterLoc,,
3600,1259,filterLoc,,
3600,1262,filterLoc,,
3600,1265,filterLoc,,
3600,1268,filterLoc,,
3600,1271,filterLoc,,
3600,1274,filterLoc,,
3600,1277,filterLoc,,
3600,1280,filterLoc,,
3600,1283,filterLoc,,
3600,1286,filterLoc,,
3600,1289,filterLoc,,
3600,1292,filterLoc,,
3600,1295,filterLoc,,
3600,1298,filterLoc,,
3600,1301,filterLoc,,
3600,1304,filterLoc,,
3600,1307,filterLoc,,
3600,1310,filterLoc,,
3600,1313,filterLoc,,
3600,1316,filterLoc,,
3600,1319,filterLoc,,
3600,1322,filterLoc,,
3600,1325,filterLoc,,
3600,1328,filterLoc,,
3600,1331,filterLoc,,
3600,1334,filterLoc,,
3600,1337,filterLoc,,
3600,1340,filterLoc,,
3600,1343,filterLoc,,
3600,1346,filterLoc,,
3600,1349,filterLoc,,
3600,1352,filterLoc,,
3600,1355,filterLoc,,
3600,1358,filterLoc,,
3600,1361,filterLoc,,
3600,1364,filterLoc,,
3600,1367,filterLoc,,
3600,1370,filterLoc,,
3600,1373,filterLoc,,
3600,1376,filterLoc,,
3600,1379,filterLoc,,
3600,1382,filterLoc,,
3600,1385,filterLoc,,
3600,1388,filterLoc,,
3600,1391,filterLoc,,
3600,1394,filterLoc,,
3600,1397,filterLoc,,
3600,1400,filterLoc,,
3600,1403,filterLoc,,
3600,1406,filterLoc,,
3600,1409,filterLoc,,
3600,1412,filterLoc,,
3600,1415,filterLoc,,
3600,1418,filterLoc,,
3600,1421,filterLoc,,
3600,1424,filterLoc,,
3600,1427,filterLoc,,
3600,1430,filterLoc,,
3600,1433,filterLoc,,
3600,1436,filterLoc,,
3600,1439,filterLoc,,
3600,1442,filterLoc,,
3600,1445,filterLoc,,
3600,1448,filterLoc,,
3600,1451,filterLoc,,
3600,1454,filterLoc,,
3600,1457,filterLoc,,
3600,1460,filterLoc,,
3600,1463,filterLoc,,
3600,1466,filterLoc,,
3600,1469,filterLoc,,
3600,1472,filterLoc,,
3600,1475,filterLoc,,
3600,1478,filterLoc,,
3600,1481,filterLoc,,
3600,1484,filterLoc,,
3600,1487,filterLoc,,
3600,1490,filterLoc,,
3600,1493,filterLoc,,
3600,1496,filterLoc,,
3600,1499,filterLoc,,
3600,1502,filterLoc,,
3600,1505,filterLoc,,
3600,1508,filterLoc,,
3600,1511,filterLoc,,
3600,1514,filterLoc,,
3600,1517,filterLoc,,
3600,149,filterLoc,out,Evacuee 403 in triage category G is assigned helicopter 1
3600,149,filterLoc,,
3600,150,evacuee,,Evacuee;403;in triage state;G;is entering helicopter;1
3600,203,filterLoc,out,Evacuee 379 in triage category G is assigned helicopter 1
3600,203,filterLoc,,
3600,204,evacuee,,Evacuee;379;in triage state;G;is entering helicopter;1
3600,206,filterLoc,out,Evacuee 378 in triage category G is assigned helicopter 1
3600,206,filterLoc,,
3600,207,evacuee,,Evacuee;378;in triage state;G;is entering helicopter;1
3600,209,filterLoc,out,Evacuee 377 in triage category G is assigned helicopter 1
3600,209,filterLoc,,
3600,210,evacuee,,Evacuee;377;in triage state;G;is entering helicopter;1
3600,212,filterLoc,out,Evacuee 375 in triage category G is assigned helicopter 1
3600,212,filterLoc,,
3600,213,evacuee,,Evacuee;375;in triage state;G;is entering helicopter;1
3600,215,filterLoc,out,Evacuee 374 in triage category G is assigned helicopter 1
3600,215,filterLoc,,
3600,216,evacuee,,Evacuee;374;in triage state;G;is entering helicopter;1
3600,218,filterLoc,out,Evacuee 372 in triage category G is assigned helicopter 1
3600,218,filterLoc,,
3600,219,evacuee,,Evacuee;372;in triage state;G;is entering helicopter;1
3600,221,filterLoc,out,Evacuee 371 in triage category G is assigned helicopter 1
3600,221,filterLoc,,
3600,222,evacuee,,Evacuee;371;in triage state;G;is entering helicopter;1
3600,846,filterLoc,out,Evacuee 394 in triage category G is assigned helicopter 1
3600,846,filterLoc,,
3600,847,evacuee,,Evacuee;394;in triage state;G;is entering helicopter;1
3600,1138,filterLoc,out,Evacuee 367 in triage category G is assigned helicopter 1
3600,1138,filterLoc,,
3600,1139,evacuee,,Evacuee;367;in triage state;G;is entering helicopter;1
3600,103,filterEvac,,
3600,150,evacuee,outHelo,Evacuee 403 in triage category G is assigned helicopter 1
3600,150,evacuee,,Evacuee;403;in triage state;G;is in helicopter;1
3600,204,evacuee,outHelo,Evacuee 379 in triage category G is assigned helicopter 1
3600,204,evacuee,,Evacuee;379;in triage state;G;is in helicopter;1
3600,207,evacuee,outHelo,Evacuee 378 in triage category G is assigned helicopter 1
3600,207,evacuee,,Evacuee;378;in triage state;G;is in helicopter;1
3600,210,evacuee,outHelo,Evacuee 377 in triage category G is assigned helicopter 1
3600,210,evacuee,,Evacuee;377;in triage state;G;is in helicopter;1
3600,213,evacuee,outHelo,Evacuee 375 in triage category G is assigned helicopter 1
3600,213,evacuee,,Evacuee;375;in triage state;G;is in helicopter;1
3600,216,evacuee,outHelo,Evacuee 374 in triage category G is assigned helicopter 1
3600,216,evacuee,,Evacuee;374;in triage state;G;is in helicopter;1
3600,219,evacuee,outHelo,Evacuee 372 in triage category G is assigned helicopter 1
3600,219,evacuee,,Evacuee;372;in triage state;G;is in helicopter;1
3600,222,evacuee,outHelo,Evacuee 371 in triage category G is assigned helicopter 1
3600,222,evacuee,,Evacuee;371;in triage state;G;is in helicopter;1
3600,847,evacuee,outHelo,Evacuee 394 in triage category G is assigned helicopter 1
3600,847,evacuee,,Evacuee;394;in triage state;G;is in helicopter;1
3600,1119,filterEvac,,
3600,1139,evacuee,outHelo,Evacuee 367 in triage category G is assigned helicopter 1
3600,1139,evacuee,,Evacuee;367;in triage state;G;is in helicopter;1
3600,1159,filterEvac,,;Evacuee;367;in triage category;G;is entering helicopter;1;Evacuee;371;in triage category;G;is entering helicopter;1;Evacuee;372;in triage category;G;is entering helicopter;1;Evacuee;374;in triage category;G;is entering helicopter;1;Evacuee;375;in triage category;G;is entering helicopter;1;Evacuee;377;in triage category;G;is entering helicopter;1;Evacuee;378;in triage category;G;is entering helicopter;1;Evacuee;379;in triage category;G;is entering helicopter;1;Evacuee;394;in triage category;G;is entering helicopter;1;Evacuee;403;in triage category;G;is entering helicopter;1
3600,1159,filterEvac,out,Evacuee 367 in triage category G is assigned helicopter 1
3600,1159,filterEvac,out,Evacuee 371 in triage category G is assigned helicopter 1
3600,1159,filterEvac,out,Evacuee 372 in triage category G is assigned helicopter 1
3600,1159,filterEvac,out,Evacuee 374 in triage category G is assigned helicopter 1
3600,1159,filterEvac,out,Evacuee 375 in triage category G is assigned helicopter 1
3600,1159,filterEvac,out,Evacuee 377 in triage category G is assigned helicopter 1
3600,1159,filterEvac,out,Evacuee 378 in triage category G is assigned helicopter 1
3600,1159,filterEvac,out,Evacuee 379 in triage category G is assigned helicopter 1
3600,1159,filterEvac,out,Evacuee 394 in triage category G is assigned helicopter 1
3600,1159,filterEvac,out,Evacuee 403 in triage category G is assigned helicopter 1
3600,1159,filterEvac,,
3600,1161,helicopter,,Helicopter;1;is loading people at the evacuation site;;and has;10;spots taken
3614.07,3,evacueeManager,,OFF SHIP: White;0;Green;21;Yellow;16;Red;4;Black;329;ON SHIP: White;0;Green;0;Yellow;0;Red;0;Evacuees to Transfer;
3614.07,553,evacuee,outES,Evacuee 105 in triage category Y is not assigned a helicopter
3614.07,553,evacuee,,Evacuee;105;in triage state;R;is at the evacuation site
3615,4,helipadManager,outHelo,Helicopter 1 is evacuating people1
3615,4,helipadManager,,;No helos are at ES
3615,104,filterES,,
3615,1120,filterES,,
3615,1160,filterES,,Helicopter;1;is evacuating people
3615,4,helipadManager,outHQ,0
3615,4,helipadManager,,;No helos are at ES
3615,5,helicopterQueue,,;No helos are waiting to land
3615,1160,filterES,out,Helicopter 1 is evacuating people1
3615,1160,filterES,,
3615,1161,helicopter,,Helicopter;1;is loading people at the evacuation site;;and has;10;spots taken
3615,5,helicopterQueue,,;No helos are waiting to land
3615,1161,helicopter,,Helicopter;1;is returning to the FOL;;and has;10;spots taken
3630,7,filterLoc,,
3630,10,filterLoc,,
3630,13,filterLoc,,
3630,16,filterLoc,,
3630,19,filterLoc,,
3630,22,filterLoc,,
3630,25,filterLoc,,
3630,28,filterLoc,,
3630,31,filterLoc,,
3630,34,filterLoc,,
3630,37,filterLoc,,
3630,40,filterLoc,,
3630,43,filterLoc,,
3630,46,filterLoc,,
3630,49,filterLoc,,
3630,52,filterLoc,,
3630,55,filterLoc,,
3630,58,filterLoc,,
3630,61,filterLoc,,
3630,64,filterLoc,,
3630,67,filterLoc,,
3630,70,filterLoc,,
3630,73,filterLoc,,
3630,76,filterLoc,,
3630,79,filterLoc,,
3630,82,filterLoc,,
3630,85,filterLoc,,
3630,88,filterLoc,,
3630,91,filterLoc,,
3630,94,filterLoc,,
3630,97,filterLoc,,
3630,100,filterLoc,,
3630,105,helicopter,outEvac,Evacuee 314 in triage category G is not assigned a helicopter
3630,105,helicopter,outEvac,Evacuee 315 in triage category G is not assigned a helicopter
3630,105,helicopter,outEvac,Evacuee 327 in triage category G is not assigned a helicopter
3630,105,helicopter,outEvac,Evacuee 328 in triage category G is not assigned a helicopter
3630,105,helicopter,outEvac,Evacuee 330 in triage category G is not assigned a helicopter
3630,105,helicopter,outEvac,Evacuee 331 in triage category G is not assigned a helicopter
3630,105,helicopter,outEvac,Evacuee 335 in triage category G is not assigned a helicopter
3630,105,helicopter,outEvac,Evacuee 337 in triage category G is not assigned a helicopter
3630,105,helicopter,outEvac,Evacuee 352 in triage category G is not assigned a helicopter
3630,105,helicopter,outEvac,Evacuee 359 in triage category G is not assigned a helicopter
3630,105,helicopter,,Helicopter;3;is unloading people at the FOL;;and has;0;spots taken
3630,107,filterLoc,,
3630,110,filterLoc,,
3630,113,filterLoc,,
3630,116,filterLoc,,
3630,119,filterLoc,,
3630,122,filterLoc,,
3630,125,filterLoc,,
3630,128,filterLoc,,
3630,131,filterLoc,,
3630,134,filterLoc,,
3630,137,filterLoc,,
3630,140,filterLoc,,
3630,143,filterLoc,,
3630,146,filterLoc,,
3630,149,filterLoc,,
3630,152,filterLoc,,
3630,155,filterLoc,,
3630,158,filterLoc,,
3630,161,filterLoc,,
3630,164,filterLoc,,
3630,167,filterLoc,,
3630,170,filterLoc,,
3630,173,filterLoc,,
3630,176,filterLoc,,
3630,179,filterLoc,,
3630,182,filterLoc,,
3630,185,filterLoc,,
3630,188,filterLoc,,
3630,191,filterLoc,,
3630,194,filterLoc,,
3630,197,filterLoc,,
3630,200,filterLoc,,
3630,203,filterLoc,,
3630,206,filterLoc,,
3630,209,filterLoc,,
3630,212,filterLoc,,
3630,215,filterLoc,,
3630,218,filterLoc,,
3630,221,filterLoc,,
3630,225,filterLoc,,
3630,228,filterLoc,,
3630,231,filterLoc,,
3630,234,filterLoc,,
3630,237,filterLoc,,
3630,240,filterLoc,,
3630,243,filterLoc,,
3630,246,filterLoc,,
3630,249,filterLoc,,
3630,252,filterLoc,,
3630,255,filterLoc,,
3630,258,filterLoc,,
3630,261,filterLoc,,
3630,264,filterLoc,,
3630,267,filterLoc,,
3630,270,filterLoc,,
3630,273,filterLoc,,
3630,276,filterLoc,,;Evacuee;335;in triage category;G;is leaving helicopter;3
3630,279,filterLoc,,;Evacuee;331;in triage category;G;is leaving helicopter;3
3630,282,filterLoc,,
3630,285,filterLoc,,;Evacuee;330;in triage category;G;is leaving helicopter;3
3630,288,filterLoc,,;Evacuee;328;in triage category;G;is leaving helicopter;3
3630,291,filterLoc,,;Evacuee;327;in triage category;G;is leaving helicopter;3
3630,294,filterLoc,,
3630,297,filterLoc,,
3630,300,filterLoc,,
3630,303,filterLoc,,
3630,306,filterLoc,,
3630,309,filterLoc,,
3630,312,filterLoc,,
3630,315,filterLoc,,
3630,318,filterLoc,,
3630,321,filterLoc,,
3630,324,filterLoc,,
3630,327,filterLoc,,
3630,330,filterLoc,,
3630,333,filterLoc,,
3630,336,filterLoc,,
3630,339,filterLoc,,
3630,342,filterLoc,,
3630,345,filterLoc,,
3630,348,filterLoc,,
3630,351,filterLoc,,
3630,354,filterLoc,,
3630,357,filterLoc,,;Evacuee;352;in triage category;G;is leaving helicopter;3
3630,360,filterLoc,,
3630,363,filterLoc,,
3630,366,filterLoc,,
3630,369,filterLoc,,
3630,372,filterLoc,,
3630,375,filterLoc,,
3630,378,filterLoc,,
3630,381,filterLoc,,
3630,384,filterLoc,,
3630,387,filterLoc,,
3630,390,filterLoc,,
3630,393,filterLoc,,
3630,396,filterLoc,,
3630,399,filterLoc,,
3630,402,filterLoc,,
3630,405,filterLoc,,
3630,408,filterLoc,,
3630,411,filterLoc,,
3630,414,filterLoc,,
3630,417,filterLoc,,
3630,420,filterLoc,,;Evacuee;315;in triage category;G;is leaving helicopter;3
3630,423,filterLoc,,
3630,426,filterLoc,,
3630,429,filterLoc,,;Evacuee;337;in triage category;G;is leaving helicopter;3
3630,432,filterLoc,,
3630,435,filterLoc,,
3630,438,filterLoc,,
3630,441,filterLoc,,
3630,444,filterLoc,,
3630,447,filterLoc,,
3630,450,filterLoc,,
3630,453,filterLoc,,
3630,456,filterLoc,,
3630,459,filterLoc,,
3630,462,filterLoc,,
3630,465,filterLoc,,
3630,468,filterLoc,,
3630,471,filterLoc,,
3630,474,filterLoc,,
3630,477,filterLoc,,
3630,480,filterLoc,,
3630,483,filterLoc,,
3630,486,filterLoc,,
3630,489,filterLoc,,
3630,492,filterLoc,,
3630,495,filterLoc,,
3630,498,filterLoc,,
3630,501,filterLoc,,
3630,504,filterLoc,,
3630,507,filterLoc,,
3630,510,filterLoc,,
3630,513,filterLoc,,
3630,516,filterLoc,,
3630,519,filterLoc,,
3630,522,filterLoc,,
3630,525,filterLoc,,
3630,528,filterLoc,,
3630,531,filterLoc,,
3630,534,filterLoc,,
3630,537,filterLoc,,
3630,540,filterLoc,,
3630,543,filterLoc,,
3630,546,filterLoc,,
3630,549,filterLoc,,
3630,552,filterLoc,,
3630,555,filterLoc,,
3630,558,filterLoc,,
3630,561,filterLoc,,
3630,564,filterLoc,,
3630,567,filterLoc,,
3630,570,filterLoc,,
3630,573,filterLoc,,
3630,576,filterLoc,,
3630,579,filterLoc,,
3630,582,filterLoc,,
3630,585,filterLoc,,
3630,588,filterLoc,,
3630,591,filterLoc,,
3630,594,filterLoc,,
3630,597,filterLoc,,
3630,600,filterLoc,,
3630,603,filterLoc,,
3630,606,filterLoc,,
3630,609,filterLoc,,
3630,612,filterLoc,,
3630,615,filterLoc,,
3630,618,filterLoc,,
3630,621,filterLoc,,
3630,624,filterLoc,,
3630,627,filterLoc,,
3630,630,filterLoc,,
3630,633,filterLoc,,
3630,636,filterLoc,,
3630,639,filterLoc,,
3630,642,filterLoc,,
3630,645,filterLoc,,
3630,648,filterLoc,,
3630,651,filterLoc,,
3630,654,filterLoc,,
3630,657,filterLoc,,
3630,660,filterLoc,,
3630,663,filterLoc,,
3630,666,filterLoc,,
3630,669,filterLoc,,
3630,672,filterLoc,,
3630,675,filterLoc,,
3630,678,filterLoc,,
3630,681,filterLoc,,
3630,684,filterLoc,,
3630,687,filterLoc,,
3630,690,filterLoc,,
3630,693,filterLoc,,
3630,696,filterLoc,,
3630,699,filterLoc,,
3630,702,filterLoc,,
3630,705,filterLoc,,
3630,708,filterLoc,,
3630,711,filterLoc,,
3630,714,filterLoc,,
3630,717,filterLoc,,
3630,720,filterLoc,,
3630,723,filterLoc,,
3630,726,filterLoc,,
3630,729,filterLoc,,
3630,732,filterLoc,,
3630,735,filterLoc,,
3630,738,filterLoc,,
3630,741,filterLoc,,
3630,744,filterLoc,,
3630,747,filterLoc,,
3630,750,filterLoc,,
3630,753,filterLoc,,
3630,756,filterLoc,,
3630,759,filterLoc,,
3630,762,filterLoc,,
3630,765,filterLoc,,
3630,768,filterLoc,,
3630,771,filterLoc,,
3630,774,filterLoc,,
3630,777,filterLoc,,
3630,780,filterLoc,,
3630,783,filterLoc,,
3630,786,filterLoc,,
3630,789,filterLoc,,
3630,792,filterLoc,,
3630,795,filterLoc,,
3630,798,filterLoc,,
3630,801,filterLoc,,
3630,804,filterLoc,,
3630,807,filterLoc,,
3630,810,filterLoc,,
3630,813,filterLoc,,
3630,816,filterLoc,,
3630,819,filterLoc,,
3630,822,filterLoc,,
3630,825,filterLoc,,
3630,828,filterLoc,,
3630,831,filterLoc,,
3630,834,filterLoc,,
3630,837,filterLoc,,
3630,840,filterLoc,,
3630,843,filterLoc,,
3630,846,filterLoc,,
3630,849,filterLoc,,
3630,852,filterLoc,,
3630,855,filterLoc,,
3630,858,filterLoc,,
3630,861,filterLoc,,
3630,864,filterLoc,,
3630,867,filterLoc,,
3630,870,filterLoc,,
3630,873,filterLoc,,
3630,876,filterLoc,,
3630,879,filterLoc,,
3630,882,filterLoc,,
3630,885,filterLoc,,
3630,888,filterLoc,,
3630,891,filterLoc,,
3630,894,filterLoc,,
3630,897,filterLoc,,
3630,900,filterLoc,,
3630,903,filterLoc,,
3630,906,filterLoc,,
3630,909,filterLoc,,
3630,912,filterLoc,,
3630,915,filterLoc,,;Evacuee;359;in triage category;G;is leaving helicopter;3
3630,918,filterLoc,,
3630,921,filterLoc,,
3630,924,filterLoc,,
3630,927,filterLoc,,
3630,930,filterLoc,,
3630,933,filterLoc,,
3630,936,filterLoc,,
3630,939,filterLoc,,
3630,942,filterLoc,,
3630,945,filterLoc,,
3630,948,filterLoc,,
3630,951,filterLoc,,
3630,954,filterLoc,,
3630,957,filterLoc,,
3630,960,filterLoc,,
3630,963,filterLoc,,
3630,966,filterLoc,,
3630,969,filterLoc,,
3630,972,filterLoc,,
3630,975,filterLoc,,
3630,978,filterLoc,,
3630,981,filterLoc,,
3630,984,filterLoc,,
3630,987,filterLoc,,
3630,990,filterLoc,,
3630,993,filterLoc,,
3630,996,filterLoc,,
3630,999,filterLoc,,
3630,1002,filterLoc,,
3630,1005,filterLoc,,
3630,1008,filterLoc,,
3630,1011,filterLoc,,
3630,1014,filterLoc,,
3630,1017,filterLoc,,
3630,1020,filterLoc,,
3630,1023,filterLoc,,
3630,1026,filterLoc,,
3630,1029,filterLoc,,
3630,1032,filterLoc,,
3630,1035,filterLoc,,
3630,1038,filterLoc,,
3630,1041,filterLoc,,
3630,1044,filterLoc,,
3630,1047,filterLoc,,
3630,1050,filterLoc,,
3630,1053,filterLoc,,
3630,1056,filterLoc,,
3630,1059,filterLoc,,
3630,1062,filterLoc,,
3630,1065,filterLoc,,
3630,1068,filterLoc,,
3630,1071,filterLoc,,
3630,1074,filterLoc,,
3630,1077,filterLoc,,
3630,1080,filterLoc,,
3630,1083,filterLoc,,
3630,1086,filterLoc,,
3630,1089,filterLoc,,
3630,1092,filterLoc,,
3630,1095,filterLoc,,
3630,1098,filterLoc,,
3630,1101,filterLoc,,
3630,1104,filterLoc,,
3630,1107,filterLoc,,
3630,1110,filterLoc,,
3630,1113,filterLoc,,
3630,1116,filterLoc,,
3630,1123,filterLoc,,
3630,1126,filterLoc,,
3630,1129,filterLoc,,
3630,1132,filterLoc,,
3630,1135,filterLoc,,
3630,1138,filterLoc,,
3630,1141,filterLoc,,
3630,1144,filterLoc,,
3630,1147,filterLoc,,
3630,1150,filterLoc,,
3630,1153,filterLoc,,
3630,1156,filterLoc,,
3630,1163,filterLoc,,
3630,1166,filterLoc,,
3630,1169,filterLoc,,
3630,1172,filterLoc,,
3630,1175,filterLoc,,
3630,1178,filterLoc,,
3630,1181,filterLoc,,
3630,1184,filterLoc,,
3630,1187,filterLoc,,
3630,1190,filterLoc,,
3630,1193,filterLoc,,
3630,1196,filterLoc,,
3630,1199,filterLoc,,
3630,1202,filterLoc,,
3630,1205,filterLoc,,
3630,1208,filterLoc,,
3630,1211,filterLoc,,
3630,1214,filterLoc,,
3630,1217,filterLoc,,
3630,1220,filterLoc,,
3630,1223,filterLoc,,
3630,1226,filterLoc,,
3630,1229,filterLoc,,
3630,1232,filterLoc,,
3630,1235,filterLoc,,
3630,1238,filterLoc,,
3630,1241,filterLoc,,
3630,1244,filterLoc,,
3630,1247,filterLoc,,
3630,1250,filterLoc,,
3630,1253,filterLoc,,
3630,1256,filterLoc,,
3630,1259,filterLoc,,
3630,1262,filterLoc,,
3630,1265,filterLoc,,
3630,1268,filterLoc,,
3630,1271,filterLoc,,
3630,1274,filterLoc,,
3630,1277,filterLoc,,
3630,1280,filterLoc,,
3630,1283,filterLoc,,
3630,1286,filterLoc,,
3630,1289,filterLoc,,
3630,1292,filterLoc,,
3630,1295,filterLoc,,
3630,1298,filterLoc,,
3630,1301,filterLoc,,
3630,1304,filterLoc,,
3630,1307,filterLoc,,
3630,1310,filterLoc,,
3630,1313,filterLoc,,
3630,1316,filterLoc,,
3630,1319,filterLoc,,
3630,1322,filterLoc,,
3630,1325,filterLoc,,
3630,1328,filterLoc,,
3630,1331,filterLoc,,
3630,1334,filterLoc,,
3630,1337,filterLoc,,
3630,1340,filterLoc,,
3630,1343,filterLoc,,
3630,1346,filterLoc,,
3630,1349,filterLoc,,;Evacuee;314;in triage category;G;is leaving helicopter;3
3630,1352,filterLoc,,
3630,1355,filterLoc,,
3630,1358,filterLoc,,
3630,1361,filterLoc,,
3630,1364,filterLoc,,
3630,1367,filterLoc,,
3630,1370,filterLoc,,
3630,1373,filterLoc,,
3630,1376,filterLoc,,
3630,1379,filterLoc,,
3630,1382,filterLoc,,
3630,1385,filterLoc,,
3630,1388,filterLoc,,
3630,1391,filterLoc,,
3630,1394,filterLoc,,
3630,1397,filterLoc,,
3630,1400,filterLoc,,
3630,1403,filterLoc,,
3630,1406,filterLoc,,
3630,1409,filterLoc,,
3630,1412,filterLoc,,
3630,1415,filterLoc,,
3630,1418,filterLoc,,
3630,1421,filterLoc,,
3630,1424,filterLoc,,
3630,1427,filterLoc,,
3630,1430,filterLoc,,
3630,1433,filterLoc,,
3630,1436,filterLoc,,
3630,1439,filterLoc,,
3630,1442,filterLoc,,
3630,1445,filterLoc,,
3630,1448,filterLoc,,
3630,1451,filterLoc,,
3630,1454,filterLoc,,
3630,1457,filterLoc,,
3630,1460,filterLoc,,
3630,1463,filterLoc,,
3630,1466,filterLoc,,
3630,1469,filterLoc,,
3630,1472,filterLoc,,
3630,1475,filterLoc,,
3630,1478,filterLoc,,
3630,1481,filterLoc,,
3630,1484,filterLoc,,
3630,1487,filterLoc,,
3630,1490,filterLoc,,
3630,1493,filterLoc,,
3630,1496,filterLoc,,
3630,1499,filterLoc,,
3630,1502,filterLoc,,
3630,1505,filterLoc,,
3630,1508,filterLoc,,
3630,1511,filterLoc,,
3630,1514,filterLoc,,
3630,1517,filterLoc,,
3630,276,filterLoc,out,Evacuee 335 in triage category G is not assigned a helicopter
3630,276,filterLoc,,
3630,277,evacuee,,Evacuee;335;in triage state;G;is entering the FOL
3630,279,filterLoc,out,Evacuee 331 in triage category G is not assigned a helicopter
3630,279,filterLoc,,
3630,280,evacuee,,Evacuee;331;in triage state;G;is entering the FOL
3630,285,filterLoc,out,Evacuee 330 in triage category G is not assigned a helicopter
3630,285,filterLoc,,
3630,286,evacuee,,Evacuee;330;in triage state;G;is entering the FOL
3630,288,filterLoc,out,Evacuee 328 in triage category G is not assigned a helicopter
3630,288,filterLoc,,
3630,289,evacuee,,Evacuee;328;in triage state;G;is entering the FOL
3630,291,filterLoc,out,Evacuee 327 in triage category G is not assigned a helicopter
3630,291,filterLoc,,
3630,292,evacuee,,Evacuee;327;in triage state;G;is entering the FOL
3630,357,filterLoc,out,Evacuee 352 in triage category G is not assigned a helicopter
3630,357,filterLoc,,
3630,358,evacuee,,Evacuee;352;in triage state;G;is entering the FOL
3630,420,filterLoc,out,Evacuee 315 in triage category G is not assigned a helicopter
3630,420,filterLoc,,
3630,421,evacuee,,Evacuee;315;in triage state;G;is entering the FOL
3630,429,filterLoc,out,Evacuee 337 in triage category G is not assigned a helicopter
3630,429,filterLoc,,
3630,430,evacuee,,Evacuee;337;in triage state;G;is entering the FOL
3630,915,filterLoc,out,Evacuee 359 in triage category G is not assigned a helicopter
3630,915,filterLoc,,
3630,916,evacuee,,Evacuee;359;in triage state;G;is entering the FOL
3630,1349,filterLoc,out,Evacuee 314 in triage category G is not assigned a helicopter
3630,1349,filterLoc,,
3630,1350,evacuee,,Evacuee;314;in triage state;G;is entering the FOL
3630,223,FOL,,;EvacueeID;3;Triage Status;G;EvacueeID;5;Triage Status;G;EvacueeID;6;Triage Status;G;EvacueeID;7;Triage Status;G;EvacueeID;8;Triage Status;G;EvacueeID;16;Triage Status;G;EvacueeID;20;Triage Status;G;EvacueeID;21;Triage Status;G;EvacueeID;27;Triage Status;G;EvacueeID;35;Triage Status;G;EvacueeID;36;Triage Status;G;EvacueeID;39;Triage Status;G;EvacueeID;41;Triage Status;G;EvacueeID;42;Triage Status;G;EvacueeID;47;Triage Status;G;EvacueeID;49;Triage Status;G;EvacueeID;51;Triage Status;G;EvacueeID;52;Triage Status;G;EvacueeID;56;Triage Status;G;EvacueeID;62;Triage Status;G;EvacueeID;63;Triage Status;G;EvacueeID;66;Triage Status;G;EvacueeID;68;Triage Status;G;EvacueeID;69;Triage Status;G;EvacueeID;70;Triage Status;G;EvacueeID;72;Triage Status;G;EvacueeID;79;Triage Status;G;EvacueeID;80;Triage Status;G;EvacueeID;84;Triage Status;G;EvacueeID;86;Triage Status;G;EvacueeID;87;Triage Status;G;EvacueeID;89;Triage Status;G;EvacueeID;94;Triage Status;G;EvacueeID;96;Triage Status;G;EvacueeID;97;Triage Status;G;EvacueeID;101;Triage Status;G;EvacueeID;103;Triage Status;G;EvacueeID;107;Triage Status;G;EvacueeID;110;Triage Status;G;EvacueeID;111;Triage Status;G;EvacueeID;113;Triage Status;G;EvacueeID;115;Triage Status;G;EvacueeID;118;Triage Status;G;EvacueeID;120;Triage Status;G;EvacueeID;124;Triage Status;G;EvacueeID;128;Triage Status;G;EvacueeID;130;Triage Status;G;EvacueeID;132;Triage Status;G;EvacueeID;133;Triage Status;G;EvacueeID;134;Triage Status;G;EvacueeID;135;Triage Status;G;EvacueeID;137;Triage Status;G;EvacueeID;138;Triage Status;G;EvacueeID;139;Triage Status;G;EvacueeID;140;Triage Status;G;EvacueeID;141;Triage Status;G;EvacueeID;143;Triage Status;G;EvacueeID;146;Triage Status;G;EvacueeID;154;Triage Status;G;EvacueeID;155;Triage Status;G;EvacueeID;157;Triage Status;G;EvacueeID;166;Triage Status;G;EvacueeID;167;Triage Status;G;EvacueeID;172;Triage Status;G;EvacueeID;173;Triage Status;G;EvacueeID;175;Triage Status;G;EvacueeID;178;Triage Status;G;EvacueeID;180;Triage Status;G;EvacueeID;186;Triage Status;G;EvacueeID;189;Triage Status;G;EvacueeID;191;Triage Status;G;EvacueeID;194;Triage Status;G;EvacueeID;196;Triage Status;G;EvacueeID;198;Triage Status;G;EvacueeID;199;Triage Status;G;EvacueeID;206;Triage Status;G;EvacueeID;207;Triage Status;G;EvacueeID;211;Triage Status;G;EvacueeID;217;Triage Status;G;EvacueeID;223;Triage Status;G;EvacueeID;228;Triage Status;G;EvacueeID;229;Triage Status;G;EvacueeID;237;Triage Status;G;EvacueeID;238;Triage Status;G;EvacueeID;239;Triage Status;G;EvacueeID;240;Triage Status;G;EvacueeID;242;Triage Status;G;EvacueeID;243;Triage Status;G;EvacueeID;245;Triage Status;G;EvacueeID;250;Triage Status;G;EvacueeID;253;Triage Status;G;EvacueeID;265;Triage Status;G;EvacueeID;269;Triage Status;G;EvacueeID;270;Triage Status;G;EvacueeID;272;Triage Status;G;EvacueeID;273;Triage Status;G;EvacueeID;274;Triage Status;G;EvacueeID;277;Triage Status;G;EvacueeID;285;Triage Status;G;EvacueeID;286;Triage Status;G;EvacueeID;293;Triage Status;G;EvacueeID;294;Triage Status;G;EvacueeID;295;Triage Status;G;EvacueeID;297;Triage Status;G;EvacueeID;301;Triage Status;G;EvacueeID;303;Triage Status;G;EvacueeID;304;Triage Status;G;EvacueeID;305;Triage Status;G;EvacueeID;306;Triage Status;G;EvacueeID;310;Triage Status;G;EvacueeID;314;Triage Status;G;EvacueeID;315;Triage Status;G;EvacueeID;327;Triage Status;G;EvacueeID;328;Triage Status;G;EvacueeID;330;Triage Status;G;EvacueeID;331;Triage Status;G;EvacueeID;335;Triage Status;G;EvacueeID;337;Triage Status;G;EvacueeID;352;Triage Status;G;EvacueeID;359;Triage Status;G;Lives Saved;120
3630,277,evacuee,outFOL,Evacuee 335 in triage category G is not assigned a helicopter
3630,277,evacuee,,Evacuee;335;in triage state;G;is at the FOL
3630,280,evacuee,outFOL,Evacuee 331 in triage category G is not assigned a helicopter
3630,280,evacuee,,Evacuee;331;in triage state;G;is at the FOL
3630,286,evacuee,outFOL,Evacuee 330 in triage category G is not assigned a helicopter
3630,286,evacuee,,Evacuee;330;in triage state;G;is at the FOL
3630,289,evacuee,outFOL,Evacuee 328 in triage category G is not assigned a helicopter
3630,289,evacuee,,Evacuee;328;in triage state;G;is at the FOL
3630,292,evacuee,outFOL,Evacuee 327 in triage category G is not assigned a helicopter
3630,292,evacuee,,Evacuee;327;in triage state;G;is at the FOL
3630,358,evacuee,outFOL,Evacuee 352 in triage category G is not assigned a helicopter
3630,358,evacuee,,Evacuee;352;in triage state;G;is at the FOL
3630,421,evacuee,outFOL,Evacuee 315 in triage category G is not assigned a helicopter
3630,421,evacuee,,Evacuee;315;in triage state;G;is at the FOL
3630,430,evacuee,outFOL,Evacuee 337 in triage category G is not assigned a helicopter
3630,430,evacuee,,Evacuee;337;in triage state;G;is at the FOL
3630,916,evacuee,outFOL,Evacuee 359 in triage category G is not assigned a helicopter
3630,916,evacuee,,Evacuee;359;in triage state;G;is at the FOL
3630,1350,evacuee,outFOL,Evacuee 314 in triage category G is not assigned a helicopter
3630,1350,evacuee,,Evacuee;314;in triage state;G;is at the FOL
3630,223,FOL,,;EvacueeID;3;Triage Status;G;EvacueeID;5;Triage Status;G;EvacueeID;6;Triage Status;G;EvacueeID;7;Triage Status;G;EvacueeID;8;Triage Status;G;EvacueeID;16;Triage Status;G;EvacueeID;20;Triage Status;G;EvacueeID;21;Triage Status;G;EvacueeID;27;Triage Status;G;EvacueeID;35;Triage Status;G;EvacueeID;36;Triage Status;G;EvacueeID;39;Triage Status;G;EvacueeID;41;Triage Status;G;EvacueeID;42;Triage Status;G;EvacueeID;47;Triage Status;G;EvacueeID;49;Triage Status;G;EvacueeID;51;Triage Status;G;EvacueeID;52;Triage Status;G;EvacueeID;56;Triage Status;G;EvacueeID;62;Triage Status;G;EvacueeID;63;Triage Status;G;EvacueeID;66;Triage Status;G;EvacueeID;68;Triage Status;G;EvacueeID;69;Triage Status;G;EvacueeID;70;Triage Status;G;EvacueeID;72;Triage Status;G;EvacueeID;79;Triage Status;G;EvacueeID;80;Triage Status;G;EvacueeID;84;Triage Status;G;EvacueeID;86;Triage Status;G;EvacueeID;87;Triage Status;G;EvacueeID;89;Triage Status;G;EvacueeID;94;Triage Status;G;EvacueeID;96;Triage Status;G;EvacueeID;97;Triage Status;G;EvacueeID;101;Triage Status;G;EvacueeID;103;Triage Status;G;EvacueeID;107;Triage Status;G;EvacueeID;110;Triage Status;G;EvacueeID;111;Triage Status;G;EvacueeID;113;Triage Status;G;EvacueeID;115;Triage Status;G;EvacueeID;118;Triage Status;G;EvacueeID;120;Triage Status;G;EvacueeID;124;Triage Status;G;EvacueeID;128;Triage Status;G;EvacueeID;130;Triage Status;G;EvacueeID;132;Triage Status;G;EvacueeID;133;Triage Status;G;EvacueeID;134;Triage Status;G;EvacueeID;135;Triage Status;G;EvacueeID;137;Triage Status;G;EvacueeID;138;Triage Status;G;EvacueeID;139;Triage Status;G;EvacueeID;140;Triage Status;G;EvacueeID;141;Triage Status;G;EvacueeID;143;Triage Status;G;EvacueeID;146;Triage Status;G;EvacueeID;154;Triage Status;G;EvacueeID;155;Triage Status;G;EvacueeID;157;Triage Status;G;EvacueeID;166;Triage Status;G;EvacueeID;167;Triage Status;G;EvacueeID;172;Triage Status;G;EvacueeID;173;Triage Status;G;EvacueeID;175;Triage Status;G;EvacueeID;178;Triage Status;G;EvacueeID;180;Triage Status;G;EvacueeID;186;Triage Status;G;EvacueeID;189;Triage Status;G;EvacueeID;191;Triage Status;G;EvacueeID;194;Triage Status;G;EvacueeID;196;Triage Status;G;EvacueeID;198;Triage Status;G;EvacueeID;199;Triage Status;G;EvacueeID;206;Triage Status;G;EvacueeID;207;Triage Status;G;EvacueeID;211;Triage Status;G;EvacueeID;217;Triage Status;G;EvacueeID;223;Triage Status;G;EvacueeID;228;Triage Status;G;EvacueeID;229;Triage Status;G;EvacueeID;237;Triage Status;G;EvacueeID;238;Triage Status;G;EvacueeID;239;Triage Status;G;EvacueeID;240;Triage Status;G;EvacueeID;242;Triage Status;G;EvacueeID;243;Triage Status;G;EvacueeID;245;Triage Status;G;EvacueeID;250;Triage Status;G;EvacueeID;253;Triage Status;G;EvacueeID;265;Triage Status;G;EvacueeID;269;Triage Status;G;EvacueeID;270;Triage Status;G;EvacueeID;272;Triage Status;G;EvacueeID;273;Triage Status;G;EvacueeID;274;Triage Status;G;EvacueeID;277;Triage Status;G;EvacueeID;285;Triage Status;G;EvacueeID;286;Triage Status;G;EvacueeID;293;Triage Status;G;EvacueeID;294;Triage Status;G;EvacueeID;295;Triage Status;G;EvacueeID;297;Triage Status;G;EvacueeID;301;Triage Status;G;EvacueeID;303;Triage Status;G;EvacueeID;304;Triage Status;G;EvacueeID;305;Triage Status;G;EvacueeID;306;Triage Status;G;EvacueeID;310;Triage Status;G;EvacueeID;314;Triage Status;G;EvacueeID;315;Triage Status;G;EvacueeID;327;Triage Status;G;EvacueeID;328;Triage Status;G;EvacueeID;330;Triage Status;G;EvacueeID;331;Triage Status;G;EvacueeID;335;Triage Status;G;EvacueeID;337;Triage Status;G;EvacueeID;352;Triage Status;G;EvacueeID;359;Triage Status;G;Lives Saved;120
3631.07,3,evacueeManager,,OFF SHIP: White;0;Green;21;Yellow;16;Red;3;Black;330;ON SHIP: White;0;Green;0;Yellow;0;Red;0;Evacuees to Transfer;
3631.07,553,evacuee,outES,Evacuee 105 in triage category R is not assigned a helicopter
3631.07,553,evacuee,,Evacuee;105;in triage state;B;is at the evacuation site
3634.15,3,evacueeManager,,OFF SHIP: White;0;Green;21;Yellow;16;Red;2;Black;331;ON SHIP: White;0;Green;0;Yellow;0;Red;0;Evacuees to Transfer;
3634.15,1260,evacuee,outES,Evacuee 163 in triage category R is not assigned a helicopter
3634.15,1260,evacuee,,Evacuee;163;in triage state;B;is at the evacuation site
3645,105,helicopter,,Helicopter;3;Is going to the evacuation site;;and has;0;spots taken
3650.91,3,evacueeManager,,OFF SHIP: White;0;Green;21;Yellow;15;Red;3;Black;331;ON SHIP: White;0;Green;0;Yellow;0;Red;0;Evacuees to Transfer;
3650.91,1045,evacuee,outES,Evacuee 160 in triage category Y is not assigned a helicopter
3650.91,1045,evacuee,,Evacuee;160;in triage state;R;is at the evacuation site
3660,5,helicopterQueue,,1;Helos are waiting to land;HeloID;2
3660,1121,helicopter,outES,Helicopter 2 is evacuating people2
3660,1121,helicopter,,Helicopter;2;is waiting to land at the evacuation site;;and has;0;spots taken
3660,4,helipadManager,,;No helos are at ES
3660,5,helicopterQueue,outHM,Helicopter 2 is evacuating people2
3660,5,helicopterQueue,outHelo,Helicopter 2 is evacuating people2
3660,5,helicopterQueue,,;No helos are waiting to land
3660,104,filterES,,
3660,1120,filterES,,Helicopter;2;is evacuating people
3660,1160,filterES,,
3660,3,evacueeManager,,OFF SHIP: White;0;Green;11;Yellow;15;Red;3;Black;331;ON SHIP: White;0;Green;0;Yellow;0;Red;0;Evacuees to Transfer;;EvacueeID;404;HeloID;2;OnShip;0;Triage Status;G;EvacueeID;405;HeloID;2;OnShip;0;Triage Status;G;EvacueeID;406;HeloID;2;OnShip;0;Triage Status;G;EvacueeID;407;HeloID;2;OnShip;0;Triage Status;G;EvacueeID;408;HeloID;2;OnShip;0;Triage Status;G;EvacueeID;409;HeloID;2;OnShip;0;Triage Status;G;EvacueeID;410;HeloID;2;OnShip;0;Triage Status;G;EvacueeID;417;HeloID;2;OnShip;0;Triage Status;G;EvacueeID;421;HeloID;2;OnShip;0;Triage Status;G;EvacueeID;422;HeloID;2;OnShip;0;Triage Status;G
3660,4,helipadManager,outEM,Helicopter 2 is evacuating people2
3660,4,helipadManager,,Helo;2;is at the ES
3660,1120,filterES,out,Helicopter 2 is evacuating people2
3660,1120,filterES,,
3660,1121,helicopter,,Helicopter;2;is waiting to land at the evacuation site;;and has;0;spots taken
3660,3,evacueeManager,outEvac,Evacuee 404 in triage category G is assigned helicopter 2
3660,3,evacueeManager,outEvac,Evacuee 405 in triage category G is assigned helicopter 2
3660,3,evacueeManager,outEvac,Evacuee 406 in triage category G is assigned helicopter 2
3660,3,evacueeManager,outEvac,Evacuee 407 in triage category G is assigned helicopter 2
3660,3,evacueeManager,outEvac,Evacuee 408 in triage category G is assigned helicopter 2
3660,3,evacueeManager,outEvac,Evacuee 409 in triage category G is assigned helicopter 2
3660,3,evacueeManager,outEvac,Evacuee 410 in triage category G is assigned helicopter 2
3660,3,evacueeManager,outEvac,Evacuee 417 in triage category G is assigned helicopter 2
3660,3,evacueeManager,outEvac,Evacuee 421 in triage category G is assigned helicopter 2
3660,3,evacueeManager,outEvac,Evacuee 422 in triage category G is assigned helicopter 2
3660,3,evacueeManager,,OFF SHIP: White;0;Green;11;Yellow;15;Red;3;Black;331;ON SHIP: White;0;Green;0;Yellow;0;Red;0;Evacuees to Transfer;
3660,7,filterLoc,,
3660,10,filterLoc,,
3660,13,filterLoc,,
3660,16,filterLoc,,
3660,19,filterLoc,,
3660,22,filterLoc,,
3660,25,filterLoc,,
3660,28,filterLoc,,
3660,31,filterLoc,,
3660,34,filterLoc,,
3660,37,filterLoc,,
3660,40,filterLoc,,
3660,43,filterLoc,,
3660,46,filterLoc,,
3660,49,filterLoc,,
3660,52,filterLoc,,
3660,55,filterLoc,,
3660,58,filterLoc,,
3660,61,filterLoc,,
3660,64,filterLoc,,
3660,67,filterLoc,,
3660,70,filterLoc,,
3660,73,filterLoc,,
3660,76,filterLoc,,
3660,79,filterLoc,,
3660,82,filterLoc,,
3660,85,filterLoc,,
3660,88,filterLoc,,
3660,91,filterLoc,,
3660,94,filterLoc,,
3660,97,filterLoc,,
3660,100,filterLoc,,
3660,107,filterLoc,,
3660,110,filterLoc,,
3660,113,filterLoc,,
3660,116,filterLoc,,
3660,119,filterLoc,,
3660,122,filterLoc,,
3660,125,filterLoc,,
3660,128,filterLoc,,
3660,131,filterLoc,,
3660,134,filterLoc,,;Evacuee;422;in triage category;G;is entering helicopter;2
3660,137,filterLoc,,;Evacuee;409;in triage category;G;is entering helicopter;2
3660,140,filterLoc,,;Evacuee;408;in triage category;G;is entering helicopter;2
3660,143,filterLoc,,;Evacuee;406;in triage category;G;is entering helicopter;2
3660,146,filterLoc,,;Evacuee;404;in triage category;G;is entering helicopter;2
3660,149,filterLoc,,
3660,152,filterLoc,,
3660,155,filterLoc,,
3660,158,filterLoc,,
3660,161,filterLoc,,
3660,164,filterLoc,,
3660,167,filterLoc,,
3660,170,filterLoc,,
3660,173,filterLoc,,
3660,176,filterLoc,,
3660,179,filterLoc,,
3660,182,filterLoc,,
3660,185,filterLoc,,
3660,188,filterLoc,,
3660,191,filterLoc,,
3660,194,filterLoc,,
3660,197,filterLoc,,
3660,200,filterLoc,,
3660,203,filterLoc,,
3660,206,filterLoc,,
3660,209,filterLoc,,
3660,212,filterLoc,,
3660,215,filterLoc,,
3660,218,filterLoc,,
3660,221,filterLoc,,
3660,225,filterLoc,,
3660,228,filterLoc,,
3660,231,filterLoc,,
3660,234,filterLoc,,
3660,237,filterLoc,,
3660,240,filterLoc,,
3660,243,filterLoc,,
3660,246,filterLoc,,
3660,249,filterLoc,,
3660,252,filterLoc,,
3660,255,filterLoc,,
3660,258,filterLoc,,
3660,261,filterLoc,,
3660,264,filterLoc,,
3660,267,filterLoc,,
3660,270,filterLoc,,
3660,273,filterLoc,,
3660,276,filterLoc,,
3660,279,filterLoc,,
3660,282,filterLoc,,
3660,285,filterLoc,,
3660,288,filterLoc,,
3660,291,filterLoc,,
3660,294,filterLoc,,;Evacuee;410;in triage category;G;is entering helicopter;2
3660,297,filterLoc,,
3660,300,filterLoc,,
3660,303,filterLoc,,
3660,306,filterLoc,,
3660,309,filterLoc,,
3660,312,filterLoc,,
3660,315,filterLoc,,
3660,318,filterLoc,,
3660,321,filterLoc,,
3660,324,filterLoc,,
3660,327,filterLoc,,
3660,330,filterLoc,,
3660,333,filterLoc,,
3660,336,filterLoc,,
3660,339,filterLoc,,
3660,342,filterLoc,,
3660,345,filterLoc,,
3660,348,filterLoc,,
3660,351,filterLoc,,
3660,354,filterLoc,,
3660,357,filterLoc,,
3660,360,filterLoc,,
3660,363,filterLoc,,
3660,366,filterLoc,,
3660,369,filterLoc,,
3660,372,filterLoc,,
3660,375,filterLoc,,
3660,378,filterLoc,,
3660,381,filterLoc,,
3660,384,filterLoc,,
3660,387,filterLoc,,
3660,390,filterLoc,,
3660,393,filterLoc,,
3660,396,filterLoc,,
3660,399,filterLoc,,
3660,402,filterLoc,,
3660,405,filterLoc,,
3660,408,filterLoc,,
3660,411,filterLoc,,
3660,414,filterLoc,,
3660,417,filterLoc,,
3660,420,filterLoc,,
3660,423,filterLoc,,
3660,426,filterLoc,,
3660,429,filterLoc,,
3660,432,filterLoc,,
3660,435,filterLoc,,
3660,438,filterLoc,,
3660,441,filterLoc,,
3660,444,filterLoc,,
3660,447,filterLoc,,
3660,450,filterLoc,,
3660,453,filterLoc,,
3660,456,filterLoc,,
3660,459,filterLoc,,
3660,462,filterLoc,,
3660,465,filterLoc,,
3660,468,filterLoc,,
3660,471,filterLoc,,
3660,474,filterLoc,,
3660,477,filterLoc,,
3660,480,filterLoc,,
3660,483,filterLoc,,
3660,486,filterLoc,,
3660,489,filterLoc,,
3660,492,filterLoc,,
3660,495,filterLoc,,
3660,498,filterLoc,,
3660,501,filterLoc,,
3660,504,filterLoc,,
3660,507,filterLoc,,
3660,510,filterLoc,,
3660,513,filterLoc,,
3660,516,filterLoc,,
3660,519,filterLoc,,
3660,522,filterLoc,,
3660,525,filterLoc,,
3660,528,filterLoc,,
3660,531,filterLoc,,
3660,534,filterLoc,,
3660,537,filterLoc,,
3660,540,filterLoc,,
3660,543,filterLoc,,
3660,546,filterLoc,,
3660,549,filterLoc,,
3660,552,filterLoc,,
3660,555,filterLoc,,
3660,558,filterLoc,,
3660,561,filterLoc,,
3660,564,filterLoc,,
3660,567,filterLoc,,
3660,570,filterLoc,,
3660,573,filterLoc,,
3660,576,filterLoc,,
3660,579,filterLoc,,
3660,582,filterLoc,,
3660,585,filterLoc,,
3660,588,filterLoc,,
3660,591,filterLoc,,
3660,594,filterLoc,,
3660,597,filterLoc,,
3660,600,filterLoc,,
3660,603,filterLoc,,
3660,606,filterLoc,,
3660,609,filterLoc,,
3660,612,filterLoc,,
3660,615,filterLoc,,
3660,618,filterLoc,,
3660,621,filterLoc,,
3660,624,filterLoc,,
3660,627,filterLoc,,
3660,630,filterLoc,,
3660,633,filterLoc,,
3660,636,filterLoc,,
3660,639,filterLoc,,
3660,642,filterLoc,,
3660,645,filterLoc,,
3660,648,filterLoc,,
3660,651,filterLoc,,
3660,654,filterLoc,,
3660,657,filterLoc,,
3660,660,filterLoc,,
3660,663,filterLoc,,
3660,666,filterLoc,,
3660,669,filterLoc,,
3660,672,filterLoc,,
3660,675,filterLoc,,
3660,678,filterLoc,,
3660,681,filterLoc,,
3660,684,filterLoc,,
3660,687,filterLoc,,
3660,690,filterLoc,,
3660,693,filterLoc,,
3660,696,filterLoc,,
3660,699,filterLoc,,
3660,702,filterLoc,,
3660,705,filterLoc,,
3660,708,filterLoc,,
3660,711,filterLoc,,
3660,714,filterLoc,,
3660,717,filterLoc,,
3660,720,filterLoc,,
3660,723,filterLoc,,
3660,726,filterLoc,,
3660,729,filterLoc,,
3660,732,filterLoc,,
3660,735,filterLoc,,
3660,738,filterLoc,,
3660,741,filterLoc,,
3660,744,filterLoc,,
3660,747,filterLoc,,
3660,750,filterLoc,,
3660,753,filterLoc,,
3660,756,filterLoc,,
3660,759,filterLoc,,
3660,762,filterLoc,,
3660,765,filterLoc,,
3660,768,filterLoc,,
3660,771,filterLoc,,
3660,774,filterLoc,,
3660,777,filterLoc,,
3660,780,filterLoc,,
3660,783,filterLoc,,
3660,786,filterLoc,,
3660,789,filterLoc,,
3660,792,filterLoc,,
3660,795,filterLoc,,
3660,798,filterLoc,,
3660,801,filterLoc,,
3660,804,filterLoc,,
3660,807,filterLoc,,
3660,810,filterLoc,,
3660,813,filterLoc,,
3660,816,filterLoc,,
3660,819,filterLoc,,
3660,822,filterLoc,,
3660,825,filterLoc,,
3660,828,filterLoc,,
3660,831,filterLoc,,
3660,834,filterLoc,,
3660,837,filterLoc,,
3660,840,filterLoc,,
3660,843,filterLoc,,
3660,846,filterLoc,,
3660,849,filterLoc,,
3660,852,filterLoc,,
3660,855,filterLoc,,
3660,858,filterLoc,,
3660,861,filterLoc,,
3660,864,filterLoc,,
3660,867,filterLoc,,
3660,870,filterLoc,,
3660,873,filterLoc,,
3660,876,filterLoc,,
3660,879,filterLoc,,
3660,882,filterLoc,,
3660,885,filterLoc,,
3660,888,filterLoc,,
3660,891,filterLoc,,
3660,894,filterLoc,,
3660,897,filterLoc,,
3660,900,filterLoc,,
3660,903,filterLoc,,
3660,906,filterLoc,,
3660,909,filterLoc,,
3660,912,filterLoc,,
3660,915,filterLoc,,
3660,918,filterLoc,,
3660,921,filterLoc,,
3660,924,filterLoc,,;Evacuee;407;in triage category;G;is entering helicopter;2
3660,927,filterLoc,,
3660,930,filterLoc,,
3660,933,filterLoc,,
3660,936,filterLoc,,
3660,939,filterLoc,,
3660,942,filterLoc,,
3660,945,filterLoc,,
3660,948,filterLoc,,
3660,951,filterLoc,,
3660,954,filterLoc,,
3660,957,filterLoc,,
3660,960,filterLoc,,
3660,963,filterLoc,,
3660,966,filterLoc,,
3660,969,filterLoc,,
3660,972,filterLoc,,
3660,975,filterLoc,,
3660,978,filterLoc,,
3660,981,filterLoc,,
3660,984,filterLoc,,
3660,987,filterLoc,,;Evacuee;421;in triage category;G;is entering helicopter;2
3660,990,filterLoc,,;Evacuee;405;in triage category;G;is entering helicopter;2
3660,993,filterLoc,,
3660,996,filterLoc,,
3660,999,filterLoc,,
3660,1002,filterLoc,,
3660,1005,filterLoc,,
3660,1008,filterLoc,,
3660,1011,filterLoc,,
3660,1014,filterLoc,,
3660,1017,filterLoc,,
3660,1020,filterLoc,,
3660,1023,filterLoc,,
3660,1026,filterLoc,,
3660,1029,filterLoc,,
3660,1032,filterLoc,,
3660,1035,filterLoc,,
3660,1038,filterLoc,,
3660,1041,filterLoc,,
3660,1044,filterLoc,,
3660,1047,filterLoc,,
3660,1050,filterLoc,,
3660,1053,filterLoc,,
3660,1056,filterLoc,,
3660,1059,filterLoc,,
3660,1062,filterLoc,,
3660,1065,filterLoc,,
3660,1068,filterLoc,,
3660,1071,filterLoc,,
3660,1074,filterLoc,,
3660,1077,filterLoc,,
3660,1080,filterLoc,,
3660,1083,filterLoc,,
3660,1086,filterLoc,,
3660,1089,filterLoc,,
3660,1092,filterLoc,,
3660,1095,filterLoc,,
3660,1098,filterLoc,,
3660,1101,filterLoc,,
3660,1104,filterLoc,,
3660,1107,filterLoc,,
3660,1110,filterLoc,,
3660,1113,filterLoc,,
3660,1116,filterLoc,,
3660,1121,helicopter,,Helicopter;2;is loading people at the evacuation site;;and has;0;spots taken
3660,1123,filterLoc,,
3660,1126,filterLoc,,
3660,1129,filterLoc,,
3660,1132,filterLoc,,
3660,1135,filterLoc,,
3660,1138,filterLoc,,
3660,1141,filterLoc,,
3660,1144,filterLoc,,
3660,1147,filterLoc,,
3660,1150,filterLoc,,
3660,1153,filterLoc,,
3660,1156,filterLoc,,
3660,1163,filterLoc,,
3660,1166,filterLoc,,
3660,1169,filterLoc,,
3660,1172,filterLoc,,
3660,1175,filterLoc,,
3660,1178,filterLoc,,
3660,1181,filterLoc,,
3660,1184,filterLoc,,
3660,1187,filterLoc,,
3660,1190,filterLoc,,
3660,1193,filterLoc,,
3660,1196,filterLoc,,
3660,1199,filterLoc,,
3660,1202,filterLoc,,
3660,1205,filterLoc,,
3660,1208,filterLoc,,
3660,1211,filterLoc,,
3660,1214,filterLoc,,
3660,1217,filterLoc,,
3660,1220,filterLoc,,
3660,1223,filterLoc,,
3660,1226,filterLoc,,
3660,1229,filterLoc,,
3660,1232,filterLoc,,
3660,1235,filterLoc,,
3660,1238,filterLoc,,
3660,1241,filterLoc,,
3660,1244,filterLoc,,
3660,1247,filterLoc,,
3660,1250,filterLoc,,
3660,1253,filterLoc,,
3660,1256,filterLoc,,
3660,1259,filterLoc,,
3660,1262,filterLoc,,
3660,1265,filterLoc,,
3660,1268,filterLoc,,
3660,1271,filterLoc,,
3660,1274,filterLoc,,
3660,1277,filterLoc,,
3660,1280,filterLoc,,
3660,1283,filterLoc,,
3660,1286,filterLoc,,
3660,1289,filterLoc,,
3660,1292,filterLoc,,
3660,1295,filterLoc,,
3660,1298,filterLoc,,
3660,1301,filterLoc,,
3660,1304,filterLoc,,
3660,1307,filterLoc,,
3660,1310,filterLoc,,
3660,1313,filterLoc,,
3660,1316,filterLoc,,
3660,1319,filterLoc,,
3660,1322,filterLoc,,
3660,1325,filterLoc,,
3660,1328,filterLoc,,
3660,1331,filterLoc,,
3660,1334,filterLoc,,;Evacuee;417;in triage category;G;is entering helicopter;2
3660,1337,filterLoc,,
3660,1340,filterLoc,,
3660,1343,filterLoc,,
3660,1346,filterLoc,,
3660,1349,filterLoc,,
3660,1352,filterLoc,,
3660,1355,filterLoc,,
3660,1358,filterLoc,,
3660,1361,filterLoc,,
3660,1364,filterLoc,,
3660,1367,filterLoc,,
3660,1370,filterLoc,,
3660,1373,filterLoc,,
3660,1376,filterLoc,,
3660,1379,filterLoc,,
3660,1382,filterLoc,,
3660,1385,filterLoc,,
3660,1388,filterLoc,,
3660,1391,filterLoc,,
3660,1394,filterLoc,,
3660,1397,filterLoc,,
3660,1400,filterLoc,,
3660,1403,filterLoc,,
3660,1406,filterLoc,,
3660,1409,filterLoc,,
3660,1412,filterLoc,,
3660,1415,filterLoc,,
3660,1418,filterLoc,,
3660,1421,filterLoc,,
3660,1424,filterLoc,,
3660,1427,filterLoc,,
3660,1430,filterLoc,,
3660,1433,filterLoc,,
3660,1436,filterLoc,,
3660,1439,filterLoc,,
3660,1442,filterLoc,,
3660,1445,filterLoc,,
3660,1448,filterLoc,,
3660,1451,filterLoc,,
3660,1454,filterLoc,,
3660,1457,filterLoc,,
3660,1460,filterLoc,,
3660,1463,filterLoc,,
3660,1466,filterLoc,,
3660,1469,filterLoc,,
3660,1472,filterLoc,,
3660,1475,filterLoc,,
3660,1478,filterLoc,,
3660,1481,filterLoc,,
3660,1484,filterLoc,,
3660,1487,filterLoc,,
3660,1490,filterLoc,,
3660,1493,filterLoc,,
3660,1496,filterLoc,,
3660,1499,filterLoc,,
3660,1502,filterLoc,,
3660,1505,filterLoc,,
3660,1508,filterLoc,,
3660,1511,filterLoc,,
3660,1514,filterLoc,,
3660,1517,filterLoc,,
3660,134,filterLoc,out,Evacuee 422 in triage category G is assigned helicopter 2
3660,134,filterLoc,,
3660,135,evacuee,,Evacuee;422;in triage state;G;is entering helicopter;2
3660,137,filterLoc,out,Evacuee 409 in triage category G is assigned helicopter 2
3660,137,filterLoc,,
3660,138,evacuee,,Evacuee;409;in triage state;G;is entering helicopter;2
3660,140,filterLoc,out,Evacuee 408 in triage category G is assigned helicopter 2
3660,140,filterLoc,,
3660,141,evacuee,,Evacuee;408;in triage state;G;is entering helicopter;2
3660,143,filterLoc,out,Evacuee 406 in triage category G is assigned helicopter 2
3660,143,filterLoc,,
3660,144,evacuee,,Evacuee;406;in triage state;G;is entering helicopter;2
3660,146,filterLoc,out,Evacuee 404 in triage category G is assigned helicopter 2
3660,146,filterLoc,,
3660,147,evacuee,,Evacuee;404;in triage state;G;is entering helicopter;2
3660,294,filterLoc,out,Evacuee 410 in triage category G is assigned helicopter 2
3660,294,filterLoc,,
3660,295,evacuee,,Evacuee;410;in triage state;G;is entering helicopter;2
3660,924,filterLoc,out,Evacuee 407 in triage category G is assigned helicopter 2
3660,924,filterLoc,,
3660,925,evacuee,,Evacuee;407;in triage state;G;is entering helicopter;2
3660,987,filterLoc,out,Evacuee 421 in triage category G is assigned helicopter 2
3660,987,filterLoc,,
3660,988,evacuee,,Evacuee;421;in triage state;G;is entering helicopter;2
3660,990,filterLoc,out,Evacuee 405 in triage category G is assigned helicopter 2
3660,990,filterLoc,,
3660,991,evacuee,,Evacuee;405;in triage state;G;is entering helicopter;2
3660,1334,filterLoc,out,Evacuee 417 in triage category G is assigned helicopter 2
3660,1334,filterLoc,,
3660,1335,evacuee,,Evacuee;417;in triage state;G;is entering helicopter;2
3660,103,filterEvac,,
3660,135,evacuee,outHelo,Evacuee 422 in triage category G is assigned helicopter 2
3660,135,evacuee,,Evacuee;422;in triage state;G;is in helicopter;2
3660,138,evacuee,outHelo,Evacuee 409 in triage category G is assigned helicopter 2
3660,138,evacuee,,Evacuee;409;in triage state;G;is in helicopter;2
3660,141,evacuee,outHelo,Evacuee 408 in triage category G is assigned helicopter 2
3660,141,evacuee,,Evacuee;408;in triage state;G;is in helicopter;2
3660,144,evacuee,outHelo,Evacuee 406 in triage category G is assigned helicopter 2
3660,144,evacuee,,Evacuee;406;in triage state;G;is in helicopter;2
3660,147,evacuee,outHelo,Evacuee 404 in triage category G is assigned helicopter 2
3660,147,evacuee,,Evacuee;404;in triage state;G;is in helicopter;2
3660,295,evacuee,outHelo,Evacuee 410 in triage category G is assigned helicopter 2
3660,295,evacuee,,Evacuee;410;in triage state;G;is in helicopter;2
3660,925,evacuee,outHelo,Evacuee 407 in triage category G is assigned helicopter 2
3660,925,evacuee,,Evacuee;407;in triage state;G;is in helicopter;2
3660,988,evacuee,outHelo,Evacuee 421 in triage category G is assigned helicopter 2
3660,988,evacuee,,Evacuee;421;in triage state;G;is in helicopter;2
3660,991,evacuee,outHelo,Evacuee 405 in triage category G is assigned helicopter 2
3660,991,evacuee,,Evacuee;405;in triage state;G;is in helicopter;2
3660,1119,filterEvac,,;Evacuee;404;in triage category;G;is entering helicopter;2;Evacuee;405;in triage category;G;is entering helicopter;2;Evacuee;406;in triage category;G;is entering helicopter;2;Evacuee;407;in triage category;G;is entering helicopter;2;Evacuee;408;in triage category;G;is entering helicopter;2;Evacuee;409;in triage category;G;is entering helicopter;2;Evacuee;410;in triage category;G;is entering helicopter;2;Evacuee;417;in triage category;G;is entering helicopter;2;Evacuee;421;in triage category;G;is entering helicopter;2;Evacuee;422;in triage category;G;is entering helicopter;2
3660,1159,filterEvac,,
3660,1335,evacuee,outHelo,Evacuee 417 in triage category G is assigned helicopter 2
3660,1335,evacuee,,Evacuee;417;in triage state;G;is in helicopter;2
3660,1119,filterEvac,out,Evacuee 404 in triage category G is assigned helicopter 2
3660,1119,filterEvac,out,Evacuee 405 in triage category G is assigned helicopter 2
3660,1119,filterEvac,out,Evacuee 406 in triage category G is assigned helicopter 2
3660,1119,filterEvac,out,Evacuee 407 in triage category G is assigned helicopter 2
3660,1119,filterEvac,out,Evacuee 408 in triage category G is assigned helicopter 2
3660,1119,filterEvac,out,Evacuee 409 in triage category G is assigned helicopter 2
3660,1119,filterEvac,out,Evacuee 410 in triage category G is assigned helicopter 2
3660,1119,filterEvac,out,Evacuee 417 in triage category G is assigned helicopter 2
3660,1119,filterEvac,out,Evacuee 421 in triage category G is assigned helicopter 2
3660,1119,filterEvac,out,Evacuee 422 in triage category G is assigned helicopter 2
3660,1119,filterEvac,,
3660,1121,helicopter,,Helicopter;2;is loading people at the evacuation site;;and has;10;spots taken
3665.99,3,evacueeManager,,OFF SHIP: White;0;Green;11;Yellow;15;Red;2;Black;332;ON SHIP: White;0;Green;0;Yellow;0;Red;0;Evacuees to Transfer;
3665.99,1188,evacuee,outES,Evacuee 308 in triage category R is not assigned a helicopter
3665.99,1188,evacuee,,Evacuee;308;in triage state;B;is at the evacuation site
3675,4,helipadManager,outHelo,Helicopter 2 is evacuating people2
3675,4,helipadManager,,;No helos are at ES
3675,104,filterES,,
3675,1120,filterES,,Helicopter;2;is evacuating people
3675,1160,filterES,,
3675,4,helipadManager,outHQ,0
3675,4,helipadManager,,;No helos are at ES
3675,5,helicopterQueue,,;No helos are waiting to land
3675,1120,filterES,out,Helicopter 2 is evacuating people2
3675,1120,filterES,,
3675,1121,helicopter,,Helicopter;2;is loading people at the evacuation site;;and has;10;spots taken
3675,5,helicopterQueue,,;No helos are waiting to land
3675,1121,helicopter,,Helicopter;2;is returning to the FOL;;and has;10;spots taken
3690,7,filterLoc,,
3690,10,filterLoc,,
3690,13,filterLoc,,
3690,16,filterLoc,,
3690,19,filterLoc,,
3690,22,filterLoc,,
3690,25,filterLoc,,
3690,28,filterLoc,,
3690,31,filterLoc,,
3690,34,filterLoc,,
3690,37,filterLoc,,
3690,40,filterLoc,,
3690,43,filterLoc,,
3690,46,filterLoc,,
3690,49,filterLoc,,
3690,52,filterLoc,,
3690,55,filterLoc,,
3690,58,filterLoc,,
3690,61,filterLoc,,
3690,64,filterLoc,,
3690,67,filterLoc,,
3690,70,filterLoc,,
3690,73,filterLoc,,
3690,76,filterLoc,,
3690,79,filterLoc,,
3690,82,filterLoc,,
3690,85,filterLoc,,
3690,88,filterLoc,,
3690,91,filterLoc,,
3690,94,filterLoc,,
3690,97,filterLoc,,
3690,100,filterLoc,,
3690,107,filterLoc,,
3690,110,filterLoc,,
3690,113,filterLoc,,
3690,116,filterLoc,,
3690,119,filterLoc,,
3690,122,filterLoc,,
3690,125,filterLoc,,
3690,128,filterLoc,,
3690,131,filterLoc,,
3690,134,filterLoc,,
3690,137,filterLoc,,
3690,140,filterLoc,,
3690,143,filterLoc,,
3690,146,filterLoc,,
3690,149,filterLoc,,;Evacuee;403;in triage category;G;is leaving helicopter;1
3690,152,filterLoc,,
3690,155,filterLoc,,
3690,158,filterLoc,,
3690,161,filterLoc,,
3690,164,filterLoc,,
3690,167,filterLoc,,
3690,170,filterLoc,,
3690,173,filterLoc,,
3690,176,filterLoc,,
3690,179,filterLoc,,
3690,182,filterLoc,,
3690,185,filterLoc,,
3690,188,filterLoc,,
3690,191,filterLoc,,
3690,194,filterLoc,,
3690,197,filterLoc,,
3690,200,filterLoc,,
3690,203,filterLoc,,;Evacuee;379;in triage category;G;is leaving helicopter;1
3690,206,filterLoc,,;Evacuee;378;in triage category;G;is leaving helicopter;1
3690,209,filterLoc,,;Evacuee;377;in triage category;G;is leaving helicopter;1
3690,212,filterLoc,,;Evacuee;375;in triage category;G;is leaving helicopter;1
3690,215,filterLoc,,;Evacuee;374;in triage category;G;is leaving helicopter;1
3690,218,filterLoc,,;Evacuee;372;in triage category;G;is leaving helicopter;1
3690,221,filterLoc,,;Evacuee;371;in triage category;G;is leaving helicopter;1
3690,225,filterLoc,,
3690,228,filterLoc,,
3690,231,filterLoc,,
3690,234,filterLoc,,
3690,237,filterLoc,,
3690,240,filterLoc,,
3690,243,filterLoc,,
3690,246,filterLoc,,
3690,249,filterLoc,,
3690,252,filterLoc,,
3690,255,filterLoc,,
3690,258,filterLoc,,
3690,261,filterLoc,,
3690,264,filterLoc,,
3690,267,filterLoc,,
3690,270,filterLoc,,
3690,273,filterLoc,,
3690,276,filterLoc,,
3690,279,filterLoc,,
3690,282,filterLoc,,
3690,285,filterLoc,,
3690,288,filterLoc,,
3690,291,filterLoc,,
3690,294,filterLoc,,
3690,297,filterLoc,,
3690,300,filterLoc,,
3690,303,filterLoc,,
3690,306,filterLoc,,
3690,309,filterLoc,,
3690,312,filterLoc,,
3690,315,filterLoc,,
3690,318,filterLoc,,
3690,321,filterLoc,,
3690,324,filterLoc,,
3690,327,filterLoc,,
3690,330,filterLoc,,
3690,333,filterLoc,,
3690,336,filterLoc,,
3690,339,filterLoc,,
3690,342,filterLoc,,
3690,345,filterLoc,,
3690,348,filterLoc,,
3690,351,filterLoc,,
3690,354,filterLoc,,
3690,357,filterLoc,,
3690,360,filterLoc,,
3690,363,filterLoc,,
3690,366,filterLoc,,
3690,369,filterLoc,,
3690,372,filterLoc,,
3690,375,filterLoc,,
3690,378,filterLoc,,
3690,381,filterLoc,,
3690,384,filterLoc,,
3690,387,filterLoc,,
3690,390,filterLoc,,
3690,393,filterLoc,,
3690,396,filterLoc,,
3690,399,filterLoc,,
3690,402,filterLoc,,
3690,405,filterLoc,,
3690,408,filterLoc,,
3690,411,filterLoc,,
3690,414,filterLoc,,
3690,417,filterLoc,,
3690,420,filterLoc,,
3690,423,filterLoc,,
3690,426,filterLoc,,
3690,429,filterLoc,,
3690,432,filterLoc,,
3690,435,filterLoc,,
3690,438,filterLoc,,
3690,441,filterLoc,,
3690,444,filterLoc,,
3690,447,filterLoc,,
3690,450,filterLoc,,
3690,453,filterLoc,,
3690,456,filterLoc,,
3690,459,filterLoc,,
3690,462,filterLoc,,
3690,465,filterLoc,,
3690,468,filterLoc,,
3690,471,filterLoc,,
3690,474,filterLoc,,
3690,477,filterLoc,,
3690,480,filterLoc,,
3690,483,filterLoc,,
3690,486,filterLoc,,
3690,489,filterLoc,,
3690,492,filterLoc,,
3690,495,filterLoc,,
3690,498,filterLoc,,
3690,501,filterLoc,,
3690,504,filterLoc,,
3690,507,filterLoc,,
3690,510,filterLoc,,
3690,513,filterLoc,,
3690,516,filterLoc,,
3690,519,filterLoc,,
3690,522,filterLoc,,
3690,525,filterLoc,,
3690,528,filterLoc,,
3690,531,filterLoc,,
3690,534,filterLoc,,
3690,537,filterLoc,,
3690,540,filterLoc,,
3690,543,filterLoc,,
3690,546,filterLoc,,
3690,549,filterLoc,,
3690,552,filterLoc,,
3690,555,filterLoc,,
3690,558,filterLoc,,
3690,561,filterLoc,,
3690,564,filterLoc,,
3690,567,filterLoc,,
3690,570,filterLoc,,
3690,573,filterLoc,,
3690,576,filterLoc,,
3690,579,filterLoc,,
3690,582,filterLoc,,
3690,585,filterLoc,,
3690,588,filterLoc,,
3690,591,filterLoc,,
3690,594,filterLoc,,
3690,597,filterLoc,,
3690,600,filterLoc,,
3690,603,filterLoc,,
3690,606,filterLoc,,
3690,609,filterLoc,,
3690,612,filterLoc,,
3690,615,filterLoc,,
3690,618,filterLoc,,
3690,621,filterLoc,,
3690,624,filterLoc,,
3690,627,filterLoc,,
3690,630,filterLoc,,
3690,633,filterLoc,,
3690,636,filterLoc,,
3690,639,filterLoc,,
3690,642,filterLoc,,
3690,645,filterLoc,,
3690,648,filterLoc,,
3690,651,filterLoc,,
3690,654,filterLoc,,
3690,657,filterLoc,,
3690,660,filterLoc,,
3690,663,filterLoc,,
3690,666,filterLoc,,
3690,669,filterLoc,,
3690,672,filterLoc,,
3690,675,filterLoc,,
3690,678,filterLoc,,
3690,681,filterLoc,,
3690,684,filterLoc,,
3690,687,filterLoc,,
3690,690,filterLoc,,
3690,693,filterLoc,,
3690,696,filterLoc,,
3690,699,filterLoc,,
3690,702,filterLoc,,
3690,705,filterLoc,,
3690,708,filterLoc,,
3690,711,filterLoc,,
3690,714,filterLoc,,
3690,717,filterLoc,,
3690,720,filterLoc,,
3690,723,filterLoc,,
3690,726,filterLoc,,
3690,729,filterLoc,,
3690,732,filterLoc,,
3690,735,filterLoc,,
3690,738,filterLoc,,
3690,741,filterLoc,,
3690,744,filterLoc,,
3690,747,filterLoc,,
3690,750,filterLoc,,
3690,753,filterLoc,,
3690,756,filterLoc,,
3690,759,filterLoc,,
3690,762,filterLoc,,
3690,765,filterLoc,,
3690,768,filterLoc,,
3690,771,filterLoc,,
3690,774,filterLoc,,
3690,777,filterLoc,,
3690,780,filterLoc,,
3690,783,filterLoc,,
3690,786,filterLoc,,
3690,789,filterLoc,,
3690,792,filterLoc,,
3690,795,filterLoc,,
3690,798,filterLoc,,
3690,801,filterLoc,,
3690,804,filterLoc,,
3690,807,filterLoc,,
3690,810,filterLoc,,
3690,813,filterLoc,,
3690,816,filterLoc,,
3690,819,filterLoc,,
3690,822,filterLoc,,
3690,825,filterLoc,,
3690,828,filterLoc,,
3690,831,filterLoc,,
3690,834,filterLoc,,
3690,837,filterLoc,,
3690,840,filterLoc,,
3690,843,filterLoc,,
3690,846,filterLoc,,;Evacuee;394;in triage category;G;is leaving helicopter;1
3690,849,filterLoc,,
3690,852,filterLoc,,
3690,855,filterLoc,,
3690,858,filterLoc,,
3690,861,filterLoc,,
3690,864,filterLoc,,
3690,867,filterLoc,,
3690,870,filterLoc,,
3690,873,filterLoc,,
3690,876,filterLoc,,
3690,879,filterLoc,,
3690,882,filterLoc,,
3690,885,filterLoc,,
3690,888,filterLoc,,
3690,891,filterLoc,,
3690,894,filterLoc,,
3690,897,filterLoc,,
3690,900,filterLoc,,
3690,903,filterLoc,,
3690,906,filterLoc,,
3690,909,filterLoc,,
3690,912,filterLoc,,
3690,915,filterLoc,,
3690,918,filterLoc,,
3690,921,filterLoc,,
3690,924,filterLoc,,
3690,927,filterLoc,,
3690,930,filterLoc,,
3690,933,filterLoc,,
3690,936,filterLoc,,
3690,939,filterLoc,,
3690,942,filterLoc,,
3690,945,filterLoc,,
3690,948,filterLoc,,
3690,951,filterLoc,,
3690,954,filterLoc,,
3690,957,filterLoc,,
3690,960,filterLoc,,
3690,963,filterLoc,,
3690,966,filterLoc,,
3690,969,filterLoc,,
3690,972,filterLoc,,
3690,975,filterLoc,,
3690,978,filterLoc,,
3690,981,filterLoc,,
3690,984,filterLoc,,
3690,987,filterLoc,,
3690,990,filterLoc,,
3690,993,filterLoc,,
3690,996,filterLoc,,
3690,999,filterLoc,,
3690,1002,filterLoc,,
3690,1005,filterLoc,,
3690,1008,filterLoc,,
3690,1011,filterLoc,,
3690,1014,filterLoc,,
3690,1017,filterLoc,,
3690,1020,filterLoc,,
3690,1023,filterLoc,,
3690,1026,filterLoc,,
3690,1029,filterLoc,,
3690,1032,filterLoc,,
3690,1035,filterLoc,,
3690,1038,filterLoc,,
3690,1041,filterLoc,,
3690,1044,filterLoc,,
3690,1047,filterLoc,,
3690,1050,filterLoc,,
3690,1053,filterLoc,,
3690,1056,filterLoc,,
3690,1059,filterLoc,,
3690,1062,filterLoc,,
3690,1065,filterLoc,,
3690,1068,filterLoc,,
3690,1071,filterLoc,,
3690,1074,filterLoc,,
3690,1077,filterLoc,,
3690,1080,filterLoc,,
3690,1083,filterLoc,,
3690,1086,filterLoc,,
3690,1089,filterLoc,,
3690,1092,filterLoc,,
3690,1095,filterLoc,,
3690,1098,filterLoc,,
3690,1101,filterLoc,,
3690,1104,filterLoc,,
3690,1107,filterLoc,,
3690,1110,filterLoc,,
3690,1113,filterLoc,,
3690,1116,filterLoc,,
3690,1123,filterLoc,,
3690,1126,filterLoc,,
3690,1129,filterLoc,,
3690,1132,filterLoc,,
3690,1135,filterLoc,,
3690,1138,filterLoc,,;Evacuee;367;in triage category;G;is leaving helicopter;1
3690,1141,filterLoc,,
3690,1144,filterLoc,,
3690,1147,filterLoc,,
3690,1150,filterLoc,,
3690,1153,filterLoc,,
3690,1156,filterLoc,,
3690,1161,helicopter,outEvac,Evacuee 367 in triage category G is not assigned a helicopter
3690,1161,helicopter,outEvac,Evacuee 371 in triage category G is not assigned a helicopter
3690,1161,helicopter,outEvac,Evacuee 372 in triage category G is not assigned a helicopter
3690,1161,helicopter,outEvac,Evacuee 374 in triage category G is not assigned a helicopter
3690,1161,helicopter,outEvac,Evacuee 375 in triage category G is not assigned a helicopter
3690,1161,helicopter,outEvac,Evacuee 377 in triage category G is not assigned a helicopter
3690,1161,helicopter,outEvac,Evacuee 378 in triage category G is not assigned a helicopter
3690,1161,helicopter,outEvac,Evacuee 379 in triage category G is not assigned a helicopter
3690,1161,helicopter,outEvac,Evacuee 394 in triage category G is not assigned a helicopter
3690,1161,helicopter,outEvac,Evacuee 403 in triage category G is not assigned a helicopter
3690,1161,helicopter,,Helicopter;1;is unloading people at the FOL;;and has;0;spots taken
3690,1163,filterLoc,,
3690,1166,filterLoc,,
3690,1169,filterLoc,,
3690,1172,filterLoc,,
3690,1175,filterLoc,,
3690,1178,filterLoc,,
3690,1181,filterLoc,,
3690,1184,filterLoc,,
3690,1187,filterLoc,,
3690,1190,filterLoc,,
3690,1193,filterLoc,,
3690,1196,filterLoc,,
3690,1199,filterLoc,,
3690,1202,filterLoc,,
3690,1205,filterLoc,,
3690,1208,filterLoc,,
3690,1211,filterLoc,,
3690,1214,filterLoc,,
3690,1217,filterLoc,,
3690,1220,filterLoc,,
3690,1223,filterLoc,,
3690,1226,filterLoc,,
3690,1229,filterLoc,,
3690,1232,filterLoc,,
3690,1235,filterLoc,,
3690,1238,filterLoc,,
3690,1241,filterLoc,,
3690,1244,filterLoc,,
3690,1247,filterLoc,,
3690,1250,filterLoc,,
3690,1253,filterLoc,,
3690,1256,filterLoc,,
3690,1259,filterLoc,,
3690,1262,filterLoc,,
3690,1265,filterLoc,,
3690,1268,filterLoc,,
3690,1271,filterLoc,,
3690,1274,filterLoc,,
3690,1277,filterLoc,,
3690,1280,filterLoc,,
3690,1283,filterLoc,,
3690,1286,filterLoc,,
3690,1289,filterLoc,,
3690,1292,filterLoc,,
3690,1295,filterLoc,,
3690,1298,filterLoc,,
3690,1301,filterLoc,,
3690,1304,filterLoc,,
3690,1307,filterLoc,,
3690,1310,filterLoc,,
3690,1313,filterLoc,,
3690,1316,filterLoc,,
3690,1319,filterLoc,,
3690,1322,filterLoc,,
3690,1325,filterLoc,,
3690,1328,filterLoc,,
3690,1331,filterLoc,,
3690,1334,filterLoc,,
3690,1337,filterLoc,,
3690,1340,filterLoc,,
3690,1343,filterLoc,,
3690,1346,filterLoc,,
3690,1349,filterLoc,,
3690,1352,filterLoc,,
3690,1355,filterLoc,,
3690,1358,filterLoc,,
3690,1361,filterLoc,,
3690,1364,filterLoc,,
3690,1367,filterLoc,,
3690,1370,filterLoc,,
3690,1373,filterLoc,,
3690,1376,filterLoc,,
3690,1379,filterLoc,,
3690,1382,filterLoc,,
3690,1385,filterLoc,,
3690,1388,filterLoc,,
3690,1391,filterLoc,,
3690,1394,filterLoc,,
3690,1397,filterLoc,,
3690,1400,filterLoc,,
3690,1403,filterLoc,,
3690,1406,filterLoc,,
3690,1409,filterLoc,,
3690,1412,filterLoc,,
3690,1415,filterLoc,,
3690,1418,filterLoc,,
3690,1421,filterLoc,,
3690,1424,filterLoc,,
3690,1427,filterLoc,,
3690,1430,filterLoc,,
3690,1433,filterLoc,,
3690,1436,filterLoc,,
3690,1439,filterLoc,,
3690,1442,filterLoc,,
3690,1445,filterLoc,,
3690,1448,filterLoc,,
3690,1451,filterLoc,,
3690,1454,filterLoc,,
3690,1457,filterLoc,,
3690,1460,filterLoc,,
3690,1463,filterLoc,,
3690,1466,filterLoc,,
3690,1469,filterLoc,,
3690,1472,filterLoc,,
3690,1475,filterLoc,,
3690,1478,filterLoc,,
3690,1481,filterLoc,,
3690,1484,filterLoc,,
3690,1487,filterLoc,,
3690,1490,filterLoc,,
3690,1493,filterLoc,,
3690,1496,filterLoc,,
3690,1499,filterLoc,,
3690,1502,filterLoc,,
3690,1505,filterLoc,,
3690,1508,filterLoc,,
3690,1511,filterLoc,,
3690,1514,filterLoc,,
3690,1517,filterLoc,,
3690,149,filterLoc,out,Evacuee 403 in triage category G is not assigned a helicopter
3690,149,filterLoc,,
3690,150,evacuee,,Evacuee;403;in triage state;G;is entering the FOL
3690,203,filterLoc,out,Evacuee 379 in triage category G is not assigned a helicopter
3690,203,filterLoc,,
3690,204,evacuee,,Evacuee;379;in triage state;G;is entering the FOL
3690,206,filterLoc,out,Evacuee 378 in triage category G is not assigned a helicopter
3690,206,filterLoc,,
3690,207,evacuee,,Evacuee;378;in triage state;G;is entering the FOL
3690,209,filterLoc,out,Evacuee 377 in triage category G is not assigned a helicopter
3690,209,filterLoc,,
3690,210,evacuee,,Evacuee;377;in triage state;G;is entering the FOL
3690,212,filterLoc,out,Evacuee 375 in triage category G is not assigned a helicopter
3690,212,filterLoc,,
3690,213,evacuee,,Evacuee;375;in triage state;G;is entering the FOL
3690,215,filterLoc,out,Evacuee 374 in triage category G is not assigned a helicopter
3690,215,filterLoc,,
3690,216,evacuee,,Evacuee;374;in triage state;G;is entering the FOL
3690,218,filterLoc,out,Evacuee 372 in triage category G is not assigned a helicopter
3690,218,filterLoc,,
3690,219,evacuee,,Evacuee;372;in triage state;G;is entering the FOL
3690,221,filterLoc,out,Evacuee 371 in triage category G is not assigned a helicopter
3690,221,filterLoc,,
3690,222,evacuee,,Evacuee;371;in triage state;G;is entering the FOL
3690,846,filterLoc,out,Evacuee 394 in triage category G is not assigned a helicopter
3690,846,filterLoc,,
3690,847,evacuee,,Evacuee;394;in triage state;G;is entering the FOL
3690,1138,filterLoc,out,Evacuee 367 in triage category G is not assigned a helicopter
3690,1138,filterLoc,,
3690,1139,evacuee,,Evacuee;367;in triage state;G;is entering the FOL
3690,150,evacuee,outFOL,Evacuee 403 in triage category G is not assigned a helicopter
3690,150,evacuee,,Evacuee;403;in triage state;G;is at the FOL
3690,204,evacuee,outFOL,Evacuee 379 in triage category G is not assigned a helicopter
3690,204,evacuee,,Evacuee;379;in triage state;G;is at the FOL
3690,207,evacuee,outFOL,Evacuee 378 in triage category G is not assigned a helicopter
3690,207,evacuee,,Evacuee;378;in triage state;G;is at the FOL
3690,210,evacuee,outFOL,Evacuee 377 in triage category G is not assigned a helicopter
3690,210,evacuee,,Evacuee;377;in triage state;G;is at the FOL
3690,213,evacuee,outFOL,Evacuee 375 in triage category G is not assigned a helicopter
3690,213,evacuee,,Evacuee;375;in triage state;G;is at the FOL
3690,216,evacuee,outFOL,Evacuee 374 in triage category G is not assigned a helicopter
3690,216,evacuee,,Evacuee;374;in triage state;G;is at the FOL
3690,219,evacuee,outFOL,Evacuee 372 in triage category G is not assigned a helicopter
3690,219,evacuee,,Evacuee;372;in triage state;G;is at the FOL
3690,222,evacuee,outFOL,Evacuee 371 in triage category G is not assigned a helicopter
3690,222,evacuee,,Evacuee;371;in triage state;G;is at the FOL
3690,223,FOL,,;EvacueeID;3;Triage Status;G;EvacueeID;5;Triage Status;G;EvacueeID;6;Triage Status;G;EvacueeID;7;Triage Status;G;EvacueeID;8;Triage Status;G;EvacueeID;16;Triage Status;G;EvacueeID;20;Triage Status;G;EvacueeID;21;Triage Status;G;EvacueeID;27;Triage Status;G;EvacueeID;35;Triage Status;G;EvacueeID;36;Triage Status;G;EvacueeID;39;Triage Status;G;EvacueeID;41;Triage Status;G;EvacueeID;42;Triage Status;G;EvacueeID;47;Triage Status;G;EvacueeID;49;Triage Status;G;EvacueeID;51;Triage Status;G;EvacueeID;52;Triage Status;G;EvacueeID;56;Triage Status;G;EvacueeID;62;Triage Status;G;EvacueeID;63;Triage Status;G;EvacueeID;66;Triage Status;G;EvacueeID;68;Triage Status;G;EvacueeID;69;Triage Status;G;EvacueeID;70;Triage Status;G;EvacueeID;72;Triage Status;G;EvacueeID;79;Triage Status;G;EvacueeID;80;Triage Status;G;EvacueeID;84;Triage Status;G;EvacueeID;86;Triage Status;G;EvacueeID;87;Triage Status;G;EvacueeID;89;Triage Status;G;EvacueeID;94;Triage Status;G;EvacueeID;96;Triage Status;G;EvacueeID;97;Triage Status;G;EvacueeID;101;Triage Status;G;EvacueeID;103;Triage Status;G;EvacueeID;107;Triage Status;G;EvacueeID;110;Triage Status;G;EvacueeID;111;Triage Status;G;EvacueeID;113;Triage Status;G;EvacueeID;115;Triage Status;G;EvacueeID;118;Triage Status;G;EvacueeID;120;Triage Status;G;EvacueeID;124;Triage Status;G;EvacueeID;128;Triage Status;G;EvacueeID;130;Triage Status;G;EvacueeID;132;Triage Status;G;EvacueeID;133;Triage Status;G;EvacueeID;134;Triage Status;G;EvacueeID;135;Triage Status;G;EvacueeID;137;Triage Status;G;EvacueeID;138;Triage Status;G;EvacueeID;139;Triage Status;G;EvacueeID;140;Triage Status;G;EvacueeID;141;Triage Status;G;EvacueeID;143;Triage Status;G;EvacueeID;146;Triage Status;G;EvacueeID;154;Triage Status;G;EvacueeID;155;Triage Status;G;EvacueeID;157;Triage Status;G;EvacueeID;166;Triage Status;G;EvacueeID;167;Triage Status;G;EvacueeID;172;Triage Status;G;EvacueeID;173;Triage Status;G;EvacueeID;175;Triage Status;G;EvacueeID;178;Triage Status;G;EvacueeID;180;Triage Status;G;EvacueeID;186;Triage Status;G;EvacueeID;189;Triage Status;G;EvacueeID;191;Triage Status;G;EvacueeID;194;Triage Status;G;EvacueeID;196;Triage Status;G;EvacueeID;198;Triage Status;G;EvacueeID;199;Triage Status;G;EvacueeID;206;Triage Status;G;EvacueeID;207;Triage Status;G;EvacueeID;211;Triage Status;G;EvacueeID;217;Triage Status;G;EvacueeID;223;Triage Status;G;EvacueeID;228;Triage Status;G;EvacueeID;229;Triage Status;G;EvacueeID;237;Triage Status;G;EvacueeID;238;Triage Status;G;EvacueeID;239;Triage Status;G;EvacueeID;240;Triage Status;G;EvacueeID;242;Triage Status;G;EvacueeID;243;Triage Status;G;EvacueeID;245;Triage Status;G;EvacueeID;250;Triage Status;G;EvacueeID;253;Triage Status;G;EvacueeID;265;Triage Status;G;EvacueeID;269;Triage Status;G;EvacueeID;270;Triage Status;G;EvacueeID;272;Triage Status;G;EvacueeID;273;Triage Status;G;EvacueeID;274;Triage Status;G;EvacueeID;277;Triage Status;G;EvacueeID;285;Triage Status;G;EvacueeID;286;Triage Status;G;EvacueeID;293;Triage Status;G;EvacueeID;294;Triage Status;G;EvacueeID;295;Triage Status;G;EvacueeID;297;Triage Status;G;EvacueeID;301;Triage Status;G;EvacueeID;303;Triage Status;G;EvacueeID;304;Triage Status;G;EvacueeID;305;Triage Status;G;EvacueeID;306;Triage Status;G;EvacueeID;310;Triage Status;G;EvacueeID;314;Triage Status;G;EvacueeID;315;Triage Status;G;EvacueeID;327;Triage Status;G;EvacueeID;328;Triage Status;G;EvacueeID;330;Triage Status;G;EvacueeID;331;Triage Status;G;EvacueeID;335;Triage Status;G;EvacueeID;337;Triage Status;G;EvacueeID;352;Triage Status;G;EvacueeID;359;Triage Status;G;EvacueeID;367;Triage Status;G;EvacueeID;371;Triage Status;G;EvacueeID;372;Triage Status;G;EvacueeID;374;Triage Status;G;EvacueeID;375;Triage Status;G;EvacueeID;377;Triage Status;G;EvacueeID;378;Triage Status;G;EvacueeID;379;Triage Status;G;EvacueeID;394;Triage Status;G;EvacueeID;403;Triage Status;G;Lives Saved;130
3690,847,evacuee,outFOL,Evacuee 394 in triage category G is not assigned a helicopter
3690,847,evacuee,,Evacuee;394;in triage state;G;is at the FOL
3690,1139,evacuee,outFOL,Evacuee 367 in triage category G is not assigned a helicopter
3690,1139,evacuee,,Evacuee;367;in triage state;G;is at the FOL
3690,223,FOL,,;EvacueeID;3;Triage Status;G;EvacueeID;5;Triage Status;G;EvacueeID;6;Triage Status;G;EvacueeID;7;Triage Status;G;EvacueeID;8;Triage Status;G;EvacueeID;16;Triage Status;G;EvacueeID;20;Triage Status;G;EvacueeID;21;Triage Status;G;EvacueeID;27;Triage Status;G;EvacueeID;35;Triage Status;G;EvacueeID;36;Triage Status;G;EvacueeID;39;Triage Status;G;EvacueeID;41;Triage Status;G;EvacueeID;42;Triage Status;G;EvacueeID;47;Triage Status;G;EvacueeID;49;Triage Status;G;EvacueeID;51;Triage Status;G;EvacueeID;52;Triage Status;G;EvacueeID;56;Triage Status;G;EvacueeID;62;Triage Status;G;EvacueeID;63;Triage Status;G;EvacueeID;66;Triage Status;G;EvacueeID;68;Triage Status;G;EvacueeID;69;Triage Status;G;EvacueeID;70;Triage Status;G;EvacueeID;72;Triage Status;G;EvacueeID;79;Triage Status;G;EvacueeID;80;Triage Status;G;EvacueeID;84;Triage Status;G;EvacueeID;86;Triage Status;G;EvacueeID;87;Triage Status;G;EvacueeID;89;Triage Status;G;EvacueeID;94;Triage Status;G;EvacueeID;96;Triage Status;G;EvacueeID;97;Triage Status;G;EvacueeID;101;Triage Status;G;EvacueeID;103;Triage Status;G;EvacueeID;107;Triage Status;G;EvacueeID;110;Triage Status;G;EvacueeID;111;Triage Status;G;EvacueeID;113;Triage Status;G;EvacueeID;115;Triage Status;G;EvacueeID;118;Triage Status;G;EvacueeID;120;Triage Status;G;EvacueeID;124;Triage Status;G;EvacueeID;128;Triage Status;G;EvacueeID;130;Triage Status;G;EvacueeID;132;Triage Status;G;EvacueeID;133;Triage Status;G;EvacueeID;134;Triage Status;G;EvacueeID;135;Triage Status;G;EvacueeID;137;Triage Status;G;EvacueeID;138;Triage Status;G;EvacueeID;139;Triage Status;G;EvacueeID;140;Triage Status;G;EvacueeID;141;Triage Status;G;EvacueeID;143;Triage Status;G;EvacueeID;146;Triage Status;G;EvacueeID;154;Triage Status;G;EvacueeID;155;Triage Status;G;EvacueeID;157;Triage Status;G;EvacueeID;166;Triage Status;G;EvacueeID;167;Triage Status;G;EvacueeID;172;Triage Status;G;EvacueeID;173;Triage Status;G;EvacueeID;175;Triage Status;G;EvacueeID;178;Triage Status;G;EvacueeID;180;Triage Status;G;EvacueeID;186;Triage Status;G;EvacueeID;189;Triage Status;G;EvacueeID;191;Triage Status;G;EvacueeID;194;Triage Status;G;EvacueeID;196;Triage Status;G;EvacueeID;198;Triage Status;G;EvacueeID;199;Triage Status;G;EvacueeID;206;Triage Status;G;EvacueeID;207;Triage Status;G;EvacueeID;211;Triage Status;G;EvacueeID;217;Triage Status;G;EvacueeID;223;Triage Status;G;EvacueeID;228;Triage Status;G;EvacueeID;229;Triage Status;G;EvacueeID;237;Triage Status;G;EvacueeID;238;Triage Status;G;EvacueeID;239;Triage Status;G;EvacueeID;240;Triage Status;G;EvacueeID;242;Triage Status;G;EvacueeID;243;Triage Status;G;EvacueeID;245;Triage Status;G;EvacueeID;250;Triage Status;G;EvacueeID;253;Triage Status;G;EvacueeID;265;Triage Status;G;EvacueeID;269;Triage Status;G;EvacueeID;270;Triage Status;G;EvacueeID;272;Triage Status;G;EvacueeID;273;Triage Status;G;EvacueeID;274;Triage Status;G;EvacueeID;277;Triage Status;G;EvacueeID;285;Triage Status;G;EvacueeID;286;Triage Status;G;EvacueeID;293;Triage Status;G;EvacueeID;294;Triage Status;G;EvacueeID;295;Triage Status;G;EvacueeID;297;Triage Status;G;EvacueeID;301;Triage Status;G;EvacueeID;303;Triage Status;G;EvacueeID;304;Triage Status;G;EvacueeID;305;Triage Status;G;EvacueeID;306;Triage Status;G;EvacueeID;310;Triage Status;G;EvacueeID;314;Triage Status;G;EvacueeID;315;Triage Status;G;EvacueeID;327;Triage Status;G;EvacueeID;328;Triage Status;G;EvacueeID;330;Triage Status;G;EvacueeID;331;Triage Status;G;EvacueeID;335;Triage Status;G;EvacueeID;337;Triage Status;G;EvacueeID;352;Triage Status;G;EvacueeID;359;Triage Status;G;EvacueeID;367;Triage Status;G;EvacueeID;371;Triage Status;G;EvacueeID;372;Triage Status;G;EvacueeID;374;Triage Status;G;EvacueeID;375;Triage Status;G;EvacueeID;377;Triage Status;G;EvacueeID;378;Triage Status;G;EvacueeID;379;Triage Status;G;EvacueeID;394;Triage Status;G;EvacueeID;403;Triage Status;G;Lives Saved;130
3690.75,3,evacueeManager,,OFF SHIP: White;0;Green;11;Yellow;14;Red;3;Black;332;ON SHIP: White;0;Green;0;Yellow;0;Red;0;Evacuees to Transfer;
3690.75,697,evacuee,outES,Evacuee 251 in triage category Y is not assigned a helicopter
3690.75,697,evacuee,,Evacuee;251;in triage state;R;is at the evacuation site
3705,1161,helicopter,,Helicopter;1;Is going to the evacuation site;;and has;0;spots taken
3720,5,helicopterQueue,,1;Helos are waiting to land;HeloID;3
3720,105,helicopter,outES,Helicopter 3 is evacuating people3
3720,105,helicopter,,Helicopter;3;is waiting to land at the evacuation site;;and has;0;spots taken
3720,4,helipadManager,,;No helos are at ES
3720,5,helicopterQueue,outHM,Helicopter 3 is evacuating people3
3720,5,helicopterQueue,outHelo,Helicopter 3 is evacuating people3
3720,5,helicopterQueue,,;No helos are waiting to land
3720,104,filterES,,Helicopter;3;is evacuating people
3720,1120,filterES,,
3720,1160,filterES,,
3720,3,evacueeManager,,OFF SHIP: White;0;Green;1;Yellow;14;Red;3;Black;332;ON SHIP: White;0;Green;0;Yellow;0;Red;0;Evacuees to Transfer;;EvacueeID;438;HeloID;3;OnShip;0;Triage Status;G;EvacueeID;444;HeloID;3;OnShip;0;Triage Status;G;EvacueeID;451;HeloID;3;OnShip;0;Triage Status;G;EvacueeID;456;HeloID;3;OnShip;0;Triage Status;G;EvacueeID;458;HeloID;3;OnShip;0;Triage Status;G;EvacueeID;459;HeloID;3;OnShip;0;Triage Status;G;EvacueeID;461;HeloID;3;OnShip;0;Triage Status;G;EvacueeID;462;HeloID;3;OnShip;0;Triage Status;G;EvacueeID;463;HeloID;3;OnShip;0;Triage Status;G;EvacueeID;469;HeloID;3;OnShip;0;Triage Status;G
3720,4,helipadManager,outEM,Helicopter 3 is evacuating people3
3720,4,helipadManager,,Helo;3;is at the ES
3720,104,filterES,out,Helicopter 3 is evacuating people3
3720,104,filterES,,
3720,105,helicopter,,Helicopter;3;is waiting to land at the evacuation site;;and has;0;spots taken
3720,3,evacueeManager,outEvac,Evacuee 438 in triage category G is assigned helicopter 3
3720,3,evacueeManager,outEvac,Evacuee 444 in triage category G is assigned helicopter 3
3720,3,evacueeManager,outEvac,Evacuee 451 in triage category G is assigned helicopter 3
3720,3,evacueeManager,outEvac,Evacuee 456 in triage category G is assigned helicopter 3
3720,3,evacueeManager,outEvac,Evacuee 458 in triage category G is assigned helicopter 3
3720,3,evacueeManager,outEvac,Evacuee 459 in triage category G is assigned helicopter 3
3720,3,evacueeManager,outEvac,Evacuee 461 in triage category G is assigned helicopter 3
3720,3,evacueeManager,outEvac,Evacuee 462 in triage category G is assigned helicopter 3
3720,3,evacueeManager,outEvac,Evacuee 463 in triage category G is assigned helicopter 3
3720,3,evacueeManager,outEvac,Evacuee 469 in triage category G is assigned helicopter 3
3720,3,evacueeManager,,OFF SHIP: White;0;Green;1;Yellow;14;Red;3;Black;332;ON SHIP: White;0;Green;0;Yellow;0;Red;0;Evacuees to Transfer;
3720,7,filterLoc,,
3720,10,filterLoc,,
3720,13,filterLoc,,
3720,16,filterLoc,,
3720,19,filterLoc,,
3720,22,filterLoc,,
3720,25,filterLoc,,
3720,28,filterLoc,,
3720,31,filterLoc,,
3720,34,filterLoc,,
3720,37,filterLoc,,
3720,40,filterLoc,,
3720,43,filterLoc,,
3720,46,filterLoc,,
3720,49,filterLoc,,
3720,52,filterLoc,,
3720,55,filterLoc,,
3720,58,filterLoc,,;Evacuee;463;in triage category;G;is entering helicopter;3
3720,61,filterLoc,,;Evacuee;462;in triage category;G;is entering helicopter;3
3720,64,filterLoc,,;Evacuee;461;in triage category;G;is entering helicopter;3
3720,67,filterLoc,,;Evacuee;459;in triage category;G;is entering helicopter;3
3720,70,filterLoc,,
3720,73,filterLoc,,;Evacuee;458;in triage category;G;is entering helicopter;3
3720,76,filterLoc,,;Evacuee;456;in triage category;G;is entering helicopter;3
3720,79,filterLoc,,
3720,82,filterLoc,,
3720,85,filterLoc,,
3720,88,filterLoc,,
3720,91,filterLoc,,
3720,94,filterLoc,,
3720,97,filterLoc,,
3720,100,filterLoc,,
3720,105,helicopter,,Helicopter;3;is loading people at the evacuation site;;and has;0;spots taken
3720,107,filterLoc,,
3720,110,filterLoc,,
3720,113,filterLoc,,
3720,116,filterLoc,,
3720,119,filterLoc,,
3720,122,filterLoc,,
3720,125,filterLoc,,
3720,128,filterLoc,,
3720,131,filterLoc,,
3720,134,filterLoc,,
3720,137,filterLoc,,
3720,140,filterLoc,,
3720,143,filterLoc,,
3720,146,filterLoc,,
3720,149,filterLoc,,
3720,152,filterLoc,,
3720,155,filterLoc,,
3720,158,filterLoc,,
3720,161,filterLoc,,
3720,164,filterLoc,,
3720,167,filterLoc,,
3720,170,filterLoc,,
3720,173,filterLoc,,
3720,176,filterLoc,,
3720,179,filterLoc,,
3720,182,filterLoc,,
3720,185,filterLoc,,
3720,188,filterLoc,,
3720,191,filterLoc,,
3720,194,filterLoc,,
3720,197,filterLoc,,
3720,200,filterLoc,,
3720,203,filterLoc,,
3720,206,filterLoc,,
3720,209,filterLoc,,
3720,212,filterLoc,,
3720,215,filterLoc,,
3720,218,filterLoc,,
3720,221,filterLoc,,
3720,225,filterLoc,,
3720,228,filterLoc,,
3720,231,filterLoc,,
3720,234,filterLoc,,
3720,237,filterLoc,,
3720,240,filterLoc,,
3720,243,filterLoc,,
3720,246,filterLoc,,
3720,249,filterLoc,,
3720,252,filterLoc,,
3720,255,filterLoc,,
3720,258,filterLoc,,
3720,261,filterLoc,,
3720,264,filterLoc,,
3720,267,filterLoc,,
3720,270,filterLoc,,
3720,273,filterLoc,,
3720,276,filterLoc,,
3720,279,filterLoc,,
3720,282,filterLoc,,
3720,285,filterLoc,,
3720,288,filterLoc,,
3720,291,filterLoc,,
3720,294,filterLoc,,
3720,297,filterLoc,,
3720,300,filterLoc,,
3720,303,filterLoc,,
3720,306,filterLoc,,
3720,309,filterLoc,,
3720,312,filterLoc,,
3720,315,filterLoc,,
3720,318,filterLoc,,
3720,321,filterLoc,,
3720,324,filterLoc,,
3720,327,filterLoc,,
3720,330,filterLoc,,
3720,333,filterLoc,,
3720,336,filterLoc,,
3720,339,filterLoc,,
3720,342,filterLoc,,
3720,345,filterLoc,,
3720,348,filterLoc,,
3720,351,filterLoc,,
3720,354,filterLoc,,
3720,357,filterLoc,,
3720,360,filterLoc,,
3720,363,filterLoc,,
3720,366,filterLoc,,
3720,369,filterLoc,,
3720,372,filterLoc,,
3720,375,filterLoc,,
3720,378,filterLoc,,
3720,381,filterLoc,,
3720,384,filterLoc,,
3720,387,filterLoc,,
3720,390,filterLoc,,
3720,393,filterLoc,,
3720,396,filterLoc,,
3720,399,filterLoc,,
3720,402,filterLoc,,
3720,405,filterLoc,,
3720,408,filterLoc,,
3720,411,filterLoc,,
3720,414,filterLoc,,
3720,417,filterLoc,,
3720,420,filterLoc,,
3720,423,filterLoc,,
3720,426,filterLoc,,
3720,429,filterLoc,,
3720,432,filterLoc,,
3720,435,filterLoc,,
3720,438,filterLoc,,
3720,441,filterLoc,,
3720,444,filterLoc,,
3720,447,filterLoc,,
3720,450,filterLoc,,
3720,453,filterLoc,,
3720,456,filterLoc,,
3720,459,filterLoc,,
3720,462,filterLoc,,
3720,465,filterLoc,,
3720,468,filterLoc,,
3720,471,filterLoc,,
3720,474,filterLoc,,
3720,477,filterLoc,,
3720,480,filterLoc,,
3720,483,filterLoc,,
3720,486,filterLoc,,
3720,489,filterLoc,,
3720,492,filterLoc,,
3720,495,filterLoc,,
3720,498,filterLoc,,
3720,501,filterLoc,,
3720,504,filterLoc,,
3720,507,filterLoc,,
3720,510,filterLoc,,;Evacuee;469;in triage category;G;is entering helicopter;3
3720,513,filterLoc,,
3720,516,filterLoc,,
3720,519,filterLoc,,
3720,522,filterLoc,,
3720,525,filterLoc,,
3720,528,filterLoc,,
3720,531,filterLoc,,
3720,534,filterLoc,,
3720,537,filterLoc,,
3720,540,filterLoc,,
3720,543,filterLoc,,
3720,546,filterLoc,,
3720,549,filterLoc,,
3720,552,filterLoc,,
3720,555,filterLoc,,
3720,558,filterLoc,,
3720,561,filterLoc,,
3720,564,filterLoc,,
3720,567,filterLoc,,
3720,570,filterLoc,,
3720,573,filterLoc,,
3720,576,filterLoc,,
3720,579,filterLoc,,
3720,582,filterLoc,,
3720,585,filterLoc,,
3720,588,filterLoc,,
3720,591,filterLoc,,
3720,594,filterLoc,,
3720,597,filterLoc,,
3720,600,filterLoc,,
3720,603,filterLoc,,
3720,606,filterLoc,,
3720,609,filterLoc,,
3720,612,filterLoc,,
3720,615,filterLoc,,
3720,618,filterLoc,,
3720,621,filterLoc,,
3720,624,filterLoc,,
3720,627,filterLoc,,
3720,630,filterLoc,,
3720,633,filterLoc,,
3720,636,filterLoc,,
3720,639,filterLoc,,;Evacuee;444;in triage category;G;is entering helicopter;3
3720,642,filterLoc,,
3720,645,filterLoc,,
3720,648,filterLoc,,
3720,651,filterLoc,,
3720,654,filterLoc,,
3720,657,filterLoc,,
3720,660,filterLoc,,
3720,663,filterLoc,,
3720,666,filterLoc,,
3720,669,filterLoc,,
3720,672,filterLoc,,
3720,675,filterLoc,,
3720,678,filterLoc,,
3720,681,filterLoc,,
3720,684,filterLoc,,
3720,687,filterLoc,,
3720,690,filterLoc,,
3720,693,filterLoc,,
3720,696,filterLoc,,
3720,699,filterLoc,,
3720,702,filterLoc,,
3720,705,filterLoc,,
3720,708,filterLoc,,
3720,711,filterLoc,,
3720,714,filterLoc,,
3720,717,filterLoc,,
3720,720,filterLoc,,
3720,723,filterLoc,,
3720,726,filterLoc,,
3720,729,filterLoc,,
3720,732,filterLoc,,
3720,735,filterLoc,,
3720,738,filterLoc,,
3720,741,filterLoc,,
3720,744,filterLoc,,
3720,747,filterLoc,,
3720,750,filterLoc,,
3720,753,filterLoc,,
3720,756,filterLoc,,
3720,759,filterLoc,,
3720,762,filterLoc,,
3720,765,filterLoc,,
3720,768,filterLoc,,
3720,771,filterLoc,,
3720,774,filterLoc,,
3720,777,filterLoc,,
3720,780,filterLoc,,
3720,783,filterLoc,,
3720,786,filterLoc,,
3720,789,filterLoc,,
3720,792,filterLoc,,
3720,795,filterLoc,,
3720,798,filterLoc,,
3720,801,filterLoc,,
3720,804,filterLoc,,
3720,807,filterLoc,,
3720,810,filterLoc,,
3720,813,filterLoc,,
3720,816,filterLoc,,
3720,819,filterLoc,,
3720,822,filterLoc,,
3720,825,filterLoc,,
3720,828,filterLoc,,
3720,831,filterLoc,,
3720,834,filterLoc,,
3720,837,filterLoc,,
3720,840,filterLoc,,
3720,843,filterLoc,,
3720,846,filterLoc,,
3720,849,filterLoc,,
3720,852,filterLoc,,
3720,855,filterLoc,,
3720,858,filterLoc,,
3720,861,filterLoc,,
3720,864,filterLoc,,
3720,867,filterLoc,,
3720,870,filterLoc,,
3720,873,filterLoc,,
3720,876,filterLoc,,
3720,879,filterLoc,,
3720,882,filterLoc,,
3720,885,filterLoc,,
3720,888,filterLoc,,
3720,891,filterLoc,,
3720,894,filterLoc,,
3720,897,filterLoc,,
3720,900,filterLoc,,
3720,903,filterLoc,,
3720,906,filterLoc,,
3720,909,filterLoc,,
3720,912,filterLoc,,;Evacuee;451;in triage category;G;is entering helicopter;3
3720,915,filterLoc,,
3720,918,filterLoc,,
3720,921,filterLoc,,
3720,924,filterLoc,,
3720,927,filterLoc,,
3720,930,filterLoc,,
3720,933,filterLoc,,
3720,936,filterLoc,,
3720,939,filterLoc,,
3720,942,filterLoc,,
3720,945,filterLoc,,
3720,948,filterLoc,,
3720,951,filterLoc,,
3720,954,filterLoc,,
3720,957,filterLoc,,
3720,960,filterLoc,,
3720,963,filterLoc,,
3720,966,filterLoc,,
3720,969,filterLoc,,
3720,972,filterLoc,,
3720,975,filterLoc,,
3720,978,filterLoc,,
3720,981,filterLoc,,
3720,984,filterLoc,,
3720,987,filterLoc,,
3720,990,filterLoc,,
3720,993,filterLoc,,
3720,996,filterLoc,,
3720,999,filterLoc,,
3720,1002,filterLoc,,
3720,1005,filterLoc,,
3720,1008,filterLoc,,
3720,1011,filterLoc,,
3720,1014,filterLoc,,
3720,1017,filterLoc,,
3720,1020,filterLoc,,
3720,1023,filterLoc,,
3720,1026,filterLoc,,
3720,1029,filterLoc,,
3720,1032,filterLoc,,
3720,1035,filterLoc,,
3720,1038,filterLoc,,
3720,1041,filterLoc,,
3720,1044,filterLoc,,
3720,1047,filterLoc,,
3720,1050,filterLoc,,
3720,1053,filterLoc,,
3720,1056,filterLoc,,
3720,1059,filterLoc,,
3720,1062,filterLoc,,
3720,1065,filterLoc,,
3720,1068,filterLoc,,
3720,1071,filterLoc,,
3720,1074,filterLoc,,
3720,1077,filterLoc,,
3720,1080,filterLoc,,
3720,1083,filterLoc,,
3720,1086,filterLoc,,
3720,1089,filterLoc,,
3720,1092,filterLoc,,
3720,1095,filterLoc,,
3720,1098,filterLoc,,
3720,1101,filterLoc,,
3720,1104,filterLoc,,
3720,1107,filterLoc,,
3720,1110,filterLoc,,
3720,1113,filterLoc,,
3720,1116,filterLoc,,
3720,1123,filterLoc,,
3720,1126,filterLoc,,
3720,1129,filterLoc,,
3720,1132,filterLoc,,
3720,1135,filterLoc,,
3720,1138,filterLoc,,
3720,1141,filterLoc,,
3720,1144,filterLoc,,
3720,1147,filterLoc,,
3720,1150,filterLoc,,
3720,1153,filterLoc,,
3720,1156,filterLoc,,
3720,1163,filterLoc,,
3720,1166,filterLoc,,
3720,1169,filterLoc,,
3720,1172,filterLoc,,
3720,1175,filterLoc,,
3720,1178,filterLoc,,
3720,1181,filterLoc,,
3720,1184,filterLoc,,
3720,1187,filterLoc,,
3720,1190,filterLoc,,
3720,1193,filterLoc,,
3720,1196,filterLoc,,
3720,1199,filterLoc,,
3720,1202,filterLoc,,
3720,1205,filterLoc,,
3720,1208,filterLoc,,
3720,1211,filterLoc,,
3720,1214,filterLoc,,
3720,1217,filterLoc,,
3720,1220,filterLoc,,
3720,1223,filterLoc,,
3720,1226,filterLoc,,
3720,1229,filterLoc,,
3720,1232,filterLoc,,
3720,1235,filterLoc,,
3720,1238,filterLoc,,
3720,1241,filterLoc,,
3720,1244,filterLoc,,
3720,1247,filterLoc,,
3720,1250,filterLoc,,
3720,1253,filterLoc,,
3720,1256,filterLoc,,
3720,1259,filterLoc,,
3720,1262,filterLoc,,
3720,1265,filterLoc,,
3720,1268,filterLoc,,
3720,1271,filterLoc,,
3720,1274,filterLoc,,;Evacuee;438;in triage category;G;is entering helicopter;3
3720,1277,filterLoc,,
3720,1280,filterLoc,,
3720,1283,filterLoc,,
3720,1286,filterLoc,,
3720,1289,filterLoc,,
3720,1292,filterLoc,,
3720,1295,filterLoc,,
3720,1298,filterLoc,,
3720,1301,filterLoc,,
3720,1304,filterLoc,,
3720,1307,filterLoc,,
3720,1310,filterLoc,,
3720,1313,filterLoc,,
3720,1316,filterLoc,,
3720,1319,filterLoc,,
3720,1322,filterLoc,,
3720,1325,filterLoc,,
3720,1328,filterLoc,,
3720,1331,filterLoc,,
3720,1334,filterLoc,,
3720,1337,filterLoc,,
3720,1340,filterLoc,,
3720,1343,filterLoc,,
3720,1346,filterLoc,,
3720,1349,filterLoc,,
3720,1352,filterLoc,,
3720,1355,filterLoc,,
3720,1358,filterLoc,,
3720,1361,filterLoc,,
3720,1364,filterLoc,,
3720,1367,filterLoc,,
3720,1370,filterLoc,,
3720,1373,filterLoc,,
3720,1376,filterLoc,,
3720,1379,filterLoc,,
3720,1382,filterLoc,,
3720,1385,filterLoc,,
3720,1388,filterLoc,,
3720,1391,filterLoc,,
3720,1394,filterLoc,,
3720,1397,filterLoc,,
3720,1400,filterLoc,,
3720,1403,filterLoc,,
3720,1406,filterLoc,,
3720,1409,filterLoc,,
3720,1412,filterLoc,,
3720,1415,filterLoc,,
3720,1418,filterLoc,,
3720,1421,filterLoc,,
3720,1424,filterLoc,,
3720,1427,filterLoc,,
3720,1430,filterLoc,,
3720,1433,filterLoc,,
3720,1436,filterLoc,,
3720,1439,filterLoc,,
3720,1442,filterLoc,,
3720,1445,filterLoc,,
3720,1448,filterLoc,,
3720,1451,filterLoc,,
3720,1454,filterLoc,,
3720,1457,filterLoc,,
3720,1460,filterLoc,,
3720,1463,filterLoc,,
3720,1466,filterLoc,,
3720,1469,filterLoc,,
3720,1472,filterLoc,,
3720,1475,filterLoc,,
3720,1478,filterLoc,,
3720,1481,filterLoc,,
3720,1484,filterLoc,,
3720,1487,filterLoc,,
3720,1490,filterLoc,,
3720,1493,filterLoc,,
3720,1496,filterLoc,,
3720,1499,filterLoc,,
3720,1502,filterLoc,,
3720,1505,filterLoc,,
3720,1508,filterLoc,,
3720,1511,filterLoc,,
3720,1514,filterLoc,,
3720,1517,filterLoc,,
3720,58,filterLoc,out,Evacuee 463 in triage category G is assigned helicopter 3
3720,58,filterLoc,,
3720,59,evacuee,,Evacuee;463;in triage state;G;is entering helicopter;3
3720,61,filterLoc,out,Evacuee 462 in triage category G is assigned helicopter 3
3720,61,filterLoc,,
3720,62,evacuee,,Evacuee;462;in triage state;G;is entering helicopter;3
3720,64,filterLoc,out,Evacuee 461 in triage category G is assigned helicopter 3
3720,64,filterLoc,,
3720,65,evacuee,,Evacuee;461;in triage state;G;is entering helicopter;3
3720,67,filterLoc,out,Evacuee 459 in triage category G is assigned helicopter 3
3720,67,filterLoc,,
3720,68,evacuee,,Evacuee;459;in triage state;G;is entering helicopter;3
3720,73,filterLoc,out,Evacuee 458 in triage category G is assigned helicopter 3
3720,73,filterLoc,,
3720,74,evacuee,,Evacuee;458;in triage state;G;is entering helicopter;3
3720,76,filterLoc,out,Evacuee 456 in triage category G is assigned helicopter 3
3720,76,filterLoc,,
3720,77,evacuee,,Evacuee;456;in triage state;G;is entering helicopter;3
3720,510,filterLoc,out,Evacuee 469 in triage category G is assigned helicopter 3
3720,510,filterLoc,,
3720,511,evacuee,,Evacuee;469;in triage state;G;is entering helicopter;3
3720,639,filterLoc,out,Evacuee 444 in triage category G is assigned helicopter 3
3720,639,filterLoc,,
3720,640,evacuee,,Evacuee;444;in triage state;G;is entering helicopter;3
3720,912,filterLoc,out,Evacuee 451 in triage category G is assigned helicopter 3
3720,912,filterLoc,,
3720,913,evacuee,,Evacuee;451;in triage state;G;is entering helicopter;3
3720,1274,filterLoc,out,Evacuee 438 in triage category G is assigned helicopter 3
3720,1274,filterLoc,,
3720,1275,evacuee,,Evacuee;438;in triage state;G;is entering helicopter;3
3720,59,evacuee,outHelo,Evacuee 463 in triage category G is assigned helicopter 3
3720,59,evacuee,,Evacuee;463;in triage state;G;is in helicopter;3
3720,62,evacuee,outHelo,Evacuee 462 in triage category G is assigned helicopter 3
3720,62,evacuee,,Evacuee;462;in triage state;G;is in helicopter;3
3720,65,evacuee,outHelo,Evacuee 461 in triage category G is assigned helicopter 3
3720,65,evacuee,,Evacuee;461;in triage state;G;is in helicopter;3
3720,68,evacuee,outHelo,Evacuee 459 in triage category G is assigned helicopter 3
3720,68,evacuee,,Evacuee;459;in triage state;G;is in helicopter;3
3720,74,evacuee,outHelo,Evacuee 458 in triage category G is assigned helicopter 3
3720,74,evacuee,,Evacuee;458;in triage state;G;is in helicopter;3
3720,77,evacuee,outHelo,Evacuee 456 in triage category G is assigned helicopter 3
3720,77,evacuee,,Evacuee;456;in triage state;G;is in helicopter;3
3720,103,filterEvac,,;Evacuee;438;in triage category;G;is entering helicopter;3;Evacuee;444;in triage category;G;is entering helicopter;3;Evacuee;451;in triage category;G;is entering helicopter;3;Evacuee;456;in triage category;G;is entering helicopter;3;Evacuee;458;in triage category;G;is entering helicopter;3;Evacuee;459;in triage category;G;is entering helicopter;3;Evacuee;461;in triage category;G;is entering helicopter;3;Evacuee;462;in triage category;G;is entering helicopter;3;Evacuee;463;in triage category;G;is entering helicopter;3;Evacuee;469;in triage category;G;is entering helicopter;3
3720,511,evacuee,outHelo,Evacuee 469 in triage category G is assigned helicopter 3
3720,511,evacuee,,Evacuee;469;in triage state;G;is in helicopter;3
3720,640,evacuee,outHelo,Evacuee 444 in triage category G is assigned helicopter 3
3720,640,evacuee,,Evacuee;444;in triage state;G;is in helicopter;3
3720,913,evacuee,outHelo,Evacuee 451 in triage category G is assigned helicopter 3
3720,913,evacuee,,Evacuee;451;in triage state;G;is in helicopter;3
3720,1119,filterEvac,,
3720,1159,filterEvac,,
3720,1275,evacuee,outHelo,Evacuee 438 in triage category G is assigned helicopter 3
3720,1275,evacuee,,Evacuee;438;in triage state;G;is in helicopter;3
3720,103,filterEvac,out,Evacuee 438 in triage category G is assigned helicopter 3
3720,103,filterEvac,out,Evacuee 444 in triage category G is assigned helicopter 3
3720,103,filterEvac,out,Evacuee 451 in triage category G is assigned helicopter 3
3720,103,filterEvac,out,Evacuee 456 in triage category G is assigned helicopter 3
3720,103,filterEvac,out,Evacuee 458 in triage category G is assigned helicopter 3
3720,103,filterEvac,out,Evacuee 459 in triage category G is assigned helicopter 3
3720,103,filterEvac,out,Evacuee 461 in triage category G is assigned helicopter 3
3720,103,filterEvac,out,Evacuee 462 in triage category G is assigned helicopter 3
3720,103,filterEvac,out,Evacuee 463 in triage category G is assigned helicopter 3
3720,103,filterEvac,out,Evacuee 469 in triage category G is assigned helicopter 3
3720,103,filterEvac,,
3720,105,helicopter,,Helicopter;3;is loading people at the evacuation site;;and has;10;spots taken
3735,4,helipadManager,outHelo,Helicopter 3 is evacuating people3
3735,4,helipadManager,,;No helos are at ES
3735,104,filterES,,Helicopter;3;is evacuating people
3735,1120,filterES,,
3735,1160,filterES,,
3735,4,helipadManager,outHQ,0
3735,4,helipadManager,,;No helos are at ES
3735,5,helicopterQueue,,;No helos are waiting to land
3735,104,filterES,out,Helicopter 3 is evacuating people3
3735,104,filterES,,
3735,105,helicopter,,Helicopter;3;is loading people at the evacuation site;;and has;10;spots taken
3735,5,helicopterQueue,,;No helos are waiting to land
3735,105,helicopter,,Helicopter;3;is returning to the FOL;;and has;10;spots taken
3735.23,3,evacueeManager,,OFF SHIP: White;0;Green;1;Yellow;13;Red;4;Black;332;ON SHIP: White;0;Green;0;Yellow;0;Red;0;Evacuees to Transfer;
3735.23,838,evacuee,outES,Evacuee 453 in triage category Y is not assigned a helicopter
3735.23,838,evacuee,,Evacuee;453;in triage state;R;is at the evacuation site
3750,7,filterLoc,,
3750,10,filterLoc,,
3750,13,filterLoc,,
3750,16,filterLoc,,
3750,19,filterLoc,,
3750,22,filterLoc,,
3750,25,filterLoc,,
3750,28,filterLoc,,
3750,31,filterLoc,,
3750,34,filterLoc,,
3750,37,filterLoc,,
3750,40,filterLoc,,
3750,43,filterLoc,,
3750,46,filterLoc,,
3750,49,filterLoc,,
3750,52,filterLoc,,
3750,55,filterLoc,,
3750,58,filterLoc,,
3750,61,filterLoc,,
3750,64,filterLoc,,
3750,67,filterLoc,,
3750,70,filterLoc,,
3750,73,filterLoc,,
3750,76,filterLoc,,
3750,79,filterLoc,,
3750,82,filterLoc,,
3750,85,filterLoc,,
3750,88,filterLoc,,
3750,91,filterLoc,,
3750,94,filterLoc,,
3750,97,filterLoc,,
3750,100,filterLoc,,
3750,107,filterLoc,,
3750,110,filterLoc,,
3750,113,filterLoc,,
3750,116,filterLoc,,
3750,119,filterLoc,,
3750,122,filterLoc,,
3750,125,filterLoc,,
3750,128,filterLoc,,
3750,131,filterLoc,,
3750,134,filterLoc,,;Evacuee;422;in triage category;G;is leaving helicopter;2
3750,137,filterLoc,,;Evacuee;409;in triage category;G;is leaving helicopter;2
3750,140,filterLoc,,;Evacuee;408;in triage category;G;is leaving helicopter;2
3750,143,filterLoc,,;Evacuee;406;in triage category;G;is leaving helicopter;2
3750,146,filterLoc,,;Evacuee;404;in triage category;G;is leaving helicopter;2
3750,149,filterLoc,,
3750,152,filterLoc,,
3750,155,filterLoc,,
3750,158,filterLoc,,
3750,161,filterLoc,,
3750,164,filterLoc,,
3750,167,filterLoc,,
3750,170,filterLoc,,
3750,173,filterLoc,,
3750,176,filterLoc,,
3750,179,filterLoc,,
3750,182,filterLoc,,
3750,185,filterLoc,,
3750,188,filterLoc,,
3750,191,filterLoc,,
3750,194,filterLoc,,
3750,197,filterLoc,,
3750,200,filterLoc,,
3750,203,filterLoc,,
3750,206,filterLoc,,
3750,209,filterLoc,,
3750,212,filterLoc,,
3750,215,filterLoc,,
3750,218,filterLoc,,
3750,221,filterLoc,,
3750,225,filterLoc,,
3750,228,filterLoc,,
3750,231,filterLoc,,
3750,234,filterLoc,,
3750,237,filterLoc,,
3750,240,filterLoc,,
3750,243,filterLoc,,
3750,246,filterLoc,,
3750,249,filterLoc,,
3750,252,filterLoc,,
3750,255,filterLoc,,
3750,258,filterLoc,,
3750,261,filterLoc,,
3750,264,filterLoc,,
3750,267,filterLoc,,
3750,270,filterLoc,,
3750,273,filterLoc,,
3750,276,filterLoc,,
3750,279,filterLoc,,
3750,282,filterLoc,,
3750,285,filterLoc,,
3750,288,filterLoc,,
3750,291,filterLoc,,
3750,294,filterLoc,,;Evacuee;410;in triage category;G;is leaving helicopter;2
3750,297,filterLoc,,
3750,300,filterLoc,,
3750,303,filterLoc,,
3750,306,filterLoc,,
3750,309,filterLoc,,
3750,312,filterLoc,,
3750,315,filterLoc,,
3750,318,filterLoc,,
3750,321,filterLoc,,
3750,324,filterLoc,,
3750,327,filterLoc,,
3750,330,filterLoc,,
3750,333,filterLoc,,
3750,336,filterLoc,,
3750,339,filterLoc,,
3750,342,filterLoc,,
3750,345,filterLoc,,
3750,348,filterLoc,,
3750,351,filterLoc,,
3750,354,filterLoc,,
3750,357,filterLoc,,
3750,360,filterLoc,,
3750,363,filterLoc,,
3750,366,filterLoc,,
3750,369,filterLoc,,
3750,372,filterLoc,,
3750,375,filterLoc,,
3750,378,filterLoc,,
3750,381,filterLoc,,
3750,384,filterLoc,,
3750,387,filterLoc,,
3750,390,filterLoc,,
3750,393,filterLoc,,
3750,396,filterLoc,,
3750,399,filterLoc,,
3750,402,filterLoc,,
3750,405,filterLoc,,
3750,408,filterLoc,,
3750,411,filterLoc,,
3750,414,filterLoc,,
3750,417,filterLoc,,
3750,420,filterLoc,,
3750,423,filterLoc,,
3750,426,filterLoc,,
3750,429,filterLoc,,
3750,432,filterLoc,,
3750,435,filterLoc,,
3750,438,filterLoc,,
3750,441,filterLoc,,
3750,444,filterLoc,,
3750,447,filterLoc,,
3750,450,filterLoc,,
3750,453,filterLoc,,
3750,456,filterLoc,,
3750,459,filterLoc,,
3750,462,filterLoc,,
3750,465,filterLoc,,
3750,468,filterLoc,,
3750,471,filterLoc,,
3750,474,filterLoc,,
3750,477,filterLoc,,
3750,480,filterLoc,,
3750,483,filterLoc,,
3750,486,filterLoc,,
3750,489,filterLoc,,
3750,492,filterLoc,,
3750,495,filterLoc,,
3750,498,filterLoc,,
3750,501,filterLoc,,
3750,504,filterLoc,,
3750,507,filterLoc,,
3750,510,filterLoc,,
3750,513,filterLoc,,
3750,516,filterLoc,,
3750,519,filterLoc,,
3750,522,filterLoc,,
3750,525,filterLoc,,
3750,528,filterLoc,,
3750,531,filterLoc,,
3750,534,filterLoc,,
3750,537,filterLoc,,
3750,540,filterLoc,,
3750,543,filterLoc,,
3750,546,filterLoc,,
3750,549,filterLoc,,
3750,552,filterLoc,,
3750,555,filterLoc,,
3750,558,filterLoc,,
3750,561,filterLoc,,
3750,564,filterLoc,,
3750,567,filterLoc,,
3750,570,filterLoc,,
3750,573,filterLoc,,
3750,576,filterLoc,,
3750,579,filterLoc,,
3750,582,filterLoc,,
3750,585,filterLoc,,
3750,588,filterLoc,,
3750,591,filterLoc,,
3750,594,filterLoc,,
3750,597,filterLoc,,
3750,600,filterLoc,,
3750,603,filterLoc,,
3750,606,filterLoc,,
3750,609,filterLoc,,
3750,612,filterLoc,,
3750,615,filterLoc,,
3750,618,filterLoc,,
3750,621,filterLoc,,
3750,624,filterLoc,,
3750,627,filterLoc,,
3750,630,filterLoc,,
3750,633,filterLoc,,
3750,636,filterLoc,,
3750,639,filterLoc,,
3750,642,filterLoc,,
3750,645,filterLoc,,
3750,648,filterLoc,,
3750,651,filterLoc,,
3750,654,filterLoc,,
3750,657,filterLoc,,
3750,660,filterLoc,,
3750,663,filterLoc,,
3750,666,filterLoc,,
3750,669,filterLoc,,
3750,672,filterLoc,,
3750,675,filterLoc,,
3750,678,filterLoc,,
3750,681,filterLoc,,
3750,684,filterLoc,,
3750,687,filterLoc,,
3750,690,filterLoc,,
3750,693,filterLoc,,
3750,696,filterLoc,,
3750,699,filterLoc,,
3750,702,filterLoc,,
3750,705,filterLoc,,
3750,708,filterLoc,,
3750,711,filterLoc,,
3750,714,filterLoc,,
3750,717,filterLoc,,
3750,720,filterLoc,,
3750,723,filterLoc,,
3750,726,filterLoc,,
3750,729,filterLoc,,
3750,732,filterLoc,,
3750,735,filterLoc,,
3750,738,filterLoc,,
3750,741,filterLoc,,
3750,744,filterLoc,,
3750,747,filterLoc,,
3750,750,filterLoc,,
3750,753,filterLoc,,
3750,756,filterLoc,,
3750,759,filterLoc,,
3750,762,filterLoc,,
3750,765,filterLoc,,
3750,768,filterLoc,,
3750,771,filterLoc,,
3750,774,filterLoc,,
3750,777,filterLoc,,
3750,780,filterLoc,,
3750,783,filterLoc,,
3750,786,filterLoc,,
3750,789,filterLoc,,
3750,792,filterLoc,,
3750,795,filterLoc,,
3750,798,filterLoc,,
3750,801,filterLoc,,
3750,804,filterLoc,,
3750,807,filterLoc,,
3750,810,filterLoc,,
3750,813,filterLoc,,
3750,816,filterLoc,,
3750,819,filterLoc,,
3750,822,filterLoc,,
3750,825,filterLoc,,
3750,828,filterLoc,,
3750,831,filterLoc,,
3750,834,filterLoc,,
3750,837,filterLoc,,
3750,840,filterLoc,,
3750,843,filterLoc,,
3750,846,filterLoc,,
3750,849,filterLoc,,
3750,852,filterLoc,,
3750,855,filterLoc,,
3750,858,filterLoc,,
3750,861,filterLoc,,
3750,864,filterLoc,,
3750,867,filterLoc,,
3750,870,filterLoc,,
3750,873,filterLoc,,
3750,876,filterLoc,,
3750,879,filterLoc,,
3750,882,filterLoc,,
3750,885,filterLoc,,
3750,888,filterLoc,,
3750,891,filterLoc,,
3750,894,filterLoc,,
3750,897,filterLoc,,
3750,900,filterLoc,,
3750,903,filterLoc,,
3750,906,filterLoc,,
3750,909,filterLoc,,
3750,912,filterLoc,,
3750,915,filterLoc,,
3750,918,filterLoc,,
3750,921,filterLoc,,
3750,924,filterLoc,,;Evacuee;407;in triage category;G;is leaving helicopter;2
3750,927,filterLoc,,
3750,930,filterLoc,,
3750,933,filterLoc,,
3750,936,filterLoc,,
3750,939,filterLoc,,
3750,942,filterLoc,,
3750,945,filterLoc,,
3750,948,filterLoc,,
3750,951,filterLoc,,
3750,954,filterLoc,,
3750,957,filterLoc,,
3750,960,filterLoc,,
3750,963,filterLoc,,
3750,966,filterLoc,,
3750,969,filterLoc,,
3750,972,filterLoc,,
3750,975,filterLoc,,
3750,978,filterLoc,,
3750,981,filterLoc,,
3750,984,filterLoc,,
3750,987,filterLoc,,;Evacuee;421;in triage category;G;is leaving helicopter;2
3750,990,filterLoc,,;Evacuee;405;in triage category;G;is leaving helicopter;2
3750,993,filterLoc,,
3750,996,filterLoc,,
3750,999,filterLoc,,
3750,1002,filterLoc,,
3750,1005,filterLoc,,
3750,1008,filterLoc,,
3750,1011,filterLoc,,
3750,1014,filterLoc,,
3750,1017,filterLoc,,
3750,1020,filterLoc,,
3750,1023,filterLoc,,
3750,1026,filterLoc,,
3750,1029,filterLoc,,
3750,1032,filterLoc,,
3750,1035,filterLoc,,
3750,1038,filterLoc,,
3750,1041,filterLoc,,
3750,1044,filterLoc,,
3750,1047,filterLoc,,
3750,1050,filterLoc,,
3750,1053,filterLoc,,
3750,1056,filterLoc,,
3750,1059,filterLoc,,
3750,1062,filterLoc,,
3750,1065,filterLoc,,
3750,1068,filterLoc,,
3750,1071,filterLoc,,
3750,1074,filterLoc,,
3750,1077,filterLoc,,
3750,1080,filterLoc,,
3750,1083,filterLoc,,
3750,1086,filterLoc,,
3750,1089,filterLoc,,
3750,1092,filterLoc,,
3750,1095,filterLoc,,
3750,1098,filterLoc,,
3750,1101,filterLoc,,
3750,1104,filterLoc,,
3750,1107,filterLoc,,
3750,1110,filterLoc,,
3750,1113,filterLoc,,
3750,1116,filterLoc,,
3750,1121,helicopter,outEvac,Evacuee 404 in triage category G is not assigned a helicopter
3750,1121,helicopter,outEvac,Evacuee 405 in triage category G is not assigned a helicopter
3750,1121,helicopter,outEvac,Evacuee 406 in triage category G is not assigned a helicopter
3750,1121,helicopter,outEvac,Evacuee 407 in triage category G is not assigned a helicopter
3750,1121,helicopter,outEvac,Evacuee 408 in triage category G is not assigned a helicopter
3750,1121,helicopter,outEvac,Evacuee 409 in triage category G is not assigned a helicopter
3750,1121,helicopter,outEvac,Evacuee 410 in triage category G is not assigned a helicopter
3750,1121,helicopter,outEvac,Evacuee 417 in triage category G is not assigned a helicopter
3750,1121,helicopter,outEvac,Evacuee 421 in triage category G is not assigned a helicopter
3750,1121,helicopter,outEvac,Evacuee 422 in triage category G is not assigned a helicopter
3750,1121,helicopter,,Helicopter;2;is unloading people at the FOL;;and has;0;spots taken
3750,1123,filterLoc,,
3750,1126,filterLoc,,
3750,1129,filterLoc,,
3750,1132,filterLoc,,
3750,1135,filterLoc,,
3750,1138,filterLoc,,
3750,1141,filterLoc,,
3750,1144,filterLoc,,
3750,1147,filterLoc,,
3750,1150,filterLoc,,
3750,1153,filterLoc,,
3750,1156,filterLoc,,
3750,1163,filterLoc,,
3750,1166,filterLoc,,
3750,1169,filterLoc,,
3750,1172,filterLoc,,
3750,1175,filterLoc,,
3750,1178,filterLoc,,
3750,1181,filterLoc,,
3750,1184,filterLoc,,
3750,1187,filterLoc,,
3750,1190,filterLoc,,
3750,1193,filterLoc,,
3750,1196,filterLoc,,
3750,1199,filterLoc,,
3750,1202,filterLoc,,
3750,1205,filterLoc,,
3750,1208,filterLoc,,
3750,1211,filterLoc,,
3750,1214,filterLoc,,
3750,1217,filterLoc,,
3750,1220,filterLoc,,
3750,1223,filterLoc,,
3750,1226,filterLoc,,
3750,1229,filterLoc,,
3750,1232,filterLoc,,
3750,1235,filterLoc,,
3750,1238,filterLoc,,
3750,1241,filterLoc,,
3750,1244,filterLoc,,
3750,1247,filterLoc,,
3750,1250,filterLoc,,
3750,1253,filterLoc,,
3750,1256,filterLoc,,
3750,1259,filterLoc,,
3750,1262,filterLoc,,
3750,1265,filterLoc,,
3750,1268,filterLoc,,
3750,1271,filterLoc,,
3750,1274,filterLoc,,
3750,1277,filterLoc,,
3750,1280,filterLoc,,
3750,1283,filterLoc,,
3750,1286,filterLoc,,
3750,1289,filterLoc,,
3750,1292,filterLoc,,
3750,1295,filterLoc,,
3750,1298,filterLoc,,
3750,1301,filterLoc,,
3750,1304,filterLoc,,
3750,1307,filterLoc,,
3750,1310,filterLoc,,
3750,1313,filterLoc,,
3750,1316,filterLoc,,
3750,1319,filterLoc,,
3750,1322,filterLoc,,
3750,1325,filterLoc,,
3750,1328,filterLoc,,
3750,1331,filterLoc,,
3750,1334,filterLoc,,;Evacuee;417;in triage category;G;is leaving helicopter;2
3750,1337,filterLoc,,
3750,1340,filterLoc,,
3750,1343,filterLoc,,
3750,1346,filterLoc,,
3750,1349,filterLoc,,
3750,1352,filterLoc,,
3750,1355,filterLoc,,
3750,1358,filterLoc,,
3750,1361,filterLoc,,
3750,1364,filterLoc,,
3750,1367,filterLoc,,
3750,1370,filterLoc,,
3750,1373,filterLoc,,
3750,1376,filterLoc,,
3750,1379,filterLoc,,
3750,1382,filterLoc,,
3750,1385,filterLoc,,
3750,1388,filterLoc,,
3750,1391,filterLoc,,
3750,1394,filterLoc,,
3750,1397,filterLoc,,
3750,1400,filterLoc,,
3750,1403,filterLoc,,
3750,1406,filterLoc,,
3750,1409,filterLoc,,
3750,1412,filterLoc,,
3750,1415,filterLoc,,
3750,1418,filterLoc,,
3750,1421,filterLoc,,
3750,1424,filterLoc,,
3750,1427,filterLoc,,
3750,1430,filterLoc,,
3750,1433,filterLoc,,
3750,1436,filterLoc,,
3750,1439,filterLoc,,
3750,1442,filterLoc,,
3750,1445,filterLoc,,
3750,1448,filterLoc,,
3750,1451,filterLoc,,
3750,1454,filterLoc,,
3750,1457,filterLoc,,
3750,1460,filterLoc,,
3750,1463,filterLoc,,
3750,1466,filterLoc,,
3750,1469,filterLoc,,
3750,1472,filterLoc,,
3750,1475,filterLoc,,
3750,1478,filterLoc,,
3750,1481,filterLoc,,
3750,1484,filterLoc,,
3750,1487,filterLoc,,
3750,1490,filterLoc,,
3750,1493,filterLoc,,
3750,1496,filterLoc,,
3750,1499,filterLoc,,
3750,1502,filterLoc,,
3750,1505,filterLoc,,
3750,1508,filterLoc,,
3750,1511,filterLoc,,
3750,1514,filterLoc,,
3750,1517,filterLoc,,
3750,134,filterLoc,out,Evacuee 422 in triage category G is not assigned a helicopter
3750,134,filterLoc,,
3750,135,evacuee,,Evacuee;422;in triage state;G;is entering the FOL
3750,137,filterLoc,out,Evacuee 409 in triage category G is not assigned a helicopter
3750,137,filterLoc,,
3750,138,evacuee,,Evacuee;409;in triage state;G;is entering the FOL
3750,140,filterLoc,out,Evacuee 408 in triage category G is not assigned a helicopter
3750,140,filterLoc,,
3750,141,evacuee,,Evacuee;408;in triage state;G;is entering the FOL
3750,143,filterLoc,out,Evacuee 406 in triage category G is not assigned a helicopter
3750,143,filterLoc,,
3750,144,evacuee,,Evacuee;406;in triage state;G;is entering the FOL
3750,146,filterLoc,out,Evacuee 404 in triage category G is not assigned a helicopter
3750,146,filterLoc,,
3750,147,evacuee,,Evacuee;404;in triage state;G;is entering the FOL
3750,294,filterLoc,out,Evacuee 410 in triage category G is not assigned a helicopter
3750,294,filterLoc,,
3750,295,evacuee,,Evacuee;410;in triage state;G;is entering the FOL
3750,924,filterLoc,out,Evacuee 407 in triage category G is not assigned a helicopter
3750,924,filterLoc,,
3750,925,evacuee,,Evacuee;407;in triage state;G;is entering the FOL
3750,987,filterLoc,out,Evacuee 421 in triage category G is not assigned a helicopter
3750,987,filterLoc,,
3750,988,evacuee,,Evacuee;421;in triage state;G;is entering the FOL
3750,990,filterLoc,out,Evacuee 405 in triage category G is not assigned a helicopter
3750,990,filterLoc,,
3750,991,evacuee,,Evacuee;405;in triage state;G;is entering the FOL
3750,1334,filterLoc,out,Evacuee 417 in triage category G is not assigned a helicopter
3750,1334,filterLoc,,
3750,1335,evacuee,,Evacuee;417;in triage state;G;is entering the FOL
3750,135,evacuee,outFOL,Evacuee 422 in triage category G is not assigned a helicopter
3750,135,evacuee,,Evacuee;422;in triage state;G;is at the FOL
3750,138,evacuee,outFOL,Evacuee 409 in triage category G is not assigned a helicopter
3750,138,evacuee,,Evacuee;409;in triage state;G;is at the FOL
3750,141,evacuee,outFOL,Evacuee 408 in triage category G is not assigned a helicopter
3750,141,evacuee,,Evacuee;408;in triage state;G;is at the FOL
3750,144,evacuee,outFOL,Evacuee 406 in triage category G is not assigned a helicopter
3750,144,evacuee,,Evacuee;406;in triage state;G;is at the FOL
3750,147,evacuee,outFOL,Evacuee 404 in triage category G is not assigned a helicopter
3750,147,evacuee,,Evacuee;404;in triage state;G;is at the FOL
3750,223,FOL,,;EvacueeID;3;Triage Status;G;EvacueeID;5;Triage Status;G;EvacueeID;6;Triage Status;G;EvacueeID;7;Triage Status;G;EvacueeID;8;Triage Status;G;EvacueeID;16;Triage Status;G;EvacueeID;20;Triage Status;G;EvacueeID;21;Triage Status;G;EvacueeID;27;Triage Status;G;EvacueeID;35;Triage Status;G;EvacueeID;36;Triage Status;G;EvacueeID;39;Triage Status;G;EvacueeID;41;Triage Status;G;EvacueeID;42;Triage Status;G;EvacueeID;47;Triage Status;G;EvacueeID;49;Triage Status;G;EvacueeID;51;Triage Status;G;EvacueeID;52;Triage Status;G;EvacueeID;56;Triage Status;G;EvacueeID;62;Triage Status;G;EvacueeID;63;Triage Status;G;EvacueeID;66;Triage Status;G;EvacueeID;68;Triage Status;G;EvacueeID;69;Triage Status;G;EvacueeID;70;Triage Status;G;EvacueeID;72;Triage Status;G;EvacueeID;79;Triage Status;G;EvacueeID;80;Triage Status;G;EvacueeID;84;Triage Status;G;EvacueeID;86;Triage Status;G;EvacueeID;87;Triage Status;G;EvacueeID;89;Triage Status;G;EvacueeID;94;Triage Status;G;EvacueeID;96;Triage Status;G;EvacueeID;97;Triage Status;G;EvacueeID;101;Triage Status;G;EvacueeID;103;Triage Status;G;EvacueeID;107;Triage Status;G;EvacueeID;110;Triage Status;G;EvacueeID;111;Triage Status;G;EvacueeID;113;Triage Status;G;EvacueeID;115;Triage Status;G;EvacueeID;118;Triage Status;G;EvacueeID;120;Triage Status;G;EvacueeID;124;Triage Status;G;EvacueeID;128;Triage Status;G;EvacueeID;130;Triage Status;G;EvacueeID;132;Triage Status;G;EvacueeID;133;Triage Status;G;EvacueeID;134;Triage Status;G;EvacueeID;135;Triage Status;G;EvacueeID;137;Triage Status;G;EvacueeID;138;Triage Status;G;EvacueeID;139;Triage Status;G;EvacueeID;140;Triage Status;G;EvacueeID;141;Triage Status;G;EvacueeID;143;Triage Status;G;EvacueeID;146;Triage Status;G;EvacueeID;154;Triage Status;G;EvacueeID;155;Triage Status;G;EvacueeID;157;Triage Status;G;EvacueeID;166;Triage Status;G;EvacueeID;167;Triage Status;G;EvacueeID;172;Triage Status;G;EvacueeID;173;Triage Status;G;EvacueeID;175;Triage Status;G;EvacueeID;178;Triage Status;G;EvacueeID;180;Triage Status;G;EvacueeID;186;Triage Status;G;EvacueeID;189;Triage Status;G;EvacueeID;191;Triage Status;G;EvacueeID;194;Triage Status;G;EvacueeID;196;Triage Status;G;EvacueeID;198;Triage Status;G;EvacueeID;199;Triage Status;G;EvacueeID;206;Triage Status;G;EvacueeID;207;Triage Status;G;EvacueeID;211;Triage Status;G;EvacueeID;217;Triage Status;G;EvacueeID;223;Triage Status;G;EvacueeID;228;Triage Status;G;EvacueeID;229;Triage Status;G;EvacueeID;237;Triage Status;G;EvacueeID;238;Triage Status;G;EvacueeID;239;Triage Status;G;EvacueeID;240;Triage Status;G;EvacueeID;242;Triage Status;G;EvacueeID;243;Triage Status;G;EvacueeID;245;Triage Status;G;EvacueeID;250;Triage Status;G;EvacueeID;253;Triage Status;G;EvacueeID;265;Triage Status;G;EvacueeID;269;Triage Status;G;EvacueeID;270;Triage Status;G;EvacueeID;272;Triage Status;G;EvacueeID;273;Triage Status;G;EvacueeID;274;Triage Status;G;EvacueeID;277;Triage Status;G;EvacueeID;285;Triage Status;G;EvacueeID;286;Triage Status;G;EvacueeID;293;Triage Status;G;EvacueeID;294;Triage Status;G;EvacueeID;295;Triage Status;G;EvacueeID;297;Triage Status;G;EvacueeID;301;Triage Status;G;EvacueeID;303;Triage Status;G;EvacueeID;304;Triage Status;G;EvacueeID;305;Triage Status;G;EvacueeID;306;Triage Status;G;EvacueeID;310;Triage Status;G;EvacueeID;314;Triage Status;G;EvacueeID;315;Triage Status;G;EvacueeID;327;Triage Status;G;EvacueeID;328;Triage Status;G;EvacueeID;330;Triage Status;G;EvacueeID;331;Triage Status;G;EvacueeID;335;Triage Status;G;EvacueeID;337;Triage Status;G;EvacueeID;352;Triage Status;G;EvacueeID;359;Triage Status;G;EvacueeID;367;Triage Status;G;EvacueeID;371;Triage Status;G;EvacueeID;372;Triage Status;G;EvacueeID;374;Triage Status;G;EvacueeID;375;Triage Status;G;EvacueeID;377;Triage Status;G;EvacueeID;378;Triage Status;G;EvacueeID;379;Triage Status;G;EvacueeID;394;Triage Status;G;EvacueeID;403;Triage Status;G;EvacueeID;404;Triage Status;G;EvacueeID;405;Triage Status;G;EvacueeID;406;Triage Status;G;EvacueeID;407;Triage Status;G;EvacueeID;408;Triage Status;G;EvacueeID;409;Triage Status;G;EvacueeID;410;Triage Status;G;EvacueeID;417;Triage Status;G;EvacueeID;421;Triage Status;G;EvacueeID;422;Triage Status;G;Lives Saved;140
3750,295,evacuee,outFOL,Evacuee 410 in triage category G is not assigned a helicopter
3750,295,evacuee,,Evacuee;410;in triage state;G;is at the FOL
3750,925,evacuee,outFOL,Evacuee 407 in triage category G is not assigned a helicopter
3750,925,evacuee,,Evacuee;407;in triage state;G;is at the FOL
3750,988,evacuee,outFOL,Evacuee 421 in triage category G is not assigned a helicopter
3750,988,evacuee,,Evacuee;421;in triage state;G;is at the FOL
3750,991,evacuee,outFOL,Evacuee 405 in triage category G is not assigned a helicopter
3750,991,evacuee,,Evacuee;405;in triage state;G;is at the FOL
3750,1335,evacuee,outFOL,Evacuee 417 in triage category G is not assigned a helicopter
3750,1335,evacuee,,Evacuee;417;in triage state;G;is at the FOL
3750,223,FOL,,;EvacueeID;3;Triage Status;G;EvacueeID;5;Triage Status;G;EvacueeID;6;Triage Status;G;EvacueeID;7;Triage Status;G;EvacueeID;8;Triage Status;G;EvacueeID;16;Triage Status;G;EvacueeID;20;Triage Status;G;EvacueeID;21;Triage Status;G;EvacueeID;27;Triage Status;G;EvacueeID;35;Triage Status;G;EvacueeID;36;Triage Status;G;EvacueeID;39;Triage Status;G;EvacueeID;41;Triage Status;G;EvacueeID;42;Triage Status;G;EvacueeID;47;Triage Status;G;EvacueeID;49;Triage Status;G;EvacueeID;51;Triage Status;G;EvacueeID;52;Triage Status;G;EvacueeID;56;Triage Status;G;EvacueeID;62;Triage Status;G;EvacueeID;63;Triage Status;G;EvacueeID;66;Triage Status;G;EvacueeID;68;Triage Status;G;EvacueeID;69;Triage Status;G;EvacueeID;70;Triage Status;G;EvacueeID;72;Triage Status;G;EvacueeID;79;Triage Status;G;EvacueeID;80;Triage Status;G;EvacueeID;84;Triage Status;G;EvacueeID;86;Triage Status;G;EvacueeID;87;Triage Status;G;EvacueeID;89;Triage Status;G;EvacueeID;94;Triage Status;G;EvacueeID;96;Triage Status;G;EvacueeID;97;Triage Status;G;EvacueeID;101;Triage Status;G;EvacueeID;103;Triage Status;G;EvacueeID;107;Triage Status;G;EvacueeID;110;Triage Status;G;EvacueeID;111;Triage Status;G;EvacueeID;113;Triage Status;G;EvacueeID;115;Triage Status;G;EvacueeID;118;Triage Status;G;EvacueeID;120;Triage Status;G;EvacueeID;124;Triage Status;G;EvacueeID;128;Triage Status;G;EvacueeID;130;Triage Status;G;EvacueeID;132;Triage Status;G;EvacueeID;133;Triage Status;G;EvacueeID;134;Triage Status;G;EvacueeID;135;Triage Status;G;EvacueeID;137;Triage Status;G;EvacueeID;138;Triage Status;G;EvacueeID;139;Triage Status;G;EvacueeID;140;Triage Status;G;EvacueeID;141;Triage Status;G;EvacueeID;143;Triage Status;G;EvacueeID;146;Triage Status;G;EvacueeID;154;Triage Status;G;EvacueeID;155;Triage Status;G;EvacueeID;157;Triage Status;G;EvacueeID;166;Triage Status;G;EvacueeID;167;Triage Status;G;EvacueeID;172;Triage Status;G;EvacueeID;173;Triage Status;G;EvacueeID;175;Triage Status;G;EvacueeID;178;Triage Status;G;EvacueeID;180;Triage Status;G;EvacueeID;186;Triage Status;G;EvacueeID;189;Triage Status;G;EvacueeID;191;Triage Status;G;EvacueeID;194;Triage Status;G;EvacueeID;196;Triage Status;G;EvacueeID;198;Triage Status;G;EvacueeID;199;Triage Status;G;EvacueeID;206;Triage Status;G;EvacueeID;207;Triage Status;G;EvacueeID;211;Triage Status;G;EvacueeID;217;Triage Status;G;EvacueeID;223;Triage Status;G;EvacueeID;228;Triage Status;G;EvacueeID;229;Triage Status;G;EvacueeID;237;Triage Status;G;EvacueeID;238;Triage Status;G;EvacueeID;239;Triage Status;G;EvacueeID;240;Triage Status;G;EvacueeID;242;Triage Status;G;EvacueeID;243;Triage Status;G;EvacueeID;245;Triage Status;G;EvacueeID;250;Triage Status;G;EvacueeID;253;Triage Status;G;EvacueeID;265;Triage Status;G;EvacueeID;269;Triage Status;G;EvacueeID;270;Triage Status;G;EvacueeID;272;Triage Status;G;EvacueeID;273;Triage Status;G;EvacueeID;274;Triage Status;G;EvacueeID;277;Triage Status;G;EvacueeID;285;Triage Status;G;EvacueeID;286;Triage Status;G;EvacueeID;293;Triage Status;G;EvacueeID;294;Triage Status;G;EvacueeID;295;Triage Status;G;EvacueeID;297;Triage Status;G;EvacueeID;301;Triage Status;G;EvacueeID;303;Triage Status;G;EvacueeID;304;Triage Status;G;EvacueeID;305;Triage Status;G;EvacueeID;306;Triage Status;G;EvacueeID;310;Triage Status;G;EvacueeID;314;Triage Status;G;EvacueeID;315;Triage Status;G;EvacueeID;327;Triage Status;G;EvacueeID;328;Triage Status;G;EvacueeID;330;Triage Status;G;EvacueeID;331;Triage Status;G;EvacueeID;335;Triage Status;G;EvacueeID;337;Triage Status;G;EvacueeID;352;Triage Status;G;EvacueeID;359;Triage Status;G;EvacueeID;367;Triage Status;G;EvacueeID;371;Triage Status;G;EvacueeID;372;Triage Status;G;EvacueeID;374;Triage Status;G;EvacueeID;375;Triage Status;G;EvacueeID;377;Triage Status;G;EvacueeID;378;Triage Status;G;EvacueeID;379;Triage Status;G;EvacueeID;394;Triage Status;G;EvacueeID;403;Triage Status;G;EvacueeID;404;Triage Status;G;EvacueeID;405;Triage Status;G;EvacueeID;406;Triage Status;G;EvacueeID;407;Triage Status;G;EvacueeID;408;Triage Status;G;EvacueeID;409;Triage Status;G;EvacueeID;410;Triage Status;G;EvacueeID;417;Triage Status;G;EvacueeID;421;Triage Status;G;EvacueeID;422;Triage Status;G;Lives Saved;140
3753.59,3,evacueeManager,,OFF SHIP: White;0;Green;1;Yellow;12;Red;5;Black;332;ON SHIP: White;0;Green;0;Yellow;0;Red;0;Evacuees to Transfer;
3753.59,694,evacuee,outES,Evacuee 363 in triage category Y is not assigned a helicopter
3753.59,694,evacuee,,Evacuee;363;in triage state;R;is at the evacuation site
3765,1121,helicopter,,Helicopter;2;Is going to the evacuation site;;and has;0;spots taken
3775.86,3,evacueeManager,,OFF SHIP: White;0;Green;1;Yellow;12;Red;4;Black;333;ON SHIP: White;0;Green;0;Yellow;0;Red;0;Evacuees to Transfer;
3775.86,697,evacuee,outES,Evacuee 251 in triage category R is not assigned a helicopter
3775.86,697,evacuee,,Evacuee;251;in triage state;B;is at the evacuation site
3780,5,helicopterQueue,,1;Helos are waiting to land;HeloID;1
3780,1161,helicopter,outES,Helicopter 1 is evacuating people1
3780,1161,helicopter,,Helicopter;1;is waiting to land at the evacuation site;;and has;0;spots taken
3780,4,helipadManager,,;No helos are at ES
3780,5,helicopterQueue,outHM,Helicopter 1 is evacuating people1
3780,5,helicopterQueue,outHelo,Helicopter 1 is evacuating people1
3780,5,helicopterQueue,,;No helos are waiting to land
3780,104,filterES,,
3780,1120,filterES,,
3780,1160,filterES,,Helicopter;1;is evacuating people
3780,3,evacueeManager,,OFF SHIP: White;0;Green;0;Yellow;12;Red;1;Black;333;ON SHIP: White;0;Green;0;Yellow;0;Red;0;Evacuees to Transfer;;EvacueeID;470;HeloID;1;OnShip;0;Triage Status;G;EvacueeID;341;HeloID;1;OnShip;0;Triage Status;R;EvacueeID;160;HeloID;1;OnShip;0;Triage Status;R;EvacueeID;453;HeloID;1;OnShip;0;Triage Status;R
3780,4,helipadManager,outEM,Helicopter 1 is evacuating people1
3780,4,helipadManager,,Helo;1;is at the ES
3780,1160,filterES,out,Helicopter 1 is evacuating people1
3780,1160,filterES,,
3780,1161,helicopter,,Helicopter;1;is waiting to land at the evacuation site;;and has;0;spots taken
3780,3,evacueeManager,outEvac,Evacuee 470 in triage category G is assigned helicopter 1
3780,3,evacueeManager,outEvac,Evacuee 341 in triage category R is assigned helicopter 1
3780,3,evacueeManager,outEvac,Evacuee 160 in triage category R is assigned helicopter 1
3780,3,evacueeManager,outEvac,Evacuee 453 in triage category R is assigned helicopter 1
3780,3,evacueeManager,,OFF SHIP: White;0;Green;0;Yellow;12;Red;1;Black;333;ON SHIP: White;0;Green;0;Yellow;0;Red;0;Evacuees to Transfer;
3780,7,filterLoc,,
3780,10,filterLoc,,
3780,13,filterLoc,,
3780,16,filterLoc,,
3780,19,filterLoc,,
3780,22,filterLoc,,
3780,25,filterLoc,,
3780,28,filterLoc,,
3780,31,filterLoc,,
3780,34,filterLoc,,
3780,37,filterLoc,,
3780,40,filterLoc,,
3780,43,filterLoc,,
3780,46,filterLoc,,
3780,49,filterLoc,,
3780,52,filterLoc,,
3780,55,filterLoc,,
3780,58,filterLoc,,
3780,61,filterLoc,,
3780,64,filterLoc,,
3780,67,filterLoc,,
3780,70,filterLoc,,
3780,73,filterLoc,,
3780,76,filterLoc,,
3780,79,filterLoc,,
3780,82,filterLoc,,
3780,85,filterLoc,,
3780,88,filterLoc,,
3780,91,filterLoc,,
3780,94,filterLoc,,
3780,97,filterLoc,,
3780,100,filterLoc,,
3780,107,filterLoc,,
3780,110,filterLoc,,
3780,113,filterLoc,,
3780,116,filterLoc,,
3780,119,filterLoc,,
3780,122,filterLoc,,
3780,125,filterLoc,,
3780,128,filterLoc,,
3780,131,filterLoc,,
3780,134,filterLoc,,
3780,137,filterLoc,,
3780,140,filterLoc,,
3780,143,filterLoc,,
3780,146,filterLoc,,
3780,149,filterLoc,,
3780,152,filterLoc,,
3780,155,filterLoc,,
3780,158,filterLoc,,
3780,161,filterLoc,,
3780,164,filterLoc,,
3780,167,filterLoc,,
3780,170,filterLoc,,
3780,173,filterLoc,,
3780,176,filterLoc,,
3780,179,filterLoc,,
3780,182,filterLoc,,
3780,185,filterLoc,,
3780,188,filterLoc,,
3780,191,filterLoc,,
3780,194,filterLoc,,
3780,197,filterLoc,,
3780,200,filterLoc,,
3780,203,filterLoc,,
3780,206,filterLoc,,
3780,209,filterLoc,,
3780,212,filterLoc,,
3780,215,filterLoc,,
3780,218,filterLoc,,
3780,221,filterLoc,,
3780,225,filterLoc,,
3780,228,filterLoc,,
3780,231,filterLoc,,
3780,234,filterLoc,,
3780,237,filterLoc,,
3780,240,filterLoc,,
3780,243,filterLoc,,
3780,246,filterLoc,,
3780,249,filterLoc,,
3780,252,filterLoc,,
3780,255,filterLoc,,
3780,258,filterLoc,,
3780,261,filterLoc,,
3780,264,filterLoc,,
3780,267,filterLoc,,;Evacuee;341;in triage category;R;is entering helicopter;1
3780,270,filterLoc,,
3780,273,filterLoc,,
3780,276,filterLoc,,
3780,279,filterLoc,,
3780,282,filterLoc,,
3780,285,filterLoc,,
3780,288,filterLoc,,
3780,291,filterLoc,,
3780,294,filterLoc,,
3780,297,filterLoc,,
3780,300,filterLoc,,
3780,303,filterLoc,,
3780,306,filterLoc,,
3780,309,filterLoc,,
3780,312,filterLoc,,
3780,315,filterLoc,,
3780,318,filterLoc,,
3780,321,filterLoc,,
3780,324,filterLoc,,
3780,327,filterLoc,,
3780,330,filterLoc,,
3780,333,filterLoc,,
3780,336,filterLoc,,
3780,339,filterLoc,,
3780,342,filterLoc,,
3780,345,filterLoc,,
3780,348,filterLoc,,
3780,351,filterLoc,,
3780,354,filterLoc,,
3780,357,filterLoc,,
3780,360,filterLoc,,
3780,363,filterLoc,,
3780,366,filterLoc,,
3780,369,filterLoc,,
3780,372,filterLoc,,
3780,375,filterLoc,,
3780,378,filterLoc,,
3780,381,filterLoc,,
3780,384,filterLoc,,
3780,387,filterLoc,,
3780,390,filterLoc,,
3780,393,filterLoc,,
3780,396,filterLoc,,
3780,399,filterLoc,,
3780,402,filterLoc,,
3780,405,filterLoc,,
3780,408,filterLoc,,
3780,411,filterLoc,,
3780,414,filterLoc,,
3780,417,filterLoc,,
3780,420,filterLoc,,
3780,423,filterLoc,,
3780,426,filterLoc,,
3780,429,filterLoc,,
3780,432,filterLoc,,
3780,435,filterLoc,,
3780,438,filterLoc,,
3780,441,filterLoc,,
3780,444,filterLoc,,
3780,447,filterLoc,,
3780,450,filterLoc,,
3780,453,filterLoc,,
3780,456,filterLoc,,
3780,459,filterLoc,,
3780,462,filterLoc,,
3780,465,filterLoc,,
3780,468,filterLoc,,
3780,471,filterLoc,,
3780,474,filterLoc,,
3780,477,filterLoc,,
3780,480,filterLoc,,
3780,483,filterLoc,,
3780,486,filterLoc,,
3780,489,filterLoc,,
3780,492,filterLoc,,
3780,495,filterLoc,,
3780,498,filterLoc,,
3780,501,filterLoc,,
3780,504,filterLoc,,
3780,507,filterLoc,,;Evacuee;470;in triage category;G;is entering helicopter;1
3780,510,filterLoc,,
3780,513,filterLoc,,
3780,516,filterLoc,,
3780,519,filterLoc,,
3780,522,filterLoc,,
3780,525,filterLoc,,
3780,528,filterLoc,,
3780,531,filterLoc,,
3780,534,filterLoc,,
3780,537,filterLoc,,
3780,540,filterLoc,,
3780,543,filterLoc,,
3780,546,filterLoc,,
3780,549,filterLoc,,
3780,552,filterLoc,,
3780,555,filterLoc,,
3780,558,filterLoc,,
3780,561,filterLoc,,
3780,564,filterLoc,,
3780,567,filterLoc,,
3780,570,filterLoc,,
3780,573,filterLoc,,
3780,576,filterLoc,,
3780,579,filterLoc,,
3780,582,filterLoc,,
3780,585,filterLoc,,
3780,588,filterLoc,,
3780,591,filterLoc,,
3780,594,filterLoc,,
3780,597,filterLoc,,
3780,600,filterLoc,,
3780,603,filterLoc,,
3780,606,filterLoc,,
3780,609,filterLoc,,
3780,612,filterLoc,,
3780,615,filterLoc,,
3780,618,filterLoc,,
3780,621,filterLoc,,
3780,624,filterLoc,,
3780,627,filterLoc,,
3780,630,filterLoc,,
3780,633,filterLoc,,
3780,636,filterLoc,,
3780,639,filterLoc,,
3780,642,filterLoc,,
3780,645,filterLoc,,
3780,648,filterLoc,,
3780,651,filterLoc,,
3780,654,filterLoc,,
3780,657,filterLoc,,
3780,660,filterLoc,,
3780,663,filterLoc,,
3780,666,filterLoc,,
3780,669,filterLoc,,
3780,672,filterLoc,,
3780,675,filterLoc,,
3780,678,filterLoc,,
3780,681,filterLoc,,
3780,684,filterLoc,,
3780,687,filterLoc,,
3780,690,filterLoc,,
3780,693,filterLoc,,
3780,696,filterLoc,,
3780,699,filterLoc,,
3780,702,filterLoc,,
3780,705,filterLoc,,
3780,708,filterLoc,,
3780,711,filterLoc,,
3780,714,filterLoc,,
3780,717,filterLoc,,
3780,720,filterLoc,,
3780,723,filterLoc,,
3780,726,filterLoc,,
3780,729,filterLoc,,
3780,732,filterLoc,,
3780,735,filterLoc,,
3780,738,filterLoc,,
3780,741,filterLoc,,
3780,744,filterLoc,,
3780,747,filterLoc,,
3780,750,filterLoc,,
3780,753,filterLoc,,
3780,756,filterLoc,,
3780,759,filterLoc,,
3780,762,filterLoc,,
3780,765,filterLoc,,
3780,768,filterLoc,,
3780,771,filterLoc,,
3780,774,filterLoc,,
3780,777,filterLoc,,
3780,780,filterLoc,,
3780,783,filterLoc,,
3780,786,filterLoc,,
3780,789,filterLoc,,
3780,792,filterLoc,,
3780,795,filterLoc,,
3780,798,filterLoc,,
3780,801,filterLoc,,
3780,804,filterLoc,,
3780,807,filterLoc,,
3780,810,filterLoc,,
3780,813,filterLoc,,
3780,816,filterLoc,,
3780,819,filterLoc,,
3780,822,filterLoc,,
3780,825,filterLoc,,
3780,828,filterLoc,,
3780,831,filterLoc,,
3780,834,filterLoc,,
3780,837,filterLoc,,;Evacuee;453;in triage category;R;is entering helicopter;1
3780,840,filterLoc,,
3780,843,filterLoc,,
3780,846,filterLoc,,
3780,849,filterLoc,,
3780,852,filterLoc,,
3780,855,filterLoc,,
3780,858,filterLoc,,
3780,861,filterLoc,,
3780,864,filterLoc,,
3780,867,filterLoc,,
3780,870,filterLoc,,
3780,873,filterLoc,,
3780,876,filterLoc,,
3780,879,filterLoc,,
3780,882,filterLoc,,
3780,885,filterLoc,,
3780,888,filterLoc,,
3780,891,filterLoc,,
3780,894,filterLoc,,
3780,897,filterLoc,,
3780,900,filterLoc,,
3780,903,filterLoc,,
3780,906,filterLoc,,
3780,909,filterLoc,,
3780,912,filterLoc,,
3780,915,filterLoc,,
3780,918,filterLoc,,
3780,921,filterLoc,,
3780,924,filterLoc,,
3780,927,filterLoc,,
3780,930,filterLoc,,
3780,933,filterLoc,,
3780,936,filterLoc,,
3780,939,filterLoc,,
3780,942,filterLoc,,
3780,945,filterLoc,,
3780,948,filterLoc,,
3780,951,filterLoc,,
3780,954,filterLoc,,
3780,957,filterLoc,,
3780,960,filterLoc,,
3780,963,filterLoc,,
3780,966,filterLoc,,
3780,969,filterLoc,,
3780,972,filterLoc,,
3780,975,filterLoc,,
3780,978,filterLoc,,
3780,981,filterLoc,,
3780,984,filterLoc,,
3780,987,filterLoc,,
3780,990,filterLoc,,
3780,993,filterLoc,,
3780,996,filterLoc,,
3780,999,filterLoc,,
3780,1002,filterLoc,,
3780,1005,filterLoc,,
3780,1008,filterLoc,,
3780,1011,filterLoc,,
3780,1014,filterLoc,,
3780,1017,filterLoc,,
3780,1020,filterLoc,,
3780,1023,filterLoc,,
3780,1026,filterLoc,,
3780,1029,filterLoc,,
3780,1032,filterLoc,,
3780,1035,filterLoc,,
3780,1038,filterLoc,,
3780,1041,filterLoc,,
3780,1044,filterLoc,,;Evacuee;160;in triage category;R;is entering helicopter;1
3780,1047,filterLoc,,
3780,1050,filterLoc,,
3780,1053,filterLoc,,
3780,1056,filterLoc,,
3780,1059,filterLoc,,
3780,1062,filterLoc,,
3780,1065,filterLoc,,
3780,1068,filterLoc,,
3780,1071,filterLoc,,
3780,1074,filterLoc,,
3780,1077,filterLoc,,
3780,1080,filterLoc,,
3780,1083,filterLoc,,
3780,1086,filterLoc,,
3780,1089,filterLoc,,
3780,1092,filterLoc,,
3780,1095,filterLoc,,
3780,1098,filterLoc,,
3780,1101,filterLoc,,
3780,1104,filterLoc,,
3780,1107,filterLoc,,
3780,1110,filterLoc,,
3780,1113,filterLoc,,
3780,1116,filterLoc,,
3780,1123,filterLoc,,
3780,1126,filterLoc,,
3780,1129,filterLoc,,
3780,1132,filterLoc,,
3780,1135,filterLoc,,
3780,1138,filterLoc,,
3780,1141,filterLoc,,
3780,1144,filterLoc,,
3780,1147,filterLoc,,
3780,1150,filterLoc,,
3780,1153,filterLoc,,
3780,1156,filterLoc,,
3780,1161,helicopter,,Helicopter;1;is loading people at the evacuation site;;and has;0;spots taken
3780,1163,filterLoc,,
3780,1166,filterLoc,,
3780,1169,filterLoc,,
3780,1172,filterLoc,,
3780,1175,filterLoc,,
3780,1178,filterLoc,,
3780,1181,filterLoc,,
3780,1184,filterLoc,,
3780,1187,filterLoc,,
3780,1190,filterLoc,,
3780,1193,filterLoc,,
3780,1196,filterLoc,,
3780,1199,filterLoc,,
3780,1202,filterLoc,,
3780,1205,filterLoc,,
3780,1208,filterLoc,,
3780,1211,filterLoc,,
3780,1214,filterLoc,,
3780,1217,filterLoc,,
3780,1220,filterLoc,,
3780,1223,filterLoc,,
3780,1226,filterLoc,,
3780,1229,filterLoc,,
3780,1232,filterLoc,,
3780,1235,filterLoc,,
3780,1238,filterLoc,,
3780,1241,filterLoc,,
3780,1244,filterLoc,,
3780,1247,filterLoc,,
3780,1250,filterLoc,,
3780,1253,filterLoc,,
3780,1256,filterLoc,,
3780,1259,filterLoc,,
3780,1262,filterLoc,,
3780,1265,filterLoc,,
3780,1268,filterLoc,,
3780,1271,filterLoc,,
3780,1274,filterLoc,,
3780,1277,filterLoc,,
3780,1280,filterLoc,,
3780,1283,filterLoc,,
3780,1286,filterLoc,,
3780,1289,filterLoc,,
3780,1292,filterLoc,,
3780,1295,filterLoc,,
3780,1298,filterLoc,,
3780,1301,filterLoc,,
3780,1304,filterLoc,,
3780,1307,filterLoc,,
3780,1310,filterLoc,,
3780,1313,filterLoc,,
3780,1316,filterLoc,,
3780,1319,filterLoc,,
3780,1322,filterLoc,,
3780,1325,filterLoc,,
3780,1328,filterLoc,,
3780,1331,filterLoc,,
3780,1334,filterLoc,,
3780,1337,filterLoc,,
3780,1340,filterLoc,,
3780,1343,filterLoc,,
3780,1346,filterLoc,,
3780,1349,filterLoc,,
3780,1352,filterLoc,,
3780,1355,filterLoc,,
3780,1358,filterLoc,,
3780,1361,filterLoc,,
3780,1364,filterLoc,,
3780,1367,filterLoc,,
3780,1370,filterLoc,,
3780,1373,filterLoc,,
3780,1376,filterLoc,,
3780,1379,filterLoc,,
3780,1382,filterLoc,,
3780,1385,filterLoc,,
3780,1388,filterLoc,,
3780,1391,filterLoc,,
3780,1394,filterLoc,,
3780,1397,filterLoc,,
3780,1400,filterLoc,,
3780,1403,filterLoc,,
3780,1406,filterLoc,,
3780,1409,filterLoc,,
3780,1412,filterLoc,,
3780,1415,filterLoc,,
3780,1418,filterLoc,,
3780,1421,filterLoc,,
3780,1424,filterLoc,,
3780,1427,filterLoc,,
3780,1430,filterLoc,,
3780,1433,filterLoc,,
3780,1436,filterLoc,,
3780,1439,filterLoc,,
3780,1442,filterLoc,,
3780,1445,filterLoc,,
3780,1448,filterLoc,,
3780,1451,filterLoc,,
3780,1454,filterLoc,,
3780,1457,filterLoc,,
3780,1460,filterLoc,,
3780,1463,filterLoc,,
3780,1466,filterLoc,,
3780,1469,filterLoc,,
3780,1472,filterLoc,,
3780,1475,filterLoc,,
3780,1478,filterLoc,,
3780,1481,filterLoc,,
3780,1484,filterLoc,,
3780,1487,filterLoc,,
3780,1490,filterLoc,,
3780,1493,filterLoc,,
3780,1496,filterLoc,,
3780,1499,filterLoc,,
3780,1502,filterLoc,,
3780,1505,filterLoc,,
3780,1508,filterLoc,,
3780,1511,filterLoc,,
3780,1514,filterLoc,,
3780,1517,filterLoc,,
3780,267,filterLoc,out,Evacuee 341 in triage category R is assigned helicopter 1
3780,267,filterLoc,,
3780,268,evacuee,,Evacuee;341;in triage state;R;is entering helicopter;1
3780,507,filterLoc,out,Evacuee 470 in triage category G is assigned helicopter 1
3780,507,filterLoc,,
3780,508,evacuee,,Evacuee;470;in triage state;G;is entering helicopter;1
3780,837,filterLoc,out,Evacuee 453 in triage category R is assigned helicopter 1
3780,837,filterLoc,,
3780,838,evacuee,,Evacuee;453;in triage state;R;is entering helicopter;1
3780,1044,filterLoc,out,Evacuee 160 in triage category R is assigned helicopter 1
3780,1044,filterLoc,,
3780,1045,evacuee,,Evacuee;160;in triage state;R;is entering helicopter;1
3780,103,filterEvac,,
3780,268,evacuee,outHelo,Evacuee 341 in triage category R is assigned helicopter 1
3780,268,evacuee,,Evacuee;341;in triage state;R;is in helicopter;1
3780,508,evacuee,outHelo,Evacuee 470 in triage category G is assigned helicopter 1
3780,508,evacuee,,Evacuee;470;in triage state;G;is in helicopter;1
3780,838,evacuee,outHelo,Evacuee 453 in triage category R is assigned helicopter 1
3780,838,evacuee,,Evacuee;453;in triage state;R;is in helicopter;1
3780,1045,evacuee,outHelo,Evacuee 160 in triage category R is assigned helicopter 1
3780,1045,evacuee,,Evacuee;160;in triage state;R;is in helicopter;1
3780,1119,filterEvac,,
3780,1159,filterEvac,,;Evacuee;160;in triage category;R;is entering helicopter;1;Evacuee;341;in triage category;R;is entering helicopter;1;Evacuee;453;in triage category;R;is entering helicopter;1;Evacuee;470;in triage category;G;is entering helicopter;1
3780,1159,filterEvac,out,Evacuee 160 in triage category R is assigned helicopter 1
3780,1159,filterEvac,out,Evacuee 341 in triage category R is assigned helicopter 1
3780,1159,filterEvac,out,Evacuee 453 in triage category R is assigned helicopter 1
3780,1159,filterEvac,out,Evacuee 470 in triage category G is assigned helicopter 1
3780,1159,filterEvac,,
3780,1161,helicopter,,Helicopter;1;is loading people at the evacuation site;;and has;10;spots taken
3795,4,helipadManager,outHelo,Helicopter 1 is evacuating people1
3795,4,helipadManager,,;No helos are at ES
3795,104,filterES,,
3795,1120,filterES,,
3795,1160,filterES,,Helicopter;1;is evacuating people
3795,4,helipadManager,outHQ,0
3795,4,helipadManager,,;No helos are at ES
3795,5,helicopterQueue,,;No helos are waiting to land
3795,1160,filterES,out,Helicopter 1 is evacuating people1
3795,1160,filterES,,
3795,1161,helicopter,,Helicopter;1;is loading people at the evacuation site;;and has;10;spots taken
3795,5,helicopterQueue,,;No helos are waiting to land
3795,1161,helicopter,,Helicopter;1;is returning to the FOL;;and has;10;spots taken
3810,7,filterLoc,,
3810,10,filterLoc,,
3810,13,filterLoc,,
3810,16,filterLoc,,
3810,19,filterLoc,,
3810,22,filterLoc,,
3810,25,filterLoc,,
3810,28,filterLoc,,
3810,31,filterLoc,,
3810,34,filterLoc,,
3810,37,filterLoc,,
3810,40,filterLoc,,
3810,43,filterLoc,,
3810,46,filterLoc,,
3810,49,filterLoc,,
3810,52,filterLoc,,
3810,55,filterLoc,,
3810,58,filterLoc,,;Evacuee;463;in triage category;G;is leaving helicopter;3
3810,61,filterLoc,,;Evacuee;462;in triage category;G;is leaving helicopter;3
3810,64,filterLoc,,;Evacuee;461;in triage category;G;is leaving helicopter;3
3810,67,filterLoc,,;Evacuee;459;in triage category;G;is leaving helicopter;3
3810,70,filterLoc,,
3810,73,filterLoc,,;Evacuee;458;in triage category;G;is leaving helicopter;3
3810,76,filterLoc,,;Evacuee;456;in triage category;G;is leaving helicopter;3
3810,79,filterLoc,,
3810,82,filterLoc,,
3810,85,filterLoc,,
3810,88,filterLoc,,
3810,91,filterLoc,,
3810,94,filterLoc,,
3810,97,filterLoc,,
3810,100,filterLoc,,
3810,105,helicopter,outEvac,Evacuee 438 in triage category G is not assigned a helicopter
3810,105,helicopter,outEvac,Evacuee 444 in triage category G is not assigned a helicopter
3810,105,helicopter,outEvac,Evacuee 451 in triage category G is not assigned a helicopter
3810,105,helicopter,outEvac,Evacuee 456 in triage category G is not assigned a helicopter
3810,105,helicopter,outEvac,Evacuee 458 in triage category G is not assigned a helicopter
3810,105,helicopter,outEvac,Evacuee 459 in triage category G is not assigned a helicopter
3810,105,helicopter,outEvac,Evacuee 461 in triage category G is not assigned a helicopter
3810,105,helicopter,outEvac,Evacuee 462 in triage category G is not assigned a helicopter
3810,105,helicopter,outEvac,Evacuee 463 in triage category G is not assigned a helicopter
3810,105,helicopter,outEvac,Evacuee 469 in triage category G is not assigned a helicopter
3810,105,helicopter,,Helicopter;3;is unloading people at the FOL;;and has;0;spots taken
3810,107,filterLoc,,
3810,110,filterLoc,,
3810,113,filterLoc,,
3810,116,filterLoc,,
3810,119,filterLoc,,
3810,122,filterLoc,,
3810,125,filterLoc,,
3810,128,filterLoc,,
3810,131,filterLoc,,
3810,134,filterLoc,,
3810,137,filterLoc,,
3810,140,filterLoc,,
3810,143,filterLoc,,
3810,146,filterLoc,,
3810,149,filterLoc,,
3810,152,filterLoc,,
3810,155,filterLoc,,
3810,158,filterLoc,,
3810,161,filterLoc,,
3810,164,filterLoc,,
3810,167,filterLoc,,
3810,170,filterLoc,,
3810,173,filterLoc,,
3810,176,filterLoc,,
3810,179,filterLoc,,
3810,182,filterLoc,,
3810,185,filterLoc,,
3810,188,filterLoc,,
3810,191,filterLoc,,
3810,194,filterLoc,,
3810,197,filterLoc,,
3810,200,filterLoc,,
3810,203,filterLoc,,
3810,206,filterLoc,,
3810,209,filterLoc,,
3810,212,filterLoc,,
3810,215,filterLoc,,
3810,218,filterLoc,,
3810,221,filterLoc,,
3810,225,filterLoc,,
3810,228,filterLoc,,
3810,231,filterLoc,,
3810,234,filterLoc,,
3810,237,filterLoc,,
3810,240,filterLoc,,
3810,243,filterLoc,,
3810,246,filterLoc,,
3810,249,filterLoc,,
3810,252,filterLoc,,
3810,255,filterLoc,,
3810,258,filterLoc,,
3810,261,filterLoc,,
3810,264,filterLoc,,
3810,267,filterLoc,,
3810,270,filterLoc,,
3810,273,filterLoc,,
3810,276,filterLoc,,
3810,279,filterLoc,,
3810,282,filterLoc,,
3810,285,filterLoc,,
3810,288,filterLoc,,
3810,291,filterLoc,,
3810,294,filterLoc,,
3810,297,filterLoc,,
3810,300,filterLoc,,
3810,303,filterLoc,,
3810,306,filterLoc,,
3810,309,filterLoc,,
3810,312,filterLoc,,
3810,315,filterLoc,,
3810,318,filterLoc,,
3810,321,filterLoc,,
3810,324,filterLoc,,
3810,327,filterLoc,,
3810,330,filterLoc,,
3810,333,filterLoc,,
3810,336,filterLoc,,
3810,339,filterLoc,,
3810,342,filterLoc,,
3810,345,filterLoc,,
3810,348,filterLoc,,
3810,351,filterLoc,,
3810,354,filterLoc,,
3810,357,filterLoc,,
3810,360,filterLoc,,
3810,363,filterLoc,,
3810,366,filterLoc,,
3810,369,filterLoc,,
3810,372,filterLoc,,
3810,375,filterLoc,,
3810,378,filterLoc,,
3810,381,filterLoc,,
3810,384,filterLoc,,
3810,387,filterLoc,,
3810,390,filterLoc,,
3810,393,filterLoc,,
3810,396,filterLoc,,
3810,399,filterLoc,,
3810,402,filterLoc,,
3810,405,filterLoc,,
3810,408,filterLoc,,
3810,411,filterLoc,,
3810,414,filterLoc,,
3810,417,filterLoc,,
3810,420,filterLoc,,
3810,423,filterLoc,,
3810,426,filterLoc,,
3810,429,filterLoc,,
3810,432,filterLoc,,
3810,435,filterLoc,,
3810,438,filterLoc,,
3810,441,filterLoc,,
3810,444,filterLoc,,
3810,447,filterLoc,,
3810,450,filterLoc,,
3810,453,filterLoc,,
3810,456,filterLoc,,
3810,459,filterLoc,,
3810,462,filterLoc,,
3810,465,filterLoc,,
3810,468,filterLoc,,
3810,471,filterLoc,,
3810,474,filterLoc,,
3810,477,filterLoc,,
3810,480,filterLoc,,
3810,483,filterLoc,,
3810,486,filterLoc,,
3810,489,filterLoc,,
3810,492,filterLoc,,
3810,495,filterLoc,,
3810,498,filterLoc,,
3810,501,filterLoc,,
3810,504,filterLoc,,
3810,507,filterLoc,,
3810,510,filterLoc,,;Evacuee;469;in triage category;G;is leaving helicopter;3
3810,513,filterLoc,,
3810,516,filterLoc,,
3810,519,filterLoc,,
3810,522,filterLoc,,
3810,525,filterLoc,,
3810,528,filterLoc,,
3810,531,filterLoc,,
3810,534,filterLoc,,
3810,537,filterLoc,,
3810,540,filterLoc,,
3810,543,filterLoc,,
3810,546,filterLoc,,
3810,549,filterLoc,,
3810,552,filterLoc,,
3810,555,filterLoc,,
3810,558,filterLoc,,
3810,561,filterLoc,,
3810,564,filterLoc,,
3810,567,filterLoc,,
3810,570,filterLoc,,
3810,573,filterLoc,,
3810,576,filterLoc,,
3810,579,filterLoc,,
3810,582,filterLoc,,
3810,585,filterLoc,,
3810,588,filterLoc,,
3810,591,filterLoc,,
3810,594,filterLoc,,
3810,597,filterLoc,,
3810,600,filterLoc,,
3810,603,filterLoc,,
3810,606,filterLoc,,
3810,609,filterLoc,,
3810,612,filterLoc,,
3810,615,filterLoc,,
3810,618,filterLoc,,
3810,621,filterLoc,,
3810,624,filterLoc,,
3810,627,filterLoc,,
3810,630,filterLoc,,
3810,633,filterLoc,,
3810,636,filterLoc,,
3810,639,filterLoc,,;Evacuee;444;in triage category;G;is leaving helicopter;3
3810,642,filterLoc,,
3810,645,filterLoc,,
3810,648,filterLoc,,
3810,651,filterLoc,,
3810,654,filterLoc,,
3810,657,filterLoc,,
3810,660,filterLoc,,
3810,663,filterLoc,,
3810,666,filterLoc,,
3810,669,filterLoc,,
3810,672,filterLoc,,
3810,675,filterLoc,,
3810,678,filterLoc,,
3810,681,filterLoc,,
3810,684,filterLoc,,
3810,687,filterLoc,,
3810,690,filterLoc,,
3810,693,filterLoc,,
3810,696,filterLoc,,
3810,699,filterLoc,,
3810,702,filterLoc,,
3810,705,filterLoc,,
3810,708,filterLoc,,
3810,711,filterLoc,,
3810,714,filterLoc,,
3810,717,filterLoc,,
3810,720,filterLoc,,
3810,723,filterLoc,,
3810,726,filterLoc,,
3810,729,filterLoc,,
3810,732,filterLoc,,
3810,735,filterLoc,,
3810,738,filterLoc,,
3810,741,filterLoc,,
3810,744,filterLoc,,
3810,747,filterLoc,,
3810,750,filterLoc,,
3810,753,filterLoc,,
3810,756,filterLoc,,
3810,759,filterLoc,,
3810,762,filterLoc,,
3810,765,filterLoc,,
3810,768,filterLoc,,
3810,771,filterLoc,,
3810,774,filterLoc,,
3810,777,filterLoc,,
3810,780,filterLoc,,
3810,783,filterLoc,,
3810,786,filterLoc,,
3810,789,filterLoc,,
3810,792,filterLoc,,
3810,795,filterLoc,,
3810,798,filterLoc,,
3810,801,filterLoc,,
3810,804,filterLoc,,
3810,807,filterLoc,,
3810,810,filterLoc,,
3810,813,filterLoc,,
3810,816,filterLoc,,
3810,819,filterLoc,,
3810,822,filterLoc,,
3810,825,filterLoc,,
3810,828,filterLoc,,
3810,831,filterLoc,,
3810,834,filterLoc,,
3810,837,filterLoc,,
3810,840,filterLoc,,
3810,843,filterLoc,,
3810,846,filterLoc,,
3810,849,filterLoc,,
3810,852,filterLoc,,
3810,855,filterLoc,,
3810,858,filterLoc,,
3810,861,filterLoc,,
3810,864,filterLoc,,
3810,867,filterLoc,,
3810,870,filterLoc,,
3810,873,filterLoc,,
3810,876,filterLoc,,
3810,879,filterLoc,,
3810,882,filterLoc,,
3810,885,filterLoc,,
3810,888,filterLoc,,
3810,891,filterLoc,,
3810,894,filterLoc,,
3810,897,filterLoc,,
3810,900,filterLoc,,
3810,903,filterLoc,,
3810,906,filterLoc,,
3810,909,filterLoc,,
3810,912,filterLoc,,;Evacuee;451;in triage category;G;is leaving helicopter;3
3810,915,filterLoc,,
3810,918,filterLoc,,
3810,921,filterLoc,,
3810,924,filterLoc,,
3810,927,filterLoc,,
3810,930,filterLoc,,
3810,933,filterLoc,,
3810,936,filterLoc,,
3810,939,filterLoc,,
3810,942,filterLoc,,
3810,945,filterLoc,,
3810,948,filterLoc,,
3810,951,filterLoc,,
3810,954,filterLoc,,
3810,957,filterLoc,,
3810,960,filterLoc,,
3810,963,filterLoc,,
3810,966,filterLoc,,
3810,969,filterLoc,,
3810,972,filterLoc,,
3810,975,filterLoc,,
3810,978,filterLoc,,
3810,981,filterLoc,,
3810,984,filterLoc,,
3810,987,filterLoc,,
3810,990,filterLoc,,
3810,993,filterLoc,,
3810,996,filterLoc,,
3810,999,filterLoc,,
3810,1002,filterLoc,,
3810,1005,filterLoc,,
3810,1008,filterLoc,,
3810,1011,filterLoc,,
3810,1014,filterLoc,,
3810,1017,filterLoc,,
3810,1020,filterLoc,,
3810,1023,filterLoc,,
3810,1026,filterLoc,,
3810,1029,filterLoc,,
3810,1032,filterLoc,,
3810,1035,filterLoc,,
3810,1038,filterLoc,,
3810,1041,filterLoc,,
3810,1044,filterLoc,,
3810,1047,filterLoc,,
3810,1050,filterLoc,,
3810,1053,filterLoc,,
3810,1056,filterLoc,,
3810,1059,filterLoc,,
3810,1062,filterLoc,,
3810,1065,filterLoc,,
3810,1068,filterLoc,,
3810,1071,filterLoc,,
3810,1074,filterLoc,,
3810,1077,filterLoc,,
3810,1080,filterLoc,,
3810,1083,filterLoc,,
3810,1086,filterLoc,,
3810,1089,filterLoc,,
3810,1092,filterLoc,,
3810,1095,filterLoc,,
3810,1098,filterLoc,,
3810,1101,filterLoc,,
3810,1104,filterLoc,,
3810,1107,filterLoc,,
3810,1110,filterLoc,,
3810,1113,filterLoc,,
3810,1116,filterLoc,,
3810,1123,filterLoc,,
3810,1126,filterLoc,,
3810,1129,filterLoc,,
3810,1132,filterLoc,,
3810,1135,filterLoc,,
3810,1138,filterLoc,,
3810,1141,filterLoc,,
3810,1144,filterLoc,,
3810,1147,filterLoc,,
3810,1150,filterLoc,,
3810,1153,filterLoc,,
3810,1156,filterLoc,,
3810,1163,filterLoc,,
3810,1166,filterLoc,,
3810,1169,filterLoc,,
3810,1172,filterLoc,,
3810,1175,filterLoc,,
3810,1178,filterLoc,,
3810,1181,filterLoc,,
3810,1184,filterLoc,,
3810,1187,filterLoc,,
3810,1190,filterLoc,,
3810,1193,filterLoc,,
3810,1196,filterLoc,,
3810,1199,filterLoc,,
3810,1202,filterLoc,,
3810,1205,filterLoc,,
3810,1208,filterLoc,,
3810,1211,filterLoc,,
3810,1214,filterLoc,,
3810,1217,filterLoc,,
3810,1220,filterLoc,,
3810,1223,filterLoc,,
3810,1226,filterLoc,,
3810,1229,filterLoc,,
3810,1232,filterLoc,,
3810,1235,filterLoc,,
3810,1238,filterLoc,,
3810,1241,filterLoc,,
3810,1244,filterLoc,,
3810,1247,filterLoc,,
3810,1250,filterLoc,,
3810,1253,filterLoc,,
3810,1256,filterLoc,,
3810,1259,filterLoc,,
3810,1262,filterLoc,,
3810,1265,filterLoc,,
3810,1268,filterLoc,,
3810,1271,filterLoc,,
3810,1274,filterLoc,,;Evacuee;438;in triage category;G;is leaving helicopter;3
3810,1277,filterLoc,,
3810,1280,filterLoc,,
3810,1283,filterLoc,,
3810,1286,filterLoc,,
3810,1289,filterLoc,,
3810,1292,filterLoc,,
3810,1295,filterLoc,,
3810,1298,filterLoc,,
3810,1301,filterLoc,,
3810,1304,filterLoc,,
3810,1307,filterLoc,,
3810,1310,filterLoc,,
3810,1313,filterLoc,,
3810,1316,filterLoc,,
3810,1319,filterLoc,,
3810,1322,filterLoc,,
3810,1325,filterLoc,,
3810,1328,filterLoc,,
3810,1331,filterLoc,,
3810,1334,filterLoc,,
3810,1337,filterLoc,,
3810,1340,filterLoc,,
3810,1343,filterLoc,,
3810,1346,filterLoc,,
3810,1349,filterLoc,,
3810,1352,filterLoc,,
3810,1355,filterLoc,,
3810,1358,filterLoc,,
3810,1361,filterLoc,,
3810,1364,filterLoc,,
3810,1367,filterLoc,,
3810,1370,filterLoc,,
3810,1373,filterLoc,,
3810,1376,filterLoc,,
3810,1379,filterLoc,,
3810,1382,filterLoc,,
3810,1385,filterLoc,,
3810,1388,filterLoc,,
3810,1391,filterLoc,,
3810,1394,filterLoc,,
3810,1397,filterLoc,,
3810,1400,filterLoc,,
3810,1403,filterLoc,,
3810,1406,filterLoc,,
3810,1409,filterLoc,,
3810,1412,filterLoc,,
3810,1415,filterLoc,,
3810,1418,filterLoc,,
3810,1421,filterLoc,,
3810,1424,filterLoc,,
3810,1427,filterLoc,,
3810,1430,filterLoc,,
3810,1433,filterLoc,,
3810,1436,filterLoc,,
3810,1439,filterLoc,,
3810,1442,filterLoc,,
3810,1445,filterLoc,,
3810,1448,filterLoc,,
3810,1451,filterLoc,,
3810,1454,filterLoc,,
3810,1457,filterLoc,,
3810,1460,filterLoc,,
3810,1463,filterLoc,,
3810,1466,filterLoc,,
3810,1469,filterLoc,,
3810,1472,filterLoc,,
3810,1475,filterLoc,,
3810,1478,filterLoc,,
3810,1481,filterLoc,,
3810,1484,filterLoc,,
3810,1487,filterLoc,,
3810,1490,filterLoc,,
3810,1493,filterLoc,,
3810,1496,filterLoc,,
3810,1499,filterLoc,,
3810,1502,filterLoc,,
3810,1505,filterLoc,,
3810,1508,filterLoc,,
3810,1511,filterLoc,,
3810,1514,filterLoc,,
3810,1517,filterLoc,,
3810,58,filterLoc,out,Evacuee 463 in triage category G is not assigned a helicopter
3810,58,filterLoc,,
3810,59,evacuee,,Evacuee;463;in triage state;G;is entering the FOL
3810,61,filterLoc,out,Evacuee 462 in triage category G is not assigned a helicopter
3810,61,filterLoc,,
3810,62,evacuee,,Evacuee;462;in triage state;G;is entering the FOL
3810,64,filterLoc,out,Evacuee 461 in triage category G is not assigned a helicopter
3810,64,filterLoc,,
3810,65,evacuee,,Evacuee;461;in triage state;G;is entering the FOL
3810,67,filterLoc,out,Evacuee 459 in triage category G is not assigned a helicopter
3810,67,filterLoc,,
3810,68,evacuee,,Evacuee;459;in triage state;G;is entering the FOL
3810,73,filterLoc,out,Evacuee 458 in triage category G is not assigned a helicopter
3810,73,filterLoc,,
3810,74,evacuee,,Evacuee;458;in triage state;G;is entering the FOL
3810,76,filterLoc,out,Evacuee 456 in triage category G is not assigned a helicopter
3810,76,filterLoc,,
3810,77,evacuee,,Evacuee;456;in triage state;G;is entering the FOL
3810,510,filterLoc,out,Evacuee 469 in triage category G is not assigned a helicopter
3810,510,filterLoc,,
3810,511,evacuee,,Evacuee;469;in triage state;G;is entering the FOL
3810,639,filterLoc,out,Evacuee 444 in triage category G is not assigned a helicopter
3810,639,filterLoc,,
3810,640,evacuee,,Evacuee;444;in triage state;G;is entering the FOL
3810,912,filterLoc,out,Evacuee 451 in triage category G is not assigned a helicopter
3810,912,filterLoc,,
3810,913,evacuee,,Evacuee;451;in triage state;G;is entering the FOL
3810,1274,filterLoc,out,Evacuee 438 in triage category G is not assigned a helicopter
3810,1274,filterLoc,,
3810,1275,evacuee,,Evacuee;438;in triage state;G;is entering the FOL
3810,59,evacuee,outFOL,Evacuee 463 in triage category G is not assigned a helicopter
3810,59,evacuee,,Evacuee;463;in triage state;G;is at the FOL
3810,62,evacuee,outFOL,Evacuee 462 in triage category G is not assigned a helicopter
3810,62,evacuee,,Evacuee;462;in triage state;G;is at the FOL
3810,65,evacuee,outFOL,Evacuee 461 in triage category G is not assigned a helicopter
3810,65,evacuee,,Evacuee;461;in triage state;G;is at the FOL
3810,68,evacuee,outFOL,Evacuee 459 in triage category G is not assigned a helicopter
3810,68,evacuee,,Evacuee;459;in triage state;G;is at the FOL
3810,74,evacuee,outFOL,Evacuee 458 in triage category G is not assigned a helicopter
3810,74,evacuee,,Evacuee;458;in triage state;G;is at the FOL
3810,77,evacuee,outFOL,Evacuee 456 in triage category G is not assigned a helicopter
3810,77,evacuee,,Evacuee;456;in triage state;G;is at the FOL
3810,223,FOL,,;EvacueeID;3;Triage Status;G;EvacueeID;5;Triage Status;G;EvacueeID;6;Triage Status;G;EvacueeID;7;Triage Status;G;EvacueeID;8;Triage Status;G;EvacueeID;16;Triage Status;G;EvacueeID;20;Triage Status;G;EvacueeID;21;Triage Status;G;EvacueeID;27;Triage Status;G;EvacueeID;35;Triage Status;G;EvacueeID;36;Triage Status;G;EvacueeID;39;Triage Status;G;EvacueeID;41;Triage Status;G;EvacueeID;42;Triage Status;G;EvacueeID;47;Triage Status;G;EvacueeID;49;Triage Status;G;EvacueeID;51;Triage Status;G;EvacueeID;52;Triage Status;G;EvacueeID;56;Triage Status;G;EvacueeID;62;Triage Status;G;EvacueeID;63;Triage Status;G;EvacueeID;66;Triage Status;G;EvacueeID;68;Triage Status;G;EvacueeID;69;Triage Status;G;EvacueeID;70;Triage Status;G;EvacueeID;72;Triage Status;G;EvacueeID;79;Triage Status;G;EvacueeID;80;Triage Status;G;EvacueeID;84;Triage Status;G;EvacueeID;86;Triage Status;G;EvacueeID;87;Triage Status;G;EvacueeID;89;Triage Status;G;EvacueeID;94;Triage Status;G;EvacueeID;96;Triage Status;G;EvacueeID;97;Triage Status;G;EvacueeID;101;Triage Status;G;EvacueeID;103;Triage Status;G;EvacueeID;107;Triage Status;G;EvacueeID;110;Triage Status;G;EvacueeID;111;Triage Status;G;EvacueeID;113;Triage Status;G;EvacueeID;115;Triage Status;G;EvacueeID;118;Triage Status;G;EvacueeID;120;Triage Status;G;EvacueeID;124;Triage Status;G;EvacueeID;128;Triage Status;G;EvacueeID;130;Triage Status;G;EvacueeID;132;Triage Status;G;EvacueeID;133;Triage Status;G;EvacueeID;134;Triage Status;G;EvacueeID;135;Triage Status;G;EvacueeID;137;Triage Status;G;EvacueeID;138;Triage Status;G;EvacueeID;139;Triage Status;G;EvacueeID;140;Triage Status;G;EvacueeID;141;Triage Status;G;EvacueeID;143;Triage Status;G;EvacueeID;146;Triage Status;G;EvacueeID;154;Triage Status;G;EvacueeID;155;Triage Status;G;EvacueeID;157;Triage Status;G;EvacueeID;166;Triage Status;G;EvacueeID;167;Triage Status;G;EvacueeID;172;Triage Status;G;EvacueeID;173;Triage Status;G;EvacueeID;175;Triage Status;G;EvacueeID;178;Triage Status;G;EvacueeID;180;Triage Status;G;EvacueeID;186;Triage Status;G;EvacueeID;189;Triage Status;G;EvacueeID;191;Triage Status;G;EvacueeID;194;Triage Status;G;EvacueeID;196;Triage Status;G;EvacueeID;198;Triage Status;G;EvacueeID;199;Triage Status;G;EvacueeID;206;Triage Status;G;EvacueeID;207;Triage Status;G;EvacueeID;211;Triage Status;G;EvacueeID;217;Triage Status;G;EvacueeID;223;Triage Status;G;EvacueeID;228;Triage Status;G;EvacueeID;229;Triage Status;G;EvacueeID;237;Triage Status;G;EvacueeID;238;Triage Status;G;EvacueeID;239;Triage Status;G;EvacueeID;240;Triage Status;G;EvacueeID;242;Triage Status;G;EvacueeID;243;Triage Status;G;EvacueeID;245;Triage Status;G;EvacueeID;250;Triage Status;G;EvacueeID;253;Triage Status;G;EvacueeID;265;Triage Status;G;EvacueeID;269;Triage Status;G;EvacueeID;270;Triage Status;G;EvacueeID;272;Triage Status;G;EvacueeID;273;Triage Status;G;EvacueeID;274;Triage Status;G;EvacueeID;277;Triage Status;G;EvacueeID;285;Triage Status;G;EvacueeID;286;Triage Status;G;EvacueeID;293;Triage Status;G;EvacueeID;294;Triage Status;G;EvacueeID;295;Triage Status;G;EvacueeID;297;Triage Status;G;EvacueeID;301;Triage Status;G;EvacueeID;303;Triage Status;G;EvacueeID;304;Triage Status;G;EvacueeID;305;Triage Status;G;EvacueeID;306;Triage Status;G;EvacueeID;310;Triage Status;G;EvacueeID;314;Triage Status;G;EvacueeID;315;Triage Status;G;EvacueeID;327;Triage Status;G;EvacueeID;328;Triage Status;G;EvacueeID;330;Triage Status;G;EvacueeID;331;Triage Status;G;EvacueeID;335;Triage Status;G;EvacueeID;337;Triage Status;G;EvacueeID;352;Triage Status;G;EvacueeID;359;Triage Status;G;EvacueeID;367;Triage Status;G;EvacueeID;371;Triage Status;G;EvacueeID;372;Triage Status;G;EvacueeID;374;Triage Status;G;EvacueeID;375;Triage Status;G;EvacueeID;377;Triage Status;G;EvacueeID;378;Triage Status;G;EvacueeID;379;Triage Status;G;EvacueeID;394;Triage Status;G;EvacueeID;403;Triage Status;G;EvacueeID;404;Triage Status;G;EvacueeID;405;Triage Status;G;EvacueeID;406;Triage Status;G;EvacueeID;407;Triage Status;G;EvacueeID;408;Triage Status;G;EvacueeID;409;Triage Status;G;EvacueeID;410;Triage Status;G;EvacueeID;417;Triage Status;G;EvacueeID;421;Triage Status;G;EvacueeID;422;Triage Status;G;EvacueeID;438;Triage Status;G;EvacueeID;444;Triage Status;G;EvacueeID;451;Triage Status;G;EvacueeID;456;Triage Status;G;EvacueeID;458;Triage Status;G;EvacueeID;459;Triage Status;G;EvacueeID;461;Triage Status;G;EvacueeID;462;Triage Status;G;EvacueeID;463;Triage Status;G;EvacueeID;469;Triage Status;G;Lives Saved;150
3810,511,evacuee,outFOL,Evacuee 469 in triage category G is not assigned a helicopter
3810,511,evacuee,,Evacuee;469;in triage state;G;is at the FOL
3810,640,evacuee,outFOL,Evacuee 444 in triage category G is not assigned a helicopter
3810,640,evacuee,,Evacuee;444;in triage state;G;is at the FOL
3810,913,evacuee,outFOL,Evacuee 451 in triage category G is not assigned a helicopter
3810,913,evacuee,,Evacuee;451;in triage state;G;is at the FOL
3810,1275,evacuee,outFOL,Evacuee 438 in triage category G is not assigned a helicopter
3810,1275,evacuee,,Evacuee;438;in triage state;G;is at the FOL
3810,223,FOL,,;EvacueeID;3;Triage Status;G;EvacueeID;5;Triage Status;G;EvacueeID;6;Triage Status;G;EvacueeID;7;Triage Status;G;EvacueeID;8;Triage Status;G;EvacueeID;16;Triage Status;G;EvacueeID;20;Triage Status;G;EvacueeID;21;Triage Status;G;EvacueeID;27;Triage Status;G;EvacueeID;35;Triage Status;G;EvacueeID;36;Triage Status;G;EvacueeID;39;Triage Status;G;EvacueeID;41;Triage Status;G;EvacueeID;42;Triage Status;G;EvacueeID;47;Triage Status;G;EvacueeID;49;Triage Status;G;EvacueeID;51;Triage Status;G;EvacueeID;52;Triage Status;G;EvacueeID;56;Triage Status;G;EvacueeID;62;Triage Status;G;EvacueeID;63;Triage Status;G;EvacueeID;66;Triage Status;G;EvacueeID;68;Triage Status;G;EvacueeID;69;Triage Status;G;EvacueeID;70;Triage Status;G;EvacueeID;72;Triage Status;G;EvacueeID;79;Triage Status;G;EvacueeID;80;Triage Status;G;EvacueeID;84;Triage Status;G;EvacueeID;86;Triage Status;G;EvacueeID;87;Triage Status;G;EvacueeID;89;Triage Status;G;EvacueeID;94;Triage Status;G;EvacueeID;96;Triage Status;G;EvacueeID;97;Triage Status;G;EvacueeID;101;Triage Status;G;EvacueeID;103;Triage Status;G;EvacueeID;107;Triage Status;G;EvacueeID;110;Triage Status;G;EvacueeID;111;Triage Status;G;EvacueeID;113;Triage Status;G;EvacueeID;115;Triage Status;G;EvacueeID;118;Triage Status;G;EvacueeID;120;Triage Status;G;EvacueeID;124;Triage Status;G;EvacueeID;128;Triage Status;G;EvacueeID;130;Triage Status;G;EvacueeID;132;Triage Status;G;EvacueeID;133;Triage Status;G;EvacueeID;134;Triage Status;G;EvacueeID;135;Triage Status;G;EvacueeID;137;Triage Status;G;EvacueeID;138;Triage Status;G;EvacueeID;139;Triage Status;G;EvacueeID;140;Triage Status;G;EvacueeID;141;Triage Status;G;EvacueeID;143;Triage Status;G;EvacueeID;146;Triage Status;G;EvacueeID;154;Triage Status;G;EvacueeID;155;Triage Status;G;EvacueeID;157;Triage Status;G;EvacueeID;166;Triage Status;G;EvacueeID;167;Triage Status;G;EvacueeID;172;Triage Status;G;EvacueeID;173;Triage Status;G;EvacueeID;175;Triage Status;G;EvacueeID;178;Triage Status;G;EvacueeID;180;Triage Status;G;EvacueeID;186;Triage Status;G;EvacueeID;189;Triage Status;G;EvacueeID;191;Triage Status;G;EvacueeID;194;Triage Status;G;EvacueeID;196;Triage Status;G;EvacueeID;198;Triage Status;G;EvacueeID;199;Triage Status;G;EvacueeID;206;Triage Status;G;EvacueeID;207;Triage Status;G;EvacueeID;211;Triage Status;G;EvacueeID;217;Triage Status;G;EvacueeID;223;Triage Status;G;EvacueeID;228;Triage Status;G;EvacueeID;229;Triage Status;G;EvacueeID;237;Triage Status;G;EvacueeID;238;Triage Status;G;EvacueeID;239;Triage Status;G;EvacueeID;240;Triage Status;G;EvacueeID;242;Triage Status;G;EvacueeID;243;Triage Status;G;EvacueeID;245;Triage Status;G;EvacueeID;250;Triage Status;G;EvacueeID;253;Triage Status;G;EvacueeID;265;Triage Status;G;EvacueeID;269;Triage Status;G;EvacueeID;270;Triage Status;G;EvacueeID;272;Triage Status;G;EvacueeID;273;Triage Status;G;EvacueeID;274;Triage Status;G;EvacueeID;277;Triage Status;G;EvacueeID;285;Triage Status;G;EvacueeID;286;Triage Status;G;EvacueeID;293;Triage Status;G;EvacueeID;294;Triage Status;G;EvacueeID;295;Triage Status;G;EvacueeID;297;Triage Status;G;EvacueeID;301;Triage Status;G;EvacueeID;303;Triage Status;G;EvacueeID;304;Triage Status;G;EvacueeID;305;Triage Status;G;EvacueeID;306;Triage Status;G;EvacueeID;310;Triage Status;G;EvacueeID;314;Triage Status;G;EvacueeID;315;Triage Status;G;EvacueeID;327;Triage Status;G;EvacueeID;328;Triage Status;G;EvacueeID;330;Triage Status;G;EvacueeID;331;Triage Status;G;EvacueeID;335;Triage Status;G;EvacueeID;337;Triage Status;G;EvacueeID;352;Triage Status;G;EvacueeID;359;Triage Status;G;EvacueeID;367;Triage Status;G;EvacueeID;371;Triage Status;G;EvacueeID;372;Triage Status;G;EvacueeID;374;Triage Status;G;EvacueeID;375;Triage Status;G;EvacueeID;377;Triage Status;G;EvacueeID;378;Triage Status;G;EvacueeID;379;Triage Status;G;EvacueeID;394;Triage Status;G;EvacueeID;403;Triage Status;G;EvacueeID;404;Triage Status;G;EvacueeID;405;Triage Status;G;EvacueeID;406;Triage Status;G;EvacueeID;407;Triage Status;G;EvacueeID;408;Triage Status;G;EvacueeID;409;Triage Status;G;EvacueeID;410;Triage Status;G;EvacueeID;417;Triage Status;G;EvacueeID;421;Triage Status;G;EvacueeID;422;Triage Status;G;EvacueeID;438;Triage Status;G;EvacueeID;444;Triage Status;G;EvacueeID;451;Triage Status;G;EvacueeID;456;Triage Status;G;EvacueeID;458;Triage Status;G;EvacueeID;459;Triage Status;G;EvacueeID;461;Triage Status;G;EvacueeID;462;Triage Status;G;EvacueeID;463;Triage Status;G;EvacueeID;469;Triage Status;G;Lives Saved;150
3819.27,3,evacueeManager,,OFF SHIP: White;0;Green;0;Yellow;11;Red;2;Black;333;ON SHIP: White;0;Green;0;Yellow;0;Red;0;Evacuees to Transfer;
3819.27,484,evacuee,outES,Evacuee 117 in triage category Y is not assigned a helicopter
3819.27,484,evacuee,,Evacuee;117;in triage state;R;is at the evacuation site
3820.17,3,evacueeManager,,OFF SHIP: White;0;Green;0;Yellow;11;Red;1;Black;334;ON SHIP: White;0;Green;0;Yellow;0;Red;0;Evacuees to Transfer;
3820.17,694,evacuee,outES,Evacuee 363 in triage category R is not assigned a helicopter
3820.17,694,evacuee,,Evacuee;363;in triage state;B;is at the evacuation site
3825,105,helicopter,,Helicopter;3;Is going to the evacuation site;;and has;0;spots taken
3837.11,3,evacueeManager,,OFF SHIP: White;0;Green;0;Yellow;10;Red;2;Black;334;ON SHIP: White;0;Green;0;Yellow;0;Red;0;Evacuees to Transfer;
3837.11,490,evacuee,outES,Evacuee 432 in triage category Y is not assigned a helicopter
3837.11,490,evacuee,,Evacuee;432;in triage state;R;is at the evacuation site
3840,5,helicopterQueue,,1;Helos are waiting to land;HeloID;2
3840,1121,helicopter,outES,Helicopter 2 is evacuating people2
3840,1121,helicopter,,Helicopter;2;is waiting to land at the evacuation site;;and has;0;spots taken
3840,4,helipadManager,,;No helos are at ES
3840,5,helicopterQueue,outHM,Helicopter 2 is evacuating people2
3840,5,helicopterQueue,outHelo,Helicopter 2 is evacuating people2
3840,5,helicopterQueue,,;No helos are waiting to land
3840,104,filterES,,
3840,1120,filterES,,Helicopter;2;is evacuating people
3840,1160,filterES,,
3840,3,evacueeManager,,OFF SHIP: White;0;Green;0;Yellow;9;Red;0;Black;334;ON SHIP: White;0;Green;0;Yellow;0;Red;0;Evacuees to Transfer;;EvacueeID;117;HeloID;2;OnShip;0;Triage Status;R;EvacueeID;432;HeloID;2;OnShip;0;Triage Status;R;EvacueeID;361;HeloID;2;OnShip;0;Triage Status;Y
3840,4,helipadManager,outEM,Helicopter 2 is evacuating people2
3840,4,helipadManager,,Helo;2;is at the ES
3840,1120,filterES,out,Helicopter 2 is evacuating people2
3840,1120,filterES,,
3840,1121,helicopter,,Helicopter;2;is waiting to land at the evacuation site;;and has;0;spots taken
3840,3,evacueeManager,outEvac,Evacuee 117 in triage category R is assigned helicopter 2
3840,3,evacueeManager,outEvac,Evacuee 432 in triage category R is assigned helicopter 2
3840,3,evacueeManager,outEvac,Evacuee 361 in triage category Y is assigned helicopter 2
3840,3,evacueeManager,,OFF SHIP: White;0;Green;0;Yellow;9;Red;0;Black;334;ON SHIP: White;0;Green;0;Yellow;0;Red;0;Evacuees to Transfer;
3840,7,filterLoc,,
3840,10,filterLoc,,
3840,13,filterLoc,,
3840,16,filterLoc,,
3840,19,filterLoc,,
3840,22,filterLoc,,
3840,25,filterLoc,,
3840,28,filterLoc,,
3840,31,filterLoc,,
3840,34,filterLoc,,
3840,37,filterLoc,,
3840,40,filterLoc,,
3840,43,filterLoc,,
3840,46,filterLoc,,
3840,49,filterLoc,,
3840,52,filterLoc,,
3840,55,filterLoc,,
3840,58,filterLoc,,
3840,61,filterLoc,,
3840,64,filterLoc,,
3840,67,filterLoc,,
3840,70,filterLoc,,
3840,73,filterLoc,,
3840,76,filterLoc,,
3840,79,filterLoc,,
3840,82,filterLoc,,
3840,85,filterLoc,,
3840,88,filterLoc,,
3840,91,filterLoc,,
3840,94,filterLoc,,
3840,97,filterLoc,,
3840,100,filterLoc,,
3840,107,filterLoc,,
3840,110,filterLoc,,
3840,113,filterLoc,,
3840,116,filterLoc,,
3840,119,filterLoc,,
3840,122,filterLoc,,
3840,125,filterLoc,,
3840,128,filterLoc,,
3840,131,filterLoc,,
3840,134,filterLoc,,
3840,137,filterLoc,,
3840,140,filterLoc,,
3840,143,filterLoc,,
3840,146,filterLoc,,
3840,149,filterLoc,,
3840,152,filterLoc,,
3840,155,filterLoc,,
3840,158,filterLoc,,
3840,161,filterLoc,,
3840,164,filterLoc,,
3840,167,filterLoc,,
3840,170,filterLoc,,
3840,173,filterLoc,,
3840,176,filterLoc,,
3840,179,filterLoc,,
3840,182,filterLoc,,
3840,185,filterLoc,,
3840,188,filterLoc,,
3840,191,filterLoc,,
3840,194,filterLoc,,
3840,197,filterLoc,,
3840,200,filterLoc,,
3840,203,filterLoc,,
3840,206,filterLoc,,
3840,209,filterLoc,,
3840,212,filterLoc,,
3840,215,filterLoc,,
3840,218,filterLoc,,
3840,221,filterLoc,,
3840,225,filterLoc,,
3840,228,filterLoc,,
3840,231,filterLoc,,
3840,234,filterLoc,,
3840,237,filterLoc,,
3840,240,filterLoc,,
3840,243,filterLoc,,
3840,246,filterLoc,,
3840,249,filterLoc,,
3840,252,filterLoc,,
3840,255,filterLoc,,
3840,258,filterLoc,,
3840,261,filterLoc,,
3840,264,filterLoc,,
3840,267,filterLoc,,
3840,270,filterLoc,,
3840,273,filterLoc,,
3840,276,filterLoc,,
3840,279,filterLoc,,
3840,282,filterLoc,,
3840,285,filterLoc,,
3840,288,filterLoc,,
3840,291,filterLoc,,
3840,294,filterLoc,,
3840,297,filterLoc,,
3840,300,filterLoc,,
3840,303,filterLoc,,
3840,306,filterLoc,,
3840,309,filterLoc,,
3840,312,filterLoc,,
3840,315,filterLoc,,
3840,318,filterLoc,,
3840,321,filterLoc,,
3840,324,filterLoc,,
3840,327,filterLoc,,
3840,330,filterLoc,,
3840,333,filterLoc,,
3840,336,filterLoc,,
3840,339,filterLoc,,
3840,342,filterLoc,,
3840,345,filterLoc,,
3840,348,filterLoc,,
3840,351,filterLoc,,
3840,354,filterLoc,,
3840,357,filterLoc,,
3840,360,filterLoc,,
3840,363,filterLoc,,
3840,366,filterLoc,,
3840,369,filterLoc,,
3840,372,filterLoc,,
3840,375,filterLoc,,
3840,378,filterLoc,,
3840,381,filterLoc,,
3840,384,filterLoc,,
3840,387,filterLoc,,
3840,390,filterLoc,,
3840,393,filterLoc,,
3840,396,filterLoc,,
3840,399,filterLoc,,
3840,402,filterLoc,,
3840,405,filterLoc,,
3840,408,filterLoc,,
3840,411,filterLoc,,
3840,414,filterLoc,,
3840,417,filterLoc,,
3840,420,filterLoc,,
3840,423,filterLoc,,
3840,426,filterLoc,,
3840,429,filterLoc,,
3840,432,filterLoc,,
3840,435,filterLoc,,
3840,438,filterLoc,,
3840,441,filterLoc,,
3840,444,filterLoc,,
3840,447,filterLoc,,
3840,450,filterLoc,,
3840,453,filterLoc,,
3840,456,filterLoc,,
3840,459,filterLoc,,
3840,462,filterLoc,,
3840,465,filterLoc,,
3840,468,filterLoc,,
3840,471,filterLoc,,
3840,474,filterLoc,,
3840,477,filterLoc,,
3840,480,filterLoc,,
3840,483,filterLoc,,;Evacuee;117;in triage category;R;is entering helicopter;2
3840,486,filterLoc,,
3840,489,filterLoc,,;Evacuee;432;in triage category;R;is entering helicopter;2
3840,492,filterLoc,,
3840,495,filterLoc,,
3840,498,filterLoc,,
3840,501,filterLoc,,
3840,504,filterLoc,,
3840,507,filterLoc,,
3840,510,filterLoc,,
3840,513,filterLoc,,
3840,516,filterLoc,,
3840,519,filterLoc,,
3840,522,filterLoc,,
3840,525,filterLoc,,
3840,528,filterLoc,,
3840,531,filterLoc,,
3840,534,filterLoc,,
3840,537,filterLoc,,
3840,540,filterLoc,,
3840,543,filterLoc,,
3840,546,filterLoc,,
3840,549,filterLoc,,
3840,552,filterLoc,,
3840,555,filterLoc,,
3840,558,filterLoc,,
3840,561,filterLoc,,
3840,564,filterLoc,,
3840,567,filterLoc,,
3840,570,filterLoc,,
3840,573,filterLoc,,
3840,576,filterLoc,,
3840,579,filterLoc,,
3840,582,filterLoc,,
3840,585,filterLoc,,
3840,588,filterLoc,,
3840,591,filterLoc,,
3840,594,filterLoc,,
3840,597,filterLoc,,
3840,600,filterLoc,,;Evacuee;361;in triage category;Y;is entering helicopter;2
3840,603,filterLoc,,
3840,606,filterLoc,,
3840,609,filterLoc,,
3840,612,filterLoc,,
3840,615,filterLoc,,
3840,618,filterLoc,,
3840,621,filterLoc,,
3840,624,filterLoc,,
3840,627,filterLoc,,
3840,630,filterLoc,,
3840,633,filterLoc,,
3840,636,filterLoc,,
3840,639,filterLoc,,
3840,642,filterLoc,,
3840,645,filterLoc,,
3840,648,filterLoc,,
3840,651,filterLoc,,
3840,654,filterLoc,,
3840,657,filterLoc,,
3840,660,filterLoc,,
3840,663,filterLoc,,
3840,666,filterLoc,,
3840,669,filterLoc,,
3840,672,filterLoc,,
3840,675,filterLoc,,
3840,678,filterLoc,,
3840,681,filterLoc,,
3840,684,filterLoc,,
3840,687,filterLoc,,
3840,690,filterLoc,,
3840,693,filterLoc,,
3840,696,filterLoc,,
3840,699,filterLoc,,
3840,702,filterLoc,,
3840,705,filterLoc,,
3840,708,filterLoc,,
3840,711,filterLoc,,
3840,714,filterLoc,,
3840,717,filterLoc,,
3840,720,filterLoc,,
3840,723,filterLoc,,
3840,726,filterLoc,,
3840,729,filterLoc,,
3840,732,filterLoc,,
3840,735,filterLoc,,
3840,738,filterLoc,,
3840,741,filterLoc,,
3840,744,filterLoc,,
3840,747,filterLoc,,
3840,750,filterLoc,,
3840,753,filterLoc,,
3840,756,filterLoc,,
3840,759,filterLoc,,
3840,762,filterLoc,,
3840,765,filterLoc,,
3840,768,filterLoc,,
3840,771,filterLoc,,
3840,774,filterLoc,,
3840,777,filterLoc,,
3840,780,filterLoc,,
3840,783,filterLoc,,
3840,786,filterLoc,,
3840,789,filterLoc,,
3840,792,filterLoc,,
3840,795,filterLoc,,
3840,798,filterLoc,,
3840,801,filterLoc,,
3840,804,filterLoc,,
3840,807,filterLoc,,
3840,810,filterLoc,,
3840,813,filterLoc,,
3840,816,filterLoc,,
3840,819,filterLoc,,
3840,822,filterLoc,,
3840,825,filterLoc,,
3840,828,filterLoc,,
3840,831,filterLoc,,
3840,834,filterLoc,,
3840,837,filterLoc,,
3840,840,filterLoc,,
3840,843,filterLoc,,
3840,846,filterLoc,,
3840,849,filterLoc,,
3840,852,filterLoc,,
3840,855,filterLoc,,
3840,858,filterLoc,,
3840,861,filterLoc,,
3840,864,filterLoc,,
3840,867,filterLoc,,
3840,870,filterLoc,,
3840,873,filterLoc,,
3840,876,filterLoc,,
3840,879,filterLoc,,
3840,882,filterLoc,,
3840,885,filterLoc,,
3840,888,filterLoc,,
3840,891,filterLoc,,
3840,894,filterLoc,,
3840,897,filterLoc,,
3840,900,filterLoc,,
3840,903,filterLoc,,
3840,906,filterLoc,,
3840,909,filterLoc,,
3840,912,filterLoc,,
3840,915,filterLoc,,
3840,918,filterLoc,,
3840,921,filterLoc,,
3840,924,filterLoc,,
3840,927,filterLoc,,
3840,930,filterLoc,,
3840,933,filterLoc,,
3840,936,filterLoc,,
3840,939,filterLoc,,
3840,942,filterLoc,,
3840,945,filterLoc,,
3840,948,filterLoc,,
3840,951,filterLoc,,
3840,954,filterLoc,,
3840,957,filterLoc,,
3840,960,filterLoc,,
3840,963,filterLoc,,
3840,966,filterLoc,,
3840,969,filterLoc,,
3840,972,filterLoc,,
3840,975,filterLoc,,
3840,978,filterLoc,,
3840,981,filterLoc,,
3840,984,filterLoc,,
3840,987,filterLoc,,
3840,990,filterLoc,,
3840,993,filterLoc,,
3840,996,filterLoc,,
3840,999,filterLoc,,
3840,1002,filterLoc,,
3840,1005,filterLoc,,
3840,1008,filterLoc,,
3840,1011,filterLoc,,
3840,1014,filterLoc,,
3840,1017,filterLoc,,
3840,1020,filterLoc,,
3840,1023,filterLoc,,
3840,1026,filterLoc,,
3840,1029,filterLoc,,
3840,1032,filterLoc,,
3840,1035,filterLoc,,
3840,1038,filterLoc,,
3840,1041,filterLoc,,
3840,1044,filterLoc,,
3840,1047,filterLoc,,
3840,1050,filterLoc,,
3840,1053,filterLoc,,
3840,1056,filterLoc,,
3840,1059,filterLoc,,
3840,1062,filterLoc,,
3840,1065,filterLoc,,
3840,1068,filterLoc,,
3840,1071,filterLoc,,
3840,1074,filterLoc,,
3840,1077,filterLoc,,
3840,1080,filterLoc,,
3840,1083,filterLoc,,
3840,1086,filterLoc,,
3840,1089,filterLoc,,
3840,1092,filterLoc,,
3840,1095,filterLoc,,
3840,1098,filterLoc,,
3840,1101,filterLoc,,
3840,1104,filterLoc,,
3840,1107,filterLoc,,
3840,1110,filterLoc,,
3840,1113,filterLoc,,
3840,1116,filterLoc,,
3840,1121,helicopter,,Helicopter;2;is loading people at the evacuation site;;and has;0;spots taken
3840,1123,filterLoc,,
3840,1126,filterLoc,,
3840,1129,filterLoc,,
3840,1132,filterLoc,,
3840,1135,filterLoc,,
3840,1138,filterLoc,,
3840,1141,filterLoc,,
3840,1144,filterLoc,,
3840,1147,filterLoc,,
3840,1150,filterLoc,,
3840,1153,filterLoc,,
3840,1156,filterLoc,,
3840,1163,filterLoc,,
3840,1166,filterLoc,,
3840,1169,filterLoc,,
3840,1172,filterLoc,,
3840,1175,filterLoc,,
3840,1178,filterLoc,,
3840,1181,filterLoc,,
3840,1184,filterLoc,,
3840,1187,filterLoc,,
3840,1190,filterLoc,,
3840,1193,filterLoc,,
3840,1196,filterLoc,,
3840,1199,filterLoc,,
3840,1202,filterLoc,,
3840,1205,filterLoc,,
3840,1208,filterLoc,,
3840,1211,filterLoc,,
3840,1214,filterLoc,,
3840,1217,filterLoc,,
3840,1220,filterLoc,,
3840,1223,filterLoc,,
3840,1226,filterLoc,,
3840,1229,filterLoc,,
3840,1232,filterLoc,,
3840,1235,filterLoc,,
3840,1238,filterLoc,,
3840,1241,filterLoc,,
3840,1244,filterLoc,,
3840,1247,filterLoc,,
3840,1250,filterLoc,,
3840,1253,filterLoc,,
3840,1256,filterLoc,,
3840,1259,filterLoc,,
3840,1262,filterLoc,,
3840,1265,filterLoc,,
3840,1268,filterLoc,,
3840,1271,filterLoc,,
3840,1274,filterLoc,,
3840,1277,filterLoc,,
3840,1280,filterLoc,,
3840,1283,filterLoc,,
3840,1286,filterLoc,,
3840,1289,filterLoc,,
3840,1292,filterLoc,,
3840,1295,filterLoc,,
3840,1298,filterLoc,,
3840,1301,filterLoc,,
3840,1304,filterLoc,,
3840,1307,filterLoc,,
3840,1310,filterLoc,,
3840,1313,filterLoc,,
3840,1316,filterLoc,,
3840,1319,filterLoc,,
3840,1322,filterLoc,,
3840,1325,filterLoc,,
3840,1328,filterLoc,,
3840,1331,filterLoc,,
3840,1334,filterLoc,,
3840,1337,filterLoc,,
3840,1340,filterLoc,,
3840,1343,filterLoc,,
3840,1346,filterLoc,,
3840,1349,filterLoc,,
3840,1352,filterLoc,,
3840,1355,filterLoc,,
3840,1358,filterLoc,,
3840,1361,filterLoc,,
3840,1364,filterLoc,,
3840,1367,filterLoc,,
3840,1370,filterLoc,,
3840,1373,filterLoc,,
3840,1376,filterLoc,,
3840,1379,filterLoc,,
3840,1382,filterLoc,,
3840,1385,filterLoc,,
3840,1388,filterLoc,,
3840,1391,filterLoc,,
3840,1394,filterLoc,,
3840,1397,filterLoc,,
3840,1400,filterLoc,,
3840,1403,filterLoc,,
3840,1406,filterLoc,,
3840,1409,filterLoc,,
3840,1412,filterLoc,,
3840,1415,filterLoc,,
3840,1418,filterLoc,,
3840,1421,filterLoc,,
3840,1424,filterLoc,,
3840,1427,filterLoc,,
3840,1430,filterLoc,,
3840,1433,filterLoc,,
3840,1436,filterLoc,,
3840,1439,filterLoc,,
3840,1442,filterLoc,,
3840,1445,filterLoc,,
3840,1448,filterLoc,,
3840,1451,filterLoc,,
3840,1454,filterLoc,,
3840,1457,filterLoc,,
3840,1460,filterLoc,,
3840,1463,filterLoc,,
3840,1466,filterLoc,,
3840,1469,filterLoc,,
3840,1472,filterLoc,,
3840,1475,filterLoc,,
3840,1478,filterLoc,,
3840,1481,filterLoc,,
3840,1484,filterLoc,,
3840,1487,filterLoc,,
3840,1490,filterLoc,,
3840,1493,filterLoc,,
3840,1496,filterLoc,,
3840,1499,filterLoc,,
3840,1502,filterLoc,,
3840,1505,filterLoc,,
3840,1508,filterLoc,,
3840,1511,filterLoc,,
3840,1514,filterLoc,,
3840,1517,filterLoc,,
3840,483,filterLoc,out,Evacuee 117 in triage category R is assigned helicopter 2
3840,483,filterLoc,,
3840,484,evacuee,,Evacuee;117;in triage state;R;is entering helicopter;2
3840,489,filterLoc,out,Evacuee 432 in triage category R is assigned helicopter 2
3840,489,filterLoc,,
3840,490,evacuee,,Evacuee;432;in triage state;R;is entering helicopter;2
3840,600,filterLoc,out,Evacuee 361 in triage category Y is assigned helicopter 2
3840,600,filterLoc,,
3840,601,evacuee,,Evacuee;361;in triage state;Y;is entering helicopter;2
3840,103,filterEvac,,
3840,484,evacuee,outHelo,Evacuee 117 in triage category R is assigned helicopter 2
3840,484,evacuee,,Evacuee;117;in triage state;R;is in helicopter;2
3840,490,evacuee,outHelo,Evacuee 432 in triage category R is assigned helicopter 2
3840,490,evacuee,,Evacuee;432;in triage state;R;is in helicopter;2
3840,601,evacuee,outHelo,Evacuee 361 in triage category Y is assigned helicopter 2
3840,601,evacuee,,Evacuee;361;in triage state;Y;is in helicopter;2
3840,1119,filterEvac,,;Evacuee;117;in triage category;R;is entering helicopter;2;Evacuee;361;in triage category;Y;is entering helicopter;2;Evacuee;432;in triage category;R;is entering helicopter;2
3840,1159,filterEvac,,
3840,1119,filterEvac,out,Evacuee 117 in triage category R is assigned helicopter 2
3840,1119,filterEvac,out,Evacuee 361 in triage category Y is assigned helicopter 2
3840,1119,filterEvac,out,Evacuee 432 in triage category R is assigned helicopter 2
3840,1119,filterEvac,,
3840,1121,helicopter,,Helicopter;2;is loading people at the evacuation site;;and has;9;spots taken
3855,4,helipadManager,outHelo,Helicopter 2 is evacuating people2
3855,4,helipadManager,,;No helos are at ES
3855,104,filterES,,
3855,1120,filterES,,Helicopter;2;is evacuating people
3855,1160,filterES,,
3855,4,helipadManager,outHQ,0
3855,4,helipadManager,,;No helos are at ES
3855,5,helicopterQueue,,;No helos are waiting to land
3855,1120,filterES,out,Helicopter 2 is evacuating people2
3855,1120,filterES,,
3855,1121,helicopter,,Helicopter;2;is loading people at the evacuation site;;and has;9;spots taken
3855,5,helicopterQueue,,;No helos are waiting to land
3855,1121,helicopter,,Helicopter;2;is returning to the FOL;;and has;9;spots taken
3870,7,filterLoc,,
3870,10,filterLoc,,
3870,13,filterLoc,,
3870,16,filterLoc,,
3870,19,filterLoc,,
3870,22,filterLoc,,
3870,25,filterLoc,,
3870,28,filterLoc,,
3870,31,filterLoc,,
3870,34,filterLoc,,
3870,37,filterLoc,,
3870,40,filterLoc,,
3870,43,filterLoc,,
3870,46,filterLoc,,
3870,49,filterLoc,,
3870,52,filterLoc,,
3870,55,filterLoc,,
3870,58,filterLoc,,
3870,61,filterLoc,,
3870,64,filterLoc,,
3870,67,filterLoc,,
3870,70,filterLoc,,
3870,73,filterLoc,,
3870,76,filterLoc,,
3870,79,filterLoc,,
3870,82,filterLoc,,
3870,85,filterLoc,,
3870,88,filterLoc,,
3870,91,filterLoc,,
3870,94,filterLoc,,
3870,97,filterLoc,,
3870,100,filterLoc,,
3870,107,filterLoc,,
3870,110,filterLoc,,
3870,113,filterLoc,,
3870,116,filterLoc,,
3870,119,filterLoc,,
3870,122,filterLoc,,
3870,125,filterLoc,,
3870,128,filterLoc,,
3870,131,filterLoc,,
3870,134,filterLoc,,
3870,137,filterLoc,,
3870,140,filterLoc,,
3870,143,filterLoc,,
3870,146,filterLoc,,
3870,149,filterLoc,,
3870,152,filterLoc,,
3870,155,filterLoc,,
3870,158,filterLoc,,
3870,161,filterLoc,,
3870,164,filterLoc,,
3870,167,filterLoc,,
3870,170,filterLoc,,
3870,173,filterLoc,,
3870,176,filterLoc,,
3870,179,filterLoc,,
3870,182,filterLoc,,
3870,185,filterLoc,,
3870,188,filterLoc,,
3870,191,filterLoc,,
3870,194,filterLoc,,
3870,197,filterLoc,,
3870,200,filterLoc,,
3870,203,filterLoc,,
3870,206,filterLoc,,
3870,209,filterLoc,,
3870,212,filterLoc,,
3870,215,filterLoc,,
3870,218,filterLoc,,
3870,221,filterLoc,,
3870,225,filterLoc,,
3870,228,filterLoc,,
3870,231,filterLoc,,
3870,234,filterLoc,,
3870,237,filterLoc,,
3870,240,filterLoc,,
3870,243,filterLoc,,
3870,246,filterLoc,,
3870,249,filterLoc,,
3870,252,filterLoc,,
3870,255,filterLoc,,
3870,258,filterLoc,,
3870,261,filterLoc,,
3870,264,filterLoc,,
3870,267,filterLoc,,;Evacuee;341;in triage category;R;is leaving helicopter;1
3870,270,filterLoc,,
3870,273,filterLoc,,
3870,276,filterLoc,,
3870,279,filterLoc,,
3870,282,filterLoc,,
3870,285,filterLoc,,
3870,288,filterLoc,,
3870,291,filterLoc,,
3870,294,filterLoc,,
3870,297,filterLoc,,
3870,300,filterLoc,,
3870,303,filterLoc,,
3870,306,filterLoc,,
3870,309,filterLoc,,
3870,312,filterLoc,,
3870,315,filterLoc,,
3870,318,filterLoc,,
3870,321,filterLoc,,
3870,324,filterLoc,,
3870,327,filterLoc,,
3870,330,filterLoc,,
3870,333,filterLoc,,
3870,336,filterLoc,,
3870,339,filterLoc,,
3870,342,filterLoc,,
3870,345,filterLoc,,
3870,348,filterLoc,,
3870,351,filterLoc,,
3870,354,filterLoc,,
3870,357,filterLoc,,
3870,360,filterLoc,,
3870,363,filterLoc,,
3870,366,filterLoc,,
3870,369,filterLoc,,
3870,372,filterLoc,,
3870,375,filterLoc,,
3870,378,filterLoc,,
3870,381,filterLoc,,
3870,384,filterLoc,,
3870,387,filterLoc,,
3870,390,filterLoc,,
3870,393,filterLoc,,
3870,396,filterLoc,,
3870,399,filterLoc,,
3870,402,filterLoc,,
3870,405,filterLoc,,
3870,408,filterLoc,,
3870,411,filterLoc,,
3870,414,filterLoc,,
3870,417,filterLoc,,
3870,420,filterLoc,,
3870,423,filterLoc,,
3870,426,filterLoc,,
3870,429,filterLoc,,
3870,432,filterLoc,,
3870,435,filterLoc,,
3870,438,filterLoc,,
3870,441,filterLoc,,
3870,444,filterLoc,,
3870,447,filterLoc,,
3870,450,filterLoc,,
3870,453,filterLoc,,
3870,456,filterLoc,,
3870,459,filterLoc,,
3870,462,filterLoc,,
3870,465,filterLoc,,
3870,468,filterLoc,,
3870,471,filterLoc,,
3870,474,filterLoc,,
3870,477,filterLoc,,
3870,480,filterLoc,,
3870,483,filterLoc,,
3870,486,filterLoc,,
3870,489,filterLoc,,
3870,492,filterLoc,,
3870,495,filterLoc,,
3870,498,filterLoc,,
3870,501,filterLoc,,
3870,504,filterLoc,,
3870,507,filterLoc,,;Evacuee;470;in triage category;G;is leaving helicopter;1
3870,510,filterLoc,,
3870,513,filterLoc,,
3870,516,filterLoc,,
3870,519,filterLoc,,
3870,522,filterLoc,,
3870,525,filterLoc,,
3870,528,filterLoc,,
3870,531,filterLoc,,
3870,534,filterLoc,,
3870,537,filterLoc,,
3870,540,filterLoc,,
3870,543,filterLoc,,
3870,546,filterLoc,,
3870,549,filterLoc,,
3870,552,filterLoc,,
3870,555,filterLoc,,
3870,558,filterLoc,,
3870,561,filterLoc,,
3870,564,filterLoc,,
3870,567,filterLoc,,
3870,570,filterLoc,,
3870,573,filterLoc,,
3870,576,filterLoc,,
3870,579,filterLoc,,
3870,582,filterLoc,,
3870,585,filterLoc,,
3870,588,filterLoc,,
3870,591,filterLoc,,
3870,594,filterLoc,,
3870,597,filterLoc,,
3870,600,filterLoc,,
3870,603,filterLoc,,
3870,606,filterLoc,,
3870,609,filterLoc,,
3870,612,filterLoc,,
3870,615,filterLoc,,
3870,618,filterLoc,,
3870,621,filterLoc,,
3870,624,filterLoc,,
3870,627,filterLoc,,
3870,630,filterLoc,,
3870,633,filterLoc,,
3870,636,filterLoc,,
3870,639,filterLoc,,
3870,642,filterLoc,,
3870,645,filterLoc,,
3870,648,filterLoc,,
3870,651,filterLoc,,
3870,654,filterLoc,,
3870,657,filterLoc,,
3870,660,filterLoc,,
3870,663,filterLoc,,
3870,666,filterLoc,,
3870,669,filterLoc,,
3870,672,filterLoc,,
3870,675,filterLoc,,
3870,678,filterLoc,,
3870,681,filterLoc,,
3870,684,filterLoc,,
3870,687,filterLoc,,
3870,690,filterLoc,,
3870,693,filterLoc,,
3870,696,filterLoc,,
3870,699,filterLoc,,
3870,702,filterLoc,,
3870,705,filterLoc,,
3870,708,filterLoc,,
3870,711,filterLoc,,
3870,714,filterLoc,,
3870,717,filterLoc,,
3870,720,filterLoc,,
3870,723,filterLoc,,
3870,726,filterLoc,,
3870,729,filterLoc,,
3870,732,filterLoc,,
3870,735,filterLoc,,
3870,738,filterLoc,,
3870,741,filterLoc,,
3870,744,filterLoc,,
3870,747,filterLoc,,
3870,750,filterLoc,,
3870,753,filterLoc,,
3870,756,filterLoc,,
3870,759,filterLoc,,
3870,762,filterLoc,,
3870,765,filterLoc,,
3870,768,filterLoc,,
3870,771,filterLoc,,
3870,774,filterLoc,,
3870,777,filterLoc,,
3870,780,filterLoc,,
3870,783,filterLoc,,
3870,786,filterLoc,,
3870,789,filterLoc,,
3870,792,filterLoc,,
3870,795,filterLoc,,
3870,798,filterLoc,,
3870,801,filterLoc,,
3870,804,filterLoc,,
3870,807,filterLoc,,
3870,810,filterLoc,,
3870,813,filterLoc,,
3870,816,filterLoc,,
3870,819,filterLoc,,
3870,822,filterLoc,,
3870,825,filterLoc,,
3870,828,filterLoc,,
3870,831,filterLoc,,
3870,834,filterLoc,,
3870,837,filterLoc,,;Evacuee;453;in triage category;R;is leaving helicopter;1
3870,840,filterLoc,,
3870,843,filterLoc,,
3870,846,filterLoc,,
3870,849,filterLoc,,
3870,852,filterLoc,,
3870,855,filterLoc,,
3870,858,filterLoc,,
3870,861,filterLoc,,
3870,864,filterLoc,,
3870,867,filterLoc,,
3870,870,filterLoc,,
3870,873,filterLoc,,
3870,876,filterLoc,,
3870,879,filterLoc,,
3870,882,filterLoc,,
3870,885,filterLoc,,
3870,888,filterLoc,,
3870,891,filterLoc,,
3870,894,filterLoc,,
3870,897,filterLoc,,
3870,900,filterLoc,,
3870,903,filterLoc,,
3870,906,filterLoc,,
3870,909,filterLoc,,
3870,912,filterLoc,,
3870,915,filterLoc,,
3870,918,filterLoc,,
3870,921,filterLoc,,
3870,924,filterLoc,,
3870,927,filterLoc,,
3870,930,filterLoc,,
3870,933,filterLoc,,
3870,936,filterLoc,,
3870,939,filterLoc,,
3870,942,filterLoc,,
3870,945,filterLoc,,
3870,948,filterLoc,,
3870,951,filterLoc,,
3870,954,filterLoc,,
3870,957,filterLoc,,
3870,960,filterLoc,,
3870,963,filterLoc,,
3870,966,filterLoc,,
3870,969,filterLoc,,
3870,972,filterLoc,,
3870,975,filterLoc,,
3870,978,filterLoc,,
3870,981,filterLoc,,
3870,984,filterLoc,,
3870,987,filterLoc,,
3870,990,filterLoc,,
3870,993,filterLoc,,
3870,996,filterLoc,,
3870,999,filterLoc,,
3870,1002,filterLoc,,
3870,1005,filterLoc,,
3870,1008,filterLoc,,
3870,1011,filterLoc,,
3870,1014,filterLoc,,
3870,1017,filterLoc,,
3870,1020,filterLoc,,
3870,1023,filterLoc,,
3870,1026,filterLoc,,
3870,1029,filterLoc,,
3870,1032,filterLoc,,
3870,1035,filterLoc,,
3870,1038,filterLoc,,
3870,1041,filterLoc,,
3870,1044,filterLoc,,;Evacuee;160;in triage category;R;is leaving helicopter;1
3870,1047,filterLoc,,
3870,1050,filterLoc,,
3870,1053,filterLoc,,
3870,1056,filterLoc,,
3870,1059,filterLoc,,
3870,1062,filterLoc,,
3870,1065,filterLoc,,
3870,1068,filterLoc,,
3870,1071,filterLoc,,
3870,1074,filterLoc,,
3870,1077,filterLoc,,
3870,1080,filterLoc,,
3870,1083,filterLoc,,
3870,1086,filterLoc,,
3870,1089,filterLoc,,
3870,1092,filterLoc,,
3870,1095,filterLoc,,
3870,1098,filterLoc,,
3870,1101,filterLoc,,
3870,1104,filterLoc,,
3870,1107,filterLoc,,
3870,1110,filterLoc,,
3870,1113,filterLoc,,
3870,1116,filterLoc,,
3870,1123,filterLoc,,
3870,1126,filterLoc,,
3870,1129,filterLoc,,
3870,1132,filterLoc,,
3870,1135,filterLoc,,
3870,1138,filterLoc,,
3870,1141,filterLoc,,
3870,1144,filterLoc,,
3870,1147,filterLoc,,
3870,1150,filterLoc,,
3870,1153,filterLoc,,
3870,1156,filterLoc,,
3870,1161,helicopter,outEvac,Evacuee 160 in triage category R is not assigned a helicopter
3870,1161,helicopter,outEvac,Evacuee 341 in triage category R is not assigned a helicopter
3870,1161,helicopter,outEvac,Evacuee 453 in triage category R is not assigned a helicopter
3870,1161,helicopter,outEvac,Evacuee 470 in triage category G is not assigned a helicopter
3870,1161,helicopter,,Helicopter;1;is unloading people at the FOL;;and has;0;spots taken
3870,1163,filterLoc,,
3870,1166,filterLoc,,
3870,1169,filterLoc,,
3870,1172,filterLoc,,
3870,1175,filterLoc,,
3870,1178,filterLoc,,
3870,1181,filterLoc,,
3870,1184,filterLoc,,
3870,1187,filterLoc,,
3870,1190,filterLoc,,
3870,1193,filterLoc,,
3870,1196,filterLoc,,
3870,1199,filterLoc,,
3870,1202,filterLoc,,
3870,1205,filterLoc,,
3870,1208,filterLoc,,
3870,1211,filterLoc,,
3870,1214,filterLoc,,
3870,1217,filterLoc,,
3870,1220,filterLoc,,
3870,1223,filterLoc,,
3870,1226,filterLoc,,
3870,1229,filterLoc,,
3870,1232,filterLoc,,
3870,1235,filterLoc,,
3870,1238,filterLoc,,
3870,1241,filterLoc,,
3870,1244,filterLoc,,
3870,1247,filterLoc,,
3870,1250,filterLoc,,
3870,1253,filterLoc,,
3870,1256,filterLoc,,
3870,1259,filterLoc,,
3870,1262,filterLoc,,
3870,1265,filterLoc,,
3870,1268,filterLoc,,
3870,1271,filterLoc,,
3870,1274,filterLoc,,
3870,1277,filterLoc,,
3870,1280,filterLoc,,
3870,1283,filterLoc,,
3870,1286,filterLoc,,
3870,1289,filterLoc,,
3870,1292,filterLoc,,
3870,1295,filterLoc,,
3870,1298,filterLoc,,
3870,1301,filterLoc,,
3870,1304,filterLoc,,
3870,1307,filterLoc,,
3870,1310,filterLoc,,
3870,1313,filterLoc,,
3870,1316,filterLoc,,
3870,1319,filterLoc,,
3870,1322,filterLoc,,
3870,1325,filterLoc,,
3870,1328,filterLoc,,
3870,1331,filterLoc,,
3870,1334,filterLoc,,
3870,1337,filterLoc,,
3870,1340,filterLoc,,
3870,1343,filterLoc,,
3870,1346,filterLoc,,
3870,1349,filterLoc,,
3870,1352,filterLoc,,
3870,1355,filterLoc,,
3870,1358,filterLoc,,
3870,1361,filterLoc,,
3870,1364,filterLoc,,
3870,1367,filterLoc,,
3870,1370,filterLoc,,
3870,1373,filterLoc,,
3870,1376,filterLoc,,
3870,1379,filterLoc,,
3870,1382,filterLoc,,
3870,1385,filterLoc,,
3870,1388,filterLoc,,
3870,1391,filterLoc,,
3870,1394,filterLoc,,
3870,1397,filterLoc,,
3870,1400,filterLoc,,
3870,1403,filterLoc,,
3870,1406,filterLoc,,
3870,1409,filterLoc,,
3870,1412,filterLoc,,
3870,1415,filterLoc,,
3870,1418,filterLoc,,
3870,1421,filterLoc,,
3870,1424,filterLoc,,
3870,1427,filterLoc,,
3870,1430,filterLoc,,
3870,1433,filterLoc,,
3870,1436,filterLoc,,
3870,1439,filterLoc,,
3870,1442,filterLoc,,
3870,1445,filterLoc,,
3870,1448,filterLoc,,
3870,1451,filterLoc,,
3870,1454,filterLoc,,
3870,1457,filterLoc,,
3870,1460,filterLoc,,
3870,1463,filterLoc,,
3870,1466,filterLoc,,
3870,1469,filterLoc,,
3870,1472,filterLoc,,
3870,1475,filterLoc,,
3870,1478,filterLoc,,
3870,1481,filterLoc,,
3870,1484,filterLoc,,
3870,1487,filterLoc,,
3870,1490,filterLoc,,
3870,1493,filterLoc,,
3870,1496,filterLoc,,
3870,1499,filterLoc,,
3870,1502,filterLoc,,
3870,1505,filterLoc,,
3870,1508,filterLoc,,
3870,1511,filterLoc,,
3870,1514,filterLoc,,
3870,1517,filterLoc,,
3870,267,filterLoc,out,Evacuee 341 in triage category R is not assigned a helicopter
3870,267,filterLoc,,
3870,268,evacuee,,Evacuee;341;in triage state;R;is entering the FOL
3870,507,filterLoc,out,Evacuee 470 in triage category G is not assigned a helicopter
3870,507,filterLoc,,
3870,508,evacuee,,Evacuee;470;in triage state;G;is entering the FOL
3870,837,filterLoc,out,Evacuee 453 in triage category R is not assigned a helicopter
3870,837,filterLoc,,
3870,838,evacuee,,Evacuee;453;in triage state;R;is entering the FOL
3870,1044,filterLoc,out,Evacuee 160 in triage category R is not assigned a helicopter
3870,1044,filterLoc,,
3870,1045,evacuee,,Evacuee;160;in triage state;R;is entering the FOL
3870,223,FOL,,;EvacueeID;3;Triage Status;G;EvacueeID;5;Triage Status;G;EvacueeID;6;Triage Status;G;EvacueeID;7;Triage Status;G;EvacueeID;8;Triage Status;G;EvacueeID;16;Triage Status;G;EvacueeID;20;Triage Status;G;EvacueeID;21;Triage Status;G;EvacueeID;27;Triage Status;G;EvacueeID;35;Triage Status;G;EvacueeID;36;Triage Status;G;EvacueeID;39;Triage Status;G;EvacueeID;41;Triage Status;G;EvacueeID;42;Triage Status;G;EvacueeID;47;Triage Status;G;EvacueeID;49;Triage Status;G;EvacueeID;51;Triage Status;G;EvacueeID;52;Triage Status;G;EvacueeID;56;Triage Status;G;EvacueeID;62;Triage Status;G;EvacueeID;63;Triage Status;G;EvacueeID;66;Triage Status;G;EvacueeID;68;Triage Status;G;EvacueeID;69;Triage Status;G;EvacueeID;70;Triage Status;G;EvacueeID;72;Triage Status;G;EvacueeID;79;Triage Status;G;EvacueeID;80;Triage Status;G;EvacueeID;84;Triage Status;G;EvacueeID;86;Triage Status;G;EvacueeID;87;Triage Status;G;EvacueeID;89;Triage Status;G;EvacueeID;94;Triage Status;G;EvacueeID;96;Triage Status;G;EvacueeID;97;Triage Status;G;EvacueeID;101;Triage Status;G;EvacueeID;103;Triage Status;G;EvacueeID;107;Triage Status;G;EvacueeID;110;Triage Status;G;EvacueeID;111;Triage Status;G;EvacueeID;113;Triage Status;G;EvacueeID;115;Triage Status;G;EvacueeID;118;Triage Status;G;EvacueeID;120;Triage Status;G;EvacueeID;124;Triage Status;G;EvacueeID;128;Triage Status;G;EvacueeID;130;Triage Status;G;EvacueeID;132;Triage Status;G;EvacueeID;133;Triage Status;G;EvacueeID;134;Triage Status;G;EvacueeID;135;Triage Status;G;EvacueeID;137;Triage Status;G;EvacueeID;138;Triage Status;G;EvacueeID;139;Triage Status;G;EvacueeID;140;Triage Status;G;EvacueeID;141;Triage Status;G;EvacueeID;143;Triage Status;G;EvacueeID;146;Triage Status;G;EvacueeID;154;Triage Status;G;EvacueeID;155;Triage Status;G;EvacueeID;157;Triage Status;G;EvacueeID;166;Triage Status;G;EvacueeID;167;Triage Status;G;EvacueeID;172;Triage Status;G;EvacueeID;173;Triage Status;G;EvacueeID;175;Triage Status;G;EvacueeID;178;Triage Status;G;EvacueeID;180;Triage Status;G;EvacueeID;186;Triage Status;G;EvacueeID;189;Triage Status;G;EvacueeID;191;Triage Status;G;EvacueeID;194;Triage Status;G;EvacueeID;196;Triage Status;G;EvacueeID;198;Triage Status;G;EvacueeID;199;Triage Status;G;EvacueeID;206;Triage Status;G;EvacueeID;207;Triage Status;G;EvacueeID;211;Triage Status;G;EvacueeID;217;Triage Status;G;EvacueeID;223;Triage Status;G;EvacueeID;228;Triage Status;G;EvacueeID;229;Triage Status;G;EvacueeID;237;Triage Status;G;EvacueeID;238;Triage Status;G;EvacueeID;239;Triage Status;G;EvacueeID;240;Triage Status;G;EvacueeID;242;Triage Status;G;EvacueeID;243;Triage Status;G;EvacueeID;245;Triage Status;G;EvacueeID;250;Triage Status;G;EvacueeID;253;Triage Status;G;EvacueeID;265;Triage Status;G;EvacueeID;269;Triage Status;G;EvacueeID;270;Triage Status;G;EvacueeID;272;Triage Status;G;EvacueeID;273;Triage Status;G;EvacueeID;274;Triage Status;G;EvacueeID;277;Triage Status;G;EvacueeID;285;Triage Status;G;EvacueeID;286;Triage Status;G;EvacueeID;293;Triage Status;G;EvacueeID;294;Triage Status;G;EvacueeID;295;Triage Status;G;EvacueeID;297;Triage Status;G;EvacueeID;301;Triage Status;G;EvacueeID;303;Triage Status;G;EvacueeID;304;Triage Status;G;EvacueeID;305;Triage Status;G;EvacueeID;306;Triage Status;G;EvacueeID;310;Triage Status;G;EvacueeID;314;Triage Status;G;EvacueeID;315;Triage Status;G;EvacueeID;327;Triage Status;G;EvacueeID;328;Triage Status;G;EvacueeID;330;Triage Status;G;EvacueeID;331;Triage Status;G;EvacueeID;335;Triage Status;G;EvacueeID;337;Triage Status;G;EvacueeID;352;Triage Status;G;EvacueeID;359;Triage Status;G;EvacueeID;367;Triage Status;G;EvacueeID;371;Triage Status;G;EvacueeID;372;Triage Status;G;EvacueeID;374;Triage Status;G;EvacueeID;375;Triage Status;G;EvacueeID;377;Triage Status;G;EvacueeID;378;Triage Status;G;EvacueeID;379;Triage Status;G;EvacueeID;394;Triage Status;G;EvacueeID;403;Triage Status;G;EvacueeID;404;Triage Status;G;EvacueeID;405;Triage Status;G;EvacueeID;406;Triage Status;G;EvacueeID;407;Triage Status;G;EvacueeID;408;Triage Status;G;EvacueeID;409;Triage Status;G;EvacueeID;410;Triage Status;G;EvacueeID;417;Triage Status;G;EvacueeID;421;Triage Status;G;EvacueeID;422;Triage Status;G;EvacueeID;438;Triage Status;G;EvacueeID;444;Triage Status;G;EvacueeID;451;Triage Status;G;EvacueeID;456;Triage Status;G;EvacueeID;458;Triage Status;G;EvacueeID;459;Triage Status;G;EvacueeID;461;Triage Status;G;EvacueeID;462;Triage Status;G;EvacueeID;463;Triage Status;G;EvacueeID;469;Triage Status;G;EvacueeID;160;Triage Status;R;EvacueeID;341;Triage Status;R;EvacueeID;453;Triage Status;R;EvacueeID;470;Triage Status;G;Lives Saved;154
3870,268,evacuee,outFOL,Evacuee 341 in triage category R is not assigned a helicopter
3870,268,evacuee,,Evacuee;341;in triage state;R;is at the FOL
3870,508,evacuee,outFOL,Evacuee 470 in triage category G is not assigned a helicopter
3870,508,evacuee,,Evacuee;470;in triage state;G;is at the FOL
3870,838,evacuee,outFOL,Evacuee 453 in triage category R is not assigned a helicopter
3870,838,evacuee,,Evacuee;453;in triage state;R;is at the FOL
3870,1045,evacuee,outFOL,Evacuee 160 in triage category R is not assigned a helicopter
3870,1045,evacuee,,Evacuee;160;in triage state;R;is at the FOL
3870,223,FOL,,;EvacueeID;3;Triage Status;G;EvacueeID;5;Triage Status;G;EvacueeID;6;Triage Status;G;EvacueeID;7;Triage Status;G;EvacueeID;8;Triage Status;G;EvacueeID;16;Triage Status;G;EvacueeID;20;Triage Status;G;EvacueeID;21;Triage Status;G;EvacueeID;27;Triage Status;G;EvacueeID;35;Triage Status;G;EvacueeID;36;Triage Status;G;EvacueeID;39;Triage Status;G;EvacueeID;41;Triage Status;G;EvacueeID;42;Triage Status;G;EvacueeID;47;Triage Status;G;EvacueeID;49;Triage Status;G;EvacueeID;51;Triage Status;G;EvacueeID;52;Triage Status;G;EvacueeID;56;Triage Status;G;EvacueeID;62;Triage Status;G;EvacueeID;63;Triage Status;G;EvacueeID;66;Triage Status;G;EvacueeID;68;Triage Status;G;EvacueeID;69;Triage Status;G;EvacueeID;70;Triage Status;G;EvacueeID;72;Triage Status;G;EvacueeID;79;Triage Status;G;EvacueeID;80;Triage Status;G;EvacueeID;84;Triage Status;G;EvacueeID;86;Triage Status;G;EvacueeID;87;Triage Status;G;EvacueeID;89;Triage Status;G;EvacueeID;94;Triage Status;G;EvacueeID;96;Triage Status;G;EvacueeID;97;Triage Status;G;EvacueeID;101;Triage Status;G;EvacueeID;103;Triage Status;G;EvacueeID;107;Triage Status;G;EvacueeID;110;Triage Status;G;EvacueeID;111;Triage Status;G;EvacueeID;113;Triage Status;G;EvacueeID;115;Triage Status;G;EvacueeID;118;Triage Status;G;EvacueeID;120;Triage Status;G;EvacueeID;124;Triage Status;G;EvacueeID;128;Triage Status;G;EvacueeID;130;Triage Status;G;EvacueeID;132;Triage Status;G;EvacueeID;133;Triage Status;G;EvacueeID;134;Triage Status;G;EvacueeID;135;Triage Status;G;EvacueeID;137;Triage Status;G;EvacueeID;138;Triage Status;G;EvacueeID;139;Triage Status;G;EvacueeID;140;Triage Status;G;EvacueeID;141;Triage Status;G;EvacueeID;143;Triage Status;G;EvacueeID;146;Triage Status;G;EvacueeID;154;Triage Status;G;EvacueeID;155;Triage Status;G;EvacueeID;157;Triage Status;G;EvacueeID;166;Triage Status;G;EvacueeID;167;Triage Status;G;EvacueeID;172;Triage Status;G;EvacueeID;173;Triage Status;G;EvacueeID;175;Triage Status;G;EvacueeID;178;Triage Status;G;EvacueeID;180;Triage Status;G;EvacueeID;186;Triage Status;G;EvacueeID;189;Triage Status;G;EvacueeID;191;Triage Status;G;EvacueeID;194;Triage Status;G;EvacueeID;196;Triage Status;G;EvacueeID;198;Triage Status;G;EvacueeID;199;Triage Status;G;EvacueeID;206;Triage Status;G;EvacueeID;207;Triage Status;G;EvacueeID;211;Triage Status;G;EvacueeID;217;Triage Status;G;EvacueeID;223;Triage Status;G;EvacueeID;228;Triage Status;G;EvacueeID;229;Triage Status;G;EvacueeID;237;Triage Status;G;EvacueeID;238;Triage Status;G;EvacueeID;239;Triage Status;G;EvacueeID;240;Triage Status;G;EvacueeID;242;Triage Status;G;EvacueeID;243;Triage Status;G;EvacueeID;245;Triage Status;G;EvacueeID;250;Triage Status;G;EvacueeID;253;Triage Status;G;EvacueeID;265;Triage Status;G;EvacueeID;269;Triage Status;G;EvacueeID;270;Triage Status;G;EvacueeID;272;Triage Status;G;EvacueeID;273;Triage Status;G;EvacueeID;274;Triage Status;G;EvacueeID;277;Triage Status;G;EvacueeID;285;Triage Status;G;EvacueeID;286;Triage Status;G;EvacueeID;293;Triage Status;G;EvacueeID;294;Triage Status;G;EvacueeID;295;Triage Status;G;EvacueeID;297;Triage Status;G;EvacueeID;301;Triage Status;G;EvacueeID;303;Triage Status;G;EvacueeID;304;Triage Status;G;EvacueeID;305;Triage Status;G;EvacueeID;306;Triage Status;G;EvacueeID;310;Triage Status;G;EvacueeID;314;Triage Status;G;EvacueeID;315;Triage Status;G;EvacueeID;327;Triage Status;G;EvacueeID;328;Triage Status;G;EvacueeID;330;Triage Status;G;EvacueeID;331;Triage Status;G;EvacueeID;335;Triage Status;G;EvacueeID;337;Triage Status;G;EvacueeID;352;Triage Status;G;EvacueeID;359;Triage Status;G;EvacueeID;367;Triage Status;G;EvacueeID;371;Triage Status;G;EvacueeID;372;Triage Status;G;EvacueeID;374;Triage Status;G;EvacueeID;375;Triage Status;G;EvacueeID;377;Triage Status;G;EvacueeID;378;Triage Status;G;EvacueeID;379;Triage Status;G;EvacueeID;394;Triage Status;G;EvacueeID;403;Triage Status;G;EvacueeID;404;Triage Status;G;EvacueeID;405;Triage Status;G;EvacueeID;406;Triage Status;G;EvacueeID;407;Triage Status;G;EvacueeID;408;Triage Status;G;EvacueeID;409;Triage Status;G;EvacueeID;410;Triage Status;G;EvacueeID;417;Triage Status;G;EvacueeID;421;Triage Status;G;EvacueeID;422;Triage Status;G;EvacueeID;438;Triage Status;G;EvacueeID;444;Triage Status;G;EvacueeID;451;Triage Status;G;EvacueeID;456;Triage Status;G;EvacueeID;458;Triage Status;G;EvacueeID;459;Triage Status;G;EvacueeID;461;Triage Status;G;EvacueeID;462;Triage Status;G;EvacueeID;463;Triage Status;G;EvacueeID;469;Triage Status;G;EvacueeID;160;Triage Status;R;EvacueeID;341;Triage Status;R;EvacueeID;453;Triage Status;R;EvacueeID;470;Triage Status;G;Lives Saved;154
3885,1161,helicopter,,Helicopter;1;Is going to the evacuation site;;and has;0;spots taken
3900,5,helicopterQueue,,1;Helos are waiting to land;HeloID;3
3900,105,helicopter,outES,Helicopter 3 is evacuating people3
3900,105,helicopter,,Helicopter;3;is waiting to land at the evacuation site;;and has;0;spots taken
3900,4,helipadManager,,;No helos are at ES
3900,5,helicopterQueue,outHM,Helicopter 3 is evacuating people3
3900,5,helicopterQueue,outHelo,Helicopter 3 is evacuating people3
3900,5,helicopterQueue,,;No helos are waiting to land
3900,104,filterES,,Helicopter;3;is evacuating people
3900,1120,filterES,,
3900,1160,filterES,,
3900,3,evacueeManager,,OFF SHIP: White;0;Green;0;Yellow;6;Red;0;Black;334;ON SHIP: White;0;Green;0;Yellow;0;Red;0;Evacuees to Transfer;;EvacueeID;102;HeloID;3;OnShip;0;Triage Status;Y;EvacueeID;119;HeloID;3;OnShip;0;Triage Status;Y;EvacueeID;312;HeloID;3;OnShip;0;Triage Status;Y
3900,4,helipadManager,outEM,Helicopter 3 is evacuating people3
3900,4,helipadManager,,Helo;3;is at the ES
3900,104,filterES,out,Helicopter 3 is evacuating people3
3900,104,filterES,,
3900,105,helicopter,,Helicopter;3;is waiting to land at the evacuation site;;and has;0;spots taken
3900,3,evacueeManager,outEvac,Evacuee 102 in triage category Y is assigned helicopter 3
3900,3,evacueeManager,outEvac,Evacuee 119 in triage category Y is assigned helicopter 3
3900,3,evacueeManager,outEvac,Evacuee 312 in triage category Y is assigned helicopter 3
3900,3,evacueeManager,,OFF SHIP: White;0;Green;0;Yellow;6;Red;0;Black;334;ON SHIP: White;0;Green;0;Yellow;0;Red;0;Evacuees to Transfer;
3900,7,filterLoc,,
3900,10,filterLoc,,
3900,13,filterLoc,,
3900,16,filterLoc,,
3900,19,filterLoc,,
3900,22,filterLoc,,
3900,25,filterLoc,,
3900,28,filterLoc,,
3900,31,filterLoc,,
3900,34,filterLoc,,
3900,37,filterLoc,,
3900,40,filterLoc,,
3900,43,filterLoc,,
3900,46,filterLoc,,
3900,49,filterLoc,,
3900,52,filterLoc,,
3900,55,filterLoc,,
3900,58,filterLoc,,
3900,61,filterLoc,,
3900,64,filterLoc,,
3900,67,filterLoc,,
3900,70,filterLoc,,
3900,73,filterLoc,,
3900,76,filterLoc,,
3900,79,filterLoc,,
3900,82,filterLoc,,
3900,85,filterLoc,,
3900,88,filterLoc,,
3900,91,filterLoc,,
3900,94,filterLoc,,
3900,97,filterLoc,,
3900,100,filterLoc,,
3900,105,helicopter,,Helicopter;3;is loading people at the evacuation site;;and has;0;spots taken
3900,107,filterLoc,,
3900,110,filterLoc,,
3900,113,filterLoc,,
3900,116,filterLoc,,
3900,119,filterLoc,,
3900,122,filterLoc,,
3900,125,filterLoc,,
3900,128,filterLoc,,
3900,131,filterLoc,,
3900,134,filterLoc,,
3900,137,filterLoc,,
3900,140,filterLoc,,
3900,143,filterLoc,,
3900,146,filterLoc,,
3900,149,filterLoc,,
3900,152,filterLoc,,
3900,155,filterLoc,,
3900,158,filterLoc,,
3900,161,filterLoc,,
3900,164,filterLoc,,
3900,167,filterLoc,,
3900,170,filterLoc,,
3900,173,filterLoc,,
3900,176,filterLoc,,
3900,179,filterLoc,,
3900,182,filterLoc,,
3900,185,filterLoc,,
3900,188,filterLoc,,
3900,191,filterLoc,,
3900,194,filterLoc,,
3900,197,filterLoc,,
3900,200,filterLoc,,
3900,203,filterLoc,,
3900,206,filterLoc,,
3900,209,filterLoc,,
3900,212,filterLoc,,
3900,215,filterLoc,,
3900,218,filterLoc,,
3900,221,filterLoc,,
3900,225,filterLoc,,
3900,228,filterLoc,,
3900,231,filterLoc,,
3900,234,filterLoc,,
3900,237,filterLoc,,
3900,240,filterLoc,,
3900,243,filterLoc,,
3900,246,filterLoc,,
3900,249,filterLoc,,
3900,252,filterLoc,,
3900,255,filterLoc,,
3900,258,filterLoc,,
3900,261,filterLoc,,
3900,264,filterLoc,,
3900,267,filterLoc,,
3900,270,filterLoc,,
3900,273,filterLoc,,
3900,276,filterLoc,,
3900,279,filterLoc,,
3900,282,filterLoc,,
3900,285,filterLoc,,
3900,288,filterLoc,,
3900,291,filterLoc,,
3900,294,filterLoc,,
3900,297,filterLoc,,
3900,300,filterLoc,,
3900,303,filterLoc,,
3900,306,filterLoc,,
3900,309,filterLoc,,
3900,312,filterLoc,,
3900,315,filterLoc,,
3900,318,filterLoc,,
3900,321,filterLoc,,
3900,324,filterLoc,,
3900,327,filterLoc,,
3900,330,filterLoc,,
3900,333,filterLoc,,
3900,336,filterLoc,,
3900,339,filterLoc,,;Evacuee;312;in triage category;Y;is entering helicopter;3
3900,342,filterLoc,,
3900,345,filterLoc,,
3900,348,filterLoc,,
3900,351,filterLoc,,
3900,354,filterLoc,,
3900,357,filterLoc,,
3900,360,filterLoc,,
3900,363,filterLoc,,
3900,366,filterLoc,,
3900,369,filterLoc,,
3900,372,filterLoc,,
3900,375,filterLoc,,
3900,378,filterLoc,,
3900,381,filterLoc,,
3900,384,filterLoc,,
3900,387,filterLoc,,
3900,390,filterLoc,,
3900,393,filterLoc,,
3900,396,filterLoc,,
3900,399,filterLoc,,
3900,402,filterLoc,,
3900,405,filterLoc,,
3900,408,filterLoc,,
3900,411,filterLoc,,
3900,414,filterLoc,,
3900,417,filterLoc,,
3900,420,filterLoc,,
3900,423,filterLoc,,
3900,426,filterLoc,,
3900,429,filterLoc,,
3900,432,filterLoc,,
3900,435,filterLoc,,
3900,438,filterLoc,,
3900,441,filterLoc,,
3900,444,filterLoc,,
3900,447,filterLoc,,
3900,450,filterLoc,,
3900,453,filterLoc,,
3900,456,filterLoc,,
3900,459,filterLoc,,
3900,462,filterLoc,,
3900,465,filterLoc,,
3900,468,filterLoc,,
3900,471,filterLoc,,
3900,474,filterLoc,,
3900,477,filterLoc,,
3900,480,filterLoc,,
3900,483,filterLoc,,
3900,486,filterLoc,,
3900,489,filterLoc,,
3900,492,filterLoc,,
3900,495,filterLoc,,
3900,498,filterLoc,,
3900,501,filterLoc,,
3900,504,filterLoc,,
3900,507,filterLoc,,
3900,510,filterLoc,,
3900,513,filterLoc,,
3900,516,filterLoc,,
3900,519,filterLoc,,
3900,522,filterLoc,,
3900,525,filterLoc,,
3900,528,filterLoc,,
3900,531,filterLoc,,
3900,534,filterLoc,,
3900,537,filterLoc,,
3900,540,filterLoc,,
3900,543,filterLoc,,
3900,546,filterLoc,,
3900,549,filterLoc,,
3900,552,filterLoc,,
3900,555,filterLoc,,
3900,558,filterLoc,,
3900,561,filterLoc,,
3900,564,filterLoc,,
3900,567,filterLoc,,
3900,570,filterLoc,,
3900,573,filterLoc,,
3900,576,filterLoc,,
3900,579,filterLoc,,
3900,582,filterLoc,,
3900,585,filterLoc,,
3900,588,filterLoc,,
3900,591,filterLoc,,
3900,594,filterLoc,,
3900,597,filterLoc,,
3900,600,filterLoc,,
3900,603,filterLoc,,
3900,606,filterLoc,,
3900,609,filterLoc,,
3900,612,filterLoc,,
3900,615,filterLoc,,
3900,618,filterLoc,,
3900,621,filterLoc,,
3900,624,filterLoc,,
3900,627,filterLoc,,
3900,630,filterLoc,,
3900,633,filterLoc,,
3900,636,filterLoc,,
3900,639,filterLoc,,
3900,642,filterLoc,,
3900,645,filterLoc,,
3900,648,filterLoc,,
3900,651,filterLoc,,
3900,654,filterLoc,,
3900,657,filterLoc,,
3900,660,filterLoc,,
3900,663,filterLoc,,
3900,666,filterLoc,,
3900,669,filterLoc,,
3900,672,filterLoc,,
3900,675,filterLoc,,
3900,678,filterLoc,,
3900,681,filterLoc,,
3900,684,filterLoc,,
3900,687,filterLoc,,
3900,690,filterLoc,,
3900,693,filterLoc,,
3900,696,filterLoc,,
3900,699,filterLoc,,
3900,702,filterLoc,,
3900,705,filterLoc,,
3900,708,filterLoc,,
3900,711,filterLoc,,
3900,714,filterLoc,,
3900,717,filterLoc,,
3900,720,filterLoc,,
3900,723,filterLoc,,
3900,726,filterLoc,,
3900,729,filterLoc,,
3900,732,filterLoc,,
3900,735,filterLoc,,
3900,738,filterLoc,,
3900,741,filterLoc,,
3900,744,filterLoc,,
3900,747,filterLoc,,
3900,750,filterLoc,,
3900,753,filterLoc,,
3900,756,filterLoc,,
3900,759,filterLoc,,
3900,762,filterLoc,,
3900,765,filterLoc,,
3900,768,filterLoc,,
3900,771,filterLoc,,
3900,774,filterLoc,,
3900,777,filterLoc,,
3900,780,filterLoc,,
3900,783,filterLoc,,
3900,786,filterLoc,,
3900,789,filterLoc,,
3900,792,filterLoc,,
3900,795,filterLoc,,
3900,798,filterLoc,,
3900,801,filterLoc,,
3900,804,filterLoc,,
3900,807,filterLoc,,
3900,810,filterLoc,,
3900,813,filterLoc,,
3900,816,filterLoc,,
3900,819,filterLoc,,
3900,822,filterLoc,,
3900,825,filterLoc,,
3900,828,filterLoc,,
3900,831,filterLoc,,
3900,834,filterLoc,,
3900,837,filterLoc,,
3900,840,filterLoc,,
3900,843,filterLoc,,
3900,846,filterLoc,,
3900,849,filterLoc,,
3900,852,filterLoc,,
3900,855,filterLoc,,
3900,858,filterLoc,,
3900,861,filterLoc,,
3900,864,filterLoc,,
3900,867,filterLoc,,
3900,870,filterLoc,,
3900,873,filterLoc,,
3900,876,filterLoc,,
3900,879,filterLoc,,
3900,882,filterLoc,,
3900,885,filterLoc,,
3900,888,filterLoc,,
3900,891,filterLoc,,
3900,894,filterLoc,,
3900,897,filterLoc,,
3900,900,filterLoc,,;Evacuee;119;in triage category;Y;is entering helicopter;3
3900,903,filterLoc,,
3900,906,filterLoc,,
3900,909,filterLoc,,
3900,912,filterLoc,,
3900,915,filterLoc,,
3900,918,filterLoc,,
3900,921,filterLoc,,
3900,924,filterLoc,,
3900,927,filterLoc,,
3900,930,filterLoc,,
3900,933,filterLoc,,
3900,936,filterLoc,,
3900,939,filterLoc,,
3900,942,filterLoc,,
3900,945,filterLoc,,
3900,948,filterLoc,,
3900,951,filterLoc,,
3900,954,filterLoc,,
3900,957,filterLoc,,
3900,960,filterLoc,,
3900,963,filterLoc,,
3900,966,filterLoc,,
3900,969,filterLoc,,
3900,972,filterLoc,,
3900,975,filterLoc,,
3900,978,filterLoc,,
3900,981,filterLoc,,
3900,984,filterLoc,,
3900,987,filterLoc,,
3900,990,filterLoc,,
3900,993,filterLoc,,
3900,996,filterLoc,,
3900,999,filterLoc,,
3900,1002,filterLoc,,
3900,1005,filterLoc,,
3900,1008,filterLoc,,
3900,1011,filterLoc,,
3900,1014,filterLoc,,
3900,1017,filterLoc,,
3900,1020,filterLoc,,
3900,1023,filterLoc,,
3900,1026,filterLoc,,
3900,1029,filterLoc,,
3900,1032,filterLoc,,
3900,1035,filterLoc,,
3900,1038,filterLoc,,
3900,1041,filterLoc,,;Evacuee;102;in triage category;Y;is entering helicopter;3
3900,1044,filterLoc,,
3900,1047,filterLoc,,
3900,1050,filterLoc,,
3900,1053,filterLoc,,
3900,1056,filterLoc,,
3900,1059,filterLoc,,
3900,1062,filterLoc,,
3900,1065,filterLoc,,
3900,1068,filterLoc,,
3900,1071,filterLoc,,
3900,1074,filterLoc,,
3900,1077,filterLoc,,
3900,1080,filterLoc,,
3900,1083,filterLoc,,
3900,1086,filterLoc,,
3900,1089,filterLoc,,
3900,1092,filterLoc,,
3900,1095,filterLoc,,
3900,1098,filterLoc,,
3900,1101,filterLoc,,
3900,1104,filterLoc,,
3900,1107,filterLoc,,
3900,1110,filterLoc,,
3900,1113,filterLoc,,
3900,1116,filterLoc,,
3900,1123,filterLoc,,
3900,1126,filterLoc,,
3900,1129,filterLoc,,
3900,1132,filterLoc,,
3900,1135,filterLoc,,
3900,1138,filterLoc,,
3900,1141,filterLoc,,
3900,1144,filterLoc,,
3900,1147,filterLoc,,
3900,1150,filterLoc,,
3900,1153,filterLoc,,
3900,1156,filterLoc,,
3900,1163,filterLoc,,
3900,1166,filterLoc,,
3900,1169,filterLoc,,
3900,1172,filterLoc,,
3900,1175,filterLoc,,
3900,1178,filterLoc,,
3900,1181,filterLoc,,
3900,1184,filterLoc,,
3900,1187,filterLoc,,
3900,1190,filterLoc,,
3900,1193,filterLoc,,
3900,1196,filterLoc,,
3900,1199,filterLoc,,
3900,1202,filterLoc,,
3900,1205,filterLoc,,
3900,1208,filterLoc,,
3900,1211,filterLoc,,
3900,1214,filterLoc,,
3900,1217,filterLoc,,
3900,1220,filterLoc,,
3900,1223,filterLoc,,
3900,1226,filterLoc,,
3900,1229,filterLoc,,
3900,1232,filterLoc,,
3900,1235,filterLoc,,
3900,1238,filterLoc,,
3900,1241,filterLoc,,
3900,1244,filterLoc,,
3900,1247,filterLoc,,
3900,1250,filterLoc,,
3900,1253,filterLoc,,
3900,1256,filterLoc,,
3900,1259,filterLoc,,
3900,1262,filterLoc,,
3900,1265,filterLoc,,
3900,1268,filterLoc,,
3900,1271,filterLoc,,
3900,1274,filterLoc,,
3900,1277,filterLoc,,
3900,1280,filterLoc,,
3900,1283,filterLoc,,
3900,1286,filterLoc,,
3900,1289,filterLoc,,
3900,1292,filterLoc,,
3900,1295,filterLoc,,
3900,1298,filterLoc,,
3900,1301,filterLoc,,
3900,1304,filterLoc,,
3900,1307,filterLoc,,
3900,1310,filterLoc,,
3900,1313,filterLoc,,
3900,1316,filterLoc,,
3900,1319,filterLoc,,
3900,1322,filterLoc,,
3900,1325,filterLoc,,
3900,1328,filterLoc,,
3900,1331,filterLoc,,
3900,1334,filterLoc,,
3900,1337,filterLoc,,
3900,1340,filterLoc,,
3900,1343,filterLoc,,
3900,1346,filterLoc,,
3900,1349,filterLoc,,
3900,1352,filterLoc,,
3900,1355,filterLoc,,
3900,1358,filterLoc,,
3900,1361,filterLoc,,
3900,1364,filterLoc,,
3900,1367,filterLoc,,
3900,1370,filterLoc,,
3900,1373,filterLoc,,
3900,1376,filterLoc,,
3900,1379,filterLoc,,
3900,1382,filterLoc,,
3900,1385,filterLoc,,
3900,1388,filterLoc,,
3900,1391,filterLoc,,
3900,1394,filterLoc,,
3900,1397,filterLoc,,
3900,1400,filterLoc,,
3900,1403,filterLoc,,
3900,1406,filterLoc,,
3900,1409,filterLoc,,
3900,1412,filterLoc,,
3900,1415,filterLoc,,
3900,1418,filterLoc,,
3900,1421,filterLoc,,
3900,1424,filterLoc,,
3900,1427,filterLoc,,
3900,1430,filterLoc,,
3900,1433,filterLoc,,
3900,1436,filterLoc,,
3900,1439,filterLoc,,
3900,1442,filterLoc,,
3900,1445,filterLoc,,
3900,1448,filterLoc,,
3900,1451,filterLoc,,
3900,1454,filterLoc,,
3900,1457,filterLoc,,
3900,1460,filterLoc,,
3900,1463,filterLoc,,
3900,1466,filterLoc,,
3900,1469,filterLoc,,
3900,1472,filterLoc,,
3900,1475,filterLoc,,
3900,1478,filterLoc,,
3900,1481,filterLoc,,
3900,1484,filterLoc,,
3900,1487,filterLoc,,
3900,1490,filterLoc,,
3900,1493,filterLoc,,
3900,1496,filterLoc,,
3900,1499,filterLoc,,
3900,1502,filterLoc,,
3900,1505,filterLoc,,
3900,1508,filterLoc,,
3900,1511,filterLoc,,
3900,1514,filterLoc,,
3900,1517,filterLoc,,
3900,339,filterLoc,out,Evacuee 312 in triage category Y is assigned helicopter 3
3900,339,filterLoc,,
3900,340,evacuee,,Evacuee;312;in triage state;Y;is entering helicopter;3
3900,900,filterLoc,out,Evacuee 119 in triage category Y is assigned helicopter 3
3900,900,filterLoc,,
3900,901,evacuee,,Evacuee;119;in triage state;Y;is entering helicopter;3
3900,1041,filterLoc,out,Evacuee 102 in triage category Y is assigned helicopter 3
3900,1041,filterLoc,,
3900,1042,evacuee,,Evacuee;102;in triage state;Y;is entering helicopter;3
3900,103,filterEvac,,;Evacuee;102;in triage category;Y;is entering helicopter;3;Evacuee;119;in triage category;Y;is entering helicopter;3;Evacuee;312;in triage category;Y;is entering helicopter;3
3900,340,evacuee,outHelo,Evacuee 312 in triage category Y is assigned helicopter 3
3900,340,evacuee,,Evacuee;312;in triage state;Y;is in helicopter;3
3900,901,evacuee,outHelo,Evacuee 119 in triage category Y is assigned helicopter 3
3900,901,evacuee,,Evacuee;119;in triage state;Y;is in helicopter;3
3900,1042,evacuee,outHelo,Evacuee 102 in triage category Y is assigned helicopter 3
3900,1042,evacuee,,Evacuee;102;in triage state;Y;is in helicopter;3
3900,1119,filterEvac,,
3900,1159,filterEvac,,
3900,103,filterEvac,out,Evacuee 102 in triage category Y is assigned helicopter 3
3900,103,filterEvac,out,Evacuee 119 in triage category Y is assigned helicopter 3
3900,103,filterEvac,out,Evacuee 312 in triage category Y is assigned helicopter 3
3900,103,filterEvac,,
3900,105,helicopter,,Helicopter;3;is loading people at the evacuation site;;and has;9;spots taken
3901.65,3,evacueeManager,,OFF SHIP: White;0;Green;0;Yellow;5;Red;1;Black;334;ON SHIP: White;0;Green;0;Yellow;0;Red;0;Evacuees to Transfer;
3901.65,274,evacuee,outES,Evacuee 338 in triage category Y is not assigned a helicopter
3901.65,274,evacuee,,Evacuee;338;in triage state;R;is at the evacuation site
3915,4,helipadManager,outHelo,Helicopter 3 is evacuating people3
3915,4,helipadManager,,;No helos are at ES
3915,104,filterES,,Helicopter;3;is evacuating people
3915,1120,filterES,,
3915,1160,filterES,,
3915,4,helipadManager,outHQ,0
3915,4,helipadManager,,;No helos are at ES
3915,5,helicopterQueue,,;No helos are waiting to land
3915,104,filterES,out,Helicopter 3 is evacuating people3
3915,104,filterES,,
3915,105,helicopter,,Helicopter;3;is loading people at the evacuation site;;and has;9;spots taken
3915,5,helicopterQueue,,;No helos are waiting to land
3915,105,helicopter,,Helicopter;3;is returning to the FOL;;and has;9;spots taken
3930,7,filterLoc,,
3930,10,filterLoc,,
3930,13,filterLoc,,
3930,16,filterLoc,,
3930,19,filterLoc,,
3930,22,filterLoc,,
3930,25,filterLoc,,
3930,28,filterLoc,,
3930,31,filterLoc,,
3930,34,filterLoc,,
3930,37,filterLoc,,
3930,40,filterLoc,,
3930,43,filterLoc,,
3930,46,filterLoc,,
3930,49,filterLoc,,
3930,52,filterLoc,,
3930,55,filterLoc,,
3930,58,filterLoc,,
3930,61,filterLoc,,
3930,64,filterLoc,,
3930,67,filterLoc,,
3930,70,filterLoc,,
3930,73,filterLoc,,
3930,76,filterLoc,,
3930,79,filterLoc,,
3930,82,filterLoc,,
3930,85,filterLoc,,
3930,88,filterLoc,,
3930,91,filterLoc,,
3930,94,filterLoc,,
3930,97,filterLoc,,
3930,100,filterLoc,,
3930,107,filterLoc,,
3930,110,filterLoc,,
3930,113,filterLoc,,
3930,116,filterLoc,,
3930,119,filterLoc,,
3930,122,filterLoc,,
3930,125,filterLoc,,
3930,128,filterLoc,,
3930,131,filterLoc,,
3930,134,filterLoc,,
3930,137,filterLoc,,
3930,140,filterLoc,,
3930,143,filterLoc,,
3930,146,filterLoc,,
3930,149,filterLoc,,
3930,152,filterLoc,,
3930,155,filterLoc,,
3930,158,filterLoc,,
3930,161,filterLoc,,
3930,164,filterLoc,,
3930,167,filterLoc,,
3930,170,filterLoc,,
3930,173,filterLoc,,
3930,176,filterLoc,,
3930,179,filterLoc,,
3930,182,filterLoc,,
3930,185,filterLoc,,
3930,188,filterLoc,,
3930,191,filterLoc,,
3930,194,filterLoc,,
3930,197,filterLoc,,
3930,200,filterLoc,,
3930,203,filterLoc,,
3930,206,filterLoc,,
3930,209,filterLoc,,
3930,212,filterLoc,,
3930,215,filterLoc,,
3930,218,filterLoc,,
3930,221,filterLoc,,
3930,225,filterLoc,,
3930,228,filterLoc,,
3930,231,filterLoc,,
3930,234,filterLoc,,
3930,237,filterLoc,,
3930,240,filterLoc,,
3930,243,filterLoc,,
3930,246,filterLoc,,
3930,249,filterLoc,,
3930,252,filterLoc,,
3930,255,filterLoc,,
3930,258,filterLoc,,
3930,261,filterLoc,,
3930,264,filterLoc,,
3930,267,filterLoc,,
3930,270,filterLoc,,
3930,273,filterLoc,,
3930,276,filterLoc,,
3930,279,filterLoc,,
3930,282,filterLoc,,
3930,285,filterLoc,,
3930,288,filterLoc,,
3930,291,filterLoc,,
3930,294,filterLoc,,
3930,297,filterLoc,,
3930,300,filterLoc,,
3930,303,filterLoc,,
3930,306,filterLoc,,
3930,309,filterLoc,,
3930,312,filterLoc,,
3930,315,filterLoc,,
3930,318,filterLoc,,
3930,321,filterLoc,,
3930,324,filterLoc,,
3930,327,filterLoc,,
3930,330,filterLoc,,
3930,333,filterLoc,,
3930,336,filterLoc,,
3930,339,filterLoc,,
3930,342,filterLoc,,
3930,345,filterLoc,,
3930,348,filterLoc,,
3930,351,filterLoc,,
3930,354,filterLoc,,
3930,357,filterLoc,,
3930,360,filterLoc,,
3930,363,filterLoc,,
3930,366,filterLoc,,
3930,369,filterLoc,,
3930,372,filterLoc,,
3930,375,filterLoc,,
3930,378,filterLoc,,
3930,381,filterLoc,,
3930,384,filterLoc,,
3930,387,filterLoc,,
3930,390,filterLoc,,
3930,393,filterLoc,,
3930,396,filterLoc,,
3930,399,filterLoc,,
3930,402,filterLoc,,
3930,405,filterLoc,,
3930,408,filterLoc,,
3930,411,filterLoc,,
3930,414,filterLoc,,
3930,417,filterLoc,,
3930,420,filterLoc,,
3930,423,filterLoc,,
3930,426,filterLoc,,
3930,429,filterLoc,,
3930,432,filterLoc,,
3930,435,filterLoc,,
3930,438,filterLoc,,
3930,441,filterLoc,,
3930,444,filterLoc,,
3930,447,filterLoc,,
3930,450,filterLoc,,
3930,453,filterLoc,,
3930,456,filterLoc,,
3930,459,filterLoc,,
3930,462,filterLoc,,
3930,465,filterLoc,,
3930,468,filterLoc,,
3930,471,filterLoc,,
3930,474,filterLoc,,
3930,477,filterLoc,,
3930,480,filterLoc,,
3930,483,filterLoc,,;Evacuee;117;in triage category;R;is leaving helicopter;2
3930,486,filterLoc,,
3930,489,filterLoc,,;Evacuee;432;in triage category;R;is leaving helicopter;2
3930,492,filterLoc,,
3930,495,filterLoc,,
3930,498,filterLoc,,
3930,501,filterLoc,,
3930,504,filterLoc,,
3930,507,filterLoc,,
3930,510,filterLoc,,
3930,513,filterLoc,,
3930,516,filterLoc,,
3930,519,filterLoc,,
3930,522,filterLoc,,
3930,525,filterLoc,,
3930,528,filterLoc,,
3930,531,filterLoc,,
3930,534,filterLoc,,
3930,537,filterLoc,,
3930,540,filterLoc,,
3930,543,filterLoc,,
3930,546,filterLoc,,
3930,549,filterLoc,,
3930,552,filterLoc,,
3930,555,filterLoc,,
3930,558,filterLoc,,
3930,561,filterLoc,,
3930,564,filterLoc,,
3930,567,filterLoc,,
3930,570,filterLoc,,
3930,573,filterLoc,,
3930,576,filterLoc,,
3930,579,filterLoc,,
3930,582,filterLoc,,
3930,585,filterLoc,,
3930,588,filterLoc,,
3930,591,filterLoc,,
3930,594,filterLoc,,
3930,597,filterLoc,,
3930,600,filterLoc,,;Evacuee;361;in triage category;Y;is leaving helicopter;2
3930,603,filterLoc,,
3930,606,filterLoc,,
3930,609,filterLoc,,
3930,612,filterLoc,,
3930,615,filterLoc,,
3930,618,filterLoc,,
3930,621,filterLoc,,
3930,624,filterLoc,,
3930,627,filterLoc,,
3930,630,filterLoc,,
3930,633,filterLoc,,
3930,636,filterLoc,,
3930,639,filterLoc,,
3930,642,filterLoc,,
3930,645,filterLoc,,
3930,648,filterLoc,,
3930,651,filterLoc,,
3930,654,filterLoc,,
3930,657,filterLoc,,
3930,660,filterLoc,,
3930,663,filterLoc,,
3930,666,filterLoc,,
3930,669,filterLoc,,
3930,672,filterLoc,,
3930,675,filterLoc,,
3930,678,filterLoc,,
3930,681,filterLoc,,
3930,684,filterLoc,,
3930,687,filterLoc,,
3930,690,filterLoc,,
3930,693,filterLoc,,
3930,696,filterLoc,,
3930,699,filterLoc,,
3930,702,filterLoc,,
3930,705,filterLoc,,
3930,708,filterLoc,,
3930,711,filterLoc,,
3930,714,filterLoc,,
3930,717,filterLoc,,
3930,720,filterLoc,,
3930,723,filterLoc,,
3930,726,filterLoc,,
3930,729,filterLoc,,
3930,732,filterLoc,,
3930,735,filterLoc,,
3930,738,filterLoc,,
3930,741,filterLoc,,
3930,744,filterLoc,,
3930,747,filterLoc,,
3930,750,filterLoc,,
3930,753,filterLoc,,
3930,756,filterLoc,,
3930,759,filterLoc,,
3930,762,filterLoc,,
3930,765,filterLoc,,
3930,768,filterLoc,,
3930,771,filterLoc,,
3930,774,filterLoc,,
3930,777,filterLoc,,
3930,780,filterLoc,,
3930,783,filterLoc,,
3930,786,filterLoc,,
3930,789,filterLoc,,
3930,792,filterLoc,,
3930,795,filterLoc,,
3930,798,filterLoc,,
3930,801,filterLoc,,
3930,804,filterLoc,,
3930,807,filterLoc,,
3930,810,filterLoc,,
3930,813,filterLoc,,
3930,816,filterLoc,,
3930,819,filterLoc,,
3930,822,filterLoc,,
3930,825,filterLoc,,
3930,828,filterLoc,,
3930,831,filterLoc,,
3930,834,filterLoc,,
3930,837,filterLoc,,
3930,840,filterLoc,,
3930,843,filterLoc,,
3930,846,filterLoc,,
3930,849,filterLoc,,
3930,852,filterLoc,,
3930,855,filterLoc,,
3930,858,filterLoc,,
3930,861,filterLoc,,
3930,864,filterLoc,,
3930,867,filterLoc,,
3930,870,filterLoc,,
3930,873,filterLoc,,
3930,876,filterLoc,,
3930,879,filterLoc,,
3930,882,filterLoc,,
3930,885,filterLoc,,
3930,888,filterLoc,,
3930,891,filterLoc,,
3930,894,filterLoc,,
3930,897,filterLoc,,
3930,900,filterLoc,,
3930,903,filterLoc,,
3930,906,filterLoc,,
3930,909,filterLoc,,
3930,912,filterLoc,,
3930,915,filterLoc,,
3930,918,filterLoc,,
3930,921,filterLoc,,
3930,924,filterLoc,,
3930,927,filterLoc,,
3930,930,filterLoc,,
3930,933,filterLoc,,
3930,936,filterLoc,,
3930,939,filterLoc,,
3930,942,filterLoc,,
3930,945,filterLoc,,
3930,948,filterLoc,,
3930,951,filterLoc,,
3930,954,filterLoc,,
3930,957,filterLoc,,
3930,960,filterLoc,,
3930,963,filterLoc,,
3930,966,filterLoc,,
3930,969,filterLoc,,
3930,972,filterLoc,,
3930,975,filterLoc,,
3930,978,filterLoc,,
3930,981,filterLoc,,
3930,984,filterLoc,,
3930,987,filterLoc,,
3930,990,filterLoc,,
3930,993,filterLoc,,
3930,996,filterLoc,,
3930,999,filterLoc,,
3930,1002,filterLoc,,
3930,1005,filterLoc,,
3930,1008,filterLoc,,
3930,1011,filterLoc,,
3930,1014,filterLoc,,
3930,1017,filterLoc,,
3930,1020,filterLoc,,
3930,1023,filterLoc,,
3930,1026,filterLoc,,
3930,1029,filterLoc,,
3930,1032,filterLoc,,
3930,1035,filterLoc,,
3930,1038,filterLoc,,
3930,1041,filterLoc,,
3930,1044,filterLoc,,
3930,1047,filterLoc,,
3930,1050,filterLoc,,
3930,1053,filterLoc,,
3930,1056,filterLoc,,
3930,1059,filterLoc,,
3930,1062,filterLoc,,
3930,1065,filterLoc,,
3930,1068,filterLoc,,
3930,1071,filterLoc,,
3930,1074,filterLoc,,
3930,1077,filterLoc,,
3930,1080,filterLoc,,
3930,1083,filterLoc,,
3930,1086,filterLoc,,
3930,1089,filterLoc,,
3930,1092,filterLoc,,
3930,1095,filterLoc,,
3930,1098,filterLoc,,
3930,1101,filterLoc,,
3930,1104,filterLoc,,
3930,1107,filterLoc,,
3930,1110,filterLoc,,
3930,1113,filterLoc,,
3930,1116,filterLoc,,
3930,1121,helicopter,outEvac,Evacuee 117 in triage category R is not assigned a helicopter
3930,1121,helicopter,outEvac,Evacuee 361 in triage category Y is not assigned a helicopter
3930,1121,helicopter,outEvac,Evacuee 432 in triage category R is not assigned a helicopter
3930,1121,helicopter,,Helicopter;2;is unloading people at the FOL;;and has;0;spots taken
3930,1123,filterLoc,,
3930,1126,filterLoc,,
3930,1129,filterLoc,,
3930,1132,filterLoc,,
3930,1135,filterLoc,,
3930,1138,filterLoc,,
3930,1141,filterLoc,,
3930,1144,filterLoc,,
3930,1147,filterLoc,,
3930,1150,filterLoc,,
3930,1153,filterLoc,,
3930,1156,filterLoc,,
3930,1163,filterLoc,,
3930,1166,filterLoc,,
3930,1169,filterLoc,,
3930,1172,filterLoc,,
3930,1175,filterLoc,,
3930,1178,filterLoc,,
3930,1181,filterLoc,,
3930,1184,filterLoc,,
3930,1187,filterLoc,,
3930,1190,filterLoc,,
3930,1193,filterLoc,,
3930,1196,filterLoc,,
3930,1199,filterLoc,,
3930,1202,filterLoc,,
3930,1205,filterLoc,,
3930,1208,filterLoc,,
3930,1211,filterLoc,,
3930,1214,filterLoc,,
3930,1217,filterLoc,,
3930,1220,filterLoc,,
3930,1223,filterLoc,,
3930,1226,filterLoc,,
3930,1229,filterLoc,,
3930,1232,filterLoc,,
3930,1235,filterLoc,,
3930,1238,filterLoc,,
3930,1241,filterLoc,,
3930,1244,filterLoc,,
3930,1247,filterLoc,,
3930,1250,filterLoc,,
3930,1253,filterLoc,,
3930,1256,filterLoc,,
3930,1259,filterLoc,,
3930,1262,filterLoc,,
3930,1265,filterLoc,,
3930,1268,filterLoc,,
3930,1271,filterLoc,,
3930,1274,filterLoc,,
3930,1277,filterLoc,,
3930,1280,filterLoc,,
3930,1283,filterLoc,,
3930,1286,filterLoc,,
3930,1289,filterLoc,,
3930,1292,filterLoc,,
3930,1295,filterLoc,,
3930,1298,filterLoc,,
3930,1301,filterLoc,,
3930,1304,filterLoc,,
3930,1307,filterLoc,,
3930,1310,filterLoc,,
3930,1313,filterLoc,,
3930,1316,filterLoc,,
3930,1319,filterLoc,,
3930,1322,filterLoc,,
3930,1325,filterLoc,,
3930,1328,filterLoc,,
3930,1331,filterLoc,,
3930,1334,filterLoc,,
3930,1337,filterLoc,,
3930,1340,filterLoc,,
3930,1343,filterLoc,,
3930,1346,filterLoc,,
3930,1349,filterLoc,,
3930,1352,filterLoc,,
3930,1355,filterLoc,,
3930,1358,filterLoc,,
3930,1361,filterLoc,,
3930,1364,filterLoc,,
3930,1367,filterLoc,,
3930,1370,filterLoc,,
3930,1373,filterLoc,,
3930,1376,filterLoc,,
3930,1379,filterLoc,,
3930,1382,filterLoc,,
3930,1385,filterLoc,,
3930,1388,filterLoc,,
3930,1391,filterLoc,,
3930,1394,filterLoc,,
3930,1397,filterLoc,,
3930,1400,filterLoc,,
3930,1403,filterLoc,,
3930,1406,filterLoc,,
3930,1409,filterLoc,,
3930,1412,filterLoc,,
3930,1415,filterLoc,,
3930,1418,filterLoc,,
3930,1421,filterLoc,,
3930,1424,filterLoc,,
3930,1427,filterLoc,,
3930,1430,filterLoc,,
3930,1433,filterLoc,,
3930,1436,filterLoc,,
3930,1439,filterLoc,,
3930,1442,filterLoc,,
3930,1445,filterLoc,,
3930,1448,filterLoc,,
3930,1451,filterLoc,,
3930,1454,filterLoc,,
3930,1457,filterLoc,,
3930,1460,filterLoc,,
3930,1463,filterLoc,,
3930,1466,filterLoc,,
3930,1469,filterLoc,,
3930,1472,filterLoc,,
3930,1475,filterLoc,,
3930,1478,filterLoc,,
3930,1481,filterLoc,,
3930,1484,filterLoc,,
3930,1487,filterLoc,,
3930,1490,filterLoc,,
3930,1493,filterLoc,,
3930,1496,filterLoc,,
3930,1499,filterLoc,,
3930,1502,filterLoc,,
3930,1505,filterLoc,,
3930,1508,filterLoc,,
3930,1511,filterLoc,,
3930,1514,filterLoc,,
3930,1517,filterLoc,,
3930,483,filterLoc,out,Evacuee 117 in triage category R is not assigned a helicopter
3930,483,filterLoc,,
3930,484,evacuee,,Evacuee;117;in triage state;R;is entering the FOL
3930,489,filterLoc,out,Evacuee 432 in triage category R is not assigned a helicopter
3930,489,filterLoc,,
3930,490,evacuee,,Evacuee;432;in triage state;R;is entering the FOL
3930,600,filterLoc,out,Evacuee 361 in triage category Y is not assigned a helicopter
3930,600,filterLoc,,
3930,601,evacuee,,Evacuee;361;in triage state;Y;is entering the FOL
3930,223,FOL,,;EvacueeID;3;Triage Status;G;EvacueeID;5;Triage Status;G;EvacueeID;6;Triage Status;G;EvacueeID;7;Triage Status;G;EvacueeID;8;Triage Status;G;EvacueeID;16;Triage Status;G;EvacueeID;20;Triage Status;G;EvacueeID;21;Triage Status;G;EvacueeID;27;Triage Status;G;EvacueeID;35;Triage Status;G;EvacueeID;36;Triage Status;G;EvacueeID;39;Triage Status;G;EvacueeID;41;Triage Status;G;EvacueeID;42;Triage Status;G;EvacueeID;47;Triage Status;G;EvacueeID;49;Triage Status;G;EvacueeID;51;Triage Status;G;EvacueeID;52;Triage Status;G;EvacueeID;56;Triage Status;G;EvacueeID;62;Triage Status;G;EvacueeID;63;Triage Status;G;EvacueeID;66;Triage Status;G;EvacueeID;68;Triage Status;G;EvacueeID;69;Triage Status;G;EvacueeID;70;Triage Status;G;EvacueeID;72;Triage Status;G;EvacueeID;79;Triage Status;G;EvacueeID;80;Triage Status;G;EvacueeID;84;Triage Status;G;EvacueeID;86;Triage Status;G;EvacueeID;87;Triage Status;G;EvacueeID;89;Triage Status;G;EvacueeID;94;Triage Status;G;EvacueeID;96;Triage Status;G;EvacueeID;97;Triage Status;G;EvacueeID;101;Triage Status;G;EvacueeID;103;Triage Status;G;EvacueeID;107;Triage Status;G;EvacueeID;110;Triage Status;G;EvacueeID;111;Triage Status;G;EvacueeID;113;Triage Status;G;EvacueeID;115;Triage Status;G;EvacueeID;118;Triage Status;G;EvacueeID;120;Triage Status;G;EvacueeID;124;Triage Status;G;EvacueeID;128;Triage Status;G;EvacueeID;130;Triage Status;G;EvacueeID;132;Triage Status;G;EvacueeID;133;Triage Status;G;EvacueeID;134;Triage Status;G;EvacueeID;135;Triage Status;G;EvacueeID;137;Triage Status;G;EvacueeID;138;Triage Status;G;EvacueeID;139;Triage Status;G;EvacueeID;140;Triage Status;G;EvacueeID;141;Triage Status;G;EvacueeID;143;Triage Status;G;EvacueeID;146;Triage Status;G;EvacueeID;154;Triage Status;G;EvacueeID;155;Triage Status;G;EvacueeID;157;Triage Status;G;EvacueeID;166;Triage Status;G;EvacueeID;167;Triage Status;G;EvacueeID;172;Triage Status;G;EvacueeID;173;Triage Status;G;EvacueeID;175;Triage Status;G;EvacueeID;178;Triage Status;G;EvacueeID;180;Triage Status;G;EvacueeID;186;Triage Status;G;EvacueeID;189;Triage Status;G;EvacueeID;191;Triage Status;G;EvacueeID;194;Triage Status;G;EvacueeID;196;Triage Status;G;EvacueeID;198;Triage Status;G;EvacueeID;199;Triage Status;G;EvacueeID;206;Triage Status;G;EvacueeID;207;Triage Status;G;EvacueeID;211;Triage Status;G;EvacueeID;217;Triage Status;G;EvacueeID;223;Triage Status;G;EvacueeID;228;Triage Status;G;EvacueeID;229;Triage Status;G;EvacueeID;237;Triage Status;G;EvacueeID;238;Triage Status;G;EvacueeID;239;Triage Status;G;EvacueeID;240;Triage Status;G;EvacueeID;242;Triage Status;G;EvacueeID;243;Triage Status;G;EvacueeID;245;Triage Status;G;EvacueeID;250;Triage Status;G;EvacueeID;253;Triage Status;G;EvacueeID;265;Triage Status;G;EvacueeID;269;Triage Status;G;EvacueeID;270;Triage Status;G;EvacueeID;272;Triage Status;G;EvacueeID;273;Triage Status;G;EvacueeID;274;Triage Status;G;EvacueeID;277;Triage Status;G;EvacueeID;285;Triage Status;G;EvacueeID;286;Triage Status;G;EvacueeID;293;Triage Status;G;EvacueeID;294;Triage Status;G;EvacueeID;295;Triage Status;G;EvacueeID;297;Triage Status;G;EvacueeID;301;Triage Status;G;EvacueeID;303;Triage Status;G;EvacueeID;304;Triage Status;G;EvacueeID;305;Triage Status;G;EvacueeID;306;Triage Status;G;EvacueeID;310;Triage Status;G;EvacueeID;314;Triage Status;G;EvacueeID;315;Triage Status;G;EvacueeID;327;Triage Status;G;EvacueeID;328;Triage Status;G;EvacueeID;330;Triage Status;G;EvacueeID;331;Triage Status;G;EvacueeID;335;Triage Status;G;EvacueeID;337;Triage Status;G;EvacueeID;352;Triage Status;G;EvacueeID;359;Triage Status;G;EvacueeID;367;Triage Status;G;EvacueeID;371;Triage Status;G;EvacueeID;372;Triage Status;G;EvacueeID;374;Triage Status;G;EvacueeID;375;Triage Status;G;EvacueeID;377;Triage Status;G;EvacueeID;378;Triage Status;G;EvacueeID;379;Triage Status;G;EvacueeID;394;Triage Status;G;EvacueeID;403;Triage Status;G;EvacueeID;404;Triage Status;G;EvacueeID;405;Triage Status;G;EvacueeID;406;Triage Status;G;EvacueeID;407;Triage Status;G;EvacueeID;408;Triage Status;G;EvacueeID;409;Triage Status;G;EvacueeID;410;Triage Status;G;EvacueeID;417;Triage Status;G;EvacueeID;421;Triage Status;G;EvacueeID;422;Triage Status;G;EvacueeID;438;Triage Status;G;EvacueeID;444;Triage Status;G;EvacueeID;451;Triage Status;G;EvacueeID;456;Triage Status;G;EvacueeID;458;Triage Status;G;EvacueeID;459;Triage Status;G;EvacueeID;461;Triage Status;G;EvacueeID;462;Triage Status;G;EvacueeID;463;Triage Status;G;EvacueeID;469;Triage Status;G;EvacueeID;160;Triage Status;R;EvacueeID;341;Triage Status;R;EvacueeID;453;Triage Status;R;EvacueeID;470;Triage Status;G;EvacueeID;117;Triage Status;R;EvacueeID;361;Triage Status;Y;EvacueeID;432;Triage Status;R;Lives Saved;157
3930,484,evacuee,outFOL,Evacuee 117 in triage category R is not assigned a helicopter
3930,484,evacuee,,Evacuee;117;in triage state;R;is at the FOL
3930,490,evacuee,outFOL,Evacuee 432 in triage category R is not assigned a helicopter
3930,490,evacuee,,Evacuee;432;in triage state;R;is at the FOL
3930,601,evacuee,outFOL,Evacuee 361 in triage category Y is not assigned a helicopter
3930,601,evacuee,,Evacuee;361;in triage state;Y;is at the FOL
3930,223,FOL,,;EvacueeID;3;Triage Status;G;EvacueeID;5;Triage Status;G;EvacueeID;6;Triage Status;G;EvacueeID;7;Triage Status;G;EvacueeID;8;Triage Status;G;EvacueeID;16;Triage Status;G;EvacueeID;20;Triage Status;G;EvacueeID;21;Triage Status;G;EvacueeID;27;Triage Status;G;EvacueeID;35;Triage Status;G;EvacueeID;36;Triage Status;G;EvacueeID;39;Triage Status;G;EvacueeID;41;Triage Status;G;EvacueeID;42;Triage Status;G;EvacueeID;47;Triage Status;G;EvacueeID;49;Triage Status;G;EvacueeID;51;Triage Status;G;EvacueeID;52;Triage Status;G;EvacueeID;56;Triage Status;G;EvacueeID;62;Triage Status;G;EvacueeID;63;Triage Status;G;EvacueeID;66;Triage Status;G;EvacueeID;68;Triage Status;G;EvacueeID;69;Triage Status;G;EvacueeID;70;Triage Status;G;EvacueeID;72;Triage Status;G;EvacueeID;79;Triage Status;G;EvacueeID;80;Triage Status;G;EvacueeID;84;Triage Status;G;EvacueeID;86;Triage Status;G;EvacueeID;87;Triage Status;G;EvacueeID;89;Triage Status;G;EvacueeID;94;Triage Status;G;EvacueeID;96;Triage Status;G;EvacueeID;97;Triage Status;G;EvacueeID;101;Triage Status;G;EvacueeID;103;Triage Status;G;EvacueeID;107;Triage Status;G;EvacueeID;110;Triage Status;G;EvacueeID;111;Triage Status;G;EvacueeID;113;Triage Status;G;EvacueeID;115;Triage Status;G;EvacueeID;118;Triage Status;G;EvacueeID;120;Triage Status;G;EvacueeID;124;Triage Status;G;EvacueeID;128;Triage Status;G;EvacueeID;130;Triage Status;G;EvacueeID;132;Triage Status;G;EvacueeID;133;Triage Status;G;EvacueeID;134;Triage Status;G;EvacueeID;135;Triage Status;G;EvacueeID;137;Triage Status;G;EvacueeID;138;Triage Status;G;EvacueeID;139;Triage Status;G;EvacueeID;140;Triage Status;G;EvacueeID;141;Triage Status;G;EvacueeID;143;Triage Status;G;EvacueeID;146;Triage Status;G;EvacueeID;154;Triage Status;G;EvacueeID;155;Triage Status;G;EvacueeID;157;Triage Status;G;EvacueeID;166;Triage Status;G;EvacueeID;167;Triage Status;G;EvacueeID;172;Triage Status;G;EvacueeID;173;Triage Status;G;EvacueeID;175;Triage Status;G;EvacueeID;178;Triage Status;G;EvacueeID;180;Triage Status;G;EvacueeID;186;Triage Status;G;EvacueeID;189;Triage Status;G;EvacueeID;191;Triage Status;G;EvacueeID;194;Triage Status;G;EvacueeID;196;Triage Status;G;EvacueeID;198;Triage Status;G;EvacueeID;199;Triage Status;G;EvacueeID;206;Triage Status;G;EvacueeID;207;Triage Status;G;EvacueeID;211;Triage Status;G;EvacueeID;217;Triage Status;G;EvacueeID;223;Triage Status;G;EvacueeID;228;Triage Status;G;EvacueeID;229;Triage Status;G;EvacueeID;237;Triage Status;G;EvacueeID;238;Triage Status;G;EvacueeID;239;Triage Status;G;EvacueeID;240;Triage Status;G;EvacueeID;242;Triage Status;G;EvacueeID;243;Triage Status;G;EvacueeID;245;Triage Status;G;EvacueeID;250;Triage Status;G;EvacueeID;253;Triage Status;G;EvacueeID;265;Triage Status;G;EvacueeID;269;Triage Status;G;EvacueeID;270;Triage Status;G;EvacueeID;272;Triage Status;G;EvacueeID;273;Triage Status;G;EvacueeID;274;Triage Status;G;EvacueeID;277;Triage Status;G;EvacueeID;285;Triage Status;G;EvacueeID;286;Triage Status;G;EvacueeID;293;Triage Status;G;EvacueeID;294;Triage Status;G;EvacueeID;295;Triage Status;G;EvacueeID;297;Triage Status;G;EvacueeID;301;Triage Status;G;EvacueeID;303;Triage Status;G;EvacueeID;304;Triage Status;G;EvacueeID;305;Triage Status;G;EvacueeID;306;Triage Status;G;EvacueeID;310;Triage Status;G;EvacueeID;314;Triage Status;G;EvacueeID;315;Triage Status;G;EvacueeID;327;Triage Status;G;EvacueeID;328;Triage Status;G;EvacueeID;330;Triage Status;G;EvacueeID;331;Triage Status;G;EvacueeID;335;Triage Status;G;EvacueeID;337;Triage Status;G;EvacueeID;352;Triage Status;G;EvacueeID;359;Triage Status;G;EvacueeID;367;Triage Status;G;EvacueeID;371;Triage Status;G;EvacueeID;372;Triage Status;G;EvacueeID;374;Triage Status;G;EvacueeID;375;Triage Status;G;EvacueeID;377;Triage Status;G;EvacueeID;378;Triage Status;G;EvacueeID;379;Triage Status;G;EvacueeID;394;Triage Status;G;EvacueeID;403;Triage Status;G;EvacueeID;404;Triage Status;G;EvacueeID;405;Triage Status;G;EvacueeID;406;Triage Status;G;EvacueeID;407;Triage Status;G;EvacueeID;408;Triage Status;G;EvacueeID;409;Triage Status;G;EvacueeID;410;Triage Status;G;EvacueeID;417;Triage Status;G;EvacueeID;421;Triage Status;G;EvacueeID;422;Triage Status;G;EvacueeID;438;Triage Status;G;EvacueeID;444;Triage Status;G;EvacueeID;451;Triage Status;G;EvacueeID;456;Triage Status;G;EvacueeID;458;Triage Status;G;EvacueeID;459;Triage Status;G;EvacueeID;461;Triage Status;G;EvacueeID;462;Triage Status;G;EvacueeID;463;Triage Status;G;EvacueeID;469;Triage Status;G;EvacueeID;160;Triage Status;R;EvacueeID;341;Triage Status;R;EvacueeID;453;Triage Status;R;EvacueeID;470;Triage Status;G;EvacueeID;117;Triage Status;R;EvacueeID;361;Triage Status;Y;EvacueeID;432;Triage Status;R;Lives Saved;157
3945,1121,helicopter,,Helicopter;2;Is going to the evacuation site;;and has;0;spots taken
3960,5,helicopterQueue,,1;Helos are waiting to land;HeloID;1
3960,1161,helicopter,outES,Helicopter 1 is evacuating people1
3960,1161,helicopter,,Helicopter;1;is waiting to land at the evacuation site;;and has;0;spots taken
3960,4,helipadManager,,;No helos are at ES
3960,5,helicopterQueue,outHM,Helicopter 1 is evacuating people1
3960,5,helicopterQueue,outHelo,Helicopter 1 is evacuating people1
3960,5,helicopterQueue,,;No helos are waiting to land
3960,104,filterES,,
3960,1120,filterES,,
3960,1160,filterES,,Helicopter;1;is evacuating people
3960,3,evacueeManager,,OFF SHIP: White;0;Green;0;Yellow;3;Red;0;Black;334;ON SHIP: White;0;Green;0;Yellow;0;Red;0;Evacuees to Transfer;;EvacueeID;338;HeloID;1;OnShip;0;Triage Status;R;EvacueeID;162;HeloID;1;OnShip;0;Triage Status;Y;EvacueeID;309;HeloID;1;OnShip;0;Triage Status;Y
3960,4,helipadManager,outEM,Helicopter 1 is evacuating people1
3960,4,helipadManager,,Helo;1;is at the ES
3960,1160,filterES,out,Helicopter 1 is evacuating people1
3960,1160,filterES,,
3960,1161,helicopter,,Helicopter;1;is waiting to land at the evacuation site;;and has;0;spots taken
3960,3,evacueeManager,outEvac,Evacuee 338 in triage category R is assigned helicopter 1
3960,3,evacueeManager,outEvac,Evacuee 162 in triage category Y is assigned helicopter 1
3960,3,evacueeManager,outEvac,Evacuee 309 in triage category Y is assigned helicopter 1
3960,3,evacueeManager,,OFF SHIP: White;0;Green;0;Yellow;3;Red;0;Black;334;ON SHIP: White;0;Green;0;Yellow;0;Red;0;Evacuees to Transfer;
3960,7,filterLoc,,
3960,10,filterLoc,,
3960,13,filterLoc,,
3960,16,filterLoc,,
3960,19,filterLoc,,
3960,22,filterLoc,,
3960,25,filterLoc,,
3960,28,filterLoc,,
3960,31,filterLoc,,
3960,34,filterLoc,,
3960,37,filterLoc,,
3960,40,filterLoc,,
3960,43,filterLoc,,
3960,46,filterLoc,,
3960,49,filterLoc,,
3960,52,filterLoc,,
3960,55,filterLoc,,
3960,58,filterLoc,,
3960,61,filterLoc,,
3960,64,filterLoc,,
3960,67,filterLoc,,
3960,70,filterLoc,,
3960,73,filterLoc,,
3960,76,filterLoc,,
3960,79,filterLoc,,
3960,82,filterLoc,,
3960,85,filterLoc,,
3960,88,filterLoc,,
3960,91,filterLoc,,
3960,94,filterLoc,,
3960,97,filterLoc,,
3960,100,filterLoc,,
3960,107,filterLoc,,
3960,110,filterLoc,,
3960,113,filterLoc,,
3960,116,filterLoc,,
3960,119,filterLoc,,
3960,122,filterLoc,,
3960,125,filterLoc,,
3960,128,filterLoc,,
3960,131,filterLoc,,
3960,134,filterLoc,,
3960,137,filterLoc,,
3960,140,filterLoc,,
3960,143,filterLoc,,
3960,146,filterLoc,,
3960,149,filterLoc,,
3960,152,filterLoc,,
3960,155,filterLoc,,
3960,158,filterLoc,,
3960,161,filterLoc,,
3960,164,filterLoc,,
3960,167,filterLoc,,
3960,170,filterLoc,,
3960,173,filterLoc,,
3960,176,filterLoc,,
3960,179,filterLoc,,
3960,182,filterLoc,,
3960,185,filterLoc,,
3960,188,filterLoc,,
3960,191,filterLoc,,
3960,194,filterLoc,,
3960,197,filterLoc,,
3960,200,filterLoc,,
3960,203,filterLoc,,
3960,206,filterLoc,,
3960,209,filterLoc,,
3960,212,filterLoc,,
3960,215,filterLoc,,
3960,218,filterLoc,,
3960,221,filterLoc,,
3960,225,filterLoc,,
3960,228,filterLoc,,
3960,231,filterLoc,,
3960,234,filterLoc,,
3960,237,filterLoc,,
3960,240,filterLoc,,
3960,243,filterLoc,,
3960,246,filterLoc,,
3960,249,filterLoc,,
3960,252,filterLoc,,
3960,255,filterLoc,,
3960,258,filterLoc,,
3960,261,filterLoc,,
3960,264,filterLoc,,
3960,267,filterLoc,,
3960,270,filterLoc,,
3960,273,filterLoc,,;Evacuee;338;in triage category;R;is entering helicopter;1
3960,276,filterLoc,,
3960,279,filterLoc,,
3960,282,filterLoc,,
3960,285,filterLoc,,
3960,288,filterLoc,,
3960,291,filterLoc,,
3960,294,filterLoc,,
3960,297,filterLoc,,
3960,300,filterLoc,,
3960,303,filterLoc,,
3960,306,filterLoc,,
3960,309,filterLoc,,
3960,312,filterLoc,,
3960,315,filterLoc,,
3960,318,filterLoc,,
3960,321,filterLoc,,
3960,324,filterLoc,,
3960,327,filterLoc,,
3960,330,filterLoc,,
3960,333,filterLoc,,
3960,336,filterLoc,,
3960,339,filterLoc,,
3960,342,filterLoc,,;Evacuee;309;in triage category;Y;is entering helicopter;1
3960,345,filterLoc,,
3960,348,filterLoc,,
3960,351,filterLoc,,
3960,354,filterLoc,,
3960,357,filterLoc,,
3960,360,filterLoc,,
3960,363,filterLoc,,
3960,366,filterLoc,,
3960,369,filterLoc,,
3960,372,filterLoc,,
3960,375,filterLoc,,
3960,378,filterLoc,,
3960,381,filterLoc,,
3960,384,filterLoc,,
3960,387,filterLoc,,
3960,390,filterLoc,,
3960,393,filterLoc,,
3960,396,filterLoc,,
3960,399,filterLoc,,
3960,402,filterLoc,,
3960,405,filterLoc,,
3960,408,filterLoc,,
3960,411,filterLoc,,
3960,414,filterLoc,,
3960,417,filterLoc,,
3960,420,filterLoc,,
3960,423,filterLoc,,
3960,426,filterLoc,,
3960,429,filterLoc,,
3960,432,filterLoc,,
3960,435,filterLoc,,
3960,438,filterLoc,,
3960,441,filterLoc,,
3960,444,filterLoc,,
3960,447,filterLoc,,
3960,450,filterLoc,,
3960,453,filterLoc,,
3960,456,filterLoc,,
3960,459,filterLoc,,
3960,462,filterLoc,,
3960,465,filterLoc,,
3960,468,filterLoc,,
3960,471,filterLoc,,
3960,474,filterLoc,,
3960,477,filterLoc,,
3960,480,filterLoc,,
3960,483,filterLoc,,
3960,486,filterLoc,,
3960,489,filterLoc,,
3960,492,filterLoc,,
3960,495,filterLoc,,
3960,498,filterLoc,,
3960,501,filterLoc,,
3960,504,filterLoc,,
3960,507,filterLoc,,
3960,510,filterLoc,,
3960,513,filterLoc,,
3960,516,filterLoc,,
3960,519,filterLoc,,
3960,522,filterLoc,,
3960,525,filterLoc,,
3960,528,filterLoc,,
3960,531,filterLoc,,
3960,534,filterLoc,,
3960,537,filterLoc,,
3960,540,filterLoc,,
3960,543,filterLoc,,
3960,546,filterLoc,,
3960,549,filterLoc,,
3960,552,filterLoc,,
3960,555,filterLoc,,
3960,558,filterLoc,,
3960,561,filterLoc,,
3960,564,filterLoc,,
3960,567,filterLoc,,
3960,570,filterLoc,,
3960,573,filterLoc,,
3960,576,filterLoc,,
3960,579,filterLoc,,
3960,582,filterLoc,,
3960,585,filterLoc,,
3960,588,filterLoc,,
3960,591,filterLoc,,
3960,594,filterLoc,,
3960,597,filterLoc,,
3960,600,filterLoc,,
3960,603,filterLoc,,
3960,606,filterLoc,,
3960,609,filterLoc,,
3960,612,filterLoc,,
3960,615,filterLoc,,
3960,618,filterLoc,,
3960,621,filterLoc,,
3960,624,filterLoc,,
3960,627,filterLoc,,
3960,630,filterLoc,,
3960,633,filterLoc,,
3960,636,filterLoc,,
3960,639,filterLoc,,
3960,642,filterLoc,,
3960,645,filterLoc,,
3960,648,filterLoc,,
3960,651,filterLoc,,
3960,654,filterLoc,,
3960,657,filterLoc,,
3960,660,filterLoc,,
3960,663,filterLoc,,
3960,666,filterLoc,,
3960,669,filterLoc,,
3960,672,filterLoc,,
3960,675,filterLoc,,
3960,678,filterLoc,,
3960,681,filterLoc,,
3960,684,filterLoc,,
3960,687,filterLoc,,
3960,690,filterLoc,,
3960,693,filterLoc,,
3960,696,filterLoc,,
3960,699,filterLoc,,
3960,702,filterLoc,,
3960,705,filterLoc,,
3960,708,filterLoc,,
3960,711,filterLoc,,
3960,714,filterLoc,,
3960,717,filterLoc,,
3960,720,filterLoc,,
3960,723,filterLoc,,
3960,726,filterLoc,,
3960,729,filterLoc,,
3960,732,filterLoc,,
3960,735,filterLoc,,
3960,738,filterLoc,,
3960,741,filterLoc,,
3960,744,filterLoc,,
3960,747,filterLoc,,
3960,750,filterLoc,,
3960,753,filterLoc,,
3960,756,filterLoc,,
3960,759,filterLoc,,
3960,762,filterLoc,,
3960,765,filterLoc,,
3960,768,filterLoc,,
3960,771,filterLoc,,
3960,774,filterLoc,,
3960,777,filterLoc,,
3960,780,filterLoc,,
3960,783,filterLoc,,
3960,786,filterLoc,,
3960,789,filterLoc,,
3960,792,filterLoc,,
3960,795,filterLoc,,
3960,798,filterLoc,,
3960,801,filterLoc,,
3960,804,filterLoc,,
3960,807,filterLoc,,
3960,810,filterLoc,,
3960,813,filterLoc,,
3960,816,filterLoc,,
3960,819,filterLoc,,
3960,822,filterLoc,,
3960,825,filterLoc,,
3960,828,filterLoc,,
3960,831,filterLoc,,
3960,834,filterLoc,,
3960,837,filterLoc,,
3960,840,filterLoc,,
3960,843,filterLoc,,
3960,846,filterLoc,,
3960,849,filterLoc,,
3960,852,filterLoc,,
3960,855,filterLoc,,
3960,858,filterLoc,,
3960,861,filterLoc,,
3960,864,filterLoc,,
3960,867,filterLoc,,
3960,870,filterLoc,,
3960,873,filterLoc,,
3960,876,filterLoc,,
3960,879,filterLoc,,
3960,882,filterLoc,,
3960,885,filterLoc,,
3960,888,filterLoc,,
3960,891,filterLoc,,
3960,894,filterLoc,,
3960,897,filterLoc,,
3960,900,filterLoc,,
3960,903,filterLoc,,
3960,906,filterLoc,,
3960,909,filterLoc,,
3960,912,filterLoc,,
3960,915,filterLoc,,
3960,918,filterLoc,,
3960,921,filterLoc,,
3960,924,filterLoc,,
3960,927,filterLoc,,
3960,930,filterLoc,,
3960,933,filterLoc,,
3960,936,filterLoc,,
3960,939,filterLoc,,
3960,942,filterLoc,,
3960,945,filterLoc,,
3960,948,filterLoc,,
3960,951,filterLoc,,
3960,954,filterLoc,,
3960,957,filterLoc,,
3960,960,filterLoc,,
3960,963,filterLoc,,
3960,966,filterLoc,,
3960,969,filterLoc,,
3960,972,filterLoc,,
3960,975,filterLoc,,
3960,978,filterLoc,,
3960,981,filterLoc,,
3960,984,filterLoc,,
3960,987,filterLoc,,
3960,990,filterLoc,,
3960,993,filterLoc,,
3960,996,filterLoc,,
3960,999,filterLoc,,
3960,1002,filterLoc,,
3960,1005,filterLoc,,
3960,1008,filterLoc,,
3960,1011,filterLoc,,
3960,1014,filterLoc,,
3960,1017,filterLoc,,
3960,1020,filterLoc,,
3960,1023,filterLoc,,
3960,1026,filterLoc,,
3960,1029,filterLoc,,
3960,1032,filterLoc,,
3960,1035,filterLoc,,
3960,1038,filterLoc,,
3960,1041,filterLoc,,
3960,1044,filterLoc,,
3960,1047,filterLoc,,
3960,1050,filterLoc,,
3960,1053,filterLoc,,
3960,1056,filterLoc,,
3960,1059,filterLoc,,
3960,1062,filterLoc,,
3960,1065,filterLoc,,
3960,1068,filterLoc,,
3960,1071,filterLoc,,
3960,1074,filterLoc,,
3960,1077,filterLoc,,
3960,1080,filterLoc,,
3960,1083,filterLoc,,
3960,1086,filterLoc,,
3960,1089,filterLoc,,
3960,1092,filterLoc,,
3960,1095,filterLoc,,
3960,1098,filterLoc,,
3960,1101,filterLoc,,
3960,1104,filterLoc,,
3960,1107,filterLoc,,
3960,1110,filterLoc,,
3960,1113,filterLoc,,
3960,1116,filterLoc,,
3960,1123,filterLoc,,
3960,1126,filterLoc,,
3960,1129,filterLoc,,
3960,1132,filterLoc,,
3960,1135,filterLoc,,
3960,1138,filterLoc,,
3960,1141,filterLoc,,
3960,1144,filterLoc,,
3960,1147,filterLoc,,
3960,1150,filterLoc,,
3960,1153,filterLoc,,
3960,1156,filterLoc,,
3960,1161,helicopter,,Helicopter;1;is loading people at the evacuation site;;and has;0;spots taken
3960,1163,filterLoc,,
3960,1166,filterLoc,,
3960,1169,filterLoc,,
3960,1172,filterLoc,,
3960,1175,filterLoc,,
3960,1178,filterLoc,,
3960,1181,filterLoc,,
3960,1184,filterLoc,,
3960,1187,filterLoc,,
3960,1190,filterLoc,,
3960,1193,filterLoc,,
3960,1196,filterLoc,,
3960,1199,filterLoc,,
3960,1202,filterLoc,,
3960,1205,filterLoc,,
3960,1208,filterLoc,,
3960,1211,filterLoc,,
3960,1214,filterLoc,,
3960,1217,filterLoc,,
3960,1220,filterLoc,,
3960,1223,filterLoc,,
3960,1226,filterLoc,,
3960,1229,filterLoc,,
3960,1232,filterLoc,,
3960,1235,filterLoc,,
3960,1238,filterLoc,,
3960,1241,filterLoc,,
3960,1244,filterLoc,,
3960,1247,filterLoc,,
3960,1250,filterLoc,,
3960,1253,filterLoc,,
3960,1256,filterLoc,,;Evacuee;162;in triage category;Y;is entering helicopter;1
3960,1259,filterLoc,,
3960,1262,filterLoc,,
3960,1265,filterLoc,,
3960,1268,filterLoc,,
3960,1271,filterLoc,,
3960,1274,filterLoc,,
3960,1277,filterLoc,,
3960,1280,filterLoc,,
3960,1283,filterLoc,,
3960,1286,filterLoc,,
3960,1289,filterLoc,,
3960,1292,filterLoc,,
3960,1295,filterLoc,,
3960,1298,filterLoc,,
3960,1301,filterLoc,,
3960,1304,filterLoc,,
3960,1307,filterLoc,,
3960,1310,filterLoc,,
3960,1313,filterLoc,,
3960,1316,filterLoc,,
3960,1319,filterLoc,,
3960,1322,filterLoc,,
3960,1325,filterLoc,,
3960,1328,filterLoc,,
3960,1331,filterLoc,,
3960,1334,filterLoc,,
3960,1337,filterLoc,,
3960,1340,filterLoc,,
3960,1343,filterLoc,,
3960,1346,filterLoc,,
3960,1349,filterLoc,,
3960,1352,filterLoc,,
3960,1355,filterLoc,,
3960,1358,filterLoc,,
3960,1361,filterLoc,,
3960,1364,filterLoc,,
3960,1367,filterLoc,,
3960,1370,filterLoc,,
3960,1373,filterLoc,,
3960,1376,filterLoc,,
3960,1379,filterLoc,,
3960,1382,filterLoc,,
3960,1385,filterLoc,,
3960,1388,filterLoc,,
3960,1391,filterLoc,,
3960,1394,filterLoc,,
3960,1397,filterLoc,,
3960,1400,filterLoc,,
3960,1403,filterLoc,,
3960,1406,filterLoc,,
3960,1409,filterLoc,,
3960,1412,filterLoc,,
3960,1415,filterLoc,,
3960,1418,filterLoc,,
3960,1421,filterLoc,,
3960,1424,filterLoc,,
3960,1427,filterLoc,,
3960,1430,filterLoc,,
3960,1433,filterLoc,,
3960,1436,filterLoc,,
3960,1439,filterLoc,,
3960,1442,filterLoc,,
3960,1445,filterLoc,,
3960,1448,filterLoc,,
3960,1451,filterLoc,,
3960,1454,filterLoc,,
3960,1457,filterLoc,,
3960,1460,filterLoc,,
3960,1463,filterLoc,,
3960,1466,filterLoc,,
3960,1469,filterLoc,,
3960,1472,filterLoc,,
3960,1475,filterLoc,,
3960,1478,filterLoc,,
3960,1481,filterLoc,,
3960,1484,filterLoc,,
3960,1487,filterLoc,,
3960,1490,filterLoc,,
3960,1493,filterLoc,,
3960,1496,filterLoc,,
3960,1499,filterLoc,,
3960,1502,filterLoc,,
3960,1505,filterLoc,,
3960,1508,filterLoc,,
3960,1511,filterLoc,,
3960,1514,filterLoc,,
3960,1517,filterLoc,,
3960,273,filterLoc,out,Evacuee 338 in triage category R is assigned helicopter 1
3960,273,filterLoc,,
3960,274,evacuee,,Evacuee;338;in triage state;R;is entering helicopter;1
3960,342,filterLoc,out,Evacuee 309 in triage category Y is assigned helicopter 1
3960,342,filterLoc,,
3960,343,evacuee,,Evacuee;309;in triage state;Y;is entering helicopter;1
3960,1256,filterLoc,out,Evacuee 162 in triage category Y is assigned helicopter 1
3960,1256,filterLoc,,
3960,1257,evacuee,,Evacuee;162;in triage state;Y;is entering helicopter;1
3960,103,filterEvac,,
3960,274,evacuee,outHelo,Evacuee 338 in triage category R is assigned helicopter 1
3960,274,evacuee,,Evacuee;338;in triage state;R;is in helicopter;1
3960,343,evacuee,outHelo,Evacuee 309 in triage category Y is assigned helicopter 1
3960,343,evacuee,,Evacuee;309;in triage state;Y;is in helicopter;1
3960,1119,filterEvac,,
3960,1159,filterEvac,,;Evacuee;162;in triage category;Y;is entering helicopter;1;Evacuee;309;in triage category;Y;is entering helicopter;1;Evacuee;338;in triage category;R;is entering helicopter;1
3960,1257,evacuee,outHelo,Evacuee 162 in triage category Y is assigned helicopter 1
3960,1257,evacuee,,Evacuee;162;in triage state;Y;is in helicopter;1
3960,1159,filterEvac,out,Evacuee 162 in triage category Y is assigned helicopter 1
3960,1159,filterEvac,out,Evacuee 309 in triage category Y is assigned helicopter 1
3960,1159,filterEvac,out,Evacuee 338 in triage category R is assigned helicopter 1
3960,1159,filterEvac,,
3960,1161,helicopter,,Helicopter;1;is loading people at the evacuation site;;and has;9;spots taken
3975,4,helipadManager,outHelo,Helicopter 1 is evacuating people1
3975,4,helipadManager,,;No helos are at ES
3975,104,filterES,,
3975,1120,filterES,,
3975,1160,filterES,,Helicopter;1;is evacuating people
3975,4,helipadManager,outHQ,0
3975,4,helipadManager,,;No helos are at ES
3975,5,helicopterQueue,,;No helos are waiting to land
3975,1160,filterES,out,Helicopter 1 is evacuating people1
3975,1160,filterES,,
3975,1161,helicopter,,Helicopter;1;is loading people at the evacuation site;;and has;9;spots taken
3975,5,helicopterQueue,,;No helos are waiting to land
3975,1161,helicopter,,Helicopter;1;is returning to the FOL;;and has;9;spots taken
3990,7,filterLoc,,
3990,10,filterLoc,,
3990,13,filterLoc,,
3990,16,filterLoc,,
3990,19,filterLoc,,
3990,22,filterLoc,,
3990,25,filterLoc,,
3990,28,filterLoc,,
3990,31,filterLoc,,
3990,34,filterLoc,,
3990,37,filterLoc,,
3990,40,filterLoc,,
3990,43,filterLoc,,
3990,46,filterLoc,,
3990,49,filterLoc,,
3990,52,filterLoc,,
3990,55,filterLoc,,
3990,58,filterLoc,,
3990,61,filterLoc,,
3990,64,filterLoc,,
3990,67,filterLoc,,
3990,70,filterLoc,,
3990,73,filterLoc,,
3990,76,filterLoc,,
3990,79,filterLoc,,
3990,82,filterLoc,,
3990,85,filterLoc,,
3990,88,filterLoc,,
3990,91,filterLoc,,
3990,94,filterLoc,,
3990,97,filterLoc,,
3990,100,filterLoc,,
3990,105,helicopter,outEvac,Evacuee 102 in triage category Y is not assigned a helicopter
3990,105,helicopter,outEvac,Evacuee 119 in triage category Y is not assigned a helicopter
3990,105,helicopter,outEvac,Evacuee 312 in triage category Y is not assigned a helicopter
3990,105,helicopter,,Helicopter;3;is unloading people at the FOL;;and has;0;spots taken
3990,107,filterLoc,,
3990,110,filterLoc,,
3990,113,filterLoc,,
3990,116,filterLoc,,
3990,119,filterLoc,,
3990,122,filterLoc,,
3990,125,filterLoc,,
3990,128,filterLoc,,
3990,131,filterLoc,,
3990,134,filterLoc,,
3990,137,filterLoc,,
3990,140,filterLoc,,
3990,143,filterLoc,,
3990,146,filterLoc,,
3990,149,filterLoc,,
3990,152,filterLoc,,
3990,155,filterLoc,,
3990,158,filterLoc,,
3990,161,filterLoc,,
3990,164,filterLoc,,
3990,167,filterLoc,,
3990,170,filterLoc,,
3990,173,filterLoc,,
3990,176,filterLoc,,
3990,179,filterLoc,,
3990,182,filterLoc,,
3990,185,filterLoc,,
3990,188,filterLoc,,
3990,191,filterLoc,,
3990,194,filterLoc,,
3990,197,filterLoc,,
3990,200,filterLoc,,
3990,203,filterLoc,,
3990,206,filterLoc,,
3990,209,filterLoc,,
3990,212,filterLoc,,
3990,215,filterLoc,,
3990,218,filterLoc,,
3990,221,filterLoc,,
3990,225,filterLoc,,
3990,228,filterLoc,,
3990,231,filterLoc,,
3990,234,filterLoc,,
3990,237,filterLoc,,
3990,240,filterLoc,,
3990,243,filterLoc,,
3990,246,filterLoc,,
3990,249,filterLoc,,
3990,252,filterLoc,,
3990,255,filterLoc,,
3990,258,filterLoc,,
3990,261,filterLoc,,
3990,264,filterLoc,,
3990,267,filterLoc,,
3990,270,filterLoc,,
3990,273,filterLoc,,
3990,276,filterLoc,,
3990,279,filterLoc,,
3990,282,filterLoc,,
3990,285,filterLoc,,
3990,288,filterLoc,,
3990,291,filterLoc,,
3990,294,filterLoc,,
3990,297,filterLoc,,
3990,300,filterLoc,,
3990,303,filterLoc,,
3990,306,filterLoc,,
3990,309,filterLoc,,
3990,312,filterLoc,,
3990,315,filterLoc,,
3990,318,filterLoc,,
3990,321,filterLoc,,
3990,324,filterLoc,,
3990,327,filterLoc,,
3990,330,filterLoc,,
3990,333,filterLoc,,
3990,336,filterLoc,,
3990,339,filterLoc,,;Evacuee;312;in triage category;Y;is leaving helicopter;3
3990,342,filterLoc,,
3990,345,filterLoc,,
3990,348,filterLoc,,
3990,351,filterLoc,,
3990,354,filterLoc,,
3990,357,filterLoc,,
3990,360,filterLoc,,
3990,363,filterLoc,,
3990,366,filterLoc,,
3990,369,filterLoc,,
3990,372,filterLoc,,
3990,375,filterLoc,,
3990,378,filterLoc,,
3990,381,filterLoc,,
3990,384,filterLoc,,
3990,387,filterLoc,,
3990,390,filterLoc,,
3990,393,filterLoc,,
3990,396,filterLoc,,
3990,399,filterLoc,,
3990,402,filterLoc,,
3990,405,filterLoc,,
3990,408,filterLoc,,
3990,411,filterLoc,,
3990,414,filterLoc,,
3990,417,filterLoc,,
3990,420,filterLoc,,
3990,423,filterLoc,,
3990,426,filterLoc,,
3990,429,filterLoc,,
3990,432,filterLoc,,
3990,435,filterLoc,,
3990,438,filterLoc,,
3990,441,filterLoc,,
3990,444,filterLoc,,
3990,447,filterLoc,,
3990,450,filterLoc,,
3990,453,filterLoc,,
3990,456,filterLoc,,
3990,459,filterLoc,,
3990,462,filterLoc,,
3990,465,filterLoc,,
3990,468,filterLoc,,
3990,471,filterLoc,,
3990,474,filterLoc,,
3990,477,filterLoc,,
3990,480,filterLoc,,
3990,483,filterLoc,,
3990,486,filterLoc,,
3990,489,filterLoc,,
3990,492,filterLoc,,
3990,495,filterLoc,,
3990,498,filterLoc,,
3990,501,filterLoc,,
3990,504,filterLoc,,
3990,507,filterLoc,,
3990,510,filterLoc,,
3990,513,filterLoc,,
3990,516,filterLoc,,
3990,519,filterLoc,,
3990,522,filterLoc,,
3990,525,filterLoc,,
3990,528,filterLoc,,
3990,531,filterLoc,,
3990,534,filterLoc,,
3990,537,filterLoc,,
3990,540,filterLoc,,
3990,543,filterLoc,,
3990,546,filterLoc,,
3990,549,filterLoc,,
3990,552,filterLoc,,
3990,555,filterLoc,,
3990,558,filterLoc,,
3990,561,filterLoc,,
3990,564,filterLoc,,
3990,567,filterLoc,,
3990,570,filterLoc,,
3990,573,filterLoc,,
3990,576,filterLoc,,
3990,579,filterLoc,,
3990,582,filterLoc,,
3990,585,filterLoc,,
3990,588,filterLoc,,
3990,591,filterLoc,,
3990,594,filterLoc,,
3990,597,filterLoc,,
3990,600,filterLoc,,
3990,603,filterLoc,,
3990,606,filterLoc,,
3990,609,filterLoc,,
3990,612,filterLoc,,
3990,615,filterLoc,,
3990,618,filterLoc,,
3990,621,filterLoc,,
3990,624,filterLoc,,
3990,627,filterLoc,,
3990,630,filterLoc,,
3990,633,filterLoc,,
3990,636,filterLoc,,
3990,639,filterLoc,,
3990,642,filterLoc,,
3990,645,filterLoc,,
3990,648,filterLoc,,
3990,651,filterLoc,,
3990,654,filterLoc,,
3990,657,filterLoc,,
3990,660,filterLoc,,
3990,663,filterLoc,,
3990,666,filterLoc,,
3990,669,filterLoc,,
3990,672,filterLoc,,
3990,675,filterLoc,,
3990,678,filterLoc,,
3990,681,filterLoc,,
3990,684,filterLoc,,
3990,687,filterLoc,,
3990,690,filterLoc,,
3990,693,filterLoc,,
3990,696,filterLoc,,
3990,699,filterLoc,,
3990,702,filterLoc,,
3990,705,filterLoc,,
3990,708,filterLoc,,
3990,711,filterLoc,,
3990,714,filterLoc,,
3990,717,filterLoc,,
3990,720,filterLoc,,
3990,723,filterLoc,,
3990,726,filterLoc,,
3990,729,filterLoc,,
3990,732,filterLoc,,
3990,735,filterLoc,,
3990,738,filterLoc,,
3990,741,filterLoc,,
3990,744,filterLoc,,
3990,747,filterLoc,,
3990,750,filterLoc,,
3990,753,filterLoc,,
3990,756,filterLoc,,
3990,759,filterLoc,,
3990,762,filterLoc,,
3990,765,filterLoc,,
3990,768,filterLoc,,
3990,771,filterLoc,,
3990,774,filterLoc,,
3990,777,filterLoc,,
3990,780,filterLoc,,
3990,783,filterLoc,,
3990,786,filterLoc,,
3990,789,filterLoc,,
3990,792,filterLoc,,
3990,795,filterLoc,,
3990,798,filterLoc,,
3990,801,filterLoc,,
3990,804,filterLoc,,
3990,807,filterLoc,,
3990,810,filterLoc,,
3990,813,filterLoc,,
3990,816,filterLoc,,
3990,819,filterLoc,,
3990,822,filterLoc,,
3990,825,filterLoc,,
3990,828,filterLoc,,
3990,831,filterLoc,,
3990,834,filterLoc,,
3990,837,filterLoc,,
3990,840,filterLoc,,
3990,843,filterLoc,,
3990,846,filterLoc,,
3990,849,filterLoc,,
3990,852,filterLoc,,
3990,855,filterLoc,,
3990,858,filterLoc,,
3990,861,filterLoc,,
3990,864,filterLoc,,
3990,867,filterLoc,,
3990,870,filterLoc,,
3990,873,filterLoc,,
3990,876,filterLoc,,
3990,879,filterLoc,,
3990,882,filterLoc,,
3990,885,filterLoc,,
3990,888,filterLoc,,
3990,891,filterLoc,,
3990,894,filterLoc,,
3990,897,filterLoc,,
3990,900,filterLoc,,;Evacuee;119;in triage category;Y;is leaving helicopter;3
3990,903,filterLoc,,
3990,906,filterLoc,,
3990,909,filterLoc,,
3990,912,filterLoc,,
3990,915,filterLoc,,
3990,918,filterLoc,,
3990,921,filterLoc,,
3990,924,filterLoc,,
3990,927,filterLoc,,
3990,930,filterLoc,,
3990,933,filterLoc,,
3990,936,filterLoc,,
3990,939,filterLoc,,
3990,942,filterLoc,,
3990,945,filterLoc,,
3990,948,filterLoc,,
3990,951,filterLoc,,
3990,954,filterLoc,,
3990,957,filterLoc,,
3990,960,filterLoc,,
3990,963,filterLoc,,
3990,966,filterLoc,,
3990,969,filterLoc,,
3990,972,filterLoc,,
3990,975,filterLoc,,
3990,978,filterLoc,,
3990,981,filterLoc,,
3990,984,filterLoc,,
3990,987,filterLoc,,
3990,990,filterLoc,,
3990,993,filterLoc,,
3990,996,filterLoc,,
3990,999,filterLoc,,
3990,1002,filterLoc,,
3990,1005,filterLoc,,
3990,1008,filterLoc,,
3990,1011,filterLoc,,
3990,1014,filterLoc,,
3990,1017,filterLoc,,
3990,1020,filterLoc,,
3990,1023,filterLoc,,
3990,1026,filterLoc,,
3990,1029,filterLoc,,
3990,1032,filterLoc,,
3990,1035,filterLoc,,
3990,1038,filterLoc,,
3990,1041,filterLoc,,;Evacuee;102;in triage category;Y;is leaving helicopter;3
3990,1044,filterLoc,,
3990,1047,filterLoc,,
3990,1050,filterLoc,,
3990,1053,filterLoc,,
3990,1056,filterLoc,,
3990,1059,filterLoc,,
3990,1062,filterLoc,,
3990,1065,filterLoc,,
3990,1068,filterLoc,,
3990,1071,filterLoc,,
3990,1074,filterLoc,,
3990,1077,filterLoc,,
3990,1080,filterLoc,,
3990,1083,filterLoc,,
3990,1086,filterLoc,,
3990,1089,filterLoc,,
3990,1092,filterLoc,,
3990,1095,filterLoc,,
3990,1098,filterLoc,,
3990,1101,filterLoc,,
3990,1104,filterLoc,,
3990,1107,filterLoc,,
3990,1110,filterLoc,,
3990,1113,filterLoc,,
3990,1116,filterLoc,,
3990,1123,filterLoc,,
3990,1126,filterLoc,,
3990,1129,filterLoc,,
3990,1132,filterLoc,,
3990,1135,filterLoc,,
3990,1138,filterLoc,,
3990,1141,filterLoc,,
3990,1144,filterLoc,,
3990,1147,filterLoc,,
3990,1150,filterLoc,,
3990,1153,filterLoc,,
3990,1156,filterLoc,,
3990,1163,filterLoc,,
3990,1166,filterLoc,,
3990,1169,filterLoc,,
3990,1172,filterLoc,,
3990,1175,filterLoc,,
3990,1178,filterLoc,,
3990,1181,filterLoc,,
3990,1184,filterLoc,,
3990,1187,filterLoc,,
3990,1190,filterLoc,,
3990,1193,filterLoc,,
3990,1196,filterLoc,,
3990,1199,filterLoc,,
3990,1202,filterLoc,,
3990,1205,filterLoc,,
3990,1208,filterLoc,,
3990,1211,filterLoc,,
3990,1214,filterLoc,,
3990,1217,filterLoc,,
3990,1220,filterLoc,,
3990,1223,filterLoc,,
3990,1226,filterLoc,,
3990,1229,filterLoc,,
3990,1232,filterLoc,,
3990,1235,filterLoc,,
3990,1238,filterLoc,,
3990,1241,filterLoc,,
3990,1244,filterLoc,,
3990,1247,filterLoc,,
3990,1250,filterLoc,,
3990,1253,filterLoc,,
3990,1256,filterLoc,,
3990,1259,filterLoc,,
3990,1262,filterLoc,,
3990,1265,filterLoc,,
3990,1268,filterLoc,,
3990,1271,filterLoc,,
3990,1274,filterLoc,,
3990,1277,filterLoc,,
3990,1280,filterLoc,,
3990,1283,filterLoc,,
3990,1286,filterLoc,,
3990,1289,filterLoc,,
3990,1292,filterLoc,,
3990,1295,filterLoc,,
3990,1298,filterLoc,,
3990,1301,filterLoc,,
3990,1304,filterLoc,,
3990,1307,filterLoc,,
3990,1310,filterLoc,,
3990,1313,filterLoc,,
3990,1316,filterLoc,,
3990,1319,filterLoc,,
3990,1322,filterLoc,,
3990,1325,filterLoc,,
3990,1328,filterLoc,,
3990,1331,filterLoc,,
3990,1334,filterLoc,,
3990,1337,filterLoc,,
3990,1340,filterLoc,,
3990,1343,filterLoc,,
3990,1346,filterLoc,,
3990,1349,filterLoc,,
3990,1352,filterLoc,,
3990,1355,filterLoc,,
3990,1358,filterLoc,,
3990,1361,filterLoc,,
3990,1364,filterLoc,,
3990,1367,filterLoc,,
3990,1370,filterLoc,,
3990,1373,filterLoc,,
3990,1376,filterLoc,,
3990,1379,filterLoc,,
3990,1382,filterLoc,,
3990,1385,filterLoc,,
3990,1388,filterLoc,,
3990,1391,filterLoc,,
3990,1394,filterLoc,,
3990,1397,filterLoc,,
3990,1400,filterLoc,,
3990,1403,filterLoc,,
3990,1406,filterLoc,,
3990,1409,filterLoc,,
3990,1412,filterLoc,,
3990,1415,filterLoc,,
3990,1418,filterLoc,,
3990,1421,filterLoc,,
3990,1424,filterLoc,,
3990,1427,filterLoc,,
3990,1430,filterLoc,,
3990,1433,filterLoc,,
3990,1436,filterLoc,,
3990,1439,filterLoc,,
3990,1442,filterLoc,,
3990,1445,filterLoc,,
3990,1448,filterLoc,,
3990,1451,filterLoc,,
3990,1454,filterLoc,,
3990,1457,filterLoc,,
3990,1460,filterLoc,,
3990,1463,filterLoc,,
3990,1466,filterLoc,,
3990,1469,filterLoc,,
3990,1472,filterLoc,,
3990,1475,filterLoc,,
3990,1478,filterLoc,,
3990,1481,filterLoc,,
3990,1484,filterLoc,,
3990,1487,filterLoc,,
3990,1490,filterLoc,,
3990,1493,filterLoc,,
3990,1496,filterLoc,,
3990,1499,filterLoc,,
3990,1502,filterLoc,,
3990,1505,filterLoc,,
3990,1508,filterLoc,,
3990,1511,filterLoc,,
3990,1514,filterLoc,,
3990,1517,filterLoc,,
3990,339,filterLoc,out,Evacuee 312 in triage category Y is not assigned a helicopter
3990,339,filterLoc,,
3990,340,evacuee,,Evacuee;312;in triage state;Y;is entering the FOL
3990,900,filterLoc,out,Evacuee 119 in triage category Y is not assigned a helicopter
3990,900,filterLoc,,
3990,901,evacuee,,Evacuee;119;in triage state;Y;is entering the FOL
3990,1041,filterLoc,out,Evacuee 102 in triage category Y is not assigned a helicopter
3990,1041,filterLoc,,
3990,1042,evacuee,,Evacuee;102;in triage state;Y;is entering the FOL
3990,223,FOL,,;EvacueeID;3;Triage Status;G;EvacueeID;5;Triage Status;G;EvacueeID;6;Triage Status;G;EvacueeID;7;Triage Status;G;EvacueeID;8;Triage Status;G;EvacueeID;16;Triage Status;G;EvacueeID;20;Triage Status;G;EvacueeID;21;Triage Status;G;EvacueeID;27;Triage Status;G;EvacueeID;35;Triage Status;G;EvacueeID;36;Triage Status;G;EvacueeID;39;Triage Status;G;EvacueeID;41;Triage Status;G;EvacueeID;42;Triage Status;G;EvacueeID;47;Triage Status;G;EvacueeID;49;Triage Status;G;EvacueeID;51;Triage Status;G;EvacueeID;52;Triage Status;G;EvacueeID;56;Triage Status;G;EvacueeID;62;Triage Status;G;EvacueeID;63;Triage Status;G;EvacueeID;66;Triage Status;G;EvacueeID;68;Triage Status;G;EvacueeID;69;Triage Status;G;EvacueeID;70;Triage Status;G;EvacueeID;72;Triage Status;G;EvacueeID;79;Triage Status;G;EvacueeID;80;Triage Status;G;EvacueeID;84;Triage Status;G;EvacueeID;86;Triage Status;G;EvacueeID;87;Triage Status;G;EvacueeID;89;Triage Status;G;EvacueeID;94;Triage Status;G;EvacueeID;96;Triage Status;G;EvacueeID;97;Triage Status;G;EvacueeID;101;Triage Status;G;EvacueeID;103;Triage Status;G;EvacueeID;107;Triage Status;G;EvacueeID;110;Triage Status;G;EvacueeID;111;Triage Status;G;EvacueeID;113;Triage Status;G;EvacueeID;115;Triage Status;G;EvacueeID;118;Triage Status;G;EvacueeID;120;Triage Status;G;EvacueeID;124;Triage Status;G;EvacueeID;128;Triage Status;G;EvacueeID;130;Triage Status;G;EvacueeID;132;Triage Status;G;EvacueeID;133;Triage Status;G;EvacueeID;134;Triage Status;G;EvacueeID;135;Triage Status;G;EvacueeID;137;Triage Status;G;EvacueeID;138;Triage Status;G;EvacueeID;139;Triage Status;G;EvacueeID;140;Triage Status;G;EvacueeID;141;Triage Status;G;EvacueeID;143;Triage Status;G;EvacueeID;146;Triage Status;G;EvacueeID;154;Triage Status;G;EvacueeID;155;Triage Status;G;EvacueeID;157;Triage Status;G;EvacueeID;166;Triage Status;G;EvacueeID;167;Triage Status;G;EvacueeID;172;Triage Status;G;EvacueeID;173;Triage Status;G;EvacueeID;175;Triage Status;G;EvacueeID;178;Triage Status;G;EvacueeID;180;Triage Status;G;EvacueeID;186;Triage Status;G;EvacueeID;189;Triage Status;G;EvacueeID;191;Triage Status;G;EvacueeID;194;Triage Status;G;EvacueeID;196;Triage Status;G;EvacueeID;198;Triage Status;G;EvacueeID;199;Triage Status;G;EvacueeID;206;Triage Status;G;EvacueeID;207;Triage Status;G;EvacueeID;211;Triage Status;G;EvacueeID;217;Triage Status;G;EvacueeID;223;Triage Status;G;EvacueeID;228;Triage Status;G;EvacueeID;229;Triage Status;G;EvacueeID;237;Triage Status;G;EvacueeID;238;Triage Status;G;EvacueeID;239;Triage Status;G;EvacueeID;240;Triage Status;G;EvacueeID;242;Triage Status;G;EvacueeID;243;Triage Status;G;EvacueeID;245;Triage Status;G;EvacueeID;250;Triage Status;G;EvacueeID;253;Triage Status;G;EvacueeID;265;Triage Status;G;EvacueeID;269;Triage Status;G;EvacueeID;270;Triage Status;G;EvacueeID;272;Triage Status;G;EvacueeID;273;Triage Status;G;EvacueeID;274;Triage Status;G;EvacueeID;277;Triage Status;G;EvacueeID;285;Triage Status;G;EvacueeID;286;Triage Status;G;EvacueeID;293;Triage Status;G;EvacueeID;294;Triage Status;G;EvacueeID;295;Triage Status;G;EvacueeID;297;Triage Status;G;EvacueeID;301;Triage Status;G;EvacueeID;303;Triage Status;G;EvacueeID;304;Triage Status;G;EvacueeID;305;Triage Status;G;EvacueeID;306;Triage Status;G;EvacueeID;310;Triage Status;G;EvacueeID;314;Triage Status;G;EvacueeID;315;Triage Status;G;EvacueeID;327;Triage Status;G;EvacueeID;328;Triage Status;G;EvacueeID;330;Triage Status;G;EvacueeID;331;Triage Status;G;EvacueeID;335;Triage Status;G;EvacueeID;337;Triage Status;G;EvacueeID;352;Triage Status;G;EvacueeID;359;Triage Status;G;EvacueeID;367;Triage Status;G;EvacueeID;371;Triage Status;G;EvacueeID;372;Triage Status;G;EvacueeID;374;Triage Status;G;EvacueeID;375;Triage Status;G;EvacueeID;377;Triage Status;G;EvacueeID;378;Triage Status;G;EvacueeID;379;Triage Status;G;EvacueeID;394;Triage Status;G;EvacueeID;403;Triage Status;G;EvacueeID;404;Triage Status;G;EvacueeID;405;Triage Status;G;EvacueeID;406;Triage Status;G;EvacueeID;407;Triage Status;G;EvacueeID;408;Triage Status;G;EvacueeID;409;Triage Status;G;EvacueeID;410;Triage Status;G;EvacueeID;417;Triage Status;G;EvacueeID;421;Triage Status;G;EvacueeID;422;Triage Status;G;EvacueeID;438;Triage Status;G;EvacueeID;444;Triage Status;G;EvacueeID;451;Triage Status;G;EvacueeID;456;Triage Status;G;EvacueeID;458;Triage Status;G;EvacueeID;459;Triage Status;G;EvacueeID;461;Triage Status;G;EvacueeID;462;Triage Status;G;EvacueeID;463;Triage Status;G;EvacueeID;469;Triage Status;G;EvacueeID;160;Triage Status;R;EvacueeID;341;Triage Status;R;EvacueeID;453;Triage Status;R;EvacueeID;470;Triage Status;G;EvacueeID;117;Triage Status;R;EvacueeID;361;Triage Status;Y;EvacueeID;432;Triage Status;R;EvacueeID;102;Triage Status;Y;EvacueeID;119;Triage Status;Y;EvacueeID;312;Triage Status;Y;Lives Saved;160
3990,340,evacuee,outFOL,Evacuee 312 in triage category Y is not assigned a helicopter
3990,340,evacuee,,Evacuee;312;in triage state;Y;is at the FOL
3990,901,evacuee,outFOL,Evacuee 119 in triage category Y is not assigned a helicopter
3990,901,evacuee,,Evacuee;119;in triage state;Y;is at the FOL
3990,1042,evacuee,outFOL,Evacuee 102 in triage category Y is not assigned a helicopter
3990,1042,evacuee,,Evacuee;102;in triage state;Y;is at the FOL
3990,223,FOL,,;EvacueeID;3;Triage Status;G;EvacueeID;5;Triage Status;G;EvacueeID;6;Triage Status;G;EvacueeID;7;Triage Status;G;EvacueeID;8;Triage Status;G;EvacueeID;16;Triage Status;G;EvacueeID;20;Triage Status;G;EvacueeID;21;Triage Status;G;EvacueeID;27;Triage Status;G;EvacueeID;35;Triage Status;G;EvacueeID;36;Triage Status;G;EvacueeID;39;Triage Status;G;EvacueeID;41;Triage Status;G;EvacueeID;42;Triage Status;G;EvacueeID;47;Triage Status;G;EvacueeID;49;Triage Status;G;EvacueeID;51;Triage Status;G;EvacueeID;52;Triage Status;G;EvacueeID;56;Triage Status;G;EvacueeID;62;Triage Status;G;EvacueeID;63;Triage Status;G;EvacueeID;66;Triage Status;G;EvacueeID;68;Triage Status;G;EvacueeID;69;Triage Status;G;EvacueeID;70;Triage Status;G;EvacueeID;72;Triage Status;G;EvacueeID;79;Triage Status;G;EvacueeID;80;Triage Status;G;EvacueeID;84;Triage Status;G;EvacueeID;86;Triage Status;G;EvacueeID;87;Triage Status;G;EvacueeID;89;Triage Status;G;EvacueeID;94;Triage Status;G;EvacueeID;96;Triage Status;G;EvacueeID;97;Triage Status;G;EvacueeID;101;Triage Status;G;EvacueeID;103;Triage Status;G;EvacueeID;107;Triage Status;G;EvacueeID;110;Triage Status;G;EvacueeID;111;Triage Status;G;EvacueeID;113;Triage Status;G;EvacueeID;115;Triage Status;G;EvacueeID;118;Triage Status;G;EvacueeID;120;Triage Status;G;EvacueeID;124;Triage Status;G;EvacueeID;128;Triage Status;G;EvacueeID;130;Triage Status;G;EvacueeID;132;Triage Status;G;EvacueeID;133;Triage Status;G;EvacueeID;134;Triage Status;G;EvacueeID;135;Triage Status;G;EvacueeID;137;Triage Status;G;EvacueeID;138;Triage Status;G;EvacueeID;139;Triage Status;G;EvacueeID;140;Triage Status;G;EvacueeID;141;Triage Status;G;EvacueeID;143;Triage Status;G;EvacueeID;146;Triage Status;G;EvacueeID;154;Triage Status;G;EvacueeID;155;Triage Status;G;EvacueeID;157;Triage Status;G;EvacueeID;166;Triage Status;G;EvacueeID;167;Triage Status;G;EvacueeID;172;Triage Status;G;EvacueeID;173;Triage Status;G;EvacueeID;175;Triage Status;G;EvacueeID;178;Triage Status;G;EvacueeID;180;Triage Status;G;EvacueeID;186;Triage Status;G;EvacueeID;189;Triage Status;G;EvacueeID;191;Triage Status;G;EvacueeID;194;Triage Status;G;EvacueeID;196;Triage Status;G;EvacueeID;198;Triage Status;G;EvacueeID;199;Triage Status;G;EvacueeID;206;Triage Status;G;EvacueeID;207;Triage Status;G;EvacueeID;211;Triage Status;G;EvacueeID;217;Triage Status;G;EvacueeID;223;Triage Status;G;EvacueeID;228;Triage Status;G;EvacueeID;229;Triage Status;G;EvacueeID;237;Triage Status;G;EvacueeID;238;Triage Status;G;EvacueeID;239;Triage Status;G;EvacueeID;240;Triage Status;G;EvacueeID;242;Triage Status;G;EvacueeID;243;Triage Status;G;EvacueeID;245;Triage Status;G;EvacueeID;250;Triage Status;G;EvacueeID;253;Triage Status;G;EvacueeID;265;Triage Status;G;EvacueeID;269;Triage Status;G;EvacueeID;270;Triage Status;G;EvacueeID;272;Triage Status;G;EvacueeID;273;Triage Status;G;EvacueeID;274;Triage Status;G;EvacueeID;277;Triage Status;G;EvacueeID;285;Triage Status;G;EvacueeID;286;Triage Status;G;EvacueeID;293;Triage Status;G;EvacueeID;294;Triage Status;G;EvacueeID;295;Triage Status;G;EvacueeID;297;Triage Status;G;EvacueeID;301;Triage Status;G;EvacueeID;303;Triage Status;G;EvacueeID;304;Triage Status;G;EvacueeID;305;Triage Status;G;EvacueeID;306;Triage Status;G;EvacueeID;310;Triage Status;G;EvacueeID;314;Triage Status;G;EvacueeID;315;Triage Status;G;EvacueeID;327;Triage Status;G;EvacueeID;328;Triage Status;G;EvacueeID;330;Triage Status;G;EvacueeID;331;Triage Status;G;EvacueeID;335;Triage Status;G;EvacueeID;337;Triage Status;G;EvacueeID;352;Triage Status;G;EvacueeID;359;Triage Status;G;EvacueeID;367;Triage Status;G;EvacueeID;371;Triage Status;G;EvacueeID;372;Triage Status;G;EvacueeID;374;Triage Status;G;EvacueeID;375;Triage Status;G;EvacueeID;377;Triage Status;G;EvacueeID;378;Triage Status;G;EvacueeID;379;Triage Status;G;EvacueeID;394;Triage Status;G;EvacueeID;403;Triage Status;G;EvacueeID;404;Triage Status;G;EvacueeID;405;Triage Status;G;EvacueeID;406;Triage Status;G;EvacueeID;407;Triage Status;G;EvacueeID;408;Triage Status;G;EvacueeID;409;Triage Status;G;EvacueeID;410;Triage Status;G;EvacueeID;417;Triage Status;G;EvacueeID;421;Triage Status;G;EvacueeID;422;Triage Status;G;EvacueeID;438;Triage Status;G;EvacueeID;444;Triage Status;G;EvacueeID;451;Triage Status;G;EvacueeID;456;Triage Status;G;EvacueeID;458;Triage Status;G;EvacueeID;459;Triage Status;G;EvacueeID;461;Triage Status;G;EvacueeID;462;Triage Status;G;EvacueeID;463;Triage Status;G;EvacueeID;469;Triage Status;G;EvacueeID;160;Triage Status;R;EvacueeID;341;Triage Status;R;EvacueeID;453;Triage Status;R;EvacueeID;470;Triage Status;G;EvacueeID;117;Triage Status;R;EvacueeID;361;Triage Status;Y;EvacueeID;432;Triage Status;R;EvacueeID;102;Triage Status;Y;EvacueeID;119;Triage Status;Y;EvacueeID;312;Triage Status;Y;Lives Saved;160
4005,105,helicopter,,Helicopter;3;Is going to the evacuation site;;and has;0;spots taken
4020,5,helicopterQueue,,1;Helos are waiting to land;HeloID;2
4020,1121,helicopter,outES,Helicopter 2 is evacuating people2
4020,1121,helicopter,,Helicopter;2;is waiting to land at the evacuation site;;and has;0;spots taken
4020,4,helipadManager,,;No helos are at ES
4020,5,helicopterQueue,outHM,Helicopter 2 is evacuating people2
4020,5,helicopterQueue,outHelo,Helicopter 2 is evacuating people2
4020,5,helicopterQueue,,;No helos are waiting to land
4020,104,filterES,,
4020,1120,filterES,,Helicopter;2;is evacuating people
4020,1160,filterES,,
4020,3,evacueeManager,,OFF SHIP: White;0;Green;0;Yellow;0;Red;0;Black;334;ON SHIP: White;0;Green;0;Yellow;0;Red;0;Evacuees to Transfer;;EvacueeID;192;HeloID;2;OnShip;0;Triage Status;Y;EvacueeID;380;HeloID;2;OnShip;0;Triage Status;Y;EvacueeID;411;HeloID;2;OnShip;0;Triage Status;Y
4020,4,helipadManager,outEM,Helicopter 2 is evacuating people2
4020,4,helipadManager,,Helo;2;is at the ES
4020,1120,filterES,out,Helicopter 2 is evacuating people2
4020,1120,filterES,,
4020,1121,helicopter,,Helicopter;2;is waiting to land at the evacuation site;;and has;0;spots taken
4020,2,coastGuardShip,,The ship will arrive in 156 hours.
4020,3,evacueeManager,outEvac,Evacuee 192 in triage category Y is assigned helicopter 2
4020,3,evacueeManager,outEvac,Evacuee 380 in triage category Y is assigned helicopter 2
4020,3,evacueeManager,outEvac,Evacuee 411 in triage category Y is assigned helicopter 2
4020,3,evacueeManager,outHM,1
4020,3,evacueeManager,outCGS,1
4020,3,evacueeManager,,OFF SHIP: White;0;Green;0;Yellow;0;Red;0;Black;334;ON SHIP: White;0;Green;0;Yellow;0;Red;0;Evacuees to Transfer;
4020,4,helipadManager,,Helo;2;is at the ES;Stopped evacuating people
4020,7,filterLoc,,
4020,10,filterLoc,,
4020,13,filterLoc,,
4020,16,filterLoc,,
4020,19,filterLoc,,
4020,22,filterLoc,,
4020,25,filterLoc,,
4020,28,filterLoc,,
4020,31,filterLoc,,
4020,34,filterLoc,,
4020,37,filterLoc,,
4020,40,filterLoc,,
4020,43,filterLoc,,
4020,46,filterLoc,,
4020,49,filterLoc,,
4020,52,filterLoc,,
4020,55,filterLoc,,
4020,58,filterLoc,,
4020,61,filterLoc,,
4020,64,filterLoc,,
4020,67,filterLoc,,
4020,70,filterLoc,,
4020,73,filterLoc,,
4020,76,filterLoc,,
4020,79,filterLoc,,
4020,82,filterLoc,,
4020,85,filterLoc,,
4020,88,filterLoc,,
4020,91,filterLoc,,
4020,94,filterLoc,,
4020,97,filterLoc,,
4020,100,filterLoc,,
4020,107,filterLoc,,
4020,110,filterLoc,,
4020,113,filterLoc,,
4020,116,filterLoc,,
4020,119,filterLoc,,
4020,122,filterLoc,,
4020,125,filterLoc,,
4020,128,filterLoc,,
4020,131,filterLoc,,;Evacuee;411;in triage category;Y;is entering helicopter;2
4020,134,filterLoc,,
4020,137,filterLoc,,
4020,140,filterLoc,,
4020,143,filterLoc,,
4020,146,filterLoc,,
4020,149,filterLoc,,
4020,152,filterLoc,,
4020,155,filterLoc,,
4020,158,filterLoc,,
4020,161,filterLoc,,
4020,164,filterLoc,,
4020,167,filterLoc,,
4020,170,filterLoc,,
4020,173,filterLoc,,
4020,176,filterLoc,,
4020,179,filterLoc,,
4020,182,filterLoc,,
4020,185,filterLoc,,
4020,188,filterLoc,,
4020,191,filterLoc,,
4020,194,filterLoc,,
4020,197,filterLoc,,
4020,200,filterLoc,,;Evacuee;380;in triage category;Y;is entering helicopter;2
4020,203,filterLoc,,
4020,206,filterLoc,,
4020,209,filterLoc,,
4020,212,filterLoc,,
4020,215,filterLoc,,
4020,218,filterLoc,,
4020,221,filterLoc,,
4020,225,filterLoc,,
4020,228,filterLoc,,
4020,231,filterLoc,,
4020,234,filterLoc,,
4020,237,filterLoc,,
4020,240,filterLoc,,
4020,243,filterLoc,,
4020,246,filterLoc,,
4020,249,filterLoc,,
4020,252,filterLoc,,
4020,255,filterLoc,,
4020,258,filterLoc,,
4020,261,filterLoc,,
4020,264,filterLoc,,
4020,267,filterLoc,,
4020,270,filterLoc,,
4020,273,filterLoc,,
4020,276,filterLoc,,
4020,279,filterLoc,,
4020,282,filterLoc,,
4020,285,filterLoc,,
4020,288,filterLoc,,
4020,291,filterLoc,,
4020,294,filterLoc,,
4020,297,filterLoc,,
4020,300,filterLoc,,
4020,303,filterLoc,,
4020,306,filterLoc,,
4020,309,filterLoc,,
4020,312,filterLoc,,
4020,315,filterLoc,,
4020,318,filterLoc,,
4020,321,filterLoc,,
4020,324,filterLoc,,
4020,327,filterLoc,,
4020,330,filterLoc,,
4020,333,filterLoc,,
4020,336,filterLoc,,
4020,339,filterLoc,,
4020,342,filterLoc,,
4020,345,filterLoc,,
4020,348,filterLoc,,
4020,351,filterLoc,,
4020,354,filterLoc,,
4020,357,filterLoc,,
4020,360,filterLoc,,
4020,363,filterLoc,,
4020,366,filterLoc,,
4020,369,filterLoc,,
4020,372,filterLoc,,
4020,375,filterLoc,,
4020,378,filterLoc,,
4020,381,filterLoc,,
4020,384,filterLoc,,
4020,387,filterLoc,,
4020,390,filterLoc,,
4020,393,filterLoc,,
4020,396,filterLoc,,
4020,399,filterLoc,,
4020,402,filterLoc,,
4020,405,filterLoc,,
4020,408,filterLoc,,
4020,411,filterLoc,,
4020,414,filterLoc,,
4020,417,filterLoc,,
4020,420,filterLoc,,
4020,423,filterLoc,,
4020,426,filterLoc,,
4020,429,filterLoc,,
4020,432,filterLoc,,
4020,435,filterLoc,,
4020,438,filterLoc,,
4020,441,filterLoc,,
4020,444,filterLoc,,
4020,447,filterLoc,,
4020,450,filterLoc,,
4020,453,filterLoc,,
4020,456,filterLoc,,
4020,459,filterLoc,,
4020,462,filterLoc,,
4020,465,filterLoc,,
4020,468,filterLoc,,
4020,471,filterLoc,,
4020,474,filterLoc,,
4020,477,filterLoc,,
4020,480,filterLoc,,
4020,483,filterLoc,,
4020,486,filterLoc,,;Evacuee;192;in triage category;Y;is entering helicopter;2
4020,489,filterLoc,,
4020,492,filterLoc,,
4020,495,filterLoc,,
4020,498,filterLoc,,
4020,501,filterLoc,,
4020,504,filterLoc,,
4020,507,filterLoc,,
4020,510,filterLoc,,
4020,513,filterLoc,,
4020,516,filterLoc,,
4020,519,filterLoc,,
4020,522,filterLoc,,
4020,525,filterLoc,,
4020,528,filterLoc,,
4020,531,filterLoc,,
4020,534,filterLoc,,
4020,537,filterLoc,,
4020,540,filterLoc,,
4020,543,filterLoc,,
4020,546,filterLoc,,
4020,549,filterLoc,,
4020,552,filterLoc,,
4020,555,filterLoc,,
4020,558,filterLoc,,
4020,561,filterLoc,,
4020,564,filterLoc,,
4020,567,filterLoc,,
4020,570,filterLoc,,
4020,573,filterLoc,,
4020,576,filterLoc,,
4020,579,filterLoc,,
4020,582,filterLoc,,
4020,585,filterLoc,,
4020,588,filterLoc,,
4020,591,filterLoc,,
4020,594,filterLoc,,
4020,597,filterLoc,,
4020,600,filterLoc,,
4020,603,filterLoc,,
4020,606,filterLoc,,
4020,609,filterLoc,,
4020,612,filterLoc,,
4020,615,filterLoc,,
4020,618,filterLoc,,
4020,621,filterLoc,,
4020,624,filterLoc,,
4020,627,filterLoc,,
4020,630,filterLoc,,
4020,633,filterLoc,,
4020,636,filterLoc,,
4020,639,filterLoc,,
4020,642,filterLoc,,
4020,645,filterLoc,,
4020,648,filterLoc,,
4020,651,filterLoc,,
4020,654,filterLoc,,
4020,657,filterLoc,,
4020,660,filterLoc,,
4020,663,filterLoc,,
4020,666,filterLoc,,
4020,669,filterLoc,,
4020,672,filterLoc,,
4020,675,filterLoc,,
4020,678,filterLoc,,
4020,681,filterLoc,,
4020,684,filterLoc,,
4020,687,filterLoc,,
4020,690,filterLoc,,
4020,693,filterLoc,,
4020,696,filterLoc,,
4020,699,filterLoc,,
4020,702,filterLoc,,
4020,705,filterLoc,,
4020,708,filterLoc,,
4020,711,filterLoc,,
4020,714,filterLoc,,
4020,717,filterLoc,,
4020,720,filterLoc,,
4020,723,filterLoc,,
4020,726,filterLoc,,
4020,729,filterLoc,,
4020,732,filterLoc,,
4020,735,filterLoc,,
4020,738,filterLoc,,
4020,741,filterLoc,,
4020,744,filterLoc,,
4020,747,filterLoc,,
4020,750,filterLoc,,
4020,753,filterLoc,,
4020,756,filterLoc,,
4020,759,filterLoc,,
4020,762,filterLoc,,
4020,765,filterLoc,,
4020,768,filterLoc,,
4020,771,filterLoc,,
4020,774,filterLoc,,
4020,777,filterLoc,,
4020,780,filterLoc,,
4020,783,filterLoc,,
4020,786,filterLoc,,
4020,789,filterLoc,,
4020,792,filterLoc,,
4020,795,filterLoc,,
4020,798,filterLoc,,
4020,801,filterLoc,,
4020,804,filterLoc,,
4020,807,filterLoc,,
4020,810,filterLoc,,
4020,813,filterLoc,,
4020,816,filterLoc,,
4020,819,filterLoc,,
4020,822,filterLoc,,
4020,825,filterLoc,,
4020,828,filterLoc,,
4020,831,filterLoc,,
4020,834,filterLoc,,
4020,837,filterLoc,,
4020,840,filterLoc,,
4020,843,filterLoc,,
4020,846,filterLoc,,
4020,849,filterLoc,,
4020,852,filterLoc,,
4020,855,filterLoc,,
4020,858,filterLoc,,
4020,861,filterLoc,,
4020,864,filterLoc,,
4020,867,filterLoc,,
4020,870,filterLoc,,
4020,873,filterLoc,,
4020,876,filterLoc,,
4020,879,filterLoc,,
4020,882,filterLoc,,
4020,885,filterLoc,,
4020,888,filterLoc,,
4020,891,filterLoc,,
4020,894,filterLoc,,
4020,897,filterLoc,,
4020,900,filterLoc,,
4020,903,filterLoc,,
4020,906,filterLoc,,
4020,909,filterLoc,,
4020,912,filterLoc,,
4020,915,filterLoc,,
4020,918,filterLoc,,
4020,921,filterLoc,,
4020,924,filterLoc,,
4020,927,filterLoc,,
4020,930,filterLoc,,
4020,933,filterLoc,,
4020,936,filterLoc,,
4020,939,filterLoc,,
4020,942,filterLoc,,
4020,945,filterLoc,,
4020,948,filterLoc,,
4020,951,filterLoc,,
4020,954,filterLoc,,
4020,957,filterLoc,,
4020,960,filterLoc,,
4020,963,filterLoc,,
4020,966,filterLoc,,
4020,969,filterLoc,,
4020,972,filterLoc,,
4020,975,filterLoc,,
4020,978,filterLoc,,
4020,981,filterLoc,,
4020,984,filterLoc,,
4020,987,filterLoc,,
4020,990,filterLoc,,
4020,993,filterLoc,,
4020,996,filterLoc,,
4020,999,filterLoc,,
4020,1002,filterLoc,,
4020,1005,filterLoc,,
4020,1008,filterLoc,,
4020,1011,filterLoc,,
4020,1014,filterLoc,,
4020,1017,filterLoc,,
4020,1020,filterLoc,,
4020,1023,filterLoc,,
4020,1026,filterLoc,,
4020,1029,filterLoc,,
4020,1032,filterLoc,,
4020,1035,filterLoc,,
4020,1038,filterLoc,,
4020,1041,filterLoc,,
4020,1044,filterLoc,,
4020,1047,filterLoc,,
4020,1050,filterLoc,,
4020,1053,filterLoc,,
4020,1056,filterLoc,,
4020,1059,filterLoc,,
4020,1062,filterLoc,,
4020,1065,filterLoc,,
4020,1068,filterLoc,,
4020,1071,filterLoc,,
4020,1074,filterLoc,,
4020,1077,filterLoc,,
4020,1080,filterLoc,,
4020,1083,filterLoc,,
4020,1086,filterLoc,,
4020,1089,filterLoc,,
4020,1092,filterLoc,,
4020,1095,filterLoc,,
4020,1098,filterLoc,,
4020,1101,filterLoc,,
4020,1104,filterLoc,,
4020,1107,filterLoc,,
4020,1110,filterLoc,,
4020,1113,filterLoc,,
4020,1116,filterLoc,,
4020,1121,helicopter,,Helicopter;2;is loading people at the evacuation site;;and has;0;spots taken
4020,1123,filterLoc,,
4020,1126,filterLoc,,
4020,1129,filterLoc,,
4020,1132,filterLoc,,
4020,1135,filterLoc,,
4020,1138,filterLoc,,
4020,1141,filterLoc,,
4020,1144,filterLoc,,
4020,1147,filterLoc,,
4020,1150,filterLoc,,
4020,1153,filterLoc,,
4020,1156,filterLoc,,
4020,1163,filterLoc,,
4020,1166,filterLoc,,
4020,1169,filterLoc,,
4020,1172,filterLoc,,
4020,1175,filterLoc,,
4020,1178,filterLoc,,
4020,1181,filterLoc,,
4020,1184,filterLoc,,
4020,1187,filterLoc,,
4020,1190,filterLoc,,
4020,1193,filterLoc,,
4020,1196,filterLoc,,
4020,1199,filterLoc,,
4020,1202,filterLoc,,
4020,1205,filterLoc,,
4020,1208,filterLoc,,
4020,1211,filterLoc,,
4020,1214,filterLoc,,
4020,1217,filterLoc,,
4020,1220,filterLoc,,
4020,1223,filterLoc,,
4020,1226,filterLoc,,
4020,1229,filterLoc,,
4020,1232,filterLoc,,
4020,1235,filterLoc,,
4020,1238,filterLoc,,
4020,1241,filterLoc,,
4020,1244,filterLoc,,
4020,1247,filterLoc,,
4020,1250,filterLoc,,
4020,1253,filterLoc,,
4020,1256,filterLoc,,
4020,1259,filterLoc,,
4020,1262,filterLoc,,
4020,1265,filterLoc,,
4020,1268,filterLoc,,
4020,1271,filterLoc,,
4020,1274,filterLoc,,
4020,1277,filterLoc,,
4020,1280,filterLoc,,
4020,1283,filterLoc,,
4020,1286,filterLoc,,
4020,1289,filterLoc,,
4020,1292,filterLoc,,
4020,1295,filterLoc,,
4020,1298,filterLoc,,
4020,1301,filterLoc,,
4020,1304,filterLoc,,
4020,1307,filterLoc,,
4020,1310,filterLoc,,
4020,1313,filterLoc,,
4020,1316,filterLoc,,
4020,1319,filterLoc,,
4020,1322,filterLoc,,
4020,1325,filterLoc,,
4020,1328,filterLoc,,
4020,1331,filterLoc,,
4020,1334,filterLoc,,
4020,1337,filterLoc,,
4020,1340,filterLoc,,
4020,1343,filterLoc,,
4020,1346,filterLoc,,
4020,1349,filterLoc,,
4020,1352,filterLoc,,
4020,1355,filterLoc,,
4020,1358,filterLoc,,
4020,1361,filterLoc,,
4020,1364,filterLoc,,
4020,1367,filterLoc,,
4020,1370,filterLoc,,
4020,1373,filterLoc,,
4020,1376,filterLoc,,
4020,1379,filterLoc,,
4020,1382,filterLoc,,
4020,1385,filterLoc,,
4020,1388,filterLoc,,
4020,1391,filterLoc,,
4020,1394,filterLoc,,
4020,1397,filterLoc,,
4020,1400,filterLoc,,
4020,1403,filterLoc,,
4020,1406,filterLoc,,
4020,1409,filterLoc,,
4020,1412,filterLoc,,
4020,1415,filterLoc,,
4020,1418,filterLoc,,
4020,1421,filterLoc,,
4020,1424,filterLoc,,
4020,1427,filterLoc,,
4020,1430,filterLoc,,
4020,1433,filterLoc,,
4020,1436,filterLoc,,
4020,1439,filterLoc,,
4020,1442,filterLoc,,
4020,1445,filterLoc,,
4020,1448,filterLoc,,
4020,1451,filterLoc,,
4020,1454,filterLoc,,
4020,1457,filterLoc,,
4020,1460,filterLoc,,
4020,1463,filterLoc,,
4020,1466,filterLoc,,
4020,1469,filterLoc,,
4020,1472,filterLoc,,
4020,1475,filterLoc,,
4020,1478,filterLoc,,
4020,1481,filterLoc,,
4020,1484,filterLoc,,
4020,1487,filterLoc,,
4020,1490,filterLoc,,
4020,1493,filterLoc,,
4020,1496,filterLoc,,
4020,1499,filterLoc,,
4020,1502,filterLoc,,
4020,1505,filterLoc,,
4020,1508,filterLoc,,
4020,1511,filterLoc,,
4020,1514,filterLoc,,
4020,1517,filterLoc,,
4020,131,filterLoc,out,Evacuee 411 in triage category Y is assigned helicopter 2
4020,131,filterLoc,,
4020,132,evacuee,,Evacuee;411;in triage state;Y;is entering helicopter;2
4020,200,filterLoc,out,Evacuee 380 in triage category Y is assigned helicopter 2
4020,200,filterLoc,,
4020,201,evacuee,,Evacuee;380;in triage state;Y;is entering helicopter;2
4020,486,filterLoc,out,Evacuee 192 in triage category Y is assigned helicopter 2
4020,486,filterLoc,,
4020,487,evacuee,,Evacuee;192;in triage state;Y;is entering helicopter;2
4020,103,filterEvac,,
4020,132,evacuee,outHelo,Evacuee 411 in triage category Y is assigned helicopter 2
4020,132,evacuee,,Evacuee;411;in triage state;Y;is in helicopter;2
4020,201,evacuee,outHelo,Evacuee 380 in triage category Y is assigned helicopter 2
4020,201,evacuee,,Evacuee;380;in triage state;Y;is in helicopter;2
4020,487,evacuee,outHelo,Evacuee 192 in triage category Y is assigned helicopter 2
4020,487,evacuee,,Evacuee;192;in triage state;Y;is in helicopter;2
4020,1119,filterEvac,,;Evacuee;192;in triage category;Y;is entering helicopter;2;Evacuee;380;in triage category;Y;is entering helicopter;2;Evacuee;411;in triage category;Y;is entering helicopter;2
4020,1159,filterEvac,,
4020,1119,filterEvac,out,Evacuee 192 in triage category Y is assigned helicopter 2
4020,1119,filterEvac,out,Evacuee 380 in triage category Y is assigned helicopter 2
4020,1119,filterEvac,out,Evacuee 411 in triage category Y is assigned helicopter 2
4020,1119,filterEvac,,
4020,1121,helicopter,,Helicopter;2;is loading people at the evacuation site;;and has;9;spots taken
4035,4,helipadManager,outHelo,Helicopter 2 has stopped
4035,4,helipadManager,outHQ,1
4035,4,helipadManager,,;No helos are at ES;Stopped evacuating people
4035,5,helicopterQueue,,;No helos are waiting to land
4035,104,filterES,,
4035,1120,filterES,,Helicopter;2;has stopped
4035,1160,filterES,,
4035,5,helicopterQueue,,;No helos are waiting to land
4035,1120,filterES,out,Helicopter 2 has stopped
4035,1120,filterES,,
4035,1121,helicopter,,Helicopter;2;is loading people at the evacuation site;;and has;9;spots taken
4035,1121,helicopter,,Helicopter;2;is returning to the FOL;;and has;9;spots taken
4050,7,filterLoc,,
4050,10,filterLoc,,
4050,13,filterLoc,,
4050,16,filterLoc,,
4050,19,filterLoc,,
4050,22,filterLoc,,
4050,25,filterLoc,,
4050,28,filterLoc,,
4050,31,filterLoc,,
4050,34,filterLoc,,
4050,37,filterLoc,,
4050,40,filterLoc,,
4050,43,filterLoc,,
4050,46,filterLoc,,
4050,49,filterLoc,,
4050,52,filterLoc,,
4050,55,filterLoc,,
4050,58,filterLoc,,
4050,61,filterLoc,,
4050,64,filterLoc,,
4050,67,filterLoc,,
4050,70,filterLoc,,
4050,73,filterLoc,,
4050,76,filterLoc,,
4050,79,filterLoc,,
4050,82,filterLoc,,
4050,85,filterLoc,,
4050,88,filterLoc,,
4050,91,filterLoc,,
4050,94,filterLoc,,
4050,97,filterLoc,,
4050,100,filterLoc,,
4050,107,filterLoc,,
4050,110,filterLoc,,
4050,113,filterLoc,,
4050,116,filterLoc,,
4050,119,filterLoc,,
4050,122,filterLoc,,
4050,125,filterLoc,,
4050,128,filterLoc,,
4050,131,filterLoc,,
4050,134,filterLoc,,
4050,137,filterLoc,,
4050,140,filterLoc,,
4050,143,filterLoc,,
4050,146,filterLoc,,
4050,149,filterLoc,,
4050,152,filterLoc,,
4050,155,filterLoc,,
4050,158,filterLoc,,
4050,161,filterLoc,,
4050,164,filterLoc,,
4050,167,filterLoc,,
4050,170,filterLoc,,
4050,173,filterLoc,,
4050,176,filterLoc,,
4050,179,filterLoc,,
4050,182,filterLoc,,
4050,185,filterLoc,,
4050,188,filterLoc,,
4050,191,filterLoc,,
4050,194,filterLoc,,
4050,197,filterLoc,,
4050,200,filterLoc,,
4050,203,filterLoc,,
4050,206,filterLoc,,
4050,209,filterLoc,,
4050,212,filterLoc,,
4050,215,filterLoc,,
4050,218,filterLoc,,
4050,221,filterLoc,,
4050,225,filterLoc,,
4050,228,filterLoc,,
4050,231,filterLoc,,
4050,234,filterLoc,,
4050,237,filterLoc,,
4050,240,filterLoc,,
4050,243,filterLoc,,
4050,246,filterLoc,,
4050,249,filterLoc,,
4050,252,filterLoc,,
4050,255,filterLoc,,
4050,258,filterLoc,,
4050,261,filterLoc,,
4050,264,filterLoc,,
4050,267,filterLoc,,
4050,270,filterLoc,,
4050,273,filterLoc,,;Evacuee;338;in triage category;R;is leaving helicopter;1
4050,276,filterLoc,,
4050,279,filterLoc,,
4050,282,filterLoc,,
4050,285,filterLoc,,
4050,288,filterLoc,,
4050,291,filterLoc,,
4050,294,filterLoc,,
4050,297,filterLoc,,
4050,300,filterLoc,,
4050,303,filterLoc,,
4050,306,filterLoc,,
4050,309,filterLoc,,
4050,312,filterLoc,,
4050,315,filterLoc,,
4050,318,filterLoc,,
4050,321,filterLoc,,
4050,324,filterLoc,,
4050,327,filterLoc,,
4050,330,filterLoc,,
4050,333,filterLoc,,
4050,336,filterLoc,,
4050,339,filterLoc,,
4050,342,filterLoc,,;Evacuee;309;in triage category;Y;is leaving helicopter;1
4050,345,filterLoc,,
4050,348,filterLoc,,
4050,351,filterLoc,,
4050,354,filterLoc,,
4050,357,filterLoc,,
4050,360,filterLoc,,
4050,363,filterLoc,,
4050,366,filterLoc,,
4050,369,filterLoc,,
4050,372,filterLoc,,
4050,375,filterLoc,,
4050,378,filterLoc,,
4050,381,filterLoc,,
4050,384,filterLoc,,
4050,387,filterLoc,,
4050,390,filterLoc,,
4050,393,filterLoc,,
4050,396,filterLoc,,
4050,399,filterLoc,,
4050,402,filterLoc,,
4050,405,filterLoc,,
4050,408,filterLoc,,
4050,411,filterLoc,,
4050,414,filterLoc,,
4050,417,filterLoc,,
4050,420,filterLoc,,
4050,423,filterLoc,,
4050,426,filterLoc,,
4050,429,filterLoc,,
4050,432,filterLoc,,
4050,435,filterLoc,,
4050,438,filterLoc,,
4050,441,filterLoc,,
4050,444,filterLoc,,
4050,447,filterLoc,,
4050,450,filterLoc,,
4050,453,filterLoc,,
4050,456,filterLoc,,
4050,459,filterLoc,,
4050,462,filterLoc,,
4050,465,filterLoc,,
4050,468,filterLoc,,
4050,471,filterLoc,,
4050,474,filterLoc,,
4050,477,filterLoc,,
4050,480,filterLoc,,
4050,483,filterLoc,,
4050,486,filterLoc,,
4050,489,filterLoc,,
4050,492,filterLoc,,
4050,495,filterLoc,,
4050,498,filterLoc,,
4050,501,filterLoc,,
4050,504,filterLoc,,
4050,507,filterLoc,,
4050,510,filterLoc,,
4050,513,filterLoc,,
4050,516,filterLoc,,
4050,519,filterLoc,,
4050,522,filterLoc,,
4050,525,filterLoc,,
4050,528,filterLoc,,
4050,531,filterLoc,,
4050,534,filterLoc,,
4050,537,filterLoc,,
4050,540,filterLoc,,
4050,543,filterLoc,,
4050,546,filterLoc,,
4050,549,filterLoc,,
4050,552,filterLoc,,
4050,555,filterLoc,,
4050,558,filterLoc,,
4050,561,filterLoc,,
4050,564,filterLoc,,
4050,567,filterLoc,,
4050,570,filterLoc,,
4050,573,filterLoc,,
4050,576,filterLoc,,
4050,579,filterLoc,,
4050,582,filterLoc,,
4050,585,filterLoc,,
4050,588,filterLoc,,
4050,591,filterLoc,,
4050,594,filterLoc,,
4050,597,filterLoc,,
4050,600,filterLoc,,
4050,603,filterLoc,,
4050,606,filterLoc,,
4050,609,filterLoc,,
4050,612,filterLoc,,
4050,615,filterLoc,,
4050,618,filterLoc,,
4050,621,filterLoc,,
4050,624,filterLoc,,
4050,627,filterLoc,,
4050,630,filterLoc,,
4050,633,filterLoc,,
4050,636,filterLoc,,
4050,639,filterLoc,,
4050,642,filterLoc,,
4050,645,filterLoc,,
4050,648,filterLoc,,
4050,651,filterLoc,,
4050,654,filterLoc,,
4050,657,filterLoc,,
4050,660,filterLoc,,
4050,663,filterLoc,,
4050,666,filterLoc,,
4050,669,filterLoc,,
4050,672,filterLoc,,
4050,675,filterLoc,,
4050,678,filterLoc,,
4050,681,filterLoc,,
4050,684,filterLoc,,
4050,687,filterLoc,,
4050,690,filterLoc,,
4050,693,filterLoc,,
4050,696,filterLoc,,
4050,699,filterLoc,,
4050,702,filterLoc,,
4050,705,filterLoc,,
4050,708,filterLoc,,
4050,711,filterLoc,,
4050,714,filterLoc,,
4050,717,filterLoc,,
4050,720,filterLoc,,
4050,723,filterLoc,,
4050,726,filterLoc,,
4050,729,filterLoc,,
4050,732,filterLoc,,
4050,735,filterLoc,,
4050,738,filterLoc,,
4050,741,filterLoc,,
4050,744,filterLoc,,
4050,747,filterLoc,,
4050,750,filterLoc,,
4050,753,filterLoc,,
4050,756,filterLoc,,
4050,759,filterLoc,,
4050,762,filterLoc,,
4050,765,filterLoc,,
4050,768,filterLoc,,
4050,771,filterLoc,,
4050,774,filterLoc,,
4050,777,filterLoc,,
4050,780,filterLoc,,
4050,783,filterLoc,,
4050,786,filterLoc,,
4050,789,filterLoc,,
4050,792,filterLoc,,
4050,795,filterLoc,,
4050,798,filterLoc,,
4050,801,filterLoc,,
4050,804,filterLoc,,
4050,807,filterLoc,,
4050,810,filterLoc,,
4050,813,filterLoc,,
4050,816,filterLoc,,
4050,819,filterLoc,,
4050,822,filterLoc,,
4050,825,filterLoc,,
4050,828,filterLoc,,
4050,831,filterLoc,,
4050,834,filterLoc,,
4050,837,filterLoc,,
4050,840,filterLoc,,
4050,843,filterLoc,,
4050,846,filterLoc,,
4050,849,filterLoc,,
4050,852,filterLoc,,
4050,855,filterLoc,,
4050,858,filterLoc,,
4050,861,filterLoc,,
4050,864,filterLoc,,
4050,867,filterLoc,,
4050,870,filterLoc,,
4050,873,filterLoc,,
4050,876,filterLoc,,
4050,879,filterLoc,,
4050,882,filterLoc,,
4050,885,filterLoc,,
4050,888,filterLoc,,
4050,891,filterLoc,,
4050,894,filterLoc,,
4050,897,filterLoc,,
4050,900,filterLoc,,
4050,903,filterLoc,,
4050,906,filterLoc,,
4050,909,filterLoc,,
4050,912,filterLoc,,
4050,915,filterLoc,,
4050,918,filterLoc,,
4050,921,filterLoc,,
4050,924,filterLoc,,
4050,927,filterLoc,,
4050,930,filterLoc,,
4050,933,filterLoc,,
4050,936,filterLoc,,
4050,939,filterLoc,,
4050,942,filterLoc,,
4050,945,filterLoc,,
4050,948,filterLoc,,
4050,951,filterLoc,,
4050,954,filterLoc,,
4050,957,filterLoc,,
4050,960,filterLoc,,
4050,963,filterLoc,,
4050,966,filterLoc,,
4050,969,filterLoc,,
4050,972,filterLoc,,
4050,975,filterLoc,,
4050,978,filterLoc,,
4050,981,filterLoc,,
4050,984,filterLoc,,
4050,987,filterLoc,,
4050,990,filterLoc,,
4050,993,filterLoc,,
4050,996,filterLoc,,
4050,999,filterLoc,,
4050,1002,filterLoc,,
4050,1005,filterLoc,,
4050,1008,filterLoc,,
4050,1011,filterLoc,,
4050,1014,filterLoc,,
4050,1017,filterLoc,,
4050,1020,filterLoc,,
4050,1023,filterLoc,,
4050,1026,filterLoc,,
4050,1029,filterLoc,,
4050,1032,filterLoc,,
4050,1035,filterLoc,,
4050,1038,filterLoc,,
4050,1041,filterLoc,,
4050,1044,filterLoc,,
4050,1047,filterLoc,,
4050,1050,filterLoc,,
4050,1053,filterLoc,,
4050,1056,filterLoc,,
4050,1059,filterLoc,,
4050,1062,filterLoc,,
4050,1065,filterLoc,,
4050,1068,filterLoc,,
4050,1071,filterLoc,,
4050,1074,filterLoc,,
4050,1077,filterLoc,,
4050,1080,filterLoc,,
4050,1083,filterLoc,,
4050,1086,filterLoc,,
4050,1089,filterLoc,,
4050,1092,filterLoc,,
4050,1095,filterLoc,,
4050,1098,filterLoc,,
4050,1101,filterLoc,,
4050,1104,filterLoc,,
4050,1107,filterLoc,,
4050,1110,filterLoc,,
4050,1113,filterLoc,,
4050,1116,filterLoc,,
4050,1123,filterLoc,,
4050,1126,filterLoc,,
4050,1129,filterLoc,,
4050,1132,filterLoc,,
4050,1135,filterLoc,,
4050,1138,filterLoc,,
4050,1141,filterLoc,,
4050,1144,filterLoc,,
4050,1147,filterLoc,,
4050,1150,filterLoc,,
4050,1153,filterLoc,,
4050,1156,filterLoc,,
4050,1161,helicopter,outEvac,Evacuee 162 in triage category Y is not assigned a helicopter
4050,1161,helicopter,outEvac,Evacuee 309 in triage category Y is not assigned a helicopter
4050,1161,helicopter,outEvac,Evacuee 338 in triage category R is not assigned a helicopter
4050,1161,helicopter,,Helicopter;1;is unloading people at the FOL;;and has;0;spots taken
4050,1163,filterLoc,,
4050,1166,filterLoc,,
4050,1169,filterLoc,,
4050,1172,filterLoc,,
4050,1175,filterLoc,,
4050,1178,filterLoc,,
4050,1181,filterLoc,,
4050,1184,filterLoc,,
4050,1187,filterLoc,,
4050,1190,filterLoc,,
4050,1193,filterLoc,,
4050,1196,filterLoc,,
4050,1199,filterLoc,,
4050,1202,filterLoc,,
4050,1205,filterLoc,,
4050,1208,filterLoc,,
4050,1211,filterLoc,,
4050,1214,filterLoc,,
4050,1217,filterLoc,,
4050,1220,filterLoc,,
4050,1223,filterLoc,,
4050,1226,filterLoc,,
4050,1229,filterLoc,,
4050,1232,filterLoc,,
4050,1235,filterLoc,,
4050,1238,filterLoc,,
4050,1241,filterLoc,,
4050,1244,filterLoc,,
4050,1247,filterLoc,,
4050,1250,filterLoc,,
4050,1253,filterLoc,,
4050,1256,filterLoc,,;Evacuee;162;in triage category;Y;is leaving helicopter;1
4050,1259,filterLoc,,
4050,1262,filterLoc,,
4050,1265,filterLoc,,
4050,1268,filterLoc,,
4050,1271,filterLoc,,
4050,1274,filterLoc,,
4050,1277,filterLoc,,
4050,1280,filterLoc,,
4050,1283,filterLoc,,
4050,1286,filterLoc,,
4050,1289,filterLoc,,
4050,1292,filterLoc,,
4050,1295,filterLoc,,
4050,1298,filterLoc,,
4050,1301,filterLoc,,
4050,1304,filterLoc,,
4050,1307,filterLoc,,
4050,1310,filterLoc,,
4050,1313,filterLoc,,
4050,1316,filterLoc,,
4050,1319,filterLoc,,
4050,1322,filterLoc,,
4050,1325,filterLoc,,
4050,1328,filterLoc,,
4050,1331,filterLoc,,
4050,1334,filterLoc,,
4050,1337,filterLoc,,
4050,1340,filterLoc,,
4050,1343,filterLoc,,
4050,1346,filterLoc,,
4050,1349,filterLoc,,
4050,1352,filterLoc,,
4050,1355,filterLoc,,
4050,1358,filterLoc,,
4050,1361,filterLoc,,
4050,1364,filterLoc,,
4050,1367,filterLoc,,
4050,1370,filterLoc,,
4050,1373,filterLoc,,
4050,1376,filterLoc,,
4050,1379,filterLoc,,
4050,1382,filterLoc,,
4050,1385,filterLoc,,
4050,1388,filterLoc,,
4050,1391,filterLoc,,
4050,1394,filterLoc,,
4050,1397,filterLoc,,
4050,1400,filterLoc,,
4050,1403,filterLoc,,
4050,1406,filterLoc,,
4050,1409,filterLoc,,
4050,1412,filterLoc,,
4050,1415,filterLoc,,
4050,1418,filterLoc,,
4050,1421,filterLoc,,
4050,1424,filterLoc,,
4050,1427,filterLoc,,
4050,1430,filterLoc,,
4050,1433,filterLoc,,
4050,1436,filterLoc,,
4050,1439,filterLoc,,
4050,1442,filterLoc,,
4050,1445,filterLoc,,
4050,1448,filterLoc,,
4050,1451,filterLoc,,
4050,1454,filterLoc,,
4050,1457,filterLoc,,
4050,1460,filterLoc,,
4050,1463,filterLoc,,
4050,1466,filterLoc,,
4050,1469,filterLoc,,
4050,1472,filterLoc,,
4050,1475,filterLoc,,
4050,1478,filterLoc,,
4050,1481,filterLoc,,
4050,1484,filterLoc,,
4050,1487,filterLoc,,
4050,1490,filterLoc,,
4050,1493,filterLoc,,
4050,1496,filterLoc,,
4050,1499,filterLoc,,
4050,1502,filterLoc,,
4050,1505,filterLoc,,
4050,1508,filterLoc,,
4050,1511,filterLoc,,
4050,1514,filterLoc,,
4050,1517,filterLoc,,
4050,273,filterLoc,out,Evacuee 338 in triage category R is not assigned a helicopter
4050,273,filterLoc,,
4050,274,evacuee,,Evacuee;338;in triage state;R;is entering the FOL
4050,342,filterLoc,out,Evacuee 309 in triage category Y is not assigned a helicopter
4050,342,filterLoc,,
4050,343,evacuee,,Evacuee;309;in triage state;Y;is entering the FOL
4050,1256,filterLoc,out,Evacuee 162 in triage category Y is not assigned a helicopter
4050,1256,filterLoc,,
4050,1257,evacuee,,Evacuee;162;in triage state;Y;is entering the FOL
4050,223,FOL,,;EvacueeID;3;Triage Status;G;EvacueeID;5;Triage Status;G;EvacueeID;6;Triage Status;G;EvacueeID;7;Triage Status;G;EvacueeID;8;Triage Status;G;EvacueeID;16;Triage Status;G;EvacueeID;20;Triage Status;G;EvacueeID;21;Triage Status;G;EvacueeID;27;Triage Status;G;EvacueeID;35;Triage Status;G;EvacueeID;36;Triage Status;G;EvacueeID;39;Triage Status;G;EvacueeID;41;Triage Status;G;EvacueeID;42;Triage Status;G;EvacueeID;47;Triage Status;G;EvacueeID;49;Triage Status;G;EvacueeID;51;Triage Status;G;EvacueeID;52;Triage Status;G;EvacueeID;56;Triage Status;G;EvacueeID;62;Triage Status;G;EvacueeID;63;Triage Status;G;EvacueeID;66;Triage Status;G;EvacueeID;68;Triage Status;G;EvacueeID;69;Triage Status;G;EvacueeID;70;Triage Status;G;EvacueeID;72;Triage Status;G;EvacueeID;79;Triage Status;G;EvacueeID;80;Triage Status;G;EvacueeID;84;Triage Status;G;EvacueeID;86;Triage Status;G;EvacueeID;87;Triage Status;G;EvacueeID;89;Triage Status;G;EvacueeID;94;Triage Status;G;EvacueeID;96;Triage Status;G;EvacueeID;97;Triage Status;G;EvacueeID;101;Triage Status;G;EvacueeID;103;Triage Status;G;EvacueeID;107;Triage Status;G;EvacueeID;110;Triage Status;G;EvacueeID;111;Triage Status;G;EvacueeID;113;Triage Status;G;EvacueeID;115;Triage Status;G;EvacueeID;118;Triage Status;G;EvacueeID;120;Triage Status;G;EvacueeID;124;Triage Status;G;EvacueeID;128;Triage Status;G;EvacueeID;130;Triage Status;G;EvacueeID;132;Triage Status;G;EvacueeID;133;Triage Status;G;EvacueeID;134;Triage Status;G;EvacueeID;135;Triage Status;G;EvacueeID;137;Triage Status;G;EvacueeID;138;Triage Status;G;EvacueeID;139;Triage Status;G;EvacueeID;140;Triage Status;G;EvacueeID;141;Triage Status;G;EvacueeID;143;Triage Status;G;EvacueeID;146;Triage Status;G;EvacueeID;154;Triage Status;G;EvacueeID;155;Triage Status;G;EvacueeID;157;Triage Status;G;EvacueeID;166;Triage Status;G;EvacueeID;167;Triage Status;G;EvacueeID;172;Triage Status;G;EvacueeID;173;Triage Status;G;EvacueeID;175;Triage Status;G;EvacueeID;178;Triage Status;G;EvacueeID;180;Triage Status;G;EvacueeID;186;Triage Status;G;EvacueeID;189;Triage Status;G;EvacueeID;191;Triage Status;G;EvacueeID;194;Triage Status;G;EvacueeID;196;Triage Status;G;EvacueeID;198;Triage Status;G;EvacueeID;199;Triage Status;G;EvacueeID;206;Triage Status;G;EvacueeID;207;Triage Status;G;EvacueeID;211;Triage Status;G;EvacueeID;217;Triage Status;G;EvacueeID;223;Triage Status;G;EvacueeID;228;Triage Status;G;EvacueeID;229;Triage Status;G;EvacueeID;237;Triage Status;G;EvacueeID;238;Triage Status;G;EvacueeID;239;Triage Status;G;EvacueeID;240;Triage Status;G;EvacueeID;242;Triage Status;G;EvacueeID;243;Triage Status;G;EvacueeID;245;Triage Status;G;EvacueeID;250;Triage Status;G;EvacueeID;253;Triage Status;G;EvacueeID;265;Triage Status;G;EvacueeID;269;Triage Status;G;EvacueeID;270;Triage Status;G;EvacueeID;272;Triage Status;G;EvacueeID;273;Triage Status;G;EvacueeID;274;Triage Status;G;EvacueeID;277;Triage Status;G;EvacueeID;285;Triage Status;G;EvacueeID;286;Triage Status;G;EvacueeID;293;Triage Status;G;EvacueeID;294;Triage Status;G;EvacueeID;295;Triage Status;G;EvacueeID;297;Triage Status;G;EvacueeID;301;Triage Status;G;EvacueeID;303;Triage Status;G;EvacueeID;304;Triage Status;G;EvacueeID;305;Triage Status;G;EvacueeID;306;Triage Status;G;EvacueeID;310;Triage Status;G;EvacueeID;314;Triage Status;G;EvacueeID;315;Triage Status;G;EvacueeID;327;Triage Status;G;EvacueeID;328;Triage Status;G;EvacueeID;330;Triage Status;G;EvacueeID;331;Triage Status;G;EvacueeID;335;Triage Status;G;EvacueeID;337;Triage Status;G;EvacueeID;352;Triage Status;G;EvacueeID;359;Triage Status;G;EvacueeID;367;Triage Status;G;EvacueeID;371;Triage Status;G;EvacueeID;372;Triage Status;G;EvacueeID;374;Triage Status;G;EvacueeID;375;Triage Status;G;EvacueeID;377;Triage Status;G;EvacueeID;378;Triage Status;G;EvacueeID;379;Triage Status;G;EvacueeID;394;Triage Status;G;EvacueeID;403;Triage Status;G;EvacueeID;404;Triage Status;G;EvacueeID;405;Triage Status;G;EvacueeID;406;Triage Status;G;EvacueeID;407;Triage Status;G;EvacueeID;408;Triage Status;G;EvacueeID;409;Triage Status;G;EvacueeID;410;Triage Status;G;EvacueeID;417;Triage Status;G;EvacueeID;421;Triage Status;G;EvacueeID;422;Triage Status;G;EvacueeID;438;Triage Status;G;EvacueeID;444;Triage Status;G;EvacueeID;451;Triage Status;G;EvacueeID;456;Triage Status;G;EvacueeID;458;Triage Status;G;EvacueeID;459;Triage Status;G;EvacueeID;461;Triage Status;G;EvacueeID;462;Triage Status;G;EvacueeID;463;Triage Status;G;EvacueeID;469;Triage Status;G;EvacueeID;160;Triage Status;R;EvacueeID;341;Triage Status;R;EvacueeID;453;Triage Status;R;EvacueeID;470;Triage Status;G;EvacueeID;117;Triage Status;R;EvacueeID;361;Triage Status;Y;EvacueeID;432;Triage Status;R;EvacueeID;102;Triage Status;Y;EvacueeID;119;Triage Status;Y;EvacueeID;312;Triage Status;Y;EvacueeID;162;Triage Status;Y;EvacueeID;309;Triage Status;Y;EvacueeID;338;Triage Status;R;Lives Saved;163
4050,274,evacuee,outFOL,Evacuee 338 in triage category R is not assigned a helicopter
4050,274,evacuee,,Evacuee;338;in triage state;R;is at the FOL
4050,343,evacuee,outFOL,Evacuee 309 in triage category Y is not assigned a helicopter
4050,343,evacuee,,Evacuee;309;in triage state;Y;is at the FOL
4050,1257,evacuee,outFOL,Evacuee 162 in triage category Y is not assigned a helicopter
4050,1257,evacuee,,Evacuee;162;in triage state;Y;is at the FOL
4050,223,FOL,,;EvacueeID;3;Triage Status;G;EvacueeID;5;Triage Status;G;EvacueeID;6;Triage Status;G;EvacueeID;7;Triage Status;G;EvacueeID;8;Triage Status;G;EvacueeID;16;Triage Status;G;EvacueeID;20;Triage Status;G;EvacueeID;21;Triage Status;G;EvacueeID;27;Triage Status;G;EvacueeID;35;Triage Status;G;EvacueeID;36;Triage Status;G;EvacueeID;39;Triage Status;G;EvacueeID;41;Triage Status;G;EvacueeID;42;Triage Status;G;EvacueeID;47;Triage Status;G;EvacueeID;49;Triage Status;G;EvacueeID;51;Triage Status;G;EvacueeID;52;Triage Status;G;EvacueeID;56;Triage Status;G;EvacueeID;62;Triage Status;G;EvacueeID;63;Triage Status;G;EvacueeID;66;Triage Status;G;EvacueeID;68;Triage Status;G;EvacueeID;69;Triage Status;G;EvacueeID;70;Triage Status;G;EvacueeID;72;Triage Status;G;EvacueeID;79;Triage Status;G;EvacueeID;80;Triage Status;G;EvacueeID;84;Triage Status;G;EvacueeID;86;Triage Status;G;EvacueeID;87;Triage Status;G;EvacueeID;89;Triage Status;G;EvacueeID;94;Triage Status;G;EvacueeID;96;Triage Status;G;EvacueeID;97;Triage Status;G;EvacueeID;101;Triage Status;G;EvacueeID;103;Triage Status;G;EvacueeID;107;Triage Status;G;EvacueeID;110;Triage Status;G;EvacueeID;111;Triage Status;G;EvacueeID;113;Triage Status;G;EvacueeID;115;Triage Status;G;EvacueeID;118;Triage Status;G;EvacueeID;120;Triage Status;G;EvacueeID;124;Triage Status;G;EvacueeID;128;Triage Status;G;EvacueeID;130;Triage Status;G;EvacueeID;132;Triage Status;G;EvacueeID;133;Triage Status;G;EvacueeID;134;Triage Status;G;EvacueeID;135;Triage Status;G;EvacueeID;137;Triage Status;G;EvacueeID;138;Triage Status;G;EvacueeID;139;Triage Status;G;EvacueeID;140;Triage Status;G;EvacueeID;141;Triage Status;G;EvacueeID;143;Triage Status;G;EvacueeID;146;Triage Status;G;EvacueeID;154;Triage Status;G;EvacueeID;155;Triage Status;G;EvacueeID;157;Triage Status;G;EvacueeID;166;Triage Status;G;EvacueeID;167;Triage Status;G;EvacueeID;172;Triage Status;G;EvacueeID;173;Triage Status;G;EvacueeID;175;Triage Status;G;EvacueeID;178;Triage Status;G;EvacueeID;180;Triage Status;G;EvacueeID;186;Triage Status;G;EvacueeID;189;Triage Status;G;EvacueeID;191;Triage Status;G;EvacueeID;194;Triage Status;G;EvacueeID;196;Triage Status;G;EvacueeID;198;Triage Status;G;EvacueeID;199;Triage Status;G;EvacueeID;206;Triage Status;G;EvacueeID;207;Triage Status;G;EvacueeID;211;Triage Status;G;EvacueeID;217;Triage Status;G;EvacueeID;223;Triage Status;G;EvacueeID;228;Triage Status;G;EvacueeID;229;Triage Status;G;EvacueeID;237;Triage Status;G;EvacueeID;238;Triage Status;G;EvacueeID;239;Triage Status;G;EvacueeID;240;Triage Status;G;EvacueeID;242;Triage Status;G;EvacueeID;243;Triage Status;G;EvacueeID;245;Triage Status;G;EvacueeID;250;Triage Status;G;EvacueeID;253;Triage Status;G;EvacueeID;265;Triage Status;G;EvacueeID;269;Triage Status;G;EvacueeID;270;Triage Status;G;EvacueeID;272;Triage Status;G;EvacueeID;273;Triage Status;G;EvacueeID;274;Triage Status;G;EvacueeID;277;Triage Status;G;EvacueeID;285;Triage Status;G;EvacueeID;286;Triage Status;G;EvacueeID;293;Triage Status;G;EvacueeID;294;Triage Status;G;EvacueeID;295;Triage Status;G;EvacueeID;297;Triage Status;G;EvacueeID;301;Triage Status;G;EvacueeID;303;Triage Status;G;EvacueeID;304;Triage Status;G;EvacueeID;305;Triage Status;G;EvacueeID;306;Triage Status;G;EvacueeID;310;Triage Status;G;EvacueeID;314;Triage Status;G;EvacueeID;315;Triage Status;G;EvacueeID;327;Triage Status;G;EvacueeID;328;Triage Status;G;EvacueeID;330;Triage Status;G;EvacueeID;331;Triage Status;G;EvacueeID;335;Triage Status;G;EvacueeID;337;Triage Status;G;EvacueeID;352;Triage Status;G;EvacueeID;359;Triage Status;G;EvacueeID;367;Triage Status;G;EvacueeID;371;Triage Status;G;EvacueeID;372;Triage Status;G;EvacueeID;374;Triage Status;G;EvacueeID;375;Triage Status;G;EvacueeID;377;Triage Status;G;EvacueeID;378;Triage Status;G;EvacueeID;379;Triage Status;G;EvacueeID;394;Triage Status;G;EvacueeID;403;Triage Status;G;EvacueeID;404;Triage Status;G;EvacueeID;405;Triage Status;G;EvacueeID;406;Triage Status;G;EvacueeID;407;Triage Status;G;EvacueeID;408;Triage Status;G;EvacueeID;409;Triage Status;G;EvacueeID;410;Triage Status;G;EvacueeID;417;Triage Status;G;EvacueeID;421;Triage Status;G;EvacueeID;422;Triage Status;G;EvacueeID;438;Triage Status;G;EvacueeID;444;Triage Status;G;EvacueeID;451;Triage Status;G;EvacueeID;456;Triage Status;G;EvacueeID;458;Triage Status;G;EvacueeID;459;Triage Status;G;EvacueeID;461;Triage Status;G;EvacueeID;462;Triage Status;G;EvacueeID;463;Triage Status;G;EvacueeID;469;Triage Status;G;EvacueeID;160;Triage Status;R;EvacueeID;341;Triage Status;R;EvacueeID;453;Triage Status;R;EvacueeID;470;Triage Status;G;EvacueeID;117;Triage Status;R;EvacueeID;361;Triage Status;Y;EvacueeID;432;Triage Status;R;EvacueeID;102;Triage Status;Y;EvacueeID;119;Triage Status;Y;EvacueeID;312;Triage Status;Y;EvacueeID;162;Triage Status;Y;EvacueeID;309;Triage Status;Y;EvacueeID;338;Triage Status;R;Lives Saved;163
4065,1161,helicopter,,Helicopter;1;Is going to the evacuation site;;and has;0;spots taken
4080,5,helicopterQueue,,1;Helos are waiting to land;HeloID;3
4080,105,helicopter,outES,Helicopter 3 is evacuating people3
4080,105,helicopter,,Helicopter;3;is waiting to land at the evacuation site;;and has;0;spots taken
4080,5,helicopterQueue,outHelo,Helicopter 3 has stopped
4080,5,helicopterQueue,,;No helos are waiting to land
4080,104,filterES,,Helicopter;3;has stopped
4080,1120,filterES,,
4080,1160,filterES,,
4080,104,filterES,out,Helicopter 3 has stopped
4080,104,filterES,,
4080,105,helicopter,,Helicopter;3;is waiting to land at the evacuation site;;and has;0;spots taken
4080,105,helicopter,,Helicopter;3;is returning to the FOL;;and has;0;spots taken
4110,7,filterLoc,,
4110,10,filterLoc,,
4110,13,filterLoc,,
4110,16,filterLoc,,
4110,19,filterLoc,,
4110,22,filterLoc,,
4110,25,filterLoc,,
4110,28,filterLoc,,
4110,31,filterLoc,,
4110,34,filterLoc,,
4110,37,filterLoc,,
4110,40,filterLoc,,
4110,43,filterLoc,,
4110,46,filterLoc,,
4110,49,filterLoc,,
4110,52,filterLoc,,
4110,55,filterLoc,,
4110,58,filterLoc,,
4110,61,filterLoc,,
4110,64,filterLoc,,
4110,67,filterLoc,,
4110,70,filterLoc,,
4110,73,filterLoc,,
4110,76,filterLoc,,
4110,79,filterLoc,,
4110,82,filterLoc,,
4110,85,filterLoc,,
4110,88,filterLoc,,
4110,91,filterLoc,,
4110,94,filterLoc,,
4110,97,filterLoc,,
4110,100,filterLoc,,
4110,107,filterLoc,,
4110,110,filterLoc,,
4110,113,filterLoc,,
4110,116,filterLoc,,
4110,119,filterLoc,,
4110,122,filterLoc,,
4110,125,filterLoc,,
4110,128,filterLoc,,
4110,131,filterLoc,,;Evacuee;411;in triage category;Y;is leaving helicopter;2
4110,134,filterLoc,,
4110,137,filterLoc,,
4110,140,filterLoc,,
4110,143,filterLoc,,
4110,146,filterLoc,,
4110,149,filterLoc,,
4110,152,filterLoc,,
4110,155,filterLoc,,
4110,158,filterLoc,,
4110,161,filterLoc,,
4110,164,filterLoc,,
4110,167,filterLoc,,
4110,170,filterLoc,,
4110,173,filterLoc,,
4110,176,filterLoc,,
4110,179,filterLoc,,
4110,182,filterLoc,,
4110,185,filterLoc,,
4110,188,filterLoc,,
4110,191,filterLoc,,
4110,194,filterLoc,,
4110,197,filterLoc,,
4110,200,filterLoc,,;Evacuee;380;in triage category;Y;is leaving helicopter;2
4110,203,filterLoc,,
4110,206,filterLoc,,
4110,209,filterLoc,,
4110,212,filterLoc,,
4110,215,filterLoc,,
4110,218,filterLoc,,
4110,221,filterLoc,,
4110,225,filterLoc,,
4110,228,filterLoc,,
4110,231,filterLoc,,
4110,234,filterLoc,,
4110,237,filterLoc,,
4110,240,filterLoc,,
4110,243,filterLoc,,
4110,246,filterLoc,,
4110,249,filterLoc,,
4110,252,filterLoc,,
4110,255,filterLoc,,
4110,258,filterLoc,,
4110,261,filterLoc,,
4110,264,filterLoc,,
4110,267,filterLoc,,
4110,270,filterLoc,,
4110,273,filterLoc,,
4110,276,filterLoc,,
4110,279,filterLoc,,
4110,282,filterLoc,,
4110,285,filterLoc,,
4110,288,filterLoc,,
4110,291,filterLoc,,
4110,294,filterLoc,,
4110,297,filterLoc,,
4110,300,filterLoc,,
4110,303,filterLoc,,
4110,306,filterLoc,,
4110,309,filterLoc,,
4110,312,filterLoc,,
4110,315,filterLoc,,
4110,318,filterLoc,,
4110,321,filterLoc,,
4110,324,filterLoc,,
4110,327,filterLoc,,
4110,330,filterLoc,,
4110,333,filterLoc,,
4110,336,filterLoc,,
4110,339,filterLoc,,
4110,342,filterLoc,,
4110,345,filterLoc,,
4110,348,filterLoc,,
4110,351,filterLoc,,
4110,354,filterLoc,,
4110,357,filterLoc,,
4110,360,filterLoc,,
4110,363,filterLoc,,
4110,366,filterLoc,,
4110,369,filterLoc,,
4110,372,filterLoc,,
4110,375,filterLoc,,
4110,378,filterLoc,,
4110,381,filterLoc,,
4110,384,filterLoc,,
4110,387,filterLoc,,
4110,390,filterLoc,,
4110,393,filterLoc,,
4110,396,filterLoc,,
4110,399,filterLoc,,
4110,402,filterLoc,,
4110,405,filterLoc,,
4110,408,filterLoc,,
4110,411,filterLoc,,
4110,414,filterLoc,,
4110,417,filterLoc,,
4110,420,filterLoc,,
4110,423,filterLoc,,
4110,426,filterLoc,,
4110,429,filterLoc,,
4110,432,filterLoc,,
4110,435,filterLoc,,
4110,438,filterLoc,,
4110,441,filterLoc,,
4110,444,filterLoc,,
4110,447,filterLoc,,
4110,450,filterLoc,,
4110,453,filterLoc,,
4110,456,filterLoc,,
4110,459,filterLoc,,
4110,462,filterLoc,,
4110,465,filterLoc,,
4110,468,filterLoc,,
4110,471,filterLoc,,
4110,474,filterLoc,,
4110,477,filterLoc,,
4110,480,filterLoc,,
4110,483,filterLoc,,
4110,486,filterLoc,,;Evacuee;192;in triage category;Y;is leaving helicopter;2
4110,489,filterLoc,,
4110,492,filterLoc,,
4110,495,filterLoc,,
4110,498,filterLoc,,
4110,501,filterLoc,,
4110,504,filterLoc,,
4110,507,filterLoc,,
4110,510,filterLoc,,
4110,513,filterLoc,,
4110,516,filterLoc,,
4110,519,filterLoc,,
4110,522,filterLoc,,
4110,525,filterLoc,,
4110,528,filterLoc,,
4110,531,filterLoc,,
4110,534,filterLoc,,
4110,537,filterLoc,,
4110,540,filterLoc,,
4110,543,filterLoc,,
4110,546,filterLoc,,
4110,549,filterLoc,,
4110,552,filterLoc,,
4110,555,filterLoc,,
4110,558,filterLoc,,
4110,561,filterLoc,,
4110,564,filterLoc,,
4110,567,filterLoc,,
4110,570,filterLoc,,
4110,573,filterLoc,,
4110,576,filterLoc,,
4110,579,filterLoc,,
4110,582,filterLoc,,
4110,585,filterLoc,,
4110,588,filterLoc,,
4110,591,filterLoc,,
4110,594,filterLoc,,
4110,597,filterLoc,,
4110,600,filterLoc,,
4110,603,filterLoc,,
4110,606,filterLoc,,
4110,609,filterLoc,,
4110,612,filterLoc,,
4110,615,filterLoc,,
4110,618,filterLoc,,
4110,621,filterLoc,,
4110,624,filterLoc,,
4110,627,filterLoc,,
4110,630,filterLoc,,
4110,633,filterLoc,,
4110,636,filterLoc,,
4110,639,filterLoc,,
4110,642,filterLoc,,
4110,645,filterLoc,,
4110,648,filterLoc,,
4110,651,filterLoc,,
4110,654,filterLoc,,
4110,657,filterLoc,,
4110,660,filterLoc,,
4110,663,filterLoc,,
4110,666,filterLoc,,
4110,669,filterLoc,,
4110,672,filterLoc,,
4110,675,filterLoc,,
4110,678,filterLoc,,
4110,681,filterLoc,,
4110,684,filterLoc,,
4110,687,filterLoc,,
4110,690,filterLoc,,
4110,693,filterLoc,,
4110,696,filterLoc,,
4110,699,filterLoc,,
4110,702,filterLoc,,
4110,705,filterLoc,,
4110,708,filterLoc,,
4110,711,filterLoc,,
4110,714,filterLoc,,
4110,717,filterLoc,,
4110,720,filterLoc,,
4110,723,filterLoc,,
4110,726,filterLoc,,
4110,729,filterLoc,,
4110,732,filterLoc,,
4110,735,filterLoc,,
4110,738,filterLoc,,
4110,741,filterLoc,,
4110,744,filterLoc,,
4110,747,filterLoc,,
4110,750,filterLoc,,
4110,753,filterLoc,,
4110,756,filterLoc,,
4110,759,filterLoc,,
4110,762,filterLoc,,
4110,765,filterLoc,,
4110,768,filterLoc,,
4110,771,filterLoc,,
4110,774,filterLoc,,
4110,777,filterLoc,,
4110,780,filterLoc,,
4110,783,filterLoc,,
4110,786,filterLoc,,
4110,789,filterLoc,,
4110,792,filterLoc,,
4110,795,filterLoc,,
4110,798,filterLoc,,
4110,801,filterLoc,,
4110,804,filterLoc,,
4110,807,filterLoc,,
4110,810,filterLoc,,
4110,813,filterLoc,,
4110,816,filterLoc,,
4110,819,filterLoc,,
4110,822,filterLoc,,
4110,825,filterLoc,,
4110,828,filterLoc,,
4110,831,filterLoc,,
4110,834,filterLoc,,
4110,837,filterLoc,,
4110,840,filterLoc,,
4110,843,filterLoc,,
4110,846,filterLoc,,
4110,849,filterLoc,,
4110,852,filterLoc,,
4110,855,filterLoc,,
4110,858,filterLoc,,
4110,861,filterLoc,,
4110,864,filterLoc,,
4110,867,filterLoc,,
4110,870,filterLoc,,
4110,873,filterLoc,,
4110,876,filterLoc,,
4110,879,filterLoc,,
4110,882,filterLoc,,
4110,885,filterLoc,,
4110,888,filterLoc,,
4110,891,filterLoc,,
4110,894,filterLoc,,
4110,897,filterLoc,,
4110,900,filterLoc,,
4110,903,filterLoc,,
4110,906,filterLoc,,
4110,909,filterLoc,,
4110,912,filterLoc,,
4110,915,filterLoc,,
4110,918,filterLoc,,
4110,921,filterLoc,,
4110,924,filterLoc,,
4110,927,filterLoc,,
4110,930,filterLoc,,
4110,933,filterLoc,,
4110,936,filterLoc,,
4110,939,filterLoc,,
4110,942,filterLoc,,
4110,945,filterLoc,,
4110,948,filterLoc,,
4110,951,filterLoc,,
4110,954,filterLoc,,
4110,957,filterLoc,,
4110,960,filterLoc,,
4110,963,filterLoc,,
4110,966,filterLoc,,
4110,969,filterLoc,,
4110,972,filterLoc,,
4110,975,filterLoc,,
4110,978,filterLoc,,
4110,981,filterLoc,,
4110,984,filterLoc,,
4110,987,filterLoc,,
4110,990,filterLoc,,
4110,993,filterLoc,,
4110,996,filterLoc,,
4110,999,filterLoc,,
4110,1002,filterLoc,,
4110,1005,filterLoc,,
4110,1008,filterLoc,,
4110,1011,filterLoc,,
4110,1014,filterLoc,,
4110,1017,filterLoc,,
4110,1020,filterLoc,,
4110,1023,filterLoc,,
4110,1026,filterLoc,,
4110,1029,filterLoc,,
4110,1032,filterLoc,,
4110,1035,filterLoc,,
4110,1038,filterLoc,,
4110,1041,filterLoc,,
4110,1044,filterLoc,,
4110,1047,filterLoc,,
4110,1050,filterLoc,,
4110,1053,filterLoc,,
4110,1056,filterLoc,,
4110,1059,filterLoc,,
4110,1062,filterLoc,,
4110,1065,filterLoc,,
4110,1068,filterLoc,,
4110,1071,filterLoc,,
4110,1074,filterLoc,,
4110,1077,filterLoc,,
4110,1080,filterLoc,,
4110,1083,filterLoc,,
4110,1086,filterLoc,,
4110,1089,filterLoc,,
4110,1092,filterLoc,,
4110,1095,filterLoc,,
4110,1098,filterLoc,,
4110,1101,filterLoc,,
4110,1104,filterLoc,,
4110,1107,filterLoc,,
4110,1110,filterLoc,,
4110,1113,filterLoc,,
4110,1116,filterLoc,,
4110,1121,helicopter,outEvac,Evacuee 192 in triage category Y is not assigned a helicopter
4110,1121,helicopter,outEvac,Evacuee 380 in triage category Y is not assigned a helicopter
4110,1121,helicopter,outEvac,Evacuee 411 in triage category Y is not assigned a helicopter
4110,1121,helicopter,,Helicopter;2;is unloading people at the FOL;;and has;0;spots taken
4110,1123,filterLoc,,
4110,1126,filterLoc,,
4110,1129,filterLoc,,
4110,1132,filterLoc,,
4110,1135,filterLoc,,
4110,1138,filterLoc,,
4110,1141,filterLoc,,
4110,1144,filterLoc,,
4110,1147,filterLoc,,
4110,1150,filterLoc,,
4110,1153,filterLoc,,
4110,1156,filterLoc,,
4110,1163,filterLoc,,
4110,1166,filterLoc,,
4110,1169,filterLoc,,
4110,1172,filterLoc,,
4110,1175,filterLoc,,
4110,1178,filterLoc,,
4110,1181,filterLoc,,
4110,1184,filterLoc,,
4110,1187,filterLoc,,
4110,1190,filterLoc,,
4110,1193,filterLoc,,
4110,1196,filterLoc,,
4110,1199,filterLoc,,
4110,1202,filterLoc,,
4110,1205,filterLoc,,
4110,1208,filterLoc,,
4110,1211,filterLoc,,
4110,1214,filterLoc,,
4110,1217,filterLoc,,
4110,1220,filterLoc,,
4110,1223,filterLoc,,
4110,1226,filterLoc,,
4110,1229,filterLoc,,
4110,1232,filterLoc,,
4110,1235,filterLoc,,
4110,1238,filterLoc,,
4110,1241,filterLoc,,
4110,1244,filterLoc,,
4110,1247,filterLoc,,
4110,1250,filterLoc,,
4110,1253,filterLoc,,
4110,1256,filterLoc,,
4110,1259,filterLoc,,
4110,1262,filterLoc,,
4110,1265,filterLoc,,
4110,1268,filterLoc,,
4110,1271,filterLoc,,
4110,1274,filterLoc,,
4110,1277,filterLoc,,
4110,1280,filterLoc,,
4110,1283,filterLoc,,
4110,1286,filterLoc,,
4110,1289,filterLoc,,
4110,1292,filterLoc,,
4110,1295,filterLoc,,
4110,1298,filterLoc,,
4110,1301,filterLoc,,
4110,1304,filterLoc,,
4110,1307,filterLoc,,
4110,1310,filterLoc,,
4110,1313,filterLoc,,
4110,1316,filterLoc,,
4110,1319,filterLoc,,
4110,1322,filterLoc,,
4110,1325,filterLoc,,
4110,1328,filterLoc,,
4110,1331,filterLoc,,
4110,1334,filterLoc,,
4110,1337,filterLoc,,
4110,1340,filterLoc,,
4110,1343,filterLoc,,
4110,1346,filterLoc,,
4110,1349,filterLoc,,
4110,1352,filterLoc,,
4110,1355,filterLoc,,
4110,1358,filterLoc,,
4110,1361,filterLoc,,
4110,1364,filterLoc,,
4110,1367,filterLoc,,
4110,1370,filterLoc,,
4110,1373,filterLoc,,
4110,1376,filterLoc,,
4110,1379,filterLoc,,
4110,1382,filterLoc,,
4110,1385,filterLoc,,
4110,1388,filterLoc,,
4110,1391,filterLoc,,
4110,1394,filterLoc,,
4110,1397,filterLoc,,
4110,1400,filterLoc,,
4110,1403,filterLoc,,
4110,1406,filterLoc,,
4110,1409,filterLoc,,
4110,1412,filterLoc,,
4110,1415,filterLoc,,
4110,1418,filterLoc,,
4110,1421,filterLoc,,
4110,1424,filterLoc,,
4110,1427,filterLoc,,
4110,1430,filterLoc,,
4110,1433,filterLoc,,
4110,1436,filterLoc,,
4110,1439,filterLoc,,
4110,1442,filterLoc,,
4110,1445,filterLoc,,
4110,1448,filterLoc,,
4110,1451,filterLoc,,
4110,1454,filterLoc,,
4110,1457,filterLoc,,
4110,1460,filterLoc,,
4110,1463,filterLoc,,
4110,1466,filterLoc,,
4110,1469,filterLoc,,
4110,1472,filterLoc,,
4110,1475,filterLoc,,
4110,1478,filterLoc,,
4110,1481,filterLoc,,
4110,1484,filterLoc,,
4110,1487,filterLoc,,
4110,1490,filterLoc,,
4110,1493,filterLoc,,
4110,1496,filterLoc,,
4110,1499,filterLoc,,
4110,1502,filterLoc,,
4110,1505,filterLoc,,
4110,1508,filterLoc,,
4110,1511,filterLoc,,
4110,1514,filterLoc,,
4110,1517,filterLoc,,
4110,131,filterLoc,out,Evacuee 411 in triage category Y is not assigned a helicopter
4110,131,filterLoc,,
4110,132,evacuee,,Evacuee;411;in triage state;Y;is entering the FOL
4110,200,filterLoc,out,Evacuee 380 in triage category Y is not assigned a helicopter
4110,200,filterLoc,,
4110,201,evacuee,,Evacuee;380;in triage state;Y;is entering the FOL
4110,486,filterLoc,out,Evacuee 192 in triage category Y is not assigned a helicopter
4110,486,filterLoc,,
4110,487,evacuee,,Evacuee;192;in triage state;Y;is entering the FOL
4110,132,evacuee,outFOL,Evacuee 411 in triage category Y is not assigned a helicopter
4110,132,evacuee,,Evacuee;411;in triage state;Y;is at the FOL
4110,201,evacuee,outFOL,Evacuee 380 in triage category Y is not assigned a helicopter
4110,201,evacuee,,Evacuee;380;in triage state;Y;is at the FOL
4110,223,FOL,,;EvacueeID;3;Triage Status;G;EvacueeID;5;Triage Status;G;EvacueeID;6;Triage Status;G;EvacueeID;7;Triage Status;G;EvacueeID;8;Triage Status;G;EvacueeID;16;Triage Status;G;EvacueeID;20;Triage Status;G;EvacueeID;21;Triage Status;G;EvacueeID;27;Triage Status;G;EvacueeID;35;Triage Status;G;EvacueeID;36;Triage Status;G;EvacueeID;39;Triage Status;G;EvacueeID;41;Triage Status;G;EvacueeID;42;Triage Status;G;EvacueeID;47;Triage Status;G;EvacueeID;49;Triage Status;G;EvacueeID;51;Triage Status;G;EvacueeID;52;Triage Status;G;EvacueeID;56;Triage Status;G;EvacueeID;62;Triage Status;G;EvacueeID;63;Triage Status;G;EvacueeID;66;Triage Status;G;EvacueeID;68;Triage Status;G;EvacueeID;69;Triage Status;G;EvacueeID;70;Triage Status;G;EvacueeID;72;Triage Status;G;EvacueeID;79;Triage Status;G;EvacueeID;80;Triage Status;G;EvacueeID;84;Triage Status;G;EvacueeID;86;Triage Status;G;EvacueeID;87;Triage Status;G;EvacueeID;89;Triage Status;G;EvacueeID;94;Triage Status;G;EvacueeID;96;Triage Status;G;EvacueeID;97;Triage Status;G;EvacueeID;101;Triage Status;G;EvacueeID;103;Triage Status;G;EvacueeID;107;Triage Status;G;EvacueeID;110;Triage Status;G;EvacueeID;111;Triage Status;G;EvacueeID;113;Triage Status;G;EvacueeID;115;Triage Status;G;EvacueeID;118;Triage Status;G;EvacueeID;120;Triage Status;G;EvacueeID;124;Triage Status;G;EvacueeID;128;Triage Status;G;EvacueeID;130;Triage Status;G;EvacueeID;132;Triage Status;G;EvacueeID;133;Triage Status;G;EvacueeID;134;Triage Status;G;EvacueeID;135;Triage Status;G;EvacueeID;137;Triage Status;G;EvacueeID;138;Triage Status;G;EvacueeID;139;Triage Status;G;EvacueeID;140;Triage Status;G;EvacueeID;141;Triage Status;G;EvacueeID;143;Triage Status;G;EvacueeID;146;Triage Status;G;EvacueeID;154;Triage Status;G;EvacueeID;155;Triage Status;G;EvacueeID;157;Triage Status;G;EvacueeID;166;Triage Status;G;EvacueeID;167;Triage Status;G;EvacueeID;172;Triage Status;G;EvacueeID;173;Triage Status;G;EvacueeID;175;Triage Status;G;EvacueeID;178;Triage Status;G;EvacueeID;180;Triage Status;G;EvacueeID;186;Triage Status;G;EvacueeID;189;Triage Status;G;EvacueeID;191;Triage Status;G;EvacueeID;194;Triage Status;G;EvacueeID;196;Triage Status;G;EvacueeID;198;Triage Status;G;EvacueeID;199;Triage Status;G;EvacueeID;206;Triage Status;G;EvacueeID;207;Triage Status;G;EvacueeID;211;Triage Status;G;EvacueeID;217;Triage Status;G;EvacueeID;223;Triage Status;G;EvacueeID;228;Triage Status;G;EvacueeID;229;Triage Status;G;EvacueeID;237;Triage Status;G;EvacueeID;238;Triage Status;G;EvacueeID;239;Triage Status;G;EvacueeID;240;Triage Status;G;EvacueeID;242;Triage Status;G;EvacueeID;243;Triage Status;G;EvacueeID;245;Triage Status;G;EvacueeID;250;Triage Status;G;EvacueeID;253;Triage Status;G;EvacueeID;265;Triage Status;G;EvacueeID;269;Triage Status;G;EvacueeID;270;Triage Status;G;EvacueeID;272;Triage Status;G;EvacueeID;273;Triage Status;G;EvacueeID;274;Triage Status;G;EvacueeID;277;Triage Status;G;EvacueeID;285;Triage Status;G;EvacueeID;286;Triage Status;G;EvacueeID;293;Triage Status;G;EvacueeID;294;Triage Status;G;EvacueeID;295;Triage Status;G;EvacueeID;297;Triage Status;G;EvacueeID;301;Triage Status;G;EvacueeID;303;Triage Status;G;EvacueeID;304;Triage Status;G;EvacueeID;305;Triage Status;G;EvacueeID;306;Triage Status;G;EvacueeID;310;Triage Status;G;EvacueeID;314;Triage Status;G;EvacueeID;315;Triage Status;G;EvacueeID;327;Triage Status;G;EvacueeID;328;Triage Status;G;EvacueeID;330;Triage Status;G;EvacueeID;331;Triage Status;G;EvacueeID;335;Triage Status;G;EvacueeID;337;Triage Status;G;EvacueeID;352;Triage Status;G;EvacueeID;359;Triage Status;G;EvacueeID;367;Triage Status;G;EvacueeID;371;Triage Status;G;EvacueeID;372;Triage Status;G;EvacueeID;374;Triage Status;G;EvacueeID;375;Triage Status;G;EvacueeID;377;Triage Status;G;EvacueeID;378;Triage Status;G;EvacueeID;379;Triage Status;G;EvacueeID;394;Triage Status;G;EvacueeID;403;Triage Status;G;EvacueeID;404;Triage Status;G;EvacueeID;405;Triage Status;G;EvacueeID;406;Triage Status;G;EvacueeID;407;Triage Status;G;EvacueeID;408;Triage Status;G;EvacueeID;409;Triage Status;G;EvacueeID;410;Triage Status;G;EvacueeID;417;Triage Status;G;EvacueeID;421;Triage Status;G;EvacueeID;422;Triage Status;G;EvacueeID;438;Triage Status;G;EvacueeID;444;Triage Status;G;EvacueeID;451;Triage Status;G;EvacueeID;456;Triage Status;G;EvacueeID;458;Triage Status;G;EvacueeID;459;Triage Status;G;EvacueeID;461;Triage Status;G;EvacueeID;462;Triage Status;G;EvacueeID;463;Triage Status;G;EvacueeID;469;Triage Status;G;EvacueeID;160;Triage Status;R;EvacueeID;341;Triage Status;R;EvacueeID;453;Triage Status;R;EvacueeID;470;Triage Status;G;EvacueeID;117;Triage Status;R;EvacueeID;361;Triage Status;Y;EvacueeID;432;Triage Status;R;EvacueeID;102;Triage Status;Y;EvacueeID;119;Triage Status;Y;EvacueeID;312;Triage Status;Y;EvacueeID;162;Triage Status;Y;EvacueeID;309;Triage Status;Y;EvacueeID;338;Triage Status;R;EvacueeID;192;Triage Status;Y;EvacueeID;380;Triage Status;Y;EvacueeID;411;Triage Status;Y;Lives Saved;166
4110,487,evacuee,outFOL,Evacuee 192 in triage category Y is not assigned a helicopter
4110,487,evacuee,,Evacuee;192;in triage state;Y;is at the FOL
4110,223,FOL,,;EvacueeID;3;Triage Status;G;EvacueeID;5;Triage Status;G;EvacueeID;6;Triage Status;G;EvacueeID;7;Triage Status;G;EvacueeID;8;Triage Status;G;EvacueeID;16;Triage Status;G;EvacueeID;20;Triage Status;G;EvacueeID;21;Triage Status;G;EvacueeID;27;Triage Status;G;EvacueeID;35;Triage Status;G;EvacueeID;36;Triage Status;G;EvacueeID;39;Triage Status;G;EvacueeID;41;Triage Status;G;EvacueeID;42;Triage Status;G;EvacueeID;47;Triage Status;G;EvacueeID;49;Triage Status;G;EvacueeID;51;Triage Status;G;EvacueeID;52;Triage Status;G;EvacueeID;56;Triage Status;G;EvacueeID;62;Triage Status;G;EvacueeID;63;Triage Status;G;EvacueeID;66;Triage Status;G;EvacueeID;68;Triage Status;G;EvacueeID;69;Triage Status;G;EvacueeID;70;Triage Status;G;EvacueeID;72;Triage Status;G;EvacueeID;79;Triage Status;G;EvacueeID;80;Triage Status;G;EvacueeID;84;Triage Status;G;EvacueeID;86;Triage Status;G;EvacueeID;87;Triage Status;G;EvacueeID;89;Triage Status;G;EvacueeID;94;Triage Status;G;EvacueeID;96;Triage Status;G;EvacueeID;97;Triage Status;G;EvacueeID;101;Triage Status;G;EvacueeID;103;Triage Status;G;EvacueeID;107;Triage Status;G;EvacueeID;110;Triage Status;G;EvacueeID;111;Triage Status;G;EvacueeID;113;Triage Status;G;EvacueeID;115;Triage Status;G;EvacueeID;118;Triage Status;G;EvacueeID;120;Triage Status;G;EvacueeID;124;Triage Status;G;EvacueeID;128;Triage Status;G;EvacueeID;130;Triage Status;G;EvacueeID;132;Triage Status;G;EvacueeID;133;Triage Status;G;EvacueeID;134;Triage Status;G;EvacueeID;135;Triage Status;G;EvacueeID;137;Triage Status;G;EvacueeID;138;Triage Status;G;EvacueeID;139;Triage Status;G;EvacueeID;140;Triage Status;G;EvacueeID;141;Triage Status;G;EvacueeID;143;Triage Status;G;EvacueeID;146;Triage Status;G;EvacueeID;154;Triage Status;G;EvacueeID;155;Triage Status;G;EvacueeID;157;Triage Status;G;EvacueeID;166;Triage Status;G;EvacueeID;167;Triage Status;G;EvacueeID;172;Triage Status;G;EvacueeID;173;Triage Status;G;EvacueeID;175;Triage Status;G;EvacueeID;178;Triage Status;G;EvacueeID;180;Triage Status;G;EvacueeID;186;Triage Status;G;EvacueeID;189;Triage Status;G;EvacueeID;191;Triage Status;G;EvacueeID;194;Triage Status;G;EvacueeID;196;Triage Status;G;EvacueeID;198;Triage Status;G;EvacueeID;199;Triage Status;G;EvacueeID;206;Triage Status;G;EvacueeID;207;Triage Status;G;EvacueeID;211;Triage Status;G;EvacueeID;217;Triage Status;G;EvacueeID;223;Triage Status;G;EvacueeID;228;Triage Status;G;EvacueeID;229;Triage Status;G;EvacueeID;237;Triage Status;G;EvacueeID;238;Triage Status;G;EvacueeID;239;Triage Status;G;EvacueeID;240;Triage Status;G;EvacueeID;242;Triage Status;G;EvacueeID;243;Triage Status;G;EvacueeID;245;Triage Status;G;EvacueeID;250;Triage Status;G;EvacueeID;253;Triage Status;G;EvacueeID;265;Triage Status;G;EvacueeID;269;Triage Status;G;EvacueeID;270;Triage Status;G;EvacueeID;272;Triage Status;G;EvacueeID;273;Triage Status;G;EvacueeID;274;Triage Status;G;EvacueeID;277;Triage Status;G;EvacueeID;285;Triage Status;G;EvacueeID;286;Triage Status;G;EvacueeID;293;Triage Status;G;EvacueeID;294;Triage Status;G;EvacueeID;295;Triage Status;G;EvacueeID;297;Triage Status;G;EvacueeID;301;Triage Status;G;EvacueeID;303;Triage Status;G;EvacueeID;304;Triage Status;G;EvacueeID;305;Triage Status;G;EvacueeID;306;Triage Status;G;EvacueeID;310;Triage Status;G;EvacueeID;314;Triage Status;G;EvacueeID;315;Triage Status;G;EvacueeID;327;Triage Status;G;EvacueeID;328;Triage Status;G;EvacueeID;330;Triage Status;G;EvacueeID;331;Triage Status;G;EvacueeID;335;Triage Status;G;EvacueeID;337;Triage Status;G;EvacueeID;352;Triage Status;G;EvacueeID;359;Triage Status;G;EvacueeID;367;Triage Status;G;EvacueeID;371;Triage Status;G;EvacueeID;372;Triage Status;G;EvacueeID;374;Triage Status;G;EvacueeID;375;Triage Status;G;EvacueeID;377;Triage Status;G;EvacueeID;378;Triage Status;G;EvacueeID;379;Triage Status;G;EvacueeID;394;Triage Status;G;EvacueeID;403;Triage Status;G;EvacueeID;404;Triage Status;G;EvacueeID;405;Triage Status;G;EvacueeID;406;Triage Status;G;EvacueeID;407;Triage Status;G;EvacueeID;408;Triage Status;G;EvacueeID;409;Triage Status;G;EvacueeID;410;Triage Status;G;EvacueeID;417;Triage Status;G;EvacueeID;421;Triage Status;G;EvacueeID;422;Triage Status;G;EvacueeID;438;Triage Status;G;EvacueeID;444;Triage Status;G;EvacueeID;451;Triage Status;G;EvacueeID;456;Triage Status;G;EvacueeID;458;Triage Status;G;EvacueeID;459;Triage Status;G;EvacueeID;461;Triage Status;G;EvacueeID;462;Triage Status;G;EvacueeID;463;Triage Status;G;EvacueeID;469;Triage Status;G;EvacueeID;160;Triage Status;R;EvacueeID;341;Triage Status;R;EvacueeID;453;Triage Status;R;EvacueeID;470;Triage Status;G;EvacueeID;117;Triage Status;R;EvacueeID;361;Triage Status;Y;EvacueeID;432;Triage Status;R;EvacueeID;102;Triage Status;Y;EvacueeID;119;Triage Status;Y;EvacueeID;312;Triage Status;Y;EvacueeID;162;Triage Status;Y;EvacueeID;309;Triage Status;Y;EvacueeID;338;Triage Status;R;EvacueeID;192;Triage Status;Y;EvacueeID;380;Triage Status;Y;EvacueeID;411;Triage Status;Y;Lives Saved;166
4140,5,helicopterQueue,,1;Helos are waiting to land;HeloID;1
4140,1161,helicopter,outES,Helicopter 1 is evacuating people1
4140,1161,helicopter,,Helicopter;1;is waiting to land at the evacuation site;;and has;0;spots taken
4140,5,helicopterQueue,outHelo,Helicopter 1 has stopped
4140,5,helicopterQueue,,;No helos are waiting to land
4140,104,filterES,,
4140,1120,filterES,,
4140,1160,filterES,,Helicopter;1;has stopped
4140,1160,filterES,out,Helicopter 1 has stopped
4140,1160,filterES,,
4140,1161,helicopter,,Helicopter;1;is waiting to land at the evacuation site;;and has;0;spots taken
4140,1161,helicopter,,Helicopter;1;is returning to the FOL;;and has;0;spots taken
4155,105,helicopter,,Helicopter;3;is unloading people at the FOL;;and has;0;spots taken
4215,1161,helicopter,,Helicopter;1;is unloading people at the FOL;;and has;0;spots taken
13380,2,coastGuardShip,,There are no more evacuees.
13380,2,coastGuardShip,,There are no more evacuees.
13380,3,evacueeManager,,OFF SHIP: White;0;Green;0;Yellow;0;Red;0;Black;334;ON SHIP: White;0;Green;0;Yellow;0;Red;0;Evacuees to Transfer;
13380,4,helipadManager,,;No helos are at ES;Stopped evacuating people
13380,5,helicopterQueue,,;No helos are waiting to land
13380,7,filterLoc,,
13380,8,evacuee,,Evacuee;501;in triage state;B;is at the evacuation site
13380,10,filterLoc,,
13380,11,evacuee,,Evacuee;500;in triage state;B;is at the evacuation site
13380,13,filterLoc,,
13380,14,evacuee,,Evacuee;494;in triage state;B;is at the evacuation site
13380,16,filterLoc,,
13380,17,evacuee,,Evacuee;492;in triage state;B;is at the evacuation site
13380,19,filterLoc,,
13380,20,evacuee,,Evacuee;489;in triage state;B;is at the evacuation site
13380,22,filterLoc,,
13380,23,evacuee,,Evacuee;486;in triage state;B;is at the evacuation site
13380,25,filterLoc,,
13380,26,evacuee,,Evacuee;484;in triage state;B;is at the evacuation site
13380,28,filterLoc,,
13380,29,evacuee,,Evacuee;483;in triage state;B;is at the evacuation site
13380,31,filterLoc,,
13380,32,evacuee,,Evacuee;482;in triage state;B;is at the evacuation site
13380,34,filterLoc,,
13380,35,evacuee,,Evacuee;499;in triage state;B;is at the evacuation site
13380,37,filterLoc,,
13380,38,evacuee,,Evacuee;479;in triage state;B;is at the evacuation site
13380,40,filterLoc,,
13380,41,evacuee,,Evacuee;478;in triage state;B;is at the evacuation site
13380,43,filterLoc,,
13380,44,evacuee,,Evacuee;476;in triage state;B;is at the evacuation site
13380,46,filterLoc,,
13380,47,evacuee,,Evacuee;475;in triage state;B;is at the evacuation site
13380,49,filterLoc,,
13380,50,evacuee,,Evacuee;472;in triage state;B;is at the evacuation site
13380,52,filterLoc,,
13380,53,evacuee,,Evacuee;471;in triage state;B;is at the evacuation site
13380,55,filterLoc,,
13380,56,evacuee,,Evacuee;468;in triage state;B;is at the evacuation site
13380,58,filterLoc,,
13380,59,evacuee,,Evacuee;463;in triage state;G;is at the FOL
13380,61,filterLoc,,
13380,62,evacuee,,Evacuee;462;in triage state;G;is at the FOL
13380,64,filterLoc,,
13380,65,evacuee,,Evacuee;461;in triage state;G;is at the FOL
13380,67,filterLoc,,
13380,68,evacuee,,Evacuee;459;in triage state;G;is at the FOL
13380,70,filterLoc,,
13380,71,evacuee,,Evacuee;495;in triage state;B;is at the evacuation site
13380,73,filterLoc,,
13380,74,evacuee,,Evacuee;458;in triage state;G;is at the FOL
13380,76,filterLoc,,
13380,77,evacuee,,Evacuee;456;in triage state;G;is at the FOL
13380,79,filterLoc,,
13380,80,evacuee,,Evacuee;455;in triage state;B;is at the evacuation site
13380,82,filterLoc,,
13380,83,evacuee,,Evacuee;448;in triage state;B;is at the evacuation site
13380,85,filterLoc,,
13380,86,evacuee,,Evacuee;445;in triage state;B;is at the evacuation site
13380,88,filterLoc,,
13380,89,evacuee,,Evacuee;442;in triage state;B;is at the evacuation site
13380,91,filterLoc,,
13380,92,evacuee,,Evacuee;441;in triage state;B;is at the evacuation site
13380,94,filterLoc,,
13380,95,evacuee,,Evacuee;439;in triage state;B;is at the evacuation site
13380,97,filterLoc,,
13380,98,evacuee,,Evacuee;437;in triage state;B;is at the evacuation site
13380,100,filterLoc,,
13380,101,evacuee,,Evacuee;436;in triage state;B;is at the evacuation site
13380,103,filterEvac,,
13380,104,filterES,,
13380,105,helicopter,,Helicopter;3;is unloading people at the FOL;;and has;0;spots taken
13380,107,filterLoc,,
13380,108,evacuee,,Evacuee;434;in triage state;B;is at the evacuation site
13380,110,filterLoc,,
13380,111,evacuee,,Evacuee;433;in triage state;B;is at the evacuation site
13380,113,filterLoc,,
13380,114,evacuee,,Evacuee;428;in triage state;B;is at the evacuation site
13380,116,filterLoc,,
13380,117,evacuee,,Evacuee;426;in triage state;B;is at the evacuation site
13380,119,filterLoc,,
13380,120,evacuee,,Evacuee;423;in triage state;B;is at the evacuation site
13380,122,filterLoc,,
13380,123,evacuee,,Evacuee;420;in triage state;B;is at the evacuation site
13380,125,filterLoc,,
13380,126,evacuee,,Evacuee;419;in triage state;B;is at the evacuation site
13380,128,filterLoc,,
13380,129,evacuee,,Evacuee;414;in triage state;B;is at the evacuation site
13380,131,filterLoc,,
13380,132,evacuee,,Evacuee;411;in triage state;Y;is at the FOL
13380,134,filterLoc,,
13380,135,evacuee,,Evacuee;422;in triage state;G;is at the FOL
13380,137,filterLoc,,
13380,138,evacuee,,Evacuee;409;in triage state;G;is at the FOL
13380,140,filterLoc,,
13380,141,evacuee,,Evacuee;408;in triage state;G;is at the FOL
13380,143,filterLoc,,
13380,144,evacuee,,Evacuee;406;in triage state;G;is at the FOL
13380,146,filterLoc,,
13380,147,evacuee,,Evacuee;404;in triage state;G;is at the FOL
13380,149,filterLoc,,
13380,150,evacuee,,Evacuee;403;in triage state;G;is at the FOL
13380,152,filterLoc,,
13380,153,evacuee,,Evacuee;401;in triage state;B;is at the evacuation site
13380,155,filterLoc,,
13380,156,evacuee,,Evacuee;398;in triage state;B;is at the evacuation site
13380,158,filterLoc,,
13380,159,evacuee,,Evacuee;397;in triage state;B;is at the evacuation site
13380,161,filterLoc,,
13380,162,evacuee,,Evacuee;452;in triage state;B;is at the evacuation site
13380,164,filterLoc,,
13380,165,evacuee,,Evacuee;396;in triage state;B;is at the evacuation site
13380,167,filterLoc,,
13380,168,evacuee,,Evacuee;395;in triage state;B;is at the evacuation site
13380,170,filterLoc,,
13380,171,evacuee,,Evacuee;393;in triage state;B;is at the evacuation site
13380,173,filterLoc,,
13380,174,evacuee,,Evacuee;392;in triage state;B;is at the evacuation site
13380,176,filterLoc,,
13380,177,evacuee,,Evacuee;389;in triage state;B;is at the evacuation site
13380,179,filterLoc,,
13380,180,evacuee,,Evacuee;384;in triage state;B;is at the evacuation site
13380,182,filterLoc,,
13380,183,evacuee,,Evacuee;430;in triage state;B;is at the evacuation site
13380,185,filterLoc,,
13380,186,evacuee,,Evacuee;383;in triage state;B;is at the evacuation site
13380,188,filterLoc,,
13380,189,evacuee,,Evacuee;480;in triage state;B;is at the evacuation site
13380,191,filterLoc,,
13380,192,evacuee,,Evacuee;382;in triage state;B;is at the evacuation site
13380,194,filterLoc,,
13380,195,evacuee,,Evacuee;381;in triage state;B;is at the evacuation site
13380,197,filterLoc,,
13380,198,evacuee,,Evacuee;427;in triage state;B;is at the evacuation site
13380,200,filterLoc,,
13380,201,evacuee,,Evacuee;380;in triage state;Y;is at the FOL
13380,203,filterLoc,,
13380,204,evacuee,,Evacuee;379;in triage state;G;is at the FOL
13380,206,filterLoc,,
13380,207,evacuee,,Evacuee;378;in triage state;G;is at the FOL
13380,209,filterLoc,,
13380,210,evacuee,,Evacuee;377;in triage state;G;is at the FOL
13380,212,filterLoc,,
13380,213,evacuee,,Evacuee;375;in triage state;G;is at the FOL
13380,215,filterLoc,,
13380,216,evacuee,,Evacuee;374;in triage state;G;is at the FOL
13380,218,filterLoc,,
13380,219,evacuee,,Evacuee;372;in triage state;G;is at the FOL
13380,221,filterLoc,,
13380,222,evacuee,,Evacuee;371;in triage state;G;is at the FOL
13380,223,FOL,,;EvacueeID;3;Triage Status;G;EvacueeID;5;Triage Status;G;EvacueeID;6;Triage Status;G;EvacueeID;7;Triage Status;G;EvacueeID;8;Triage Status;G;EvacueeID;16;Triage Status;G;EvacueeID;20;Triage Status;G;EvacueeID;21;Triage Status;G;EvacueeID;27;Triage Status;G;EvacueeID;35;Triage Status;G;EvacueeID;36;Triage Status;G;EvacueeID;39;Triage Status;G;EvacueeID;41;Triage Status;G;EvacueeID;42;Triage Status;G;EvacueeID;47;Triage Status;G;EvacueeID;49;Triage Status;G;EvacueeID;51;Triage Status;G;EvacueeID;52;Triage Status;G;EvacueeID;56;Triage Status;G;EvacueeID;62;Triage Status;G;EvacueeID;63;Triage Status;G;EvacueeID;66;Triage Status;G;EvacueeID;68;Triage Status;G;EvacueeID;69;Triage Status;G;EvacueeID;70;Triage Status;G;EvacueeID;72;Triage Status;G;EvacueeID;79;Triage Status;G;EvacueeID;80;Triage Status;G;EvacueeID;84;Triage Status;G;EvacueeID;86;Triage Status;G;EvacueeID;87;Triage Status;G;EvacueeID;89;Triage Status;G;EvacueeID;94;Triage Status;G;EvacueeID;96;Triage Status;G;EvacueeID;97;Triage Status;G;EvacueeID;101;Triage Status;G;EvacueeID;103;Triage Status;G;EvacueeID;107;Triage Status;G;EvacueeID;110;Triage Status;G;EvacueeID;111;Triage Status;G;EvacueeID;113;Triage Status;G;EvacueeID;115;Triage Status;G;EvacueeID;118;Triage Status;G;EvacueeID;120;Triage Status;G;EvacueeID;124;Triage Status;G;EvacueeID;128;Triage Status;G;EvacueeID;130;Triage Status;G;EvacueeID;132;Triage Status;G;EvacueeID;133;Triage Status;G;EvacueeID;134;Triage Status;G;EvacueeID;135;Triage Status;G;EvacueeID;137;Triage Status;G;EvacueeID;138;Triage Status;G;EvacueeID;139;Triage Status;G;EvacueeID;140;Triage Status;G;EvacueeID;141;Triage Status;G;EvacueeID;143;Triage Status;G;EvacueeID;146;Triage Status;G;EvacueeID;154;Triage Status;G;EvacueeID;155;Triage Status;G;EvacueeID;157;Triage Status;G;EvacueeID;166;Triage Status;G;EvacueeID;167;Triage Status;G;EvacueeID;172;Triage Status;G;EvacueeID;173;Triage Status;G;EvacueeID;175;Triage Status;G;EvacueeID;178;Triage Status;G;EvacueeID;180;Triage Status;G;EvacueeID;186;Triage Status;G;EvacueeID;189;Triage Status;G;EvacueeID;191;Triage Status;G;EvacueeID;194;Triage Status;G;EvacueeID;196;Triage Status;G;EvacueeID;198;Triage Status;G;EvacueeID;199;Triage Status;G;EvacueeID;206;Triage Status;G;EvacueeID;207;Triage Status;G;EvacueeID;211;Triage Status;G;EvacueeID;217;Triage Status;G;EvacueeID;223;Triage Status;G;EvacueeID;228;Triage Status;G;EvacueeID;229;Triage Status;G;EvacueeID;237;Triage Status;G;EvacueeID;238;Triage Status;G;EvacueeID;239;Triage Status;G;EvacueeID;240;Triage Status;G;EvacueeID;242;Triage Status;G;EvacueeID;243;Triage Status;G;EvacueeID;245;Triage Status;G;EvacueeID;250;Triage Status;G;EvacueeID;253;Triage Status;G;EvacueeID;265;Triage Status;G;EvacueeID;269;Triage Status;G;EvacueeID;270;Triage Status;G;EvacueeID;272;Triage Status;G;EvacueeID;273;Triage Status;G;EvacueeID;274;Triage Status;G;EvacueeID;277;Triage Status;G;EvacueeID;285;Triage Status;G;EvacueeID;286;Triage Status;G;EvacueeID;293;Triage Status;G;EvacueeID;294;Triage Status;G;EvacueeID;295;Triage Status;G;EvacueeID;297;Triage Status;G;EvacueeID;301;Triage Status;G;EvacueeID;303;Triage Status;G;EvacueeID;304;Triage Status;G;EvacueeID;305;Triage Status;G;EvacueeID;306;Triage Status;G;EvacueeID;310;Triage Status;G;EvacueeID;314;Triage Status;G;EvacueeID;315;Triage Status;G;EvacueeID;327;Triage Status;G;EvacueeID;328;Triage Status;G;EvacueeID;330;Triage Status;G;EvacueeID;331;Triage Status;G;EvacueeID;335;Triage Status;G;EvacueeID;337;Triage Status;G;EvacueeID;352;Triage Status;G;EvacueeID;359;Triage Status;G;EvacueeID;367;Triage Status;G;EvacueeID;371;Triage Status;G;EvacueeID;372;Triage Status;G;EvacueeID;374;Triage Status;G;EvacueeID;375;Triage Status;G;EvacueeID;377;Triage Status;G;EvacueeID;378;Triage Status;G;EvacueeID;379;Triage Status;G;EvacueeID;394;Triage Status;G;EvacueeID;403;Triage Status;G;EvacueeID;404;Triage Status;G;EvacueeID;405;Triage Status;G;EvacueeID;406;Triage Status;G;EvacueeID;407;Triage Status;G;EvacueeID;408;Triage Status;G;EvacueeID;409;Triage Status;G;EvacueeID;410;Triage Status;G;EvacueeID;417;Triage Status;G;EvacueeID;421;Triage Status;G;EvacueeID;422;Triage Status;G;EvacueeID;438;Triage Status;G;EvacueeID;444;Triage Status;G;EvacueeID;451;Triage Status;G;EvacueeID;456;Triage Status;G;EvacueeID;458;Triage Status;G;EvacueeID;459;Triage Status;G;EvacueeID;461;Triage Status;G;EvacueeID;462;Triage Status;G;EvacueeID;463;Triage Status;G;EvacueeID;469;Triage Status;G;EvacueeID;160;Triage Status;R;EvacueeID;341;Triage Status;R;EvacueeID;453;Triage Status;R;EvacueeID;470;Triage Status;G;EvacueeID;117;Triage Status;R;EvacueeID;361;Triage Status;Y;EvacueeID;432;Triage Status;R;EvacueeID;102;Triage Status;Y;EvacueeID;119;Triage Status;Y;EvacueeID;312;Triage Status;Y;EvacueeID;162;Triage Status;Y;EvacueeID;309;Triage Status;Y;EvacueeID;338;Triage Status;R;EvacueeID;192;Triage Status;Y;EvacueeID;380;Triage Status;Y;EvacueeID;411;Triage Status;Y;Lives Saved;166
13380,225,filterLoc,,
13380,226,evacuee,,Evacuee;370;in triage state;B;is at the evacuation site
13380,228,filterLoc,,
13380,229,evacuee,,Evacuee;457;in triage state;B;is at the evacuation site
13380,231,filterLoc,,
13380,232,evacuee,,Evacuee;369;in triage state;B;is at the evacuation site
13380,234,filterLoc,,
13380,235,evacuee,,Evacuee;366;in triage state;B;is at the evacuation site
13380,237,filterLoc,,
13380,238,evacuee,,Evacuee;362;in triage state;B;is at the evacuation site
13380,240,filterLoc,,
13380,241,evacuee,,Evacuee;425;in triage state;B;is at the evacuation site
13380,243,filterLoc,,
13380,244,evacuee,,Evacuee;360;in triage state;B;is at the evacuation site
13380,246,filterLoc,,
13380,247,evacuee,,Evacuee;357;in triage state;B;is at the evacuation site
13380,249,filterLoc,,
13380,250,evacuee,,Evacuee;354;in triage state;B;is at the evacuation site
13380,252,filterLoc,,
13380,253,evacuee,,Evacuee;353;in triage state;B;is at the evacuation site
13380,255,filterLoc,,
13380,256,evacuee,,Evacuee;351;in triage state;B;is at the evacuation site
13380,258,filterLoc,,
13380,259,evacuee,,Evacuee;349;in triage state;B;is at the evacuation site
13380,261,filterLoc,,
13380,262,evacuee,,Evacuee;348;in triage state;B;is at the evacuation site
13380,264,filterLoc,,
13380,265,evacuee,,Evacuee;346;in triage state;B;is at the evacuation site
13380,267,filterLoc,,
13380,268,evacuee,,Evacuee;341;in triage state;R;is at the FOL
13380,270,filterLoc,,
13380,271,evacuee,,Evacuee;340;in triage state;B;is at the evacuation site
13380,273,filterLoc,,
13380,274,evacuee,,Evacuee;338;in triage state;R;is at the FOL
13380,276,filterLoc,,
13380,277,evacuee,,Evacuee;335;in triage state;G;is at the FOL
13380,279,filterLoc,,
13380,280,evacuee,,Evacuee;331;in triage state;G;is at the FOL
13380,282,filterLoc,,
13380,283,evacuee,,Evacuee;503;in triage state;B;is at the evacuation site
13380,285,filterLoc,,
13380,286,evacuee,,Evacuee;330;in triage state;G;is at the FOL
13380,288,filterLoc,,
13380,289,evacuee,,Evacuee;328;in triage state;G;is at the FOL
13380,291,filterLoc,,
13380,292,evacuee,,Evacuee;327;in triage state;G;is at the FOL
13380,294,filterLoc,,
13380,295,evacuee,,Evacuee;410;in triage state;G;is at the FOL
13380,297,filterLoc,,
13380,298,evacuee,,Evacuee;326;in triage state;B;is at the evacuation site
13380,300,filterLoc,,
13380,301,evacuee,,Evacuee;466;in triage state;B;is at the evacuation site
13380,303,filterLoc,,
13380,304,evacuee,,Evacuee;325;in triage state;B;is at the evacuation site
13380,306,filterLoc,,
13380,307,evacuee,,Evacuee;365;in triage state;B;is at the evacuation site
13380,309,filterLoc,,
13380,310,evacuee,,Evacuee;322;in triage state;B;is at the evacuation site
13380,312,filterLoc,,
13380,313,evacuee,,Evacuee;321;in triage state;B;is at the evacuation site
13380,315,filterLoc,,
13380,316,evacuee,,Evacuee;319;in triage state;B;is at the evacuation site
13380,318,filterLoc,,
13380,319,evacuee,,Evacuee;318;in triage state;B;is at the evacuation site
13380,321,filterLoc,,
13380,322,evacuee,,Evacuee;317;in triage state;B;is at the evacuation site
13380,324,filterLoc,,
13380,325,evacuee,,Evacuee;460;in triage state;B;is at the evacuation site
13380,327,filterLoc,,
13380,328,evacuee,,Evacuee;316;in triage state;B;is at the evacuation site
13380,330,filterLoc,,
13380,331,evacuee,,Evacuee;446;in triage state;B;is at the evacuation site
13380,333,filterLoc,,
13380,334,evacuee,,Evacuee;313;in triage state;B;is at the evacuation site
13380,336,filterLoc,,
13380,337,evacuee,,Evacuee;443;in triage state;B;is at the evacuation site
13380,339,filterLoc,,
13380,340,evacuee,,Evacuee;312;in triage state;Y;is at the FOL
13380,342,filterLoc,,
13380,343,evacuee,,Evacuee;309;in triage state;Y;is at the FOL
13380,345,filterLoc,,
13380,346,evacuee,,Evacuee;306;in triage state;G;is at the FOL
13380,348,filterLoc,,
13380,349,evacuee,,Evacuee;305;in triage state;G;is at the FOL
13380,351,filterLoc,,
13380,352,evacuee,,Evacuee;303;in triage state;G;is at the FOL
13380,354,filterLoc,,
13380,355,evacuee,,Evacuee;295;in triage state;G;is at the FOL
13380,357,filterLoc,,
13380,358,evacuee,,Evacuee;352;in triage state;G;is at the FOL
13380,360,filterLoc,,
13380,361,evacuee,,Evacuee;293;in triage state;G;is at the FOL
13380,363,filterLoc,,
13380,364,evacuee,,Evacuee;488;in triage state;B;is at the evacuation site
13380,366,filterLoc,,
13380,367,evacuee,,Evacuee;413;in triage state;B;is at the evacuation site
13380,369,filterLoc,,
13380,370,evacuee,,Evacuee;292;in triage state;B;is at the evacuation site
13380,372,filterLoc,,
13380,373,evacuee,,Evacuee;291;in triage state;B;is at the evacuation site
13380,375,filterLoc,,
13380,376,evacuee,,Evacuee;290;in triage state;B;is at the evacuation site
13380,378,filterLoc,,
13380,379,evacuee,,Evacuee;350;in triage state;B;is at the evacuation site
13380,381,filterLoc,,
13380,382,evacuee,,Evacuee;288;in triage state;B;is at the evacuation site
13380,384,filterLoc,,
13380,385,evacuee,,Evacuee;287;in triage state;B;is at the evacuation site
13380,387,filterLoc,,
13380,388,evacuee,,Evacuee;415;in triage state;B;is at the evacuation site
13380,390,filterLoc,,
13380,391,evacuee,,Evacuee;376;in triage state;B;is at the evacuation site
13380,393,filterLoc,,
13380,394,evacuee,,Evacuee;284;in triage state;B;is at the evacuation site
13380,396,filterLoc,,
13380,397,evacuee,,Evacuee;283;in triage state;B;is at the evacuation site
13380,399,filterLoc,,
13380,400,evacuee,,Evacuee;282;in triage state;B;is at the evacuation site
13380,402,filterLoc,,
13380,403,evacuee,,Evacuee;281;in triage state;B;is at the evacuation site
13380,405,filterLoc,,
13380,406,evacuee,,Evacuee;280;in triage state;B;is at the evacuation site
13380,408,filterLoc,,
13380,409,evacuee,,Evacuee;333;in triage state;B;is at the evacuation site
13380,411,filterLoc,,
13380,412,evacuee,,Evacuee;279;in triage state;B;is at the evacuation site
13380,414,filterLoc,,
13380,415,evacuee,,Evacuee;278;in triage state;B;is at the evacuation site
13380,417,filterLoc,,
13380,418,evacuee,,Evacuee;277;in triage state;G;is at the FOL
13380,420,filterLoc,,
13380,421,evacuee,,Evacuee;315;in triage state;G;is at the FOL
13380,423,filterLoc,,
13380,424,evacuee,,Evacuee;274;in triage state;G;is at the FOL
13380,426,filterLoc,,
13380,427,evacuee,,Evacuee;273;in triage state;G;is at the FOL
13380,429,filterLoc,,
13380,430,evacuee,,Evacuee;337;in triage state;G;is at the FOL
13380,432,filterLoc,,
13380,433,evacuee,,Evacuee;301;in triage state;G;is at the FOL
13380,435,filterLoc,,
13380,436,evacuee,,Evacuee;272;in triage state;G;is at the FOL
13380,438,filterLoc,,
13380,439,evacuee,,Evacuee;270;in triage state;G;is at the FOL
13380,441,filterLoc,,
13380,442,evacuee,,Evacuee;264;in triage state;B;is at the evacuation site
13380,444,filterLoc,,
13380,445,evacuee,,Evacuee;262;in triage state;B;is at the evacuation site
13380,447,filterLoc,,
13380,448,evacuee,,Evacuee;260;in triage state;B;is at the evacuation site
13380,450,filterLoc,,
13380,451,evacuee,,Evacuee;259;in triage state;B;is at the evacuation site
13380,453,filterLoc,,
13380,454,evacuee,,Evacuee;125;in triage state;B;is at the evacuation site
13380,456,filterLoc,,
13380,457,evacuee,,Evacuee;114;in triage state;B;is at the evacuation site
13380,459,filterLoc,,
13380,460,evacuee,,Evacuee;289;in triage state;B;is at the evacuation site
13380,462,filterLoc,,
13380,463,evacuee,,Evacuee;88;in triage state;B;is at the evacuation site
13380,465,filterLoc,,
13380,466,evacuee,,Evacuee;449;in triage state;B;is at the evacuation site
13380,468,filterLoc,,
13380,469,evacuee,,Evacuee;122;in triage state;B;is at the evacuation site
13380,471,filterLoc,,
13380,472,evacuee,,Evacuee;108;in triage state;B;is at the evacuation site
13380,474,filterLoc,,
13380,475,evacuee,,Evacuee;276;in triage state;B;is at the evacuation site
13380,477,filterLoc,,
13380,478,evacuee,,Evacuee;121;in triage state;B;is at the evacuation site
13380,480,filterLoc,,
13380,481,evacuee,,Evacuee;386;in triage state;B;is at the evacuation site
13380,483,filterLoc,,
13380,484,evacuee,,Evacuee;117;in triage state;R;is at the FOL
13380,486,filterLoc,,
13380,487,evacuee,,Evacuee;192;in triage state;Y;is at the FOL
13380,489,filterLoc,,
13380,490,evacuee,,Evacuee;432;in triage state;R;is at the FOL
13380,492,filterLoc,,
13380,493,evacuee,,Evacuee;245;in triage state;G;is at the FOL
13380,495,filterLoc,,
13380,496,evacuee,,Evacuee;310;in triage state;G;is at the FOL
13380,498,filterLoc,,
13380,499,evacuee,,Evacuee;118;in triage state;G;is at the FOL
13380,501,filterLoc,,
13380,502,evacuee,,Evacuee;502;in triage state;B;is at the evacuation site
13380,504,filterLoc,,
13380,505,evacuee,,Evacuee;491;in triage state;B;is at the evacuation site
13380,507,filterLoc,,
13380,508,evacuee,,Evacuee;470;in triage state;G;is at the FOL
13380,510,filterLoc,,
13380,511,evacuee,,Evacuee;469;in triage state;G;is at the FOL
13380,513,filterLoc,,
13380,514,evacuee,,Evacuee;215;in triage state;B;is at the evacuation site
13380,516,filterLoc,,
13380,517,evacuee,,Evacuee;345;in triage state;B;is at the evacuation site
13380,519,filterLoc,,
13380,520,evacuee,,Evacuee;302;in triage state;B;is at the evacuation site
13380,522,filterLoc,,
13380,523,evacuee,,Evacuee;112;in triage state;B;is at the evacuation site
13380,525,filterLoc,,
13380,526,evacuee,,Evacuee;299;in triage state;B;is at the evacuation site
13380,528,filterLoc,,
13380,529,evacuee,,Evacuee;109;in triage state;B;is at the evacuation site
13380,531,filterLoc,,
13380,532,evacuee,,Evacuee;373;in triage state;B;is at the evacuation site
13380,534,filterLoc,,
13380,535,evacuee,,Evacuee;358;in triage state;B;is at the evacuation site
13380,537,filterLoc,,
13380,538,evacuee,,Evacuee;188;in triage state;B;is at the evacuation site
13380,540,filterLoc,,
13380,541,evacuee,,Evacuee;106;in triage state;B;is at the evacuation site
13380,543,filterLoc,,
13380,544,evacuee,,Evacuee;311;in triage state;B;is at the evacuation site
13380,546,filterLoc,,
13380,547,evacuee,,Evacuee;148;in triage state;B;is at the evacuation site
13380,549,filterLoc,,
13380,550,evacuee,,Evacuee;235;in triage state;B;is at the evacuation site
13380,552,filterLoc,,
13380,553,evacuee,,Evacuee;105;in triage state;B;is at the evacuation site
13380,555,filterLoc,,
13380,556,evacuee,,Evacuee;424;in triage state;B;is at the evacuation site
13380,558,filterLoc,,
13380,559,evacuee,,Evacuee;269;in triage state;G;is at the FOL
13380,561,filterLoc,,
13380,562,evacuee,,Evacuee;103;in triage state;G;is at the FOL
13380,564,filterLoc,,
13380,565,evacuee,,Evacuee;124;in triage state;G;is at the FOL
13380,567,filterLoc,,
13380,568,evacuee,,Evacuee;111;in triage state;G;is at the FOL
13380,570,filterLoc,,
13380,571,evacuee,,Evacuee;39;in triage state;G;is at the FOL
13380,573,filterLoc,,
13380,574,evacuee,,Evacuee;228;in triage state;G;is at the FOL
13380,576,filterLoc,,
13380,577,evacuee,,Evacuee;497;in triage state;B;is at the evacuation site
13380,579,filterLoc,,
13380,580,evacuee,,Evacuee;101;in triage state;G;is at the FOL
13380,582,filterLoc,,
13380,583,evacuee,,Evacuee;142;in triage state;B;is at the evacuation site
13380,585,filterLoc,,
13380,586,evacuee,,Evacuee;99;in triage state;B;is at the evacuation site
13380,588,filterLoc,,
13380,589,evacuee,,Evacuee;485;in triage state;B;is at the evacuation site
13380,591,filterLoc,,
13380,592,evacuee,,Evacuee;324;in triage state;B;is at the evacuation site
13380,594,filterLoc,,
13380,595,evacuee,,Evacuee;95;in triage state;B;is at the evacuation site
13380,597,filterLoc,,
13380,598,evacuee,,Evacuee;447;in triage state;B;is at the evacuation site
13380,600,filterLoc,,
13380,601,evacuee,,Evacuee;361;in triage state;Y;is at the FOL
13380,603,filterLoc,,
13380,604,evacuee,,Evacuee;342;in triage state;B;is at the evacuation site
13380,606,filterLoc,,
13380,607,evacuee,,Evacuee;93;in triage state;B;is at the evacuation site
13380,609,filterLoc,,
13380,610,evacuee,,Evacuee;136;in triage state;B;is at the evacuation site
13380,612,filterLoc,,
13380,613,evacuee,,Evacuee;412;in triage state;B;is at the evacuation site
13380,615,filterLoc,,
13380,616,evacuee,,Evacuee;90;in triage state;B;is at the evacuation site
13380,618,filterLoc,,
13380,619,evacuee,,Evacuee;83;in triage state;B;is at the evacuation site
13380,621,filterLoc,,
13380,622,evacuee,,Evacuee;127;in triage state;B;is at the evacuation site
13380,624,filterLoc,,
13380,625,evacuee,,Evacuee;49;in triage state;G;is at the FOL
13380,627,filterLoc,,
13380,628,evacuee,,Evacuee;87;in triage state;G;is at the FOL
13380,630,filterLoc,,
13380,631,evacuee,,Evacuee;297;in triage state;G;is at the FOL
13380,633,filterLoc,,
13380,634,evacuee,,Evacuee;86;in triage state;G;is at the FOL
13380,636,filterLoc,,
13380,637,evacuee,,Evacuee;51;in triage state;G;is at the FOL
13380,639,filterLoc,,
13380,640,evacuee,,Evacuee;444;in triage state;G;is at the FOL
13380,642,filterLoc,,
13380,643,evacuee,,Evacuee;80;in triage state;G;is at the FOL
13380,645,filterLoc,,
13380,646,evacuee,,Evacuee;79;in triage state;G;is at the FOL
13380,648,filterLoc,,
13380,649,evacuee,,Evacuee;115;in triage state;G;is at the FOL
13380,651,filterLoc,,
13380,652,evacuee,,Evacuee;98;in triage state;B;is at the evacuation site
13380,654,filterLoc,,
13380,655,evacuee,,Evacuee;356;in triage state;B;is at the evacuation site
13380,657,filterLoc,,
13380,658,evacuee,,Evacuee;78;in triage state;B;is at the evacuation site
13380,660,filterLoc,,
13380,661,evacuee,,Evacuee;213;in triage state;B;is at the evacuation site
13380,663,filterLoc,,
13380,664,evacuee,,Evacuee;344;in triage state;B;is at the evacuation site
13380,666,filterLoc,,
13380,667,evacuee,,Evacuee;77;in triage state;B;is at the evacuation site
13380,669,filterLoc,,
13380,670,evacuee,,Evacuee;156;in triage state;B;is at the evacuation site
13380,672,filterLoc,,
13380,673,evacuee,,Evacuee;300;in triage state;B;is at the evacuation site
13380,675,filterLoc,,
13380,676,evacuee,,Evacuee;165;in triage state;B;is at the evacuation site
13380,678,filterLoc,,
13380,679,evacuee,,Evacuee;454;in triage state;B;is at the evacuation site
13380,681,filterLoc,,
13380,682,evacuee,,Evacuee;440;in triage state;B;is at the evacuation site
13380,684,filterLoc,,
13380,685,evacuee,,Evacuee;76;in triage state;B;is at the evacuation site
13380,687,filterLoc,,
13380,688,evacuee,,Evacuee;431;in triage state;B;is at the evacuation site
13380,690,filterLoc,,
13380,691,evacuee,,Evacuee;74;in triage state;B;is at the evacuation site
13380,693,filterLoc,,
13380,694,evacuee,,Evacuee;363;in triage state;B;is at the evacuation site
13380,696,filterLoc,,
13380,697,evacuee,,Evacuee;251;in triage state;B;is at the evacuation site
13380,699,filterLoc,,
13380,700,evacuee,,Evacuee;128;in triage state;G;is at the FOL
13380,702,filterLoc,,
13380,703,evacuee,,Evacuee;134;in triage state;G;is at the FOL
13380,705,filterLoc,,
13380,706,evacuee,,Evacuee;199;in triage state;G;is at the FOL
13380,708,filterLoc,,
13380,709,evacuee,,Evacuee;66;in triage state;G;is at the FOL
13380,711,filterLoc,,
13380,712,evacuee,,Evacuee;62;in triage state;G;is at the FOL
13380,714,filterLoc,,
13380,715,evacuee,,Evacuee;223;in triage state;G;is at the FOL
13380,717,filterLoc,,
13380,718,evacuee,,Evacuee;135;in triage state;G;is at the FOL
13380,720,filterLoc,,
13380,721,evacuee,,Evacuee;15;in triage state;B;is at the evacuation site
13380,723,filterLoc,,
13380,724,evacuee,,Evacuee;474;in triage state;B;is at the evacuation site
13380,726,filterLoc,,
13380,727,evacuee,,Evacuee;17;in triage state;B;is at the evacuation site
13380,729,filterLoc,,
13380,730,evacuee,,Evacuee;481;in triage state;B;is at the evacuation site
13380,732,filterLoc,,
13380,733,evacuee,,Evacuee;179;in triage state;B;is at the evacuation site
13380,735,filterLoc,,
13380,736,evacuee,,Evacuee;147;in triage state;B;is at the evacuation site
13380,738,filterLoc,,
13380,739,evacuee,,Evacuee;65;in triage state;B;is at the evacuation site
13380,741,filterLoc,,
13380,742,evacuee,,Evacuee;14;in triage state;B;is at the evacuation site
13380,744,filterLoc,,
13380,745,evacuee,,Evacuee;218;in triage state;B;is at the evacuation site
13380,747,filterLoc,,
13380,748,evacuee,,Evacuee;2;in triage state;B;is at the evacuation site
13380,750,filterLoc,,
13380,751,evacuee,,Evacuee;33;in triage state;B;is at the evacuation site
13380,753,filterLoc,,
13380,754,evacuee,,Evacuee;271;in triage state;B;is at the evacuation site
13380,756,filterLoc,,
13380,757,evacuee,,Evacuee;9;in triage state;B;is at the evacuation site
13380,759,filterLoc,,
13380,760,evacuee,,Evacuee;25;in triage state;B;is at the evacuation site
13380,762,filterLoc,,
13380,763,evacuee,,Evacuee;334;in triage state;B;is at the evacuation site
13380,765,filterLoc,,
13380,766,evacuee,,Evacuee;70;in triage state;G;is at the FOL
13380,768,filterLoc,,
13380,769,evacuee,,Evacuee;5;in triage state;G;is at the FOL
13380,771,filterLoc,,
13380,772,evacuee,,Evacuee;250;in triage state;G;is at the FOL
13380,774,filterLoc,,
13380,775,evacuee,,Evacuee;107;in triage state;G;is at the FOL
13380,777,filterLoc,,
13380,778,evacuee,,Evacuee;229;in triage state;G;is at the FOL
13380,780,filterLoc,,
13380,781,evacuee,,Evacuee;110;in triage state;G;is at the FOL
13380,783,filterLoc,,
13380,784,evacuee,,Evacuee;141;in triage state;G;is at the FOL
13380,786,filterLoc,,
13380,787,evacuee,,Evacuee;133;in triage state;G;is at the FOL
13380,789,filterLoc,,
13380,790,evacuee,,Evacuee;493;in triage state;B;is at the evacuation site
13380,792,filterLoc,,
13380,793,evacuee,,Evacuee;473;in triage state;B;is at the evacuation site
13380,795,filterLoc,,
13380,796,evacuee,,Evacuee;400;in triage state;B;is at the evacuation site
13380,798,filterLoc,,
13380,799,evacuee,,Evacuee;268;in triage state;B;is at the evacuation site
13380,801,filterLoc,,
13380,802,evacuee,,Evacuee;100;in triage state;B;is at the evacuation site
13380,804,filterLoc,,
13380,805,evacuee,,Evacuee;29;in triage state;B;is at the evacuation site
13380,807,filterLoc,,
13380,808,evacuee,,Evacuee;158;in triage state;B;is at the evacuation site
13380,810,filterLoc,,
13380,811,evacuee,,Evacuee;187;in triage state;B;is at the evacuation site
13380,813,filterLoc,,
13380,814,evacuee,,Evacuee;85;in triage state;B;is at the evacuation site
13380,816,filterLoc,,
13380,817,evacuee,,Evacuee;487;in triage state;B;is at the evacuation site
13380,819,filterLoc,,
13380,820,evacuee,,Evacuee;71;in triage state;B;is at the evacuation site
13380,822,filterLoc,,
13380,823,evacuee,,Evacuee;332;in triage state;B;is at the evacuation site
13380,825,filterLoc,,
13380,826,evacuee,,Evacuee;81;in triage state;B;is at the evacuation site
13380,828,filterLoc,,
13380,829,evacuee,,Evacuee;104;in triage state;B;is at the evacuation site
13380,831,filterLoc,,
13380,832,evacuee,,Evacuee;40;in triage state;B;is at the evacuation site
13380,834,filterLoc,,
13380,835,evacuee,,Evacuee;97;in triage state;G;is at the FOL
13380,837,filterLoc,,
13380,838,evacuee,,Evacuee;453;in triage state;R;is at the FOL
13380,840,filterLoc,,
13380,841,evacuee,,Evacuee;285;in triage state;G;is at the FOL
13380,843,filterLoc,,
13380,844,evacuee,,Evacuee;89;in triage state;G;is at the FOL
13380,846,filterLoc,,
13380,847,evacuee,,Evacuee;394;in triage state;G;is at the FOL
13380,849,filterLoc,,
13380,850,evacuee,,Evacuee;240;in triage state;G;is at the FOL
13380,852,filterLoc,,
13380,853,evacuee,,Evacuee;8;in triage state;G;is at the FOL
13380,855,filterLoc,,
13380,856,evacuee,,Evacuee;3;in triage state;G;is at the FOL
13380,858,filterLoc,,
13380,859,evacuee,,Evacuee;172;in triage state;G;is at the FOL
13380,861,filterLoc,,
13380,862,evacuee,,Evacuee;256;in triage state;B;is at the evacuation site
13380,864,filterLoc,,
13380,865,evacuee,,Evacuee;347;in triage state;B;is at the evacuation site
13380,867,filterLoc,,
13380,868,evacuee,,Evacuee;82;in triage state;B;is at the evacuation site
13380,870,filterLoc,,
13380,871,evacuee,,Evacuee;54;in triage state;B;is at the evacuation site
13380,873,filterLoc,,
13380,874,evacuee,,Evacuee;368;in triage state;B;is at the evacuation site
13380,876,filterLoc,,
13380,877,evacuee,,Evacuee;4;in triage state;B;is at the evacuation site
13380,879,filterLoc,,
13380,880,evacuee,,Evacuee;18;in triage state;B;is at the evacuation site
13380,882,filterLoc,,
13380,883,evacuee,,Evacuee;387;in triage state;B;is at the evacuation site
13380,885,filterLoc,,
13380,886,evacuee,,Evacuee;246;in triage state;B;is at the evacuation site
13380,888,filterLoc,,
13380,889,evacuee,,Evacuee;22;in triage state;B;is at the evacuation site
13380,891,filterLoc,,
13380,892,evacuee,,Evacuee;92;in triage state;B;is at the evacuation site
13380,894,filterLoc,,
13380,895,evacuee,,Evacuee;44;in triage state;B;is at the evacuation site
13380,897,filterLoc,,
13380,898,evacuee,,Evacuee;150;in triage state;B;is at the evacuation site
13380,900,filterLoc,,
13380,901,evacuee,,Evacuee;119;in triage state;Y;is at the FOL
13380,903,filterLoc,,
13380,904,evacuee,,Evacuee;6;in triage state;G;is at the FOL
13380,906,filterLoc,,
13380,907,evacuee,,Evacuee;173;in triage state;G;is at the FOL
13380,909,filterLoc,,
13380,910,evacuee,,Evacuee;157;in triage state;G;is at the FOL
13380,912,filterLoc,,
13380,913,evacuee,,Evacuee;451;in triage state;G;is at the FOL
13380,915,filterLoc,,
13380,916,evacuee,,Evacuee;359;in triage state;G;is at the FOL
13380,918,filterLoc,,
13380,919,evacuee,,Evacuee;286;in triage state;G;is at the FOL
13380,921,filterLoc,,
13380,922,evacuee,,Evacuee;196;in triage state;G;is at the FOL
13380,924,filterLoc,,
13380,925,evacuee,,Evacuee;407;in triage state;G;is at the FOL
13380,927,filterLoc,,
13380,928,evacuee,,Evacuee;132;in triage state;G;is at the FOL
13380,930,filterLoc,,
13380,931,evacuee,,Evacuee;31;in triage state;B;is at the evacuation site
13380,933,filterLoc,,
13380,934,evacuee,,Evacuee;38;in triage state;B;is at the evacuation site
13380,936,filterLoc,,
13380,937,evacuee,,Evacuee;10;in triage state;B;is at the evacuation site
13380,939,filterLoc,,
13380,940,evacuee,,Evacuee;26;in triage state;B;is at the evacuation site
13380,942,filterLoc,,
13380,943,evacuee,,Evacuee;343;in triage state;B;is at the evacuation site
13380,945,filterLoc,,
13380,946,evacuee,,Evacuee;241;in triage state;B;is at the evacuation site
13380,948,filterLoc,,
13380,949,evacuee,,Evacuee;418;in triage state;B;is at the evacuation site
13380,951,filterLoc,,
13380,952,evacuee,,Evacuee;75;in triage state;B;is at the evacuation site
13380,954,filterLoc,,
13380,955,evacuee,,Evacuee;37;in triage state;B;is at the evacuation site
13380,957,filterLoc,,
13380,958,evacuee,,Evacuee;496;in triage state;B;is at the evacuation site
13380,960,filterLoc,,
13380,961,evacuee,,Evacuee;209;in triage state;B;is at the evacuation site
13380,963,filterLoc,,
13380,964,evacuee,,Evacuee;402;in triage state;B;is at the evacuation site
13380,966,filterLoc,,
13380,967,evacuee,,Evacuee;320;in triage state;B;is at the evacuation site
13380,969,filterLoc,,
13380,970,evacuee,,Evacuee;116;in triage state;B;is at the evacuation site
13380,972,filterLoc,,
13380,973,evacuee,,Evacuee;61;in triage state;B;is at the evacuation site
13380,975,filterLoc,,
13380,976,evacuee,,Evacuee;52;in triage state;G;is at the FOL
13380,978,filterLoc,,
13380,979,evacuee,,Evacuee;41;in triage state;G;is at the FOL
13380,981,filterLoc,,
13380,982,evacuee,,Evacuee;304;in triage state;G;is at the FOL
13380,984,filterLoc,,
13380,985,evacuee,,Evacuee;154;in triage state;G;is at the FOL
13380,987,filterLoc,,
13380,988,evacuee,,Evacuee;421;in triage state;G;is at the FOL
13380,990,filterLoc,,
13380,991,evacuee,,Evacuee;405;in triage state;G;is at the FOL
13380,993,filterLoc,,
13380,994,evacuee,,Evacuee;21;in triage state;G;is at the FOL
13380,996,filterLoc,,
13380,997,evacuee,,Evacuee;68;in triage state;G;is at the FOL
13380,999,filterLoc,,
13380,1000,evacuee,,Evacuee;72;in triage state;G;is at the FOL
13380,1002,filterLoc,,
13380,1003,evacuee,,Evacuee;46;in triage state;B;is at the evacuation site
13380,1005,filterLoc,,
13380,1006,evacuee,,Evacuee;53;in triage state;B;is at the evacuation site
13380,1008,filterLoc,,
13380,1009,evacuee,,Evacuee;220;in triage state;B;is at the evacuation site
13380,1011,filterLoc,,
13380,1012,evacuee,,Evacuee;355;in triage state;B;is at the evacuation site
13380,1014,filterLoc,,
13380,1015,evacuee,,Evacuee;23;in triage state;B;is at the evacuation site
13380,1017,filterLoc,,
13380,1018,evacuee,,Evacuee;200;in triage state;B;is at the evacuation site
13380,1020,filterLoc,,
13380,1021,evacuee,,Evacuee;255;in triage state;B;is at the evacuation site
13380,1023,filterLoc,,
13380,1024,evacuee,,Evacuee;13;in triage state;B;is at the evacuation site
13380,1026,filterLoc,,
13380,1027,evacuee,,Evacuee;24;in triage state;B;is at the evacuation site
13380,1029,filterLoc,,
13380,1030,evacuee,,Evacuee;32;in triage state;B;is at the evacuation site
13380,1032,filterLoc,,
13380,1033,evacuee,,Evacuee;34;in triage state;B;is at the evacuation site
13380,1035,filterLoc,,
13380,1036,evacuee,,Evacuee;64;in triage state;B;is at the evacuation site
13380,1038,filterLoc,,
13380,1039,evacuee,,Evacuee;429;in triage state;B;is at the evacuation site
13380,1041,filterLoc,,
13380,1042,evacuee,,Evacuee;102;in triage state;Y;is at the FOL
13380,1044,filterLoc,,
13380,1045,evacuee,,Evacuee;160;in triage state;R;is at the FOL
13380,1047,filterLoc,,
13380,1048,evacuee,,Evacuee;20;in triage state;G;is at the FOL
13380,1050,filterLoc,,
13380,1051,evacuee,,Evacuee;35;in triage state;G;is at the FOL
13380,1053,filterLoc,,
13380,1054,evacuee,,Evacuee;155;in triage state;G;is at the FOL
13380,1056,filterLoc,,
13380,1057,evacuee,,Evacuee;36;in triage state;G;is at the FOL
13380,1059,filterLoc,,
13380,1060,evacuee,,Evacuee;198;in triage state;G;is at the FOL
13380,1062,filterLoc,,
13380,1063,evacuee,,Evacuee;84;in triage state;G;is at the FOL
13380,1065,filterLoc,,
13380,1066,evacuee,,Evacuee;42;in triage state;G;is at the FOL
13380,1068,filterLoc,,
13380,1069,evacuee,,Evacuee;91;in triage state;B;is at the evacuation site
13380,1071,filterLoc,,
13380,1072,evacuee,,Evacuee;43;in triage state;B;is at the evacuation site
13380,1074,filterLoc,,
13380,1075,evacuee,,Evacuee;30;in triage state;B;is at the evacuation site
13380,1077,filterLoc,,
13380,1078,evacuee,,Evacuee;336;in triage state;B;is at the evacuation site
13380,1080,filterLoc,,
13380,1081,evacuee,,Evacuee;307;in triage state;B;is at the evacuation site
13380,1083,filterLoc,,
13380,1084,evacuee,,Evacuee;212;in triage state;B;is at the evacuation site
13380,1086,filterLoc,,
13380,1087,evacuee,,Evacuee;391;in triage state;B;is at the evacuation site
13380,1089,filterLoc,,
13380,1090,evacuee,,Evacuee;388;in triage state;B;is at the evacuation site
13380,1092,filterLoc,,
13380,1093,evacuee,,Evacuee;55;in triage state;B;is at the evacuation site
13380,1095,filterLoc,,
13380,1096,evacuee,,Evacuee;48;in triage state;B;is at the evacuation site
13380,1098,filterLoc,,
13380,1099,evacuee,,Evacuee;144;in triage state;B;is at the evacuation site
13380,1101,filterLoc,,
13380,1102,evacuee,,Evacuee;50;in triage state;B;is at the evacuation site
13380,1104,filterLoc,,
13380,1105,evacuee,,Evacuee;19;in triage state;B;is at the evacuation site
13380,1107,filterLoc,,
13380,1108,evacuee,,Evacuee;182;in triage state;B;is at the evacuation site
13380,1110,filterLoc,,
13380,1111,evacuee,,Evacuee;490;in triage state;B;is at the evacuation site
13380,1113,filterLoc,,
13380,1114,evacuee,,Evacuee;266;in triage state;B;is at the evacuation site
13380,1116,filterLoc,,
13380,1117,evacuee,,Evacuee;120;in triage state;G;is at the FOL
13380,1119,filterEvac,,
13380,1120,filterES,,
13380,1121,helicopter,,Helicopter;2;is unloading people at the FOL;;and has;0;spots taken
13380,1123,filterLoc,,
13380,1124,evacuee,,Evacuee;94;in triage state;G;is at the FOL
13380,1126,filterLoc,,
13380,1127,evacuee,,Evacuee;63;in triage state;G;is at the FOL
13380,1129,filterLoc,,
13380,1130,evacuee,,Evacuee;175;in triage state;G;is at the FOL
13380,1132,filterLoc,,
13380,1133,evacuee,,Evacuee;47;in triage state;G;is at the FOL
13380,1135,filterLoc,,
13380,1136,evacuee,,Evacuee;56;in triage state;G;is at the FOL
13380,1138,filterLoc,,
13380,1139,evacuee,,Evacuee;367;in triage state;G;is at the FOL
13380,1141,filterLoc,,
13380,1142,evacuee,,Evacuee;364;in triage state;B;is at the evacuation site
13380,1144,filterLoc,,
13380,1145,evacuee,,Evacuee;208;in triage state;B;is at the evacuation site
13380,1147,filterLoc,,
13380,1148,evacuee,,Evacuee;57;in triage state;B;is at the evacuation site
13380,1150,filterLoc,,
13380,1151,evacuee,,Evacuee;231;in triage state;B;is at the evacuation site
13380,1153,filterLoc,,
13380,1154,evacuee,,Evacuee;261;in triage state;B;is at the evacuation site
13380,1156,filterLoc,,
13380,1157,evacuee,,Evacuee;45;in triage state;B;is at the evacuation site
13380,1159,filterEvac,,
13380,1160,filterES,,
13380,1161,helicopter,,Helicopter;1;is unloading people at the FOL;;and has;0;spots taken
13380,1163,filterLoc,,
13380,1164,evacuee,,Evacuee;263;in triage state;B;is at the evacuation site
13380,1166,filterLoc,,
13380,1167,evacuee,,Evacuee;190;in triage state;B;is at the evacuation site
13380,1169,filterLoc,,
13380,1170,evacuee,,Evacuee;465;in triage state;B;is at the evacuation site
13380,1172,filterLoc,,
13380,1173,evacuee,,Evacuee;60;in triage state;B;is at the evacuation site
13380,1175,filterLoc,,
13380,1176,evacuee,,Evacuee;385;in triage state;B;is at the evacuation site
13380,1178,filterLoc,,
13380,1179,evacuee,,Evacuee;181;in triage state;B;is at the evacuation site
13380,1181,filterLoc,,
13380,1182,evacuee,,Evacuee;416;in triage state;B;is at the evacuation site
13380,1184,filterLoc,,
13380,1185,evacuee,,Evacuee;129;in triage state;B;is at the evacuation site
13380,1187,filterLoc,,
13380,1188,evacuee,,Evacuee;308;in triage state;B;is at the evacuation site
13380,1190,filterLoc,,
13380,1191,evacuee,,Evacuee;131;in triage state;B;is at the evacuation site
13380,1193,filterLoc,,
13380,1194,evacuee,,Evacuee;137;in triage state;G;is at the FOL
13380,1196,filterLoc,,
13380,1197,evacuee,,Evacuee;138;in triage state;G;is at the FOL
13380,1199,filterLoc,,
13380,1200,evacuee,,Evacuee;265;in triage state;G;is at the FOL
13380,1202,filterLoc,,
13380,1203,evacuee,,Evacuee;139;in triage state;G;is at the FOL
13380,1205,filterLoc,,
13380,1206,evacuee,,Evacuee;194;in triage state;G;is at the FOL
13380,1208,filterLoc,,
13380,1209,evacuee,,Evacuee;140;in triage state;G;is at the FOL
13380,1211,filterLoc,,
13380,1212,evacuee,,Evacuee;130;in triage state;G;is at the FOL
13380,1214,filterLoc,,
13380,1215,evacuee,,Evacuee;143;in triage state;G;is at the FOL
13380,1217,filterLoc,,
13380,1218,evacuee,,Evacuee;149;in triage state;B;is at the evacuation site
13380,1220,filterLoc,,
13380,1221,evacuee,,Evacuee;296;in triage state;B;is at the evacuation site
13380,1223,filterLoc,,
13380,1224,evacuee,,Evacuee;151;in triage state;B;is at the evacuation site
13380,1226,filterLoc,,
13380,1227,evacuee,,Evacuee;222;in triage state;B;is at the evacuation site
13380,1229,filterLoc,,
13380,1230,evacuee,,Evacuee;152;in triage state;B;is at the evacuation site
13380,1232,filterLoc,,
13380,1233,evacuee,,Evacuee;153;in triage state;B;is at the evacuation site
13380,1235,filterLoc,,
13380,1236,evacuee,,Evacuee;67;in triage state;B;is at the evacuation site
13380,1238,filterLoc,,
13380,1239,evacuee,,Evacuee;123;in triage state;B;is at the evacuation site
13380,1241,filterLoc,,
13380,1242,evacuee,,Evacuee;159;in triage state;B;is at the evacuation site
13380,1244,filterLoc,,
13380,1245,evacuee,,Evacuee;161;in triage state;B;is at the evacuation site
13380,1247,filterLoc,,
13380,1248,evacuee,,Evacuee;28;in triage state;B;is at the evacuation site
13380,1250,filterLoc,,
13380,1251,evacuee,,Evacuee;126;in triage state;B;is at the evacuation site
13380,1253,filterLoc,,
13380,1254,evacuee,,Evacuee;234;in triage state;B;is at the evacuation site
13380,1256,filterLoc,,
13380,1257,evacuee,,Evacuee;162;in triage state;Y;is at the FOL
13380,1259,filterLoc,,
13380,1260,evacuee,,Evacuee;163;in triage state;B;is at the evacuation site
13380,1262,filterLoc,,
13380,1263,evacuee,,Evacuee;166;in triage state;G;is at the FOL
13380,1265,filterLoc,,
13380,1266,evacuee,,Evacuee;16;in triage state;G;is at the FOL
13380,1268,filterLoc,,
13380,1269,evacuee,,Evacuee;242;in triage state;G;is at the FOL
13380,1271,filterLoc,,
13380,1272,evacuee,,Evacuee;178;in triage state;G;is at the FOL
13380,1274,filterLoc,,
13380,1275,evacuee,,Evacuee;438;in triage state;G;is at the FOL
13380,1277,filterLoc,,
13380,1278,evacuee,,Evacuee;146;in triage state;G;is at the FOL
13380,1280,filterLoc,,
13380,1281,evacuee,,Evacuee;167;in triage state;G;is at the FOL
13380,1283,filterLoc,,
13380,1284,evacuee,,Evacuee;145;in triage state;B;is at the evacuation site
13380,1286,filterLoc,,
13380,1287,evacuee,,Evacuee;168;in triage state;B;is at the evacuation site
13380,1289,filterLoc,,
13380,1290,evacuee,,Evacuee;176;in triage state;B;is at the evacuation site
13380,1292,filterLoc,,
13380,1293,evacuee,,Evacuee;230;in triage state;B;is at the evacuation site
13380,1295,filterLoc,,
13380,1296,evacuee,,Evacuee;169;in triage state;B;is at the evacuation site
13380,1298,filterLoc,,
13380,1299,evacuee,,Evacuee;170;in triage state;B;is at the evacuation site
13380,1301,filterLoc,,
13380,1302,evacuee,,Evacuee;171;in triage state;B;is at the evacuation site
13380,1304,filterLoc,,
13380,1305,evacuee,,Evacuee;174;in triage state;B;is at the evacuation site
13380,1307,filterLoc,,
13380,1308,evacuee,,Evacuee;177;in triage state;B;is at the evacuation site
13380,1310,filterLoc,,
13380,1311,evacuee,,Evacuee;435;in triage state;B;is at the evacuation site
13380,1313,filterLoc,,
13380,1314,evacuee,,Evacuee;58;in triage state;B;is at the evacuation site
13380,1316,filterLoc,,
13380,1317,evacuee,,Evacuee;203;in triage state;B;is at the evacuation site
13380,1319,filterLoc,,
13380,1320,evacuee,,Evacuee;232;in triage state;B;is at the evacuation site
13380,1322,filterLoc,,
13380,1323,evacuee,,Evacuee;183;in triage state;B;is at the evacuation site
13380,1325,filterLoc,,
13380,1326,evacuee,,Evacuee;184;in triage state;B;is at the evacuation site
13380,1328,filterLoc,,
13380,1329,evacuee,,Evacuee;185;in triage state;B;is at the evacuation site
13380,1331,filterLoc,,
13380,1332,evacuee,,Evacuee;186;in triage state;G;is at the FOL
13380,1334,filterLoc,,
13380,1335,evacuee,,Evacuee;417;in triage state;G;is at the FOL
13380,1337,filterLoc,,
13380,1338,evacuee,,Evacuee;217;in triage state;G;is at the FOL
13380,1340,filterLoc,,
13380,1341,evacuee,,Evacuee;189;in triage state;G;is at the FOL
13380,1343,filterLoc,,
13380,1344,evacuee,,Evacuee;253;in triage state;G;is at the FOL
13380,1346,filterLoc,,
13380,1347,evacuee,,Evacuee;191;in triage state;G;is at the FOL
13380,1349,filterLoc,,
13380,1350,evacuee,,Evacuee;314;in triage state;G;is at the FOL
13380,1352,filterLoc,,
13380,1353,evacuee,,Evacuee;249;in triage state;B;is at the evacuation site
13380,1355,filterLoc,,
13380,1356,evacuee,,Evacuee;193;in triage state;B;is at the evacuation site
13380,1358,filterLoc,,
13380,1359,evacuee,,Evacuee;195;in triage state;B;is at the evacuation site
13380,1361,filterLoc,,
13380,1362,evacuee,,Evacuee;399;in triage state;B;is at the evacuation site
13380,1364,filterLoc,,
13380,1365,evacuee,,Evacuee;197;in triage state;B;is at the evacuation site
13380,1367,filterLoc,,
13380,1368,evacuee,,Evacuee;450;in triage state;B;is at the evacuation site
13380,1370,filterLoc,,
13380,1371,evacuee,,Evacuee;252;in triage state;B;is at the evacuation site
13380,1373,filterLoc,,
13380,1374,evacuee,,Evacuee;329;in triage state;B;is at the evacuation site
13380,1376,filterLoc,,
13380,1377,evacuee,,Evacuee;201;in triage state;B;is at the evacuation site
13380,1379,filterLoc,,
13380,1380,evacuee,,Evacuee;11;in triage state;B;is at the evacuation site
13380,1382,filterLoc,,
13380,1383,evacuee,,Evacuee;202;in triage state;B;is at the evacuation site
13380,1385,filterLoc,,
13380,1386,evacuee,,Evacuee;390;in triage state;B;is at the evacuation site
13380,1388,filterLoc,,
13380,1389,evacuee,,Evacuee;204;in triage state;B;is at the evacuation site
13380,1391,filterLoc,,
13380,1392,evacuee,,Evacuee;275;in triage state;B;is at the evacuation site
13380,1394,filterLoc,,
13380,1395,evacuee,,Evacuee;205;in triage state;B;is at the evacuation site
13380,1397,filterLoc,,
13380,1398,evacuee,,Evacuee;323;in triage state;B;is at the evacuation site
13380,1400,filterLoc,,
13380,1401,evacuee,,Evacuee;180;in triage state;G;is at the FOL
13380,1403,filterLoc,,
13380,1404,evacuee,,Evacuee;206;in triage state;G;is at the FOL
13380,1406,filterLoc,,
13380,1407,evacuee,,Evacuee;69;in triage state;G;is at the FOL
13380,1409,filterLoc,,
13380,1410,evacuee,,Evacuee;207;in triage state;G;is at the FOL
13380,1412,filterLoc,,
13380,1413,evacuee,,Evacuee;27;in triage state;G;is at the FOL
13380,1415,filterLoc,,
13380,1416,evacuee,,Evacuee;211;in triage state;G;is at the FOL
13380,1418,filterLoc,,
13380,1419,evacuee,,Evacuee;294;in triage state;G;is at the FOL
13380,1421,filterLoc,,
13380,1422,evacuee,,Evacuee;214;in triage state;B;is at the evacuation site
13380,1424,filterLoc,,
13380,1425,evacuee,,Evacuee;12;in triage state;B;is at the evacuation site
13380,1427,filterLoc,,
13380,1428,evacuee,,Evacuee;216;in triage state;B;is at the evacuation site
13380,1430,filterLoc,,
13380,1431,evacuee,,Evacuee;219;in triage state;B;is at the evacuation site
13380,1433,filterLoc,,
13380,1434,evacuee,,Evacuee;221;in triage state;B;is at the evacuation site
13380,1436,filterLoc,,
13380,1437,evacuee,,Evacuee;224;in triage state;B;is at the evacuation site
13380,1439,filterLoc,,
13380,1440,evacuee,,Evacuee;339;in triage state;B;is at the evacuation site
13380,1442,filterLoc,,
13380,1443,evacuee,,Evacuee;225;in triage state;B;is at the evacuation site
13380,1445,filterLoc,,
13380,1446,evacuee,,Evacuee;164;in triage state;B;is at the evacuation site
13380,1448,filterLoc,,
13380,1449,evacuee,,Evacuee;226;in triage state;B;is at the evacuation site
13380,1451,filterLoc,,
13380,1452,evacuee,,Evacuee;464;in triage state;B;is at the evacuation site
13380,1454,filterLoc,,
13380,1455,evacuee,,Evacuee;227;in triage state;B;is at the evacuation site
13380,1457,filterLoc,,
13380,1458,evacuee,,Evacuee;267;in triage state;B;is at the evacuation site
13380,1460,filterLoc,,
13380,1461,evacuee,,Evacuee;73;in triage state;B;is at the evacuation site
13380,1463,filterLoc,,
13380,1464,evacuee,,Evacuee;233;in triage state;B;is at the evacuation site
13380,1466,filterLoc,,
13380,1467,evacuee,,Evacuee;236;in triage state;B;is at the evacuation site
13380,1469,filterLoc,,
13380,1470,evacuee,,Evacuee;7;in triage state;G;is at the FOL
13380,1472,filterLoc,,
13380,1473,evacuee,,Evacuee;237;in triage state;G;is at the FOL
13380,1475,filterLoc,,
13380,1476,evacuee,,Evacuee;238;in triage state;G;is at the FOL
13380,1478,filterLoc,,
13380,1479,evacuee,,Evacuee;113;in triage state;G;is at the FOL
13380,1481,filterLoc,,
13380,1482,evacuee,,Evacuee;239;in triage state;G;is at the FOL
13380,1484,filterLoc,,
13380,1485,evacuee,,Evacuee;243;in triage state;G;is at the FOL
13380,1487,filterLoc,,
13380,1488,evacuee,,Evacuee;96;in triage state;G;is at the FOL
13380,1490,filterLoc,,
13380,1491,evacuee,,Evacuee;244;in triage state;B;is at the evacuation site
13380,1493,filterLoc,,
13380,1494,evacuee,,Evacuee;247;in triage state;B;is at the evacuation site
13380,1496,filterLoc,,
13380,1497,evacuee,,Evacuee;59;in triage state;B;is at the evacuation site
13380,1499,filterLoc,,
13380,1500,evacuee,,Evacuee;248;in triage state;B;is at the evacuation site
13380,1502,filterLoc,,
13380,1503,evacuee,,Evacuee;467;in triage state;B;is at the evacuation site
13380,1505,filterLoc,,
13380,1506,evacuee,,Evacuee;298;in triage state;B;is at the evacuation site
13380,1508,filterLoc,,
13380,1509,evacuee,,Evacuee;254;in triage state;B;is at the evacuation site
13380,1511,filterLoc,,
13380,1512,evacuee,,Evacuee;257;in triage state;B;is at the evacuation site
13380,1514,filterLoc,,
13380,1515,evacuee,,Evacuee;210;in triage state;B;is at the evacuation site
13380,1517,filterLoc,,
13380,1518,evacuee,,Evacuee;258;in triage state;B;is at the evacuation site
